20230717,密云,古北口镇,101116692396,龙湖长城源著2号院无抵押 过户快必看好房,72万,19748元/平,低楼层 (共7层) 1室1厅 | 36.46平米 | 西,https://ke-image.ljcdn.com/110000-inspection/pc1_ng2up0sbP_1.jpg!m_fill,w_280,h_210,f_jpg?from=ke.com
20230717,密云,古北口镇,101118712431,司马台长城脚下 依山傍水 古北水镇 环境优美必看好房,101万,15585元/平,高楼层 (共9层) | 2015年建 | 1室1厅 | 64.81平米 | 南 北,https://ke-image.ljcdn.com/110000-inspection/pc1_yi2b0HNbp.jpg!m_fill,w_280,h_210,f_jpg?from=ke.com
20230717,密云,古北口镇,101118511664,古北水镇旁 70年产权普通住宅 环境优美必看好房,105万,13305元/平,底层 (共8层) 2室1厅 | 78.92平米 | 东 西,https://ke-image.ljcdn.com/110000-inspection/pc1_DZjIiGtX0.jpg!m_fill,w_280,h_210,f_jpg?from=ke.com
20230717,密云,古北口镇,101119787783,精装修商品房诚意出售看房提前联系,78万,19011元/平,中楼层 (共6层) 1室1厅 | 41.03平米 | 南,https://ke-image.ljcdn.com/110000-inspection/pc1_hXfaLUlum.jpg!m_fill,w_280,h_210,f_jpg?from=ke.com
20230717,密云,古北口镇,101119163675,本房业主诚心卖随时签约看房方便,78万,21411元/平,中楼层 (共6层) 1室0厅 | 36.43平米 | 东,https://ke-image.ljcdn.com/110000-inspection/pc1_04TCHJzBb.jpg!m_fill,w_280,h_210,f_jpg?from=ke.com
20230717,密云,古北口镇,101119016208,龙湖长城源著2号院 精装修 朝南采光好 楼层好,80万,21793元/平,中楼层 (共6层) 1室1厅 | 36.71平米 | 南,https://ke-image.ljcdn.com/110000-inspection/pc1_TH1fGVxdA.jpg!m_fill,w_280,h_210,f_jpg?from=ke.com
20230717,密云,古北口镇,101118801743,70年产权龙湖长城源著 精装 诚意出售 随时签约,85万,23256元/平,中楼层 (共6层) 1室1厅 | 36.55平米 | 西,https://ke-image.ljcdn.com/110000-inspection/pc1_zNTaunv0v.jpg!m_fill,w_280,h_210,f_jpg?from=ke.com
20230717,密云,古北口镇,101118570748,龙湖长城源著1号院 1室1厅 东,108万,26720元/平,中楼层 (共8层) | 2015年建 | 1室1厅 | 40.42平米 | 东,https://ke-image.ljcdn.com/110000-inspection/pc1_G1B8gL6BR_1.jpg!m_fill,w_280,h_210,f_jpg?from=ke.com
20230717,密云,古北口镇,101118348273,古北水镇电梯洋房环境优美龙湖物业70年产权。房主自荐,78.8万,19347元/平,中楼层 (共6层) 1室1厅 | 40.73平米 | 南,https://ke-image.ljcdn.com/110000-inspection/pc1_s3wtfYxZv_1.jpg!m_fill,w_280,h_210,f_jpg?from=ke.com
20230717,密云,古北口镇,101118296877,龙湖长城源著2号院 精装修 独立两居,105万,16790元/平,底层 (共5层) 2室1厅 | 62.54平米 | 南,https://ke-image.ljcdn.com/110000-inspection/pc1_UhDQLqeMn.jpg!m_fill,w_280,h_210,f_jpg?from=ke.com
20230717,密云,古北口镇,101117274579,此房70年产权楼层好采光充足精装修.,86.86万,23824元/平,中楼层 (共7层) 1室1厅 | 36.46平米 | 东,https://ke-image.ljcdn.com/110000-inspection/pc1_6sDbpZGg4.jpg!m_fill,w_280,h_210,f_jpg?from=ke.com
20230717,密云,古北口镇,101116980199,龙湖长城源著2号院70年产权。房主自荐,83万,13034元/平,底层 (共3层) 2室1厅 | 63.68平米 | 南 北,https://ke-image.ljcdn.com/110000-inspection/pc1_h9go4PjGq_1.jpg!m_fill,w_280,h_210,f_jpg?from=ke.com
20230717,密云,古北口镇,101116972591,本房业主诚心卖随时签约看房方便,108万,18548元/平,高楼层 (共6层) 1室1厅 | 58.23平米 | 东,https://ke-image.ljcdn.com/110000-inspection/pc1_tTonJYLVQ_1.jpg!m_fill,w_280,h_210,f_jpg?from=ke.com
20230717,密云,古北口镇,101116930953,龙湖长城源著2号院 观景电梯房 楼层好 70年产权,100万,20683元/平,中楼层 (共7层) 1室0厅 | 48.35平米 | 东,https://ke-image.ljcdn.com/110000-inspection/pc1_PKZAQE1GM_1.jpg!m_fill,w_280,h_210,f_jpg?from=ke.com
20230717,密云,古北口镇,101116882981,龙湖长城源著2号院 观景电梯房  楼层好 70年产权,83万,22586元/平,高楼层 (共6层) 1室0厅 | 36.75平米 | 东,https://ke-image.ljcdn.com/110000-inspection/pc1_ljcSEerpa_1.jpg!m_fill,w_280,h_210,f_jpg?from=ke.com
20230717,密云,古北口镇,101116845445,本房业主诚心卖随时签约看房方便,83万,22809元/平,中楼层 (共6层) | 2018年建 | 1室0厅 | 36.39平米 | 西,https://ke-image.ljcdn.com/110000-inspection/pc1_zQhxQMAZf_1.jpg!m_fill,w_280,h_210,f_jpg?from=ke.com
20230717,密云,古北口镇,101116844936,龙湖长城源著观景洋房精装修商品房70年产权。房主自荐,90万,22534元/平,底层 (共8层) | 2015年建 | 1室0厅 | 39.94平米 | 东,https://ke-image.ljcdn.com/110000-inspection/pc1_x9Gzl6nCe_1.jpg!m_fill,w_280,h_210,f_jpg?from=ke.com
20230717,密云,古北口镇,101116812900,龙湖长城源著2号院  朝向南向 适合度假,77万,18905元/平,低楼层 (共6层) 1室1厅 | 40.73平米 | 南,https://ke-image.ljcdn.com/110000-inspection/pc1_C4DXOg2wn_1.jpg!m_fill,w_280,h_210,f_jpg?from=ke.com
20230717,密云,古北口镇,101116594934,龙湖长城源著2号院 户型方正 洋房一居房主自荐,75万,20611元/平,中楼层 (共6层) 1室0厅 | 36.39平米 | 西,https://ke-image.ljcdn.com/110000-inspection/pc1_iJ2L0tbwD.jpg!m_fill,w_280,h_210,f_jpg?from=ke.com
20230717,密云,古北口镇,101116403778,龙湖长城源著2号院 精装修两居户型方正随时签约看房,110万,17299元/平,底层 (共4层) 2室1厅 | 63.59平米 | 南 北,https://ke-image.ljcdn.com/110000-inspection/pc1_vzUzN1XBl.jpg!m_fill,w_280,h_210,f_jpg?from=ke.com
20230717,密云,古北口镇,101116113716,龙湖长城源著2号院 正规一居 精装修 70年产权,92万,16670元/平,底层 (共6层) | 2018年建 | 1室1厅 | 55.19平米 | 东,https://ke-image.ljcdn.com/110000-inspection/pc1_k6tcNYlt3_1.jpg!m_fill,w_280,h_210,f_jpg?from=ke.com
20230717,密云,古北口镇,101115920372,精装修无遮挡视野好观景洋房70年住宅,98万,12320元/平,中楼层 (共4层) | 2018年建 | 2室2厅 | 79.55平米 | 南 北,https://ke-image.ljcdn.com/110000-inspection/pc1_ozmGOxXw6_1.jpg!m_fill,w_280,h_210,f_jpg?from=ke.com
20230717,密云,古北口镇,101114946983,龙湖长城源著2号院 叠院两居 户型方正房主自荐,115万,14457元/平,低楼层 (共3层) | 2019年建 | 2室1厅 | 79.55平米 | 南 北,https://ke-image.ljcdn.com/110000-inspection/pc1_6SAwuEvbD.jpg!m_fill,w_280,h_210,f_jpg?from=ke.com
20230717,密云,古北口镇,101114649782,龙湖长城源著2号院 看房方便 景色优美,103万,12134元/平,中楼层 (共6层) | 2018年建 | 2室2厅 | 84.89平米 | 南 北,https://ke-image.ljcdn.com/110000-inspection/pc1_SlYIfA1PV.jpg!m_fill,w_280,h_210,f_jpg?from=ke.com
20230717,密云,古北口镇,101114368745,龙湖长城源著观景洋房精装修商品房70年产权。,83.8万,23029元/平,中楼层 (共6层) | 2018年建 | 1室0厅 | 36.39平米 | 东,https://ke-image.ljcdn.com/110000-inspection/pc1_4uXAziQBq.jpg!m_fill,w_280,h_210,f_jpg?from=ke.com
20230717,密云,古北口镇,101114105542,龙湖长城源著1号院 采光好 精装修 70年产权,128万,16136元/平,高楼层 (共8层) | 2015年建 | 2室1厅 | 79.33平米 | 东 西,https://ke-image.ljcdn.com/110000-inspection/pc1_BzKLiojgF_1.jpg!m_fill,w_280,h_210,f_jpg?from=ke.com
20230717,密云,古北口镇,101113196196,龙湖长城源著2号院 南北通透格局 视野宽阔房主自荐,106万,12935元/平,中楼层 (共5层) 2室1厅 | 81.95平米 | 南 北,https://ke-image.ljcdn.com/110000-inspection/pc1_jTbQYGEjc_1.jpg!m_fill,w_280,h_210,f_jpg?from=ke.com
20230717,密云,古北口镇,101112785163,此房无抵押看房方便随时签约精装修观景洋房房主自荐,132万,16839元/平,中楼层 (共8层) | 2015年建 | 2室1厅 | 78.39平米 | 东 西,https://ke-image.ljcdn.com/110000-inspection/pc1_QR7fgGqII_1.jpg!m_fill,w_280,h_210,f_jpg?from=ke.com
20230717,密云,古北口镇,101112776583,物业品质好景观好便于居住小复式景观好。,110万,13828元/平,中楼层 (共4层) 2室1厅 | 79.55平米 | 南 北,https://ke-image.ljcdn.com/110000-inspection/pc1_b6yafXhht_1.jpg!m_fill,w_280,h_210,f_jpg?from=ke.com
20230717,密云,古北口镇,101112776307,商品房 精装两居 南北通透 拎包入住 品质物业,121万,15436元/平,底层 (共8层) | 2015年建 | 2室1厅 | 78.39平米 | 南 北,https://ke-image.ljcdn.com/110000-inspection/pc1_2htqu3Inj_1.jpg!m_fill,w_280,h_210,f_jpg?from=ke.com
20230717,密云,古北口镇,101112761521,龙湖长城源著观景别墅精装修商品房70年产权。,125万,15757元/平,中楼层 (共8层) | 2015年建 | 2室2厅 | 79.33平米 | 东 西,https://ke-image.ljcdn.com/110000-inspection/pc1_iM1kC4jTY_1.jpg!m_fill,w_280,h_210,f_jpg?from=ke.com
20230717,密云,古北口镇,101110135333,龙湖长城源著2号院环境好房子精装修可以直接入住,115万,19750元/平,底层 (共6层) | 2018年建 | 1室1厅 | 58.23平米 | 东,https://ke-image.ljcdn.com/110000-inspection/pc1_2zEWUkQ4u_1.jpg!m_fill,w_280,h_210,f_jpg?from=ke.com
20230717,密云,古北口镇,101119811935,古北水镇洋房出租度假龙湖自持物业70年产权,81万,22235元/平,高楼层 (共6层) | 2016年建 | 1室1厅 | 36.43平米 | 东,https://ke-image.ljcdn.com/110000-inspection/pc1_ptaAPUfs3.jpg!m_fill,w_280,h_210,f_jpg?from=ke.com
20230717,密云,古北口镇,101119150414,此房属于精装修的面积比较适中就在风景区里面适合度假,106万,12707元/平,中楼层 (共4层) | 2018年建 | 2室1厅 | 83.42平米 | 南 北,https://ke-image.ljcdn.com/110000-inspection/pc1_NeRdIUYua_1.jpg!m_fill,w_280,h_210,f_jpg?from=ke.com
20230717,密云,古北口镇,101119001318,龙湖长城源著一期 叠院户型 位置好 环境优美 诚意出售房主自荐,107万,21281元/平,低楼层 (共3层) 2室2厅 | 50.28平米 | 南 北,https://ke-image.ljcdn.com/110000-inspection/pc1_jNhAJzupI.jpg!m_fill,w_280,h_210,f_jpg?from=ke.com
20230717,密云,古北口镇,101118981168,龙湖长城源著1号院业主诚心出售  此楼在小区门中间,90万,33396元/平,底层 (共8层) 1室1厅 | 26.95平米 | 东,https://ke-image.ljcdn.com/110000-inspection/pc1_LllLLcfL0.jpg!m_fill,w_280,h_210,f_jpg?from=ke.com
20230717,密云,古北口镇,101118801191,龙湖长城源著2号院 南北视野无遮挡 户型方正,103万,12320元/平,中楼层 (共5层) | 2018年建 | 2室1厅 | 83.61平米 | 南 北,https://ke-image.ljcdn.com/110000-inspection/pc1_OV0Ho5IZB.jpg!m_fill,w_280,h_210,f_jpg?from=ke.com
20230717,密云,古北口镇,101118546125,古北水镇洋房龙湖自持物业70年产权,75万,22957元/平,顶层 (共6层) | 2018年建 | 1室0厅 | 32.67平米 | 西,https://ke-image.ljcdn.com/110000-inspection/pc1_nz6D4Zsmw_1.jpg!m_fill,w_280,h_210,f_jpg?from=ke.com
20230717,密云,古北口镇,101118321672,龙湖长城源著1号院 户型方正 环境优美 视野开阔管理好必看好房,114万,14349元/平,中楼层 (共8层) 2室1厅 | 79.45平米 | 东南 西北,https://ke-image.ljcdn.com/110000-inspection/pc1_OV6zTLqpJ_1.jpg!m_fill,w_280,h_210,f_jpg?from=ke.com
20230717,密云,古北口镇,101117869671,古北水镇观景别墅依山傍水环境优美70年产权。房主自荐,129万,16457元/平,底层 (共8层) 2室1厅 | 78.39平米 | 东 西,https://ke-image.ljcdn.com/110000-inspection/pc1_EMkhWyW1v_1.jpg!m_fill,w_280,h_210,f_jpg?from=ke.com
20230717,密云,古北口镇,101117291177,此房70年产权纯朝南向楼层好采光充足精装修.房主自荐,80.9万,19844元/平,中楼层 (共6层) 1室1厅 | 40.77平米 | 南,https://ke-image.ljcdn.com/110000-inspection/pc1_nQZnF0GRd.jpg!m_fill,w_280,h_210,f_jpg?from=ke.com
20230717,密云,古北口镇,101117273257,龙湖长城源著观景洋房精装修商品房70年产权。,111万,13993元/平,底层 (共9层) 2室1厅 | 79.33平米 | 南 北,https://ke-image.ljcdn.com/110000-inspection/pc1_RKAMAyXbJ.jpg!m_fill,w_280,h_210,f_jpg?from=ke.com
20230717,密云,古北口镇,101117186641,龙湖2期 70年产权商品房普通住宅,77万,21160元/平,中楼层 (共6层) 1室0厅 | 36.39平米 | 西,https://ke-image.ljcdn.com/110000-inspection/pc1_Engd8r9oi.jpg!m_fill,w_280,h_210,f_jpg?from=ke.com
20230717,密云,古北口镇,101116873242,北水镇洋房依山傍水出租70年产权。,138万,21294元/平,高楼层 (共8层) | 2015年建 | 1室1厅 | 64.81平米 | 南 北,https://ke-image.ljcdn.com/110000-inspection/pc1_3MWQ2XQs6.jpg!m_fill,w_280,h_210,f_jpg?from=ke.com
20230717,密云,古北口镇,101116459078,商品房满2年小区环境好物业管理好房主自荐,81.9万,22402元/平,顶层 (共6层) | 2018年建 | 1室0厅 | 36.56平米 | 南,https://ke-image.ljcdn.com/110000-inspection/pc1_2PAqzNmPl.jpg!m_fill,w_280,h_210,f_jpg?from=ke.com
20230717,密云,古北口镇,101112975195,龙湖长城源著2号院小区环境优美,86万,26300元/平,顶层 (共6层) | 2018年建 | 1室0厅 | 32.7平米 | 西,https://ke-image.ljcdn.com/110000-inspection/pc1_Q7Pf5fWvr_1.jpg!m_fill,w_280,h_210,f_jpg?from=ke.com
20230717,密云,古北口镇,101119982478,古北水镇 依山傍水龙湖自持物业70年产权,82.8万,20329元/平,中楼层 (共6层) 1室1厅 | 40.73平米 | 南,https://s1.ljcdn.com/pegasus/redskull/images/common/default_house_list.png?_v=20230627184713780
20230717,密云,古北口镇,101119923201,70年产权 本房业主诚心卖随时签约看房方便,73万,20039元/平,中楼层 (共6层) 1室1厅 | 36.43平米 | 西,https://s1.ljcdn.com/pegasus/redskull/images/common/default_house_list.png?_v=20230627184713780
20230717,密云,古北口镇,101119857745,龙湖长城源著2号院 洋房一居 诚心出售,80万,21960元/平,中楼层 (共6层) 1室0厅 | 36.43平米 | 西,https://ke-image.ljcdn.com/110000-inspection/pc1_cuMBpgc9t.jpg!m_fill,w_280,h_210,f_jpg?from=ke.com
20230717,密云,古北口镇,101119754188,龙湖长城源著1号院 2室1厅 南,130万,16301元/平,底层 (共3层) 2室1厅 | 79.75平米 | 南,https://ke-image.ljcdn.com/110000-inspection/pc1_zZn718xnG.jpg!m_fill,w_280,h_210,f_jpg?from=ke.com
20230717,密云,古北口镇,101119726312,70年产权本房业主诚心卖随时签约看房房方便,82万,22436元/平,中楼层 (共6层) 1室1厅 | 36.55平米 | 东,https://ke-image.ljcdn.com/110000-inspection/pc1_cpqmG0ZlY.jpg!m_fill,w_280,h_210,f_jpg?from=ke.com
20230717,密云,古北口镇,101119661541,70年产权本房业主诚心卖随时签约看房方便,82万,22491元/平,低楼层 (共7层) | 2017年建 | 1室0厅 | 36.46平米 | 东,https://ke-image.ljcdn.com/110000-inspection/pc1_51VfshSa4.jpg!m_fill,w_280,h_210,f_jpg?from=ke.com
20230717,密云,古北口镇,101119435007,龙湖长城源著2号院 有电梯 小区环境好,115万,19750元/平,中楼层 (共6层) 1室1厅 | 58.23平米 | 西,https://ke-image.ljcdn.com/110000-inspection/pc1_X8NO9r6Z0.jpg!m_fill,w_280,h_210,f_jpg?from=ke.com
20230717,密云,古北口镇,101119433019,龙湖长城源著2号院 视野和采光好 精装 诚心出售,120万,20697元/平,中楼层 (共6层) 1室1厅 | 57.98平米 | 南,https://ke-image.ljcdn.com/110000-inspection/pc1_5d8fOWsPI.jpg!m_fill,w_280,h_210,f_jpg?from=ke.com
20230717,密云,古北口镇,101119376224,70年产权 本房业主诚心卖随时签约看房方便,82.8万,22710元/平,低楼层 (共7层) 1室1厅 | 36.46平米 | 东,https://ke-image.ljcdn.com/110000-inspection/pc1_sjjTIdTu8_1.jpg!m_fill,w_280,h_210,f_jpg?from=ke.com
20230717,密云,古北口镇,101119305966,龙湖长城源著2号院  观景洋房 精装修 商品房70年产权,99万,16854元/平,中楼层 (共6层) 1室1厅 | 58.74平米 | 东,https://ke-image.ljcdn.com/110000-inspection/pc1_DkzAAxDvH_1.jpg!m_fill,w_280,h_210,f_jpg?from=ke.com
20230717,密云,古北口镇,101119297878,龙湖长城源著2号院观景好房楼层好视野开阔,82万,22338元/平,高楼层 (共6层) 1室0厅 | 36.71平米 | 西,https://ke-image.ljcdn.com/110000-inspection/pc1_GL3kJvX8d.jpg!m_fill,w_280,h_210,f_jpg?from=ke.com
20230717,密云,古北口镇,101119247186,龙湖长城源著2号院 精装修平层两居 业主诚心出售,100万,15729元/平,底层 (共5层) 2室1厅 | 63.58平米 | 南 北,https://ke-image.ljcdn.com/110000-inspection/pc1_qfJaMCDMc.jpg!m_fill,w_280,h_210,f_jpg?from=ke.com
20230717,密云,古北口镇,101119246179,龙湖长城源著2号院 洋房一居 看山景,81万,22198元/平,低楼层 (共6层) | 2018年建 | 1室0厅 | 36.49平米 | 西,https://ke-image.ljcdn.com/110000-inspection/pc1_G8l4GrJe7_1.jpg!m_fill,w_280,h_210,f_jpg?from=ke.com
20230717,密云,古北口镇,101119162465,龙湖长城源著1号院精装修可拎包入住 低楼层 出入方便,238万,29806元/平,底层 (共3层) | 2015年建 | 2室1厅 | 79.85平米 | 南 北,https://ke-image.ljcdn.com/110000-inspection/pc1_qY4QpGcbh_1.jpg!m_fill,w_280,h_210,f_jpg?from=ke.com
20230717,密云,古北口镇,101119160782,龙湖长城源著2号院 洋房一居 诚意出售 随时签约,85万,23359元/平,底层 (共6层) 1室1厅 | 36.39平米 | 西,https://ke-image.ljcdn.com/110000-inspection/pc1_V7Yhhm32K_1.jpg!m_fill,w_280,h_210,f_jpg?from=ke.com
20230717,密云,古北口镇,101119149197,龙湖长城源著2号院 精装修 小区环境优美 物业服务好,83万,22765元/平,低楼层 (共7层) 1室1厅 | 36.46平米 | 西,https://ke-image.ljcdn.com/110000-inspection/pc1_wPdpX6VWb.jpg!m_fill,w_280,h_210,f_jpg?from=ke.com
20230717,密云,古北口镇,101119146456,龙湖长城源著2号院 精装修正南向 70产权有电梯,99万,16875元/平,中楼层 (共6层) 1室1厅 | 58.67平米 | 南,https://ke-image.ljcdn.com/110000-inspection/pc1_Z1vuyz2Bi.jpg!m_fill,w_280,h_210,f_jpg?from=ke.com
20230717,密云,古北口镇,101119105709,龙湖长城源著2号院 1室1厅 东,123万,22091元/平,低楼层 (共6层) 1室1厅 | 55.68平米 | 东,https://ke-image.ljcdn.com/110000-inspection/pc1_X2XeKUvya.jpg!m_fill,w_280,h_210,f_jpg?from=ke.com
20230717,密云,古北口镇,101119052270,龙湖长城源著2号院  普通住宅精装修房主自荐,85万,26018元/平,顶层 (共6层) 1室0厅 | 32.67平米 | 南,https://ke-image.ljcdn.com/110000-inspection/pc1_3imZmccbp.jpg!m_fill,w_280,h_210,f_jpg?from=ke.com
20230717,密云,古北口镇,101119012138,龙湖长城源著2号院    密云  采光好,76.5万,21000元/平,低楼层 (共6层) 1室1厅 | 36.43平米 | 东,https://ke-image.ljcdn.com/110000-inspection/pc1_nwvmwX3Hv_1.jpg!m_fill,w_280,h_210,f_jpg?from=ke.com
20230717,密云,古北口镇,101119009505,龙湖长城源著2号院 独立一居室,85万,15388元/平,低楼层 (共6层) 1室1厅 | 55.24平米 | 东,https://ke-image.ljcdn.com/110000-inspection/pc1_UX05lQLLi_1.jpg!m_fill,w_280,h_210,f_jpg?from=ke.com
20230717,密云,古北口镇,101118995568,龙湖长城源著2号院 诚心出售 看房方便,73万,19886元/平,底层 (共6层) 1室0厅 | 36.71平米 | 西,https://ke-image.ljcdn.com/110000-inspection/pc1_Qlbe0yfhQ_1.jpg!m_fill,w_280,h_210,f_jpg?from=ke.com
20230717,密云,古北口镇,101118933239,龙湖长城源著2号院 高层大产权,83.5万,23305元/平,顶层 (共6层) 1室1厅 | 35.83平米 | 南,https://ke-image.ljcdn.com/110000-inspection/pc1_tnqNNhPAY.jpg!m_fill,w_280,h_210,f_jpg?from=ke.com
20230717,密云,古北口镇,101118877256,龙湖长城源著2号院精装南向开间房主自荐,81万,19761元/平,中楼层 (共6层) 1室0厅 | 40.99平米 | 南,https://ke-image.ljcdn.com/110000-inspection/pc1_LuvR04nTL_1.jpg!m_fill,w_280,h_210,f_jpg?from=ke.com
20230717,密云,古北口镇,101118841120,70年产权有电梯 此房位于二期环境好优美观赏山景,74.9万,20560元/平,低楼层 (共6层) | 2016年建 | 1室1厅 | 36.43平米 | 西,https://ke-image.ljcdn.com/110000-inspection/pc1_8EGuUFxea_1.jpg!m_fill,w_280,h_210,f_jpg?from=ke.com
20230717,密云,古北口镇,101118790610,古北水镇观景别墅依山傍水环境优美70年产权。,200万,25117元/平,底层 (共3层) | 2015年建 | 2室1厅 | 79.63平米 | 南 北,https://ke-image.ljcdn.com/110000-inspection/pc1_l8RE03AsB.jpg!m_fill,w_280,h_210,f_jpg?from=ke.com
20230717,密云,古北口镇,101118731264,龙湖长城源著2号院   密云区,99万,16987元/平,高楼层 (共6层) | 2018年建 | 1室1厅 | 58.28平米 | 西,https://ke-image.ljcdn.com/110000-inspection/pc1_BHUqwzVlz.jpg!m_fill,w_280,h_210,f_jpg?from=ke.com
20230717,密云,古北口镇,101118682232,70年产权北京国际旅游度假区旁小区环境好物业管理好,115万,18011元/平,底层 (共4层) 2室1厅 | 63.85平米 | 南 北,https://ke-image.ljcdn.com/110000-inspection/pc1_JG6XRVRkt.jpg!m_fill,w_280,h_210,f_jpg?from=ke.com
20230717,密云,古北口镇,101118636008,70年产权龙湖长城源著 精装 诚意出售 随时签约,148万,26954元/平,中楼层 (共7层) 2室1厅 | 54.91平米 | 东,https://ke-image.ljcdn.com/110000-inspection/pc1_MO0kmPzVE.jpg!m_fill,w_280,h_210,f_jpg?from=ke.com
20230717,密云,古北口镇,101118633543,70年产权有电梯 此房位于二期环境好优美观赏山景,83.8万,20555元/平,低楼层 (共6层) 1室1厅 | 40.77平米 | 南,https://ke-image.ljcdn.com/110000-inspection/pc1_2Lldtcrxr.jpg!m_fill,w_280,h_210,f_jpg?from=ke.com
20230717,密云,古北口镇,101118591867,龙湖长城源著2号院 观景电梯房 楼层好 70年产权,78万,19030元/平,中楼层 (共6层) 1室0厅 | 40.99平米 | 南,https://ke-image.ljcdn.com/110000-inspection/pc1_KeAToIegb.jpg!m_fill,w_280,h_210,f_jpg?from=ke.com
20230717,密云,古北口镇,101118589861,龙湖长城源著2号院 观景电梯房一居  楼层好 70年产权,89万,16127元/平,高楼层 (共6层) 1室1厅 | 55.19平米 | 东,https://ke-image.ljcdn.com/110000-inspection/pc1_ErzUUsUfb_1.jpg!m_fill,w_280,h_210,f_jpg?from=ke.com
20230717,密云,古北口镇,101118518478,70年产权物业品质好景观好普通住宅精装修。,83.9万,25456元/平,顶层 (共6层) 1室1厅 | 32.96平米 | 西,https://ke-image.ljcdn.com/110000-inspection/pc1_oAQyxJL2R.jpg!m_fill,w_280,h_210,f_jpg?from=ke.com
20230717,密云,古北口镇,101118506156,龙湖长城源著2号院 精装修一居室,85万,26018元/平,顶层 (共6层) 1室1厅 | 32.67平米 | 西,https://ke-image.ljcdn.com/110000-inspection/pc1_RijfmniIc.jpg!m_fill,w_280,h_210,f_jpg?from=ke.com
20230717,密云,古北口镇,101118499939,此房位于二期高地势环境好优美观赏山景,88万,23972元/平,底层 (共6层) 1室1厅 | 36.71平米 | 西,https://ke-image.ljcdn.com/110000-inspection/pc1_NWQWsrD89_1.jpg!m_fill,w_280,h_210,f_jpg?from=ke.com
20230717,密云,古北口镇,101118436904,龙湖长城源著2号院  环境优美 70年产权,77.5万,23701元/平,顶层 (共6层) 1室1厅 | 32.7平米 | 西,https://ke-image.ljcdn.com/110000-inspection/pc1_euDLu8u3n_1.jpg!m_fill,w_280,h_210,f_jpg?from=ke.com
20230717,密云,古北口镇,101118430896,龙湖长城源著2号院 正规一室一厅 可看长城景观,110万,19285元/平,中楼层 (共6层) 1室1厅 | 57.04平米 | 东,https://ke-image.ljcdn.com/110000-inspection/pc1_Bo4L9edEz_1.jpg!m_fill,w_280,h_210,f_jpg?from=ke.com
20230717,密云,古北口镇,101118427865,龙湖长城源著2号院 有电梯 小区环境好,76万,23263元/平,顶层 (共6层) 1室1厅 | 32.67平米 | 西,https://ke-image.ljcdn.com/110000-inspection/pc1_KvDCqG0Fg_1.jpg!m_fill,w_280,h_210,f_jpg?from=ke.com
20230717,密云,古北口镇,101118324199,龙湖长城源著1号院 依山傍水环境优美,112万,27710元/平,高楼层 (共8层) 1室1厅 | 40.42平米 | 南,https://ke-image.ljcdn.com/110000-inspection/pc1_2zMashfsi.jpg!m_fill,w_280,h_210,f_jpg?from=ke.com
20230717,密云,古北口镇,101118299580,龙湖自持物业品质好区内景观好普通住宅精装修。,78万,21435元/平,低楼层 (共6层) 1室1厅 | 36.39平米 | 西,https://ke-image.ljcdn.com/110000-inspection/pc1_YHMxxkZon_1.jpg!m_fill,w_280,h_210,f_jpg?from=ke.com
20230717,密云,古北口镇,101118280840,龙湖长城源著2号院70年产权2018年的楼龄新。,79.5万,24335元/平,顶层 (共6层) 1室1厅 | 32.67平米 | 西,https://ke-image.ljcdn.com/110000-inspection/pc1_CmV4pxFtl.jpg!m_fill,w_280,h_210,f_jpg?from=ke.com
20230717,密云,古北口镇,101118222467,此房位于二期高地势环境好优美观赏山景,93万,25396元/平,中楼层 (共7层) 1室0厅 | 36.62平米 | 西,https://ke-image.ljcdn.com/110000-inspection/pc1_H7lvgOSNi_1.jpg!m_fill,w_280,h_210,f_jpg?from=ke.com
20230717,密云,古北口镇,101118154643,商品房70年产权 精装修拎包入住随时签约,99万,17002元/平,高楼层 (共6层) 1室1厅 | 58.23平米 | 西,https://ke-image.ljcdn.com/110000-inspection/pc1_y9lIE8MD5.jpg!m_fill,w_280,h_210,f_jpg?from=ke.com
20230717,密云,古北口镇,101118089291,楼层好视野开阔采光充足配套设施齐全。,88万,24183元/平,中楼层 (共6层) | 2018年建 | 1室0厅 | 36.39平米 | 东,https://ke-image.ljcdn.com/110000-inspection/pc1_dv6MeNRtp.jpg!m_fill,w_280,h_210,f_jpg?from=ke.com
20230717,密云,古北口镇,101118053348,龙湖长城源著2号院 满二精装修一居 业主诚心卖,82万,22491元/平,中楼层 (共7层) 1室0厅 | 36.46平米 | 东,https://ke-image.ljcdn.com/110000-inspection/pc1_D0Ij3gCKj.jpg!m_fill,w_280,h_210,f_jpg?from=ke.com
20230717,密云,古北口镇,101118047413,龙湖长城源著2号院 洋房一居 满二精装修 业主诚心出售,80万,21918元/平,低楼层 (共7层) | 2018年建 | 1室0厅 | 36.5平米 | 东,https://ke-image.ljcdn.com/110000-inspection/pc1_UNcn8o14P.jpg!m_fill,w_280,h_210,f_jpg?from=ke.com
20230717,密云,古北口镇,101118003669,龙湖长城源著2号院 洋房一居 满二 精装修,88万,26912元/平,顶层 (共6层) | 2018年建 | 1室0厅 | 32.7平米 | 东,https://ke-image.ljcdn.com/110000-inspection/pc1_TJKLUP9YN.jpg!m_fill,w_280,h_210,f_jpg?from=ke.com
20230717,密云,古北口镇,101117989754,想把家按在景区里不龙湖长城源著2号院,85万,23155元/平,中楼层 (共6层) 1室0厅 | 36.71平米 | 东,https://ke-image.ljcdn.com/110000-inspection/pc1_PdeKjCgrO.jpg!m_fill,w_280,h_210,f_jpg?from=ke.com
20230717,密云,古北口镇,101117954118,龙湖长城源著2号院 洋房一居  户型方正,115万,31568元/平,中楼层 (共6层) | 2018年建 | 1室1厅 | 36.43平米 | 西,https://ke-image.ljcdn.com/110000-inspection/pc1_tn1tuiTZ5.jpg!m_fill,w_280,h_210,f_jpg?from=ke.com
20230717,密云,古北口镇,101117944631,龙湖长城源著2号院 观景电梯房 楼层好 70年产权,87万,23908元/平,低楼层 (共6层) 1室0厅 | 36.39平米 | 东,https://ke-image.ljcdn.com/110000-inspection/pc1_2zSnoNJfL.jpg!m_fill,w_280,h_210,f_jpg?from=ke.com
20230717,密云,古北口镇,101117924618,龙湖长城源著2号院 朝东开间风景优美,82万,25100元/平,顶层 (共6层) 1室0厅 | 32.67平米 | 东,https://ke-image.ljcdn.com/110000-inspection/pc1_OPy7IEug0.jpg!m_fill,w_280,h_210,f_jpg?from=ke.com
20230717,密云,古北口镇,101117884801,龙湖长城源著2号院70年产权,76万,23242元/平,顶层 (共6层) 1室0厅 | 32.7平米 | 西,https://ke-image.ljcdn.com/110000-inspection/pc1_TggOpbNge.jpg!m_fill,w_280,h_210,f_jpg?from=ke.com
20230717,密云,古北口镇,101117812882,龙湖长城源著2号院 户型方正 洋房一居,88万,23972元/平,底层 (共6层) 1室0厅 | 36.71平米 | 东,https://ke-image.ljcdn.com/110000-inspection/pc1_rkK7qQonw.jpg!m_fill,w_280,h_210,f_jpg?from=ke.com
20230717,密云,古北口镇,101117750663,龙湖长城源著1号院 楼层高 视野开阔 此楼在小区门口,92万,34138元/平,中楼层 (共9层) 1室1厅 | 26.95平米 | 南,https://ke-image.ljcdn.com/110000-inspection/pc1_7oBWHEJkc.jpg!m_fill,w_280,h_210,f_jpg?from=ke.com
20230717,密云,古北口镇,101117731837,北京国际旅游度假区旁小区环境好物业管理好,125万,19658元/平,底层 (共4层) 2室1厅 | 63.59平米 | 南 北,https://ke-image.ljcdn.com/110000-inspection/pc1_uuB8hdzsy.jpg!m_fill,w_280,h_210,f_jpg?from=ke.com
20230717,密云,古北口镇,101117670254,龙湖长城源著观景洋房精装修商品房70年产权。,98万,24246元/平,中楼层 (共8层) 1室0厅 | 40.42平米 | 南,https://ke-image.ljcdn.com/110000-inspection/pc1_Nlzgt7q1D.jpg!m_fill,w_280,h_210,f_jpg?from=ke.com
20230717,密云,古北口镇,101117650449,龙湖长城源著观景洋房精装修商品房70年产权。,88万,26912元/平,顶层 (共6层) 1室0厅 | 32.7平米 | 东,https://ke-image.ljcdn.com/110000-inspection/pc1_VG5aCHBQy.jpg!m_fill,w_280,h_210,f_jpg?from=ke.com
20230717,密云,古北口镇,101117540395,度假区旁商品房满2年小区环境好物业管理好房主自荐,77万,21160元/平,低楼层 (共6层) 1室0厅 | 36.39平米 | 西,https://ke-image.ljcdn.com/110000-inspection/pc1_di6WE7pzn.jpg!m_fill,w_280,h_210,f_jpg?from=ke.com
20230717,密云,古北口镇,101117394866,龙湖长城源著1号院古北水镇依山傍水,100万,25038元/平,中楼层 (共8层) | 2015年建 | 1室0厅 | 39.94平米 | 南,https://ke-image.ljcdn.com/110000-inspection/pc1_GGLfyHlJC.jpg!m_fill,w_280,h_210,f_jpg?from=ke.com
20230717,密云,古北口镇,101117267954,龙湖长城源著2号院 视野和采光好 精装 诚心出售,98万,16704元/平,底层 (共6层) | 2018年建 | 1室1厅 | 58.67平米 | 南,https://ke-image.ljcdn.com/110000-inspection/pc1_LNdMywd2N.jpg!m_fill,w_280,h_210,f_jpg?from=ke.com
20230717,密云,古北口镇,101117204634,龙湖长城源著2号院楼层好视野宽阔采光充足,73万,22304元/平,高楼层 (共7层) 1室0厅 | 32.73平米 | 东,https://ke-image.ljcdn.com/110000-inspection/pc1_kMgPOH3ER.jpg!m_fill,w_280,h_210,f_jpg?from=ke.com
20230717,密云,古北口镇,101117021529,70年产权商品房  东向可观长城 视野好,79万,24182元/平,顶层 (共6层) 1室0厅 | 32.67平米 | 东,https://ke-image.ljcdn.com/110000-inspection/pc1_cjSgF8eQ9_1.jpg!m_fill,w_280,h_210,f_jpg?from=ke.com
20230717,密云,古北口镇,101116978021,龙湖长城源著2号院龙湖自持物业70年产权,88万,13807元/平,中楼层 (共5层) 2室1厅 | 63.74平米 | 南 北,https://ke-image.ljcdn.com/110000-inspection/pc1_V1XK4FS0Y.jpg!m_fill,w_280,h_210,f_jpg?from=ke.com
20230717,密云,古北口镇,101116929120,龙湖长城源著2号院70年产权观景房,83万,22809元/平,底层 (共6层) 1室1厅 | 36.39平米 | 东,https://ke-image.ljcdn.com/110000-inspection/pc1_sZ3DlgUUR_1.jpg!m_fill,w_280,h_210,f_jpg?from=ke.com
20230717,密云,古北口镇,101116923056,本房业主诚心卖随时签约看房方便,106万,28946元/平,低楼层 (共7层) 1室0厅 | 36.62平米 | 西,https://ke-image.ljcdn.com/110000-inspection/pc1_TR5oUrcMl.jpg!m_fill,w_280,h_210,f_jpg?from=ke.com
20230717,密云,古北口镇,101116914818,龙湖长城源著1号院70年产权。,122万,15379元/平,中楼层 (共8层) | 2015年建 | 2室1厅 | 79.33平米 | 南 北,https://ke-image.ljcdn.com/110000-inspection/pc1_P2h8kGLXu_1.jpg!m_fill,w_280,h_210,f_jpg?from=ke.com
20230717,密云,古北口镇,101116886586,小区环境优美采光好户型南北通透,140万,22079元/平,底层 (共4层) 2室1厅 | 63.41平米 | 南 北,https://ke-image.ljcdn.com/110000-inspection/pc1_Y3OBNFNIA_1.jpg!m_fill,w_280,h_210,f_jpg?from=ke.com
20230717,密云,古北口镇,101116793996,龙湖长城源著1号院70年产权面积适中,135万,17222元/平,中楼层 (共8层) | 2015年建 | 2室2厅 | 78.39平米 | 南 北,https://ke-image.ljcdn.com/110000-inspection/pc1_90XlFUZTo.jpg!m_fill,w_280,h_210,f_jpg?from=ke.com
20230717,密云,古北口镇,101116634615,龙湖长城源著2号院 管理严格 环境优美 户型方正,85万,26018元/平,顶层 (共6层) | 2016年建 | 1室0厅 | 32.67平米 | 西,https://ke-image.ljcdn.com/110000-inspection/pc1_uWCr2az8F.jpg!m_fill,w_280,h_210,f_jpg?from=ke.com
20230717,密云,古北口镇,101116628516,古北水镇电梯洋房环境优美龙湖物业70年产权。,77万,20976元/平,高楼层 (共6层) 1室0厅 | 36.71平米 | 西,https://ke-image.ljcdn.com/110000-inspection/pc1_cJYt5mJdq.jpg!m_fill,w_280,h_210,f_jpg?from=ke.com
20230717,密云,古北口镇,101116628375,龙湖长城源著2号院70年产权龙湖自持物业,82.8万,22654元/平,底层 (共6层) 1室0厅 | 36.55平米 | 西,https://ke-image.ljcdn.com/110000-inspection/pc1_5jZg7L9JP_1.jpg!m_fill,w_280,h_210,f_jpg?from=ke.com
20230717,密云,古北口镇,101116609478,龙湖长城源著观景洋房精装修商品房70年产权。房主自荐,83万,17199元/平,低楼层 (共6层) 1室1厅 | 48.26平米 | 西,https://ke-image.ljcdn.com/110000-inspection/pc1_rgTeiOHDf.jpg!m_fill,w_280,h_210,f_jpg?from=ke.com
20230717,密云,古北口镇,101116554786,龙湖长城 精装修 1层 独立2居 能看长城,85万,13338元/平,底层 (共3层) 2室1厅 | 63.73平米 | 南 北,https://ke-image.ljcdn.com/110000-inspection/pc1_cJcGhkv1a.jpg!m_fill,w_280,h_210,f_jpg?from=ke.com
20230717,密云,古北口镇,101116530686,龙湖长城源著1号院70年产权。,166万,20926元/平,高楼层 (共8层) | 2015年建 | 2室1厅 | 79.33平米 | 南 北,https://ke-image.ljcdn.com/110000-inspection/pc1_f3kPMxEgg_1.jpg!m_fill,w_280,h_210,f_jpg?from=ke.com
20230717,密云,古北口镇,101116471565,古北水镇优质叠院精装修拎包入住随时看房房主自荐,150万,18108元/平,底层 (共3层) | 2015年建 | 2室1厅 | 82.84平米 | 北 南,https://ke-image.ljcdn.com/110000-inspection/pc1_EUtwzVQXv_1.jpg!m_fill,w_280,h_210,f_jpg?from=ke.com
20230717,密云,古北口镇,101116462812,龙湖长城源著2号院 古北水镇洋房,130万,22326元/平,低楼层 (共6层) 1室1厅 | 58.23平米 | 东,https://ke-image.ljcdn.com/110000-inspection/pc1_sVI776cKZ.jpg!m_fill,w_280,h_210,f_jpg?from=ke.com
20230717,密云,古北口镇,101116448605,龙湖长城源著2号院 古北水镇 精装修  星空房  商品房房主自荐,83万,20249元/平,低楼层 (共6层) | 2010年建 | 1室0厅 | 40.99平米 | 南,https://ke-image.ljcdn.com/110000-inspection/pc1_azNEAvoWw.jpg!m_fill,w_280,h_210,f_jpg?from=ke.com
20230717,密云,古北口镇,101116425893,龙湖长城源著2号院 洋房一居 户型方正,83万,22703元/平,中楼层 (共7层) | 2018年建 | 1室0厅 | 36.56平米 | 西,https://ke-image.ljcdn.com/110000-inspection/pc1_idEv4ZYBb_1.jpg!m_fill,w_280,h_210,f_jpg?from=ke.com
20230717,密云,古北口镇,101116398414,龙湖长城源著2号院 洋房一居 无抵押 走手续快,72万,19614元/平,底层 (共6层) | 2018年建 | 1室0厅 | 36.71平米 | 西,https://ke-image.ljcdn.com/110000-inspection/pc1_D5OPtUL0t.jpg!m_fill,w_280,h_210,f_jpg?from=ke.com
20230717,密云,古北口镇,101116351347,龙湖长城源著2号院    采光好    景色优美,80万,21942元/平,中楼层 (共7层) 1室0厅 | 36.46平米 | 西,https://ke-image.ljcdn.com/110000-inspection/pc1_rwmjAUyEv_1.jpg!m_fill,w_280,h_210,f_jpg?from=ke.com
20230717,密云,古北口镇,101116284968,古北水镇 龙湖长城源著1号院 叠院户型 正规两居室,140万,17796元/平,底层 (共3层) | 2015年建 | 2室1厅 | 78.67平米 | 南 北,https://ke-image.ljcdn.com/110000-inspection/pc1_UJvmphHlS_1.jpg!m_fill,w_280,h_210,f_jpg?from=ke.com
20230717,密云,古北口镇,101116239118,龙湖长城源著观景洋房精装修商品房70年产权。,78万,21411元/平,中楼层 (共6层) | 2018年建 | 1室0厅 | 36.43平米 | 西,https://ke-image.ljcdn.com/110000-inspection/pc1_mEieT3YXy.jpg!m_fill,w_280,h_210,f_jpg?from=ke.com
20230717,密云,古北口镇,101116187117,山青水秀 鸟语花香 电梯房 环境优美 休闲度假好去处,93万,22689元/平,底层 (共6层) | 2018年建 | 1室0厅 | 40.99平米 | 南,https://ke-image.ljcdn.com/110000-inspection/pc1_5enBgP9pD_1.jpg!m_fill,w_280,h_210,f_jpg?from=ke.com
20230717,密云,古北口镇,101116184859,龙湖长城源著观景别墅精装修商品房70年产权。房主自荐,160万,20169元/平,底层 (共8层) | 2015年建 | 2室1厅 | 79.33平米 | 东 西,https://ke-image.ljcdn.com/110000-inspection/pc1_vPH3RfVuY.jpg!m_fill,w_280,h_210,f_jpg?from=ke.com
20230717,密云,古北口镇,101116168546,龙湖长城源著2号院 依山傍水 龙湖自持物业 70年产权,188万,22178元/平,中楼层 (共4层) | 2018年建 | 2室1厅 | 84.77平米 | 南 北,https://ke-image.ljcdn.com/110000-inspection/pc1_How8W6oSY.jpg!m_fill,w_280,h_210,f_jpg?from=ke.com
20230717,密云,古北口镇,101116129520,龙湖长城源著2号院 依山傍水龙湖自持物业房主自荐,128万,21982元/平,中楼层 (共6层) | 2018年建 | 1室1厅 | 58.23平米 | 西北,https://ke-image.ljcdn.com/110000-inspection/pc1_gNhR1Qe3c.jpg!m_fill,w_280,h_210,f_jpg?from=ke.com
20230717,密云,古北口镇,101116084804,龙湖长城源著2号院 观景房 诚心出售房主自荐,100万,30610元/平,顶层 (共6层) | 2018年建 | 1室0厅 | 32.67平米 | 东,https://ke-image.ljcdn.com/110000-inspection/pc1_qbSaNYWWl.jpg!m_fill,w_280,h_210,f_jpg?from=ke.com
20230717,密云,古北口镇,101116083955,龙湖长城源著2号院 高楼层 采光好 视野好,84万,25712元/平,顶层 (共6层) | 2018年建 | 1室1厅 | 32.67平米 | 西,https://ke-image.ljcdn.com/110000-inspection/pc1_Iu8aVxMOn.jpg!m_fill,w_280,h_210,f_jpg?from=ke.com
20230717,密云,古北口镇,101116077071,龙湖长城源著2号院 洋房一居 户型方正,84万,22883元/平,中楼层 (共6层) | 2018年建 | 1室1厅 | 36.71平米 | 西,https://ke-image.ljcdn.com/110000-inspection/pc1_QAbPuFzMS.jpg!m_fill,w_280,h_210,f_jpg?from=ke.com
20230717,密云,古北口镇,101115990505,龙湖长城源著1号院观景别墅视野好,150万,29923元/平,低楼层 (共3层) | 2015年建 | 2室1厅 | 50.13平米 | 南 北,https://ke-image.ljcdn.com/110000-inspection/pc1_DSrpHq3Q5.jpg!m_fill,w_280,h_210,f_jpg?from=ke.com
20230717,密云,古北口镇,101115980819,龙湖长城源著商品房70年产权精装修观景洋房,81万,22235元/平,中楼层 (共6层) | 2018年建 | 1室1厅 | 36.43平米 | 东,https://ke-image.ljcdn.com/110000-inspection/pc1_jecJMCunt_1.jpg!m_fill,w_280,h_210,f_jpg?from=ke.com
20230717,密云,古北口镇,101115968854,龙湖长城源著2号院 户型方正 环境优美 小区管理严格,110万,13206元/平,中楼层 (共4层) | 2018年建 | 2室1厅 | 83.3平米 | 东 西,https://ke-image.ljcdn.com/110000-inspection/pc1_LoCYFJIt8_1.jpg!m_fill,w_280,h_210,f_jpg?from=ke.com
20230717,密云,古北口镇,101115957697,龙湖长城源著一期 叠院户型 位置好 环境优美,142万,28310元/平,低楼层 (共3层) | 2015年建 | 2室1厅 | 50.16平米 | 东 西,https://ke-image.ljcdn.com/110000-inspection/pc1_8Wai8xLus.jpg!m_fill,w_280,h_210,f_jpg?from=ke.com
20230717,密云,古北口镇,101115864158,龙湖长城源著2号院 洋房一居 户型方正,74万,20158元/平,中楼层 (共6层) | 2018年建 | 1室1厅 | 36.71平米 | 西,https://ke-image.ljcdn.com/110000-inspection/pc1_Fz4asIw9d.jpg!m_fill,w_280,h_210,f_jpg?from=ke.com
20230717,密云,古北口镇,101115850464,龙湖长城源著1号院 干净整洁 精美装修 尽享自然,135万,17018元/平,中楼层 (共9层) | 2015年建 | 2室1厅 | 79.33平米 | 东 西,https://ke-image.ljcdn.com/110000-inspection/pc1_V9uq1O2cJ_1.jpg!m_fill,w_280,h_210,f_jpg?from=ke.com
20230717,密云,古北口镇,101115838564,龙湖长城源著观景洋房精装修商品房70年产权。,75.9万,20858元/平,中楼层 (共6层) 1室0厅 | 36.39平米 | 西,https://ke-image.ljcdn.com/110000-inspection/pc1_jmcVCge0O_1.jpg!m_fill,w_280,h_210,f_jpg?from=ke.com
20230717,密云,古北口镇,101115826113,龙湖长城源著2号院 诚意出售 随时签约,99万,15613元/平,底层 (共4层) | 2018年建 | 2室1厅 | 63.41平米 | 南,https://ke-image.ljcdn.com/110000-inspection/pc1_WYPzEjG2S.jpg!m_fill,w_280,h_210,f_jpg?from=ke.com
20230717,密云,古北口镇,101115825148,龙湖长城源著2号院 南北通透 诚意出售 随时签约,145万,18228元/平,低楼层 (共3层) | 2019年建 | 2室1厅 | 79.55平米 | 南 北,https://ke-image.ljcdn.com/110000-inspection/pc1_ltSYVuJ3K_1.jpg!m_fill,w_280,h_210,f_jpg?from=ke.com
20230717,密云,古北口镇,101115753526,龙湖长城源著1号院与景点古北水镇是邻居,124.9万,15917元/平,中楼层 (共8层) | 2015年建 | 2室1厅 | 78.47平米 | 东 西,https://ke-image.ljcdn.com/110000-inspection/pc1_EUEdDEpup.jpg!m_fill,w_280,h_210,f_jpg?from=ke.com
20230717,密云,古北口镇,101115683354,古北水镇 依山傍水龙湖自持物业70年产权房主自荐,78万,19030元/平,底层 (共6层) | 2018年建 | 1室0厅 | 40.99平米 | 南,https://ke-image.ljcdn.com/110000-inspection/pc1_OXWQ5gGE7.jpg!m_fill,w_280,h_210,f_jpg?from=ke.com
20230717,密云,古北口镇,101115607783,龙湖长城源著2号院 诚心出售 看房方便,110万,18973元/平,底层 (共6层) 1室1厅 | 57.98平米 | 南,https://ke-image.ljcdn.com/110000-inspection/pc1_L7RVXX4B4.jpg!m_fill,w_280,h_210,f_jpg?from=ke.com
20230717,密云,古北口镇,101115598620,古北水镇洋房居住环境好龙湖自持物业。,90万,21941元/平,高楼层 (共6层) | 2018年建 | 1室1厅 | 41.02平米 | 南,https://ke-image.ljcdn.com/110000-inspection/pc1_CHA5J1rR9_1.jpg!m_fill,w_280,h_210,f_jpg?from=ke.com
20230717,密云,古北口镇,101115592736,龙湖长城源著观景别墅精装修商品房70年产权。,145万,17291元/平,中楼层 (共4层) | 2018年建 | 2室1厅 | 83.86平米 | 南 北,https://ke-image.ljcdn.com/110000-inspection/pc1_ETcg9C19C.jpg!m_fill,w_280,h_210,f_jpg?from=ke.com
20230717,密云,古北口镇,101115543855,龙湖长城源著2号院 洋房一居 户型方正,105万,17876元/平,底层 (共6层) | 2018年建 | 1室1厅 | 58.74平米 | 西,https://ke-image.ljcdn.com/110000-inspection/pc1_jw3R2T6Jr.jpg!m_fill,w_280,h_210,f_jpg?from=ke.com
20230717,密云,古北口镇,101115525641,龙湖长城源著2号院 业主自住 看房方便,156万,19611元/平,中楼层 (共4层) | 2019年建 | 2室2厅 | 79.55平米 | 南 北,https://ke-image.ljcdn.com/110000-inspection/pc1_O0iW2NXEq_1.jpg!m_fill,w_280,h_210,f_jpg?from=ke.com
20230717,密云,古北口镇,101115474399,70年产权商品房 视野通透 采光好,98万,17757元/平,低楼层 (共6层) | 2018年建 | 1室1厅 | 55.19平米 | 东,https://ke-image.ljcdn.com/110000-inspection/pc1_A3m7LLzdD.jpg!m_fill,w_280,h_210,f_jpg?from=ke.com
20230717,密云,古北口镇,101115415316,龙湖长城源著2号院 普通住宅 电梯房房主自荐,75万,20520元/平,中楼层 (共6层) | 2018年建 | 1室0厅 | 36.55平米 | 西,https://ke-image.ljcdn.com/110000-inspection/b84677a0-3f6e-4925-9639-366c96a65590_1000.jpg!m_fill,w_280,h_210,f_jpg?from=ke.com
20230717,密云,古北口镇,101115368327,龙湖长城源著2号院 精装修70大产权有电梯,83万,22809元/平,低楼层 (共6层) | 2015年建 | 1室1厅 | 36.39平米 | 西,https://ke-image.ljcdn.com/110000-inspection/pc1_kjmQXaH8m_1.jpg!m_fill,w_280,h_210,f_jpg?from=ke.com
20230717,密云,古北口镇,101115346322,龙湖长城源著观景别墅精装修商品房70年产权。,124万,15404元/平,中楼层 (共8层) | 2015年建 | 2室1厅 | 80.5平米 | 东 西,https://ke-image.ljcdn.com/110000-inspection/pc1_bgpqYNrjR.jpg!m_fill,w_280,h_210,f_jpg?from=ke.com
20230717,密云,古北口镇,101115343694,龙湖长城源著2号院精装修诚意出售,105万,16513元/平,底层 (共4层) | 2019年建 | 2室1厅 | 63.59平米 | 南 北,https://ke-image.ljcdn.com/110000-inspection/pc1_scLNnd21s.jpg!m_fill,w_280,h_210,f_jpg?from=ke.com
20230717,密云,古北口镇,101115225319,龙湖长城源著观景别墅精装修商品房70年产权。,120万,18922元/平,底层 (共4层) | 2018年建 | 2室1厅 | 63.42平米 | 南 北,https://ke-image.ljcdn.com/110000-inspection/pc1_rFvMrvusV.jpg!m_fill,w_280,h_210,f_jpg?from=ke.com
20230717,密云,古北口镇,101115180329,龙湖长城源著一期 精装修 两居室 采光好 无遮挡,145万,28914元/平,低楼层 (共3层) | 2015年建 | 2室1厅 | 50.15平米 | 南 北,https://ke-image.ljcdn.com/110000-inspection/pc1_47vsbhktm.jpg!m_fill,w_280,h_210,f_jpg?from=ke.com
20230717,密云,古北口镇,101115142638,龙湖长城源著2号院 洋房一居 户型方正,90万,22546元/平,中楼层 (共6层) | 2018年建 | 1室0厅 | 39.92平米 | 南,https://ke-image.ljcdn.com/110000-inspection/pc1_g9HtWBrKE.jpg!m_fill,w_280,h_210,f_jpg?from=ke.com
20230717,密云,古北口镇,101115111321,古北水镇景区依山傍水适宜度假*,155万,19400元/平,底层 (共3层) | 2015年建 | 2室1厅 | 79.9平米 | 东 西,https://ke-image.ljcdn.com/110000-inspection/pc1_dx9eq1gQN.jpg!m_fill,w_280,h_210,f_jpg?from=ke.com
20230717,密云,古北口镇,101115107134,环境优美适宜居住依山傍水空气清透,79.8万,21930元/平,低楼层 (共6层) | 2018年建 | 1室0厅 | 36.39平米 | 西,https://ke-image.ljcdn.com/110000-inspection/pc1_CdIGjgLMZ_1.jpg!m_fill,w_280,h_210,f_jpg?from=ke.com
20230717,密云,古北口镇,101115003907,龙湖长城源著观景别墅精装修商品房70年产权。,150万,27804元/平,低楼层 (共3层) 2室1厅 | 53.95平米 | 东 西,https://ke-image.ljcdn.com/110000-inspection/pc1_B3chEGhPe.jpg!m_fill,w_280,h_210,f_jpg?from=ke.com
20230717,密云,古北口镇,101115008219,龙湖长城源著2号院 洋房一居 户型方正,85万,23314元/平,低楼层 (共7层) | 2018年建 | 1室0厅 | 36.46平米 | 西,https://ke-image.ljcdn.com/110000-inspection/pc1_5AShVo0Rl.jpg!m_fill,w_280,h_210,f_jpg?from=ke.com
20230717,密云,古北口镇,101114971925,龙湖长城源著2号院 洋房一居 户型方正,85万,23314元/平,中楼层 (共7层) 1室0厅 | 36.46平米 | 东,https://ke-image.ljcdn.com/110000-inspection/pc1_najhrWxj6.jpg!m_fill,w_280,h_210,f_jpg?from=ke.com
20230717,密云,古北口镇,101114893120,龙湖长城源著观景别墅精装修商品房70年产权。,120万,18922元/平,底层 (共4层) | 2019年建 | 2室1厅 | 63.42平米 | 南 北,https://ke-image.ljcdn.com/110000-inspection/pc1_QuGXJwx5T.jpg!m_fill,w_280,h_210,f_jpg?from=ke.com
20230717,密云,古北口镇,101114793729,湖长城源著一期 精叠院两居 诚意出售 随时可以签约,155万,19429元/平,底层 (共3层) | 2015年建 | 2室1厅 | 79.78平米 | 东 西,https://ke-image.ljcdn.com/110000-inspection/pc1_GMpEXBDEm.jpg!m_fill,w_280,h_210,f_jpg?from=ke.com
20230717,密云,古北口镇,101114782375,本房业主诚心卖随时签约看房方便,366万,30371元/平,底层 (共2层) | 2018年建 | 3室2厅 | 120.51平米 | 南 北,https://ke-image.ljcdn.com/110000-inspection/pc1_mei1RgtkU_1.jpg!m_fill,w_280,h_210,f_jpg?from=ke.com
20230717,密云,古北口镇,101114684527,龙湖长城源著观景洋房精装修商品房70年产权。,109万,13029元/平,中楼层 (共4层) 2室1厅 | 83.66平米 | 南 北,https://ke-image.ljcdn.com/110000-inspection/pc1_mslXoGVUF.jpg!m_fill,w_280,h_210,f_jpg?from=ke.com
20230717,密云,古北口镇,101114671914,龙湖长城源著 精装修两层叠院随时签约看房方便房主自荐,185万,21475元/平,中楼层 (共4层) 2室1厅 | 86.15平米 | 南 北,https://ke-image.ljcdn.com/110000-inspection/pc1_m4bUpv0V0_1.jpg!m_fill,w_280,h_210,f_jpg?from=ke.com
20230717,密云,古北口镇,101114640696,龙湖长城源著2号院 一层 70年产权,120万,18871元/平,底层 (共4层) 2室1厅 | 63.59平米 | 南 北,https://ke-image.ljcdn.com/110000-inspection/pc1_4IupfKloz.jpg!m_fill,w_280,h_210,f_jpg?from=ke.com
20230717,密云,古北口镇,101114618228,精装修商品房诚意出售看房提前联系,79.5万,19377元/平,底层 (共6层) | 2018年建 | 1室0厅 | 41.03平米 | 南,https://ke-image.ljcdn.com/110000-inspection/pc1_3EQE7SQQD_1.jpg!m_fill,w_280,h_210,f_jpg?from=ke.com
20230717,密云,古北口镇,101114609933,本房业主诚心卖随时签约看房方便大阳台可观水镇景色,170万,33899元/平,低楼层 (共3层) | 2015年建 | 2室1厅 | 50.15平米 | 东 西,https://ke-image.ljcdn.com/110000-inspection/pc1_pMivA4122_1.jpg!m_fill,w_280,h_210,f_jpg?from=ke.com
20230717,密云,古北口镇,101114605294,本房业主诚心卖随时签约看房方便,85.8万,23578元/平,高楼层 (共6层) | 2018年建 | 1室0厅 | 36.39平米 | 西,https://ke-image.ljcdn.com/110000-inspection/pc1_q0VFXwBgK_1.jpg!m_fill,w_280,h_210,f_jpg?from=ke.com
20230717,密云,古北口镇,101114598495,古北水镇洋房出租*龙湖自持物业70年产权。,135万,23184元/平,低楼层 (共6层) 1室1厅 | 58.23平米 | 西,https://ke-image.ljcdn.com/110000-inspection/pc1_WXy4tLmbK_1.jpg!m_fill,w_280,h_210,f_jpg?from=ke.com
20230717,密云,古北口镇,101114596383,龙湖长城源著  精装修两层叠院随时签约看房方便房主自荐,126万,15802元/平,中楼层 (共4层) 2室1厅 | 79.74平米 | 南 北,https://ke-image.ljcdn.com/110000-inspection/pc1_llTD0Qv3U.jpg!m_fill,w_280,h_210,f_jpg?from=ke.com
20230717,密云,古北口镇,101114574288,龙湖长城源著1号院 物业品质好景观好,119万,23715元/平,低楼层 (共3层) | 2015年建 | 2室1厅 | 50.18平米 | 南 北,https://ke-image.ljcdn.com/110000-inspection/pc1_vFbut7cBn_1.jpg!m_fill,w_280,h_210,f_jpg?from=ke.com
20230717,密云,古北口镇,101114523352,两居室 户型方正 采光好 视野广,130万,15607元/平,中楼层 (共4层) | 2018年建 | 2室1厅 | 83.3平米 | 东 西,https://ke-image.ljcdn.com/110000-inspection/pc1_sbWFSNetb.jpg!m_fill,w_280,h_210,f_jpg?from=ke.com
20230717,密云,古北口镇,101114476671,龙湖长城源著2号院 叠院两居 户型方正,115万,13516元/平,顶层 (共5层) | 2018年建 | 2室2厅 | 85.09平米 | 南 北,https://ke-image.ljcdn.com/110000-inspection/pc1_JbWhNk0hU.jpg!m_fill,w_280,h_210,f_jpg?from=ke.com
20230717,密云,古北口镇,101114446271,龙湖长城源著1号院 电梯观景洋房 诚意出售 随时签约,106万,26225元/平,低楼层 (共9层) | 2015年建 | 1室0厅 | 40.42平米 | 南,https://ke-image.ljcdn.com/110000-inspection/pc1_gKCpxwDt0.jpg!m_fill,w_280,h_210,f_jpg?from=ke.com
20230717,密云,古北口镇,101114424739,龙湖长城源著1号院  叠院两居 户型方正房主自荐,175万,21977元/平,底层 (共4层) | 2015年建 | 2室1厅 | 79.63平米 | 南 北,https://ke-image.ljcdn.com/110000-inspection/pc1_6la74EDBC_1.jpg!m_fill,w_280,h_210,f_jpg?from=ke.com
20230717,密云,古北口镇,101114396290,龙湖长城源著1号院 叠院两居 户型方正,145万,18458元/平,底层 (共4层) | 2016年建 | 2室1厅 | 78.56平米 | 东 西,https://ke-image.ljcdn.com/110000-inspection/pc1_I3Fdu7Kz8_1.jpg!m_fill,w_280,h_210,f_jpg?from=ke.com
20230717,密云,古北口镇,101114377442,龙湖长城源著2号院2-1-1-2 81.65m²,106万,12983元/平,中楼层 (共4层) | 2018年建 | 2室1厅 | 81.65平米 | 南 北,https://ke-image.ljcdn.com/110000-inspection/pc1_2z0KULaRJ_1.jpg!m_fill,w_280,h_210,f_jpg?from=ke.com
20230717,密云,古北口镇,101114377375,龙湖长城源著2号院 2室1厅 南 北,105万,16445元/平,底层 (共4层) | 2018年建 | 2室1厅 | 63.85平米 | 南 北,https://ke-image.ljcdn.com/110000-inspection/pc1_iWgKqgFu1_1.jpg!m_fill,w_280,h_210,f_jpg?from=ke.com
20230717,密云,古北口镇,101114317299,精装修拎包入住随时看房随时签约。,130万,15314元/平,中楼层 (共5层) | 2019年建 | 2室1厅 | 84.89平米 | 西 北,https://ke-image.ljcdn.com/110000-inspection/pc1_ZzlGroMw0.jpg!m_fill,w_280,h_210,f_jpg?from=ke.com
20230717,密云,古北口镇,101114236100,龙湖长城源著2号院 88万安家北京,85万,21293元/平,中楼层 (共6层) | 2018年建 | 1室0厅 | 39.92平米 | 南,https://ke-image.ljcdn.com/110000-inspection/pc1_RAfI0KvNv.jpg!m_fill,w_280,h_210,f_jpg?from=ke.com
20230717,密云,古北口镇,101114233447,龙湖长城源著2号院 洋房开间 户型方正,88万,21585元/平,中楼层 (共6层) 1室0厅 | 40.77平米 | 南,https://ke-image.ljcdn.com/110000-inspection/pc1_DyKt1s1vH_1.jpg!m_fill,w_280,h_210,f_jpg?from=ke.com
20230717,密云,古北口镇,101114217676,龙湖长城源著1号院 洋房两居 户型方正,165万,20690元/平,底层 (共3层) | 2015年建 | 2室1厅 | 79.75平米 | 南 北,https://ke-image.ljcdn.com/110000-inspection/pc1_dB7D7g355.jpg!m_fill,w_280,h_210,f_jpg?from=ke.com
20230717,密云,古北口镇,101114200006,空气清透 休闲度假老人小孩宜居,125万,24971元/平,低楼层 (共3层) | 2015年建 | 2室1厅 | 50.06平米 | 南 北,https://ke-image.ljcdn.com/110000-inspection/pc1_MKDlDPJd3_1.jpg!m_fill,w_280,h_210,f_jpg?from=ke.com
20230717,密云,古北口镇,101114162457,龙湖长城源著1号院 叠院两居 户型方正,137万,27368元/平,低楼层 (共3层) | 2015年建 | 2室1厅 | 50.06平米 | 东 西,https://ke-image.ljcdn.com/110000-inspection/pc1_ELQemhm6c_1.jpg!m_fill,w_280,h_210,f_jpg?from=ke.com
20230717,密云,古北口镇,101114106340,龙湖长城原著1号院 精装修两居室 小区环境好 物业好,145万,28868元/平,低楼层 (共3层) | 2015年建 | 2室1厅 | 50.23平米 | 南,https://ke-image.ljcdn.com/110000-inspection/pc1_AcFlsP0oU_1.jpg!m_fill,w_280,h_210,f_jpg?from=ke.com
20230717,密云,古北口镇,101114092313,龙湖长城源著2号院 70年产权普通住宅,85万,23295元/平,中楼层 (共6层) | 2018年建 | 1室0厅 | 36.49平米 | 西,https://ke-image.ljcdn.com/110000-inspection/pc1_TftvkCLth_1.jpg!m_fill,w_280,h_210,f_jpg?from=ke.com
20230717,密云,古北口镇,101114067225,龙湖长城源著2号院 洋房开间 户型方正,82万,22491元/平,中楼层 (共7层) | 2018年建 | 1室0厅 | 36.46平米 | 东,https://ke-image.ljcdn.com/110000-inspection/pc1_u2pP24Jzj.jpg!m_fill,w_280,h_210,f_jpg?from=ke.com
20230717,密云,古北口镇,101114061441,龙湖长城源著2号院 叠院两居 户型方正,160万,18848元/平,中楼层 (共4层) 2室2厅 | 84.89平米 | 南 北,https://ke-image.ljcdn.com/110000-inspection/pc1_ME3tN3K53.jpg!m_fill,w_280,h_210,f_jpg?from=ke.com
20230717,密云,古北口镇,101114058518,龙湖长城源著2号院  适宜居住 环境好,82万,25100元/平,顶层 (共6层) | 2018年建 | 1室1厅 | 32.67平米 | 西,https://ke-image.ljcdn.com/110000-inspection/pc1_Rnzv9PbRG_1.jpg!m_fill,w_280,h_210,f_jpg?from=ke.com
20230717,密云,古北口镇,101114058271,龙湖长城源著1号院 精装修两居室小区环境好物业好,160万,19315元/平,底层 (共4层) | 2015年建 | 2室1厅 | 82.84平米 | 南 北,https://ke-image.ljcdn.com/110000-inspection/pc1_pL2ozdlTi_1.jpg!m_fill,w_280,h_210,f_jpg?from=ke.com
20230717,密云,古北口镇,101114047947,龙湖长城源著1号院 洋房两居 户型方正,123万,15505元/平,低楼层 (共9层) | 2015年建 | 2室2厅 | 79.33平米 | 东 西,https://ke-image.ljcdn.com/110000-inspection/pc1_C9Vvihcar_1.jpg!m_fill,w_280,h_210,f_jpg?from=ke.com
20230717,密云,古北口镇,101114045384,古北水镇依山傍水龙湖自持物业70年产权,159万,18731元/平,顶层 (共5层) | 2018年建 | 2室1厅 | 84.89平米 | 南 北,https://ke-image.ljcdn.com/110000-inspection/pc1_kG4AuItWY_1.jpg!m_fill,w_280,h_210,f_jpg?from=ke.com
20230717,密云,古北口镇,101114038636,龙湖长城源著2号院 楼层好 视野宽阔 采光充足,89.9万,16260元/平,中楼层 (共7层) | 2018年建 | 1室1厅 | 55.29平米 | 东南,https://ke-image.ljcdn.com/110000-inspection/pc1_ejPsWMMUD_1.jpg!m_fill,w_280,h_210,f_jpg?from=ke.com
20230717,密云,古北口镇,101114025021,龙湖长城源著1号院 叠院两居 户型方正房主自荐,135万,26968元/平,低楼层 (共3层) | 2015年建 | 2室1厅 | 50.06平米 | 东 西,https://ke-image.ljcdn.com/110000-inspection/pc1_GwNHE9u5K.jpg!m_fill,w_280,h_210,f_jpg?from=ke.com
20230717,密云,古北口镇,101114009929,小区优美户型朝东高楼层采光好观景洋房带电梯房主自荐,98万,20261元/平,顶层 (共6层) | 2018年建 | 1室1厅 | 48.37平米 | 东,https://ke-image.ljcdn.com/110000-inspection/pc1_kKCWVJMCk.jpg!m_fill,w_280,h_210,f_jpg?from=ke.com
20230717,密云,古北口镇,101114006525,龙湖长城源著2号院 观景开间 诚意出售 随时签约,92万,25123元/平,底层 (共7层) | 2018年建 | 1室0厅 | 36.62平米 | 西,https://ke-image.ljcdn.com/110000-inspection/pc1_m5VmUGQZS_1.jpg!m_fill,w_280,h_210,f_jpg?from=ke.com
20230717,密云,古北口镇,101113985152,龙湖长城源著2号院  普通住宅 70年大产权房主自荐,83.5万,22865元/平,中楼层 (共6层) | 2018年建 | 1室0厅 | 36.52平米 | 西,https://ke-image.ljcdn.com/110000-inspection/pc1_Y7ZVQrCCb_1.jpg!m_fill,w_280,h_210,f_jpg?from=ke.com
20230717,密云,古北口镇,101113956308,龙湖长城源著2号院70年产权看房方便,140万,22079元/平,底层 (共4层) 2室1厅 | 63.41平米 | 东南,https://ke-image.ljcdn.com/110000-inspection/pc1_nR10Q0YAB.jpg!m_fill,w_280,h_210,f_jpg?from=ke.com
20230717,密云,古北口镇,101113940393,龙湖长城源著2号院    视野开阔,95万,11765元/平,中楼层 (共4层) | 2019年建 | 2室1厅 | 80.75平米 | 南 东 北,https://ke-image.ljcdn.com/110000-inspection/pc1_kYl6SzeQV_1.jpg!m_fill,w_280,h_210,f_jpg?from=ke.com
20230717,密云,古北口镇,101113900738,龙湖长城源著2号院  小区环境优美采光好房主自荐,98.9万,16964元/平,中楼层 (共6层) | 2018年建 | 1室1厅 | 58.3平米 | 南 北,https://ke-image.ljcdn.com/110000-inspection/pc1_7oSnfEDYq_1.jpg!m_fill,w_280,h_210,f_jpg?from=ke.com
20230717,密云,古北口镇,101113890005,龙湖长城源著1号院房子环境好。,107万,26473元/平,中楼层 (共8层) | 2015年建 | 1室0厅 | 40.42平米 | 东,https://ke-image.ljcdn.com/110000-inspection/pc1_Aiqy4tLCz_1.jpg!m_fill,w_280,h_210,f_jpg?from=ke.com
20230717,密云,古北口镇,101113889151,古北水镇洋房龙湖自持物业电梯房70年产权。,78万,23666元/平,顶层 (共6层) 1室0厅 | 32.96平米 | 西,https://ke-image.ljcdn.com/110000-inspection/pc1_tO34ETGPr_1.jpg!m_fill,w_280,h_210,f_jpg?from=ke.com
20230717,密云,古北口镇,101113844071,龙湖长城源著2号院 高楼层电梯观景房 环境优美,93万,16851元/平,高楼层 (共6层) | 2018年建 | 1室1厅 | 55.19平米 | 东,https://ke-image.ljcdn.com/110000-inspection/pc1_tUzZLiBKB.jpg!m_fill,w_280,h_210,f_jpg?from=ke.com
20230717,密云,古北口镇,101113824481,龙湖长城源著 精装两居室 诚意出售 随时签约,95万,14940元/平,中楼层 (共5层) | 2018年建 | 2室1厅 | 63.59平米 | 南 北,https://ke-image.ljcdn.com/110000-inspection/pc1_6I3OdWfCw_1.jpg!m_fill,w_280,h_210,f_jpg?from=ke.com
20230717,密云,古北口镇,101113786790,龙湖长城源著1号院 洋房两居 户型方正,135万,17018元/平,中楼层 (共8层) | 2015年建 | 2室1厅 | 79.33平米 | 东 西,https://ke-image.ljcdn.com/110000-inspection/pc1_dP1Wbzhgm.jpg!m_fill,w_280,h_210,f_jpg?from=ke.com
20230717,密云,古北口镇,101113749030,龙湖长城源著2号院  高楼层 视野好,110万,19285元/平,高楼层 (共6层) | 2018年建 | 1室1厅 | 57.04平米 | 东南,https://ke-image.ljcdn.com/110000-inspection/pc1_uYTT3eMLa_1.jpg!m_fill,w_280,h_210,f_jpg?from=ke.com
20230717,密云,古北口镇,101113719867,龙湖长城源著2号院 视野好 户型方正房主自荐,102万,16041元/平,底层 (共4层) | 2018年建 | 2室1厅 | 63.59平米 | 南 北,https://ke-image.ljcdn.com/110000-inspection/pc1_dtDtTOTpM_1.jpg!m_fill,w_280,h_210,f_jpg?from=ke.com
20230717,密云,古北口镇,101113715160,龙湖长城源著1号院  小区环境好物业管理好,125万,15757元/平,中楼层 (共8层) | 2015年建 | 2室1厅 | 79.33平米 | 东 西,https://ke-image.ljcdn.com/110000-inspection/pc1_j9hSf6zdV_1.jpg!m_fill,w_280,h_210,f_jpg?from=ke.com
20230717,密云,古北口镇,101113661760,龙湖长城源著1号院 70年大产权 精装修,138万,17396元/平,中楼层 (共8层) | 2015年建 | 2室1厅 | 79.33平米 | 东 西,https://ke-image.ljcdn.com/110000-inspection/pc1_Rh339K7JJ_1.jpg!m_fill,w_280,h_210,f_jpg?from=ke.com
20230717,密云,古北口镇,101113646222,龙湖长城源著2号院 精装修 观景叠拼,106万,12487元/平,中楼层 (共5层) | 2018年建 | 2室1厅 | 84.89平米 | 南 北,https://ke-image.ljcdn.com/110000-inspection/pc1_ygYOfOH6k_1.jpg!m_fill,w_280,h_210,f_jpg?from=ke.com
20230717,密云,古北口镇,101113642941,龙湖长城源著2号院依山傍水70年产权,115万,14051元/平,中楼层 (共4层) | 2018年建 | 2室1厅 | 81.85平米 | 南 北,https://ke-image.ljcdn.com/110000-inspection/pc1_SFGv1TKJm.jpg!m_fill,w_280,h_210,f_jpg?from=ke.com
20230717,密云,古北口镇,101113641142,龙湖长城源著2号院 南北通透 精装修两居室  拎包入住,110万,17606元/平,底层 (共4层) | 2018年建 | 2室1厅 | 62.48平米 | 南 北,https://ke-image.ljcdn.com/110000-inspection/pc1_AVA2KKiIb_1.jpg!m_fill,w_280,h_210,f_jpg?from=ke.com
20230717,密云,古北口镇,101113637581,龙湖长城源著2号院2-1-1-2 79.55m²,156万,19611元/平,中楼层 (共5层) | 2019年建 | 2室1厅 | 79.55平米 | 南 北,https://ke-image.ljcdn.com/110000-inspection/pc1_JAxeWo4SQ_1.jpg!m_fill,w_280,h_210,f_jpg?from=ke.com
20230717,密云,古北口镇,101113616491,龙湖长城源著观景别墅精装修商品房70年产权。,107万,13650元/平,中楼层 (共8层) | 2015年建 | 2室1厅 | 78.39平米 | 南,https://ke-image.ljcdn.com/110000-inspection/pc1_OdLsbbm1O_1.jpg!m_fill,w_280,h_210,f_jpg?from=ke.com
20230717,密云,古北口镇,101113548680,龙湖长城源著2号院 精装观景房 环境优美绿化好,188万,23633元/平,中楼层 (共5层) | 2018年建 | 2室1厅 | 79.55平米 | 南 北,https://ke-image.ljcdn.com/110000-inspection/pc1_zgYd9qpNV_1.jpg!m_fill,w_280,h_210,f_jpg?from=ke.com
20230717,密云,古北口镇,101113500525,龙湖长城源著2号院 70年产权 普通住宅,90万,22097元/平,低楼层 (共6层) | 2018年建 | 1室0厅 | 40.73平米 | 南,https://ke-image.ljcdn.com/110000-inspection/pc1_cHeWu6Bvs_1.jpg!m_fill,w_280,h_210,f_jpg?from=ke.com
20230717,密云,古北口镇,101113499459,龙湖长城源著2号院 带电梯 环境优美,103万,17535元/平,低楼层 (共6层) | 2018年建 | 1室1厅 | 58.74平米 | 西,https://ke-image.ljcdn.com/110000-inspection/pc1_ZpwIRrwrB_1.jpg!m_fill,w_280,h_210,f_jpg?from=ke.com
20230717,密云,古北口镇,101113499281,龙湖长城源著2号院  带电梯 视野好 环境优美,135万,16424元/平,低楼层 (共3层) 2室1厅 | 82.2平米 | 南 北,https://ke-image.ljcdn.com/110000-inspection/pc1_b2m12galc_2.jpg!m_fill,w_280,h_210,f_jpg?from=ke.com
20230717,密云,古北口镇,101113395635,精装修龙湖自持物业70年产权。,79万,24182元/平,顶层 (共6层) | 2018年建 | 1室0厅 | 32.67平米 | 西,https://ke-image.ljcdn.com/110000-inspection/pc1_P1VekzFVt_1.jpg!m_fill,w_280,h_210,f_jpg?from=ke.com
20230717,密云,古北口镇,101113331943,龙湖长城源著 精装一居 诚意出售 随时签约房主自荐,86万,18380元/平,高楼层 (共7层) | 2018年建 | 1室1厅 | 46.79平米 | 东北,https://ke-image.ljcdn.com/110000-inspection/pc1_cfJoeMkT4.jpg!m_fill,w_280,h_210,f_jpg?from=ke.com
20230717,密云,古北口镇,101113294595,龙湖长城源著 精装一居 诚意出售 随时签约,99万,18046元/平,高楼层 (共6层) | 2018年建 | 1室1厅 | 54.86平米 | 东南,https://ke-image.ljcdn.com/110000-inspection/pc1_pfME4eKem_1.jpg!m_fill,w_280,h_210,f_jpg?from=ke.com
20230717,密云,古北口镇,101113247942,龙湖长城源著2号院  小区环境好物业管理好,113万,17743元/平,底层 (共4层) | 2018年建 | 2室1厅 | 63.69平米 | 南 北,https://ke-image.ljcdn.com/110000-inspection/pc1_tYkOIdZvJ_1.jpg!m_fill,w_280,h_210,f_jpg?from=ke.com
20230717,密云,古北口镇,101113230608,龙湖长城源著 精装一居 诚意出售 随时签约,107万,18216元/平,高楼层 (共6层) 1室1厅 | 58.74平米 | 西,https://ke-image.ljcdn.com/110000-inspection/pc1_1Uk7pBzbN_1.jpg!m_fill,w_280,h_210,f_jpg?from=ke.com
20230717,密云,古北口镇,101113224971,龙湖长城源著2号院、精装修、跃层视野好,140万,16492元/平,中楼层 (共4层) | 2018年建 | 2室1厅 | 84.89平米 | 南 北,https://ke-image.ljcdn.com/110000-inspection/pc1_7S0rA0Dgn_1.jpg!m_fill,w_280,h_210,f_jpg?from=ke.com
20230717,密云,古北口镇,101113213794,龙湖长城源著观景别墅精装修商品房70年产权。,130万,15864元/平,中楼层 (共5层) | 2018年建 | 2室1厅 | 81.95平米 | 南 北,https://ke-image.ljcdn.com/110000-inspection/pc1_ToyVIpDx2_1.jpg!m_fill,w_280,h_210,f_jpg?from=ke.com
20230717,密云,古北口镇,101113187379,龙湖长城源著2号院 带电梯 环境优美,102万,16006元/平,底层 (共3层) | 2018年建 | 2室1厅 | 63.73平米 | 南,https://ke-image.ljcdn.com/110000-inspection/pc1_LyI0NNQ9Z_1.jpg!m_fill,w_280,h_210,f_jpg?from=ke.com
20230717,密云,古北口镇,101113129135,龙湖长城源著2号院司马台村2号院,110万,13828元/平,中楼层 (共4层) | 2018年建 | 2室1厅 | 79.55平米 | 南 北,https://ke-image.ljcdn.com/110000-inspection/pc1_xZXtD9nrN_1.jpg!m_fill,w_280,h_210,f_jpg?from=ke.com
20230717,密云,古北口镇,101113124410,龙湖长城源著2号院看房方便业主诚心出售,150万,18812元/平,中楼层 (共4层) | 2018年建 | 2室1厅 | 79.74平米 | 南 北,https://ke-image.ljcdn.com/110000-inspection/pc1_Dz2pek7JW_1.jpg!m_fill,w_280,h_210,f_jpg?from=ke.com
20230717,密云,古北口镇,101113070362,龙湖长城源著观景洋房精装修商品房70年产权。房主自荐,88万,24183元/平,中楼层 (共6层) | 2018年建 | 1室0厅 | 36.39平米 | 西,https://ke-image.ljcdn.com/110000-inspection/pc1_hyCtT33tt_1.jpg!m_fill,w_280,h_210,f_jpg?from=ke.com
20230717,密云,古北口镇,101113017369,龙湖长城源著2号院 观景好 70年大产权 南北通透,145万,17041元/平,顶层 (共5层) | 2019年建 | 2室1厅 | 85.09平米 | 南 北,https://ke-image.ljcdn.com/110000-inspection/pc1_ZflkshLR3_1.jpg!m_fill,w_280,h_210,f_jpg?from=ke.com
20230717,密云,古北口镇,101112963846,龙湖长城源著2号院 观景电梯洋房 视野开阔 70年产权,90万,24411元/平,高楼层 (共6层) | 2018年建 | 1室0厅 | 36.87平米 | 东,https://ke-image.ljcdn.com/110000-inspection/pc1_Ylt6Qu1hM_1.jpg!m_fill,w_280,h_210,f_jpg?from=ke.com
20230717,密云,古北口镇,101112939978,龙湖长城源著2号院 精装修 朝东,125万,21281元/平,低楼层 (共6层) | 2018年建 | 1室1厅 | 58.74平米 | 东,https://ke-image.ljcdn.com/110000-inspection/pc1_Yw84UTV5j_1.jpg!m_fill,w_280,h_210,f_jpg?from=ke.com
20230717,密云,古北口镇,101112922198,龙湖长城源著2号院  位置好风景优美。,99万,16712元/平,中楼层 (共6层) | 2018年建 | 1室2厅 | 59.24平米 | 南,https://ke-image.ljcdn.com/110000-inspection/pc1_wTzEgMFGy.jpg!m_fill,w_280,h_210,f_jpg?from=ke.com
20230717,密云,古北口镇,101112919698,北京国际旅游度假区旁小区环境好物业管理好,97万,19829元/平,顶层 (共6层) | 2019年建 | 1室1厅 | 48.92平米 | 南 北,https://ke-image.ljcdn.com/110000-inspection/pc1_sQe9N52Eb_1.jpg!m_fill,w_280,h_210,f_jpg?from=ke.com
20230717,密云,古北口镇,101112867497,龙湖长城源著1号院  业主诚意出售欢迎咨询看房,160万,20169元/平,中楼层 (共8层) | 2015年建 | 2室2厅 | 79.33平米 | 南 北,https://ke-image.ljcdn.com/110000-inspection/pc1_zYYR2tehl_2.jpg!m_fill,w_280,h_210,f_jpg?from=ke.com
20230717,密云,古北口镇,101112848367,龙湖长城源著2号院 精装修 业主诚意出售,116万,14583元/平,中楼层 (共4层) | 2018年建 | 2室1厅 | 79.55平米 | 南 北,https://ke-image.ljcdn.com/110000-inspection/pc1_cwkAj9kPZ_1.jpg!m_fill,w_280,h_210,f_jpg?from=ke.com
20230717,密云,古北口镇,101112813747,长城源著 建在景区中70年商品房 可贷款 诚意出售,106万,21965元/平,中楼层 (共6层) 1室1厅 | 48.26平米 | 西南,https://ke-image.ljcdn.com/110000-inspection/pc1_ZEvCsh5I1_1.jpg!m_fill,w_280,h_210,f_jpg?from=ke.com
20230717,密云,古北口镇,101112809592,龙湖长城源著2号院2-1-1-2 79.55m²,169万,21245元/平,中楼层 (共5层) | 2018年建 | 2室1厅 | 79.55平米 | 南 北,https://ke-image.ljcdn.com/110000-inspection/pc1_PIi0QfoeE_1.jpg!m_fill,w_280,h_210,f_jpg?from=ke.com
20230717,密云,古北口镇,101112785451,龙湖长城源著观景别墅精装修商品房70年产权。,125万,15946元/平,底层 (共8层) 2室1厅 | 78.39平米 | 东 西 南,https://ke-image.ljcdn.com/110000-inspection/pc1_KHtBwysww_1.jpg!m_fill,w_280,h_210,f_jpg?from=ke.com
20230717,密云,古北口镇,101112748215,龙湖长城源著 朝南观景 精装修 采光好 电梯洋房房主自荐,118万,19793元/平,高楼层 (共6层) | 2018年建 | 1室1厅 | 59.62平米 | 南,https://ke-image.ljcdn.com/110000-inspection/pc1_NewvkzLOF_1.jpg!m_fill,w_280,h_210,f_jpg?from=ke.com
20230717,密云,古北口镇,101112741679,龙湖长城源著1号院小区环境优美,130万,16473元/平,中楼层 (共8层) | 2015年建 | 2室2厅 | 78.92平米 | 南 北,https://ke-image.ljcdn.com/110000-inspection/pc1_boDSYyv8a_1.jpg!m_fill,w_280,h_210,f_jpg?from=ke.com
20230717,密云,古北口镇,101112702795,龙湖长城源著观景别墅精装修商品房70年产权。,145万,17366元/平,中楼层 (共4层) | 2018年建 | 2室1厅 | 83.5平米 | 东 西,https://ke-image.ljcdn.com/110000-inspection/pc1_vhzH2oIp2_1.jpg!m_fill,w_280,h_210,f_jpg?from=ke.com
20230717,密云,古北口镇,101112575449,龙湖长城源著1号院 楼层好 视野宽阔 采光充足房主自荐,129万,16262元/平,中楼层 (共8层) | 2015年建 | 2室1厅 | 79.33平米 | 东 西,https://ke-image.ljcdn.com/110000-inspection/pc1_tcjSXE0ep_1.jpg!m_fill,w_280,h_210,f_jpg?from=ke.com
20230717,密云,古北口镇,101112495693,龙湖长城源著  开间    宜居宜住  景色优美,83万,20792元/平,低楼层 (共6层) 1室0厅 | 39.92平米 | 南,https://ke-image.ljcdn.com/110000-inspection/pc1_8TFCiaEE4_1.jpg!m_fill,w_280,h_210,f_jpg?from=ke.com
20230717,密云,古北口镇,101112478724,龙湖长城源著观景别墅精装修商品房70年产权。,140万,17860元/平,高楼层 (共8层) | 2015年建 | 2室1厅 | 78.39平米 | 南 北,https://ke-image.ljcdn.com/110000-inspection/pc1_6PxL8Trg0_1.jpg!m_fill,w_280,h_210,f_jpg?from=ke.com
20230717,密云,古北口镇,101112309584,物业品质好景观好便于做出租小复式景观好。房主自荐,130万,15549元/平,中楼层 (共5层) | 2018年建 | 2室1厅 | 83.61平米 | 南 北,https://ke-image.ljcdn.com/110000-inspection/21a65cec-11db-4810-9a04-915b1d62b014_1000.jpg!m_fill,w_280,h_210,f_jpg?from=ke.com
20230717,密云,古北口镇,101112283599,龙湖长城源著2号院视野宽阔景色宜人,83万,22765元/平,低楼层 (共7层) | 2018年建 | 1室0厅 | 36.46平米 | 西,https://ke-image.ljcdn.com/110000-inspection/pc1_lo8iXQHTu_1.jpg!m_fill,w_280,h_210,f_jpg?from=ke.com
20230717,密云,古北口镇,101112203704,龙湖长城源著观景别墅精装修商品房70年产权。,120万,22322元/平,低楼层 (共3层) | 2015年建 | 2室1厅 | 53.76平米 | 南 北,https://ke-image.ljcdn.com/110000-inspection/pc1_8MN65TLX4_1.jpg!m_fill,w_280,h_210,f_jpg?from=ke.com
20230717,密云,古北口镇,101112052582,此房观景效果好南北大两居二期好房诚意出售房主自荐,110万,13423元/平,中楼层 (共5层) | 2018年建 | 2室2厅 | 81.95平米 | 南 北,https://ke-image.ljcdn.com/110000-inspection/pc1_YwvaAhx8X_1.jpg!m_fill,w_280,h_210,f_jpg?from=ke.com
20230717,密云,古北口镇,101112044789,龙湖长城源著一期 精装两居 诚意出售 随时签约,140万,17740元/平,中楼层 (共8层) | 2015年建 | 2室1厅 | 78.92平米 | 南 北,https://ke-image.ljcdn.com/110000-inspection/pc1_1z6NUbMoX.jpg!m_fill,w_280,h_210,f_jpg?from=ke.com
20230717,密云,古北口镇,101112032135,龙湖长城源著观景别墅精装修商品房70年产权。,140万,17648元/平,底层 (共8层) | 2015年建 | 2室1厅 | 79.33平米 | 南 北,https://ke-image.ljcdn.com/110000-inspection/pc1_pmqa26kKe_1.jpg!m_fill,w_280,h_210,f_jpg?from=ke.com
20230717,密云,古北口镇,101112022229,龙湖长城源著2号院 带电梯洋房 精装修房主自荐,81万,22217元/平,中楼层 (共7层) | 2018年建 | 1室0厅 | 36.46平米 | 西,https://ke-image.ljcdn.com/110000-inspection/pc1_b9uqlPiRf_1.jpg!m_fill,w_280,h_210,f_jpg?from=ke.com
20230717,密云,古北口镇,101112012657,龙湖长城源著1号院   视野宽阔,145万,18210元/平,底层 (共3层) | 2015年建 | 2室1厅 | 79.63平米 | 南 北,https://ke-image.ljcdn.com/110000-inspection/pc1_H7oSxwUgO_1.jpg!m_fill,w_280,h_210,f_jpg?from=ke.com
20230717,密云,古北口镇,101111862784,龙湖长城源著2号院无抵押楼层好视野宽阔,85万,23295元/平,中楼层 (共6层) | 2018年建 | 1室0厅 | 36.49平米 | 西,https://ke-image.ljcdn.com/110000-inspection/pc1_pUO8S3nrE_1.jpg!m_fill,w_280,h_210,f_jpg?from=ke.com
20230717,密云,古北口镇,101111736888,龙湖长城源著1号院 开间户型 精装 无遮挡,110万,27542元/平,底层 (共8层) | 2015年建 | 1室0厅 | 39.94平米 | 东,https://ke-image.ljcdn.com/110000-inspection/pc1_0ezd1RURr_1.jpg!m_fill,w_280,h_210,f_jpg?from=ke.com
20230717,密云,古北口镇,101111639523,龙湖长城源著观景别墅精装修商品房70年产权。,135万,16931元/平,中楼层 (共5层) | 2019年建 | 2室1厅 | 79.74平米 | 南 北,https://ke-image.ljcdn.com/110000-inspection/pc1_ldaeCUR9M_1.jpg!m_fill,w_280,h_210,f_jpg?from=ke.com
20230717,密云,古北口镇,101111459309,龙湖长城源著2号院   两室一厅房主自荐,139万,16687元/平,中楼层 (共4层) | 2018年建 | 2室1厅 | 83.3平米 | 南 北,https://ke-image.ljcdn.com/110000-inspection/pc1_sT6E395G8_1.jpg!m_fill,w_280,h_210,f_jpg?from=ke.com
20230717,密云,古北口镇,101111178208,此房属于精装修的风景区里面适合度假,160万,19596元/平,中楼层 (共4层) 2室2厅 | 81.65平米 | 南 北,https://ke-image.ljcdn.com/110000-inspection/pc1_fTbq3PmWV_1.jpg!m_fill,w_280,h_210,f_jpg?from=ke.com
20230717,密云,古北口镇,101110318539,龙湖长城源著2号院  独立一居  精装  可拎包入住,92万,15781元/平,高楼层 (共6层) | 2018年建 | 1室1厅 | 58.3平米 | 南,https://ke-image.ljcdn.com/110000-inspection/pc1_5bcDnu3az_1.jpg!m_fill,w_280,h_210,f_jpg?from=ke.com
20230717,密云,古北口镇,101110173067,龙湖长城源著 小区环境好 物业管理好业主诚心出售房主自荐,81.8万,19957元/平,底层 (共6层) | 2018年建 | 1室0厅 | 40.99平米 | 南,https://ke-image.ljcdn.com/110000-inspection/pc1_gmOBXxhb9_1.jpg!m_fill,w_280,h_210,f_jpg?from=ke.com
20230717,密云,古北口镇,101120153636,龙湖长城源著1号院 2室1厅 东 西新上,153万,18434元/平,底层 (共3层) | 2015年建 | 2室1厅 | 83平米 | 东 西,https://ke-image.ljcdn.com/110000-inspection/pc1_ocoDjtpXp.jpg!m_fill,w_280,h_210,f_jpg?from=ke.com
20230717,密云,古北口镇,101120143406,龙湖长城源著2号院   精装修  环境宜人   适宜居住新上,78万,21394元/平,中楼层 (共7层) | 2018年建 | 1室0厅 | 36.46平米 | 东,https://ke-image.ljcdn.com/110000-inspection/pc1_pDpYwxEm4_1.jpg!m_fill,w_280,h_210,f_jpg?from=ke.com
20230717,密云,古北口镇,101120095364,龙湖长城源著2号院 1室0厅 南新上,85万,23098元/平,顶层 (共6层) | 2019年建 | 1室0厅 | 36.8平米 | 南,https://ke-image.ljcdn.com/110000-inspection/pc1_cDSysuQgW_1.jpg!m_fill,w_280,h_210,f_jpg?from=ke.com
20230717,密云,古北口镇,101120092144,龙湖长城源著2号院 观景电梯洋房 视野开阔 70年产权新上,80万,22039元/平,高楼层 (共6层) | 2018年建 | 1室0厅 | 36.3平米 | 东,https://ke-image.ljcdn.com/110000-inspection/pc1_D1lc0Tkei_1.jpg!m_fill,w_280,h_210,f_jpg?from=ke.com
20230717,密云,古北口镇,101120091623,龙湖长城源著2号院 2室1厅 南 北新上,170万,19734元/平,中楼层 (共4层) 2室1厅 | 86.15平米 | 南 北,https://ke-image.ljcdn.com/110000-inspection/pc1_2lumyMjEQ_1.jpg!m_fill,w_280,h_210,f_jpg?from=ke.com
20230717,密云,古北口镇,101120003494,龙湖长城源著燕京楼 合院三居 诚心出售,399万,34552元/平,底层 (共3层) | 2018年建 | 3室1厅 | 115.48平米 | 南 北,https://ke-image.ljcdn.com/110000-inspection/pc1_Ak9LlLIzx_1.jpg!m_fill,w_280,h_210,f_jpg?from=ke.com
20230717,密云,古北口镇,101119919165,龙湖长城源著2号院环境优美空气好,90万,24705元/平,底层 (共6层) | 2018年建 | 1室0厅 | 36.43平米 | 南,https://ke-image.ljcdn.com/110000-inspection/pc1_yrrKCXrtR_1.jpg!m_fill,w_280,h_210,f_jpg?from=ke.com
20230717,密云,古北口镇,101119890899,龙湖长城源著1号院 2室1厅 南 北,168万,20181元/平,底层 (共4层) | 2015年建 | 2室1厅 | 83.25平米 | 南 北,https://ke-image.ljcdn.com/110000-inspection/21f894d1-aaec-4105-9597-007e676d597c_1000.jpg!m_fill,w_280,h_210,f_jpg?from=ke.com
20230717,密云,古北口镇,101119889981,龙湖长城源著2号院 2室1厅 南 北,106万,16925元/平,底层 (共4层) | 2019年建 | 2室1厅 | 62.63平米 | 南 北,https://ke-image.ljcdn.com/110000-inspection/pc1_oDrmOoYmz.jpg!m_fill,w_280,h_210,f_jpg?from=ke.com
20230717,密云,古北口镇,101119878978,龙湖长城源著1号院天然氧吧风景优美视野开阔,130万,25969元/平,低楼层 (共3层) | 2015年建 | 2室1厅 | 50.06平米 | 南 北,https://ke-image.ljcdn.com/110000-inspection/pc1_u6Tn8PbQE_1.jpg!m_fill,w_280,h_210,f_jpg?from=ke.com
20230717,密云,古北口镇,101119873362,龙湖长城源著2号院 1室1厅 南,105万,18409元/平,中楼层 (共6层) 1室1厅 | 57.04平米 | 南,https://ke-image.ljcdn.com/110000-inspection/pc1_keFeL8UuA.jpg!m_fill,w_280,h_210,f_jpg?from=ke.com
20230717,密云,古北口镇,101119855435,龙湖长城源著2号院 洋房一居 诚心出售,82万,25154元/平,顶层 (共6层) 1室1厅 | 32.6平米 | 东,https://ke-image.ljcdn.com/110000-inspection/pc1_t3bfJi7Sw.jpg!m_fill,w_280,h_210,f_jpg?from=ke.com
20230717,密云,古北口镇,101119852487,龙湖长城源著1号院、叠拼户型、位于古北水镇景区口房主自荐,147万,17658元/平,底层 (共3层) | 2015年建 | 2室1厅 | 83.25平米 | 南 北,https://ke-image.ljcdn.com/110000-inspection/pc1_LHFw5eTsJ.jpg!m_fill,w_280,h_210,f_jpg?from=ke.com
20230717,密云,古北口镇,101119845234,龙湖长城源著2号院景色优美舒适安静,75万,22915元/平,高楼层 (共7层) | 2018年建 | 1室1厅 | 32.73平米 | 南,https://ke-image.ljcdn.com/110000-inspection/pc1_igXXpibQU.jpg!m_fill,w_280,h_210,f_jpg?from=ke.com
20230717,密云,古北口镇,101119833100,龙湖长城源著1号院古北水镇旁,114万,14569元/平,中楼层 (共8层) | 2015年建 | 2室1厅 | 78.25平米 | 南 北,https://ke-image.ljcdn.com/110000-inspection/pc1_8odYmxjvM.jpg!m_fill,w_280,h_210,f_jpg?from=ke.com
20230717,密云,古北口镇,101119812146,70年产权本房业主诚心卖随时签约看房方便,82.8万,22754元/平,高楼层 (共6层) 1室1厅 | 36.39平米 | 东,https://ke-image.ljcdn.com/110000-inspection/pc1_FCCnkmd8s.jpg!m_fill,w_280,h_210,f_jpg?from=ke.com
20230717,密云,古北口镇,101119744264,龙湖长城源著2号院采光好视野开阔房主自荐,160万,18804元/平,顶层 (共5层) 2室1厅 | 85.09平米 | 南 北,https://ke-image.ljcdn.com/110000-inspection/pc1_8TKRCAXYp.jpg!m_fill,w_280,h_210,f_jpg?from=ke.com
20230717,密云,古北口镇,101119741340,此房70年产权南北向楼层好采光充足精装修.,94.5万,11269元/平,中楼层 (共4层) | 2018年建 | 2室1厅 | 83.86平米 | 南 北,https://ke-image.ljcdn.com/110000-inspection/pc1_3VQEoXUw5.jpg!m_fill,w_280,h_210,f_jpg?from=ke.com
20230717,密云,古北口镇,101119715205,龙湖长城源著2号院 2室1厅 南 北,115万,18085元/平,中楼层 (共5层) 2室1厅 | 63.59平米 | 南 北,https://ke-image.ljcdn.com/110000-inspection/pc1_bwdZM8Bsj.jpg!m_fill,w_280,h_210,f_jpg?from=ke.com
20230717,密云,古北口镇,101119692684,龙湖长城源著2号院 精装两居 业主诚心出售房主自荐,160万,20114元/平,中楼层 (共4层) 2室1厅 | 79.55平米 | 南 北,https://ke-image.ljcdn.com/110000-inspection/pc1_qsC7vxLSm.jpg!m_fill,w_280,h_210,f_jpg?from=ke.com
20230717,密云,古北口镇,101119690058,龙湖长城源著一期 精装跃层两居 诚意出售 随时签约,126万,15966元/平,中楼层 (共8层) | 2015年建 | 2室1厅 | 78.92平米 | 东 西,https://ke-image.ljcdn.com/110000-inspection/pc1_md4YfBTzl_1.jpg!m_fill,w_280,h_210,f_jpg?from=ke.com
20230717,密云,古北口镇,101119677503,此房70年产权纯朝南向楼层好采光充足精装修.,81.8万,22479元/平,中楼层 (共6层) 1室1厅 | 36.39平米 | 西,https://ke-image.ljcdn.com/110000-inspection/pc1_d9mSbjhcY.jpg!m_fill,w_280,h_210,f_jpg?from=ke.com
20230717,密云,古北口镇,101119616617,依山傍水  环境优美  70年产权,120万,15309元/平,底层 (共8层) | 2015年建 | 2室2厅 | 78.39平米 | 东 西,https://ke-image.ljcdn.com/110000-inspection/pc1_VhQrfROKj_1.jpg!m_fill,w_280,h_210,f_jpg?from=ke.com
20230717,密云,古北口镇,101119615647,龙湖长城源著一期依山傍水环境优美视野开阔,149万,18933元/平,底层 (共3层) | 2015年建 | 2室1厅 | 78.7平米 | 南 北,https://ke-image.ljcdn.com/110000-inspection/pc1_kohBKDt3m.jpg!m_fill,w_280,h_210,f_jpg?from=ke.com
20230717,密云,古北口镇,101119612164,龙湖长城源著1号院 叠院两居 诚心出售,238万,29449元/平,底层 (共3层) | 2015年建 | 2室1厅 | 80.82平米 | 南 北,https://ke-image.ljcdn.com/110000-inspection/pc1_1ZFM3njYb.jpg!m_fill,w_280,h_210,f_jpg?from=ke.com
20230717,密云,古北口镇,101119558324,龙湖长城源著2号院 跃层两居 业主诚心出售,123万,15028元/平,中楼层 (共4层) | 2018年建 | 2室1厅 | 81.85平米 | 东 西,https://ke-image.ljcdn.com/110000-inspection/pc1_6dSSh6GpE_1.jpg!m_fill,w_280,h_210,f_jpg?from=ke.com
20230717,密云,古北口镇,101119519873,龙湖长城源著1号院 环境优美 叠院户型 两居室 精装修,160万,19310元/平,底层 (共4层) | 2016年建 | 2室1厅 | 82.86平米 | 南 北,https://ke-image.ljcdn.com/110000-inspection/pc1_4CYxSfuzS.jpg!m_fill,w_280,h_210,f_jpg?from=ke.com
20230717,密云,古北口镇,101119511728,70年产权此房位于古北水镇景区位置好风景优美。,96万,16831元/平,低楼层 (共6层) 1室2厅 | 57.04平米 | 东,https://ke-image.ljcdn.com/110000-inspection/pc1_VsrZ2YiMx_1.jpg!m_fill,w_280,h_210,f_jpg?from=ke.com
20230717,密云,古北口镇,101119498892,龙湖长城源著2号院70年产权可观长城,126万,15054元/平,顶层 (共3层) 2室1厅 | 83.7平米 | 南 北,https://ke-image.ljcdn.com/110000-inspection/pc1_tm1sVQEAj.jpg!m_fill,w_280,h_210,f_jpg?from=ke.com
20230717,密云,古北口镇,101119431460,长城源著 二期叠院产品 中叠 视野好,166万,19938元/平,低楼层 (共3层) 2室1厅 | 83.26平米 | 南 北,https://ke-image.ljcdn.com/110000-inspection/pc1_A4J4yG418.jpg!m_fill,w_280,h_210,f_jpg?from=ke.com
20230717,密云,古北口镇,101119433416,龙湖长城源著1号院 70年产权商品房 景色优美,130万,24146元/平,低楼层 (共3层) | 2015年建 | 2室1厅 | 53.84平米 | 南 北,https://ke-image.ljcdn.com/110000-inspection/pc1_zFxXPNNna.jpg!m_fill,w_280,h_210,f_jpg?from=ke.com
20230717,密云,古北口镇,101119432193,龙湖长城源著2号院  70年产权 电梯房+,185万,21475元/平,中楼层 (共4层) 2室1厅 | 86.15平米 | 南 北,https://ke-image.ljcdn.com/110000-inspection/pc1_NKIkqbx7h.jpg!m_fill,w_280,h_210,f_jpg?from=ke.com
20230717,密云,古北口镇,101119375177,古北水镇观景洋房依山傍水环境优美70年产权。,123万,15464元/平,中楼层 (共8层) | 2015年建 | 2室2厅 | 79.54平米 | 东 西,https://ke-image.ljcdn.com/110000-inspection/pc1_tqDRW06DW.jpg!m_fill,w_280,h_210,f_jpg?from=ke.com
20230717,密云,古北口镇,101119353308,龙湖长城源著2号院 环境优美 70年产权商品房,110万,17348元/平,底层 (共4层) 2室1厅 | 63.41平米 | 南 北,https://ke-image.ljcdn.com/110000-inspection/pc1_hhwMUzB3u.jpg!m_fill,w_280,h_210,f_jpg?from=ke.com
20230717,密云,古北口镇,101119338187,龙湖长城源著1号院 户型方正 满二精装修,160万,20274元/平,中楼层 (共8层) | 2015年建 | 2室2厅 | 78.92平米 | 东 西,https://ke-image.ljcdn.com/110000-inspection/pc1_1pMOHiKxK_1.jpg!m_fill,w_280,h_210,f_jpg?from=ke.com
20230717,密云,古北口镇,101119310141,长城源著 二期叠院产品 上叠 视野好,115万,13547元/平,顶层 (共5层) | 2018年建 | 2室1厅 | 84.89平米 | 南 北,https://ke-image.ljcdn.com/110000-inspection/pc1_udH1YeSPy.jpg!m_fill,w_280,h_210,f_jpg?from=ke.com
20230717,密云,古北口镇,101119284142,龙湖长城源著2号院 小区环境好物业管理好,145万,22710元/平,底层 (共4层) | 2015年建 | 2室1厅 | 63.85平米 | 南 北,https://ke-image.ljcdn.com/110000-inspection/pc1_aBCB1cqWq.jpg!m_fill,w_280,h_210,f_jpg?from=ke.com
20230717,密云,古北口镇,101119271140,龙湖长城源著2号院70年产权龙湖自持物业山景房,78万,21435元/平,高楼层 (共6层) | 2018年建 | 1室0厅 | 36.39平米 | 西,https://ke-image.ljcdn.com/110000-inspection/pc1_RvmOX9SCY_1.jpg!m_fill,w_280,h_210,f_jpg?from=ke.com
20230717,密云,古北口镇,101119271002,古北水镇观景洋房依山傍水环境优美70年产权。,188万,22613元/平,底层 (共3层) | 2015年建 | 2室1厅 | 83.14平米 | 南,https://ke-image.ljcdn.com/110000-inspection/pc1_O9ZIF2HJW_1.jpg!m_fill,w_280,h_210,f_jpg?from=ke.com
20230717,密云,古北口镇,101119263051,龙湖长城源著2号院  洋房两居 诚意出售 随时签约,150万,17922元/平,中楼层 (共4层) 2室2厅 | 83.7平米 | 南 北,https://ke-image.ljcdn.com/110000-inspection/pc1_fNzfJInF0.jpg!m_fill,w_280,h_210,f_jpg?from=ke.com
20230717,密云,古北口镇,101119252863,龙湖长城源著2号院 1室1厅 南,85万,20870元/平,高楼层 (共6层) 1室1厅 | 40.73平米 | 南,https://ke-image.ljcdn.com/110000-inspection/pc1_UUeCE6TUT.jpg!m_fill,w_280,h_210,f_jpg?from=ke.com
20230717,密云,古北口镇,101119239917,龙湖长城源著2号院能看长城 环境好,78万,21435元/平,高楼层 (共6层) 1室0厅 | 36.39平米 | 西,https://ke-image.ljcdn.com/110000-inspection/pc1_xlSBqvfXu.jpg!m_fill,w_280,h_210,f_jpg?from=ke.com
20230717,密云,古北口镇,101119239415,龙湖长城源著2号院 1室1厅 南 北,95万,17214元/平,底层 (共6层) 1室1厅 | 55.19平米 | 南 北,https://ke-image.ljcdn.com/110000-inspection/pc1_aL0uRpnE3_1.jpg!m_fill,w_280,h_210,f_jpg?from=ke.com
20230717,密云,古北口镇,101119233943,龙湖长城源著1号院成熟物业环境优美精装入住,137万,25484元/平,中楼层 (共4层) | 2015年建 | 2室1厅 | 53.76平米 | 东,https://ke-image.ljcdn.com/110000-inspection/pc1_r2NNky2Vb_1.jpg!m_fill,w_280,h_210,f_jpg?from=ke.com
20230717,密云,古北口镇,101119179293,龙湖长城源著2号院环境优美龙湖自持物业70年产权,80万,14483元/平,高楼层 (共6层) 1室1厅 | 55.24平米 | 东,https://ke-image.ljcdn.com/110000-inspection/pc1_87D38OsWY.jpg!m_fill,w_280,h_210,f_jpg?from=ke.com
20230717,密云,古北口镇,101119168937,龙湖长城源著2号院 诚心出售 看房方便,96万,16363元/平,高楼层 (共6层) | 2018年建 | 1室1厅 | 58.67平米 | 南,https://ke-image.ljcdn.com/110000-inspection/pc1_gjd4ZIF5n.jpg!m_fill,w_280,h_210,f_jpg?from=ke.com
20230717,密云,古北口镇,101119167389,龙湖长城源著2号院  诚心出售 看房方便,95万,18214元/平,顶层 (共6层) | 2018年建 | 1室1厅 | 52.16平米 | 南,https://ke-image.ljcdn.com/110000-inspection/pc1_GljlVZKTs.jpg!m_fill,w_280,h_210,f_jpg?from=ke.com
20230717,密云,古北口镇,101119095430,龙湖长城源著2号院 诚意出售 随时签约,75万,20611元/平,底层 (共6层) 1室0厅 | 36.39平米 | 东,https://ke-image.ljcdn.com/110000-inspection/pc1_qvvzUwjoJ.jpg!m_fill,w_280,h_210,f_jpg?from=ke.com
20230717,密云,古北口镇,101119077085,龙湖长城源著燕京楼环境优美视野开阔,450万,45000元/平,底层 (共2层) 3室2厅 | 100平米 | 南,https://ke-image.ljcdn.com/110000-inspection/pc1_pjn6v6aAf.jpg!m_fill,w_280,h_210,f_jpg?from=ke.com
20230717,密云,古北口镇,101119072920,龙湖长城源著2号院 精装一居 看长城景,87万,21794元/平,高楼层 (共6层) 1室0厅 | 39.92平米 | 南,https://ke-image.ljcdn.com/110000-inspection/pc1_FGM9xAurz_1.jpg!m_fill,w_280,h_210,f_jpg?from=ke.com
20230717,密云,古北口镇,101119040685,龙湖长城源著燕京楼、半山别墅区、可看长城、水镇,430万,37178元/平,底层 (共3层) 3室1厅 | 115.66平米 | 东 南 北,https://ke-image.ljcdn.com/110000-inspection/pc1_BYaqqD2hJ_1.jpg!m_fill,w_280,h_210,f_jpg?from=ke.com
20230717,密云,古北口镇,101119027163,龙湖长城源著1号院  精装修 视野开阔 采光好,118万,28908元/平,中楼层 (共9层) | 2015年建 | 1室1厅 | 40.82平米 | 南,https://ke-image.ljcdn.com/110000-inspection/pc1_FIKvopYD8.jpg!m_fill,w_280,h_210,f_jpg?from=ke.com
20230717,密云,古北口镇,101118980732,龙湖长城源著2号院 叠院两居 诚意出售 随时签约,158万,18613元/平,中楼层 (共4层) | 2019年建 | 2室1厅 | 84.89平米 | 北 南,https://ke-image.ljcdn.com/110000-inspection/pc1_3Hs5rSfcm.jpg!m_fill,w_280,h_210,f_jpg?from=ke.com
20230717,密云,古北口镇,101118972101,龙湖长城源著2号院 视野开阔无遮挡 满二精装修,160万,18848元/平,中楼层 (共4层) | 2019年建 | 2室2厅 | 84.89平米 | 南 北,https://ke-image.ljcdn.com/110000-inspection/pc1_K7I7JNDCC_1.jpg!m_fill,w_280,h_210,f_jpg?from=ke.com
20230717,密云,古北口镇,101118872241,龙湖长城源著1号院 70年产权,130万,16344元/平,中楼层 (共8层) 2室1厅 | 79.54平米 | 东 西,https://ke-image.ljcdn.com/110000-inspection/pc1_gSJfT9tG6.jpg!m_fill,w_280,h_210,f_jpg?from=ke.com
20230717,密云,古北口镇,101118872001,長城源著复式洋房两居满五唯一无抵押无户口。房主自荐,105万,13395元/平,中楼层 (共8层) 2室1厅 | 78.39平米 | 东,https://ke-image.ljcdn.com/110000-inspection/pc1_k2ItgiRam_1.jpg!m_fill,w_280,h_210,f_jpg?from=ke.com
20230717,密云,古北口镇,101118866985,龙湖长城源著2号院别墅叠院70年产权。,103万,12756元/平,中楼层 (共4层) 2室1厅 | 80.75平米 | 南 北 西,https://ke-image.ljcdn.com/110000-inspection/pc1_IhOfhyIoT_1.jpg!m_fill,w_280,h_210,f_jpg?from=ke.com
20230717,密云,古北口镇,101118855749,卧室有阳台卧室有卫生间有电梯2室2厅2卫,168万,20210元/平,底层 (共3层) 2室2厅 | 83.13平米 | 东 西,https://ke-image.ljcdn.com/110000-inspection/pc1_IVDlSzz8A.jpg!m_fill,w_280,h_210,f_jpg?from=ke.com
20230717,密云,古北口镇,101118842477,龙湖长城源著1号院 一层 70年产权。,130万,16584元/平,底层 (共8层) 2室1厅 | 78.39平米 | 东 西,https://ke-image.ljcdn.com/110000-inspection/pc1_wVivCUAIT.jpg!m_fill,w_280,h_210,f_jpg?from=ke.com
20230717,密云,古北口镇,101118836461,龙湖长城源著2号院 诚心出售 看房方便,175万,21999元/平,低楼层 (共6层) | 2018年建 | 2室1厅 | 79.55平米 | 南,https://ke-image.ljcdn.com/110000-inspection/pc1_DA4UmzolX.jpg!m_fill,w_280,h_210,f_jpg?from=ke.com
20230717,密云,古北口镇,101118829591,龙湖长城源著2号院  叠院两居 诚意出售 随时签约,128万,15079元/平,顶层 (共3层) | 2019年建 | 2室1厅 | 84.89平米 | 南 北,https://ke-image.ljcdn.com/110000-inspection/pc1_TVyfiVaOu.jpg!m_fill,w_280,h_210,f_jpg?from=ke.com
20230717,密云,古北口镇,101118762000,龙湖长城源著2号院环境优美70年产权。房主自荐,138万,16211元/平,中楼层 (共4层) | 2018年建 | 2室1厅 | 85.13平米 | 南 北,https://ke-image.ljcdn.com/110000-inspection/pc1_rf4LpwNTS_1.jpg!m_fill,w_280,h_210,f_jpg?from=ke.com
20230717,密云,古北口镇,101118708588,龙湖长城源著燕京楼、半山别墅、采光视野好、安静,429万,36774元/平,底层 (共2层) | 2018年建 | 3室4厅 | 116.66平米 | 东 南 北,https://ke-image.ljcdn.com/110000-inspection/pc1_ytZ52zJtt.jpg!m_fill,w_280,h_210,f_jpg?from=ke.com
20230717,密云,古北口镇,101118706451,龙湖精装修上叠诚意出售观景房南北通透房主自荐,109万,12998元/平,中楼层 (共4层) | 2018年建 | 2室1厅 | 83.86平米 | 南 北,https://ke-image.ljcdn.com/110000-inspection/pc1_kSO91fAfE_1.jpg!m_fill,w_280,h_210,f_jpg?from=ke.com
20230717,密云,古北口镇,101118672385,70年产权物业品质好景观好普通住宅精装修。,85万,23256元/平,中楼层 (共6层) | 2018年建 | 1室0厅 | 36.55平米 | 东,https://ke-image.ljcdn.com/110000-inspection/pc1_J3LVTezec_1.jpg!m_fill,w_280,h_210,f_jpg?from=ke.com
20230717,密云,古北口镇,101118570057,此房在龙湖一期精装修有阳台可以观景,99.9万,24716元/平,底层 (共8层) | 2015年建 | 1室1厅 | 40.42平米 | 东 西,https://ke-image.ljcdn.com/110000-inspection/pc1_6IULd1he3_1.jpg!m_fill,w_280,h_210,f_jpg?from=ke.com
20230717,密云,古北口镇,101118569171,70年产权正规商品房 适合度假 可观山景,130万,16344元/平,高楼层 (共8层) 1室1厅 | 79.54平米 | 南 北,https://ke-image.ljcdn.com/110000-inspection/pc1_swL6nWtpF.jpg!m_fill,w_280,h_210,f_jpg?from=ke.com
20230717,密云,古北口镇,101118551172,两室一厅精装70年大产权龙湖物业古北水镇,104万,16606元/平,底层 (共4层) | 2016年建 | 2室1厅 | 62.63平米 | 南,https://ke-image.ljcdn.com/110000-inspection/pc1_KQO8mDyZ9_1.jpg!m_fill,w_280,h_210,f_jpg?from=ke.com
20230717,密云,古北口镇,101118544550,：古北水镇观景别墅依山傍水环境优美70年产权,155万,30920元/平,低楼层 (共3层) 2室1厅 | 50.13平米 | 南 北,https://ke-image.ljcdn.com/110000-inspection/pc1_nfRW78D0g.jpg!m_fill,w_280,h_210,f_jpg?from=ke.com
20230717,密云,古北口镇,101118527491,龙湖长城源著1号院   叠院户型  位置好  诚意出售,175万,22178元/平,底层 (共3层) | 2015年建 | 2室1厅 | 78.91平米 | 南 北,https://ke-image.ljcdn.com/110000-inspection/pc1_HiFwmFqml_1.jpg!m_fill,w_280,h_210,f_jpg?from=ke.com
20230717,密云,古北口镇,101118525772,龙湖长城源著2号院 电梯洋房 环境优美,80万,24465元/平,顶层 (共6层) | 2018年建 | 1室0厅 | 32.7平米 | 东,https://ke-image.ljcdn.com/110000-inspection/pc1_U5LVM0vZu_1.jpg!m_fill,w_280,h_210,f_jpg?from=ke.com
20230717,密云,古北口镇,101118523909,龙湖长城源著2号院70年产权观景房,103万,16160元/平,底层 (共4层) 2室1厅 | 63.74平米 | 南 北,https://ke-image.ljcdn.com/110000-inspection/pc1_YHiypz7Gi_1.jpg!m_fill,w_280,h_210,f_jpg?from=ke.com
20230717,密云,古北口镇,101118499888,龙湖长城源著东望楼 合院别墅 精装修 看长城  带温泉,499万,43597元/平,底层 (共2层) 4室2厅 | 114.46平米 | 南 北,https://ke-image.ljcdn.com/110000-inspection/pc1_MLJCLNKCV_1.jpg!m_fill,w_280,h_210,f_jpg?from=ke.com
20230717,密云,古北口镇,101118508591,环境优美 70年产权  精装修,83万,17142元/平,顶层 (共6层) | 2018年建 | 1室1厅 | 48.42平米 | 东,https://ke-image.ljcdn.com/110000-inspection/pc1_sl2bvrji3_1.jpg!m_fill,w_280,h_210,f_jpg?from=ke.com
20230717,密云,古北口镇,101118502355,龙湖长城源著二期 精装两居 诚意出售 随时签约,170万,19686元/平,中楼层 (共4层) 2室1厅 | 86.36平米 | 南 北,https://ke-image.ljcdn.com/110000-inspection/pc1_xXb6gI58T_1.jpg!m_fill,w_280,h_210,f_jpg?from=ke.com
20230717,密云,古北口镇,101118430970,龙湖长城源著2号院 精装修 朝南采光好 楼层好房主自荐,80万,20041元/平,高楼层 (共6层) | 2018年建 | 1室0厅 | 39.92平米 | 南,https://ke-image.ljcdn.com/110000-inspection/pc1_sjRZjD2Rk_1.jpg!m_fill,w_280,h_210,f_jpg?from=ke.com
20230717,密云,古北口镇,101118407421,70年产权龙湖长城源著 精装 诚意出售 随时签约,110万,13795元/平,中楼层 (共4层) 2室1厅 | 79.74平米 | 南 北,https://ke-image.ljcdn.com/110000-inspection/pc1_zjZS5aghf_1.jpg!m_fill,w_280,h_210,f_jpg?from=ke.com
20230717,密云,古北口镇,101118407223,70年产权 密云区商品房精装修拎包入住,118万,14834元/平,中楼层 (共4层) 2室1厅 | 79.55平米 | 南 北,https://ke-image.ljcdn.com/110000-inspection/pc1_IZTPVS7RE_1.jpg!m_fill,w_280,h_210,f_jpg?from=ke.com
20230717,密云,古北口镇,101118380436,70年产权 业主诚心出售   随时签约  可以随时看房房主自荐,91.8万,14437元/平,底层 (共4层) | 2018年建 | 2室1厅 | 63.59平米 | 南 北,https://ke-image.ljcdn.com/110000-inspection/pc1_Q8RlMhDga.jpg!m_fill,w_280,h_210,f_jpg?from=ke.com
20230717,密云,古北口镇,101118379210,龙湖长城源著2号院70年产权,100万,11780元/平,中楼层 (共4层) 2室1厅 | 84.89平米 | 南 北,https://ke-image.ljcdn.com/110000-inspection/pc1_dYjksNCN9.jpg!m_fill,w_280,h_210,f_jpg?from=ke.com
20230717,密云,古北口镇,101118360780,龙湖长城源著1号院 户型方正 满二精装修 叠院两居,142万,26365元/平,低楼层 (共3层) | 2015年建 | 2室1厅 | 53.86平米 | 南 北,https://ke-image.ljcdn.com/110000-inspection/pc1_0Iy9Wdk0z_1.jpg!m_fill,w_280,h_210,f_jpg?from=ke.com
20230717,密云,古北口镇,101118309485,龙湖长城源著2号院 户型方正 精装修 叠院两居,150万,17670元/平,中楼层 (共4层) 2室1厅 | 84.89平米 | 南 北,https://ke-image.ljcdn.com/110000-inspection/pc1_VziJ7sgAo_1.jpg!m_fill,w_280,h_210,f_jpg?from=ke.com
20230717,密云,古北口镇,101118299663,电梯洋房环境优美龙湖自持物业70年产权。,120万,15085元/平,中楼层 (共4层) 2室1厅 | 79.55平米 | 南 北,https://ke-image.ljcdn.com/110000-inspection/pc1_zN6gx0BvF_1.jpg!m_fill,w_280,h_210,f_jpg?from=ke.com
20230717,密云,古北口镇,101118276267,低密度别墅依山傍水龙湖自持物业70年产权。,160万,18528元/平,中楼层 (共4层) | 2016年建 | 2室1厅 | 86.36平米 | 南 北,https://ke-image.ljcdn.com/110000-inspection/pc1_aK8REF7zv.jpg!m_fill,w_280,h_210,f_jpg?from=ke.com
20230717,密云,古北口镇,101118242079,龙湖长城源著1号院、70年产权商品房、可托管公司,114万,28352元/平,底层 (共8层) | 2015年建 | 1室0厅 | 40.21平米 | 南,https://ke-image.ljcdn.com/110000-inspection/pc1_5oGYwVHeU_1.jpg!m_fill,w_280,h_210,f_jpg?from=ke.com
20230717,密云,古北口镇,101118218613,龙湖长城源著2号院70年产权观景洋房精装修,90万,16391元/平,低楼层 (共7层) | 2018年建 | 1室1厅 | 54.91平米 | 东,https://ke-image.ljcdn.com/110000-inspection/pc1_9Dt9XGFbR_1.jpg!m_fill,w_280,h_210,f_jpg?from=ke.com
20230717,密云,古北口镇,101118198128,龙湖长城源著1号院 满二精装修 2跃3两居,146万,27158元/平,低楼层 (共3层) | 2015年建 | 2室1厅 | 53.76平米 | 南 北,https://ke-image.ljcdn.com/110000-inspection/pc1_if1B8Sicf_1.jpg!m_fill,w_280,h_210,f_jpg?from=ke.com
20230717,密云,古北口镇,101118165265,龙湖长城源著1号院 叠院两居 跃层户型 两个卫生间,185万,22333元/平,底层 (共3层) | 2015年建 | 2室1厅 | 82.84平米 | 南 北,https://ke-image.ljcdn.com/110000-inspection/pc1_f6DCLU0Ow_1.jpg!m_fill,w_280,h_210,f_jpg?from=ke.com
20230717,密云,古北口镇,101118112667,龙湖长城源著二期 精装两居 诚意出售 随时签约,133万,15967元/平,顶层 (共4层) | 2018年建 | 2室1厅 | 83.3平米 | 南 北,https://ke-image.ljcdn.com/110000-inspection/pc1_0ca5Ccver_1.jpg!m_fill,w_280,h_210,f_jpg?from=ke.com
20230717,密云,古北口镇,101118091387,龙湖长城源著1号院 观景电梯房  70年产权,140万,17740元/平,中楼层 (共8层) 2室2厅 | 78.92平米 | 南 北,https://ke-image.ljcdn.com/110000-inspection/pc1_7LktWsafD.jpg!m_fill,w_280,h_210,f_jpg?from=ke.com
20230717,密云,古北口镇,101118089106,龙湖长城源著钥华楼 合院别墅  随时签约 70年产权,388万,31979元/平,底层 (共2层) 3室2厅 | 121.33平米 | 南 北,https://ke-image.ljcdn.com/110000-inspection/pc1_kKv81Q6Ga.jpg!m_fill,w_280,h_210,f_jpg?from=ke.com
20230717,密云,古北口镇,101118089074,龙湖长城源著钥华楼 合院别墅 诚意出售 70年产权,368万,30376元/平,底层 (共2层) 3室2厅 | 121.15平米 | 南 北,https://ke-image.ljcdn.com/110000-inspection/pc1_xcQgXYBVn.jpg!m_fill,w_280,h_210,f_jpg?from=ke.com
20230717,密云,古北口镇,101118072198,龙湖长城源著2号院 空房两居 业主诚心出售,160万,18573元/平,中楼层 (共4层) | 2019年建 | 2室2厅 | 86.15平米 | 南 北,https://ke-image.ljcdn.com/110000-inspection/pc1_rX9QXlILA_1.jpg!m_fill,w_280,h_210,f_jpg?from=ke.com
20230717,密云,古北口镇,101118070185,龙湖长城源著2号院70年产权 小区环境好,93万,15721元/平,低楼层 (共6层) | 2018年建 | 1室1厅 | 59.16平米 | 南,https://ke-image.ljcdn.com/110000-inspection/pc1_KnxqNR01J_1.jpg!m_fill,w_280,h_210,f_jpg?from=ke.com
20230717,密云,古北口镇,101118067277,龙湖长城源著2号院  纯南向 采光好  视野好,90万,24457元/平,顶层 (共6层) 1室1厅 | 36.8平米 | 南,https://ke-image.ljcdn.com/110000-inspection/pc1_CS5QCiaKc.jpg!m_fill,w_280,h_210,f_jpg?from=ke.com
20230717,密云,古北口镇,101117961558,龙湖长城源著2期 东边户 厨卫都有窗户前后无遮挡,123万,15195元/平,中楼层 (共4层) 2室1厅 | 80.95平米 | 南 北,https://ke-image.ljcdn.com/110000-inspection/pc1_Gy2uUcHyC.jpg!m_fill,w_280,h_210,f_jpg?from=ke.com
20230717,密云,古北口镇,101117933405,龙湖长城源著1号院 视野开阔 观景效果好房主自荐,155万,18561元/平,底层 (共3层) 2室1厅 | 83.51平米 | 南 北,https://ke-image.ljcdn.com/110000-inspection/pc1_Xdxn3DlCp.jpg!m_fill,w_280,h_210,f_jpg?from=ke.com
20230717,密云,古北口镇,101117885807,龙湖长城源著2号院、长城景观房、70年产权,95.8万,26326元/平,中楼层 (共6层) 1室0厅 | 36.39平米 | 东,https://ke-image.ljcdn.com/110000-inspection/pc1_P4YRsextf_1.jpg!m_fill,w_280,h_210,f_jpg?from=ke.com
20230717,密云,古北口镇,101117869720,古北水镇环境优美龙湖自持物业70年产权。,168万,21119元/平,中楼层 (共4层) 2室0厅 | 79.55平米 | 南 北,https://ke-image.ljcdn.com/110000-inspection/pc1_HuXWjQD7x.jpg!m_fill,w_280,h_210,f_jpg?from=ke.com
20230717,密云,古北口镇,101117869679,古北水镇环境优美龙湖自持物业70年产权。,150万,17621元/平,中楼层 (共4层) 2室1厅 | 85.13平米 | 南 北,https://ke-image.ljcdn.com/110000-inspection/pc1_Bop4YVTzV.jpg!m_fill,w_280,h_210,f_jpg?from=ke.com
20230717,密云,古北口镇,101117816250,龙湖长城源著2号院 视野开阔环境优美 户型方正,105万,18032元/平,低楼层 (共6层) | 2018年建 | 1室1厅 | 58.23平米 | 西,https://ke-image.ljcdn.com/110000-inspection/pc1_PoyPDSlWx_1.jpg!m_fill,w_280,h_210,f_jpg?from=ke.com
20230717,密云,古北口镇,101117744030,龙湖长城源著2号院精装修叠拼,138万,16219元/平,中楼层 (共4层) | 2018年建 | 2室1厅 | 85.09平米 | 南 北,https://ke-image.ljcdn.com/110000-inspection/pc1_u1acF9IBl.jpg!m_fill,w_280,h_210,f_jpg?from=ke.com
20230717,密云,古北口镇,101117736457,龙湖长城源著1号院 精装修 视野开阔 采光好,88万,32654元/平,低楼层 (共9层) | 2015年建 | 1室0厅 | 26.95平米 | 东,https://ke-image.ljcdn.com/110000-inspection/pc1_apgkARZ8E.jpg!m_fill,w_280,h_210,f_jpg?from=ke.com
20230717,密云,古北口镇,101117719261,龙湖长城源著1号院 叠拼户型上叠户型实地看本房房主自荐,160万,31822元/平,低楼层 (共3层) 4室1厅 | 50.28平米 | 北 南,https://ke-image.ljcdn.com/110000-inspection/pc1_FHFROwETd.jpg!m_fill,w_280,h_210,f_jpg?from=ke.com
20230717,密云,古北口镇,101117666507,龙湖长城源著1号院 精装修 在小区门口 位置好,180万,22913元/平,底层 (共4层) 2室1厅 | 78.56平米 | 南 北,https://ke-image.ljcdn.com/110000-inspection/pc1_0HeaZYQwG.jpg!m_fill,w_280,h_210,f_jpg?from=ke.com
20230717,密云,古北口镇,101117558796,龙湖长城源著2号院 观景电梯房 楼层好 70年产权房主自荐,79万,21686元/平,底层 (共6层) | 2018年建 | 1室0厅 | 36.43平米 | 西,https://ke-image.ljcdn.com/110000-inspection/pc1_DnJArzIaj.jpg!m_fill,w_280,h_210,f_jpg?from=ke.com
20230717,密云,古北口镇,101117541361,龙湖长城源著2号院 满二 诚心出售,78.8万,19347元/平,低楼层 (共6层) 1室0厅 | 40.73平米 | 南,https://ke-image.ljcdn.com/110000-inspection/pc1_x2Re9yNNn.jpg!m_fill,w_280,h_210,f_jpg?from=ke.com
20230717,密云,古北口镇,101117469076,龙湖长城源著观景别墅精装修商品房70年产权。,150万,17971元/平,底层 (共3层) | 2016年建 | 2室1厅 | 83.47平米 | 南 北,https://ke-image.ljcdn.com/110000-inspection/pc1_yeoKakzFe.jpg!m_fill,w_280,h_210,f_jpg?from=ke.com
20230717,密云,古北口镇,101117412266,龙湖1号院 户型方正 观景房采光好 产权清晰环境优美,108万,13615元/平,中楼层 (共8层) | 2015年建 | 2室1厅 | 79.33平米 | 东南 西北,https://ke-image.ljcdn.com/110000-inspection/pc1_jwFvaIGgS.jpg!m_fill,w_280,h_210,f_jpg?from=ke.com
20230717,密云,古北口镇,101117385161,龙湖长城源著观景别墅精装修商品房70年产权。,133万,26458元/平,低楼层 (共3层) | 2015年建 | 2室1厅 | 50.27平米 | 南 北,https://ke-image.ljcdn.com/110000-inspection/pc1_CmZJf4kiv_1.jpg!m_fill,w_280,h_210,f_jpg?from=ke.com
20230717,密云,古北口镇,101117357663,龙湖长城源著2号院 70年大产权 邻古北水镇 两居,132万,20817元/平,底层 (共4层) | 2018年建 | 2室1厅 | 63.41平米 | 东 西,https://ke-image.ljcdn.com/110000-inspection/pc1_GlRLFopVi_1.jpg!m_fill,w_280,h_210,f_jpg?from=ke.com
20230717,密云,古北口镇,101117324165,龙湖长城源著2号院、70年产权商品房、观长城、视野好,85万,23359元/平,中楼层 (共6层) 1室0厅 | 36.39平米 | 东,https://ke-image.ljcdn.com/110000-inspection/pc1_QXTvx0M5R.jpg!m_fill,w_280,h_210,f_jpg?from=ke.com
20230717,密云,古北口镇,101117290982,龙湖长城源著2号院 诚心出售看房方便,130万,23676元/平,中楼层 (共7层) | 2018年建 | 1室1厅 | 54.91平米 | 东,https://ke-image.ljcdn.com/110000-inspection/pc1_mgYjvqXSZ_1.jpg!m_fill,w_280,h_210,f_jpg?from=ke.com
20230717,密云,古北口镇,101117257615,龙湖长城源著2号院 洋房一居 户型方正房主自荐,81万,22041元/平,底层 (共6层) 1室0厅 | 36.75平米 | 东,https://ke-image.ljcdn.com/110000-inspection/pc1_X1al0kSYf.jpg!m_fill,w_280,h_210,f_jpg?from=ke.com
20230717,密云,古北口镇,101117222641,古北水镇附近 观景洋房 70年产权,128万,15079元/平,中楼层 (共4层) 2室1厅 | 84.89平米 | 南 北,https://ke-image.ljcdn.com/110000-inspection/pc1_NA6g5hwL1.jpg!m_fill,w_280,h_210,f_jpg?from=ke.com
20230717,密云,古北口镇,101117221925,古北水镇附近观景洋房 诚意出售,88万,24183元/平,底层 (共6层) | 2018年建 | 1室0厅 | 36.39平米 | 南,https://ke-image.ljcdn.com/110000-inspection/pc1_c8ete30ZI_1.jpg!m_fill,w_280,h_210,f_jpg?from=ke.com
20230717,密云,古北口镇,101117176558,商品房70年产权 精装修拎包入住随时看房,111万,13326元/平,中楼层 (共4层) | 2018年建 | 2室1厅 | 83.3平米 | 南 北,https://ke-image.ljcdn.com/110000-inspection/pc1_a85q4uAaY_1.jpg!m_fill,w_280,h_210,f_jpg?from=ke.com
20230717,密云,古北口镇,101117164159,龙湖长城源著观景别墅精装修商品房70年产权。,145万,26857元/平,低楼层 (共3层) | 2015年建 | 2室1厅 | 53.99平米 | 南 北,https://ke-image.ljcdn.com/110000-inspection/pc1_6mSR4g1fs.jpg!m_fill,w_280,h_210,f_jpg?from=ke.com
20230717,密云,古北口镇,101117147599,龙湖长城源著2期阳台正对长城景观精装70年产权房主自荐,85万,20870元/平,底层 (共6层) 1室1厅 | 40.73平米 | 南,https://ke-image.ljcdn.com/110000-inspection/pc1_BISIgfd6f.jpg!m_fill,w_280,h_210,f_jpg?from=ke.com
20230717,密云,古北口镇,101117123678,龙湖长城源著2期阳台正对长城景观精装70年产权,82万,22491元/平,中楼层 (共7层) 1室1厅 | 36.46平米 | 西,https://ke-image.ljcdn.com/110000-inspection/pc1_BpjHB09k2.jpg!m_fill,w_280,h_210,f_jpg?from=ke.com
20230717,密云,古北口镇,101117112433,龙湖长城源著2号院     采光好,90万,24685元/平,低楼层 (共7层) 1室0厅 | 36.46平米 | 东南,https://ke-image.ljcdn.com/110000-inspection/pc1_85Gt4RFRp.jpg!m_fill,w_280,h_210,f_jpg?from=ke.com
20230717,密云,古北口镇,101117111417,商品房满2年小区环境好业主诚心出售,79.8万,21930元/平,中楼层 (共6层) 1室1厅 | 36.39平米 | 西,https://ke-image.ljcdn.com/110000-inspection/pc1_047atOeB4.jpg!m_fill,w_280,h_210,f_jpg?from=ke.com
20230717,密云,古北口镇,101117067124,龙湖长城源著2号院精装修70年产权商品房,160万,19815元/平,低楼层 (共3层) | 2019年建 | 2室1厅 | 80.75平米 | 南 北,https://ke-image.ljcdn.com/110000-inspection/pc1_I5iW32mGJ_1.jpg!m_fill,w_280,h_210,f_jpg?from=ke.com
20230717,密云,古北口镇,101117046874,龙湖长城源著1号院 商品房 诚意出售 可观景,120万,15127元/平,中楼层 (共8层) | 2015年建 | 2室1厅 | 79.33平米 | 东 西,https://ke-image.ljcdn.com/110000-inspection/pc1_u9vg4mbLA.jpg!m_fill,w_280,h_210,f_jpg?from=ke.com
20230717,密云,古北口镇,101116999358,龙湖长城源著1号院精装修复式独立两居房主自荐,135万,17018元/平,高楼层 (共8层) 2室2厅 | 79.33平米 | 南 北,https://ke-image.ljcdn.com/110000-inspection/pc1_Ea75vzYWN_1.jpg!m_fill,w_280,h_210,f_jpg?from=ke.com
20230717,密云,古北口镇,101116977270,卧室有卫生间开放厨房有电梯2室1厅1卫,208万,26220元/平,底层 (共9层) | 2015年建 | 2室1厅 | 79.33平米 | 东 西,https://ke-image.ljcdn.com/110000-inspection/pc1_KWya2JKa3_1.jpg!m_fill,w_280,h_210,f_jpg?from=ke.com
20230717,密云,古北口镇,101116973668,龙湖长城源著1号院 普通住宅 70年产权,120万,15127元/平,高楼层 (共8层) | 2015年建 | 2室1厅 | 79.33平米 | 东 西,https://ke-image.ljcdn.com/110000-inspection/pc1_NGtdMVyu1_1.jpg!m_fill,w_280,h_210,f_jpg?from=ke.com
20230717,密云,古北口镇,101116972113,龙湖长城源著2号院 业主诚心出售 看房方便,77.5万,23701元/平,顶层 (共6层) 1室1厅 | 32.7平米 | 西,https://ke-image.ljcdn.com/110000-inspection/pc1_iV2nwfDcw_1.jpg!m_fill,w_280,h_210,f_jpg?from=ke.com
20230717,密云,古北口镇,101116828906,此房70年产权格局好楼层采光充足精装修。,135万,16494元/平,中楼层 (共4层) 2室2厅 | 81.85平米 | 西 东,https://ke-image.ljcdn.com/110000-inspection/pc1_5PSetTsAk.jpg!m_fill,w_280,h_210,f_jpg?from=ke.com
20230717,密云,古北口镇,101116749946,龙湖长城源著2号院、70年产权商品房普通住宅,100万,27450元/平,底层 (共6层) 1室1厅 | 36.43平米 | 东,https://ke-image.ljcdn.com/110000-inspection/pc1_p8bNzflvw.jpg!m_fill,w_280,h_210,f_jpg?from=ke.com
20230717,密云,古北口镇,101116689336,龙湖长城源著1号院 2室1厅 东 西房主自荐,121万,22449元/平,低楼层 (共3层) | 2015年建 | 2室1厅 | 53.9平米 | 东 西,https://ke-image.ljcdn.com/110000-inspection/pc1_xCkYjn1ly.jpg!m_fill,w_280,h_210,f_jpg?from=ke.com
20230717,密云,古北口镇,101116597366,龙湖长城源著1号院风景如画环境好,126万,25110元/平,低楼层 (共3层) | 2015年建 | 2室1厅 | 50.18平米 | 南 北,https://ke-image.ljcdn.com/110000-inspection/pc1_Xze1yEqQF.jpg!m_fill,w_280,h_210,f_jpg?from=ke.com
20230717,密云,古北口镇,101116560364,龙湖长城源著2号院 南北带阳台 随时签约,125万,14906元/平,顶层 (共3层) | 2018年建 | 2室2厅 | 83.86平米 | 南 北,https://ke-image.ljcdn.com/110000-inspection/pc1_BXKJmGjyk_1.jpg!m_fill,w_280,h_210,f_jpg?from=ke.com
20230717,密云,古北口镇,101116541086,龙湖长城源著2号院 电梯观景房 70年产权,90万,15438元/平,底层 (共6层) 1室1厅 | 58.3平米 | 南,https://ke-image.ljcdn.com/110000-inspection/pc1_oRWWheFG8.jpg!m_fill,w_280,h_210,f_jpg?from=ke.com
20230717,密云,古北口镇,101116491337,龙湖长城源著2号院 依山傍水 环境好,76万,20885元/平,中楼层 (共6层) 1室0厅 | 36.39平米 | 东,https://ke-image.ljcdn.com/110000-inspection/pc1_CNZSSDQ4r_1.jpg!m_fill,w_280,h_210,f_jpg?from=ke.com
20230717,密云,古北口镇,101116424186,龙湖长城源著观景别墅精装修商品房70年产权。,155万,18664元/平,底层 (共3层) | 2015年建 | 2室1厅 | 83.05平米 | 南 北,https://ke-image.ljcdn.com/110000-inspection/pc1_8mpvkjnOY.jpg!m_fill,w_280,h_210,f_jpg?from=ke.com
20230717,密云,古北口镇,101116416099,龙湖长城源著1号院普通住宅70年产权,165万,19914元/平,底层 (共4层) 2室1厅 | 82.86平米 | 南,https://ke-image.ljcdn.com/110000-inspection/pc1_CZfTjwMHg.jpg!m_fill,w_280,h_210,f_jpg?from=ke.com
20230717,密云,古北口镇,101116200132,古北水镇 龙湖长城源著一期 正规两居室 精装修,125万,15839元/平,底层 (共8层) | 2015年建 | 2室1厅 | 78.92平米 | 西,https://ke-image.ljcdn.com/110000-inspection/pc1_RTL1DwXDr_1.jpg!m_fill,w_280,h_210,f_jpg?from=ke.com
20230717,密云,古北口镇,101115920462,龙湖长城源著第一排观景别墅商品房70年产权。房主自荐,152万,28274元/平,中楼层 (共4层) | 2016年建 | 2室1厅 | 53.76平米 | 东 西,https://ke-image.ljcdn.com/110000-inspection/pc1_lB9D8liJI_1.jpg!m_fill,w_280,h_210,f_jpg?from=ke.com
20230717,密云,古北口镇,101115694683,龙湖长城源著1号院 视野开阔无遮挡70年产权,128万,16329元/平,高楼层 (共8层) | 2015年建 | 2室1厅 | 78.39平米 | 南 北,https://ke-image.ljcdn.com/110000-inspection/pc1_ZaFoV1Wj3_1.jpg!m_fill,w_280,h_210,f_jpg?from=ke.com
20230717,密云,古北口镇,101115671516,龙湖长城源著2号院 干净整洁 简装简洁 尽享自然,78万,23854元/平,顶层 (共6层) | 2018年建 | 1室0厅 | 32.7平米 | 西,https://ke-image.ljcdn.com/110000-inspection/pc1_Uvja5J3YN_1.jpg!m_fill,w_280,h_210,f_jpg?from=ke.com
20230717,密云,古北口镇,101115426939,龙湖长城源著2号院 70年大产权 邻古北水镇,100万,15731元/平,底层 (共4层) | 2018年建 | 2室1厅 | 63.57平米 | 东 西,https://ke-image.ljcdn.com/110000-inspection/pc1_J0MzGPWEy_1.jpg!m_fill,w_280,h_210,f_jpg?from=ke.com
20230717,密云,古北口镇,101114971054,古北水镇叠拼别墅依山傍水出租*70年产权。,159万,19968元/平,底层 (共3层) | 2015年建 | 2室1厅 | 79.63平米 | 东 西,https://ke-image.ljcdn.com/110000-inspection/pc1_JsINPIi2E_1.jpg!m_fill,w_280,h_210,f_jpg?from=ke.com
20230717,密云,古北口镇,101114926662,龙湖长城源著一期 位置好 电梯洋房,117万,14749元/平,低楼层 (共9层) | 2015年建 | 2室1厅 | 79.33平米 | 东 西,https://ke-image.ljcdn.com/110000-inspection/pc1_tbEs1Fh29.jpg!m_fill,w_280,h_210,f_jpg?from=ke.com
20230717,密云,古北口镇,101114777784,龙湖长城源著2号院 普通住宅 精装修 中层房主自荐,74.9万,20404元/平,中楼层 (共6层) | 2018年建 | 1室1厅 | 36.71平米 | 东,https://ke-image.ljcdn.com/110000-inspection/pc1_GoD1MngHR_1.jpg!m_fill,w_280,h_210,f_jpg?from=ke.com
20230717,密云,古北口镇,101114765063,龙湖长城源著观景别墅精装修商品房70年产权。房主自荐,450万,39634元/平,底层 (共2层) | 2019年建 | 3室2厅 | 113.54平米 | 南 北,https://ke-image.ljcdn.com/110000-inspection/pc1_Iqn9292s5_1.jpg!m_fill,w_280,h_210,f_jpg?from=ke.com
20230717,密云,古北口镇,101114675788,龙湖长城源著2号院 精装修观景叠院 70年大产权,98万,26931元/平,低楼层 (共6层) | 2015年建 | 1室1厅 | 36.39平米 | 西,https://ke-image.ljcdn.com/110000-inspection/pc1_9HqFxNVrf.jpg!m_fill,w_280,h_210,f_jpg?from=ke.com
20230717,密云,古北口镇,101114619411,龙湖长城源著2号院装修好楼层好视野宽阔,169万,19909元/平,中楼层 (共4层) | 2018年建 | 2室2厅 | 84.89平米 | 南 北,https://ke-image.ljcdn.com/110000-inspection/pc1_Tlypw7sL2.jpg!m_fill,w_280,h_210,f_jpg?from=ke.com
20230717,密云,古北口镇,101114618457,龙湖长城源著2号院经典小品户型精装出售！房主自荐,81.8万,22362元/平,高楼层 (共6层) | 2018年建 | 1室0厅 | 36.58平米 | 西,https://ke-image.ljcdn.com/110000-inspection/pc1_iauCL4wC9.jpg!m_fill,w_280,h_210,f_jpg?from=ke.com
20230717,密云,古北口镇,101114324485,龙湖长城源著2号院西向无遮挡,86万,23607元/平,中楼层 (共6层) 1室0厅 | 36.43平米 | 西,https://ke-image.ljcdn.com/110000-inspection/pc1_cNFYxj6YW_1.jpg!m_fill,w_280,h_210,f_jpg?from=ke.com
20230717,密云,古北口镇,101114216453,龙湖长城源著2号院 精装修叠院 70年大产权,105万,12813元/平,中楼层 (共5层) | 2018年建 | 2室1厅 | 81.95平米 | 南 北,https://ke-image.ljcdn.com/110000-inspection/pc1_vo8JFcnKT.jpg!m_fill,w_280,h_210,f_jpg?from=ke.com
20230717,密云,古北口镇,101114020838,龙湖长城源著2号院 看房方便 视野好,123万,15426元/平,中楼层 (共4层) | 2018年建 | 2室1厅 | 79.74平米 | 南 北,https://ke-image.ljcdn.com/110000-inspection/pc1_fZbeAYyr4_1.jpg!m_fill,w_280,h_210,f_jpg?from=ke.com
20230717,密云,古北口镇,101114014534,龙湖长城源著燕京楼 三居 精装修,439万,38727元/平,底层 (共2层) | 2015年建 | 3室2厅 | 113.36平米 | 南 西,https://ke-image.ljcdn.com/110000-inspection/pc1_UT6GZ4OnM_1.jpg!m_fill,w_280,h_210,f_jpg?from=ke.com
20230717,密云,古北口镇,101113978723,龙湖长城源著1号院 叠院2居 户型方正,141万,16995元/平,底层 (共3层) | 2015年建 | 2室1厅 | 82.97平米 | 南 北,https://ke-image.ljcdn.com/110000-inspection/pc1_94xx1n7G0_1.jpg!m_fill,w_280,h_210,f_jpg?from=ke.com
20230717,密云,古北口镇,101113938989,龙湖长城源著1号院 精装修 70年大产权,130万,16388元/平,底层 (共8层) | 2015年建 | 2室1厅 | 79.33平米 | 南 北,https://ke-image.ljcdn.com/110000-inspection/pc1_Pc4WwEsnL_1.jpg!m_fill,w_280,h_210,f_jpg?from=ke.com
20230717,密云,古北口镇,101113938563,龙湖长城源著2号院 70年产权 普通住宅房主自荐,87万,23843元/平,高楼层 (共6层) | 2018年建 | 1室0厅 | 36.49平米 | 西,https://ke-image.ljcdn.com/110000-inspection/pc1_q3gFAj2pT_1.jpg!m_fill,w_280,h_210,f_jpg?from=ke.com
20230717,密云,古北口镇,101113770551,带电梯洋房出租*龙湖自持物业70年产权。,80万,21960元/平,底层 (共6层) | 2018年建 | 1室0厅 | 36.43平米 | 西,https://ke-image.ljcdn.com/110000-inspection/pc1_WSlrSJrhn_1.jpg!m_fill,w_280,h_210,f_jpg?from=ke.com
20230717,密云,古北口镇,101113656995,龙湖长城源著1号院   两居室 格局好,129万,16262元/平,底层 (共8层) | 2015年建 | 2室1厅 | 79.33平米 | 南 北,https://ke-image.ljcdn.com/110000-inspection/pc1_w0mQTvUQC_1.jpg!m_fill,w_280,h_210,f_jpg?from=ke.com
20230717,密云,古北口镇,101113602657,龙湖长城源著 精装家电诚意出售,160万,18848元/平,中楼层 (共4层) | 2018年建 | 2室1厅 | 84.89平米 | 南 北,https://ke-image.ljcdn.com/110000-inspection/pc1_FQ73zjnR1_1.jpg!m_fill,w_280,h_210,f_jpg?from=ke.com
20230717,密云,古北口镇,101113580068,龙湖长城源著2号院  小区环境好物业管理好,89.9万,24590元/平,顶层 (共6层) 1室0厅 | 36.56平米 | 南,https://ke-image.ljcdn.com/110000-inspection/pc1_OIBIJGezS_1.jpg!m_fill,w_280,h_210,f_jpg?from=ke.com
20230717,密云,古北口镇,101113535775,密云区商品房精装修拎包入住随时看房随时签约。,178万,22555元/平,底层 (共8层) | 2015年建 | 2室1厅 | 78.92平米 | 东 西,https://ke-image.ljcdn.com/110000-inspection/pc1_0EVmPuFQu_1.jpg!m_fill,w_280,h_210,f_jpg?from=ke.com
20230717,密云,古北口镇,101113526954,此房房主精装修 视野开阔可看到司马台长城,175万,21999元/平,中楼层 (共5层) | 2018年建 | 2室2厅 | 79.55平米 | 南 北,https://ke-image.ljcdn.com/110000-inspection/pc1_7McjsH04B_1.jpg!m_fill,w_280,h_210,f_jpg?from=ke.com
20230717,密云,古北口镇,101113439117,龙湖长城源著1号院小区环境优美,160万,20341元/平,底层 (共9层) | 2015年建 | 2室1厅 | 78.66平米 | 东 西,https://ke-image.ljcdn.com/110000-inspection/pc1_srCdw08KW_1.jpg!m_fill,w_280,h_210,f_jpg?from=ke.com
20230717,密云,古北口镇,101113438311,龙湖长城源著2号院 叠院 观景,130万,15816元/平,中楼层 (共4层) | 2018年建 | 2室1厅 | 82.2平米 | 南 北,https://ke-image.ljcdn.com/110000-inspection/pc1_SjVpIl1us_1.jpg!m_fill,w_280,h_210,f_jpg?from=ke.com
20230717,密云,古北口镇,101113384373,龙湖长城源著1号院一期 精装修楼层高视野好,119.8万,29639元/平,高楼层 (共8层) | 2015年建 | 1室0厅 | 40.42平米 | 东,https://ke-image.ljcdn.com/110000-inspection/pc1_WcCUZ6qAh_1.jpg!m_fill,w_280,h_210,f_jpg?from=ke.com
20230717,密云,古北口镇,101113267074,龙湖长城源著观景别墅精装修商品房70年产权。,140万,27900元/平,低楼层 (共3层) | 2015年建 | 2室1厅 | 50.18平米 | 东 西,https://ke-image.ljcdn.com/110000-inspection/pc1_Aa0pgwNmZ_1.jpg!m_fill,w_280,h_210,f_jpg?from=ke.com
20230717,密云,古北口镇,101113113446,龙湖长城源著2号院 精装修 70年产权房主自荐,145万,17148元/平,顶层 (共4层) | 2018年建 | 2室1厅 | 84.56平米 | 北 南,https://ke-image.ljcdn.com/110000-inspection/pc1_WHbSVrRZi_1.jpg!m_fill,w_280,h_210,f_jpg?from=ke.com
20230717,密云,古北口镇,101112990029,龙湖长城源著2号院 普通住宅70年产权房主自荐,120万,18795元/平,底层 (共4层) 2室1厅 | 63.85平米 | 东 西,https://ke-image.ljcdn.com/110000-inspection/pc1_muOx4RKmy_1.jpg!m_fill,w_280,h_210,f_jpg?from=ke.com
20230717,密云,古北口镇,101112976107,龙湖长城源著2号院 精装修70年产权。,89万,24458元/平,低楼层 (共6层) 1室0厅 | 36.39平米 | 西,https://ke-image.ljcdn.com/110000-inspection/pc1_BdiNdEUhh_1.jpg!m_fill,w_280,h_210,f_jpg?from=ke.com
20230717,密云,古北口镇,101112926041,龙湖长城源著 精装洋房（二期南边1栋）景观房,190万,22001元/平,中楼层 (共4层) | 2019年建 | 2室1厅 | 86.36平米 | 南 北,https://ke-image.ljcdn.com/110000-inspection/pc1_fJamKTMJS_1.jpg!m_fill,w_280,h_210,f_jpg?from=ke.com
20230717,密云,古北口镇,101112883688,古北水镇景观好房子满两年无增值税。,165万,30209元/平,中楼层 (共4层) | 2015年建 | 2室1厅 | 54.62平米 | 北 南,https://ke-image.ljcdn.com/110000-inspection/pc1_HrbcKavfB_1.jpg!m_fill,w_280,h_210,f_jpg?from=ke.com
20230717,密云,古北口镇,101112868623,龙湖长城源著观景洋房精装修商品房70年产权。,92万,24994元/平,中楼层 (共6层) 1室0厅 | 36.81平米 | 西,https://ke-image.ljcdn.com/110000-inspection/pc1_HSbPa2IHv_1.jpg!m_fill,w_280,h_210,f_jpg?from=ke.com
20230717,密云,古北口镇,101112768132,龙湖长城源著2号院 南北通透 2-1-1-1,102万,16041元/平,底层 (共4层) 2室1厅 | 63.59平米 | 南 北,https://ke-image.ljcdn.com/110000-inspection/pc1_TETEkanpr.jpg!m_fill,w_280,h_210,f_jpg?from=ke.com
20230717,密云,古北口镇,101112572099,龙湖长城源著2号院 70年的大产权 普通住宅,117万,18652元/平,底层 (共4层) | 2014年建 | 2室1厅 | 62.73平米 | 西南,https://ke-image.ljcdn.com/110000-inspection/pc1_dblcum60i_1.jpg!m_fill,w_280,h_210,f_jpg?from=ke.com
20230717,密云,古北口镇,101112525598,龙湖长城源著2号院 南北朝向 精装修观景房 70年产权,101万,15819元/平,底层 (共4层) | 2018年建 | 2室1厅 | 63.85平米 | 南 北,https://ke-image.ljcdn.com/110000-inspection/pc1_a6Zx8OKy9.jpg!m_fill,w_280,h_210,f_jpg?from=ke.com
20230717,密云,古北口镇,101112423856,此房是精装修整体清新有品视野很好房主自荐,450万,38426元/平,底层 (共2层) | 2019年建 | 3室1厅 | 117.11平米 | 南 北,https://ke-image.ljcdn.com/110000-inspection/pc1_L9jJwUgma_1.jpg!m_fill,w_280,h_210,f_jpg?from=ke.com
20230717,密云,古北口镇,101112314243,龙湖长城源著2号院 采光好 视野宽阔 楼层好,103万,12134元/平,中楼层 (共4层) | 2018年建 | 2室2厅 | 84.89平米 | 南 北,https://ke-image.ljcdn.com/110000-inspection/pc1_0pZWpO1M1_1.jpg!m_fill,w_280,h_210,f_jpg?from=ke.com
20230717,密云,古北口镇,101112261853,龙湖长城源著观景洋房精装修商品房70年产权。房主自荐,90万,24624元/平,底层 (共6层) 1室0厅 | 36.55平米 | 东,https://ke-image.ljcdn.com/110000-inspection/pc1_2qT8fzx6P_1.jpg!m_fill,w_280,h_210,f_jpg?from=ke.com
20230717,密云,古北口镇,101111955516,龙湖长城源著2号院 精装修随时签约,122万,22066元/平,中楼层 (共7层) | 2018年建 | 1室1厅 | 55.29平米 | 东 西,https://ke-image.ljcdn.com/110000-inspection/pc1_vr3gTU6Rk_1.jpg!m_fill,w_280,h_210,f_jpg?from=ke.com
20230717,密云,古北口镇,101111857864,龙湖长城源著1号院 精装修两居总价少随时签约看房房主自荐,123万,24571元/平,低楼层 (共3层) | 2015年建 | 2室1厅 | 50.06平米 | 西南 东北,https://ke-image.ljcdn.com/110000-inspection/pc1_TgUf1wq8C.jpg!m_fill,w_280,h_210,f_jpg?from=ke.com
20230717,密云,古北口镇,101111302993,本房那个楼层好视野开阔业主诚心出售,129万,15154元/平,中楼层 (共4层) 2室1厅 | 85.13平米 | 南 北,https://ke-image.ljcdn.com/110000-inspection/pc1_0snAGwaO9_1.jpg!m_fill,w_280,h_210,f_jpg?from=ke.com
20230717,密云,古北口镇,101110511030,龙湖长城源著2号院  户型朝南高楼层采光好观景,160万,20114元/平,中楼层 (共4层) | 2018年建 | 2室1厅 | 79.55平米 | 南 北,https://ke-image.ljcdn.com/110000-inspection/pc1_GTp5ETRBa_1.jpg!m_fill,w_280,h_210,f_jpg?from=ke.com
20230717,密云,古北口镇,101110294379,小区环境优美户型朝南高楼层采光好观景叠院,123万,22636元/平,低楼层 (共3层) | 2015年建 | 2室1厅 | 54.34平米 | 南,https://ke-image.ljcdn.com/110000-inspection/pc1_iCWKYS29e_1.jpg!m_fill,w_280,h_210,f_jpg?from=ke.com
20230717,密云,古北口镇,101110128761,龙湖长城源著享长城脚下度假生活 精装带家具家电出售,140万,16492元/平,中楼层 (共4层) | 2019年建 | 2室2厅 | 84.89平米 | 南 北,https://ke-image.ljcdn.com/110000-inspection/pc1_H4kIHFNMO_1.jpg!m_fill,w_280,h_210,f_jpg?from=ke.com
20230717,密云,古北口镇,101120145826,龙湖长城源著1号院 洋房一居 视野无遮挡 诚心出售新上,105万,16202元/平,底层 (共8层) | 2015年建 | 1室1厅 | 64.81平米 | 东南,https://s1.ljcdn.com/pegasus/redskull/images/common/default_house_list.png?_v=20230627184713780
20230717,密云,古北口镇,101120113275,龙湖长城源著2号院 洋房一居 南向看长城 诚信出售新上,79万,19397元/平,高楼层 (共6层) | 2018年建 | 1室0厅 | 40.73平米 | 南,https://s1.ljcdn.com/pegasus/redskull/images/common/default_house_list.png?_v=20230627184713780
20230717,密云,古北口镇,101120082014,龙湖长城源著2号院 叠院两居 视野无遮挡 诚心出售新上,95万,11423元/平,中楼层 (共5层) 2室1厅 | 83.17平米 | 南 北,https://s1.ljcdn.com/pegasus/redskull/images/common/default_house_list.png?_v=20230627184713780
20230717,密云,古北口镇,101120074940,龙湖长城源著2号院 洋房一居 看山景 诚心出售新上,80万,21793元/平,中楼层 (共6层) 1室1厅 | 36.71平米 | 南 北,https://s1.ljcdn.com/pegasus/redskull/images/common/default_house_list.png?_v=20230627184713780
20230717,密云,古北口镇,101120032938,龙湖长城源著2号院  东向看长城景 诚心出售,74.9万,22885元/平,高楼层 (共7层) 1室1厅 | 32.73平米 | 东,https://s1.ljcdn.com/pegasus/redskull/images/common/default_house_list.png?_v=20230627184713780
20230717,密云,古北口镇,101119971200,龙湖长城源著1号院 2室1厅 南 北,106万,13362元/平,中楼层 (共8层) 2室1厅 | 79.33平米 | 南 北,https://s1.ljcdn.com/pegasus/redskull/images/common/default_house_list.png?_v=20230627184713780
20230717,密云,古北口镇,101119968310,龙湖精装修上叠诚意出售观景房南北通透满两年,105万,12551元/平,中楼层 (共4层) | 2015年建 | 2室1厅 | 83.66平米 | 南 北,https://s1.ljcdn.com/pegasus/redskull/images/common/default_house_list.png?_v=20230627184713780
20230717,密云,古北口镇,101119931446,龙湖长城源著1号院环境好精装修电梯洋房,128万,16219元/平,高楼层 (共8层) | 2015年建 | 2室1厅 | 78.92平米 | 南,https://s1.ljcdn.com/pegasus/redskull/images/common/default_house_list.png?_v=20230627184713780
20230717,密云,古北口镇,101119913991,古北水镇旁龙湖自持物业 70年产权的普通住宅 环境优美,130万,16473元/平,高楼层 (共8层) | 2015年建 | 2室2厅 | 78.92平米 | 南 北,https://s1.ljcdn.com/pegasus/redskull/images/common/default_house_list.png?_v=20230627184713780
20230717,密云,古北口镇,101119893467,房子精装修面积比较适中就在风景区里面适合度假,200万,25212元/平,中楼层 (共8层) | 2015年建 | 2室1厅 | 79.33平米 | 南 北,https://ke-image.ljcdn.com/110000-inspection/4f06afe4-5809-4169-92a8-88af0e14e866.jpeg!m_fill,w_280,h_210,f_jpg?from=ke.com
20230717,密云,古北口镇,101119859616,古北水镇 依山傍水龙湖自持物业70年产权,76.8万,18856元/平,低楼层 (共6层) 1室1厅 | 40.73平米 | 南,https://s1.ljcdn.com/pegasus/redskull/images/common/default_house_list.png?_v=20230627184713780
20230717,密云,古北口镇,101119691474,龙湖长城源著1号院通风采光好视野开阔,205万,25441元/平,底层 (共3层) | 2015年建 | 2室1厅 | 80.58平米 | 南 北,https://s1.ljcdn.com/pegasus/redskull/images/common/default_house_list.png?_v=20230627184713780
20230717,密云,古北口镇,101119614413,龙湖长城源著2号院 精装一居 诚心出售,75万,20611元/平,中楼层 (共6层) 1室0厅 | 36.39平米 | 西,https://s1.ljcdn.com/pegasus/redskull/images/common/default_house_list.png?_v=20230627184713780
20230717,密云,古北口镇,101119578309,龙湖长城源著1号院 2-1-1-2 平层两居 业主诚心出售,170万,21035元/平,底层 (共3层) | 2015年建 | 2室1厅 | 80.82平米 | 南 北,https://s1.ljcdn.com/pegasus/redskull/images/common/default_house_list.png?_v=20230627184713780
