20231229,昌平,回龙观,101122402231,龙兴园南区 精装修 小三居 采光好 视野棒 位置好必看好房,498万,50631元/平,中楼层 (共7层) | 1999年 | 3室2厅 | 98.36平米 | 南 北,https://ke-image.ljcdn.com/110000-inspection/pc1_nozrXip4M_1.jpg!m_fill,w_280,h_210,f_jpg?from=ke.com
20231229,昌平,回龙观,101122401491,纯商品房社区落地窗中间层南北通透方正户型必看好房,450万,34619元/平,中楼层 (共6层) 3室1厅 | 129.99平米 | 南 北,https://ke-image.ljcdn.com/110000-inspection/8655b359-11ad-4626-b330-61a669e6d416_1000.jpg!m_fill,w_280,h_210,f_jpg?from=ke.com
20231229,昌平,回龙观,101122362100,冠庭园 钢混结构  落地窗  南北向一居室必看好房,420万,68977元/平,中楼层 (共7层) | 2006年 | 1室1厅 | 60.89平米 | 南 北,https://ke-image.ljcdn.com/110000-inspection/aec6dcdf-092b-4385-b624-261f838c7d0b_1000.jpg!m_fill,w_280,h_210,f_jpg?from=ke.com
20231229,昌平,回龙观,101122340084,北郊农场家属院精装修三室两卫！必看好房,398万,39884元/平,高楼层 (共6层) | 1997年 | 3室1厅 | 99.79平米 | 南 北,https://ke-image.ljcdn.com/110000-inspection/46fefb1c-89cc-4607-a5fd-0baf71b53306_1000.jpg!m_fill,w_280,h_210,f_jpg?from=ke.com
20231229,昌平,回龙观,101122338753,3层把东边全明格局三居不临街位置好商品房满五唯一必看好房,559万,47241元/平,中楼层 (共6层) | 2006年 | 3室1厅 | 118.33平米 | 南 北,https://ke-image.ljcdn.com/110000-inspection/17f2882b-a174-4f58-aa24-78c9af9eec85_1000.jpg!m_fill,w_280,h_210,f_jpg?from=ke.com
20231229,昌平,回龙观,101122334610,首开国风美唐三期 3室1厅 南 北必看好房,649万,72466元/平,中楼层 (共20层) | 2016年 | 3室1厅 | 89.56平米 | 南 北,https://ke-image.ljcdn.com/110000-inspection/8ab97c25-c292-4604-afbe-d64a14c77999_1000.jpg!m_fill,w_280,h_210,f_jpg?from=ke.com
20231229,昌平,回龙观,101122330362,佰嘉城    商品房满五年唯一   小区中间不临街必看好房,428万,35685元/平,中楼层 (共6层) | 2008年 | 3室1厅 | 119.94平米 | 南 北,https://ke-image.ljcdn.com/110000-inspection/090bd794-64fe-4ad8-8a41-11910a528413_1000.jpg!m_fill,w_280,h_210,f_jpg?from=ke.com
20231229,昌平,回龙观,101122328618,龙腾苑四区中间位置大三居室 南北通透 采光好,618万,43967元/平,低楼层 (共6层) 3室1厅 | 140.56平米 | 南 北,https://ke-image.ljcdn.com/110000-inspection/pc1_Sv7p9iaUg.jpg!m_fill,w_280,h_210,f_jpg?from=ke.com
20231229,昌平,回龙观,101122314654,商品房满五唯一的双通透有花园大两居诚心出售！必看好房,455万,46016元/平,底层 (共6层) 2室1厅 | 98.88平米 | 南 北,https://ke-image.ljcdn.com/110000-inspection/9d533587-4422-439e-8b89-251f8c30574b_1000.jpg!m_fill,w_280,h_210,f_jpg?from=ke.com
20231229,昌平,回龙观,101122299094,总监推荐：置业三居精装修全明格局必看好房,529万,58804元/平,高楼层 (共11层) | 2011年 | 3室1厅 | 89.96平米 | 东 南 北,https://ke-image.ljcdn.com/110000-inspection/pc1_D0jmRBk96_1.jpg!m_fill,w_280,h_210,f_jpg?from=ke.com
20231229,昌平,回龙观,101122268242,双卧室朝南 40万精装 业主诚意出售 看房方便,510万,43086元/平,低楼层 (共6层) 3室1厅 | 118.37平米 | 南 北,https://ke-image.ljcdn.com/110000-inspection/e7276da4-8cbf-47da-ab66-789f88e3bbea_1000.jpg!m_fill,w_280,h_210,f_jpg?from=ke.com
20231229,昌平,回龙观,101122266667,商品房满五年唯一业主自住精装修边户采光好必看好房,410万,50270元/平,高楼层 (共6层) | 2004年 | 2室1厅 | 81.56平米 | 南 北,https://ke-image.ljcdn.com/110000-inspection/dc75db6b-e2c9-4fa7-9561-b0039cd2ef73_1000.jpg!m_fill,w_280,h_210,f_jpg?from=ke.com
20231229,昌平,回龙观,101122261386,小区中间位置 经典南北通透三居 2层 商品房满五年唯一必看好房,555万,46987元/平,低楼层 (共6层) | 2002年 | 3室1厅 | 118.12平米 | 南 北,https://ke-image.ljcdn.com/110000-inspection/51909cb7-bca3-4349-ab8a-58f094ca684c_1000.jpg!m_fill,w_280,h_210,f_jpg?from=ke.com
20231229,昌平,回龙观,101122243919,龙回苑 3居2卫 小区中间位置 3楼 看房很方便 诚意出售必看好房,528万,41422元/平,中楼层 (共7层) | 2004年 | 3室1厅 | 127.47平米 | 南 北,https://ke-image.ljcdn.com/110000-inspection/502930a2-30f3-43dd-b2c4-f541c2009997_1000.jpg!m_fill,w_280,h_210,f_jpg?from=ke.com
20231229,昌平,回龙观,101122240929,北店嘉园 社区环境优美！满五年唯一必看好房,415万,47085元/平,底层 (共6层) 2室2厅 | 88.14平米 | 南 北,https://ke-image.ljcdn.com/110000-inspection/pc1_2Ky80ybLa.jpg!m_fill,w_280,h_210,f_jpg?from=ke.com
20231229,昌平,回龙观,101122236409,融泽嘉园西二路2号院 2室1厅 南 北必看好房,515万,58107元/平,中楼层 (共34层) 2室1厅 | 88.63平米 | 南 北,https://ke-image.ljcdn.com/110000-inspection/ae96d544-d5e3-49b8-b916-b81609698d10_1000.jpg!m_fill,w_280,h_210,f_jpg?from=ke.com
20231229,昌平,回龙观,101122234610,龙泽苑东区电梯三居两卫 不临街 不把边 好楼层必看好房,760万,53029元/平,中楼层 (共9层) | 2003年 | 3室2厅 | 143.32平米 | 南 北,https://ke-image.ljcdn.com/110000-inspection/pc1_lD6eiz2Pl.jpg!m_fill,w_280,h_210,f_jpg?from=ke.com
20231229,昌平,回龙观,101122223892,新龙城南向一居室采光充足满五唯一必看好房,409万,58105元/平,低楼层 (共20层) 1室1厅 | 70.39平米 | 南,https://ke-image.ljcdn.com/110000-inspection/pc1_q8zHWyFzz.jpg!m_fill,w_280,h_210,f_jpg?from=ke.com
20231229,昌平,回龙观,101122215110,通达园中间层3居室视野无遮挡采光好,555万,42309元/平,中楼层 (共7层) 3室1厅 | 131.18平米 | 南 北,https://ke-image.ljcdn.com/110000-inspection/19e6fc20-0a07-471f-86a4-2d9c596ba02f_1000.jpg!m_fill,w_280,h_210,f_jpg?from=ke.com
20231229,昌平,回龙观,101122200427,新龙城中间位置二居室南边通透商品房满五年唯一必看好房,579万,59464元/平,低楼层 (共8层) | 2007年 | 2室2厅 | 97.37平米 | 南 北,https://ke-image.ljcdn.com/110000-inspection/pc1_raxx1lEYK.jpg!m_fill,w_280,h_210,f_jpg?from=ke.com
20231229,昌平,回龙观,101122189965,小区中间位置、中间楼层自住精装大三居室必看好房,650万,46247元/平,中楼层 (共6层) | 2003年 | 3室1厅 | 140.55平米 | 南 北,https://ke-image.ljcdn.com/110000-inspection/pc1_4t7IfT5Y4.jpg!m_fill,w_280,h_210,f_jpg?from=ke.com
20231229,昌平,回龙观,101122185366,商满五唯一电梯高层两居室南北通透 靠谱出售必看好房,469万,52438元/平,中楼层 (共11层) | 2005年 | 2室1厅 | 89.44平米 | 南 北,https://ke-image.ljcdn.com/110000-inspection/6c6f6a03-6c4f-471d-baa6-20318b526fb5_1000.jpg!m_fill,w_280,h_210,f_jpg?from=ke.com
20231229,昌平,回龙观,101122174911,首付115万 满五年唯一 4层 中间位置随时可签约必看好房,360万,52402元/平,中楼层 (共6层) | 1996年 | 2室1厅 | 68.7平米 | 南 北,https://ke-image.ljcdn.com/110000-inspection/pc1_xJdwrsitU.jpg!m_fill,w_280,h_210,f_jpg?from=ke.com
20231229,昌平,回龙观,101122143678,回龙观地铁口总价便宜两居室随时可看房必看好房,335万,41933元/平,顶层 (共6层) | 2004年 | 2室1厅 | 79.89平米 | 南 北,https://ke-image.ljcdn.com/110000-inspection/pc1_cFEd74ppE.jpg!m_fill,w_280,h_210,f_jpg?from=ke.com
20231229,昌平,回龙观,101122126254,龙锦苑四区 1室1厅 南 北必看好房,365万,55103元/平,低楼层 (共7层) | 2003年 | 1室1厅 | 66.24平米 | 南 北,https://ke-image.ljcdn.com/110000-inspection/3c404ee1-a5da-41b6-85ed-4a8eabdb422e_1000.jpg!m_fill,w_280,h_210,f_jpg?from=ke.com
20231229,昌平,回龙观,101122107170,龙跃苑东二区 全明格局三居 小区中间位置必看好房,445万,35498元/平,顶层 (共6层) 3室2厅 | 125.36平米 | 南 北,https://ke-image.ljcdn.com/110000-inspection/169244cf-7020-4055-8b9b-8131041ab089_1000.jpg!m_fill,w_280,h_210,f_jpg?from=ke.com
20231229,昌平,回龙观,101122089097,新龙城 3室1厅 南 北房主自荐,610万,54146元/平,低楼层 (共20层) 3室1厅 | 112.66平米 | 南 北,https://ke-image.ljcdn.com/110000-inspection/pc1_SFPPdEZJw_1.jpg!m_fill,w_280,h_210,f_jpg?from=ke.com
20231229,昌平,回龙观,101122088303,京投发展公园悦府一区南北通透大2居小区中间仅契税必看好房,579万,58515元/平,底层 (共11层) | 2014年 | 2室2厅 | 98.95平米 | 南 北,https://ke-image.ljcdn.com/110000-inspection/136bba71-9c1c-46f1-a23e-2123b9152433_1000.jpg!m_fill,w_280,h_210,f_jpg?from=ke.com
20231229,昌平,回龙观,101122072236,阳光斯坦福 精装修  南北通透 采光好 户型佳,578万,57559元/平,中楼层 (共11层) | 2006年 | 2室1厅 | 100.42平米 | 南 北,https://ke-image.ljcdn.com/110000-inspection/cf0865ca-6d09-4347-ba32-259b2905726c_1000.jpg!m_fill,w_280,h_210,f_jpg?from=ke.com
20231229,昌平,回龙观,101122070231,2016年 人车分流品质社区 满五唯一  近地铁 精装修,658万,71097元/平,低楼层 (共21层) | 2016年 | 2室1厅 | 92.55平米 | 南,https://ke-image.ljcdn.com/110000-inspection/78c4a961-cf6d-4551-acad-54b057991d8e_1000.jpg!m_fill,w_280,h_210,f_jpg?from=ke.com
20231229,昌平,回龙观,101122049639,首开国风美唐三期 满五唯一 森林公园城景大全南两居房主自荐,698万,75558元/平,顶层 (共20层) | 2016年 | 2室1厅 | 92.38平米 | 南,https://ke-image.ljcdn.com/110000-inspection/a5e7465a-abc4-4b3a-9b01-229811aa6967_1000.jpg!m_fill,w_280,h_210,f_jpg?from=ke.com
20231229,昌平,回龙观,101122036178,商品房满五年唯一   一层  采光好  看房方便必看好房,430万,48998元/平,底层 (共6层) 2室1厅 | 87.76平米 | 南 北,https://ke-image.ljcdn.com/110000-inspection/af28a0e3-03be-4eb7-b29b-532eb0dfc0a1_1000.jpg!m_fill,w_280,h_210,f_jpg?from=ke.com
20231229,昌平,回龙观,101122032252,龙腾苑二区。全明格局 南北通透 中间楼层 看房方便必看好房,607万,47928元/平,中楼层 (共6层) | 2003年 | 3室2厅 | 126.65平米 | 南 北,https://ke-image.ljcdn.com/110000-inspection/pc1_1cbVGN8Js.jpg!m_fill,w_280,h_210,f_jpg?from=ke.com
20231229,昌平,回龙观,101122023681,龙华园 满五唯一商品房中间层  单价低必看好房,355万,43698元/平,中楼层 (共6层) 2室1厅 | 81.24平米 | 西 东,https://ke-image.ljcdn.com/110000-inspection/pc1_UOodBmOWw.jpg!m_fill,w_280,h_210,f_jpg?from=ke.com
20231229,昌平,回龙观,101122003702,首开国风美唐朗观业主自住精装修三居室必看好房,678万,73322元/平,高楼层 (共20层) 3室1厅 | 92.47平米 | 南 北,https://ke-image.ljcdn.com/110000-inspection/22dd378e-01ad-48e8-89cf-be8b910924ab_1000.jpg!m_fill,w_280,h_210,f_jpg?from=ke.com
20231229,昌平,回龙观,101122000765,领秀慧谷D区 次新房 带电梯 带地下储物间必看好房,756万,69646元/平,中楼层 (共11层) 3室2厅 | 108.55平米 | 南 北,https://ke-image.ljcdn.com/110000-inspection/1f881a04-aa39-40e7-867c-bba04df69333_1000.jpg!m_fill,w_280,h_210,f_jpg?from=ke.com
20231229,昌平,回龙观,101121998639,金域华府二期   满五年唯一    首付首套280-300万即可必看好房,890万,76454元/平,中楼层 (共28层) | 2014年 | 3室2厅 | 116.41平米 | 南 北,https://ke-image.ljcdn.com/110000-inspection/pc1_3DLz1srAZ_1.jpg!m_fill,w_280,h_210,f_jpg?from=ke.com
20231229,昌平,回龙观,101121986493,融泽嘉园西二路2号院 3室1厅 南 北必看好房,645万,62247元/平,高楼层 (共34层) | 2016年 | 3室1厅 | 103.62平米 | 南 北,https://ke-image.ljcdn.com/110000-inspection/pc1_mPjdiMJeK_1.jpg!m_fill,w_280,h_210,f_jpg?from=ke.com
20231229,昌平,回龙观,101121983024,正对小区花园 视野采光无遮挡 满五唯一 靠谱出售必看好房,618万,77183元/平,中楼层 (共28层) | 2014年 | 2室1厅 | 80.07平米 | 南,https://ke-image.ljcdn.com/110000-inspection/pc1_wTajUfIPE.jpg!m_fill,w_280,h_210,f_jpg?from=ke.com
20231229,昌平,回龙观,101121979644,矩阵一期2室1厅诚心出售。。。,390万,39740元/平,顶层 (共6层) 2室1厅 | 98.14平米 | 南 北,https://ke-image.ljcdn.com/110000-inspection/f50b92f7-ac0b-4282-b0dd-49b8ee36a4c7_1000.jpg!m_fill,w_280,h_210,f_jpg?from=ke.com
20231229,昌平,回龙观,101121967057,龙泽苑东区 板楼带电梯  满五唯一大三居,818万,54414元/平,中楼层 (共9层) | 2005年 | 3室2厅 | 150.33平米 | 南 北,https://ke-image.ljcdn.com/110000-inspection/pc1_UHECx2XBW.jpg!m_fill,w_280,h_210,f_jpg?from=ke.com
20231229,昌平,回龙观,101121933305,融泽嘉园西二路6号院  精装修 满五唯一 视野好,506万,57902元/平,低楼层 (共31层) | 2016年 | 2室1厅 | 87.39平米 | 南 北,https://ke-image.ljcdn.com/110000-inspection/pc1_wKssuZFv5_1.jpg!m_fill,w_280,h_210,f_jpg?from=ke.com
20231229,昌平,回龙观,101121899546,龙泽苑东区南向阳光一居室 精装 满五年唯一必看好房,299万,71073元/平,底层 (共6层) 1室0厅 | 42.07平米 | 南,https://ke-image.ljcdn.com/110000-inspection/pc1_EXt6YU23T.jpg!m_fill,w_280,h_210,f_jpg?from=ke.com
20231229,昌平,回龙观,101121881941,商品房满五年唯一精装修小区中间位置有挑高必看好房,335万,56607元/平,顶层 (共6层) | 2004年 | 1室1厅 | 59.18平米 | 南,https://ke-image.ljcdn.com/110000-inspection/45a026c0-422c-4a2c-94c4-2d2d4289e6e2_1000.jpg!m_fill,w_280,h_210,f_jpg?from=ke.com
20231229,昌平,回龙观,101121881056,满五唯一中间层2居室  采光好  视野开阔必看好房,428万,43920元/平,中楼层 (共6层) 2室1厅 | 97.45平米 | 南 北,https://ke-image.ljcdn.com/110000-inspection/pc1_GoOEC0B3m.jpg!m_fill,w_280,h_210,f_jpg?from=ke.com
20231229,昌平,回龙观,101121875289,此房诚心出售 经典格局 看房随时,515万,45685元/平,中楼层 (共6层) | 2003年 | 3室1厅 | 112.73平米 | 南 北,https://ke-image.ljcdn.com/110000-inspection/f74ff5aa-238d-4454-bed6-b6dc7c81c27e_1000.jpg!m_fill,w_280,h_210,f_jpg?from=ke.com
20231229,昌平,回龙观,101121868951,京投发展公园悦府一区 商五唯一南北通透高层自住精装,599万,63955元/平,高楼层 (共22层) 2室2厅 | 93.66平米 | 南 北,https://ke-image.ljcdn.com/110000-inspection/e764f1a4-ac48-43b9-b98a-3c44bd78ebff_1000.jpg!m_fill,w_280,h_210,f_jpg?from=ke.com
20231229,昌平,回龙观,101121864343,龙跃苑一区    商品房满五年唯一  小区中间必看好房,420万,37195元/平,顶层 (共6层) | 2003年 | 3室1厅 | 112.92平米 | 南 北,https://ke-image.ljcdn.com/110000-inspection/5438240d-fc36-4396-9901-a440bdd8f8d1_1000.jpg!m_fill,w_280,h_210,f_jpg?from=ke.com
20231229,昌平,回龙观,101121846637,融泽嘉园西二路6号院融泽三期16年小区,499万,58315元/平,高楼层 (共31层) 2室1厅 | 85.57平米 | 南 北,https://ke-image.ljcdn.com/110000-inspection/pc1_9uN2EntTX_1.jpg!m_fill,w_280,h_210,f_jpg?from=ke.com
20231229,昌平,回龙观,101121838774,南北通透两居室 中间楼层 商品房满五年唯一必看好房,339万,48120元/平,中楼层 (共6层) 2室1厅 | 70.45平米 | 南 北,https://ke-image.ljcdn.com/110000-inspection/pc1_N3BxSm5uE.jpg!m_fill,w_280,h_210,f_jpg?from=ke.com
20231229,昌平,回龙观,101121813864,金域华府三期中间位置中高层正对花园满五年精装修,630万,78810元/平,高楼层 (共28层) | 2015年 | 2室1厅 | 79.94平米 | 南,https://ke-image.ljcdn.com/110000-inspection/pc1_y1axq2F65_1.jpg!m_fill,w_280,h_210,f_jpg?from=ke.com
20231229,昌平,回龙观,101121811956,天巢园 东南户型两居室 电梯房源必看好房,435万,51891元/平,低楼层 (共22层) 2室1厅 | 83.83平米 | 东 南,https://ke-image.ljcdn.com/110000-inspection/pc1_PRTPGsuTa_1.jpg!m_fill,w_280,h_210,f_jpg?from=ke.com
20231229,昌平,回龙观,101121810488,正对小区花园  全南向  大落地窗必看好房,419万,63824元/平,中楼层 (共34层) 1室1厅 | 65.65平米 | 南,https://ke-image.ljcdn.com/110000-inspection/pc1_EPILChM3A.jpg!m_fill,w_280,h_210,f_jpg?from=ke.com
20231229,昌平,回龙观,101121801399,和谐家园一区精装修商品房满五唯一必看好房,449万,48032元/平,中楼层 (共6层) | 2006年 | 2室1厅 | 93.48平米 | 南 北,https://ke-image.ljcdn.com/110000-inspection/4e5e39b7-34b8-420c-8d21-fb75139b14b0_1000.jpg!m_fill,w_280,h_210,f_jpg?from=ke.com
20231229,昌平,回龙观,101121797900,龙泽苑B区+首套首付163万+中美合资+南北通透+商品房,499万,53404元/平,中楼层 (共6层) | 1999年 | 3室1厅 | 93.44平米 | 南 北,https://ke-image.ljcdn.com/110000-inspection/pc1_hVYzZ4kTz.jpg!m_fill,w_280,h_210,f_jpg?from=ke.com
20231229,昌平,回龙观,101121792101,金域华府一期商品房满五年唯一新装修精装中高层,618万,71978元/平,高楼层 (共23层) | 2012年 | 2室1厅 | 85.86平米 | 南,https://ke-image.ljcdn.com/110000-inspection/cf63a482-e439-4c72-8c65-968598ebee50_1000.jpg!m_fill,w_280,h_210,f_jpg?from=ke.com
20231229,昌平,回龙观,101121791591,慧华苑 正规三居 商五一 落地窗 南北通透 配套齐全必看好房,428万,32926元/平,顶层 (共6层) 3室1厅 | 129.99平米 | 东 南 北,https://ke-image.ljcdn.com/110000-inspection/pc1_bOCB4hSMm.jpg!m_fill,w_280,h_210,f_jpg?from=ke.com
20231229,昌平,回龙观,101121790706,龙泽苑东区 集体供暖 直达车库 两卧朝南电梯两居室必看好房,559万,53279元/平,中楼层 (共20层) | 2005年 | 2室1厅 | 104.92平米 | 南 西,https://ke-image.ljcdn.com/110000-inspection/pc1_oIjPDNSLL.jpg!m_fill,w_280,h_210,f_jpg?from=ke.com
20231229,昌平,回龙观,101121783495,总监推荐大全南精装修 拎包直接入住无多余,625万,66546元/平,低楼层 (共20层) 2室1厅 | 93.92平米 | 南,https://ke-image.ljcdn.com/110000-inspection/b827e2e8-c4bf-4345-addc-b64f8eb9588c_1000.jpg!m_fill,w_280,h_210,f_jpg?from=ke.com
20231229,昌平,回龙观,101121768395,无遮挡两居室小区中间位置南北通透采光时间长,440万,42053元/平,底层 (共6层) 2室1厅 | 104.63平米 | 南 北,https://ke-image.ljcdn.com/110000-inspection/1d2148d1-25f9-442c-b17a-7a6b47ddcf08_1000.jpg!m_fill,w_280,h_210,f_jpg?from=ke.com
20231229,昌平,回龙观,101121759308,满五唯一  正对小区花园  采光视野无遮挡必看好房,508万,62263元/平,中楼层 (共34层) | 2016年 | 2室1厅 | 81.59平米 | 南,https://ke-image.ljcdn.com/110000-inspection/0165541f-32c5-41bd-8202-66013a760950_1000.jpg!m_fill,w_280,h_210,f_jpg?from=ke.com
20231229,昌平,回龙观,101121756857,龙旗广场东南2居满五年唯一带电梯采光好必看好房,426万,53317元/平,中楼层 (共28层) | 2010年 | 2室1厅 | 79.9平米 | 东南,https://ke-image.ljcdn.com/110000-inspection/pc1_wxToqOBQf.jpg!m_fill,w_280,h_210,f_jpg?from=ke.com
20231229,昌平,回龙观,101121754786,低楼层小区中间位置两居室商五唯一必看好房,429万,47242元/平,低楼层 (共6层) 2室1厅 | 90.81平米 | 南 北,https://ke-image.ljcdn.com/110000-inspection/f45b5c46-fd03-48e0-b975-572dc61bf412_1000.jpg!m_fill,w_280,h_210,f_jpg?from=ke.com
20231229,昌平,回龙观,101121746169,房子户型方正无遮挡 落地窗采光好 低楼层出行方便必看好房,529万,51929元/平,低楼层 (共6层) | 2006年 | 2室1厅 | 101.87平米 | 南 北,https://ke-image.ljcdn.com/110000-inspection/90202d6c-c27d-406c-9ecc-18a22d6ef06e_1000.jpg!m_fill,w_280,h_210,f_jpg?from=ke.com
20231229,昌平,回龙观,101121743989,大区聚焦 精装修两居室业主诚意十足看房方便必看好房,606万,65521元/平,低楼层 (共19层) 2室1厅 | 92.49平米 | 南 北,https://ke-image.ljcdn.com/110000-inspection/c60d6b41-79d5-4fb4-b585-bee90cbbc6eb_1000.jpg!m_fill,w_280,h_210,f_jpg?from=ke.com
20231229,昌平,回龙观,101121743402,北京人家二期 中间楼层 南北双通透 小区中间 主推必看好房,490万,52390元/平,中楼层 (共6层) | 2004年 | 2室1厅 | 93.53平米 | 南 北,https://ke-image.ljcdn.com/110000-inspection/pc1_ixnbUs8SK.jpg!m_fill,w_280,h_210,f_jpg?from=ke.com
20231229,昌平,回龙观,101121735118,南北通透格局精装修采光充足业主诚心出售必看好房,950万,68135元/平,中楼层 (共13层) 3室2厅 | 139.43平米 | 南 北,https://ke-image.ljcdn.com/110000-inspection/pc1_xrIgO5FE1.jpg!m_fill,w_280,h_210,f_jpg?from=ke.com
20231229,昌平,回龙观,101121733119,龙泽苑A区+中美示范区+南北通透+中间楼层+不临街把边,429万,51969元/平,中楼层 (共6层) 2室1厅 | 82.55平米 | 南 北,https://ke-image.ljcdn.com/110000-inspection/pc1_nY72UsRLF.jpg!m_fill,w_280,h_210,f_jpg?from=ke.com
20231229,昌平,回龙观,101121732585,天露园一区 老业主委托 随时咨询我必看好房,419万,32760元/平,顶层 (共6层) | 2008年 | 3室1厅 | 127.9平米 | 南 北,https://ke-image.ljcdn.com/110000-inspection/2866c0bf-c55a-4f43-a037-fe08cacdaf86_1000.jpg!m_fill,w_280,h_210,f_jpg?from=ke.com
20231229,昌平,回龙观,101121730532,融泽嘉园东6号院 商品房 精装修明卫 中高层 视野开阔,699万,66458元/平,高楼层 (共24层) | 2015年 | 3室1厅 | 105.18平米 | 南 北,https://ke-image.ljcdn.com/110000-inspection/f6aad677-6ba7-4cf8-bfbe-17e208810733_1000.jpg!m_fill,w_280,h_210,f_jpg?from=ke.com
20231229,昌平,回龙观,101121718356,龙泽苑东区电梯两居室满五年唯一小区中间位置,559万,55595元/平,低楼层 (共11层) 2室1厅 | 100.55平米 | 东南,https://ke-image.ljcdn.com/110000-inspection/8d94802c-0ba3-49a6-b4c0-c84d8eb822b3_1000.jpg!m_fill,w_280,h_210,f_jpg?from=ke.com
20231229,昌平,回龙观,101121711482,商品房满五年唯一南北通透户型格局方正业主诚售,660万,57905元/平,高楼层 (共34层) 3室1厅 | 113.98平米 | 南 北,https://ke-image.ljcdn.com/110000-inspection/e767466e-0fa3-4794-a559-b2d9c3c794fb_1000.jpg!m_fill,w_280,h_210,f_jpg?from=ke.com
20231229,昌平,回龙观,101121708133,业主诚意出售采光好看房方便必看好房,445万,37515元/平,高楼层 (共6层) 3室2厅 | 118.62平米 | 南 北,https://ke-image.ljcdn.com/110000-inspection/cca536f5-082a-475d-9cf2-a118de34f138_1000.jpg!m_fill,w_280,h_210,f_jpg?from=ke.com
20231229,昌平,回龙观,101121700178,新龙城满五唯一两居30万精装双阳台视野好拎包住诚售必看好房,515万,59210元/平,低楼层 (共20层) 2室1厅 | 86.98平米 | 东 南 西,https://ke-image.ljcdn.com/110000-inspection/pc1_o56IRntJ6.jpg!m_fill,w_280,h_210,f_jpg?from=ke.com
20231229,昌平,回龙观,101121699168,08年的小区 不临街 业主人好诚心卖必看好房,390万,40062元/平,顶层 (共6层) 2室1厅 | 97.35平米 | 南 北,https://ke-image.ljcdn.com/110000-inspection/9911baaf-c8aa-4f6f-b0be-2b1ac44d1f1b_1000.jpg!m_fill,w_280,h_210,f_jpg?from=ke.com
20231229,昌平,回龙观,101121687912,冠庭园 2室2厅 南 北,499万,55730元/平,中楼层 (共7层) | 2006年 | 2室2厅 | 89.54平米 | 南 北,https://ke-image.ljcdn.com/110000-inspection/f91923f8-8a13-44e9-8a42-43669d741084_1000.jpg!m_fill,w_280,h_210,f_jpg?from=ke.com
20231229,昌平,回龙观,101121678251,店内主推  精装3居室 19层 光线好 视野佳 诚心出售必看好房,389万,43542元/平,高楼层 (共21层) | 2017年 | 3室1厅 | 89.34平米 | 东 南 北,https://ke-image.ljcdn.com/110000-inspection/pc1_0my536xsq_1.jpg!m_fill,w_280,h_210,f_jpg?from=ke.com
20231229,昌平,回龙观,101121663155,商品房满五年 诚心出售 随时签约,465万,53198元/平,底层 (共27层) | 2014年 | 2室1厅 | 87.41平米 | 南,https://ke-image.ljcdn.com/110000-inspection/cc1c2110-b16f-43ff-a3fb-158a15382a2e_1000.jpg!m_fill,w_280,h_210,f_jpg?from=ke.com
20231229,昌平,回龙观,101121630578,北京人家 2室1厅 南 北必看好房,446万,47271元/平,高楼层 (共6层) 2室1厅 | 94.35平米 | 南 北,https://ke-image.ljcdn.com/110000-inspection/pc1_uZ7P8d82H.jpg!m_fill,w_280,h_210,f_jpg?from=ke.com
20231229,昌平,回龙观,101121630360,流星花园三区 电梯两居室 不临街 商五一 落地窗大客厅必看好房,465万,45899元/平,低楼层 (共6层) | 2004年 | 2室1厅 | 101.31平米 | 南 北,https://ke-image.ljcdn.com/110000-inspection/pc1_zsBTPXjni.jpg!m_fill,w_280,h_210,f_jpg?from=ke.com
20231229,昌平,回龙观,101121594597,美唐花园 诚意出售 南北通透两居室,666万,71246元/平,中楼层 (共11层) 2室1厅 | 93.48平米 | 南 北,https://ke-image.ljcdn.com/110000-inspection/818c47ff-2b6c-420c-9566-034cf9682252_1000.jpg!m_fill,w_280,h_210,f_jpg?from=ke.com
20231229,昌平,回龙观,101121576213,龙华园东区中层三居不临街满五唯一自住装修诚心卖,465万,52980元/平,中楼层 (共6层) | 1994年 | 3室1厅 | 87.77平米 | 南 北,https://ke-image.ljcdn.com/110000-inspection/pc1_SFzyKalvo.jpg!m_fill,w_280,h_210,f_jpg?from=ke.com
20231229,昌平,回龙观,101121575680,融泽嘉园一期  2014年小区 南北通透 户型方正,549万,58944元/平,中楼层 (共28层) 2室1厅 | 93.14平米 | 南 北,https://ke-image.ljcdn.com/110000-inspection/49dc8a1d-b21a-4f46-83bc-52d7d2abcc4c_1000.jpg!m_fill,w_280,h_210,f_jpg?from=ke.com
20231229,昌平,回龙观,101121564225,首开国风美唐三期 满五唯一 南北通透 功能三居,610万,67711元/平,顶层 (共20层) | 2016年 | 3室1厅 | 90.09平米 | 南 北,https://ke-image.ljcdn.com/110000-inspection/c0fe5371-c21c-403b-ba94-c8d7c17287b6_1000.jpg!m_fill,w_280,h_210,f_jpg?from=ke.com
20231229,昌平,回龙观,101121563956,店长推荐好房！冠庭园 大两居 商五一 钢混结构落地窗必看好房,489万,49126元/平,中楼层 (共7层) | 2006年 | 2室2厅 | 99.54平米 | 南 北,https://ke-image.ljcdn.com/110000-inspection/4ab48fe3-3f90-4d72-866c-9b5f1bd93787_1000.jpg!m_fill,w_280,h_210,f_jpg?from=ke.com
20231229,昌平,回龙观,101121541012,商品房满五唯一  中间楼层 业主诚心出售必看好房,485万,55366元/平,中楼层 (共28层) | 2013年 | 2室1厅 | 87.6平米 | 南,https://ke-image.ljcdn.com/110000-inspection/2036644b-588c-4d36-944b-72449aec7785_1000.jpg!m_fill,w_280,h_210,f_jpg?from=ke.com
20231229,昌平,回龙观,101121540923,满五唯一 小区中间  自住精装  全明格局,588万,60426元/平,中楼层 (共8层) 2室1厅 | 97.31平米 | 南 北,https://ke-image.ljcdn.com/110000-inspection/pc1_R6OydiJVe.jpg!m_fill,w_280,h_210,f_jpg?from=ke.com
20231229,昌平,回龙观,101121533136,业主跟我卖房点击咨询 2016年电梯房首付115万西南三居必看好房,370万,41443元/平,高楼层 (共21层) | 2016年 | 3室1厅 | 89.28平米 | 南 西,https://ke-image.ljcdn.com/110000-inspection/pc1_lTt1MRGGy_1.jpg!m_fill,w_280,h_210,f_jpg?from=ke.com
20231229,昌平,回龙观,101121532512,新龙城A1两居室 满五唯一 明厨明卫 中高楼层,588万,60751元/平,中楼层 (共8层) 2室1厅 | 96.79平米 | 南 北,https://ke-image.ljcdn.com/110000-inspection/0b096d8b-ac32-432f-8f55-0f65d14f1aed_1000.jpg!m_fill,w_280,h_210,f_jpg?from=ke.com
20231229,昌平,回龙观,101121499360,唯一小区中间位置三居全明格局中间楼层采光视野好必看好房,639万,69104元/平,低楼层 (共20层) 3室2厅 | 92.47平米 | 南 北,https://ke-image.ljcdn.com/110000-inspection/081267b0-0039-4270-9bf2-0c361701a8d3_1000.jpg!m_fill,w_280,h_210,f_jpg?from=ke.com
20231229,昌平,回龙观,101121492732,龙华园西区经典大三居总首付170万满五唯一诚心卖,490万,44627元/平,中楼层 (共7层) | 1996年 | 3室1厅 | 109.8平米 | 南 北,https://ke-image.ljcdn.com/110000-inspection/0a63fcda-b882-4e50-8975-db528ba9c130_1000.jpg!m_fill,w_280,h_210,f_jpg?from=ke.com
20231229,昌平,回龙观,101121488746,京投发展公园悦府一区 把边 明卫南北通透两居室必看好房,610万,66147元/平,中楼层 (共11层) | 2014年 | 2室2厅 | 92.22平米 | 南 北,https://ke-image.ljcdn.com/110000-inspection/57cfdde2-b285-4435-970e-4c8017527a31_1000.jpg!m_fill,w_280,h_210,f_jpg?from=ke.com
20231229,昌平,回龙观,101121472668,地铁300米南北向格局好。小区环境优美。必看好房,366万,41639元/平,底层 (共6层) | 2004年 | 2室1厅 | 87.9平米 | 南 北,https://ke-image.ljcdn.com/110000-inspection/1b2c3e1f-501a-4370-997a-6cca2410ce06_1000.jpg!m_fill,w_280,h_210,f_jpg?from=ke.com
20231229,昌平,回龙观,101121461878,龙腾苑三区价值好房看房方便提前联系必看好房,439万,37235元/平,顶层 (共6层) | 2002年 | 3室1厅 | 117.9平米 | 南 北,https://ke-image.ljcdn.com/110000-inspection/933c7b6b-3f9c-445b-b41d-9d9d7980f341_1000.jpg!m_fill,w_280,h_210,f_jpg?from=ke.com
20231229,昌平,回龙观,101121453547,流星花园三区   中间楼层  精装修,319万,69228元/平,中楼层 (共11层) | 2006年 | 1室0厅 | 46.08平米 | 西南,https://ke-image.ljcdn.com/110000-inspection/78f56512-7d40-43fe-b279-a9436c60940a_1000.jpg!m_fill,w_280,h_210,f_jpg?from=ke.com
20231229,昌平,回龙观,101121419975,首开国风美唐二期 2室1厅 南必看好房,639万,69806元/平,高楼层 (共16层) 2室1厅 | 91.54平米 | 南,https://ke-image.ljcdn.com/110000-inspection/58f1334e-ed1e-4550-bdbb-6d8486ee6788_1000.jpg!m_fill,w_280,h_210,f_jpg?from=ke.com
20231229,昌平,回龙观,101121413705,龙锦苑六区客厅带阳台 公园地铁早市全 商品房 不临街必看好房,449万,46689元/平,中楼层 (共6层) 2室1厅 | 96.17平米 | 东 南 北,https://ke-image.ljcdn.com/110000-inspection/1d950d4a-4692-4153-8057-dd0f0f086647_1000.jpg!m_fill,w_280,h_210,f_jpg?from=ke.com
20231229,昌平,回龙观,101121397062,矩阵一期商满五唯一双卧朝南中间层,372万,56364元/平,中楼层 (共6层) | 1996年 | 2室1厅 | 66平米 | 南 北,https://ke-image.ljcdn.com/110000-inspection/6d7c36de-f78c-404d-97e9-d4f8e18718f6_1000.jpg!m_fill,w_280,h_210,f_jpg?from=ke.com
20231229,昌平,回龙观,101121386610,金域华府二期 高楼层采光好大飘窗有车位仅有27套必看好房,715万,77089元/平,高楼层 (共27层) | 2014年 | 2室1厅 | 92.75平米 | 南,https://ke-image.ljcdn.com/110000-inspection/bf1f94dc-0962-403e-8c5a-ee3f5b294b23_1000.jpg!m_fill,w_280,h_210,f_jpg?from=ke.com
20231229,昌平,回龙观,101121380304,满五唯一中间楼层不临街靠谱出售,528万,54310元/平,低楼层 (共25层) | 2014年 | 2室1厅 | 97.22平米 | 南 北,https://ke-image.ljcdn.com/110000-inspection/pc1_iW7lWgwBU_1.jpg!m_fill,w_280,h_210,f_jpg?from=ke.com
20231229,昌平,回龙观,101121372743,首开国风美唐三期 视野采光好 南北功能三居 满五唯一必看好房,650万,72440元/平,高楼层 (共21层) | 2016年 | 3室1厅 | 89.73平米 | 南 北,https://ke-image.ljcdn.com/110000-inspection/422a8d32-9601-427d-88e7-85abf7665022_1000.jpg!m_fill,w_280,h_210,f_jpg?from=ke.com
20231229,昌平,回龙观,101121366564,万科金域华府三期南向带阳台正对花园精装中间层诚意卖,708万,79382元/平,低楼层 (共27层) 2室2厅 | 89.19平米 | 南,https://ke-image.ljcdn.com/110000-inspection/160e83ef-dab5-437f-97ab-8a10d0ba2bff_1000.jpg!m_fill,w_280,h_210,f_jpg?from=ke.com
20231229,昌平,回龙观,101121362703,领秀慧谷B区 明厨明卫三居室 南北通透中间层 满五唯一必看好房,480万,53429元/平,中楼层 (共9层) | 2011年 | 3室1厅 | 89.84平米 | 西 南 北,https://ke-image.ljcdn.com/110000-inspection/pc1_LV6yCHb3M_1.jpg!m_fill,w_280,h_210,f_jpg?from=ke.com
20231229,昌平,回龙观,101121361048,龙兴园北区 中间楼层两居 南北通透 采光充足,398万,46627元/平,中楼层 (共6层) 2室2厅 | 85.36平米 | 南 北,https://ke-image.ljcdn.com/110000-inspection/pc1_c6bKWYvlM.jpg!m_fill,w_280,h_210,f_jpg?from=ke.com
20231229,昌平,回龙观,101121360131,带电梯南北通透视野开阔 配套齐全交通便利,505万,54237元/平,中楼层 (共10层) | 2005年 | 2室2厅 | 93.11平米 | 南 北,https://ke-image.ljcdn.com/110000-inspection/252ff344-b2e6-400a-9afd-fc71406fe9fc_1000.jpg!m_fill,w_280,h_210,f_jpg?from=ke.com
20231229,昌平,回龙观,101121354458,万龙社区2000年建成小区中间满五唯一视野开阔房主自荐,350万,48666元/平,高楼层 (共6层) 2室1厅 | 71.92平米 | 南 北,https://ke-image.ljcdn.com/110000-inspection/pc1_z1rgTuyPx.jpg!m_fill,w_280,h_210,f_jpg?from=ke.com
20231229,昌平,回龙观,101121347867,诚心出售三居两卫商品房满五年唯一龙腾苑经典三居室必看好房,610万,48252元/平,中楼层 (共6层) 3室2厅 | 126.42平米 | 南 西 北,https://ke-image.ljcdn.com/110000-inspection/pc1_bmGYkrDJK.jpg!m_fill,w_280,h_210,f_jpg?from=ke.com
20231229,昌平,回龙观,101121270754,金域华府 万科物业 三居室 通透户型 三面采光 商品房必看好房,575万,64039元/平,低楼层 (共28层) | 2012年 | 3室1厅 | 89.79平米 | 南 西 北,https://ke-image.ljcdn.com/110000-inspection/pc1_D3hQWmmgt_1.jpg!m_fill,w_280,h_210,f_jpg?from=ke.com
20231229,昌平,回龙观,101121260860,龙跃苑二区 不临街  商品房  满五年唯一必看好房,479万,48394元/平,中楼层 (共6层) 2室1厅 | 98.98平米 | 南 北,https://ke-image.ljcdn.com/110000-inspection/c462f485-e09f-4fa0-8fec-25e10bd22660_1000.jpg!m_fill,w_280,h_210,f_jpg?from=ke.com
20231229,昌平,回龙观,101121245253,此房满五年唯一小区中间位置前后花园采光视野好必看好房,585万,62735元/平,中楼层 (共28层) | 2013年 | 2室1厅 | 93.25平米 | 南 北,https://ke-image.ljcdn.com/110000-inspection/f3d4f2d0-0ba0-4046-8e4c-513d8146ed78_1000.jpg!m_fill,w_280,h_210,f_jpg?from=ke.com
20231229,昌平,回龙观,101121226962,电梯楼落地窗满五唯一进出方便地暖必看好房,530万,47834元/平,中楼层 (共10层) 3室1厅 | 110.8平米 | 南 北,https://ke-image.ljcdn.com/110000-inspection/ba495915-58b6-42bb-a71c-229072aa695c_1000.jpg!m_fill,w_280,h_210,f_jpg?from=ke.com
20231229,昌平,回龙观,101121202126,新龙城电梯三居满五唯一南北双明卫精装拎包入住必看好房,620万,49450元/平,中楼层 (共20层) 3室2厅 | 125.38平米 | 南 北,https://ke-image.ljcdn.com/110000-inspection/pc1_OE6CrmWMz.jpg!m_fill,w_280,h_210,f_jpg?from=ke.com
20231229,昌平,回龙观,101121195441,满五年唯一 中间楼层 视野采光好,355万,59785元/平,低楼层 (共6层) | 2005年 | 1室1厅 | 59.38平米 | 南,https://ke-image.ljcdn.com/110000-inspection/pc1_SR8f6ZCoG.jpg!m_fill,w_280,h_210,f_jpg?from=ke.com
20231229,昌平,回龙观,101121194491,和谐家园二区、3层、不临街、8号线回龙观东大街地铁站必看好房,556万,47039元/平,中楼层 (共6层) 3室1厅 | 118.2平米 | 南 北,https://ke-image.ljcdn.com/110000-inspection/c15ba8d5-b343-44ce-9400-c2dce0e3e28f_1000.jpg!m_fill,w_280,h_210,f_jpg?from=ke.com
20231229,昌平,回龙观,101121160975,融泽嘉园中路1号院  正对花园 户型方正  采光效果好必看好房,575万,52962元/平,中楼层 (共34层) 3室2厅 | 108.57平米 | 南 北,https://ke-image.ljcdn.com/110000-inspection/pc1_s00qsxxD9_1.jpg!m_fill,w_280,h_210,f_jpg?from=ke.com
20231229,昌平,回龙观,101121146118,商品房满五唯一带电梯中间层小区绿化45%必看好房,708万,51305元/平,中楼层 (共22层) | 2002年 | 3室1厅 | 138平米 | 东 南 北,https://ke-image.ljcdn.com/110000-inspection/e1f6088e-c730-48f0-9150-e56e9b03de27_1000.jpg!m_fill,w_280,h_210,f_jpg?from=ke.com
20231229,昌平,回龙观,101121137349,08年小区 南北双通透 精装修可拎包入住 中间层大三居必看好房,515万,39717元/平,中楼层 (共6层) 3室2厅 | 129.67平米 | 南 北,https://ke-image.ljcdn.com/110000-inspection/9ac6565c-5888-4ad7-85f6-82ea7da32669_1000.jpg!m_fill,w_280,h_210,f_jpg?from=ke.com
20231229,昌平,回龙观,101121122457,商品房满五年唯一  大三居南北通透必看好房,499万,40762元/平,中楼层 (共7层) 3室2厅 | 122.42平米 | 南 北,https://ke-image.ljcdn.com/110000-inspection/pc1_edktiqxHr.jpg!m_fill,w_280,h_210,f_jpg?from=ke.com
20231229,昌平,回龙观,101121113120,领秀慧谷A区 南北两居室 双通透户型必看好房,475万,55420元/平,中楼层 (共6层) | 2011年 | 2室1厅 | 85.71平米 | 南 北,https://ke-image.ljcdn.com/110000-inspection/405a70eb-5a26-4c9e-9e37-dd76b6974788_1000.jpg!m_fill,w_280,h_210,f_jpg?from=ke.com
20231229,昌平,回龙观,101121109704,总监推荐新龙城115平米的大两居南北通透必看好房,545万,47375元/平,中楼层 (共20层) 2室2厅 | 115.04平米 | 南 北,https://ke-image.ljcdn.com/110000-inspection/pc1_jawczLTqH.jpg!m_fill,w_280,h_210,f_jpg?from=ke.com
20231229,昌平,回龙观,101121109605,满五年中间楼层南北通透诚意出售必看好房,553万,50164元/平,中楼层 (共32层) 3室1厅 | 110.24平米 | 南 北,https://ke-image.ljcdn.com/110000-inspection/pc1_zwwrdkC6l_1.jpg!m_fill,w_280,h_210,f_jpg?from=ke.com
20231229,昌平,回龙观,101121108651,龙旗广场 商品房满五年 电梯房 南北 明卫 10/11层必看好房,435万,57020元/平,高楼层 (共11层) | 2010年 | 2室1厅 | 76.29平米 | 南 北,https://ke-image.ljcdn.com/110000-inspection/pc1_zq08JOVLP.jpg!m_fill,w_280,h_210,f_jpg?from=ke.com
20231229,昌平,回龙观,101121102072,京投发展公园悦府一区 两居两卫 便宜市场价 看房随时必看好房,536万,57803元/平,顶层 (共11层) | 2016年 | 2室2厅 | 92.73平米 | 西南,https://ke-image.ljcdn.com/110000-inspection/235f7e12-49f3-46c9-85ad-9b779bceb132_1000.jpg!m_fill,w_280,h_210,f_jpg?from=ke.com
20231229,昌平,回龙观,101121086092,满五唯一自住精装修中高楼层采光和视野好必看好房,530万,59773元/平,中楼层 (共28层) | 2012年 | 2室1厅 | 88.67平米 | 南 西,https://ke-image.ljcdn.com/110000-inspection/657c7b34-92ae-4cd7-8d49-ab224754f78d_1000.jpg!m_fill,w_280,h_210,f_jpg?from=ke.com
20231229,昌平,回龙观,101121084661,龙腾苑四区 小区院里 精装修 三居室必看好房,590万,46065元/平,低楼层 (共6层) 3室1厅 | 128.08平米 | 南 北,https://ke-image.ljcdn.com/110000-inspection/pc1_CkkkHLzkT.jpg!m_fill,w_280,h_210,f_jpg?from=ke.com
20231229,昌平,回龙观,101121080888,龙泽苑西区 3室2厅 南 北必看好房,735万,51874元/平,中楼层 (共7层) | 2000年 | 3室2厅 | 141.69平米 | 南 北,https://ke-image.ljcdn.com/110000-inspection/pc1_kSNKjHRjM.jpg!m_fill,w_280,h_210,f_jpg?from=ke.com
20231229,昌平,回龙观,101121066059,商品房满五年唯一南北通透小区中间位置必看好房,525万,56776元/平,底层 (共20层) 3室1厅 | 92.47平米 | 南 北,https://ke-image.ljcdn.com/110000-inspection/pc1_7PbcUWJoz_1.jpg!m_fill,w_280,h_210,f_jpg?from=ke.com
20231229,昌平,回龙观,101121065698,看房有K 电梯房 人车分流品质社区 满五唯一 近地铁必看好房,545万,62329元/平,低楼层 (共18层) | 2016年 | 2室1厅 | 87.44平米 | 南,https://ke-image.ljcdn.com/110000-inspection/d014be06-d8f9-4bdc-bbcb-5863b02b71b3_1000.jpg!m_fill,w_280,h_210,f_jpg?from=ke.com
20231229,昌平,回龙观,101121065066,首付128万详情点击咨询 2017年电梯南向精装三居室必看好房,409万,39143元/平,中楼层 (共21层) 3室1厅 | 104.49平米 | 南,https://ke-image.ljcdn.com/110000-inspection/pc1_D6q3jEIBf_1.jpg!m_fill,w_280,h_210,f_jpg?from=ke.com
20231229,昌平,回龙观,101121050799,流星花园三区 北向开间 落地窗 满5唯一 位置好不临街必看好房,279万,58271元/平,低楼层 (共11层) 1室0厅 | 47.88平米 | 北,https://ke-image.ljcdn.com/110000-inspection/6e689cf9-c99f-4fd7-bb70-d5c5368fa16d_1000.jpg!m_fill,w_280,h_210,f_jpg?from=ke.com
20231229,昌平,回龙观,101121047936,满五年唯一位置好南北三居室 自住装修靠谱签约必看好房,450万,50062元/平,底层 (共22层) | 2010年 | 3室1厅 | 89.89平米 | 南 北,https://ke-image.ljcdn.com/110000-inspection/62b179ac-4e85-4fcd-a445-2317adceb08f_1000.jpg!m_fill,w_280,h_210,f_jpg?from=ke.com
20231229,昌平,回龙观,101121041236,北京人家 南北通透3居 采光视野好落地窗 诚心出售！必看好房,465万,46776元/平,高楼层 (共6层) | 2006年 | 3室2厅 | 99.41平米 | 南 北,https://ke-image.ljcdn.com/110000-inspection/pc1_fTuPcOW9X.jpg!m_fill,w_280,h_210,f_jpg?from=ke.com
20231229,昌平,回龙观,101121041123,新上满五唯一全明三居近地铁诚信出售必看好房,609万,55079元/平,中楼层 (共34层) 3室1厅 | 110.57平米 | 南 北,https://ke-image.ljcdn.com/110000-inspection/pc1_rM3P4UzYs_1.jpg!m_fill,w_280,h_210,f_jpg?from=ke.com
20231229,昌平,回龙观,101121039503,首开智慧社南北通透三居室 中间楼层视野好必看好房,778万,54940元/平,中楼层 (共17层) 3室1厅 | 141.61平米 | 南 北,https://ke-image.ljcdn.com/110000-inspection/05ff6a61-4537-4745-a24e-b636d04338f9_1000.jpg!m_fill,w_280,h_210,f_jpg?from=ke.com
20231229,昌平,回龙观,101121035004,龙跃苑二区 中间层 商品房三居必看好房,538万,39867元/平,中楼层 (共6层) 3室1厅 | 134.95平米 | 南 北,https://ke-image.ljcdn.com/110000-inspection/pc1_TDeHPNR6o.jpg!m_fill,w_280,h_210,f_jpg?from=ke.com
20231229,昌平,回龙观,101121027253,龙华园正规一居室+中间楼层+满五唯一+看房方便必看好房,286万,48831元/平,中楼层 (共6层) | 1994年 | 1室1厅 | 58.57平米 | 东 西,https://ke-image.ljcdn.com/110000-inspection/pc1_4le1CRTbP_1.jpg!m_fill,w_280,h_210,f_jpg?from=ke.com
20231229,昌平,回龙观,101121020257,不临街三个阳台采光无遮挡得房率85.35%必看好房,520万,57554元/平,低楼层 (共20层) 2室2厅 | 90.35平米 | 东南,https://ke-image.ljcdn.com/110000-inspection/73a83cf5-9edc-43fa-a141-0b701a2ecbce_1000.jpg!m_fill,w_280,h_210,f_jpg?from=ke.com
20231229,昌平,回龙观,101121016539,领秀慧谷D2区商品房小三居毛坯装修,638万,68272元/平,高楼层 (共9层) 3室1厅 | 93.45平米 | 南 北,https://ke-image.ljcdn.com/110000-inspection/pc1_rIIo0woG1.jpg!m_fill,w_280,h_210,f_jpg?from=ke.com
20231229,昌平,回龙观,101121004746,慧华苑小区诚意出售优质房源中楼层自住精装,286万,50326元/平,中楼层 (共6层) 1室1厅 | 56.83平米 | 南 北,https://ke-image.ljcdn.com/110000-inspection/pc1_Q367gZZFR_1.jpg!m_fill,w_280,h_210,f_jpg?from=ke.com
20231229,昌平,回龙观,101120991675,流星花园二区 户型方正 中楼层带电梯 业主诚意出售房主自荐,269万,56872元/平,中楼层 (共11层) | 2004年 | 1室1厅 | 47.3平米 | 北,https://ke-image.ljcdn.com/110000-inspection/e1912bc2-1443-486f-8709-1a40b9388ec9_1000.jpg!m_fill,w_280,h_210,f_jpg?from=ke.com
20231229,昌平,回龙观,101120962163,首付90万 只有契税精装修全明格局3层 3层 3层必看好房,290万,49514元/平,中楼层 (共6层) | 1994年 | 1室1厅 | 58.57平米 | 东 西,https://ke-image.ljcdn.com/110000-inspection/pc1_OSqDo7UvX.jpg!m_fill,w_280,h_210,f_jpg?from=ke.com
20231229,昌平,回龙观,101120955873,龙泽苑东区南向带电梯小区中间位置采光好,330万,77121元/平,低楼层 (共9层) | 2005年 | 1室0厅 | 42.79平米 | 南,https://ke-image.ljcdn.com/110000-inspection/pc1_qLvd4awfY.jpg!m_fill,w_280,h_210,f_jpg?from=ke.com
20231229,昌平,回龙观,101120938228,领秀慧谷D区精装两居室 拎包入住 业主靠谱签约必看好房,639万,71302元/平,中楼层 (共11层) | 2016年 | 2室2厅 | 89.62平米 | 南 北,https://ke-image.ljcdn.com/110000-inspection/pc1_rTpS2QlXe_1.jpg!m_fill,w_280,h_210,f_jpg?from=ke.com
20231229,昌平,回龙观,101120927512,龙泽苑东区+带电梯+精装修+钢混结构+板楼南向开间房主自荐,339万,78582元/平,低楼层 (共9层) | 2005年 | 1室0厅 | 43.14平米 | 南,https://ke-image.ljcdn.com/110000-inspection/pc1_q7iAv3PXZ.jpg!m_fill,w_280,h_210,f_jpg?from=ke.com
20231229,昌平,回龙观,101120918710,矩阵二期首付85万电梯一居室不临街商五唯一靠谱必看好房,299万,47378元/平,高楼层 (共6层) | 2004年 | 1室1厅 | 63.11平米 | 北,https://ke-image.ljcdn.com/110000-inspection/48886971-a66a-4989-a47d-eec328f69d14_1000.jpg!m_fill,w_280,h_210,f_jpg?from=ke.com
20231229,昌平,回龙观,101120909628,佰嘉城 小区中间位置 精装 商满五唯一 三居,499万,41772元/平,中楼层 (共6层) | 2006年 | 3室1厅 | 119.46平米 | 南 北,https://ke-image.ljcdn.com/110000-inspection/pc1_r3Sez2f2G.jpg!m_fill,w_280,h_210,f_jpg?from=ke.com
20231229,昌平,回龙观,101120908183,一居室南北通透采光好户型方正房主自荐,335万,55117元/平,顶层 (共5层) 1室1厅 | 60.78平米 | 南 北,https://ke-image.ljcdn.com/110000-inspection/960a4199-e821-404d-8dfb-c47938cdc107_1000.jpg!m_fill,w_280,h_210,f_jpg?from=ke.com
20231229,昌平,回龙观,101120897586,风雅园二区平层大四居 满五唯一 采光好位置好必看好房,458万,32694元/平,高楼层 (共7层) 4室1厅 | 140.09平米 | 东 南 北,https://ke-image.ljcdn.com/110000-inspection/pc1_3lpROimcW.jpg!m_fill,w_280,h_210,f_jpg?from=ke.com
20231229,昌平,回龙观,101120891162,新龙城 精装修一居室 视野无遮挡,399万,56548元/平,中楼层 (共20层) | 2006年 | 1室1厅 | 70.56平米 | 北,https://ke-image.ljcdn.com/110000-inspection/pc1_jHdPJC1le.jpg!m_fill,w_280,h_210,f_jpg?from=ke.com
20231229,昌平,回龙观,101120887810,聚焦推荐房子满五年唯一楼层好视野开阔必看好房,355万,58736元/平,顶层 (共18层) | 2015年 | 1室1厅 | 60.44平米 | 东 西,https://ke-image.ljcdn.com/110000-inspection/9aea8c27-612b-438c-a378-07d13c0fa7a4_1000.jpg!m_fill,w_280,h_210,f_jpg?from=ke.com
20231229,昌平,回龙观,101120886598,新龙城 2室1厅 东南,530万,58197元/平,中楼层 (共20层) | 2007年 | 2室1厅 | 91.07平米 | 东南,https://ke-image.ljcdn.com/110000-inspection/pc1_NSGSFgW13.jpg!m_fill,w_280,h_210,f_jpg?from=ke.com
20231229,昌平,回龙观,101120873846,流星花园二区 南北2居  临近8号线和13号线A线必看好房,449万,53587元/平,低楼层 (共6层) 2室1厅 | 83.79平米 | 南 北,https://ke-image.ljcdn.com/110000-inspection/884add31-b57a-4aa2-9d44-11bf48b6a8cb_1000.jpg!m_fill,w_280,h_210,f_jpg?from=ke.com
20231229,昌平,回龙观,101120868917,融泽嘉园中路1号院 中间位置 正对花园 已经是商品房必看好房,480万,54996元/平,低楼层 (共28层) 2室1厅 | 87.28平米 | 南,https://ke-image.ljcdn.com/110000-inspection/pc1_5AWUJVTfz_1.jpg!m_fill,w_280,h_210,f_jpg?from=ke.com
20231229,昌平,回龙观,101120866411,万科物业服务+精装修+中间位置+采光好+好楼层看花园必看好房,615万,76808元/平,低楼层 (共28层) | 2014年 | 2室1厅 | 80.07平米 | 南,https://ke-image.ljcdn.com/110000-inspection/01d09eb0-4627-4286-aadc-b9324df5ebf1_1000.jpg!m_fill,w_280,h_210,f_jpg?from=ke.com
20231229,昌平,回龙观,101120846397,带地下储藏室不临街中间层南北通透全明格局！必看好房,618万,69784元/平,低楼层 (共9层) 2室2厅 | 88.56平米 | 南 北,https://ke-image.ljcdn.com/110000-inspection/9dbcf00a-06df-4a46-848f-58fe032fffea_1000.jpg!m_fill,w_280,h_210,f_jpg?from=ke.com
20231229,昌平,回龙观,101120842346,金域华府一期 商品房 满五年唯一必看好房,599万,69806元/平,中楼层 (共27层) 2室1厅 | 85.81平米 | 南,https://ke-image.ljcdn.com/110000-inspection/05b22cfd-36c7-4466-8f9f-893a79fd0d50_1000.jpg!m_fill,w_280,h_210,f_jpg?from=ke.com
20231229,昌平,回龙观,101120837205,龙跃苑东二区 满五年唯一 采光视野好 业主诚心卖必看好房,406万,39918元/平,顶层 (共6层) 2室1厅 | 101.71平米 | 南 北,https://ke-image.ljcdn.com/110000-inspection/fbcd0120-4196-4acd-bb51-f4ef1ff196a2_1000.jpg!m_fill,w_280,h_210,f_jpg?from=ke.com
20231229,昌平,回龙观,101120821703,矩阵三期首付115万电梯房次顶层南北通透靠谱必看好房,408万,55113元/平,高楼层 (共11层) | 2007年 | 2室1厅 | 74.03平米 | 南 北,https://ke-image.ljcdn.com/110000-inspection/848706e1-72f2-4c8c-8754-0c102f0c1507_1000.jpg!m_fill,w_280,h_210,f_jpg?from=ke.com
20231229,昌平,回龙观,101120812958,融泽嘉园中路6号院 商品房 精装修 前后花园 视野好必看好房,553万,60663元/平,高楼层 (共18层) | 2013年 | 2室1厅 | 91.16平米 | 南 北,https://ke-image.ljcdn.com/110000-inspection/0115a350-77c5-4c7e-b9b1-55f45a70cc62_1000.jpg!m_fill,w_280,h_210,f_jpg?from=ke.com
20231229,昌平,回龙观,101120795301,此房满五年唯一户型方正视野好环境好采光好必看好房,349万,42970元/平,低楼层 (共21层) 2室1厅 | 81.22平米 | 南,https://ke-image.ljcdn.com/110000-inspection/151fe139-f72a-4a56-8745-9b6b3b306504_1000.jpg!m_fill,w_280,h_210,f_jpg?from=ke.com
20231229,昌平,回龙观,101120777904,矩阵二期 电梯小户型 商满五唯一,222万,64070元/平,中楼层 (共11层) 1室0厅 | 34.65平米 | 西北,https://ke-image.ljcdn.com/110000-inspection/82a5132a-b21f-4718-a72a-82c05a84f410_1000.jpg!m_fill,w_280,h_210,f_jpg?from=ke.com
20231229,昌平,回龙观,101120768846,新龙城 3室1厅 南 北必看好房,640万,55373元/平,高楼层 (共9层) 3室1厅 | 115.58平米 | 南 北,https://ke-image.ljcdn.com/110000-inspection/pc1_MQIZlAmtL.jpg!m_fill,w_280,h_210,f_jpg?from=ke.com
20231229,昌平,回龙观,101120713461,高楼层南北通透双阳台唯一住宅近地铁必看好房,499万,51829元/平,高楼层 (共20层) | 2007年 | 2室1厅 | 96.28平米 | 南 北,https://ke-image.ljcdn.com/110000-inspection/175ac959-865b-42d6-be27-43b1161669a4_1000.jpg!m_fill,w_280,h_210,f_jpg?from=ke.com
20231229,昌平,回龙观,101120702775,云趣园二区 正规三居室 南北通透必看好房,455万,43483元/平,中楼层 (共7层) | 2002年 | 3室1厅 | 104.64平米 | 南 北,https://ke-image.ljcdn.com/110000-inspection/4a07f429-053b-4b94-9684-b5096eb3ea1e_1000.jpg!m_fill,w_280,h_210,f_jpg?from=ke.com
20231229,昌平,回龙观,101120691660,新龙城西北向一居室满五年唯一步行地铁1000米必看好房,307万,53955元/平,低楼层 (共20层) | 2007年 | 1室1厅 | 56.9平米 | 西北,https://ke-image.ljcdn.com/110000-inspection/pc1_Kr2OnDLCr.jpg!m_fill,w_280,h_210,f_jpg?from=ke.com
20231229,昌平,回龙观,101120672354,佰嘉城小区全明格局三居室满五年唯一房主自荐,446万,37752元/平,高楼层 (共6层) 3室1厅 | 118.14平米 | 南 北,https://ke-image.ljcdn.com/110000-inspection/2d10be03-39db-45f6-909d-92d10cbc0890_1000.jpg!m_fill,w_280,h_210,f_jpg?from=ke.com
20231229,昌平,回龙观,101120641288,此房商品房满五年唯一业主诚心出售,469万,49746元/平,低楼层 (共6层) 2室2厅 | 94.28平米 | 南 北,https://ke-image.ljcdn.com/110000-inspection/pc1_7mIw1dmcX.jpg!m_fill,w_280,h_210,f_jpg?from=ke.com
20231229,昌平,回龙观,101120637423,高楼层视野好 没有遮挡 诚心出售  随时签约,610万,52911元/平,高楼层 (共33层) 3室1厅 | 115.29平米 | 南 北,https://ke-image.ljcdn.com/110000-inspection/681d318e-0848-4bf4-a54f-3cda097fa806_1000.jpg!m_fill,w_280,h_210,f_jpg?from=ke.com
20231229,昌平,回龙观,101120624338,流星花园三区 小区中间 高楼层有电梯 业主诚意出售房主自荐,625万,55655元/平,高楼层 (共6层) 3室1厅 | 112.3平米 | 南 北,https://ke-image.ljcdn.com/110000-inspection/6efcec51-1810-4610-8696-a61d6c418793_1000.jpg!m_fill,w_280,h_210,f_jpg?from=ke.com
20231229,昌平,回龙观,101120603827,小区中间位置商品房满五年唯一 经典南北通透三居室房主自荐,576万,48806元/平,高楼层 (共6层) | 2003年 | 3室1厅 | 118.02平米 | 南 北,https://ke-image.ljcdn.com/110000-inspection/pc1_uhpJGpDfy.jpg!m_fill,w_280,h_210,f_jpg?from=ke.com
20231229,昌平,回龙观,101120564725,三居 三居 满五年唯一 首付125万 契税1% 随时可看可约,408万,48665元/平,高楼层 (共6层) | 1994年 | 3室1厅 | 83.84平米 | 南 北,https://ke-image.ljcdn.com/110000-inspection/8cb66be7-e5a6-46c7-92b6-4f9238c6eac5_1000.jpg!m_fill,w_280,h_210,f_jpg?from=ke.com
20231229,昌平,回龙观,101120554277,中高楼层 满五唯一 看房方便 诚心出售 随时签约,565万,64190元/平,高楼层 (共34层) 2室1厅 | 88.02平米 | 南 北,https://ke-image.ljcdn.com/110000-inspection/pc1_kKLyT5gkf_1.jpg!m_fill,w_280,h_210,f_jpg?from=ke.com
20231229,昌平,回龙观,101120533711,首开国风美唐 南北通透的三居室 满五年唯一 装修好必看好房,580万,62541元/平,中楼层 (共21层) | 2014年 | 3室1厅 | 92.74平米 | 南 北,https://ke-image.ljcdn.com/110000-inspection/7fc91196-21fd-4bff-bec2-5aff58425471_1000.jpg!m_fill,w_280,h_210,f_jpg?from=ke.com
20231229,昌平,回龙观,101120488282,云趣园一区 看房随时 南北通透 随时签约必看好房,478万,43204元/平,中楼层 (共6层) 3室2厅 | 110.64平米 | 南 北,https://ke-image.ljcdn.com/110000-inspection/15f77b0b-4fd3-4b88-bc69-1dc10bf76bf5_1000.jpg!m_fill,w_280,h_210,f_jpg?from=ke.com
20231229,昌平,回龙观,101120459494,慧华苑 1室1厅 南 北,299.5万,55919元/平,中楼层 (共6层) | 1996年 | 1室1厅 | 53.56平米 | 南 北,https://ke-image.ljcdn.com/110000-inspection/de465c0b-1d91-4cbd-a03f-b0e391a186f8_1000.jpg!m_fill,w_280,h_210,f_jpg?from=ke.com
20231229,昌平,回龙观,101120454358,首开国风美唐二期 2室1厅 东南 南必看好房,585万,69552元/平,中楼层 (共20层) | 2014年 | 2室1厅 | 84.11平米 | 东南 南,https://ke-image.ljcdn.com/110000-inspection/b9e300f4-af68-4a78-a51a-49f96c008f91_1000.jpg!m_fill,w_280,h_210,f_jpg?from=ke.com
20231229,昌平,回龙观,101120433201,商品房满五唯一 位置好 没有遮挡 业主诚心出售必看好房,485万,55271元/平,低楼层 (共22层) | 2016年 | 2室1厅 | 87.75平米 | 南,https://ke-image.ljcdn.com/110000-inspection/pc1_811ZQBCAh.jpg!m_fill,w_280,h_210,f_jpg?from=ke.com
20231229,昌平,回龙观,101120431438,慧华苑小区+低楼层+正规一居室+小区中间位置房主自荐,277万,51297元/平,低楼层 (共6层) 1室1厅 | 54平米 | 南 北,https://ke-image.ljcdn.com/110000-inspection/7c0b9d99-3c23-4f0b-8a87-4a623114b21b_1000.jpg!m_fill,w_280,h_210,f_jpg?from=ke.com
20231229,昌平,回龙观,101120427023,新龙城满五唯一+全明格局+小区中间位置房主自荐,499万,53091元/平,中楼层 (共8层) 2室1厅 | 93.99平米 | 东 西,https://ke-image.ljcdn.com/110000-inspection/pc1_e57yeVS0r.jpg!m_fill,w_280,h_210,f_jpg?from=ke.com
20231229,昌平,回龙观,101120409804,高楼层视野开阔满五年唯一 诚心卖价格可谈,368万,59461元/平,顶层 (共18层) 1室1厅 | 61.89平米 | 东,https://ke-image.ljcdn.com/110000-inspection/a71690f8-e6e7-4200-895c-d9d01d8b3b0b_1000.jpg!m_fill,w_280,h_210,f_jpg?from=ke.com
20231229,昌平,回龙观,101120383161,商满五唯一不临街小区中间低楼层全明格局必看好房,568万,43848元/平,中楼层 (共6层) | 2005年 | 3室1厅 | 129.54平米 | 南 北,https://ke-image.ljcdn.com/110000-inspection/444cc928-4355-4a9d-9415-078d0f69f6f5_1000.jpg!m_fill,w_280,h_210,f_jpg?from=ke.com
20231229,昌平,回龙观,101120335571,总监推荐 北京城建畅悦居D区 商品房满五唯一  高楼层必看好房,369万,42927元/平,高楼层 (共21层) 2室1厅 | 85.96平米 | 南,https://ke-image.ljcdn.com/110000-inspection/pc1_cWQdzv7Dx_1.jpg!m_fill,w_280,h_210,f_jpg?from=ke.com
20231229,昌平,回龙观,101120330360,龙泽苑B区+中美合资+首套首付139万+南北通透+纯商品房必看好房,435万,48740元/平,中楼层 (共7层) 2室1厅 | 89.25平米 | 南 北,https://ke-image.ljcdn.com/110000-inspection/pc1_KoVv9S3i3.jpg!m_fill,w_280,h_210,f_jpg?from=ke.com
20231229,昌平,回龙观,101120257421,首开国风美唐二期 高楼层 小区中间位置 业主诚心出售,750万,76798元/平,高楼层 (共20层) 3室1厅 | 97.66平米 | 南 北,https://ke-image.ljcdn.com/110000-inspection/4952bd44-53f7-4e60-8b50-15582e8859bf_1000.jpg!m_fill,w_280,h_210,f_jpg?from=ke.com
20231229,昌平,回龙观,101120210553,满五唯一商品房户型方正高层视野好万科精装修必看好房,910万,78172元/平,高楼层 (共28层) | 2014年 | 3室2厅 | 116.41平米 | 东 南 北,https://ke-image.ljcdn.com/110000-inspection/c77b4b76-465d-4c7a-8e99-0963d29e2a52_1000.jpg!m_fill,w_280,h_210,f_jpg?from=ke.com
20231229,昌平,回龙观,101120190500,融泽三期 2016年小区 采光视野无遮挡 看房随时必看好房,506万,57455元/平,高楼层 (共34层) 2室1厅 | 88.07平米 | 南,https://ke-image.ljcdn.com/110000-inspection/89cc9567-48ed-4bab-8575-48a8b905b37b_1000.jpg!m_fill,w_280,h_210,f_jpg?from=ke.com
20231229,昌平,回龙观,101120158082,此房商品房满五年唯一低楼层配套齐全交通便利,285万,50327元/平,中楼层 (共4层) | 1983年 | 2室1厅 | 56.63平米 | 南 北,https://ke-image.ljcdn.com/110000-inspection/pc1_ATsh7WVsL.jpg!m_fill,w_280,h_210,f_jpg?from=ke.com
20231229,昌平,回龙观,101120153873,龙腾苑二区 商品房 满五年 中间位置中间层 精装房主自荐,635万,47921元/平,低楼层 (共6层) | 2003年 | 3室1厅 | 132.51平米 | 南 北,https://ke-image.ljcdn.com/110000-inspection/pc1_5wsO7xSRd.jpg!m_fill,w_280,h_210,f_jpg?from=ke.com
20231229,昌平,回龙观,101120092238,新龙城138平大三居南北通透满五唯一诚心出售,615万,44402元/平,低楼层 (共20层) 3室1厅 | 138.51平米 | 南 北,https://ke-image.ljcdn.com/110000-inspection/pc1_4OMEbJF3p.jpg!m_fill,w_280,h_210,f_jpg?from=ke.com
20231229,昌平,回龙观,101120076679,龙跃苑一区  商品房满五年北京家庭唯一住房必看好房,465万,49005元/平,中楼层 (共6层) 2室1厅 | 94.89平米 | 南 北,https://ke-image.ljcdn.com/110000-inspection/5ec1a991-f3fe-4b78-9e1b-d7d1535734fd_1000.jpg!m_fill,w_280,h_210,f_jpg?from=ke.com
20231229,昌平,回龙观,101120046658,通达园南北通透三居商品房满五年唯一小区中间位置,539万,41253元/平,中楼层 (共7层) | 2001年 | 3室1厅 | 130.66平米 | 南 北,https://ke-image.ljcdn.com/110000-inspection/c0f62917-f41d-4d22-a0d0-b66a1a35badb_1000.jpg!m_fill,w_280,h_210,f_jpg?from=ke.com
20231229,昌平,回龙观,101119995774,融泽嘉园东一路8号院 南向落地窗 环保材料品牌装修！必看好房,512万,58475元/平,低楼层 (共28层) | 2014年 | 2室1厅 | 87.56平米 | 南,https://ke-image.ljcdn.com/110000-inspection/dc44f938-2a5b-413c-8fcf-a550bbf229a7_1000.jpg!m_fill,w_280,h_210,f_jpg?from=ke.com
20231229,昌平,回龙观,101119995484,慧华苑婚房精装修两居室诚意出售寻找有缘人！房主自荐,370万,48672元/平,中楼层 (共6层) | 1995年 | 2室1厅 | 76.02平米 | 南 北,https://ke-image.ljcdn.com/110000-inspection/3561608f-7661-4328-ab6b-19a2625de3fe_1000.jpg!m_fill,w_280,h_210,f_jpg?from=ke.com
20231229,昌平,回龙观,101119954453,首开国风美唐二期 高楼层两居 商品房满五唯一仅有契税,515万,68330元/平,高楼层 (共18层) 2室1厅 | 75.37平米 | 南,https://ke-image.ljcdn.com/110000-inspection/7211e04e-91de-4334-93eb-28d7baed9831_1000.jpg!m_fill,w_280,h_210,f_jpg?from=ke.com
20231229,昌平,回龙观,101119929644,毛坯一手房 看房方便 诚心出售 随时签约,469万,54058元/平,低楼层 (共18层) | 2013年 | 2室1厅 | 86.76平米 | 南,https://ke-image.ljcdn.com/110000-inspection/pc1_KW6zF0nx9_1.jpg!m_fill,w_280,h_210,f_jpg?from=ke.com
20231229,昌平,回龙观,101119926653,商品房 南北通透 落地窗 视野好,529万,60272元/平,中楼层 (共28层) 2室1厅 | 87.77平米 | 南 北,https://ke-image.ljcdn.com/110000-inspection/pc1_Es3Hn1UfU.jpg!m_fill,w_280,h_210,f_jpg?from=ke.com
20231229,昌平,回龙观,101119873199,新龙城两居两卫+满五年+落地窗设计,568万,55545元/平,中楼层 (共20层) | 2007年 | 2室2厅 | 102.26平米 | 北 南,https://ke-image.ljcdn.com/110000-inspection/283ae573-aab1-40ac-a8a2-bb1dd0e2c2ca_1000.jpg!m_fill,w_280,h_210,f_jpg?from=ke.com
20231229,昌平,回龙观,101119840121,商五唯一中间层  西南北三居室 采光好诚意卖必看好房,558万,61719元/平,中楼层 (共28层) | 2012年 | 3室1厅 | 90.41平米 | 西南 北,https://ke-image.ljcdn.com/110000-inspection/pc1_UJeyuJMNN_1.jpg!m_fill,w_280,h_210,f_jpg?from=ke.com
20231229,昌平,回龙观,101119839438,满五唯一 精装修 高楼层视野好,536万,65695元/平,中楼层 (共34层) | 2016年 | 2室1厅 | 81.59平米 | 南,https://ke-image.ljcdn.com/110000-inspection/pc1_SxsVUnVor.jpg!m_fill,w_280,h_210,f_jpg?from=ke.com
20231229,昌平,回龙观,101119823788,小区中间中间楼层不临街东南北朝向经典三居。必看好房,658万,54112元/平,中楼层 (共8层) 3室1厅 | 121.6平米 | 东 南 北,https://ke-image.ljcdn.com/110000-inspection/pc1_wwLBXI4en.jpg!m_fill,w_280,h_210,f_jpg?from=ke.com
20231229,昌平,回龙观,101119799216,满五唯一 新龙城两居两卫精装修拎包入住南北通透,562万,54937元/平,高楼层 (共20层) | 2007年 | 2室1厅 | 102.3平米 | 南 北,https://ke-image.ljcdn.com/110000-inspection/pc1_wyGZ4jlz7.jpg!m_fill,w_280,h_210,f_jpg?from=ke.com
20231229,昌平,回龙观,101119772031,首付95万 4层 满五唯一全明格局稳定签约 中间位置必看好房,309万,52758元/平,中楼层 (共6层) 1室1厅 | 58.57平米 | 南 北,https://ke-image.ljcdn.com/110000-inspection/pc1_ckYiRybxS.jpg!m_fill,w_280,h_210,f_jpg?from=ke.com
20231229,昌平,回龙观,101119723405,金达园 满五年唯一商品房 南北通透 中楼层 诚意出售必看好房,428万,48560元/平,中楼层 (共6层) | 1998年 | 2室1厅 | 88.14平米 | 南 北,https://ke-image.ljcdn.com/110000-inspection/c89446cc-2280-4055-96b0-a21b811b310e_1000.jpg!m_fill,w_280,h_210,f_jpg?from=ke.com
20231229,昌平,回龙观,101119717503,领秀慧谷A区 电梯全南一居 户型方正 不临街位置好,355万,56269元/平,低楼层 (共11层) 1室1厅 | 63.09平米 | 南,https://ke-image.ljcdn.com/110000-inspection/pc1_rcEOj8gZ5_1.jpg!m_fill,w_280,h_210,f_jpg?from=ke.com
20231229,昌平,回龙观,101119715958,慧华苑 洋房大三居 东南北朝向 中间位置 精装修房主自荐,569万,43753元/平,中楼层 (共5层) | 1996年 | 3室2厅 | 130.05平米 | 东 南 北,https://ke-image.ljcdn.com/110000-inspection/pc1_UUUqW8mnb.jpg!m_fill,w_280,h_210,f_jpg?from=ke.com
20231229,昌平,回龙观,101119664013,万科南北通透二居 采光好视野好 自住精装 拎包入住必看好房,659万,67027元/平,高楼层 (共28层) | 2012年 | 2室1厅 | 98.32平米 | 南 北,https://ke-image.ljcdn.com/110000-inspection/pc1_xQbiMnolN_1.jpg!m_fill,w_280,h_210,f_jpg?from=ke.com
20231229,昌平,回龙观,101119635044,满五唯一南北通透采光视野好小区环境好必看好房,485万,55531元/平,低楼层 (共34层) | 2016年 | 2室1厅 | 87.34平米 | 南 北,https://ke-image.ljcdn.com/110000-inspection/1b5e26c0-9826-4790-950a-2b549b1af6e7_1000.jpg!m_fill,w_280,h_210,f_jpg?from=ke.com
20231229,昌平,回龙观,101119567276,首开国风美唐朗观   满五唯一  视野好  南北通透必看好房,545万,58477元/平,高楼层 (共21层) 3室1厅 | 93.2平米 | 南 北,https://ke-image.ljcdn.com/110000-inspection/10e7de59-88a9-4bb1-a8a7-7e734ebb623a_1000.jpg!m_fill,w_280,h_210,f_jpg?from=ke.com
20231229,昌平,回龙观,101119540726,满五年唯一视野宽阔采光好户型好随时签约必看好房,358万,48715元/平,高楼层 (共6层) 2室1厅 | 73.49平米 | 南 北,https://ke-image.ljcdn.com/110000-inspection/38edc46c-bf2d-41cb-90e2-2ca6dd87779c_1000.jpg!m_fill,w_280,h_210,f_jpg?from=ke.com
20231229,昌平,回龙观,101119496244,新龙城 2室1厅 南 北必看好房,518万,47950元/平,中楼层 (共20层) 2室1厅 | 108.03平米 | 南 北,https://ke-image.ljcdn.com/110000-inspection/pc1_NSSnJRUkS.jpg!m_fill,w_280,h_210,f_jpg?from=ke.com
20231229,昌平,回龙观,101119412475,明卫户型！视野开阔！商品房满五唯一 精装修！必看好房,363万,57040元/平,顶层 (共34层) | 2014年 | 1室1厅 | 63.64平米 | 南,https://ke-image.ljcdn.com/110000-inspection/fb1e1611-4bfc-440a-bd59-47e1d3066bfb_1000.jpg!m_fill,w_280,h_210,f_jpg?from=ke.com
20231229,昌平,回龙观,101119359055,慧华苑小区诚意出售优质房源中高楼层看房方便,395万,43599元/平,顶层 (共6层) 3室1厅 | 90.6平米 | 南 北,https://ke-image.ljcdn.com/110000-inspection/pc1_HK3GNzuMv_1.jpg!m_fill,w_280,h_210,f_jpg?from=ke.com
20231229,昌平,回龙观,101119339842,首付105万详情点击咨询 2016年电梯房南通透向两居室必看好房,355万,43677元/平,中楼层 (共21层) 2室1厅 | 81.28平米 | 南 北,https://ke-image.ljcdn.com/110000-inspection/pc1_ktZhbVnsB_1.jpg!m_fill,w_280,h_210,f_jpg?from=ke.com
20231229,昌平,回龙观,101119285512,万科物业 精装自住 看房随时 诚意出售,455万,72941元/平,中楼层 (共28层) 1室1厅 | 62.38平米 | 南,https://ke-image.ljcdn.com/110000-inspection/pc1_KjsqeiM53_1.jpg!m_fill,w_280,h_210,f_jpg?from=ke.com
20231229,昌平,回龙观,101119217272,流星花园三区一层大三居可南北双入户满五年唯一,718万,55750元/平,底层 (共6层) | 2004年 | 3室2厅 | 128.79平米 | 南 北,https://ke-image.ljcdn.com/110000-inspection/101e24a8-80a3-4ea0-a4bd-67dac3af27b0_1000.jpg!m_fill,w_280,h_210,f_jpg?from=ke.com
20231229,昌平,回龙观,101119176368,美唐二期 次顶层采光视野好 商品房满五唯一仅有契税必看好房,583万,69712元/平,高楼层 (共20层) 2室1厅 | 83.63平米 | 东南,https://ke-image.ljcdn.com/110000-inspection/c1cd6b6b-51c2-4e7b-ad83-de1a39c82de0_1000.jpg!m_fill,w_280,h_210,f_jpg?from=ke.com
20231229,昌平,回龙观,101119113204,龙泽苑西区+中美合资+小区中间+明厨明卫+业主随时签约必看好房,507万,47957元/平,中楼层 (共7层) 3室1厅 | 105.72平米 | 南 西 北,https://ke-image.ljcdn.com/110000-inspection/pc1_0gfMBsFQz.jpg!m_fill,w_280,h_210,f_jpg?from=ke.com
20231229,昌平,回龙观,101119044815,此房是满五年唯一户型方正格局合理采光好必看好房,347万,59044元/平,高楼层 (共22层) 1室1厅 | 58.77平米 | 南,https://ke-image.ljcdn.com/110000-inspection/pc1_wSGlxHGBH.jpg!m_fill,w_280,h_210,f_jpg?from=ke.com
20231229,昌平,回龙观,101119028826,融泽嘉园中路6号院房子满五年唯一商品房房主自荐,512.5万,59072元/平,高楼层 (共27层) 2室1厅 | 86.76平米 | 南,https://ke-image.ljcdn.com/110000-inspection/pc1_axKc2CAZF.jpg!m_fill,w_280,h_210,f_jpg?from=ke.com
20231229,昌平,回龙观,101118996211,商品房满五年唯一看房方便中高楼层南北通透必看好房,565万,63228元/平,高楼层 (共21层) 2室1厅 | 89.36平米 | 南 北,https://ke-image.ljcdn.com/110000-inspection/pc1_ut5QcIhSH_1.jpg!m_fill,w_280,h_210,f_jpg?from=ke.com
20231229,昌平,回龙观,101118968943,满五年唯一+首付125万随时可看南北通透随时签约,339万,48099元/平,顶层 (共6层) 2室1厅 | 70.48平米 | 南 北,https://ke-image.ljcdn.com/110000-inspection/ea7ba58e-1a80-4bff-9836-2a4171580ad8_1000.jpg!m_fill,w_280,h_210,f_jpg?from=ke.com
20231229,昌平,回龙观,101118904671,万润家园 满五年唯一 诚心出售,639万,45741元/平,低楼层 (共9层) 3室2厅 | 139.7平米 | 南 北 西,https://ke-image.ljcdn.com/110000-inspection/pc1_8LoeCpyXX.jpg!m_fill,w_280,h_210,f_jpg?from=ke.com
20231229,昌平,回龙观,101118818549,商满五唯一双卧朝南南北通透,318万,48029元/平,顶层 (共6层) 2室1厅 | 66.21平米 | 南 北,https://ke-image.ljcdn.com/110000-inspection/cc6b0340-dbd2-4721-ac1b-1cddba1aa257_1000.jpg!m_fill,w_280,h_210,f_jpg?from=ke.com
20231229,昌平,回龙观,101118785110,低楼层两居 满五唯一 位置好 地铁8号线必看好房,413.9万,44211元/平,低楼层 (共7层) 2室2厅 | 93.62平米 | 南 北,https://ke-image.ljcdn.com/110000-inspection/73491eb2-940e-44c4-89e6-e9d7dfe23027_1000.jpg!m_fill,w_280,h_210,f_jpg?from=ke.com
20231229,昌平,回龙观,101118739500,南北方正两居+中层采光视野兼顾+满五唯一+电梯次新房必看好房,545万,58515元/平,低楼层 (共28层) | 2014年 | 2室2厅 | 93.14平米 | 南 北,https://ke-image.ljcdn.com/110000-inspection/774dc96b-3e9b-48d2-b82c-281a506d3ca3_1000.jpg!m_fill,w_280,h_210,f_jpg?from=ke.com
20231229,昌平,回龙观,101118684649,龙旗广场 中间层两居室 靠谱出售 随时签约房主自荐,476万,59905元/平,中楼层 (共28层) | 2010年 | 2室1厅 | 79.46平米 | 南,https://ke-image.ljcdn.com/110000-inspection/pc1_JNm9sQuLC.jpg!m_fill,w_280,h_210,f_jpg?from=ke.com
20231229,昌平,回龙观,101118665898,商品房满五唯一精装修看房方便必看好房,615万,55803元/平,中楼层 (共34层) 3室2厅 | 110.21平米 | 南 北,https://ke-image.ljcdn.com/110000-inspection/98b1a5ed-cbe5-4acf-9c86-4cbddf80a77c_1000.jpg!m_fill,w_280,h_210,f_jpg?from=ke.com
20231229,昌平,回龙观,101118578288,中间层小三居室自住精装修小区中间位置房主自荐,479万,48665元/平,高楼层 (共6层) | 2000年 | 3室1厅 | 98.43平米 | 南 北,https://ke-image.ljcdn.com/110000-inspection/e5569c8f-bd1c-48bf-a083-ef68d4b29f5c_1000.jpg!m_fill,w_280,h_210,f_jpg?from=ke.com
20231229,昌平,回龙观,101118576751,首开国风美唐三期方正户型两梯两户品质社区,980万,76755元/平,高楼层 (共18层) | 2016年 | 3室1厅 | 127.68平米 | 南 北,https://ke-image.ljcdn.com/110000-inspection/ee7066cf-3eb1-4fa3-aded-8c136f3704b8_1000.jpg!m_fill,w_280,h_210,f_jpg?from=ke.com
20231229,昌平,回龙观,101118571818,北京人家-电梯房-三居两卫-高楼层-无遮挡-视野开阔房主自荐,698万,51252元/平,高楼层 (共9层) | 2005年 | 3室2厅 | 136.19平米 | 南 北,https://ke-image.ljcdn.com/110000-inspection/pc1_d5fLAqaJR.jpg!m_fill,w_280,h_210,f_jpg?from=ke.com
20231229,昌平,回龙观,101118511545,融泽东六号院满五唯一交通便利南北通透必看好房,528万,60199元/平,高楼层 (共34层) | 2015年 | 2室1厅 | 87.71平米 | 南 北,https://ke-image.ljcdn.com/110000-inspection/pc1_YSZEV5TZa_1.jpg!m_fill,w_280,h_210,f_jpg?from=ke.com
20231229,昌平,回龙观,101118360985,南向一居高楼层采光好大一居精装拎包入住。必看好房,435万,59313元/平,中楼层 (共20层) 1室1厅 | 73.34平米 | 南,https://ke-image.ljcdn.com/110000-inspection/pc1_oQYn2cNM8.jpg!m_fill,w_280,h_210,f_jpg?from=ke.com
20231229,昌平,回龙观,101118285819,南北向、方正大两居、精装修、满五唯一必看好房,565万,62764元/平,中楼层 (共24层) | 2012年 | 2室1厅 | 90.02平米 | 南 北,https://ke-image.ljcdn.com/110000-inspection/pc1_H48DxzpBy_1.jpg!m_fill,w_280,h_210,f_jpg?from=ke.com
20231229,昌平,回龙观,101118236399,北京人家低楼层三居南北双通透自住精装满五唯一必看好房,585万,48954元/平,低楼层 (共6层) | 2004年 | 3室2厅 | 119.5平米 | 南 北,https://ke-image.ljcdn.com/110000-inspection/pc1_H1MKcm7EJ.jpg!m_fill,w_280,h_210,f_jpg?from=ke.com
20231229,昌平,回龙观,101118080180,明厨明卫中间楼层大三居商五唯一必看好房,599万,47578元/平,中楼层 (共6层) | 2002年 | 3室1厅 | 125.9平米 | 东 南 北,https://ke-image.ljcdn.com/110000-inspection/pc1_AcyO4M5Fq.jpg!m_fill,w_280,h_210,f_jpg?from=ke.com
20231229,昌平,回龙观,101118056900,龙华园 2室1厅 南 北必看好房,299万,45004元/平,中楼层 (共7层) 2室1厅 | 66.44平米 | 南 北,https://ke-image.ljcdn.com/110000-inspection/pc1_3unDwOyvW.jpg!m_fill,w_280,h_210,f_jpg?from=ke.com
20231229,昌平,回龙观,101118007292,2019次新房 50万婚房全套精装 高层视野棒 户型格局好必看好房,668万,76703元/平,中楼层 (共27层) 2室2厅 | 87.09平米 | 东南,https://ke-image.ljcdn.com/110000-inspection/36ce1ec0-d6ce-4312-b6da-b5406b848701_1000.jpg!m_fill,w_280,h_210,f_jpg?from=ke.com
20231229,昌平,回龙观,101117913361,新龙城一期H1户型不临街不把边 无户口房主自荐,783万,64583元/平,低楼层 (共9层) | 2007年 | 3室2厅 | 121.24平米 | 南 北,https://ke-image.ljcdn.com/110000-inspection/11046b2e-262d-4cc8-9713-fbcfdae7cbfc_1000.jpg!m_fill,w_280,h_210,f_jpg?from=ke.com
20231229,昌平,回龙观,101117902591,龙华园精装两居室  大阳台  满五唯一商品房必看好房,335万,49711元/平,顶层 (共5层) 2室1厅 | 67.39平米 | 南 北,https://ke-image.ljcdn.com/110000-inspection/pc1_qlYTHXXJD.jpg!m_fill,w_280,h_210,f_jpg?from=ke.com
20231229,昌平,回龙观,101117825736,慧华苑中间楼层精装修优质两居室必看好房,345万,45958元/平,低楼层 (共7层) | 1995年 | 2室1厅 | 75.07平米 | 南 北,https://ke-image.ljcdn.com/110000-inspection/pc1_EGxbKIgu4_1.jpg!m_fill,w_280,h_210,f_jpg?from=ke.com
20231229,昌平,回龙观,101117737273,中间楼层三居室精装修拎包入住必看好房,437万,36850元/平,中楼层 (共6层) | 2006年 | 3室1厅 | 118.59平米 | 西南,https://ke-image.ljcdn.com/110000-inspection/pc1_alYUJTgua.jpg!m_fill,w_280,h_210,f_jpg?from=ke.com
20231229,昌平,回龙观,101117588374,龙腾苑二区中间楼层三居两卫采光好视野好 配套齐全房主自荐,605万,41250元/平,中楼层 (共5层) 3室2厅 | 146.67平米 | 南 北,https://ke-image.ljcdn.com/110000-inspection/pc1_2CWpS5RYe.jpg!m_fill,w_280,h_210,f_jpg?from=ke.com
20231229,昌平,回龙观,101117159204,流星花园三区 价格下调 花园电梯洋房 看房方便,625万,49722元/平,低楼层 (共6层) | 2003年 | 3室1厅 | 125.7平米 | 南 北,https://ke-image.ljcdn.com/110000-inspection/pc1_PfoGDaOH0_1.jpg!m_fill,w_280,h_210,f_jpg?from=ke.com
20231229,昌平,回龙观,101116945212,北京人家*中间楼层*集中供暖*南北通透*落地窗必看好房,557万,49054元/平,中楼层 (共6层) | 2004年 | 3室2厅 | 113.55平米 | 南 北,https://ke-image.ljcdn.com/110000-inspection/pc1_uoBuIHCAz.jpg!m_fill,w_280,h_210,f_jpg?from=ke.com
20231229,昌平,回龙观,101116494759,慧华苑小区诚意出售优质房源靠谱出售,496万,38157元/平,高楼层 (共6层) 3室2厅 | 129.99平米 | 南 北,https://ke-image.ljcdn.com/110000-inspection/pc1_VHY6TtNEX.jpg!m_fill,w_280,h_210,f_jpg?from=ke.com
20231229,昌平,回龙观,101116045209,全南户型大落地窗满五唯一 采光充足精装修,425万,64161元/平,中楼层 (共30层) | 2016年 | 1室1厅 | 66.24平米 | 南,https://ke-image.ljcdn.com/110000-inspection/c6d61e49-5186-4718-8c18-30a25650ac6e_1000.jpg!m_fill,w_280,h_210,f_jpg?from=ke.com
20231229,昌平,回龙观,101115915636,融泽嘉园西二路2号院 全南一居 精装修 采光视野好,476万,72484元/平,中楼层 (共34层) | 2016年 | 1室1厅 | 65.67平米 | 南,https://ke-image.ljcdn.com/110000-inspection/63a1e9ee-9c11-498e-896b-b24fa5b9c639_1000.jpg!m_fill,w_280,h_210,f_jpg?from=ke.com
20231229,昌平,回龙观,101115216907,公园悦府北侧 婚房装修中间楼层 观园区花园房主自荐,345万,48812元/平,中楼层 (共21层) | 2016年 | 1室1厅 | 70.68平米 | 西,https://ke-image.ljcdn.com/110000-inspection/5232626c-6a86-4443-b14b-e5b5077bebdd_1000.jpg!m_fill,w_280,h_210,f_jpg?from=ke.com
20231229,昌平,回龙观,101114776813,新小区 环境好 高楼层 采光充足 诚意出售 看房方便房主自荐,337万,46917元/平,顶层 (共21层) | 2016年 | 1室1厅 | 71.83平米 | 东 北,https://ke-image.ljcdn.com/110000-inspection/a600f9a4-05b3-4794-bb71-ef0ebc0d26e5_1000.jpg!m_fill,w_280,h_210,f_jpg?from=ke.com
20231229,昌平,回龙观,101114475077,回龙观龙城花园W区带三阳台双主卧设计满五年 二楼,823万,42975元/平,中楼层 (共4层) | 1998年 | 3室1厅 | 191.51平米 | 南 北,https://ke-image.ljcdn.com/110000-inspection/1b031fc5-0b9a-4b87-a8ab-ea2dc47349ec_1000.jpg!m_fill,w_280,h_210,f_jpg?from=ke.com
20231229,昌平,回龙观,101113337993,靠谱出售刚刚调整售价电梯入户地热取暖全天采光房主自荐,519万,51229元/平,中楼层 (共6层) | 2004年 | 2室1厅 | 101.31平米 | 南 北,https://ke-image.ljcdn.com/110000-inspection/pc1_d2Z0vz7WR.jpg!m_fill,w_280,h_210,f_jpg?from=ke.com
20231229,昌平,回龙观,101122373730,北郊农场宿舍 2室1厅 南必看好房,287万,48390元/平,中楼层 (共4层) | 1988年 | 2室1厅 | 59.31平米 | 南,https://ke-image.ljcdn.com/110000-inspection/pc1_MJGzPNO0R.jpg!m_fill,w_280,h_210,f_jpg?from=ke.com
20231229,昌平,回龙观,101122363143,本房南北通透户型楼层好简单装修配套齐全。必看好房,356万,49986元/平,低楼层 (共6层) 2室1厅 | 71.22平米 | 北 南,https://ke-image.ljcdn.com/110000-inspection/pc1_C9SfFZ5vu.jpg!m_fill,w_280,h_210,f_jpg?from=ke.com
20231229,昌平,回龙观,101122361456,华远静林湾联排北入户南住户 满五年唯一南北通透必看好房,1280万,55097元/平,底层 (共3层) 4室2厅 | 232.32平米 | 南 北,https://ke-image.ljcdn.com/110000-inspection/pc1_xUfPSTvKp.jpg!m_fill,w_280,h_210,f_jpg?from=ke.com
20231229,昌平,回龙观,101122359182,商品房满五唯一、低楼层、精装修必看好房,319万,45095元/平,底层 (共5层) | 2000年 | 1室1厅 | 70.74平米 | 东 西,https://ke-image.ljcdn.com/110000-inspection/pc1_feyqTrjHU_1.jpg!m_fill,w_280,h_210,f_jpg?from=ke.com
20231229,昌平,回龙观,101122358785,满五年唯一精装修业主诚心出售必看好房,507万,47953元/平,中楼层 (共7层) 3室1厅 | 105.73平米 | 南 北,https://ke-image.ljcdn.com/110000-inspection/pc1_ve1Y2l3SK.jpg!m_fill,w_280,h_210,f_jpg?from=ke.com
20231229,昌平,回龙观,101122357628,2004年商品房自住精装修看房方便随时可以签约。房主自荐,325万,70362元/平,顶层 (共4层) | 2004年 | 2室1厅 | 46.19平米 | 南 北,https://ke-image.ljcdn.com/110000-inspection/pc1_kQFvOxD3d.jpg!m_fill,w_280,h_210,f_jpg?from=ke.com
20231229,昌平,回龙观,101122343081,首开国风美唐 南北通透的三居室 满五年唯一 装修好必看好房,566万,60979元/平,中楼层 (共21层) 3室1厅 | 92.82平米 | 南 北,https://ke-image.ljcdn.com/110000-inspection/6c14ce5e-b9a6-44dd-8b18-d238700993b3_1000.jpg!m_fill,w_280,h_210,f_jpg?from=ke.com
20231229,昌平,回龙观,101122319181,中美示范小区+首套首付155万+采光视野好+地铁龙泽站,515万,48221元/平,中楼层 (共7层) 3室1厅 | 106.8平米 | 南 北,https://ke-image.ljcdn.com/110000-inspection/pc1_baQgmt2NI.jpg!m_fill,w_280,h_210,f_jpg?from=ke.com
20231229,昌平,回龙观,101122318198,满五唯一 小区中间位置 中低楼层 精装修 南北通透,410万,47334元/平,低楼层 (共6层) | 1997年 | 2室1厅 | 86.62平米 | 南 北,https://ke-image.ljcdn.com/110000-inspection/pc1_5TS8wJE0R.jpg!m_fill,w_280,h_210,f_jpg?from=ke.com
20231229,昌平,回龙观,101122315427,龙华园 2室1厅 南 北,318万,48226元/平,中楼层 (共7层) 2室1厅 | 65.94平米 | 南 北,https://ke-image.ljcdn.com/110000-inspection/pc1_YtWl1BYms.jpg!m_fill,w_280,h_210,f_jpg?from=ke.com
20231229,昌平,回龙观,101122305980,北店嘉园 2室1厅 南 北,430万,55808元/平,中楼层 (共6层) | 2003年 | 2室1厅 | 77.05平米 | 南 北,https://ke-image.ljcdn.com/110000-inspection/pc1_IHqYvm24K_1.jpg!m_fill,w_280,h_210,f_jpg?from=ke.com
20231229,昌平,回龙观,101122295936,满五唯一 视野好没有遮挡 诚心出售,499万,56899元/平,低楼层 (共28层) 2室1厅 | 87.7平米 | 南,https://ke-image.ljcdn.com/110000-inspection/8636e1e5-a0b9-4050-82bb-c294a34bab7d_1000.jpg!m_fill,w_280,h_210,f_jpg?from=ke.com
20231229,昌平,回龙观,101122292426,商满五唯一三层户型方正东边户采光好房主自荐,569万,48389元/平,中楼层 (共7层) | 2003年 | 3室1厅 | 117.59平米 | 南 北 东,https://ke-image.ljcdn.com/110000-inspection/pc1_8w828mEmV.jpg!m_fill,w_280,h_210,f_jpg?from=ke.com
20231229,昌平,回龙观,101122274019,南北通透！客厅主卧都朝南且带落地窗阳台！商五唯一！必看好房,480万,47069元/平,中楼层 (共6层) | 2005年 | 2室2厅 | 101.98平米 | 南 北,https://ke-image.ljcdn.com/110000-inspection/fa4eb4c3-0d0a-4209-b096-9a3903db91f3_1000.jpg!m_fill,w_280,h_210,f_jpg?from=ke.com
20231229,昌平,回龙观,101122226651,房子户型方正 采光不错 南面无遮挡 小区中间位置必看好房,418万,43890元/平,底层 (共6层) 2室1厅 | 95.24平米 | 南 北,https://ke-image.ljcdn.com/110000-inspection/pc1_KYoPJZggE_1.jpg!m_fill,w_280,h_210,f_jpg?from=ke.com
20231229,昌平,回龙观,101122215901,云趣园一区复式户型业主诚心出售必看好房,438万,30367元/平,高楼层 (共7层) 3室2厅 | 144.24平米 | 南 北,https://ke-image.ljcdn.com/110000-inspection/pc1_9iso7mpY5.jpg!m_fill,w_280,h_210,f_jpg?from=ke.com
20231229,昌平,回龙观,101122204425,佰嘉城   电梯三居室    商品房满五年唯一必看好房,465万,36626元/平,中楼层 (共9层) | 2008年 | 3室1厅 | 126.96平米 | 南 北,https://ke-image.ljcdn.com/110000-inspection/pc1_ZPyMGNerC_1.jpg!m_fill,w_280,h_210,f_jpg?from=ke.com
20231229,昌平,回龙观,101122139944,云趣园一区电梯房大二居近地铁近医院南北向三层必看好房,459万,43765元/平,中楼层 (共7层) 2室2厅 | 104.88平米 | 南 北,https://ke-image.ljcdn.com/110000-inspection/pc1_Wmd1yiDGW.jpg!m_fill,w_280,h_210,f_jpg?from=ke.com
20231229,昌平,回龙观,101122135385,融泽嘉园中路6号院 商品房 位置好 精装修！,559万,60841元/平,低楼层 (共27层) | 2013年 | 2室1厅 | 91.88平米 | 南 北,https://ke-image.ljcdn.com/110000-inspection/pc1_w7omZsqGN_1.jpg!m_fill,w_280,h_210,f_jpg?from=ke.com
20231229,昌平,回龙观,101122127456,小区改造已完毕huan然一新满五年家庭唯一住房,778万,40625元/平,中楼层 (共4层) 3室2厅 | 191.51平米 | 南 北,https://ke-image.ljcdn.com/110000-inspection/60c22ca7-35b2-4777-869f-2e455f2f3912_1000.jpg!m_fill,w_280,h_210,f_jpg?from=ke.com
20231229,昌平,回龙观,101122117128,地铁双轨环绕！两居正规花园！总首付175万！还能谈必看好房,456万,48295元/平,底层 (共6层) 2室1厅 | 94.42平米 | 南 北,https://ke-image.ljcdn.com/110000-inspection/pc1_PVDkd3Y2q_1.jpg!m_fill,w_280,h_210,f_jpg?from=ke.com
20231229,昌平,回龙观,101122084042,此房满五年唯一商品房业主自住精装修南北通透必看好房,660万,57457元/平,低楼层 (共33层) 3室1厅 | 114.87平米 | 南 北,https://ke-image.ljcdn.com/110000-inspection/pc1_J10SFuyQs.jpg!m_fill,w_280,h_210,f_jpg?from=ke.com
20231229,昌平,回龙观,101122060178,公园悦府二区 中高楼层婚房精装修大两居必看好房,655万,75907元/平,中楼层 (共27层) 2室1厅 | 86.29平米 | 南 西南,https://ke-image.ljcdn.com/110000-inspection/f92979f2-ae14-4126-baaa-199000ff2511_1000.jpg!m_fill,w_280,h_210,f_jpg?from=ke.com
20231229,昌平,回龙观,101122053342,万润家园落地窗南北通透电梯房近地铁必看好房,505万,49001元/平,低楼层 (共12层) | 2003年 | 2室2厅 | 103.06平米 | 南 北,https://ke-image.ljcdn.com/110000-inspection/pc1_4DhRIfBn6.jpg!m_fill,w_280,h_210,f_jpg?from=ke.com
20231229,昌平,回龙观,101122042486,回龙观新区+视野开阔+高楼层采光好+通风佳+户型方正,615万,56062元/平,高楼层 (共33层) | 2013年 | 3室1厅 | 109.7平米 | 南 北,https://ke-image.ljcdn.com/110000-inspection/0218d172-8273-4b24-a5da-32f138d58597_1000.jpg!m_fill,w_280,h_210,f_jpg?from=ke.com
20231229,昌平,回龙观,101122042396,60万精装修 中高层采光视野好 万科物业 空中公园必看好房,846万,74485元/平,中楼层 (共27层) 3室1厅 | 113.58平米 | 南 北,https://ke-image.ljcdn.com/110000-inspection/b8960a84-b586-4090-a35d-d614b98feab7_1000.jpg!m_fill,w_280,h_210,f_jpg?from=ke.com
20231229,昌平,回龙观,101122037760,首开国风美唐三期 南北通透 小区中间位置 看房随时房主自荐,548万,57019元/平,底层 (共18层) | 2016年 | 2室1厅 | 96.11平米 | 南 北,https://ke-image.ljcdn.com/110000-inspection/665e4f8d-2dce-4c42-aae3-e4265cbda372_1000.jpg!m_fill,w_280,h_210,f_jpg?from=ke.com
20231229,昌平,回龙观,101122019125,商品房满五唯一中间楼层采光好户型方正三居房主自荐,459万,52500元/平,中楼层 (共7层) | 2004年 | 3室1厅 | 87.43平米 | 南 北,https://ke-image.ljcdn.com/110000-inspection/pc1_tQPcqnds5.jpg!m_fill,w_280,h_210,f_jpg?from=ke.com
20231229,昌平,回龙观,101122005665,龙跃苑四区  小区中间  商满五唯一  看房方便必看好房,439万,44197元/平,底层 (共6层) 2室1厅 | 99.33平米 | 南 北,https://ke-image.ljcdn.com/110000-inspection/d83e55fe-4fc9-4cec-be93-18b54567b7a4_1000.jpg!m_fill,w_280,h_210,f_jpg?from=ke.com
20231229,昌平,回龙观,101122004407,融泽嘉园西6号院全南两居室商品房满五唯一精装修,539万,65917元/平,中楼层 (共31层) | 2016年 | 2室1厅 | 81.77平米 | 南,https://ke-image.ljcdn.com/110000-inspection/709acbe7-4774-4069-8aa5-a52f4dfb5a70_1000.jpg!m_fill,w_280,h_210,f_jpg?from=ke.com
20231229,昌平,回龙观,101121959383,新龙城  精装两居室  南北通透 全名格局必看好房,579万,57225元/平,中楼层 (共8层) | 2006年 | 2室1厅 | 101.18平米 | 南 北,https://ke-image.ljcdn.com/110000-inspection/pc1_tXhZ80l3V.jpg!m_fill,w_280,h_210,f_jpg?from=ke.com
20231229,昌平,回龙观,101121940692,北京人家2005电梯地暖中高层满五唯一纯商品房房主自荐,320万,57052元/平,中楼层 (共9层) | 2005年 | 1室1厅 | 56.09平米 | 北,https://ke-image.ljcdn.com/110000-inspection/pc1_yPyllwot1.jpg!m_fill,w_280,h_210,f_jpg?from=ke.com
20231229,昌平,回龙观,101121940688,风雅园二区户型方正采光好视野好业主急售必看好房,349万,38808元/平,顶层 (共6层) | 1999年 | 2室1厅 | 89.93平米 | 东 西,https://ke-image.ljcdn.com/110000-inspection/7ce56c1d-c335-4219-9073-7bc84bb08a58_1000.jpg!m_fill,w_280,h_210,f_jpg?from=ke.com
20231229,昌平,回龙观,101121906352,婚房装修交易仅有契税次新房视野好俯瞰园景必看好房,530万,64888元/平,中楼层 (共22层) 2室2厅 | 81.68平米 | 南,https://ke-image.ljcdn.com/110000-inspection/d3c5a2c5-39dd-452d-acae-e72f6a6fb153_1000.jpg!m_fill,w_280,h_210,f_jpg?from=ke.com
20231229,昌平,回龙观,101121871261,业主跟我卖房点击咨询2016年电梯首付85万有钥匙随时看必看好房,285万,40295元/平,中楼层 (共21层) 2室1厅 | 70.73平米 | 西,https://ke-image.ljcdn.com/110000-inspection/pc1_FADBZkgw0.jpg!m_fill,w_280,h_210,f_jpg?from=ke.com
20231229,昌平,回龙观,101121871224,万润家园一居室+满五唯一+带有电梯+采光视野很棒,278万,60070元/平,顶层 (共10层) | 2003年 | 1室1厅 | 46.28平米 | 东 南 北,https://ke-image.ljcdn.com/110000-inspection/pc1_MpDhViIxr.jpg!m_fill,w_280,h_210,f_jpg?from=ke.com
20231229,昌平,回龙观,101121835969,公园悦府一区 100平小三居 前边还有小花园必看好房,615万,61841元/平,底层 (共11层) | 2014年 | 3室1厅 | 99.45平米 | 南 北,https://ke-image.ljcdn.com/110000-inspection/pc1_UpOwK7M3N_1.jpg!m_fill,w_280,h_210,f_jpg?from=ke.com
20231229,昌平,回龙观,101121803622,南向一层满五唯一首套只有契税。房主自荐,305万,66032元/平,底层 (共4层) 1室1厅 | 46.19平米 | 南,https://ke-image.ljcdn.com/110000-inspection/pc1_wc7y0vZfA_1.jpg!m_fill,w_280,h_210,f_jpg?from=ke.com
20231229,昌平,回龙观,101121793761,金域华府一期 满五年唯一 中间层 南北通透 居家装修,540万,59557元/平,中楼层 (共28层) 2室1厅 | 90.67平米 | 南 北,https://ke-image.ljcdn.com/110000-inspection/dacacdfd-771f-4097-b591-f84b1accbe09_1000.jpg!m_fill,w_280,h_210,f_jpg?from=ke.com
20231229,昌平,回龙观,101121742915,满五年唯一中间楼层诚心出售小区中间必看好房,419万,63882元/平,低楼层 (共34层) 1室1厅 | 65.59平米 | 南,https://ke-image.ljcdn.com/110000-inspection/pc1_KER72MKia.jpg!m_fill,w_280,h_210,f_jpg?from=ke.com
20231229,昌平,回龙观,101121712142,万龙社区正规三居室2019年精装修诚心卖随时看房必看好房,335万,50399元/平,底层 (共6层) 3室1厅 | 66.47平米 | 南 北,https://ke-image.ljcdn.com/110000-inspection/pc1_TdxhS0cor.jpg!m_fill,w_280,h_210,f_jpg?from=ke.com
20231229,昌平,回龙观,101121687605,满五年唯一 南北通透户型方正采光好诚意出售必看好房,585万,52051元/平,低楼层 (共33层) | 2014年 | 3室1厅 | 112.39平米 | 南 北,https://ke-image.ljcdn.com/110000-inspection/2727317a-4eeb-4f12-93ad-4a6648b6ac08_1000.jpg!m_fill,w_280,h_210,f_jpg?from=ke.com
20231229,昌平,回龙观,101121676943,京投发展公园悦府二区 高楼层 自住精装修 视野开阔,910万,76279元/平,高楼层 (共27层) | 2018年 | 3室1厅 | 119.3平米 | 南 北,https://ke-image.ljcdn.com/110000-inspection/ad172845-63cb-494e-ae0a-5a0dc037efe5_1000.jpg!m_fill,w_280,h_210,f_jpg?from=ke.com
20231229,昌平,回龙观,101121656940,一层 全明 精装修 商品房 只有契税必看好房,460万,46498元/平,底层 (共6层) 2室1厅 | 98.93平米 | 南 北 东,https://ke-image.ljcdn.com/110000-inspection/a8e0951d-029d-4aa4-ac79-2649a6294b92_1000.jpg!m_fill,w_280,h_210,f_jpg?from=ke.com
20231229,昌平,回龙观,101121639584,商品房 电梯房 满五年唯一性质 2019年的装修,501万,49036元/平,中楼层 (共11层) | 2004年 | 2室1厅 | 102.17平米 | 南 北,https://ke-image.ljcdn.com/110000-inspection/pc1_CX6mplvWy_1.jpg!m_fill,w_280,h_210,f_jpg?from=ke.com
20231229,昌平,回龙观,101121600354,慧华苑小区商品房满五年唯一南北通透必看好房,348万,48699元/平,底层 (共6层) 2室1厅 | 71.46平米 | 南 北,https://ke-image.ljcdn.com/110000-inspection/pc1_8bt6QdRzF_1.jpg!m_fill,w_280,h_210,f_jpg?from=ke.com
20231229,昌平,回龙观,101121596975,满五唯一 中高楼层 毛坯没住过 看房方便 诚心出售,560万,64361元/平,高楼层 (共31层) 2室1厅 | 87.01平米 | 南 北,https://ke-image.ljcdn.com/110000-inspection/pc1_iq9Z8wIkv_1.jpg!m_fill,w_280,h_210,f_jpg?from=ke.com
20231229,昌平,回龙观,101121587472,满五唯一首付少小区中间带电梯可提前交房入住必看好房,489万,56363元/平,中楼层 (共8层) | 2007年 | 2室1厅 | 86.76平米 | 东 北,https://ke-image.ljcdn.com/110000-inspection/pc1_E4JjQRXVS.jpg!m_fill,w_280,h_210,f_jpg?from=ke.com
20231229,昌平,回龙观,101121573654,电梯直达地下车库+全明格局+近地铁+钢混结构+集中供暖必看好房,678万,48405元/平,中楼层 (共20层) | 2003年 | 3室2厅 | 140.07平米 | 东 南 北,https://ke-image.ljcdn.com/110000-inspection/pc1_advWQBxRH.jpg!m_fill,w_280,h_210,f_jpg?from=ke.com
20231229,昌平,回龙观,101121564008,龙跃苑一区  满五年唯一 看房有钥匙必看好房,489万,39133元/平,中楼层 (共6层) 3室1厅 | 124.96平米 | 南 北,https://ke-image.ljcdn.com/110000-inspection/58c21360-114a-410c-8804-0013bdd68158_1000.jpg!m_fill,w_280,h_210,f_jpg?from=ke.com
20231229,昌平,回龙观,101121538243,流星花园三区阳光斯坦福花园洋房必看好房,730万,52050元/平,底层 (共5层) 3室1厅 | 140.25平米 | 南 北,https://ke-image.ljcdn.com/110000-inspection/pc1_4lJOQnSoU.jpg!m_fill,w_280,h_210,f_jpg?from=ke.com
20231229,昌平,回龙观,101121526856,新龙城小区中间电梯三居双卧南满五唯一随时签约过户房主自荐,599万,54047元/平,顶层 (共8层) 3室1厅 | 110.83平米 | 北 南,https://ke-image.ljcdn.com/110000-inspection/90b93bf1-4137-445e-9525-3111091317ff_1000.jpg!m_fill,w_280,h_210,f_jpg?from=ke.com
20231229,昌平,回龙观,101121489184,此房满五唯一 南北通透 视野好必看好房,498万,56798元/平,低楼层 (共22层) 2室1厅 | 87.68平米 | 南 北,https://ke-image.ljcdn.com/110000-inspection/089ef8b0-ea9f-4ecb-8fcb-a65697a64440_1000.jpg!m_fill,w_280,h_210,f_jpg?from=ke.com
20231229,昌平,回龙观,101121488869,首开国风美唐二期 高楼层 精装修 看房方便 地铁方便房主自荐,383万,63317元/平,高楼层 (共18层) 1室1厅 | 60.49平米 | 东,https://ke-image.ljcdn.com/110000-inspection/dd33d9f2-4497-472c-8b55-320ae77af781_1000.jpg!m_fill,w_280,h_210,f_jpg?from=ke.com
20231229,昌平,回龙观,101121321654,美唐花园精装两居南北通透满五年唯一近地铁房主自荐,618万,67995元/平,底层 (共11层) | 2012年 | 2室1厅 | 90.89平米 | 南 北,https://ke-image.ljcdn.com/110000-inspection/ab10fee9-cf66-40ab-909a-8c2dfe1c502b_1000.jpg!m_fill,w_280,h_210,f_jpg?from=ke.com
20231229,昌平,回龙观,101121245994,总监推荐回龙观改善电梯洋房三居10月份成交735万必看好房,668万,47565元/平,中楼层 (共5层) | 2003年 | 3室1厅 | 140.44平米 | 南 北,https://ke-image.ljcdn.com/110000-inspection/091b1baa-2675-44fe-a6f3-ed70e1e3902e_1000.jpg!m_fill,w_280,h_210,f_jpg?from=ke.com
20231229,昌平,回龙观,101121171031,领秀慧谷D区 中高层 满五唯一 带地下储藏间 随时可看必看好房,527万,74520元/平,中楼层 (共11层) | 2016年 | 2室1厅 | 70.72平米 | 南,https://ke-image.ljcdn.com/110000-inspection/pc1_tSNd1W0j3.jpg!m_fill,w_280,h_210,f_jpg?from=ke.com
20231229,昌平,回龙观,101121127717,此房满五年唯一 中间楼层 采光视野好 楼间距大必看好房,328万,67008元/平,中楼层 (共11层) 1室1厅 | 48.95平米 | 北,https://ke-image.ljcdn.com/110000-inspection/292ed216-4012-4031-9e13-7ebdfce070b3_1000.jpg!m_fill,w_280,h_210,f_jpg?from=ke.com
20231229,昌平,回龙观,101121123407,华远静林湾 南北通透 北入户 挑空客厅采光好！必看好房,1380万,59504元/平,底层 (共3层) 4室2厅 | 231.92平米 | 南 北,https://ke-image.ljcdn.com/110000-inspection/93d25f58-20c4-41d2-a5f0-5db5d95d3d6e_1000.jpg!m_fill,w_280,h_210,f_jpg?from=ke.com
20231229,昌平,回龙观,101121113374,北京人家佳园满五年唯一户型方正,488万,54746元/平,底层 (共6层) | 2005年 | 2室1厅 | 89.14平米 | 东 南 西,https://ke-image.ljcdn.com/110000-inspection/89910d74-fd4a-4f07-9dd6-c14ac16111ef_1000.jpg!m_fill,w_280,h_210,f_jpg?from=ke.com
20231229,昌平,回龙观,101121081414,田园风光两居户型方正落地窗、飘窗采光充足。,466万,48909元/平,中楼层 (共6层) | 2006年 | 2室1厅 | 95.28平米 | 东南,https://ke-image.ljcdn.com/110000-inspection/1bb38e7d-6f42-48b9-8e00-2ac589bcc481_1000.jpg!m_fill,w_280,h_210,f_jpg?from=ke.com
20231229,昌平,回龙观,101121021171,流星花园三区南北通透一层可种花草不临街不把边必看好房,498万,48709元/平,底层 (共6层) 2室1厅 | 102.24平米 | 南 北,https://ke-image.ljcdn.com/110000-inspection/fcb40eac-cfe2-4d55-bf61-9d7f0e81766f_1000.jpg!m_fill,w_280,h_210,f_jpg?from=ke.com
20231229,昌平,回龙观,101121020831,小区中间位置不临街不把边全天采光视野景观好必看好房,515万,59189元/平,高楼层 (共31层) | 2014年 | 2室1厅 | 87.01平米 | 南 北,https://ke-image.ljcdn.com/110000-inspection/pc1_0EZdDCToV_1.jpg!m_fill,w_280,h_210,f_jpg?from=ke.com
20231229,昌平,回龙观,101121020499,满五年唯一商品房 业主自住精装修稳定签约看房随时必看好房,579万,36593元/平,高楼层 (共6层) 3室2厅 | 158.23平米 | 南 北,https://ke-image.ljcdn.com/110000-inspection/pc1_LjLK2JvNr.jpg!m_fill,w_280,h_210,f_jpg?from=ke.com
20231229,昌平,回龙观,101121017360,新龙城小区中间A2南北双通透层高3.3米满五唯一拎包住,690万,62146元/平,底层 (共8层) | 2006年 | 3室2厅 | 111.03平米 | 南 北,https://ke-image.ljcdn.com/110000-inspection/pc1_eMBgUtE50.jpg!m_fill,w_280,h_210,f_jpg?from=ke.com
20231229,昌平,回龙观,101120973440,领秀慧谷A区 全南向 落地窗大一居 满五年唯一必看好房,365万,57526元/平,顶层 (共9层) | 2011年 | 1室1厅 | 63.45平米 | 南,https://ke-image.ljcdn.com/110000-inspection/pc1_nHP4ixPJX.jpg!m_fill,w_280,h_210,f_jpg?from=ke.com
20231229,昌平,回龙观,101120971039,北京人家小loft满五唯一靠谱出售必看好房,381万,51557元/平,顶层 (共6层) 2室1厅 | 73.9平米 | 南 北,https://ke-image.ljcdn.com/110000-inspection/pc1_5YuXR8kIl.jpg!m_fill,w_280,h_210,f_jpg?from=ke.com
20231229,昌平,回龙观,101120894114,满五年唯一采光好视野好业主诚心出售必看好房,619万,74052元/平,高楼层 (共28层) | 2014年 | 2室1厅 | 83.59平米 | 南,https://ke-image.ljcdn.com/110000-inspection/000b9c86-2086-48ae-bc23-5d6f804abee4_1000.jpg!m_fill,w_280,h_210,f_jpg?from=ke.com
20231229,昌平,回龙观,101120844846,首开国风美唐三期 全明格局 精装修 南北通透 落地窗,1190万,83550元/平,中楼层 (共11层) 4室2厅 | 142.43平米 | 南 北,https://ke-image.ljcdn.com/110000-inspection/f6b41abe-fb3f-410f-b2f4-af0b6e87f436_1000.jpg!m_fill,w_280,h_210,f_jpg?from=ke.com
20231229,昌平,回龙观,101120755615,龙禧苑二区 5室2厅 南 北必看好房,750万,32177元/平,高楼层 (共6层) 5室2厅 | 233.09平米 | 南 北,https://ke-image.ljcdn.com/110000-inspection/51165817-ae92-4ab2-a9a6-8807565733d0_1000.jpg!m_fill,w_280,h_210,f_jpg?from=ke.com
20231229,昌平,回龙观,101120752951,北京人家顶层南北通透三居诚心出售必看好房,390万,40967元/平,顶层 (共6层) | 2002年 | 3室1厅 | 95.2平米 | 南 北,https://ke-image.ljcdn.com/110000-inspection/77bb4b00-3de5-4488-98a6-66e86092584a_1000.jpg!m_fill,w_280,h_210,f_jpg?from=ke.com
20231229,昌平,回龙观,101120691015,新上南北两居满五唯一中间楼层小区中间位置必看好房,510万,58120元/平,低楼层 (共34层) 2室1厅 | 87.75平米 | 南 北,https://ke-image.ljcdn.com/110000-inspection/pc1_hSolav1ny.jpg!m_fill,w_280,h_210,f_jpg?from=ke.com
20231229,昌平,回龙观,101120661174,风雅园三区精装修二居室商品房高使用率,405万,46207元/平,顶层 (共6层) | 2000年 | 2室1厅 | 87.65平米 | 东南,https://ke-image.ljcdn.com/110000-inspection/pc1_KkYzhG2D3.jpg!m_fill,w_280,h_210,f_jpg?from=ke.com
20231229,昌平,回龙观,101120631505,首开国风美唐二期次新房南北通透看房随时必看好房,529万,68648元/平,低楼层 (共18层) 2室1厅 | 77.06平米 | 南 北,https://ke-image.ljcdn.com/110000-inspection/0e60e197-a6bf-431a-8ddb-2cd04c800397_1000.jpg!m_fill,w_280,h_210,f_jpg?from=ke.com
20231229,昌平,回龙观,101120623561,按二类满五唯一明厨明卫全明户型视野好地铁近必看好房,360万,56738元/平,顶层 (共32层) | 2014年 | 1室1厅 | 63.45平米 | 南,https://ke-image.ljcdn.com/110000-inspection/pc1_NrUgyZFY6.jpg!m_fill,w_280,h_210,f_jpg?from=ke.com
20231229,昌平,回龙观,101120474956,龙泽东区电梯复式+平顶正常层高+钢混结构+小区中间,735万,47146元/平,顶层 (共11层) | 2005年 | 4室2厅 | 155.9平米 | 西南,https://ke-image.ljcdn.com/110000-inspection/776bb315-32c9-4261-93df-e31b390c0980_1000.jpg!m_fill,w_280,h_210,f_jpg?from=ke.com
20231229,昌平,回龙观,101120386079,龙泽地铁13号线 6+7平层复式 钢混商品房 不临街,650万,34540元/平,高楼层 (共7层) | 2005年 | 4室2厅 | 188.19平米 | 南 北,https://ke-image.ljcdn.com/110000-inspection/pc1_cFyp40Acq.jpg!m_fill,w_280,h_210,f_jpg?from=ke.com
20231229,昌平,回龙观,101120342004,满五唯一商品房自住精装修靠谱出售必看好房,488万,55829元/平,低楼层 (共27层) 2室1厅 | 87.41平米 | 南,https://ke-image.ljcdn.com/110000-inspection/pc1_kaU0yRyTS.jpg!m_fill,w_280,h_210,f_jpg?from=ke.com
20231229,昌平,回龙观,101120323680,龙城花园北二区 3室1厅 南必看好房,339万,51646元/平,顶层 (共4层) | 2004年 | 3室1厅 | 65.64平米 | 南,https://ke-image.ljcdn.com/110000-inspection/4291c8e0-3235-404d-8fd0-4fc411b35bf1_1000.jpg!m_fill,w_280,h_210,f_jpg?from=ke.com
20231229,昌平,回龙观,101120236596,首开国风美唐三期 全明格局 中间位置 无抵押 随时签必看好房,850万,66594元/平,低楼层 (共18层) | 2016年 | 3室2厅 | 127.64平米 | 东 南 北,https://ke-image.ljcdn.com/110000-inspection/5f65705f-dc34-4462-a056-d5e437c324f2_1000.jpg!m_fill,w_280,h_210,f_jpg?from=ke.com
20231229,昌平,回龙观,101120128718,只有契税中间位置居家安静临近地铁站必看好房,460万,50656元/平,底层 (共6层) 2室1厅 | 90.81平米 | 南 北,https://ke-image.ljcdn.com/110000-inspection/57388602-87b5-424b-b859-a7d1968380a3_1000.jpg!m_fill,w_280,h_210,f_jpg?from=ke.com
20231229,昌平,回龙观,101120076223,阳光斯坦福 次顶层 270°采光三居 自住精装 满五唯一,825万,57472元/平,高楼层 (共6层) | 2004年 | 3室2厅 | 143.55平米 | 东 南 北,https://ke-image.ljcdn.com/110000-inspection/22007133-cbcd-4a05-991f-70809bb09495_1000.jpg!m_fill,w_280,h_210,f_jpg?from=ke.com
20231229,昌平,回龙观,101120059273,龙旗广场 新上三居  带电梯 落地窗,462万,53049元/平,中楼层 (共28层) | 2010年 | 3室1厅 | 87.09平米 | 东 南 西 北,https://ke-image.ljcdn.com/110000-inspection/pc1_adDHeCtKk.jpg!m_fill,w_280,h_210,f_jpg?from=ke.com
20231229,昌平,回龙观,101120010638,风雅园一区、中间位置、中间楼层、满五年唯一,425万,36854元/平,高楼层 (共6层) 3室1厅 | 115.32平米 | 南 北,https://ke-image.ljcdn.com/110000-inspection/pc1_YtZlrn28V.jpg!m_fill,w_280,h_210,f_jpg?from=ke.com
20231229,昌平,回龙观,101119993573,矩阵首付125万两居两卫钢混结构不临街靠谱卖必看好房,448万,44582元/平,底层 (共7层) | 2000年 | 2室2厅 | 100.49平米 | 南 北,https://ke-image.ljcdn.com/110000-inspection/pc1_oGpO5HByU.jpg!m_fill,w_280,h_210,f_jpg?from=ke.com
20231229,昌平,回龙观,101119953833,步行龙泽站500米满五年唯一全新轻奢精装所见即所得房主自荐,650万,60013元/平,底层 (共20层) | 2007年 | 3室1厅 | 108.31平米 | 南 北,https://ke-image.ljcdn.com/110000-inspection/pc1_aIOEBBakx.jpg!m_fill,w_280,h_210,f_jpg?from=ke.com
20231229,昌平,回龙观,101119777047,万科金域华府精装修好位置品质楼盘可给周期,685万,76700元/平,低楼层 (共27层) | 2014年 | 2室1厅 | 89.31平米 | 南,https://ke-image.ljcdn.com/110000-inspection/9c28613c-4b62-4a31-873f-fb51b1999504_1000.jpg!m_fill,w_280,h_210,f_jpg?from=ke.com
20231229,昌平,回龙观,101119647307,龙兴园南区中间位置电梯复式满五唯一价格可谈房主自荐,688万,48833元/平,高楼层 (共7层) | 1999年 | 3室2厅 | 140.89平米 | 南 北,https://ke-image.ljcdn.com/110000-inspection/da867677-8537-4859-91d8-53d53e9e9010_1000.jpg!m_fill,w_280,h_210,f_jpg?from=ke.com
20231229,昌平,回龙观,101119491768,商满五年唯一中间楼层诚心出售自住精装修必看好房,368万,58711元/平,中楼层 (共33层) | 2014年 | 1室1厅 | 62.68平米 | 南,https://ke-image.ljcdn.com/110000-inspection/pc1_ltQdwWHFE.jpg!m_fill,w_280,h_210,f_jpg?from=ke.com
20231229,昌平,回龙观,101119446279,龙泽苑东区+南北通透+钢混结构+商品房+三居两卫,688万,49087元/平,中楼层 (共7层) | 2005年 | 3室2厅 | 140.16平米 | 南 北,https://ke-image.ljcdn.com/110000-inspection/test-bba612e2-f1c0-47fc-9150-1c2fb257fcbc.png!m_fill,w_280,h_210,f_jpg?from=ke.com
20231229,昌平,回龙观,101119060562,商品房满五唯一！楼层好！位置好不临街不把边！！必看好房,469万,39612元/平,高楼层 (共6层) | 2006年 | 3室1厅 | 118.4平米 | 南 北,https://ke-image.ljcdn.com/110000-inspection/d8290847-ae85-4437-846e-004fd3704877_1000.jpg!m_fill,w_280,h_210,f_jpg?from=ke.com
20231229,昌平,回龙观,101118912075,龙禧苑一区5+6大复式 上下两层 三个室外空间私人领地房主自荐,560万,33350元/平,高楼层 (共6层) | 2003年 | 4室2厅 | 167.92平米 | 南 北,https://ke-image.ljcdn.com/110000-inspection/99499494-6c83-43ec-9e29-a1fe141ab056_1000.jpg!m_fill,w_280,h_210,f_jpg?from=ke.com
20231229,昌平,回龙观,101118700727,商品房满五唯一 精装修拎包入住 中高楼层 视野开阔房主自荐,569万,64799元/平,高楼层 (共34层) 2室1厅 | 87.81平米 | 南 北,https://ke-image.ljcdn.com/110000-inspection/7ea38742-742b-455e-b24c-6284bacb75d5_1000.jpg!m_fill,w_280,h_210,f_jpg?from=ke.com
20231229,昌平,回龙观,101118681371,通达园平层四居室可四世同堂居住。必看好房,750万,43935元/平,底层 (共7层) 4室2厅 | 170.71平米 | 南 北,https://ke-image.ljcdn.com/110000-inspection/72afebe8-4770-498c-96fb-9203d6ab11bb_1000.jpg!m_fill,w_280,h_210,f_jpg?from=ke.com
20231229,昌平,回龙观,101118641993,龙腾苑六区 商品房满五年唯一 自住精装 采光好必看好房,466万,39512元/平,顶层 (共6层) | 2002年 | 3室1厅 | 117.94平米 | 南 北,https://ke-image.ljcdn.com/110000-inspection/pc1_ekCxSOggq.jpg!m_fill,w_280,h_210,f_jpg?from=ke.com
20231229,昌平,回龙观,101118033663,通达园复式230万装修含家具拎包入住满五唯一必看好房,570万,30800元/平,高楼层 (共7层) 4室2厅 | 185.07平米 | 南 北,https://ke-image.ljcdn.com/110000-inspection/09bea569-ed36-442c-8f69-e7c470577914_1000.jpg!m_fill,w_280,h_210,f_jpg?from=ke.com
20231229,昌平,回龙观,101117904543,龙华园双卧朝南+户型方正双阳台+业主急售+楼龄较新房主自荐,405万,35712元/平,顶层 (共6层) | 1998年 | 3室2厅 | 113.41平米 | 北 南 西,https://ke-image.ljcdn.com/110000-inspection/268faebd-2e32-4b77-bfc3-07a765e00f3e_1000.jpg!m_fill,w_280,h_210,f_jpg?from=ke.com
20231229,昌平,回龙观,101116187618,小区中间位置中间楼层 满五唯一 诚心出售必看好房,430万,65479元/平,中楼层 (共34层) | 2016年 | 1室1厅 | 65.67平米 | 南,https://ke-image.ljcdn.com/110000-inspection/pc1_C9tmkyTDk.jpg!m_fill,w_280,h_210,f_jpg?from=ke.com
20231229,昌平,回龙观,101114506398,矩阵一期改善大复式眼镜户型空间感强,758万,32489元/平,高楼层 (共7层) | 2002年 | 5室2厅 | 233.31平米 | 南 北,https://ke-image.ljcdn.com/110000-inspection/8e68226e-ef52-4d3b-a8fa-a37289ae6c85_1000.jpg!m_fill,w_280,h_210,f_jpg?from=ke.com
20231229,昌平,回龙观,101122421408,矩阵三期  全南向一居室  带阳台飘窗新上,380万,66867元/平,高楼层 (共10层) | 2007年 | 1室1厅 | 56.83平米 | 南,https://s1.ljcdn.com/pegasus/redskull/images/common/default_house_list.png?_v=202312201125188
20231229,昌平,回龙观,101122401283,2019年精装修全屋定制双朝向不临街必看好房,189万,32040元/平,中楼层 (共18层) 1室1厅 | 58.99平米 | 东北,https://s1.ljcdn.com/pegasus/redskull/images/common/default_house_list.png?_v=202312201125188
20231229,昌平,回龙观,101122353114,北回归线 2室1厅 北必看好房,216万,39758元/平,顶层 (共7层) | 2010年 | 2室1厅 | 54.33平米 | 北,https://s1.ljcdn.com/pegasus/redskull/images/common/default_house_list.png?_v=202312201125188
20231229,昌平,回龙观,101122271462,首开智慧社商品房西向视野开阔看房可约。必看好房,148万,28918元/平,低楼层 (共19层) | 2011年 | 1室1厅 | 51.18平米 | 西,https://s1.ljcdn.com/pegasus/redskull/images/common/default_house_list.png?_v=202312201125188
20231229,昌平,回龙观,101122253599,东亚上北中心  双朝向  高楼层  不临街必看好房,286万,34203元/平,高楼层 (共21层) | 2009年 | 2室1厅 | 83.62平米 | 西南,https://s1.ljcdn.com/pegasus/redskull/images/common/default_house_list.png?_v=202312201125188
20231229,昌平,回龙观,101122132155,东亚上北中心 1室1厅 西南,200万,35336元/平,中楼层 (共16层) | 2009年 | 1室1厅 | 56.6平米 | 西南,https://s1.ljcdn.com/pegasus/redskull/images/common/default_house_list.png?_v=202312201125188
20231229,昌平,回龙观,101121875190,东亚上北中心  西北双朝向  交配齐全  交通便利必看好房,185万,35245元/平,低楼层 (共21层) | 2009年 | 1室1厅 | 52.49平米 | 西北,https://s1.ljcdn.com/pegasus/redskull/images/common/default_house_list.png?_v=202312201125188
20231229,昌平,回龙观,101121841007,南侧就是体育公园楼层好视野宽阔交通方便必看好房,123万,33074元/平,高楼层 (共21层) | 2009年 | 1室1厅 | 37.19平米 | 北,https://s1.ljcdn.com/pegasus/redskull/images/common/default_house_list.png?_v=202312201125188
20231229,昌平,回龙观,101121820088,商品房满五唯一刚需的首付正好合适,310万,49176元/平,中楼层 (共4层) | 2004年 | 2室1厅 | 63.04平米 | 南 北,https://s1.ljcdn.com/pegasus/redskull/images/common/default_house_list.png?_v=202312201125188
20231229,昌平,回龙观,101121661336,风雅园二区  2层 商品房满五唯一有契税,379万,42144元/平,低楼层 (共6层) | 2000年 | 2室1厅 | 89.93平米 | 东 西,https://s1.ljcdn.com/pegasus/redskull/images/common/default_house_list.png?_v=202312201125188
20231229,昌平,回龙观,101121636242,风雅园二区商品房满五年唯一5层可签约,466万,38235元/平,中楼层 (共7层) | 2000年 | 3室2厅 | 121.88平米 | 南 北,https://s1.ljcdn.com/pegasus/redskull/images/common/default_house_list.png?_v=202312201125188
20231229,昌平,回龙观,101121506305,北回归线 简单装修户型方正。,145万,27447元/平,中楼层 (共7层) | 2010年 | 1室1厅 | 52.83平米 | 北,https://s1.ljcdn.com/pegasus/redskull/images/common/default_house_list.png?_v=202312201125188
20231229,昌平,回龙观,101121491960,金达园中间层两居室满五唯一诚意出售,358万,40618元/平,中楼层 (共6层) | 1998年 | 2室1厅 | 88.14平米 | 南 北,https://s1.ljcdn.com/pegasus/redskull/images/common/default_house_list.png?_v=202312201125188
20231229,昌平,回龙观,101121386766,首开智慧社2011年小区电梯房楼下就是华联跟地铁,153万,29936元/平,中楼层 (共19层) | 2011年 | 1室1厅 | 51.11平米 | 东,https://s1.ljcdn.com/pegasus/redskull/images/common/default_house_list.png?_v=202312201125188
20231229,昌平,回龙观,101120451491,龙腾苑四区  一层  南北通透 户型方正 近地铁 满五年必看好房,615万,43757元/平,底层 (共6层) 3室2厅 | 140.55平米 | 南 北,https://s1.ljcdn.com/pegasus/redskull/images/common/default_house_list.png?_v=202312201125188
20231229,昌平,回龙观,101119404990,首开国风美唐综合楼 近双规地铁,139万,29019元/平,高楼层 (共16层) 1室0厅 | 47.9平米 | 东,https://s1.ljcdn.com/pegasus/redskull/images/common/default_house_list.png?_v=202312201125188
20231229,昌平,回龙观,101118096942,首开智慧社 1室0厅 东必看好房,149万,29113元/平,低楼层 (共19层) 1室0厅 | 51.18平米 | 东,https://s1.ljcdn.com/pegasus/redskull/images/common/default_house_list.png?_v=202312201125188
20231229,昌平,回龙观,101117924335,周边配套齐全交通方便业主诚售必看好房,178万,31798元/平,低楼层 (共21层) | 2009年 | 1室1厅 | 55.98平米 | 北,https://s1.ljcdn.com/pegasus/redskull/images/common/default_house_list.png?_v=202312201125188
20231229,昌平,回龙观,101115984773,东亚上北中心 电梯房 近地铁 近公园房主自荐,195万,33057元/平,顶层 (共18层) | 2009年 | 1室1厅 | 58.99平米 | 东北,https://s1.ljcdn.com/pegasus/redskull/images/common/default_house_list.png?_v=202312201125188
20231229,昌平,回龙观,101122435782,温馨大2居  商五唯一 采光好视野无遮挡 业主诚心卖新上,439万,45385元/平,顶层 (共6层) | 2002年 | 2室1厅 | 96.73平米 | 南 北,https://ke-image.ljcdn.com/110000-inspection/pc1_W4rSPOMjk.jpg!m_fill,w_280,h_210,f_jpg?from=ke.com
20231229,昌平,回龙观,101122433537,矩阵一期首付93万两居室商满五唯一双卧朝南新上,309万,46670元/平,高楼层 (共6层) | 1996年 | 2室1厅 | 66.21平米 | 南 北,https://ke-image.ljcdn.com/110000-inspection/6bfc694e-9e2f-4b8d-8e94-a5c7f519bccd_1000.jpg!m_fill,w_280,h_210,f_jpg?from=ke.com
20231229,昌平,回龙观,101122419939,采光好 视野好 南北通透 小区中间位置新上,415万,44324元/平,中楼层 (共7层) 2室2厅 | 93.63平米 | 南 北,https://ke-image.ljcdn.com/110000-inspection/pc1_spyqWCPpM.jpg!m_fill,w_280,h_210,f_jpg?from=ke.com
20231229,昌平,回龙观,101122416484,首开国风美唐二期 2室1厅 南新上,645万,70462元/平,中楼层 (共16层) | 2014年 | 2室1厅 | 91.54平米 | 南,https://ke-image.ljcdn.com/110000-inspection/7dcba0e9-2682-4238-8e29-77257a205fb3_1000.jpg!m_fill,w_280,h_210,f_jpg?from=ke.com
20231229,昌平,回龙观,101122416200,首开国风美唐二期 楼层好 采光视野好 满五年唯一新上,395万,64103元/平,高楼层 (共18层) 1室1厅 | 61.62平米 | 东 西 南,https://ke-image.ljcdn.com/110000-inspection/2e076638-f0f7-46d3-aca7-98cef729a687_1000.jpg!m_fill,w_280,h_210,f_jpg?from=ke.com
20231229,昌平,回龙观,101122408353,满五唯一精装修低楼层采光好新上,449万,44050元/平,低楼层 (共6层) 2室1厅 | 101.93平米 | 南 西,https://ke-image.ljcdn.com/110000-inspection/4126df34-dea5-444d-a6ca-eed1c78b42b2_1000.jpg!m_fill,w_280,h_210,f_jpg?from=ke.com
20231229,昌平,回龙观,101122405652,总监推荐：2019年次新房外挂石材外立面地暖新上,868万,72274元/平,高楼层 (共13层) | 2019年 | 3室2厅 | 120.1平米 | 南 北,https://ke-image.ljcdn.com/110000-inspection/pc1_1WsiDxusX_1.jpg!m_fill,w_280,h_210,f_jpg?from=ke.com
20231229,昌平,回龙观,101122403182,北郊农场宿舍 2室1厅 南新上,310万,49832元/平,高楼层 (共6层) | 1995年 | 2室1厅 | 62.21平米 | 南,https://ke-image.ljcdn.com/110000-inspection/pc1_HfwoihhTK_1.jpg!m_fill,w_280,h_210,f_jpg?from=ke.com
20231229,昌平,回龙观,101122400816,领秀慧谷A区 3室1厅 南 北新上,485万,53913元/平,顶层 (共11层) | 2011年 | 3室1厅 | 89.96平米 | 南 北,https://ke-image.ljcdn.com/110000-inspection/pc1_Cga8UpdiI_1.jpg!m_fill,w_280,h_210,f_jpg?from=ke.com
20231229,昌平,回龙观,101122399827,新龙城近地铁电梯中高楼层视野好新上,568万,56687元/平,高楼层 (共20层) 2室1厅 | 100.2平米 | 南 北,https://ke-image.ljcdn.com/110000-inspection/pc1_VIZm3rBCs.jpg!m_fill,w_280,h_210,f_jpg?from=ke.com
20231229,昌平,回龙观,101122393977,金域华府二期满五年唯一看房方便稳定出售新上,880万,75343元/平,低楼层 (共28层) | 2014年 | 3室2厅 | 116.8平米 | 南 北,https://ke-image.ljcdn.com/110000-inspection/pc1_bKdVPU4pe_1.jpg!m_fill,w_280,h_210,f_jpg?from=ke.com
20231229,昌平,回龙观,101122392501,风雅园三区落地窗南北通透楼层装修好新上,398万,56559元/平,中楼层 (共6层) 2室1厅 | 70.37平米 | 南 北,https://ke-image.ljcdn.com/110000-inspection/pc1_dgzIij9QO_1.jpg!m_fill,w_280,h_210,f_jpg?from=ke.com
20231229,昌平,回龙观,101122388349,16万精装修不临街小区中间位置满五年交通便利新上,315万,69752元/平,低楼层 (共11层) | 2006年 | 1室0厅 | 45.16平米 | 北,https://ke-image.ljcdn.com/110000-inspection/pc1_1MZSRn57n_1.jpg!m_fill,w_280,h_210,f_jpg?from=ke.com
20231229,昌平,回龙观,101122386205,京投发展公园悦府一区 保持干净 随时签约 业主人很好新上,511万,62562元/平,中楼层 (共22层) | 2015年 | 2室2厅 | 81.68平米 | 南,https://ke-image.ljcdn.com/110000-inspection/b078317f-3750-43a5-bd1c-f726303f53bb_1000.jpg!m_fill,w_280,h_210,f_jpg?from=ke.com
20231229,昌平,回龙观,101122381035,2016年小区 有地下车库 精装修 详情点击咨询新上,419万,40100元/平,中楼层 (共21层) | 2016年 | 3室1厅 | 104.49平米 | 西南,https://ke-image.ljcdn.com/110000-inspection/pc1_b0bmeFfuj_1.jpg!m_fill,w_280,h_210,f_jpg?from=ke.com
20231229,昌平,回龙观,101122380361,流星花园三区 正规一室一厅 中高楼层 小区中间位置新上,408万,68572元/平,高楼层 (共11层) | 2006年 | 1室1厅 | 59.5平米 | 东北,https://ke-image.ljcdn.com/110000-inspection/pc1_I9zzVwVwb_1.jpg!m_fill,w_280,h_210,f_jpg?from=ke.com
20231229,昌平,回龙观,101122379540,商品房满五唯一采光充足带电梯新上,320万,71365元/平,中楼层 (共22层) | 2002年 | 1室0厅 | 44.84平米 | 北,https://ke-image.ljcdn.com/110000-inspection/pc1_NqYe12WdX.jpg!m_fill,w_280,h_210,f_jpg?from=ke.com
20231229,昌平,回龙观,101122369322,美唐500万以内的两居室  南北通透  自住装修新上,490万,64288元/平,底层 (共18层) 2室1厅 | 76.22平米 | 南 北,https://ke-image.ljcdn.com/110000-inspection/438358c3-6d75-4877-bdc7-85c556bbf9af_1000.jpg!m_fill,w_280,h_210,f_jpg?from=ke.com
20231229,昌平,回龙观,101122368816,龙锦苑六区一层两居客厅带阳台公园地铁早市全商品房新上,435万,51316元/平,底层 (共6层) | 2003年 | 2室1厅 | 84.77平米 | 南 北,https://ke-image.ljcdn.com/110000-inspection/abc20b3a-2ae3-4328-be00-9b1a5a853497_1000.jpg!m_fill,w_280,h_210,f_jpg?from=ke.com
20231229,昌平,回龙观,101122367771,首开国风美唐二期  全明格局 观景房新上,618万,66819元/平,顶层 (共19层) | 2014年 | 2室1厅 | 92.49平米 | 南 北,https://ke-image.ljcdn.com/110000-inspection/b282d6c9-de6c-4882-9264-3a1f9fe2ff81_1000.jpg!m_fill,w_280,h_210,f_jpg?from=ke.com
20231229,昌平,回龙观,101122359333,京投发展公园悦府一区 2室2厅 南 北新上,608万,65759元/平,低楼层 (共22层) | 2015年 | 2室2厅 | 92.46平米 | 南 北,https://ke-image.ljcdn.com/110000-inspection/7119070b-8156-40a8-a7b7-fa8a003e7fb3_1000.jpg!m_fill,w_280,h_210,f_jpg?from=ke.com
20231229,昌平,回龙观,101122353090,流星花园三区 2室1厅 南 北,525万,52110元/平,中楼层 (共11层) | 2006年 | 2室1厅 | 100.75平米 | 南 北,https://ke-image.ljcdn.com/110000-inspection/111a5f7e-4543-46de-bc11-e8e7b0ebccae_1000.jpg!m_fill,w_280,h_210,f_jpg?from=ke.com
20231229,昌平,回龙观,101122351094,领秀慧谷A区 2室1厅 南 北,430万,50094元/平,中楼层 (共9层) | 2011年 | 2室1厅 | 85.84平米 | 南 北,https://ke-image.ljcdn.com/110000-inspection/pc1_RDESLiYB2.jpg!m_fill,w_280,h_210,f_jpg?from=ke.com
20231229,昌平,回龙观,101122350496,龙腾苑五区三居两卫 4层 户型好 采光好 看房方便房主自荐,660万,50336元/平,中楼层 (共6层) | 2003年 | 3室1厅 | 131.12平米 | 南 北,https://ke-image.ljcdn.com/110000-inspection/pc1_lMJDr8m0F.jpg!m_fill,w_280,h_210,f_jpg?from=ke.com
20231229,昌平,回龙观,101122344151,佰嘉城商品房满五年唯一精装修拎包入住业主诚心出售,480万,40084元/平,低楼层 (共6层) | 2008年 | 3室2厅 | 119.75平米 | 南 北,https://ke-image.ljcdn.com/110000-inspection/795f9c56-5c1a-4b79-a0ea-7415456baa19_1000.jpg!m_fill,w_280,h_210,f_jpg?from=ke.com
20231229,昌平,回龙观,101122343460,商品房一层总高六层看房提前约。,650万,54779元/平,底层 (共6层) | 2003年 | 3室1厅 | 118.66平米 | 南 北,https://ke-image.ljcdn.com/110000-inspection/pc1_QY5IoRoc4.jpg!m_fill,w_280,h_210,f_jpg?from=ke.com
20231229,昌平,回龙观,101122342252,小区中间位置 经典南北通透双卫三居 满五年唯一 诚售,610万,46297元/平,高楼层 (共6层) | 2003年 | 3室1厅 | 131.76平米 | 南 北,https://ke-image.ljcdn.com/110000-inspection/pc1_jU2UD7ENX.jpg!m_fill,w_280,h_210,f_jpg?from=ke.com
20231229,昌平,回龙观,101122342073,龙锦苑五区南北通透小区中间位置视野好,408万,42302元/平,顶层 (共6层) | 2005年 | 2室1厅 | 96.45平米 | 南 北,https://ke-image.ljcdn.com/110000-inspection/68db5876-e932-49cd-80b2-c90273c0960d_1000.jpg!m_fill,w_280,h_210,f_jpg?from=ke.com
20231229,昌平,回龙观,101122340036,满五唯一40万精装南北通透随时签约房主自荐,535万,61679元/平,低楼层 (共31层) | 2014年 | 2室1厅 | 86.74平米 | 南 北,https://ke-image.ljcdn.com/110000-inspection/e0edcb87-283d-412c-891f-c2654030e38d_1000.jpg!m_fill,w_280,h_210,f_jpg?from=ke.com
20231229,昌平,回龙观,101122339681,龙博苑一区边户三居室商品房满五唯一,596万,50398元/平,中楼层 (共6层) | 2005年 | 3室1厅 | 118.26平米 | 南 北,https://ke-image.ljcdn.com/110000-inspection/0d35c955-62dd-417c-8e79-a6486707da61_1000.jpg!m_fill,w_280,h_210,f_jpg?from=ke.com
20231229,昌平,回龙观,101122337297,商品房满五年唯一 全南格局 看房方便 随时签约,358万,57271元/平,低楼层 (共33层) | 2014年 | 1室1厅 | 62.51平米 | 南,https://ke-image.ljcdn.com/110000-inspection/21b49133-2f93-4e1a-acff-11b1365c573e_1000.jpg!m_fill,w_280,h_210,f_jpg?from=ke.com
20231229,昌平,回龙观,101122336485,公园悦府一区商品房满五年【面对公园观景】+明厨明卫,609万,65379元/平,低楼层 (共22层) 2室1厅 | 93.15平米 | 南 北,https://ke-image.ljcdn.com/110000-inspection/6479f76c-2479-4caa-8f83-3b35a39c49bf_1000.jpg!m_fill,w_280,h_210,f_jpg?from=ke.com
20231229,昌平,回龙观,101122330345,北京人家 3室1厅 南 北,480万,54067元/平,顶层 (共6层) | 2004年 | 3室1厅 | 88.78平米 | 南 北,https://ke-image.ljcdn.com/110000-inspection/14af8027-e663-4575-ae87-f809709bd609_1000.jpg!m_fill,w_280,h_210,f_jpg?from=ke.com
20231229,昌平,回龙观,101122321626,国风美唐三期 高楼层 采光视野好 精装修2年没怎么住过房主自荐,998万,78134元/平,高楼层 (共18层) | 2016年 | 3室2厅 | 127.73平米 | 南 北,https://ke-image.ljcdn.com/110000-inspection/96d1b6ec-bcc2-47ff-82a9-9d3c903ae64d_1000.jpg!m_fill,w_280,h_210,f_jpg?from=ke.com
20231229,昌平,回龙观,101122321331,商品房满五年唯一 小区中间 双阳台落地窗  自采暖地暖,410万,41178元/平,顶层 (共6层) | 2006年 | 2室1厅 | 99.57平米 | 南 北,https://ke-image.ljcdn.com/110000-inspection/a7b4aba7-7d78-4805-9a47-3a08145c5b8b_1000.jpg!m_fill,w_280,h_210,f_jpg?from=ke.com
20231229,昌平,回龙观,101122316089,南北通透 商品房满五唯一 大落地窗 采光好 视野好,550万,44188元/平,高楼层 (共6层) | 2007年 | 3室2厅 | 124.47平米 | 南 北,https://ke-image.ljcdn.com/110000-inspection/1c215fe8-58e5-43ed-aba8-e7c465e5facb_1000.jpg!m_fill,w_280,h_210,f_jpg?from=ke.com
20231229,昌平,回龙观,101122315036,电梯房两居室精装修自住产权清晰。,399万,60731元/平,中楼层 (共10层) | 2003年 | 2室1厅 | 65.7平米 | 北,https://ke-image.ljcdn.com/110000-inspection/pc1_0kIVE8Tfs.jpg!m_fill,w_280,h_210,f_jpg?from=ke.com
20231229,昌平,回龙观,101122309177,天巢园 西南向两居室 客厅落地窗 业主诚售,450万,53681元/平,中楼层 (共22层) 2室1厅 | 83.83平米 | 南 西,https://ke-image.ljcdn.com/110000-inspection/c31bb520-80ca-43bb-90ad-c52200866a4a_1000.jpg!m_fill,w_280,h_210,f_jpg?from=ke.com
20231229,昌平,回龙观,101122304645,龙兴园北区视野宽阔采光充足南北通透精装两居,420万,48963元/平,中楼层 (共6层) | 2000年 | 2室1厅 | 85.78平米 | 南 北,https://ke-image.ljcdn.com/110000-inspection/pc1_egqirwYsH.jpg!m_fill,w_280,h_210,f_jpg?from=ke.com
20231229,昌平,回龙观,101122304625,融泽嘉园东一路8号院 满五年唯一明卫无遮挡采光视野好,520万,58480元/平,中楼层 (共28层) | 2014年 | 2室1厅 | 88.92平米 | 南 北,https://ke-image.ljcdn.com/110000-inspection/6e56f40e-d1e6-45d8-a4cc-ca34a7958cfe_1000.jpg!m_fill,w_280,h_210,f_jpg?from=ke.com
20231229,昌平,回龙观,101122303624,京投发展公园悦府一区 视野好高楼层 边户型房主自荐,599万,64631元/平,中楼层 (共11层) | 2014年 | 2室2厅 | 92.68平米 | 南 北,https://ke-image.ljcdn.com/110000-inspection/aebcef3d-fff2-4bc1-aa5f-e0a2b1b1c561_1000.jpg!m_fill,w_280,h_210,f_jpg?from=ke.com
20231229,昌平,回龙观,101122297130,南北两居室明厨明卫户型方正中高楼层落地窗,545万,53972元/平,高楼层 (共20层) | 2007年 | 2室1厅 | 100.98平米 | 南 北,https://ke-image.ljcdn.com/110000-inspection/pc1_Zs9CTggHB.jpg!m_fill,w_280,h_210,f_jpg?from=ke.com
20231229,昌平,回龙观,101122286142,和谐家园三居满五唯一有钥匙看房方便,449万,37932元/平,顶层 (共6层) | 2006年 | 3室1厅 | 118.37平米 | 南 北,https://ke-image.ljcdn.com/110000-inspection/f4b2bcb8-c36c-4156-bc22-3f0dd49ab212_1000.jpg!m_fill,w_280,h_210,f_jpg?from=ke.com
20231229,昌平,回龙观,101122283367,总监推荐：优质电梯两居商满五唯一带地下储藏室！,529万,73688元/平,高楼层 (共11层) 2室2厅 | 71.79平米 | 南,https://ke-image.ljcdn.com/110000-inspection/2452be28-5383-4322-83e5-45316f839839_1000.jpg!m_fill,w_280,h_210,f_jpg?from=ke.com
20231229,昌平,回龙观,101122281876,金域华府二期 2室1厅 南,670万,75020元/平,低楼层 (共27层) | 2014年 | 2室1厅 | 89.31平米 | 南,https://ke-image.ljcdn.com/110000-inspection/pc1_wfHfDvXrp.jpg!m_fill,w_280,h_210,f_jpg?from=ke.com
20231229,昌平,回龙观,101122280649,首开国风美唐二期 2室1厅 南,650万,74278元/平,高楼层 (共16层) 2室1厅 | 87.51平米 | 南,https://ke-image.ljcdn.com/110000-inspection/fee4548b-9b91-4557-9fb0-5cf319cd5e3e_1000.jpg!m_fill,w_280,h_210,f_jpg?from=ke.com
20231229,昌平,回龙观,101122266340,北京人家满五唯一三居两卫-南北通透-进出方便,649万,49786元/平,低楼层 (共6层) | 2002年 | 3室1厅 | 130.36平米 | 南 北,https://ke-image.ljcdn.com/110000-inspection/1faebd88-3b15-47db-baed-bb12e64f9345_1000.jpg!m_fill,w_280,h_210,f_jpg?from=ke.com
20231229,昌平,回龙观,101122261777,京投发展公园悦府二区 次卧无遮挡 随时可看 高楼层,660万,75880元/平,中楼层 (共27层) 2室1厅 | 86.98平米 | 西 南,https://ke-image.ljcdn.com/110000-inspection/0aa407a0-09e3-4ffd-b64d-12adf5c73136_1000.jpg!m_fill,w_280,h_210,f_jpg?from=ke.com
20231229,昌平,回龙观,101122260724,龙跃苑东五区 满五年唯一商品房 精装 霍营地铁239米,590万,46593元/平,中楼层 (共5层) | 2007年 | 3室1厅 | 126.63平米 | 南 北,https://ke-image.ljcdn.com/110000-inspection/90d5dd45-ba10-4c12-be82-1ed34c9c3fc7_1000.jpg!m_fill,w_280,h_210,f_jpg?from=ke.com
20231229,昌平,回龙观,101122259369,北郊农场家属院 优质全南两居室房主自荐,315万,52924元/平,顶层 (共4层) | 1991年 | 2室1厅 | 59.52平米 | 南,https://ke-image.ljcdn.com/110000-inspection/99bd0455-48ea-4bb0-9e6e-34a3822b81d3_1000.jpg!m_fill,w_280,h_210,f_jpg?from=ke.com
20231229,昌平,回龙观,101122252572,首开国风美唐二期满五唯一 全南向二居室 诚心出售,660万,72100元/平,中楼层 (共16层) 2室1厅 | 91.54平米 | 南,https://ke-image.ljcdn.com/110000-inspection/3d3d22e6-4bed-4ddc-ba26-ff24e61382cc_1000.jpg!m_fill,w_280,h_210,f_jpg?from=ke.com
20231229,昌平,回龙观,101122242157,满五唯一 南向一居 楼层高 采光好 业主诚意出售房主自荐,309万,67014元/平,中楼层 (共11层) | 2006年 | 1室0厅 | 46.11平米 | 东 南,https://ke-image.ljcdn.com/110000-inspection/pc1_PORtAx9lQ.jpg!m_fill,w_280,h_210,f_jpg?from=ke.com
20231229,昌平,回龙观,101122238795,总监推荐流星花园二区中间楼层精装修,459万,54488元/平,中楼层 (共6层) 2室1厅 | 84.24平米 | 南 北,https://ke-image.ljcdn.com/110000-inspection/3ebc45dd-eb3a-40f4-a56e-56476e4e6d3d_1000.jpg!m_fill,w_280,h_210,f_jpg?from=ke.com
20231229,昌平,回龙观,101122228336,美唐二期 商品房满五唯一仅有契税 中间楼层采光视野好,568万,67919元/平,中楼层 (共20层) | 2014年 | 2室1厅 | 83.63平米 | 东南,https://ke-image.ljcdn.com/110000-inspection/0b70678c-972a-47a0-9de3-5be2d753d6c6_1000.jpg!m_fill,w_280,h_210,f_jpg?from=ke.com
20231229,昌平,回龙观,101122214915,电梯一居室 商满五唯一 不临街,398万,59680元/平,中楼层 (共11层) 1室1厅 | 66.69平米 | 东南 西北,https://ke-image.ljcdn.com/110000-inspection/ebfe9780-bffa-437e-acad-b5d65de71d9a_1000.jpg!m_fill,w_280,h_210,f_jpg?from=ke.com
20231229,昌平,回龙观,101122202477,万科金域华府 满五年唯一 中间位置 安静 采光视野好,550万,61480元/平,顶层 (共28层) | 2012年 | 2室1厅 | 89.46平米 | 南,https://ke-image.ljcdn.com/110000-inspection/fcb6ea04-2891-4984-915e-7a4a579ea340_1000.jpg!m_fill,w_280,h_210,f_jpg?from=ke.com
20231229,昌平,回龙观,101122195312,金达园 2室2厅 南 北,500万,50141元/平,高楼层 (共6层) | 1997年 | 2室2厅 | 99.72平米 | 南 北,https://ke-image.ljcdn.com/110000-inspection/c0ce1687-77e3-478c-8b8c-9b3b1380ec04_1000.jpg!m_fill,w_280,h_210,f_jpg?from=ke.com
20231229,昌平,回龙观,101122193290,龙锦苑二区 2室1厅 南 北,460万,51814元/平,中楼层 (共6层) | 2005年 | 2室1厅 | 88.78平米 | 南 北,https://ke-image.ljcdn.com/110000-inspection/973293f8-d793-4a0f-bbf3-a8c6370d26bf_1000.jpg!m_fill,w_280,h_210,f_jpg?from=ke.com
20231229,昌平,回龙观,101122192958,商五一精装修两居室中间层近公园近地铁,420万,46124元/平,中楼层 (共6层) | 2000年 | 2室1厅 | 91.06平米 | 西北,https://ke-image.ljcdn.com/110000-inspection/pc1_cgDuqnL7L_1.jpg!m_fill,w_280,h_210,f_jpg?from=ke.com
20231229,昌平,回龙观,101122192715,流星花园二区南北两居室商五一边户有窗,466万,52478元/平,低楼层 (共6层) | 2003年 | 2室1厅 | 88.8平米 | 南 北,https://ke-image.ljcdn.com/110000-inspection/6f19440f-8193-4713-a1d1-f3b13d12d2df_1000.jpg!m_fill,w_280,h_210,f_jpg?from=ke.com
20231229,昌平,回龙观,101122186980,首开国风美唐三期 人车分流 不临街明卫,698万,72626元/平,高楼层 (共18层) | 2016年 | 2室1厅 | 96.11平米 | 南 北,https://ke-image.ljcdn.com/110000-inspection/a938b8b8-8f54-47d4-af88-6672b62acbe4_1000.jpg!m_fill,w_280,h_210,f_jpg?from=ke.com
20231229,昌平,回龙观,101122171951,云趣园三区 2室2厅 南 北,460万,48745元/平,中楼层 (共6层) 2室2厅 | 94.37平米 | 南 北,https://ke-image.ljcdn.com/110000-inspection/950fc0f0-848d-4101-8e85-e8237f7ed09d_1000.jpg!m_fill,w_280,h_210,f_jpg?from=ke.com
20231229,昌平,回龙观,101122167727,公园和医院旁低楼层两居室商五一报价诚意出售,356万,41128元/平,底层 (共6层) | 2000年 | 1室1厅 | 86.56平米 | 西,https://ke-image.ljcdn.com/110000-inspection/pc1_NIjhfcBc3.jpg!m_fill,w_280,h_210,f_jpg?from=ke.com
20231229,昌平,回龙观,101122162065,金域华府一期中间楼层满五年唯一诚意卖房,408万,63651元/平,中楼层 (共28层) 1室1厅 | 64.1平米 | 南,https://ke-image.ljcdn.com/110000-inspection/b6ebe1a2-2716-445e-95c9-6f9c9648084f_1000.jpg!m_fill,w_280,h_210,f_jpg?from=ke.com
20231229,昌平,回龙观,101122156187,首开国风美唐三期  全明格局 小区中间 正对花园,960万,75218元/平,低楼层 (共18层) | 2016年 | 3室1厅 | 127.63平米 | 南 北,https://ke-image.ljcdn.com/110000-inspection/09f68374-3414-4e9d-ab59-fb1075609939_1000.jpg!m_fill,w_280,h_210,f_jpg?from=ke.com
20231229,昌平,回龙观,101122149131,精装修两居不临街户型好高层视野采光好,550万,60882元/平,高楼层 (共20层) | 2007年 | 2室1厅 | 90.34平米 | 西南,https://ke-image.ljcdn.com/110000-inspection/pc1_W93B7Ygt2.jpg!m_fill,w_280,h_210,f_jpg?from=ke.com
20231229,昌平,回龙观,101122145613,首开国风美唐三期 精装修 高楼层 视野采光好房主自荐,670万,72394元/平,中楼层 (共21层) | 2016年 | 2室1厅 | 92.55平米 | 南,https://ke-image.ljcdn.com/110000-inspection/645701a9-619d-4de0-9031-aeefc668fc05_1000.jpg!m_fill,w_280,h_210,f_jpg?from=ke.com
20231229,昌平,回龙观,101122141296,京投发展公园悦府一区高楼层视野看回龙观 商满五唯一,605万,67245元/平,中楼层 (共11层) | 2014年 | 2室2厅 | 89.97平米 | 南 北,https://ke-image.ljcdn.com/110000-inspection/8cdbb07e-b1ce-451a-9a89-254e5eb822e8_1000.jpg!m_fill,w_280,h_210,f_jpg?from=ke.com
20231229,昌平,回龙观,101122135486,回龙观新区+南北通透+满五唯一+明厨明卫+通风好,525万,53577元/平,低楼层 (共25层) 2室1厅 | 97.99平米 | 南 北,https://ke-image.ljcdn.com/110000-inspection/pc1_IRpPR5cTN_1.jpg!m_fill,w_280,h_210,f_jpg?from=ke.com
20231229,昌平,回龙观,101122131269,融泽嘉园东一路6号院南北通透精装两居满五唯一诚意卖,568万,64759元/平,高楼层 (共34层) | 2015年 | 2室1厅 | 87.71平米 | 南 北,https://ke-image.ljcdn.com/110000-inspection/c3f89196-fbc3-4048-b9b4-dea60a19fb75_1000.jpg!m_fill,w_280,h_210,f_jpg?from=ke.com
20231229,昌平,回龙观,101122127702,满五唯一中间位置精装修 出行方便,535万,61213元/平,低楼层 (共31层) 2室1厅 | 87.4平米 | 南 北,https://ke-image.ljcdn.com/110000-inspection/52fef5c3-fa53-4487-989b-f6200d568084_1000.jpg!m_fill,w_280,h_210,f_jpg?from=ke.com
20231229,昌平,回龙观,101122125404,此房是满五年的客厅落地窗居住安静舒适随时看房,530万,60955元/平,低楼层 (共34层) 2室1厅 | 86.95平米 | 南,https://ke-image.ljcdn.com/110000-inspection/pc1_Yc03tLI5f.jpg!m_fill,w_280,h_210,f_jpg?from=ke.com
20231229,昌平,回龙观,101122123493,满五唯一中间位置精装修 出行方便,565万,61247元/平,中楼层 (共18层) 2室1厅 | 92.25平米 | 南 北,https://ke-image.ljcdn.com/110000-inspection/405556a3-de06-418f-b1c6-2a71b5a59fe2_1000.jpg!m_fill,w_280,h_210,f_jpg?from=ke.com
20231229,昌平,回龙观,101122119611,商品房 低楼层  户型方正 无浪费面积,505万,41350元/平,低楼层 (共7层) | 2000年 | 3室1厅 | 122.13平米 | 南 北,https://ke-image.ljcdn.com/110000-inspection/26de6f1c-9d72-43fb-9c88-abd2788dc7a8_1000.jpg!m_fill,w_280,h_210,f_jpg?from=ke.com
20231229,昌平,回龙观,101122118601,京投发展公园悦府一区 2室2厅 南 北,600万,65833元/平,中楼层 (共22层) 2室2厅 | 91.14平米 | 南 北,https://ke-image.ljcdn.com/110000-inspection/58cfa31f-fb65-44b2-a149-7515ebd757b8_1000.jpg!m_fill,w_280,h_210,f_jpg?from=ke.com
20231229,昌平,回龙观,101122112010,龙腾苑二区 楼层低 户型通透 小区中间位置 满五唯一,655万,49573元/平,低楼层 (共6层) | 2003年 | 3室2厅 | 132.13平米 | 南 北,https://ke-image.ljcdn.com/110000-inspection/pc1_c7ZdFGzvJ.jpg!m_fill,w_280,h_210,f_jpg?from=ke.com
20231229,昌平,回龙观,101122109488,流星花园三区 1室0厅 北,310万,64746元/平,高楼层 (共11层) | 2006年 | 1室0厅 | 47.88平米 | 北,https://ke-image.ljcdn.com/110000-inspection/pc1_1zJcCAoTw_1.jpg!m_fill,w_280,h_210,f_jpg?from=ke.com
20231229,昌平,回龙观,101122108432,东村家园 1室1厅 南 北,378万,79984元/平,底层 (共7层) | 2005年 | 1室1厅 | 47.26平米 | 南 北,https://ke-image.ljcdn.com/110000-inspection/pc1_c7zk6as1i.jpg!m_fill,w_280,h_210,f_jpg?from=ke.com
20231229,昌平,回龙观,101122106916,龙泽苑东区 3室1厅 南 北,760万,54294元/平,中楼层 (共7层) 3室1厅 | 139.98平米 | 南 北,https://ke-image.ljcdn.com/110000-inspection/pc1_vOhvXIkJW.jpg!m_fill,w_280,h_210,f_jpg?from=ke.com
20231229,昌平,回龙观,101122095510,满五年唯一带电梯南北通透视野开阔 交通便利,750万,57213元/平,高楼层 (共9层) | 2005年 | 3室2厅 | 131.09平米 | 南 北,https://ke-image.ljcdn.com/110000-inspection/pc1_9gtofeKGz_1.jpg!m_fill,w_280,h_210,f_jpg?from=ke.com
20231229,昌平,回龙观,101122090581,精装修低楼层不临街满五唯一,430万,47222元/平,底层 (共6层) | 1999年 | 2室1厅 | 91.06平米 | 西 北,https://ke-image.ljcdn.com/110000-inspection/pc1_edhZ6TQHx_1.jpg!m_fill,w_280,h_210,f_jpg?from=ke.com
20231229,昌平,回龙观,101122089859,满五唯一 看房方便 前后没有遮挡 诚心出售,520万,59368元/平,低楼层 (共31层) 2室1厅 | 87.59平米 | 南 北,https://ke-image.ljcdn.com/110000-inspection/50ca2015-134a-4507-8adc-cd74526d5063_1000.jpg!m_fill,w_280,h_210,f_jpg?from=ke.com
20231229,昌平,回龙观,101122089409,首开国风美唐二期 自住精装修 高楼层 小区中间位置,650万,70676元/平,高楼层 (共20层) 3室2厅 | 91.97平米 | 南 北,https://ke-image.ljcdn.com/110000-inspection/4e7b8e60-898c-4995-8db0-c415bddee46e_1000.jpg!m_fill,w_280,h_210,f_jpg?from=ke.com
20231229,昌平,回龙观,101122081721,商满五唯一精装自住电梯板楼带地下储藏室！,599万,67228元/平,低楼层 (共11层) | 2016年 | 2室2厅 | 89.1平米 | 南 北,https://ke-image.ljcdn.com/110000-inspection/9146af55-2324-4827-a1a5-d30940c68f40_1000.jpg!m_fill,w_280,h_210,f_jpg?from=ke.com
20231229,昌平,回龙观,101122075339,首开国风美唐二期 2室1厅 南,690万,73467元/平,高楼层 (共20层) | 2014年 | 2室1厅 | 93.92平米 | 南,https://ke-image.ljcdn.com/110000-inspection/bfae3811-5432-48f9-a89b-fff801688c5a_1000.jpg!m_fill,w_280,h_210,f_jpg?from=ke.com
20231229,昌平,回龙观,101122071213,龙回苑商品房满五唯一首套购买契税1%,430万,47943元/平,低楼层 (共6层) | 2004年 | 2室1厅 | 89.69平米 | 东 西,https://ke-image.ljcdn.com/110000-inspection/c4eecdf4-2910-40b2-80fb-adca9d932893_1000.jpg!m_fill,w_280,h_210,f_jpg?from=ke.com
20231229,昌平,回龙观,101122069387,商品房满五年 看房有钥匙 不临街 没遮挡 价格能谈,590万,45546元/平,低楼层 (共6层) | 2005年 | 3室1厅 | 129.54平米 | 东 南 北,https://ke-image.ljcdn.com/110000-inspection/42df6d87-0702-431f-b7b8-39bbccc926be_1000.jpg!m_fill,w_280,h_210,f_jpg?from=ke.com
20231229,昌平,回龙观,101122063075,龙锦苑六区 1室1厅 南 北,389万,59399元/平,中楼层 (共7层) | 2003年 | 1室1厅 | 65.49平米 | 南 北,https://ke-image.ljcdn.com/110000-inspection/3157ba1d-1375-417b-890b-7c2a6a9d72d8_1000.jpg!m_fill,w_280,h_210,f_jpg?from=ke.com
20231229,昌平,回龙观,101122058227,总监推荐 流行花园三区 东南向 小区中间位置 7层房主自荐,521万,60197元/平,中楼层 (共11层) | 2006年 | 2室2厅 | 86.55平米 | 东南,https://ke-image.ljcdn.com/110000-inspection/b902c95c-6b50-4684-8129-c30d6ae3bb65_1000.jpg!m_fill,w_280,h_210,f_jpg?from=ke.com
20231229,昌平,回龙观,101122053544,龙跃苑东二区 自住装修 低层 适合一家人,606万,50400元/平,底层 (共6层) 3室2厅 | 120.24平米 | 南 北,https://ke-image.ljcdn.com/110000-inspection/5119ec2d-49bd-4504-84c5-42d801dbe35a_1000.jpg!m_fill,w_280,h_210,f_jpg?from=ke.com
20231229,昌平,回龙观,101122051440,龙锦苑一区 3室2厅 南 北,520万,41231元/平,中楼层 (共6层) | 2005年 | 3室2厅 | 126.12平米 | 南 北,https://ke-image.ljcdn.com/110000-inspection/c2d5a07f-d885-4bb1-ac2a-f1d8420695dc_1000.jpg!m_fill,w_280,h_210,f_jpg?from=ke.com
20231229,昌平,回龙观,101122051256,龙锦苑六区南北通透2层两居客厅宽采光好商品房,499万,49042元/平,低楼层 (共6层) 2室1厅 | 101.75平米 | 南 北,https://ke-image.ljcdn.com/110000-inspection/266291a5-b32f-4fa4-8fdc-5e2423e0a6d4_1000.jpg!m_fill,w_280,h_210,f_jpg?from=ke.com
20231229,昌平,回龙观,101122049030,龙博苑三区 2室1厅 南 北,399万,49677元/平,低楼层 (共6层) | 2005年 | 2室1厅 | 80.32平米 | 南 北,https://ke-image.ljcdn.com/110000-inspection/pc1_xt3Hk4D4L.jpg!m_fill,w_280,h_210,f_jpg?from=ke.com
20231229,昌平,回龙观,101122045825,和谐家园二区 3室2厅 南 北,528万,42489元/平,高楼层 (共6层) | 2006年 | 3室2厅 | 124.27平米 | 南 北,https://ke-image.ljcdn.com/110000-inspection/0c0c27ba-793e-4a0b-b791-9bef48b2bff8_1000.jpg!m_fill,w_280,h_210,f_jpg?from=ke.com
20231229,昌平,回龙观,101122042650,龙城花园北二区 2室1厅 南 北,325万,51555元/平,中楼层 (共4层) 2室1厅 | 63.04平米 | 南 北,https://ke-image.ljcdn.com/110000-inspection/51bd2951-cf56-4188-ae7d-1779fefea3c4_1000.jpg!m_fill,w_280,h_210,f_jpg?from=ke.com
20231229,昌平,回龙观,101122041988,金域华府一期 2室1厅 南,600万,67401元/平,中楼层 (共28层) | 2012年 | 2室1厅 | 89.02平米 | 南,https://ke-image.ljcdn.com/110000-inspection/60d6f921-7d51-4040-9d66-a952c6f4aa68_1000.jpg!m_fill,w_280,h_210,f_jpg?from=ke.com
20231229,昌平,回龙观,101122035927,骊龙园南北通透两居室 商品房满五年唯一,430万,44207元/平,顶层 (共6层) | 2005年 | 2室2厅 | 97.27平米 | 南 北,https://ke-image.ljcdn.com/110000-inspection/pc1_qJsRxsKzS.jpg!m_fill,w_280,h_210,f_jpg?from=ke.com
20231229,昌平,回龙观,101122026364,满五年唯一采光好视野好业主诚心出售,738万,82745元/平,中楼层 (共27层) 2室1厅 | 89.19平米 | 南,https://ke-image.ljcdn.com/110000-inspection/4081c2aa-74ec-48ee-b96a-d879dd5da2cc_1000.jpg!m_fill,w_280,h_210,f_jpg?from=ke.com
20231229,昌平,回龙观,101122025856,龙兴园中区 二层 南北通透 视野好 采光棒 满五唯一,430万,49483元/平,低楼层 (共6层) 2室1厅 | 86.9平米 | 南 北,https://ke-image.ljcdn.com/110000-inspection/pc1_Vif9PhbdU_1.jpg!m_fill,w_280,h_210,f_jpg?from=ke.com
20231229,昌平,回龙观,101122024504,北京人家 2室2厅 南 北,498万,52654元/平,低楼层 (共6层) | 2004年 | 2室2厅 | 94.58平米 | 南 北,https://ke-image.ljcdn.com/110000-inspection/pc1_6Rt1EdpuW_1.jpg!m_fill,w_280,h_210,f_jpg?from=ke.com
20231229,昌平,回龙观,101122024403,北京人家 2室2厅 南 北,510万,49766元/平,中楼层 (共6层) | 2002年 | 2室2厅 | 102.48平米 | 南 北,https://ke-image.ljcdn.com/110000-inspection/pc1_7Gx6HMPcr.jpg!m_fill,w_280,h_210,f_jpg?from=ke.com
20231229,昌平,回龙观,101122024096,京投发展公园悦府二区 东边户 诚心出售 南北通透,920万,76808元/平,低楼层 (共27层) 3室2厅 | 119.78平米 | 东 南 北,https://ke-image.ljcdn.com/110000-inspection/a38207b5-a22c-4b08-8110-1b6d4e1cbf84_1000.jpg!m_fill,w_280,h_210,f_jpg?from=ke.com
20231229,昌平,回龙观,101122023899,京投发展公园悦府一区 2室1厅 南,462万,67152元/平,底层 (共11层) | 2014年 | 2室1厅 | 68.8平米 | 南,https://ke-image.ljcdn.com/110000-inspection/42233955-7f31-4646-b495-322ca9795b40_1000.jpg!m_fill,w_280,h_210,f_jpg?from=ke.com
20231229,昌平,回龙观,101122019452,万科物业 2020年次新房 东南2居室,648万,74406元/平,高楼层 (共27层) 2室2厅 | 87.09平米 | 东南,https://ke-image.ljcdn.com/110000-inspection/51cd2b7c-31ae-4734-9ded-d6fdf699b9fa_1000.jpg!m_fill,w_280,h_210,f_jpg?from=ke.com
20231229,昌平,回龙观,101122019432,龙博苑三区商品房满五唯一看房方便房主自荐,431万,53654元/平,高楼层 (共6层) 2室2厅 | 80.33平米 | 南 北,https://ke-image.ljcdn.com/110000-inspection/pc1_3R3WOg3Uh.jpg!m_fill,w_280,h_210,f_jpg?from=ke.com
20231229,昌平,回龙观,101122011000,龙跃苑东二区业主自住精装修三居两卫,570万,45586元/平,高楼层 (共6层) | 2007年 | 3室1厅 | 125.04平米 | 南 北,https://ke-image.ljcdn.com/110000-inspection/7c9b172f-8be1-4f23-8c5b-b62a49ca3eff_1000.jpg!m_fill,w_280,h_210,f_jpg?from=ke.com
20231229,昌平,回龙观,101122010878,电梯三居室 花园小洋房 业主换房诚心出售,985万,65764元/平,高楼层 (共7层) | 2011年 | 3室2厅 | 149.78平米 | 南 北,https://ke-image.ljcdn.com/110000-inspection/2d3c4d37-3610-456a-b5f3-bf37da00ac20_1000.jpg!m_fill,w_280,h_210,f_jpg?from=ke.com
20231229,昌平,回龙观,101122009869,龙兴园中区好位置中间楼层三居室,520万,51639元/平,中楼层 (共6层) 3室1厅 | 100.7平米 | 南 北,https://ke-image.ljcdn.com/110000-inspection/f49e28c8-5ffa-4089-925f-3441e827bcd4_1000.jpg!m_fill,w_280,h_210,f_jpg?from=ke.com
20231229,昌平,回龙观,101122002334,南北通透两居室不临街不把边业主自住装修,320万,48529元/平,低楼层 (共7层) | 1996年 | 2室1厅 | 65.94平米 | 南 北,https://ke-image.ljcdn.com/110000-inspection/pc1_Ufm5Bzfnp.jpg!m_fill,w_280,h_210,f_jpg?from=ke.com
20231229,昌平,回龙观,101121996738,风雅园二区通透一居室商品房满五年唯一,305万,43116元/平,顶层 (共5层) | 1999年 | 1室1厅 | 70.74平米 | 东 西,https://ke-image.ljcdn.com/110000-inspection/pc1_O1mmxhIDb_1.jpg!m_fill,w_280,h_210,f_jpg?from=ke.com
20231229,昌平,回龙观,101121993387,风雅园一区 3室1厅 南 北,419万,35982元/平,高楼层 (共6层) | 2000年 | 3室1厅 | 116.45平米 | 南 北,https://ke-image.ljcdn.com/110000-inspection/pc1_xoha0Xsoq.jpg!m_fill,w_280,h_210,f_jpg?from=ke.com
20231229,昌平,回龙观,101121993033,北郊农场宿舍 精装 四层 商品房满五年唯一房主自荐,369万,46235元/平,中楼层 (共6层) | 1995年 | 2室1厅 | 79.81平米 | 南 北,https://ke-image.ljcdn.com/110000-inspection/pc1_4esEDzBpV_1.jpg!m_fill,w_280,h_210,f_jpg?from=ke.com
20231229,昌平,回龙观,101121992669,首开国风美唐二期满五年两居全东向两室一厅,490万,59294元/平,低楼层 (共21层) 2室1厅 | 82.64平米 | 东,https://ke-image.ljcdn.com/110000-inspection/070b6655-ed62-4330-b799-8dd5cde5bf41_1000.jpg!m_fill,w_280,h_210,f_jpg?from=ke.com
20231229,昌平,回龙观,101121988269,2019年次新房 户型方正 婚房精装 诚心出售房主自荐,635万,73590元/平,顶层 (共27层) | 2020年 | 2室1厅 | 86.29平米 | 南 北,https://ke-image.ljcdn.com/110000-inspection/90aed12c-2bd1-4536-84dd-edd261fca64c_1000.jpg!m_fill,w_280,h_210,f_jpg?from=ke.com
20231229,昌平,回龙观,101121975882,南北通透的双卧朝阳三居室适合年轻人置业。,430万,48992元/平,顶层 (共6层) 3室1厅 | 87.77平米 | 东 南 北,https://ke-image.ljcdn.com/110000-inspection/pc1_RXAEMuoCG.jpg!m_fill,w_280,h_210,f_jpg?from=ke.com
20231229,昌平,回龙观,101121975600,满五唯一南北通透小区中间位置诚心出售随时签约,468万,51170元/平,底层 (共27层) | 2013年 | 2室1厅 | 91.46平米 | 南 北,https://ke-image.ljcdn.com/110000-inspection/06b632f6-a1ae-48af-9a13-8460ca5da9d7_1000.jpg!m_fill,w_280,h_210,f_jpg?from=ke.com
20231229,昌平,回龙观,101121975566,此房满五年唯一户型双通透小区主力经典两居室户型,450万,50665元/平,高楼层 (共6层) | 2004年 | 2室2厅 | 88.82平米 | 南 北,https://ke-image.ljcdn.com/110000-inspection/b21922ee-7dca-4c5d-a2b2-9438bc2ebf2e_1000.jpg!m_fill,w_280,h_210,f_jpg?from=ke.com
20231229,昌平,回龙观,101121971831,流星花园三区 1室0厅 北,318万,70417元/平,中楼层 (共11层) | 2006年 | 1室0厅 | 45.16平米 | 北,https://ke-image.ljcdn.com/110000-inspection/pc1_bezBqjHrT.jpg!m_fill,w_280,h_210,f_jpg?from=ke.com
20231229,昌平,回龙观,101121956506,领秀慧谷A区 1室1厅 南,375万,59074元/平,中楼层 (共11层) | 2011年 | 1室1厅 | 63.48平米 | 南,https://ke-image.ljcdn.com/110000-inspection/e64b4a35-512a-4cfc-93d5-1e544d237868_1000.jpg!m_fill,w_280,h_210,f_jpg?from=ke.com
20231229,昌平,回龙观,101121953690,08年小区 满五唯一  看房方便 业主人好诚心卖,435万,44639元/平,中楼层 (共6层) 2室1厅 | 97.45平米 | 南 北,https://ke-image.ljcdn.com/110000-inspection/pc1_KRM8jGqUw.jpg!m_fill,w_280,h_210,f_jpg?from=ke.com
20231229,昌平,回龙观,101121943225,商满五年唯一6.1平大阳台落地窗视野采光好户型好房主自荐,499万,39844元/平,高楼层 (共6层) | 2005年 | 3室1厅 | 125.24平米 | 南 北,https://ke-image.ljcdn.com/110000-inspection/0b5dd419-a01c-45ca-b021-852ff626e570_1000.jpg!m_fill,w_280,h_210,f_jpg?from=ke.com
20231229,昌平,回龙观,101121943186,满五年唯一小区中间位置全南向 采光很棒,505万,57649元/平,低楼层 (共28层) 2室1厅 | 87.6平米 | 南,https://ke-image.ljcdn.com/110000-inspection/pc1_745vLGjtg.jpg!m_fill,w_280,h_210,f_jpg?from=ke.com
20231229,昌平,回龙观,101121940387,满五唯一配合转商 业主诚心出售,530万,64816元/平,中楼层 (共31层) 2室1厅 | 81.77平米 | 南,https://ke-image.ljcdn.com/110000-inspection/eb722fb5-3714-423e-b09a-e295c0cb21ac_1000.jpg!m_fill,w_280,h_210,f_jpg?from=ke.com
20231229,昌平,回龙观,101121933180,商品房精装修近地铁格局好诚心出售,620万,67238元/平,低楼层 (共11层) 2室1厅 | 92.21平米 | 南 北,https://ke-image.ljcdn.com/110000-inspection/e22bb84a-97c9-415c-9559-3e271cec95ec_1000.jpg!m_fill,w_280,h_210,f_jpg?from=ke.com
20231229,昌平,回龙观,101121933086,正规两居 满五唯一 明厨明卫 不临街 居住安静,468万,54482元/平,顶层 (共5层) 2室1厅 | 85.9平米 | 东 西南,https://ke-image.ljcdn.com/110000-inspection/pc1_cf8Q2P51K.jpg!m_fill,w_280,h_210,f_jpg?from=ke.com
20231229,昌平,回龙观,101121932637,双卧朝南 自住装修 业主诚心出售 小区中间位置,420万,49083元/平,中楼层 (共7层) | 2000年 | 2室1厅 | 85.57平米 | 南 北,https://ke-image.ljcdn.com/110000-inspection/686dacd8-f05a-45f5-af46-851b369c78e1_1000.jpg!m_fill,w_280,h_210,f_jpg?from=ke.com
20231229,昌平,回龙观,101121930191,此房满五唯一业主自住装修户型方正通透性好,490万,60123元/平,中楼层 (共11层) 2室1厅 | 81.5平米 | 南 北,https://ke-image.ljcdn.com/110000-inspection/pc1_EpTmJXN4G_1.jpg!m_fill,w_280,h_210,f_jpg?from=ke.com
20231229,昌平,回龙观,101121927467,南北通透 中间位置三居室 业主诚心出售,460万,44600元/平,底层 (共6层) | 2000年 | 3室1厅 | 103.14平米 | 南 北,https://ke-image.ljcdn.com/110000-inspection/pc1_JVOOslLPt_1.jpg!m_fill,w_280,h_210,f_jpg?from=ke.com
20231229,昌平,回龙观,101121926142,北京人家精装修两居室南北通透诚心出售房主自荐,515万,54394元/平,中楼层 (共6层) | 2006年 | 2室2厅 | 94.68平米 | 南 北,https://ke-image.ljcdn.com/110000-inspection/pc1_6xZzxtpYq_1.jpg!m_fill,w_280,h_210,f_jpg?from=ke.com
20231229,昌平,回龙观,101121921220,回龙观龙泽苑东区》精装两居》双通透》中间层,455万,59908元/平,中楼层 (共7层) | 2005年 | 2室1厅 | 75.95平米 | 东 西,https://ke-image.ljcdn.com/110000-inspection/pc1_aqR8gK7RL.jpg!m_fill,w_280,h_210,f_jpg?from=ke.com
20231229,昌平,回龙观,101121920953,风雅园二区 两居 商品房 采光好房主自荐,439万,46917元/平,高楼层 (共6层) | 2000年 | 2室1厅 | 93.57平米 | 南,https://ke-image.ljcdn.com/110000-inspection/634ca0de-e951-4092-ab31-d6c34f579b08_1000.jpg!m_fill,w_280,h_210,f_jpg?from=ke.com
20231229,昌平,回龙观,101121919957,美唐花园 经典大三居电梯板楼40万精装热卖中,957万,74983元/平,低楼层 (共18层) | 2016年 | 3室1厅 | 127.63平米 | 南 北,https://ke-image.ljcdn.com/110000-inspection/032a002c-a6f5-4f4c-baea-127b718317e3_1000.jpg!m_fill,w_280,h_210,f_jpg?from=ke.com
20231229,昌平,回龙观,101121906797,龙锦苑二区 2室1厅 南 北,430万,38363元/平,顶层 (共6层) | 2005年 | 2室1厅 | 112.09平米 | 南 北,https://ke-image.ljcdn.com/110000-inspection/4c20f4ff-0b2c-4a99-80fd-1e76865cf59c_1000.jpg!m_fill,w_280,h_210,f_jpg?from=ke.com
20231229,昌平,回龙观,101121903919,龙华园东区不临街精装修拎包入住只有契税诚心卖,308万,52587元/平,顶层 (共6层) | 1994年 | 1室1厅 | 58.57平米 | 南 北,https://ke-image.ljcdn.com/110000-inspection/5dc6bfc2-a10a-4061-87b1-70201d8ff2fd_1000.jpg!m_fill,w_280,h_210,f_jpg?from=ke.com
20231229,昌平,回龙观,101121903791,满五唯一南北通透全新精装修首付少采光视野好房主自荐,309万,50065元/平,顶层 (共4层) 2室1厅 | 61.72平米 | 南 北,https://ke-image.ljcdn.com/110000-inspection/pc1_pyJJupZyz.jpg!m_fill,w_280,h_210,f_jpg?from=ke.com
20231229,昌平,回龙观,101121903754,融泽嘉园东一路6号院 2室1厅 南,500万,57013元/平,顶层 (共34层) | 2014年 | 2室1厅 | 87.7平米 | 南,https://ke-image.ljcdn.com/110000-inspection/87c586f4-fd1d-46e2-a459-e2c8dacd674b_1000.jpg!m_fill,w_280,h_210,f_jpg?from=ke.com
20231229,昌平,回龙观,101121898235,满五唯一南北两居近地铁中间楼层出行方便,415万,43552元/平,中楼层 (共6层) 2室1厅 | 95.29平米 | 南 北,https://ke-image.ljcdn.com/110000-inspection/pc1_DtCBw6dlh.jpg!m_fill,w_280,h_210,f_jpg?from=ke.com
20231229,昌平,回龙观,101121897854,龙腾苑六区两居室商满五唯一只契税视野采光好近地铁房主自荐,440万,41494元/平,顶层 (共6层) | 2002年 | 2室1厅 | 106.04平米 | 南 北,https://ke-image.ljcdn.com/110000-inspection/pc1_B2WnEKvD8.jpg!m_fill,w_280,h_210,f_jpg?from=ke.com
20231229,昌平,回龙观,101121892517,龙锦苑一区满五唯一！南北通透！自住精装！,530万,42242元/平,底层 (共6层) | 2005年 | 3室2厅 | 125.47平米 | 南 北,https://ke-image.ljcdn.com/110000-inspection/67f0a984-7f25-4dd5-ad16-9d68a48b4036_1000.jpg!m_fill,w_280,h_210,f_jpg?from=ke.com
20231229,昌平,回龙观,101121892379,阳光斯坦福 两居两卫 电梯9层 采光好房主自荐,546万,54194元/平,高楼层 (共11层) | 2006年 | 2室1厅 | 100.75平米 | 南 北,https://ke-image.ljcdn.com/110000-inspection/35cde541-5e36-40a6-879b-5b203563cb92_1000.jpg!m_fill,w_280,h_210,f_jpg?from=ke.com
20231229,昌平,回龙观,101121884034,全明格局电梯三居室南北通透高楼层视野开阔,485万,53943元/平,顶层 (共11层) 3室1厅 | 89.91平米 | 南 西 北,https://ke-image.ljcdn.com/110000-inspection/90f06f69-9ea1-4fcf-ba85-56e9ef13e8be_1000.jpg!m_fill,w_280,h_210,f_jpg?from=ke.com
20231229,昌平,回龙观,101121888873,商品房 家庭一套 视野开阔 采光充足中间层好户型,520万,61868元/平,中楼层 (共6层) | 2011年 | 2室1厅 | 84.05平米 | 南 北,https://ke-image.ljcdn.com/110000-inspection/pc1_6HsChfwUP.jpg!m_fill,w_280,h_210,f_jpg?from=ke.com
20231229,昌平,回龙观,101121888668,京投发展公园悦府二区商品房满两年,650万,75041元/平,低楼层 (共27层) | 2018年 | 2室1厅 | 86.62平米 | 南,https://ke-image.ljcdn.com/110000-inspection/27ee4072-6344-4732-94c0-448f6a1a5242_1000.jpg!m_fill,w_280,h_210,f_jpg?from=ke.com
20231229,昌平,回龙观,101121887143,商满二原374万只有契税 。小区中间不临街。靠谱签约,499万,46732元/平,中楼层 (共6层) | 2005年 | 2室1厅 | 106.78平米 | 南 北,https://ke-image.ljcdn.com/110000-inspection/21436f39-d3bb-411d-adb8-ccc638aa5574_1000.jpg!m_fill,w_280,h_210,f_jpg?from=ke.com
20231229,昌平,回龙观,101121885025,小区中间位置两居室无遮挡全天采光 业主诚意出售,425万,44620元/平,高楼层 (共6层) 2室1厅 | 95.25平米 | 南 北,https://ke-image.ljcdn.com/110000-inspection/0aa379b8-e6d8-45d2-9887-32b30c87ee43_1000.jpg!m_fill,w_280,h_210,f_jpg?from=ke.com
20231229,昌平,回龙观,101121883823,龙博苑二区 不临街 非一层 商五唯一 位置好 业主急售,421万,52652元/平,低楼层 (共6层) | 2004年 | 2室1厅 | 79.96平米 | 南 北,https://ke-image.ljcdn.com/110000-inspection/pc1_AIqlMZqTw.jpg!m_fill,w_280,h_210,f_jpg?from=ke.com
20231229,昌平,回龙观,101121882797,龙回苑小区低楼层商品房满五年家庭唯一住宅,497万,50658元/平,低楼层 (共7层) | 2004年 | 2室2厅 | 98.11平米 | 南 北,https://ke-image.ljcdn.com/110000-inspection/06aaf6cd-3f05-4a08-80a5-1a89ef12b521_1000.jpg!m_fill,w_280,h_210,f_jpg?from=ke.com
20231229,昌平,回龙观,101121882527,云趣园二区  一层两居室  诚意出售 商品房满五年,450万,42772元/平,底层 (共5层) 2室1厅 | 105.21平米 | 南 北,https://ke-image.ljcdn.com/110000-inspection/4073e03b-f480-4460-8c2f-af2ab57a0709_1000.jpg!m_fill,w_280,h_210,f_jpg?from=ke.com
20231229,昌平,回龙观,101121881405,龙兴园南区 2室1厅 南 北,450万,53369元/平,低楼层 (共7层) | 1999年 | 2室1厅 | 84.32平米 | 南 北,https://ke-image.ljcdn.com/110000-inspection/09b1e2a6-559c-441b-8b6a-238192fa3d8f_1000.jpg!m_fill,w_280,h_210,f_jpg?from=ke.com
20231229,昌平,回龙观,101121878692,新龙城经典三居 眼睛户型 不临街 精装修,649万,58348元/平,顶层 (共8层) | 2007年 | 3室1厅 | 111.23平米 | 南 北,https://ke-image.ljcdn.com/110000-inspection/pc1_NmGvuqgUJ.jpg!m_fill,w_280,h_210,f_jpg?from=ke.com
20231229,昌平,回龙观,101121878004,龙跃苑东四区 3室2厅 南 北,560万,45448元/平,中楼层 (共6层) | 2007年 | 3室2厅 | 123.22平米 | 南 北,https://ke-image.ljcdn.com/110000-inspection/38944eda-352a-4097-be9f-8e358b665089_1000.jpg!m_fill,w_280,h_210,f_jpg?from=ke.com
20231229,昌平,回龙观,101121869049,商品房满五年唯一 自住精装    地暖社区,439万,50252元/平,顶层 (共6层) 2室1厅 | 87.36平米 | 南 北,https://ke-image.ljcdn.com/110000-inspection/1421e7d9-b03a-419d-acf1-619108c44c33_1000.jpg!m_fill,w_280,h_210,f_jpg?from=ke.com
20231229,昌平,回龙观,101121868586,小区中间南北双通透 价格可谈随时看房,470万,45455元/平,高楼层 (共6层) | 2005年 | 2室1厅 | 103.4平米 | 南 北,https://ke-image.ljcdn.com/110000-inspection/b3d4beda-207e-4be4-9b20-82ddd7fdf2bb_1000.jpg!m_fill,w_280,h_210,f_jpg?from=ke.com
20231229,昌平,回龙观,101121868161,骊龙园大三居 中间层满五唯一 钢混结构户型好,668万,52062元/平,高楼层 (共6层) | 2005年 | 3室1厅 | 128.31平米 | 南 北,https://ke-image.ljcdn.com/110000-inspection/pc1_DwIuuksj5.jpg!m_fill,w_280,h_210,f_jpg?from=ke.com
20231229,昌平,回龙观,101121864094,小区中间位置高楼层电梯三居室采光视野很好,505万,41520元/平,高楼层 (共10层) | 2006年 | 3室1厅 | 121.63平米 | 南 北,https://ke-image.ljcdn.com/110000-inspection/pc1_BOIq9kjXm_1.jpg!m_fill,w_280,h_210,f_jpg?from=ke.com
20231229,昌平,回龙观,101121863494,流星花园三区 金地物业电梯洋房 全南 阳光充足,510万,55995元/平,中楼层 (共6层) | 2004年 | 2室1厅 | 91.08平米 | 南,https://ke-image.ljcdn.com/110000-inspection/pc1_n8u8Mgxzm.jpg!m_fill,w_280,h_210,f_jpg?from=ke.com
20231229,昌平,回龙观,101121855695,龙回苑小区 东西通透大2居 不临街 诚意出售,415万,44447元/平,低楼层 (共6层) | 2004年 | 2室1厅 | 93.37平米 | 东 西,https://ke-image.ljcdn.com/110000-inspection/36d27423-d808-4ef7-a5f0-efe5939485b4_1000.jpg!m_fill,w_280,h_210,f_jpg?from=ke.com
20231229,昌平,回龙观,101121850635,新龙城电梯三居 小区中间 中间层观景房近地铁,748万,61783元/平,中楼层 (共10层) 3室1厅 | 121.07平米 | 南 北,https://ke-image.ljcdn.com/110000-inspection/pc1_J7fmMpLRr.jpg!m_fill,w_280,h_210,f_jpg?from=ke.com
20231229,昌平,回龙观,101121850254,小区中间位置南北通透商品房满五唯一,368万,53567元/平,低楼层 (共6层) | 1996年 | 2室1厅 | 68.7平米 | 南 北,https://ke-image.ljcdn.com/110000-inspection/pc1_ITo04HSkW.jpg!m_fill,w_280,h_210,f_jpg?from=ke.com
20231229,昌平,回龙观,101121849983,小区中间位置 中高楼层满五年看房 方便  诚心出售,550万,62793元/平,高楼层 (共28层) | 2014年 | 2室1厅 | 87.59平米 | 南,https://ke-image.ljcdn.com/110000-inspection/e1d1cd40-97d9-41f4-b6ae-7852cd22a22e_1000.jpg!m_fill,w_280,h_210,f_jpg?from=ke.com
20231229,昌平,回龙观,101121844102,冠庭园 1室1厅 南,380万,64092元/平,中楼层 (共7层) | 2006年 | 1室1厅 | 59.29平米 | 南,https://ke-image.ljcdn.com/110000-inspection/pc1_03Mb90Gqf.jpg!m_fill,w_280,h_210,f_jpg?from=ke.com
20231229,昌平,回龙观,101121843507,小区中间+近地铁+商品房+格局方正+采光通风特好,392万,38481元/平,顶层 (共6层) | 2005年 | 3室1厅 | 101.87平米 | 南 北,https://ke-image.ljcdn.com/110000-inspection/5b9d6cac-e69d-441f-9e2b-68d102a42e91_1000.jpg!m_fill,w_280,h_210,f_jpg?from=ke.com
20231229,昌平,回龙观,101121839954,房子是商品房满五年唯一业主换房诚心出售,360万,55088元/平,中楼层 (共7层) | 2003年 | 1室1厅 | 65.35平米 | 南 北,https://ke-image.ljcdn.com/110000-inspection/6e1e1054-f916-4c3b-b77f-4744cd77003c_1000.jpg!m_fill,w_280,h_210,f_jpg?from=ke.com
20231229,昌平,回龙观,101121838885,满五年唯一商品房自住精装修南北通透随时可看,700万,60749元/平,高楼层 (共34层) 3室2厅 | 115.23平米 | 南 北,https://ke-image.ljcdn.com/110000-inspection/pc1_OosAEkzWl_1.jpg!m_fill,w_280,h_210,f_jpg?from=ke.com
20231229,昌平,回龙观,101121833008,融泽嘉园西二路2号院    全南,440万,66637元/平,低楼层 (共30层) 1室1厅 | 66.03平米 | 南,https://ke-image.ljcdn.com/110000-inspection/1f13fe2a-1b91-4b57-b5f3-e038c0ae2c95_1000.jpg!m_fill,w_280,h_210,f_jpg?from=ke.com
20231229,昌平,回龙观,101121830958,商品房只有契税 前无遮挡采光好  南边30㎡室外空间,380万,56180元/平,底层 (共7层) | 2003年 | 1室1厅 | 67.64平米 | 南 北,https://ke-image.ljcdn.com/110000-inspection/pc1_CsuW47g1p_1.jpg!m_fill,w_280,h_210,f_jpg?from=ke.com
20231229,昌平,回龙观,101121830505,龙跃苑四区 2室1厅 南 北房主自荐,495万,54757元/平,低楼层 (共6层) 2室1厅 | 90.4平米 | 南 北,https://ke-image.ljcdn.com/110000-inspection/0c61d6c6-8629-42f3-bde6-75ee5363cfdc_1000.jpg!m_fill,w_280,h_210,f_jpg?from=ke.com
20231229,昌平,回龙观,101121828836,流星花园三区 金地物业 楼龄新 装修好 拎包入住,310万,62945元/平,底层 (共11层) | 2008年 | 1室1厅 | 49.25平米 | 北,https://ke-image.ljcdn.com/110000-inspection/61e649ff-3d0b-40e2-87b4-f752d0e12faf_1000.jpg!m_fill,w_280,h_210,f_jpg?from=ke.com
20231229,昌平,回龙观,101121828476,金达园 3室1厅 南 北,568万,46266元/平,高楼层 (共6层) | 1998年 | 3室1厅 | 122.77平米 | 南 北,https://ke-image.ljcdn.com/110000-inspection/1eb87d68-ae96-45a5-baac-ac8549ce5142_1000.jpg!m_fill,w_280,h_210,f_jpg?from=ke.com
20231229,昌平,回龙观,101121826521,龙跃苑东二区 3室1厅 南 北,515万,41214元/平,顶层 (共6层) 3室1厅 | 124.96平米 | 南 北,https://ke-image.ljcdn.com/110000-inspection/94f181c0-9abe-47b6-8ae3-8ba5bc7c1a09_1000.jpg!m_fill,w_280,h_210,f_jpg?from=ke.com
20231229,昌平,回龙观,101121825585,龙跃苑一区   商品房满五年唯一 自住精装  全明格局房主自荐,558万,44816元/平,中楼层 (共6层) | 2003年 | 3室1厅 | 124.51平米 | 南 北,https://ke-image.ljcdn.com/110000-inspection/763b2296-1b2a-4af9-a16a-d900341bb3ae_1000.jpg!m_fill,w_280,h_210,f_jpg?from=ke.com
20231229,昌平,回龙观,101121807776,商品房满五年  南北通透 看房方便自住精装修,535万,68223元/平,顶层 (共18层) | 2013年 | 2室1厅 | 78.42平米 | 南 北,https://ke-image.ljcdn.com/110000-inspection/pc1_pyxXTvLbd.jpg!m_fill,w_280,h_210,f_jpg?from=ke.com
20231229,昌平,回龙观,101121803611,婚房精装 一梯两户 得房率80% 满五唯一 不临街安静房主自荐,607万,67693元/平,中楼层 (共11层) | 2014年 | 2室1厅 | 89.67平米 | 南 北,https://ke-image.ljcdn.com/110000-inspection/2f4dc56c-5a1e-4bc4-80ce-806d9ce064e3_1000.jpg!m_fill,w_280,h_210,f_jpg?from=ke.com
20231229,昌平,回龙观,101121796123,京投发展公园悦府一区 1室1厅 西北,357万,72444元/平,顶层 (共11层) | 2016年 | 1室1厅 | 49.28平米 | 西北,https://ke-image.ljcdn.com/110000-inspection/82d95f44-740f-4078-b22c-43542bf98b2c_1000.jpg!m_fill,w_280,h_210,f_jpg?from=ke.com
20231229,昌平,回龙观,101121792855,无停车烦恼单价4万通透两居商满五唯一,388万,40795元/平,顶层 (共6层) 2室1厅 | 95.11平米 | 南 北,https://ke-image.ljcdn.com/110000-inspection/pc1_Vakq8sJID.jpg!m_fill,w_280,h_210,f_jpg?from=ke.com
20231229,昌平,回龙观,101121780908,龙泽苑东区 2室2厅 东 西房主自荐,499万,46140元/平,底层 (共7层) 2室2厅 | 108.15平米 | 东 西,https://ke-image.ljcdn.com/110000-inspection/pc1_R2k5ij1CZ.jpg!m_fill,w_280,h_210,f_jpg?from=ke.com
20231229,昌平,回龙观,101121776362,满五年唯一 拎包入住   随时签约   万科金域华府三期,960万,81863元/平,高楼层 (共28层) 3室2厅 | 117.27平米 | 南 北,https://ke-image.ljcdn.com/110000-inspection/pc1_0exp7nFem_1.jpg!m_fill,w_280,h_210,f_jpg?from=ke.com
20231229,昌平,回龙观,101121776336,北京人家 3室1厅 南 北,600万,50732元/平,高楼层 (共6层) | 2002年 | 3室1厅 | 118.27平米 | 南 北,https://ke-image.ljcdn.com/110000-inspection/e9cc7800-0024-4b2f-9123-3edbcb4723d9_1000.jpg!m_fill,w_280,h_210,f_jpg?from=ke.com
20231229,昌平,回龙观,101121769012,金域华府三期 精装修全南两居室 满五年唯一,630万,77301元/平,中楼层 (共28层) 2室1厅 | 81.5平米 | 南,https://ke-image.ljcdn.com/110000-inspection/pc1_FJePD9D40_1.jpg!m_fill,w_280,h_210,f_jpg?from=ke.com
20231229,昌平,回龙观,101121760673,矩阵二期 满五唯一  电梯两居室  商品房,545万,60570元/平,高楼层 (共12层) | 2005年 | 2室2厅 | 89.98平米 | 南 北,https://ke-image.ljcdn.com/110000-inspection/4106e2a3-2776-4538-aea7-6face9a16699_1000.jpg!m_fill,w_280,h_210,f_jpg?from=ke.com
20231229,昌平,回龙观,101121760494,风雅园二区正规两居室采光好,399万,43602元/平,顶层 (共6层) | 2000年 | 2室1厅 | 91.51平米 | 西 北,https://ke-image.ljcdn.com/110000-inspection/pc1_mZjijeQyC_1.jpg!m_fill,w_280,h_210,f_jpg?from=ke.com
20231229,昌平,回龙观,101121759687,流星花园二区一居室装修不错,288万,60888元/平,低楼层 (共11层) | 2004年 | 1室1厅 | 47.3平米 | 北,https://ke-image.ljcdn.com/110000-inspection/700c108e-04ba-4c23-b654-d52753d08865_1000.jpg!m_fill,w_280,h_210,f_jpg?from=ke.com
20231229,昌平,回龙观,101121759642,龙华园中间楼层 满五年唯一 正规三居室,455万,48737元/平,低楼层 (共6层) | 1996年 | 3室1厅 | 93.36平米 | 南 北,https://ke-image.ljcdn.com/110000-inspection/f6bce160-9c0a-4c47-9845-a7ef714cf3ed_1000.jpg!m_fill,w_280,h_210,f_jpg?from=ke.com
20231229,昌平,回龙观,101121758306,正规一居室户型商品房采光好,355万,54382元/平,中楼层 (共7层) 1室1厅 | 65.28平米 | 南 北,https://ke-image.ljcdn.com/110000-inspection/0560a698-c5f7-441e-993f-af37bb643f03_1000.jpg!m_fill,w_280,h_210,f_jpg?from=ke.com
20231229,昌平,回龙观,101121757018,商品房社区：南北通透电梯房舒适自住、有地下室,958万,68709元/平,中楼层 (共13层) 3室2厅 | 139.43平米 | 南 北,https://ke-image.ljcdn.com/110000-inspection/pc1_NgJ7rh31t.jpg!m_fill,w_280,h_210,f_jpg?from=ke.com
20231229,昌平,回龙观,101121756995,房屋满五且唯一商品房仅契税；户型方正,450万,45788元/平,高楼层 (共6层) | 1996年 | 3室1厅 | 98.28平米 | 东 南 北,https://ke-image.ljcdn.com/110000-inspection/pc1_7Ulq5hAPT.jpg!m_fill,w_280,h_210,f_jpg?from=ke.com
20231229,昌平,回龙观,101121754491,和谐家园二区 2室1厅 南 北,495万,52885元/平,中楼层 (共6层) | 2006年 | 2室1厅 | 93.6平米 | 南 北,https://ke-image.ljcdn.com/110000-inspection/46fa0376-fab4-42bd-a948-5ed44559f619_1000.jpg!m_fill,w_280,h_210,f_jpg?from=ke.com
20231229,昌平,回龙观,101121753119,满五年唯一落地窗采光好南北通透自采暖地暖！,435万,46564元/平,顶层 (共6层) | 2006年 | 2室1厅 | 93.42平米 | 南 北,https://ke-image.ljcdn.com/110000-inspection/cbc0ad1c-ece9-4665-8322-49d4337a5152_1000.jpg!m_fill,w_280,h_210,f_jpg?from=ke.com
20231229,昌平,回龙观,101121752661,小区中间位置低楼层两居室仅契税,365万,49973元/平,低楼层 (共6层) | 1996年 | 2室1厅 | 73.04平米 | 南 北,https://ke-image.ljcdn.com/110000-inspection/pc1_TeXxaUlUm.jpg!m_fill,w_280,h_210,f_jpg?from=ke.com
20231229,昌平,回龙观,101121750645,万科三期落地窗有阳台中层看花园。,1028万,85029元/平,中楼层 (共27层) 3室1厅 | 120.9平米 | 南 北,https://ke-image.ljcdn.com/110000-inspection/200657ac-e77e-445c-8b4d-942123e282e2_1000.jpg!m_fill,w_280,h_210,f_jpg?from=ke.com
20231229,昌平,回龙观,101121750007,风雅园三区 3室1厅 南 东,510万,43527元/平,高楼层 (共6层) | 1999年 | 3室1厅 | 117.17平米 | 南 东,https://ke-image.ljcdn.com/110000-inspection/pc1_lVjiwr6vC.jpg!m_fill,w_280,h_210,f_jpg?from=ke.com
20231229,昌平,回龙观,101121747860,天露园一区 2室1厅 南 北,475万,48674元/平,高楼层 (共6层) | 2008年 | 2室1厅 | 97.59平米 | 南 北,https://ke-image.ljcdn.com/110000-inspection/pc1_ysfyJHPvl.jpg!m_fill,w_280,h_210,f_jpg?from=ke.com
20231229,昌平,回龙观,101121747022,龙华园小区中间三居室+精装修+格局合理+随时签约房主自荐,425万,44350元/平,顶层 (共6层) | 1998年 | 3室1厅 | 95.83平米 | 南 北,https://ke-image.ljcdn.com/110000-inspection/pc1_vFzyhZAWV.jpg!m_fill,w_280,h_210,f_jpg?from=ke.com
20231229,昌平,回龙观,101121744784,美唐花园 经典南北通透大两居 小区中间 电梯板楼,700万,73291元/平,低楼层 (共18层) | 2016年 | 2室1厅 | 95.51平米 | 南 北,https://ke-image.ljcdn.com/110000-inspection/2b117373-92b5-4729-a7a2-8767f6f1226d_1000.jpg!m_fill,w_280,h_210,f_jpg?from=ke.com
20231229,昌平,回龙观,101121740557,美唐花园小区 田字格经典三居 30万精装业主诚心出售,790万,81168元/平,低楼层 (共15层) 3室1厅 | 97.33平米 | 南 北,https://ke-image.ljcdn.com/110000-inspection/672e5044-ed88-40fd-b9e7-65be22c0c666_1000.jpg!m_fill,w_280,h_210,f_jpg?from=ke.com
20231229,昌平,回龙观,101121739813,畅悦居A区中间楼层主打3居户型全明格局带家具家电房主自荐,406万,38223元/平,中楼层 (共21层) 3室1厅 | 106.22平米 | 南 北,https://ke-image.ljcdn.com/110000-inspection/4c946dd4-6c8d-439d-9d38-b5c72996b2a8_1000.jpg!m_fill,w_280,h_210,f_jpg?from=ke.com
20231229,昌平,回龙观,101121738953,满五年北京家庭名下唯一住房 全明格局  有钥匙,415万,47565元/平,顶层 (共6层) | 2003年 | 2室1厅 | 87.25平米 | 南 北,https://ke-image.ljcdn.com/110000-inspection/aa8f34bd-6de3-4c7f-801a-683f4c462256_1000.jpg!m_fill,w_280,h_210,f_jpg?from=ke.com
20231229,昌平,回龙观,101121735904,龙锦苑二区 2室1厅 南 北,520万,50286元/平,中楼层 (共6层) | 2005年 | 2室1厅 | 103.41平米 | 南 北,https://ke-image.ljcdn.com/110000-inspection/8d27d602-5a50-4f27-8b46-5190081fe390_1000.jpg!m_fill,w_280,h_210,f_jpg?from=ke.com
20231229,昌平,回龙观,101121735096,万科金域华府 万科物业管理 南向方正 商品房满五唯一,585万,65864元/平,低楼层 (共28层) | 2012年 | 2室1厅 | 88.82平米 | 南,https://ke-image.ljcdn.com/110000-inspection/8263f4ce-92a5-4c64-ae9d-ba6f6c746afb_1000.jpg!m_fill,w_280,h_210,f_jpg?from=ke.com
20231229,昌平,回龙观,101121725741,龙锦苑五区 2室1厅 南 北,430万,43339元/平,顶层 (共6层) | 2005年 | 2室1厅 | 99.22平米 | 南 北,https://ke-image.ljcdn.com/110000-inspection/016aaf5b-632e-4365-9b7d-049b086ad30c_1000.jpg!m_fill,w_280,h_210,f_jpg?from=ke.com
20231229,昌平,回龙观,101121723795,商满五唯一视野开阔自住精装南北通透。,466万,49883元/平,中楼层 (共6层) | 2006年 | 2室1厅 | 93.42平米 | 南 北,https://ke-image.ljcdn.com/110000-inspection/86c96fc8-9218-428e-820f-55c94a5bd974_1000.jpg!m_fill,w_280,h_210,f_jpg?from=ke.com
20231229,昌平,回龙观,101121723526,和谐家园一区 3室1厅 南 北,568万,45837元/平,中楼层 (共6层) | 2006年 | 3室1厅 | 123.92平米 | 南 北,https://ke-image.ljcdn.com/110000-inspection/15737394-a74b-460d-93f5-6f9d52bb1b70_1000.jpg!m_fill,w_280,h_210,f_jpg?from=ke.com
20231229,昌平,回龙观,101121714596,房子是商品房采光视野没问题西南朝向。,535万,59650元/平,低楼层 (共21层) | 2011年 | 2室1厅 | 89.69平米 | 南 西,https://ke-image.ljcdn.com/110000-inspection/ab4c5b4f-05b2-492b-b945-4de3fb0623ec_1000.jpg!m_fill,w_280,h_210,f_jpg?from=ke.com
20231229,昌平,回龙观,101121709823,融泽嘉园中路1号院 3室1厅 南 北,670万,59282元/平,中楼层 (共33层) 3室1厅 | 113.02平米 | 南 北,https://ke-image.ljcdn.com/110000-inspection/pc1_S4nOCll6v.jpg!m_fill,w_280,h_210,f_jpg?from=ke.com
20231229,昌平,回龙观,101121707828,龙跃苑三区 不临街大两居诚意售房,410万,40825元/平,顶层 (共6层) 2室1厅 | 100.43平米 | 南,https://ke-image.ljcdn.com/110000-inspection/37be9fff-75b3-4017-b50d-69c694b966c9_1000.jpg!m_fill,w_280,h_210,f_jpg?from=ke.com
20231229,昌平,回龙观,101121707729,佰嘉城南北通透高层精装修三居室房主自荐,518万,42536元/平,中楼层 (共10层) | 2006年 | 3室1厅 | 121.78平米 | 南 北,https://ke-image.ljcdn.com/110000-inspection/pc1_duFpjcgHu.jpg!m_fill,w_280,h_210,f_jpg?from=ke.com
20231229,昌平,回龙观,101121707468,龙跃苑东五区近地铁南北通透,470万,38144元/平,顶层 (共6层) | 2007年 | 3室2厅 | 123.22平米 | 南 北,https://ke-image.ljcdn.com/110000-inspection/28ca03e4-f305-4bf5-ae26-a1b46170aac2_1000.jpg!m_fill,w_280,h_210,f_jpg?from=ke.com
20231229,昌平,回龙观,101121706445,房子满五唯一南北通透270度采光明厨明卫,530万,50133元/平,中楼层 (共7层) | 2000年 | 3室1厅 | 105.72平米 | 南 北,https://ke-image.ljcdn.com/110000-inspection/pc1_ZespZIz0V.jpg!m_fill,w_280,h_210,f_jpg?from=ke.com
20231229,昌平,回龙观,101121705185,满五唯一商品房中高楼层户型方正,540万,56533元/平,中楼层 (共20层) 2室1厅 | 95.52平米 | 南 北,https://ke-image.ljcdn.com/110000-inspection/pc1_MQ30SlOyP.jpg!m_fill,w_280,h_210,f_jpg?from=ke.com
20231229,昌平,回龙观,101121704392,龙锦苑二区 3室1厅 南 北,568万,39846元/平,高楼层 (共6层) | 2005年 | 3室1厅 | 142.55平米 | 南 北,https://ke-image.ljcdn.com/110000-inspection/d2eab8e5-10ff-41b1-bc1d-faeed61cf892_1000.jpg!m_fill,w_280,h_210,f_jpg?from=ke.com
20231229,昌平,回龙观,101121704048,和谐家园二区南北通透两居室楼层好,503万,54087元/平,低楼层 (共6层) | 2006年 | 2室1厅 | 93平米 | 南 北,https://ke-image.ljcdn.com/110000-inspection/d3089bc6-caff-49d4-94ad-e8b1e9a52212_1000.jpg!m_fill,w_280,h_210,f_jpg?from=ke.com
20231229,昌平,回龙观,101121698879,融泽嘉园东一路6号院 总高18层 满五唯一 南向方正,560万,62901元/平,中楼层 (共18层) | 2014年 | 2室1厅 | 89.03平米 | 南,https://ke-image.ljcdn.com/110000-inspection/0580a5ce-d05a-42d1-90e7-22b342b3ba0b_1000.jpg!m_fill,w_280,h_210,f_jpg?from=ke.com
20231229,昌平,回龙观,101121695810,精装修户型双通透小区主力小三居户型房主自荐,530万,53401元/平,高楼层 (共6层) | 2004年 | 3室2厅 | 99.25平米 | 南 北,https://ke-image.ljcdn.com/110000-inspection/dde8fa0d-76aa-4a6f-82b6-37e7af732140_1000.jpg!m_fill,w_280,h_210,f_jpg?from=ke.com
20231229,昌平,回龙观,101121695471,万润家园 2室1厅 北,369万,54879元/平,底层 (共12层) | 2003年 | 2室1厅 | 67.24平米 | 北,https://ke-image.ljcdn.com/110000-inspection/pc1_8fk2ka4qZ.jpg!m_fill,w_280,h_210,f_jpg?from=ke.com
20231229,昌平,回龙观,101121694582,龙回苑 2室1厅 南 北,498万,50926元/平,中楼层 (共7层) | 2004年 | 2室1厅 | 97.79平米 | 南 北,https://ke-image.ljcdn.com/110000-inspection/a4cca365-0430-43b6-8610-8d06d42736c5_1000.jpg!m_fill,w_280,h_210,f_jpg?from=ke.com
20231229,昌平,回龙观,101121691740,北京城建畅悦居A区带电梯次新房一居室,350万,49646元/平,低楼层 (共21层) 1室1厅 | 70.5平米 | 东,https://ke-image.ljcdn.com/110000-inspection/24a1bbec-6f95-412b-aa62-21ee8762e666_1000.jpg!m_fill,w_280,h_210,f_jpg?from=ke.com
20231229,昌平,回龙观,101121687860,融泽三期 满五唯一 楼层好 采光视野无遮挡 靠谱签约,535万,60928元/平,中楼层 (共34层) | 2016年 | 2室1厅 | 87.81平米 | 南 北,https://ke-image.ljcdn.com/110000-inspection/7cee4b47-4e4a-47c9-b1d2-ee4d637305e3_1000.jpg!m_fill,w_280,h_210,f_jpg?from=ke.com
20231229,昌平,回龙观,101121685149,龙跃苑二区  小区中间位置 满五年唯一  少有纯毛坯,540万,39712元/平,高楼层 (共6层) | 2003年 | 3室1厅 | 135.98平米 | 南 北,https://ke-image.ljcdn.com/110000-inspection/15a69c42-0df1-4944-9a13-b6e6103cdc45_1000.jpg!m_fill,w_280,h_210,f_jpg?from=ke.com
20231229,昌平,回龙观,101121683608,精装修三居室+中间楼层+契税票满五年+价格可谈,432万,44996元/平,高楼层 (共6层) | 1998年 | 3室1厅 | 96.01平米 | 北 东 西,https://ke-image.ljcdn.com/110000-inspection/pc1_MVzcvv5I4.jpg!m_fill,w_280,h_210,f_jpg?from=ke.com
20231229,昌平,回龙观,101121669693,公园悦府一区 南向大一居采光好 小区中间位置不临街,445万,64512元/平,底层 (共11层) | 2014年 | 1室1厅 | 68.98平米 | 南,https://ke-image.ljcdn.com/110000-inspection/0447d9ca-2e63-4023-af73-c36884a5ae45_1000.jpg!m_fill,w_280,h_210,f_jpg?from=ke.com
20231229,昌平,回龙观,101121667450,矩阵二期 1室1厅 东南 西北,415万,62229元/平,高楼层 (共11层) | 2004年 | 1室1厅 | 66.69平米 | 东南 西北,https://ke-image.ljcdn.com/110000-inspection/a3d81949-dc21-4fd9-a775-660b438771f7_1000.jpg!m_fill,w_280,h_210,f_jpg?from=ke.com
20231229,昌平,回龙观,101121666258,新龙泽站正北北京人家三期商品房社区满五年唯一,505万,53338元/平,低楼层 (共6层) | 2006年 | 2室2厅 | 94.68平米 | 南 北,https://ke-image.ljcdn.com/110000-inspection/9ac2c166-8984-4a07-a68d-96eba5ac19a8_1000.jpg!m_fill,w_280,h_210,f_jpg?from=ke.com
20231229,昌平,回龙观,101121666096,风雅园一区大两居两厅户型装修保持好,445万,46700元/平,中楼层 (共6层) 2室2厅 | 95.29平米 | 南 北,https://ke-image.ljcdn.com/110000-inspection/pc1_hnnKphJJj_1.jpg!m_fill,w_280,h_210,f_jpg?from=ke.com
20231229,昌平,回龙观,101121665280,此房满五年唯一户型双通透小区主力经典两居室户型,495万,52282元/平,低楼层 (共6层) | 2006年 | 2室1厅 | 94.68平米 | 南 北,https://ke-image.ljcdn.com/110000-inspection/42ec0d9b-7976-4009-8c4f-966b07809e8f_1000.jpg!m_fill,w_280,h_210,f_jpg?from=ke.com
20231229,昌平,回龙观,101121665022,龙跃苑三区 不临街大两居 视野采光好,395万,38772元/平,顶层 (共6层) 2室2厅 | 101.88平米 | 南 北,https://ke-image.ljcdn.com/110000-inspection/556158c9-d02f-47a2-831d-142921cc95ab_1000.jpg!m_fill,w_280,h_210,f_jpg?from=ke.com
20231229,昌平,回龙观,101121664887,流星花园三区 双卧室朝南 08年楼龄,750万,57353元/平,中楼层 (共11层) 3室2厅 | 130.77平米 | 西南 北,https://ke-image.ljcdn.com/110000-inspection/pc1_SMkCu8bSA.jpg!m_fill,w_280,h_210,f_jpg?from=ke.com
20231229,昌平,回龙观,101121658019,融泽嘉园中路12号院 南北通透,660万,63985元/平,中楼层 (共31层) 3室1厅 | 103.15平米 | 南 北,https://ke-image.ljcdn.com/110000-inspection/6e04665e-7599-46fb-8d0f-088b902c3606_1000.jpg!m_fill,w_280,h_210,f_jpg?from=ke.com
20231229,昌平,回龙观,101121651885,楼层好 视野好满五年购房成本低,285万,61107元/平,低楼层 (共20层) 1室1厅 | 46.64平米 | 北,https://ke-image.ljcdn.com/110000-inspection/pc1_GmZIKOFvj.jpg!m_fill,w_280,h_210,f_jpg?from=ke.com
20231229,昌平,回龙观,101121642473,电梯小户型  高楼层 视野开阔 格局方正,275万,58140元/平,中楼层 (共11层) 1室0厅 | 47.3平米 | 北,https://ke-image.ljcdn.com/110000-inspection/02884562-1ef9-420a-b1c5-d8a4a52c48af_1000.jpg!m_fill,w_280,h_210,f_jpg?from=ke.com
20231229,昌平,回龙观,101121641965,万科金域华府一期         全南,595万,69299元/平,顶层 (共23层) | 2012年 | 2室1厅 | 85.86平米 | 南,https://ke-image.ljcdn.com/110000-inspection/pc1_tzDLL541v.jpg!m_fill,w_280,h_210,f_jpg?from=ke.com
20231229,昌平,回龙观,101121641913,流星花园三区 3室1厅 南 北,685万,56305元/平,中楼层 (共11层) | 2006年 | 3室1厅 | 121.66平米 | 南 北,https://ke-image.ljcdn.com/110000-inspection/pc1_Kh4CMtTdM.jpg!m_fill,w_280,h_210,f_jpg?from=ke.com
20231229,昌平,回龙观,101121635494,矩阵一期三居室南北通透商满五唯一,458万,53530元/平,高楼层 (共6层) 3室1厅 | 85.56平米 | 南 北,https://ke-image.ljcdn.com/110000-inspection/86e0b970-06cc-4374-b2d1-85bde5702086_1000.jpg!m_fill,w_280,h_210,f_jpg?from=ke.com
20231229,昌平,回龙观,101121633407,业主跟我卖房点击咨询 2016年电梯房 全南向两居室,375万,46075元/平,低楼层 (共21层) | 2016年 | 2室1厅 | 81.39平米 | 南 西,https://ke-image.ljcdn.com/110000-inspection/pc1_4QilRDUAX.jpg!m_fill,w_280,h_210,f_jpg?from=ke.com
20231229,昌平,回龙观,101121632213,龙腾苑二区只有契税精装修不临街南北通透房主自荐,490万,41477元/平,顶层 (共6层) | 2003年 | 3室1厅 | 118.14平米 | 南 北,https://ke-image.ljcdn.com/110000-inspection/pc1_tmkqR8a4q.jpg!m_fill,w_280,h_210,f_jpg?from=ke.com
20231229,昌平,回龙观,101121630361,京投发展公园悦府一区 高楼层 南北通透 商五唯一 双卫房主自荐,588万,63131元/平,高楼层 (共22层) 2室2厅 | 93.14平米 | 南 北,https://ke-image.ljcdn.com/110000-inspection/a3778cb6-3009-475a-8437-d4b5b937487d_1000.jpg!m_fill,w_280,h_210,f_jpg?from=ke.com
20231229,昌平,回龙观,101121626809,商五一中间层不临街精装修,569万,45174元/平,中楼层 (共6层) | 2005年 | 3室1厅 | 125.96平米 | 南 北,https://ke-image.ljcdn.com/110000-inspection/0cf09fc9-022b-4796-8790-c9babf097ddd_1000.jpg!m_fill,w_280,h_210,f_jpg?from=ke.com
20231229,昌平,回龙观,101121624230,龙锦苑六区南北通透两居边户客厅宽采光好公园早市齐,495万,51472元/平,中楼层 (共6层) | 2003年 | 2室1厅 | 96.17平米 | 东 南 北,https://ke-image.ljcdn.com/110000-inspection/046ba9b3-2aa9-4460-ad90-091f1b2b0a80_1000.jpg!m_fill,w_280,h_210,f_jpg?from=ke.com
20231229,昌平,回龙观,101121619784,体育公园旁龙腾二精装三居两卫不临街诚意出售,580万,43893元/平,高楼层 (共6层) | 2003年 | 3室1厅 | 132.14平米 | 南 北,https://ke-image.ljcdn.com/110000-inspection/pc1_wBonbdpnN.jpg!m_fill,w_280,h_210,f_jpg?from=ke.com
20231229,昌平,回龙观,101121615816,龙华园边户南北三居室 全名格局 不临街 满五年唯一,448万,41390元/平,高楼层 (共6层) | 1995年 | 3室1厅 | 108.24平米 | 南 北 西,https://ke-image.ljcdn.com/110000-inspection/pc1_b9I6ry8os.jpg!m_fill,w_280,h_210,f_jpg?from=ke.com
20231229,昌平,回龙观,101121611192,房子不临街居住安静 商品房小区环境好 有地铁和商场房主自荐,560万,62438元/平,高楼层 (共21层) | 2011年 | 2室1厅 | 89.69平米 | 西南,https://ke-image.ljcdn.com/110000-inspection/c53fe913-6ded-4700-9bed-05bb28f4305d_1000.jpg!m_fill,w_280,h_210,f_jpg?from=ke.com
20231229,昌平,回龙观,101121608570,慧华苑 2室1厅 南 北,368万,48409元/平,高楼层 (共6层) | 1995年 | 2室1厅 | 76.02平米 | 南 北,https://ke-image.ljcdn.com/110000-inspection/pc1_r6V3g0yyg_1.jpg!m_fill,w_280,h_210,f_jpg?from=ke.com
20231229,昌平,回龙观,101121608343,新龙城 商品房满五唯一 双卧朝南明厨明卫 层高3.1米,740万,66428元/平,低楼层 (共8层) 3室1厅 | 111.4平米 | 南 北,https://ke-image.ljcdn.com/110000-inspection/pc1_Lnv2XS6G5.jpg!m_fill,w_280,h_210,f_jpg?from=ke.com
20231229,昌平,回龙观,101121602708,流星花园三区 北向开间 位置好 楼层好 价格可谈,306万,63910元/平,中楼层 (共11层) 1室0厅 | 47.88平米 | 北,https://ke-image.ljcdn.com/110000-inspection/pc1_WOmox5NM8_1.jpg!m_fill,w_280,h_210,f_jpg?from=ke.com
20231229,昌平,回龙观,101121602509,万润家园 2室1厅 北,405万,59159元/平,高楼层 (共12层) | 2003年 | 2室1厅 | 68.46平米 | 北,https://ke-image.ljcdn.com/110000-inspection/pc1_SiEt8fSlv.jpg!m_fill,w_280,h_210,f_jpg?from=ke.com
20231229,昌平,回龙观,101121599060,金域华府 精装修三居 楼栋位置好楼层好采光好房主自荐,925万,79196元/平,中楼层 (共28层) | 2014年 | 3室2厅 | 116.8平米 | 南 北,https://ke-image.ljcdn.com/110000-inspection/d7430f5f-17bf-481b-a561-e258f97384cb_1000.jpg!m_fill,w_280,h_210,f_jpg?from=ke.com
20231229,昌平,回龙观,101121598951,只有契税精装修不临街南北通透,510万,50015元/平,高楼层 (共6层) | 2003年 | 2室1厅 | 101.97平米 | 南 北,https://ke-image.ljcdn.com/110000-inspection/pc1_N5WN8RT7r.jpg!m_fill,w_280,h_210,f_jpg?from=ke.com
20231229,昌平,回龙观,101121596509,近地铁采光好好位置中间楼层,560万,44991元/平,中楼层 (共6层) | 2006年 | 3室1厅 | 124.47平米 | 南 北,https://ke-image.ljcdn.com/110000-inspection/d230b24d-661d-47d6-ba29-bfd05b4a6878_1000.jpg!m_fill,w_280,h_210,f_jpg?from=ke.com
20231229,昌平,回龙观,101121594109,龙兴园北区经典南北通透三居位置佳采光好房主自荐,478万,48152元/平,高楼层 (共6层) | 2000年 | 3室1厅 | 99.27平米 | 南 北,https://ke-image.ljcdn.com/110000-inspection/7bcdd38a-9501-4e6c-9911-ad9d9107b110_1000.jpg!m_fill,w_280,h_210,f_jpg?from=ke.com
20231229,昌平,回龙观,101121593478,自住精装三居两卫落地窗视野好商品房,459万,36557元/平,顶层 (共6层) | 2005年 | 3室1厅 | 125.56平米 | 南 北,https://ke-image.ljcdn.com/110000-inspection/f463d507-d956-411a-a650-c1f8ef66029d_1000.jpg!m_fill,w_280,h_210,f_jpg?from=ke.com
20231229,昌平,回龙观,101121593191,北郊农场宿舍商品房3层2居配套齐全,329万,55877元/平,中楼层 (共4层) | 1987年 | 2室1厅 | 58.88平米 | 南,https://ke-image.ljcdn.com/110000-inspection/pc1_1lw3wM3XU.jpg!m_fill,w_280,h_210,f_jpg?from=ke.com
20231229,昌平,回龙观,101121591928,满五年  南北通透  不临街 业主诚心出售,390万,51786元/平,顶层 (共6层) | 2005年 | 1室1厅 | 75.31平米 | 南 北,https://ke-image.ljcdn.com/110000-inspection/80dec07f-b089-4cd0-9cad-9d935ab7e6e2_1000.jpg!m_fill,w_280,h_210,f_jpg?from=ke.com
20231229,昌平,回龙观,101121589686,矩阵二期 南向 精装 电梯 一居室,420万,60729元/平,低楼层 (共11层) | 2005年 | 1室1厅 | 69.16平米 | 南,https://ke-image.ljcdn.com/110000-inspection/78374486-14d3-457b-b511-c01d1961579f_1000.jpg!m_fill,w_280,h_210,f_jpg?from=ke.com
20231229,昌平,回龙观,101121588592,田园风光雅苑落地窗商品房满五年唯一南北通透,610万,48847元/平,高楼层 (共6层) | 2006年 | 3室1厅 | 124.88平米 | 南 北,https://ke-image.ljcdn.com/110000-inspection/0503df5e-9e7e-4ef2-9dc2-d59f19ffb538_1000.jpg!m_fill,w_280,h_210,f_jpg?from=ke.com
20231229,昌平,回龙观,101121581976,融泽嘉园西二路2号院 2室1厅 南 北,480万,54971元/平,底层 (共34层) | 2016年 | 2室1厅 | 87.32平米 | 南 北,https://ke-image.ljcdn.com/110000-inspection/pc1_TW4O0aIuH.jpg!m_fill,w_280,h_210,f_jpg?from=ke.com
20231229,昌平,回龙观,101121579663,龙锦苑二区精装一天没住中间层大三居看房有钥匙,520万,41521元/平,中楼层 (共6层) | 2005年 | 3室1厅 | 125.24平米 | 南 北,https://ke-image.ljcdn.com/110000-inspection/ffd70d50-880d-4163-bd09-0d80d991e74d_1000.jpg!m_fill,w_280,h_210,f_jpg?from=ke.com
20231229,昌平,回龙观,101121577633,2019年电梯三居室高楼层采光视野好诚售,650万,69825元/平,低楼层 (共13层) 3室1厅 | 93.09平米 | 南 北,https://ke-image.ljcdn.com/110000-inspection/pc1_atcXSmXvj_1.jpg!m_fill,w_280,h_210,f_jpg?from=ke.com
20231229,昌平,回龙观,101121563587,满五年唯一的商品房装修保持不错,380万,62306元/平,高楼层 (共28层) | 2010年 | 1室1厅 | 60.99平米 | 南,https://ke-image.ljcdn.com/110000-inspection/pc1_J1K4EtrQg.jpg!m_fill,w_280,h_210,f_jpg?from=ke.com
20231229,昌平,回龙观,101121561534,融泽嘉园南北通透三居两卫  三面朝南精装修 拎包入住,610万,53187元/平,底层 (共33层) 3室1厅 | 114.69平米 | 南 北,https://ke-image.ljcdn.com/110000-inspection/pc1_Ua9BXXdaj.jpg!m_fill,w_280,h_210,f_jpg?from=ke.com
20231229,昌平,回龙观,101121559599,商品房中间楼层三居两卫户型房子不临街把东边,549万,43424元/平,低楼层 (共7层) | 2004年 | 3室2厅 | 126.43平米 | 南 北,https://ke-image.ljcdn.com/110000-inspection/7b606bfc-8b5b-4ced-8fa0-5dd95417282a_1000.jpg!m_fill,w_280,h_210,f_jpg?from=ke.com
20231229,昌平,回龙观,101121558275,融泽嘉园东一路6号院 满五年唯一 精装修 位置好,578万,65105元/平,低楼层 (共24层) 2室1厅 | 88.78平米 | 南,https://ke-image.ljcdn.com/110000-inspection/1393efd4-2bd2-4aa2-b1a2-9e953473eced_1000.jpg!m_fill,w_280,h_210,f_jpg?from=ke.com
20231229,昌平,回龙观,101121555466,融泽嘉园西二路6号院 高楼层 南向 满五唯一,520万,63594元/平,高楼层 (共31层) | 2016年 | 2室1厅 | 81.77平米 | 南,https://ke-image.ljcdn.com/110000-inspection/pc1_yHUJm0q0S_1.jpg!m_fill,w_280,h_210,f_jpg?from=ke.com
20231229,昌平,回龙观,101121547940,龙兴园中区   资源局院   环境好 满五唯一,530万,49381元/平,高楼层 (共6层) | 2002年 | 3室1厅 | 107.33平米 | 南 北,https://ke-image.ljcdn.com/110000-inspection/pc1_RyhqxeQ3r_1.jpg!m_fill,w_280,h_210,f_jpg?from=ke.com
20231229,昌平,回龙观,101121547561,小区中间位置距离南门近不临街户型方正视野好,968万,55154元/平,中楼层 (共5层) 4室2厅 | 175.51平米 | 南 西 北,https://ke-image.ljcdn.com/110000-inspection/pc1_UiA0Ho3SK_1.jpg!m_fill,w_280,h_210,f_jpg?from=ke.com
20231229,昌平,回龙观,101121546956,金域华府三期 2室1厅 南,630万,78164元/平,高楼层 (共26层) 2室1厅 | 80.6平米 | 南,https://ke-image.ljcdn.com/110000-inspection/pc1_Hc8EoZCiv.jpg!m_fill,w_280,h_210,f_jpg?from=ke.com
20231229,昌平,回龙观,101121546131,房子满五唯一采光好视野好小区人车分流,399万,60565元/平,顶层 (共31层) | 2015年 | 1室1厅 | 65.88平米 | 南,https://ke-image.ljcdn.com/110000-inspection/pc1_Il3bjv0mZ.jpg!m_fill,w_280,h_210,f_jpg?from=ke.com
20231229,昌平,回龙观,101121544060,龙跃苑东二区中间楼层三居两卫满两年,560万,44980元/平,中楼层 (共6层) | 2007年 | 3室1厅 | 124.5平米 | 南 北,https://ke-image.ljcdn.com/110000-inspection/7b9c39ad-cb56-45ec-963b-4cc033975bbf_1000.jpg!m_fill,w_280,h_210,f_jpg?from=ke.com
20231229,昌平,回龙观,101121540811,矩阵电梯房业主自住双卧室朝南看房方便,585万,46151元/平,中楼层 (共6层) 2室2厅 | 126.76平米 | 南 北,https://ke-image.ljcdn.com/110000-inspection/047fd523-d76a-403c-8b14-ba1672d02d07_1000.jpg!m_fill,w_280,h_210,f_jpg?from=ke.com
20231229,昌平,回龙观,101121539778,慧华苑小区诚意出售优质房源中间楼层看房方便,379万,52183元/平,中楼层 (共6层) | 1996年 | 2室1厅 | 72.63平米 | 南 北,https://ke-image.ljcdn.com/110000-inspection/pc1_dSGhFNcAb_1.jpg!m_fill,w_280,h_210,f_jpg?from=ke.com
20231229,昌平,回龙观,101121537976,龙腾苑六区好房三居室看房方便.,650万,40117元/平,高楼层 (共6层) | 2002年 | 4室1厅 | 162.03平米 | 南 北,https://ke-image.ljcdn.com/110000-inspection/pc1_ZBt0jnYPI.jpg!m_fill,w_280,h_210,f_jpg?from=ke.com
20231229,昌平,回龙观,101121537608,新龙城精装3居满五唯一南北通透不临街楼层好,739万,68604元/平,高楼层 (共9层) 3室1厅 | 107.72平米 | 南 北,https://ke-image.ljcdn.com/110000-inspection/pc1_EPGWc6vFd.jpg!m_fill,w_280,h_210,f_jpg?from=ke.com
20231229,昌平,回龙观,101121536572,房子满五年唯一楼层好视野开阔无遮挡,399万,64752元/平,低楼层 (共18层) | 2015年 | 1室0厅 | 61.62平米 | 东 西,https://ke-image.ljcdn.com/110000-inspection/31c1fb75-69eb-4787-b740-a349fb56e84b_1000.jpg!m_fill,w_280,h_210,f_jpg?from=ke.com
20231229,昌平,回龙观,101121532141,融泽嘉园-商品房-满五年唯一-全明格局房主自荐,539万,63130元/平,高楼层 (共34层) | 2016年 | 2室2厅 | 85.38平米 | 南 北,https://ke-image.ljcdn.com/110000-inspection/pc1_O5r6NquGl.jpg!m_fill,w_280,h_210,f_jpg?from=ke.com
20231229,昌平,回龙观,101121532054,双阳台落地窗 仅契税 精装修 户型好次新房婚房,539万,66266元/平,中楼层 (共22层) | 2015年 | 2室1厅 | 81.34平米 | 南,https://ke-image.ljcdn.com/110000-inspection/105a7ac8-fa64-47e3-a37d-4fe85c8118e8_1000.jpg!m_fill,w_280,h_210,f_jpg?from=ke.com
20231229,昌平,回龙观,101121528671,金达园 中间楼层 中间位置 满五唯一商品房 采光好,455万,45628元/平,中楼层 (共6层) | 1998年 | 2室2厅 | 99.72平米 | 南 北,https://ke-image.ljcdn.com/110000-inspection/pc1_PxnXQZsGi_1.jpg!m_fill,w_280,h_210,f_jpg?from=ke.com
20231229,昌平,回龙观,101121526567,流星花园二区+商满五唯一+两居两卫户型,520万,50802元/平,顶层 (共11层) | 2004年 | 2室1厅 | 102.36平米 | 南 北,https://ke-image.ljcdn.com/110000-inspection/8bfe0cd8-20e3-47ed-ae85-535a176cf51e_1000.jpg!m_fill,w_280,h_210,f_jpg?from=ke.com
20231229,昌平,回龙观,101121524988,流星花园二区 2室1厅 南 北,460万,54736元/平,中楼层 (共6层) | 2003年 | 2室1厅 | 84.04平米 | 南 北,https://ke-image.ljcdn.com/110000-inspection/8c16d846-6d8c-42a1-8526-054e07b3437c_1000.jpg!m_fill,w_280,h_210,f_jpg?from=ke.com
20231229,昌平,回龙观,101121524912,龙华园小区中间位置商品房满五年唯一房主自荐,398万,55347元/平,中楼层 (共6层) | 1994年 | 2室1厅 | 71.91平米 | 东 西,https://ke-image.ljcdn.com/110000-inspection/pc1_PLAuKtPKT.jpg!m_fill,w_280,h_210,f_jpg?from=ke.com
20231229,昌平,回龙观,101121524755,婚房精装修布局合理中间位置安静,639万,74467元/平,中楼层 (共26层) | 2012年 | 2室1厅 | 85.81平米 | 南,https://ke-image.ljcdn.com/110000-inspection/cd84628b-073c-44b7-a237-d78e38c101c5_1000.jpg!m_fill,w_280,h_210,f_jpg?from=ke.com
20231229,昌平,回龙观,101121524644,商品房满五唯一明厨明卫南北通透中高层采光好,690万,66507元/平,中楼层 (共28层) | 2014年 | 3室1厅 | 103.75平米 | 南 北,https://ke-image.ljcdn.com/110000-inspection/ecbd41a6-42ba-4177-9fc5-803e3b83174b_1000.jpg!m_fill,w_280,h_210,f_jpg?from=ke.com
20231229,昌平,回龙观,101121523407,满五唯一 中间楼层 采光视野无遮挡  诚心出售,555万,63502元/平,中楼层 (共34层) 2室1厅 | 87.4平米 | 南 北,https://ke-image.ljcdn.com/110000-inspection/pc1_A7twA95Y8_1.jpg!m_fill,w_280,h_210,f_jpg?from=ke.com
20231229,昌平,回龙观,101121523292,北京城建畅悦居A区楼层好满五唯一,365万,50780元/平,高楼层 (共21层) | 2016年 | 1室1厅 | 71.88平米 | 东北,https://ke-image.ljcdn.com/110000-inspection/pc1_BYSbN5JFr_1.jpg!m_fill,w_280,h_210,f_jpg?from=ke.com
20231229,昌平,回龙观,101121522841,商品房满五年唯一采光好无遮挡南北通透落地窗阳台,465万,47123元/平,顶层 (共6层) 2室1厅 | 98.68平米 | 南 北,https://ke-image.ljcdn.com/110000-inspection/37393eec-1b5d-4eab-9bba-0a0ff22065ed_1000.jpg!m_fill,w_280,h_210,f_jpg?from=ke.com
20231229,昌平,回龙观,101121521766,龙兴园中区 南北通透 中间楼层 满五年唯一 采光好,498万,49766元/平,中楼层 (共6层) | 1997年 | 3室2厅 | 100.07平米 | 南 北,https://ke-image.ljcdn.com/110000-inspection/pc1_I78Dr4Fqv.jpg!m_fill,w_280,h_210,f_jpg?from=ke.com
20231229,昌平,回龙观,101121521711,满五唯一商品房精装修中间楼层诚意出售房主自荐,699万,61624元/平,中楼层 (共34层) | 2013年 | 3室1厅 | 113.43平米 | 南 北,https://ke-image.ljcdn.com/110000-inspection/bdce75fc-2615-4b2f-ac6d-9e3d35024bfa_1000.jpg!m_fill,w_280,h_210,f_jpg?from=ke.com
20231229,昌平,回龙观,101121521570,龙回苑 2室1厅 南 北,450万,41044元/平,顶层 (共6层) | 2004年 | 2室1厅 | 109.64平米 | 南 北,https://ke-image.ljcdn.com/110000-inspection/1bee5c62-aab3-4eb4-9b55-9106be054a93_1000.jpg!m_fill,w_280,h_210,f_jpg?from=ke.com
20231229,昌平,回龙观,101121521146,和谐家园  无浪费 三居二卫 商品房 落地窗,588万,46905元/平,顶层 (共6层) 3室1厅 | 125.36平米 | 南 北,https://ke-image.ljcdn.com/110000-inspection/69a9a3f6-f675-4e05-a945-bc5b77a78a79_1000.jpg!m_fill,w_280,h_210,f_jpg?from=ke.com
20231229,昌平,回龙观,101121517590,2016年商品房小区观景房不临街带地下储物间,630万,70242元/平,中楼层 (共9层) 2室1厅 | 89.69平米 | 南 北,https://ke-image.ljcdn.com/110000-inspection/pc1_Bp3BYSfZi_1.jpg!m_fill,w_280,h_210,f_jpg?from=ke.com
20231229,昌平,回龙观,101121514371,龙腾苑三区 主力三居 商品房 满五年唯一 看房有钥匙,523万,44300元/平,高楼层 (共6层) | 2002年 | 3室1厅 | 118.06平米 | 南 北,https://ke-image.ljcdn.com/110000-inspection/d7adb7bc-6d04-4515-82de-339f75ba4ab7_1000.jpg!m_fill,w_280,h_210,f_jpg?from=ke.com
20231229,昌平,回龙观,101121507780,层高3.1米 商五一精装修两居室房主自荐,399万,40886元/平,顶层 (共6层) 2室1厅 | 97.59平米 | 南 北,https://ke-image.ljcdn.com/110000-inspection/pc1_z0KFyK34t.jpg!m_fill,w_280,h_210,f_jpg?from=ke.com
20231229,昌平,回龙观,101121505684,中间位置低楼层三居室商满五唯一,528万,45878元/平,低楼层 (共6层) | 2000年 | 3室1厅 | 115.09平米 | 南 北,https://ke-image.ljcdn.com/110000-inspection/1abe4ac3-07b6-4a59-b135-3f4e598795d1_1000.jpg!m_fill,w_280,h_210,f_jpg?from=ke.com
20231229,昌平,回龙观,101121504174,北郊农场宿舍 中间楼层 全明格局 客厅有窗户,390万,49299元/平,中楼层 (共6层) | 1995年 | 2室1厅 | 79.11平米 | 南 北,https://ke-image.ljcdn.com/110000-inspection/pc1_02vc4ht9A_1.jpg!m_fill,w_280,h_210,f_jpg?from=ke.com
20231229,昌平,回龙观,101121501655,北郊农场家属院  明厨明卫两居室,350万,53493元/平,顶层 (共4层) | 1991年 | 2室1厅 | 65.43平米 | 南 北,https://ke-image.ljcdn.com/110000-inspection/pc1_VgiawtyGn_1.jpg!m_fill,w_280,h_210,f_jpg?from=ke.com
20231229,昌平,回龙观,101121495423,龙回苑小区不临街不把边 商品房满五年家庭唯一住宅,400万,45772元/平,顶层 (共6层) | 2004年 | 2室1厅 | 87.39平米 | 东 西,https://ke-image.ljcdn.com/110000-inspection/23e946ad-ca6c-40ac-a2bb-17bc4d6dac12_1000.jpg!m_fill,w_280,h_210,f_jpg?from=ke.com
20231229,昌平,回龙观,101121492695,小区中间按照满五唯一出售纯商品房社区,365万,70819元/平,高楼层 (共20层) | 2005年 | 1室0厅 | 51.54平米 | 北,https://ke-image.ljcdn.com/110000-inspection/pc1_yIP5QzERh.jpg!m_fill,w_280,h_210,f_jpg?from=ke.com
20231229,昌平,回龙观,101121491497,龙腾苑二区 3室1厅 南 北,570万,48437元/平,低楼层 (共6层) 3室1厅 | 117.68平米 | 南 北,https://ke-image.ljcdn.com/110000-inspection/pc1_o41gM9Son.jpg!m_fill,w_280,h_210,f_jpg?from=ke.com
20231229,昌平,回龙观,101121489555,户型方正！低层方便出入！满五唯一！业主诚心售房主自荐,393万,59285元/平,低楼层 (共7层) | 2003年 | 1室1厅 | 66.29平米 | 南 北,https://ke-image.ljcdn.com/110000-inspection/pc1_cVuiK6sUO.jpg!m_fill,w_280,h_210,f_jpg?from=ke.com
20231229,昌平,回龙观,101121483068,温馨小户型首付100万左右靠谱出售可签约房主自荐,299万,63214元/平,高楼层 (共11层) | 2004年 | 1室1厅 | 47.3平米 | 北,https://ke-image.ljcdn.com/110000-inspection/859920c0-3095-4035-8bff-f5754990c4f0_1000.jpg!m_fill,w_280,h_210,f_jpg?from=ke.com
20231229,昌平,回龙观,101121469224,领秀慧谷A区 南北中间层两居室 不临街位置佳 诚售,475万,57618元/平,中楼层 (共9层) | 2011年 | 2室1厅 | 82.44平米 | 南 北,https://ke-image.ljcdn.com/110000-inspection/pc1_CxkS1v0Ef.jpg!m_fill,w_280,h_210,f_jpg?from=ke.com
20231229,昌平,回龙观,101121469045,矩阵三期高楼层电梯西北向一居室,335万,61132元/平,顶层 (共11层) | 2007年 | 1室1厅 | 54.8平米 | 西北,https://ke-image.ljcdn.com/110000-inspection/f85fdff9-b3c0-46f2-ba2d-5c90fc7d0bdf_1000.jpg!m_fill,w_280,h_210,f_jpg?from=ke.com
20231229,昌平,回龙观,101121466285,新上 3层两居 满五唯一 位置好不临街 诚意出售 采光好,488万,48169元/平,中楼层 (共6层) | 2004年 | 2室1厅 | 101.31平米 | 南 北,https://ke-image.ljcdn.com/110000-inspection/pc1_2JURTvuaj.jpg!m_fill,w_280,h_210,f_jpg?from=ke.com
20231229,昌平,回龙观,101121461961,北京城建畅悦居D区 3室1厅 西南房主自荐,435万,41584元/平,低楼层 (共21层) | 2016年 | 3室1厅 | 104.61平米 | 西南,https://ke-image.ljcdn.com/110000-inspection/pc1_1PSJsVIG9_1.jpg!m_fill,w_280,h_210,f_jpg?from=ke.com
20231229,昌平,回龙观,101121457807,商品房满五年二层周边配套齐全 集中供暖小区,470万,42806元/平,低楼层 (共7层) | 1996年 | 3室1厅 | 109.8平米 | 南 北,https://ke-image.ljcdn.com/110000-inspection/pc1_ihBzwupr1.jpg!m_fill,w_280,h_210,f_jpg?from=ke.com
20231229,昌平,回龙观,101121456545,龙回苑小区中间位置不临街视野开阔,530万,45541元/平,中楼层 (共7层) | 2004年 | 3室1厅 | 116.38平米 | 南 北,https://ke-image.ljcdn.com/110000-inspection/cfda42d5-87b8-4266-a308-733502b2a844_1000.jpg!m_fill,w_280,h_210,f_jpg?from=ke.com
20231229,昌平,回龙观,101121452342,精装修拎包入住 满五年唯一 中楼层 业主急售,280万,60009元/平,中楼层 (共20层) 1室0厅 | 46.66平米 | 北,https://ke-image.ljcdn.com/110000-inspection/pc1_KLZuZ2wkP.jpg!m_fill,w_280,h_210,f_jpg?from=ke.com
20231229,昌平,回龙观,101121451910,万科金域华府 商品房满五年唯一 全南户型采光好,598万,69649元/平,低楼层 (共23层) 2室1厅 | 85.86平米 | 南,https://ke-image.ljcdn.com/110000-inspection/e2a1aa76-0299-4536-af09-ffe41a31383e_1000.jpg!m_fill,w_280,h_210,f_jpg?from=ke.com
20231229,昌平,回龙观,101121449171,4层 满五唯一 不临街 不把边 靠谱签约,508万,42355元/平,中楼层 (共6层) | 2005年 | 3室1厅 | 119.94平米 | 南 北,https://ke-image.ljcdn.com/110000-inspection/752485cb-896c-42ff-bce8-dae36f35ef07_1000.jpg!m_fill,w_280,h_210,f_jpg?from=ke.com
20231229,昌平,回龙观,101121448595,佰嘉城   南北通透三居室 业主诚心出售 看房可联系房主自荐,519万,43290元/平,底层 (共6层) | 2008年 | 3室2厅 | 119.89平米 | 南 北,https://ke-image.ljcdn.com/110000-inspection/pc1_I6GCc9LwF.jpg!m_fill,w_280,h_210,f_jpg?from=ke.com
20231229,昌平,回龙观,101121448189,满五唯一全明户型电梯一梯两户中层板楼,535万,54974元/平,中楼层 (共8层) 2室1厅 | 97.32平米 | 东 西,https://ke-image.ljcdn.com/110000-inspection/pc1_xcWNX8zMO.jpg!m_fill,w_280,h_210,f_jpg?from=ke.com
20231229,昌平,回龙观,101121445822,龙泽苑东区+中美合资+首付125万+诚心卖,320万,76064元/平,高楼层 (共6层) 1室1厅 | 42.07平米 | 西南,https://ke-image.ljcdn.com/110000-inspection/pc1_dg275ei0n.jpg!m_fill,w_280,h_210,f_jpg?from=ke.com
20231229,昌平,回龙观,101121442753,商品房 非顶层 小区中间位置 精装修,489万,49240元/平,高楼层 (共6层) | 2005年 | 2室2厅 | 99.31平米 | 南 北,https://ke-image.ljcdn.com/110000-inspection/83ea18f4-9e65-40c0-ae0d-732776427829_1000.jpg!m_fill,w_280,h_210,f_jpg?from=ke.com
20231229,昌平,回龙观,101121440774,地铁两居室商五一报价采光充足房主自荐,432万,45336元/平,顶层 (共6层) 2室2厅 | 95.29平米 | 南 北,https://ke-image.ljcdn.com/110000-inspection/pc1_9Hftxc3oF_1.jpg!m_fill,w_280,h_210,f_jpg?from=ke.com
20231229,昌平,回龙观,101121440561,龙锦苑六区 3室2厅 南 北房主自荐,650万,49623元/平,低楼层 (共6层) | 2003年 | 3室2厅 | 130.99平米 | 南 北,https://ke-image.ljcdn.com/110000-inspection/296801ca-99d6-4a85-9be4-1f04c6e8cbbb_1000.jpg!m_fill,w_280,h_210,f_jpg?from=ke.com
20231229,昌平,回龙观,101121434770,首开智慧社 带电梯 两居室 商满五年唯一,585万,65466元/平,中楼层 (共21层) | 2011年 | 2室1厅 | 89.36平米 | 南 北,https://ke-image.ljcdn.com/110000-inspection/d08abcad-c485-4631-8583-b606c90bacad_1000.jpg!m_fill,w_280,h_210,f_jpg?from=ke.com
20231229,昌平,回龙观,101121432828,矩阵一期 2室1厅 南 北,399万,60263元/平,高楼层 (共6层) 2室1厅 | 66.21平米 | 南 北,https://ke-image.ljcdn.com/110000-inspection/80a08847-5ca6-484b-bf55-11b624835ba5_1000.jpg!m_fill,w_280,h_210,f_jpg?from=ke.com
20231229,昌平,回龙观,101121431964,回龙观医院家属院南北通透精装修看房随时有钥匙,349万,51758元/平,底层 (共4层) | 1978年 | 2室1厅 | 67.43平米 | 南 北,https://ke-image.ljcdn.com/110000-inspection/pc1_7G5ovxqLB.jpg!m_fill,w_280,h_210,f_jpg?from=ke.com
20231229,昌平,回龙观,101121431945,融泽嘉园    东一路6号院 南北,558万,63619元/平,高楼层 (共34层) 2室1厅 | 87.71平米 | 南 北,https://ke-image.ljcdn.com/110000-inspection/831a2ec9-fb0d-40a7-b5de-a35d5cf302bd_1000.jpg!m_fill,w_280,h_210,f_jpg?from=ke.com
20231229,昌平,回龙观,101121427133,首开国风美唐二期 2室1厅 东 南 西房主自荐,488万,60255元/平,顶层 (共21层) | 2014年 | 2室1厅 | 80.99平米 | 东 南 西,https://ke-image.ljcdn.com/110000-inspection/a034f23a-323f-4c59-8e61-fb6cb4a9382a_1000.jpg!m_fill,w_280,h_210,f_jpg?from=ke.com
20231229,昌平,回龙观,101121425423,商满五唯一  不临街不把边  双通透户型,538万,53115元/平,低楼层 (共6层) | 2005年 | 2室1厅 | 101.29平米 | 南 北,https://ke-image.ljcdn.com/110000-inspection/99c75886-8b76-42b2-831d-4ceb31b27de4_1000.jpg!m_fill,w_280,h_210,f_jpg?from=ke.com
20231229,昌平,回龙观,101121422868,天露园二区 3室2厅 南 北,560万,43187元/平,低楼层 (共6层) 3室2厅 | 129.67平米 | 南 北,https://ke-image.ljcdn.com/110000-inspection/b8678bdc-68a3-42a5-af9d-71bb9bca27c2_1000.jpg!m_fill,w_280,h_210,f_jpg?from=ke.com
20231229,昌平,回龙观,101121400540,龙泽苑西区 电梯平层大4居 南北通透 集体供暖 精装修,800万,53844元/平,低楼层 (共22层) | 2002年 | 4室2厅 | 148.58平米 | 南 北,https://ke-image.ljcdn.com/110000-inspection/pc1_nmumDJ6nd.jpg!m_fill,w_280,h_210,f_jpg?from=ke.com
20231229,昌平,回龙观,101121400367,此房满五唯一 视野好没有遮挡 看房提前约,550万,64418元/平,高楼层 (共34层) | 2016年 | 2室1厅 | 85.38平米 | 南 北,https://ke-image.ljcdn.com/110000-inspection/pc1_wKTgMJbhC_1.jpg!m_fill,w_280,h_210,f_jpg?from=ke.com
20231229,昌平,回龙观,101121396142,天露园一区 满五唯一双明卫户型方正南北通透,468万,36747元/平,高楼层 (共6层) | 2008年 | 3室1厅 | 127.36平米 | 南 北,https://ke-image.ljcdn.com/110000-inspection/pc1_wvAa5gKpv_1.jpg!m_fill,w_280,h_210,f_jpg?from=ke.com
20231229,昌平,回龙观,101121391562,风雅园三区地铁13号分线临近公园门口商业,349万,55362元/平,底层 (共6层) | 2000年 | 1室1厅 | 63.04平米 | 南,https://ke-image.ljcdn.com/110000-inspection/pc1_tsY25pS6R_1.jpg!m_fill,w_280,h_210,f_jpg?from=ke.com
20231229,昌平,回龙观,101121386108,龙腾3居 满5唯1 不是其他看不上而是这套更有xing价比,520万,36763元/平,顶层 (共6层) | 2002年 | 3室1厅 | 141.45平米 | 南 北,https://ke-image.ljcdn.com/110000-inspection/pc1_ie0dqq26g.jpg!m_fill,w_280,h_210,f_jpg?from=ke.com
20231229,昌平,回龙观,101121384062,龙锦苑五区 3室2厅 南 北,520万,42609元/平,高楼层 (共6层) | 2005年 | 3室2厅 | 122.04平米 | 南 北,https://ke-image.ljcdn.com/110000-inspection/a69b8970-25b2-454f-8c8d-44a7623af0d0_1000.jpg!m_fill,w_280,h_210,f_jpg?from=ke.com
20231229,昌平,回龙观,101121381830,首开智慧社位置好不临街采光视野好产权清晰,570万,63553元/平,中楼层 (共21层) 2室1厅 | 89.69平米 | 东南,https://ke-image.ljcdn.com/110000-inspection/pc1_aETnyGrkl.jpg!m_fill,w_280,h_210,f_jpg?from=ke.com
20231229,昌平,回龙观,101121381465,龙博苑一区低楼层三居双卫南北通透交通位置好,540万,46025元/平,底层 (共6层) | 2005年 | 3室1厅 | 117.33平米 | 南 北,https://ke-image.ljcdn.com/110000-inspection/pc1_Zw7WOT3W5_1.jpg!m_fill,w_280,h_210,f_jpg?from=ke.com
20231229,昌平,回龙观,101121374940,天露园一区 中间三层 南北通透 仅有契税的商品房,465万,47649元/平,中楼层 (共6层) | 2008年 | 2室1厅 | 97.59平米 | 南 北,https://ke-image.ljcdn.com/110000-inspection/pc1_sf84jT8bR_1.jpg!m_fill,w_280,h_210,f_jpg?from=ke.com
20231229,昌平,回龙观,101121374933,北清路边次新房 30万精装修 全明格局 诚心出售,390万,47405元/平,高楼层 (共21层) | 2016年 | 2室1厅 | 82.27平米 | 南 北,https://ke-image.ljcdn.com/110000-inspection/ad6c5413-f7ee-44fa-88aa-e7ea6998105c_1000.jpg!m_fill,w_280,h_210,f_jpg?from=ke.com
20231229,昌平,回龙观,101121372979,中间楼层两居室满五年唯一精装修,320万,51772元/平,中楼层 (共6层) | 1996年 | 1室1厅 | 61.81平米 | 南,https://ke-image.ljcdn.com/110000-inspection/pc1_GfSzBDjuB.jpg!m_fill,w_280,h_210,f_jpg?from=ke.com
20231229,昌平,回龙观,101121368653,龙锦苑六区正规一居南北通透看房方便,330万,50552元/平,中楼层 (共7层) 1室1厅 | 65.28平米 | 南 北,https://ke-image.ljcdn.com/110000-inspection/0bdf1488-b5e9-43f2-bf3e-5dd1a750d93f_1000.jpg!m_fill,w_280,h_210,f_jpg?from=ke.com
20231229,昌平,回龙观,101121367996,此房满五年唯一 纯南向格局好 楼层好视野宽阔 精装修,645万,71899元/平,中楼层 (共19层) 2室1厅 | 89.71平米 | 南,https://ke-image.ljcdn.com/110000-inspection/aa6f07e7-aefb-43b4-b53e-5670b521f7cf_1000.jpg!m_fill,w_280,h_210,f_jpg?from=ke.com
20231229,昌平,回龙观,101121367660,龙腾苑二区 近地铁 体育公园 商五唯一 边户采光好,480万,52027元/平,高楼层 (共6层) | 2003年 | 2室1厅 | 92.26平米 | 南 北,https://ke-image.ljcdn.com/110000-inspection/5e9696b5-0cfe-480b-8760-03b52f59d213_1000.jpg!m_fill,w_280,h_210,f_jpg?from=ke.com
20231229,昌平,回龙观,101121363282,融泽嘉园中路6号院  全南向两居室 看房方便,550万,63394元/平,高楼层 (共27层) 2室1厅 | 86.76平米 | 南,https://ke-image.ljcdn.com/110000-inspection/pc1_Ci22UNSYp.jpg!m_fill,w_280,h_210,f_jpg?from=ke.com
20231229,昌平,回龙观,101121362986,精装修30万 南北通透两居 中间楼层 采光好 绿化高,473万,53242元/平,高楼层 (共6层) 2室2厅 | 88.84平米 | 南 北,https://ke-image.ljcdn.com/110000-inspection/fca44333-54fa-46a4-a1da-76b4905cdd7a_1000.jpg!m_fill,w_280,h_210,f_jpg?from=ke.com
20231229,昌平,回龙观,101121362642,龙跃苑四区 商品房满五年唯一  小区中间三居两卫,548万,39524元/平,高楼层 (共6层) | 2003年 | 3室2厅 | 138.65平米 | 南 北,https://ke-image.ljcdn.com/110000-inspection/d48cf839-8391-4ca8-aaf0-a18445fddeaa_1000.jpg!m_fill,w_280,h_210,f_jpg?from=ke.com
20231229,昌平,回龙观,101121357238,风雅园一区南北通透大三居 诚心卖 看房方便,440万,38096元/平,顶层 (共6层) 3室1厅 | 115.5平米 | 南 北,https://ke-image.ljcdn.com/110000-inspection/pc1_L8S34ncLd.jpg!m_fill,w_280,h_210,f_jpg?from=ke.com
20231229,昌平,回龙观,101121344708,中高楼层视野无遮挡 诚心出售 价格可谈,668万,58571元/平,高楼层 (共31层) 3室1厅 | 114.05平米 | 南 北,https://ke-image.ljcdn.com/110000-inspection/pc1_R7bZqFo6M_1.jpg!m_fill,w_280,h_210,f_jpg?from=ke.com
20231229,昌平,回龙观,101121341864,龙旗广场 正规东南两居   商业配套齐全  交通便利,488万,60902元/平,顶层 (共28层) | 2010年 | 2室1厅 | 80.13平米 | 东南,https://ke-image.ljcdn.com/110000-inspection/pc1_ZxIWQ0CAz.jpg!m_fill,w_280,h_210,f_jpg?from=ke.com
20231229,昌平,回龙观,101121337003,京投发展公园悦府二区 次顶层 随时看房 视野好,925万,78304元/平,高楼层 (共27层) | 2018年 | 3室2厅 | 118.13平米 | 南 北,https://ke-image.ljcdn.com/110000-inspection/938e63c4-b7c4-4743-afc6-bd67491ad2d4_1000.jpg!m_fill,w_280,h_210,f_jpg?from=ke.com
20231229,昌平,回龙观,101121336969,商品房满五唯一南北通透中间楼层采光充足房主自荐,426万,57810元/平,中楼层 (共6层) | 1995年 | 2室1厅 | 73.69平米 | 南 北,https://ke-image.ljcdn.com/110000-inspection/pc1_mqqthteXd.jpg!m_fill,w_280,h_210,f_jpg?from=ke.com
20231229,昌平,回龙观,101121336265,风雅园一区 三层两居室 南北通透,429万,46464元/平,中楼层 (共6层) | 1999年 | 2室1厅 | 92.33平米 | 南 北,https://ke-image.ljcdn.com/110000-inspection/e975ab1a-c88a-4129-af3d-2ce2645b6704_1000.jpg!m_fill,w_280,h_210,f_jpg?from=ke.com
20231229,昌平,回龙观,101121334212,电梯房电梯房南北三居室 五层采光好,596万,53348元/平,中楼层 (共7层) | 2003年 | 3室2厅 | 111.72平米 | 南 北,https://ke-image.ljcdn.com/110000-inspection/pc1_QBernX0wS.jpg!m_fill,w_280,h_210,f_jpg?from=ke.com
20231229,昌平,回龙观,101121331922,领秀慧谷D2区 3室1厅 南 北,680万,72852元/平,高楼层 (共13层) 3室1厅 | 93.34平米 | 南 北,https://ke-image.ljcdn.com/110000-inspection/pc1_AzjUriBcj_1.jpg!m_fill,w_280,h_210,f_jpg?from=ke.com
20231229,昌平,回龙观,101121330727,商品房精装修南北通透中高层+视野好+采光好,675万,58978元/平,高楼层 (共34层) 3室1厅 | 114.45平米 | 南 北,https://ke-image.ljcdn.com/110000-inspection/pc1_hr5gyHUfY.jpg!m_fill,w_280,h_210,f_jpg?from=ke.com
20231229,昌平,回龙观,101121328577,电梯房小区中间位置价格可谈。,370万,58638元/平,低楼层 (共9层) | 2011年 | 1室1厅 | 63.1平米 | 南,https://ke-image.ljcdn.com/110000-inspection/e2dfe95f-d924-40bd-ad6a-57bbb6229e2a_1000.jpg!m_fill,w_280,h_210,f_jpg?from=ke.com
20231229,昌平,回龙观,101121328523,金域华府 中间层 视野好 万科物业 管家式服务,615万,71512元/平,中楼层 (共26层) 2室1厅 | 86平米 | 南,https://ke-image.ljcdn.com/110000-inspection/pc1_pWyJdEtRl_1.jpg!m_fill,w_280,h_210,f_jpg?from=ke.com
20231229,昌平,回龙观,101121328286,融泽嘉园中路12号院 全南向 精装修 视野好 无遮挡,530万,60454元/平,高楼层 (共31层) 2室1厅 | 87.67平米 | 南,https://ke-image.ljcdn.com/110000-inspection/aa913f08-8b09-40ef-aa60-09f9fa05771d_1000.jpg!m_fill,w_280,h_210,f_jpg?from=ke.com
20231229,昌平,回龙观,101121327901,天巢园精装东南两居 带电梯 高楼层 只有契税,485万,57856元/平,高楼层 (共22层) 2室1厅 | 83.83平米 | 东南,https://ke-image.ljcdn.com/110000-inspection/8c36d357-b855-44cc-bd6a-2dd7542e953a_1000.jpg!m_fill,w_280,h_210,f_jpg?from=ke.com
20231229,昌平,回龙观,101121323719,龙泽苑C区+中美合资+精装修+满五唯一+中间楼层,748万,55552元/平,中楼层 (共7层) | 2001年 | 3室1厅 | 134.65平米 | 南 北,https://ke-image.ljcdn.com/110000-inspection/pc1_NSKcEbC5N.jpg!m_fill,w_280,h_210,f_jpg?from=ke.com
20231229,昌平,回龙观,101121318166,万科品质小区 金域华府二期一居室  精装修,529万,77852元/平,高楼层 (共27层) | 2014年 | 1室1厅 | 67.95平米 | 西 南 北,https://ke-image.ljcdn.com/110000-inspection/pc1_4LJJUAiio_1.jpg!m_fill,w_280,h_210,f_jpg?from=ke.com
20231229,昌平,回龙观,101121317938,矩阵三期南向一居室主卧室带阳台客厅带飘窗,449万,70865元/平,中楼层 (共10层) | 2007年 | 1室1厅 | 63.36平米 | 南,https://ke-image.ljcdn.com/110000-inspection/0cd77014-01e9-4aaa-819d-1d8944658290_1000.jpg!m_fill,w_280,h_210,f_jpg?from=ke.com
20231229,昌平,回龙观,101121315944,眼睛户型三居室自住装修看房方便满五年家庭唯一,558万,38994元/平,顶层 (共6层) | 2005年 | 3室2厅 | 143.1平米 | 南 北,https://ke-image.ljcdn.com/110000-inspection/1b5dd948-d1ed-4b63-9e04-c9fffd475108_1000.jpg!m_fill,w_280,h_210,f_jpg?from=ke.com
20231229,昌平,回龙观,101121315323,总监推荐：电梯板楼、精装修、中间层商满五唯一,535万,75576元/平,中楼层 (共9层) 2室2厅 | 70.79平米 | 南,https://ke-image.ljcdn.com/110000-inspection/pc1_C2PTbji4G.jpg!m_fill,w_280,h_210,f_jpg?from=ke.com
20231229,昌平,回龙观,101121309097,昌平区8号线回龙观东大街650米电梯开间首付100,285万,72244元/平,中楼层 (共12层) | 2005年 | 1室0厅 | 39.45平米 | 北,https://ke-image.ljcdn.com/110000-inspection/f3a051d9-cb0e-445c-a907-3d8c6dad6912_1000.jpg!m_fill,w_280,h_210,f_jpg?from=ke.com
20231229,昌平,回龙观,101121308473,满五唯一双卧朝南。诚心出售南北通透,426万,48536元/平,高楼层 (共6层) | 1994年 | 3室1厅 | 87.77平米 | 东 南 北,https://ke-image.ljcdn.com/110000-inspection/pc1_nviatGS8z.jpg!m_fill,w_280,h_210,f_jpg?from=ke.com
20231229,昌平,回龙观,101121308238,美唐花园 小区中间经典大三居 首套首付430万房主自荐,935万,73202元/平,低楼层 (共18层) 3室1厅 | 127.73平米 | 南 北,https://ke-image.ljcdn.com/110000-inspection/fde019f8-c942-4d12-baad-4e24a4f63528_1000.jpg!m_fill,w_280,h_210,f_jpg?from=ke.com
20231229,昌平,回龙观,101121307857,商品房满五年唯一 小区中间位置 视野采光好,435万,54105元/平,中楼层 (共6层) | 2005年 | 2室1厅 | 80.4平米 | 南 北,https://ke-image.ljcdn.com/110000-inspection/pc1_w2zE2dLzx.jpg!m_fill,w_280,h_210,f_jpg?from=ke.com
20231229,昌平,回龙观,101121297375,龙腾三区 温馨大2居 五年精装修 商品房 满五唯一,430万,44792元/平,顶层 (共6层) | 2002年 | 2室1厅 | 96平米 | 南 北,https://ke-image.ljcdn.com/110000-inspection/pc1_kTgzaLf54.jpg!m_fill,w_280,h_210,f_jpg?from=ke.com
20231229,昌平,回龙观,101121296911,商品房 钢混结构 非顶层 费用少 靠谱出售,550万,38208元/平,高楼层 (共6层) 3室1厅 | 143.95平米 | 南 北,https://ke-image.ljcdn.com/110000-inspection/a020300a-63bf-4f2e-a05e-d93977ab5684_1000.jpg!m_fill,w_280,h_210,f_jpg?from=ke.com
20231229,昌平,回龙观,101121295971,北郊农场宿舍 2室1厅 南 北,390万,49088元/平,中楼层 (共6层) | 1994年 | 2室1厅 | 79.45平米 | 南 北,https://ke-image.ljcdn.com/110000-inspection/205a8c75-b882-4768-87d2-20037b4ff0e8_1000.jpg!m_fill,w_280,h_210,f_jpg?from=ke.com
20231229,昌平,回龙观,101121294867,精装修 业主人好 看房随时 价格可谈房主自荐,442万,45070元/平,高楼层 (共6层) | 1996年 | 2室1厅 | 98.07平米 | 南 北,https://ke-image.ljcdn.com/110000-inspection/pc1_cfsRadNpN.jpg!m_fill,w_280,h_210,f_jpg?from=ke.com
20231229,昌平,回龙观,101121293828,北京市农学院家属宿舍 中间位置2层 南北通透,305万,56149元/平,中楼层 (共5层) | 1996年 | 2室1厅 | 54.32平米 | 南 北,https://ke-image.ljcdn.com/110000-inspection/pc1_z8lsFIKWS.jpg!m_fill,w_280,h_210,f_jpg?from=ke.com
20231229,昌平,回龙观,101121290264,首开国风美唐三期 3室1厅 南 北房主自荐,1010万,79105元/平,中楼层 (共18层) | 2016年 | 3室1厅 | 127.68平米 | 南 北,https://ke-image.ljcdn.com/110000-inspection/8a2c9190-8d91-400b-be06-11d320fa21b1_1000.jpg!m_fill,w_280,h_210,f_jpg?from=ke.com
20231229,昌平,回龙观,101121286053,风雅园二区 中间楼层两居 商品房,399万,44231元/平,中楼层 (共5层) 2室1厅 | 90.21平米 | 东 西 北,https://ke-image.ljcdn.com/110000-inspection/pc1_e0JKih5OI_1.jpg!m_fill,w_280,h_210,f_jpg?from=ke.com
20231229,昌平,回龙观,101121282741,低楼层、满五唯一、不临街看房随时,560万,43720元/平,低楼层 (共6层) 3室1厅 | 128.09平米 | 南 北,https://ke-image.ljcdn.com/110000-inspection/pc1_WGcNopT2R.jpg!m_fill,w_280,h_210,f_jpg?from=ke.com
20231229,昌平,回龙观,101121281700,南北通透格局全明户型楼层好视野宽阔采光充足,635万,66016元/平,高楼层 (共16层) | 2014年 | 2室1厅 | 96.19平米 | 南 北,https://ke-image.ljcdn.com/110000-inspection/pc1_TBuZpbjG2_1.jpg!m_fill,w_280,h_210,f_jpg?from=ke.com
20231229,昌平,回龙观,101121267910,电梯三居室次新房南北双通透落地窗花园洋房,870万,69373元/平,中楼层 (共7层) | 2012年 | 3室2厅 | 125.41平米 | 南 北,https://ke-image.ljcdn.com/110000-inspection/pc1_NBw6C1kGu.jpg!m_fill,w_280,h_210,f_jpg?from=ke.com
20231229,昌平,回龙观,101121267360,南北通透2居带小书房万科物业24安保,660万,67128元/平,低楼层 (共27层) 2室1厅 | 98.32平米 | 南 北,https://ke-image.ljcdn.com/110000-inspection/pc1_nR94xqlll_1.jpg!m_fill,w_280,h_210,f_jpg?from=ke.com
20231229,昌平,回龙观,101121263190,京投发展公园悦府一区 南北通透户型 看房随时,495万,76201元/平,顶层 (共11层) | 2014年 | 2室2厅 | 64.96平米 | 南 北,https://ke-image.ljcdn.com/110000-inspection/2a9dd40e-668b-4e94-8f56-e788558f6c99_1000.jpg!m_fill,w_280,h_210,f_jpg?from=ke.com
20231229,昌平,回龙观,101121263138,北京人家电梯三居次顶层户型方正视野采光比较好,578万,52167元/平,高楼层 (共10层) 3室1厅 | 110.8平米 | 南 北,https://ke-image.ljcdn.com/110000-inspection/bdc05706-c73a-4e62-a1eb-ad544271774f_1000.jpg!m_fill,w_280,h_210,f_jpg?from=ke.com
20231229,昌平,回龙观,101121261432,电梯南向一居室落地窗采光无遮挡业主诚心出售,414万,72013元/平,低楼层 (共11层) | 2011年 | 1室1厅 | 57.49平米 | 南,https://ke-image.ljcdn.com/110000-inspection/pc1_8RzqLFgUp.jpg!m_fill,w_280,h_210,f_jpg?from=ke.com
20231229,昌平,回龙观,101121260022,商品房社区 大落地窗 满五年唯一 近地铁,498万,50713元/平,顶层 (共6层) | 2005年 | 2室2厅 | 98.2平米 | 南 北,https://ke-image.ljcdn.com/110000-inspection/pc1_rtRekzilN_1.jpg!m_fill,w_280,h_210,f_jpg?from=ke.com
20231229,昌平,回龙观,101121256723,中间位置商品房满五年唯一南北通透配套齐全,312万,46960元/平,中楼层 (共7层) 2室1厅 | 66.44平米 | 南 北,https://ke-image.ljcdn.com/110000-inspection/7770ae2f-83fb-46b3-8b03-d78372642740_1000.jpg!m_fill,w_280,h_210,f_jpg?from=ke.com
20231229,昌平,回龙观,101121256689,云趣园二区 首层方便进出 小区中间位置 近地铁,428万,44845元/平,底层 (共5层) 2室2厅 | 95.44平米 | 南 北,https://ke-image.ljcdn.com/110000-inspection/pc1_kg8lXB1B1_1.jpg!m_fill,w_280,h_210,f_jpg?from=ke.com
20231229,昌平,回龙观,101121255605,北京人家南北通透电梯中间楼层诚心出售,498万,53486元/平,中楼层 (共10层) | 2005年 | 2室1厅 | 93.11平米 | 南 北,https://ke-image.ljcdn.com/110000-inspection/pc1_YTzVwMjyY_1.jpg!m_fill,w_280,h_210,f_jpg?from=ke.com
20231229,昌平,回龙观,101121253910,低楼层满五年唯一南北通透格局好,449万,38558元/平,低楼层 (共6层) | 2000年 | 3室1厅 | 116.45平米 | 南 北,https://ke-image.ljcdn.com/110000-inspection/pc1_faJT2R0Yw.jpg!m_fill,w_280,h_210,f_jpg?from=ke.com
20231229,昌平,回龙观,101121253729,新龙城小区中间带电梯南北通透三居,745万,68721元/平,中楼层 (共11层) 3室1厅 | 108.41平米 | 南 北,https://ke-image.ljcdn.com/110000-inspection/pc1_9sa5CSlnW.jpg!m_fill,w_280,h_210,f_jpg?from=ke.com
20231229,昌平,回龙观,101121241960,此房满五年双线地铁电梯房南向一居靠谱卖,345万,54667元/平,底层 (共11层) | 2011年 | 1室1厅 | 63.11平米 | 南,https://ke-image.ljcdn.com/110000-inspection/pc1_x9p5O2ZW6_1.jpg!m_fill,w_280,h_210,f_jpg?from=ke.com
20231229,昌平,回龙观,101121223769,首开国风美唐三期 2室1厅 南,720万,77796元/平,高楼层 (共21层) | 2016年 | 2室1厅 | 92.55平米 | 南,https://ke-image.ljcdn.com/110000-inspection/f21db507-557f-4362-8546-c5ebc0529e6d_1000.jpg!m_fill,w_280,h_210,f_jpg?from=ke.com
20231229,昌平,回龙观,101121223166,满五唯一 采光视野好 看房随时 业主诚意出售 装修好,522万,59590元/平,高楼层 (共28层) | 2014年 | 2室1厅 | 87.6平米 | 南,https://ke-image.ljcdn.com/110000-inspection/pc1_bHfxksDbI.jpg!m_fill,w_280,h_210,f_jpg?from=ke.com
20231229,昌平,回龙观,101121221653,新龙城 南北通透2居室 明厨明卫 中间楼层 满五唯一,650万,69186元/平,中楼层 (共6层) | 2007年 | 2室1厅 | 93.95平米 | 南 北,https://ke-image.ljcdn.com/110000-inspection/pc1_wJ9rSpC6i.jpg!m_fill,w_280,h_210,f_jpg?from=ke.com
20231229,昌平,回龙观,101121220908,龙腾苑四区 3室1厅 南 北,599万,46768元/平,低楼层 (共6层) 3室1厅 | 128.08平米 | 南 北,https://ke-image.ljcdn.com/110000-inspection/326e7c28-7cd8-4433-b8f9-2707ade51d98_1000.jpg!m_fill,w_280,h_210,f_jpg?from=ke.com
20231229,昌平,回龙观,101121218742,满五唯一商品房中高楼层南北通透明厨明卫户型方正,698万,63542元/平,中楼层 (共15层) | 2007年 | 3室1厅 | 109.85平米 | 南 北,https://ke-image.ljcdn.com/110000-inspection/pc1_pLD4PdNPk.jpg!m_fill,w_280,h_210,f_jpg?from=ke.com
20231229,昌平,回龙观,101121213952,商品房  融泽嘉园西6号院  精装修全南向 中楼层视野好房主自荐,585万,66516元/平,中楼层 (共22层) | 2016年 | 2室1厅 | 87.95平米 | 南,https://ke-image.ljcdn.com/110000-inspection/9f0f4c7b-82a9-4c4d-9982-2616a9b9ae49_1000.jpg!m_fill,w_280,h_210,f_jpg?from=ke.com
20231229,昌平,回龙观,101121212677,矩阵二期 两居两卫 118平大两居,690万,58411元/平,中楼层 (共11层) | 2005年 | 2室1厅 | 118.13平米 | 南 北,https://ke-image.ljcdn.com/110000-inspection/e3d26504-dcc9-4e04-abbe-22ff69ff32cc_1000.jpg!m_fill,w_280,h_210,f_jpg?from=ke.com
20231229,昌平,回龙观,101121212261,满五唯一 正对小区花园  采光好 安静 靠谱签约,600万,68737元/平,低楼层 (共34层) 2室1厅 | 87.29平米 | 南,https://ke-image.ljcdn.com/110000-inspection/a8485415-2653-4cb2-bf1d-70c729a719da_1000.jpg!m_fill,w_280,h_210,f_jpg?from=ke.com
20231229,昌平,回龙观,101121211345,万润家园 1室1厅 北,260万,65066元/平,顶层 (共9层) 1室1厅 | 39.96平米 | 北,https://ke-image.ljcdn.com/110000-inspection/91bad452-3292-4f13-8b1c-fdabc467b20f_1000.jpg!m_fill,w_280,h_210,f_jpg?from=ke.com
20231229,昌平,回龙观,101121205727,流星花园三区·无遮挡·高楼层·每个屋都落地窗阳台房主自荐,519万,60153元/平,中楼层 (共11层) | 2006年 | 2室1厅 | 86.28平米 | 西南,https://ke-image.ljcdn.com/110000-inspection/3fe103be-f067-4e74-a89f-d5a4dbb67571_1000.jpg!m_fill,w_280,h_210,f_jpg?from=ke.com
20231229,昌平,回龙观,101121205050,佰嘉城中间楼层商满五唯一大三居,495万,41541元/平,中楼层 (共6层) | 2006年 | 3室2厅 | 119.16平米 | 南 北,https://ke-image.ljcdn.com/110000-inspection/fa17fe17-3879-4886-8ac2-15b40214bed6_1000.jpg!m_fill,w_280,h_210,f_jpg?from=ke.com
20231229,昌平,回龙观,101121202330,文化居住区 精装修大两居 可拎包入住房主自荐,425万,43613元/平,顶层 (共6层) | 2008年 | 2室1厅 | 97.45平米 | 南 北,https://ke-image.ljcdn.com/110000-inspection/pc1_btunooTkZ_1.jpg!m_fill,w_280,h_210,f_jpg?from=ke.com
20231229,昌平,回龙观,101121201981,回龙观三居室 商品房满五年唯一 不临街,446万,40620元/平,中楼层 (共7层) | 1996年 | 3室2厅 | 109.8平米 | 南 北,https://ke-image.ljcdn.com/110000-inspection/pc1_p2n3Xm0Ff.jpg!m_fill,w_280,h_210,f_jpg?from=ke.com
20231229,昌平,回龙观,101121198276,满五唯一商品房新上3层把边户全明格局有钥匙房主自荐,582万,46819元/平,中楼层 (共6层) | 2006年 | 3室1厅 | 124.31平米 | 南 北,https://ke-image.ljcdn.com/110000-inspection/pc1_YoTrQ2fLk_1.jpg!m_fill,w_280,h_210,f_jpg?from=ke.com
20231229,昌平,回龙观,101121197692,融泽嘉园西二路2号院 2室1厅 南 北,540万,61497元/平,高楼层 (共34层) 2室1厅 | 87.81平米 | 南 北,https://ke-image.ljcdn.com/110000-inspection/pc1_jpeUTKGTe_1.jpg!m_fill,w_280,h_210,f_jpg?from=ke.com
20231229,昌平,回龙观,101121197194,龙跃苑东四区 离地铁近 楼层好 不临街小区中间位置,625万,50323元/平,中楼层 (共6层) 3室1厅 | 124.2平米 | 南 北,https://ke-image.ljcdn.com/110000-inspection/b93a9776-847d-4c2c-a548-16b01180346f_1000.jpg!m_fill,w_280,h_210,f_jpg?from=ke.com
20231229,昌平,回龙观,101121193884,新龙城 2室1厅 南 北,579万,58693元/平,高楼层 (共20层) | 2007年 | 2室1厅 | 98.65平米 | 南 北,https://ke-image.ljcdn.com/110000-inspection/pc1_FWH6gNLKf_1.jpg!m_fill,w_280,h_210,f_jpg?from=ke.com
20231229,昌平,回龙观,101121193134,北郊农场宿舍一居室全南向采光好视野无遮挡。,278万,64130元/平,顶层 (共4层) | 1991年 | 1室1厅 | 43.35平米 | 南,https://ke-image.ljcdn.com/110000-inspection/b92e3535-5ff1-41a7-923d-aab751c77821_1000.jpg!m_fill,w_280,h_210,f_jpg?from=ke.com
20231229,昌平,回龙观,101121191211,融泽嘉园中路1号院 南北三居 精装修 中间楼层采光好,660万,60791元/平,中楼层 (共34层) 3室1厅 | 108.57平米 | 南 北,https://ke-image.ljcdn.com/110000-inspection/a52908c5-47ed-4a20-8b6c-88ae54014cb8_1000.jpg!m_fill,w_280,h_210,f_jpg?from=ke.com
20231229,昌平,回龙观,101121191011,满五唯一 精装修 高楼层视野好,510万,58353元/平,顶层 (共34层) | 2016年 | 2室1厅 | 87.4平米 | 南 北,https://ke-image.ljcdn.com/110000-inspection/f2967d1b-d731-4a53-af51-f29f0ef1801a_1000.jpg!m_fill,w_280,h_210,f_jpg?from=ke.com
20231229,昌平,回龙观,101121187258,金域华府三期 小区中间对着小区花园采光好,1005万,84718元/平,低楼层 (共27层) | 2015年 | 3室2厅 | 118.63平米 | 南 北,https://ke-image.ljcdn.com/110000-inspection/cc833ed8-8cb8-4ae3-9375-73126881b909_1000.jpg!m_fill,w_280,h_210,f_jpg?from=ke.com
20231229,昌平,回龙观,101121186709,万润家园 2室1厅 北房主自荐,349万,51069元/平,底层 (共10层) | 2003年 | 2室1厅 | 68.34平米 | 北,https://ke-image.ljcdn.com/110000-inspection/pc1_HKn4jqRTg.jpg!m_fill,w_280,h_210,f_jpg?from=ke.com
20231229,昌平,回龙观,101121170159,龙腾苑三区 2室1厅 南 北,520万,53339元/平,中楼层 (共6层) | 2002年 | 2室1厅 | 97.49平米 | 南 北,https://ke-image.ljcdn.com/110000-inspection/ccd86cfa-7f77-4e75-baa3-d148018c6bed_1000.jpg!m_fill,w_280,h_210,f_jpg?from=ke.com
20231229,昌平,回龙观,101121169529,钢混结构  客厅落地窗+卧室飘窗 中间位置,530万,60194元/平,中楼层 (共5层) | 2003年 | 2室1厅 | 88.05平米 | 南 北,https://ke-image.ljcdn.com/110000-inspection/78006532-b9e5-43bb-9821-25331e1fa488_1000.jpg!m_fill,w_280,h_210,f_jpg?from=ke.com
20231229,昌平,回龙观,101121167888,满五唯一 南向一居室 业主诚意卖 看房方便,315万,68094元/平,低楼层 (共11层) | 2006年 | 1室0厅 | 46.26平米 | 南,https://ke-image.ljcdn.com/110000-inspection/pc1_R2nOd1jcr.jpg!m_fill,w_280,h_210,f_jpg?from=ke.com
20231229,昌平,回龙观,101121164547,龙腾苑六区精装两居房东诚意出售商五唯一东侧边户房主自荐,520万,48969元/平,顶层 (共6层) | 2002年 | 2室1厅 | 106.19平米 | 南 北,https://ke-image.ljcdn.com/110000-inspection/pc1_0HuyQu1ij.jpg!m_fill,w_280,h_210,f_jpg?from=ke.com
20231229,昌平,回龙观,101121163068,满五唯一中高楼层不临街靠谱出售,595万,61133元/平,中楼层 (共27层) | 2013年 | 2室2厅 | 97.33平米 | 南 北,https://ke-image.ljcdn.com/110000-inspection/pc1_rzTcZCdXF_1.jpg!m_fill,w_280,h_210,f_jpg?from=ke.com
20231229,昌平,回龙观,101121161489,商满五唯一自住精装修中间位置次顶层首付180,560万,44879元/平,高楼层 (共6层) | 2006年 | 3室1厅 | 124.78平米 | 南 北,https://ke-image.ljcdn.com/110000-inspection/cb24efbd-1de6-4c38-a25d-3435922b5b8d_1000.jpg!m_fill,w_280,h_210,f_jpg?from=ke.com
20231229,昌平,回龙观,101121158320,慧华苑 商品房满五唯一 低楼层 首付120w 配套完善,285万,55105元/平,底层 (共6层) | 1996年 | 1室1厅 | 51.72平米 | 南 北,https://ke-image.ljcdn.com/110000-inspection/pc1_JUXzUsiLK_1.jpg!m_fill,w_280,h_210,f_jpg?from=ke.com
20231229,昌平,回龙观,101121151266,融泽嘉园中路2号院 3室1厅 南 北,650万,56794元/平,高楼层 (共34层) 3室1厅 | 114.45平米 | 南 北,https://ke-image.ljcdn.com/110000-inspection/0ddea37a-9ac5-4b39-9ee5-2996137a8380_1000.jpg!m_fill,w_280,h_210,f_jpg?from=ke.com
20231229,昌平,回龙观,101121145478,1层接地气出入方便靠西边位置好采光还不错无遮挡房主自荐,448万,43661元/平,底层 (共6层) | 2005年 | 2室1厅 | 102.61平米 | 南 北,https://ke-image.ljcdn.com/110000-inspection/abc75fa3-1eb6-438d-a81a-ca5136323c75_1000.jpg!m_fill,w_280,h_210,f_jpg?from=ke.com
20231229,昌平,回龙观,101121145287,龙博苑二区 1室1厅 南,355万,59957元/平,顶层 (共6层) | 2004年 | 1室1厅 | 59.21平米 | 南,https://ke-image.ljcdn.com/110000-inspection/pc1_EPbrRuU9Y.jpg!m_fill,w_280,h_210,f_jpg?from=ke.com
20231229,昌平,回龙观,101121139212,新龙城+落地飘窗+采光无遮挡户型方正得房率85%,346万,60809元/平,中楼层 (共20层) | 2007年 | 1室1厅 | 56.9平米 | 北,https://ke-image.ljcdn.com/110000-inspection/dc773f9e-016d-4922-b122-f28b8cf89e19_1000.jpg!m_fill,w_280,h_210,f_jpg?from=ke.com
20231229,昌平,回龙观,101121138897,户型方正 钢混结构 满五年唯一 业主诚心出售,535万,53651元/平,底层 (共6层) 2室2厅 | 99.72平米 | 南 北,https://ke-image.ljcdn.com/110000-inspection/4d870dca-77e9-4634-bb05-3f5c288400e8_1000.jpg!m_fill,w_280,h_210,f_jpg?from=ke.com
20231229,昌平,回龙观,101121132971,领秀慧谷B区 婚房精装 拎包入住 带电梯 靠谱签约,482万,58674元/平,低楼层 (共9层) | 2011年 | 2室1厅 | 82.15平米 | 南 北,https://ke-image.ljcdn.com/110000-inspection/pc1_KKlY5hVvj_1.jpg!m_fill,w_280,h_210,f_jpg?from=ke.com
20231229,昌平,回龙观,101121124264,新龙城 南北通透 双卫   楼层好采光无遮挡,545万,53234元/平,中楼层 (共20层) | 2007年 | 2室1厅 | 102.38平米 | 南 北,https://ke-image.ljcdn.com/110000-inspection/pc1_guEMG8n1r_1.jpg!m_fill,w_280,h_210,f_jpg?from=ke.com
20231229,昌平,回龙观,101121119773,龙博苑二区南向一居满五年唯一商品房中间层不临街,378万,63830元/平,中楼层 (共6层) | 2004年 | 1室1厅 | 59.22平米 | 南,https://ke-image.ljcdn.com/110000-inspection/pc1_lEdX4GSas.jpg!m_fill,w_280,h_210,f_jpg?from=ke.com
20231229,昌平,回龙观,101121119493,套内85平和风欧式精装三居南北通透满五唯一,495万,73969元/平,顶层 (共5层) | 1983年 | 3室1厅 | 66.92平米 | 南 北,https://ke-image.ljcdn.com/110000-inspection/pc1_mBv4HfdpP.jpg!m_fill,w_280,h_210,f_jpg?from=ke.com
20231229,昌平,回龙观,101121118472,金域华府二期 2室1厅 南,626万,78663元/平,中楼层 (共28层) | 2014年 | 2室1厅 | 79.58平米 | 南,https://ke-image.ljcdn.com/110000-inspection/d011b0de-1b3a-402f-b970-3772c739d86d_1000.jpg!m_fill,w_280,h_210,f_jpg?from=ke.com
20231229,昌平,回龙观,101121115151,商满五唯一 地铁8号线 自住三居,426万,41224元/平,顶层 (共6层) | 2000年 | 3室1厅 | 103.34平米 | 南 北,https://ke-image.ljcdn.com/110000-inspection/pc1_NdedCDBRr_1.jpg!m_fill,w_280,h_210,f_jpg?from=ke.com
20231229,昌平,回龙观,101121115002,融泽嘉园东六号院 南北通透两居室 精装修,500万,56326元/平,底层 (共18层) | 2014年 | 2室1厅 | 88.77平米 | 南 北,https://ke-image.ljcdn.com/110000-inspection/pc1_uISsQlm7E_1.jpg!m_fill,w_280,h_210,f_jpg?from=ke.com
20231229,昌平,回龙观,101121112601,和谐一区 南北通透三室两卫小区中间位置多多带看,590万,47398元/平,中楼层 (共6层) | 2006年 | 3室1厅 | 124.48平米 | 南 北,https://ke-image.ljcdn.com/110000-inspection/163e418f-a390-465b-93ac-60077647e189_1000.jpg!m_fill,w_280,h_210,f_jpg?from=ke.com
20231229,昌平,回龙观,101121112372,A1户型满五唯一南北通透全明格局小区中间,489万,52049元/平,顶层 (共6层) 2室1厅 | 93.95平米 | 南 北,https://ke-image.ljcdn.com/110000-inspection/201f229d-b529-4d76-94d7-f9d107360078_1000.jpg!m_fill,w_280,h_210,f_jpg?from=ke.com
20231229,昌平,回龙观,101121110344,领秀慧谷A区 两居室 满五唯一 南北通透,410万,49861元/平,底层 (共9层) | 2011年 | 2室1厅 | 82.23平米 | 南 北,https://ke-image.ljcdn.com/110000-inspection/pc1_bd4WlvS3T_1.jpg!m_fill,w_280,h_210,f_jpg?from=ke.com
20231229,昌平,回龙观,101121107694,京投发展公园悦府二区 高层边户全明 视野好 随时看房,1099万,80448元/平,中楼层 (共27层) 3室2厅 | 136.61平米 | 南 北,https://ke-image.ljcdn.com/110000-inspection/3ef19777-8176-4f1c-a14b-ebda65a7bb70_1000.jpg!m_fill,w_280,h_210,f_jpg?from=ke.com
20231229,昌平,回龙观,101121106930,龙城花园北二区位置好精装修满五年唯一,355万,54083元/平,中楼层 (共4层) 2室1厅 | 65.64平米 | 南 北,https://ke-image.ljcdn.com/110000-inspection/pc1_7XFoHAyIh.jpg!m_fill,w_280,h_210,f_jpg?from=ke.com
20231229,昌平,回龙观,101121106923,房满五唯一中间位置精装修 出行方便,425万,64219元/平,高楼层 (共34层) | 2016年 | 1室1厅 | 66.18平米 | 南,https://ke-image.ljcdn.com/110000-inspection/pc1_5IGnsDkDy.jpg!m_fill,w_280,h_210,f_jpg?from=ke.com
20231229,昌平,回龙观,101121104780,龙跃苑一区 四层 商品房 精装修 看房随时,488万,51866元/平,中楼层 (共6层) | 2003年 | 2室1厅 | 94.09平米 | 南 北,https://ke-image.ljcdn.com/110000-inspection/86fe9cc5-5b00-4ff1-b1a6-7a87e2cb70ad_1000.jpg!m_fill,w_280,h_210,f_jpg?from=ke.com
20231229,昌平,回龙观,101121103982,北京人家精装三居室三层双卫,700万,55407元/平,中楼层 (共6层) | 2002年 | 3室1厅 | 126.34平米 | 南 北,https://ke-image.ljcdn.com/110000-inspection/533ef0a3-5566-4712-9864-d3505631ea25_1000.jpg!m_fill,w_280,h_210,f_jpg?from=ke.com
20231229,昌平,回龙观,101121102289,新龙城大两居 满五唯一 南北通透 三阳台 采光充足房主自荐,628万,60113元/平,中楼层 (共20层) 2室2厅 | 104.47平米 | 南 北,https://ke-image.ljcdn.com/110000-inspection/pc1_Z51HBgynk.jpg!m_fill,w_280,h_210,f_jpg?from=ke.com
20231229,昌平,回龙观,101121100569,中间楼层 南北通透采光好 诚心出售 看房方便,525万,42837元/平,中楼层 (共7层) | 2004年 | 3室1厅 | 122.56平米 | 南 北,https://ke-image.ljcdn.com/110000-inspection/pc1_g6PhRXPAB.jpg!m_fill,w_280,h_210,f_jpg?from=ke.com
20231229,昌平,回龙观,101121099330,领秀慧谷A区 板楼小三居 看房方便,500万,56479元/平,顶层 (共6层) | 2011年 | 3室1厅 | 88.53平米 | 东 西 北,https://ke-image.ljcdn.com/110000-inspection/pc1_H2I1TtjNU_1.jpg!m_fill,w_280,h_210,f_jpg?from=ke.com
20231229,昌平,回龙观,101121098117,云趣园三区 2室1厅 南 北,445万,46843元/平,高楼层 (共6层) 2室1厅 | 95平米 | 南 北,https://ke-image.ljcdn.com/110000-inspection/1fbfe048-4c6f-444f-9539-61d93f9956f1_1000.jpg!m_fill,w_280,h_210,f_jpg?from=ke.com
20231229,昌平,回龙观,101121097830,北京人家+满五年唯一+南北双通透+诚心出售,450万,51067元/平,高楼层 (共6层) | 2004年 | 2室2厅 | 88.12平米 | 南 北,https://ke-image.ljcdn.com/110000-inspection/pc1_MRM1Xytov.jpg!m_fill,w_280,h_210,f_jpg?from=ke.com
20231229,昌平,回龙观,101121096874,融泽嘉园中路2号院 中间位置 前后花园 采光视野好,559万,57024元/平,低楼层 (共27层) 2室1厅 | 98.03平米 | 南 北,https://ke-image.ljcdn.com/110000-inspection/pc1_5n7r4Eb2X_1.jpg!m_fill,w_280,h_210,f_jpg?from=ke.com
20231229,昌平,回龙观,101121096520,回龙观龙城花园北二区商品房满五唯一,348万,53017元/平,中楼层 (共4层) 2室1厅 | 65.64平米 | 南 北,https://ke-image.ljcdn.com/110000-inspection/pc1_SdhavmUXR_1.jpg!m_fill,w_280,h_210,f_jpg?from=ke.com
20231229,昌平,回龙观,101121087458,此房满五唯一中间层精装修可以拎包入住,535万,53399元/平,中楼层 (共6层) | 1999年 | 3室1厅 | 100.19平米 | 南 西 北,https://ke-image.ljcdn.com/110000-inspection/pc1_ciDFXX7Ra.jpg!m_fill,w_280,h_210,f_jpg?from=ke.com
20231229,昌平,回龙观,101121082313,融泽嘉园西二路2号院满五唯一视野好小区环境优美,529万,60645元/平,低楼层 (共34层) | 2016年 | 2室1厅 | 87.23平米 | 南,https://ke-image.ljcdn.com/110000-inspection/pc1_m0burpABT.jpg!m_fill,w_280,h_210,f_jpg?from=ke.com
20231229,昌平,回龙观,101121082285,龙泽苑西区 中间层两居 满五唯一,430万,52204元/平,低楼层 (共7层) | 1999年 | 2室1厅 | 82.37平米 | 南 北,https://ke-image.ljcdn.com/110000-inspection/db125aab-ae25-43a6-bed5-a5d0f364fd40_1000.jpg!m_fill,w_280,h_210,f_jpg?from=ke.com
20231229,昌平,回龙观,101121080585,龙跃苑东二区 中间层 满5唯一商品房,495万,49471元/平,中楼层 (共6层) | 2007年 | 2室1厅 | 100.06平米 | 南 北,https://ke-image.ljcdn.com/110000-inspection/d2c5639d-1e31-4396-94fb-2b2240f155d5_1000.jpg!m_fill,w_280,h_210,f_jpg?from=ke.com
20231229,昌平,回龙观,101121078294,正对花园无遮挡满五年唯一户型方正。,410万,65235元/平,低楼层 (共34层) | 2014年 | 1室1厅 | 62.85平米 | 南,https://ke-image.ljcdn.com/110000-inspection/c65315ed-ecf1-4157-b47d-16d1ecd07e25_1000.jpg!m_fill,w_280,h_210,f_jpg?from=ke.com
20231229,昌平,回龙观,101121076859,首付149万5层商满五一不临街小区中间户型,489万,49240元/平,高楼层 (共6层) | 2005年 | 2室1厅 | 99.31平米 | 南 北,https://ke-image.ljcdn.com/110000-inspection/1e12392d-adfd-4ae4-855c-e9688459344a_1000.jpg!m_fill,w_280,h_210,f_jpg?from=ke.com
20231229,昌平,回龙观,101121071405,位置好  采光好  前后无遮挡   满五年唯一,445万,67548元/平,高楼层 (共31层) | 2014年 | 1室1厅 | 65.88平米 | 南,https://ke-image.ljcdn.com/110000-inspection/06bf513d-dacb-44dc-a366-dcd41a17422d_1000.jpg!m_fill,w_280,h_210,f_jpg?from=ke.com
20231229,昌平,回龙观,101121066136,金域华府一期 1室1厅 南,405万,63183元/平,中楼层 (共28层) | 2012年 | 1室1厅 | 64.1平米 | 南,https://ke-image.ljcdn.com/110000-inspection/fe67449d-9d3e-45a8-9ffe-f953d4484b1a_1000.jpg!m_fill,w_280,h_210,f_jpg?from=ke.com
20231229,昌平,回龙观,101121065687,新龙城 正规一室一厅 精装修 诚心出售房主自荐,428万,60684元/平,高楼层 (共20层) 1室1厅 | 70.53平米 | 北,https://ke-image.ljcdn.com/110000-inspection/8ec3f61a-423e-4f63-a594-c9699b77e99d_1000.jpg!m_fill,w_280,h_210,f_jpg?from=ke.com
20231229,昌平,回龙观,101121063451,回龙观 万龙社区 南北通透 2居室,350万,56708元/平,中楼层 (共4层) | 1992年 | 2室1厅 | 61.72平米 | 南 北,https://ke-image.ljcdn.com/110000-inspection/pc1_0mGcrRgrB.jpg!m_fill,w_280,h_210,f_jpg?from=ke.com
20231229,昌平,回龙观,101121060030,满五唯一+超好视野+毛坯房+通风好+诚心出售+钥匙房,540万,61525元/平,高楼层 (共28层) 2室1厅 | 87.77平米 | 南 北,https://ke-image.ljcdn.com/110000-inspection/pc1_RmstoNBgn_1.jpg!m_fill,w_280,h_210,f_jpg?from=ke.com
20231229,昌平,回龙观,101121057072,领秀慧谷D2区 南北双通透 地暖 明厨明卫 靠谱出售,668万,67804元/平,低楼层 (共13层) | 2019年 | 2室2厅 | 98.52平米 | 南 北,https://ke-image.ljcdn.com/110000-inspection/pc1_YMD26wlm6.jpg!m_fill,w_280,h_210,f_jpg?from=ke.com
20231229,昌平,回龙观,101121056162,新龙城 电梯大两居 满五唯一 随时签约,510万,56057元/平,中楼层 (共20层) | 2007年 | 2室1厅 | 90.98平米 | 东 西,https://ke-image.ljcdn.com/110000-inspection/pc1_RUIfeAaU7.jpg!m_fill,w_280,h_210,f_jpg?from=ke.com
20231229,昌平,回龙观,101121051522,满五唯一商品房中高楼层采光视野好诚信出售,629万,79050元/平,中楼层 (共28层) | 2014年 | 2室1厅 | 79.57平米 | 南,https://ke-image.ljcdn.com/110000-inspection/5c37eba8-9d64-4e03-b9b2-a1f17d2ef126_1000.jpg!m_fill,w_280,h_210,f_jpg?from=ke.com
20231229,昌平,回龙观,101121049537,南北双阳台+原始带地暖+商品房+8号线13号线+中间层,620万,49836元/平,中楼层 (共6层) | 2006年 | 3室1厅 | 124.41平米 | 南 北,https://ke-image.ljcdn.com/110000-inspection/ce6ffea8-adc7-4c3b-8378-d2cff454ff40_1000.jpg!m_fill,w_280,h_210,f_jpg?from=ke.com
20231229,昌平,回龙观,101121048840,京投发展公园悦府一区 2室2厅 西南,585万,63463元/平,中楼层 (共11层) | 2016年 | 2室2厅 | 92.18平米 | 西南,https://ke-image.ljcdn.com/110000-inspection/efb24456-3e33-497d-84b6-943641ae1412_1000.jpg!m_fill,w_280,h_210,f_jpg?from=ke.com
20231229,昌平,回龙观,101121048683,2020年次新房  70万精装 高层采光棒 边户明厨明卫,938万,79237元/平,中楼层 (共27层) 3室2厅 | 118.38平米 | 南 北,https://ke-image.ljcdn.com/110000-inspection/86d43853-4d10-4b4a-842a-607bb33b2378_1000.jpg!m_fill,w_280,h_210,f_jpg?from=ke.com
20231229,昌平,回龙观,101121044082,和谐家园全明格局三居室看房方便户型通透,510万,41159元/平,高楼层 (共6层) | 2006年 | 3室1厅 | 123.91平米 | 南 北,https://ke-image.ljcdn.com/110000-inspection/fe4ea1a2-22ff-4295-8c7e-83c0d18fab2f_1000.jpg!m_fill,w_280,h_210,f_jpg?from=ke.com
20231229,昌平,回龙观,101121043822,流星花园三区有电梯中间楼层两居室房主自荐,373万,62690元/平,中楼层 (共11层) | 2006年 | 2室1厅 | 59.5平米 | 西北,https://ke-image.ljcdn.com/110000-inspection/e814ee9f-ce72-4308-8f11-6c48acb22d82_1000.jpg!m_fill,w_280,h_210,f_jpg?from=ke.com
20231229,昌平,回龙观,101121043345,新龙城带电梯开间带落地窗诚心出售,266万,57033元/平,中楼层 (共20层) | 2006年 | 1室0厅 | 46.64平米 | 北,https://ke-image.ljcdn.com/110000-inspection/pc1_7t1QCAmYz.jpg!m_fill,w_280,h_210,f_jpg?from=ke.com
20231229,昌平,回龙观,101121041543,领秀慧谷B区 商品房 高楼层 自住精装 看房方便房主自荐,478万,58031元/平,高楼层 (共9层) | 2011年 | 2室1厅 | 82.37平米 | 南 北,https://ke-image.ljcdn.com/110000-inspection/a8a164a8-929e-4cbe-a0cb-4760df756899_1000.jpg!m_fill,w_280,h_210,f_jpg?from=ke.com
20231229,昌平,回龙观,101121040471,满五唯一 正对花园采光视野好 诚心出售,555万,63284元/平,中楼层 (共34层) | 2014年 | 2室1厅 | 87.7平米 | 南,https://ke-image.ljcdn.com/110000-inspection/pc1_CBKpbgA4R.jpg!m_fill,w_280,h_210,f_jpg?from=ke.com
20231229,昌平,回龙观,101121039783,满五年唯一小区中间位置3层近地铁集中供暖,445万,48417元/平,中楼层 (共7层) | 1996年 | 3室1厅 | 91.91平米 | 南 北,https://ke-image.ljcdn.com/110000-inspection/pc1_4gfQOBTQf.jpg!m_fill,w_280,h_210,f_jpg?from=ke.com
20231229,昌平,回龙观,101121039502,商品房社区+双通透户型+高得房率+满五唯一,598万,69730元/平,底层 (共11层) | 2011年 | 2室1厅 | 85.76平米 | 南 北,https://ke-image.ljcdn.com/110000-inspection/075417fa-4ee0-4e75-bb1f-9be2736631bf_1000.jpg!m_fill,w_280,h_210,f_jpg?from=ke.com
20231229,昌平,回龙观,101121039138,低楼层南北通透两居室商五一报价房主自荐,458万,46721元/平,低楼层 (共7层) | 2000年 | 2室2厅 | 98.03平米 | 南 北,https://ke-image.ljcdn.com/110000-inspection/64eaabd4-d41c-42ad-88fa-aefdaab5d90b_1000.jpg!m_fill,w_280,h_210,f_jpg?from=ke.com
20231229,昌平,回龙观,101121038775,万科金域华府一期 商品房 南北通透 明卫 满五唯一,628万,69918元/平,中楼层 (共28层) | 2012年 | 2室1厅 | 89.82平米 | 南 北,https://ke-image.ljcdn.com/110000-inspection/pc1_eUmKPfcJS_1.jpg!m_fill,w_280,h_210,f_jpg?from=ke.com
20231229,昌平,回龙观,101121038309,京投发展公园悦府二区 高楼层 自住精装修 视野好,678万,78573元/平,高楼层 (共27层) 2室2厅 | 86.29平米 | 西南,https://ke-image.ljcdn.com/110000-inspection/d9724582-7234-4fc6-bc7c-6b7d65b353fe_1000.jpg!m_fill,w_280,h_210,f_jpg?from=ke.com
20231229,昌平,回龙观,101121035300,龙腾苑三区 3室1厅 南 北,599万,50634元/平,中楼层 (共6层) | 2002年 | 3室1厅 | 118.3平米 | 南 北,https://ke-image.ljcdn.com/110000-inspection/pc1_TDco71BDq.jpg!m_fill,w_280,h_210,f_jpg?from=ke.com
20231229,昌平,回龙观,101121034032,金域华府一期 商品房满五年唯一 精装修,598万,66593元/平,高楼层 (共28层) | 2012年 | 2室1厅 | 89.8平米 | 南,https://ke-image.ljcdn.com/110000-inspection/pc1_ykdiBH7N3_1.jpg!m_fill,w_280,h_210,f_jpg?from=ke.com
20231229,昌平,回龙观,101121030967,精装修四居室 带电梯  诚意出售,910万,51793元/平,中楼层 (共6层) 4室2厅 | 175.7平米 | 南 北 东,https://ke-image.ljcdn.com/110000-inspection/e78cf05f-a72f-45f4-893a-1c637bb24893_1000.jpg!m_fill,w_280,h_210,f_jpg?from=ke.com
20231229,昌平,回龙观,101121027829,矩阵一期 2室1厅 南 北,588万,59915元/平,高楼层 (共6层) | 1998年 | 2室1厅 | 98.14平米 | 南 北,https://ke-image.ljcdn.com/110000-inspection/a274d516-8909-4646-a0ba-3c888c3e1428_1000.jpg!m_fill,w_280,h_210,f_jpg?from=ke.com
20231229,昌平,回龙观,101121021861,满五唯一总价少两居室全明格局带电梯诚售好谈,419万,53099元/平,顶层 (共9层) | 2007年 | 2室1厅 | 78.91平米 | 东 西,https://ke-image.ljcdn.com/110000-inspection/pc1_YCyN8tbDf.jpg!m_fill,w_280,h_210,f_jpg?from=ke.com
20231229,昌平,回龙观,101121019238,商五唯一首套可以贷款256万二套可以贷款157万房主自荐,615万,49402元/平,低楼层 (共6层) | 2006年 | 3室1厅 | 124.49平米 | 南 北,https://ke-image.ljcdn.com/110000-inspection/1fdf7e16-81dd-4632-9860-5537f8aa5569_1000.jpg!m_fill,w_280,h_210,f_jpg?from=ke.com
20231229,昌平,回龙观,101121018188,天巢园 满五年唯一 有电梯 高楼层 采光好房主自荐,358万,57520元/平,高楼层 (共22层) 1室1厅 | 62.24平米 | 东南,https://ke-image.ljcdn.com/110000-inspection/pc1_3d8g9LNMG_1.jpg!m_fill,w_280,h_210,f_jpg?from=ke.com
20231229,昌平,回龙观,101121018102,风雅园二区 低楼层两居 明厨明卫 采光好 仅契税,409万,45339元/平,中楼层 (共5层) | 2000年 | 2室1厅 | 90.21平米 | 东 西 北,https://ke-image.ljcdn.com/110000-inspection/pc1_rTrMq1TZ0.jpg!m_fill,w_280,h_210,f_jpg?from=ke.com
20231229,昌平,回龙观,101121017385,商品房满五年唯一精装修拎包入住看房方便。,389万,56125元/平,中楼层 (共7层) 1室1厅 | 69.31平米 | 南 北,https://ke-image.ljcdn.com/110000-inspection/b33b1f90-b304-4c15-b8a2-412027cb01b7_1000.jpg!m_fill,w_280,h_210,f_jpg?from=ke.com
20231229,昌平,回龙观,101121016830,万润北向二居室小区中间位置业主诚心出售房主自荐,371万,56469元/平,低楼层 (共10层) | 2003年 | 2室1厅 | 65.7平米 | 西北,https://ke-image.ljcdn.com/110000-inspection/pc1_vFsEKtGOz.jpg!m_fill,w_280,h_210,f_jpg?from=ke.com
20231229,昌平,回龙观,101121015113,金达园小区 满五唯一 精装修 南北通透,415万,47069元/平,中楼层 (共6层) | 1998年 | 2室1厅 | 88.17平米 | 南 北,https://ke-image.ljcdn.com/110000-inspection/1c339299-6874-48a4-8a99-4d7027be252c_1000.jpg!m_fill,w_280,h_210,f_jpg?from=ke.com
20231229,昌平,回龙观,101121014906,龙泽西区实用三居室+小区中间+中间楼层+采光好视野好,530万,49157元/平,中楼层 (共7层) 3室2厅 | 107.82平米 | 南 北,https://ke-image.ljcdn.com/110000-inspection/c81f7c47-ad1e-49dd-9aeb-c4d3ec043986_1000.jpg!m_fill,w_280,h_210,f_jpg?from=ke.com
20231229,昌平,回龙观,101121013310,北郊农场宿舍 满五年唯一 两居室,269万,51494元/平,顶层 (共4层) | 1983年 | 2室1厅 | 52.24平米 | 东 北,https://ke-image.ljcdn.com/110000-inspection/85848cb9-4415-4a9d-82e2-225310ac7fe0_1000.jpg!m_fill,w_280,h_210,f_jpg?from=ke.com
20231229,昌平,回龙观,101121011147,采光好视野佳临近商场精装修户型方正,529万,59586元/平,低楼层 (共24层) | 2015年 | 2室1厅 | 88.78平米 | 南,https://ke-image.ljcdn.com/110000-inspection/pc1_fa3MJcgKp.jpg!m_fill,w_280,h_210,f_jpg?from=ke.com
20231229,昌平,回龙观,101121007788,龙跃苑三区    自住装修  小区中间  满五年唯一房主自荐,512万,42982元/平,底层 (共6层) | 2005年 | 3室1厅 | 119.12平米 | 南 北,https://ke-image.ljcdn.com/110000-inspection/50f6c96a-81dc-48cf-8f23-b91e484af19c_1000.jpg!m_fill,w_280,h_210,f_jpg?from=ke.com
20231229,昌平,回龙观,101121006546,融泽嘉园满五唯一精装好位置两居,520万,59341元/平,中楼层 (共27层) | 2014年 | 2室1厅 | 87.63平米 | 南,https://ke-image.ljcdn.com/110000-inspection/477f4e62-084b-43d3-acd3-574ce4c21fe9_1000.jpg!m_fill,w_280,h_210,f_jpg?from=ke.com
20231229,昌平,回龙观,101121005750,领秀慧谷D2区 2室1厅 南,568万,72339元/平,高楼层 (共13层) | 2019年 | 2室1厅 | 78.52平米 | 南,https://ke-image.ljcdn.com/110000-inspection/42aa4342-2514-4c23-86b0-dc5947074d2c_1000.jpg!m_fill,w_280,h_210,f_jpg?from=ke.com
20231229,昌平,回龙观,101121005526,万科金域华府一期商品房满五唯一精装南向两居正对花园,628万,73305元/平,低楼层 (共28层) 2室2厅 | 85.67平米 | 南,https://ke-image.ljcdn.com/110000-inspection/8a16d2d4-6848-4885-bfd6-2980263619c0_1000.jpg!m_fill,w_280,h_210,f_jpg?from=ke.com
20231229,昌平,回龙观,101121005503,龙锦苑五区非半边顶层三居两卫商五唯一全明不临街房主自荐,525万,43189元/平,高楼层 (共6层) | 2005年 | 3室2厅 | 121.56平米 | 南 北,https://ke-image.ljcdn.com/110000-inspection/913d1c72-b0bc-435d-9cba-c5602053b54a_1000.jpg!m_fill,w_280,h_210,f_jpg?from=ke.com
20231229,昌平,回龙观,101121005279,龙腾苑六区   商五唯一 诚心出售 配套齐全 采光好,485万,48092元/平,高楼层 (共6层) | 2002年 | 2室1厅 | 100.85平米 | 南 北,https://ke-image.ljcdn.com/110000-inspection/pc1_WUP1n0JPj.jpg!m_fill,w_280,h_210,f_jpg?from=ke.com
20231229,昌平,回龙观,101121005153,万润家园正规电梯两居自住精装修满五唯一随时看,420万,60293元/平,中楼层 (共12层) | 2003年 | 2室1厅 | 69.66平米 | 北,https://ke-image.ljcdn.com/110000-inspection/pc1_MXggaL28c.jpg!m_fill,w_280,h_210,f_jpg?from=ke.com
20231229,昌平,回龙观,101121005091,商品房满五年唯一 精装修 距离地铁站400米 中间楼层,496万,50773元/平,中楼层 (共7层) 2室1厅 | 97.69平米 | 南 北,https://ke-image.ljcdn.com/110000-inspection/79b19db8-1942-4dd5-a392-9cc2b23a4837_1000.jpg!m_fill,w_280,h_210,f_jpg?from=ke.com
20231229,昌平,回龙观,101121005029,龙华园 2室1厅 南 北,395万,48875元/平,顶层 (共6层) | 1994年 | 2室1厅 | 80.82平米 | 南 北,https://ke-image.ljcdn.com/110000-inspection/pc1_eqFHdzbIA.jpg!m_fill,w_280,h_210,f_jpg?from=ke.com
20231229,昌平,回龙观,101121003205,融泽嘉园中路1号院 中间位置 全面格局 采光视野好,610万,55851元/平,中楼层 (共33层) 3室1厅 | 109.22平米 | 南 北,https://ke-image.ljcdn.com/110000-inspection/pc1_yemoZX8nd_1.jpg!m_fill,w_280,h_210,f_jpg?from=ke.com
20231229,昌平,回龙观,101121001717,高楼层视野开阔采光充足配套设施完善仅有契税,419万,51500元/平,顶层 (共6层) | 2011年 | 2室1厅 | 81.36平米 | 东 西,https://ke-image.ljcdn.com/110000-inspection/pc1_VFXPA7Q0B_1.jpg!m_fill,w_280,h_210,f_jpg?from=ke.com
20231229,昌平,回龙观,101121001117,融泽嘉园中路2号院 1室1厅 南,426万,67299元/平,中楼层 (共34层) | 2014年 | 1室1厅 | 63.3平米 | 南,https://ke-image.ljcdn.com/110000-inspection/21b82756-2dd2-48dc-895f-c2eb6011fdba_1000.jpg!m_fill,w_280,h_210,f_jpg?from=ke.com
20231229,昌平,回龙观,101120999969,此房满五年双线地铁电梯房南向一居不临街靠谱卖,378万,59556元/平,中楼层 (共11层) 1室1厅 | 63.47平米 | 南,https://ke-image.ljcdn.com/110000-inspection/pc1_sj90RbqTA.jpg!m_fill,w_280,h_210,f_jpg?from=ke.com
20231229,昌平,回龙观,101120998377,南北通透眼镜户型三居室不临街无遮挡,710万,61890元/平,低楼层 (共15层) | 2007年 | 3室1厅 | 114.72平米 | 南 北,https://ke-image.ljcdn.com/110000-inspection/pc1_Q0DUDGr5x.jpg!m_fill,w_280,h_210,f_jpg?from=ke.com
20231229,昌平,回龙观,101120997532,店长推荐 龙旗广场 正规西南向一居室 精装修 中高楼层房主自荐,389万,63949元/平,中楼层 (共28层) | 2010年 | 1室1厅 | 60.83平米 | 西南,https://ke-image.ljcdn.com/110000-inspection/pc1_o1CgZ3MIb.jpg!m_fill,w_280,h_210,f_jpg?from=ke.com
20231229,昌平,回龙观,101120995662,商品房满五唯一南北通透中高层采光好、视野好房主自荐,549万,62550元/平,高楼层 (共28层) 2室1厅 | 87.77平米 | 南 北,https://ke-image.ljcdn.com/110000-inspection/pc1_vbxkcpobF.jpg!m_fill,w_280,h_210,f_jpg?from=ke.com
20231229,昌平,回龙观,101120995163,北京城建畅悦居D区 2室1厅 南,389万,45312元/平,低楼层 (共21层) 2室1厅 | 85.85平米 | 南,https://ke-image.ljcdn.com/110000-inspection/pc1_mTewzIuD9_1.jpg!m_fill,w_280,h_210,f_jpg?from=ke.com
20231229,昌平,回龙观,101120994929,北郊农场宿舍 2室1厅 南 北房主自荐,345万,52915元/平,顶层 (共4层) | 1988年 | 2室1厅 | 65.2平米 | 南 北,https://ke-image.ljcdn.com/110000-inspection/ae5fe8eb-4e8d-4045-931e-9e7ca2e1c2f5_1000.jpg!m_fill,w_280,h_210,f_jpg?from=ke.com
20231229,昌平,回龙观,101120993367,矩阵三期首付120万20万精装修南向阳光一居室房主自荐,445万,70234元/平,顶层 (共10层) | 2007年 | 1室1厅 | 63.36平米 | 南,https://ke-image.ljcdn.com/110000-inspection/5a2b3d83-02b2-40f3-87e5-71bf5ee23b6c_1000.jpg!m_fill,w_280,h_210,f_jpg?from=ke.com
20231229,昌平,回龙观,101120991784,此房满五年唯一两卧室朝南通风好靠谱签约,460万,56847元/平,低楼层 (共11层) | 2011年 | 2室1厅 | 80.92平米 | 南,https://ke-image.ljcdn.com/110000-inspection/e641ec8a-5008-4c8f-9509-3f5357786f27_1000.jpg!m_fill,w_280,h_210,f_jpg?from=ke.com
20231229,昌平,回龙观,101120991739,天巢园 1室1厅 南,390万,62661元/平,低楼层 (共22层) 1室1厅 | 62.24平米 | 南,https://ke-image.ljcdn.com/110000-inspection/pc1_zvea5pKL7.jpg!m_fill,w_280,h_210,f_jpg?from=ke.com
20231229,昌平,回龙观,101120989686,金域华府一期 3室1厅 西 北,588万,65691元/平,中楼层 (共28层) 3室1厅 | 89.51平米 | 西 北,https://ke-image.ljcdn.com/110000-inspection/pc1_jp3x1PvlD.jpg!m_fill,w_280,h_210,f_jpg?from=ke.com
20231229,昌平,回龙观,101120989380,龙锦苑六区低楼层三居户型合理无浪费。,520万,45301元/平,低楼层 (共7层) | 2003年 | 3室1厅 | 114.79平米 | 南 北,https://ke-image.ljcdn.com/110000-inspection/d7c719e4-c873-4817-9c72-53e07b4a06d5_1000.jpg!m_fill,w_280,h_210,f_jpg?from=ke.com
20231229,昌平,回龙观,101120985044,新：南北通透双阳台落地窗+双卫+层高3.1米+周期无要求,420万,33493元/平,顶层 (共6层) | 2006年 | 3室1厅 | 125.4平米 | 南 北,https://ke-image.ljcdn.com/110000-inspection/5d681255-e112-4460-8804-5cfeb97448b9_1000.jpg!m_fill,w_280,h_210,f_jpg?from=ke.com
20231229,昌平,回龙观,101120981079,平层四居室带储物间南北通透明厨明卫,685万,44913元/平,底层 (共20层) 3室1厅 | 152.52平米 | 南 北,https://ke-image.ljcdn.com/110000-inspection/pc1_dD0WlExN1_1.jpg!m_fill,w_280,h_210,f_jpg?from=ke.com
20231229,昌平,回龙观,101120980188,商品房满五年唯一集中供暖地暖,540万,57101元/平,中楼层 (共6层) | 2004年 | 2室1厅 | 94.57平米 | 南 北,https://ke-image.ljcdn.com/110000-inspection/c5d4d212-d1e0-4544-a9cf-cb1dd35ab0ae_1000.jpg!m_fill,w_280,h_210,f_jpg?from=ke.com
20231229,昌平,回龙观,101120978222,融泽三期 2016年小区 位置好诚意出售,500万,57261元/平,低楼层 (共34层) | 2016年 | 2室1厅 | 87.32平米 | 南 北,https://ke-image.ljcdn.com/110000-inspection/b6f08c87-1f2a-48a9-90fc-20ec96718709_1000.jpg!m_fill,w_280,h_210,f_jpg?from=ke.com
20231229,昌平,回龙观,101120974592,商品房满五年唯一中间楼层全南户型精装修,616万,71787元/平,中楼层 (共27层) | 2012年 | 2室1厅 | 85.81平米 | 南,https://ke-image.ljcdn.com/110000-inspection/pc1_tB9cqaRHx_1.jpg!m_fill,w_280,h_210,f_jpg?from=ke.com
20231229,昌平,回龙观,101120973565,云趣园一区 2室1厅 南 北,442万,47208元/平,中楼层 (共6层) 2室1厅 | 93.63平米 | 南 北,https://ke-image.ljcdn.com/110000-inspection/401b63a5-67d5-47a1-8f11-7da07d330818_1000.jpg!m_fill,w_280,h_210,f_jpg?from=ke.com
20231229,昌平,回龙观,101120971817,此房满五年唯一前后都是花园楼间距看采光好,575万,67173元/平,顶层 (共27层) | 2012年 | 2室1厅 | 85.6平米 | 南,https://ke-image.ljcdn.com/110000-inspection/cf277469-22da-4cea-9412-f608db7ea294_1000.jpg!m_fill,w_280,h_210,f_jpg?from=ke.com
20231229,昌平,回龙观,101120968518,和谐家园一区、3居室满五唯一,470万,39834元/平,顶层 (共6层) | 2006年 | 3室1厅 | 117.99平米 | 南 北,https://ke-image.ljcdn.com/110000-inspection/ac5335f2-4937-4b74-b19b-13c279d8ba89_1000.jpg!m_fill,w_280,h_210,f_jpg?from=ke.com
20231229,昌平,回龙观,101120967587,北郊农场通透两居满五年唯一精装入住房主自荐,388万,48247元/平,底层 (共6层) | 1997年 | 2室1厅 | 80.42平米 | 南 北,https://ke-image.ljcdn.com/110000-inspection/pc1_InHIhxr4q.jpg!m_fill,w_280,h_210,f_jpg?from=ke.com
20231229,昌平,回龙观,101120965728,万润家园 近地铁带电梯正规小区中间两居室,388万,57439元/平,中楼层 (共9层) | 2003年 | 2室1厅 | 67.55平米 | 北,https://ke-image.ljcdn.com/110000-inspection/pc1_ePRqDn9Oa.jpg!m_fill,w_280,h_210,f_jpg?from=ke.com
20231229,昌平,回龙观,101120965094,采光好上下楼方便适合各种人群。,459万,47102元/平,底层 (共6层) 2室1厅 | 97.45平米 | 南 北,https://ke-image.ljcdn.com/110000-inspection/3bc56ddd-7b95-4476-b430-cc781f160817_1000.jpg!m_fill,w_280,h_210,f_jpg?from=ke.com
20231229,昌平,回龙观,101120964126,新龙城 2室1厅 南,570万,56442元/平,低楼层 (共20层) 2室1厅 | 100.99平米 | 南,https://ke-image.ljcdn.com/110000-inspection/pc1_KUpuPsn24.jpg!m_fill,w_280,h_210,f_jpg?from=ke.com
20231229,昌平,回龙观,101120960897,云趣园一区 2室1厅 南 北,430万,45211元/平,顶层 (共6层) 2室1厅 | 95.11平米 | 南 北,https://ke-image.ljcdn.com/110000-inspection/00eaa298-01bb-4e40-8649-1f5de9d34d9d_1000.jpg!m_fill,w_280,h_210,f_jpg?from=ke.com
20231229,昌平,回龙观,101120957937,龙博苑三区商满五唯一一居做两居视野开阔采光好房主自荐,335万,56867元/平,顶层 (共6层) 1室1厅 | 58.91平米 | 南,https://ke-image.ljcdn.com/110000-inspection/pc1_7UbS5OvSm.jpg!m_fill,w_280,h_210,f_jpg?from=ke.com
20231229,昌平,回龙观,101120956838,融泽嘉园中路1号院 中间楼层 正对小区花园 采光视野好,399万,63657元/平,中楼层 (共33层) | 2014年 | 1室1厅 | 62.68平米 | 南,https://ke-image.ljcdn.com/110000-inspection/8e2f2cd6-5785-4184-9bed-4a9ad7288e8b_1000.jpg!m_fill,w_280,h_210,f_jpg?from=ke.com
20231229,昌平,回龙观,101120956740,商品房满五唯一中间层不临街不把边诚心出售,508万,42597元/平,中楼层 (共6层) | 2005年 | 3室1厅 | 119.26平米 | 南 北,https://ke-image.ljcdn.com/110000-inspection/fd2079d2-2875-4e19-96d0-1839846452fe_1000.jpg!m_fill,w_280,h_210,f_jpg?from=ke.com
20231229,昌平,回龙观,101120955284,金域华府二期 全南两居 满五唯一  不临街  楼间距大,625万,78057元/平,低楼层 (共28层) | 2014年 | 2室1厅 | 80.07平米 | 南,https://ke-image.ljcdn.com/110000-inspection/pc1_JvUqX6As9.jpg!m_fill,w_280,h_210,f_jpg?from=ke.com
20231229,昌平,回龙观,101120954071,流星花园三区 3室1厅 南 北,699万,56136元/平,高楼层 (共6层) 3室1厅 | 124.52平米 | 南 北,https://ke-image.ljcdn.com/110000-inspection/pc1_jDkDWZLa1.jpg!m_fill,w_280,h_210,f_jpg?from=ke.com
20231229,昌平,回龙观,101120953913,户型方正采光好诚心出售商品房满五年唯一,410万,42117元/平,高楼层 (共6层) | 2008年 | 2室1厅 | 97.35平米 | 南 北,https://ke-image.ljcdn.com/110000-inspection/pc1_Bead91A5t.jpg!m_fill,w_280,h_210,f_jpg?from=ke.com
20231229,昌平,回龙观,101120953286,阳台外开门  一层种植 独立下水  满五年唯一房主自荐,636万,44903元/平,底层 (共6层) 3室1厅 | 141.64平米 | 南 北,https://ke-image.ljcdn.com/110000-inspection/5cb19972-ea47-4a8b-ab00-b2b797a882ad_1000.jpg!m_fill,w_280,h_210,f_jpg?from=ke.com
20231229,昌平,回龙观,101120950493,通达园74.06平米正规大一居业主诚意出售。,349万,47124元/平,高楼层 (共7层) | 2000年 | 1室1厅 | 74.06平米 | 东,https://ke-image.ljcdn.com/110000-inspection/pc1_0SZ6ZO24P_1.jpg!m_fill,w_280,h_210,f_jpg?from=ke.com
20231229,昌平,回龙观,101120944786,2011年电梯商品房 满五年唯一 近地铁 精装修房主自荐,558万,62215元/平,高楼层 (共21层) | 2011年 | 2室1厅 | 89.69平米 | 西南,https://ke-image.ljcdn.com/110000-inspection/pc1_uaKsYOM11.jpg!m_fill,w_280,h_210,f_jpg?from=ke.com
20231229,昌平,回龙观,101120940537,天露园二区 南北双通透 满五年 商品房 业主人好,438万,34017元/平,顶层 (共6层) | 2008年 | 3室2厅 | 128.76平米 | 南 北,https://ke-image.ljcdn.com/110000-inspection/50c5b967-87db-47fb-b086-bc065ac77d66_1000.jpg!m_fill,w_280,h_210,f_jpg?from=ke.com
20231229,昌平,回龙观,101120939884,新龙泽边北京农职院家属楼 中间楼层 只有契税 两居房主自荐,349万,60612元/平,中楼层 (共6层) 2室1厅 | 57.58平米 | 南 北,https://ke-image.ljcdn.com/110000-inspection/60881624-f69c-4d24-af37-2f97d1121b5c_1000.jpg!m_fill,w_280,h_210,f_jpg?from=ke.com
20231229,昌平,回龙观,101120938384,南向客厅南北通透两居自住精装不临街不把边房主自荐,375万,46987元/平,高楼层 (共6层) | 1995年 | 2室1厅 | 79.81平米 | 南 北,https://ke-image.ljcdn.com/110000-inspection/62a16fa9-5255-4030-b339-053d26604dcf_1000.jpg!m_fill,w_280,h_210,f_jpg?from=ke.com
20231229,昌平,回龙观,101120937798,矩阵一期商满五唯一小区中间位置不临街,379万,60544元/平,高楼层 (共6层) | 1998年 | 2室1厅 | 62.6平米 | 南 北,https://ke-image.ljcdn.com/110000-inspection/dd02a35f-3ee0-4e28-8cb7-3e2a37b460b1_1000.jpg!m_fill,w_280,h_210,f_jpg?from=ke.com
20231229,昌平,回龙观,101120936686,首开智慧社 2室1厅 南 北,499万,58044元/平,底层 (共17层) 2室1厅 | 85.97平米 | 南 北,https://ke-image.ljcdn.com/110000-inspection/d36764c1-7588-4940-b2ea-a02c0e885d38_1000.jpg!m_fill,w_280,h_210,f_jpg?from=ke.com
20231229,昌平,回龙观,101120933080,新龙城南北通透两居满五唯一户型方正,515万,53490元/平,低楼层 (共20层) | 2007年 | 2室1厅 | 96.28平米 | 南 北,https://ke-image.ljcdn.com/110000-inspection/pc1_lCle6lkQY.jpg!m_fill,w_280,h_210,f_jpg?from=ke.com
20231229,昌平,回龙观,101120928640,龙锦苑四区 东边户明卫 不临街,509万,41938元/平,中楼层 (共6层) | 2003年 | 3室1厅 | 121.37平米 | 南 北,https://ke-image.ljcdn.com/110000-inspection/c83963b3-8b52-4421-a01b-ca485d71a57b_1000.jpg!m_fill,w_280,h_210,f_jpg?from=ke.com
20231229,昌平,回龙观,101120926327,新龙城 2室1厅 南 北,398万,54566元/平,底层 (共20层) | 2007年 | 2室1厅 | 72.94平米 | 南 北,https://ke-image.ljcdn.com/110000-inspection/pc1_W6jeXsvRw.jpg!m_fill,w_280,h_210,f_jpg?from=ke.com
20231229,昌平,回龙观,101120925952,风雅园二区拎包入住推荐房源房主自荐,365万,51598元/平,顶层 (共5层) | 2000年 | 1室1厅 | 70.74平米 | 东 西,https://ke-image.ljcdn.com/110000-inspection/63cbd8df-9b74-4b3b-a9fc-6b7832eef4fb_1000.jpg!m_fill,w_280,h_210,f_jpg?from=ke.com
20231229,昌平,回龙观,101120922817,新龙城 1室1厅 北,380万,67044元/平,顶层 (共20层) | 2007年 | 1室1厅 | 56.68平米 | 北,https://ke-image.ljcdn.com/110000-inspection/pc1_nF45EMeIp.jpg!m_fill,w_280,h_210,f_jpg?from=ke.com
20231229,昌平,回龙观,101120922343,龙旗广场住宅 精装修正规两居 诚心出售房主自荐,550万,63154元/平,低楼层 (共28层) | 2010年 | 3室1厅 | 87.09平米 | 东 西北,https://ke-image.ljcdn.com/110000-inspection/pc1_N3zTOo90k.jpg!m_fill,w_280,h_210,f_jpg?from=ke.com
20231229,昌平,回龙观,101120919400,电梯三居室次新房小区南北双通透落地窗花园洋房,860万,68900元/平,中楼层 (共9层) | 2012年 | 3室2厅 | 124.82平米 | 南 北,https://ke-image.ljcdn.com/110000-inspection/79b143fe-82dd-439d-83c0-3d32b82a8cd8_1000.jpg!m_fill,w_280,h_210,f_jpg?from=ke.com
20231229,昌平,回龙观,101120914742,中美示范小区+带电梯+小区中间+集中供暖+精装一居房主自荐,379万,73536元/平,中楼层 (共20层) | 2005年 | 1室1厅 | 51.54平米 | 北,https://ke-image.ljcdn.com/110000-inspection/pc1_ZRb71yfpu.jpg!m_fill,w_280,h_210,f_jpg?from=ke.com
20231229,昌平,回龙观,101120912881,商品房满五年唯一1层接地气出入方便采光好无遮挡,459万,48830元/平,底层 (共6层) | 2006年 | 2室1厅 | 94平米 | 南 北,https://ke-image.ljcdn.com/110000-inspection/4c31b448-093d-4c43-926f-fe063b1f0805_1000.jpg!m_fill,w_280,h_210,f_jpg?from=ke.com
20231229,昌平,回龙观,101120910085,龙华园 1室1厅 南 北房主自荐,305万,54847元/平,底层 (共7层) 1室1厅 | 55.61平米 | 南 北,https://ke-image.ljcdn.com/110000-inspection/pc1_JhwowINcy_1.jpg!m_fill,w_280,h_210,f_jpg?from=ke.com
20231229,昌平,回龙观,101120908416,风雅园三区大两居低楼层宜居,430万,45892元/平,底层 (共6层) | 2000年 | 2室1厅 | 93.7平米 | 西南 北,https://ke-image.ljcdn.com/110000-inspection/pc1_G1gDn43B4.jpg!m_fill,w_280,h_210,f_jpg?from=ke.com
20231229,昌平,回龙观,101120908249,此房商品房无遮挡采光好南北通透大两居,469万,49369元/平,高楼层 (共6层) 2室1厅 | 95平米 | 南 北,https://ke-image.ljcdn.com/110000-inspection/pc1_gPNsUW0wl_1.jpg!m_fill,w_280,h_210,f_jpg?from=ke.com
20231229,昌平,回龙观,101120908056,花园小区 经典全南大两居 首付350万5层诚心出售,650万,70233元/平,低楼层 (共21层) | 2016年 | 2室1厅 | 92.55平米 | 南,https://ke-image.ljcdn.com/110000-inspection/5d8e7003-3c6b-4add-abf0-1c5c17ae1aad_1000.jpg!m_fill,w_280,h_210,f_jpg?from=ke.com
20231229,昌平,回龙观,101120907491,小区花园位置+安静采光好+商品房首套+业主自住精装房主自荐,458万,47699元/平,顶层 (共6层) | 2002年 | 2室1厅 | 96.02平米 | 南 北,https://ke-image.ljcdn.com/110000-inspection/549b7005-2715-4323-856e-c906ae12779c_1000.jpg!m_fill,w_280,h_210,f_jpg?from=ke.com
20231229,昌平,回龙观,101120906628,万科物业面宽5.7米全屋精装修次新人车分流社区,930万,81881元/平,高楼层 (共27层) | 2020年 | 3室2厅 | 113.58平米 | 南 北,https://ke-image.ljcdn.com/110000-inspection/8f64af9c-525f-4516-bc2e-9ef92616b0c4_1000.jpg!m_fill,w_280,h_210,f_jpg?from=ke.com
20231229,昌平,回龙观,101120906458,和谐家园一层三居出行方便看房随时,510万,43221元/平,底层 (共6层) | 2006年 | 3室1厅 | 118平米 | 南 北,https://ke-image.ljcdn.com/110000-inspection/a1ef42d4-f070-4061-900c-4ba800ce906b_1000.jpg!m_fill,w_280,h_210,f_jpg?from=ke.com
20231229,昌平,回龙观,101120906362,龙博苑+中间楼层+户型方正+近地铁+配套齐全+商品房,499万,57068元/平,中楼层 (共7层) | 2004年 | 3室1厅 | 87.44平米 | 南 北,https://ke-image.ljcdn.com/110000-inspection/pc1_t7tSlKuNj.jpg!m_fill,w_280,h_210,f_jpg?from=ke.com
20231229,昌平,回龙观,101120905485,北郊农场家属院中间层南北通透两居室,335万,51200元/平,中楼层 (共4层) | 1991年 | 2室1厅 | 65.43平米 | 南 北,https://ke-image.ljcdn.com/110000-inspection/e4124d67-4450-4c3d-b286-ef18d2fec5dc_1000.jpg!m_fill,w_280,h_210,f_jpg?from=ke.com
20231229,昌平,回龙观,101120905474,龙锦苑二区小区中间位置精装两年地铁500米房主自荐,475万,47330元/平,顶层 (共6层) | 2005年 | 2室1厅 | 100.36平米 | 南 北,https://ke-image.ljcdn.com/110000-inspection/77dab44a-9443-4fe1-80a8-8d9a090ccd4f_1000.jpg!m_fill,w_280,h_210,f_jpg?from=ke.com
20231229,昌平,回龙观,101120905102,云趣园一区 3室2厅 南 北,485万,47024元/平,中楼层 (共6层) | 2000年 | 3室2厅 | 103.14平米 | 南 北,https://ke-image.ljcdn.com/110000-inspection/8b732283-ccce-47e6-89f6-e23ec9485c6c_1000.jpg!m_fill,w_280,h_210,f_jpg?from=ke.com
20231229,昌平,回龙观,101120904333,首开国风美唐二期 全明格局 满五年唯一,640万,67263元/平,中楼层 (共18层) | 2014年 | 2室1厅 | 95.15平米 | 南 北,https://ke-image.ljcdn.com/110000-inspection/b661ca54-c6f6-43b0-9f66-b4dda2a23a10_1000.jpg!m_fill,w_280,h_210,f_jpg?from=ke.com
20231229,昌平,回龙观,101120903301,电梯一居室小区中间视野采光无遮挡精装修房主自荐,389万,76111元/平,低楼层 (共20层) | 2003年 | 1室1厅 | 51.11平米 | 西 北,https://ke-image.ljcdn.com/110000-inspection/pc1_SkAB4Ycrx.jpg!m_fill,w_280,h_210,f_jpg?from=ke.com
20231229,昌平,回龙观,101120901632,8号线地铁云趣园一区精装修带车位双通透二居满五唯一,395万,44653元/平,顶层 (共6层) 2室2厅 | 88.46平米 | 南 北,https://ke-image.ljcdn.com/110000-inspection/3cf05e98-530b-4f87-ad8b-cc904ef26d14_1000.jpg!m_fill,w_280,h_210,f_jpg?from=ke.com
20231229,昌平,回龙观,101120899424,钢混结构银社区环境优美！物业管理好！,450万,58694元/平,底层 (共6层) | 2003年 | 2室1厅 | 76.67平米 | 南 北,https://ke-image.ljcdn.com/110000-inspection/2900ecec-6c28-4deb-a180-fb4b82a088b0_1000.jpg!m_fill,w_280,h_210,f_jpg?from=ke.com
20231229,昌平,回龙观,101120895931,龙博苑一区 回龙观地铁 不临街 低楼层 商五一 只契税,560万,47454元/平,低楼层 (共6层) | 2005年 | 3室1厅 | 118.01平米 | 南 北,https://ke-image.ljcdn.com/110000-inspection/pc1_43sSDHpT0.jpg!m_fill,w_280,h_210,f_jpg?from=ke.com
20231229,昌平,回龙观,101120895574,商满五唯一南北双通透格局视野好采光充足,510万,43093元/平,高楼层 (共6层) | 2006年 | 3室1厅 | 118.35平米 | 南 北,https://ke-image.ljcdn.com/110000-inspection/5c919a13-f815-4acd-9feb-90336eec70bf_1000.jpg!m_fill,w_280,h_210,f_jpg?from=ke.com
20231229,昌平,回龙观,101120894274,北京人家南北通透两居室精装修诚心出售,435万,58800元/平,顶层 (共6层) | 2004年 | 2室1厅 | 73.98平米 | 南 北,https://ke-image.ljcdn.com/110000-inspection/25d790f1-4d6f-477d-afa4-dfbf9fc5b354_1000.jpg!m_fill,w_280,h_210,f_jpg?from=ke.com
20231229,昌平,回龙观,101120891473,龙旗广场2010年小区南北通透,499万,56043元/平,高楼层 (共28层) | 2010年 | 3室1厅 | 89.04平米 | 南 北,https://ke-image.ljcdn.com/110000-inspection/pc1_hOWCb24lf.jpg!m_fill,w_280,h_210,f_jpg?from=ke.com
20231229,昌平,回龙观,101120891411,龙博苑二区优质2居中间层南北向随时签约,410万,51327元/平,中楼层 (共6层) | 2004年 | 2室1厅 | 79.88平米 | 南 北,https://ke-image.ljcdn.com/110000-inspection/d5bd37e0-8969-4fac-b343-b199aecbaf25_1000.jpg!m_fill,w_280,h_210,f_jpg?from=ke.com
20231229,昌平,回龙观,101120890852,南北通透商品房满五年家庭首套采光好精装修,455万,47386元/平,顶层 (共6层) | 2002年 | 2室1厅 | 96.02平米 | 南 北,https://ke-image.ljcdn.com/110000-inspection/pc1_1igwpyiVI.jpg!m_fill,w_280,h_210,f_jpg?from=ke.com
20231229,昌平,回龙观,101120890048,龙博苑+近地铁+配套齐全+小区中间+商品房,480万,59791元/平,低楼层 (共6层) | 2005年 | 2室1厅 | 80.28平米 | 南 北,https://ke-image.ljcdn.com/110000-inspection/pc1_EWpo6VgLR.jpg!m_fill,w_280,h_210,f_jpg?from=ke.com
20231229,昌平,回龙观,101120886872,首开国风美唐三期 3室1厅 南 北,950万,74592元/平,低楼层 (共18层) | 2016年 | 3室1厅 | 127.36平米 | 南 北,https://ke-image.ljcdn.com/110000-inspection/83561dc8-20c0-4213-8900-d965bfe2c232_1000.jpg!m_fill,w_280,h_210,f_jpg?from=ke.com
20231229,昌平,回龙观,101120886773,北京人家电梯房全朝南两居落地窗,540万,58588元/平,中楼层 (共9层) | 2005年 | 2室1厅 | 92.17平米 | 南,https://ke-image.ljcdn.com/110000-inspection/63fe7f07-9b72-4be5-b1b7-3ca4f20ac581_1000.jpg!m_fill,w_280,h_210,f_jpg?from=ke.com
20231229,昌平,回龙观,101120884320,首开国风美唐二期 小区中间位置 田字格户型 看房方便,730万,74734元/平,低楼层 (共20层) 3室1厅 | 97.68平米 | 南 北,https://ke-image.ljcdn.com/110000-inspection/b49dc8b4-1404-4d65-9457-ac70db988fb6_1000.jpg!m_fill,w_280,h_210,f_jpg?from=ke.com
20231229,昌平,回龙观,101120882222,电梯+小区中间位置+满五唯一+南向,373万,59122元/平,底层 (共9层) | 2011年 | 1室1厅 | 63.09平米 | 南,https://ke-image.ljcdn.com/110000-inspection/485bdf18-722e-478e-bf96-38b9f0c2f384_1000.jpg!m_fill,w_280,h_210,f_jpg?from=ke.com
20231229,昌平,回龙观,101120875834,龙华园 集体供暖 精装修 南北三居室房主自荐,448万,48744元/平,中楼层 (共7层) | 1996年 | 3室1厅 | 91.91平米 | 南 北,https://ke-image.ljcdn.com/110000-inspection/pc1_SVaySoeVh_1.jpg!m_fill,w_280,h_210,f_jpg?from=ke.com
20231229,昌平,回龙观,101120874685,地铁8号线旁 平层四居室 普通住宅 商满五唯一,540万,38624元/平,中楼层 (共6层) 4室1厅 | 139.81平米 | 南 北,https://ke-image.ljcdn.com/110000-inspection/pc1_zprLGglcg.jpg!m_fill,w_280,h_210,f_jpg?from=ke.com
20231229,昌平,回龙观,101120872225,商品房满五唯一首套只有契税自住装修房主自荐,329万,52190元/平,中楼层 (共4层) 2室1厅 | 63.04平米 | 南 北,https://ke-image.ljcdn.com/110000-inspection/dd288d0b-fc07-4eca-8800-bfe0c8a2b378_1000.jpg!m_fill,w_280,h_210,f_jpg?from=ke.com
20231229,昌平,回龙观,101120870844,龙泽西区商品房 双卧朝南一卧朝北三居 南北西三面采光房主自荐,515万,50986元/平,中楼层 (共6层) | 1999年 | 3室1厅 | 101.01平米 | 南 北,https://ke-image.ljcdn.com/110000-inspection/pc1_8oQMhbyEx.jpg!m_fill,w_280,h_210,f_jpg?from=ke.com
20231229,昌平,回龙观,101120868482,商品房满五唯一近地铁近公园采光视野好,405万,34640元/平,顶层 (共6层) 3室1厅 | 116.92平米 | 南 北,https://ke-image.ljcdn.com/110000-inspection/03d59fae-93a7-4529-937e-fa277dc70039_1000.jpg!m_fill,w_280,h_210,f_jpg?from=ke.com
20231229,昌平,回龙观,101120868270,小区中间位置商品房满五年业主家庭唯一住房视野开阔,460万,44936元/平,顶层 (共6层) | 2005年 | 3室1厅 | 102.37平米 | 南 北,https://ke-image.ljcdn.com/110000-inspection/pc1_qMPc2g2S2.jpg!m_fill,w_280,h_210,f_jpg?from=ke.com
20231229,昌平,回龙观,101120867907,全南一居室 户型方正  融泽二期 2015年小区 精装修,429万,65119元/平,中楼层 (共31层) 1室1厅 | 65.88平米 | 南,https://ke-image.ljcdn.com/110000-inspection/pc1_W7XQuPr5e.jpg!m_fill,w_280,h_210,f_jpg?from=ke.com
20231229,昌平,回龙观,101120866228,北京农职院家属楼 2室1厅 南房主自荐,320万,62185元/平,低楼层 (共6层) 2室1厅 | 51.46平米 | 南,https://ke-image.ljcdn.com/110000-inspection/pc1_faztrQ8xC.jpg!m_fill,w_280,h_210,f_jpg?from=ke.com
20231229,昌平,回龙观,101120864283,京投发展公园悦府一区 满五唯一 全南户型,525万,64984元/平,低楼层 (共22层) | 2015年 | 2室1厅 | 80.79平米 | 南,https://ke-image.ljcdn.com/110000-inspection/48296690-ced9-4887-b56f-a9ad8c50900e_1000.jpg!m_fill,w_280,h_210,f_jpg?from=ke.com
20231229,昌平,回龙观,101120861695,满五唯一南北通透明厨明卫中间采光通风好配套完善,565万,55090元/平,低楼层 (共9层) | 2007年 | 2室1厅 | 102.56平米 | 南 北,https://ke-image.ljcdn.com/110000-inspection/fde2cd13-1c4c-4ac9-bbca-5b7d71bc12fb_1000.jpg!m_fill,w_280,h_210,f_jpg?from=ke.com
20231229,昌平,回龙观,101120854133,金域华府二期  万科品质 精装修两居室,699万,78267元/平,高楼层 (共27层) | 2014年 | 2室1厅 | 89.31平米 | 南,https://ke-image.ljcdn.com/110000-inspection/146194a1-9fa9-4101-b61c-153e12fb77b5_1000.jpg!m_fill,w_280,h_210,f_jpg?from=ke.com
20231229,昌平,回龙观,101120853478,天露园一区 商品房 双明卫 精装修 随时看房,500万,39259元/平,高楼层 (共6层) | 2008年 | 3室2厅 | 127.36平米 | 南 北,https://ke-image.ljcdn.com/110000-inspection/pc1_IJSQZaZSx.jpg!m_fill,w_280,h_210,f_jpg?from=ke.com
20231229,昌平,回龙观,101120849871,回龙观北京人家两居室满五年唯一落地窗,400万,56762元/平,顶层 (共6层) | 2004年 | 2室1厅 | 70.47平米 | 南 北,https://ke-image.ljcdn.com/110000-inspection/pc1_KMEtHl9bX.jpg!m_fill,w_280,h_210,f_jpg?from=ke.com
20231229,昌平,回龙观,101120843349,满五唯一  中高楼层  没有遮挡,700万,66578元/平,高楼层 (共34层) 3室2厅 | 105.14平米 | 南 北,https://ke-image.ljcdn.com/110000-inspection/6adee37d-4799-4828-b50b-77c130365b82_1000.jpg!m_fill,w_280,h_210,f_jpg?from=ke.com
20231229,昌平,回龙观,101120842057,美唐三期精装修采光好全明格局大三居房主自荐,920万,72078元/平,低楼层 (共18层) | 2016年 | 3室2厅 | 127.64平米 | 东 南 北,https://ke-image.ljcdn.com/110000-inspection/ef868dc6-28aa-4755-9a32-0a5d954f2320_1000.jpg!m_fill,w_280,h_210,f_jpg?from=ke.com
20231229,昌平,回龙观,101120841979,龙华园 2室1厅 南 北,399万,59287元/平,中楼层 (共5层) | 1996年 | 2室1厅 | 67.3平米 | 南 北,https://ke-image.ljcdn.com/110000-inspection/pc1_TUnPNfV54.jpg!m_fill,w_280,h_210,f_jpg?from=ke.com
20231229,昌平,回龙观,101120823626,商五一视野好采光充足小区中间位置,588万,49684元/平,中楼层 (共6层) | 2006年 | 3室1厅 | 118.35平米 | 南 北,https://ke-image.ljcdn.com/110000-inspection/4c39930c-1bc9-4c64-bec3-4c57fdd18a0a_1000.jpg!m_fill,w_280,h_210,f_jpg?from=ke.com
20231229,昌平,回龙观,101120818878,云趣园二区   政府建造   品质有保障,450万,43005元/平,中楼层 (共7层) | 2000年 | 3室1厅 | 104.64平米 | 南 北,https://ke-image.ljcdn.com/110000-inspection/pc1_OwBeic4yo.jpg!m_fill,w_280,h_210,f_jpg?from=ke.com
20231229,昌平,回龙观,101120817756,商满五唯一只有契税看房随时,479万,56208元/平,中楼层 (共7层) | 2003年 | 2室1厅 | 85.22平米 | 北 南,https://ke-image.ljcdn.com/110000-inspection/15946000-c162-49b4-bec4-f837d6b13205_1000.jpg!m_fill,w_280,h_210,f_jpg?from=ke.com
20231229,昌平,回龙观,101120812194,商品房满五唯一 精装修 中间楼层 诚心出售房主自荐,515万,59360元/平,中楼层 (共18层) 2室1厅 | 86.76平米 | 南,https://ke-image.ljcdn.com/110000-inspection/pc1_0HOjR7nKC.jpg!m_fill,w_280,h_210,f_jpg?from=ke.com
20231229,昌平,回龙观,101120811498,北店嘉园中间位置精装修南北通透两居室随时可看,526万,59678元/平,中楼层 (共5层) | 2003年 | 2室1厅 | 88.14平米 | 南 北,https://ke-image.ljcdn.com/110000-inspection/592c88df-20ef-4f47-9165-e267179d534f_1000.jpg!m_fill,w_280,h_210,f_jpg?from=ke.com
20231229,昌平,回龙观,101120808059,北京城建畅悦居A区电梯中高层采光好精装修房主自荐,310万,43860元/平,高楼层 (共21层) | 2016年 | 1室1厅 | 70.68平米 | 东,https://ke-image.ljcdn.com/110000-inspection/441b6a8b-7cb9-421f-ada9-c0548d29a5c9_1000.jpg!m_fill,w_280,h_210,f_jpg?from=ke.com
20231229,昌平,回龙观,101120799241,领秀慧谷C区中间位置两居室不临街电梯中间层,635万,70627元/平,中楼层 (共6层) | 2011年 | 2室2厅 | 89.91平米 | 南 北,https://ke-image.ljcdn.com/110000-inspection/cd811469-a4b1-42af-aeb5-e92f35a42091_1000.jpg!m_fill,w_280,h_210,f_jpg?from=ke.com
20231229,昌平,回龙观,101120792547,落地飘窗满五年唯一刚装修两年可以拎包入住,620万,65072元/平,中楼层 (共6层) | 2006年 | 2室1厅 | 95.28平米 | 东 南,https://ke-image.ljcdn.com/110000-inspection/b4747914-dd1d-4f95-aee6-cd1541eb094d_1000.jpg!m_fill,w_280,h_210,f_jpg?from=ke.com
20231229,昌平,回龙观,101120791295,龙腾苑五区  小区中间位置3层 双明卫,688万,49235元/平,中楼层 (共6层) 3室1厅 | 139.74平米 | 南 西 北,https://ke-image.ljcdn.com/110000-inspection/pc1_WH0ZZ7Ahe.jpg!m_fill,w_280,h_210,f_jpg?from=ke.com
20231229,昌平,回龙观,101120790992,龙回苑 小区中间位置 三居两卫 商品房满五唯一诚意售房主自荐,566万,44648元/平,中楼层 (共7层) | 2004年 | 3室1厅 | 126.77平米 | 南 北,https://ke-image.ljcdn.com/110000-inspection/20ed235b-0ef3-411c-8add-1924c8b2b76c_1000.jpg!m_fill,w_280,h_210,f_jpg?from=ke.com
20231229,昌平,回龙观,101120784331,田园风光雅苑南北通透两居室双卫中间楼层满五年唯一房主自荐,548万,49017元/平,中楼层 (共6层) | 2006年 | 2室2厅 | 111.8平米 | 南 北,https://ke-image.ljcdn.com/110000-inspection/e53e7254-9633-4e22-b1bb-9b8d57e384ea_1000.jpg!m_fill,w_280,h_210,f_jpg?from=ke.com
20231229,昌平,回龙观,101120782032,北郊农场宿舍 二层 南北两居室 94年楼龄 集中供暖,292万,45007元/平,中楼层 (共4层) 2室1厅 | 64.88平米 | 南 北,https://ke-image.ljcdn.com/110000-inspection/70d46b06-d253-406e-865a-b73e43b2c217_1000.jpg!m_fill,w_280,h_210,f_jpg?from=ke.com
20231229,昌平,回龙观,101120781520,融泽嘉园中路6号院精装修南北通透2居室房主自荐,538万,54531元/平,中楼层 (共25层) 2室1厅 | 98.66平米 | 南 北,https://ke-image.ljcdn.com/110000-inspection/pc1_0qUYP3ocf.jpg!m_fill,w_280,h_210,f_jpg?from=ke.com
20231229,昌平,回龙观,101120781257,满五唯一全明户型电梯一梯两户底层板楼,530万,55037元/平,中楼层 (共8层) 2室1厅 | 96.3平米 | 东 西,https://ke-image.ljcdn.com/110000-inspection/pc1_JfJ17PLpj.jpg!m_fill,w_280,h_210,f_jpg?from=ke.com
20231229,昌平,回龙观,101120774674,风雅园二区 临公园 临医院  临地铁,438万,45588元/平,中楼层 (共7层) | 2000年 | 2室2厅 | 96.08平米 | 南 北,https://ke-image.ljcdn.com/110000-inspection/1a8a1a6d-64c9-46bf-9bab-17dea49c0d14_1000.jpg!m_fill,w_280,h_210,f_jpg?from=ke.com
20231229,昌平,回龙观,101120774065,龙回苑 3室1厅 南 北,610万,48119元/平,底层 (共7层) | 2004年 | 3室1厅 | 126.77平米 | 南 北,https://ke-image.ljcdn.com/110000-inspection/f9c5cc7b-e30a-48c0-93cd-e73bea7bcf9a_1000.jpg!m_fill,w_280,h_210,f_jpg?from=ke.com
20231229,昌平,回龙观,101120773595,和谐家园优质两居落地窗商品房满五唯一,495万,49714元/平,顶层 (共6层) | 2006年 | 2室1厅 | 99.57平米 | 南 北,https://ke-image.ljcdn.com/110000-inspection/0961b366-910a-4e68-ae50-a441ca4d8762_1000.jpg!m_fill,w_280,h_210,f_jpg?from=ke.com
20231229,昌平,回龙观,101120768605,满五年唯一精装大三居近地铁钢混结构纯商品房,815万,58537元/平,低楼层 (共6层) 3室2厅 | 139.23平米 | 南 北,https://ke-image.ljcdn.com/110000-inspection/64c0541b-317d-4cbd-9a29-910cc2693446_1000.jpg!m_fill,w_280,h_210,f_jpg?from=ke.com
20231229,昌平,回龙观,101120768321,商品房满五年唯一精装自住落地窗交通方便房主自荐,265万,56794元/平,低楼层 (共20层) 1室0厅 | 46.66平米 | 北,https://ke-image.ljcdn.com/110000-inspection/pc1_oUmmRv7qx.jpg!m_fill,w_280,h_210,f_jpg?from=ke.com
20231229,昌平,回龙观,101120765648,龙泽西区小区中间位置+采光好+近地铁+低密度社区,490万,49853元/平,高楼层 (共6层) | 2000年 | 2室1厅 | 98.29平米 | 东 南,https://ke-image.ljcdn.com/110000-inspection/pc1_wMX3nnIId_1.jpg!m_fill,w_280,h_210,f_jpg?from=ke.com
20231229,昌平,回龙观,101120762544,回龙观 三层精装两居 商品房满五唯一 无遮挡 采光不错房主自荐,449万,45654元/平,中楼层 (共6层) | 2008年 | 2室1厅 | 98.35平米 | 南 北,https://ke-image.ljcdn.com/110000-inspection/77550856-2620-4464-acd6-1f73218f39e2_1000.jpg!m_fill,w_280,h_210,f_jpg?from=ke.com
20231229,昌平,回龙观,101120744247,领秀慧谷C区 小区中间位置三居室 精装修 看房方便,768万,61941元/平,低楼层 (共9层) 3室2厅 | 123.99平米 | 南 北,https://ke-image.ljcdn.com/110000-inspection/fdf356f3-7112-4b62-923f-4b78a32c6ff6_1000.jpg!m_fill,w_280,h_210,f_jpg?from=ke.com
20231229,昌平,回龙观,101120733413,融泽嘉园中路1号院 南北通透 中间位置房主自荐,510万,54940元/平,低楼层 (共28层) 2室1厅 | 92.83平米 | 南 北,https://ke-image.ljcdn.com/110000-inspection/fed37ef5-70e7-4f61-b5d7-84e69744459d_1000.jpg!m_fill,w_280,h_210,f_jpg?from=ke.com
20231229,昌平,回龙观,101120732392,龙旗广场带电梯精装修中间楼层一居室诚心出售,399万,65593元/平,低楼层 (共28层) | 2010年 | 1室1厅 | 60.83平米 | 西南,https://ke-image.ljcdn.com/110000-inspection/pc1_o0ostuZhS.jpg!m_fill,w_280,h_210,f_jpg?from=ke.com
20231229,昌平,回龙观,101120721852,南北三居 小区中间位置 闹中取静 户型合理,516万,48758元/平,中楼层 (共6层) | 2000年 | 3室1厅 | 105.83平米 | 南 北,https://ke-image.ljcdn.com/110000-inspection/8f0d3f8e-4e06-463f-8109-f6d16f437cc6_1000.jpg!m_fill,w_280,h_210,f_jpg?from=ke.com
20231229,昌平,回龙观,101120712723,业主跟我换房详情点击咨询 2017年电梯房 全南向两居室,369万,43068元/平,低楼层 (共21层) 2室1厅 | 85.68平米 | 南,https://ke-image.ljcdn.com/110000-inspection/pc1_OUJ4BmnlQ_1.jpg!m_fill,w_280,h_210,f_jpg?from=ke.com
20231229,昌平,回龙观,101120712294,商满五年唯一采光无遮挡近地铁近公园,458万,48948元/平,高楼层 (共6层) | 2000年 | 2室1厅 | 93.57平米 | 南 北,https://ke-image.ljcdn.com/110000-inspection/0bc32a3e-0020-499f-a9fa-53d7ee116720_1000.jpg!m_fill,w_280,h_210,f_jpg?from=ke.com
20231229,昌平,回龙观,101120705969,矩阵电梯两居南北通透小区中间中高楼层视野好,505万,56463元/平,中楼层 (共11层) | 2005年 | 2室1厅 | 89.44平米 | 南 北,https://ke-image.ljcdn.com/110000-inspection/81768633-1283-460a-a353-cbbfd2fe1036_1000.jpg!m_fill,w_280,h_210,f_jpg?from=ke.com
20231229,昌平,回龙观,101120690964,首开国风美唐三期精装修 人车分流 地铁8号线13号线,715万,77256元/平,高楼层 (共21层) | 2016年 | 2室1厅 | 92.55平米 | 南,https://ke-image.ljcdn.com/110000-inspection/a63aa8a0-f4c3-441e-9da1-e7ac0c1c47ed_1000.jpg!m_fill,w_280,h_210,f_jpg?from=ke.com
20231229,昌平,回龙观,101120688958,融泽嘉园 全南格局 楼层好诚意出售,520万,59422元/平,中楼层 (共28层) | 2014年 | 2室1厅 | 87.51平米 | 南,https://ke-image.ljcdn.com/110000-inspection/pc1_fAt9GtbIf_1.jpg!m_fill,w_280,h_210,f_jpg?from=ke.com
20231229,昌平,回龙观,101120686074,佰嘉城 三局双卫 满五年唯一 南北通透房主自荐,430万,35697元/平,顶层 (共6层) | 2008年 | 3室1厅 | 120.46平米 | 南 北,https://ke-image.ljcdn.com/110000-inspection/pc1_MLrBZFMhL_1.jpg!m_fill,w_280,h_210,f_jpg?from=ke.com
20231229,昌平,回龙观,101120679300,总监推荐房源:楼层好采光时长长只有契税,639万,70120元/平,高楼层 (共11层) | 2016年 | 2室2厅 | 91.13平米 | 南 北,https://ke-image.ljcdn.com/110000-inspection/pc1_THwWl2GBJ.jpg!m_fill,w_280,h_210,f_jpg?from=ke.com
20231229,昌平,回龙观,101120678942,矩阵一期正规三居室南北通透集中供暖户型方正,399万,50000元/平,底层 (共6层) 3室1厅 | 79.8平米 | 南 北,https://ke-image.ljcdn.com/110000-inspection/a609a0a5-ae32-4ffa-929f-48a5408d93c5_1000.jpg!m_fill,w_280,h_210,f_jpg?from=ke.com
20231229,昌平,回龙观,101120677734,次新房自住精装家具家电全齐商品房户型好,705万,69623元/平,中楼层 (共11层) | 2019年 | 3室2厅 | 101.26平米 | 南 北,https://ke-image.ljcdn.com/110000-inspection/8f707f0e-1d45-40c7-a8d0-7c6932dbfabe_1000.jpg!m_fill,w_280,h_210,f_jpg?from=ke.com
20231229,昌平,回龙观,101120674073,此房商品房无遮挡采光好毛坯三居室,528万,45032元/平,中楼层 (共6层) | 2000年 | 3室1厅 | 117.25平米 | 南 北,https://ke-image.ljcdn.com/110000-inspection/pc1_onHWX0YRW_1.jpg!m_fill,w_280,h_210,f_jpg?from=ke.com
20231229,昌平,回龙观,101120672583,双卫两居南北通透商品房满五年唯一采光好视野开阔房主自荐,480万,43609元/平,顶层 (共6层) | 2006年 | 2室1厅 | 110.07平米 | 南 北,https://ke-image.ljcdn.com/110000-inspection/af449497-0f51-4171-bbc4-289f1bbed8ba_1000.jpg!m_fill,w_280,h_210,f_jpg?from=ke.com
20231229,昌平,回龙观,101120663606,流星花园三区+低层洋房社区+满五唯一,408万,67062元/平,低楼层 (共11层) | 2008年 | 2室1厅 | 60.84平米 | 东北,https://ke-image.ljcdn.com/110000-inspection/30147273-4984-4271-94f0-d704ec54e04c_1000.jpg!m_fill,w_280,h_210,f_jpg?from=ke.com
20231229,昌平,回龙观,101120663583,国风美唐二期全南两居商品房满五年唯一价格能谈,538万,71382元/平,低楼层 (共18层) | 2015年 | 2室1厅 | 75.37平米 | 南,https://ke-image.ljcdn.com/110000-inspection/85b4abd5-5a3b-4b7e-aa37-7e36809271b9_1000.jpg!m_fill,w_280,h_210,f_jpg?from=ke.com
20231229,昌平,回龙观,101120657492,中间楼层小区中间位置南北通透大四居,845万,51151元/平,中楼层 (共6层) | 2003年 | 4室2厅 | 165.2平米 | 南 西 北,https://ke-image.ljcdn.com/110000-inspection/pc1_efQfOaPIc_1.jpg!m_fill,w_280,h_210,f_jpg?from=ke.com
20231229,昌平,回龙观,101120644029,满五年唯一南北通透格局方正自带20平米私人领域,370万,54775元/平,底层 (共7层) | 2003年 | 1室1厅 | 67.55平米 | 南 北,https://ke-image.ljcdn.com/110000-inspection/0aecd6fb-cf3b-4ab2-88d8-6066a4b57236_1000.jpg!m_fill,w_280,h_210,f_jpg?from=ke.com
20231229,昌平,回龙观,101120643248,龙旗广场电梯房板塔结合新楼龄满五唯一诚心卖,470万,58979元/平,底层 (共28层) | 2010年 | 2室1厅 | 79.69平米 | 东南,https://ke-image.ljcdn.com/110000-inspection/pc1_94UlbFMZZ.jpg!m_fill,w_280,h_210,f_jpg?from=ke.com
20231229,昌平,回龙观,101120637803,此房满五唯一 中间楼层视野好小区环境优美,539万,61383元/平,中楼层 (共34层) | 2016年 | 2室1厅 | 87.81平米 | 南,https://ke-image.ljcdn.com/110000-inspection/3663dfa4-c768-47a7-b7ef-076ccc2dabc7_1000.jpg!m_fill,w_280,h_210,f_jpg?from=ke.com
20231229,昌平,回龙观,101120614579,北京人家 经典南北通透四居室 中间楼层 全明格局,750万,45599元/平,低楼层 (共6层) | 2004年 | 4室2厅 | 164.48平米 | 南 北,https://ke-image.ljcdn.com/110000-inspection/pc1_Wmwpg9M2x.jpg!m_fill,w_280,h_210,f_jpg?from=ke.com
20231229,昌平,回龙观,101120608698,龙旗广场2010年楼龄电梯高层两居满五唯一,470万,58824元/平,高楼层 (共28层) | 2010年 | 2室1厅 | 79.9平米 | 西南,https://ke-image.ljcdn.com/110000-inspection/3192c74e-fd5b-41f5-9ae0-82057582eb5f_1000.jpg!m_fill,w_280,h_210,f_jpg?from=ke.com
20231229,昌平,回龙观,101120607966,精装修大三居 安家之选 拎包入住房主自荐,479万,37390元/平,顶层 (共6层) 3室1厅 | 128.11平米 | 南 北,https://ke-image.ljcdn.com/110000-inspection/pc1_gj4JQ3aj5_1.jpg!m_fill,w_280,h_210,f_jpg?from=ke.com
20231229,昌平,回龙观,101120597883,北京人家电梯一居室满五唯一房主自荐,349万,62222元/平,高楼层 (共9层) 1室1厅 | 56.09平米 | 北,https://ke-image.ljcdn.com/110000-inspection/105f2fde-38da-4a48-9144-8eebd189bd08_1000.jpg!m_fill,w_280,h_210,f_jpg?from=ke.com
20231229,昌平,回龙观,101120592911,南北通透 采光好 视野好 诚意出售房主自荐,508万,41935元/平,高楼层 (共6层) | 2000年 | 3室2厅 | 121.14平米 | 南 北,https://ke-image.ljcdn.com/110000-inspection/3c5d180e-51e2-49ee-ace0-b7cc2921833a_1000.jpg!m_fill,w_280,h_210,f_jpg?from=ke.com
20231229,昌平,回龙观,101120592687,满五年唯一无抵押落地窗大阳台,430万,48621元/平,底层 (共6层) | 2005年 | 2室1厅 | 88.44平米 | 南 北,https://ke-image.ljcdn.com/110000-inspection/542d3973-47c1-4c52-b9d4-5ba670666c4d_1000.jpg!m_fill,w_280,h_210,f_jpg?from=ke.com
20231229,昌平,回龙观,101120579756,融泽嘉园西6号院南北两居室高楼层视野好全天采光,545万,62173元/平,高楼层 (共31层) | 2016年 | 2室1厅 | 87.66平米 | 南 北,https://ke-image.ljcdn.com/110000-inspection/pc1_NptICDFf0_1.jpg!m_fill,w_280,h_210,f_jpg?from=ke.com
20231229,昌平,回龙观,101120576133,领秀慧谷D2区全屋定制国际国内一线品牌精装！房主自荐,956万,70742元/平,低楼层 (共13层) | 2019年 | 3室2厅 | 135.14平米 | 南 北,https://ke-image.ljcdn.com/110000-inspection/b7ea2b73-fb3d-417f-b4c0-eee33417f475_1000.jpg!m_fill,w_280,h_210,f_jpg?from=ke.com
20231229,昌平,回龙观,101120574324,畅悦居 满五唯一 带电梯次新小区 采光好户型方正房主自荐,389万,47830元/平,底层 (共21层) 2室1厅 | 81.33平米 | 南 北,https://ke-image.ljcdn.com/110000-inspection/pc1_9eNUfq0q6_1.jpg!m_fill,w_280,h_210,f_jpg?from=ke.com
20231229,昌平,回龙观,101120566182,京投发展公园悦府一区二期东南2居挑高3米得房率80%,590万,64474元/平,中楼层 (共11层) | 2016年 | 2室1厅 | 91.51平米 | 东南,https://ke-image.ljcdn.com/110000-inspection/13303529-d593-4ae8-aa3b-24d0fd34bcc2_1000.jpg!m_fill,w_280,h_210,f_jpg?from=ke.com
20231229,昌平,回龙观,101120565504,满五唯一精装修大两居。南北通透。位置安静房主自荐,373万,46238元/平,顶层 (共6层) | 1994年 | 2室1厅 | 80.67平米 | 南 北,https://ke-image.ljcdn.com/110000-inspection/pc1_Ym8wzimOX.jpg!m_fill,w_280,h_210,f_jpg?from=ke.com
20231229,昌平,回龙观,101120561036,北京城建畅悦居D区 3室1厅 东南,395万,37713元/平,低楼层 (共21层) 3室1厅 | 104.74平米 | 东南,https://ke-image.ljcdn.com/110000-inspection/pc1_6Sk6cKg0b_1.jpg!m_fill,w_280,h_210,f_jpg?from=ke.com
20231229,昌平,回龙观,101120557428,小区中间 楼层3层 自采暖地暖 接受换房 地铁8/13号线,620万,49800元/平,中楼层 (共6层) | 2006年 | 3室1厅 | 124.5平米 | 南 北,https://ke-image.ljcdn.com/110000-inspection/c7d84c5e-5191-4b12-a4a4-f8881e5562e5_1000.jpg!m_fill,w_280,h_210,f_jpg?from=ke.com
20231229,昌平,回龙观,101120553769,南北通透 精装修拎包入住 靠谱出售,528万,61842元/平,中楼层 (共34层) 2室1厅 | 85.38平米 | 南 北,https://ke-image.ljcdn.com/110000-inspection/2f364f98-44e6-4b93-aa68-8faeb67877dd_1000.jpg!m_fill,w_280,h_210,f_jpg?from=ke.com
20231229,昌平,回龙观,101120552928,畅悦居2016年次新电梯房 业主靠谱出售 详情点击咨询,310万,43829元/平,高楼层 (共21层) | 2016年 | 1室1厅 | 70.73平米 | 东,https://ke-image.ljcdn.com/110000-inspection/d3ed98ad-5f9e-409e-88a5-143e7a622c55_1000.jpg!m_fill,w_280,h_210,f_jpg?from=ke.com
20231229,昌平,回龙观,101120550281,万科金域华府 商品房性质 满五唯一 南向方正户型,530万,59311元/平,底层 (共28层) | 2012年 | 2室1厅 | 89.36平米 | 南,https://ke-image.ljcdn.com/110000-inspection/pc1_RygZnYsuA.jpg!m_fill,w_280,h_210,f_jpg?from=ke.com
20231229,昌平,回龙观,101120549700,温馨小户型首付100万左右靠谱出售可签约,267万,56449元/平,低楼层 (共11层) | 2004年 | 1室0厅 | 47.3平米 | 北,https://ke-image.ljcdn.com/110000-inspection/0cd07fb2-d9cd-46fe-9696-920000a5f739_1000.jpg!m_fill,w_280,h_210,f_jpg?from=ke.com
20231229,昌平,回龙观,101120540411,流星花园三区 三面采光 电梯洋房 诚意出售,920万,51268元/平,高楼层 (共6层) | 2004年 | 4室2厅 | 179.45平米 | 东 南 北,https://ke-image.ljcdn.com/110000-inspection/3cebae41-913d-4d95-820d-14ee19069c0d_1000.jpg!m_fill,w_280,h_210,f_jpg?from=ke.com
20231229,昌平,回龙观,101120539260,云趣园一区 满五年  南北通透大两居房主自荐,398万,41741元/平,顶层 (共6层) | 2000年 | 2室1厅 | 95.35平米 | 南 北,https://ke-image.ljcdn.com/110000-inspection/5db4f309-d188-4ce6-b33e-f3350c876a4b_1000.jpg!m_fill,w_280,h_210,f_jpg?from=ke.com
20231229,昌平,回龙观,101120535373,新龙城南向一居室  小区中间位置   满两年只有契税,305万,70164元/平,底层 (共20层) | 2007年 | 1室1厅 | 43.47平米 | 西南,https://ke-image.ljcdn.com/110000-inspection/pc1_ZNnEbXz7l.jpg!m_fill,w_280,h_210,f_jpg?from=ke.com
20231229,昌平,回龙观,101120529071,三季有花！四季常青！大美北店嘉园明卫两居！仅契税！,430万,55599元/平,高楼层 (共6层) | 2003年 | 2室1厅 | 77.34平米 | 南 北,https://ke-image.ljcdn.com/110000-inspection/pc1_23y0jsqc7_1.jpg!m_fill,w_280,h_210,f_jpg?from=ke.com
20231229,昌平,回龙观,101120527002,满五唯一中高层南向采光好、视野好随时签约,580万,71088元/平,高楼层 (共34层) | 2016年 | 2室1厅 | 81.59平米 | 南,https://ke-image.ljcdn.com/110000-inspection/94c452b4-e882-4eb9-9aa3-49786dfdbbdf_1000.jpg!m_fill,w_280,h_210,f_jpg?from=ke.com
20231229,昌平,回龙观,101120512205,房子没有抵押产权清晰满五年唯一商品房,399万,49907元/平,顶层 (共6层) | 2004年 | 2室1厅 | 79.95平米 | 南 北,https://ke-image.ljcdn.com/110000-inspection/2819d121-9aa9-435c-b9b4-28624a6b0ae3_1000.jpg!m_fill,w_280,h_210,f_jpg?from=ke.com
20231229,昌平,回龙观,101120511025,龙华园 1室1厅 南 北,340万,58051元/平,底层 (共6层) | 1994年 | 1室1厅 | 58.57平米 | 南 北,https://ke-image.ljcdn.com/110000-inspection/pc1_r9wWF3KRH.jpg!m_fill,w_280,h_210,f_jpg?from=ke.com
20231229,昌平,回龙观,101120494004,位置好 高楼层视野好 业主诚心出售,539万,61678元/平,高楼层 (共34层) | 2016年 | 2室1厅 | 87.39平米 | 南 北,https://ke-image.ljcdn.com/110000-inspection/5b7a211b-e96b-44b3-a627-08e98feb0ab0_1000.jpg!m_fill,w_280,h_210,f_jpg?from=ke.com
20231229,昌平,回龙观,101120491506,商满五唯一精装修中低楼层看房随时,479万,56208元/平,中楼层 (共7层) 2室1厅 | 85.22平米 | 南 北,https://ke-image.ljcdn.com/110000-inspection/8306ebf4-7f92-4e20-b48e-ea13082ecfc9_1000.jpg!m_fill,w_280,h_210,f_jpg?from=ke.com
20231229,昌平,回龙观,101120468626,万润家园 满五年唯一住房 中间楼层 无抵押,398万,57135元/平,低楼层 (共12层) | 2003年 | 2室1厅 | 69.66平米 | 北,https://ke-image.ljcdn.com/110000-inspection/pc1_gRnh1SrpY.jpg!m_fill,w_280,h_210,f_jpg?from=ke.com
20231229,昌平,回龙观,101120467556,冠庭园 商品房满五唯一 钢混结构 落地窗 低楼层,485万,65285元/平,底层 (共7层) | 2006年 | 2室1厅 | 74.29平米 | 南 北,https://ke-image.ljcdn.com/110000-inspection/pc1_GGjbbfaHb_1.jpg!m_fill,w_280,h_210,f_jpg?from=ke.com
20231229,昌平,回龙观,101120466483,融泽嘉园中路1号院 小区中间位置 无遮挡采光视野好,490万,55937元/平,低楼层 (共28层) 2室1厅 | 87.6平米 | 南,https://ke-image.ljcdn.com/110000-inspection/pc1_fBNIJU4vd.jpg!m_fill,w_280,h_210,f_jpg?from=ke.com
20231229,昌平,回龙观,101120465380,首开国风美唐二期 小区中间 明卫三居 户型方正,780万,79853元/平,低楼层 (共20层) | 2015年 | 3室1厅 | 97.68平米 | 北 南,https://ke-image.ljcdn.com/110000-inspection/be28137c-7c0a-45c0-81c8-fd3fbf1a828f_1000.jpg!m_fill,w_280,h_210,f_jpg?from=ke.com
20231229,昌平,回龙观,101120459427,商品房满五年唯一小区中间位置户型布局合理,572万,48500元/平,高楼层 (共6层) | 2002年 | 3室1厅 | 117.94平米 | 南 北,https://ke-image.ljcdn.com/110000-inspection/pc1_ZmhyfquBk.jpg!m_fill,w_280,h_210,f_jpg?from=ke.com
20231229,昌平,回龙观,101120455090,回龙观龙城花园北二区满五唯一出售,356万,54236元/平,中楼层 (共4层) 2室1厅 | 65.64平米 | 南 北,https://ke-image.ljcdn.com/110000-inspection/pc1_Z4kEStuC7_1.jpg!m_fill,w_280,h_210,f_jpg?from=ke.com
20231229,昌平,回龙观,101120454392,龙跃苑东五区 精装修 商满五唯一 随时签约,465万,47801元/平,顶层 (共5层) 2室1厅 | 97.28平米 | 南 北,https://ke-image.ljcdn.com/110000-inspection/206947fd-c480-4e03-936f-81698f2b0def_1000.jpg!m_fill,w_280,h_210,f_jpg?from=ke.com
20231229,昌平,回龙观,101120450066,龙锦苑四区南北通透大一居不临街商品房精装,368万,55556元/平,低楼层 (共7层) | 2003年 | 1室1厅 | 66.24平米 | 南 北,https://ke-image.ljcdn.com/110000-inspection/5a7bb923-8475-413c-a8d8-f0e702284a8b_1000.jpg!m_fill,w_280,h_210,f_jpg?from=ke.com
20231229,昌平,回龙观,101120447135,龙华园 3室1厅 南 西 北,448万,51043元/平,低楼层 (共6层) 3室1厅 | 87.77平米 | 南 西 北,https://ke-image.ljcdn.com/110000-inspection/pc1_ywD1zlU2u.jpg!m_fill,w_280,h_210,f_jpg?from=ke.com
20231229,昌平,回龙观,101120445616,龙泽东区钢混两居+户型方正+中间楼层+靠谱出售,498万,65570元/平,中楼层 (共7层) | 2005年 | 2室1厅 | 75.95平米 | 东 西,https://ke-image.ljcdn.com/110000-inspection/pc1_gyXAmqrQd.jpg!m_fill,w_280,h_210,f_jpg?from=ke.com
20231229,昌平,回龙观,101120435374,融泽嘉园南北通透 商品房 精装修,598万,64205元/平,中楼层 (共28层) 2室1厅 | 93.14平米 | 南 北,https://ke-image.ljcdn.com/110000-inspection/pc1_j9DoqCPPA.jpg!m_fill,w_280,h_210,f_jpg?from=ke.com
20231229,昌平,回龙观,101120423142,商品房 低楼层 明卫 精装修 满五年唯一,530万,47710元/平,低楼层 (共6层) | 2003年 | 3室1厅 | 111.09平米 | 南 北,https://ke-image.ljcdn.com/110000-inspection/46e9d318-4877-4b4b-a120-ea2d6c7ce527_1000.jpg!m_fill,w_280,h_210,f_jpg?from=ke.com
20231229,昌平,回龙观,101120422170,和谐家园三居室中间层满五唯一只有契税,505万,42725元/平,高楼层 (共6层) | 2006年 | 3室1厅 | 118.2平米 | 南 北,https://ke-image.ljcdn.com/110000-inspection/bc86f27a-616c-49b1-bb30-f6bb99a031f9_1000.jpg!m_fill,w_280,h_210,f_jpg?from=ke.com
20231229,昌平,回龙观,101120411577,和谐家园一区南北通透采光好双卫三居室,471万,39916元/平,顶层 (共6层) | 2006年 | 3室1厅 | 118平米 | 南 北,https://ke-image.ljcdn.com/110000-inspection/c0ba722d-27ba-4674-b8e3-a70d838ec95d_1000.jpg!m_fill,w_280,h_210,f_jpg?from=ke.com
20231229,昌平,回龙观,101120410062,方正户型把东边无遮挡随时可以签约,655万,75210元/平,低楼层 (共27层) 2室1厅 | 87.09平米 | 东南,https://ke-image.ljcdn.com/110000-inspection/871d141a-b37c-46af-8d52-39754f0a114a_1000.jpg!m_fill,w_280,h_210,f_jpg?from=ke.com
20231229,昌平,回龙观,101120379446,龙城花园北二区两居室商品房诚心出售,330万,52348元/平,中楼层 (共4层) | 2004年 | 2室1厅 | 63.04平米 | 南 北,https://ke-image.ljcdn.com/110000-inspection/69c51bfe-2aa9-468e-8d72-a35e8329ec72_1000.jpg!m_fill,w_280,h_210,f_jpg?from=ke.com
20231229,昌平,回龙观,101120374816,全明格局+落地双阳台+原始带地暖+商品房+层高3.1米,499万,42418元/平,顶层 (共6层) | 2006年 | 3室1厅 | 117.64平米 | 南 北,https://ke-image.ljcdn.com/110000-inspection/69130ed0-5776-455e-a4e4-94d4fe2bcd03_1000.jpg!m_fill,w_280,h_210,f_jpg?from=ke.com
20231229,昌平,回龙观,101120362093,高楼层 纯南一居 户型方正 采光好,385万,65288元/平,高楼层 (共6层) | 2005年 | 1室1厅 | 58.97平米 | 南,https://ke-image.ljcdn.com/110000-inspection/pc1_yjAkUqbZK.jpg!m_fill,w_280,h_210,f_jpg?from=ke.com
20231229,昌平,回龙观,101120354590,北京城建畅悦居A区 2室1厅 南,410万,50412元/平,低楼层 (共21层) 2室1厅 | 81.33平米 | 南,https://ke-image.ljcdn.com/110000-inspection/3aea59e9-68de-4e24-b7e7-e010037b41d7_1000.jpg!m_fill,w_280,h_210,f_jpg?from=ke.com
20231229,昌平,回龙观,101120353425,2019年商品房小区电梯高楼层品牌精装修拎包入住,972万,71926元/平,中楼层 (共13层) 3室2厅 | 135.14平米 | 东 南 北,https://ke-image.ljcdn.com/110000-inspection/e49dfe1a-cf73-4448-8d62-0ca6fc5470f6_1000.jpg!m_fill,w_280,h_210,f_jpg?from=ke.com
20231229,昌平,回龙观,101120352018,电梯南向一居室楼层位置好满五年唯一,350万,75906元/平,高楼层 (共11层) | 2006年 | 1室1厅 | 46.11平米 | 西南,https://ke-image.ljcdn.com/110000-inspection/pc1_zsALkx05o_1.jpg!m_fill,w_280,h_210,f_jpg?from=ke.com
20231229,昌平,回龙观,101120343312,融泽嘉园中路2号院商品房满五唯一南北通透三居室,635万,56150元/平,中楼层 (共32层) | 2013年 | 3室1厅 | 113.09平米 | 南 北,https://ke-image.ljcdn.com/110000-inspection/a3531c6e-db40-4af5-8fee-22d884657466_1000.jpg!m_fill,w_280,h_210,f_jpg?from=ke.com
20231229,昌平,回龙观,101120341804,文化居住区精装修大两居 诚心出售,460万,47433元/平,顶层 (共6层) | 2008年 | 2室1厅 | 96.98平米 | 南 北,https://ke-image.ljcdn.com/110000-inspection/pc1_OnqBUTifc_1.jpg!m_fill,w_280,h_210,f_jpg?from=ke.com
20231229,昌平,回龙观,101120336901,流星花园洋房三居电梯5/6层精装修不临街不把边,730万,57386元/平,高楼层 (共6层) | 2003年 | 3室1厅 | 127.21平米 | 南 北,https://ke-image.ljcdn.com/110000-inspection/a87b54e2-2553-49d8-93c0-7a1aa9f51af3_1000.jpg!m_fill,w_280,h_210,f_jpg?from=ke.com
20231229,昌平,回龙观,101120330563,龙泽苑西区 近龙泽地铁站 集体供暖 纯商品房,515万,48476元/平,中楼层 (共7层) | 1996年 | 3室1厅 | 106.24平米 | 南 北,https://ke-image.ljcdn.com/110000-inspection/pc1_MIv7cDrTk.jpg!m_fill,w_280,h_210,f_jpg?from=ke.com
20231229,昌平,回龙观,101120329872,云趣园一区自住精装修商满五唯一近地铁近医院房主自荐,449万,43449元/平,顶层 (共6层) | 2000年 | 3室1厅 | 103.34平米 | 南 北,https://ke-image.ljcdn.com/110000-inspection/7af11a2d-8009-4bb5-89ba-1e8da23f46cf_1000.jpg!m_fill,w_280,h_210,f_jpg?from=ke.com
20231229,昌平,回龙观,101120327608,小区中间位置   电梯三居室   诚心出售随时签约,698万,57204元/平,中楼层 (共7层) | 2004年 | 3室2厅 | 122.02平米 | 南 北,https://ke-image.ljcdn.com/110000-inspection/8626d6d3-3603-444a-ad86-efceffa10b1c_1000.jpg!m_fill,w_280,h_210,f_jpg?from=ke.com
20231229,昌平,回龙观,101120319604,商品房满五年唯一 小区中间位置 视野采光好,385万,65244元/平,中楼层 (共6层) | 2005年 | 1室1厅 | 59.01平米 | 南,https://ke-image.ljcdn.com/110000-inspection/pc1_a8XiRtvyy.jpg!m_fill,w_280,h_210,f_jpg?from=ke.com
20231229,昌平,回龙观,101120314355,京投发展公园悦府二区高楼层精装南北三居室自住,888万,78183元/平,中楼层 (共27层) 3室2厅 | 113.58平米 | 南 北,https://ke-image.ljcdn.com/110000-inspection/06dc8bfc-b063-451f-8eff-4c5a2947c40c_1000.jpg!m_fill,w_280,h_210,f_jpg?from=ke.com
20231229,昌平,回龙观,101120308280,龙跃苑东四区 准新房 纯毛坯 随时看房,460万,37699元/平,顶层 (共6层) | 2007年 | 3室1厅 | 122.02平米 | 南 北,https://ke-image.ljcdn.com/110000-inspection/f7643d0d-8f3f-414e-a56c-65f53b2a3e16_1000.jpg!m_fill,w_280,h_210,f_jpg?from=ke.com
20231229,昌平,回龙观,101120307677,龙锦苑四区 3室1厅 南 北房主自荐,560万,48866元/平,中楼层 (共6层) 3室1厅 | 114.6平米 | 南 北,https://ke-image.ljcdn.com/110000-inspection/7736aa73-7c60-4168-8a95-250cedee2a3c_1000.jpg!m_fill,w_280,h_210,f_jpg?from=ke.com
20231229,昌平,回龙观,101120306614,龙泽苑东区 电梯一居室 不临街 楼层好 装修好,358万,61992元/平,中楼层 (共11层) | 2005年 | 1室1厅 | 57.75平米 | 北,https://ke-image.ljcdn.com/110000-inspection/e1cd9794-3bac-4245-afdb-91d003d77e6f_1000.jpg!m_fill,w_280,h_210,f_jpg?from=ke.com
20231229,昌平,回龙观,101120283645,商品房中间层近地铁近公园,430万,37015元/平,中楼层 (共6层) | 1999年 | 3室1厅 | 116.17平米 | 南 北,https://ke-image.ljcdn.com/110000-inspection/b323fe82-eab2-4ed9-8c79-2640d03703ad_1000.jpg!m_fill,w_280,h_210,f_jpg?from=ke.com
20231229,昌平,回龙观,101120283272,金达园 3室1厅 南 北,650万,53083元/平,底层 (共6层) | 1998年 | 3室1厅 | 122.45平米 | 南 北,https://ke-image.ljcdn.com/110000-inspection/151cf1c6-a5aa-46c4-85a9-240c5f784d74_1000.jpg!m_fill,w_280,h_210,f_jpg?from=ke.com
20231229,昌平,回龙观,101120273343,龙腾苑二区3层商品房满五唯一 看房有K,598万,50563元/平,中楼层 (共6层) | 2003年 | 3室1厅 | 118.27平米 | 南 北,https://ke-image.ljcdn.com/110000-inspection/pc1_BdQ9HSDAd.jpg!m_fill,w_280,h_210,f_jpg?from=ke.com
20231229,昌平,回龙观,101120250940,龙兴园中区 南北三居室 低楼层 户型方正 诚意出售房主自荐,452万,42414元/平,低楼层 (共6层) | 1997年 | 3室1厅 | 106.57平米 | 南 北,https://ke-image.ljcdn.com/110000-inspection/0deeb0df-d40b-42f9-a6af-878ed70056f6_1000.jpg!m_fill,w_280,h_210,f_jpg?from=ke.com
20231229,昌平,回龙观,101120245692,龙腾苑六区 40w精装修 采光好 近地铁,510万,50571元/平,中楼层 (共6层) | 2002年 | 2室1厅 | 100.85平米 | 南 北,https://ke-image.ljcdn.com/110000-inspection/pc1_AIoERyewd.jpg!m_fill,w_280,h_210,f_jpg?from=ke.com
20231229,昌平,回龙观,101120235635,融泽嘉园 高楼层 采光好 视野棒,560万,63586元/平,中楼层 (共34层) | 2016年 | 2室1厅 | 88.07平米 | 南,https://ke-image.ljcdn.com/110000-inspection/ddcd0262-cd14-419c-aa2d-523826c89c9a_1000.jpg!m_fill,w_280,h_210,f_jpg?from=ke.com
20231229,昌平,回龙观,101120207581,流星花园 电梯三居室 一梯两户 满五唯一,678万,55743元/平,中楼层 (共11层) | 2006年 | 3室1厅 | 121.63平米 | 南 北,https://ke-image.ljcdn.com/110000-inspection/314c78a2-e4c6-4185-8bf5-3aa60ff25079_1000.jpg!m_fill,w_280,h_210,f_jpg?from=ke.com
20231229,昌平,回龙观,101120185671,新上 3 层 全南向两居 不临街 居家装修 满五唯一 可谈房主自荐,533万,56147元/平,中楼层 (共6层) | 2004年 | 2室1厅 | 94.93平米 | 南,https://ke-image.ljcdn.com/110000-inspection/12a20abc-d229-4d46-b204-4ad6f7020da8_1000.jpg!m_fill,w_280,h_210,f_jpg?from=ke.com
20231229,昌平,回龙观,101120183729,新龙城 2室1厅 南 北,559万,55506元/平,低楼层 (共20层) | 2007年 | 2室1厅 | 100.71平米 | 南 北,https://ke-image.ljcdn.com/110000-inspection/pc1_fQDSq5xZo.jpg!m_fill,w_280,h_210,f_jpg?from=ke.com
20231229,昌平,回龙观,101120182319,小区中间 经典眼镜三居室 高楼层,729万,66545元/平,中楼层 (共11层) 3室1厅 | 109.55平米 | 南 北,https://ke-image.ljcdn.com/110000-inspection/pc1_SF2tti7AZ_1.jpg!m_fill,w_280,h_210,f_jpg?from=ke.com
20231229,昌平,回龙观,101120179153,融泽嘉园西二路2号院  楼层高  视野好  满五唯一,539万,61383元/平,中楼层 (共34层) | 2016年 | 2室1厅 | 87.81平米 | 南 北,https://ke-image.ljcdn.com/110000-inspection/pc1_7f3spURoo_1.jpg!m_fill,w_280,h_210,f_jpg?from=ke.com
20231229,昌平,回龙观,101120164563,商品房满五年唯一落地窗采光好诚心出售,585万,62648元/平,低楼层 (共19层) 2室1厅 | 93.38平米 | 南,https://ke-image.ljcdn.com/110000-inspection/1c2a9a6d-d172-4887-b4ce-1b7e14bd3f3c_1000.jpg!m_fill,w_280,h_210,f_jpg?from=ke.com
20231229,昌平,回龙观,101120159953,融泽嘉园中路1号院 商品房 中高层全南两居房主自荐,530万,60510元/平,高楼层 (共28层) | 2014年 | 2室1厅 | 87.59平米 | 南,https://ke-image.ljcdn.com/110000-inspection/pc1_3dura0CT2.jpg!m_fill,w_280,h_210,f_jpg?from=ke.com
20231229,昌平,回龙观,101120158608,龙锦苑四区 3室2厅 南 北,560万,46632元/平,低楼层 (共6层) | 2004年 | 3室2厅 | 120.09平米 | 南 北,https://ke-image.ljcdn.com/110000-inspection/2fdb1e44-a26e-4c80-94f6-73718e29195f_1000.jpg!m_fill,w_280,h_210,f_jpg?from=ke.com
20231229,昌平,回龙观,101120142943,满五唯一 精装自住 可直接入住 2层 小区中间位置,569万,48455元/平,中楼层 (共5层) | 2000年 | 2室2厅 | 117.43平米 | 南 北,https://ke-image.ljcdn.com/110000-inspection/f631581c-2716-47ca-8b8f-d98e3e402729_1000.jpg!m_fill,w_280,h_210,f_jpg?from=ke.com
20231229,昌平,回龙观,101120142907,龙锦苑二区+不临街的1层+明厨明卫+自住精装房主自荐,460万,46564元/平,底层 (共6层) | 2005年 | 2室1厅 | 98.79平米 | 南 北,https://ke-image.ljcdn.com/110000-inspection/8be24535-76b8-482e-9a80-00aebbccea74_1000.jpg!m_fill,w_280,h_210,f_jpg?from=ke.com
20231229,昌平,回龙观,101120141604,业主人好诚心出售精装修大三居,499万,40123元/平,顶层 (共6层) | 2008年 | 3室1厅 | 124.37平米 | 南 北,https://ke-image.ljcdn.com/110000-inspection/pc1_AYE2xGkn1_1.jpg!m_fill,w_280,h_210,f_jpg?from=ke.com
20231229,昌平,回龙观,101120139279,南北通透落地阳台满五年唯一诚心出售自住装修,450万,50670元/平,低楼层 (共6层) | 2005年 | 2室1厅 | 88.81平米 | 南 北,https://ke-image.ljcdn.com/110000-inspection/538cbb42-6907-491e-aba6-2ad605722977_1000.jpg!m_fill,w_280,h_210,f_jpg?from=ke.com
20231229,昌平,回龙观,101120130826,次顶层观景一居室  商品房小区  有水系景观,408万,68572元/平,高楼层 (共11层) 1室1厅 | 59.5平米 | 西北,https://ke-image.ljcdn.com/110000-inspection/pc1_nWJPMXQP2_1.jpg!m_fill,w_280,h_210,f_jpg?from=ke.com
20231229,昌平,回龙观,101120126703,商品房中间位置中间楼层诚意出售,489万,49067元/平,低楼层 (共6层) | 2005年 | 2室1厅 | 99.66平米 | 南 北,https://ke-image.ljcdn.com/110000-inspection/beaeaa26-f67c-42c2-947d-54c390124381_1000.jpg!m_fill,w_280,h_210,f_jpg?from=ke.com
20231229,昌平,回龙观,101120115404,云趣园三区   只有契税   稳定签约,409万,43162元/平,顶层 (共6层) | 2000年 | 2室1厅 | 94.76平米 | 南 北,https://ke-image.ljcdn.com/110000-inspection/71aa0174-52f8-4597-95fe-295d17c5335d_1000.jpg!m_fill,w_280,h_210,f_jpg?from=ke.com
20231229,昌平,回龙观,101120104543,商品房满五唯一自住装修看房方便,490万,41463元/平,高楼层 (共6层) | 2006年 | 3室1厅 | 118.18平米 | 南 北,https://ke-image.ljcdn.com/110000-inspection/f8ced2ba-102c-4b02-8fa7-c45c1f073ea5_1000.jpg!m_fill,w_280,h_210,f_jpg?from=ke.com
20231229,昌平,回龙观,101120100829,龙跃苑东二区 3室1厅 南 北房主自荐,645万,51820元/平,底层 (共6层) | 2007年 | 3室1厅 | 124.47平米 | 南 北,https://ke-image.ljcdn.com/110000-inspection/c7bfb72d-29bb-4669-a296-3cd620151280_1000.jpg!m_fill,w_280,h_210,f_jpg?from=ke.com
20231229,昌平,回龙观,101120087299,通达花园品质小区改善型社区落地飘窗 。,380万,59117元/平,低楼层 (共7层) 1室1厅 | 64.28平米 | 南 北,https://ke-image.ljcdn.com/110000-inspection/76a969c9-41f5-4f5b-94de-12f5b91cea8b_1000.jpg!m_fill,w_280,h_210,f_jpg?from=ke.com
20231229,昌平,回龙观,101120085662,骊龙园4层视野好满五唯一钢混建筑落地窗,649万,48527元/平,中楼层 (共6层) | 2005年 | 3室2厅 | 133.74平米 | 南 北,https://ke-image.ljcdn.com/110000-inspection/1c232b4d-d6e2-4662-b5fe-b69181ee2f54_1000.jpg!m_fill,w_280,h_210,f_jpg?from=ke.com
20231229,昌平,回龙观,101120081122,满五唯一 纯商品房社区 人文环境好 绿化45%,550万,47053元/平,中楼层 (共7层) 3室1厅 | 116.89平米 | 南 北,https://ke-image.ljcdn.com/110000-inspection/pc1_y2X7lLASo.jpg!m_fill,w_280,h_210,f_jpg?from=ke.com
20231229,昌平,回龙观,101120079567,北京市农学院家属宿舍 带电梯3层 采光好,268万,68333元/平,中楼层 (共6层) | 1990年 | 1室1厅 | 39.22平米 | 南,https://ke-image.ljcdn.com/110000-inspection/pc1_WKj1Uyvzt_1.jpg!m_fill,w_280,h_210,f_jpg?from=ke.com
20231229,昌平,回龙观,101120069877,大三居次顶层精装修好位置好楼层品质楼盘,999万,82631元/平,高楼层 (共27层) | 2015年 | 3室2厅 | 120.9平米 | 南 北,https://ke-image.ljcdn.com/110000-inspection/pc1_jP7INa75z_1.jpg!m_fill,w_280,h_210,f_jpg?from=ke.com
20231229,昌平,回龙观,101120068559,领秀慧谷A区 精装修 高楼层 不临街 无遮挡 看房方便,410万,64588元/平,高楼层 (共11层) | 2011年 | 1室1厅 | 63.48平米 | 南,https://ke-image.ljcdn.com/110000-inspection/add669cc-2770-426d-8f75-3674f12b80d0_1000.jpg!m_fill,w_280,h_210,f_jpg?from=ke.com
20231229,昌平,回龙观,101120063121,龙兴园南区 3室2厅 南 北,900万,58717元/平,中楼层 (共7层) | 1999年 | 3室2厅 | 153.28平米 | 南 北,https://ke-image.ljcdn.com/110000-inspection/21691820-25ea-433f-a865-4890bd067edc_1000.jpg!m_fill,w_280,h_210,f_jpg?from=ke.com
20231229,昌平,回龙观,101120046493,融泽嘉园三期南北通透全明格局三居室,638万,61329元/平,低楼层 (共31层) | 2016年 | 3室1厅 | 104.03平米 | 南 北,https://ke-image.ljcdn.com/110000-inspection/pc1_cNh7KRNFU_1.jpg!m_fill,w_280,h_210,f_jpg?from=ke.com
20231229,昌平,回龙观,101120040277,龙兴园北区 经典三居室 中间楼层 采光充足,598万,42196元/平,中楼层 (共5层) | 2000年 | 3室2厅 | 141.72平米 | 南 北,https://ke-image.ljcdn.com/110000-inspection/pc1_xksSxrx96_1.jpg!m_fill,w_280,h_210,f_jpg?from=ke.com
20231229,昌平,回龙观,101120039652,公园悦府三期   满两年   精装修    高楼层房主自荐,665万,76455元/平,高楼层 (共27层) | 2018年 | 2室1厅 | 86.98平米 | 西南,https://ke-image.ljcdn.com/110000-inspection/de69a966-a337-4c6c-b736-3a2c750d9e5d_1000.jpg!m_fill,w_280,h_210,f_jpg?from=ke.com
20231229,昌平,回龙观,101120038887,次顶层+双阳台双落地窗+内外双保温原始带地暖+商五一,539万,45532元/平,高楼层 (共6层) | 2006年 | 3室1厅 | 118.38平米 | 南 北,https://ke-image.ljcdn.com/110000-inspection/a2bbbcfd-d133-4a48-9eb0-934ec4a51a8f_1000.jpg!m_fill,w_280,h_210,f_jpg?from=ke.com
20231229,昌平,回龙观,101120034423,融泽嘉园中路1号院 业主诚心出售  靠谱签约,515万,58790元/平,高楼层 (共28层) 2室1厅 | 87.6平米 | 南,https://ke-image.ljcdn.com/110000-inspection/4e0ff07e-a0f2-452a-98be-251f46430c0a_1000.jpg!m_fill,w_280,h_210,f_jpg?from=ke.com
20231229,昌平,回龙观,101120033119,北清路旁 回龙观2017年次新房 电梯直达地库,409万,48011元/平,高楼层 (共21层) 2室1厅 | 85.19平米 | 南 北,https://ke-image.ljcdn.com/110000-inspection/960192b3-6f9d-4e48-8002-5b7267989e90_1000.jpg!m_fill,w_280,h_210,f_jpg?from=ke.com
20231229,昌平,回龙观,101120023978,良庄家园 2室1厅 东 南 北,510万,51846元/平,中楼层 (共5层) 2室1厅 | 98.37平米 | 东 南 北,https://ke-image.ljcdn.com/110000-inspection/35e6e35e-a0e9-49e9-b8e4-5c8bd6d5f489_1000.jpg!m_fill,w_280,h_210,f_jpg?from=ke.com
20231229,昌平,回龙观,101120022223,融泽嘉园西二路2号院 2室1厅 南,560万,63529元/平,中楼层 (共30层) 2室1厅 | 88.15平米 | 南,https://ke-image.ljcdn.com/110000-inspection/63f308e6-a941-401d-8b82-3db2c122adb7_1000.jpg!m_fill,w_280,h_210,f_jpg?from=ke.com
20231229,昌平,回龙观,101120019622,万润家园  满五年唯一住房 诚意出售 中间楼层房主自荐,359万,52532元/平,高楼层 (共10层) | 2003年 | 2室1厅 | 68.34平米 | 北,https://ke-image.ljcdn.com/110000-inspection/pc1_GygHdvO9r.jpg!m_fill,w_280,h_210,f_jpg?from=ke.com
20231229,昌平,回龙观,101120019271,满五年唯一 电梯高楼层 视野好房主自荐,245万,56951元/平,顶层 (共10层) 2室1厅 | 43.02平米 | 北,https://ke-image.ljcdn.com/110000-inspection/pc1_ikS1j5GOw.jpg!m_fill,w_280,h_210,f_jpg?from=ke.com
20231229,昌平,回龙观,101120008292,流星花园三区中间位置环境好采光好大四居,928万,50705元/平,低楼层 (共6层) | 2005年 | 4室2厅 | 183.02平米 | 南 西 北,https://ke-image.ljcdn.com/110000-inspection/pc1_CZyW8rSqy_1.jpg!m_fill,w_280,h_210,f_jpg?from=ke.com
20231229,昌平,回龙观,101119992149,金域华府一期 精装修 诚心出售,450万,70203元/平,底层 (共28层) 1室1厅 | 64.1平米 | 南,https://ke-image.ljcdn.com/110000-inspection/a3ac5e0e-53a3-402b-94db-6138014a5549_1000.jpg!m_fill,w_280,h_210,f_jpg?from=ke.com
20231229,昌平,回龙观,101119990914,云趣园一区 4室2厅 南 北,545万,38719元/平,高楼层 (共6层) 4室2厅 | 140.76平米 | 南 北,https://ke-image.ljcdn.com/110000-inspection/pc1_ebbrQ8pep_1.jpg!m_fill,w_280,h_210,f_jpg?from=ke.com
20231229,昌平,回龙观,101119982750,请查看A类M1好户型满五唯一南北通透好楼层急售中,590万,58284元/平,中楼层 (共15层) | 2007年 | 2室1厅 | 101.23平米 | 南 北,https://ke-image.ljcdn.com/110000-inspection/pc1_LGuvIz7K3_1.jpg!m_fill,w_280,h_210,f_jpg?from=ke.com
20231229,昌平,回龙观,101119982729,融泽嘉园东一路6号院 南向落地窗 满五年唯一 户型方正,595万,67946元/平,低楼层 (共34层) 2室1厅 | 87.57平米 | 南,https://ke-image.ljcdn.com/110000-inspection/pc1_6BQWNbUvt.jpg!m_fill,w_280,h_210,f_jpg?from=ke.com
20231229,昌平,回龙观,101119978866,高楼层视野采光好自住精装稳定签约,610万,65465元/平,中楼层 (共27层) | 2014年 | 2室1厅 | 93.18平米 | 南 北,https://ke-image.ljcdn.com/110000-inspection/pc1_MEKqE2jpj.jpg!m_fill,w_280,h_210,f_jpg?from=ke.com
20231229,昌平,回龙观,101119975462,房子满五年唯一采光好楼层适中随时看房随时签约,498万,60896元/平,中楼层 (共21层) | 2014年 | 2室1厅 | 81.78平米 | 东,https://ke-image.ljcdn.com/110000-inspection/f3e553c3-a83b-4c55-8095-5c1835582f31_1000.jpg!m_fill,w_280,h_210,f_jpg?from=ke.com
20231229,昌平,回龙观,101119964121,新龙城 商品房满五年家庭唯一 看房方便随时签约。,540万,53313元/平,低楼层 (共20层) | 2007年 | 2室1厅 | 101.29平米 | 南 北,https://ke-image.ljcdn.com/110000-inspection/pc1_6BE9R3khP.jpg!m_fill,w_280,h_210,f_jpg?from=ke.com
20231229,昌平,回龙观,101119958724,矩阵一期 3室1厅 东 西房主自荐,435万,53453元/平,高楼层 (共6层) | 1998年 | 3室1厅 | 81.38平米 | 东 西,https://ke-image.ljcdn.com/110000-inspection/296c9556-0896-449f-801f-a6342c6f32ec_1000.jpg!m_fill,w_280,h_210,f_jpg?from=ke.com
20231229,昌平,回龙观,101119957842,领秀慧谷A区精装电梯两居室看房方便。,520万,63859元/平,顶层 (共11层) | 2011年 | 2室1厅 | 81.43平米 | 南,https://ke-image.ljcdn.com/110000-inspection/a002a929-d80e-4094-bca4-fe9aca480ece_1000.jpg!m_fill,w_280,h_210,f_jpg?from=ke.com
20231229,昌平,回龙观,101119940019,满五唯一 高楼层视野好 精装修,605万,68986元/平,高楼层 (共34层) 2室1厅 | 87.7平米 | 南,https://ke-image.ljcdn.com/110000-inspection/pc1_KpxC8ErSM_1.jpg!m_fill,w_280,h_210,f_jpg?from=ke.com
20231229,昌平,回龙观,101119930813,龙兴园北区 3室1厅 南 北,480万,48559元/平,低楼层 (共6层) | 2000年 | 3室1厅 | 98.85平米 | 南 北,https://ke-image.ljcdn.com/110000-inspection/pc1_eJXz5SvcF_1.jpg!m_fill,w_280,h_210,f_jpg?from=ke.com
20231229,昌平,回龙观,101119927682,小区中间位置业主诚意出售看房方便,508万,42515元/平,高楼层 (共6层) 3室2厅 | 119.49平米 | 南 北,https://ke-image.ljcdn.com/110000-inspection/3df900fd-4b2b-486e-a777-a80b71f5a885_1000.jpg!m_fill,w_280,h_210,f_jpg?from=ke.com
20231229,昌平,回龙观,101119912799,商品房南北通透视野宽阔 采光充足交通便利,409万,42658元/平,中楼层 (共7层) | 2000年 | 2室2厅 | 95.88平米 | 南 北,https://ke-image.ljcdn.com/110000-inspection/pc1_wp3VWjRR3_1.jpg!m_fill,w_280,h_210,f_jpg?from=ke.com
20231229,昌平,回龙观,101119897118,田园风光雅苑客厅落地窗主卧飘窗农大央产房社区,520万,58704元/平,底层 (共6层) | 2006年 | 2室1厅 | 88.58平米 | 东 西,https://ke-image.ljcdn.com/110000-inspection/1ea6d0cd-4af1-43f4-9189-6d83762cd8cb_1000.jpg!m_fill,w_280,h_210,f_jpg?from=ke.com
20231229,昌平,回龙观,101119894687,云趣园三区只有契税两卫格局规划地铁口,510万,45378元/平,顶层 (共6层) | 2000年 | 3室1厅 | 112.39平米 | 南 北,https://ke-image.ljcdn.com/110000-inspection/bddec412-8fab-4721-b856-860cc6084e66_1000.jpg!m_fill,w_280,h_210,f_jpg?from=ke.com
20231229,昌平,回龙观,101119894284,满五年唯一   低楼层  正规两居  近地铁 户型方正,550万,57828元/平,底层 (共6层) | 2000年 | 2室1厅 | 95.11平米 | 南 北,https://ke-image.ljcdn.com/110000-inspection/38f70f67-f9ce-45dd-9301-02fd883f1d57_1000.jpg!m_fill,w_280,h_210,f_jpg?from=ke.com
20231229,昌平,回龙观,101119879880,中间楼层商满五唯一 靠谱出售,515万,45823元/平,中楼层 (共6层) | 2000年 | 3室2厅 | 112.39平米 | 南 北,https://ke-image.ljcdn.com/110000-inspection/pc1_1noX5YerC_1.jpg!m_fill,w_280,h_210,f_jpg?from=ke.com
20231229,昌平,回龙观,101119879150,龙泽苑东区 1室1厅 北,369万,72198元/平,中楼层 (共20层) 1室1厅 | 51.11平米 | 北,https://ke-image.ljcdn.com/110000-inspection/pc1_mklYAil6k.jpg!m_fill,w_280,h_210,f_jpg?from=ke.com
20231229,昌平,回龙观,101119870783,公園悦府一区全南一居室小区人车分流环境优美,450万,65407元/平,底层 (共11层) | 2014年 | 1室1厅 | 68.8平米 | 南,https://ke-image.ljcdn.com/110000-inspection/e3d456b3-c7df-445a-90b3-33535dcf5bba_1000.jpg!m_fill,w_280,h_210,f_jpg?from=ke.com
20231229,昌平,回龙观,101119868954,满五年唯一装修保持好位置安静诚意出售房主自荐,520万,59375元/平,低楼层 (共28层) | 2014年 | 2室1厅 | 87.58平米 | 南,https://ke-image.ljcdn.com/110000-inspection/pc1_2jr7snRdh_1.jpg!m_fill,w_280,h_210,f_jpg?from=ke.com
20231229,昌平,回龙观,101119868808,双卧朝南的三居室  有飘窗 业主诚意 出售,428万,38103元/平,顶层 (共6层) 3室1厅 | 112.33平米 | 南 北,https://ke-image.ljcdn.com/110000-inspection/92caf5f2-7396-4f71-be7f-e10d98c27555_1000.jpg!m_fill,w_280,h_210,f_jpg?from=ke.com
20231229,昌平,回龙观,101119868681,龙泽+中美合资+电梯三居+一梯两户+满五唯一+近地铁,698万,48635元/平,低楼层 (共9层) 3室1厅 | 143.52平米 | 南 北,https://ke-image.ljcdn.com/110000-inspection/pc1_uMRJsLS9C.jpg!m_fill,w_280,h_210,f_jpg?from=ke.com
20231229,昌平,回龙观,101119866884,满五唯一商品房南北通透明厨明卫户型方正,716万,64592元/平,中楼层 (共8层) 3室1厅 | 110.85平米 | 南 北,https://ke-image.ljcdn.com/110000-inspection/pc1_cxWEr5AKg.jpg!m_fill,w_280,h_210,f_jpg?from=ke.com
20231229,昌平,回龙观,101119865660,龙博苑一区南北通透中间位置,490万,49316元/平,底层 (共6层) | 2005年 | 3室1厅 | 99.36平米 | 南 北,https://ke-image.ljcdn.com/110000-inspection/88da753a-b3b5-4489-b199-673f55c951cb_1000.jpg!m_fill,w_280,h_210,f_jpg?from=ke.com
20231229,昌平,回龙观,101119863551,本房满五年南北通透楼层好交通便利,408万,58120元/平,低楼层 (共6层) | 1995年 | 2室1厅 | 70.2平米 | 南 北,https://ke-image.ljcdn.com/110000-inspection/pc1_hgvltSlg3.jpg!m_fill,w_280,h_210,f_jpg?from=ke.com
20231229,昌平,回龙观,101119852889,诚意出售随时看可签约满五年唯一,498万,44310元/平,中楼层 (共6层) | 2000年 | 3室2厅 | 112.39平米 | 南 北,https://ke-image.ljcdn.com/110000-inspection/0560b0f0-2fb9-4c99-88d2-c23744267cad_1000.jpg!m_fill,w_280,h_210,f_jpg?from=ke.com
20231229,昌平,回龙观,101119852335,南北两居室  一层   诚意出售,460万,53789元/平,底层 (共7层) 2室1厅 | 85.52平米 | 南 北,https://ke-image.ljcdn.com/110000-inspection/4cb4f701-b44f-410c-8d31-67840ac8ddbe_1000.jpg!m_fill,w_280,h_210,f_jpg?from=ke.com
20231229,昌平,回龙观,101119847030,领秀慧谷D区 3室1厅 南 北,773万,71212元/平,中楼层 (共11层) 3室1厅 | 108.55平米 | 南 北,https://ke-image.ljcdn.com/110000-inspection/pc1_1zOgNsTrf.jpg!m_fill,w_280,h_210,f_jpg?from=ke.com
20231229,昌平,回龙观,101119846230,龙旗广场 电梯一居室 2010年小区 落地窗,355万,58264元/平,顶层 (共28层) | 2010年 | 1室1厅 | 60.93平米 | 东南,https://ke-image.ljcdn.com/110000-inspection/pc1_P6dlSIAlJ.jpg!m_fill,w_280,h_210,f_jpg?from=ke.com
20231229,昌平,回龙观,101119846018,金域华府一期 商品房满五年唯一 精装修 看房子方便,689万,69491元/平,中楼层 (共27层) 2室1厅 | 99.15平米 | 南 北,https://ke-image.ljcdn.com/110000-inspection/dccbafdf-4ce2-489e-a849-57a901ef127a_1000.jpg!m_fill,w_280,h_210,f_jpg?from=ke.com
20231229,昌平,回龙观,101119845559,靠谱出售   精装修  看房方便,536万,57716元/平,低楼层 (共27层) 2室1厅 | 92.87平米 | 南 北,https://ke-image.ljcdn.com/110000-inspection/pc1_ZVhmTR7Mt.jpg!m_fill,w_280,h_210,f_jpg?from=ke.com
20231229,昌平,回龙观,101119840254,龙跃苑一区 小区中间位置  商满五唯一房主自荐,500万,35522元/平,顶层 (共6层) | 2003年 | 3室2厅 | 140.76平米 | 南 北,https://ke-image.ljcdn.com/110000-inspection/360ef89e-7ccc-4eea-af35-4b382c7fdd03_1000.jpg!m_fill,w_280,h_210,f_jpg?from=ke.com
20231229,昌平,回龙观,101119831941,两室两厅的房子首付150万二层价钱可谈,388万,47766元/平,低楼层 (共7层) 2室2厅 | 81.23平米 | 南 北,https://ke-image.ljcdn.com/110000-inspection/c8a9fbc6-c5a3-4767-9f7b-6832462be647_1000.jpg!m_fill,w_280,h_210,f_jpg?from=ke.com
20231229,昌平,回龙观,101119827726,商五唯一近地铁自住装修！！,599万,47997元/平,高楼层 (共6层) | 2006年 | 3室1厅 | 124.8平米 | 南 北,https://ke-image.ljcdn.com/110000-inspection/ce414fc3-2171-44bd-9d22-b41c0ff92a39_1000.jpg!m_fill,w_280,h_210,f_jpg?from=ke.com
20231229,昌平,回龙观,101119817004,正规两居室南北通透明厨明卫商品房满五唯一,340万,52405元/平,顶层 (共4层) 2室1厅 | 64.88平米 | 南 北,https://ke-image.ljcdn.com/110000-inspection/pc1_qEzJJL2pb_1.jpg!m_fill,w_280,h_210,f_jpg?from=ke.com
20231229,昌平,回龙观,101119808966,融泽嘉园中路6号院  南北通透  户型方正 满五唯一,579万,63515元/平,低楼层 (共18层) | 2013年 | 2室1厅 | 91.16平米 | 南 北,https://ke-image.ljcdn.com/110000-inspection/22fc2cea-0715-452c-bb40-8a4c8354160a_1000.jpg!m_fill,w_280,h_210,f_jpg?from=ke.com
20231229,昌平,回龙观,101119800731,商品房中高楼层视野好户型格局方正店长强烈推荐房主自荐,655万,40500元/平,高楼层 (共6层) | 2002年 | 4室2厅 | 161.73平米 | 南 北,https://ke-image.ljcdn.com/110000-inspection/pc1_pe4tHot24.jpg!m_fill,w_280,h_210,f_jpg?from=ke.com
20231229,昌平,回龙观,101119779460,融泽嘉园2号院商品房满五唯一中间层自住20万精装修,510万,58200元/平,中楼层 (共27层) | 2014年 | 2室1厅 | 87.63平米 | 南,https://ke-image.ljcdn.com/110000-inspection/5ce7eef3-66b8-4dae-a5c1-c3aa26468b60_1000.jpg!m_fill,w_280,h_210,f_jpg?from=ke.com
20231229,昌平,回龙观,101119774253,北京市农学院家属宿舍  南北通透,325万,54321元/平,底层 (共5层) | 1996年 | 2室1厅 | 59.83平米 | 南 北,https://ke-image.ljcdn.com/110000-inspection/pc1_2WZ0chj5c_1.jpg!m_fill,w_280,h_210,f_jpg?from=ke.com
20231229,昌平,回龙观,101119762522,龙禧苑五区中间层通透一居室居家安静只有契税,382万,57670元/平,中楼层 (共7层) 1室1厅 | 66.24平米 | 南 北,https://ke-image.ljcdn.com/110000-inspection/pc1_neMRE1BQd_1.jpg!m_fill,w_280,h_210,f_jpg?from=ke.com
20231229,昌平,回龙观,101119744624,地铁新龙泽站正北侧商品房小区层高2.75米2000年,399万,46947元/平,高楼层 (共6层) 2室2厅 | 84.99平米 | 南 北,https://ke-image.ljcdn.com/110000-inspection/pc1_ir5pa2abt.jpg!m_fill,w_280,h_210,f_jpg?from=ke.com
20231229,昌平,回龙观,101119731912,中间位置采光充足配套齐全南北两居,460万,54926元/平,中楼层 (共22层) | 2010年 | 2室1厅 | 83.75平米 | 南 北,https://ke-image.ljcdn.com/110000-inspection/58a2ac0a-d514-42d1-9a10-9bfddc3fe974_1000.jpg!m_fill,w_280,h_210,f_jpg?from=ke.com
20231229,昌平,回龙观,101119725970,田园风光雅苑南北通透 小区中间位置商品房满五年唯一,569万,45520元/平,顶层 (共6层) | 2006年 | 3室1厅 | 125平米 | 南 北,https://ke-image.ljcdn.com/110000-inspection/edaf3ea2-ab0c-46ff-bdae-7f9c2e3e1553_1000.jpg!m_fill,w_280,h_210,f_jpg?from=ke.com
20231229,昌平,回龙观,101119708598,两居两卫南北通透视野开阔 配套齐全交通便利,490万,47815元/平,中楼层 (共6层) | 2002年 | 2室2厅 | 102.48平米 | 南 北,https://ke-image.ljcdn.com/110000-inspection/9eae187c-9137-4169-b5af-7809be84f749_1000.jpg!m_fill,w_280,h_210,f_jpg?from=ke.com
20231229,昌平,回龙观,101119704765,龙城花园北二区满五年唯一中间楼层采光好,295万,63867元/平,中楼层 (共4层) | 2004年 | 1室1厅 | 46.19平米 | 南 西,https://ke-image.ljcdn.com/110000-inspection/pc1_6eT6H59Xj.jpg!m_fill,w_280,h_210,f_jpg?from=ke.com
20231229,昌平,回龙观,101119700536,龙华园便宜二居南北通透靠谱卖,349万,52927元/平,中楼层 (共7层) 2室1厅 | 65.94平米 | 南 北,https://ke-image.ljcdn.com/110000-inspection/pc1_vdK6hWkJI.jpg!m_fill,w_280,h_210,f_jpg?from=ke.com
20231229,昌平,回龙观,101119690342,电梯三居 中间楼层 户型方正 商五一,510万,41931元/平,中楼层 (共10层) 3室1厅 | 121.63平米 | 南 北,https://ke-image.ljcdn.com/110000-inspection/25af19ac-3226-42ef-ac7b-b421b3c7569c_1000.jpg!m_fill,w_280,h_210,f_jpg?from=ke.com
20231229,昌平,回龙观,101119678558,小区中间位置明厨明卫低板带电梯户型方正无浪费,505万,57179元/平,低楼层 (共9层) 2室2厅 | 88.32平米 | 东 南 西,https://ke-image.ljcdn.com/110000-inspection/pc1_fpJF8VKRm.jpg!m_fill,w_280,h_210,f_jpg?from=ke.com
20231229,昌平,回龙观,101119673863,领秀慧谷B区 次新电梯房  落地窗,410万,64669元/平,顶层 (共9层) | 2011年 | 1室1厅 | 63.4平米 | 南,https://ke-image.ljcdn.com/110000-inspection/pc1_7PbcBmYkH_1.jpg!m_fill,w_280,h_210,f_jpg?from=ke.com
20231229,昌平,回龙观,101119673504,好楼层视野好满五年唯一住房成本低,275万,58937元/平,高楼层 (共20层) 1室0厅 | 46.66平米 | 北,https://ke-image.ljcdn.com/110000-inspection/pc1_o0kBtLSxw.jpg!m_fill,w_280,h_210,f_jpg?from=ke.com
20231229,昌平,回龙观,101119670197,新龙城一期30万精装R2两居满五唯一视野开阔随时签约房主自荐,599万,59829元/平,中楼层 (共20层) 2室1厅 | 100.12平米 | 南 北,https://ke-image.ljcdn.com/110000-inspection/pc1_NbsTUpNTl.jpg!m_fill,w_280,h_210,f_jpg?from=ke.com
20231229,昌平,回龙观,101119670140,龙博苑二区 2室1厅 南 北,429万,53699元/平,中楼层 (共6层) | 2004年 | 2室1厅 | 79.89平米 | 南 北,https://ke-image.ljcdn.com/110000-inspection/pc1_CVV6CV7Mr.jpg!m_fill,w_280,h_210,f_jpg?from=ke.com
20231229,昌平,回龙观,101119670074,领秀慧谷D2区 精装修三居 人车分流 全明格局 南北通透房主自荐,720万,70533元/平,中楼层 (共13层) 3室1厅 | 102.08平米 | 南 北,https://ke-image.ljcdn.com/110000-inspection/pc1_uQ0gDDGjq_1.jpg!m_fill,w_280,h_210,f_jpg?from=ke.com
20231229,昌平,回龙观,101119645345,流星花园三区 高楼层 精装修 小两居,386万,64874元/平,顶层 (共11层) | 2006年 | 2室1厅 | 59.5平米 | 西 北,https://ke-image.ljcdn.com/110000-inspection/pc1_SR29LWeio_1.jpg!m_fill,w_280,h_210,f_jpg?from=ke.com
20231229,昌平,回龙观,101119621340,房满五唯一全南向格局地铁400米诚心出售,395万,66510元/平,中楼层 (共6层) | 2005年 | 1室1厅 | 59.39平米 | 南,https://ke-image.ljcdn.com/110000-inspection/ca8627b5-3919-42ff-a120-90e9558ddbe3_1000.jpg!m_fill,w_280,h_210,f_jpg?from=ke.com
20231229,昌平,回龙观,101119609709,满五唯一无视野遮挡两卧室朝南 随时可以看房,375万,49207元/平,底层 (共7层) | 2000年 | 2室1厅 | 76.21平米 | 南 北,https://ke-image.ljcdn.com/110000-inspection/pc1_pKmqhuuLw_1.jpg!m_fill,w_280,h_210,f_jpg?from=ke.com
20231229,昌平,回龙观,101119582350,流星花园二区 2室1厅 南 北,445万,52851元/平,高楼层 (共6层) 2室1厅 | 84.2平米 | 南 北,https://ke-image.ljcdn.com/110000-inspection/affd009d-f8bd-414f-8dd2-66462a6109f6_1000.jpg!m_fill,w_280,h_210,f_jpg?from=ke.com
20231229,昌平,回龙观,101119578821,高楼层 视野好  可鸟瞰盘古大观 精装修 可拎包入住,549万,54600元/平,中楼层 (共20层) 2室1厅 | 100.55平米 | 南,https://ke-image.ljcdn.com/110000-inspection/pc1_FqHkCy2yI.jpg!m_fill,w_280,h_210,f_jpg?from=ke.com
20231229,昌平,回龙观,101119576880,风雅园三区 一层两户底层两居室 南北通透 南面采光好,475万,49081元/平,底层 (共6层) 2室1厅 | 96.78平米 | 南 北,https://ke-image.ljcdn.com/110000-inspection/pc1_kxa2NHNrp.jpg!m_fill,w_280,h_210,f_jpg?from=ke.com
20231229,昌平,回龙观,101119572977,新龙城 经典开间  满五年 诚心出售 随时签约,302万,65482元/平,底层 (共20层) 1室0厅 | 46.12平米 | 北,https://ke-image.ljcdn.com/110000-inspection/pc1_0Le9pwRhe.jpg!m_fill,w_280,h_210,f_jpg?from=ke.com
20231229,昌平,回龙观,101119572805,龙跃苑三区 3室1厅 南 北,570万,39669元/平,高楼层 (共6层) 3室1厅 | 143.69平米 | 南 北,https://ke-image.ljcdn.com/110000-inspection/b9bf6696-d821-47cc-a986-6a446cfbf13f_1000.jpg!m_fill,w_280,h_210,f_jpg?from=ke.com
20231229,昌平,回龙观,101119570704,新龙城满五唯一 电梯两居全明格局看房随时有钥匙,555万,63808元/平,中楼层 (共20层) 2室1厅 | 86.98平米 | 东 西 南,https://ke-image.ljcdn.com/110000-inspection/pc1_QEv93ZqjJ.jpg!m_fill,w_280,h_210,f_jpg?from=ke.com
20231229,昌平,回龙观,101119553316,融泽嘉园中路1号院 2室1厅 南 北,600万,64420元/平,中楼层 (共28层) | 2014年 | 2室1厅 | 93.14平米 | 南 北,https://ke-image.ljcdn.com/110000-inspection/15a6283c-27b1-4c02-b428-d44d16b5b2cb_1000.jpg!m_fill,w_280,h_210,f_jpg?from=ke.com
20231229,昌平,回龙观,101119526605,龙华园 1室1厅 东 西,289万,49343元/平,底层 (共6层) 1室1厅 | 58.57平米 | 东 西,https://ke-image.ljcdn.com/110000-inspection/pc1_PkuIbjVn4.jpg!m_fill,w_280,h_210,f_jpg?from=ke.com
20231229,昌平,回龙观,101119524299,风雅园一区南北通透格局采光充足视野好配套全,469万,40113元/平,高楼层 (共6层) | 2000年 | 3室2厅 | 116.92平米 | 南 北,https://ke-image.ljcdn.com/110000-inspection/5cd68a7f-e356-40fd-8a35-af1e4acaed97_1000.jpg!m_fill,w_280,h_210,f_jpg?from=ke.com
20231229,昌平,回龙观,101119519834,商品房满五唯一中高楼层明厨明卫户型方正,550万,60136元/平,中楼层 (共15层) | 2007年 | 2室1厅 | 91.46平米 | 东 南 西,https://ke-image.ljcdn.com/110000-inspection/pc1_SUqJtd5N4.jpg!m_fill,w_280,h_210,f_jpg?from=ke.com
20231229,昌平,回龙观,101119516175,龙华园中间楼层  满五年唯一  南北通透正规两居室房主自荐,352万,52981元/平,低楼层 (共7层) | 1995年 | 2室1厅 | 66.44平米 | 南 北,https://ke-image.ljcdn.com/110000-inspection/pc1_GkXTFcUfw.jpg!m_fill,w_280,h_210,f_jpg?from=ke.com
20231229,昌平,回龙观,101119505914,此房为小区中间位置楼间距大采光好业主诚意出售,598万,69689元/平,低楼层 (共26层) | 2012年 | 2室1厅 | 85.81平米 | 南,https://ke-image.ljcdn.com/110000-inspection/pc1_b1Svca4Qv_1.jpg!m_fill,w_280,h_210,f_jpg?from=ke.com
20231229,昌平,回龙观,101119502698,云趣园三区 4室2厅 南 北,625万,46211元/平,中楼层 (共6层) 4室2厅 | 135.25平米 | 南 北,https://ke-image.ljcdn.com/110000-inspection/pc1_RLFns8XID_1.jpg!m_fill,w_280,h_210,f_jpg?from=ke.com
20231229,昌平,回龙观,101119501908,龙禧苑二区新上 大三居 自住精装修 不临街不把边,680万,47633元/平,中楼层 (共6层) | 2004年 | 3室2厅 | 142.76平米 | 南 北,https://ke-image.ljcdn.com/110000-inspection/pc1_XrdplcvvC.jpg!m_fill,w_280,h_210,f_jpg?from=ke.com
20231229,昌平,回龙观,101119496875,【优选】满五唯一 全明格局 中间楼层 地铁13号线龙泽房主自荐,454万,47906元/平,中楼层 (共6层) 2室1厅 | 94.77平米 | 东 南 西 北,https://ke-image.ljcdn.com/110000-inspection/pc1_cpNeKX3Yh.jpg!m_fill,w_280,h_210,f_jpg?from=ke.com
20231229,昌平,回龙观,101119496401,龙跃苑三区 3室2厅 南 北,600万,41748元/平,高楼层 (共6层) 3室2厅 | 143.72平米 | 南 北,https://ke-image.ljcdn.com/110000-inspection/pc1_MmbxOmehi_1.jpg!m_fill,w_280,h_210,f_jpg?from=ke.com
20231229,昌平,回龙观,101119489815,电梯两居室商满五唯一精装拎包入住,510万,57182元/平,高楼层 (共12层) | 2005年 | 2室2厅 | 89.19平米 | 南 北,https://ke-image.ljcdn.com/110000-inspection/f9d495ac-d1af-47d1-bba7-175e9259a0c2_1000.jpg!m_fill,w_280,h_210,f_jpg?from=ke.com
20231229,昌平,回龙观,101119485003,龙博苑二区 3室1厅 南 北,670万,51083元/平,中楼层 (共6层) | 2004年 | 3室1厅 | 131.16平米 | 南 北,https://ke-image.ljcdn.com/110000-inspection/pc1_cjYeUogCp.jpg!m_fill,w_280,h_210,f_jpg?from=ke.com
20231229,昌平,回龙观,101119484909,万科金域华府 中间位置安静 万科精装保持好 拎包入住房主自荐,580万,67592元/平,低楼层 (共26层) | 2012年 | 2室1厅 | 85.81平米 | 南,https://ke-image.ljcdn.com/110000-inspection/pc1_jCuMJrk3h_1.jpg!m_fill,w_280,h_210,f_jpg?from=ke.com
20231229,昌平,回龙观,101119484494,京投发展公园悦府一区 人车分流 万科物业 满五唯一,576万,63346元/平,低楼层 (共22层) | 2015年 | 2室1厅 | 90.93平米 | 南 北,https://ke-image.ljcdn.com/110000-inspection/28f6bea9-e188-4616-a1bd-1b254acc41b0_1000.jpg!m_fill,w_280,h_210,f_jpg?from=ke.com
20231229,昌平,回龙观,101119483324,融泽二期 2015年小区 自住精装,470万,71332元/平,高楼层 (共34层) 1室1厅 | 65.89平米 | 南,https://ke-image.ljcdn.com/110000-inspection/pc1_nHP2i3QBb.jpg!m_fill,w_280,h_210,f_jpg?from=ke.com
20231229,昌平,回龙观,101119476269,小区中间位置  成本价  全明格局一居室,345万,58904元/平,中楼层 (共6层) | 1994年 | 1室1厅 | 58.57平米 | 南 北,https://ke-image.ljcdn.com/110000-inspection/pc1_geKsKRxk8.jpg!m_fill,w_280,h_210,f_jpg?from=ke.com
20231229,昌平,回龙观,101119473681,领秀慧谷C区 全南一居室 业主诚心出售,406万,70523元/平,低楼层 (共11层) 1室1厅 | 57.57平米 | 南,https://ke-image.ljcdn.com/110000-inspection/e24942eb-16d8-4d1a-8ca5-140df592bb0a_1000.jpg!m_fill,w_280,h_210,f_jpg?from=ke.com
20231229,昌平,回龙观,101119473261,龙泽苑西区+中美示范区+全明格局+首套首付：187万房主自荐,572万,50945元/平,底层 (共22层) | 2002年 | 2室1厅 | 112.28平米 | 西南,https://ke-image.ljcdn.com/110000-inspection/pc1_kUvuEVg5P.jpg!m_fill,w_280,h_210,f_jpg?from=ke.com
20231229,昌平,回龙观,101119468024,此房满五年唯一 南北通透 层高3.3米 带30平米院儿,748万,67146元/平,底层 (共8层) 3室1厅 | 111.4平米 | 南 北,https://ke-image.ljcdn.com/110000-inspection/pc1_GYAS3AH7A.jpg!m_fill,w_280,h_210,f_jpg?from=ke.com
20231229,昌平,回龙观,101119465655,商满五唯一  二层  有钥匙 采光好无遮挡靠谱签约,500万,55310元/平,低楼层 (共6层) 2室1厅 | 90.4平米 | 南 北,https://ke-image.ljcdn.com/110000-inspection/6040ace8-ee2c-4f79-920f-d86daf7f0105_1000.jpg!m_fill,w_280,h_210,f_jpg?from=ke.com
20231229,昌平,回龙观,101119460041,佰嘉城带电梯三居室楼层中楼层前后无遮挡采光好。,499万,41027元/平,中楼层 (共10层) | 2006年 | 3室1厅 | 121.63平米 | 南 北,https://ke-image.ljcdn.com/110000-inspection/66ccdaa3-92f6-433e-98e3-81f7a9d44594_1000.jpg!m_fill,w_280,h_210,f_jpg?from=ke.com
20231229,昌平,回龙观,101119439133,满五唯一精装修中高层采光好、视野好随时签约,548万,62309元/平,顶层 (共22层) | 2016年 | 2室1厅 | 87.95平米 | 南,https://ke-image.ljcdn.com/110000-inspection/pc1_3n1HVOARR.jpg!m_fill,w_280,h_210,f_jpg?from=ke.com
20231229,昌平,回龙观,101119421265,商品房满五唯一 全天采光无遮挡 楼层位置佳,498万,57052元/平,低楼层 (共28层) | 2014年 | 2室1厅 | 87.29平米 | 南,https://ke-image.ljcdn.com/110000-inspection/a52efe2e-1b3e-4010-baf3-e3a4838a80f8_1000.jpg!m_fill,w_280,h_210,f_jpg?from=ke.com
20231229,昌平,回龙观,101119402585,首开国风美唐二期 4室1厅 南 北,1050万,74153元/平,高楼层 (共9层) 4室1厅 | 141.6平米 | 南 北,https://ke-image.ljcdn.com/110000-inspection/68296fa5-2ae9-475f-bc22-82eed9a43100_1000.jpg!m_fill,w_280,h_210,f_jpg?from=ke.com
20231229,昌平,回龙观,101119399919,中间层 满五年唯一 业主人好 看房方便,460万,46772元/平,中楼层 (共6层) | 2008年 | 2室1厅 | 98.35平米 | 南 北,https://ke-image.ljcdn.com/110000-inspection/81ae32f0-7a3a-42b7-95ac-37d4c361aa09_1000.jpg!m_fill,w_280,h_210,f_jpg?from=ke.com
20231229,昌平,回龙观,101119394155,商品房满五年唯一自住精装修不临街不把边交通方便,419万,52304元/平,顶层 (共6层) | 2004年 | 2室1厅 | 80.11平米 | 南 北,https://ke-image.ljcdn.com/110000-inspection/15ecab46-f41c-4499-a0b3-82cca045530a_1000.jpg!m_fill,w_280,h_210,f_jpg?from=ke.com
20231229,昌平,回龙观,101119393819,首开国风美唐二期  小区中间位置  南北通透,1080万,76084元/平,中楼层 (共9层) 4室1厅 | 141.95平米 | 南 北,https://ke-image.ljcdn.com/110000-inspection/f2bba918-0710-434f-855c-471741cfa742_1000.jpg!m_fill,w_280,h_210,f_jpg?from=ke.com
20231229,昌平,回龙观,101119381269,首开国风美唐二期不临街双卧朝南南北通透三室一厅,565万,61682元/平,高楼层 (共21层) | 2015年 | 3室1厅 | 91.6平米 | 南 北,https://ke-image.ljcdn.com/110000-inspection/a3425358-72b2-4866-9ec3-9fa47034795a_1000.jpg!m_fill,w_280,h_210,f_jpg?from=ke.com
20231229,昌平,回龙观,101119380861,北京人家 3室1厅 南 北,510万,55148元/平,中楼层 (共10层) | 2005年 | 3室1厅 | 92.48平米 | 南 北,https://ke-image.ljcdn.com/110000-inspection/pc1_v0QgCMD3P.jpg!m_fill,w_280,h_210,f_jpg?from=ke.com
20231229,昌平,回龙观,101119376519,此房全南朝向正对花园看房方便诚心出售。,630万,73419元/平,高楼层 (共26层) | 2012年 | 2室1厅 | 85.81平米 | 南,https://ke-image.ljcdn.com/110000-inspection/pc1_hwfR9y8fp_1.jpg!m_fill,w_280,h_210,f_jpg?from=ke.com
20231229,昌平,回龙观,101119374966,龙腾苑三区小区中间位置商品房满五年唯一,525万,44334元/平,顶层 (共6层) 3室2厅 | 118.42平米 | 南 北,https://ke-image.ljcdn.com/110000-inspection/pc1_bp9kdJMcY.jpg!m_fill,w_280,h_210,f_jpg?from=ke.com
20231229,昌平,回龙观,101119360670,首开国风美唐三期 3室2厅 南 北,1018万,79762元/平,顶层 (共18层) | 2016年 | 3室2厅 | 127.63平米 | 南 北,https://ke-image.ljcdn.com/110000-inspection/565c6347-f9d0-4c44-99d5-59198a9b1672_1000.jpg!m_fill,w_280,h_210,f_jpg?from=ke.com
20231229,昌平,回龙观,101119355707,龙腾苑二区 回龙观地铁 体育公园 给周期房主自荐,750万,51122元/平,底层 (共5层) | 2003年 | 3室1厅 | 146.71平米 | 南 北,https://ke-image.ljcdn.com/110000-inspection/pc1_MJWrwoP2d.jpg!m_fill,w_280,h_210,f_jpg?from=ke.com
20231229,昌平,回龙观,101119354125,金域华府二期南北通透双阳台中间层满五唯一精装自住,700万,76386元/平,中楼层 (共27层) | 2014年 | 2室1厅 | 91.64平米 | 南 北,https://ke-image.ljcdn.com/110000-inspection/268bad67-eb13-4f9e-ad8d-ecc521ec4e86_1000.jpg!m_fill,w_280,h_210,f_jpg?from=ke.com
20231229,昌平,回龙观,101119352607,小区自带大绿地公园+落地窗+观景楼层+采光好+商五一,505万,61895元/平,高楼层 (共34层) | 2016年 | 2室1厅 | 81.59平米 | 南,https://ke-image.ljcdn.com/110000-inspection/0b524c9a-629c-479d-8b15-34a6cfd0c682_1000.jpg!m_fill,w_280,h_210,f_jpg?from=ke.com
20231229,昌平,回龙观,101119352314,高楼层 视野好 满五唯一  诚心出售 随时可签,529万,60244元/平,高楼层 (共34层) 2室1厅 | 87.81平米 | 南 北,https://ke-image.ljcdn.com/110000-inspection/pc1_QMaQYqfKF.jpg!m_fill,w_280,h_210,f_jpg?from=ke.com
20231229,昌平,回龙观,101119341566,金达园 3室2厅 南 北,486万,43413元/平,顶层 (共6层) | 1998年 | 3室2厅 | 111.95平米 | 南 北,https://ke-image.ljcdn.com/110000-inspection/01245dc2-b06a-4064-b914-22ea1894e69d_1000.jpg!m_fill,w_280,h_210,f_jpg?from=ke.com
20231229,昌平,回龙观,101119338151,北京城建畅悦居 电梯中高层 采光好 视野开阔房主自荐,356万,41550元/平,高楼层 (共21层) 2室1厅 | 85.68平米 | 东 南,https://ke-image.ljcdn.com/110000-inspection/ae000604-050b-4e5c-9953-5817ed5e4770_1000.jpg!m_fill,w_280,h_210,f_jpg?from=ke.com
20231229,昌平,回龙观,101119318974,新龙城 2室1厅 东 南,580万,62279元/平,高楼层 (共8层) | 2007年 | 2室1厅 | 93.13平米 | 东 南,https://ke-image.ljcdn.com/110000-inspection/59b848b8-28e5-488c-9d8a-591545f91b58_1000.jpg!m_fill,w_280,h_210,f_jpg?from=ke.com
20231229,昌平,回龙观,101119314331,云趣园三区 优惠大 配套好 新建城铁就在门口13A线房主自荐,429万,37305元/平,顶层 (共6层) | 2000年 | 3室1厅 | 115平米 | 南 北,https://ke-image.ljcdn.com/110000-inspection/389c5aaf-4f42-435b-9ff1-ccae3c4ca701_1000.jpg!m_fill,w_280,h_210,f_jpg?from=ke.com
20231229,昌平,回龙观,101119301666,新龙城满五唯一地铁开间通勤方便,260万,55975元/平,底层 (共20层) 1室0厅 | 46.45平米 | 北,https://ke-image.ljcdn.com/110000-inspection/pc1_W8nZYaVER.jpg!m_fill,w_280,h_210,f_jpg?from=ke.com
20231229,昌平,回龙观,101119295018,新龙城的正规两居室 南北通透 满五年唯一,465万,51985元/平,底层 (共20层) 2室1厅 | 89.45平米 | 南 北,https://ke-image.ljcdn.com/110000-inspection/4eb8afd3-885b-49f9-a8d9-207b38e13941_1000.jpg!m_fill,w_280,h_210,f_jpg?from=ke.com
20231229,昌平,回龙观,101119294328,北郊农场满五年唯一通透大两居靠谱签约,395万,49931元/平,中楼层 (共6层) | 1995年 | 2室1厅 | 79.11平米 | 南 北,https://ke-image.ljcdn.com/110000-inspection/f2076159-ae0d-481a-b436-5715ff40fc53_1000.jpg!m_fill,w_280,h_210,f_jpg?from=ke.com
20231229,昌平,回龙观,101119287351,满五唯一南北通透户型方正交通便利,540万,62012元/平,低楼层 (共7层) | 2004年 | 3室1厅 | 87.08平米 | 南 北,https://ke-image.ljcdn.com/110000-inspection/a4b166d6-d290-4a32-b08b-02ac6aacacdf_1000.jpg!m_fill,w_280,h_210,f_jpg?from=ke.com
20231229,昌平,回龙观,101119286176,一层 种植了蔬菜  商满五唯一 采光好  独立下水,500万,55310元/平,底层 (共6层) 2室1厅 | 90.4平米 | 南 北,https://ke-image.ljcdn.com/110000-inspection/d50c2e87-0962-4307-ab1d-db1269daddc0_1000.jpg!m_fill,w_280,h_210,f_jpg?from=ke.com
20231229,昌平,回龙观,101119285528,新龙城新上两居室南北通透全明格局满五唯一房主自荐,560万,54736元/平,中楼层 (共20层) | 2007年 | 2室2厅 | 102.31平米 | 南 北,https://ke-image.ljcdn.com/110000-inspection/pc1_AtWUArHXx.jpg!m_fill,w_280,h_210,f_jpg?from=ke.com
20231229,昌平,回龙观,101119281494,6层 商品房满五年唯一  位置安静   前后无遮挡  两卫房主自荐,515万,36494元/平,顶层 (共6层) | 2005年 | 3室1厅 | 141.12平米 | 南 北,https://ke-image.ljcdn.com/110000-inspection/59de99d8-85a4-4721-8da9-25f9c6905025_1000.jpg!m_fill,w_280,h_210,f_jpg?from=ke.com
20231229,昌平,回龙观,101119276495,首开国风美唐二期 满五年唯一住房 低楼层 看房方便,365万,60341元/平,底层 (共18层) 1室1厅 | 60.49平米 | 东,https://ke-image.ljcdn.com/110000-inspection/b64bc938-458f-40bf-a194-73ea1777a274_1000.jpg!m_fill,w_280,h_210,f_jpg?from=ke.com
20231229,昌平,回龙观,101119272380,商品房 明厨明卫无遮挡 南北通透两居室房主自荐,518万,60999元/平,中楼层 (共31层) | 2014年 | 2室1厅 | 84.92平米 | 南 北,https://ke-image.ljcdn.com/110000-inspection/pc1_Q5GthwPwf_1.jpg!m_fill,w_280,h_210,f_jpg?from=ke.com
20231229,昌平,回龙观,101119270201,双卧客厅朝南+南北通透+大三居+百米楼间距+车位充足,650万,56351元/平,顶层 (共32层) | 2013年 | 3室2厅 | 115.35平米 | 南 北,https://ke-image.ljcdn.com/110000-inspection/9d1465d9-78a8-4e42-beba-688be423e240_1000.jpg!m_fill,w_280,h_210,f_jpg?from=ke.com
20231229,昌平,回龙观,101119268583,满五年中间位置中间楼层诚意出售随时签约,535万,37536元/平,高楼层 (共6层) | 2005年 | 3室1厅 | 142.53平米 | 南 北,https://ke-image.ljcdn.com/110000-inspection/1fa232fc-cfd3-4909-8a47-4ddfbb5aeefc_1000.jpg!m_fill,w_280,h_210,f_jpg?from=ke.com
20231229,昌平,回龙观,101119265833,新登记房源 正规一居 高楼层视野好 满五唯一,379万,66867元/平,高楼层 (共20层) | 2007年 | 1室1厅 | 56.68平米 | 北,https://ke-image.ljcdn.com/110000-inspection/pc1_hbXBrmXvC.jpg!m_fill,w_280,h_210,f_jpg?from=ke.com
20231229,昌平,回龙观,101119265514,商五唯一 自住精装修 拎包入住 近地铁 小区中间位置,499万,47875元/平,顶层 (共6层) | 2000年 | 3室2厅 | 104.23平米 | 南 北,https://ke-image.ljcdn.com/110000-inspection/pc1_0G2gE3xm5_1.jpg!m_fill,w_280,h_210,f_jpg?from=ke.com
20231229,昌平,回龙观,101119262904,京投发展公园悦府二区 高楼层精装修 南北通透三居,948万,82962元/平,中楼层 (共27层) 3室2厅 | 114.27平米 | 南 北,https://ke-image.ljcdn.com/110000-inspection/c7f53f91-3538-46f2-9803-d7ff5ef1b595_1000.jpg!m_fill,w_280,h_210,f_jpg?from=ke.com
20231229,昌平,回龙观,101119243725,小区中间+南北通透+中间楼层+安静舒适,398万,56494元/平,中楼层 (共6层) 2室1厅 | 70.45平米 | 南 北,https://ke-image.ljcdn.com/110000-inspection/pc1_N0rsTXaEb.jpg!m_fill,w_280,h_210,f_jpg?from=ke.com
20231229,昌平,回龙观,101119243648,产权清晰  无抵押 无贷款 拎包入住,540万,61885元/平,低楼层 (共34层) | 2016年 | 2室1厅 | 87.26平米 | 南,https://ke-image.ljcdn.com/110000-inspection/pc1_YspDr2ai8.jpg!m_fill,w_280,h_210,f_jpg?from=ke.com
20231229,昌平,回龙观,101119243318,近公园南向大一居室商品房业主诚心出售,446万,51230元/平,底层 (共5层) | 2000年 | 1室1厅 | 87.06平米 | 东南,https://ke-image.ljcdn.com/110000-inspection/4efeafbb-7430-4c75-8ff9-12b01a9eb8fd_1000.jpg!m_fill,w_280,h_210,f_jpg?from=ke.com
20231229,昌平,回龙观,101119238433,京投发展公园悦府一区 两居两卫户型 视野好采光好,605万,65633元/平,中楼层 (共11层) | 2016年 | 2室1厅 | 92.18平米 | 西南,https://ke-image.ljcdn.com/110000-inspection/d003ba18-cf7b-43c5-a39f-8c8a74a8277a_1000.jpg!m_fill,w_280,h_210,f_jpg?from=ke.com
20231229,昌平,回龙观,101119233117,近地铁带电梯落地窗商满五唯一,366万,52085元/平,中楼层 (共20层) | 2006年 | 1室1厅 | 70.27平米 | 北,https://ke-image.ljcdn.com/110000-inspection/pc1_BVN7zqrya.jpg!m_fill,w_280,h_210,f_jpg?from=ke.com
20231229,昌平,回龙观,101119223449,龙兴园北区精装修看房方便。,465万,47041元/平,中楼层 (共6层) | 2000年 | 3室2厅 | 98.85平米 | 南 北,https://ke-image.ljcdn.com/110000-inspection/pc1_LOHsb0t5K_1.jpg!m_fill,w_280,h_210,f_jpg?from=ke.com
20231229,昌平,回龙观,101119221737,商品房满五唯一 中高楼层 看房方便 随时签约,608万,65279元/平,中楼层 (共25层) | 2014年 | 2室1厅 | 93.14平米 | 南 北,https://ke-image.ljcdn.com/110000-inspection/pc1_tLSiVl6oC.jpg!m_fill,w_280,h_210,f_jpg?from=ke.com
20231229,昌平,回龙观,101119207747,龙腾苑六区精装修三居室不临街低楼层商品房满五年唯一房主自荐,588万,49806元/平,低楼层 (共6层) | 2002年 | 3室1厅 | 118.06平米 | 南 北,https://ke-image.ljcdn.com/110000-inspection/pc1_IrH6A5FZB.jpg!m_fill,w_280,h_210,f_jpg?from=ke.com
20231229,昌平,回龙观,101119189704,精装修拎包入住采光无影响户型通透,999万,65380元/平,底层 (共6层) | 2011年 | 3室1厅 | 152.8平米 | 南 北,https://ke-image.ljcdn.com/110000-inspection/d300d4c6-6ecf-40a2-8477-2c9c9ba7995c_1000.jpg!m_fill,w_280,h_210,f_jpg?from=ke.com
20231229,昌平,回龙观,101119186442,地铁生命科学院正南商品房小区2层卧室带大阳台,345万,52560元/平,中楼层 (共4层) 2室1厅 | 65.64平米 | 南 北,https://ke-image.ljcdn.com/110000-inspection/pc1_l5hSnJYIp_1.jpg!m_fill,w_280,h_210,f_jpg?from=ke.com
20231229,昌平,回龙观,101119179319,流星花园三区水系边小户型南向住宅,345万,74822元/平,中楼层 (共11层) | 2006年 | 1室1厅 | 46.11平米 | 东 南,https://ke-image.ljcdn.com/110000-inspection/pc1_aLhiVmoyD.jpg!m_fill,w_280,h_210,f_jpg?from=ke.com
20231229,昌平,回龙观,101119178408,领秀慧谷C区 商品房社区满五年 接受换房周期 随时看房,739万,59525元/平,底层 (共8层) | 2011年 | 3室1厅 | 124.15平米 | 南 北,https://ke-image.ljcdn.com/110000-inspection/pc1_1x7vZc0FQ_1.jpg!m_fill,w_280,h_210,f_jpg?from=ke.com
20231229,昌平,回龙观,101119174837,龙旗广场正规一居室靠谱出售房主自荐,410万,67225元/平,中楼层 (共28层) | 2010年 | 1室1厅 | 60.99平米 | 西南,https://ke-image.ljcdn.com/110000-inspection/pc1_qPz74yVG4.jpg!m_fill,w_280,h_210,f_jpg?from=ke.com
20231229,昌平,回龙观,101119170565,龙禧苑五区 中间位置中间楼层 商五一房主自荐,490万,57357元/平,中楼层 (共7层) 2室1厅 | 85.43平米 | 南 北,https://ke-image.ljcdn.com/110000-inspection/pc1_ot4uMeYQw_1.jpg!m_fill,w_280,h_210,f_jpg?from=ke.com
20231229,昌平,回龙观,101119168005,此房满五唯一通透户型中间楼层视野开阔房主自荐,399万,42793元/平,中楼层 (共6层) | 2004年 | 2室1厅 | 93.24平米 | 东 西,https://ke-image.ljcdn.com/110000-inspection/pc1_zXcyUqcgO_1.jpg!m_fill,w_280,h_210,f_jpg?from=ke.com
20231229,昌平,回龙观,101119166552,南北通透 三层 集中供暖 小区中间位置房主自荐,390万,55335元/平,中楼层 (共6层) | 1994年 | 2室1厅 | 70.48平米 | 南 北,https://ke-image.ljcdn.com/110000-inspection/pc1_NMx5HNeHZ.jpg!m_fill,w_280,h_210,f_jpg?from=ke.com
20231229,昌平,回龙观,101119163402,全南向 视野开阔 采光充足 电梯房  精装修拎包入住,399万,62934元/平,高楼层 (共9层) | 2011年 | 1室1厅 | 63.4平米 | 南,https://ke-image.ljcdn.com/110000-inspection/849ecaf6-3a86-4aec-8e5a-45702b8be9ec_1000.jpg!m_fill,w_280,h_210,f_jpg?from=ke.com
20231229,昌平,回龙观,101119144219,此房满五唯一南北双通透格局中间层全明格局,515万,55276元/平,中楼层 (共6层) | 2006年 | 2室1厅 | 93.17平米 | 南 北,https://ke-image.ljcdn.com/110000-inspection/pc1_w8hQMlNxi.jpg!m_fill,w_280,h_210,f_jpg?from=ke.com
20231229,昌平,回龙观,101119136618,东村家园 南北三居室 满五年 板楼有电梯,780万,60093元/平,中楼层 (共8层) | 2005年 | 3室2厅 | 129.8平米 | 南 北,https://ke-image.ljcdn.com/110000-inspection/pc1_R6EutkY26.jpg!m_fill,w_280,h_210,f_jpg?from=ke.com
20231229,昌平,回龙观,101119136395,矩阵三期不临街全南方正户型一居,338万,67628元/平,低楼层 (共11层) 1室0厅 | 49.98平米 | 南,https://ke-image.ljcdn.com/110000-inspection/37965f5e-ffc7-40dd-acca-816e6fd04f8e_1000.jpg!m_fill,w_280,h_210,f_jpg?from=ke.com
20231229,昌平,回龙观,101119133805,天巢园 电梯房源 南北两居室 户型方正,449万,53973元/平,低楼层 (共22层) | 2010年 | 2室1厅 | 83.19平米 | 南 北,https://ke-image.ljcdn.com/110000-inspection/pc1_C9FKWsFFG.jpg!m_fill,w_280,h_210,f_jpg?from=ke.com
20231229,昌平,回龙观,101119130280,流星花园三区电梯三居室 南北通透高楼层 采光好,705万,54098元/平,中楼层 (共6层) | 2003年 | 3室1厅 | 130.32平米 | 南 北,https://ke-image.ljcdn.com/110000-inspection/pc1_suDcj5dC2_1.jpg!m_fill,w_280,h_210,f_jpg?from=ke.com
20231229,昌平,回龙观,101119128852,全明格局次顶层+3米挑高+新风全屋智能+附三居设计房主自荐,599万,67570元/平,高楼层 (共11层) | 2016年 | 2室1厅 | 88.65平米 | 东 西 北,https://ke-image.ljcdn.com/110000-inspection/0f8ac6ec-8f9a-48d9-8901-cd44397227a9_1000.jpg!m_fill,w_280,h_210,f_jpg?from=ke.com
20231229,昌平,回龙观,101119119131,流星花园三区电梯中楼层南北通透精装修低密度房主自荐,487.8万,48288元/平,中楼层 (共6层) | 2004年 | 2室1厅 | 101.02平米 | 南 北,https://ke-image.ljcdn.com/110000-inspection/pc1_hWjSKllH6.jpg!m_fill,w_280,h_210,f_jpg?from=ke.com
20231229,昌平,回龙观,101119115236,新龙城带电梯  高楼层视野采光无遮挡 满五年 稳定签约,335万,72121元/平,高楼层 (共20层) | 2007年 | 1室0厅 | 46.45平米 | 北,https://ke-image.ljcdn.com/110000-inspection/pc1_9ayeTJohm.jpg!m_fill,w_280,h_210,f_jpg?from=ke.com
20231229,昌平,回龙观,101119107135,慧华苑 满五唯一  全明户型 拎包入住 店长首推,279万,44576元/平,高楼层 (共7层) 1室1厅 | 62.59平米 | 东 南 北,https://ke-image.ljcdn.com/110000-inspection/7b167a74-65e7-4019-9256-578b24a0a617_1000.jpg!m_fill,w_280,h_210,f_jpg?from=ke.com
20231229,昌平,回龙观,101119105614,金域华府二期 精装修 正对小区花园,635万,79794元/平,高楼层 (共28层) | 2014年 | 2室1厅 | 79.58平米 | 南,https://ke-image.ljcdn.com/110000-inspection/f025d517-2cc7-40a6-96f1-358c9fa7d60e_1000.jpg!m_fill,w_280,h_210,f_jpg?from=ke.com
20231229,昌平,回龙观,101119101309,流星花园三区    电梯洋房   全南向两居,540万,57149元/平,中楼层 (共6层) | 2004年 | 2室1厅 | 94.49平米 | 南,https://ke-image.ljcdn.com/110000-inspection/4a517066-7cd5-4a28-af5e-122a7d14a2c6_1000.jpg!m_fill,w_280,h_210,f_jpg?from=ke.com
20231229,昌平,回龙观,101119096980,融泽嘉园南北通透两居室 户型方正 采光好,490万,53031元/平,底层 (共28层) | 2014年 | 2室1厅 | 92.4平米 | 南 北,https://ke-image.ljcdn.com/110000-inspection/pc1_ImuO7P82M.jpg!m_fill,w_280,h_210,f_jpg?from=ke.com
20231229,昌平,回龙观,101119090098,商品房满五年唯一 中间楼层 南北通透 采光无遮挡,375万,56613元/平,中楼层 (共7层) | 2003年 | 1室1厅 | 66.24平米 | 南 北,https://ke-image.ljcdn.com/110000-inspection/26ef9acf-d5f5-49bd-90c8-e3827c6f66dc_1000.jpg!m_fill,w_280,h_210,f_jpg?from=ke.com
20231229,昌平,回龙观,101119076779,格局方正居家装修日照时间长南北通透视线开阔,468万,39837元/平,顶层 (共6层) | 2005年 | 3室1厅 | 117.48平米 | 南 北,https://ke-image.ljcdn.com/110000-inspection/pc1_EhGbYDQK3.jpg!m_fill,w_280,h_210,f_jpg?from=ke.com
20231229,昌平,回龙观,101119067696,融泽嘉园中路1号院满五年唯一靠谱签约诚心出售,660万,60198元/平,高楼层 (共34层) 3室2厅 | 109.64平米 | 南 北,https://ke-image.ljcdn.com/110000-inspection/pc1_eFStwPlr7_1.jpg!m_fill,w_280,h_210,f_jpg?from=ke.com
20231229,昌平,回龙观,101119036084,三合庄园加装电梯满五年唯一采光好视野好,518万,48731元/平,中楼层 (共5层) | 2000年 | 3室1厅 | 106.3平米 | 南 北,https://ke-image.ljcdn.com/110000-inspection/d9bb14be-d6f2-4cf4-92c7-b75aa8475669_1000.jpg!m_fill,w_280,h_210,f_jpg?from=ke.com
20231229,昌平,回龙观,101119021364,融泽中路2号院 满五年唯一 南北通透  精装修 中高层房主自荐,650万,57477元/平,中楼层 (共32层) | 2014年 | 3室1厅 | 113.09平米 | 南 北,https://ke-image.ljcdn.com/110000-inspection/pc1_JQvE7vwdc.jpg!m_fill,w_280,h_210,f_jpg?from=ke.com
20231229,昌平,回龙观,101119018357,回龙观 南北通透 两居 安静宜居 不临街 非顶层,440万,45152元/平,高楼层 (共6层) 2室1厅 | 97.45平米 | 南 北,https://ke-image.ljcdn.com/110000-inspection/22c4814a-7b6f-467a-a7ca-7827ccdd1746_1000.jpg!m_fill,w_280,h_210,f_jpg?from=ke.com
20231229,昌平,回龙观,101119017203,流星花园三区南北通透一层不临街采光也很好房主自荐,720万,56115元/平,底层 (共6层) | 2004年 | 3室1厅 | 128.31平米 | 南 北,https://ke-image.ljcdn.com/110000-inspection/pc1_pOvHB0HTT_1.jpg!m_fill,w_280,h_210,f_jpg?from=ke.com
20231229,昌平,回龙观,101119015541,新龙城中楼层南北两居带电梯视野好,558万,55090元/平,中楼层 (共20层) | 2007年 | 2室1厅 | 101.29平米 | 南 北,https://ke-image.ljcdn.com/110000-inspection/pc1_g5VqeEEcs.jpg!m_fill,w_280,h_210,f_jpg?from=ke.com
20231229,昌平,回龙观,101119007092,满五年唯一  低楼层 上下方便 近地铁,387万,62339元/平,底层 (共6层) | 2004年 | 1室1厅 | 62.08平米 | 南,https://ke-image.ljcdn.com/110000-inspection/pc1_vjgKWFWGt.jpg!m_fill,w_280,h_210,f_jpg?from=ke.com
20231229,昌平,回龙观,101119004653,南北通透布局合理明厨明卫小三居满五年唯一房主自荐,455万,50975元/平,底层 (共9层) | 2011年 | 3室1厅 | 89.26平米 | 南 北,https://ke-image.ljcdn.com/110000-inspection/52b32608-999c-4c35-8926-354f0f41003f_1000.jpg!m_fill,w_280,h_210,f_jpg?from=ke.com
20231229,昌平,回龙观,101118989642,龙腾苑六区 商品房满五年唯一 小区中间位置 南北通透房主自荐,598万,42355元/平,高楼层 (共6层) | 2002年 | 3室1厅 | 141.19平米 | 南 北,https://ke-image.ljcdn.com/110000-inspection/pc1_90ZOBmohC.jpg!m_fill,w_280,h_210,f_jpg?from=ke.com
20231229,昌平,回龙观,101118986267,中间位置3层两居看房随时商品房可谈,445万,45599元/平,中楼层 (共6层) 2室1厅 | 97.59平米 | 南 北,https://ke-image.ljcdn.com/110000-inspection/b4e6596b-3e00-4a2c-8ea3-298bc616bbbf_1000.jpg!m_fill,w_280,h_210,f_jpg?from=ke.com
20231229,昌平,回龙观,101118982782,商品房满五唯一 二层边户 餐厅有窗 明厨明卫 随时可看房主自荐,590万,41797元/平,低楼层 (共6层) 3室2厅 | 141.16平米 | 南 北,https://ke-image.ljcdn.com/110000-inspection/1d354aee-84e8-4419-a0fa-6a37dd852f84_1000.jpg!m_fill,w_280,h_210,f_jpg?from=ke.com
20231229,昌平,回龙观,101118978965,万润家园 中间位置 中间楼层 满五年唯一住房,539万,56094元/平,低楼层 (共9层) | 2003年 | 2室2厅 | 96.09平米 | 南 北,https://ke-image.ljcdn.com/110000-inspection/pc1_NxyaL2Hcw.jpg!m_fill,w_280,h_210,f_jpg?from=ke.com
20231229,昌平,回龙观,101118965822,【优选】龙泽 楼层佳 小区中间 临湖位置 满5年唯一,519万,54776元/平,中楼层 (共7层) | 1999年 | 3室1厅 | 94.75平米 | 南 北,https://ke-image.ljcdn.com/110000-inspection/pc1_JWPca5eP3.jpg!m_fill,w_280,h_210,f_jpg?from=ke.com
20231229,昌平,回龙观,101118965643,首开国风美唐三期 50万精装 中间位置 高楼层 高原 值,1088万,85367元/平,高楼层 (共18层) 3室1厅 | 127.45平米 | 南 北,https://ke-image.ljcdn.com/110000-inspection/pc1_rHFjDgyqI.jpg!m_fill,w_280,h_210,f_jpg?from=ke.com
20231229,昌平,回龙观,101118962700,佰嘉城  南北通透三居  采光好  小区中间位置,445万,37264元/平,顶层 (共6层) | 2006年 | 3室1厅 | 119.42平米 | 南 北,https://ke-image.ljcdn.com/110000-inspection/pc1_Oh4Vg3X6q.jpg!m_fill,w_280,h_210,f_jpg?from=ke.com
20231229,昌平,回龙观,101118960573,京投发展公园悦府二区 满俩年 次卧无遮挡 视野好房主自荐,699万,80262元/平,低楼层 (共27层) 2室1厅 | 87.09平米 | 西南,https://ke-image.ljcdn.com/110000-inspection/pc1_VNinccads.jpg!m_fill,w_280,h_210,f_jpg?from=ke.com
20231229,昌平,回龙观,101118952190,龙华园一区+中间楼层2居+户型方正,380万,53917元/平,中楼层 (共6层) | 1994年 | 2室1厅 | 70.48平米 | 东 西,https://ke-image.ljcdn.com/110000-inspection/pc1_jYsVKEh81.jpg!m_fill,w_280,h_210,f_jpg?from=ke.com
20231229,昌平,回龙观,101118951326,此房满五年唯一转商费业主自己出南北通透户型,565.6万,46342元/平,低楼层 (共7层) | 2003年 | 3室2厅 | 122.05平米 | 南 北,https://ke-image.ljcdn.com/110000-inspection/pc1_zwJALJdjW.jpg!m_fill,w_280,h_210,f_jpg?from=ke.com
20231229,昌平,回龙观,101118948100,龙跃苑东四区 近双规地铁 三居两卫,600万,47390元/平,低楼层 (共6层) | 2007年 | 3室1厅 | 126.61平米 | 南 北,https://ke-image.ljcdn.com/110000-inspection/6c910d2d-0d0f-447f-8fad-9cb40a2fe737_1000.jpg!m_fill,w_280,h_210,f_jpg?from=ke.com
20231229,昌平,回龙观,101118944311,北郊农场家属院两居室中间楼层房主自荐,413万,51748元/平,中楼层 (共6层) | 1995年 | 2室1厅 | 79.81平米 | 南 北,https://ke-image.ljcdn.com/110000-inspection/pc1_0hJujZWvh_1.jpg!m_fill,w_280,h_210,f_jpg?from=ke.com
20231229,昌平,回龙观,101118928277,通达园两居室户型方正格局合理可拎包入住,450万,51856元/平,低楼层 (共7层) 2室1厅 | 86.78平米 | 东 西,https://ke-image.ljcdn.com/110000-inspection/ef7cd469-f12d-46a7-b465-1406f5c1eacc_1000.jpg!m_fill,w_280,h_210,f_jpg?from=ke.com
20231229,昌平,回龙观,101118923629,龙腾苑六区正规三居室商品房满五年唯一,585万,49526元/平,中楼层 (共6层) 3室1厅 | 118.12平米 | 南 北,https://ke-image.ljcdn.com/110000-inspection/pc1_CfHsZxzBT.jpg!m_fill,w_280,h_210,f_jpg?from=ke.com
20231229,昌平,回龙观,101118918634,天空之城北京人家地暖二期靠南,499万,52889元/平,中楼层 (共6层) | 2004年 | 2室1厅 | 94.35平米 | 南 北,https://ke-image.ljcdn.com/110000-inspection/dae9b9ee-4ed3-4e99-abd0-32a4cc8f538c_1000.jpg!m_fill,w_280,h_210,f_jpg?from=ke.com
20231229,昌平,回龙观,101118915563,三面朝阳通透户型中间位置自住精装看房方便,840万,74225元/平,中楼层 (共11层) 3室2厅 | 113.17平米 | 南 北,https://ke-image.ljcdn.com/110000-inspection/4c8d6f0d-13a0-4dbf-ac79-1948c8172863_1000.jpg!m_fill,w_280,h_210,f_jpg?from=ke.com
20231229,昌平,回龙观,101118913594,位置好  没有遮挡 业主诚心出售,499万,57173元/平,低楼层 (共28层) | 2014年 | 2室1厅 | 87.28平米 | 南,https://ke-image.ljcdn.com/110000-inspection/pc1_qOZhPkzFs.jpg!m_fill,w_280,h_210,f_jpg?from=ke.com
20231229,昌平,回龙观,101118910405,万龙社区南北通透两居全明格局停车方便,409万,62453元/平,底层 (共6层) | 1997年 | 2室1厅 | 65.49平米 | 南 北,https://ke-image.ljcdn.com/110000-inspection/pc1_XJWSV2iW6.jpg!m_fill,w_280,h_210,f_jpg?from=ke.com
20231229,昌平,回龙观,101118910242,首开国风美唐三期 近双规地铁 精装修,690万,71793元/平,中楼层 (共18层) | 2016年 | 2室1厅 | 96.11平米 | 南 北,https://ke-image.ljcdn.com/110000-inspection/69a02955-2b8b-454d-bb61-ab001950c8a7_1000.jpg!m_fill,w_280,h_210,f_jpg?from=ke.com
20231229,昌平,回龙观,101118906988,流星花园三区 满五年 3层 中间位置  有钥匙房主自荐,529万,52289元/平,中楼层 (共6层) | 2004年 | 2室1厅 | 101.17平米 | 南 北,https://ke-image.ljcdn.com/110000-inspection/74b2dc8d-ced1-4ed7-adc1-733d3b118c93_1000.jpg!m_fill,w_280,h_210,f_jpg?from=ke.com
20231229,昌平,回龙观,101118905462,中间三层+不临街不边+双地铁+落地宽景大窗+双阳台,550万,44000元/平,中楼层 (共6层) | 2006年 | 3室1厅 | 125平米 | 南 北,https://ke-image.ljcdn.com/110000-inspection/145aa9aa-0a8a-4102-bf3a-2bbf63878e20_1000.jpg!m_fill,w_280,h_210,f_jpg?from=ke.com
20231229,昌平,回龙观,101118905249,龙泽苑东区 3室1厅 南 北,775万,55366元/平,底层 (共7层) | 2005年 | 3室1厅 | 139.98平米 | 南 北,https://ke-image.ljcdn.com/110000-inspection/pc1_a0bqQTl0h.jpg!m_fill,w_280,h_210,f_jpg?from=ke.com
20231229,昌平,回龙观,101118905124,金域华府一期 1室1厅 南,425万,67514元/平,高楼层 (共28层) | 2012年 | 1室1厅 | 62.95平米 | 南,https://ke-image.ljcdn.com/110000-inspection/3cbf8132-7577-4c88-932a-8d9e7d6fa5ad_1000.jpg!m_fill,w_280,h_210,f_jpg?from=ke.com
20231229,昌平,回龙观,101118901408,商品房7月4日满五年唯一中间位置不临街不把边3层,649万,50672元/平,中楼层 (共6层) | 2003年 | 3室1厅 | 128.08平米 | 南 北,https://ke-image.ljcdn.com/110000-inspection/pc1_wZsgAmLdu.jpg!m_fill,w_280,h_210,f_jpg?from=ke.com
20231229,昌平,回龙观,101118891436,流星花园三区电梯中间层采光无遮挡满五唯一房主自荐,505万,49120元/平,中楼层 (共6层) | 2004年 | 2室1厅 | 102.81平米 | 南 北,https://ke-image.ljcdn.com/110000-inspection/92dbce6b-307c-4197-8b82-60035a2b352f_1000.jpg!m_fill,w_280,h_210,f_jpg?from=ke.com
20231229,昌平,回龙观,101118880564,融泽嘉园中路1号院 满五唯一 南北通透,670万,62066元/平,低楼层 (共33层) 3室2厅 | 107.95平米 | 南 北,https://ke-image.ljcdn.com/110000-inspection/ea742972-d61b-4faf-901e-693207bd6dd8_1000.jpg!m_fill,w_280,h_210,f_jpg?from=ke.com
20231229,昌平,回龙观,101118877212,商品房满五唯一！40来万精装修！低楼层！位置好！,620万,50033元/平,低楼层 (共6层) | 2006年 | 3室1厅 | 123.92平米 | 南 北,https://ke-image.ljcdn.com/110000-inspection/1a3c5e2a-567c-4cc9-8251-500e6f8f7ac9_1000.jpg!m_fill,w_280,h_210,f_jpg?from=ke.com
20231229,昌平,回龙观,101118874891,商品房满五唯一南北通透位置好高层采光好视野好,529万,60534元/平,高楼层 (共34层) | 2016年 | 2室1厅 | 87.39平米 | 南 北,https://ke-image.ljcdn.com/110000-inspection/afd60ed3-1d6a-45bd-be55-ac3f7f301902_1000.jpg!m_fill,w_280,h_210,f_jpg?from=ke.com
20231229,昌平,回龙观,101118865541,平层大四居 大阳台三通透户型 洋房小区密度低房主自荐,699万,37122元/平,高楼层 (共6层) 4室1厅 | 188.3平米 | 南 北,https://ke-image.ljcdn.com/110000-inspection/pc1_2yVMuDqaB.jpg!m_fill,w_280,h_210,f_jpg?from=ke.com
20231229,昌平,回龙观,101118862853,流星花园  南北通透两居小区中间位置采光充足,545万,61374元/平,低楼层 (共6层) | 2003年 | 2室1厅 | 88.8平米 | 南 北,https://ke-image.ljcdn.com/110000-inspection/pc1_nAFGbCFY1_1.jpg!m_fill,w_280,h_210,f_jpg?from=ke.com
20231229,昌平,回龙观,101118862239,商品房满五唯一 自住精装 看房方便 诚心出售 随时签约,669万,58357元/平,低楼层 (共34层) | 2014年 | 3室1厅 | 114.64平米 | 南 北,https://ke-image.ljcdn.com/110000-inspection/7cc8f5fc-02e4-450b-9385-dbee64b9784d_1000.jpg!m_fill,w_280,h_210,f_jpg?from=ke.com
20231229,昌平,回龙观,101118861513,近地铁落地窗采光好高楼层,269万,57676元/平,高楼层 (共20层) 1室0厅 | 46.64平米 | 北,https://ke-image.ljcdn.com/110000-inspection/pc1_Y7i7lHA2m.jpg!m_fill,w_280,h_210,f_jpg?from=ke.com
20231229,昌平,回龙观,101118839861,70平南向大一居室 户型方正  客厅大  小区有大公园,470万,67792元/平,底层 (共11层) | 2014年 | 1室1厅 | 69.33平米 | 南,https://ke-image.ljcdn.com/110000-inspection/356edc50-697c-4b4d-92a8-81c89361efb7_1000.jpg!m_fill,w_280,h_210,f_jpg?from=ke.com
20231229,昌平,回龙观,101118838250,龙锦苑一区南北通透三居室诚心出售,439万,34892元/平,顶层 (共6层) | 2005年 | 3室1厅 | 125.82平米 | 南 北,https://ke-image.ljcdn.com/110000-inspection/5b3c022b-65fe-41f5-8402-954615435afe_1000.jpg!m_fill,w_280,h_210,f_jpg?from=ke.com
20231229,昌平,回龙观,101118830000,小区中间位置南向电梯房满两年户型方正,328万,71135元/平,中楼层 (共11层) | 2006年 | 1室0厅 | 46.11平米 | 南,https://ke-image.ljcdn.com/110000-inspection/pc1_iwAwg66cG.jpg!m_fill,w_280,h_210,f_jpg?from=ke.com
20231229,昌平,回龙观,101118817283,矩阵大三居纯商品房不临街东大街地铁换乘站,490万,41554元/平,顶层 (共6层) | 1998年 | 3室1厅 | 117.92平米 | 南 北,https://ke-image.ljcdn.com/110000-inspection/53536795-0143-4f05-b5af-04f22d934f65_1000.jpg!m_fill,w_280,h_210,f_jpg?from=ke.com
20231229,昌平,回龙观,101118817006,融泽嘉园中路12号院 全南向两居室 高楼层 视野开阔房主自荐,580万,66158元/平,中楼层 (共31层) 2室1厅 | 87.67平米 | 南,https://ke-image.ljcdn.com/110000-inspection/2073bf41-2886-4ad3-a691-f5b9d930f032_1000.jpg!m_fill,w_280,h_210,f_jpg?from=ke.com
20231229,昌平,回龙观,101118816846,金达园 满五年唯一 大三居 三面采光 南北通透 无遮挡,650万,45049元/平,顶层 (共6层) | 1998年 | 3室2厅 | 144.29平米 | 东南 北,https://ke-image.ljcdn.com/110000-inspection/pc1_ZmOzGIGGu_1.jpg!m_fill,w_280,h_210,f_jpg?from=ke.com
20231229,昌平,回龙观,101118812765,金域华府一期满五年唯一靠谱小三居户型方正,610万,68149元/平,中楼层 (共28层) 3室1厅 | 89.51平米 | 西北,https://ke-image.ljcdn.com/110000-inspection/pc1_UAt1b0Bn0.jpg!m_fill,w_280,h_210,f_jpg?from=ke.com
20231229,昌平,回龙观,101118800922,北京人家精装修三居室有电梯。,610万,54606元/平,顶层 (共10层) | 2005年 | 3室1厅 | 111.71平米 | 南 北,https://ke-image.ljcdn.com/110000-inspection/e8e922f5-5ade-4c8e-9dda-d171966ff6fe_1000.jpg!m_fill,w_280,h_210,f_jpg?from=ke.com
20231229,昌平,回龙观,101118798226,总监推荐房源：次新房地暖外挂石材外立面,668万,67804元/平,低楼层 (共13层) 2室2厅 | 98.52平米 | 南 北,https://ke-image.ljcdn.com/110000-inspection/pc1_TBhZlJsYa.jpg!m_fill,w_280,h_210,f_jpg?from=ke.com
20231229,昌平,回龙观,101118795130,商满五唯一靠谱出售看房随时,468万,40569元/平,顶层 (共6层) 3室1厅 | 115.36平米 | 南 北,https://ke-image.ljcdn.com/110000-inspection/cb1423f1-16d4-49fa-b3f0-d1e2c1b19bc2_1000.jpg!m_fill,w_280,h_210,f_jpg?from=ke.com
20231229,昌平,回龙观,101118786047,龙腾苑四区平层三居室不临街不把边采光好,678万,48240元/平,中楼层 (共6层) | 2003年 | 3室1厅 | 140.55平米 | 南 北,https://ke-image.ljcdn.com/110000-inspection/pc1_grDTaLiEM.jpg!m_fill,w_280,h_210,f_jpg?from=ke.com
20231229,昌平,回龙观,101118779684,新龙城 1室1厅 北,421万,59691元/平,顶层 (共20层) 1室1厅 | 70.53平米 | 北,https://ke-image.ljcdn.com/110000-inspection/8b070bd0-5fb8-4bf4-8b2e-74605939df2b_1000.jpg!m_fill,w_280,h_210,f_jpg?from=ke.com
20231229,昌平,回龙观,101118779140,龙腾苑五区小区中间位置中间楼层自住优质三居,578万,49083元/平,高楼层 (共6层) | 2003年 | 3室1厅 | 117.76平米 | 南 北,https://ke-image.ljcdn.com/110000-inspection/e96dea34-31f0-4d1c-87e1-6f6dc39f52a2_1000.jpg!m_fill,w_280,h_210,f_jpg?from=ke.com
20231229,昌平,回龙观,101118776734,金域华府二期满五唯一南向大两居万科精装自住中间层,739万,82746元/平,中楼层 (共27层) | 2014年 | 2室1厅 | 89.31平米 | 南,https://ke-image.ljcdn.com/110000-inspection/10175311-ee40-4c1d-94e3-a68ce7f746c7_1000.jpg!m_fill,w_280,h_210,f_jpg?from=ke.com
20231229,昌平,回龙观,101118763507,金达园 2室2厅 南 北,470万,47132元/平,低楼层 (共6层) | 1998年 | 2室2厅 | 99.72平米 | 南 北,https://ke-image.ljcdn.com/110000-inspection/pc1_v1BgooL0q_1.jpg!m_fill,w_280,h_210,f_jpg?from=ke.com
20231229,昌平,回龙观,101118760287,龙泽西区小区中间+实用三居室+采光好+装修好+满五唯一,539万,49968元/平,中楼层 (共7层) | 2000年 | 3室1厅 | 107.87平米 | 南 北,https://ke-image.ljcdn.com/110000-inspection/pc1_pjbWvNvY9.jpg!m_fill,w_280,h_210,f_jpg?from=ke.com
20231229,昌平,回龙观,101118757087,二层 满五年唯一业主随时签约小区中间位置,399万,49108元/平,低楼层 (共6层) | 1998年 | 2室1厅 | 81.25平米 | 东 西,https://ke-image.ljcdn.com/110000-inspection/pc1_LZHGeXWax.jpg!m_fill,w_280,h_210,f_jpg?from=ke.com
20231229,昌平,回龙观,101118742066,小区中间位置使用面积180平米随时看房房主自荐,619万,71744元/平,底层 (共11层) 2室1厅 | 86.28平米 | 东南,https://ke-image.ljcdn.com/110000-inspection/pc1_lVoXONkwi.jpg!m_fill,w_280,h_210,f_jpg?from=ke.com
20231229,昌平,回龙观,101118741878,龙泽苑A区+中美合资示范区+南北通透+首套首付：195万,527万,57395元/平,中楼层 (共6层) | 1999年 | 3室1厅 | 91.82平米 | 南 北,https://ke-image.ljcdn.com/110000-inspection/pc1_mIedHSGOk.jpg!m_fill,w_280,h_210,f_jpg?from=ke.com
20231229,昌平,回龙观,101118740299,田园风光雅苑 3室2厅 南 北,668万,53432元/平,中楼层 (共6层) | 2006年 | 3室2厅 | 125.02平米 | 南 北,https://ke-image.ljcdn.com/110000-inspection/cded9c16-7635-4a69-92fa-7929009d19f2_1000.jpg!m_fill,w_280,h_210,f_jpg?from=ke.com
20231229,昌平,回龙观,101118739575,商品房满五唯一 高楼层视野好 采光无遮挡房主自荐,549万,62822元/平,高楼层 (共34层) | 2016年 | 2室1厅 | 87.39平米 | 南,https://ke-image.ljcdn.com/110000-inspection/pc1_OLddgB9eJ_1.jpg!m_fill,w_280,h_210,f_jpg?from=ke.com
20231229,昌平,回龙观,101118722654,慧华苑通透一居室把边采光好满五年唯一看房随时,299万,54167元/平,高楼层 (共6层) | 1996年 | 1室1厅 | 55.2平米 | 南 北,https://ke-image.ljcdn.com/110000-inspection/a4169334-4ac8-456d-a241-13312ed888f0_1000.jpg!m_fill,w_280,h_210,f_jpg?from=ke.com
20231229,昌平,回龙观,101118721025,龙旗广场满五年唯一商品房带电梯采光好,499万,62799元/平,中楼层 (共28层) | 2010年 | 2室1厅 | 79.46平米 | 西南,https://ke-image.ljcdn.com/110000-inspection/pc1_g35lZvYYy.jpg!m_fill,w_280,h_210,f_jpg?from=ke.com
20231229,昌平,回龙观,101118718802,风雅园二区两居室临公园临地铁商满五唯一,460万,50268元/平,中楼层 (共6层) 2室1厅 | 91.51平米 | 西 北,https://ke-image.ljcdn.com/110000-inspection/fd0a8a9e-fd10-4cf3-93a2-f2389ccb97dd_1000.jpg!m_fill,w_280,h_210,f_jpg?from=ke.com
20231229,昌平,回龙观,101118714906,商品房仅有契税不临街南北通透,478万,56091元/平,中楼层 (共7层) | 2002年 | 2室1厅 | 85.22平米 | 南 北,https://ke-image.ljcdn.com/110000-inspection/pc1_Ps9XQqguS_1.jpg!m_fill,w_280,h_210,f_jpg?from=ke.com
20231229,昌平,回龙观,101118714386,万科精装 高楼层 无遮挡 采光和视野不遮挡 明厨明卫,909万,77699元/平,高楼层 (共28层) | 2014年 | 3室1厅 | 116.99平米 | 南 北,https://ke-image.ljcdn.com/110000-inspection/pc1_aKTPL9w2F_1.jpg!m_fill,w_280,h_210,f_jpg?from=ke.com
20231229,昌平,回龙观,101118701630,龙腾苑六区 4室1厅 南 北,755万,46683元/平,低楼层 (共6层) | 2002年 | 4室1厅 | 161.73平米 | 南 北,https://ke-image.ljcdn.com/110000-inspection/pc1_leNGj9zEU.jpg!m_fill,w_280,h_210,f_jpg?from=ke.com
20231229,昌平,回龙观,101118697625,北京城建畅悦居 西南向三居 靠谱出售,508万,48502元/平,中楼层 (共21层) 3室1厅 | 104.74平米 | 南 西 北,https://ke-image.ljcdn.com/110000-inspection/pc1_NxgjRFyAL.jpg!m_fill,w_280,h_210,f_jpg?from=ke.com
20231229,昌平,回龙观,101118680651,融泽嘉园中路1号院 2室1厅 南 北,570万,58630元/平,低楼层 (共25层) 2室1厅 | 97.22平米 | 南 北,https://ke-image.ljcdn.com/110000-inspection/bcb8c862-e4fa-4a2a-acb8-4ebbafa2ebd8_1000.jpg!m_fill,w_280,h_210,f_jpg?from=ke.com
20231229,昌平,回龙观,101118679889,融泽一期精装全南中间区域2居室,515万,59353元/平,中楼层 (共18层) 2室1厅 | 86.77平米 | 南,https://ke-image.ljcdn.com/110000-inspection/pc1_yNRlcwaoo.jpg!m_fill,w_280,h_210,f_jpg?from=ke.com
20231229,昌平,回龙观,101118679087,商品房满五年唯一小区中间位置,405万,60161元/平,顶层 (共5层) 2室1厅 | 67.32平米 | 南 北,https://ke-image.ljcdn.com/110000-inspection/pc1_fVDMD5wHa.jpg!m_fill,w_280,h_210,f_jpg?from=ke.com
20231229,昌平,回龙观,101118678515,西二旗金达园  南北通透大两居   满五唯一,450万,44933元/平,高楼层 (共6层) | 1998年 | 2室2厅 | 100.15平米 | 南 北,https://ke-image.ljcdn.com/110000-inspection/20e8e109-50b9-46d4-b312-8bee0077c037_1000.jpg!m_fill,w_280,h_210,f_jpg?from=ke.com
20231229,昌平,回龙观,101118678446,京投发展公园悦府二区 3室2厅 南 北,1088万,80095元/平,低楼层 (共27层) | 2020年 | 3室2厅 | 135.84平米 | 南 北,https://ke-image.ljcdn.com/110000-inspection/82678d1e-0657-4185-aefe-f6c64b0ff401_1000.jpg!m_fill,w_280,h_210,f_jpg?from=ke.com
20231229,昌平,回龙观,101118673795,龙泽苑西区 纯商品房社区 绿化45%,499万,62104元/平,高楼层 (共6层) | 1999年 | 2室1厅 | 80.35平米 | 南 北,https://ke-image.ljcdn.com/110000-inspection/pc1_hAokzjIfF_1.jpg!m_fill,w_280,h_210,f_jpg?from=ke.com
20231229,昌平,回龙观,101118665805,商品房满五年唯一、小区中间、全明三居,585万,46169元/平,顶层 (共6层) | 2002年 | 3室1厅 | 126.71平米 | 北 南,https://ke-image.ljcdn.com/110000-inspection/ee274892-7413-4cf6-8f15-9c242adad731_1000.jpg!m_fill,w_280,h_210,f_jpg?from=ke.com
20231229,昌平,回龙观,101118664249,商品房满五年唯一 电梯三居室 格局方正,459万,51377元/平,低楼层 (共21层) 3室1厅 | 89.34平米 | 东南,https://ke-image.ljcdn.com/110000-inspection/9394eb8f-aaf9-4fe8-8184-8a9e58cd9511_1000.jpg!m_fill,w_280,h_210,f_jpg?from=ke.com
20231229,昌平,回龙观,101118660248,京投发展公园悦府二区 2020年小区 精装修 南北通透,950万,83642元/平,高楼层 (共27层) | 2020年 | 3室2厅 | 113.58平米 | 南 北,https://ke-image.ljcdn.com/110000-inspection/pc1_SgQoQaT5C.jpg!m_fill,w_280,h_210,f_jpg?from=ke.com
20231229,昌平,回龙观,101118655043,慧华苑中间层大3居双卧朝南只此楼栋有瓷砖铺装,550万,36587元/平,中楼层 (共6层) | 1996年 | 3室2厅 | 150.33平米 | 南 西 北,https://ke-image.ljcdn.com/110000-inspection/pc1_7MNdoHneL_1.jpg!m_fill,w_280,h_210,f_jpg?from=ke.com
20231229,昌平,回龙观,101118654806,新龙城大一居电梯近地铁满五年唯一房主自荐,405万,57635元/平,中楼层 (共20层) 1室1厅 | 70.27平米 | 北,https://ke-image.ljcdn.com/110000-inspection/pc1_E0DUMin8I.jpg!m_fill,w_280,h_210,f_jpg?from=ke.com
20231229,昌平,回龙观,101118653753,北京城建畅悦居  电梯三居室   中间楼层,535万,50368元/平,中楼层 (共21层) 3室1厅 | 106.22平米 | 南 北,https://ke-image.ljcdn.com/110000-inspection/pc1_x69Sy5lA6_1.jpg!m_fill,w_280,h_210,f_jpg?from=ke.com
20231229,昌平,回龙观,101118651217,北京人家南北双通透户型诚心出售楼层好,485万,51302元/平,中楼层 (共6层) 2室1厅 | 94.54平米 | 南 北,https://ke-image.ljcdn.com/110000-inspection/pc1_QXlpyu63f_1.jpg!m_fill,w_280,h_210,f_jpg?from=ke.com
20231229,昌平,回龙观,101118648408,万润家园电梯大两居小区中间满五唯一诚意出售,469万,52123元/平,高楼层 (共12层) | 2003年 | 2室1厅 | 89.98平米 | 南 西 北,https://ke-image.ljcdn.com/110000-inspection/pc1_oOjJhHQQ5.jpg!m_fill,w_280,h_210,f_jpg?from=ke.com
20231229,昌平,回龙观,101118617899,龙华园 2室1厅 南 北,430万,63050元/平,底层 (共6层) | 1994年 | 2室1厅 | 68.2平米 | 南 北,https://ke-image.ljcdn.com/110000-inspection/pc1_52X32wxEL.jpg!m_fill,w_280,h_210,f_jpg?from=ke.com
20231229,昌平,回龙观,101118617320,和谐家园顶层三居室商品房双阳台落地窗,520万,41405元/平,顶层 (共6层) | 2006年 | 3室1厅 | 125.59平米 | 南 北,https://ke-image.ljcdn.com/110000-inspection/90dd0246-929b-44a1-b8e5-92d7c0d9b17b_1000.jpg!m_fill,w_280,h_210,f_jpg?from=ke.com
20231229,昌平,回龙观,101118608965,两卫大三居！正中楼层！好户型！业主诚售！见面好谈！,535万,44443元/平,中楼层 (共6层) 3室2厅 | 120.38平米 | 南 北,https://ke-image.ljcdn.com/110000-inspection/932cfce1-4347-458c-899f-d17d01913f40_1000.jpg!m_fill,w_280,h_210,f_jpg?from=ke.com
20231229,昌平,回龙观,101118608599,美唐二期 小区中间 中间层全南两居 交易只有契税,665万,70805元/平,中楼层 (共20层) | 2015年 | 2室1厅 | 93.92平米 | 南,https://ke-image.ljcdn.com/110000-inspection/bc7ca056-5323-4333-9286-9370c688adc2_1000.jpg!m_fill,w_280,h_210,f_jpg?from=ke.com
20231229,昌平,回龙观,101118599229,首开智慧社-不临街-中间楼层-精装修-业主人很好,588万,65802元/平,中楼层 (共21层) | 2011年 | 2室1厅 | 89.36平米 | 南 北,https://ke-image.ljcdn.com/110000-inspection/6d971997-8cf4-430f-9583-ee7974974d79_1000.jpg!m_fill,w_280,h_210,f_jpg?from=ke.com
20231229,昌平,回龙观,101118597302,金域华府二期 2室1厅 东 南 北房主自荐,675万,80015元/平,低楼层 (共27层) 2室1厅 | 84.36平米 | 东 南 北,https://ke-image.ljcdn.com/110000-inspection/7a365b77-9471-4ce1-b195-8aaeb4b5d075_1000.jpg!m_fill,w_280,h_210,f_jpg?from=ke.com
20231229,昌平,回龙观,101118593331,领秀慧谷A区业主自住装修看房随时！,390万,61817元/平,低楼层 (共9层) | 2011年 | 1室1厅 | 63.09平米 | 南,https://ke-image.ljcdn.com/110000-inspection/pc1_WMsDlEAdk.jpg!m_fill,w_280,h_210,f_jpg?from=ke.com
20231229,昌平,回龙观,101118584006,纯商品房社区电梯3居南北通透户型客厅大面宽,750万,57213元/平,高楼层 (共9层) | 2005年 | 3室2厅 | 131.09平米 | 南 北,https://ke-image.ljcdn.com/110000-inspection/pc1_CTPZj9Zri.jpg!m_fill,w_280,h_210,f_jpg?from=ke.com
20231229,昌平,回龙观,101118573809,新龙城  小区中间  一层双卧朝南三居室 精装自住,725万,63419元/平,底层 (共6层) 3室1厅 | 114.32平米 | 南 北,https://ke-image.ljcdn.com/110000-inspection/pc1_7xCowgRXS_1.jpg!m_fill,w_280,h_210,f_jpg?from=ke.com
20231229,昌平,回龙观,101118572255,满五年唯一 全朝南 采光好视野佳,510万,62832元/平,高楼层 (共31层) | 2014年 | 2室1厅 | 81.17平米 | 南,https://ke-image.ljcdn.com/110000-inspection/pc1_nlXp91pnR.jpg!m_fill,w_280,h_210,f_jpg?from=ke.com
20231229,昌平,回龙观,101118571719,京投发展公园悦府二区 19年底入住 高楼层视野好 满2年房主自荐,748万,85997元/平,中楼层 (共27层) 2室2厅 | 86.98平米 | 西南,https://ke-image.ljcdn.com/110000-inspection/48c8147b-1e10-44d8-9120-d961746b8808_1000.jpg!m_fill,w_280,h_210,f_jpg?from=ke.com
20231229,昌平,回龙观,101118566525,龙兴园北区 3室1厅 南 北,460万,46339元/平,中楼层 (共6层) | 2000年 | 3室1厅 | 99.27平米 | 南 北,https://ke-image.ljcdn.com/110000-inspection/2d94a562-792f-474e-a943-f523afd51ccd_1000.jpg!m_fill,w_280,h_210,f_jpg?from=ke.com
20231229,昌平,回龙观,101118565152,龙华园 商品房满五年唯一 小区中间位置,435万,56465元/平,高楼层 (共6层) | 1996年 | 2室1厅 | 77.04平米 | 南 北,https://ke-image.ljcdn.com/110000-inspection/pc1_1YTRIhPCp.jpg!m_fill,w_280,h_210,f_jpg?from=ke.com
20231229,昌平,回龙观,101118563004,北郊农场家属院 全南向 精装修 满五年唯一 采光充沛,369万,60492元/平,高楼层 (共6层) | 1997年 | 2室1厅 | 61平米 | 南,https://ke-image.ljcdn.com/110000-inspection/pc1_3gb6Xisol_1.jpg!m_fill,w_280,h_210,f_jpg?from=ke.com
20231229,昌平,回龙观,101118561645,龙腾苑五区到地铁447米3层商圈配套很齐全出行方便,595万,53378元/平,中楼层 (共7层) 3室2厅 | 111.47平米 | 南 北,https://ke-image.ljcdn.com/110000-inspection/pc1_VX4EeFjWH.jpg!m_fill,w_280,h_210,f_jpg?from=ke.com
20231229,昌平,回龙观,101118550544,龙旗广场 西南户型 满五年商品房 精装修房主自荐,479万,60108元/平,中楼层 (共28层) | 2010年 | 2室1厅 | 79.69平米 | 西南,https://ke-image.ljcdn.com/110000-inspection/6587b864-12eb-44c2-8300-dcc445b03cf2_1000.jpg!m_fill,w_280,h_210,f_jpg?from=ke.com
20231229,昌平,回龙观,101118546166,流星花园三区电梯两居看房方便,586万,56905元/平,顶层 (共11层) | 2006年 | 2室1厅 | 102.98平米 | 南 北,https://ke-image.ljcdn.com/110000-inspection/pc1_VPSUrXMI0_2.jpg!m_fill,w_280,h_210,f_jpg?from=ke.com
20231229,昌平,回龙观,101118545907,商品房满五唯一业主诚心出售。随时签约房主自荐,356万,54236元/平,中楼层 (共4层) 2室1厅 | 65.64平米 | 南 北,https://ke-image.ljcdn.com/110000-inspection/3e09be3a-706e-457c-8afd-95be969e9dcb_1000.jpg!m_fill,w_280,h_210,f_jpg?from=ke.com
20231229,昌平,回龙观,101118535462,金达园小区南北通透两居室精装修房主自荐,399万,45254元/平,高楼层 (共6层) | 1997年 | 2室1厅 | 88.17平米 | 南 北,https://ke-image.ljcdn.com/110000-inspection/7dd8bba2-7d7b-44d0-800c-f3dd09d0f5c4_1000.jpg!m_fill,w_280,h_210,f_jpg?from=ke.com
20231229,昌平,回龙观,101118534256,满五年 购置仅有契税 南北通透 配套齐全。,530万,49733元/平,底层 (共6层) | 1997年 | 3室2厅 | 106.57平米 | 南 北,https://ke-image.ljcdn.com/110000-inspection/pc1_gRSDPrtMk.jpg!m_fill,w_280,h_210,f_jpg?from=ke.com
20231229,昌平,回龙观,101118519609,首套首付148万+龙泽苑A区+中美合资+南北通透+小区中间,468万,56700元/平,低楼层 (共6层) 2室1厅 | 82.54平米 | 南 北,https://ke-image.ljcdn.com/110000-inspection/09be0c97-06ed-494c-95bd-80ede0817be0_1000.jpg!m_fill,w_280,h_210,f_jpg?from=ke.com
20231229,昌平,回龙观,101118515037,龙禧苑二区   小区内部有公园   购物方便房主自荐,610万,42706元/平,中楼层 (共6层) 3室2厅 | 142.84平米 | 南 北,https://ke-image.ljcdn.com/110000-inspection/pc1_6K13nzbdt.jpg!m_fill,w_280,h_210,f_jpg?from=ke.com
20231229,昌平,回龙观,101118511291,精装修拎包入住商满五唯一视野好无遮挡！,389万,61280元/平,中楼层 (共11层) | 2011年 | 1室1厅 | 63.48平米 | 南,https://ke-image.ljcdn.com/110000-inspection/8f739be7-3525-4cbd-b68f-76894b6c5b74_1000.jpg!m_fill,w_280,h_210,f_jpg?from=ke.com
20231229,昌平,回龙观,101118492348,美唐花园 经典南北通透 方正户型 电梯房 小区中间,770万,78556元/平,低楼层 (共18层) | 2016年 | 3室1厅 | 98.02平米 | 南 北,https://ke-image.ljcdn.com/110000-inspection/pc1_1sr1QhubE.jpg!m_fill,w_280,h_210,f_jpg?from=ke.com
20231229,昌平,回龙观,101118481474,自住精装修三居室 商品房满两年 中间楼层,705万,62153元/平,低楼层 (共34层) 3室1厅 | 113.43平米 | 南 北,https://ke-image.ljcdn.com/110000-inspection/82a659e4-dd19-4d92-ad3b-a0be1c386bc3_1000.jpg!m_fill,w_280,h_210,f_jpg?from=ke.com
20231229,昌平,回龙观,101118476468,满五年唯一 万科精装拎包入住 居住过一年 明厨明卫房主自荐,919万,78554元/平,低楼层 (共28层) 3室2厅 | 116.99平米 | 南 北,https://ke-image.ljcdn.com/110000-inspection/6b684928-ec72-4795-98b4-d35581975bd9_1000.jpg!m_fill,w_280,h_210,f_jpg?from=ke.com
20231229,昌平,回龙观,101118475414,金域华府二期满五唯一商品房业主诚意出售房主自荐,649万,81564元/平,低楼层 (共28层) | 2014年 | 2室1厅 | 79.57平米 | 南,https://ke-image.ljcdn.com/110000-inspection/pc1_89lrYEHIN.jpg!m_fill,w_280,h_210,f_jpg?from=ke.com
20231229,昌平,回龙观,101118474082,龙华园 2室1厅 东南,398万,56366元/平,顶层 (共6层) | 1995年 | 2室1厅 | 70.61平米 | 东南,https://ke-image.ljcdn.com/110000-inspection/pc1_Wl7ILe0I4_1.jpg!m_fill,w_280,h_210,f_jpg?from=ke.com
20231229,昌平,回龙观,101118471286,龙华园优质大三居户型好二层位置好靠谱出售,496万,45046元/平,低楼层 (共7层) | 1996年 | 3室1厅 | 110.11平米 | 南 北,https://ke-image.ljcdn.com/110000-inspection/pc1_HQNiFIkQs.jpg!m_fill,w_280,h_210,f_jpg?from=ke.com
20231229,昌平,回龙观,101118470960,全明格局满五唯一南北双通透格局小区中间位置,530万,56576元/平,底层 (共6层) | 2006年 | 2室1厅 | 93.68平米 | 南 北,https://ke-image.ljcdn.com/110000-inspection/5ffefb6e-b488-482e-aa49-60c44e53c17e_1000.jpg!m_fill,w_280,h_210,f_jpg?from=ke.com
20231229,昌平,回龙观,101118470475,中美合资建设小区环境优美满五年唯一,589万,59785元/平,中楼层 (共7层) 2室1厅 | 98.52平米 | 南 北,https://ke-image.ljcdn.com/110000-inspection/pc1_fPmZXVVnu.jpg!m_fill,w_280,h_210,f_jpg?from=ke.com
20231229,昌平,回龙观,101118469954,回龙观 新龙城 南北通透3居室 高楼层 落地窗 采光好房主自荐,630万,54745元/平,顶层 (共20层) | 2007年 | 3室1厅 | 115.08平米 | 南 北,https://ke-image.ljcdn.com/110000-inspection/pc1_3iNguTPIk.jpg!m_fill,w_280,h_210,f_jpg?from=ke.com
20231229,昌平,回龙观,101118463911,【有钥匙】13号线龙泽 商品房满5年唯一 中间楼层,512万,56858元/平,低楼层 (共7层) 2室1厅 | 90.05平米 | 南 北,https://ke-image.ljcdn.com/110000-inspection/pc1_BmOSHdecy.jpg!m_fill,w_280,h_210,f_jpg?from=ke.com
20231229,昌平,回龙观,101118461648,商品房满五唯一 把东边 边户3居 不临街安静 采光特好房主自荐,688万,74427元/平,中楼层 (共11层) | 2014年 | 3室2厅 | 92.44平米 | 东 南 北,https://ke-image.ljcdn.com/110000-inspection/7053a773-4ee0-4a2f-b50e-c6a25d25c59a_1000.jpg!m_fill,w_280,h_210,f_jpg?from=ke.com
20231229,昌平,回龙观,101118454995,龙博苑一区 南北通透两居 满五唯一 精装修。,430万,54896元/平,底层 (共6层) 2室1厅 | 78.33平米 | 南 北,https://ke-image.ljcdn.com/110000-inspection/pc1_l3XPgvvUF.jpg!m_fill,w_280,h_210,f_jpg?from=ke.com
20231229,昌平,回龙观,101118453068,流星花园三区 价格下调 南北通透 楼前无遮挡,665万,47355元/平,低楼层 (共6层) | 2005年 | 3室2厅 | 140.43平米 | 南 北,https://ke-image.ljcdn.com/110000-inspection/pc1_SFi5SMxMw.jpg!m_fill,w_280,h_210,f_jpg?from=ke.com
20231229,昌平,回龙观,101118448300,首付163万商满五唯一首套可贷300万小区中间,540万,39094元/平,顶层 (共6层) 3室1厅 | 138.13平米 | 南 北,https://ke-image.ljcdn.com/110000-inspection/41b68686-9690-4fd3-8bb3-14efe6d356a5_1000.jpg!m_fill,w_280,h_210,f_jpg?from=ke.com
20231229,昌平,回龙观,101118439020,领秀慧谷D2区电梯房高楼层此新房,705万,68882元/平,高楼层 (共13层) 3室2厅 | 102.35平米 | 南 北,https://ke-image.ljcdn.com/110000-inspection/pc1_8KhBNB5Jw_1.jpg!m_fill,w_280,h_210,f_jpg?from=ke.com
20231229,昌平,回龙观,101118438019,慧华苑小区南北通透一居室满五年唯一2楼！房主自荐,300万,54348元/平,低楼层 (共6层) | 1996年 | 1室1厅 | 55.2平米 | 南 北,https://ke-image.ljcdn.com/110000-inspection/pc1_dPQ2JD7yq_1.jpg!m_fill,w_280,h_210,f_jpg?from=ke.com
20231229,昌平,回龙观,101118435326,京投发展公园悦府一区 精装修 双卧室南 内观园 仅契税,659万,72014元/平,中楼层 (共11层) | 2016年 | 2室2厅 | 91.51平米 | 南 东,https://ke-image.ljcdn.com/110000-inspection/pc1_WZRk8f4Ye.jpg!m_fill,w_280,h_210,f_jpg?from=ke.com
20231229,昌平,回龙观,101118431026,南北通透 全明格局 中高层 毛坯随时可看,638万,57874元/平,高楼层 (共32层) | 2014年 | 3室1厅 | 110.24平米 | 南 北,https://ke-image.ljcdn.com/110000-inspection/163f9701-5e6b-4898-9406-498ec0e21b9b_1000.jpg!m_fill,w_280,h_210,f_jpg?from=ke.com
20231229,昌平,回龙观,101118430463,精装修大一居落地窗高楼层采光充足视野开阔,428万,60926元/平,中楼层 (共20层) | 2006年 | 1室1厅 | 70.25平米 | 北,https://ke-image.ljcdn.com/110000-inspection/pc1_XHElKVPHo.jpg!m_fill,w_280,h_210,f_jpg?from=ke.com
20231229,昌平,回龙观,101118428188,矩阵二期商满五唯一不临街视野采光好,435万,65228元/平,中楼层 (共11层) 1室1厅 | 66.69平米 | 西南 西北,https://ke-image.ljcdn.com/110000-inspection/a9a7aaed-9452-44ab-adb8-e85851f2e339_1000.jpg!m_fill,w_280,h_210,f_jpg?from=ke.com
20231229,昌平,回龙观,101118426333,满五唯一 自住装修  诚心出售,490万,76028元/平,底层 (共24层) 1室1厅 | 64.45平米 | 南,https://ke-image.ljcdn.com/110000-inspection/pc1_kL4Ck6DbV.jpg!m_fill,w_280,h_210,f_jpg?from=ke.com
20231229,昌平,回龙观,101118416477,中间位置不临街三居室商品房仅契税,508万,40853元/平,高楼层 (共6层) 3室1厅 | 124.35平米 | 南 北,https://ke-image.ljcdn.com/110000-inspection/pc1_ghqPuoNvJ_1.jpg!m_fill,w_280,h_210,f_jpg?from=ke.com
20231229,昌平,回龙观,101118415512,全明格局 中高楼层  采光视野好,669万,64014元/平,高楼层 (共30层) 3室1厅 | 104.51平米 | 南 北,https://ke-image.ljcdn.com/110000-inspection/pc1_htZINrA8f_1.jpg!m_fill,w_280,h_210,f_jpg?from=ke.com
20231229,昌平,回龙观,101118411820,户型方正双卧朝向采光好格局好面积不浪费,405万,49792元/平,低楼层 (共21层) 2室1厅 | 81.34平米 | 东南,https://ke-image.ljcdn.com/110000-inspection/3ced166c-fbdf-443a-9a08-20758cd360be_1000.jpg!m_fill,w_280,h_210,f_jpg?from=ke.com
20231229,昌平,回龙观,101118410630,东村家园 板楼 钢混 南北通透 两居室,510万,63926元/平,底层 (共8层) 2室1厅 | 79.78平米 | 南 北,https://ke-image.ljcdn.com/110000-inspection/be066202-57c0-4095-ae3e-9b650d6a8bb0_1000.jpg!m_fill,w_280,h_210,f_jpg?from=ke.com
20231229,昌平,回龙观,101118410071,融泽嘉园8号院 南北通透两居室 业主诚售房主自荐,540万,61715元/平,低楼层 (共28层) | 2014年 | 2室1厅 | 87.5平米 | 南 北,https://ke-image.ljcdn.com/110000-inspection/pc1_RshXas0CM_1.jpg!m_fill,w_280,h_210,f_jpg?from=ke.com
20231229,昌平,回龙观,101118404827,5层、商品房、满五年、唯一、户型少见、看房方便,583万,42207元/平,高楼层 (共6层) 3室1厅 | 138.13平米 | 南 北,https://ke-image.ljcdn.com/110000-inspection/pc1_wmibjixcg.jpg!m_fill,w_280,h_210,f_jpg?from=ke.com
20231229,昌平,回龙观,101118394947,北清路 2016次新盘 高楼层三居 满五唯一 户型好,535万,51079元/平,中楼层 (共21层) 3室1厅 | 104.74平米 | 南 北,https://ke-image.ljcdn.com/110000-inspection/7d2fc3b5-09cb-4a6d-823e-fe72582471b4_1000.jpg!m_fill,w_280,h_210,f_jpg?from=ke.com
20231229,昌平,回龙观,101118394631,首开国风美唐二期大户型居三房朝阳业主随时方便看房,1050万,74116元/平,低楼层 (共9层) 4室2厅 | 141.67平米 | 南 北,https://ke-image.ljcdn.com/110000-inspection/63f908f8-ce4a-46ee-a28f-cfa886fd5c3c_1000.jpg!m_fill,w_280,h_210,f_jpg?from=ke.com
20231229,昌平,回龙观,101118393886,龙跃苑二区 精装南北三居 中间位置,599万,42354元/平,中楼层 (共6层) | 2003年 | 3室1厅 | 141.43平米 | 南 北,https://ke-image.ljcdn.com/110000-inspection/12efc406-052a-49fb-b576-8a4584d5f81e_1000.jpg!m_fill,w_280,h_210,f_jpg?from=ke.com
20231229,昌平,回龙观,101118390691,商品房满五唯一  一梯两户 得房率80.6% 精装修 不临街,820万,72228元/平,低楼层 (共11层) 3室2厅 | 113.53平米 | 南 北,https://ke-image.ljcdn.com/110000-inspection/451155d6-320e-4c78-88a7-ddf9af8de474_1000.jpg!m_fill,w_280,h_210,f_jpg?from=ke.com
20231229,昌平,回龙观,101118379691,满五年唯一 小区中间 采光充足,509万,49898元/平,高楼层 (共6层) | 2005年 | 3室2厅 | 102.01平米 | 南 北,https://ke-image.ljcdn.com/110000-inspection/26e04fdf-9cb4-4866-8050-937f5e76812d_1000.jpg!m_fill,w_280,h_210,f_jpg?from=ke.com
20231229,昌平,回龙观,101118379377,万润家园南向一居室+30万精装修+小区中间位置房主自荐,419万,62398元/平,中楼层 (共10层) | 2003年 | 1室1厅 | 67.15平米 | 南,https://ke-image.ljcdn.com/110000-inspection/pc1_xAMd3SMkK.jpg!m_fill,w_280,h_210,f_jpg?from=ke.com
20231229,昌平,回龙观,101118374996,龙腾苑四区 3室1厅 南 北,568万,40413元/平,中楼层 (共6层) | 2003年 | 3室1厅 | 140.55平米 | 南 北,https://ke-image.ljcdn.com/110000-inspection/pc1_VruCtuLP9.jpg!m_fill,w_280,h_210,f_jpg?from=ke.com
20231229,昌平,回龙观,101118373330,天巢园南向一居 满五唯一商品房 诚意出售,339万,54467元/平,低楼层 (共22层) | 2010年 | 1室1厅 | 62.24平米 | 南,https://ke-image.ljcdn.com/110000-inspection/69a47439-38dd-4538-bbd2-f513f72d183d_1000.jpg!m_fill,w_280,h_210,f_jpg?from=ke.com
20231229,昌平,回龙观,101118373249,龙兴园南区 满五唯一 单位分房  诚意出售,555万,55523元/平,中楼层 (共7层) | 1999年 | 2室2厅 | 99.96平米 | 南 北,https://ke-image.ljcdn.com/110000-inspection/pc1_fbXgD168w.jpg!m_fill,w_280,h_210,f_jpg?from=ke.com
20231229,昌平,回龙观,101118352335,京投发展公园悦府二区   四居室   次新房  店长 主推,1200万,78034元/平,低楼层 (共11层) 4室2厅 | 153.78平米 | 南 北,https://ke-image.ljcdn.com/110000-inspection/987c4aaf-0da5-4d02-a23c-404c8f84fbb9_1000.jpg!m_fill,w_280,h_210,f_jpg?from=ke.com
20231229,昌平,回龙观,101118341127,满五唯一中高层视野好、南向采光好楼栋位置好,530万,60913元/平,高楼层 (共31层) | 2014年 | 2室1厅 | 87.01平米 | 南,https://ke-image.ljcdn.com/110000-inspection/37f549af-4ea9-4e3b-a0bd-fa94a74a2d28_1000.jpg!m_fill,w_280,h_210,f_jpg?from=ke.com
20231229,昌平,回龙观,101118331863,龙旗广场中间楼层南北通透采光好稳定签约,458万,60035元/平,中楼层 (共11层) | 2010年 | 2室1厅 | 76.29平米 | 南 北,https://ke-image.ljcdn.com/110000-inspection/pc1_N5wCzu6Ak.jpg!m_fill,w_280,h_210,f_jpg?from=ke.com
20231229,昌平,回龙观,101118314712,一层种植了蔬菜 独立下水  商满五唯一距霍营站600米,461万,49995元/平,底层 (共6层) | 2005年 | 2室1厅 | 92.21平米 | 南 北,https://ke-image.ljcdn.com/110000-inspection/pc1_564ZlAtt8.jpg!m_fill,w_280,h_210,f_jpg?from=ke.com
20231229,昌平,回龙观,101118314660,全南向大两居全明格局商品房满五年唯一,456万,44341元/平,顶层 (共6层) | 2000年 | 2室2厅 | 102.84平米 | 南 西,https://ke-image.ljcdn.com/110000-inspection/d42745e0-e345-47e7-ae3a-d5243eedd2bd_1000.jpg!m_fill,w_280,h_210,f_jpg?from=ke.com
20231229,昌平,回龙观,101118291687,满五唯一带电梯南北通透全明好楼层低单价！房主自荐,579万,50331元/平,中楼层 (共20层) 2室1厅 | 115.04平米 | 南 北,https://ke-image.ljcdn.com/110000-inspection/pc1_Gsg99fmXV.jpg!m_fill,w_280,h_210,f_jpg?from=ke.com
20231229,昌平,回龙观,101118270167,流星花园三区 电梯洋房 正规一居室 首付120万  精装修,329万,68714元/平,中楼层 (共11层) | 2006年 | 1室1厅 | 47.88平米 | 北,https://ke-image.ljcdn.com/110000-inspection/pc1_iP3Q2JWyO_1.jpg!m_fill,w_280,h_210,f_jpg?from=ke.com
20231229,昌平,回龙观,101118260756,金达园 2室2厅 南 北,439万,44024元/平,顶层 (共6层) | 1998年 | 2室2厅 | 99.72平米 | 南 北,https://ke-image.ljcdn.com/110000-inspection/pc1_8l4hw6z1K_1.jpg!m_fill,w_280,h_210,f_jpg?from=ke.com
20231229,昌平,回龙观,101118260494,万科开发、万科物业、万科精装修、南北通透、明厨明卫,928万,79453元/平,中楼层 (共28层) 3室2厅 | 116.8平米 | 南 北,https://ke-image.ljcdn.com/110000-inspection/e54096b5-52b0-42df-817c-c7315c31d531_1000.jpg!m_fill,w_280,h_210,f_jpg?from=ke.com
20231229,昌平,回龙观,101118253527,电梯高楼层大三居  视野好  采光好,518万,42903元/平,高楼层 (共10层) | 2006年 | 3室2厅 | 120.74平米 | 南 北,https://ke-image.ljcdn.com/110000-inspection/pc1_XGCRkIlUy_1.jpg!m_fill,w_280,h_210,f_jpg?from=ke.com
20231229,昌平,回龙观,101118236036,龙城花园S区 2室1厅 南 北房主自荐,368万,54134元/平,中楼层 (共6层) | 1999年 | 2室1厅 | 67.98平米 | 南 北,https://ke-image.ljcdn.com/110000-inspection/5fde9bf4-17bb-4258-a307-032a49f01143_1000.jpg!m_fill,w_280,h_210,f_jpg?from=ke.com
20231229,昌平,回龙观,101118235529,此房满五  中间层 视野很棒 户型方正 温馨一居,345万,69543元/平,中楼层 (共11层) | 2008年 | 1室1厅 | 49.61平米 | 北,https://ke-image.ljcdn.com/110000-inspection/652d9101-f0ce-47bc-8a8c-573090059fb5_1000.jpg!m_fill,w_280,h_210,f_jpg?from=ke.com
20231229,昌平,回龙观,101118228074,商品房满五唯一！自住装修！低楼层！不临街不把边！,579万,46376元/平,底层 (共6层) | 2006年 | 3室1厅 | 124.85平米 | 南 北,https://ke-image.ljcdn.com/110000-inspection/de59e51b-6b5d-45b0-8100-72d89ec08067_1000.jpg!m_fill,w_280,h_210,f_jpg?from=ke.com
20231229,昌平,回龙观,101118226224,南北通透没有遮挡采光很好视野很好。,516万,39757元/平,中楼层 (共7层) | 2000年 | 3室1厅 | 129.79平米 | 南 北,https://ke-image.ljcdn.com/110000-inspection/89aaa388-e9c1-4419-8159-0ccc2569bc27_1000.jpg!m_fill,w_280,h_210,f_jpg?from=ke.com
20231229,昌平,回龙观,101118222926,领秀慧谷A区2011年两居室南北通透,445万,52807元/平,底层 (共6层) | 2011年 | 2室1厅 | 84.27平米 | 南 北,https://ke-image.ljcdn.com/110000-inspection/pc1_i4gYZKxxQ_1.jpg!m_fill,w_280,h_210,f_jpg?from=ke.com
20231229,昌平,回龙观,101118221882,全明格局+中间层三居+卧室15㎡,465万,42350元/平,中楼层 (共7层) | 1996年 | 3室1厅 | 109.8平米 | 南 西 北,https://ke-image.ljcdn.com/110000-inspection/pc1_G24FiJNdQ.jpg!m_fill,w_280,h_210,f_jpg?from=ke.com
20231229,昌平,回龙观,101118219826,融泽嘉园西二路2号院 全南 婚房轻奢风满五年唯一,535万,61213元/平,高楼层 (共34层) | 2016年 | 2室1厅 | 87.4平米 | 南,https://ke-image.ljcdn.com/110000-inspection/54f596bb-22e3-4bf4-a103-9f4feb19dc37_1000.jpg!m_fill,w_280,h_210,f_jpg?from=ke.com
20231229,昌平,回龙观,101118216475,融泽嘉园东一路8号院 二期 全南 满五年唯一,539万,61593元/平,中楼层 (共28层) | 2014年 | 2室1厅 | 87.51平米 | 南,https://ke-image.ljcdn.com/110000-inspection/29771b2c-8230-4f0c-8f48-3fbca005f573_1000.jpg!m_fill,w_280,h_210,f_jpg?from=ke.com
20231229,昌平,回龙观,101118216458,南北通透户型方正中间楼层全天采光满五年,558万,47980元/平,中楼层 (共7层) | 2004年 | 3室1厅 | 116.3平米 | 南 北,https://ke-image.ljcdn.com/110000-inspection/pc1_TmMUgFvlM.jpg!m_fill,w_280,h_210,f_jpg?from=ke.com
20231229,昌平,回龙观,101118216239,云趣园一区 近地铁 中间位置  中间楼层 采光好 视野好,540万,46815元/平,中楼层 (共7层) 3室2厅 | 115.35平米 | 东 南 北,https://ke-image.ljcdn.com/110000-inspection/pc1_ROr65tEOk.jpg!m_fill,w_280,h_210,f_jpg?from=ke.com
20231229,昌平,回龙观,101118200114,北京城建畅悦居D区 2室1厅 南 北,409万,48073元/平,中楼层 (共21层) 2室1厅 | 85.08平米 | 南 北,https://ke-image.ljcdn.com/110000-inspection/c3993b8a-9b24-488c-bb23-0dce040b15f9_1000.jpg!m_fill,w_280,h_210,f_jpg?from=ke.com
20231229,昌平,回龙观,101118198961,龙泽苑西区一层四居室老少皆宜,799万,56836元/平,底层 (共7层) | 2001年 | 4室2厅 | 140.58平米 | 南 北,https://ke-image.ljcdn.com/110000-inspection/pc1_FrncjEKdF.jpg!m_fill,w_280,h_210,f_jpg?from=ke.com
20231229,昌平,回龙观,101118193407,昌平回龙观矩阵二期电梯商品房房主自荐,259万,74748元/平,中楼层 (共11层) | 2004年 | 1室0厅 | 34.65平米 | 西北,https://ke-image.ljcdn.com/110000-inspection/d425616b-7ae5-4725-8448-5d535192a95f_1000.jpg!m_fill,w_280,h_210,f_jpg?from=ke.com
20231229,昌平,回龙观,101118175516,龙兴园中区 2室1厅 西南,430万,51528元/平,中楼层 (共6层) 2室1厅 | 83.45平米 | 西南,https://ke-image.ljcdn.com/110000-inspection/c817c396-ef69-4b41-9177-c17dc74bbccc_1000.jpg!m_fill,w_280,h_210,f_jpg?from=ke.com
20231229,昌平,回龙观,101118175459,万润家园 3室2厅 南 北,768万,55604元/平,中楼层 (共10层) | 2003年 | 3室2厅 | 138.12平米 | 南 北,https://ke-image.ljcdn.com/110000-inspection/pc1_KKfKEa81c.jpg!m_fill,w_280,h_210,f_jpg?from=ke.com
20231229,昌平,回龙观,101118168588,龙博苑二区 3室1厅 南 北,569万,45346元/平,顶层 (共4层) | 2004年 | 3室1厅 | 125.48平米 | 南 北,https://ke-image.ljcdn.com/110000-inspection/pc1_BoFLRZBDL.jpg!m_fill,w_280,h_210,f_jpg?from=ke.com
20231229,昌平,回龙观,101118145260,万润家园 2室1厅 北,415万,62538元/平,高楼层 (共12层) | 2003年 | 2室1厅 | 66.36平米 | 北,https://ke-image.ljcdn.com/110000-inspection/pc1_PIEl8VzQn.jpg!m_fill,w_280,h_210,f_jpg?from=ke.com
20231229,昌平,回龙观,101118141046,京投发展公园悦府一区  万科物业    人车分流,820万,72279元/平,中楼层 (共11层) | 2014年 | 3室2厅 | 113.45平米 | 南 北,https://ke-image.ljcdn.com/110000-inspection/d3c17419-6f39-4589-b697-35da8c03e442_1000.jpg!m_fill,w_280,h_210,f_jpg?from=ke.com
20231229,昌平,回龙观,101118137695,眼镜户型 中间楼层 南北通透采光好 诚心出售 看房方便,660万,39650元/平,低楼层 (共6层) 4室2厅 | 166.46平米 | 南 北,https://ke-image.ljcdn.com/110000-inspection/pc1_HcFt0pRjb.jpg!m_fill,w_280,h_210,f_jpg?from=ke.com
20231229,昌平,回龙观,101118123663,慧华苑 店长推荐 精装修 南向双卧 南北通透 户型方正,385万,54471元/平,顶层 (共6层) | 1996年 | 2室1厅 | 70.68平米 | 南 北,https://ke-image.ljcdn.com/110000-inspection/be4102ef-6c0c-452e-b36a-ef40ddc01eea_1000.jpg!m_fill,w_280,h_210,f_jpg?from=ke.com
20231229,昌平,回龙观,101118108125,西二旗 金域华府 满五年唯一 精装修 南北通透两居室房主自荐,705万,71705元/平,低楼层 (共28层) | 2012年 | 2室1厅 | 98.32平米 | 南 北,https://ke-image.ljcdn.com/110000-inspection/9f528245-3888-4e69-baf3-764e21c7cde7_1000.jpg!m_fill,w_280,h_210,f_jpg?from=ke.com
20231229,昌平,回龙观,101118088476,矩阵二期 2室2厅 南 北,528万,59015元/平,中楼层 (共12层) | 2005年 | 2室2厅 | 89.47平米 | 南 北,https://ke-image.ljcdn.com/110000-inspection/049dd6ab-9cbc-4351-ac97-92b2cdd1337a_1000.jpg!m_fill,w_280,h_210,f_jpg?from=ke.com
20231229,昌平,回龙观,101118080407,龙华园商品房满五年唯一南北通透精装修拎包入住,388万,47766元/平,中楼层 (共7层) 2室1厅 | 81.23平米 | 南 北,https://ke-image.ljcdn.com/110000-inspection/pc1_oVawYeXQD.jpg!m_fill,w_280,h_210,f_jpg?from=ke.com
20231229,昌平,回龙观,101118067902,骊龙园中间层三居双卫格局好近地铁,715万,54996元/平,中楼层 (共6层) | 2005年 | 3室2厅 | 130.01平米 | 南 北,https://ke-image.ljcdn.com/110000-inspection/pc1_3yGbU2tRC.jpg!m_fill,w_280,h_210,f_jpg?from=ke.com
20231229,昌平,回龙观,101118059375,新龙城 明厨明卫 满五唯一随时可看,599万,59781元/平,中楼层 (共20层) | 2007年 | 3室1厅 | 100.2平米 | 南 北,https://ke-image.ljcdn.com/110000-inspection/pc1_LbJFf1j4D.jpg!m_fill,w_280,h_210,f_jpg?from=ke.com
20231229,昌平,回龙观,101118059375,新龙城 明厨明卫 满五唯一随时可看,599万,59781元/平,中楼层 (共20层) | 2007年 | 3室1厅 | 100.2平米 | 南 北,https://ke-image.ljcdn.com/110000-inspection/pc1_LbJFf1j4D.jpg!m_fill,w_280,h_210,f_jpg?from=ke.com
20231229,昌平,回龙观,101118058237,自带5万平公园景观园林 正中间位置精装修 格局方正房主自荐,599万,66801元/平,中楼层 (共11层) | 2014年 | 2室2厅 | 89.67平米 | 南 北,https://ke-image.ljcdn.com/110000-inspection/25762f95-7a5b-4439-9d95-02575a5e9f52_1000.jpg!m_fill,w_280,h_210,f_jpg?from=ke.com
20231229,昌平,回龙观,101118045331,南北通透无任何遮挡户型合理,479万,45646元/平,高楼层 (共6层) 2室1厅 | 104.94平米 | 南 北,https://ke-image.ljcdn.com/110000-inspection/pc1_0SvsJk6Yq.jpg!m_fill,w_280,h_210,f_jpg?from=ke.com
20231229,昌平,回龙观,101118045252,龙回苑商品房满五唯一不临街户型方正。,399万,45805元/平,高楼层 (共6层) | 2004年 | 2室1厅 | 87.11平米 | 东 西,https://ke-image.ljcdn.com/110000-inspection/e97c736e-b4c0-47dc-9e5b-0a8bfc87244d_1000.jpg!m_fill,w_280,h_210,f_jpg?from=ke.com
20231229,昌平,回龙观,101118035004,公园悦府 全南向两居 精装 19层视野棒 双阳台采光好,570万,69674元/平,高楼层 (共22层) | 2015年 | 2室2厅 | 81.81平米 | 南,https://ke-image.ljcdn.com/110000-inspection/24341640-da12-4924-a195-a57646e58113_1000.jpg!m_fill,w_280,h_210,f_jpg?from=ke.com
20231229,昌平,回龙观,101118030444,流星花园三区 1室1厅 北,330万,66519元/平,低楼层 (共11层) | 2008年 | 1室1厅 | 49.61平米 | 北,https://ke-image.ljcdn.com/110000-inspection/pc1_OetQBbN7O.jpg!m_fill,w_280,h_210,f_jpg?from=ke.com
20231229,昌平,回龙观,101118025785,满五唯一中高层、南向采光好位置好随时签约,600万,68416元/平,中楼层 (共34层) | 2014年 | 2室1厅 | 87.7平米 | 南,https://ke-image.ljcdn.com/110000-inspection/pc1_vcH1QjY7f.jpg!m_fill,w_280,h_210,f_jpg?from=ke.com
20231229,昌平,回龙观,101118016079,2016年品质社区电梯板楼商满五唯一、全明格局！,639万,70251元/平,中楼层 (共11层) | 2016年 | 2室2厅 | 90.96平米 | 南 北,https://ke-image.ljcdn.com/110000-inspection/5b983f5a-2c1e-4d9f-b982-0d17a0ac4ef5_1000.jpg!m_fill,w_280,h_210,f_jpg?from=ke.com
20231229,昌平,回龙观,101118010918,融泽中路2号院 商品房 满五年唯一 南北通透房主自荐,498万,61864元/平,顶层 (共27层) | 2014年 | 2室1厅 | 80.5平米 | 南 北,https://ke-image.ljcdn.com/110000-inspection/pc1_6Rxa24uSK.jpg!m_fill,w_280,h_210,f_jpg?from=ke.com
20231229,昌平,回龙观,101118010712,回龙观经典社区西南北三面采光小区中间看房方便,518万,39831元/平,中楼层 (共5层) | 1996年 | 3室2厅 | 130.05平米 | 南 西 北,https://ke-image.ljcdn.com/110000-inspection/pc1_pG4gCgrHf.jpg!m_fill,w_280,h_210,f_jpg?from=ke.com
20231229,昌平,回龙观,101118007234,京投发展公园悦府一区精装修楼的位置好双卫房主自荐,599万,66801元/平,低楼层 (共11层) | 2014年 | 2室1厅 | 89.67平米 | 南 北,https://ke-image.ljcdn.com/110000-inspection/pc1_PFOUcbZF7.jpg!m_fill,w_280,h_210,f_jpg?from=ke.com
20231229,昌平,回龙观,101117996685,点击咨询吧 南北双通透的三居 2016年次新电梯房有钥匙,408万,40036元/平,顶层 (共21层) 3室1厅 | 101.91平米 | 南 北,https://ke-image.ljcdn.com/110000-inspection/d974d8b9-3ef0-4f16-b828-1d045d5d37bf_1000.jpg!m_fill,w_280,h_210,f_jpg?from=ke.com
20231229,昌平,回龙观,101117983129,小区中间位置 中间楼层 视野没有遮挡 业主诚心出售,550万,62764元/平,中楼层 (共27层) 2室1厅 | 87.63平米 | 南,https://ke-image.ljcdn.com/110000-inspection/pc1_PilIeWl4C_1.jpg!m_fill,w_280,h_210,f_jpg?from=ke.com
20231229,昌平,回龙观,101117977699,昌平路380号院小区一居室满五年唯一,315万,67510元/平,低楼层 (共20层) | 2006年 | 1室0厅 | 46.66平米 | 北,https://ke-image.ljcdn.com/110000-inspection/pc1_WNbEp83xH.jpg!m_fill,w_280,h_210,f_jpg?from=ke.com
20231229,昌平,回龙观,101117975685,北京城建畅悦居A区带电梯次新房三居室,490万,46131元/平,中楼层 (共21层) | 2016年 | 3室1厅 | 106.22平米 | 南 北,https://ke-image.ljcdn.com/110000-inspection/c1fe84e3-cbe1-41b0-8cc0-9ebd80a912b4_1000.jpg!m_fill,w_280,h_210,f_jpg?from=ke.com
20231229,昌平,回龙观,101117964052,龙城花园N区 中间楼层 无遮挡 集中供暖,598万,55407元/平,中楼层 (共4层) 3室1厅 | 107.93平米 | 南 北,https://ke-image.ljcdn.com/110000-inspection/pc1_Jqf2NTZCW_1.jpg!m_fill,w_280,h_210,f_jpg?from=ke.com
20231229,昌平,回龙观,101117949398,中间楼层四居室南北通透 无任何遮挡,549万,39123元/平,中楼层 (共6层) | 2000年 | 4室2厅 | 140.33平米 | 南 北,https://ke-image.ljcdn.com/110000-inspection/pc1_d2EMdYINI.jpg!m_fill,w_280,h_210,f_jpg?from=ke.com
20231229,昌平,回龙观,101117948917,万龙社区 满五年唯一 全南向两居室,289万,68419元/平,顶层 (共4层) | 1978年 | 2室1厅 | 42.24平米 | 南,https://ke-image.ljcdn.com/110000-inspection/pc1_g7PszeZPA.jpg!m_fill,w_280,h_210,f_jpg?from=ke.com
20231229,昌平,回龙观,101117930812,电梯房小区中间位置商品房满五唯一房主自荐,422万,65518元/平,中楼层 (共10层) 1室1厅 | 64.41平米 | 南,https://ke-image.ljcdn.com/110000-inspection/a6fbc295-74be-4bb1-af98-30a102c9891e_1000.jpg!m_fill,w_280,h_210,f_jpg?from=ke.com
20231229,昌平,回龙观,101117928554,南北通透平层四居室中间楼层 户型方正,600万,31865元/平,高楼层 (共6层) 4室2厅 | 188.3平米 | 南 北,https://ke-image.ljcdn.com/110000-inspection/pc1_hojUi9OHL.jpg!m_fill,w_280,h_210,f_jpg?from=ke.com
20231229,昌平,回龙观,101117927775,金达园   满五唯一 一居   精装修  中间层,299万,53071元/平,中楼层 (共5层) | 1998年 | 1室1厅 | 56.34平米 | 东,https://ke-image.ljcdn.com/110000-inspection/bc00690c-a33e-43d8-8a98-c5b34a1a12b9_1000.jpg!m_fill,w_280,h_210,f_jpg?from=ke.com
20231229,昌平,回龙观,101117926295,此房满五唯一南北通透格局楼层好采光充足房主自荐,489万,56343元/平,中楼层 (共7层) | 2005年 | 3室1厅 | 86.79平米 | 南 北,https://ke-image.ljcdn.com/110000-inspection/pc1_VhbowPYLz.jpg!m_fill,w_280,h_210,f_jpg?from=ke.com
20231229,昌平,回龙观,101117917672,新龙城南向大一居高楼层视野开阔无遮挡,485万,69168元/平,高楼层 (共20层) 1室1厅 | 70.12平米 | 南,https://ke-image.ljcdn.com/110000-inspection/pc1_kZm1jqhKu.jpg!m_fill,w_280,h_210,f_jpg?from=ke.com
20231229,昌平,回龙观,101117914251,新龙城   小区中间 无遮挡  南北通透 三居室 H1 户型,760万,62774元/平,低楼层 (共10层) | 2007年 | 3室1厅 | 121.07平米 | 南 北,https://ke-image.ljcdn.com/110000-inspection/pc1_cuPZkZw8i.jpg!m_fill,w_280,h_210,f_jpg?from=ke.com
20231229,昌平,回龙观,101117905208,此房满五年唯一南北格局精装自住,549万,61513元/平,低楼层 (共11层) | 2014年 | 2室1厅 | 89.25平米 | 南 北,https://ke-image.ljcdn.com/110000-inspection/d774331c-3a21-426a-9c84-0c3a43434be7_1000.jpg!m_fill,w_280,h_210,f_jpg?from=ke.com
20231229,昌平,回龙观,101117901107,龙腾苑四区 商品房满五唯一 中间楼层,490万,46743元/平,低楼层 (共6层) 3室1厅 | 104.83平米 | 南 北,https://ke-image.ljcdn.com/110000-inspection/pc1_egmaAM6r3.jpg!m_fill,w_280,h_210,f_jpg?from=ke.com
20231229,昌平,回龙观,101117896393,次新带电梯小区花园洋房的设计房主自荐,635万,70839元/平,低楼层 (共11层) | 2012年 | 2室1厅 | 89.64平米 | 南 北,https://ke-image.ljcdn.com/110000-inspection/pc1_q9aNui1QM.jpg!m_fill,w_280,h_210,f_jpg?from=ke.com
20231229,昌平,回龙观,101117893746,商品房满五年唯一中间楼层中间位置,439万,54691元/平,低楼层 (共6层) | 2005年 | 2室1厅 | 80.27平米 | 南 北,https://ke-image.ljcdn.com/110000-inspection/pc1_ESPOs4lo2.jpg!m_fill,w_280,h_210,f_jpg?from=ke.com
20231229,昌平,回龙观,101117872528,商品房满五唯一 婚房精装 一梯两户得房率80.2% 视野棒房主自荐,610万,67808元/平,中楼层 (共11层) | 2014年 | 2室1厅 | 89.96平米 | 南 北,https://ke-image.ljcdn.com/110000-inspection/8fc6c8f4-19c2-493e-8472-c31a947d29f0_1000.jpg!m_fill,w_280,h_210,f_jpg?from=ke.com
20231229,昌平,回龙观,101117860394,商品房 交通便利 精装修 轻松上车 随时看房,400万,46686元/平,高楼层 (共21层) 2室1厅 | 85.68平米 | 西南,https://ke-image.ljcdn.com/110000-inspection/d14333f1-5362-436a-871d-7a27387d8adc_1000.jpg!m_fill,w_280,h_210,f_jpg?from=ke.com
20231229,昌平,回龙观,101117860094,融泽嘉园满五年北京一套房产随时看房南北通透,600万,55582元/平,低楼层 (共33层) 3室1厅 | 107.95平米 | 南 北,https://ke-image.ljcdn.com/110000-inspection/pc1_AVaVoHGGq_1.jpg!m_fill,w_280,h_210,f_jpg?from=ke.com
20231229,昌平,回龙观,101117854507,首开国风美唐二期业主自住精装修拎包入住,420万,67863元/平,低楼层 (共18层) 1室1厅 | 61.89平米 | 东,https://ke-image.ljcdn.com/110000-inspection/2c899b9b-3b1d-4a2c-9464-f54b40aefebb_1000.jpg!m_fill,w_280,h_210,f_jpg?from=ke.com
20231229,昌平,回龙观,101117850991,龙华园小区中间位置+南北通透+精装修,329万,56173元/平,底层 (共6层) | 1994年 | 1室1厅 | 58.57平米 | 南 北,https://ke-image.ljcdn.com/110000-inspection/pc1_S5xh90bld.jpg!m_fill,w_280,h_210,f_jpg?from=ke.com
20231229,昌平,回龙观,101117848755,万龙社区 小区中间 低楼层 出入方便 南北通透,352万,57032元/平,底层 (共4层) | 1992年 | 2室1厅 | 61.72平米 | 南 北,https://ke-image.ljcdn.com/110000-inspection/pc1_SqmbixABP.jpg!m_fill,w_280,h_210,f_jpg?from=ke.com
20231229,昌平,回龙观,101117825391,公园悦府 南北通透两居室高楼层采光好自带公园,620万,65776元/平,高楼层 (共22层) | 2015年 | 2室2厅 | 94.26平米 | 南 北,https://ke-image.ljcdn.com/110000-inspection/d566db37-6fac-4e33-8dd9-95f4ab76a2f3_1000.jpg!m_fill,w_280,h_210,f_jpg?from=ke.com
20231229,昌平,回龙观,101117823150,金域华府二期 2室1厅 南,680万,85449元/平,高楼层 (共28层) 2室1厅 | 79.58平米 | 南,https://ke-image.ljcdn.com/110000-inspection/1fc861f3-3842-4fd7-955a-af9d49cd1780_1000.jpg!m_fill,w_280,h_210,f_jpg?from=ke.com
20231229,昌平,回龙观,101117812923,矩阵二期满五年唯一首付86万带电梯随时签约,239万,68976元/平,中楼层 (共11层) 1室0厅 | 34.65平米 | 东北,https://ke-image.ljcdn.com/110000-inspection/73b97db7-a42e-494d-a04b-e6a7ac901a1c_1000.jpg!m_fill,w_280,h_210,f_jpg?from=ke.com
20231229,昌平,回龙观,101117806418,双卫、双阳台、小区中间南北通透三居室,575万,48887元/平,中楼层 (共6层) | 2005年 | 3室1厅 | 117.62平米 | 南 北,https://ke-image.ljcdn.com/110000-inspection/pc1_tYeVpLGtu.jpg!m_fill,w_280,h_210,f_jpg?from=ke.com
20231229,昌平,回龙观,101117787037,京投发展公园悦府一区 2室2厅 南 北,620万,68630元/平,中楼层 (共11层) | 2014年 | 2室2厅 | 90.34平米 | 南 北,https://ke-image.ljcdn.com/110000-inspection/f51c0911-f544-4535-b24b-97965e4e97dc_1000.jpg!m_fill,w_280,h_210,f_jpg?from=ke.com
20231229,昌平,回龙观,101117774290,新龙城 近地铁 电梯房  大一居 近商场 近医院,422万,55784元/平,中楼层 (共20层) 1室1厅 | 75.65平米 | 北,https://ke-image.ljcdn.com/110000-inspection/pc1_eut1we6vd.jpg!m_fill,w_280,h_210,f_jpg?from=ke.com
20231229,昌平,回龙观,101117766647,龙城花园W区  欧式精装修  低楼层 采光好 南北通透,999万,52165元/平,中楼层 (共4层) | 1997年 | 3室2厅 | 191.51平米 | 南 北,https://ke-image.ljcdn.com/110000-inspection/23aca31e-f694-4785-b6d2-e1546ad0ecef_1000.jpg!m_fill,w_280,h_210,f_jpg?from=ke.com
20231229,昌平,回龙观,101117757993,流星花园三区 3室1厅 南 北房主自荐,815万,56332元/平,底层 (共6层) | 2003年 | 3室1厅 | 144.68平米 | 南 北,https://ke-image.ljcdn.com/110000-inspection/pc1_2sZsfMiky.jpg!m_fill,w_280,h_210,f_jpg?from=ke.com
20231229,昌平,回龙观,101117757994,万科金域华府 改善三居 双阳台 双飘窗,870万,81760元/平,高楼层 (共27层) | 2012年 | 3室1厅 | 106.41平米 | 东 南 北,https://ke-image.ljcdn.com/110000-inspection/9819e8d4-7af5-49ca-a5ff-8ee16906127c_1000.jpg!m_fill,w_280,h_210,f_jpg?from=ke.com
20231229,昌平,回龙观,101117745253,小区中间位置户型方正中间楼层诚心出售。,515万,53961元/平,中楼层 (共5层) 2室1厅 | 95.44平米 | 南 北,https://ke-image.ljcdn.com/110000-inspection/pc1_qVczwXQMi.jpg!m_fill,w_280,h_210,f_jpg?from=ke.com
20231229,昌平,回龙观,101117744308,新龙城电梯大两居业主亲自设计装修满五唯一房主自荐,636万,54114元/平,顶层 (共20层) 2室1厅 | 117.53平米 | 南 北,https://ke-image.ljcdn.com/110000-inspection/pc1_SdasQne62.jpg!m_fill,w_280,h_210,f_jpg?from=ke.com
20231229,昌平,回龙观,101117738216,北京城建畅悦居 电梯三居 次新房小区 高楼层采光充足房主自荐,436万,41727元/平,高楼层 (共21层) | 2016年 | 3室1厅 | 104.49平米 | 东南,https://ke-image.ljcdn.com/110000-inspection/561393a1-11c5-4808-adce-7a6f95b51e1b_1000.jpg!m_fill,w_280,h_210,f_jpg?from=ke.com
20231229,昌平,回龙观,101117737583,南北通透2居 高楼层 视野好 满五唯一 诚心出售房主自荐,559万,63286元/平,高楼层 (共31层) 2室1厅 | 88.33平米 | 南 北,https://ke-image.ljcdn.com/110000-inspection/pc1_SC3CfBB4W.jpg!m_fill,w_280,h_210,f_jpg?from=ke.com
20231229,昌平,回龙观,101117737390,两居室低楼层南北通透诚心急售房主自荐,315万,55625元/平,底层 (共4层) | 1983年 | 2室1厅 | 56.63平米 | 南 北,https://ke-image.ljcdn.com/110000-inspection/pc1_R1Pjf2tG8.jpg!m_fill,w_280,h_210,f_jpg?from=ke.com
20231229,昌平,回龙观,101117732701,回龙观  天露园一区 优质大三居房主自荐,499万,38903元/平,高楼层 (共6层) 3室2厅 | 128.27平米 | 南 北,https://ke-image.ljcdn.com/110000-inspection/pc1_SzuH39nh0.jpg!m_fill,w_280,h_210,f_jpg?from=ke.com
20231229,昌平,回龙观,101117726476,金达园两室两厅大两居精装修南北通透满五唯一房主自荐,482万,48336元/平,中楼层 (共6层) | 1998年 | 2室2厅 | 99.72平米 | 北 南,https://ke-image.ljcdn.com/110000-inspection/3d76dbe5-02ce-42f0-a1c1-eb85f95df23f_1000.jpg!m_fill,w_280,h_210,f_jpg?from=ke.com
20231229,昌平,回龙观,101117722412,商品房满五年唯一靠谱出售看房方便,389万,52398元/平,中楼层 (共7层) | 2000年 | 1室1厅 | 74.24平米 | 东,https://ke-image.ljcdn.com/110000-inspection/pc1_7zYdhArv4.jpg!m_fill,w_280,h_210,f_jpg?from=ke.com
20231229,昌平,回龙观,101117714759,商品房满五年唯一没有户口小区中间位置很安静。,420万,59592元/平,底层 (共6层) | 1995年 | 2室1厅 | 70.48平米 | 南 北,https://ke-image.ljcdn.com/110000-inspection/pc1_3G4siAdqS.jpg!m_fill,w_280,h_210,f_jpg?from=ke.com
20231229,昌平,回龙观,101117697239,首开国风美唐三期 3室1厅 南 北,1010万,79303元/平,高楼层 (共18层) | 2016年 | 3室1厅 | 127.36平米 | 南 北,https://ke-image.ljcdn.com/110000-inspection/69a8b91f-47c3-4c60-b0c6-b84b7cf685ba_1000.jpg!m_fill,w_280,h_210,f_jpg?from=ke.com
20231229,昌平,回龙观,101117696958,首开国风美唐三期 功能三居 高楼层视野开阔房主自荐,799万,81514元/平,高楼层 (共18层) 3室1厅 | 98.02平米 | 南 北,https://ke-image.ljcdn.com/110000-inspection/ccb35da7-0052-4701-a813-de6c65a9be57_1000.jpg!m_fill,w_280,h_210,f_jpg?from=ke.com
20231229,昌平,回龙观,101117674746,一梯两户公摊小户型方正上下楼方便。,529万,41500元/平,底层 (共6层) 3室1厅 | 127.47平米 | 南 北,https://ke-image.ljcdn.com/110000-inspection/pc1_MAKiBIrcX.jpg!m_fill,w_280,h_210,f_jpg?from=ke.com
20231229,昌平,回龙观,101117671517,商品房满五唯一业主急售看房方便。,375万,57130元/平,中楼层 (共4层) | 2004年 | 2室1厅 | 65.64平米 | 南 北,https://ke-image.ljcdn.com/110000-inspection/28b5e949-374c-4527-8c4f-30544325cf25_1000.jpg!m_fill,w_280,h_210,f_jpg?from=ke.com
20231229,昌平,回龙观,101117666322,慧华苑小区满五年唯一的产权清晰中间楼层房主自荐,445万,42736元/平,中楼层 (共6层) 3室1厅 | 104.13平米 | 南 北,https://ke-image.ljcdn.com/110000-inspection/pc1_5wEAs3zNu.jpg!m_fill,w_280,h_210,f_jpg?from=ke.com
20231229,昌平,回龙观,101117654363,近地铁 南北通透 满五年  中间层 钢混房主自荐,560万,52269元/平,中楼层 (共7层) 2室1厅 | 107.14平米 | 南 北,https://ke-image.ljcdn.com/110000-inspection/pc1_RIiVckKkl.jpg!m_fill,w_280,h_210,f_jpg?from=ke.com
20231229,昌平,回龙观,101117645015,南北通透全明格局不临街楼层好户型方正两居房主自荐,518万,66360元/平,高楼层 (共10层) | 2008年 | 2室1厅 | 78.06平米 | 南 西 北,https://ke-image.ljcdn.com/110000-inspection/278d2f29-4fa0-4289-8673-084795d380ae_1000.jpg!m_fill,w_280,h_210,f_jpg?from=ke.com
20231229,昌平,回龙观,101117639883,商品房满五年唯一中间楼层南北通透三居室,568万,43636元/平,中楼层 (共7层) 3室1厅 | 130.17平米 | 南 北,https://ke-image.ljcdn.com/110000-inspection/pc1_pyJ3QtgYS_1.jpg!m_fill,w_280,h_210,f_jpg?from=ke.com
20231229,昌平,回龙观,101117637990,商品房满五唯一电梯三居室房主自荐,529万,47748元/平,低楼层 (共10层) | 2005年 | 3室2厅 | 110.79平米 | 南 北,https://ke-image.ljcdn.com/110000-inspection/pc1_iniikZSXz.jpg!m_fill,w_280,h_210,f_jpg?from=ke.com
20231229,昌平,回龙观,101117636153,融泽嘉园1号院109平南北通透三居室满五唯一高楼层,640万,58373元/平,中楼层 (共34层) 3室1厅 | 109.64平米 | 南 北,https://ke-image.ljcdn.com/110000-inspection/fc9eccd6-8eac-4f85-a7bf-a9ffb67bfb12_1000.jpg!m_fill,w_280,h_210,f_jpg?from=ke.com
20231229,昌平,回龙观,101117618027,融泽嘉园西二路6号院 2室1厅 南,579万,70809元/平,中楼层 (共31层) | 2016年 | 2室1厅 | 81.77平米 | 南,https://ke-image.ljcdn.com/110000-inspection/pc1_9BUerSTo0.jpg!m_fill,w_280,h_210,f_jpg?from=ke.com
20231229,昌平,回龙观,101117610968,矩阵一期 3室1厅 南 北,485万,56686元/平,高楼层 (共6层) 3室1厅 | 85.56平米 | 南 北,https://ke-image.ljcdn.com/110000-inspection/2e69d1cb-b0cf-4319-bcd7-cbd2ece3381b_1000.jpg!m_fill,w_280,h_210,f_jpg?from=ke.com
20231229,昌平,回龙观,101117599391,首开国风美唐三期 人车分流 大三居 高楼层,985万,77171元/平,顶层 (共18层) | 2016年 | 3室2厅 | 127.64平米 | 南 北,https://ke-image.ljcdn.com/110000-inspection/pc1_peb6Fi24x.jpg!m_fill,w_280,h_210,f_jpg?from=ke.com
20231229,昌平,回龙观,101117594869,满五唯一 南北通透 视野采光无遮挡 正对小区花园,549万,62337元/平,中楼层 (共34层) 2室1厅 | 88.07平米 | 南 北,https://ke-image.ljcdn.com/110000-inspection/fff06878-e8c2-4773-8de1-1fd169f5a485_1000.jpg!m_fill,w_280,h_210,f_jpg?from=ke.com
20231229,昌平,回龙观,101117585266,中间3层两居室南北通透看房方便,396万,56799元/平,中楼层 (共5层) 3室1厅 | 69.72平米 | 南 北,https://ke-image.ljcdn.com/110000-inspection/pc1_VokGuQC5Y.jpg!m_fill,w_280,h_210,f_jpg?from=ke.com
20231229,昌平,回龙观,101117584932,商品房满五年唯一小区中间位置无抵押无户口,360万,54185元/平,中楼层 (共7层) 2室1厅 | 66.44平米 | 南 北,https://ke-image.ljcdn.com/110000-inspection/pc1_PRNUJRUK1.jpg!m_fill,w_280,h_210,f_jpg?from=ke.com
20231229,昌平,回龙观,101117578826,视野开阔采光充足商品房 满五唯一,615万,71629元/平,中楼层 (共23层) | 2012年 | 2室1厅 | 85.86平米 | 南,https://ke-image.ljcdn.com/110000-inspection/pc1_7zNyveNDZ.jpg!m_fill,w_280,h_210,f_jpg?from=ke.com
20231229,昌平,回龙观,101117576344,龙兴园中区 房子满五年唯一 可看房 可随时签约,309万,48274元/平,顶层 (共6层) 1室1厅 | 64.01平米 | 东北,https://ke-image.ljcdn.com/110000-inspection/121fd429-6ab1-4427-8c18-304547b12586_1000.jpg!m_fill,w_280,h_210,f_jpg?from=ke.com
20231229,昌平,回龙观,101117573202,龙锦苑四区 3室1厅 南 北,550万,47893元/平,低楼层 (共7层) | 2003年 | 3室1厅 | 114.84平米 | 南 北,https://ke-image.ljcdn.com/110000-inspection/16dbd860-ad7b-496c-acc1-c51b9798a471_1000.jpg!m_fill,w_280,h_210,f_jpg?from=ke.com
20231229,昌平,回龙观,101117571899,首开国风美唐三期  小区中间位置 精装修 满五年唯一,1030万,80874元/平,低楼层 (共18层) | 2016年 | 3室1厅 | 127.36平米 | 南 北,https://ke-image.ljcdn.com/110000-inspection/b56b1d3b-28f1-4762-93e5-919423053aa5_1000.jpg!m_fill,w_280,h_210,f_jpg?from=ke.com
20231229,昌平,回龙观,101117547559,金域华府二期 全南两居 业主诚意出售房主自荐,630万,78682元/平,低楼层 (共28层) | 2014年 | 2室1厅 | 80.07平米 | 南,https://ke-image.ljcdn.com/110000-inspection/c24ca2a7-fe2c-4fc5-ba4a-e982761a7bff_1000.jpg!m_fill,w_280,h_210,f_jpg?from=ke.com
20231229,昌平,回龙观,101117543985,随时签约电梯房新小区南北通透,635万,71776元/平,低楼层 (共11层) | 2016年 | 2室1厅 | 88.47平米 | 南 北,https://ke-image.ljcdn.com/110000-inspection/pc1_WC4chedwL_1.jpg!m_fill,w_280,h_210,f_jpg?from=ke.com
20231229,昌平,回龙观,101117485297,领秀慧谷B区电梯两居看房方便诚心出售。,465万,56460元/平,中楼层 (共9层) | 2011年 | 2室1厅 | 82.36平米 | 南 北,https://ke-image.ljcdn.com/110000-inspection/pc1_YeTmLq7GU_1.jpg!m_fill,w_280,h_210,f_jpg?from=ke.com
20231229,昌平,回龙观,101117469705,满五年唯一装修保持好位置安静诚意出售房主自荐,489万,55405元/平,底层 (共31层) | 2016年 | 2室1厅 | 88.26平米 | 南 北,https://ke-image.ljcdn.com/110000-inspection/4a4a64c2-d8ac-470e-b6a3-cb4ebccdb3ca_1000.jpg!m_fill,w_280,h_210,f_jpg?from=ke.com
20231229,昌平,回龙观,101117460971,西二路6号院 视野开阔 满五唯一 精装修,540万,61399元/平,高楼层 (共22层) 2室1厅 | 87.95平米 | 南,https://ke-image.ljcdn.com/110000-inspection/97c34382-e058-4ce9-b303-526f8d589219_1000.jpg!m_fill,w_280,h_210,f_jpg?from=ke.com
20231229,昌平,回龙观,101117460972,西六南北通透两居室 高视野好全天采光 观景 满五唯一,600万,68447元/平,高楼层 (共31层) | 2016年 | 2室1厅 | 87.66平米 | 南 北,https://ke-image.ljcdn.com/110000-inspection/7247bb3d-d785-45b6-9462-9ce9a9dc714d_1000.jpg!m_fill,w_280,h_210,f_jpg?from=ke.com
20231229,昌平,回龙观,101117426627,新龙城 2室1厅 东南,498万,54451元/平,低楼层 (共15层) 2室1厅 | 91.46平米 | 东南,https://ke-image.ljcdn.com/110000-inspection/pc1_B6XOn9YyB.jpg!m_fill,w_280,h_210,f_jpg?from=ke.com
20231229,昌平,回龙观,101117396524,回龙观 新龙城 大2居 南北通透 明厨明卫 高楼层 地暖房主自荐,590万,60964元/平,顶层 (共8层) | 2007年 | 2室1厅 | 96.78平米 | 南 北,https://ke-image.ljcdn.com/110000-inspection/pc1_50MDmo63r.jpg!m_fill,w_280,h_210,f_jpg?from=ke.com
20231229,昌平,回龙观,101117390011,南北通透视野开阔有储藏室带电梯靠近龙泽地铁房主自荐,660万,57372元/平,低楼层 (共20层) | 2007年 | 2室1厅 | 115.04平米 | 南 北,https://ke-image.ljcdn.com/110000-inspection/pc1_CSDB3A35d.jpg!m_fill,w_280,h_210,f_jpg?from=ke.com
20231229,昌平,回龙观,101117375307,流星花园2区电梯开间商五一,272万,57506元/平,低楼层 (共11层) 1室0厅 | 47.3平米 | 北,https://ke-image.ljcdn.com/110000-inspection/pc1_PJW3GPXuw.jpg!m_fill,w_280,h_210,f_jpg?from=ke.com
20231229,昌平,回龙观,101117369761,商品房自住装修看房随时诚意出售,498万,40039元/平,顶层 (共6层) | 2005年 | 3室2厅 | 124.38平米 | 南 北,https://ke-image.ljcdn.com/110000-inspection/9d8dfa95-3f51-4722-b7f5-7fee3b661f69_1000.jpg!m_fill,w_280,h_210,f_jpg?from=ke.com
20231229,昌平,回龙观,101117360131,龙泽东区2005年钢混结构满五唯一中间楼层,460万,50467元/平,中楼层 (共7层) | 2005年 | 2室1厅 | 91.15平米 | 东 南 北,https://ke-image.ljcdn.com/110000-inspection/pc1_VZUQOh1pp.jpg!m_fill,w_280,h_210,f_jpg?from=ke.com
20231229,昌平,回龙观,101117355654,精装修可拎包住 满五唯一 无特殊要求 随时可看诚心卖,329万,66318元/平,中楼层 (共11层) | 2008年 | 1室0厅 | 49.61平米 | 北,https://ke-image.ljcdn.com/110000-inspection/78f05cc5-58d8-426a-830b-8af94bf715ba_1000.jpg!m_fill,w_280,h_210,f_jpg?from=ke.com
20231229,昌平,回龙观,101117319339,通达花园品质小区改善型四居室全新装修落地飘窗,780万,45692元/平,高楼层 (共7层) | 2000年 | 4室1厅 | 170.71平米 | 南 北,https://ke-image.ljcdn.com/110000-inspection/pc1_QB4XSf9kN.jpg!m_fill,w_280,h_210,f_jpg?from=ke.com
20231229,昌平,回龙观,101117318472,金达园小区 满五唯一 高楼层 精装修房主自荐,419万,47522元/平,顶层 (共6层) | 1997年 | 2室2厅 | 88.17平米 | 南 北,https://ke-image.ljcdn.com/110000-inspection/pc1_wTjJHnbIG.jpg!m_fill,w_280,h_210,f_jpg?from=ke.com
20231229,昌平,回龙观,101117317087,商品房满五唯一精装修中间楼层视野好,450万,71327元/平,中楼层 (共34层) 1室1厅 | 63.09平米 | 南,https://ke-image.ljcdn.com/110000-inspection/54a8f0ec-c18e-4c92-9729-8f535bf61320_1000.jpg!m_fill,w_280,h_210,f_jpg?from=ke.com
20231229,昌平,回龙观,101117256622,流星花园三区 2室1厅 西南,539万,62472元/平,中楼层 (共11层) | 2006年 | 2室1厅 | 86.28平米 | 西南,https://ke-image.ljcdn.com/110000-inspection/pc1_Akex0cX3R.jpg!m_fill,w_280,h_210,f_jpg?from=ke.com
20231229,昌平,回龙观,101117243486,商品房满五年唯一采光充足采光视野棒。,568万,63564元/平,中楼层 (共21层) 2室1厅 | 89.36平米 | 南 北,https://ke-image.ljcdn.com/110000-inspection/pc1_v7bmiawqy.jpg!m_fill,w_280,h_210,f_jpg?from=ke.com
20231229,昌平,回龙观,101117235562,融泽嘉园西二路6号院 2室1厅 南,598万,68219元/平,高楼层 (共31层) | 2016年 | 2室1厅 | 87.66平米 | 南,https://ke-image.ljcdn.com/110000-inspection/f21dca3b-1079-4cad-ad76-4047ddad178e_1000.jpg!m_fill,w_280,h_210,f_jpg?from=ke.com
20231229,昌平,回龙观,101117227230,融泽嘉园西二路6号院婚房精装修两居室入住时间短房主自荐,539万,61488元/平,高楼层 (共31层) 2室1厅 | 87.66平米 | 南 北,https://ke-image.ljcdn.com/110000-inspection/pc1_o1XZ0QCc3.jpg!m_fill,w_280,h_210,f_jpg?from=ke.com
20231229,昌平,回龙观,101117206961,中美合资 商品房小区南北通透两居室房主自荐,498万,55799元/平,低楼层 (共7层) 2室1厅 | 89.25平米 | 南 北,https://ke-image.ljcdn.com/110000-inspection/543b9e07-7202-4f7a-96d7-61fa5da77475_1000.jpg!m_fill,w_280,h_210,f_jpg?from=ke.com
20231229,昌平,回龙观,101117205918,北京市昌平区回龙观镇龙腾苑四区,685万,53483元/平,底层 (共6层) | 2003年 | 3室1厅 | 128.08平米 | 南 北,https://ke-image.ljcdn.com/110000-inspection/fb096dbc-c55f-439e-b189-92fd48484863_1000.jpg!m_fill,w_280,h_210,f_jpg?from=ke.com
20231229,昌平,回龙观,101117187026,高楼层 视野好  诚心出售 随时签约,529万,53527元/平,高楼层 (共28层) | 2014年 | 2室1厅 | 98.83平米 | 南 北,https://ke-image.ljcdn.com/110000-inspection/941c9706-a012-4fcd-b0c3-74f9a44c4645_1000.jpg!m_fill,w_280,h_210,f_jpg?from=ke.com
20231229,昌平,回龙观,101117185818,优质好房-龙腾必看房源-看房有惊喜房主自荐,565万,46293元/平,低楼层 (共7层) 3室1厅 | 122.05平米 | 南 北,https://ke-image.ljcdn.com/110000-inspection/pc1_xMg5xwcmd.jpg!m_fill,w_280,h_210,f_jpg?from=ke.com
20231229,昌平,回龙观,101117185512,北店嘉园 小区中间 中间楼层 满五年唯一,518万,58771元/平,中楼层 (共5层) | 2003年 | 2室1厅 | 88.14平米 | 南 北,https://ke-image.ljcdn.com/110000-inspection/pc1_aByrowydM.jpg!m_fill,w_280,h_210,f_jpg?from=ke.com
20231229,昌平,回龙观,101117163163,龙旗广场 南北户型 正规三居室 满五年房主自荐,510万,58167元/平,低楼层 (共28层) 3室1厅 | 87.68平米 | 南 北,https://ke-image.ljcdn.com/110000-inspection/ac985e62-78f4-48ef-98db-667d76b0dcd7_1000.jpg!m_fill,w_280,h_210,f_jpg?from=ke.com
20231229,昌平,回龙观,101117160641,京投发展公园悦府一区 精装修 次顶层 靠谱签约两居室,645万,71699元/平,高楼层 (共11层) | 2014年 | 2室2厅 | 89.96平米 | 南 北,https://ke-image.ljcdn.com/110000-inspection/921b3dd5-85ab-47f3-b697-50fab8e77986_1000.jpg!m_fill,w_280,h_210,f_jpg?from=ke.com
20231229,昌平,回龙观,101117155901,2层、采光很好、卫生间带窗户、小区中间、定房急售,596万,47650元/平,低楼层 (共6层) | 2005年 | 3室1厅 | 125.08平米 | 南 北,https://ke-image.ljcdn.com/110000-inspection/71c4dd63-63c1-4f55-84c0-793a27d37722_1000.jpg!m_fill,w_280,h_210,f_jpg?from=ke.com
20231229,昌平,回龙观,101117151041,新龙城小区满五年唯一平层四居室,735万,48579元/平,底层 (共20层) 4室1厅 | 151.3平米 | 南 北,https://ke-image.ljcdn.com/110000-inspection/pc1_7Ht8TQSS7.jpg!m_fill,w_280,h_210,f_jpg?from=ke.com
20231229,昌平,回龙观,101117142629,风雅园不临街大两居满五年唯一装修好一天未住。,516万,51039元/平,低楼层 (共6层) | 2000年 | 2室1厅 | 101.1平米 | 东南,https://ke-image.ljcdn.com/110000-inspection/pc1_32MuW4rUE.jpg!m_fill,w_280,h_210,f_jpg?from=ke.com
20231229,昌平,回龙观,101117129127,南北通透眼睛户型小区中间中间楼层房主自荐,728万,66606元/平,中楼层 (共8层) 3室1厅 | 109.3平米 | 南 北,https://ke-image.ljcdn.com/110000-inspection/pc1_cjEZ6Qlux.jpg!m_fill,w_280,h_210,f_jpg?from=ke.com
20231229,昌平,回龙观,101117113906,2019年次新房 婚房装修 全南向大两居 户型方正房主自荐,699万,79968元/平,中楼层 (共27层) 2室2厅 | 87.41平米 | 南,https://ke-image.ljcdn.com/110000-inspection/6c0827d7-95f0-4ae3-9826-b045178e2e5b_1000.jpg!m_fill,w_280,h_210,f_jpg?from=ke.com
20231229,昌平,回龙观,101117107227,融泽嘉园西二路2号院  三期  全南  满五年唯一房主自荐,500万,56890元/平,底层 (共34层) | 2016年 | 2室1厅 | 87.89平米 | 南,https://ke-image.ljcdn.com/110000-inspection/pc1_4x4JE606c.jpg!m_fill,w_280,h_210,f_jpg?from=ke.com
20231229,昌平,回龙观,101117085176,全明格局 自采暖 地暖 采光没遮挡 精装修 商品房性质,691万,55205元/平,底层 (共6层) | 2006年 | 3室1厅 | 125.17平米 | 南 北,https://ke-image.ljcdn.com/110000-inspection/1bf0bf8f-a86a-432f-9892-03b94a27533d_1000.jpg!m_fill,w_280,h_210,f_jpg?from=ke.com
20231229,昌平,回龙观,101117084167,矩阵三期 1室1厅 南 北,476万,64299元/平,顶层 (共11层) | 2007年 | 1室1厅 | 74.03平米 | 南 北,https://ke-image.ljcdn.com/110000-inspection/c45c0bea-379f-46ba-a45f-897251033b15_1000.jpg!m_fill,w_280,h_210,f_jpg?from=ke.com
20231229,昌平,回龙观,101117080548,龙博苑一区 南北通透两居两卫地铁300米,510万,44589元/平,顶层 (共6层) | 2005年 | 2室1厅 | 114.38平米 | 南 北,https://ke-image.ljcdn.com/110000-inspection/pc1_1M10rdhSW.jpg!m_fill,w_280,h_210,f_jpg?from=ke.com
20231229,昌平,回龙观,101117072766,龙城花园W区 三层经典眼镜户型 满五唯一 集中供暖！,825万,43079元/平,中楼层 (共4层) | 1997年 | 3室2厅 | 191.51平米 | 南 北,https://ke-image.ljcdn.com/110000-inspection/dbd38ffc-c82d-476a-8411-06e3d753a337_1000.jpg!m_fill,w_280,h_210,f_jpg?from=ke.com
20231229,昌平,回龙观,101117069477,此房商品房 采光充足 南北通透楼层适中自住精装修,659万,63820元/平,低楼层 (共31层) | 2014年 | 3室1厅 | 103.26平米 | 南 北,https://ke-image.ljcdn.com/110000-inspection/062dee5d-3da4-4365-83d8-55f76da4497c_1000.jpg!m_fill,w_280,h_210,f_jpg?from=ke.com
20231229,昌平,回龙观,101117054550,龙泽苑东区电梯大两居 全明格局 满五唯一  直达车库,549万,52033元/平,中楼层 (共20层) | 2003年 | 2室2厅 | 105.51平米 | 南 东,https://ke-image.ljcdn.com/110000-inspection/pc1_QaAWW1iYp.jpg!m_fill,w_280,h_210,f_jpg?from=ke.com
20231229,昌平,回龙观,101117042057,户型通透 南北阳台 采光充足 满五年唯一,505万,54501元/平,高楼层 (共6层) | 2004年 | 2室1厅 | 92.66平米 | 南 北,https://ke-image.ljcdn.com/110000-inspection/81cc67d0-88b0-4a58-91f0-4a3d75677f02_1000.jpg!m_fill,w_280,h_210,f_jpg?from=ke.com
20231229,昌平,回龙观,101117040183,龙腾苑六区把边户型 小区中间位置平层大面积四居室,688万,42541元/平,顶层 (共6层) | 2002年 | 4室1厅 | 161.73平米 | 南 北,https://ke-image.ljcdn.com/110000-inspection/pc1_aqApmZMVk.jpg!m_fill,w_280,h_210,f_jpg?from=ke.com
20231229,昌平,回龙观,101117026747,风雅园一区南北通透 4层采光好全明格局,488万,52854元/平,中楼层 (共6层) | 1999年 | 2室1厅 | 92.33平米 | 南 北,https://ke-image.ljcdn.com/110000-inspection/pc1_OAT74eCXl.jpg!m_fill,w_280,h_210,f_jpg?from=ke.com
20231229,昌平,回龙观,101117023637,龙泽苑东区+南北通透+一层+大两居房主自荐,539万,50257元/平,底层 (共7层) | 2003年 | 2室2厅 | 107.25平米 | 南 北,https://ke-image.ljcdn.com/110000-inspection/pc1_L6hChGcY4.jpg!m_fill,w_280,h_210,f_jpg?from=ke.com
20231229,昌平,回龙观,101117015412,龙旗广场 正规三居室 满五年商品房 业主诚心出售,458万,51787元/平,顶层 (共28层) | 2010年 | 3室1厅 | 88.44平米 | 东 西 北,https://ke-image.ljcdn.com/110000-inspection/a0739ba6-08a9-4162-aad2-85371f292da1_1000.jpg!m_fill,w_280,h_210,f_jpg?from=ke.com
20231229,昌平,回龙观,101117009410,不临街精装修 业主随时签约,379万,59780元/平,中楼层 (共9层) | 2011年 | 1室1厅 | 63.4平米 | 南,https://ke-image.ljcdn.com/110000-inspection/pc1_CEon66G8x.jpg!m_fill,w_280,h_210,f_jpg?from=ke.com
20231229,昌平,回龙观,101117002605,融泽嘉园西二路2号院 花园社区 南向 满五唯一,475万,53886元/平,顶层 (共34层) | 2016年 | 2室1厅 | 88.15平米 | 南,https://ke-image.ljcdn.com/110000-inspection/pc1_cRFRrxXBI_1.jpg!m_fill,w_280,h_210,f_jpg?from=ke.com
20231229,昌平,回龙观,101116992595,风雅园二区满五年近公园、地铁、医院等,578万,38567元/平,高楼层 (共7层) | 2000年 | 4室2厅 | 149.87平米 | 北 南,https://ke-image.ljcdn.com/110000-inspection/pc1_MGQcKiPlG.jpg!m_fill,w_280,h_210,f_jpg?from=ke.com
20231229,昌平,回龙观,101116965804,中高楼层视野好 南北双通透 诚心出售看房方便,575万,52416元/平,高楼层 (共33层) 3室1厅 | 109.7平米 | 南 北,https://ke-image.ljcdn.com/110000-inspection/678ff0c3-b135-498a-a5fc-27d7b43739c7_1000.jpg!m_fill,w_280,h_210,f_jpg?from=ke.com
20231229,昌平,回龙观,101116963154,金达园 1室1厅 西房主自荐,282万,51753元/平,中楼层 (共5层) | 1998年 | 1室1厅 | 54.49平米 | 西,https://ke-image.ljcdn.com/110000-inspection/76d1f228-2db7-4aaa-a1b6-9ae880ecb5b7_1000.jpg!m_fill,w_280,h_210,f_jpg?from=ke.com
20231229,昌平,回龙观,101116958954,房子是自住的精装修满五年商品房位置好,510万,50015元/平,低楼层 (共6层) | 2003年 | 2室1厅 | 101.97平米 | 南 北,https://ke-image.ljcdn.com/110000-inspection/pc1_QVw2yJccp.jpg!m_fill,w_280,h_210,f_jpg?from=ke.com
20231229,昌平,回龙观,101116953524,新龙城精装修满五唯一正规一居室房主自荐,307万,54078元/平,低楼层 (共20层) | 2007年 | 1室1厅 | 56.77平米 | 北,https://ke-image.ljcdn.com/110000-inspection/pc1_jO5OqsQD1.jpg!m_fill,w_280,h_210,f_jpg?from=ke.com
20231229,昌平,回龙观,101116927599,龙华园中间位置精装三居室满五年唯一,458万,52182元/平,底层 (共6层) | 1994年 | 3室1厅 | 87.77平米 | 东 南 北,https://ke-image.ljcdn.com/110000-inspection/pc1_YHk7iVXMp.jpg!m_fill,w_280,h_210,f_jpg?from=ke.com
20231229,昌平,回龙观,101116894151,龙锦苑五区把边全明商品房满五年唯一报价南北通透,568万,43848元/平,中楼层 (共6层) | 2005年 | 3室1厅 | 129.54平米 | 东 南 北,https://ke-image.ljcdn.com/110000-inspection/b7a2509e-496f-466d-8950-45820ce2432b_1000.jpg!m_fill,w_280,h_210,f_jpg?from=ke.com
20231229,昌平,回龙观,101116889476,满五唯一 高层采光好 安静宜居 南北空气清新 单价比高,559万,50837元/平,顶层 (共11层) | 2006年 | 3室1厅 | 109.96平米 | 南 北,https://ke-image.ljcdn.com/110000-inspection/pc1_8Kf7ivjXa.jpg!m_fill,w_280,h_210,f_jpg?from=ke.com
20231229,昌平,回龙观,101116870289,龙旗广场 正规两居室 满五年 楼层采光好,450万,56626元/平,低楼层 (共28层) | 2010年 | 2室1厅 | 79.47平米 | 南,https://ke-image.ljcdn.com/110000-inspection/pc1_CTu7FLXA4.jpg!m_fill,w_280,h_210,f_jpg?from=ke.com
20231229,昌平,回龙观,101116856463,首开智慧社-16层-商满五唯一,585万,65225元/平,高楼层 (共21层) | 2011年 | 2室1厅 | 89.69平米 | 西南,https://ke-image.ljcdn.com/110000-inspection/pc1_njIJDLuS2_1.jpg!m_fill,w_280,h_210,f_jpg?from=ke.com
20231229,昌平,回龙观,101116822094,正规三居南北通透精装修前后无遮挡,449万,46047元/平,低楼层 (共6层) | 1995年 | 3室1厅 | 97.51平米 | 南 北,https://ke-image.ljcdn.com/110000-inspection/pc1_dOSSr0xE3.jpg!m_fill,w_280,h_210,f_jpg?from=ke.com
20231229,昌平,回龙观,101116804830,满五年唯一高楼层视野开阔采光好,375万,63334元/平,顶层 (共6层) | 2004年 | 1室1厅 | 59.21平米 | 南,https://ke-image.ljcdn.com/110000-inspection/pc1_exfr8VgpE.jpg!m_fill,w_280,h_210,f_jpg?from=ke.com
20231229,昌平,回龙观,101116804495,领秀慧谷A区 带电梯 不临街 靠谱签约,375万,59421元/平,低楼层 (共11层) | 2011年 | 1室1厅 | 63.11平米 | 南,https://ke-image.ljcdn.com/110000-inspection/81e62b24-3033-4b20-86df-ae066527345e_1000.jpg!m_fill,w_280,h_210,f_jpg?from=ke.com
20231229,昌平,回龙观,101116786117,龙跃苑三区户型方正复式南北通透商品房,609万,36683元/平,高楼层 (共6层) | 2005年 | 5室1厅 | 166.02平米 | 南 北,https://ke-image.ljcdn.com/110000-inspection/bf091b0f-5330-44a5-afa0-13180aad2f36_1000.jpg!m_fill,w_280,h_210,f_jpg?from=ke.com
20231229,昌平,回龙观,101116772551,龙腾苑六区 5+6层复式 小区中间位置 南北通透,725万,34503元/平,高楼层 (共6层) 5室3厅 | 210.13平米 | 南 北,https://ke-image.ljcdn.com/110000-inspection/pc1_kF1q3nznN.jpg!m_fill,w_280,h_210,f_jpg?from=ke.com
20231229,昌平,回龙观,101116767474,龙腾苑六区南北通透三居室南北通透不临街不把边。,600万,50874元/平,中楼层 (共6层) | 2002年 | 3室1厅 | 117.94平米 | 南 北,https://ke-image.ljcdn.com/110000-inspection/pc1_tfyFLES7b.jpg!m_fill,w_280,h_210,f_jpg?from=ke.com
20231229,昌平,回龙观,101116750865,龙华园一区 南北全明格局板楼中层商品房满五唯一,319万,54465元/平,中楼层 (共6层) | 1994年 | 1室1厅 | 58.57平米 | 南 北,https://ke-image.ljcdn.com/110000-inspection/6fb2b89c-8c98-40b3-8e62-2dc907b87757_1000.jpg!m_fill,w_280,h_210,f_jpg?from=ke.com
20231229,昌平,回龙观,101116720159,领秀慧谷B区 3室1厅 东 北,435万,48571元/平,顶层 (共6层) | 2011年 | 3室1厅 | 89.56平米 | 东 北,https://ke-image.ljcdn.com/110000-inspection/pc1_yXgx9sxfs.jpg!m_fill,w_280,h_210,f_jpg?from=ke.com
20231229,昌平,回龙观,101116711009,中间层南北通透 自住保持干净整洁 诚意出售 看房方便,459万,46434元/平,中楼层 (共6层) | 2000年 | 3室1厅 | 98.85平米 | 南 北,https://ke-image.ljcdn.com/110000-inspection/pc1_PXcQhp11z.jpg!m_fill,w_280,h_210,f_jpg?from=ke.com
20231229,昌平,回龙观,101116709725,龙禧苑五区 一层南北通透两居室,460万,54093元/平,底层 (共7层) 2室1厅 | 85.04平米 | 南 北,https://ke-image.ljcdn.com/110000-inspection/pc1_YIS0kRx7W.jpg!m_fill,w_280,h_210,f_jpg?from=ke.com
20231229,昌平,回龙观,101116697551,龙回苑通透两居中间楼层商五一平西府地铁周边房主自荐,430万,49763元/平,高楼层 (共6层) | 2004年 | 2室1厅 | 86.41平米 | 东 西,https://ke-image.ljcdn.com/110000-inspection/d5ff504b-e378-43d9-aaf9-907e37e166b8_1000.jpg!m_fill,w_280,h_210,f_jpg?from=ke.com
20231229,昌平,回龙观,101116678717,满五唯一 落地窗 无遮挡 视野好 诚心出售,550万,62800元/平,低楼层 (共28层) | 2015年 | 2室1厅 | 87.58平米 | 南,https://ke-image.ljcdn.com/110000-inspection/5d43aed7-0772-43b3-8093-fbe847938520_1000.jpg!m_fill,w_280,h_210,f_jpg?from=ke.com
20231229,昌平,回龙观,101116642507,龙城花园北二区满五唯一全南户型商品房精装修,305万,63888元/平,中楼层 (共4层) | 2004年 | 1室1厅 | 47.74平米 | 南,https://ke-image.ljcdn.com/110000-inspection/pc1_9gQPUqlzJ.jpg!m_fill,w_280,h_210,f_jpg?from=ke.com
20231229,昌平,回龙观,101116629634,满五唯一  采光无遮挡 优质三居,498万,55046元/平,底层 (共28层) | 2012年 | 3室1厅 | 90.47平米 | 南 北,https://ke-image.ljcdn.com/110000-inspection/b975b957-0d9a-4c5c-9449-d2c2b038b979_1000.jpg!m_fill,w_280,h_210,f_jpg?from=ke.com
20231229,昌平,回龙观,101116629034,首开国风美唐二期 小区新 商品房 有电梯 距离地铁近,700万,74532元/平,中楼层 (共20层) 2室1厅 | 93.92平米 | 南,https://ke-image.ljcdn.com/110000-inspection/1227ee71-e361-4396-8d62-ceb4bc7cd599_1000.jpg!m_fill,w_280,h_210,f_jpg?from=ke.com
20231229,昌平,回龙观,101116624918,西向一居室 中高楼层 带电梯 满五唯一 诚意卖,359万,50793元/平,高楼层 (共21层) 1室1厅 | 70.68平米 | 西,https://ke-image.ljcdn.com/110000-inspection/6ac1f858-a925-4c47-8a9c-a2180090b61d_1000.jpg!m_fill,w_280,h_210,f_jpg?from=ke.com
20231229,昌平,回龙观,101116622188,2016年电梯房小区满五年唯一业主随时签约,499万,71871元/平,底层 (共11层) | 2016年 | 2室1厅 | 69.43平米 | 南,https://ke-image.ljcdn.com/110000-inspection/pc1_8KfRTk4MG.jpg!m_fill,w_280,h_210,f_jpg?from=ke.com
20231229,昌平,回龙观,101116571502,流星花园三区 南北向 精装修 看房随时,499万,48377元/平,中楼层 (共6层) 2室1厅 | 103.15平米 | 北 南,https://ke-image.ljcdn.com/110000-inspection/pc1_RCbu4EPiH.jpg!m_fill,w_280,h_210,f_jpg?from=ke.com
20231229,昌平,回龙观,101116556854,京*发展公园悦府 南北通透 户型方正 商品房满五年,780万,68362元/平,中楼层 (共11层) | 2014年 | 3室2厅 | 114.1平米 | 南 北,https://ke-image.ljcdn.com/110000-inspection/3c1ce679-3df7-4bd1-a679-b7ed39408517_1000.jpg!m_fill,w_280,h_210,f_jpg?from=ke.com
20231229,昌平,回龙观,101116556491,和谐家园一区小区中间位置南北通透三居,530万,42656元/平,高楼层 (共6层) | 2006年 | 3室1厅 | 124.25平米 | 南 北,https://ke-image.ljcdn.com/110000-inspection/1c7f46c0-27de-419d-b7e2-7038381dbf74_1000.jpg!m_fill,w_280,h_210,f_jpg?from=ke.com
20231229,昌平,回龙观,101116555699,新龙城 电梯两居  满五唯一 诚心出售 精装修,559万,52088元/平,低楼层 (共20层) 2室2厅 | 107.32平米 | 南 北,https://ke-image.ljcdn.com/110000-inspection/31eb3840-eeae-4d4b-a38f-22bef13be1d6_1000.jpg!m_fill,w_280,h_210,f_jpg?from=ke.com
20231229,昌平,回龙观,101116532376,龙腾苑六区两居南北通透格局视野宽阔采光充足,470万,47256元/平,顶层 (共6层) | 2002年 | 2室1厅 | 99.46平米 | 南 北,https://ke-image.ljcdn.com/110000-inspection/pc1_2xyGwMG0b.jpg!m_fill,w_280,h_210,f_jpg?from=ke.com
20231229,昌平,回龙观,101116510669,北京人家 低楼层四居室 商品房满五年唯一房主自荐,819万,49415元/平,低楼层 (共6层) | 2003年 | 4室2厅 | 165.74平米 | 南 北,https://ke-image.ljcdn.com/110000-inspection/daea8241-c670-49a1-a8f0-b34431d08883_1000.jpg!m_fill,w_280,h_210,f_jpg?from=ke.com
20231229,昌平,回龙观,101116463313,矩阵三期电梯两居价格合适全明格局配套齐全。房主自荐,516万,65591元/平,低楼层 (共11层) | 2007年 | 2室2厅 | 78.67平米 | 南 北 西,https://ke-image.ljcdn.com/110000-inspection/68523fe5-13ec-4a72-a97f-f03f6a512877_1000.jpg!m_fill,w_280,h_210,f_jpg?from=ke.com
20231229,昌平,回龙观,101116447162,此房满五年唯一西南格局把西边明厨明卫高楼层,618万,66826元/平,中楼层 (共11层) | 2016年 | 2室2厅 | 92.48平米 | 西南,https://ke-image.ljcdn.com/110000-inspection/f3da754d-e352-40a8-a0c5-28005a256f97_1000.jpg!m_fill,w_280,h_210,f_jpg?from=ke.com
20231229,昌平,回龙观,101116433213,满五年唯一双卧朝南低楼层面朝公园,499万,51518元/平,中楼层 (共5层) | 2000年 | 2室1厅 | 96.86平米 | 东南,https://ke-image.ljcdn.com/110000-inspection/pc1_6No0AB4Oi.jpg!m_fill,w_280,h_210,f_jpg?from=ke.com
20231229,昌平,回龙观,101116431554,格局方正商品房满五唯一首套购买契税1%。,415万,47026元/平,中楼层 (共6层) | 2004年 | 2室1厅 | 88.25平米 | 南 北,https://ke-image.ljcdn.com/110000-inspection/ba55e6a9-f1a3-4fc6-ae86-befbc1cda769_1000.jpg!m_fill,w_280,h_210,f_jpg?from=ke.com
20231229,昌平,回龙观,101116423217,京*发展公园悦府 俯瞰整个回龙观 美景尽收眼底,1160万,85389元/平,顶层 (共27层) | 2018年 | 3室2厅 | 135.85平米 | 南 北,https://ke-image.ljcdn.com/110000-inspection/06e56d0d-09e5-4cfb-bded-d6808bfc0347_1000.jpg!m_fill,w_280,h_210,f_jpg?from=ke.com
20231229,昌平,回龙观,101116412367,龙跃苑四区 中楼层 南北通透2居 商品房 满五唯一,480万,53092元/平,中楼层 (共6层) | 2005年 | 2室1厅 | 90.41平米 | 南 北,https://ke-image.ljcdn.com/110000-inspection/44527bb4-6b3d-46db-9481-1a932625627b_1000.jpg!m_fill,w_280,h_210,f_jpg?from=ke.com
20231229,昌平,回龙观,101116372523,商品房满五年唯一小区中间南北通透采光好,365万,47440元/平,顶层 (共6层) | 2005年 | 2室1厅 | 76.94平米 | 南 北,https://ke-image.ljcdn.com/110000-inspection/pc1_1DYxDnYqk.jpg!m_fill,w_280,h_210,f_jpg?from=ke.com
20231229,昌平,回龙观,101116356556,融泽一期全南2居室视野开阔。,525万,59911元/平,低楼层 (共27层) | 2014年 | 2室1厅 | 87.63平米 | 南,https://ke-image.ljcdn.com/110000-inspection/pc1_K0yn9RYXs.jpg!m_fill,w_280,h_210,f_jpg?from=ke.com
20231229,昌平,回龙观,101116288883,北京人家 南北通透两居 中间层,530万,56528元/平,中楼层 (共5层) | 2005年 | 2室2厅 | 93.76平米 | 南 北,https://ke-image.ljcdn.com/110000-inspection/pc1_PobTNP55X.jpg!m_fill,w_280,h_210,f_jpg?from=ke.com
20231229,昌平,回龙观,101116280510,商品房精装自住中间楼层位置好,485万,57794元/平,中楼层 (共6层) | 2004年 | 2室1厅 | 83.92平米 | 南 北,https://ke-image.ljcdn.com/110000-inspection/78f3a09e-1a8e-4dd9-affd-6cc2f44b9331_1000.jpg!m_fill,w_280,h_210,f_jpg?from=ke.com
20231229,昌平,回龙观,101116279053,满五年唯一随时可以签约已经看好房明厨明卫,598万,46164元/平,高楼层 (共6层) | 2005年 | 3室2厅 | 129.54平米 | 南 北,https://ke-image.ljcdn.com/110000-inspection/pc1_M77J1pe7B.jpg!m_fill,w_280,h_210,f_jpg?from=ke.com
20231229,昌平,回龙观,101116269721,首开国风美唐三期 南向两居 中间位置 居住安静房主自荐,620万,70906元/平,底层 (共18层) | 2016年 | 2室1厅 | 87.44平米 | 南,https://ke-image.ljcdn.com/110000-inspection/6b8cda35-9e74-43fc-8c98-dc5df7562da5_1000.jpg!m_fill,w_280,h_210,f_jpg?from=ke.com
20231229,昌平,回龙观,101116243666,金域华府一期南向一居室中间楼层,435万,68950元/平,低楼层 (共24层) | 2012年 | 1室1厅 | 63.09平米 | 南,https://ke-image.ljcdn.com/110000-inspection/pc1_h3v2Pete1.jpg!m_fill,w_280,h_210,f_jpg?from=ke.com
20231229,昌平,回龙观,101116230456,商满五年唯一中间楼层视野开阔采光好,360万,60852元/平,高楼层 (共6层) | 2004年 | 1室1厅 | 59.16平米 | 南,https://ke-image.ljcdn.com/110000-inspection/pc1_r7c0pdz2w.jpg!m_fill,w_280,h_210,f_jpg?from=ke.com
20231229,昌平,回龙观,101116227488,流星花园  精装修开间户型方正中间层看房方便,307万,64905元/平,中楼层 (共11层) | 2004年 | 1室0厅 | 47.3平米 | 北,https://ke-image.ljcdn.com/110000-inspection/pc1_7KWLrSHmv.jpg!m_fill,w_280,h_210,f_jpg?from=ke.com
20231229,昌平,回龙观,101116225683,商品房满五年唯一双通透落地窗交通便利,486万,52024元/平,顶层 (共6层) | 2006年 | 2室1厅 | 93.42平米 | 南 北,https://ke-image.ljcdn.com/110000-inspection/bdd96348-23fd-4343-a81d-6605a11acd3a_1000.jpg!m_fill,w_280,h_210,f_jpg?from=ke.com
20231229,昌平,回龙观,101116221662,商品房满五年唯一南北通透采光充足低楼层,449万,65111元/平,低楼层 (共6层) | 1994年 | 2室1厅 | 68.96平米 | 南 北,https://ke-image.ljcdn.com/110000-inspection/e533c97a-3b3f-4068-a00a-a0204c0c042f_1000.jpg!m_fill,w_280,h_210,f_jpg?from=ke.com
20231229,昌平,回龙观,101116218912,京*发展公园悦府 全明格局 视野采光好 居住舒适,396万,72956元/平,高楼层 (共11层) | 2016年 | 1室1厅 | 54.28平米 | 东 北,https://ke-image.ljcdn.com/110000-inspection/fcdf4273-b8f9-40c2-9aef-d5dbfa1645e5_1000.jpg!m_fill,w_280,h_210,f_jpg?from=ke.com
20231229,昌平,回龙观,101116207926,万龙社区精装修南向两居室全南格局采光棒房主自荐,325万,76942元/平,中楼层 (共4层) | 1978年 | 2室1厅 | 42.24平米 | 南,https://ke-image.ljcdn.com/110000-inspection/pc1_qHCvGR0gs.jpg!m_fill,w_280,h_210,f_jpg?from=ke.com
20231229,昌平,回龙观,101116106757,风雅园一区南北通透三居室主卧独卫中间层不临街房主自荐,500万,43041元/平,高楼层 (共6层) | 2000年 | 3室1厅 | 116.17平米 | 南 北,https://ke-image.ljcdn.com/110000-inspection/pc1_S85oiPjoh.jpg!m_fill,w_280,h_210,f_jpg?from=ke.com
20231229,昌平,回龙观,101116103176,次顶层视野采光好南北通透满五唯一商品房,560万,62299元/平,高楼层 (共22层) | 2010年 | 3室1厅 | 89.89平米 | 南 北,https://ke-image.ljcdn.com/110000-inspection/57bad4d8-c2f3-4edb-8b5f-79c5d44cb5d8_1000.jpg!m_fill,w_280,h_210,f_jpg?from=ke.com
20231229,昌平,回龙观,101116073384,新龙城大2居落地大窗地暖房主自荐,519万,53122元/平,中楼层 (共8层) | 2006年 | 2室1厅 | 97.7平米 | 东 西,https://ke-image.ljcdn.com/110000-inspection/pc1_xTk5GBvzD.jpg!m_fill,w_280,h_210,f_jpg?from=ke.com
20231229,昌平,回龙观,101116060680,龙锦苑六区中间楼层两居室南北通透看房方便,480万,50918元/平,中楼层 (共6层) | 2003年 | 2室1厅 | 94.27平米 | 南 北,https://ke-image.ljcdn.com/110000-inspection/test-bad0134a-7a1a-4023-adb3-2066362165f7.png!m_fill,w_280,h_210,f_jpg?from=ke.com
20231229,昌平,回龙观,101116049892,满五唯一 南北通透 全明格局 精装修,519万,58559元/平,低楼层 (共34层) | 2016年 | 2室1厅 | 88.63平米 | 南 北,https://ke-image.ljcdn.com/110000-inspection/9ca0e7ce-4b23-46d1-9df3-fd3adac646e2_1000.jpg!m_fill,w_280,h_210,f_jpg?from=ke.com
20231229,昌平,回龙观,101116025870,新龙城 中高楼层 精装修高品质 放心房  视野好 位置好房主自荐,470万,67028元/平,中楼层 (共20层) | 2006年 | 1室1厅 | 70.12平米 | 南,https://ke-image.ljcdn.com/110000-inspection/pc1_N2uOHaQX2.jpg!m_fill,w_280,h_210,f_jpg?from=ke.com
20231229,昌平,回龙观,101115963652,北京人家  南北通透  视野好  采光佳,659万,50076元/平,低楼层 (共6层) | 2002年 | 3室2厅 | 131.6平米 | 南 北,https://ke-image.ljcdn.com/110000-inspection/d3cff1a1-09ad-402f-bc72-9caab3c64a30_1000.jpg!m_fill,w_280,h_210,f_jpg?from=ke.com
20231229,昌平,回龙观,101115922197,龙腾苑六区 三居室双卫 南北通透,566万,39773元/平,顶层 (共6层) | 2002年 | 3室1厅 | 142.31平米 | 南 北,https://ke-image.ljcdn.com/110000-inspection/pc1_SOclK3iAG.jpg!m_fill,w_280,h_210,f_jpg?from=ke.com
20231229,昌平,回龙观,101115899973,融泽三期南北通透两居室小区中间位置业主诚心出售,593万,68091元/平,低楼层 (共34层) | 2016年 | 2室1厅 | 87.09平米 | 南 北,https://ke-image.ljcdn.com/110000-inspection/pc1_Qk6kBnuy4_1.jpg!m_fill,w_280,h_210,f_jpg?from=ke.com
20231229,昌平,回龙观,101115883495,融泽嘉园中路2号院三面朝南三居室,720万,62230元/平,高楼层 (共34层) | 2014年 | 3室1厅 | 115.7平米 | 南 北,https://ke-image.ljcdn.com/110000-inspection/pc1_36iPz3LWw.jpg!m_fill,w_280,h_210,f_jpg?from=ke.com
20231229,昌平,回龙观,101115881268,流星花园二区带电梯小户型业主诚心出售房主自荐,272万,57506元/平,低楼层 (共11层) | 2004年 | 1室1厅 | 47.3平米 | 北,https://ke-image.ljcdn.com/110000-inspection/pc1_ow0cRFpye.jpg!m_fill,w_280,h_210,f_jpg?from=ke.com
20231229,昌平,回龙观,101115860801,领秀慧谷C区花园式洋房设计电梯两室两厅房主自荐,638万,71008元/平,中楼层 (共11层) | 2011年 | 2室2厅 | 89.85平米 | 南 北,https://ke-image.ljcdn.com/110000-inspection/pc1_Cqh7jyZyl.jpg!m_fill,w_280,h_210,f_jpg?from=ke.com
20231229,昌平,回龙观,101115836559,商品房满五年唯一住宅 精装 价格可谈 南北朝向,550万,43993元/平,顶层 (共6层) | 2006年 | 3室1厅 | 125.02平米 | 南 北,https://ke-image.ljcdn.com/110000-inspection/e8fab4de-e1f8-49a2-8ad2-946a080b095c_1000.jpg!m_fill,w_280,h_210,f_jpg?from=ke.com
20231229,昌平,回龙观,101115821339,天巢园  拎包入住 两居 满五唯一 随时可看房主自荐,465万,55897元/平,中楼层 (共22层) 2室2厅 | 83.19平米 | 南 北,https://ke-image.ljcdn.com/110000-inspection/781a7bbe-0428-44de-af89-fcdf60d79a6f_1000.jpg!m_fill,w_280,h_210,f_jpg?from=ke.com
20231229,昌平,回龙观,101115816101,商品房满五年精装修小区中间位置户型方正,375万,53207元/平,高楼层 (共6层) | 1994年 | 2室1厅 | 70.48平米 | 南 北,https://ke-image.ljcdn.com/110000-inspection/pc1_zBRMfYmV4_1.jpg!m_fill,w_280,h_210,f_jpg?from=ke.com
20231229,昌平,回龙观,101115813786,金域华府一期 南北朝向 业主靠谱出售 稳定签约,550万,61255元/平,中楼层 (共28层) | 2012年 | 3室1厅 | 89.79平米 | 南 北,https://ke-image.ljcdn.com/110000-inspection/65de89eb-f540-4f1f-a06e-9525547c0fd3_1000.jpg!m_fill,w_280,h_210,f_jpg?from=ke.com
20231229,昌平,回龙观,101115777112,首开国风美唐二期 近地铁 诚意出售,610万,66594元/平,中楼层 (共21层) | 2015年 | 3室1厅 | 91.6平米 | 南 北,https://ke-image.ljcdn.com/110000-inspection/74570ce1-d066-4d91-b53e-859dbc5ad1e3_1000.jpg!m_fill,w_280,h_210,f_jpg?from=ke.com
20231229,昌平,回龙观,101115776996,和谐家园一区中间位置不临街中高楼层视野好,540万,43266元/平,高楼层 (共6层) | 2006年 | 3室1厅 | 124.81平米 | 南 北,https://ke-image.ljcdn.com/110000-inspection/prod-f186720f-0fd7-4a2a-8151-2eed460cb3fe.jpg!m_fill,w_280,h_210,f_jpg?from=ke.com
20231229,昌平,回龙观,101115753834,龙锦苑六区低楼层三居双卫全明格局客厅带阳台房主自荐,599万,49281元/平,低楼层 (共6层) | 2003年 | 3室1厅 | 121.55平米 | 南 北,https://ke-image.ljcdn.com/110000-inspection/d4d9e895-4417-483d-8ebb-87e60088cdb9_1000.jpg!m_fill,w_280,h_210,f_jpg?from=ke.com
20231229,昌平,回龙观,101115746320,精装两居价格优惠面向花园。房主自荐,530万,60434元/平,中楼层 (共28层) | 2013年 | 2室1厅 | 87.7平米 | 南,https://ke-image.ljcdn.com/110000-inspection/pc1_cHombWHe5.jpg!m_fill,w_280,h_210,f_jpg?from=ke.com
20231229,昌平,回龙观,101115728974,满五唯一南北通透中楼无遮挡配套齐全三卧朝南,770万,61551元/平,中楼层 (共20层) | 2007年 | 3室1厅 | 125.1平米 | 南 北,https://ke-image.ljcdn.com/110000-inspection/pc1_smfOQhYzy.jpg!m_fill,w_280,h_210,f_jpg?from=ke.com
20231229,昌平,回龙观,101115682439,满五年唯一业主诚心出售出行方便。,460万,46185元/平,顶层 (共6层) | 2002年 | 2室1厅 | 99.6平米 | 南 北,https://ke-image.ljcdn.com/110000-inspection/pc1_ZUW6FlIXY.jpg!m_fill,w_280,h_210,f_jpg?from=ke.com
20231229,昌平,回龙观,101115643048,全南户型 楼前视野好 随时签约 满五年家庭唯一住宅房主自荐,430万,65390元/平,中楼层 (共28层) 1室1厅 | 65.76平米 | 南,https://ke-image.ljcdn.com/110000-inspection/pc1_wqygleIHC.jpg!m_fill,w_280,h_210,f_jpg?from=ke.com
20231229,昌平,回龙观,101115642227,精装 商满五 一套  首套可贷款300万 南北通透,520万,36195元/平,顶层 (共6层) | 2005年 | 3室1厅 | 143.67平米 | 南 北,https://ke-image.ljcdn.com/110000-inspection/de02cf7d-ba6f-451a-bfc3-5f8463ddbae3_1000.jpg!m_fill,w_280,h_210,f_jpg?from=ke.com
20231229,昌平,回龙观,101115639774,融泽二期一居室落地窗大阳台。,418万,63276元/平,低楼层 (共28层) | 2015年 | 1室1厅 | 66.06平米 | 南,https://ke-image.ljcdn.com/110000-inspection/3524a351-4d72-493b-a66b-1924dcaf6e98_1000.jpg!m_fill,w_280,h_210,f_jpg?from=ke.com
20231229,昌平,回龙观,101115626990,南北通透 双卧朝南向 户型方正 空间好利用,699万,60662元/平,高楼层 (共34层) | 2014年 | 3室1厅 | 115.23平米 | 南 北,https://ke-image.ljcdn.com/110000-inspection/eeb756a5-4ca5-4c60-a466-6a71e1563fdc_1000.jpg!m_fill,w_280,h_210,f_jpg?from=ke.com
20231229,昌平,回龙观,101115622997,龙城花园二期上叠拼优质房源。,958万,44032元/平,中楼层 (共4层) | 1999年 | 4室2厅 | 217.57平米 | 南 北,https://ke-image.ljcdn.com/110000-inspection/pc1_adMZUqahX.jpg!m_fill,w_280,h_210,f_jpg?from=ke.com
20231229,昌平,回龙观,101115610617,云趣园一区 三居双卫 主卧带独立卫生间和阳台,490万,44288元/平,顶层 (共6层) | 2000年 | 3室2厅 | 110.64平米 | 南 北,https://ke-image.ljcdn.com/110000-inspection/11a4367d-12ce-4326-9e2e-254a288b9c35_1000.jpg!m_fill,w_280,h_210,f_jpg?from=ke.com
20231229,昌平,回龙观,101115589421,精装修 南北通透  全明格局两居室,600万,66175元/平,高楼层 (共28层) | 2012年 | 2室1厅 | 90.67平米 | 南 北,https://ke-image.ljcdn.com/110000-inspection/52d25a54-7e9f-493a-a8e0-610addbd933b_1000.jpg!m_fill,w_280,h_210,f_jpg?from=ke.com
20231229,昌平,回龙观,101115568569,融泽嘉园西二路2号院中间楼层满五唯一,545万,62386元/平,中楼层 (共34层) 2室1厅 | 87.36平米 | 南,https://ke-image.ljcdn.com/110000-inspection/pc1_uWT9AsqYw_1.jpg!m_fill,w_280,h_210,f_jpg?from=ke.com
20231229,昌平,回龙观,101115546286,流星花园三区   中间楼层三居室    精装修房主自荐,709万,51192元/平,中楼层 (共6层) | 2003年 | 3室1厅 | 138.5平米 | 南 北,https://ke-image.ljcdn.com/110000-inspection/8aa0d4b3-adb6-41e2-9971-075728462b40_1000.jpg!m_fill,w_280,h_210,f_jpg?from=ke.com
20231229,昌平,回龙观,101115507400,16年新小区 中高楼层带电梯 视野开阔 户型方正,358万,49806元/平,中楼层 (共21层) | 2016年 | 1室1厅 | 71.88平米 | 东 北,https://ke-image.ljcdn.com/110000-inspection/71e384af-decd-4841-997b-0ad17cf897b5_1000.jpg!m_fill,w_280,h_210,f_jpg?from=ke.com
20231229,昌平,回龙观,101115447721,大三居中高层视野好采光好,635万,55678元/平,高楼层 (共33层) | 2014年 | 3室1厅 | 114.05平米 | 南 北,https://ke-image.ljcdn.com/110000-inspection/pc1_JzekTx4TH_1.jpg!m_fill,w_280,h_210,f_jpg?from=ke.com
20231229,昌平,回龙观,101115430884,次新房 电梯品质小区 南北双通透大两居,685万,69530元/平,高楼层 (共13层) | 2019年 | 2室2厅 | 98.52平米 | 南 北,https://ke-image.ljcdn.com/110000-inspection/pc1_SbMgakW5G.jpg!m_fill,w_280,h_210,f_jpg?from=ke.com
20231229,昌平,回龙观,101115318546,满五唯一配合转商 中高楼层视野好,599万,67953元/平,中楼层 (共30层) 2室1厅 | 88.15平米 | 南 北,https://ke-image.ljcdn.com/110000-inspection/6ab5f3b8-5f85-4547-8eb1-6565e0ca584d_1000.jpg!m_fill,w_280,h_210,f_jpg?from=ke.com
20231229,昌平,回龙观,101115224512,中间层四居室门口在建13号线商品房满五年,649万,47094元/平,中楼层 (共6层) 4室1厅 | 137.81平米 | 东 南 北,https://ke-image.ljcdn.com/110000-inspection/0f93ef0a-b7df-4fd3-80bc-c8f254664f40_1000.jpg!m_fill,w_280,h_210,f_jpg?from=ke.com
20231229,昌平,回龙观,101115044639,商品房 满5年唯一 落地窗 商品房社区,400万,78849元/平,底层 (共6层) | 2005年 | 1室1厅 | 50.73平米 | 南,https://ke-image.ljcdn.com/110000-inspection/337a8f6a-730e-48f9-b147-8e41f25638ce_1000.jpg!m_fill,w_280,h_210,f_jpg?from=ke.com
20231229,昌平,回龙观,101115042068,房子中间楼层采光好精装修购买后可以直接拎包入住,569万,43841元/平,中楼层 (共7层) | 2000年 | 3室1厅 | 129.79平米 | 南 北,https://ke-image.ljcdn.com/110000-inspection/d2a9e5a1-8f52-48fe-807c-52e2dbb60eb6_1000.jpg!m_fill,w_280,h_210,f_jpg?from=ke.com
20231229,昌平,回龙观,101114983208,此房是满五年唯一临地铁13号线8号线产权清晰房主自荐,598万,42122元/平,顶层 (共6层) | 2005年 | 3室2厅 | 141.97平米 | 南 北,https://ke-image.ljcdn.com/110000-inspection/ece1f663-bb6b-4faf-b8b6-15c47766a920_1000.jpg!m_fill,w_280,h_210,f_jpg?from=ke.com
20231229,昌平,回龙观,101114972397,总监推荐房源:2011年小区国企开发商格局方正,389万,49466元/平,顶层 (共6层) | 2011年 | 2室1厅 | 78.64平米 | 东 西,https://ke-image.ljcdn.com/110000-inspection/5223b103-2b84-4fa1-895b-31bf33020980_1000.jpg!m_fill,w_280,h_210,f_jpg?from=ke.com
20231229,昌平,回龙观,101114917372,龙城花园W区 三层 南北通透 前后无遮挡 采光充足.,775万,40468元/平,中楼层 (共4层) | 1997年 | 3室2厅 | 191.51平米 | 南 北,https://ke-image.ljcdn.com/110000-inspection/pc1_dat1s8dmI.jpg!m_fill,w_280,h_210,f_jpg?from=ke.com
20231229,昌平,回龙观,101114900791,二类满五唯一高楼层采光好 业主诚意出售,600万,64420元/平,中楼层 (共28层) | 2014年 | 2室1厅 | 93.14平米 | 南 北,https://ke-image.ljcdn.com/110000-inspection/pc1_wjyN5ok6T_1.jpg!m_fill,w_280,h_210,f_jpg?from=ke.com
20231229,昌平,回龙观,101114874326,满五年唯一 商品房 中间层 双卧客厅朝南,530万,49733元/平,中楼层 (共6层) | 1997年 | 3室2厅 | 106.57平米 | 南 北,https://ke-image.ljcdn.com/110000-inspection/pc1_EMq0Vh81q_1.jpg!m_fill,w_280,h_210,f_jpg?from=ke.com
20231229,昌平,回龙观,101114861346,南北通透三居室交通便利户型方正小区中间位置房主自荐,640万,44875元/平,中楼层 (共6层) | 2004年 | 3室1厅 | 142.62平米 | 南 北,https://ke-image.ljcdn.com/110000-inspection/b704aeed-e4f4-4b41-addb-e661c2beb10a_1000.jpg!m_fill,w_280,h_210,f_jpg?from=ke.com
20231229,昌平,回龙观,101114810259,低楼层单价少配套成熟业主诚意出售。房主自荐,469万,48692元/平,中楼层 (共6层) | 2000年 | 2室1厅 | 96.32平米 | 南 北,https://ke-image.ljcdn.com/110000-inspection/a81cb1cb-e549-468c-983c-71517d7cd3dc_1000.jpg!m_fill,w_280,h_210,f_jpg?from=ke.com
20231229,昌平,回龙观,101114809186,商圈配套很齐全出行方便商圈配套齐全光线好,700万,47177元/平,中楼层 (共5层) | 2003年 | 3室1厅 | 148.38平米 | 南 北,https://ke-image.ljcdn.com/110000-inspection/pc1_nGpOgiAas.jpg!m_fill,w_280,h_210,f_jpg?from=ke.com
20231229,昌平,回龙观,101114800069,龙城大面宽三向阳平层+南北通透,870万,45429元/平,顶层 (共4层) | 1997年 | 3室2厅 | 191.51平米 | 南 北,https://ke-image.ljcdn.com/110000-inspection/pc1_kzFEnvksg.jpg!m_fill,w_280,h_210,f_jpg?from=ke.com
20231229,昌平,回龙观,101114797008,精装修2层大复式空间利用高近公园适合两代人,790万,35384元/平,高楼层 (共7层) | 2003年 | 5室2厅 | 223.27平米 | 南 北,https://ke-image.ljcdn.com/110000-inspection/c0d47114-5821-489a-8b7f-6808b840647a_1000.jpg!m_fill,w_280,h_210,f_jpg?from=ke.com
20231229,昌平,回龙观,101114783572,首开国风美唐二期~不临街~四居室~南北通透格局好房主自荐,1200万,84764元/平,底层 (共9层) | 2015年 | 4室2厅 | 141.57平米 | 南 北,https://ke-image.ljcdn.com/110000-inspection/5243807b-3226-4004-8cc9-3e896a3670c8_1000.jpg!m_fill,w_280,h_210,f_jpg?from=ke.com
20231229,昌平,回龙观,101114779931,京*发展公园悦府 客厅面宽5米 南北通 精装修拎包入住,950万,83524元/平,低楼层 (共27层) 3室2厅 | 113.74平米 | 南 北,https://ke-image.ljcdn.com/110000-inspection/a1d11ab7-5783-4c39-83bc-4ca25d5d3506_1000.jpg!m_fill,w_280,h_210,f_jpg?from=ke.com
20231229,昌平,回龙观,101114725420,融泽嘉园三期西二路2号院中间楼层南北通透两居室,550万,62930元/平,中楼层 (共34层) 2室1厅 | 87.4平米 | 南 北,https://ke-image.ljcdn.com/110000-inspection/pc1_fax6Ltkw8.jpg!m_fill,w_280,h_210,f_jpg?from=ke.com
20231229,昌平,回龙观,101114696887,东村家园南北通透2居前后双阳台满五年唯一,320万,43920元/平,地下室 (共7层) | 2005年 | 2室1厅 | 72.86平米 | 南 北,https://ke-image.ljcdn.com/110000-inspection/b9fd5065-aea3-41af-893a-c0532dcec5ca_1000.jpg!m_fill,w_280,h_210,f_jpg?from=ke.com
20231229,昌平,回龙观,101114658642,龙泽苑东区G组团大跃层  小区中间 视野宽阔 电梯直达,980万,54557元/平,顶层 (共11层) | 2005年 | 4室3厅 | 179.63平米 | 东 南 北,https://ke-image.ljcdn.com/110000-inspection/pc1_ulTqZZoUG_1.jpg!m_fill,w_280,h_210,f_jpg?from=ke.com
20231229,昌平,回龙观,101114649430,二类满五唯一看房方便采光好 业主诚意出售,425万,67805元/平,低楼层 (共33层) | 2014年 | 1室1厅 | 62.68平米 | 南,https://ke-image.ljcdn.com/110000-inspection/pc1_5bAft4dgT.jpg!m_fill,w_280,h_210,f_jpg?from=ke.com
20231229,昌平,回龙观,101114601378,二层精装修看房方便随时签约靠谱出售,439万,61640元/平,低楼层 (共6层) | 1995年 | 2室1厅 | 71.22平米 | 南 北,https://ke-image.ljcdn.com/110000-inspection/pc1_sE53IUxdn.jpg!m_fill,w_280,h_210,f_jpg?from=ke.com
20231229,昌平,回龙观,101114598330,商品房满五唯一拎包入住坐拥美景值得拥有,550万,63009元/平,低楼层 (共28层) | 2014年 | 2室1厅 | 87.29平米 | 南,https://ke-image.ljcdn.com/110000-inspection/pc1_GOoY6b2z4_1.jpg!m_fill,w_280,h_210,f_jpg?from=ke.com
20231229,昌平,回龙观,101114570884,南北通透没有遮挡采光很好视野很好带装修,576万,44250元/平,中楼层 (共7层) | 2000年 | 3室1厅 | 130.17平米 | 南 北,https://ke-image.ljcdn.com/110000-inspection/pc1_jpu3ZYmG9.jpg!m_fill,w_280,h_210,f_jpg?from=ke.com
20231229,昌平,回龙观,101114558349,龙旗广场 商品房一居室 靠谱出售房主自荐,398万,65504元/平,底层 (共28层) | 2010年 | 1室1厅 | 60.76平米 | 东南,https://ke-image.ljcdn.com/110000-inspection/pc1_je4U0TMK3_1.jpg!m_fill,w_280,h_210,f_jpg?from=ke.com
20231229,昌平,回龙观,101114551290,低密度小区环境适宜出行方便,519万,53638元/平,高楼层 (共7层) | 1999年 | 2室1厅 | 96.76平米 | 南 北,https://ke-image.ljcdn.com/110000-inspection/pc1_dlW322grL_1.jpg!m_fill,w_280,h_210,f_jpg?from=ke.com
20231229,昌平,回龙观,101114530036,首开国风美唐朗观 满五年唯一 不临街,655万,78964元/平,高楼层 (共15层) | 2015年 | 2室1厅 | 82.95平米 | 西 南,https://ke-image.ljcdn.com/110000-inspection/cc950d1a-89d2-4e3a-ad92-010400c3fc0e_1000.jpg!m_fill,w_280,h_210,f_jpg?from=ke.com
20231229,昌平,回龙观,101114478771,不临街不把边一梯2户南北通透  小区中间,523万,52453元/平,低楼层 (共6层) | 2004年 | 2室1厅 | 99.71平米 | 南 北,https://ke-image.ljcdn.com/110000-inspection/d8780a4e-8796-46bb-9536-46683cc158a9_1000.jpg!m_fill,w_280,h_210,f_jpg?from=ke.com
20231229,昌平,回龙观,101114438875,小区人车分流视野开阔  交通便利,850万,42498元/平,底层 (共10层) | 2003年 | 3室1厅 | 200.01平米 | 南 西 北,https://ke-image.ljcdn.com/110000-inspection/pc1_wwGNiYjAO_1.jpg!m_fill,w_280,h_210,f_jpg?from=ke.com
20231229,昌平,回龙观,101114283404,中间楼层三居简装餐厅带窗户商品房,525万,44323元/平,中楼层 (共7层) | 2003年 | 3室1厅 | 118.45平米 | 南 北,https://ke-image.ljcdn.com/110000-inspection/7fce0c0b-10b1-4228-8e46-bc72a01de9e6_1000.jpg!m_fill,w_280,h_210,f_jpg?from=ke.com
20231229,昌平,回龙观,101114159864,龙跃苑东二区2008年社区落地飘窗客厅3.2米高,515万,51470元/平,顶层 (共6层) | 2007年 | 2室1厅 | 100.06平米 | 南 北,https://ke-image.ljcdn.com/110000-inspection/9091267b-a5bf-4204-a466-4ec4cdeed45c_1000.jpg!m_fill,w_280,h_210,f_jpg?from=ke.com
20231229,昌平,回龙观,101114099013,满五年唯一小区中间位置精装修,478万,46974元/平,顶层 (共6层) | 2005年 | 3室1厅 | 101.76平米 | 南 北,https://ke-image.ljcdn.com/110000-inspection/pc1_pTctJxyFw.jpg!m_fill,w_280,h_210,f_jpg?from=ke.com
20231229,昌平,回龙观,101114080575,此房性质是满五唯一高楼层视野好南北通透,420万,51674元/平,中楼层 (共21层) | 2016年 | 2室1厅 | 81.28平米 | 南 北,https://ke-image.ljcdn.com/110000-inspection/1d4927cd-df97-4d7a-bf64-ca7d58d3e158_1000.jpg!m_fill,w_280,h_210,f_jpg?from=ke.com
20231229,昌平,回龙观,101113936777,南北通透两居室近地铁精装修,466万,50472元/平,中楼层 (共6层) | 2000年 | 2室1厅 | 92.33平米 | 南 北,https://ke-image.ljcdn.com/110000-inspection/f74174ff-5281-47c2-9c9e-e4e7d723dba1_1000.jpg!m_fill,w_280,h_210,f_jpg?from=ke.com
20231229,昌平,回龙观,101113909849,融泽嘉园三期全天采光位置好,526万,60474元/平,低楼层 (共34层) | 2016年 | 2室1厅 | 86.98平米 | 南,https://ke-image.ljcdn.com/110000-inspection/pc1_05YPMyxAT.jpg!m_fill,w_280,h_210,f_jpg?from=ke.com
20231229,昌平,回龙观,101113835097,次顶层楼层好视野开阔采光充足,429万,60800元/平,高楼层 (共20层) | 2006年 | 1室1厅 | 70.56平米 | 北,https://ke-image.ljcdn.com/110000-inspection/pc1_4OrWnIbQi_1.jpg!m_fill,w_280,h_210,f_jpg?from=ke.com
20231229,昌平,回龙观,101113828095,云趣园一区南北通透精装修两居室房主自荐,520万,55538元/平,低楼层 (共7层) 2室2厅 | 93.63平米 | 南 北,https://ke-image.ljcdn.com/110000-inspection/pc1_SZUEHwCFH_1.jpg!m_fill,w_280,h_210,f_jpg?from=ke.com
20231229,昌平,回龙观,101113785448,通达园小区通透一居室商品房满五年唯一房主自荐,408万,52898元/平,底层 (共7层) | 2001年 | 1室1厅 | 77.13平米 | 东 西,https://ke-image.ljcdn.com/110000-inspection/865a0014-0ee1-4691-8cef-21ba4c55af73_1000.jpg!m_fill,w_280,h_210,f_jpg?from=ke.com
20231229,昌平,回龙观,101113690299,云趣园二区  平层大四居 双卧朝南 双卧朝北 中间楼层,880万,46734元/平,低楼层 (共6层) 4室2厅 | 188.3平米 | 南 北,https://ke-image.ljcdn.com/110000-inspection/pc1_hnwW7gUnC_1.jpg!m_fill,w_280,h_210,f_jpg?from=ke.com
20231229,昌平,回龙观,101113516936,小区中间明厨明卫商满五唯一次顶层,600万,54011元/平,高楼层 (共6层) | 2003年 | 3室1厅 | 111.09平米 | 北 南,https://ke-image.ljcdn.com/110000-inspection/1d7debed-b3fc-4e20-b25c-046e75f1da33_1000.jpg!m_fill,w_280,h_210,f_jpg?from=ke.com
20231229,昌平,回龙观,101112933516,龙华园二区商品房满五年唯一靠谱卖,458万,47704元/平,高楼层 (共6层) | 1994年 | 3室2厅 | 96.01平米 | 东 南 西,https://ke-image.ljcdn.com/110000-inspection/pc1_xrgUbLD2h_1.jpg!m_fill,w_280,h_210,f_jpg?from=ke.com
20231229,昌平,回龙观,101112601569,骊龙园  商品房社区 环境好 落地窗 采光好,680万,50948元/平,中楼层 (共6层) | 2005年 | 3室2厅 | 133.47平米 | 南 北,https://ke-image.ljcdn.com/110000-inspection/pc1_H5E6yo3ui_1.jpg!m_fill,w_280,h_210,f_jpg?from=ke.com
20231229,昌平,回龙观,101112548725,南北通透的大三居商品房 板楼一层房主自荐,750万,51122元/平,底层 (共5层) | 2003年 | 3室2厅 | 146.71平米 | 南 北,https://ke-image.ljcdn.com/110000-inspection/pc1_MzwXtQKtz.jpg!m_fill,w_280,h_210,f_jpg?from=ke.com
20231229,昌平,回龙观,101112494251,商品房两居室中间楼层经典南北通透户型房主自荐,400万,55859元/平,中楼层 (共6层) | 2000年 | 2室1厅 | 71.61平米 | 南 北,https://ke-image.ljcdn.com/110000-inspection/pc1_rlljpa1IK_1.jpg!m_fill,w_280,h_210,f_jpg?from=ke.com
20231229,昌平,回龙观,101112401848,低密度洋房有电梯精装有钥匙接受6个月周期房主自荐,815万,56574元/平,中楼层 (共5层) | 2004年 | 3室1厅 | 144.06平米 | 南 北,https://ke-image.ljcdn.com/110000-inspection/10feeb5f-e588-417f-8e72-f561764729ae_1000.jpg!m_fill,w_280,h_210,f_jpg?from=ke.com
20231229,昌平,回龙观,101112068091,5+6复式南北通透动静分离上下两层互不影响,836万,35745元/平,高楼层 (共6层) | 2003年 | 6室2厅 | 233.88平米 | 南 北,https://ke-image.ljcdn.com/110000-inspection/3f43010e-95e7-458f-96bb-30432ca50697_1000.jpg!m_fill,w_280,h_210,f_jpg?from=ke.com
20231229,昌平,回龙观,101111453251,天慧园 二层  南北通透 中间位置 宜居房主自荐,409万,46733元/平,低楼层 (共7层) | 2000年 | 2室2厅 | 87.52平米 | 南 北,https://ke-image.ljcdn.com/110000-inspection/pc1_ysTtI1DE6_1.jpg!m_fill,w_280,h_210,f_jpg?from=ke.com
20231229,昌平,回龙观,101111024164,和谐家园一区落地双阳台采光超棒,530万,53272元/平,顶层 (共6层) | 2006年 | 2室1厅 | 99.49平米 | 南 北,https://ke-image.ljcdn.com/110000-inspection/38a9a672-e2f3-41f9-bb93-4216573c6ba5_1000.jpg!m_fill,w_280,h_210,f_jpg?from=ke.com
20231229,昌平,回龙观,101110908972,龙禧苑二区 4+5层平顶复式 上下两层 南北通透房主自荐,938万,40124元/平,中楼层 (共5层) | 2004年 | 5室3厅 | 233.78平米 | 南 北,https://ke-image.ljcdn.com/110000-inspection/pc1_XP5rintW1_1.jpg!m_fill,w_280,h_210,f_jpg?from=ke.com
20231229,昌平,回龙观,101110744570,南北通透格局楼层好视野宽阔采光充足房主自荐,673万,93969元/平,顶层 (共9层) | 2012年 | 3室1厅 | 71.62平米 | 南 北,https://ke-image.ljcdn.com/110000-inspection/7f7b5865-c302-458b-9c92-ee50d2dd19da_1000.jpg!m_fill,w_280,h_210,f_jpg?from=ke.com
20231229,昌平,回龙观,101110702229,昌平区回龙观东大街矩阵一期满五唯一,510万,43181元/平,顶层 (共6层) | 2002年 | 3室2厅 | 118.11平米 | 南 北,https://ke-image.ljcdn.com/110000-inspection/pc1_1mFQkCGJ4_1.jpg!m_fill,w_280,h_210,f_jpg?from=ke.com
20231229,昌平,回龙观,101110648212,商品房三层楼前无遮挡视野开阔。,565万,53132元/平,中楼层 (共6层) | 2000年 | 3室1厅 | 106.34平米 | 南 北,https://ke-image.ljcdn.com/110000-inspection/pc1_qq3ZD3lAS_1.jpg!m_fill,w_280,h_210,f_jpg?from=ke.com
20231229,昌平,回龙观,101109219484,龙华园小区自如装修。满五唯一南北通透,410万,50825元/平,顶层 (共6层) | 1995年 | 2室1厅 | 80.67平米 | 南 北,https://ke-image.ljcdn.com/110000-inspection/pc1_9bSRfgww5_1.jpg!m_fill,w_280,h_210,f_jpg?from=ke.com
20231229,昌平,回龙观,101106606053,南北通透全明格局精装修中高楼层采光很棒,920万,78640元/平,中楼层 (共28层) | 2014年 | 3室1厅 | 116.99平米 | 南 北,https://ke-image.ljcdn.com/110000-inspection/02b0652f-2646-4b5c-b9c8-7ff7490a3106_1000.jpg!m_fill,w_280,h_210,f_jpg?from=ke.com
20231229,昌平,回龙观,101122455669,龙锦苑二区 2室1厅 南 北,439万,49183元/平,中楼层 (共6层) | 2005年 | 2室1厅 | 89.26平米 | 南 北,https://ke-image.ljcdn.com/110000-inspection/23b2b2ed-e54d-4d15-a109-e081efe07a2d_1000.jpg!m_fill,w_280,h_210,f_jpg?from=ke.com
20231229,昌平,回龙观,101122450385,骊龙园两居室 落地窗 看房随时,458万,46640元/平,高楼层 (共6层) | 2005年 | 2室2厅 | 98.2平米 | 南 北,https://ke-image.ljcdn.com/110000-inspection/pc1_tCwoNch1Z_1.jpg!m_fill,w_280,h_210,f_jpg?from=ke.com
20231229,昌平,回龙观,101122450102,北京人家 2室1厅 南 北,385万,54641元/平,顶层 (共6层) | 2004年 | 2室1厅 | 70.46平米 | 南 北,https://ke-image.ljcdn.com/110000-inspection/pc1_FTgjFW556.jpg!m_fill,w_280,h_210,f_jpg?from=ke.com
20231229,昌平,回龙观,101122447295,矩阵二期 1室1厅 西 北新上,279万,51821元/平,中楼层 (共12层) | 2004年 | 1室1厅 | 53.84平米 | 西 北,https://ke-image.ljcdn.com/110000-inspection/19a66e61-29dd-4137-8ebf-1239515d3adb_1000.jpg!m_fill,w_280,h_210,f_jpg?from=ke.com
20231229,昌平,回龙观,101122444150,龙腾苑四区 3室1厅 东 南 北新上,550万,41873元/平,中楼层 (共6层) | 2003年 | 3室1厅 | 131.35平米 | 东 南 北,https://ke-image.ljcdn.com/110000-inspection/pc1_oZ9iOiYAw_1.jpg!m_fill,w_280,h_210,f_jpg?from=ke.com
20231229,昌平,回龙观,101122437561,采光好 视野好 南北通透 小区中间位置新上,430万,45926元/平,中楼层 (共7层) | 2000年 | 2室2厅 | 93.63平米 | 南 北,https://ke-image.ljcdn.com/110000-inspection/pc1_kr0Cc0aJ5_1.jpg!m_fill,w_280,h_210,f_jpg?from=ke.com
20231229,昌平,回龙观,101122436549,流星花园二区+商品房社区+满五年新上,399万,47512元/平,高楼层 (共6层) 2室1厅 | 83.98平米 | 南 北,https://ke-image.ljcdn.com/110000-inspection/3ca218ca-11a5-45cd-b861-f297e6265ace_1000.jpg!m_fill,w_280,h_210,f_jpg?from=ke.com
20231229,昌平,回龙观,101122434016,风雅园三区精装三居诚心出售看房方便新上,495万,40386元/平,底层 (共6层) 3室1厅 | 122.57平米 | 西南,https://ke-image.ljcdn.com/110000-inspection/pc1_HgVXj36DI_1.jpg!m_fill,w_280,h_210,f_jpg?from=ke.com
20231229,昌平,回龙观,101122424603,国风美唐三期 精装修自住 单价低新上,920万,72056元/平,顶层 (共18层) 3室1厅 | 127.68平米 | 南 北,https://ke-image.ljcdn.com/110000-inspection/2adeca41-b6fd-4497-afc9-436f99a5c2bc_1000.jpg!m_fill,w_280,h_210,f_jpg?from=ke.com
20231229,昌平,回龙观,101122424318,万润家园小区中间位置西南二居室满五年唯一新上,490万,53037元/平,中楼层 (共12层) | 2003年 | 2室1厅 | 92.39平米 | 西南,https://ke-image.ljcdn.com/110000-inspection/b174080a-b063-4448-a1e6-33cc56654486_1000.jpg!m_fill,w_280,h_210,f_jpg?from=ke.com
20231229,昌平,回龙观,101122423272,融泽嘉园中路1号院 满五年唯一 业主诚心出售新上,430万,49262元/平,底层 (共28层) | 2014年 | 2室1厅 | 87.29平米 | 南,https://ke-image.ljcdn.com/110000-inspection/pc1_fujuIasKb_1.jpg!m_fill,w_280,h_210,f_jpg?from=ke.com
20231229,昌平,回龙观,101122419202,融泽嘉园西二路2号院 2室1厅 南 北新上,528万,60130元/平,中楼层 (共34层) | 2016年 | 2室1厅 | 87.81平米 | 南 北,https://ke-image.ljcdn.com/110000-inspection/pc1_OoqyQcDJI_1.jpg!m_fill,w_280,h_210,f_jpg?from=ke.com
20231229,昌平,回龙观,101122416270,满五唯一商品房 看房方便 诚心出售新上,905万,77743元/平,低楼层 (共28层) 3室2厅 | 116.41平米 | 南 北,https://ke-image.ljcdn.com/110000-inspection/pc1_2Tgs9Z6le.jpg!m_fill,w_280,h_210,f_jpg?from=ke.com
20231229,昌平,回龙观,101122413805,龙跃苑东四区 2室1厅 南 北新上,465万,47889元/平,低楼层 (共6层) 2室1厅 | 97.1平米 | 南 北,https://ke-image.ljcdn.com/110000-inspection/pc1_MUnCtusyl.jpg!m_fill,w_280,h_210,f_jpg?from=ke.com
20231229,昌平,回龙观,101122407080,电梯房全明格局高楼层视野好精装修急售可谈新上,329万,39991元/平,高楼层 (共21层) | 2016年 | 2室1厅 | 82.27平米 | 东 西 北,https://ke-image.ljcdn.com/110000-inspection/cc1c4272-0cab-4194-a69e-22b2e4cd0aac_1000.jpg!m_fill,w_280,h_210,f_jpg?from=ke.com
20231229,昌平,回龙观,101122396037,50万精装3居 一层下跃 集体供暖  纯商品房小区。新上,750万,59676元/平,底层 (共7层) 3室2厅 | 125.68平米 | 南 北,https://ke-image.ljcdn.com/110000-inspection/pc1_nmNSfr0SH.jpg!m_fill,w_280,h_210,f_jpg?from=ke.com
20231229,昌平,回龙观,101122394272,领秀慧谷A区 2室1厅 南 北新上,408万,50390元/平,底层 (共9层) 2室1厅 | 80.97平米 | 南 北,https://ke-image.ljcdn.com/110000-inspection/pc1_M1fmxX4uC_1.jpg!m_fill,w_280,h_210,f_jpg?from=ke.com
20231229,昌平,回龙观,101122388377,首套首付165万+满五年唯一+地铁700米+集中供暖新上,508万,46700元/平,高楼层 (共6层) | 2003年 | 2室2厅 | 108.78平米 | 南 北,https://ke-image.ljcdn.com/110000-inspection/e1222644-0efb-4fb3-80c9-d86fd12f6a45_1000.jpg!m_fill,w_280,h_210,f_jpg?from=ke.com
20231229,昌平,回龙观,101122359891,无遮挡采光超好 满二唯一 网签374 无抵押 无户口新上,428万,64967元/平,高楼层 (共31层) | 2014年 | 1室1厅 | 65.88平米 | 南,https://ke-image.ljcdn.com/110000-inspection/pc1_BomSg41Hz.jpg!m_fill,w_280,h_210,f_jpg?from=ke.com
20231229,昌平,回龙观,101122354549,万润家园小区中间位置南向一居室带电梯采光视野好,410万,60616元/平,中楼层 (共10层) 1室1厅 | 67.64平米 | 南,https://ke-image.ljcdn.com/110000-inspection/pc1_2ZWhdKZjV.jpg!m_fill,w_280,h_210,f_jpg?from=ke.com
20231229,昌平,回龙观,101122350392,龙腾苑四区  中间位置一层的三居室  动静分离格局,590万,48943元/平,底层 (共6层) | 2004年 | 3室1厅 | 120.55平米 | 南 北,https://ke-image.ljcdn.com/110000-inspection/pc1_grl8eKIdc.jpg!m_fill,w_280,h_210,f_jpg?from=ke.com
20231229,昌平,回龙观,101122327746,龙华园三居户型中间位置中间楼层只有契税,430万,44994元/平,中楼层 (共6层) | 1995年 | 3室1厅 | 95.57平米 | 南 北,https://ke-image.ljcdn.com/110000-inspection/pc1_f6DsXWTjF.jpg!m_fill,w_280,h_210,f_jpg?from=ke.com
20231229,昌平,回龙观,101122327682,龙兴园北区双卧朝南大三居明厨明卫诚心出售,566万,43296元/平,中楼层 (共6层) 3室2厅 | 130.73平米 | 南 北,https://ke-image.ljcdn.com/110000-inspection/pc1_6tSI4lkPg.jpg!m_fill,w_280,h_210,f_jpg?from=ke.com
20231229,昌平,回龙观,101122325641,吉晟别墅 5室2厅 南 北,1626万,64635元/平,底层 (共3层) 5室2厅 | 251.57平米 | 南 北,https://ke-image.ljcdn.com/110000-inspection/pc1_KVLoyjQCG.jpg!m_fill,w_280,h_210,f_jpg?from=ke.com
20231229,昌平,回龙观,101122313565,北京人家三期 两室一厅 南北向 5层 采光好 位置好房主自荐,389万,52782元/平,顶层 (共5层) | 2005年 | 2室1厅 | 73.7平米 | 南 北,https://ke-image.ljcdn.com/110000-inspection/pc1_JqxYW30Mp.jpg!m_fill,w_280,h_210,f_jpg?from=ke.com
20231229,昌平,回龙观,101122311163,此房小区中间位置自住精装采光充足诚心出售,350万,50674元/平,底层 (共6层) | 1995年 | 2室1厅 | 69.07平米 | 东 西,https://ke-image.ljcdn.com/110000-inspection/pc1_TpeSHJ75X.jpg!m_fill,w_280,h_210,f_jpg?from=ke.com
20231229,昌平,回龙观,101122309408,天露园一区 3室2厅 南 北,522万,41631元/平,底层 (共6层) | 2008年 | 3室2厅 | 125.39平米 | 南 北,https://ke-image.ljcdn.com/110000-inspection/pc1_5wMU32WQw_1.jpg!m_fill,w_280,h_210,f_jpg?from=ke.com
20231229,昌平,回龙观,101122309071,融泽嘉园中路1号院 2室1厅 南 北,536万,54566元/平,中楼层 (共18层) 2室1厅 | 98.23平米 | 南 北,https://ke-image.ljcdn.com/110000-inspection/pc1_6LaOuLpcA_1.jpg!m_fill,w_280,h_210,f_jpg?from=ke.com
20231229,昌平,回龙观,101122308429,上叠小区中间位置已满两年有室内电梯双车位,1450万,67552元/平,中楼层 (共4层) | 2018年 | 4室2厅 | 214.65平米 | 南 北,https://ke-image.ljcdn.com/110000-inspection/pc1_xbaMFO0pg_1.jpg!m_fill,w_280,h_210,f_jpg?from=ke.com
20231229,昌平,回龙观,101122304081,满五唯一商品房靠谱出售东南朝向户型方正,490万,54240元/平,低楼层 (共20层) 2室1厅 | 90.34平米 | 东南,https://ke-image.ljcdn.com/110000-inspection/pc1_wEQezYeA0.jpg!m_fill,w_280,h_210,f_jpg?from=ke.com
20231229,昌平,回龙观,101122280186,龙锦苑二区 眼镜房户型 商品房满两年 视野没遮挡,460万,37426元/平,顶层 (共6层) | 2005年 | 3室1厅 | 122.91平米 | 南 北,https://ke-image.ljcdn.com/110000-inspection/pc1_PAa7UlWTs.jpg!m_fill,w_280,h_210,f_jpg?from=ke.com
20231229,昌平,回龙观,101122271612,首开国风美唐二期满五唯一 小区中间 业主诚心出售,508万,66650元/平,中楼层 (共18层) | 2014年 | 2室1厅 | 76.22平米 | 南 北,https://ke-image.ljcdn.com/110000-inspection/a0a30631-2dd7-49d8-86d6-30d004c8ba5a_1000.jpg!m_fill,w_280,h_210,f_jpg?from=ke.com
20231229,昌平,回龙观,101122268502,精装修独立下水拎包入住商品房满五年唯一,380万,53917元/平,底层 (共6层) | 1994年 | 2室1厅 | 70.48平米 | 南 北,https://ke-image.ljcdn.com/110000-inspection/pc1_AyukuclmW.jpg!m_fill,w_280,h_210,f_jpg?from=ke.com
20231229,昌平,回龙观,101122264680,商五唯一  近地铁 小区中间位置 诚心出售房主自荐,460万,49135元/平,底层 (共7层) | 2000年 | 2室2厅 | 93.62平米 | 南 北,https://ke-image.ljcdn.com/110000-inspection/pc1_tg6j5KR1r.jpg!m_fill,w_280,h_210,f_jpg?from=ke.com
20231229,昌平,回龙观,101122263843,龙跃苑东二区 客厅落地窗 户型方正大三居,528万,42349元/平,高楼层 (共6层) | 2007年 | 3室1厅 | 124.68平米 | 南 北,https://ke-image.ljcdn.com/110000-inspection/e6b48887-1bc8-4d96-a8ec-7cd91a834f7b_1000.jpg!m_fill,w_280,h_210,f_jpg?from=ke.com
20231229,昌平,回龙观,101122259067,龙旗广场中高楼层一居满五唯一没有遮挡,380万,62367元/平,高楼层 (共28层) | 2010年 | 2室1厅 | 60.93平米 | 南 西,https://ke-image.ljcdn.com/110000-inspection/8c4a0472-fff1-4c23-9c7b-e9c186f1a038_1000.jpg!m_fill,w_280,h_210,f_jpg?from=ke.com
20231229,昌平,回龙观,101122256066,落地窗 商五唯一 纯商品房 南北通透经典复式户型,480万,37778元/平,高楼层 (共7层) | 2006年 | 4室2厅 | 127.06平米 | 南 北,https://ke-image.ljcdn.com/110000-inspection/4f37f6f9-5817-45c0-82a5-e06e54a279a0_1000.jpg!m_fill,w_280,h_210,f_jpg?from=ke.com
20231229,昌平,回龙观,101122253037,流星花园三区 4室1厅 南 北,690万,71704元/平,底层 (共11层) | 2006年 | 4室1厅 | 96.23平米 | 南 北,https://ke-image.ljcdn.com/110000-inspection/pc1_cx8XXPiM8.jpg!m_fill,w_280,h_210,f_jpg?from=ke.com
20231229,昌平,回龙观,101122252046,商品房满五年唯一  南北通透一居室  户型方正,312万,50527元/平,顶层 (共5层) | 2000年 | 1室1厅 | 61.75平米 | 南 北,https://ke-image.ljcdn.com/110000-inspection/b11cb2f6-b91e-4862-afd3-dc2d149aded9_1000.jpg!m_fill,w_280,h_210,f_jpg?from=ke.com
20231229,昌平,回龙观,101122242743,龙旗广场 精装两居 带电梯 东南向 满五唯一房主自荐,426万,53451元/平,低楼层 (共28层) 2室1厅 | 79.7平米 | 东南,https://ke-image.ljcdn.com/110000-inspection/pc1_zBXZkL3SI.jpg!m_fill,w_280,h_210,f_jpg?from=ke.com
20231229,昌平,回龙观,101122230732,小区中间位置南北大四居精装修直接住很合适,1050万,74137元/平,低楼层 (共9层) | 2015年 | 4室2厅 | 141.63平米 | 南 北,https://ke-image.ljcdn.com/110000-inspection/82b5bde7-1598-4715-8295-9567e70b2ad9_1000.jpg!m_fill,w_280,h_210,f_jpg?from=ke.com
20231229,昌平,回龙观,101122223598,商品房满五唯一南北通透明厨明卫随时签约,529万,61959元/平,低楼层 (共34层) | 2016年 | 2室1厅 | 85.38平米 | 南 北,https://ke-image.ljcdn.com/110000-inspection/pc1_gghhzuUgG_1.jpg!m_fill,w_280,h_210,f_jpg?from=ke.com
20231229,昌平,回龙观,101122216291,首开国风美唐一期 户型很少出 7层 满五年唯一商品房,980万,78690元/平,中楼层 (共11层) | 2012年 | 3室1厅 | 124.54平米 | 南 北,https://ke-image.ljcdn.com/110000-inspection/66140a2b-6b21-438e-848e-61c25fffbd7a_1000.jpg!m_fill,w_280,h_210,f_jpg?from=ke.com
20231229,昌平,回龙观,101122194965,矩阵二期商品房满五年唯一小区中间,499万,42411元/平,底层 (共11层) | 2005年 | 2室1厅 | 117.66平米 | 南 北,https://ke-image.ljcdn.com/110000-inspection/1f822227-1c61-49f9-a5d5-4708c0534fb8_1000.jpg!m_fill,w_280,h_210,f_jpg?from=ke.com
20231229,昌平,回龙观,101122176491,公园悦府 南北两居 商满五唯一 中高层 精装,608万,65041元/平,中楼层 (共22层) | 2015年 | 2室2厅 | 93.48平米 | 南 北,https://ke-image.ljcdn.com/110000-inspection/pc1_88V1RFIPJ.jpg!m_fill,w_280,h_210,f_jpg?from=ke.com
20231229,昌平,回龙观,101122146792,龙跃苑一区 满五唯一 采光视野好 诚意出售,399万,40653元/平,顶层 (共6层) | 2003年 | 2室1厅 | 98.15平米 | 南 北,https://ke-image.ljcdn.com/110000-inspection/0d6b4304-15a5-4aa7-917d-6908be32f434_1000.jpg!m_fill,w_280,h_210,f_jpg?from=ke.com
20231229,昌平,回龙观,101122140640,龙泽苑西区 2室1厅 南 北,495万,63348元/平,底层 (共6层) | 2000年 | 2室1厅 | 78.14平米 | 南 北,https://ke-image.ljcdn.com/110000-inspection/pc1_9Jn43uUIZ.jpg!m_fill,w_280,h_210,f_jpg?from=ke.com
20231229,昌平,回龙观,101122134644,北店嘉园 2室2厅 南 西 北,495万,53946元/平,中楼层 (共6层) 2室2厅 | 91.76平米 | 南 西 北,https://ke-image.ljcdn.com/110000-inspection/0f15799f-48dc-4b68-9cf0-9d8ed1fd25c1_1000.jpg!m_fill,w_280,h_210,f_jpg?from=ke.com
20231229,昌平,回龙观,101122124932,南北通透 三面采光落地窗 商品房满五年唯一 急售,515万,48467元/平,高楼层 (共6层) | 2007年 | 2室1厅 | 106.26平米 | 南 西 北,https://ke-image.ljcdn.com/110000-inspection/e2601ab8-3e7e-4249-ab78-b8b4d27314b7_1000.jpg!m_fill,w_280,h_210,f_jpg?from=ke.com
20231229,昌平,回龙观,101122090829,双卧朝南且客厅朝南带电梯纯商品房集中供暖,850万,52473元/平,中楼层 (共12层) 3室1厅 | 161.99平米 | 南 北,https://ke-image.ljcdn.com/110000-inspection/e1c15271-ba9e-4c57-8f29-003b0e0a9054_1000.jpg!m_fill,w_280,h_210,f_jpg?from=ke.com
20231229,昌平,回龙观,101122087862,龙博苑二区 2室1厅 南 北,460万,49240元/平,顶层 (共6层) | 2004年 | 2室1厅 | 93.42平米 | 南 北,https://ke-image.ljcdn.com/110000-inspection/pc1_Fq2cbjtoz.jpg!m_fill,w_280,h_210,f_jpg?from=ke.com
20231229,昌平,回龙观,101122076676,此房满五年唯一 全南朝向 正对楼下花园 采光效果好,550万,60848元/平,高楼层 (共28层) | 2012年 | 2室1厅 | 90.39平米 | 南,https://ke-image.ljcdn.com/110000-inspection/pc1_p13VLGEYB.jpg!m_fill,w_280,h_210,f_jpg?from=ke.com
20231229,昌平,回龙观,101122076492,领秀慧谷A区 小区中间位置一居室 18年的新装修,420万,66163元/平,中楼层 (共11层) | 2011年 | 1室1厅 | 63.48平米 | 南,https://ke-image.ljcdn.com/110000-inspection/pc1_SxsmLyHV5_1.jpg!m_fill,w_280,h_210,f_jpg?from=ke.com
20231229,昌平,回龙观,101122069114,龙跃苑二区 精装修两居 看房提前联系,499万,50384元/平,高楼层 (共6层) | 2003年 | 2室1厅 | 99.04平米 | 南 北,https://ke-image.ljcdn.com/110000-inspection/84dbfb9a-7425-40b8-b669-f4d3fee8f6da_1000.jpg!m_fill,w_280,h_210,f_jpg?from=ke.com
20231229,昌平,回龙观,101122045642,华远静林湾 4室2厅 南 北,1650万,59881元/平,底层 (共3层) 4室2厅 | 275.55平米 | 南 北,https://ke-image.ljcdn.com/110000-inspection/38d484f9-4639-4de9-bf58-40f7f7210b87_1000.jpg!m_fill,w_280,h_210,f_jpg?from=ke.com
20231229,昌平,回龙观,101122042326,万润家园西南二居室小区中间位置满五年唯一,509万,54962元/平,中楼层 (共10层) 2室1厅 | 92.61平米 | 西南,https://ke-image.ljcdn.com/110000-inspection/pc1_TzXEue4VB.jpg!m_fill,w_280,h_210,f_jpg?from=ke.com
20231229,昌平,回龙观,101122040255,商品房满五年唯一一层格局方正主卧客厅朝南,640万,52654元/平,底层 (共6层) | 2003年 | 3室1厅 | 121.55平米 | 南 北,https://ke-image.ljcdn.com/110000-inspection/144ba0ce-913d-4581-91a7-79acdd93b344_1000.jpg!m_fill,w_280,h_210,f_jpg?from=ke.com
20231229,昌平,回龙观,101122035676,小区中间3层3居2卫商五一业主急售,452万,37933元/平,中楼层 (共6层) | 2006年 | 3室1厅 | 119.16平米 | 南 北,https://ke-image.ljcdn.com/110000-inspection/pc1_S8g5MsOIC_1.jpg!m_fill,w_280,h_210,f_jpg?from=ke.com
20231229,昌平,回龙观,101122032678,商品房 满五唯一 只有契税两居,465万,53271元/平,底层 (共28层) 2室1厅 | 87.29平米 | 南,https://ke-image.ljcdn.com/110000-inspection/pc1_UV3LXKQkx.jpg!m_fill,w_280,h_210,f_jpg?from=ke.com
20231229,昌平,回龙观,101122029237,流星花园三区电梯精装2居室咱们看看吧老业主诚意卖,339万,71264元/平,底层 (共11层) | 2006年 | 2室1厅 | 47.57平米 | 北,https://ke-image.ljcdn.com/110000-inspection/pc1_GRVBV2SIn.jpg!m_fill,w_280,h_210,f_jpg?from=ke.com
20231229,昌平,回龙观,101122019846,新龙城+小区中间位置+高楼层+全明格局,530万,56480元/平,高楼层 (共8层) 2室1厅 | 93.84平米 | 东 西,https://ke-image.ljcdn.com/110000-inspection/pc1_CicSMdldQ.jpg!m_fill,w_280,h_210,f_jpg?from=ke.com
20231229,昌平,回龙观,101122019458,东西通透 高楼层 视野和采光好,425万,56652元/平,顶层 (共10层) | 2007年 | 1室1厅 | 75.02平米 | 东 西,https://ke-image.ljcdn.com/110000-inspection/pc1_CUSwhXLu3.jpg!m_fill,w_280,h_210,f_jpg?from=ke.com
20231229,昌平,回龙观,101122012009,天空之城新龙泽一层满五唯一中间位置靠谱签约,530万,53390元/平,底层 (共6层) | 2000年 | 3室2厅 | 99.27平米 | 南 北,https://ke-image.ljcdn.com/110000-inspection/pc1_ukAGhK9dv_1.jpg!m_fill,w_280,h_210,f_jpg?from=ke.com
20231229,昌平,回龙观,101122011921,龙邸 4室2厅 南 北,1450万,49193元/平,底层 (共5层) | 2007年 | 4室2厅 | 294.76平米 | 南 北,https://ke-image.ljcdn.com/110000-inspection/0cf6a58f-13a2-4d16-be66-b74420acc608_1000.jpg!m_fill,w_280,h_210,f_jpg?from=ke.com
20231229,昌平,回龙观,101122011496,龙回苑 距离地铁约358米 商满五唯一 中间4层 落地窗,529万,45486元/平,中楼层 (共7层) | 2004年 | 3室1厅 | 116.3平米 | 南 北,https://ke-image.ljcdn.com/110000-inspection/pc1_4RwDjQ6oN.jpg!m_fill,w_280,h_210,f_jpg?from=ke.com
20231229,昌平,回龙观,101122011492,龙回苑中间楼层商品房满五唯一首套契税1.5%,510万,44084元/平,中楼层 (共7层) | 2004年 | 3室1厅 | 115.69平米 | 南 北,https://ke-image.ljcdn.com/110000-inspection/a0f51bae-fb57-4a61-bbda-f8616dd55662_1000.jpg!m_fill,w_280,h_210,f_jpg?from=ke.com
20231229,昌平,回龙观,101122006241,8层三居室满五唯一不临街采光好诚意卖房主自荐,569万,51747元/平,中楼层 (共11层) | 2006年 | 3室1厅 | 109.96平米 | 南 北,https://ke-image.ljcdn.com/110000-inspection/pc1_IODaLJYT9.jpg!m_fill,w_280,h_210,f_jpg?from=ke.com
20231229,昌平,回龙观,101122005994,龙泽苑东区  钢混商品房 6+7复式 不临街 不把边,550万,34723元/平,高楼层 (共7层) | 2005年 | 5室1厅 | 158.4平米 | 南 北,https://ke-image.ljcdn.com/110000-inspection/pc1_IUPRSMvik.jpg!m_fill,w_280,h_210,f_jpg?from=ke.com
20231229,昌平,回龙观,101122005663,龙泽苑东区钢混商品房 6+7复式 不临街 不把边,550万,34481元/平,高楼层 (共7层) | 2005年 | 4室2厅 | 159.51平米 | 南 北,https://ke-image.ljcdn.com/110000-inspection/pc1_TuHtGSFpl.jpg!m_fill,w_280,h_210,f_jpg?from=ke.com
20231229,昌平,回龙观,101122003399,中间楼层 商品房满五唯一 只有契税 自采暖小区,520万,52605元/平,中楼层 (共6层) | 2006年 | 2室1厅 | 98.85平米 | 南 北,https://ke-image.ljcdn.com/110000-inspection/a112738f-c184-4a35-8882-fab14ed376ba_1000.jpg!m_fill,w_280,h_210,f_jpg?from=ke.com
20231229,昌平,回龙观,101122001329,龙城花园N区 南北通透 集中供暖 中间楼层,590万,54666元/平,中楼层 (共4层) | 1998年 | 2室1厅 | 107.93平米 | 南 北,https://ke-image.ljcdn.com/110000-inspection/pc1_T7riXqOt2.jpg!m_fill,w_280,h_210,f_jpg?from=ke.com
20231229,昌平,回龙观,101121996086,龙邸 精装4居可拎包入住一梯一户带电梯诚心出售！,1166万,64449元/平,中楼层 (共6层) | 2007年 | 4室2厅 | 180.92平米 | 南 北,https://ke-image.ljcdn.com/110000-inspection/pc1_HCWxkeAeC.jpg!m_fill,w_280,h_210,f_jpg?from=ke.com
20231229,昌平,回龙观,101121977734,新上：商品房南北2居+临地铁+落地双阳台+自住装修,433万,46276元/平,顶层 (共6层) | 2006年 | 2室1厅 | 93.57平米 | 南 北,https://ke-image.ljcdn.com/110000-inspection/ec255cde-2a08-411a-a421-0f861e1c9ea9_1000.jpg!m_fill,w_280,h_210,f_jpg?from=ke.com
20231229,昌平,回龙观,101121973379,北京人家 2室2厅 南 北,428万,52413元/平,顶层 (共6层) | 2002年 | 2室2厅 | 81.66平米 | 南 北,https://ke-image.ljcdn.com/110000-inspection/a2a86eee-0c23-4db6-9cdc-bb857e3cdb72_1000.jpg!m_fill,w_280,h_210,f_jpg?from=ke.com
20231229,昌平,回龙观,101121966107,龙城花园北二区四层两居室满五年唯一诚心出售,335万,51036元/平,顶层 (共4层) 2室1厅 | 65.64平米 | 南 北,https://ke-image.ljcdn.com/110000-inspection/pc1_qEeOYkUUz.jpg!m_fill,w_280,h_210,f_jpg?from=ke.com
20231229,昌平,回龙观,101121958276,万润家园 小区中间高层带电梯 商品房满五唯一双卧朝南,650万,54820元/平,高楼层 (共10层) | 2003年 | 3室1厅 | 118.57平米 | 西南,https://ke-image.ljcdn.com/110000-inspection/pc1_u0kjSeBha.jpg!m_fill,w_280,h_210,f_jpg?from=ke.com
20231229,昌平,回龙观,101121952182,通达园两居室户型方正格局合理可拎包入住,485万,55889元/平,低楼层 (共7层) 2室1厅 | 86.78平米 | 东 西,https://ke-image.ljcdn.com/110000-inspection/6f5c0c09-3e59-4939-a365-ba6c320629d1_1000.jpg!m_fill,w_280,h_210,f_jpg?from=ke.com
20231229,昌平,回龙观,101121930357,业主签约随时价格可谈有电梯,929万,66835元/平,低楼层 (共13层) | 2016年 | 3室2厅 | 139平米 | 南 北,https://ke-image.ljcdn.com/110000-inspection/5ff3039c-dfdc-4138-9278-0fb4bea1c0c5_1000.jpg!m_fill,w_280,h_210,f_jpg?from=ke.com
20231229,昌平,回龙观,101121922920,龙跃苑二区  低楼层三居 商品房,510万,41034元/平,低楼层 (共6层) | 2003年 | 3室1厅 | 124.29平米 | 南 北,https://ke-image.ljcdn.com/110000-inspection/1e0a4b91-94a3-422d-b98a-ba3ee4f42a32_1000.jpg!m_fill,w_280,h_210,f_jpg?from=ke.com
20231229,昌平,回龙观,101121922532,首开国风美唐三期近地铁电梯三居采光良好,780万,79156元/平,高楼层 (共18层) 3室1厅 | 98.54平米 | 南 北 东,https://ke-image.ljcdn.com/110000-inspection/b46ef20a-8d40-47e9-ad18-5d65680935b3_1000.jpg!m_fill,w_280,h_210,f_jpg?from=ke.com
20231229,昌平,回龙观,101121916210,此房满五唯一 南向采光好 视野好 随时签,530万,60146元/平,低楼层 (共31层) 2室1厅 | 88.12平米 | 南,https://ke-image.ljcdn.com/110000-inspection/97f1d664-b944-44ec-a6e5-b4625affadd5_1000.jpg!m_fill,w_280,h_210,f_jpg?from=ke.com
20231229,昌平,回龙观,101121913361,流星花园三区金地物业本房精装修中高层采光好,539万,52540元/平,中楼层 (共11层) | 2006年 | 2室1厅 | 102.59平米 | 南 北,https://ke-image.ljcdn.com/110000-inspection/pc1_XcPrHyQge_1.jpg!m_fill,w_280,h_210,f_jpg?from=ke.com
20231229,昌平,回龙观,101121910992,不临街不把边 有路台改样光房了 商品房满五唯一住宅,519万,37210元/平,高楼层 (共6层) 4室1厅 | 139.48平米 | 南 北,https://ke-image.ljcdn.com/110000-inspection/b5129e7e-9e6b-401e-9bcc-13a41972815e_1000.jpg!m_fill,w_280,h_210,f_jpg?from=ke.com
20231229,昌平,回龙观,101121904413,龙跃苑东五区 满五年唯一 到13号线8号线霍营站210米,550万,44280元/平,中楼层 (共5层) 3室1厅 | 124.21平米 | 南 北,https://ke-image.ljcdn.com/110000-inspection/e4827dd1-a8a8-40ee-b39f-faba20dc4b9f_1000.jpg!m_fill,w_280,h_210,f_jpg?from=ke.com
20231229,昌平,回龙观,101121904353,北店嘉园仅契税钢混结构上下跃层让生活更舒适！,475万,36908元/平,顶层 (共6层) | 2003年 | 4室2厅 | 128.7平米 | 南 北,https://ke-image.ljcdn.com/110000-inspection/pc1_7VWB1dYAR.jpg!m_fill,w_280,h_210,f_jpg?from=ke.com
20231229,昌平,回龙观,101121899191,冠庭园 满五年唯一 钢混 业主自住,339万,57119元/平,高楼层 (共7层) | 2006年 | 1室1厅 | 59.35平米 | 南,https://ke-image.ljcdn.com/110000-inspection/1b85c94b-8fdf-4b61-a2c5-750064f5f8a6_1000.jpg!m_fill,w_280,h_210,f_jpg?from=ke.com
20231229,昌平,回龙观,101121897379,龙华园中间位置不临街全明格局视野开阔只有契税,300万,50557元/平,高楼层 (共6层) | 1994年 | 1室1厅 | 59.34平米 | 东 南 北,https://ke-image.ljcdn.com/110000-inspection/pc1_9dhncZFNg.jpg!m_fill,w_280,h_210,f_jpg?from=ke.com
20231229,昌平,回龙观,101121895333,满五唯一户型方正南北通透视野开阔,615万,58477元/平,低楼层 (共34层) | 2015年 | 3室1厅 | 105.17平米 | 南 西 北,https://ke-image.ljcdn.com/110000-inspection/pc1_wxWCTMFiH.jpg!m_fill,w_280,h_210,f_jpg?from=ke.com
20231229,昌平,回龙观,101121889694,流星花园三区 3室1厅 南 北,699万,51258元/平,中楼层 (共6层) | 2004年 | 3室1厅 | 136.37平米 | 南 北,https://ke-image.ljcdn.com/110000-inspection/pc1_mAkkLQ12Y_1.jpg!m_fill,w_280,h_210,f_jpg?from=ke.com
20231229,昌平,回龙观,101121884913,龙回苑小区中间位置高挑空小复式。,430万,43558元/平,顶层 (共6层) | 2004年 | 2室1厅 | 98.72平米 | 南 北,https://ke-image.ljcdn.com/110000-inspection/5558808a-8ff3-47c1-bc13-44ed10915144_1000.jpg!m_fill,w_280,h_210,f_jpg?from=ke.com
20231229,昌平,回龙观,101121874124,3层的两居看房很方便业主诚心出售商五唯一价格,480万,51228元/平,中楼层 (共6层) | 2006年 | 2室1厅 | 93.7平米 | 南 北,https://ke-image.ljcdn.com/110000-inspection/cdcf3b3a-c3a1-40a4-9c99-be6ad70b2daa_1000.jpg!m_fill,w_280,h_210,f_jpg?from=ke.com
20231229,昌平,回龙观,101121873933,京投发展公园悦府二区 60万精装修基本没住 高楼层,898万,78586元/平,中楼层 (共27层) 3室1厅 | 114.27平米 | 南 北,https://ke-image.ljcdn.com/110000-inspection/6dc5e60b-b200-4c75-bc7b-c2b7d85a1367_1000.jpg!m_fill,w_280,h_210,f_jpg?from=ke.com
20231229,昌平,回龙观,101121871100,龙腾苑六区 2室1厅 东 南 北,496万,46059元/平,中楼层 (共6层) | 2002年 | 2室1厅 | 107.69平米 | 东 南 北,https://ke-image.ljcdn.com/110000-inspection/pc1_hXy0GYTCb.jpg!m_fill,w_280,h_210,f_jpg?from=ke.com
20231229,昌平,回龙观,101121868957,积水潭医院骊龙园明厨明卫三居首付260万可贷款30年,698万,53520元/平,中楼层 (共6层) | 2005年 | 3室1厅 | 130.42平米 | 南 北,https://ke-image.ljcdn.com/110000-inspection/pc1_FwbxMogcZ_1.jpg!m_fill,w_280,h_210,f_jpg?from=ke.com
20231229,昌平,回龙观,101121868882,首开国风美唐二期 东西通透 满五唯一 靠谱签约,525万,64229元/平,顶层 (共21层) | 2015年 | 2室1厅 | 81.74平米 | 东 西,https://ke-image.ljcdn.com/110000-inspection/a03d2860-cfac-45e6-9548-88bafe9aa19d_1000.jpg!m_fill,w_280,h_210,f_jpg?from=ke.com
20231229,昌平,回龙观,101121857163,吉晟别墅三期中间位置东户把边全明格局 商满五唯一,1720万,68428元/平,底层 (共3层) 5室1厅 | 251.36平米 | 东南 北,https://ke-image.ljcdn.com/110000-inspection/pc1_BicOlABsi.jpg!m_fill,w_280,h_210,f_jpg?from=ke.com
20231229,昌平,回龙观,101121853787,此房满五唯一业主诚心出售采光充足,570万,98942元/平,顶层 (共9层) 3室1厅 | 57.61平米 | 南,https://ke-image.ljcdn.com/110000-inspection/9f3955e2-68ed-4611-8ffa-6a5015435dba_1000.jpg!m_fill,w_280,h_210,f_jpg?from=ke.com
20231229,昌平,回龙观,101121852213,龙兴园北区天空之城商品房小区靠谱出售,513万,51897元/平,底层 (共6层) 3室2厅 | 98.85平米 | 南 北,https://ke-image.ljcdn.com/110000-inspection/pc1_TOqgtUAg6.jpg!m_fill,w_280,h_210,f_jpg?from=ke.com
20231229,昌平,回龙观,101121844244,融泽嘉园中路6号院中楼层精装修,520万,59936元/平,中楼层 (共27层) | 2013年 | 2室1厅 | 86.76平米 | 南,https://ke-image.ljcdn.com/110000-inspection/pc1_sDEQzfrfV.jpg!m_fill,w_280,h_210,f_jpg?from=ke.com
20231229,昌平,回龙观,101121841699,融泽嘉园中路1号院 1室1厅 南,390万,61778元/平,高楼层 (共33层) | 2013年 | 1室1厅 | 63.13平米 | 南,https://ke-image.ljcdn.com/110000-inspection/pc1_igjjm8eIW_1.jpg!m_fill,w_280,h_210,f_jpg?from=ke.com
20231229,昌平,回龙观,101121836769,龙跃苑三区 4室2厅 南 北,520万,34397元/平,高楼层 (共6层) | 2005年 | 4室2厅 | 151.18平米 | 南 北,https://ke-image.ljcdn.com/110000-inspection/pc1_SpJHiXzPK.jpg!m_fill,w_280,h_210,f_jpg?from=ke.com
20231229,昌平,回龙观,101121826391,和谐家园二区 3室1厅 南 北,495万,39572元/平,顶层 (共6层) | 2006年 | 3室1厅 | 125.09平米 | 南 北,https://ke-image.ljcdn.com/110000-inspection/b0a84966-0542-4dd9-93d4-3ea54be68cb4_1000.jpg!m_fill,w_280,h_210,f_jpg?from=ke.com
20231229,昌平,回龙观,101121825241,龙腾苑六区南北通透商品房满五年且唯一房主自荐,579万,49488元/平,低楼层 (共6层) | 2002年 | 3室1厅 | 117平米 | 南 北,https://ke-image.ljcdn.com/110000-inspection/pc1_PbSCZ1h6G.jpg!m_fill,w_280,h_210,f_jpg?from=ke.com
20231229,昌平,回龙观,101121813931,回龙观西大街 三居两卫 南北通透 双明卫 居住舒适,422万,33211元/平,顶层 (共6层) | 2008年 | 3室1厅 | 127.07平米 | 南 北,https://ke-image.ljcdn.com/110000-inspection/pc1_qSWkTg6Jq.jpg!m_fill,w_280,h_210,f_jpg?from=ke.com
20231229,昌平,回龙观,101121807778,复式商品房精装修业主诚售,638万,33915元/平,高楼层 (共6层) | 2003年 | 5室2厅 | 188.12平米 | 南 北,https://ke-image.ljcdn.com/110000-inspection/7e0fdfe4-09c5-4208-9f1b-5233af1de9cf_1000.jpg!m_fill,w_280,h_210,f_jpg?from=ke.com
20231229,昌平,回龙观,101121789217,天空之城北京人家靠南满五唯一,425万,44597元/平,顶层 (共6层) | 2002年 | 3室1厅 | 95.3平米 | 南 北,https://ke-image.ljcdn.com/110000-inspection/fc1a8e5d-cab2-4c10-9b06-3256474faa9b_1000.jpg!m_fill,w_280,h_210,f_jpg?from=ke.com
20231229,昌平,回龙观,101121788238,南北通透双卧朝南小区中间位置,385万,55460元/平,高楼层 (共6层) | 2000年 | 2室1厅 | 69.42平米 | 南 北,https://ke-image.ljcdn.com/110000-inspection/6825376c-cca9-4f35-bd80-794de40a9a3a_1000.jpg!m_fill,w_280,h_210,f_jpg?from=ke.com
20231229,昌平,回龙观,101121772037,万润四居下跃满五年唯一看房方便,512万,33832元/平,底层 (共10层) | 2003年 | 4室2厅 | 151.34平米 | 南 北,https://ke-image.ljcdn.com/110000-inspection/pc1_pWcn8VbCy.jpg!m_fill,w_280,h_210,f_jpg?from=ke.com
20231229,昌平,回龙观,101121767299,融泽嘉园中路1号院  中间层  无连廊,600万,64420元/平,中楼层 (共28层) 2室1厅 | 93.14平米 | 南 北,https://ke-image.ljcdn.com/110000-inspection/pc1_Q3xirLeSM.jpg!m_fill,w_280,h_210,f_jpg?from=ke.com
20231229,昌平,回龙观,101121744937,商品房 中间位置  随时看房  随时签约 诚意出售,690万,49723元/平,底层 (共6层) 3室2厅 | 138.77平米 | 南 北,https://ke-image.ljcdn.com/110000-inspection/a329a7dc-7fbb-4e4f-8014-ab0a5b0bea7c_1000.jpg!m_fill,w_280,h_210,f_jpg?from=ke.com
20231229,昌平,回龙观,101121742285,龙跃苑四区 3室1厅 南 北,575万,45120元/平,高楼层 (共6层) | 2005年 | 3室1厅 | 127.44平米 | 南 北,https://ke-image.ljcdn.com/110000-inspection/c212b771-f8ad-47cb-a06f-05a4519ad7da_1000.jpg!m_fill,w_280,h_210,f_jpg?from=ke.com
20231229,昌平,回龙观,101121736690,佰嘉城商品房满五年唯一两居精装修,380万,45911元/平,中楼层 (共6层) | 2008年 | 2室1厅 | 82.77平米 | 东 西,https://ke-image.ljcdn.com/110000-inspection/pc1_P86eoxUHD.jpg!m_fill,w_280,h_210,f_jpg?from=ke.com
20231229,昌平,回龙观,101121725959,商品房满五年唯一中间位置全明格局自住精装！,630万,51220元/平,低楼层 (共6层) | 2006年 | 3室1厅 | 123平米 | 南 北,https://ke-image.ljcdn.com/110000-inspection/69661449-4942-4bb3-919f-74655e2a03b8_1000.jpg!m_fill,w_280,h_210,f_jpg?from=ke.com
20231229,昌平,回龙观,101121720208,龙泽苑西区+首套首付272万+中美合资示范区+南北通透房主自荐,730万,49408元/平,底层 (共22层) | 2002年 | 4室1厅 | 147.75平米 | 南 北,https://ke-image.ljcdn.com/110000-inspection/pc1_h9kVhAg7l.jpg!m_fill,w_280,h_210,f_jpg?from=ke.com
20231229,昌平,回龙观,101121717189,满五唯一全南户型商品房别墅洋房,320万,69280元/平,顶层 (共4层) | 2004年 | 1室1厅 | 46.19平米 | 南,https://ke-image.ljcdn.com/110000-inspection/pc1_BL6BmlyjV_1.jpg!m_fill,w_280,h_210,f_jpg?from=ke.com
20231229,昌平,回龙观,101121704874,天巢园电梯三居高楼层精装修安静位置好,535万,59518元/平,高楼层 (共22层) 3室1厅 | 89.89平米 | 南 北,https://ke-image.ljcdn.com/110000-inspection/pc1_LpooohIx6_1.jpg!m_fill,w_280,h_210,f_jpg?from=ke.com
20231229,昌平,回龙观,101121682998,商品房满五年唯一  中间位置  急售 精装,459万,38244元/平,顶层 (共6层) | 2005年 | 3室1厅 | 120.02平米 | 南 北,https://ke-image.ljcdn.com/110000-inspection/4d10e86c-3b89-4f27-b5f2-31c6de580ffe_1000.jpg!m_fill,w_280,h_210,f_jpg?from=ke.com
20231229,昌平,回龙观,101121678958,北店嘉园南北向顶层5+6复式中间位置 满五唯一,538万,43546元/平,顶层 (共5层) | 2003年 | 4室2厅 | 123.55平米 | 南 北,https://ke-image.ljcdn.com/110000-inspection/34f1dfbd-acdd-4890-a3a9-96c7d87c1f8a_1000.jpg!m_fill,w_280,h_210,f_jpg?from=ke.com
20231229,昌平,回龙观,101121677432,满五年唯一商品房   靠谱出售   随时签约,386万,61583元/平,低楼层 (共34层) | 2014年 | 1室1厅 | 62.68平米 | 南,https://ke-image.ljcdn.com/110000-inspection/pc1_2gn4NALpZ.jpg!m_fill,w_280,h_210,f_jpg?from=ke.com
20231229,昌平,回龙观,101121672626,龙泽西区复式户型+近地铁+随时看房+靠谱出售,439万,39461元/平,高楼层 (共7层) 3室1厅 | 111.25平米 | 南 北,https://ke-image.ljcdn.com/110000-inspection/pc1_ICq7uJ34y.jpg!m_fill,w_280,h_210,f_jpg?from=ke.com
20231229,昌平,回龙观,101121662167,商五一、自住、70米楼间距、小区中间 一层,630万,42969元/平,底层 (共6层) | 2005年 | 3室1厅 | 146.62平米 | 南 北,https://ke-image.ljcdn.com/110000-inspection/6b1fee64-d5d8-477d-8d9d-6574cf8b8219_1000.jpg!m_fill,w_280,h_210,f_jpg?from=ke.com
20231229,昌平,回龙观,101121660982,诚心出售点击咨询 流星花园正中间位置联排别墅 有钥匙,1500万,51536元/平,底层 (共3层) 4室0厅 | 291.06平米 | 南 北,https://ke-image.ljcdn.com/110000-inspection/1bc95fd7-8125-4a90-a30b-c0806217dbb0_1000.jpg!m_fill,w_280,h_210,f_jpg?from=ke.com
20231229,昌平,回龙观,101121659414,双通透户型随时签约户型方正诚意出售哦,550万,39815元/平,顶层 (共6层) | 2005年 | 3室1厅 | 138.14平米 | 南 北,https://ke-image.ljcdn.com/110000-inspection/8b121969-1a87-4947-aa36-86af974ad04f_1000.jpg!m_fill,w_280,h_210,f_jpg?from=ke.com
20231229,昌平,回龙观,101121657145,北京人家 3室1厅 南 北,530万,47607元/平,中楼层 (共10层) | 2005年 | 3室1厅 | 111.33平米 | 南 北,https://ke-image.ljcdn.com/110000-inspection/b65fbf95-0d21-449c-9387-6eb48e69684d_1000.jpg!m_fill,w_280,h_210,f_jpg?from=ke.com
20231229,昌平,回龙观,101121643296,一层出行方便房子位于小区中间位置,448万,51294元/平,底层 (共7层) | 2000年 | 2室1厅 | 87.34平米 | 南 北,https://ke-image.ljcdn.com/110000-inspection/8546f33d-c394-4ce6-b4c9-cdc8fd4a16c1_1000.jpg!m_fill,w_280,h_210,f_jpg?from=ke.com
20231229,昌平,回龙观,101121641982,采光棒棒哒 商品房满五唯一住宅 精装修 不临街,438万,42360元/平,顶层 (共6层) | 2005年 | 2室1厅 | 103.4平米 | 南 北,https://ke-image.ljcdn.com/110000-inspection/pc1_IvpPmhjqv.jpg!m_fill,w_280,h_210,f_jpg?from=ke.com
20231229,昌平,回龙观,101121629478,万润家园 南北通透+双阳台+90%得房率+小区中间位置,478万,49122元/平,中楼层 (共7层) | 2003年 | 2室1厅 | 97.31平米 | 南 北,https://ke-image.ljcdn.com/110000-inspection/pc1_1MB6KI7tY.jpg!m_fill,w_280,h_210,f_jpg?from=ke.com
20231229,昌平,回龙观,101121624753,龙兴园小区中间楼层精装大三居诚意出售,690万,50406元/平,中楼层 (共7层) | 1999年 | 3室2厅 | 136.89平米 | 南 北,https://ke-image.ljcdn.com/110000-inspection/d9794946-39a7-4d22-8fff-a49bce33bad6_1000.jpg!m_fill,w_280,h_210,f_jpg?from=ke.com
20231229,昌平,回龙观,101121613169,经典复式格局 商品房  精装修 小区中间位置,818万,35801元/平,高楼层 (共6层) 6室2厅 | 228.49平米 | 南 北,https://ke-image.ljcdn.com/110000-inspection/113de3c8-8ead-42f1-a286-dcef40dc9c0b_1000.jpg!m_fill,w_280,h_210,f_jpg?from=ke.com
20231229,昌平,回龙观,101121609705,金域华府二期 明厨明卫精装修商品房 中间楼层中间位置,940万,80666元/平,中楼层 (共28层) | 2014年 | 3室2厅 | 116.53平米 | 南 北,https://ke-image.ljcdn.com/110000-inspection/3bfb4284-beaf-400f-9837-205f0a196891_1000.jpg!m_fill,w_280,h_210,f_jpg?from=ke.com
20231229,昌平,回龙观,101121603559,龙华园  上下层5居室无增值税购房成本仅契税！,520万,27553元/平,高楼层 (共7层) | 1996年 | 5室2厅 | 188.73平米 | 南 北,https://ke-image.ljcdn.com/110000-inspection/03d45d02-c4e4-4d37-8782-bdc6318fc67e_1000.jpg!m_fill,w_280,h_210,f_jpg?from=ke.com
20231229,昌平,回龙观,101121602077,北店嘉园 商满五唯一 中间楼层,519万,52119元/平,中楼层 (共6层) | 2003年 | 2室2厅 | 99.58平米 | 南 北,https://ke-image.ljcdn.com/110000-inspection/pc1_l3Hty0vxZ.jpg!m_fill,w_280,h_210,f_jpg?from=ke.com
20231229,昌平,回龙观,101121597871,商品房精装修全明格局靠谱出售,550万,61854元/平,低楼层 (共28层) | 2015年 | 2室1厅 | 88.92平米 | 南 北,https://ke-image.ljcdn.com/110000-inspection/232c1f90-a375-47f7-9fdd-adc78e3daa57_1000.jpg!m_fill,w_280,h_210,f_jpg?from=ke.com
20231229,昌平,回龙观,101121588937,万润家园 3室1厅 南 西北,560万,50243元/平,高楼层 (共12层) | 2003年 | 3室1厅 | 111.46平米 | 南 西北,https://ke-image.ljcdn.com/110000-inspection/pc1_naJmTTpri.jpg!m_fill,w_280,h_210,f_jpg?from=ke.com
20231229,昌平,回龙观,101121576246,新龙城 商满五唯一 近地铁 中高楼层,539万,50177元/平,中楼层 (共20层) | 2007年 | 2室1厅 | 107.42平米 | 南 北,https://ke-image.ljcdn.com/110000-inspection/pc1_Jy5Pm0ImX.jpg!m_fill,w_280,h_210,f_jpg?from=ke.com
20231229,昌平,回龙观,101121569655,钢混结构优质物业服务楼层采光好南北两居 中间位置,439万,56969元/平,中楼层 (共6层) | 2003年 | 2室1厅 | 77.06平米 | 南 北,https://ke-image.ljcdn.com/110000-inspection/b06e7a41-6033-4a20-8b6b-60bd0ffcb51c_1000.jpg!m_fill,w_280,h_210,f_jpg?from=ke.com
20231229,昌平,回龙观,101121569519,金域华府三期高楼层视野好。房主自荐,635万,73924元/平,顶层 (共26层) | 2015年 | 2室1厅 | 85.9平米 | 南,https://ke-image.ljcdn.com/110000-inspection/9363930c-75d7-48fa-8ee4-426413d8cb2d_1000.jpg!m_fill,w_280,h_210,f_jpg?from=ke.com
20231229,昌平,回龙观,101121565885,佰嘉城小区中间位置大三居商品房满五年只有契税,428万,35919元/平,高楼层 (共6层) | 2006年 | 3室1厅 | 119.16平米 | 南 北,https://ke-image.ljcdn.com/110000-inspection/0e9d5dbf-db03-4447-b40a-0c3a5d723970_1000.jpg!m_fill,w_280,h_210,f_jpg?from=ke.com
20231229,昌平,回龙观,101121564404,育知东路30号院首开智慧社满五唯一,568万,65993元/平,低楼层 (共17层) 2室1厅 | 86.07平米 | 南 北,https://ke-image.ljcdn.com/110000-inspection/pc1_m0dKP6NbL.jpg!m_fill,w_280,h_210,f_jpg?from=ke.com
20231229,昌平,回龙观,101121561762,满五年小区中间5+6复式看房方便,565万,35656元/平,高楼层 (共6层) | 2003年 | 3室2厅 | 158.46平米 | 南 北,https://ke-image.ljcdn.com/110000-inspection/pc1_YgzOFG6GY_1.jpg!m_fill,w_280,h_210,f_jpg?from=ke.com
20231229,昌平,回龙观,101121561708,和谐家园一区 2室1厅 南 北,439万,46673元/平,底层 (共6层) | 2006年 | 2室1厅 | 94.06平米 | 南 北,https://ke-image.ljcdn.com/110000-inspection/9019f982-a26e-4280-941a-5e19f8bd5833_1000.jpg!m_fill,w_280,h_210,f_jpg?from=ke.com
20231229,昌平,回龙观,101121561211,商品房中间楼层近地铁产权清晰随时可以签约,548万,45904元/平,低楼层 (共6层) | 2005年 | 3室1厅 | 119.38平米 | 南 北,https://ke-image.ljcdn.com/110000-inspection/d2b5443b-2a6e-453f-abfb-016c4cd80260_1000.jpg!m_fill,w_280,h_210,f_jpg?from=ke.com
20231229,昌平,回龙观,101121554910,龙博苑一区 1室1厅 南 北,549万,46712元/平,顶层 (共6层) | 2005年 | 1室1厅 | 117.53平米 | 南 北,https://ke-image.ljcdn.com/110000-inspection/pc1_pREr2RwqU.jpg!m_fill,w_280,h_210,f_jpg?from=ke.com
20231229,昌平,回龙观,101121554408,经满五年唯一可转商不临街随时签约,570万,47524元/平,底层 (共6层) 3室1厅 | 119.94平米 | 南 北,https://ke-image.ljcdn.com/110000-inspection/467e9f24-0028-4050-8468-fcca0a97b506_1000.jpg!m_fill,w_280,h_210,f_jpg?from=ke.com
20231229,昌平,回龙观,101121554372,近地铁近医院 三层不临街商品房满五唯一接受换房,460万,40088元/平,中楼层 (共7层) | 1999年 | 3室2厅 | 114.75平米 | 南 北,https://ke-image.ljcdn.com/110000-inspection/pc1_N7BOpWrVZ_1.jpg!m_fill,w_280,h_210,f_jpg?from=ke.com
20231229,昌平,回龙观,101121548312,房子精装修落地窗南向一居室采光视野好,445万,63220元/平,低楼层 (共20层) | 2006年 | 1室1厅 | 70.39平米 | 南,https://ke-image.ljcdn.com/110000-inspection/pc1_XH6mjmkAb_1.jpg!m_fill,w_280,h_210,f_jpg?from=ke.com
20231229,昌平,回龙观,101121547472,龙博苑三区单价低四居室近地铁商场房主自荐,550万,35270元/平,高楼层 (共7层) 4室2厅 | 155.94平米 | 南 北,https://ke-image.ljcdn.com/110000-inspection/pc1_8i7UuEpaW.jpg!m_fill,w_280,h_210,f_jpg?from=ke.com
20231229,昌平,回龙观,101121536411,龙跃苑东二区 2室1厅 南 北,465万,45863元/平,顶层 (共6层) | 2007年 | 2室1厅 | 101.39平米 | 南 北,https://ke-image.ljcdn.com/110000-inspection/c9ff00a8-776e-4058-bb1e-b38773bd1211_1000.jpg!m_fill,w_280,h_210,f_jpg?from=ke.com
20231229,昌平,回龙观,101121536377,龙跃苑东二区 2室1厅 南 北,509万,50247元/平,高楼层 (共6层) | 2007年 | 2室1厅 | 101.3平米 | 南 北,https://ke-image.ljcdn.com/110000-inspection/a8f1d94e-ea9b-4241-9892-3ba04720f696_1000.jpg!m_fill,w_280,h_210,f_jpg?from=ke.com
20231229,昌平,回龙观,101121533484,大三居高楼层南北通透视野宽阔采光充足,630万,55659元/平,中楼层 (共20层) 3室2厅 | 113.19平米 | 南 北,https://ke-image.ljcdn.com/110000-inspection/pc1_UEzW418Yr.jpg!m_fill,w_280,h_210,f_jpg?from=ke.com
20231229,昌平,回龙观,101121518283,精装修 拎包入住 南北通透 采光充足,505万,57768元/平,低楼层 (共7层) | 2004年 | 3室1厅 | 87.42平米 | 南 北,https://ke-image.ljcdn.com/110000-inspection/pc1_YNwI2Wxse.jpg!m_fill,w_280,h_210,f_jpg?from=ke.com
20231229,昌平,回龙观,101121513728,新龙城 南北通透3居室 明厨明卫 落地大窗 地暖 有电梯房主自荐,608万,55349元/平,顶层 (共15层) | 2007年 | 3室1厅 | 109.85平米 | 南 北,https://ke-image.ljcdn.com/110000-inspection/pc1_C1Lj2ncoJ_1.jpg!m_fill,w_280,h_210,f_jpg?from=ke.com
20231229,昌平,回龙观,101121489813,正对小区花园中高楼层 精装修满五年唯一 有车位房主自荐,636万,79920元/平,中楼层 (共28层) | 2014年 | 2室1厅 | 79.58平米 | 南,https://ke-image.ljcdn.com/110000-inspection/pc1_DnlxpDCu0.jpg!m_fill,w_280,h_210,f_jpg?from=ke.com
20231229,昌平,回龙观,101121486509,佰嘉城 3室2厅 南 北,490万,41674元/平,中楼层 (共6层) | 2006年 | 3室2厅 | 117.58平米 | 南 北,https://ke-image.ljcdn.com/110000-inspection/pc1_G3ox8RHQ2.jpg!m_fill,w_280,h_210,f_jpg?from=ke.com
20231229,昌平,回龙观,101121482676,宽house 吉晟别墅业主自住全明格局,1438万,64011元/平,底层 (共3层) | 2003年 | 3室2厅 | 224.65平米 | 东南 西,https://ke-image.ljcdn.com/110000-inspection/364c567e-2ef0-4b78-9f45-221a7810aa13_1000.jpg!m_fill,w_280,h_210,f_jpg?from=ke.com
20231229,昌平,回龙观,101121481842,一层带绿地诚心出售看房随时,728万,55098元/平,底层 (共6层) | 2003年 | 3室1厅 | 132.13平米 | 南 北,https://ke-image.ljcdn.com/110000-inspection/pc1_SeLJpecce.jpg!m_fill,w_280,h_210,f_jpg?from=ke.com
20231229,昌平,回龙观,101121471163,北京農學院 人文素质高。环境优美。,299万,46969元/平,中楼层 (共5层) | 1996年 | 2室1厅 | 63.66平米 | 东 南 北,https://ke-image.ljcdn.com/110000-inspection/pc1_eV6eiDag8.jpg!m_fill,w_280,h_210,f_jpg?from=ke.com
20231229,昌平,回龙观,101121469880,龙华园 2室1厅 西南,398万,56366元/平,高楼层 (共6层) | 1996年 | 2室1厅 | 70.61平米 | 西南,https://ke-image.ljcdn.com/110000-inspection/840f9751-c348-45fa-9a9b-9acd9e335371_1000.jpg!m_fill,w_280,h_210,f_jpg?from=ke.com
20231229,昌平,回龙观,101121457086,云趣园一区 2室1厅 南 北,380万,49300元/平,底层 (共6层) 2室1厅 | 77.08平米 | 南 北,https://ke-image.ljcdn.com/110000-inspection/pc1_zzmgr5jnK_1.jpg!m_fill,w_280,h_210,f_jpg?from=ke.com
20231229,昌平,回龙观,101121457007,2005年楼龄20年新装换全屋水电40万+改造厨卫户型好,688万,53704元/平,中楼层 (共6层) | 2005年 | 3室1厅 | 128.11平米 | 南 北,https://ke-image.ljcdn.com/110000-inspection/pc1_X4tHGvzpn.jpg!m_fill,w_280,h_210,f_jpg?from=ke.com
20231229,昌平,回龙观,101121455841,慧华苑 1室1厅 南 北,318万,52948元/平,顶层 (共6层) | 1995年 | 1室1厅 | 60.06平米 | 南 北,https://ke-image.ljcdn.com/110000-inspection/pc1_Fr7mLEzBn_1.jpg!m_fill,w_280,h_210,f_jpg?from=ke.com
20231229,昌平,回龙观,101121445249,龙腾苑四区 2室1厅 南 北房主自荐,530万,56067元/平,底层 (共6层) | 2003年 | 2室1厅 | 94.53平米 | 南 北,https://ke-image.ljcdn.com/110000-inspection/pc1_OqdyiLsOG.jpg!m_fill,w_280,h_210,f_jpg?from=ke.com
20231229,昌平,回龙观,101121445164,流星花园三区 次顶层 带电梯 满五唯一 看房有钥匙,318万,64100元/平,高楼层 (共11层) | 2008年 | 1室1厅 | 49.61平米 | 北,https://ke-image.ljcdn.com/110000-inspection/pc1_Dt4ePtXgq.jpg!m_fill,w_280,h_210,f_jpg?from=ke.com
20231229,昌平,回龙观,101121443676,融泽嘉园中路1号院 2室1厅 南,555万,63364元/平,高楼层 (共28层) | 2014年 | 2室1厅 | 87.59平米 | 南,https://ke-image.ljcdn.com/110000-inspection/pc1_40Xn4X0ZO_1.jpg!m_fill,w_280,h_210,f_jpg?from=ke.com
20231229,昌平,回龙观,101121441590,龙邸 4室2厅 南 北,1300万,54567元/平,中楼层 (共6层) 4室2厅 | 238.24平米 | 南 北,https://ke-image.ljcdn.com/110000-inspection/68a7feef-f239-4993-83b6-2de4751e9c7a_1000.jpg!m_fill,w_280,h_210,f_jpg?from=ke.com
20231229,昌平,回龙观,101121431002,新龙城 3室2厅 南 北,815万,53468元/平,中楼层 (共5层) 3室2厅 | 152.43平米 | 南 北,https://ke-image.ljcdn.com/110000-inspection/pc1_IE336aDH0.jpg!m_fill,w_280,h_210,f_jpg?from=ke.com
20231229,昌平,回龙观,101121430413,北郊农场家属院 全明格局两居室,316万,53815元/平,顶层 (共4层) | 1994年 | 2室1厅 | 58.72平米 | 南,https://ke-image.ljcdn.com/110000-inspection/pc1_wSThdpHTi.jpg!m_fill,w_280,h_210,f_jpg?from=ke.com
20231229,昌平,回龙观,101121425234,商品房满五唯一不临街不把边看房有钥匙客厅4米2宽,490万,39072元/平,顶层 (共6层) | 2006年 | 3室1厅 | 125.41平米 | 南 北,https://ke-image.ljcdn.com/110000-inspection/pc1_slav8ZuZI.jpg!m_fill,w_280,h_210,f_jpg?from=ke.com
20231229,昌平,回龙观,101121412160,南北通透满五唯一不临街无遮挡全明双卫,680万,59090元/平,底层 (共20层) | 2007年 | 3室1厅 | 115.08平米 | 南 北,https://ke-image.ljcdn.com/110000-inspection/86b2d4fa-255b-4671-9d72-bac9fc36aec0_1000.jpg!m_fill,w_280,h_210,f_jpg?from=ke.com
20231229,昌平,回龙观,101121398408,近地铁南北通透不临街不把边,455万,39456元/平,高楼层 (共6层) | 2000年 | 3室1厅 | 115.32平米 | 南 北,https://ke-image.ljcdn.com/110000-inspection/246f81ff-4186-4626-a91c-f7a558518584_1000.jpg!m_fill,w_280,h_210,f_jpg?from=ke.com
20231229,昌平,回龙观,101121394379,低楼层+商品房满五年唯一+采光很好+地铁近+配套全,516万,49223元/平,低楼层 (共6层) | 2003年 | 3室1厅 | 104.83平米 | 南 北,https://ke-image.ljcdn.com/110000-inspection/pc1_DBtlSZT7y.jpg!m_fill,w_280,h_210,f_jpg?from=ke.com
20231229,昌平,回龙观,101121387234,流星花园三区电梯两居室落地窗不临街随时能看。,390万,65547元/平,低楼层 (共11层) | 2006年 | 2室1厅 | 59.5平米 | 东 北,https://ke-image.ljcdn.com/110000-inspection/pc1_N8unpYKdc.jpg!m_fill,w_280,h_210,f_jpg?from=ke.com
20231229,昌平,回龙观,101121386229,小区中间位置安静商品房满五年唯一户型方正近地铁,580万,56992元/平,低楼层 (共20层) 2室1厅 | 101.77平米 | 南,https://ke-image.ljcdn.com/110000-inspection/pc1_WEKMRM8pw.jpg!m_fill,w_280,h_210,f_jpg?from=ke.com
20231229,昌平,回龙观,101121380897,龙跃苑三区   5+6复室  南北通透,535万,35431元/平,高楼层 (共6层) 4室1厅 | 151平米 | 南 北,https://ke-image.ljcdn.com/110000-inspection/370b1746-8503-41e1-889e-9d8349f85661_1000.jpg!m_fill,w_280,h_210,f_jpg?from=ke.com
20231229,昌平,回龙观,101121376746,京投发展公园悦府二区 户型方正 诚心出售,640万,74419元/平,低楼层 (共27层) 2室1厅 | 86平米 | 东南,https://ke-image.ljcdn.com/110000-inspection/ecd2f392-81c4-4d39-ac1e-519de24eed67_1000.jpg!m_fill,w_280,h_210,f_jpg?from=ke.com
20231229,昌平,回龙观,101121368326,双卧朝南 电梯两居 满五唯一 视野开阔 业主诚售房主自荐,383万,46937元/平,中楼层 (共21层) | 2016年 | 2室1厅 | 81.6平米 | 东南,https://ke-image.ljcdn.com/110000-inspection/pc1_kSoaivrFy_1.jpg!m_fill,w_280,h_210,f_jpg?from=ke.com
20231229,昌平,回龙观,101121360200,商品房满五年唯一小区中间位置不临街不临高压线,1650万,65659元/平,底层 (共3层) | 2004年 | 4室2厅 | 251.3平米 | 南 北,https://ke-image.ljcdn.com/110000-inspection/pc1_aASt8doxm.jpg!m_fill,w_280,h_210,f_jpg?from=ke.com
20231229,昌平,回龙观,101121356229,万润家园 带电梯 视野采光好 满五年唯一  靠谱签约,480万,56752元/平,顶层 (共9层) | 2003年 | 2室2厅 | 84.58平米 | 南 北,https://ke-image.ljcdn.com/110000-inspection/pc1_Jutgpfiay.jpg!m_fill,w_280,h_210,f_jpg?from=ke.com
20231229,昌平,回龙观,101121352729,北店嘉园南北向顶层6+7复式满五唯一,445万,37093元/平,顶层 (共6层) 5室1厅 | 119.97平米 | 南 北,https://ke-image.ljcdn.com/110000-inspection/pc1_iUXNoJnUH_1.jpg!m_fill,w_280,h_210,f_jpg?from=ke.com
20231229,昌平,回龙观,101121349424,小区中间位置 经典南北小三居 商五唯一 北边就是地铁,499万,48994元/平,高楼层 (共6层) | 2005年 | 3室1厅 | 101.85平米 | 南 北,https://ke-image.ljcdn.com/110000-inspection/pc1_7buh0bqJr.jpg!m_fill,w_280,h_210,f_jpg?from=ke.com
20231229,昌平,回龙观,101121348394,万科金域华府三期中高层明卫三居满五唯一精装修诚意卖,928万,80007元/平,中楼层 (共26层) | 2015年 | 3室1厅 | 115.99平米 | 东 南 北,https://ke-image.ljcdn.com/110000-inspection/pc1_eHEJIy71i.jpg!m_fill,w_280,h_210,f_jpg?from=ke.com
20231229,昌平,回龙观,101121339280,满五年唯一商品房业主自住精装修采光视野都很好,518万,59113元/平,高楼层 (共27层) 2室1厅 | 87.63平米 | 南,https://ke-image.ljcdn.com/110000-inspection/ee801526-e827-49a6-8451-566ad4cfd1da_1000.jpg!m_fill,w_280,h_210,f_jpg?from=ke.com
20231229,昌平,回龙观,101121338249,全明格局大两居 诚意出售 低于上套成交35万 随时看房房主自荐,535万,52191元/平,中楼层 (共11层) | 2006年 | 2室1厅 | 102.51平米 | 南 北,https://ke-image.ljcdn.com/110000-inspection/5d0233d5-fe2d-4578-a48f-5d17c5a5a03b_1000.jpg!m_fill,w_280,h_210,f_jpg?from=ke.com
20231229,昌平,回龙观,101121331733,商品房社区 大落地窗 带30平小花园  近地铁,577万,59174元/平,底层 (共6层) | 2005年 | 2室1厅 | 97.51平米 | 南 北,https://ke-image.ljcdn.com/110000-inspection/223c8d75-52b2-480f-aed8-e5ab047ce957_1000.jpg!m_fill,w_280,h_210,f_jpg?from=ke.com
20231229,昌平,回龙观,101121328613,商品房满五唯一采光好视野好临近公园地铁,598万,42081元/平,高楼层 (共6层) | 2000年 | 4室2厅 | 142.11平米 | 南 北,https://ke-image.ljcdn.com/110000-inspection/pc1_NIzeKoByo_1.jpg!m_fill,w_280,h_210,f_jpg?from=ke.com
20231229,昌平,回龙观,101121303848,龙城花园W区 集中供暖小区中间无遮挡 100万装修诚售,979万,51121元/平,中楼层 (共4层) 3室2厅 | 191.51平米 | 南 北,https://ke-image.ljcdn.com/110000-inspection/cb7106da-f24e-44ca-917f-04a9daa0ced4_1000.jpg!m_fill,w_280,h_210,f_jpg?from=ke.com
20231229,昌平,回龙观,101121295837,领秀慧谷C区 南北小三居 全明格局 中间楼层 电梯房,640万,67704元/平,中楼层 (共11层) | 2012年 | 3室1厅 | 94.53平米 | 南 北,https://ke-image.ljcdn.com/110000-inspection/33538506-3450-4e08-8a18-849b543ef111_1000.jpg!m_fill,w_280,h_210,f_jpg?from=ke.com
20231229,昌平,回龙观,101121294306,商品房报价满五唯一小区中间位置随时签约,435万,43220元/平,顶层 (共6层) 2室1厅 | 100.65平米 | 南 北,https://ke-image.ljcdn.com/110000-inspection/43f737b0-a8f8-46cf-b335-fdfe7d706f54_1000.jpg!m_fill,w_280,h_210,f_jpg?from=ke.com
20231229,昌平,回龙观,101121294293,流星花园三区 南向1居 采光好 一梯一户 不临街,450万,61594元/平,顶层 (共6层) | 2003年 | 1室1厅 | 73.06平米 | 南,https://ke-image.ljcdn.com/110000-inspection/pc1_xK4gWH5ZU_1.jpg!m_fill,w_280,h_210,f_jpg?from=ke.com
20231229,昌平,回龙观,101121271309,中楼层无遮挡视野好商品房带电梯看房方便房主自荐,279万,58986元/平,中楼层 (共11层) | 2004年 | 1室1厅 | 47.3平米 | 北,https://ke-image.ljcdn.com/110000-inspection/8929ca54-b6d1-410a-9f19-a8734b2f1267_1000.jpg!m_fill,w_280,h_210,f_jpg?from=ke.com
20231229,昌平,回龙观,101121254342,此房满五唯一不临街户型好采光充足自住精装修,515万,56875元/平,低楼层 (共20层) | 2007年 | 2室1厅 | 90.55平米 | 东南,https://ke-image.ljcdn.com/110000-inspection/pc1_vXNcHxHFT.jpg!m_fill,w_280,h_210,f_jpg?from=ke.com
20231229,昌平,回龙观,101121250612,次新房上叠精装修别墅有私家电梯可直达车位,1399万,63955元/平,中楼层 (共4层) | 2018年 | 3室3厅 | 218.75平米 | 南 北,https://ke-image.ljcdn.com/110000-inspection/f5df5ca4-3ecd-4a36-a347-17c7b0d6c48c_1000.jpg!m_fill,w_280,h_210,f_jpg?from=ke.com
20231229,昌平,回龙观,101121246155,京投发展公园悦府二区 万科物业 2020年社区 精装,958万,83837元/平,高楼层 (共27层) 3室2厅 | 114.27平米 | 南 北,https://ke-image.ljcdn.com/110000-inspection/b154c615-b55d-42ff-813d-faf903638c90_1000.jpg!m_fill,w_280,h_210,f_jpg?from=ke.com
20231229,昌平,回龙观,101121238404,新龙城商品房、精装修、近地、商满五唯一,1282万,106923元/平,底层 (共11层) | 2007年 | 5室3厅 | 119.9平米 | 南 北,https://ke-image.ljcdn.com/110000-inspection/pc1_DPSzeM0z4_1.jpg!m_fill,w_280,h_210,f_jpg?from=ke.com
20231229,昌平,回龙观,101121233896,万润家园 2室1厅 东南,550万,59557元/平,低楼层 (共12层) | 2003年 | 2室1厅 | 92.35平米 | 东南,https://ke-image.ljcdn.com/110000-inspection/15d9b0ed-e671-461b-8ccc-d3597abb8a01_1000.jpg!m_fill,w_280,h_210,f_jpg?from=ke.com
20231229,昌平,回龙观,101121230308,商品房满五唯一 南北通透两居室 采光和视野都很好房主自荐,527万,59887元/平,低楼层 (共34层) | 2016年 | 2室1厅 | 88平米 | 南 北,https://ke-image.ljcdn.com/110000-inspection/pc1_0nMelr3oD.jpg!m_fill,w_280,h_210,f_jpg?from=ke.com
20231229,昌平,回龙观,101121216313,领秀慧谷C区 南北双通透 商满五唯一 明厨明卫 诚售,650万,74636元/平,高楼层 (共11层) | 2011年 | 2室2厅 | 87.09平米 | 南 北,https://ke-image.ljcdn.com/110000-inspection/pc1_FduT3NDW8.jpg!m_fill,w_280,h_210,f_jpg?from=ke.com
20231229,昌平,回龙观,101121213538,温馨两居室带私家平台小区中间位置全天采光,560万,56801元/平,顶层 (共6层) | 2004年 | 2室1厅 | 98.59平米 | 南 北,https://ke-image.ljcdn.com/110000-inspection/pc1_gOuCDj4L4.jpg!m_fill,w_280,h_210,f_jpg?from=ke.com
20231229,昌平,回龙观,101121206818,回龙观龙泽苑西区》三居跃层》小区中间》双卫》13号线,469万,40041元/平,高楼层 (共7层) | 1999年 | 3室1厅 | 117.13平米 | 南 北,https://ke-image.ljcdn.com/110000-inspection/pc1_qBmZurbu2.jpg!m_fill,w_280,h_210,f_jpg?from=ke.com
20231229,昌平,回龙观,101121204357,商满五唯一 双卧朝南 大落地窗 采光视野棒 卫生间大房主自荐,555万,68124元/平,高楼层 (共22层) 2室1厅 | 81.47平米 | 南,https://ke-image.ljcdn.com/110000-inspection/cddbd569-bb25-4c07-b9e2-65f356b2ab0f_1000.jpg!m_fill,w_280,h_210,f_jpg?from=ke.com
20231229,昌平,回龙观,101121197152,满五唯一居住舒适安静出行方便,510万,58186元/平,低楼层 (共25层) | 2013年 | 2室1厅 | 87.65平米 | 南,https://ke-image.ljcdn.com/110000-inspection/pc1_kPBVGLUW1.jpg!m_fill,w_280,h_210,f_jpg?from=ke.com
20231229,昌平,回龙观,101121158711,龙腾苑四区 东南北向双阳台三居室两个卫生间 采光好,630万,43620元/平,中楼层 (共6层) | 2003年 | 3室2厅 | 144.43平米 | 东 南 北,https://ke-image.ljcdn.com/110000-inspection/pc1_fx38i6FCO_1.jpg!m_fill,w_280,h_210,f_jpg?from=ke.com
20231229,昌平,回龙观,101121157946,田园风光雅苑 3室1厅 南 北,549万,43728元/平,顶层 (共6层) | 2006年 | 3室1厅 | 125.55平米 | 南 北,https://ke-image.ljcdn.com/110000-inspection/pc1_cA9AAtEPJ.jpg!m_fill,w_280,h_210,f_jpg?from=ke.com
20231229,昌平,回龙观,101121155656,次顶层带电梯位置好精装修可拎包入住满五唯一房主自荐,538万,54284元/平,高楼层 (共6层) | 2004年 | 2室1厅 | 99.11平米 | 南 北,https://ke-image.ljcdn.com/110000-inspection/pc1_K3Fr2enfg.jpg!m_fill,w_280,h_210,f_jpg?from=ke.com
20231229,昌平,回龙观,101121154289,流星花园三区 商品房 平层四居室 有电梯,999万,54761元/平,低楼层 (共6层) | 2004年 | 4室2厅 | 182.43平米 | 南 北,https://ke-image.ljcdn.com/110000-inspection/pc1_e2F4wwciF.jpg!m_fill,w_280,h_210,f_jpg?from=ke.com
20231229,昌平,回龙观,101121153867,天慧园6+7层复式楼上楼下两卫生间利用率高,453万,31679元/平,高楼层 (共7层) 3室2厅 | 143平米 | 南 北,https://ke-image.ljcdn.com/110000-inspection/pc1_5YZ20oVvc.jpg!m_fill,w_280,h_210,f_jpg?from=ke.com
20231229,昌平,回龙观,101121151314,新龙城全南两居 满五唯一 三阳台阳光满屋 得房率85%,552万,54970元/平,中楼层 (共20层) | 2007年 | 2室2厅 | 100.42平米 | 南,https://ke-image.ljcdn.com/110000-inspection/pc1_mdMpLjEeg.jpg!m_fill,w_280,h_210,f_jpg?from=ke.com
20231229,昌平,回龙观,101121150836,新龙城双卧南两居层高3.3米商满五唯一精装拎包入住房主自荐,520万,57087元/平,底层 (共20层) | 2006年 | 2室1厅 | 91.09平米 | 南,https://ke-image.ljcdn.com/110000-inspection/pc1_dN8NyTYmX.jpg!m_fill,w_280,h_210,f_jpg?from=ke.com
20231229,昌平,回龙观,101121146129,商品房四居室三代同堂满五唯一,820万,54244元/平,中楼层 (共6层) | 2000年 | 4室2厅 | 151.17平米 | 南 北,https://ke-image.ljcdn.com/110000-inspection/19e02fad-0d8e-41c9-8886-f2b3b5a5b424_1000.jpg!m_fill,w_280,h_210,f_jpg?from=ke.com
20231229,昌平,回龙观,101121145463,欢迎点击咨询 满五年 家庭唯一 西南向,389万,43571元/平,低楼层 (共21层) 3室1厅 | 89.28平米 | 西南,https://ke-image.ljcdn.com/110000-inspection/pc1_HC1Sup0Ds_1.jpg!m_fill,w_280,h_210,f_jpg?from=ke.com
20231229,昌平,回龙观,101121144998,新龙城+满五年唯一+精装修+三面采光+视野开阔房主自荐,599万,58405元/平,顶层 (共8层) | 2006年 | 2室1厅 | 102.56平米 | 南 北 东,https://ke-image.ljcdn.com/110000-inspection/pc1_ZEWfoKDY7.jpg!m_fill,w_280,h_210,f_jpg?from=ke.com
20231229,昌平,回龙观,101121143720,佰嘉城 商品房满五年唯一 精装 小区中间3层,520万,43584元/平,中楼层 (共6层) | 2006年 | 3室1厅 | 119.31平米 | 南 北,https://ke-image.ljcdn.com/110000-inspection/pc1_HgYNqMCgw_1.jpg!m_fill,w_280,h_210,f_jpg?from=ke.com
20231229,昌平,回龙观,101121143630,近地铁 商五一 全明户型 小区中间,615万,32235元/平,高楼层 (共6层) | 2005年 | 5室2厅 | 190.79平米 | 东 南 北,https://ke-image.ljcdn.com/110000-inspection/6bc79015-98fb-41d2-9c0d-ed4800ec1014_1000.jpg!m_fill,w_280,h_210,f_jpg?from=ke.com
20231229,昌平,回龙观,101121136256,龙泽苑东区 纯南向自住精装两居室 采光视野好房主自荐,450万,57100元/平,中楼层 (共7层) 2室2厅 | 78.81平米 | 西南,https://ke-image.ljcdn.com/110000-inspection/pc1_w2Ai4wizD.jpg!m_fill,w_280,h_210,f_jpg?from=ke.com
20231229,昌平,回龙观,101121129692,京投发展公园悦府一区 全南两居室 户型方正诚心卖,499万,61766元/平,底层 (共22层) | 2015年 | 2室1厅 | 80.79平米 | 南,https://ke-image.ljcdn.com/110000-inspection/0d79f252-d903-4cd5-923c-8920c79e43e8_1000.jpg!m_fill,w_280,h_210,f_jpg?from=ke.com
20231229,昌平,回龙观,101121126812,新龙城精装修三居看房方便诚心出售,712万,48002元/平,顶层 (共5层) | 2007年 | 3室1厅 | 148.33平米 | 南 西 北,https://ke-image.ljcdn.com/110000-inspection/pc1_Ph7FXrkT6.jpg!m_fill,w_280,h_210,f_jpg?from=ke.com
20231229,昌平,回龙观,101121125006,万润家园 2室1厅 南 北,515万,53407元/平,中楼层 (共9层) | 2003年 | 2室1厅 | 96.43平米 | 南 北,https://ke-image.ljcdn.com/110000-inspection/pc1_FyTmGeIHP.jpg!m_fill,w_280,h_210,f_jpg?from=ke.com
20231229,昌平,回龙观,101121120283,流星花园三区 电梯三居室南北通透不临街不把边,695万,49277元/平,中楼层 (共6层) | 2003年 | 3室1厅 | 141.04平米 | 南 北,https://ke-image.ljcdn.com/110000-inspection/7011f63d-90c8-4e8b-aeb3-f9d3f6dad35a_1000.jpg!m_fill,w_280,h_210,f_jpg?from=ke.com
20231229,昌平,回龙观,101121112603,宽景大阳台 高层采光好 视野好 婚房精装 诚意出售,425万,66087元/平,顶层 (共28层) | 2012年 | 1室1厅 | 64.31平米 | 南,https://ke-image.ljcdn.com/110000-inspection/1031ba7d-d3c3-40a6-8697-94e330258150_1000.jpg!m_fill,w_280,h_210,f_jpg?from=ke.com
20231229,昌平,回龙观,101121102591,新龙城 满五唯一南北通透 电梯两居室 客厅卧室双阳台,518万,50272元/平,低楼层 (共20层) | 2007年 | 2室1厅 | 103.04平米 | 南 北,https://ke-image.ljcdn.com/110000-inspection/pc1_NLupF7hCr_1.jpg!m_fill,w_280,h_210,f_jpg?from=ke.com
20231229,昌平,回龙观,101121097130,融泽嘉园中路2号院南北通透 精装修 中高楼层,608万,55440元/平,高楼层 (共32层) 3室1厅 | 109.67平米 | 南 北,https://ke-image.ljcdn.com/110000-inspection/pc1_fvOQ5SkHu_1.jpg!m_fill,w_280,h_210,f_jpg?from=ke.com
20231229,昌平,回龙观,101121096214,领秀慧谷C区 明厨明卫 南北通透 诚心出售 看房随时,589万,63036元/平,底层 (共11层) 3室2厅 | 93.44平米 | 西 南 北,https://ke-image.ljcdn.com/110000-inspection/pc1_S4zGt46wA_1.jpg!m_fill,w_280,h_210,f_jpg?from=ke.com
20231229,昌平,回龙观,101121094387,北京人家南北小三居采光好小区中间位置全明格局,456万,47900元/平,顶层 (共6层) | 2002年 | 3室1厅 | 95.2平米 | 南 北,https://ke-image.ljcdn.com/110000-inspection/pc1_EdvHQOKGR_1.jpg!m_fill,w_280,h_210,f_jpg?from=ke.com
20231229,昌平,回龙观,101121084460,一层精装修看房方便随时可以签约。,365万,79022元/平,底层 (共4层) 1室1厅 | 46.19平米 | 南,https://ke-image.ljcdn.com/110000-inspection/pc1_52V0aYPrU.jpg!m_fill,w_280,h_210,f_jpg?from=ke.com
20231229,昌平,回龙观,101121084364,【已转商】满五唯一南北通透 采光好/精装拎包入住,465万,38851元/平,顶层 (共6层) | 2008年 | 3室2厅 | 119.69平米 | 南 北,https://ke-image.ljcdn.com/110000-inspection/508e79fe-734d-4e14-bc19-df1f6556cfe8_1000.jpg!m_fill,w_280,h_210,f_jpg?from=ke.com
20231229,昌平,回龙观,101121084396,4层双明卫商品房满五一钢混看房有钥匙,585万,40915元/平,中楼层 (共6层) | 2005年 | 3室1厅 | 142.98平米 | 南 北,https://ke-image.ljcdn.com/110000-inspection/pc1_5KHQk1upG.jpg!m_fill,w_280,h_210,f_jpg?from=ke.com
20231229,昌平,回龙观,101121070894,融泽嘉园中路12号院南北通透两居室视野开阔满五唯一,530万,60503元/平,低楼层 (共31层) | 2014年 | 2室1厅 | 87.6平米 | 南 北,https://ke-image.ljcdn.com/110000-inspection/441eb8de-7a5f-49e9-9b99-e56aa0774347_1000.jpg!m_fill,w_280,h_210,f_jpg?from=ke.com
20231229,昌平,回龙观,101121064902,京投发展公园悦府二区 精装修新房 高楼层,670万,76651元/平,中楼层 (共27层) 2室1厅 | 87.41平米 | 南,https://ke-image.ljcdn.com/110000-inspection/610094b7-0339-4ad0-b144-42c4542ec1a6_1000.jpg!m_fill,w_280,h_210,f_jpg?from=ke.com
20231229,昌平,回龙观,101121064544,回龙观龙泽苑》五居三卫跃层》板楼有电梯》小区中间,1050万,49801元/平,顶层 (共9层) | 2005年 | 5室3厅 | 210.84平米 | 南 北,https://ke-image.ljcdn.com/110000-inspection/pc1_HHljg6f4j.jpg!m_fill,w_280,h_210,f_jpg?from=ke.com
20231229,昌平,回龙观,101121064290,风雅园一区小区中间位置两居室采光好位置好,419万,45718元/平,高楼层 (共6层) 2室1厅 | 91.65平米 | 南 北,https://ke-image.ljcdn.com/110000-inspection/pc1_zOVzaIjK3.jpg!m_fill,w_280,h_210,f_jpg?from=ke.com
20231229,昌平,回龙观,101121064118,龙禧苑五区 5室1厅 南 北,760万,38828元/平,高楼层 (共7层) | 2003年 | 5室1厅 | 195.74平米 | 南 北,https://ke-image.ljcdn.com/110000-inspection/pc1_mABQDFZFZ_1.jpg!m_fill,w_280,h_210,f_jpg?from=ke.com
20231229,昌平,回龙观,101121053717,融泽嘉园西六号院  南北通透两居室,555万,62833元/平,中楼层 (共31层) | 2016年 | 2室1厅 | 88.33平米 | 南 北,https://ke-image.ljcdn.com/110000-inspection/aaf818ef-2c37-4c2a-8ba2-aad5caed30dc_1000.jpg!m_fill,w_280,h_210,f_jpg?from=ke.com
20231229,昌平,回龙观,101121053400,户型方正无浪费面积商品房满2年视野开阔房主自荐,549万,63097元/平,高楼层 (共31层) | 2014年 | 2室1厅 | 87.01平米 | 南,https://ke-image.ljcdn.com/110000-inspection/c684ba7f-3b94-4a74-bc05-81f59d395f6c_1000.jpg!m_fill,w_280,h_210,f_jpg?from=ke.com
20231229,昌平,回龙观,101121053226,融泽嘉园中路2号院 3室1厅 南 北,608万,54064元/平,低楼层 (共32层) 3室1厅 | 112.46平米 | 南 北,https://ke-image.ljcdn.com/110000-inspection/22a7e820-8960-43b4-acbf-541510b40167_1000.jpg!m_fill,w_280,h_210,f_jpg?from=ke.com
20231229,昌平,回龙观,101121051418,东西通透 满五唯一 小区中间 带电梯 随时签约,425万,56728元/平,顶层 (共10层) | 2007年 | 1室1厅 | 74.92平米 | 东 西,https://ke-image.ljcdn.com/110000-inspection/pc1_FKzntEv13.jpg!m_fill,w_280,h_210,f_jpg?from=ke.com
20231229,昌平,回龙观,101121043323,京投发展公园悦府一区 2室1厅 南 北,618万,65156元/平,高楼层 (共25层) | 2015年 | 2室1厅 | 94.85平米 | 南 北,https://ke-image.ljcdn.com/110000-inspection/10dff83c-9eb3-4c28-9810-8ab0d8b40d23_1000.jpg!m_fill,w_280,h_210,f_jpg?from=ke.com
20231229,昌平,回龙观,101121037561,龙跃苑三区   三居两卫带储物间   小区中间 自住精装,625万,42593元/平,中楼层 (共6层) | 2005年 | 3室1厅 | 146.74平米 | 南 北,https://ke-image.ljcdn.com/110000-inspection/03899f7a-d804-40d8-9a15-66a08474de71_1000.jpg!m_fill,w_280,h_210,f_jpg?from=ke.com
20231229,昌平,回龙观,101121031796,万科金域华府 商满五唯一 随时看房 无遮挡 正对着公园,668万,67942元/平,中楼层 (共28层) 2室1厅 | 98.32平米 | 南 北,https://ke-image.ljcdn.com/110000-inspection/pc1_llbkY6rDF_1.jpg!m_fill,w_280,h_210,f_jpg?from=ke.com
20231229,昌平,回龙观,101121008686,万润家园南北通透满五年唯一2居室出售,520万,52032元/平,中楼层 (共12层) | 2003年 | 2室1厅 | 99.94平米 | 南 北,https://ke-image.ljcdn.com/110000-inspection/pc1_NFGPOmXBZ.jpg!m_fill,w_280,h_210,f_jpg?from=ke.com
20231229,昌平,回龙观,101121007896,新龙城眼镜户型 全明格局带电梯  满五年唯一只有契税,565万,55414元/平,顶层 (共15层) | 2007年 | 2室1厅 | 101.96平米 | 南 北,https://ke-image.ljcdn.com/110000-inspection/pc1_1apPeEC8l.jpg!m_fill,w_280,h_210,f_jpg?from=ke.com
20231229,昌平,回龙观,101121005142,融泽嘉园中路1号院 3室1厅 南 北,650万,57548元/平,低楼层 (共34层) | 2014年 | 3室1厅 | 112.95平米 | 南 北,https://ke-image.ljcdn.com/110000-inspection/pc1_zFG5LQtQc_1.jpg!m_fill,w_280,h_210,f_jpg?from=ke.com
20231229,昌平,回龙观,101121004085,龙锦苑四区 5室2厅 南 北,620万,32097元/平,高楼层 (共6层) | 2004年 | 5室2厅 | 193.17平米 | 南 北,https://ke-image.ljcdn.com/110000-inspection/b25f62a9-b406-4ee7-9f5a-ed99a503bc44_1000.jpg!m_fill,w_280,h_210,f_jpg?from=ke.com
20231229,昌平,回龙观,101121001198,商五唯一低楼层近地铁自住装修！,608万,48594元/平,底层 (共6层) | 2006年 | 3室1厅 | 125.12平米 | 南 北,https://ke-image.ljcdn.com/110000-inspection/341ae9e4-0920-4add-9369-348f199cab13_1000.jpg!m_fill,w_280,h_210,f_jpg?from=ke.com
20231229,昌平,回龙观,101120994258,流星花园二区 格局方正 看房方便 采光好前后无遮挡,542万,44445元/平,高楼层 (共6层) | 2003年 | 3室1厅 | 121.95平米 | 南 北,https://ke-image.ljcdn.com/110000-inspection/pc1_MvENV4Q6s.jpg!m_fill,w_280,h_210,f_jpg?from=ke.com
20231229,昌平,回龙观,101120992530,房屋满五唯一商品房仅契税；户型方正南北通透房主自荐,410万,53220元/平,高楼层 (共6层) 2室1厅 | 77.04平米 | 南 北,https://ke-image.ljcdn.com/110000-inspection/pc1_APf2XdRYR.jpg!m_fill,w_280,h_210,f_jpg?from=ke.com
20231229,昌平,回龙观,101120991605,北郊农场宿舍 2室1厅 北 南,365万,46139元/平,顶层 (共6层) | 1995年 | 2室1厅 | 79.11平米 | 北 南,https://ke-image.ljcdn.com/110000-inspection/b6430f39-f2d4-4bbb-8036-5d10b0f58e62_1000.jpg!m_fill,w_280,h_210,f_jpg?from=ke.com
20231229,昌平,回龙观,101120990657,自住装修 满五年唯一 4层 4层 4层 随时签约 中间位置,398万,57934元/平,中楼层 (共6层) | 1996年 | 2室1厅 | 68.7平米 | 南 北,https://ke-image.ljcdn.com/110000-inspection/9cff4b15-182a-4a64-9a62-3cea35dddc4f_1000.jpg!m_fill,w_280,h_210,f_jpg?from=ke.com
20231229,昌平,回龙观,101120989955,西二旗北融泽嘉园不临街两居室,488万,55913元/平,低楼层 (共28层) | 2014年 | 2室1厅 | 87.28平米 | 南,https://ke-image.ljcdn.com/110000-inspection/pc1_oeBZ8oS2E.jpg!m_fill,w_280,h_210,f_jpg?from=ke.com
20231229,昌平,回龙观,101120985764,新上：顶层三居商品房+双地铁+南北通透+周期无要求,470万,39831元/平,顶层 (共6层) | 2006年 | 3室1厅 | 118平米 | 南 北,https://ke-image.ljcdn.com/110000-inspection/aca41f43-518a-4ee0-b41d-b28ec5868ac9_1000.jpg!m_fill,w_280,h_210,f_jpg?from=ke.com
20231229,昌平,回龙观,101120984055,首开智慧社经典两居地铁口配套完善,555万,61880元/平,中楼层 (共21层) 2室1厅 | 89.69平米 | 西南,https://ke-image.ljcdn.com/110000-inspection/pc1_wHvQczqSJ.jpg!m_fill,w_280,h_210,f_jpg?from=ke.com
20231229,昌平,回龙观,101120978101,融泽嘉园中路2号院 精装两居 满五唯一,537万,61281元/平,低楼层 (共27层) | 2014年 | 2室1厅 | 87.63平米 | 南,https://ke-image.ljcdn.com/110000-inspection/c1316188-2ad1-4069-8a25-18c2e7eafaf0_1000.jpg!m_fill,w_280,h_210,f_jpg?from=ke.com
20231229,昌平,回龙观,101120971634,融泽嘉园东一路6号院满五唯一南北通透两个落地窗房主自荐,599万,56956元/平,底层 (共34层) | 2015年 | 3室1厅 | 105.17平米 | 南 北 西,https://ke-image.ljcdn.com/110000-inspection/pc1_65LebEnyQ.jpg!m_fill,w_280,h_210,f_jpg?from=ke.com
20231229,昌平,回龙观,101120961518,满五年唯一   首套首付160万即可购买,489万,55880元/平,底层 (共34层) | 2015年 | 2室1厅 | 87.51平米 | 南,https://ke-image.ljcdn.com/110000-inspection/9876f5b0-91c2-4526-82cc-239bc1e67f0c_1000.jpg!m_fill,w_280,h_210,f_jpg?from=ke.com
20231229,昌平,回龙观,101120961456,南北通透满五唯一精装修。诚心出售房主自荐,398万,54011元/平,底层 (共6层) | 1995年 | 2室1厅 | 73.69平米 | 南 北,https://ke-image.ljcdn.com/110000-inspection/pc1_hQowxTjJ3.jpg!m_fill,w_280,h_210,f_jpg?from=ke.com
20231229,昌平,回龙观,101120959464,龙兴园北区经典小三居低楼层出行方便,529万,53516元/平,底层 (共6层) | 2000年 | 3室1厅 | 98.85平米 | 南 北,https://ke-image.ljcdn.com/110000-inspection/c9c4251a-992f-485b-abbd-777693241425_1000.jpg!m_fill,w_280,h_210,f_jpg?from=ke.com
20231229,昌平,回龙观,101120956269,金域华府一层花园精装修满五年唯一看房方便,730万,87678元/平,底层 (共28层) | 2014年 | 2室1厅 | 83.26平米 | 南,https://ke-image.ljcdn.com/110000-inspection/pc1_l49awFhnN.jpg!m_fill,w_280,h_210,f_jpg?from=ke.com
20231229,昌平,回龙观,101120954907,全明格局  户型方正 小区中间位置,509万,44070元/平,低楼层 (共6层) | 2000年 | 3室2厅 | 115.5平米 | 南 北,https://ke-image.ljcdn.com/110000-inspection/pc1_YwqcL2I6J.jpg!m_fill,w_280,h_210,f_jpg?from=ke.com
20231229,昌平,回龙观,101120953996,商品房满五唯一住宅适合贷款客户选择看房方便,420万,47314元/平,顶层 (共6层) | 2005年 | 2室1厅 | 88.77平米 | 南 北,https://ke-image.ljcdn.com/110000-inspection/pc1_VV8xnc7Nu.jpg!m_fill,w_280,h_210,f_jpg?from=ke.com
20231229,昌平,回龙观,101120950404,龙泽苑东区+中美合资示范小区+南北通透大三居+格局好,690万,49293元/平,中楼层 (共7层) 3室2厅 | 139.98平米 | 南 北,https://ke-image.ljcdn.com/110000-inspection/pc1_HDFTFh64R.jpg!m_fill,w_280,h_210,f_jpg?from=ke.com
20231229,昌平,回龙观,101120948113,龙跃苑二区    5+6 复式  商品房满五年唯一  精装修,790万,36120元/平,高楼层 (共6层) 5室2厅 | 218.72平米 | 南 北,https://ke-image.ljcdn.com/110000-inspection/b0ae97f4-7fd7-46c6-8e6c-025aefc803f6_1000.jpg!m_fill,w_280,h_210,f_jpg?from=ke.com
20231229,昌平,回龙观,101120943392,自住精装！满五唯一！小区中间！看房方便！,508万,40376元/平,高楼层 (共6层) | 2005年 | 3室1厅 | 125.82平米 | 南 北,https://ke-image.ljcdn.com/110000-inspection/310f1710-76e0-4e9a-8296-f93fbe5fe412_1000.jpg!m_fill,w_280,h_210,f_jpg?from=ke.com
20231229,昌平,回龙观,101120943176,融泽东六号院商品房满五唯一配套齐全南北向房主自荐,556万,63391元/平,中楼层 (共34层) | 2015年 | 2室1厅 | 87.71平米 | 南 北,https://ke-image.ljcdn.com/110000-inspection/7056aced-6c44-4c5b-9e73-f11f3ff64801_1000.jpg!m_fill,w_280,h_210,f_jpg?from=ke.com
20231229,昌平,回龙观,101120937430,北店嘉园北区钢混结构环境好五跃六层全明格局,599万,41974元/平,高楼层 (共6层) | 2003年 | 3室1厅 | 142.71平米 | 东 南 北,https://ke-image.ljcdn.com/110000-inspection/4b78a0af-c2a3-4422-bf4b-62a66d7ac909_1000.jpg!m_fill,w_280,h_210,f_jpg?from=ke.com
20231229,昌平,回龙观,101120936146,北京人家 4至5层 中间位置 满五年唯一商品房,805万,49155元/平,顶层 (共4层) | 2004年 | 4室2厅 | 163.77平米 | 南 北,https://ke-image.ljcdn.com/110000-inspection/efb28bb9-3778-4881-8c5b-dbb58149f1f5_1000.jpg!m_fill,w_280,h_210,f_jpg?from=ke.com
20231229,昌平,回龙观,101120932203,商品房社区只有契税小区中间位置采光好,358万,46278元/平,顶层 (共6层) | 1996年 | 2室1厅 | 77.36平米 | 南 北,https://ke-image.ljcdn.com/110000-inspection/pc1_Fpy5guLw1.jpg!m_fill,w_280,h_210,f_jpg?from=ke.com
20231229,昌平,回龙观,101120931514,龙回苑精装修复式。户型方正带阳台。,650万,37239元/平,高楼层 (共7层) | 2004年 | 4室2厅 | 174.55平米 | 南 北,https://ke-image.ljcdn.com/110000-inspection/77fe99e8-1455-4095-b27e-676212621e74_1000.jpg!m_fill,w_280,h_210,f_jpg?from=ke.com
20231229,昌平,回龙观,101120924186,龙回苑 正规一居室 商五唯一 采光充足 诚意出售房主自荐,349万,52895元/平,顶层 (共6层) | 2004年 | 1室1厅 | 65.98平米 | 西,https://ke-image.ljcdn.com/110000-inspection/99a94edc-e4b3-4ae9-adf6-44a0cd447842_1000.jpg!m_fill,w_280,h_210,f_jpg?from=ke.com
20231229,昌平,回龙观,101120922887,风雅园二区 3室2厅 南 北,482万,39835元/平,中楼层 (共7层) | 2000年 | 3室2厅 | 121平米 | 南 北,https://ke-image.ljcdn.com/110000-inspection/pc1_q9vCSqXde.jpg!m_fill,w_280,h_210,f_jpg?from=ke.com
20231229,昌平,回龙观,101120921365,天慧园大面积复式普宅无增值税商五一,528万,38311元/平,高楼层 (共7层) | 2000年 | 3室1厅 | 137.82平米 | 北 南,https://ke-image.ljcdn.com/110000-inspection/5f69f3d5-bf9b-4bf4-93ac-7e295a617810_1000.jpg!m_fill,w_280,h_210,f_jpg?from=ke.com
20231229,昌平,回龙观,101120907122,融泽嘉园中路2号院小区位置佳,525万,59911元/平,中楼层 (共27层) | 2014年 | 2室1厅 | 87.63平米 | 南,https://ke-image.ljcdn.com/110000-inspection/pc1_qQfcEeIlI_1.jpg!m_fill,w_280,h_210,f_jpg?from=ke.com
20231229,昌平,回龙观,101120906473,北京人家经典小两居采光好小区中间位置,429万,58107元/平,顶层 (共6层) | 2004年 | 2室1厅 | 73.83平米 | 南 北,https://ke-image.ljcdn.com/110000-inspection/pc1_18aiDarBU.jpg!m_fill,w_280,h_210,f_jpg?from=ke.com
20231229,昌平,回龙观,101120906106,北京城建畅悦居D区 2室1厅 西,363万,42313元/平,低楼层 (共21层) | 2016年 | 2室1厅 | 85.79平米 | 西,https://ke-image.ljcdn.com/110000-inspection/fbad3855-c1f4-4dbf-932a-56c8e192ff11_1000.jpg!m_fill,w_280,h_210,f_jpg?from=ke.com
20231229,昌平,回龙观,101120905978,首开国风美唐一期 精装 13号线8号线霍营地铁站460米,660万,70318元/平,中楼层 (共11层) | 2012年 | 2室1厅 | 93.86平米 | 南 北,https://ke-image.ljcdn.com/110000-inspection/56355dca-84bb-408e-8757-330e18f758e7_1000.jpg!m_fill,w_280,h_210,f_jpg?from=ke.com
20231229,昌平,回龙观,101120905504,龙泽苑+中美合资+满五唯一+不临街+中间层+近地铁,499万,56055元/平,中楼层 (共7层) 2室1厅 | 89.02平米 | 南 北,https://ke-image.ljcdn.com/110000-inspection/pc1_rNB4YvNEl.jpg!m_fill,w_280,h_210,f_jpg?from=ke.com
20231229,昌平,回龙观,101120902635,南北通透 商品房满五唯一 大落地窗 采光好 视野好,510万,41027元/平,顶层 (共6层) | 2007年 | 3室1厅 | 124.31平米 | 南 北,https://ke-image.ljcdn.com/110000-inspection/b988c065-cd07-4658-88f7-3aea2a274158_1000.jpg!m_fill,w_280,h_210,f_jpg?from=ke.com
20231229,昌平,回龙观,101120900093,南北通透格局楼层好视野宽阔采光充足,945万,69267元/平,高楼层 (共8层) | 2011年 | 3室2厅 | 136.43平米 | 南 北,https://ke-image.ljcdn.com/110000-inspection/pc1_ubUe0MZ7k.jpg!m_fill,w_280,h_210,f_jpg?from=ke.com
20231229,昌平,回龙观,101120895705,商品房满五唯一中间位置视野开阔。,520万,59668元/平,低楼层 (共27层) | 2013年 | 2室1厅 | 87.15平米 | 南,https://ke-image.ljcdn.com/110000-inspection/pc1_FnfSN76cX.jpg!m_fill,w_280,h_210,f_jpg?from=ke.com
20231229,昌平,回龙观,101120890767,融泽嘉园东一路6号院104平南北通透三居室可满五过户,650万,62440元/平,低楼层 (共34层) 3室1厅 | 104.1平米 | 南 北,https://ke-image.ljcdn.com/110000-inspection/pc1_A3avTzvJs.jpg!m_fill,w_280,h_210,f_jpg?from=ke.com
20231229,昌平,回龙观,101120884305,京投发展公园悦府一区 中间位置边户 随时可以看房,599万,64954元/平,低楼层 (共11层) | 2014年 | 2室1厅 | 92.22平米 | 东 南 北,https://ke-image.ljcdn.com/110000-inspection/26f58e46-d912-46f0-a14e-2dd51f854caf_1000.jpg!m_fill,w_280,h_210,f_jpg?from=ke.com
20231229,昌平,回龙观,101120881908,急售 3层 商品房满五唯一 不临街 不把边 靠谱签约,570万,47612元/平,中楼层 (共6层) | 2005年 | 3室2厅 | 119.72平米 | 南 北,https://ke-image.ljcdn.com/110000-inspection/a4f909b5-64ce-466e-9ac0-66c53828f636_1000.jpg!m_fill,w_280,h_210,f_jpg?from=ke.com
20231229,昌平,回龙观,101120879259,龙城花园四期中八区04年建独栋别墅 美式精装修,3200万,104501元/平,底层 (共2层) 6室2厅 | 306.22平米 | 东 南 西 北,https://ke-image.ljcdn.com/110000-inspection/pc1_xxTrOXSKd.jpg!m_fill,w_280,h_210,f_jpg?from=ke.com
20231229,昌平,回龙观,101120877483,龙城花园W区 精装3+1满五年唯一集中供暖落地窗！,1002万,52322元/平,顶层 (共4层) | 1997年 | 3室2厅 | 191.51平米 | 南 北,https://ke-image.ljcdn.com/110000-inspection/87c30123-ecb0-4af0-8ee8-f70901188309_1000.jpg!m_fill,w_280,h_210,f_jpg?from=ke.com
20231229,昌平,回龙观,101120874150,云趣园一区 2室1厅 南 北,405万,47132元/平,高楼层 (共6层) 2室1厅 | 85.93平米 | 南 北,https://ke-image.ljcdn.com/110000-inspection/pc1_jK4yz0waQ_1.jpg!m_fill,w_280,h_210,f_jpg?from=ke.com
20231229,昌平,回龙观,101120872776,龙博苑三区南北向2居小区中间位置采光视野好,395万,49216元/平,高楼层 (共6层) | 2005年 | 2室1厅 | 80.26平米 | 南 北,https://ke-image.ljcdn.com/110000-inspection/0ef96692-c0c8-42ce-a325-bf47ff2cc010_1000.jpg!m_fill,w_280,h_210,f_jpg?from=ke.com
20231229,昌平,回龙观,101120872366,龙锦苑一区、3居2卫、不临街满五年唯一,530万,42124元/平,高楼层 (共6层) | 2005年 | 3室2厅 | 125.82平米 | 南 北,https://ke-image.ljcdn.com/110000-inspection/fe3f0f22-2c63-4ec5-b77c-453d39e97046_1000.jpg!m_fill,w_280,h_210,f_jpg?from=ke.com
20231229,昌平,回龙观,101120871750,南北通透平层四居室中间楼层 户型方正,718万,38131元/平,中楼层 (共6层) 4室2厅 | 188.3平米 | 南 北,https://ke-image.ljcdn.com/110000-inspection/pc1_jmiKUswX5.jpg!m_fill,w_280,h_210,f_jpg?from=ke.com
20231229,昌平,回龙观,101120870557,风雅园三区三居室商品房满五年唯一小区中间位置,560万,45031元/平,中楼层 (共6层) | 2000年 | 3室1厅 | 124.36平米 | 南 北,https://ke-image.ljcdn.com/110000-inspection/pc1_Jry0nyBhI.jpg!m_fill,w_280,h_210,f_jpg?from=ke.com
20231229,昌平,回龙观,101120868534,融泽嘉园中路1号院  南北通透  满五唯一,609万,55516元/平,中楼层 (共33层) 3室1厅 | 109.7平米 | 南 北,https://ke-image.ljcdn.com/110000-inspection/pc1_Bq1uSqo5M_1.jpg!m_fill,w_280,h_210,f_jpg?from=ke.com
20231229,昌平,回龙观,101120868288,龙锦苑二区+不临街+南北通透+商满五唯一,458万,46287元/平,底层 (共6层) | 2005年 | 2室1厅 | 98.95平米 | 南 北,https://ke-image.ljcdn.com/110000-inspection/38fc9ea7-d398-4677-862b-d665f285b6fc_1000.jpg!m_fill,w_280,h_210,f_jpg?from=ke.com
20231229,昌平,回龙观,101120867620,通达园落地飘窗三居室商品房满五年唯一！,569万,43376元/平,中楼层 (共7层) | 2001年 | 3室1厅 | 131.18平米 | 南 北,https://ke-image.ljcdn.com/110000-inspection/pc1_7CfMsQavh_1.jpg!m_fill,w_280,h_210,f_jpg?from=ke.com
20231229,昌平,回龙观,101120867312,龙锦苑六区 5+6层 五居室  精美装修 拎包入住,780万,38593元/平,高楼层 (共6层) 5室1厅 | 202.11平米 | 南 北,https://ke-image.ljcdn.com/110000-inspection/58b4ffc8-6b3c-4002-b548-09e76ac7daf6_1000.jpg!m_fill,w_280,h_210,f_jpg?from=ke.com
20231229,昌平,回龙观,101120867081,新龙城优质一层全南向房子业主靠谱诚心出售,416万,65782元/平,底层 (共20层) 2室1厅 | 63.24平米 | 南,https://ke-image.ljcdn.com/110000-inspection/pc1_fyJKvdXQc.jpg!m_fill,w_280,h_210,f_jpg?from=ke.com
20231229,昌平,回龙观,101120867003,流星花园二区 商品房社区 满五年唯一,485万,57890元/平,顶层 (共6层) | 2003年 | 3室1厅 | 83.78平米 | 南 北,https://ke-image.ljcdn.com/110000-inspection/pc1_Axxs6UWS4_1.jpg!m_fill,w_280,h_210,f_jpg?from=ke.com
20231229,昌平,回龙观,101120864887,1层三居采光好位置好看房方便满五唯一随时能看,570万,48041元/平,底层 (共6层) | 2006年 | 3室1厅 | 118.65平米 | 南 北,https://ke-image.ljcdn.com/110000-inspection/6d723024-ac7a-4116-a79b-ed53daf830c4_1000.jpg!m_fill,w_280,h_210,f_jpg?from=ke.com
20231229,昌平,回龙观,101120845758,首开国风美唐三期 交通便利 品质社区 人车分流,658万,71228元/平,底层 (共20层) | 2016年 | 2室1厅 | 92.38平米 | 南,https://ke-image.ljcdn.com/110000-inspection/911f79d6-7e86-4dd3-bf35-a5ab3c54d15c_1000.jpg!m_fill,w_280,h_210,f_jpg?from=ke.com
20231229,昌平,回龙观,101120842387,首开国风美唐二期 4室1厅 南 北,1090万,76940元/平,高楼层 (共9层) 4室1厅 | 141.67平米 | 南 北,https://ke-image.ljcdn.com/110000-inspection/735eb43f-fbf4-4917-82c7-6bda959c60a3_1000.jpg!m_fill,w_280,h_210,f_jpg?from=ke.com
20231229,昌平,回龙观,101120832642,便宜两居室+通透+中间位置+满五年唯一+诚心卖随时签约房主自荐,372万,51732元/平,顶层 (共6层) | 1994年 | 2室1厅 | 71.91平米 | 东 西,https://ke-image.ljcdn.com/110000-inspection/pc1_b5X9wQEZU.jpg!m_fill,w_280,h_210,f_jpg?from=ke.com
20231229,昌平,回龙观,101120817873,全屋新风系统采光好。户型方正。,455万,36529元/平,顶层 (共6层) 3室1厅 | 124.56平米 | 南 西 北,https://ke-image.ljcdn.com/110000-inspection/97860e0d-cc31-4741-a06f-774d1dbf4c7d_1000.jpg!m_fill,w_280,h_210,f_jpg?from=ke.com
20231229,昌平,回龙观,101120814203,户型方正 商满五唯一 采光好 业主诚售房主自荐,508万,37513元/平,高楼层 (共7层) | 2000年 | 3室2厅 | 135.42平米 | 南 北,https://ke-image.ljcdn.com/110000-inspection/pc1_mQkCtU2XU.jpg!m_fill,w_280,h_210,f_jpg?from=ke.com
20231229,昌平,回龙观,101120811146,龙锦苑一区南北通透精装修商品房满五唯一三居房主自荐,449万,38181元/平,顶层 (共6层) | 2005年 | 3室1厅 | 117.6平米 | 南 北,https://ke-image.ljcdn.com/110000-inspection/f1ef64c3-1ba1-4428-ab32-59ecdec0aca2_1000.jpg!m_fill,w_280,h_210,f_jpg?from=ke.com
20231229,昌平,回龙观,101120796943,带下跃挑高3.8米 有花苑 使用面积200平 满五唯一,818万,79735元/平,底层 (共11层) | 2006年 | 4室2厅 | 102.59平米 | 南 北,https://ke-image.ljcdn.com/110000-inspection/pc1_17Pr6qCdB.jpg!m_fill,w_280,h_210,f_jpg?from=ke.com
20231229,昌平,回龙观,101120785298,万润家园 满五年 中高楼层 诚心出售 看房随时,538万,55654元/平,中楼层 (共9层) | 2003年 | 2室2厅 | 96.67平米 | 南 北,https://ke-image.ljcdn.com/110000-inspection/pc1_2Ac8B2FaB.jpg!m_fill,w_280,h_210,f_jpg?from=ke.com
20231229,昌平,回龙观,101120780387,万润家园四居室下跃满五年唯一户型方正房主自荐,616万,41067元/平,底层 (共10层) | 2003年 | 4室1厅 | 150平米 | 东南,https://ke-image.ljcdn.com/110000-inspection/pc1_0hUA6yesA.jpg!m_fill,w_280,h_210,f_jpg?from=ke.com
20231229,昌平,回龙观,101120776764,龙城花园W区 双号楼小区中间 满五年唯一 集中供暖！,829万,43288元/平,中楼层 (共4层) | 1997年 | 3室2厅 | 191.51平米 | 南 北,https://ke-image.ljcdn.com/110000-inspection/5717d48e-6eff-472d-ade0-8846ea04c815_1000.jpg!m_fill,w_280,h_210,f_jpg?from=ke.com
20231229,昌平,回龙观,101120767128,金域华府二期大三居南北通透商品房满五唯一自住精装,1150万,98459元/平,底层 (共28层) | 2014年 | 3室1厅 | 116.8平米 | 南 北,https://ke-image.ljcdn.com/110000-inspection/pc1_Hm1XK0IYX_1.jpg!m_fill,w_280,h_210,f_jpg?from=ke.com
20231229,昌平,回龙观,101120764910,北郊农场宿舍 2室1厅 南 北 西,360万,55754元/平,中楼层 (共4层) | 1994年 | 2室1厅 | 64.57平米 | 南 北 西,https://ke-image.ljcdn.com/110000-inspection/pc1_g9k5VDDAU.jpg!m_fill,w_280,h_210,f_jpg?from=ke.com
20231229,昌平,回龙观,101120755240,云趣园三区 2室1厅 南 北,475万,50000元/平,底层 (共6层) 2室1厅 | 95平米 | 南 北,https://ke-image.ljcdn.com/110000-inspection/f0558360-b2d0-4b49-9bea-74dac9b4fa8a_1000.jpg!m_fill,w_280,h_210,f_jpg?from=ke.com
20231229,昌平,回龙观,101120744223,龙腾苑四区低楼层南北通透。,449万,44682元/平,底层 (共6层) 2室1厅 | 100.49平米 | 南 北,https://ke-image.ljcdn.com/110000-inspection/pc1_d1BsXTXCP.jpg!m_fill,w_280,h_210,f_jpg?from=ke.com
20231229,昌平,回龙观,101120742207,满五唯一高楼层视野好位置安静诚意出售,560万,63120元/平,高楼层 (共24层) 2室1厅 | 88.72平米 | 南 北,https://ke-image.ljcdn.com/110000-inspection/7daaed72-bb08-4732-90ef-22e6f26907ef_1000.jpg!m_fill,w_280,h_210,f_jpg?from=ke.com
20231229,昌平,回龙观,101120728793,融泽嘉园中路12号院 满五年唯一 精装修 中间楼层房主自荐,555万,63306元/平,中楼层 (共31层) | 2014年 | 2室1厅 | 87.67平米 | 南,https://ke-image.ljcdn.com/110000-inspection/pc1_q2kLHRC9E.jpg!m_fill,w_280,h_210,f_jpg?from=ke.com
20231229,昌平,回龙观,101120706934,北京人家 2室2厅 南,439万,47363元/平,顶层 (共6层) | 2005年 | 2室2厅 | 92.69平米 | 南,https://ke-image.ljcdn.com/110000-inspection/pc1_KKWh8l1MR_1.jpg!m_fill,w_280,h_210,f_jpg?from=ke.com
20231229,昌平,回龙观,101120702352,橡树湾北侧 带电梯双向两居室 无户口无抵押,379万,46412元/平,高楼层 (共21层) | 2016年 | 2室1厅 | 81.66平米 | 西南,https://ke-image.ljcdn.com/110000-inspection/b2c3de9f-a5e8-498e-8248-58e692c01bc1_1000.jpg!m_fill,w_280,h_210,f_jpg?from=ke.com
20231229,昌平,回龙观,101120691193,龙腾苑四区 6室1厅 南 北,695万,27520元/平,高楼层 (共6层) 6室1厅 | 252.55平米 | 南 北,https://ke-image.ljcdn.com/110000-inspection/pc1_jKKqSktqq.jpg!m_fill,w_280,h_210,f_jpg?from=ke.com
20231229,昌平,回龙观,101120686504,龙锦苑四区 精装5+6大跃层 户型方正 南北通透采光好,680万,33646元/平,高楼层 (共6层) | 2003年 | 5室2厅 | 202.11平米 | 南 北,https://ke-image.ljcdn.com/110000-inspection/35d0bdfd-9d6e-4a9d-9452-770d372f781d_1000.jpg!m_fill,w_280,h_210,f_jpg?from=ke.com
20231229,昌平,回龙观,101120674753,龙兴园中区 3室1厅 南 北,480万,49521元/平,低楼层 (共6层) | 1997年 | 3室1厅 | 96.93平米 | 南 北,https://ke-image.ljcdn.com/110000-inspection/pc1_7Hb7ezIOX_1.jpg!m_fill,w_280,h_210,f_jpg?from=ke.com
20231229,昌平,回龙观,101120663440,龙兴园北区 3室1厅 南 北,510万,51594元/平,底层 (共6层) | 2000年 | 3室1厅 | 98.85平米 | 南 北,https://ke-image.ljcdn.com/110000-inspection/pc1_gZNt12saU.jpg!m_fill,w_280,h_210,f_jpg?from=ke.com
20231229,昌平,回龙观,101120639202,北京人家 大三居 南北通透 集中供暖,535万,54090元/平,中楼层 (共6层) | 2004年 | 3室1厅 | 98.91平米 | 南 北,https://ke-image.ljcdn.com/110000-inspection/pc1_JYesuepfw_1.jpg!m_fill,w_280,h_210,f_jpg?from=ke.com
20231229,昌平,回龙观,101120621861,龙兴园中区 精装修 看房方便 不临街不把边 看房方便,565万,51369元/平,高楼层 (共6层) | 1997年 | 3室2厅 | 109.99平米 | 南 北,https://ke-image.ljcdn.com/110000-inspection/pc1_oyNGKsY1u_1.jpg!m_fill,w_280,h_210,f_jpg?from=ke.com
20231229,昌平,回龙观,101120615199,天慧园低楼层二居室南北通透采光视野好,485万,55196元/平,底层 (共7层) | 2000年 | 2室1厅 | 87.87平米 | 南 北,https://ke-image.ljcdn.com/110000-inspection/pc1_5UQRq34Vx_1.jpg!m_fill,w_280,h_210,f_jpg?from=ke.com
20231229,昌平,回龙观,101120601785,业主人好 诚心出售自住精装修大三居 看房方便,531万,41234元/平,高楼层 (共6层) 3室2厅 | 128.78平米 | 南 北,https://ke-image.ljcdn.com/110000-inspection/062b6f7d-ae19-4456-9fb2-10356252b740_1000.jpg!m_fill,w_280,h_210,f_jpg?from=ke.com
20231229,昌平,回龙观,101120593232,户型方正 商满五唯一 采光好  业主诚售,550万,40675元/平,中楼层 (共5层) 4室2厅 | 135.22平米 | 南 北,https://ke-image.ljcdn.com/110000-inspection/pc1_01pnpr0Mu_1.jpg!m_fill,w_280,h_210,f_jpg?from=ke.com
20231229,昌平,回龙观,101120584608,龙兴园中区 次顶层 南北通透 视野好 采光棒 满五唯一,458万,52875元/平,高楼层 (共6层) | 1997年 | 2室1厅 | 86.62平米 | 南 北,https://ke-image.ljcdn.com/110000-inspection/pc1_zMTm4jOVH_1.jpg!m_fill,w_280,h_210,f_jpg?from=ke.com
20231229,昌平,回龙观,101120555947,龙跃苑四区  5+6小复室  南北通透  商满五唯一,539万,34565元/平,高楼层 (共6层) | 2005年 | 4室2厅 | 155.94平米 | 南 北,https://ke-image.ljcdn.com/110000-inspection/a3e312df-048c-4384-9240-41b0ff086160_1000.jpg!m_fill,w_280,h_210,f_jpg?from=ke.com
20231229,昌平,回龙观,101120548884,满五唯一精装修南北通透中高层采光好、视野好,539万,61453元/平,高楼层 (共34层) 2室1厅 | 87.71平米 | 南 北,https://ke-image.ljcdn.com/110000-inspection/pc1_IilaNzP2y_1.jpg!m_fill,w_280,h_210,f_jpg?from=ke.com
20231229,昌平,回龙观,101120533486,融泽嘉园1号院 全南格局 中高层视野好 诚意出售,355万,56269元/平,中楼层 (共34层) 1室1厅 | 63.09平米 | 南,https://ke-image.ljcdn.com/110000-inspection/ce1bceb9-c269-4202-9904-307f911e03f5_1000.jpg!m_fill,w_280,h_210,f_jpg?from=ke.com
20231229,昌平,回龙观,101120530637,近地铁三居室南北通透户型方正,519万,40847元/平,顶层 (共5层) | 2007年 | 3室1厅 | 127.06平米 | 南 北,https://ke-image.ljcdn.com/110000-inspection/73e10593-e686-4ddc-a6b2-bfb7fe2c208e_1000.jpg!m_fill,w_280,h_210,f_jpg?from=ke.com
20231229,昌平,回龙观,101120512789,龙回苑 地铁400米  商满五年唯一 不临街不把边房主自荐,430万,43391元/平,顶层 (共6层) 2室1厅 | 99.1平米 | 南 北,https://ke-image.ljcdn.com/110000-inspection/89c31bb3-894c-4ef4-9e3a-99f4e1ca37a4_1000.jpg!m_fill,w_280,h_210,f_jpg?from=ke.com
20231229,昌平,回龙观,101120493346,3+4层上叠别墅有私家电梯可直达车位,1398万,63653元/平,中楼层 (共4层) 3室3厅 | 219.63平米 | 南 北,https://ke-image.ljcdn.com/110000-inspection/pc1_aJ7VtG3K2_1.jpg!m_fill,w_280,h_210,f_jpg?from=ke.com
20231229,昌平,回龙观,101120488988,房子在小区中间位置 精装修 无遮挡,559万,60841元/平,低楼层 (共27层) 2室1厅 | 91.88平米 | 南 北,https://ke-image.ljcdn.com/110000-inspection/pc1_TMDRTHnuC.jpg!m_fill,w_280,h_210,f_jpg?from=ke.com
20231229,昌平,回龙观,101120485863,龙旗广场 正规三居室 满五年唯一 精装修 看房方便,488万,55235元/平,高楼层 (共28层) | 2010年 | 3室1厅 | 88.35平米 | 东南 北,https://ke-image.ljcdn.com/110000-inspection/pc1_uLdZSOxLF.jpg!m_fill,w_280,h_210,f_jpg?from=ke.com
20231229,昌平,回龙观,101120480591,通达园南北通透三居室视野好无遮挡,625万,47645元/平,底层 (共7层) 3室1厅 | 131.18平米 | 南 北,https://ke-image.ljcdn.com/110000-inspection/pc1_vWm7xMQEq_1.jpg!m_fill,w_280,h_210,f_jpg?from=ke.com
20231229,昌平,回龙观,101120469563,龙腾苑二区 格局好客厅的阳台是落地窗视野很好,960万,42148元/平,高楼层 (共6层) | 2003年 | 5室2厅 | 227.77平米 | 南 北,https://ke-image.ljcdn.com/110000-inspection/pc1_bRZZgImB8.jpg!m_fill,w_280,h_210,f_jpg?from=ke.com
20231229,昌平,回龙观,101120392286,金域华府三期南北双通透中间层东边户明卫出租中满五年,940万,81042元/平,低楼层 (共26层) | 2015年 | 3室2厅 | 115.99平米 | 东 南 北,https://ke-image.ljcdn.com/110000-inspection/pc1_R5uAPrwUa.jpg!m_fill,w_280,h_210,f_jpg?from=ke.com
20231229,昌平,回龙观,101120389976,满五唯一 采光无遮挡 南北通透适宜居住,630万,56065元/平,底层 (共33层) | 2014年 | 3室1厅 | 112.37平米 | 南 北,https://ke-image.ljcdn.com/110000-inspection/pc1_bdFyiXdgp.jpg!m_fill,w_280,h_210,f_jpg?from=ke.com
20231229,昌平,回龙观,101120356117,商品房满五唯一采光好视野好房主自荐,349万,53169元/平,顶层 (共4层) 2室1厅 | 65.64平米 | 南 北,https://ke-image.ljcdn.com/110000-inspection/pc1_wrA982aqS.jpg!m_fill,w_280,h_210,f_jpg?from=ke.com
20231229,昌平,回龙观,101120331516,宽house吉晟别墅北入户南花园,1450万,61895元/平,底层 (共3层) | 2003年 | 4室1厅 | 234.27平米 | 南 北,https://ke-image.ljcdn.com/110000-inspection/pc1_E2sZ6eUXQ_1.jpg!m_fill,w_280,h_210,f_jpg?from=ke.com
20231229,昌平,回龙观,101120311968,龙兴园南区 2室1厅 南 北,480万,56478元/平,中楼层 (共7层) | 1999年 | 2室1厅 | 84.99平米 | 南 北,https://ke-image.ljcdn.com/110000-inspection/pc1_ACy6ayVBt_1.jpg!m_fill,w_280,h_210,f_jpg?from=ke.com
20231229,昌平,回龙观,101120306847,下叠精装修别墅有私家电梯可直达车位不临街房主自荐,1699万,67652元/平,底层 (共4层) 4室3厅 | 251.14平米 | 南 北,https://ke-image.ljcdn.com/110000-inspection/1f4283b0-e991-455e-a83e-72ef33164aef_1000.jpg!m_fill,w_280,h_210,f_jpg?from=ke.com
20231229,昌平,回龙观,101120276817,平西府东路1号院二区叠拼别墅。,1398万,64050元/平,中楼层 (共4层) 3室1厅 | 218.27平米 | 北 南,https://ke-image.ljcdn.com/110000-inspection/pc1_2zxStgpVE.jpg!m_fill,w_280,h_210,f_jpg?from=ke.com
20231229,昌平,回龙观,101120265862,矩阵二期 1室1厅 南,410万,59258元/平,中楼层 (共12层) | 2005年 | 1室1厅 | 69.19平米 | 南,https://ke-image.ljcdn.com/110000-inspection/a29865ea-6304-490a-8303-efcc4d801a52_1000.jpg!m_fill,w_280,h_210,f_jpg?from=ke.com
20231229,昌平,回龙观,101120259311,矩阵一期 2室1厅 南 北,399万,63728元/平,底层 (共6层) 2室1厅 | 62.61平米 | 南 北,https://ke-image.ljcdn.com/110000-inspection/c12b7474-be49-4f79-b78c-7f700a4672b0_1000.jpg!m_fill,w_280,h_210,f_jpg?from=ke.com
20231229,昌平,回龙观,101120257884,云趣园一区   一层三居室  满五年  看房方便,520万,50010元/平,底层 (共6层) 3室2厅 | 103.98平米 | 南 北,https://ke-image.ljcdn.com/110000-inspection/a5e8b6d5-20e5-4897-b2cb-51ca11bf6ca9_1000.jpg!m_fill,w_280,h_210,f_jpg?from=ke.com
20231229,昌平,回龙观,101120257146,龙锦苑二区精装两居满五年唯一,445万,43033元/平,顶层 (共6层) | 2005年 | 2室1厅 | 103.41平米 | 南 北,https://ke-image.ljcdn.com/110000-inspection/bdab6764-8fe4-4194-9b03-6ad2de154f42_1000.jpg!m_fill,w_280,h_210,f_jpg?from=ke.com
20231229,昌平,回龙观,101120246237,龙跃苑东五区 中间位置 南北通透 中间层 离地铁300米,515万,52930元/平,中楼层 (共5层) | 2007年 | 2室1厅 | 97.3平米 | 南 北,https://ke-image.ljcdn.com/110000-inspection/1644f05a-b24a-4c0f-9809-30a458a2f679_1000.jpg!m_fill,w_280,h_210,f_jpg?from=ke.com
20231229,昌平,回龙观,101120245026,精装修大四居近公园近地铁小区中间,598万,42687元/平,中楼层 (共7层) | 2000年 | 4室1厅 | 140.09平米 | 南 北,https://ke-image.ljcdn.com/110000-inspection/pc1_4pglxkOLS_1.jpg!m_fill,w_280,h_210,f_jpg?from=ke.com
20231229,昌平,回龙观,101120240245,慧华苑 精装修正规三居 低楼层 双阳台 南北通透,445万,49308元/平,低楼层 (共6层) | 1996年 | 3室1厅 | 90.25平米 | 南 北,https://ke-image.ljcdn.com/110000-inspection/8c4fe56d-6190-4f52-b84b-9ac792f0742a_1000.jpg!m_fill,w_280,h_210,f_jpg?from=ke.com
20231229,昌平,回龙观,101120238082,商品房满五唯一三面采光单价低有钥匙,565万,32932元/平,高楼层 (共7层) 4室2厅 | 171.57平米 | 南 北,https://ke-image.ljcdn.com/110000-inspection/pc1_Pld2QqXfi_1.jpg!m_fill,w_280,h_210,f_jpg?from=ke.com
20231229,昌平,回龙观,101120230984,万润电梯两居室中间楼层精装修,528万,54619元/平,低楼层 (共9层) | 2003年 | 2室2厅 | 96.67平米 | 南 北,https://ke-image.ljcdn.com/110000-inspection/pc1_PKeNOHg2z.jpg!m_fill,w_280,h_210,f_jpg?from=ke.com
20231229,昌平,回龙观,101120230773,婚房装修两居室 带电梯 近地铁 无户口无抵押,389万,64309元/平,底层 (共11层) 2室1厅 | 60.49平米 | 东北,https://ke-image.ljcdn.com/110000-inspection/pc1_mW94o49ee_1.jpg!m_fill,w_280,h_210,f_jpg?from=ke.com
20231229,昌平,回龙观,101120222458,宽house 吉晟别墅F户型 南北通透 近地铁,1390万,59278元/平,底层 (共3层) 3室1厅 | 234.49平米 | 南 北,https://ke-image.ljcdn.com/110000-inspection/b8f0d4fc-8425-470c-a272-79d749151ee0_1000.jpg!m_fill,w_280,h_210,f_jpg?from=ke.com
20231229,昌平,回龙观,101120220472,万科金域华府三期南向精装两居满五唯一无抵押无户口,658万,83134元/平,低楼层 (共25层) 2室1厅 | 79.15平米 | 南,https://ke-image.ljcdn.com/110000-inspection/6482f4ee-5f82-453a-a889-6147f624e1c6_1000.jpg!m_fill,w_280,h_210,f_jpg?from=ke.com
20231229,昌平,回龙观,101120194533,商满五唯一南北通透楼前大空地无遮挡,498万,46625元/平,底层 (共6层) 2室1厅 | 106.81平米 | 南 北,https://ke-image.ljcdn.com/110000-inspection/pc1_gWRM3tNtP.jpg!m_fill,w_280,h_210,f_jpg?from=ke.com
20231229,昌平,回龙观,101120139076,融泽嘉园中路2号院+商品房+电梯南北三居+次新房精装房主自荐,650万,56794元/平,高楼层 (共34层) | 2014年 | 3室2厅 | 114.45平米 | 南 北,https://ke-image.ljcdn.com/110000-inspection/pc1_8z5tNZeXu_1.jpg!m_fill,w_280,h_210,f_jpg?from=ke.com
20231229,昌平,回龙观,101120138024,两卧室超朝南中间层南北三居室,590万,49819元/平,中楼层 (共6层) 3室1厅 | 118.43平米 | 南 北,https://ke-image.ljcdn.com/110000-inspection/9991f417-4e16-49d1-b9f3-833f5a4a593d_1000.jpg!m_fill,w_280,h_210,f_jpg?from=ke.com
20231229,昌平,回龙观,101120129332,业主自住 2018年精装修 南北 无遮挡 中间楼层房主自荐,538万,64385元/平,中楼层 (共31层) | 2015年 | 2室1厅 | 83.56平米 | 南 北,https://ke-image.ljcdn.com/110000-inspection/pc1_mneqPdYBw_1.jpg!m_fill,w_280,h_210,f_jpg?from=ke.com
20231229,昌平,回龙观,101120095625,云趣园二区 3室2厅 南 北,490万,46904元/平,中楼层 (共6层) | 2000年 | 3室2厅 | 104.47平米 | 南 北,https://ke-image.ljcdn.com/110000-inspection/00b2511f-cdf0-4938-b9a7-fd01c6000257_1000.jpg!m_fill,w_280,h_210,f_jpg?from=ke.com
20231229,昌平,回龙观,101120067369,此房满五年户型好采光充足视野开阔,570万,53774元/平,顶层 (共8层) | 2006年 | 2室1厅 | 106平米 | 南 北,https://ke-image.ljcdn.com/110000-inspection/pc1_3cdRXzkXy.jpg!m_fill,w_280,h_210,f_jpg?from=ke.com
20231229,昌平,回龙观,101120047547,此房满五唯一南北通透格局采光好视野无遮挡,450万,46968元/平,顶层 (共6层) | 2007年 | 2室1厅 | 95.81平米 | 南 北,https://ke-image.ljcdn.com/110000-inspection/a3276286-5d96-4e0d-91c7-420ca6ab5159_1000.jpg!m_fill,w_280,h_210,f_jpg?from=ke.com
20231229,昌平,回龙观,101120035669,房子采光好 中间位置南北朝向 格局方正客厅挑高,440万,40367元/平,高楼层 (共7层) | 2004年 | 2室2厅 | 109平米 | 南 北,https://ke-image.ljcdn.com/110000-inspection/3fbbcacb-7514-4f50-9c9a-589e68620c47_1000.jpg!m_fill,w_280,h_210,f_jpg?from=ke.com
20231229,昌平,回龙观,101120031378,商品房满五年唯一首套首付130万业主诚心出售,331万,52507元/平,中楼层 (共4层) 2室1厅 | 63.04平米 | 南 北,https://ke-image.ljcdn.com/110000-inspection/pc1_oxtttxRBQ_1.jpg!m_fill,w_280,h_210,f_jpg?from=ke.com
20231229,昌平,回龙观,101120026911,园墅 满五年唯一联排别墅  B6户型东边户 小区中位置,1500万,58244元/平,底层 (共3层) 5室3厅 | 257.54平米 | 南 北,https://ke-image.ljcdn.com/110000-inspection/pc1_KvInyyJsk_1.jpg!m_fill,w_280,h_210,f_jpg?from=ke.com
20231229,昌平,回龙观,101120025169,新龙城经典两居 南北通透 明厨明卫 不临街,568万,58909元/平,低楼层 (共11层) | 2007年 | 2室1厅 | 96.42平米 | 南 北,https://ke-image.ljcdn.com/110000-inspection/a86dbb4c-7207-462b-b2d9-31e58f516e1b_1000.jpg!m_fill,w_280,h_210,f_jpg?from=ke.com
20231229,昌平,回龙观,101119997200,龙禧苑五区 3室1厅 南 北,515万,38356元/平,高楼层 (共7层) 3室1厅 | 134.27平米 | 南 北,https://ke-image.ljcdn.com/110000-inspection/pc1_L0Ydx10qh_1.jpg!m_fill,w_280,h_210,f_jpg?from=ke.com
20231229,昌平,回龙观,101119965928,金达园小区 满五唯一 精装修 靠谱出售,500万,48333元/平,底层 (共6层) | 1998年 | 2室2厅 | 103.45平米 | 南 北,https://ke-image.ljcdn.com/110000-inspection/e994611c-964f-47d2-bfe8-6dd081da48d5_1000.jpg!m_fill,w_280,h_210,f_jpg?from=ke.com
20231229,昌平,回龙观,101119929159,2003年商品房三代同堂靠近南门地铁,660万,50548元/平,底层 (共6层) | 2002年 | 3室2厅 | 130.57平米 | 南 北,https://ke-image.ljcdn.com/110000-inspection/202b5592-e677-4d5a-b327-a99d0c440002_1000.jpg!m_fill,w_280,h_210,f_jpg?from=ke.com
20231229,昌平,回龙观,101119921553,云趣园一区  新登记中间层 三居室 看房方便  诚意出售,465万,42101元/平,中楼层 (共6层) | 2000年 | 3室2厅 | 110.45平米 | 南 北,https://ke-image.ljcdn.com/110000-inspection/pc1_8oWOIqub9.jpg!m_fill,w_280,h_210,f_jpg?from=ke.com
20231229,昌平,回龙观,101119913110,小区中间位置顶层复式视野好位置佳,860万,67005元/平,顶层 (共6层) | 2003年 | 3室2厅 | 128.35平米 | 南 北,https://ke-image.ljcdn.com/110000-inspection/pc1_7355w1Fzh_1.jpg!m_fill,w_280,h_210,f_jpg?from=ke.com
20231229,昌平,回龙观,101119882069,流星花园三区 1室0厅 北,320万,66834元/平,低楼层 (共11层) | 2006年 | 1室0厅 | 47.88平米 | 北,https://ke-image.ljcdn.com/110000-inspection/pc1_JA6XJpvS7_1.jpg!m_fill,w_280,h_210,f_jpg?from=ke.com
20231229,昌平,回龙观,101119858742,万科金域华府 全南一居室 满五唯一 位置好,470万,75345元/平,中楼层 (共28层) 1室1厅 | 62.38平米 | 南,https://ke-image.ljcdn.com/110000-inspection/pc1_rwMxsik0B.jpg!m_fill,w_280,h_210,f_jpg?from=ke.com
20231229,昌平,回龙观,101119850465,金达园东向一居室 满五唯一商品房 中间楼层,270万,47924元/平,中楼层 (共5层) | 1998年 | 1室1厅 | 56.34平米 | 东,https://ke-image.ljcdn.com/110000-inspection/pc1_A6odzO5b7_1.jpg!m_fill,w_280,h_210,f_jpg?from=ke.com
20231229,昌平,回龙观,101119833815,中间楼层  干净整洁 全明格局的大三居,529万,40665元/平,中楼层 (共6层) | 2008年 | 3室2厅 | 130.09平米 | 南 北,https://ke-image.ljcdn.com/110000-inspection/pc1_ngReWmeNi.jpg!m_fill,w_280,h_210,f_jpg?from=ke.com
20231229,昌平,回龙观,101119832534,龙兴园中区高层视野采光好业主急售房主自荐,389万,40521元/平,顶层 (共6层) | 1997年 | 3室2厅 | 96平米 | 南 北,https://ke-image.ljcdn.com/110000-inspection/pc1_iMhN1sosX.jpg!m_fill,w_280,h_210,f_jpg?from=ke.com
20231229,昌平,回龙观,101119826986,北京城建·龙樾华府 4室3厅 南 北,1400万,56900元/平,底层 (共4层) 4室3厅 | 246.05平米 | 南 北,https://ke-image.ljcdn.com/110000-inspection/pc1_etkoK3qgm_1.jpg!m_fill,w_280,h_210,f_jpg?from=ke.com
20231229,昌平,回龙观,101119813522,龙旗广场 电梯一居室 商品房 精装,382万,62871元/平,中楼层 (共28层) | 2010年 | 1室1厅 | 60.76平米 | 东 南,https://ke-image.ljcdn.com/110000-inspection/7d988904-fff8-47e8-871a-e1f242edf4c9_1000.jpg!m_fill,w_280,h_210,f_jpg?from=ke.com
20231229,昌平,回龙观,101119803676,龙博苑一区满五唯一 商品房小区中间位置低楼层三居,489万,49112元/平,底层 (共6层) | 2005年 | 3室1厅 | 99.57平米 | 南 北,https://ke-image.ljcdn.com/110000-inspection/pc1_Sf7dnRRwo.jpg!m_fill,w_280,h_210,f_jpg?from=ke.com
20231229,昌平,回龙观,101119778991,龙禧云趣园二区 中间位置 看房随时,565万,40502元/平,高楼层 (共7层) | 2000年 | 3室2厅 | 139.5平米 | 南 北,https://ke-image.ljcdn.com/110000-inspection/pc1_2Oat1TMbF_1.jpg!m_fill,w_280,h_210,f_jpg?from=ke.com
20231229,昌平,回龙观,101119775222,吉晟别墅 4室1厅 南 北,1890万,75221元/平,底层 (共3层) | 2005年 | 4室1厅 | 251.26平米 | 南 北,https://ke-image.ljcdn.com/110000-inspection/pc1_buZt3vBgw.jpg!m_fill,w_280,h_210,f_jpg?from=ke.com
20231229,昌平,回龙观,101119756568,满五年唯一  靠谱出售  随时签约,489万,56363元/平,低楼层 (共18层) | 2014年 | 2室1厅 | 86.76平米 | 南,https://ke-image.ljcdn.com/110000-inspection/pc1_xsvf0BfhN.jpg!m_fill,w_280,h_210,f_jpg?from=ke.com
20231229,昌平,回龙观,101119665060,首开国风美唐二期东向两居满五唯一,522万,63166元/平,中楼层 (共21层) | 2015年 | 2室1厅 | 82.64平米 | 东,https://ke-image.ljcdn.com/110000-inspection/3cd260d4-b0ed-4c8a-9005-30f4c524766f_1000.jpg!m_fill,w_280,h_210,f_jpg?from=ke.com
20231229,昌平,回龙观,101119655216,商品房满五年唯一产权清晰南北通透中间楼层,477万,54709元/平,中楼层 (共7层) | 2005年 | 3室1厅 | 87.19平米 | 南 北,https://ke-image.ljcdn.com/110000-inspection/pc1_qnxfZa36p.jpg!m_fill,w_280,h_210,f_jpg?from=ke.com
20231229,昌平,回龙观,101119650773,龙城花园W区 3室3厅 南 北房主自荐,980万,51173元/平,顶层 (共4层) | 1997年 | 3室3厅 | 191.51平米 | 南 北,https://ke-image.ljcdn.com/110000-inspection/28970844-dcf1-48b3-a9e7-c6e233558bae_1000.jpg!m_fill,w_280,h_210,f_jpg?from=ke.com
20231229,昌平,回龙观,101119622467,本房商满五唯一格局好 钢混结构不临街不把边,586万,45818元/平,低楼层 (共6层) | 2005年 | 3室1厅 | 127.9平米 | 东 西,https://ke-image.ljcdn.com/110000-inspection/pc1_tpq9cNyto.jpg!m_fill,w_280,h_210,f_jpg?from=ke.com
20231229,昌平,回龙观,101119610382,龙泽苑西区2005年钢混大三居室户型好视野好,728万,57985元/平,中楼层 (共7层) | 2005年 | 3室1厅 | 125.55平米 | 南 北 东,https://ke-image.ljcdn.com/110000-inspection/pc1_8dg1AcMpZ.jpg!m_fill,w_280,h_210,f_jpg?from=ke.com
20231229,昌平,回龙观,101119601076,冠庭园 满五年唯一 复式 钢混结构 落地窗 普宅 采光好,498万,35671元/平,高楼层 (共7层) | 2006年 | 3室2厅 | 139.61平米 | 南 北,https://ke-image.ljcdn.com/110000-inspection/pc1_m53MLUhaz_1.jpg!m_fill,w_280,h_210,f_jpg?from=ke.com
20231229,昌平,回龙观,101119594724,融泽嘉园西二  南向两居室  中高楼层 无遮挡房主自荐,539万,61237元/平,高楼层 (共34层) | 2016年 | 2室1厅 | 88.02平米 | 南,https://ke-image.ljcdn.com/110000-inspection/00f6aa34-2e69-4ce5-9cc0-64fe5184621f_1000.jpg!m_fill,w_280,h_210,f_jpg?from=ke.com
20231229,昌平,回龙观,101119589041,2011年电梯洋房高楼层南向一居只有契税,415万,71912元/平,中楼层 (共11层) | 2011年 | 1室1厅 | 57.71平米 | 南,https://ke-image.ljcdn.com/110000-inspection/d16eed72-d81b-406a-b4c9-6aa0368b3a61_1000.jpg!m_fill,w_280,h_210,f_jpg?from=ke.com
20231229,昌平,回龙观,101119517147,6层洋房带电梯4米5挑高南北通透采光好房主自荐,530万,59685元/平,顶层 (共6层) | 2003年 | 3室1厅 | 88.8平米 | 南 北,https://ke-image.ljcdn.com/110000-inspection/pc1_RmYKzHZ6x.jpg!m_fill,w_280,h_210,f_jpg?from=ke.com
20231229,昌平,回龙观,101119506087,下叠别墅+北清路南+满五唯一一层有卧室+四居+位置好,1500万,72081元/平,底层 (共4层) 4室2厅 | 208.1平米 | 南 北,https://ke-image.ljcdn.com/110000-inspection/83b0d4f3-338c-4579-9753-bb6b54ea4de1_1000.jpg!m_fill,w_280,h_210,f_jpg?from=ke.com
20231229,昌平,回龙观,101119480650,龙泽苑东区 满五年唯一 南北通透5居大复式 露天大平台,678万,36380元/平,高楼层 (共7层) | 2003年 | 5室2厅 | 186.37平米 | 南 北,https://ke-image.ljcdn.com/110000-inspection/pc1_l1cc25uiY.jpg!m_fill,w_280,h_210,f_jpg?from=ke.com
20231229,昌平,回龙观,101119459717,平层四居室 商品房满五年唯一 业主诚心出售,528万,37964元/平,高楼层 (共6层) 4室2厅 | 139.08平米 | 南 北,https://ke-image.ljcdn.com/110000-inspection/pc1_hpRkXUB2X.jpg!m_fill,w_280,h_210,f_jpg?from=ke.com
20231229,昌平,回龙观,101119457044,金域华府一期 2室1厅 南 北,699万,70259元/平,中楼层 (共27层) 2室1厅 | 99.49平米 | 南 北,https://ke-image.ljcdn.com/110000-inspection/709764d2-ff13-4129-b38d-42db73352ded_1000.jpg!m_fill,w_280,h_210,f_jpg?from=ke.com
20231229,昌平,回龙观,101119455035,精装修门口在建13号线商品房满五唯一房主自荐,450万,40136元/平,顶层 (共6层) | 2000年 | 3室1厅 | 112.12平米 | 南 北,https://ke-image.ljcdn.com/110000-inspection/pc1_in2Bee8e6.jpg!m_fill,w_280,h_210,f_jpg?from=ke.com
20231229,昌平,回龙观,101119449299,融泽嘉园中路1号院    满五年  精装修   看房提前联系,475万,54417元/平,低楼层 (共28层) | 2014年 | 2室1厅 | 87.29平米 | 南,https://ke-image.ljcdn.com/110000-inspection/pc1_n6gysxeNm_1.jpg!m_fill,w_280,h_210,f_jpg?from=ke.com
20231229,昌平,回龙观,101119441667,满五年唯一采光好视野好业主诚心出售房主自荐,629万,79050元/平,低楼层 (共28层) | 2014年 | 2室1厅 | 79.57平米 | 南,https://ke-image.ljcdn.com/110000-inspection/ab1d427b-60bd-463e-8b25-a951c394f423_1000.jpg!m_fill,w_280,h_210,f_jpg?from=ke.com
20231229,昌平,回龙观,101119415537,此房是商品房满五年唯一住房不临高压线,1600万,60680元/平,底层 (共3层) | 2004年 | 2室1厅 | 263.68平米 | 南 北,https://ke-image.ljcdn.com/110000-inspection/pc1_vEcdnXFtJ.jpg!m_fill,w_280,h_210,f_jpg?from=ke.com
20231229,昌平,回龙观,101119409919,地铁新龙泽站北侧纯商品房社区该户型利用率高,435万,59000元/平,顶层 (共6层) | 2006年 | 2室1厅 | 73.73平米 | 南 北,https://ke-image.ljcdn.com/110000-inspection/pc1_CF5M6WLPk.jpg!m_fill,w_280,h_210,f_jpg?from=ke.com
20231229,昌平,回龙观,101119372055,流星花园三区中间楼栋一层大空间三居室房主自荐,755万,50556元/平,底层 (共6层) | 2003年 | 3室1厅 | 149.34平米 | 南 北,https://ke-image.ljcdn.com/110000-inspection/pc1_BQhicoSmT_1.jpg!m_fill,w_280,h_210,f_jpg?from=ke.com
20231229,昌平,回龙观,101119362580,4+5层复式商品房自住精装南北无遮挡,650万,42015元/平,中楼层 (共5层) 4室2厅 | 154.71平米 | 南 北,https://ke-image.ljcdn.com/110000-inspection/pc1_TJRTyTK4M_1.jpg!m_fill,w_280,h_210,f_jpg?from=ke.com
20231229,昌平,回龙观,101119321916,流星花园三区 中间位置 下跃户型  诚意出售,349万,77677元/平,底层 (共11层) | 2006年 | 1室0厅 | 44.93平米 | 北,https://ke-image.ljcdn.com/110000-inspection/pc1_yeWKvRARy_1.jpg!m_fill,w_280,h_210,f_jpg?from=ke.com
20231229,昌平,回龙观,101119305516,龙城花园北二区精装2居室2层带阳台满五年唯一房主自荐,346万,52712元/平,中楼层 (共4层) 2室1厅 | 65.64平米 | 南 北,https://ke-image.ljcdn.com/110000-inspection/pc1_pUqwwYFyI.jpg!m_fill,w_280,h_210,f_jpg?from=ke.com
20231229,昌平,回龙观,101119304200,首开国风美唐二期   精装一居  诚心出售,408万,67450元/平,低楼层 (共18层) | 2015年 | 1室1厅 | 60.49平米 | 东,https://ke-image.ljcdn.com/110000-inspection/f5d38293-e248-44b2-bf76-9e90a848d1f6_1000.jpg!m_fill,w_280,h_210,f_jpg?from=ke.com
20231229,昌平,回龙观,101119297813,正规两居室不临街高楼层视野采光好户型方正,549万,60670元/平,高楼层 (共20层) | 2007年 | 2室1厅 | 90.49平米 | 西南,https://ke-image.ljcdn.com/110000-inspection/affd9f95-3ca7-40b4-81f4-79e015ae4ff7_1000.jpg!m_fill,w_280,h_210,f_jpg?from=ke.com
20231229,昌平,回龙观,101119287617,满五年唯一眼睛户型两卧客厅朝南全明格局不临街,799万,61274元/平,低楼层 (共11层) | 2006年 | 3室2厅 | 130.4平米 | 南 西 北,https://ke-image.ljcdn.com/110000-inspection/pc1_xaQwu5DpL.jpg!m_fill,w_280,h_210,f_jpg?from=ke.com
20231229,昌平,回龙观,101119285945,龙锦苑六区商品房满五年唯一南北通透,530万,39641元/平,高楼层 (共7层) | 2003年 | 3室1厅 | 133.7平米 | 南 北,https://ke-image.ljcdn.com/110000-inspection/3612aeca-47b5-4002-9708-9c0a068c3f48_1000.jpg!m_fill,w_280,h_210,f_jpg?from=ke.com
20231229,昌平,回龙观,101119284268,满五唯一接受换房7个月带挑高低层带电梯,540万,59775元/平,顶层 (共6层) | 2004年 | 2室1厅 | 90.34平米 | 南 北,https://ke-image.ljcdn.com/110000-inspection/1a7f74f5-7353-4c50-abc8-0d6634663bea_1000.jpg!m_fill,w_280,h_210,f_jpg?from=ke.com
20231229,昌平,回龙观,101119267211,龙禧苑二区 4+5层平顶复式 上下两层 南北通透,1150万,43644元/平,中楼层 (共5层) | 2003年 | 4室2厅 | 263.5平米 | 南 北,https://ke-image.ljcdn.com/110000-inspection/pc1_iDYa1KdU2.jpg!m_fill,w_280,h_210,f_jpg?from=ke.com
20231229,昌平,回龙观,101119261824,金域华府二期 2室2厅 南,740万,82397元/平,低楼层 (共27层) 2室2厅 | 89.81平米 | 南,https://ke-image.ljcdn.com/110000-inspection/087c1a8c-f74f-4417-9b70-e3b25258a0f8_1000.jpg!m_fill,w_280,h_210,f_jpg?from=ke.com
20231229,昌平,回龙观,101119260610,经典复式 满五唯一 靠谱出售 有钥匙 随时看房,559万,33673元/平,高楼层 (共6层) 4室1厅 | 166.01平米 | 南 北,https://ke-image.ljcdn.com/110000-inspection/69a3680c-d5af-4e6c-abb7-832f3cc2386b_1000.jpg!m_fill,w_280,h_210,f_jpg?from=ke.com
20231229,昌平,回龙观,101119241283,东村家园 商品房两居室 南北通透,300万,41546元/平,地下室 (共7层) | 2005年 | 2室1厅 | 72.21平米 | 南 北,https://ke-image.ljcdn.com/110000-inspection/40e52d37-2b79-4077-9c20-437abb76caed_1000.jpg!m_fill,w_280,h_210,f_jpg?from=ke.com
20231229,昌平,回龙观,101119239426,小区中间把东边精装修满五年,520万,50232元/平,中楼层 (共6层) | 2005年 | 3室1厅 | 103.52平米 | 南 北,https://ke-image.ljcdn.com/110000-inspection/ede2e690-b799-4bf0-a0cb-13b99529f8ca_1000.jpg!m_fill,w_280,h_210,f_jpg?from=ke.com
20231229,昌平,回龙观,101119227657,楼龄新2000年南北通透；小区中间位置；中间楼层,395万,55160元/平,低楼层 (共6层) | 2000年 | 2室1厅 | 71.61平米 | 南 北,https://ke-image.ljcdn.com/110000-inspection/pc1_PfBlGBpNP.jpg!m_fill,w_280,h_210,f_jpg?from=ke.com
20231229,昌平,回龙观,101119173495,小区中间位置二层满五一诚心出售,386万,56991元/平,低楼层 (共6层) 2室1厅 | 67.73平米 | 南 北,https://ke-image.ljcdn.com/110000-inspection/pc1_F9LrIc6pp.jpg!m_fill,w_280,h_210,f_jpg?from=ke.com
20231229,昌平,回龙观,101119164225,美唐花园低密电梯洋房南北通透双地铁,750万,82066元/平,顶层 (共11层) 3室1厅 | 91.39平米 | 南 北,https://ke-image.ljcdn.com/110000-inspection/e7949dc0-de51-4cae-a414-039102868a3f_1000.jpg!m_fill,w_280,h_210,f_jpg?from=ke.com
20231229,昌平,回龙观,101119152576,流星花园三区 9层 精装修 小两居,429万,72101元/平,高楼层 (共11层) | 2006年 | 2室1厅 | 59.5平米 | 西 北,https://ke-image.ljcdn.com/110000-inspection/pc1_rhZ4m8D5w.jpg!m_fill,w_280,h_210,f_jpg?from=ke.com
20231229,昌平,回龙观,101119135543,龙旗广场 精装修两居室 诚心出售房主自荐,549万,68884元/平,中楼层 (共28层) 2室1厅 | 79.7平米 | 东南,https://ke-image.ljcdn.com/110000-inspection/pc1_0t9gj3Z4k.jpg!m_fill,w_280,h_210,f_jpg?from=ke.com
20231229,昌平,回龙观,101119134085,首开国风美唐二期 双卧朝南  商品房三居 欢迎品鉴,565万,60871元/平,低楼层 (共21层) | 2015年 | 3室1厅 | 92.82平米 | 南 北,https://ke-image.ljcdn.com/110000-inspection/22877c51-9b1f-4767-b779-bb5a57a22dc5_1000.jpg!m_fill,w_280,h_210,f_jpg?from=ke.com
20231229,昌平,回龙观,101119128818,骊龙园满五唯一三居两卫 钢混建筑落地窗,689万,53628元/平,高楼层 (共6层) | 2005年 | 3室1厅 | 128.48平米 | 南 北,https://ke-image.ljcdn.com/110000-inspection/pc1_XSz5p9EO1.jpg!m_fill,w_280,h_210,f_jpg?from=ke.com
20231229,昌平,回龙观,101119122595,挑空大复式 小区中间视野好 商品房 南北通透五居三卫,550万,30967元/平,高楼层 (共7层) | 2000年 | 5室3厅 | 177.61平米 | 南 北,https://ke-image.ljcdn.com/110000-inspection/55910a6d-3b03-4c28-b3d4-88ea4ff212b1_1000.jpg!m_fill,w_280,h_210,f_jpg?from=ke.com
20231229,昌平,回龙观,101119122594,云趣园一区  新登记  满五年唯一  仅契税,429万,45321元/平,高楼层 (共6层) | 2000年 | 2室1厅 | 94.66平米 | 南 北,https://ke-image.ljcdn.com/110000-inspection/d5f31507-6a6d-4db6-9556-bc2669d730a9_1000.jpg!m_fill,w_280,h_210,f_jpg?from=ke.com
20231229,昌平,回龙观,101119103626,龙禧苑五区 商品房满五唯一 配套齐全 价格可谈,539万,40182元/平,高楼层 (共7层) | 2003年 | 3室2厅 | 134.14平米 | 南 北,https://ke-image.ljcdn.com/110000-inspection/pc1_kv6K7oxAZ.jpg!m_fill,w_280,h_210,f_jpg?from=ke.com
20231229,昌平,回龙观,101119089958,南北通透两居室近地铁交通方便周边配套齐全,335万,54278元/平,顶层 (共4层) | 1992年 | 2室1厅 | 61.72平米 | 南 北,https://ke-image.ljcdn.com/110000-inspection/pc1_bKCzCbys5.jpg!m_fill,w_280,h_210,f_jpg?from=ke.com
20231229,昌平,回龙观,101119088023,龙邸小区叠拼 带电梯 4居室 采光好 诚心出售房主自荐,1176万,49943元/平,高楼层 (共6层) 4室2厅 | 235.47平米 | 南 北,https://ke-image.ljcdn.com/110000-inspection/pc1_9UopHCiiJ.jpg!m_fill,w_280,h_210,f_jpg?from=ke.com
20231229,昌平,回龙观,101119066963,龙回苑三居两卫精装南北通透采光好位置佳满五唯一房主自荐,565万,44325元/平,中楼层 (共7层) | 2004年 | 3室1厅 | 127.47平米 | 南 北,https://ke-image.ljcdn.com/110000-inspection/1f1ea336-8769-4623-beba-e58d6e7f8483_1000.jpg!m_fill,w_280,h_210,f_jpg?from=ke.com
20231229,昌平,回龙观,101119061354,龙旗广场 电梯两居 商品房 中高层,478万,59654元/平,中楼层 (共28层) | 2010年 | 2室1厅 | 80.13平米 | 西南,https://ke-image.ljcdn.com/110000-inspection/pc1_uMAtxqT8j_1.jpg!m_fill,w_280,h_210,f_jpg?from=ke.com
20231229,昌平,回龙观,101119051108,新龙城 1室0厅 北,275万,59628元/平,中楼层 (共20层) 1室0厅 | 46.12平米 | 北,https://ke-image.ljcdn.com/110000-inspection/pc1_IY5tGSEwm.jpg!m_fill,w_280,h_210,f_jpg?from=ke.com
20231229,昌平,回龙观,101119041130,四卧朝南大复式小区中间位置。视野好,450万,31751元/平,高楼层 (共7层) 4室2厅 | 141.73平米 | 南 北,https://ke-image.ljcdn.com/110000-inspection/pc1_E7W5GegnJ.jpg!m_fill,w_280,h_210,f_jpg?from=ke.com
20231229,昌平,回龙观,101119019026,金达园小区 南北朝向 户型方正采光好 业主诚意出售,365万,44136元/平,高楼层 (共6层) | 1998年 | 2室1厅 | 82.7平米 | 南 北,https://ke-image.ljcdn.com/110000-inspection/pc1_dRsBADggE.jpg!m_fill,w_280,h_210,f_jpg?from=ke.com
20231229,昌平,回龙观,101119009358,龙兴园南区满五唯一复式 采光视野好 诚意出售,628万,38471元/平,高楼层 (共7层) | 1999年 | 5室1厅 | 163.24平米 | 南 北,https://ke-image.ljcdn.com/110000-inspection/pc1_Oy8rgX9Lg_1.jpg!m_fill,w_280,h_210,f_jpg?from=ke.com
20231229,昌平,回龙观,101119007833,融泽嘉园中路12号院 满五年唯一 落地窗 无遮挡采光好房主自荐,499万,61439元/平,低楼层 (共31层) | 2014年 | 2室1厅 | 81.22平米 | 南,https://ke-image.ljcdn.com/110000-inspection/8a24d5cb-fc01-42fb-92a4-e7d24c524dc5_1000.jpg!m_fill,w_280,h_210,f_jpg?from=ke.com
20231229,昌平,回龙观,101119002144,眼镜房户型 两卧室朝南 客厅朝南户型 商品房满五唯一,653万,45938元/平,中楼层 (共6层) | 2005年 | 3室2厅 | 142.15平米 | 南 北,https://ke-image.ljcdn.com/110000-inspection/pc1_rVUuoyeVd.jpg!m_fill,w_280,h_210,f_jpg?from=ke.com
20231229,昌平,回龙观,101118995204,此房满五唯一南北通透 采光位置好,499万,59718元/平,低楼层 (共31层) | 2014年 | 2室1厅 | 83.56平米 | 南 北,https://ke-image.ljcdn.com/110000-inspection/pc1_nbPjaHNZk.jpg!m_fill,w_280,h_210,f_jpg?from=ke.com
20231229,昌平,回龙观,101118986769,龙锦苑四区 中间位置5+6跃层 南北通透 采光好,708万,37690元/平,高楼层 (共6层) | 2003年 | 5室2厅 | 187.85平米 | 北 南,https://ke-image.ljcdn.com/110000-inspection/c478d880-bf02-4e6d-a64b-7349b9ef0f47_1000.jpg!m_fill,w_280,h_210,f_jpg?from=ke.com
20231229,昌平,回龙观,101118985545,龙腾苑四区 南北通透 看房随时,625万,33242元/平,高楼层 (共6层) 5室1厅 | 188.02平米 | 南 北,https://ke-image.ljcdn.com/110000-inspection/pc1_uCESW9CPm.jpg!m_fill,w_280,h_210,f_jpg?from=ke.com
20231229,昌平,回龙观,101118955617,近地铁 双卧朝南 中间位置 户型方正 采光好 视野好,476万,45669元/平,顶层 (共6层) | 2000年 | 3室2厅 | 104.23平米 | 南 北,https://ke-image.ljcdn.com/110000-inspection/df916232-2be6-4ee2-bcec-84cc2ddf8340_1000.jpg!m_fill,w_280,h_210,f_jpg?from=ke.com
20231229,昌平,回龙观,101118943848,金域华府二期万科物业 南北通透 中楼层更安静,735万,80522元/平,低楼层 (共27层) | 2014年 | 2室1厅 | 91.28平米 | 南 北,https://ke-image.ljcdn.com/110000-inspection/7a05f649-1c90-4392-9db5-4eb96fd006fd_1000.jpg!m_fill,w_280,h_210,f_jpg?from=ke.com
20231229,昌平,回龙观,101118940353,万润家园 3室1厅 南 西,690万,35750元/平,底层 (共12层) | 2003年 | 3室1厅 | 193.01平米 | 南 西,https://ke-image.ljcdn.com/110000-inspection/pc1_h5nQsbYtc.jpg!m_fill,w_280,h_210,f_jpg?from=ke.com
20231229,昌平,回龙观,101118926414,户型好 位置合适 适合老人小孩居住 布局合理,410万,67780元/平,底层 (共18层) | 2015年 | 1室1厅 | 60.49平米 | 东,https://ke-image.ljcdn.com/110000-inspection/da4d199e-9dfa-480a-b96b-9b20680a0874_1000.jpg!m_fill,w_280,h_210,f_jpg?from=ke.com
20231229,昌平,回龙观,101118901152,金域华府 南北通透精装修 满五唯一 采光好,640万,64549元/平,高楼层 (共27层) | 2012年 | 2室1厅 | 99.15平米 | 南 北,https://ke-image.ljcdn.com/110000-inspection/189b5fa0-8cff-40ec-ae05-943decad6232_1000.jpg!m_fill,w_280,h_210,f_jpg?from=ke.com
20231229,昌平,回龙观,101118894315,经典复式 商满五唯一 全明格局  南北通透 靠谱签约,580万,37343元/平,高楼层 (共6层) | 2005年 | 4室1厅 | 155.32平米 | 南 西 北,https://ke-image.ljcdn.com/110000-inspection/73469018-b683-4225-a6e4-0de5cd22413c_1000.jpg!m_fill,w_280,h_210,f_jpg?from=ke.com
20231229,昌平,回龙观,101118859150,京投发展公园悦府一区自住精装修全明格局S5+1,635万,67647元/平,高楼层 (共22层) 2室2厅 | 93.87平米 | 东 南 北,https://ke-image.ljcdn.com/110000-inspection/94727a79-c5cc-4bd4-b09a-97970937a379_1000.jpg!m_fill,w_280,h_210,f_jpg?from=ke.com
20231229,昌平,回龙观,101118858094,融泽嘉园中路6号院满五年南北两居,525万,53235元/平,中楼层 (共25层) | 2013年 | 2室1厅 | 98.62平米 | 南 北,https://ke-image.ljcdn.com/110000-inspection/pc1_LxaUlyeZh_1.jpg!m_fill,w_280,h_210,f_jpg?from=ke.com
20231229,昌平,回龙观,101118853945,龙腾苑四区 大复式 钢混结构 诚心出售,750万,34649元/平,高楼层 (共7层) | 2003年 | 5室2厅 | 216.46平米 | 南 北,https://ke-image.ljcdn.com/110000-inspection/pc1_jM4Dizaa6.jpg!m_fill,w_280,h_210,f_jpg?from=ke.com
20231229,昌平,回龙观,101118832712,有电梯 周期可给 价格可谈 出行方便 仅契税 不临街,628万,48713元/平,低楼层 (共6层) | 2003年 | 3室1厅 | 128.92平米 | 南 北,https://ke-image.ljcdn.com/110000-inspection/pc1_fjcRclfTl.jpg!m_fill,w_280,h_210,f_jpg?from=ke.com
20231229,昌平,回龙观,101118826344,慧华苑通透两居双卧朝南满五年唯一,340万,47387元/平,顶层 (共6层) | 1996年 | 2室1厅 | 71.75平米 | 南 北,https://ke-image.ljcdn.com/110000-inspection/pc1_w5bzAMZNL.jpg!m_fill,w_280,h_210,f_jpg?from=ke.com
20231229,昌平,回龙观,101118775751,双地铁+钢混结构商品房+电梯7层+落地窗,465万,62813元/平,中楼层 (共11层) 2室1厅 | 74.03平米 | 南 北,https://ke-image.ljcdn.com/110000-inspection/a548d43c-ba36-4358-b1bd-2f01a015edbe_1000.jpg!m_fill,w_280,h_210,f_jpg?from=ke.com
20231229,昌平,回龙观,101118756705,独栋别墅精装修满五唯一无抵押无户口大花园,2550万,75193元/平,底层 (共3层) 7室2厅 | 339.13平米 | 南 北,https://ke-image.ljcdn.com/110000-inspection/pc1_lo2ze6cP0.jpg!m_fill,w_280,h_210,f_jpg?from=ke.com
20231229,昌平,回龙观,101118753554,龙锦苑一区、3居室、满五年唯一、看房方便,468万,37196元/平,顶层 (共6层) | 2005年 | 3室1厅 | 125.82平米 | 南 北,https://ke-image.ljcdn.com/110000-inspection/72a17292-c323-432c-a1a1-3d8426b10b0a_1000.jpg!m_fill,w_280,h_210,f_jpg?from=ke.com
20231229,昌平,回龙观,101118751484,精装修5+6层复式采光好户型方正,599万,35581元/平,高楼层 (共6层) | 2003年 | 4室2厅 | 168.35平米 | 南 北,https://ke-image.ljcdn.com/110000-inspection/1fd3ab36-47da-4e8a-a3dd-30ab0fa8a3bd_1000.jpg!m_fill,w_280,h_210,f_jpg?from=ke.com
20231229,昌平,回龙观,101118748523,一层小区中间商品房满五年诚心出售看房方便,660万,46584元/平,底层 (共6层) | 2002年 | 3室1厅 | 141.68平米 | 南 北,https://ke-image.ljcdn.com/110000-inspection/pc1_UL448gMEd.jpg!m_fill,w_280,h_210,f_jpg?from=ke.com
20231229,昌平,回龙观,101118698863,商品房满五唯一 100平通透户型 一梯两户 得房率80%,615万,61439元/平,底层 (共11层) | 2014年 | 2室2厅 | 100.1平米 | 南 北,https://ke-image.ljcdn.com/110000-inspection/2955a183-f63f-4b5d-858b-578eb5fc76ae_1000.jpg!m_fill,w_280,h_210,f_jpg?from=ke.com
20231229,昌平,回龙观,101118691318,商品房满五年唯一不临街南北一居室,379万,57096元/平,中楼层 (共7层) | 2003年 | 1室1厅 | 66.38平米 | 南 北,https://ke-image.ljcdn.com/110000-inspection/e0e2b851-2482-426c-85d6-a7455e9965a5_1000.jpg!m_fill,w_280,h_210,f_jpg?from=ke.com
20231229,昌平,回龙观,101118684433,云趣园二区商满五唯一4+5复式视野好 近地铁,620万,45852元/平,中楼层 (共5层) | 2000年 | 4室2厅 | 135.22平米 | 南 北,https://ke-image.ljcdn.com/110000-inspection/da5a5029-a0c4-4cad-9e38-a15350624594_1000.jpg!m_fill,w_280,h_210,f_jpg?from=ke.com
20231229,昌平,回龙观,101118671103,北京人家-双卧朝南-三居两卫-中楼层-无遮挡-视野开阔房主自荐,615万,54162元/平,高楼层 (共6层) | 2004年 | 3室2厅 | 113.55平米 | 南 北,https://ke-image.ljcdn.com/110000-inspection/pc1_VNv8c3zsR.jpg!m_fill,w_280,h_210,f_jpg?from=ke.com
20231229,昌平,回龙观,101118659659,龙腾苑四区 5室2厅 南 北,645万,34262元/平,高楼层 (共6层) 5室2厅 | 188.26平米 | 南 北,https://ke-image.ljcdn.com/110000-inspection/pc1_G2tvhKZH1.jpg!m_fill,w_280,h_210,f_jpg?from=ke.com
20231229,昌平,回龙观,101118644867,金域华府二期高楼层满五年唯一采光好视野棒,925万,79196元/平,高楼层 (共28层) | 2014年 | 3室2厅 | 116.8平米 | 南 北,https://ke-image.ljcdn.com/110000-inspection/pc1_ZxFZENwza_1.jpg!m_fill,w_280,h_210,f_jpg?from=ke.com
20231229,昌平,回龙观,101118638919,新龙城 A1 南北通透 无遮挡 视野好 交通便利,617万,61308元/平,低楼层 (共9层) 2室2厅 | 100.64平米 | 南 北,https://ke-image.ljcdn.com/110000-inspection/pc1_fWJFv4kBs.jpg!m_fill,w_280,h_210,f_jpg?from=ke.com
20231229,昌平,回龙观,101118626594,电梯两居室南北通透两居两卫卧室带飘窗房主自荐,498万,51083元/平,低楼层 (共11层) | 2004年 | 2室1厅 | 97.49平米 | 南 北,https://ke-image.ljcdn.com/110000-inspection/ec94acc6-a6fa-4bed-b069-8bca556abb95_1000.jpg!m_fill,w_280,h_210,f_jpg?from=ke.com
20231229,昌平,回龙观,101118623037,商品房非顶层落地窗近地铁格局正看房方便,425万,47764元/平,高楼层 (共6层) | 2005年 | 2室1厅 | 88.98平米 | 南 北,https://ke-image.ljcdn.com/110000-inspection/9bc42a7b-b9c8-4a99-966c-9200bd219308_1000.jpg!m_fill,w_280,h_210,f_jpg?from=ke.com
20231229,昌平,回龙观,101118614459,平层复式全明格局商品房满五唯一钢混结构。房主自荐,590万,37960元/平,高楼层 (共7层) | 2004年 | 4室3厅 | 155.43平米 | 南 北,https://ke-image.ljcdn.com/110000-inspection/pc1_ZBfAl0sCP.jpg!m_fill,w_280,h_210,f_jpg?from=ke.com
20231229,昌平,回龙观,101118603945,品质商品房小区 温馨一居室 大落地窗 小区中间房主自荐,308万,60714元/平,低楼层 (共6层) | 2005年 | 1室1厅 | 50.73平米 | 南 北,https://ke-image.ljcdn.com/110000-inspection/pc1_4zTReGp8T.jpg!m_fill,w_280,h_210,f_jpg?from=ke.com
20231229,昌平,回龙观,101118598373,首开智慧社 商满五唯一 南北通透两居中高楼层视野好,525万,58752元/平,高楼层 (共21层) | 2011年 | 2室1厅 | 89.36平米 | 南 北,https://ke-image.ljcdn.com/110000-inspection/pc1_SbaYGFFrw.jpg!m_fill,w_280,h_210,f_jpg?from=ke.com
20231229,昌平,回龙观,101118596202,通达园5+6复式商品房满五年唯一看房方便,678万,36527元/平,中楼层 (共7层) | 2000年 | 5室2厅 | 185.62平米 | 南 北,https://ke-image.ljcdn.com/110000-inspection/pc1_BKP3jxsMM.jpg!m_fill,w_280,h_210,f_jpg?from=ke.com
20231229,昌平,回龙观,101118584912,龙回苑 南边通透 两居两卫 配套齐全 诚意出售房主自荐,490万,50683元/平,中楼层 (共7层) | 2004年 | 2室1厅 | 96.68平米 | 南 北,https://ke-image.ljcdn.com/110000-inspection/pc1_NI4hCd0XH.jpg!m_fill,w_280,h_210,f_jpg?from=ke.com
20231229,昌平,回龙观,101118576977,【优选】单价3.72万13号线龙泽配套成熟改造小区,418万,37272元/平,高楼层 (共7层) 3室2厅 | 112.15平米 | 南 北,https://ke-image.ljcdn.com/110000-inspection/pc1_NluNo77PV.jpg!m_fill,w_280,h_210,f_jpg?from=ke.com
20231229,昌平,回龙观,101118572622,方正两居室视野采光好小区环境好随时签约,525万,62875元/平,中楼层 (共11层) | 2016年 | 2室1厅 | 83.5平米 | 西北,https://ke-image.ljcdn.com/110000-inspection/b6259bfb-af81-4cf4-9978-bfd29752469b_1000.jpg!m_fill,w_280,h_210,f_jpg?from=ke.com
20231229,昌平,回龙观,101118571262,龙城花园W区四楼双号位置东边户 视野好 采光好房主自荐,980万,51173元/平,顶层 (共4层) 4室2厅 | 191.51平米 | 南 北,https://ke-image.ljcdn.com/110000-inspection/39722415-ba64-44a2-a9b1-a823124ab746_1000.jpg!m_fill,w_280,h_210,f_jpg?from=ke.com
20231229,昌平,回龙观,101118563235,一层两居室全明格局小区中间位置 定房急售,430万,45211元/平,底层 (共7层) | 2000年 | 2室2厅 | 95.11平米 | 南 北,https://ke-image.ljcdn.com/110000-inspection/pc1_RXq5kvrb2_1.jpg!m_fill,w_280,h_210,f_jpg?from=ke.com
20231229,昌平,回龙观,101118543597,复式房简单装修看房约看方便,641万,33585元/平,高楼层 (共7层) | 2003年 | 5室2厅 | 190.86平米 | 南 北,https://ke-image.ljcdn.com/110000-inspection/f393fea1-047d-411f-a102-b18c383a27ea_1000.jpg!m_fill,w_280,h_210,f_jpg?from=ke.com
20231229,昌平,回龙观,101118543173,龙禧苑一区双层复式！5+6层！有露天平台！商满五唯一,690万,34140元/平,高楼层 (共6层) | 2003年 | 5室2厅 | 202.11平米 | 南 北,https://ke-image.ljcdn.com/110000-inspection/pc1_jFioW0E1B_1.jpg!m_fill,w_280,h_210,f_jpg?from=ke.com
20231229,昌平,回龙观,101118527631,融泽三期 2016年小区 满五唯一 诚心出售,439万,66375元/平,中楼层 (共34层) | 2016年 | 1室1厅 | 66.14平米 | 南,https://ke-image.ljcdn.com/110000-inspection/pc1_wKiBLkklW.jpg!m_fill,w_280,h_210,f_jpg?from=ke.com
20231229,昌平,回龙观,101118519239,京投发展公园悦府一区全南两居室,518万,63582元/平,顶层 (共22层) | 2015年 | 2室1厅 | 81.47平米 | 南,https://ke-image.ljcdn.com/110000-inspection/pc1_uOQcBCk5Z.jpg!m_fill,w_280,h_210,f_jpg?from=ke.com
20231229,昌平,回龙观,101118506658,龙博苑三区满五年唯一2居南北通透小区中间位置,390万,48671元/平,顶层 (共6层) | 2005年 | 2室1厅 | 80.13平米 | 南 北,https://ke-image.ljcdn.com/110000-inspection/pc1_oSa4qLbtJ_1.jpg!m_fill,w_280,h_210,f_jpg?from=ke.com
20231229,昌平,回龙观,101118505679,采光好满五年唯一户型方正南北通透居住舒适,528万,48912元/平,底层 (共33层) | 2014年 | 3室1厅 | 107.95平米 | 南 北,https://ke-image.ljcdn.com/110000-inspection/aeda966d-6f9f-415c-ac0c-c2bae190fbc3_1000.jpg!m_fill,w_280,h_210,f_jpg?from=ke.com
20231229,昌平,回龙观,101118490023,天巢园 满五唯一 商品房 明厨明卫 有钥匙随时看房主自荐,450万,54094元/平,高楼层 (共22层) | 2010年 | 2室1厅 | 83.19平米 | 南 北,https://ke-image.ljcdn.com/110000-inspection/pc1_VhRmg0C85_1.jpg!m_fill,w_280,h_210,f_jpg?from=ke.com
20231229,昌平,回龙观,101118483997,商满五唯一南北通透婚房装修中间楼层房主自荐,399万,61028元/平,中楼层 (共7层) | 2003年 | 1室1厅 | 65.38平米 | 南 北,https://ke-image.ljcdn.com/110000-inspection/40c0b86f-1452-4f29-b117-f3812e62e8ed_1000.jpg!m_fill,w_280,h_210,f_jpg?from=ke.com
20231229,昌平,回龙观,101118476048,天露园一区 3室1厅 南 北,479万,36895元/平,顶层 (共6层) | 2008年 | 3室1厅 | 129.83平米 | 南 北,https://ke-image.ljcdn.com/110000-inspection/pc1_p1L0zLNKg_1.jpg!m_fill,w_280,h_210,f_jpg?from=ke.com
20231229,昌平,回龙观,101118466210,下叠别墅 商品房满五年 集中供暖 带车位 6居室房主自荐,1260万,60548元/平,底层 (共4层) 6室3厅 | 208.1平米 | 南 北,https://ke-image.ljcdn.com/110000-inspection/pc1_9rLdnSUeN.jpg!m_fill,w_280,h_210,f_jpg?from=ke.com
20231229,昌平,回龙观,101118456643,龙泽苑西区5加六精装修小复式  只有一个契税 可给周期,489万,45442元/平,高楼层 (共6层) | 1999年 | 2室1厅 | 107.61平米 | 南 北,https://ke-image.ljcdn.com/110000-inspection/pc1_vI1lnesfp.jpg!m_fill,w_280,h_210,f_jpg?from=ke.com
20231229,昌平,回龙观,101118440954,融泽嘉园中路1号院 2室1厅 南,520万,59361元/平,低楼层 (共28层) | 2014年 | 2室1厅 | 87.6平米 | 南,https://ke-image.ljcdn.com/110000-inspection/7e163ee3-d848-4cc4-9f6e-0f667c1fcb7f_1000.jpg!m_fill,w_280,h_210,f_jpg?from=ke.com
20231229,昌平,回龙观,101118430509,融泽嘉园西二路2号院 满五年 南北两居室 业主诚心出售,548万,62408元/平,中楼层 (共34层) 2室1厅 | 87.81平米 | 南 北,https://ke-image.ljcdn.com/110000-inspection/309c5566-6039-42a1-a92f-ecd9471d822f_1000.jpg!m_fill,w_280,h_210,f_jpg?from=ke.com
20231229,昌平,回龙观,101118423315,首开国风美唐二期东向两居室 五层自住精装修 看房方便,513万,62077元/平,低楼层 (共21层) 2室1厅 | 82.64平米 | 东,https://ke-image.ljcdn.com/110000-inspection/pc1_VBKWGmkof.jpg!m_fill,w_280,h_210,f_jpg?from=ke.com
20231229,昌平,回龙观,101118393698,龙禧苑一区 6室1厅 南 北,679万,34689元/平,高楼层 (共7层) | 2003年 | 6室1厅 | 195.74平米 | 南 北,https://ke-image.ljcdn.com/110000-inspection/pc1_GtZZRYX0F.jpg!m_fill,w_280,h_210,f_jpg?from=ke.com
20231229,昌平,回龙观,101118379047,龙腾苑四区5跃6复式不临街不把边 急售,899万,35595元/平,高楼层 (共6层) 5室2厅 | 252.57平米 | 南 北,https://ke-image.ljcdn.com/110000-inspection/pc1_WMS5nCqb7.jpg!m_fill,w_280,h_210,f_jpg?from=ke.com
20231229,昌平,回龙观,101118375863,南北通透明厨明卫采光视野佳交通便利,458万,39545元/平,顶层 (共6层) | 2000年 | 3室1厅 | 115.82平米 | 南 北,https://ke-image.ljcdn.com/110000-inspection/pc1_X61s7q0RO.jpg!m_fill,w_280,h_210,f_jpg?from=ke.com
20231229,昌平,回龙观,101118375134,满五年5+6复式不临街 户型方正 龙锦苑四区,550万,35354元/平,高楼层 (共6层) | 2003年 | 4室2厅 | 155.57平米 | 南 北,https://ke-image.ljcdn.com/110000-inspection/pc1_rPL1GiQP5.jpg!m_fill,w_280,h_210,f_jpg?from=ke.com
20231229,昌平,回龙观,101118372057,北店嘉园 全明户型       明厨明卫       把西边,560万,45279元/平,顶层 (共6层) | 2003年 | 3室2厅 | 123.68平米 | 南 北 西,https://ke-image.ljcdn.com/110000-inspection/9d4e709b-1f19-4b38-b8b4-4f7c6b18c5bd_1000.jpg!m_fill,w_280,h_210,f_jpg?from=ke.com
20231229,昌平,回龙观,101118362467,流星花园三区  满五年唯一商品房 业主买房了,535万,55418元/平,底层 (共6层) | 2004年 | 2室1厅 | 96.54平米 | 南 北,https://ke-image.ljcdn.com/110000-inspection/e7cb6faf-35fd-4930-a66d-498da2f7967f_1000.jpg!m_fill,w_280,h_210,f_jpg?from=ke.com
20231229,昌平,回龙观,101118355463,龙博苑一区小区正中间满五唯一大三居室,559万,47369元/平,顶层 (共6层) | 2005年 | 3室1厅 | 118.01平米 | 南 北,https://ke-image.ljcdn.com/110000-inspection/bda4996f-2fb9-4e27-b396-a9987f4b3397_1000.jpg!m_fill,w_280,h_210,f_jpg?from=ke.com
20231229,昌平,回龙观,101118319762,5+6层复式  满五年唯一   业主诚心出售,595万,38410元/平,中楼层 (共7层) | 2000年 | 5室2厅 | 154.91平米 | 南 北,https://ke-image.ljcdn.com/110000-inspection/e1138e51-ef62-4608-b846-372fbba03776_1000.jpg!m_fill,w_280,h_210,f_jpg?from=ke.com
20231229,昌平,回龙观,101118285016,天慧园精装修中高层两居室满五年唯一诚心出售,440万,47191元/平,中楼层 (共7层) | 2000年 | 2室1厅 | 93.24平米 | 南 北,https://ke-image.ljcdn.com/110000-inspection/pc1_xnYOofkT8.jpg!m_fill,w_280,h_210,f_jpg?from=ke.com
20231229,昌平,回龙观,101118264548,龙回苑小区 采光好 南北通透  客厅挑空 视野开阔,450万,41081元/平,高楼层 (共7层) | 2004年 | 2室1厅 | 109.54平米 | 北 南,https://ke-image.ljcdn.com/110000-inspection/20ad9c91-90b0-4beb-b5a9-3303b5c841f3_1000.jpg!m_fill,w_280,h_210,f_jpg?from=ke.com
20231229,昌平,回龙观,101118260268,龙博苑二区 4室2厅 南 北,550万,35113元/平,高楼层 (共7层) | 2004年 | 4室2厅 | 156.64平米 | 南 北,https://ke-image.ljcdn.com/110000-inspection/pc1_SPQJxyzc3.jpg!m_fill,w_280,h_210,f_jpg?from=ke.com
20231229,昌平,回龙观,101118237542,新龙城 满五唯一精装 南北通透 高楼层视野好,519万,53867元/平,顶层 (共20层) | 2007年 | 2室1厅 | 96.35平米 | 南 北,https://ke-image.ljcdn.com/110000-inspection/342a59a0-e3e1-43fc-8205-9087ff380c80_1000.jpg!m_fill,w_280,h_210,f_jpg?from=ke.com
20231229,昌平,回龙观,101118228873,商品房满五年家庭只一套自住装修诚心出售看房方便房主自荐,679万,62941元/平,低楼层 (共34层) | 2014年 | 3室1厅 | 107.88平米 | 南 北,https://ke-image.ljcdn.com/110000-inspection/pc1_5JQ8kXezS.jpg!m_fill,w_280,h_210,f_jpg?from=ke.com
20231229,昌平,回龙观,101118223083,龙城花园北二区 自住精装4层复式采光视野好！房主自荐,359万,54693元/平,顶层 (共4层) 2室1厅 | 65.64平米 | 南 北,https://ke-image.ljcdn.com/110000-inspection/734f6071-48b8-4a7e-917e-e772beb5e4e2_1000.jpg!m_fill,w_280,h_210,f_jpg?from=ke.com
20231229,昌平,回龙观,101118223037,回龙观龙腾苑二区双卧朝南三居室,505万,41822元/平,顶层 (共6层) | 2003年 | 3室2厅 | 120.75平米 | 南 北,https://ke-image.ljcdn.com/110000-inspection/pc1_cMLHgpCig_1.jpg!m_fill,w_280,h_210,f_jpg?from=ke.com
20231229,昌平,回龙观,101118215021,万科金域华府 满五唯一 南向大两居,580万,65154元/平,中楼层 (共28层) | 2012年 | 2室1厅 | 89.02平米 | 南,https://ke-image.ljcdn.com/110000-inspection/pc1_cyDu4UTAV.jpg!m_fill,w_280,h_210,f_jpg?from=ke.com
20231229,昌平,回龙观,101118209941,满五唯一 随时签约 价格可谈   看房方便,515万,58905元/平,低楼层 (共28层) | 2014年 | 2室1厅 | 87.43平米 | 南,https://ke-image.ljcdn.com/110000-inspection/pc1_vh7xKS5SJ.jpg!m_fill,w_280,h_210,f_jpg?from=ke.com
20231229,昌平,回龙观,101118177879,小区中间不临街低楼层122平米大三居,500万,40684元/平,底层 (共6层) | 2000年 | 3室2厅 | 122.9平米 | 西 北 南,https://ke-image.ljcdn.com/110000-inspection/pc1_RbiekQxMJ_1.jpg!m_fill,w_280,h_210,f_jpg?from=ke.com
20231229,昌平,回龙观,101118123201,北郊农场家属院优质两居室南北通透客厅南向,393万,49242元/平,顶层 (共6层) | 1995年 | 2室1厅 | 79.81平米 | 南 北,https://ke-image.ljcdn.com/110000-inspection/pc1_pi4pnSHaB.jpg!m_fill,w_280,h_210,f_jpg?from=ke.com
20231229,昌平,回龙观,101118100399,近地铁商五一中间楼层看房方便,499万,53593元/平,高楼层 (共6层) | 2006年 | 2室1厅 | 93.11平米 | 南 北,https://ke-image.ljcdn.com/110000-inspection/05e96bdd-dee5-4c5d-96d9-e1d802e2c131_1000.jpg!m_fill,w_280,h_210,f_jpg?from=ke.com
20231229,昌平,回龙观,101118099329,房子满五年唯一商品房 看房随时有钥匙 精装修稳定签约,750万,34477元/平,高楼层 (共7层) 5室3厅 | 217.54平米 | 南 北,https://ke-image.ljcdn.com/110000-inspection/pc1_k7hsBxR4H_1.jpg!m_fill,w_280,h_210,f_jpg?from=ke.com
20231229,昌平,回龙观,101118097075,6+7层的复式 商品房满五年 309万原高值,699万,31698元/平,高楼层 (共7层) 5室2厅 | 220.52平米 | 南 北,https://ke-image.ljcdn.com/110000-inspection/pc1_lmlHsNn9u.jpg!m_fill,w_280,h_210,f_jpg?from=ke.com
20231229,昌平,回龙观,101118094410,融泽嘉园中路6号院商品房全南两居随时入住,550万,64111元/平,高楼层 (共18层) | 2013年 | 2室1厅 | 85.79平米 | 南,https://ke-image.ljcdn.com/110000-inspection/pc1_2D7XYVyfs.jpg!m_fill,w_280,h_210,f_jpg?from=ke.com
20231229,昌平,回龙观,101118083786,吉晟别墅宽house  商品房满五年唯一 自住装修,1580万,62796元/平,底层 (共3层) 5室3厅 | 251.61平米 | 南 北,https://ke-image.ljcdn.com/110000-inspection/pc1_hRzDjZDkJ.jpg!m_fill,w_280,h_210,f_jpg?from=ke.com
20231229,昌平,回龙观,101118075042,龙城花园N区叠拼别墅 不临街 南北通透房主自荐,1260万,60548元/平,底层 (共4层) 4室2厅 | 208.1平米 | 南 北,https://ke-image.ljcdn.com/110000-inspection/4f10952f-19d3-4597-9aca-144af6acb96a_1000.jpg!m_fill,w_280,h_210,f_jpg?from=ke.com
20231229,昌平,回龙观,101118071057,龙腾苑六区满五唯一配套设施齐全,596万,42213元/平,高楼层 (共6层) | 2002年 | 3室2厅 | 141.19平米 | 南 北,https://ke-image.ljcdn.com/110000-inspection/pc1_q8iYC4uUe_1.jpg!m_fill,w_280,h_210,f_jpg?from=ke.com
20231229,昌平,回龙观,101118060958,云趣园二区4+5复式户型方正楼层好诚心出售,595万,33347元/平,中楼层 (共5层) | 2000年 | 5室2厅 | 178.43平米 | 南 北,https://ke-image.ljcdn.com/110000-inspection/pc1_HidA2Dr2d.jpg!m_fill,w_280,h_210,f_jpg?from=ke.com
20231229,昌平,回龙观,101118047062,金域华府三期+满五唯一+全明格局+大飘窗+景观房,996万,84143元/平,高楼层 (共25层) | 2015年 | 3室1厅 | 118.37平米 | 南 北,https://ke-image.ljcdn.com/110000-inspection/93205266-1226-444b-9e7b-a2eb1d116329_1000.jpg!m_fill,w_280,h_210,f_jpg?from=ke.com
20231229,昌平,回龙观,101118043168,首开国风美唐三期 近双规地铁 采光好,620万,70906元/平,底层 (共18层) | 2016年 | 2室1厅 | 87.44平米 | 南,https://ke-image.ljcdn.com/110000-inspection/564f5b63-3108-418f-bf78-a2cec8fd5ea6_1000.jpg!m_fill,w_280,h_210,f_jpg?from=ke.com
20231229,昌平,回龙观,101117987456,首开国风美唐二期高楼层拎包入住房主自荐,500万,61463元/平,高楼层 (共21层) | 2015年 | 2室1厅 | 81.35平米 | 东北,https://ke-image.ljcdn.com/110000-inspection/20739085-2d23-4cdf-a256-fc6d9fae0b8a_1000.jpg!m_fill,w_280,h_210,f_jpg?from=ke.com
20231229,昌平,回龙观,101117983600,商品房满五年唯一小区中间位置5+6层,896万,35591元/平,高楼层 (共6层) | 2003年 | 5室2厅 | 251.75平米 | 南 北,https://ke-image.ljcdn.com/110000-inspection/pc1_kbz8B239J.jpg!m_fill,w_280,h_210,f_jpg?from=ke.com
20231229,昌平,回龙观,101117973685,佰嘉城 商满五唯一 通透两居室,365万,43697元/平,顶层 (共6层) | 2006年 | 2室1厅 | 83.53平米 | 东 西,https://ke-image.ljcdn.com/110000-inspection/pc1_VFxRzMWdl.jpg!m_fill,w_280,h_210,f_jpg?from=ke.com
20231229,昌平,回龙观,101117972542,09年楼龄小区较新的楼栋位置好装修好可拎包入住,622万,62338元/平,中楼层 (共11层) | 2008年 | 2室1厅 | 99.78平米 | 南 北,https://ke-image.ljcdn.com/110000-inspection/0bf4e224-bc54-4229-aab1-926f4bf31de6_1000.jpg!m_fill,w_280,h_210,f_jpg?from=ke.com
20231229,昌平,回龙观,101117962164,不临街+精装修+业主诚心出售+户型方正+商品房家庭首套房主自荐,600万,51326元/平,中楼层 (共6层) | 2002年 | 3室1厅 | 116.9平米 | 东 南 北,https://ke-image.ljcdn.com/110000-inspection/pc1_wMzRYkLiK.jpg!m_fill,w_280,h_210,f_jpg?from=ke.com
20231229,昌平,回龙观,101117959108,龙兴园中区 南北通透 户型方正 满五年,488万,52204元/平,底层 (共6层) | 2003年 | 2室1厅 | 93.48平米 | 南 北,https://ke-image.ljcdn.com/110000-inspection/58742e87-3ba3-430a-ab05-e60ae05dd383_1000.jpg!m_fill,w_280,h_210,f_jpg?from=ke.com
20231229,昌平,回龙观,101117954290,电梯两居室中高层视野开阔满五年唯一购房成本低,640万,58156元/平,高楼层 (共22层) | 2002年 | 2室1厅 | 110.05平米 | 东南,https://ke-image.ljcdn.com/110000-inspection/ed9b5027-7e7f-46fa-84a6-2236bc4e978f_1000.jpg!m_fill,w_280,h_210,f_jpg?from=ke.com
20231229,昌平,回龙观,101117933499,龙邸电梯上叠采光视野好精装南北通透集中供暖！,1299万,53249元/平,中楼层 (共6层) 4室2厅 | 243.95平米 | 南 北,https://ke-image.ljcdn.com/110000-inspection/87857d46-c87d-4a64-8f08-733fb04d3770_1000.jpg!m_fill,w_280,h_210,f_jpg?from=ke.com
20231229,昌平,回龙观,101117920997,单价低 复式三居室 有钥匙随时看房 首套首付340万左右,528万,34779元/平,高楼层 (共6层) | 2005年 | 3室2厅 | 151.82平米 | 南 北,https://ke-image.ljcdn.com/110000-inspection/ffaaa38c-a1e4-4ce1-b1b2-0784537c7220_1000.jpg!m_fill,w_280,h_210,f_jpg?from=ke.com
20231229,昌平,回龙观,101117918881,金达园小区南北通透两居精装修采光视野好,480万,46508元/平,顶层 (共6层) | 1998年 | 2室2厅 | 103.21平米 | 南 北,https://ke-image.ljcdn.com/110000-inspection/pc1_xupS3dj3m_1.jpg!m_fill,w_280,h_210,f_jpg?from=ke.com
20231229,昌平,回龙观,101117904941,回龙观 新龙城 电梯3居 商品房 满五唯一 地暖 落地窗房主自荐,599万,54794元/平,中楼层 (共8层) | 2006年 | 3室1厅 | 109.32平米 | 东 西,https://ke-image.ljcdn.com/110000-inspection/pc1_M9Fo0BQih_1.jpg!m_fill,w_280,h_210,f_jpg?from=ke.com
20231229,昌平,回龙观,101117896133,融泽嘉园中路1号院满五唯一全明格局两居室,550万,55691元/平,低楼层 (共28层) | 2014年 | 2室1厅 | 98.76平米 | 南 北,https://ke-image.ljcdn.com/110000-inspection/0dee0794-86bf-421b-97f0-f363b09b37f4_1000.jpg!m_fill,w_280,h_210,f_jpg?from=ke.com
20231229,昌平,回龙观,101117893797,龙城花园W区一层有花园采光好,1299万,67830元/平,底层 (共4层) | 1997年 | 3室2厅 | 191.51平米 | 南 北,https://ke-image.ljcdn.com/110000-inspection/pc1_psTs6oLjS.jpg!m_fill,w_280,h_210,f_jpg?from=ke.com
20231229,昌平,回龙观,101117864743,慧华苑通透大两居室中间位置满五年唯一,435万,43781元/平,顶层 (共6层) | 1996年 | 2室1厅 | 99.36平米 | 南 北,https://ke-image.ljcdn.com/110000-inspection/pc1_MDFjhIXo9.jpg!m_fill,w_280,h_210,f_jpg?from=ke.com
20231229,昌平,回龙观,101117855019,流星花园二区 商品房 复式 5+6 精装修 格局方正房主自荐,740万,41378元/平,高楼层 (共6层) | 2003年 | 5室2厅 | 178.84平米 | 南 北,https://ke-image.ljcdn.com/110000-inspection/pc1_85zNJK2yy.jpg!m_fill,w_280,h_210,f_jpg?from=ke.com
20231229,昌平,回龙观,101117840941,中间三层明厨明卫性质清晰诚心出售,629万,49712元/平,中楼层 (共6层) | 2002年 | 3室1厅 | 126.53平米 | 南 西 北,https://ke-image.ljcdn.com/110000-inspection/pc1_t1eYq6hnI.jpg!m_fill,w_280,h_210,f_jpg?from=ke.com
20231229,昌平,回龙观,101117821435,万科品质社区+采光一居+绿化好+满五唯一,438万,68331元/平,高楼层 (共28层) 1室1厅 | 64.1平米 | 南,https://ke-image.ljcdn.com/110000-inspection/942b6d24-3787-420b-8889-71d0be8467d7_1000.jpg!m_fill,w_280,h_210,f_jpg?from=ke.com
20231229,昌平,回龙观,101117813772,带电梯满五唯一M2户型主卧客厅朝小区中间近地铁,736万,62794元/平,中楼层 (共15层) | 2007年 | 3室1厅 | 117.21平米 | 南 北,https://ke-image.ljcdn.com/110000-inspection/pc1_wecqNOuWW_1.jpg!m_fill,w_280,h_210,f_jpg?from=ke.com
20231229,昌平,回龙观,101117804505,云趣园二区自住精装修复式近地铁近公园有车位,645万,37594元/平,高楼层 (共7层) | 2000年 | 4室2厅 | 171.57平米 | 南 北,https://ke-image.ljcdn.com/110000-inspection/pc1_gVQw4i5Ok.jpg!m_fill,w_280,h_210,f_jpg?from=ke.com
20231229,昌平,回龙观,101117803318,园墅 3+4上叠拼别墅 视野开阔 采光充足满五年唯一！,980万,60083元/平,中楼层 (共4层) | 2009年 | 4室2厅 | 163.11平米 | 南 北,https://ke-image.ljcdn.com/110000-inspection/pc1_lMWzmXVkK.jpg!m_fill,w_280,h_210,f_jpg?from=ke.com
20231229,昌平,回龙观,101117801376,全明格局 电梯中间层 商满五唯一 无抵押产权清晰房主自荐,475万,59361元/平,中楼层 (共11层) | 2008年 | 2室1厅 | 80.02平米 | 南 北,https://ke-image.ljcdn.com/110000-inspection/8b30be9c-1793-44d7-8683-9e37c349b3db_1000.jpg!m_fill,w_280,h_210,f_jpg?from=ke.com
20231229,昌平,回龙观,101117792153,新龙城 1室0厅 北,312万,67169元/平,底层 (共20层) | 2007年 | 1室0厅 | 46.45平米 | 北,https://ke-image.ljcdn.com/110000-inspection/prod-7ea8ab03-c969-4967-ad47-0cc18359c84b.jpg!m_fill,w_280,h_210,f_jpg?from=ke.com
20231229,昌平,回龙观,101117762495,领秀慧谷D2区高楼层三居室双阳卧室看房方便,940万,69558元/平,中楼层 (共13层) 3室2厅 | 135.14平米 | 南 北,https://ke-image.ljcdn.com/110000-inspection/pc1_BmjXkgsHn.jpg!m_fill,w_280,h_210,f_jpg?from=ke.com
20231229,昌平,回龙观,101117750331,距离地铁生命科学院站500米内别墅社区本房是双拼,2200万,61976元/平,地下室 (共3层) 6室3厅 | 354.98平米 | 东 南 北,https://ke-image.ljcdn.com/110000-inspection/f88c6b92-963d-4d20-b68e-d14b071e28fe_1000.jpg!m_fill,w_280,h_210,f_jpg?from=ke.com
20231229,昌平,回龙观,101117746290,龙跃苑一区 商品房 四层 超棒采光和视野 随时看房签约,610万,43067元/平,中楼层 (共6层) 3室2厅 | 141.64平米 | 南 北,https://ke-image.ljcdn.com/110000-inspection/a8dfbf19-893d-4a3d-b33a-1190a5ba04bf_1000.jpg!m_fill,w_280,h_210,f_jpg?from=ke.com
20231229,昌平,回龙观,101117701536,龙城花园N区 下叠4居一层有卧室花园120平有车位！,1200万,57665元/平,底层 (共4层) | 1997年 | 4室3厅 | 208.1平米 | 南 北,https://ke-image.ljcdn.com/110000-inspection/pc1_elsYcCaBC_1.jpg!m_fill,w_280,h_210,f_jpg?from=ke.com
20231229,昌平,回龙观,101117658940,流星花园三区 花园洋房  满五唯一  高楼层视野开阔房主自荐,610万,55129元/平,高楼层 (共11层) | 2006年 | 3室1厅 | 110.65平米 | 南 北,https://ke-image.ljcdn.com/110000-inspection/pc1_edzwKfpMY.jpg!m_fill,w_280,h_210,f_jpg?from=ke.com
20231229,昌平,回龙观,101117602475,龙禧苑二区 满五年 自住装修 采光视野很好,670万,30768元/平,高楼层 (共7层) | 2004年 | 6室2厅 | 217.76平米 | 南 北,https://ke-image.ljcdn.com/110000-inspection/pc1_J3y3IuDpS.jpg!m_fill,w_280,h_210,f_jpg?from=ke.com
20231229,昌平,回龙观,101117545132,龙禧苑云趣园二区 复式 上下两层 南北通透,503万,34851元/平,高楼层 (共7层) | 2000年 | 3室1厅 | 144.33平米 | 南 北,https://ke-image.ljcdn.com/110000-inspection/prod-a460dd3a-d273-4b47-8f46-da516be9cbef.jpg!m_fill,w_280,h_210,f_jpg?from=ke.com
20231229,昌平,回龙观,101117538496,融泽嘉园8号院 南北向三居室 中间楼层 采光好,735万,70633元/平,中楼层 (共28层) 3室1厅 | 104.06平米 | 南 北,https://ke-image.ljcdn.com/110000-inspection/pc1_j4sb0U5St.jpg!m_fill,w_280,h_210,f_jpg?from=ke.com
20231229,昌平,回龙观,101117429421,冠庭园 普宅复式 商满五唯一 不临街 钢混结构,572万,49201元/平,高楼层 (共7层) | 2006年 | 3室2厅 | 116.26平米 | 南 北,https://ke-image.ljcdn.com/110000-inspection/7d25e6d0-3d44-4b90-ae9e-95abeb56d371_1000.jpg!m_fill,w_280,h_210,f_jpg?from=ke.com
20231229,昌平,回龙观,101117399253,首开智慧社电梯两居室精装修出行方便房主自荐,495万,57022元/平,顶层 (共17层) | 2011年 | 2室1厅 | 86.81平米 | 南 北,https://ke-image.ljcdn.com/110000-inspection/pc1_iYp0w3MWP.jpg!m_fill,w_280,h_210,f_jpg?from=ke.com
20231229,昌平,回龙观,101117399196,钢混结构！环境优美！物业管理好！,429万,55708元/平,低楼层 (共6层) | 2003年 | 2室1厅 | 77.01平米 | 南 北,https://ke-image.ljcdn.com/110000-inspection/pc1_cZBZuIpTK.jpg!m_fill,w_280,h_210,f_jpg?from=ke.com
20231229,昌平,回龙观,101117365231,商品房满五年业主诚心出售看房方便小区中间,520万,27632元/平,高楼层 (共7层) | 1996年 | 5室2厅 | 188.19平米 | 南 北,https://ke-image.ljcdn.com/110000-inspection/pc1_CXSKo7ZhF.jpg!m_fill,w_280,h_210,f_jpg?from=ke.com
20231229,昌平,回龙观,101117261635,龙泽苑东区电梯大跃层商品房满五唯一配套齐全,900万,50443元/平,顶层 (共11层) | 2003年 | 4室3厅 | 178.42平米 | 南 北 东,https://ke-image.ljcdn.com/110000-inspection/pc1_SAYSQrcG6.jpg!m_fill,w_280,h_210,f_jpg?from=ke.com
20231229,昌平,回龙观,101117259366,龙城花园中七区 独栋别墅 占地面积700平诚心卖！,3500万,89839元/平,底层 (共3层) 5室3厅 | 389.59平米 | 南 北,https://ke-image.ljcdn.com/110000-inspection/8960f1ac-aeaa-47bc-a263-b92c4eb268f3_1000.jpg!m_fill,w_280,h_210,f_jpg?from=ke.com
20231229,昌平,回龙观,101117249627,龙城花园中六区 满五年唯一 大视野好 随时签约,2700万,71491元/平,底层 (共3层) | 1997年 | 5室2厅 | 377.67平米 | 南 北,https://ke-image.ljcdn.com/110000-inspection/pc1_LyqdLfa2E.jpg!m_fill,w_280,h_210,f_jpg?from=ke.com
20231229,昌平,回龙观,101117226017,龙腾苑四区五+六大复式 临近地铁回龙观站,720万,31342元/平,高楼层 (共6层) | 2003年 | 5室2厅 | 229.73平米 | 南 北,https://ke-image.ljcdn.com/110000-inspection/pc1_9lk8ABS0T.jpg!m_fill,w_280,h_210,f_jpg?from=ke.com
20231229,昌平,回龙观,101117217151,龙回苑小区 大复式 可拎包入住 看房提前约,605万,34833元/平,高楼层 (共7层) | 2004年 | 4室2厅 | 173.69平米 | 南 北,https://ke-image.ljcdn.com/110000-inspection/4ac49906-e0c0-48aa-a207-22333f91f3e3_1000.jpg!m_fill,w_280,h_210,f_jpg?from=ke.com
20231229,昌平,回龙观,101117184870,风三4室2厅2卫5+6复式三卧朝南东向双阳台满五唯一,568万,37086元/平,高楼层 (共6层) | 2000年 | 4室2厅 | 153.16平米 | 南 北,https://ke-image.ljcdn.com/110000-inspection/1dc78ae0-f70f-444f-b39a-ea028dda750c_1000.jpg!m_fill,w_280,h_210,f_jpg?from=ke.com
20231229,昌平,回龙观,101117154131,满五唯一南北通透户型好诚意出售,509万,55123元/平,底层 (共28层) | 2014年 | 2室1厅 | 92.34平米 | 南 北,https://ke-image.ljcdn.com/110000-inspection/pc1_7dqimNP7W_1.jpg!m_fill,w_280,h_210,f_jpg?from=ke.com
20231229,昌平,回龙观,101117117387,华远静林湾 双拼别墅 花园120平 挑空客厅采光充足！,1398万,57510元/平,底层 (共3层) 4室2厅 | 243.09平米 | 南 北,https://ke-image.ljcdn.com/110000-inspection/pc1_nkuQn2YRP.jpg!m_fill,w_280,h_210,f_jpg?from=ke.com
20231229,昌平,回龙观,101117041541,流星花园 102平米带100平米下跃 精装修 一层出行方便,818万,79798元/平,底层 (共11层) | 2006年 | 4室2厅 | 102.51平米 | 南 北,https://ke-image.ljcdn.com/110000-inspection/pc1_xjy2rs3KB.jpg!m_fill,w_280,h_210,f_jpg?from=ke.com
20231229,昌平,回龙观,101117022163,满五唯一南北通透格局方正视野开阔。,505万,34476元/平,高楼层 (共7层) | 2004年 | 3室2厅 | 146.48平米 | 南 北,https://ke-image.ljcdn.com/110000-inspection/4a29fc5d-2350-4670-b2ea-36f1c8399304_1000.jpg!m_fill,w_280,h_210,f_jpg?from=ke.com
20231229,昌平,回龙观,101116926291,万科金域华府一期南向商品房两居房主自荐,616万,71787元/平,低楼层 (共26层) | 2012年 | 2室1厅 | 85.81平米 | 南,https://ke-image.ljcdn.com/110000-inspection/pc1_YUpBDwqGg.jpg!m_fill,w_280,h_210,f_jpg?from=ke.com
20231229,昌平,回龙观,101116917504,北京城建·龙越华府    电梯直达    高楼层  采光好,1177万,55464元/平,中楼层 (共4层) 3室2厅 | 212.21平米 | 南 北,https://ke-image.ljcdn.com/110000-inspection/pc1_qZcnR0mim.jpg!m_fill,w_280,h_210,f_jpg?from=ke.com
20231229,昌平,回龙观,101116874416,【优选】龙泽苑西区C组团高挑空复式中间位置龙泽,638万,38684元/平,高楼层 (共7层) | 2001年 | 4室2厅 | 164.93平米 | 南 北,https://ke-image.ljcdn.com/110000-inspection/pc1_WeeH5PWlP.jpg!m_fill,w_280,h_210,f_jpg?from=ke.com
20231229,昌平,回龙观,101116718237,吉晟别墅 3室2厅 东 南 西房主自荐,1690万,71775元/平,底层 (共3层) | 2005年 | 3室2厅 | 235.46平米 | 东 南 西,https://ke-image.ljcdn.com/110000-inspection/pc1_Ybp6lkMA6.jpg!m_fill,w_280,h_210,f_jpg?from=ke.com
20231229,昌平,回龙观,101116669152,流星花园三区 2室1厅 南 北,570万,55561元/平,高楼层 (共11层) | 2006年 | 2室1厅 | 102.59平米 | 南 北,https://ke-image.ljcdn.com/110000-inspection/pc1_qHuAr3KgV.jpg!m_fill,w_280,h_210,f_jpg?from=ke.com
20231229,昌平,回龙观,101116235259,首开国风美唐三期 中间位置 南北通透 精装修 诚心售,1305万,91850元/平,中楼层 (共11层) 4室2厅 | 142.08平米 | 南 北,https://ke-image.ljcdn.com/110000-inspection/cb1cc519-41bc-48d0-9a18-1c404d8799c2_1000.jpg!m_fill,w_280,h_210,f_jpg?from=ke.com
20231229,昌平,回龙观,101116079909,满五唯一南北通透诚心出售位置好配套齐全,525万,53577元/平,底层 (共28层) | 2014年 | 2室1厅 | 97.99平米 | 南 北,https://ke-image.ljcdn.com/110000-inspection/pc1_9iyu6zSlA_1.jpg!m_fill,w_280,h_210,f_jpg?from=ke.com
20231229,昌平,回龙观,101116049901,风雅园二区南北通透交通便利视野好采光好,630万,41822元/平,高楼层 (共7层) | 2000年 | 4室2厅 | 150.64平米 | 南 北,https://ke-image.ljcdn.com/110000-inspection/7657a275-e1fd-4361-9acb-8b3a2c982cd0_1000.jpg!m_fill,w_280,h_210,f_jpg?from=ke.com
20231229,昌平,回龙观,101115493314,龙锦苑五区户型方正南北通透大复式,664万,39988元/平,高楼层 (共7层) | 2005年 | 4室2厅 | 166.05平米 | 南 北,https://ke-image.ljcdn.com/110000-inspection/9b088005-1b0f-450a-88a9-ef0bf6cff2de_1000.jpg!m_fill,w_280,h_210,f_jpg?from=ke.com
20231229,昌平,回龙观,101115486435,上叠拼+北清路南+近城别墅+首层有卧室+已做储物层,1010万,46422元/平,中楼层 (共4层) | 1999年 | 4室2厅 | 217.57平米 | 南 北,https://ke-image.ljcdn.com/110000-inspection/98b0edc9-1157-49fc-b90f-b42a2f1c3413_1000.jpg!m_fill,w_280,h_210,f_jpg?from=ke.com
20231229,昌平,回龙观,101115114515,北清路边 18年次新别墅 密度低 环境好 下叠有花园房主自荐,1700万,69419元/平,底层 (共4层) 4室2厅 | 244.89平米 | 南 北,https://ke-image.ljcdn.com/110000-inspection/e89a278e-0883-4c4d-a89f-b3b1029a8946_1000.jpg!m_fill,w_280,h_210,f_jpg?from=ke.com
20231229,昌平,回龙观,101114973277,矩阵二期商满五唯一电梯大复式不临街,1050万,58259元/平,顶层 (共6层) | 2004年 | 4室2厅 | 180.23平米 | 南 北,https://ke-image.ljcdn.com/110000-inspection/ee866cfb-c49f-487a-9b3c-5dbae33f3617_1000.jpg!m_fill,w_280,h_210,f_jpg?from=ke.com
20231229,昌平,回龙观,101114948565,龙跃苑一区  商满五唯一  小区中间位置,612万,43209元/平,中楼层 (共6层) | 2003年 | 3室2厅 | 141.64平米 | 南 北,https://ke-image.ljcdn.com/110000-inspection/f67d26fa-59fc-4f3e-9729-d6d6cbc44bf4_1000.jpg!m_fill,w_280,h_210,f_jpg?from=ke.com
20231229,昌平,回龙观,101114755504,龙腾苑四区全明复式小区正中间南北双通透,800万,34908元/平,高楼层 (共6层) | 2003年 | 5室2厅 | 229.18平米 | 南 北,https://ke-image.ljcdn.com/110000-inspection/pc1_9344YlCNF.jpg!m_fill,w_280,h_210,f_jpg?from=ke.com
20231229,昌平,回龙观,101114729247,龙泽苑西区挑空复式看房方便小区中间位置,738万,34396元/平,顶层 (共6层) | 2001年 | 5室3厅 | 214.56平米 | 南 北,https://ke-image.ljcdn.com/110000-inspection/pc1_NI8Ryg7TT_1.jpg!m_fill,w_280,h_210,f_jpg?from=ke.com
20231229,昌平,回龙观,101114641680,房子是大复式  精装修 目前空置 业主稳定签约,890万,38062元/平,中楼层 (共5层) | 2004年 | 5室2厅 | 233.83平米 | 南 北,https://ke-image.ljcdn.com/110000-inspection/pc1_3adN6K1O2.jpg!m_fill,w_280,h_210,f_jpg?from=ke.com
20231229,昌平,回龙观,101114558084,3+4复式商品房满五年唯一楼层好业主诚心出售房主自荐,939万,37568元/平,中楼层 (共6层) | 2000年 | 5室2厅 | 249.95平米 | 南 北,https://ke-image.ljcdn.com/110000-inspection/fee34282-93cc-47b9-98e1-6df8afe47356_1000.jpg!m_fill,w_280,h_210,f_jpg?from=ke.com
20231229,昌平,回龙观,101113976675,慧华苑通透大两居南北双阳台靠谱出售,430万,45074元/平,底层 (共6层) | 1996年 | 2室1厅 | 95.4平米 | 南 北,https://ke-image.ljcdn.com/110000-inspection/ef842816-2643-4430-a3ca-d2ec84e7bbb9_1000.jpg!m_fill,w_280,h_210,f_jpg?from=ke.com
20231229,昌平,回龙观,101113427990,云趣园一区此房是6+7复式 商品房 采光好 视野好,560万,34870元/平,高楼层 (共7层) | 2000年 | 5室2厅 | 160.6平米 | 南 北,https://ke-image.ljcdn.com/110000-inspection/pc1_54bLNybq0.jpg!m_fill,w_280,h_210,f_jpg?from=ke.com
20231229,昌平,回龙观,101113418056,天慧园 满五年唯一  精装复式,633万,39528元/平,高楼层 (共7层) | 2000年 | 3室2厅 | 160.14平米 | 南 北,https://ke-image.ljcdn.com/110000-inspection/pc1_bjkTtzYO3_1.jpg!m_fill,w_280,h_210,f_jpg?from=ke.com
20231229,昌平,回龙观,101113177765,流星花园一区  南花园北车库  联排别墅,1515万,50612元/平,底层 (共3层) 4室3厅 | 299.34平米 | 南 北,https://ke-image.ljcdn.com/110000-inspection/pc1_u1VAQBpbW_1.jpg!m_fill,w_280,h_210,f_jpg?from=ke.com
20231229,昌平,回龙观,101104384224,商品房满五年业主在北京只有一套住宅平层四居房主自荐,480万,34206元/平,顶层 (共6层) | 2000年 | 4室2厅 | 140.33平米 | 南 北,https://ke-image.ljcdn.com/110000-inspection/pc1_jq2pAFwRo_1.jpg!m_fill,w_280,h_210,f_jpg?from=ke.com
20231229,昌平,回龙观,101121150991,融泽嘉园1号院 南北通透三居室 全明中间层,590万,54050元/平,低楼层 (共34层) 3室1厅 | 109.16平米 | 南 北,https://ke-image.ljcdn.com/110000-inspection/57253b8d-a74b-4c10-af0c-9f56f9cf9383_1000.jpg!m_fill,w_280,h_210,f_jpg?from=ke.com
20231229,昌平,回龙观,101122457277,产权满五年唯一住房业主诚心出售价格可谈,576万,40773元/平,中楼层 (共6层) 3室2厅 | 141.27平米 | 南 北,https://s1.ljcdn.com/pegasus/redskull/images/common/default_house_list.png?_v=202312201125188
20231229,昌平,回龙观,101122440572,北郊农场家属院正规三居室商品房满五年唯一新上,418万,32647元/平,顶层 (共6层) | 1994年 | 3室1厅 | 128.04平米 | 南 北,https://s1.ljcdn.com/pegasus/redskull/images/common/default_house_list.png?_v=202312201125188
20231229,昌平,回龙观,101122439102,风雅园三区 3室1厅 南 北新上,475万,39937元/平,顶层 (共6层) 3室1厅 | 118.94平米 | 南 北,https://s1.ljcdn.com/pegasus/redskull/images/common/default_house_list.png?_v=202312201125188
20231229,昌平,回龙观,101122436019,电梯直达地下车库小区中间位置高楼层采光视野好新上,545万,54316元/平,中楼层 (共11层) | 2005年 | 2室2厅 | 100.34平米 | 南 西,https://s1.ljcdn.com/pegasus/redskull/images/common/default_house_list.png?_v=202312201125188
20231229,昌平,回龙观,101122435013,首开国风美唐综合楼东向无遮挡中高层靠谱出售房源新上,155万,27758元/平,中楼层 (共17层) 1室0厅 | 55.84平米 | 东,https://s1.ljcdn.com/pegasus/redskull/images/common/default_house_list.png?_v=202312201125188
20231229,昌平,回龙观,101122430924,田园风光雅苑 3室1厅 南 北新上,625万,49933元/平,底层 (共6层) | 2006年 | 3室1厅 | 125.17平米 | 南 北,https://s1.ljcdn.com/pegasus/redskull/images/common/default_house_list.png?_v=202312201125188
20231229,昌平,回龙观,101122430550,钢混结构国树社区环境优美！物业管理好！新上,430万,55808元/平,高楼层 (共6层) 2室1厅 | 77.05平米 | 南 北,https://s1.ljcdn.com/pegasus/redskull/images/common/default_house_list.png?_v=202312201125188
20231229,昌平,回龙观,101122415871,龙跃苑东四区 3室2厅 南 北新上,625万,49376元/平,中楼层 (共5层) | 2006年 | 3室2厅 | 126.58平米 | 南 北,https://s1.ljcdn.com/pegasus/redskull/images/common/default_house_list.png?_v=202312201125188
20231229,昌平,回龙观,101122410978,佰嘉城正规三居两卫商品房满五年唯一采光视野好新上,395万,33595元/平,顶层 (共6层) | 2006年 | 3室1厅 | 117.58平米 | 南 北,https://s1.ljcdn.com/pegasus/redskull/images/common/default_house_list.png?_v=202312201125188
20231229,昌平,回龙观,101122410205,新龙城正规开间楼层高视野好户型方正新上,320万,68892元/平,顶层 (共20层) | 2007年 | 1室0厅 | 46.45平米 | 北,https://s1.ljcdn.com/pegasus/redskull/images/common/default_house_list.png?_v=202312201125188
20231229,昌平,回龙观,101122402835,一个点契税小区中间楼层两居室位置优周边安静新上,519万,61897元/平,中楼层 (共7层) | 1999年 | 2室1厅 | 83.85平米 | 南 北,https://s1.ljcdn.com/pegasus/redskull/images/common/default_house_list.png?_v=202312201125188
20231229,昌平,回龙观,101122399090,龙跃苑一区  中间位置  商品房 地采暖新上,515万,45921元/平,中楼层 (共6层) | 2003年 | 3室1厅 | 112.15平米 | 南 北,https://s1.ljcdn.com/pegasus/redskull/images/common/default_house_list.png?_v=202312201125188
20231229,昌平,回龙观,101122387529,金域华府一期 2室1厅 南 北新上,695万,69857元/平,顶层 (共27层) 2室1厅 | 99.49平米 | 南 北,https://s1.ljcdn.com/pegasus/redskull/images/common/default_house_list.png?_v=202312201125188
20231229,昌平,回龙观,101122377214,龙禧苑五区 4室2厅 南 北新上,560万,39227元/平,高楼层 (共7层) | 2002年 | 4室2厅 | 142.76平米 | 南 北,https://s1.ljcdn.com/pegasus/redskull/images/common/default_house_list.png?_v=202312201125188
20231229,昌平,回龙观,101122373446,龙城花园W区+精装双卧朝南+位置好+诚心出售新上,960万,50128元/平,顶层 (共4层) | 1997年 | 6室2厅 | 191.51平米 | 南 北,https://s1.ljcdn.com/pegasus/redskull/images/common/default_house_list.png?_v=202312201125188
20231229,昌平,回龙观,101122365828,首开国风美唐综合楼 南向开间 看房方便新上,170万,29638元/平,低楼层 (共17层) | 2014年 | 1室0厅 | 57.36平米 | 南,https://s1.ljcdn.com/pegasus/redskull/images/common/default_house_list.png?_v=202312201125188
20231229,昌平,回龙观,101122361604,融泽嘉园中路6号院 2室1厅 南 北新上,520万,52707元/平,中楼层 (共25层) 2室1厅 | 98.66平米 | 南 北,https://s1.ljcdn.com/pegasus/redskull/images/common/default_house_list.png?_v=202312201125188
20231229,昌平,回龙观,101122350309,风雅园一区标准两居室中间楼层,435万,45651元/平,中楼层 (共6层) | 2000年 | 2室1厅 | 95.29平米 | 南 北,https://s1.ljcdn.com/pegasus/redskull/images/common/default_house_list.png?_v=202312201125188
20231229,昌平,回龙观,101122348413,龙腾苑三区 3室1厅 南 北,588万,49873元/平,底层 (共6层) | 2002年 | 3室1厅 | 117.9平米 | 南 北,https://s1.ljcdn.com/pegasus/redskull/images/common/default_house_list.png?_v=202312201125188
20231229,昌平,回龙观,101122346888,金域华府二期 2室1厅 南,650万,81179元/平,高楼层 (共28层) | 2014年 | 2室1厅 | 80.07平米 | 南,https://s1.ljcdn.com/pegasus/redskull/images/common/default_house_list.png?_v=202312201125188
20231229,昌平,回龙观,101122343062,慧华苑 2室1厅 南 北,370万,50993元/平,高楼层 (共6层) 2室1厅 | 72.56平米 | 南 北,https://s1.ljcdn.com/pegasus/redskull/images/common/default_house_list.png?_v=202312201125188
20231229,昌平,回龙观,101122342297,龙泽苑+中美合资+首套首付138万+小区中间+南北双通透,440万,54946元/平,中楼层 (共6层) | 1999年 | 2室1厅 | 80.08平米 | 南 北,https://s1.ljcdn.com/pegasus/redskull/images/common/default_house_list.png?_v=202312201125188
20231229,昌平,回龙观,101122337490,领秀慧谷D区 南北两居 户型方正 满五唯一 看房随时,590万,67314元/平,底层 (共11层) | 2016年 | 2室2厅 | 87.65平米 | 南 北,https://s1.ljcdn.com/pegasus/redskull/images/common/default_house_list.png?_v=202312201125188
20231229,昌平,回龙观,101122332677,天露园二区 3室2厅 南 北,485万,37282元/平,低楼层 (共6层) | 2008年 | 3室2厅 | 130.09平米 | 南 北,https://s1.ljcdn.com/pegasus/redskull/images/common/default_house_list.png?_v=202312201125188
20231229,昌平,回龙观,101122330327,领秀慧谷B区 2室1厅 南,470万,58378元/平,底层 (共11层) | 2011年 | 2室1厅 | 80.51平米 | 南,https://s1.ljcdn.com/pegasus/redskull/images/common/default_house_list.png?_v=202312201125188
20231229,昌平,回龙观,101122329400,龙跃苑三区 商品房满五年 中间楼层 诚心出售,558万,38683元/平,中楼层 (共6层) | 2005年 | 3室1厅 | 144.25平米 | 南 北,https://s1.ljcdn.com/pegasus/redskull/images/common/default_house_list.png?_v=202312201125188
20231229,昌平,回龙观,101122325887,龙泽苑东区 电梯三居 直达地下车库 集体供暖 纯商品房,630万,50332元/平,低楼层 (共11层) 3室1厅 | 125.17平米 | 南 北,https://s1.ljcdn.com/pegasus/redskull/images/common/default_house_list.png?_v=202312201125188
20231229,昌平,回龙观,101122308365,龙华园 3室1厅 南 北,429万,48878元/平,顶层 (共6层) | 1994年 | 3室1厅 | 87.77平米 | 南 北,https://s1.ljcdn.com/pegasus/redskull/images/common/default_house_list.png?_v=202312201125188
20231229,昌平,回龙观,101122296565,华府9号 2室1厅 东,350万,40769元/平,中楼层 (共5层) 2室1厅 | 85.85平米 | 东,https://s1.ljcdn.com/pegasus/redskull/images/common/default_house_list.png?_v=202312201125188
20231229,昌平,回龙观,101122292728,领秀慧谷C区 2室2厅 南 北,619万,85711元/平,顶层 (共9层) | 2012年 | 2室2厅 | 72.22平米 | 南 北,https://s1.ljcdn.com/pegasus/redskull/images/common/default_house_list.png?_v=202312201125188
20231229,昌平,回龙观,101122283807,满五年唯一中间楼层自住装修换房诚意出售,629万,56586元/平,中楼层 (共8层) | 2007年 | 3室1厅 | 111.16平米 | 南 北,https://s1.ljcdn.com/pegasus/redskull/images/common/default_house_list.png?_v=202312201125188
20231229,昌平,回龙观,101122266208,龙博苑二区南向一居室商品房满五年唯一中间楼层,385万,65023元/平,中楼层 (共6层) | 2004年 | 1室1厅 | 59.21平米 | 南,https://s1.ljcdn.com/pegasus/redskull/images/common/default_house_list.png?_v=202312201125188
20231229,昌平,回龙观,101122260602,东亚上北中心 1室1厅 西南,205万,34014元/平,低楼层 (共21层) | 2009年 | 1室1厅 | 60.27平米 | 西南,https://s1.ljcdn.com/pegasus/redskull/images/common/default_house_list.png?_v=202312201125188
20231229,昌平,回龙观,101122256215,融泽嘉园西二路2号院 3室1厅 南 北,650万,62196元/平,高楼层 (共30层) | 2016年 | 3室1厅 | 104.51平米 | 南 北,https://s1.ljcdn.com/pegasus/redskull/images/common/default_house_list.png?_v=202312201125188
20231229,昌平,回龙观,101122253340,流星花园三区 大1居 小区中间位置 看房随时 沐浴阳光,529万,58318元/平,顶层 (共6层) | 2003年 | 1室1厅 | 90.71平米 | 南 北,https://s1.ljcdn.com/pegasus/redskull/images/common/default_house_list.png?_v=202312201125188
20231229,昌平,回龙观,101122253013,龙博苑二区 1室1厅 南,380万,64190元/平,低楼层 (共6层) | 2004年 | 1室1厅 | 59.2平米 | 南,https://s1.ljcdn.com/pegasus/redskull/images/common/default_house_list.png?_v=202312201125188
20231229,昌平,回龙观,101122239787,满五唯一小区中间位置采光充足集中供暖,648万,45676元/平,中楼层 (共7层) 3室2厅 | 141.87平米 | 南 北,https://s1.ljcdn.com/pegasus/redskull/images/common/default_house_list.png?_v=202312201125188
20231229,昌平,回龙观,101122229228,无消防通道不临街电梯总高6层靠谱出售房主自荐,642万,73938元/平,顶层 (共6层) 2室2厅 | 86.83平米 | 南 北,https://s1.ljcdn.com/pegasus/redskull/images/common/default_house_list.png?_v=202312201125188
20231229,昌平,回龙观,101122219076,融泽嘉园西二路2号院 2室1厅 南,520万,63734元/平,中楼层 (共34层) 2室1厅 | 81.59平米 | 南,https://s1.ljcdn.com/pegasus/redskull/images/common/default_house_list.png?_v=202312201125188
20231229,昌平,回龙观,101122203840,领秀慧谷C区 3室1厅 南 北,738万,63523元/平,低楼层 (共8层) | 2011年 | 3室1厅 | 116.18平米 | 南 北,https://s1.ljcdn.com/pegasus/redskull/images/common/default_house_list.png?_v=202312201125188
20231229,昌平,回龙观,101122198592,东区经典大三居户型 集体供暖 地下停车位纯商品房小区,740万,53238元/平,低楼层 (共7层) 3室1厅 | 139平米 | 南 北,https://s1.ljcdn.com/pegasus/redskull/images/common/default_house_list.png?_v=202312201125188
20231229,昌平,回龙观,101122197442,金域华府一期 2室1厅 南 北,690万,69417元/平,高楼层 (共26层) 2室1厅 | 99.4平米 | 南 北,https://s1.ljcdn.com/pegasus/redskull/images/common/default_house_list.png?_v=202312201125188
20231229,昌平,回龙观,101122196358,北京城建畅悦居密度低南排是叠拼户型人员素质高,335万,40770元/平,中楼层 (共21层) | 2016年 | 2室1厅 | 82.17平米 | 东 西 北,https://s1.ljcdn.com/pegasus/redskull/images/common/default_house_list.png?_v=202312201125188
20231229,昌平,回龙观,101122178563,北回归线 1室1厅 北,198万,33520元/平,顶层 (共7层) | 2010年 | 1室1厅 | 59.07平米 | 北,https://s1.ljcdn.com/pegasus/redskull/images/common/default_house_list.png?_v=202312201125188
20231229,昌平,回龙观,101122177628,龙泽苑B区+首套首付156万+中美合资+南北通透+商品房,480万,57246元/平,中楼层 (共7层) 2室1厅 | 83.85平米 | 南 北,https://s1.ljcdn.com/pegasus/redskull/images/common/default_house_list.png?_v=202312201125188
20231229,昌平,回龙观,101122172377,尚城 1室1厅 东 北,120万,36397元/平,中楼层 (共11层) | 2011年 | 1室1厅 | 32.97平米 | 东 北,https://s1.ljcdn.com/pegasus/redskull/images/common/default_house_list.png?_v=202312201125188
20231229,昌平,回龙观,101122158220,首开国风美唐二期 2室1厅 南 北,650万,67575元/平,中楼层 (共16层) 2室1厅 | 96.19平米 | 南 北,https://s1.ljcdn.com/pegasus/redskull/images/common/default_house_list.png?_v=202312201125188
20231229,昌平,回龙观,101122155040,北回归线 1室0厅 北,145万,27385元/平,中楼层 (共7层) | 2011年 | 1室0厅 | 52.95平米 | 北,https://s1.ljcdn.com/pegasus/redskull/images/common/default_house_list.png?_v=202312201125188
20231229,昌平,回龙观,101122141930,东亚上北中心   双朝向  中低楼层  业主诚售,280万,35093元/平,低楼层 (共18层) | 2009年 | 2室1厅 | 79.79平米 | 南,https://s1.ljcdn.com/pegasus/redskull/images/common/default_house_list.png?_v=202312201125188
20231229,昌平,回龙观,101122123933,满五唯一中间位置精装修 出行方便,528万,60412元/平,低楼层 (共31层) | 2015年 | 2室1厅 | 87.4平米 | 南 北,https://s1.ljcdn.com/pegasus/redskull/images/common/default_house_list.png?_v=202312201125188
20231229,昌平,回龙观,101122121955,东亚上北中心 1室0厅 南,160万,38939元/平,低楼层 (共20层) | 2009年 | 1室0厅 | 41.09平米 | 南,https://s1.ljcdn.com/pegasus/redskull/images/common/default_house_list.png?_v=202312201125188
20231229,昌平,回龙观,101122115740,尚城 2室1厅 西北,135万,34325元/平,高楼层 (共11层) 2室1厅 | 39.33平米 | 西北,https://s1.ljcdn.com/pegasus/redskull/images/common/default_house_list.png?_v=202312201125188
20231229,昌平,回龙观,101122113341,龙兴园北区 3室2厅 南 北,490万,49571元/平,底层 (共6层) | 2000年 | 3室2厅 | 98.85平米 | 南 北,https://s1.ljcdn.com/pegasus/redskull/images/common/default_house_list.png?_v=202312201125188
20231229,昌平,回龙观,101122109603,首付142万满五年一套中间楼层采光无遮挡,450万,49779元/平,中楼层 (共6层) 2室1厅 | 90.4平米 | 南 北,https://s1.ljcdn.com/pegasus/redskull/images/common/default_house_list.png?_v=202312201125188
20231229,昌平,回龙观,101122090066,风雅园三区 商品房 低楼层 无遮挡 三居室,530万,43069元/平,低楼层 (共6层) 3室2厅 | 123.06平米 | 南 北,https://s1.ljcdn.com/pegasus/redskull/images/common/default_house_list.png?_v=202312201125188
20231229,昌平,回龙观,101122089621,龙跃苑东二区 3室1厅 南 北,560万,44608元/平,低楼层 (共6层) | 2007年 | 3室1厅 | 125.54平米 | 南 北,https://s1.ljcdn.com/pegasus/redskull/images/common/default_house_list.png?_v=202312201125188
20231229,昌平,回龙观,101122082542,上北鑫座 1室1厅电梯中层采光充足房主自荐,176万,25975元/平,中楼层 (共7层) | 2012年 | 1室1厅 | 67.76平米 | 东 西,https://s1.ljcdn.com/pegasus/redskull/images/common/default_house_list.png?_v=202312201125188
20231229,昌平,回龙观,101122070545,TBD住总万科天地 2室1厅 北,210万,42280元/平,低楼层 (共21层) 2室1厅 | 49.67平米 | 北,https://s1.ljcdn.com/pegasus/redskull/images/common/default_house_list.png?_v=202312201125188
20231229,昌平,回龙观,101122053084,商品房满五年唯一不临街不把边1居室采光好,340万,57716元/平,底层 (共6层) | 2005年 | 1室1厅 | 58.91平米 | 南,https://s1.ljcdn.com/pegasus/redskull/images/common/default_house_list.png?_v=202312201125188
20231229,昌平,回龙观,101122024290,领秀慧谷B区 明厨明卫三居 户型方正 看房提前约,460万,51541元/平,底层 (共9层) | 2011年 | 3室1厅 | 89.25平米 | 南 西 北,https://s1.ljcdn.com/pegasus/redskull/images/common/default_house_list.png?_v=202312201125188
20231229,昌平,回龙观,101122013308,电梯两居两卫精装修高楼层商满五唯一产权清晰,460万,47093元/平,低楼层 (共11层) | 2004年 | 2室1厅 | 97.68平米 | 南 北,https://s1.ljcdn.com/pegasus/redskull/images/common/default_house_list.png?_v=202312201125188
20231229,昌平,回龙观,101122001468,万龙社区 2室1厅 南 北,360万,50683元/平,顶层 (共6层) | 1998年 | 2室1厅 | 71.03平米 | 南 北,https://s1.ljcdn.com/pegasus/redskull/images/common/default_house_list.png?_v=202312201125188
20231229,昌平,回龙观,101121995842,全南一居室商满五唯一 中间楼层采光好视野好,445万,67537元/平,中楼层 (共34层) | 2015年 | 1室1厅 | 65.89平米 | 南,https://s1.ljcdn.com/pegasus/redskull/images/common/default_house_list.png?_v=202312201125188
20231229,昌平,回龙观,101121979428,新龙城+小区中间花园位置+南北通透+落地窗,690万,56364元/平,低楼层 (共15层) | 2007年 | 3室2厅 | 122.42平米 | 南 北,https://s1.ljcdn.com/pegasus/redskull/images/common/default_house_list.png?_v=202312201125188
20231229,昌平,回龙观,101121978237,满五唯一电梯房南向落地窗采光好绿化好有车位,535万,61213元/平,低楼层 (共34层) 2室1厅 | 87.4平米 | 南,https://s1.ljcdn.com/pegasus/redskull/images/common/default_house_list.png?_v=202312201125188
20231229,昌平,回龙观,101121976277,TBD住总万科天地 2室1厅 东,170万,41821元/平,顶层 (共18层) 2室1厅 | 40.65平米 | 东,https://s1.ljcdn.com/pegasus/redskull/images/common/default_house_list.png?_v=202312201125188
20231229,昌平,回龙观,101121971135,东亚上北中心  精装修电梯洋房  集中供暖有电梯房主自荐,162万,37922元/平,高楼层 (共18层) | 2009年 | 1室0厅 | 42.72平米 | 北,https://s1.ljcdn.com/pegasus/redskull/images/common/default_house_list.png?_v=202312201125188
20231229,昌平,回龙观,101121968743,琥珀天地 视野开阔采光充足交通方便,140万,25340元/平,顶层 (共5层) 1室1厅 | 55.25平米 | 西北,https://s1.ljcdn.com/pegasus/redskull/images/common/default_house_list.png?_v=202312201125188
20231229,昌平,回龙观,101121957618,8号线地铁560米5+6跃层商满五唯一不临街不把边,519万,33362元/平,高楼层 (共6层) | 2002年 | 4室2厅 | 155.57平米 | 南 北,https://s1.ljcdn.com/pegasus/redskull/images/common/default_house_list.png?_v=202312201125188
20231229,昌平,回龙观,101121924676,金达园 车位,38万,17959元/平,底层 (共1层) | 1998年 | 1室0厅 | 21.16平米 | 南 北,https://s1.ljcdn.com/pegasus/redskull/images/common/default_house_list.png?_v=202312201125188
20231229,昌平,回龙观,101121912059,风雅园二区满五年南北通透采光好,465万,38430元/平,中楼层 (共7层) 3室2厅 | 121平米 | 南 北,https://s1.ljcdn.com/pegasus/redskull/images/common/default_house_list.png?_v=202312201125188
20231229,昌平,回龙观,101121911732,北回归线 1室1厅 北,145万,26665元/平,中楼层 (共7层) | 2010年 | 1室1厅 | 54.38平米 | 北,https://s1.ljcdn.com/pegasus/redskull/images/common/default_house_list.png?_v=202312201125188
20231229,昌平,回龙观,101121909497,龙锦苑四区 3室2厅 南 北,570万,47418元/平,底层 (共6层) | 2003年 | 3室2厅 | 120.21平米 | 南 北,https://s1.ljcdn.com/pegasus/redskull/images/common/default_house_list.png?_v=202312201125188
20231229,昌平,回龙观,101121905209,三季有花四季常青！钢混社区！中层明卫两居！仅契税！,469万,60665元/平,中楼层 (共6层) | 2003年 | 2室1厅 | 77.31平米 | 南 北,https://s1.ljcdn.com/pegasus/redskull/images/common/default_house_list.png?_v=202312201125188
20231229,昌平,回龙观,101121896960,龙兴园北区 双卧室朝南南北通透集中供暖交通便利,488万,49368元/平,中楼层 (共6层) 3室2厅 | 98.85平米 | 南 北,https://s1.ljcdn.com/pegasus/redskull/images/common/default_house_list.png?_v=202312201125188
20231229,昌平,回龙观,101121892624,龙回苑 3室1厅 南 北,540万,42363元/平,中楼层 (共7层) | 2004年 | 3室1厅 | 127.47平米 | 南 北,https://s1.ljcdn.com/pegasus/redskull/images/common/default_house_list.png?_v=202312201125188
20231229,昌平,回龙观,101121891270,东亚上北中心  电梯洋房  配套齐全,177万,31311元/平,低楼层 (共18层) | 2009年 | 1室1厅 | 56.53平米 | 北,https://s1.ljcdn.com/pegasus/redskull/images/common/default_house_list.png?_v=202312201125188
20231229,昌平,回龙观,101121890622,首开国风美唐综合楼低楼层南向无遮挡采光好房源,156万,27311元/平,低楼层 (共17层) 1室0厅 | 57.12平米 | 南,https://s1.ljcdn.com/pegasus/redskull/images/common/default_house_list.png?_v=202312201125188
20231229,昌平,回龙观,101121888913,首开国风美唐一期  满五唯一 高楼层两居室房主自荐,668万,72918元/平,中楼层 (共11层) 2室1厅 | 91.61平米 | 南 北,https://s1.ljcdn.com/pegasus/redskull/images/common/default_house_list.png?_v=202312201125188
20231229,昌平,回龙观,101121873075,流星花园二区+商五唯一+商品房社区,468万,55728元/平,顶层 (共6层) 3室2厅 | 83.98平米 | 南 北,https://s1.ljcdn.com/pegasus/redskull/images/common/default_house_list.png?_v=202312201125188
20231229,昌平,回龙观,101121870275,龙腾苑四区 一层两居室  把边户型,650万,64761元/平,底层 (共6层) 2室1厅 | 100.37平米 | 南 北,https://s1.ljcdn.com/pegasus/redskull/images/common/default_house_list.png?_v=202312201125188
20231229,昌平,回龙观,101121855700,双卧朝南  南北通透  高楼层采光视野好,515万,41483元/平,顶层 (共6层) | 2000年 | 3室1厅 | 124.15平米 | 南 北,https://s1.ljcdn.com/pegasus/redskull/images/common/default_house_list.png?_v=202312201125188
20231229,昌平,回龙观,101121855089,龙跃苑东四区 3室2厅 南 北,538万,42423元/平,高楼层 (共6层) 3室2厅 | 126.82平米 | 南 北,https://s1.ljcdn.com/pegasus/redskull/images/common/default_house_list.png?_v=202312201125188
20231229,昌平,回龙观,101121831112,回龙观电梯房需全款购买2009年社区钢混,208万,34604元/平,顶层 (共18层) | 2009年 | 1室1厅 | 60.11平米 | 南,https://s1.ljcdn.com/pegasus/redskull/images/common/default_house_list.png?_v=202312201125188
20231229,昌平,回龙观,101121817550,纯南向+小区中间+诚心出售+电梯房,300万,37980元/平,中楼层 (共7层) | 2011年 | 1室1厅 | 78.99平米 | 南,https://s1.ljcdn.com/pegasus/redskull/images/common/default_house_list.png?_v=202312201125188
20231229,昌平,回龙观,101121813835,云趣园一区 3室2厅 南 北,480万,41358元/平,中楼层 (共7层) 3室2厅 | 116.06平米 | 南 北,https://s1.ljcdn.com/pegasus/redskull/images/common/default_house_list.png?_v=202312201125188
20231229,昌平,回龙观,101121796649,首开国风美唐二期 车位,11万,2855元/平,地下室 (共18层) 1室0厅 | 38.54平米 | 南,https://s1.ljcdn.com/pegasus/redskull/images/common/default_house_list.png?_v=202312201125188
20231229,昌平,回龙观,101121783852,融泽嘉园1号院  南北通透三居室  配套齐全,590万,54691元/平,低楼层 (共34层) | 2014年 | 3室1厅 | 107.88平米 | 南 北,https://s1.ljcdn.com/pegasus/redskull/images/common/default_house_list.png?_v=202312201125188
20231229,昌平,回龙观,101121755896,万科金域华府三期车位大产权价格可谈。,43万,13158元/平,地下室 (共28层) 1室0厅 | 32.68平米 | 南,https://s1.ljcdn.com/pegasus/redskull/images/common/default_house_list.png?_v=202312201125188
20231229,昌平,回龙观,101121752586,带电梯 落地窗 满五年唯一 位置好,479万,53312元/平,顶层 (共9层) | 2011年 | 3室1厅 | 89.85平米 | 南 北,https://s1.ljcdn.com/pegasus/redskull/images/common/default_house_list.png?_v=202312201125188
20231229,昌平,回龙观,101121750628,南侧就是体育公园 视野宽阔 交通方便,278万,33270元/平,低楼层 (共21层) | 2009年 | 2室1厅 | 83.56平米 | 南,https://s1.ljcdn.com/pegasus/redskull/images/common/default_house_list.png?_v=202312201125188
20231229,昌平,回龙观,101121733533,5+6跃层  商品房 高原 值  小区中间 诚心出售,615万,32235元/平,高楼层 (共6层) | 2005年 | 4室2厅 | 190.79平米 | 东南 北,https://s1.ljcdn.com/pegasus/redskull/images/common/default_house_list.png?_v=202312201125188
20231229,昌平,回龙观,101121732807,新龙城 2居 有电梯 落地窗 地暖 明厨明卫 满五唯一,520万,56156元/平,中楼层 (共10层) | 2007年 | 2室1厅 | 92.6平米 | 东 西,https://s1.ljcdn.com/pegasus/redskull/images/common/default_house_list.png?_v=202312201125188
20231229,昌平,回龙观,101121714283,东亚上北中心 1室1厅 东 北,200万,35311元/平,低楼层 (共18层) 1室1厅 | 56.64平米 | 东 北,https://s1.ljcdn.com/pegasus/redskull/images/common/default_house_list.png?_v=202312201125188
20231229,昌平,回龙观,101121679234,首开国风美唐三期 采光充足通勤便利 不临街品质社,645万,73765元/平,高楼层 (共18层) | 2016年 | 2室1厅 | 87.44平米 | 南,https://s1.ljcdn.com/pegasus/redskull/images/common/default_house_list.png?_v=202312201125188
20231229,昌平,回龙观,101121657819,龙跃苑一区 3室2厅 南 北,540万,43214元/平,低楼层 (共6层) 3室2厅 | 124.96平米 | 南 北,https://s1.ljcdn.com/pegasus/redskull/images/common/default_house_list.png?_v=202312201125188
20231229,昌平,回龙观,101121646827,首开智慧社 商业办公 需要社保或者纳税连续满60个月,150万,29349元/平,中楼层 (共19层) | 2011年 | 1室0厅 | 51.11平米 | 西,https://s1.ljcdn.com/pegasus/redskull/images/common/default_house_list.png?_v=202312201125188
20231229,昌平,回龙观,101121637880,尚城 2室1厅 南,158万,40092元/平,高楼层 (共11层) 2室1厅 | 39.41平米 | 南,https://s1.ljcdn.com/pegasus/redskull/images/common/default_house_list.png?_v=202312201125188
20231229,昌平,回龙观,101121590073,首开国风美唐综合楼 1室0厅 西房主自荐,156万,25833元/平,低楼层 (共17层) | 2014年 | 1室0厅 | 60.39平米 | 西,https://s1.ljcdn.com/pegasus/redskull/images/common/default_house_list.png?_v=202312201125188
20231229,昌平,回龙观,101121589202,上北鑫座 1室1厅 北,115万,28586元/平,中楼层 (共7层) | 2012年 | 1室1厅 | 40.23平米 | 北,https://s1.ljcdn.com/pegasus/redskull/images/common/default_house_list.png?_v=202312201125188
20231229,昌平,回龙观,101121563744,龙泽苑西区+中美合资示范+南北通透+两居两卫+等你来,590万,59887元/平,中楼层 (共6层) | 2001年 | 2室1厅 | 98.52平米 | 南 北,https://s1.ljcdn.com/pegasus/redskull/images/common/default_house_list.png?_v=202312201125188
20231229,昌平,回龙观,101121557159,首开国风美唐二期15号楼B1单元门口车位,12万,3523元/平,地下室 (共21层) 1室1厅 | 34.07平米 | 南,https://ke-image.ljcdn.com/110000-inspection/ef5f069ecfcef5e1ac780171ef84598a-008.jpg!m_fill,w_280,h_210,f_jpg?from=ke.com
20231229,昌平,回龙观,101121515373,东亚上北中心 2室1厅 南,330万,39465元/平,中楼层 (共21层) | 2009年 | 2室1厅 | 83.62平米 | 南,https://s1.ljcdn.com/pegasus/redskull/images/common/default_house_list.png?_v=202312201125188
20231229,昌平,回龙观,101121499068,首开国风美唐综合楼 近双规地铁,199万,25875元/平,低楼层 (共17层) | 2014年 | 2室1厅 | 76.91平米 | 东 北,https://s1.ljcdn.com/pegasus/redskull/images/common/default_house_list.png?_v=202312201125188
20231229,昌平,回龙观,101121496456,龙腾苑五区 经典一层南北三居  南边楼间距80米 近地铁,710万,48408元/平,底层 (共6层) | 2003年 | 3室1厅 | 146.67平米 | 南 北,https://s1.ljcdn.com/pegasus/redskull/images/common/default_house_list.png?_v=202312201125188
20231229,昌平,回龙观,101121448887,领秀慧谷D区 车位,28万,9012元/平,地下室 (共13层) | 2016年 | 1室0厅 | 31.07平米 | 北,https://ke-image.ljcdn.com/110000-inspection/1e4f78603579f3385a71b27a225af81e-002.jpg!m_fill,w_280,h_210,f_jpg?from=ke.com
20231229,昌平,回龙观,101121438484,TBD住总万科天地 1室1厅 北,158万,38793元/平,低楼层 (共18层) 1室1厅 | 40.73平米 | 北,https://s1.ljcdn.com/pegasus/redskull/images/common/default_house_list.png?_v=202312201125188
20231229,昌平,回龙观,101121370977,首开国风美唐综合楼 近双规地铁,195万,28855元/平,中楼层 (共17层) | 2014年 | 1室1厅 | 67.58平米 | 南,https://s1.ljcdn.com/pegasus/redskull/images/common/default_house_list.png?_v=202312201125188
20231229,昌平,回龙观,101121368889,金域华府二期 B2层车位  诚意出售,40万,11571元/平,地下室 (共28层) | 2015年 | 1室0厅 | 34.57平米 | 南,https://s1.ljcdn.com/pegasus/redskull/images/common/default_house_list.png?_v=202312201125188
20231229,昌平,回龙观,101121325774,东亚上北中心  交通便利  前后公园环绕,208万,36282元/平,中楼层 (共21层) 1室1厅 | 57.33平米 | 西,https://s1.ljcdn.com/pegasus/redskull/images/common/default_house_list.png?_v=202312201125188
20231229,昌平,回龙观,101121324771,北京人家 3室1厅 南 北,660万,48007元/平,中楼层 (共5层) | 2004年 | 3室1厅 | 137.48平米 | 南 北,https://s1.ljcdn.com/pegasus/redskull/images/common/default_house_list.png?_v=202312201125188
20231229,昌平,回龙观,101121289216,紫晶七星广场 1室1厅 西,160万,25911元/平,中楼层 (共5层) | 2014年 | 1室1厅 | 61.75平米 | 西,https://s1.ljcdn.com/pegasus/redskull/images/common/default_house_list.png?_v=202312201125188
20231229,昌平,回龙观,101121283821,北回归线 1室1厅 北,185万,25343元/平,高楼层 (共7层) | 2010年 | 1室1厅 | 73平米 | 北,https://s1.ljcdn.com/pegasus/redskull/images/common/default_house_list.png?_v=202312201125188
20231229,昌平,回龙观,101121280745,东亚上北中心20万装修有阳台和飘窗随时看房,319万,38177元/平,中楼层 (共21层) | 2009年 | 2室1厅 | 83.56平米 | 南,https://s1.ljcdn.com/pegasus/redskull/images/common/default_house_list.png?_v=202312201125188
20231229,昌平,回龙观,101121264035,华府9号 3室1厅 西北,330万,37415元/平,顶层 (共5层) | 2018年 | 3室1厅 | 88.2平米 | 西北,https://s1.ljcdn.com/pegasus/redskull/images/common/default_house_list.png?_v=202312201125188
20231229,昌平,回龙观,101121253045,首开国风美唐一期 车位 总价便宜,25万,6481元/平,地下室 | 2012年 | 1室0厅 | 38.58平米 | 南 北,https://ke-image.ljcdn.com/110000-inspection/cf82e411c9d73cff94a36bf80f820522-006.jpg!m_fill,w_280,h_210,f_jpg?from=ke.com
20231229,昌平,回龙观,101121250619,首开国风美唐一期 边户位置 随时看 随时可签,25万,6560元/平,地下室 (共11层) 1室0厅 | 38.11平米 | 南 北,https://ke-image.ljcdn.com/110000-inspection/6f9e0ea2610be42e4434ccc280a633da-091.jpg!m_fill,w_280,h_210,f_jpg?from=ke.com
20231229,昌平,回龙观,101121244932,琥珀天地 1室1厅 南,160万,24406元/平,中楼层 (共5层) | 2011年 | 1室1厅 | 65.56平米 | 南,https://s1.ljcdn.com/pegasus/redskull/images/common/default_house_list.png?_v=202312201125188
20231229,昌平,回龙观,101121235316,上北鑫座 1室1厅 北,115万,28880元/平,低楼层 (共7层) 1室1厅 | 39.82平米 | 北,https://s1.ljcdn.com/pegasus/redskull/images/common/default_house_list.png?_v=202312201125188
20231229,昌平,回龙观,101121229731,金域华府二期  B1层车位  已装充电桩  电梯直达,37万,10713元/平,地下室 (共28层) | 2015年 | 1室0厅 | 34.54平米 | 南,https://s1.ljcdn.com/pegasus/redskull/images/common/default_house_list.png?_v=202312201125188
20231229,昌平,回龙观,101121227017,首开国风美唐一期 车位,27万,6867元/平,地下室 (共11层) 1室0厅 | 39.32平米 | 南,https://s1.ljcdn.com/pegasus/redskull/images/common/default_house_list.png?_v=202312201125188
20231229,昌平,回龙观,101121219348,龙锦苑六区 中间层三居两卫 满五唯一 南北通透采光好,499万,41497元/平,中楼层 (共6层) | 2003年 | 3室1厅 | 120.25平米 | 南 北,https://s1.ljcdn.com/pegasus/redskull/images/common/default_house_list.png?_v=202312201125188
20231229,昌平,回龙观,101121210305,龙城花园北二区商品房满五唯一,760万,69578元/平,底层 (共4层) 3室2厅 | 109.23平米 | 南 北,https://s1.ljcdn.com/pegasus/redskull/images/common/default_house_list.png?_v=202312201125188
20231229,昌平,回龙观,101121196497,高楼层西南双朝向后排安静小区门口修地铁,286万,35908元/平,底层 (共18层) | 2009年 | 2室1厅 | 79.65平米 | 东南,https://s1.ljcdn.com/pegasus/redskull/images/common/default_house_list.png?_v=202312201125188
20231229,昌平,回龙观,101121182718,龙跃苑东四区 中间楼层 钢混结构,568万,46179元/平,中楼层 (共6层) 3室1厅 | 123平米 | 北 南,https://s1.ljcdn.com/pegasus/redskull/images/common/default_house_list.png?_v=202312201125188
20231229,昌平,回龙观,101121162173,东亚上北中心  视野开阔  户型方正  配套齐全,310万,37449元/平,中楼层 (共21层) | 2009年 | 2室1厅 | 82.78平米 | 南,https://s1.ljcdn.com/pegasus/redskull/images/common/default_house_list.png?_v=202312201125188
20231229,昌平,回龙观,101121124485,首开国风美唐二期 车位,14万,3633元/平,地下室 (共18层) 1室0厅 | 38.54平米 | 北,https://s1.ljcdn.com/pegasus/redskull/images/common/default_house_list.png?_v=202312201125188
20231229,昌平,回龙观,101121096375,商品房满五年唯一 楼层3层 小区中间位置 接受换房,600万,48147元/平,中楼层 (共6层) | 2006年 | 3室1厅 | 124.62平米 | 南 北,https://s1.ljcdn.com/pegasus/redskull/images/common/default_house_list.png?_v=202312201125188
20231229,昌平,回龙观,101121064597,东亚上北中心 户型方正 配套齐全 交通便利,310万,36791元/平,低楼层 (共21层) | 2009年 | 2室1厅 | 84.26平米 | 南,https://s1.ljcdn.com/pegasus/redskull/images/common/default_house_list.png?_v=202312201125188
20231229,昌平,回龙观,101121004838,金域华府三期 车位,40.5万,12393元/平,地下室 (共28层) 1室0厅 | 32.68平米 | 南,https://s1.ljcdn.com/pegasus/redskull/images/common/default_house_list.png?_v=202312201125188
20231229,昌平,回龙观,101120993763,领秀慧谷D2区 车位,20.5万,6391元/平,地下室 (共3层) | 2019年 | 1室0厅 | 32.08平米 | 东南 西北,https://ke-image.ljcdn.com/110000-inspection/823a1445a2ddfed57cf74fa5d91ed322-065.jpg!m_fill,w_280,h_210,f_jpg?from=ke.com
20231229,昌平,回龙观,101120990426,北京城建畅悦居 已满五年 明厨明卫 产权清晰 诚意出售,340万,41328元/平,低楼层 (共21层) 2室1厅 | 82.27平米 | 东 西 北,https://s1.ljcdn.com/pegasus/redskull/images/common/default_house_list.png?_v=202312201125188
20231229,昌平,回龙观,101120985203,紫晶七星广场电梯房有装修上下两层,185万,29965元/平,顶层 (共5层) | 2014年 | 1室1厅 | 61.74平米 | 西,https://s1.ljcdn.com/pegasus/redskull/images/common/default_house_list.png?_v=202312201125188
20231229,昌平,回龙观,101120947307,TBD住总万科天地 1室1厅 南,239万,48089元/平,高楼层 (共18层) 1室1厅 | 49.7平米 | 南,https://s1.ljcdn.com/pegasus/redskull/images/common/default_house_list.png?_v=202312201125188
20231229,昌平,回龙观,101120924935,紫晶七星广场 1室1厅 东南,179万,33966元/平,中楼层 (共5层) 1室1厅 | 52.7平米 | 东南,https://s1.ljcdn.com/pegasus/redskull/images/common/default_house_list.png?_v=202312201125188
20231229,昌平,回龙观,101120918091,位置好直接从地上下B1单元离通道近。,19万,5125元/平,地下室 (共18层) | 2017年 | 1室0厅 | 37.08平米 | 南,https://ke-image.ljcdn.com/110000-inspection/a7af8b02690d2f9be5e1e461091c8691-087.jpg!m_fill,w_280,h_210,f_jpg?from=ke.com
20231229,昌平,回龙观,101120887976,首开国风美唐综合楼大面积双朝向视野开阔精装修房源,195万,25250元/平,低楼层 (共17层) 2室1厅 | 77.23平米 | 东北,https://s1.ljcdn.com/pegasus/redskull/images/common/default_house_list.png?_v=202312201125188
20231229,昌平,回龙观,101120861170,位置好直接从地上下B1单元离通道近。,13.6万,3992元/平,地下室 1室0厅 | 34.07平米 | 南 北,https://s1.ljcdn.com/pegasus/redskull/images/common/default_house_list.png?_v=202312201125188
20231229,昌平,回龙观,101120861030,东亚上北中心 电梯房 正常水电气+集中供暖,209万,36456元/平,中楼层 (共21层) | 2009年 | 1室1厅 | 57.33平米 | 东,https://s1.ljcdn.com/pegasus/redskull/images/common/default_house_list.png?_v=202312201125188
20231229,昌平,回龙观,101120849916,TBD住总万科天地 1室1厅 东南,230万,53564元/平,高楼层 (共18层) 1室1厅 | 42.94平米 | 东南,https://s1.ljcdn.com/pegasus/redskull/images/common/default_house_list.png?_v=202312201125188
20231229,昌平,回龙观,101120845194,TBD住总万科天地 1室0厅 东,175万,43051元/平,低楼层 (共18层) 1室0厅 | 40.65平米 | 东,https://s1.ljcdn.com/pegasus/redskull/images/common/default_house_list.png?_v=202312201125188
20231229,昌平,回龙观,101120822444,金域华府二期 车位,35万,10134元/平,地下室 | 2015年 | 1室1厅 | 34.54平米 | 南,https://s1.ljcdn.com/pegasus/redskull/images/common/default_house_list.png?_v=202312201125188
20231229,昌平,回龙观,101120827034,TBD万科天地电梯房有钥匙看房随时！,198万,48649元/平,中楼层 (共21层) 2室1厅 | 40.7平米 | 东,https://s1.ljcdn.com/pegasus/redskull/images/common/default_house_list.png?_v=202312201125188
20231229,昌平,回龙观,101120813276,首开国风美唐综合楼 1室0厅 南,198万,29478元/平,高楼层 (共17层) | 2014年 | 1室0厅 | 67.17平米 | 南,https://s1.ljcdn.com/pegasus/redskull/images/common/default_house_list.png?_v=202312201125188
20231229,昌平,回龙观,101120788483,首开国风美唐综合楼东北双朝向精装修无遮挡视野好,210万,27146元/平,中楼层 (共17层) 2室1厅 | 77.36平米 | 东北,https://s1.ljcdn.com/pegasus/redskull/images/common/default_house_list.png?_v=202312201125188
20231229,昌平,回龙观,101120777773,TBD住总万科天地 1室1厅 东,195万,39236元/平,低楼层 (共18层) 1室1厅 | 49.7平米 | 东,https://s1.ljcdn.com/pegasus/redskull/images/common/default_house_list.png?_v=202312201125188
20231229,昌平,回龙观,101120773302,领秀慧谷D区 车位,23.5万,7633元/平,地下室 (共13层) 1室0厅 | 30.79平米 | 南,https://s1.ljcdn.com/pegasus/redskull/images/common/default_house_list.png?_v=202312201125188
20231229,昌平,回龙观,101120729969,中间位置人车分流电梯板楼社区,610万,51525元/平,低楼层 (共12层) | 2003年 | 3室2厅 | 118.39平米 | 南,https://s1.ljcdn.com/pegasus/redskull/images/common/default_house_list.png?_v=202312201125188
20231229,昌平,回龙观,101120728300,首开国风美唐综合楼南向无遮挡采光视野佳,190万,28232元/平,低楼层 (共17层) | 2014年 | 1室0厅 | 67.3平米 | 南,https://s1.ljcdn.com/pegasus/redskull/images/common/default_house_list.png?_v=202312201125188
20231229,昌平,回龙观,101120727875,诚心出售价格能谈全款购买。,135万,24435元/平,中楼层 (共5层) | 2014年 | 1室0厅 | 55.25平米 | 西,https://s1.ljcdn.com/pegasus/redskull/images/common/default_house_list.png?_v=202312201125188
20231229,昌平,回龙观,101120711597,南北通透眼镜户型大三居室无遮挡房主自荐,670万,51786元/平,低楼层 (共13层) 3室1厅 | 129.38平米 | 南 北 东,https://s1.ljcdn.com/pegasus/redskull/images/common/default_house_list.png?_v=202312201125188
20231229,昌平,回龙观,101120708567,金域华府三期 车位,40万,12045元/平,地下室 (共28层) 1室0厅 | 33.21平米 | 南,https://s1.ljcdn.com/pegasus/redskull/images/common/default_house_list.png?_v=202312201125188
20231229,昌平,回龙观,101120644260,首开国风美唐三期地下一层产权车位诚心出售,20万,6151元/平,地下室 (共20层) 1室0厅 | 32.52平米 | 南,https://ke-image.ljcdn.com/110000-inspection/bc3959a26e60eee436a3927bb7a8053c-092.jpg!m_fill,w_280,h_210,f_jpg?from=ke.com
20231229,昌平,回龙观,101120634940,首开国风美唐二期 车位,14万,4110元/平,地下室 (共21层) 1室0厅 | 34.07平米 | 南,https://s1.ljcdn.com/pegasus/redskull/images/common/default_house_list.png?_v=202312201125188
20231229,昌平,回龙观,101120540253,东亚上北中心  小户型  正规户型  西北向格局合理,190万,35850元/平,底层 (共18层) | 2009年 | 1室1厅 | 53平米 | 西南,https://s1.ljcdn.com/pegasus/redskull/images/common/default_house_list.png?_v=202312201125188
20231229,昌平,回龙观,101120504729,TBD住总万科天地 1室1厅 东,210万,51661元/平,高楼层 (共18层) 1室1厅 | 40.65平米 | 东,https://s1.ljcdn.com/pegasus/redskull/images/common/default_house_list.png?_v=202312201125188
20231229,昌平,回龙观,101120452313,东亚上北中心 正常水电气 集中供暖有电梯,209万,36386元/平,中楼层 (共21层) | 2009年 | 1室1厅 | 57.44平米 | 西,https://s1.ljcdn.com/pegasus/redskull/images/common/default_house_list.png?_v=202312201125188
20231229,昌平,回龙观,101120359496,首开国风美唐综合楼 近双规地铁,155万,27640元/平,高楼层 (共17层) | 2012年 | 1室0厅 | 56.08平米 | 东,https://s1.ljcdn.com/pegasus/redskull/images/common/default_house_list.png?_v=202312201125188
20231229,昌平,回龙观,101120359524,首开国风美唐综合楼  近双规地铁,155万,27640元/平,高楼层 (共17层) 1室0厅 | 56.08平米 | 东,https://s1.ljcdn.com/pegasus/redskull/images/common/default_house_list.png?_v=202312201125188
20231229,昌平,回龙观,101120359469,首开国风美唐综合楼 近双规地铁,220万,28439元/平,高楼层 (共17层) 1室1厅 | 77.36平米 | 东,https://s1.ljcdn.com/pegasus/redskull/images/common/default_house_list.png?_v=202312201125188
20231229,昌平,回龙观,101120338884,首开智慧社优质地下产权车位11,16万,3416元/平,地下室 (共18层) | 2012年 | 1室0厅 | 46.84平米 | 南,https://s1.ljcdn.com/pegasus/redskull/images/common/default_house_list.png?_v=202312201125188
20231229,昌平,回龙观,101120321551,首开智慧社 1室0厅 西,160万,31263元/平,高楼层 (共19层) 1室0厅 | 51.18平米 | 西,https://s1.ljcdn.com/pegasus/redskull/images/common/default_house_list.png?_v=202312201125188
20231229,昌平,回龙观,101120262398,金域华府二期 车位,33万,9881元/平,地下室 (共28层) 1室0厅 | 33.4平米 | 南,https://s1.ljcdn.com/pegasus/redskull/images/common/default_house_list.png?_v=202312201125188
20231229,昌平,回龙观,101120208818,上北鑫座 1室0厅 东 南 西,296万,31440元/平,中楼层 (共7层) 1室0厅 | 94.15平米 | 东 南 西,https://s1.ljcdn.com/pegasus/redskull/images/common/default_house_list.png?_v=202312201125188
20231229,昌平,回龙观,101120064193,南侧就是体育公园楼层好视野宽阔交通方便,270万,33899元/平,高楼层 (共18层) | 2009年 | 2室1厅 | 79.65平米 | 西南,https://s1.ljcdn.com/pegasus/redskull/images/common/default_house_list.png?_v=202312201125188
20231229,昌平,回龙观,101120015546,东亚上北中心南向  不临街   中楼层,167万,39065元/平,低楼层 (共21层) 1室0厅 | 42.75平米 | 南,https://s1.ljcdn.com/pegasus/redskull/images/common/default_house_list.png?_v=202312201125188
20231229,昌平,回龙观,101120008050,TBD住总万科天地 2室1厅 西,207万,50923元/平,中楼层 (共18层) 2室1厅 | 40.65平米 | 西,https://s1.ljcdn.com/pegasus/redskull/images/common/default_house_list.png?_v=202312201125188
20231229,昌平,回龙观,101119918747,首开智慧社商品房东向东朝向。房主自荐,149万,29113元/平,低楼层 (共19层) | 2011年 | 1室1厅 | 51.18平米 | 东,https://s1.ljcdn.com/pegasus/redskull/images/common/default_house_list.png?_v=202312201125188
20231229,昌平,回龙观,101119904492,首开国风美唐综合楼 1室0厅 西,162万,26716元/平,中楼层 (共17层) | 2014年 | 1室0厅 | 60.64平米 | 西,https://s1.ljcdn.com/pegasus/redskull/images/common/default_house_list.png?_v=202312201125188
20231229,昌平,回龙观,101119768296,紫晶七星广场 落地窗 开间 精装修 总价合适,99万,20786元/平,地下室 (共5层) | 2014年 | 1室0厅 | 47.63平米 | 西,https://s1.ljcdn.com/pegasus/redskull/images/common/default_house_list.png?_v=202312201125188
20231229,昌平,回龙观,101119737717,金域华府二期 车位,38万,11002元/平,地下室 (共3层) 1室1厅 | 34.54平米 | 南,https://s1.ljcdn.com/pegasus/redskull/images/common/default_house_list.png?_v=202312201125188
20231229,昌平,回龙观,101119719389,东亚上北中心 1室1厅 北,153万,35748元/平,中楼层 (共18层) | 2009年 | 1室1厅 | 42.8平米 | 北,https://s1.ljcdn.com/pegasus/redskull/images/common/default_house_list.png?_v=202312201125188
20231229,昌平,回龙观,101119701918,冠庭园 3室1厅 南 北,365万,29938元/平,高楼层 (共7层) | 2007年 | 3室1厅 | 121.92平米 | 南 北,https://s1.ljcdn.com/pegasus/redskull/images/common/default_house_list.png?_v=202312201125188
20231229,昌平,回龙观,101119576979,东亚上北中心  小户型  正规户型  北向格局合理,140万,36430元/平,低楼层 (共21层) | 2009年 | 1室1厅 | 38.43平米 | 北,https://s1.ljcdn.com/pegasus/redskull/images/common/default_house_list.png?_v=202312201125188
20231229,昌平,回龙观,101119576395,首开国风美唐综合楼 1室0厅 南,195万,29031元/平,中楼层 (共17层) | 2014年 | 1室0厅 | 67.17平米 | 南,https://s1.ljcdn.com/pegasus/redskull/images/common/default_house_list.png?_v=202312201125188
20231229,昌平,回龙观,101119533347,万科精装修近地铁旁边就是步行街有电梯,760万,56544元/平,顶层 (共6层) 4室2厅 | 134.41平米 | 南 北,https://s1.ljcdn.com/pegasus/redskull/images/common/default_house_list.png?_v=202312201125188
20231229,昌平,回龙观,101119429548,回龙观电梯房 2009年社区 诚意出售,288万,35591元/平,低楼层 (共21层) | 2009年 | 2室1厅 | 80.92平米 | 西南,https://s1.ljcdn.com/pegasus/redskull/images/common/default_house_list.png?_v=202312201125188
20231229,昌平,回龙观,101119402014,首开国风美唐综合楼 1室1厅 东,149万,26570元/平,顶层 (共17层) | 2014年 | 1室1厅 | 56.08平米 | 东,https://s1.ljcdn.com/pegasus/redskull/images/common/default_house_list.png?_v=202312201125188
20231229,昌平,回龙观,101119361065,南侧就是体育公园全南向格局楼层好视野宽阔,233万,38660元/平,中楼层 (共21层) | 2009年 | 1室1厅 | 60.27平米 | 西南,https://s1.ljcdn.com/pegasus/redskull/images/common/default_house_list.png?_v=202312201125188
20231229,昌平,回龙观,101119299363,东亚上北中心 电梯房 近地铁 近公园,206万,34922元/平,低楼层 (共18层) | 2009年 | 1室1厅 | 58.99平米 | 西北,https://s1.ljcdn.com/pegasus/redskull/images/common/default_house_list.png?_v=202312201125188
20231229,昌平,回龙观,101119235418,南侧就是体育公园楼层好视野宽阔交通方便,228万,37451元/平,顶层 (共21层) | 2009年 | 1室0厅 | 60.88平米 | 南,https://s1.ljcdn.com/pegasus/redskull/images/common/default_house_list.png?_v=202312201125188
20231229,昌平,回龙观,101119235429,南侧就是体育公园楼层好视野宽阔交通方便,318万,38030元/平,顶层 (共21层) | 2009年 | 2室1厅 | 83.62平米 | 东南,https://s1.ljcdn.com/pegasus/redskull/images/common/default_house_list.png?_v=202312201125188
20231229,昌平,回龙观,101119235385,南侧就是体育公园楼层好视野宽阔交通方便,228万,37451元/平,顶层 (共21层) | 2009年 | 1室1厅 | 60.88平米 | 南,https://s1.ljcdn.com/pegasus/redskull/images/common/default_house_list.png?_v=202312201125188
20231229,昌平,回龙观,101119235372,南侧就是体育公园楼层好视野宽阔交通方便,228万,36111元/平,顶层 (共21层) | 2009年 | 1室1厅 | 63.14平米 | 东,https://s1.ljcdn.com/pegasus/redskull/images/common/default_house_list.png?_v=202312201125188
20231229,昌平,回龙观,101119235314,南侧就是体育公园楼层好视野宽阔交通方便,136万,35390元/平,顶层 (共21层) 1室0厅 | 38.43平米 | 北,https://s1.ljcdn.com/pegasus/redskull/images/common/default_house_list.png?_v=202312201125188
20231229,昌平,回龙观,101119235301,南侧就是体育公园楼层好视野宽阔交通方便,136万,35390元/平,顶层 (共21层) | 2009年 | 1室0厅 | 38.43平米 | 北,https://s1.ljcdn.com/pegasus/redskull/images/common/default_house_list.png?_v=202312201125188
20231229,昌平,回龙观,101119235270,南侧就是体育公园楼层好视野宽阔交通方便,136万,35473元/平,顶层 (共21层) | 2009年 | 1室0厅 | 38.34平米 | 北,https://s1.ljcdn.com/pegasus/redskull/images/common/default_house_list.png?_v=202312201125188
20231229,昌平,回龙观,101119224132,尚城 2室1厅 东南,168万,34913元/平,低楼层 (共11层) 2室1厅 | 48.12平米 | 东南,https://s1.ljcdn.com/pegasus/redskull/images/common/default_house_list.png?_v=202312201125188
20231229,昌平,回龙观,101119139704,TBD住总万科天地 1室1厅 东,155万,38084元/平,中楼层 (共21层) | 2019年 | 1室1厅 | 40.7平米 | 东,https://s1.ljcdn.com/pegasus/redskull/images/common/default_house_list.png?_v=202312201125188
20231229,昌平,回龙观,101119093490,产权车位位置好诚心卖出行方便,38万,12302元/平,地下室 (共13层) | 2012年 | 1室0厅 | 30.89平米 | 东南 西北,https://s1.ljcdn.com/pegasus/redskull/images/common/default_house_list.png?_v=202312201125188
20231229,昌平,回龙观,101119075125,东亚上北中心  1室1厅  中高层  商圈成熟  视野好,200万,38738元/平,高楼层 (共16层) 1室1厅 | 51.63平米 | 西,https://s1.ljcdn.com/pegasus/redskull/images/common/default_house_list.png?_v=202312201125188
20231229,昌平,回龙观,101119057334,首开智慧社 1室1厅 南,225万,33074元/平,中楼层 (共19层) | 2011年 | 1室1厅 | 68.03平米 | 南,https://s1.ljcdn.com/pegasus/redskull/images/common/default_house_list.png?_v=202312201125188
20231229,昌平,回龙观,101119051451,东亚上北中心带电梯业主诚意出售。,319万,41656元/平,中楼层 (共21层) | 2009年 | 2室1厅 | 76.58平米 | 西南,https://s1.ljcdn.com/pegasus/redskull/images/common/default_house_list.png?_v=202312201125188
20231229,昌平,回龙观,101118962706,近地铁+近商场+楼下就是商街+有电梯,530万,38301元/平,低楼层 (共6层) 4室1厅 | 138.38平米 | 南 北,https://s1.ljcdn.com/pegasus/redskull/images/common/default_house_list.png?_v=202312201125188
20231229,昌平,回龙观,101118925227,TBD万科天地中间楼层视野开阔近地铁,240万,47069元/平,中楼层 (共18层) 2室1厅 | 50.99平米 | 西,https://s1.ljcdn.com/pegasus/redskull/images/common/default_house_list.png?_v=202312201125188
20231229,昌平,回龙观,101118925222,TBD住总万科天地 2室1厅 西,240万,47069元/平,中楼层 (共18层) 2室1厅 | 50.99平米 | 西,https://s1.ljcdn.com/pegasus/redskull/images/common/default_house_list.png?_v=202312201125188
20231229,昌平,回龙观,101118839963,新龙城高楼层商品房满五唯一明厨明卫三居室,665万,58160元/平,中楼层 (共20层) | 2006年 | 3室1厅 | 114.34平米 | 南 北,https://s1.ljcdn.com/pegasus/redskull/images/common/default_house_list.png?_v=202312201125188
20231229,昌平,回龙观,101118831537,首开国风美唐三期 车位,20万,5394元/平,地下室 (共18层) 1室0厅 | 37.08平米 | 东,https://s1.ljcdn.com/pegasus/redskull/images/common/default_house_list.png?_v=202312201125188
20231229,昌平,回龙观,101118822615,TBD万科天地高楼层视野开阔近地铁,220万,43172元/平,中楼层 (共18层) | 2020年 | 1室1厅 | 50.96平米 | 南,https://s1.ljcdn.com/pegasus/redskull/images/common/default_house_list.png?_v=202312201125188
20231229,昌平,回龙观,101118799309,带电梯 低楼层 新小区 质量好,170万,26110元/平,地下室 (共5层) 1室1厅 | 65.11平米 | 西,https://s1.ljcdn.com/pegasus/redskull/images/common/default_house_list.png?_v=202312201125188
20231229,昌平,回龙观,101118761048,琥珀天地 1室0厅 西,98万,27421元/平,中楼层 (共5层) | 2011年 | 1室0厅 | 35.74平米 | 西,https://s1.ljcdn.com/pegasus/redskull/images/common/default_house_list.png?_v=202312201125188
20231229,昌平,回龙观,101118634861,首开国风美唐二期  地下车位全款买,12万,3523元/平,地下室 (共21层) | 2015年 | 1室0厅 | 34.07平米 | 东 南 西 北,https://ke-image.ljcdn.com/110000-inspection/45698da6c526be047a429ad45dd97baa-084.jpg!m_fill,w_280,h_210,f_jpg?from=ke.com
20231229,昌平,回龙观,101118623120,东亚上北中心带电梯楼层好。,230万,38997元/平,中楼层 (共18层) | 2009年 | 1室1厅 | 58.98平米 | 东北,https://s1.ljcdn.com/pegasus/redskull/images/common/default_house_list.png?_v=202312201125188
20231229,昌平,回龙观,101118571223,上北鑫座 1室0厅 北,100万,26918元/平,低楼层 (共7层) 1室0厅 | 37.15平米 | 北,https://s1.ljcdn.com/pegasus/redskull/images/common/default_house_list.png?_v=202312201125188
20231229,昌平,回龙观,101118511049,金域华府一期 -1层 车位 单元门口近,20.5万,6709元/平,地下室 (共28层) 1室0厅 | 30.56平米 | 西,https://s1.ljcdn.com/pegasus/redskull/images/common/default_house_list.png?_v=202312201125188
20231229,昌平,回龙观,101118502160,金域华府一期 -1层车位 电梯口,20.5万,6709元/平,地下室 (共28层) | 2012年 | 1室0厅 | 30.56平米 | 南,https://s1.ljcdn.com/pegasus/redskull/images/common/default_house_list.png?_v=202312201125188
20231229,昌平,回龙观,101118473973,金域华府二期 车位,40万,11581元/平,地下室 (共3层) 1室0厅 | 34.54平米 | 南,https://s1.ljcdn.com/pegasus/redskull/images/common/default_house_list.png?_v=202312201125188
20231229,昌平,回龙观,101118445504,琥珀天地 1室0厅 北,125万,24085元/平,顶层 (共5层) 1室0厅 | 51.9平米 | 北,https://s1.ljcdn.com/pegasus/redskull/images/common/default_house_list.png?_v=202312201125188
20231229,昌平,回龙观,101118439292,尚城 3室1厅 南,215万,32057元/平,低楼层 (共16层) 3室1厅 | 67.07平米 | 南,https://s1.ljcdn.com/pegasus/redskull/images/common/default_house_list.png?_v=202312201125188
20231229,昌平,回龙观,101118435885,万科金域华府 高层精品商品房 全南向视野好价格含车位,665万,77624元/平,高楼层 (共28层) 2室1厅 | 85.67平米 | 南,https://ke-image.ljcdn.com/110000-inspection/85c680ba-46c5-4aac-998a-6f35a70797ad.jpeg!m_fill,w_280,h_210,f_jpg?from=ke.com
20231229,昌平,回龙观,101118414358,南向高层采光好视野棒无遮挡,235万,47370元/平,高楼层 (共18层) | 2018年 | 1室1厅 | 49.61平米 | 南,https://s1.ljcdn.com/pegasus/redskull/images/common/default_house_list.png?_v=202312201125188
20231229,昌平,回龙观,101118390156,东亚上北中心 户型方正 配套齐全 交通便利房主自荐,210万,33260元/平,高楼层 (共21层) | 2009年 | 1室1厅 | 63.14平米 | 西,https://s1.ljcdn.com/pegasus/redskull/images/common/default_house_list.png?_v=202312201125188
20231229,昌平,回龙观,101118292471,TBD住总万科天地 高楼层南向 视野好 采光棒,179万,43948元/平,高楼层 (共18层) 2室1厅 | 40.73平米 | 南,https://s1.ljcdn.com/pegasus/redskull/images/common/default_house_list.png?_v=202312201125188
20231229,昌平,回龙观,101118289067,中间楼层视野开阔近地铁 .,225万,44214元/平,低楼层 (共18层) 2室1厅 | 50.89平米 | 北,https://s1.ljcdn.com/pegasus/redskull/images/common/default_house_list.png?_v=202312201125188
20231229,昌平,回龙观,101118274146,可用做办公户型方正没有浪费面积,192万,34025元/平,高楼层 (共18层) | 2009年 | 1室1厅 | 56.43平米 | 北,https://s1.ljcdn.com/pegasus/redskull/images/common/default_house_list.png?_v=202312201125188
20231229,昌平,回龙观,101118219816,楼下就是地铁TBD新五街精装修电梯房,215万,43286元/平,中楼层 (共18层) 1室0厅 | 49.67平米 | 西,https://s1.ljcdn.com/pegasus/redskull/images/common/default_house_list.png?_v=202312201125188
20231229,昌平,回龙观,101118213685,TBD住总万科天地 1室2厅 东 北,228万,53197元/平,高楼层 (共18层) 1室2厅 | 42.86平米 | 东 北,https://s1.ljcdn.com/pegasus/redskull/images/common/default_house_list.png?_v=202312201125188
20231229,昌平,回龙观,101118151601,北回归线    带电梯  商品房     诚心出售,173万,29452元/平,中楼层 (共7层) | 2011年 | 2室1厅 | 58.74平米 | 北,https://s1.ljcdn.com/pegasus/redskull/images/common/default_house_list.png?_v=202312201125188
20231229,昌平,回龙观,101118107829,尚城 2室1厅 东南,180万,45674元/平,中楼层 (共11层) 2室1厅 | 39.41平米 | 东南,https://s1.ljcdn.com/pegasus/redskull/images/common/default_house_list.png?_v=202312201125188
20231229,昌平,回龙观,101118014432,首开国风美唐三期 产权车位 电梯直接入户,24万,6473元/平,地下室 (共18层) 1室0厅 | 37.08平米 | 南,https://ke-image.ljcdn.com/110000-inspection/c73fad56b75bb925344476882cb92161-024.jpg!m_fill,w_280,h_210,f_jpg?from=ke.com
20231229,昌平,回龙观,101118004217,商办可注册 华府9号 万科精装修 位置好 2016年小区,320万,36846元/平,中楼层 (共5层) 3室1厅 | 86.85平米 | 东 西,https://s1.ljcdn.com/pegasus/redskull/images/common/default_house_list.png?_v=202312201125188
20231229,昌平,回龙观,101117970943,店长推荐房源：西南向落地窗5.6米挑高精装修,155万,32339元/平,中楼层 (共11层) | 2011年 | 2室1厅 | 47.93平米 | 西南,https://s1.ljcdn.com/pegasus/redskull/images/common/default_house_list.png?_v=202312201125188
20231229,昌平,回龙观,101117955596,TBD住总万科天地 层高4.2米 精装修 电梯房,205万,50332元/平,中楼层 (共18层) | 2020年 | 1室0厅 | 40.73平米 | 南,https://s1.ljcdn.com/pegasus/redskull/images/common/default_house_list.png?_v=202312201125188
20231229,昌平,回龙观,101117891699,领秀慧谷D2区 车位,26万,7545元/平,地下室 (共3层) 2室0厅 | 34.46平米 | 西 东,https://s1.ljcdn.com/pegasus/redskull/images/common/default_house_list.png?_v=202312201125188
20231229,昌平,回龙观,101117754711,领秀慧谷D2区 车位,23万,6941元/平,地下室 (共3层) 1室0厅 | 33.14平米 | 南,https://s1.ljcdn.com/pegasus/redskull/images/common/default_house_list.png?_v=202312201125188
20231229,昌平,回龙观,101117745218,TBD住总万科天地 1室1厅 南,169万,41493元/平,低楼层 (共18层) 1室1厅 | 40.73平米 | 南,https://s1.ljcdn.com/pegasus/redskull/images/common/default_house_list.png?_v=202312201125188
20231229,昌平,回龙观,101117673043,尚城 2室1厅 东 北 东北,135万,28434元/平,底层 (共11层) 2室1厅 | 47.48平米 | 东 北 东北,https://s1.ljcdn.com/pegasus/redskull/images/common/default_house_list.png?_v=202312201125188
20231229,昌平,回龙观,101117404573,精装修高楼层看房随时业主靠谱,125万,28021元/平,中楼层 (共7层) 1室0厅 | 44.61平米 | 北,https://s1.ljcdn.com/pegasus/redskull/images/common/default_house_list.png?_v=202312201125188
20231229,昌平,回龙观,101117394945,TBD新五街 万科精装修 随时看房 中间楼层,220万,51235元/平,低楼层 (共18层) 2室1厅 | 42.94平米 | 东南,https://s1.ljcdn.com/pegasus/redskull/images/common/default_house_list.png?_v=202312201125188
20231229,昌平,回龙观,101117189586,紫晶七星广场南向精装双层小复式,185万,40588元/平,底层 (共5层) 1室1厅 | 45.58平米 | 南,https://s1.ljcdn.com/pegasus/redskull/images/common/default_house_list.png?_v=202312201125188
20231229,昌平,回龙观,101117124253,首开国风美唐综合楼北向无遮挡开间,155万,27783元/平,中楼层 (共17层) 1室1厅 | 55.79平米 | 北,https://s1.ljcdn.com/pegasus/redskull/images/common/default_house_list.png?_v=202312201125188
20231229,昌平,回龙观,101117086371,东亚上北中心  双朝向   精装修,212万,35994元/平,中楼层 (共20层) | 2009年 | 1室1厅 | 58.9平米 | 东北,https://s1.ljcdn.com/pegasus/redskull/images/common/default_house_list.png?_v=202312201125188
20231229,昌平,回龙观,101117075975,产权车位位置好诚心卖出行方便,40万,12950元/平,地下室 (共13层) 1室0厅 | 30.89平米 | 东南 西北,https://s1.ljcdn.com/pegasus/redskull/images/common/default_house_list.png?_v=202312201125188
20231229,昌平,回龙观,101117047506,首开智慧社 车位,21万,4484元/平,地下室 (共18层) 1室0厅 | 46.84平米 | 南,https://ke-image.ljcdn.com/110000-inspection/b448b29faa083c376350f8f3977aa201-087.jpg!m_fill,w_280,h_210,f_jpg?from=ke.com
20231229,昌平,回龙观,101117007732,首开国风美唐二期 车位,15万,4403元/平,地下室 (共21层) 1室0厅 | 34.07平米 | 南,https://ke-image.ljcdn.com/110000-inspection/d4f84342c8fd860f994ccfa778086eb3-100.jpg!m_fill,w_280,h_210,f_jpg?from=ke.com
20231229,昌平,回龙观,101116896869,领秀慧谷D2区 车位,22万,6568元/平,地下室 1室0厅 | 33.5平米 | 东 南 西 北,https://s1.ljcdn.com/pegasus/redskull/images/common/default_house_list.png?_v=202312201125188
20231229,昌平,回龙观,101116892893,首开国风美唐综合楼南向无遮挡采光好房源,195万,28911元/平,中楼层 (共17层) | 2014年 | 1室0厅 | 67.45平米 | 南,https://s1.ljcdn.com/pegasus/redskull/images/common/default_house_list.png?_v=202312201125188
20231229,昌平,回龙观,101116840195,诚意出售带充电桩近出口位置位置好,30万,7630元/平,地下室 (共11层) 1室0厅 | 39.32平米 | 南 北,https://s1.ljcdn.com/pegasus/redskull/images/common/default_house_list.png?_v=202312201125188
20231229,昌平,回龙观,101116811701,首开国风美唐三期满5年小区中间位置无抵押,1015万,79696元/平,中楼层 (共18层) | 2016年 | 3室2厅 | 127.36平米 | 南 北,https://ke-image.ljcdn.com/110000-inspection/62a609e3-4bf1-4d2a-a518-7cea1db136f5.jpg!m_fill,w_280,h_210,f_jpg?from=ke.com
20231229,昌平,回龙观,101116760909,东亚上北中心  楼层好采光无影响。,170万,39739元/平,低楼层 (共21层) | 2009年 | 1室0厅 | 42.78平米 | 南,https://s1.ljcdn.com/pegasus/redskull/images/common/default_house_list.png?_v=202312201125188
20231229,昌平,回龙观,101116692627,首开国风美唐二期 车位,13万,3374元/平,地下室 (共18层) 1室0厅 | 38.54平米 | 南 北,https://ke-image.ljcdn.com/110000-inspection/9c47a98e78b228f7c4cd5b0be8cad117-030.jpg!m_fill,w_280,h_210,f_jpg?from=ke.com
20231229,昌平,回龙观,101116666395,首开国风美唐二期 车位,11万,2855元/平,地下室 (共18层) 1室0厅 | 38.54平米 | 东 南 西,https://ke-image.ljcdn.com/110000-inspection/b7de45c8-e362-4a2c-8dfa-9ed95f4e916a.jpg!m_fill,w_280,h_210,f_jpg?from=ke.com
20231229,昌平,回龙观,101116605217,首开国风美唐二期 车位,15.2万,3944元/平,地下室 (共18层) 1室0厅 | 38.54平米 | 东,https://ke-image.ljcdn.com/110000-inspection/d2c712d4add7d58a61a5bed44ebff6be-014.jpg!m_fill,w_280,h_210,f_jpg?from=ke.com
20231229,昌平,回龙观,101116539474,首开智慧社 近地铁  满五唯一 采光好,298万,28921元/平,低楼层 (共19层) | 2011年 | 2室1厅 | 103.04平米 | 西南,https://s1.ljcdn.com/pegasus/redskull/images/common/default_house_list.png?_v=202312201125188
20231229,昌平,回龙观,101116508859,南向高层采光好视野棒无遮挡,220万,43172元/平,高楼层 (共18层) 2室1厅 | 50.96平米 | 南,https://s1.ljcdn.com/pegasus/redskull/images/common/default_house_list.png?_v=202312201125188
20231229,昌平,回龙观,101116488834,首开国风美唐二期 5号楼车位  全款买,13万,3374元/平,地下室 (共18层) 1室0厅 | 38.54平米 | 东,https://ke-image.ljcdn.com/110000-inspection/eb43ffe4-65da-4aca-85e0-944f4ec360a6.jpg!m_fill,w_280,h_210,f_jpg?from=ke.com
20231229,昌平,回龙观,101116412346,北回归线北向房源业主靠谱出售！！！,196万,27782元/平,中楼层 (共7层) | 2010年 | 1室1厅 | 70.55平米 | 北,https://s1.ljcdn.com/pegasus/redskull/images/common/default_house_list.png?_v=202312201125188
20231229,昌平,回龙观,101116234909,京投发展公园悦府一区 车位,18.5万,5216元/平,底层 (共11层) | 2015年 | 1室0厅 | 35.47平米 | 南,https://ke-image.ljcdn.com/110000-inspection/aafcb8bf-9b8f-4f27-a133-809db91f71b2.jpg!m_fill,w_280,h_210,f_jpg?from=ke.com
20231229,昌平,回龙观,101116060605,北回归线业主诚心出售北向电梯房源,197万,27087元/平,中楼层 (共7层) | 2011年 | 3室1厅 | 72.73平米 | 北,https://s1.ljcdn.com/pegasus/redskull/images/common/default_house_list.png?_v=202312201125188
20231229,昌平,回龙观,101115980033,地下一层 产权车库带房本 1.2.15.14号楼都近,13万,3816元/平,地下室 (共21层) | 2015年 | 1室0厅 | 34.07平米 | 南 东 西 北,https://ke-image.ljcdn.com/110000-inspection/9280d0cb-90d9-4c21-84fb-dd53b17b5176.jpg!m_fill,w_280,h_210,f_jpg?from=ke.com
20231229,昌平,回龙观,101115881732,首开国风美唐二期 车位,11.9万,3088元/平,地下室 (共18层) | 2015年 | 1室0厅 | 38.54平米 | 南,https://ke-image.ljcdn.com/110000-inspection/d4c636d26b5cd887d58e237895d9ddeb-056.jpg!m_fill,w_280,h_210,f_jpg?from=ke.com
20231229,昌平,回龙观,101115868009,东亚上北中心 南向大开间 视野开阔 格局好,178万,43320元/平,高楼层 (共20层) | 2009年 | 1室0厅 | 41.09平米 | 南,https://s1.ljcdn.com/pegasus/redskull/images/common/default_house_list.png?_v=202312201125188
20231229,昌平,回龙观,101115851031,北回归线业主诚心出售电梯北向房源,155万,28358元/平,低楼层 (共7层) | 2010年 | 1室1厅 | 54.66平米 | 北,https://s1.ljcdn.com/pegasus/redskull/images/common/default_house_list.png?_v=202312201125188
20231229,昌平,回龙观,101115786226,首开国风美唐一期 车位,27万,6807元/平,地下室 (共11层) 1室0厅 | 39.67平米 | 南,https://ke-image.ljcdn.com/110000-inspection/3852227d-1864-4230-bbb0-ef328910034d.jpg!m_fill,w_280,h_210,f_jpg?from=ke.com
20231229,昌平,回龙观,101115700330,TBD万科天地精装修电梯房,720万,53680元/平,中楼层 (共10层) | 2018年 | 3室2厅 | 134.13平米 | 南,https://s1.ljcdn.com/pegasus/redskull/images/common/default_house_list.png?_v=202312201125188
20231229,昌平,回龙观,101115503768,紫晶七星广场楼层好视野宽阔交通便利,125万,31149元/平,中楼层 (共5层) | 2014年 | 1室0厅 | 40.13平米 | 北,https://s1.ljcdn.com/pegasus/redskull/images/common/default_house_list.png?_v=202312201125188
20231229,昌平,回龙观,101115330469,东亚上北中心  户型方正没有浪费面积,315万,37671元/平,底层 (共21层) | 2009年 | 2室1厅 | 83.62平米 | 南,https://s1.ljcdn.com/pegasus/redskull/images/common/default_house_list.png?_v=202312201125188
20231229,昌平,回龙观,101115249235,首开智慧社电梯房商业办公类,150万,29349元/平,低楼层 (共19层) | 2012年 | 1室0厅 | 51.11平米 | 东,https://s1.ljcdn.com/pegasus/redskull/images/common/default_house_list.png?_v=202312201125188
20231229,昌平,回龙观,101115145140,首开国风美唐三期地下一层产权车位,25万,7688元/平,地下室 (共1层) 1室0厅 | 32.52平米 | 南,https://ke-image.ljcdn.com/110000-inspection/2756b7ae6dc9f33e5e8014eb9dd7e9af-007.jpg!m_fill,w_280,h_210,f_jpg?from=ke.com
20231229,昌平,回龙观,101115017525,首开国风美唐三期 车位,33万,8900元/平,地下室 (共18层) 1室0厅 | 37.08平米 | 东,https://ke-image.ljcdn.com/110000-inspection/c3ebd5d195c5d0b4a40c0bd60dcf4748-000.jpg!m_fill,w_280,h_210,f_jpg?from=ke.com
20231229,昌平,回龙观,101114971281,首开国风美唐二期产权车位 地下一层 电梯直达,15万,4403元/平,地下室 (共21层) | 2015年 | 1室0厅 | 34.07平米 | 东 南 西 北,https://ke-image.ljcdn.com/110000-inspection/767e804e138eac78700e96018e45c48f-044.jpg!m_fill,w_280,h_210,f_jpg?from=ke.com
20231229,昌平,回龙观,101114902482,地下一层产权车位 近2.3号楼 近电梯 独立停车,15万,4403元/平,地下室 (共21层) | 2015年 | 1室0厅 | 34.07平米 | 南,https://ke-image.ljcdn.com/110000-inspection/84c11c00-c8ee-4e66-b453-8c8e2ede1052.jpg!m_fill,w_280,h_210,f_jpg?from=ke.com
20231229,昌平,回龙观,101114856588,首开国风美唐三期车位业主诚心出售,19.8万,6089元/平,地下室 (共20层) | 2017年 | 1室0厅 | 32.52平米 | 南,https://ke-image.ljcdn.com/110000-inspection/6f992f54087f77ff806995b54f8de356-092.jpg!m_fill,w_280,h_210,f_jpg?from=ke.com
20231229,昌平,回龙观,101114824123,泰华龙旗广场 中间楼层 临地铁8号线,330万,43634元/平,中楼层 (共16层) | 2011年 | 2室2厅 | 75.63平米 | 南 西南 北,https://s1.ljcdn.com/pegasus/redskull/images/common/default_house_list.png?_v=202312201125188
20231229,昌平,回龙观,101114812573,地下一层产权车位电梯直达到此层！,15万,3893元/平,地下室 (共18层) 1室1厅 | 38.54平米 | 东,https://ke-image.ljcdn.com/110000-inspection/853aa2bd0af498368a16ac54e60f2369-003.jpg!m_fill,w_280,h_210,f_jpg?from=ke.com
20231229,昌平,回龙观,101114601382,首开智慧社 车位,15万,3269元/平,地下室 (共18层) | 2012年 | 1室0厅 | 45.89平米 | 南,https://ke-image.ljcdn.com/110000-inspection/15a2f8176617c0caed5d05fc678140c0-049.jpg!m_fill,w_280,h_210,f_jpg?from=ke.com
20231229,昌平,回龙观,101114390398,东亚上北中心  前方是公园  高层视野好,288万,33234元/平,中楼层 (共16层) | 2009年 | 2室1厅 | 86.66平米 | 东北,https://s1.ljcdn.com/pegasus/redskull/images/common/default_house_list.png?_v=202312201125188
20231229,昌平,回龙观,101114272301,D区车位带冲电桩出售稳定签约、位置好,30万,9744元/平,地下室 | 2016年 | 1室0厅 | 30.79平米 | 东 南 西 北,https://s1.ljcdn.com/pegasus/redskull/images/common/default_house_list.png?_v=202312201125188
20231229,昌平,回龙观,101114112301,京*发展公园悦府产权车位把边空间大,19.5万,5194元/平,底层 (共11层) | 2015年 | 1室0厅 | 37.55平米 | 东,https://ke-image.ljcdn.com/110000-inspection/2f86760c6b0cb0d1cdfe2ac6bca38e6d-054.jpg!m_fill,w_280,h_210,f_jpg?from=ke.com
20231229,昌平,回龙观,101113812351,首开智慧社2012年小区电梯商品房 高楼层视野采光好,303万,29407元/平,中楼层 (共19层) | 2012年 | 2室1厅 | 103.04平米 | 西南,https://s1.ljcdn.com/pegasus/redskull/images/common/default_house_list.png?_v=202312201125188
20231229,昌平,回龙观,101113404296,首开智慧社 地下正规车位 有产权,15万,3203元/平,地下室 (共18层) | 2012年 | 1室1厅 | 46.84平米 | 北,https://ke-image.ljcdn.com/110000-inspection/e63a66d70cadefbaee09529a950ba897-067.jpg!m_fill,w_280,h_210,f_jpg?from=ke.com
20231229,昌平,回龙观,101113320363,首开智慧社 车位,18.8万,4050元/平,地下室 (共18层) | 2012年 | 1室0厅 | 46.42平米 | 东,https://ke-image.ljcdn.com/110000-inspection/dbf49963ef32ac089c74bd74da262c51-066.jpg!m_fill,w_280,h_210,f_jpg?from=ke.com
20231229,昌平,回龙观,101112807863,美唐一期地下车位  产权车位 诚心出售,30万,7630元/平,地下室 (共11层) | 2012年 | 1室1厅 | 39.32平米 | 东 南 西 北,https://ke-image.ljcdn.com/110000-inspection/699fc5fadd0782764f680357a8ecbe9b-091.jpg!m_fill,w_280,h_210,f_jpg?from=ke.com
20231229,昌平,回龙观,101112665555,华府9号万科精装修 万科物业2016年电梯房小区房主自荐,255万,43501元/平,中楼层 (共5层) | 2018年 | 1室0厅 | 58.62平米 | 西,https://s1.ljcdn.com/pegasus/redskull/images/common/default_house_list.png?_v=202312201125188
20231229,昌平,回龙观,101112201527,紫晶七星广场电梯房格局方正产权清晰,124万,30885元/平,中楼层 (共5层) | 2014年 | 1室1厅 | 40.15平米 | 北,https://s1.ljcdn.com/pegasus/redskull/images/common/default_house_list.png?_v=202312201125188
20231229,昌平,回龙观,101111992782,金域华府二期 把边大车位！地下一层 停车方便,45万,10873元/平,地下室 (共28层) 1室1厅 | 41.39平米 | 南,https://ke-image.ljcdn.com/110000-inspection/ad22f558eca0aaf9f37d920212ce2685-093.jpg!m_fill,w_280,h_210,f_jpg?from=ke.com
20231229,昌平,回龙观,101111491770,首开智慧社 车位,18万,3741元/平,地下室 (共18层) | 2012年 | 1室0厅 | 48.12平米 | 南,https://ke-image.ljcdn.com/110000-inspection/7e6040ed5777e946d8d41b435d9a037a-027.jpg!m_fill,w_280,h_210,f_jpg?from=ke.com
20231229,昌平,回龙观,101111099100,首开国风美唐二期车位看房方便,15万,4403元/平,地下室 (共21层) | 2015年 | 1室0厅 | 34.07平米 | 南,https://ke-image.ljcdn.com/110000-inspection/5f5ea5827df20eecbc81e47896d8d1dd-001.jpg!m_fill,w_280,h_210,f_jpg?from=ke.com
20231229,昌平,回龙观,101110335243,首开智慧社 车位 带产权 有小区房产可购入,20万,4270元/平,地下室 (共18层) | 2012年 | 1室0厅 | 46.84平米 | 东 南 北,https://ke-image.ljcdn.com/110000-inspection/e0cb237a430f6f4fea038fb2c5817e74-029.jpg!m_fill,w_280,h_210,f_jpg?from=ke.com
20231229,昌平,回龙观,101109270026,4598号楼旁边 国风美唐二期 车位    地下一层,13万,3374元/平,地下室 (共18层) | 2015年 | 1室1厅 | 38.54平米 | 南,https://ke-image.ljcdn.com/110000-inspection/6abc895b3cd9b7d9469b933a501b0b37-014.jpg!m_fill,w_280,h_210,f_jpg?from=ke.com
20231229,昌平,回龙观,101108641345,首开国风美唐二期 随时可看 价格可以商量,15万,4403元/平,地下室 (共21层) | 2015年 | 1室0厅 | 34.07平米 | 西,https://ke-image.ljcdn.com/110000-inspection/ae584b3f-e916-4d2b-a0a9-8c727644771e.jpg!m_fill,w_280,h_210,f_jpg?from=ke.com
20231229,昌平,回龙观,101108389513,近地铁 方便进出 位于14.15.16.23号楼中间,13万,3816元/平,地下室 (共21层) | 2015年 | 1室0厅 | 34.07平米 | 南 北,https://ke-image.ljcdn.com/110000-inspection/16a8a801-e407-406f-8732-d3ce2d0a0a5f.jpg!m_fill,w_280,h_210,f_jpg?from=ke.com
20231229,昌平,回龙观,101108179245,首开智慧社车位+位置好+近电梯,19万,4044元/平,地下室 (共18层) | 2012年 | 1室0厅 | 46.99平米 | 南,https://ke-image.ljcdn.com/110000-inspection/d3317de9bf9180ce17b0e49930aef3fd-000.jpg!m_fill,w_280,h_210,f_jpg?from=ke.com
20231229,昌平,回龙观,101108032027,电梯入户  车位在5号楼、9号楼比较近。,13万,3374元/平,地下室 (共18层) | 2015年 | 1室0厅 | 38.54平米 | 北,https://ke-image.ljcdn.com/110000-inspection/d492ccf0eb1b8d865a7929dc02fa3b5d-021.jpg!m_fill,w_280,h_210,f_jpg?from=ke.com
20231229,昌平,回龙观,101103938881,首开国风美唐二期 地下车位 5号楼9号楼中间,12万,3114元/平,地下室 (共18层) | 2015年 | 1室0厅 | 38.54平米 | 东,https://ke-image.ljcdn.com/110000-inspection/6268fbd5-55dd-44d3-a9eb-ca75ba0a79ee.jpg!m_fill,w_280,h_210,f_jpg?from=ke.com
20231229,昌平,回龙观,101100854482,龙华园西区5居复式商品房出售房主自荐,590万,31352元/平,高楼层 (共7层) | 1996年 | 5室2厅 | 188.19平米 | 南 北,https://ke-image.ljcdn.com/110000-inspection/0394aca5-0208-4056-99a9-cf82256d2559.jpg!m_fill,w_280,h_210,f_jpg?from=ke.com
