20230521,海淀,西北旺,101119179945,2012年西山公馆大两居次顶层精装修采光好电梯房必看好房,990万,89691元/平,高楼层 (共6层) | 2012年建 | 2室2厅 | 110.38平米 | 东 西,https://ke-image.ljcdn.com/110000-inspection/4304a39c-c529-4a96-8984-60c33df0dcf1_1000.jpg!m_fill,w_280,h_210,f_jpg?from=ke.com
20230521,海淀,西北旺,101119153274,百旺茉莉园 中高楼层 采光视野好 满五年唯一 成本低必看好房,1155万,100672元/平,中楼层 (共11层) 2室1厅 | 114.73平米 | 南 北,https://ke-image.ljcdn.com/110000-inspection/c4013460-4f60-4e15-84de-12d1c02ef8f9_1000.jpg!m_fill,w_280,h_210,f_jpg?from=ke.com
20230521,海淀,西北旺,101118552713,润千秋佳苑 精装修 全明格局 中间位置 一楼四居做三居必看好房,1598万,97410元/平,底层 (共6层) 4室2厅 | 164.05平米 | 北 南,https://ke-image.ljcdn.com/110000-inspection/pc1_q1Wbg8DmL.jpg!m_fill,w_280,h_210,f_jpg?from=ke.com
20230521,海淀,西北旺,101118437414,润千秋诚心出售2做3户型  随时看房必看好房,1010万,102145元/平,高楼层 (共6层) 2室2厅 | 98.88平米 | 南 北,https://ke-image.ljcdn.com/110000-inspection/pc1_xvkgQNN5Y.jpg!m_fill,w_280,h_210,f_jpg?from=ke.com
20230521,海淀,西北旺,101118359434,东馨园 中间位置 双卧朝南 南北通透两居 随时签约必看好房,490万,78526元/平,高楼层 (共6层) | 1994年建 | 2室1厅 | 62.4平米 | 南 北,https://ke-image.ljcdn.com/110000-inspection/pc1_vHNnd7ulZ.jpg!m_fill,w_280,h_210,f_jpg?from=ke.com
20230521,海淀,西北旺,101119088324,马连洼东馨园 全明格局精装修 低楼层两居室 满五唯一,525万,85925元/平,低楼层 (共6层) 2室1厅 | 61.1平米 | 南 北,https://ke-image.ljcdn.com/110000-inspection/pc1_oKZFcodTJ.jpg!m_fill,w_280,h_210,f_jpg?from=ke.com
20230521,海淀,西北旺,101119088167,中高楼层  全明格局  南北通透 诚心出售必看好房,1266万,104250元/平,中楼层 (共11层) 3室1厅 | 121.44平米 | 南 北,https://ke-image.ljcdn.com/110000-inspection/4f173b3d-ccb5-4bfd-aeca-3e7d2845bac4_1000.jpg!m_fill,w_280,h_210,f_jpg?from=ke.com
20230521,海淀,西北旺,101119003333,中海枫涟山庄全明三居室南北通透视野开阔,1360万,103801元/平,中楼层 (共6层) 3室2厅 | 131.02平米 | 南 北,https://ke-image.ljcdn.com/110000-inspection/pc1_DLXAdSENq.jpg!m_fill,w_280,h_210,f_jpg?from=ke.com
20230521,海淀,西北旺,101118818179,东馨园小区 全明格局三居室 户型方正 满五年唯一,620万,75703元/平,顶层 (共6层) | 1994年建 | 3室1厅 | 81.9平米 | 南 北,https://ke-image.ljcdn.com/110000-inspection/ff36298c-e6d6-45d1-b72d-095e62c3c528_1000.jpg!m_fill,w_280,h_210,f_jpg?from=ke.com
20230521,海淀,西北旺,101118631583,润千秋佳园 不临街 边户全明三居室必看好房,1380万,109629元/平,中楼层 (共6层) 3室2厅 | 125.88平米 | 南 北,https://ke-image.ljcdn.com/110000-inspection/pc1_rFds8RSKX.jpg!m_fill,w_280,h_210,f_jpg?from=ke.com
20230521,海淀,西北旺,101118535120,夏霖园满五唯一南向一居中间楼层,555万,100471元/平,中楼层 (共6层) | 2003年建 | 1室1厅 | 55.24平米 | 南,https://ke-image.ljcdn.com/110000-inspection/pc1_G7467QDUt.jpg!m_fill,w_280,h_210,f_jpg?from=ke.com
20230521,海淀,西北旺,101118431102,西山公馆2012年小区人车分流低密度电梯直达南北三居必看好房,1560万,103367元/平,高楼层 (共7层) 3室2厅 | 150.92平米 | 南 北,https://ke-image.ljcdn.com/110000-inspection/ff8a7281-41a2-4108-932a-cd97516540db_1000.jpg!m_fill,w_280,h_210,f_jpg?from=ke.com
20230521,海淀,西北旺,101118416345,【新出】坐在家里看玉兰花开 如园北区 三居室 双阳台房主自荐,2980万,131906元/平,低楼层 (共10层) 3室3厅 | 225.92平米 | 南 北,https://ke-image.ljcdn.com/110000-inspection/pc1_VYpAGlBGB.jpg!m_fill,w_280,h_210,f_jpg?from=ke.com
20230521,海淀,西北旺,101118141007,中海枫涟山庄 南北通透采光好无遮挡必看好房,1229万,101311元/平,底层 (共9层) 3室2厅 | 121.31平米 | 南 北,https://ke-image.ljcdn.com/110000-inspection/pc1_GP3FbG0FF.jpg!m_fill,w_280,h_210,f_jpg?from=ke.com
20230521,海淀,西北旺,101118123309,夏霖园满五年唯一两居室南北通透客厅朝南,690万,90044元/平,高楼层 (共6层) | 2003年建 | 2室1厅 | 76.63平米 | 南 北,https://ke-image.ljcdn.com/110000-inspection/pc1_6rSDsgzwd.jpg!m_fill,w_280,h_210,f_jpg?from=ke.com
20230521,海淀,西北旺,101118086638,百旺茉莉园 精装修两居室 采光好 满五唯一房主自荐,1168万,103583元/平,底层 (共10层) 2室2厅 | 112.76平米 | 南 北,https://ke-image.ljcdn.com/110000-inspection/pc1_vsIdLsAal.jpg!m_fill,w_280,h_210,f_jpg?from=ke.com
20230521,海淀,西北旺,101117946355,西山公馆 中间位置 精装修 两居 视野好 看房方便,1010万,91503元/平,顶层 (共6层) | 2011年建 | 2室1厅 | 110.38平米 | 东 西,https://ke-image.ljcdn.com/110000-inspection/8d48f6ce-ecf7-4615-a46a-0fab78ce0aee_1000.jpg!m_fill,w_280,h_210,f_jpg?from=ke.com
20230521,海淀,西北旺,101117788430,西北旺秋露园满五唯一商品房小区中间不临街必看好房,570万,99860元/平,低楼层 (共6层) 1室1厅 | 57.08平米 | 南 北,https://ke-image.ljcdn.com/110000-inspection/0c10d315-f0bc-405e-a724-0bc8661c165e_1000.jpg!m_fill,w_280,h_210,f_jpg?from=ke.com
20230521,海淀,西北旺,101117739955,西山公馆三居2012年一层可以种花草人车分流低密度必看好房,1179万,89427元/平,底层 (共7层) | 2012年建 | 3室1厅 | 131.84平米 | 东 西,https://ke-image.ljcdn.com/110000-inspection/4bac5bd6-e798-40bb-a8e1-3ccb3eedff4e_1000.jpg!m_fill,w_280,h_210,f_jpg?from=ke.com
20230521,海淀,西北旺,101117598205,小区中位置  诚心出售 和业主认识多年  看房提前联系,1250万,102376元/平,低楼层 (共9层) 3室2厅 | 122.1平米 | 南 北,https://ke-image.ljcdn.com/110000-inspection/pc1_YzPSw9ko2.jpg!m_fill,w_280,h_210,f_jpg?from=ke.com
20230521,海淀,西北旺,101117388524,本房房本已满2年全新房一天没住过户型方正可观山必看好房,3700万,141303元/平,中楼层 (共11层) | 2015年建 | 4室3厅 | 261.85平米 | 南 北,https://ke-image.ljcdn.com/110000-inspection/pc1_qK7iV3Jcx.jpg!m_fill,w_280,h_210,f_jpg?from=ke.com
20230521,海淀,西北旺,101117342367,如园北区 精装保持良好位置安静舒适楼下就是水系必看好房,4250万,134985元/平,中楼层 (共4层) 5室2厅 | 314.85平米 | 南 北,https://ke-image.ljcdn.com/110000-inspection/pc1_0YECVtbEd.jpg!m_fill,w_280,h_210,f_jpg?from=ke.com
20230521,海淀,西北旺,101117264721,南北通透 主卧带明卫 四居室 次顶层,3366万,141387元/平,高楼层 (共6层) 4室2厅 | 238.07平米 | 南 北,https://ke-image.ljcdn.com/110000-inspection/pc1_oH7Td41dB.jpg!m_fill,w_280,h_210,f_jpg?from=ke.com
20230521,海淀,西北旺,101117256371,大区聚焦房源 业主急售 如园四居 三面采光必看好房,3088万,118921元/平,中楼层 (共10层) 4室1厅 | 259.67平米 | 东 南 北,https://ke-image.ljcdn.com/110000-inspection/pc1_PiXMmkjAn.jpg!m_fill,w_280,h_210,f_jpg?from=ke.com
20230521,海淀,西北旺,101117104112,马连洼东馨园 两居室 满五年唯一 产权清晰 诚意出售,488万,78331元/平,顶层 (共6层) | 1994年建 | 2室1厅 | 62.3平米 | 南 北,https://ke-image.ljcdn.com/110000-inspection/pc1_BbBDk9hXr.jpg!m_fill,w_280,h_210,f_jpg?from=ke.com
20230521,海淀,西北旺,101117098798,全新房一天未住  双明卫 两个卧室朝南 客厅朝南,3710万,148022元/平,低楼层 (共10层) | 2018年建 | 4室3厅 | 250.64平米 | 东 南 北,https://ke-image.ljcdn.com/110000-inspection/pc1_0UUqCpFRB.jpg!m_fill,w_280,h_210,f_jpg?from=ke.com
20230521,海淀,西北旺,101117006047,店长推荐 眼睛户型 高楼层 小区中间位置,3388万,119663元/平,中楼层 (共10层) 4室3厅 | 283.13平米 | 南 北,https://ke-image.ljcdn.com/110000-inspection/pc1_3VnYwAJyM_1.jpg!m_fill,w_280,h_210,f_jpg?from=ke.com
20230521,海淀,西北旺,101116905965,西北旺秋露园南北通透三居室毛坯自己装,730万,76161元/平,高楼层 (共6层) | 2004年建 | 3室2厅 | 95.85平米 | 南 北,https://ke-image.ljcdn.com/110000-inspection/pc1_qJPJ3FaUu_1.jpg!m_fill,w_280,h_210,f_jpg?from=ke.com
20230521,海淀,西北旺,101116538318,中间楼层南北三居采光通风良好满五唯一诚意出售房主自荐,668万,76764元/平,中楼层 (共6层) 3室1厅 | 87.02平米 | 南 北,https://ke-image.ljcdn.com/110000-inspection/pc1_PcD2HGZOm_1.jpg!m_fill,w_280,h_210,f_jpg?from=ke.com
20230521,海淀,西北旺,101114769663,北区边户型四居 管家服务 双阳台  采光充足 万科精装房主自荐,3290万,129942元/平,中楼层 (共10层) 4室2厅 | 253.19平米 | 南 北,https://ke-image.ljcdn.com/110000-inspection/7d1fe244-cf2b-43e7-b629-7cb38c814d96_1000.jpg!m_fill,w_280,h_210,f_jpg?from=ke.com
20230521,海淀,西北旺,101119060722,春晖园好三居南北通透客厅朝南有大阳台空间实用,828万,94284元/平,高楼层 (共6层) | 2004年建 | 3室1厅 | 87.82平米 | 南 北,https://ke-image.ljcdn.com/110000-inspection/pc1_VjfBpuwZB.jpg!m_fill,w_280,h_210,f_jpg?from=ke.com
20230521,海淀,西北旺,101118740957,春晖园电梯大两居满5年唯一钥匙房纯南采光好必看好房,736万,87871元/平,低楼层 (共9层) | 2004年建 | 2室1厅 | 83.76平米 | 南,https://ke-image.ljcdn.com/110000-inspection/727b01b1-9dde-480c-ade3-cb8f3d401f1a_1000.jpg!m_fill,w_280,h_210,f_jpg?from=ke.com
20230521,海淀,西北旺,101118733840,百旺茉莉园 南北通透 视野开阔 高楼层 采光好 诚意卖,1129万,97572元/平,顶层 (共11层) 3室2厅 | 115.71平米 | 南 北,https://ke-image.ljcdn.com/110000-inspection/359d8b70-8cc1-408d-a90f-849a898cc962_1000.jpg!m_fill,w_280,h_210,f_jpg?from=ke.com
20230521,海淀,西北旺,101118423408,如园南区 新增四居 总共4套户型 高层观山房主自荐,2800万,126201元/平,顶层 (共10层) 4室2厅 | 221.87平米 | 南 西 北,https://ke-image.ljcdn.com/110000-inspection/pc1_96LjaKe4O.jpg!m_fill,w_280,h_210,f_jpg?from=ke.com
20230521,海淀,西北旺,101118208275,生活在公园里的家 三卧朝南 带50平南向庭院 有车位必看好房,3399万,105393元/平,底层 (共6层) 4室3厅 | 322.51平米 | 南 北,https://ke-image.ljcdn.com/110000-inspection/pc1_ChGcrTO46.jpg!m_fill,w_280,h_210,f_jpg?from=ke.com
20230521,海淀,西北旺,101118083433,次顶层  南北通透  全明两居室必看好房,1039万,118473元/平,高楼层 (共9层) 2室1厅 | 87.7平米 | 南 北,https://ke-image.ljcdn.com/110000-inspection/pc1_deSjnfKT4_1.jpg!m_fill,w_280,h_210,f_jpg?from=ke.com
20230521,海淀,西北旺,101117863463,西北旺夏霖园南北通透两居精装修自己住,676万,87679元/平,顶层 (共6层) | 2003年建 | 2室1厅 | 77.1平米 | 南 北,https://ke-image.ljcdn.com/110000-inspection/8c1aa394-a1f4-48f9-863e-20bc3eddc45f_1000.jpg!m_fill,w_280,h_210,f_jpg?from=ke.com
20230521,海淀,西北旺,101117866177,如园南区  眼镜户型四居 南北通透 居住舒适 景观很好,3050万,106760元/平,低楼层 (共10层) | 2014年建 | 4室2厅 | 285.69平米 | 南 北,https://ke-image.ljcdn.com/110000-inspection/eece8772-18b0-40b8-b9b8-4b8f041e9543.jpg!m_fill,w_280,h_210,f_jpg?from=ke.com
20230521,海淀,西北旺,101119271061,百草园 2室1厅 南 北新上,760万,96459元/平,高楼层 (共6层) 2室1厅 | 78.79平米 | 南 北,https://ke-image.ljcdn.com/110000-inspection/pc1_uYlq41rBo.jpg!m_fill,w_280,h_210,f_jpg?from=ke.com
20230521,海淀,西北旺,101119263906,润千秋佳苑 1室1厅 东新上,599万,106225元/平,高楼层 (共9层) 1室1厅 | 56.39平米 | 东,https://ke-image.ljcdn.com/110000-inspection/pc1_bH3EfPyqx.jpg!m_fill,w_280,h_210,f_jpg?from=ke.com
20230521,海淀,西北旺,101119233564,秋露园 3室1厅 南 北,820万,85426元/平,底层 (共6层) | 2004年建 | 3室1厅 | 95.99平米 | 南 北,https://ke-image.ljcdn.com/110000-inspection/dede8409-aa2a-4fef-a098-5149859aa525_1000.jpg!m_fill,w_280,h_210,f_jpg?from=ke.com
20230521,海淀,西北旺,101119215129,精装修 中间层 1梯1户 主仆分离 看房方便 诚意出售,3599万,128367元/平,中楼层 (共6层) | 2012年建 | 3室2厅 | 280.37平米 | 南 北,https://ke-image.ljcdn.com/110000-inspection/pc1_AngMQiaNP.jpg!m_fill,w_280,h_210,f_jpg?from=ke.com
20230521,海淀,西北旺,101119179946,全明格局商品房南北通透中间位置产权清晰,555万,96321元/平,底层 (共6层) 1室1厅 | 57.62平米 | 南 北,https://ke-image.ljcdn.com/110000-inspection/pc1_hhnJuKjlP.jpg!m_fill,w_280,h_210,f_jpg?from=ke.com
20230521,海淀,西北旺,101119166601,西山公馆13年小区满五唯一两居精装诚意售。,1050万,95282元/平,中楼层 (共7层) | 2011年建 | 2室2厅 | 110.2平米 | 东 西,https://ke-image.ljcdn.com/110000-inspection/cb58465a-4def-4b95-9918-b8b9dd654bfb_1000.jpg!m_fill,w_280,h_210,f_jpg?from=ke.com
20230521,海淀,西北旺,101119163357,东馨园 1室1厅 南 北,438万,92601元/平,低楼层 (共6层) | 1994年建 | 1室1厅 | 47.3平米 | 南 北,https://ke-image.ljcdn.com/110000-inspection/c3b1e8dc-8910-494d-b0dc-d3b1d0e8c3d9_1000.jpg!m_fill,w_280,h_210,f_jpg?from=ke.com
20230521,海淀,西北旺,101119139624,春晖园小区 满五年唯一 可贷款 全南向 采光好 随时看,562万,99593元/平,高楼层 (共6层) 1室1厅 | 56.43平米 | 南,https://ke-image.ljcdn.com/110000-inspection/e7f8e337-7414-4157-a68d-2dde91a8bbaa_1000.jpg!m_fill,w_280,h_210,f_jpg?from=ke.com
20230521,海淀,西北旺,101119021763,中海枫涟山庄 中高楼层三居 采光视野好,1260万,102707元/平,中楼层 (共11层) | 2004年建 | 3室1厅 | 122.68平米 | 南 北,https://ke-image.ljcdn.com/110000-inspection/pc1_YSeNpFhIj.jpg!m_fill,w_280,h_210,f_jpg?from=ke.com
20230521,海淀,西北旺,101119012787,公园里的家 双卧南三个套房设计 简洁大方 有车位房主自荐,2850万,142365元/平,低楼层 (共6层) | 2013年建 | 3室2厅 | 200.19平米 | 西 北,https://ke-image.ljcdn.com/110000-inspection/pc1_4dph2mxK2.jpg!m_fill,w_280,h_210,f_jpg?from=ke.com
20230521,海淀,西北旺,101119008927,高楼层南北通透带电梯南侧视野无遮挡看房方便,988万,99920元/平,中楼层 (共6层) | 2005年建 | 2室1厅 | 98.88平米 | 南 北,https://ke-image.ljcdn.com/110000-inspection/pc1_0NJqjB0oh.jpg!m_fill,w_280,h_210,f_jpg?from=ke.com
20230521,海淀,西北旺,101118966856,居住安静、自住精装、商品房、随时看房,880万,94665元/平,低楼层 (共6层) 3室1厅 | 92.96平米 | 南 北,https://ke-image.ljcdn.com/110000-inspection/pc1_wtBs9m0d0.jpg!m_fill,w_280,h_210,f_jpg?from=ke.com
20230521,海淀,西北旺,101118953243,枫涟山庄  和业主认识多年  好位置  好楼层,1329万,108864元/平,中楼层 (共9层) 3室2厅 | 122.08平米 | 南 北,https://ke-image.ljcdn.com/110000-inspection/496d8590-8a76-4133-8233-ad498f13706d_1000.jpg!m_fill,w_280,h_210,f_jpg?from=ke.com
20230521,海淀,西北旺,101118943870,夏霖园满五年唯一三居室南北通透,850万,88413元/平,高楼层 (共6层) | 2003年建 | 3室1厅 | 96.14平米 | 南 北,https://ke-image.ljcdn.com/110000-inspection/pc1_8mCOZB0bN.jpg!m_fill,w_280,h_210,f_jpg?from=ke.com
20230521,海淀,西北旺,101118927525,百草园    药用植物园   中间楼层  采光好,608万,91567元/平,低楼层 (共6层) 2室1厅 | 66.4平米 | 南 北,https://ke-image.ljcdn.com/110000-inspection/e92eb953-dc44-4689-8adb-c898a9f39370_1000.jpg!m_fill,w_280,h_210,f_jpg?from=ke.com
20230521,海淀,西北旺,101118927427,中间位置中高楼层满五年唯一诚意出售,1285万,105242元/平,中楼层 (共9层) 3室1厅 | 122.1平米 | 南 北,https://ke-image.ljcdn.com/110000-inspection/3e49aaf3-8626-4f51-95d2-e859f39d5c57_1000.jpg!m_fill,w_280,h_210,f_jpg?from=ke.com
20230521,海淀,西北旺,101118919041,夏霖园 1室1厅 南 北,540万,96671元/平,高楼层 (共6层) | 2003年建 | 1室1厅 | 55.86平米 | 南 北,https://ke-image.ljcdn.com/110000-inspection/d9ccdab4-2175-4353-8a64-96c6edd9afb7_1000.jpg!m_fill,w_280,h_210,f_jpg?from=ke.com
20230521,海淀,西北旺,101118918848,户型方正采光视野无遮挡三阳开泰格局,670万,89573元/平,顶层 (共6层) | 1995年建 | 2室2厅 | 74.8平米 | 南 北,https://ke-image.ljcdn.com/110000-inspection/pc1_Y6U2Ljk5h.jpg!m_fill,w_280,h_210,f_jpg?from=ke.com
20230521,海淀,西北旺,101118915497,南北通透 一层安静 前后不临街 独门独院 随时可看,1680万,103858元/平,底层 (共9层) | 2007年建 | 3室2厅 | 161.76平米 | 南 北,https://ke-image.ljcdn.com/110000-inspection/876fbbd4-7b5b-4eb6-8a1f-8eca66a2b89d_1000.jpg!m_fill,w_280,h_210,f_jpg?from=ke.com
20230521,海淀,西北旺,101118912308,枫涟山庄  中间位置两居室  值得推荐,1010万,111986元/平,底层 (共8层) 2室2厅 | 90.19平米 | 南 北,https://ke-image.ljcdn.com/110000-inspection/7631ea86-0c7d-4565-89c8-adbdef20ca25_1000.jpg!m_fill,w_280,h_210,f_jpg?from=ke.com
20230521,海淀,西北旺,101118883612,百旺茉莉园 满两年 南北通透 两居室 采光视野好房主自荐,1129万,96471元/平,顶层 (共11层) | 2005年建 | 2室2厅 | 117.03平米 | 南 北,https://ke-image.ljcdn.com/110000-inspection/482d5f22-d78d-4c8a-b470-e618574ca4b5_1000.jpg!m_fill,w_280,h_210,f_jpg?from=ke.com
20230521,海淀,西北旺,101118861047,中海枫涟山庄 南北通透户型方正 配套方便 出行便利,1230万,98614元/平,低楼层 (共6层) 3室2厅 | 124.73平米 | 南 北,https://ke-image.ljcdn.com/110000-inspection/14d85489-a9d7-45b4-abd1-66d217c65b5f_1000.jpg!m_fill,w_280,h_210,f_jpg?from=ke.com
20230521,海淀,西北旺,101118798933,百旺茉莉园 前后不临街 洋房一层三居室 独门独院,1599万,118454元/平,底层 (共5层) | 2005年建 | 3室2厅 | 134.99平米 | 南 北,https://ke-image.ljcdn.com/110000-inspection/pc1_noYAgRRUd.jpg!m_fill,w_280,h_210,f_jpg?from=ke.com
20230521,海淀,西北旺,101118792460,东馨园 中间位置 南北通透三居 采光好 安静 随时可签,680万,79813元/平,高楼层 (共6层) | 1994年建 | 3室2厅 | 85.2平米 | 南 北,https://ke-image.ljcdn.com/110000-inspection/0a64b967-41f8-48f1-ab17-139c64ac47ca_1000.jpg!m_fill,w_280,h_210,f_jpg?from=ke.com
20230521,海淀,西北旺,101118709444,房子不临街中间楼层采光好无遮挡,559万,99061元/平,中楼层 (共6层) 1室1厅 | 56.43平米 | 南,https://ke-image.ljcdn.com/110000-inspection/pc1_aQMuTsJch.jpg!m_fill,w_280,h_210,f_jpg?from=ke.com
20230521,海淀,西北旺,101118690920,西山壹号院南区 3室1厅 南 北,3510万,150380元/平,顶层 (共6层) 3室1厅 | 233.41平米 | 南 北,https://ke-image.ljcdn.com/110000-inspection/ef1b61aa-8fab-40cf-b8fa-f76da5202760_1000.jpg!m_fill,w_280,h_210,f_jpg?from=ke.com
20230521,海淀,西北旺,101118689876,苗圃宿舍 2室1厅 西南,430万,80224元/平,中楼层 (共6层) 2室1厅 | 53.6平米 | 西南,https://ke-image.ljcdn.com/110000-inspection/d75c52ae-24be-44eb-ad7a-1643559228ee_1000.jpg!m_fill,w_280,h_210,f_jpg?from=ke.com
20230521,海淀,西北旺,101118688256,西山公馆 中间层一居 采光好 无遮挡 精装修 随时可签,710万,98571元/平,中楼层 (共6层) 1室1厅 | 72.03平米 | 东南,https://ke-image.ljcdn.com/110000-inspection/pc1_U1EkSZMRG_1.jpg!m_fill,w_280,h_210,f_jpg?from=ke.com
20230521,海淀,西北旺,101118671759,东旭园小区 二层 两卧室朝东 客厅朝西房主自荐,650万,80746元/平,中楼层 (共5层) | 1999年建 | 2室1厅 | 80.5平米 | 东 西 北,https://ke-image.ljcdn.com/110000-inspection/e7cbfaee-b41d-4925-ba6a-304638783c92_1000.jpg!m_fill,w_280,h_210,f_jpg?from=ke.com
20230521,海淀,西北旺,101118659438,东馨园精装南北两居视野好近地铁,600万,94044元/平,高楼层 (共6层) | 1994年建 | 2室1厅 | 63.8平米 | 南 北,https://ke-image.ljcdn.com/110000-inspection/515c55b8-d5bc-4a2a-981f-325dd9939635_1000.jpg!m_fill,w_280,h_210,f_jpg?from=ke.com
20230521,海淀,西北旺,101118649675,西山壹号院小区中间位置中间楼层眼睛户型三居房主自荐,2799万,154522元/平,中楼层 (共6层) | 2011年建 | 3室2厅 | 181.14平米 | 南 北,https://ke-image.ljcdn.com/110000-inspection/26f060bf-d4ce-4e5a-8e5f-e0042c1776d6_1000.jpg!m_fill,w_280,h_210,f_jpg?from=ke.com
20230521,海淀,西北旺,101118646155,润千秋佳苑精装大三居 靠谱出售房主自荐,1380万,106122元/平,底层 (共9层) 3室2厅 | 130.04平米 | 南 北,https://ke-image.ljcdn.com/110000-inspection/pc1_Yfk0prrpx.jpg!m_fill,w_280,h_210,f_jpg?from=ke.com
20230521,海淀,西北旺,101118617931,上地东旭园2层 满五年唯一公 房两居室 层高2.85米,740万,87678元/平,低楼层 (共6层) 2室1厅 | 84.4平米 | 南 北,https://ke-image.ljcdn.com/110000-inspection/ae9668c7-0c8e-4636-b1fb-b6f00263dbb7_1000.jpg!m_fill,w_280,h_210,f_jpg?from=ke.com
20230521,海淀,西北旺,101118601864,西山公馆中间位置大两居诚意出售,1120万,94110元/平,高楼层 (共7层) | 2010年建 | 2室2厅 | 119.01平米 | 东 西,https://ke-image.ljcdn.com/110000-inspection/158cf8bb-fbbf-4528-a60a-bbcf41dee618_1000.jpg!m_fill,w_280,h_210,f_jpg?from=ke.com
20230521,海淀,西北旺,101118595372,新上南区4居室 西户 临水系 高楼层 拎包入住,4500万,140166元/平,中楼层 (共6层) | 2011年建 | 4室2厅 | 321.05平米 | 南 北,https://ke-image.ljcdn.com/110000-inspection/pc1_fet4VDOwc.jpg!m_fill,w_280,h_210,f_jpg?from=ke.com
20230521,海淀,西北旺,101118573553,西北旺中间楼层3居室 满五年唯一商品房 产权清晰房主自荐,772万,80283元/平,中楼层 (共6层) | 2003年建 | 3室1厅 | 96.16平米 | 南 北,https://ke-image.ljcdn.com/110000-inspection/89854204-d311-43d1-b99b-3775c390a20c_1000.jpg!m_fill,w_280,h_210,f_jpg?from=ke.com
20230521,海淀,西北旺,101118569834,夏霖园全南向两居室374万随时看房,541万,97093元/平,顶层 (共6层) 1室1厅 | 55.72平米 | 南,https://ke-image.ljcdn.com/110000-inspection/pc1_nYTdUbefw.jpg!m_fill,w_280,h_210,f_jpg?from=ke.com
20230521,海淀,西北旺,101118566945,马连洼东馨园 2层大面积两居 满五年唯一 产权清晰,570万,83493元/平,低楼层 (共6层) | 2000年建 | 2室1厅 | 68.27平米 | 南 北,https://ke-image.ljcdn.com/110000-inspection/pc1_pgYciDpNd.jpg!m_fill,w_280,h_210,f_jpg?from=ke.com
20230521,海淀,西北旺,101118547835,润千秋佳苑近地铁电梯房两居室,840万,104739元/平,低楼层 (共6层) 2室1厅 | 80.2平米 | 东 西,https://ke-image.ljcdn.com/110000-inspection/ab2f8433-70d2-4f39-882a-988b95102e7c_1000.jpg!m_fill,w_280,h_210,f_jpg?from=ke.com
20230521,海淀,西北旺,101118543178,东馨园小区 二层精装修两居室 满五年唯一,550万,80563元/平,低楼层 (共6层) | 1998年建 | 2室1厅 | 68.27平米 | 南 北,https://ke-image.ljcdn.com/110000-inspection/pc1_aRwobdFpv.jpg!m_fill,w_280,h_210,f_jpg?from=ke.com
20230521,海淀,西北旺,101118536965,润千秋佳苑 3室2厅 南 北,1320万,104696元/平,低楼层 (共6层) 3室2厅 | 126.08平米 | 南 北,https://ke-image.ljcdn.com/110000-inspection/pc1_XdUB5A0wI.jpg!m_fill,w_280,h_210,f_jpg?from=ke.com
20230521,海淀,西北旺,101118524606,600万装修 空中花园 双车位带储藏间 诚意出售,5500万,139040元/平,顶层 (共6层) 5室2厅 | 395.57平米 | 南 北,https://ke-image.ljcdn.com/110000-inspection/f081106f-2012-4123-af06-bf1d37372a09_1000.jpg!m_fill,w_280,h_210,f_jpg?from=ke.com
20230521,海淀,西北旺,101118512078,百旺茉莉园二期三居室南北通透全明格局,1450万,110057元/平,底层 (共9层) | 2008年建 | 3室2厅 | 131.75平米 | 南 北,https://ke-image.ljcdn.com/110000-inspection/48fd2b41-3fae-4849-b25c-0a45d9457cf5_1000.jpg!m_fill,w_280,h_210,f_jpg?from=ke.com
20230521,海淀,西北旺,101118461055,润千秋佳苑 2室2厅 南 北,1040万,105147元/平,中楼层 (共6层) | 2005年建 | 2室2厅 | 98.91平米 | 南 北,https://ke-image.ljcdn.com/110000-inspection/pc1_nr8b45fAC.jpg!m_fill,w_280,h_210,f_jpg?from=ke.com
20230521,海淀,西北旺,101118454745,视野开阔中间位置产权清晰价格可谈,558万,100144元/平,顶层 (共6层) | 2004年建 | 1室1厅 | 55.72平米 | 南,https://ke-image.ljcdn.com/110000-inspection/269b2079-443d-4e72-9b1c-675d9e3e039d_1000.jpg!m_fill,w_280,h_210,f_jpg?from=ke.com
20230521,海淀,西北旺,101118381930,马连洼东馨园中间楼层 两居室 满五年唯一商品房,520万,86812元/平,中楼层 (共6层) | 1992年建 | 2室1厅 | 59.9平米 | 南 北,https://ke-image.ljcdn.com/110000-inspection/c43ba7b5-50f3-41ce-99fe-ec2648e4b537_1000.jpg!m_fill,w_280,h_210,f_jpg?from=ke.com
20230521,海淀,西北旺,101118378738,如园北区经典四居室双明卫可观西山,3160万,124454元/平,中楼层 (共11层) | 2013年建 | 4室3厅 | 253.91平米 | 南 北,https://ke-image.ljcdn.com/110000-inspection/pc1_Nl9YElI1U.jpg!m_fill,w_280,h_210,f_jpg?from=ke.com
20230521,海淀,西北旺,101118368614,春晖园 1室1厅 南,585万,103669元/平,顶层 (共6层) | 2004年建 | 1室1厅 | 56.43平米 | 南,https://ke-image.ljcdn.com/110000-inspection/5cddc8d7-4459-4ae0-b2a6-be14f8e8ebc2_1000.jpg!m_fill,w_280,h_210,f_jpg?from=ke.com
20230521,海淀,西北旺,101118340861,边户 300万装修 带空中花园 诚意出售 看房方便,5500万,142835元/平,顶层 (共6层) | 2011年建 | 4室2厅 | 385.06平米 | 东 南 北,https://ke-image.ljcdn.com/110000-inspection/pc1_VV0dHRgyl.jpg!m_fill,w_280,h_210,f_jpg?from=ke.com
20230521,海淀,西北旺,101118266306,南区 平层大四居 三面采光一梯一户 中间位置 20平阳台,4595万,131286元/平,低楼层 (共6层) 4室2厅 | 350平米 | 西南 北,https://ke-image.ljcdn.com/110000-inspection/pc1_uSZTOryuL.jpg!m_fill,w_280,h_210,f_jpg?from=ke.com
20230521,海淀,西北旺,101118253102,冬晴园 低楼层 大客厅落地阳台 采光不错 南北通透,735万,92060元/平,底层 (共6层) | 2009年建 | 2室1厅 | 79.84平米 | 南 北,https://ke-image.ljcdn.com/110000-inspection/84071d61-526f-4a7a-bdb5-9bbe62b48dbf_1000.jpg!m_fill,w_280,h_210,f_jpg?from=ke.com
20230521,海淀,西北旺,101118220674,高楼层南北观山采光充足视野开阔；精装修,3300万,147191元/平,高楼层 (共10层) | 2018年建 | 3室3厅 | 224.2平米 | 南 北,https://ke-image.ljcdn.com/110000-inspection/pc1_aQfF7tP15.jpg!m_fill,w_280,h_210,f_jpg?from=ke.com
20230521,海淀,西北旺,101118186678,满五唯一中楼层采光好售房诚意产权清晰,578万,102501元/平,中楼层 (共9层) 1室1厅 | 56.39平米 | 东,https://ke-image.ljcdn.com/110000-inspection/fd707cb5-ab60-4186-ac12-95cd4d65767b_1000.jpg!m_fill,w_280,h_210,f_jpg?from=ke.com
20230521,海淀,西北旺,101118090287,百旺茉莉园南北通透两居室视野开阔,1170万,101926元/平,中楼层 (共10层) | 2005年建 | 2室2厅 | 114.79平米 | 南 北,https://ke-image.ljcdn.com/110000-inspection/7fb6631a-b735-4261-bda0-a3764d2310f8_1000.jpg!m_fill,w_280,h_210,f_jpg?from=ke.com
20230521,海淀,西北旺,101118029071,南北通透两居室 小区新落地窗 采光充足。,678万,97568元/平,底层 (共6层) | 2011年建 | 2室1厅 | 69.49平米 | 南 北,https://ke-image.ljcdn.com/110000-inspection/46e25c4d-93c6-4145-b89e-1c23343e0a95_1000.jpg!m_fill,w_280,h_210,f_jpg?from=ke.com
20230521,海淀,西北旺,101117968338,电梯两居中高楼层视野开阔采光充足产权清晰房主自荐,788万,89842元/平,中楼层 (共9层) | 2003年建 | 2室1厅 | 87.71平米 | 南,https://ke-image.ljcdn.com/110000-inspection/243c6908-8cdf-43db-ba8b-42c27922d0d9_1000.jpg!m_fill,w_280,h_210,f_jpg?from=ke.com
20230521,海淀,西北旺,101117920164,南北通透两居室 小区新落地窗 采光充足。,680万,91092元/平,低楼层 (共6层) 2室1厅 | 74.65平米 | 南 北,https://ke-image.ljcdn.com/110000-inspection/ba7ae400-8e0c-48d9-a97b-2888d76dbaa1_1000.jpg!m_fill,w_280,h_210,f_jpg?from=ke.com
20230521,海淀,西北旺,101117899878,全明格局南北通透中间位置中间楼层产权清晰,570万,98924元/平,中楼层 (共6层) 1室1厅 | 57.62平米 | 南 北,https://ke-image.ljcdn.com/110000-inspection/pc1_Dx0d2WeFY.jpg!m_fill,w_280,h_210,f_jpg?from=ke.com
20230521,海淀,西北旺,101117877369,东旭园小区 满五年两居室  南北向 全明格局,670万,80675元/平,高楼层 (共6层) | 1998年建 | 2室2厅 | 83.05平米 | 南 北,https://ke-image.ljcdn.com/110000-inspection/pc1_b5WLNQUGf.jpg!m_fill,w_280,h_210,f_jpg?from=ke.com
20230521,海淀,西北旺,101117858671,满五 中间楼层 采光好 视野好,540万,89701元/平,中楼层 (共6层) | 1994年建 | 2室1厅 | 60.2平米 | 南 北,https://ke-image.ljcdn.com/110000-inspection/pc1_6KsY7O6Rd.jpg!m_fill,w_280,h_210,f_jpg?from=ke.com
20230521,海淀,西北旺,101117842378,润千秋佳苑 2室1厅 东 西,839万,104588元/平,中楼层 (共6层) 2室1厅 | 80.22平米 | 东 西,https://ke-image.ljcdn.com/110000-inspection/84207c07-9a0d-4aab-b453-80392ef2dffb_1000.jpg!m_fill,w_280,h_210,f_jpg?from=ke.com
20230521,海淀,西北旺,101117812998,景和园 次顶层 南北向两居室 落地窗 采光好,756万,92795元/平,高楼层 (共6层) 2室1厅 | 81.47平米 | 南 北,https://ke-image.ljcdn.com/110000-inspection/0f4727b9-1936-46c1-ba28-579ef581cda3_1000.jpg!m_fill,w_280,h_210,f_jpg?from=ke.com
20230521,海淀,西北旺,101117604945,满五年商品房南北通透格局 楼层好 诚心卖 全明格局,1280万,104953元/平,高楼层 (共11层) 3室2厅 | 121.96平米 | 南 北,https://ke-image.ljcdn.com/110000-inspection/pc1_3GA2rx3kF.jpg!m_fill,w_280,h_210,f_jpg?from=ke.com
20230521,海淀,西北旺,101117602221,冬晴园南北通透大一居满五唯一靠谱出售能看房,620万,101690元/平,高楼层 (共6层) 1室1厅 | 60.97平米 | 南 北,https://ke-image.ljcdn.com/110000-inspection/pc1_sgyNSgBmG.jpg!m_fill,w_280,h_210,f_jpg?from=ke.com
20230521,海淀,西北旺,101117487826,药用植物研究所家属院 南向 低楼层 两居室,636万,100095元/平,底层 (共6层) 2室1厅 | 63.54平米 | 南,https://ke-image.ljcdn.com/110000-inspection/ed895460-24c6-4692-adfd-d4fc1f11b5af_1000.jpg!m_fill,w_280,h_210,f_jpg?from=ke.com
20230521,海淀,西北旺,101117399294,西山公馆  精装修  一居室 位置好,518万,124251元/平,中楼层 (共6层) | 2011年建 | 1室0厅 | 41.69平米 | 东,https://ke-image.ljcdn.com/110000-inspection/pc1_QQyAemrC7.jpg!m_fill,w_280,h_210,f_jpg?from=ke.com
20230521,海淀,西北旺,101117388103,润千秋两居  南北通透  中间位置   高楼层  视野好,1080万,110713元/平,高楼层 (共9层) 2室2厅 | 97.55平米 | 南 北,https://ke-image.ljcdn.com/110000-inspection/7935575b-db0d-47ee-b5e0-2c3390db4752_1000.jpg!m_fill,w_280,h_210,f_jpg?from=ke.com
20230521,海淀,西北旺,101117335436,满五年次顶层带电梯南北朝向,952万,84879元/平,高楼层 (共9层) | 2003年建 | 3室1厅 | 112.16平米 | 南 北,https://ke-image.ljcdn.com/110000-inspection/ec1157e4-f4a1-4a46-9278-ebdb8fc6d677_1000.jpg!m_fill,w_280,h_210,f_jpg?from=ke.com
20230521,海淀,西北旺,101117312407,如园北区 精装三居 小区中间 不临街房主自荐,2980万,130069元/平,低楼层 (共10层) | 2016年建 | 3室2厅 | 229.11平米 | 南 北,https://ke-image.ljcdn.com/110000-inspection/6c3602d0-8c7b-4dde-b6e8-d248e97c44e7_1000.jpg!m_fill,w_280,h_210,f_jpg?from=ke.com
20230521,海淀,西北旺,101117297183,亿城西山公馆 2012年 在建13号线中关村软件园站,1100万,110865元/平,顶层 (共7层) 2室1厅 | 99.22平米 | 东 西,https://ke-image.ljcdn.com/110000-inspection/bc573d5b-863d-4350-a8db-280c56454f46_1000.jpg!m_fill,w_280,h_210,f_jpg?from=ke.com
20230521,海淀,西北旺,101117282051,店长推荐 如园北区中间位置三居 高楼层 对小区园林房主自荐,3360万,148005元/平,中楼层 (共10层) 3室3厅 | 227.02平米 | 南 北,https://ke-image.ljcdn.com/110000-inspection/pc1_g7vOxPnq9.jpg!m_fill,w_280,h_210,f_jpg?from=ke.com
20230521,海淀,西北旺,101117264103,如园北区 顶豪 全新房 好位置,9300万,179857元/平,顶层 (共10层) 4室2厅 | 517.08平米 | 东 南 西 北,https://ke-image.ljcdn.com/110000-inspection/pc1_xIdH1Ypr4.jpg!m_fill,w_280,h_210,f_jpg?from=ke.com
20230521,海淀,西北旺,101117221661,夏霖园 南北通透三居室 通透性好 户型方正 诚心出售房主自荐,725万,75687元/平,顶层 (共6层) | 2003年建 | 3室1厅 | 95.79平米 | 南 北,https://ke-image.ljcdn.com/110000-inspection/pc1_FdVam73Re_1.jpg!m_fill,w_280,h_210,f_jpg?from=ke.com
20230521,海淀,西北旺,101117215349,中海枫涟山庄中间位置一层花园满五年唯一,1239万,101234元/平,底层 (共8层) 3室2厅 | 122.39平米 | 南 北,https://ke-image.ljcdn.com/110000-inspection/pc1_9sym668Cb.jpg!m_fill,w_280,h_210,f_jpg?from=ke.com
20230521,海淀,西北旺,101117211599,百旺茉莉园南北通透两居室满两年楼间距大采光好,1160万,102275元/平,低楼层 (共8层) | 2008年建 | 2室2厅 | 113.42平米 | 南 北,https://ke-image.ljcdn.com/110000-inspection/pc1_5WkDSHeb0.jpg!m_fill,w_280,h_210,f_jpg?from=ke.com
20230521,海淀,西北旺,101117177628,苗圃宿舍小两居中间层上下楼方便满五年。费用低,435万,81157元/平,低楼层 (共6层) 2室1厅 | 53.6平米 | 南 西,https://ke-image.ljcdn.com/110000-inspection/66573c77-d55f-4b74-a77c-161016b8dd20_1000.jpg!m_fill,w_280,h_210,f_jpg?from=ke.com
20230521,海淀,西北旺,101117108503,北区好位置 户型方正 周边配套齐全,4800万,120419元/平,中楼层 (共6层) 5室2厅 | 398.61平米 | 南 北,https://ke-image.ljcdn.com/110000-inspection/48610615-abb0-4e9b-ae8b-b4a3188db1d1_1000.jpg!m_fill,w_280,h_210,f_jpg?from=ke.com
20230521,海淀,西北旺,101117032441,百草园 2室1厅 南 北,680万,77300元/平,顶层 (共6层) | 1999年建 | 2室1厅 | 87.97平米 | 南 北,https://ke-image.ljcdn.com/110000-inspection/73d64c07-124c-475e-ba77-d8050f652203_1000.jpg!m_fill,w_280,h_210,f_jpg?from=ke.com
20230521,海淀,西北旺,101117008589,春晖园三居中间层南北通透格局满五唯一靠谱卖房主自荐,808万,91372元/平,中楼层 (共6层) 3室1厅 | 88.43平米 | 南 北,https://ke-image.ljcdn.com/110000-inspection/pc1_qFKijzGKX.jpg!m_fill,w_280,h_210,f_jpg?from=ke.com
20230521,海淀,西北旺,101117006146,冬晴园满五年商品房 南北向 次顶层 落地窗房主自荐,620万,98774元/平,高楼层 (共6层) | 2009年建 | 1室1厅 | 62.77平米 | 南 北,https://ke-image.ljcdn.com/110000-inspection/119c3f6c-83ec-49dd-8c3e-2ed884a02af2_1000.jpg!m_fill,w_280,h_210,f_jpg?from=ke.com
20230521,海淀,西北旺,101116892436,百旺茉莉园 高楼层 视野开阔 稳定出售,915万,104920元/平,高楼层 (共9层) | 2007年建 | 2室1厅 | 87.21平米 | 东南,https://ke-image.ljcdn.com/110000-inspection/01aa090a-603a-4fd3-b1c1-bdc10c642975_1000.jpg!m_fill,w_280,h_210,f_jpg?from=ke.com
20230521,海淀,西北旺,101116890288,马连洼百草园次顶层满五唯一,650万,96154元/平,高楼层 (共6层) 2室1厅 | 67.6平米 | 南 北,https://ke-image.ljcdn.com/110000-inspection/pc1_m5Mj2t47c_1.jpg!m_fill,w_280,h_210,f_jpg?from=ke.com
20230521,海淀,西北旺,101116771315,诚心出售 看房方便 满五年  随时签 格局好 精装修房主自荐,1039万,118473元/平,高楼层 (共9层) 2室2厅 | 87.7平米 | 南 北,https://ke-image.ljcdn.com/110000-inspection/pc1_Vf0Ku9tgL.jpg!m_fill,w_280,h_210,f_jpg?from=ke.com
20230521,海淀,西北旺,101116729976,新出：正规四居三卫  三个阳台 东边户 采光充足,3199万,123195元/平,中楼层 (共10层) 4室2厅 | 259.67平米 | 东 南 北,https://ke-image.ljcdn.com/110000-inspection/62daa270-2ef0-4434-848f-25a9a7973723_1000.jpg!m_fill,w_280,h_210,f_jpg?from=ke.com
20230521,海淀,西北旺,101116711314,全南朝向、低楼层、产权清晰、诚意出售房主自荐,545万,98661元/平,底层 (共6层) | 2003年建 | 1室1厅 | 55.24平米 | 南,https://ke-image.ljcdn.com/110000-inspection/pc1_nCyxiwneD.jpg!m_fill,w_280,h_210,f_jpg?from=ke.com
20230521,海淀,西北旺,101116672789,春晖园中间楼层 南北通透 采光好 房本满5年房主自荐,689万,89737元/平,中楼层 (共6层) | 2004年建 | 2室1厅 | 76.78平米 | 南 北,https://ke-image.ljcdn.com/110000-inspection/pc1_DcYSL78A9.jpg!m_fill,w_280,h_210,f_jpg?from=ke.com
20230521,海淀,西北旺,101116656824,春晖园满五年三居室 南北通透 精装修 采光好,810万,88564元/平,顶层 (共6层) | 2004年建 | 3室1厅 | 91.46平米 | 南 北,https://ke-image.ljcdn.com/110000-inspection/pc1_h6DeOyrMz_1.jpg!m_fill,w_280,h_210,f_jpg?from=ke.com
20230521,海淀,西北旺,101116543905,此房直观西山采光好视野棒房子满五年家庭一套,1155万,100830元/平,中楼层 (共11层) | 2007年建 | 2室2厅 | 114.55平米 | 南 北,https://ke-image.ljcdn.com/110000-inspection/267996ef-dc87-4532-84a7-1f524fa40437_1000.jpg!m_fill,w_280,h_210,f_jpg?from=ke.com
20230521,海淀,西北旺,101116542896,西山公馆 中间位置中间层两居 无遮挡 业主诚心出售,1013万,91924元/平,中楼层 (共7层) | 2011年建 | 2室1厅 | 110.2平米 | 东 西,https://ke-image.ljcdn.com/110000-inspection/pc1_B3stF3RkQ_1.jpg!m_fill,w_280,h_210,f_jpg?from=ke.com
20230521,海淀,西北旺,101116530154,软件园冬晴园中间楼层区全南两居室,590万,101918元/平,中楼层 (共6层) 1室1厅 | 57.89平米 | 南,https://ke-image.ljcdn.com/110000-inspection/pc1_gOlNAPycy.jpg!m_fill,w_280,h_210,f_jpg?from=ke.com
20230521,海淀,西北旺,101116488024,秋露园 中间位置 南向一居室 户型方正 诚心出售,560万,100557元/平,顶层 (共6层) | 2004年建 | 1室1厅 | 55.69平米 | 南,https://ke-image.ljcdn.com/110000-inspection/pc1_0hzvNWJv0.jpg!m_fill,w_280,h_210,f_jpg?from=ke.com
20230521,海淀,西北旺,101116426148,房子精装修 楼层低 上下楼方便 居住舒适房主自荐,538万,96607元/平,低楼层 (共6层) | 2004年建 | 1室1厅 | 55.69平米 | 南,https://ke-image.ljcdn.com/110000-inspection/pc1_tpWGxr6hh.jpg!m_fill,w_280,h_210,f_jpg?from=ke.com
20230521,海淀,西北旺,101116422551,万科物业 满五唯一 南北通透直观百旺山房主自荐,1168万,100943元/平,顶层 (共11层) 2室2厅 | 115.71平米 | 南 北,https://ke-image.ljcdn.com/110000-inspection/068c88b1-3433-4613-aa28-bb9ce35a3f9f_1000.jpg!m_fill,w_280,h_210,f_jpg?from=ke.com
20230521,海淀,西北旺,101116368509,高楼层  500万装修  看房提前联系 业主诚售,3580万,127858元/平,中楼层 (共6层) | 2012年建 | 4室2厅 | 280平米 | 南 北,https://ke-image.ljcdn.com/110000-inspection/a0034604-e865-421e-ae66-096592c9ba02_1000.jpg!m_fill,w_280,h_210,f_jpg?from=ke.com
20230521,海淀,西北旺,101116357954,西山壹号院 精装三居 高层观景  诚意出售,2850万,145409元/平,中楼层 (共6层) 3室2厅 | 196平米 | 南 北,https://ke-image.ljcdn.com/110000-inspection/50d95fe1-1c7f-4284-96e3-a72523df4ad5_1000.jpg!m_fill,w_280,h_210,f_jpg?from=ke.com
20230521,海淀,西北旺,101116265638,客厅朝南南北通透大两居室业主诚意出售,646万,83788元/平,顶层 (共6层) | 2003年建 | 2室1厅 | 77.1平米 | 南 北,https://ke-image.ljcdn.com/110000-inspection/d0deb6cd-ba62-480f-b4a9-d812e17822a3_1000.jpg!m_fill,w_280,h_210,f_jpg?from=ke.com
20230521,海淀,西北旺,101116265478,西山壹号院南区 5室2厅 南 北 西,6870万,99928元/平,底层 (共6层) 5室2厅 | 687.5平米 | 南 北 西,https://ke-image.ljcdn.com/110000-inspection/pc1_7TkDb6xg5.jpg!m_fill,w_280,h_210,f_jpg?from=ke.com
20230521,海淀,西北旺,101116232280,此房直观西山采光好视野棒小区万科物业,1150万,98299元/平,顶层 (共10层) | 2007年建 | 2室2厅 | 116.99平米 | 南 北,https://ke-image.ljcdn.com/110000-inspection/pc1_xiOMS7shi.jpg!m_fill,w_280,h_210,f_jpg?from=ke.com
20230521,海淀,西北旺,101116160130,西山公馆 中间位置 小三居 户型好 诚心出售,1050万,88154元/平,低楼层 (共7层) | 2012年建 | 3室1厅 | 119.11平米 | 东 西,https://ke-image.ljcdn.com/110000-inspection/a92983fd-0bfa-415e-aae1-151f6925bb1a_1000.jpg!m_fill,w_280,h_210,f_jpg?from=ke.com
20230521,海淀,西北旺,101116148279,新出如园大四居中间楼层三面采光带车位,3350万,112420元/平,低楼层 (共10层) | 2014年建 | 4室2厅 | 297.99平米 | 南 西 北,https://ke-image.ljcdn.com/110000-inspection/prod-a552e179-8fd0-40f4-88e5-e9114d111c30.jpg!m_fill,w_280,h_210,f_jpg?from=ke.com
20230521,海淀,西北旺,101115727557,景和园双卧朝南两居挑高4.6米客厅有钥匙随时看房主自荐,625万,88352元/平,顶层 (共6层) | 2011年建 | 2室1厅 | 70.74平米 | 南 北,https://ke-image.ljcdn.com/110000-inspection/pc1_EkJwjDXn2_1.jpg!m_fill,w_280,h_210,f_jpg?from=ke.com
20230521,海淀,西北旺,101115708885,小区中间位置四居南北通透功能间多户型方正,3250万,125415元/平,低楼层 (共10层) | 2015年建 | 4室2厅 | 259.14平米 | 东 南 北,https://ke-image.ljcdn.com/110000-inspection/5eaea618-e942-4e83-9c52-dc2e2cd97c1e_1000.jpg!m_fill,w_280,h_210,f_jpg?from=ke.com
20230521,海淀,西北旺,101115659428,东馨园小区中间楼层三居室不临街不把边精装修,750万,92937元/平,中楼层 (共6层) | 1994年建 | 3室1厅 | 80.7平米 | 南 北,https://ke-image.ljcdn.com/110000-inspection/2866fc78-0290-4c62-9dd8-7512365cae16_1000.jpg!m_fill,w_280,h_210,f_jpg?from=ke.com
20230521,海淀,西北旺,101115630290,本房是满五年南向三居室诚意出售随时签约。,669万,96537元/平,底层 (共6层) | 1999年建 | 3室1厅 | 69.3平米 | 南,https://ke-image.ljcdn.com/110000-inspection/ea9e7868-36ed-4187-a279-6c2c616e776c_1000.jpg!m_fill,w_280,h_210,f_jpg?from=ke.com
20230521,海淀,西北旺,101115475134,西山壹号院层高3.4米精装3居带车位位置安静,2750万,136355元/平,中楼层 (共6层) | 2011年建 | 3室2厅 | 201.68平米 | 南 北,https://ke-image.ljcdn.com/110000-inspection/pc1_Ca9KPJBqH.jpg!m_fill,w_280,h_210,f_jpg?from=ke.com
20230521,海淀,西北旺,101115107361,东馨园小区两居室产权清晰业主诚意售房,460万,87122元/平,顶层 (共6层) | 1992年建 | 2室1厅 | 52.8平米 | 南,https://ke-image.ljcdn.com/110000-inspection/dd6bbb05-9880-4f92-aa8d-1eefec45c156_1000.jpg!m_fill,w_280,h_210,f_jpg?from=ke.com
20230521,海淀,西北旺,101114961316,小区中间位置看房方便业主诚心出售,917万,105149元/平,低楼层 (共9层) | 2007年建 | 2室1厅 | 87.21平米 | 南,https://ke-image.ljcdn.com/110000-inspection/pc1_rQiz0oxxx_1.jpg!m_fill,w_280,h_210,f_jpg?from=ke.com
20230521,海淀,西北旺,101114902835,景和园中间层三居室 满五年 南北通透 诚意出售房主自荐,820万,87114元/平,中楼层 (共6层) | 2011年建 | 3室1厅 | 94.13平米 | 南 北,https://ke-image.ljcdn.com/110000-inspection/pc1_CabH9Bxom.jpg!m_fill,w_280,h_210,f_jpg?from=ke.com
20230521,海淀,西北旺,101114897300,百旺茉莉园一期 16号线地铁口 低密洋房社区三居室,1359万,107474元/平,中楼层 (共5层) | 2006年建 | 3室2厅 | 126.45平米 | 南 北,https://ke-image.ljcdn.com/110000-inspection/pc1_DIobeCB72_1.jpg!m_fill,w_280,h_210,f_jpg?from=ke.com
20230521,海淀,西北旺,101114854630,13号线软件园西山公馆南向2居室,930万,119692元/平,中楼层 (共6层) | 2011年建 | 2室1厅 | 77.7平米 | 南,https://ke-image.ljcdn.com/110000-inspection/3e14782b-5ea8-460a-bea0-9331cb9013e9_1000.jpg!m_fill,w_280,h_210,f_jpg?from=ke.com
20230521,海淀,西北旺,101114714262,观景四居三面采光中间位置精装修,5000万,126171元/平,中楼层 (共6层) 4室2厅 | 396.29平米 | 南 北,https://ke-image.ljcdn.com/110000-inspection/pc1_oJyCHNMwL_1.jpg!m_fill,w_280,h_210,f_jpg?from=ke.com
20230521,海淀,西北旺,101114659804,房子南北通透户型 高层观西山美景 全新房可拎包入住房主自荐,2480万,136384元/平,顶层 (共6层) 3室2厅 | 181.84平米 | 南 北,https://ke-image.ljcdn.com/110000-inspection/1575690c-cabd-4d13-b062-24e09109a3af_1000.jpg!m_fill,w_280,h_210,f_jpg?from=ke.com
20230521,海淀,西北旺,101114652600,如园北区  精装四居 位置安静 2车位 1储物间 满2年,3300万,129260元/平,低楼层 (共9层) | 2016年建 | 4室2厅 | 255.3平米 | 南 西 北,https://ke-image.ljcdn.com/110000-inspection/241c6b46-2259-4452-a3eb-733a0820d1d3_1000.jpg!m_fill,w_280,h_210,f_jpg?from=ke.com
20230521,海淀,西北旺,101114612583,中间位置、中间楼层、产权清晰、诚意出售房主自荐,695万,92053元/平,中楼层 (共6层) | 2009年建 | 2室1厅 | 75.5平米 | 南 北,https://ke-image.ljcdn.com/110000-inspection/pc1_NnzLuaIaK_1.jpg!m_fill,w_280,h_210,f_jpg?from=ke.com
20230521,海淀,西北旺,101114453584,低楼层 小区中间的位置 居住安静,710万,93520元/平,底层 (共6层) | 2003年建 | 2室1厅 | 75.92平米 | 南 北,https://ke-image.ljcdn.com/110000-inspection/7d3945f9-ca0a-4a13-86d9-04dc66b53509_1000.jpg!m_fill,w_280,h_210,f_jpg?from=ke.com
20230521,海淀,西北旺,101114387737,百旺茉莉园 南北大两居 电梯次顶层 视野好 采光棒,1180万,102851元/平,中楼层 (共10层) | 2007年建 | 2室2厅 | 114.73平米 | 南 北,https://ke-image.ljcdn.com/110000-inspection/pc1_WIndEnmzR_2.jpg!m_fill,w_280,h_210,f_jpg?from=ke.com
20230521,海淀,西北旺,101113765661,东北旺南北小三居精装修高楼层视野好房主自荐,540万,78603元/平,顶层 (共6层) 3室1厅 | 68.7平米 | 南 北,https://ke-image.ljcdn.com/110000-inspection/pc1_2hWQI8sDd_1.jpg!m_fill,w_280,h_210,f_jpg?from=ke.com
20230521,海淀,西北旺,101113671389,地铁电梯房 满五唯一 南北通透两居室,1165万,102409元/平,顶层 (共9层) | 2008年建 | 2室2厅 | 113.76平米 | 南 北,https://ke-image.ljcdn.com/110000-inspection/d4c31339-efc3-4435-92de-1abd214f9911_1000.jpg!m_fill,w_280,h_210,f_jpg?from=ke.com
20230521,海淀,西北旺,101113369885,满五年唯一商品房 2层 采光好 视野好,680万,90910元/平,低楼层 (共6层) | 1995年建 | 3室1厅 | 74.8平米 | 南 北,https://ke-image.ljcdn.com/110000-inspection/6d06cf72-5cc1-46f2-b5fa-e02ada715c6e_1000.jpg!m_fill,w_280,h_210,f_jpg?from=ke.com
20230521,海淀,西北旺,101113118241,东旭园南北两居高楼层视野好安静全明格局房主自荐,665万,80073元/平,顶层 (共6层) | 2000年建 | 2室1厅 | 83.05平米 | 南 北,https://ke-image.ljcdn.com/110000-inspection/pc1_wnPwMxaxw_1.jpg!m_fill,w_280,h_210,f_jpg?from=ke.com
20230521,海淀,西北旺,101113097900,苗圃宿舍 两居室 精装修 看房方便,420万,77635元/平,高楼层 (共6层) | 1987年建 | 2室1厅 | 54.1平米 | 南 北,https://ke-image.ljcdn.com/110000-inspection/5a312639-0587-4caf-805a-a2c9b6459989_1000.jpg!m_fill,w_280,h_210,f_jpg?from=ke.com
20230521,海淀,西北旺,101112984507,东旭园小区 满五年 客厅主卧朝南 中间楼层 全明格局房主自荐,740万,88623元/平,中楼层 (共5层) | 1999年建 | 2室2厅 | 83.5平米 | 西南,https://ke-image.ljcdn.com/110000-inspection/3d17f6e4-4dd5-4b07-a037-6cd392cd8afc_1000.jpg!m_fill,w_280,h_210,f_jpg?from=ke.com
20230521,海淀,西北旺,101112148729,经典大三居带保姆间园区位置优越楼层舒适,3620万,130244元/平,中楼层 (共6层) 3室2厅 | 277.94平米 | 南 北,https://ke-image.ljcdn.com/110000-inspection/pc1_d9fjVGQ6G_1.jpg!m_fill,w_280,h_210,f_jpg?from=ke.com
20230521,海淀,西北旺,101112145581,观山四居室 精装修保持好 双阳台  南向无遮挡采光好,3050万,105676元/平,低楼层 (共10层) | 2014年建 | 4室3厅 | 288.62平米 | 南 北,https://ke-image.ljcdn.com/110000-inspection/pc1_kSsPlUCOc_2.jpg!m_fill,w_280,h_210,f_jpg?from=ke.com
20230521,海淀,西北旺,101110812339,东馨园南北通透两居室 视野开阔,475万,83775元/平,高楼层 (共6层) | 1992年建 | 2室1厅 | 56.7平米 | 南 北,https://ke-image.ljcdn.com/110000-inspection/pc1_LGluI92DA_1.jpg!m_fill,w_280,h_210,f_jpg?from=ke.com
20230521,海淀,西北旺,101110110769,西山壹号院 南区精装三居 带车位 诚意出售 可拎包入住,2580万,141883元/平,中楼层 (共6层) 3室1厅 | 181.84平米 | 南 北,https://ke-image.ljcdn.com/110000-inspection/pc1_f0n3YjsCJ_1.jpg!m_fill,w_280,h_210,f_jpg?from=ke.com
20230521,海淀,西北旺,101109798293,秋露园顶层两居室满五年了视野好采光好。,685万,89240元/平,顶层 (共6层) | 2004年建 | 2室1厅 | 76.76平米 | 南 北,https://ke-image.ljcdn.com/110000-inspection/pc1_V6b0V5nDb_1.jpg!m_fill,w_280,h_210,f_jpg?from=ke.com
20230521,海淀,西北旺,101103818052,满五年楼层低 上下方便采光充足房主自荐,450万,83956元/平,低楼层 (共6层) 2室1厅 | 53.6平米 | 南 北,https://ke-image.ljcdn.com/110000-inspection/prod-c30fd81b-e606-443a-a411-c8fdf2fd87b2.jpg!m_fill,w_280,h_210,f_jpg?from=ke.com
20230521,海淀,西北旺,101119343794,南北通透 洋房一层 前后不临街 独门独院 拎包入住新上,1800万,129311元/平,底层 (共5层) 3室2厅 | 139.2平米 | 南 北,https://ke-image.ljcdn.com/110000-inspection/pc1_EtH0VaMhX.jpg!m_fill,w_280,h_210,f_jpg?from=ke.com
20230521,海淀,西北旺,101119311901,夏霖园南北通透两居室精装修诚意出售新上,690万,90790元/平,底层 (共5层) | 2003年建 | 2室1厅 | 76平米 | 南 北,https://ke-image.ljcdn.com/110000-inspection/pc1_jzZU4j7OD.jpg!m_fill,w_280,h_210,f_jpg?from=ke.com
20230521,海淀,西北旺,101119245211,西山壹号院南区 4室3厅 南 北新上,3300万,112817元/平,底层 (共6层) 4室3厅 | 292.51平米 | 南 北,https://ke-image.ljcdn.com/110000-inspection/pc1_YaLXFwZwh.jpg!m_fill,w_280,h_210,f_jpg?from=ke.com
20230521,海淀,西北旺,101119245147,百旺茉莉园 视野开阔业主稳定签约采光好新上,930万,103795元/平,顶层 (共9层) 1室1厅 | 89.6平米 | 西南,https://ke-image.ljcdn.com/110000-inspection/50d3627a-0ce1-45f6-b36a-3de01fc72df3_1000.jpg!m_fill,w_280,h_210,f_jpg?from=ke.com
20230521,海淀,西北旺,101119243638,枫涟山庄高楼层电梯两居 采光视野好 全明格局新上,935万,102064元/平,顶层 (共8层) 2室1厅 | 91.61平米 | 南 北,https://ke-image.ljcdn.com/110000-inspection/98657b0d-e322-46e5-99cb-c64a2b75c38c_1000.jpg!m_fill,w_280,h_210,f_jpg?from=ke.com
20230521,海淀,西北旺,101119116050,春晖园 满5唯一 商品房不临街 精装修,645万,83908元/平,顶层 (共6层) | 2004年建 | 2室1厅 | 76.87平米 | 北 南,https://ke-image.ljcdn.com/110000-inspection/50de86b0-b4c4-4a19-97f7-281148dd781e_1000.jpg!m_fill,w_280,h_210,f_jpg?from=ke.com
20230521,海淀,西北旺,101119104865,夏霖园南北通透两居室满五唯一客厅朝南房主自荐,725万,94648元/平,顶层 (共6层) | 2003年建 | 2室1厅 | 76.6平米 | 南 北,https://ke-image.ljcdn.com/110000-inspection/551d639c-070f-4e4a-a47d-95c60c2e76b2_1000.jpg!m_fill,w_280,h_210,f_jpg?from=ke.com
20230521,海淀,西北旺,101119048393,春晖园 满五年唯一 中间位置 南北通透两居室,649万,84726元/平,顶层 (共6层) 2室1厅 | 76.6平米 | 南 北,https://ke-image.ljcdn.com/110000-inspection/pc1_PTSFXgWUi.jpg!m_fill,w_280,h_210,f_jpg?from=ke.com
20230521,海淀,西北旺,101119043264,百草园小区优质房源南向的两居室房主自荐,550万,91820元/平,低楼层 (共6层) | 1995年建 | 2室1厅 | 59.9平米 | 南,https://ke-image.ljcdn.com/110000-inspection/pc1_vEcMi3t9G.jpg!m_fill,w_280,h_210,f_jpg?from=ke.com
20230521,海淀,西北旺,101119006790,满五唯一商品房靠谱签约价格可谈依山傍水,685万,89414元/平,高楼层 (共6层) | 2004年建 | 2室1厅 | 76.61平米 | 南 北,https://ke-image.ljcdn.com/110000-inspection/pc1_k6KqWFTzC.jpg!m_fill,w_280,h_210,f_jpg?from=ke.com
20230521,海淀,西北旺,101118935508,如园北 高层观山户型 餐客一体 2018年交房 精装修,3550万,137246元/平,中楼层 (共9层) | 2017年建 | 4室2厅 | 258.66平米 | 南 西 北,https://ke-image.ljcdn.com/110000-inspection/7a05c589-9eef-4df9-a69a-6b16d4047e8f_1000.jpg!m_fill,w_280,h_210,f_jpg?from=ke.com
20230521,海淀,西北旺,101118914915,如园北区 3室1厅 南 北,3420万,109133元/平,底层 (共10层) | 2016年建 | 3室1厅 | 313.38平米 | 南 北,https://ke-image.ljcdn.com/110000-inspection/bcac0416-0ca8-42b4-8847-2c432104d1aa_1000.jpg!m_fill,w_280,h_210,f_jpg?from=ke.com
20230521,海淀,西北旺,101118909784,百旺茉莉园 精装复式4居 满五年唯一 不临街 地铁口,1650万,94146元/平,中楼层 (共5层) | 2005年建 | 4室2厅 | 175.26平米 | 南 北,https://ke-image.ljcdn.com/110000-inspection/da163037-0f96-4379-813e-f41d4004d33a_1000.jpg!m_fill,w_280,h_210,f_jpg?from=ke.com
20230521,海淀,西北旺,101118847903,秋露园 2室1厅 南 北,720万,93873元/平,低楼层 (共6层) 2室1厅 | 76.7平米 | 南 北,https://ke-image.ljcdn.com/110000-inspection/pc1_pU6Ef3c3H.jpg!m_fill,w_280,h_210,f_jpg?from=ke.com
20230521,海淀,西北旺,101118778926,正规六居 九层四居 十层两居 电梯均可直达 观西山！,5000万,104402元/平,高楼层 (共10层) | 2014年建 | 6室2厅 | 478.92平米 | 南 西 北,https://ke-image.ljcdn.com/110000-inspection/pc1_JaZiCLtmk.jpg!m_fill,w_280,h_210,f_jpg?from=ke.com
20230521,海淀,西北旺,101118776688,两居中目前关注很高的一套价格低格局南北通透,640万,83225元/平,顶层 (共6层) | 2003年建 | 2室1厅 | 76.9平米 | 南 北,https://ke-image.ljcdn.com/110000-inspection/88fb71e2-7979-4dc0-aec2-fe8447b91bce_1000.jpg!m_fill,w_280,h_210,f_jpg?from=ke.com
20230521,海淀,西北旺,101118769239,南北通透两居室 小区新落地窗 视野好 采光充足。,760万,92650元/平,顶层 (共6层) 2室1厅 | 82.03平米 | 南 北,https://ke-image.ljcdn.com/110000-inspection/95b14e5f-2a7d-4b52-ae46-c6da560f0529_1000.jpg!m_fill,w_280,h_210,f_jpg?from=ke.com
20230521,海淀,西北旺,101118731483,中海枫涟山庄复式四居室全明格局精装修 诚意出售房主自荐,1799万,97244元/平,中楼层 (共8层) 4室2厅 | 185平米 | 南 北,https://ke-image.ljcdn.com/110000-inspection/c7074b2d-cd89-40da-b22b-d83c1eeb57be_1000.jpg!m_fill,w_280,h_210,f_jpg?from=ke.com
20230521,海淀,西北旺,101118628518,百旺茉莉园一期优质高层大两居直观西山观景房,1098万,93823元/平,顶层 (共11层) | 2007年建 | 2室2厅 | 117.03平米 | 南 北,https://ke-image.ljcdn.com/110000-inspection/pc1_jHtd0nuQ9.jpg!m_fill,w_280,h_210,f_jpg?from=ke.com
20230521,海淀,西北旺,101118611365,【新增】半亩花田 精装修五居室 新风 智能家居 有庭院房主自荐,6199万,108284元/平,底层 (共6层) | 2011年建 | 5室5厅 | 572.48平米 | 东 南 北,https://ke-image.ljcdn.com/110000-inspection/pc1_s29NuI5pc.jpg!m_fill,w_280,h_210,f_jpg?from=ke.com
20230521,海淀,西北旺,101118608355,西山公馆13年的商品房社区环境好很适合居住,1700万,62219元/平,底层 (共6层) | 2011年建 | 4室3厅 | 273.23平米 | 南 北,https://ke-image.ljcdn.com/110000-inspection/d4d9b3b3-11d3-4ab9-ab32-e17e006b1a95_1000.jpg!m_fill,w_280,h_210,f_jpg?from=ke.com
20230521,海淀,西北旺,101118570244,润千秋佳苑 2室1厅 东 西,850万,103269元/平,高楼层 (共9层) 2室1厅 | 82.31平米 | 东 西,https://ke-image.ljcdn.com/110000-inspection/pc1_deUzRof9q.jpg!m_fill,w_280,h_210,f_jpg?from=ke.com
20230521,海淀,西北旺,101118544918,西北旺中关村软件园旁春晖园满五唯一小区中间房主自荐,698万,91111元/平,中楼层 (共6层) | 2004年建 | 2室1厅 | 76.61平米 | 南 北,https://ke-image.ljcdn.com/110000-inspection/pc1_jN5ZGggCh.jpg!m_fill,w_280,h_210,f_jpg?from=ke.com
20230521,海淀,西北旺,101118471473,中海枫涟山庄 高层观景 采光充足满五唯一  户型方正,1236万,99718元/平,顶层 (共11层) | 2004年建 | 3室1厅 | 123.95平米 | 南 北,https://ke-image.ljcdn.com/110000-inspection/pc1_ulCDypb4R.jpg!m_fill,w_280,h_210,f_jpg?from=ke.com
20230521,海淀,西北旺,101118429602,秋露园中层一居无抵押无户口看房方便不临街房主自荐,549万,99457元/平,中楼层 (共6层) | 2004年建 | 1室1厅 | 55.2平米 | 南,https://ke-image.ljcdn.com/110000-inspection/pc1_uzep16zMr.jpg!m_fill,w_280,h_210,f_jpg?from=ke.com
20230521,海淀,西北旺,101118396532,秋露园  南北通透 满五年可贷款 不临街 诚意出售,720万,94464元/平,顶层 (共6层) 2室1厅 | 76.22平米 | 南 北,https://ke-image.ljcdn.com/110000-inspection/pc1_SCoBnSR7u.jpg!m_fill,w_280,h_210,f_jpg?from=ke.com
20230521,海淀,西北旺,101118346633,夏霖园低楼层满五唯一南北两居客厅朝南户型,710万,92089元/平,低楼层 (共6层) | 2003年建 | 2室1厅 | 77.1平米 | 南 北,https://ke-image.ljcdn.com/110000-inspection/pc1_9ruIcPpQg.jpg!m_fill,w_280,h_210,f_jpg?from=ke.com
20230521,海淀,西北旺,101118281207,商品房社区16号线地铁站润千秋佳苑电梯一居室,576万,104292元/平,中楼层 (共8层) | 2005年建 | 1室1厅 | 55.23平米 | 东,https://ke-image.ljcdn.com/110000-inspection/pc1_oSCZ1Qy2B_1.jpg!m_fill,w_280,h_210,f_jpg?from=ke.com
20230521,海淀,西北旺,101118276735,店长推荐 大区聚焦房 全新房 明卫 三面采光 看房随时房主自荐,3280万,73532元/平,底层 (共10层) 5室2厅 | 446.07平米 | 东 南 北,https://ke-image.ljcdn.com/110000-inspection/pc1_mJTL7mjvw.jpg!m_fill,w_280,h_210,f_jpg?from=ke.com
20230521,海淀,西北旺,101118258046,西北旺 春晖园 两居 满五年唯一商品房靠谱签约房主自荐,649万,84948元/平,顶层 (共6层) 2室1厅 | 76.4平米 | 南 北,https://ke-image.ljcdn.com/110000-inspection/pc1_IYJeHnnGo.jpg!m_fill,w_280,h_210,f_jpg?from=ke.com
20230521,海淀,西北旺,101118211441,马连洼东馨园 一层 南北向两居 满五年,556万,81442元/平,底层 (共6层) | 2000年建 | 2室1厅 | 68.27平米 | 南 北,https://ke-image.ljcdn.com/110000-inspection/pc1_QXjxFXubG_1.jpg!m_fill,w_280,h_210,f_jpg?from=ke.com
20230521,海淀,西北旺,101118157270,2011年小区精装修电梯入户低密度住宅人车分流,1550万,102704元/平,低楼层 (共7层) | 2011年建 | 3室2厅 | 150.92平米 | 南 北,https://ke-image.ljcdn.com/110000-inspection/37a1b2fb-4507-4ca6-ba5b-8f0012378f82_1000.jpg!m_fill,w_280,h_210,f_jpg?from=ke.com
20230521,海淀,西北旺,101118105285,马连洼东馨园南向精装修一居室满五唯一商品房,429万,100000元/平,底层 (共6层) | 1992年建 | 1室1厅 | 42.9平米 | 南,https://ke-image.ljcdn.com/110000-inspection/pc1_ZyTCgWC1e.jpg!m_fill,w_280,h_210,f_jpg?from=ke.com
20230521,海淀,西北旺,101118069022,百旺茉莉园 顶层复式 不临街  万科物业 业主诚意,1950万,89755元/平,中楼层 (共5层) | 2006年建 | 4室2厅 | 217.26平米 | 南 北,https://ke-image.ljcdn.com/110000-inspection/5ea21809-f699-423d-a118-9ee49a2d51b4_1000.jpg!m_fill,w_280,h_210,f_jpg?from=ke.com
20230521,海淀,西北旺,101118040224,西山壹号院 大面宽一层下跃 看房方便 新房出售,5360万,83452元/平,底层 (共6层) | 2012年建 | 5室3厅 | 642.29平米 | 南 北,https://ke-image.ljcdn.com/110000-inspection/pc1_CKT0zoCRY_2.jpg!m_fill,w_280,h_210,f_jpg?from=ke.com
20230521,海淀,西北旺,101117854514,如园北区全新四居未入住带车位满5年随时看,3566万,136357元/平,低楼层 (共11层) | 2016年建 | 4室3厅 | 261.52平米 | 南 北,https://ke-image.ljcdn.com/110000-inspection/pc1_KPq3c26xs_2.jpg!m_fill,w_280,h_210,f_jpg?from=ke.com
20230521,海淀,西北旺,101117729405,百旺茉莉园一期 顶层复式 21年新装修 可拎包入住,2090万,96199元/平,中楼层 (共5层) | 2005年建 | 4室2厅 | 217.26平米 | 南 北,https://ke-image.ljcdn.com/110000-inspection/95cf7dbc-a32a-4444-969a-6dd2fd956905_1000.jpg!m_fill,w_280,h_210,f_jpg?from=ke.com
20230521,海淀,西北旺,101117611647,西北旺一二层带前后院叠拼满五唯一户型方正,2100万,116973元/平,底层 (共5层) 3室3厅 | 179.53平米 | 南 北,https://ke-image.ljcdn.com/110000-inspection/pc1_Uc4WZtuZj_1.jpg!m_fill,w_280,h_210,f_jpg?from=ke.com
20230521,海淀,西北旺,101117535861,西北旺 夏霖园 满五年唯一可贷款  4.6米挑高 靠谱签约,670万,88031元/平,顶层 (共6层) | 2003年建 | 2室1厅 | 76.11平米 | 南 北,https://ke-image.ljcdn.com/110000-inspection/53232684-a878-4e35-af08-8cc4cc86b89d_1000.jpg!m_fill,w_280,h_210,f_jpg?from=ke.com
20230521,海淀,西北旺,101117434100,满五年唯一精装复式业主信任全权委托,1560万,88778元/平,中楼层 (共5层) | 2005年建 | 3室2厅 | 175.72平米 | 南 北,https://ke-image.ljcdn.com/110000-inspection/e31deb0a-e49a-4bcb-8dbe-3b64d44bd9f9_1000.jpg!m_fill,w_280,h_210,f_jpg?from=ke.com
20230521,海淀,西北旺,101116115593,南区一层带南花园 精装四居室 有车位 现代简约风格,3900万,117886元/平,底层 (共6层) 4室3厅 | 330.83平米 | 南 北,https://ke-image.ljcdn.com/110000-inspection/6f31c224-7ac0-49eb-856c-3790e8cfda44_1000.jpg!m_fill,w_280,h_210,f_jpg?from=ke.com
20230521,海淀,西北旺,101116032519,润千秋佳苑 5室3厅 南 北,1840万,82173元/平,顶层 (共6层) | 2006年建 | 5室3厅 | 223.92平米 | 南 北,https://ke-image.ljcdn.com/110000-inspection/pc1_Y62ylznbA.jpg!m_fill,w_280,h_210,f_jpg?from=ke.com
20230521,海淀,西北旺,101115790933,地铁口平层四居带电梯好楼层中间位置南北向,1680万,101285元/平,中楼层 (共5层) 4室2厅 | 165.87平米 | 南 北,https://ke-image.ljcdn.com/110000-inspection/c5ba91a9-9e3c-47e6-852e-b021982635e6_1000.jpg!m_fill,w_280,h_210,f_jpg?from=ke.com
20230521,海淀,西北旺,101115406425,西山壹号院小区中间位置一层下跃7居室带地下庭院,5350万,92096元/平,底层 (共6层) 7室3厅 | 580.92平米 | 东 南 北,https://ke-image.ljcdn.com/110000-inspection/0777c1f9-a740-4ca2-93a7-9bac346afc45_1000.jpg!m_fill,w_280,h_210,f_jpg?from=ke.com
20230521,海淀,西北旺,101115370419,房子不挨着街 楼层高 视野好 诚心出售,690万,90032元/平,顶层 (共6层) | 2003年建 | 2室1厅 | 76.64平米 | 南 北,https://ke-image.ljcdn.com/110000-inspection/42683d35-b65e-432d-af9a-f7c913c0ad1f_1000.jpg!m_fill,w_280,h_210,f_jpg?from=ke.com
20230521,海淀,西北旺,101115007023,精装修 园区好位置 好楼层 视野好 南北眼镜户型,3660万,130715元/平,顶层 (共6层) | 2012年建 | 3室2厅 | 280平米 | 南 北,https://ke-image.ljcdn.com/110000-inspection/851f640b-76f9-4098-bd52-ec98766e7b9a_1000.jpg!m_fill,w_280,h_210,f_jpg?from=ke.com
20230521,海淀,西北旺,101114968958,业主急售 地铁两居室 纯商品房 南北通透  满五唯一,1230万,109082元/平,底层 (共10层) | 2007年建 | 2室2厅 | 112.76平米 | 南 北,https://ke-image.ljcdn.com/110000-inspection/pc1_ZYdPbpn1Q_2.jpg!m_fill,w_280,h_210,f_jpg?from=ke.com
20230521,海淀,西北旺,101114833807,如园新出中间位置下跃户型 全新房没住过人 看房方便,4500万,81366元/平,底层 (共9层) 6室4厅 | 553.06平米 | 南 北,https://ke-image.ljcdn.com/110000-inspection/eab9f6c9-4116-470e-8584-a9b4206b4d94_1000.jpg!m_fill,w_280,h_210,f_jpg?from=ke.com
20230521,海淀,西北旺,101113248993,两套门对门房子一个房本只需要一个购房资格有车位,5200万,118706元/平,底层 (共10层) | 2015年建 | 6室4厅 | 438.06平米 | 南 北,https://ke-image.ljcdn.com/110000-inspection/pc1_bzMCsmFNp_2.jpg!m_fill,w_280,h_210,f_jpg?from=ke.com
20230521,海淀,西北旺,101112850355,单价9.1万两个独立精装花园四居室双层独立私密房主自荐,2900万,91015元/平,底层 (共10层) | 2015年建 | 4室4厅 | 318.63平米 | 南 北,https://ke-image.ljcdn.com/110000-inspection/455ff019-0a4e-4708-b1d1-659b42a21cd6_1000.jpg!m_fill,w_280,h_210,f_jpg?from=ke.com
20230521,海淀,西北旺,101111307290,适合三代人居住 中间位置 有庭院 有车位  如同在公园房主自荐,3950万,90111元/平,底层 (共6层) | 2012年建 | 4室3厅 | 438.35平米 | 南 北,https://ke-image.ljcdn.com/110000-inspection/pc1_LDIqvNabD_1.jpg!m_fill,w_280,h_210,f_jpg?from=ke.com
20230521,海淀,西北旺,101119324080,西北旺 春晖园 低楼层三居室 满五年唯一 适合贷款新上,850万,91487元/平,底层 (共6层) | 2004年建 | 3室1厅 | 92.91平米 | 南 北,https://s1.ljcdn.com/pegasus/redskull/images/common/default_house_list.png?_v=20230517173317
20230521,海淀,西北旺,101119323361,西山公馆满五唯一商品房精装修人车分流环境好新上,700万,101553元/平,低楼层 (共6层) | 2011年建 | 1室1厅 | 68.93平米 | 西,https://s1.ljcdn.com/pegasus/redskull/images/common/default_house_list.png?_v=20230517173317
20230521,海淀,西北旺,101119316693,满五年唯一精装修视野好看房提前联系拎包入住新上,870万,106344元/平,高楼层 (共9层) 2室1厅 | 81.81平米 | 东 西,https://s1.ljcdn.com/pegasus/redskull/images/common/default_house_list.png?_v=20230517173317
20230521,海淀,西北旺,101119253986,西北旺 春晖园 低楼层三居室 满五年唯一 适合贷款新上,850万,91595元/平,底层 (共6层) 3室1厅 | 92.8平米 | 北 南,https://s1.ljcdn.com/pegasus/redskull/images/common/default_house_list.png?_v=20230517173317
20230521,海淀,西北旺,101119193096,西北旺秋露园中关村软件园旁商品房满五年,560万,101230元/平,中楼层 (共6层) | 2004年建 | 1室1厅 | 55.32平米 | 南,https://s1.ljcdn.com/pegasus/redskull/images/common/default_house_list.png?_v=20230517173317
20230521,海淀,西北旺,101119154617,百旺茉莉园 一期洋房 南北三居室 满五年唯一 诚意出售,1390万,107761元/平,中楼层 (共5层) | 2005年建 | 3室2厅 | 128.99平米 | 南 北,https://s1.ljcdn.com/pegasus/redskull/images/common/default_house_list.png?_v=20230517173317
20230521,海淀,西北旺,101119150451,百旺茉莉园复式位置佳楼间距大前观山后临水观景房,1760万,95290元/平,中楼层 (共5层) 4室2厅 | 184.7平米 | 南 北,https://s1.ljcdn.com/pegasus/redskull/images/common/default_house_list.png?_v=20230517173317
20230521,海淀,西北旺,101118943420,价格可谈、诚意出售、视野开阔、中间楼层房主自荐,535万,80464元/平,中楼层 (共6层) 2室1厅 | 66.49平米 | 南 北,https://s1.ljcdn.com/pegasus/redskull/images/common/default_house_list.png?_v=20230517173317
20230521,海淀,西北旺,101118379716,中间位置 中间楼层 南北通透 诚意出售,718万,93308元/平,中楼层 (共6层) | 2003年建 | 2室1厅 | 76.95平米 | 南 北,https://s1.ljcdn.com/pegasus/redskull/images/common/default_house_list.png?_v=20230517173317
20230521,海淀,西北旺,101117816874,冬晴园2008年建成  落地窗阳光充足 南北通透 诚意出售,680万,89853元/平,高楼层 (共6层) 2室1厅 | 75.68平米 | 南 北,https://s1.ljcdn.com/pegasus/redskull/images/common/default_house_list.png?_v=20230517173317
20230521,海淀,西北旺,101106235619,西山公馆产权车位   诚意出售  出入方便,60万,18657元/平,地下室 | 2011年建 | 1室0厅 | 32.16平米 | 南,https://s1.ljcdn.com/pegasus/redskull/images/common/default_house_list.png?_v=20230517173317
