20240221,丰台,木樨园,101122699458,三环边  优质南北两居室  马公庄  看房有钥匙必看好房,238万,42500元/平,高楼层 (共6层) 2室1厅 | 56平米 | 南 北,https://ke-image.ljcdn.com/110000-inspection/230869ef-4ea7-4175-8e76-260ceb255da6_1000.jpg!m_fill,w_280,h_210,f_jpg?from=ke.com
20240221,丰台,木樨园,101122405683,慧时欣园二期 花园社区 电梯房必看好房,342万,57039元/平,低楼层 (共24层) 1室1厅 | 59.96平米 | 东南,https://ke-image.ljcdn.com/110000-inspection/e33f35b6-40f2-48ec-b224-6e47cdcb30b7_1000.jpg!m_fill,w_280,h_210,f_jpg?from=ke.com
20240221,丰台,木樨园,101122304240,南三环 木樨园 西向两居室 采光好 诚心出售必看好房,445万,41734元/平,高楼层 (共25层) 2室2厅 | 106.63平米 | 西,https://ke-image.ljcdn.com/110000-inspection/4d8f08b3-2044-40a2-a016-b6b12dc7a140_1000.jpg!m_fill,w_280,h_210,f_jpg?from=ke.com
20240221,丰台,木樨园,101122033504,三环边马公庄南向精装修一居室出售必看好房,195万,44725元/平,中楼层 (共15层) 1室1厅 | 43.6平米 | 南,https://ke-image.ljcdn.com/110000-inspection/3697bb19-8529-4783-a252-82e0784b4360_1000.jpg!m_fill,w_280,h_210,f_jpg?from=ke.com
20240221,丰台,木樨园,101121843131,远中悦麒  产权清晰 业主诚心出售必看好房,189万,50240元/平,高楼层 (共24层) 1室0厅 | 37.62平米 | 北,https://ke-image.ljcdn.com/110000-inspection/54bee352-4c6b-4ea9-bb8f-4724cd56d429_1000.jpg!m_fill,w_280,h_210,f_jpg?from=ke.com
20240221,丰台,木樨园,101122142978,西南向两居室视野开阔采光充足满五年唯一商品房,498万,61015元/平,顶层 (共16层) | 2007年 | 2室1厅 | 81.62平米 | 西南,https://ke-image.ljcdn.com/110000-inspection/5ae04af6-128d-4672-93c9-67600f8e28e3_1000.jpg!m_fill,w_280,h_210,f_jpg?from=ke.com
20240221,丰台,木樨园,101121647154,96年钢混两居采光好无遮挡业主急售！必看好房,236万,50213元/平,低楼层 (共15层) 2室1厅 | 47平米 | 南 西,https://ke-image.ljcdn.com/110000-inspection/8e43e535-d99d-4856-87fa-1385d2a78342_1000.jpg!m_fill,w_280,h_210,f_jpg?from=ke.com
20240221,丰台,木樨园,101121492821,远中悦麒 2006年商品房 南向一居 精装修必看好房,249万,50081元/平,中楼层 (共24层) 1室1厅 | 49.72平米 | 南,https://ke-image.ljcdn.com/110000-inspection/370ac808-525b-458f-8722-820511edde93_1000.jpg!m_fill,w_280,h_210,f_jpg?from=ke.com
20240221,丰台,木樨园,101121234978,南三环 木樨园 南向两居室 带电梯 诚心出售必看好房,240万,43322元/平,中楼层 (共15层) 2室1厅 | 55.4平米 | 南,https://ke-image.ljcdn.com/110000-inspection/11a98b61-56f6-4de7-8422-72a211225184_1000.jpg!m_fill,w_280,h_210,f_jpg?from=ke.com
20240221,丰台,木樨园,101121156832,东木樨园 三环内不临街满五年唯一南北通透 总低价必看好房,309万,45576元/平,中楼层 (共9层) | 1995年 | 2室1厅 | 67.8平米 | 南 北,https://ke-image.ljcdn.com/110000-inspection/pc1_II5Le0dSN_2.jpg!m_fill,w_280,h_210,f_jpg?from=ke.com
20240221,丰台,木樨园,101121140460,楼层好视野开阔采光充足交通便利房主自荐,327万,50856元/平,中楼层 (共9层) 2室1厅 | 64.3平米 | 西南,https://ke-image.ljcdn.com/110000-inspection/pc1_3zAlm4Xax_1.jpg!m_fill,w_280,h_210,f_jpg?from=ke.com
20240221,丰台,木樨园,101120891145,高楼层 视野开阔 精装一居室 满五唯一,290万,45405元/平,高楼层 (共24层) | 2005年 | 1室1厅 | 63.87平米 | 西,https://ke-image.ljcdn.com/110000-inspection/eace090b-497a-46de-bd0c-cbb92388f7df_1000.jpg!m_fill,w_280,h_210,f_jpg?from=ke.com
20240221,丰台,木樨园,101120882800,三环里 赵公口 木樨园 东向两居室 采光好视野佳必看好房,359万,43463元/平,高楼层 (共15层) 2室1厅 | 82.6平米 | 东,https://ke-image.ljcdn.com/110000-inspection/pc1_NgB439eGl_1.jpg!m_fill,w_280,h_210,f_jpg?from=ke.com
20240221,丰台,木樨园,101120877972,马公庄  南向两居室 满五年唯一必看好房,225万,38660元/平,中楼层 (共6层) | 1980年 | 2室1厅 | 58.2平米 | 南,https://ke-image.ljcdn.com/110000-inspection/68d8b8d0-002d-4c3e-a1ce-fe0e4e6ce4f7_1000.jpg!m_fill,w_280,h_210,f_jpg?from=ke.com
20240221,丰台,木樨园,101120868428,马公庄 南北通透 户型方正   1992年必看好房,238万,42500元/平,高楼层 (共6层) | 1992年 | 2室1厅 | 56平米 | 南 北,https://ke-image.ljcdn.com/110000-inspection/08c0620f-63b7-4d7d-8973-7eea9619628b_1000.jpg!m_fill,w_280,h_210,f_jpg?from=ke.com
20240221,丰台,木樨园,101120647978,丰台 木樨园 满五唯一 南三环中路 南北通透 中间层,260万,46379元/平,中楼层 (共6层) 3室1厅 | 56.06平米 | 南 北,https://ke-image.ljcdn.com/110000-inspection/pc1_1GEMe6aui_1.jpg!m_fill,w_280,h_210,f_jpg?from=ke.com
20240221,丰台,木樨园,101119243097,小区停车问充足自带2万平米花园下楼就是地铁,360万,59662元/平,中楼层 (共27层) | 2003年 | 1室1厅 | 60.34平米 | 东南,https://ke-image.ljcdn.com/110000-inspection/d130e26b-f3e6-4b0e-a5c7-da376d3f52f4_1000.jpg!m_fill,w_280,h_210,f_jpg?from=ke.com
20240221,丰台,木樨园,101122454030,三环里 宣祥家园 带电梯便宜一居室 诚意出售必看好房,285万,44925元/平,低楼层 (共26层) | 2005年 | 1室1厅 | 63.44平米 | 东,https://ke-image.ljcdn.com/110000-inspection/pc1_BZ9ujsHMX_1.jpg!m_fill,w_280,h_210,f_jpg?from=ke.com
20240221,丰台,木樨园,101121691836,三环边南北两居室精装修房子诚意出售必看好房,330万,50536元/平,中楼层 (共15层) 2室1厅 | 65.3平米 | 南 北,https://ke-image.ljcdn.com/110000-inspection/4a217a38-adf6-42fc-a9e4-621a432122ce_1000.jpg!m_fill,w_280,h_210,f_jpg?from=ke.com
20240221,丰台,木樨园,101121554268,8号线木樨园  南木樨园  南向一居室房主自荐,265万,46721元/平,中楼层 (共17层) 1室1厅 | 56.72平米 | 南,https://ke-image.ljcdn.com/110000-inspection/pc1_q4JMRLbbH_1.jpg!m_fill,w_280,h_210,f_jpg?from=ke.com
20240221,丰台,木樨园,101121243360,三环内 好价格  近地铁 南向两居 无遮挡 诚心出售必看好房,209万,39878元/平,顶层 (共6层) | 1981年 | 2室1厅 | 52.41平米 | 南,https://ke-image.ljcdn.com/110000-inspection/7d9300ff-2050-48f2-9e81-f7e58513977d_1000.jpg!m_fill,w_280,h_210,f_jpg?from=ke.com
20240221,丰台,木樨园,101120774342,两梯三户满五年唯一南北通透人车分流车位充足房主自荐,686万,61897元/平,中楼层 (共26层) | 2003年 | 2室1厅 | 110.83平米 | 南 北,https://ke-image.ljcdn.com/110000-inspection/44a13c80-f8bf-42af-93d0-a604c00149a0_1000.jpg!m_fill,w_280,h_210,f_jpg?from=ke.com
20240221,丰台,木樨园,101119965992,三环内 木樨园地铁8号线 2居双卫 中信集团单位分房必看好房,550万,38473元/平,中楼层 (共27层) 3室1厅 | 142.96平米 | 东北,https://ke-image.ljcdn.com/110000-inspection/pc1_pngmtymKF_1.jpg!m_fill,w_280,h_210,f_jpg?from=ke.com
20240221,丰台,木樨园,101119908454,慧时欣园一期满五唯一商品房考虑顶层的客户看过来房主自荐,475万,52790元/平,顶层 (共25层) | 2001年 | 2室1厅 | 89.98平米 | 西北,https://ke-image.ljcdn.com/110000-inspection/7f5e926f-d079-47b9-bfbe-7e19bd7441e8_1000.jpg!m_fill,w_280,h_210,f_jpg?from=ke.com
20240221,丰台,木樨园,101122889031,宣祥家园满五唯一全明格局采光充足。,451万,60643元/平,高楼层 (共26层) | 2005年 | 2室1厅 | 74.37平米 | 西南,https://ke-image.ljcdn.com/110000-inspection/pc1_fXrVNna6E_1.jpg!m_fill,w_280,h_210,f_jpg?from=ke.com
20240221,丰台,木樨园,101122834683,停车位充足下楼就是地铁自带2万平米花园,393万,65326元/平,中楼层 (共27层) | 2003年 | 1室1厅 | 60.16平米 | 东南,https://ke-image.ljcdn.com/110000-inspection/c8ed60bd-4193-4584-bf39-5dab12674b9f_1000.jpg!m_fill,w_280,h_210,f_jpg?from=ke.com
20240221,丰台,木樨园,101122778822,三环内 定安西里两居 中间楼层 无遮挡 不临街 地铁近,285万,53371元/平,中楼层 (共6层) | 1988年 | 2室1厅 | 53.4平米 | 南,https://ke-image.ljcdn.com/110000-inspection/pc1_LMcQdRhAS_1.jpg!m_fill,w_280,h_210,f_jpg?from=ke.com
20240221,丰台,木樨园,101122692427,南三环   近地铁 中间层两居室  南木樨园,258万,41413元/平,中楼层 (共6层) | 1988年 | 2室1厅 | 62.3平米 | 东 西,https://ke-image.ljcdn.com/110000-inspection/a7483a22-b410-4911-9206-6e0ca606cd9e_1000.jpg!m_fill,w_280,h_210,f_jpg?from=ke.com
20240221,丰台,木樨园,101122662129,楼龄新精装修满五年唯一 看房方便房主自荐,318万,52269元/平,中楼层 (共6层) 2室1厅 | 60.84平米 | 南 北,https://ke-image.ljcdn.com/110000-inspection/3754f74c-5166-4241-8835-4f4327cb0d96_1000.jpg!m_fill,w_280,h_210,f_jpg?from=ke.com
20240221,丰台,木樨园,101122625392,慧时欣园二期 1室1厅 西南,342万,57039元/平,低楼层 (共27层) 1室1厅 | 59.96平米 | 西南,https://ke-image.ljcdn.com/110000-inspection/87e07ca2-fbc4-4cef-bba9-45b32156e545_1000.jpg!m_fill,w_280,h_210,f_jpg?from=ke.com
20240221,丰台,木樨园,101122579501,慧时欣园一期 精装修 两居室经理推荐,485万,52873元/平,顶层 (共25层) 2室1厅 | 91.73平米 | 东,https://ke-image.ljcdn.com/110000-inspection/abe764f0-f2c9-4a35-a747-1ab442705381_1000.jpg!m_fill,w_280,h_210,f_jpg?from=ke.com
20240221,丰台,木樨园,101122562714,南三环中路61号院 2室1厅 东 南 北,285万,50766元/平,中楼层 (共6层) | 1981年 | 2室1厅 | 56.14平米 | 东 南 北,https://ke-image.ljcdn.com/110000-inspection/pc1_iWJfYvuNh_1.jpg!m_fill,w_280,h_210,f_jpg?from=ke.com
20240221,丰台,木樨园,101122507037,慧时欣园二期 西南向 精装修 小区花园,570万,56978元/平,中楼层 (共24层) 2室1厅 | 100.04平米 | 西南,https://ke-image.ljcdn.com/110000-inspection/6616f863-21f8-4143-ac95-74ca3c10f413_1000.jpg!m_fill,w_280,h_210,f_jpg?from=ke.com
20240221,丰台,木樨园,101122490158,全南三居室楼层高视野好诚心出售,545万,57967元/平,高楼层 (共24层) | 2005年 | 3室1厅 | 94.02平米 | 南,https://ke-image.ljcdn.com/110000-inspection/1cb669af-fcee-464e-8d01-c6a0a1a58141_1000.jpg!m_fill,w_280,h_210,f_jpg?from=ke.com
20240221,丰台,木樨园,101122462090,马公庄  南北通透 业主诚心出售 产权清晰,299万,47536元/平,中楼层 (共6层) 3室1厅 | 62.9平米 | 南 北,https://ke-image.ljcdn.com/110000-inspection/df764ecc-6961-4d35-b85f-f1fc155e01d1_1000.jpg!m_fill,w_280,h_210,f_jpg?from=ke.com
20240221,丰台,木樨园,101122453094,东木樨园  三环里  钢混结构业主诚意出售,338万,47076元/平,中楼层 (共9层) | 1995年 | 2室1厅 | 71.8平米 | 西南,https://ke-image.ljcdn.com/110000-inspection/ba8ebe3f-3a1d-40f4-8894-59099f030474_1000.jpg!m_fill,w_280,h_210,f_jpg?from=ke.com
20240221,丰台,木樨园,101122416823,满五唯一双卧朝南精装修两居室高楼层电梯直达,365万,62330元/平,高楼层 (共16层) 2室1厅 | 58.56平米 | 南,https://ke-image.ljcdn.com/110000-inspection/pc1_q4LpurOJ2_1.jpg!m_fill,w_280,h_210,f_jpg?from=ke.com
20240221,丰台,木樨园,101122200337,木樨园桥东南角 南木樨园社区 南向一居室,210万,48860元/平,低楼层 (共6层) | 1980年 | 1室1厅 | 42.98平米 | 南,https://ke-image.ljcdn.com/110000-inspection/30cae233-6d7c-4696-8369-0a08e731b5a6_1000.jpg!m_fill,w_280,h_210,f_jpg?from=ke.com
20240221,丰台,木樨园,101122182094,冠军楼 2室1厅 西南,440万,53032元/平,低楼层 (共24层) | 1999年 | 2室1厅 | 82.97平米 | 西南,https://ke-image.ljcdn.com/110000-inspection/pc1_99cLCIPpV_1.jpg!m_fill,w_280,h_210,f_jpg?from=ke.com
20240221,丰台,木樨园,101122171118,三环内 中间楼层 电梯直达三居室 双阳台 满五年唯一,465万,52962元/平,中楼层 (共16层) | 1990年 | 3室1厅 | 87.8平米 | 西南,https://ke-image.ljcdn.com/110000-inspection/39b84600-ac41-4935-993b-27058410d333_1000.jpg!m_fill,w_280,h_210,f_jpg?from=ke.com
20240221,丰台,木樨园,101122158614,三环内 2007年小区 朝东2居地铁5号线和地铁8号线,475万,55227元/平,中楼层 (共19层) 2室1厅 | 86.01平米 | 东,https://ke-image.ljcdn.com/110000-inspection/9d71a093-4eb3-4fcc-b504-4aae2964f96a_1000.jpg!m_fill,w_280,h_210,f_jpg?from=ke.com
20240221,丰台,木樨园,101122099993,石榴庄 宋家庄 大红门 慧时欣园二期 高层 满五唯一,585万,58244元/平,高楼层 (共24层) 2室1厅 | 100.44平米 | 东南,https://ke-image.ljcdn.com/110000-inspection/b67293c0-b5c0-4201-a869-2db66bf303b1_1000.jpg!m_fill,w_280,h_210,f_jpg?from=ke.com
20240221,丰台,木樨园,101122093671,北京市丰台区赵公口光彩路慧时欣园一期,518万,53574元/平,低楼层 (共25层) | 2001年 | 2室1厅 | 96.69平米 | 西南,https://ke-image.ljcdn.com/110000-inspection/a5754c5d-b1a4-4317-b6a8-405e139dc96c_1000.jpg!m_fill,w_280,h_210,f_jpg?from=ke.com
20240221,丰台,木樨园,101122068504,慧时欣园一期 南三环 赵公口 看房方便房主自荐,520万,47351元/平,低楼层 (共25层) 3室1厅 | 109.82平米 | 东北,https://ke-image.ljcdn.com/110000-inspection/7c0fca0b-4463-4a91-93d7-b1a7bcc9a795_1000.jpg!m_fill,w_280,h_210,f_jpg?from=ke.com
20240221,丰台,木樨园,101122056903,赵公口小区 外交部宿舍楼管理好 满五年唯一房主自荐,198万,46068元/平,低楼层 (共21层) | 1991年 | 1室1厅 | 42.98平米 | 东南,https://ke-image.ljcdn.com/110000-inspection/pc1_VwKsppNJG_1.jpg!m_fill,w_280,h_210,f_jpg?from=ke.com
20240221,丰台,木樨园,101121912027,慧时欣园二期东向两居室中楼层。。,590万,57827元/平,中楼层 (共24层) 2室1厅 | 102.03平米 | 东,https://ke-image.ljcdn.com/110000-inspection/cf90927a-1265-4dc9-a6c7-b27bc705ec00_1000.jpg!m_fill,w_280,h_210,f_jpg?from=ke.com
20240221,丰台,木樨园,101121825050,南三环  2006年商品房西南大二居室  交通方便采光好,619万,60836元/平,低楼层 (共24层) 2室2厅 | 101.75平米 | 西南,https://ke-image.ljcdn.com/110000-inspection/d0cfe941-18e3-4471-ba4f-6922fe0195f7_1000.jpg!m_fill,w_280,h_210,f_jpg?from=ke.com
20240221,丰台,木樨园,101121804424,诚意出售 三环里 8号线 电梯直达 满五唯一 随时签约,308万,48466元/平,高楼层 (共26层) | 2005年 | 1室1厅 | 63.55平米 | 西,https://ke-image.ljcdn.com/110000-inspection/pc1_32UfqGr3x_1.jpg!m_fill,w_280,h_210,f_jpg?from=ke.com
20240221,丰台,木樨园,101121772485,东木樨园  三环里 钢混结构两居室 诚意出售,386万,51072元/平,中楼层 (共14层) 2室1厅 | 75.58平米 | 东南,https://ke-image.ljcdn.com/110000-inspection/5527d67d-22a4-4524-8b9f-d35221dcf282_1000.jpg!m_fill,w_280,h_210,f_jpg?from=ke.com
20240221,丰台,木樨园,101121757717,交通便利购物方便视野开阔。房主自荐,445万,49232元/平,中楼层 (共7层) 2室2厅 | 90.39平米 | 南 北,https://ke-image.ljcdn.com/110000-inspection/aa574e77-0f3e-44f2-b99b-e8baa8b90bd4_1000.jpg!m_fill,w_280,h_210,f_jpg?from=ke.com
20240221,丰台,木樨园,101121750134,丰台区 三环里 南向一居室 满五年成本价 诚心出售,178万,45409元/平,顶层 (共6层) | 1980年 | 1室1厅 | 39.2平米 | 南 北,https://ke-image.ljcdn.com/110000-inspection/74c5f9f1-6457-4637-8293-98380db37ed1_1000.jpg!m_fill,w_280,h_210,f_jpg?from=ke.com
20240221,丰台,木樨园,101121748676,南三环 木樨园 赵公口  带客厅两居室 满五年唯一,349万,50267元/平,底层 (共6层) 2室1厅 | 69.43平米 | 东 西,https://ke-image.ljcdn.com/110000-inspection/24f4b6d8-6dd6-454c-92c2-5af7d162d24c_1000.jpg!m_fill,w_280,h_210,f_jpg?from=ke.com
20240221,丰台,木樨园,101121745957,三环边  半地下精装修两居室  马公庄房主自荐,198万,35358元/平,地下室 (共6层) 2室1厅 | 56平米 | 南 北,https://ke-image.ljcdn.com/110000-inspection/2ccc0637-7188-4e34-8a1c-4d334278eb66_1000.jpg!m_fill,w_280,h_210,f_jpg?from=ke.com
20240221,丰台,木樨园,101121730628,三环里南北通透楼层好满五唯一房主自荐,303万,52305元/平,中楼层 (共6层) 2室1厅 | 57.93平米 | 南 北,https://ke-image.ljcdn.com/110000-inspection/b212a53c-ceda-468e-8501-8c7c7a7bbfb7_1000.jpg!m_fill,w_280,h_210,f_jpg?from=ke.com
20240221,丰台,木樨园,101121718042,南三环  朝南正规一居室  交通方便 电梯房,198万,45309元/平,高楼层 (共15层) 1室1厅 | 43.7平米 | 南,https://ke-image.ljcdn.com/110000-inspection/099c0e13-3683-422a-9b76-257e386db804_1000.jpg!m_fill,w_280,h_210,f_jpg?from=ke.com
20240221,丰台,木樨园,101121706748,南三环 东北大三居 精装修 交通方便,710万,50556元/平,高楼层 (共25层) | 2005年 | 3室2厅 | 140.44平米 | 东北,https://ke-image.ljcdn.com/110000-inspection/7dcde5fa-22f4-4670-a40f-72e9f35a0788_1000.jpg!m_fill,w_280,h_210,f_jpg?from=ke.com
20240221,丰台,木樨园,101121654838,交通便利购物方便诚意出售。,630万,61917元/平,低楼层 (共24层) | 2006年 | 2室1厅 | 101.75平米 | 东 南,https://ke-image.ljcdn.com/110000-inspection/44cac179-0025-4d10-a24a-5596e0c076cd_1000.jpg!m_fill,w_280,h_210,f_jpg?from=ke.com
20240221,丰台,木樨园,101121639832,东罗园  南北通透 低楼层 诚心出售,252万,49480元/平,低楼层 (共6层) | 1987年 | 2室1厅 | 50.93平米 | 南 北,https://ke-image.ljcdn.com/110000-inspection/d5ef6054-66c2-48dd-b511-e5232a943ad5_1000.jpg!m_fill,w_280,h_210,f_jpg?from=ke.com
20240221,丰台,木樨园,101121636789,慧时欣园二期 都市绿洲  精装修两居室,650万,63670元/平,高楼层 (共24层) 2室2厅 | 102.09平米 | 东南,https://ke-image.ljcdn.com/110000-inspection/fadecf32-1848-4e0b-b9a5-d3a2606739dd_1000.jpg!m_fill,w_280,h_210,f_jpg?from=ke.com
20240221,丰台,木樨园,101121592291,赵公口小区南北通透两居  户型方正有客厅,328万,54768元/平,低楼层 (共6层) | 1993年 | 2室1厅 | 59.89平米 | 南 北,https://ke-image.ljcdn.com/110000-inspection/02d99efe-e06f-452d-9337-404abb9966e8_1000.jpg!m_fill,w_280,h_210,f_jpg?from=ke.com
20240221,丰台,木樨园,101121553866,东木樨园 三环里 精装婚房 满五唯一 钢混 8号线房主自荐,305万,47881元/平,低楼层 (共9层) 2室1厅 | 63.7平米 | 东北,https://ke-image.ljcdn.com/110000-inspection/pc1_x1W7AY396_1.jpg!m_fill,w_280,h_210,f_jpg?from=ke.com
20240221,丰台,木樨园,101121528233,定安西里 正规两居室 精装修 中间楼层 配套成熟,289万,64366元/平,中楼层 (共6层) 2室1厅 | 44.9平米 | 东南 北,https://ke-image.ljcdn.com/110000-inspection/1a9cc7f4-1a26-498a-a184-553edf53e392_1000.jpg!m_fill,w_280,h_210,f_jpg?from=ke.com
20240221,丰台,木樨园,101121526643,宣祥家园 1室1厅 东房主自荐,315万,49654元/平,中楼层 (共26层) 1室1厅 | 63.44平米 | 东,https://ke-image.ljcdn.com/110000-inspection/6501c042-7842-4023-8e1a-88397b51e308_1000.jpg!m_fill,w_280,h_210,f_jpg?from=ke.com
20240221,丰台,木樨园,101121469789,南三环  田字格南北三居室  中间楼层 交通方便。,380万,53356元/平,中楼层 (共5层) 3室1厅 | 71.22平米 | 南 北,https://ke-image.ljcdn.com/110000-inspection/e846a56c-9dc1-4d07-9700-21acf2da668e_1000.jpg!m_fill,w_280,h_210,f_jpg?from=ke.com
20240221,丰台,木樨园,101121407333,满五唯一交通便利视野开阔购物方便。房主自荐,286万,47707元/平,低楼层 (共24层) 1室1厅 | 59.95平米 | 东,https://ke-image.ljcdn.com/110000-inspection/4db2c4f0-045f-402b-8f4f-dabcce12dc35_1000.jpg!m_fill,w_280,h_210,f_jpg?from=ke.com
20240221,丰台,木樨园,101121342173,南三环木樨园两居室 大客厅 交通便利 诚心出售房主自荐,399万,53723元/平,高楼层 (共17层) 2室1厅 | 74.27平米 | 东北,https://ke-image.ljcdn.com/110000-inspection/pc1_XqLin4a5F_1.jpg!m_fill,w_280,h_210,f_jpg?from=ke.com
20240221,丰台,木樨园,101121336300,远中悦麒  2006年商品房  东向正规一居室 满五年唯一房主自荐,325万,53036元/平,高楼层 (共24层) 1室1厅 | 61.28平米 | 东,https://ke-image.ljcdn.com/110000-inspection/pc1_LL8PX7hQS.jpg!m_fill,w_280,h_210,f_jpg?from=ke.com
20240221,丰台,木樨园,101121281685,刘家窑地铁附近赵公口南北通透一居室,260万,58638元/平,高楼层 (共6层) 1室1厅 | 44.34平米 | 南 北,https://ke-image.ljcdn.com/110000-inspection/d1bbc9dc-6630-4993-959d-9f005c8d676c_1000.jpg!m_fill,w_280,h_210,f_jpg?from=ke.com
20240221,丰台,木樨园,101121274186,南三环光彩北路8号院 西南大三居室 采光好户型格局棒,650万,62918元/平,低楼层 (共21层) | 1998年 | 3室1厅 | 103.31平米 | 西南,https://ke-image.ljcdn.com/110000-inspection/e892396b-582e-49ee-a83e-3a65ba1dc512_1000.jpg!m_fill,w_280,h_210,f_jpg?from=ke.com
20240221,丰台,木樨园,101121272292,地铁两居室满五年唯一住宅业主诚心出售房主自荐,295万,41144元/平,顶层 (共9层) | 1995年 | 2室1厅 | 71.7平米 | 东南,https://ke-image.ljcdn.com/110000-inspection/pc1_AGGJmFh2F.jpg!m_fill,w_280,h_210,f_jpg?from=ke.com
20240221,丰台,木樨园,101121270615,冠军楼 3室1厅 西南,610万,59046元/平,低楼层 (共21层) | 1998年 | 3室1厅 | 103.31平米 | 西南,https://ke-image.ljcdn.com/110000-inspection/903f6dfc-3537-426c-9170-18fbc804ff94_1000.jpg!m_fill,w_280,h_210,f_jpg?from=ke.com
20240221,丰台,木樨园,101121205886,马公庄 南北向两居室 采光无遮挡,249万,45273元/平,高楼层 (共6层) | 1988年 | 2室1厅 | 55平米 | 南 北,https://ke-image.ljcdn.com/110000-inspection/931113a6-8fae-4bc0-be88-4b43f7b62085_1000.jpg!m_fill,w_280,h_210,f_jpg?from=ke.com
20240221,丰台,木樨园,101121192797,东木樨园小区 南向 交通便利 近地铁,210万,48354元/平,高楼层 (共6层) 1室1厅 | 43.43平米 | 南,https://ke-image.ljcdn.com/110000-inspection/6ed23e55-c82b-406c-82f5-0f5bceef764e_1000.jpg!m_fill,w_280,h_210,f_jpg?from=ke.com
20240221,丰台,木樨园,101121189785,赵公口小区西南正规三居   随时看随时签房主自荐,460万,56304元/平,低楼层 (共21层) 3室1厅 | 81.7平米 | 西南,https://ke-image.ljcdn.com/110000-inspection/16be01c6-4b98-448c-8144-6652ad6e081f_1000.jpg!m_fill,w_280,h_210,f_jpg?from=ke.com
20240221,丰台,木樨园,101121139410,慧时欣园二期 正规一居 地铁10号线 2万平花园房主自荐,415万,68983元/平,高楼层 (共24层) 1室1厅 | 60.16平米 | 西南,https://ke-image.ljcdn.com/110000-inspection/dd8873a9-bf63-4465-8193-86350612c178_1000.jpg!m_fill,w_280,h_210,f_jpg?from=ke.com
20240221,丰台,木樨园,101121114986,停车位充足下楼就是地铁自带2万平米花园,560万,51091元/平,中楼层 (共25层) | 2001年 | 3室1厅 | 109.61平米 | 东北,https://ke-image.ljcdn.com/110000-inspection/2a57edf1-3bb1-4dd2-b962-0f3a6551ec82_1000.jpg!m_fill,w_280,h_210,f_jpg?from=ke.com
20240221,丰台,木樨园,101121098593,正规三居室 看房方便 电梯房 满五唯一,520万,50545元/平,中楼层 (共21层) | 1998年 | 3室1厅 | 102.88平米 | 西北,https://ke-image.ljcdn.com/110000-inspection/d99f7311-5177-4561-ac68-22c8480bbcce_1000.jpg!m_fill,w_280,h_210,f_jpg?from=ke.com
20240221,丰台,木樨园,101121081688,下楼就是地铁停车位比较充足自带2万平米花园,530万,59585元/平,中楼层 (共25层) | 2001年 | 2室1厅 | 88.95平米 | 西南,https://ke-image.ljcdn.com/110000-inspection/c94fd200-2b45-4542-913f-7148971db381_1000.jpg!m_fill,w_280,h_210,f_jpg?from=ke.com
20240221,丰台,木樨园,101121049316,东木樨园 南北通透2居精装修地铁8号线木樨园站房主自荐,305万,50132元/平,高楼层 (共6层) 2室1厅 | 60.84平米 | 南 北,https://ke-image.ljcdn.com/110000-inspection/50e35bb8-e160-4561-b768-c195dec44fa6_1000.jpg!m_fill,w_280,h_210,f_jpg?from=ke.com
20240221,丰台,木樨园,101121026475,东木樨园通透户型两居楼层采光好交通便捷生活方便房主自荐,329万,50538元/平,顶层 (共9层) | 1995年 | 2室1厅 | 65.1平米 | 东 西,https://ke-image.ljcdn.com/110000-inspection/c10fee20-611b-4c98-878a-0d7fc256416b_1000.jpg!m_fill,w_280,h_210,f_jpg?from=ke.com
20240221,丰台,木樨园,101121025541,三环边交通便捷远中悦麒一居室出售,215万,48687元/平,高楼层 (共24层) | 2006年 | 1室0厅 | 44.16平米 | 北,https://ke-image.ljcdn.com/110000-inspection/73a22d7d-a073-47d0-885b-65b8a6be18ab_1000.jpg!m_fill,w_280,h_210,f_jpg?from=ke.com
20240221,丰台,木樨园,101121016004,慧时欣园一期 精装修 交通便利,375万,51427元/平,中楼层 (共25层) 1室1厅 | 72.92平米 | 西南,https://ke-image.ljcdn.com/110000-inspection/764b6c09-081a-408d-a479-3f8f12b37df4_1000.jpg!m_fill,w_280,h_210,f_jpg?from=ke.com
20240221,丰台,木樨园,101120960350,三环内 定安西里 南北通透 好楼层 好户型 急售房源,335万,53859元/平,低楼层 (共6层) 3室1厅 | 62.2平米 | 南 西 北,https://ke-image.ljcdn.com/110000-inspection/e0a22023-2d8b-4495-b5aa-40eb9da1e07d_1000.jpg!m_fill,w_280,h_210,f_jpg?from=ke.com
20240221,丰台,木樨园,101120954303,三环里 木樨园  带电梯两居室 户型方正 地铁8号线,240万,47809元/平,高楼层 (共15层) 2室1厅 | 50.2平米 | 东,https://ke-image.ljcdn.com/110000-inspection/pc1_iz7MrTeem_2.jpg!m_fill,w_280,h_210,f_jpg?from=ke.com
20240221,丰台,木樨园,101120891906,房子是正规一居室格局 满五年 中间楼层 不临街,338万,50261元/平,中楼层 (共16层) | 2007年 | 1室1厅 | 67.25平米 | 南 北,https://ke-image.ljcdn.com/110000-inspection/pc1_lMmiuF5H6_2.jpg!m_fill,w_280,h_210,f_jpg?from=ke.com
20240221,丰台,木樨园,101120879045,三环里 电梯直达 一居室 看房方便 业主诚意出售,265万,52063元/平,中楼层 (共9层) | 1995年 | 1室1厅 | 50.9平米 | 东南,https://ke-image.ljcdn.com/110000-inspection/e2bcb6dc-a8e7-4831-96fb-d4c5793fbd2d_1000.jpg!m_fill,w_280,h_210,f_jpg?from=ke.com
20240221,丰台,木樨园,101120835954,楼层好视野开阔采光充足交通便利,318万,49456元/平,顶层 (共9层) 2室1厅 | 64.3平米 | 西南,https://ke-image.ljcdn.com/110000-inspection/pc1_I9q6EV6Nh_1.jpg!m_fill,w_280,h_210,f_jpg?from=ke.com
20240221,丰台,木樨园,101120760448,南三环  全南正规一居室 中间楼层 交通方便,209万,47393元/平,中楼层 (共6层) 1室1厅 | 44.1平米 | 南,https://ke-image.ljcdn.com/110000-inspection/cab05b48-aff9-459a-aa47-463d0c13f686_1000.jpg!m_fill,w_280,h_210,f_jpg?from=ke.com
20240221,丰台,木樨园,101120718292,东木樨园南北向三居室诚心出售,445万,52539元/平,低楼层 (共9层) | 1995年 | 3室1厅 | 84.7平米 | 南 北,https://ke-image.ljcdn.com/110000-inspection/15fc7e27-94c3-450c-a758-60646a999ec5_1000.jpg!m_fill,w_280,h_210,f_jpg?from=ke.com
20240221,丰台,木樨园,101120704103,三环内1996年楼龄东木樨园小区。,235万,50171元/平,顶层 (共6层) 2室1厅 | 46.84平米 | 南 北,https://ke-image.ljcdn.com/110000-inspection/8862f9fa-93a2-43ae-9847-0aeda1427367_1000.jpg!m_fill,w_280,h_210,f_jpg?from=ke.com
20240221,丰台,木樨园,101120665373,赵公口小区 2室1厅 南,325万,53613元/平,低楼层 (共6层) 2室1厅 | 60.62平米 | 南,https://ke-image.ljcdn.com/110000-inspection/d1d8510b-4caa-4157-9d42-70f5e1179339_1000.jpg!m_fill,w_280,h_210,f_jpg?from=ke.com
20240221,丰台,木樨园,101120661047,南三环中路 93年电梯房 三居室 满五年 适合改善居住,450万,56898元/平,中楼层 (共16层) 3室1厅 | 79.09平米 | 东南,https://ke-image.ljcdn.com/110000-inspection/pc1_sMZPdrPU3_1.jpg!m_fill,w_280,h_210,f_jpg?from=ke.com
20240221,丰台,木樨园,101120658108,木樨园  2005年楼龄 带电梯 带小区环境,295万,46188元/平,高楼层 (共24层) | 2004年 | 1室1厅 | 63.87平米 | 西,https://ke-image.ljcdn.com/110000-inspection/af34cca4-a4b3-4de2-b927-78246c89e55e_1000.jpg!m_fill,w_280,h_210,f_jpg?from=ke.com
20240221,丰台,木樨园,101120611094,南三环  朝东二居室  中间楼层 交通便利,259万,43899元/平,中楼层 (共6层) | 1988年 | 2室1厅 | 59平米 | 东,https://ke-image.ljcdn.com/110000-inspection/pc1_RPURbQWuQ_1.jpg!m_fill,w_280,h_210,f_jpg?from=ke.com
20240221,丰台,木樨园,101120608411,赵公口小区 南北通透两居室 满五年唯一 两居室带客厅,330万,47771元/平,顶层 (共6层) 2室1厅 | 69.08平米 | 南 北,https://ke-image.ljcdn.com/110000-inspection/eb187388-5752-41ee-a886-f6639be7e201_1000.jpg!m_fill,w_280,h_210,f_jpg?from=ke.com
20240221,丰台,木樨园,101120598846,东木樨园 全南向1居 地铁8号线木樨园站 满五年,229万,53022元/平,顶层 (共6层) 1室1厅 | 43.19平米 | 南,https://ke-image.ljcdn.com/110000-inspection/52b4848f-8333-45b9-b874-ce8562d38858_1000.jpg!m_fill,w_280,h_210,f_jpg?from=ke.com
20240221,丰台,木樨园,101120584152,三环里  木樨园八号线地铁  05年小区   高楼层无遮挡,315万,49319元/平,高楼层 (共24层) | 2005年 | 1室1厅 | 63.87平米 | 西,https://ke-image.ljcdn.com/110000-inspection/pc1_R0Mz9587c_1.jpg!m_fill,w_280,h_210,f_jpg?from=ke.com
20240221,丰台,木樨园,101120487774,慧时欣园一期 西南两居 满五年 高楼层 门口地铁10号线,550万,56901元/平,中楼层 (共25层) | 2001年 | 2室1厅 | 96.66平米 | 西南,https://ke-image.ljcdn.com/110000-inspection/24c2ee66-9063-43cc-ada8-55c022df21f2_1000.jpg!m_fill,w_280,h_210,f_jpg?from=ke.com
20240221,丰台,木樨园,101120340519,南三环马公庄南北通透两居室出售。,245万,44465元/平,中楼层 (共6层) | 1988年 | 2室1厅 | 55.1平米 | 南 北,https://ke-image.ljcdn.com/110000-inspection/b7d42630-d490-42c1-9b59-f6aad7879112_1000.jpg!m_fill,w_280,h_210,f_jpg?from=ke.com
20240221,丰台,木樨园,101120248225,光彩北路8号院全南三居室诚意出售,650万,64192元/平,低楼层 (共21层) | 1998年 | 3室1厅 | 101.26平米 | 东南 南,https://ke-image.ljcdn.com/110000-inspection/43275484-bf62-49c1-9574-188d06e2fd4d_1000.jpg!m_fill,w_280,h_210,f_jpg?from=ke.com
20240221,丰台,木樨园,101120242512,慧时欣园二期 花园社区 全南两居室,688万,64614元/平,中楼层 (共24层) | 2004年 | 2室1厅 | 106.48平米 | 南,https://ke-image.ljcdn.com/110000-inspection/080d68ab-767e-48c8-92ec-e96ca92a73c9_1000.jpg!m_fill,w_280,h_210,f_jpg?from=ke.com
20240221,丰台,木樨园,101120229312,赵公口小区 新上高楼层两居室 东南从朝向 采光好,360万,54291元/平,高楼层 (共21层) 2室1厅 | 66.31平米 | 东南,https://ke-image.ljcdn.com/110000-inspection/412dc16c-203b-4785-b8a3-82334020a923_1000.jpg!m_fill,w_280,h_210,f_jpg?from=ke.com
20240221,丰台,木樨园,101120131714,三环内 满五唯一 不临街 南向 中间层一居室,228万,59068元/平,中楼层 (共6层) | 1980年 | 1室1厅 | 38.6平米 | 南,https://ke-image.ljcdn.com/110000-inspection/c881416f-ee97-4c1d-bc94-9c6719bd4ab5_1000.jpg!m_fill,w_280,h_210,f_jpg?from=ke.com
20240221,丰台,木樨园,101120120971,南三环 光彩北路8号院 两居室 电梯直达 小区安静,495万,55851元/平,中楼层 (共21层) | 1998年 | 2室1厅 | 88.63平米 | 西南,https://ke-image.ljcdn.com/110000-inspection/0f52d47b-765f-4b2b-accd-d09226385607_1000.jpg!m_fill,w_280,h_210,f_jpg?from=ke.com
20240221,丰台,木樨园,101120119120,远中悦麒 赵公口桥西两居室 商品房70年产权 诚意出售,521万,56606元/平,高楼层 (共24层) 2室1厅 | 92.04平米 | 东北,https://ke-image.ljcdn.com/110000-inspection/pc1_X9XFml3JA.jpg!m_fill,w_280,h_210,f_jpg?from=ke.com
20240221,丰台,木樨园,101119998801,东木樨园东西向两居室满五唯一诚心出售,360万,55300元/平,中楼层 (共9层) | 1995年 | 2室1厅 | 65.1平米 | 东 西,https://ke-image.ljcdn.com/110000-inspection/pc1_BqPNrkqLP_1.jpg!m_fill,w_280,h_210,f_jpg?from=ke.com
20240221,丰台,木樨园,101119922678,马公庄全南向两居室出售采光好,288万,56250元/平,中楼层 (共6层) 2室1厅 | 51.2平米 | 南,https://ke-image.ljcdn.com/110000-inspection/669ffee9-dcda-4568-bc9b-d90452a4572f_1000.jpg!m_fill,w_280,h_210,f_jpg?from=ke.com
20240221,丰台,木樨园,101119893720,马公庄 业主诚心出售 看房方便,210万,47620元/平,中楼层 (共15层) 1室1厅 | 44.1平米 | 南,https://ke-image.ljcdn.com/110000-inspection/827c7f0d-68bb-4546-87c9-50f5a071167f_1000.jpg!m_fill,w_280,h_210,f_jpg?from=ke.com
20240221,丰台,木樨园,101119877222,三环里 96年钢混带电梯 正规一居室 东木樨园,245万,48805元/平,低楼层 (共15层) 1室1厅 | 50.2平米 | 东,https://ke-image.ljcdn.com/110000-inspection/pc1_CO4yCCL2y_1.jpg!m_fill,w_280,h_210,f_jpg?from=ke.com
20240221,丰台,木樨园,101119676040,南三环马公庄 南北向两居室 诚心出售 交通方便 带电梯房主自荐,300万,52448元/平,高楼层 (共15层) 2室1厅 | 57.2平米 | 南 北,https://ke-image.ljcdn.com/110000-inspection/6b9a510b-3c3b-4ba5-a5e0-0f2497e44ba7_1000.jpg!m_fill,w_280,h_210,f_jpg?from=ke.com
20240221,丰台,木樨园,101119523029,慧时欣园二期 刘家窑商圈 都市绿洲,768万,54276元/平,高楼层 (共24层) 3室2厅 | 141.5平米 | 南 北 西,https://ke-image.ljcdn.com/110000-inspection/d1142bf5-3278-4d35-9ba5-7c4b0e3fe609_1000.jpg!m_fill,w_280,h_210,f_jpg?from=ke.com
20240221,丰台,木樨园,101119484314,下楼就是地铁停车位充足自带2万平米花园,695万,66976元/平,高楼层 (共20层) 2室1厅 | 103.77平米 | 南,https://ke-image.ljcdn.com/110000-inspection/e01f0b01-f9bb-4ba2-a61f-bed00cf60494_1000.jpg!m_fill,w_280,h_210,f_jpg?from=ke.com
20240221,丰台,木樨园,101119405921,此房满五唯一高楼层采光好视野好,760万,54811元/平,高楼层 (共27层) | 2003年 | 3室1厅 | 138.66平米 | 南 北 东,https://ke-image.ljcdn.com/110000-inspection/a9e1c78d-d566-4a80-bf35-5194a554a445_1000.jpg!m_fill,w_280,h_210,f_jpg?from=ke.com
20240221,丰台,木樨园,101119389097,慧时欣园二期不临街南北双卫两居,730万,65867元/平,中楼层 (共26层) | 2003年 | 2室1厅 | 110.83平米 | 南 北,https://ke-image.ljcdn.com/110000-inspection/68cc3656-999f-4ef1-b465-6dc7b58ba638_1000.jpg!m_fill,w_280,h_210,f_jpg?from=ke.com
20240221,丰台,木樨园,101119158635,总监推荐业主急售西南三居室采光好近地铁。房主自荐,730万,45160元/平,中楼层 (共27层) 3室1厅 | 161.65平米 | 西南,https://ke-image.ljcdn.com/110000-inspection/pc1_aeWGhRFzz_1.jpg!m_fill,w_280,h_210,f_jpg?from=ke.com
20240221,丰台,木樨园,101119069716,慧时欣园二期   精装两居室   视野开阔   车位充足房主自荐,628万,61515元/平,顶层 (共24层) 2室2厅 | 102.09平米 | 东南,https://ke-image.ljcdn.com/110000-inspection/b3292526-584a-461c-9a61-7d92d2b85f76_1000.jpg!m_fill,w_280,h_210,f_jpg?from=ke.com
20240221,丰台,木樨园,101119006257,赵公口小区  南北通透2居室  低楼层,349万,58332元/平,底层 (共6层) 2室1厅 | 59.83平米 | 东 南 北,https://ke-image.ljcdn.com/110000-inspection/e0cd92da-5989-4036-819c-96e25f7fcf08_1000.jpg!m_fill,w_280,h_210,f_jpg?from=ke.com
20240221,丰台,木樨园,101118989108,木樨园桥东南角 自然美两居室诚意出售,498万,46704元/平,中楼层 (共25层) 2室1厅 | 106.63平米 | 西,https://ke-image.ljcdn.com/110000-inspection/dc681019-f062-48e6-a56e-c74952d77491_1000.jpg!m_fill,w_280,h_210,f_jpg?from=ke.com
20240221,丰台,木樨园,101118916623,丰台区 南三环中路 南北 低楼层两居室 满五年成本价,310万,51753元/平,低楼层 (共6层) 2室1厅 | 59.9平米 | 南 北,https://ke-image.ljcdn.com/110000-inspection/pc1_TfDjZXyQX_1.jpg!m_fill,w_280,h_210,f_jpg?from=ke.com
20240221,丰台,木樨园,101118748337,三环边赵公口 电力局宿舍 双卧朝南双阳台 户型方正,355万,50191元/平,中楼层 (共6层) | 1998年 | 2室1厅 | 70.73平米 | 南,https://ke-image.ljcdn.com/110000-inspection/83c78a41-1f9b-4a44-9a59-0fe481cb89b5_1000.jpg!m_fill,w_280,h_210,f_jpg?from=ke.com
20240221,丰台,木樨园,101118632255,远中悦麒 2006年商品房 北向正规一居室,310万,57858元/平,低楼层 (共24层) 1室1厅 | 53.58平米 | 北,https://ke-image.ljcdn.com/110000-inspection/6051e500-a703-4eaa-a2cc-77aec6c074b1_1000.jpg!m_fill,w_280,h_210,f_jpg?from=ke.com
20240221,丰台,木樨园,101118456348,双城公寓大两居室近地铁交通便捷生活购物方便,600万,41970元/平,低楼层 (共27层) | 1999年 | 3室1厅 | 142.96平米 | 西北,https://ke-image.ljcdn.com/110000-inspection/b8f6e6ca-3a02-48ba-af15-7a44dc035ffe_1000.jpg!m_fill,w_280,h_210,f_jpg?from=ke.com
20240221,丰台,木樨园,101118351209,车位充足下楼就是地铁小区自带2万平米花园,848万,58943元/平,中楼层 (共24层) 3室1厅 | 143.87平米 | 南 北,https://ke-image.ljcdn.com/110000-inspection/b3590da9-3bb1-4f7f-bfc2-6f337737151c_1000.jpg!m_fill,w_280,h_210,f_jpg?from=ke.com
20240221,丰台,木樨园,101118289347,光彩北路8号院  市委体委楼 带电梯,473万,53153元/平,高楼层 (共21层) | 1998年 | 2室1厅 | 88.99平米 | 东南,https://ke-image.ljcdn.com/110000-inspection/c29ee936-1df7-49a9-afa5-e3db5107847a_1000.jpg!m_fill,w_280,h_210,f_jpg?from=ke.com
20240221,丰台,木樨园,101118269787,慧时欣园二期 精装修 花园社区房主自荐,620万,62019元/平,低楼层 (共24层) 2室1厅 | 99.97平米 | 东南,https://ke-image.ljcdn.com/110000-inspection/03bd8aed-3c61-4e29-a2a9-99755d72a30f_1000.jpg!m_fill,w_280,h_210,f_jpg?from=ke.com
20240221,丰台,木樨园,101118243618,南木樨园 西向两居室 满五年商品房,315万,58291元/平,低楼层 (共16层) 2室1厅 | 54.04平米 | 西,https://ke-image.ljcdn.com/110000-inspection/1bcc43f4-a98f-4a52-93c3-89060105ccb5_1000.jpg!m_fill,w_280,h_210,f_jpg?from=ke.com
20240221,丰台,木樨园,101117951475,次顶层下楼就是地铁自带2万平米花园,525万,54315元/平,高楼层 (共25层) | 2001年 | 2室1厅 | 96.66平米 | 西南,https://ke-image.ljcdn.com/110000-inspection/d6e2f53d-82c4-451f-b2d6-4c1f75bcc483_1000.jpg!m_fill,w_280,h_210,f_jpg?from=ke.com
20240221,丰台,木樨园,101117916804,2005年建成 三环里 正规两居室 满五年唯一,365万,50907元/平,高楼层 (共26层) 2室1厅 | 71.7平米 | 东北,https://ke-image.ljcdn.com/110000-inspection/pc1_NFAvelqzb_1.jpg!m_fill,w_280,h_210,f_jpg?from=ke.com
20240221,丰台,木樨园,101117694989,慧时欣园二期次新房西南大三居落地窗交通便利,808万,56315元/平,低楼层 (共24层) 3室2厅 | 143.48平米 | 西南,https://ke-image.ljcdn.com/110000-inspection/bd816536-79c5-4d46-a24b-b097a0090a5c_1000.jpg!m_fill,w_280,h_210,f_jpg?from=ke.com
20240221,丰台,木樨园,101117613699,慧时欣园二期  精装 都市绿洲,828万,57709元/平,低楼层 (共24层) 3室1厅 | 143.48平米 | 南 北,https://ke-image.ljcdn.com/110000-inspection/c8394314-6f27-4ac6-8d26-005d2af5dc79_1000.jpg!m_fill,w_280,h_210,f_jpg?from=ke.com
20240221,丰台,木樨园,101117541028,自然美 南三环 高楼层 看房提前预约 产权清晰,500万,46156元/平,高楼层 (共25层) 2室1厅 | 108.33平米 | 东北,https://ke-image.ljcdn.com/110000-inspection/5a2866d3-1ff6-4e39-9d06-5ee354a1be08_1000.jpg!m_fill,w_280,h_210,f_jpg?from=ke.com
20240221,丰台,木樨园,101114125197,南三环赵公口刘家窑精装修两居带电梯房主自荐,336万,53838元/平,低楼层 (共21层) 2室1厅 | 62.41平米 | 东南,https://ke-image.ljcdn.com/110000-inspection/ea427e6a-532d-4a72-9a2e-36d342dc8658_1000.jpg!m_fill,w_280,h_210,f_jpg?from=ke.com
20240221,丰台,木樨园,101122824200,南曦大厦  南三环  带电梯 2004年,568万,48144元/平,中楼层 (共22层) 2室1厅 | 117.98平米 | 西,https://ke-image.ljcdn.com/110000-inspection/pc1_wtWB6MLpi.jpg!m_fill,w_280,h_210,f_jpg?from=ke.com
20240221,丰台,木樨园,101122794884,丰台区  东罗园  教委教师楼,265万,51708元/平,低楼层 (共6层) 2室1厅 | 51.25平米 | 南 北,https://ke-image.ljcdn.com/110000-inspection/12e937c9-2fe4-498e-80b5-43aa569d8c72_1000.jpg!m_fill,w_280,h_210,f_jpg?from=ke.com
20240221,丰台,木樨园,101122793799,赵公口小区 三环边 刘家窑 南边通透中间楼层两居室,312万,44918元/平,中楼层 (共6层) | 1998年 | 2室1厅 | 69.46平米 | 南 北,https://ke-image.ljcdn.com/110000-inspection/d59cbb20-6304-43b9-82e8-b46cf0c15285_1000.jpg!m_fill,w_280,h_210,f_jpg?from=ke.com
20240221,丰台,木樨园,101122784823,双城公寓  三环内 中信集团单位分房 地铁8号线木樨园,678万,46801元/平,中楼层 (共27层) 3室1厅 | 144.87平米 | 西南,https://ke-image.ljcdn.com/110000-inspection/43960a46-ffa1-47b3-b9ce-27554917bc61_1000.jpg!m_fill,w_280,h_210,f_jpg?from=ke.com
20240221,丰台,木樨园,101122771226,南三环  南北精装修带客厅二居室交通方便采光好,278万,43849元/平,高楼层 (共6层) 2室1厅 | 63.4平米 | 南 北,https://ke-image.ljcdn.com/110000-inspection/02962fd8-44c4-4f37-bfb5-fa5a38e894e9_1000.jpg!m_fill,w_280,h_210,f_jpg?from=ke.com
20240221,丰台,木樨园,101122754636,刘家窑 赵公口 93年电梯房 南三环中路69号,330万,55120元/平,低楼层 (共16层) 2室1厅 | 59.87平米 | 西北,https://ke-image.ljcdn.com/110000-inspection/8ec98cde-f04a-402c-9ae1-d43ed9b17f10_1000.jpg!m_fill,w_280,h_210,f_jpg?from=ke.com
20240221,丰台,木樨园,101122750932,南三环刘家窑宋家庄大红门石榴庄精装修带电梯车位充足,535万,55349元/平,底层 (共25层) | 2001年 | 2室1厅 | 96.66平米 | 东南,https://ke-image.ljcdn.com/110000-inspection/pc1_89ZaA2Zmn_1.jpg!m_fill,w_280,h_210,f_jpg?from=ke.com
20240221,丰台,木樨园,101122738300,交通便利购物方便采光好视野好,642万,63239元/平,高楼层 (共24层) 2室1厅 | 101.52平米 | 西南,https://ke-image.ljcdn.com/110000-inspection/f5104ba0-96a3-4ad3-b792-a36b493ebc5d_1000.jpg!m_fill,w_280,h_210,f_jpg?from=ke.com
20240221,丰台,木樨园,101122723110,三环边  南北通透两居室 马公庄小区,339万,53219元/平,高楼层 (共15层) 2室1厅 | 63.7平米 | 南 北,https://ke-image.ljcdn.com/110000-inspection/54fe6a6c-901a-4d12-a1c0-6cd40988f920_1000.jpg!m_fill,w_280,h_210,f_jpg?from=ke.com
20240221,丰台,木樨园,101122723018,南三环 2006年商品房  远中悦麒,288万,45462元/平,低楼层 (共24层) | 2006年 | 1室1厅 | 63.35平米 | 西,https://ke-image.ljcdn.com/110000-inspection/9a544eb6-fd5a-4836-b858-d0bb1ac37b4d_1000.jpg!m_fill,w_280,h_210,f_jpg?from=ke.com
20240221,丰台,木樨园,101122718437,远中悦麒带电梯一居室诚意出售。房主自荐,185万,49176元/平,低楼层 (共24层) | 2006年 | 1室0厅 | 37.62平米 | 北,https://ke-image.ljcdn.com/110000-inspection/305fa217-0563-4751-b58b-259244931fe9_1000.jpg!m_fill,w_280,h_210,f_jpg?from=ke.com
20240221,丰台,木樨园,101122717872,停车位充足下楼就是地铁自带2万平米花园,799万,67438元/平,高楼层 (共26层) | 2003年 | 2室1厅 | 118.48平米 | 南,https://ke-image.ljcdn.com/110000-inspection/29c3d55c-44c5-40b1-83e3-c60c3290c0ab_1000.jpg!m_fill,w_280,h_210,f_jpg?from=ke.com
20240221,丰台,木樨园,101122711909,满五唯一 精装拎包入住 南北通透不临街 8号线交通方便,350万,47946元/平,顶层 (共9层) | 1995年 | 2室1厅 | 73平米 | 南 北,https://ke-image.ljcdn.com/110000-inspection/2bf1cd8b-04f7-469d-bbeb-962e3c1ddb15_1000.jpg!m_fill,w_280,h_210,f_jpg?from=ke.com
20240221,丰台,木樨园,101122710526,三环内 满五唯一 使用率高 好楼层 诚意出售 近地铁,256万,49991元/平,中楼层 (共6层) 2室1厅 | 51.21平米 | 东 南,https://ke-image.ljcdn.com/110000-inspection/78e9835e-62b8-4218-ad6b-31f195c0d225_1000.jpg!m_fill,w_280,h_210,f_jpg?from=ke.com
20240221,丰台,木樨园,101122660064,定安西里 1室1厅 南,215万,54847元/平,顶层 (共6层) | 1980年 | 1室1厅 | 39.2平米 | 南,https://ke-image.ljcdn.com/110000-inspection/5c807a48-f36d-499b-99d6-83e06a2f3bf8_1000.jpg!m_fill,w_280,h_210,f_jpg?from=ke.com
20240221,丰台,木樨园,101122637202,马公庄满五唯一两居室诚意出售房主自荐,197万,38628元/平,顶层 (共6层) | 1988年 | 2室1厅 | 51平米 | 东北,https://ke-image.ljcdn.com/110000-inspection/pc1_XZzRSqdDM_1.jpg!m_fill,w_280,h_210,f_jpg?from=ke.com
20240221,丰台,木樨园,101122627052,定安西里 2室1厅 南 北,285万,51970元/平,顶层 (共6层) 2室1厅 | 54.84平米 | 南 北,https://ke-image.ljcdn.com/110000-inspection/65dd785d-0000-4ba4-9d6e-2ae94c5b12ba_1000.jpg!m_fill,w_280,h_210,f_jpg?from=ke.com
20240221,丰台,木樨园,101122625554,三环里 南向一居 高楼层电梯直达 随时看房 诚心出售,249万,53297元/平,顶层 (共16层) 1室1厅 | 46.72平米 | 南,https://ke-image.ljcdn.com/110000-inspection/872b2c23-9248-46b0-8eb8-0bcf8affb022_1000.jpg!m_fill,w_280,h_210,f_jpg?from=ke.com
20240221,丰台,木樨园,101122625167,此方户型好 小区环境好 业主诚心卖 楼层采光好,265万,58371元/平,高楼层 (共6层) 2室1厅 | 45.4平米 | 东南 北,https://ke-image.ljcdn.com/110000-inspection/fe0f87df-f8dd-494b-8393-e4f80422cf54_1000.jpg!m_fill,w_280,h_210,f_jpg?from=ke.com
20240221,丰台,木樨园,101122612463,慧时欣园二期  精装修 大通厅正对楼下花园房主自荐,626万,62959元/平,低楼层 (共27层) | 2003年 | 2室1厅 | 99.43平米 | 西 南,https://ke-image.ljcdn.com/110000-inspection/c92fe69c-c29b-4013-9bce-a78046636ffe_1000.jpg!m_fill,w_280,h_210,f_jpg?from=ke.com
20240221,丰台,木樨园,101122603511,定安西里一居 方正户型 满五一套 诚售,226万,67463元/平,底层 (共6层) 1室1厅 | 33.5平米 | 东,https://ke-image.ljcdn.com/110000-inspection/pc1_cKWKdPqIf_2.jpg!m_fill,w_280,h_210,f_jpg?from=ke.com
20240221,丰台,木樨园,101122575493,定安西里 3室1厅 南 北,360万,73171元/平,底层 (共6层) | 1988年 | 3室1厅 | 49.2平米 | 南 北,https://ke-image.ljcdn.com/110000-inspection/c0dadc80-9300-4dfb-a7d0-7277261bd030_1000.jpg!m_fill,w_280,h_210,f_jpg?from=ke.com
20240221,丰台,木樨园,101122565359,三环内 南北3居 满五年费用少 好户型 楼层好 近地铁,355万,52907元/平,中楼层 (共6层) 3室1厅 | 67.1平米 | 南 北,https://ke-image.ljcdn.com/110000-inspection/d1bca3bc-8910-4441-9fb0-7e4506f4f829_1000.jpg!m_fill,w_280,h_210,f_jpg?from=ke.com
20240221,丰台,木樨园,101122563615,南三环中路69号 2室1厅 南 西,350万,58005元/平,高楼层 (共16层) 2室1厅 | 60.34平米 | 南 西,https://ke-image.ljcdn.com/110000-inspection/pc1_LdBOmtUb5_2.jpg!m_fill,w_280,h_210,f_jpg?from=ke.com
20240221,丰台,木樨园,101122537729,慧时欣园二期 地铁10号线  刘家窑 赵公口区域,600万,59172元/平,低楼层 (共27层) 2室2厅 | 101.4平米 | 西南,https://ke-image.ljcdn.com/110000-inspection/e841b2db-cc02-4606-bec3-6ef778ada3eb_1000.jpg!m_fill,w_280,h_210,f_jpg?from=ke.com
20240221,丰台,木樨园,101122537176,三环内 刘家窑 近地铁 西南三居 满五唯一,305万,48413元/平,顶层 (共6层) 3室1厅 | 63平米 | 南 西,https://ke-image.ljcdn.com/110000-inspection/pc1_HSQHLBwaE_1.jpg!m_fill,w_280,h_210,f_jpg?from=ke.com
20240221,丰台,木樨园,101122536567,三环内 刘家窑 近地铁 低楼层 二居 业主诚心出售,299万,53109元/平,低楼层 (共6层) 2室1厅 | 56.3平米 | 东 西,https://ke-image.ljcdn.com/110000-inspection/98513369-0d61-4b8e-94fa-6727e2ff73ff_1000.jpg!m_fill,w_280,h_210,f_jpg?from=ke.com
20240221,丰台,木樨园,101122471200,南三环满五唯一精装修南北通透两居室近地铁,290万,48415元/平,高楼层 (共6层) | 1980年 | 2室0厅 | 59.9平米 | 南 北,https://ke-image.ljcdn.com/110000-inspection/8d78beb1-cb0b-4178-9049-c304464ee92b_1000.jpg!m_fill,w_280,h_210,f_jpg?from=ke.com
20240221,丰台,木樨园,101122449754,三环内东南两居室精装修满五年唯一房主自荐,548万,56449元/平,中楼层 (共27层) 2室1厅 | 97.08平米 | 东南,https://ke-image.ljcdn.com/110000-inspection/7a0ab395-b575-4ed7-b941-ab8bed684708_1000.jpg!m_fill,w_280,h_210,f_jpg?from=ke.com
20240221,丰台,木樨园,101122330114,满五唯一两室一厅南北通透带精装修明厨明卫,255万,54441元/平,顶层 (共6层) 2室1厅 | 46.84平米 | 南 北,https://ke-image.ljcdn.com/110000-inspection/pc1_uoJTCS9hd_1.jpg!m_fill,w_280,h_210,f_jpg?from=ke.com
20240221,丰台,木樨园,101122309223,三环里 东木樨园 带电梯钢混结构,329万,48669元/平,低楼层 (共9层) 2室1厅 | 67.6平米 | 东 东南,https://ke-image.ljcdn.com/110000-inspection/pc1_80C4pTCHJ_1.jpg!m_fill,w_280,h_210,f_jpg?from=ke.com
20240221,丰台,木樨园,101122229716,三环内 2007年小区 落地窗 西向1居 地铁5号线刘家窑,310万,52614元/平,高楼层 (共19层) | 2007年 | 1室0厅 | 58.92平米 | 西,https://ke-image.ljcdn.com/110000-inspection/pc1_3yUJklmkv_1.jpg!m_fill,w_280,h_210,f_jpg?from=ke.com
20240221,丰台,木樨园,101122191384,双城公寓 2室1厅 西北,549万,42958元/平,中楼层 (共27层) 2室1厅 | 127.8平米 | 西北,https://ke-image.ljcdn.com/110000-inspection/pc1_a8SEIpJjI_1.jpg!m_fill,w_280,h_210,f_jpg?from=ke.com
20240221,丰台,木樨园,101122091826,慧时欣园二期五室两厅双卫可注册办公,1050万,55813元/平,底层 (共27层) | 2003年 | 5室2厅 | 188.13平米 | 东南 北,https://ke-image.ljcdn.com/110000-inspection/a4f48fb1-df73-4471-ad82-506cc94912d9_1000.jpg!m_fill,w_280,h_210,f_jpg?from=ke.com
20240221,丰台,木樨园,101122058173,赵公口小区 供电局宿舍管理好 满五年唯一 明厨明卫房主自荐,352万,51485元/平,高楼层 (共6层) 2室1厅 | 68.37平米 | 南 北 东,https://ke-image.ljcdn.com/110000-inspection/pc1_aT6lWr5IX_1.jpg!m_fill,w_280,h_210,f_jpg?from=ke.com
20240221,丰台,木樨园,101122006885,慧时欣园一期 大三居 满五年唯一 小区门口地铁10号线,560万,51007元/平,中楼层 (共25层) | 2001年 | 3室1厅 | 109.79平米 | 东北,https://ke-image.ljcdn.com/110000-inspection/1115aa47-c50d-4f56-9a3e-11d0eabd79fc_1000.jpg!m_fill,w_280,h_210,f_jpg?from=ke.com
20240221,丰台,木樨园,101121862791,南三环 南北通透三居室 精装修  交通方便,648万,45484元/平,高楼层 (共22层) | 2004年 | 3室1厅 | 142.47平米 | 北 南 西,https://ke-image.ljcdn.com/110000-inspection/42b0a65b-50e6-413b-83bd-dfa3c5040a01_1000.jpg!m_fill,w_280,h_210,f_jpg?from=ke.com
20240221,丰台,木樨园,101121860463,三环里 东木樨园 满五唯一 诚意出售 看房方便,345万,50885元/平,高楼层 (共9层) | 1995年 | 2室1厅 | 67.8平米 | 西南,https://ke-image.ljcdn.com/110000-inspection/35b8c015-a87d-4aa8-9caa-e6d3a0eb72ed_1000.jpg!m_fill,w_280,h_210,f_jpg?from=ke.com
20240221,丰台,木樨园,101121854802,南木樨园 2室1厅 南,208万,40801元/平,顶层 (共5层) 2室1厅 | 50.98平米 | 南,https://ke-image.ljcdn.com/110000-inspection/4bf5540d-d4f6-49e4-9cfc-29e7e4bd7f60_1000.jpg!m_fill,w_280,h_210,f_jpg?from=ke.com
20240221,丰台,木樨园,101121815728,慧时欣园二期 2万平花园 地铁10号线 2.95米层高,825万,65958元/平,中楼层 (共26层) | 2003年 | 2室1厅 | 125.08平米 | 南,https://ke-image.ljcdn.com/110000-inspection/4c55fb9f-1f8f-496f-8c65-53020db9fb1b_1000.jpg!m_fill,w_280,h_210,f_jpg?from=ke.com
20240221,丰台,木樨园,101121748954,南三环中路70号一居室诚意出售房主自荐,210万,43016元/平,中楼层 (共22层) 1室1厅 | 48.82平米 | 北,https://ke-image.ljcdn.com/110000-inspection/502947a7-f820-4ad6-8f8e-b8acf6042af8_1000.jpg!m_fill,w_280,h_210,f_jpg?from=ke.com
20240221,丰台,木樨园,101121697868,南三环  南木樨园   交通便利 生活方便,245万,39326元/平,高楼层 (共6层) | 1988年 | 2室1厅 | 62.3平米 | 东 西,https://ke-image.ljcdn.com/110000-inspection/d11051fc-e14e-4880-b91a-acd74359c16d_1000.jpg!m_fill,w_280,h_210,f_jpg?from=ke.com
20240221,丰台,木樨园,101121689507,此房是精装三居室大客厅采光好得房率81%,850万,65205元/平,高楼层 (共20层) 3室1厅 | 130.36平米 | 西南,https://ke-image.ljcdn.com/110000-inspection/8337e610-2448-4ffe-b0e4-e229bb59d21e_1000.jpg!m_fill,w_280,h_210,f_jpg?from=ke.com
20240221,丰台,木樨园,101121629408,南三环 刘家窑地铁 赵公口小区 中楼层 不临街,343万,53129元/平,中楼层 (共6层) 2室1厅 | 64.56平米 | 南 北,https://ke-image.ljcdn.com/110000-inspection/34fb267f-a3dd-41e3-bc51-7bd3a23fc302_1000.jpg!m_fill,w_280,h_210,f_jpg?from=ke.com
20240221,丰台,木樨园,101121588749,慧时欣园二期 石榴庄 宋家庄 大红门 赵公口 精装 三居房主自荐,969万,63301元/平,中楼层 (共27层) | 2003年 | 3室1厅 | 153.08平米 | 南 北,https://ke-image.ljcdn.com/110000-inspection/2fc8e841-9fef-4050-b069-8c2fec145d7e_1000.jpg!m_fill,w_280,h_210,f_jpg?from=ke.com
20240221,丰台,木樨园,101121387119,慧时欣园一期 小区花园 采光好,498万,59293元/平,低楼层 (共25层) 2室1厅 | 83.99平米 | 东 北,https://ke-image.ljcdn.com/110000-inspection/e13b59fc-1bed-4e90-9c24-d4cb37fbb91f_1000.jpg!m_fill,w_280,h_210,f_jpg?from=ke.com
20240221,丰台,木樨园,101121342276,慧时欣园二期 正规一居 2万平花园 地铁10号线,379万,63230元/平,低楼层 (共27层) | 2003年 | 1室1厅 | 59.94平米 | 西南,https://ke-image.ljcdn.com/110000-inspection/0d277df5-3fc2-4e7e-8802-a8dd2b88e1e5_1000.jpg!m_fill,w_280,h_210,f_jpg?from=ke.com
20240221,丰台,木樨园,101121316671,双城公寓东北向两居室业主诚心出售,572万,40012元/平,中楼层 (共27层) 2室1厅 | 142.96平米 | 东 北,https://ke-image.ljcdn.com/110000-inspection/pc1_PapsHsoTU_1.jpg!m_fill,w_280,h_210,f_jpg?from=ke.com
20240221,丰台,木樨园,101121292994,此房位于南三环内满五唯一电梯直达房主自荐,252万,46841元/平,中楼层 (共9层) 1室1厅 | 53.8平米 | 西南,https://ke-image.ljcdn.com/110000-inspection/b4299c30-81f1-47f2-8b80-95a7c0be1f09_1000.jpg!m_fill,w_280,h_210,f_jpg?from=ke.com
20240221,丰台,木樨园,101121286519,正规两居室电梯直达2005年楼龄,466万,58040元/平,中楼层 (共26层) | 2005年 | 2室1厅 | 80.29平米 | 西,https://ke-image.ljcdn.com/110000-inspection/pc1_TMhTfFTvo_2.jpg!m_fill,w_280,h_210,f_jpg?from=ke.com
20240221,丰台,木樨园,101121267988,远中悦麒  2006年商品房 东北向两居室 满五年唯一,520万,56498元/平,中楼层 (共24层) 2室1厅 | 92.04平米 | 东 北,https://ke-image.ljcdn.com/110000-inspection/dfc15481-117e-4bd7-a0d7-5178f46ec020_1000.jpg!m_fill,w_280,h_210,f_jpg?from=ke.com
20240221,丰台,木樨园,101121267509,马公庄  东北向两居室 满五年唯一,198万,39443元/平,顶层 (共6层) | 1980年 | 2室1厅 | 50.2平米 | 东北,https://ke-image.ljcdn.com/110000-inspection/pc1_rMm6yHtzo_1.jpg!m_fill,w_280,h_210,f_jpg?from=ke.com
20240221,丰台,木樨园,101121266203,慧时欣园一期 木樨园正规精装三居 地铁10号线,535万,52503元/平,低楼层 (共25层) | 2001年 | 3室1厅 | 101.9平米 | 西北,https://ke-image.ljcdn.com/110000-inspection/fbde2ec5-126d-4736-93d1-3a0e98d2ab60_1000.jpg!m_fill,w_280,h_210,f_jpg?from=ke.com
20240221,丰台,木樨园,101121253444,丰台区 南二环 木樨园 定安西里 精装修 电梯房 明厅,315万,53939元/平,高楼层 (共16层) | 1980年 | 2室1厅 | 58.4平米 | 西北,https://ke-image.ljcdn.com/110000-inspection/pc1_BgwYGv7D7_1.jpg!m_fill,w_280,h_210,f_jpg?from=ke.com
20240221,丰台,木樨园,101121240096,圣淘沙三环里南向落地窗2007年小区楼龄新,319.5万,56479元/平,中楼层 (共12层) | 2007年 | 1室1厅 | 56.57平米 | 南,https://ke-image.ljcdn.com/110000-inspection/pc1_LvMXfQhk5_2.jpg!m_fill,w_280,h_210,f_jpg?from=ke.com
20240221,丰台,木樨园,101121195650,三环里 南北向一居  07年商品房 客厅落地窗房主自荐,345万,51888元/平,顶层 (共19层) | 2007年 | 1室1厅 | 66.49平米 | 南 北,https://ke-image.ljcdn.com/110000-inspection/008041b3-3e0d-44f0-b7dd-1e4d843717fd_1000.jpg!m_fill,w_280,h_210,f_jpg?from=ke.com
20240221,丰台,木樨园,101121193038,南三环 南曦大厦  西向两居室 采光无遮挡,499万,42296元/平,高楼层 (共22层) | 2004年 | 2室1厅 | 117.98平米 | 西,https://ke-image.ljcdn.com/110000-inspection/a35a8358-2b15-40de-a6f8-d5d316a2184e_1000.jpg!m_fill,w_280,h_210,f_jpg?from=ke.com
20240221,丰台,木樨园,101121186671,三环里 满五唯一 中间楼层 无遮挡 视野开阔 交通便利,345万,51187元/平,中楼层 (共16层) | 1980年 | 2室1厅 | 67.4平米 | 东北,https://ke-image.ljcdn.com/110000-inspection/pc1_11pUnfhoh_1.jpg!m_fill,w_280,h_210,f_jpg?from=ke.com
20240221,丰台,木樨园,101121130540,慧时欣园二期 全南两居 满五年唯一 南门地铁10号线,699万,64141元/平,高楼层 (共20层) | 2004年 | 2室1厅 | 108.98平米 | 南,https://ke-image.ljcdn.com/110000-inspection/9996bd81-c360-4530-844e-7645579a99b3_1000.jpg!m_fill,w_280,h_210,f_jpg?from=ke.com
20240221,丰台,木樨园,101121127483,南三环2004年商品房  正规一居室 带电梯业主诚心出售,216万,44172元/平,低楼层 (共22层) | 2004年 | 1室1厅 | 48.9平米 | 北,https://ke-image.ljcdn.com/110000-inspection/a37a0d9e-0c4c-46b5-a8fb-894ba571ee22_1000.jpg!m_fill,w_280,h_210,f_jpg?from=ke.com
20240221,丰台,木樨园,101121115595,东木樨园小区 三环里 满五唯一电梯房 诚意出售,305万,46094元/平,中楼层 (共13层) 2室1厅 | 66.17平米 | 西南,https://ke-image.ljcdn.com/110000-inspection/pc1_KvvcJ8zLK_1.jpg!m_fill,w_280,h_210,f_jpg?from=ke.com
20240221,丰台,木樨园,101121056405,马公庄  赵公口桥西  南北向两居室,315万,55070元/平,高楼层 (共15层) 2室1厅 | 57.2平米 | 南 北,https://ke-image.ljcdn.com/110000-inspection/fb295e3d-5815-4078-8ed9-f20ab07133ac_1000.jpg!m_fill,w_280,h_210,f_jpg?from=ke.com
20240221,丰台,木樨园,101121040349,南三环 2005年商品房 西南向两居室 诚心出售,568万,46881元/平,低楼层 (共25层) | 2005年 | 2室1厅 | 121.16平米 | 西南,https://ke-image.ljcdn.com/110000-inspection/60a032bb-cfb4-4a0f-b842-ddc1defa8218_1000.jpg!m_fill,w_280,h_210,f_jpg?from=ke.com
20240221,丰台,木樨园,101120917881,西南三居室楼层高采光好户型方正,735万,45469元/平,高楼层 (共27层) | 2000年 | 3室1厅 | 161.65平米 | 西南,https://ke-image.ljcdn.com/110000-inspection/pc1_4SP24pfOB_2.jpg!m_fill,w_280,h_210,f_jpg?from=ke.com
20240221,丰台,木樨园,101120908858,赵公口小区朝南两居室 有电梯 高楼层 采光无遮挡,388万,59776元/平,高楼层 (共21层) | 1996年 | 2室1厅 | 64.91平米 | 东南,https://ke-image.ljcdn.com/110000-inspection/e5fbd928-0290-4fb3-8590-02c6dc97eb66_1000.jpg!m_fill,w_280,h_210,f_jpg?from=ke.com
20240221,丰台,木樨园,101120901897,赵公口甲13号 远中悦麒 正规一居室 看房方便,312万,50914元/平,低楼层 (共24层) 1室1厅 | 61.28平米 | 西,https://ke-image.ljcdn.com/110000-inspection/79180dff-e7ab-429c-8afb-3af2652ba370_1000.jpg!m_fill,w_280,h_210,f_jpg?from=ke.com
20240221,丰台,木樨园,101120860100,南三环 圣淘沙 正规东向一居 诚意出售 产权清晰,299万,50168元/平,低楼层 (共16层) | 2008年 | 1室1厅 | 59.6平米 | 东,https://ke-image.ljcdn.com/110000-inspection/f6421792-632b-4ef9-8996-de09f321fa7b_1000.jpg!m_fill,w_280,h_210,f_jpg?from=ke.com
20240221,丰台,木樨园,101120799855,南曦大厦 2室1厅 东北,450万,48565元/平,顶层 (共22层) | 2004年 | 2室1厅 | 92.66平米 | 东北,https://ke-image.ljcdn.com/110000-inspection/36d3684f-183d-4e9d-8712-291f11267f1b_1000.jpg!m_fill,w_280,h_210,f_jpg?from=ke.com
20240221,丰台,木樨园,101120799548,南木樨园中间层两居室诚心出售,288万,48731元/平,中楼层 (共6层) | 1988年 | 2室1厅 | 59.1平米 | 东 西,https://ke-image.ljcdn.com/110000-inspection/99d3cdbc-fc1e-42e3-a93b-e8bd189460f5_1000.jpg!m_fill,w_280,h_210,f_jpg?from=ke.com
20240221,丰台,木樨园,101120797277,南木樨园全南向一居室中间层,225万,52571元/平,中楼层 (共6层) 1室1厅 | 42.8平米 | 南,https://ke-image.ljcdn.com/110000-inspection/fd120bb1-2e13-4fda-b52f-c55fd8610137_1000.jpg!m_fill,w_280,h_210,f_jpg?from=ke.com
20240221,丰台,木樨园,101120797190,南曦大厦一梯三户带电梯高楼层大两居视野好,578万,57194元/平,高楼层 (共17层) | 2004年 | 2室1厅 | 101.06平米 | 南,https://ke-image.ljcdn.com/110000-inspection/pc1_lQLHqMvCm_1.jpg!m_fill,w_280,h_210,f_jpg?from=ke.com
20240221,丰台,木樨园,101120780398,马公庄 2室1厅 南 北,328万,52666元/平,中楼层 (共6层) | 1986年 | 2室1厅 | 62.28平米 | 南 北,https://ke-image.ljcdn.com/110000-inspection/b4e9d71d-6695-4ed3-beb1-6f518e413505_1000.jpg!m_fill,w_280,h_210,f_jpg?from=ke.com
20240221,丰台,木樨园,101120738969,丰台区刘家窑定安西里带电梯两居户型好总价合适,345万,51187元/平,中楼层 (共16层) | 1993年 | 2室1厅 | 67.4平米 | 东北,https://ke-image.ljcdn.com/110000-inspection/pc1_JEMQOYpXj_1.jpg!m_fill,w_280,h_210,f_jpg?from=ke.com
20240221,丰台,木樨园,101120719982,三环内  西北向2居双卫 弧形观景阳台 地铁8号线木樨园,550万,38473元/平,高楼层 (共27层) 2室1厅 | 142.96平米 | 西北,https://ke-image.ljcdn.com/110000-inspection/pc1_Q42Ngry8d_1.jpg!m_fill,w_280,h_210,f_jpg?from=ke.com
20240221,丰台,木樨园,101120700970,南三环 远中悦麒2006年商品房 诚心出售房主自荐,280万,46706元/平,低楼层 (共24层) | 2006年 | 1室0厅 | 59.95平米 | 西,https://ke-image.ljcdn.com/110000-inspection/1b89246e-4616-4824-bcea-0e3ef05639a1_1000.jpg!m_fill,w_280,h_210,f_jpg?from=ke.com
20240221,丰台,木樨园,101120697417,南木樨园带电梯一居室诚心出售,287万,50600元/平,中楼层 (共17层) 1室1厅 | 56.72平米 | 南,https://ke-image.ljcdn.com/110000-inspection/pc1_jxx1v1EGS_1.jpg!m_fill,w_280,h_210,f_jpg?from=ke.com
20240221,丰台,木樨园,101120671282,慧时欣园二期全南中楼层优质两居室房主自荐,656万,61510元/平,高楼层 (共24层) 2室1厅 | 106.65平米 | 南,https://ke-image.ljcdn.com/110000-inspection/787fbaea-675f-4335-8a1e-480d076154ec_1000.jpg!m_fill,w_280,h_210,f_jpg?from=ke.com
20240221,丰台,木樨园,101120627962,南木樨园 海户屯 精装修 低楼层 一居室房主自荐,239万,61251元/平,中楼层 (共5层) 1室1厅 | 39.02平米 | 南,https://ke-image.ljcdn.com/110000-inspection/24dd4963-f9d6-4a3a-8542-83362aa33d17_1000.jpg!m_fill,w_280,h_210,f_jpg?from=ke.com
20240221,丰台,木樨园,101120602825,南三环 赵公口小区 西南三居室 无遮挡采光好 带电梯,420万,56604元/平,低楼层 (共21层) 3室1厅 | 74.2平米 | 西南,https://ke-image.ljcdn.com/110000-inspection/26d031d7-8bb8-4e12-9210-87e29d15be6d_1000.jpg!m_fill,w_280,h_210,f_jpg?from=ke.com
20240221,丰台,木樨园,101120456142,南木樨园  东西向三居室  满五年唯一,269万,37518元/平,顶层 (共6层) | 1988年 | 3室1厅 | 71.7平米 | 东 西,https://ke-image.ljcdn.com/110000-inspection/7e614742-bb1e-45a6-a888-6be5dd3805a4_1000.jpg!m_fill,w_280,h_210,f_jpg?from=ke.com
20240221,丰台,木樨园,101120435434,三环边马公庄小区南向一居室诚意出售,212万,48182元/平,底层 (共6层) 1室1厅 | 44平米 | 南,https://ke-image.ljcdn.com/110000-inspection/e9e6add4-782c-4cf5-9d89-d4e532a7e9c5_1000.jpg!m_fill,w_280,h_210,f_jpg?from=ke.com
20240221,丰台,木樨园,101120346231,双城公寓东北向两居室带电梯诚心出售,580万,45384元/平,低楼层 (共27层) 2室1厅 | 127.8平米 | 东 北,https://ke-image.ljcdn.com/110000-inspection/e2790fc3-b5df-4e2f-992e-223811fe876b_1000.jpg!m_fill,w_280,h_210,f_jpg?from=ke.com
20240221,丰台,木樨园,101120271542,花园社区 人车分流 近地铁 车位充足,790万,64270元/平,中楼层 (共26层) | 2003年 | 2室1厅 | 122.92平米 | 南,https://ke-image.ljcdn.com/110000-inspection/037c5b12-6dac-412b-9b2b-44d323a3f00a_1000.jpg!m_fill,w_280,h_210,f_jpg?from=ke.com
20240221,丰台,木樨园,101120156205,南三环赵公口桥西 马公庄一居室 满五年唯一诚售,216万,50586元/平,顶层 (共6层) 1室1厅 | 42.7平米 | 南,https://ke-image.ljcdn.com/110000-inspection/f130984e-3c6e-40ce-86a7-7d23aa473e6b_1000.jpg!m_fill,w_280,h_210,f_jpg?from=ke.com
20240221,丰台,木樨园,101120137194,南三环木樨园南向一居室 无遮挡 不临街交通便利,218万,49100元/平,中楼层 (共15层) 1室1厅 | 44.4平米 | 南,https://ke-image.ljcdn.com/110000-inspection/5943ec11-6af3-4e33-986e-15270374c69c_1000.jpg!m_fill,w_280,h_210,f_jpg?from=ke.com
20240221,丰台,木樨园,101120132209,南三环赵公口小区 业主诚意出售正规南北通透三居室,408万,51916元/平,顶层 (共6层) | 1987年 | 3室1厅 | 78.59平米 | 南 北,https://ke-image.ljcdn.com/110000-inspection/706c05f6-af31-4683-943e-7fe9cacc8af6_1000.jpg!m_fill,w_280,h_210,f_jpg?from=ke.com
20240221,丰台,木樨园,101120129017,赵公口小区全南两居  无遮挡 楼层好房主自荐,320万,55730元/平,中楼层 (共6层) 2室1厅 | 57.42平米 | 南,https://ke-image.ljcdn.com/110000-inspection/ec3efacc-6a17-4009-a23a-d92c11f03944_1000.jpg!m_fill,w_280,h_210,f_jpg?from=ke.com
20240221,丰台,木樨园,101120072352,三环内双城公寓小区业主着急出售,735万,50736元/平,高楼层 (共27层) 3室1厅 | 144.87平米 | 东南,https://ke-image.ljcdn.com/110000-inspection/pc1_bQ29iET4s_1.jpg!m_fill,w_280,h_210,f_jpg?from=ke.com
20240221,丰台,木樨园,101120050652,2006年商品房小区 朝北正规一居室 落地飘窗  视野好,305万,56440元/平,高楼层 (共24层) 1室1厅 | 54.04平米 | 北,https://ke-image.ljcdn.com/110000-inspection/5dd7d30e-a762-4e23-a8fa-d3e54057d576_1000.jpg!m_fill,w_280,h_210,f_jpg?from=ke.com
20240221,丰台,木樨园,101120016476,慧时欣园一期 精装修 东南向 两居室,549万,56892元/平,中楼层 (共25层) | 2001年 | 2室1厅 | 96.5平米 | 东南,https://ke-image.ljcdn.com/110000-inspection/pc1_u5OGOzHH5_1.jpg!m_fill,w_280,h_210,f_jpg?from=ke.com
20240221,丰台,木樨园,101119987915,精装两居 全明格局户型方正 近地铁 车位充足 诚意出售,458万,49930元/平,低楼层 (共25层) 2室1厅 | 91.73平米 | 东北,https://ke-image.ljcdn.com/110000-inspection/60da1230-e9e3-469b-ab9f-7faa369b2f07_1000.jpg!m_fill,w_280,h_210,f_jpg?from=ke.com
20240221,丰台,木樨园,101119929444,楼层好视野开阔采光充足交通便利购物方便。房主自荐,388万,54115元/平,中楼层 (共26层) | 2005年 | 2室1厅 | 71.7平米 | 西 北,https://ke-image.ljcdn.com/110000-inspection/a44d404e-03fd-47e3-a43b-d3cb52faa80c_1000.jpg!m_fill,w_280,h_210,f_jpg?from=ke.com
20240221,丰台,木樨园,101119926672,丰台区赵公口光彩体育馆慧时欣园二期,800万,61501元/平,中楼层 (共20层) 3室1厅 | 130.08平米 | 西南,https://ke-image.ljcdn.com/110000-inspection/f6879656-829e-4802-a486-1ee6752dd003_1000.jpg!m_fill,w_280,h_210,f_jpg?from=ke.com
20240221,丰台,木樨园,101119530111,慧时欣园二期   石榴庄 木樨园  刘家窑两居室,655万,64437元/平,底层 (共24层) | 2004年 | 2室2厅 | 101.65平米 | 东南,https://ke-image.ljcdn.com/110000-inspection/9b20ceb1-f7f5-44e9-ba68-42b88db72b5b_1000.jpg!m_fill,w_280,h_210,f_jpg?from=ke.com
20240221,丰台,木樨园,101119449730,南三环  东南大二居室 落地飘窗 交通方便,590万,53578元/平,顶层 (共22层) | 2004年 | 2室1厅 | 110.12平米 | 东南,https://ke-image.ljcdn.com/110000-inspection/e2ded074-95a5-4db3-a8ee-6d2215f7c3ba_1000.jpg!m_fill,w_280,h_210,f_jpg?from=ke.com
20240221,丰台,木樨园,101119296645,三环内95年钢混东木樨园小区,255万,44195元/平,低楼层 (共15层) 1室1厅 | 57.7平米 | 东 西,https://ke-image.ljcdn.com/110000-inspection/b31422b0-018d-4352-bda5-e3b1661a6acb_1000.jpg!m_fill,w_280,h_210,f_jpg?from=ke.com
20240221,丰台,木樨园,101118639894,南三环 木樨园2000年南北向三居室 交通便利 诚心出售,515万,49841元/平,低楼层 (共7层) 3室1厅 | 103.33平米 | 南 北,https://ke-image.ljcdn.com/110000-inspection/067e4a0a-12db-411b-a860-98fdb0cc668f_1000.jpg!m_fill,w_280,h_210,f_jpg?from=ke.com
20240221,丰台,木樨园,101118559111,慧时欣园一期 格局方正 正对花园,438万,48678元/平,低楼层 (共25层) | 2001年 | 2室1厅 | 89.98平米 | 西,https://ke-image.ljcdn.com/110000-inspection/2eb94673-096d-491c-8d55-d5b03a441240_1000.jpg!m_fill,w_280,h_210,f_jpg?from=ke.com
20240221,丰台,木樨园,101118168245,远中悦麒  2006年商品房社区 精装修,260万,58877元/平,低楼层 (共24层) | 2006年 | 1室0厅 | 44.16平米 | 北,https://ke-image.ljcdn.com/110000-inspection/210eab9b-a21d-46e1-93a7-5bfff7f04a29_1000.jpg!m_fill,w_280,h_210,f_jpg?from=ke.com
20240221,丰台,木樨园,101118096612,南三环中路70号  三环边楼龄新 交通方便诚心出售,580万,57392元/平,低楼层 (共17层) | 2004年 | 2室1厅 | 101.06平米 | 南,https://ke-image.ljcdn.com/110000-inspection/694bf13b-66ac-4058-af5a-709b5d7d9b4c_1000.jpg!m_fill,w_280,h_210,f_jpg?from=ke.com
20240221,丰台,木樨园,101118058585,南木樨园两居室电梯直达随时签约,310万,57365元/平,中楼层 (共16层) 2室1厅 | 54.04平米 | 西,https://ke-image.ljcdn.com/110000-inspection/17e2dc14-2484-4e1b-bf7d-5f2e37bb87e6_1000.jpg!m_fill,w_280,h_210,f_jpg?from=ke.com
20240221,丰台,木樨园,101117840444,三环内 满五唯一 装修好 视野采光棒 电梯直达 交通好房主自荐,350万,59524元/平,低楼层 (共16层) | 1994年 | 2室1厅 | 58.8平米 | 南 北,https://ke-image.ljcdn.com/110000-inspection/pc1_3jf7a5Z8W_2.jpg!m_fill,w_280,h_210,f_jpg?from=ke.com
20240221,丰台,木樨园,101117787016,南曦大厦 带电梯  南三环  2梯7户,249万,50921元/平,中楼层 (共22层) | 2004年 | 1室1厅 | 48.9平米 | 北,https://ke-image.ljcdn.com/110000-inspection/f009056c-d846-46fc-823a-791217c6d4de_1000.jpg!m_fill,w_280,h_210,f_jpg?from=ke.com
20240221,丰台,木樨园,101117276869,三环边 赵公口小区带电梯一居室 满五年,224万,49823元/平,中楼层 (共21层) 1室1厅 | 44.96平米 | 东南,https://ke-image.ljcdn.com/110000-inspection/1b269aef-d827-410c-8045-10db4baa31fd_1000.jpg!m_fill,w_280,h_210,f_jpg?from=ke.com
20240221,丰台,木樨园,101116979392,丰台区刘家窑赵公口桥慧时欣园二期,830万,57210元/平,中楼层 (共26层) | 2003年 | 3室1厅 | 145.08平米 | 东 南 北,https://ke-image.ljcdn.com/110000-inspection/be79021b-7c06-475b-acdd-d7dbeca91ac6_1000.jpg!m_fill,w_280,h_210,f_jpg?from=ke.com
20240221,丰台,木樨园,101116507295,慧时欣园二期 南北三居室 精装修 花园社区,1070万,70257元/平,中楼层 (共26层) 3室1厅 | 152.3平米 | 南 北,https://ke-image.ljcdn.com/110000-inspection/f188e077-024a-4043-aa44-4dbcce11650d_1000.jpg!m_fill,w_280,h_210,f_jpg?from=ke.com
20240221,丰台,木樨园,101122948423,南木樨园 1室1厅 南新上,192万,45780元/平,中楼层 (共16层) | 1989年 | 1室1厅 | 41.94平米 | 南,https://s1.ljcdn.com/pegasus/redskull/images/common/default_house_list.png?_v=202401081627157
20240221,丰台,木樨园,101122739921,慧时欣园一期 地铁10号线 赵公口 刘家窑,449万,48959元/平,低楼层 (共25层) | 2001年 | 2室1厅 | 91.71平米 | 东北,https://s1.ljcdn.com/pegasus/redskull/images/common/default_house_list.png?_v=202401081627157
20240221,丰台,木樨园,101122690082,赵公口小区电力局南向正规两居室   满五年唯一,316万,55034元/平,中楼层 (共6层) 2室1厅 | 57.42平米 | 南,https://s1.ljcdn.com/pegasus/redskull/images/common/default_house_list.png?_v=202401081627157
20240221,丰台,木樨园,101122486324,东木樨园 1室1厅 南,230万,55156元/平,中楼层 (共6层) | 1988年 | 1室1厅 | 41.7平米 | 南,https://s1.ljcdn.com/pegasus/redskull/images/common/default_house_list.png?_v=202401081627157
20240221,丰台,木樨园,101121848671,全南中间楼层两居室采光充足看房方便,535万,64794元/平,高楼层 (共25层) | 2001年 | 2室1厅 | 82.57平米 | 南,https://s1.ljcdn.com/pegasus/redskull/images/common/default_house_list.png?_v=202401081627157
20240221,丰台,木樨园,101118620401,南三环内人车分流的小区满五唯一业主诚意出售。,310万,52014元/平,低楼层 (共16层) 1室0厅 | 59.6平米 | 东,https://ke-image.ljcdn.com/110000-inspection/06c260cc-f931-4a3c-abb9-7ab75f0042ff.png!m_fill,w_280,h_210,f_jpg?from=ke.com
