20240117,西城,官园,101122528208,西城 车公庄 官苑8号 户型方正一居室必看好房,1080万,168935元/平,中楼层 (共16层) 1室1厅 | 63.93平米 | 东,https://ke-image.ljcdn.com/110000-inspection/8daa56d5-a063-4265-b320-6b0d12b09fb8_1000.jpg!m_fill,w_280,h_210,f_jpg?from=ke.com
20240117,西城,官园,101122428198,二环内国开行央产大院 改善南北大四居 中间层诚意出售必看好房,2406万,139884元/平,低楼层 (共6层) 4室2厅 | 172平米 | 南 北,https://ke-image.ljcdn.com/110000-inspection/00a6da2e-d9b0-4073-84e5-b12b2e29bdc1_1000.jpg!m_fill,w_280,h_210,f_jpg?from=ke.com
20240117,西城,官园,101122416452,二环内三居室带电梯采光好精装修不临街必看好房,955万,126156元/平,低楼层 (共13层) 3室1厅 | 75.7平米 | 西南,https://ke-image.ljcdn.com/110000-inspection/pc1_MnqEPSQNz.jpg!m_fill,w_280,h_210,f_jpg?from=ke.com
20240117,西城,官园,101120240696,官园国英园南北通透两居室中低楼层必看好房,800万,121397元/平,低楼层 (共6层) 2室1厅 | 65.9平米 | 南 北,https://ke-image.ljcdn.com/110000-inspection/pc1_58MCZHRRL.jpg!m_fill,w_280,h_210,f_jpg?from=ke.com
20240117,西城,官园,101122367598,国英大厦 3室2厅 南必看好房,1520万,84921元/平,中楼层 (共11层) | 2002年 | 3室2厅 | 178.99平米 | 南,https://ke-image.ljcdn.com/110000-inspection/e53ea2b9-40b1-432d-b73b-03c3f68577f1_1000.jpg!m_fill,w_280,h_210,f_jpg?from=ke.com
20240117,西城,官园,101122345213,柳巷15号院 低楼层 南北通透 正规三居 全明格局 诚售必看好房,1015万,129962元/平,底层 (共6层) 3室1厅 | 78.1平米 | 南 北 西,https://ke-image.ljcdn.com/110000-inspection/pc1_e6N9pVAHB.jpg!m_fill,w_280,h_210,f_jpg?from=ke.com
20240117,西城,官园,101122190274,西直门南大街 优质三居 电梯直达 北侧人民医院,968万,111650元/平,中楼层 (共18层) | 1988年 | 3室1厅 | 86.7平米 | 东 西 北,https://ke-image.ljcdn.com/110000-inspection/7b33178a-8870-44bc-8207-4650601680cb_1000.jpg!m_fill,w_280,h_210,f_jpg?from=ke.com
20240117,西城,官园,101122025095,京剧院宿舍  电梯直达西南向大客厅  卫生间干湿分离,776万,119754元/平,中楼层 (共16层) | 1993年 | 2室1厅 | 64.8平米 | 西南,https://ke-image.ljcdn.com/110000-inspection/pc1_bVTG5N5iq.jpg!m_fill,w_280,h_210,f_jpg?from=ke.com
20240117,西城,官园,101121259141,南北通透 户型方正 楼层老少皆宜 前后无遮挡 小区中间房主自荐,768万,118886元/平,低楼层 (共3层) | 1990年 | 2室1厅 | 64.6平米 | 南 北,https://ke-image.ljcdn.com/110000-inspection/pc1_SFSoiCIIZ.jpg!m_fill,w_280,h_210,f_jpg?from=ke.com
20240117,西城,官园,101121251165,西城二环内 西直门南小街 车公庄 户型方正必看好房,800万,123457元/平,低楼层 (共16层) | 1993年 | 2室1厅 | 64.8平米 | 西南,https://ke-image.ljcdn.com/110000-inspection/pc1_Nwrj80Ctj.jpg!m_fill,w_280,h_210,f_jpg?from=ke.com
20240117,西城,官园,101121135020,什刹海官园桥东侧西直门南小街带电梯高层两居室,880万,135803元/平,高楼层 (共16层) | 1993年 | 2室1厅 | 64.8平米 | 西南,https://ke-image.ljcdn.com/110000-inspection/pc1_5M6zLFIcQ.jpg!m_fill,w_280,h_210,f_jpg?from=ke.com
20240117,西城,官园,101122233309,中直机关家属院 全屋博洛尼精装 电梯三居室,1350万,150670元/平,低楼层 (共9层) | 1999年 | 3室2厅 | 89.6平米 | 东 南 北,https://ke-image.ljcdn.com/110000-inspection/pc1_mhiA0GM0I.jpg!m_fill,w_280,h_210,f_jpg?from=ke.com
20240117,西城,官园,101121202132,一层不临街 闹中取静 居住舒适必看好房,540万,114650元/平,底层 (共4层) 1室1厅 | 47.1平米 | 东南,https://ke-image.ljcdn.com/110000-inspection/pc1_08URAtbZu.jpg!m_fill,w_280,h_210,f_jpg?from=ke.com
20240117,西城,官园,101120555722,二环内国英园精装修中间层满五年唯一不临街采光好,650万,121043元/平,中楼层 (共6层) | 1998年 | 2室1厅 | 53.7平米 | 东南,https://ke-image.ljcdn.com/110000-inspection/pc1_aGHrUQhIB.jpg!m_fill,w_280,h_210,f_jpg?from=ke.com
20240117,西城,官园,101122599462,富国里小区 2室1厅 南 北新上,1008万,139035元/平,中楼层 (共6层) | 1999年 | 2室1厅 | 72.5平米 | 南 北,https://ke-image.ljcdn.com/110000-inspection/pc1_5IhwRv7k1.jpg!m_fill,w_280,h_210,f_jpg?from=ke.com
20240117,西城,官园,101122532102,高楼层明厨明卫东西向挂南窗两居室,825万,119913元/平,低楼层 (共18层) | 1988年 | 2室1厅 | 68.8平米 | 东 西 南,https://ke-image.ljcdn.com/110000-inspection/pc1_sHmz8tHOV.jpg!m_fill,w_280,h_210,f_jpg?from=ke.com
20240117,西城,官园,101122524179,高楼层满五年临地铁东西向两居室,790万,115498元/平,中楼层 (共18层) 2室1厅 | 68.4平米 | 东,https://ke-image.ljcdn.com/110000-inspection/pc1_N5eBv1f4E.jpg!m_fill,w_280,h_210,f_jpg?from=ke.com
20240117,西城,官园,101122484644,新上前半壁街精装修一居室视野采光好房主自荐,560万,142132元/平,高楼层 (共13层) | 1986年 | 1室1厅 | 39.4平米 | 南,https://ke-image.ljcdn.com/110000-inspection/pc1_WLo0hVnYQ.jpg!m_fill,w_280,h_210,f_jpg?from=ke.com
20240117,西城,官园,101122440644,富国里小区  低楼层 一居室 满五年 精装修,668万,131238元/平,底层 (共5层) | 1998年 | 1室1厅 | 50.9平米 | 东 北,https://ke-image.ljcdn.com/110000-inspection/pc1_mBS9x0qUL.jpg!m_fill,w_280,h_210,f_jpg?from=ke.com
20240117,西城,官园,101122400275,西直门南大街东区朝东精装修一居室,610万,138010元/平,中楼层 (共16层) 1室1厅 | 44.2平米 | 东,https://ke-image.ljcdn.com/110000-inspection/pc1_BvwsuFP4O.jpg!m_fill,w_280,h_210,f_jpg?from=ke.com
20240117,西城,官园,101122323842,冠英园小区 1室1厅 东,650万,120594元/平,底层 (共10层) 1室1厅 | 53.9平米 | 东,https://ke-image.ljcdn.com/110000-inspection/pc1_BND38PpeN.jpg!m_fill,w_280,h_210,f_jpg?from=ke.com
20240117,西城,官园,101122251816,冠英园西区精装修 南北三居室 中高楼层 采光好房主自荐,2025万,143516元/平,高楼层 (共6层) | 1997年 | 3室1厅 | 141.1平米 | 南 西 北,https://ke-image.ljcdn.com/110000-inspection/pc1_AAZ7tyzV8.jpg!m_fill,w_280,h_210,f_jpg?from=ke.com
20240117,西城,官园,101122229320,官苑8号 1室1厅 东,1136万,179947元/平,高楼层 (共16层) 1室1厅 | 63.13平米 | 东,https://ke-image.ljcdn.com/110000-inspection/pc1_vVywEvYtq.jpg!m_fill,w_280,h_210,f_jpg?from=ke.com
20240117,西城,官园,101122170399,官园桥社科院宿舍高层采光好有电梯原格局4居室新装修房主自荐,1727万,135239元/平,高楼层 (共16层) | 1987年 | 3室2厅 | 127.7平米 | 南 西,https://ke-image.ljcdn.com/110000-inspection/pc1_iRfKDZ50L.jpg!m_fill,w_280,h_210,f_jpg?from=ke.com
20240117,西城,官园,101122118025,小乘巷  南北通透 采光视野好 满五年唯一 随时看,675万,125000元/平,高楼层 (共6层) 2室1厅 | 54平米 | 南 北,https://ke-image.ljcdn.com/110000-inspection/pc1_lpsnxSThs.jpg!m_fill,w_280,h_210,f_jpg?from=ke.com
20240117,西城,官园,101122105625,前半壁街35 精装双南 采光视野好 闹中取静 满五唯一房主自荐,830万,138104元/平,高楼层 (共13层) 2室1厅 | 60.1平米 | 南,https://ke-image.ljcdn.com/110000-inspection/pc1_KsuvwCCBI.jpg!m_fill,w_280,h_210,f_jpg?from=ke.com
20240117,西城,官园,101122087341,西直门南大街东区 2室1厅 西,830万,148215元/平,中楼层 (共16层) | 1986年 | 2室1厅 | 56平米 | 西,https://ke-image.ljcdn.com/110000-inspection/pc1_6obA02QJe.jpg!m_fill,w_280,h_210,f_jpg?from=ke.com
20240117,西城,官园,101122029791,西城区前半壁街满五年成本价有电梯精装修,599万,125314元/平,高楼层 (共6层) | 1989年 | 1室1厅 | 47.8平米 | 东 西,https://ke-image.ljcdn.com/110000-inspection/pc1_Pgqb2rzJj.jpg!m_fill,w_280,h_210,f_jpg?from=ke.com
20240117,西城,官园,101122019511,二环内 商业部央产房 电梯三居室 诚心出售,860万,132105元/平,低楼层 (共16层) | 1982年 | 3室1厅 | 65.1平米 | 西 北,https://ke-image.ljcdn.com/110000-inspection/pc1_thu7TzKaB.jpg!m_fill,w_280,h_210,f_jpg?from=ke.com
20240117,西城,官园,101121985232,西城 金融街 平安里 富国里小区,945万,143400元/平,中楼层 (共5层) | 1996年 | 2室1厅 | 65.9平米 | 北 南,https://ke-image.ljcdn.com/110000-inspection/pc1_YWznX3fu2.jpg!m_fill,w_280,h_210,f_jpg?from=ke.com
20240117,西城,官园,101121978114,东冠英胡同 正规两居 南北通透 视野好 无遮挡 随时签,785万,128268元/平,高楼层 (共6层) 2室1厅 | 61.2平米 | 东 南 北,https://ke-image.ljcdn.com/110000-inspection/83af3aeb-cdaa-4477-a67f-094b5a666cd9_1000.jpg!m_fill,w_280,h_210,f_jpg?from=ke.com
20240117,西城,官园,101121974368,南向一居 采光好 楼层好 诚心出售房主自荐,525万,131250元/平,中楼层 (共5层) | 1990年 | 1室0厅 | 40平米 | 南,https://ke-image.ljcdn.com/110000-inspection/pc1_bmIARPLoz_1.jpg!m_fill,w_280,h_210,f_jpg?from=ke.com
20240117,西城,官园,101121927386,前半壁街满五年朝南一居室中间层诚心出售随时签约,540万,135679元/平,中楼层 (共6层) 1室1厅 | 39.8平米 | 南,https://ke-image.ljcdn.com/110000-inspection/pc1_Y62a6D2HZ.jpg!m_fill,w_280,h_210,f_jpg?from=ke.com
20240117,西城,官园,101121900261,西直门南大街东区 看房方便 有电梯 没有遮挡房主自荐,1047万,134923元/平,中楼层 (共22层) | 1990年 | 3室1厅 | 77.6平米 | 南 西,https://ke-image.ljcdn.com/110000-inspection/pc1_CCrTdcDLy.jpg!m_fill,w_280,h_210,f_jpg?from=ke.com
20240117,西城,官园,101121893014,西城区二环内国英园南北通透三居室房主自荐,1880万,131653元/平,高楼层 (共6层) 3室2厅 | 142.8平米 | 南 北,https://ke-image.ljcdn.com/110000-inspection/pc1_eSxBek82s.jpg!m_fill,w_280,h_210,f_jpg?from=ke.com
20240117,西城,官园,101121872012,正规小三居精装东南向视野好房主自荐,840万,124445元/平,顶层 (共6层) 3室1厅 | 67.5平米 | 东 南,https://ke-image.ljcdn.com/110000-inspection/pc1_6n6DNOHqV.jpg!m_fill,w_280,h_210,f_jpg?from=ke.com
20240117,西城,官园,101121745096,京剧院宿舍 带电梯两居室 正规客厅 视野很好,898万,137942元/平,顶层 (共16层) | 1995年 | 2室1厅 | 65.1平米 | 东 北,https://ke-image.ljcdn.com/110000-inspection/pc1_sLDxOMJHC.jpg!m_fill,w_280,h_210,f_jpg?from=ke.com
20240117,西城,官园,101121708750,西城区 新街口 大乘巷 西城教委宿舍楼 南向一居随时看,440万,123596元/平,地下室 (共6层) 1室1厅 | 35.6平米 | 南,https://ke-image.ljcdn.com/110000-inspection/pc1_Th9OMJqsa.jpg!m_fill,w_280,h_210,f_jpg?from=ke.com
20240117,西城,官园,101121624458,田字格户型南北三居室有电梯有管理楼道里铺地砖房主自荐,1050万,127119元/平,高楼层 (共16层) | 1985年 | 3室1厅 | 82.6平米 | 南 北,https://ke-image.ljcdn.com/110000-inspection/pc1_XzusjScNI.jpg!m_fill,w_280,h_210,f_jpg?from=ke.com
20240117,西城,官园,101121578656,西直门南大街 中高层带电梯精装一居明厨明卫,600万,124741元/平,中楼层 (共14层) | 1985年 | 1室1厅 | 48.1平米 | 东,https://ke-image.ljcdn.com/110000-inspection/pc1_VysRFohWJ.jpg!m_fill,w_280,h_210,f_jpg?from=ke.com
20240117,西城,官园,101121488518,西廊下胡同二号院南北两居室1997年建成房主自荐,895万,149917元/平,中楼层 (共4层) | 1997年 | 2室1厅 | 59.7平米 | 南 北,https://ke-image.ljcdn.com/110000-inspection/pc1_eY2BLaf1z.jpg!m_fill,w_280,h_210,f_jpg?from=ke.com
20240117,西城,官园,101121441955,富国里小区  一居室 满五唯一  低楼层,668万,130725元/平,底层 (共5层) | 1998年 | 1室1厅 | 51.1平米 | 西北,https://ke-image.ljcdn.com/110000-inspection/pc1_3LdKIDOYq.jpg!m_fill,w_280,h_210,f_jpg?from=ke.com
20240117,西城,官园,101121353691,国英园1998年商品房西二环内西直门南小街经典一居室,685万,125000元/平,底层 (共6层) | 1997年 | 1室1厅 | 54.8平米 | 西南,https://ke-image.ljcdn.com/110000-inspection/pc1_2Nb7O851q.jpg!m_fill,w_280,h_210,f_jpg?from=ke.com
20240117,西城,官园,101121347300,富国里小区 满五唯一 中间层 东西通透大两居 看房方便房主自荐,828万,127976元/平,中楼层 (共5层) | 1998年 | 2室1厅 | 64.7平米 | 东 西,https://ke-image.ljcdn.com/110000-inspection/pc1_5zikRfv6t.jpg!m_fill,w_280,h_210,f_jpg?from=ke.com
20240117,西城,官园,101121281583,满五年唯一央产房 南北通透 楼年新 业主诚心出售,1450万,129234元/平,底层 (共10层) | 1999年 | 2室2厅 | 112.2平米 | 南 北,https://ke-image.ljcdn.com/110000-inspection/pc1_PBzvLFrLz.jpg!m_fill,w_280,h_210,f_jpg?from=ke.com
20240117,西城,官园,101121222326,冠英园西区 电梯三居 南北采光好中高楼层,2050万,145288元/平,高楼层 (共6层) | 1997年 | 3室2厅 | 141.1平米 | 东 南 北,https://ke-image.ljcdn.com/110000-inspection/pc1_P3IS4O8Rs.jpg!m_fill,w_280,h_210,f_jpg?from=ke.com
20240117,西城,官园,101121206227,西城二环内 好房推荐 环境好 户型方正 停车方便,1499万,130009元/平,中楼层 (共4层) | 1954年 | 4室0厅 | 115.3平米 | 南 北,https://ke-image.ljcdn.com/110000-inspection/pc1_TlH7flZrX.jpg!m_fill,w_280,h_210,f_jpg?from=ke.com
20240117,西城,官园,101121145596,东冠英胡同小区  中间楼层南北向小三居室,938万,136735元/平,中楼层 (共6层) 3室1厅 | 68.6平米 | 南 北 西,https://ke-image.ljcdn.com/110000-inspection/pc1_7kf4C8mfP.jpg!m_fill,w_280,h_210,f_jpg?from=ke.com
20240117,西城,官园,101121121109,南大街新上三居室满五年唯一住房,1048万,126571元/平,中楼层 (共16层) | 1986年 | 3室1厅 | 82.8平米 | 西北,https://ke-image.ljcdn.com/110000-inspection/pc1_c7NfTlEgA.jpg!m_fill,w_280,h_210,f_jpg?from=ke.com
20240117,西城,官园,101121082815,二环内年代新 下楼即公园人车分流,1260万,87995元/平,低楼层 (共11层) | 2002年 | 2室2厅 | 143.19平米 | 西南,https://ke-image.ljcdn.com/110000-inspection/pc1_kL5FXuyNn.jpg!m_fill,w_280,h_210,f_jpg?from=ke.com
20240117,西城,官园,101121065914,冠英园小区封闭式管理南北通透两居室,970万,136813元/平,中楼层 (共6层) | 1997年 | 2室1厅 | 70.9平米 | 南 北,https://ke-image.ljcdn.com/110000-inspection/pc1_wkmPeOmdh.jpg!m_fill,w_280,h_210,f_jpg?from=ke.com
20240117,西城,官园,101121021757,国英园 精装修两居 可直接入住！满二年房主自荐,920万,141976元/平,中楼层 (共6层) | 1997年 | 2室1厅 | 64.8平米 | 南 北,https://ke-image.ljcdn.com/110000-inspection/pc1_U2GC2vLqI.jpg!m_fill,w_280,h_210,f_jpg?from=ke.com
20240117,西城,官园,101121007303,官园 车公庄 富国里 南北两居室 精装修,998万,143186元/平,底层 (共5层) | 1997年 | 2室1厅 | 69.7平米 | 南 北,https://ke-image.ljcdn.com/110000-inspection/pc1_iJQVEiSkE_1.jpg!m_fill,w_280,h_210,f_jpg?from=ke.com
20240117,西城,官园,101120985658,西直门南大街西区满五年带电梯近地铁,670万,110744元/平,高楼层 (共14层) 2室1厅 | 60.5平米 | 东,https://ke-image.ljcdn.com/110000-inspection/pc1_0lU0yVqbl.jpg!m_fill,w_280,h_210,f_jpg?from=ke.com
20240117,西城,官园,101120955805,满五唯一 中间层 正对花园 全南户型 采光好 不临街房主自荐,666万,131103元/平,中楼层 (共6层) | 1987年 | 1室1厅 | 50.8平米 | 南,https://ke-image.ljcdn.com/110000-inspection/pc1_X26MVwFQy.jpg!m_fill,w_280,h_210,f_jpg?from=ke.com
20240117,西城,官园,101120949558,富国里小区朝南一居室采光好,750万,144509元/平,底层 (共5层) | 1996年 | 1室1厅 | 51.9平米 | 南,https://ke-image.ljcdn.com/110000-inspection/pc1_OkP8iMLNy.jpg!m_fill,w_280,h_210,f_jpg?from=ke.com
20240117,西城,官园,101120935080,公交和地铁宿舍闹中取静单独管理地铁口100米,800万,125196元/平,中楼层 (共16层) 2室1厅 | 63.9平米 | 东 北,https://ke-image.ljcdn.com/110000-inspection/pc1_ZUyTtymfF.jpg!m_fill,w_280,h_210,f_jpg?from=ke.com
20240117,西城,官园,101120902243,满五唯一 南北通透两居室 中间楼层 视野采光好,760万,127517元/平,中楼层 (共6层) 2室1厅 | 59.6平米 | 南 北,https://ke-image.ljcdn.com/110000-inspection/pc1_tkK0unVuB.jpg!m_fill,w_280,h_210,f_jpg?from=ke.com
20240117,西城,官园,101120886759,官园 车公庄 玉廊园 全南两居室,1045万,142177元/平,中楼层 (共5层) | 1999年 | 2室1厅 | 73.5平米 | 南,https://ke-image.ljcdn.com/110000-inspection/pc1_xQ8Y4d3bW.jpg!m_fill,w_280,h_210,f_jpg?from=ke.com
20240117,西城,官园,101120869789,西直门南大街东区 2室1厅 东,720万,143142元/平,低楼层 (共22层) | 1990年 | 2室1厅 | 50.3平米 | 东,https://ke-image.ljcdn.com/110000-inspection/pc1_Fk9bclh3k.jpg!m_fill,w_280,h_210,f_jpg?from=ke.com
20240117,西城,官园,101120809780,京剧院宿舍 满五唯一央产房  次顶层 视野好,950万,149843元/平,高楼层 (共16层) | 1995年 | 3室1厅 | 63.4平米 | 西北,https://ke-image.ljcdn.com/110000-inspection/pc1_dDUcRQD72.jpg!m_fill,w_280,h_210,f_jpg?from=ke.com
20240117,西城,官园,101120795738,官苑8号 不临街高楼层的开间 满五唯一 精装修,700万,162301元/平,高楼层 (共16层) | 2007年 | 1室0厅 | 43.13平米 | 东,https://ke-image.ljcdn.com/110000-inspection/pc1_4OiXDe0Zs.jpg!m_fill,w_280,h_210,f_jpg?from=ke.com
20240117,西城,官园,101120791651,满五唯一 南向 采光好 无遮挡 景观好 户型方正,560万,123349元/平,顶层 (共6层) | 1987年 | 1室1厅 | 45.4平米 | 南,https://ke-image.ljcdn.com/110000-inspection/b981c76a-7c76-4267-a8b5-0c6345debf3c_1000.jpg!m_fill,w_280,h_210,f_jpg?from=ke.com
20240117,西城,官园,101120769232,东冠英胡同 满五唯一 经典两居室 低楼层 看房方便,730万,137736元/平,低楼层 (共6层) 2室1厅 | 53平米 | 东 北,https://ke-image.ljcdn.com/110000-inspection/pc1_lbu9gJBXJ.jpg!m_fill,w_280,h_210,f_jpg?from=ke.com
20240117,西城,官园,101120700923,官园 车公庄 育幼胡同  朝南一居室,698万,155804元/平,低楼层 (共12层) | 1980年 | 1室1厅 | 44.8平米 | 南,https://ke-image.ljcdn.com/110000-inspection/pc1_Nu3Y2qzF1.jpg!m_fill,w_280,h_210,f_jpg?from=ke.com
20240117,西城,官园,101120678139,冠英园小区经典大一居中高楼层采光视野好精装修,665万,126450元/平,高楼层 (共10层) 1室1厅 | 52.59平米 | 西,https://ke-image.ljcdn.com/110000-inspection/pc1_UbIO80SRS.jpg!m_fill,w_280,h_210,f_jpg?from=ke.com
20240117,西城,官园,101120671252,冠英园小区 中行宿舍 东南电梯直达 双卫 满五年唯一房主自荐,1450万,136535元/平,中楼层 (共10层) | 1998年 | 2室2厅 | 106.2平米 | 东南,https://ke-image.ljcdn.com/110000-inspection/pc1_MMJb0chSN.jpg!m_fill,w_280,h_210,f_jpg?from=ke.com
20240117,西城,官园,101120648498,二环内 西直门南大街中直机关院里 正规一室一厅,688万,148276元/平,中楼层 (共22层) | 1990年 | 1室1厅 | 46.4平米 | 南,https://ke-image.ljcdn.com/110000-inspection/pc1_UXDloSONo.jpg!m_fill,w_280,h_210,f_jpg?from=ke.com
20240117,西城,官园,101120639817,中直机关央产管理+封闭式管理+不临街,580万,168605元/平,低楼层 (共22层) | 1990年 | 1室0厅 | 34.4平米 | 东,https://ke-image.ljcdn.com/110000-inspection/pc1_K578uBvyq.jpg!m_fill,w_280,h_210,f_jpg?from=ke.com
20240117,西城,官园,101120596463,什刹海 官园胡同有电梯南北通透格局楼层好视野好,915万,147343元/平,中楼层 (共16层) | 1988年 | 2室1厅 | 62.1平米 | 南 北,https://ke-image.ljcdn.com/110000-inspection/pc1_VzjwxwQ5Z.jpg!m_fill,w_280,h_210,f_jpg?from=ke.com
20240117,西城,官园,101120575427,冠英园西区电梯直达三居室带正规大客厅精装修,1398万,134191元/平,顶层 (共10层) 3室2厅 | 104.18平米 | 东 西 北,https://ke-image.ljcdn.com/110000-inspection/pc1_TpF8KmOeZ.jpg!m_fill,w_280,h_210,f_jpg?from=ke.com
20240117,西城,官园,101120523459,柳巷15号院 南北通透 中行宿舍 中间层 随时看房主自荐,845万,144940元/平,低楼层 (共6层) | 1982年 | 2室1厅 | 58.3平米 | 南 北,https://ke-image.ljcdn.com/110000-inspection/pc1_5sipfWGlb.jpg!m_fill,w_280,h_210,f_jpg?from=ke.com
20240117,西城,官园,101120447538,大乘巷教师宿舍楼南向无遮挡采光好,560万,130842元/平,高楼层 (共6层) 1室1厅 | 42.8平米 | 南,https://ke-image.ljcdn.com/110000-inspection/pc1_0CWqjz1sd.jpg!m_fill,w_280,h_210,f_jpg?from=ke.com
20240117,西城,官园,101120329455,西直门南大街西区明厨明卫带电梯2居室,698万,115372元/平,低楼层 (共14层) 2室1厅 | 60.5平米 | 东,https://ke-image.ljcdn.com/110000-inspection/pc1_EtCSzotWx.jpg!m_fill,w_280,h_210,f_jpg?from=ke.com
20240117,西城,官园,101120270495,二环内中直院 带电梯朝南一居室,530万,162577元/平,中楼层 (共22层) | 1990年 | 1室1厅 | 32.6平米 | 南,https://ke-image.ljcdn.com/110000-inspection/pc1_7Sk2g1EIn.jpg!m_fill,w_280,h_210,f_jpg?from=ke.com
20240117,西城,官园,101120202552,二环内富国里小区1998年建成,1258万,155118元/平,中楼层 (共5层) | 1998年 | 3室1厅 | 81.1平米 | 南 北,https://ke-image.ljcdn.com/110000-inspection/pc1_zlwRGdfQy.jpg!m_fill,w_280,h_210,f_jpg?from=ke.com
20240117,西城,官园,101120124527,二环里东冠英胡同 低楼层 三居室 诚心出售,885万,129009元/平,低楼层 (共6层) 3室1厅 | 68.6平米 | 南 北 西,https://ke-image.ljcdn.com/110000-inspection/pc1_1i62BvuM0.jpg!m_fill,w_280,h_210,f_jpg?from=ke.com
20240117,西城,官园,101119987843,冠英园小区 电信宿舍 南北通透 大客厅朝南房主自荐,1295万,138503元/平,中楼层 (共10层) | 1999年 | 2室2厅 | 93.5平米 | 南 北,https://ke-image.ljcdn.com/110000-inspection/pc1_K1OgDpvPS_1.jpg!m_fill,w_280,h_210,f_jpg?from=ke.com
20240117,西城,官园,101119918359,国英园+楼龄新+配套齐全+朝东采光充足,620万,125000元/平,高楼层 (共6层) | 1997年 | 1室1厅 | 49.6平米 | 东,https://ke-image.ljcdn.com/110000-inspection/pc1_Rnqh5wBUU.jpg!m_fill,w_280,h_210,f_jpg?from=ke.com
20240117,西城,官园,101119898302,小区可停车户型好位置佳南北向70年产权住宅。,830万,75243元/平,低楼层 (共14层) 1室1厅 | 110.31平米 | 西,https://ke-image.ljcdn.com/110000-inspection/pc1_UUeOYMMWV.jpg!m_fill,w_280,h_210,f_jpg?from=ke.com
20240117,西城,官园,101119892192,西直门南大街东区 2室1厅 东南,747万,119904元/平,低楼层 (共16层) | 1989年 | 2室1厅 | 62.3平米 | 东南,https://ke-image.ljcdn.com/110000-inspection/pc1_yTwdtdIvc.jpg!m_fill,w_280,h_210,f_jpg?from=ke.com
20240117,西城,官园,101119868117,西直门南大街东区电梯直达正规两居室无遮挡房主自荐,765万,119719元/平,高楼层 (共16层) 2室1厅 | 63.9平米 | 东 北,https://ke-image.ljcdn.com/110000-inspection/pc1_0OXcaXnpv.jpg!m_fill,w_280,h_210,f_jpg?from=ke.com
20240117,西城,官园,101119806696,京剧院宿舍 两居室带正规客厅 满五唯一央产,960万,153600元/平,低楼层 (共16层) | 1993年 | 2室1厅 | 62.5平米 | 西北,https://ke-image.ljcdn.com/110000-inspection/pc1_67DqCYTjn.jpg!m_fill,w_280,h_210,f_jpg?from=ke.com
20240117,西城,官园,101119785414,官园南里三区信访局宿舍有管理带电梯两居室,860万,139611元/平,中楼层 (共11层) | 1986年 | 2室1厅 | 61.6平米 | 南 北,https://ke-image.ljcdn.com/110000-inspection/pc1_5gjMaKzum.jpg!m_fill,w_280,h_210,f_jpg?from=ke.com
20240117,西城,官园,101119420169,大乘巷教师宿舍楼采光好人文素质高,568万,132711元/平,高楼层 (共6层) | 1987年 | 1室1厅 | 42.8平米 | 南,https://ke-image.ljcdn.com/110000-inspection/pc1_zKirg2Ajd.jpg!m_fill,w_280,h_210,f_jpg?from=ke.com
20240117,西城,官园,101119315609,西直门南大街小区 带电梯电梯直达两居室带客厅,770万,127273元/平,低楼层 (共14层) 2室1厅 | 60.5平米 | 东南,https://ke-image.ljcdn.com/110000-inspection/pc1_wcnwU8sIZ.jpg!m_fill,w_280,h_210,f_jpg?from=ke.com
20240117,西城,官园,101119173026,二环内 官园胡同小区 优质房源,760万,139501元/平,高楼层 (共6层) | 1984年 | 2室1厅 | 54.48平米 | 南 北,https://ke-image.ljcdn.com/110000-inspection/pc1_RpYJxjRhD.jpg!m_fill,w_280,h_210,f_jpg?from=ke.com
20240117,西城,官园,101119058286,金果胡同 南北通透中间层两居 满五年唯一房主自荐,750万,132043元/平,低楼层 (共6层) | 1985年 | 2室1厅 | 56.8平米 | 南 北,https://ke-image.ljcdn.com/110000-inspection/pc1_bxwZsx7tm.jpg!m_fill,w_280,h_210,f_jpg?from=ke.com
20240117,西城,官园,101119014924,前半壁街35号院 高层带电梯一居 朝南采光好独立管理,518万,131473元/平,顶层 (共13层) 1室1厅 | 39.4平米 | 南,https://ke-image.ljcdn.com/110000-inspection/pc1_zqTJ4hnIY.jpg!m_fill,w_280,h_210,f_jpg?from=ke.com
20240117,西城,官园,101118994107,冠英园小区 大两居 大客厅 小区管理好 电梯直达,1510万,138915元/平,高楼层 (共10层) 2室2厅 | 108.7平米 | 西南,https://ke-image.ljcdn.com/110000-inspection/pc1_UAMGYsTG6.jpg!m_fill,w_280,h_210,f_jpg?from=ke.com
20240117,西城,官园,101118988735,金融街 官园 商品房社区 官苑8号 您的理想居所,748万,173430元/平,中楼层 (共16层) | 2007年 | 1室0厅 | 43.13平米 | 西,https://ke-image.ljcdn.com/110000-inspection/pc1_yRSlo2whz.jpg!m_fill,w_280,h_210,f_jpg?from=ke.com
20240117,西城,官园,101118704684,社科院央产管理+电梯直达+100米车公庄地铁口,775万,123016元/平,中楼层 (共16层) | 1986年 | 3室1厅 | 63平米 | 东 北,https://ke-image.ljcdn.com/110000-inspection/pc1_C3LqPANWp.jpg!m_fill,w_280,h_210,f_jpg?from=ke.com
20240117,西城,官园,101118529641,官园公寓 二环内 高品质 商品房 户型合理 不爬楼房主自荐,2480万,128899元/平,底层 (共4层) | 1998年 | 4室2厅 | 192.4平米 | 东 西,https://ke-image.ljcdn.com/110000-inspection/pc1_rnf9o9pZQ.jpg!m_fill,w_280,h_210,f_jpg?from=ke.com
20240117,西城,官园,101118418591,西直门南小街 封闭式管理社区 精装,730万,132970元/平,高楼层 (共6层) | 1989年 | 2室1厅 | 54.9平米 | 东 西,https://ke-image.ljcdn.com/110000-inspection/pc1_JWdyr9vvo.jpg!m_fill,w_280,h_210,f_jpg?from=ke.com
20240117,西城,官园,101118416916,二环里 东冠英胡同 中间楼层两居室房主自荐,810万,138462元/平,中楼层 (共6层) | 1984年 | 2室1厅 | 58.5平米 | 西北,https://ke-image.ljcdn.com/110000-inspection/pc1_N4dbz3KpL.jpg!m_fill,w_280,h_210,f_jpg?from=ke.com
20240117,西城,官园,101118407256,冠英园西区  南北通透户型方正。,1035万,97651元/平,地下室 (共10层) | 1999年 | 2室1厅 | 105.99平米 | 南 北,https://ke-image.ljcdn.com/110000-inspection/bcd405b6-2a85-4c9b-a7f5-9c3d421f94fd_1000.jpg!m_fill,w_280,h_210,f_jpg?from=ke.com
20240117,西城,官园,101118287287,二环内 官园新街口 南小街16号 通透两居 诚意卖,818万,148999元/平,中楼层 (共6层) | 1989年 | 2室1厅 | 54.9平米 | 东 西,https://ke-image.ljcdn.com/110000-inspection/pc1_ih655mN3o.jpg!m_fill,w_280,h_210,f_jpg?from=ke.com
20240117,西城,官园,101118273832,柳巷15号院中行宿舍 南北通透 不临街 诚心出售,820万,141136元/平,底层 (共6层) 2室1厅 | 58.1平米 | 南 北,https://ke-image.ljcdn.com/110000-inspection/pc1_1wTunkiLm.jpg!m_fill,w_280,h_210,f_jpg?from=ke.com
20240117,西城,官园,101118203013,西直门南大街东区 电梯直达两居  精装修房主自荐,820万,135314元/平,中楼层 (共14层) 2室1厅 | 60.6平米 | 东南,https://ke-image.ljcdn.com/110000-inspection/pc1_GXagkDaIv.jpg!m_fill,w_280,h_210,f_jpg?from=ke.com
20240117,西城,官园,101118162140,二环内小户型东向高层采光视野好没遮挡小区正在改造,635万,133967元/平,高楼层 (共6层) 1室1厅 | 47.4平米 | 东 西,https://ke-image.ljcdn.com/110000-inspection/pc1_gWwooFs5L.jpg!m_fill,w_280,h_210,f_jpg?from=ke.com
20240117,西城,官园,101118104844,二环里 东冠英胡同 中间楼层 精装修,700万,132076元/平,中楼层 (共6层) 2室1厅 | 53平米 | 东北,https://ke-image.ljcdn.com/110000-inspection/pc1_ctek7k6Yh.jpg!m_fill,w_280,h_210,f_jpg?from=ke.com
20240117,西城,官园,101118042775,二环里柳巷15号院中国银行家属院,560万,132388元/平,顶层 (共6层) | 1985年 | 1室1厅 | 42.3平米 | 南,https://ke-image.ljcdn.com/110000-inspection/pc1_E7pEVZKCT.jpg!m_fill,w_280,h_210,f_jpg?from=ke.com
20240117,西城,官园,101118020988,育幼胡同 1室1厅 南,658万,179782元/平,低楼层 (共6层) | 1981年 | 1室1厅 | 36.6平米 | 南,https://ke-image.ljcdn.com/110000-inspection/pc1_DawLd8uJz_1.jpg!m_fill,w_280,h_210,f_jpg?from=ke.com
20240117,西城,官园,101117969745,冠英园西区 二环内 电梯 正规一居室  诚心出售,630万,118177元/平,低楼层 (共10层) 1室1厅 | 53.31平米 | 西,https://ke-image.ljcdn.com/110000-inspection/pc1_ntFbxCOy6.jpg!m_fill,w_280,h_210,f_jpg?from=ke.com
20240117,西城,官园,101117933332,大乘巷教委宿舍朝南大一居正规客厅满五年唯一闹中取静房主自荐,678万,145494元/平,高楼层 (共6层) 1室1厅 | 46.6平米 | 南,https://ke-image.ljcdn.com/110000-inspection/pc1_rsUoGs5Do.jpg!m_fill,w_280,h_210,f_jpg?from=ke.com
20240117,西城,官园,101117885284,二环内+二层+楼龄新+南北通透+正规客厅,865万,139068元/平,低楼层 (共6层) 2室1厅 | 62.2平米 | 南 北,https://ke-image.ljcdn.com/110000-inspection/pc1_fF1654Q4F.jpg!m_fill,w_280,h_210,f_jpg?from=ke.com
20240117,西城,官园,101117805893,前半壁街  东西一居室 业主诚心出售 看房方便,590万,123431元/平,高楼层 (共6层) | 1989年 | 1室1厅 | 47.8平米 | 东,https://ke-image.ljcdn.com/110000-inspection/pc1_RMYXmU12R.jpg!m_fill,w_280,h_210,f_jpg?from=ke.com
20240117,西城,官园,101117755551,官园二环内富国里小区南北通透一居室房主自荐,860万,142621元/平,中楼层 (共6层) | 1999年 | 1室1厅 | 60.3平米 | 南 北,https://ke-image.ljcdn.com/110000-inspection/pc1_ChRz5EeN0.jpg!m_fill,w_280,h_210,f_jpg?from=ke.com
20240117,西城,官园,101117710253,顶层无噪音电梯直达远眺金融街,968万,148695元/平,顶层 (共16层) | 1988年 | 2室1厅 | 65.1平米 | 南,https://ke-image.ljcdn.com/110000-inspection/prod-fc4ba71e-8842-44b7-86ae-5af0ddb3d437.jpg!m_fill,w_280,h_210,f_jpg?from=ke.com
20240117,西城,官园,101117481453,二环内社科院央产独立管理带电梯视野开阔房主自荐,750万,134893元/平,中楼层 (共16层) | 1986年 | 2室1厅 | 55.6平米 | 西,https://ke-image.ljcdn.com/110000-inspection/pc1_ifXbJhYGf.jpg!m_fill,w_280,h_210,f_jpg?from=ke.com
20240117,西城,官园,101117264377,官苑8号 正规大两居 高楼层 满五年唯一,1856万,179933元/平,中楼层 (共16层) 2室1厅 | 103.15平米 | 东,https://ke-image.ljcdn.com/110000-inspection/pc1_nR3TrGDdL.jpg!m_fill,w_280,h_210,f_jpg?from=ke.com
20240117,西城,官园,101117230218,西直门南大街东区 2室1厅 南房主自荐,800万,137932元/平,中楼层 (共16层) 2室1厅 | 58平米 | 南,https://ke-image.ljcdn.com/110000-inspection/pc1_OhKsXVtJJ.jpg!m_fill,w_280,h_210,f_jpg?from=ke.com
20240117,西城,官园,101116333933,环保部宿舍朝南向1居室满5年唯一商品房看房方便房主自荐,638万,149766元/平,底层 (共6层) | 1985年 | 1室1厅 | 42.6平米 | 南,https://ke-image.ljcdn.com/110000-inspection/pc1_cr8UcPUBu.jpg!m_fill,w_280,h_210,f_jpg?from=ke.com
20240117,西城,官园,101115717230,富国里南北通透三居室采光视野好南北通风。,1298万,160050元/平,中楼层 (共5层) | 1998年 | 3室1厅 | 81.1平米 | 南 北,https://ke-image.ljcdn.com/110000-inspection/pc1_3i31rskqv_1.jpg!m_fill,w_280,h_210,f_jpg?from=ke.com
20240117,西城,官园,101115644043,前半壁街小区  南北通透    满五年唯一  三居室,840万,115544元/平,顶层 (共6层) | 1989年 | 3室1厅 | 72.7平米 | 南 北,https://ke-image.ljcdn.com/110000-inspection/pc1_RgjGHm8UA.jpg!m_fill,w_280,h_210,f_jpg?from=ke.com
20240117,西城,官园,101114682435,冠英园小区中行宿舍 南北通透挂东窗二环内低密6层板楼房主自荐,1900万,166667元/平,底层 (共6层) 2室1厅 | 114平米 | 东南 北,https://ke-image.ljcdn.com/110000-inspection/pc1_K6NoNSlJF.jpg!m_fill,w_280,h_210,f_jpg?from=ke.com
20240117,西城,官园,101112429117,前半壁街中间层2居室业主诚心出售,740万,123954元/平,中楼层 (共6层) | 1987年 | 2室1厅 | 59.7平米 | 南 北,https://ke-image.ljcdn.com/110000-inspection/33e4ec32-9705-4ff9-b431-7e630594a5f4_1000.jpg!m_fill,w_280,h_210,f_jpg?from=ke.com
20240117,西城,官园,101122559915,西直门内大街 1室1厅 南,630万,154792元/平,底层 (共16层) 1室1厅 | 40.7平米 | 南,https://ke-image.ljcdn.com/110000-inspection/pc1_ePuNDGwWp.jpg!m_fill,w_280,h_210,f_jpg?from=ke.com
20240117,西城,官园,101122559898,西直门内大街 2室1厅 东南,800万,136519元/平,低楼层 (共16层) 2室1厅 | 58.6平米 | 东南,https://ke-image.ljcdn.com/110000-inspection/pc1_o2S3TkocV.jpg!m_fill,w_280,h_210,f_jpg?from=ke.com
20240117,西城,官园,101122431854,西派国际公寓 2室1厅 东 西 北,1660万,122519元/平,中楼层 (共17层) 2室1厅 | 135.49平米 | 东 西 北,https://ke-image.ljcdn.com/110000-inspection/pc1_cptFF2rm8.jpg!m_fill,w_280,h_210,f_jpg?from=ke.com
20240117,西城,官园,101122431843,冠英园小区 满五唯一 商品房  正规一室一厅,535万,120225元/平,底层 (共10层) | 1998年 | 1室1厅 | 44.5平米 | 西,https://ke-image.ljcdn.com/110000-inspection/pc1_IkeSLpCiJ.jpg!m_fill,w_280,h_210,f_jpg?from=ke.com
20240117,西城,官园,101122415459,冠英园西区板楼南向一居室采光好,628万,113563元/平,高楼层 (共6层) | 1997年 | 1室1厅 | 55.3平米 | 南,https://ke-image.ljcdn.com/110000-inspection/pc1_O2SDfwRGO.jpg!m_fill,w_280,h_210,f_jpg?from=ke.com
20240117,西城,官园,101122351232,国英一号 1室1厅 西,775万,69921元/平,高楼层 (共14层) | 2000年 | 1室1厅 | 110.84平米 | 西,https://ke-image.ljcdn.com/110000-inspection/pc1_QKvKwLIxr.jpg!m_fill,w_280,h_210,f_jpg?from=ke.com
20240117,西城,官园,101122351311,国英一号 1室1厅 西,765万,69991元/平,高楼层 (共14层) | 2000年 | 1室1厅 | 109.3平米 | 西,https://ke-image.ljcdn.com/110000-inspection/pc1_cZt1a1Yxi.jpg!m_fill,w_280,h_210,f_jpg?from=ke.com
20240117,西城,官园,101122351199,国英一号 1室1厅 东,759万,69271元/平,高楼层 (共14层) | 2000年 | 1室1厅 | 109.57平米 | 东,https://ke-image.ljcdn.com/110000-inspection/pc1_YJda3HhMF.jpg!m_fill,w_280,h_210,f_jpg?from=ke.com
20240117,西城,官园,101122351139,国英一号 1室1厅 西,746万,69936元/平,高楼层 (共14层) 1室1厅 | 106.67平米 | 西,https://ke-image.ljcdn.com/110000-inspection/pc1_AkwKRqDJV.jpg!m_fill,w_280,h_210,f_jpg?from=ke.com
20240117,西城,官园,101122323811,冠英园小区 东西北朝向 三居室,1075万,134881元/平,低楼层 (共10层) | 1998年 | 3室1厅 | 79.7平米 | 东 西 北,https://ke-image.ljcdn.com/110000-inspection/pc1_ibm43eMNm.jpg!m_fill,w_280,h_210,f_jpg?from=ke.com
20240117,西城,官园,101122317247,京剧院宿舍 东南向 三居室 精装修 电梯直达,1319万,161247元/平,低楼层 (共16层) | 1995年 | 3室1厅 | 81.8平米 | 东南,https://ke-image.ljcdn.com/110000-inspection/pc1_QhzNUE0c8.jpg!m_fill,w_280,h_210,f_jpg?from=ke.com
20240117,西城,官园,101122272973,西直门内大街 电梯直达 小区管理好,598万,142381元/平,低楼层 (共16层) 1室1厅 | 42平米 | 南,https://ke-image.ljcdn.com/110000-inspection/pc1_QyeDMEMhX.jpg!m_fill,w_280,h_210,f_jpg?from=ke.com
20240117,西城,官园,101122215806,国英大厦 3室2厅 北,1645万,88034元/平,中楼层 (共11层) | 2002年 | 3室2厅 | 186.86平米 | 北,https://ke-image.ljcdn.com/110000-inspection/pc1_9BhlTCeBP.jpg!m_fill,w_280,h_210,f_jpg?from=ke.com
20240117,西城,官园,101122129790,西直门南大街带电梯三居楼下有停车场西南向采光好,1088万,141483元/平,低楼层 (共22层) 3室1厅 | 76.9平米 | 南 西南,https://ke-image.ljcdn.com/110000-inspection/pc1_7v1aHzjnQ.jpg!m_fill,w_280,h_210,f_jpg?from=ke.com
20240117,西城,官园,101122129277,满五年商品房南北通透无抵押可随时交易。,918万,141667元/平,中楼层 (共6层) | 1997年 | 2室1厅 | 64.8平米 | 南 北,https://ke-image.ljcdn.com/110000-inspection/pc1_QVaumlzg7.jpg!m_fill,w_280,h_210,f_jpg?from=ke.com
20240117,西城,官园,101122084150,西直门 官园 西北一居室 楼层高视野好房主自荐,868万,137125元/平,顶层 (共5层) | 1998年 | 1室1厅 | 63.3平米 | 西北,https://ke-image.ljcdn.com/110000-inspection/pc1_kAw5Y8a8h.jpg!m_fill,w_280,h_210,f_jpg?from=ke.com
20240117,西城,官园,101122006759,车公庄社科院宿舍不临街采光好电梯直达户型有转换空间房主自荐,640万,129555元/平,高楼层 (共14层) | 1989年 | 1室1厅 | 49.4平米 | 东,https://ke-image.ljcdn.com/110000-inspection/pc1_DIGAffzjY.jpg!m_fill,w_280,h_210,f_jpg?from=ke.com
20240117,西城,官园,101121914835,育幼胡同 南北通透两居室 独立小区房主自荐,799万,156361元/平,底层 (共6层) | 1981年 | 2室1厅 | 51.1平米 | 南 北,https://ke-image.ljcdn.com/110000-inspection/pc1_VbCRBpPFC.jpg!m_fill,w_280,h_210,f_jpg?from=ke.com
20240117,西城,官园,101121830905,玉廊园 3室1厅 南 北,589万,90616元/平,地下室 (共5层) | 1999年 | 3室1厅 | 65平米 | 南 北,https://ke-image.ljcdn.com/110000-inspection/pc1_kk13i7CVb.jpg!m_fill,w_280,h_210,f_jpg?from=ke.com
20240117,西城,官园,101121798244,西直门南大街西区满五年唯一带电梯近地铁房主自荐,555万,115385元/平,中楼层 (共14层) 1室1厅 | 48.1平米 | 东,https://ke-image.ljcdn.com/110000-inspection/pc1_G9PLxNhpY.jpg!m_fill,w_280,h_210,f_jpg?from=ke.com
20240117,西城,官园,101121658007,二环内新街口冠英园小区楼龄新近地铁,976万,134844元/平,顶层 (共10层) 2室1厅 | 72.38平米 | 东 西,https://ke-image.ljcdn.com/110000-inspection/2c5852a6-0358-4ea7-9426-0abb176961cc_1000.jpg!m_fill,w_280,h_210,f_jpg?from=ke.com
20240117,西城,官园,101121650598,官园公寓西二环内低密度板楼商品房社区,1798万,126620元/平,顶层 (共4层) | 1998年 | 5室1厅 | 142平米 | 东 西,https://ke-image.ljcdn.com/110000-inspection/pc1_pYrczo2fd.jpg!m_fill,w_280,h_210,f_jpg?from=ke.com
20240117,西城,官园,101121541505,官园 金融街 精装修 不临街 西派国际公寓 看房方便房主自荐,720万,80899元/平,低楼层 (共17层) 1室0厅 | 89平米 | 西,https://ke-image.ljcdn.com/110000-inspection/pc1_Q4elcUXqZ.jpg!m_fill,w_280,h_210,f_jpg?from=ke.com
20240117,西城,官园,101121510454,西派国际公寓 方正五居室 三面采光 精装修,3300万,119887元/平,低楼层 (共17层) 5室1厅 | 275.26平米 | 东 南 西,https://ke-image.ljcdn.com/110000-inspection/pc1_4o5eTRMJF.jpg!m_fill,w_280,h_210,f_jpg?from=ke.com
20240117,西城,官园,101121403393,小后仓+中间楼层无遮挡+满五年+东南向大一居房主自荐,499万,108243元/平,中楼层 (共9层) 1室1厅 | 46.1平米 | 东南,https://ke-image.ljcdn.com/110000-inspection/pc1_n7IHi5qHh.jpg!m_fill,w_280,h_210,f_jpg?from=ke.com
20240117,西城,官园,101121309573,新街口冠英园西区优质三居室南北通透双卫楼龄新房主自荐,1580万,137871元/平,高楼层 (共6层) 3室1厅 | 114.6平米 | 南 北,https://ke-image.ljcdn.com/110000-inspection/pc1_lcQVluKjh.jpg!m_fill,w_280,h_210,f_jpg?from=ke.com
20240117,西城,官园,101121293434,东廊下胡同 23.3㎡ 精装平房 上下复式房主自荐,390万,167382元/平,底层 (共1层) 1室1厅 | 23.3平米 | 南,https://ke-image.ljcdn.com/110000-inspection/pc1_UqrY9OQkS.jpg!m_fill,w_280,h_210,f_jpg?from=ke.com
20240117,西城,官园,101121287065,富国里小区 精装通透大两居 中间楼层采光好,1138万,146085元/平,中楼层 (共6层) | 1999年 | 2室1厅 | 77.9平米 | 东 西,https://ke-image.ljcdn.com/110000-inspection/pc1_DLQ3tuP5W.jpg!m_fill,w_280,h_210,f_jpg?from=ke.com
20240117,西城,官园,101121274090,官苑8号 南北三居室 精装修 不临街 对小区花园,2913万,179960元/平,中楼层 (共16层) | 2007年 | 3室2厅 | 161.87平米 | 南 北,https://ke-image.ljcdn.com/110000-inspection/pc1_ghGItWJDU.jpg!m_fill,w_280,h_210,f_jpg?from=ke.com
20240117,西城,官园,101121232794,西直门内大街+精装刚两年+南向采光好,560万,133334元/平,中楼层 (共16层) | 1982年 | 1室1厅 | 42平米 | 南,https://ke-image.ljcdn.com/110000-inspection/pc1_LipuOTVgc.jpg!m_fill,w_280,h_210,f_jpg?from=ke.com
20240117,西城,官园,101121082881,国英大厦 4室1厅 北,1800万,87960元/平,中楼层 (共11层) | 2002年 | 4室1厅 | 204.64平米 | 北,https://ke-image.ljcdn.com/110000-inspection/pc1_pKljFKSIr.jpg!m_fill,w_280,h_210,f_jpg?from=ke.com
20240117,西城,官园,101121082774,国英大厦 4室1厅 北,2248万,85017元/平,低楼层 (共11层) | 2002年 | 4室1厅 | 264.42平米 | 北,https://ke-image.ljcdn.com/110000-inspection/pc1_CImjb6eJa.jpg!m_fill,w_280,h_210,f_jpg?from=ke.com
20240117,西城,官园,101120992994,国英园新上4室3厅3卫交通便利业主诚心出售房主自荐,1920万,114833元/平,顶层 (共6层) | 1998年 | 4室3厅 | 167.2平米 | 南 北,https://ke-image.ljcdn.com/110000-inspection/pc1_gmaAS5ddy.jpg!m_fill,w_280,h_210,f_jpg?from=ke.com
20240117,西城,官园,101120823572,官园珠宝城  中行家属楼 产权清晰 随时看房,1960万,113426元/平,顶层 (共18层) | 2000年 | 4室2厅 | 172.8平米 | 东南,https://ke-image.ljcdn.com/110000-inspection/pc1_g6ri97qKP_1.jpg!m_fill,w_280,h_210,f_jpg?from=ke.com
20240117,西城,官园,101120816406,西直门内大街+满五年+商务部分房+高楼层,840万,121563元/平,顶层 (共16层) 3室1厅 | 69.1平米 | 西北,https://ke-image.ljcdn.com/110000-inspection/143e1675-5f51-4b03-9338-66d84247de51_1000.jpg!m_fill,w_280,h_210,f_jpg?from=ke.com
20240117,西城,官园,101120729301,二环内70年产权 2000年上下复式 双卫,960万,55018元/平,低楼层 (共23层) | 2000年 | 2室2厅 | 174.49平米 | 东 西,https://ke-image.ljcdn.com/110000-inspection/pc1_Z6vyNbQb2.jpg!m_fill,w_280,h_210,f_jpg?from=ke.com
20240117,西城,官园,101120672169,院中间不临街大三居户型好精装修成本低采光足房主自荐,2028万,143728元/平,高楼层 (共6层) | 1997年 | 3室2厅 | 141.1平米 | 南 北,https://ke-image.ljcdn.com/110000-inspection/pc1_6PaQHJ8g7.jpg!m_fill,w_280,h_210,f_jpg?from=ke.com
20240117,西城,官园,101120609986,官苑八号 南北高层正规两室一大厅 满五年唯一房主自荐,1560万,172854元/平,高楼层 (共16层) | 2006年 | 2室1厅 | 90.25平米 | 南 北,https://ke-image.ljcdn.com/110000-inspection/1ee1ba4b-6462-412f-9f83-cc41621e6e14_1000.jpg!m_fill,w_280,h_210,f_jpg?from=ke.com
20240117,西城,官园,101120316688,国英一号 国英园 70年产权住宅 民水民电房主自荐,640万,69596元/平,低楼层 (共14层) 1室1厅 | 91.96平米 | 东,https://ke-image.ljcdn.com/110000-inspection/pc1_vGzDTc76O.jpg!m_fill,w_280,h_210,f_jpg?from=ke.com
20240117,西城,官园,101119981170,成铭大厦 二环内电梯复式房 随时签约,1060万,58574元/平,低楼层 (共28层) 4室2厅 | 180.97平米 | 东 西,https://ke-image.ljcdn.com/110000-inspection/pc1_0N6tgIyH4.jpg!m_fill,w_280,h_210,f_jpg?from=ke.com
20240117,西城,官园,101119537754,新街口优质两居室电梯直达双朝南业主诚心出售房主自荐,840万,144828元/平,高楼层 (共16层) | 1989年 | 2室1厅 | 58平米 | 南,https://ke-image.ljcdn.com/110000-inspection/pc1_qLZgOKdvY.jpg!m_fill,w_280,h_210,f_jpg?from=ke.com
20240117,西城,官园,101119536814,国英一号+二环内+2000年楼龄,1420万,62910元/平,中楼层 (共14层) 3室1厅 | 225.72平米 | 南,https://ke-image.ljcdn.com/110000-inspection/pc1_0rklpnBD5.jpg!m_fill,w_280,h_210,f_jpg?from=ke.com
20240117,西城,官园,101119341521,西派国际公寓 二环内 2009年 环境采光视野好,1380万,109952元/平,中楼层 (共17层) 2室1厅 | 125.51平米 | 东,https://ke-image.ljcdn.com/110000-inspection/pc1_YoeBrxU8Q.jpg!m_fill,w_280,h_210,f_jpg?from=ke.com
20240117,西城,官园,101118866953,官园 玉廊园小区 南北朝向 大两居室 每层一户采光好,1450万,146465元/平,中楼层 (共5层) | 1999年 | 2室1厅 | 99平米 | 南 北,https://ke-image.ljcdn.com/110000-inspection/pc1_b3j8ka3mn_1.jpg!m_fill,w_280,h_210,f_jpg?from=ke.com
20240117,西城,官园,101118336299,西城 新街口 机械部 2居 采光好 有电梯 近地铁 南北房主自荐,850万,136218元/平,低楼层 (共16层) | 1983年 | 2室1厅 | 62.4平米 | 南 北,https://ke-image.ljcdn.com/110000-inspection/e3f6ca84-04ad-4c53-b6fe-5ba90b0d562c_1000.jpg!m_fill,w_280,h_210,f_jpg?from=ke.com
20240117,西城,官园,101118218335,富国里南北通透精装修四居室满五年唯一。,1698万,116302元/平,顶层 (共6层) | 1999年 | 4室2厅 | 146平米 | 南 北,https://ke-image.ljcdn.com/110000-inspection/pc1_IFZtvoJKu.jpg!m_fill,w_280,h_210,f_jpg?from=ke.com
20240117,西城,官园,101117090914,冠英园小区跃层5居室满2年商品房视野采光好,2600万,122192元/平,高楼层 (共10层) | 1999年 | 5室2厅 | 212.78平米 | 南 西 北,https://ke-image.ljcdn.com/110000-inspection/3253f1a8-9162-4dd3-b12e-59de19604cc4_1000.jpg!m_fill,w_280,h_210,f_jpg?from=ke.com
20240117,西城,官园,101116596690,西派国际公寓 二环内 09年商品房高品质住宅 70年产权,2738万,90325元/平,低楼层 (共17层) | 2009年 | 4室1厅 | 303.13平米 | 西北,https://ke-image.ljcdn.com/110000-inspection/pc1_NKFpGWq1a_1.jpg!m_fill,w_280,h_210,f_jpg?from=ke.com
20240117,西城,官园,101116523280,低楼层 南北四居室 适合三世同堂居住房主自荐,980万,74361元/平,地下室 (共5层) 4室1厅 | 131.79平米 | 南 北,https://ke-image.ljcdn.com/110000-inspection/df63fb53-c3f2-4e8f-a6ee-3d2136b5ee00_1000.jpg!m_fill,w_280,h_210,f_jpg?from=ke.com
20240117,西城,官园,101113952566,成铭大厦 精装修自住复式 交通方便随时看房房主自荐,1350万,59838元/平,低楼层 (共28层) | 2000年 | 3室2厅 | 225.61平米 | 东 西,https://ke-image.ljcdn.com/110000-inspection/pc1_jod5ID6OM.jpg!m_fill,w_280,h_210,f_jpg?from=ke.com
20240117,西城,官园,101122620098,玉廊园 1室1厅 南新上,950万,149372元/平,中楼层 (共5层) | 1999年 | 1室1厅 | 63.6平米 | 南,https://s1.ljcdn.com/pegasus/redskull/images/common/default_house_list.png?_v=202401081627157
20240117,西城,官园,101122337134,二环内前半壁街6层板楼带电梯精装一居成本低！房主自荐,585万,123418元/平,顶层 (共6层) | 1989年 | 1室1厅 | 47.4平米 | 东 西,https://s1.ljcdn.com/pegasus/redskull/images/common/default_house_list.png?_v=202401081627157
20240117,西城,官园,101122235873,冠英园小区 精装两居室 楼龄新,860万,119945元/平,高楼层 (共7层) | 1997年 | 2室1厅 | 71.7平米 | 南 北,https://s1.ljcdn.com/pegasus/redskull/images/common/default_house_list.png?_v=202401081627157
20240117,西城,官园,101122173765,官苑8号 正规两居室 西南朝向 户型方正,1695万,179956元/平,中楼层 (共16层) | 2007年 | 2室1厅 | 94.19平米 | 西南,https://s1.ljcdn.com/pegasus/redskull/images/common/default_house_list.png?_v=202401081627157
