20240712,朝阳,国展,101125226457,新上田字格三居室 满五年唯一 公积金贷款27年必看好房,450万,64305元/平,底层 (共6层) 3室1厅 | 69.98平米 | 南 北,https://ke-image.ljcdn.com/110000-inspection/pc1_E7Em891BC.jpg!m_fill,w_280,h_210,f_jpg?from=ke.com
20240712,朝阳,国展,101124991190,静安东里可公积金贷款   刚需 成本低必看好房,218万,56056元/平,底层 (共6层) 1室1厅 | 38.89平米 | 东南,https://ke-image.ljcdn.com/110000-inspection/5d436700-e003-4b25-8d2c-332c9968eddf_1000.jpg!m_fill,w_280,h_210,f_jpg?from=ke.com
20240712,朝阳,国展,101124976527,此房满五年南向1居室采光充足不临街无遮挡必看好房,226万,53227元/平,高楼层 (共6层) 1室1厅 | 42.46平米 | 南,https://ke-image.ljcdn.com/110000-inspection/842a8ebd-3801-40d3-8c79-a090a42c6db0_1000.jpg!m_fill,w_280,h_210,f_jpg?from=ke.com
20240712,朝阳,国展,101124846698,视野开阔采光充足电梯高楼层看房基本随时必看好房,398万,56988元/平,高楼层 (共12层) | 1984年 | 3室1厅 | 69.84平米 | 南 北,https://ke-image.ljcdn.com/110000-inspection/4a773b1c-fcd5-4ebb-9ac7-1417af313a66_1000.jpg!m_fill,w_280,h_210,f_jpg?from=ke.com
20240712,朝阳,国展,101124646990,东直门外 精装南向一居室 首套首付88万 诚心出售必看好房,255万,56516元/平,高楼层 (共6层) 1室1厅 | 45.12平米 | 东南,https://ke-image.ljcdn.com/110000-inspection/pc1_1waNWBQKN_1.jpg!m_fill,w_280,h_210,f_jpg?from=ke.com
20240712,朝阳,国展,101125243435,柳芳南里2002年楼龄管理好必看好房,799万,78142元/平,低楼层 (共18层) 3室1厅 | 102.25平米 | 南 西,https://ke-image.ljcdn.com/110000-inspection/8a9711c3-6c72-4396-908e-a255e944375b_1000.jpg!m_fill,w_280,h_210,f_jpg?from=ke.com
20240712,朝阳,国展,101125228058,左家庄正南向一居室精装修拎包入住67-楼龄必看好房,198万,52590元/平,中楼层 (共6层) 1室1厅 | 37.65平米 | 南,https://ke-image.ljcdn.com/110000-inspection/2161e7f7-887c-4b7b-82ea-781b3c03f6c8_1000.jpg!m_fill,w_280,h_210,f_jpg?from=ke.com
20240712,朝阳,国展,101125090761,20万精装修南北通透三居室公积金可贷24年,370万,62596元/平,高楼层 (共6层) | 1981年 | 3室1厅 | 59.11平米 | 东南 西北,https://ke-image.ljcdn.com/110000-inspection/676bfbea-bb40-46d3-bd8e-7d2f2effcb33_1000.jpg!m_fill,w_280,h_210,f_jpg?from=ke.com
20240712,朝阳,国展,101124800262,东三环 东北向3居室 满五年 唯一 低楼层 诚售,350万,56009元/平,低楼层 (共6层) 3室1厅 | 62.49平米 | 东 南 北,https://ke-image.ljcdn.com/110000-inspection/456d22fc-5d26-491c-b4e3-bf0ac07828f3_1000.jpg!m_fill,w_280,h_210,f_jpg?from=ke.com
20240712,朝阳,国展,101124588023,三元桥 满五年 三层 精装 不临街 公积金贷款24必看好房,330万,58919元/平,中楼层 (共5层) 2室1厅 | 56.01平米 | 南 北,https://ke-image.ljcdn.com/110000-inspection/pc1_jyQnND02A.jpg!m_fill,w_280,h_210,f_jpg?from=ke.com
20240712,朝阳,国展,101124582985,柳芳南里 双卧朝南 方正三居 有电梯必看好房,638万,75827元/平,低楼层 (共18层) 3室1厅 | 84.14平米 | 东南,https://ke-image.ljcdn.com/110000-inspection/b32c1dfe-3ef2-4ebc-aa45-7b66eb992e86_1000.jpg!m_fill,w_280,h_210,f_jpg?from=ke.com
20240712,朝阳,国展,101124524439,左家庄西街1号院 1室1厅 南,280万,60022元/平,中楼层 (共6层) 1室1厅 | 46.65平米 | 南,https://ke-image.ljcdn.com/110000-inspection/910378cd-407b-4163-a4ee-24539db5e3db_1000.jpg!m_fill,w_280,h_210,f_jpg?from=ke.com
20240712,朝阳,国展,101124517138,左家庄南里 精装一居室 明厨明卫 1996年钢混必看好房,289万,57433元/平,中楼层 (共14层) | 1996年 | 1室1厅 | 50.32平米 | 北 南,https://ke-image.ljcdn.com/110000-inspection/pc1_pBRFzaXzD_2.jpg!m_fill,w_280,h_210,f_jpg?from=ke.com
20240712,朝阳,国展,101124426004,有电梯 柳芳南里 精装两居 诚心出售必看好房,420万,70529元/平,低楼层 (共6层) 2室1厅 | 59.55平米 | 南 北,https://ke-image.ljcdn.com/110000-inspection/715314da-b1a5-429b-931b-d2f40923c574_1000.jpg!m_fill,w_280,h_210,f_jpg?from=ke.com
20240712,朝阳,国展,101124386531,新天第双南两居可以看到河景户型方正,960万,71196元/平,低楼层 (共28层) 2室1厅 | 134.84平米 | 南,https://ke-image.ljcdn.com/110000-inspection/pc1_qAFj4yT2y.jpg!m_fill,w_280,h_210,f_jpg?from=ke.com
20240712,朝阳,国展,101124353084,十佳文明小区 南北通透 中间层三居室必看好房,485万,67521元/平,中楼层 (共6层) 3室1厅 | 71.83平米 | 南 北,https://ke-image.ljcdn.com/110000-inspection/pc1_dw0ETm17P_2.jpg!m_fill,w_280,h_210,f_jpg?from=ke.com
20240712,朝阳,国展,101124317299,满五年福利分房南北通透两居室中间层无遮挡,315万,55196元/平,中楼层 (共6层) 2室1厅 | 57.07平米 | 南 北,https://ke-image.ljcdn.com/110000-inspection/pc1_BrlI2Xu7a_2.jpg!m_fill,w_280,h_210,f_jpg?from=ke.com
20240712,朝阳,国展,101124299059,三元桥 静安里 带客厅电梯房两居室 满五唯一 管理好房主自荐,388万,58584元/平,中楼层 (共22层) 2室1厅 | 66.23平米 | 东北 西北,https://ke-image.ljcdn.com/110000-inspection/24e01134-0bd1-4bbd-a3f3-df21fef0424d_1000.jpg!m_fill,w_280,h_210,f_jpg?from=ke.com
20240712,朝阳,国展,101124133451,此房南北通透格局好 低楼层 配套成熟 安静不临街必看好房,363万,63707元/平,低楼层 (共6层) 2室1厅 | 56.98平米 | 南 西 北,https://ke-image.ljcdn.com/110000-inspection/d1dad55a-84f7-41aa-b7d1-8f41848968c2_1000.jpg!m_fill,w_280,h_210,f_jpg?from=ke.com
20240712,朝阳,国展,101124112341,柳芳北里双南卧室户型好视野好 布局合理,408万,68274元/平,低楼层 (共14层) | 1988年 | 2室1厅 | 59.76平米 | 南,https://ke-image.ljcdn.com/110000-inspection/832a3527-484a-45ff-b493-36f95461b62b_1000.jpg!m_fill,w_280,h_210,f_jpg?from=ke.com
20240712,朝阳,国展,101124027668,左家庄北里 南北通透 满五唯一 公积金30年必看好房,290万,50682元/平,高楼层 (共6层) 2室1厅 | 57.22平米 | 南 北,https://ke-image.ljcdn.com/110000-inspection/4eb5575a-5e6b-4955-ad15-31fa345c4911_1000.jpg!m_fill,w_280,h_210,f_jpg?from=ke.com
20240712,朝阳,国展,101123989210,电梯东南三居室 看房有钥匙 随时签约必看好房,663万,77964元/平,高楼层 (共18层) 3室1厅 | 85.04平米 | 东南,https://ke-image.ljcdn.com/110000-inspection/acb5d4d0-f4b4-4f01-98cd-e14187980d1a_1000.jpg!m_fill,w_280,h_210,f_jpg?from=ke.com
20240712,朝阳,国展,101123972260,南北通透明厨明卫精装一居随时看公积金可贷款28年必看好房,218万,53775元/平,顶层 (共6层) 1室1厅 | 40.54平米 | 南 北,https://ke-image.ljcdn.com/110000-inspection/3674c2cc-d2b9-4016-bd15-5570b6dbba6a_1000.jpg!m_fill,w_280,h_210,f_jpg?from=ke.com
20240712,朝阳,国展,101123909955,98年钢混电梯中楼层明厨明卫户型17年婚房精装修必看好房,440万,69129元/平,中楼层 (共22层) 2室1厅 | 63.65平米 | 西南,https://ke-image.ljcdn.com/110000-inspection/9eb2aff5-7b66-40d8-8326-8dcf59a7619d_1000.jpg!m_fill,w_280,h_210,f_jpg?from=ke.com
20240712,朝阳,国展,101123894381,三环内 静安里 板楼三层满五年单位分房必看好房,310万,55866元/平,中楼层 (共6层) 2室1厅 | 55.49平米 | 南,https://ke-image.ljcdn.com/110000-inspection/pc1_5andwzl4U_2.jpg!m_fill,w_280,h_210,f_jpg?from=ke.com
20240712,朝阳,国展,101123835101,此房满五唯一成本价格局方正随时签约低楼层,270万,67738元/平,底层 (共6层) 1室1厅 | 39.86平米 | 东南,https://ke-image.ljcdn.com/110000-inspection/8501a2bc-9929-4326-af5e-2b217a6b5508_1000.jpg!m_fill,w_280,h_210,f_jpg?from=ke.com
20240712,朝阳,国展,101123696998,柳芳南里南北通透三居室 明厨明卫 满五年必看好房,550万,73178元/平,底层 (共6层) 3室1厅 | 75.16平米 | 南 北,https://ke-image.ljcdn.com/110000-inspection/bbbc786e-aa81-41f9-8ca5-b39fc6ce106c_1000.jpg!m_fill,w_280,h_210,f_jpg?from=ke.com
20240712,朝阳,国展,101123652647,柳芳南里带电梯观景一居室近地铁67-楼龄,305万,60854元/平,顶层 (共18层) 1室1厅 | 50.12平米 | 南,https://ke-image.ljcdn.com/110000-inspection/3edf92d3-108e-4f8e-b428-286bdf1ac157_1000.jpg!m_fill,w_280,h_210,f_jpg?from=ke.com
20240712,朝阳,国展,101123628789,新天第 北二环 2001年社区 满五年唯一必看好房,1025万,61826元/平,中楼层 (共28层) 3室2厅 | 165.79平米 | 西 北 南,https://ke-image.ljcdn.com/110000-inspection/cfe02a04-2f4d-4118-ba4f-2f4706a5c3b7_1000.jpg!m_fill,w_280,h_210,f_jpg?from=ke.com
20240712,朝阳,国展,101123580053,东直门外有17号线地铁左家庄站1995年房龄有电梯必看好房,375万,64981元/平,中楼层 (共9层) 2室1厅 | 57.71平米 | 西南,https://ke-image.ljcdn.com/110000-inspection/4b8dac3f-c467-4302-abe9-6bd59fec9dbf_1000.jpg!m_fill,w_280,h_210,f_jpg?from=ke.com
20240712,朝阳,国展,101123383310,左家庄南里 南向无遮挡 采光比较好,306万,61249元/平,中楼层 (共6层) 2室1厅 | 49.96平米 | 南,https://ke-image.ljcdn.com/110000-inspection/9c8a8e9f-6b60-4176-ba60-bf5ebd48fa5b_1000.jpg!m_fill,w_280,h_210,f_jpg?from=ke.com
20240712,朝阳,国展,101123371861,公积金25年左家庄北里精装正南北两居室中间层采光好必看好房,310万,56975元/平,高楼层 (共6层) 2室1厅 | 54.41平米 | 南 北,https://ke-image.ljcdn.com/110000-inspection/11fc5b72-bd61-415f-bc59-c5db99316283_1000.jpg!m_fill,w_280,h_210,f_jpg?from=ke.com
20240712,朝阳,国展,101123344756,浩鸿园 观景中层三居室 客厅卧室带阳台净高2.9米必看好房,1270万,79905元/平,中楼层 (共21层) 3室1厅 | 158.94平米 | 东 北,https://ke-image.ljcdn.com/110000-inspection/de31b8f1-fdac-45f0-9332-64c9b7c87557_1000.jpg!m_fill,w_280,h_210,f_jpg?from=ke.com
20240712,朝阳,国展,101123289724,外交部央产满五唯一 大客厅管理好三居 电梯高楼层必看好房,649万,70929元/平,中楼层 (共20层) 3室1厅 | 91.5平米 | 东北,https://ke-image.ljcdn.com/110000-inspection/pc1_0SjE2S8QA_2.jpg!m_fill,w_280,h_210,f_jpg?from=ke.com
20240712,朝阳,国展,101123187570,东南向 高楼层 采光充足 大客厅带窗户必看好房,298万,62698元/平,中楼层 (共21层) 1室1厅 | 47.53平米 | 东南,https://ke-image.ljcdn.com/110000-inspection/pc1_DnpaCRF5a_2.jpg!m_fill,w_280,h_210,f_jpg?from=ke.com
20240712,朝阳,国展,101123061294,17号线地铁 东直门外 明厨明卫 采光无遮挡必看好房,365万,54332元/平,中楼层 (共7层) 2室1厅 | 67.18平米 | 东 西,https://ke-image.ljcdn.com/110000-inspection/d1027e7a-dd4e-49ac-a934-b393772f1ca2_1000.jpg!m_fill,w_280,h_210,f_jpg?from=ke.com
20240712,朝阳,国展,101122102134,南向两居室中间楼层视野开阔采光充足大客厅房主自荐,555万,66924元/平,中楼层 (共18层) | 1993年 | 2室1厅 | 82.93平米 | 南,https://ke-image.ljcdn.com/110000-inspection/93edb978-7654-4d92-a4d1-c65e0bff7d07_1000.jpg!m_fill,w_280,h_210,f_jpg?from=ke.com
20240712,朝阳,国展,101121705880,左家庄东里 楼龄新1998 钢混结构全明正南°必看好房,245万,56335元/平,中楼层 (共22层) 1室1厅 | 43.49平米 | 南 北,https://ke-image.ljcdn.com/110000-inspection/fe1f27e9-bd37-4ca2-ab93-98d6b73dee0f_1000.jpg!m_fill,w_280,h_210,f_jpg?from=ke.com
20240712,朝阳,国展,101121538241,南北通透明厨明卫满五唯一1995年板楼中层两居必看好房,378万,63222元/平,中楼层 (共6层) 2室1厅 | 59.79平米 | 南 北,https://ke-image.ljcdn.com/110000-inspection/pc1_7i4gBLFu7.jpg!m_fill,w_280,h_210,f_jpg?from=ke.com
20240712,朝阳,国展,101121025540,左家庄北里 通透3居室  老少皆宜 诚心出售必看好房,465万,66849元/平,底层 (共5层) | 1990年 | 3室1厅 | 69.56平米 | 南 北,https://ke-image.ljcdn.com/110000-inspection/pc1_stlBPMi1L_1.jpg!m_fill,w_280,h_210,f_jpg?from=ke.com
20240712,朝阳,国展,101120892854,浩鸿园高层东向无遮挡大两居直观西坝河美景优质,1010万,72035元/平,高楼层 (共26层) 2室1厅 | 140.21平米 | 东,https://ke-image.ljcdn.com/110000-inspection/pc1_5fTRIvapS_1.jpg!m_fill,w_280,h_210,f_jpg?from=ke.com
20240712,朝阳,国展,101125150850,三元桥左家庄一居室采光好看房方便必看好房,218万,57672元/平,低楼层 (共6层) 1室1厅 | 37.8平米 | 东南,https://ke-image.ljcdn.com/110000-inspection/pc1_gWIXns7L5.jpg!m_fill,w_280,h_210,f_jpg?from=ke.com
20240712,朝阳,国展,101124827670,力鸿花园 3室2厅 西,1195万,82987元/平,中楼层 (共12层) 3室2厅 | 144平米 | 西,https://ke-image.ljcdn.com/110000-inspection/ce71f3ba-2d84-41e9-80d9-08a7da7f709d_1000.jpg!m_fill,w_280,h_210,f_jpg?from=ke.com
20240712,朝阳,国展,101124771272,左家庄中街6号院08年商品房落地窗！,470万,39791元/平,中楼层 (共25层) 2室1厅 | 118.12平米 | 东 北,https://ke-image.ljcdn.com/110000-inspection/287cfcb8-670a-4eac-8036-981031a36b89_1000.jpg!m_fill,w_280,h_210,f_jpg?from=ke.com
20240712,朝阳,国展,101124545702,东北二环外 花园式小区 东南向无遮挡 看房方便,900万,69547元/平,中楼层 (共24层) 3室1厅 | 129.41平米 | 东 东南 南,https://ke-image.ljcdn.com/110000-inspection/425030ac-5b30-4d73-8eb7-bcedf7d9f36b_1000.jpg!m_fill,w_280,h_210,f_jpg?from=ke.com
20240712,朝阳,国展,101124081069,电梯高层 大客厅  满五唯一  公积金67-房龄,388万,63224元/平,高楼层 (共12层) 2室1厅 | 61.37平米 | 南 北,https://ke-image.ljcdn.com/110000-inspection/e6a9dbf4-6f06-4b13-9c6e-94c2896ffc8a_1000.jpg!m_fill,w_280,h_210,f_jpg?from=ke.com
20240712,朝阳,国展,101123962024,1992年板楼三层正南向满五唯一精装修一居随时看,265万,58942元/平,中楼层 (共6层) 1室1厅 | 44.96平米 | 南,https://ke-image.ljcdn.com/110000-inspection/pc1_GJ53YF6Gh_2.jpg!m_fill,w_280,h_210,f_jpg?from=ke.com
20240712,朝阳,国展,101123934511,东直门外 正南正北带客厅二居 1996年楼龄 3/6层中间层必看好房,428万,66439元/平,中楼层 (共6层) 2室1厅 | 64.42平米 | 南 北,https://ke-image.ljcdn.com/110000-inspection/pc1_ACWwtdms4_2.jpg!m_fill,w_280,h_210,f_jpg?from=ke.com
20240712,朝阳,国展,101123857081,全明户型 中海油分房 物业管理好 满五年 小区环境好必看好房,255万,62917元/平,高楼层 (共6层) 1室1厅 | 40.53平米 | 南,https://ke-image.ljcdn.com/110000-inspection/c1bd65a2-20e0-452d-ac3b-9424bb62044c_1000.jpg!m_fill,w_280,h_210,f_jpg?from=ke.com
20240712,朝阳,国展,101123766657,柳芳南里 双南大两居 中间层 采光视野好必看好房,565万,68130元/平,中楼层 (共18层) 2室1厅 | 82.93平米 | 南,https://ke-image.ljcdn.com/110000-inspection/0f09f87f-f117-4acb-b1b7-4ce296505261_1000.jpg!m_fill,w_280,h_210,f_jpg?from=ke.com
20240712,朝阳,国展,101123747074,静安东里 有电梯 精装修距离地铁三元桥近 看房方便房主自荐,279万,64405元/平,低楼层 (共18层) | 1987年 | 1室1厅 | 43.32平米 | 西南,https://ke-image.ljcdn.com/110000-inspection/a7050a22-ebea-4a35-8d3a-de286651732a_1000.jpg!m_fill,w_280,h_210,f_jpg?from=ke.com
20240712,朝阳,国展,101122978670,力鸿花园 精装修西南向采光好高层无遮挡必看好房,920万,64871元/平,高楼层 (共24层) 3室2厅 | 141.82平米 | 西南,https://ke-image.ljcdn.com/110000-inspection/4ed1b30c-9d48-4bb8-8e88-f708b5b3923c_1000.jpg!m_fill,w_280,h_210,f_jpg?from=ke.com
20240712,朝阳,国展,101122977087,静安苑  地铁17号线旁 东西通透精装修两居室必看好房,719万,66268元/平,中楼层 (共7层) | 2001年 | 2室1厅 | 108.5平米 | 东 西,https://ke-image.ljcdn.com/110000-inspection/6c598be0-8b0e-465c-b175-7f62f4a02208_1000.jpg!m_fill,w_280,h_210,f_jpg?from=ke.com
20240712,朝阳,国展,101122963901,东直门外 力鸿花园 通透三居室 7000平米花园小区必看好房,1098万,79566元/平,高楼层 (共24层) 3室2厅 | 138平米 | 东南 西北,https://ke-image.ljcdn.com/110000-inspection/f0c25a9f-e698-4958-ba66-5120f37a0503_1000.jpg!m_fill,w_280,h_210,f_jpg?from=ke.com
20240712,朝阳,国展,101122954699,柳芳北里 全名三居室 公积金贷款67-房龄 国展必看好房,509万,66702元/平,低楼层 (共6层) 3室1厅 | 76.31平米 | 南 北,https://ke-image.ljcdn.com/110000-inspection/3caebf6b-5aee-41d3-a5b2-0233d6ecb07d_1000.jpg!m_fill,w_280,h_210,f_jpg?from=ke.com
20240712,朝阳,国展,101122953729,柳芳北里 南北通透 业主诚意出售必看好房,350万,61426元/平,低楼层 (共6层) 2室1厅 | 56.98平米 | 南 北,https://ke-image.ljcdn.com/110000-inspection/a7f3dae3-b77a-4bf0-948c-967bb4a93795_1000.jpg!m_fill,w_280,h_210,f_jpg?from=ke.com
20240712,朝阳,国展,101122781256,国际友谊花园三环内管理好商品房,699万,66106元/平,中楼层 (共16层) | 1998年 | 2室1厅 | 105.74平米 | 北,https://ke-image.ljcdn.com/110000-inspection/2c3d7dab-bca5-4ff0-805d-f396e56cec43_1000.jpg!m_fill,w_280,h_210,f_jpg?from=ke.com
20240712,朝阳,国展,101120828849,力鸿花园  花园式小区 满五年唯一 有钥匙必看好房,850万,60400元/平,中楼层 (共24层) 3室1厅 | 140.73平米 | 西南,https://ke-image.ljcdn.com/110000-inspection/2cf34fad-d086-46ad-84c1-62f790672cdf_1000.jpg!m_fill,w_280,h_210,f_jpg?from=ke.com
20240712,朝阳,国展,101119757397,力鸿花园  中高层东南无遮挡三居室 采光视野好必看好房,900万,63461元/平,中楼层 (共24层) 3室1厅 | 141.82平米 | 东南 南 东,https://ke-image.ljcdn.com/110000-inspection/97ed4ede-220f-4122-a766-f58bbce06f7b_1000.jpg!m_fill,w_280,h_210,f_jpg?from=ke.com
20240712,朝阳,国展,101117049365,2008年社区 民水民电 70年产权  西南朝向 看房随时,240万,42172元/平,低楼层 (共20层) 1室1厅 | 56.91平米 | 西南,https://ke-image.ljcdn.com/110000-inspection/pc1_skbdIpxPg.jpg!m_fill,w_280,h_210,f_jpg?from=ke.com
20240712,朝阳,国展,101125306517,左家庄东里 精装修 大客厅两居室 98年楼龄新上,520万,69067元/平,低楼层 (共22层) | 1998年 | 2室1厅 | 75.29平米 | 南 北,https://ke-image.ljcdn.com/110000-inspection/pc1_wlqdMGwgx_2.jpg!m_fill,w_280,h_210,f_jpg?from=ke.com
20240712,朝阳,国展,101125259043,左家庄东里 1室1厅 南 北新上,265万,56395元/平,中楼层 (共6层) | 1996年 | 1室1厅 | 46.99平米 | 南 北,https://ke-image.ljcdn.com/110000-inspection/pc1_l3b9JpyPd_2.jpg!m_fill,w_280,h_210,f_jpg?from=ke.com
20240712,朝阳,国展,101125257734,柳芳南里 田字格三居室 看房方便 高楼层视野好,720万,81109元/平,高楼层 (共18层) 3室1厅 | 88.77平米 | 北 南,https://ke-image.ljcdn.com/110000-inspection/f7773308-3153-43c1-9ca4-68749292589c_1000.jpg!m_fill,w_280,h_210,f_jpg?from=ke.com
20240712,朝阳,国展,101125208168,南向采光8小时全明格局通风性好诚心出售,325万,82909元/平,中楼层 (共14层) | 1988年 | 1室1厅 | 39.2平米 | 南,https://ke-image.ljcdn.com/110000-inspection/1e2a2ac9-6cbe-4f9c-be6f-8d0fb53e667b_1000.jpg!m_fill,w_280,h_210,f_jpg?from=ke.com
20240712,朝阳,国展,101125200058,柳芳南里 2室1厅 南新上,410万,64946元/平,底层 (共18层) 2室1厅 | 63.13平米 | 南,https://ke-image.ljcdn.com/110000-inspection/pc1_OUc06D8UJ.jpg!m_fill,w_280,h_210,f_jpg?from=ke.com
20240712,朝阳,国展,101125189407,柳芳南里 2室1厅 南,505万,75172元/平,低楼层 (共18层) 2室1厅 | 67.18平米 | 南,https://ke-image.ljcdn.com/110000-inspection/9071b7b4-4b34-498b-ad0e-41b798cd6d0c_1000.jpg!m_fill,w_280,h_210,f_jpg?from=ke.com
20240712,朝阳,国展,101125180549,柳芳南里 南北通透 明厨明卫 满五年唯一 拎包入住房主自荐,435万,73048元/平,高楼层 (共6层) 2室1厅 | 59.55平米 | 南 北,https://ke-image.ljcdn.com/110000-inspection/82d07ba3-fac2-4dd6-a341-1cb3a8789c39_1000.jpg!m_fill,w_280,h_210,f_jpg?from=ke.com
20240712,朝阳,国展,101125177315,左家庄西街东西通透有客厅看房方便明厨明卫,378万,58469元/平,中楼层 (共8层) 2室1厅 | 64.65平米 | 东 西,https://ke-image.ljcdn.com/110000-inspection/fca7224e-efa4-42b0-ad8a-d7ceae5e9ad9_1000.jpg!m_fill,w_280,h_210,f_jpg?from=ke.com
20240712,朝阳,国展,101125137633,左家庄北里 楼龄新 南北通透 客厅带窗户 精装修,435万,67579元/平,中楼层 (共6层) 3室1厅 | 64.37平米 | 南 北,https://ke-image.ljcdn.com/110000-inspection/pc1_ssuOSJW0w.jpg!m_fill,w_280,h_210,f_jpg?from=ke.com
20240712,朝阳,国展,101125122582,浩鸿园 满五年唯一 有车位 大客厅 大阳台 视野好,1280万,80151元/平,中楼层 (共25层) 3室1厅 | 159.7平米 | 东 北,https://ke-image.ljcdn.com/110000-inspection/a58950be-a2ea-47f6-a189-1153a0a992ce_1000.jpg!m_fill,w_280,h_210,f_jpg?from=ke.com
20240712,朝阳,国展,101125117977,柳芳南里 南北通透双阳台三居 满五年 管理好,725万,83114元/平,高楼层 (共18层) 3室1厅 | 87.23平米 | 东 南 北,https://ke-image.ljcdn.com/110000-inspection/3585c88d-aaf9-4147-b28e-55458c221511_1000.jpg!m_fill,w_280,h_210,f_jpg?from=ke.com
20240712,朝阳,国展,101125113766,左家庄东里 2室1厅 南,415万,68044元/平,低楼层 (共22层) 2室1厅 | 60.99平米 | 南,https://ke-image.ljcdn.com/110000-inspection/52766a62-1e89-4856-b64d-acae1a458922_1000.jpg!m_fill,w_280,h_210,f_jpg?from=ke.com
20240712,朝阳,国展,101125104968,静安西街 2室1厅 南 西北,495万,80098元/平,低楼层 (共20层) 2室1厅 | 61.8平米 | 南 西北,https://ke-image.ljcdn.com/110000-inspection/cae641d4-c7d2-4f8b-9b01-62e33d2b53c6_1000.jpg!m_fill,w_280,h_210,f_jpg?from=ke.com
20240712,朝阳,国展,101125093505,（新上）柳芳北里南北通透明厨明卫两居室房主自荐,435万,72344元/平,高楼层 (共6层) 2室1厅 | 60.13平米 | 南 北,https://ke-image.ljcdn.com/110000-inspection/pc1_KAJ4fW8FB.jpg!m_fill,w_280,h_210,f_jpg?from=ke.com
20240712,朝阳,国展,101124995378,力鸿花园 板楼 两梯三户 南北通透三居室 正对花园,1080万,79261元/平,低楼层 (共12层) 3室1厅 | 136.26平米 | 南 北,https://ke-image.ljcdn.com/110000-inspection/2230e531-0006-415b-b884-6dfa3237cad0_1000.jpg!m_fill,w_280,h_210,f_jpg?from=ke.com
20240712,朝阳,国展,101124983638,（新上）左家庄北里精装修二居室房主自荐,275万,51068元/平,顶层 (共6层) | 1989年 | 2室1厅 | 53.85平米 | 东 西,https://ke-image.ljcdn.com/110000-inspection/pc1_5ImjuEptR_2.jpg!m_fill,w_280,h_210,f_jpg?from=ke.com
20240712,朝阳,国展,101124974035,正南向1居室采光充足不临街无遮挡,330万,77757元/平,中楼层 (共6层) | 1985年 | 1室1厅 | 42.44平米 | 南,https://ke-image.ljcdn.com/110000-inspection/c670f704-488e-4deb-9acf-d411eff07666_1000.jpg!m_fill,w_280,h_210,f_jpg?from=ke.com
20240712,朝阳,国展,101124950295,柳芳北里 3室1厅 南 北,790万,88784元/平,中楼层 (共18层) 3室1厅 | 88.98平米 | 南 北,https://ke-image.ljcdn.com/110000-inspection/pc1_l5hRAlIvk_1.jpg!m_fill,w_280,h_210,f_jpg?from=ke.com
20240712,朝阳,国展,101124928474,静安里 3室1厅 南 北,385万,66186元/平,底层 (共12层) 3室1厅 | 58.17平米 | 南 北,https://ke-image.ljcdn.com/110000-inspection/4fbafa86-0745-49b3-b1d7-1500a753a2ae_1000.jpg!m_fill,w_280,h_210,f_jpg?from=ke.com
20240712,朝阳,国展,101124928445,左家庄北里  20㎡大客厅可贷款30年 满五唯一,540万,73711元/平,低楼层 (共21层) 2室1厅 | 73.26平米 | 西,https://ke-image.ljcdn.com/110000-inspection/1d07b2e7-5bd6-4aa6-8c5f-4395d2b61e44_1000.jpg!m_fill,w_280,h_210,f_jpg?from=ke.com
20240712,朝阳,国展,101124907797,香河园中里 2室1厅 南,360万,62533元/平,中楼层 (共16层) 2室1厅 | 57.57平米 | 南,https://ke-image.ljcdn.com/110000-inspection/a10a4d89-7820-4b2e-99cc-49cfc94ed22f_1000.jpg!m_fill,w_280,h_210,f_jpg?from=ke.com
20240712,朝阳,国展,101124902684,浩鸿园 2室2厅 南,1238万,85427元/平,顶层 (共25层) 2室2厅 | 144.92平米 | 南,https://ke-image.ljcdn.com/110000-inspection/8146d387-b01c-4b60-b5f1-d9ac13f7c223_1000.jpg!m_fill,w_280,h_210,f_jpg?from=ke.com
20240712,朝阳,国展,101124874421,静安里   满五唯一  精装修 有钥匙  看房方便房主自荐,310万,61217元/平,低楼层 (共6层) 2室1厅 | 50.64平米 | 西北 东北,https://ke-image.ljcdn.com/110000-inspection/6fae343b-1845-43b6-b828-8617972848f7_1000.jpg!m_fill,w_280,h_210,f_jpg?from=ke.com
20240712,朝阳,国展,101124862587,静安东里 3室1厅 东南 南,588万,67626元/平,中楼层 (共18层) 3室1厅 | 86.95平米 | 东南 南,https://ke-image.ljcdn.com/110000-inspection/pc1_9W6tyXcEq.jpg!m_fill,w_280,h_210,f_jpg?from=ke.com
20240712,朝阳,国展,101124860530,左家庄 1室1厅 南,215万,51448元/平,顶层 (共6层) | 1983年 | 1室1厅 | 41.79平米 | 南,https://ke-image.ljcdn.com/110000-inspection/85cfbbdf-2e3e-419b-893d-7da55f386754_1000.jpg!m_fill,w_280,h_210,f_jpg?from=ke.com
20240712,朝阳,国展,101124838217,静安里二层满五年正对花园双南两居公积金可贷24年,320万,61492元/平,低楼层 (共6层) 2室1厅 | 52.04平米 | 东南,https://ke-image.ljcdn.com/110000-inspection/bec70565-c02b-4996-8126-764ba34cae8e_1000.jpg!m_fill,w_280,h_210,f_jpg?from=ke.com
20240712,朝阳,国展,101124803368,17号地铁左家庄明厨明卫两居中间层 南北通透,425万,69536元/平,中楼层 (共6层) 2室1厅 | 61.12平米 | 南 北,https://ke-image.ljcdn.com/110000-inspection/pc1_AHDYwNVyM.jpg!m_fill,w_280,h_210,f_jpg?from=ke.com
20240712,朝阳,国展,101124715841,柳芳南里带正规客厅两居室 全天采光充足 看房随时,495万,72454元/平,中楼层 (共18层) 2室1厅 | 68.32平米 | 南 西,https://ke-image.ljcdn.com/110000-inspection/b1e62e7f-f795-4c04-b2d7-ea2407bfa7dc_1000.jpg!m_fill,w_280,h_210,f_jpg?from=ke.com
20240712,朝阳,国展,101124696701,静安里 2室1厅 南,280万,49063元/平,顶层 (共6层) 2室1厅 | 57.07平米 | 南,https://ke-image.ljcdn.com/110000-inspection/2ef1a8cc-6fa2-47e2-ad6a-124c90b1f449_1000.jpg!m_fill,w_280,h_210,f_jpg?from=ke.com
20240712,朝阳,国展,101124622993,二环边  满五唯一 柳芳北里 南北通透两居,356万,62876元/平,高楼层 (共6层) 2室1厅 | 56.62平米 | 南 北,https://ke-image.ljcdn.com/110000-inspection/pc1_g3BbjMKsf.jpg!m_fill,w_280,h_210,f_jpg?from=ke.com
20240712,朝阳,国展,101124551248,左家庄南里南向一居室采光好,310万,67553元/平,高楼层 (共6层) | 1996年 | 1室1厅 | 45.89平米 | 南,https://ke-image.ljcdn.com/110000-inspection/d222f181-27aa-48d9-8bf4-8e39aad419ea_1000.jpg!m_fill,w_280,h_210,f_jpg?from=ke.com
20240712,朝阳,国展,101124539522,左家庄西街户型方正明厨明卫两居室房主自荐,360万,54803元/平,顶层 (共7层) 2室1厅 | 65.69平米 | 东 西,https://ke-image.ljcdn.com/110000-inspection/b813b203-9af8-4be9-a298-bf07a810991e_1000.jpg!m_fill,w_280,h_210,f_jpg?from=ke.com
20240712,朝阳,国展,101124536995,柳芳南里 电梯东南三居室 看房有钥匙 随时签约,735万,87355元/平,中楼层 (共18层) 3室1厅 | 84.14平米 | 东 南,https://ke-image.ljcdn.com/110000-inspection/pc1_P3Oud3h04_1.jpg!m_fill,w_280,h_210,f_jpg?from=ke.com
20240712,朝阳,国展,101124532652,国际友谊花园 1室1厅 北,499万,59775元/平,低楼层 (共18层) 1室1厅 | 83.48平米 | 北,https://ke-image.ljcdn.com/110000-inspection/782fee89-3fe4-4b97-a2b2-ccf686f76bfc_1000.jpg!m_fill,w_280,h_210,f_jpg?from=ke.com
20240712,朝阳,国展,101124509240,三元桥 正规客厅 中间层 95年 南北向,458万,75218元/平,中楼层 (共6层) 2室1厅 | 60.89平米 | 南 北,https://ke-image.ljcdn.com/110000-inspection/3b714567-6822-4634-9951-641a518dd8aa_1000.jpg!m_fill,w_280,h_210,f_jpg?from=ke.com
20240712,朝阳,国展,101124412008,左家庄北里 90年楼龄 南北通透三居室带大客厅,430万,61263元/平,中楼层 (共5层) 3室1厅 | 70.19平米 | 南 北,https://ke-image.ljcdn.com/110000-inspection/pc1_u28fYSHnB.jpg!m_fill,w_280,h_210,f_jpg?from=ke.com
20240712,朝阳,国展,101124401209,三环里  90年电梯东西向两居室  房改房诚心出售,450万,68234元/平,高楼层 (共12层) | 1990年 | 2室1厅 | 65.95平米 | 东 西,https://ke-image.ljcdn.com/110000-inspection/pc1_n5hsYW1FM_1.jpg!m_fill,w_280,h_210,f_jpg?from=ke.com
20240712,朝阳,国展,101124400842,静安东里 1室1厅 东 西,260万,60339元/平,顶层 (共6层) 1室1厅 | 43.09平米 | 东 西,https://ke-image.ljcdn.com/110000-inspection/pc1_QWKM6acF7.jpg!m_fill,w_280,h_210,f_jpg?from=ke.com
20240712,朝阳,国展,101124353362,满五唯一有客厅南北通透看房方便,300万,55960元/平,顶层 (共6层) 2室1厅 | 53.61平米 | 南 北,https://ke-image.ljcdn.com/110000-inspection/pc1_nTFYpZ0ft_1.jpg!m_fill,w_280,h_210,f_jpg?from=ke.com
20240712,朝阳,国展,101124305086,三环里 2002年电梯大两居 业主诚心出售,968万,72159元/平,中楼层 (共14层) 2室2厅 | 134.15平米 | 东南 西北,https://ke-image.ljcdn.com/110000-inspection/323582fe-0949-4a72-9596-c40c5f69f4bd_1000.jpg!m_fill,w_280,h_210,f_jpg?from=ke.com
20240712,朝阳,国展,101124287317,公积金可贷26年南北通透两居室 精装修,390万,69100元/平,底层 (共6层) | 1983年 | 2室1厅 | 56.44平米 | 南 北,https://ke-image.ljcdn.com/110000-inspection/83fa0d09-2266-45d1-9fb2-6fe19c09195c_1000.jpg!m_fill,w_280,h_210,f_jpg?from=ke.com
20240712,朝阳,国展,101124282912,浩鸿园160平 三居室 户型方正,1300万,81403元/平,中楼层 (共25层) 3室2厅 | 159.7平米 | 南 西 北,https://ke-image.ljcdn.com/110000-inspection/5092661b-36d7-41be-b144-658b80ce212b_1000.jpg!m_fill,w_280,h_210,f_jpg?from=ke.com
20240712,朝阳,国展,101124253710,东直门外 二环边 浩鸿园高楼层无遮挡 落地观景飘窗,830万,79328元/平,高楼层 (共25层) 2室1厅 | 104.63平米 | 西,https://ke-image.ljcdn.com/110000-inspection/a27d4bb1-072e-4d39-9667-aa44336ccfb3_1000.jpg!m_fill,w_280,h_210,f_jpg?from=ke.com
20240712,朝阳,国展,101124155362,柳芳南里 有电梯 南北两居 明厨明卫,480万,80605元/平,中楼层 (共6层) 2室1厅 | 59.55平米 | 南 北,https://ke-image.ljcdn.com/110000-inspection/c1c73247-305b-42f3-9fce-d436c1e43e1f_1000.jpg!m_fill,w_280,h_210,f_jpg?from=ke.com
20240712,朝阳,国展,101124152161,静安西街贸促会管理停车方便公积金贷款30年,500万,73228元/平,高楼层 (共14层) | 1996年 | 2室1厅 | 68.28平米 | 东南,https://ke-image.ljcdn.com/110000-inspection/pc1_NPpPfH8et.jpg!m_fill,w_280,h_210,f_jpg?from=ke.com
20240712,朝阳,国展,101124133172,静安里电梯楼高层采光好满五唯一公积金贷款30年,382万,61913元/平,高楼层 (共22层) 2室1厅 | 61.7平米 | 西南,https://ke-image.ljcdn.com/110000-inspection/pc1_T7Ldf08l0_2.jpg!m_fill,w_280,h_210,f_jpg?from=ke.com
20240712,朝阳,国展,101124123986,1993年 带电梯 大客厅 满五年唯一 户型方正,325万,57289元/平,底层 (共21层) 1室1厅 | 56.73平米 | 西南,https://ke-image.ljcdn.com/110000-inspection/c307872e-320a-47af-9b64-89195a51fe46_1000.jpg!m_fill,w_280,h_210,f_jpg?from=ke.com
20240712,朝阳,国展,101124103017,静安里 贸促会央产房 24小时门卫 管理好 户型通透房主自荐,448万,74531元/平,中楼层 (共14层) 2室1厅 | 60.11平米 | 西南 东北,https://ke-image.ljcdn.com/110000-inspection/f3153b94-2e34-4992-808d-7008aae93a83_1000.jpg!m_fill,w_280,h_210,f_jpg?from=ke.com
20240712,朝阳,国展,101124069731,左家庄南里 1996年 有电梯 有客厅 居住舒适,332万,66321元/平,中楼层 (共14层) 1室1厅 | 50.06平米 | 东,https://ke-image.ljcdn.com/110000-inspection/pc1_DdRJE2wFt_2.jpg!m_fill,w_280,h_210,f_jpg?from=ke.com
20240712,朝阳,国展,101124025248,此房满五年唯一南北通透正规客厅正对花园,435万,62935元/平,顶层 (共6层) 3室1厅 | 69.12平米 | 南 北,https://ke-image.ljcdn.com/110000-inspection/pc1_78v3Nz51J_2.jpg!m_fill,w_280,h_210,f_jpg?from=ke.com
20240712,朝阳,国展,101123989369,左家庄北里1995年板楼中间层南北通透满五唯一两居房主自荐,325万,56434元/平,高楼层 (共6层) 2室1厅 | 57.59平米 | 南 北,https://ke-image.ljcdn.com/110000-inspection/54c73b74-9a0b-4f1f-9a46-df7b12a7e3af_1000.jpg!m_fill,w_280,h_210,f_jpg?from=ke.com
20240712,朝阳,国展,101123938399,精装修 近地铁  一层半 不临街,386万,58761元/平,低楼层 (共7层) 2室1厅 | 65.69平米 | 东 西,https://ke-image.ljcdn.com/110000-inspection/3b08b910-f402-423a-9358-2469285e94b1_1000.jpg!m_fill,w_280,h_210,f_jpg?from=ke.com
20240712,朝阳,国展,101123933665,柳芳南里 精装婚房 满五唯一 高楼层 视野采光好,304万,67918元/平,高楼层 (共18层) 1室1厅 | 44.76平米 | 南,https://ke-image.ljcdn.com/110000-inspection/7e76f381-b721-4122-a0e8-ae6e2e94ed57_1000.jpg!m_fill,w_280,h_210,f_jpg?from=ke.com
20240712,朝阳,国展,101123889709,静安东里 2室1厅 东南 西北,349万,60392元/平,低楼层 (共18层) 2室1厅 | 57.79平米 | 东南 西北,https://ke-image.ljcdn.com/110000-inspection/12c61340-1458-41f6-af8c-3ef6395a25ab_1000.jpg!m_fill,w_280,h_210,f_jpg?from=ke.com
20240712,朝阳,国展,101123885013,满五唯一 装修不错 拎包入住 公积金贷款可贷24年,305万,58609元/平,中楼层 (共6层) 2室1厅 | 52.04平米 | 南,https://ke-image.ljcdn.com/110000-inspection/pc1_0Ez62ul8Y_1.jpg!m_fill,w_280,h_210,f_jpg?from=ke.com
20240712,朝阳,国展,101123882475,左家庄北里 东向精装修两居室 满五年唯一 拎包入住,398万,64538元/平,中楼层 (共12层) 2室1厅 | 61.67平米 | 东,https://ke-image.ljcdn.com/110000-inspection/7c9bd3c7-1b9f-43c2-8de3-10a64d07ee63_1000.jpg!m_fill,w_280,h_210,f_jpg?from=ke.com
20240712,朝阳,国展,101123874148,柳芳南里 南北通透两居 明厨明卫 小区管理好,418万,69924元/平,底层 (共6层) | 1988年 | 2室1厅 | 59.78平米 | 南 北,https://ke-image.ljcdn.com/110000-inspection/8787950e-5776-4365-b743-4faece9b5684_1000.jpg!m_fill,w_280,h_210,f_jpg?from=ke.com
20240712,朝阳,国展,101123860615,柳芳北里 2室1厅 南 北,380万,66376元/平,高楼层 (共6层) 2室1厅 | 57.25平米 | 南 北,https://ke-image.ljcdn.com/110000-inspection/e58123e1-5ff9-4770-abf2-bede949b9828_1000.jpg!m_fill,w_280,h_210,f_jpg?from=ke.com
20240712,朝阳,国展,101123856277,柳芳北里三居室 带电梯 东直门 左家庄 国展  无遮挡,475万,66443元/平,低楼层 (共16层) 3室1厅 | 71.49平米 | 西北,https://ke-image.ljcdn.com/110000-inspection/pc1_JYIWGlwM1_1.jpg!m_fill,w_280,h_210,f_jpg?from=ke.com
20240712,朝阳,国展,101123844390,满五年21年装修 户型方正 封闭式小区有会所,460万,51949元/平,低楼层 (共22层) 1室1厅 | 88.55平米 | 北,https://ke-image.ljcdn.com/110000-inspection/c40b825f-1811-498f-9061-7688b538350a_1000.jpg!m_fill,w_280,h_210,f_jpg?from=ke.com
20240712,朝阳,国展,101123836027,左家庄 93年 精装修 20平米正规明厅 户型方正,579万,76527元/平,低楼层 (共21层) 2室1厅 | 75.66平米 | 西,https://ke-image.ljcdn.com/110000-inspection/900cb72f-ea27-4ade-855a-8d4b09d99724_1000.jpg!m_fill,w_280,h_210,f_jpg?from=ke.com
20240712,朝阳,国展,101123798498,左家庄东里 1室1厅 南,303万,68615元/平,中楼层 (共6层) 1室1厅 | 44.16平米 | 南,https://ke-image.ljcdn.com/110000-inspection/ada6fd22-3329-4eea-b8ac-fd6be681634a_1000.jpg!m_fill,w_280,h_210,f_jpg?from=ke.com
20240712,朝阳,国展,101123797716,左家庄北里 电梯直达南向两居 明厅 钢混结构 满五一套房主自荐,430万,71607元/平,中楼层 (共20层) 2室1厅 | 60.05平米 | 南,https://ke-image.ljcdn.com/110000-inspection/908e8491-3622-4ae8-a9cc-c0b61f7a6c1f_1000.jpg!m_fill,w_280,h_210,f_jpg?from=ke.com
20240712,朝阳,国展,101123768292,精装修一居室前后不临街位置安静,235万,52881元/平,中楼层 (共5层) 1室1厅 | 44.44平米 | 东南,https://ke-image.ljcdn.com/110000-inspection/d78b2f0c-f2e7-48af-85b2-9f5f77fb4eb5_1000.jpg!m_fill,w_280,h_210,f_jpg?from=ke.com
20240712,朝阳,国展,101123759465,东直门外 1993年满五年唯一 公积金贷款30年,240万,51481元/平,低楼层 (共6层) 1室1厅 | 46.62平米 | 南,https://ke-image.ljcdn.com/110000-inspection/pc1_wUPClNKbD.jpg!m_fill,w_280,h_210,f_jpg?from=ke.com
20240712,朝阳,国展,101123711344,柳北小区满五年唯一精装修三居室房主自荐,478万,68325元/平,底层 (共6层) | 1982年 | 3室1厅 | 69.96平米 | 东 西,https://ke-image.ljcdn.com/110000-inspection/05f8b612-9ce0-4794-8932-34e34b46057f_1000.jpg!m_fill,w_280,h_210,f_jpg?from=ke.com
20240712,朝阳,国展,101123693613,装修比较好家居家电都是新的可以拎包入住。,295万,48600元/平,底层 (共7层) 2室1厅 | 60.7平米 | 东,https://ke-image.ljcdn.com/110000-inspection/2262f1d3-d916-4243-9c23-99e773b80743_1000.jpg!m_fill,w_280,h_210,f_jpg?from=ke.com
20240712,朝阳,国展,101123641067,柳芳南里 田字格三居 前后不临街,519万,68952元/平,顶层 (共6层) 3室1厅 | 75.27平米 | 南 北,https://ke-image.ljcdn.com/110000-inspection/e541deb6-3e93-4035-8ebe-7073ec31db6e_1000.jpg!m_fill,w_280,h_210,f_jpg?from=ke.com
20240712,朝阳,国展,101123635316,静安里电梯楼中层双东南满五年唯一两居室随时看,468万,71879元/平,中楼层 (共22层) 2室1厅 | 65.11平米 | 东南,https://ke-image.ljcdn.com/110000-inspection/db238265-a01d-4c60-9876-aa0fbeb22d0f_1000.jpg!m_fill,w_280,h_210,f_jpg?from=ke.com
20240712,朝阳,国展,101123620221,满五年唯一双南朝向楼层佳视野开阔采光充足,492万,76624元/平,高楼层 (共14层) | 1987年 | 2室1厅 | 64.21平米 | 南,https://ke-image.ljcdn.com/110000-inspection/prod-4088a524-7559-4bef-a72f-8862fac9fbf6.jpg!m_fill,w_280,h_210,f_jpg?from=ke.com
20240712,朝阳,国展,101123602462,左家庄东里 1室1厅 东南,310万,68798元/平,高楼层 (共6层) 1室1厅 | 45.06平米 | 东南,https://ke-image.ljcdn.com/110000-inspection/72d8d5a7-68a0-4397-acea-05a52f936ec2_1000.jpg!m_fill,w_280,h_210,f_jpg?from=ke.com
20240712,朝阳,国展,101123602148,左家庄北里两居室 精装修 柳芳 国展 三元桥,395万,67765元/平,高楼层 (共6层) 2室1厅 | 58.29平米 | 南 北,https://ke-image.ljcdn.com/110000-inspection/54f05fad-7a60-4521-966f-ea9311a6736d_1000.jpg!m_fill,w_280,h_210,f_jpg?from=ke.com
20240712,朝阳,国展,101123597627,左家庄西街 精装修 满五唯一 中间层 采光好,395万,63454元/平,中楼层 (共7层) 2室1厅 | 62.25平米 | 东,https://ke-image.ljcdn.com/110000-inspection/9fdbcb4d-04af-4a90-af23-794e9e708c73_1000.jpg!m_fill,w_280,h_210,f_jpg?from=ke.com
20240712,朝阳,国展,101123590505,静安里 2室1厅 西南,379万,61427元/平,低楼层 (共22层) 2室1厅 | 61.7平米 | 西南,https://ke-image.ljcdn.com/110000-inspection/pc1_MT8j4ufWY_2.jpg!m_fill,w_280,h_210,f_jpg?from=ke.com
20240712,朝阳,国展,101123563926,柳芳北里 2室1厅 南 北,379万,66620元/平,低楼层 (共6层) 2室1厅 | 56.89平米 | 南 北,https://ke-image.ljcdn.com/110000-inspection/4174e5cc-3a00-495a-8ff3-1157d2bf0314_1000.jpg!m_fill,w_280,h_210,f_jpg?from=ke.com
20240712,朝阳,国展,101123510371,静安里 板楼三层 满五年唯一 有钥匙 随时签约,359万,64580元/平,中楼层 (共6层) 2室1厅 | 55.59平米 | 东南,https://ke-image.ljcdn.com/110000-inspection/pc1_BXmGxntyW_1.jpg!m_fill,w_280,h_210,f_jpg?from=ke.com
20240712,朝阳,国展,101123494970,柳芳北里 电梯房 双卧朝南 中间楼层 采光充足 满五年,440万,73739元/平,中楼层 (共16层) 2室1厅 | 59.67平米 | 南,https://ke-image.ljcdn.com/110000-inspection/0a13df09-f6be-4e4b-8cb7-15a4bd323c54_1000.jpg!m_fill,w_280,h_210,f_jpg?from=ke.com
20240712,朝阳,国展,101123455633,左家庄东里 1室1厅 南,310万,71281元/平,中楼层 (共22层) 1室1厅 | 43.49平米 | 南,https://ke-image.ljcdn.com/110000-inspection/9e2c151f-91e9-4fdc-8419-36938a1ffe35_1000.jpg!m_fill,w_280,h_210,f_jpg?from=ke.com
20240712,朝阳,国展,101123455559,左家庄东里 1室1厅 南,310万,72278元/平,中楼层 (共22层) 1室1厅 | 42.89平米 | 南,https://ke-image.ljcdn.com/110000-inspection/pc1_6cLO4Kqc6_2.jpg!m_fill,w_280,h_210,f_jpg?from=ke.com
20240712,朝阳,国展,101123382534,左家庄北里 不临街 南北通透 公积金67-房龄,288万,50333元/平,顶层 (共6层) | 1990年 | 2室1厅 | 57.22平米 | 南 北,https://ke-image.ljcdn.com/110000-inspection/4b2e0ba0-cfab-493b-9798-e5168401c426_1000.jpg!m_fill,w_280,h_210,f_jpg?from=ke.com
20240712,朝阳,国展,101123376680,东直门 南北通透 明厨明卫 板楼中间层 诚意出售,455万,79616元/平,中楼层 (共6层) | 1987年 | 2室1厅 | 57.15平米 | 南 北,https://ke-image.ljcdn.com/110000-inspection/pc1_It5MDUjCR_1.jpg!m_fill,w_280,h_210,f_jpg?from=ke.com
20240712,朝阳,国展,101123362281,满五唯一 全明格局 大客厅 南北通透 中间层管理好房主自荐,539万,66282元/平,中楼层 (共6层) 3室1厅 | 81.32平米 | 南 北,https://ke-image.ljcdn.com/110000-inspection/pc1_LhL1YsT82_1.jpg!m_fill,w_280,h_210,f_jpg?from=ke.com
20240712,朝阳,国展,101123351855,花园小区力鸿花园价格合适东南三居本小区性价一套,1020万,63914元/平,低楼层 (共24层) | 1998年 | 3室2厅 | 159.59平米 | 东南,https://ke-image.ljcdn.com/110000-inspection/21b37c96-27db-4eb6-804e-d5f765ba78f0_1000.jpg!m_fill,w_280,h_210,f_jpg?from=ke.com
20240712,朝阳,国展,101123344145,左家庄北里全明格局 客厅南向 满五年唯一,450万,53211元/平,顶层 (共6层) 3室1厅 | 84.57平米 | 东 南 西,https://ke-image.ljcdn.com/110000-inspection/pc1_y71pRSUUl_2.jpg!m_fill,w_280,h_210,f_jpg?from=ke.com
20240712,朝阳,国展,101123336301,左家庄南里 2室1厅 南 北,485万,75288元/平,中楼层 (共6层) | 1996年 | 2室1厅 | 64.42平米 | 南 北,https://ke-image.ljcdn.com/110000-inspection/b0398ba8-1803-4ec3-bc0f-66b23216b5ac_1000.jpg!m_fill,w_280,h_210,f_jpg?from=ke.com
20240712,朝阳,国展,101123309453,东直门外 南北通透、明厨明卫二居 非顶层 带免费车位,340万,55638元/平,顶层 (共6层) 2室1厅 | 61.11平米 | 南 北,https://ke-image.ljcdn.com/110000-inspection/87ad3ed7-47c1-4ecf-97d2-02131002df1c_1000.jpg!m_fill,w_280,h_210,f_jpg?from=ke.com
20240712,朝阳,国展,101123304763,静安里南北通透两居室 满五年采光无遮挡 看房方便,349万,65590元/平,底层 (共5层) 2室1厅 | 53.21平米 | 南 北,https://ke-image.ljcdn.com/110000-inspection/97f75e2c-6104-468e-9239-df2b29e4796a_1000.jpg!m_fill,w_280,h_210,f_jpg?from=ke.com
20240712,朝阳,国展,101123291543,柳芳南里 双南向两居室 中间楼层 日照充足 小区环境好,430万,73808元/平,中楼层 (共6层) 2室1厅 | 58.26平米 | 南,https://ke-image.ljcdn.com/110000-inspection/6f414144-2b53-4674-ab95-0d953b59f965_1000.jpg!m_fill,w_280,h_210,f_jpg?from=ke.com
20240712,朝阳,国展,101123274163,左家庄东里 2室1厅 西南,470万,79675元/平,高楼层 (共20层) 2室1厅 | 58.99平米 | 西南,https://ke-image.ljcdn.com/110000-inspection/pc1_l60d9NuLO_2.jpg!m_fill,w_280,h_210,f_jpg?from=ke.com
20240712,朝阳,国展,101123242954,柳芳南里 2室1厅 南 北,490万,82284元/平,顶层 (共6层) | 1988年 | 2室1厅 | 59.55平米 | 南 北,https://ke-image.ljcdn.com/110000-inspection/pc1_6tqZZQtHZ_1.jpg!m_fill,w_280,h_210,f_jpg?from=ke.com
20240712,朝阳,国展,101123200576,左家庄北里南北通透三居室采光好 楼下就是花园,430万,59731元/平,顶层 (共6层) 3室1厅 | 71.99平米 | 南 北,https://ke-image.ljcdn.com/110000-inspection/6774ff26-6248-46be-86ba-209cd76561a7_1000.jpg!m_fill,w_280,h_210,f_jpg?from=ke.com
20240712,朝阳,国展,101123172739,左家庄北里 精装修 电梯高层 一居室,320万,70970元/平,高楼层 (共12层) 1室1厅 | 45.09平米 | 东,https://ke-image.ljcdn.com/110000-inspection/021cd357-61ea-483b-af09-2b5b5603a69b_1000.jpg!m_fill,w_280,h_210,f_jpg?from=ke.com
20240712,朝阳,国展,101123086254,左家庄北里92年一层正南北两居满五年央产房房主自荐,395万,71727元/平,底层 (共6层) 2室1厅 | 55.07平米 | 南,https://ke-image.ljcdn.com/110000-inspection/pc1_zNR22GnF9_2.jpg!m_fill,w_280,h_210,f_jpg?from=ke.com
20240712,朝阳,国展,101123081508,静安东里 2室1厅 西南,465万,67392元/平,高楼层 (共18层) 2室1厅 | 69平米 | 西南,https://ke-image.ljcdn.com/110000-inspection/pc1_ZmZllMZ7v_2.jpg!m_fill,w_280,h_210,f_jpg?from=ke.com
20240712,朝阳,国展,101123078064,公积金25年左家庄北里板楼三层南向挂东窗采光好,338万,63048元/平,中楼层 (共6层) 2室1厅 | 53.61平米 | 南,https://ke-image.ljcdn.com/110000-inspection/pc1_RZu5aHYAm_2.jpg!m_fill,w_280,h_210,f_jpg?from=ke.com
20240712,朝阳,国展,101123071873,三元桥 精装修 16㎡明厅带阳台95年钢混南向采光好房主自荐,470万,70805元/平,中楼层 (共20层) 2室1厅 | 66.38平米 | 东南,https://ke-image.ljcdn.com/110000-inspection/93e1066e-07d4-44e3-8ac1-b7884e3ee671_1000.jpg!m_fill,w_280,h_210,f_jpg?from=ke.com
20240712,朝阳,国展,101123063637,满五年不唯一成本价购房成本低1995年房龄房主自荐,428万,67808元/平,底层 (共6层) 2室1厅 | 63.12平米 | 南 北,https://ke-image.ljcdn.com/110000-inspection/777f1f31-1082-4d28-845b-dfc4057b874e_1000.jpg!m_fill,w_280,h_210,f_jpg?from=ke.com
20240712,朝阳,国展,101123058004,带电梯双南向带客厅精装修两居室 满五唯一,480万,76862元/平,中楼层 (共9层) 2室1厅 | 62.45平米 | 南,https://ke-image.ljcdn.com/110000-inspection/b97c944e-e5db-43fe-b687-5fe96bbaee52_1000.jpg!m_fill,w_280,h_210,f_jpg?from=ke.com
20240712,朝阳,国展,101123033033,左家庄南里 一层  正南北两居  带租赁车位,459万,71362元/平,底层 (共6层) 2室1厅 | 64.32平米 | 南 北,https://ke-image.ljcdn.com/110000-inspection/3de95a6c-df10-44e3-b8c0-1d986d9a02d7_1000.jpg!m_fill,w_280,h_210,f_jpg?from=ke.com
20240712,朝阳,国展,101123023507,柳芳南里东北二环外带电梯双南两居室！,486万,73237元/平,中楼层 (共18层) 2室1厅 | 66.36平米 | 南,https://ke-image.ljcdn.com/110000-inspection/46eedb42-f9aa-4f30-afa5-4fff6260e705_1000.jpg!m_fill,w_280,h_210,f_jpg?from=ke.com
20240712,朝阳,国展,101122992053,外交部单位管理好 大客厅 中间层采光好 楼体新改造,867万,76550元/平,中楼层 (共20层) 3室2厅 | 113.26平米 | 东 东南 南,https://ke-image.ljcdn.com/110000-inspection/ef4d7aff-dc20-4d6b-ae02-edcb1c7c6b0e_1000.jpg!m_fill,w_280,h_210,f_jpg?from=ke.com
20240712,朝阳,国展,101122946460,柳芳北里 2室1厅 南,415万,69550元/平,顶层 (共16层) 2室1厅 | 59.67平米 | 南,https://ke-image.ljcdn.com/110000-inspection/7418ad8f-f148-46c4-b9a5-e69897d2ea57_1000.jpg!m_fill,w_280,h_210,f_jpg?from=ke.com
20240712,朝阳,国展,101122934817,东直门外 1998年带电梯南向一居室 满五年唯一,330万,76942元/平,中楼层 (共22层) | 1998年 | 1室1厅 | 42.89平米 | 东南,https://ke-image.ljcdn.com/110000-inspection/08b9601f-40da-4238-8389-33cf20e66ad6_1000.jpg!m_fill,w_280,h_210,f_jpg?from=ke.com
20240712,朝阳,国展,101122880454,静安东里电梯楼中层满五唯一西南向精装三居,560万,64074元/平,中楼层 (共18层) 3室1厅 | 87.4平米 | 东南 西南,https://ke-image.ljcdn.com/110000-inspection/1ce134b2-155d-4401-a3b0-dc9e7cbf9fd0_1000.jpg!m_fill,w_280,h_210,f_jpg?from=ke.com
20240712,朝阳,国展,101122870997,东直门外 95年板楼 精装修明厨明卫2居 随时签约房主自荐,408万,63227元/平,中楼层 (共8层) 2室1厅 | 64.53平米 | 东 西,https://ke-image.ljcdn.com/110000-inspection/f05fd384-472b-4809-928a-97f74a635bd1_1000.jpg!m_fill,w_280,h_210,f_jpg?from=ke.com
20240712,朝阳,国展,101122833409,左家庄南里 临小区门口精装2居室 大客厅通透正南正北房主自荐,366万,67678元/平,高楼层 (共6层) 2室1厅 | 54.08平米 | 南 北,https://ke-image.ljcdn.com/110000-inspection/c4a4b667-0c26-4012-8482-a6fedbec895d_1000.jpg!m_fill,w_280,h_210,f_jpg?from=ke.com
20240712,朝阳,国展,101122729609,东直门外 左家庄北里 带车位 单位分房,399万,56919元/平,顶层 (共6层) 3室1厅 | 70.1平米 | 南 北,https://ke-image.ljcdn.com/110000-inspection/50d8e9b6-ef4d-4541-89b1-2e44221a70cc_1000.jpg!m_fill,w_280,h_210,f_jpg?from=ke.com
20240712,朝阳,国展,101122711413,左家庄西街5号院人事部家属院东西向三居室,630万,89591元/平,底层 (共6层) 3室1厅 | 70.32平米 | 东 西,https://ke-image.ljcdn.com/110000-inspection/75f76ec3-55f7-4af9-bbb1-42f078751d60_1000.jpg!m_fill,w_280,h_210,f_jpg?from=ke.com
20240712,朝阳,国展,101122692428,二环边 94年安静不临街南向一居 距离地铁17号线430米房主自荐,285万,61094元/平,高楼层 (共6层) 1室1厅 | 46.65平米 | 南,https://ke-image.ljcdn.com/110000-inspection/pc1_SwxNRkV1e_2.jpg!m_fill,w_280,h_210,f_jpg?from=ke.com
20240712,朝阳,国展,101122689794,柳芳北里满五年唯一带电梯的南向两居室全天采光无遮挡房主自荐,410万,68084元/平,高楼层 (共16层) 2室1厅 | 60.22平米 | 南,https://ke-image.ljcdn.com/110000-inspection/fafb6857-3104-49c5-a9f2-872211fe7e09_1000.jpg!m_fill,w_280,h_210,f_jpg?from=ke.com
20240712,朝阳,国展,101122640339,柳芳北里   采光充足    装修好    小区干净   不临街,515万,80306元/平,低楼层 (共16层) 2室1厅 | 64.13平米 | 南,https://ke-image.ljcdn.com/110000-inspection/pc1_lKT8bjslY_1.jpg!m_fill,w_280,h_210,f_jpg?from=ke.com
20240712,朝阳,国展,101122585210,静安东里国家旅游局双南17层精装两居满五年唯一诚售,560万,70441元/平,高楼层 (共18层) 2室1厅 | 79.5平米 | 南,https://ke-image.ljcdn.com/110000-inspection/pc1_YFSf8xzSX_2.jpg!m_fill,w_280,h_210,f_jpg?from=ke.com
20240712,朝阳,国展,101122540021,婚房装修 户型方正两室一厅 明厨明卫 采光好无遮挡,460万,70628元/平,中楼层 (共7层) | 1992年 | 2室1厅 | 65.13平米 | 东 西,https://ke-image.ljcdn.com/110000-inspection/c0a3b037-c9d1-43cc-9bb9-bef52e764bcd_1000.jpg!m_fill,w_280,h_210,f_jpg?from=ke.com
20240712,朝阳,国展,101122503818,方正一居室满五年唯一  公积金67-房龄,210万,66267元/平,底层 (共12层) | 1985年 | 1室1厅 | 31.69平米 | 西南,https://ke-image.ljcdn.com/110000-inspection/pc1_NFHGOn1bM_2.jpg!m_fill,w_280,h_210,f_jpg?from=ke.com
20240712,朝阳,国展,101122499677,静安里满五唯一精装修交通便利电梯楼两居,450万,72934元/平,中楼层 (共22层) 2室1厅 | 61.7平米 | 东南,https://ke-image.ljcdn.com/110000-inspection/d785c0d7-4454-4c6a-a39e-73955d2deacc_1000.jpg!m_fill,w_280,h_210,f_jpg?from=ke.com
20240712,朝阳,国展,101122463665,静安里 1室1厅 东南,265万,56276元/平,高楼层 (共6层) 1室1厅 | 47.09平米 | 东南,https://ke-image.ljcdn.com/110000-inspection/pc1_bvmZH9AEC_2.jpg!m_fill,w_280,h_210,f_jpg?from=ke.com
20240712,朝阳,国展,101122427425,三元桥静安里 南北全明 公积金可贷30年 满五唯一,396万,65218元/平,顶层 (共6层) | 1988年 | 2室1厅 | 60.72平米 | 东南 西北,https://ke-image.ljcdn.com/110000-inspection/cecac074-95b7-4aec-a2e7-f0270237eb2e_1000.jpg!m_fill,w_280,h_210,f_jpg?from=ke.com
20240712,朝阳,国展,101122423969,静安里三环内1993年楼龄采光好,269万,55868元/平,中楼层 (共6层) 1室1厅 | 48.15平米 | 东南,https://ke-image.ljcdn.com/110000-inspection/91de3b08-9658-48b2-b40f-f7775112f54f_1000.jpg!m_fill,w_280,h_210,f_jpg?from=ke.com
20240712,朝阳,国展,101122393938,94年房 电梯高层 采光无遮挡,408万,70760元/平,高楼层 (共21层) 2室1厅 | 57.66平米 | 南,https://ke-image.ljcdn.com/110000-inspection/pc1_8BFY45tbH.jpg!m_fill,w_280,h_210,f_jpg?from=ke.com
20240712,朝阳,国展,101122326836,左家庄北里 东南向一居室 中间楼层 采光视野好,320万,73294元/平,中楼层 (共6层) | 1993年 | 1室1厅 | 43.66平米 | 南,https://ke-image.ljcdn.com/110000-inspection/94e1bd56-896c-4a07-9fde-cb59dcb21380_1000.jpg!m_fill,w_280,h_210,f_jpg?from=ke.com
20240712,朝阳,国展,101122294278,公积金可贷款26年 通透两居 满五年唯一 看房随时,279万,48888元/平,顶层 (共6层) 2室1厅 | 57.07平米 | 东南 西北,https://ke-image.ljcdn.com/110000-inspection/pc1_swEDZRNLd_2.jpg!m_fill,w_280,h_210,f_jpg?from=ke.com
20240712,朝阳,国展,101122266865,浩鸿园精装两室出售采光好户型方正诚意出售,780万,74549元/平,中楼层 (共25层) | 2002年 | 1室1厅 | 104.63平米 | 西,https://ke-image.ljcdn.com/110000-inspection/pc1_G4rQ2zl6C_1.jpg!m_fill,w_280,h_210,f_jpg?from=ke.com
20240712,朝阳,国展,101122248194,静安里 中旅家属楼 楼道干净 满五年唯一  有电梯,265万,59955元/平,中楼层 (共22层) 1室1厅 | 44.2平米 | 西北,https://ke-image.ljcdn.com/110000-inspection/6e0c7a32-4911-48f4-90d3-e128783148f0_1000.jpg!m_fill,w_280,h_210,f_jpg?from=ke.com
20240712,朝阳,国展,101122221768,95年楼龄 板楼一层两居室 南北通透 明厨明卫 有钥匙,399万,67071元/平,底层 (共6层) 2室1厅 | 59.49平米 | 南 北,https://ke-image.ljcdn.com/110000-inspection/d697d970-b305-43bf-bc29-71b20596de08_1000.jpg!m_fill,w_280,h_210,f_jpg?from=ke.com
20240712,朝阳,国展,101122086500,左家庄北里正规两居室带明厅单独管理随时看,320万,51572元/平,顶层 (共6层) 2室1厅 | 62.05平米 | 东南 西南,https://ke-image.ljcdn.com/110000-inspection/pc1_siIjnD3WJ_2.jpg!m_fill,w_280,h_210,f_jpg?from=ke.com
20240712,朝阳,国展,101122015075,东直门外 精装修 有车位 诚心出售,405万,69516元/平,顶层 (共6层) 2室1厅 | 58.26平米 | 南,https://ke-image.ljcdn.com/110000-inspection/pc1_npe01wILW.jpg!m_fill,w_280,h_210,f_jpg?from=ke.com
20240712,朝阳,国展,101121919548,柳芳北里满五唯一 二层 不临街 南北通透两居随时看房,410万,71082元/平,低楼层 (共6层) 2室1厅 | 57.68平米 | 南 北,https://ke-image.ljcdn.com/110000-inspection/3b354690-c3c0-4292-b052-6a9e09714887_1000.jpg!m_fill,w_280,h_210,f_jpg?from=ke.com
20240712,朝阳,国展,101121898856,十佳文明社区高层全明两居室房本满五年,397万,62363元/平,高楼层 (共18层) | 1991年 | 2室1厅 | 63.66平米 | 东 北,https://ke-image.ljcdn.com/110000-inspection/1886da4c-dc5e-4c18-bbb5-c6f74169538a_1000.jpg!m_fill,w_280,h_210,f_jpg?from=ke.com
20240712,朝阳,国展,101121887736,静安东里 板楼4层全明三居室拎包入住 满五唯一,483万,63278元/平,中楼层 (共6层) 3室1厅 | 76.33平米 | 南 北,https://ke-image.ljcdn.com/110000-inspection/pc1_Mi0Vmwb4h.jpg!m_fill,w_280,h_210,f_jpg?from=ke.com
20240712,朝阳,国展,101121883817,此房满五年唯一 无抵押  南北向 公积金贷款30年,295万,52361元/平,顶层 (共6层) 2室1厅 | 56.34平米 | 南 北,https://ke-image.ljcdn.com/110000-inspection/pc1_zTTXNEk3B.jpg!m_fill,w_280,h_210,f_jpg?from=ke.com
20240712,朝阳,国展,101121859652,静安东里 精装修两居 户型通透 业主随时签约,313万,55350元/平,顶层 (共6层) | 1988年 | 2室1厅 | 56.55平米 | 东南 西北,https://ke-image.ljcdn.com/110000-inspection/93dfe3c2-6776-45db-abae-21f9eddbc01b_1000.jpg!m_fill,w_280,h_210,f_jpg?from=ke.com
20240712,朝阳,国展,101121838056,左家庄北里 2室1厅 南 北,380万,66667元/平,顶层 (共6层) 2室1厅 | 57平米 | 南 北,https://ke-image.ljcdn.com/110000-inspection/pc1_qISDmvqVY.jpg!m_fill,w_280,h_210,f_jpg?from=ke.com
20240712,朝阳,国展,101121811515,东直门外 1998年钢混一居室 满五年户型方正,308万,70016元/平,低楼层 (共22层) 1室1厅 | 43.99平米 | 南,https://ke-image.ljcdn.com/110000-inspection/73f715dd-8033-4067-9e55-82ff4dbc819a_1000.jpg!m_fill,w_280,h_210,f_jpg?from=ke.com
20240712,朝阳,国展,101121767503,柳芳北里 精装修三居室  南北通透 采光好视野无遮挡,515万,64740元/平,顶层 (共14层) | 1988年 | 3室1厅 | 79.55平米 | 南 北,https://ke-image.ljcdn.com/110000-inspection/9d549a71-d413-445c-90f5-b09ad7613ecc_1000.jpg!m_fill,w_280,h_210,f_jpg?from=ke.com
20240712,朝阳,国展,101121747113,浩鸿园高层  观景两居室 落地窗视野好,1180万,84868元/平,高楼层 (共16层) 2室1厅 | 139.04平米 | 东,https://ke-image.ljcdn.com/110000-inspection/cf1b503b-2deb-4c71-a7f2-cb0cda515adb_1000.jpg!m_fill,w_280,h_210,f_jpg?from=ke.com
20240712,朝阳,国展,101121598540,左家庄北里20㎡带阳台明厅管理好环境好看房方便房主自荐,608万,80360元/平,低楼层 (共21层) 2室1厅 | 75.66平米 | 东 西南 西北,https://ke-image.ljcdn.com/110000-inspection/35dd5f15-1a84-4482-b845-9f9f98050dac_1000.jpg!m_fill,w_280,h_210,f_jpg?from=ke.com
20240712,朝阳,国展,101121453923,左家庄北里 满五年唯一 精装修 低楼层房主自荐,385万,68396元/平,中楼层 (共5层) 2室1厅 | 56.29平米 | 南 北,https://ke-image.ljcdn.com/110000-inspection/pc1_T3Ao32Bs0.jpg!m_fill,w_280,h_210,f_jpg?from=ke.com
20240712,朝阳,国展,101121327532,左家庄东里 1996年楼龄新 精装修一居 中间楼层  诚售,310万,65972元/平,中楼层 (共6层) 1室1厅 | 46.99平米 | 南,https://ke-image.ljcdn.com/110000-inspection/b2af2b6e-9450-4eea-bdac-8500e1a40e99_1000.jpg!m_fill,w_280,h_210,f_jpg?from=ke.com
20240712,朝阳,国展,101121324841,柳北明厨明卫一居 电梯中高层 采光视野好 满五央产,299万,67648元/平,中楼层 (共14层) | 1988年 | 1室1厅 | 44.2平米 | 南 北,https://ke-image.ljcdn.com/110000-inspection/47c8873d-d9a6-4458-9938-896b206caa1c_1000.jpg!m_fill,w_280,h_210,f_jpg?from=ke.com
20240712,朝阳,国展,101121297910,柳芳南里 中间楼层 明厨明卫 南北通透管理好,475万,79765元/平,低楼层 (共6层) 2室1厅 | 59.55平米 | 南 北,https://ke-image.ljcdn.com/110000-inspection/23b09947-08f9-4b5f-a450-0e723bd44089_1000.jpg!m_fill,w_280,h_210,f_jpg?from=ke.com
20240712,朝阳,国展,101121295928,静安里带电梯双南两居室 钢混结构 满五年唯一,356万,68953元/平,中楼层 (共12层) | 1984年 | 2室1厅 | 51.63平米 | 西南,https://ke-image.ljcdn.com/110000-inspection/2f2a28bb-f092-41fa-9b00-4bf2d93ee92a_1000.jpg!m_fill,w_280,h_210,f_jpg?from=ke.com
20240712,朝阳,国展,101121290393,新天第 西南三居室 满五年唯一近地铁,1130万,68365元/平,低楼层 (共28层) 3室2厅 | 165.29平米 | 南 西,https://ke-image.ljcdn.com/110000-inspection/41d58490-ef7f-4a34-8643-7fe98792ccaf_1000.jpg!m_fill,w_280,h_210,f_jpg?from=ke.com
20240712,朝阳,国展,101121102216,静安东里二层南北通明厨明卫安静舒适公积金贷款26年,400万,67993元/平,低楼层 (共6层) 2室1厅 | 58.83平米 | 南 北,https://ke-image.ljcdn.com/110000-inspection/4a7cc76e-f013-43d0-9398-771e4e29ec5a_1000.jpg!m_fill,w_280,h_210,f_jpg?from=ke.com
20240712,朝阳,国展,101121100126,中海油单独物业管理   二居  左家庄北里  地铁,410万,64466元/平,中楼层 (共20层) 2室1厅 | 63.6平米 | 西,https://ke-image.ljcdn.com/110000-inspection/1fbd6a48-ee99-4357-ab99-c992329c2813_1000.jpg!m_fill,w_280,h_210,f_jpg?from=ke.com
20240712,朝阳,国展,101121071664,东直门外东西南朝向三居 地铁17号线左家庄站 满五唯一房主自荐,465万,60516元/平,顶层 (共6层) 3室1厅 | 76.84平米 | 东 南 西,https://ke-image.ljcdn.com/110000-inspection/pc1_XTRIo1gQU.jpg!m_fill,w_280,h_210,f_jpg?from=ke.com
20240712,朝阳,国展,101121056754,静安东里南向全明一居室满五唯一精装,305万,72585元/平,顶层 (共6层) 1室1厅 | 42.02平米 | 西南,https://ke-image.ljcdn.com/110000-inspection/4b5d5d6f-c2dd-442b-804f-ba64dad7bf7f_1000.jpg!m_fill,w_280,h_210,f_jpg?from=ke.com
20240712,朝阳,国展,101121041904,静安里 党校无线所宿舍 板楼2层八零筑一大厅 精品房源,350万,64517元/平,低楼层 (共6层) 2室1厅 | 54.25平米 | 东南 西北,https://ke-image.ljcdn.com/110000-inspection/287a1419-3a6e-42f0-b61e-03c94db82056_1000.jpg!m_fill,w_280,h_210,f_jpg?from=ke.com
20240712,朝阳,国展,101121008310,电梯东南三居室 看房有钥匙 随时签约,770万,91515元/平,低楼层 (共18层) 3室1厅 | 84.14平米 | 东 南,https://ke-image.ljcdn.com/110000-inspection/03d3691d-bbf1-41ad-bb60-c439a9004135_1000.jpg!m_fill,w_280,h_210,f_jpg?from=ke.com
20240712,朝阳,国展,101120990163,东直门外 香河园中里满五年唯一钢混两居 南北通透,410万,70873元/平,底层 (共6层) 2室1厅 | 57.85平米 | 南 北,https://ke-image.ljcdn.com/110000-inspection/8b4bcbdc-7a40-41c1-b24d-5854c161dae2_1000.jpg!m_fill,w_280,h_210,f_jpg?from=ke.com
20240712,朝阳,国展,101120988011,柳芳南里 南北通透双阳台明厨明卫,760万,81589元/平,中楼层 (共18层) 3室1厅 | 93.15平米 | 南 北,https://ke-image.ljcdn.com/110000-inspection/acf94e4c-a26d-4802-a69d-bcd91530d30f_1000.jpg!m_fill,w_280,h_210,f_jpg?from=ke.com
20240712,朝阳,国展,101120945980,三环内 南北向精装两居室 管理好,298万,54921元/平,顶层 (共6层) 2室1厅 | 54.26平米 | 南 北,https://ke-image.ljcdn.com/110000-inspection/3e2e4efa-0de0-4057-bba9-7f906f2c8f1c_1000.jpg!m_fill,w_280,h_210,f_jpg?from=ke.com
20240712,朝阳,国展,101120799585,润民柳芳居 1室1厅 东,548万,86123元/平,高楼层 (共16层) 1室1厅 | 63.63平米 | 东,https://ke-image.ljcdn.com/110000-inspection/912e14ea-693b-4147-a528-0e96b0a15900_1000.jpg!m_fill,w_280,h_210,f_jpg?from=ke.com
20240712,朝阳,国展,101120720110,左家庄北里 板楼大东区 九十年代新楼龄 全明户型精装,452万,76108元/平,中楼层 (共6层) 2室1厅 | 59.39平米 | 东南,https://ke-image.ljcdn.com/110000-inspection/7642f389-5d7d-48d9-b904-ca095f31c404_1000.jpg!m_fill,w_280,h_210,f_jpg?from=ke.com
20240712,朝阳,国展,101120656215,静安里中间楼层 厨卫带窗 满五年唯一,352万,62467元/平,中楼层 (共5层) 2室1厅 | 56.35平米 | 东南 西南 北,https://ke-image.ljcdn.com/110000-inspection/pc1_hXnV8EiCj_2.jpg!m_fill,w_280,h_210,f_jpg?from=ke.com
20240712,朝阳,国展,101120516939,公积金可贷款30年 满五年唯一 全新精装修一居室,239万,60707元/平,高楼层 (共6层) | 1988年 | 1室1厅 | 39.37平米 | 东南,https://ke-image.ljcdn.com/110000-inspection/pc1_WMmQ15KOU_2.jpg!m_fill,w_280,h_210,f_jpg?from=ke.com
20240712,朝阳,国展,101120496901,静安东里 国旅单位  院内免费停车 满五年唯一,255万,60686元/平,顶层 (共6层) 1室1厅 | 42.02平米 | 南 北,https://ke-image.ljcdn.com/110000-inspection/58af9084-1e3d-4a9b-befe-877cd1cccbe6_1000.jpg!m_fill,w_280,h_210,f_jpg?from=ke.com
20240712,朝阳,国展,101120184698,左家庄东里 电梯一居室 厨卫带窗 高层视野好 98年钢混,299万,68752元/平,中楼层 (共22层) 1室1厅 | 43.49平米 | 南,https://ke-image.ljcdn.com/110000-inspection/pc1_LxD7hUQR6.jpg!m_fill,w_280,h_210,f_jpg?from=ke.com
20240712,朝阳,国展,101120132261,东直门外 精装修满五年唯一 1993年三层一居室,312万,71462元/平,中楼层 (共6层) 1室1厅 | 43.66平米 | 南,https://ke-image.ljcdn.com/110000-inspection/1d8dd3dc-66d5-4d62-9c7d-7062f6398a36_1000.jpg!m_fill,w_280,h_210,f_jpg?from=ke.com
20240712,朝阳,国展,101119987214,香河园中里 9号楼钢混塔楼 一层南向和西向有对流风房主自荐,345万,63736元/平,底层 (共16层) 2室1厅 | 54.13平米 | 南 北,https://ke-image.ljcdn.com/110000-inspection/pc1_DjiFJGtNw.jpg!m_fill,w_280,h_210,f_jpg?from=ke.com
20240712,朝阳,国展,101119958298,静安里 3室1厅 东南 北,380万,61045元/平,顶层 (共6层) 3室1厅 | 62.25平米 | 东南 北,https://ke-image.ljcdn.com/110000-inspection/17b5b961-1198-482c-9e08-a957d232d571_1000.jpg!m_fill,w_280,h_210,f_jpg?from=ke.com
20240712,朝阳,国展,101119916098,三元桥  2层一居 1996年楼龄  有钥匙 随时签约,276万,58736元/平,低楼层 (共6层) 1室1厅 | 46.99平米 | 南,https://ke-image.ljcdn.com/110000-inspection/71ece595-3292-48d3-9706-a753dae3f03d_1000.jpg!m_fill,w_280,h_210,f_jpg?from=ke.com
20240712,朝阳,国展,101119801880,楼龄新 将装修 通透三居室 随时签约,480万,66667元/平,顶层 (共6层) 3室1厅 | 72平米 | 东 西,https://ke-image.ljcdn.com/110000-inspection/be30a6bc-39a7-437c-865a-b991e2c2204f_1000.jpg!m_fill,w_280,h_210,f_jpg?from=ke.com
20240712,朝阳,国展,101119793975,东直门外三居室 南部通透精装修,502万,71490元/平,顶层 (共6层) 3室1厅 | 70.22平米 | 南 北,https://ke-image.ljcdn.com/110000-inspection/pc1_dbxyOUyoN_2.jpg!m_fill,w_280,h_210,f_jpg?from=ke.com
20240712,朝阳,国展,101119619741,央产楼精装修全明格局拎包入住随时签约房主自荐,518万,82419元/平,低楼层 (共18层) 2室1厅 | 62.85平米 | 东北,https://ke-image.ljcdn.com/110000-inspection/pc1_abaoqcER7_1.jpg!m_fill,w_280,h_210,f_jpg?from=ke.com
20240712,朝阳,国展,101119595276,静安东里电梯楼中间层三居室满五唯一公积金可贷30年,590万,75545元/平,中楼层 (共18层) 3室1厅 | 78.1平米 | 东南 西南,https://ke-image.ljcdn.com/110000-inspection/pc1_MDkGN0BRr.jpg!m_fill,w_280,h_210,f_jpg?from=ke.com
20240712,朝阳,国展,101119556182,84年钢混 东直门边近17号线  精装修 好楼层 免费停车,290万,68300元/平,中楼层 (共6层) 1室1厅 | 42.46平米 | 南,https://ke-image.ljcdn.com/110000-inspection/10140945-3dbc-47ba-bea4-de67f6cf01ce_1000.jpg!m_fill,w_280,h_210,f_jpg?from=ke.com
20240712,朝阳,国展,101119511852,三环里 满五年唯一精装修三居室 拎包入住 采光好房主自荐,430万,72464元/平,高楼层 (共6层) 3室1厅 | 59.34平米 | 南 北,https://ke-image.ljcdn.com/110000-inspection/22905c91-9fe6-4f3c-8756-a40dc54b4af1_1000.jpg!m_fill,w_280,h_210,f_jpg?from=ke.com
20240712,朝阳,国展,101119285997,静安里三环内。交通便利  楼龄新,299万,65242元/平,低楼层 (共6层) | 1993年 | 1室1厅 | 45.83平米 | 南 北,https://ke-image.ljcdn.com/110000-inspection/52d87360-ab17-469a-8bae-5f1953e4453d_1000.jpg!m_fill,w_280,h_210,f_jpg?from=ke.com
20240712,朝阳,国展,101119285507,东北三环内 90年中层 正南北 通透 满五年 采光视野好,390万,59109元/平,中楼层 (共6层) 2室1厅 | 65.98平米 | 南 北,https://ke-image.ljcdn.com/110000-inspection/pc1_SC4ranLRb.jpg!m_fill,w_280,h_210,f_jpg?from=ke.com
20240712,朝阳,国展,101119268238,左家庄北里满五年唯一正对社区花园房主自荐,315万,59089元/平,高楼层 (共6层) 2室1厅 | 53.31平米 | 东南,https://ke-image.ljcdn.com/110000-inspection/pc1_mPckQjaKH.jpg!m_fill,w_280,h_210,f_jpg?from=ke.com
20240712,朝阳,国展,101118921159,满五年 电梯中高层 楼道干净 采光好  有钥匙,456万,73371元/平,中楼层 (共22层) 2室1厅 | 62.15平米 | 西南,https://ke-image.ljcdn.com/110000-inspection/pc1_rjz1T3OOx_2.jpg!m_fill,w_280,h_210,f_jpg?from=ke.com
20240712,朝阳,国展,101118739930,诚意出售 满五年 南北通透 中间楼层 楼道干净,350万,61232元/平,中楼层 (共5层) 3室1厅 | 57.16平米 | 南 北,https://ke-image.ljcdn.com/110000-inspection/852245fa-69f2-48d3-98d0-83980f9a0755_1000.jpg!m_fill,w_280,h_210,f_jpg?from=ke.com
20240712,朝阳,国展,101118460547,香河园中里 南向一居室 满五年唯一房主自荐,245万,67161元/平,顶层 (共6层) 1室1厅 | 36.48平米 | 南,https://ke-image.ljcdn.com/110000-inspection/pc1_KfhzKOqGY.jpg!m_fill,w_280,h_210,f_jpg?from=ke.com
20240712,朝阳,国展,101118410467,高层三居客厅带明窗满五年家庭唯一诚售,725万,78968元/平,高楼层 (共21层) | 1997年 | 3室1厅 | 91.81平米 | 东 南 北,https://ke-image.ljcdn.com/110000-inspection/cc83d6c8-19bd-44a1-8fe7-18e878ee51ed_1000.jpg!m_fill,w_280,h_210,f_jpg?from=ke.com
20240712,朝阳,国展,101118257070,东直门 板楼南北通透 精装修两居室 明厨明卫明厅房主自荐,410万,68896元/平,顶层 (共6层) 2室1厅 | 59.51平米 | 南 北,https://ke-image.ljcdn.com/110000-inspection/pc1_qXfMDQ8Nj.jpg!m_fill,w_280,h_210,f_jpg?from=ke.com
20240712,朝阳,国展,101118153312,柳芳北里 精装修 一居室 户型方正房主自荐,293万,69007元/平,中楼层 (共5层) 1室1厅 | 42.46平米 | 南,https://ke-image.ljcdn.com/110000-inspection/a20bbdf3-bccb-4f8e-8b76-a480ae915ac2_1000.jpg!m_fill,w_280,h_210,f_jpg?from=ke.com
20240712,朝阳,国展,101117947577,东直门外 南北通透、明厨明卫、全明户型二居 非顶层！,380万,61539元/平,顶层 (共6层) 2室1厅 | 61.75平米 | 南 北,https://ke-image.ljcdn.com/110000-inspection/decdaa60-ecae-4c48-bdb8-251d9953526a_1000.jpg!m_fill,w_280,h_210,f_jpg?from=ke.com
20240712,朝阳,国展,101117773380,静安里南北通透一层满五唯一两居,345万,61663元/平,底层 (共5层) | 1981年 | 2室1厅 | 55.95平米 | 南 北,https://ke-image.ljcdn.com/110000-inspection/da60545b-b2bc-4690-b5b1-8f08b774c82a_1000.jpg!m_fill,w_280,h_210,f_jpg?from=ke.com
20240712,朝阳,国展,101117704321,香河园中里 全明格局 两居室  南北朝向 采光充足,375万,61325元/平,顶层 (共6层) | 1981年 | 2室1厅 | 61.15平米 | 南,https://ke-image.ljcdn.com/110000-inspection/64aa3de4-427b-44ab-b1a1-782c0db800a0_1000.jpg!m_fill,w_280,h_210,f_jpg?from=ke.com
20240712,朝阳,国展,101117595321,左家庄东里 东西南三面采光高层观景98电梯钢混,480万,79484元/平,高楼层 (共22层) 3室1厅 | 60.39平米 | 东 南 西,https://ke-image.ljcdn.com/110000-inspection/pc1_rIVLQVDsv_2.jpg!m_fill,w_280,h_210,f_jpg?from=ke.com
20240712,朝阳,国展,101116957804,国展 柳芳南里 十佳文明社区 南北通透 明厨明卫两居室房主自荐,498万,83306元/平,底层 (共6层) | 1988年 | 2室1厅 | 59.78平米 | 南 北,https://ke-image.ljcdn.com/110000-inspection/pc1_hI4ePlc96.jpg!m_fill,w_280,h_210,f_jpg?from=ke.com
20240712,朝阳,国展,101116820383,静安东里  东南朝向两居室 有一个11平米客厅,460万,77014元/平,中楼层 (共6层) | 1990年 | 2室1厅 | 59.73平米 | 东南,https://ke-image.ljcdn.com/110000-inspection/c7b45447-2a27-4dbb-b939-e8c91c0491ae_1000.jpg!m_fill,w_280,h_210,f_jpg?from=ke.com
20240712,朝阳,国展,101116659711,香河园中里一层满五唯一住房 东西朝向,380万,64038元/平,底层 (共6层) 2室1厅 | 59.34平米 | 东 西,https://ke-image.ljcdn.com/110000-inspection/pc1_OvCKHq1HS.jpg!m_fill,w_280,h_210,f_jpg?from=ke.com
20240712,朝阳,国展,101115870617,1997年南北通透大三居 40万全新精装修 户型好带大客厅,998万,80187元/平,底层 (共7层) | 1997年 | 3室1厅 | 124.46平米 | 南 北,https://ke-image.ljcdn.com/110000-inspection/pc1_v5RgBp3GR_2.jpg!m_fill,w_280,h_210,f_jpg?from=ke.com
20240712,朝阳,国展,101115602099,三环里 国际友谊花园精装修大两居 观景房房主自荐,1198万,81486元/平,高楼层 (共18层) | 1998年 | 2室1厅 | 147.02平米 | 西 北,https://ke-image.ljcdn.com/110000-inspection/pc1_ZCYO0HQQ6_2.jpg!m_fill,w_280,h_210,f_jpg?from=ke.com
20240712,朝阳,国展,101115229786,静安里1993年板楼2层 满五年唯一 精装修一居室,285万,71429元/平,低楼层 (共6层) | 1993年 | 1室1厅 | 39.9平米 | 东南,https://ke-image.ljcdn.com/110000-inspection/pc1_50OmJLnDZ_1.jpg!m_fill,w_280,h_210,f_jpg?from=ke.com
20240712,朝阳,国展,101115183519,左家庄东里南向两居 双阳台通透格局 楼龄新 看房方便,489万,78504元/平,中楼层 (共22层) 2室1厅 | 62.29平米 | 东南,https://ke-image.ljcdn.com/110000-inspection/pc1_gRHSdgxQX_2.jpg!m_fill,w_280,h_210,f_jpg?from=ke.com
20240712,朝阳,国展,101114666999,板楼一层 出行方便 明厨明卫格局,350万,63372元/平,底层 (共7层) 2室1厅 | 55.23平米 | 东 西,https://ke-image.ljcdn.com/110000-inspection/pc1_5XRC8jTrI_1.jpg!m_fill,w_280,h_210,f_jpg?from=ke.com
20240712,朝阳,国展,101114568070,左家庄北里1995年钢混两居室满五年,480万,76251元/平,中楼层 (共20层) 2室1厅 | 62.95平米 | 西,https://ke-image.ljcdn.com/110000-inspection/a574541d-8ded-42de-9d50-f3c582731bef_1000.jpg!m_fill,w_280,h_210,f_jpg?from=ke.com
20240712,朝阳,国展,101114314199,香河园中里 中间层 中间单元 南北通透 两居室,430万,64027元/平,中楼层 (共6层) 2室1厅 | 67.16平米 | 南 北,https://ke-image.ljcdn.com/110000-inspection/047646d7-2ac6-4120-9dc5-29a8c0f03674_1000.jpg!m_fill,w_280,h_210,f_jpg?from=ke.com
20240712,朝阳,国展,101114296639,三环里 南北通透 明厨明卫 3/6层 免费停车 诚心出售房主自荐,435万,79279元/平,中楼层 (共6层) | 1984年 | 2室1厅 | 54.87平米 | 西南 东北,https://ke-image.ljcdn.com/110000-inspection/3b1cf018-05aa-4f7c-b248-b20f10bcebaa_1000.jpg!m_fill,w_280,h_210,f_jpg?from=ke.com
20240712,朝阳,国展,101108354641,静安里 南北通透 一层二居室 看房有钥匙 随时签约,375万,65964元/平,底层 (共6层) 2室1厅 | 56.85平米 | 东南 西北,https://ke-image.ljcdn.com/110000-inspection/e58bdf6c-8510-4c3c-8a6e-88d09a7aa286_1000.jpg!m_fill,w_280,h_210,f_jpg?from=ke.com
20240712,朝阳,国展,101091978877,高板楼带电梯 2002年  南北通透 三居室  满五年唯一房主自荐,1050万,64072元/平,低楼层 (共14层) 3室2厅 | 163.88平米 | 南 北,https://ke-image.ljcdn.com/110000-inspection/pc1_WslVyFlKK.jpg!m_fill,w_280,h_210,f_jpg?from=ke.com
20240712,朝阳,国展,101125390531,左家庄南里 西院板楼低楼层 精装急售上车佳选钥匙房,380万,67508元/平,低楼层 (共6层) 2室1厅 | 56.29平米 | 南 北,https://ke-image.ljcdn.com/110000-inspection/pc1_U2Phb85Z6_2.jpg!m_fill,w_280,h_210,f_jpg?from=ke.com
20240712,朝阳,国展,101125343040,本房南北通透 明厨明卫 南北双阳台 通风好 采光好新上,748万,80301元/平,低楼层 (共18层) | 1989年 | 3室1厅 | 93.15平米 | 南 北,https://ke-image.ljcdn.com/110000-inspection/820d041a-e974-4e94-a0e1-a312f4fad7cb_1000.jpg!m_fill,w_280,h_210,f_jpg?from=ke.com
20240712,朝阳,国展,101125328954,三元桥静安东里三居室公积金67-楼龄 近地铁新上,378万,60010元/平,顶层 (共6层) | 1984年 | 3室1厅 | 62.99平米 | 西南 东北,https://ke-image.ljcdn.com/110000-inspection/0e2c3405-2e4a-4d93-aa38-9b7837891936_1000.jpg!m_fill,w_280,h_210,f_jpg?from=ke.com
20240712,朝阳,国展,101125316241,柳芳南里 2室1厅 南 西 北新上,480万,80659元/平,中楼层 (共6层) 2室1厅 | 59.51平米 | 南 西 北,https://ke-image.ljcdn.com/110000-inspection/a4d81333-4c97-49b3-a985-351ab59fc65b_1000.jpg!m_fill,w_280,h_210,f_jpg?from=ke.com
20240712,朝阳,国展,101125313919,满五年 可以贷款中楼层采光视野好新上,430万,65172元/平,底层 (共6层) 2室1厅 | 65.98平米 | 南 北,https://ke-image.ljcdn.com/110000-inspection/87296b5f-92d3-4216-a0fa-1a77df005b4c_1000.jpg!m_fill,w_280,h_210,f_jpg?from=ke.com
20240712,朝阳,国展,101125313365,柳芳南里 新上电梯南向一居室 户型方正诚意出售新上,308万,72814元/平,高楼层 (共18层) | 1990年 | 1室1厅 | 42.3平米 | 南,https://ke-image.ljcdn.com/110000-inspection/652e4d17-cd91-46a2-b058-712496822ba4_1000.jpg!m_fill,w_280,h_210,f_jpg?from=ke.com
20240712,朝阳,国展,101125303775,浩鸿园 2室1厅 西新上,750万,73812元/平,低楼层 (共21层) 2室1厅 | 101.61平米 | 西,https://ke-image.ljcdn.com/110000-inspection/e8963b12-78ca-417c-ba42-2d80105d24de_1000.jpg!m_fill,w_280,h_210,f_jpg?from=ke.com
20240712,朝阳,国展,101125302180,力鸿花园 2室1厅 西新上,750万,75249元/平,中楼层 (共24层) 2室1厅 | 99.67平米 | 西,https://ke-image.ljcdn.com/110000-inspection/pc1_75VcHjcvN.jpg!m_fill,w_280,h_210,f_jpg?from=ke.com
20240712,朝阳,国展,101125300942,柳芳南里 2室1厅 南新上,438万,67045元/平,低楼层 (共18层) | 1984年 | 2室1厅 | 65.33平米 | 南,https://ke-image.ljcdn.com/110000-inspection/pc1_LjKxMVdzo_2.jpg!m_fill,w_280,h_210,f_jpg?from=ke.com
20240712,朝阳,国展,101125300162,此房满五年单位房电梯房中间层交通便利配套成熟新上,355万,61665元/平,中楼层 (共16层) 2室1厅 | 57.57平米 | 南,https://ke-image.ljcdn.com/110000-inspection/99853671-fe27-4d66-8888-a4509caa2192_1000.jpg!m_fill,w_280,h_210,f_jpg?from=ke.com
20240712,朝阳,国展,101125288358,此房是干休所的宿舍满五年唯一明厨明卫大阳台新上,590万,52618元/平,高楼层 (共7层) 4室1厅 | 112.13平米 | 东 西,https://ke-image.ljcdn.com/110000-inspection/pc1_sxROHdmkS_2.jpg!m_fill,w_280,h_210,f_jpg?from=ke.com
20240712,朝阳,国展,101125280927,平墅四居一梯两户南北通透正对小区花园新上,1880万,85393元/平,高楼层 (共6层) 4室2厅 | 220.16平米 | 南 北,https://ke-image.ljcdn.com/110000-inspection/pc1_2WFTU8gwO.jpg!m_fill,w_280,h_210,f_jpg?from=ke.com
20240712,朝阳,国展,101125279078,二环边 优质两居室 诚意出售 可看花园新上,750万,81825元/平,中楼层 (共24层) 2室1厅 | 91.66平米 | 西,https://ke-image.ljcdn.com/110000-inspection/a98a3031-cf49-47b3-a84b-5025796156ce_1000.jpg!m_fill,w_280,h_210,f_jpg?from=ke.com
20240712,朝阳,国展,101125275956,二环边 全南户型 落地飘窗 采光视野好新上,2030万,81428元/平,高楼层 (共26层) 3室2厅 | 249.3平米 | 南,https://ke-image.ljcdn.com/110000-inspection/5c9b63a2-7379-4959-9497-e5566dc29830_1000.jpg!m_fill,w_280,h_210,f_jpg?from=ke.com
20240712,朝阳,国展,101125274213,东直门外 明厨明卫 正南向一居室新上,305万,75253元/平,低楼层 (共6层) | 1987年 | 1室1厅 | 40.53平米 | 南,https://ke-image.ljcdn.com/110000-inspection/07d00a40-1941-4386-9923-e1d82b31dda9_1000.jpg!m_fill,w_280,h_210,f_jpg?from=ke.com
20240712,朝阳,国展,101125260035,静安里 3室1厅 南 北新上,605万,58881元/平,顶层 (共6层) | 1997年 | 3室1厅 | 102.75平米 | 南 北,https://ke-image.ljcdn.com/110000-inspection/pc1_PId7OG6ln_2.jpg!m_fill,w_280,h_210,f_jpg?from=ke.com
20240712,朝阳,国展,101125243571,柳芳北里 2室1厅 南,415万,72553元/平,高楼层 (共18层) | 1988年 | 2室1厅 | 57.2平米 | 南,https://ke-image.ljcdn.com/110000-inspection/4b45fe8e-4939-4a26-8dd6-4f6e7b16040a_1000.jpg!m_fill,w_280,h_210,f_jpg?from=ke.com
20240712,朝阳,国展,101125243323,力鸿花园两居室 东北二环边 小区环境好 生活便捷新上,799万,87841元/平,高楼层 (共24层) 2室1厅 | 90.96平米 | 东,https://ke-image.ljcdn.com/110000-inspection/pc1_X30emWoju_2.jpg!m_fill,w_280,h_210,f_jpg?from=ke.com
20240712,朝阳,国展,101125243043,柳芳北里两居室 公积金67-房龄 三元桥 东直门新上,328万,56866元/平,顶层 (共6层) 2室1厅 | 57.68平米 | 南 北,https://ke-image.ljcdn.com/110000-inspection/ed9248c8-d618-4678-b171-998e50588b63_1000.jpg!m_fill,w_280,h_210,f_jpg?from=ke.com
20240712,朝阳,国展,101125225127,左家庄北里 2室1厅 南 北,299万,56801元/平,中楼层 (共6层) | 1982年 | 2室1厅 | 52.64平米 | 南 北,https://ke-image.ljcdn.com/110000-inspection/pc1_LREbMED7u.jpg!m_fill,w_280,h_210,f_jpg?from=ke.com
20240712,朝阳,国展,101125224048,96年楼龄 板楼1层精装修大客厅 有钥匙房主自荐,380万,57385元/平,底层 (共6层) 2室1厅 | 66.22平米 | 西北,https://ke-image.ljcdn.com/110000-inspection/pc1_l30hDVXGs_1.jpg!m_fill,w_280,h_210,f_jpg?from=ke.com
20240712,朝阳,国展,101125220354,东直门外 力鸿花园 明厨明卫一居室 精装修,415万,79123元/平,低楼层 (共24层) 1室1厅 | 52.45平米 | 北,https://ke-image.ljcdn.com/110000-inspection/53b30220-57c3-4926-ab50-48da8f673794_1000.jpg!m_fill,w_280,h_210,f_jpg?from=ke.com
20240712,朝阳,国展,101125188727,静安东里 满五年唯一 户型方正 中高层 楼道干净,500万,70852元/平,中楼层 (共18层) 2室1厅 | 70.57平米 | 西南,https://ke-image.ljcdn.com/110000-inspection/39d1b19c-9fd7-466f-b926-22f04fad5245_1000.jpg!m_fill,w_280,h_210,f_jpg?from=ke.com
20240712,朝阳,国展,101125187777,香河园中里新上南向一居户型方正业主诚心出售总价较低,237万,64968元/平,顶层 (共6层) 1室1厅 | 36.48平米 | 南,https://ke-image.ljcdn.com/110000-inspection/dcb02842-0552-4bc8-b35c-5221685a74e4_1000.jpg!m_fill,w_280,h_210,f_jpg?from=ke.com
20240712,朝阳,国展,101125161614,国际友谊花园 新上大两居 满五年唯一 免费会所,1088万,74004元/平,高楼层 (共18层) | 1998年 | 2室1厅 | 147.02平米 | 南 西,https://ke-image.ljcdn.com/110000-inspection/18ca586f-26d2-486a-83d5-ade4be43a137_1000.jpg!m_fill,w_280,h_210,f_jpg?from=ke.com
20240712,朝阳,国展,101125109986,香河园中里 3室1厅 东南 西北,430万,62537元/平,顶层 (共6层) 3室1厅 | 68.76平米 | 东南 西北,https://ke-image.ljcdn.com/110000-inspection/pc1_vLU57c6vN.jpg!m_fill,w_280,h_210,f_jpg?from=ke.com
20240712,朝阳,国展,101125094806,位置安静不临街精装修两居室随时签约,459万,74284元/平,高楼层 (共6层) | 1993年 | 2室1厅 | 61.79平米 | 东南 西北,https://ke-image.ljcdn.com/110000-inspection/pc1_vxHe1bQr5_2.jpg!m_fill,w_280,h_210,f_jpg?from=ke.com
20240712,朝阳,国展,101125094471,力鸿花园2+1户型可做方正格局靠谱问定出售,899万,63391元/平,低楼层 (共24层) 3室1厅 | 141.82平米 | 东南,https://ke-image.ljcdn.com/110000-inspection/ea982ce7-45d7-4f02-89b4-232308458693_1000.jpg!m_fill,w_280,h_210,f_jpg?from=ke.com
20240712,朝阳,国展,101125086880,国际友谊花园新上大两居 户型好满五唯一 私密会所,1098万,73940元/平,高楼层 (共16层) 2室2厅 | 148.5平米 | 南 西,https://ke-image.ljcdn.com/110000-inspection/b9e835b2-ea1d-4b86-9dd6-e78ffb2f943c_1000.jpg!m_fill,w_280,h_210,f_jpg?from=ke.com
20240712,朝阳,国展,101125083414,左家庄北里一层 南北通透 交通生活便捷 满五年唯一房主自荐,386万,61603元/平,底层 (共6层) | 1990年 | 2室1厅 | 62.66平米 | 南 北,https://ke-image.ljcdn.com/110000-inspection/00144861-6a2d-4759-ae99-cf2d29775013_1000.jpg!m_fill,w_280,h_210,f_jpg?from=ke.com
20240712,朝阳,国展,101125059376,08年商品房业主重新装修过看房有钥匙随时签约,298万,44168元/平,高楼层 (共20层) | 2008年 | 1室1厅 | 67.47平米 | 东北,https://ke-image.ljcdn.com/110000-inspection/8860f68f-17e6-45fb-aba1-5917cfaf704e_1000.jpg!m_fill,w_280,h_210,f_jpg?from=ke.com
20240712,朝阳,国展,101125046071,三元桥静安里 双南两居 满五央产 管理好 交通便利,330万,58335元/平,底层 (共14层) | 1986年 | 2室1厅 | 56.57平米 | 西南,https://ke-image.ljcdn.com/110000-inspection/pc1_yP2GWTPgI.jpg!m_fill,w_280,h_210,f_jpg?from=ke.com
20240712,朝阳,国展,101125039731,静安里 2室1厅 西南,352万,68178元/平,低楼层 (共12层) | 1985年 | 2室1厅 | 51.63平米 | 西南,https://ke-image.ljcdn.com/110000-inspection/pc1_Uq7NulVCd_2.jpg!m_fill,w_280,h_210,f_jpg?from=ke.com
20240712,朝阳,国展,101124989932,柳芳北里 1室1厅 南,298万,68601元/平,高楼层 (共18层) 1室1厅 | 43.44平米 | 南,https://ke-image.ljcdn.com/110000-inspection/pc1_vgIX90xOA.jpg!m_fill,w_280,h_210,f_jpg?from=ke.com
20240712,朝阳,国展,101124986412,静安东里 国家旅游局宿舍 户型方正 采光好 有坡顶,439万,57985元/平,顶层 (共6层) 3室1厅 | 75.71平米 | 西南 东北,https://ke-image.ljcdn.com/110000-inspection/pc1_TW8enMP2S.jpg!m_fill,w_280,h_210,f_jpg?from=ke.com
20240712,朝阳,国展,101124903677,豪成大厦 4室1厅 南,880万,52105元/平,高楼层 (共25层) 4室1厅 | 168.89平米 | 南,https://ke-image.ljcdn.com/110000-inspection/ce5859e1-a6cd-41c1-9a87-580ca11ec4b5_1000.jpg!m_fill,w_280,h_210,f_jpg?from=ke.com
20240712,朝阳,国展,101124839526,国际友谊花园精装修大三居拎包入住高层直观三元桥,1060万,66621元/平,中楼层 (共22层) 3室1厅 | 159.11平米 | 东北 南,https://ke-image.ljcdn.com/110000-inspection/pc1_tZ4aF81h3_1.jpg!m_fill,w_280,h_210,f_jpg?from=ke.com
20240712,朝阳,国展,101124827504,公积金可贷26年！ 三居室 不临街 满五年唯一,430万,68265元/平,中楼层 (共6层) | 1983年 | 3室1厅 | 62.99平米 | 西南 东北,https://ke-image.ljcdn.com/110000-inspection/2bf4c58e-bc35-44de-aeed-2ce7acf606de_1000.jpg!m_fill,w_280,h_210,f_jpg?from=ke.com
20240712,朝阳,国展,101124824995,瑞福楼 3室2厅 南 北,1288万,65385元/平,高楼层 (共14层) 3室2厅 | 196.99平米 | 南 北,https://ke-image.ljcdn.com/110000-inspection/ec32ef89-0d99-491f-82b2-47eb266bdfc3_1000.jpg!m_fill,w_280,h_210,f_jpg?from=ke.com
20240712,朝阳,国展,101124824968,国际友谊花园 2室1厅 南,889万,84075元/平,中楼层 (共16层) 2室1厅 | 105.74平米 | 南,https://ke-image.ljcdn.com/110000-inspection/pc1_Q3CP6NvLL_2.jpg!m_fill,w_280,h_210,f_jpg?from=ke.com
20240712,朝阳,国展,101124815088,林达大厦 3室2厅 东,1190万,65998元/平,顶层 (共25层) | 1999年 | 3室2厅 | 180.31平米 | 东,https://ke-image.ljcdn.com/110000-inspection/pc1_zjvooU0OK.jpg!m_fill,w_280,h_210,f_jpg?from=ke.com
20240712,朝阳,国展,101124785128,MASTER领域 1室1厅 西南,255万,44808元/平,高楼层 (共20层) | 2008年 | 1室1厅 | 56.91平米 | 西南,https://ke-image.ljcdn.com/110000-inspection/17cf8935-21a4-41cd-9f08-71852582c784_1000.jpg!m_fill,w_280,h_210,f_jpg?from=ke.com
20240712,朝阳,国展,101124780035,新天第次顶层特殊户型高层无遮挡一圈阳台房主自荐,1280万,70512元/平,顶层 (共28层) | 2002年 | 3室2厅 | 181.53平米 | 东北,https://ke-image.ljcdn.com/110000-inspection/2599dcf9-8228-4b47-81d7-94bf6a7709dd_1000.jpg!m_fill,w_280,h_210,f_jpg?from=ke.com
20240712,朝阳,国展,101124771143,左家庄中街6号院08年商品房格局方正看房方便！,499万,42032元/平,中楼层 (共25层) 2室1厅 | 118.72平米 | 东,https://ke-image.ljcdn.com/110000-inspection/eb8f0f1a-922a-4113-bd66-0b404867fc0e_1000.jpg!m_fill,w_280,h_210,f_jpg?from=ke.com
20240712,朝阳,国展,101124763810,柳芳北里 小三居 总价428万 户型方正 随时可看,428万,67668元/平,底层 (共16层) | 1987年 | 3室1厅 | 63.25平米 | 西 西北,https://ke-image.ljcdn.com/110000-inspection/pc1_rD29ZzDtD.jpg!m_fill,w_280,h_210,f_jpg?from=ke.com
20240712,朝阳,国展,101124718782,地铁左家庄站旁  正南电梯一居室 业主诚心出售,315万,71526元/平,中楼层 (共16层) 1室1厅 | 44.04平米 | 南,https://ke-image.ljcdn.com/110000-inspection/59ec3051-98f5-44f7-81a2-aa43523a65b2_1000.jpg!m_fill,w_280,h_210,f_jpg?from=ke.com
20240712,朝阳,国展,101124711562,东直门外 力鸿花园 明厨明卫一居室 满五年唯一,430万,81983元/平,低楼层 (共24层) 1室1厅 | 52.45平米 | 北,https://ke-image.ljcdn.com/110000-inspection/6caff979-a0ea-463f-871a-e1c472b07fad_1000.jpg!m_fill,w_280,h_210,f_jpg?from=ke.com
20240712,朝阳,国展,101124681050,柳芳南里电梯精装全明户型格局俩室,409万,64248元/平,中楼层 (共18层) 2室1厅 | 63.66平米 | 东北,https://ke-image.ljcdn.com/110000-inspection/pc1_c4HnfCNV4_1.jpg!m_fill,w_280,h_210,f_jpg?from=ke.com
20240712,朝阳,国展,101124661037,柳芳北里 南北通透婚房精装修 小区内部不临街采光好,345万,59813元/平,高楼层 (共6层) 2室1厅 | 57.68平米 | 南 北,https://ke-image.ljcdn.com/110000-inspection/ddcc595a-b154-442a-81a8-d7ded72ecd3e_1000.jpg!m_fill,w_280,h_210,f_jpg?from=ke.com
20240712,朝阳,国展,101124643244,三环里  经典通透80筑2 满五唯一 业主诚心出售,330万,57824元/平,顶层 (共6层) 2室1厅 | 57.07平米 | 东南,https://ke-image.ljcdn.com/110000-inspection/pc1_BOJve0adW_2.jpg!m_fill,w_280,h_210,f_jpg?from=ke.com
20240712,朝阳,国展,101124564796,柳芳北里 带电梯东南向两居室 满五年一手房主物业好房主自荐,390万,68735元/平,低楼层 (共18层) 2室1厅 | 56.74平米 | 东南 东 南,https://ke-image.ljcdn.com/110000-inspection/38ce55dd-cfda-4661-8dcf-fedc8490caa1_1000.jpg!m_fill,w_280,h_210,f_jpg?from=ke.com
20240712,朝阳,国展,101124534843,豪成大厦 1室1厅 东,235万,47716元/平,低楼层 (共25层) 1室1厅 | 49.25平米 | 东,https://ke-image.ljcdn.com/110000-inspection/88ace953-ee15-4fa2-bf90-4e2e5afdeead_1000.jpg!m_fill,w_280,h_210,f_jpg?from=ke.com
20240712,朝阳,国展,101124532002,东直门外 南北通透的大复式 双卫设计 满五年唯一！房主自荐,737万,49798元/平,顶层 (共6层) 4室2厅 | 148平米 | 南 北,https://ke-image.ljcdn.com/110000-inspection/b993047a-d0f1-48d1-be2e-9935edf1aa91_1000.jpg!m_fill,w_280,h_210,f_jpg?from=ke.com
20240712,朝阳,国展,101124491868,带大客厅两居 楼龄新 正南正北 17号地铁左家庄站,398万,61763元/平,高楼层 (共6层) | 1992年 | 2室1厅 | 64.44平米 | 南 北,https://ke-image.ljcdn.com/110000-inspection/pc1_AhQwIHoBF_2.jpg!m_fill,w_280,h_210,f_jpg?from=ke.com
20240712,朝阳,国展,101124475293,满两年 东西通透三居室 双阳台 双外飘窗,1089万,81997元/平,高楼层 (共12层) 3室2厅 | 132.81平米 | 东 西,https://ke-image.ljcdn.com/110000-inspection/30445d2f-b36c-4570-a58d-6de9fc9bb507_1000.jpg!m_fill,w_280,h_210,f_jpg?from=ke.com
20240712,朝阳,国展,101124468975,南北通透 楼龄新 户型大 可满足三世同堂居住需求,688万,52114元/平,顶层 (共6层) | 1995年 | 3室1厅 | 132.02平米 | 南 北,https://ke-image.ljcdn.com/110000-inspection/772c3717-14b5-4521-a0cd-b2625cd76659_1000.jpg!m_fill,w_280,h_210,f_jpg?from=ke.com
20240712,朝阳,国展,101124459207,2002年建成十佳文明小区满五年,599万,79984元/平,低楼层 (共18层) 2室1厅 | 74.89平米 | 东 北,https://ke-image.ljcdn.com/110000-inspection/5e9a6b59-5786-44e9-a9a2-e241ef57195b_1000.jpg!m_fill,w_280,h_210,f_jpg?from=ke.com
20240712,朝阳,国展,101124412909,三元桥 满五年唯一精装修  户型方正 免费会所,518万,61440元/平,中楼层 (共16层) 1室1厅 | 84.31平米 | 北,https://ke-image.ljcdn.com/110000-inspection/pc1_SZtE8ZzdT_2.jpg!m_fill,w_280,h_210,f_jpg?from=ke.com
20240712,朝阳,国展,101124368717,静安东里1992年带客厅正南正北通透两居室,400万,65564元/平,顶层 (共6层) | 1992年 | 2室1厅 | 61.01平米 | 南 北,https://ke-image.ljcdn.com/110000-inspection/b70acabd-11c8-46c2-a2c7-33818fbe5226_1000.jpg!m_fill,w_280,h_210,f_jpg?from=ke.com
20240712,朝阳,国展,101124357705,西南向 满五唯一 中高层 随时可看 保持好 装修好,1066万,75166元/平,中楼层 (共24层) 2室1厅 | 141.82平米 | 南 西,https://ke-image.ljcdn.com/110000-inspection/6326d73d-d18e-4eef-a147-b39cb5485b6c_1000.jpg!m_fill,w_280,h_210,f_jpg?from=ke.com
20240712,朝阳,国展,101124351667,三环里 96年电梯大一居室 业主诚心出售,378万,68916元/平,中楼层 (共14层) 1室1厅 | 54.85平米 | 南 北,https://ke-image.ljcdn.com/110000-inspection/a7fd0b0d-1f1d-4b48-8691-e0e2223f7cff_1000.jpg!m_fill,w_280,h_210,f_jpg?from=ke.com
20240712,朝阳,国展,101124333486,国家旅游局宿舍 可视门禁 精装修 有停车位,485万,87609元/平,低楼层 (共18层) 2室1厅 | 55.36平米 | 东南,https://ke-image.ljcdn.com/110000-inspection/12aaafcd-249f-485e-baa0-a2f8c12f650f_1000.jpg!m_fill,w_280,h_210,f_jpg?from=ke.com
20240712,朝阳,国展,101124312851,静安里 2室1厅 东南 西北,611万,68185元/平,中楼层 (共7层) 2室1厅 | 89.61平米 | 东南 西北,https://ke-image.ljcdn.com/110000-inspection/60aa8264-369a-491f-8fe2-fa8e5d0ce770_1000.jpg!m_fill,w_280,h_210,f_jpg?from=ke.com
20240712,朝阳,国展,101124297252,刚需客户看过来楼龄新看房方便,300万,49432元/平,中楼层 (共25层) 1室1厅 | 60.69平米 | 西,https://ke-image.ljcdn.com/110000-inspection/d1c645af-a571-4f5e-bd70-7c1edbef7339_1000.jpg!m_fill,w_280,h_210,f_jpg?from=ke.com
20240712,朝阳,国展,101124254297,左家庄南里 带电梯一居室 全明格局 楼龄新,319万,55508元/平,中楼层 (共14层) 1室2厅 | 57.47平米 | 南,https://ke-image.ljcdn.com/110000-inspection/pc1_Bab1TQEoz_3.jpg!m_fill,w_280,h_210,f_jpg?from=ke.com
20240712,朝阳,国展,101124227108,左家庄北里 95年带电梯带明厅东南两居室 满五唯一房主自荐,465万,70052元/平,高楼层 (共20层) 2室1厅 | 66.38平米 | 东南 南 东,https://ke-image.ljcdn.com/110000-inspection/68e3ecae-e3ee-4f51-9f7c-245baafe8dbe_1000.jpg!m_fill,w_280,h_210,f_jpg?from=ke.com
20240712,朝阳,国展,101124189808,力鸿花园 华润部长楼 板楼两梯三户 正对花园,1320万,78755元/平,中楼层 (共12层) | 1997年 | 3室2厅 | 167.61平米 | 东 西,https://ke-image.ljcdn.com/110000-inspection/58d003e7-4209-4ba8-90f5-2e931c39d915_1000.jpg!m_fill,w_280,h_210,f_jpg?from=ke.com
20240712,朝阳,国展,101124178229,柳芳北里 精装一居室 满五年唯一 带电梯 诚心出售,289万,69976元/平,高楼层 (共14层) | 1988年 | 1室1厅 | 41.3平米 | 南 北,https://ke-image.ljcdn.com/110000-inspection/0edf7ea3-2d2b-4bed-91f8-05989eff3cf2_1000.jpg!m_fill,w_280,h_210,f_jpg?from=ke.com
20240712,朝阳,国展,101124103117,贸促会 管理好 精装两居室 全明格局 满五年唯一,460万,71696元/平,高楼层 (共14层) 2室1厅 | 64.16平米 | 南,https://ke-image.ljcdn.com/110000-inspection/ccdc62b4-672f-48bf-89d4-115675968d89_1000.jpg!m_fill,w_280,h_210,f_jpg?from=ke.com
20240712,朝阳,国展,101123999389,力鸿花园 满五年唯一 高楼层采光好 小区环境好,455万,98019元/平,高楼层 (共24层) | 1998年 | 1室1厅 | 46.42平米 | 北,https://ke-image.ljcdn.com/110000-inspection/f40610b0-bc1e-4d0b-88a5-d7175539258c_1000.jpg!m_fill,w_280,h_210,f_jpg?from=ke.com
20240712,朝阳,国展,101123989232,左家庄东里 3室1厅 南 北,405万,52178元/平,顶层 (共6层) 3室1厅 | 77.62平米 | 南 北,https://ke-image.ljcdn.com/110000-inspection/b9f6ae9b-cf6b-4bb8-982f-53d48616d5c5_1000.jpg!m_fill,w_280,h_210,f_jpg?from=ke.com
20240712,朝阳,国展,101123928716,东直门外 大客厅二居 2/6层 1994年楼龄 双南向 诚售！房主自荐,485万,65031元/平,低楼层 (共6层) | 1994年 | 2室1厅 | 74.58平米 | 南,https://ke-image.ljcdn.com/110000-inspection/93410c1a-d180-49e6-8c8d-97581a7dbc8b_1000.jpg!m_fill,w_280,h_210,f_jpg?from=ke.com
20240712,朝阳,国展,101123849195,左家庄 2室1厅 南 北,315万,60000元/平,高楼层 (共6层) 2室1厅 | 52.5平米 | 南 北,https://ke-image.ljcdn.com/110000-inspection/ad2a451b-8f57-4188-9db1-848668816560_1000.jpg!m_fill,w_280,h_210,f_jpg?from=ke.com
20240712,朝阳,国展,101123829140,二环边  柳芳北里南北通透 两居 安静不临街采光好钥匙,369万,63808元/平,高楼层 (共6层) 2室1厅 | 57.83平米 | 南 北,https://ke-image.ljcdn.com/110000-inspection/pc1_3Y7fd5COJ_2.jpg!m_fill,w_280,h_210,f_jpg?from=ke.com
20240712,朝阳,国展,101123786717,力鸿花园 3室1厅 东 东南 南,920万,64871元/平,低楼层 (共24层) 3室1厅 | 141.82平米 | 东 东南 南,https://ke-image.ljcdn.com/110000-inspection/pc1_hM7F2aQp8_1.jpg!m_fill,w_280,h_210,f_jpg?from=ke.com
20240712,朝阳,国展,101123785756,柳芳北里 南北通透 大客厅两居室 诚意出售,350万,64827元/平,中楼层 (共5层) 2室1厅 | 53.99平米 | 南 北,https://ke-image.ljcdn.com/110000-inspection/pc1_26BtpQPh2_2.jpg!m_fill,w_280,h_210,f_jpg?from=ke.com
20240712,朝阳,国展,101123766421,林达大厦 东土城路8号  大三居,880万,46914元/平,低楼层 (共25层) | 2000年 | 4室1厅 | 187.58平米 | 西,https://ke-image.ljcdn.com/110000-inspection/cb68b161-2472-4b2f-a026-9bb84d2ff9bb_1000.jpg!m_fill,w_280,h_210,f_jpg?from=ke.com
20240712,朝阳,国展,101123750941,东直门外南向1994年钢混电梯楼中层一居满五年房主自荐,299万,64747元/平,中楼层 (共9层) | 1994年 | 1室1厅 | 46.18平米 | 南,https://ke-image.ljcdn.com/110000-inspection/pc1_tE7I35Hj1.jpg!m_fill,w_280,h_210,f_jpg?from=ke.com
20240712,朝阳,国展,101123694607,豪成大厦楼龄新满五年楼层好看房方便,580万,48855元/平,中楼层 (共25层) 2室1厅 | 118.72平米 | 西,https://ke-image.ljcdn.com/110000-inspection/8d7cb516-9242-4198-8d0a-dc63414a30ae_1000.jpg!m_fill,w_280,h_210,f_jpg?from=ke.com
20240712,朝阳,国展,101123640100,东南向小三居 明厨双明卫 实景花园 采光好,909万,64592元/平,低楼层 (共24层) 3室1厅 | 140.73平米 | 东南,https://ke-image.ljcdn.com/110000-inspection/60bace0c-aff9-4f70-b73f-173fe2972846_1000.jpg!m_fill,w_280,h_210,f_jpg?from=ke.com
20240712,朝阳,国展,101123634839,楼龄新双卫单价低居室多正南正北通透,750万,56746元/平,顶层 (共6层) | 1994年 | 2室1厅 | 132.17平米 | 南 北,https://ke-image.ljcdn.com/110000-inspection/911976eb-94f8-4abd-8b89-a53c61fd86b3_1000.jpg!m_fill,w_280,h_210,f_jpg?from=ke.com
20240712,朝阳,国展,101123624067,豪成大厦 2室1厅 南,560万,48675元/平,中楼层 (共25层) 2室1厅 | 115.05平米 | 南,https://ke-image.ljcdn.com/110000-inspection/87a6ec03-36cf-443a-aab1-5752a8ac5de5_1000.jpg!m_fill,w_280,h_210,f_jpg?from=ke.com
20240712,朝阳,国展,101123548870,左家庄北里 大客厅 独门独院免费停车 视野好采光好,380万,61192元/平,高楼层 (共6层) 2室1厅 | 62.1平米 | 西南 西北,https://ke-image.ljcdn.com/110000-inspection/0307e67a-d272-4e05-83cd-3de949c321a5_1000.jpg!m_fill,w_280,h_210,f_jpg?from=ke.com
20240712,朝阳,国展,101123540108,满五年家庭唯一住房精装修拎包入住双南朝向无遮挡,498万,73354元/平,中楼层 (共14层) | 1988年 | 2室1厅 | 67.89平米 | 南,https://ke-image.ljcdn.com/110000-inspection/c5f7445b-6ccc-420a-8ea9-8c471c3bd088_1000.jpg!m_fill,w_280,h_210,f_jpg?from=ke.com
20240712,朝阳,国展,101123532726,满五年唯一 中间楼层采光好 不临街 中海油三居室房主自荐,575万,79300元/平,中楼层 (共6层) 3室1厅 | 72.51平米 | 南 北,https://ke-image.ljcdn.com/110000-inspection/26f26a2f-6acc-4d2f-a3c0-8fc67622c066_1000.jpg!m_fill,w_280,h_210,f_jpg?from=ke.com
20240712,朝阳,国展,101123473485,力鸿花园东南向两居室全明格局采光好无抵押,919万,94189元/平,高楼层 (共24层) | 1998年 | 2室1厅 | 97.57平米 | 东南 西北,https://ke-image.ljcdn.com/110000-inspection/ea828598-5bca-4d50-af64-6a86550a5bfb_1000.jpg!m_fill,w_280,h_210,f_jpg?from=ke.com
20240712,朝阳,国展,101123408593,国际友谊花园 大两居 24H小时门卫 会所对业主免费使用,1050万,70447元/平,高楼层 (共16层) 2室1厅 | 149.05平米 | 西北,https://ke-image.ljcdn.com/110000-inspection/pc1_sZD3LN8r2_1.jpg!m_fill,w_280,h_210,f_jpg?from=ke.com
20240712,朝阳,国展,101123318308,左家庄北里 3室1厅 东南,690万,64905元/平,顶层 (共6层) 3室1厅 | 106.31平米 | 东南,https://ke-image.ljcdn.com/110000-inspection/f8f54e21-c53a-492a-88dc-ab0e1899f059_1000.jpg!m_fill,w_280,h_210,f_jpg?from=ke.com
20240712,朝阳,国展,101123309130,左家庄北里 满五年唯一户型南北通透明厨明卫房主自荐,310万,50497元/平,顶层 (共6层) | 1993年 | 2室1厅 | 61.39平米 | 南 北,https://ke-image.ljcdn.com/110000-inspection/pc1_WnyQ9Sjun_2.jpg!m_fill,w_280,h_210,f_jpg?from=ke.com
20240712,朝阳,国展,101123296172,单价3.89万满五年唯一看房随时有车位,385万,38964元/平,低楼层 (共20层) | 2008年 | 1室1厅 | 98.81平米 | 东南,https://ke-image.ljcdn.com/110000-inspection/2a4bdb0f-458f-4c6e-9e2b-24278a735174_1000.jpg!m_fill,w_280,h_210,f_jpg?from=ke.com
20240712,朝阳,国展,101123294887,精装修满五年唯一户型方正落地窗格局方正！,635万,53488元/平,低楼层 (共25层) 3室1厅 | 118.72平米 | 西,https://ke-image.ljcdn.com/110000-inspection/pc1_zQb6yKHgC.jpg!m_fill,w_280,h_210,f_jpg?from=ke.com
20240712,朝阳,国展,101123290421,国际友谊花园 中间层 双南两居 双卫设计 有会所,810万,77372元/平,中楼层 (共18层) 2室1厅 | 104.69平米 | 南,https://ke-image.ljcdn.com/110000-inspection/75c454b9-4d61-4c14-bdc2-88ba54dc9e31_1000.jpg!m_fill,w_280,h_210,f_jpg?from=ke.com
20240712,朝阳,国展,101123280423,左家庄南里 2室1厅 南,449万,74154元/平,中楼层 (共6层) 2室1厅 | 60.55平米 | 南,https://ke-image.ljcdn.com/110000-inspection/f48d0d96-b78b-41d2-9ae5-ec973fd54df7_1000.jpg!m_fill,w_280,h_210,f_jpg?from=ke.com
20240712,朝阳,国展,101123256197,左家庄东里 2室1厅 东南,649万,60985元/平,顶层 (共6层) 2室1厅 | 106.42平米 | 东南,https://ke-image.ljcdn.com/110000-inspection/dcd94aea-ec47-4b62-83b5-9e5eba7b744f_1000.jpg!m_fill,w_280,h_210,f_jpg?from=ke.com
20240712,朝阳,国展,101123170850,力鸿花园华润央产全采光3居2卫居住舒适温馨之选,1160万,89645元/平,低楼层 (共24层) 3室1厅 | 129.4平米 | 东南,https://ke-image.ljcdn.com/110000-inspection/6f3b6311-1a3d-4a0c-aa08-ecef452deab9_1000.jpg!m_fill,w_280,h_210,f_jpg?from=ke.com
20240712,朝阳,国展,101123119848,静安东里 正南向带客厅一居室 明厨明卫 满五年唯一,325万,68682元/平,顶层 (共6层) | 1992年 | 1室1厅 | 47.32平米 | 南,https://ke-image.ljcdn.com/110000-inspection/5bfa32e0-96e3-4524-b326-214642f7a921_1000.jpg!m_fill,w_280,h_210,f_jpg?from=ke.com
20240712,朝阳,国展,101123113962,东直门外 1993年板楼二层精装修南向一居室 拎包入住,315万,71951元/平,低楼层 (共6层) | 1993年 | 1室1厅 | 43.78平米 | 南,https://ke-image.ljcdn.com/110000-inspection/7e3dec0c-f1b2-427f-8c3e-715c1dee12e9_1000.jpg!m_fill,w_280,h_210,f_jpg?from=ke.com
20240712,朝阳,国展,101123089967,豪成大厦 1室1厅 东,258万,52386元/平,高楼层 (共25层) 1室1厅 | 49.25平米 | 东,https://ke-image.ljcdn.com/110000-inspection/54bd57ea-e815-4bcd-9d93-6265511abb77_1000.jpg!m_fill,w_280,h_210,f_jpg?from=ke.com
20240712,朝阳,国展,101123068791,三环内高楼层视野好24小时门卫带休闲会所,515万,61085元/平,高楼层 (共16层) 1室1厅 | 84.31平米 | 北,https://ke-image.ljcdn.com/110000-inspection/208729a6-03ae-4935-8ef3-16e99e7b8393_1000.jpg!m_fill,w_280,h_210,f_jpg?from=ke.com
20240712,朝阳,国展,101123056556,静安里 板楼三层 公积金67-房龄不临街 出行方便,260万,53998元/平,中楼层 (共6层) 1室1厅 | 48.15平米 | 南,https://ke-image.ljcdn.com/110000-inspection/pc1_uIr6gZRnZ.jpg!m_fill,w_280,h_210,f_jpg?from=ke.com
20240712,朝阳,国展,101123043526,公积金可贷30年柳芳满五年唯一正南北采光好,326万,56964元/平,顶层 (共6层) | 1987年 | 2室1厅 | 57.23平米 | 南 北,https://ke-image.ljcdn.com/110000-inspection/6ba04c02-6771-4d02-967d-826941ad3cb4_1000.jpg!m_fill,w_280,h_210,f_jpg?from=ke.com
20240712,朝阳,国展,101123027633,小三居  地铁10号线  满五唯一,419万,67538元/平,高楼层 (共6层) | 1983年 | 3室1厅 | 62.04平米 | 南 北,https://ke-image.ljcdn.com/110000-inspection/pc1_DykWzIu4y_2.jpg!m_fill,w_280,h_210,f_jpg?from=ke.com
20240712,朝阳,国展,101123015644,左家庄北里 一层南向两居室带客厅 诚心出售,376万,52603元/平,底层 (共6层) | 1994年 | 2室1厅 | 71.48平米 | 南,https://ke-image.ljcdn.com/110000-inspection/pc1_KGWWBzB26_1.jpg!m_fill,w_280,h_210,f_jpg?from=ke.com
20240712,朝阳,国展,101123000985,MASTER领域 1室1厅 西南,300万,51117元/平,中楼层 (共20层) 1室1厅 | 58.69平米 | 西南,https://ke-image.ljcdn.com/110000-inspection/pc1_vcUP02sYr.jpg!m_fill,w_280,h_210,f_jpg?from=ke.com
20240712,朝阳,国展,101122994194,本楼正在加装电梯 满五年唯一 全明户型,295万,70592元/平,顶层 (共6层) | 1988年 | 1室1厅 | 41.79平米 | 南,https://ke-image.ljcdn.com/110000-inspection/pc1_AZeKahFH7_1.jpg!m_fill,w_280,h_210,f_jpg?from=ke.com
20240712,朝阳,国展,101122991196,东直门边 地铁17 精装跃层 满五唯一 看房方便房主自荐,729万,68503元/平,顶层 (共6层) 3室1厅 | 106.42平米 | 东南,https://ke-image.ljcdn.com/110000-inspection/006bcccf-0f9f-499a-a541-4fdb09652279_1000.jpg!m_fill,w_280,h_210,f_jpg?from=ke.com
20240712,朝阳,国展,101122979870,三环内 不临街 满五年唯一 公积金贷款26年,300万,50557元/平,顶层 (共6层) | 1983年 | 2室1厅 | 59.34平米 | 东南 西北,https://ke-image.ljcdn.com/110000-inspection/pc1_mW07zDhw8_2.jpg!m_fill,w_280,h_210,f_jpg?from=ke.com
20240712,朝阳,国展,101122974282,静安苑 3室2厅 东 西 北,850万,50488元/平,高楼层 (共7层) | 2001年 | 3室2厅 | 168.36平米 | 东 西 北,https://ke-image.ljcdn.com/110000-inspection/pc1_5YFJxcDbP_3.jpg!m_fill,w_280,h_210,f_jpg?from=ke.com
20240712,朝阳,国展,101122974034,左家庄 全明两居室 南北通透 采光视野好 安静不临街,370万,64913元/平,高楼层 (共6层) 2室1厅 | 57平米 | 南 北,https://ke-image.ljcdn.com/110000-inspection/7dd92e4e-bdb0-4985-9f34-ca00aeb9861a_1000.jpg!m_fill,w_280,h_210,f_jpg?from=ke.com
20240712,朝阳,国展,101122966337,房子满五唯一双卫精装修大客厅中间层,420万,68842元/平,中楼层 (共6层) | 1992年 | 2室1厅 | 61.01平米 | 南 北,https://ke-image.ljcdn.com/110000-inspection/8fe74525-a57f-4e51-a118-cc30e219d393_1000.jpg!m_fill,w_280,h_210,f_jpg?from=ke.com
20240712,朝阳,国展,101122964222,民水电能贷款价能谈满五唯一,268万,47092元/平,中楼层 (共20层) | 2008年 | 1室1厅 | 56.91平米 | 西南,https://ke-image.ljcdn.com/110000-inspection/b0572e92-04f1-4730-af6b-61d075778372_1000.jpg!m_fill,w_280,h_210,f_jpg?from=ke.com
20240712,朝阳,国展,101122962483,芳馨园 前后花园 东直门外 大一居室 落地窗,545万,84183元/平,低楼层 (共23层) | 2002年 | 1室1厅 | 64.74平米 | 北,https://ke-image.ljcdn.com/110000-inspection/pc1_wCbRdXLAb_2.jpg!m_fill,w_280,h_210,f_jpg?from=ke.com
20240712,朝阳,国展,101122962134,此房满五唯一高楼层视野好小区环境好！,389万,67700元/平,高楼层 (共6层) 2室1厅 | 57.46平米 | 南 北,https://ke-image.ljcdn.com/110000-inspection/97a41b21-6949-4884-9b17-d285ccb80ad2_1000.jpg!m_fill,w_280,h_210,f_jpg?from=ke.com
20240712,朝阳,国展,101122960651,六层楼有电梯田字格户型南北通透全明格局,560万,74399元/平,顶层 (共6层) 3室1厅 | 75.27平米 | 南 北,https://ke-image.ljcdn.com/110000-inspection/pc1_8e6WhpWVO.jpg!m_fill,w_280,h_210,f_jpg?from=ke.com
20240712,朝阳,国展,101122959974,左家庄 南北三居室 满五年 两南一北 户型方正,464万,67996元/平,顶层 (共6层) | 1980年 | 3室1厅 | 68.24平米 | 南 北,https://ke-image.ljcdn.com/110000-inspection/cd68668e-7db5-455a-aa57-57c67f70ceaf_1000.jpg!m_fill,w_280,h_210,f_jpg?from=ke.com
20240712,朝阳,国展,101122959902,东北二环外 左家庄西街 东西通透 满五年唯一 四居室,570万,52749元/平,高楼层 (共7层) 4室1厅 | 108.06平米 | 西 东,https://ke-image.ljcdn.com/110000-inspection/pc1_c1x8o5HIL.jpg!m_fill,w_280,h_210,f_jpg?from=ke.com
20240712,朝阳,国展,101122959328,左家庄南里明厨明卫带电梯一居室,310万,62350元/平,高楼层 (共14层) 1室1厅 | 49.72平米 | 南,https://ke-image.ljcdn.com/110000-inspection/b0950019-3881-4b96-aa1c-5f8457a519ba_1000.jpg!m_fill,w_280,h_210,f_jpg?from=ke.com
20240712,朝阳,国展,101122957897,左家庄南里 2室1厅 南 北,340万,60135元/平,顶层 (共5层) 2室1厅 | 56.54平米 | 南 北,https://ke-image.ljcdn.com/110000-inspection/pc1_gs8GW8lnk_2.jpg!m_fill,w_280,h_210,f_jpg?from=ke.com
20240712,朝阳,国展,101122952197,三元桥南向无遮挡 价格可谈 公积金贷款28年,365万,60301元/平,底层 (共12层) | 1985年 | 2室1厅 | 60.53平米 | 西南,https://ke-image.ljcdn.com/110000-inspection/7ea0f87c-231e-46a4-b8f7-0482ed14d227_1000.jpg!m_fill,w_280,h_210,f_jpg?from=ke.com
20240712,朝阳,国展,101122949104,MASTER领域 2室1厅 东南,469万,39973元/平,低楼层 (共20层) | 2008年 | 2室1厅 | 117.33平米 | 东南,https://ke-image.ljcdn.com/110000-inspection/a99d74e9-e828-457a-8544-f89e24e5bf24_1000.jpg!m_fill,w_280,h_210,f_jpg?from=ke.com
20240712,朝阳,国展,101122911062,MASTER领域 1室1厅 东北,294.5万,43650元/平,低楼层 (共20层) | 2008年 | 1室1厅 | 67.47平米 | 东北,https://ke-image.ljcdn.com/110000-inspection/pc1_skzBf01FP_1.jpg!m_fill,w_280,h_210,f_jpg?from=ke.com
20240712,朝阳,国展,101122877893,左家庄北里 南北通透带15平客厅楼龄新低层,426万,64566元/平,低楼层 (共6层) | 1990年 | 2室1厅 | 65.98平米 | 南 北,https://ke-image.ljcdn.com/110000-inspection/942e11ca-c937-416d-ae3b-83029dc56eb7_1000.jpg!m_fill,w_280,h_210,f_jpg?from=ke.com
20240712,朝阳,国展,101122874779,三元桥 静安东里 带客厅 明厨明卫一居室 户型方正,280万,59172元/平,高楼层 (共6层) 1室1厅 | 47.32平米 | 西南,https://ke-image.ljcdn.com/110000-inspection/466af0d1-790f-4230-9d48-a7809006eec3_1000.jpg!m_fill,w_280,h_210,f_jpg?from=ke.com
20240712,朝阳,国展,101122859761,东北二环边 2008年社区 落地窗 采光好 交通生活便捷,299万,49267元/平,低楼层 (共25层) | 2008年 | 1室1厅 | 60.69平米 | 东,https://ke-image.ljcdn.com/110000-inspection/ba3b1e27-739f-41fd-9c27-7cdfdd37e35b_1000.jpg!m_fill,w_280,h_210,f_jpg?from=ke.com
20240712,朝阳,国展,101122830368,三环内满五年唯一双位设计。户型方正随时签约,1150万,72278元/平,高楼层 (共22层) | 1997年 | 3室1厅 | 159.11平米 | 东 北,https://ke-image.ljcdn.com/110000-inspection/f658554f-5eaf-4bdd-ac4a-20a81564c199_1000.jpg!m_fill,w_280,h_210,f_jpg?from=ke.com
20240712,朝阳,国展,101122830044,花园小区环境 华润央产楼 高楼层视野开阔3居室,1230万,87526元/平,高楼层 (共24层) 3室2厅 | 140.53平米 | 南 西,https://ke-image.ljcdn.com/110000-inspection/5c6ece84-0e33-4764-b8e1-98ee01aa5b4f_1000.jpg!m_fill,w_280,h_210,f_jpg?from=ke.com
20240712,朝阳,国展,101122746084,左家庄南里精装修四层跃五层复式,860万,67262元/平,顶层 (共4层) | 1995年 | 3室2厅 | 127.86平米 | 南 北,https://ke-image.ljcdn.com/110000-inspection/12e2fce0-6e61-45e5-a765-384bf7d1acbf_1000.jpg!m_fill,w_280,h_210,f_jpg?from=ke.com
20240712,朝阳,国展,101122703940,三环内 满五年唯一商品房精装修三居室产权清晰,1280万,79272元/平,低楼层 (共18层) 3室1厅 | 161.47平米 | 东 南,https://ke-image.ljcdn.com/110000-inspection/30def155-d000-4af4-8703-f7852ad9ebef_1000.jpg!m_fill,w_280,h_210,f_jpg?from=ke.com
20240712,朝阳,国展,101122634422,左家庄北里 南向两居室 满五年唯一 户型方正房主自荐,370万,61057元/平,高楼层 (共6层) 2室1厅 | 60.6平米 | 西南,https://ke-image.ljcdn.com/110000-inspection/pc1_nHsggc9ha.jpg!m_fill,w_280,h_210,f_jpg?from=ke.com
20240712,朝阳,国展,101122617404,柳芳北里 南向电梯明厨明卫一居 精装修,321万,63103元/平,中楼层 (共16层) | 1987年 | 1室1厅 | 50.87平米 | 南,https://ke-image.ljcdn.com/110000-inspection/pc1_VdeKtHFxG_1.jpg!m_fill,w_280,h_210,f_jpg?from=ke.com
20240712,朝阳,国展,101122611845,08年小区MASTER领域落地窗单价4.9万/平满五年唯一,540万,46025元/平,高楼层 (共20层) 2室1厅 | 117.33平米 | 西南,https://ke-image.ljcdn.com/110000-inspection/pc1_mj29Kb0gb_2.jpg!m_fill,w_280,h_210,f_jpg?from=ke.com
20240712,朝阳,国展,101122574913,方正两居高楼层视野开阔直观坝河美景大阳台,795万,72709元/平,高楼层 (共28层) 2室2厅 | 109.34平米 | 北,https://ke-image.ljcdn.com/110000-inspection/f022e098-6d28-4e9c-8749-fbc42673c831_1000.jpg!m_fill,w_280,h_210,f_jpg?from=ke.com
20240712,朝阳,国展,101122573742,浩鸿园 落地窗 户型方正两居室 满五年唯一,1049万,76542元/平,中楼层 (共16层) 2室1厅 | 137.05平米 | 西,https://ke-image.ljcdn.com/110000-inspection/f483cc01-93c5-41a1-9e09-9c2308c749f4_1000.jpg!m_fill,w_280,h_210,f_jpg?from=ke.com
20240712,朝阳,国展,101122572411,新天第特殊户型高楼层无遮挡视野开阔附带平台,1090万,96154元/平,高楼层 (共29层) 2室1厅 | 113.36平米 | 南,https://ke-image.ljcdn.com/110000-inspection/pc1_zf4crDbAA.jpg!m_fill,w_280,h_210,f_jpg?from=ke.com
20240712,朝阳,国展,101122572315,力鸿花园 经典三居室 明厨明卫 采光俱佳,1199万,76707元/平,高楼层 (共24层) 3室1厅 | 156.31平米 | 南 西南,https://ke-image.ljcdn.com/110000-inspection/pc1_LHxqTwsHO_2.jpg!m_fill,w_280,h_210,f_jpg?from=ke.com
20240712,朝阳,国展,101122569923,二环边 正对花园 三居室 满5年唯一 户型采光好,1510万,90091元/平,顶层 (共12层) 3室2厅 | 167.61平米 | 东 西,https://ke-image.ljcdn.com/110000-inspection/ce517de3-a88b-4a25-be8e-a5d9de32a5b6_1000.jpg!m_fill,w_280,h_210,f_jpg?from=ke.com
20240712,朝阳,国展,101122569464,二环边方正户型落地飘窗 采光好,1430万,89819元/平,低楼层 (共26层) | 2001年 | 3室1厅 | 159.21平米 | 南 西南,https://ke-image.ljcdn.com/110000-inspection/5edd5ed2-834e-4d3f-9a27-cb592056660f_1000.jpg!m_fill,w_280,h_210,f_jpg?from=ke.com
20240712,朝阳,国展,101122544875,满五年唯一 有电梯 正南向 视野采光很好,300万,70822元/平,顶层 (共14层) | 1988年 | 1室1厅 | 42.36平米 | 南,https://ke-image.ljcdn.com/110000-inspection/pc1_uMG5mLeSL_1.jpg!m_fill,w_280,h_210,f_jpg?from=ke.com
20240712,朝阳,国展,101122536092,左家庄 满五年 板楼东西通透两居 中间层 看房方便,370万,57338元/平,中楼层 (共8层) 2室1厅 | 64.53平米 | 东 西,https://ke-image.ljcdn.com/110000-inspection/ae44d9c8-c4fa-4e10-9550-b72fc754405e_1000.jpg!m_fill,w_280,h_210,f_jpg?from=ke.com
20240712,朝阳,国展,101122517732,左家庄一层 两居室 户型方正 出行方便,368万,74479元/平,底层 (共6层) 2室1厅 | 49.41平米 | 西南,https://ke-image.ljcdn.com/110000-inspection/pc1_l1Nj7aQg0_2.jpg!m_fill,w_280,h_210,f_jpg?from=ke.com
20240712,朝阳,国展,101122452586,左家庄北里 1室1厅 东南房主自荐,330万,82542元/平,底层 (共6层) 1室1厅 | 39.98平米 | 东南,https://ke-image.ljcdn.com/110000-inspection/ec260821-1d1b-4e55-9896-5d37c0951d6e_1000.jpg!m_fill,w_280,h_210,f_jpg?from=ke.com
20240712,朝阳,国展,101122421268,三元桥*静安东里*双南向两居室*央产房管理好房主自荐,435万,74195元/平,低楼层 (共18层) | 1987年 | 2室1厅 | 58.63平米 | 南,https://ke-image.ljcdn.com/110000-inspection/pc1_Df1RBaYNP_2.jpg!m_fill,w_280,h_210,f_jpg?from=ke.com
20240712,朝阳,国展,101122365105,房子满五年 明厨明卫正南北中间楼层安静不临街,460万,58975元/平,中楼层 (共5层) | 1984年 | 3室1厅 | 78平米 | 南 北,https://ke-image.ljcdn.com/110000-inspection/8af81d39-de48-400f-bfed-a9fc4f4e175f_1000.jpg!m_fill,w_280,h_210,f_jpg?from=ke.com
20240712,朝阳,国展,101122345036,左家庄东里 2室1厅 南 北,530万,57497元/平,顶层 (共6层) 2室1厅 | 92.18平米 | 南 北,https://ke-image.ljcdn.com/110000-inspection/756be995-b4a5-4a7d-84ec-331a2b27415e_1000.jpg!m_fill,w_280,h_210,f_jpg?from=ke.com
20240712,朝阳,国展,101122337668,满五年 香河园中里 南向 电梯楼 独立社区独立管理,385万,66876元/平,高楼层 (共16层) | 1981年 | 2室0厅 | 57.57平米 | 南,https://ke-image.ljcdn.com/110000-inspection/17353169-1a14-47c0-af8b-49fca3fd0b9a_1000.jpg!m_fill,w_280,h_210,f_jpg?from=ke.com
20240712,朝阳,国展,101122337439,力鸿花园 明厨明卫 满五年唯一 经典一居室,445万,84843元/平,低楼层 (共24层) 1室1厅 | 52.45平米 | 北,https://ke-image.ljcdn.com/110000-inspection/pc1_4K5acyXCR_2.jpg!m_fill,w_280,h_210,f_jpg?from=ke.com
20240712,朝阳,国展,101122337433,满五唯一精装修三面朝南整个小区就2套此户型。房主自荐,598万,83172元/平,底层 (共14层) | 1986年 | 2室2厅 | 71.9平米 | 南 北,https://ke-image.ljcdn.com/110000-inspection/4d362ef3-1179-4bca-a37e-0c2d828df5be_1000.jpg!m_fill,w_280,h_210,f_jpg?from=ke.com
20240712,朝阳,国展,101122268190,国际友谊花园 正规四居室 双卫设计 精装修看房方便,1330万,71333元/平,高楼层 (共18层) 4室1厅 | 186.45平米 | 东北,https://ke-image.ljcdn.com/110000-inspection/pc1_XkrW4MumC_2.jpg!m_fill,w_280,h_210,f_jpg?from=ke.com
20240712,朝阳,国展,101122261180,此房满五年唯一不临街双卫单价低居室多,679万,62685元/平,顶层 (共6层) 3室1厅 | 108.32平米 | 南 北,https://ke-image.ljcdn.com/110000-inspection/5a3b296e-46a2-496b-bb19-0b900dfcaab6_1000.jpg!m_fill,w_280,h_210,f_jpg?from=ke.com
20240712,朝阳,国展,101122239799,满五年唯一 中海油分房 安静不临街 格局方正低楼层房主自荐,600万,82839元/平,低楼层 (共6层) 3室1厅 | 72.43平米 | 南 北,https://ke-image.ljcdn.com/110000-inspection/3da46122-db21-4a3a-9ff1-4173628178e1_1000.jpg!m_fill,w_280,h_210,f_jpg?from=ke.com
20240712,朝阳,国展,101122217024,豪成大厦 4室1厅 西南,990万,58619元/平,低楼层 (共25层) 4室1厅 | 168.89平米 | 西南,https://ke-image.ljcdn.com/110000-inspection/pc1_R87c2ucDk.jpg!m_fill,w_280,h_210,f_jpg?from=ke.com
20240712,朝阳,国展,101122216091,北二环外东土城路林达大厦东向三居室,965万,50219元/平,中楼层 (共25层) 3室2厅 | 192.16平米 | 东,https://ke-image.ljcdn.com/110000-inspection/pc1_3NBeK0Wtg_1.jpg!m_fill,w_280,h_210,f_jpg?from=ke.com
20240712,朝阳,国展,101122216039,北二环外东土城路林达大厦东南三居三居室双卫,999万,50036元/平,中楼层 (共25层) 3室2厅 | 199.66平米 | 东南,https://ke-image.ljcdn.com/110000-inspection/2ce6b6da-a7cb-4455-8977-a26993cb1474_1000.jpg!m_fill,w_280,h_210,f_jpg?from=ke.com
20240712,朝阳,国展,101122215027,空中别墅、采光视野棒棒哒、三户合一、看房便捷诚售,2500万,57990元/平,顶层 (共23层) | 2002年 | 4室2厅 | 431.11平米 | 南 北,https://ke-image.ljcdn.com/110000-inspection/pc1_1LMWVoW1A.jpg!m_fill,w_280,h_210,f_jpg?from=ke.com
20240712,朝阳,国展,101122122082,豪成大厦 2室1厅 南 西,306万,49571元/平,低楼层 (共25层) | 2008年 | 2室1厅 | 61.73平米 | 南 西,https://ke-image.ljcdn.com/110000-inspection/pc1_RT5ram4ZP_2.jpg!m_fill,w_280,h_210,f_jpg?from=ke.com
20240712,朝阳,国展,101122082972,左家庄北里 南北通透3居 带客厅 看房方便 价格可谈,400万,60414元/平,顶层 (共6层) | 1983年 | 3室1厅 | 66.21平米 | 南 北,https://ke-image.ljcdn.com/110000-inspection/pc1_YDgdFG2HR.jpg!m_fill,w_280,h_210,f_jpg?from=ke.com
20240712,朝阳,国展,101122018270,电梯中高层满五年唯一 公积金67-房龄,288万,65515元/平,中楼层 (共12层) 1室1厅 | 43.96平米 | 南,https://ke-image.ljcdn.com/110000-inspection/pc1_kgP1IITWj_2.jpg!m_fill,w_280,h_210,f_jpg?from=ke.com
20240712,朝阳,国展,101121984987,柳芳北里 2室1厅 南 北,397万,69564元/平,高楼层 (共6层) | 1987年 | 2室1厅 | 57.07平米 | 南 北,https://ke-image.ljcdn.com/110000-inspection/c09d39d2-a67e-4594-a968-42a15e0e518e_1000.jpg!m_fill,w_280,h_210,f_jpg?from=ke.com
20240712,朝阳,国展,101121952062,力鸿花园 双南向 高楼层三居室 明厨明卫,1160万,74212元/平,高楼层 (共24层) 3室1厅 | 156.31平米 | 南 西南,https://ke-image.ljcdn.com/110000-inspection/pc1_yjb3iia03_1.jpg!m_fill,w_280,h_210,f_jpg?from=ke.com
20240712,朝阳,国展,101121894934,柳芳南里 精装两居 看房方便 诚心出售房主自荐,445万,76382元/平,中楼层 (共6层) 2室1厅 | 58.26平米 | 南,https://ke-image.ljcdn.com/110000-inspection/ec466b16-9e35-44e0-a390-95d7143a7e4c_1000.jpg!m_fill,w_280,h_210,f_jpg?from=ke.com
20240712,朝阳,国展,101121880630,左家庄中街6号院二环外大平层南向精装四居价格可谈房主自荐,1050万,62167元/平,低楼层 (共25层) | 2008年 | 4室1厅 | 168.9平米 | 南 西,https://ke-image.ljcdn.com/110000-inspection/pc1_DbObzSGw4_2.jpg!m_fill,w_280,h_210,f_jpg?from=ke.com
20240712,朝阳,国展,101121831546,静安里 2室1厅 西南,369万,56080元/平,中楼层 (共5层) 2室1厅 | 65.8平米 | 西南,https://ke-image.ljcdn.com/110000-inspection/dc89fbb3-e81f-400b-8e16-aa6eb6c8c6e6_1000.jpg!m_fill,w_280,h_210,f_jpg?from=ke.com
20240712,朝阳,国展,101121830700,MASTER领域 1室1厅 东北,315万,46688元/平,中楼层 (共20层) | 2008年 | 1室1厅 | 67.47平米 | 东北,https://ke-image.ljcdn.com/110000-inspection/97445e26-38ca-48a3-a4c2-57c93b900b8e_1000.jpg!m_fill,w_280,h_210,f_jpg?from=ke.com
20240712,朝阳,国展,101121819746,左家庄东里 小区有车位  上下2层复式格局面积大单价低房主自荐,620万,58260元/平,顶层 (共6层) 3室1厅 | 106.42平米 | 南 北,https://ke-image.ljcdn.com/110000-inspection/b9332b29-5791-4b12-84d7-c5fec88e884b_1000.jpg!m_fill,w_280,h_210,f_jpg?from=ke.com
20240712,朝阳,国展,101121728078,二环边 柳芳北里 满五唯一 精装修 中海油管理好一居,325万,74748元/平,高楼层 (共18层) 1室1厅 | 43.48平米 | 南,https://ke-image.ljcdn.com/110000-inspection/252e0c90-0b80-46d5-8159-a81dbdf1328a_1000.jpg!m_fill,w_280,h_210,f_jpg?from=ke.com
20240712,朝阳,国展,101121585376,力鸿花园东南两居落地窗满五北京一套住房靠谱出售,888万,91012元/平,低楼层 (共24层) | 1998年 | 2室1厅 | 97.57平米 | 东 南 北,https://ke-image.ljcdn.com/110000-inspection/pc1_lWlREtTEh_1.jpg!m_fill,w_280,h_210,f_jpg?from=ke.com
20240712,朝阳,国展,101121501583,空中别墅、采光视野棒棒哒、满五唯一、看房随时,3500万,88286元/平,顶层 (共23层) 7室3厅 | 396.44平米 | 东 南,https://ke-image.ljcdn.com/110000-inspection/5490a0c5-b27c-4358-a791-574c63e19869_1000.jpg!m_fill,w_280,h_210,f_jpg?from=ke.com
20240712,朝阳,国展,101121494541,豪成大厦 2室1厅 南,695万,63686元/平,中楼层 (共25层) | 2008年 | 2室1厅 | 109.13平米 | 南,https://ke-image.ljcdn.com/110000-inspection/7f1601bb-8bcc-4877-a06d-0e8b4810da0a_1000.jpg!m_fill,w_280,h_210,f_jpg?from=ke.com
20240712,朝阳,国展,101121402709,柳芳北里南向四层满五年精装修一居带12平米客厅,292万,63341元/平,中楼层 (共6层) 1室1厅 | 46.1平米 | 南,https://ke-image.ljcdn.com/110000-inspection/89548356-d61b-4904-9fda-9376add3c115_1000.jpg!m_fill,w_280,h_210,f_jpg?from=ke.com
20240712,朝阳,国展,101121297408,力鸿花园 两梯两户 通透户型 前后无遮挡 满五唯一,1898万,82865元/平,中楼层 (共12层) 4室2厅 | 229.05平米 | 东 西,https://ke-image.ljcdn.com/110000-inspection/94ec9f39-fc8c-4585-a58c-e20de7957185_1000.jpg!m_fill,w_280,h_210,f_jpg?from=ke.com
20240712,朝阳,国展,101121277248,林达大厦 3室1厅 东北,1390万,76766元/平,高楼层 (共25层) | 2000年 | 3室1厅 | 181.07平米 | 东北,https://ke-image.ljcdn.com/110000-inspection/pc1_DwmWyKrfy.jpg!m_fill,w_280,h_210,f_jpg?from=ke.com
20240712,朝阳,国展,101121277215,林达大厦 2室2厅 东,1339万,75446元/平,高楼层 (共25层) | 2000年 | 2室2厅 | 177.48平米 | 东,https://ke-image.ljcdn.com/110000-inspection/014ae9ac-5570-4d55-ba41-4f664c1cf7d7_1000.jpg!m_fill,w_280,h_210,f_jpg?from=ke.com
20240712,朝阳,国展,101121277162,林达大厦 东直门 大户型三居室,1420万,78423元/平,高楼层 (共25层) | 2000年 | 3室2厅 | 181.07平米 | 东南,https://ke-image.ljcdn.com/110000-inspection/1d6af4a7-9f77-40b3-a523-a781028af022_1000.jpg!m_fill,w_280,h_210,f_jpg?from=ke.com
20240712,朝阳,国展,101121276704,林达大厦  东直门 大户型三居室,1440万,79528元/平,高楼层 (共25层) | 2000年 | 3室2厅 | 181.07平米 | 西南,https://ke-image.ljcdn.com/110000-inspection/e3c43826-3ad4-4ff5-b2a2-e61224189c48_1000.jpg!m_fill,w_280,h_210,f_jpg?from=ke.com
20240712,朝阳,国展,101121276605,林达大厦 精装修家具家电全新 拎包入住,1280万,74057元/平,高楼层 (共25层) | 2000年 | 2室2厅 | 172.84平米 | 西,https://ke-image.ljcdn.com/110000-inspection/6539dacb-3304-47f6-a0c2-a30af2816f18_1000.jpg!m_fill,w_280,h_210,f_jpg?from=ke.com
20240712,朝阳,国展,101121262773,MASTER领域 左家庄北里 Loft 24小时保安 2008年小区,275万,48322元/平,中楼层 (共20层) | 2008年 | 1室1厅 | 56.91平米 | 西南,https://ke-image.ljcdn.com/110000-inspection/ad730365-b089-4eeb-ac64-9d6e0902a00f_1000.jpg!m_fill,w_280,h_210,f_jpg?from=ke.com
20240712,朝阳,国展,101121250027,左家庄北里1990年的明厨明卫明厅,340万,59420元/平,高楼层 (共6层) | 1990年 | 2室1厅 | 57.22平米 | 南 北,https://ke-image.ljcdn.com/110000-inspection/pc1_d4ywRC4qq.jpg!m_fill,w_280,h_210,f_jpg?from=ke.com
20240712,朝阳,国展,101121174584,满五年唯一 电梯高层 采光视野良好小区中间南北不临街,422万,71369元/平,顶层 (共14层) | 1987年 | 2室1厅 | 59.13平米 | 南,https://ke-image.ljcdn.com/110000-inspection/pc1_FKzVo4yIV.jpg!m_fill,w_280,h_210,f_jpg?from=ke.com
20240712,朝阳,国展,101121167134,满五唯一 通透 双卧朝南 明卫 精装修,390万,64581元/平,高楼层 (共6层) | 1983年 | 2室1厅 | 60.39平米 | 南 北,https://ke-image.ljcdn.com/110000-inspection/pc1_hZvc8tNwU.jpg!m_fill,w_280,h_210,f_jpg?from=ke.com
20240712,朝阳,国展,101121126703,方正户型管理好房况很好业主诚心出售满五年唯一,790万,76130元/平,高楼层 (共22层) 2室1厅 | 103.77平米 | 北,https://ke-image.ljcdn.com/110000-inspection/d0417d32-a628-4462-bc50-32e85d602f3c_1000.jpg!m_fill,w_280,h_210,f_jpg?from=ke.com
20240712,朝阳,国展,101121079188,MASTER领域 1室1厅 东北,335万,50248元/平,低楼层 (共20层) | 2008年 | 1室1厅 | 66.67平米 | 东北,https://ke-image.ljcdn.com/110000-inspection/28aae317-832f-43f8-9353-99f62a0a365d_1000.jpg!m_fill,w_280,h_210,f_jpg?from=ke.com
20240712,朝阳,国展,101121067117,香河园中里 不临街安静 板楼中高 商品房高票精装全明房主自荐,420万,69273元/平,高楼层 (共6层) 2室1厅 | 60.63平米 | 东南 西北,https://ke-image.ljcdn.com/110000-inspection/26cd01db-6ab9-41ce-9054-2ca749cbe760_1000.jpg!m_fill,w_280,h_210,f_jpg?from=ke.com
20240712,朝阳,国展,101121031088,静安东里90年东南朝向客厅带窗户两居室,418万,69034元/平,中楼层 (共6层) | 1990年 | 2室1厅 | 60.55平米 | 东南,https://ke-image.ljcdn.com/110000-inspection/pc1_0SwPD1Lmb_1.jpg!m_fill,w_280,h_210,f_jpg?from=ke.com
20240712,朝阳,国展,101121012118,左家庄西街1号院有客厅户型方正三居室房主自荐,480万,66741元/平,高楼层 (共6层) | 1994年 | 3室1厅 | 71.92平米 | 东 西,https://ke-image.ljcdn.com/110000-inspection/pc1_J2K8citBH.jpg!m_fill,w_280,h_210,f_jpg?from=ke.com
20240712,朝阳,国展,101120986509,豪成大厦 1室1厅 东,300万,49432元/平,低楼层 (共25层) | 2008年 | 1室1厅 | 60.69平米 | 东,https://ke-image.ljcdn.com/110000-inspection/c0aa5ec3-8dfb-4950-b57d-693f12247d2a_1000.jpg!m_fill,w_280,h_210,f_jpg?from=ke.com
20240712,朝阳,国展,101120979165,柳芳北里 精装两居 有正规客厅 有电梯带无障碍通道房主自荐,518万,63241元/平,低楼层 (共18层) | 1987年 | 2室1厅 | 81.91平米 | 南,https://ke-image.ljcdn.com/110000-inspection/pc1_3OdZao1MQ.jpg!m_fill,w_280,h_210,f_jpg?from=ke.com
20240712,朝阳,国展,101120962361,新装修复式地铁17号线香河园 楼龄新房主自荐,650万,61223元/平,顶层 (共6层) 3室1厅 | 106.17平米 | 南 北,https://ke-image.ljcdn.com/110000-inspection/79289dd1-eb79-4b17-8242-d923c0efdcea_1000.jpg!m_fill,w_280,h_210,f_jpg?from=ke.com
20240712,朝阳,国展,101120917831,力鸿花园  中间位置  南北通透  视野开阔  满五唯一,1750万,84833元/平,中楼层 (共12层) 4室2厅 | 206.29平米 | 南 北,https://ke-image.ljcdn.com/110000-inspection/38c398db-8634-4ced-87db-644f5b839231_1000.jpg!m_fill,w_280,h_210,f_jpg?from=ke.com
20240712,朝阳,国展,101120913954,柳芳北里中海油家属楼全明一居室67-楼龄房主自荐,276万,68098元/平,中楼层 (共6层) 1室1厅 | 40.53平米 | 南,https://ke-image.ljcdn.com/110000-inspection/1a41055e-6b41-4386-a1b9-43eb7e172544_1000.jpg!m_fill,w_280,h_210,f_jpg?from=ke.com
20240712,朝阳,国展,101120891359,明厨明卫户型 楼龄新 正南正北 满五唯一 精装修哦,445万,71717元/平,高楼层 (共6层) | 1994年 | 2室1厅 | 62.05平米 | 南 北,https://ke-image.ljcdn.com/110000-inspection/34015967-76b7-4823-a5e6-12fc5b17ec4f_1000.jpg!m_fill,w_280,h_210,f_jpg?from=ke.com
20240712,朝阳,国展,101120856053,林达大厦 高楼层三居室 看房方便,688万,37997元/平,顶层 (共25层) 3室2厅 | 181.07平米 | 西北,https://ke-image.ljcdn.com/110000-inspection/79a4f8f3-7028-4aba-85bc-eb131102501f_1000.jpg!m_fill,w_280,h_210,f_jpg?from=ke.com
20240712,朝阳,国展,101120710369,外交部管理 正规三居室 带客厅 小区管理比较好,695万,80033元/平,底层 (共20层) 3室1厅 | 86.84平米 | 西南 东北,https://ke-image.ljcdn.com/110000-inspection/pc1_76Wi6B46v.jpg!m_fill,w_280,h_210,f_jpg?from=ke.com
20240712,朝阳,国展,101120505166,左家庄东里 3室1厅 南,650万,61074元/平,顶层 (共6层) 3室1厅 | 106.43平米 | 南,https://ke-image.ljcdn.com/110000-inspection/pc1_065ieZM3M.jpg!m_fill,w_280,h_210,f_jpg?from=ke.com
20240712,朝阳,国展,101120250748,静安里 1室1厅 东南,240万,59851元/平,顶层 (共6层) | 1984年 | 1室1厅 | 40.1平米 | 东南,https://ke-image.ljcdn.com/110000-inspection/541f2c30-cc98-41bd-9e40-994c4169fa13_1000.jpg!m_fill,w_280,h_210,f_jpg?from=ke.com
20240712,朝阳,国展,101120214420,左家庄北里   四居  复式精装修   地铁10号线,798万,54150元/平,顶层 (共6层) 3室1厅 | 147.37平米 | 南 北,https://ke-image.ljcdn.com/110000-inspection/pc1_tRT48dhJp.jpg!m_fill,w_280,h_210,f_jpg?from=ke.com
20240712,朝阳,国展,101119724342,MASTER领域 精装修2008年住宅,475万,83466元/平,高楼层 (共20层) 1室1厅 | 56.91平米 | 西南,https://ke-image.ljcdn.com/110000-inspection/3f1b3063-8667-42c3-b48a-eec19d32228e_1000.jpg!m_fill,w_280,h_210,f_jpg?from=ke.com
20240712,朝阳,国展,101119475540,力鸿花园 全明格局三居 带大阳台 通透性好,1150万,83334元/平,中楼层 (共24层) 3室2厅 | 138平米 | 西南 东北,https://ke-image.ljcdn.com/110000-inspection/19383bbe-5ec9-439f-83bd-d963be9e71fb_1000.jpg!m_fill,w_280,h_210,f_jpg?from=ke.com
20240712,朝阳,国展,101119381434,左家庄北里一居室带客厅 20平米空间大 板楼4层,370万,54718元/平,中楼层 (共6层) | 1994年 | 1室1厅 | 67.62平米 | 南,https://ke-image.ljcdn.com/110000-inspection/pc1_dJ7kMngFW_1.jpg!m_fill,w_280,h_210,f_jpg?from=ke.com
20240712,朝阳,国展,101119362243,MASTER领域 精装修一居室 满五年唯一 视野无遮挡,335万,49652元/平,高楼层 (共20层) | 2008年 | 1室1厅 | 67.47平米 | 东北,https://ke-image.ljcdn.com/110000-inspection/pc1_3ELPIQxbN_2.jpg!m_fill,w_280,h_210,f_jpg?from=ke.com
20240712,朝阳,国展,101119080760,满五唯一全明格局楼龄新精装修楼层合适近地铁,439万,77658元/平,低楼层 (共6层) 2室1厅 | 56.53平米 | 东 西 北,https://ke-image.ljcdn.com/110000-inspection/pc1_lhbFiqcN6.jpg!m_fill,w_280,h_210,f_jpg?from=ke.com
20240712,朝阳,国展,101118739634,好房子 左家庄北里 满五唯一 随时看房签约,359万,66941元/平,高楼层 (共6层) 2室1厅 | 53.63平米 | 南 北,https://ke-image.ljcdn.com/110000-inspection/pc1_kjcTjkb0g.jpg!m_fill,w_280,h_210,f_jpg?from=ke.com
20240712,朝阳,国展,101118691702,国际友谊花园 西北向大客厅两居室 封闭式管理 精装修,1020万,69873元/平,低楼层 (共18层) | 1998年 | 2室1厅 | 145.98平米 | 西 北,https://ke-image.ljcdn.com/110000-inspection/pc1_T3z1hkzR3_2.jpg!m_fill,w_280,h_210,f_jpg?from=ke.com
20240712,朝阳,国展,101118610900,精装好房 柳芳北里社区双南向 不临街 无遮挡 随时签约,619万,75951元/平,中楼层 (共18层) 2室1厅 | 81.5平米 | 南,https://ke-image.ljcdn.com/110000-inspection/pc1_JIBs2QvJA_1.jpg!m_fill,w_280,h_210,f_jpg?from=ke.com
20240712,朝阳,国展,101117664569,力鸿花园东南三居报价合理居住舒适满五唯一,1365万,96912元/平,中楼层 (共24层) | 1998年 | 3室2厅 | 140.85平米 | 东南 东 南,https://ke-image.ljcdn.com/110000-inspection/pc1_tqqBLVhSv.jpg!m_fill,w_280,h_210,f_jpg?from=ke.com
20240712,朝阳,国展,101117422914,MASTER领域 70年产权 民水民电 可贷款随时签约,309万,52650元/平,中楼层 (共20层) 1室1厅 | 58.69平米 | 西南,https://ke-image.ljcdn.com/110000-inspection/e16e2e3b-da4e-4d3d-81fa-3bff14d90bd3_1000.jpg!m_fill,w_280,h_210,f_jpg?from=ke.com
20240712,朝阳,国展,101117339526,国际友谊花园 1号楼独立一栋 全南正90度 不临街观小区房主自荐,845万,81431元/平,中楼层 (共22层) | 1998年 | 2室1厅 | 103.77平米 | 南,https://ke-image.ljcdn.com/110000-inspection/b52806db-fd13-4669-8903-309eeb6a780d_1000.jpg!m_fill,w_280,h_210,f_jpg?from=ke.com
20240712,朝阳,国展,101116291749,MASTER领域 有钥匙 民水电 带衣帽间,555万,47303元/平,中楼层 (共20层) | 2008年 | 2室1厅 | 117.33平米 | 东南,https://ke-image.ljcdn.com/110000-inspection/65711d4e-13ff-492e-8c27-759db7908979_1000.jpg!m_fill,w_280,h_210,f_jpg?from=ke.com
20240712,朝阳,国展,101115223022,MASTER领域 2008年商品房 两房一本 节约资质房主自荐,595万,44360元/平,顶层 (共20层) | 2008年 | 2室2厅 | 134.13平米 | 东北,https://ke-image.ljcdn.com/110000-inspection/pc1_PPQJxUUHH.jpg!m_fill,w_280,h_210,f_jpg?from=ke.com
20240712,朝阳,国展,101115021665,三环内国展左家庄北里1990年南北通透2居精装满五唯一,355万,55185元/平,顶层 (共6层) | 1990年 | 2室1厅 | 64.33平米 | 南 北,https://ke-image.ljcdn.com/110000-inspection/49d09dba-db23-4552-8ad3-e92dd76d568d_1000.jpg!m_fill,w_280,h_210,f_jpg?from=ke.com
20240712,朝阳,国展,101114655308,满五唯一原始格局随时签约民水电有车位,460万,48828元/平,中楼层 (共20层) | 2008年 | 2室1厅 | 94.21平米 | 东北,https://ke-image.ljcdn.com/110000-inspection/pc1_NUSD3gWiQ_2.jpg!m_fill,w_280,h_210,f_jpg?from=ke.com
20240712,朝阳,国展,101114466933,国际友谊花园 1号楼东南角 三居看房便利 有意向随时！房主自荐,1000万,62692元/平,低楼层 (共22层) 3室1厅 | 159.51平米 | 东南,https://ke-image.ljcdn.com/110000-inspection/81530faf-71f2-46bf-b3b4-fb0a5e951e24_1000.jpg!m_fill,w_280,h_210,f_jpg?from=ke.com
20240712,朝阳,国展,101125424549,可公积金贷款28年 板楼安装电梯 户型方正明厨明卫,270万,64286元/平,低楼层 (共6层) | 1985年 | 1室1厅 | 42平米 | 南,https://s1.ljcdn.com/pegasus/redskull/images/common/default_house_list.png?_v=20240624162946
20240712,朝阳,国展,101125382277,左家庄西街 2室1厅 东,298万,50338元/平,顶层 (共8层) 2室1厅 | 59.2平米 | 东,https://s1.ljcdn.com/pegasus/redskull/images/common/default_house_list.png?_v=20240624162946
20240712,朝阳,国展,101125319180,三环里 96年钢混电梯方正大一居室  业主诚售新上,290万,53300元/平,中楼层 (共14层) 1室1厅 | 54.41平米 | 南 北,https://s1.ljcdn.com/pegasus/redskull/images/common/default_house_list.png?_v=20240624162946
20240712,朝阳,国展,101125290762,香河园中里 2室1厅 南 北新上,370万,60017元/平,顶层 (共6层) 2室1厅 | 61.65平米 | 南 北,https://s1.ljcdn.com/pegasus/redskull/images/common/default_house_list.png?_v=20240624162946
20240712,朝阳,国展,101125265669,静安里 2室1厅 西南新上,460万,70509元/平,中楼层 (共22层) 2室1厅 | 65.24平米 | 西南,https://s1.ljcdn.com/pegasus/redskull/images/common/default_house_list.png?_v=20240624162946
20240712,朝阳,国展,101125263125,满五唯一公积金贷款25年南北通透安静不临街新上,289万,52527元/平,顶层 (共6层) 2室1厅 | 55.02平米 | 南 北,https://s1.ljcdn.com/pegasus/redskull/images/common/default_house_list.png?_v=20240624162946
20240712,朝阳,国展,101125195416,左家庄满五年唯一住房采光好看花园,268万,74466元/平,顶层 (共6层) | 1980年 | 1室1厅 | 35.99平米 | 南,https://s1.ljcdn.com/pegasus/redskull/images/common/default_house_list.png?_v=20240624162946
20240712,朝阳,国展,101125146515,左家庄 2室1厅 东南 南,295万,57505元/平,高楼层 (共6层) 2室1厅 | 51.3平米 | 东南 南,https://s1.ljcdn.com/pegasus/redskull/images/common/default_house_list.png?_v=20240624162946
20240712,朝阳,国展,101125133046,静安里 1室1厅 东 西,330万,69489元/平,顶层 (共6层) 1室1厅 | 47.49平米 | 东 西,https://s1.ljcdn.com/pegasus/redskull/images/common/default_house_list.png?_v=20240624162946
20240712,朝阳,国展,101125087784,浩鸿园 2室1厅 西,1150万,83171元/平,中楼层 (共26层) 2室1厅 | 138.27平米 | 西,https://s1.ljcdn.com/pegasus/redskull/images/common/default_house_list.png?_v=20240624162946
20240712,朝阳,国展,101125019614,都市南北通透洋房一电梯两户户型方正看小区花园,2600万,77687元/平,顶层 (共7层) 5室2厅 | 334.68平米 | 南 北,https://s1.ljcdn.com/pegasus/redskull/images/common/default_house_list.png?_v=20240624162946
20240712,朝阳,国展,101124894222,MASTER领域 1室1厅 西南,260万,45687元/平,高楼层 (共20层) 1室1厅 | 56.91平米 | 西南,https://s1.ljcdn.com/pegasus/redskull/images/common/default_house_list.png?_v=20240624162946
20240712,朝阳,国展,101124738977,满五年唯一中楼层无遮挡民水电,259万,38388元/平,中楼层 (共20层) 1室1厅 | 67.47平米 | 东北,https://s1.ljcdn.com/pegasus/redskull/images/common/default_house_list.png?_v=20240624162946
20240712,朝阳,国展,101124732382,静安里电梯楼东南两居室满五唯一公积金可以贷款30年,400万,64830元/平,中楼层 (共22层) 2室1厅 | 61.7平米 | 东南,https://s1.ljcdn.com/pegasus/redskull/images/common/default_house_list.png?_v=20240624162946
20240712,朝阳,国展,101124721191,此房满五年户型方正小区管理到位维护情况好。,1100万,56304元/平,低楼层 (共22层) 4室2厅 | 195.37平米 | 东北,https://s1.ljcdn.com/pegasus/redskull/images/common/default_house_list.png?_v=20240624162946
20240712,朝阳,国展,101124703847,力鸿花园一层三室二卫业主诚意出售。,960万,69566元/平,底层 (共24层) 3室1厅 | 138平米 | 东南,https://s1.ljcdn.com/pegasus/redskull/images/common/default_house_list.png?_v=20240624162946
20240712,朝阳,国展,101124695135,左家庄北里 双南 安静舒适前后花园公积金可贷29年,290万,54707元/平,顶层 (共6层) 2室1厅 | 53.01平米 | 南,https://s1.ljcdn.com/pegasus/redskull/images/common/default_house_list.png?_v=20240624162946
20240712,朝阳,国展,101124637526,静安里 甲10号楼1996房龄新 中信集团自管宿舍,484万,45268元/平,顶层 (共6层) | 1996年 | 3室1厅 | 106.92平米 | 东南 西北,https://s1.ljcdn.com/pegasus/redskull/images/common/default_house_list.png?_v=20240624162946
20240712,朝阳,国展,101124628860,电梯高层 东南角 双卫设计 小区有会所,1180万,72057元/平,高楼层 (共22层) | 1997年 | 3室1厅 | 163.76平米 | 东 南,https://s1.ljcdn.com/pegasus/redskull/images/common/default_house_list.png?_v=20240624162946
20240712,朝阳,国展,101124434765,浩鸿园 1室1厅 西,700万,67205元/平,高楼层 (共21层) 1室1厅 | 104.16平米 | 西,https://s1.ljcdn.com/pegasus/redskull/images/common/default_house_list.png?_v=20240624162946
20240712,朝阳,国展,101124207989,静安里 3室1厅 西南 东北,500万,62618元/平,低楼层 (共12层) 3室1厅 | 79.85平米 | 西南 东北,https://s1.ljcdn.com/pegasus/redskull/images/common/default_house_list.png?_v=20240624162946
20240712,朝阳,国展,101124159791,地铁17号线左家庄站  板楼2层三居室,393万,55564元/平,低楼层 (共6层) 3室1厅 | 70.73平米 | 东 西,https://s1.ljcdn.com/pegasus/redskull/images/common/default_house_list.png?_v=20240624162946
20240712,朝阳,国展,101124148758,社区环境好 板楼3层 南北通透  随时签约,342万,60403元/平,中楼层 (共6层) 2室1厅 | 56.62平米 | 南 北,https://s1.ljcdn.com/pegasus/redskull/images/common/default_house_list.png?_v=20240624162946
20240712,朝阳,国展,101123737306,东三环内 西北向3居室 视野无遮挡 业主诚心出售,450万,62946元/平,中楼层 (共16层) 3室1厅 | 71.49平米 | 西 北,https://s1.ljcdn.com/pegasus/redskull/images/common/default_house_list.png?_v=20240624162946
20240712,朝阳,国展,101123718999,东土城路8号 林达大厦 无遮挡,1200万,61926元/平,高楼层 (共25层) 3室2厅 | 193.78平米 | 西北,https://s1.ljcdn.com/pegasus/redskull/images/common/default_house_list.png?_v=20240624162946
20240712,朝阳,国展,101123248214,明厨明卫带客厅户型精装修拎包入住房主自荐,286万,47226元/平,底层 (共7层) 2室1厅 | 60.56平米 | 东,https://s1.ljcdn.com/pegasus/redskull/images/common/default_house_list.png?_v=20240624162946
20240712,朝阳,国展,101123206348,满五年在京唯一住房1997年钢混公积金可贷款30年,295万,59645元/平,低楼层 (共21层) 1室1厅 | 49.46平米 | 南,https://s1.ljcdn.com/pegasus/redskull/images/common/default_house_list.png?_v=20240624162946
20240712,朝阳,国展,101118261893,豪成大厦精装两室出售看房方便,935万,55362元/平,高楼层 (共25层) 3室1厅 | 168.89平米 | 东南,https://s1.ljcdn.com/pegasus/redskull/images/common/default_house_list.png?_v=20240624162946
