20240306,朝阳,红庙,101123169156,华业玫瑰东方新上优质三居 满五唯一 观国贸和小区景观必看好房,1450万,86656元/平,中楼层 (共18层) | 2006年 | 3室1厅 | 167.33平米 | 南 北,https://ke-image.ljcdn.com/110000-inspection/pc1_md0flgppN.jpg!m_fill,w_280,h_210,f_jpg?from=ke.com
20240306,朝阳,红庙,101122980759,金台里明厨明卫方正三居室采光好视野开阔必看好房,455万,63389元/平,底层 (共6层) 3室1厅 | 71.78平米 | 南 北,https://ke-image.ljcdn.com/110000-inspection/e21e27b8-92d3-4a4e-b8fb-a83fb30268f9_1000.jpg!m_fill,w_280,h_210,f_jpg?from=ke.com
20240306,朝阳,红庙,101122769759,人民日报社家属区 电梯直达 91钢混 全南 精装修必看好房,572万,89083元/平,中楼层 (共16层) 2室1厅 | 64.21平米 | 南,https://ke-image.ljcdn.com/110000-inspection/pc1_8ilkwxHuN.jpg!m_fill,w_280,h_210,f_jpg?from=ke.com
20240306,朝阳,红庙,101122762738,泰达时代西南观景三居室！业主诚意出售！必看好房,900万,41095元/平,低楼层 (共26层) | 2008年 | 3室2厅 | 219.01平米 | 南 西,https://ke-image.ljcdn.com/110000-inspection/pc1_j7jXgsMhw_1.jpg!m_fill,w_280,h_210,f_jpg?from=ke.com
20240306,朝阳,红庙,101122746000,首付60万！国贸CBD 红庙北里 东向一居 精装修 近地铁必看好房,165万,56721元/平,顶层 (共2层) | 1972年 | 1室0厅 | 29.09平米 | 南,https://ke-image.ljcdn.com/110000-inspection/pc1_EBIBRhVPA_1.jpg!m_fill,w_280,h_210,f_jpg?from=ke.com
20240306,朝阳,红庙,101123113094,满五唯一全明格局距离地铁150米必看好房,278万,50851元/平,顶层 (共5层) | 1977年 | 2室1厅 | 54.67平米 | 南 北,https://ke-image.ljcdn.com/110000-inspection/5f490f26-18f7-4e1d-8d40-3731ef85250f_1000.jpg!m_fill,w_280,h_210,f_jpg?from=ke.com
20240306,朝阳,红庙,101122576665,金台北街 双南两居室 精装修 高楼层视野开阔必看好房,410万,69222元/平,高楼层 (共14层) 2室1厅 | 59.23平米 | 南,https://ke-image.ljcdn.com/110000-inspection/pc1_UfuXFpGoU.jpg!m_fill,w_280,h_210,f_jpg?from=ke.com
20240306,朝阳,红庙,101122546447,慈云寺南向精装修两居室 小区环境好,289万,51654元/平,高楼层 (共6层) 2室1厅 | 55.95平米 | 东南,https://ke-image.ljcdn.com/110000-inspection/f5329834-45cd-4d97-94e9-aa470a0ec6c5_1000.jpg!m_fill,w_280,h_210,f_jpg?from=ke.com
20240306,朝阳,红庙,101122439124,金台路地铁附近延静西里 南北通透三居室 电梯直达必看好房,392万,57118元/平,中楼层 (共15层) | 1984年 | 3室1厅 | 68.63平米 | 南 北,https://ke-image.ljcdn.com/110000-inspection/pc1_itSGAZ36a.jpg!m_fill,w_280,h_210,f_jpg?from=ke.com
20240306,朝阳,红庙,101122315338,东三环央视旁朝南精装全明格局一居诚意出售必看好房,365万,70247元/平,中楼层 (共16层) | 1992年 | 1室1厅 | 51.96平米 | 南,https://ke-image.ljcdn.com/110000-inspection/194f3250-7887-4299-903d-a118db6e6acb_1000.jpg!m_fill,w_280,h_210,f_jpg?from=ke.com
20240306,朝阳,红庙,101121730928,机械学院家属楼 南向一室 中间楼层 不临街,280万,65945元/平,中楼层 (共5层) | 1999年 | 1室1厅 | 42.46平米 | 南,https://ke-image.ljcdn.com/110000-inspection/10d7cdfe-a4b7-46cd-96d6-a4bc43d2a5f1_1000.jpg!m_fill,w_280,h_210,f_jpg?from=ke.com
20240306,朝阳,红庙,101121690867,延静里中街  CBD商务区 配套齐全 南北通透 诚意出售房主自荐,318万,56534元/平,中楼层 (共5层) 2室1厅 | 56.25平米 | 南 北,https://ke-image.ljcdn.com/110000-inspection/pc1_qwa3FEhP4.jpg!m_fill,w_280,h_210,f_jpg?from=ke.com
20240306,朝阳,红庙,101121606603,呼家楼北街小区 东三环 满五唯一 大客厅 近地铁,466万,73828元/平,中楼层 (共16层) | 1988年 | 2室1厅 | 63.12平米 | 西南,https://ke-image.ljcdn.com/110000-inspection/pc1_UuIGTkKWe.jpg!m_fill,w_280,h_210,f_jpg?from=ke.com
20240306,朝阳,红庙,101121591938,金台里小区南向一居室采光好。必看好房,298万,66877元/平,低楼层 (共12层) | 1992年 | 1室1厅 | 44.56平米 | 南,https://ke-image.ljcdn.com/110000-inspection/pc1_M26UDxymr.jpg!m_fill,w_280,h_210,f_jpg?from=ke.com
20240306,朝阳,红庙,101121282879,精装修一天没住过距离地铁50米必看好房,429万,57802元/平,低楼层 (共18层) | 1989年 | 2室1厅 | 74.22平米 | 南,https://ke-image.ljcdn.com/110000-inspection/pc1_T4IRas2hC.jpg!m_fill,w_280,h_210,f_jpg?from=ke.com
20240306,朝阳,红庙,101121227520,人民日报社家属区带电梯三居室楼龄新视野开阔采光充足必看好房,820万,85019元/平,高楼层 (共16层) 3室1厅 | 96.45平米 | 东 南 北,https://ke-image.ljcdn.com/110000-inspection/pc1_pWxasDzEL.jpg!m_fill,w_280,h_210,f_jpg?from=ke.com
20240306,朝阳,红庙,101120836147,国贸DNA 慈云寺 南向开间 带电梯 采光视野无遮挡必看好房,186万,56398元/平,低楼层 (共6层) | 1991年 | 1室0厅 | 32.98平米 | 南,https://ke-image.ljcdn.com/110000-inspection/pc1_claGlY8Ce.jpg!m_fill,w_280,h_210,f_jpg?from=ke.com
20240306,朝阳,红庙,101120418633,南北通透 满五唯一 二次装修  价格可以谈急售必看好房,1460万,87625元/平,中楼层 (共18层) 3室2厅 | 166.62平米 | 南 北,https://ke-image.ljcdn.com/110000-inspection/8fd9c85f-6e62-4bd7-981f-1af888bada03_1000.jpg!m_fill,w_280,h_210,f_jpg?from=ke.com
20240306,朝阳,红庙,101119413527,东四环内大望路商圈高楼层南向大三居,1079万,73402元/平,高楼层 (共32层) 3室1厅 | 147平米 | 西南,https://ke-image.ljcdn.com/110000-inspection/pc1_7TR36gmz6.jpg!m_fill,w_280,h_210,f_jpg?from=ke.com
20240306,朝阳,红庙,101117858205,大望路地铁站全南高楼层精装修大三居,1230万,68885元/平,中楼层 (共32层) | 2005年 | 3室1厅 | 178.56平米 | 东南,https://ke-image.ljcdn.com/110000-inspection/pc1_M7W1m0iBz.jpg!m_fill,w_280,h_210,f_jpg?from=ke.com
20240306,朝阳,红庙,101117660669,东三环外四环内大望路地铁站南北通透两居室,199.9万,39421元/平,地下室 (共6层) | 1990年 | 2室1厅 | 50.71平米 | 南 北,https://ke-image.ljcdn.com/110000-inspection/pc1_B5QdcZwOK.jpg!m_fill,w_280,h_210,f_jpg?from=ke.com
20240306,朝阳,红庙,101122951865,东区国际 户型方正无缺角 南向采光好 双卫 满五唯一,928万,64058元/平,低楼层 (共32层) 3室2厅 | 144.87平米 | 西南,https://ke-image.ljcdn.com/110000-inspection/pc1_wM2CLGvHd.jpg!m_fill,w_280,h_210,f_jpg?from=ke.com
20240306,朝阳,红庙,101122814573,呼家楼北街 全明格局 中间层 采光好必看好房,299万,64579元/平,中楼层 (共6层) | 1987年 | 1室1厅 | 46.3平米 | 南,https://ke-image.ljcdn.com/110000-inspection/pc1_CNNwLw7Zd.jpg!m_fill,w_280,h_210,f_jpg?from=ke.com
20240306,朝阳,红庙,101122210010,延静西里 低楼层 南北通透 户型方正 诚意出售必看好房,295万,55483元/平,低楼层 (共6层) 2室1厅 | 53.17平米 | 南 北,https://ke-image.ljcdn.com/110000-inspection/f096dada-c5cf-4b18-8cac-75a3c936a3d0_1000.jpg!m_fill,w_280,h_210,f_jpg?from=ke.com
20240306,朝阳,红庙,101122057972,大区主推！国贸CBD 延静西里 南北两居 高层 满五唯一必看好房,325万,58036元/平,高楼层 (共15层) | 1986年 | 2室1厅 | 56平米 | 南 北,https://ke-image.ljcdn.com/110000-inspection/13d7de0b-bb48-45b6-b505-a16a5d8425de_1000.jpg!m_fill,w_280,h_210,f_jpg?from=ke.com
20240306,朝阳,红庙,101121801433,纽约豪园 高层观景三居室 品质装修 拎包入住必看好房,1018万,60682元/平,中楼层 (共35层) 3室2厅 | 167.76平米 | 东南,https://ke-image.ljcdn.com/110000-inspection/b863a312-bc1f-42c5-b0e0-c90e0dba3337_1000.jpg!m_fill,w_280,h_210,f_jpg?from=ke.com
20240306,朝阳,红庙,101121705432,红庙北里 金台路地铁东南角  南北三居室 急售,445万,57221元/平,中楼层 (共18层) 3室1厅 | 77.77平米 | 南 北,https://ke-image.ljcdn.com/110000-inspection/35ad423d-b315-4f95-a033-414f7f0b6f78_1000.jpg!m_fill,w_280,h_210,f_jpg?from=ke.com
20240306,朝阳,红庙,101121500789,慈云寺西南两居室小区环境好楼龄新,319万,54652元/平,低楼层 (共22层) 2室1厅 | 58.37平米 | 南,https://ke-image.ljcdn.com/110000-inspection/pc1_un1Ittrtf.jpg!m_fill,w_280,h_210,f_jpg?from=ke.com
20240306,朝阳,红庙,101121483050,金台里南北三居室楼龄新管理好。必看好房,430万,62337元/平,中楼层 (共7层) | 1993年 | 3室1厅 | 68.98平米 | 南 北,https://ke-image.ljcdn.com/110000-inspection/pc1_fmOKmTeYD.jpg!m_fill,w_280,h_210,f_jpg?from=ke.com
20240306,朝阳,红庙,101121469546,红庙北里 精装修  低层采光好必看好房,365万,71359元/平,底层 (共5层) 2室1厅 | 51.15平米 | 南 北,https://ke-image.ljcdn.com/110000-inspection/7022e10c-b8b6-4d9f-80cd-3f8beafbc205_1000.jpg!m_fill,w_280,h_210,f_jpg?from=ke.com
20240306,朝阳,红庙,101121453136,业主已定房急售+急售 保养佳 可以贷款600万,1990万,116600元/平,低楼层 (共28层) | 2011年 | 3室1厅 | 170.67平米 | 西南,https://ke-image.ljcdn.com/110000-inspection/97bf6069-f4e4-4f8e-8383-4d5d539f5c2c_1000.jpg!m_fill,w_280,h_210,f_jpg?from=ke.com
20240306,朝阳,红庙,101121321464,慈云寺 南北通透两居室 业主诚意卖 大望路地铁站必看好房,251万,46969元/平,中楼层 (共6层) 2室1厅 | 53.44平米 | 南 北,https://ke-image.ljcdn.com/110000-inspection/pc1_PKfBITdfg.jpg!m_fill,w_280,h_210,f_jpg?from=ke.com
20240306,朝阳,红庙,101121143127,人民日报社家属区 格局方正 南北通透 随时可看房主自荐,762万,98654元/平,底层 (共6层) | 1984年 | 3室1厅 | 77.24平米 | 南 北,https://ke-image.ljcdn.com/110000-inspection/pc1_VJmbrbonS_1.jpg!m_fill,w_280,h_210,f_jpg?from=ke.com
20240306,朝阳,红庙,101121003507,新上房源红庙北里低楼层南向一居室 交通方便必看好房,228万,55020元/平,底层 (共6层) | 1986年 | 1室1厅 | 41.44平米 | 南,https://ke-image.ljcdn.com/110000-inspection/93422266-065c-4063-b7de-f3faf82762b2_1000.jpg!m_fill,w_280,h_210,f_jpg?from=ke.com
20240306,朝阳,红庙,101120336679,大望路国贸商圈东区国际满五唯一大三居,998.88万,58156元/平,低楼层 (共32层) | 2006年 | 3室1厅 | 171.76平米 | 东,https://ke-image.ljcdn.com/110000-inspection/pc1_NZaANqBxI.jpg!m_fill,w_280,h_210,f_jpg?from=ke.com
20240306,朝阳,红庙,101119768501,华业次顶层边户满五唯一落地窗诚意签约,1390万,96114元/平,高楼层 (共18层) 3室2厅 | 144.62平米 | 南 北,https://ke-image.ljcdn.com/110000-inspection/pc1_TwLntuToX.jpg!m_fill,w_280,h_210,f_jpg?from=ke.com
20240306,朝阳,红庙,101119315969,东区国际全明格局户型位置好观景房诚意签约,580万,70483元/平,中楼层 (共26层) 1室1厅 | 82.29平米 | 东北,https://ke-image.ljcdn.com/110000-inspection/pc1_buW7EPy5m_1.jpg!m_fill,w_280,h_210,f_jpg?from=ke.com
20240306,朝阳,红庙,101123189748,红庙北里 2室1厅 南新上,270万,51924元/平,顶层 (共4层) | 1961年 | 2室1厅 | 52平米 | 南,https://ke-image.ljcdn.com/110000-inspection/284db500-e893-4ec9-9016-229f41953346_1000.jpg!m_fill,w_280,h_210,f_jpg?from=ke.com
20240306,朝阳,红庙,101123181005,呼家楼北街 2室1厅 南 北新上,480万,69768元/平,中楼层 (共6层) | 1985年 | 2室1厅 | 68.8平米 | 南 北,https://ke-image.ljcdn.com/110000-inspection/pc1_aNsKL6vdQ.jpg!m_fill,w_280,h_210,f_jpg?from=ke.com
20240306,朝阳,红庙,101123164641,红庙北里 正规两居室净高3米东北向新上,310万,47899元/平,顶层 (共4层) | 1958年 | 2室1厅 | 64.72平米 | 东北,https://ke-image.ljcdn.com/110000-inspection/pc1_k22LG8Fee.jpg!m_fill,w_280,h_210,f_jpg?from=ke.com
20240306,朝阳,红庙,101123152669,红庙西里 南向 精装修 两居室 高楼层 视野好新上,450万,70744元/平,中楼层 (共16层) 2室1厅 | 63.61平米 | 南,https://ke-image.ljcdn.com/110000-inspection/pc1_lxq73mkog.jpg!m_fill,w_280,h_210,f_jpg?from=ke.com
20240306,朝阳,红庙,101123116417,金台北街 高楼层 视野开阔 南向两居 满五年 唯一新上,420万,65615元/平,中楼层 (共16层) 2室1厅 | 64.01平米 | 南,https://ke-image.ljcdn.com/110000-inspection/460bbc3c-2fdb-4e69-bcc5-c63acea9d968_1000.jpg!m_fill,w_280,h_210,f_jpg?from=ke.com
20240306,朝阳,红庙,101123115239,金台北街小区环境介绍及房屋简介新上,398万,66113元/平,顶层 (共16层) | 1987年 | 2室1厅 | 60.2平米 | 南,https://ke-image.ljcdn.com/110000-inspection/pc1_ZrqcIgSv0.jpg!m_fill,w_280,h_210,f_jpg?from=ke.com
20240306,朝阳,红庙,101123103856,呼家楼新苑 中国银行家属楼 南北通透明厨明卫大两居新上,495万,70223元/平,中楼层 (共20层) | 1997年 | 2室1厅 | 70.49平米 | 南 北,https://ke-image.ljcdn.com/110000-inspection/pc1_HIUkqHzXe.jpg!m_fill,w_280,h_210,f_jpg?from=ke.com
20240306,朝阳,红庙,101123094658,呼家楼北街双南两居室 大阳台 视野好新上,470万,67900元/平,低楼层 (共16层) 2室1厅 | 69.22平米 | 南,https://ke-image.ljcdn.com/110000-inspection/pc1_K7swhgRVI.jpg!m_fill,w_280,h_210,f_jpg?from=ke.com
20240306,朝阳,红庙,101123094222,呼家楼南里  两居室 格局方正诚意出售新上,425万,62722元/平,顶层 (共6层) | 1991年 | 2室1厅 | 67.76平米 | 东 西,https://ke-image.ljcdn.com/110000-inspection/709813a9-68d9-42cf-8915-caa81e74bd05_1000.jpg!m_fill,w_280,h_210,f_jpg?from=ke.com
20240306,朝阳,红庙,101123089359,慈云寺 1室0厅 北新上,190万,61749元/平,高楼层 (共6层) | 1991年 | 1室0厅 | 30.77平米 | 北,https://ke-image.ljcdn.com/110000-inspection/41221a3a-accd-492f-bf77-896ca213d8e1_1000.jpg!m_fill,w_280,h_210,f_jpg?from=ke.com
20240306,朝阳,红庙,101123079923,红庙北里南向一居近地铁光线好中间楼层新上,248万,59846元/平,中楼层 (共6层) | 1986年 | 1室1厅 | 41.44平米 | 南,https://ke-image.ljcdn.com/110000-inspection/cadcfd0a-97d4-4c28-a316-31bed01d2aa5_1000.jpg!m_fill,w_280,h_210,f_jpg?from=ke.com
20240306,朝阳,红庙,101123063364,华业玫瑰东方 新上大三居 楼层好 采光充足 诚意出售新上,1480万,88512元/平,中楼层 (共18层) | 2006年 | 3室1厅 | 167.21平米 | 南 北,https://ke-image.ljcdn.com/110000-inspection/3d0e40a6-cccc-4448-9a03-d7feb12e4a89_1000.jpg!m_fill,w_280,h_210,f_jpg?from=ke.com
20240306,朝阳,红庙,101123060528,金台北街 精装修一居室  南北板楼 无遮挡视野开阔,316万,71868元/平,高楼层 (共16层) 1室1厅 | 43.97平米 | 南 北,https://ke-image.ljcdn.com/110000-inspection/pc1_SohON5xzj.jpg!m_fill,w_280,h_210,f_jpg?from=ke.com
20240306,朝阳,红庙,101123054548,金台路甜水园CBD 电梯南向两居 房本满五年 有钥匙新上,410万,64013元/平,中楼层 (共16层) | 1985年 | 2室1厅 | 64.05平米 | 西南,https://ke-image.ljcdn.com/110000-inspection/pc1_hhKU1AxE1_1.jpg!m_fill,w_280,h_210,f_jpg?from=ke.com
20240306,朝阳,红庙,101123048404,红庙北里近地铁无遮挡采光好楼龄新新上,539万,65516元/平,中楼层 (共18层) 3室1厅 | 82.27平米 | 西南,https://ke-image.ljcdn.com/110000-inspection/42cdbd93-cd7c-4466-83a3-f6d55a3a89b2_1000.jpg!m_fill,w_280,h_210,f_jpg?from=ke.com
20240306,朝阳,红庙,101123042418,东三环央视旁呼家楼北街朝南两居满五年唯一诚意出售,555万,80611元/平,低楼层 (共16层) | 1988年 | 2室1厅 | 68.85平米 | 南,https://ke-image.ljcdn.com/110000-inspection/pc1_rF4MM2BpK.jpg!m_fill,w_280,h_210,f_jpg?from=ke.com
20240306,朝阳,红庙,101123024044,红庙北里新上文化部电梯两居室户型方正实用率高,295万,66472元/平,底层 (共16层) | 1984年 | 2室1厅 | 44.38平米 | 南,https://ke-image.ljcdn.com/110000-inspection/pc1_ZFjlkSKtz.jpg!m_fill,w_280,h_210,f_jpg?from=ke.com
20240306,朝阳,红庙,101123020859,华业玫瑰东方南北通透中间单元前后花园视野好,1480万,88761元/平,中楼层 (共18层) | 2006年 | 3室1厅 | 166.74平米 | 南 北,https://ke-image.ljcdn.com/110000-inspection/pc1_rHjzGguwS.jpg!m_fill,w_280,h_210,f_jpg?from=ke.com
20240306,朝阳,红庙,101123020779,金台里 中间层 南北两居室 前后不临街,360万,66878元/平,低楼层 (共6层) | 1979年 | 2室1厅 | 53.83平米 | 南 北,https://ke-image.ljcdn.com/110000-inspection/pc1_2ViMsgoPg.jpg!m_fill,w_280,h_210,f_jpg?from=ke.com
20240306,朝阳,红庙,101123018729,呼家楼北街小区 南北通透小两居 总价合适 带客厅,339万,62871元/平,顶层 (共6层) | 1985年 | 2室1厅 | 53.92平米 | 南 北,https://ke-image.ljcdn.com/110000-inspection/pc1_XF3JQTeIU.jpg!m_fill,w_280,h_210,f_jpg?from=ke.com
20240306,朝阳,红庙,101123018366,呼家楼南里 精装修明厨明卫两居 采光好 视野宽阔,325万,67582元/平,中楼层 (共6层) | 1977年 | 2室1厅 | 48.09平米 | 东 西,https://ke-image.ljcdn.com/110000-inspection/pc1_UXhzv1Szk.jpg!m_fill,w_280,h_210,f_jpg?from=ke.com
20240306,朝阳,红庙,101123009530,延静西里带电梯2居室南北通透地铁100米,359万,64085元/平,中楼层 (共15层) 2室1厅 | 56.02平米 | 南 北,https://ke-image.ljcdn.com/110000-inspection/pc1_ZnIKhgo9O.jpg!m_fill,w_280,h_210,f_jpg?from=ke.com
20240306,朝阳,红庙,101122980697,呼家楼金台里双南向两居室采光好,350万,70423元/平,高楼层 (共6层) 2室1厅 | 49.7平米 | 东 南,https://ke-image.ljcdn.com/110000-inspection/dd83953c-6d81-4f48-8d8a-b089e3d9bddf_1000.jpg!m_fill,w_280,h_210,f_jpg?from=ke.com
20240306,朝阳,红庙,101122962875,国贸CBD北侧+6号线金台路红庙北里双南两居室,350万,60397元/平,底层 (共16层) | 1985年 | 2室1厅 | 57.95平米 | 南,https://ke-image.ljcdn.com/110000-inspection/pc1_g0tAJp8Kh.jpg!m_fill,w_280,h_210,f_jpg?from=ke.com
20240306,朝阳,红庙,101122959243,红庙北里全明格局小三居室看房随时,319万,55469元/平,顶层 (共5层) | 1976年 | 3室1厅 | 57.51平米 | 南 北,https://ke-image.ljcdn.com/110000-inspection/pc1_6v36XcG6T.jpg!m_fill,w_280,h_210,f_jpg?from=ke.com
20240306,朝阳,红庙,101122920763,慈云寺南北通透两居室 小区环境好,279万,51439元/平,顶层 (共6层) 2室1厅 | 54.24平米 | 南 北,https://ke-image.ljcdn.com/110000-inspection/f57744cf-b1fb-4a1e-922a-9106af55f439_1000.jpg!m_fill,w_280,h_210,f_jpg?from=ke.com
20240306,朝阳,红庙,101122867334,此房已满五年楼层好视野开阔周边配套设施完善,458万,52906元/平,高楼层 (共16层) | 1986年 | 3室1厅 | 86.57平米 | 东北,https://ke-image.ljcdn.com/110000-inspection/pc1_UzAIGrwDc_1.jpg!m_fill,w_280,h_210,f_jpg?from=ke.com
20240306,朝阳,红庙,101122856393,延静西里 2室1厅 南 北,295万,54987元/平,顶层 (共6层) 2室1厅 | 53.65平米 | 南 北,https://ke-image.ljcdn.com/110000-inspection/pc1_LoL8vFfxC.jpg!m_fill,w_280,h_210,f_jpg?from=ke.com
20240306,朝阳,红庙,101122839444,金台路国贸 红庙北里南北双阳 精装修两居室,388万,59849元/平,顶层 (共5层) | 1978年 | 2室1厅 | 64.83平米 | 南 北,https://ke-image.ljcdn.com/110000-inspection/pc1_rkShSlvgF.jpg!m_fill,w_280,h_210,f_jpg?from=ke.com
20240306,朝阳,红庙,101122832106,光华路 2室1厅 南 北,539万,99392元/平,中楼层 (共6层) | 1979年 | 2室1厅 | 54.23平米 | 南 北,https://ke-image.ljcdn.com/110000-inspection/pc1_uxqHXroft.jpg!m_fill,w_280,h_210,f_jpg?from=ke.com
20240306,朝阳,红庙,101122815395,延静里中街 中间楼层 双南向采光充足 安静不吵房主自荐,315万,56452元/平,中楼层 (共6层) | 1979年 | 2室1厅 | 55.8平米 | 南,https://ke-image.ljcdn.com/110000-inspection/pc1_wxPbuSbTn.jpg!m_fill,w_280,h_210,f_jpg?from=ke.com
20240306,朝阳,红庙,101122793119,国贸CBD呼家楼北街有电梯精装一居室,310万,75629元/平,中楼层 (共16层) 1室1厅 | 40.99平米 | 东北,https://ke-image.ljcdn.com/110000-inspection/pc1_nK3jyJiD7_1.jpg!m_fill,w_280,h_210,f_jpg?from=ke.com
20240306,朝阳,红庙,101122714391,呼家楼西里南北向单独管理东三环,475万,84250元/平,高楼层 (共6层) | 1987年 | 2室1厅 | 56.38平米 | 南 北,https://ke-image.ljcdn.com/110000-inspection/pc1_o6XV9VaNW.jpg!m_fill,w_280,h_210,f_jpg?from=ke.com
20240306,朝阳,红庙,101122672758,金台里 2室1厅 东,420万,65218元/平,高楼层 (共6层) | 2002年 | 2室1厅 | 64.4平米 | 东,https://ke-image.ljcdn.com/110000-inspection/436647c1-5ee7-403b-aebb-635f5627d319_1000.jpg!m_fill,w_280,h_210,f_jpg?from=ke.com
20240306,朝阳,红庙,101122668662,人民日报社家属区 1989年 南北三居电梯楼 西边带窗户,629万,97203元/平,中楼层 (共6层) 3室1厅 | 64.71平米 | 南 北 西,https://ke-image.ljcdn.com/110000-inspection/pc1_S0xr1zWpe_1.jpg!m_fill,w_280,h_210,f_jpg?from=ke.com
20240306,朝阳,红庙,101122656424,红庙北里小区环境介绍及房屋细节简介,265万,52507元/平,中楼层 (共5层) | 1976年 | 2室1厅 | 50.47平米 | 南,https://ke-image.ljcdn.com/110000-inspection/238724bb-55f9-4492-8690-47d0b55f3991_1000.jpg!m_fill,w_280,h_210,f_jpg?from=ke.com
20240306,朝阳,红庙,101122652786,金台北街精装修南向带电梯一居室房主自荐,310万,78125元/平,中楼层 (共14层) | 1985年 | 1室1厅 | 39.68平米 | 南,https://ke-image.ljcdn.com/110000-inspection/pc1_cVMaY98lx.jpg!m_fill,w_280,h_210,f_jpg?from=ke.com
20240306,朝阳,红庙,101122646847,延静里中街三号院 大四居 精装修 小区安静 管理好,970万,62926元/平,低楼层 (共21层) 3室1厅 | 154.15平米 | 东南 北,https://ke-image.ljcdn.com/110000-inspection/pc1_hjQ9OgaKM.jpg!m_fill,w_280,h_210,f_jpg?from=ke.com
20240306,朝阳,红庙,101122636717,呼家楼南里 南向一居室 业主诚意卖 国贸商圈 无遮挡,245万,67587元/平,高楼层 (共6层) | 1973年 | 1室1厅 | 36.25平米 | 南,https://ke-image.ljcdn.com/110000-inspection/pc1_yWtUAIBOL.jpg!m_fill,w_280,h_210,f_jpg?from=ke.com
20240306,朝阳,红庙,101122600960,东区国际 观景2居室 诚意出售 满五唯一,858万,69379元/平,低楼层 (共32层) | 2005年 | 2室1厅 | 123.67平米 | 西,https://ke-image.ljcdn.com/110000-inspection/4047c6a3-68f8-46fa-9205-fa4a4665ecfb_1000.jpg!m_fill,w_280,h_210,f_jpg?from=ke.com
20240306,朝阳,红庙,101122599010,红庙路口住总集团宿舍楼南北通透高层两居,362万,59954元/平,高楼层 (共6层) | 1982年 | 2室1厅 | 60.38平米 | 南 北,https://ke-image.ljcdn.com/110000-inspection/pc1_CsoOUUyuS.jpg!m_fill,w_280,h_210,f_jpg?from=ke.com
20240306,朝阳,红庙,101122575362,国贸CBD呼家楼北里南向精装两居室房主自荐,375万,75773元/平,中楼层 (共5层) | 1977年 | 2室1厅 | 49.49平米 | 南,https://ke-image.ljcdn.com/110000-inspection/pc1_c0gtFiQ9B.jpg!m_fill,w_280,h_210,f_jpg?from=ke.com
20240306,朝阳,红庙,101122556228,呼家楼北街小区  明厨明卫 高层电梯房,312万,76117元/平,高楼层 (共16层) | 1992年 | 1室1厅 | 40.99平米 | 东北,https://ke-image.ljcdn.com/110000-inspection/172b15a8-addc-4e55-b4cc-21ddbbbe66c8_1000.jpg!m_fill,w_280,h_210,f_jpg?from=ke.com
20240306,朝阳,红庙,101122541943,慈云寺 满五年南向正规一居室 业主诚意卖,240万,57651元/平,高楼层 (共6层) | 1988年 | 1室1厅 | 41.63平米 | 南,https://ke-image.ljcdn.com/110000-inspection/pc1_Sxp0Gj8rR.jpg!m_fill,w_280,h_210,f_jpg?from=ke.com
20240306,朝阳,红庙,101122518061,呼家楼金台里 南北两居 满五年 小户型,320万,59948元/平,中楼层 (共5层) 2室1厅 | 53.38平米 | 南 北,https://ke-image.ljcdn.com/110000-inspection/5560af9c-821d-41eb-a0c9-72de70a139dc_1000.jpg!m_fill,w_280,h_210,f_jpg?from=ke.com
20240306,朝阳,红庙,101122509087,带电梯 南边通透 近地铁 视野采光好,415万,59499元/平,中楼层 (共15层) | 1986年 | 3室1厅 | 69.75平米 | 南 北,https://ke-image.ljcdn.com/110000-inspection/9111eef6-8099-4a48-b892-5e662e76aa5b_1000.jpg!m_fill,w_280,h_210,f_jpg?from=ke.com
20240306,朝阳,红庙,101122492360,大望路延静里中街小区中间层两室一厅,355万,54946元/平,中楼层 (共6层) 2室1厅 | 64.61平米 | 南 北,https://ke-image.ljcdn.com/110000-inspection/pc1_4qilC0yzv.jpg!m_fill,w_280,h_210,f_jpg?from=ke.com
20240306,朝阳,红庙,101122490651,金台路红庙北里 电梯直达高层三居室 精装修 视野开阔,460万,61268元/平,中楼层 (共16层) | 1984年 | 3室1厅 | 75.08平米 | 西 北,https://ke-image.ljcdn.com/110000-inspection/1ef4031b-5782-4919-8ee3-a219b280561b_1000.jpg!m_fill,w_280,h_210,f_jpg?from=ke.com
20240306,朝阳,红庙,101122462846,慈云寺 3室1厅 南 北,416万,59805元/平,高楼层 (共6层) | 1979年 | 3室1厅 | 69.56平米 | 南 北,https://ke-image.ljcdn.com/110000-inspection/c84f4123-0706-4080-a72d-58622383c19e_1000.jpg!m_fill,w_280,h_210,f_jpg?from=ke.com
20240306,朝阳,红庙,101122453233,国贸CBD东三环 呼家楼北街 双南 两居室,488万,79739元/平,中楼层 (共14层) | 1986年 | 2室1厅 | 61.2平米 | 南,https://ke-image.ljcdn.com/110000-inspection/4a2dbc25-372e-4234-9bb6-7aece8e0beb8_1000.jpg!m_fill,w_280,h_210,f_jpg?from=ke.com
20240306,朝阳,红庙,101122448079,呼家楼西里 1993年 明厨明卫 楼龄新 南向一居室,295万,64807元/平,低楼层 (共7层) | 1993年 | 1室1厅 | 45.52平米 | 南,https://ke-image.ljcdn.com/110000-inspection/a948f95b-b6a8-499c-8ee3-5516ee8c555f_1000.jpg!m_fill,w_280,h_210,f_jpg?from=ke.com
20240306,朝阳,红庙,101122418789,呼家楼新街大院中间楼层南向两居室近地铁,500万,99325元/平,中楼层 (共6层) | 1980年 | 2室1厅 | 50.34平米 | 南,https://ke-image.ljcdn.com/110000-inspection/pc1_ZVHgiveoo.jpg!m_fill,w_280,h_210,f_jpg?from=ke.com
20240306,朝阳,红庙,101122383911,延静西里 金台路地铁南北通透三居室,385万,59923元/平,底层 (共6层) | 1983年 | 3室1厅 | 64.25平米 | 南 北,https://ke-image.ljcdn.com/110000-inspection/pc1_dTeLk6Wdu.jpg!m_fill,w_280,h_210,f_jpg?from=ke.com
20240306,朝阳,红庙,101122360262,红庙北里 诚意出售两居 满五唯一 看房方便 户型方正,275万,52054元/平,底层 (共6层) | 1982年 | 2室1厅 | 52.83平米 | 东北,https://ke-image.ljcdn.com/110000-inspection/729364bd-87f4-44d7-8d91-6f10bce90559_1000.jpg!m_fill,w_280,h_210,f_jpg?from=ke.com
20240306,朝阳,红庙,101122347382,国贸CBD 金台路 延静西里 双南双卫两居 高层 视野佳,375万,57000元/平,顶层 (共15层) | 1986年 | 2室1厅 | 65.79平米 | 南,https://ke-image.ljcdn.com/110000-inspection/pc1_mzWoEwwIB.jpg!m_fill,w_280,h_210,f_jpg?from=ke.com
20240306,朝阳,红庙,101122323365,红庙北里两居室客厅有窗户楼层低出入方便,260万,52878元/平,底层 (共3层) 2室1厅 | 49.17平米 | 西北,https://ke-image.ljcdn.com/110000-inspection/pc1_JkZuRXkRM_1.jpg!m_fill,w_280,h_210,f_jpg?from=ke.com
20240306,朝阳,红庙,101122315735,延静里中街满五唯一精装修全南两居,280万,63637元/平,中楼层 (共5层) 2室1厅 | 44平米 | 南,https://ke-image.ljcdn.com/110000-inspection/da374e97-572b-4181-b13b-7ac7b63e5e41_1000.jpg!m_fill,w_280,h_210,f_jpg?from=ke.com
20240306,朝阳,红庙,101122267956,呼家楼南向一居室 全明格局 采光无遮挡,228万,68203元/平,中楼层 (共5层) | 1975年 | 1室1厅 | 33.43平米 | 南,https://ke-image.ljcdn.com/110000-inspection/pc1_xN7eEq6XP.jpg!m_fill,w_280,h_210,f_jpg?from=ke.com
20240306,朝阳,红庙,101122246497,国贸CBD 呼家楼南里 东向 精装 中间楼层两居室,340万,67261元/平,低楼层 (共6层) | 1977年 | 2室1厅 | 50.55平米 | 东,https://ke-image.ljcdn.com/110000-inspection/pc1_L6PoPoqpw_1.jpg!m_fill,w_280,h_210,f_jpg?from=ke.com
20240306,朝阳,红庙,101122242225,东区国际 高楼层 无遮挡 满五唯一 产权清晰 随时签约,885万,60733元/平,中楼层 (共29层) | 2007年 | 2室1厅 | 145.72平米 | 东,https://ke-image.ljcdn.com/110000-inspection/pc1_Fqe0f1vkc.jpg!m_fill,w_280,h_210,f_jpg?from=ke.com
20240306,朝阳,红庙,101122232054,金台里小区配套成熟布局合理满五唯一楼龄新。,434万,60990元/平,底层 (共6层) | 1994年 | 3室1厅 | 71.16平米 | 东 西,https://ke-image.ljcdn.com/110000-inspection/e48148cb-400d-486d-a052-f730b42dc35f_1000.jpg!m_fill,w_280,h_210,f_jpg?from=ke.com
20240306,朝阳,红庙,101122229983,红庙北里 中间层 全明格局 单独管理,590万,71265元/平,低楼层 (共6层) | 1984年 | 3室1厅 | 82.79平米 | 南 北,https://ke-image.ljcdn.com/110000-inspection/097a309e-0521-4aaf-9206-70667225f503_1000.jpg!m_fill,w_280,h_210,f_jpg?from=ke.com
20240306,朝阳,红庙,101122227425,金台路 国贸CBD 中间层南向两居 房本满五年 采光好,345万,63431元/平,中楼层 (共6层) | 1982年 | 2室1厅 | 54.39平米 | 南,https://ke-image.ljcdn.com/110000-inspection/pc1_v7Qp1GyD2_1.jpg!m_fill,w_280,h_210,f_jpg?from=ke.com
20240306,朝阳,红庙,101122205346,红庙北里 2室1厅 南 北,350万,55902元/平,底层 (共4层) | 1958年 | 2室1厅 | 62.61平米 | 南 北,https://ke-image.ljcdn.com/110000-inspection/464ef59c-c417-4ae4-895d-589eef132377_1000.jpg!m_fill,w_280,h_210,f_jpg?from=ke.com
20240306,朝阳,红庙,101122160419,延静里中街3号院 西南朝向两居室 视野采光无遮挡,649万,67067元/平,中楼层 (共21层) 2室1厅 | 96.77平米 | 南 西,https://ke-image.ljcdn.com/110000-inspection/98b68775-79a6-4d00-91bd-5b3cac29ca0d_1000.jpg!m_fill,w_280,h_210,f_jpg?from=ke.com
20240306,朝阳,红庙,101122155996,红庙西里 商务区东西通透两居 满五年唯一出售,366万,62597元/平,中楼层 (共14层) 2室1厅 | 58.47平米 | 东 西,https://ke-image.ljcdn.com/110000-inspection/2e4f453c-e4b7-403c-a569-cc966e22e564_1000.jpg!m_fill,w_280,h_210,f_jpg?from=ke.com
20240306,朝阳,红庙,101122155276,金台里精装修两居室带客厅看房方便房主自荐,535万,78665元/平,中楼层 (共16层) | 1993年 | 2室1厅 | 68.01平米 | 南 北,https://ke-image.ljcdn.com/110000-inspection/6cab3318-9703-4ada-88ea-5039a80c03cf_1000.jpg!m_fill,w_280,h_210,f_jpg?from=ke.com
20240306,朝阳,红庙,101122109264,金台路-延静西里朝南中楼层改善型两居室近地铁,479万,68625元/平,中楼层 (共17层) | 1986年 | 2室1厅 | 69.8平米 | 南,https://ke-image.ljcdn.com/110000-inspection/0aef2d9d-be05-4219-a24f-8137dd57d305_1000.jpg!m_fill,w_280,h_210,f_jpg?from=ke.com
20240306,朝阳,红庙,101122096426,人民日报社家属区 带电梯 02年建成 带客厅,715万,95717元/平,低楼层 (共22层) | 2002年 | 2室1厅 | 74.7平米 | 南,https://ke-image.ljcdn.com/110000-inspection/e4efed6b-47f7-4e43-a438-c76d991ad22c_1000.jpg!m_fill,w_280,h_210,f_jpg?from=ke.com
20240306,朝阳,红庙,101122086726,西大望路 南北通透精装修两居室 近地铁小区安静采光好,280万,48502元/平,顶层 (共7层) 2室1厅 | 57.73平米 | 南 北,https://ke-image.ljcdn.com/110000-inspection/67f0d9d5-cf61-4165-b9d6-1308f5dc7123_1000.jpg!m_fill,w_280,h_210,f_jpg?from=ke.com
20240306,朝阳,红庙,101122084055,金台里 1994年 楼龄新 两居室看房方便,345万,59167元/平,高楼层 (共6层) | 1994年 | 2室1厅 | 58.31平米 | 东 西,https://ke-image.ljcdn.com/110000-inspection/c4c782fe-6a85-41ba-ada7-b58a7612481f_1000.jpg!m_fill,w_280,h_210,f_jpg?from=ke.com
20240306,朝阳,红庙,101122037943,慈云寺南向两居 采光好 1998年楼龄房主自荐,475万,59877元/平,中楼层 (共18层) | 1998年 | 2室1厅 | 79.33平米 | 南,https://ke-image.ljcdn.com/110000-inspection/pc1_0Za2DLIS3.jpg!m_fill,w_280,h_210,f_jpg?from=ke.com
20240306,朝阳,红庙,101122030239,呼家楼西里 正南向大两居 满五唯一 公园地铁,428万,63314元/平,中楼层 (共5层) | 1964年 | 2室1厅 | 67.6平米 | 南,https://ke-image.ljcdn.com/110000-inspection/983e85a4-2596-45dc-b90b-2216b892f889_1000.jpg!m_fill,w_280,h_210,f_jpg?from=ke.com
20240306,朝阳,红庙,101122004089,金台路 国贸大望路 南北两居 满五年成本价 产权清晰,310万,55210元/平,低楼层 (共7层) | 1987年 | 2室1厅 | 56.15平米 | 南 北,https://ke-image.ljcdn.com/110000-inspection/pc1_mawggNdmr.jpg!m_fill,w_280,h_210,f_jpg?from=ke.com
20240306,朝阳,红庙,101121950565,呼家楼北街 南北通透 明厨明卫 全明格局正规两居,480万,69788元/平,高楼层 (共6层) | 1988年 | 2室1厅 | 68.78平米 | 南 北,https://ke-image.ljcdn.com/110000-inspection/6dfa5505-de22-4ab4-bcc7-0e90b5f6f2be_1000.jpg!m_fill,w_280,h_210,f_jpg?from=ke.com
20240306,朝阳,红庙,101121944074,国贸CBD 金台路 延静西里 东南向两居 高层 景观视野好,385万,66380元/平,高楼层 (共15层) 2室1厅 | 58平米 | 东南,https://ke-image.ljcdn.com/110000-inspection/4c93eaf5-28fb-48db-876c-858a0a49bf0f_1000.jpg!m_fill,w_280,h_210,f_jpg?from=ke.com
20240306,朝阳,红庙,101121930566,金台里 楼龄新 南北通透  格局方正 随时可看,360万,60945元/平,中楼层 (共4层) | 1994年 | 2室1厅 | 59.07平米 | 南 北,https://ke-image.ljcdn.com/110000-inspection/3ff4262b-a020-4b66-987b-df53a846a04a_1000.jpg!m_fill,w_280,h_210,f_jpg?from=ke.com
20240306,朝阳,红庙,101121921590,西大望路南北通透2居室 采光好 不临街,333万,58289元/平,顶层 (共7层) 2室1厅 | 57.13平米 | 南 北,https://ke-image.ljcdn.com/110000-inspection/ee14dce8-8cc5-46a3-af21-e104cded96d8_1000.jpg!m_fill,w_280,h_210,f_jpg?from=ke.com
20240306,朝阳,红庙,101121904987,延静西里 新上精装高层观景两居 采光棒房主自荐,319万,58662元/平,顶层 (共6层) | 1986年 | 2室1厅 | 54.38平米 | 南 北,https://ke-image.ljcdn.com/110000-inspection/4a68fc6f-289c-4fc4-ab82-d75ecd2ab56b_1000.jpg!m_fill,w_280,h_210,f_jpg?from=ke.com
20240306,朝阳,红庙,101121900770,金台里小区 南北通透客厅带窗 94年楼龄,368万,62299元/平,中楼层 (共5层) | 1993年 | 2室1厅 | 59.07平米 | 南 北,https://ke-image.ljcdn.com/110000-inspection/474c6b16-4bc8-4964-89eb-4e66b95dee33_1000.jpg!m_fill,w_280,h_210,f_jpg?from=ke.com
20240306,朝阳,红庙,101121877847,呼家楼北街 中间楼层 南北通透带正规大客厅两居,410万,76607元/平,低楼层 (共6层) | 1985年 | 2室1厅 | 53.52平米 | 南 北,https://ke-image.ljcdn.com/110000-inspection/pc1_skvcfcAqK.jpg!m_fill,w_280,h_210,f_jpg?from=ke.com
20240306,朝阳,红庙,101121864336,慈云寺东南大客厅精装两居室 全明格局 满五年,459万,64822元/平,中楼层 (共21层) 2室2厅 | 70.81平米 | 东南,https://ke-image.ljcdn.com/110000-inspection/ea7d8ae4-4b68-44cd-83b3-3f64ca418fac_1000.jpg!m_fill,w_280,h_210,f_jpg?from=ke.com
20240306,朝阳,红庙,101121857687,金台路红庙北里全明两居室大阳台近地铁,350万,65642元/平,中楼层 (共5层) | 1977年 | 2室1厅 | 53.32平米 | 南,https://ke-image.ljcdn.com/110000-inspection/d70288a8-88e4-4424-be71-117c2a059b37_1000.jpg!m_fill,w_280,h_210,f_jpg?from=ke.com
20240306,朝阳,红庙,101121843867,呼家楼新街大院 2室1厅 南,420万,102116元/平,中楼层 (共4层) | 1982年 | 2室1厅 | 41.13平米 | 南,https://ke-image.ljcdn.com/110000-inspection/pc1_rzENzwbr9_1.jpg!m_fill,w_280,h_210,f_jpg?from=ke.com
20240306,朝阳,红庙,101121843278,金台里 中间楼层 两居 满五年家庭名下唯一,399万,69731元/平,中楼层 (共6层) | 1982年 | 2室1厅 | 57.22平米 | 东 西,https://ke-image.ljcdn.com/110000-inspection/pc1_saofZ2AR2.jpg!m_fill,w_280,h_210,f_jpg?from=ke.com
20240306,朝阳,红庙,101121837453,红庙北里小区介绍及房屋现状简介,270万,75021元/平,中楼层 (共6层) | 1984年 | 1室1厅 | 35.99平米 | 南,https://ke-image.ljcdn.com/110000-inspection/75663094-fb49-4c65-b459-3f1585468fcf_1000.jpg!m_fill,w_280,h_210,f_jpg?from=ke.com
20240306,朝阳,红庙,101121833737,呼家楼 红庙西里 电梯高层南北三居 满五年 1988年,518万,68302元/平,高楼层 (共16层) | 1988年 | 3室1厅 | 75.84平米 | 南 北,https://ke-image.ljcdn.com/110000-inspection/pc1_OBWVuJUM2.jpg!m_fill,w_280,h_210,f_jpg?from=ke.com
20240306,朝阳,红庙,101121830239,金台路地铁站附近延静西里小区电梯直达小三居诚意出售,450万,63812元/平,中楼层 (共15层) | 1987年 | 3室1厅 | 70.52平米 | 南 北,https://ke-image.ljcdn.com/110000-inspection/pc1_PYFK5L89Q.jpg!m_fill,w_280,h_210,f_jpg?from=ke.com
20240306,朝阳,红庙,101121788218,红庙北里小区环境介绍及此房亮点呈现,450万,67894元/平,中楼层 (共6层) 3室1厅 | 66.28平米 | 西 北,https://ke-image.ljcdn.com/110000-inspection/pc1_SemXXWKGV.jpg!m_fill,w_280,h_210,f_jpg?from=ke.com
20240306,朝阳,红庙,101121784148,呼家楼北街小区 东北经典三居室,538万,73820元/平,中楼层 (共16层) | 1989年 | 3室1厅 | 72.88平米 | 东北,https://ke-image.ljcdn.com/110000-inspection/d0cdde4e-6f21-43e1-8ceb-4360984f6a7c_1000.jpg!m_fill,w_280,h_210,f_jpg?from=ke.com
20240306,朝阳,红庙,101121780419,慈云寺4号楼南北通透两居明厨明卫,345万,56988元/平,高楼层 (共6层) 2室1厅 | 60.54平米 | 南 北,https://ke-image.ljcdn.com/110000-inspection/c5339f29-0cf9-4b65-ac63-754e386a8c04_1000.jpg!m_fill,w_280,h_210,f_jpg?from=ke.com
20240306,朝阳,红庙,101121779616,东三环 呼家楼北街南向两居室 视野棒采光好,486万,70620元/平,高楼层 (共16层) | 1992年 | 2室1厅 | 68.82平米 | 南,https://ke-image.ljcdn.com/110000-inspection/b05092c4-ec33-4ae6-af36-1066da008275_1000.jpg!m_fill,w_280,h_210,f_jpg?from=ke.com
20240306,朝阳,红庙,101121756813,慈云寺小区南向一居采光好无遮挡,286万,60748元/平,顶层 (共16层) | 1986年 | 1室1厅 | 47.08平米 | 南,https://ke-image.ljcdn.com/110000-inspection/pc1_6JwPuROxh.jpg!m_fill,w_280,h_210,f_jpg?from=ke.com
20240306,朝阳,红庙,101121745786,呼家楼北街小区 高层视野好采光好 带大客厅,480万,76070元/平,顶层 (共16层) | 1989年 | 2室1厅 | 63.1平米 | 西南,https://ke-image.ljcdn.com/110000-inspection/0ed6f0ad-42b3-4657-9ce4-3fda39252aa3_1000.jpg!m_fill,w_280,h_210,f_jpg?from=ke.com
20240306,朝阳,红庙,101121744899,红庙北里南向两居室 采光很好 不临街 低楼层,315万,60149元/平,底层 (共5层) | 1978年 | 2室1厅 | 52.37平米 | 南,https://ke-image.ljcdn.com/110000-inspection/a542bce9-c412-4526-bb68-fd8780cdab57_1000.jpg!m_fill,w_280,h_210,f_jpg?from=ke.com
20240306,朝阳,红庙,101121743279,呼家楼北街 南北通透明厨明卫 精装修两居,449万,68321元/平,中楼层 (共6层) | 1987年 | 2室1厅 | 65.72平米 | 南 北,https://ke-image.ljcdn.com/110000-inspection/pc1_eRYbnXAkL.jpg!m_fill,w_280,h_210,f_jpg?from=ke.com
20240306,朝阳,红庙,101121739849,西大望路 东西带客厅带电梯 满五年唯一两居,420万,60190元/平,低楼层 (共16层) | 1989年 | 2室1厅 | 69.78平米 | 东 西,https://ke-image.ljcdn.com/110000-inspection/b8f4f3b6-e785-4c5c-9d0c-ed43c124545c_1000.jpg!m_fill,w_280,h_210,f_jpg?from=ke.com
20240306,朝阳,红庙,101121731188,正规南向一居室不临街业主诚意出售,278万,67905元/平,顶层 (共4层) 2室0厅 | 40.94平米 | 南 北,https://ke-image.ljcdn.com/110000-inspection/2ee16e3a-99d5-477a-9f61-0ceebffb6264_1000.jpg!m_fill,w_280,h_210,f_jpg?from=ke.com
20240306,朝阳,红庙,101121720888,金台北街双南向带电梯两居采光好视野开阔,439万,69080元/平,中楼层 (共14层) 2室1厅 | 63.55平米 | 南,https://ke-image.ljcdn.com/110000-inspection/pc1_OQ4DrC0nX.jpg!m_fill,w_280,h_210,f_jpg?from=ke.com
20240306,朝阳,红庙,101121720030,呼家楼街道 金台北街 精装修 满五年 低成本交易,430万,71799元/平,顶层 (共16层) | 1988年 | 2室1厅 | 59.89平米 | 南,https://ke-image.ljcdn.com/110000-inspection/4e2cdb91-c806-469e-8ac3-00f77a18886a_1000.jpg!m_fill,w_280,h_210,f_jpg?from=ke.com
20240306,朝阳,红庙,101121653387,金台北街小区近地铁周边配套齐全生活方便,430万,69783元/平,低楼层 (共14层) | 1988年 | 2室1厅 | 61.62平米 | 南,https://ke-image.ljcdn.com/110000-inspection/ec1a7d0b-bdf4-4aea-b886-b3886a96de57_1000.jpg!m_fill,w_280,h_210,f_jpg?from=ke.com
20240306,朝阳,红庙,101121648355,呼家楼新苑 带电梯精装两居室 1997年建成 近地铁,580万,68982元/平,顶层 (共20层) | 1997年 | 2室1厅 | 84.08平米 | 西北,https://ke-image.ljcdn.com/110000-inspection/pc1_yYgFrIFLx.jpg!m_fill,w_280,h_210,f_jpg?from=ke.com
20240306,朝阳,红庙,101121647860,央视 呼家楼南向一居室 1998年建成 楼龄新电梯直达,310万,76962元/平,高楼层 (共20层) | 1998年 | 1室1厅 | 40.28平米 | 南,https://ke-image.ljcdn.com/110000-inspection/caeae42e-8b36-4995-8618-8808b53d2d87_1000.jpg!m_fill,w_280,h_210,f_jpg?from=ke.com
20240306,朝阳,红庙,101121644708,慈云寺 2室1厅 南,452万,68022元/平,低楼层 (共22层) | 1992年 | 2室1厅 | 66.45平米 | 南,https://ke-image.ljcdn.com/110000-inspection/9eb54d0a-961e-4279-8fe4-524011ab665d_1000.jpg!m_fill,w_280,h_210,f_jpg?from=ke.com
20240306,朝阳,红庙,101121632046,东三环 呼家楼北街 南向两居室 无遮挡,420万,68628元/平,低楼层 (共14层) | 1986年 | 2室1厅 | 61.2平米 | 南,https://ke-image.ljcdn.com/110000-inspection/cb5afd05-159f-4e84-afd7-8cb0b7bcde1c_1000.jpg!m_fill,w_280,h_210,f_jpg?from=ke.com
20240306,朝阳,红庙,101121631226,呼家楼北街小区 明厨明卫 采光好 近地铁,489万,79772元/平,顶层 (共6层) | 1987年 | 2室1厅 | 61.3平米 | 南,https://ke-image.ljcdn.com/110000-inspection/cefd6e79-fe77-4a8b-bf2f-0779f7a8d74e_1000.jpg!m_fill,w_280,h_210,f_jpg?from=ke.com
20240306,朝阳,红庙,101121627960,红庙北里 南向两居 通透户型 中间楼层 满五年节约费用,350万,62289元/平,中楼层 (共5层) | 1981年 | 2室1厅 | 56.19平米 | 东 南 西,https://ke-image.ljcdn.com/110000-inspection/68fcdcda-df42-44bc-b80c-f194e36d31da_1000.jpg!m_fill,w_280,h_210,f_jpg?from=ke.com
20240306,朝阳,红庙,101121620294,呼家楼金台里 南北三居带客厅 满五唯一 金台路地铁站,459万,60940元/平,底层 (共4层) | 1993年 | 3室1厅 | 75.32平米 | 南 北,https://ke-image.ljcdn.com/110000-inspection/fd63127f-13c5-4bce-b6da-ef13ad77d634_1000.jpg!m_fill,w_280,h_210,f_jpg?from=ke.com
20240306,朝阳,红庙,101121598375,金台路 中间楼层 两居室 诚意出售,336万,63111元/平,中楼层 (共6层) | 1981年 | 2室1厅 | 53.24平米 | 东南,https://ke-image.ljcdn.com/110000-inspection/5ba75c15-9ac2-4792-8f99-a67d84fdd02a_1000.jpg!m_fill,w_280,h_210,f_jpg?from=ke.com
20240306,朝阳,红庙,101121589842,机械学院家属楼精装修明厨明卫一居室房主自荐,310万,69757元/平,高楼层 (共6层) | 1986年 | 1室1厅 | 44.44平米 | 南,https://ke-image.ljcdn.com/110000-inspection/pc1_Q3OQfd8n1.jpg!m_fill,w_280,h_210,f_jpg?from=ke.com
20240306,朝阳,红庙,101121576493,金台里 中间层 大客厅 看房随时,398万,62609元/平,中楼层 (共6层) | 1977年 | 2室1厅 | 63.57平米 | 南 北,https://ke-image.ljcdn.com/110000-inspection/pc1_HBiP00L09.jpg!m_fill,w_280,h_210,f_jpg?from=ke.com
20240306,朝阳,红庙,101121568574,红庙北里 2室1厅 东,295万,59249元/平,顶层 (共5层) | 1975年 | 2室1厅 | 49.79平米 | 东,https://ke-image.ljcdn.com/110000-inspection/pc1_0h7A6tOGE.jpg!m_fill,w_280,h_210,f_jpg?from=ke.com
20240306,朝阳,红庙,101121533038,呼家楼北街小区 近地铁 采光好 双南向两居室,460万,66455元/平,低楼层 (共16层) | 1985年 | 2室1厅 | 69.22平米 | 南,https://ke-image.ljcdn.com/110000-inspection/pc1_8oWqYW3bz.jpg!m_fill,w_280,h_210,f_jpg?from=ke.com
20240306,朝阳,红庙,101121518192,呼家楼金台里首经贸家属楼南北通透小居室,349万,54952元/平,顶层 (共6层) | 1977年 | 3室0厅 | 63.51平米 | 南 北,https://ke-image.ljcdn.com/110000-inspection/e7f77ac5-f5ec-4a5d-a957-fe1680ae68aa_1000.jpg!m_fill,w_280,h_210,f_jpg?from=ke.com
20240306,朝阳,红庙,101121496888,呼家楼新苑两居室楼龄新位置好交通便利,335万,65100元/平,低楼层 (共20层) | 1998年 | 2室1厅 | 51.46平米 | 西北,https://ke-image.ljcdn.com/110000-inspection/a6e810c3-6abc-48aa-86f9-9182ed5009ba_1000.jpg!m_fill,w_280,h_210,f_jpg?from=ke.com
20240306,朝阳,红庙,101121476865,金台路 红庙北里南向带电梯一居室 不临街,270万,61253元/平,低楼层 (共16层) | 1985年 | 1室1厅 | 44.08平米 | 南,https://ke-image.ljcdn.com/110000-inspection/pc1_7h6KTytxH.jpg!m_fill,w_280,h_210,f_jpg?from=ke.com
20240306,朝阳,红庙,101121446303,慈云寺小区 正规两居室 视野采光无遮挡,363万,60090元/平,中楼层 (共18层) 2室1厅 | 60.41平米 | 西,https://ke-image.ljcdn.com/110000-inspection/620c4dc4-62da-427a-ba3f-e1e02e7d5f34_1000.jpg!m_fill,w_280,h_210,f_jpg?from=ke.com
20240306,朝阳,红庙,101121445200,金台里  1994年建成  南北通透两居室中低楼层,368万,62299元/平,中楼层 (共4层) | 1994年 | 2室1厅 | 59.07平米 | 南 北,https://ke-image.ljcdn.com/110000-inspection/7b9f5dcf-918e-425c-92f9-2ae853e6df4a_1000.jpg!m_fill,w_280,h_210,f_jpg?from=ke.com
20240306,朝阳,红庙,101121428904,金台里楼龄新电梯不临街把边户型,571万,86046元/平,高楼层 (共16层) 2室1厅 | 66.36平米 | 东南,https://ke-image.ljcdn.com/110000-inspection/b2fedf26-8215-46a7-878a-a2c3f3319ba8_1000.jpg!m_fill,w_280,h_210,f_jpg?from=ke.com
20240306,朝阳,红庙,101121424106,慈云寺 CBD商务区 南向中间楼层 带电梯 70年产权,189万,78915元/平,中楼层 (共6层) | 1991年 | 1室0厅 | 23.95平米 | 南,https://ke-image.ljcdn.com/110000-inspection/pc1_fZZP0Uc7d.jpg!m_fill,w_280,h_210,f_jpg?from=ke.com
20240306,朝阳,红庙,101121393510,红庙北里 金台里大望路 低楼层一居 看房随时,290万,71359元/平,低楼层 (共6层) | 1984年 | 1室1厅 | 40.64平米 | 东,https://ke-image.ljcdn.com/110000-inspection/25bd0812-2897-4647-b128-80d62d6e7444_1000.jpg!m_fill,w_280,h_210,f_jpg?from=ke.com
20240306,朝阳,红庙,101121393147,呼家楼金台里 满五唯一 南北两居带客厅 地铁6 14号线,398万,62668元/平,中楼层 (共6层) | 1977年 | 2室1厅 | 63.51平米 | 南 北,https://ke-image.ljcdn.com/110000-inspection/bdb67550-07d9-4825-8a34-34c74c8b2143_1000.jpg!m_fill,w_280,h_210,f_jpg?from=ke.com
20240306,朝阳,红庙,101121386291,东区国际 层高2.83米 小区人车分流,889万,60390元/平,高楼层 (共29层) 2室1厅 | 147.21平米 | 东 北,https://ke-image.ljcdn.com/110000-inspection/9466c326-66a8-4f74-8929-81f64ec1bbb6_1000.jpg!m_fill,w_280,h_210,f_jpg?from=ke.com
20240306,朝阳,红庙,101121382417,满五年近地铁钢混带电梯诚意出售房主自荐,305万,77846元/平,低楼层 (共16层) 1室1厅 | 39.18平米 | 南,https://ke-image.ljcdn.com/110000-inspection/pc1_ZFG7xMv5r.jpg!m_fill,w_280,h_210,f_jpg?from=ke.com
20240306,朝阳,红庙,101121376404,新上！禧瑞都东南向三居室保养好采光好满五唯一,2050万,119792元/平,低楼层 (共28层) | 2010年 | 3室1厅 | 171.13平米 | 东南,https://ke-image.ljcdn.com/110000-inspection/9e3abeaa-a243-4ef3-92c8-a68a1c6292dd_1000.jpg!m_fill,w_280,h_210,f_jpg?from=ke.com
20240306,朝阳,红庙,101121367259,红庙北里 地铁附近 东西通透两居室房主自荐,320万,56269元/平,高楼层 (共6层) | 1984年 | 2室1厅 | 56.87平米 | 东 西,https://ke-image.ljcdn.com/110000-inspection/pc1_65smkB2iI_1.jpg!m_fill,w_280,h_210,f_jpg?from=ke.com
20240306,朝阳,红庙,101121335762,慈云寺 97年钢混楼 南北通透精装 大客厅带阳台房主自荐,455万,63941元/平,底层 (共6层) 2室1厅 | 71.16平米 | 南 北,https://ke-image.ljcdn.com/110000-inspection/pc1_dQqrDMfCu.jpg!m_fill,w_280,h_210,f_jpg?from=ke.com
20240306,朝阳,红庙,101121318966,金台里 首经贸大学家属楼高层一室一厅,420万,62668元/平,顶层 (共21层) | 2002年 | 1室1厅 | 67.02平米 | 南,https://ke-image.ljcdn.com/110000-inspection/c5cde1d2-144f-4121-a3b6-2d53303461b9_1000.jpg!m_fill,w_280,h_210,f_jpg?from=ke.com
20240306,朝阳,红庙,101121304788,慈云寺 1室0厅 南房主自荐,209万,79985元/平,中楼层 (共6层) 1室0厅 | 26.13平米 | 南,https://ke-image.ljcdn.com/110000-inspection/pc1_9sBd504Yi.jpg!m_fill,w_280,h_210,f_jpg?from=ke.com
20240306,朝阳,红庙,101121296438,慈云寺精装两居带客厅高楼层视野好,388万,58593元/平,高楼层 (共22层) 2室1厅 | 66.22平米 | 东 北,https://ke-image.ljcdn.com/110000-inspection/2b7d33a1-e830-4f2b-9d28-621e90b9d99c_1000.jpg!m_fill,w_280,h_210,f_jpg?from=ke.com
20240306,朝阳,红庙,101121273329,人民日报社家属区 一层两居室 价格可谈,550万,86533元/平,底层 (共6层) | 1979年 | 2室1厅 | 63.56平米 | 南 北,https://ke-image.ljcdn.com/110000-inspection/9c51fef9-fd42-452b-baa7-dbc8a2fedbdb_1000.jpg!m_fill,w_280,h_210,f_jpg?from=ke.com
20240306,朝阳,红庙,101121265277,金台里 南北通透两居室 低楼层 近地铁,375万,66220元/平,底层 (共6层) | 1987年 | 2室1厅 | 56.63平米 | 南 北,https://ke-image.ljcdn.com/110000-inspection/pc1_aJWvmoSKf.jpg!m_fill,w_280,h_210,f_jpg?from=ke.com
20240306,朝阳,红庙,101121264567,2002年三面朝南两梯四户首经贸大学家属楼,442万,61076元/平,低楼层 (共14层) | 2002年 | 2室1厅 | 72.37平米 | 南,https://ke-image.ljcdn.com/110000-inspection/2860457a-cb2c-4f1a-b054-a85754b83b36_1000.jpg!m_fill,w_280,h_210,f_jpg?from=ke.com
20240306,朝阳,红庙,101121246396,红庙北里 中间楼层 明厨明卫全明格局 满五唯一 钥匙房房主自荐,320万,58534元/平,中楼层 (共5层) | 1977年 | 2室1厅 | 54.67平米 | 南 北,https://ke-image.ljcdn.com/110000-inspection/6590f837-6862-4dde-8403-2d9b51ee2730_1000.jpg!m_fill,w_280,h_210,f_jpg?from=ke.com
20240306,朝阳,红庙,101121239742,慈云寺 南北通透两居室 业主诚意卖 精装修没入住,290万,47903元/平,顶层 (共6层) | 1986年 | 2室1厅 | 60.54平米 | 南 北,https://ke-image.ljcdn.com/110000-inspection/a24a9286-1c96-44de-a826-ee870f8c5da3_1000.jpg!m_fill,w_280,h_210,f_jpg?from=ke.com
20240306,朝阳,红庙,101121230065,呼家楼北街 中高楼层 带正规大客厅两居 视野采光好,480万,74942元/平,中楼层 (共16层) | 1988年 | 2室1厅 | 64.05平米 | 东南,https://ke-image.ljcdn.com/110000-inspection/pc1_XSOUIoZby.jpg!m_fill,w_280,h_210,f_jpg?from=ke.com
20240306,朝阳,红庙,101121219035,人民日报社家属区新楼高层无遮挡,810万,108362元/平,高楼层 (共22层) | 2002年 | 2室1厅 | 74.75平米 | 西南,https://ke-image.ljcdn.com/110000-inspection/29f8b3bb-7447-42ae-8fc1-965615b4ed0f_1000.jpg!m_fill,w_280,h_210,f_jpg?from=ke.com
20240306,朝阳,红庙,101121202350,国贸央视旁高楼层视野好采光好呼家楼新苑三居室,499万,76900元/平,高楼层 (共20层) 3室1厅 | 64.89平米 | 东南,https://ke-image.ljcdn.com/110000-inspection/pc1_EV7qdz0uc.jpg!m_fill,w_280,h_210,f_jpg?from=ke.com
20240306,朝阳,红庙,101121139089,呼家楼北街 双南明厨明卫两居 视野采光好,395万,67637元/平,顶层 (共6层) | 1987年 | 2室1厅 | 58.4平米 | 南,https://ke-image.ljcdn.com/110000-inspection/pc1_rCMwNU9Ha.jpg!m_fill,w_280,h_210,f_jpg?from=ke.com
20240306,朝阳,红庙,101121138015,慈云寺 南北通透三居室 采光视野无遮挡,355万,51080元/平,高楼层 (共6层) | 1979年 | 3室1厅 | 69.5平米 | 南 北,https://ke-image.ljcdn.com/110000-inspection/pc1_ynA5PVwgr_1.jpg!m_fill,w_280,h_210,f_jpg?from=ke.com
20240306,朝阳,红庙,101121130151,金台里楼龄新带客厅两居室 中间层房主自荐,376万,61996元/平,低楼层 (共7层) | 1993年 | 2室1厅 | 60.65平米 | 南 北,https://ke-image.ljcdn.com/110000-inspection/e14e0cda-1102-4ec0-8ca9-3624aebff9fc_1000.jpg!m_fill,w_280,h_210,f_jpg?from=ke.com
20240306,朝阳,红庙,101121119018,呼家楼北街 经典三居室 采光好,499万,68357元/平,中楼层 (共16层) | 1987年 | 3室1厅 | 73平米 | 西北,https://ke-image.ljcdn.com/110000-inspection/pc1_3Ll7GXl0D_1.jpg!m_fill,w_280,h_210,f_jpg?from=ke.com
20240306,朝阳,红庙,101121118504,东三环 央视旁 呼家楼北街 正规南向一居室 户型方正。房主自荐,340万,73498元/平,顶层 (共6层) | 1987年 | 1室1厅 | 46.26平米 | 南,https://ke-image.ljcdn.com/110000-inspection/71bbbc29-a01d-4baa-9459-d043869b0d61_1000.jpg!m_fill,w_280,h_210,f_jpg?from=ke.com
20240306,朝阳,红庙,101121104029,呼家楼北街 满五唯一 高楼层 带正规客厅两居,475万,74161元/平,顶层 (共16层) | 1989年 | 2室1厅 | 64.05平米 | 东南,https://ke-image.ljcdn.com/110000-inspection/7b6dc239-6d11-49e6-a4be-87555a563a73_1000.jpg!m_fill,w_280,h_210,f_jpg?from=ke.com
20240306,朝阳,红庙,101121089773,延静西里 金台路地铁南北通透中高层三居室,499万,70761元/平,中楼层 (共15层) | 1987年 | 3室1厅 | 70.52平米 | 南 北,https://ke-image.ljcdn.com/110000-inspection/33c06c1a-defa-43b1-a389-4328fb841f7b_1000.jpg!m_fill,w_280,h_210,f_jpg?from=ke.com
20240306,朝阳,红庙,101121072907,红庙北里 优惠价两居 南北通透 房龄新1990年,260万,49704元/平,底层 (共7层) | 1990年 | 2室1厅 | 52.31平米 | 南 北,https://ke-image.ljcdn.com/110000-inspection/pc1_DtPzQcODw.jpg!m_fill,w_280,h_210,f_jpg?from=ke.com
20240306,朝阳,红庙,101121071986,金台里 3室1厅 东南 北,450万,64795元/平,中楼层 (共16层) | 1993年 | 3室1厅 | 69.45平米 | 东南 北,https://ke-image.ljcdn.com/110000-inspection/92226610-a67e-485a-8100-a7db69503066_1000.jpg!m_fill,w_280,h_210,f_jpg?from=ke.com
20240306,朝阳,红庙,101121069403,呼家楼金台北街 1988年 电梯直达 南北三居 满五年房主自荐,628万,68447元/平,低楼层 (共14层) | 1988年 | 3室1厅 | 91.75平米 | 南 北,https://ke-image.ljcdn.com/110000-inspection/pc1_osrFTXAGY.jpg!m_fill,w_280,h_210,f_jpg?from=ke.com
20240306,朝阳,红庙,101121053280,慈云寺 满五年有钥匙 南北通透随时看房,340万,56152元/平,中楼层 (共14层) | 1983年 | 2室1厅 | 60.55平米 | 南 北,https://ke-image.ljcdn.com/110000-inspection/pc1_833WCuEFX.jpg!m_fill,w_280,h_210,f_jpg?from=ke.com
20240306,朝阳,红庙,101121052796,金台里南北通透两居室采光好明厨明卫,399万,67116元/平,顶层 (共6层) | 1980年 | 2室1厅 | 59.45平米 | 南 北,https://ke-image.ljcdn.com/110000-inspection/pc1_EHJctJSOT.jpg!m_fill,w_280,h_210,f_jpg?from=ke.com
20240306,朝阳,红庙,101121049599,东四环远洋 慈云寺 南北三居 20万精装修 满五唯一,395万,57172元/平,顶层 (共6层) 3室1厅 | 69.09平米 | 东 南 北,https://ke-image.ljcdn.com/110000-inspection/pc1_fzeFTBjFU.jpg!m_fill,w_280,h_210,f_jpg?from=ke.com
20240306,朝阳,红庙,101121041047,金台北街 满五唯一两居室 精装修 看房方便,449万,74585元/平,低楼层 (共16层) | 1987年 | 2室1厅 | 60.2平米 | 南 北,https://ke-image.ljcdn.com/110000-inspection/pc1_ezePKTYsN.jpg!m_fill,w_280,h_210,f_jpg?from=ke.com
20240306,朝阳,红庙,101121038523,慈云寺 满五年唯一 南向中间楼层房主自荐,219万,58152元/平,中楼层 (共6层) 1室1厅 | 37.66平米 | 南,https://ke-image.ljcdn.com/110000-inspection/5fd9ba66-dc09-452b-9df3-d0668214d3e8_1000.jpg!m_fill,w_280,h_210,f_jpg?from=ke.com
20240306,朝阳,红庙,101121033659,慈云寺 明厅大两居 户型好 楼龄新,419万,52083元/平,高楼层 (共18层) 2室1厅 | 80.45平米 | 东北,https://ke-image.ljcdn.com/110000-inspection/fa5de2f8-ddf7-4661-9827-ef688208725c_1000.jpg!m_fill,w_280,h_210,f_jpg?from=ke.com
20240306,朝阳,红庙,101121010500,金台里小区 正规三室 楼龄新 小区安静 带大储物间,668万,69627元/平,顶层 (共16层) 3室1厅 | 95.94平米 | 东 南 北,https://ke-image.ljcdn.com/110000-inspection/165991bf-e80c-4455-9e25-8890c89a728e_1000.jpg!m_fill,w_280,h_210,f_jpg?from=ke.com
20240306,朝阳,红庙,101120994031,华业玫瑰东方 两梯两户 南北通透 满五唯一 有产权车位,1290万,89447元/平,低楼层 (共18层) 3室1厅 | 144.22平米 | 南 北,https://ke-image.ljcdn.com/110000-inspection/69ae4c71-5a52-498f-b670-5df3697e322c_1000.jpg!m_fill,w_280,h_210,f_jpg?from=ke.com
20240306,朝阳,红庙,101120989830,人民日报社家属区 电梯直达 南向一居 满五央产,425万,96591元/平,高楼层 (共16层) | 1991年 | 1室1厅 | 44平米 | 南,https://ke-image.ljcdn.com/110000-inspection/pc1_oNl8Ov6SL.jpg!m_fill,w_280,h_210,f_jpg?from=ke.com
20240306,朝阳,红庙,101120988540,呼家楼 团结湖 南北通透 明厨明卫 一居室房主自荐,387万,79109元/平,低楼层 (共14层) | 1986年 | 1室1厅 | 48.92平米 | 南 北,https://ke-image.ljcdn.com/110000-inspection/pc1_1JrKR6JYz.jpg!m_fill,w_280,h_210,f_jpg?from=ke.com
20240306,朝阳,红庙,101120987373,此房南北通透近地铁满五唯一配套齐全,359万,62219元/平,底层 (共6层) | 1984年 | 2室1厅 | 57.7平米 | 南 北,https://ke-image.ljcdn.com/110000-inspection/pc1_jg6tSdpB0.jpg!m_fill,w_280,h_210,f_jpg?from=ke.com
20240306,朝阳,红庙,101120979077,教委家属楼 单独物业管理 央视旁 南向两居室,351万,63096元/平,顶层 (共6层) | 1987年 | 2室1厅 | 55.63平米 | 南,https://ke-image.ljcdn.com/110000-inspection/2925c210-1671-453e-af81-a77c7c313525_1000.jpg!m_fill,w_280,h_210,f_jpg?from=ke.com
20240306,朝阳,红庙,101120978405,红庙北里小区情况介绍以及房屋状况说明,389万,54406元/平,高楼层 (共6层) | 1982年 | 3室1厅 | 71.5平米 | 东 西北,https://ke-image.ljcdn.com/110000-inspection/b875e9ce-fa4f-4456-88e5-08182fdd989f_1000.jpg!m_fill,w_280,h_210,f_jpg?from=ke.com
20240306,朝阳,红庙,101120969413,慈云寺南向 6层本楼带电梯 满五年唯一,170万,70277元/平,低楼层 (共6层) | 1991年 | 1室0厅 | 24.19平米 | 南,https://ke-image.ljcdn.com/110000-inspection/pc1_xuMRbhqcv.jpg!m_fill,w_280,h_210,f_jpg?from=ke.com
20240306,朝阳,红庙,101120955602,呼家楼南里楼龄新两居室中国海关家属楼,630万,72223元/平,高楼层 (共6层) | 1996年 | 2室1厅 | 87.23平米 | 南 北,https://ke-image.ljcdn.com/110000-inspection/pc1_Xx0skjBKV_1.jpg!m_fill,w_280,h_210,f_jpg?from=ke.com
20240306,朝阳,红庙,101120949910,东三环呼家楼北街朝南全明格局精装一居诚意出售房主自荐,370万,71209元/平,低楼层 (共16层) | 1992年 | 1室1厅 | 51.96平米 | 南,https://ke-image.ljcdn.com/110000-inspection/1b360bc4-f258-48c0-a517-5420f7d98503_1000.jpg!m_fill,w_280,h_210,f_jpg?from=ke.com
20240306,朝阳,红庙,101120947959,金台北街 金台路国贸团结湖 电梯直达 高楼层满五唯一,438万,73503元/平,高楼层 (共16层) | 1985年 | 2室1厅 | 59.59平米 | 南,https://ke-image.ljcdn.com/110000-inspection/pc1_lQGg7c6Ke_1.jpg!m_fill,w_280,h_210,f_jpg?from=ke.com
20240306,朝阳,红庙,101120937003,红庙北里小区情况介绍以及房屋状况,275万,55266元/平,底层 (共3层) | 1960年 | 2室1厅 | 49.76平米 | 西北,https://ke-image.ljcdn.com/110000-inspection/pc1_DVaSxbNpw.jpg!m_fill,w_280,h_210,f_jpg?from=ke.com
20240306,朝阳,红庙,101120926495,呼家楼新苑钢混结构次新房直观中国尊采光好,488万,75205元/平,低楼层 (共20层) | 1998年 | 3室1厅 | 64.89平米 | 东南,https://ke-image.ljcdn.com/110000-inspection/pc1_9eFL2ldp4.jpg!m_fill,w_280,h_210,f_jpg?from=ke.com
20240306,朝阳,红庙,101120923820,延静西里 金台路地铁精装小两居,348万,61182元/平,中楼层 (共17层) | 1990年 | 2室1厅 | 56.88平米 | 西北,https://ke-image.ljcdn.com/110000-inspection/bfdc63b3-c8e6-4627-8523-9daeb23d3cf1_1000.jpg!m_fill,w_280,h_210,f_jpg?from=ke.com
20240306,朝阳,红庙,101120910110,交通部延静西里  明厨明卫  精装修 双地铁300米房主自荐,345万,53564元/平,低楼层 (共15层) 2室1厅 | 64.41平米 | 东北,https://ke-image.ljcdn.com/110000-inspection/3dbb7712-c022-4ddf-acfe-d4d8b913f547_1000.jpg!m_fill,w_280,h_210,f_jpg?from=ke.com
20240306,朝阳,红庙,101120908061,柴家湾南向一居采光充足安静宜居,260万,73676元/平,中楼层 (共5层) 1室1厅 | 35.29平米 | 南,https://ke-image.ljcdn.com/110000-inspection/pc1_wV7xwL4EP.jpg!m_fill,w_280,h_210,f_jpg?from=ke.com
20240306,朝阳,红庙,101120905449,红庙西里南向一居室满五年唯一随时签约,283万,72435元/平,底层 (共18层) | 1992年 | 1室1厅 | 39.07平米 | 南,https://ke-image.ljcdn.com/110000-inspection/baa2cb10-4291-4699-bb84-255300955de5_1000.jpg!m_fill,w_280,h_210,f_jpg?from=ke.com
20240306,朝阳,红庙,101120904323,红庙北里  南向一居室 电梯楼  无遮挡,288万,58112元/平,中楼层 (共18层) | 1989年 | 1室1厅 | 49.56平米 | 南,https://ke-image.ljcdn.com/110000-inspection/6d164220-3628-40ad-86d0-f8db81892f1c_1000.jpg!m_fill,w_280,h_210,f_jpg?from=ke.com
20240306,朝阳,红庙,101120895528,慈云寺南向两居室 精装修 采光好,420万,61802元/平,低楼层 (共16层) | 1986年 | 2室1厅 | 67.96平米 | 南,https://ke-image.ljcdn.com/110000-inspection/13d25ff9-b8f0-4c3e-b25c-7f57fa9cb70d_1000.jpg!m_fill,w_280,h_210,f_jpg?from=ke.com
20240306,朝阳,红庙,101120887511,延静里中街 3室1厅 南 北,498万,59188元/平,中楼层 (共6层) 3室1厅 | 84.14平米 | 南 北,https://ke-image.ljcdn.com/110000-inspection/36b89f54-d060-43dc-a051-5c7598487cf8_1000.jpg!m_fill,w_280,h_210,f_jpg?from=ke.com
20240306,朝阳,红庙,101120886889,红北社区住宅小区房屋及周边环境介绍房主自荐,345万,59617元/平,低楼层 (共16层) | 1985年 | 2室1厅 | 57.87平米 | 东北,https://ke-image.ljcdn.com/110000-inspection/pc1_GnHrBcdNc.jpg!m_fill,w_280,h_210,f_jpg?from=ke.com
20240306,朝阳,红庙,101120874749,慈云寺南向一居室 精装修 高楼层 供暖好,270万,66634元/平,高楼层 (共14层) | 1983年 | 1室1厅 | 40.52平米 | 南,https://ke-image.ljcdn.com/110000-inspection/7cb7e85f-c050-476c-9f5d-57f2e834e178_1000.jpg!m_fill,w_280,h_210,f_jpg?from=ke.com
20240306,朝阳,红庙,101120871774,慈云寺南北通透三居室 户型好 业主诚意出售,399万,55073元/平,底层 (共6层) | 1991年 | 3室1厅 | 72.45平米 | 南 北,https://ke-image.ljcdn.com/110000-inspection/16554490-8b88-4aa7-aa74-e50045f637c7_1000.jpg!m_fill,w_280,h_210,f_jpg?from=ke.com
20240306,朝阳,红庙,101120845932,金台里南北通透带电梯一居室楼龄新电梯直达,360万,86187元/平,中楼层 (共16层) | 1991年 | 1室1厅 | 41.77平米 | 南 北,https://ke-image.ljcdn.com/110000-inspection/pc1_EKlzsNa2X.jpg!m_fill,w_280,h_210,f_jpg?from=ke.com
20240306,朝阳,红庙,101120814001,金台里两居室精装修采光好无遮挡,600万,89526元/平,高楼层 (共21层) | 2002年 | 2室1厅 | 67.02平米 | 东南,https://ke-image.ljcdn.com/110000-inspection/28998e49-e6f2-424a-894a-5648fc3f398f_1000.jpg!m_fill,w_280,h_210,f_jpg?from=ke.com
20240306,朝阳,红庙,101120811809,东三环 央视旁 高层带电梯两居室 带两个大阳台房主自荐,460万,66455元/平,中楼层 (共16层) 2室1厅 | 69.22平米 | 南,https://ke-image.ljcdn.com/110000-inspection/c58bf0f4-0532-41ab-85ba-ef33f185b502_1000.jpg!m_fill,w_280,h_210,f_jpg?from=ke.com
20240306,朝阳,红庙,101120803833,红庙北里朝南一居 视野采光好 下楼就是地铁,305万,61542元/平,中楼层 (共18层) 1室1厅 | 49.56平米 | 南 北,https://ke-image.ljcdn.com/110000-inspection/2c9b5bf2-c0bc-4ccd-96af-1c8b492f3710_1000.jpg!m_fill,w_280,h_210,f_jpg?from=ke.com
20240306,朝阳,红庙,101120803168,此房满五年且家庭名下只有一套房费用低,430万,62121元/平,低楼层 (共16层) | 1988年 | 2室1厅 | 69.22平米 | 南 北,https://ke-image.ljcdn.com/110000-inspection/2a376013-9c0d-42fe-a7ef-1be56f2b69da_1000.jpg!m_fill,w_280,h_210,f_jpg?from=ke.com
20240306,朝阳,红庙,101120789808,华业玫瑰东方新上3居室满五唯一格局好诚意签约,1430万,99548元/平,高楼层 (共18层) | 2006年 | 3室1厅 | 143.65平米 | 南 北,https://ke-image.ljcdn.com/110000-inspection/pc1_TXjwOJn2l.jpg!m_fill,w_280,h_210,f_jpg?from=ke.com
20240306,朝阳,红庙,101120788758,慈云寺视野好采光好户型好管理好小两居房主自荐,299万,57823元/平,高楼层 (共6层) | 1986年 | 2室1厅 | 51.71平米 | 西北,https://ke-image.ljcdn.com/110000-inspection/b3884d56-ad7a-4c6e-9f9f-e61d9be75dd8_1000.jpg!m_fill,w_280,h_210,f_jpg?from=ke.com
20240306,朝阳,红庙,101120760021,红庙北里 带客厅两居 中间楼层 业主诚意出售 有地铁,304万,56632元/平,中楼层 (共6层) | 1981年 | 2室1厅 | 53.68平米 | 东 西,https://ke-image.ljcdn.com/110000-inspection/a1241abf-f66e-4bc4-a4bd-18361a776bd9_1000.jpg!m_fill,w_280,h_210,f_jpg?from=ke.com
20240306,朝阳,红庙,101120747687,红庙北里正规两居室 带阳台 带小客厅,299万,54344元/平,低楼层 (共6层) | 1982年 | 2室1厅 | 55.02平米 | 西北,https://ke-image.ljcdn.com/110000-inspection/cc795580-265f-4293-ac63-d895981fc546_1000.jpg!m_fill,w_280,h_210,f_jpg?from=ke.com
20240306,朝阳,红庙,101120717970,南北通透双阳台 钢混结构 装修好,368万,56339元/平,中楼层 (共6层) | 1982年 | 2室1厅 | 65.32平米 | 南 北,https://ke-image.ljcdn.com/110000-inspection/pc1_IqspCrvUh.jpg!m_fill,w_280,h_210,f_jpg?from=ke.com
20240306,朝阳,红庙,101120670842,金台路红庙北里 电梯直达一居室 高层无遮挡,305万,61542元/平,中楼层 (共18层) 1室1厅 | 49.56平米 | 南,https://ke-image.ljcdn.com/110000-inspection/678a844c-ac5c-4d9d-9b49-649838a1ed04_1000.jpg!m_fill,w_280,h_210,f_jpg?from=ke.com
20240306,朝阳,红庙,101120661313,金台里 满五唯一 南向两居 交通方便,310万,55887元/平,顶层 (共6层) | 1977年 | 2室1厅 | 55.47平米 | 南,https://ke-image.ljcdn.com/110000-inspection/8ae696c8-064c-4bcc-b017-001991a8553f_1000.jpg!m_fill,w_280,h_210,f_jpg?from=ke.com
20240306,朝阳,红庙,101120606673,慈云寺 南北通楼精装修小户型两居室房主自荐,251万,46276元/平,顶层 (共6层) 2室1厅 | 54.24平米 | 南 北,https://ke-image.ljcdn.com/110000-inspection/a60dbf90-b6a6-4ebd-88d8-667504533816_1000.jpg!m_fill,w_280,h_210,f_jpg?from=ke.com
20240306,朝阳,红庙,101120599512,此房满五唯一钢混结构明厨明卫精装修,405万,66047元/平,顶层 (共6层) | 1984年 | 2室1厅 | 61.32平米 | 南 北,https://ke-image.ljcdn.com/110000-inspection/9cd4add0-f352-4229-a595-452bf5ea91ab_1000.jpg!m_fill,w_280,h_210,f_jpg?from=ke.com
20240306,朝阳,红庙,101120571360,红庙北里 中间楼层 南北通透三居 满五年 看房提前约,398万,57723元/平,中楼层 (共7层) | 1987年 | 3室1厅 | 68.95平米 | 南 北,https://ke-image.ljcdn.com/110000-inspection/pc1_wFZNI7AcG.jpg!m_fill,w_280,h_210,f_jpg?from=ke.com
20240306,朝阳,红庙,101120568508,金台里田字格户型南北通透明厨明卫配套成熟,580万,69395元/平,高楼层 (共6层) | 1984年 | 3室1厅 | 83.58平米 | 南 北 西,https://ke-image.ljcdn.com/110000-inspection/bc80632a-3b69-4b49-b40d-de8aa496c50a_1000.jpg!m_fill,w_280,h_210,f_jpg?from=ke.com
20240306,朝阳,红庙,101120561456,延静里中街小区 南北通透两居室,280万,50207元/平,顶层 (共5层) | 1979年 | 2室1厅 | 55.77平米 | 南 北,https://ke-image.ljcdn.com/110000-inspection/6a0e28bd-4964-4690-b82e-a1f883ef119a_1000.jpg!m_fill,w_280,h_210,f_jpg?from=ke.com
20240306,朝阳,红庙,101120558261,呼家楼金台里新楼电梯直达 视野好户型方正,335万,71141元/平,中楼层 (共12层) | 1992年 | 1室1厅 | 47.09平米 | 南,https://ke-image.ljcdn.com/110000-inspection/e55f1b63-4401-4256-acd8-a860bc16a06d_1000.jpg!m_fill,w_280,h_210,f_jpg?from=ke.com
20240306,朝阳,红庙,101120527935,柴家湾小区 6号线14号线 22号线诚意出售看房方便房主自荐,300万,60668元/平,顶层 (共6层) 2室1厅 | 49.45平米 | 南 北,https://ke-image.ljcdn.com/110000-inspection/f436e542-7598-484b-88b2-f91d1de5425d_1000.jpg!m_fill,w_280,h_210,f_jpg?from=ke.com
20240306,朝阳,红庙,101120514809,红庙北里南北通透两居室 小区环境好,345万,61301元/平,高楼层 (共6层) | 1985年 | 2室1厅 | 56.28平米 | 南 北,https://ke-image.ljcdn.com/110000-inspection/ef6d61c9-682a-4a50-a84f-d4ebf24a8064_1000.jpg!m_fill,w_280,h_210,f_jpg?from=ke.com
20240306,朝阳,红庙,101120507339,延静里中街3号院 优质4居室 安静不临街,980万,63575元/平,中楼层 (共21层) 4室1厅 | 154.15平米 | 东南 北,https://ke-image.ljcdn.com/110000-inspection/102e0f3d-6a7e-4a9f-85e4-171d1e90fab9_1000.jpg!m_fill,w_280,h_210,f_jpg?from=ke.com
20240306,朝阳,红庙,101120503531,慈云寺南北通透三居 采光视野无遮挡,468万,61482元/平,顶层 (共14层) | 1983年 | 3室1厅 | 76.12平米 | 南 北,https://ke-image.ljcdn.com/110000-inspection/pc1_pOm1sMfe2_1.jpg!m_fill,w_280,h_210,f_jpg?from=ke.com
20240306,朝阳,红庙,101120488468,金台路国贸CBD 电梯房南向两居 满五唯一 无遮挡采光好,365万,65471元/平,高楼层 (共15层) | 1987年 | 2室1厅 | 55.75平米 | 南,https://ke-image.ljcdn.com/110000-inspection/e542b1c7-5edf-438b-bbc2-d05cf1469235_1000.jpg!m_fill,w_280,h_210,f_jpg?from=ke.com
20240306,朝阳,红庙,101120479550,呼家楼北街 南北通透 精装修两居室房主自荐,399万,61103元/平,顶层 (共6层) | 1987年 | 2室1厅 | 65.3平米 | 南 北,https://ke-image.ljcdn.com/110000-inspection/149c7a4e-4992-455f-9c7f-72f9479e806a_1000.jpg!m_fill,w_280,h_210,f_jpg?from=ke.com
20240306,朝阳,红庙,101120473743,呼家楼北街全明格局精装一居 1992年钢混 近地铁,310万,75629元/平,中楼层 (共16层) | 1992年 | 1室1厅 | 40.99平米 | 东北,https://ke-image.ljcdn.com/110000-inspection/pc1_ee6AQMtEv_1.jpg!m_fill,w_280,h_210,f_jpg?from=ke.com
20240306,朝阳,红庙,101120407823,金台里大户型东南三居管理好近地铁,680万,55766元/平,低楼层 (共15层) | 1991年 | 3室1厅 | 121.94平米 | 东南,https://ke-image.ljcdn.com/110000-inspection/875fc438-2f1c-40c7-9397-ec5084cd33be_1000.jpg!m_fill,w_280,h_210,f_jpg?from=ke.com
20240306,朝阳,红庙,101120405711,东三环CBD央视旁呼家楼北街高楼层两居室,650万,93796元/平,中楼层 (共16层) | 1986年 | 2室1厅 | 69.3平米 | 南,https://ke-image.ljcdn.com/110000-inspection/dab51253-1b72-4cd8-a97e-3ec603b6654a_1000.jpg!m_fill,w_280,h_210,f_jpg?from=ke.com
20240306,朝阳,红庙,101120381276,红庙西里方正三居电梯直达满五年无浪费面积,510万,61262元/平,高楼层 (共14层) | 1990年 | 3室1厅 | 83.25平米 | 东北,https://ke-image.ljcdn.com/110000-inspection/e3fcd866-4cfb-403b-9442-f12b7215d361_1000.jpg!m_fill,w_280,h_210,f_jpg?from=ke.com
20240306,朝阳,红庙,101120364306,红庙北里 金台路国贸CBD 苏式建筑层高3米 满五唯一,320万,52946元/平,低楼层 (共3层) | 1957年 | 2室1厅 | 60.44平米 | 东 西,https://ke-image.ljcdn.com/110000-inspection/442634af-2145-414c-9af9-076398d5441e_1000.jpg!m_fill,w_280,h_210,f_jpg?from=ke.com
20240306,朝阳,红庙,101120361368,红庙北里朝南两居 采光视野好满五年单位分房,288万,56032元/平,顶层 (共5层) | 1977年 | 2室1厅 | 51.4平米 | 南,https://ke-image.ljcdn.com/110000-inspection/5f9af965-ad79-4aef-9570-77f150cd455b_1000.jpg!m_fill,w_280,h_210,f_jpg?from=ke.com
20240306,朝阳,红庙,101120322204,慈云寺 南向小两居 业主诚意卖 中间楼层 看房方便,280万,59047元/平,中楼层 (共6层) 2室1厅 | 47.42平米 | 南,https://ke-image.ljcdn.com/110000-inspection/e94aec3b-4ed7-4198-b1da-c06dfba5a68c_1000.jpg!m_fill,w_280,h_210,f_jpg?from=ke.com
20240306,朝阳,红庙,101120322146,慈云寺 2室1厅 东南,400万,64134元/平,低楼层 (共22层) 2室1厅 | 62.37平米 | 东南,https://ke-image.ljcdn.com/110000-inspection/b66544ff-b0c2-4d58-89bb-c6bb1e953ec3_1000.jpg!m_fill,w_280,h_210,f_jpg?from=ke.com
20240306,朝阳,红庙,101120302595,金台北街小区 南北户型两居室业主诚意出售,460万,73296元/平,底层 (共14层) 2室1厅 | 62.76平米 | 南 北,https://ke-image.ljcdn.com/110000-inspection/pc1_h2bvSQvpP.jpg!m_fill,w_280,h_210,f_jpg?from=ke.com
20240306,朝阳,红庙,101120295873,首经贸家属楼 不临街 楼龄新 带大客厅,405万,61965元/平,底层 (共14层) | 1996年 | 2室1厅 | 65.36平米 | 东 西,https://ke-image.ljcdn.com/110000-inspection/pc1_YdE34dZCA_1.jpg!m_fill,w_280,h_210,f_jpg?from=ke.com
20240306,朝阳,红庙,101120286410,慈云寺 南向一居 满五唯一  格局好,245万,58852元/平,顶层 (共6层) | 1988年 | 1室1厅 | 41.63平米 | 南,https://ke-image.ljcdn.com/110000-inspection/pc1_fa7gduTIN_1.jpg!m_fill,w_280,h_210,f_jpg?from=ke.com
20240306,朝阳,红庙,101120245325,红庙北里南向一居室满五年低成本业主诚意出售,297万,76784元/平,底层 (共6层) | 1982年 | 1室1厅 | 38.68平米 | 南,https://ke-image.ljcdn.com/110000-inspection/1a8874a9-5d32-4837-aba3-bf5bbedd7d90_1000.jpg!m_fill,w_280,h_210,f_jpg?from=ke.com
20240306,朝阳,红庙,101120171254,延静里中街满五唯一南北通透两居,337万,58630元/平,中楼层 (共6层) 2室1厅 | 57.48平米 | 南 北,https://ke-image.ljcdn.com/110000-inspection/pc1_2SgqqkdHD.jpg!m_fill,w_280,h_210,f_jpg?from=ke.com
20240306,朝阳,红庙,101120066446,呼家楼南里  视野开阔 采光好 交通便利,298万,71292元/平,底层 (共4层) 2室1厅 | 41.8平米 | 南,https://ke-image.ljcdn.com/110000-inspection/148456ae-1fe7-4714-a1bd-7346c038ea2d_1000.jpg!m_fill,w_280,h_210,f_jpg?from=ke.com
20240306,朝阳,红庙,101120060418,延静西里 南向一居 有钥匙 看房方便,246万,57965元/平,高楼层 (共6层) 1室1厅 | 42.44平米 | 南,https://ke-image.ljcdn.com/110000-inspection/0e324982-46d2-470a-bdec-4d9abf51c6ff_1000.jpg!m_fill,w_280,h_210,f_jpg?from=ke.com
20240306,朝阳,红庙,101120004763,呼家楼北街 西北向正规三居 带电梯,490万,67124元/平,低楼层 (共16层) | 1988年 | 3室1厅 | 73平米 | 西北,https://ke-image.ljcdn.com/110000-inspection/d44366b1-d048-43ac-aee2-51c582731a54_1000.jpg!m_fill,w_280,h_210,f_jpg?from=ke.com
20240306,朝阳,红庙,101119994932,呼家楼南里 南北通透小两居 采光无遮挡,280万,69670元/平,中楼层 (共4层) 2室1厅 | 40.19平米 | 南 北,https://ke-image.ljcdn.com/110000-inspection/pc1_oDdBu0zaE.jpg!m_fill,w_280,h_210,f_jpg?from=ke.com
20240306,朝阳,红庙,101119947928,延静里中街3号院 国资委家属楼 环境好,469万,69990元/平,中楼层 (共21层) | 1999年 | 1室1厅 | 67.01平米 | 东,https://ke-image.ljcdn.com/110000-inspection/66c28f14-0dd3-4303-81cf-aa667b3bbcfe_1000.jpg!m_fill,w_280,h_210,f_jpg?from=ke.com
20240306,朝阳,红庙,101119890358,金台路 国贸CBD 电梯直达 南北朝向 满五唯一,498万,66374元/平,低楼层 (共14层) 2室1厅 | 75.03平米 | 南 北,https://ke-image.ljcdn.com/110000-inspection/8d8ed0bd-9a17-4dca-b0c6-e01eb5fff34c_1000.jpg!m_fill,w_280,h_210,f_jpg?from=ke.com
20240306,朝阳,红庙,101119864876,金台路红庙北里 电梯直达两居室 双南向,495万,66694元/平,低楼层 (共18层) | 1989年 | 2室1厅 | 74.22平米 | 南,https://ke-image.ljcdn.com/110000-inspection/0258a6ea-ae80-4743-a6a3-605dd2a2e56a_1000.jpg!m_fill,w_280,h_210,f_jpg?from=ke.com
20240306,朝阳,红庙,101119864102,人民日报社家属区   南北向通风好  无遮挡,568万,96995元/平,顶层 (共5层) | 1979年 | 2室1厅 | 58.56平米 | 南 北,https://ke-image.ljcdn.com/110000-inspection/e8070574-0cee-405b-87bf-c7e63946d58c_1000.jpg!m_fill,w_280,h_210,f_jpg?from=ke.com
20240306,朝阳,红庙,101119759101,首创.禧瑞都 满五年 全明格局正规三居 成本低不临街房主自荐,1799万,102508元/平,低楼层 (共28层) 3室2厅 | 175.5平米 | 西北,https://ke-image.ljcdn.com/110000-inspection/pc1_LerQUyeMX.jpg!m_fill,w_280,h_210,f_jpg?from=ke.com
20240306,朝阳,红庙,101119709435,延静西里 高楼层正南大一居出售,390万,69174元/平,高楼层 (共17层) | 1988年 | 1室1厅 | 56.38平米 | 南,https://ke-image.ljcdn.com/110000-inspection/0a7742ec-0601-434b-a99e-76585902684f_1000.jpg!m_fill,w_280,h_210,f_jpg?from=ke.com
20240306,朝阳,红庙,101119672867,呼家楼西里 东三环 国贸央视  呼家楼地铁站6、10号线,320万,72203元/平,中楼层 (共7层) | 1993年 | 1室1厅 | 44.32平米 | 南,https://ke-image.ljcdn.com/110000-inspection/efd4258c-c9b1-4c51-a0ea-dfc0adb11072_1000.jpg!m_fill,w_280,h_210,f_jpg?from=ke.com
20240306,朝阳,红庙,101119660283,金台路 国贸CBD 文化部家属楼 中间层 满五唯一,660万,79720元/平,中楼层 (共6层) 3室1厅 | 82.79平米 | 南 北,https://ke-image.ljcdn.com/110000-inspection/11df1391-72c8-4aa8-87eb-87490d04eaf4_1000.jpg!m_fill,w_280,h_210,f_jpg?from=ke.com
20240306,朝阳,红庙,101119630483,红庙北里价格比较合适交通便利的两居室,350万,61653元/平,底层 (共6层) | 1986年 | 2室1厅 | 56.77平米 | 南 北,https://ke-image.ljcdn.com/110000-inspection/pc1_noMT6E2HK.jpg!m_fill,w_280,h_210,f_jpg?from=ke.com
20240306,朝阳,红庙,101119537305,延静西里南北三居室满五唯一近地铁诚意出售,490万,70282元/平,低楼层 (共15层) 3室1厅 | 69.72平米 | 南 北,https://ke-image.ljcdn.com/110000-inspection/pc1_esctbIxMt.jpg!m_fill,w_280,h_210,f_jpg?from=ke.com
20240306,朝阳,红庙,101119496920,金台里中间楼层南北通透两居室户型好,418万,67203元/平,中楼层 (共6层) | 1993年 | 2室1厅 | 62.2平米 | 南 北,https://ke-image.ljcdn.com/110000-inspection/pc1_kKlKGNypL.jpg!m_fill,w_280,h_210,f_jpg?from=ke.com
20240306,朝阳,红庙,101119389912,团结湖 红庙北里 南北通透 全明三居 拎包入住 近地铁,460万,56574元/平,高楼层 (共7层) | 1987年 | 3室1厅 | 81.31平米 | 南 北,https://ke-image.ljcdn.com/110000-inspection/0c86b53f-05c5-4573-b31b-1d189337eebd_1000.jpg!m_fill,w_280,h_210,f_jpg?from=ke.com
20240306,朝阳,红庙,101119332227,金台里低楼层两居室装修还不错没有遮挡,365万,67443元/平,底层 (共6层) | 1982年 | 2室1厅 | 54.12平米 | 东 西,https://ke-image.ljcdn.com/110000-inspection/2afe4e37-b5ac-4dab-9a6c-18d9a0654097_1000.jpg!m_fill,w_280,h_210,f_jpg?from=ke.com
20240306,朝阳,红庙,101119318110,店长推荐 红庙北里 金台路大望路  双南两居 看房方便,295万,54731元/平,顶层 (共6层) | 1982年 | 2室1厅 | 53.9平米 | 南,https://ke-image.ljcdn.com/110000-inspection/pc1_ho4TUFMnh.jpg!m_fill,w_280,h_210,f_jpg?from=ke.com
20240306,朝阳,红庙,101119275907,红庙西里首经贸大学家属楼满五年,400万,61200元/平,低楼层 (共14层) 2室1厅 | 65.36平米 | 东 西,https://ke-image.ljcdn.com/110000-inspection/5e2ee9fe-638e-4e50-b6bf-31f33128f534_1000.jpg!m_fill,w_280,h_210,f_jpg?from=ke.com
20240306,朝阳,红庙,101119247202,红庙商圈南北通透三居室二层近地铁生活便利,460万,66648元/平,低楼层 (共6层) 3室1厅 | 69.02平米 | 南 北,https://ke-image.ljcdn.com/110000-inspection/pc1_uz8E2Znk6.jpg!m_fill,w_280,h_210,f_jpg?from=ke.com
20240306,朝阳,红庙,101119225563,东三环 国贸旁 呼家楼北街 精装修 南北带厅两居室房主自荐,480万,89054元/平,中楼层 (共6层) | 1985年 | 2室1厅 | 53.9平米 | 南 北,https://ke-image.ljcdn.com/110000-inspection/df1b6ca6-0d32-4348-b8bb-1897f1771a90_1000.jpg!m_fill,w_280,h_210,f_jpg?from=ke.com
20240306,朝阳,红庙,101119138968,呼家楼北街 精装修 明厨明卫两居 视野采光好 满五唯一,445万,76831元/平,中楼层 (共6层) | 1987年 | 2室1厅 | 57.92平米 | 南,https://ke-image.ljcdn.com/110000-inspection/4ecb0042-ac1f-4da2-ae3e-5b10ce09f894_1000.jpg!m_fill,w_280,h_210,f_jpg?from=ke.com
20240306,朝阳,红庙,101119071234,人民日报社家属区低楼层正南一居室,365万,98703元/平,底层 (共6层) 1室1厅 | 36.98平米 | 南,https://ke-image.ljcdn.com/110000-inspection/pc1_QvWQP3LpQ.jpg!m_fill,w_280,h_210,f_jpg?from=ke.com
20240306,朝阳,红庙,101119059280,金台里满五年高层电梯房 户型方正格局好精装修急售,420万,66720元/平,中楼层 (共15层) | 1991年 | 2室1厅 | 62.95平米 | 东 西,https://ke-image.ljcdn.com/110000-inspection/d7905f22-1fcf-40be-91a4-5228209364f6_1000.jpg!m_fill,w_280,h_210,f_jpg?from=ke.com
20240306,朝阳,红庙,101119044649,呼家楼西里 精装修 满五唯一 低楼层全明两居室房主自荐,430万,63282元/平,中楼层 (共5层) 2室1厅 | 67.95平米 | 南,https://ke-image.ljcdn.com/110000-inspection/pc1_VNt4VeLsZ.jpg!m_fill,w_280,h_210,f_jpg?from=ke.com
20240306,朝阳,红庙,101119021903,延静西里带电梯两居室有钥匙看房方便,368万,59945元/平,低楼层 (共17层) | 1990年 | 2室1厅 | 61.39平米 | 东 东北,https://ke-image.ljcdn.com/110000-inspection/15b98afd-da5f-4a3e-8137-1f7c29477794_1000.jpg!m_fill,w_280,h_210,f_jpg?from=ke.com
20240306,朝阳,红庙,101118974817,金台路 CBD商圈 精装修一居室看房随时 诚意出售,255万,66737元/平,高楼层 (共6层) | 1982年 | 1室1厅 | 38.21平米 | 南,https://ke-image.ljcdn.com/110000-inspection/91a8812b-99bc-4c53-b4ac-3403762e057b_1000.jpg!m_fill,w_280,h_210,f_jpg?from=ke.com
20240306,朝阳,红庙,101118918323,延静西里满五唯一双南向优质两居室,402万,61206元/平,低楼层 (共15层) 2室1厅 | 65.68平米 | 南,https://ke-image.ljcdn.com/110000-inspection/7a2da9f8-8685-4c17-920d-2c5e66022ff8_1000.jpg!m_fill,w_280,h_210,f_jpg?from=ke.com
20240306,朝阳,红庙,101118844319,东区国际 楼高2.83米 直达停车场,818万,55387元/平,低楼层 (共29层) | 2007年 | 2室1厅 | 147.69平米 | 西北,https://ke-image.ljcdn.com/110000-inspection/a7e0070d-fe26-4b01-b52c-c7c7d9f39b3f_1000.jpg!m_fill,w_280,h_210,f_jpg?from=ke.com
20240306,朝阳,红庙,101118807695,国贸西南两居观CBD夜景采光视野好全明格局,510万,72004元/平,中楼层 (共21层) 2室1厅 | 70.83平米 | 南 西,https://ke-image.ljcdn.com/110000-inspection/pc1_aBwNX0GUB.jpg!m_fill,w_280,h_210,f_jpg?from=ke.com
20240306,朝阳,红庙,101118651965,东区国际西向视野无遮 看国贸 挡精装修  双卫生间,879万,71077元/平,低楼层 (共32层) 2室1厅 | 123.67平米 | 西,https://ke-image.ljcdn.com/110000-inspection/pc1_x8RRqZFWT.jpg!m_fill,w_280,h_210,f_jpg?from=ke.com
20240306,朝阳,红庙,101118635141,延静里中街田字格3居室南北通透采光好,435万,51700元/平,顶层 (共6层) | 1980年 | 3室1厅 | 84.14平米 | 南 北,https://ke-image.ljcdn.com/110000-inspection/4ad73892-cc51-499e-9eec-a32a67fd9c6b_1000.jpg!m_fill,w_280,h_210,f_jpg?from=ke.com
20240306,朝阳,红庙,101118575861,金台路 延静西里新上南北通透两居室 双阳台,370万,65849元/平,高楼层 (共6层) 2室1厅 | 56.19平米 | 南 北,https://ke-image.ljcdn.com/110000-inspection/cdfa0ae8-0624-4d6a-a932-b59c24eafc4a_1000.jpg!m_fill,w_280,h_210,f_jpg?from=ke.com
20240306,朝阳,红庙,101118152956,东区国际 高层一居室  精装修,596万,78011元/平,高楼层 (共32层) 1室1厅 | 76.4平米 | 西,https://ke-image.ljcdn.com/110000-inspection/07d53bf8-b56a-46a9-92ef-3a07dc29985b_1000.jpg!m_fill,w_280,h_210,f_jpg?from=ke.com
20240306,朝阳,红庙,101118061752,呼家楼北街带电梯三居室观团结湖公园,530万,72723元/平,高楼层 (共16层) | 1987年 | 3室1厅 | 72.88平米 | 东北,https://ke-image.ljcdn.com/110000-inspection/2aa712b6-664a-4c91-a77b-a1daf88fde46_1000.jpg!m_fill,w_280,h_210,f_jpg?from=ke.com
20240306,朝阳,红庙,101118005650,东区国际 看花园带大客厅户型方正落地窗。,558万,65911元/平,高楼层 (共32层) | 2005年 | 1室1厅 | 84.66平米 | 东北,https://ke-image.ljcdn.com/110000-inspection/pc1_35HiWtdBR.jpg!m_fill,w_280,h_210,f_jpg?from=ke.com
20240306,朝阳,红庙,101117964096,延静里中街小两居 南北通透 适合老人小孩居住,300万,57220元/平,底层 (共6层) | 1984年 | 2室1厅 | 52.43平米 | 南 北,https://ke-image.ljcdn.com/110000-inspection/pc1_vd6wnaRTM.jpg!m_fill,w_280,h_210,f_jpg?from=ke.com
20240306,朝阳,红庙,101117902827,金台里 双南带客厅两居 人民日报社 90年电梯楼 满二,568万,88654元/平,低楼层 (共16层) 2室1厅 | 64.07平米 | 南,https://ke-image.ljcdn.com/110000-inspection/bdaf6f60-2e14-4aed-8c47-14603db76930_1000.jpg!m_fill,w_280,h_210,f_jpg?from=ke.com
20240306,朝阳,红庙,101117654713,东区国际 2室1厅 东,900万,72775元/平,低楼层 (共32层) | 2005年 | 2室1厅 | 123.67平米 | 东,https://ke-image.ljcdn.com/110000-inspection/pc1_LeGi33cUy_1.jpg!m_fill,w_280,h_210,f_jpg?from=ke.com
20240306,朝阳,红庙,101117159952,慈云寺南向开间采光充足视野开阔。,200万,81268元/平,高楼层 (共6层) | 1991年 | 1室0厅 | 24.61平米 | 南,https://ke-image.ljcdn.com/110000-inspection/prod-5198e59f-68cb-4fa2-b338-604091bf9f01.jpg!m_fill,w_280,h_210,f_jpg?from=ke.com
20240306,朝阳,红庙,101116992095,西大望路南北通透带客厅双阳台,360万,59623元/平,顶层 (共6层) | 1982年 | 2室1厅 | 60.38平米 | 南 北,https://ke-image.ljcdn.com/110000-inspection/ddd6cf24-c262-4cd2-b91f-868c00bc3b27_1000.jpg!m_fill,w_280,h_210,f_jpg?from=ke.com
20240306,朝阳,红庙,101116938437,红庙西里 95年钢混可组合贷 电梯直达 产权清晰,429万,70110元/平,低楼层 (共10层) | 1995年 | 2室1厅 | 61.19平米 | 南 北,https://ke-image.ljcdn.com/110000-inspection/pc1_BVpYXaFSD.jpg!m_fill,w_280,h_210,f_jpg?from=ke.com
20240306,朝阳,红庙,101116924559,呼家楼北街全南向三居室采光无遮挡。,660万,70627元/平,底层 (共16层) | 1986年 | 3室1厅 | 93.45平米 | 南,https://ke-image.ljcdn.com/110000-inspection/pc1_pkvtSHFTw_1.jpg!m_fill,w_280,h_210,f_jpg?from=ke.com
20240306,朝阳,红庙,101123227250,满两年带二次精装修封闭纯居住社区人车分流。,2216万,59957元/平,高楼层 (共35层) | 2004年 | 5室2厅 | 369.6平米 | 东南,https://ke-image.ljcdn.com/110000-inspection/pc1_eCnr6tntD.jpg!m_fill,w_280,h_210,f_jpg?from=ke.com
20240306,朝阳,红庙,101123199974,柴家湾 2室1厅 南 西新上,399万,66137元/平,中楼层 (共18层) | 1989年 | 2室1厅 | 60.33平米 | 南 西,https://ke-image.ljcdn.com/110000-inspection/pc1_MZM9GbC8J_1.jpg!m_fill,w_280,h_210,f_jpg?from=ke.com
20240306,朝阳,红庙,101123182365,慈云寺 精装修两居室 带正规客厅 拎包入住新上,365万,59661元/平,底层 (共21层) | 1992年 | 2室1厅 | 61.18平米 | 东北,https://ke-image.ljcdn.com/110000-inspection/pc1_YotyNTSBK.jpg!m_fill,w_280,h_210,f_jpg?from=ke.com
20240306,朝阳,红庙,101123166727,禧瑞都唯一两居室！业主二次精装修！满五唯一！新上,1300万,117509元/平,低楼层 (共28层) | 2011年 | 2室1厅 | 110.63平米 | 西,https://ke-image.ljcdn.com/110000-inspection/1b65c0bd-9f15-4c4d-bacf-92df283c0eba_1000.jpg!m_fill,w_280,h_210,f_jpg?from=ke.com
20240306,朝阳,红庙,101123165683,金台里精装修小两居南北通透不临街新上,398万,70895元/平,高楼层 (共6层) | 1979年 | 2室1厅 | 56.14平米 | 南 北,https://ke-image.ljcdn.com/110000-inspection/pc1_AEG9qSwFZ.jpg!m_fill,w_280,h_210,f_jpg?from=ke.com
20240306,朝阳,红庙,101123160853,红庙北里 金台路 南向采光好 中间层没遮挡 满五年唯一新上,320万,63067元/平,中楼层 (共5层) 2室1厅 | 50.74平米 | 南,https://ke-image.ljcdn.com/110000-inspection/pc1_sQ3aX6Nsh.jpg!m_fill,w_280,h_210,f_jpg?from=ke.com
20240306,朝阳,红庙,101123159275,金台里楼龄新环境好电梯直达有客厅户型方正采光好急售新上,408万,64752元/平,中楼层 (共16层) | 1993年 | 2室1厅 | 63.01平米 | 南,https://ke-image.ljcdn.com/110000-inspection/7faf02ca-f4f1-4a44-a4e8-b190b6e70d4d_1000.jpg!m_fill,w_280,h_210,f_jpg?from=ke.com
20240306,朝阳,红庙,101123121483,呼家楼北街精装修 三居室带客厅拎包入住 看房方便新上,509万,69707元/平,低楼层 (共16层) | 1989年 | 3室1厅 | 73.02平米 | 西北,https://ke-image.ljcdn.com/110000-inspection/pc1_or3KQonkU.jpg!m_fill,w_280,h_210,f_jpg?from=ke.com
20240306,朝阳,红庙,101123110494,慈云寺 南向一居室 业主诚意卖 无遮挡 刚需自住新上,225万,59746元/平,低楼层 (共6层) 1室1厅 | 37.66平米 | 南,https://ke-image.ljcdn.com/110000-inspection/a089b040-bfbb-4a09-b687-66f1b3aa87ef_1000.jpg!m_fill,w_280,h_210,f_jpg?from=ke.com
20240306,朝阳,红庙,101123109641,东三环 国贸 呼家楼 南北通透两居室 采光视野无遮挡新上,480万,69869元/平,底层 (共6层) | 1987年 | 2室1厅 | 68.7平米 | 南 北,https://ke-image.ljcdn.com/110000-inspection/12816f3d-62ec-4340-be18-a5e3a2a940ff_1000.jpg!m_fill,w_280,h_210,f_jpg?from=ke.com
20240306,朝阳,红庙,101123089822,纽约豪园东南向无遮挡采光充足新上,1100万,65058元/平,低楼层 (共31层) 3室1厅 | 169.08平米 | 东南,https://ke-image.ljcdn.com/110000-inspection/ffcad97e-776c-4a84-9274-eccc73c03267_1000.jpg!m_fill,w_280,h_210,f_jpg?from=ke.com
20240306,朝阳,红庙,101123077396,新上金台路 CBD 红庙北里 文化部家属楼 满五唯一新上,680万,64535元/平,顶层 (共6层) | 1984年 | 4室1厅 | 105.37平米 | 南 北,https://ke-image.ljcdn.com/110000-inspection/pc1_rKI8XCPsm.jpg!m_fill,w_280,h_210,f_jpg?from=ke.com
20240306,朝阳,红庙,101123050182,金台北街 全明格局 南北通透两居 看房方便 精装修新上,460万,66832元/平,中楼层 (共16层) | 1989年 | 2室1厅 | 68.83平米 | 南 北,https://ke-image.ljcdn.com/110000-inspection/pc1_g7lX4zxvi.jpg!m_fill,w_280,h_210,f_jpg?from=ke.com
20240306,朝阳,红庙,101123036556,慈云寺 正规带客厅南向三居室 国贸 地铁1号线大望路站,519万,65556元/平,中楼层 (共21层) | 1990年 | 3室1厅 | 79.17平米 | 南 西,https://ke-image.ljcdn.com/110000-inspection/a3846da7-f87e-4005-aaa0-ae7104aef737_1000.jpg!m_fill,w_280,h_210,f_jpg?from=ke.com
20240306,朝阳,红庙,101123029451,金台里南向一居室93年钢混距离地铁金台路站400米,295万,65937元/平,低楼层 (共16层) | 1995年 | 1室1厅 | 44.74平米 | 南 北,https://ke-image.ljcdn.com/110000-inspection/pc1_ONcH74lfR.jpg!m_fill,w_280,h_210,f_jpg?from=ke.com
20240306,朝阳,红庙,101123027950,慈云寺 70年产权住宅 高层带电梯 南向采光好 诚意出售,166万,69312元/平,顶层 (共6层) | 1991年 | 1室0厅 | 23.95平米 | 南,https://ke-image.ljcdn.com/110000-inspection/pc1_k7klYQVq4_1.jpg!m_fill,w_280,h_210,f_jpg?from=ke.com
20240306,朝阳,红庙,101123027866,东区国际 高层视野开阔 南向采光好 满五唯一,1249万,69949元/平,高楼层 (共32层) | 2005年 | 3室1厅 | 178.56平米 | 西南,https://ke-image.ljcdn.com/110000-inspection/pc1_rxrR771vZ.jpg!m_fill,w_280,h_210,f_jpg?from=ke.com
20240306,朝阳,红庙,101123016093,国贸CBD观景房西北二居明厨,319万,53070元/平,顶层 (共6层) | 1982年 | 2室1厅 | 60.11平米 | 西北,https://ke-image.ljcdn.com/110000-inspection/pc1_Uj2766thx_2.jpg!m_fill,w_280,h_210,f_jpg?from=ke.com
20240306,朝阳,红庙,101123011364,国贸CBD全明格局大客厅西南观国贸三期房主自荐,389万,63521元/平,中楼层 (共21层) | 1988年 | 2室1厅 | 61.24平米 | 西南,https://ke-image.ljcdn.com/110000-inspection/425c709d-bba7-4b0f-973e-05e5592d250f_1000.jpg!m_fill,w_280,h_210,f_jpg?from=ke.com
20240306,朝阳,红庙,101123011165,金台路地铁口红庙北里小区全明格局小三居诚意出售,450万,71714元/平,高楼层 (共6层) | 1981年 | 3室0厅 | 62.75平米 | 西南,https://ke-image.ljcdn.com/110000-inspection/pc1_MF8FVdyDg_1.jpg!m_fill,w_280,h_210,f_jpg?from=ke.com
20240306,朝阳,红庙,101123010346,金台路CBD 地铁6号线14号线 电梯直达南北三居户型优质,630万,70589元/平,中楼层 (共16层) | 1988年 | 3室1厅 | 89.25平米 | 南 北,https://ke-image.ljcdn.com/110000-inspection/d78ace00-2de1-428a-b6a4-0007f1407962_1000.jpg!m_fill,w_280,h_210,f_jpg?from=ke.com
20240306,朝阳,红庙,101123007287,金台路地铁口金台北街小区南向一居室诚意出售,297万,74849元/平,低楼层 (共14层) 1室1厅 | 39.68平米 | 南,https://ke-image.ljcdn.com/110000-inspection/pc1_asCsNe72f.jpg!m_fill,w_280,h_210,f_jpg?from=ke.com
20240306,朝阳,红庙,101123005904,金台路CB 国贸 南向采光好 电梯直达 满五唯一有钥匙,285万,64017元/平,中楼层 (共16层) | 1986年 | 1室1厅 | 44.52平米 | 南,https://ke-image.ljcdn.com/110000-inspection/2e16f0e6-931e-4f71-8f10-a6a2c0e23668_1000.jpg!m_fill,w_280,h_210,f_jpg?from=ke.com
20240306,朝阳,红庙,101123003730,红庙北里 临地铁 低楼层南北通透三居室满五年唯一,446万,65091元/平,低楼层 (共6层) 3室1厅 | 68.52平米 | 南 北,https://ke-image.ljcdn.com/110000-inspection/98f99dfd-6761-4b85-bbee-1af3738e56c6_1000.jpg!m_fill,w_280,h_210,f_jpg?from=ke.com
20240306,朝阳,红庙,101123003550,红庙北里 1990年 中间楼层 南北通透两居 总监推荐房主自荐,375万,64767元/平,中楼层 (共7层) | 1990年 | 2室1厅 | 57.9平米 | 南 北,https://ke-image.ljcdn.com/110000-inspection/pc1_q1uxY3ohG.jpg!m_fill,w_280,h_210,f_jpg?from=ke.com
20240306,朝阳,红庙,101122990714,东区国际 南北通透两居 诚意出售,750万,56328元/平,中楼层 (共27层) | 2005年 | 2室1厅 | 133.15平米 | 南 北,https://ke-image.ljcdn.com/110000-inspection/pc1_3uluGPuTV.jpg!m_fill,w_280,h_210,f_jpg?from=ke.com
20240306,朝阳,红庙,101122989104,东区国际精装修三居室楼层高户型好视野好,1140万,77763元/平,高楼层 (共32层) | 2005年 | 3室1厅 | 146.6平米 | 西南,https://ke-image.ljcdn.com/110000-inspection/7c64beca-8ce4-499c-a8dd-006c57da87e3_1000.jpg!m_fill,w_280,h_210,f_jpg?from=ke.com
20240306,朝阳,红庙,101122987771,金台里首经贸家属楼南北两居室楼龄新管理好,386万,63644元/平,顶层 (共4层) | 1993年 | 2室1厅 | 60.65平米 | 南 北,https://ke-image.ljcdn.com/110000-inspection/30bb5541-76c8-4eb9-b68a-e43519edf6ad_1000.jpg!m_fill,w_280,h_210,f_jpg?from=ke.com
20240306,朝阳,红庙,101122966347,东区国际 南北两居 边户型 明厨明卫,880万,66956元/平,高楼层 (共32层) | 2005年 | 2室1厅 | 131.43平米 | 南 北 西,https://ke-image.ljcdn.com/110000-inspection/pc1_StXLCRyNt.jpg!m_fill,w_280,h_210,f_jpg?from=ke.com
20240306,朝阳,红庙,101122965913,华业玫瑰东方精装一居 拎包入住 诚意出售,670万,95198元/平,中楼层 (共11层) | 2005年 | 1室2厅 | 70.38平米 | 西,https://ke-image.ljcdn.com/110000-inspection/b75bc60e-695c-415e-9cf4-3488437cda7a_1000.jpg!m_fill,w_280,h_210,f_jpg?from=ke.com
20240306,朝阳,红庙,101122962856,东区国际 2室1厅 西,959万,70257元/平,中楼层 (共29层) | 2007年 | 2室1厅 | 136.5平米 | 西,https://ke-image.ljcdn.com/110000-inspection/pc1_OvO4BBjZe.jpg!m_fill,w_280,h_210,f_jpg?from=ke.com
20240306,朝阳,红庙,101122955311,国贸双阳台两居东西通透采光好,309万,49944元/平,高楼层 (共6层) | 1981年 | 2室1厅 | 61.87平米 | 东 西,https://ke-image.ljcdn.com/110000-inspection/pc1_tDqZ9IGVf_1.jpg!m_fill,w_280,h_210,f_jpg?from=ke.com
20240306,朝阳,红庙,101122954431,国贸南北通透二居中间楼层采光好,339万,62906元/平,中楼层 (共6层) | 1983年 | 2室1厅 | 53.89平米 | 北 南,https://ke-image.ljcdn.com/110000-inspection/pc1_oUsKQhE30_1.jpg!m_fill,w_280,h_210,f_jpg?from=ke.com
20240306,朝阳,红庙,101122952759,东区国际 全新装修 高层直观国贸全景 视野开阔 双卫,910万,69963元/平,中楼层 (共26层) | 2005年 | 2室1厅 | 130.07平米 | 西,https://ke-image.ljcdn.com/110000-inspection/pc1_bu8ae6tG8.jpg!m_fill,w_280,h_210,f_jpg?from=ke.com
20240306,朝阳,红庙,101122952351,呼家楼南里 格局方正 南北向 随时可以看房主自荐,454万,72270元/平,顶层 (共6层) | 1973年 | 3室1厅 | 62.82平米 | 南 北,https://ke-image.ljcdn.com/110000-inspection/pc1_1NfZwAMSe.jpg!m_fill,w_280,h_210,f_jpg?from=ke.com
20240306,朝阳,红庙,101122951519,人民日报社 2002年 双南向高楼层两居 视野采光好,719万,96252元/平,中楼层 (共22层) 2室1厅 | 74.7平米 | 南,https://ke-image.ljcdn.com/110000-inspection/07ac8567-28a6-445a-a481-2a1e9a6bb656_1000.jpg!m_fill,w_280,h_210,f_jpg?from=ke.com
20240306,朝阳,红庙,101122951684,纽约豪园 精装修三居室 高层视野好 看房便利房主自荐,1157万,60889元/平,中楼层 (共35层) | 2004年 | 3室2厅 | 190.02平米 | 东 北,https://ke-image.ljcdn.com/110000-inspection/pc1_GoxioBzJW.jpg!m_fill,w_280,h_210,f_jpg?from=ke.com
20240306,朝阳,红庙,101122951681,呼家楼 田字格 三居室 户型方正房主自荐,426万,65338元/平,底层 (共5层) 3室1厅 | 65.2平米 | 东南 西,https://ke-image.ljcdn.com/110000-inspection/5d18097a-da79-4772-9744-87faa631fd4d_1000.jpg!m_fill,w_280,h_210,f_jpg?from=ke.com
20240306,朝阳,红庙,101122937458,红庙北里 1990年全明格局三居 非顶层 满五年成本价,420万,56301元/平,高楼层 (共7层) | 1990年 | 3室1厅 | 74.6平米 | 南 北,https://ke-image.ljcdn.com/110000-inspection/2d637571-91b4-42df-aa40-0b63c1aa0f1d_1000.jpg!m_fill,w_280,h_210,f_jpg?from=ke.com
20240306,朝阳,红庙,101122877554,国贸南北通透双阳台楼下在建22号线地铁,319万,49138元/平,低楼层 (共14层) 2室1厅 | 64.92平米 | 南 北,https://ke-image.ljcdn.com/110000-inspection/pc1_NhyVcxulu.jpg!m_fill,w_280,h_210,f_jpg?from=ke.com
20240306,朝阳,红庙,101122875188,延静里中街精装修南北通透全明格局正规两居室,259万,53260元/平,顶层 (共5层) | 1978年 | 2室1厅 | 48.63平米 | 北 南,https://ke-image.ljcdn.com/110000-inspection/b8abb5d1-4c34-4e4b-bf1a-a5f7a25e2863_1000.jpg!m_fill,w_280,h_210,f_jpg?from=ke.com
20240306,朝阳,红庙,101122875169,慈云寺 南北通透两居室 交通方便 无遮挡,329万,50678元/平,高楼层 (共14层) | 1983年 | 2室1厅 | 64.92平米 | 南 北,https://ke-image.ljcdn.com/110000-inspection/0e3be7ed-b9be-49c8-a9c2-d99ea4ce8688_1000.jpg!m_fill,w_280,h_210,f_jpg?from=ke.com
20240306,朝阳,红庙,101122864119,国贸  金台里电梯一居近地铁近公园房主自荐,315万,68733元/平,低楼层 (共15层) | 1991年 | 1室1厅 | 45.83平米 | 东,https://ke-image.ljcdn.com/110000-inspection/b22ac7a0-e35a-4d53-a045-4ffd57ad5c67_1000.jpg!m_fill,w_280,h_210,f_jpg?from=ke.com
20240306,朝阳,红庙,101122838529,禧瑞都 3室1厅 东南,2180万,124451元/平,低楼层 (共28层) | 2011年 | 3室1厅 | 175.17平米 | 东南,https://ke-image.ljcdn.com/110000-inspection/f2abd799-686d-45f6-b9b6-7bbb9baa02bc_1000.jpg!m_fill,w_280,h_210,f_jpg?from=ke.com
20240306,朝阳,红庙,101122835285,纽约豪园 精装三居室 东南朝向 拎包入住,1290万,67511元/平,低楼层 (共31层) 3室1厅 | 191.08平米 | 东南,https://ke-image.ljcdn.com/110000-inspection/6841d51b-6470-48de-a216-0c02b233affe_1000.jpg!m_fill,w_280,h_210,f_jpg?from=ke.com
20240306,朝阳,红庙,101122813061,金台里 2002年 钢混结构 格局方正  格局好,420万,65218元/平,顶层 (共6层) | 2002年 | 2室1厅 | 64.4平米 | 东 西,https://ke-image.ljcdn.com/110000-inspection/9976719d-419c-405a-aece-c4128cf4d469_1000.jpg!m_fill,w_280,h_210,f_jpg?from=ke.com
20240306,朝阳,红庙,101122810741,红庙西里 南北通透一居室 采光好,269万,69762元/平,中楼层 (共18层) | 1992年 | 1室1厅 | 38.56平米 | 南 北,https://ke-image.ljcdn.com/110000-inspection/ed436613-644d-4ac1-bc7b-3910d868f7a2_1000.jpg!m_fill,w_280,h_210,f_jpg?from=ke.com
20240306,朝阳,红庙,101122795280,纽约豪园 6室2厅 西北,4699万,86821元/平,顶层 (共35层) 6室2厅 | 541.23平米 | 西北,https://ke-image.ljcdn.com/110000-inspection/a8ae98c3-4b6d-4411-acdc-7f26d0b0e62e_1000.jpg!m_fill,w_280,h_210,f_jpg?from=ke.com
20240306,朝阳,红庙,101122786149,红庙北里 3室1厅 东 南 北,410万,53588元/平,底层 (共6层) | 1986年 | 3室1厅 | 76.51平米 | 东 南 北,https://ke-image.ljcdn.com/110000-inspection/32760254-bb4f-4528-b373-ad23d37c278a_1000.jpg!m_fill,w_280,h_210,f_jpg?from=ke.com
20240306,朝阳,红庙,101122768187,金台里 三居室 楼龄新 格局方正 有钥匙随时可以看房主自荐,473万,68107元/平,高楼层 (共16层) | 1993年 | 3室1厅 | 69.45平米 | 东 南 北,https://ke-image.ljcdn.com/110000-inspection/pc1_K0oNywWlG_1.jpg!m_fill,w_280,h_210,f_jpg?from=ke.com
20240306,朝阳,红庙,101122761899,苏式建筑 红庙北里优质大三居 满五唯一 层高3.3米,450万,52144元/平,顶层 (共4层) | 1960年 | 3室1厅 | 86.3平米 | 南 北,https://ke-image.ljcdn.com/110000-inspection/8def38bc-af25-404c-9fec-20c1538eee26_1000.jpg!m_fill,w_280,h_210,f_jpg?from=ke.com
20240306,朝阳,红庙,101122760787,双南带客厅两居室采光好视野开阔 停车方便,495万,66452元/平,中楼层 (共17层) | 1988年 | 2室1厅 | 74.49平米 | 南,https://ke-image.ljcdn.com/110000-inspection/pc1_Ufy8l92FZ.jpg!m_fill,w_280,h_210,f_jpg?from=ke.com
20240306,朝阳,红庙,101122729614,华业玫瑰东方 4室2厅 南 北,1599万,78851元/平,低楼层 (共18层) 4室2厅 | 202.79平米 | 南 北,https://ke-image.ljcdn.com/110000-inspection/pc1_F9ebB8g7m.jpg!m_fill,w_280,h_210,f_jpg?from=ke.com
20240306,朝阳,红庙,101122728095,东区国际 3室1厅 东,1100万,63680元/平,低楼层 (共26层) 3室1厅 | 172.74平米 | 东,https://ke-image.ljcdn.com/110000-inspection/pc1_HzNx59V2I.jpg!m_fill,w_280,h_210,f_jpg?from=ke.com
20240306,朝阳,红庙,101122715262,纽约豪园百万精装三居室 房况好 视野佳 拎包入住房主自荐,1010万,56812元/平,低楼层 (共35层) | 2004年 | 3室2厅 | 177.78平米 | 北 东,https://ke-image.ljcdn.com/110000-inspection/f89764d7-6a15-4af2-bb93-91057c67783e_1000.jpg!m_fill,w_280,h_210,f_jpg?from=ke.com
20240306,朝阳,红庙,101122672555,纽约豪园 西南向观景三居室 全新精装保养 业主诚售房主自荐,1160万,69147元/平,低楼层 (共35层) | 2004年 | 3室2厅 | 167.76平米 | 西南,https://ke-image.ljcdn.com/110000-inspection/pc1_IOzqNkqcC_1.jpg!m_fill,w_280,h_210,f_jpg?from=ke.com
20240306,朝阳,红庙,101122671694,金台里 南北向格局方正精装修诚意出售,316万,72611元/平,顶层 (共5层) | 1994年 | 2室1厅 | 43.52平米 | 南 北,https://ke-image.ljcdn.com/110000-inspection/b131d61e-44aa-430e-b548-9aa8f636f329_1000.jpg!m_fill,w_280,h_210,f_jpg?from=ke.com
20240306,朝阳,红庙,101122660447,呼家楼北街小区 双南两居室 精装修,480万,74790元/平,顶层 (共16层) | 1989年 | 2室1厅 | 64.18平米 | 南,https://ke-image.ljcdn.com/110000-inspection/pc1_FaSrLpFuc.jpg!m_fill,w_280,h_210,f_jpg?from=ke.com
20240306,朝阳,红庙,101122660440,华业玫瑰东方高层2居室视野好诚意签约,920万,91552元/平,中楼层 (共11层) | 2007年 | 2室1厅 | 100.49平米 | 东 西,https://ke-image.ljcdn.com/110000-inspection/9cfdf29b-be8e-403d-8e30-70a89155cafa_1000.jpg!m_fill,w_280,h_210,f_jpg?from=ke.com
20240306,朝阳,红庙,101122651911,金台里户型方正三居采光好视野好近地铁,738万,74516元/平,高楼层 (共15层) | 1991年 | 3室1厅 | 99.04平米 | 东南,https://ke-image.ljcdn.com/110000-inspection/3e9ab6b6-eacb-4bbd-9377-27459b202139_1000.jpg!m_fill,w_280,h_210,f_jpg?from=ke.com
20240306,朝阳,红庙,101122650002,纽约豪园 3室1厅 西南,1420万,74729元/平,低楼层 (共35层) | 2004年 | 3室1厅 | 190.02平米 | 西南,https://ke-image.ljcdn.com/110000-inspection/0514cd45-beab-4a1b-9a11-05e0523238f1_1000.jpg!m_fill,w_280,h_210,f_jpg?from=ke.com
20240306,朝阳,红庙,101122628916,东区国际优质两居 采光好 无遮挡 诚意出售,750万,69240元/平,中楼层 (共32层) | 2005年 | 2室1厅 | 108.32平米 | 东,https://ke-image.ljcdn.com/110000-inspection/8f688ad5-0be5-4204-a50c-0c8f570378f5_1000.jpg!m_fill,w_280,h_210,f_jpg?from=ke.com
20240306,朝阳,红庙,101122617229,金台里 格局方正 诚意出售 东西通透房主自荐,343万,58824元/平,顶层 (共6层) | 1994年 | 2室1厅 | 58.31平米 | 东 西,https://ke-image.ljcdn.com/110000-inspection/pc1_izl5oKJ9e_1.jpg!m_fill,w_280,h_210,f_jpg?from=ke.com
20240306,朝阳,红庙,101122582050,慈云寺 2室1厅 西北,388万,58102元/平,低楼层 (共21层) | 1990年 | 2室1厅 | 66.78平米 | 西北,https://ke-image.ljcdn.com/110000-inspection/pc1_dnJ4jO9ZM.jpg!m_fill,w_280,h_210,f_jpg?from=ke.com
20240306,朝阳,红庙,101122576365,禧瑞都西向一居室已经二次装修过的满五年唯一,1150万,105466元/平,低楼层 (共28层) | 2011年 | 1室1厅 | 109.04平米 | 西,https://ke-image.ljcdn.com/110000-inspection/06a8d346-c863-4ab0-b6cf-acbf60121875_1000.jpg!m_fill,w_280,h_210,f_jpg?from=ke.com
20240306,朝阳,红庙,101122573959,纽约豪园新上三居室西南观景中国樽、CCTV央视,1099万,64999元/平,低楼层 (共31层) 3室1厅 | 169.08平米 | 西南,https://ke-image.ljcdn.com/110000-inspection/9b8bf695-2be6-4662-9e22-5a6e2be89dad_1000.jpg!m_fill,w_280,h_210,f_jpg?from=ke.com
20240306,朝阳,红庙,101122474585,禧瑞都 1室1厅 西,1140万,104291元/平,中楼层 (共28层) | 2011年 | 1室1厅 | 109.31平米 | 西,https://ke-image.ljcdn.com/110000-inspection/25af686f-f934-4d57-98c6-f1e42b4546eb_1000.jpg!m_fill,w_280,h_210,f_jpg?from=ke.com
20240306,朝阳,红庙,101122460278,东区国际南向三居室位置好诚意出售,1099万,61607元/平,低楼层 (共26层) | 2005年 | 3室2厅 | 178.39平米 | 东南,https://ke-image.ljcdn.com/110000-inspection/e59a26b4-6133-46bf-b313-bf8a814900d8_1000.jpg!m_fill,w_280,h_210,f_jpg?from=ke.com
20240306,朝阳,红庙,101122458342,金台北街成熟小区楼龄新南北通透电梯直达。,469万,65157元/平,低楼层 (共16层) | 1987年 | 2室1厅 | 71.98平米 | 南 北,https://ke-image.ljcdn.com/110000-inspection/cf585843-3493-44e9-8a8d-b54b3407808b_1000.jpg!m_fill,w_280,h_210,f_jpg?from=ke.com
20240306,朝阳,红庙,101122447863,金台里 格局方正 诚意出售 一居室 随时可以看房主自荐,240万,56286元/平,中楼层 (共6层) | 1994年 | 1室1厅 | 42.64平米 | 西,https://ke-image.ljcdn.com/110000-inspection/pc1_nkzaveLfB.jpg!m_fill,w_280,h_210,f_jpg?from=ke.com
20240306,朝阳,红庙,101122444553,纽约豪园西南向高楼层看中国尊央视满五唯一,2980万,78862元/平,高楼层 (共31层) | 2001年 | 5室1厅 | 377.88平米 | 东 南 西南 西,https://ke-image.ljcdn.com/110000-inspection/pc1_KLGH3pyq8.jpg!m_fill,w_280,h_210,f_jpg?from=ke.com
20240306,朝阳,红庙,101122435761,国贸CBD精装修一居室 普通住宅 可贷款650万 看房方便房主自荐,1050万,95308元/平,底层 (共28层) 1室1厅 | 110.17平米 | 东,https://ke-image.ljcdn.com/110000-inspection/9fffec6a-ba8b-483c-9be6-bf10b7e367a7_1000.jpg!m_fill,w_280,h_210,f_jpg?from=ke.com
20240306,朝阳,红庙,101122434763,东区国际 精装修 高层采光好 诚意出售 满五唯一,535万,70027元/平,中楼层 (共32层) 1室1厅 | 76.4平米 | 西,https://ke-image.ljcdn.com/110000-inspection/9efaabbe-5d91-44a5-aec9-dcaa1e1e1f1e_1000.jpg!m_fill,w_280,h_210,f_jpg?from=ke.com
20240306,朝阳,红庙,101122373978,金台里南北通透精装修明厨明卫户型方正格局好采光十足,398万,63988元/平,高楼层 (共6层) 2室1厅 | 62.2平米 | 南 北,https://ke-image.ljcdn.com/110000-inspection/dd3c75b2-208a-47b3-84cb-f6684cacfdb4_1000.jpg!m_fill,w_280,h_210,f_jpg?from=ke.com
20240306,朝阳,红庙,101122368964,金台里双南两居不临街环境好小区有车位,360万,66778元/平,底层 (共6层) | 1984年 | 2室1厅 | 53.91平米 | 南,https://ke-image.ljcdn.com/110000-inspection/pc1_YwakijxNv.jpg!m_fill,w_280,h_210,f_jpg?from=ke.com
20240306,朝阳,红庙,101122358620,纽约豪园东南向采光充足满两年诚意出售。,1198万,62697元/平,低楼层 (共31层) | 2001年 | 3室2厅 | 191.08平米 | 东南,https://ke-image.ljcdn.com/110000-inspection/b0e25a25-5ebd-4c43-b6d5-e952976d5b13_1000.jpg!m_fill,w_280,h_210,f_jpg?from=ke.com
20240306,朝阳,红庙,101122339655,金台路红庙北里带固定车位 中间层南北通透三居室,420万,56981元/平,低楼层 (共7层) | 1990年 | 3室1厅 | 73.71平米 | 南 北,https://ke-image.ljcdn.com/110000-inspection/pc1_Uf0hJQDS1.jpg!m_fill,w_280,h_210,f_jpg?from=ke.com
20240306,朝阳,红庙,101122322595,国贸次新房小区 精装修一居室 看房方便 业主诚意出售房主自荐,895万,93865元/平,底层 (共28层) 1室1厅 | 95.35平米 | 西,https://ke-image.ljcdn.com/110000-inspection/f87124d9-6dfc-418a-a5e8-cfd1b7102617_1000.jpg!m_fill,w_280,h_210,f_jpg?from=ke.com
20240306,朝阳,红庙,101122290128,红庙北里 3室1厅 南 北,620万,71843元/平,底层 (共6层) 3室1厅 | 86.3平米 | 南 北,https://ke-image.ljcdn.com/110000-inspection/935feeb5-bedb-4590-a124-3bbf3efd51f2_1000.jpg!m_fill,w_280,h_210,f_jpg?from=ke.com
20240306,朝阳,红庙,101122283269,金台路 国贸CBD 中间层南北两居 满五唯一 看房方便,350万,63683元/平,中楼层 (共6层) 2室1厅 | 54.96平米 | 南 北,https://ke-image.ljcdn.com/110000-inspection/pc1_M16pl3wcQ_1.jpg!m_fill,w_280,h_210,f_jpg?from=ke.com
20240306,朝阳,红庙,101122255883,房子是满五年继承的房南北通透精装修,698万,66897元/平,顶层 (共5层) | 1964年 | 3室1厅 | 104.34平米 | 南 北,https://ke-image.ljcdn.com/110000-inspection/dec3a965-c56c-421a-8161-3d7e828214dd_1000.jpg!m_fill,w_280,h_210,f_jpg?from=ke.com
20240306,朝阳,红庙,101122234354,呼家楼新苑 1998年建成 南北向 带电梯中间层,410万,73215元/平,中楼层 (共20层) | 1998年 | 2室1厅 | 56平米 | 南 北,https://ke-image.ljcdn.com/110000-inspection/255e28f1-f3a4-4f72-a9d0-08076c7f8d3b_1000.jpg!m_fill,w_280,h_210,f_jpg?from=ke.com
20240306,朝阳,红庙,101122214366,东区国际观景视野房业主靠谱出售随时签约,930万,60809元/平,低楼层 (共32层) | 2005年 | 3室1厅 | 152.94平米 | 西北,https://ke-image.ljcdn.com/110000-inspection/439bedf9-7c6c-4203-84b9-5f836ba0e3a9_1000.jpg!m_fill,w_280,h_210,f_jpg?from=ke.com
20240306,朝阳,红庙,101122212340,国贸CBD呼家楼北街 南北通透 明厨明卫 有电梯两居室,525万,80214元/平,高楼层 (共14层) | 1987年 | 2室1厅 | 65.45平米 | 南 北,https://ke-image.ljcdn.com/110000-inspection/bbc49838-1f7b-47b6-a17b-ab9222aabe2d_1000.jpg!m_fill,w_280,h_210,f_jpg?from=ke.com
20240306,朝阳,红庙,101122206977,金台里精装东向两居电梯直达视野光线俱佳近地铁房主自荐,415万,64642元/平,顶层 (共15层) | 1991年 | 2室1厅 | 64.2平米 | 东 西,https://ke-image.ljcdn.com/110000-inspection/73f2a46c-8343-4151-adb8-a7e4fdcbd138_1000.jpg!m_fill,w_280,h_210,f_jpg?from=ke.com
20240306,朝阳,红庙,101122187867,延静西里 满五年一层 业主诚意卖 安静不临街,368万,62068元/平,底层 (共6层) 2室1厅 | 59.29平米 | 南 北,https://ke-image.ljcdn.com/110000-inspection/pc1_dKksqtckK_1.jpg!m_fill,w_280,h_210,f_jpg?from=ke.com
20240306,朝阳,红庙,101122187723,此房满五年南北通透三居室精装田字格户型。,439万,52175元/平,顶层 (共6层) | 1980年 | 3室1厅 | 84.14平米 | 南 北,https://ke-image.ljcdn.com/110000-inspection/6b32422c-2f60-4e5d-85a0-ffbfe5ad59f4_1000.jpg!m_fill,w_280,h_210,f_jpg?from=ke.com
20240306,朝阳,红庙,101122185921,延静西里中间楼层东南三居不临街,429万,66102元/平,中楼层 (共6层) | 1987年 | 3室1厅 | 64.9平米 | 东南,https://ke-image.ljcdn.com/110000-inspection/7f9dd35e-bee0-44d3-9e72-1e3f6d82a1aa_1000.jpg!m_fill,w_280,h_210,f_jpg?from=ke.com
20240306,朝阳,红庙,101122183700,纽约豪园东南三居 中间楼层 满五年 精装修 业主急售,1310万,68558元/平,中楼层 (共31层) | 2001年 | 3室1厅 | 191.08平米 | 东南,https://ke-image.ljcdn.com/110000-inspection/73a93117-1c1e-403f-99e5-6cbbb39878fe_1000.jpg!m_fill,w_280,h_210,f_jpg?from=ke.com
20240306,朝阳,红庙,101122146914,呼家楼新苑楼龄新带电梯两居室中国银行家属楼,495万,70144元/平,高楼层 (共20层) | 1997年 | 2室1厅 | 70.57平米 | 南 北,https://ke-image.ljcdn.com/110000-inspection/6c44a37b-99ec-4d78-b3b1-2891ac9db784_1000.jpg!m_fill,w_280,h_210,f_jpg?from=ke.com
20240306,朝阳,红庙,101122122886,呼家楼西里1993年楼龄新一居室采光好视野开阔,298万,67239元/平,中楼层 (共7层) | 1993年 | 1室1厅 | 44.32平米 | 南,https://ke-image.ljcdn.com/110000-inspection/pc1_bTDK1HvMg.jpg!m_fill,w_280,h_210,f_jpg?from=ke.com
20240306,朝阳,红庙,101122110933,国贸近地铁首付仅113万精装高楼层电梯南向两居室,383万,62757元/平,高楼层 (共21层) | 1991年 | 2室1厅 | 61.03平米 | 南,https://ke-image.ljcdn.com/110000-inspection/733636e9-76ad-4d8d-9f67-f9986ebb06be_1000.jpg!m_fill,w_280,h_210,f_jpg?from=ke.com
20240306,朝阳,红庙,101122098923,东区国际 1室1厅 北,540万,65622元/平,中楼层 (共26层) 1室1厅 | 82.29平米 | 北,https://ke-image.ljcdn.com/110000-inspection/pc1_Z0mypM9Jt.jpg!m_fill,w_280,h_210,f_jpg?from=ke.com
20240306,朝阳,红庙,101122094392,东区国际 楼龄新 高层视野开阔 直观CBD全景 得房率83%,660万,75129元/平,顶层 (共22层) | 2009年 | 1室2厅 | 87.85平米 | 西,https://ke-image.ljcdn.com/110000-inspection/pc1_au7O4uu4Q.jpg!m_fill,w_280,h_210,f_jpg?from=ke.com
20240306,朝阳,红庙,101122090311,房子满五年唯一楼层高南向采光好户型方正。,980万,75131元/平,高楼层 (共21层) 3室1厅 | 130.44平米 | 东南,https://ke-image.ljcdn.com/110000-inspection/38d600c4-19d1-481c-b63b-f593043756b7_1000.jpg!m_fill,w_280,h_210,f_jpg?from=ke.com
20240306,朝阳,红庙,101122037641,华业玫瑰东方 好单元 好楼层 诚意卖房 优质一套,1290万,89491元/平,中楼层 (共18层) | 2006年 | 3室2厅 | 144.15平米 | 南 北,https://ke-image.ljcdn.com/110000-inspection/pc1_aS5NNrPo7.jpg!m_fill,w_280,h_210,f_jpg?from=ke.com
20240306,朝阳,红庙,101122036717,慈云寺 2室1厅 西南,400万,61341元/平,底层 (共21层) 2室1厅 | 65.21平米 | 西南,https://ke-image.ljcdn.com/110000-inspection/pc1_MtdaUopUb.jpg!m_fill,w_280,h_210,f_jpg?from=ke.com
20240306,朝阳,红庙,101121974811,金台里新楼户型方正 东西通透 采光好 楼龄新,305万,68142元/平,中楼层 (共15层) | 1991年 | 1室1厅 | 44.76平米 | 东 西,https://ke-image.ljcdn.com/110000-inspection/pc1_QaYLMVUpT_1.jpg!m_fill,w_280,h_210,f_jpg?from=ke.com
20240306,朝阳,红庙,101121968931,慈云寺南向大三居格局户型优小区环境无可挑,660万,69657元/平,中楼层 (共18层) 3室2厅 | 94.75平米 | 南,https://ke-image.ljcdn.com/110000-inspection/8711b593-2b70-4e79-9d8a-99656ef8a151_1000.jpg!m_fill,w_280,h_210,f_jpg?from=ke.com
20240306,朝阳,红庙,101121967589,延静西里 3室1厅 东南,423万,65765元/平,底层 (共6层) | 1988年 | 3室1厅 | 64.32平米 | 东南,https://ke-image.ljcdn.com/110000-inspection/5e5522db-8885-4e37-8730-80640b33681e_1000.jpg!m_fill,w_280,h_210,f_jpg?from=ke.com
20240306,朝阳,红庙,101121960771,纽约豪园满五年唯一住房中国尊身边两居室房主自荐,920万,62799元/平,中楼层 (共31层) | 2001年 | 3室1厅 | 146.5平米 | 西北,https://ke-image.ljcdn.com/110000-inspection/e5267b1c-61e7-4770-9ddd-ec09f8395e6f_1000.jpg!m_fill,w_280,h_210,f_jpg?from=ke.com
20240306,朝阳,红庙,101121898656,东区国际 1室1厅 北,570万,69268元/平,高楼层 (共26层) 1室1厅 | 82.29平米 | 北,https://ke-image.ljcdn.com/110000-inspection/d2a2dd67-8d89-4e3c-b16e-4d2ef9039bf8_1000.jpg!m_fill,w_280,h_210,f_jpg?from=ke.com
20240306,朝阳,红庙,101121891909,慈云寺优质南向开间高层视野采光视野双好带电梯,200万,91870元/平,高楼层 (共6层) 1室0厅 | 21.77平米 | 南,https://ke-image.ljcdn.com/110000-inspection/pc1_lEwC6kBv5_1.jpg!m_fill,w_280,h_210,f_jpg?from=ke.com
20240306,朝阳,红庙,101121891618,红庙北里南北通透两居室明厨明卫6号线-金台路,340万,69530元/平,中楼层 (共5层) 2室0厅 | 48.9平米 | 南 北,https://ke-image.ljcdn.com/110000-inspection/b5132e8b-d3ff-4ecd-ae67-ff627a0ba0cd_1000.jpg!m_fill,w_280,h_210,f_jpg?from=ke.com
20240306,朝阳,红庙,101121891283,慈云寺 2室1厅 东南,390万,59343元/平,顶层 (共16层) 2室1厅 | 65.72平米 | 东南,https://ke-image.ljcdn.com/110000-inspection/pc1_CcOuTnS9u_1.jpg!m_fill,w_280,h_210,f_jpg?from=ke.com
20240306,朝阳,红庙,101121878272,慈云寺小区南向一居室 楼层好 采光好,319万,61370元/平,中楼层 (共5层) 1室1厅 | 51.98平米 | 南,https://ke-image.ljcdn.com/110000-inspection/9387c22e-4525-4201-8bd6-d161a84ce1df_1000.jpg!m_fill,w_280,h_210,f_jpg?from=ke.com
20240306,朝阳,红庙,101121878264,慈云寺南北透通优质两居精装修满五唯一,319万,52684元/平,低楼层 (共14层) | 1983年 | 2室0厅 | 60.55平米 | 南 北,https://ke-image.ljcdn.com/110000-inspection/1edecab5-f70f-49e8-9842-9a253f366d8b_1000.jpg!m_fill,w_280,h_210,f_jpg?from=ke.com
20240306,朝阳,红庙,101121877426,慈云寺 两居带客厅 无遮挡 精装修,439万,54569元/平,低楼层 (共18层) | 1996年 | 2室1厅 | 80.45平米 | 西北,https://ke-image.ljcdn.com/110000-inspection/pc1_QfFlQ97Mz.jpg!m_fill,w_280,h_210,f_jpg?from=ke.com
20240306,朝阳,红庙,101121877322,延静里中街小区全南向特优质两居,280万,63637元/平,中楼层 (共5层) 2室1厅 | 44平米 | 南,https://ke-image.ljcdn.com/110000-inspection/pc1_YWcq9bjAF.jpg!m_fill,w_280,h_210,f_jpg?from=ke.com
20240306,朝阳,红庙,101121877244,国贸CBD呼家楼北街有电梯南北两居室,498万,76089元/平,低楼层 (共14层) | 1986年 | 2室1厅 | 65.45平米 | 南 北,https://ke-image.ljcdn.com/110000-inspection/pc1_UjOR3jDMr.jpg!m_fill,w_280,h_210,f_jpg?from=ke.com
20240306,朝阳,红庙,101121875576,呼家楼 北街正规三居室 南北通透 近地铁公园房主自荐,595万,73639元/平,中楼层 (共6层) | 1987年 | 3室1厅 | 80.8平米 | 南 北,https://ke-image.ljcdn.com/110000-inspection/64f7c185-56ec-4a36-82b5-522ab20305e4_1000.jpg!m_fill,w_280,h_210,f_jpg?from=ke.com
20240306,朝阳,红庙,101121873077,东区国际东向三居满五唯一精装修保持良好,1150万,66675元/平,低楼层 (共26层) | 2005年 | 3室1厅 | 172.48平米 | 东,https://ke-image.ljcdn.com/110000-inspection/pc1_WGdVSba8A.jpg!m_fill,w_280,h_210,f_jpg?from=ke.com
20240306,朝阳,红庙,101121811697,东区国际精装修朝南两居室2梯4户业主诚意出售,790万,70681元/平,中楼层 (共27层) 2室1厅 | 111.77平米 | 南,https://ke-image.ljcdn.com/110000-inspection/pc1_IpnBVx9z7.jpg!m_fill,w_280,h_210,f_jpg?from=ke.com
20240306,朝阳,红庙,101121811484,延静里中街东向两居满五年唯一业主诚意出售。,295万,54398元/平,顶层 (共6层) | 1981年 | 2室1厅 | 54.23平米 | 东,https://ke-image.ljcdn.com/110000-inspection/pc1_AYW8YBo1D_1.jpg!m_fill,w_280,h_210,f_jpg?from=ke.com
20240306,朝阳,红庙,101121808080,金台里 首经贸大学分房 板楼 南北四居 电梯直达,920万,59544元/平,中楼层 (共14层) | 2004年 | 4室2厅 | 154.51平米 | 南 北,https://ke-image.ljcdn.com/110000-inspection/pc1_Caa7KF2Gy.jpg!m_fill,w_280,h_210,f_jpg?from=ke.com
20240306,朝阳,红庙,101121794401,人民日报社家属区 电梯 南北通透 2层 满五年,516万,81171元/平,低楼层 (共6层) | 1981年 | 2室1厅 | 63.57平米 | 南 北,https://ke-image.ljcdn.com/110000-inspection/pc1_9mz1szGXm.jpg!m_fill,w_280,h_210,f_jpg?from=ke.com
20240306,朝阳,红庙,101121793947,呼家楼 人民日报社家属区 4层板楼 外挂电梯 满五唯一,399万,81379元/平,低楼层 (共16层) | 1991年 | 1室1厅 | 49.03平米 | 东 北,https://ke-image.ljcdn.com/110000-inspection/pc1_LVfQbAUCC_1.jpg!m_fill,w_280,h_210,f_jpg?from=ke.com
20240306,朝阳,红庙,101121793320,人民日报社家属区 91年钢混 电梯直达 诚意出售,660万,94219元/平,中楼层 (共16层) 3室1厅 | 70.05平米 | 西南 北,https://ke-image.ljcdn.com/110000-inspection/7f086dce-11e6-453a-adee-fad4548f6aec_1000.jpg!m_fill,w_280,h_210,f_jpg?from=ke.com
20240306,朝阳,红庙,101121792680,东区国际 高层南向三居室 双卫设计 采光充足满五唯一,1160万,79127元/平,中楼层 (共32层) | 2005年 | 3室2厅 | 146.6平米 | 西南,https://ke-image.ljcdn.com/110000-inspection/e4a3f6c7-7784-41d1-864e-4c0f321f115c_1000.jpg!m_fill,w_280,h_210,f_jpg?from=ke.com
20240306,朝阳,红庙,101121792089,东三环呼家楼北里南北朝向两居有钥匙随时看,418万,61789元/平,顶层 (共5层) | 1964年 | 2室1厅 | 67.65平米 | 南 北,https://ke-image.ljcdn.com/110000-inspection/pc1_a6Xh5U2R5_1.jpg!m_fill,w_280,h_210,f_jpg?from=ke.com
20240306,朝阳,红庙,101121784509,呼家楼北街 呼家楼地铁口 南北向一居室,375万,72394元/平,中楼层 (共16层) | 1992年 | 1室1厅 | 51.8平米 | 南 西 北,https://ke-image.ljcdn.com/110000-inspection/pc1_rBAqH6mYa_1.jpg!m_fill,w_280,h_210,f_jpg?from=ke.com
20240306,朝阳,红庙,101121784286,呼家楼北街 南向两居室 视野开阔,650万,94409元/平,中楼层 (共16层) | 1985年 | 2室1厅 | 68.85平米 | 南,https://ke-image.ljcdn.com/110000-inspection/pc1_dd6HdRx4w.jpg!m_fill,w_280,h_210,f_jpg?from=ke.com
20240306,朝阳,红庙,101121783685,慈云寺小区精装修三居室户型方正,520万,60067元/平,中楼层 (共16层) | 1986年 | 3室1厅 | 86.57平米 | 北,https://ke-image.ljcdn.com/110000-inspection/08e10b3b-4e03-4f5b-8cdc-2e4158397272_1000.jpg!m_fill,w_280,h_210,f_jpg?from=ke.com
20240306,朝阳,红庙,101121783392,慈云寺小区精装修南向一居室 带客厅,325万,69032元/平,高楼层 (共16层) | 1986年 | 1室1厅 | 47.08平米 | 南,https://ke-image.ljcdn.com/110000-inspection/59dcde2a-29d1-4d39-a7d8-54840096a1a1_1000.jpg!m_fill,w_280,h_210,f_jpg?from=ke.com
20240306,朝阳,红庙,101121783072,呼家楼北街 满五年精装修一居 采光好 无遮挡 近地铁,320万,78049元/平,高楼层 (共16层) | 1992年 | 1室1厅 | 41平米 | 北,https://ke-image.ljcdn.com/110000-inspection/a545c558-612b-426a-bde7-288e8089bd03_1000.jpg!m_fill,w_280,h_210,f_jpg?from=ke.com
20240306,朝阳,红庙,101121782809,延静西里 2室1厅 南 北,396万,61992元/平,低楼层 (共6层) | 1986年 | 2室1厅 | 63.88平米 | 南 北,https://ke-image.ljcdn.com/110000-inspection/9d8362e5-c989-4b42-aa09-e5f6b79eb806_1000.jpg!m_fill,w_280,h_210,f_jpg?from=ke.com
20240306,朝阳,红庙,101121782733,慈云寺 南北通透两居室业主急售 有大客厅1997年楼龄,450万,63238元/平,高楼层 (共6层) | 1997年 | 2室1厅 | 71.16平米 | 南 北,https://ke-image.ljcdn.com/110000-inspection/96ff6220-b668-4ad8-9146-36283e9c4dfe_1000.jpg!m_fill,w_280,h_210,f_jpg?from=ke.com
20240306,朝阳,红庙,101121782701,慈云寺小区大客厅两居室 业主诚意出售,415万,55018元/平,低楼层 (共18层) | 1998年 | 2室1厅 | 75.43平米 | 东南,https://ke-image.ljcdn.com/110000-inspection/fb7b39f6-c2d7-4c62-8255-493e15c1d65c_1000.jpg!m_fill,w_280,h_210,f_jpg?from=ke.com
20240306,朝阳,红庙,101121781900,呼家楼北街 高楼层 不临街 正规三居 视野采光好,540万,74095元/平,高楼层 (共16层) | 1989年 | 3室1厅 | 72.88平米 | 东 西 北,https://ke-image.ljcdn.com/110000-inspection/pc1_FcnBFzRcC.jpg!m_fill,w_280,h_210,f_jpg?from=ke.com
20240306,朝阳,红庙,101121778361,金台里精装小两居停车50元现还有多个空车位,325万,65657元/平,顶层 (共3层) 2室1厅 | 49.5平米 | 东 南,https://ke-image.ljcdn.com/110000-inspection/58ef9319-85b7-4c0e-a92c-ef63aa8f18ba_1000.jpg!m_fill,w_280,h_210,f_jpg?from=ke.com
20240306,朝阳,红庙,101121777315,国贸CBD 金台路地铁口 延静西里双南向双阳台两居室,375万,57000元/平,高楼层 (共15层) | 1986年 | 2室1厅 | 65.79平米 | 南,https://ke-image.ljcdn.com/110000-inspection/pc1_6MrMu2H1x.jpg!m_fill,w_280,h_210,f_jpg?from=ke.com
20240306,朝阳,红庙,101121777227,金台路金台北街双南向两居室 视野开阔 采光充足,458万,69775元/平,中楼层 (共16层) 2室1厅 | 65.64平米 | 南,https://ke-image.ljcdn.com/110000-inspection/pc1_A5uVKBuF8.jpg!m_fill,w_280,h_210,f_jpg?from=ke.com
20240306,朝阳,红庙,101121777086,红庙北里 中间楼层 南北通透 全明格局 看房方便,269万,56549元/平,中楼层 (共4层) | 1974年 | 2室1厅 | 47.57平米 | 南 北,https://ke-image.ljcdn.com/110000-inspection/f2cca56a-11fe-4ec0-ad51-e85a6380f520_1000.jpg!m_fill,w_280,h_210,f_jpg?from=ke.com
20240306,朝阳,红庙,101121776936,红庙北里 6号线14号线 业主诚意出售,312万,58515元/平,顶层 (共5层) | 1977年 | 2室0厅 | 53.32平米 | 东,https://ke-image.ljcdn.com/110000-inspection/f84647a2-5df1-406f-b8c3-91c68dccf7fd_1000.jpg!m_fill,w_280,h_210,f_jpg?from=ke.com
20240306,朝阳,红庙,101121768008,西大望路 CBD中间层精装南向一居室,310万,72976元/平,中楼层 (共7层) | 1989年 | 1室1厅 | 42.48平米 | 南,https://ke-image.ljcdn.com/110000-inspection/acfcf841-1c61-43bc-9055-04a6aec3608a_1000.jpg!m_fill,w_280,h_210,f_jpg?from=ke.com
20240306,朝阳,红庙,101121746745,东区国际南向三居室满五唯一精装修,1150万,78136元/平,低楼层 (共32层) | 2005年 | 3室1厅 | 147.18平米 | 南,https://ke-image.ljcdn.com/110000-inspection/2a77d02f-1d56-4a76-8839-25b311a029ed_1000.jpg!m_fill,w_280,h_210,f_jpg?from=ke.com
20240306,朝阳,红庙,101121739058,纽约豪园观景两居室 保养好 诚意度高 看房方便房主自荐,910万,62117元/平,低楼层 (共31层) | 2001年 | 2室1厅 | 146.5平米 | 东 北,https://ke-image.ljcdn.com/110000-inspection/pc1_60fcgPvAs.jpg!m_fill,w_280,h_210,f_jpg?from=ke.com
20240306,朝阳,红庙,101121732665,慈云寺 南向一居室 业主诚意卖 价格能谈 看房子方便,279万,59261元/平,低楼层 (共16层) 1室1厅 | 47.08平米 | 南,https://ke-image.ljcdn.com/110000-inspection/30c43b11-ddfb-448c-b3b0-e55d5c2da159_1000.jpg!m_fill,w_280,h_210,f_jpg?from=ke.com
20240306,朝阳,红庙,101121726913,金台里精装修一居室楼龄新管理好,360万,82931元/平,高楼层 (共16层) | 1991年 | 1室1厅 | 43.41平米 | 南,https://ke-image.ljcdn.com/110000-inspection/pc1_70axjGCZW.jpg!m_fill,w_280,h_210,f_jpg?from=ke.com
20240306,朝阳,红庙,101121721377,慈云寺一居带大客厅安静宜居出行方便,259万,59705元/平,底层 (共16层) | 1986年 | 1室1厅 | 43.38平米 | 南,https://ke-image.ljcdn.com/110000-inspection/57e46012-1475-42b4-8138-df71e2d7a55b_1000.jpg!m_fill,w_280,h_210,f_jpg?from=ke.com
20240306,朝阳,红庙,101121712046,呼家楼北里 明厨明卫 配套齐全,288万,65935元/平,中楼层 (共5层) 1室1厅 | 43.68平米 | 东,https://ke-image.ljcdn.com/110000-inspection/158a7a8c-b43c-4170-b611-08326ce36c87_1000.jpg!m_fill,w_280,h_210,f_jpg?from=ke.com
20240306,朝阳,红庙,101121711055,呼家楼新苑央视国贸旁南向一居室精装修,338万,78296元/平,低楼层 (共20层) | 1998年 | 1室1厅 | 43.17平米 | 南,https://ke-image.ljcdn.com/110000-inspection/pc1_oP7BUGOrx.jpg!m_fill,w_280,h_210,f_jpg?from=ke.com
20240306,朝阳,红庙,101121709287,呼家楼北街 1992年 地铁口 南向精装一居,329万,73274元/平,底层 (共16层) | 1992年 | 1室1厅 | 44.9平米 | 南,https://ke-image.ljcdn.com/110000-inspection/pc1_skdG6HapS.jpg!m_fill,w_280,h_210,f_jpg?from=ke.com
20240306,朝阳,红庙,101121698801,首经贸家属楼管理比较好2002年楼龄比较新,930万,66931元/平,中楼层 (共14层) | 2002年 | 4室1厅 | 138.95平米 | 东 南 北,https://ke-image.ljcdn.com/110000-inspection/923a257c-a38d-4eac-898c-e5b26a0587c5_1000.jpg!m_fill,w_280,h_210,f_jpg?from=ke.com
20240306,朝阳,红庙,101121693596,东区国际 满五年唯一 户型方正 人车分流 二次精装修,1128万,77863元/平,低楼层 (共32层) 3室2厅 | 144.87平米 | 东南,https://ke-image.ljcdn.com/110000-inspection/bc7ec953-86a4-4ead-a62b-fe353b242a5a_1000.jpg!m_fill,w_280,h_210,f_jpg?from=ke.com
20240306,朝阳,红庙,101121669729,人民日报社家属区 央产部级大院 南北三居室 户型方正,908万,91848元/平,底层 (共6层) 3室1厅 | 98.86平米 | 南 北,https://ke-image.ljcdn.com/110000-inspection/pc1_cf7Zf47oI.jpg!m_fill,w_280,h_210,f_jpg?from=ke.com
20240306,朝阳,红庙,101121662823,人民日报社家属区  田字格三居室带客厅房主自荐,938万,99092元/平,低楼层 (共6层) 3室1厅 | 94.66平米 | 南 北,https://ke-image.ljcdn.com/110000-inspection/pc1_rCO8WG1Gf.jpg!m_fill,w_280,h_210,f_jpg?from=ke.com
20240306,朝阳,红庙,101121602479,呼家楼北街南向两居室无遮挡采光好房主自荐,469万,73076元/平,中楼层 (共16层) 2室1厅 | 64.18平米 | 南,https://ke-image.ljcdn.com/110000-inspection/pc1_UlL0y6VT1.jpg!m_fill,w_280,h_210,f_jpg?from=ke.com
20240306,朝阳,红庙,101121564752,呼家楼北街双南向高层两居室视野开阔采光好,460万,66551元/平,顶层 (共16层) 2室1厅 | 69.12平米 | 南,https://ke-image.ljcdn.com/110000-inspection/pc1_uGS7DarX9.jpg!m_fill,w_280,h_210,f_jpg?from=ke.com
20240306,朝阳,红庙,101121556407,金台路 红庙北里 双地铁 精装修 诚意卖,420万,59197元/平,中楼层 (共6层) | 1982年 | 3室1厅 | 70.95平米 | 西北,https://ke-image.ljcdn.com/110000-inspection/4cf2560b-cd98-4cf9-b94d-effa264a61df_1000.jpg!m_fill,w_280,h_210,f_jpg?from=ke.com
20240306,朝阳,红庙,101121556201,金台路 国贸CBD 电梯直达三居 南北朝向 采光视野俱佳,550万,70722元/平,中楼层 (共18层) 3室1厅 | 77.77平米 | 南 北,https://ke-image.ljcdn.com/110000-inspection/9e5a7cbb-fa69-4f8f-b66c-7512d781178f_1000.jpg!m_fill,w_280,h_210,f_jpg?from=ke.com
20240306,朝阳,红庙,101121553817,延静西里精装修中间层一居室拎包入住房主自荐,239万,61902元/平,中楼层 (共6层) 1室1厅 | 38.61平米 | 东北,https://ke-image.ljcdn.com/110000-inspection/12ea1f1f-ac1a-4493-8166-b64dd8b4c13b_1000.jpg!m_fill,w_280,h_210,f_jpg?from=ke.com
20240306,朝阳,红庙,101121503708,金台北街小区  精装修 南北双阳台 诚意出售,515万,73931元/平,低楼层 (共14层) 2室1厅 | 69.66平米 | 南 北,https://ke-image.ljcdn.com/110000-inspection/pc1_fNVtVtbz0.jpg!m_fill,w_280,h_210,f_jpg?from=ke.com
20240306,朝阳,红庙,101121471646,西大望路南北通透两居室双阳台中间层,410万,68758元/平,中楼层 (共6层) 2室1厅 | 59.63平米 | 南 北,https://ke-image.ljcdn.com/110000-inspection/pc1_KON2lK3R7.jpg!m_fill,w_280,h_210,f_jpg?from=ke.com
20240306,朝阳,红庙,101121459885,红庙北里小三居  户型方正  采光好,405万,64042元/平,高楼层 (共6层) | 1982年 | 3室0厅 | 63.24平米 | 南 北,https://ke-image.ljcdn.com/110000-inspection/pc1_ddWWCU3C3.jpg!m_fill,w_280,h_210,f_jpg?from=ke.com
20240306,朝阳,红庙,101121453878,慈云寺 西向两居 北工大家属楼  环境好  满五唯一房主自荐,360万,59593元/平,中楼层 (共18层) | 1999年 | 2室1厅 | 60.41平米 | 西,https://ke-image.ljcdn.com/110000-inspection/pc1_jEvAb7TsK.jpg!m_fill,w_280,h_210,f_jpg?from=ke.com
20240306,朝阳,红庙,101121444288,全新装修  看园林景观  静谧宜居,2080万,118344元/平,低楼层 (共28层) | 2011年 | 3室1厅 | 175.76平米 | 西北,https://ke-image.ljcdn.com/110000-inspection/a4638d17-734e-4842-969b-4a2ae8f5532d_1000.jpg!m_fill,w_280,h_210,f_jpg?from=ke.com
20240306,朝阳,红庙,101121380859,金台路地铁口 红庙北里 东北向两居 高楼层采光视野好,315万,52239元/平,顶层 (共6层) | 1982年 | 2室1厅 | 60.3平米 | 东北,https://ke-image.ljcdn.com/110000-inspection/6446e7f3-5222-4892-ae49-21456ea15b65_1000.jpg!m_fill,w_280,h_210,f_jpg?from=ke.com
20240306,朝阳,红庙,101121335632,慈云寺 东南带大客厅两居室 CDB 国贸 大望路,365万,59486元/平,低楼层 (共21层) | 1990年 | 2室1厅 | 61.36平米 | 东南,https://ke-image.ljcdn.com/110000-inspection/pc1_rlOkbrcrW_1.jpg!m_fill,w_280,h_210,f_jpg?from=ke.com
20240306,朝阳,红庙,101121329044,红庙柴家湾小区南北通透大三居 独立大客厅,550万,59377元/平,顶层 (共18层) | 1987年 | 3室1厅 | 92.63平米 | 南 北,https://ke-image.ljcdn.com/110000-inspection/680f5307-5604-4883-a14a-70f41bdca32e_1000.jpg!m_fill,w_280,h_210,f_jpg?from=ke.com
20240306,朝阳,红庙,101121322562,延静里中街小区精装修通透两居,309万,57725元/平,中楼层 (共5层) | 1980年 | 2室1厅 | 53.53平米 | 西 东 南,https://ke-image.ljcdn.com/110000-inspection/pc1_HLRFy0F7a.jpg!m_fill,w_280,h_210,f_jpg?from=ke.com
20240306,朝阳,红庙,101121322217,东区国际 随时看房 前后不临街,1200万,55885元/平,底层 (共29层) | 2007年 | 3室1厅 | 214.73平米 | 南 北,https://ke-image.ljcdn.com/110000-inspection/34b0e493-8034-4229-952e-97df67ae1186_1000.jpg!m_fill,w_280,h_210,f_jpg?from=ke.com
20240306,朝阳,红庙,101121314598,纽约豪园  业主诚意出售 景观不错 可看中国尊,1139万,67895元/平,中楼层 (共35层) | 2004年 | 3室2厅 | 167.76平米 | 西南,https://ke-image.ljcdn.com/110000-inspection/aa017e8f-a995-48e1-95b1-4c0d0ec84630_1000.jpg!m_fill,w_280,h_210,f_jpg?from=ke.com
20240306,朝阳,红庙,101121295605,东区国际全新精装修满五唯一拎包入住诚意签约,1150万,78136元/平,低楼层 (共32层) | 2005年 | 3室1厅 | 147.18平米 | 南,https://ke-image.ljcdn.com/110000-inspection/4d4db592-3260-45d1-a158-ecda3f8ee3eb_1000.jpg!m_fill,w_280,h_210,f_jpg?from=ke.com
20240306,朝阳,红庙,101121295463,东区国际东南3居满五年格局好诚意签约,958万,66129元/平,低楼层 (共32层) | 2005年 | 3室1厅 | 144.87平米 | 东南,https://ke-image.ljcdn.com/110000-inspection/pc1_coqFcO28Q.jpg!m_fill,w_280,h_210,f_jpg?from=ke.com
20240306,朝阳,红庙,101121294104,华业玫瑰东方 3室2厅 南 北,1418万,98370元/平,低楼层 (共18层) 3室2厅 | 144.15平米 | 南 北,https://ke-image.ljcdn.com/110000-inspection/d9b25aed-6353-4094-8ef3-185c3d69df6f_1000.jpg!m_fill,w_280,h_210,f_jpg?from=ke.com
20240306,朝阳,红庙,101121278567,金台路 红庙北里 中间楼层南北通透 户型方正 满五唯一,380万,74966元/平,中楼层 (共5层) | 1977年 | 2室1厅 | 50.69平米 | 南 北,https://ke-image.ljcdn.com/110000-inspection/pc1_7bgWMitcB.jpg!m_fill,w_280,h_210,f_jpg?from=ke.com
20240306,朝阳,红庙,101121271100,东区国际 高层一居 诚意出售 视野开阔 光线好房主自荐,540万,65894元/平,高楼层 (共32层) | 2005年 | 1室1厅 | 81.95平米 | 东北,https://ke-image.ljcdn.com/110000-inspection/a39bde61-62c1-4388-a583-556852f65ee3_1000.jpg!m_fill,w_280,h_210,f_jpg?from=ke.com
20240306,朝阳,红庙,101121229086,金台北街小区环境介绍及房屋详情简介,455万,69722元/平,中楼层 (共16层) 2室1厅 | 65.26平米 | 南,https://ke-image.ljcdn.com/110000-inspection/389fd5ee-9e78-4439-8691-5b76e7e3aa08_1000.jpg!m_fill,w_280,h_210,f_jpg?from=ke.com
20240306,朝阳,红庙,101121132832,满五年精装修双南二居室家庭一套房主自荐,308万,54883元/平,低楼层 (共14层) | 1983年 | 2室1厅 | 56.12平米 | 南,https://ke-image.ljcdn.com/110000-inspection/9607b822-b1cf-4272-a17a-b031a344b271_1000.jpg!m_fill,w_280,h_210,f_jpg?from=ke.com
20240306,朝阳,红庙,101121119282,首创禧瑞都高层东向1居景观无遮挡房子保养状态好 可看,1050万,96971元/平,高楼层 (共28层) | 2010年 | 1室1厅 | 108.28平米 | 东,https://ke-image.ljcdn.com/110000-inspection/634f8e57-0a4d-415c-a75a-5b51a5d5e223_1000.jpg!m_fill,w_280,h_210,f_jpg?from=ke.com
20240306,朝阳,红庙,101121097142,红庙北里小区情况介绍以及房屋基本情况,329万,57488元/平,高楼层 (共6层) | 1984年 | 2室1厅 | 57.23平米 | 东 西,https://ke-image.ljcdn.com/110000-inspection/pc1_D9bzrBOmi_1.jpg!m_fill,w_280,h_210,f_jpg?from=ke.com
20240306,朝阳,红庙,101121095253,慈云寺小区南向1居室装修好。5层,229万,60808元/平,高楼层 (共6层) 1室1厅 | 37.66平米 | 南,https://ke-image.ljcdn.com/110000-inspection/6374654b-4bf3-4287-9da9-e013af75ba41_1000.jpg!m_fill,w_280,h_210,f_jpg?from=ke.com
20240306,朝阳,红庙,101121091269,红庙北里东西双阳台 精装修两居,355万,60323元/平,高楼层 (共6层) | 1982年 | 2室1厅 | 58.85平米 | 东 西,https://ke-image.ljcdn.com/110000-inspection/8c946ea8-dce3-4159-bbfd-54770c5becb5_1000.jpg!m_fill,w_280,h_210,f_jpg?from=ke.com
20240306,朝阳,红庙,101121080788,慈云寺 精装修三居室 独楼独院 业主诚意卖 满五年唯一房主自荐,518万,59836元/平,中楼层 (共16层) 3室1厅 | 86.57平米 | 东北,https://ke-image.ljcdn.com/110000-inspection/9b99661e-899b-4547-a62a-81742fac15b0_1000.jpg!m_fill,w_280,h_210,f_jpg?from=ke.com
20240306,朝阳,红庙,101121080767,红庙西里精装一居室南向卧室高楼层视野采光好,290万,75208元/平,中楼层 (共18层) | 1992年 | 1室1厅 | 38.56平米 | 南,https://ke-image.ljcdn.com/110000-inspection/pc1_Eo4rT1maa.jpg!m_fill,w_280,h_210,f_jpg?from=ke.com
20240306,朝阳,红庙,101121069420,国贸南北通透四居室高板楼前后花园采光好,2479万,114993元/平,高楼层 (共10层) | 2009年 | 4室2厅 | 215.58平米 | 南 北,https://ke-image.ljcdn.com/110000-inspection/d99b4e35-efe3-48de-96b9-030bada537f1_1000.jpg!m_fill,w_280,h_210,f_jpg?from=ke.com
20240306,朝阳,红庙,101121041146,金台路 国贸CBD 电梯直达高楼层 双南向采光视野俱佳,368万,65633元/平,高楼层 (共15层) | 1987年 | 2室1厅 | 56.07平米 | 南 北,https://ke-image.ljcdn.com/110000-inspection/8ff9b46d-59a0-468f-988c-157c31e35c05_1000.jpg!m_fill,w_280,h_210,f_jpg?from=ke.com
20240306,朝阳,红庙,101121024876,国贸CBD 红庙北里 西北向两居室 高楼层采光事业好,309万,56162元/平,顶层 (共6层) | 1982年 | 2室1厅 | 55.02平米 | 西北,https://ke-image.ljcdn.com/110000-inspection/pc1_6MG0SVsaW.jpg!m_fill,w_280,h_210,f_jpg?from=ke.com
20240306,朝阳,红庙,101121012527,红庙北里南北两居 明厨明卫 中间楼层,320万,56220元/平,顶层 (共4层) 2室1厅 | 56.92平米 | 南 北,https://ke-image.ljcdn.com/110000-inspection/984d8751-b89e-48a7-a26e-2167041b6f8f_1000.jpg!m_fill,w_280,h_210,f_jpg?from=ke.com
20240306,朝阳,红庙,101121007520,纽约豪园高层精装两居室 观景视野 业主诚售房主自荐,960万,65939元/平,中楼层 (共35层) | 2004年 | 2室2厅 | 145.59平米 | 西,https://ke-image.ljcdn.com/110000-inspection/a0449e5c-763b-49c9-a4f9-0efb79f61689_1000.jpg!m_fill,w_280,h_210,f_jpg?from=ke.com
20240306,朝阳,红庙,101120988286,国贸边西南大3居精装修拎包入住户型好诚意签约,1370万,63802元/平,低楼层 (共29层) | 2007年 | 3室1厅 | 214.73平米 | 西南,https://ke-image.ljcdn.com/110000-inspection/pc1_eV6rZL6zj_1.jpg!m_fill,w_280,h_210,f_jpg?from=ke.com
20240306,朝阳,红庙,101120979967,央视北侧高层三居室全明格局采光好满五唯一,1899万,107477元/平,高楼层 (共28层) 3室2厅 | 176.69平米 | 西 北,https://ke-image.ljcdn.com/110000-inspection/pc1_4GA8shmAn.jpg!m_fill,w_280,h_210,f_jpg?from=ke.com
20240306,朝阳,红庙,101120976852,金台里小区正规一居室楼龄新物业严格诚意出售,298万,68648元/平,中楼层 (共16层) | 1991年 | 1室1厅 | 43.41平米 | 南,https://ke-image.ljcdn.com/110000-inspection/223a02fd-00d5-4705-b2f7-86edb93a2bfc_1000.jpg!m_fill,w_280,h_210,f_jpg?from=ke.com
20240306,朝阳,红庙,101120972608,禧瑞都+次次顶层+东南通风强+全明格局+看央视中国尊,2330万,132658元/平,高楼层 (共28层) 3室1厅 | 175.64平米 | 东南,https://ke-image.ljcdn.com/110000-inspection/737e1f91-fbcf-42b2-a803-d8edd42c3d5d_1000.jpg!m_fill,w_280,h_210,f_jpg?from=ke.com
20240306,朝阳,红庙,101120955409,金台北街交通便利成熟小区配套齐全精装房主自荐,429万,73084元/平,中楼层 (共14层) | 1988年 | 2室1厅 | 58.7平米 | 南,https://ke-image.ljcdn.com/110000-inspection/cac95c29-d33f-403e-9236-c44d0e6414d8_1000.jpg!m_fill,w_280,h_210,f_jpg?from=ke.com
20240306,朝阳,红庙,101120955267,东区国际公寓南北两居户型格局好房主自荐,999万,74342元/平,底层 (共10层) | 2009年 | 2室1厅 | 134.38平米 | 南 北,https://ke-image.ljcdn.com/110000-inspection/pc1_kIu9qo7Og_1.jpg!m_fill,w_280,h_210,f_jpg?from=ke.com
20240306,朝阳,红庙,101120954621,呼家楼新苑 南北通透2居室 1998年,366万,73303元/平,低楼层 (共20层) | 1998年 | 2室1厅 | 49.93平米 | 南 北,https://ke-image.ljcdn.com/110000-inspection/pc1_uHgGGHbq4_1.jpg!m_fill,w_280,h_210,f_jpg?from=ke.com
20240306,朝阳,红庙,101120940147,金台里南北通透明厨明卫户型方正近地铁。,850万,85522元/平,低楼层 (共6层) | 1984年 | 3室1厅 | 99.39平米 | 南 北,https://ke-image.ljcdn.com/110000-inspection/pc1_PBa2obigL.jpg!m_fill,w_280,h_210,f_jpg?from=ke.com
20240306,朝阳,红庙,101120921581,呼家楼南里 楼龄新 东西通透 视野采光好,462万,63124元/平,顶层 (共6层) | 1991年 | 3室1厅 | 73.19平米 | 东 西,https://ke-image.ljcdn.com/110000-inspection/3a08973a-ea3e-4f15-9fbe-4594d8d121a9_1000.jpg!m_fill,w_280,h_210,f_jpg?from=ke.com
20240306,朝阳,红庙,101120919857,东区国际 3室1厅 东南,1080万,72537元/平,高楼层 (共32层) 3室1厅 | 148.89平米 | 东南,https://ke-image.ljcdn.com/110000-inspection/e9c3ef47-3c4d-43e6-85c2-0e412c9d4618_1000.jpg!m_fill,w_280,h_210,f_jpg?from=ke.com
20240306,朝阳,红庙,101120909100,慈云寺全明格局两居室 南北通透,360万,55702元/平,顶层 (共5层) 2室1厅 | 64.63平米 | 南 北,https://ke-image.ljcdn.com/110000-inspection/055f511b-c3f8-4840-9b59-2a66b7aff3ca_1000.jpg!m_fill,w_280,h_210,f_jpg?from=ke.com
20240306,朝阳,红庙,101120894225,新上禧瑞都低价一居室 首套可贷款400万 诚意卖 可看房,1099万,114492元/平,低楼层 (共28层) | 2011年 | 1室1厅 | 95.99平米 | 东,https://ke-image.ljcdn.com/110000-inspection/e587354e-ff3d-4890-bcf2-01dc7dfd118a_1000.jpg!m_fill,w_280,h_210,f_jpg?from=ke.com
20240306,朝阳,红庙,101120885653,大望路地铁附近精装修单价5.8万大三居房主自荐,1008万,58687元/平,低楼层 (共32层) | 2005年 | 3室1厅 | 171.76平米 | 东 南,https://ke-image.ljcdn.com/110000-inspection/4e58fc02-4533-432d-bc73-d30f42337621_1000.jpg!m_fill,w_280,h_210,f_jpg?from=ke.com
20240306,朝阳,红庙,101120873633,慈云寺南向两居 有客厅 高楼层 视野开阔 楼道贴地转,455万,71463元/平,高楼层 (共22层) | 1992年 | 2室1厅 | 63.67平米 | 南,https://ke-image.ljcdn.com/110000-inspection/pc1_4bBqiHQfl.jpg!m_fill,w_280,h_210,f_jpg?from=ke.com
20240306,朝阳,红庙,101120854516,东区国际 中高楼层 满五年唯一 视野好,640万,77774元/平,中楼层 (共26层) | 2005年 | 1室1厅 | 82.29平米 | 北,https://ke-image.ljcdn.com/110000-inspection/fb1b8fdd-6b37-446f-b1d8-8e67a438efc7_1000.jpg!m_fill,w_280,h_210,f_jpg?from=ke.com
20240306,朝阳,红庙,101120849403,延静里中街 1991年楼龄 观景CBD 全明小两居室,320万,51456元/平,顶层 (共6层) | 1991年 | 2室0厅 | 62.19平米 | 东 西,https://ke-image.ljcdn.com/110000-inspection/cc789fe8-53de-40bd-9770-6f0d429b38d3_1000.jpg!m_fill,w_280,h_210,f_jpg?from=ke.com
20240306,朝阳,红庙,101120837438,慈云寺南北通透 中间楼层 精装修 2居室房主自荐,347万,57318元/平,高楼层 (共6层) 2室1厅 | 60.54平米 | 南 北,https://ke-image.ljcdn.com/110000-inspection/pc1_b1SrltOrt.jpg!m_fill,w_280,h_210,f_jpg?from=ke.com
20240306,朝阳,红庙,101120828753,延静西里 2室1厅 南 北,410万,65716元/平,中楼层 (共6层) | 1983年 | 2室1厅 | 62.39平米 | 南 北,https://ke-image.ljcdn.com/110000-inspection/pc1_Ukcr40RXr.jpg!m_fill,w_280,h_210,f_jpg?from=ke.com
20240306,朝阳,红庙,101120807341,金台里 南北通透  前后不临街,385万,59867元/平,高楼层 (共6层) | 1977年 | 2室1厅 | 64.31平米 | 南 北,https://ke-image.ljcdn.com/110000-inspection/pc1_YgEwaRoGW.jpg!m_fill,w_280,h_210,f_jpg?from=ke.com
20240306,朝阳,红庙,101120806422,呼家楼 金台北街 电梯楼 南向一居 双地铁金台路站,307万,72151元/平,低楼层 (共14层) | 1988年 | 1室1厅 | 42.55平米 | 南 北,https://ke-image.ljcdn.com/110000-inspection/pc1_RL3LeUC48.jpg!m_fill,w_280,h_210,f_jpg?from=ke.com
20240306,朝阳,红庙,101120695659,延静西里精装修两居室拎包入住,330万,60385元/平,高楼层 (共6层) 2室1厅 | 54.65平米 | 南 北,https://ke-image.ljcdn.com/110000-inspection/pc1_9PFEYV8yx.jpg!m_fill,w_280,h_210,f_jpg?from=ke.com
20240306,朝阳,红庙,101120693719,延静里中街 2室1厅 东 西房主自荐,339万,58885元/平,中楼层 (共6层) 2室1厅 | 57.57平米 | 东 西,https://ke-image.ljcdn.com/110000-inspection/00d99295-e93a-40e4-9a85-83f02f933095_1000.jpg!m_fill,w_280,h_210,f_jpg?from=ke.com
20240306,朝阳,红庙,101120662345,慈云寺南向一居 采光充足 安静不吵,235万,62401元/平,顶层 (共6层) | 1979年 | 1室1厅 | 37.66平米 | 南,https://ke-image.ljcdn.com/110000-inspection/pc1_BCI7uDw2B.jpg!m_fill,w_280,h_210,f_jpg?from=ke.com
20240306,朝阳,红庙,101120662321,纽约豪园 全新品牌精装修 观景房源 看房方便房主自荐,1350万,71046元/平,低楼层 (共35层) | 2005年 | 3室1厅 | 190.02平米 | 西北,https://ke-image.ljcdn.com/110000-inspection/607db2d2-0565-40ec-8f7a-55a7eb634cd4_1000.jpg!m_fill,w_280,h_210,f_jpg?from=ke.com
20240306,朝阳,红庙,101120653967,红庙北里 满五年 精装 南北通透房主自荐,309万,51803元/平,顶层 (共5层) | 1977年 | 2室1厅 | 59.65平米 | 南 北,https://ke-image.ljcdn.com/110000-inspection/pc1_wZ73SYj13_1.jpg!m_fill,w_280,h_210,f_jpg?from=ke.com
20240306,朝阳,红庙,101120648898,东区国际东向两居 诚意出售 高层视野好房主自荐,820万,63301元/平,高楼层 (共32层) | 2005年 | 2室1厅 | 129.54平米 | 东,https://ke-image.ljcdn.com/110000-inspection/pc1_yz6Rbfgi7.jpg!m_fill,w_280,h_210,f_jpg?from=ke.com
20240306,朝阳,红庙,101120646244,东区国际 北向一居室 高层观景房 精装修,560万,68053元/平,中楼层 (共26层) 1室1厅 | 82.29平米 | 东 北,https://ke-image.ljcdn.com/110000-inspection/1ecfb3a2-fe80-41e7-ad24-c648e9a2aa1c_1000.jpg!m_fill,w_280,h_210,f_jpg?from=ke.com
20240306,朝阳,红庙,101120645535,纽约豪园 精装两居 西向观景 看房方便房主自荐,970万,66626元/平,中楼层 (共35层) | 2004年 | 2室2厅 | 145.59平米 | 西北,https://ke-image.ljcdn.com/110000-inspection/96f1fe3f-99f9-4f5e-a4e8-b505ec24ffc5_1000.jpg!m_fill,w_280,h_210,f_jpg?from=ke.com
20240306,朝阳,红庙,101120639672,慈云寺 满五年  业主诚意卖 南北通透两居室,340万,56162元/平,中楼层 (共6层) | 1986年 | 2室1厅 | 60.54平米 | 南 北,https://ke-image.ljcdn.com/110000-inspection/17bf109c-4017-44bf-ba21-424852d5222e_1000.jpg!m_fill,w_280,h_210,f_jpg?from=ke.com
20240306,朝阳,红庙,101120628460,人民日报社南北通透精装修外挂电梯户型方正格局好急售,670万,104297元/平,中楼层 (共6层) | 1997年 | 2室1厅 | 64.24平米 | 南 北,https://ke-image.ljcdn.com/110000-inspection/54987e28-142c-47c9-b8d0-7cdfed94bef8_1000.jpg!m_fill,w_280,h_210,f_jpg?from=ke.com
20240306,朝阳,红庙,101120621288,金台里南北通透中间楼层户型方正格局好采光视野好急售,386万,68404元/平,中楼层 (共5层) | 1979年 | 3室1厅 | 56.43平米 | 南 北,https://ke-image.ljcdn.com/110000-inspection/fb06bc3a-d6b9-441e-b54c-4802bec87193_1000.jpg!m_fill,w_280,h_210,f_jpg?from=ke.com
20240306,朝阳,红庙,101120548815,人民日报社家属区楼龄新电梯直达三室一厅,938万,98821元/平,高楼层 (共22层) | 2002年 | 3室1厅 | 94.92平米 | 东 南 西 北,https://ke-image.ljcdn.com/110000-inspection/pc1_tOX2wrykn.jpg!m_fill,w_280,h_210,f_jpg?from=ke.com
20240306,朝阳,红庙,101120528705,呼家楼金台里很新的楼 房子户型好 双南带客厅,545万,87424元/平,中楼层 (共16层) | 1991年 | 2室1厅 | 62.34平米 | 南,https://ke-image.ljcdn.com/110000-inspection/pc1_mCmXQte3M.jpg!m_fill,w_280,h_210,f_jpg?from=ke.com
20240306,朝阳,红庙,101120528071,满五年唯一明厨明卫独楼独院视野采光好房主自荐,369万,56354元/平,中楼层 (共15层) | 1986年 | 2室1厅 | 65.48平米 | 东北,https://ke-image.ljcdn.com/110000-inspection/pc1_0RnVpqmZc.jpg!m_fill,w_280,h_210,f_jpg?from=ke.com
20240306,朝阳,红庙,101120515255,慈云寺 南北向两室 电梯直达 采光视野好,330万,55010元/平,中楼层 (共14层) | 1983年 | 2室1厅 | 59.99平米 | 南 北,https://ke-image.ljcdn.com/110000-inspection/pc1_cFu4OLAdJ.jpg!m_fill,w_280,h_210,f_jpg?from=ke.com
20240306,朝阳,红庙,101120513361,金台里新楼 到电梯且直达 南北通透双卧南向,510万,75133元/平,低楼层 (共12层) | 1992年 | 2室1厅 | 67.88平米 | 南 北,https://ke-image.ljcdn.com/110000-inspection/3d672a96-2390-427a-b5ef-835c3efe146d_1000.jpg!m_fill,w_280,h_210,f_jpg?from=ke.com
20240306,朝阳,红庙,101120512474,国贸CBD央视旁 呼家楼新苑 南向 高层视野好 一居室,405万,76647元/平,中楼层 (共20层) | 1997年 | 1室1厅 | 52.84平米 | 南,https://ke-image.ljcdn.com/110000-inspection/pc1_HReannUMN_1.jpg!m_fill,w_280,h_210,f_jpg?from=ke.com
20240306,朝阳,红庙,101120505424,人民日报社家属区 带电梯 南北通透两居室,635万,99906元/平,低楼层 (共6层) 2室1厅 | 63.56平米 | 南 北,https://ke-image.ljcdn.com/110000-inspection/pc1_EYnHdoSql.jpg!m_fill,w_280,h_210,f_jpg?from=ke.com
20240306,朝阳,红庙,101120503925,东区国际南向三居 中间楼层 采光充足 视野开阔房主自荐,1399万,70175元/平,中楼层 (共22层) | 2009年 | 3室1厅 | 199.36平米 | 东南,https://ke-image.ljcdn.com/110000-inspection/pc1_FfTRTuMgq.jpg!m_fill,w_280,h_210,f_jpg?from=ke.com
20240306,朝阳,红庙,101120502706,延静西里 南北通透两居室 业主诚意出售,360万,65159元/平,高楼层 (共6层) | 1988年 | 2室1厅 | 55.25平米 | 南 北,https://ke-image.ljcdn.com/110000-inspection/pc1_ZV6kJA8Di_1.jpg!m_fill,w_280,h_210,f_jpg?from=ke.com
20240306,朝阳,红庙,101120487097,延静西里 东南两居室 业主诚意出售 看房方便,300万,55680元/平,顶层 (共6层) | 1988年 | 2室1厅 | 53.88平米 | 东南,https://ke-image.ljcdn.com/110000-inspection/pc1_bupmBQcXN_1.jpg!m_fill,w_280,h_210,f_jpg?from=ke.com
20240306,朝阳,红庙,101120487006,慈云寺 东南小两居室  业主诚意卖 四环里,315万,60195元/平,低楼层 (共21层) | 1990年 | 2室1厅 | 52.33平米 | 东,https://ke-image.ljcdn.com/110000-inspection/pc1_AV1GqQOGF.jpg!m_fill,w_280,h_210,f_jpg?from=ke.com
20240306,朝阳,红庙,101120482855,红庙北里 精装修两室 低楼层 上下楼方便,332万,59917元/平,低楼层 (共6层) | 1982年 | 2室1厅 | 55.41平米 | 东 北,https://ke-image.ljcdn.com/110000-inspection/pc1_8b3jUqZHA_1.jpg!m_fill,w_280,h_210,f_jpg?from=ke.com
20240306,朝阳,红庙,101120473730,满五年唯一自如2023年精装修,326万,54198元/平,顶层 (共14层) | 1983年 | 2室1厅 | 60.15平米 | 南 北,https://ke-image.ljcdn.com/110000-inspection/pc1_CQA7DCFJh.jpg!m_fill,w_280,h_210,f_jpg?from=ke.com
20240306,朝阳,红庙,101120462454,东区国际 精装修 明厨明卫 格局好 诚意出售 看房方便,550万,67810元/平,低楼层 (共26层) | 2005年 | 1室1厅 | 81.11平米 | 北,https://ke-image.ljcdn.com/110000-inspection/pc1_V2zAk9nVd.jpg!m_fill,w_280,h_210,f_jpg?from=ke.com
20240306,朝阳,红庙,101120439988,金台里 中间楼层 精装修 南北两居室,429万,67549元/平,中楼层 (共6层) | 1977年 | 2室1厅 | 63.51平米 | 南 北,https://ke-image.ljcdn.com/110000-inspection/pc1_7eiiGdtjA.jpg!m_fill,w_280,h_210,f_jpg?from=ke.com
20240306,朝阳,红庙,101120430317,金台路延静西里 南北通透三居室 前后不临街,488万,74847元/平,底层 (共6层) | 1986年 | 3室1厅 | 65.2平米 | 南 北,https://ke-image.ljcdn.com/110000-inspection/pc1_diqUMAKCC_1.jpg!m_fill,w_280,h_210,f_jpg?from=ke.com
20240306,朝阳,红庙,101120426457,延静西里 正规一室 精装修 不临街,238万,55427元/平,顶层 (共6层) | 1988年 | 1室1厅 | 42.94平米 | 东 北,https://ke-image.ljcdn.com/110000-inspection/8b9ee1d5-0081-4915-a350-a3651d7d04f1_1000.jpg!m_fill,w_280,h_210,f_jpg?from=ke.com
20240306,朝阳,红庙,101120403202,满五年唯一东向三居室落地窗的设计保养情况好,890万,51893元/平,底层 (共32层) | 2005年 | 3室1厅 | 171.51平米 | 东,https://ke-image.ljcdn.com/110000-inspection/pc1_WHFS5enik_1.jpg!m_fill,w_280,h_210,f_jpg?from=ke.com
20240306,朝阳,红庙,101120403209,红庙商圈邻近国贸CBD适合一家三代人居住,498万,56240元/平,高楼层 (共18层) 3室1厅 | 88.55平米 | 东北,https://ke-image.ljcdn.com/110000-inspection/pc1_z69kIgMhG.jpg!m_fill,w_280,h_210,f_jpg?from=ke.com
20240306,朝阳,红庙,101120402267,金台路大望路 6号14号线换乘站 地理位置方便 看房方便,330万,49662元/平,地下室 (共6层) | 1986年 | 3室1厅 | 66.45平米 | 东 南 北,https://ke-image.ljcdn.com/110000-inspection/pc1_xUTtAJLPx_1.jpg!m_fill,w_280,h_210,f_jpg?from=ke.com
20240306,朝阳,红庙,101120402256,金台北街  南北向三居室  明厨明卫,605万,66601元/平,顶层 (共16层) 3室1厅 | 90.84平米 | 南 北,https://ke-image.ljcdn.com/110000-inspection/pc1_ibeIAFjXW.jpg!m_fill,w_280,h_210,f_jpg?from=ke.com
20240306,朝阳,红庙,101120401822,人民日报社家属区97年板楼有外挂电梯南北通透一居,505万,98116元/平,中楼层 (共6层) | 1997年 | 1室1厅 | 51.47平米 | 南 北,https://ke-image.ljcdn.com/110000-inspection/pc1_I75ILxtny.jpg!m_fill,w_280,h_210,f_jpg?from=ke.com
20240306,朝阳,红庙,101120400848,东区国际精装修2居4号楼小区内部安静对花园房主自荐,930万,71555元/平,低楼层 (共26层) 2室2厅 | 129.97平米 | 东,https://ke-image.ljcdn.com/110000-inspection/f63bbd24-9d7c-4b17-a3b5-36310eacac58_1000.jpg!m_fill,w_280,h_210,f_jpg?from=ke.com
20240306,朝阳,红庙,101120389164,红庙西里2室  高层带电梯  采光好双向无遮挡视野通透房主自荐,418万,63954元/平,中楼层 (共14层) 2室1厅 | 65.36平米 | 东 西,https://ke-image.ljcdn.com/110000-inspection/pc1_Q5NEEeBA3.jpg!m_fill,w_280,h_210,f_jpg?from=ke.com
20240306,朝阳,红庙,101120364273,红庙北里  东南两居室无遮挡视野开阔诚意出售,309万,59458元/平,顶层 (共6层) | 1982年 | 2室1厅 | 51.97平米 | 东南,https://ke-image.ljcdn.com/110000-inspection/pc1_PCLxxqntp.jpg!m_fill,w_280,h_210,f_jpg?from=ke.com
20240306,朝阳,红庙,101120361584,国贸CBD 红庙北里  东北向三居室 地铁口 楼龄新可组合,440万,60657元/平,中楼层 (共18层) 3室1厅 | 72.54平米 | 东北,https://ke-image.ljcdn.com/110000-inspection/pc1_RDcx68AV3.jpg!m_fill,w_280,h_210,f_jpg?from=ke.com
20240306,朝阳,红庙,101120345943,东区国际 高楼层无遮挡 视野开阔 采光充足 三室两卫,1150万,77239元/平,高楼层 (共32层) 3室1厅 | 148.89平米 | 南,https://ke-image.ljcdn.com/110000-inspection/pc1_azawDLcD4.jpg!m_fill,w_280,h_210,f_jpg?from=ke.com
20240306,朝阳,红庙,101120343691,延静西里小区环境好 采光无遮挡 双地铁500米,389万,61309元/平,中楼层 (共17层) | 1986年 | 2室1厅 | 63.45平米 | 东北,https://ke-image.ljcdn.com/110000-inspection/792fe873-398f-4f36-b68f-a0b04e5041cf_1000.jpg!m_fill,w_280,h_210,f_jpg?from=ke.com
20240306,朝阳,红庙,101120323138,呼家楼新苑 1室1厅 南,320万,67941元/平,中楼层 (共20层) | 1998年 | 1室1厅 | 47.1平米 | 南,https://ke-image.ljcdn.com/110000-inspection/5856efcd-cde9-4e64-b688-e64ad2e2a6ea_1000.jpg!m_fill,w_280,h_210,f_jpg?from=ke.com
20240306,朝阳,红庙,101120322676,慈云寺小区中间楼层两居室 小区环境好,269万,57788元/平,中楼层 (共6层) | 1979年 | 2室1厅 | 46.55平米 | 东北,https://ke-image.ljcdn.com/110000-inspection/pc1_3BtAMs2Jv_1.jpg!m_fill,w_280,h_210,f_jpg?from=ke.com
20240306,朝阳,红庙,101120322445,此房满五年家庭名下一套楼层低楼龄新,340万,59059元/平,低楼层 (共6层) | 1991年 | 2室1厅 | 57.57平米 | 西 东,https://ke-image.ljcdn.com/110000-inspection/pc1_ksG0OmWnn_1.jpg!m_fill,w_280,h_210,f_jpg?from=ke.com
20240306,朝阳,红庙,101120317034,纽约豪园 西向观景三居室 看房方便 业主诚售房主自荐,1200万,63152元/平,低楼层 (共35层) | 2004年 | 3室1厅 | 190.02平米 | 西北,https://ke-image.ljcdn.com/110000-inspection/pc1_Qfu5TOAHe.jpg!m_fill,w_280,h_210,f_jpg?from=ke.com
20240306,朝阳,红庙,101120308934,大望路国贸区域中楼层落地窗高品质改善3居,1150万,66575元/平,中楼层 (共26层) | 2005年 | 3室1厅 | 172.74平米 | 东,https://ke-image.ljcdn.com/110000-inspection/pc1_ajprynM3X.jpg!m_fill,w_280,h_210,f_jpg?from=ke.com
20240306,朝阳,红庙,101120307667,东南向采光好安静舒适大落地窗业主诚意出售,1020万,60802元/平,中楼层 (共35层) 3室1厅 | 167.76平米 | 东南,https://ke-image.ljcdn.com/110000-inspection/80995143-b1f9-43a7-8882-50aaeaec74ed_1000.jpg!m_fill,w_280,h_210,f_jpg?from=ke.com
20240306,朝阳,红庙,101120289511,华业玫瑰东方西向观景效果好两居,935万,93933元/平,低楼层 (共11层) | 2007年 | 2室1厅 | 99.54平米 | 东 西,https://ke-image.ljcdn.com/110000-inspection/pc1_Iuf9YEBJK_1.jpg!m_fill,w_280,h_210,f_jpg?from=ke.com
20240306,朝阳,红庙,101120288962,东区国际纯商品房社区近地铁,820万,61729元/平,低楼层 (共27层) | 2005年 | 2室1厅 | 132.84平米 | 南 北,https://ke-image.ljcdn.com/110000-inspection/pc1_1TmRbyF2r.jpg!m_fill,w_280,h_210,f_jpg?from=ke.com
20240306,朝阳,红庙,101120280873,红庙北里 金台路地铁6.14业主诚意出售 电梯房,350万,62781元/平,底层 (共16层) | 1984年 | 2室0厅 | 55.75平米 | 东南,https://ke-image.ljcdn.com/110000-inspection/pc1_tjmxZBzKK.jpg!m_fill,w_280,h_210,f_jpg?from=ke.com
20240306,朝阳,红庙,101120272971,金台里 中间楼层 南向两居 满五年家庭名下唯一住房,395万,75224元/平,中楼层 (共6层) | 1980年 | 2室1厅 | 52.51平米 | 南,https://ke-image.ljcdn.com/110000-inspection/pc1_ERqFFBbn0.jpg!m_fill,w_280,h_210,f_jpg?from=ke.com
20240306,朝阳,红庙,101120272792,金台里精装婚房塔楼东南向两居央产单位,480万,80945元/平,低楼层 (共16层) | 1991年 | 2室1厅 | 59.3平米 | 东南,https://ke-image.ljcdn.com/110000-inspection/1dadcb90-314f-433b-9811-8f596583e876_1000.jpg!m_fill,w_280,h_210,f_jpg?from=ke.com
20240306,朝阳,红庙,101120266918,呼家楼新苑 南北通透两居 带客厅,450万,62850元/平,低楼层 (共20层) | 1997年 | 2室1厅 | 71.6平米 | 南 北,https://ke-image.ljcdn.com/110000-inspection/efda5814-fa78-4e37-8bcb-1f8eb2646520_1000.jpg!m_fill,w_280,h_210,f_jpg?from=ke.com
20240306,朝阳,红庙,101120264799,金台里小区 文联家属楼 双南向两室 精装修,395万,68684元/平,顶层 (共6层) | 1984年 | 2室1厅 | 57.51平米 | 南,https://ke-image.ljcdn.com/110000-inspection/pc1_FCjaa93uM.jpg!m_fill,w_280,h_210,f_jpg?from=ke.com
20240306,朝阳,红庙,101120255253,满五年唯一70年产权带电梯出行方便,175万,70395元/平,低楼层 (共6层) | 1991年 | 1室0厅 | 24.86平米 | 北,https://ke-image.ljcdn.com/110000-inspection/877c885b-77b7-41d5-8274-245e7982b7fe_1000.jpg!m_fill,w_280,h_210,f_jpg?from=ke.com
20240306,朝阳,红庙,101120249534,呼家楼南里 1996年 海关家属楼 单独管理,778万,74522元/平,中楼层 (共6层) | 1996年 | 3室2厅 | 104.4平米 | 北 南,https://ke-image.ljcdn.com/110000-inspection/pc1_jVkrZIfEe.jpg!m_fill,w_280,h_210,f_jpg?from=ke.com
20240306,朝阳,红庙,101120247127,高层带电梯精装修拎包入住。,437万,76252元/平,高楼层 (共16层) 2室1厅 | 57.31平米 | 南,https://ke-image.ljcdn.com/110000-inspection/pc1_LxRQnZIEF.jpg!m_fill,w_280,h_210,f_jpg?from=ke.com
20240306,朝阳,红庙,101120241337,红庙小区东南电梯三居 采光通风视野好,528万,64179元/平,低楼层 (共18层) | 1989年 | 3室1厅 | 82.27平米 | 东南,https://ke-image.ljcdn.com/110000-inspection/pc1_vXyWqDkeL.jpg!m_fill,w_280,h_210,f_jpg?from=ke.com
20240306,朝阳,红庙,101120235824,团结湖 红庙北里 正规三居 临地铁 近公园,430万,59278元/平,低楼层 (共18层) | 1989年 | 3室1厅 | 72.54平米 | 西北,https://ke-image.ljcdn.com/110000-inspection/dfc818d3-819a-43a3-a8f1-39f80c3debeb_1000.jpg!m_fill,w_280,h_210,f_jpg?from=ke.com
20240306,朝阳,红庙,101120231710,金台路国贸CBD 一层三居室 出入方便 满五年成本价,453万,65529元/平,底层 (共6层) | 1985年 | 3室1厅 | 69.13平米 | 南 北,https://ke-image.ljcdn.com/110000-inspection/pc1_2cBUjAhRI.jpg!m_fill,w_280,h_210,f_jpg?from=ke.com
20240306,朝阳,红庙,101120215644,红庙北里小区带客厅二居室近地铁有客厅户型方正灵活,352万,65270元/平,中楼层 (共5层) 2室1厅 | 53.93平米 | 南,https://ke-image.ljcdn.com/110000-inspection/efa5d970-31e7-40ef-8918-6669ef0b12a2_1000.jpg!m_fill,w_280,h_210,f_jpg?from=ke.com
20240306,朝阳,红庙,101120190765,呼家楼新街大院高层全南向采光好视野好三居室,730万,79582元/平,高楼层 (共18层) | 1991年 | 3室1厅 | 91.73平米 | 南,https://ke-image.ljcdn.com/110000-inspection/pc1_3qBuPoFyN.jpg!m_fill,w_280,h_210,f_jpg?from=ke.com
20240306,朝阳,红庙,101120124575,国贸商品房三居观花园满五唯一高层视野采光好,1180万,68311元/平,高楼层 (共26层) 3室1厅 | 172.74平米 | 东,https://ke-image.ljcdn.com/110000-inspection/2666384d-e33c-4bb3-b7da-52ee7dcfbb5e_1000.jpg!m_fill,w_280,h_210,f_jpg?from=ke.com
20240306,朝阳,红庙,101120080166,红庙北里第一住宅小区户型方正精装修,785万,71222元/平,中楼层 (共4层) 3室1厅 | 110.22平米 | 南 北,https://ke-image.ljcdn.com/110000-inspection/b9ed1c5a-856c-41f2-9dc5-ca984bab2358_1000.jpg!m_fill,w_280,h_210,f_jpg?from=ke.com
20240306,朝阳,红庙,101120051954,呼家楼南里 海关家属楼 楼龄新 独门独院,619万,70962元/平,顶层 (共6层) | 1996年 | 2室1厅 | 87.23平米 | 南 北,https://ke-image.ljcdn.com/110000-inspection/pc1_sA313U4pV.jpg!m_fill,w_280,h_210,f_jpg?from=ke.com
20240306,朝阳,红庙,101120038571,慈云寺 国贸DNA  满五唯一 业主诚意卖 看房方便,216万,66116元/平,中楼层 (共6层) | 1991年 | 1室0厅 | 32.67平米 | 南,https://ke-image.ljcdn.com/110000-inspection/pc1_XXC9AwjGr.jpg!m_fill,w_280,h_210,f_jpg?from=ke.com
20240306,朝阳,红庙,101120037551,禧瑞都 高层西北三居室 满五年唯一2012年楼盘,2050万,116227元/平,中楼层 (共28层) | 2010年 | 3室1厅 | 176.38平米 | 西北,https://ke-image.ljcdn.com/110000-inspection/568f8cbf-b9ae-4b3f-9fdf-7b99f97c20d1_1000.jpg!m_fill,w_280,h_210,f_jpg?from=ke.com
20240306,朝阳,红庙,101120019534,金台路 国贸CBD 两居室 满五唯一 产权清晰,210万,42580元/平,地下室 (共6层) | 1986年 | 2室1厅 | 49.32平米 | 南,https://ke-image.ljcdn.com/110000-inspection/pc1_xC1vUcwDJ.jpg!m_fill,w_280,h_210,f_jpg?from=ke.com
20240306,朝阳,红庙,101119884721,西向看小区花园三季有花四季有景不临街私密性好,1891万,107212元/平,中楼层 (共28层) 3室2厅 | 176.38平米 | 西北,https://ke-image.ljcdn.com/110000-inspection/870ad6d5-ecba-4da3-9ba8-cefaf4479066_1000.jpg!m_fill,w_280,h_210,f_jpg?from=ke.com
20240306,朝阳,红庙,101119786996,金台路 国贸CBD 文化部家属楼 户型方正 精装修,578万,69816元/平,顶层 (共6层) | 1984年 | 3室1厅 | 82.79平米 | 南 北,https://ke-image.ljcdn.com/110000-inspection/pc1_BgRE34MuM.jpg!m_fill,w_280,h_210,f_jpg?from=ke.com
20240306,朝阳,红庙,101119758218,泰达时代2008年房子东南三居室高楼层,1090万,49957元/平,高楼层 (共26层) 3室2厅 | 218.19平米 | 东 南,https://ke-image.ljcdn.com/110000-inspection/pc1_7g6JuauRg.jpg!m_fill,w_280,h_210,f_jpg?from=ke.com
20240306,朝阳,红庙,101119668951,纽约豪园西南向景观三居室看中国尊,1222万,63953元/平,低楼层 (共31层) | 2001年 | 3室1厅 | 191.08平米 | 西 南 西南,https://ke-image.ljcdn.com/110000-inspection/f17018e4-59a6-49da-9a43-81c8da427dd7_1000.jpg!m_fill,w_280,h_210,f_jpg?from=ke.com
20240306,朝阳,红庙,101119371212,禧瑞都 3室1厅 东南 东 南,2100万,119905元/平,低楼层 (共28层) | 2010年 | 3室1厅 | 175.14平米 | 东南 东 南,https://ke-image.ljcdn.com/110000-inspection/pc1_TCxK6Xaic.jpg!m_fill,w_280,h_210,f_jpg?from=ke.com
20240306,朝阳,红庙,101119247150,西大望路满五唯一诚意出售楼龄新,352万,68125元/平,高楼层 (共16层) | 1989年 | 2室1厅 | 51.67平米 | 东,https://ke-image.ljcdn.com/110000-inspection/a6c6f7be-5cc1-455b-8cde-0a5f4df4fd72_1000.jpg!m_fill,w_280,h_210,f_jpg?from=ke.com
20240306,朝阳,红庙,101119241399,金台里双南带阳台两居明厨明卫近地铁近公园,422万,71164元/平,中楼层 (共6层) | 1984年 | 2室1厅 | 59.3平米 | 南,https://ke-image.ljcdn.com/110000-inspection/86bd478c-d9ad-4850-98ef-a7741a4a90b2_1000.jpg!m_fill,w_280,h_210,f_jpg?from=ke.com
20240306,朝阳,红庙,101119165298,红庙北里  金台路地铁口明厨明卫两居室户型方正,275万,53202元/平,顶层 (共5层) 2室1厅 | 51.69平米 | 东 西,https://ke-image.ljcdn.com/110000-inspection/dbda2641-d87d-45f7-88a9-e9117ead2441_1000.jpg!m_fill,w_280,h_210,f_jpg?from=ke.com
20240306,朝阳,红庙,101119162942,金台里电梯房 楼龄新 采光好 管理好,425万,66200元/平,中楼层 (共15层) | 1991年 | 2室1厅 | 64.2平米 | 东 西,https://ke-image.ljcdn.com/110000-inspection/ce82ead4-5ee5-4f94-a05c-5555aabf8c00_1000.jpg!m_fill,w_280,h_210,f_jpg?from=ke.com
20240306,朝阳,红庙,101119133242,满五年唯一 高楼层无遮挡视野好业主诚意出售,2260万,63700元/平,高楼层 (共35层) | 2004年 | 6室1厅 | 354.79平米 | 西北 东北,https://ke-image.ljcdn.com/110000-inspection/pc1_1gK6PmmJr_1.jpg!m_fill,w_280,h_210,f_jpg?from=ke.com
20240306,朝阳,红庙,101118981107,纽约豪园 高层三居室 东南向采光好 保养好拎包入住房主自荐,1198万,71412元/平,中楼层 (共35层) | 2004年 | 3室1厅 | 167.76平米 | 东南,https://ke-image.ljcdn.com/110000-inspection/2ebde184-fa42-4ac8-ae65-2b8ff80106a3_1000.jpg!m_fill,w_280,h_210,f_jpg?from=ke.com
20240306,朝阳,红庙,101118968048,泰达时代高层观景两居室业主诚意出售,780万,53272元/平,高楼层 (共26层) 2室1厅 | 146.42平米 | 东北,https://ke-image.ljcdn.com/110000-inspection/pc1_od1Od3H8Q.jpg!m_fill,w_280,h_210,f_jpg?from=ke.com
20240306,朝阳,红庙,101118928532,东三环呼家楼新街大院近地铁采光好,410万,99684元/平,中楼层 (共4层) | 1973年 | 2室0厅 | 41.13平米 | 南,https://ke-image.ljcdn.com/110000-inspection/pc1_VMngzcRIv.jpg!m_fill,w_280,h_210,f_jpg?from=ke.com
20240306,朝阳,红庙,101118844914,东区国际 3室2厅 东南,1460万,67496元/平,中楼层 (共29层) | 2007年 | 3室2厅 | 216.31平米 | 东南,https://ke-image.ljcdn.com/110000-inspection/pc1_CC83yTlEw.jpg!m_fill,w_280,h_210,f_jpg?from=ke.com
20240306,朝阳,红庙,101118786241,红庙北里全南向两居 满五唯一节约购房成本 看房提前约,295万,66637元/平,顶层 (共5层) 2室0厅 | 44.27平米 | 南,https://ke-image.ljcdn.com/110000-inspection/pc1_ql82dX1KW.jpg!m_fill,w_280,h_210,f_jpg?from=ke.com
20240306,朝阳,红庙,101118770508,此房是禧瑞都在售楼层高的一居室东向仅付契税。房主自荐,1160万,107130元/平,高楼层 (共28层) 1室1厅 | 108.28平米 | 东,https://ke-image.ljcdn.com/110000-inspection/16cc6b19-9baf-4f90-9684-378abf3a216f_1000.jpg!m_fill,w_280,h_210,f_jpg?from=ke.com
20240306,朝阳,红庙,101118700802,泰达时代东向两居室户型方正无遮挡业主诚意卖,715万,51222元/平,低楼层 (共26层) | 2008年 | 2室1厅 | 139.59平米 | 东,https://ke-image.ljcdn.com/110000-inspection/pc1_POwmlU8Wg.jpg!m_fill,w_280,h_210,f_jpg?from=ke.com
20240306,朝阳,红庙,101118680039,纽约豪园满五唯一东南采光中间楼层带飘窗,1060万,62693元/平,中楼层 (共31层) | 2001年 | 3室1厅 | 169.08平米 | 东南,https://ke-image.ljcdn.com/110000-inspection/9815c787-c437-4ae8-823d-a4881bd9472d_1000.jpg!m_fill,w_280,h_210,f_jpg?from=ke.com
20240306,朝阳,红庙,101118553879,东区国际 三室两厅 双卫 采光视野无遮挡,1120万,72794元/平,中楼层 (共32层) | 2005年 | 3室1厅 | 153.86平米 | 东 北 东北,https://ke-image.ljcdn.com/110000-inspection/pc1_wQugoA5wP.jpg!m_fill,w_280,h_210,f_jpg?from=ke.com
20240306,朝阳,红庙,101118488848,东区国际 南北通透四居室 板楼 一梯两户 诚意卖,1850万,85816元/平,中楼层 (共10层) 4室1厅 | 215.58平米 | 南 北,https://ke-image.ljcdn.com/110000-inspection/7e0e5759-1eca-41ff-b9bd-bc33e9fc3da6_1000.jpg!m_fill,w_280,h_210,f_jpg?from=ke.com
20240306,朝阳,红庙,101118354726,此房楼层高采光视野好业主精装修诚意出售。房主自荐,468万,72807元/平,高楼层 (共16层) | 1988年 | 2室1厅 | 64.28平米 | 南 北,https://ke-image.ljcdn.com/110000-inspection/pc1_5qS6MPWv2.jpg!m_fill,w_280,h_210,f_jpg?from=ke.com
20240306,朝阳,红庙,101118244298,东区国际 百万装修 大两居室看房方便,1100万,72345元/平,高楼层 (共29层) | 2007年 | 2室1厅 | 152.05平米 | 西北,https://ke-image.ljcdn.com/110000-inspection/f41517f6-05e9-489b-b5a5-fde9eee2d2d2_1000.jpg!m_fill,w_280,h_210,f_jpg?from=ke.com
20240306,朝阳,红庙,101118093324,地铁300米 电梯直达 东南向视野采光好 随时签约房主自荐,417万,66795元/平,中楼层 (共15层) 2室1厅 | 62.43平米 | 东 南,https://ke-image.ljcdn.com/110000-inspection/b3e8870f-1230-47de-9d68-ff0784cb45c6_1000.jpg!m_fill,w_280,h_210,f_jpg?from=ke.com
20240306,朝阳,红庙,101118059210,禧瑞都东南三居 看央视中国尊  业主自住保养好,2200万,125779元/平,低楼层 (共28层) | 2010年 | 3室1厅 | 174.91平米 | 东南,https://ke-image.ljcdn.com/110000-inspection/b0ceb967-ef5e-412b-98cc-91503520aac6_1000.jpg!m_fill,w_280,h_210,f_jpg?from=ke.com
20240306,朝阳,红庙,101117934333,东区国际 南向三室 业主诚意 户型好 房子满五唯一,1410万,70727元/平,中楼层 (共22层) | 2009年 | 3室1厅 | 199.36平米 | 东 东南 南 西南 西,https://ke-image.ljcdn.com/110000-inspection/pc1_KhRaaOJT1_1.jpg!m_fill,w_280,h_210,f_jpg?from=ke.com
20240306,朝阳,红庙,101117934303,东区国际 2009年的建筑 精装修,1320万,66212元/平,低楼层 (共22层) | 2009年 | 3室1厅 | 199.36平米 | 东南,https://ke-image.ljcdn.com/110000-inspection/pc1_nHWZ3tgJb.jpg!m_fill,w_280,h_210,f_jpg?from=ke.com
20240306,朝阳,红庙,101117714935,东区国际南向三居 采光好 低楼层适合老人小孩居住,1150万,64742元/平,低楼层 (共32层) | 2005年 | 3室1厅 | 177.63平米 | 南,https://ke-image.ljcdn.com/110000-inspection/pc1_SdxENsy5l_1.jpg!m_fill,w_280,h_210,f_jpg?from=ke.com
20240306,朝阳,红庙,101117664399,泰达时代 南向两居户型方正 满五年,780万,56322元/平,中楼层 (共26层) | 2008年 | 2室1厅 | 138.49平米 | 南,https://ke-image.ljcdn.com/110000-inspection/pc1_a8G7Ph4t8.jpg!m_fill,w_280,h_210,f_jpg?from=ke.com
20240306,朝阳,红庙,101117653648,延静西里 南向  满五 近地铁,321万,58674元/平,底层 (共17层) | 1986年 | 2室1厅 | 54.71平米 | 南,https://ke-image.ljcdn.com/110000-inspection/pc1_7XAq45HgE_1.jpg!m_fill,w_280,h_210,f_jpg?from=ke.com
20240306,朝阳,红庙,101117602022,慈云寺小区  中间楼层全明格局南北通透户型方正,428万,65125元/平,中楼层 (共16层) | 1986年 | 2室1厅 | 65.72平米 | 东南 北,https://ke-image.ljcdn.com/110000-inspection/pc1_DuX68arff.jpg!m_fill,w_280,h_210,f_jpg?from=ke.com
20240306,朝阳,红庙,101116375854,纽约豪园高楼层观景三居室看中国尊,1430万,74737元/平,高楼层 (共31层) 3室1厅 | 191.34平米 | 西南,https://ke-image.ljcdn.com/110000-inspection/pc1_aPcsWlcau.jpg!m_fill,w_280,h_210,f_jpg?from=ke.com
20240306,朝阳,红庙,101108036753,南北向户型好 业主诚意出售无浪费面积房主自荐,6328万,162883元/平,低楼层 (共22层) 4室2厅 | 388.5平米 | 南 北,https://ke-image.ljcdn.com/110000-inspection/pc1_8spn4bfzm_1.jpg!m_fill,w_280,h_210,f_jpg?from=ke.com
20240306,朝阳,红庙,101123231457,纽约豪园 3室1厅 西南,1430万,74737元/平,中楼层 (共31层) 3室1厅 | 191.34平米 | 西南,https://s1.ljcdn.com/pegasus/redskull/images/common/default_house_list.png?_v=20240222174411
20240306,朝阳,红庙,101123193153,红庙北里 2室1厅 西 东北新上,268万,57660元/平,顶层 (共5层) | 1959年 | 2室1厅 | 46.48平米 | 西 东北,https://s1.ljcdn.com/pegasus/redskull/images/common/default_house_list.png?_v=20240222174411
20240306,朝阳,红庙,101123171671,金台北街 高楼层 明厨明卫 一居视野开阔光线充足新上,298万,67774元/平,高楼层 (共16层) | 1989年 | 1室1厅 | 43.97平米 | 南 北,https://s1.ljcdn.com/pegasus/redskull/images/common/default_house_list.png?_v=20240222174411
20240306,朝阳,红庙,101123153369,慈云寺 西南两居室 业主诚意出售 有正规客厅新上,420万,55681元/平,低楼层 (共18层) | 2000年 | 2室1厅 | 75.43平米 | 西南,https://s1.ljcdn.com/pegasus/redskull/images/common/default_house_list.png?_v=20240222174411
20240306,朝阳,红庙,101123135444,红庙北里 1室1厅 南新上,270万,60552元/平,低楼层 (共16层) | 1984年 | 1室1厅 | 44.59平米 | 南,https://s1.ljcdn.com/pegasus/redskull/images/common/default_house_list.png?_v=20240222174411
20240306,朝阳,红庙,101123100678,呼家楼南里海关家属楼 单独管理1996年楼龄新新上,710万,68316元/平,低楼层 (共6层) | 1996年 | 3室1厅 | 103.93平米 | 南 北,https://s1.ljcdn.com/pegasus/redskull/images/common/default_house_list.png?_v=20240222174411
20240306,朝阳,红庙,101123069060,呼家楼南里  两居室格局方正 诚意出售新上,425万,62889元/平,顶层 (共6层) | 1991年 | 2室1厅 | 67.58平米 | 东 西,https://s1.ljcdn.com/pegasus/redskull/images/common/default_house_list.png?_v=20240222174411
20240306,朝阳,红庙,101123049853,呼家楼西里南北通透两居室 明厨明卫 两居室,439万,65115元/平,顶层 (共5层) | 1964年 | 2室1厅 | 67.42平米 | 南 北,https://s1.ljcdn.com/pegasus/redskull/images/common/default_house_list.png?_v=20240222174411
20240306,朝阳,红庙,101123033297,金台路 大望路  红庙北里 双南中间楼层,308万,55626元/平,中楼层 (共5层) | 1978年 | 2室1厅 | 55.37平米 | 南,https://s1.ljcdn.com/pegasus/redskull/images/common/default_house_list.png?_v=20240222174411
20240306,朝阳,红庙,101123016787,延静西里 3室1厅 南 北,428万,62455元/平,中楼层 (共6层) | 1983年 | 3室1厅 | 68.53平米 | 南 北,https://s1.ljcdn.com/pegasus/redskull/images/common/default_house_list.png?_v=20240222174411
20240306,朝阳,红庙,101122992160,金台里 2室1厅 南 北房主自荐,398万,67378元/平,中楼层 (共5层) | 1993年 | 2室1厅 | 59.07平米 | 南 北,https://s1.ljcdn.com/pegasus/redskull/images/common/default_house_list.png?_v=20240222174411
20240306,朝阳,红庙,101122988937,国贸东三环禧瑞都高层观中国尊央视满五年业主二次精装房主自荐,2200万,129093元/平,中楼层 (共28层) | 2010年 | 3室2厅 | 170.42平米 | 西南,https://s1.ljcdn.com/pegasus/redskull/images/common/default_house_list.png?_v=20240222174411
20240306,朝阳,红庙,101122878632,东区国际南北通透三居室板楼户型方正,1380万,85571元/平,中楼层 (共10层) | 2009年 | 3室2厅 | 161.27平米 | 南 北,https://s1.ljcdn.com/pegasus/redskull/images/common/default_house_list.png?_v=20240222174411
20240306,朝阳,红庙,101122848874,华业国际公寓 2室2厅 东南,345万,37842元/平,高楼层 (共17层) | 2005年 | 2室2厅 | 91.17平米 | 东南,https://s1.ljcdn.com/pegasus/redskull/images/common/default_house_list.png?_v=20240222174411
20240306,朝阳,红庙,101122847408,慈云寺 2室1厅 南 北,350万,56452元/平,顶层 (共6层) | 1991年 | 2室1厅 | 62平米 | 南 北,https://s1.ljcdn.com/pegasus/redskull/images/common/default_house_list.png?_v=20240222174411
20240306,朝阳,红庙,101122797224,慈云寺 3室1厅 南 北,350万,57557元/平,底层 (共6层) | 1979年 | 3室1厅 | 60.81平米 | 南 北,https://s1.ljcdn.com/pegasus/redskull/images/common/default_house_list.png?_v=20240222174411
20240306,朝阳,红庙,101122752051,慈云寺 2室1厅 南 北,290万,48101元/平,中楼层 (共14层) 2室1厅 | 60.29平米 | 南 北,https://s1.ljcdn.com/pegasus/redskull/images/common/default_house_list.png?_v=20240222174411
20240306,朝阳,红庙,101122614440,红庙北里  双南向两居室  交通便利,278万,55083元/平,中楼层 (共5层) | 1976年 | 2室1厅 | 50.47平米 | 南 北,https://s1.ljcdn.com/pegasus/redskull/images/common/default_house_list.png?_v=20240222174411
20240306,朝阳,红庙,101122395500,满五年唯一东西通透三居室全明格局。业主诚意出售,709万,92656元/平,低楼层 (共6层) | 1984年 | 3室1厅 | 76.52平米 | 东 西,https://s1.ljcdn.com/pegasus/redskull/images/common/default_house_list.png?_v=20240222174411
20240306,朝阳,红庙,101122392114,高楼层 视野开阔 采光充足 目前业主诚意卖,768万,59287元/平,高楼层 (共32层) | 2005年 | 2室1厅 | 129.54平米 | 东,https://s1.ljcdn.com/pegasus/redskull/images/common/default_house_list.png?_v=20240222174411
20240306,朝阳,红庙,101122281135,金台里全明户型6/14号线双地铁,400万,67284元/平,低楼层 (共6层) | 1980年 | 2室1厅 | 59.45平米 | 东南 西,https://s1.ljcdn.com/pegasus/redskull/images/common/default_house_list.png?_v=20240222174411
20240306,朝阳,红庙,101122095860,延静里中街 1室1厅 东,229万,59481元/平,高楼层 (共6层) | 1981年 | 1室1厅 | 38.5平米 | 东,https://s1.ljcdn.com/pegasus/redskull/images/common/default_house_list.png?_v=20240222174411
20240306,朝阳,红庙,101119886571,华业玫瑰东方 一层 环境好人车分流,1390万,98352元/平,底层 (共18层) | 2006年 | 3室1厅 | 141.33平米 | 南 北,https://s1.ljcdn.com/pegasus/redskull/images/common/default_house_list.png?_v=20240222174411
