20240306,朝阳,定福庄,101123173221,福盈家园 2室1厅 南必看好房,359万,48305元/平,中楼层 (共10层) 2室1厅 | 74.32平米 | 南,https://ke-image.ljcdn.com/110000-inspection/pc1_h6zImfPGO.jpg!m_fill,w_280,h_210,f_jpg?from=ke.com
20240306,朝阳,定福庄,101123127739,褡裢坡 六号线 近地铁 户型方正必看好房,335万,45548元/平,中楼层 (共20层) | 2010年 | 2室1厅 | 73.55平米 | 南,https://ke-image.ljcdn.com/110000-inspection/e14069a8-f141-4bae-bca5-45bc9d2bc93c_1000.jpg!m_fill,w_280,h_210,f_jpg?from=ke.com
20240306,朝阳,定福庄,101122977055,定福庄西里2号院精装2居 全明格局 板楼2层必看好房,230万,40133元/平,低楼层 (共6层) | 1985年 | 2室1厅 | 57.31平米 | 东 西,https://ke-image.ljcdn.com/110000-inspection/b230201d-9343-4839-a22d-401301ed28d3_1000.jpg!m_fill,w_280,h_210,f_jpg?from=ke.com
20240306,朝阳,定福庄,101122970028,定福庄北里2号院 南向正规一居室 只有契税必看好房,210万,44007元/平,高楼层 (共6层) 1室1厅 | 47.72平米 | 南,https://ke-image.ljcdn.com/110000-inspection/pc1_6BnAYmur6.jpg!m_fill,w_280,h_210,f_jpg?from=ke.com
20240306,朝阳,定福庄,101122966226,电建北院 南北2居 楼层低 通透性好 看房随时必看好房,219万,44234元/平,底层 (共5层) | 1978年 | 2室1厅 | 49.51平米 | 南 北,https://ke-image.ljcdn.com/110000-inspection/pc1_CgBU5Zmn5_1.jpg!m_fill,w_280,h_210,f_jpg?from=ke.com
20240306,朝阳,定福庄,101123048298,首套首付90万 入住福怡苑小区南向小两居 基础配套齐全必看好房,285万,47046元/平,底层 (共6层) | 2000年 | 2室1厅 | 60.58平米 | 南,https://ke-image.ljcdn.com/110000-inspection/pc1_wsmoEG3jh.jpg!m_fill,w_280,h_210,f_jpg?from=ke.com
20240306,朝阳,定福庄,101123035036,满五唯一6号线褡裢坡 采光足集中供暖随时可签,445万,48810元/平,高楼层 (共13层) 2室1厅 | 91.17平米 | 南 北,https://ke-image.ljcdn.com/110000-inspection/1e6d3c78-2c27-4889-88d2-129d46aecf13_1000.jpg!m_fill,w_280,h_210,f_jpg?from=ke.com
20240306,朝阳,定福庄,101123029979,金福家园全明格局南北通透一居室满五唯一,337万,45284元/平,底层 (共11层) 1室1厅 | 74.42平米 | 南 北,https://ke-image.ljcdn.com/110000-inspection/pc1_3LVimfcjp.jpg!m_fill,w_280,h_210,f_jpg?from=ke.com
20240306,朝阳,定福庄,101122965418,6号线黄渠地铁 三间房东路 南向两居室 业主诚意出售必看好房,199万,39430元/平,中楼层 (共5层) | 1981年 | 2室1厅 | 50.47平米 | 南,https://ke-image.ljcdn.com/110000-inspection/pc1_ekx9S4DFC.jpg!m_fill,w_280,h_210,f_jpg?from=ke.com
20240306,朝阳,定福庄,101122961112,妇联小区 南北通透两居室 中楼层 明厨明卫 交通便捷必看好房,288万,41703元/平,中楼层 (共6层) | 1995年 | 2室1厅 | 69.06平米 | 南 北,https://ke-image.ljcdn.com/110000-inspection/pc1_8Gqs2cHjT.jpg!m_fill,w_280,h_210,f_jpg?from=ke.com
20240306,朝阳,定福庄,101122942533,福怡苑 通透两居 满五唯一 低楼层必看好房,308万,43819元/平,低楼层 (共7层) 2室1厅 | 70.29平米 | 东 西,https://ke-image.ljcdn.com/110000-inspection/72f05778-a24f-4cd0-afef-5adee9450715_1000.jpg!m_fill,w_280,h_210,f_jpg?from=ke.com
20240306,朝阳,定福庄,101122939490,福盈家园 满五唯一 南北三居 2010年楼龄新 近6号线必看好房,369万,42743元/平,低楼层 (共20层) | 2010年 | 3室1厅 | 86.33平米 | 南 北,https://ke-image.ljcdn.com/110000-inspection/9163c126-bcbf-4ff6-bf28-75b837b7b0ac_1000.jpg!m_fill,w_280,h_210,f_jpg?from=ke.com
20240306,朝阳,定福庄,101122939435,总监推荐 精装修 商品房 满五唯一 视野开阔对望中国尊,428万,43938元/平,高楼层 (共21层) | 2010年 | 2室1厅 | 97.41平米 | 西南,https://ke-image.ljcdn.com/110000-inspection/113d8570-5b3c-4e42-bc1e-85e50bc1b1c6_1000.jpg!m_fill,w_280,h_210,f_jpg?from=ke.com
20240306,朝阳,定福庄,101122887932,定福家园3号院南北通透两居室全明格局,448万,49172元/平,中楼层 (共16层) | 2007年 | 2室1厅 | 91.11平米 | 南 西 北,https://ke-image.ljcdn.com/110000-inspection/pc1_mjFYZDpPG.jpg!m_fill,w_280,h_210,f_jpg?from=ke.com
20240306,朝阳,定福庄,101122879578,定福庄西街南向一居室 低楼层 诚意卖 看房方便,179万,43766元/平,低楼层 (共6层) | 1990年 | 1室1厅 | 40.9平米 | 南,https://ke-image.ljcdn.com/110000-inspection/8d3efa69-b131-408b-9e96-92863b94f65c_1000.jpg!m_fill,w_280,h_210,f_jpg?from=ke.com
20240306,朝阳,定福庄,101122856812,电建北院 中楼层南北小三居 不临街 近地铁 停车便捷必看好房,239万,38518元/平,中楼层 (共6层) | 1983年 | 3室1厅 | 62.05平米 | 南 北,https://ke-image.ljcdn.com/110000-inspection/pc1_HcM6nmvTL.jpg!m_fill,w_280,h_210,f_jpg?from=ke.com
20240306,朝阳,定福庄,101122755324,金福家园精装两居高楼层层视野好看房方便必看好房,282万,36411元/平,高楼层 (共18层) | 2000年 | 2室1厅 | 77.45平米 | 西南,https://ke-image.ljcdn.com/110000-inspection/8c2eb5a0-31df-430a-90fd-c72fd2cb81ab_1000.jpg!m_fill,w_280,h_210,f_jpg?from=ke.com
20240306,朝阳,定福庄,101122711584,花园闸小区 满五年唯一 4层 中间位置 中间楼层 地铁必看好房,248万,43350元/平,中楼层 (共6层) | 1992年 | 2室1厅 | 57.21平米 | 南 北,https://ke-image.ljcdn.com/110000-inspection/pc1_Vh1TqVibS.jpg!m_fill,w_280,h_210,f_jpg?from=ke.com
20240306,朝阳,定福庄,101122633773,2010年电梯板楼满5唯一高层西南毛坯一手业主看房随时必看好房,340万,45965元/平,高楼层 (共20层) 2室1厅 | 73.97平米 | 西南,https://ke-image.ljcdn.com/110000-inspection/pc1_u32uMqVCU_2.jpg!m_fill,w_280,h_210,f_jpg?from=ke.com
20240306,朝阳,定福庄,101122579628,南北通透小区城建开发长城物业。带有车位 6号线必看好房,478万,42301元/平,低楼层 (共11层) 3室2厅 | 113平米 | 南 北,https://ke-image.ljcdn.com/110000-inspection/pc1_bsB45qXe8.jpg!m_fill,w_280,h_210,f_jpg?from=ke.com
20240306,朝阳,定福庄,101122558428,妇联小区 满五唯一南向1居 全明格局 随时可看,175万,43051元/平,中楼层 (共7层) | 1995年 | 1室1厅 | 40.65平米 | 南,https://ke-image.ljcdn.com/110000-inspection/dbe2f131-5736-4ebc-9e3c-16d43067761f_1000.jpg!m_fill,w_280,h_210,f_jpg?from=ke.com
20240306,朝阳,定福庄,101122502980,南北通透  满五年唯一  诚意卖 看房方便必看好房,180万,31674元/平,顶层 (共6层) | 1990年 | 2室1厅 | 56.83平米 | 南 北,https://ke-image.ljcdn.com/110000-inspection/0c8ab3c3-9ee7-418e-94c5-6952b7a2cd2a_1000.jpg!m_fill,w_280,h_210,f_jpg?from=ke.com
20240306,朝阳,定福庄,101122488765,地铁6号线06年南向板楼不临街正对花园商品房有车位,475万,51976元/平,低楼层 (共18层) | 2006年 | 2室1厅 | 91.39平米 | 南,https://ke-image.ljcdn.com/110000-inspection/e505d019-b33e-44af-970c-1eccf3241737_1000.jpg!m_fill,w_280,h_210,f_jpg?from=ke.com
20240306,朝阳,定福庄,101122325415,金福家园带电梯南北两居室双卧朝南采光好必看好房,380万,48242元/平,高楼层 (共18层) | 2000年 | 2室1厅 | 78.77平米 | 西南,https://ke-image.ljcdn.com/110000-inspection/d1958cd9-3810-45bc-a575-2551c61adcd9_1000.jpg!m_fill,w_280,h_210,f_jpg?from=ke.com
20240306,朝阳,定福庄,101122318615,地铁6号线 南北通透 明厨明卫 正对花园 2梯3户商品房房主自荐,470万,51586元/平,中楼层 (共16层) | 2007年 | 2室1厅 | 91.11平米 | 南 北,https://ke-image.ljcdn.com/110000-inspection/pc1_n61TiuDAH_2.jpg!m_fill,w_280,h_210,f_jpg?from=ke.com
20240306,朝阳,定福庄,101122315821,地铁6号线 2010年电梯板楼 明厨明卫  精装修 带车位房主自荐,459万,53886元/平,中楼层 (共12层) 2室1厅 | 85.18平米 | 西南,https://ke-image.ljcdn.com/110000-inspection/pc1_B04q7v2rY.jpg!m_fill,w_280,h_210,f_jpg?from=ke.com
20240306,朝阳,定福庄,101122224311,全明格局明厨明卫中间层近地铁校园旁宜出行必看好房,265万,39155元/平,中楼层 (共6层) 2室1厅 | 67.68平米 | 东南 北,https://ke-image.ljcdn.com/110000-inspection/4576e150-c6d3-4799-bfa4-f07539425edc_1000.jpg!m_fill,w_280,h_210,f_jpg?from=ke.com
20240306,朝阳,定福庄,101122219342,妇联小区  南向两居室  看房方便必看好房,215万,36026元/平,顶层 (共6层) | 1993年 | 2室1厅 | 59.68平米 | 南,https://ke-image.ljcdn.com/110000-inspection/3d8d57bc-b750-4209-9db9-62a83c2ac46d_1000.jpg!m_fill,w_280,h_210,f_jpg?from=ke.com
20240306,朝阳,定福庄,101121874900,金星小区南北通透两居室户型方正看房方便价格可以商量必看好房,218万,37645元/平,高楼层 (共6层) 2室1厅 | 57.91平米 | 南 北,https://ke-image.ljcdn.com/110000-inspection/pc1_cVnaCZ1vf.jpg!m_fill,w_280,h_210,f_jpg?from=ke.com
20240306,朝阳,定福庄,101121818713,大黄庄东路  2007年电梯房 不临街 安静温馨 停车便捷必看好房,335万,34000元/平,中楼层 (共21层) | 2009年 | 2室1厅 | 98.53平米 | 西北,https://ke-image.ljcdn.com/110000-inspection/3b943aa3-8f52-4362-95ad-c0334c5ab54c_1000.jpg!m_fill,w_280,h_210,f_jpg?from=ke.com
20240306,朝阳,定福庄,101121755781,地铁6号线 06年带电梯 低价南北通透 厨卫带明窗,410万,52190元/平,顶层 (共11层) 2室1厅 | 78.56平米 | 南 北,https://ke-image.ljcdn.com/110000-inspection/pc1_DUGbFjhY6.jpg!m_fill,w_280,h_210,f_jpg?from=ke.com
20240306,朝阳,定福庄,101121633419,绿岛苑西区 3室1厅 东南 北,415万,50067元/平,中楼层 (共24层) | 1998年 | 3室1厅 | 82.89平米 | 东南 北,https://ke-image.ljcdn.com/110000-inspection/pc1_tNWxMk6R1_1.jpg!m_fill,w_280,h_210,f_jpg?from=ke.com
20240306,朝阳,定福庄,101121590538,金星小区一层南北通透诚心出售满五唯一必看好房,228万,43654元/平,底层 (共6层) | 1985年 | 2室1厅 | 52.23平米 | 南 北,https://ke-image.ljcdn.com/110000-inspection/pc1_o6CtM7BqL.jpg!m_fill,w_280,h_210,f_jpg?from=ke.com
20240306,朝阳,定福庄,101121572752,2010年电梯房 全南两居商品房 六号线褡裢坡 中楼层必看好房,374万,50781元/平,低楼层 (共20层) | 2010年 | 2室1厅 | 73.65平米 | 南,https://ke-image.ljcdn.com/110000-inspection/pc1_IeT7CVKgE.jpg!m_fill,w_280,h_210,f_jpg?from=ke.com
20240306,朝阳,定福庄,101121551503,6号线300米 南北通透2010年电梯板楼 视野好 正对花园必看好房,355万,49602元/平,高楼层 (共20层) | 2010年 | 2室1厅 | 71.57平米 | 南 北,https://ke-image.ljcdn.com/110000-inspection/pc1_32WbVwzAL_1.jpg!m_fill,w_280,h_210,f_jpg?from=ke.com
20240306,朝阳,定福庄,101121388788,地铁6号线 2010年板楼带电梯 南向2居 装修好 采光好,359万,48811元/平,中楼层 (共20层) 2室1厅 | 73.55平米 | 南,https://ke-image.ljcdn.com/110000-inspection/b3796c13-2f08-4432-bcbc-8359502d0ce0_1000.jpg!m_fill,w_280,h_210,f_jpg?from=ke.com
20240306,朝阳,定福庄,101121264879,三间房西里  南北两居 无遮挡 1994年房龄必看好房,238万,41565元/平,高楼层 (共6层) 2室1厅 | 57.26平米 | 南 北,https://ke-image.ljcdn.com/110000-inspection/pc1_Y9eWS3VF3.jpg!m_fill,w_280,h_210,f_jpg?from=ke.com
20240306,朝阳,定福庄,101121236938,福怡苑满五唯一低楼层诚心出售必看好房,319万,46611元/平,低楼层 (共7层) 2室1厅 | 68.44平米 | 西,https://ke-image.ljcdn.com/110000-inspection/da724ed3-2d4c-4ae9-bd66-34105ac0431f_1000.jpg!m_fill,w_280,h_210,f_jpg?from=ke.com
20240306,朝阳,定福庄,101121211082,双地铁6+22加持人车分流社区低密板楼南北通透,435万,48550元/平,高楼层 (共8层) 2室1厅 | 89.6平米 | 南 北,https://ke-image.ljcdn.com/110000-inspection/pc1_74tvmnErE.jpg!m_fill,w_280,h_210,f_jpg?from=ke.com
20240306,朝阳,定福庄,101121079110,东领东向开间 满五唯一商品房 交通便利,235万,36736元/平,低楼层 (共12层) | 2005年 | 1室0厅 | 63.97平米 | 东,https://ke-image.ljcdn.com/110000-inspection/1e7c27e6-994c-4bde-91f3-bc749ad27762_1000.jpg!m_fill,w_280,h_210,f_jpg?from=ke.com
20240306,朝阳,定福庄,101120877134,地铁6号线精装修小2居不临街采光好业主有车位,350万,57576元/平,高楼层 (共12层) | 2010年 | 2室1厅 | 60.79平米 | 西 北,https://ke-image.ljcdn.com/110000-inspection/pc1_t67pYEKtf.jpg!m_fill,w_280,h_210,f_jpg?from=ke.com
20240306,朝阳,定福庄,101120784092,金星小区低楼层两居室南北通透。必看好房,236万,46558元/平,底层 (共6层) 2室1厅 | 50.69平米 | 南 北,https://ke-image.ljcdn.com/110000-inspection/pc1_zBxmtzcm6_2.jpg!m_fill,w_280,h_210,f_jpg?from=ke.com
20240306,朝阳,定福庄,101123114117,南北通透带电梯集中供暖看房随时。必看好房,449万,49249元/平,中楼层 (共14层) | 2003年 | 2室1厅 | 91.17平米 | 南 北,https://ke-image.ljcdn.com/110000-inspection/3b501aad-1c91-47f8-9281-2913ff2a14e5_1000.jpg!m_fill,w_280,h_210,f_jpg?from=ke.com
20240306,朝阳,定福庄,101123103208,定福庄西街 2室1厅 南 北必看好房,198万,34677元/平,顶层 (共6层) 2室1厅 | 57.1平米 | 南 北,https://ke-image.ljcdn.com/110000-inspection/79916962-8c9e-463d-aa16-f991af827bfa_1000.jpg!m_fill,w_280,h_210,f_jpg?from=ke.com
20240306,朝阳,定福庄,101123094652,传媒大学家属院人文素质高地铁22号线旁停车免费必看好房,160万,37227元/平,高楼层 (共6层) 1室1厅 | 42.98平米 | 北,https://ke-image.ljcdn.com/110000-inspection/1797cb17-6f70-44e2-8538-4046c9dd23a5_1000.jpg!m_fill,w_280,h_210,f_jpg?from=ke.com
20240306,朝阳,定福庄,101123087669,定福庄西街  正规两居 格局方正 小区安静必看好房,315万,37635元/平,底层 (共6层) | 2002年 | 2室1厅 | 83.7平米 | 东 西,https://ke-image.ljcdn.com/110000-inspection/pc1_3qqFhEvDC.jpg!m_fill,w_280,h_210,f_jpg?from=ke.com
20240306,朝阳,定福庄,101123076598,2004年正规两居满五年商品房精装修拎包入住必看好房,425万,47471元/平,中楼层 (共7层) 2室1厅 | 89.53平米 | 南 北,https://ke-image.ljcdn.com/110000-inspection/pc1_z9syTSUBO.jpg!m_fill,w_280,h_210,f_jpg?from=ke.com
20240306,朝阳,定福庄,101123055186,花园闸小区 格局方正 采光好 视野开阔必看好房,382万,45160元/平,中楼层 (共6层) | 2000年 | 2室1厅 | 84.59平米 | 南 北,https://ke-image.ljcdn.com/110000-inspection/b3e79488-60b3-4a2d-ba54-7d7380897b16_1000.jpg!m_fill,w_280,h_210,f_jpg?from=ke.com
20240306,朝阳,定福庄,101123052902,定福庄西街    中间楼层   南北两居必看好房,347万,46766元/平,中楼层 (共6层) 2室1厅 | 74.2平米 | 南 北,https://ke-image.ljcdn.com/110000-inspection/49d7d6e1-c225-44f0-9109-c2a3c28f7ab6_1000.jpg!m_fill,w_280,h_210,f_jpg?from=ke.com
20240306,朝阳,定福庄,101123045851,电建北院带客厅的小2居随时可看靠谱出售新上,263万,49362元/平,底层 (共6层) | 1992年 | 2室1厅 | 53.28平米 | 南 北,https://ke-image.ljcdn.com/110000-inspection/04b79dd1-2d8d-4672-bbd6-c213ccf066e6_1000.jpg!m_fill,w_280,h_210,f_jpg?from=ke.com
20240306,朝阳,定福庄,101123018785,六号线褡裢坡站优质南北三居 07年 带电梯 城建开发必看好房,515万,50560元/平,高楼层 (共16层) | 2006年 | 3室1厅 | 101.86平米 | 南 北,https://ke-image.ljcdn.com/110000-inspection/a64258fa-fc93-4651-b491-636ea6561b5a_1000.jpg!m_fill,w_280,h_210,f_jpg?from=ke.com
20240306,朝阳,定福庄,101123015109,满五年 南北通透 一层 三居室,749万,54244元/平,底层 (共6层) | 2002年 | 3室2厅 | 138.08平米 | 南 北,https://ke-image.ljcdn.com/110000-inspection/pc1_LCuVv3bVE.jpg!m_fill,w_280,h_210,f_jpg?from=ke.com
20240306,朝阳,定福庄,101122991221,三间房西里 南北通透两居室 有正规客厅必看好房,208万,36326元/平,顶层 (共6层) | 1994年 | 2室1厅 | 57.26平米 | 南 北,https://ke-image.ljcdn.com/110000-inspection/59fad42d-a00b-4772-bf73-2e7a49119a0b_1000.jpg!m_fill,w_280,h_210,f_jpg?from=ke.com
20240306,朝阳,定福庄,101122985559,电建北院 中楼层钢混结构两居室 南向采光好 交通便捷必看好房,239万,40848元/平,中楼层 (共6层) | 1983年 | 2室1厅 | 58.51平米 | 南,https://ke-image.ljcdn.com/110000-inspection/16238a99-8b87-48cd-9a61-a7b0582e246a_1000.jpg!m_fill,w_280,h_210,f_jpg?from=ke.com
20240306,朝阳,定福庄,101122982927,英郡 全南正规大两居 有30平左右空地段未使用必看好房,468万,48639元/平,低楼层 (共14层) 2室2厅 | 96.22平米 | 南,https://ke-image.ljcdn.com/110000-inspection/70a8de5c-826a-4e4f-a694-aa4e6ad7de10_1000.jpg!m_fill,w_280,h_210,f_jpg?from=ke.com
20240306,朝阳,定福庄,101122982419,地铁六号线满五唯一纯商品房社区看房方便有电梯房主自荐,464万,52728元/平,高楼层 (共9层) | 2002年 | 2室1厅 | 88平米 | 东 南 北,https://ke-image.ljcdn.com/110000-inspection/pc1_2scA4n5yk.jpg!m_fill,w_280,h_210,f_jpg?from=ke.com
20240306,朝阳,定福庄,101122975641,定福庄南里3号院 全南一居 中间层 采光好 诚心卖必看好房,176万,36898元/平,低楼层 (共6层) | 1996年 | 1室1厅 | 47.7平米 | 南,https://ke-image.ljcdn.com/110000-inspection/pc1_squO2Z6KJ.jpg!m_fill,w_280,h_210,f_jpg?from=ke.com
20240306,朝阳,定福庄,101122968662,电建北院 全南一居 中间层 采光好 全明格局 诚心出售,188万,45676元/平,中楼层 (共6层) | 1987年 | 1室1厅 | 41.16平米 | 南,https://ke-image.ljcdn.com/110000-inspection/b30c6854-fee4-4235-a8c4-14ef3e89a97c_1000.jpg!m_fill,w_280,h_210,f_jpg?from=ke.com
20240306,朝阳,定福庄,101122965085,美然动力街区A1南向开间户型中高楼层无遮挡,261万,51663元/平,高楼层 (共14层) 1室0厅 | 50.52平米 | 南,https://ke-image.ljcdn.com/110000-inspection/d452114a-ba5e-47eb-af16-c46d9cfbef14_1000.jpg!m_fill,w_280,h_210,f_jpg?from=ke.com
20240306,朝阳,定福庄,101122937446,福怡苑  南北通透 中间层 诚心出售 6号线一号线必看好房,360万,49033元/平,中楼层 (共6层) | 2000年 | 2室1厅 | 73.42平米 | 南 北,https://ke-image.ljcdn.com/110000-inspection/a7ff223a-9973-46e5-b204-2c686e157a57_1000.jpg!m_fill,w_280,h_210,f_jpg?from=ke.com
20240306,朝阳,定福庄,101122918279,三间房西里 南北通透两居室 六号线黄渠地铁站房主自荐,238万,41565元/平,高楼层 (共6层) 2室1厅 | 57.26平米 | 南 北,https://ke-image.ljcdn.com/110000-inspection/pc1_W2Z9l6DfQ.jpg!m_fill,w_280,h_210,f_jpg?from=ke.com
20240306,朝阳,定福庄,101122917173,美然动力A3区带电梯两居室东南北边户型。必看好房,435万,49059元/平,中楼层 (共9层) 2室1厅 | 88.67平米 | 东 南 北,https://ke-image.ljcdn.com/110000-inspection/pc1_iZzQy8cMu.jpg!m_fill,w_280,h_210,f_jpg?from=ke.com
20240306,朝阳,定福庄,101122866233,生物研究所 全南两居 随时看房 诚售必看好房,219万,40250元/平,中楼层 (共5层) 2室1厅 | 54.41平米 | 南,https://ke-image.ljcdn.com/110000-inspection/pc1_jigirOdiS.jpg!m_fill,w_280,h_210,f_jpg?from=ke.com
20240306,朝阳,定福庄,101122862205,94年钢混 正规小3居 有电梯 近地铁 随时可看 简单装修必看好房,296万,38293元/平,底层 (共16层) | 1994年 | 3室1厅 | 77.3平米 | 东 西 北,https://ke-image.ljcdn.com/110000-inspection/pc1_KsQrRFGF9.jpg!m_fill,w_280,h_210,f_jpg?from=ke.com
20240306,朝阳,定福庄,101122814403,三间房南里4号院 复式三居室 南北通透 业主诚意出售必看好房,345万,39041元/平,顶层 (共6层) | 1998年 | 3室1厅 | 88.37平米 | 南 北,https://ke-image.ljcdn.com/110000-inspection/pc1_un0Qe0Z1Q.jpg!m_fill,w_280,h_210,f_jpg?from=ke.com
20240306,朝阳,定福庄,101122776240,电建北院 全南向 次顶层 钢混结构 不临街 满五年唯一必看好房,199万,34012元/平,高楼层 (共6层) | 1983年 | 2室1厅 | 58.51平米 | 南,https://ke-image.ljcdn.com/110000-inspection/1c0c4842-3153-4a78-8bf6-720087ff4bf9_1000.jpg!m_fill,w_280,h_210,f_jpg?from=ke.com
20240306,朝阳,定福庄,101122760346,满五年唯一 电梯房 户型方正 东西通透必看好房,399万,43679元/平,中楼层 (共10层) 2室1厅 | 91.35平米 | 东 西,https://ke-image.ljcdn.com/110000-inspection/pc1_fR8ZS3aQY.jpg!m_fill,w_280,h_210,f_jpg?from=ke.com
20240306,朝阳,定福庄,101122719767,满五唯一6号线褡裢坡 采光足集中供暖随时可签,252万,52315元/平,高楼层 (共13层) | 2003年 | 1室0厅 | 48.17平米 | 南,https://ke-image.ljcdn.com/110000-inspection/pc1_yzZHklMZq.jpg!m_fill,w_280,h_210,f_jpg?from=ke.com
20240306,朝阳,定福庄,101122583767,瑞和国际三居室三室两厅一厨两卫业主诚意出售必看好房,498万,43456元/平,底层 (共22层) 3室2厅 | 114.6平米 | 东北,https://ke-image.ljcdn.com/110000-inspection/6c6c32c8-f31b-4061-8193-d0690c055447_1000.jpg!m_fill,w_280,h_210,f_jpg?from=ke.com
20240306,朝阳,定福庄,101122470702,电建南院南北通透精装修满五年唯一采光好必看好房,307万,44410元/平,顶层 (共6层) | 1999年 | 2室1厅 | 69.13平米 | 南 北,https://ke-image.ljcdn.com/110000-inspection/cd3320df-23d0-4dea-91e4-cb66701fa759_1000.jpg!m_fill,w_280,h_210,f_jpg?from=ke.com
20240306,朝阳,定福庄,101122405348,花园闸小区  带电梯  精装修 到地铁647米 非顶层必看好房,320万,36982元/平,顶层 (共18层) 3室1厅 | 86.53平米 | 西南,https://ke-image.ljcdn.com/110000-inspection/pc1_4jsuKjECK_2.jpg!m_fill,w_280,h_210,f_jpg?from=ke.com
20240306,朝阳,定福庄,101122126181,总监推荐美然动力A3区中楼层商品房南北落地窗房主自荐,418万,46678元/平,中楼层 (共6层) | 2002年 | 2室1厅 | 89.55平米 | 南 北,https://ke-image.ljcdn.com/110000-inspection/pc1_ErVRyh37R.jpg!m_fill,w_280,h_210,f_jpg?from=ke.com
20240306,朝阳,定福庄,101122029631,定福庄北里2号院 南北向一居室 业主诚意出售必看好房,240万,40087元/平,中楼层 (共6层) 1室1厅 | 59.87平米 | 南 北,https://ke-image.ljcdn.com/110000-inspection/pc1_FQlTYrMcw.jpg!m_fill,w_280,h_210,f_jpg?from=ke.com
20240306,朝阳,定福庄,101121772929,花园闸小区 正规南北两居 格局方正必看好房,235万,40856元/平,中楼层 (共6层) | 1990年 | 2室1厅 | 57.52平米 | 南 北,https://ke-image.ljcdn.com/110000-inspection/76f3a202-e0aa-4c45-bb69-7032d5a8a474_1000.jpg!m_fill,w_280,h_210,f_jpg?from=ke.com
20240306,朝阳,定福庄,101121655292,定福庄西街 南北朝向两居 满五年 地铁660米必看好房,399万,41992元/平,中楼层 (共6层) | 2002年 | 2室2厅 | 95.02平米 | 南 北,https://ke-image.ljcdn.com/110000-inspection/ca73ce0a-b65f-4cf9-b10d-c0f930c85f06_1000.jpg!m_fill,w_280,h_210,f_jpg?from=ke.com
20240306,朝阳,定福庄,101121333550,美然动力A1区 南向一居室 满五唯一 拎包入住,390万,51397元/平,低楼层 (共14层) | 2004年 | 1室1厅 | 75.88平米 | 南,https://ke-image.ljcdn.com/110000-inspection/pc1_mYIHPRsDJ.jpg!m_fill,w_280,h_210,f_jpg?from=ke.com
20240306,朝阳,定福庄,101121007697,传媒大学东门口房子在3层明厨明卫楼层和格局都比较好,240万,40276元/平,中楼层 (共6层) | 1993年 | 2室1厅 | 59.59平米 | 南 北,https://ke-image.ljcdn.com/110000-inspection/pc1_HGzJvntqk.jpg!m_fill,w_280,h_210,f_jpg?from=ke.com
20240306,朝阳,定福庄,101120997901,地铁6号线300米  正规一居室 满5唯一 视野采光好,335万,49785元/平,中楼层 (共18层) 1室1厅 | 67.29平米 | 东 北,https://ke-image.ljcdn.com/110000-inspection/14f612f5-95c8-4a76-a9a5-e53dd184e5a3_1000.jpg!m_fill,w_280,h_210,f_jpg?from=ke.com
20240306,朝阳,定福庄,101120331010,地铁6号线  南北通透双明卫 不临街正对花园 电梯3居必看好房,540万,45246元/平,低楼层 (共21层) 3室2厅 | 119.35平米 | 南 北,https://ke-image.ljcdn.com/110000-inspection/ed42377c-52d9-47f6-81ae-7a978113cd8d_1000.jpg!m_fill,w_280,h_210,f_jpg?from=ke.com
20240306,朝阳,定福庄,101123183524,绿岛苑西区 西南两居 中高层 采光好 视野开阔 诚心卖,298万,35080元/平,中楼层 (共20层) | 2006年 | 2室1厅 | 84.95平米 | 西南,https://s1.ljcdn.com/pegasus/redskull/images/common/default_house_list.png?_v=20240222174411
20240306,朝阳,定福庄,101122985725,美然动力A2区南北通透三居室新上房源诚意出售,579万,49798元/平,顶层 (共14层) 3室1厅 | 116.27平米 | 南 北,https://s1.ljcdn.com/pegasus/redskull/images/common/default_house_list.png?_v=20240222174411
20240306,朝阳,定福庄,101122479091,地铁6号线黄渠旁平价水电气集中供暖可注册办公,149万,48869元/平,中楼层 (共13层) | 2010年 | 1室1厅 | 30.49平米 | 北,https://s1.ljcdn.com/pegasus/redskull/images/common/default_house_list.png?_v=20240222174411
20240306,朝阳,定福庄,101121762700,地铁6号线黄渠旁平价水电气集中供暖可注册办公南向,175万,48829元/平,中楼层 (共13层) 1室2厅 | 35.84平米 | 南,https://s1.ljcdn.com/pegasus/redskull/images/common/default_house_list.png?_v=20240222174411
20240306,朝阳,定福庄,101120200354,地铁6号线 东南 5.48米复式 可注册 地下固定车位房主自荐,253万,54351元/平,中楼层 (共14层) | 2011年 | 2室1厅 | 46.55平米 | 南,https://s1.ljcdn.com/pegasus/redskull/images/common/default_house_list.png?_v=20240222174411
20240306,朝阳,定福庄,101123208935,三间房南里4号院 2室1厅 南 北,265万,42950元/平,高楼层 (共6层) 2室1厅 | 61.7平米 | 南 北,https://ke-image.ljcdn.com/110000-inspection/pc1_xyHpj3GlR_2.jpg!m_fill,w_280,h_210,f_jpg?from=ke.com
20240306,朝阳,定福庄,101123202119,福怡苑 2室1厅 南,345万,50885元/平,底层 (共7层) | 1998年 | 2室1厅 | 67.8平米 | 南,https://ke-image.ljcdn.com/110000-inspection/pc1_l9vCtAJKY.jpg!m_fill,w_280,h_210,f_jpg?from=ke.com
20240306,朝阳,定福庄,101123196299,大黄庄妇联小区 中间楼层一居室 全明格局 诚心出售新上,240万,59041元/平,中楼层 (共7层) | 1995年 | 1室1厅 | 40.65平米 | 南 北,https://ke-image.ljcdn.com/110000-inspection/pc1_siZ5pUq60.jpg!m_fill,w_280,h_210,f_jpg?from=ke.com
20240306,朝阳,定福庄,101123178693,定福庄西街 电梯房正规一居 地铁410米 诚心出售新上,231万,45171元/平,高楼层 (共18层) 1室1厅 | 51.14平米 | 西,https://ke-image.ljcdn.com/110000-inspection/pc1_0IA8Jlsa9.jpg!m_fill,w_280,h_210,f_jpg?from=ke.com
20240306,朝阳,定福庄,101123157011,瑞和国际 2室1厅 南 西北新上,500万,51814元/平,中楼层 (共22层) | 2009年 | 2室1厅 | 96.5平米 | 南 西北,https://ke-image.ljcdn.com/110000-inspection/pc1_RTT1FLAxg.jpg!m_fill,w_280,h_210,f_jpg?from=ke.com
20240306,朝阳,定福庄,101123154641,定福庄西里2号院 2室1厅 南 北,199万,40186元/平,顶层 (共5层) | 1974年 | 2室1厅 | 49.52平米 | 南 北,https://ke-image.ljcdn.com/110000-inspection/pc1_V2jh3qkur.jpg!m_fill,w_280,h_210,f_jpg?from=ke.com
20240306,朝阳,定福庄,101123138041,定福庄南里1号 二外校内 全南两居室 满五年唯一新上,325万,53062元/平,顶层 (共12层) | 1993年 | 2室1厅 | 61.25平米 | 南,https://ke-image.ljcdn.com/110000-inspection/pc1_l76sVEIxq.jpg!m_fill,w_280,h_210,f_jpg?from=ke.com
20240306,朝阳,定福庄,101123120797,双地铁 6号线+在建22号线 南北双通透H户型 满五唯一新上,440万,50436元/平,高楼层 (共6层) | 2007年 | 2室2厅 | 87.24平米 | 南 北,https://ke-image.ljcdn.com/110000-inspection/pc1_KM42a866f.jpg!m_fill,w_280,h_210,f_jpg?from=ke.com
20240306,朝阳,定福庄,101123095212,瑞和国际 东南向两居 两梯六户 地铁六号线新上,530万,51362元/平,高楼层 (共21层) | 2011年 | 2室1厅 | 103.19平米 | 东南,https://ke-image.ljcdn.com/110000-inspection/pc1_Ihv8hla5J.jpg!m_fill,w_280,h_210,f_jpg?from=ke.com
20240306,朝阳,定福庄,101123090109,带电梯 随时可看 精装修 满五唯一新上,336万,42468元/平,低楼层 (共18层) | 2000年 | 2室1厅 | 79.12平米 | 西北,https://ke-image.ljcdn.com/110000-inspection/a23c3bf1-8185-4fb0-88f8-f7dbf6056677_1000.jpg!m_fill,w_280,h_210,f_jpg?from=ke.com
20240306,朝阳,定福庄,101123066275,东领鉴筑 电梯2居室 南北向 采光好  交通便利新上,450万,46164元/平,中楼层 (共14层) | 2005年 | 2室1厅 | 97.48平米 | 南 北,https://ke-image.ljcdn.com/110000-inspection/410de3f8-2507-4a97-aafd-663dba537856_1000.jpg!m_fill,w_280,h_210,f_jpg?from=ke.com
20240306,朝阳,定福庄,101123061633,绿岛苑东区  精装修朝南一居室   低楼层新上,229万,51951元/平,低楼层 (共6层) | 1989年 | 1室1厅 | 44.08平米 | 南,https://ke-image.ljcdn.com/110000-inspection/4bd729e2-591e-4b5b-8c52-6aaad962dfe0_1000.jpg!m_fill,w_280,h_210,f_jpg?from=ke.com
20240306,朝阳,定福庄,101123050383,定福庄南里1号院 4室1厅 南 北,577万,54661元/平,顶层 (共5层) | 1982年 | 4室1厅 | 105.56平米 | 南 北,https://ke-image.ljcdn.com/110000-inspection/pc1_ndcwKIUVf.jpg!m_fill,w_280,h_210,f_jpg?from=ke.com
20240306,朝阳,定福庄,101123041724,三间房西里 双地铁 6号+在建22号线中间层 不临街新上,270万,33379元/平,中楼层 (共6层) 3室1厅 | 80.89平米 | 东北,https://ke-image.ljcdn.com/110000-inspection/pc1_PwE1wJEXA_2.jpg!m_fill,w_280,h_210,f_jpg?from=ke.com
20240306,朝阳,定福庄,101123040788,妇联小区 正规3居 格局方正 高楼层 采光好 诚心卖新上,320万,41398元/平,高楼层 (共16层) | 1994年 | 3室1厅 | 77.3平米 | 东 北,https://ke-image.ljcdn.com/110000-inspection/pc1_f80SjIfKE.jpg!m_fill,w_280,h_210,f_jpg?from=ke.com
20240306,朝阳,定福庄,101123035572,妇联小区  传媒大学带电梯两居  精装修新上,308万,42642元/平,中楼层 (共16层) | 1994年 | 2室1厅 | 72.23平米 | 西南,https://ke-image.ljcdn.com/110000-inspection/pc1_ybkxSrNcZ.jpg!m_fill,w_280,h_210,f_jpg?from=ke.com
20240306,朝阳,定福庄,101123022439,定福家园2号院 3室1厅 南 北,550万,48682元/平,低楼层 (共18层) 3室1厅 | 112.98平米 | 南 北,https://ke-image.ljcdn.com/110000-inspection/62ff5854-7d67-4942-9760-2850b9280bc8_1000.jpg!m_fill,w_280,h_210,f_jpg?from=ke.com
20240306,朝阳,定福庄,101123016265,6号线褡裢坡 商品房 全南 无遮挡 带电梯 精装修新上,348万,59224元/平,高楼层 (共11层) 1室1厅 | 58.76平米 | 南,https://ke-image.ljcdn.com/110000-inspection/pc1_J36rxKL9R.jpg!m_fill,w_280,h_210,f_jpg?from=ke.com
20240306,朝阳,定福庄,101122999926,绿岛苑 东南两居 带电梯 采光好 满五唯一 诚心出售房主自荐,335万,44126元/平,低楼层 (共24层) | 1998年 | 2室1厅 | 75.92平米 | 东南,https://ke-image.ljcdn.com/110000-inspection/9b8a7251-8b2a-4385-aef7-3fcb2869630f_1000.jpg!m_fill,w_280,h_210,f_jpg?from=ke.com
20240306,朝阳,定福庄,101122974576,2007年建成小区 停车位充足 小区配套齐全 出行便利,375万,38060元/平,高楼层 (共21层) | 2009年 | 2室1厅 | 98.53平米 | 西南,https://ke-image.ljcdn.com/110000-inspection/test-1ed2acf5-fcfc-4eea-a66a-682fd5353a90.png!m_fill,w_280,h_210,f_jpg?from=ke.com
20240306,朝阳,定福庄,101122964117,房子是满五年商品房诚心出售 价格可谈 带电梯房主自荐,420万,43564元/平,中楼层 (共24层) | 2003年 | 2室1厅 | 96.41平米 | 南,https://ke-image.ljcdn.com/110000-inspection/pc1_zk7mRJkLr_1.jpg!m_fill,w_280,h_210,f_jpg?from=ke.com
20240306,朝阳,定福庄,101122959440,三间房南里4号院 南北向两居 业主诚意出售 看房方便房主自荐,328万,46029元/平,中楼层 (共6层) 2室1厅 | 71.26平米 | 南 北,https://ke-image.ljcdn.com/110000-inspection/pc1_wMj1nTWej.jpg!m_fill,w_280,h_210,f_jpg?from=ke.com
20240306,朝阳,定福庄,101122942812,定福庄北里1号院 六号线地铁褡裢坡站 南北通透两居室,299万,49528元/平,高楼层 (共6层) | 1981年 | 2室1厅 | 60.37平米 | 南 北,https://ke-image.ljcdn.com/110000-inspection/pc1_F585T03CC.jpg!m_fill,w_280,h_210,f_jpg?from=ke.com
20240306,朝阳,定福庄,101122932443,天泰定福苑 婚房装修 两居室 看房方便 户型方正,360万,49779元/平,高楼层 (共6层) 2室1厅 | 72.32平米 | 东 西,https://ke-image.ljcdn.com/110000-inspection/3b0098cd-7be7-4db4-b848-5345137eea28_1000.jpg!m_fill,w_280,h_210,f_jpg?from=ke.com
20240306,朝阳,定福庄,101122927984,定福庄精装修南北通透两居室 业主诚售,245万,45405元/平,中楼层 (共5层) 2室1厅 | 53.96平米 | 南 北,https://ke-image.ljcdn.com/110000-inspection/f1fcf567-51f4-42e9-91bf-e6edbe1b3c0b_1000.jpg!m_fill,w_280,h_210,f_jpg?from=ke.com
20240306,朝阳,定福庄,101122906827,定福庄西街 精装修全南一居 满五唯一 诚心出售房主自荐,175万,42830元/平,顶层 (共6层) 1室1厅 | 40.86平米 | 南,https://ke-image.ljcdn.com/110000-inspection/b38dfcff-8940-4462-9bb5-08dc2db02858_1000.jpg!m_fill,w_280,h_210,f_jpg?from=ke.com
20240306,朝阳,定福庄,101122873506,定福庄西里2号院 低楼层通透两居 交通便捷 购物便利,230万,40133元/平,低楼层 (共6层) | 1985年 | 2室1厅 | 57.31平米 | 东 西,https://ke-image.ljcdn.com/110000-inspection/pc1_1hKP735Bc.jpg!m_fill,w_280,h_210,f_jpg?from=ke.com
20240306,朝阳,定福庄,101122866365,定福家园2号院 3室1厅 东南,520万,44297元/平,低楼层 (共18层) | 2007年 | 3室1厅 | 117.39平米 | 东南,https://ke-image.ljcdn.com/110000-inspection/pc1_Tx0habbbR.jpg!m_fill,w_280,h_210,f_jpg?from=ke.com
20240306,朝阳,定福庄,101122838164,正规两居室朝南向满五年唯一商品房。1层半,275万,45082元/平,底层 (共7层) | 1998年 | 2室1厅 | 61平米 | 南,https://ke-image.ljcdn.com/110000-inspection/pc1_4VOxa4YTc.jpg!m_fill,w_280,h_210,f_jpg?from=ke.com
20240306,朝阳,定福庄,101122828429,定福庄西街 正规两居室 1997年建成钢混结构,260万,41114元/平,底层 (共18层) | 1997年 | 2室1厅 | 63.24平米 | 西北,https://ke-image.ljcdn.com/110000-inspection/pc1_KQpYSo0sh.jpg!m_fill,w_280,h_210,f_jpg?from=ke.com
20240306,朝阳,定福庄,101122811320,定福庄北里1号院 南北通透 明厨明卫 大客厅 双地铁站房主自荐,280万,49584元/平,底层 (共6层) | 1981年 | 2室1厅 | 56.47平米 | 南 北,https://ke-image.ljcdn.com/110000-inspection/pc1_ApvS059GV.jpg!m_fill,w_280,h_210,f_jpg?from=ke.com
20240306,朝阳,定福庄,101122810668,6号线褡裢坡地铁 福盈家园 全南两居房主自荐,400万,54363元/平,中楼层 (共20层) | 2010年 | 2室1厅 | 73.58平米 | 南,https://ke-image.ljcdn.com/110000-inspection/pc1_iUw7R31tY.jpg!m_fill,w_280,h_210,f_jpg?from=ke.com
20240306,朝阳,定福庄,101122800149,定福庄北里1号院 满五年唯一商品房 中间楼层房主自荐,220万,53607元/平,中楼层 (共6层) | 1987年 | 1室1厅 | 41.04平米 | 南 北,https://ke-image.ljcdn.com/110000-inspection/717f34cc-83af-4baf-b693-3dd267e0b0d7_1000.jpg!m_fill,w_280,h_210,f_jpg?from=ke.com
20240306,朝阳,定福庄,101122779166,瑞和国际  2居  商品房 中楼层 采光好 满五年唯一房主自荐,520万,54462元/平,中楼层 (共21层) | 2011年 | 2室1厅 | 95.48平米 | 东南 北,https://ke-image.ljcdn.com/110000-inspection/pc1_5mASiu20A.jpg!m_fill,w_280,h_210,f_jpg?from=ke.com
20240306,朝阳,定福庄,101122777553,福盈家园 中间层 无遮挡 全南向采光 电梯房 双地铁,255万,48434元/平,中楼层 (共20层) 1室0厅 | 52.65平米 | 南,https://ke-image.ljcdn.com/110000-inspection/pc1_Qe8E0ci2b.jpg!m_fill,w_280,h_210,f_jpg?from=ke.com
20240306,朝阳,定福庄,101122753249,此房明厨明卫中楼层 距离褡裢坡站700米,346万,44536元/平,中楼层 (共6层) | 1985年 | 3室1厅 | 77.69平米 | 南 北,https://ke-image.ljcdn.com/110000-inspection/pc1_A3vuY5Lhx.jpg!m_fill,w_280,h_210,f_jpg?from=ke.com
20240306,朝阳,定福庄,101122729907,正南向两居室 高层采光好 商品房,459万,52410元/平,顶层 (共12层) 2室1厅 | 87.58平米 | 南,https://ke-image.ljcdn.com/110000-inspection/pc1_YMCxmgWPl.jpg!m_fill,w_280,h_210,f_jpg?from=ke.com
20240306,朝阳,定福庄,101122723045,妇联小区  精装修西南两居室  带电梯  采光好,330万,51235元/平,低楼层 (共16层) | 1995年 | 2室2厅 | 64.41平米 | 西南,https://ke-image.ljcdn.com/110000-inspection/5f4a41b7-4853-44a4-ad3a-c829a08719ae_1000.jpg!m_fill,w_280,h_210,f_jpg?from=ke.com
20240306,朝阳,定福庄,101122719783,瑞和国际 2007年东南两居 无遮挡 6号线一号线 电梯,480万,45741元/平,低楼层 (共21层) 2室1厅 | 104.94平米 | 东南,https://ke-image.ljcdn.com/110000-inspection/e6c125b7-230d-4969-a441-82cb9d01218f_1000.jpg!m_fill,w_280,h_210,f_jpg?from=ke.com
20240306,朝阳,定福庄,101122700860,五建小区 中间层南北通透 客厅方正 6号线22号线双地铁房主自荐,295万,44576元/平,中楼层 (共6层) | 1994年 | 2室1厅 | 66.18平米 | 南 北,https://ke-image.ljcdn.com/110000-inspection/pc1_ADVKubbsp.jpg!m_fill,w_280,h_210,f_jpg?from=ke.com
20240306,朝阳,定福庄,101122695210,定福庄北里1号院 商品房两居室 精装修 业主诚意出售,319万,46495元/平,顶层 (共6层) 2室1厅 | 68.61平米 | 南 北,https://ke-image.ljcdn.com/110000-inspection/pc1_Gg6lauww8_2.jpg!m_fill,w_280,h_210,f_jpg?from=ke.com
20240306,朝阳,定福庄,101122688704,三间房东路 南北通透 中间楼层 满五唯一 6号线480米房主自荐,286万,44410元/平,中楼层 (共6层) | 1996年 | 2室1厅 | 64.4平米 | 南 北,https://ke-image.ljcdn.com/110000-inspection/pc1_RaMJYZ2Pp.jpg!m_fill,w_280,h_210,f_jpg?from=ke.com
20240306,朝阳,定福庄,101122685329,定福家园2号院 3室1厅 南 北,538万,52912元/平,低楼层 (共18层) | 2007年 | 3室1厅 | 101.68平米 | 南 北,https://ke-image.ljcdn.com/110000-inspection/pc1_PpaTl16V0.jpg!m_fill,w_280,h_210,f_jpg?from=ke.com
20240306,朝阳,定福庄,101122662115,定福庄北里1号院  南向两居室 地铁六号线和22号线,245万,46685元/平,高楼层 (共6层) | 1981年 | 2室1厅 | 52.48平米 | 南,https://ke-image.ljcdn.com/110000-inspection/pc1_nC1afXyvm_2.jpg!m_fill,w_280,h_210,f_jpg?from=ke.com
20240306,朝阳,定福庄,101122652796,绿岛苑西区 西南2居 格局方正 看房方便 诚心出售,338万,44521元/平,中楼层 (共24层) | 1998年 | 2室1厅 | 75.92平米 | 东南,https://ke-image.ljcdn.com/110000-inspection/c22c0c3c-832b-4759-bc5e-49a607815062_1000.jpg!m_fill,w_280,h_210,f_jpg?from=ke.com
20240306,朝阳,定福庄,101122649454,绿岛苑东区 2室1厅 南 北 东,212万,35595元/平,顶层 (共6层) 2室1厅 | 59.56平米 | 南 北 东,https://ke-image.ljcdn.com/110000-inspection/6b2f506c-b85f-4da3-98e1-2c59a9cb4df4_1000.jpg!m_fill,w_280,h_210,f_jpg?from=ke.com
20240306,朝阳,定福庄,101122632568,花园闸小区 全明格局 三居室 采光好 视野开阔,300万,38591元/平,顶层 (共6层) | 1992年 | 3室1厅 | 77.74平米 | 南 北,https://ke-image.ljcdn.com/110000-inspection/9044538a-d0b0-4891-a9dd-9b04c790b1a1_1000.jpg!m_fill,w_280,h_210,f_jpg?from=ke.com
20240306,朝阳,定福庄,101122621889,地铁6号线2010年建成板楼带电梯采光好商品房,290万,56039元/平,底层 (共20层) | 2010年 | 1室1厅 | 51.75平米 | 南,https://ke-image.ljcdn.com/110000-inspection/pc1_dQCgQXM71_2.jpg!m_fill,w_280,h_210,f_jpg?from=ke.com
20240306,朝阳,定福庄,101122596593,金福家园 2室1厅 东 北,359万,45375元/平,高楼层 (共18层) 2室1厅 | 79.12平米 | 东 北,https://ke-image.ljcdn.com/110000-inspection/bb650ac1-4262-4f36-81f0-22ab3aac0d54_1000.jpg!m_fill,w_280,h_210,f_jpg?from=ke.com
20240306,朝阳,定福庄,101122575606,东领鉴筑两居室 满五唯一商品房 诚心出售,449万,45668元/平,高楼层 (共21层) | 2005年 | 2室1厅 | 98.32平米 | 东南,https://ke-image.ljcdn.com/110000-inspection/pc1_nnimyIAnb.jpg!m_fill,w_280,h_210,f_jpg?from=ke.com
20240306,朝阳,定福庄,101122542754,福怡苑小区 中间楼层 全南一居 自住精装修房主自荐,270万,48043元/平,中楼层 (共7层) 1室1厅 | 56.2平米 | 南,https://ke-image.ljcdn.com/110000-inspection/300d0688-7d39-4fa9-a8d8-93584a3ad210_1000.jpg!m_fill,w_280,h_210,f_jpg?from=ke.com
20240306,朝阳,定福庄,101122475110,金福家园 商品房高楼层无遮挡 6号线一号线22号线,468万,42635元/平,中楼层 (共18层) | 2002年 | 2室1厅 | 109.77平米 | 东南 北,https://ke-image.ljcdn.com/110000-inspection/pc1_rVCZPGkEf.jpg!m_fill,w_280,h_210,f_jpg?from=ke.com
20240306,朝阳,定福庄,101122462561,瑞和国际两居 满两年商品房 诚心出售 看房方便房主自荐,513万,49715元/平,低楼层 (共21层) 2室1厅 | 103.19平米 | 东,https://ke-image.ljcdn.com/110000-inspection/pc1_VZ8guRiaK.jpg!m_fill,w_280,h_210,f_jpg?from=ke.com
20240306,朝阳,定福庄,101122453111,北京第二外语大学家属院  电梯  高楼层 视野超好三居房主自荐,470万,55412元/平,顶层 (共12层) 3室1厅 | 84.82平米 | 东 南,https://ke-image.ljcdn.com/110000-inspection/47e757fa-0a11-4b71-a56a-14682b5ed08b_1000.jpg!m_fill,w_280,h_210,f_jpg?from=ke.com
20240306,朝阳,定福庄,101122437966,6号线东领鉴筑南北通透中高楼层物业管理好,500万,47925元/平,中楼层 (共21层) | 2005年 | 2室1厅 | 104.33平米 | 南 北,https://ke-image.ljcdn.com/110000-inspection/pc1_ia78a7iuV.jpg!m_fill,w_280,h_210,f_jpg?from=ke.com
20240306,朝阳,定福庄,101122425033,妇联小区     东南两居    环境好    诚心出售,315万,48997元/平,低楼层 (共16层) 2室1厅 | 64.29平米 | 东南,https://ke-image.ljcdn.com/110000-inspection/pc1_se55JJu66.jpg!m_fill,w_280,h_210,f_jpg?from=ke.com
20240306,朝阳,定福庄,101122424778,绿岛苑东区 南北通透 正规带厅两居 精装修 满五年唯一,249万,48910元/平,高楼层 (共6层) | 1992年 | 2室1厅 | 50.91平米 | 南 北,https://ke-image.ljcdn.com/110000-inspection/pc1_nK34rLKuU.jpg!m_fill,w_280,h_210,f_jpg?from=ke.com
20240306,朝阳,定福庄,101122414635,绿岛苑东区 2室1厅 南 北,230万,37314元/平,高楼层 (共6层) 2室1厅 | 61.64平米 | 南 北,https://ke-image.ljcdn.com/110000-inspection/pc1_C6esuCI2T_1.jpg!m_fill,w_280,h_210,f_jpg?from=ke.com
20240306,朝阳,定福庄,101122407606,定福庄北里1号院  中间楼层 南向一居室 地铁六号线房主自荐,189万,47298元/平,中楼层 (共6层) | 1987年 | 1室1厅 | 39.96平米 | 南,https://ke-image.ljcdn.com/110000-inspection/pc1_ybG8qxpPD_1.jpg!m_fill,w_280,h_210,f_jpg?from=ke.com
20240306,朝阳,定福庄,101122393980,花园闸小区正规一居  1992年建成 业主靠谱签约房主自荐,195万,49745元/平,底层 (共6层) | 1992年 | 1室1厅 | 39.2平米 | 南,https://ke-image.ljcdn.com/110000-inspection/pc1_BIFY2t2Pq.jpg!m_fill,w_280,h_210,f_jpg?from=ke.com
20240306,朝阳,定福庄,101122368754,定福庄东街正规南北两居 小区已经改造 靠谱签约,269万,48910元/平,底层 (共5层) | 1991年 | 1室1厅 | 55平米 | 南 北,https://ke-image.ljcdn.com/110000-inspection/pc1_V6hkOqe1O.jpg!m_fill,w_280,h_210,f_jpg?from=ke.com
20240306,朝阳,定福庄,101122343740,美然动力A1区 南北通透三居室 采光好 视野好,730万,52010元/平,高楼层 (共14层) 3室2厅 | 140.36平米 | 南 北,https://ke-image.ljcdn.com/110000-inspection/619a4116-4f57-469f-938d-52ecb9b1fdd7_1000.jpg!m_fill,w_280,h_210,f_jpg?from=ke.com
20240306,朝阳,定福庄,101122342420,英郡全南向开间近地铁商品房落地窗首付80W,265万,52455元/平,低楼层 (共14层) 1室0厅 | 50.52平米 | 南,https://ke-image.ljcdn.com/110000-inspection/pc1_kGZoGgxq2.jpg!m_fill,w_280,h_210,f_jpg?from=ke.com
20240306,朝阳,定福庄,101122342161,瑞和国际 精装修 采光充足 中间层 物业管理好,810万,56095元/平,高楼层 (共22层) | 2009年 | 3室2厅 | 144.4平米 | 西南,https://ke-image.ljcdn.com/110000-inspection/66b1789f-dcae-4f08-805b-0d0d0bdbeabc_1000.jpg!m_fill,w_280,h_210,f_jpg?from=ke.com
20240306,朝阳,定福庄,101122341912,瑞和国际 东南向三居室 视野好 采光好,810万,57192元/平,高楼层 (共22层) 3室2厅 | 141.63平米 | 东南,https://ke-image.ljcdn.com/110000-inspection/23aeb0d6-b024-494e-a27c-56990ffceb98_1000.jpg!m_fill,w_280,h_210,f_jpg?from=ke.com
20240306,朝阳,定福庄,101122337993,大黄庄东路   精装修   好户型视野好   有车位房主自荐,420万,46896元/平,中楼层 (共21层) | 2005年 | 2室1厅 | 89.56平米 | 南 西,https://ke-image.ljcdn.com/110000-inspection/42375e92-41fc-4c3a-ba00-24e0fa549a53_1000.jpg!m_fill,w_280,h_210,f_jpg?from=ke.com
20240306,朝阳,定福庄,101122331652,金星小区南北通透两居户型方正没有浪费面积,259万,47014元/平,中楼层 (共6层) 2室1厅 | 55.09平米 | 南 北,https://ke-image.ljcdn.com/110000-inspection/pc1_cqzeAMBHi.jpg!m_fill,w_280,h_210,f_jpg?from=ke.com
20240306,朝阳,定福庄,101122313508,瑞和国际 西南向三居室 满五唯一 高楼层,730万,51139元/平,低楼层 (共21层) | 2008年 | 3室2厅 | 142.75平米 | 南 西,https://ke-image.ljcdn.com/110000-inspection/pc1_g6apOpDAW.jpg!m_fill,w_280,h_210,f_jpg?from=ke.com
20240306,朝阳,定福庄,101122307246,定福庄北里1号院 南北向两居室 业主诚意出售 看房方便房主自荐,307万,45849元/平,顶层 (共6层) | 1998年 | 2室1厅 | 66.96平米 | 南 北,https://ke-image.ljcdn.com/110000-inspection/5dc6c2e3-657f-4b08-88c1-508de109b175_1000.jpg!m_fill,w_280,h_210,f_jpg?from=ke.com
20240306,朝阳,定福庄,101122290534,定福庄北里1号院  南北通透 精装三居  满五唯一房主自荐,374万,48141元/平,高楼层 (共6层) | 1988年 | 3室2厅 | 77.69平米 | 南 北,https://ke-image.ljcdn.com/110000-inspection/pc1_KwJmNHeUO.jpg!m_fill,w_280,h_210,f_jpg?from=ke.com
20240306,朝阳,定福庄,101122273491,93年正规小2居 70年大产权 22号平谷线 拎包入住 急售房主自荐,285万,46875元/平,底层 (共6层) 2室1厅 | 60.8平米 | 东 西,https://ke-image.ljcdn.com/110000-inspection/pc1_kt3w2CTP6.jpg!m_fill,w_280,h_210,f_jpg?from=ke.com
20240306,朝阳,定福庄,101122263823,五建小区 正规一居室 精装修 明厨明卫房主自荐,199万,48490元/平,中楼层 (共6层) | 1987年 | 1室1厅 | 41.04平米 | 南 西 北,https://ke-image.ljcdn.com/110000-inspection/7109685c-21be-461d-a9a1-8e548452006b_1000.jpg!m_fill,w_280,h_210,f_jpg?from=ke.com
20240306,朝阳,定福庄,101122203951,店长推荐：给您推荐一套低楼层优质房源房主自荐,243万,47939元/平,底层 (共6层) | 1987年 | 2室1厅 | 50.69平米 | 南 北,https://ke-image.ljcdn.com/110000-inspection/pc1_JlxABFIaJ_2.jpg!m_fill,w_280,h_210,f_jpg?from=ke.com
20240306,朝阳,定福庄,101122185048,绿岛苑东区南北两居室 采光好  满五年唯一,248万,40490元/平,高楼层 (共6层) | 1979年 | 2室1厅 | 61.25平米 | 北 南,https://ke-image.ljcdn.com/110000-inspection/f562fd3f-0ff3-4ef2-a3ad-d8c154e2e6f7_1000.jpg!m_fill,w_280,h_210,f_jpg?from=ke.com
20240306,朝阳,定福庄,101122164511,定福庄西里2号院 2室1厅 东 西,230万,40133元/平,高楼层 (共6层) 2室1厅 | 57.31平米 | 东 西,https://ke-image.ljcdn.com/110000-inspection/pc1_XHgqrbx9v.jpg!m_fill,w_280,h_210,f_jpg?from=ke.com
20240306,朝阳,定福庄,101122153547,妇联小区    南北全明两居    精装修   配套全房主自荐,318万,46451元/平,顶层 (共6层) 2室1厅 | 68.46平米 | 南 北,https://ke-image.ljcdn.com/110000-inspection/pc1_YLCAGk0eU.jpg!m_fill,w_280,h_210,f_jpg?from=ke.com
20240306,朝阳,定福庄,101122101283,电建北院  传媒大学  近地铁  南北通透小三居,230万,41577元/平,中楼层 (共5层) | 1978年 | 3室1厅 | 55.32平米 | 南 北,https://ke-image.ljcdn.com/110000-inspection/pc1_ToBWjNNmC.jpg!m_fill,w_280,h_210,f_jpg?from=ke.com
20240306,朝阳,定福庄,101122095883,6号线褡裢坡 满五唯一 东北一居 近常营 大悦城,350万,52014元/平,低楼层 (共18层) 1室1厅 | 67.29平米 | 东北,https://ke-image.ljcdn.com/110000-inspection/f051385d-846a-4713-bbcb-f740409b521b_1000.jpg!m_fill,w_280,h_210,f_jpg?from=ke.com
20240306,朝阳,定福庄,101122094548,妇联小区 2室1厅 南 北,280万,41464元/平,顶层 (共7层) | 1995年 | 2室1厅 | 67.53平米 | 南 北,https://ke-image.ljcdn.com/110000-inspection/pc1_iWKyDIfxT.jpg!m_fill,w_280,h_210,f_jpg?from=ke.com
20240306,朝阳,定福庄,101122059862,金星小区南北两居精装业主诚心出售房主自荐,245万,42308元/平,高楼层 (共6层) 2室1厅 | 57.91平米 | 南 北,https://ke-image.ljcdn.com/110000-inspection/pc1_w2XdaDtFd.jpg!m_fill,w_280,h_210,f_jpg?from=ke.com
20240306,朝阳,定福庄,101122037062,定福庄北里2号院 南北向两居 看房方便 业主诚意出售,290万,47347元/平,低楼层 (共6层) | 1993年 | 2室1厅 | 61.25平米 | 南 北,https://ke-image.ljcdn.com/110000-inspection/1de0c9c4-a816-4965-8b2e-ca4cca1be2e2_1000.jpg!m_fill,w_280,h_210,f_jpg?from=ke.com
20240306,朝阳,定福庄,101122015436,定福庄西街正规两室两厅  看房方便  业主诚心出售房主自荐,390万,40885元/平,顶层 (共6层) | 2002年 | 2室2厅 | 95.39平米 | 南 北,https://ke-image.ljcdn.com/110000-inspection/pc1_qatsgN736.jpg!m_fill,w_280,h_210,f_jpg?from=ke.com
20240306,朝阳,定福庄,101122003521,花园闸北里南向一居业主诚心出售,200万,50063元/平,中楼层 (共6层) | 1992年 | 1室0厅 | 39.95平米 | 南,https://ke-image.ljcdn.com/110000-inspection/pc1_sHloBqlwE.jpg!m_fill,w_280,h_210,f_jpg?from=ke.com
20240306,朝阳,定福庄,101121995825,五建小区 低楼层 南向一居室 无遮挡 地铁六号线,185万,46297元/平,低楼层 (共6层) | 1987年 | 1室1厅 | 39.96平米 | 南,https://ke-image.ljcdn.com/110000-inspection/51556802-e3e2-4bc8-8a33-ca470446cbfb_1000.jpg!m_fill,w_280,h_210,f_jpg?from=ke.com
20240306,朝阳,定福庄,101121968942,金星小区 2室1厅 南 北,300万,51494元/平,中楼层 (共6层) | 1990年 | 2室1厅 | 58.26平米 | 南 北,https://ke-image.ljcdn.com/110000-inspection/14d947cc-37f4-4842-a38f-67717fa727c4_1000.jpg!m_fill,w_280,h_210,f_jpg?from=ke.com
20240306,朝阳,定福庄,101121964390,传媒教师家属楼 南北两居室 诚售,240万,39159元/平,顶层 (共6层) | 1987年 | 2室1厅 | 61.29平米 | 南 北,https://ke-image.ljcdn.com/110000-inspection/pc1_ZUwt2lDrp.jpg!m_fill,w_280,h_210,f_jpg?from=ke.com
20240306,朝阳,定福庄,101121942461,三间房南里4号院 南北向两居室 业主诚意出售 看房方便,350万,48829元/平,低楼层 (共6层) 2室1厅 | 71.68平米 | 南 北,https://ke-image.ljcdn.com/110000-inspection/a578655e-74d2-4074-b939-a888f128c58b_1000.jpg!m_fill,w_280,h_210,f_jpg?from=ke.com
20240306,朝阳,定福庄,101121918426,三间房东路 两居室 商品房 业主诚意出售房主自荐,205万,42060元/平,顶层 (共6层) | 1990年 | 2室1厅 | 48.74平米 | 西北,https://ke-image.ljcdn.com/110000-inspection/pc1_GSu6ENdc5_2.jpg!m_fill,w_280,h_210,f_jpg?from=ke.com
20240306,朝阳,定福庄,101121894239,东领鉴筑 2005年商品房 中间层 有钥匙 6号线一号线,460万,46787元/平,低楼层 (共21层) | 2005年 | 2室1厅 | 98.32平米 | 东南,https://ke-image.ljcdn.com/110000-inspection/3b655377-23cb-46a0-bc35-f59de8b43d6d_1000.jpg!m_fill,w_280,h_210,f_jpg?from=ke.com
20240306,朝阳,定福庄,101121882737,满五唯一精装修南北通透公立幼儿园带固定充电桩,340万,53772元/平,底层 (共7层) | 1998年 | 2室1厅 | 63.23平米 | 南 北,https://ke-image.ljcdn.com/110000-inspection/bfb5abf2-cec6-4a30-9a88-844201539dc1_1000.jpg!m_fill,w_280,h_210,f_jpg?from=ke.com
20240306,朝阳,定福庄,101121874697,定福庄南里1号院 4室1厅 南 西 北,550万,54166元/平,中楼层 (共12层) | 1993年 | 4室1厅 | 101.54平米 | 南 西 北,https://ke-image.ljcdn.com/110000-inspection/925fc146-b736-40a8-9bd6-638bc7b84de0_1000.jpg!m_fill,w_280,h_210,f_jpg?from=ke.com
20240306,朝阳,定福庄,101121871067,天泰苑A8区 6号褡裢坡 南向一居室 业主诚意出售,339万,59916元/平,顶层 (共8层) | 2009年 | 1室1厅 | 56.58平米 | 南,https://ke-image.ljcdn.com/110000-inspection/beddce80-f0cf-4570-a420-64548261ecfe_1000.jpg!m_fill,w_280,h_210,f_jpg?from=ke.com
20240306,朝阳,定福庄,101121865679,五建小区 南向1居 中间楼层 首套仅契税 双地铁房主自荐,178万,44545元/平,低楼层 (共6层) | 1987年 | 1室1厅 | 39.96平米 | 南,https://ke-image.ljcdn.com/110000-inspection/pc1_QseHB43PZ.jpg!m_fill,w_280,h_210,f_jpg?from=ke.com
20240306,朝阳,定福庄,101121863207,瑞和国际三居室 东南户型 楼层 好 采光好,750万,51561元/平,中楼层 (共21层) | 2008年 | 3室2厅 | 145.46平米 | 东南,https://ke-image.ljcdn.com/110000-inspection/pc1_pKWGAF86p_1.jpg!m_fill,w_280,h_210,f_jpg?from=ke.com
20240306,朝阳,定福庄,101121841066,地铁6号线 2010年电梯房 满5唯一 精装修,350万,51737元/平,中楼层 (共16层) | 2010年 | 1室1厅 | 67.65平米 | 东 北,https://ke-image.ljcdn.com/110000-inspection/pc1_QgtkHDDNT_2.jpg!m_fill,w_280,h_210,f_jpg?from=ke.com
20240306,朝阳,定福庄,101121833256,双地铁（八通线+在建22号线）一层 南北2居 明厨明卫,300万,54745元/平,底层 (共5层) | 1982年 | 2室1厅 | 54.8平米 | 南 北,https://ke-image.ljcdn.com/110000-inspection/pc1_46Jihe8r6.jpg!m_fill,w_280,h_210,f_jpg?from=ke.com
20240306,朝阳,定福庄,101121820772,妇联小区 正规一居 楼层高 采光好 视野开阔 诚心出售,235万,50955元/平,顶层 (共16层) | 1994年 | 1室1厅 | 46.12平米 | 西南,https://ke-image.ljcdn.com/110000-inspection/03ae7637-4fa2-4630-8743-07de4a62809d_1000.jpg!m_fill,w_280,h_210,f_jpg?from=ke.com
20240306,朝阳,定福庄,101121803005,东领鉴筑东向开间 满五唯一 诚心出售 交通便利,266万,41582元/平,高楼层 (共12层) | 2005年 | 1室0厅 | 63.97平米 | 东,https://ke-image.ljcdn.com/110000-inspection/pc1_CFH4ExFcA.jpg!m_fill,w_280,h_210,f_jpg?from=ke.com
20240306,朝阳,定福庄,101121779028,满五年唯一商品房  精装修  诚意卖  看房方便,236万,41274元/平,底层 (共6层) | 1992年 | 2室1厅 | 57.18平米 | 南 北,https://ke-image.ljcdn.com/110000-inspection/pc1_PsSY6Mgmo.jpg!m_fill,w_280,h_210,f_jpg?from=ke.com
20240306,朝阳,定福庄,101121778820,满五年唯一商品房 电梯房 业主诚意卖 看房方便,308万,54951元/平,低楼层 (共18层) 1室1厅 | 56.05平米 | 南 北,https://ke-image.ljcdn.com/110000-inspection/43259548-7e10-44fa-813a-74cfbe876431_1000.jpg!m_fill,w_280,h_210,f_jpg?from=ke.com
20240306,朝阳,定福庄,101121715587,金星小区 南北两居 精装修 可直接入住,240万,42091元/平,顶层 (共6层) | 1990年 | 2室1厅 | 57.02平米 | 南 北,https://ke-image.ljcdn.com/110000-inspection/ead9a069-f331-452c-95b8-6b8f0302fb4b_1000.jpg!m_fill,w_280,h_210,f_jpg?from=ke.com
20240306,朝阳,定福庄,101121707289,南北通透 带正规客厅 2000年 满五年有钥匙 急售2居,298万,43108元/平,顶层 (共6层) | 2000年 | 2室1厅 | 69.13平米 | 南 北,https://ke-image.ljcdn.com/110000-inspection/a45858c9-77bb-43a6-9ce8-dfe0c2cfa24c_1000.jpg!m_fill,w_280,h_210,f_jpg?from=ke.com
20240306,朝阳,定福庄,101121693882,花园闸小区 全明格局 次顶层 两居室,249万,42747元/平,高楼层 (共6层) | 1992年 | 2室1厅 | 58.25平米 | 南 北,https://ke-image.ljcdn.com/110000-inspection/pc1_FnwkffhYS.jpg!m_fill,w_280,h_210,f_jpg?from=ke.com
20240306,朝阳,定福庄,101121688869,花园闸小区   户型方正 精装修  看房方便,279万,54018元/平,中楼层 (共6层) 2室1厅 | 51.65平米 | 东南,https://ke-image.ljcdn.com/110000-inspection/015cdce3-469c-468b-a835-4ab54a589009_1000.jpg!m_fill,w_280,h_210,f_jpg?from=ke.com
20240306,朝阳,定福庄,101121674866,福怡苑小区 低楼层 精装修 东南北 两居房主自荐,378万,50448元/平,底层 (共6层) 2室1厅 | 74.93平米 | 南 北,https://ke-image.ljcdn.com/110000-inspection/c02040dc-3e13-4ee5-a861-01cd3c8a50f8_1000.jpg!m_fill,w_280,h_210,f_jpg?from=ke.com
20240306,朝阳,定福庄,101121669880,定福庄西街 2室1厅 南 北,245万,42520元/平,底层 (共6层) 2室1厅 | 57.62平米 | 南 北,https://ke-image.ljcdn.com/110000-inspection/pc1_lem3XTEgF.jpg!m_fill,w_280,h_210,f_jpg?from=ke.com
20240306,朝阳,定福庄,101121649587,这是半地下室70年产权住宅民水民电有天燃气。,140万,22832元/平,地下室 (共7层) | 1998年 | 2室1厅 | 61.32平米 | 南 北,https://ke-image.ljcdn.com/110000-inspection/pc1_jhxFJWRAF.jpg!m_fill,w_280,h_210,f_jpg?from=ke.com
20240306,朝阳,定福庄,101121611316,东领鉴筑05年社区带电梯满五年唯一商品房物业管理完善,268万,41895元/平,中楼层 (共12层) | 2005年 | 1室1厅 | 63.97平米 | 东,https://ke-image.ljcdn.com/110000-inspection/126328dc-c66c-40b2-91f2-7ce5556e25f0_1000.jpg!m_fill,w_280,h_210,f_jpg?from=ke.com
20240306,朝阳,定福庄,101121594309,中间层 带电梯 双卧朝南 2007年 90平 正规大2居 急售,412万,46019元/平,高楼层 (共21层) 2室1厅 | 89.53平米 | 西南,https://ke-image.ljcdn.com/110000-inspection/pc1_ndQO0YlIF.jpg!m_fill,w_280,h_210,f_jpg?from=ke.com
20240306,朝阳,定福庄,101121589795,天泰定福苑满五唯一正规一居室低楼层通透户型,270万,55362元/平,低楼层 (共6层) 1室1厅 | 48.77平米 | 东 西,https://ke-image.ljcdn.com/110000-inspection/6a370246-1902-49c0-a692-f783b612b0a3_1000.jpg!m_fill,w_280,h_210,f_jpg?from=ke.com
20240306,朝阳,定福庄,101121589445,福怡苑小区 精装 南北一居 中间楼层无遮挡,265万,50962元/平,中楼层 (共7层) | 1998年 | 1室1厅 | 52平米 | 南 北,https://ke-image.ljcdn.com/110000-inspection/c1d3c83f-6852-491e-9253-656784c94895_1000.jpg!m_fill,w_280,h_210,f_jpg?from=ke.com
20240306,朝阳,定福庄,101121572667,福盈家园 2室1厅 南,386万,52482元/平,高楼层 (共20层) 2室1厅 | 73.55平米 | 南,https://ke-image.ljcdn.com/110000-inspection/027597d1-35ef-4677-b9d4-1077c95979bf_1000.jpg!m_fill,w_280,h_210,f_jpg?from=ke.com
20240306,朝阳,定福庄,101121565678,新上一居室  满五年唯一  诚意卖  看房方便,180万,40395元/平,顶层 (共6层) | 1990年 | 1室1厅 | 44.56平米 | 南,https://ke-image.ljcdn.com/110000-inspection/dd7c1234-90fc-45f2-902c-6f5dc6864b5a_1000.jpg!m_fill,w_280,h_210,f_jpg?from=ke.com
20240306,朝阳,定福庄,101121563119,福盈家园 2室1厅 南,381万,51802元/平,高楼层 (共20层) 2室1厅 | 73.55平米 | 南,https://ke-image.ljcdn.com/110000-inspection/715074ee-1ed9-459e-9c43-b1b1837cdf16_1000.jpg!m_fill,w_280,h_210,f_jpg?from=ke.com
20240306,朝阳,定福庄,101121553916,金福家园 2室1厅 南 东,430万,54041元/平,高楼层 (共18层) | 2000年 | 2室1厅 | 79.57平米 | 南 东,https://ke-image.ljcdn.com/110000-inspection/6b907344-db04-4576-94f0-ef8ecf426a98_1000.jpg!m_fill,w_280,h_210,f_jpg?from=ke.com
20240306,朝阳,定福庄,101121519999,花园闸小区  明厨明卫  诚意卖 小区环境好 交通便利,265万,45494元/平,高楼层 (共6层) | 1992年 | 2室1厅 | 58.25平米 | 南 北,https://ke-image.ljcdn.com/110000-inspection/pc1_Nl4Slv6m9.jpg!m_fill,w_280,h_210,f_jpg?from=ke.com
20240306,朝阳,定福庄,101121514073,妇联小区南北通透一居室中间楼层房主自荐,232万,49829元/平,中楼层 (共6层) | 1994年 | 1室1厅 | 46.56平米 | 南 北,https://ke-image.ljcdn.com/110000-inspection/pc1_Io88DZIhn.jpg!m_fill,w_280,h_210,f_jpg?from=ke.com
20240306,朝阳,定福庄,101121488547,电建北院 2室1厅 南 北,350万,49324元/平,低楼层 (共7层) | 2000年 | 2室1厅 | 70.96平米 | 南 北,https://ke-image.ljcdn.com/110000-inspection/pc1_JUHX34fUs.jpg!m_fill,w_280,h_210,f_jpg?from=ke.com
20240306,朝阳,定福庄,101121473677,首套首付100万左右金星小区南北通透两居室视野开阔房主自荐,249万,42998元/平,顶层 (共6层) | 1988年 | 2室1厅 | 57.91平米 | 南 北,https://ke-image.ljcdn.com/110000-inspection/fbd75cef-99f5-4542-aac5-2705fab7980e_1000.jpg!m_fill,w_280,h_210,f_jpg?from=ke.com
20240306,朝阳,定福庄,101121457356,北京第二外国语学院家属院 房子在大学里人文环境好,440万,61419元/平,底层 (共6层) | 1986年 | 3室1厅 | 71.64平米 | 南 北,https://ke-image.ljcdn.com/110000-inspection/fd8c55ea-c5f0-4d1d-a0bc-35db4f9401a7_1000.jpg!m_fill,w_280,h_210,f_jpg?from=ke.com
20240306,朝阳,定福庄,101121453344,三间房南里7号院 精装修 中间楼层 满五唯一房主自荐,356万,66456元/平,低楼层 (共6层) | 1983年 | 1室1厅 | 53.57平米 | 南 北,https://ke-image.ljcdn.com/110000-inspection/a308dd2d-4542-4cb0-bb90-160ef25ac3d8_1000.jpg!m_fill,w_280,h_210,f_jpg?from=ke.com
20240306,朝阳,定福庄,101121448563,北京齿轮厂家属院 电梯房 业主诚售,409万,35696元/平,高楼层 (共21层) 2室1厅 | 114.58平米 | 南,https://ke-image.ljcdn.com/110000-inspection/c2ec3d64-e7d3-4c1d-95a8-48ab2fa31340_1000.jpg!m_fill,w_280,h_210,f_jpg?from=ke.com
20240306,朝阳,定福庄,101121441762,绿岛苑东区  低楼层  传媒大学正规一居室,210万,47641元/平,低楼层 (共6层) | 1987年 | 1室1厅 | 44.08平米 | 南,https://ke-image.ljcdn.com/110000-inspection/003638d6-c763-48c2-af6c-5553813a68a2_1000.jpg!m_fill,w_280,h_210,f_jpg?from=ke.com
20240306,朝阳,定福庄,101121415594,定福庄西街 南向两居室 中间层 不临街 出行便利,220万,42382元/平,中楼层 (共5层) | 1977年 | 2室1厅 | 51.91平米 | 南,https://ke-image.ljcdn.com/110000-inspection/dd424116-23c0-405f-8893-0003eb885d65_1000.jpg!m_fill,w_280,h_210,f_jpg?from=ke.com
20240306,朝阳,定福庄,101121401056,绿岛苑东区  南北通透两居  中楼层  朝阳路传媒大学,280万,45850元/平,中楼层 (共6层) | 1989年 | 2室1厅 | 61.07平米 | 南 北,https://ke-image.ljcdn.com/110000-inspection/pc1_WAdFiWlsf.jpg!m_fill,w_280,h_210,f_jpg?from=ke.com
20240306,朝阳,定福庄,101121398643,定福庄西里1号院    楼层好   装修好房主自荐,300万,42278元/平,低楼层 (共7层) 2室1厅 | 70.96平米 | 东 西,https://ke-image.ljcdn.com/110000-inspection/3f220130-8e5c-4722-bdbb-64ac28cf3981_1000.jpg!m_fill,w_280,h_210,f_jpg?from=ke.com
20240306,朝阳,定福庄,101121283115,妇联小区 正规一居 西南向 视野开阔 采光好 看房随时,249万,53400元/平,高楼层 (共16层) | 1995年 | 1室1厅 | 46.63平米 | 西南,https://ke-image.ljcdn.com/110000-inspection/b06a817e-374d-41e3-9595-893091a0be43_1000.jpg!m_fill,w_280,h_210,f_jpg?from=ke.com
20240306,朝阳,定福庄,101121272247,定福家园3号院 南向高楼层 视野采光好 2006年社区,495万,49078元/平,顶层 (共21层) 3室1厅 | 100.86平米 | 东 南,https://ke-image.ljcdn.com/110000-inspection/pc1_ykSfWpMjm.jpg!m_fill,w_280,h_210,f_jpg?from=ke.com
20240306,朝阳,定福庄,101121238362,传媒大学家属院 人文素质高 地铁22号线旁 停车方便,270万,46998元/平,低楼层 (共6层) 2室1厅 | 57.45平米 | 西南,https://ke-image.ljcdn.com/110000-inspection/pc1_SzmEEHsdv.jpg!m_fill,w_280,h_210,f_jpg?from=ke.com
20240306,朝阳,定福庄,101121233508,双地铁（1号线+22号线）中间楼层 正规南北通透两居室,280万,46808元/平,中楼层 (共5层) | 1982年 | 2室1厅 | 59.82平米 | 南 北,https://ke-image.ljcdn.com/110000-inspection/pc1_5hJHeHPmp.jpg!m_fill,w_280,h_210,f_jpg?from=ke.com
20240306,朝阳,定福庄,101121226258,花园闸小区 南北两居室 中间层 不临街,260万,45623元/平,低楼层 (共6层) | 1992年 | 2室1厅 | 56.99平米 | 南 北,https://ke-image.ljcdn.com/110000-inspection/pc1_ro6FyKLab.jpg!m_fill,w_280,h_210,f_jpg?from=ke.com
20240306,朝阳,定福庄,101121198275,北京第二外国语学院家属院 房子在大学里人文环境好,375万,61225元/平,中楼层 (共12层) | 1993年 | 2室1厅 | 61.25平米 | 南,https://ke-image.ljcdn.com/110000-inspection/04cdb900-d691-43d4-b437-5a6539dfe635_1000.jpg!m_fill,w_280,h_210,f_jpg?from=ke.com
20240306,朝阳,定福庄,101121182793,瑞和国际精装修两居室、满五唯一商品房,480万,46377元/平,底层 (共22层) 2室1厅 | 103.5平米 | 西,https://ke-image.ljcdn.com/110000-inspection/345d0176-a58b-4cf6-99bf-0e7af70c6068_1000.jpg!m_fill,w_280,h_210,f_jpg?from=ke.com
20240306,朝阳,定福庄,101121172518,南北通透带电梯集中供暖满五唯一,450万,49359元/平,高楼层 (共13层) 2室1厅 | 91.17平米 | 南 北,https://ke-image.ljcdn.com/110000-inspection/pc1_VcAumWkdX_2.jpg!m_fill,w_280,h_210,f_jpg?from=ke.com
20240306,朝阳,定福庄,101121165397,定福庄西街 正规南北两居 格局方正 采光好,232万,43634元/平,顶层 (共6层) | 1988年 | 2室1厅 | 53.17平米 | 南 北,https://ke-image.ljcdn.com/110000-inspection/10523dab-fb09-493c-85cc-b12248e9684b_1000.jpg!m_fill,w_280,h_210,f_jpg?from=ke.com
20240306,朝阳,定福庄,101121150899,花园闸小区 南北两居室 不临街 配套齐全,268万,50883元/平,底层 (共6层) | 1990年 | 2室1厅 | 52.67平米 | 南 北,https://ke-image.ljcdn.com/110000-inspection/pc1_XWgGw64M0.jpg!m_fill,w_280,h_210,f_jpg?from=ke.com
20240306,朝阳,定福庄,101121119247,绿岛苑西区满五年带有电梯四面有窗户高楼层,419万,40511元/平,高楼层 (共24层) 3室1厅 | 103.43平米 | 东 南 西 北,https://ke-image.ljcdn.com/110000-inspection/001707a4-56c1-4998-a08d-d9f582954a76_1000.jpg!m_fill,w_280,h_210,f_jpg?from=ke.com
20240306,朝阳,定福庄,101121101564,绿岛苑东区 1室1厅 南 北,182万,44872元/平,顶层 (共6层) | 1992年 | 1室1厅 | 40.56平米 | 南 北,https://ke-image.ljcdn.com/110000-inspection/pc1_Z6kZMQ8Zp_2.jpg!m_fill,w_280,h_210,f_jpg?from=ke.com
20240306,朝阳,定福庄,101121097010,定福庄西街 业主自住精装修 双卫 随时签约房主自荐,379万,43039元/平,中楼层 (共7层) | 1997年 | 3室1厅 | 88.06平米 | 南 北,https://ke-image.ljcdn.com/110000-inspection/pc1_BBQ8szFKM_1.jpg!m_fill,w_280,h_210,f_jpg?from=ke.com
20240306,朝阳,定福庄,101121090812,定福庄北里1号院 南北通透三居室户型方正,410万,52774元/平,顶层 (共6层) | 1988年 | 3室1厅 | 77.69平米 | 南 北,https://ke-image.ljcdn.com/110000-inspection/pc1_9hmxNNC3G.jpg!m_fill,w_280,h_210,f_jpg?from=ke.com
20240306,朝阳,定福庄,101121015094,定福庄西街 1室1厅 南 北,199万,53095元/平,底层 (共6层) | 1990年 | 1室1厅 | 37.48平米 | 南 北,https://ke-image.ljcdn.com/110000-inspection/pc1_3LvCcgV2R.jpg!m_fill,w_280,h_210,f_jpg?from=ke.com
20240306,朝阳,定福庄,101120981093,福怡苑 2室1厅 南 北,140万,28192元/平,地下室 (共7层) | 1998年 | 2室1厅 | 49.66平米 | 南 北,https://ke-image.ljcdn.com/110000-inspection/pc1_ZY8pXyq9r.jpg!m_fill,w_280,h_210,f_jpg?from=ke.com
20240306,朝阳,定福庄,101120970630,金福家园 全南2居室 高楼层 视野开阔,415万,52156元/平,中楼层 (共18层) | 2000年 | 2室1厅 | 79.57平米 | 西南,https://ke-image.ljcdn.com/110000-inspection/234a0861-48d1-4013-8fdc-39842d1ff5bc_1000.jpg!m_fill,w_280,h_210,f_jpg?from=ke.com
20240306,朝阳,定福庄,101120957532,定福家园3号院    褡裢坡  两居室   南向   采光好,479万,54556元/平,低楼层 (共12层) 2室1厅 | 87.8平米 | 南,https://ke-image.ljcdn.com/110000-inspection/pc1_azKJjE3B8.jpg!m_fill,w_280,h_210,f_jpg?from=ke.com
20240306,朝阳,定福庄,101120943846,定福庄西街 南北朝向两居 高楼层 地铁600米,418万,43991元/平,顶层 (共6层) | 2002年 | 2室1厅 | 95.02平米 | 南 北,https://ke-image.ljcdn.com/110000-inspection/fac69c47-f798-469b-9ab6-5058011a55ec_1000.jpg!m_fill,w_280,h_210,f_jpg?from=ke.com
20240306,朝阳,定福庄,101120939766,定福庄西街 南北通透两居 94年房龄新 地铁近看房方便,290万,52882元/平,中楼层 (共6层) | 1994年 | 2室1厅 | 54.84平米 | 南 北,https://ke-image.ljcdn.com/110000-inspection/pc1_DLeC5SvBO.jpg!m_fill,w_280,h_210,f_jpg?from=ke.com
20240306,朝阳,定福庄,101120933408,花园闸小区 正规南北两居 全明格局 视野开阔,265万,45494元/平,低楼层 (共6层) | 1992年 | 2室1厅 | 58.25平米 | 南 北,https://ke-image.ljcdn.com/110000-inspection/pc1_7GFem3z9I.jpg!m_fill,w_280,h_210,f_jpg?from=ke.com
20240306,朝阳,定福庄,101120928991,定福庄西街 2室1厅 南 北,325万,39072元/平,中楼层 (共6层) | 1998年 | 2室1厅 | 83.18平米 | 南 北,https://ke-image.ljcdn.com/110000-inspection/pc1_ckSFGAgIN.jpg!m_fill,w_280,h_210,f_jpg?from=ke.com
20240306,朝阳,定福庄,101120927368,五建小区 6号线褡裢坡 南向两居室 商品房 看房方便房主自荐,252万,45894元/平,顶层 (共6层) | 1980年 | 2室1厅 | 54.91平米 | 南,https://ke-image.ljcdn.com/110000-inspection/pc1_VXpSAM3k8_2.jpg!m_fill,w_280,h_210,f_jpg?from=ke.com
20240306,朝阳,定福庄,101120914316,天泰定福苑 满五唯一商品房 中间楼层 正规1居室 6号线房主自荐,278万,53257元/平,中楼层 (共6层) 1室1厅 | 52.2平米 | 东南,https://ke-image.ljcdn.com/110000-inspection/pc1_72LToOEKB.jpg!m_fill,w_280,h_210,f_jpg?from=ke.com
20240306,朝阳,定福庄,101120885428,花园闸小区 中间楼层南北两居 满五唯一 地铁600米,266万,46229元/平,低楼层 (共6层) | 1992年 | 2室1厅 | 57.54平米 | 南 北,https://ke-image.ljcdn.com/110000-inspection/pc1_UDNCd2SKG.jpg!m_fill,w_280,h_210,f_jpg?from=ke.com
20240306,朝阳,定福庄,101120879750,福怡苑 纯板楼 南北通透 3居2卫 一层两户,490万,39263元/平,顶层 (共6层) 3室2厅 | 124.8平米 | 南 北,https://ke-image.ljcdn.com/110000-inspection/pc1_7n0lWOHT6.jpg!m_fill,w_280,h_210,f_jpg?from=ke.com
20240306,朝阳,定福庄,101120869133,小区以改造 房子精装修 满五唯一,275万,51721元/平,底层 (共6层) | 1987年 | 2室1厅 | 53.17平米 | 南 北,https://ke-image.ljcdn.com/110000-inspection/pc1_5hZ9LFSEG_1.jpg!m_fill,w_280,h_210,f_jpg?from=ke.com
20240306,朝阳,定福庄,101120868968,花园闸小区  满五唯一商品房  南向,175万,44204元/平,底层 (共6层) | 1990年 | 1室1厅 | 39.59平米 | 南,https://ke-image.ljcdn.com/110000-inspection/0253a9b7-0cd8-448c-97f1-149d0f7b5706_1000.jpg!m_fill,w_280,h_210,f_jpg?from=ke.com
20240306,朝阳,定福庄,101120855164,三间房西里 全明户型 南北通透 满五唯一 6号线褡裢坡房主自荐,315万,43104元/平,底层 (共6层) | 2013年 | 2室1厅 | 73.08平米 | 南 西 北,https://ke-image.ljcdn.com/110000-inspection/pc1_BdKjkY2dE.jpg!m_fill,w_280,h_210,f_jpg?from=ke.com
20240306,朝阳,定福庄,101120817294,瑞和国际 闻名不如见面 高标百万精装 南向大3居,810万,56652元/平,高楼层 (共21层) 3室2厅 | 142.98平米 | 东南,https://ke-image.ljcdn.com/110000-inspection/4b761009-8bd7-4046-87d2-066f012b64f5_1000.jpg!m_fill,w_280,h_210,f_jpg?from=ke.com
20240306,朝阳,定福庄,101120755692,定福庄西街正规一室一厅 精装自住 靠谱签约,220万,49853元/平,中楼层 (共6层) | 1990年 | 1室1厅 | 44.13平米 | 南,https://ke-image.ljcdn.com/110000-inspection/e0a0a333-4736-44fb-b87a-9d4f4f69e628_1000.jpg!m_fill,w_280,h_210,f_jpg?from=ke.com
20240306,朝阳,定福庄,101120678879,定福庄西街正规2居  3层 有钥匙 随时签约,255万,44019元/平,中楼层 (共6层) 2室1厅 | 57.93平米 | 南 北,https://ke-image.ljcdn.com/110000-inspection/pc1_UTVIDoh2F.jpg!m_fill,w_280,h_210,f_jpg?from=ke.com
20240306,朝阳,定福庄,101120611506,花园闸北里 正规小三居 格局方正 采光好,272万,38593元/平,高楼层 (共6层) | 1990年 | 3室1厅 | 70.48平米 | 南 北,https://ke-image.ljcdn.com/110000-inspection/pc1_JOOSzNxEF.jpg!m_fill,w_280,h_210,f_jpg?from=ke.com
20240306,朝阳,定福庄,101120579871,传媒大学家属院 邻居素质高 地铁22号线旁 停车方便,298万,48622元/平,中楼层 (共6层) | 1987年 | 2室1厅 | 61.29平米 | 南 西 北,https://ke-image.ljcdn.com/110000-inspection/pc1_VziqFIwu7.jpg!m_fill,w_280,h_210,f_jpg?from=ke.com
20240306,朝阳,定福庄,101120530240,精美装修封闭式管理中间楼层没有遮挡,770万,52820元/平,中楼层 (共21层) 3室1厅 | 145.78平米 | 西南,https://ke-image.ljcdn.com/110000-inspection/pc1_zMNi6DyXu.jpg!m_fill,w_280,h_210,f_jpg?from=ke.com
20240306,朝阳,定福庄,101120358604,福怡苑 南北通透 中间层 满五年唯一 商品房房主自荐,349万,50957元/平,低楼层 (共7层) | 1998年 | 2室1厅 | 68.49平米 | 南 北,https://ke-image.ljcdn.com/110000-inspection/pc1_zS82iKk6R.jpg!m_fill,w_280,h_210,f_jpg?from=ke.com
20240306,朝阳,定福庄,101120354295,福怡苑 南北通透 满五年唯一 2000年商品房 6号线,400万,53405元/平,高楼层 (共6层) 2室1厅 | 74.9平米 | 南 北,https://ke-image.ljcdn.com/110000-inspection/7b2f1ead-c294-466c-a8bd-fbec5509cf1d_1000.jpg!m_fill,w_280,h_210,f_jpg?from=ke.com
20240306,朝阳,定福庄,101120275667,花园闸小区 西南向正规两居 看房方便 小区管理好房主自荐,310万,46779元/平,底层 (共18层) | 2000年 | 2室1厅 | 66.27平米 | 西南,https://ke-image.ljcdn.com/110000-inspection/dcc51c9b-015d-4c66-819a-1284c70d5c27_1000.jpg!m_fill,w_280,h_210,f_jpg?from=ke.com
20240306,朝阳,定福庄,101120263038,五建小区 南北通透两居室 精装 诚售,328万,50790元/平,高楼层 (共6层) 2室1厅 | 64.58平米 | 南 北 西,https://ke-image.ljcdn.com/110000-inspection/47fcd77a-1480-4048-ab28-bbf87c970345_1000.jpg!m_fill,w_280,h_210,f_jpg?from=ke.com
20240306,朝阳,定福庄,101120257856,金星小区 中间楼层 南北三居 无遮挡,355万,47246元/平,中楼层 (共6层) | 1987年 | 3室1厅 | 75.14平米 | 南 北,https://ke-image.ljcdn.com/110000-inspection/441f9bee-d623-4bfd-9e7b-823195aec5df_1000.jpg!m_fill,w_280,h_210,f_jpg?from=ke.com
20240306,朝阳,定福庄,101120195151,金福家园 3室1厅 南 北,540万,40006元/平,中楼层 (共11层) 3室1厅 | 134.98平米 | 南 北,https://ke-image.ljcdn.com/110000-inspection/pc1_5YQAG318K.jpg!m_fill,w_280,h_210,f_jpg?from=ke.com
20240306,朝阳,定福庄,101120154152,定福家园3号院精装拎包入住全南两居,490万,56103元/平,中楼层 (共12层) | 2006年 | 2室1厅 | 87.34平米 | 南,https://ke-image.ljcdn.com/110000-inspection/pc1_Usb4WrF8T.jpg!m_fill,w_280,h_210,f_jpg?from=ke.com
20240306,朝阳,定福庄,101120134782,花园闸小区 精装修 拎包入住！,255万,48077元/平,高楼层 (共6层) | 2000年 | 1室1厅 | 53.04平米 | 东 北,https://ke-image.ljcdn.com/110000-inspection/5f5c59b5-b55d-4b44-9ebb-1e1556671dfd_1000.jpg!m_fill,w_280,h_210,f_jpg?from=ke.com
20240306,朝阳,定福庄,101119603505,金星小区精装一居 交通便利 诚心出售,195万,41918元/平,高楼层 (共6层) | 1993年 | 1室1厅 | 46.52平米 | 西,https://ke-image.ljcdn.com/110000-inspection/pc1_y4MpsAIxG.jpg!m_fill,w_280,h_210,f_jpg?from=ke.com
20240306,朝阳,定福庄,101119436658,2010年建成 地铁6号线 南北3居 层高高 视野采光好房主自荐,580万,53216元/平,顶层 (共20层) | 2010年 | 3室1厅 | 108.99平米 | 北 南,https://ke-image.ljcdn.com/110000-inspection/b34d1f4a-7bea-48d3-9007-f445dab7101a_1000.jpg!m_fill,w_280,h_210,f_jpg?from=ke.com
20240306,朝阳,定福庄,101119349159,福怡苑小区 南北通透 高楼层两居,350万,37092元/平,顶层 (共6层) | 2000年 | 2室2厅 | 94.36平米 | 南 北,https://ke-image.ljcdn.com/110000-inspection/0b05f509-b2e7-452a-b83f-77e472b12989_1000.jpg!m_fill,w_280,h_210,f_jpg?from=ke.com
20240306,朝阳,定福庄,101119299521,定福庄北里2号院  满五唯一 商品房 精装修,308万,43229元/平,高楼层 (共6层) 3室1厅 | 71.25平米 | 东南,https://ke-image.ljcdn.com/110000-inspection/4da3f9bb-7135-4800-b2bc-8d7211fb6ea8_1000.jpg!m_fill,w_280,h_210,f_jpg?from=ke.com
20240306,朝阳,定福庄,101119245378,福怡苑半地下有明窗 小区改造满五唯一南北通透。,163万,25066元/平,地下室 (共7层) | 1998年 | 2室1厅 | 65.03平米 | 南 北,https://ke-image.ljcdn.com/110000-inspection/pc1_bP6aHSKoK_1.jpg!m_fill,w_280,h_210,f_jpg?from=ke.com
20240306,朝阳,定福庄,101118975161,美然动力A3区 1室1厅 南,310万,60928元/平,低楼层 (共6层) 1室1厅 | 50.88平米 | 南,https://ke-image.ljcdn.com/110000-inspection/pc1_hJFTKWOM2.jpg!m_fill,w_280,h_210,f_jpg?from=ke.com
20240306,朝阳,定福庄,101118896928,金福家园正规三居室 满五唯一商品房 看房随时,539万,45675元/平,低楼层 (共18层) | 2002年 | 3室1厅 | 118.01平米 | 东南,https://ke-image.ljcdn.com/110000-inspection/5f3bdf47-ea9a-4822-8757-94469f8cd8b1_1000.jpg!m_fill,w_280,h_210,f_jpg?from=ke.com
20240306,朝阳,定福庄,101118771962,一梯一户 水电二局独有户型双阳台 固定车位满五年唯一房主自荐,369万,37247元/平,高楼层 (共6层) | 2002年 | 2室2厅 | 99.07平米 | 东 西,https://ke-image.ljcdn.com/110000-inspection/3d1ad5a4-be0a-48ef-9be9-c371ca57baff_1000.jpg!m_fill,w_280,h_210,f_jpg?from=ke.com
20240306,朝阳,定福庄,101118214805,鲁班大厦三居室 满五唯一 看房方便 交通便利,550万,37327元/平,中楼层 (共11层) | 1999年 | 3室1厅 | 147.35平米 | 东南,https://ke-image.ljcdn.com/110000-inspection/pc1_usYIdsiUR.jpg!m_fill,w_280,h_210,f_jpg?from=ke.com
20240306,朝阳,定福庄,101117997645,金福家园 纯板楼 南北通透 双卫 低密度洋房,668万,49006元/平,低楼层 (共6层) | 2001年 | 3室2厅 | 136.31平米 | 南 北,https://ke-image.ljcdn.com/110000-inspection/pc1_XBm1BRLeO.jpg!m_fill,w_280,h_210,f_jpg?from=ke.com
20240306,朝阳,定福庄,101117832054,三间房南里7号院 南向两居 满五年唯一 采光好,240万,58637元/平,底层 (共4层) 2室1厅 | 40.93平米 | 南,https://ke-image.ljcdn.com/110000-inspection/pc1_ybiCYKQbX.jpg!m_fill,w_280,h_210,f_jpg?from=ke.com
20240306,朝阳,定福庄,101123215281,高舒适度大两居室南北通透对花园低楼层无遮挡,548万,46051元/平,低楼层 (共14层) | 2005年 | 2室1厅 | 119平米 | 南 北,https://ke-image.ljcdn.com/110000-inspection/56169279-bfde-451d-93dc-79ac1bb0138f_1000.jpg!m_fill,w_280,h_210,f_jpg?from=ke.com
20240306,朝阳,定福庄,101123186580,花园闸小区 2室1厅 南 北,255万,44745元/平,高楼层 (共6层) | 1992年 | 2室1厅 | 56.99平米 | 南 北,https://ke-image.ljcdn.com/110000-inspection/pc1_gwzOyCzis.jpg!m_fill,w_280,h_210,f_jpg?from=ke.com
20240306,朝阳,定福庄,101123183324,金星小区 3室1厅 南 北新上,219万,39087元/平,底层 (共5层) | 1978年 | 3室1厅 | 56.03平米 | 南 北,https://ke-image.ljcdn.com/110000-inspection/7a720ace-0eac-4c2d-8768-6b4e02631b36_1000.jpg!m_fill,w_280,h_210,f_jpg?from=ke.com
20240306,朝阳,定福庄,101123166020,妇联小区 南北2居 全明格局 低楼层 装修还不错 诚心卖,289万,45121元/平,底层 (共6层) 2室1厅 | 64.05平米 | 南 北,https://ke-image.ljcdn.com/110000-inspection/pc1_7YvrXeMy2_2.jpg!m_fill,w_280,h_210,f_jpg?from=ke.com
20240306,朝阳,定福庄,101123161131,天泰定福苑 3室1厅 南 北新上,530万,49873元/平,中楼层 (共6层) 3室1厅 | 106.27平米 | 南 北,https://ke-image.ljcdn.com/110000-inspection/01b1ce4f-7ac6-48d7-a8e7-8278855dc205_1000.jpg!m_fill,w_280,h_210,f_jpg?from=ke.com
20240306,朝阳,定福庄,101123144792,定福庄西街 精装修三居室 满五唯一 地铁460米新上,480万,48135元/平,底层 (共7层) 3室1厅 | 99.72平米 | 南 北,https://ke-image.ljcdn.com/110000-inspection/f9c80f2b-46ae-4c8d-991d-f058f8b16326_1000.jpg!m_fill,w_280,h_210,f_jpg?from=ke.com
20240306,朝阳,定福庄,101123135378,美然动力A2区中高层开间户型有燃气新上,215万,54875元/平,中楼层 (共14层) | 2003年 | 1室0厅 | 39.18平米 | 北,https://ke-image.ljcdn.com/110000-inspection/d9f2c299-8daa-42f2-a606-f4229b89435a_1000.jpg!m_fill,w_280,h_210,f_jpg?from=ke.com
20240306,朝阳,定福庄,101123125403,福盈家园 2室1厅 南新上,395万,53684元/平,高楼层 (共20层) | 2010年 | 2室1厅 | 73.58平米 | 南,https://ke-image.ljcdn.com/110000-inspection/4d8afe00-ec81-4d7a-a81e-9b40dcbb8e90_1000.jpg!m_fill,w_280,h_210,f_jpg?from=ke.com
20240306,朝阳,定福庄,101123107965,双桥站 在建22号线 南北2居 明厨明卫 满五年央产房新上,280万,42030元/平,顶层 (共5层) | 1986年 | 2室1厅 | 66.62平米 | 南 北,https://ke-image.ljcdn.com/110000-inspection/072e3e75-a059-4f7c-88c2-fe0bb78fabce_1000.jpg!m_fill,w_280,h_210,f_jpg?from=ke.com
20240306,朝阳,定福庄,101123088524,首付80万 精装小2居 南向 位置优越 有钥匙 价格可议新上,215万,40597元/平,顶层 (共6层) | 1979年 | 2室1厅 | 52.96平米 | 南,https://ke-image.ljcdn.com/110000-inspection/23d4a839-e270-45a9-8f06-05c9e11f9e88_1000.jpg!m_fill,w_280,h_210,f_jpg?from=ke.com
20240306,朝阳,定福庄,101123087518,明厨明卫 西向 正规1居中间层 1994 随时可看 价格可议新上,200万,48912元/平,中楼层 (共6层) | 1994年 | 1室1厅 | 40.89平米 | 西,https://ke-image.ljcdn.com/110000-inspection/pc1_yBX4ow3pL_2.jpg!m_fill,w_280,h_210,f_jpg?from=ke.com
20240306,朝阳,定福庄,101123073199,金星小区 南北两居 中间楼层 满五年唯一新上,230万,40337元/平,中楼层 (共6层) | 1990年 | 2室1厅 | 57.02平米 | 南 北,https://ke-image.ljcdn.com/110000-inspection/pc1_9Hj03aa2T.jpg!m_fill,w_280,h_210,f_jpg?from=ke.com
20240306,朝阳,定福庄,101123068232,2007年带电梯两居  南向  高楼层  没有遮挡新上,409万,45684元/平,高楼层 (共21层) 2室1厅 | 89.53平米 | 南 西,https://ke-image.ljcdn.com/110000-inspection/3f5d03f1-7d5e-4ac2-9e8a-f08cf81f9aee_1000.jpg!m_fill,w_280,h_210,f_jpg?from=ke.com
20240306,朝阳,定福庄,101123065938,美然动力3区 南向开间 有电梯 采光好 视野好新上,260万,49924元/平,中楼层 (共9层) 1室0厅 | 52.08平米 | 南,https://ke-image.ljcdn.com/110000-inspection/pc1_mfuc7G2yI.jpg!m_fill,w_280,h_210,f_jpg?from=ke.com
20240306,朝阳,定福庄,101123065115,定福庄西街 全明格局 南向 正规的一室一厅新上,265万,51417元/平,低楼层 (共18层) 1室1厅 | 51.54平米 | 南,https://ke-image.ljcdn.com/110000-inspection/24d4b2af-34cd-460e-a665-0eca6c3cec0c_1000.jpg!m_fill,w_280,h_210,f_jpg?from=ke.com
20240306,朝阳,定福庄,101123064562,花园闸小区 东南朝向电梯正规两居室新上,345万,53898元/平,中楼层 (共18层) 2室1厅 | 64.01平米 | 东 南,https://ke-image.ljcdn.com/110000-inspection/pc1_WR89avToq.jpg!m_fill,w_280,h_210,f_jpg?from=ke.com
20240306,朝阳,定福庄,101123048189,传媒教师家属楼 中间楼层两居室 南北通透全明格局,280万,45640元/平,中楼层 (共5层) 2室1厅 | 61.35平米 | 南 北,https://ke-image.ljcdn.com/110000-inspection/pc1_okvHljXuZ.jpg!m_fill,w_280,h_210,f_jpg?from=ke.com
20240306,朝阳,定福庄,101123036651,6号线+在建22号线 2006年 不临街 南北双通透H户型2居新上,445万,52078元/平,高楼层 (共6层) | 2006年 | 2室2厅 | 85.45平米 | 南 北,https://ke-image.ljcdn.com/110000-inspection/pc1_QWiOg3Ny0.jpg!m_fill,w_280,h_210,f_jpg?from=ke.com
20240306,朝阳,定福庄,101123034756,天泰定福苑 东西向一居室 业主诚意出售 看房方便新上,249万,46231元/平,中楼层 (共6层) | 2004年 | 1室1厅 | 53.86平米 | 东 西,https://ke-image.ljcdn.com/110000-inspection/12652815-d29c-4c70-b7d6-8925c8cdb56e_1000.jpg!m_fill,w_280,h_210,f_jpg?from=ke.com
20240306,朝阳,定福庄,101123023599,三间南里7号院小三居中间层精装修,300万,44911元/平,中楼层 (共6层) | 1983年 | 3室1厅 | 66.8平米 | 南 北,https://ke-image.ljcdn.com/110000-inspection/f8a4029a-d3d6-4e4f-a596-da61c97f4caf_1000.jpg!m_fill,w_280,h_210,f_jpg?from=ke.com
20240306,朝阳,定福庄,101123022892,电建北院 全南一居 明厨明卫 看房随时 诚心出售新上,180万,45079元/平,低楼层 (共6层) 1室1厅 | 39.93平米 | 南,https://ke-image.ljcdn.com/110000-inspection/cc422753-d1c8-4f42-8e7b-1ca069e31945_1000.jpg!m_fill,w_280,h_210,f_jpg?from=ke.com
20240306,朝阳,定福庄,101123022236,定福庄西街 正规一居室 小区已 改造 满五唯一新上,265万,42394元/平,低楼层 (共7层) | 1997年 | 1室1厅 | 62.51平米 | 东北,https://ke-image.ljcdn.com/110000-inspection/e3a1e141-0a7a-49e3-920b-8c3ef0f5f5da_1000.jpg!m_fill,w_280,h_210,f_jpg?from=ke.com
20240306,朝阳,定福庄,101123022136,花园闸小区 1室1厅 南,185万,46308元/平,高楼层 (共6层) | 1992年 | 1室1厅 | 39.95平米 | 南,https://ke-image.ljcdn.com/110000-inspection/pc1_uoVBCiY6C.jpg!m_fill,w_280,h_210,f_jpg?from=ke.com
20240306,朝阳,定福庄,101123017726,满五年唯一商品房  精装修 诚意卖 看房方便房主自荐,235万,50745元/平,中楼层 (共18层) | 1997年 | 1室1厅 | 46.31平米 | 西南,https://ke-image.ljcdn.com/110000-inspection/dbe0f2a4-0feb-43a2-b55a-1bfca5e8f4ce_1000.jpg!m_fill,w_280,h_210,f_jpg?from=ke.com
20240306,朝阳,定福庄,101123016794,双地铁 中间层东西3居 满五唯一商品房 1995年钢混结构新上,415万,46406元/平,中楼层 (共6层) | 1995年 | 3室1厅 | 89.43平米 | 东 西,https://ke-image.ljcdn.com/110000-inspection/cf692538-5892-40fa-b6d0-56aaf9943017_1000.jpg!m_fill,w_280,h_210,f_jpg?from=ke.com
20240306,朝阳,定福庄,101123016716,定福庄北里2号院 南北通透两居 业主诚意出售 看房方便,299万,51597元/平,底层 (共5层) 2室1厅 | 57.95平米 | 南 北,https://ke-image.ljcdn.com/110000-inspection/24b3c927-3bb8-4b59-b8a4-848e9bdb9b61_1000.jpg!m_fill,w_280,h_210,f_jpg?from=ke.com
20240306,朝阳,定福庄,101122995242,6号线褡裢坡地铁 定福家园3号院 全南两居室房主自荐,450万,44617元/平,顶层 (共21层) | 2006年 | 2室1厅 | 100.86平米 | 南,https://ke-image.ljcdn.com/110000-inspection/2b5fd282-6336-43d3-bfd8-c4a4ab4268b3_1000.jpg!m_fill,w_280,h_210,f_jpg?from=ke.com
20240306,朝阳,定福庄,101122991559,瑞和国际——*定福庄的星河湾”精装修一居室,379万,48640元/平,底层 (共21层) | 2007年 | 1室1厅 | 77.92平米 | 南 西,https://ke-image.ljcdn.com/110000-inspection/pc1_s250RSQyA.jpg!m_fill,w_280,h_210,f_jpg?from=ke.com
20240306,朝阳,定福庄,101122987200,电建北院 南北通透四居平层复式 满五唯一 30平平台房主自荐,428万,42381元/平,高楼层 (共7层) 4室2厅 | 100.99平米 | 南 北,https://ke-image.ljcdn.com/110000-inspection/dc396e54-8de0-4b08-96e8-7322a2f41450_1000.jpg!m_fill,w_280,h_210,f_jpg?from=ke.com
20240306,朝阳,定福庄,101122986252,花园闸北里小区          南北三居,365万,43150元/平,高楼层 (共6层) | 2003年 | 3室1厅 | 84.59平米 | 南 北 西,https://ke-image.ljcdn.com/110000-inspection/pc1_aDtqPKheg_2.jpg!m_fill,w_280,h_210,f_jpg?from=ke.com
20240306,朝阳,定福庄,101122985671,中间层 2000年 正规2居 有钥匙 小区改造 地铁500米,318万,45987元/平,中楼层 (共6层) 2室1厅 | 69.15平米 | 东 西,https://ke-image.ljcdn.com/110000-inspection/pc1_g0qLaPGZY_2.jpg!m_fill,w_280,h_210,f_jpg?from=ke.com
20240306,朝阳,定福庄,101122984862,房本满五年南北通透采光好业主诚心卖采光充足,480万,40995元/平,顶层 (共6层) | 2002年 | 3室1厅 | 117.09平米 | 南 北,https://ke-image.ljcdn.com/110000-inspection/d5fa00e6-b777-400a-8f64-9a30054a7ad0_1000.jpg!m_fill,w_280,h_210,f_jpg?from=ke.com
20240306,朝阳,定福庄,101122981684,美然动力A3区 精装修南北一居室带天台,368万,57474元/平,顶层 (共6层) | 2002年 | 1室1厅 | 64.03平米 | 南 北,https://ke-image.ljcdn.com/110000-inspection/d378fa1d-0f10-45a5-aa4e-60a3b71f8dbb_1000.jpg!m_fill,w_280,h_210,f_jpg?from=ke.com
20240306,朝阳,定福庄,101122981506,南区 中间单元中间楼层 满五唯一 随时可看房主自荐,376万,50201元/平,中楼层 (共6层) 2室1厅 | 74.9平米 | 南 北,https://ke-image.ljcdn.com/110000-inspection/24b6cfb1-3002-4ddb-af5a-83de9b1ce478_1000.jpg!m_fill,w_280,h_210,f_jpg?from=ke.com
20240306,朝阳,定福庄,101122978131,绿岛苑西区 2室1厅 西南 南 北 东,350万,46705元/平,高楼层 (共24层) 2室1厅 | 74.94平米 | 西南 南 北 东,https://ke-image.ljcdn.com/110000-inspection/pc1_I3nN6rspg_2.jpg!m_fill,w_280,h_210,f_jpg?from=ke.com
20240306,朝阳,定福庄,101122977342,绿岛苑东区  精装修  全明格局 三居室,355万,46748元/平,底层 (共6层) | 1979年 | 3室1厅 | 75.94平米 | 南 北,https://ke-image.ljcdn.com/110000-inspection/b24cd993-02de-46a8-a75b-9b8248cc6c3e_1000.jpg!m_fill,w_280,h_210,f_jpg?from=ke.com
20240306,朝阳,定福庄,101122977187,电建南院  东南两居  满五年唯一  看房方便,359万,48738元/平,高楼层 (共6层) | 2001年 | 2室1厅 | 73.66平米 | 东 南,https://ke-image.ljcdn.com/110000-inspection/fbfd3808-a9ce-414c-acb7-3da76a0d902b_1000.jpg!m_fill,w_280,h_210,f_jpg?from=ke.com
20240306,朝阳,定福庄,101122976710,南北双阳台 明厨明卫两居 小区环境好 停车出行便捷,300万,43822元/平,高楼层 (共6层) | 1993年 | 2室2厅 | 68.46平米 | 南 北,https://ke-image.ljcdn.com/110000-inspection/pc1_wIqcKzwvt_2.jpg!m_fill,w_280,h_210,f_jpg?from=ke.com
20240306,朝阳,定福庄,101122976988,妇联小区 南北通透   两居室,280万,39227元/平,顶层 (共6层) | 1993年 | 2室2厅 | 71.38平米 | 南 北,https://ke-image.ljcdn.com/110000-inspection/pc1_fsApd93ys_1.jpg!m_fill,w_280,h_210,f_jpg?from=ke.com
20240306,朝阳,定福庄,101122976633,地铁6号线 正规1室1厅 满5唯一商品房 自住 看房方便,335万,49986元/平,低楼层 (共16层) | 2007年 | 1室1厅 | 67.02平米 | 东北,https://ke-image.ljcdn.com/110000-inspection/e00900ab-3a01-41e9-b371-206fae72ead9_1000.jpg!m_fill,w_280,h_210,f_jpg?from=ke.com
20240306,朝阳,定福庄,101122975688,绿岛苑西区 西南两居 有电梯 楼龄新 交通便捷,335万,44126元/平,低楼层 (共24层) | 1998年 | 2室1厅 | 75.92平米 | 西南,https://ke-image.ljcdn.com/110000-inspection/fef4a59a-e6b8-485f-8441-e00518518f21_1000.jpg!m_fill,w_280,h_210,f_jpg?from=ke.com
20240306,朝阳,定福庄,101122972629,纯商品房社区 双卫三居 电梯房,522万,44234元/平,中楼层 (共18层) 3室1厅 | 118.01平米 | 东南,https://ke-image.ljcdn.com/110000-inspection/pc1_3PsaVFsXZ.jpg!m_fill,w_280,h_210,f_jpg?from=ke.com
20240306,朝阳,定福庄,101122971959,明厨明卫 南向 正规1居 中间楼层 1993年 价格可议,203万,49646元/平,中楼层 (共6层) | 1993年 | 1室1厅 | 40.89平米 | 南,https://ke-image.ljcdn.com/110000-inspection/b3357ddb-6644-41e2-83ce-f3709eaaf15e_1000.jpg!m_fill,w_280,h_210,f_jpg?from=ke.com
20240306,朝阳,定福庄,101122971856,6号线 在建22号线 南向2居 中间3层 明厨明卫房主自荐,271万,47279元/平,中楼层 (共6层) | 1983年 | 2室1厅 | 57.32平米 | 南,https://ke-image.ljcdn.com/110000-inspection/pc1_e8l2ODZNi.jpg!m_fill,w_280,h_210,f_jpg?from=ke.com
20240306,朝阳,定福庄,101122970642,定福庄西里2号院 2室1厅 东 西,240万,41878元/平,中楼层 (共6层) 2室1厅 | 57.31平米 | 东 西,https://ke-image.ljcdn.com/110000-inspection/1c344e56-558c-40c4-acef-9fd24854d1e9_1000.jpg!m_fill,w_280,h_210,f_jpg?from=ke.com
20240306,朝阳,定福庄,101122970582,绿岛苑西区 2室1厅 东南,360万,47419元/平,中楼层 (共24层) | 1998年 | 2室1厅 | 75.92平米 | 东南,https://ke-image.ljcdn.com/110000-inspection/b5bd374e-3d14-495d-b3db-6f9500e27f94_1000.jpg!m_fill,w_280,h_210,f_jpg?from=ke.com
20240306,朝阳,定福庄,101122970543,绿岛苑西区 满五唯一 邮局家属楼公摊少 西南朝向,318万,41887元/平,低楼层 (共24层) | 1998年 | 2室1厅 | 75.92平米 | 西南,https://ke-image.ljcdn.com/110000-inspection/d1d52ede-9e7b-47c6-93a3-54ccf2a68122_1000.jpg!m_fill,w_280,h_210,f_jpg?from=ke.com
20240306,朝阳,定福庄,101122970464,绿岛苑西区  高楼层 采光视野好 装修好 东南朝向,419万,43624元/平,高楼层 (共24层) | 1999年 | 3室1厅 | 96.05平米 | 东南,https://ke-image.ljcdn.com/110000-inspection/ac2f7036-f960-438b-bb47-35a331b2e8b9_1000.jpg!m_fill,w_280,h_210,f_jpg?from=ke.com
20240306,朝阳,定福庄,101122967364,6号线 在建22号线 双地铁 中间层 新装修 南北2居,275万,47463元/平,中楼层 (共6层) | 1981年 | 2室1厅 | 57.94平米 | 南 北,https://ke-image.ljcdn.com/110000-inspection/pc1_71FwVgNzi.jpg!m_fill,w_280,h_210,f_jpg?from=ke.com
20240306,朝阳,定福庄,101122966728,满五唯一 精装修 视野开阔 采光好 带电梯 集中供暖,505万,56193元/平,顶层 (共9层) | 2003年 | 2室1厅 | 89.87平米 | 西南,https://ke-image.ljcdn.com/110000-inspection/pc1_uXoL6XiD7.jpg!m_fill,w_280,h_210,f_jpg?from=ke.com
20240306,朝阳,定福庄,101122966567,绿岛苑电梯两居 采光视野好 业主诚售,350万,46211元/平,高楼层 (共24层) | 1999年 | 2室1厅 | 75.74平米 | 东南,https://ke-image.ljcdn.com/110000-inspection/pc1_vfzkkZuP4.jpg!m_fill,w_280,h_210,f_jpg?from=ke.com
20240306,朝阳,定福庄,101122963472,绿岛苑西区 东向2居 格局方正 采光好 视野开阔 诚心卖,415万,39904元/平,顶层 (共24层) | 2002年 | 2室2厅 | 104平米 | 东,https://ke-image.ljcdn.com/110000-inspection/pc1_zeDL551aO.jpg!m_fill,w_280,h_210,f_jpg?from=ke.com
20240306,朝阳,定福庄,101122961897,南北通透全明格局中间楼层不临街,275万,49452元/平,中楼层 (共6层) | 1988年 | 2室1厅 | 55.61平米 | 南 北,https://ke-image.ljcdn.com/110000-inspection/pc1_WpJIUvnTO.jpg!m_fill,w_280,h_210,f_jpg?from=ke.com
20240306,朝阳,定福庄,101122961637,纯南向采光好双阳台全明格局低楼层,315万,49969元/平,中楼层 (共7层) | 1995年 | 2室1厅 | 63.04平米 | 南,https://ke-image.ljcdn.com/110000-inspection/pc1_UwO0y7HpC.jpg!m_fill,w_280,h_210,f_jpg?from=ke.com
20240306,朝阳,定福庄,101122961723,南北通透全明格局高楼层安静采光好不临街,284万,51070元/平,顶层 (共6层) | 1988年 | 2室1厅 | 55.61平米 | 南 北,https://ke-image.ljcdn.com/110000-inspection/e3883ffe-c698-44a0-9a48-04200235f8f8_1000.jpg!m_fill,w_280,h_210,f_jpg?from=ke.com
20240306,朝阳,定福庄,101122959855,定福庄西街 中间楼层  南北通透三居室,308万,44241元/平,中楼层 (共6层) 3室1厅 | 69.62平米 | 南 北,https://ke-image.ljcdn.com/110000-inspection/367f158d-b8e5-46cf-b6d1-526c30767bc6_1000.jpg!m_fill,w_280,h_210,f_jpg?from=ke.com
20240306,朝阳,定福庄,101122954104,传媒大学家属院 人文素质高 地铁22号线旁 停车方便,290万,47270元/平,中楼层 (共5层) 2室1厅 | 61.35平米 | 南 北 西,https://ke-image.ljcdn.com/110000-inspection/pc1_cTV38eBXK.jpg!m_fill,w_280,h_210,f_jpg?from=ke.com
20240306,朝阳,定福庄,101122933530,地铁6号线 06年建成 不临街 南向 板楼带电梯 有车位,465万,52043元/平,高楼层 (共11层) 2室1厅 | 89.35平米 | 南,https://ke-image.ljcdn.com/110000-inspection/pc1_UDFMZTu76.jpg!m_fill,w_280,h_210,f_jpg?from=ke.com
20240306,朝阳,定福庄,101122929332,三间房西里  南北通透两居室 精装修  无抵押,256万,42023元/平,顶层 (共6层) 2室1厅 | 60.92平米 | 南 北,https://ke-image.ljcdn.com/110000-inspection/pc1_F5GLih6OI.jpg!m_fill,w_280,h_210,f_jpg?from=ke.com
20240306,朝阳,定福庄,101122918921,此房满五年唯一南北户型二层半楼层好交通便利,379万,52233元/平,低楼层 (共7层) | 2000年 | 2室1厅 | 72.56平米 | 南 北,https://ke-image.ljcdn.com/110000-inspection/pc1_DZlQhzclx.jpg!m_fill,w_280,h_210,f_jpg?from=ke.com
20240306,朝阳,定福庄,101122898725,定福庄西街 南北两居室 装修好 近地铁 中间楼层,375万,55854元/平,低楼层 (共7层) | 1997年 | 2室1厅 | 67.14平米 | 南 北,https://ke-image.ljcdn.com/110000-inspection/pc1_fvihG0lmT_2.jpg!m_fill,w_280,h_210,f_jpg?from=ke.com
20240306,朝阳,定福庄,101122886922,定福庄北里1号院 98年全南2居 满五唯一精装修双地铁房主自荐,410万,53469元/平,高楼层 (共6层) | 1998年 | 2室1厅 | 76.68平米 | 南 北,https://ke-image.ljcdn.com/110000-inspection/pc1_DQ99QZ4WJ.jpg!m_fill,w_280,h_210,f_jpg?from=ke.com
20240306,朝阳,定福庄,101122883490,福怡苑两居 中间楼层 满五唯一 公立幼儿园 地铁6号线,350万,47458元/平,中楼层 (共7层) 2室1厅 | 73.75平米 | 东 南 西,https://ke-image.ljcdn.com/110000-inspection/786ebdba-9699-4ec6-82ba-34191905026d_1000.jpg!m_fill,w_280,h_210,f_jpg?from=ke.com
20240306,朝阳,定福庄,101122883216,福怡苑 南北两居 精装修 公立幼儿园 地铁6号线,347万,50665元/平,底层 (共7层) | 1998年 | 2室1厅 | 68.49平米 | 南 北,https://ke-image.ljcdn.com/110000-inspection/855ee3fb-0148-488e-9627-2382ee2174c1_1000.jpg!m_fill,w_280,h_210,f_jpg?from=ke.com
20240306,朝阳,定福庄,101122882745,福怡苑四居复式 满五年唯一 有公立幼儿园 地铁6号线,409万,35393元/平,高楼层 (共7层) | 1998年 | 4室1厅 | 115.56平米 | 南 北,https://ke-image.ljcdn.com/110000-inspection/pc1_tAS7rsVVh.jpg!m_fill,w_280,h_210,f_jpg?from=ke.com
20240306,朝阳,定福庄,101122877704,美然动力南北两居高楼层 无遮挡 优质户型,550万,60248元/平,中楼层 (共9层) | 2003年 | 2室1厅 | 91.29平米 | 南 北,https://ke-image.ljcdn.com/110000-inspection/pc1_xVRBgPgvw.jpg!m_fill,w_280,h_210,f_jpg?from=ke.com
20240306,朝阳,定福庄,101122867951,北京第二外语大学家属院 全南一居 全明格局 采光好,239万,52655元/平,顶层 (共6层) | 1983年 | 1室1厅 | 45.39平米 | 南,https://ke-image.ljcdn.com/110000-inspection/pc1_AHCuC1Rz1_2.jpg!m_fill,w_280,h_210,f_jpg?from=ke.com
20240306,朝阳,定福庄,101122828099,首套首付90万 入住福怡苑小区南向小两居 基础配套齐全,270万,47881元/平,低楼层 (共7层) 2室1厅 | 56.39平米 | 南,https://ke-image.ljcdn.com/110000-inspection/77ca2b4e-c61c-4127-82cf-d110ca47e7aa_1000.jpg!m_fill,w_280,h_210,f_jpg?from=ke.com
20240306,朝阳,定福庄,101122826709,天泰苑A8区 全南一居 中间层 诚售,345万,60623元/平,中楼层 (共11层) 1室1厅 | 56.91平米 | 南,https://ke-image.ljcdn.com/110000-inspection/b55bb9e4-727c-4d6e-a845-1a8427e4dbec_1000.jpg!m_fill,w_280,h_210,f_jpg?from=ke.com
20240306,朝阳,定福庄,101122821686,绿岛苑西区 3室1厅 东 南 北,406万,39254元/平,顶层 (共24层) 3室1厅 | 103.43平米 | 东 南 北,https://ke-image.ljcdn.com/110000-inspection/be4a0c83-c033-4e3b-8b00-6b2239c5db9a_1000.jpg!m_fill,w_280,h_210,f_jpg?from=ke.com
20240306,朝阳,定福庄,101122803864,地铁6号线 2010年南向 板楼高层 采光视野好 带电梯,560万,51414元/平,顶层 (共20层) 3室1厅 | 108.92平米 | 南 西 北,https://ke-image.ljcdn.com/110000-inspection/pc1_xJOaLS0Zt.jpg!m_fill,w_280,h_210,f_jpg?from=ke.com
20240306,朝阳,定福庄,101122792250,三间房西里 精装修 南北通透两居室 诚售,275万,47968元/平,高楼层 (共6层) | 1992年 | 1室1厅 | 57.33平米 | 南 北,https://ke-image.ljcdn.com/110000-inspection/pc1_JTmKOEcfV.jpg!m_fill,w_280,h_210,f_jpg?from=ke.com
20240306,朝阳,定福庄,101122792008,三间房南里4号院 全明格局两居 不临街 诚售,299万,44862元/平,中楼层 (共5层) 2室1厅 | 66.65平米 | 南 北,https://ke-image.ljcdn.com/110000-inspection/028ce14d-e42e-4b97-a5c1-43a2a1c0df1c_1000.jpg!m_fill,w_280,h_210,f_jpg?from=ke.com
20240306,朝阳,定福庄,101122780585,满五年唯一 南北通透 四层 采光好,580万,47710元/平,中楼层 (共6层) | 2002年 | 3室1厅 | 121.57平米 | 南 北,https://ke-image.ljcdn.com/110000-inspection/pc1_CaSuh41K9.jpg!m_fill,w_280,h_210,f_jpg?from=ke.com
20240306,朝阳,定福庄,101122735600,天泰苑A8区 南向一居室 业主诚意出售 看房方便,344万,60447元/平,顶层 (共11层) 1室1厅 | 56.91平米 | 南,https://ke-image.ljcdn.com/110000-inspection/fb5c383b-23bf-4146-ab26-d8c990bf475f_1000.jpg!m_fill,w_280,h_210,f_jpg?from=ke.com
20240306,朝阳,定福庄,101122735084,【店长推荐】花园闸小区 带电梯 正规三居室,399万,46493元/平,高楼层 (共18层) | 2000年 | 3室1厅 | 85.82平米 | 东 南,https://ke-image.ljcdn.com/110000-inspection/pc1_AaBKI6957.jpg!m_fill,w_280,h_210,f_jpg?from=ke.com
20240306,朝阳,定福庄,101122726658,美然动力A2区 1室1厅 南,248万,59104元/平,高楼层 (共14层) | 2003年 | 1室1厅 | 41.96平米 | 南,https://ke-image.ljcdn.com/110000-inspection/d16afd08-1036-4544-8af9-9b71db1db31d_1000.jpg!m_fill,w_280,h_210,f_jpg?from=ke.com
20240306,朝阳,定福庄,101122719957,6号线褡裢坡南向开间集中供暖飘窗,245万,52905元/平,低楼层 (共13层) 1室0厅 | 46.31平米 | 南,https://ke-image.ljcdn.com/110000-inspection/c8ed46f4-2ba9-4011-8121-49383928cc1c_1000.jpg!m_fill,w_280,h_210,f_jpg?from=ke.com
20240306,朝阳,定福庄,101122709621,定福庄西街 定福园 精装修 户型方正 两居室房主自荐,352万,52428元/平,底层 (共7层) | 1997年 | 2室1厅 | 67.14平米 | 南 北,https://ke-image.ljcdn.com/110000-inspection/caecdd44-fd40-4213-a4f2-797a3d6a7d1d_1000.jpg!m_fill,w_280,h_210,f_jpg?from=ke.com
20240306,朝阳,定福庄,101122694874,美然动力A3区  房子朝南向采光好中间层,315万,58901元/平,中楼层 (共6层) | 2002年 | 1室1厅 | 53.48平米 | 南,https://ke-image.ljcdn.com/110000-inspection/pc1_kOcs3sxi0.jpg!m_fill,w_280,h_210,f_jpg?from=ke.com
20240306,朝阳,定福庄,101122640923,下楼地铁6号线 南北通透全明格局 正对花园 商品房,485万,53087元/平,中楼层 (共16层) | 2006年 | 2室1厅 | 91.36平米 | 南 北,https://ke-image.ljcdn.com/110000-inspection/pc1_UJkvX7Gp4_2.jpg!m_fill,w_280,h_210,f_jpg?from=ke.com
20240306,朝阳,定福庄,101122632559,福怡苑南向两居满五唯一商品房诚心出售,348万,51328元/平,中楼层 (共7层) | 1998年 | 2室1厅 | 67.8平米 | 南,https://ke-image.ljcdn.com/110000-inspection/ecc7af5b-6029-4f36-a5d4-3ebba6cbecac_1000.jpg!m_fill,w_280,h_210,f_jpg?from=ke.com
20240306,朝阳,定福庄,101122624563,定福庄北里1号院  南北向三居室 业主诚意出售,360万,45187元/平,高楼层 (共6层) 3室1厅 | 79.67平米 | 南 北,https://ke-image.ljcdn.com/110000-inspection/f3a27fca-f419-47fa-84d1-41f5c862a262_1000.jpg!m_fill,w_280,h_210,f_jpg?from=ke.com
20240306,朝阳,定福庄,101122607898,南北通透两居室 诚意卖 价格可谈房主自荐,222万,38596元/平,顶层 (共6层) | 1990年 | 2室1厅 | 57.52平米 | 南 北,https://ke-image.ljcdn.com/110000-inspection/11453ac5-8c09-408c-977b-e45c17d41efc_1000.jpg!m_fill,w_280,h_210,f_jpg?from=ke.com
20240306,朝阳,定福庄,101122564146,此房为满五年商品房家庭一套首套1.5%契税。,398万,41048元/平,顶层 (共6层) | 2004年 | 2室1厅 | 96.96平米 | 南 北,https://ke-image.ljcdn.com/110000-inspection/pc1_jOnECEvTd.jpg!m_fill,w_280,h_210,f_jpg?from=ke.com
20240306,朝阳,定福庄,101122513204,东南北通透好楼层好视野宽阔采光充足交通便利,315万,46406元/平,高楼层 (共6层) | 1993年 | 3室1厅 | 67.88平米 | 东 南 北,https://ke-image.ljcdn.com/110000-inspection/pc1_APD9qnhjk.jpg!m_fill,w_280,h_210,f_jpg?from=ke.com
20240306,朝阳,定福庄,101122507138,定福庄北里1号院  褡裢坡站 低楼层  满五唯一,398万,51230元/平,低楼层 (共6层) | 1985年 | 3室1厅 | 77.69平米 | 南 北,https://ke-image.ljcdn.com/110000-inspection/0b316f49-1b56-474f-814b-c8a7d722688b_1000.jpg!m_fill,w_280,h_210,f_jpg?from=ke.com
20240306,朝阳,定福庄,101122492570,定福庄南里3号院     南北通透     小区管理干净房主自荐,215万,40187元/平,顶层 (共5层) | 1981年 | 2室1厅 | 53.5平米 | 南 北,https://ke-image.ljcdn.com/110000-inspection/pc1_M7hITfl6E.jpg!m_fill,w_280,h_210,f_jpg?from=ke.com
20240306,朝阳,定福庄,101122458875,花园闸小区 1室1厅 南,189万,47310元/平,底层 (共6层) | 1992年 | 1室1厅 | 39.95平米 | 南,https://ke-image.ljcdn.com/110000-inspection/5c3917c3-ebee-4f33-a0f2-67b76ae99912_1000.jpg!m_fill,w_280,h_210,f_jpg?from=ke.com
20240306,朝阳,定福庄,101122424833,小区改造中 地铁900米 全明格局 大面积一居 随时可看,269万,41797元/平,中楼层 (共7层) | 1998年 | 1室1厅 | 64.36平米 | 东北,https://ke-image.ljcdn.com/110000-inspection/pc1_zFoBhHeuN_2.jpg!m_fill,w_280,h_210,f_jpg?from=ke.com
20240306,朝阳,定福庄,101122396460,金福家园 2室1厅 东南,396万,49768元/平,中楼层 (共18层) | 2000年 | 2室1厅 | 79.57平米 | 东南,https://ke-image.ljcdn.com/110000-inspection/pc1_fqy1o8XPM.jpg!m_fill,w_280,h_210,f_jpg?from=ke.com
20240306,朝阳,定福庄,101122392724,生物研究所家属楼 正规南北通透三居室 1994年建成,408万,47614元/平,高楼层 (共6层) | 1994年 | 3室1厅 | 85.69平米 | 南 北,https://ke-image.ljcdn.com/110000-inspection/pc1_0B1c2D8b7_1.jpg!m_fill,w_280,h_210,f_jpg?from=ke.com
20240306,朝阳,定福庄,101122359040,店长推荐 正规大三居有电梯户型方正采光充足,730万,51792元/平,低楼层 (共9层) 3室2厅 | 140.95平米 | 东南 北,https://ke-image.ljcdn.com/110000-inspection/pc1_pPfOPSxGP.jpg!m_fill,w_280,h_210,f_jpg?from=ke.com
20240306,朝阳,定福庄,101122325631,定福庄西里1号院    正规四居    大LUTAI房主自荐,388万,38420元/平,高楼层 (共7层) 4室1厅 | 100.99平米 | 东 西,https://ke-image.ljcdn.com/110000-inspection/pc1_2ueKsd67K.jpg!m_fill,w_280,h_210,f_jpg?from=ke.com
20240306,朝阳,定福庄,101122319409,美然动力A3区 钢混结构 全南向 采光充足 有电梯,269万,50938元/平,低楼层 (共9层) 1室0厅 | 52.81平米 | 南,https://ke-image.ljcdn.com/110000-inspection/pc1_mQwlfb8XW.jpg!m_fill,w_280,h_210,f_jpg?from=ke.com
20240306,朝阳,定福庄,101122280848,业主换房低楼层方便出行采光好户型方正房主自荐,290万,42373元/平,低楼层 (共7层) 2室1厅 | 68.44平米 | 西,https://ke-image.ljcdn.com/110000-inspection/ef9e45dd-ba16-4804-83ce-b4edfc12a78d_1000.jpg!m_fill,w_280,h_210,f_jpg?from=ke.com
20240306,朝阳,定福庄,101122277073,北京第二外语大学家属院 南北通透三居室 满五年唯一,470万,54569元/平,高楼层 (共12层) | 1993年 | 3室1厅 | 86.13平米 | 南 北,https://ke-image.ljcdn.com/110000-inspection/d97a0005-565a-42b5-b38b-2f2cf0615ac7_1000.jpg!m_fill,w_280,h_210,f_jpg?from=ke.com
20240306,朝阳,定福庄,101122262514,定福庄西街正规西南两居 2002年建成 精装修 靠谱签约,365万,47533元/平,中楼层 (共18层) | 2002年 | 2室1厅 | 76.79平米 | 西南,https://ke-image.ljcdn.com/110000-inspection/pc1_jw66co7gV.jpg!m_fill,w_280,h_210,f_jpg?from=ke.com
20240306,朝阳,定福庄,101122260842,定福庄东街两居室带客厅80米到传媒大学地铁站,299万,52091元/平,中楼层 (共5层) 2室1厅 | 57.4平米 | 南 北,https://ke-image.ljcdn.com/110000-inspection/c38db902-f083-412e-9764-f036771120e7_1000.jpg!m_fill,w_280,h_210,f_jpg?from=ke.com
20240306,朝阳,定福庄,101122259173,定福庄西街 南北通透 正规的两居室,355万,52875元/平,底层 (共7层) | 1997年 | 2室1厅 | 67.14平米 | 南 北,https://ke-image.ljcdn.com/110000-inspection/pc1_VjK2loQAB.jpg!m_fill,w_280,h_210,f_jpg?from=ke.com
20240306,朝阳,定福庄,101122243592,美然动力街区A2 南向复式 三居室,610万,55500元/平,底层 (共10层) 2室2厅 | 109.91平米 | 南 北,https://ke-image.ljcdn.com/110000-inspection/297f85a0-c96d-473a-b209-bfae5aa2b4cf_1000.jpg!m_fill,w_280,h_210,f_jpg?from=ke.com
20240306,朝阳,定福庄,101122180018,大黄庄东路  传媒大学  2007年电梯房  正规两居,320万,40166元/平,顶层 (共21层) 2室1厅 | 79.67平米 | 东,https://ke-image.ljcdn.com/110000-inspection/pc1_tdaVqN1BX.jpg!m_fill,w_280,h_210,f_jpg?from=ke.com
20240306,朝阳,定福庄,101122176480,好房推荐 业主诚售 近地铁带电梯 全南两居 满五唯一,509万,46861元/平,高楼层 (共21层) 2室1厅 | 108.62平米 | 西 南,https://ke-image.ljcdn.com/110000-inspection/pc1_MFU1Mxfej.jpg!m_fill,w_280,h_210,f_jpg?from=ke.com
20240306,朝阳,定福庄,101122164599,褡裢坡地铁 南向两居 精装修 近黄渠公园 朝阳医院房主自荐,435万,47892元/平,顶层 (共11层) 2室1厅 | 90.83平米 | 南,https://ke-image.ljcdn.com/110000-inspection/pc1_U9hsPW0uK.jpg!m_fill,w_280,h_210,f_jpg?from=ke.com
20240306,朝阳,定福庄,101122145738,电梯 5居 双地铁6+22加持人车分流社区低密板楼,1190万,49986元/平,顶层 (共6层) 5室2厅 | 238.07平米 | 南 北,https://ke-image.ljcdn.com/110000-inspection/pc1_UC1t5wCJE.jpg!m_fill,w_280,h_210,f_jpg?from=ke.com
20240306,朝阳,定福庄,101122072506,花园闸小区正规带客厅一居 5层 2000年,230万,43364元/平,高楼层 (共6层) | 2000年 | 1室1厅 | 53.04平米 | 东北,https://ke-image.ljcdn.com/110000-inspection/pc1_zDZtzdj2K_1.jpg!m_fill,w_280,h_210,f_jpg?from=ke.com
20240306,朝阳,定福庄,101122063788,定福庄西街 带电梯两居室  西向无遮挡,305万,46859元/平,低楼层 (共18层) | 1997年 | 2室1厅 | 65.09平米 | 西,https://ke-image.ljcdn.com/110000-inspection/pc1_ayQpQOimg.jpg!m_fill,w_280,h_210,f_jpg?from=ke.com
20240306,朝阳,定福庄,101121999626,福怡苑三居复式 满五唯一 公立幼儿园 地铁6号线,368万,38754元/平,高楼层 (共7层) 3室1厅 | 94.96平米 | 南 北,https://ke-image.ljcdn.com/110000-inspection/46a4111c-8904-4e2b-adbb-d91a7cec83f6_1000.jpg!m_fill,w_280,h_210,f_jpg?from=ke.com
20240306,朝阳,定福庄,101121995738,北京第二外国语大学家属院 全明格局 电梯中间层2居,398万,61043元/平,中楼层 (共12层) | 1993年 | 2室1厅 | 65.2平米 | 南 北,https://ke-image.ljcdn.com/110000-inspection/pc1_hIGpuEIpV.jpg!m_fill,w_280,h_210,f_jpg?from=ke.com
20240306,朝阳,定福庄,101121992432,花园闸小区 东南正规一居 满五唯一 地铁460米,245万,49148元/平,低楼层 (共18层) | 2000年 | 1室1厅 | 49.85平米 | 东南,https://ke-image.ljcdn.com/110000-inspection/06a3f522-ac7c-49fe-8bfe-5cd3cc94cbb4_1000.jpg!m_fill,w_280,h_210,f_jpg?from=ke.com
20240306,朝阳,定福庄,101121960550,福盈家园 地铁6号线商品房南向两居2010年电梯房,379万,51530元/平,底层 (共20层) | 2010年 | 2室1厅 | 73.55平米 | 南,https://ke-image.ljcdn.com/110000-inspection/c7194916-6382-4b5c-a9b3-74c665195fb8_1000.jpg!m_fill,w_280,h_210,f_jpg?from=ke.com
20240306,朝阳,定福庄,101121951181,满五唯一集中供暖南向开间近6号线褡裢坡站,240万,50378元/平,高楼层 (共14层) 1室0厅 | 47.64平米 | 南,https://ke-image.ljcdn.com/110000-inspection/pc1_wYaK7B6DA.jpg!m_fill,w_280,h_210,f_jpg?from=ke.com
20240306,朝阳,定福庄,101121949490,定福庄西街  南北向 两居室 满五年 唯一住房,330万,39673元/平,高楼层 (共6层) 2室1厅 | 83.18平米 | 南 北,https://ke-image.ljcdn.com/110000-inspection/pc1_kMeW3b0EM.jpg!m_fill,w_280,h_210,f_jpg?from=ke.com
20240306,朝阳,定福庄,101121948771,定福庄西街正规带客厅两居  1991年 有钥匙,237万,44474元/平,中楼层 (共6层) | 1990年 | 2室1厅 | 53.29平米 | 南 北,https://ke-image.ljcdn.com/110000-inspection/5f7d73e2-1733-4919-9730-0748824372d2_1000.jpg!m_fill,w_280,h_210,f_jpg?from=ke.com
20240306,朝阳,定福庄,101121923649,首套首付95万可以买福怡苑精装修两居视野开阔,268万,41875元/平,中楼层 (共7层) | 1998年 | 2室1厅 | 64平米 | 东 西,https://ke-image.ljcdn.com/110000-inspection/pc1_67F0lbMER.jpg!m_fill,w_280,h_210,f_jpg?from=ke.com
20240306,朝阳,定福庄,101121914056,三间房西里 南北3居 双地铁 首套购买契税1% 看房方便房主自荐,275万,40094元/平,顶层 (共6层) 3室1厅 | 68.59平米 | 南 北,https://ke-image.ljcdn.com/110000-inspection/8d0f6cd7-8139-49ad-9997-efc33918279d_1000.jpg!m_fill,w_280,h_210,f_jpg?from=ke.com
20240306,朝阳,定福庄,101121910693,定福庄北里2号院 东南向正规两居室 满五 诚售,245万,42646元/平,顶层 (共6层) 2室1厅 | 57.45平米 | 东南,https://ke-image.ljcdn.com/110000-inspection/pc1_7b9bxzxHv.jpg!m_fill,w_280,h_210,f_jpg?from=ke.com
20240306,朝阳,定福庄,101121907339,福盈家园3号院 2017年楼龄 6号线褡裢坡双阳台南向两居,410万,52829元/平,中楼层 (共20层) 2室1厅 | 77.61平米 | 南,https://ke-image.ljcdn.com/110000-inspection/pc1_jk0mQUYtg.jpg!m_fill,w_280,h_210,f_jpg?from=ke.com
20240306,朝阳,定福庄,101121903843,天泰定福苑2004年小区南北通透一居室精装修,275万,51364元/平,顶层 (共6层) | 2004年 | 1室1厅 | 53.54平米 | 南 北,https://ke-image.ljcdn.com/110000-inspection/pc1_jQ1qC7xeb.jpg!m_fill,w_280,h_210,f_jpg?from=ke.com
20240306,朝阳,定福庄,101121896747,低楼层出行方便户型方正好利用,319万,44955元/平,低楼层 (共7层) | 1999年 | 2室1厅 | 70.96平米 | 东 西,https://ke-image.ljcdn.com/110000-inspection/pc1_QjTLwkywi.jpg!m_fill,w_280,h_210,f_jpg?from=ke.com
20240306,朝阳,定福庄,101121871573,福怡苑 精选复式 南北通透视野开阔  满五年唯一商品房房主自荐,402万,41693元/平,高楼层 (共7层) | 2000年 | 3室2厅 | 96.42平米 | 南 北,https://ke-image.ljcdn.com/110000-inspection/pc1_vfEysYb7v_1.jpg!m_fill,w_280,h_210,f_jpg?from=ke.com
20240306,朝阳,定福庄,101121818332,美然动力街区A2 满五唯一 南向 精装,225万,47349元/平,顶层 (共14层) | 2003年 | 1室1厅 | 47.52平米 | 南,https://ke-image.ljcdn.com/110000-inspection/cb3e658b-5f94-476e-9394-a6c340ea691c_1000.jpg!m_fill,w_280,h_210,f_jpg?from=ke.com
20240306,朝阳,定福庄,101121811329,双地铁6+22加持人车分流社区低密板楼电梯跃层房主自荐,735万,49168元/平,顶层 (共6层) | 2010年 | 4室1厅 | 149.49平米 | 南 北,https://ke-image.ljcdn.com/110000-inspection/bbcaa5ab-4f92-4d2a-a29b-b14397bc607f_1000.jpg!m_fill,w_280,h_210,f_jpg?from=ke.com
20240306,朝阳,定福庄,101121801539,三间房南里4号院  一层不临街 无遮挡,306万,61249元/平,底层 (共5层) | 1982年 | 2室1厅 | 49.96平米 | 南,https://ke-image.ljcdn.com/110000-inspection/9cda74fa-dd0c-40de-9928-ea9e93f47e7d_1000.jpg!m_fill,w_280,h_210,f_jpg?from=ke.com
20240306,朝阳,定福庄,101121784589,花园闸小区 正规两居 格局方正 采光好,345万,53456元/平,高楼层 (共18层) 2室1厅 | 64.54平米 | 南 北,https://ke-image.ljcdn.com/110000-inspection/pc1_MoOagdN62_2.jpg!m_fill,w_280,h_210,f_jpg?from=ke.com
20240306,朝阳,定福庄,101121728485,满五年唯一 精装修 南向 带电梯房主自荐,248万,52189元/平,高楼层 (共14层) 1室1厅 | 47.52平米 | 南,https://ke-image.ljcdn.com/110000-inspection/pc1_WtzJj0adI.jpg!m_fill,w_280,h_210,f_jpg?from=ke.com
20240306,朝阳,定福庄,101121673062,美然动力A1区 3室2厅 南 西 北,720万,51093元/平,中楼层 (共9层) 3室2厅 | 140.92平米 | 南 西 北,https://ke-image.ljcdn.com/110000-inspection/4e7da5e6-2b4a-4ce1-9f4c-1f37e492bd44_1000.jpg!m_fill,w_280,h_210,f_jpg?from=ke.com
20240306,朝阳,定福庄,101121672234,传媒教师家属楼 满五年唯一 朝南,185万,46378元/平,低楼层 (共6层) | 1986年 | 1室0厅 | 39.89平米 | 南,https://ke-image.ljcdn.com/110000-inspection/036362cc-dddf-4788-a4be-1e233e9ccc79_1000.jpg!m_fill,w_280,h_210,f_jpg?from=ke.com
20240306,朝阳,定福庄,101121662831,三间房东路 6号线黄渠地铁站 南向两居室 业主诚意出售房主自荐,209万,38754元/平,顶层 (共6层) | 1990年 | 2室1厅 | 53.93平米 | 南,https://ke-image.ljcdn.com/110000-inspection/pc1_cqs8vwVQt_2.jpg!m_fill,w_280,h_210,f_jpg?from=ke.com
20240306,朝阳,定福庄,101121642423,绿岛苑西区 全南向 精装修 满五年唯一 视野采光好,340万,44891元/平,中楼层 (共24层) 2室1厅 | 75.74平米 | 南,https://ke-image.ljcdn.com/110000-inspection/296a0686-f9e5-4a3c-832f-305f87df0d1f_1000.jpg!m_fill,w_280,h_210,f_jpg?from=ke.com
20240306,朝阳,定福庄,101121621518,商圈推荐 南向两居 可按满五唯一 出售 商品房 钥匙房,380万,51666元/平,顶层 (共20层) | 2010年 | 2室1厅 | 73.55平米 | 南,https://ke-image.ljcdn.com/110000-inspection/64f02ff1-49c7-454d-b169-c2c45b79fbd7_1000.jpg!m_fill,w_280,h_210,f_jpg?from=ke.com
20240306,朝阳,定福庄,101121602566,地铁6号线 2010年建成 板楼带电梯 采光好 正对花园,263万,49981元/平,低楼层 (共20层) | 2010年 | 1室1厅 | 52.62平米 | 南,https://ke-image.ljcdn.com/110000-inspection/pc1_UElRByhZK.jpg!m_fill,w_280,h_210,f_jpg?from=ke.com
20240306,朝阳,定福庄,101121592015,瑞和国际  精装三居 满五唯一低楼层 无遮挡居住舒适,588万,49222元/平,低楼层 (共22层) 3室1厅 | 119.46平米 | 东南 北,https://ke-image.ljcdn.com/110000-inspection/pc1_8qedddB6F.jpg!m_fill,w_280,h_210,f_jpg?from=ke.com
20240306,朝阳,定福庄,101121590186,绿岛苑西区 3室1厅 东 南 北,409万,43946元/平,顶层 (共24层) | 1999年 | 3室1厅 | 93.07平米 | 东 南 北,https://ke-image.ljcdn.com/110000-inspection/4cc8a11d-71be-43b1-bb60-9ff8889fc161_1000.jpg!m_fill,w_280,h_210,f_jpg?from=ke.com
20240306,朝阳,定福庄,101121585685,此房是满五年唯一低楼层上下方便6号线褡裢坡,640万,46573元/平,低楼层 (共6层) | 2002年 | 3室2厅 | 137.42平米 | 南 北,https://ke-image.ljcdn.com/110000-inspection/pc1_j793fPp9G.jpg!m_fill,w_280,h_210,f_jpg?from=ke.com
20240306,朝阳,定福庄,101121547345,定福庄西街 南向 正规的 一室一厅,253万,49882元/平,中楼层 (共7层) 1室1厅 | 50.72平米 | 南,https://ke-image.ljcdn.com/110000-inspection/53af3ff9-83f7-4ba4-b4b5-6ec76f5e5ddb_1000.jpg!m_fill,w_280,h_210,f_jpg?from=ke.com
20240306,朝阳,定福庄,101121504461,明厨明卫 全南向正规2居 1993年 有钥匙 中高楼层 急售,285万,44379元/平,高楼层 (共6层) | 1995年 | 2室2厅 | 64.22平米 | 南,https://ke-image.ljcdn.com/110000-inspection/71045b4a-68ce-4c2f-886e-053f6c4d07da_1000.jpg!m_fill,w_280,h_210,f_jpg?from=ke.com
20240306,朝阳,定福庄,101121489186,大黄庄东路 方正两居 卫生间干湿分离 无浪费面积,330万,41421元/平,中楼层 (共21层) 2室1厅 | 79.67平米 | 东,https://ke-image.ljcdn.com/110000-inspection/a591d502-d0db-4e3d-b3cb-4c05f7ac1301_1000.jpg!m_fill,w_280,h_210,f_jpg?from=ke.com
20240306,朝阳,定福庄,101121487700,电建北院 满五年次顶层 不临街 南北通透 无遮挡,323万,45519元/平,中楼层 (共7层) 2室1厅 | 70.96平米 | 南 北,https://ke-image.ljcdn.com/110000-inspection/2e577fd6-7e1d-453a-85b6-1e79ec7e145d_1000.jpg!m_fill,w_280,h_210,f_jpg?from=ke.com
20240306,朝阳,定福庄,101121486617,电建北院 南向两居 不临街无遮挡 自住状况很好房主自荐,292万,49906元/平,中楼层 (共5层) | 1981年 | 2室1厅 | 58.51平米 | 南,https://ke-image.ljcdn.com/110000-inspection/6c4ac7bf-26ff-4079-b4a8-fc121f02dd34_1000.jpg!m_fill,w_280,h_210,f_jpg?from=ke.com
20240306,朝阳,定福庄,101121486485,绿岛苑西区 优质三室两厅两卫 南北通透 精装自住,562万,39348元/平,底层 (共24层) 3室2厅 | 142.83平米 | 西南 北,https://ke-image.ljcdn.com/110000-inspection/5425acb6-653f-4303-b071-dd5aaa574fd7_1000.jpg!m_fill,w_280,h_210,f_jpg?from=ke.com
20240306,朝阳,定福庄,101121485243,福怡苑小区 东西通透 精装两居,325万,44791元/平,中楼层 (共7层) | 1998年 | 2室1厅 | 72.56平米 | 东 西,https://ke-image.ljcdn.com/110000-inspection/pc1_sNu4TUWRX_1.jpg!m_fill,w_280,h_210,f_jpg?from=ke.com
20240306,朝阳,定福庄,101121424975,北京第二外语大学家属院 南北2居 中间楼层 全明格局,356万,58553元/平,高楼层 (共6层) 2室1厅 | 60.8平米 | 南 北,https://ke-image.ljcdn.com/110000-inspection/pc1_xVzyBb8sJ.jpg!m_fill,w_280,h_210,f_jpg?from=ke.com
20240306,朝阳,定福庄,101121423965,电建南院 正规两居室 南北通透 距离地铁近,350万,50615元/平,顶层 (共6层) 2室1厅 | 69.15平米 | 南 北,https://ke-image.ljcdn.com/110000-inspection/pc1_Nj5zMrWUu_2.jpg!m_fill,w_280,h_210,f_jpg?from=ke.com
20240306,朝阳,定福庄,101121403706,绿岛苑西区     全明三居室    诚心出售,389万,40500元/平,低楼层 (共24层) | 1998年 | 3室1厅 | 96.05平米 | 西南,https://ke-image.ljcdn.com/110000-inspection/pc1_FlrDg9tYG.jpg!m_fill,w_280,h_210,f_jpg?from=ke.com
20240306,朝阳,定福庄,101121380557,定福庄西街 南北三居室 中低楼层 配套齐全,270万,48189元/平,中楼层 (共5层) 3室1厅 | 56.03平米 | 东 南 北,https://ke-image.ljcdn.com/110000-inspection/pc1_Pjc6TEp8L.jpg!m_fill,w_280,h_210,f_jpg?from=ke.com
20240306,朝阳,定福庄,101121351949,美然动力A3区 南向开间 靠谱出售！,265万,52084元/平,低楼层 (共6层) | 2002年 | 1室0厅 | 50.88平米 | 南,https://ke-image.ljcdn.com/110000-inspection/938ae464-bb0b-447c-9cce-e6c42f7a6196_1000.jpg!m_fill,w_280,h_210,f_jpg?from=ke.com
20240306,朝阳,定福庄,101121329073,福盈家园南向两居室 近地铁 地铁口,365万,49593元/平,低楼层 (共20层) 2室1厅 | 73.6平米 | 南,https://ke-image.ljcdn.com/110000-inspection/pc1_dOnRyRsEz.jpg!m_fill,w_280,h_210,f_jpg?from=ke.com
20240306,朝阳,定福庄,101121298113,瑞和国际 高层三居 西向采光好视野开阔直观国贸中国尊,606万,50729元/平,高楼层 (共22层) | 2012年 | 3室1厅 | 119.46平米 | 西南 北,https://ke-image.ljcdn.com/110000-inspection/881d88b4-6ca1-4670-bff8-1bb04cdca523_1000.jpg!m_fill,w_280,h_210,f_jpg?from=ke.com
20240306,朝阳,定福庄,101121277534,满五年唯一 有电梯 不临街 户型方正 东西通透,450万,49262元/平,低楼层 (共10层) 2室1厅 | 91.35平米 | 东 西,https://ke-image.ljcdn.com/110000-inspection/0acc6d0a-58c2-4f8d-8122-aca23dcedc16_1000.jpg!m_fill,w_280,h_210,f_jpg?from=ke.com
20240306,朝阳,定福庄,101121264714,满五年唯一商品房 精装修  近地铁房主自荐,238万,42984元/平,顶层 (共6层) | 2000年 | 1室1厅 | 55.37平米 | 东南,https://ke-image.ljcdn.com/110000-inspection/40fd43e3-9f28-429a-b891-c783f7bbb9c4_1000.jpg!m_fill,w_280,h_210,f_jpg?from=ke.com
20240306,朝阳,定福庄,101121106027,定福庄西街 三居 南北通透 不临街 满五年 地铁近,252万,44375元/平,顶层 (共5层) 2室1厅 | 56.79平米 | 南 北,https://ke-image.ljcdn.com/110000-inspection/4718b8eb-52ee-41ed-a2c8-6a89f74403ab_1000.jpg!m_fill,w_280,h_210,f_jpg?from=ke.com
20240306,朝阳,定福庄,101121096993,满五年洋房南北通透近6号线褡裢坡地铁精装修,309万,45860元/平,顶层 (共6层) | 2002年 | 2室1厅 | 67.38平米 | 南 西 北,https://ke-image.ljcdn.com/110000-inspection/f11351cc-b360-410b-b7b4-07f7ff267247_1000.jpg!m_fill,w_280,h_210,f_jpg?from=ke.com
20240306,朝阳,定福庄,101121075585,定福家园2号院 南向大两居室距离地铁近不临街,515万,47413元/平,中楼层 (共21层) 2室1厅 | 108.62平米 | 南,https://ke-image.ljcdn.com/110000-inspection/06364283-6703-40ef-a104-9d623c72f848_1000.jpg!m_fill,w_280,h_210,f_jpg?from=ke.com
20240306,朝阳,定福庄,101121060309,天泰定福苑 南北向两居室 业主诚意出售,425万,49912元/平,顶层 (共5层) | 2006年 | 2室1厅 | 85.15平米 | 南 北,https://ke-image.ljcdn.com/110000-inspection/pc1_KozKPWEF9.jpg!m_fill,w_280,h_210,f_jpg?from=ke.com
20240306,朝阳,定福庄,101121036144,东领鉴筑一居 电梯房 精装修 满五年唯一 地铁六号线房主自荐,238万,37246元/平,顶层 (共12层) | 2005年 | 1室1厅 | 63.9平米 | 东,https://ke-image.ljcdn.com/110000-inspection/pc1_CBJ7KLDat.jpg!m_fill,w_280,h_210,f_jpg?from=ke.com
20240306,朝阳,定福庄,101121026631,定福庄西街西南两居 小区已经改造 传媒地铁约600米,345万,45407元/平,低楼层 (共18层) 2室1厅 | 75.98平米 | 西南,https://ke-image.ljcdn.com/110000-inspection/41cecefa-ca29-4681-bf05-b1509ca49dec_1000.jpg!m_fill,w_280,h_210,f_jpg?from=ke.com
20240306,朝阳,定福庄,101121007370,2004年正规南北通透一居室 精装修户型方正,342万,62833元/平,中楼层 (共5层) | 2004年 | 1室1厅 | 54.43平米 | 南 北,https://ke-image.ljcdn.com/110000-inspection/6ceddbfd-4d2d-48c3-a408-4b8ac7d07c3c_1000.jpg!m_fill,w_280,h_210,f_jpg?from=ke.com
20240306,朝阳,定福庄,101120984678,东领鉴筑2005年东向一居室带电梯中高楼层视野好,248万,38811元/平,中楼层 (共12层) | 2005年 | 1室0厅 | 63.9平米 | 东,https://ke-image.ljcdn.com/110000-inspection/pc1_7B4OJwsBw.jpg!m_fill,w_280,h_210,f_jpg?from=ke.com
20240306,朝阳,定福庄,101120978278,定福庄东街  南北通透  正规两居,300万,52265元/平,中楼层 (共5层) 2室1厅 | 57.4平米 | 南 北,https://ke-image.ljcdn.com/110000-inspection/97dcc471-c2d3-406d-8814-b40ee583e2f4_1000.jpg!m_fill,w_280,h_210,f_jpg?from=ke.com
20240306,朝阳,定福庄,101120942765,花园闸北里 一层 南向 户型方正,195万,48799元/平,底层 (共6层) | 1992年 | 1室1厅 | 39.96平米 | 南,https://ke-image.ljcdn.com/110000-inspection/pc1_2VH8FwGWo.jpg!m_fill,w_280,h_210,f_jpg?from=ke.com
20240306,朝阳,定福庄,101120922811,天泰定福苑南北通透户型四居室格局方正,570万,38715元/平,高楼层 (共7层) | 2004年 | 4室2厅 | 147.23平米 | 南 北,https://ke-image.ljcdn.com/110000-inspection/pc1_OE9sR1AFa.jpg!m_fill,w_280,h_210,f_jpg?from=ke.com
20240306,朝阳,定福庄,101120921636,定福家园3号院近地铁 精装 满五唯一商品房,325万,52777元/平,底层 (共12层) | 2006年 | 2室1厅 | 61.58平米 | 东北,https://ke-image.ljcdn.com/110000-inspection/51138b13-4bea-476f-8e7d-b0760749591d_1000.jpg!m_fill,w_280,h_210,f_jpg?from=ke.com
20240306,朝阳,定福庄,101120918058,6号线褡裢坡地铁站 名厨名卫南向一居室,200万,45260元/平,顶层 (共6层) | 1991年 | 1室1厅 | 44.19平米 | 南,https://ke-image.ljcdn.com/110000-inspection/9195748d-77c2-481e-8c9c-707317532fd8_1000.jpg!m_fill,w_280,h_210,f_jpg?from=ke.com
20240306,朝阳,定福庄,101120914897,花园闸小区 中间楼层小两居 地铁860米 业主诚售,290万,50887元/平,中楼层 (共6层) | 1990年 | 2室1厅 | 56.99平米 | 南 北,https://ke-image.ljcdn.com/110000-inspection/6d698308-acf6-4130-acab-78ce942d4bf6_1000.jpg!m_fill,w_280,h_210,f_jpg?from=ke.com
20240306,朝阳,定福庄,101120910981,美然动力 中间楼层 精装修 满五唯一,550万,53300元/平,中楼层 (共6层) | 2002年 | 2室1厅 | 103.19平米 | 南 北,https://ke-image.ljcdn.com/110000-inspection/6a4d306b-48df-45dc-a0bf-f67c07f38224_1000.jpg!m_fill,w_280,h_210,f_jpg?from=ke.com
20240306,朝阳,定福庄,101120909131,定福庄西街 正规南北三居室 格局方正 采光好房主自荐,450万,39944元/平,顶层 (共6层) | 2002年 | 3室2厅 | 112.66平米 | 南 北,https://ke-image.ljcdn.com/110000-inspection/pc1_wKKSIk747_1.jpg!m_fill,w_280,h_210,f_jpg?from=ke.com
20240306,朝阳,定福庄,101120902462,北京第二外国语学院家属院 房子在大学里人文环境好,265万,58461元/平,中楼层 (共6层) | 1989年 | 1室1厅 | 45.33平米 | 南,https://ke-image.ljcdn.com/110000-inspection/pc1_PRxeBIrU9_1.jpg!m_fill,w_280,h_210,f_jpg?from=ke.com
20240306,朝阳,定福庄,101120895471,美然动力A3区 满五唯一 采光好 精装修有电梯房主自荐,305万,58564元/平,低楼层 (共9层) 1室0厅 | 52.08平米 | 南,https://ke-image.ljcdn.com/110000-inspection/pc1_XDDEHPERH.jpg!m_fill,w_280,h_210,f_jpg?from=ke.com
20240306,朝阳,定福庄,101120875613,这是半地下室70年产权住宅民水民电有天燃气,130万,24169元/平,地下室 (共7层) 1室1厅 | 53.79平米 | 南 北,https://ke-image.ljcdn.com/110000-inspection/pc1_UoHahUvir.jpg!m_fill,w_280,h_210,f_jpg?from=ke.com
20240306,朝阳,定福庄,101120872364,定福庄西街 4室1厅 南 北,548万,48638元/平,高楼层 (共7层) | 1997年 | 4室1厅 | 112.67平米 | 南 北,https://ke-image.ljcdn.com/110000-inspection/pc1_fPw9QdHNv.jpg!m_fill,w_280,h_210,f_jpg?from=ke.com
20240306,朝阳,定福庄,101120870607,美然动力街区小户型精装开间交通便利地铁通勤随时可看房主自荐,235万,59980元/平,中楼层 (共14层) | 2003年 | 1室0厅 | 39.18平米 | 北,https://ke-image.ljcdn.com/110000-inspection/8f2fda72-a164-4dd2-b7e4-0e381fedb13c_1000.jpg!m_fill,w_280,h_210,f_jpg?from=ke.com
20240306,朝阳,定福庄,101120868501,三间房西里 好楼层无遮挡满五唯一商品房 6号线房主自荐,215万,49132元/平,低楼层 (共6层) | 1992年 | 1室1厅 | 43.76平米 | 南,https://ke-image.ljcdn.com/110000-inspection/53cb968b-50d5-46a7-acd1-1e7fa607fe90_1000.jpg!m_fill,w_280,h_210,f_jpg?from=ke.com
20240306,朝阳,定福庄,101120867056,定福庄西街 低单价 正规一居室,240万,38698元/平,低楼层 (共6层) | 1998年 | 1室1厅 | 62.02平米 | 东南 南,https://ke-image.ljcdn.com/110000-inspection/b03d259e-6357-419a-a041-a1b1d11f3d2b_1000.jpg!m_fill,w_280,h_210,f_jpg?from=ke.com
20240306,朝阳,定福庄,101120861724,定福庄西街正规三居 水电二局家属院 单独管理,410万,37570元/平,高楼层 (共6层) | 2002年 | 3室1厅 | 109.13平米 | 东南,https://ke-image.ljcdn.com/110000-inspection/pc1_gsr0Ui3N3.jpg!m_fill,w_280,h_210,f_jpg?from=ke.com
20240306,朝阳,定福庄,101120851817,定福庄西街正规3居 1998年建成 小区已经改造房主自荐,465万,39172元/平,顶层 (共6层) 3室2厅 | 118.71平米 | 南 北,https://ke-image.ljcdn.com/110000-inspection/pc1_wp3TyaEUb.jpg!m_fill,w_280,h_210,f_jpg?from=ke.com
20240306,朝阳,定福庄,101120761830,东南精装修两居室无遮挡不临街房主自荐,290万,45872元/平,高楼层 (共7层) 2室1厅 | 63.22平米 | 东南,https://ke-image.ljcdn.com/110000-inspection/pc1_0hXLdxaLI.jpg!m_fill,w_280,h_210,f_jpg?from=ke.com
20240306,朝阳,定福庄,101120729482,福怡苑 精装修复式 满五年唯一 商品房,385万,36127元/平,高楼层 (共7层) | 2000年 | 3室1厅 | 106.57平米 | 西,https://ke-image.ljcdn.com/110000-inspection/pc1_h8H035lyq.jpg!m_fill,w_280,h_210,f_jpg?from=ke.com
20240306,朝阳,定福庄,101120553782,三间房西里  南北通透  满五年 1996年的房子,285万,39101元/平,顶层 (共6层) 3室1厅 | 72.89平米 | 南 北,https://ke-image.ljcdn.com/110000-inspection/493c5e6d-d898-4285-9de4-9b5307634635_1000.jpg!m_fill,w_280,h_210,f_jpg?from=ke.com
20240306,朝阳,定福庄,101120509147,定福庄西街 两居带电梯 97年房龄新 满五唯一 看房方便,305万,48229元/平,低楼层 (共18层) | 1997年 | 2室1厅 | 63.24平米 | 西 东北,https://ke-image.ljcdn.com/110000-inspection/a011eaed-8891-40c2-84e5-06425fabbe6d_1000.jpg!m_fill,w_280,h_210,f_jpg?from=ke.com
20240306,朝阳,定福庄,101120503264,水电二局 南北通透大两居 满五唯一 小区环境好房主自荐,415万,41915元/平,顶层 (共6层) | 2002年 | 2室1厅 | 99.01平米 | 南 北,https://ke-image.ljcdn.com/110000-inspection/pc1_u5x8dHpCr.jpg!m_fill,w_280,h_210,f_jpg?from=ke.com
20240306,朝阳,定福庄,101120474629,美然动力A3区  南北通透 地铁6号线沿线,345万,81407元/平,顶层 (共6层) | 2002年 | 2室1厅 | 42.38平米 | 南 北,https://ke-image.ljcdn.com/110000-inspection/99bd8342-01e8-449c-9a65-8c2808b6194b_1000.jpg!m_fill,w_280,h_210,f_jpg?from=ke.com
20240306,朝阳,定福庄,101120376774,三间房西里 半地下 南北通透两居 诚售,180万,33501元/平,底层 (共6层) | 1992年 | 2室1厅 | 53.73平米 | 南 北,https://ke-image.ljcdn.com/110000-inspection/pc1_wnKA5Hbu5_3.jpg!m_fill,w_280,h_210,f_jpg?from=ke.com
20240306,朝阳,定福庄,101120363577,三间房西里 南北通透两居室 精装 诚售,199万,37038元/平,底层 (共7层) | 1992年 | 2室1厅 | 53.73平米 | 南 北,https://ke-image.ljcdn.com/110000-inspection/pc1_Ne4EgpqgH_1.jpg!m_fill,w_280,h_210,f_jpg?from=ke.com
20240306,朝阳,定福庄,101120361791,南北朝向格局楼层好南向有阳台采光好房主自荐,179万,44795元/平,低楼层 (共6层) | 1987年 | 1室1厅 | 39.96平米 | 南 北,https://ke-image.ljcdn.com/110000-inspection/pc1_S6lIrYIQ0_1.jpg!m_fill,w_280,h_210,f_jpg?from=ke.com
20240306,朝阳,定福庄,101120199221,定福庄西街  南北通透两居 配套齐全 小区好,370万,42017元/平,高楼层 (共7层) | 1997年 | 2室1厅 | 88.06平米 | 南 北,https://ke-image.ljcdn.com/110000-inspection/c489dc00-8a30-426e-97e3-85896be0e9c6_1000.jpg!m_fill,w_280,h_210,f_jpg?from=ke.com
20240306,朝阳,定福庄,101120103600,南北通透双卧朝南低楼层出行方便,380万,46111元/平,低楼层 (共7层) 3室1厅 | 82.41平米 | 南 北,https://ke-image.ljcdn.com/110000-inspection/5ee290ca-7db6-4bb9-90c1-061bc2b6a17d_1000.jpg!m_fill,w_280,h_210,f_jpg?from=ke.com
20240306,朝阳,定福庄,101119966066,福怡苑东西向复式满五唯一商品房靠谱出售,360万,37106元/平,高楼层 (共7层) | 1998年 | 3室1厅 | 97.02平米 | 东 西,https://ke-image.ljcdn.com/110000-inspection/pc1_gdSq1lsvP_2.jpg!m_fill,w_280,h_210,f_jpg?from=ke.com
20240306,朝阳,定福庄,101119787866,花园闸小区一居 新装修 1992年 6层 无遮挡,200万,50063元/平,顶层 (共6层) | 1992年 | 1室1厅 | 39.95平米 | 南,https://ke-image.ljcdn.com/110000-inspection/pc1_FZkmN90mi.jpg!m_fill,w_280,h_210,f_jpg?from=ke.com
20240306,朝阳,定福庄,101119770263,定福庄北里2号院  南向两居 不临街,240万,41783元/平,顶层 (共6层) | 1993年 | 2室1厅 | 57.44平米 | 南,https://ke-image.ljcdn.com/110000-inspection/pc1_LbnTYdZ6O_1.jpg!m_fill,w_280,h_210,f_jpg?from=ke.com
20240306,朝阳,定福庄,101119655619,绿岛苑西区 2室1厅 南,365万,48192元/平,中楼层 (共24层) | 1999年 | 2室1厅 | 75.74平米 | 南,https://ke-image.ljcdn.com/110000-inspection/pc1_IsU1Y50bV.jpg!m_fill,w_280,h_210,f_jpg?from=ke.com
20240306,朝阳,定福庄,101119342243,五建小区 南北向两居 业主诚意出售 看房方便房主自荐,288万,46147元/平,高楼层 (共6层) 2室1厅 | 62.41平米 | 南 北,https://ke-image.ljcdn.com/110000-inspection/pc1_S3LDbCQ9u.jpg!m_fill,w_280,h_210,f_jpg?from=ke.com
20240306,朝阳,定福庄,101119297887,传媒教师家属楼 精装修 东南两居室,275万,47868元/平,中楼层 (共6层) | 1986年 | 2室1厅 | 57.45平米 | 东 南,https://ke-image.ljcdn.com/110000-inspection/pc1_5frXRpakf.jpg!m_fill,w_280,h_210,f_jpg?from=ke.com
20240306,朝阳,定福庄,101119063743,2006年小区 全明格局 中高层采光视野好,590万,49435元/平,中楼层 (共21层) 3室1厅 | 119.35平米 | 西南 东北,https://ke-image.ljcdn.com/110000-inspection/3f508fb8-14a8-4b3f-8730-59fc29522243_1000.jpg!m_fill,w_280,h_210,f_jpg?from=ke.com
20240306,朝阳,定福庄,101118633922,花园闸小区 南北朝向小两居 业主诚售 地铁站760米,280万,48679元/平,高楼层 (共6层) | 1992年 | 2室1厅 | 57.52平米 | 南 北,https://ke-image.ljcdn.com/110000-inspection/60c6d7a7-862f-4d9e-8cd5-08f5be76a23e_1000.jpg!m_fill,w_280,h_210,f_jpg?from=ke.com
20240306,朝阳,定福庄,101117612337,精美装修随时可看小区正在进行改造安静不临街,178万,31992元/平,地下室 (共7层) | 1998年 | 2室1厅 | 55.64平米 | 南 北,https://ke-image.ljcdn.com/110000-inspection/7a035fa5-944a-4e65-89ce-9e3cc1a71d06_1000.jpg!m_fill,w_280,h_210,f_jpg?from=ke.com
20240306,朝阳,定福庄,101123215046,电建南院 2室1厅 南 北,345万,49906元/平,中楼层 (共6层) | 1999年 | 2室1厅 | 69.13平米 | 南 北,https://s1.ljcdn.com/pegasus/redskull/images/common/default_house_list.png?_v=20240222174411
20240306,朝阳,定福庄,101123175341,三间房东路 3室1厅 南 北新上,265万,46614元/平,顶层 (共5层) 3室1厅 | 56.85平米 | 南 北,https://s1.ljcdn.com/pegasus/redskull/images/common/default_house_list.png?_v=20240222174411
20240306,朝阳,定福庄,101123132680,妇联小区 南北通透两居 明厨明卫 精装修 购物交通便捷新上,420万,48360元/平,高楼层 (共6层) | 1993年 | 3室1厅 | 86.85平米 | 南 北,https://s1.ljcdn.com/pegasus/redskull/images/common/default_house_list.png?_v=20240222174411
20240306,朝阳,定福庄,101123112344,定福庄北里1号院  2室1厅 南 北新上,290万,48038元/平,中楼层 (共6层) | 1981年 | 2室1厅 | 60.37平米 | 南 北,https://s1.ljcdn.com/pegasus/redskull/images/common/default_house_list.png?_v=20240222174411
20240306,朝阳,定福庄,101123110763,6号线褡裢坡 商品房 全南 无遮挡 带电梯 视野好新上,348万,59224元/平,中楼层 (共11层) 1室1厅 | 58.76平米 | 南,https://s1.ljcdn.com/pegasus/redskull/images/common/default_house_list.png?_v=20240222174411
20240306,朝阳,定福庄,101123061500,卡夫卡公社 地铁6号线可注册办公5.48米层高平价水电气新上,165万,44764元/平,底层 (共14层) | 2011年 | 1室1厅 | 36.86平米 | 东,https://s1.ljcdn.com/pegasus/redskull/images/common/default_house_list.png?_v=20240222174411
20240306,朝阳,定福庄,101123013036,三间房南里7号院 南北两居 中间层 图片见下方房源情况房主自荐,175万,42559元/平,中楼层 (共4层) | 1976年 | 2室1厅 | 41.12平米 | 南 北,https://s1.ljcdn.com/pegasus/redskull/images/common/default_house_list.png?_v=20240222174411
20240306,朝阳,定福庄,101122885668,传媒教师家属楼 全南1居 精装修满五唯一 双地铁房主自荐,159万,39860元/平,顶层 (共6层) | 1986年 | 1室1厅 | 39.89平米 | 南,https://s1.ljcdn.com/pegasus/redskull/images/common/default_house_list.png?_v=20240222174411
20240306,朝阳,定福庄,101122854451,全明格局高楼层视野采光好不临街南北通透,251万,46499元/平,顶层 (共5层) | 1980年 | 2室1厅 | 53.98平米 | 南 北,https://s1.ljcdn.com/pegasus/redskull/images/common/default_house_list.png?_v=20240222174411
20240306,朝阳,定福庄,101122842465,北京齿轮厂家属院 电梯2居 业主诚售,399万,42389元/平,低楼层 (共21层) 2室1厅 | 94.13平米 | 西北,https://s1.ljcdn.com/pegasus/redskull/images/common/default_house_list.png?_v=20240222174411
20240306,朝阳,定福庄,101122645860,卡夫卡公社 2室1厅 西北,225万,51606元/平,中楼层 (共13层) | 2011年 | 2室1厅 | 43.6平米 | 西北,https://s1.ljcdn.com/pegasus/redskull/images/common/default_house_list.png?_v=20240222174411
20240306,朝阳,定福庄,101122595466,卡夫卡公社 1室1厅 西,165万,47606元/平,中楼层 (共14层) | 2011年 | 1室1厅 | 34.66平米 | 西,https://s1.ljcdn.com/pegasus/redskull/images/common/default_house_list.png?_v=20240222174411
20240306,朝阳,定福庄,101122447704,绿岛苑东区 2室1厅 南 北,242万,41354元/平,中楼层 (共6层) | 1993年 | 2室1厅 | 58.52平米 | 南 北,https://s1.ljcdn.com/pegasus/redskull/images/common/default_house_list.png?_v=20240222174411
20240306,朝阳,定福庄,101122393017,地铁6号线黄渠站 卡夫卡公社 地下停车位 诚意出售,16.9万,2873元/平,地下室 | 2011年 | 1室0厅 | 58.84平米 | 南,https://s1.ljcdn.com/pegasus/redskull/images/common/default_house_list.png?_v=20240222174411
20240306,朝阳,定福庄,101122208669,地铁6号线2010年建成板楼带电梯采光好正对花园,295万,57038元/平,中楼层 (共20层) | 2010年 | 1室1厅 | 51.72平米 | 南,https://s1.ljcdn.com/pegasus/redskull/images/common/default_house_list.png?_v=20240222174411
20240306,朝阳,定福庄,101122093832,定福庄南里3号院 南北2居 中间层 全明格局 诚心出售,252万,37235元/平,中楼层 (共6层) | 1996年 | 2室1厅 | 67.68平米 | 南 北,https://s1.ljcdn.com/pegasus/redskull/images/common/default_house_list.png?_v=20240222174411
20240306,朝阳,定福庄,101121920822,定福庄西街正规带客厅三居  不临街 户型方正,426万,47036元/平,低楼层 (共18层) | 1999年 | 3室1厅 | 90.57平米 | 南 西 北,https://s1.ljcdn.com/pegasus/redskull/images/common/default_house_list.png?_v=20240222174411
20240306,朝阳,定福庄,101121691446,卡夫卡公社 地铁6号线黄渠旁 可注册办公,140万,43874元/平,底层 (共14层) | 2011年 | 1室1厅 | 31.91平米 | 西,https://s1.ljcdn.com/pegasus/redskull/images/common/default_house_list.png?_v=20240222174411
20240306,朝阳,定福庄,101121528584,地铁6号线 平价水电气 复式 电梯小户型 可注册办公,147万,39881元/平,底层 (共14层) | 2011年 | 1室1厅 | 36.86平米 | 东,https://s1.ljcdn.com/pegasus/redskull/images/common/default_house_list.png?_v=20240222174411
20240306,朝阳,定福庄,101121441585,地铁6号线400米 平价水电气 复式 费用低 可注册办公,199万,47768元/平,低楼层 (共13层) | 2011年 | 2室1厅 | 41.66平米 | 西北,https://s1.ljcdn.com/pegasus/redskull/images/common/default_house_list.png?_v=20240222174411
