20231124,朝阳,百子湾,101121698619,建工动力苑   高层视野 看房方便随时可以交易必看好房,416万,62211元/平,高楼层 (共18层) 2室1厅 | 66.87平米 | 南,https://ke-image.ljcdn.com/110000-inspection/pc1_i57qSiwgo_1.jpg!m_fill,w_280,h_210,f_jpg?from=ke.com
20231124,朝阳,百子湾,101121453312,6层板楼 1梯2户 全明格局 满五唯一必看好房,360万,65586元/平,低楼层 (共6层) 1室2厅 | 54.89平米 | 东 西,https://ke-image.ljcdn.com/110000-inspection/pc1_m73o2zXiy_1.jpg!m_fill,w_280,h_210,f_jpg?from=ke.com
20231124,朝阳,百子湾,101121282693,次新小区满5唯一全南向2居室诚意出售必看好房,600万,60121元/平,中楼层 (共27层) | 2014年 | 2室1厅 | 99.8平米 | 南,https://ke-image.ljcdn.com/110000-inspection/pc1_jQYnoE82X.jpg!m_fill,w_280,h_210,f_jpg?from=ke.com
20231124,朝阳,百子湾,101121163678,沿海赛洛城   南北通透两居  户型方正 诚意出售必看好房,638万,62488元/平,中楼层 (共8层) | 2007年 | 2室1厅 | 102.1平米 | 南 北,https://ke-image.ljcdn.com/110000-inspection/7eb71000-d90d-4d54-8583-3b3df0e730dc_1000.jpg!m_fill,w_280,h_210,f_jpg?from=ke.com
20231124,朝阳,百子湾,101121083584,金泰先锋北区  两居双卫 婚房装修  不临街 视野开阔必看好房,820万,89765元/平,中楼层 (共18层) | 2008年 | 2室2厅 | 91.35平米 | 南,https://ke-image.ljcdn.com/110000-inspection/c8f10790-5b30-45ed-a4bb-ca4211ddfbe5_1000.jpg!m_fill,w_280,h_210,f_jpg?from=ke.com
20231124,朝阳,百子湾,101121611268,此房是人车分流社区前后不临街。业主诚意出售。房主自荐,375万,63679元/平,低楼层 (共27层) 1室1厅 | 58.89平米 | 南,https://ke-image.ljcdn.com/110000-inspection/34ce35f0-aa7e-4e12-a67e-025a7fe5caef_1000.jpg!m_fill,w_280,h_210,f_jpg?from=ke.com
20231124,朝阳,百子湾,101121587912,满五唯一商品房 中高层 小区中间位置好 安静 看花园,579万,56882元/平,高楼层 (共16层) | 2006年 | 2室1厅 | 101.79平米 | 南,https://ke-image.ljcdn.com/110000-inspection/d0ee745d-7c46-4f05-b2cc-e9dfa17a788d_1000.jpg!m_fill,w_280,h_210,f_jpg?from=ke.com
20231124,朝阳,百子湾,101121455741,百子湾家园一区南北两居诚意出售房主自荐,615万,62317元/平,高楼层 (共21层) | 2006年 | 2室1厅 | 98.69平米 | 南 北,https://ke-image.ljcdn.com/110000-inspection/0d583a20-5958-431b-b402-4f0c10812f09_1000.jpg!m_fill,w_280,h_210,f_jpg?from=ke.com
20231124,朝阳,百子湾,101121455399,官悦欣园A区 人车分流社区次新房满五年唯一住房,378万,63884元/平,中楼层 (共22层) 1室1厅 | 59.17平米 | 南,https://ke-image.ljcdn.com/110000-inspection/pc1_OGZ8LBN9u.jpg!m_fill,w_280,h_210,f_jpg?from=ke.com
20231124,朝阳,百子湾,101121369153,美利山两居室服务费费百一随时看房必看好房,405万,49008元/平,低楼层 (共24层) | 2011年 | 2室1厅 | 82.64平米 | 西北,https://ke-image.ljcdn.com/110000-inspection/f99cde36-109f-4798-8ff9-2c62035c46d9_1000.jpg!m_fill,w_280,h_210,f_jpg?from=ke.com
20231124,朝阳,百子湾,101121232172,满五唯一 户型方正 位置好 面积大 中间层 价格可谈,315万,49537元/平,中楼层 (共16层) | 2006年 | 1室1厅 | 63.59平米 | 北,https://ke-image.ljcdn.com/110000-inspection/pc1_czHr9MFFg_1.jpg!m_fill,w_280,h_210,f_jpg?from=ke.com
20231124,朝阳,百子湾,101121167002,金都杭城东区全南两居室 业主诚心出售 满五唯一,756万,84887元/平,低楼层 (共26层) 2室1厅 | 89.06平米 | 南,https://ke-image.ljcdn.com/110000-inspection/8756f550-2737-4499-af2b-2afd55d49f3a_1000.jpg!m_fill,w_280,h_210,f_jpg?from=ke.com
20231124,朝阳,百子湾,101121121625,沿海赛洛城三期 次顶层 满五年唯一,679万,76637元/平,高楼层 (共11层) 2室1厅 | 88.6平米 | 南 北,https://ke-image.ljcdn.com/110000-inspection/pc1_rH1u9sih3_1.jpg!m_fill,w_280,h_210,f_jpg?from=ke.com
20231124,朝阳,百子湾,101120938657,百子湾家园一区满五唯一商品房高楼层 无遮挡 视野好必看好房,322万,51702元/平,中楼层 (共24层) | 2008年 | 1室1厅 | 62.28平米 | 北,https://ke-image.ljcdn.com/110000-inspection/pc1_gRHRGgp2a_1.jpg!m_fill,w_280,h_210,f_jpg?from=ke.com
20231124,朝阳,百子湾,101120907565,沿海赛洛城五期南北通透两居室 采光好必看好房,612万,62456元/平,低楼层 (共6层) 2室1厅 | 97.99平米 | 南 北,https://ke-image.ljcdn.com/110000-inspection/5452ae20-6d91-4fc0-9909-188f1b6d4ec2_1000.jpg!m_fill,w_280,h_210,f_jpg?from=ke.com
20231124,朝阳,百子湾,101120868577,满五唯一 前后不临街 户型方正 高楼层视野,485万,66585元/平,高楼层 (共10层) 1室1厅 | 72.84平米 | 南,https://ke-image.ljcdn.com/110000-inspection/cfd7cc07-7dd4-4ed9-b4f6-6302473a9281_1000.jpg!m_fill,w_280,h_210,f_jpg?from=ke.com
20231124,朝阳,百子湾,101120771091,沿海赛洛城七期 正规小两居 高层视野好 满5年唯一,520万,73024元/平,高楼层 (共24层) 2室1厅 | 71.21平米 | 东北,https://ke-image.ljcdn.com/110000-inspection/pc1_JVxuMxYzn_1.jpg!m_fill,w_280,h_210,f_jpg?from=ke.com
20231124,朝阳,百子湾,101120700670,满五唯一、南北通透高楼层精装修户型方正,659万,68589元/平,高楼层 (共11层) 2室1厅 | 96.08平米 | 南 北,https://ke-image.ljcdn.com/110000-inspection/pc1_Uc9oba2kR_1.jpg!m_fill,w_280,h_210,f_jpg?from=ke.com
20231124,朝阳,百子湾,101120692872,满五唯一、采光好、精装修、户型方正、中高楼层房主自荐,335万,62431元/平,中楼层 (共25层) 1室1厅 | 53.66平米 | 东,https://ke-image.ljcdn.com/110000-inspection/0b92bc6e-eb83-4bc1-b433-97d104fc4b4d_1000.jpg!m_fill,w_280,h_210,f_jpg?from=ke.com
20231124,朝阳,百子湾,101120686923,国贸生活馆江南园林高层南北两居室出售,890万,84674元/平,高楼层 (共26层) | 2009年 | 2室2厅 | 105.11平米 | 南 北,https://ke-image.ljcdn.com/110000-inspection/pc1_aEOZ5TmvL_1.jpg!m_fill,w_280,h_210,f_jpg?from=ke.com
20231124,朝阳,百子湾,101120248106,户型方正不临街无遮挡可观小区环境房主自荐,336万,60345元/平,低楼层 (共24层) | 2007年 | 1室0厅 | 55.68平米 | 南,https://ke-image.ljcdn.com/110000-inspection/6e40fba2-a77f-440d-8be6-e140ce5746f8_1000.jpg!m_fill,w_280,h_210,f_jpg?from=ke.com
20231124,朝阳,百子湾,101120168467,西向一居室中间楼层采光视野好不临街观花园！,328万,63690元/平,中楼层 (共24层) | 2009年 | 1室1厅 | 51.5平米 | 西,https://ke-image.ljcdn.com/110000-inspection/pc1_zvHXtU41D_1.jpg!m_fill,w_280,h_210,f_jpg?from=ke.com
20231124,朝阳,百子湾,101120042473,满五年唯一通透一居室楼层位置好,375万,56510元/平,低楼层 (共25层) 1室1厅 | 66.36平米 | 东 西,https://ke-image.ljcdn.com/110000-inspection/pc1_VeEKme5HJ_1.jpg!m_fill,w_280,h_210,f_jpg?from=ke.com
20231124,朝阳,百子湾,101119570897,百子湾家园一区、商品房、相当于满五年唯一、对花园。,600万,53538元/平,中楼层 (共24层) | 2006年 | 2室2厅 | 112.07平米 | 西南 北,https://ke-image.ljcdn.com/110000-inspection/pc1_gNtZLjSEA_1.jpg!m_fill,w_280,h_210,f_jpg?from=ke.com
20231124,朝阳,百子湾,101119456241,百子湾家园一区商品房 安静不临街 二次装修采光视野好,560万,54994元/平,高楼层 (共16层) | 2006年 | 2室1厅 | 101.83平米 | 南,https://ke-image.ljcdn.com/110000-inspection/pc1_LRj3UA9G0_1.jpg!m_fill,w_280,h_210,f_jpg?from=ke.com
20231124,朝阳,百子湾,101119406948,小区在售少有三居/落地大阳台观小区花园景观,888万,64837元/平,低楼层 (共16层) 3室2厅 | 136.96平米 | 南 北,https://ke-image.ljcdn.com/110000-inspection/pc1_GmzJy1T2Q.jpg!m_fill,w_280,h_210,f_jpg?from=ke.com
20231124,朝阳,百子湾,101119192807,沿海赛洛城一期东向正规一居室满五年唯一楼层好。房主自荐,383万,68749元/平,低楼层 (共24层) | 2007年 | 1室1厅 | 55.71平米 | 东,https://ke-image.ljcdn.com/110000-inspection/3bb72385-50d7-44fb-9d2d-3e0a5d79f08e_1000.jpg!m_fill,w_280,h_210,f_jpg?from=ke.com
20231124,朝阳,百子湾,101119011612,高楼层  精装修 西南两居室 业主诚意出售必看好房,759万,86486元/平,高楼层 (共26层) 2室1厅 | 87.76平米 | 西南,https://ke-image.ljcdn.com/110000-inspection/pc1_UlTkbxBCX_1.jpg!m_fill,w_280,h_210,f_jpg?from=ke.com
20231124,朝阳,百子湾,101118885626,百子湾家园一区一居室对小区位置安静满五唯一必看好房,313万,49153元/平,低楼层 (共15层) | 2006年 | 1室1厅 | 63.68平米 | 北,https://ke-image.ljcdn.com/110000-inspection/f3510a96-583b-49b3-a4b4-00864976dcaa_1000.jpg!m_fill,w_280,h_210,f_jpg?from=ke.com
20231124,朝阳,百子湾,101118744757,高层视野开阔南向采光充足通透性好居住舒适房主自荐,342万,70589元/平,高楼层 (共19层) | 2007年 | 1室0厅 | 48.45平米 | 南,https://ke-image.ljcdn.com/110000-inspection/pc1_C2npfjCmR_1.jpg!m_fill,w_280,h_210,f_jpg?from=ke.com
20231124,朝阳,百子湾,101118371562,满五唯一 中高楼层 视野好 业主诚意出售,680万,63552元/平,高楼层 (共24层) | 2009年 | 3室1厅 | 107平米 | 西南,https://ke-image.ljcdn.com/110000-inspection/pc1_MwiZKrv3b_1.jpg!m_fill,w_280,h_210,f_jpg?from=ke.com
20231124,朝阳,百子湾,101118370326,满五唯一前后不临街板楼一梯两户采光充足房主自荐,638万,72542元/平,低楼层 (共7层) 2室1厅 | 87.95平米 | 西南,https://ke-image.ljcdn.com/110000-inspection/pc1_5uOLH4JDX.jpg!m_fill,w_280,h_210,f_jpg?from=ke.com
20231124,朝阳,百子湾,101118298542,满两年、南北通透、前后不临街中间位置看房方便房主自荐,880万,61180元/平,中楼层 (共24层) 3室1厅 | 143.84平米 | 南 北,https://ke-image.ljcdn.com/110000-inspection/pc1_CuhTiiF1g.jpg!m_fill,w_280,h_210,f_jpg?from=ke.com
20231124,朝阳,百子湾,101118297212,百子湾家园高楼层东南北通透的满五唯一商品房必看好房,550万,57634元/平,中楼层 (共18层) | 2006年 | 2室1厅 | 95.43平米 | 南 北,https://ke-image.ljcdn.com/110000-inspection/pc1_SR6uPn6VI_1.jpg!m_fill,w_280,h_210,f_jpg?from=ke.com
20231124,朝阳,百子湾,101118148431,沿海赛洛城一期南向大一居户型好业主诚意出售,475万,67053元/平,中楼层 (共18层) | 2007年 | 1室1厅 | 70.84平米 | 南,https://ke-image.ljcdn.com/110000-inspection/b9775c62-4609-4f8d-a820-05b198d790aa_1000.jpg!m_fill,w_280,h_210,f_jpg?from=ke.com
20231124,朝阳,百子湾,101118136168,商品房南北通透无遮挡采光好满五唯一装修保养好,607万,62009元/平,中楼层 (共15层) | 2006年 | 2室1厅 | 97.89平米 | 南 北,https://ke-image.ljcdn.com/110000-inspection/c32c4bad-d42d-4980-99af-7e0e6b5219e8_1000.jpg!m_fill,w_280,h_210,f_jpg?from=ke.com
20231124,朝阳,百子湾,101117971073,百子湾家园一区 南北通透两居 中间楼层 正对花园,605万,61273元/平,中楼层 (共24层) | 2006年 | 2室1厅 | 98.74平米 | 南 北,https://ke-image.ljcdn.com/110000-inspection/2d861fe9-27db-4d5f-bed4-56c87c194ade_1000.jpg!m_fill,w_280,h_210,f_jpg?from=ke.com
20231124,朝阳,百子湾,101117862253,沿海赛洛城 南北通透三居 板楼 一梯两户 满5年唯一,816万,58453元/平,高楼层 (共9层) 3室2厅 | 139.6平米 | 南 北,https://ke-image.ljcdn.com/110000-inspection/pc1_BlNaM6JYK_1.jpg!m_fill,w_280,h_210,f_jpg?from=ke.com
20231124,朝阳,百子湾,101117835830,精装小两居东西北通透全明格局采光充足板楼,530万,67285元/平,顶层 (共8层) | 2009年 | 2室1厅 | 78.77平米 | 东 西 北,https://ke-image.ljcdn.com/110000-inspection/b5831728-343d-49e5-aa24-3250d1c68a93_1000.jpg!m_fill,w_280,h_210,f_jpg?from=ke.com
20231124,朝阳,百子湾,101117827552,沿海赛洛城南向一居正对花园户型方正房主自荐,339万,61941元/平,低楼层 (共19层) | 2007年 | 1室1厅 | 54.73平米 | 南,https://ke-image.ljcdn.com/110000-inspection/aa26be24-16e1-4a04-8df7-5214fef691b8_1000.jpg!m_fill,w_280,h_210,f_jpg?from=ke.com
20231124,朝阳,百子湾,101117821728,东四环 近国贸 百子湾家园三区中间楼层看花园南向两居,598万,58726元/平,中楼层 (共16层) | 2006年 | 2室1厅 | 101.83平米 | 南,https://ke-image.ljcdn.com/110000-inspection/pc1_EWyuJFqrl.jpg!m_fill,w_280,h_210,f_jpg?from=ke.com
20231124,朝阳,百子湾,101117598006,百子湾家园  商品房  满五唯一   精装修,575万,56489元/平,高楼层 (共16层) | 2006年 | 2室1厅 | 101.79平米 | 南,https://ke-image.ljcdn.com/110000-inspection/d7b223ce-5d3e-46ef-8240-efb4667f76d4_1000.jpg!m_fill,w_280,h_210,f_jpg?from=ke.com
20231124,朝阳,百子湾,101116972614,商品房满五唯一位置安静采光无遮挡诚意出售房主自荐,536万,54812元/平,底层 (共16层) | 2006年 | 2室1厅 | 97.79平米 | 南 北,https://ke-image.ljcdn.com/110000-inspection/pc1_YkEd57ZMZ.jpg!m_fill,w_280,h_210,f_jpg?from=ke.com
20231124,朝阳,百子湾,101116270619,金都杭城东区 南北通透全明格局两居室,940万,89448元/平,高楼层 (共26层) 2室1厅 | 105.09平米 | 南 北,https://ke-image.ljcdn.com/110000-inspection/d99888ab-a1b6-4a5a-a42d-e4fa684c30da_1000.jpg!m_fill,w_280,h_210,f_jpg?from=ke.com
20231124,朝阳,百子湾,101115969114,金泰先锋南区 满五唯一 中间楼层 诚意卖 随时签约,790万,85665元/平,低楼层 (共18层) 2室2厅 | 92.22平米 | 西南,https://ke-image.ljcdn.com/110000-inspection/71156194-de44-4160-a09b-de6b327b030b_1000.jpg!m_fill,w_280,h_210,f_jpg?from=ke.com
20231124,朝阳,百子湾,101121741576,南北通透 明厨明卫 中间楼层 得房率83%,655万,62495元/平,中楼层 (共8层) 2室2厅 | 104.81平米 | 南 北 西,https://ke-image.ljcdn.com/110000-inspection/pc1_30KRpkWFg_1.jpg!m_fill,w_280,h_210,f_jpg?from=ke.com
20231124,朝阳,百子湾,101121688009,房子是满五年唯一的户型格局通风好通透性好,380万,54590元/平,高楼层 (共25层) | 2009年 | 1室1厅 | 69.61平米 | 东 西,https://ke-image.ljcdn.com/110000-inspection/pc1_ljZ9L9SEU_1.jpg!m_fill,w_280,h_210,f_jpg?from=ke.com
20231124,朝阳,百子湾,101121398655,金海国际南区 满五唯一 精心装修 高楼层无遮挡,712万,65520元/平,中楼层 (共23层) | 2005年 | 2室1厅 | 108.67平米 | 东南,https://ke-image.ljcdn.com/110000-inspection/98450a1a-f754-41bc-b1cf-52567797ed2c_1000.jpg!m_fill,w_280,h_210,f_jpg?from=ke.com
20231124,朝阳,百子湾,101121299065,南北通透两居室 特殊户型 客厅超大 前后不临街必看好房,505万,50319元/平,低楼层 (共16层) | 2006年 | 2室1厅 | 100.36平米 | 南 北,https://ke-image.ljcdn.com/110000-inspection/pc1_QfpXuXeli.jpg!m_fill,w_280,h_210,f_jpg?from=ke.com
20231124,朝阳,百子湾,101121235177,商品房 满五唯一 南北通透二次精装 采光视野无遮挡,825万,59835元/平,中楼层 (共21层) 3室1厅 | 137.88平米 | 南 北,https://ke-image.ljcdn.com/110000-inspection/pc1_KEZi7uzgC_1.jpg!m_fill,w_280,h_210,f_jpg?from=ke.com
20231124,朝阳,百子湾,101120906207,大成国际 南向开间 高层采光 满五唯一,245万,44881元/平,中楼层 (共25层) | 2007年 | 1室0厅 | 54.59平米 | 南,https://ke-image.ljcdn.com/110000-inspection/pc1_OAu69rATO_1.jpg!m_fill,w_280,h_210,f_jpg?from=ke.com
20231124,朝阳,百子湾,101120853483,沿海赛洛城五期 高层观景视野好夜观国贸中国尊,578万,58764元/平,中楼层 (共25层) | 2008年 | 2室1厅 | 98.36平米 | 东 西北,https://ke-image.ljcdn.com/110000-inspection/8a1b04de-ef46-4f33-97f8-d222cddddb3b_1000.jpg!m_fill,w_280,h_210,f_jpg?from=ke.com
20231124,朝阳,百子湾,101120271142,百子湾家园商品房、满五年唯一、楼层高、对花园视野好必看好房,565万,54176元/平,顶层 (共24层) | 2006年 | 2室2厅 | 104.29平米 | 南,https://ke-image.ljcdn.com/110000-inspection/pc1_QfGL0ngPV_1.jpg!m_fill,w_280,h_210,f_jpg?from=ke.com
20231124,朝阳,百子湾,101120141511,满五唯一一梯两户东西通透中楼层诚意卖房主自荐,558万,65989元/平,中楼层 (共8层) 2室1厅 | 84.56平米 | 东 西,https://ke-image.ljcdn.com/110000-inspection/pc1_r7cqy0WnS_1.jpg!m_fill,w_280,h_210,f_jpg?from=ke.com
20231124,朝阳,百子湾,101119845603,沿海赛洛城 南北通透三居 板楼 一梯两户 满5年唯一,855万,62287元/平,高楼层 (共9层) 3室2厅 | 137.27平米 | 南 北,https://ke-image.ljcdn.com/110000-inspection/3bf35d1d-4c0f-4268-8b6c-507613174edc_1000.jpg!m_fill,w_280,h_210,f_jpg?from=ke.com
20231124,朝阳,百子湾,101119811370,商品房满五唯一南北双线通透高楼层看房方便,618万,62678元/平,高楼层 (共24层) | 2006年 | 2室1厅 | 98.6平米 | 南 北,https://ke-image.ljcdn.com/110000-inspection/75aeebf5-70de-4f78-85fd-956a2ae12281_1000.jpg!m_fill,w_280,h_210,f_jpg?from=ke.com
20231124,朝阳,百子湾,101119798056,沿海赛洛城四期 精装修 LOFT,167万,33122元/平,中楼层 (共17层) | 2010年 | 1室1厅 | 50.42平米 | 北,https://ke-image.ljcdn.com/110000-inspection/pc1_vMmURwpSu_1.jpg!m_fill,w_280,h_210,f_jpg?from=ke.com
20231124,朝阳,百子湾,101119439440,满五唯一东向一居价格能聊看房随时。房主自荐,299万,65599元/平,低楼层 (共18层) | 2009年 | 1室1厅 | 45.58平米 | 东,https://ke-image.ljcdn.com/110000-inspection/e9ad5ebf-22bb-4339-9a20-64fb0ca008ac_1000.jpg!m_fill,w_280,h_210,f_jpg?from=ke.com
20231124,朝阳,百子湾,101119383369,沿海二期东南两居室满五年唯一好楼层采光好精装房主自荐,615万,67874元/平,高楼层 (共6层) | 2007年 | 2室1厅 | 90.61平米 | 东南,https://ke-image.ljcdn.com/110000-inspection/pc1_u3e3r2Ixe_1.jpg!m_fill,w_280,h_210,f_jpg?from=ke.com
20231124,朝阳,百子湾,101119263919,沿海赛洛城一期东西两居室板楼带阳台必看好房,508万,59639元/平,中楼层 (共5层) | 2007年 | 2室2厅 | 85.18平米 | 东 西,https://ke-image.ljcdn.com/110000-inspection/27f9bfc5-828c-4070-8e9e-537acafb44d3_1000.jpg!m_fill,w_280,h_210,f_jpg?from=ke.com
20231124,朝阳,百子湾,101119231171,东四环广渠路东800米南北通透2居室一梯两户婚房装修必看好房,675万,73132元/平,低楼层 (共11层) | 2007年 | 2室1厅 | 92.3平米 | 北 南,https://ke-image.ljcdn.com/110000-inspection/197f689c-b757-4101-9f07-f54e5a1c4c2d_1000.jpg!m_fill,w_280,h_210,f_jpg?from=ke.com
20231124,朝阳,百子湾,101118951812,东四环中路 大成国际 南向视野好,260万,47628元/平,中楼层 (共25层) | 2007年 | 1室1厅 | 54.59平米 | 南,https://ke-image.ljcdn.com/110000-inspection/pc1_pqwIeB0Um.jpg!m_fill,w_280,h_210,f_jpg?from=ke.com
20231124,朝阳,百子湾,101118884980,户型方正无浪费三面采光、两阳台明厨明卫价可谈房主自荐,565万,58374元/平,低楼层 (共25层) 2室1厅 | 96.79平米 | 东 南 西,https://ke-image.ljcdn.com/110000-inspection/pc1_KyxY7b3hk.jpg!m_fill,w_280,h_210,f_jpg?from=ke.com
20231124,朝阳,百子湾,101118645737,满五年唯一落地大阳台南北通透双卫中高层观景房房主自荐,899万,64390元/平,高楼层 (共16层) 3室1厅 | 139.62平米 | 南 北,https://ke-image.ljcdn.com/110000-inspection/fafc7659-c22f-458d-b647-20c5ef1d9b28_1000.jpg!m_fill,w_280,h_210,f_jpg?from=ke.com
20231124,朝阳,百子湾,101118525752,商品房社区户型方正一梯两户板楼 前后无遮挡必看好房,650万,67624元/平,中楼层 (共8层) 2室1厅 | 96.12平米 | 南 北,https://ke-image.ljcdn.com/110000-inspection/pc1_qHyq9iNy2.jpg!m_fill,w_280,h_210,f_jpg?from=ke.com
20231124,朝阳,百子湾,101117899862,沿海赛洛城满五唯一装修保养好南北双线通透,650万,79182元/平,中楼层 (共4层) | 2007年 | 2室1厅 | 82.09平米 | 南 北,https://ke-image.ljcdn.com/110000-inspection/pc1_4uu8YjXHN_1.jpg!m_fill,w_280,h_210,f_jpg?from=ke.com
20231124,朝阳,百子湾,101117877725,中海安德鲁斯庄园西区 满五年 下叠 看房提前预约,1590万,55684元/平,地下室 (共4层) | 2006年 | 4室2厅 | 285.54平米 | 南 北,https://ke-image.ljcdn.com/110000-inspection/cb3501fe-a077-4fc9-8fc9-490925425df5_1000.jpg!m_fill,w_280,h_210,f_jpg?from=ke.com
20231124,朝阳,百子湾,101117745092,7号线百子湾地铁 正规大一居室 户型方正 精装修,439万,52188元/平,中楼层 (共24层) | 2011年 | 1室1厅 | 84.12平米 | 东,https://ke-image.ljcdn.com/110000-inspection/2c69bd3e-cc8e-4c61-b912-a362116f04c4_1000.jpg!m_fill,w_280,h_210,f_jpg?from=ke.com
20231124,朝阳,百子湾,101116487210,东区临水系南花园大联排 客厅6.3米挑空带车库,2000万,58201元/平,地下室 (共3层) | 2005年 | 3室2厅 | 343.64平米 | 南 北,https://ke-image.ljcdn.com/110000-inspection/d553998a-65a9-4a9d-afcd-77b2401cc8a8_1000.jpg!m_fill,w_280,h_210,f_jpg?from=ke.com
20231124,朝阳,百子湾,101120502598,金都心语 西向开间 观花园 诚意售必看好房,127万,25714元/平,中楼层 (共22层) 1室0厅 | 49.39平米 | 西,https://s1.ljcdn.com/pegasus/redskull/images/common/default_house_list.png?_v=202311081228217
20231124,朝阳,百子湾,101120218226,东四环沿海赛洛城精装大跃层业主着急出售必看好房,188万,28352元/平,高楼层 (共17层) 1室1厅 | 66.31平米 | 东,https://s1.ljcdn.com/pegasus/redskull/images/common/default_house_list.png?_v=202311081228217
20231124,朝阳,百子湾,101122005892,沿海赛洛城五期 中间层 户型方正一居 看房方便新上,350万,58441元/平,中楼层 (共25层) 1室1厅 | 59.89平米 | 东,https://ke-image.ljcdn.com/110000-inspection/pc1_HmMtyJiP9.jpg!m_fill,w_280,h_210,f_jpg?from=ke.com
20231124,朝阳,百子湾,101121994071,美利山 2室1厅 东南新上,620万,63015元/平,中楼层 (共24层) | 2011年 | 2室1厅 | 98.39平米 | 东南,https://ke-image.ljcdn.com/110000-inspection/pc1_AoI9sAwFe_1.jpg!m_fill,w_280,h_210,f_jpg?from=ke.com
20231124,朝阳,百子湾,101121939818,百子湾家园 视野无遮挡 商品房 2022年装修的新上,338万,54341元/平,低楼层 (共24层) | 2006年 | 1室1厅 | 62.2平米 | 北,https://ke-image.ljcdn.com/110000-inspection/pc1_bkNC2gTDB_1.jpg!m_fill,w_280,h_210,f_jpg?from=ke.com
20231124,朝阳,百子湾,101121937863,中高楼层 视野开阔 满五唯一 业主诚意出售新上,450万,53496元/平,中楼层 (共24层) | 2011年 | 2室1厅 | 84.12平米 | 东,https://ke-image.ljcdn.com/110000-inspection/729fc915-a33e-47e7-825d-34cbb200732c_1000.jpg!m_fill,w_280,h_210,f_jpg?from=ke.com
20231124,朝阳,百子湾,101121923383,沿海赛洛城2009年 南北三居室 封闭式管理 南向观园林,860万,60373元/平,低楼层 (共18层) 3室2厅 | 142.45平米 | 南 北,https://ke-image.ljcdn.com/110000-inspection/pc1_Au53eEjW1_1.jpg!m_fill,w_280,h_210,f_jpg?from=ke.com
20231124,朝阳,百子湾,101121914692,沿海赛洛城六期 东西通透 板楼一居室 采光好房主自荐,380万,59524元/平,顶层 (共9层) | 2009年 | 1室1厅 | 63.84平米 | 东 西,https://ke-image.ljcdn.com/110000-inspection/pc1_TBYgdXxAk_1.jpg!m_fill,w_280,h_210,f_jpg?from=ke.com
20231124,朝阳,百子湾,101121907840,沿海赛洛城三期  精装修 南北通透两居  带车位,728万,74037元/平,中楼层 (共8层) 2室1厅 | 98.33平米 | 北 南,https://ke-image.ljcdn.com/110000-inspection/d8021cd4-c8d1-4a55-93fa-8dc10bc7baf9_1000.jpg!m_fill,w_280,h_210,f_jpg?from=ke.com
20231124,朝阳,百子湾,101121878146,满五唯一 全南无遮挡 采光好 楼层高视野好 户型方正,570万,55529元/平,中楼层 (共19层) | 2006年 | 2室1厅 | 102.65平米 | 南 北,https://ke-image.ljcdn.com/110000-inspection/2f2dd173-5297-4d39-a44e-527896aea6ff_1000.jpg!m_fill,w_280,h_210,f_jpg?from=ke.com
20231124,朝阳,百子湾,101121851035,金泰先锋北区 小区中间位置  前后不临街 可观小区花园房主自荐,1100万,84949元/平,中楼层 (共18层) 3室2厅 | 129.49平米 | 南 北,https://ke-image.ljcdn.com/110000-inspection/553b4694-27a7-4683-9ad5-4d4fdd1a2241_1000.jpg!m_fill,w_280,h_210,f_jpg?from=ke.com
20231124,朝阳,百子湾,101121820623,沿海赛洛城二期 东西北 两居室 满五唯一,580万,62019元/平,中楼层 (共11层) | 2007年 | 2室1厅 | 93.52平米 | 东 西 北,https://ke-image.ljcdn.com/110000-inspection/pc1_5oCzGQ01b_1.jpg!m_fill,w_280,h_210,f_jpg?from=ke.com
20231124,朝阳,百子湾,101121815273,金海国际南区 全明大一居 安静不临街 诚意卖 随时签约,560万,65368元/平,低楼层 (共23层) | 2005年 | 1室1厅 | 85.67平米 | 东北,https://ke-image.ljcdn.com/110000-inspection/4a17802c-30b3-4581-9d87-dd8161b3c3ae_1000.jpg!m_fill,w_280,h_210,f_jpg?from=ke.com
20231124,朝阳,百子湾,101121812333,沿海赛洛城五期 南向高层两居室 采光好 精装修房主自荐,565万,58641元/平,高楼层 (共25层) | 2008年 | 2室1厅 | 96.35平米 | 东 南 西,https://ke-image.ljcdn.com/110000-inspection/9134654b-dae7-4e4e-b0d8-1ed850b0028c_1000.jpg!m_fill,w_280,h_210,f_jpg?from=ke.com
20231124,朝阳,百子湾,101121796151,金泰先锋南区 2室1厅 东南,768万,83944元/平,高楼层 (共18层) | 2008年 | 2室1厅 | 91.49平米 | 东南,https://ke-image.ljcdn.com/110000-inspection/pc1_498ETt1k8_1.jpg!m_fill,w_280,h_210,f_jpg?from=ke.com
20231124,朝阳,百子湾,101121788451,建工动力苑   满五唯一 南向一居室  有钥匙诚意出售,445万,66548元/平,低楼层 (共18层) | 2016年 | 1室1厅 | 66.87平米 | 南,https://ke-image.ljcdn.com/110000-inspection/a053e5ba-ef7e-4957-895d-0b7f518830ad_1000.jpg!m_fill,w_280,h_210,f_jpg?from=ke.com
20231124,朝阳,百子湾,101121768821,观音惠园 满五唯一 南北通透格局 采光视野好,380万,42148元/平,高楼层 (共6层) 2室1厅 | 90.16平米 | 南 北,https://ke-image.ljcdn.com/110000-inspection/pc1_szieVoRbn_1.jpg!m_fill,w_280,h_210,f_jpg?from=ke.com
20231124,朝阳,百子湾,101121760400,南北通透两居室中间楼层位置好视野开阔采光好,445万,46553元/平,高楼层 (共6层) | 2003年 | 2室1厅 | 95.59平米 | 南 北,https://ke-image.ljcdn.com/110000-inspection/674f191c-7ad7-4c32-a272-690d2b5c03a5_1000.jpg!m_fill,w_280,h_210,f_jpg?from=ke.com
20231124,朝阳,百子湾,101121750659,满五唯一只有契税户型方正装修好,350万,68280元/平,低楼层 (共24层) | 2009年 | 1室1厅 | 51.26平米 | 西,https://ke-image.ljcdn.com/110000-inspection/pc1_kl5RvTQ3Y_1.jpg!m_fill,w_280,h_210,f_jpg?from=ke.com
20231124,朝阳,百子湾,101121750373,满5唯一前后不临街看房方便一梯两户适合居住,550万,68239元/平,顶层 (共8层) 2室1厅 | 80.6平米 | 东 西,https://ke-image.ljcdn.com/110000-inspection/7ba5be92-0baf-42a3-ac3d-bcc6be5c2391_1000.jpg!m_fill,w_280,h_210,f_jpg?from=ke.com
20231124,朝阳,百子湾,101121744310,此房满五年唯一采光好视野无遮挡交通配套齐全,380万,62842元/平,低楼层 (共24层) 1室1厅 | 60.47平米 | 东,https://ke-image.ljcdn.com/110000-inspection/pc1_bQs0AVoKd_1.jpg!m_fill,w_280,h_210,f_jpg?from=ke.com
20231124,朝阳,百子湾,101121732642,满五唯一 无抵押 无户口 精装修  看房随时,398万,59976元/平,低楼层 (共25层) | 2008年 | 1室1厅 | 66.36平米 | 东 西,https://ke-image.ljcdn.com/110000-inspection/pc1_n5LftRDNA_1.jpg!m_fill,w_280,h_210,f_jpg?from=ke.com
20231124,朝阳,百子湾,101121717134,金海国际南区 3室2厅 南 北,1080万,66482元/平,高楼层 (共18层) | 2005年 | 3室2厅 | 162.45平米 | 南 北,https://ke-image.ljcdn.com/110000-inspection/15ecce06-d97e-4051-985a-f1a04be55724_1000.jpg!m_fill,w_280,h_210,f_jpg?from=ke.com
20231124,朝阳,百子湾,101121710407,沿海赛洛城三期东西通透户型方正满五年唯一,490万,67124元/平,中楼层 (共8层) 1室1厅 | 73平米 | 东 西,https://ke-image.ljcdn.com/110000-inspection/pc1_DZoXwsXm0_1.jpg!m_fill,w_280,h_210,f_jpg?from=ke.com
20231124,朝阳,百子湾,101121692788,金泰先锋北区  全南向  无遮挡房主自荐,798万,87357元/平,低楼层 (共18层) | 2008年 | 2室2厅 | 91.35平米 | 南,https://ke-image.ljcdn.com/110000-inspection/pc1_1FD6rIFDA.jpg!m_fill,w_280,h_210,f_jpg?from=ke.com
20231124,朝阳,百子湾,101121675465,沿海赛洛城二期满五唯一商品房南北通透户型好,650万,62494元/平,低楼层 (共19层) 2室1厅 | 104.01平米 | 南 北,https://ke-image.ljcdn.com/110000-inspection/pc1_8rYCPJwFz_1.jpg!m_fill,w_280,h_210,f_jpg?from=ke.com
20231124,朝阳,百子湾,101121663684,此房满五年唯一高楼层采光视野好随时签约,269万,46734元/平,高楼层 (共6层) | 2003年 | 1室1厅 | 57.56平米 | 南,https://ke-image.ljcdn.com/110000-inspection/pc1_IihmepCQN_1.jpg!m_fill,w_280,h_210,f_jpg?from=ke.com
20231124,朝阳,百子湾,101121658316,国贸附近 金都西区南北通透大三居 户型方正楼间距大,1200万,78141元/平,高楼层 (共19层) 3室1厅 | 153.57平米 | 南 北,https://ke-image.ljcdn.com/110000-inspection/cc9d5482-2952-4872-a457-b369325e25b3_1000.jpg!m_fill,w_280,h_210,f_jpg?from=ke.com
20231124,朝阳,百子湾,101121650189,商品房 二次精装 安静不临街 高层采光好视野开阔,550万,53399元/平,高楼层 (共24层) | 2006年 | 2室1厅 | 103平米 | 南,https://ke-image.ljcdn.com/110000-inspection/pc1_8yykIZVek_1.jpg!m_fill,w_280,h_210,f_jpg?from=ke.com
20231124,朝阳,百子湾,101121636737,观音惠园 南北通透两居室 采光好 通透性高 诚意出售,380万,41878元/平,顶层 (共6层) 2室2厅 | 90.74平米 | 南 北,https://ke-image.ljcdn.com/110000-inspection/cbc38ce4-b258-4fd0-8492-58c817cfa6fb_1000.jpg!m_fill,w_280,h_210,f_jpg?from=ke.com
20231124,朝阳,百子湾,101121616317,金都杭城东区 2室2厅 南,720万,82136元/平,低楼层 (共26层) | 2009年 | 2室2厅 | 87.66平米 | 南,https://ke-image.ljcdn.com/110000-inspection/129589fd-5e28-4884-b3ea-3a26c5171763_1000.jpg!m_fill,w_280,h_210,f_jpg?from=ke.com
20231124,朝阳,百子湾,101121608626,南北通透三居楼层高采光好装修也不错,899万,64607元/平,高楼层 (共9层) 3室2厅 | 139.15平米 | 南 北,https://ke-image.ljcdn.com/110000-inspection/ad6f7820-dc68-4024-9200-0cee35363e13_1000.jpg!m_fill,w_280,h_210,f_jpg?from=ke.com
20231124,朝阳,百子湾,101121599870,沿海赛洛城一期 2室1厅 东南 东 南,620万,76619元/平,中楼层 (共18层) | 2007年 | 2室1厅 | 80.92平米 | 东南 东 南,https://ke-image.ljcdn.com/110000-inspection/a6e24f79-8b68-4ead-adbe-d7c8ceb547ae_1000.jpg!m_fill,w_280,h_210,f_jpg?from=ke.com
20231124,朝阳,百子湾,101121595458,沿海赛洛城二期 2室1厅 南 北,700万,67334元/平,中楼层 (共19层) 2室1厅 | 103.96平米 | 南 北,https://ke-image.ljcdn.com/110000-inspection/bdccc862-0ad6-4ff5-af23-346ec64d1e0a_1000.jpg!m_fill,w_280,h_210,f_jpg?from=ke.com
20231124,朝阳,百子湾,101121571463,建工动力南北通透两居室     诚意出售  看房方便,650万,74100元/平,中楼层 (共18层) 2室2厅 | 87.72平米 | 南 北,https://ke-image.ljcdn.com/110000-inspection/pc1_I5QC5pGyI_1.jpg!m_fill,w_280,h_210,f_jpg?from=ke.com
20231124,朝阳,百子湾,101121564038,金海国际南区+东向一居室+满五唯一+看房方便,510万,77098元/平,中楼层 (共23层) | 2005年 | 1室1厅 | 66.15平米 | 东,https://ke-image.ljcdn.com/110000-inspection/703d90b5-e813-4908-bdac-8badb3d4f796_1000.jpg!m_fill,w_280,h_210,f_jpg?from=ke.com
20231124,朝阳,百子湾,101121548443,金海国际南区  视野开阔无遮挡看房方便可以看房,520万,78610元/平,高楼层 (共23层) | 2005年 | 1室1厅 | 66.15平米 | 东,https://ke-image.ljcdn.com/110000-inspection/pc1_KR3IrTFGG_1.jpg!m_fill,w_280,h_210,f_jpg?from=ke.com
20231124,朝阳,百子湾,101121543898,沿海赛洛城三期 正规一居室 精装修房主自荐,449万,67529元/平,中楼层 (共14层) | 2007年 | 1室1厅 | 66.49平米 | 西北,https://ke-image.ljcdn.com/110000-inspection/e797060f-29ff-418d-8a37-2d5c7699f84b_1000.jpg!m_fill,w_280,h_210,f_jpg?from=ke.com
20231124,朝阳,百子湾,101121537411,百子湾家园三区中高层一居室商品房楼层视野佳,335万,52426元/平,中楼层 (共16层) | 2006年 | 1室1厅 | 63.9平米 | 北,https://ke-image.ljcdn.com/110000-inspection/65b23b29-b4ba-4c1c-b823-b13a189b50e1_1000.jpg!m_fill,w_280,h_210,f_jpg?from=ke.com
20231124,朝阳,百子湾,101121520519,东四环金泰先锋东向高层优质一居,429万,62738元/平,高楼层 (共18层) 1室1厅 | 68.38平米 | 东,https://ke-image.ljcdn.com/110000-inspection/d49fc905-af72-4bc3-9eab-d308de31d8b5_1000.jpg!m_fill,w_280,h_210,f_jpg?from=ke.com
20231124,朝阳,百子湾,101121511475,金都杭城西区 2室1厅 南,860万,84763元/平,高楼层 (共20层) | 2006年 | 2室1厅 | 101.46平米 | 南,https://ke-image.ljcdn.com/110000-inspection/407a7c07-c318-41cc-88bc-2b6d39f77b51_1000.jpg!m_fill,w_280,h_210,f_jpg?from=ke.com
20231124,朝阳,百子湾,101121510725,商品房南北通透两居室采光无遮挡房主自荐,296万,54937元/平,底层 (共6层) | 1980年 | 2室1厅 | 53.88平米 | 南 北,https://ke-image.ljcdn.com/110000-inspection/pc1_LOViTAe9c_1.jpg!m_fill,w_280,h_210,f_jpg?from=ke.com
20231124,朝阳,百子湾,101121494362,沿海赛洛城朝西一居室带阳台满五唯一房主自荐,319万,60937元/平,中楼层 (共24层) 1室1厅 | 52.35平米 | 西,https://ke-image.ljcdn.com/110000-inspection/pc1_6Id2ft1oE_1.jpg!m_fill,w_280,h_210,f_jpg?from=ke.com
20231124,朝阳,百子湾,101121463782,此房满五年唯一高层采光好视野无遮挡交通配套齐全,360万,62349元/平,中楼层 (共8层) | 2009年 | 1室1厅 | 57.74平米 | 西,https://ke-image.ljcdn.com/110000-inspection/pc1_GAsw52pRG_1.jpg!m_fill,w_280,h_210,f_jpg?from=ke.com
20231124,朝阳,百子湾,101121459048,金海国际北区两居室满五年唯一 精装修拎包入住,715万,56411元/平,顶层 (共12层) | 2005年 | 2室1厅 | 126.75平米 | 西,https://ke-image.ljcdn.com/110000-inspection/pc1_25Phgcmzo_1.jpg!m_fill,w_280,h_210,f_jpg?from=ke.com
20231124,朝阳,百子湾,101121454737,满五唯一  西南两居  业主诚意出售,610万,76174元/平,中楼层 (共7层) 2室1厅 | 80.08平米 | 西南,https://ke-image.ljcdn.com/110000-inspection/pc1_Aj8FKt9ER_1.jpg!m_fill,w_280,h_210,f_jpg?from=ke.com
20231124,朝阳,百子湾,101121441709,建工动力苑   满五唯一  高楼层一居室 诚意出售房主自荐,466万,69688元/平,中楼层 (共18层) 1室1厅 | 66.87平米 | 南,https://ke-image.ljcdn.com/110000-inspection/pc1_M279zuehh_1.jpg!m_fill,w_280,h_210,f_jpg?from=ke.com
20231124,朝阳,百子湾,101121437872,金海国际北区 4室2厅 南 北,1280万,65333元/平,低楼层 (共13层) | 2005年 | 4室2厅 | 195.92平米 | 南 北,https://ke-image.ljcdn.com/110000-inspection/pc1_MkizFOKMW_1.jpg!m_fill,w_280,h_210,f_jpg?from=ke.com
20231124,朝阳,百子湾,101121437823,精装修南北三居室2008年板楼社区,920万,72237元/平,低楼层 (共15层) | 2007年 | 3室1厅 | 127.36平米 | 南 北,https://ke-image.ljcdn.com/110000-inspection/pc1_aDAaM4Fhy_1.jpg!m_fill,w_280,h_210,f_jpg?from=ke.com
20231124,朝阳,百子湾,101121428969,沿海赛洛城六期 1室1厅 东 西,365万,59418元/平,低楼层 (共24层) | 2009年 | 1室1厅 | 61.43平米 | 东 西,https://ke-image.ljcdn.com/110000-inspection/f95bd4a9-d248-4ed3-9443-8682dd7954d3_1000.jpg!m_fill,w_280,h_210,f_jpg?from=ke.com
20231124,朝阳,百子湾,101121428484,满五年唯一全明格局户型规整精装入住诚售。房主自荐,576万,71103元/平,中楼层 (共11层) | 2008年 | 2室1厅 | 81.01平米 | 西南 北,https://ke-image.ljcdn.com/110000-inspection/pc1_TRbCgQzlC_1.jpg!m_fill,w_280,h_210,f_jpg?from=ke.com
20231124,朝阳,百子湾,101121412113,金都杭城东区 封闭社区 人车分流 环境好 物业好 赞,960万,91333元/平,中楼层 (共26层) | 2009年 | 2室2厅 | 105.11平米 | 南 北,https://ke-image.ljcdn.com/110000-inspection/ee40e5c2-a1ab-4461-b57c-91b03ad0613e_1000.jpg!m_fill,w_280,h_210,f_jpg?from=ke.com
20231124,朝阳,百子湾,101121404822,建工动力苑 高楼层 满五唯一  诚意出售   看房方便,638万,72732元/平,中楼层 (共18层) 2室1厅 | 87.72平米 | 南 北,https://ke-image.ljcdn.com/110000-inspection/pc1_jpf7zl4fb_1.jpg!m_fill,w_280,h_210,f_jpg?from=ke.com
20231124,朝阳,百子湾,101121389231,美利山东南大两居室 落地窗 满五唯一 中高楼层采光好,589万,59864元/平,中楼层 (共24层) 2室1厅 | 98.39平米 | 东南,https://ke-image.ljcdn.com/110000-inspection/pc1_mOqXUthQ6_1.jpg!m_fill,w_280,h_210,f_jpg?from=ke.com
20231124,朝阳,百子湾,101121380268,东四环 精装三居室 位置好观小区花园房主自荐,825万,57997元/平,中楼层 (共23层) | 2005年 | 3室1厅 | 142.25平米 | 东南 北,https://ke-image.ljcdn.com/110000-inspection/pc1_yLceZCpik_1.jpg!m_fill,w_280,h_210,f_jpg?from=ke.com
20231124,朝阳,百子湾,101121374782,满五唯一商品房 户型方正 业主诚意出售,335万,58670元/平,低楼层 (共6层) | 2006年 | 1室1厅 | 57.1平米 | 南,https://ke-image.ljcdn.com/110000-inspection/5a0891e0-8903-443e-b915-cd84727af90a_1000.jpg!m_fill,w_280,h_210,f_jpg?from=ke.com
20231124,朝阳,百子湾,101121356774,建工动力苑 1室1厅 南,465万,69538元/平,中楼层 (共18层) 1室1厅 | 66.87平米 | 南,https://ke-image.ljcdn.com/110000-inspection/pc1_GN9bfB0Af.jpg!m_fill,w_280,h_210,f_jpg?from=ke.com
20231124,朝阳,百子湾,101121344730,金海国际北区 优质改善楼层两居室 满五唯一,810万,70191元/平,中楼层 (共12层) | 2005年 | 2室1厅 | 115.4平米 | 东 西,https://ke-image.ljcdn.com/110000-inspection/pc1_2Pzo0G7y0_1.jpg!m_fill,w_280,h_210,f_jpg?from=ke.com
20231124,朝阳,百子湾,101121334342,东四环 金海国际 全明四居室 户型方正,1238万,69865元/平,高楼层 (共13层) | 2005年 | 4室2厅 | 177.2平米 | 东 西 南,https://ke-image.ljcdn.com/110000-inspection/pc1_I9XBm0N1H.jpg!m_fill,w_280,h_210,f_jpg?from=ke.com
20231124,朝阳,百子湾,101121328619,官悦欣园B区南向两居高楼层满五唯一,646万,64730元/平,高楼层 (共27层) | 2014年 | 2室1厅 | 99.8平米 | 南,https://ke-image.ljcdn.com/110000-inspection/pc1_omGdiYzGH.jpg!m_fill,w_280,h_210,f_jpg?from=ke.com
20231124,朝阳,百子湾,101121322745,东四环广渠路东800米满五唯一户型方正2居室520万,540万,66064元/平,中楼层 (共18层) 2室1厅 | 81.74平米 | 东北,https://ke-image.ljcdn.com/110000-inspection/pc1_8iESYz5k3_1.jpg!m_fill,w_280,h_210,f_jpg?from=ke.com
20231124,朝阳,百子湾,101121290058,官悦欣园A区南向一居室高楼层带车位,388万,65574元/平,高楼层 (共22层) 1室1厅 | 59.17平米 | 南,https://ke-image.ljcdn.com/110000-inspection/pc1_39V1EjJ6K_1.jpg!m_fill,w_280,h_210,f_jpg?from=ke.com
20231124,朝阳,百子湾,101121288007,百子湾路小区高层小户型价格可以商量,189万,44660元/平,顶层 (共6层) 1室1厅 | 42.32平米 | 南,https://ke-image.ljcdn.com/110000-inspection/pc1_jMaQbInDp_1.jpg!m_fill,w_280,h_210,f_jpg?from=ke.com
20231124,朝阳,百子湾,101121275529,东西通透一居室满五年唯一无遮挡,420万,60337元/平,低楼层 (共25层) 1室1厅 | 69.61平米 | 东 西,https://ke-image.ljcdn.com/110000-inspection/pc1_mL9eiqYtF_1.jpg!m_fill,w_280,h_210,f_jpg?from=ke.com
20231124,朝阳,百子湾,101121266324,南向两居室 商品房 视野开阔 无遮挡,505万,49991元/平,低楼层 (共24层) 2室1厅 | 101.02平米 | 南,https://ke-image.ljcdn.com/110000-inspection/7aaa8e04-a878-496b-a65d-403b38f4f6fc_1000.jpg!m_fill,w_280,h_210,f_jpg?from=ke.com
20231124,朝阳,百子湾,101121266304,金海国际南区+高层视野好大一居室+看房方便,588万,73991元/平,高楼层 (共23层) | 2005年 | 1室1厅 | 79.47平米 | 西,https://ke-image.ljcdn.com/110000-inspection/pc1_QWphEGISE_1.jpg!m_fill,w_280,h_210,f_jpg?from=ke.com
20231124,朝阳,百子湾,101121261641,沿海赛洛城高层西南三居室 业主诚意出售 看房随时,750万,70153元/平,高楼层 (共24层) 3室1厅 | 106.91平米 | 西南,https://ke-image.ljcdn.com/110000-inspection/pc1_R4lZ3H3gy_1.jpg!m_fill,w_280,h_210,f_jpg?from=ke.com
20231124,朝阳,百子湾,101121258692,建工动力苑 2室1厅 南 北,625万,70910元/平,低楼层 (共18层) 2室1厅 | 88.14平米 | 南 北,https://ke-image.ljcdn.com/110000-inspection/pc1_fI2LCneiy_1.jpg!m_fill,w_280,h_210,f_jpg?from=ke.com
20231124,朝阳,百子湾,101121254197,百子湾家园一区 满五唯一正规一居室 户型方正随时看房主自荐,288万,47921元/平,底层 (共15层) | 2006年 | 1室1厅 | 60.1平米 | 北,https://ke-image.ljcdn.com/110000-inspection/pc1_VaGYIuAJo_1.jpg!m_fill,w_280,h_210,f_jpg?from=ke.com
20231124,朝阳,百子湾,101121239697,国贸附近 金都杭城 南向 两居诚意出售,740万,84466元/平,中楼层 (共26层) 2室1厅 | 87.61平米 | 南,https://ke-image.ljcdn.com/110000-inspection/pc1_Ai9M1m1TV_1.jpg!m_fill,w_280,h_210,f_jpg?from=ke.com
20231124,朝阳,百子湾,101121239451,满五年唯一 自住正规两居 看房方便 诚意出售全明格局,483万,52810元/平,中楼层 (共25层) 2室2厅 | 91.46平米 | 西 东北,https://ke-image.ljcdn.com/110000-inspection/cce9781c-4492-4f7f-94ec-436c3c702b84_1000.jpg!m_fill,w_280,h_210,f_jpg?from=ke.com
20231124,朝阳,百子湾,101121227041,金泰先锋北区 前后不临街 三居,1200万,86812元/平,高楼层 (共18层) | 2008年 | 3室2厅 | 138.23平米 | 南 北,https://ke-image.ljcdn.com/110000-inspection/6cac3090-75e1-4045-844e-93bdcc5f199d_1000.jpg!m_fill,w_280,h_210,f_jpg?from=ke.com
20231124,朝阳,百子湾,101121212385,观音景园二期 南向一居中间楼层房主自荐,270万,46908元/平,中楼层 (共6层) 1室1厅 | 57.56平米 | 南,https://ke-image.ljcdn.com/110000-inspection/ad4b8cb6-5261-4ab9-a83a-115f8f4a0325_1000.jpg!m_fill,w_280,h_210,f_jpg?from=ke.com
20231124,朝阳,百子湾,101121191722,金泰先锋南区 1室1厅 东,443.8万,65102元/平,中楼层 (共18层) | 2008年 | 1室1厅 | 68.17平米 | 东,https://ke-image.ljcdn.com/110000-inspection/pc1_HjiQvY2Ho_1.jpg!m_fill,w_280,h_210,f_jpg?from=ke.com
20231124,朝阳,百子湾,101121182515,沿海赛洛城三期 满五唯一 南北通透 精装修 业主急售,699万,77178元/平,中楼层 (共11层) | 2007年 | 2室1厅 | 90.57平米 | 北 南,https://ke-image.ljcdn.com/110000-inspection/a03836a5-e60b-4317-a1de-82eebf871a34_1000.jpg!m_fill,w_280,h_210,f_jpg?from=ke.com
20231124,朝阳,百子湾,101121153082,官悦欣园B区 全南两居  低楼层 楼龄新,600万,60133元/平,底层 (共22层) | 2014年 | 2室1厅 | 99.78平米 | 南,https://ke-image.ljcdn.com/110000-inspection/pc1_GorldS0Im_1.jpg!m_fill,w_280,h_210,f_jpg?from=ke.com
20231124,朝阳,百子湾,101121128786,沿海赛洛城六期 南北通透三居室 采光好 无遮挡,900万,65260元/平,低楼层 (共9层) 3室1厅 | 137.91平米 | 南 北,https://ke-image.ljcdn.com/110000-inspection/53bba3e9-5f93-46b4-8954-f4520dfb9169_1000.jpg!m_fill,w_280,h_210,f_jpg?from=ke.com
20231124,朝阳,百子湾,101121118354,沿海赛洛城七期 南北通透一居室 正对花园 诚意出售,445万,65116元/平,低楼层 (共22层) | 2009年 | 1室1厅 | 68.34平米 | 南 北,https://ke-image.ljcdn.com/110000-inspection/pc1_J638WVjBY_1.jpg!m_fill,w_280,h_210,f_jpg?from=ke.com
20231124,朝阳,百子湾,101121111217,金泰先锋北区 南北双通透 安静不临街房主自荐,840万,91305元/平,低楼层 (共10层) 2室2厅 | 92平米 | 南 北,https://ke-image.ljcdn.com/110000-inspection/pc1_VeUjUx3p8_1.jpg!m_fill,w_280,h_210,f_jpg?from=ke.com
20231124,朝阳,百子湾,101121106765,美利山精装两居满五年唯一  随时看诚意卖房主自荐,415万,51966元/平,低楼层 (共24层) 2室1厅 | 79.86平米 | 西北,https://ke-image.ljcdn.com/110000-inspection/pc1_YddtFJBTN_1.jpg!m_fill,w_280,h_210,f_jpg?from=ke.com
20231124,朝阳,百子湾,101121103530,南向一居室 无遮挡 满五年唯一 两梯四户 板楼,465万,65846元/平,中楼层 (共18层) 1室1厅 | 70.62平米 | 南,https://ke-image.ljcdn.com/110000-inspection/pc1_nqeGOy9F0.jpg!m_fill,w_280,h_210,f_jpg?from=ke.com
20231124,朝阳,百子湾,101121094955,建工动力苑 南向大一居 高楼层 满五唯一 随时签约,425万,63557元/平,高楼层 (共18层) 1室1厅 | 66.87平米 | 南,https://ke-image.ljcdn.com/110000-inspection/pc1_4TQ2XEZm0_1.jpg!m_fill,w_280,h_210,f_jpg?from=ke.com
20231124,朝阳,百子湾,101121083054,此房满五唯一南向一居室带阳台视野采光都很好,398万,73514元/平,中楼层 (共22层) 1室1厅 | 54.14平米 | 南,https://ke-image.ljcdn.com/110000-inspection/c5dea647-761d-4883-b8dd-bee85b5f80d2_1000.jpg!m_fill,w_280,h_210,f_jpg?from=ke.com
20231124,朝阳,百子湾,101121074627,东四环百子湾 满五年家庭唯一住房西南北双卫 高楼层房主自荐,575万,50994元/平,高楼层 (共16层) | 2006年 | 2室1厅 | 112.76平米 | 西 南 北,https://ke-image.ljcdn.com/110000-inspection/eef8723d-7639-40ee-b174-bcf5f683c2b1_1000.jpg!m_fill,w_280,h_210,f_jpg?from=ke.com
20231124,朝阳,百子湾,101121068793,沿海赛洛城精装 可拎包入住 中高楼层 满五唯一,449万,64226元/平,中楼层 (共24层) | 2011年 | 1室1厅 | 69.91平米 | 东,https://ke-image.ljcdn.com/110000-inspection/341dd418-190d-4829-9e34-e87103f25474_1000.jpg!m_fill,w_280,h_210,f_jpg?from=ke.com
20231124,朝阳,百子湾,101121065962,此房满五年唯一高层采光好视野无遮挡交通配套齐全,342万,63170元/平,中楼层 (共22层) 1室1厅 | 54.14平米 | 南,https://ke-image.ljcdn.com/110000-inspection/pc1_dJZAVfiv3_1.jpg!m_fill,w_280,h_210,f_jpg?from=ke.com
20231124,朝阳,百子湾,101121064308,观音景园一期南向一居室户型方正格局好,290万,50514元/平,低楼层 (共6层) | 2003年 | 1室1厅 | 57.41平米 | 南,https://ke-image.ljcdn.com/110000-inspection/pc1_fUdjYGkmi_1.jpg!m_fill,w_280,h_210,f_jpg?from=ke.com
20231124,朝阳,百子湾,101121054864,百子湾家园 高层采光好 方便看 价格可谈,550万,55889元/平,高楼层 (共19层) | 2006年 | 2室1厅 | 98.41平米 | 南 北,https://ke-image.ljcdn.com/110000-inspection/493938b8-51e6-4d50-80ca-ae5ec73ffc22_1000.jpg!m_fill,w_280,h_210,f_jpg?from=ke.com
20231124,朝阳,百子湾,101121051703,满五唯一东西向户型好采光好看房方便 精装修,560万,72530元/平,高楼层 (共6层) | 2007年 | 2室1厅 | 77.21平米 | 东 西,https://ke-image.ljcdn.com/110000-inspection/af1b55b5-f5ea-4f66-b39c-6d246f9b9b65_1000.jpg!m_fill,w_280,h_210,f_jpg?from=ke.com
20231124,朝阳,百子湾,101121045388,百子湾全南两居采光好满五唯一房主自荐,540万,52484元/平,低楼层 (共24层) | 2006年 | 2室2厅 | 102.89平米 | 南,https://ke-image.ljcdn.com/110000-inspection/2d01ebf1-c2d8-4809-986f-2f3595233688_1000.jpg!m_fill,w_280,h_210,f_jpg?from=ke.com
20231124,朝阳,百子湾,101121041960,沿海赛洛城二期西北两居室满五年唯一住房看房提前预约,579万,60884元/平,低楼层 (共15层) 2室1厅 | 95.1平米 | 西北,https://ke-image.ljcdn.com/110000-inspection/bd6de413-1bf9-4b5d-8e58-a190f76bdab6_1000.jpg!m_fill,w_280,h_210,f_jpg?from=ke.com
20231124,朝阳,百子湾,101121034867,金都西区 封闭社区 人车分流环境好 小区好交通好,690万,87564元/平,高楼层 (共20层) | 2006年 | 1室1厅 | 78.8平米 | 南,https://ke-image.ljcdn.com/110000-inspection/pc1_Q89ztuODK_1.jpg!m_fill,w_280,h_210,f_jpg?from=ke.com
20231124,朝阳,百子湾,101121023094,金都杭城东区 3室1厅 南 北,1385万,86256元/平,高楼层 (共11层) 3室1厅 | 160.57平米 | 南 北,https://ke-image.ljcdn.com/110000-inspection/0304b795-f941-45d7-9f41-9d159262cce7_1000.jpg!m_fill,w_280,h_210,f_jpg?from=ke.com
20231124,朝阳,百子湾,101121020509,沿海赛洛城五期南北精装修一居室仅有契税1%,429万,62996元/平,中楼层 (共11层) 1室1厅 | 68.1平米 | 南 北,https://ke-image.ljcdn.com/110000-inspection/pc1_wmexPlQqT_1.jpg!m_fill,w_280,h_210,f_jpg?from=ke.com
20231124,朝阳,百子湾,101121020479,沿海赛洛城全明三居室 双卫 前后不临街 看房方便,860万,59677元/平,低楼层 (共7层) | 2009年 | 3室1厅 | 144.11平米 | 南 北,https://ke-image.ljcdn.com/110000-inspection/pc1_VaLq9CJNK_1.jpg!m_fill,w_280,h_210,f_jpg?from=ke.com
20231124,朝阳,百子湾,101121012158,商品房 满五唯一 南向 采光充足 交通便利房主自荐,408万,58613元/平,高楼层 (共25层) 1室1厅 | 69.61平米 | 东 西,https://ke-image.ljcdn.com/110000-inspection/pc1_zu6s55zjm_1.jpg!m_fill,w_280,h_210,f_jpg?from=ke.com
20231124,朝阳,百子湾,101121011511,沿海赛洛城七期精装南北通透大三居,830万,57096元/平,低楼层 (共24层) 3室2厅 | 145.37平米 | 南 北,https://ke-image.ljcdn.com/110000-inspection/pc1_iXLpUk4vn_1.jpg!m_fill,w_280,h_210,f_jpg?from=ke.com
20231124,朝阳,百子湾,101121005326,沿海赛洛城七期东西朝向的一居室带两个阳台,450万,64637元/平,中楼层 (共8层) | 2008年 | 1室1厅 | 69.62平米 | 东 西,https://ke-image.ljcdn.com/110000-inspection/a18760a4-fd94-4b01-9cc0-936078a99c08_1000.jpg!m_fill,w_280,h_210,f_jpg?from=ke.com
20231124,朝阳,百子湾,101120998760,百子湾家园二区、对花园、高楼层、视野采光好、全南向,520万,50560元/平,高楼层 (共24层) | 2006年 | 2室1厅 | 102.85平米 | 南,https://ke-image.ljcdn.com/110000-inspection/pc1_BzHRn9Uwp_1.jpg!m_fill,w_280,h_210,f_jpg?from=ke.com
20231124,朝阳,百子湾,101120996922,满五年唯一 高楼层 东西通透两居室房主自荐,588万,69504元/平,顶层 (共8层) | 2009年 | 2室1厅 | 84.6平米 | 东 西,https://ke-image.ljcdn.com/110000-inspection/pc1_kjBgWkNz3.jpg!m_fill,w_280,h_210,f_jpg?from=ke.com
20231124,朝阳,百子湾,101120996536,东四环广渠路百子湾地铁 满五年家庭唯一住房 采光好,580万,56393元/平,高楼层 (共24层) | 2006年 | 2室2厅 | 102.85平米 | 南,https://ke-image.ljcdn.com/110000-inspection/1a69631c-c519-4611-9cf1-681a225858f2_1000.jpg!m_fill,w_280,h_210,f_jpg?from=ke.com
20231124,朝阳,百子湾,101120976477,百子湾家园二区高楼层视野佳精装一居室房主自荐,366万,58843元/平,中楼层 (共24层) | 2006年 | 1室1厅 | 62.2平米 | 北,https://ke-image.ljcdn.com/110000-inspection/9432c707-23cf-4224-9847-8640facfc2ef_1000.jpg!m_fill,w_280,h_210,f_jpg?from=ke.com
20231124,朝阳,百子湾,101120975706,满五唯一户型方正格局合理带大阳台看房方便。,585万,62460元/平,低楼层 (共24层) | 2007年 | 2室1厅 | 93.66平米 | 东北,https://ke-image.ljcdn.com/110000-inspection/pc1_B1MM8hk1l_1.jpg!m_fill,w_280,h_210,f_jpg?from=ke.com
20231124,朝阳,百子湾,101120963927,金海国际南区 满五唯一 精装修 中间楼层 随时签约,777万,54623元/平,低楼层 (共23层) | 2005年 | 3室1厅 | 142.25平米 | 西南 北,https://ke-image.ljcdn.com/110000-inspection/pc1_8VinQTTQZ_1.jpg!m_fill,w_280,h_210,f_jpg?from=ke.com
20231124,朝阳,百子湾,101120962660,金都杭城东区 2室2厅 南,765万,86043元/平,低楼层 (共26层) | 2009年 | 2室2厅 | 88.91平米 | 南,https://ke-image.ljcdn.com/110000-inspection/2df5e69b-1663-4e0d-81c2-f728ca7dfb45_1000.jpg!m_fill,w_280,h_210,f_jpg?from=ke.com
20231124,朝阳,百子湾,101120949824,百子湾家园  高层一居室  满五唯一  看花园,322万,50392元/平,高楼层 (共16层) | 2006年 | 1室1厅 | 63.9平米 | 北,https://ke-image.ljcdn.com/110000-inspection/pc1_LBFyumu9v_1.jpg!m_fill,w_280,h_210,f_jpg?from=ke.com
20231124,朝阳,百子湾,101120940942,沿海赛洛城五期 满五唯一 户型方正 精装修,390万,72680元/平,中楼层 (共25层) | 2008年 | 1室1厅 | 53.66平米 | 东,https://ke-image.ljcdn.com/110000-inspection/ad4a2924-a939-4c31-9839-57225a92320a_1000.jpg!m_fill,w_280,h_210,f_jpg?from=ke.com
20231124,朝阳,百子湾,101120938166,观音惠园 1室1厅 南,315万,55167元/平,中楼层 (共6层) 1室1厅 | 57.1平米 | 南,https://ke-image.ljcdn.com/110000-inspection/pc1_5O5ADmas2_1.jpg!m_fill,w_280,h_210,f_jpg?from=ke.com
20231124,朝阳,百子湾,101120930073,金海国际南区 高楼层不临街 装修好 拎包入住,595万,74890元/平,高楼层 (共23层) | 2005年 | 1室1厅 | 79.45平米 | 东,https://ke-image.ljcdn.com/110000-inspection/pc1_RxqD0zr7t_1.jpg!m_fill,w_280,h_210,f_jpg?from=ke.com
20231124,朝阳,百子湾,101120922530,南北一居室 满五唯一 高层无遮挡 业主诚意出售,437万,64180元/平,高楼层 (共22层) 1室1厅 | 68.09平米 | 南 北,https://ke-image.ljcdn.com/110000-inspection/pc1_9GvkSr9nT_1.jpg!m_fill,w_280,h_210,f_jpg?from=ke.com
20231124,朝阳,百子湾,101120913318,南北通透商品房采光好一层正规三居室诚意出售。房主自荐,590万,44626元/平,底层 (共6层) 3室1厅 | 132.21平米 | 南 北,https://ke-image.ljcdn.com/110000-inspection/pc1_YGPLalV2y_1.jpg!m_fill,w_280,h_210,f_jpg?from=ke.com
20231124,朝阳,百子湾,101120909176,建工动力苑 南北通透 不临街 满五唯一  随时签约,650万,74100元/平,低楼层 (共18层) 2室1厅 | 87.72平米 | 南 北,https://ke-image.ljcdn.com/110000-inspection/pc1_1BmSaHTDa_1.jpg!m_fill,w_280,h_210,f_jpg?from=ke.com
20231124,朝阳,百子湾,101120907815,东四环沿海赛洛城西向一居室 满五唯一 业主诚意出售,338万,64381元/平,低楼层 (共24层) | 2007年 | 1室1厅 | 52.5平米 | 西,https://ke-image.ljcdn.com/110000-inspection/be3ffa9d-cbb8-4fc1-ae41-7de2fb67bd15_1000.jpg!m_fill,w_280,h_210,f_jpg?from=ke.com
20231124,朝阳,百子湾,101120904380,自住装修三居室 满五唯一 业主业主诚意出售楼层视野好,740万,70557元/平,中楼层 (共24层) | 2009年 | 3室2厅 | 104.88平米 | 西南 北,https://ke-image.ljcdn.com/110000-inspection/pc1_X17jOKdVD_1.jpg!m_fill,w_280,h_210,f_jpg?from=ke.com
20231124,朝阳,百子湾,101120903588,此房满五唯一东西通透房本干净交易简单,450万,64646元/平,低楼层 (共25层) | 2008年 | 1室1厅 | 69.61平米 | 东 西,https://ke-image.ljcdn.com/110000-inspection/pc1_Bvpd5ufwI_1.jpg!m_fill,w_280,h_210,f_jpg?from=ke.com
20231124,朝阳,百子湾,101120900907,沿海赛洛城六期 3室2厅 南 北,880万,61777元/平,低楼层 (共18层) 3室2厅 | 142.45平米 | 南 北,https://ke-image.ljcdn.com/110000-inspection/c46589ae-78f1-4935-99d2-2af7769fa184_1000.jpg!m_fill,w_280,h_210,f_jpg?from=ke.com
20231124,朝阳,百子湾,101120893943,沿海赛洛城五期 1室1厅 东,370万,61780元/平,中楼层 (共25层) | 2009年 | 1室1厅 | 59.89平米 | 东,https://ke-image.ljcdn.com/110000-inspection/pc1_BPN6uSsgl_1.jpg!m_fill,w_280,h_210,f_jpg?from=ke.com
20231124,朝阳,百子湾,101120892721,金泰先锋北区 南北通透 前后左右不临街 无遮挡房主自荐,870万,94566元/平,顶层 (共10层) | 2010年 | 2室2厅 | 92平米 | 南 北,https://ke-image.ljcdn.com/110000-inspection/pc1_8oX50Tpte_1.jpg!m_fill,w_280,h_210,f_jpg?from=ke.com
20231124,朝阳,百子湾,101120892579,沿海赛洛城一期 西南两居 满五唯一,610万,74967元/平,低楼层 (共24层) | 2007年 | 2室1厅 | 81.37平米 | 西南,https://ke-image.ljcdn.com/110000-inspection/ffca1184-3ff6-44c0-8c50-80611300604d_1000.jpg!m_fill,w_280,h_210,f_jpg?from=ke.com
20231124,朝阳,百子湾,101120889015,沿海赛洛城四期 南北双线通透 采光好 双阳台 两居,720万,71585元/平,中楼层 (共7层) 2室1厅 | 100.58平米 | 南 北,https://ke-image.ljcdn.com/110000-inspection/pc1_v3DcDtzzO_1.jpg!m_fill,w_280,h_210,f_jpg?from=ke.com
20231124,朝阳,百子湾,101120886666,沿海赛洛城二期  南北通透两居 满五唯一,730万,70186元/平,中楼层 (共19层) | 2007年 | 2室1厅 | 104.01平米 | 南 北,https://ke-image.ljcdn.com/110000-inspection/prod-6eee8ec0-a984-452d-ae32-6355f6f1cb08.jpg!m_fill,w_280,h_210,f_jpg?from=ke.com
20231124,朝阳,百子湾,101120886450,金海国际南区 1室1厅 东,530万,79011元/平,顶层 (共23层) | 2005年 | 1室1厅 | 67.08平米 | 东,https://ke-image.ljcdn.com/110000-inspection/pc1_ogo35clbc_1.jpg!m_fill,w_280,h_210,f_jpg?from=ke.com
20231124,朝阳,百子湾,101120884888,观音景园一期南北两居室商品房满五唯一,365万,47688元/平,顶层 (共6层) | 2003年 | 2室1厅 | 76.54平米 | 南 北,https://ke-image.ljcdn.com/110000-inspection/pc1_34tfPxnFT_1.jpg!m_fill,w_280,h_210,f_jpg?from=ke.com
20231124,朝阳,百子湾,101120884690,广渠路百子湾地铁   户型方正一居格局好商品房,300万,50009元/平,底层 (共16层) | 2006年 | 1室1厅 | 59.99平米 | 东北,https://ke-image.ljcdn.com/110000-inspection/pc1_N4zRoHhd5_1.jpg!m_fill,w_280,h_210,f_jpg?from=ke.com
20231124,朝阳,百子湾,101120879538,百子湾家园三区低楼层适合老人两居室,485万,48496元/平,低楼层 (共16层) | 2006年 | 2室1厅 | 100.01平米 | 南,https://ke-image.ljcdn.com/110000-inspection/542401ad-8259-422a-ac8c-e04bd10c5246_1000.jpg!m_fill,w_280,h_210,f_jpg?from=ke.com
20231124,朝阳,百子湾,101120855659,自住三居层高三米双地铁上房百米楼间距,880万,58679元/平,中楼层 (共23层) | 2005年 | 3室1厅 | 149.97平米 | 西南,https://ke-image.ljcdn.com/110000-inspection/a2a54956-7c74-4500-acae-35725f7f288b_1000.jpg!m_fill,w_280,h_210,f_jpg?from=ke.com
20231124,朝阳,百子湾,101120835901,满五唯一 高楼层 视野好 户型方正 正对小区花园,498万,72060元/平,高楼层 (共19层) | 2007年 | 1室1厅 | 69.11平米 | 南,https://ke-image.ljcdn.com/110000-inspection/pc1_Saf7MnShc_1.jpg!m_fill,w_280,h_210,f_jpg?from=ke.com
20231124,朝阳,百子湾,101120830982,百子湾家园二区南向两居室中高层采光足无遮挡,545万,53011元/平,中楼层 (共22层) | 2006年 | 2室1厅 | 102.81平米 | 南,https://ke-image.ljcdn.com/110000-inspection/pc1_PZ5HomUl6_1.jpg!m_fill,w_280,h_210,f_jpg?from=ke.com
20231124,朝阳,百子湾,101120830552,沿海赛洛城三期精装修满五唯一东西通透楼层好,630万,68876元/平,中楼层 (共8层) | 2007年 | 2室1厅 | 91.47平米 | 东 西,https://ke-image.ljcdn.com/110000-inspection/b62bbd7f-36fc-4762-a83d-16042cebdafd_1000.jpg!m_fill,w_280,h_210,f_jpg?from=ke.com
20231124,朝阳,百子湾,101120825797,金泰先锋北区 全明格局 精装修 领包入住房主自荐,585万,83180元/平,中楼层 (共14层) | 2008年 | 1室1厅 | 70.33平米 | 西北,https://ke-image.ljcdn.com/110000-inspection/pc1_CaXUtEYNY_1.jpg!m_fill,w_280,h_210,f_jpg?from=ke.com
20231124,朝阳,百子湾,101120823463,金泰先锋北区 中间楼栋位置 双卫 采光视野好 带装修房主自荐,850万,93049元/平,低楼层 (共18层) 2室2厅 | 91.35平米 | 南,https://ke-image.ljcdn.com/110000-inspection/76f6c2b7-5bdf-435e-bc7b-5a0435a2aba9_1000.jpg!m_fill,w_280,h_210,f_jpg?from=ke.com
20231124,朝阳,百子湾,101120807379,高层观景正观国贸中国尊全落地窗不临街全明格局。,556万,69596元/平,高楼层 (共18层) | 2009年 | 2室1厅 | 79.89平米 | 东 西 北,https://ke-image.ljcdn.com/110000-inspection/pc1_efccGVng6_1.jpg!m_fill,w_280,h_210,f_jpg?from=ke.com
20231124,朝阳,百子湾,101120770704,江南春晓金都杭城南北通透两居室,930万,75968元/平,顶层 (共19层) 2室1厅 | 122.42平米 | 南 北,https://ke-image.ljcdn.com/110000-inspection/95dc1372-b105-49c8-bf0a-39dc2972937b_1000.jpg!m_fill,w_280,h_210,f_jpg?from=ke.com
20231124,朝阳,百子湾,101120767831,金都杭城东区  满五唯一 高楼层  视野好,950万,90399元/平,高楼层 (共26层) 2室1厅 | 105.09平米 | 南 北,https://ke-image.ljcdn.com/110000-inspection/pc1_wzOYFInpq_1.jpg!m_fill,w_280,h_210,f_jpg?from=ke.com
20231124,朝阳,百子湾,101120765365,边户全明格局 三面采光 前后花园  满五唯一 1梯2户,720万,76989元/平,中楼层 (共11层) | 2007年 | 2室1厅 | 93.52平米 | 西南 北,https://ke-image.ljcdn.com/110000-inspection/pc1_39AUe5QEA.jpg!m_fill,w_280,h_210,f_jpg?from=ke.com
20231124,朝阳,百子湾,101120729483,沿海赛洛城三期 南北通透 两居室 精装修 采光好,740万,72943元/平,中楼层 (共14层) | 2007年 | 2室1厅 | 101.45平米 | 南 北,https://ke-image.ljcdn.com/110000-inspection/pc1_ZtQFMFait.jpg!m_fill,w_280,h_210,f_jpg?from=ke.com
20231124,朝阳,百子湾,101120728192,百子湾家园三区 看花园不临街  满五唯一 户型方正,490万,53646元/平,底层 (共16层) | 2006年 | 2室1厅 | 91.34平米 | 东 西 南,https://ke-image.ljcdn.com/110000-inspection/7b94f6f8-5316-4d7b-b08c-b5cfbb5666b4_1000.jpg!m_fill,w_280,h_210,f_jpg?from=ke.com
20231124,朝阳,百子湾,101120725230,沿海赛洛城五期 通透性大一居 高层,370万,57499元/平,高楼层 (共25层) 1室1厅 | 64.35平米 | 东 西,https://ke-image.ljcdn.com/110000-inspection/pc1_zf0lWlCzR_1.jpg!m_fill,w_280,h_210,f_jpg?from=ke.com
20231124,朝阳,百子湾,101120698469,百子湾户型方正格局好中间层无遮挡精装修,330万,52987元/平,低楼层 (共24层) | 2006年 | 1室1厅 | 62.28平米 | 东北,https://ke-image.ljcdn.com/110000-inspection/pc1_MjbNSkWUu_1.jpg!m_fill,w_280,h_210,f_jpg?from=ke.com
20231124,朝阳,百子湾,101120695489,金海国际南区 南北通透 满五年 高楼层无遮挡 随时看房,1100万,67973元/平,高楼层 (共18层) | 2005年 | 3室2厅 | 161.83平米 | 南 北,https://ke-image.ljcdn.com/110000-inspection/dfb32839-cc81-4626-8ba9-4375a7eeaecb_1000.jpg!m_fill,w_280,h_210,f_jpg?from=ke.com
20231124,朝阳,百子湾,101120693959,沿海赛洛城二期南向视野好没有遮挡。,378万,67046元/平,低楼层 (共24层) | 2007年 | 1室0厅 | 56.38平米 | 南,https://ke-image.ljcdn.com/110000-inspection/pc1_dxqMgjrXX.jpg!m_fill,w_280,h_210,f_jpg?from=ke.com
20231124,朝阳,百子湾,101120691657,满五唯一楼层好户型好 无遮挡精装修带阳台,569万,65290元/平,中楼层 (共8层) 2室1厅 | 87.15平米 | 东南 北,https://ke-image.ljcdn.com/110000-inspection/pc1_8cdNRjDjv_1.jpg!m_fill,w_280,h_210,f_jpg?from=ke.com
20231124,朝阳,百子湾,101120687026,金泰先锋北区 正规一居室 明厨明卫 满五唯一,560万,79625元/平,低楼层 (共14层) | 2008年 | 1室1厅 | 70.33平米 | 西北,https://ke-image.ljcdn.com/110000-inspection/98720432-73f4-452a-884e-9dfd26a53e79_1000.jpg!m_fill,w_280,h_210,f_jpg?from=ke.com
20231124,朝阳,百子湾,101120680439,沿海赛洛城三期 1室0厅 北,330万,67402元/平,高楼层 (共14层) | 2007年 | 1室0厅 | 48.96平米 | 北,https://ke-image.ljcdn.com/110000-inspection/pc1_tUfs5kK6A_1.jpg!m_fill,w_280,h_210,f_jpg?from=ke.com
20231124,朝阳,百子湾,101120667241,金泰先锋北区 精装三居室 全明格局 领包入住 满五唯一,1200万,86624元/平,中楼层 (共16层) | 2008年 | 3室2厅 | 138.53平米 | 南 西 北,https://ke-image.ljcdn.com/110000-inspection/5866e631-1762-4411-b907-90d5f950f105_1000.jpg!m_fill,w_280,h_210,f_jpg?from=ke.com
20231124,朝阳,百子湾,101120666897,观音惠园矮板楼低密度社区南北精装两居诚意出售,475万,46762元/平,顶层 (共6层) | 2006年 | 2室2厅 | 101.58平米 | 南 北,https://ke-image.ljcdn.com/110000-inspection/pc1_k2i5ehzvg_1.jpg!m_fill,w_280,h_210,f_jpg?from=ke.com
20231124,朝阳,百子湾,101120624826,沿海赛洛城七期 1室1厅 西,360万,62349元/平,低楼层 (共8层) 1室1厅 | 57.74平米 | 西,https://ke-image.ljcdn.com/110000-inspection/fd65606e-c0da-4a25-b82e-94396a4fa65b_1000.jpg!m_fill,w_280,h_210,f_jpg?from=ke.com
20231124,朝阳,百子湾,101120613407,沿海赛洛城二期 东西两居室 满五唯一房主自荐,550万,60500元/平,顶层 (共6层) | 2007年 | 2室1厅 | 90.91平米 | 东 西,https://ke-image.ljcdn.com/110000-inspection/pc1_l5OrwAVg4_1.jpg!m_fill,w_280,h_210,f_jpg?from=ke.com
20231124,朝阳,百子湾,101120594639,百子湾家园一区、南向好位置大两居、满五年唯一、诚售,565万,54882元/平,低楼层 (共21层) | 2006年 | 2室1厅 | 102.95平米 | 南,https://ke-image.ljcdn.com/110000-inspection/pc1_lY0qbPV4D_1.jpg!m_fill,w_280,h_210,f_jpg?from=ke.com
20231124,朝阳,百子湾,101120589683,金泰先锋北区 南北双通透 拎包入住板楼 低密度社区,880万,94229元/平,低楼层 (共12层) | 2008年 | 2室1厅 | 93.39平米 | 南 北,https://ke-image.ljcdn.com/110000-inspection/pc1_j3BDlgGZG_1.jpg!m_fill,w_280,h_210,f_jpg?from=ke.com
20231124,朝阳,百子湾,101120565184,满五年唯一 精装修 高层 视野好 诚意出售,480万,58112元/平,顶层 (共25层) | 2008年 | 2室1厅 | 82.6平米 | 东南,https://ke-image.ljcdn.com/110000-inspection/pc1_AnOtOwVWX_1.jpg!m_fill,w_280,h_210,f_jpg?from=ke.com
20231124,朝阳,百子湾,101120558730,满二年 精装修 近地铁 看房方便,485万,58667元/平,低楼层 (共24层) | 2011年 | 1室2厅 | 82.67平米 | 西,https://ke-image.ljcdn.com/110000-inspection/pc1_z0HV6b94R_1.jpg!m_fill,w_280,h_210,f_jpg?from=ke.com
20231124,朝阳,百子湾,101120521952,沿海赛洛城三期满五年唯一南北通透楼层不临街,695万,75799元/平,中楼层 (共11层) | 2007年 | 2室1厅 | 91.69平米 | 南 北,https://ke-image.ljcdn.com/110000-inspection/2a4646c0-972a-4c35-863c-829129621b88_1000.jpg!m_fill,w_280,h_210,f_jpg?from=ke.com
20231124,朝阳,百子湾,101120513043,沿海赛洛城七期南北通透三居 满五年唯一,1198万,73547元/平,中楼层 (共9层) 3室2厅 | 162.89平米 | 南 北,https://ke-image.ljcdn.com/110000-inspection/pc1_NYnE7vIOk_1.jpg!m_fill,w_280,h_210,f_jpg?from=ke.com
20231124,朝阳,百子湾,101120507601,广渠路东四环外全明格局户型仅12套满五唯一全明格局,580万,74820元/平,中楼层 (共9层) | 2009年 | 2室1厅 | 77.52平米 | 东南,https://ke-image.ljcdn.com/110000-inspection/a946833c-c93a-436f-8878-2fae2cebd0dc_1000.jpg!m_fill,w_280,h_210,f_jpg?from=ke.com
20231124,朝阳,百子湾,101120495433,金海国际南区 满五唯一 精装拎包入住 高楼层视野开阔,745万,68557元/平,高楼层 (共23层) | 2005年 | 2室1厅 | 108.67平米 | 东南,https://ke-image.ljcdn.com/110000-inspection/29c2b5dd-966c-4888-ab1e-31cd84543b0d_1000.jpg!m_fill,w_280,h_210,f_jpg?from=ke.com
20231124,朝阳,百子湾,101120488251,观音景园二期 全南一居室 诚心出售,259万,44997元/平,顶层 (共6层) | 2003年 | 1室1厅 | 57.56平米 | 南,https://ke-image.ljcdn.com/110000-inspection/3edad845-d726-4303-a504-a127aeb1be9d_1000.jpg!m_fill,w_280,h_210,f_jpg?from=ke.com
20231124,朝阳,百子湾,101120485610,沿海赛洛城二期 2室1厅 西北,588万,62888元/平,低楼层 (共19层) | 2007年 | 2室1厅 | 93.5平米 | 西北,https://ke-image.ljcdn.com/110000-inspection/pc1_VQ1fG7UHH.jpg!m_fill,w_280,h_210,f_jpg?from=ke.com
20231124,朝阳,百子湾,101120481457,正规三居室 南北通透 户型方正实用 满五唯一 诚意出售,509万,37200元/平,高楼层 (共6层) | 2006年 | 3室1厅 | 136.83平米 | 南 北,https://ke-image.ljcdn.com/110000-inspection/ffcd85ce-ba84-4d37-ad0d-54e4eebce368_1000.jpg!m_fill,w_280,h_210,f_jpg?from=ke.com
20231124,朝阳,百子湾,101120468774,此房距离地铁28号线近 2011年 东向两居室 满五年唯一,500万,54915元/平,高楼层 (共24层) 2室1厅 | 91.05平米 | 东,https://ke-image.ljcdn.com/110000-inspection/pc1_mLe7VTQRG_1.jpg!m_fill,w_280,h_210,f_jpg?from=ke.com
20231124,朝阳,百子湾,101120466385,百子湾家园三区 全南向两居 东四环 近国贸,585万,57910元/平,中楼层 (共18层) 2室1厅 | 101.02平米 | 南,https://ke-image.ljcdn.com/110000-inspection/pc1_bUcZkOgEb.jpg!m_fill,w_280,h_210,f_jpg?from=ke.com
20231124,朝阳,百子湾,101120462742,纯毛坯 一天未住 美利山大一居 随时可看,485万,57595元/平,高楼层 (共24层) | 2011年 | 1室1厅 | 84.21平米 | 东,https://ke-image.ljcdn.com/110000-inspection/pc1_xE9IGhJ0h_1.jpg!m_fill,w_280,h_210,f_jpg?from=ke.com
20231124,朝阳,百子湾,101120461994,美利山 大一居 方正实用 格局合理 满五唯一,460万,55422元/平,中楼层 (共24层) 1室1厅 | 83平米 | 东,https://ke-image.ljcdn.com/110000-inspection/pc1_JQD8fJm9D.jpg!m_fill,w_280,h_210,f_jpg?from=ke.com
20231124,朝阳,百子湾,101120427058,金海国际南区+安静不临路+满五唯一装修好,798万,56099元/平,中楼层 (共23层) | 2005年 | 3室1厅 | 142.25平米 | 西南 北,https://ke-image.ljcdn.com/110000-inspection/pc1_JcCiZu14i_1.jpg!m_fill,w_280,h_210,f_jpg?from=ke.com
20231124,朝阳,百子湾,101120409627,金都杭城东区 大三居三间朝阳 紧靠东四环 CBD后花园房主自荐,1220万,84758元/平,高楼层 (共25层) | 2009年 | 3室2厅 | 143.94平米 | 南 北,https://ke-image.ljcdn.com/110000-inspection/pc1_ujl2HopUw.jpg!m_fill,w_280,h_210,f_jpg?from=ke.com
20231124,朝阳,百子湾,101120406399,沿海赛洛城三期示范区高层南北通透两居诚意出售房主自荐,700万,70268元/平,高楼层 (共14层) | 2007年 | 2室2厅 | 99.62平米 | 南 北,https://ke-image.ljcdn.com/110000-inspection/f12d995b-a908-47aa-a029-dfbdef090dfe_1000.jpg!m_fill,w_280,h_210,f_jpg?from=ke.com
20231124,朝阳,百子湾,101120402695,沿海赛洛城三期 满五唯一 精装修  采光好房主自荐,700万,92009元/平,顶层 (共11层) 2室1厅 | 76.08平米 | 南 北,https://ke-image.ljcdn.com/110000-inspection/5d568c3d-c3e8-4503-9edb-29056df16c4d_1000.jpg!m_fill,w_280,h_210,f_jpg?from=ke.com
20231124,朝阳,百子湾,101120377929,中高楼层  采光视野好 南北两居 精装修 拎包入住房主自荐,725万,75427元/平,中楼层 (共8层) | 2007年 | 2室1厅 | 96.12平米 | 南 北,https://ke-image.ljcdn.com/110000-inspection/5bc19959-2810-44bb-b187-54fd1f54d3ef_1000.jpg!m_fill,w_280,h_210,f_jpg?from=ke.com
20231124,朝阳,百子湾,101120371617,西南两居 中间楼层 满五唯一 业主诚意出售,560万,72277元/平,低楼层 (共11层) | 2007年 | 1室1厅 | 77.48平米 | 西南,https://ke-image.ljcdn.com/110000-inspection/58fd4afe-d957-4252-a8cc-509eb8cc5ccc_1000.jpg!m_fill,w_280,h_210,f_jpg?from=ke.com
20231124,朝阳,百子湾,101120369043,观音惠园南向一居 商品房 三层采光好房主自荐,365万,55463元/平,中楼层 (共6层) 1室1厅 | 65.81平米 | 南,https://ke-image.ljcdn.com/110000-inspection/4d7ea73e-dd98-4f88-8d26-36f58e1ed98a_1000.jpg!m_fill,w_280,h_210,f_jpg?from=ke.com
20231124,朝阳,百子湾,101120354120,石门村路5号院 精装1居 满5唯一,285万,41789元/平,顶层 (共5层) | 2000年 | 1室1厅 | 68.2平米 | 北,https://ke-image.ljcdn.com/110000-inspection/pc1_GMxZmWnm8_1.jpg!m_fill,w_280,h_210,f_jpg?from=ke.com
20231124,朝阳,百子湾,101120348993,金海国际楼层高 视野好装修保养 可以拎包入住诚意出售,840万,67158元/平,中楼层 (共23层) | 2005年 | 2室1厅 | 125.08平米 | 南,https://ke-image.ljcdn.com/110000-inspection/pc1_Zx8QlcRa2_1.jpg!m_fill,w_280,h_210,f_jpg?from=ke.com
20231124,朝阳,百子湾,101120326430,金泰先锋北区 南北通透两居 一梯两户板楼 精装修,830万,89402元/平,低楼层 (共12层) | 2008年 | 2室2厅 | 92.84平米 | 南 北,https://ke-image.ljcdn.com/110000-inspection/pc1_bGml1Hf2E.jpg!m_fill,w_280,h_210,f_jpg?from=ke.com
20231124,朝阳,百子湾,101120323009,沿海赛洛城一期 满五 近地铁 东西两居室,631万,68491元/平,中楼层 (共8层) | 2007年 | 2室1厅 | 92.13平米 | 东 西,https://ke-image.ljcdn.com/110000-inspection/cd6748ba-5b83-456f-b3f6-c7a81cdcc346_1000.jpg!m_fill,w_280,h_210,f_jpg?from=ke.com
20231124,朝阳,百子湾,101120312465,《赛洛城示范区三期》一居居住温馨有2个阳台,318万,62305元/平,中楼层 (共14层) 1室1厅 | 51.04平米 | 东 北,https://ke-image.ljcdn.com/110000-inspection/956bdc07-b1d9-4ffb-8c51-ad391cbe3e47_1000.jpg!m_fill,w_280,h_210,f_jpg?from=ke.com
20231124,朝阳,百子湾,101120294624,金泰先锋北区 此房满五年 高楼层视野好明卫明厨,590万,83891元/平,高楼层 (共14层) 1室1厅 | 70.33平米 | 西北,https://ke-image.ljcdn.com/110000-inspection/pc1_fZbKlg6Hj_1.jpg!m_fill,w_280,h_210,f_jpg?from=ke.com
20231124,朝阳,百子湾,101120288706,全明格局两居室精装修小区中间位置不临街观花园,630万,83323元/平,低楼层 (共6层) | 2007年 | 2室1厅 | 75.61平米 | 东 西,https://ke-image.ljcdn.com/110000-inspection/e98fbd6a-7676-4629-bc46-005943b43962_1000.jpg!m_fill,w_280,h_210,f_jpg?from=ke.com
20231124,朝阳,百子湾,101120263562,金泰先锋南区  西北两居室 业主诚意出售 看房方便,650万,76787元/平,低楼层 (共18层) | 2008年 | 2室1厅 | 84.65平米 | 西北,https://ke-image.ljcdn.com/110000-inspection/pc1_nc3uDSLxs_1.jpg!m_fill,w_280,h_210,f_jpg?from=ke.com
20231124,朝阳,百子湾,101120257554,正规两居室 南北通透 户型好 格局方正实用 诚意出售,370万,47755元/平,中楼层 (共6层) | 2002年 | 2室1厅 | 77.48平米 | 南 北,https://ke-image.ljcdn.com/110000-inspection/144ab8db-86c9-4ee8-acf7-2a19286fbca1_1000.jpg!m_fill,w_280,h_210,f_jpg?from=ke.com
20231124,朝阳,百子湾,101120241598,观音惠园商品房三居室 满五年唯一 精装修 中间层,615万,46203元/平,中楼层 (共6层) | 2008年 | 3室2厅 | 133.11平米 | 南 北,https://ke-image.ljcdn.com/110000-inspection/pc1_xJ9c20mu5_1.jpg!m_fill,w_280,h_210,f_jpg?from=ke.com
20231124,朝阳,百子湾,101120209433,建工动力苑  满五唯一  边户急售  看房方便 价格可谈房主自荐,698万,79211元/平,低楼层 (共18层) | 2017年 | 2室2厅 | 88.12平米 | 南 北,https://ke-image.ljcdn.com/110000-inspection/pc1_CJoXFtUTl_1.jpg!m_fill,w_280,h_210,f_jpg?from=ke.com
20231124,朝阳,百子湾,101120207584,三区 南排看小区大花园 满五唯一 带阳台 高层观景好,365万,57864元/平,中楼层 (共18层) | 2006年 | 1室1厅 | 63.08平米 | 北,https://ke-image.ljcdn.com/110000-inspection/74f807f1-bcfc-4209-ad7b-b90f91fc0180_1000.jpg!m_fill,w_280,h_210,f_jpg?from=ke.com
20231124,朝阳,百子湾,101120171177,沿海示范区三期 精装南北通透两居室 前后观花园,690万,77879元/平,高楼层 (共11层) | 2007年 | 2室1厅 | 88.6平米 | 南 北,https://ke-image.ljcdn.com/110000-inspection/pc1_7669x158z_2.jpg!m_fill,w_280,h_210,f_jpg?from=ke.com
20231124,朝阳,百子湾,101120138357,沿海赛洛城 西向高层一居室 采光好 无遮挡房主自荐,315万,65900元/平,高楼层 (共18层) 1室1厅 | 47.8平米 | 西,https://ke-image.ljcdn.com/110000-inspection/653bc1ae-afa4-46c2-a85f-8395b84d2cfd_1000.jpg!m_fill,w_280,h_210,f_jpg?from=ke.com
20231124,朝阳,百子湾,101120134256,金海国际南区 两居 南北通透 不临街 低单价,725万,56575元/平,底层 (共18层) | 2005年 | 2室1厅 | 128.15平米 | 南 北,https://ke-image.ljcdn.com/110000-inspection/pc1_ReAPwIv8j_1.jpg!m_fill,w_280,h_210,f_jpg?from=ke.com
20231124,朝阳,百子湾,101120110244,商品房 精装修未入住 户型方正 通透性好 诚意出售,460万,50925元/平,底层 (共6层) | 2008年 | 2室1厅 | 90.33平米 | 南 北,https://ke-image.ljcdn.com/110000-inspection/pc1_Z9xr1mT8h_1.jpg!m_fill,w_280,h_210,f_jpg?from=ke.com
20231124,朝阳,百子湾,101120093202,百子湾家园三区 商品房 安静不吵 全明格局 拐角阳台,590万,58983元/平,低楼层 (共16层) | 2006年 | 2室1厅 | 100.03平米 | 南 北,https://ke-image.ljcdn.com/110000-inspection/92649a93-e32a-491a-897d-89a57fa6bd15_1000.jpg!m_fill,w_280,h_210,f_jpg?from=ke.com
20231124,朝阳,百子湾,101120071719,满五唯一高楼层双阳台落地窗户型方正,405万,66976元/平,高楼层 (共24层) | 2009年 | 1室1厅 | 60.47平米 | 东,https://ke-image.ljcdn.com/110000-inspection/pc1_JbD2ilQ8R_1.jpg!m_fill,w_280,h_210,f_jpg?from=ke.com
20231124,朝阳,百子湾,101120036626,百子湾家园一区 满五唯一 精装修 商品房房主自荐,620万,55876元/平,中楼层 (共16层) | 2006年 | 2室1厅 | 110.96平米 | 东南 北,https://ke-image.ljcdn.com/110000-inspection/pc1_eFGesAeUm_1.jpg!m_fill,w_280,h_210,f_jpg?from=ke.com
20231124,朝阳,百子湾,101120009676,建工动力苑 满五唯一  2017年入住小区  业主换房急售,622万,70908元/平,中楼层 (共18层) 2室1厅 | 87.72平米 | 南 北,https://ke-image.ljcdn.com/110000-inspection/pc1_ldKU65u4Q_1.jpg!m_fill,w_280,h_210,f_jpg?from=ke.com
20231124,朝阳,百子湾,101119999685,观音惠园南北通透三居室明厨明卫满五唯一精装修。,490万,39135元/平,中楼层 (共6层) 3室1厅 | 125.21平米 | 东 南 北,https://ke-image.ljcdn.com/110000-inspection/pc1_nQbsTLKwr_1.jpg!m_fill,w_280,h_210,f_jpg?from=ke.com
20231124,朝阳,百子湾,101119997443,百子湾家园三区 1室1厅 北,310万,51402元/平,底层 (共16层) | 2006年 | 1室1厅 | 60.31平米 | 北,https://ke-image.ljcdn.com/110000-inspection/b77e7796-55a7-4fb5-b7bc-1f43a1acdc5a_1000.jpg!m_fill,w_280,h_210,f_jpg?from=ke.com
20231124,朝阳,百子湾,101119981911,美利山 满五唯一 西南三居室 采光好 视野好,580万,60772元/平,中楼层 (共24层) | 2011年 | 3室1厅 | 95.44平米 | 西南,https://ke-image.ljcdn.com/110000-inspection/a48a5077-e478-463c-a159-5053a7f4321b_1000.jpg!m_fill,w_280,h_210,f_jpg?from=ke.com
20231124,朝阳,百子湾,101119965997,中间层 无遮挡视野开阔 采光好,460万,55643元/平,中楼层 (共24层) | 2011年 | 1室1厅 | 82.67平米 | 西,https://ke-image.ljcdn.com/110000-inspection/0941e45c-efba-4d9d-806c-962f607d14a5_1000.jpg!m_fill,w_280,h_210,f_jpg?from=ke.com
20231124,朝阳,百子湾,101119926609,金海国际南区  满五年唯一看房方便诚意出售,510万,64305元/平,低楼层 (共23层) | 2005年 | 1室1厅 | 79.31平米 | 西,https://ke-image.ljcdn.com/110000-inspection/pc1_BcnImHvND_1.jpg!m_fill,w_280,h_210,f_jpg?from=ke.com
20231124,朝阳,百子湾,101119860702,观音惠园中楼层南北通透两居室 满五年唯一 诚意出售,398万,44228元/平,中楼层 (共6层) | 2008年 | 2室1厅 | 89.99平米 | 南 北,https://ke-image.ljcdn.com/110000-inspection/4f8a6445-261a-4493-bdf4-feaff9a040f4_1000.jpg!m_fill,w_280,h_210,f_jpg?from=ke.com
20231124,朝阳,百子湾,101119860482,此房满五年唯一落地大阳台南北通透双卫四居室观景,1200万,70539元/平,低楼层 (共9层) | 2009年 | 4室2厅 | 170.12平米 | 南 北,https://ke-image.ljcdn.com/110000-inspection/pc1_Xmnld5fvm_1.jpg!m_fill,w_280,h_210,f_jpg?from=ke.com
20231124,朝阳,百子湾,101119858745,水磨厂宿舍 2室2厅 南 北房主自荐,330万,46736元/平,中楼层 (共6层) 2室2厅 | 70.61平米 | 南 北,https://ke-image.ljcdn.com/110000-inspection/pc1_GaI4F7KBr_1.jpg!m_fill,w_280,h_210,f_jpg?from=ke.com
20231124,朝阳,百子湾,101119858729,金海国际南区+满五年唯一东向大一居室+看房方便房主自荐,540万,67968元/平,高楼层 (共23层) | 2005年 | 1室1厅 | 79.45平米 | 东,https://ke-image.ljcdn.com/110000-inspection/029ac0d4-116f-476b-a89e-9f12dd442743_1000.jpg!m_fill,w_280,h_210,f_jpg?from=ke.com
20231124,朝阳,百子湾,101119816624,经典南向户型 高层无遮挡 户型方正 全天采光,360万,67619元/平,高楼层 (共19层) | 2007年 | 1室1厅 | 53.24平米 | 南,https://ke-image.ljcdn.com/110000-inspection/a76ba2c5-5189-4b01-bec4-03cca2263a7c_1000.jpg!m_fill,w_280,h_210,f_jpg?from=ke.com
20231124,朝阳,百子湾,101119796174,金海国际南区南北通透全明格局小户型,438万,77140元/平,高楼层 (共23层) | 2005年 | 1室0厅 | 56.78平米 | 东 南 北,https://ke-image.ljcdn.com/110000-inspection/cec18502-dc40-4687-aa7b-c58795dbc149_1000.jpg!m_fill,w_280,h_210,f_jpg?from=ke.com
20231124,朝阳,百子湾,101119778248,百子湾家园二区对小区满五唯一诚意出售都可谈,290万,49505元/平,底层 (共22层) | 2006年 | 1室1厅 | 58.58平米 | 北,https://ke-image.ljcdn.com/110000-inspection/733b61a6-8c3d-40c4-b543-fd6a5c5fad6d_1000.jpg!m_fill,w_280,h_210,f_jpg?from=ke.com
20231124,朝阳,百子湾,101119776514,金都杭城西区 3室1厅 南 北,968万,79073元/平,高楼层 (共19层) | 2006年 | 3室1厅 | 122.42平米 | 南 北,https://ke-image.ljcdn.com/110000-inspection/fc0f2e3c-d026-46f3-bfc9-4a2427fd1cec_1000.jpg!m_fill,w_280,h_210,f_jpg?from=ke.com
20231124,朝阳,百子湾,101119770867,沿海四期经典双通透户型两居室 精装修 采光好,668万,66462元/平,顶层 (共7层) | 2008年 | 2室1厅 | 100.51平米 | 南 北,https://ke-image.ljcdn.com/110000-inspection/e69e5a9d-47e8-42a4-90e0-dbc6b2142406_1000.jpg!m_fill,w_280,h_210,f_jpg?from=ke.com
20231124,朝阳,百子湾,101119754224,北京第二制药厂宿舍  南北通透两居室  中间层 诚意卖,272万,51341元/平,中楼层 (共6层) | 1980年 | 2室1厅 | 52.98平米 | 南 北,https://ke-image.ljcdn.com/110000-inspection/8c083339-16f9-47e4-9dbd-5b0577bf2ec5_1000.jpg!m_fill,w_280,h_210,f_jpg?from=ke.com
20231124,朝阳,百子湾,101119740827,百子湾家园二区精装全南两居室,575万,55929元/平,高楼层 (共22层) | 2006年 | 2室1厅 | 102.81平米 | 南,https://ke-image.ljcdn.com/110000-inspection/36630702-27fb-4310-a1e2-ba58307ea852_1000.jpg!m_fill,w_280,h_210,f_jpg?from=ke.com
20231124,朝阳,百子湾,101119739334,全明格局两居室 满五年家庭唯一住房 业主诚意出售,547万,73325元/平,中楼层 (共24层) 2室1厅 | 74.6平米 | 东 西 北,https://ke-image.ljcdn.com/110000-inspection/pc1_YgyRirQQS_1.jpg!m_fill,w_280,h_210,f_jpg?from=ke.com
20231124,朝阳,百子湾,101119733390,观音景园一期 南北通透两居室 业主诚心出售 看房方便,420万,43860元/平,顶层 (共6层) 2室1厅 | 95.76平米 | 南 北,https://ke-image.ljcdn.com/110000-inspection/pc1_dEEXiq5cl_1.jpg!m_fill,w_280,h_210,f_jpg?from=ke.com
20231124,朝阳,百子湾,101119716378,沿海赛洛城一期 东西通透两居室 双卫,609万,67705元/平,高楼层 (共8层) 2室1厅 | 89.95平米 | 东 西,https://ke-image.ljcdn.com/110000-inspection/pc1_xKg6iH6Wz_1.jpg!m_fill,w_280,h_210,f_jpg?from=ke.com
20231124,朝阳,百子湾,101119704963,南北通透 户型方正 布局合理 满五唯一 诚意出售,425万,44457元/平,高楼层 (共6层) | 2003年 | 2室1厅 | 95.6平米 | 南 北,https://ke-image.ljcdn.com/110000-inspection/c33d0b7b-abf9-4067-bb36-45fd4cba5e98_1000.jpg!m_fill,w_280,h_210,f_jpg?from=ke.com
20231124,朝阳,百子湾,101119694747,户型好 小区绿化高 南北两居室 满五唯一,720万,68189元/平,低楼层 (共24层) | 2007年 | 2室1厅 | 105.59平米 | 南 北,https://ke-image.ljcdn.com/110000-inspection/pc1_GGEz8f0OU_1.jpg!m_fill,w_280,h_210,f_jpg?from=ke.com
20231124,朝阳,百子湾,101119689125,沿海赛洛城二期 南北通透大两居 双卫,678万,65187元/平,中楼层 (共19层) 2室1厅 | 104.01平米 | 南 北,https://ke-image.ljcdn.com/110000-inspection/pc1_dq19RHy1K.jpg!m_fill,w_280,h_210,f_jpg?from=ke.com
20231124,朝阳,百子湾,101119668450,沿海赛洛城五期 满五唯一 商品房,400万,70560元/平,中楼层 (共11层) | 2008年 | 1室1厅 | 56.69平米 | 东南,https://ke-image.ljcdn.com/110000-inspection/pc1_IpfOE9F85_1.jpg!m_fill,w_280,h_210,f_jpg?from=ke.com
20231124,朝阳,百子湾,101119653891,南北通透 户型方正 不临街 采光好 无遮挡 诚意出售,388万,40586元/平,顶层 (共6层) | 2003年 | 2室2厅 | 95.6平米 | 南 北,https://ke-image.ljcdn.com/110000-inspection/pc1_0KQGAMtXi_1.jpg!m_fill,w_280,h_210,f_jpg?from=ke.com
20231124,朝阳,百子湾,101119623927,满五唯一户型好 无遮挡装修保养好拎包入住,716万,60576元/平,低楼层 (共18层) 2室1厅 | 118.2平米 | 南 北,https://ke-image.ljcdn.com/110000-inspection/pc1_ZYHzTsPQo_1.jpg!m_fill,w_280,h_210,f_jpg?from=ke.com
20231124,朝阳,百子湾,101119608591,金海国际南区 精装修 拎包入住 户型方正匀称,1020万,66364元/平,中楼层 (共23层) | 2005年 | 3室2厅 | 153.7平米 | 南 北,https://ke-image.ljcdn.com/110000-inspection/29c4d70b-0ff2-444a-aa29-35e2881a8615_1000.jpg!m_fill,w_280,h_210,f_jpg?from=ke.com
20231124,朝阳,百子湾,101119601829,北京第二制药厂宿舍  中间层南北向两居室 看房方便,269万,50774元/平,中楼层 (共6层) | 1980年 | 2室1厅 | 52.98平米 | 南 北,https://ke-image.ljcdn.com/110000-inspection/904d3d25-3b04-4762-9bab-5267b042938d_1000.jpg!m_fill,w_280,h_210,f_jpg?from=ke.com
20231124,朝阳,百子湾,101119599029,金泰先锋北区南北通透两居 全明格局 诚意出售 可看房,835万,89411元/平,低楼层 (共12层) 2室2厅 | 93.39平米 | 南 北,https://ke-image.ljcdn.com/110000-inspection/pc1_VpnK4Dc2I_1.jpg!m_fill,w_280,h_210,f_jpg?from=ke.com
20231124,朝阳,百子湾,101119577070,百子湾家园二区、商品房满五年唯一、高楼层、对花园。,359万,57736元/平,高楼层 (共22层) | 2006年 | 1室1厅 | 62.18平米 | 北,https://ke-image.ljcdn.com/110000-inspection/pc1_88qulmpTS.jpg!m_fill,w_280,h_210,f_jpg?from=ke.com
20231124,朝阳,百子湾,101119565652,商品房 满五唯一 高层视野夜景美房主自荐,639万,64749元/平,高楼层 (共21层) | 2006年 | 2室1厅 | 98.69平米 | 南 北,https://ke-image.ljcdn.com/110000-inspection/pc1_gsPMO95sC_1.jpg!m_fill,w_280,h_210,f_jpg?from=ke.com
20231124,朝阳,百子湾,101119562126,沿海赛洛城一期两居室满五唯一精装修诚意出售。,529万,68800元/平,中楼层 (共10层) | 2007年 | 2室1厅 | 76.89平米 | 东北,https://ke-image.ljcdn.com/110000-inspection/pc1_Wtd7Di2Dk_1.jpg!m_fill,w_280,h_210,f_jpg?from=ke.com
20231124,朝阳,百子湾,101119553477,国贸商圈 高层东向一居室 满五年唯一 业主诚意卖,360万,64505元/平,高楼层 (共24层) | 2007年 | 1室1厅 | 55.81平米 | 东,https://ke-image.ljcdn.com/110000-inspection/pc1_R0klaXczU_1.jpg!m_fill,w_280,h_210,f_jpg?from=ke.com
20231124,朝阳,百子湾,101119542158,此房楼层次顶层二居 婚房装修视野宽阔,379万,63485元/平,高楼层 (共25层) 2室1厅 | 59.7平米 | 东,https://ke-image.ljcdn.com/110000-inspection/pc1_9OmN84UOx_1.jpg!m_fill,w_280,h_210,f_jpg?from=ke.com
20231124,朝阳,百子湾,101119537212,观音惠园南北通透精装修两居室满五年唯一住房。房主自荐,486万,45837元/平,底层 (共6层) | 2006年 | 2室1厅 | 106.03平米 | 南 北,https://ke-image.ljcdn.com/110000-inspection/754bbc30-fe51-48fd-9c8f-fc95a84d37da_1000.jpg!m_fill,w_280,h_210,f_jpg?from=ke.com
20231124,朝阳,百子湾,101119512131,商品房仅契税 采光好无遮挡 精装修拎包入住 诚意出售,435万,46594元/平,高楼层 (共6层) | 2005年 | 2室1厅 | 93.36平米 | 南 北,https://ke-image.ljcdn.com/110000-inspection/pc1_I9RhgABGB_2.jpg!m_fill,w_280,h_210,f_jpg?from=ke.com
20231124,朝阳,百子湾,101119510576,南北通透四居室户型好环境好小区好交通好。房主自荐,1230万,80356元/平,高楼层 (共11层) 3室2厅 | 153.07平米 | 南 北,https://ke-image.ljcdn.com/110000-inspection/pc1_T7YiuCYLn_1.jpg!m_fill,w_280,h_210,f_jpg?from=ke.com
20231124,朝阳,百子湾,101119493844,金泰先锋北区高层50万装修 中间位置不临街价格可谈！房主自荐,1112万,85876元/平,高楼层 (共18层) | 2008年 | 3室1厅 | 129.49平米 | 南 北,https://ke-image.ljcdn.com/110000-inspection/b45ca760-eaa8-425c-965b-6c8b8f75e3e4_1000.jpg!m_fill,w_280,h_210,f_jpg?from=ke.com
20231124,朝阳,百子湾,101119441197,百子湾家园三区 户型方正 商品房 带阳台,355万,57185元/平,高楼层 (共19层) | 2006年 | 1室1厅 | 62.08平米 | 北,https://ke-image.ljcdn.com/110000-inspection/pc1_Vq54WjE78_1.jpg!m_fill,w_280,h_210,f_jpg?from=ke.com
20231124,朝阳,百子湾,101119438938,沿海赛洛城五期满五唯一精装修南北通透两居室房主自荐,635万,64803元/平,低楼层 (共11层) 2室1厅 | 97.99平米 | 南 北,https://ke-image.ljcdn.com/110000-inspection/a261355c-ea99-4eb3-9b35-100d73fc282d_1000.jpg!m_fill,w_280,h_210,f_jpg?from=ke.com
20231124,朝阳,百子湾,101119430453,中高楼层 双阳台 落地窗 东南一居,458万,70614元/平,中楼层 (共8层) | 2007年 | 1室1厅 | 64.86平米 | 东南,https://ke-image.ljcdn.com/110000-inspection/464ee5c4-465a-4d8c-903a-2c4f5e71aa95_1000.jpg!m_fill,w_280,h_210,f_jpg?from=ke.com
20231124,朝阳,百子湾,101119430171,南北通透板楼  H户型双线通透 中高层采光 满五唯一,710万,70591元/平,高楼层 (共7层) | 2010年 | 2室1厅 | 100.58平米 | 南 北,https://ke-image.ljcdn.com/110000-inspection/pc1_3iwOmuEYZ.jpg!m_fill,w_280,h_210,f_jpg?from=ke.com
20231124,朝阳,百子湾,101119416204,满五唯一东西朝向中间楼层看房方便诚意卖,399万,57320元/平,中楼层 (共25层) 1室1厅 | 69.61平米 | 东 西,https://ke-image.ljcdn.com/110000-inspection/5bef8c88-89b2-4f68-9452-ba844080bda9_1000.jpg!m_fill,w_280,h_210,f_jpg?from=ke.com
20231124,朝阳,百子湾,101119413939,金都杭城东区  东北向的一居 全明格局,575万,88476元/平,中楼层 (共26层) | 2009年 | 1室1厅 | 64.99平米 | 东北,https://ke-image.ljcdn.com/110000-inspection/pc1_0CvTzAwJI_1.jpg!m_fill,w_280,h_210,f_jpg?from=ke.com
20231124,朝阳,百子湾,101119411302,金海国际南区 方正一居室满五唯一商品房诚意出售,580万,67718元/平,低楼层 (共23层) | 2005年 | 2室1厅 | 85.65平米 | 西,https://ke-image.ljcdn.com/110000-inspection/pc1_IO1FuIafV_1.jpg!m_fill,w_280,h_210,f_jpg?from=ke.com
20231124,朝阳,百子湾,101119400243,《赛洛城示范区三期》高层观景 视野开阔 随时看房,320万,65360元/平,中楼层 (共14层) 1室1厅 | 48.96平米 | 北,https://ke-image.ljcdn.com/110000-inspection/pc1_OBxE4zSXv_1.jpg!m_fill,w_280,h_210,f_jpg?from=ke.com
20231124,朝阳,百子湾,101119399748,金海国际 南北通透 满五唯一 高楼层 装修好,1260万,63872元/平,中楼层 (共13层) | 2005年 | 4室2厅 | 197.27平米 | 南 北,https://ke-image.ljcdn.com/110000-inspection/91f4bbee-0cce-42ed-8b67-6dd32970e4a8_1000.jpg!m_fill,w_280,h_210,f_jpg?from=ke.com
20231124,朝阳,百子湾,101119390844,金海国际南区 视野开阔视野好采光充足稳定出售,528万,79795元/平,高楼层 (共23层) | 2005年 | 1室1厅 | 66.17平米 | 西,https://ke-image.ljcdn.com/110000-inspection/pc1_GJjCe31jr_2.jpg!m_fill,w_280,h_210,f_jpg?from=ke.com
20231124,朝阳,百子湾,101119390169,沿海赛洛城两居双卫楼层好视野无遮挡配套齐全,610万,67688元/平,中楼层 (共8层) | 2007年 | 2室1厅 | 90.12平米 | 东南 西北,https://ke-image.ljcdn.com/110000-inspection/pc1_yYAlY9lCD_1.jpg!m_fill,w_280,h_210,f_jpg?from=ke.com
20231124,朝阳,百子湾,101119348990,东西通透格局好高楼层诚意卖环境好精装修,415万,66990元/平,顶层 (共24层) | 2009年 | 1室1厅 | 61.95平米 | 东 西,https://ke-image.ljcdn.com/110000-inspection/pc1_2lcnYgADC_1.jpg!m_fill,w_280,h_210,f_jpg?from=ke.com
20231124,朝阳,百子湾,101119317806,北京第二制药厂宿舍 南北通透 四环边,350万,52943元/平,高楼层 (共6层) | 1980年 | 2室1厅 | 66.11平米 | 南 北,https://ke-image.ljcdn.com/110000-inspection/pc1_3d0Td99fs_1.jpg!m_fill,w_280,h_210,f_jpg?from=ke.com
20231124,朝阳,百子湾,101119315090,金泰先锋北区低密度板楼社区 精装修 诚意出售 两居室,730万,85112元/平,高楼层 (共14层) | 2008年 | 2室2厅 | 85.77平米 | 东 北,https://ke-image.ljcdn.com/110000-inspection/c2647e0a-2907-402a-a996-e7248210a70b_1000.jpg!m_fill,w_280,h_210,f_jpg?from=ke.com
20231124,朝阳,百子湾,101119298759,房子满五年唯一、东西北全明格局、阳台不算面积,550万,68682元/平,顶层 (共7层) 2室1厅 | 80.08平米 | 东 西 北,https://ke-image.ljcdn.com/110000-inspection/pc1_obLek9ZA4_1.jpg!m_fill,w_280,h_210,f_jpg?from=ke.com
20231124,朝阳,百子湾,101119298362,百子湾地铁 广渠路 满五唯一 业主诚售,340万,54769元/平,高楼层 (共19层) | 2006年 | 1室1厅 | 62.08平米 | 北,https://ke-image.ljcdn.com/110000-inspection/6fc38dff-8f91-4bba-be62-1e29f51d2e74_1000.jpg!m_fill,w_280,h_210,f_jpg?from=ke.com
20231124,朝阳,百子湾,101119277883,国贸生活馆高层优质两居室视野好,780万,87730元/平,高楼层 (共26层) 2室2厅 | 88.91平米 | 南,https://ke-image.ljcdn.com/110000-inspection/pc1_bc1RBH2r2_1.jpg!m_fill,w_280,h_210,f_jpg?from=ke.com
20231124,朝阳,百子湾,101119260729,满五年唯一全明格局两居室带南向预算600万左右,578万,65511元/平,低楼层 (共22层) | 2009年 | 2室1厅 | 88.23平米 | 东南,https://ke-image.ljcdn.com/110000-inspection/3a059abc-f62a-4fc5-910e-b128126c6ec9_1000.jpg!m_fill,w_280,h_210,f_jpg?from=ke.com
20231124,朝阳,百子湾,101119259358,东南向两居室小区为数不多的户型仅有契税看房提前联系,665万,75966元/平,低楼层 (共9层) 2室2厅 | 87.54平米 | 东南,https://ke-image.ljcdn.com/110000-inspection/977ded5e-e03e-4c5b-ac35-8d87b8fe9414_1000.jpg!m_fill,w_280,h_210,f_jpg?from=ke.com
20231124,朝阳,百子湾,101119254573,满五唯一的业主诚意出售采光好双卧朝南。房主自荐,378万,41557元/平,低楼层 (共6层) 2室1厅 | 90.96平米 | 南 北,https://ke-image.ljcdn.com/110000-inspection/pc1_Zc4NptY62_1.jpg!m_fill,w_280,h_210,f_jpg?from=ke.com
20231124,朝阳,百子湾,101119253353,沿海赛洛城五期 正规大两居室 明厨明卫 高层无遮挡,500万,54669元/平,中楼层 (共25层) | 2008年 | 2室1厅 | 91.46平米 | 东 西北,https://ke-image.ljcdn.com/110000-inspection/pc1_KEPJNcRfE_1.jpg!m_fill,w_280,h_210,f_jpg?from=ke.com
20231124,朝阳,百子湾,101119251997,沿海赛洛城一期 东向一居室 精装修 高层,359万,64326元/平,高楼层 (共24层) | 2007年 | 1室1厅 | 55.81平米 | 东,https://ke-image.ljcdn.com/110000-inspection/0797ee92-f84c-4230-9d09-09cac0249ff5_1000.jpg!m_fill,w_280,h_210,f_jpg?from=ke.com
20231124,朝阳,百子湾,101119241971,观音惠园 南北通透三居室 自住装修 看房方便房主自荐,618万,45901元/平,底层 (共6层) 3室2厅 | 134.64平米 | 南 北,https://ke-image.ljcdn.com/110000-inspection/pc1_LgPVk3OAu_1.jpg!m_fill,w_280,h_210,f_jpg?from=ke.com
20231124,朝阳,百子湾,101119222833,沿海赛洛城小区东向一居室户型方正带阳台,410万,62225元/平,高楼层 (共24层) | 2011年 | 1室1厅 | 65.89平米 | 东,https://ke-image.ljcdn.com/110000-inspection/pc1_YA0munQjK_1.jpg!m_fill,w_280,h_210,f_jpg?from=ke.com
20231124,朝阳,百子湾,101119203920,观音惠园 南北通透2居 满5唯一 诚意出售,405万,45006元/平,底层 (共6层) | 2006年 | 2室1厅 | 89.99平米 | 南 北,https://ke-image.ljcdn.com/110000-inspection/pc1_z3GFTYNdz_1.jpg!m_fill,w_280,h_210,f_jpg?from=ke.com
20231124,朝阳,百子湾,101119196791,沿海七期西南向三居室刚需改善均可满足,735万,70081元/平,中楼层 (共24层) | 2009年 | 3室1厅 | 104.88平米 | 南 西,https://ke-image.ljcdn.com/110000-inspection/94d2a7a4-a6dc-46d1-9439-46896a8e8e26_1000.jpg!m_fill,w_280,h_210,f_jpg?from=ke.com
20231124,朝阳,百子湾,101119183306,金都杭城东区高层两居室钥匙房 满五唯一 业主急售,910万,86816元/平,高楼层 (共26层) | 2009年 | 2室2厅 | 104.82平米 | 南 北,https://ke-image.ljcdn.com/110000-inspection/pc1_VdUqV9Ywy_1.jpg!m_fill,w_280,h_210,f_jpg?from=ke.com
20231124,朝阳,百子湾,101119179143,南北通透格局楼层好视野宽阔采光充足配套齐全,850万,63561元/平,低楼层 (共16层) | 2009年 | 3室1厅 | 133.73平米 | 北 南,https://ke-image.ljcdn.com/110000-inspection/6c859c4c-909d-4f50-9dde-1091dcd5763a_1000.jpg!m_fill,w_280,h_210,f_jpg?from=ke.com
20231124,朝阳,百子湾,101119176806,沿海赛洛城七期精装东向大一居  不临街采光好拎包入住,406万,69784元/平,中楼层 (共24层) | 2009年 | 1室1厅 | 58.18平米 | 东,https://ke-image.ljcdn.com/110000-inspection/09d55fc9-7b56-407d-9070-a5474cd3129f_1000.jpg!m_fill,w_280,h_210,f_jpg?from=ke.com
20231124,朝阳,百子湾,101119165488,沿海赛洛城二期 南向 高楼层 视野开阔 采光很好房主自荐,359万,63676元/平,中楼层 (共24层) 1室0厅 | 56.38平米 | 南,https://ke-image.ljcdn.com/110000-inspection/6a966bec-3e08-425d-ac78-f5dba723d2f3_1000.jpg!m_fill,w_280,h_210,f_jpg?from=ke.com
20231124,朝阳,百子湾,101119161018,沿海赛洛城 南北两居室 高层视野好 观花园  自住精装房主自荐,665万,62980元/平,中楼层 (共24层) 2室1厅 | 105.59平米 | 南 北,https://ke-image.ljcdn.com/110000-inspection/18d2a34e-679c-479a-850a-22113d6bcdc3_1000.jpg!m_fill,w_280,h_210,f_jpg?from=ke.com
20231124,朝阳,百子湾,101119157178,满五唯一层高三米纯商品房社区配套成熟,530万,80097元/平,中楼层 (共23层) | 2005年 | 1室1厅 | 66.17平米 | 西,https://ke-image.ljcdn.com/110000-inspection/pc1_SG2cg6km4_1.jpg!m_fill,w_280,h_210,f_jpg?from=ke.com
20231124,朝阳,百子湾,101119154774,沿海赛洛城七期  高层南北三居 满五唯一,890万,61224元/平,高楼层 (共24层) | 2009年 | 3室2厅 | 145.37平米 | 南 北,https://ke-image.ljcdn.com/110000-inspection/6a14b739-8ab2-4320-a703-e74353260b85_1000.jpg!m_fill,w_280,h_210,f_jpg?from=ke.com
20231124,朝阳,百子湾,101119146700,商品房 满五唯一  中间位置看花园 安静 满眼绿植,515万,51470元/平,低楼层 (共16层) | 2006年 | 2室1厅 | 100.06平米 | 南,https://ke-image.ljcdn.com/110000-inspection/pc1_5e1oUuv76_1.jpg!m_fill,w_280,h_210,f_jpg?from=ke.com
20231124,朝阳,百子湾,101119146223,南北通透两居室不临街一梯两户板楼观花园。,680万,76577元/平,中楼层 (共7层) 2室1厅 | 88.8平米 | 南 北,https://ke-image.ljcdn.com/110000-inspection/511b2a1e-f30d-4447-a984-61f0c58631e0_1000.jpg!m_fill,w_280,h_210,f_jpg?from=ke.com
20231124,朝阳,百子湾,101119095139,满五唯一南北通透双卫两梯两户板楼高层视野好房主自荐,830万,57096元/平,高楼层 (共24层) | 2009年 | 3室1厅 | 145.37平米 | 南 北,https://ke-image.ljcdn.com/110000-inspection/pc1_5GQF5ttmR_1.jpg!m_fill,w_280,h_210,f_jpg?from=ke.com
20231124,朝阳,百子湾,101119091322,江南风情小区 三居室 诚意在售,1098万,88821元/平,中楼层 (共17层) 3室1厅 | 123.62平米 | 南 西 北,https://ke-image.ljcdn.com/110000-inspection/bb3f8a68-763b-4797-b2c6-e3e72c94bc8c_1000.jpg!m_fill,w_280,h_210,f_jpg?from=ke.com
20231124,朝阳,百子湾,101119077060,满五年唯一装修保养好。拎包入住 看房方便诚意出售,555万,69856元/平,低楼层 (共23层) | 2005年 | 1室1厅 | 79.45平米 | 东,https://ke-image.ljcdn.com/110000-inspection/pc1_TCSnRO1nk_1.jpg!m_fill,w_280,h_210,f_jpg?from=ke.com
20231124,朝阳,百子湾,101119056265,东西通透中高层满五唯一诚意出售,420万,64044元/平,中楼层 (共9层) | 2009年 | 1室1厅 | 65.58平米 | 东 西,https://ke-image.ljcdn.com/110000-inspection/pc1_tpVG5Qprg_1.jpg!m_fill,w_280,h_210,f_jpg?from=ke.com
20231124,朝阳,百子湾,101119042826,南向 中高层 视野好 业主诚意出售,505万,70640元/平,高楼层 (共19层) | 2007年 | 1室1厅 | 71.49平米 | 南,https://ke-image.ljcdn.com/110000-inspection/0ac4ac81-8c98-4a5a-b472-3326836bdc9e_1000.jpg!m_fill,w_280,h_210,f_jpg?from=ke.com
20231124,朝阳,百子湾,101119035720,满五唯一中高层看小区花园前后不临街房主自荐,548万,53789元/平,高楼层 (共16层) | 2006年 | 2室1厅 | 101.88平米 | 南,https://ke-image.ljcdn.com/110000-inspection/pc1_qsOWoPHdR_1.jpg!m_fill,w_280,h_210,f_jpg?from=ke.com
20231124,朝阳,百子湾,101119035091,沿海赛洛城二期 2室1厅 东 西,666万,76508元/平,高楼层 (共11层) 2室1厅 | 87.05平米 | 东 西,https://ke-image.ljcdn.com/110000-inspection/pc1_yS0biRReU_1.jpg!m_fill,w_280,h_210,f_jpg?from=ke.com
20231124,朝阳,百子湾,101119030377,深沟村1号 四环边 无遮挡  东向房主自荐,235万,46720元/平,顶层 (共5层) 2室1厅 | 50.3平米 | 东,https://ke-image.ljcdn.com/110000-inspection/pc1_dIr4CPzoR_1.jpg!m_fill,w_280,h_210,f_jpg?from=ke.com
20231124,朝阳,百子湾,101119000689,百子湾家园二区全南精装修两居室,565万,54834元/平,高楼层 (共24层) | 2006年 | 2室1厅 | 103.04平米 | 南,https://ke-image.ljcdn.com/110000-inspection/pc1_1X70SnEsp_1.jpg!m_fill,w_280,h_210,f_jpg?from=ke.com
20231124,朝阳,百子湾,101118994819,观音惠园满五唯一小区花园位置楼层好南北通透,543万,40217元/平,高楼层 (共6层) | 2006年 | 3室2厅 | 135.02平米 | 南 北,https://ke-image.ljcdn.com/110000-inspection/pc1_qlHGBF2fF_2.jpg!m_fill,w_280,h_210,f_jpg?from=ke.com
20231124,朝阳,百子湾,101118987427,金都杭城东区高层优质两居室视野好诚意出售,730万,83467元/平,高楼层 (共26层) 2室1厅 | 87.46平米 | 南,https://ke-image.ljcdn.com/110000-inspection/6475d556-e07f-44b1-8643-a0ec66147947_1000.jpg!m_fill,w_280,h_210,f_jpg?from=ke.com
20231124,朝阳,百子湾,101118973530,南北通透 俯视石门休闲公园 板楼两居房主自荐,710万,68296元/平,中楼层 (共19层) 2室1厅 | 103.96平米 | 南 北,https://ke-image.ljcdn.com/110000-inspection/4741bbc4-7647-4e66-aab0-9693260bd8b6_1000.jpg!m_fill,w_280,h_210,f_jpg?from=ke.com
20231124,朝阳,百子湾,101118966908,建工动力苑 南向 采光好高层 满五唯一 诚意出售,520万,77763元/平,高楼层 (共18层) 2室1厅 | 66.87平米 | 南,https://ke-image.ljcdn.com/110000-inspection/pc1_qx40k5Ybf_1.jpg!m_fill,w_280,h_210,f_jpg?from=ke.com
20231124,朝阳,百子湾,101118934087,东四环百子湾家园近国贸全南两居室采光好方正,588万,57193元/平,中楼层 (共22层) 2室1厅 | 102.81平米 | 南,https://ke-image.ljcdn.com/110000-inspection/pc1_bqYrIpp9L_2.jpg!m_fill,w_280,h_210,f_jpg?from=ke.com
20231124,朝阳,百子湾,101118917984,百子湾家园A区南北双线通透正对小区花园无遮挡,615万,62826元/平,低楼层 (共15层) | 2006年 | 2室1厅 | 97.89平米 | 南 北,https://ke-image.ljcdn.com/110000-inspection/8b1514e7-9edb-4209-8ff3-4668a51427af_1000.jpg!m_fill,w_280,h_210,f_jpg?from=ke.com
20231124,朝阳,百子湾,101118900719,国贸附近 金都杭城西区 南向大一居 业主诚意出售,689万,87437元/平,高楼层 (共20层) | 2006年 | 1室1厅 | 78.8平米 | 南,https://ke-image.ljcdn.com/110000-inspection/pc1_MYpZVQPIn_1.jpg!m_fill,w_280,h_210,f_jpg?from=ke.com
20231124,朝阳,百子湾,101118900659,国贸附近 金都杭城 眼镜户型两居 出售,939万,75984元/平,顶层 (共19层) 2室1厅 | 123.58平米 | 南,https://ke-image.ljcdn.com/110000-inspection/pc1_fMHOVDo1X_1.jpg!m_fill,w_280,h_210,f_jpg?from=ke.com
20231124,朝阳,百子湾,101118890203,满五年商品住房 东四环广渠路百子湾地铁,550万,53497元/平,中楼层 (共22层) | 2006年 | 2室1厅 | 102.81平米 | 南,https://ke-image.ljcdn.com/110000-inspection/f9f70960-bd3c-4c8b-a8cd-5ebb41c67384_1000.jpg!m_fill,w_280,h_210,f_jpg?from=ke.com
20231124,朝阳,百子湾,101118888122,东四环广渠路百子湾地铁 满五年家庭唯一住房 商品房,590万,57388元/平,低楼层 (共22层) | 2006年 | 2室2厅 | 102.81平米 | 南,https://ke-image.ljcdn.com/110000-inspection/e3cba20f-ab03-462c-908e-828453741a4a_1000.jpg!m_fill,w_280,h_210,f_jpg?from=ke.com
20231124,朝阳,百子湾,101118882123,沿海赛洛城七期南北通透全新装修满五年唯一房主自荐,935万,63932元/平,中楼层 (共18层) 3室1厅 | 146.25平米 | 南 北,https://ke-image.ljcdn.com/110000-inspection/pc1_ceEjhQdZW_2.jpg!m_fill,w_280,h_210,f_jpg?from=ke.com
20231124,朝阳,百子湾,101118860120,沿海赛洛城  南北一居  满五唯一商品房 采光好房主自荐,440万,64384元/平,低楼层 (共22层) | 2009年 | 1室1厅 | 68.34平米 | 南 北,https://ke-image.ljcdn.com/110000-inspection/pc1_Go1KbwzSl_1.jpg!m_fill,w_280,h_210,f_jpg?from=ke.com
20231124,朝阳,百子湾,101118859462,观音景园二期 高楼层 采光视野好 看房方便,410万,42838元/平,顶层 (共6层) | 2003年 | 2室1厅 | 95.71平米 | 南 北,https://ke-image.ljcdn.com/110000-inspection/0e0824da-43b5-47e1-b9a2-d2a7cd134ba5_1000.jpg!m_fill,w_280,h_210,f_jpg?from=ke.com
20231124,朝阳,百子湾,101118853975,百子湾三居室 南北通透 采光充足,375万,48918元/平,中楼层 (共6层) | 1999年 | 3室1厅 | 76.66平米 | 南 北,https://ke-image.ljcdn.com/110000-inspection/d754b86d-09c3-4139-b98c-dd4c5f184128_1000.jpg!m_fill,w_280,h_210,f_jpg?from=ke.com
20231124,朝阳,百子湾,101118775251,金海国际南区+满五唯一三居室+高层安静不临路房主自荐,757万,53217元/平,高楼层 (共23层) | 2005年 | 3室1厅 | 142.25平米 | 西南 北,https://ke-image.ljcdn.com/110000-inspection/pc1_WqBQYquqS_1.jpg!m_fill,w_280,h_210,f_jpg?from=ke.com
20231124,朝阳,百子湾,101118763661,金都杭城东区  东北一居 明厨明卫 装修保养好,510万,78607元/平,中楼层 (共26层) | 2009年 | 1室1厅 | 64.88平米 | 东北,https://ke-image.ljcdn.com/110000-inspection/pc1_3VdPrzlR9_2.jpg!m_fill,w_280,h_210,f_jpg?from=ke.com
20231124,朝阳,百子湾,101118754683,金泰先锋北区 全明格局南北通透三居室 业主诚意出售,1150万,87600元/平,中楼层 (共16层) | 2008年 | 3室1厅 | 131.28平米 | 南 北,https://ke-image.ljcdn.com/110000-inspection/7075398e-1ee0-4ff7-9653-890d171bf7dc_1000.jpg!m_fill,w_280,h_210,f_jpg?from=ke.com
20231124,朝阳,百子湾,101118741174,南向 满五唯一 业主诚意出售 看房方便,450万,65360元/平,低楼层 (共19层) 1室1厅 | 68.85平米 | 南,https://ke-image.ljcdn.com/110000-inspection/pc1_ve9ORVRzm.jpg!m_fill,w_280,h_210,f_jpg?from=ke.com
20231124,朝阳,百子湾,101118737266,满五唯一 东南北三居 一梯两户 户型方正 带阳台,920万,62390元/平,低楼层 (共11层) | 2008年 | 3室1厅 | 147.46平米 | 东南 北,https://ke-image.ljcdn.com/110000-inspection/c657eab0-d989-4441-86c1-193418f3c111_1000.jpg!m_fill,w_280,h_210,f_jpg?from=ke.com
20231124,朝阳,百子湾,101118730529,交通便利楼层高朝南向采光好,380万,59824元/平,中楼层 (共24层) | 2011年 | 1室1厅 | 63.52平米 | 南,https://ke-image.ljcdn.com/110000-inspection/pc1_z8riQFng7_1.jpg!m_fill,w_280,h_210,f_jpg?from=ke.com
20231124,朝阳,百子湾,101118715633,东四环广渠路百子湾地铁 满五年家庭唯一落地窗采光好,530万,51482元/平,低楼层 (共21层) | 2006年 | 2室1厅 | 102.95平米 | 南,https://ke-image.ljcdn.com/110000-inspection/efc96637-faf2-46f6-9b3a-61c3cfdbd958_1000.jpg!m_fill,w_280,h_210,f_jpg?from=ke.com
20231124,朝阳,百子湾,101118713350,满五唯一 高楼层 南向小户型 随时签约房主自荐,349万,62680元/平,中楼层 (共24层) | 2007年 | 1室1厅 | 55.68平米 | 南,https://ke-image.ljcdn.com/110000-inspection/pc1_Q4vxr0QgI.jpg!m_fill,w_280,h_210,f_jpg?from=ke.com
20231124,朝阳,百子湾,101118711908,周边配套成熟出行方便离地铁近,468万,69160元/平,高楼层 (共18层) | 2008年 | 1室0厅 | 67.67平米 | 东,https://ke-image.ljcdn.com/110000-inspection/pc1_Uzc0oIkw9_1.jpg!m_fill,w_280,h_210,f_jpg?from=ke.com
20231124,朝阳,百子湾,101118710687,南北通透正规两居室 户型方正 布局合理 满五唯一,360万,37614元/平,顶层 (共6层) | 2006年 | 2室1厅 | 95.71平米 | 南 北,https://ke-image.ljcdn.com/110000-inspection/pc1_nbFzSiQE6_1.jpg!m_fill,w_280,h_210,f_jpg?from=ke.com
20231124,朝阳,百子湾,101118702694,正规南向大1居室落地阳台套内面积64.58㎡,610万,77412元/平,中楼层 (共20层) 1室1厅 | 78.8平米 | 南,https://ke-image.ljcdn.com/110000-inspection/df9abbdf-4c05-4991-8da8-b2232556e778_1000.jpg!m_fill,w_280,h_210,f_jpg?from=ke.com
20231124,朝阳,百子湾,101118696815,观音景园南向一居室户型方便满五唯一,273万,47429元/平,顶层 (共6层) 1室1厅 | 57.56平米 | 南,https://ke-image.ljcdn.com/110000-inspection/pc1_hphcTOb0P_1.jpg!m_fill,w_280,h_210,f_jpg?from=ke.com
20231124,朝阳,百子湾,101118688576,百子湾家园三区不临街中楼层一居室,330万,52315元/平,中楼层 (共18层) | 2006年 | 1室1厅 | 63.08平米 | 北,https://ke-image.ljcdn.com/110000-inspection/2a4bb020-5e86-41b8-b85f-0d3a9ac7ecbb_1000.jpg!m_fill,w_280,h_210,f_jpg?from=ke.com
20231124,朝阳,百子湾,101118684466,百子湾家园、南北通透三居室、装修保养好、双卫双阳台,799万,59618元/平,低楼层 (共22层) | 2006年 | 3室1厅 | 134.02平米 | 南 北,https://ke-image.ljcdn.com/110000-inspection/35845ef1-69b1-4f57-aeb4-c0cb0c780032_1000.jpg!m_fill,w_280,h_210,f_jpg?from=ke.com
20231124,朝阳,百子湾,101118665823,全南向 采光好 户型方正  精装修,739万,84390元/平,低楼层 (共26层) 2室1厅 | 87.57平米 | 南,https://ke-image.ljcdn.com/110000-inspection/pc1_Z0Mym5y1q.jpg!m_fill,w_280,h_210,f_jpg?from=ke.com
20231124,朝阳,百子湾,101118665734,沿海赛洛城六期满五年唯一通透户型采光充足视野开阔,400万,64569元/平,中楼层 (共24层) | 2009年 | 1室1厅 | 61.95平米 | 东 西,https://ke-image.ljcdn.com/110000-inspection/pc1_2PExNDowM_1.jpg!m_fill,w_280,h_210,f_jpg?from=ke.com
20231124,朝阳,百子湾,101118661468,观音惠园南北通透两居中间层采光好,460万,43225元/平,中楼层 (共6层) | 2006年 | 2室1厅 | 106.42平米 | 南 北,https://ke-image.ljcdn.com/110000-inspection/pc1_CNieyAmnq_1.jpg!m_fill,w_280,h_210,f_jpg?from=ke.com
20231124,朝阳,百子湾,101118655392,南北通透户型好采光好满五唯一房主自荐,608万,70379元/平,中楼层 (共6层) | 2007年 | 2室1厅 | 86.39平米 | 南 北,https://ke-image.ljcdn.com/110000-inspection/3b38eb5a-a697-424c-87df-f1061561a28a_1000.jpg!m_fill,w_280,h_210,f_jpg?from=ke.com
20231124,朝阳,百子湾,101118646947,沿海赛洛城一期 正规大三居高楼层视野好带阳台房主自荐,810万,66134元/平,中楼层 (共18层) | 2007年 | 3室2厅 | 122.48平米 | 东 南 西,https://ke-image.ljcdn.com/110000-inspection/pc1_F1swNlTCk_1.jpg!m_fill,w_280,h_210,f_jpg?from=ke.com
20231124,朝阳,百子湾,101118615864,百子湾全明户型 边户南北四居室 地段好,1280万,64267元/平,高楼层 (共13层) | 2005年 | 4室2厅 | 199.17平米 | 南 北,https://ke-image.ljcdn.com/110000-inspection/pc1_CpzoNSwJ8_2.jpg!m_fill,w_280,h_210,f_jpg?from=ke.com
20231124,朝阳,百子湾,101118614293,百子湾家园二区、正对小区院里、户型方正、正规一居室,340万,54689元/平,低楼层 (共22层) | 2006年 | 1室1厅 | 62.17平米 | 北,https://ke-image.ljcdn.com/110000-inspection/3acb8dfa-823b-4588-9cef-ea4a8d305d0c_1000.jpg!m_fill,w_280,h_210,f_jpg?from=ke.com
20231124,朝阳,百子湾,101118596717,一层南向一居   低楼层看房方便,298万,52604元/平,底层 (共6层) 1室1厅 | 56.65平米 | 南,https://ke-image.ljcdn.com/110000-inspection/pc1_sorf6lzWR.jpg!m_fill,w_280,h_210,f_jpg?from=ke.com
20231124,朝阳,百子湾,101118591098,高层东西通透采光好视野开阔满五年唯一住宅,435万,62492元/平,高楼层 (共25层) | 2008年 | 1室1厅 | 69.61平米 | 东 西,https://ke-image.ljcdn.com/110000-inspection/11a875b4-08b8-411c-baa2-73467df8d351_1000.jpg!m_fill,w_280,h_210,f_jpg?from=ke.com
20231124,朝阳,百子湾,101118551157,沿海赛洛城精装南北大三居   视野好  无遮挡采光好,892万,65129元/平,高楼层 (共16层) | 2009年 | 3室1厅 | 136.96平米 | 南 北,https://ke-image.ljcdn.com/110000-inspection/afb8cb7b-4ef7-42aa-8866-5ddda875c3bc_1000.jpg!m_fill,w_280,h_210,f_jpg?from=ke.com
20231124,朝阳,百子湾,101118527962,满五唯一中高层采光视野好户型方正无浪费面积,658万,70708元/平,高楼层 (共24层) 2室1厅 | 93.06平米 | 东 南,https://ke-image.ljcdn.com/110000-inspection/pc1_W9w2Cn8qQ.jpg!m_fill,w_280,h_210,f_jpg?from=ke.com
20231124,朝阳,百子湾,101118515251,满五唯一、南北通透看房方便户型方正,698万,71232元/平,高楼层 (共11层) 2室1厅 | 97.99平米 | 南 北,https://ke-image.ljcdn.com/110000-inspection/pc1_Z35Sq3HDN_1.jpg!m_fill,w_280,h_210,f_jpg?from=ke.com
20231124,朝阳,百子湾,101118486698,沿海赛洛城二期南向一居室满五年中间层,355万,63999元/平,中楼层 (共19层) | 2007年 | 1室1厅 | 55.47平米 | 南,https://ke-image.ljcdn.com/110000-inspection/3f6175e8-be48-4839-b9ab-491bcb282eed_1000.jpg!m_fill,w_280,h_210,f_jpg?from=ke.com
20231124,朝阳,百子湾,101118479942,沿海赛洛城五期 满五唯一 明厨明卫,499万,54560元/平,高楼层 (共25层) 2室2厅 | 91.46平米 | 东 西北 东南,https://ke-image.ljcdn.com/110000-inspection/pc1_ZSIKmWXzE_1.jpg!m_fill,w_280,h_210,f_jpg?from=ke.com
20231124,朝阳,百子湾,101118462450,沿海赛洛城七期 东西通透 满二年 精装修,578万,68638元/平,低楼层 (共6层) | 2009年 | 2室1厅 | 84.21平米 | 东 西,https://ke-image.ljcdn.com/110000-inspection/3a2e754d-d7bd-4d06-967d-54a936072b7f_1000.jpg!m_fill,w_280,h_210,f_jpg?from=ke.com
20231124,朝阳,百子湾,101118456515,百子湾家园一区商品房 视野采光超棒 二次新装 不临街,630万,61177元/平,高楼层 (共24层) | 2006年 | 2室1厅 | 102.98平米 | 南,https://ke-image.ljcdn.com/110000-inspection/pc1_DWRkO3zcf_2.jpg!m_fill,w_280,h_210,f_jpg?from=ke.com
20231124,朝阳,百子湾,101118431977,金海国际北区 南北通透的四居 装修保养好,1220万,61120元/平,中楼层 (共13层) | 2005年 | 4室2厅 | 199.61平米 | 南 北,https://ke-image.ljcdn.com/110000-inspection/pc1_OAdNBmpp7_2.jpg!m_fill,w_280,h_210,f_jpg?from=ke.com
20231124,朝阳,百子湾,101118417090,百子湾家园二区、商品房南向大两居、满五年唯一、诚售,575万,55929元/平,低楼层 (共22层) | 2006年 | 2室1厅 | 102.81平米 | 南,https://ke-image.ljcdn.com/110000-inspection/pc1_06ir1jrOV.jpg!m_fill,w_280,h_210,f_jpg?from=ke.com
20231124,朝阳,百子湾,101118385496,观音景园一期南向一居室精装修满五唯一,320万,52572元/平,中楼层 (共6层) | 2002年 | 1室1厅 | 60.87平米 | 南,https://ke-image.ljcdn.com/110000-inspection/aea017ed-6a89-43a6-986c-43cdbc21c2c3_1000.jpg!m_fill,w_280,h_210,f_jpg?from=ke.com
20231124,朝阳,百子湾,101118379317,满五唯一 观国贸 视野宽阔 采光充足 配套齐全,430万,59590元/平,中楼层 (共8层) | 2008年 | 1室1厅 | 72.16平米 | 东 西,https://ke-image.ljcdn.com/110000-inspection/a65819c1-0992-41b1-8674-5d79af918dd8_1000.jpg!m_fill,w_280,h_210,f_jpg?from=ke.com
20231124,朝阳,百子湾,101118378938,百子湾地铁 楼层高视野好可观国贸 满五家庭唯一住房,330万,52979元/平,中楼层 (共24层) | 2006年 | 1室1厅 | 62.29平米 | 西北,https://ke-image.ljcdn.com/110000-inspection/18657311-2fd5-43b2-bd1d-fc04a58859bd_1000.jpg!m_fill,w_280,h_210,f_jpg?from=ke.com
20231124,朝阳,百子湾,101118363594,观音景园一期   中间层 南北两居房主自荐,353万,45970元/平,中楼层 (共6层) | 2003年 | 2室1厅 | 76.79平米 | 南 北,https://ke-image.ljcdn.com/110000-inspection/pc1_sOFBpXepg_1.jpg!m_fill,w_280,h_210,f_jpg?from=ke.com
20231124,朝阳,百子湾,101118338596,净高2.86米  满五唯一 观景好房  户型方正,638万,68713元/平,顶层 (共24层) 2室1厅 | 92.85平米 | 东南,https://ke-image.ljcdn.com/110000-inspection/1066c7e5-077a-4607-959c-f31367ab4778_1000.jpg!m_fill,w_280,h_210,f_jpg?from=ke.com
20231124,朝阳,百子湾,101118326749,中高楼层 满五唯一 视野好 业主诚意出售,590万,60901元/平,高楼层 (共18层) 2室2厅 | 96.88平米 | 西北,https://ke-image.ljcdn.com/110000-inspection/491cd9b9-2d3d-4eca-ba3c-d739eed49dd9_1000.jpg!m_fill,w_280,h_210,f_jpg?from=ke.com
20231124,朝阳,百子湾,101118321271,百子湾地铁 精装修小两居视野好保养好拎包入住房主自荐,387万,60564元/平,中楼层 (共16层) | 2006年 | 1室1厅 | 63.9平米 | 北,https://ke-image.ljcdn.com/110000-inspection/pc1_dW8EQaSG3_1.jpg!m_fill,w_280,h_210,f_jpg?from=ke.com
20231124,朝阳,百子湾,101118307213,金海国际 南北通透开间  满五年唯一 高层 事业采光好,420万,73996元/平,中楼层 (共23层) | 2005年 | 1室0厅 | 56.76平米 | 南 北,https://ke-image.ljcdn.com/110000-inspection/pc1_i91hrbyXJ_1.jpg!m_fill,w_280,h_210,f_jpg?from=ke.com
20231124,朝阳,百子湾,101118289047,满五唯一高楼层户型方正随时看房,540万,53009元/平,高楼层 (共16层) | 2006年 | 2室1厅 | 101.87平米 | 南,https://ke-image.ljcdn.com/110000-inspection/pc1_YwUYwbpRe.jpg!m_fill,w_280,h_210,f_jpg?from=ke.com
20231124,朝阳,百子湾,101118283839,金都杭城西区 南北通透两居室 户型好 环境好 小区好房主自荐,930万,75962元/平,中楼层 (共19层) | 2006年 | 2室1厅 | 122.43平米 | 南 北,https://ke-image.ljcdn.com/110000-inspection/45cd1344-b12d-47dc-801c-b790a92f7e67_1000.jpg!m_fill,w_280,h_210,f_jpg?from=ke.com
20231124,朝阳,百子湾,101118253118,金海国际南区 此房高楼层视野好无遮挡随时签约。,598万,69803元/平,中楼层 (共23层) | 2005年 | 1室1厅 | 85.67平米 | 西北,https://ke-image.ljcdn.com/110000-inspection/b8891183-209b-43f4-89d2-5417464f0510_1000.jpg!m_fill,w_280,h_210,f_jpg?from=ke.com
20231124,朝阳,百子湾,101118244430,金泰先锋南区 2室1厅 西南,758万,82240元/平,高楼层 (共18层) | 2008年 | 2室1厅 | 92.17平米 | 西南,https://ke-image.ljcdn.com/110000-inspection/pc1_TwOSNtvUt_1.jpg!m_fill,w_280,h_210,f_jpg?from=ke.com
20231124,朝阳,百子湾,101118193459,沿海赛洛城七期 满五年唯一三居室中间层对小区,697万,67743元/平,低楼层 (共24层) 3室1厅 | 102.89平米 | 南 西,https://ke-image.ljcdn.com/110000-inspection/pc1_qrfW1EgMY.jpg!m_fill,w_280,h_210,f_jpg?from=ke.com
20231124,朝阳,百子湾,101118184221,建工动力苑 2018年社区正规两居室边户,660万,74712元/平,低楼层 (共18层) 2室1厅 | 88.34平米 | 南 北,https://ke-image.ljcdn.com/110000-inspection/38fb21ea-04de-4509-b0f6-a1588db0d216_1000.jpg!m_fill,w_280,h_210,f_jpg?from=ke.com
20231124,朝阳,百子湾,101118177881,沿海赛洛城二期西南向两居室客厅和卧室带大阳台,655万,65045元/平,中楼层 (共19层) | 2007年 | 2室1厅 | 100.7平米 | 西南,https://ke-image.ljcdn.com/110000-inspection/06bf3b1a-4b3e-4e85-a385-cabb77ea1925_1000.jpg!m_fill,w_280,h_210,f_jpg?from=ke.com
20231124,朝阳,百子湾,101118177031,金海国际南区 2室1厅 南,835万,66779元/平,中楼层 (共23层) | 2005年 | 2室1厅 | 125.04平米 | 南,https://ke-image.ljcdn.com/110000-inspection/pc1_GFJOntY87.jpg!m_fill,w_280,h_210,f_jpg?from=ke.com
20231124,朝阳,百子湾,101118168770,金海国际南区 高楼层 不临街 满五年唯一 诚意卖,730万,66998元/平,高楼层 (共23层) | 2005年 | 2室2厅 | 108.96平米 | 西,https://ke-image.ljcdn.com/110000-inspection/pc1_xmE82tsz9.jpg!m_fill,w_280,h_210,f_jpg?from=ke.com
20231124,朝阳,百子湾,101118156916,观音惠园南北通透两居室满五年唯一诚意出售,379万,37746元/平,顶层 (共6层) 2室1厅 | 100.41平米 | 南 北,https://ke-image.ljcdn.com/110000-inspection/747dc809-cb43-4498-af95-2e7f44bcd660_1000.jpg!m_fill,w_280,h_210,f_jpg?from=ke.com
20231124,朝阳,百子湾,101118150163,金海国际 全明格局一居室高楼层 拎包入住 随时签约房主自荐,585万,68302元/平,中楼层 (共23层) | 2005年 | 1室1厅 | 85.65平米 | 东,https://ke-image.ljcdn.com/110000-inspection/pc1_lP7bF8qDO_1.jpg!m_fill,w_280,h_210,f_jpg?from=ke.com
20231124,朝阳,百子湾,101118143478,建工动力苑 南向一居室 满五唯一 两梯四户 看房方便,490万,73277元/平,中楼层 (共18层) 1室1厅 | 66.87平米 | 南,https://ke-image.ljcdn.com/110000-inspection/b2592524-29e7-4e66-b2e7-99c8780db0f9_1000.jpg!m_fill,w_280,h_210,f_jpg?from=ke.com
20231124,朝阳,百子湾,101118123111,东南北精装三居室满五年唯一双卧+客厅朝南,855万,64602元/平,低楼层 (共14层) | 2007年 | 3室1厅 | 132.35平米 | 东南,https://ke-image.ljcdn.com/110000-inspection/pc1_BYarsFjjH_1.jpg!m_fill,w_280,h_210,f_jpg?from=ke.com
20231124,朝阳,百子湾,101118101656,沿海赛洛城二期高层东南两居 户型方正.满五唯一,745万,80237元/平,高楼层 (共24层) | 2007年 | 2室1厅 | 92.85平米 | 东南,https://ke-image.ljcdn.com/110000-inspection/9b850043-6890-4251-8e48-fed9e0b0114f_1000.jpg!m_fill,w_280,h_210,f_jpg?from=ke.com
20231124,朝阳,百子湾,101118081168,百子湾家园三区 客厅拐角阳台 中间层 视野采光好,630万,55249元/平,中楼层 (共16层) | 2006年 | 2室1厅 | 114.03平米 | 南 北 东,https://ke-image.ljcdn.com/110000-inspection/pc1_cOpOEd0qo_1.jpg!m_fill,w_280,h_210,f_jpg?from=ke.com
20231124,朝阳,百子湾,101118078124,满五唯一 三层边户全明双卫双南卧 南北通透三居室房主自荐,618万,43106元/平,中楼层 (共6层) 3室2厅 | 143.37平米 | 东 南 北,https://ke-image.ljcdn.com/110000-inspection/pc1_Mk0XETm9K.jpg!m_fill,w_280,h_210,f_jpg?from=ke.com
20231124,朝阳,百子湾,101118075139,金泰先锋北区 南北三居室 低密度社区 近地铁交通方便,1060万,81683元/平,低楼层 (共16层) | 2008年 | 3室2厅 | 129.77平米 | 南 北,https://ke-image.ljcdn.com/110000-inspection/pc1_5CPLbNADB.jpg!m_fill,w_280,h_210,f_jpg?from=ke.com
20231124,朝阳,百子湾,101118060217,沿海赛洛城五期精装东西大一居室  高楼层 视野好,395万,59453元/平,高楼层 (共25层) | 2008年 | 1室1厅 | 66.44平米 | 东 西,https://ke-image.ljcdn.com/110000-inspection/9f5515d7-0d20-45e1-a6fc-6ad5d0116744_1000.jpg!m_fill,w_280,h_210,f_jpg?from=ke.com
20231124,朝阳,百子湾,101118049140,观音景园一期 全南一居室 业主诚心出售 看房方便,325万,53393元/平,中楼层 (共6层) | 2002年 | 1室1厅 | 60.87平米 | 南,https://ke-image.ljcdn.com/110000-inspection/3644b0d5-5b5f-48b6-aca0-45fceaae3ce3_1000.jpg!m_fill,w_280,h_210,f_jpg?from=ke.com
20231124,朝阳,百子湾,101118043035,百子湾家园一区一居室高楼层 业主诚意出售,370万,58186元/平,中楼层 (共16层) | 2006年 | 1室1厅 | 63.59平米 | 北,https://ke-image.ljcdn.com/110000-inspection/pc1_EYdW2W5AZ_1.jpg!m_fill,w_280,h_210,f_jpg?from=ke.com
20231124,朝阳,百子湾,101118034811,沿海赛洛城一期三居两卫正观花园房主自荐,700万,55149元/平,低楼层 (共24层) | 2007年 | 3室1厅 | 126.93平米 | 东北,https://ke-image.ljcdn.com/110000-inspection/pc1_3AWvbC0Ch_1.jpg!m_fill,w_280,h_210,f_jpg?from=ke.com
20231124,朝阳,百子湾,101118026217,金海国际南区  视野开阔诚意出售看房方便,500万,62917元/平,中楼层 (共23层) | 2005年 | 1室1厅 | 79.47平米 | 西,https://ke-image.ljcdn.com/110000-inspection/4bf9556e-a99b-41b0-aab0-ab2ce68c317f_1000.jpg!m_fill,w_280,h_210,f_jpg?from=ke.com
20231124,朝阳,百子湾,101117988596,沿海赛洛城七期 东南三居室 无遮挡 带大阳台房主自荐,685万,61991元/平,顶层 (共24层) | 2009年 | 3室1厅 | 110.5平米 | 东南,https://ke-image.ljcdn.com/110000-inspection/pc1_gzodixU5l_1.jpg!m_fill,w_280,h_210,f_jpg?from=ke.com
20231124,朝阳,百子湾,101117950551,金海国际北区 眼睛户型 客厅主卧落地窗 满五唯一,757万,59724元/平,中楼层 (共12层) | 2005年 | 2室2厅 | 126.75平米 | 西,https://ke-image.ljcdn.com/110000-inspection/065173f4-911b-43ed-886e-287e19811737_1000.jpg!m_fill,w_280,h_210,f_jpg?from=ke.com
20231124,朝阳,百子湾,101117923673,满五年唯一南向无遮挡采光好诚意卖随时签约。,425万,63557元/平,低楼层 (共18层) 1室1厅 | 66.87平米 | 南,https://ke-image.ljcdn.com/110000-inspection/78495e76-29f8-48fc-befe-44fbe3f10638_1000.jpg!m_fill,w_280,h_210,f_jpg?from=ke.com
20231124,朝阳,百子湾,101117915875,南北通透 满五唯一 观景三居 随时签约房主自荐,728万,66146元/平,顶层 (共4层) 3室1厅 | 110.06平米 | 南 北,https://ke-image.ljcdn.com/110000-inspection/1ba1ae15-ffc3-4a90-acc8-c66bb1845873_1000.jpg!m_fill,w_280,h_210,f_jpg?from=ke.com
20231124,朝阳,百子湾,101117909915,金都杭城东区 东南两居室 诚意出售,775万,88461元/平,中楼层 (共26层) | 2009年 | 2室1厅 | 87.61平米 | 东南,https://ke-image.ljcdn.com/110000-inspection/pc1_xHyModsgy_1.jpg!m_fill,w_280,h_210,f_jpg?from=ke.com
20231124,朝阳,百子湾,101117884124,沿海赛洛城一期东南朝向的三居室带阳台,790万,57176元/平,顶层 (共4层) | 2007年 | 3室1厅 | 138.17平米 | 东南,https://ke-image.ljcdn.com/110000-inspection/a25e80bd-8956-4011-8a35-a1d51709125b_1000.jpg!m_fill,w_280,h_210,f_jpg?from=ke.com
20231124,朝阳,百子湾,101117879043,沿海赛洛城五期精装南北通透两居房主自荐,615万,62762元/平,低楼层 (共11层) | 2008年 | 2室1厅 | 97.99平米 | 南 北,https://ke-image.ljcdn.com/110000-inspection/pc1_4sWYiiAXV_1.jpg!m_fill,w_280,h_210,f_jpg?from=ke.com
20231124,朝阳,百子湾,101117867164,金泰先锋北区 西南北朝向5居 视野采光好 好位置房主自荐,1670万,87061元/平,高楼层 (共10层) | 2010年 | 5室2厅 | 191.82平米 | 西 南 北,https://ke-image.ljcdn.com/110000-inspection/d340598d-3cb0-42ae-86d5-fe1eb8847712_1000.jpg!m_fill,w_280,h_210,f_jpg?from=ke.com
20231124,朝阳,百子湾,101117840155,房子是商品房高楼层视野好没有遮挡采光好房主自荐,319万,63724元/平,顶层 (共11层) | 2008年 | 1室1厅 | 50.06平米 | 南,https://ke-image.ljcdn.com/110000-inspection/f66875e3-73e6-484b-86c2-1a93f4c849e9_1000.jpg!m_fill,w_280,h_210,f_jpg?from=ke.com
20231124,朝阳,百子湾,101117819367,观音景园一期 采光好 视野佳 大阳台户型,280万,46000元/平,高楼层 (共6层) | 2002年 | 1室1厅 | 60.87平米 | 南,https://ke-image.ljcdn.com/110000-inspection/94eaae51-0ecd-4b77-9b86-493e49afa8ce_1000.jpg!m_fill,w_280,h_210,f_jpg?from=ke.com
20231124,朝阳,百子湾,101117810776,百子湾家园一区 中间楼层 满五唯一 面对花园 不临街,570万,55351元/平,中楼层 (共24层) | 2006年 | 2室1厅 | 102.98平米 | 南,https://ke-image.ljcdn.com/110000-inspection/c557b353-0f7c-41a6-8675-0a6a248914f8_1000.jpg!m_fill,w_280,h_210,f_jpg?from=ke.com
20231124,朝阳,百子湾,101117797353,满五唯一户型方正采光充足视野开阔,720万,68966元/平,高楼层 (共11层) | 2008年 | 2室1厅 | 104.4平米 | 东南,https://ke-image.ljcdn.com/110000-inspection/bc77ceb0-1c58-462f-995b-d67583f0b0da_1000.jpg!m_fill,w_280,h_210,f_jpg?from=ke.com
20231124,朝阳,百子湾,101117791497,金海国际南区 通透三居室两梯两户满五年唯一,1250万,67255元/平,高楼层 (共18层) | 2005年 | 3室2厅 | 185.86平米 | 南 北,https://ke-image.ljcdn.com/110000-inspection/2b833172-5931-4911-b7bb-0f35796cacaf_1000.jpg!m_fill,w_280,h_210,f_jpg?from=ke.com
20231124,朝阳,百子湾,101117739271,沿海赛洛城五期、南北通透板楼、满五年唯一、双卫,677万,69117元/平,中楼层 (共7层) | 2008年 | 2室1厅 | 97.95平米 | 南 北,https://ke-image.ljcdn.com/110000-inspection/pc1_euAIv9jp0.jpg!m_fill,w_280,h_210,f_jpg?from=ke.com
20231124,朝阳,百子湾,101117734121,东四环边满五唯一精装修2居室新装修可提包入住,558万,74799元/平,中楼层 (共24层) | 2009年 | 2室1厅 | 74.6平米 | 东 西 北,https://ke-image.ljcdn.com/110000-inspection/pc1_O0OUIuEY5_1.jpg!m_fill,w_280,h_210,f_jpg?from=ke.com
20231124,朝阳,百子湾,101117719279,国企集团开发金泰物业交通方便出门就是地铁,430万,63208元/平,中楼层 (共18层) | 2008年 | 1室0厅 | 68.03平米 | 西,https://ke-image.ljcdn.com/110000-inspection/e1c8a5f0-2415-4b83-81ed-c19055eeb402_1000.jpg!m_fill,w_280,h_210,f_jpg?from=ke.com
20231124,朝阳,百子湾,101117698563,沿海赛洛城一期南向一居室满五年户型好诚意出售,470万,66847元/平,低楼层 (共18层) | 2007年 | 1室1厅 | 70.31平米 | 南,https://ke-image.ljcdn.com/110000-inspection/e711926e-009f-4178-9945-804521735ca2_1000.jpg!m_fill,w_280,h_210,f_jpg?from=ke.com
20231124,朝阳,百子湾,101117681281,百子湾家园一区 商品房 高层 装修保养好,780万,72283元/平,顶层 (共24层) | 2006年 | 3室2厅 | 107.91平米 | 南 北,https://ke-image.ljcdn.com/110000-inspection/7feac7a5-1de2-48c3-9bda-9cd9ef441d90_1000.jpg!m_fill,w_280,h_210,f_jpg?from=ke.com
20231124,朝阳,百子湾,101117679559,满五唯一  高楼层 业主诚意出售,395万,58502元/平,中楼层 (共24层) | 2011年 | 1室1厅 | 67.52平米 | 东,https://ke-image.ljcdn.com/110000-inspection/605ccf43-1d4e-436c-9df2-0d786ae6759c_1000.jpg!m_fill,w_280,h_210,f_jpg?from=ke.com
20231124,朝阳,百子湾,101117662799,沿海赛洛城七期南北三居室 中楼层视野无遮挡,848万,58971元/平,中楼层 (共18层) | 2009年 | 3室1厅 | 143.8平米 | 南 北,https://ke-image.ljcdn.com/110000-inspection/pc1_WEEQdZAez_1.jpg!m_fill,w_280,h_210,f_jpg?from=ke.com
20231124,朝阳,百子湾,101117631573,次顶层无遮挡 采光充足 南向观花园 精装拎包入住,720万,76940元/平,高楼层 (共8层) 2室1厅 | 93.58平米 | 南 北,https://ke-image.ljcdn.com/110000-inspection/9d8870fe-04b2-4f07-ab12-9c4f848029f4_1000.jpg!m_fill,w_280,h_210,f_jpg?from=ke.com
20231124,朝阳,百子湾,101117618498,百子湾东里   采光好  南北通透  正规小三居,745万,73198元/平,中楼层 (共8层) | 2007年 | 3室1厅 | 101.78平米 | 南 北,https://ke-image.ljcdn.com/110000-inspection/00d4246e-8b7a-460e-a967-32f36d982b1b_1000.jpg!m_fill,w_280,h_210,f_jpg?from=ke.com
20231124,朝阳,百子湾,101117598158,东西正规一居室 东西不遮挡 楼层位置好 看房预约,390万,56976元/平,中楼层 (共25层) | 2008年 | 1室2厅 | 68.45平米 | 东 西,https://ke-image.ljcdn.com/110000-inspection/pc1_ngqLKxEoP_2.jpg!m_fill,w_280,h_210,f_jpg?from=ke.com
20231124,朝阳,百子湾,101117569787,东四环百子湾正规大两居明厨明卫高层无遮挡,455万,50867元/平,顶层 (共25层) | 2008年 | 2室1厅 | 89.45平米 | 东南 西北,https://ke-image.ljcdn.com/110000-inspection/8f79d44f-a3e5-45d4-a875-3b9e2dded0ad_1000.jpg!m_fill,w_280,h_210,f_jpg?from=ke.com
20231124,朝阳,百子湾,101117566400,沿海赛洛城三期楼层好无遮挡视野好诚意出售,323万,65973元/平,中楼层 (共14层) | 2007年 | 1室0厅 | 48.96平米 | 北,https://ke-image.ljcdn.com/110000-inspection/pc1_aTB8ZdZb6_1.jpg!m_fill,w_280,h_210,f_jpg?from=ke.com
20231124,朝阳,百子湾,101117549141,百子湾家园  高层南向两居 满五唯一  商品房,565万,54935元/平,高楼层 (共24层) | 2006年 | 2室1厅 | 102.85平米 | 南,https://ke-image.ljcdn.com/110000-inspection/17830656-cc9e-4249-9972-de9b70a02922_1000.jpg!m_fill,w_280,h_210,f_jpg?from=ke.com
20231124,朝阳,百子湾,101117529610,百子湾东里 南向一居室满五年唯一房主自荐,319万,61252元/平,低楼层 (共11层) | 2008年 | 1室1厅 | 52.08平米 | 南,https://ke-image.ljcdn.com/110000-inspection/2b2f37bf-616e-4dc4-889a-61408af466c6_1000.jpg!m_fill,w_280,h_210,f_jpg?from=ke.com
20231124,朝阳,百子湾,101117524389,金海国际南区+南北通透三居室+业主诚意房主自荐,1088万,67232元/平,中楼层 (共18层) | 2005年 | 3室1厅 | 161.83平米 | 南 北,https://ke-image.ljcdn.com/110000-inspection/73beaf8d-53da-4e9d-ba06-44bc54da5ada_1000.jpg!m_fill,w_280,h_210,f_jpg?from=ke.com
20231124,朝阳,百子湾,101117516531,建工动力苑 南向大一居 满五唯一 随时看房 诚意卖,420万,62706元/平,低楼层 (共18层) 1室1厅 | 66.98平米 | 南,https://ke-image.ljcdn.com/110000-inspection/e0cd7c74-085c-4dde-a249-a5e0bfb3acac_1000.jpg!m_fill,w_280,h_210,f_jpg?from=ke.com
20231124,朝阳,百子湾,101117492666,金海国际南区  安静舒适不临街看房方便诚意出售房主自荐,539万,62931元/平,低楼层 (共23层) | 2005年 | 1室1厅 | 85.65平米 | 西,https://ke-image.ljcdn.com/110000-inspection/pc1_QJZeIBKKy_1.jpg!m_fill,w_280,h_210,f_jpg?from=ke.com
20231124,朝阳,百子湾,101117439463,金都杭城东区 满五唯一 户型方正房主自荐,1200万,83519元/平,中楼层 (共25层) | 2009年 | 3室2厅 | 143.68平米 | 南 北,https://ke-image.ljcdn.com/110000-inspection/353f2bb2-cf5b-4116-adbc-3c11d7fd2842_1000.jpg!m_fill,w_280,h_210,f_jpg?from=ke.com
20231124,朝阳,百子湾,101117422305,满五唯一 房子南北通透中间的楼前后花园 不临街,1770万,109829元/平,低楼层 (共11层) | 2009年 | 3室1厅 | 161.16平米 | 南 北,https://ke-image.ljcdn.com/110000-inspection/1cd37920-5a8f-4252-9cf3-8e5f7cb6333f_1000.jpg!m_fill,w_280,h_210,f_jpg?from=ke.com
20231124,朝阳,百子湾,101117387944,金海国际南区+满五唯一+东向大一居室+采光好,570万,70580元/平,高楼层 (共23层) | 2005年 | 1室1厅 | 80.76平米 | 东,https://ke-image.ljcdn.com/110000-inspection/51124dc5-2eb4-4c11-919f-2ee0e3a61ef5_1000.jpg!m_fill,w_280,h_210,f_jpg?from=ke.com
20231124,朝阳,百子湾,101117383366,百子湾路小区 南北3居室 满5年住房 配套好,292万,46490元/平,顶层 (共6层) | 1980年 | 3室0厅 | 62.81平米 | 西南 北,https://ke-image.ljcdn.com/110000-inspection/prod-fc63e0fb-1ece-4442-88bb-f53e07d0644d.jpg!m_fill,w_280,h_210,f_jpg?from=ke.com
20231124,朝阳,百子湾,101117346624,高楼层采光好视野无遮挡户型方正,300万,52256元/平,中楼层 (共6层) | 2003年 | 1室1厅 | 57.41平米 | 南,https://ke-image.ljcdn.com/110000-inspection/2bac4b4a-2799-4677-b43a-0011e425b8b8_1000.jpg!m_fill,w_280,h_210,f_jpg?from=ke.com
20231124,朝阳,百子湾,101117270731,沿海赛洛城二期南北通透三居室带6米阳台,790万,62029元/平,低楼层 (共15层) | 2007年 | 3室1厅 | 127.36平米 | 北 南,https://ke-image.ljcdn.com/110000-inspection/pc1_yDFkkjn0z.jpg!m_fill,w_280,h_210,f_jpg?from=ke.com
20231124,朝阳,百子湾,101117244590,沿海赛洛城六期精装修南北通透三居室 一梯两户不临街,980万,70524元/平,高楼层 (共7层) 3室2厅 | 138.96平米 | 南 北,https://ke-image.ljcdn.com/110000-inspection/pc1_UwVVlzYY2.jpg!m_fill,w_280,h_210,f_jpg?from=ke.com
20231124,朝阳,百子湾,101117214500,东四环外成熟社区一梯两户步梯房户型方正房主自荐,400万,44401元/平,底层 (共6层) | 2007年 | 2室1厅 | 90.09平米 | 南 北,https://ke-image.ljcdn.com/110000-inspection/pc1_zmoPhRRcp_1.jpg!m_fill,w_280,h_210,f_jpg?from=ke.com
20231124,朝阳,百子湾,101117209137,金海国际北区 中间楼层 诚意卖 随时签约 随时看房,1150万,58296元/平,中楼层 (共13层) | 2005年 | 4室2厅 | 197.27平米 | 南 北,https://ke-image.ljcdn.com/110000-inspection/pc1_qLZmmFpsd_1.jpg!m_fill,w_280,h_210,f_jpg?from=ke.com
20231124,朝阳,百子湾,101117205867,东南北 明厨明卫 业主诚意出售,719万,59718元/平,底层 (共4层) | 2007年 | 3室2厅 | 120.4平米 | 东南 北,https://ke-image.ljcdn.com/110000-inspection/58404b32-fa34-4ac5-bdbe-78963e6b5f08_1000.jpg!m_fill,w_280,h_210,f_jpg?from=ke.com
20231124,朝阳,百子湾,101117198481,金海国际北区 南北大四居  安静无遮挡  随时签,1100万,55762元/平,中楼层 (共13层) | 2005年 | 4室2厅 | 197.27平米 | 南 北,https://ke-image.ljcdn.com/110000-inspection/pc1_FU789m3gN_1.jpg!m_fill,w_280,h_210,f_jpg?from=ke.com
20231124,朝阳,百子湾,101117196578,南北通透、正规两居室户型方正满五唯一房主自荐,368万,40817元/平,顶层 (共6层) | 2006年 | 2室1厅 | 90.16平米 | 南 北,https://ke-image.ljcdn.com/110000-inspection/128ff803-74c3-4489-b43b-39afc7798449_1000.jpg!m_fill,w_280,h_210,f_jpg?from=ke.com
20231124,朝阳,百子湾,101117144062,金海国际南区 两室两厅 户型方正 动静分明 随时签约房主自荐,738万,66927元/平,高楼层 (共23层) | 2005年 | 2室2厅 | 110.27平米 | 东,https://ke-image.ljcdn.com/110000-inspection/pc1_G9TG1nnAm_1.jpg!m_fill,w_280,h_210,f_jpg?from=ke.com
20231124,朝阳,百子湾,101117095930,金海国际南区+西南向大三居+满五年唯一,980万,65347元/平,高楼层 (共23层) | 2005年 | 3室1厅 | 149.97平米 | 南 西,https://ke-image.ljcdn.com/110000-inspection/pc1_JDf0Rjbfu.jpg!m_fill,w_280,h_210,f_jpg?from=ke.com
20231124,朝阳,百子湾,101117079311,金都杭城西区  高楼层 明厨明卫 不临街 诚意出售,1130万,75875元/平,高楼层 (共20层) 3室2厅 | 148.93平米 | 西南 北,https://ke-image.ljcdn.com/110000-inspection/pc1_oDUfdel9X_1.jpg!m_fill,w_280,h_210,f_jpg?from=ke.com
20231124,朝阳,百子湾,101117035484,东四环地铁附近 不临街 南北三居室 一梯两户低密度房主自荐,870万,61298元/平,中楼层 (共7层) 3室2厅 | 141.93平米 | 南 北,https://ke-image.ljcdn.com/110000-inspection/17893acc-c6e8-410b-aeb1-a4741353cc1f_1000.jpg!m_fill,w_280,h_210,f_jpg?from=ke.com
20231124,朝阳,百子湾,101116973345,百子湾家园  正规一居  满五唯一   不临街,330万,54991元/平,底层 (共16层) | 2006年 | 1室1厅 | 60.01平米 | 北,https://ke-image.ljcdn.com/110000-inspection/9ae6ef6a-6230-4b1c-b64e-1a8a51aa6fc1_1000.jpg!m_fill,w_280,h_210,f_jpg?from=ke.com
20231124,朝阳,百子湾,101116949108,百子湾路小区小户型格局好好楼层视野好房主自荐,245万,55106元/平,中楼层 (共5层) | 1974年 | 2室0厅 | 44.46平米 | 南,https://ke-image.ljcdn.com/110000-inspection/pc1_GFTTppQDm.jpg!m_fill,w_280,h_210,f_jpg?from=ke.com
20231124,朝阳,百子湾,101116941779,金都杭城东区南北三居室诚意出售,1220万,84758元/平,中楼层 (共25层) 3室2厅 | 143.94平米 | 南 北,https://ke-image.ljcdn.com/110000-inspection/452ad383-f526-4f26-96b9-1ebb98df2094_1000.jpg!m_fill,w_280,h_210,f_jpg?from=ke.com
20231124,朝阳,百子湾,101116851987,房子户型方正、地理位置好、出行地铁公交都很方便。,795万,86895元/平,中楼层 (共18层) | 2008年 | 2室2厅 | 91.49平米 | 南 东,https://ke-image.ljcdn.com/110000-inspection/dff23f50-90fd-4767-a34a-86fc7965d62b_1000.jpg!m_fill,w_280,h_210,f_jpg?from=ke.com
20231124,朝阳,百子湾,101116819259,满五唯一 高层 东西通透 自住精装修,580万,79485元/平,顶层 (共6层) | 2007年 | 2室1厅 | 72.97平米 | 东 西,https://ke-image.ljcdn.com/110000-inspection/c8682f3a-3c03-47be-8fe9-671d6cae8980_1000.jpg!m_fill,w_280,h_210,f_jpg?from=ke.com
20231124,朝阳,百子湾,101116785094,金都杭城东区  带阳台  不临街 诚意出售房主自荐,880万,83667元/平,低楼层 (共26层) 2室2厅 | 105.18平米 | 南 北,https://ke-image.ljcdn.com/110000-inspection/pc1_bfgx5QFHS_1.jpg!m_fill,w_280,h_210,f_jpg?from=ke.com
20231124,朝阳,百子湾,101116772888,户型为南北向三居室主卧客厅朝南次卧书房朝北,839万,57715元/平,低楼层 (共24层) | 2009年 | 3室2厅 | 145.37平米 | 南 北,https://ke-image.ljcdn.com/110000-inspection/c141ee0b-8068-431c-8dda-67a8d00f5dbf_1000.jpg!m_fill,w_280,h_210,f_jpg?from=ke.com
20231124,朝阳,百子湾,101116763417,满五唯一户型方正格局好示范区无遮挡采光好,325万,61905元/平,低楼层 (共24层) | 2007年 | 1室0厅 | 52.5平米 | 西,https://ke-image.ljcdn.com/110000-inspection/cb9c3602-419a-471e-be5c-da33de6d38de_1000.jpg!m_fill,w_280,h_210,f_jpg?from=ke.com
20231124,朝阳,百子湾,101116762307,金泰优质两居室满五唯一诚意出售,620万,73469元/平,低楼层 (共18层) | 2008年 | 2室1厅 | 84.39平米 | 西北,https://ke-image.ljcdn.com/110000-inspection/494593a2-40f5-4672-93eb-1da8500ab801_1000.jpg!m_fill,w_280,h_210,f_jpg?from=ke.com
20231124,朝阳,百子湾,101116701054,安静不临街 采光充足 层高较高不压抑房主自荐,251万,46013元/平,低楼层 (共25层) 1室0厅 | 54.55平米 | 南,https://ke-image.ljcdn.com/110000-inspection/bf3d119f-02b5-4530-8d62-494df0b1d235_1000.jpg!m_fill,w_280,h_210,f_jpg?from=ke.com
20231124,朝阳,百子湾,101116619267,沿海赛洛城七期高层一居室视野景观好,345万,67304元/平,中楼层 (共24层) | 2009年 | 1室1厅 | 51.26平米 | 西,https://ke-image.ljcdn.com/110000-inspection/pc1_Z4lrKZ10h.jpg!m_fill,w_280,h_210,f_jpg?from=ke.com
20231124,朝阳,百子湾,101116586249,百子湾沿海赛洛城东西通透两居满五唯一次顶层,609万,72865元/平,高楼层 (共8层) | 2009年 | 2室1厅 | 83.58平米 | 东 西,https://ke-image.ljcdn.com/110000-inspection/pc1_M4rVgQDwO_1.jpg!m_fill,w_280,h_210,f_jpg?from=ke.com
20231124,朝阳,百子湾,101116585382,观音惠园此房满五低楼层无抵押无贷款,266万,46585元/平,底层 (共6层) | 2006年 | 1室1厅 | 57.1平米 | 南,https://ke-image.ljcdn.com/110000-inspection/pc1_AteoG4Vix.jpg!m_fill,w_280,h_210,f_jpg?from=ke.com
20231124,朝阳,百子湾,101116392111,东四环边满五唯一精装提包入住客厅二个落地窗东西通透,660万,70574元/平,中楼层 (共11层) | 2007年 | 2室1厅 | 93.52平米 | 东 西,https://ke-image.ljcdn.com/110000-inspection/pc1_Ip1BNGoGs_2.jpg!m_fill,w_280,h_210,f_jpg?from=ke.com
20231124,朝阳,百子湾,101116379874,沿海赛洛城五期   东向  一居室,360万,62762元/平,低楼层 (共8层) | 2008年 | 1室1厅 | 57.36平米 | 东,https://ke-image.ljcdn.com/110000-inspection/pc1_zNdORm00I_1.jpg!m_fill,w_280,h_210,f_jpg?from=ke.com
20231124,朝阳,百子湾,101116378571,东南向两居 全明格局 户型方正 格局分区明确 精装修房主自荐,758万,86372元/平,高楼层 (共26层) | 2009年 | 2室1厅 | 87.76平米 | 东南,https://ke-image.ljcdn.com/110000-inspection/17f42e68-e8bb-4739-ba74-e973c6ee7164_1000.jpg!m_fill,w_280,h_210,f_jpg?from=ke.com
20231124,朝阳,百子湾,101116337669,沿海赛洛城三期南北通透两居室 满五年唯一 观花园房主自荐,735万,72450元/平,低楼层 (共14层) | 2007年 | 2室1厅 | 101.45平米 | 南 北,https://ke-image.ljcdn.com/110000-inspection/0cc2b300-b8f5-4e5e-adeb-61ae96866380_1000.jpg!m_fill,w_280,h_210,f_jpg?from=ke.com
20231124,朝阳,百子湾,101116300198,金都杭城东区  南北两室 明厨明卫  满五年唯一,850万,83130元/平,顶层 (共26层) 2室1厅 | 102.25平米 | 南 北,https://ke-image.ljcdn.com/110000-inspection/ae8195bb-a930-4f8b-a0e7-83e845dc6022_1000.jpg!m_fill,w_280,h_210,f_jpg?from=ke.com
20231124,朝阳,百子湾,101116281457,美利山 西向大两居 面积大 近地铁 交通便利,500万,47925元/平,低楼层 (共24层) | 2011年 | 2室1厅 | 104.33平米 | 西,https://ke-image.ljcdn.com/110000-inspection/pc1_zC9cm3jQt.jpg!m_fill,w_280,h_210,f_jpg?from=ke.com
20231124,朝阳,百子湾,101116280819,观音景园  中间楼层  南北通透两居室  户型好,469万,49003元/平,中楼层 (共6层) | 2003年 | 2室1厅 | 95.71平米 | 南 北,https://ke-image.ljcdn.com/110000-inspection/pc1_hhPkyfiGX.jpg!m_fill,w_280,h_210,f_jpg?from=ke.com
20231124,朝阳,百子湾,101116270324,沿海赛洛城    大平层    居住舒适,1700万,47066元/平,高楼层 (共20层) | 2013年 | 4室2厅 | 361.2平米 | 东 西 南 北,https://ke-image.ljcdn.com/110000-inspection/pc1_LYSVjc6cP_1.jpg!m_fill,w_280,h_210,f_jpg?from=ke.com
20231124,朝阳,百子湾,101116108766,美利山 满五唯一 西南向大三居,550万,57628元/平,低楼层 (共24层) | 2011年 | 3室1厅 | 95.44平米 | 西南,https://ke-image.ljcdn.com/110000-inspection/0a90e2fd-adaf-433c-8ec2-26f6e8050f73_1000.jpg!m_fill,w_280,h_210,f_jpg?from=ke.com
20231124,朝阳,百子湾,101116092685,沿海赛洛城一期 南北通透大两居房主自荐,697万,58705元/平,低楼层 (共18层) | 2007年 | 2室1厅 | 118.73平米 | 南 北,https://ke-image.ljcdn.com/110000-inspection/pc1_Dk6fiRL8A.jpg!m_fill,w_280,h_210,f_jpg?from=ke.com
20231124,朝阳,百子湾,101116065167,金都杭城西区 西南北通透三居室 圆弧飘窗 精装修,1170万,78199元/平,低楼层 (共19层) | 2006年 | 3室1厅 | 149.62平米 | 西南 北,https://ke-image.ljcdn.com/110000-inspection/750ed9da-9d85-4084-bd26-d57e1f2e2e8e_1000.jpg!m_fill,w_280,h_210,f_jpg?from=ke.com
20231124,朝阳,百子湾,101115948266,商品房21年精装修拎包入住南向正规一居采光好,319万,56311元/平,高楼层 (共6层) | 2006年 | 1室1厅 | 56.65平米 | 南,https://ke-image.ljcdn.com/110000-inspection/3c6b1097-f45d-4b38-9d78-41b35b3d6877_1000.jpg!m_fill,w_280,h_210,f_jpg?from=ke.com
20231124,朝阳,百子湾,101115923508,百子湾家园南北通透3居居住的选择无遮挡精装房主自荐,730万,55366元/平,低楼层 (共18层) | 2006年 | 3室1厅 | 131.85平米 | 南 北,https://ke-image.ljcdn.com/110000-inspection/pc1_rLPARBozu_1.jpg!m_fill,w_280,h_210,f_jpg?from=ke.com
20231124,朝阳,百子湾,101115915513,满五唯一精装修可以拎包入住,560万,70592元/平,低楼层 (共23层) | 2005年 | 1室1厅 | 79.33平米 | 东,https://ke-image.ljcdn.com/110000-inspection/pc1_KNrP7L2z7.jpg!m_fill,w_280,h_210,f_jpg?from=ke.com
20231124,朝阳,百子湾,101115841155,沿海赛洛城 南北通通透1居 满5年唯一 无抵押 中间层,443万,65052元/平,中楼层 (共11层) | 2008年 | 1室1厅 | 68.1平米 | 南 北,https://ke-image.ljcdn.com/110000-inspection/pc1_KuFJspcN6_1.jpg!m_fill,w_280,h_210,f_jpg?from=ke.com
20231124,朝阳,百子湾,101115836707,满五唯一东南北2居室双卫产权清晰、落地窗采光好,554万,49298元/平,底层 (共20层) | 2006年 | 2室1厅 | 112.38平米 | 北 南 东,https://ke-image.ljcdn.com/110000-inspection/2eb74f1e-6966-4044-8438-0751ed906825_1000.jpg!m_fill,w_280,h_210,f_jpg?from=ke.com
20231124,朝阳,百子湾,101115788487,沿海赛洛城 全明两居室 位置安静无遮挡,600万,75273元/平,低楼层 (共7层) 2室1厅 | 79.71平米 | 南 西 北,https://ke-image.ljcdn.com/110000-inspection/d41e323a-f191-41eb-af32-768c9bad6d13_1000.jpg!m_fill,w_280,h_210,f_jpg?from=ke.com
20231124,朝阳,百子湾,101115784175,沿海赛洛城一期 精装大两居 视野宽阔,630万,58665元/平,中楼层 (共18层) | 2007年 | 2室1厅 | 107.39平米 | 西北,https://ke-image.ljcdn.com/110000-inspection/pc1_xWMFEklDZ_1.jpg!m_fill,w_280,h_210,f_jpg?from=ke.com
20231124,朝阳,百子湾,101115742151,沿海赛洛城五期 明厨明卫 带三阳台,520万,56211元/平,高楼层 (共25层) | 2009年 | 2室1厅 | 92.51平米 | 东 西 北,https://ke-image.ljcdn.com/110000-inspection/pc1_w1YSgMfx2_1.jpg!m_fill,w_280,h_210,f_jpg?from=ke.com
20231124,朝阳,百子湾,101115741972,沿海赛洛城五期 1室1厅 东 西,400万,60278元/平,中楼层 (共25层) | 2008年 | 1室1厅 | 66.36平米 | 东 西,https://ke-image.ljcdn.com/110000-inspection/302660f3-2a1f-4a22-a059-6cc68cb71db3_1000.jpg!m_fill,w_280,h_210,f_jpg?from=ke.com
20231124,朝阳,百子湾,101115654515,对小区花园  适合刚需客户 业主诚意出售,330万,62858元/平,低楼层 (共24层) | 2007年 | 1室0厅 | 52.5平米 | 西,https://ke-image.ljcdn.com/110000-inspection/pc1_x7mHVduVp.jpg!m_fill,w_280,h_210,f_jpg?from=ke.com
20231124,朝阳,百子湾,101115606870,观音惠园 南北通透大三居 采光好,610万,46083元/平,中楼层 (共6层) | 2008年 | 3室1厅 | 132.37平米 | 南 北,https://ke-image.ljcdn.com/110000-inspection/53f62601-5ba9-4f23-9d6a-d3736fa27d48_1000.jpg!m_fill,w_280,h_210,f_jpg?from=ke.com
20231124,朝阳,百子湾,101115554953,满五唯一不带消防连廊采光好精装修方便看房,418万,60049元/平,低楼层 (共25层) | 2009年 | 1室1厅 | 69.61平米 | 东 西,https://ke-image.ljcdn.com/110000-inspection/bad646b8-280c-4da9-8be9-1c3e2b5d4424_1000.jpg!m_fill,w_280,h_210,f_jpg?from=ke.com
20231124,朝阳,百子湾,101115534099,双阳台 落地窗 东南向 中高楼层 装修保养得很好,460万,71230元/平,中楼层 (共8层) | 2007年 | 1室1厅 | 64.58平米 | 东南,https://ke-image.ljcdn.com/110000-inspection/f1665872-4454-4f93-a92f-12c692c664b5_1000.jpg!m_fill,w_280,h_210,f_jpg?from=ke.com
20231124,朝阳,百子湾,101115489445,沿海七期正规三居室 南北通透 商品房 无遮挡 诚意出售房主自荐,799万,54451元/平,低楼层 (共24层) | 2009年 | 3室1厅 | 146.74平米 | 南 北,https://ke-image.ljcdn.com/110000-inspection/eeceac52-c339-44e5-ab45-5f16838e452c_1000.jpg!m_fill,w_280,h_210,f_jpg?from=ke.com
20231124,朝阳,百子湾,101115375766,百子湾东里美利山高层大面积四居,1400万,38760元/平,高楼层 (共20层) | 2013年 | 3室1厅 | 361.2平米 | 东南 西,https://ke-image.ljcdn.com/110000-inspection/acfc10ae-0e9d-46e9-9d76-8fdedd1b0596_1000.jpg!m_fill,w_280,h_210,f_jpg?from=ke.com
20231124,朝阳,百子湾,101115308395,商品房 南北通透三居室 满五年唯一 诚意出售房主自荐,520万,37946元/平,顶层 (共6层) | 2008年 | 3室1厅 | 137.04平米 | 南 北,https://ke-image.ljcdn.com/110000-inspection/cb6afcda-d1f6-47e3-91af-5fa1a410715e_1000.jpg!m_fill,w_280,h_210,f_jpg?from=ke.com
20231124,朝阳,百子湾,101115216379,金海国际南区  正规大一居室 户型方正诚意出售,575万,71199元/平,低楼层 (共23层) | 2005年 | 1室1厅 | 80.76平米 | 东,https://ke-image.ljcdn.com/110000-inspection/8329cf4b-2a7a-4a15-be99-1b6e4b54bc14_1000.jpg!m_fill,w_280,h_210,f_jpg?from=ke.com
20231124,朝阳,百子湾,101115091253,沿海三期板楼  满五唯一  一梯两户  精装修,697万,78148元/平,顶层 (共11层) | 2007年 | 2室1厅 | 89.19平米 | 南 北,https://ke-image.ljcdn.com/110000-inspection/b78003fb-d783-4ade-b175-dcd1501c9ada_1000.jpg!m_fill,w_280,h_210,f_jpg?from=ke.com
20231124,朝阳,百子湾,101114908845,商品房满五年 南向两居室 不临街房主自荐,486万,52581元/平,底层 (共24层) | 2006年 | 2室1厅 | 92.43平米 | 南,https://ke-image.ljcdn.com/110000-inspection/df6ad4a2-62d8-4b2f-b82a-b1a2ca3f4e01_1000.jpg!m_fill,w_280,h_210,f_jpg?from=ke.com
20231124,朝阳,百子湾,101114854634,观音惠园二层南北通透两居室满五年唯一住房。,439万,48805元/平,低楼层 (共6层) | 2008年 | 2室1厅 | 89.95平米 | 南 北,https://ke-image.ljcdn.com/110000-inspection/1daffe8f-1d20-4bd5-8565-a62b4d8b36cd_1000.jpg!m_fill,w_280,h_210,f_jpg?from=ke.com
20231124,朝阳,百子湾,101114832294,美利山大四居室精装修离地铁近,1200万,49526元/平,低楼层 (共20层) | 2013年 | 4室2厅 | 242.3平米 | 东 西,https://ke-image.ljcdn.com/110000-inspection/4514c2dc-9fa7-4e6b-939d-5ebdb577122a_1000.jpg!m_fill,w_280,h_210,f_jpg?from=ke.com
20231124,朝阳,百子湾,101114756010,金海国际北区   顶层复式全明格局诚意出售,2460万,72443元/平,顶层 (共13层) | 2005年 | 5室3厅 | 339.58平米 | 南,https://ke-image.ljcdn.com/110000-inspection/947c1706-736c-462c-9dda-77c653902ca1_1000.jpg!m_fill,w_280,h_210,f_jpg?from=ke.com
20231124,朝阳,百子湾,101114648790,南北通透复式  高层 视野采光好,1350万,91969元/平,高楼层 (共8层) | 2007年 | 4室2厅 | 146.79平米 | 南 北,https://ke-image.ljcdn.com/110000-inspection/4b6ffc89-7b82-45ac-bf76-20613df2cda2_1000.jpg!m_fill,w_280,h_210,f_jpg?from=ke.com
20231124,朝阳,百子湾,101114637102,商品房 满五年家庭一套住房 装修保养好 诚意出售,325万,55480元/平,底层 (共22层) | 2006年 | 2室1厅 | 58.58平米 | 北,https://ke-image.ljcdn.com/110000-inspection/pc1_7uhta0riU_1.jpg!m_fill,w_280,h_210,f_jpg?from=ke.com
20231124,朝阳,百子湾,101114580048,沿海赛洛城二期 朝南向 采光好 无遮挡 安静舒适,388万,68819元/平,中楼层 (共24层) | 2007年 | 1室0厅 | 56.38平米 | 南,https://ke-image.ljcdn.com/110000-inspection/f898680d-58c1-477b-b57b-7b95a7a07a9d_1000.jpg!m_fill,w_280,h_210,f_jpg?from=ke.com
20231124,朝阳,百子湾,101114551828,户型方正 全明格局 270度采光  自住 百万精装修,1500万,41529元/平,低楼层 (共20层) | 2013年 | 3室2厅 | 361.2平米 | 东 南 西,https://ke-image.ljcdn.com/110000-inspection/79d8f1d2-b9c4-4e56-98b1-b09b731a6deb_1000.jpg!m_fill,w_280,h_210,f_jpg?from=ke.com
20231124,朝阳,百子湾,101114388341,东四环金泰先锋西南两居室进地铁房主自荐,760万,82412元/平,中楼层 (共18层) | 2008年 | 2室1厅 | 92.22平米 | 西南,https://ke-image.ljcdn.com/110000-inspection/pc1_Gll4sANyY_1.jpg!m_fill,w_280,h_210,f_jpg?from=ke.com
20231124,朝阳,百子湾,101114071515,金海国际南区 东南大三居 满五唯一 高层无遮挡,1010万,67347元/平,高楼层 (共23层) | 2005年 | 3室1厅 | 149.97平米 | 东南,https://ke-image.ljcdn.com/110000-inspection/05cd60dd-640a-433f-81bb-d426cc321629_1000.jpg!m_fill,w_280,h_210,f_jpg?from=ke.com
20231124,朝阳,百子湾,101113998631,金泰先锋南向开间东四环近地铁小区环境好,418万,65262元/平,低楼层 (共18层) | 2008年 | 1室0厅 | 64.05平米 | 南,https://ke-image.ljcdn.com/110000-inspection/3d5fc5e5-c48b-4c20-8552-8f72544db8fa_1000.jpg!m_fill,w_280,h_210,f_jpg?from=ke.com
20231124,朝阳,百子湾,101113911214,沿海赛洛城五期东向一居室房主自荐,380万,63652元/平,高楼层 (共25层) | 2009年 | 1室1厅 | 59.7平米 | 东,https://ke-image.ljcdn.com/110000-inspection/14c1cb82-77e0-4fd7-9930-3606d2922e92_1000.jpg!m_fill,w_280,h_210,f_jpg?from=ke.com
20231124,朝阳,百子湾,101113783094,沿海赛洛城正规南北通透大三居室,830万,57096元/平,低楼层 (共24层) | 2009年 | 3室1厅 | 145.37平米 | 南 北,https://ke-image.ljcdn.com/110000-inspection/pc1_xxH42Tmcu_1.jpg!m_fill,w_280,h_210,f_jpg?from=ke.com
20231124,朝阳,百子湾,101113347740,满五不唯一户型正看房方便客厅主卧朝南落地窗。,585万,59847元/平,中楼层 (共16层) | 2006年 | 2室1厅 | 97.75平米 | 南 北,https://ke-image.ljcdn.com/110000-inspection/pc1_N8pnVTFmv_1.jpg!m_fill,w_280,h_210,f_jpg?from=ke.com
20231124,朝阳,百子湾,101112633898,满五年唯一户型规整方正南北通透房主自荐,585万,59761元/平,底层 (共15层) | 2006年 | 2室1厅 | 97.89平米 | 南 北,https://ke-image.ljcdn.com/110000-inspection/9df342cb-18d9-49e7-a5f8-202ed7ff3221_1000.jpg!m_fill,w_280,h_210,f_jpg?from=ke.com
20231124,朝阳,百子湾,101112437323,百子湾路小区 南北通透 业主诚意出售！ 看房方便,308万,43620元/平,顶层 (共6层) | 1980年 | 2室1厅 | 70.61平米 | 南 北,https://ke-image.ljcdn.com/110000-inspection/pc1_WDVSZEHZI_2.jpg!m_fill,w_280,h_210,f_jpg?from=ke.com
20231124,朝阳,百子湾,101112373460,美利山小区西向两居室满五唯一商品房,590万,56557元/平,低楼层 (共24层) | 2011年 | 2室1厅 | 104.32平米 | 西,https://ke-image.ljcdn.com/110000-inspection/4bc1a69a-e2e9-4cba-bfcf-50e7ed27a7c3_1000.jpg!m_fill,w_280,h_210,f_jpg?from=ke.com
20231124,朝阳,百子湾,101112268057,观音惠园   南向  一居室  户型方正,295万,51592元/平,底层 (共6层) | 2006年 | 1室1厅 | 57.18平米 | 南,https://ke-image.ljcdn.com/110000-inspection/pc1_aSpgmyRYK.jpg!m_fill,w_280,h_210,f_jpg?from=ke.com
20231124,朝阳,百子湾,101112069247,满五唯一明厨明卫  视野开阔 采光充足 精装修 拎包住,600万,74065元/平,低楼层 (共11层) | 2008年 | 2室1厅 | 81.01平米 | 西南 北,https://ke-image.ljcdn.com/110000-inspection/pc1_oXiTYirSF_1.jpg!m_fill,w_280,h_210,f_jpg?from=ke.com
20231124,朝阳,百子湾,101111879550,美利山 两居室 高层视野开阔 户型方正,470万,56133元/平,顶层 (共24层) | 2011年 | 2室1厅 | 83.73平米 | 西,https://ke-image.ljcdn.com/110000-inspection/pc1_7tkOf5R8j_1.jpg!m_fill,w_280,h_210,f_jpg?from=ke.com
20231124,朝阳,百子湾,101111675788,沿海赛洛城六期满五唯一商品房环境好,350万,73222元/平,中楼层 (共24层) 1室1厅 | 47.8平米 | 西,https://ke-image.ljcdn.com/110000-inspection/pc1_2gpQcM1pl_1.jpg!m_fill,w_280,h_210,f_jpg?from=ke.com
20231124,朝阳,百子湾,101111623528,44.37+12㎡ 东南朝向 看房方便 业主诚意出售房主自荐,247万,55669元/平,底层 (共5层) | 1980年 | 2室1厅 | 44.37平米 | 东南,https://ke-image.ljcdn.com/110000-inspection/pc1_862hONTEf_1.jpg!m_fill,w_280,h_210,f_jpg?from=ke.com
20231124,朝阳,百子湾,101110337615,沿海赛洛城一期 西北向大两居 带大阳台,590万,54940元/平,低楼层 (共18层) | 2007年 | 2室1厅 | 107.39平米 | 西北,https://ke-image.ljcdn.com/110000-inspection/pc1_FG8Nn6OmA_1.jpg!m_fill,w_280,h_210,f_jpg?from=ke.com
20231124,朝阳,百子湾,101110041094,石门村路5号院 低楼层适合老人住。房主自荐,350万,51320元/平,底层 (共5层) | 2000年 | 1室1厅 | 68.2平米 | 北,https://ke-image.ljcdn.com/110000-inspection/pc1_7w6wv59Ug_1.jpg!m_fill,w_280,h_210,f_jpg?from=ke.com
20231124,朝阳,百子湾,101109791202,沿海赛洛城一居满五年 带双阳台,398万,67814元/平,中楼层 (共24层) | 2009年 | 1室1厅 | 58.69平米 | 东,https://ke-image.ljcdn.com/110000-inspection/pc1_Jl3BvsI8p_1.jpg!m_fill,w_280,h_210,f_jpg?from=ke.com
20231124,朝阳,百子湾,101109275368,百子湾正规全南向一居室满五年采光好,279万,48472元/平,中楼层 (共6层) 1室1厅 | 57.56平米 | 南,https://ke-image.ljcdn.com/110000-inspection/pc1_VmFRfo5zI_1.jpg!m_fill,w_280,h_210,f_jpg?from=ke.com
20231124,朝阳,百子湾,101103869782,52.23+12㎡ 南北通透两居室 装修好 商品房房主自荐,276万,52844元/平,底层 (共6层) | 1982年 | 2室1厅 | 52.23平米 | 南 北,https://ke-image.ljcdn.com/110000-inspection/pc1_JCOYXa7Mz_1.jpg!m_fill,w_280,h_210,f_jpg?from=ke.com
20231124,朝阳,百子湾,101122018919,观音惠园 2室1厅 南 北新上,378万,42005元/平,顶层 (共6层) 2室1厅 | 89.99平米 | 南 北,https://ke-image.ljcdn.com/110000-inspection/pc1_rBYj5CVOl_1.jpg!m_fill,w_280,h_210,f_jpg?from=ke.com
20231124,朝阳,百子湾,101121991440,沿海赛洛城一期南北两居室户型方正一梯两户新上,635万,62194元/平,低楼层 (共8层) | 2007年 | 2室1厅 | 102.1平米 | 南 北,https://ke-image.ljcdn.com/110000-inspection/7ba100a8-21a6-4c42-b453-55c2571cab23_1000.jpg!m_fill,w_280,h_210,f_jpg?from=ke.com
20231124,朝阳,百子湾,101121958666,阳光充足采光好中间楼层没有遮挡双阳台落地窗新上,360万,59534元/平,低楼层 (共24层) | 2009年 | 1室1厅 | 60.47平米 | 东,https://ke-image.ljcdn.com/110000-inspection/d1a0ed62-b4d3-49c7-a9ef-6830f0772346_1000.jpg!m_fill,w_280,h_210,f_jpg?from=ke.com
20231124,朝阳,百子湾,101121950470,此房满五年唯一正规格局两居室中间楼层视野好新上,525万,73726元/平,中楼层 (共24层) 2室1厅 | 71.21平米 | 东 北,https://ke-image.ljcdn.com/110000-inspection/pc1_zDU6CiGGk_1.jpg!m_fill,w_280,h_210,f_jpg?from=ke.com
20231124,朝阳,百子湾,101121948839,金都杭城东区 1室1厅 西北新上,520万,80013元/平,高楼层 (共26层) | 2009年 | 1室1厅 | 64.99平米 | 西北,https://ke-image.ljcdn.com/110000-inspection/pc1_HQaK0OIyG_1.jpg!m_fill,w_280,h_210,f_jpg?from=ke.com
20231124,朝阳,百子湾,101121939775,金都杭城东区  客厅带阳台南北通透两居室 满五唯一新上,878万,83215元/平,低楼层 (共26层) 2室2厅 | 105.51平米 | 南 北,https://ke-image.ljcdn.com/110000-inspection/dd2e25a4-5a48-4d5e-a4b7-7c2edc39dd6c_1000.jpg!m_fill,w_280,h_210,f_jpg?from=ke.com
20231124,朝阳,百子湾,101121922349,满五唯一东南向 精装修户型好采光好看房方便,650万,70119元/平,中楼层 (共24层) | 2007年 | 2室1厅 | 92.7平米 | 东南,https://ke-image.ljcdn.com/110000-inspection/pc1_6zbmF9Ok0_1.jpg!m_fill,w_280,h_210,f_jpg?from=ke.com
20231124,朝阳,百子湾,101121893477,沿海百花园 满五唯一 30万精装修 随时交易,580万,61927元/平,高楼层 (共24层) | 2007年 | 2室1厅 | 93.66平米 | 东北,https://ke-image.ljcdn.com/110000-inspection/c20f750a-48cb-4db0-aeda-993f1cc333f6_1000.jpg!m_fill,w_280,h_210,f_jpg?from=ke.com
20231124,朝阳,百子湾,101121884809,不临街安静宜居户型方正诚意出售,860万,61862元/平,低楼层 (共9层) 3室1厅 | 139.02平米 | 南 北,https://ke-image.ljcdn.com/110000-inspection/pc1_sjGUzUUFk_1.jpg!m_fill,w_280,h_210,f_jpg?from=ke.com
20231124,朝阳,百子湾,101121883238,满五唯一、南北通透顶层复式楼上楼下双入户门,1300万,98725元/平,顶层 (共9层) | 2009年 | 4室2厅 | 131.68平米 | 南 北,https://ke-image.ljcdn.com/110000-inspection/pc1_XKaSn4e9g_1.jpg!m_fill,w_280,h_210,f_jpg?from=ke.com
20231124,朝阳,百子湾,101121868106,大成国际 1室1厅 南房主自荐,245万,44881元/平,低楼层 (共25层) | 2007年 | 1室1厅 | 54.59平米 | 南,https://ke-image.ljcdn.com/110000-inspection/7938a80e-56fa-497a-9ee9-a113ee0e4f15_1000.jpg!m_fill,w_280,h_210,f_jpg?from=ke.com
20231124,朝阳,百子湾,101121855332,新上沿海赛洛城五期三居室 前后均不临街 高楼层,900万,62306元/平,中楼层 (共21层) 3室1厅 | 144.45平米 | 南 北,https://ke-image.ljcdn.com/110000-inspection/pc1_sriGPYCgr_1.jpg!m_fill,w_280,h_210,f_jpg?from=ke.com
20231124,朝阳,百子湾,101121852319,东四环7号线地铁金泰先锋西南两局,748万,81155元/平,中楼层 (共18层) | 2008年 | 2室1厅 | 92.17平米 | 西南,https://ke-image.ljcdn.com/110000-inspection/23f93cea-ea06-4155-90d2-793c5ebf7044_1000.jpg!m_fill,w_280,h_210,f_jpg?from=ke.com
20231124,朝阳,百子湾,101121819582,一梯两户20平米大阳台70万装修成本采光充足,888万,59268元/平,中楼层 (共9层) 4室2厅 | 149.83平米 | 东南 北,https://ke-image.ljcdn.com/110000-inspection/2c7ee39b-2cdf-47ad-836c-c2264240da03_1000.jpg!m_fill,w_280,h_210,f_jpg?from=ke.com
20231124,朝阳,百子湾,101121797079,大成国际 东西开间 业主诚意出售,220万,45464元/平,中楼层 (共25层) | 2007年 | 1室0厅 | 48.39平米 | 东,https://ke-image.ljcdn.com/110000-inspection/68f529a9-ec18-41b4-9bd4-5d1dcbe09b46_1000.jpg!m_fill,w_280,h_210,f_jpg?from=ke.com
20231124,朝阳,百子湾,101121792619,沿海赛洛城南北两居室北边是花园房主自荐,710万,60643元/平,中楼层 (共19层) | 2007年 | 2室1厅 | 117.08平米 | 南 北,https://ke-image.ljcdn.com/110000-inspection/pc1_NKYRWcXbl_1.jpg!m_fill,w_280,h_210,f_jpg?from=ke.com
20231124,朝阳,百子湾,101121760634,百子湾家园一区南北两居诚意出售,598万,53389元/平,低楼层 (共21层) 2室1厅 | 112.01平米 | 南 北,https://ke-image.ljcdn.com/110000-inspection/pc1_k0BXwEmi2_1.jpg!m_fill,w_280,h_210,f_jpg?from=ke.com
20231124,朝阳,百子湾,101121755689,金都杭城西区眼睛户型两居室 正对小区花园,920万,74446元/平,高楼层 (共19层) | 2006年 | 2室2厅 | 123.58平米 | 南,https://ke-image.ljcdn.com/110000-inspection/bf5bce34-d209-47cf-bd66-533fe3c6b58f_1000.jpg!m_fill,w_280,h_210,f_jpg?from=ke.com
20231124,朝阳,百子湾,101121751559,金都杭城东区高楼层东北向一居室 诚意出售 看房方便房主自荐,565万,87084元/平,高楼层 (共26层) 1室1厅 | 64.88平米 | 东北,https://ke-image.ljcdn.com/110000-inspection/7b9e74f0-8f35-4a37-9386-0007088048a6_1000.jpg!m_fill,w_280,h_210,f_jpg?from=ke.com
20231124,朝阳,百子湾,101121740397,商品房 满五唯一 业主自住 装修保养好 可拎包入住,380万,49493元/平,底层 (共6层) | 2003年 | 2室1厅 | 76.78平米 | 南 北,https://ke-image.ljcdn.com/110000-inspection/pc1_xm94z3KvJ_1.jpg!m_fill,w_280,h_210,f_jpg?from=ke.com
20231124,朝阳,百子湾,101121735258,此房是人车分流社区前后不临街。业主诚意出售。,370万,63695元/平,低楼层 (共18层) 1室1厅 | 58.09平米 | 南,https://ke-image.ljcdn.com/110000-inspection/pc1_kGQtlH5Hs.jpg!m_fill,w_280,h_210,f_jpg?from=ke.com
20231124,朝阳,百子湾,101121724513,美利山小区西向两居室高楼层无遮挡视野好,525万,50168元/平,高楼层 (共24层) | 2011年 | 2室1厅 | 104.65平米 | 西,https://ke-image.ljcdn.com/110000-inspection/pc1_aZjuYOxB2.jpg!m_fill,w_280,h_210,f_jpg?from=ke.com
20231124,朝阳,百子湾,101121711645,建工动力苑 满五年 诚意卖 随时看房 随时签约,435万,65052元/平,低楼层 (共18层) 1室1厅 | 66.87平米 | 南,https://ke-image.ljcdn.com/110000-inspection/pc1_6cTLVAIZn_1.jpg!m_fill,w_280,h_210,f_jpg?from=ke.com
20231124,朝阳,百子湾,101121705209,百子湾家园二区 1室1厅 北,356万,57263元/平,高楼层 (共22层) | 2006年 | 1室1厅 | 62.17平米 | 北,https://ke-image.ljcdn.com/110000-inspection/pc1_duWtAL3kX_1.jpg!m_fill,w_280,h_210,f_jpg?from=ke.com
20231124,朝阳,百子湾,101121679334,满五唯一商品房 有钥匙随时看 中间位置安静不临街,599万,58905元/平,顶层 (共16层) | 2006年 | 2室1厅 | 101.69平米 | 南,https://ke-image.ljcdn.com/110000-inspection/pc1_mEgpeddck_1.jpg!m_fill,w_280,h_210,f_jpg?from=ke.com
20231124,朝阳,百子湾,101121667110,满五唯一 南北通透两居室户型方正前后不临街。,376万,41695元/平,中楼层 (共6层) 2室1厅 | 90.18平米 | 南 北 东,https://ke-image.ljcdn.com/110000-inspection/pc1_7XP6YD5p8_1.jpg!m_fill,w_280,h_210,f_jpg?from=ke.com
20231124,朝阳,百子湾,101121661878,沿海赛洛城五期南北三居室满五唯一商品房,855万,59191元/平,高楼层 (共21层) | 2008年 | 3室1厅 | 144.45平米 | 北 南,https://ke-image.ljcdn.com/110000-inspection/16cb0478-ec40-451d-98f3-455a990b077c_1000.jpg!m_fill,w_280,h_210,f_jpg?from=ke.com
20231124,朝阳,百子湾,101121634141,大成国际 南向开间 高层采光好 全新装修 诚意出售房主自荐,279万,51109元/平,高楼层 (共25层) | 2007年 | 1室0厅 | 54.59平米 | 南,https://ke-image.ljcdn.com/110000-inspection/pc1_xA9Rbndmw_1.jpg!m_fill,w_280,h_210,f_jpg?from=ke.com
20231124,朝阳,百子湾,101121622040,沿海赛洛城七期 2室1厅 南 北,650万,73672元/平,中楼层 (共22层) 2室1厅 | 88.23平米 | 南 北,https://ke-image.ljcdn.com/110000-inspection/pc1_aDBSOP87Q_1.jpg!m_fill,w_280,h_210,f_jpg?from=ke.com
20231124,朝阳,百子湾,101121620957,金泰先锋北区   小区安静 东南朝向2居房主自荐,730万,78715元/平,底层 (共15层) | 2008年 | 2室1厅 | 92.74平米 | 东 南,https://ke-image.ljcdn.com/110000-inspection/c437fbd1-ce83-4867-b561-682699e1a53f_1000.jpg!m_fill,w_280,h_210,f_jpg?from=ke.com
20231124,朝阳,百子湾,101121599250,中间楼层 无遮挡 视野采光好 户型方正 通透性好,455万,44051元/平,中楼层 (共6层) | 2002年 | 2室1厅 | 103.29平米 | 南 北,https://ke-image.ljcdn.com/110000-inspection/d1a9619e-2e64-4566-8d3d-b04e184e4dd4_1000.jpg!m_fill,w_280,h_210,f_jpg?from=ke.com
20231124,朝阳,百子湾,101121556512,此房满五年唯一落地大阳台南北通透双卫三居室观景房主自荐,1050万,67625元/平,高楼层 (共9层) 3室1厅 | 155.27平米 | 南 北,https://ke-image.ljcdn.com/110000-inspection/8686e40f-37e7-4471-97bc-a18bc4e9ea6c_1000.jpg!m_fill,w_280,h_210,f_jpg?from=ke.com
20231124,朝阳,百子湾,101121547831,美利山满五唯一 户型方正交通便利视野开阔,475万,63385元/平,低楼层 (共24层) 1室1厅 | 74.94平米 | 南,https://ke-image.ljcdn.com/110000-inspection/d2f03997-b7ba-4c60-9089-6d0ef55d91d1_1000.jpg!m_fill,w_280,h_210,f_jpg?from=ke.com
20231124,朝阳,百子湾,101121547368,美利山正规南向一居室 距离地铁近 采光好无遮挡房主自荐,385万,60611元/平,低楼层 (共24层) | 2011年 | 1室1厅 | 63.52平米 | 南,https://ke-image.ljcdn.com/110000-inspection/pc1_FpIi6Llly.jpg!m_fill,w_280,h_210,f_jpg?from=ke.com
20231124,朝阳,百子湾,101121530812,东四环 大成国际 业主诚意出售,230万,47778元/平,中楼层 (共25层) 1室0厅 | 48.14平米 | 东,https://ke-image.ljcdn.com/110000-inspection/pc1_4DoNDJEyA_1.jpg!m_fill,w_280,h_210,f_jpg?from=ke.com
20231124,朝阳,百子湾,101121473460,中海安德鲁斯庄园西区 6室2厅 南 北,1700万,59587元/平,地下室 (共4层) 6室2厅 | 285.3平米 | 南 北,https://ke-image.ljcdn.com/110000-inspection/pc1_rHU4Uj416_1.jpg!m_fill,w_280,h_210,f_jpg?from=ke.com
20231124,朝阳,百子湾,101121434593,诚意出售 沿海赛洛城精装两居 满五年唯一 仅契税房主自荐,578万,58782元/平,中楼层 (共24层) 2室1厅 | 98.33平米 | 东北,https://ke-image.ljcdn.com/110000-inspection/0137ed7c-e846-4afb-a06a-2a5a49dd174a_1000.jpg!m_fill,w_280,h_210,f_jpg?from=ke.com
20231124,朝阳,百子湾,101121418172,百子湾地铁 广渠路 满五唯一 采光视野好客厅带阳台,320万,51233元/平,中楼层 (共20层) | 2006年 | 1室1厅 | 62.46平米 | 北,https://ke-image.ljcdn.com/110000-inspection/pc1_a5Mw3CnRq_1.jpg!m_fill,w_280,h_210,f_jpg?from=ke.com
20231124,朝阳,百子湾,101121417810,东四环广渠路百子湾地铁 满五年家庭唯一住房 落地窗,530万,51452元/平,中楼层 (共24层) | 2006年 | 2室1厅 | 103.01平米 | 南,https://ke-image.ljcdn.com/110000-inspection/pc1_ykl2Ikjy7_1.jpg!m_fill,w_280,h_210,f_jpg?from=ke.com
20231124,朝阳,百子湾,101121407876,东南北三居 双卫 前后对花园 明厨明卫,710万,58971元/平,顶层 (共4层) | 2007年 | 3室2厅 | 120.4平米 | 东南 北,https://ke-image.ljcdn.com/110000-inspection/pc1_MRMeeyDCu.jpg!m_fill,w_280,h_210,f_jpg?from=ke.com
20231124,朝阳,百子湾,101121364001,沿海赛洛城一期 满五唯一 近地铁 西向大阳台,328万,62477元/平,低楼层 (共24层) | 2007年 | 1室0厅 | 52.5平米 | 西,https://ke-image.ljcdn.com/110000-inspection/ee0c8b21-7b02-44c0-996c-0e3361dbd863_1000.jpg!m_fill,w_280,h_210,f_jpg?from=ke.com
20231124,朝阳,百子湾,101121278408,金都杭城东区 2室2厅 东南,768万,87512元/平,高楼层 (共26层) 2室2厅 | 87.76平米 | 东南,https://ke-image.ljcdn.com/110000-inspection/290bf732-dc71-4ab0-98e0-8a34e8155c77_1000.jpg!m_fill,w_280,h_210,f_jpg?from=ke.com
20231124,朝阳,百子湾,101121222680,国贸附近大成国际南向复式 诚意出售,430万,75070元/平,顶层 (共11层) 1室1厅 | 57.28平米 | 南,https://ke-image.ljcdn.com/110000-inspection/pc1_puu8FT2rj_1.jpg!m_fill,w_280,h_210,f_jpg?from=ke.com
20231124,朝阳,百子湾,101121212320,大成国际 1室1厅 南,457万,79784元/平,中楼层 (共11层) | 2007年 | 1室1厅 | 57.28平米 | 南,https://ke-image.ljcdn.com/110000-inspection/22571ab6-309b-4813-82d8-f3fc9d1c233c_1000.jpg!m_fill,w_280,h_210,f_jpg?from=ke.com
20231124,朝阳,百子湾,101121193084,沿海赛洛城一期 5室1厅 南 北,1100万,71267元/平,顶层 (共8层) | 2007年 | 5室1厅 | 154.35平米 | 南 北,https://ke-image.ljcdn.com/110000-inspection/pc1_0yEMY2gBI_1.jpg!m_fill,w_280,h_210,f_jpg?from=ke.com
20231124,朝阳,百子湾,101121192582,金都杭城东区 南北三居室前后花园封闭社区环境好,1145万,86651元/平,中楼层 (共11层) 3室2厅 | 132.14平米 | 南 北 东,https://ke-image.ljcdn.com/110000-inspection/pc1_A4OIrdUbO_1.jpg!m_fill,w_280,h_210,f_jpg?from=ke.com
20231124,朝阳,百子湾,101121189465,满五唯一南北通透一梯两户有两层地下有花园,920万,68504元/平,底层 (共11层) | 2007年 | 3室1厅 | 134.3平米 | 南 北,https://ke-image.ljcdn.com/110000-inspection/pc1_0Gq7OJw2N.jpg!m_fill,w_280,h_210,f_jpg?from=ke.com
20231124,朝阳,百子湾,101121186211,此房满五唯一南北通透两居室户型方正前后不临街,376万,41251元/平,高楼层 (共6层) | 2007年 | 2室1厅 | 91.15平米 | 南 北,https://ke-image.ljcdn.com/110000-inspection/pc1_6ku8dXCFL_1.jpg!m_fill,w_280,h_210,f_jpg?from=ke.com
20231124,朝阳,百子湾,101121179526,沿海赛洛城六期 4室2厅 南 北,1200万,73296元/平,中楼层 (共9层) | 2009年 | 4室2厅 | 163.72平米 | 南 北,https://ke-image.ljcdn.com/110000-inspection/a737271e-983e-41d4-b4a2-f562bb51d5d3_1000.jpg!m_fill,w_280,h_210,f_jpg?from=ke.com
20231124,朝阳,百子湾,101121171197,官悦欣园B区 精装修南北通透三居室楼层视野采光好。,918万,61990元/平,高楼层 (共27层) 3室2厅 | 148.09平米 | 南 北,https://ke-image.ljcdn.com/110000-inspection/pc1_P86tUAbtC.jpg!m_fill,w_280,h_210,f_jpg?from=ke.com
20231124,朝阳,百子湾,101121109327,百子湾家园三区优质三居室诚意出售,599万,45089元/平,底层 (共16层) 3室1厅 | 132.85平米 | 南 北,https://ke-image.ljcdn.com/110000-inspection/66386e40-8b32-4053-adb7-96ba43639655_1000.jpg!m_fill,w_280,h_210,f_jpg?from=ke.com
20231124,朝阳,百子湾,101121057022,急！急！急！下叠别墅   这个价格没有之一,1450万,50765元/平,地下室 (共4层) 5室2厅 | 285.63平米 | 南 北,https://ke-image.ljcdn.com/110000-inspection/fab6a8ac-7f99-4d3d-a6fa-e5e63fb5aae3_1000.jpg!m_fill,w_280,h_210,f_jpg?from=ke.com
20231124,朝阳,百子湾,101121033663,沿海赛洛城三期新装修诚意出售,1050万,77669元/平,底层 (共11层) | 2007年 | 3室1厅 | 135.19平米 | 南 北,https://ke-image.ljcdn.com/110000-inspection/pc1_AalzBHF47.jpg!m_fill,w_280,h_210,f_jpg?from=ke.com
20231124,朝阳,百子湾,101121030158,此房满五年唯一楼龄新2008年近地铁,369万,65776元/平,低楼层 (共24层) | 2007年 | 1室1厅 | 56.1平米 | 东,https://ke-image.ljcdn.com/110000-inspection/pc1_O24eqO0Uf_2.jpg!m_fill,w_280,h_210,f_jpg?from=ke.com
20231124,朝阳,百子湾,101121026853,沿海赛洛城一期二次精装保养好满五年唯一,600万,74442元/平,顶层 (共5层) | 2007年 | 2室1厅 | 80.6平米 | 东 西,https://ke-image.ljcdn.com/110000-inspection/pc1_id7wsA98N_1.jpg!m_fill,w_280,h_210,f_jpg?from=ke.com
20231124,朝阳,百子湾,101120981941,上下两层复式正常层高的功能性四居室,990万,110086元/平,顶层 (共7层) 4室2厅 | 89.93平米 | 东 西南,https://ke-image.ljcdn.com/110000-inspection/ac277929-4f8b-4cb6-863f-b2adef6e4845_1000.jpg!m_fill,w_280,h_210,f_jpg?from=ke.com
20231124,朝阳,百子湾,101120977664,大成国际 2室1厅 南,459万,80133元/平,中楼层 (共11层) | 2007年 | 2室1厅 | 57.28平米 | 南,https://ke-image.ljcdn.com/110000-inspection/pc1_sotW9QtYG_1.jpg!m_fill,w_280,h_210,f_jpg?from=ke.com
20231124,朝阳,百子湾,101120977021,大成国际 1室0厅 东,260万,54010元/平,高楼层 (共25层) | 2007年 | 1室0厅 | 48.14平米 | 东,https://ke-image.ljcdn.com/110000-inspection/pc1_GdZMrPnFT_1.jpg!m_fill,w_280,h_210,f_jpg?from=ke.com
20231124,朝阳,百子湾,101120962579,百子湾家园三区 精装两居 南向高层采光好,610万,59904元/平,中楼层 (共16层) | 2006年 | 2室1厅 | 101.83平米 | 南,https://ke-image.ljcdn.com/110000-inspection/pc1_KnLe1e0Qo.jpg!m_fill,w_280,h_210,f_jpg?from=ke.com
20231124,朝阳,百子湾,101120962113,《赛洛城示范区三期》高层全明格局两居满五唯一仅契税,665万,77200元/平,高楼层 (共14层) | 2007年 | 2室1厅 | 86.14平米 | 西南,https://ke-image.ljcdn.com/110000-inspection/pc1_Tx2rYTjTF.jpg!m_fill,w_280,h_210,f_jpg?from=ke.com
20231124,朝阳,百子湾,101120937352,沿海赛洛城六期 940万 诚意出售房主自荐,940万,111839元/平,顶层 (共7层) 4室2厅 | 84.05平米 | 南 西 北,https://ke-image.ljcdn.com/110000-inspection/6f779833-76fb-499d-afa4-4f7c115d631c_1000.jpg!m_fill,w_280,h_210,f_jpg?from=ke.com
20231124,朝阳,百子湾,101120921954,沿海赛洛城二期 东西通透两居室 采光好 无遮挡,573万,63246元/平,低楼层 (共11层) 2室1厅 | 90.6平米 | 东 西,https://ke-image.ljcdn.com/110000-inspection/5dfdfd06-000e-4931-bebc-6cc9f8e39819_1000.jpg!m_fill,w_280,h_210,f_jpg?from=ke.com
20231124,朝阳,百子湾,101120917659,金海国际南区 带产权车位 楼层高视野好两居两卫房主自荐,698万,64232元/平,中楼层 (共23层) | 2005年 | 2室2厅 | 108.67平米 | 西南,https://ke-image.ljcdn.com/110000-inspection/d69fcc5c-32a3-48ce-8167-16f91ae587bc_1000.jpg!m_fill,w_280,h_210,f_jpg?from=ke.com
20231124,朝阳,百子湾,101120914347,沿海赛洛城二期 高层观景 正规一居 三面采光 诚意出售,439万,74813元/平,高楼层 (共24层) | 2007年 | 1室1厅 | 58.68平米 | 南 西 北,https://ke-image.ljcdn.com/110000-inspection/6d1d9294-5bdb-4d91-8188-1eeace3eec61_1000.jpg!m_fill,w_280,h_210,f_jpg?from=ke.com
20231124,朝阳,百子湾,101120911876,东四环百子湾 金海国际南区 南北通透 近地铁,990万,66089元/平,低楼层 (共18层) | 2005年 | 3室2厅 | 149.8平米 | 南 北,https://ke-image.ljcdn.com/110000-inspection/c7500ac1-dd08-457f-84f7-460a88280b34_1000.jpg!m_fill,w_280,h_210,f_jpg?from=ke.com
20231124,朝阳,百子湾,101120904939,沿海赛洛城五期 1室1厅 东,365万,68047元/平,低楼层 (共25层) | 2008年 | 1室1厅 | 53.64平米 | 东,https://ke-image.ljcdn.com/110000-inspection/pc1_FaeDseBkT_1.jpg!m_fill,w_280,h_210,f_jpg?from=ke.com
20231124,朝阳,百子湾,101120871206,环境优美 一梯两户 板楼 通透两居室 满五年唯一房主自荐,540万,63785元/平,低楼层 (共8层) | 2009年 | 2室1厅 | 84.66平米 | 东 西,https://ke-image.ljcdn.com/110000-inspection/pc1_3zW8fQo8V.jpg!m_fill,w_280,h_210,f_jpg?from=ke.com
20231124,朝阳,百子湾,101120868899,百子湾家园三区精装两卫能当三居,585万,52746元/平,中楼层 (共16层) 2室1厅 | 110.91平米 | 南 北,https://ke-image.ljcdn.com/110000-inspection/380a62ce-e98e-4c13-accc-25d6ac0d44e2_1000.jpg!m_fill,w_280,h_210,f_jpg?from=ke.com
20231124,朝阳,百子湾,101120861930,中海联排 上三下一 近国贸纯别墅区,1490万,51520元/平,地下室 (共3层) 4室2厅 | 289.21平米 | 南 北,https://ke-image.ljcdn.com/110000-inspection/pc1_9uqqGYZyG_1.jpg!m_fill,w_280,h_210,f_jpg?from=ke.com
20231124,朝阳,百子湾,101120824391,沿海东南两居室正观小区花园采光视野好无遮挡。,618万,73537元/平,低楼层 (共18层) | 2009年 | 2室1厅 | 84.04平米 | 东 南,https://ke-image.ljcdn.com/110000-inspection/pc1_2QhRRxYKQ.jpg!m_fill,w_280,h_210,f_jpg?from=ke.com
20231124,朝阳,百子湾,101120789735,大成国际 西向开间 满5唯一 诚意出售,239万,59810元/平,中楼层 (共25层) | 2007年 | 1室0厅 | 39.96平米 | 西,https://ke-image.ljcdn.com/110000-inspection/pc1_QKZve3XhF_1.jpg!m_fill,w_280,h_210,f_jpg?from=ke.com
20231124,朝阳,百子湾,101120771348,大成国际东向一居室高楼层 无遮挡房主自荐,416万,68399元/平,中楼层 (共11层) | 2007年 | 1室1厅 | 60.82平米 | 东 东南,https://ke-image.ljcdn.com/110000-inspection/pc1_qRCMWzYT2_1.jpg!m_fill,w_280,h_210,f_jpg?from=ke.com
20231124,朝阳,百子湾,101120754024,满五年唯一眼镜户型双卫生间大客厅,899万,72747元/平,高楼层 (共19层) | 2006年 | 2室2厅 | 123.58平米 | 南,https://ke-image.ljcdn.com/110000-inspection/03bffaf7-1dc2-495a-953d-4fb2d0ac442e_1000.jpg!m_fill,w_280,h_210,f_jpg?from=ke.com
20231124,朝阳,百子湾,101120745490,金都杭城西区 满五年唯一 业主诚意出售 全明格局房主自荐,1200万,80575元/平,中楼层 (共20层) 3室1厅 | 148.93平米 | 南 北,https://ke-image.ljcdn.com/110000-inspection/pc1_kKXZK8dzs_1.jpg!m_fill,w_280,h_210,f_jpg?from=ke.com
20231124,朝阳,百子湾,101120708783,江南春晓金都杭城西区两居室诚意出售,890万,75100元/平,中楼层 (共19层) 2室2厅 | 118.51平米 | 南,https://ke-image.ljcdn.com/110000-inspection/2d1090bf-d827-442c-826f-7bc21190b52f_1000.jpg!m_fill,w_280,h_210,f_jpg?from=ke.com
20231124,朝阳,百子湾,101120696483,中海安德鲁斯庄园西区 联排别墅出售,1720万,59822元/平,地下室 (共3层) | 2006年 | 4室2厅 | 287.52平米 | 南 北,https://ke-image.ljcdn.com/110000-inspection/pc1_8Sk5b0aVU_1.jpg!m_fill,w_280,h_210,f_jpg?from=ke.com
20231124,朝阳,百子湾,101120680784,大成国际 南向开间 70年产权 民水民电,280万,51292元/平,高楼层 (共25层) | 2007年 | 1室0厅 | 54.59平米 | 南,https://ke-image.ljcdn.com/110000-inspection/pc1_L5uERAXzS_1.jpg!m_fill,w_280,h_210,f_jpg?from=ke.com
20231124,朝阳,百子湾,101120665554,大成国际 南向1居 70年产权 诚意出售,265万,48580元/平,低楼层 (共25层) | 2007年 | 1室1厅 | 54.55平米 | 南,https://ke-image.ljcdn.com/110000-inspection/98bf729a-7948-4aa0-9daf-5dc236deec9e_1000.jpg!m_fill,w_280,h_210,f_jpg?from=ke.com
20231124,朝阳,百子湾,101120619741,美利山西向大一居中高楼层精装修户型方正,495万,59119元/平,中楼层 (共24层) | 2011年 | 2室1厅 | 83.73平米 | 西,https://ke-image.ljcdn.com/110000-inspection/a9f04ff1-1f6a-4430-8472-5106fb9d0d2b_1000.jpg!m_fill,w_280,h_210,f_jpg?from=ke.com
20231124,朝阳,百子湾,101120605558,中海安德鲁斯庄园西区 4室2厅 南 北,1680万,58198元/平,地下室 (共3层) 4室2厅 | 288.67平米 | 南 北,https://ke-image.ljcdn.com/110000-inspection/pc1_spwsQBIU1_1.jpg!m_fill,w_280,h_210,f_jpg?from=ke.com
20231124,朝阳,百子湾,101120576391,西区上叠 4.2米挑空 使用面积310平米,1200万,47920元/平,中楼层 (共4层) | 2006年 | 4室2厅 | 250.42平米 | 南 北,https://ke-image.ljcdn.com/110000-inspection/pc1_bdQ7CTLqF_1.jpg!m_fill,w_280,h_210,f_jpg?from=ke.com
20231124,朝阳,百子湾,101120548265,沿海赛洛城 中高楼层 南向一居室 不临街 采光充足,350万,64648元/平,高楼层 (共22层) | 2009年 | 1室1厅 | 54.14平米 | 南,https://ke-image.ljcdn.com/110000-inspection/pc1_ZH04zw5fj_1.jpg!m_fill,w_280,h_210,f_jpg?from=ke.com
20231124,朝阳,百子湾,101120541335,下两层正规复式高楼层南向正观小区花园不临街。,760万,107543元/平,顶层 (共18层) 3室1厅 | 70.67平米 | 南,https://ke-image.ljcdn.com/110000-inspection/b603cc17-965f-49d4-9e49-5064e74494d8_1000.jpg!m_fill,w_280,h_210,f_jpg?from=ke.com
20231124,朝阳,百子湾,101120524460,《沿海三期示范期》东西通透一居室低密度板楼一梯两户,425万,58726元/平,底层 (共11层) | 2007年 | 1室1厅 | 72.37平米 | 东 西,https://ke-image.ljcdn.com/110000-inspection/c88fef8f-9ebf-4060-a1ca-92fdd0816a46_1000.jpg!m_fill,w_280,h_210,f_jpg?from=ke.com
20231124,朝阳,百子湾,101120482546,观音惠园低楼层南北两居室户型方正房主自荐,412万,46381元/平,低楼层 (共6层) 2室1厅 | 88.83平米 | 南 北,https://ke-image.ljcdn.com/110000-inspection/pc1_Sq06bTZbe_1.jpg!m_fill,w_280,h_210,f_jpg?from=ke.com
20231124,朝阳,百子湾,101120475691,大成国际 房本算单层面积 业主诚意出售 南向采光好,450万,78562元/平,顶层 (共11层) | 2007年 | 1室1厅 | 57.28平米 | 南,https://ke-image.ljcdn.com/110000-inspection/f78d01be-7621-43db-8660-8dc247766c51_1000.jpg!m_fill,w_280,h_210,f_jpg?from=ke.com
20231124,朝阳,百子湾,101120472173,金海国际南区 3室1厅 西南,800万,57604元/平,低楼层 (共23层) | 2005年 | 3室1厅 | 138.88平米 | 西南,https://ke-image.ljcdn.com/110000-inspection/pc1_aeIMl6NB1.jpg!m_fill,w_280,h_210,f_jpg?from=ke.com
20231124,朝阳,百子湾,101120468636,沿海赛洛城南北通透三居室 大面宽 落地窗 不临街,920万,67291元/平,中楼层 (共11层) | 2008年 | 3室1厅 | 136.72平米 | 南 北,https://ke-image.ljcdn.com/110000-inspection/867a4eaf-f3f5-4bcb-8a9a-94c680af1af5_1000.jpg!m_fill,w_280,h_210,f_jpg?from=ke.com
20231124,朝阳,百子湾,101120434011,央企开发 城中联排别墅 管家式服务 上三下一,1580万,55297元/平,地下室 (共3层) 5室2厅 | 285.73平米 | 南 北,https://ke-image.ljcdn.com/110000-inspection/pc1_aaSFI3jbU_1.jpg!m_fill,w_280,h_210,f_jpg?from=ke.com
20231124,朝阳,百子湾,101120357265,满五年唯一全明格局两居室带南向预算550万左右,550万,67893元/平,中楼层 (共11层) 2室1厅 | 81.01平米 | 西南 北,https://ke-image.ljcdn.com/110000-inspection/091c46f1-e2a5-4417-b356-56a22e7c7e06_1000.jpg!m_fill,w_280,h_210,f_jpg?from=ke.com
20231124,朝阳,百子湾,101120356963,《赛洛城示范区三期》此房满五唯一板楼俯视花园！,350万,70851元/平,中楼层 (共14层) | 2007年 | 1室0厅 | 49.4平米 | 南,https://ke-image.ljcdn.com/110000-inspection/pc1_0JyMTxWez_1.jpg!m_fill,w_280,h_210,f_jpg?from=ke.com
20231124,朝阳,百子湾,101120322788,中海安德鲁斯庄园东区 上叠户型 位置安静 采光好房主自荐,1140万,50490元/平,中楼层 (共4层) | 2005年 | 4室3厅 | 225.79平米 | 南 北,https://ke-image.ljcdn.com/110000-inspection/pc1_Mmm4Yw8Ed.jpg!m_fill,w_280,h_210,f_jpg?from=ke.com
20231124,朝阳,百子湾,101120319067,金海国际南区中金楼层、满五年W1、好房价格合适,655万,60275元/平,中楼层 (共23层) | 2005年 | 2室1厅 | 108.67平米 | 西南,https://ke-image.ljcdn.com/110000-inspection/b5df463e-9582-464c-ad3a-f7cd2d8fcd91_1000.jpg!m_fill,w_280,h_210,f_jpg?from=ke.com
20231124,朝阳,百子湾,101120302686,商品房  视野开阔 采光充足 无遮挡 高层三居,685万,64115元/平,顶层 (共16层) | 2006年 | 3室1厅 | 106.84平米 | 南 西,https://ke-image.ljcdn.com/110000-inspection/pc1_2cqB7eaM5_1.jpg!m_fill,w_280,h_210,f_jpg?from=ke.com
20231124,朝阳,百子湾,101120286557,建工动力苑 2室1厅 南,470万,70286元/平,高楼层 (共18层) 2室1厅 | 66.87平米 | 南,https://ke-image.ljcdn.com/110000-inspection/b229ffeb-77db-4598-a8d2-1226ade74fce_1000.jpg!m_fill,w_280,h_210,f_jpg?from=ke.com
20231124,朝阳,百子湾,101120232245,沿海赛洛城满五唯一采光好装修好交通便利。房主自荐,369万,74697元/平,中楼层 (共14层) | 2007年 | 1室0厅 | 49.4平米 | 南,https://ke-image.ljcdn.com/110000-inspection/ed715a03-b93a-4c35-8b83-082bbdfb7e2d_1000.jpg!m_fill,w_280,h_210,f_jpg?from=ke.com
20231124,朝阳,百子湾,101120228968,金海国际南区 满五唯一 自住精装修 环保材料 拎包入住,730万,66202元/平,中楼层 (共23层) | 2005年 | 2室2厅 | 110.27平米 | 东,https://ke-image.ljcdn.com/110000-inspection/2f1d50b7-9c61-4ed4-a4e8-b91e6f779e8b_1000.jpg!m_fill,w_280,h_210,f_jpg?from=ke.com
20231124,朝阳,百子湾,101120225290,百子湾家园三区 1室1厅 北,350万,55067元/平,低楼层 (共16层) | 2006年 | 1室1厅 | 63.56平米 | 北,https://ke-image.ljcdn.com/110000-inspection/64766339-39dc-4150-acfa-356082c9a45a_1000.jpg!m_fill,w_280,h_210,f_jpg?from=ke.com
20231124,朝阳,百子湾,101120169219,金都杭城西区 3室1厅 东 南 北,1150万,74739元/平,中楼层 (共19层) | 2006年 | 3室1厅 | 153.87平米 | 东 南 北,https://ke-image.ljcdn.com/110000-inspection/pc1_fi9OrSbCW_1.jpg!m_fill,w_280,h_210,f_jpg?from=ke.com
20231124,朝阳,百子湾,101120165652,大成国际 北向开间 视野开阔 满五唯一靠谱卖,239万,59335元/平,低楼层 (共25层) | 2007年 | 1室0厅 | 40.28平米 | 北,https://ke-image.ljcdn.com/110000-inspection/pc1_aVL7EywXe_2.jpg!m_fill,w_280,h_210,f_jpg?from=ke.com
20231124,朝阳,百子湾,101120156370,满五唯一精装修封闭院落位置安静采光好,661万,73225元/平,低楼层 (共6层) | 2007年 | 2室1厅 | 90.27平米 | 南 北,https://ke-image.ljcdn.com/110000-inspection/190f3baa-fb4e-43cf-8cf4-8bfa628d58fa_1000.jpg!m_fill,w_280,h_210,f_jpg?from=ke.com
20231124,朝阳,百子湾,101120154866,国贸附近 大成国际 东向开间 诚意出售,220万,45701元/平,高楼层 (共25层) | 2007年 | 1室0厅 | 48.14平米 | 东,https://ke-image.ljcdn.com/110000-inspection/f712cd80-2457-4207-b722-5254db4476e3_1000.jpg!m_fill,w_280,h_210,f_jpg?from=ke.com
20231124,朝阳,百子湾,101120146334,沿海赛洛城一期小复式户型业主急售,500万,84204元/平,顶层 (共8层) | 2007年 | 2室1厅 | 59.38平米 | 西,https://ke-image.ljcdn.com/110000-inspection/f49482d2-6436-415c-b0d0-866cd48887c7_1000.jpg!m_fill,w_280,h_210,f_jpg?from=ke.com
20231124,朝阳,百子湾,101120146025,满五唯一 三面朝阳 大面宽 东南北向三居  落地窗,820万,62042元/平,高楼层 (共14层) | 2007年 | 3室1厅 | 132.17平米 | 东南,https://ke-image.ljcdn.com/110000-inspection/pc1_nYDH8jnHp.jpg!m_fill,w_280,h_210,f_jpg?from=ke.com
20231124,朝阳,百子湾,101120093431,百子湾家园二区双卫两居室落地阳台采光充足,558万,49862元/平,低楼层 (共24层) 2室2厅 | 111.91平米 | 南 北,https://ke-image.ljcdn.com/110000-inspection/20f1b58a-38ed-488e-a827-f682d93d8d80_1000.jpg!m_fill,w_280,h_210,f_jpg?from=ke.com
20231124,朝阳,百子湾,101120066320,商品房 满五唯一 南向 采光充足 交通便利,330万,62954元/平,低楼层 (共11层) | 2008年 | 1室1厅 | 52.42平米 | 南,https://ke-image.ljcdn.com/110000-inspection/pc1_JNj487oZg_1.jpg!m_fill,w_280,h_210,f_jpg?from=ke.com
20231124,朝阳,百子湾,101120062809,沿海赛洛城五期 满五唯一高楼层西南向两居室 双阳台,581万,62961元/平,中楼层 (共25层) | 2008年 | 2室2厅 | 92.28平米 | 南 西,https://ke-image.ljcdn.com/110000-inspection/pc1_7eh7S2w6K_1.jpg!m_fill,w_280,h_210,f_jpg?from=ke.com
20231124,朝阳,百子湾,101120039077,金泰先锋北区 正规两居室 采光充足 带装修房主自荐,700万,78230元/平,低楼层 (共15层) | 2008年 | 2室1厅 | 89.48平米 | 南 西,https://ke-image.ljcdn.com/110000-inspection/8c3589ad-262a-41dc-bd94-e45c20e83e99_1000.jpg!m_fill,w_280,h_210,f_jpg?from=ke.com
20231124,朝阳,百子湾,101119992202,大成国际北向开间满5唯一诚意出售,205万,50768元/平,中楼层 (共25层) 1室0厅 | 40.38平米 | 北,https://ke-image.ljcdn.com/110000-inspection/pc1_0szGTbAzM_1.jpg!m_fill,w_280,h_210,f_jpg?from=ke.com
20231124,朝阳,百子湾,101119951840,观音惠园商品房复式南北双通透得房率92.5%,830万,39904元/平,顶层 (共6层) | 2006年 | 4室2厅 | 208平米 | 南 北,https://ke-image.ljcdn.com/110000-inspection/957537d7-446d-4669-9386-bc91e73c784e_1000.jpg!m_fill,w_280,h_210,f_jpg?from=ke.com
20231124,朝阳,百子湾,101119886565,中海西区下叠 南入户 北花园 满五年唯一 诚意出售,1450万,50797元/平,地下室 (共4层) 6室2厅 | 285.45平米 | 南 北,https://ke-image.ljcdn.com/110000-inspection/pc1_Tt01a2bOt_1.jpg!m_fill,w_280,h_210,f_jpg?from=ke.com
20231124,朝阳,百子湾,101119864500,金都杭城西区 3室1厅 南 北,1050万,82613元/平,中楼层 (共20层) | 2006年 | 3室1厅 | 127.1平米 | 南 北,https://ke-image.ljcdn.com/110000-inspection/32ce3385-0acd-43d5-b802-a971f0659968_1000.jpg!m_fill,w_280,h_210,f_jpg?from=ke.com
20231124,朝阳,百子湾,101119827518,《小区样板楼》300万装修 管家式服务 下叠别墅,1620万,56717元/平,地下室 (共4层) | 2005年 | 5室2厅 | 285.63平米 | 南 北,https://ke-image.ljcdn.com/110000-inspection/pc1_Dp4oOVjlo_1.jpg!m_fill,w_280,h_210,f_jpg?from=ke.com
20231124,朝阳,百子湾,101119801941,中海物业 管家式服务 上叠别墅,1260万,52647元/平,中楼层 (共5层) | 2006年 | 4室3厅 | 239.33平米 | 南 北,https://ke-image.ljcdn.com/110000-inspection/pc1_s3Tyn8Rh6_1.jpg!m_fill,w_280,h_210,f_jpg?from=ke.com
20231124,朝阳,百子湾,101119776072,小区配套成熟交通方便可以直达环球影城,695万,63956元/平,高楼层 (共23层) | 2005年 | 2室2厅 | 108.67平米 | 西南,https://ke-image.ljcdn.com/110000-inspection/pc1_Qf8BoQ3U5_1.jpg!m_fill,w_280,h_210,f_jpg?from=ke.com
20231124,朝阳,百子湾,101119754351,沿海赛洛城五期 南北通透 采光好 无遮挡,680万,66504元/平,中楼层 (共9层) | 2008年 | 2室1厅 | 102.25平米 | 南 北,https://ke-image.ljcdn.com/110000-inspection/1deaab4d-7b5a-46ee-b309-15d94a0c2e83_1000.jpg!m_fill,w_280,h_210,f_jpg?from=ke.com
20231124,朝阳,百子湾,101119750370,南向复式房本面积是单层面积   满五年唯一,450万,78562元/平,中楼层 (共11层) | 2007年 | 2室1厅 | 57.28平米 | 南,https://ke-image.ljcdn.com/110000-inspection/c6300fb3-6bf9-47bc-b800-cb75917aaccb_1000.jpg!m_fill,w_280,h_210,f_jpg?from=ke.com
20231124,朝阳,百子湾,101119739271,《沿海三期示范期》南北两居低密度板楼 诚意卖 随时看,620万,66275元/平,低楼层 (共8层) | 2007年 | 2室1厅 | 93.55平米 | 南 北,https://ke-image.ljcdn.com/110000-inspection/03046f9d-ad50-44e2-89ca-a605e63ae19f_1000.jpg!m_fill,w_280,h_210,f_jpg?from=ke.com
20231124,朝阳,百子湾,101119718114,金泰先锋南区 近地铁  两居室,660万,78209元/平,高楼层 (共18层) | 2008年 | 2室1厅 | 84.39平米 | 西北,https://ke-image.ljcdn.com/110000-inspection/24da3beb-b7f6-4270-8d32-f1b39f9c9c29_1000.jpg!m_fill,w_280,h_210,f_jpg?from=ke.com
20231124,朝阳,百子湾,101119716389,此房满五年唯一三层复式南北通透,890万,132520元/平,顶层 (共10层) 3室2厅 | 67.16平米 | 南 北,https://ke-image.ljcdn.com/110000-inspection/pc1_reSEkqqWd_1.jpg!m_fill,w_280,h_210,f_jpg?from=ke.com
20231124,朝阳,百子湾,101119712842,大成国际 北向开间 满5唯一 诚意出售,215万,47357元/平,低楼层 (共25层) | 2007年 | 1室0厅 | 45.4平米 | 北,https://ke-image.ljcdn.com/110000-inspection/pc1_7Q67KURbx_1.jpg!m_fill,w_280,h_210,f_jpg?from=ke.com
20231124,朝阳,百子湾,101119709147,《赛洛城示范区三期》南北通透 双卫 全景落地窗两居房主自荐,695万,68507元/平,中楼层 (共14层) | 2007年 | 2室1厅 | 101.45平米 | 南 北,https://ke-image.ljcdn.com/110000-inspection/78aa4e0c-678f-42ce-be58-05f07da639af_1000.jpg!m_fill,w_280,h_210,f_jpg?from=ke.com
20231124,朝阳,百子湾,101119704381,此房满五年 家庭唯一住房 自己住无遮挡 视野开阔,317万,50965元/平,低楼层 (共24层) | 2006年 | 1室1厅 | 62.2平米 | 北,https://ke-image.ljcdn.com/110000-inspection/278b073d-df5f-4a68-a65d-75a7bfc88c33_1000.jpg!m_fill,w_280,h_210,f_jpg?from=ke.com
20231124,朝阳,百子湾,101119669600,商品房南北通透采光视野开阔无遮挡,440万,43821元/平,高楼层 (共6层) | 2006年 | 2室1厅 | 100.41平米 | 南 北,https://ke-image.ljcdn.com/110000-inspection/pc1_VhoSmpCKc_1.jpg!m_fill,w_280,h_210,f_jpg?from=ke.com
20231124,朝阳,百子湾,101119661685,东四环 大成国际 东向开间 业主诚意出售,248万,51517元/平,中楼层 (共25层) | 2007年 | 1室0厅 | 48.14平米 | 东,https://ke-image.ljcdn.com/110000-inspection/c51aec17-4657-4424-8d9f-5f034b46c8c4_1000.jpg!m_fill,w_280,h_210,f_jpg?from=ke.com
20231124,朝阳,百子湾,101119661185,大成国际   北向复式房本  算单层面积  满五年唯一,285万,67552元/平,低楼层 (共11层) | 2007年 | 1室1厅 | 42.19平米 | 北,https://ke-image.ljcdn.com/110000-inspection/pc1_cP80bTJtB_1.jpg!m_fill,w_280,h_210,f_jpg?from=ke.com
20231124,朝阳,百子湾,101119653540,满五唯一 此房边户复式房本面积是单层面积居住舒适,379万,88863元/平,中楼层 (共11层) | 2007年 | 1室1厅 | 42.65平米 | 西北,https://ke-image.ljcdn.com/110000-inspection/pc1_UGOZcghSr_1.jpg!m_fill,w_280,h_210,f_jpg?from=ke.com
20231124,朝阳,百子湾,101119652618,金泰先锋北区 高层南北通透 全明格局三居室 无遮挡,1200万,86812元/平,高楼层 (共18层) | 2008年 | 3室2厅 | 138.23平米 | 南 北,https://ke-image.ljcdn.com/110000-inspection/ca2941fc-4106-485f-85c1-20f8a58f1d7e_1000.jpg!m_fill,w_280,h_210,f_jpg?from=ke.com
20231124,朝阳,百子湾,101119648901,美利山 满五唯一 户型方正 采光视野好 近地铁,485万,62881元/平,低楼层 (共24层) | 2011年 | 2室1厅 | 77.13平米 | 西,https://ke-image.ljcdn.com/110000-inspection/91e3e6ee-5fb3-446b-980b-1c6aa9b7681e_1000.jpg!m_fill,w_280,h_210,f_jpg?from=ke.com
20231124,朝阳,百子湾,101119639883,CBD国际高尔夫别墅临湖别墅独栋户型规整。,3550万,82178元/平,底层 (共2层) | 2006年 | 6室3厅 | 431.99平米 | 南 北,https://ke-image.ljcdn.com/110000-inspection/2e9b0f0d-6df5-4fa7-af63-25cbcdeedcb2_1000.jpg!m_fill,w_280,h_210,f_jpg?from=ke.com
20231124,朝阳,百子湾,101119588756,国贸附近 大成国际公寓 北向高层复式 业主诚意出售,390万,92527元/平,高楼层 (共11层) | 2007年 | 1室1厅 | 42.15平米 | 北,https://ke-image.ljcdn.com/110000-inspection/pc1_9TYOevgFJ_1.jpg!m_fill,w_280,h_210,f_jpg?from=ke.com
20231124,朝阳,百子湾,101119577940,沿海赛洛城 东向一居室  无抵押房主自荐,365万,64694元/平,顶层 (共7层) | 2008年 | 1室1厅 | 56.42平米 | 东,https://ke-image.ljcdn.com/110000-inspection/1f8da07a-28d7-4b93-82a2-d6ef40d7cc7f_1000.jpg!m_fill,w_280,h_210,f_jpg?from=ke.com
20231124,朝阳,百子湾,101119564247,满五唯一东向中楼层诚意卖价格能聊,355万,66158元/平,中楼层 (共25层) | 2008年 | 1室1厅 | 53.66平米 | 东,https://ke-image.ljcdn.com/110000-inspection/pc1_cXUIq2zwf.jpg!m_fill,w_280,h_210,f_jpg?from=ke.com
20231124,朝阳,百子湾,101119555909,金海南区  南北三居 两梯两户 满五唯一 诚意出售,1250万,66881元/平,高楼层 (共18层) | 2005年 | 3室2厅 | 186.9平米 | 南 北,https://ke-image.ljcdn.com/110000-inspection/a9b67804-6426-48f5-b3e7-fabbfc4ed7ed_1000.jpg!m_fill,w_280,h_210,f_jpg?from=ke.com
20231124,朝阳,百子湾,101119554850,沿海赛洛城六期 南北通透 全新装修 中高层,695万,77776元/平,中楼层 (共9层) | 2009年 | 2室1厅 | 89.36平米 | 南 北,https://ke-image.ljcdn.com/110000-inspection/pc1_OYOh0zM6x.jpg!m_fill,w_280,h_210,f_jpg?from=ke.com
20231124,朝阳,百子湾,101119546295,金都杭城西区  有100平地下不在房本诚意出售,1620万,105938元/平,底层 (共17层) | 2006年 | 4室2厅 | 152.92平米 | 南 北,https://ke-image.ljcdn.com/110000-inspection/pc1_iJsSKFvJ7.jpg!m_fill,w_280,h_210,f_jpg?from=ke.com
20231124,朝阳,百子湾,101119539456,沿海赛洛城二期 南向大两居 面对花园 满五唯一,660万,69886元/平,低楼层 (共19层) | 2007年 | 2室1厅 | 94.44平米 | 西南,https://ke-image.ljcdn.com/110000-inspection/141b6935-1dc3-4736-ac0b-88f3d66896d4_1000.jpg!m_fill,w_280,h_210,f_jpg?from=ke.com
20231124,朝阳,百子湾,101119515240,：此房满五唯一东向一居室带大阳台视野采光都很好,375万,63896元/平,低楼层 (共24层) | 2009年 | 1室1厅 | 58.69平米 | 东,https://ke-image.ljcdn.com/110000-inspection/e2714ce2-30dc-42eb-ae5d-85e1c908ee99_1000.jpg!m_fill,w_280,h_210,f_jpg?from=ke.com
20231124,朝阳,百子湾,101119488860,中海安德鲁斯庄园东区精装上叠出售,1280万,62130元/平,中楼层 (共4层) 4室2厅 | 206.02平米 | 南 北,https://ke-image.ljcdn.com/110000-inspection/8ddc2f22-94ba-49df-b7b1-9440ddf119db_1000.jpg!m_fill,w_280,h_210,f_jpg?from=ke.com
20231124,朝阳,百子湾,101119441659,商品房满五年唯一全南向采光视野开阔无遮挡,320万,56488元/平,顶层 (共6层) | 2006年 | 1室1厅 | 56.65平米 | 南,https://ke-image.ljcdn.com/110000-inspection/pc1_liUJw5ybJ.jpg!m_fill,w_280,h_210,f_jpg?from=ke.com
20231124,朝阳,百子湾,101119441562,满五唯一、不临街中间位置.出行便利,380万,73289元/平,中楼层 (共11层) | 2008年 | 1室1厅 | 51.85平米 | 南,https://ke-image.ljcdn.com/110000-inspection/abfe4632-f405-4b8a-9659-c1aa8a4ded0c_1000.jpg!m_fill,w_280,h_210,f_jpg?from=ke.com
20231124,朝阳,百子湾,101119432520,高楼层 精装修 无遮挡 视野好房主自荐,328万,77744元/平,高楼层 (共11层) | 2007年 | 1室1厅 | 42.19平米 | 北,https://ke-image.ljcdn.com/110000-inspection/pc1_mOfeF0jiA_2.jpg!m_fill,w_280,h_210,f_jpg?from=ke.com
20231124,朝阳,百子湾,101119431100,大成国际 西向开间 高层观景 满5唯一,235万,64703元/平,高楼层 (共25层) 1室0厅 | 36.32平米 | 西,https://ke-image.ljcdn.com/110000-inspection/pc1_XgrswdpI5_2.jpg!m_fill,w_280,h_210,f_jpg?from=ke.com
20231124,朝阳,百子湾,101119425059,采光视野无遮挡看房方便适合居住人车分流房主自荐,328万,68620元/平,顶层 (共18层) | 2009年 | 1室1厅 | 47.8平米 | 西,https://ke-image.ljcdn.com/110000-inspection/da4fe4af-a117-41f2-b7c1-ea461d246649_1000.jpg!m_fill,w_280,h_210,f_jpg?from=ke.com
20231124,朝阳,百子湾,101119363385,四环边 朝阳区 5.5米挑空联排别墅 南北通透,2250万,62176元/平,地下室 (共3层) 4室2厅 | 361.88平米 | 南 北,https://ke-image.ljcdn.com/110000-inspection/pc1_CsNtFaGos_1.jpg!m_fill,w_280,h_210,f_jpg?from=ke.com
20231124,朝阳,百子湾,101119332260,《赛洛城示范区三期》南北通透 双卫生间大两居,730万,71957元/平,低楼层 (共14层) | 2007年 | 2室1厅 | 101.45平米 | 南 北,https://ke-image.ljcdn.com/110000-inspection/6d6491c4-c7ec-46f7-ad73-48386c08884b_1000.jpg!m_fill,w_280,h_210,f_jpg?from=ke.com
20231124,朝阳,百子湾,101119330940,复式 大客厅 满五年唯一 隔层分离 私密性好 四世同堂房主自荐,1200万,78207元/平,顶层 (共8层) | 2007年 | 6室2厅 | 153.44平米 | 南 北,https://ke-image.ljcdn.com/110000-inspection/pc1_W95cOVjiu_1.jpg!m_fill,w_280,h_210,f_jpg?from=ke.com
20231124,朝阳,百子湾,101119322506,精装上叠 低密社区  停车方便 双车位,1210万,52938元/平,中楼层 (共4层) | 2005年 | 4室2厅 | 228.57平米 | 南 北,https://ke-image.ljcdn.com/110000-inspection/814ab594-4ab0-4746-a092-a19f6ff36cbe_1000.jpg!m_fill,w_280,h_210,f_jpg?from=ke.com
20231124,朝阳,百子湾,101119298383,金泰先锋北区 南北通透三居室 中间楼层 不临街,1158万,89235元/平,中楼层 (共16层) | 2008年 | 3室2厅 | 129.77平米 | 南 北,https://ke-image.ljcdn.com/110000-inspection/f6c8d8cc-f571-48ef-9fa7-9979864d6349_1000.jpg!m_fill,w_280,h_210,f_jpg?from=ke.com
20231124,朝阳,百子湾,101119292576,高楼层 满五唯一 明厨明卫 视野佳,499万,54560元/平,高楼层 (共25层) | 2008年 | 2室1厅 | 91.46平米 | 西 东北,https://ke-image.ljcdn.com/110000-inspection/7295758c-4902-47f5-a573-8cfe1b3907be_1000.jpg!m_fill,w_280,h_210,f_jpg?from=ke.com
20231124,朝阳,百子湾,101119283404,石门村路5号院 南北通透户型 采光好,452万,53416元/平,中楼层 (共5层) | 1999年 | 2室1厅 | 84.62平米 | 北 南,https://ke-image.ljcdn.com/110000-inspection/c1f2a8da-3179-4100-a966-a3ab8fe1a34d_1000.jpg!m_fill,w_280,h_210,f_jpg?from=ke.com
20231124,朝阳,百子湾,101119262650,大成国际 北向开间 精装修中间楼层满五年唯一看房方便,199万,49258元/平,中楼层 (共25层) 1室0厅 | 40.4平米 | 北,https://ke-image.ljcdn.com/110000-inspection/pc1_HCVdTjJsT_1.jpg!m_fill,w_280,h_210,f_jpg?from=ke.com
20231124,朝阳,百子湾,101119251841,南北通透两居室  采光好 视野好,390万,43281元/平,顶层 (共6层) 2室1厅 | 90.11平米 | 南 北,https://ke-image.ljcdn.com/110000-inspection/pc1_BViwIGyQq_1.jpg!m_fill,w_280,h_210,f_jpg?from=ke.com
20231124,朝阳,百子湾,101119233250,中楼层全南两居 采光好 视野开阔 近商业地铁 诚意卖房主自荐,550万,53933元/平,中楼层 (共15层) | 2006年 | 2室1厅 | 101.98平米 | 南,https://ke-image.ljcdn.com/110000-inspection/pc1_ocoxu9LCh_1.jpg!m_fill,w_280,h_210,f_jpg?from=ke.com
20231124,朝阳,百子湾,101119225076,观音惠园 南北通透三居室满五唯一价格可谈,495万,39503元/平,顶层 (共6层) | 2006年 | 3室1厅 | 125.31平米 | 南 北,https://ke-image.ljcdn.com/110000-inspection/pc1_9HtQNh9xY_1.jpg!m_fill,w_280,h_210,f_jpg?from=ke.com
20231124,朝阳,百子湾,101119162300,此房满五唯一商品房看房随时 高板楼梯户比少,399万,57760元/平,低楼层 (共7层) | 2008年 | 1室1厅 | 69.08平米 | 东 西,https://ke-image.ljcdn.com/110000-inspection/pc1_Hl5DaFikY.jpg!m_fill,w_280,h_210,f_jpg?from=ke.com
20231124,朝阳,百子湾,101119147546,中海物业 纯别墅区 管家式服务 南花园联排,2230万,64932元/平,地下室 (共3层) | 2006年 | 5室2厅 | 343.44平米 | 南 北,https://ke-image.ljcdn.com/110000-inspection/pc1_UIg5Yz9o2_1.jpg!m_fill,w_280,h_210,f_jpg?from=ke.com
20231124,朝阳,百子湾,101119134806,沿海赛洛城二期南北通透两居室业主诚意出售,710万,68296元/平,中楼层 (共19层) | 2007年 | 2室1厅 | 103.96平米 | 南 北,https://ke-image.ljcdn.com/110000-inspection/91c00758-adb0-4146-9b0d-5cddc56a9e82_1000.jpg!m_fill,w_280,h_210,f_jpg?from=ke.com
20231124,朝阳,百子湾,101119042425,商品房满两年东西通透西向客厅和主卧室带大阳台,550万,65089元/平,顶层 (共5层) 2室1厅 | 84.5平米 | 东 西,https://ke-image.ljcdn.com/110000-inspection/pc1_bjeSlLEBc.jpg!m_fill,w_280,h_210,f_jpg?from=ke.com
20231124,朝阳,百子湾,101119024973,百子湾广渠路 南北通透 板楼一梯两户 精装修 商品房,685万,69906元/平,低楼层 (共11层) 2室2厅 | 97.99平米 | 南 北,https://ke-image.ljcdn.com/110000-inspection/pc1_kFJy7WEDY_1.jpg!m_fill,w_280,h_210,f_jpg?from=ke.com
20231124,朝阳,百子湾,101118973521,满五年唯一商品房户型规整三居室诚售房主自荐,530万,53901元/平,低楼层 (共24层) | 2011年 | 3室1厅 | 98.33平米 | 东北,https://ke-image.ljcdn.com/110000-inspection/338ad215-37e2-41c4-b7c3-eaa0d7b0fb3f_1000.jpg!m_fill,w_280,h_210,f_jpg?from=ke.com
20231124,朝阳,百子湾,101118960362,沿海赛洛城五期 1室1厅 东 西,425万,62090元/平,中楼层 (共25层) | 2008年 | 1室1厅 | 68.45平米 | 东 西,https://ke-image.ljcdn.com/110000-inspection/8a2b2caf-8074-4a1d-a59b-ab5b0f15d4a1_1000.jpg!m_fill,w_280,h_210,f_jpg?from=ke.com
20231124,朝阳,百子湾,101118934973,有两个阳台 东向采光视野无遮挡 装修保养的好,385万,63668元/平,中楼层 (共24层) | 2009年 | 1室1厅 | 60.47平米 | 东,https://ke-image.ljcdn.com/110000-inspection/b410551b-ac33-4122-bd95-c3bb5d638a9e_1000.jpg!m_fill,w_280,h_210,f_jpg?from=ke.com
20231124,朝阳,百子湾,101118902313,沿海赛洛城 满五唯一商品房 户型方正 居住舒适,342万,65782元/平,低楼层 (共25层) 1室1厅 | 51.99平米 | 东,https://ke-image.ljcdn.com/110000-inspection/739a3efd-3f55-4bc3-8b44-5f9c801fde58_1000.jpg!m_fill,w_280,h_210,f_jpg?from=ke.com
20231124,朝阳,百子湾,101118864486,东四环 近国贸 百子湾家园三区 户型方正一居,360万,57990元/平,低楼层 (共19层) | 2006年 | 1室1厅 | 62.08平米 | 北,https://ke-image.ljcdn.com/110000-inspection/pc1_Y6xlDMAvu.jpg!m_fill,w_280,h_210,f_jpg?from=ke.com
20231124,朝阳,百子湾,101118828743,深沟村1号 东向 无遮挡  业主诚意出售房主自荐,267万,53082元/平,中楼层 (共5层) | 1980年 | 2室1厅 | 50.3平米 | 东,https://ke-image.ljcdn.com/110000-inspection/pc1_iDwrUPVOd.jpg!m_fill,w_280,h_210,f_jpg?from=ke.com
20231124,朝阳,百子湾,101118793891,大成国际  满五年唯一 西向视野好房主自荐,185万,50937元/平,低楼层 (共25层) | 2007年 | 1室0厅 | 36.32平米 | 西,https://ke-image.ljcdn.com/110000-inspection/fd95c954-cfd8-4a10-b1d7-edec674f85a0_1000.jpg!m_fill,w_280,h_210,f_jpg?from=ke.com
20231124,朝阳,百子湾,101118784683,高楼层前后无遮挡封闭社区人车分流客厅带阳台,955万,90875元/平,高楼层 (共26层) | 2009年 | 2室1厅 | 105.09平米 | 南 北,https://ke-image.ljcdn.com/110000-inspection/66a2f63a-2886-4c75-bac6-65d691633cc2_1000.jpg!m_fill,w_280,h_210,f_jpg?from=ke.com
20231124,朝阳,百子湾,101118764794,大成国际 精装复式 满5年 诚意出售,300万,62788元/平,低楼层 (共11层) | 2007年 | 1室1厅 | 47.78平米 | 北,https://ke-image.ljcdn.com/110000-inspection/pc1_1QUTcDE9C_1.jpg!m_fill,w_280,h_210,f_jpg?from=ke.com
20231124,朝阳,百子湾,101118743390,沿海赛洛城 满五唯一 南北三居,799万,91190元/平,顶层 (共10层) 3室2厅 | 87.62平米 | 南 西 北,https://ke-image.ljcdn.com/110000-inspection/84f77312-3738-4d38-8dc0-c1dd86ca7959_1000.jpg!m_fill,w_280,h_210,f_jpg?from=ke.com
20231124,朝阳,百子湾,101118675408,沿海赛洛城一期南北两居不临街中建楼层,595万,74246元/平,中楼层 (共4层) | 2007年 | 2室1厅 | 80.14平米 | 南 北,https://ke-image.ljcdn.com/110000-inspection/1f7f3a31-47cd-4b64-9d10-525d9188827a_1000.jpg!m_fill,w_280,h_210,f_jpg?from=ke.com
20231124,朝阳,百子湾,101118623657,此房满五唯一东西通透楼层高视野好,420万,61359元/平,低楼层 (共25层) | 2008年 | 1室1厅 | 68.45平米 | 东 西,https://ke-image.ljcdn.com/110000-inspection/pc1_4FMFwPa6I_1.jpg!m_fill,w_280,h_210,f_jpg?from=ke.com
20231124,朝阳,百子湾,101118557590,沿海赛洛城一期 南北通透两居室 精装修 满五唯一,695万,68765元/平,低楼层 (共6层) | 2007年 | 2室1厅 | 101.07平米 | 南 北,https://ke-image.ljcdn.com/110000-inspection/809266f7-2734-404a-843a-2e7e41aa7b1b_1000.jpg!m_fill,w_280,h_210,f_jpg?from=ke.com
20231124,朝阳,百子湾,101118547008,中间楼层全南两居室满五唯一有钥匙随时看房,565万,54999元/平,中楼层 (共14层) | 2006年 | 2室1厅 | 102.73平米 | 南,https://ke-image.ljcdn.com/110000-inspection/pc1_XQyQWca3C.jpg!m_fill,w_280,h_210,f_jpg?from=ke.com
20231124,朝阳,百子湾,101118537355,百子湾家园 南北通透两居 满五唯一,550万,55781元/平,底层 (共24层) | 2006年 | 2室1厅 | 98.6平米 | 南 北,https://ke-image.ljcdn.com/110000-inspection/pc1_9K8bvoTEE.jpg!m_fill,w_280,h_210,f_jpg?from=ke.com
20231124,朝阳,百子湾,101118532414,金都杭城东区 3室2厅 南 北,1450万,90304元/平,低楼层 (共11层) | 2009年 | 3室2厅 | 160.57平米 | 南 北,https://ke-image.ljcdn.com/110000-inspection/dcf9567c-a87a-465b-9418-78ad5ae60f4a_1000.jpg!m_fill,w_280,h_210,f_jpg?from=ke.com
20231124,朝阳,百子湾,101118510019,金海国际南区 满五唯一 高楼层无遮挡 随时看房,696万,63101元/平,高楼层 (共23层) | 2005年 | 2室2厅 | 110.3平米 | 西,https://ke-image.ljcdn.com/110000-inspection/pc1_xns18i0wx_1.jpg!m_fill,w_280,h_210,f_jpg?from=ke.com
20231124,朝阳,百子湾,101118457841,东南向两居楼层高视野好采光充足,696万,64048元/平,中楼层 (共23层) | 2005年 | 2室1厅 | 108.67平米 | 东南,https://ke-image.ljcdn.com/110000-inspection/pc1_1eJT53wHI_1.jpg!m_fill,w_280,h_210,f_jpg?from=ke.com
20231124,朝阳,百子湾,101118436293,金泰先锋北区 高层三居室 南北通透 采光视野好房主自荐,1120万,86307元/平,顶层 (共16层) | 2008年 | 3室1厅 | 129.77平米 | 南 北,https://ke-image.ljcdn.com/110000-inspection/bd2ff386-c394-4627-b151-97849a129759_1000.jpg!m_fill,w_280,h_210,f_jpg?from=ke.com
20231124,朝阳,百子湾,101118434996,国贸附近 大成国际 南向开间 诚意出售,251万,45980元/平,中楼层 (共25层) | 2007年 | 1室0厅 | 54.59平米 | 南,https://ke-image.ljcdn.com/110000-inspection/62cdb4d0-ca09-4597-a0b6-30673f5f1a41_1000.jpg!m_fill,w_280,h_210,f_jpg?from=ke.com
20231124,朝阳,百子湾,101118419107,观音景园一期 顶层复式 商品房满五唯一 南北通透 4居,570万,44135元/平,顶层 (共6层) | 2002年 | 4室2厅 | 129.15平米 | 南 北,https://ke-image.ljcdn.com/110000-inspection/pc1_nREOYL8ga_1.jpg!m_fill,w_280,h_210,f_jpg?from=ke.com
20231124,朝阳,百子湾,101118393895,CBD国际高尔夫别墅南北通透户型规整临水系。,805万,67790元/平,低楼层 (共3层) 2室2厅 | 118.75平米 | 南 北,https://ke-image.ljcdn.com/110000-inspection/1a079063-a677-4436-b858-a7b52fd63f83_1000.jpg!m_fill,w_280,h_210,f_jpg?from=ke.com
20231124,朝阳,百子湾,101118364546,水磨厂宿舍南北两居室  诚意出售,266万,59951元/平,顶层 (共5层) | 1974年 | 2室1厅 | 44.37平米 | 南 北,https://ke-image.ljcdn.com/110000-inspection/c6d13498-1d58-4162-a671-f8b41df7f4cc_1000.jpg!m_fill,w_280,h_210,f_jpg?from=ke.com
20231124,朝阳,百子湾,101118360066,大成国际 70年产权复式 满5唯一 民水民电,317万,75137元/平,中楼层 (共11层) | 2007年 | 1室1厅 | 42.19平米 | 北,https://ke-image.ljcdn.com/110000-inspection/pc1_Lu163UyyF_1.jpg!m_fill,w_280,h_210,f_jpg?from=ke.com
20231124,朝阳,百子湾,101118291572,沿海赛洛城全明格局视野开阔无遮挡满5唯一。,1550万,42913元/平,高楼层 (共20层) | 2013年 | 4室2厅 | 361.2平米 | 东 南 西,https://ke-image.ljcdn.com/110000-inspection/pc1_570z3shvv_2.jpg!m_fill,w_280,h_210,f_jpg?from=ke.com
20231124,朝阳,百子湾,101118253227,满五唯一商品房 中高楼层 二次装修 诚意出售房主自荐,370万,61780元/平,中楼层 (共25层) | 2009年 | 1室1厅 | 59.89平米 | 东,https://ke-image.ljcdn.com/110000-inspection/f4c7c0a2-360b-4e62-a961-bc0248d46b14_1000.jpg!m_fill,w_280,h_210,f_jpg?from=ke.com
20231124,朝阳,百子湾,101118224125,沿海赛洛城五期 满五唯一 东西通透 采光视野好,388万,55740元/平,中楼层 (共25层) | 2009年 | 1室1厅 | 69.61平米 | 东 西,https://ke-image.ljcdn.com/110000-inspection/pc1_05Mt2Eei1_2.jpg!m_fill,w_280,h_210,f_jpg?from=ke.com
20231124,朝阳,百子湾,101118197017,金泰先锋北区 南北通透  采光好 一梯两户 诚意出售房主自荐,821万,89240元/平,底层 (共10层) | 2010年 | 2室1厅 | 92平米 | 南 北,https://ke-image.ljcdn.com/110000-inspection/2c068777-d6c2-4d22-9af0-b9c9d8604a1d_1000.jpg!m_fill,w_280,h_210,f_jpg?from=ke.com
20231124,朝阳,百子湾,101118184916,房子户型好位置安静楼层好采光充足满五年,815万,67579元/平,低楼层 (共3层) | 2006年 | 2室1厅 | 120.6平米 | 南 北,https://ke-image.ljcdn.com/110000-inspection/250ba7d2-fb0b-456f-8f8c-2b2d7a2fb5f6_1000.jpg!m_fill,w_280,h_210,f_jpg?from=ke.com
20231124,朝阳,百子湾,101118180598,户型方正南北通透明厨明卫2梯3户板楼房主自荐,835万,81807元/平,顶层 (共26层) | 2009年 | 2室2厅 | 102.07平米 | 南 北,https://ke-image.ljcdn.com/110000-inspection/2fde7dfd-ea18-4721-839b-3e55ff9e37a1_1000.jpg!m_fill,w_280,h_210,f_jpg?from=ke.com
20231124,朝阳,百子湾,101118153898,满五唯一 中高楼层 装修好 无抵押,382万,68447元/平,中楼层 (共24层) | 2007年 | 1室1厅 | 55.81平米 | 东,https://ke-image.ljcdn.com/110000-inspection/pc1_1lQbuvkiS_2.jpg!m_fill,w_280,h_210,f_jpg?from=ke.com
20231124,朝阳,百子湾,101118139149,《小区样板楼》东四环纯别墅区 中海物业 南花园联排,1900万,55307元/平,地下室 (共3层) | 2005年 | 5室2厅 | 343.54平米 | 南 北,https://ke-image.ljcdn.com/110000-inspection/pc1_ky8bJdafV_1.jpg!m_fill,w_280,h_210,f_jpg?from=ke.com
20231124,朝阳,百子湾,101118123017,户型方正 楼间距大 无遮挡 采光充足,870万,73486元/平,低楼层 (共19层) | 2006年 | 2室2厅 | 118.39平米 | 南,https://ke-image.ljcdn.com/110000-inspection/pc1_AnGGVDFnj.jpg!m_fill,w_280,h_210,f_jpg?from=ke.com
20231124,朝阳,百子湾,101118104615,美利山 精装修 满五唯一 户型方正 大一居室,430万,61508元/平,中楼层 (共24层) | 2011年 | 1室1厅 | 69.91平米 | 东,https://ke-image.ljcdn.com/110000-inspection/pc1_k04yLW36W_1.jpg!m_fill,w_280,h_210,f_jpg?from=ke.com
20231124,朝阳,百子湾,101118099038,大成国际 西向开间 高层观景 满5唯一,229万,63051元/平,高楼层 (共25层) 1室0厅 | 36.32平米 | 西,https://ke-image.ljcdn.com/110000-inspection/pc1_rfcOXgQLf_1.jpg!m_fill,w_280,h_210,f_jpg?from=ke.com
20231124,朝阳,百子湾,101118058574,百子湾家园  南北双卫两居 满五唯一  看花园,615万,55426元/平,中楼层 (共16层) | 2008年 | 2室1厅 | 110.96平米 | 西南 北,https://ke-image.ljcdn.com/110000-inspection/pc1_PwodDNlTH_1.jpg!m_fill,w_280,h_210,f_jpg?from=ke.com
20231124,朝阳,百子湾,101118055462,满五唯一商品房一层两户南北通透格局好通风好,865万,64529元/平,底层 (共4层) | 2007年 | 4室2厅 | 134.05平米 | 南 北,https://ke-image.ljcdn.com/110000-inspection/pc1_5cwygIeTR_1.jpg!m_fill,w_280,h_210,f_jpg?from=ke.com
20231124,朝阳,百子湾,101118039323,石门村路5号院大一居室诚意出售 看房方便房主自荐,298万,43696元/平,顶层 (共5层) | 2000年 | 1室1厅 | 68.2平米 | 北,https://ke-image.ljcdn.com/110000-inspection/8260cfb7-fb70-40a6-80c6-a56faf5249aa_1000.jpg!m_fill,w_280,h_210,f_jpg?from=ke.com
20231124,朝阳,百子湾,101118022539,沿海赛洛城一期满五唯一精装修户型好诚意卖。,345万,65903元/平,中楼层 (共24层) | 2007年 | 1室1厅 | 52.35平米 | 西,https://ke-image.ljcdn.com/110000-inspection/test-3f4b90db-857e-4b10-b710-45b163c64d0d.png!m_fill,w_280,h_210,f_jpg?from=ke.com
20231124,朝阳,百子湾,101118018766,沿海赛洛城三期 满五唯一 南北两居 中楼层 采光好,719万,77899元/平,中楼层 (共11层) | 2007年 | 2室1厅 | 92.3平米 | 南 北,https://ke-image.ljcdn.com/110000-inspection/72c8e343-5d3e-4f2a-912e-73df9f0240e5_1000.jpg!m_fill,w_280,h_210,f_jpg?from=ke.com
20231124,朝阳,百子湾,101118000875,合生汇1.5km 南北通透两居室 总高8层一梯两户,590万,73898元/平,顶层 (共8层) | 2007年 | 2室1厅 | 79.84平米 | 南 北,https://ke-image.ljcdn.com/110000-inspection/pc1_KIQgq6eTS_1.jpg!m_fill,w_280,h_210,f_jpg?from=ke.com
20231124,朝阳,百子湾,101117996970,东西通透大阳台满五唯一精装修,530万,72633元/平,顶层 (共6层) | 2007年 | 2室1厅 | 72.97平米 | 东 西,https://ke-image.ljcdn.com/110000-inspection/pc1_1f3WLWJhI_1.jpg!m_fill,w_280,h_210,f_jpg?from=ke.com
20231124,朝阳,百子湾,101117984634,金海国际北区 南北四居室 全明格局 装修好 拎包入住,1300万,66047元/平,低楼层 (共13层) | 2005年 | 4室2厅 | 196.83平米 | 南 北,https://ke-image.ljcdn.com/110000-inspection/c1892358-1235-464c-ba91-87ea2f929fee_1000.jpg!m_fill,w_280,h_210,f_jpg?from=ke.com
20231124,朝阳,百子湾,101117978212,金海国际南区东向一居精装修户型方正,530万,79011元/平,低楼层 (共23层) | 2005年 | 1室1厅 | 67.08平米 | 东,https://ke-image.ljcdn.com/110000-inspection/4acc5dc9-f019-40cf-bfb4-8c9d50aaf562_1000.jpg!m_fill,w_280,h_210,f_jpg?from=ke.com
20231124,朝阳,百子湾,101117966688,沿海赛洛城小区西向商品房自住装修,499万,60383元/平,高楼层 (共24层) 1室1厅 | 82.64平米 | 西,https://ke-image.ljcdn.com/110000-inspection/pc1_K1k1kuLAQ_1.jpg!m_fill,w_280,h_210,f_jpg?from=ke.com
20231124,朝阳,百子湾,101117939762,商品房精装修满五唯一业主自住诚意出售。房主自荐,575万,44405元/平,顶层 (共6层) | 2003年 | 4室1厅 | 129.49平米 | 南 北,https://ke-image.ljcdn.com/110000-inspection/pc1_gVV9N2PFP_1.jpg!m_fill,w_280,h_210,f_jpg?from=ke.com
20231124,朝阳,百子湾,101117929845,沿海赛洛城上下两层算一层面积南北通透前后看花园,1295万,97803元/平,顶层 (共9层) 3室2厅 | 132.41平米 | 南 北,https://ke-image.ljcdn.com/110000-inspection/79ba3f59-6977-4c46-ad8f-c54799d4e2db_1000.jpg!m_fill,w_280,h_210,f_jpg?from=ke.com
20231124,朝阳,百子湾,101117899699,百子湾家园二区、商品房满五年、精装修拎包入住、诚售,390万,62722元/平,低楼层 (共22层) | 2006年 | 1室1厅 | 62.18平米 | 北,https://ke-image.ljcdn.com/110000-inspection/44db9968-46f2-4a12-baa0-e21cc299ad48_1000.jpg!m_fill,w_280,h_210,f_jpg?from=ke.com
20231124,朝阳,百子湾,101117898048,百子湾家园二区、全南向、正对小区花园、采光视野俱佳房主自荐,550万,53476元/平,低楼层 (共24层) | 2006年 | 2室1厅 | 102.85平米 | 南,https://ke-image.ljcdn.com/110000-inspection/e6214950-f13d-4da2-adbd-47ddc64b5002_1000.jpg!m_fill,w_280,h_210,f_jpg?from=ke.com
20231124,朝阳,百子湾,101117894999,东向一居室窗户大光线好满五唯一,430万,51118元/平,低楼层 (共24层) | 2011年 | 1室1厅 | 84.12平米 | 东,https://ke-image.ljcdn.com/110000-inspection/9291aaa0-b195-48ac-8a6a-badc124e12a2_1000.jpg!m_fill,w_280,h_210,f_jpg?from=ke.com
20231124,朝阳,百子湾,101117891193,南北通透格局楼层好视野开阔采光充足交通便利,1240万,80265元/平,中楼层 (共17层) | 2006年 | 3室2厅 | 154.49平米 | 南 北,https://ke-image.ljcdn.com/110000-inspection/893eeabb-a728-4b44-881f-bac16d5c9406_1000.jpg!m_fill,w_280,h_210,f_jpg?from=ke.com
20231124,朝阳,百子湾,101117888832,CBD国际高尔夫别墅临湖独栋别墅带私家院落,3600万,80180元/平,地下室 (共2层) | 2006年 | 4室2厅 | 448.99平米 | 南 北,https://ke-image.ljcdn.com/110000-inspection/aeb8167c-0548-4ce6-a0a0-61a04ed38b6a_1000.jpg!m_fill,w_280,h_210,f_jpg?from=ke.com
20231124,朝阳,百子湾,101117881716,金都杭城东区下跃另有80平米使用面积不在房本之内,1170万,81115元/平,底层 (共25层) 4室3厅 | 144.24平米 | 南 北,https://ke-image.ljcdn.com/110000-inspection/pc1_nm9ocW6k7_1.jpg!m_fill,w_280,h_210,f_jpg?from=ke.com
20231124,朝阳,百子湾,101117877650,沿海正规复式 南北通透 花园入户 三层观景房主自荐,998万,75773元/平,顶层 (共3层) | 2010年 | 3室2厅 | 131.71平米 | 南 北,https://ke-image.ljcdn.com/110000-inspection/pc1_1TynYoUYL_1.jpg!m_fill,w_280,h_210,f_jpg?from=ke.com
20231124,朝阳,百子湾,101117877617,满五唯一南北通透中间层精装修拎包入住,470万,46379元/平,中楼层 (共6层) 2室1厅 | 101.34平米 | 南 北,https://ke-image.ljcdn.com/110000-inspection/fb96c796-2e26-48e6-8498-5955af2923d8_1000.jpg!m_fill,w_280,h_210,f_jpg?from=ke.com
20231124,朝阳,百子湾,101117877163,沿海三期示范期 环境优美 南向正对花园 不临街,345万,69839元/平,中楼层 (共14层) 1室0厅 | 49.4平米 | 南,https://ke-image.ljcdn.com/110000-inspection/pc1_t9uhv66fc.jpg!m_fill,w_280,h_210,f_jpg?from=ke.com
20231124,朝阳,百子湾,101117877167,沿海赛洛城三期  南北通透  满五年唯一,950万,70272元/平,底层 (共11层) | 2007年 | 3室1厅 | 135.19平米 | 南 北,https://ke-image.ljcdn.com/110000-inspection/a4004aeb-a4a7-44d6-b4f9-11cec779f349_1000.jpg!m_fill,w_280,h_210,f_jpg?from=ke.com
20231124,朝阳,百子湾,101117874439,沿海赛洛城七期 南北通透三居室  采光好 无遮挡,820万,57024元/平,中楼层 (共18层) | 2009年 | 3室1厅 | 143.8平米 | 南 北,https://ke-image.ljcdn.com/110000-inspection/c27a3f3d-8ae6-49bc-991e-46e89087bcc1_1000.jpg!m_fill,w_280,h_210,f_jpg?from=ke.com
20231124,朝阳,百子湾,101117871196,北京第二制药厂宿舍-百子湾路6号,255万,54049元/平,中楼层 (共6层) | 1980年 | 1室1厅 | 47.18平米 | 东北,https://ke-image.ljcdn.com/110000-inspection/pc1_0SLF5OSUs_1.jpg!m_fill,w_280,h_210,f_jpg?from=ke.com
20231124,朝阳,百子湾,101117870223,此房满五唯一商品房低楼层户型方正。,460万,49537元/平,底层 (共6层) | 2009年 | 2室1厅 | 92.86平米 | 南 北,https://ke-image.ljcdn.com/110000-inspection/pc1_0U5C5oXRo_1.jpg!m_fill,w_280,h_210,f_jpg?from=ke.com
20231124,朝阳,百子湾,101117868293,百子湾家园三区 商品房 南向两居室 采光无遮挡,560万,55672元/平,低楼层 (共16层) | 2006年 | 2室1厅 | 100.59平米 | 南,https://ke-image.ljcdn.com/110000-inspection/1ab5e86f-56da-41a1-8dd1-7c2b472e1b56_1000.jpg!m_fill,w_280,h_210,f_jpg?from=ke.com
20231124,朝阳,百子湾,101117859074,百子湾家园百子湾家园三区南北两居房主自荐,660万,65981元/平,低楼层 (共16层) | 2006年 | 2室1厅 | 100.03平米 | 南 北,https://ke-image.ljcdn.com/110000-inspection/pc1_IXksgjo3Y_1.jpg!m_fill,w_280,h_210,f_jpg?from=ke.com
20231124,朝阳,百子湾,101117798637,南北通透两居 40万精装 满五年唯一 业主自住,645万,80787元/平,顶层 (共8层) | 2007年 | 2室2厅 | 79.84平米 | 南 北,https://ke-image.ljcdn.com/110000-inspection/pc1_FAMQKJsvx_1.jpg!m_fill,w_280,h_210,f_jpg?from=ke.com
20231124,朝阳,百子湾,101117795826,南北通透 前后花园不临街 有100平米地下不在房本,1480万,91835元/平,底层 (共11层) | 2009年 | 4室2厅 | 161.16平米 | 南 北,https://ke-image.ljcdn.com/110000-inspection/aa09f1aa-d5ef-4868-93ac-cafc2ac041aa_1000.jpg!m_fill,w_280,h_210,f_jpg?from=ke.com
20231124,朝阳,百子湾,101117773518,沿海赛洛城六期无底商前后花园 顶层复式 诚意出售,1280万,96147元/平,顶层 (共7层) | 2009年 | 4室2厅 | 133.13平米 | 南 北,https://ke-image.ljcdn.com/110000-inspection/pc1_3ZvWdQI0X_1.jpg!m_fill,w_280,h_210,f_jpg?from=ke.com
20231124,朝阳,百子湾,101117766645,客厅挑高5.5米 满五唯一 无抵押 无户口,648万,72793元/平,顶层 (共6层) | 2007年 | 2室1厅 | 89.02平米 | 东南,https://ke-image.ljcdn.com/110000-inspection/59b8e9d0-07cc-47fe-89bd-dd10f355c6c9_1000.jpg!m_fill,w_280,h_210,f_jpg?from=ke.com
20231124,朝阳,百子湾,101117766634,满五唯一环境好南北通透带下跃,889万,65566元/平,底层 (共6层) | 2007年 | 3室2厅 | 135.59平米 | 南 北,https://ke-image.ljcdn.com/110000-inspection/e5625224-18e8-4309-95fb-e7e344b2eb0d_1000.jpg!m_fill,w_280,h_210,f_jpg?from=ke.com
20231124,朝阳,百子湾,101117763025,金都南北通透格局好主卧室和北向次卧带270度落地窗房主自荐,1050万,68971元/平,低楼层 (共17层) | 2006年 | 3室1厅 | 152.24平米 | 南 西 北,https://ke-image.ljcdn.com/110000-inspection/01158cae-409e-4482-aa18-0903b07694ba_1000.jpg!m_fill,w_280,h_210,f_jpg?from=ke.com
20231124,朝阳,百子湾,101117760369,沿海赛洛城二期  一层带下跃  满五年唯一,1100万,66976元/平,底层 (共4层) | 2007年 | 3室2厅 | 164.24平米 | 南 北,https://ke-image.ljcdn.com/110000-inspection/prod-7e11b642-9fd6-482b-9dd5-4913f36c4686.jpg!m_fill,w_280,h_210,f_jpg?from=ke.com
20231124,朝阳,百子湾,101117740171,沿海赛洛城二期南北通透两居室满五年唯一住房,699万,66200元/平,低楼层 (共24层) | 2007年 | 2室1厅 | 105.59平米 | 南 北,https://ke-image.ljcdn.com/110000-inspection/pc1_UKvo3rkp4.jpg!m_fill,w_280,h_210,f_jpg?from=ke.com
20231124,朝阳,百子湾,101117737878,沿海赛洛城一期 两居室 无遮挡 采光好房主自荐,538万,67276元/平,中楼层 (共8层) | 2007年 | 2室1厅 | 79.97平米 | 西北,https://ke-image.ljcdn.com/110000-inspection/pc1_Ub7qSAj1O_1.jpg!m_fill,w_280,h_210,f_jpg?from=ke.com
20231124,朝阳,百子湾,101117735084,南北通透两居室 商品房 仅有契税 随时看房,380万,42181元/平,高楼层 (共6层) | 2008年 | 2室1厅 | 90.09平米 | 南 北,https://ke-image.ljcdn.com/110000-inspection/6f22e55b-8a66-42df-bc0e-8dd3e1c6bb18_1000.jpg!m_fill,w_280,h_210,f_jpg?from=ke.com
20231124,朝阳,百子湾,101117716042,满五年家庭名下一套住房无遮挡全明格局 百子湾地铁,560万,58682元/平,底层 (共18层) | 2006年 | 2室1厅 | 95.43平米 | 东 南 北,https://ke-image.ljcdn.com/110000-inspection/pc1_0Tr24axgx_1.jpg!m_fill,w_280,h_210,f_jpg?from=ke.com
20231124,朝阳,百子湾,101117651194,《赛洛城示范区三期》高层一居居住温馨有2个阳台。,370万,63498元/平,高楼层 (共14层) | 2007年 | 1室1厅 | 58.27平米 | 东北,https://ke-image.ljcdn.com/110000-inspection/690b2303-20a0-49c1-aed3-2f0f57539add_1000.jpg!m_fill,w_280,h_210,f_jpg?from=ke.com
20231124,朝阳,百子湾,101117638963,沿海赛洛城一期精装修不临街南北通透居住选择,677万,57824元/平,低楼层 (共19层) | 2007年 | 2室1厅 | 117.08平米 | 南 北,https://ke-image.ljcdn.com/110000-inspection/6e3d194a-4060-4b57-919b-27f93ae8dac8_1000.jpg!m_fill,w_280,h_210,f_jpg?from=ke.com
20231124,朝阳,百子湾,101117636935,东四环 近国贸  大成国际新装修开间,251万,69108元/平,中楼层 (共25层) | 2007年 | 1室0厅 | 36.32平米 | 西,https://ke-image.ljcdn.com/110000-inspection/39adcd34-d058-42ef-83a9-d405a5a06382_1000.jpg!m_fill,w_280,h_210,f_jpg?from=ke.com
20231124,朝阳,百子湾,101117634935,沿海赛洛城六期板楼东西通透居住的选择精装,623万,75415元/平,中楼层 (共18层) | 2009年 | 2室1厅 | 82.61平米 | 东 西,https://ke-image.ljcdn.com/110000-inspection/348c2231-e37f-4630-b2c9-cb4413fad084_1000.jpg!m_fill,w_280,h_210,f_jpg?from=ke.com
20231124,朝阳,百子湾,101117529335,沿海赛洛城一期、满五唯一、精装修大三居、大阳台房主自荐,895万,58329元/平,低楼层 (共8层) | 2007年 | 3室2厅 | 153.44平米 | 东 南 西 北,https://ke-image.ljcdn.com/110000-inspection/prod-2faa2abd-347d-4fde-8efa-7059d18247d0.jpg!m_fill,w_280,h_210,f_jpg?from=ke.com
20231124,朝阳,百子湾,101117442802,百子湾东里 南北通透双卫三阳台三居室户型方正,855万,60127元/平,低楼层 (共9层) | 2009年 | 3室1厅 | 142.2平米 | 南 北,https://ke-image.ljcdn.com/110000-inspection/bdd6506e-d392-4e22-a6e1-2ad126d6052c_1000.jpg!m_fill,w_280,h_210,f_jpg?from=ke.com
20231124,朝阳,百子湾,101117438187,百子湾东里 户型方正一居室 精装修视野采光好,350万,67962元/平,低楼层 (共24层) | 2009年 | 1室1厅 | 51.5平米 | 西,https://ke-image.ljcdn.com/110000-inspection/7ac72ad0-e60e-4c43-8097-aa7357696995_1000.jpg!m_fill,w_280,h_210,f_jpg?from=ke.com
20231124,朝阳,百子湾,101117426277,沿海赛洛城 南向两居室 明厨明卫 采光好,588万,60751元/平,低楼层 (共25层) | 2009年 | 2室1厅 | 96.79平米 | 东南 西,https://ke-image.ljcdn.com/110000-inspection/f8133a8a-d6bd-48d4-abdc-6f893251d2ff_1000.jpg!m_fill,w_280,h_210,f_jpg?from=ke.com
20231124,朝阳,百子湾,101117415683,沿海赛洛城高楼层采光视野好采光好 无遮挡正观花园,883万,60175元/平,中楼层 (共24层) | 2009年 | 3室1厅 | 146.74平米 | 南 北,https://ke-image.ljcdn.com/110000-inspection/5e42a34a-9c68-41cb-8b6e-75f6e7a286bd_1000.jpg!m_fill,w_280,h_210,f_jpg?from=ke.com
20231124,朝阳,百子湾,101117196536,低密度社区下叠 视野好无遮挡 南花园 停车方便,1500万,52545元/平,地下室 (共4层) | 2005年 | 5室2厅 | 285.47平米 | 南 北,https://ke-image.ljcdn.com/110000-inspection/pc1_6WJC6yf2d_1.jpg!m_fill,w_280,h_210,f_jpg?from=ke.com
20231124,朝阳,百子湾,101116972977,东四环 大成国际 北向开间诚意出售,220万,54456元/平,中楼层 (共25层) 1室0厅 | 40.4平米 | 北,https://ke-image.ljcdn.com/110000-inspection/d06b4208-ff8e-4744-a957-1fa99b03edee_1000.jpg!m_fill,w_280,h_210,f_jpg?from=ke.com
20231124,朝阳,百子湾,101116933055,大成国际公寓  满二年 有钥匙 诚意出售,220万,54456元/平,中楼层 (共25层) | 2007年 | 1室1厅 | 40.4平米 | 北,https://ke-image.ljcdn.com/110000-inspection/pc1_f0vwOYa85_1.jpg!m_fill,w_280,h_210,f_jpg?from=ke.com
20231124,朝阳,百子湾,101116692176,中海安德鲁斯庄园西区下叠诚意出售,1500万,52129元/平,地下室 (共4层) 5室2厅 | 287.75平米 | 南 北,https://ke-image.ljcdn.com/110000-inspection/pc1_YgUB4cnzF_2.jpg!m_fill,w_280,h_210,f_jpg?from=ke.com
20231124,朝阳,百子湾,101116572359,大成国际 南向开间  满五年唯一 采光充足,258万,47297元/平,低楼层 (共25层) | 2007年 | 1室0厅 | 54.55平米 | 南,https://ke-image.ljcdn.com/110000-inspection/fc937f62-dd72-4ec9-b179-4193d20fec9b_1000.jpg!m_fill,w_280,h_210,f_jpg?from=ke.com
20231124,朝阳,百子湾,101116436247,大成国际中心 满五不唯一 交通方便,229.9万,47757元/平,中楼层 (共25层) 1室0厅 | 48.14平米 | 东,https://ke-image.ljcdn.com/110000-inspection/b8cd9d28-9f9e-4eea-ad9e-89e96e5150a6_1000.jpg!m_fill,w_280,h_210,f_jpg?from=ke.com
20231124,朝阳,百子湾,101116082299,中海安德鲁斯西区 南入户北花园 客厅大面宽带挑空,2350万,65094元/平,地下室 (共3层) | 2006年 | 7室2厅 | 361.02平米 | 南 北,https://ke-image.ljcdn.com/110000-inspection/pc1_5PMVGZI7M_2.jpg!m_fill,w_280,h_210,f_jpg?from=ke.com
20231124,朝阳,百子湾,101115974321,观音惠园 南北通透 双阳台 两居视野好房主自荐,420万,46944元/平,高楼层 (共6层) | 2008年 | 2室1厅 | 89.47平米 | 南 北,https://ke-image.ljcdn.com/110000-inspection/pc1_kWOFWsDJR_1.jpg!m_fill,w_280,h_210,f_jpg?from=ke.com
20231124,朝阳,百子湾,101115430909,大成国际为70年产权 北向视野好 落地窗视角开阔,250万,51932元/平,中楼层 (共25层) 1室1厅 | 48.14平米 | 东,https://ke-image.ljcdn.com/110000-inspection/pc1_9OKZdBZ5V_2.jpg!m_fill,w_280,h_210,f_jpg?from=ke.com
20231124,朝阳,百子湾,101115378746,观音景园  南北两居 满五唯一 采光好,396万,42645元/平,顶层 (共6层) | 2009年 | 2室1厅 | 92.86平米 | 南 北,https://ke-image.ljcdn.com/110000-inspection/pc1_0ZvnV9EJq_1.jpg!m_fill,w_280,h_210,f_jpg?from=ke.com
20231124,朝阳,百子湾,101114646666,CBD国际高尔夫别墅南北通透两居室,769万,63329元/平,低楼层 (共3层) | 2006年 | 2室1厅 | 121.43平米 | 南 北,https://ke-image.ljcdn.com/110000-inspection/63e31632-d8a0-46c5-a429-e108534e66a2_1000.jpg!m_fill,w_280,h_210,f_jpg?from=ke.com
20231124,朝阳,百子湾,101114636751,上下两层动静分离上下层高一样户型方正。房主自荐,370万,87699元/平,中楼层 (共11层) | 2007年 | 1室1厅 | 42.19平米 | 北,https://ke-image.ljcdn.com/110000-inspection/pc1_oobb6vpMG_1.jpg!m_fill,w_280,h_210,f_jpg?from=ke.com
20231124,朝阳,百子湾,101114303709,金海国际诚意出售眼睛户型落地窗阳台满五唯一地下车库房主自荐,790万,62659元/平,低楼层 (共12层) | 2005年 | 2室2厅 | 126.08平米 | 西,https://ke-image.ljcdn.com/110000-inspection/pc1_bZq0Rxjan.jpg!m_fill,w_280,h_210,f_jpg?from=ke.com
20231124,朝阳,百子湾,101113466683,中海安德鲁斯庄园东区上叠南北通透采光好,1450万,58855元/平,中楼层 (共4层) | 2005年 | 6室1厅 | 246.37平米 | 南 北,https://ke-image.ljcdn.com/110000-inspection/pc1_kvckyoeJb_1.jpg!m_fill,w_280,h_210,f_jpg?from=ke.com
20231124,朝阳,百子湾,101112941959,满五年唯一  房本算单层面积   单层层高3米,365万,86514元/平,低楼层 (共11层) | 2007年 | 1室1厅 | 42.19平米 | 北,https://ke-image.ljcdn.com/110000-inspection/pc1_gc37PKYmJ_1.jpg!m_fill,w_280,h_210,f_jpg?from=ke.com
20231124,朝阳,百子湾,101111922587,沿海赛洛城二期 南北三居室 一层 无遮挡,885万,64850元/平,底层 (共6层) | 2007年 | 3室2厅 | 136.47平米 | 南 北,https://ke-image.ljcdn.com/110000-inspection/pc1_TlslWBHLR.jpg!m_fill,w_280,h_210,f_jpg?from=ke.com
20231124,朝阳,百子湾,101109974627,沿海赛洛城七期上下两层大复式前后花园不临街房主自荐,1260万,95556元/平,顶层 (共9层) | 2009年 | 4室2厅 | 131.86平米 | 南 北,https://ke-image.ljcdn.com/110000-inspection/pc1_gNIYOPtGG_1.jpg!m_fill,w_280,h_210,f_jpg?from=ke.com
20231124,朝阳,百子湾,101122029739,金泰先锋北区 2室2厅 南 北新上,870万,94566元/平,顶层 (共10层) 2室2厅 | 92平米 | 南 北,https://s1.ljcdn.com/pegasus/redskull/images/common/default_house_list.png?_v=202311081228217
20231124,朝阳,百子湾,101122013834,百子湾家园三区 3室1厅 南 北新上,780万,58288元/平,高楼层 (共19层) | 2006年 | 3室1厅 | 133.82平米 | 南 北,https://s1.ljcdn.com/pegasus/redskull/images/common/default_house_list.png?_v=202311081228217
20231124,朝阳,百子湾,101122013455,大成国际 1室1厅 北新上,285万,67552元/平,中楼层 (共11层) 1室1厅 | 42.19平米 | 北,https://s1.ljcdn.com/pegasus/redskull/images/common/default_house_list.png?_v=202311081228217
20231124,朝阳,百子湾,101121951104,观音景园二期南北两居室满五唯一回迁房新上,408万,42629元/平,顶层 (共6层) | 2003年 | 2室2厅 | 95.71平米 | 南 北,https://s1.ljcdn.com/pegasus/redskull/images/common/default_house_list.png?_v=202311081228217
20231124,朝阳,百子湾,101121935772,房屋朝向是朝南向 采光充足视野开阔出行便利新上,168万,29361元/平,高楼层 (共12层) | 2010年 | 1室1厅 | 57.22平米 | 东南,https://s1.ljcdn.com/pegasus/redskull/images/common/default_house_list.png?_v=202311081228217
20231124,朝阳,百子湾,101121909934,满五唯一户型方正高楼层采光视野好诚意出售,850万,64113元/平,高楼层 (共24层) | 2009年 | 3室1厅 | 132.58平米 | 西南,https://s1.ljcdn.com/pegasus/redskull/images/common/default_house_list.png?_v=202311081228217
20231124,朝阳,百子湾,101121909000,百子湾商圈 金都杭城104号楼 朝东大开间 看房随时,148万,29966元/平,高楼层 (共22层) 1室0厅 | 49.39平米 | 东,https://s1.ljcdn.com/pegasus/redskull/images/common/default_house_list.png?_v=202311081228217
20231124,朝阳,百子湾,101121854245,沿海赛洛城四期 1室0厅 北,150万,35946元/平,中楼层 (共12层) | 2010年 | 1室0厅 | 41.73平米 | 北,https://s1.ljcdn.com/pegasus/redskull/images/common/default_house_list.png?_v=202311081228217
20231124,朝阳,百子湾,101121811074,建工动力苑 满五唯一 费用低 诚心出售,660万,75240元/平,中楼层 (共18层) | 2016年 | 2室1厅 | 87.72平米 | 南 北,https://ke-image.ljcdn.com/110000-inspection/0284210f-ff96-4cc4-b120-f30a4c94a993.jpg!m_fill,w_280,h_210,f_jpg?from=ke.com
20231124,朝阳,百子湾,101121806341,沿海赛洛城五期南北中高楼层一居室仅有契税1%,458万,67009元/平,中楼层 (共11层) 1室1厅 | 68.35平米 | 南 北,https://s1.ljcdn.com/pegasus/redskull/images/common/default_house_list.png?_v=202311081228217
20231124,朝阳,百子湾,101121799416,沿海赛洛城四期精装修小复式挑高3.9米,160万,32103元/平,中楼层 (共8层) | 2010年 | 1室1厅 | 49.84平米 | 西,https://s1.ljcdn.com/pegasus/redskull/images/common/default_house_list.png?_v=202311081228217
20231124,朝阳,百子湾,101121794937,金海国际南区 优质好房 贷款灵活 购房成本低房主自荐,815万,57294元/平,中楼层 (共23层) | 2005年 | 3室2厅 | 142.25平米 | 西南 北,https://s1.ljcdn.com/pegasus/redskull/images/common/default_house_list.png?_v=202311081228217
20231124,朝阳,百子湾,101121784028,沿海赛洛城七期 2室1厅 东 北,555万,77939元/平,中楼层 (共24层) | 2009年 | 2室1厅 | 71.21平米 | 东 北,https://s1.ljcdn.com/pegasus/redskull/images/common/default_house_list.png?_v=202311081228217
20231124,朝阳,百子湾,101121758503,金泰先锋北区 2室1厅 南 北,825万,88863元/平,中楼层 (共12层) | 2008年 | 2室1厅 | 92.84平米 | 南 北,https://s1.ljcdn.com/pegasus/redskull/images/common/default_house_list.png?_v=202311081228217
20231124,朝阳,百子湾,101121742342,金都心语  精装修 保养好 正观看小区花园,130万,27660元/平,低楼层 (共15层) | 2010年 | 1室0厅 | 47平米 | 西,https://s1.ljcdn.com/pegasus/redskull/images/common/default_house_list.png?_v=202311081228217
20231124,朝阳,百子湾,101121674318,中海东区边户联排 北入户 南花园 位置安静,1750万,60843元/平,地下室 (共3层) | 2005年 | 5室2厅 | 287.63平米 | 南 北,https://s1.ljcdn.com/pegasus/redskull/images/common/default_house_list.png?_v=202311081228217
20231124,朝阳,百子湾,101121647526,大成国际 西向开间 满五唯一 诚意出售,195万,49405元/平,中楼层 (共25层) | 2007年 | 1室0厅 | 39.47平米 | 西,https://s1.ljcdn.com/pegasus/redskull/images/common/default_house_list.png?_v=202311081228217
20231124,朝阳,百子湾,101121603438,高层无遮挡 采光充足 南北通透 户型方正,360万,39952元/平,顶层 (共6层) | 2006年 | 2室1厅 | 90.11平米 | 南 北,https://s1.ljcdn.com/pegasus/redskull/images/common/default_house_list.png?_v=202311081228217
20231124,朝阳,百子湾,101121599127,两梯四户满五年唯一只有契税首套1.5%二套3%,860万,71997元/平,中楼层 (共10层) | 2007年 | 3室1厅 | 119.45平米 | 南 西 北,https://ke-image.ljcdn.com/110000-inspection/5286248a-9c71-4d76-aa3b-c9348475e63b.jpg!m_fill,w_280,h_210,f_jpg?from=ke.com
20231124,朝阳,百子湾,101121595546,全明格局楼层高采光好视野开阔,365万,62845元/平,顶层 (共24层) | 2007年 | 1室0厅 | 58.08平米 | 南,https://s1.ljcdn.com/pegasus/redskull/images/common/default_house_list.png?_v=202311081228217
20231124,朝阳,百子湾,101121566784,明厨明卫3居室前后对花园满两年原始网签价格657万,1050万,70503元/平,低楼层 (共20层) | 2006年 | 3室2厅 | 148.93平米 | 西南 北,https://s1.ljcdn.com/pegasus/redskull/images/common/default_house_list.png?_v=202311081228217
20231124,朝阳,百子湾,101121564143,金都杭城东区满五唯一南向正规2居室,720万,84696元/平,顶层 (共26层) 2室2厅 | 85.01平米 | 南,https://s1.ljcdn.com/pegasus/redskull/images/common/default_house_list.png?_v=202311081228217
20231124,朝阳,百子湾,101121560945,建工动力苑满五年唯一诚意卖。,670万,76033元/平,中楼层 (共18层) 2室1厅 | 88.12平米 | 南 北 西,https://s1.ljcdn.com/pegasus/redskull/images/common/default_house_list.png?_v=202311081228217
20231124,朝阳,百子湾,101121548353,沿海赛洛城四期 1室1厅 南,165万,32726元/平,低楼层 (共17层) | 2010年 | 1室1厅 | 50.42平米 | 南,https://s1.ljcdn.com/pegasus/redskull/images/common/default_house_list.png?_v=202311081228217
20231124,朝阳,百子湾,101121536643,沿海赛洛城五期高层一居室 满五唯一,410万,59933元/平,中楼层 (共25层) 1室1厅 | 68.41平米 | 东 西,https://s1.ljcdn.com/pegasus/redskull/images/common/default_house_list.png?_v=202311081228217
20231124,朝阳,百子湾,101121532925,此房满五年唯一落地大阳台南北通透双卫三居室观景,840万,59486元/平,低楼层 (共9层) 3室2厅 | 141.21平米 | 南 北,https://s1.ljcdn.com/pegasus/redskull/images/common/default_house_list.png?_v=202311081228217
20231124,朝阳,百子湾,101121473188,水磨厂宿舍 南北通透两居  高层采光好,229万,40726元/平,顶层 (共6层) | 1982年 | 2室1厅 | 56.23平米 | 南 北,https://s1.ljcdn.com/pegasus/redskull/images/common/default_house_list.png?_v=202311081228217
20231124,朝阳,百子湾,101121410041,江南春晓金都杭城西区两居室视野好,910万,76872元/平,中楼层 (共19层) | 2006年 | 2室2厅 | 118.38平米 | 南,https://s1.ljcdn.com/pegasus/redskull/images/common/default_house_list.png?_v=202311081228217
20231124,朝阳,百子湾,101121398800,东四环沿海赛洛城3.9米高东向视野无遮挡 业主诚意出售,160万,30321元/平,中楼层 (共8层) 1室1厅 | 52.77平米 | 东,https://s1.ljcdn.com/pegasus/redskull/images/common/default_house_list.png?_v=202311081228217
20231124,朝阳,百子湾,101121385813,沿海赛洛城五期 1室1厅 东 西,410万,63715元/平,高楼层 (共25层) | 2008年 | 1室1厅 | 64.35平米 | 东 西,https://s1.ljcdn.com/pegasus/redskull/images/common/default_house_list.png?_v=202311081228217
20231124,朝阳,百子湾,101121374358,沿海赛洛城六期 南北通透 带阳台 采光好,665万,76192元/平,高楼层 (共18层) 2室1厅 | 87.28平米 | 南 北,https://s1.ljcdn.com/pegasus/redskull/images/common/default_house_list.png?_v=202311081228217
20231124,朝阳,百子湾,101121364193,沿海赛洛城六期 南北通透 四室两厅两卫 观景房 出售房主自荐,1150万,70277元/平,中楼层 (共9层) | 2009年 | 4室2厅 | 163.64平米 | 南 北,https://s1.ljcdn.com/pegasus/redskull/images/common/default_house_list.png?_v=202311081228217
20231124,朝阳,百子湾,101121350768,沿海赛洛城四期 1室1厅 南,148万,27176元/平,顶层 (共12层) | 2010年 | 1室1厅 | 54.46平米 | 南,https://s1.ljcdn.com/pegasus/redskull/images/common/default_house_list.png?_v=202311081228217
20231124,朝阳,百子湾,101121294425,百子湾上叠 三层 距离地铁600米 2011年楼龄,980万,74406元/平,顶层 (共3层) | 2010年 | 3室2厅 | 131.71平米 | 南 北,https://s1.ljcdn.com/pegasus/redskull/images/common/default_house_list.png?_v=202311081228217
20231124,朝阳,百子湾,101121270370,此房前后对花园南北通透双卫生间正观小区花园景观,899万,63986元/平,低楼层 (共7层) | 2009年 | 3室2厅 | 140.5平米 | 南 北,https://s1.ljcdn.com/pegasus/redskull/images/common/default_house_list.png?_v=202311081228217
20231124,朝阳,百子湾,101121270240,金都心语  南向看房方便   视野无遮挡,150万,30037元/平,高楼层 (共22层) | 2010年 | 1室0厅 | 49.94平米 | 南,https://s1.ljcdn.com/pegasus/redskull/images/common/default_house_list.png?_v=202311081228217
20231124,朝阳,百子湾,101121244452,金都杭城东区优质三居室诚意出售,1180万,81979元/平,低楼层 (共25层) | 2009年 | 3室2厅 | 143.94平米 | 南 北,https://s1.ljcdn.com/pegasus/redskull/images/common/default_house_list.png?_v=202311081228217
20231124,朝阳,百子湾,101121240320,此房满五唯一南向开间  中间层采光好,335万,67814元/平,中楼层 (共14层) | 2007年 | 1室0厅 | 49.4平米 | 南,https://s1.ljcdn.com/pegasus/redskull/images/common/default_house_list.png?_v=202311081228217
20231124,朝阳,百子湾,101121233055,金都心语南向开间诚意出售看房方便,145万,29885元/平,中楼层 (共22层) | 2010年 | 1室0厅 | 48.52平米 | 南,https://s1.ljcdn.com/pegasus/redskull/images/common/default_house_list.png?_v=202311081228217
20231124,朝阳,百子湾,101121229690,金都心语  东向视野好   中间层  看房方便,133万,26929元/平,中楼层 (共22层) | 2010年 | 1室0厅 | 49.39平米 | 东,https://s1.ljcdn.com/pegasus/redskull/images/common/default_house_list.png?_v=202311081228217
20231124,朝阳,百子湾,101121177637,满五年唯一 中间楼层对花园 适合自己装修的客户,530万,51457元/平,中楼层 (共24层) | 2006年 | 2室1厅 | 103平米 | 南,https://s1.ljcdn.com/pegasus/redskull/images/common/default_house_list.png?_v=202311081228217
20231124,朝阳,百子湾,101121074726,百子湾家园、南北双通透、格局方正无浪费、两居诚售,560万,56715元/平,低楼层 (共24层) | 2006年 | 2室1厅 | 98.74平米 | 南 北,https://ke-image.ljcdn.com/110000-inspection/cc11596f-5a81-48d3-b5b2-9c3c58da8f48.jpeg!m_fill,w_280,h_210,f_jpg?from=ke.com
20231124,朝阳,百子湾,101121035283,百子湾家园三区 南北通透 高层采光好 三居,755万,57263元/平,高楼层 (共18层) 3室2厅 | 131.85平米 | 南 北,https://s1.ljcdn.com/pegasus/redskull/images/common/default_house_list.png?_v=202311081228217
20231124,朝阳,百子湾,101121028017,南北通透 好户型 2011年楼龄 距离地铁近,740万,75549元/平,高楼层 (共7层) | 2010年 | 2室1厅 | 97.95平米 | 南 北,https://s1.ljcdn.com/pegasus/redskull/images/common/default_house_list.png?_v=202311081228217
20231124,朝阳,百子湾,101120459805,满五唯一高层视野好南向一居诚意出售,310万,60607元/平,顶层 (共22层) 1室1厅 | 51.15平米 | 南,https://s1.ljcdn.com/pegasus/redskull/images/common/default_house_list.png?_v=202311081228217
20231124,朝阳,百子湾,101119992945,金都心语 1室0厅 东,159万,32193元/平,中楼层 (共22层) | 2010年 | 1室0厅 | 49.39平米 | 东,https://s1.ljcdn.com/pegasus/redskull/images/common/default_house_list.png?_v=202311081228217
20231124,朝阳,百子湾,101119941250,金都心语 精装修 保养好 视野好,130万,25871元/平,中楼层 (共22层) 1室0厅 | 50.25平米 | 北,https://s1.ljcdn.com/pegasus/redskull/images/common/default_house_list.png?_v=202311081228217
20231124,朝阳,百子湾,101119765842,金都杭城东区    地下产权车位,25万,6523元/平,地下室 (共18层) | 2009年 | 1室0厅 | 38.33平米 | 南,https://s1.ljcdn.com/pegasus/redskull/images/common/default_house_list.png?_v=202311081228217
20231124,朝阳,百子湾,101119457397,沿海赛洛城一期车位-1层位置好,20万,4711元/平,地下室 (共15层) 1室0厅 | 42.46平米 | 东,https://s1.ljcdn.com/pegasus/redskull/images/common/default_house_list.png?_v=202311081228217
20231124,朝阳,百子湾,101119395879,美利山  三居室 满五年唯一 采光好 交通便利,598万,62658元/平,低楼层 (共24层) 3室1厅 | 95.44平米 | 西南,https://ke-image.ljcdn.com/110000-inspection/2ad87918-8bf9-4d23-9c78-7b219f791206.jpeg!m_fill,w_280,h_210,f_jpg?from=ke.com
20231124,朝阳,百子湾,101119395879,美利山  三居室 满五年唯一 采光好 交通便利,598万,62658元/平,低楼层 (共24层) 3室1厅 | 95.44平米 | 西南,https://ke-image.ljcdn.com/110000-inspection/2ad87918-8bf9-4d23-9c78-7b219f791206.jpeg!m_fill,w_280,h_210,f_jpg?from=ke.com
20231124,朝阳,百子湾,101118740545,沿海赛洛城四期朝西向带阳台,200万,32966元/平,顶层 (共17层) | 2010年 | 1室1厅 | 60.67平米 | 西,https://s1.ljcdn.com/pegasus/redskull/images/common/default_house_list.png?_v=202311081228217
20231124,朝阳,百子湾,101118476460,沿海赛洛城五期车位 负一层靠近单元门,19万,4515元/平,地下室 (共25层) 1室0厅 | 42.09平米 | 东 南 西 北,https://s1.ljcdn.com/pegasus/redskull/images/common/default_house_list.png?_v=202311081228217
20231124,朝阳,百子湾,101118285598,新装修 次次顶层 好房推荐 诚意出售,120万,26721元/平,高楼层 (共15层) | 2010年 | 1室0厅 | 44.91平米 | 北,https://s1.ljcdn.com/pegasus/redskull/images/common/default_house_list.png?_v=202311081228217
20231124,朝阳,百子湾,101117793152,金海国际南区 车位,23.5万,17091元/平,地下室 | 2005年 | 1室0厅 | 13.75平米 | 南,https://s1.ljcdn.com/pegasus/redskull/images/common/default_house_list.png?_v=202311081228217
20231124,朝阳,百子湾,101117595873,七期南车位位置便利地面干净.,20万,5038元/平,地下室 (共16层) | 2009年 | 1室0厅 | 39.7平米 | 南 北,https://ke-image.ljcdn.com/110000-inspection/798b8e969b2038cb9edb57cd9036e5e9-012.jpg!m_fill,w_280,h_210,f_jpg?from=ke.com
20231124,朝阳,百子湾,101117149030,本房是朝南向高楼层采光好视野好,155万,31946元/平,中楼层 (共22层) | 2010年 | 1室0厅 | 48.52平米 | 南,https://s1.ljcdn.com/pegasus/redskull/images/common/default_house_list.png?_v=202311081228217
20231124,朝阳,百子湾,101117058822,沿海赛洛城车位产权清晰-1层,22万,5227元/平,地下室 1室0厅 | 42.09平米 | 东,https://s1.ljcdn.com/pegasus/redskull/images/common/default_house_list.png?_v=202311081228217
20231124,朝阳,百子湾,101116493698,金海国际车位出售因房主车出售车位闲置出售,21万,15273元/平,地下室 | 2005年 | 1室0厅 | 13.75平米 | 南,https://ke-image.ljcdn.com/110000-inspection/e0176c1e-b3aa-4a19-9861-69562d40fd49.jpg!m_fill,w_280,h_210,f_jpg?from=ke.com
20231124,朝阳,百子湾,101115903731,金海国际南区+产权车位+业主诚意,22万,16000元/平,地下室 1室0厅 | 13.75平米 | 南,https://ke-image.ljcdn.com/110000-inspection/033eb7968523854ed7a83ac8e7df951e-014.jpg!m_fill,w_280,h_210,f_jpg?from=ke.com
20231124,朝阳,百子湾,101115723571,金都心语   东北向楼层高视野好诚意出售,143万,29208元/平,中楼层 (共22层) | 2010年 | 1室0厅 | 48.96平米 | 东,https://s1.ljcdn.com/pegasus/redskull/images/common/default_house_list.png?_v=202311081228217
20231124,朝阳,百子湾,101115286843,美利山四居室  高楼层采光视野好,1760万,48727元/平,高楼层 (共20层) | 2013年 | 4室2厅 | 361.2平米 | 东 南 西,https://ke-image.ljcdn.com/110000-inspection/fc6d3409-fd94-416e-9816-bbe510da381d.jpg!m_fill,w_280,h_210,f_jpg?from=ke.com
20231124,朝阳,百子湾,101115106174,金海国际南区 地下车位 业主诚意卖 随时签约,22万,16000元/平,地下室 | 2005年 | 1室0厅 | 13.75平米 | 南,https://s1.ljcdn.com/pegasus/redskull/images/common/default_house_list.png?_v=202311081228217
20231124,朝阳,百子湾,101111692468,沿海赛洛城车位-1层业主诚意出售,22万,5292元/平,地下室 (共15层) 1室0厅 | 41.58平米 | 东,https://ke-image.ljcdn.com/110000-inspection/6cd8e1c634499acc99da234fd9b8e08d-033.jpg!m_fill,w_280,h_210,f_jpg?from=ke.com
20231124,朝阳,百子湾,101111692821,沿海赛洛城-1层车位业主诚意出售,22万,5182元/平,地下室 (共2层) | 2007年 | 1室0厅 | 42.46平米 | 东,https://ke-image.ljcdn.com/110000-inspection/bb63c53e3eb9867b29b59d25e02f26a8-036.jpg!m_fill,w_280,h_210,f_jpg?from=ke.com
20231124,朝阳,百子湾,101110046184,金都心语 楼层高 视野好 正观小区花园,135万,27334元/平,中楼层 (共22层) | 2010年 | 1室0厅 | 49.39平米 | 西,https://s1.ljcdn.com/pegasus/redskull/images/common/default_house_list.png?_v=202311081228217
20231124,朝阳,百子湾,101109279129,金海国际南区 12号楼下车位 看房随时 随时签约,20万,14546元/平,地下室 | 2005年 | 1室0厅 | 13.75平米 | 东,https://ke-image.ljcdn.com/110000-inspection/5ee73755de02d676059fd397e4b22cf7-027.jpg!m_fill,w_280,h_210,f_jpg?from=ke.com
20231124,朝阳,百子湾,101107465632,车位-1层子母车位可停2台车,20.9万,2357元/平,地下室 (共2层) 1室0厅 | 88.69平米 | 东,https://ke-image.ljcdn.com/110000-inspection/f6e5e706-fad6-45d7-9d09-05b4b1b9890b.jpg!m_fill,w_280,h_210,f_jpg?from=ke.com
20231124,朝阳,百子湾,101106621950,沿海赛洛城五期、地下一层、挨近电梯、产权车位、诚售,20万,4582元/平,地下室 (共25层) | 2008年 | 1室0厅 | 43.65平米 | 南 北,https://ke-image.ljcdn.com/110000-inspection/1e4ffe7c-0927-49e1-ba66-d258dca2c4ef.jpg!m_fill,w_280,h_210,f_jpg?from=ke.com
