20230507,昌平,回龙观,101119110694,京投发展公园悦府一区   急售  双阳台  两居室必看好房,528万,65025元/平,低楼层 (共22层) 2室1厅 | 81.2平米 | 南,https://ke-image.ljcdn.com/110000-inspection/9cf17f5b-e01b-4f26-90cc-5bfa9cb5cbc8_1000.jpg!m_fill,w_280,h_210,f_jpg?from=ke.com
20230507,昌平,回龙观,101119107562,近地铁中间楼层落地窗采光好户型方正必看好房,698万,55827元/平,中楼层 (共20层) 3室1厅 | 125.03平米 | 南 东 北,https://ke-image.ljcdn.com/110000-inspection/193d6ebd-109d-4d34-97fc-1e2e19cd7046_1000.jpg!m_fill,w_280,h_210,f_jpg?from=ke.com
20230507,昌平,回龙观,101119095089,龙跃四、满五唯一把东边比同户型多两个窗户必看好房,700万,50444元/平,底层 (共6层) 3室1厅 | 138.77平米 | 南 北,https://ke-image.ljcdn.com/110000-inspection/a329a7dc-7fbb-4e4f-8014-ab0a5b0bea7c_1000.jpg!m_fill,w_280,h_210,f_jpg?from=ke.com
20230507,昌平,回龙观,101119090758,四居室少有的普宅首付246万邻地铁站必看好房,519万,37585元/平,顶层 (共6层) 4室2厅 | 138.09平米 | 南 北,https://ke-image.ljcdn.com/110000-inspection/pc1_kRx6NufTD_1.jpg!m_fill,w_280,h_210,f_jpg?from=ke.com
20230507,昌平,回龙观,101119083117,京投发展公园悦府一区 2室2厅 南必看好房,558万,68207元/平,中楼层 (共22层) 2室2厅 | 81.81平米 | 南,https://ke-image.ljcdn.com/110000-inspection/pc1_0b3zm16aW.jpg!m_fill,w_280,h_210,f_jpg?from=ke.com
20230507,昌平,回龙观,101119070718,商品房满五年唯一首套首付120万刚需的福音。必看好房,289万,62568元/平,中楼层 (共4层) 1室1厅 | 46.19平米 | 南,https://ke-image.ljcdn.com/110000-inspection/pc1_2ZXwjRnmq.jpg!m_fill,w_280,h_210,f_jpg?from=ke.com
20230507,昌平,回龙观,101119057942,万润家园 西北两居室 看房方便必看好房,479万,51578元/平,低楼层 (共12层) | 2003年建 | 2室1厅 | 92.87平米 | 南 西北,https://ke-image.ljcdn.com/110000-inspection/pc1_Xs9d0YAGm.jpg!m_fill,w_280,h_210,f_jpg?from=ke.com
20230507,昌平,回龙观,101119053450,户型方正+小区中间+中间楼层+商品房满五年只有契税必看好房,629万,49961元/平,中楼层 (共6层) | 2002年建 | 3室1厅 | 125.9平米 | 南 北,https://ke-image.ljcdn.com/110000-inspection/pc1_fyCSmps4n.jpg!m_fill,w_280,h_210,f_jpg?from=ke.com
20230507,昌平,回龙观,101119049844,领秀慧谷C区 1室1厅 南必看好房,432万,74819元/平,中楼层 (共11层) 1室1厅 | 57.74平米 | 南,https://ke-image.ljcdn.com/110000-inspection/6b1e1b67-06c4-4009-b8f3-e4fe01a9f58f_1000.jpg!m_fill,w_280,h_210,f_jpg?from=ke.com
20230507,昌平,回龙观,101119024730,慧华苑通透两居楼前无遮挡精装修看房随时必看好房,369万,48701元/平,中楼层 (共7层) 2室1厅 | 75.77平米 | 南 北,https://ke-image.ljcdn.com/110000-inspection/6355722c-aab6-4e59-95d4-fc0a5abdb157_1000.jpg!m_fill,w_280,h_210,f_jpg?from=ke.com
20230507,昌平,回龙观,101119024025,精装修的南北通透大三居不临街不把边格局方正必看好房,678万,49894元/平,中楼层 (共6层) 3室1厅 | 135.89平米 | 南 北,https://ke-image.ljcdn.com/110000-inspection/9b335952-b532-4349-b809-a925e2194b00_1000.jpg!m_fill,w_280,h_210,f_jpg?from=ke.com
20230507,昌平,回龙观,101119015420,龙锦苑四区  南北通透  中间楼层必看好房,398万,60875元/平,中楼层 (共7层) | 2003年建 | 1室1厅 | 65.38平米 | 南 北,https://ke-image.ljcdn.com/110000-inspection/pc1_fVhhf4FVW.jpg!m_fill,w_280,h_210,f_jpg?from=ke.com
20230507,昌平,回龙观,101119014220,商品房满五年唯一东向一居视野好看房方便,426万,70425元/平,中楼层 (共18层) 1室1厅 | 60.49平米 | 东,https://ke-image.ljcdn.com/110000-inspection/ce9a6fa4-d381-4e79-a479-1f0256e59cc8_1000.jpg!m_fill,w_280,h_210,f_jpg?from=ke.com
20230507,昌平,回龙观,101119003041,天露园一区 3室2厅 南 北必看好房,493万,38483元/平,高楼层 (共6层) 3室2厅 | 128.11平米 | 南 北,https://ke-image.ljcdn.com/110000-inspection/eec2be37-0e90-4cee-9c92-675c1afd1904_1000.jpg!m_fill,w_280,h_210,f_jpg?from=ke.com
20230507,昌平,回龙观,101119002458,领秀慧谷C区 电梯高层 南北双通透 户型方正,638万,71008元/平,中楼层 (共11层) 2室1厅 | 89.85平米 | 南 北,https://ke-image.ljcdn.com/110000-inspection/19c82d57-6f16-4154-88e0-ad7a7ad00fb7_1000.jpg!m_fill,w_280,h_210,f_jpg?from=ke.com
20230507,昌平,回龙观,101118995497,融泽嘉园6号院 明厨明卫 中间位置 中间楼层 大两居必看好房,570万,58552元/平,中楼层 (共27层) 2室1厅 | 97.35平米 | 南 北,https://ke-image.ljcdn.com/110000-inspection/pc1_7SjiarJ1t.jpg!m_fill,w_280,h_210,f_jpg?from=ke.com
20230507,昌平,回龙观,101118988206,矩阵二期电梯高楼层大两居两卫精装修诚心卖必看好房,608万,51688元/平,中楼层 (共12层) | 2005年建 | 2室1厅 | 117.63平米 | 南 北,https://ke-image.ljcdn.com/110000-inspection/7feb0990-2abd-4c5c-95e8-7a52f074e837_1000.jpg!m_fill,w_280,h_210,f_jpg?from=ke.com
20230507,昌平,回龙观,101118978894,佰嘉城 3室1厅 南 北必看好房,530万,43269元/平,高楼层 (共10层) | 2006年建 | 3室1厅 | 122.49平米 | 南 北,https://ke-image.ljcdn.com/110000-inspection/aa5c4477-6cca-450d-a18f-46cd99317c80_1000.jpg!m_fill,w_280,h_210,f_jpg?from=ke.com
20230507,昌平,回龙观,101118970417,满五年唯一落地飘窗精装修朝向小区内部房主自荐,480万,68192元/平,中楼层 (共20层) 1室1厅 | 70.39平米 | 南,https://ke-image.ljcdn.com/110000-inspection/pc1_ktaUXnjY6.jpg!m_fill,w_280,h_210,f_jpg?from=ke.com
20230507,昌平,回龙观,101118968910,住总万科金域华府 南北通透两居 满五年唯一 诚售必看好房,560万,61763元/平,中楼层 (共28层) | 2012年建 | 2室1厅 | 90.67平米 | 南 北,https://ke-image.ljcdn.com/110000-inspection/dacacdfd-771f-4097-b591-f84b1accbe09_1000.jpg!m_fill,w_280,h_210,f_jpg?from=ke.com
20230507,昌平,回龙观,101118967556,满五年唯一中高层正规南向一居室采光好无任何遮挡必看好房,456万,73277元/平,中楼层 (共21层) 1室1厅 | 62.23平米 | 南,https://ke-image.ljcdn.com/110000-inspection/5fb0384c-fe00-4cd3-a8d1-c53471c6db5d_1000.jpg!m_fill,w_280,h_210,f_jpg?from=ke.com
20230507,昌平,回龙观,101118966749,东南朝向三居满五唯一诚心卖房主自荐,519万,43891元/平,中楼层 (共6层) 3室1厅 | 118.25平米 | 南 北,https://ke-image.ljcdn.com/110000-inspection/9d5dcef0-a597-4a3c-a50f-408944e1b39a_1000.jpg!m_fill,w_280,h_210,f_jpg?from=ke.com
20230507,昌平,回龙观,101118960969,商品房满五唯一 南北通透 视野宽阔 采光充足 配套齐全必看好房,508万,47602元/平,中楼层 (共7层) 3室1厅 | 106.72平米 | 南 西 北,https://ke-image.ljcdn.com/110000-inspection/1a433043-16b5-4738-9292-cce8a2bfadc9_1000.jpg!m_fill,w_280,h_210,f_jpg?from=ke.com
20230507,昌平,回龙观,101118951326,此房满五年唯一转商费业主自己出南北通透户型必看好房,587万,48096元/平,低楼层 (共7层) 3室2厅 | 122.05平米 | 南 北,https://ke-image.ljcdn.com/110000-inspection/pc1_zwJALJdjW.jpg!m_fill,w_280,h_210,f_jpg?from=ke.com
20230507,昌平,回龙观,101118947144,商品房满五唯一一层带院小区中间位置。必看好房,715万,54348元/平,底层 (共7层) 3室1厅 | 131.56平米 | 南 北,https://ke-image.ljcdn.com/110000-inspection/30e2fdd4-7d21-4dfa-8d74-0462d72265d7_1000.jpg!m_fill,w_280,h_210,f_jpg?from=ke.com
20230507,昌平,回龙观,101118945440,2019次新房 婚房精装 户型好 高层视野棒 得房率80.11%必看好房,707万,81284元/平,中楼层 (共27层) 2室2厅 | 86.98平米 | 西南,https://ke-image.ljcdn.com/110000-inspection/ff8ac391-e2b5-48ef-874b-b75701d9434a_1000.jpg!m_fill,w_280,h_210,f_jpg?from=ke.com
20230507,昌平,回龙观,101118931422,中间楼层采光视野好客厅多个东窗卫生间带窗户。必看好房,570万,43625元/平,中楼层 (共7层) 3室2厅 | 130.66平米 | 南 北,https://ke-image.ljcdn.com/110000-inspection/cc3a08d5-3e85-4fd9-a8ac-47ce5bb41309_1000.jpg!m_fill,w_280,h_210,f_jpg?from=ke.com
20230507,昌平,回龙观,101118915206,领秀慧谷B区 3室1厅 南 北必看好房,518万,57826元/平,顶层 (共11层) 3室1厅 | 89.58平米 | 南 北,https://ke-image.ljcdn.com/110000-inspection/45abc1a9-880e-46ea-aae2-b146ad6f071e_1000.jpg!m_fill,w_280,h_210,f_jpg?from=ke.com
20230507,昌平,回龙观,101118906988,流星花园三区 满五年 3层 中间位置  有钥匙,552万,54562元/平,中楼层 (共6层) | 2004年建 | 2室1厅 | 101.17平米 | 南 北,https://ke-image.ljcdn.com/110000-inspection/74b2dc8d-ced1-4ed7-adc1-733d3b118c93_1000.jpg!m_fill,w_280,h_210,f_jpg?from=ke.com
20230507,昌平,回龙观,101118905927,领秀慧谷A区 电梯一居室 全南向 无遮挡,388万,61151元/平,低楼层 (共9层) | 2011年建 | 1室1厅 | 63.45平米 | 南,https://ke-image.ljcdn.com/110000-inspection/pc1_0EOBL12kJ.jpg!m_fill,w_280,h_210,f_jpg?from=ke.com
20230507,昌平,回龙观,101118905249,龙泽苑东区 3室1厅 南 北必看好房,775万,55366元/平,底层 (共7层) | 2005年建 | 3室1厅 | 139.98平米 | 南 北,https://ke-image.ljcdn.com/110000-inspection/pc1_a0bqQTl0h.jpg!m_fill,w_280,h_210,f_jpg?from=ke.com
20230507,昌平,回龙观,101118903176,京投发展公园悦府一区 满两年唯一  首套1.5%契税必看好房,604万,66149元/平,高楼层 (共22层) | 2015年建 | 2室1厅 | 91.31平米 | 南 北,https://ke-image.ljcdn.com/110000-inspection/pc1_twVWwAy29.jpg!m_fill,w_280,h_210,f_jpg?from=ke.com
20230507,昌平,回龙观,101118902142,北京人家精装两居一层位置好诚心出售,560万,59632元/平,底层 (共6层) | 2004年建 | 2室2厅 | 93.91平米 | 南 北,https://ke-image.ljcdn.com/110000-inspection/4a3e4b11-52a3-44f5-adb5-117cffbb61b3_1000.jpg!m_fill,w_280,h_210,f_jpg?from=ke.com
20230507,昌平,回龙观,101118897114,业主随时签约电梯房中间楼层无抵押必看好房,405万,63860元/平,中楼层 (共9层) | 2011年建 | 1室1厅 | 63.42平米 | 南,https://ke-image.ljcdn.com/110000-inspection/pc1_SgvfycCFn.jpg!m_fill,w_280,h_210,f_jpg?from=ke.com
20230507,昌平,回龙观,101118895727,6层洋房带电梯 无抵押无户口 业主诚意出售必看好房,728万,51431元/平,中楼层 (共6层) | 2003年建 | 3室2厅 | 141.55平米 | 南 北,https://ke-image.ljcdn.com/110000-inspection/51c7b76e-8646-4707-9ac7-f3ad6708e964_1000.jpg!m_fill,w_280,h_210,f_jpg?from=ke.com
20230507,昌平,回龙观,101118894770,冠庭园 商品房满五年唯一  钢混结构 落地窗 产权清晰必看好房,415万,70197元/平,中楼层 (共7层) | 2006年建 | 1室1厅 | 59.12平米 | 南,https://ke-image.ljcdn.com/110000-inspection/b60b2f9e-fb12-41db-9191-5ce740ce4099_1000.jpg!m_fill,w_280,h_210,f_jpg?from=ke.com
20230507,昌平,回龙观,101118882747,万科物业 满五唯一南向两居 带产权车位 无遮挡视野好,658万,76870元/平,高楼层 (共27层) | 2012年建 | 2室1厅 | 85.6平米 | 南,https://ke-image.ljcdn.com/110000-inspection/5d8b8f1d-b206-44a3-9a19-96a58b71d9e5_1000.jpg!m_fill,w_280,h_210,f_jpg?from=ke.com
20230507,昌平,回龙观,101118880652,融泽嘉园西二路6号院      全南必看好房,556万,62946元/平,高楼层 (共31层) | 2016年建 | 2室1厅 | 88.33平米 | 南,https://ke-image.ljcdn.com/110000-inspection/2ae237fe-9a42-49c8-a061-55012a3c351c_1000.jpg!m_fill,w_280,h_210,f_jpg?from=ke.com
20230507,昌平,回龙观,101118879781,慧华苑小区商品房满五年唯一精装修两室必看好房,395万,55276元/平,底层 (共6层) 2室1厅 | 71.46平米 | 南 北,https://ke-image.ljcdn.com/110000-inspection/pc1_8bt6QdRzF_1.jpg!m_fill,w_280,h_210,f_jpg?from=ke.com
20230507,昌平,回龙观,101118872832,龙华园优质两居四层满五年唯一首付141万,368万,55389元/平,中楼层 (共7层) 2室1厅 | 66.44平米 | 南 北,https://ke-image.ljcdn.com/110000-inspection/pc1_vTHMfaKlY.jpg!m_fill,w_280,h_210,f_jpg?from=ke.com
20230507,昌平,回龙观,101118868803,龙锦苑六区商品房两居南北通透一层看房方便,520万,55161元/平,底层 (共6层) 2室1厅 | 94.27平米 | 南 北,https://ke-image.ljcdn.com/110000-inspection/11cc202e-16d8-4dfb-8a88-2d9a46ca277e_1000.jpg!m_fill,w_280,h_210,f_jpg?from=ke.com
20230507,昌平,回龙观,101118866603,龙禧苑五区  闹中取静  价格优惠  价格优惠必看好房,455万,53505元/平,中楼层 (共7层) 2室1厅 | 85.04平米 | 南 北,https://ke-image.ljcdn.com/110000-inspection/aba65f3a-884f-4351-a289-e28f3f1df8cc_1000.jpg!m_fill,w_280,h_210,f_jpg?from=ke.com
20230507,昌平,回龙观,101118863084,佰嘉城5层全明格局三室两厅商品房只有契税必看好房,478万,40454元/平,高楼层 (共6层) | 2006年建 | 3室1厅 | 118.16平米 | 南 北,https://ke-image.ljcdn.com/110000-inspection/acf423ea-c426-4e3b-8b89-c2d967832b2f_1000.jpg!m_fill,w_280,h_210,f_jpg?from=ke.com
20230507,昌平,回龙观,101118850992,商品房满五唯一 诚心出售 随时签约,481万,57303元/平,底层 (共34层) 2室1厅 | 83.94平米 | 南 北,https://ke-image.ljcdn.com/110000-inspection/e816434c-9658-4e7b-9aa5-3d35d882ef3a_1000.jpg!m_fill,w_280,h_210,f_jpg?from=ke.com
20230507,昌平,回龙观,101118846438,龙泽苑东区 板楼大两居 不临街 南北通透必看好房,565万,51731元/平,中楼层 (共7层) | 2005年建 | 2室1厅 | 109.22平米 | 南 北,https://ke-image.ljcdn.com/110000-inspection/pc1_sICIEGN4h.jpg!m_fill,w_280,h_210,f_jpg?from=ke.com
20230507,昌平,回龙观,101118844817,慧华苑  三卧朝南 采光好    小区中间位置必看好房,423万,48250元/平,中楼层 (共6层) 3室1厅 | 87.67平米 | 南 北,https://ke-image.ljcdn.com/110000-inspection/0522dd8a-43a1-4ad6-9442-657853df1b54_1000.jpg!m_fill,w_280,h_210,f_jpg?from=ke.com
20230507,昌平,回龙观,101118839077,新龙城精装大两居南北通透满五唯一看房方便必看好房,568万,54790元/平,中楼层 (共20层) 2室1厅 | 103.67平米 | 南 北,https://ke-image.ljcdn.com/110000-inspection/pc1_ArypYTQx6.jpg!m_fill,w_280,h_210,f_jpg?from=ke.com
20230507,昌平,回龙观,101118831420,融泽嘉园中路2号院 正对小区花园 视野好 看房方便必看好房,525万,59911元/平,中楼层 (共27层) 2室1厅 | 87.63平米 | 南,https://ke-image.ljcdn.com/110000-inspection/54e9296e-07bf-4ca2-b2ed-13dcb5c03bf5_1000.jpg!m_fill,w_280,h_210,f_jpg?from=ke.com
20230507,昌平,回龙观,101118831289,满五唯一南北通透落地窗两居两卫精装修房主自荐,575万,56202元/平,低楼层 (共20层) 2室1厅 | 102.31平米 | 南 北,https://ke-image.ljcdn.com/110000-inspection/pc1_OBbxIQVtl.jpg!m_fill,w_280,h_210,f_jpg?from=ke.com
20230507,昌平,回龙观,101118828917,南北双通透户型  全明格局  小区中间 商五唯一 随时签必看好房,499万,48855元/平,底层 (共6层) | 2005年建 | 2室1厅 | 102.14平米 | 南 北,https://ke-image.ljcdn.com/110000-inspection/b54afd2d-5eac-4546-bfa2-0e7f5cf16273_1000.jpg!m_fill,w_280,h_210,f_jpg?from=ke.com
20230507,昌平,回龙观,101118824017,北京人家南北三居双卫电梯楼满五唯一必看好房,729万,55611元/平,中楼层 (共9层) | 2005年建 | 3室2厅 | 131.09平米 | 南 北,https://ke-image.ljcdn.com/110000-inspection/ade7828c-a72f-45e8-93fb-466393d8e40d_1000.jpg!m_fill,w_280,h_210,f_jpg?from=ke.com
20230507,昌平,回龙观,101118818888,近地铁近医院云趣园一区小区中间位置商满五唯一必看好房,479万,51159元/平,中楼层 (共7层) 2室2厅 | 93.63平米 | 南 北,https://ke-image.ljcdn.com/110000-inspection/pc1_TQNQJPUvv_1.jpg!m_fill,w_280,h_210,f_jpg?from=ke.com
20230507,昌平,回龙观,101118816935,此房商满五唯一边户全明格局采光好南北通透,433万,52896元/平,高楼层 (共6层) | 2005年建 | 2室1厅 | 81.86平米 | 南 北,https://ke-image.ljcdn.com/110000-inspection/pc1_qGk7Hf3nj.jpg!m_fill,w_280,h_210,f_jpg?from=ke.com
20230507,昌平,回龙观,101118814119,满五唯一 无视野遮挡 两卧室朝南 随时可以看房房主自荐,435万,51879元/平,中楼层 (共7层) 2室1厅 | 83.85平米 | 南 北,https://ke-image.ljcdn.com/110000-inspection/3c32ff1c-6632-40cc-862f-3657d6d6eecd_1000.jpg!m_fill,w_280,h_210,f_jpg?from=ke.com
20230507,昌平,回龙观,101118796382,电梯入户地热取暖视野无遮挡全天采光必看好房,530万,55919元/平,中楼层 (共6层) | 2004年建 | 2室1厅 | 94.78平米 | 南,https://ke-image.ljcdn.com/110000-inspection/421c3e0c-a8ea-4634-ad6d-2f14205722c0_1000.jpg!m_fill,w_280,h_210,f_jpg?from=ke.com
20230507,昌平,回龙观,101118795678,新龙城 3室2厅 南 北,750万,61036元/平,高楼层 (共15层) 3室2厅 | 122.88平米 | 南 北,https://ke-image.ljcdn.com/110000-inspection/pc1_EmR1soorI.jpg!m_fill,w_280,h_210,f_jpg?from=ke.com
20230507,昌平,回龙观,101118782120,南北通透中间二层户型方正婚房装修必看好房,445万,56819元/平,低楼层 (共6层) | 2005年建 | 2室1厅 | 78.32平米 | 南 北,https://ke-image.ljcdn.com/110000-inspection/22863236-9789-4f55-ba23-1a4c98063ce6_1000.jpg!m_fill,w_280,h_210,f_jpg?from=ke.com
20230507,昌平,回龙观,101118776098,天巢园 精装两居室 满五年唯一 位置安静 诚意出售,475万,56663元/平,低楼层 (共22层) 2室1厅 | 83.83平米 | 东南,https://ke-image.ljcdn.com/110000-inspection/pc1_7F80LSbE6.jpg!m_fill,w_280,h_210,f_jpg?from=ke.com
20230507,昌平,回龙观,101118772514,紧挨19万平文体公园的大两居业主诚心出售！,525万,53095元/平,低楼层 (共6层) 2室1厅 | 98.88平米 | 南 北,https://ke-image.ljcdn.com/110000-inspection/43e02ee3-ea67-4133-89e2-72776c73e430_1000.jpg!m_fill,w_280,h_210,f_jpg?from=ke.com
20230507,昌平,回龙观,101118761180,商品房满五唯一  高层 把西边户型 明厨明卫 精装修,618万,65836元/平,高楼层 (共22层) 2室2厅 | 93.87平米 | 南 西 北,https://ke-image.ljcdn.com/110000-inspection/624f134a-0072-45ae-8cbf-0c0e228151de_1000.jpg!m_fill,w_280,h_210,f_jpg?from=ke.com
20230507,昌平,回龙观,101118758380,矩阵二期电梯房商满五唯一诚心卖价格可谈必看好房,298万,75539元/平,低楼层 (共12层) | 2005年建 | 1室0厅 | 39.45平米 | 西 北,https://ke-image.ljcdn.com/110000-inspection/3e14531d-c402-41e9-995d-23ae14d228ea_1000.jpg!m_fill,w_280,h_210,f_jpg?from=ke.com
20230507,昌平,回龙观,101118749431,南北通透户型方正小区中间位置采光好。必看好房,373万,56456元/平,顶层 (共5层) 2室1厅 | 66.07平米 | 南 北,https://ke-image.ljcdn.com/110000-inspection/e7408e1e-e83f-482f-bccb-ac90219cb602_1000.jpg!m_fill,w_280,h_210,f_jpg?from=ke.com
20230507,昌平,回龙观,101118747235,满五年唯一 不临街 低楼层  居住安静 采光好必看好房,680万,40851元/平,低楼层 (共6层) 4室2厅 | 166.46平米 | 南 北,https://ke-image.ljcdn.com/110000-inspection/pc1_pdbkQApCc.jpg!m_fill,w_280,h_210,f_jpg?from=ke.com
20230507,昌平,回龙观,101118741878,龙泽苑A区+中美合资示范区+南北通透+格局方正+仅契税必看好房,532万,57940元/平,中楼层 (共6层) | 1999年建 | 3室1厅 | 91.82平米 | 南 北,https://ke-image.ljcdn.com/110000-inspection/pc1_mIedHSGOk.jpg!m_fill,w_280,h_210,f_jpg?from=ke.com
20230507,昌平,回龙观,101118739500,南北方正两居+中层采光视野兼顾+满五唯一+电梯次新房,610万,65493元/平,低楼层 (共28层) 2室2厅 | 93.14平米 | 南 北,https://ke-image.ljcdn.com/110000-inspection/774dc96b-3e9b-48d2-b82c-281a506d3ca3_1000.jpg!m_fill,w_280,h_210,f_jpg?from=ke.com
20230507,昌平,回龙观,101118734637,龙华园正规一居+南北通透+明厨明卫+看房随时+周边方便必看好房,358万,61124元/平,低楼层 (共6层) | 1994年建 | 1室1厅 | 58.57平米 | 南 北,https://ke-image.ljcdn.com/110000-inspection/pc1_MarxHUyt0.jpg!m_fill,w_280,h_210,f_jpg?from=ke.com
20230507,昌平,回龙观,101118710570,南北通透两居+新式自住装修+中高楼层必看好房,412万,57849元/平,高楼层 (共6层) | 1995年建 | 2室1厅 | 71.22平米 | 南 北,https://ke-image.ljcdn.com/110000-inspection/cabd0c29-dd7a-4a31-9018-ef6af50e07cb_1000.jpg!m_fill,w_280,h_210,f_jpg?from=ke.com
20230507,昌平,回龙观,101118706723,领秀慧谷B区 电梯一居 高楼层 视野好 采光好必看好房,395万,62303元/平,高楼层 (共9层) | 2011年建 | 1室1厅 | 63.4平米 | 南,https://ke-image.ljcdn.com/110000-inspection/pc1_yOvZH036Y_1.jpg!m_fill,w_280,h_210,f_jpg?from=ke.com
20230507,昌平,回龙观,101118683517,满五唯一  自住精装 诚心出售 随时签约必看好房,489万,60052元/平,底层 (共34层) 2室1厅 | 81.43平米 | 南,https://ke-image.ljcdn.com/110000-inspection/pc1_nnTmHIlLw.jpg!m_fill,w_280,h_210,f_jpg?from=ke.com
20230507,昌平,回龙观,101118676782,天露园08年社区 商五一 精装修 拎包住,468万,48025元/平,高楼层 (共6层) 2室1厅 | 97.45平米 | 南 北,https://ke-image.ljcdn.com/110000-inspection/pc1_03PNkhiDS_1.jpg!m_fill,w_280,h_210,f_jpg?from=ke.com
20230507,昌平,回龙观,101118669613,前后观景！A2眼镜好户型高楼层满五唯一品质3居必看好房,735万,68233元/平,高楼层 (共9层) 3室1厅 | 107.72平米 | 南 北,https://ke-image.ljcdn.com/110000-inspection/pc1_re6ZiHGSo.jpg!m_fill,w_280,h_210,f_jpg?from=ke.com
20230507,昌平,回龙观,101118659692,龙博苑二区 2室1厅 南 北必看好房,443万,55389元/平,底层 (共6层) | 2004年建 | 2室1厅 | 79.98平米 | 南 北,https://ke-image.ljcdn.com/110000-inspection/pc1_4E7V43yKi.jpg!m_fill,w_280,h_210,f_jpg?from=ke.com
20230507,昌平,回龙观,101118656100,九月份满五年落地窗采光好小区中间必看好房,555万,47186元/平,高楼层 (共6层) 3室1厅 | 117.62平米 | 北 南,https://ke-image.ljcdn.com/110000-inspection/pc1_0fV53zNDU.jpg!m_fill,w_280,h_210,f_jpg?from=ke.com
20230507,昌平,回龙观,101118649138,商满五唯一南北通透低楼层采光好必看好房,389万,50162元/平,低楼层 (共6层) | 2000年建 | 1室1厅 | 77.55平米 | 南 北,https://ke-image.ljcdn.com/110000-inspection/pc1_YOwAnEv7u_1.jpg!m_fill,w_280,h_210,f_jpg?from=ke.com
20230507,昌平,回龙观,101118630211,良庄家园 2室1厅 南 北,470万,58451元/平,低楼层 (共6层) | 2004年建 | 2室1厅 | 80.41平米 | 南 北,https://ke-image.ljcdn.com/110000-inspection/533c56b3-c422-4007-9d3b-ca0b9e9800f2_1000.jpg!m_fill,w_280,h_210,f_jpg?from=ke.com
20230507,昌平,回龙观,101118628135,无遮挡两居室 小区中间位置 通透性好 采光时间长,485万,50924元/平,底层 (共6层) | 2000年建 | 2室1厅 | 95.24平米 | 南 北,https://ke-image.ljcdn.com/110000-inspection/0b85e3ae-ffdd-4914-b65e-8acdab355ad4_1000.jpg!m_fill,w_280,h_210,f_jpg?from=ke.com
20230507,昌平,回龙观,101118619683,金域华府 南北通透精装修 满五唯一 采光好必看好房,685万,69088元/平,中楼层 (共27层) | 2012年建 | 2室1厅 | 99.15平米 | 南 北,https://ke-image.ljcdn.com/110000-inspection/7b558131-520b-4551-a030-ac44a2c42d67_1000.jpg!m_fill,w_280,h_210,f_jpg?from=ke.com
20230507,昌平,回龙观,101118619210,融泽嘉园 南北三居室 高层有电梯 视野采光好房主自荐,670万,60910元/平,高楼层 (共34层) 3室2厅 | 110平米 | 南 北,https://ke-image.ljcdn.com/110000-inspection/pc1_0Oidal8pI_1.jpg!m_fill,w_280,h_210,f_jpg?from=ke.com
20230507,昌平,回龙观,101118612097,融泽嘉园87平商品房满五年 一套 诚心卖 价格可谈必看好房,526万,60046元/平,高楼层 (共28层) 2室1厅 | 87.6平米 | 南,https://ke-image.ljcdn.com/110000-inspection/pc1_wdLhQ3QcU.jpg!m_fill,w_280,h_210,f_jpg?from=ke.com
20230507,昌平,回龙观,101118608965,两卫大三居！正中楼层！好户型！业主诚售！见面好谈！,580万,48181元/平,中楼层 (共6层) 3室2厅 | 120.38平米 | 南 北,https://ke-image.ljcdn.com/110000-inspection/pc1_f9t879HPA_1.jpg!m_fill,w_280,h_210,f_jpg?from=ke.com
20230507,昌平,回龙观,101118603279,龙兴园北区 三居室 位置好 视野开阔采光好 满五唯一房主自荐,478万,48152元/平,中楼层 (共6层) 3室2厅 | 99.27平米 | 南 北,https://ke-image.ljcdn.com/110000-inspection/pc1_fkXfX1dpJ.jpg!m_fill,w_280,h_210,f_jpg?from=ke.com
20230507,昌平,回龙观,101118599229,首开智慧社-不临街-中间楼层-精装修-业主人很好,588万,65802元/平,中楼层 (共21层) 2室1厅 | 89.36平米 | 南 北,https://ke-image.ljcdn.com/110000-inspection/6d971997-8cf4-430f-9583-ee7974974d79_1000.jpg!m_fill,w_280,h_210,f_jpg?from=ke.com
20230507,昌平,回龙观,101118585350,领秀慧谷A区商品房自住精装修小区中间位置高楼层,530万,65071元/平,中楼层 (共9层) | 2011年建 | 2室1厅 | 81.45平米 | 南,https://ke-image.ljcdn.com/110000-inspection/pc1_iGSHolGCk.jpg!m_fill,w_280,h_210,f_jpg?from=ke.com
20230507,昌平,回龙观,101118580871,龙跃苑东二区 南北精装婚房二居室 业主靠谱房主自荐,548万,54800元/平,中楼层 (共6层) 2室1厅 | 100平米 | 南 北,https://ke-image.ljcdn.com/110000-inspection/a68fd841-5528-4e06-8ea5-7a367b4e406e_1000.jpg!m_fill,w_280,h_210,f_jpg?from=ke.com
20230507,昌平,回龙观,101118578288,中间层小三居室自住精装修小区中间位置房主自荐,505万,51306元/平,高楼层 (共6层) | 2000年建 | 3室1厅 | 98.43平米 | 南 北,https://ke-image.ljcdn.com/110000-inspection/e5569c8f-bd1c-48bf-a083-ef68d4b29f5c_1000.jpg!m_fill,w_280,h_210,f_jpg?from=ke.com
20230507,昌平,回龙观,101118577689,平层四居室  南北通透 商五唯一 业主诚心出售必看好房,548万,39051元/平,低楼层 (共6层) 4室2厅 | 140.33平米 | 南 北,https://ke-image.ljcdn.com/110000-inspection/c0ef8179-1df1-4b2c-b960-a8472f38b0d7_1000.jpg!m_fill,w_280,h_210,f_jpg?from=ke.com
20230507,昌平,回龙观,101118571774,新龙城 1室1厅 北,429万,60826元/平,低楼层 (共20层) 1室1厅 | 70.53平米 | 北,https://ke-image.ljcdn.com/110000-inspection/pc1_TY9l5GeOA.jpg!m_fill,w_280,h_210,f_jpg?from=ke.com
20230507,昌平,回龙观,101118563676,龙腾三居两卫3层不临街不把边急售必看好房,639万,45465元/平,中楼层 (共6层) 3室1厅 | 140.55平米 | 南 北,https://ke-image.ljcdn.com/110000-inspection/pc1_uZbViALxh.jpg!m_fill,w_280,h_210,f_jpg?from=ke.com
20230507,昌平,回龙观,101118563339,龙泽东区钢混结构两居室+小区中间+南北通透+随时签约必看好房,465万,61403元/平,中楼层 (共7层) | 2005年建 | 2室1厅 | 75.73平米 | 南 北,https://ke-image.ljcdn.com/110000-inspection/pc1_HhYhwtFMi.jpg!m_fill,w_280,h_210,f_jpg?from=ke.com
20230507,昌平,回龙观,101118562679,全新装修 拎包入住距离地铁321米 商五唯一必看好房,479万,53960元/平,高楼层 (共6层) | 2005年建 | 2室1厅 | 88.77平米 | 南 北,https://ke-image.ljcdn.com/110000-inspection/a71bbc29-3eee-42aa-8e74-50175fb4c20b_1000.jpg!m_fill,w_280,h_210,f_jpg?from=ke.com
20230507,昌平,回龙观,101118559198,满五唯一 中间楼层 看房方便诚心出售价格可谈必看好房,545万,62066元/平,中楼层 (共34层) | 2016年建 | 2室1厅 | 87.81平米 | 南,https://ke-image.ljcdn.com/110000-inspection/f0ff39ed-9857-43ac-a7d5-7381658390f5_1000.jpg!m_fill,w_280,h_210,f_jpg?from=ke.com
20230507,昌平,回龙观,101118558378,北京人家高楼层电梯一居婚房精装可以拎包入住房主自荐,389万,69329元/平,高楼层 (共9层) | 2005年建 | 1室1厅 | 56.11平米 | 北,https://ke-image.ljcdn.com/110000-inspection/pc1_QSvJiQSif.jpg!m_fill,w_280,h_210,f_jpg?from=ke.com
20230507,昌平,回龙观,101118540009,融泽嘉园东一路8号院南向两居室房主自荐,545万,62229元/平,低楼层 (共28层) 2室1厅 | 87.58平米 | 南,https://ke-image.ljcdn.com/110000-inspection/pc1_2QVgVo0eu.jpg!m_fill,w_280,h_210,f_jpg?from=ke.com
20230507,昌平,回龙观,101118537193,房子满五年唯一南北通透两居两卫业主诚心出售必看好房,562万,57347元/平,中楼层 (共6层) | 2001年建 | 2室1厅 | 98平米 | 南 北,https://ke-image.ljcdn.com/110000-inspection/pc1_CW6PjjbQp.jpg!m_fill,w_280,h_210,f_jpg?from=ke.com
20230507,昌平,回龙观,101118516294,105大户型两居室 小区中间 商品房满五年 断桥铝窗必看好房,509万,48380元/平,中楼层 (共5层) 2室1厅 | 105.21平米 | 南 北,https://ke-image.ljcdn.com/110000-inspection/pc1_Y9Ol40ATq.jpg!m_fill,w_280,h_210,f_jpg?from=ke.com
20230507,昌平,回龙观,101118510328,云趣园一区 商五唯一 低楼层二层  中间位置  近地铁必看好房,475万,50738元/平,低楼层 (共7层) 2室2厅 | 93.62平米 | 南 北,https://ke-image.ljcdn.com/110000-inspection/pc1_scLKH0LkE.jpg!m_fill,w_280,h_210,f_jpg?from=ke.com
20230507,昌平,回龙观,101118505274,龙城花园W区一层 精装修  值得关注必看好房,1230万,64227元/平,底层 (共4层) 3室2厅 | 191.51平米 | 北 南,https://ke-image.ljcdn.com/110000-inspection/015df43f-32e7-490b-97fc-7a5e11a67def_1000.jpg!m_fill,w_280,h_210,f_jpg?from=ke.com
20230507,昌平,回龙观,101118478168,商品房满五唯一采光充足视野开阔精装修直接住,430万,68114元/平,高楼层 (共33层) | 2014年建 | 1室1厅 | 63.13平米 | 南,https://ke-image.ljcdn.com/110000-inspection/pc1_42EtqvzhD.jpg!m_fill,w_280,h_210,f_jpg?from=ke.com
20230507,昌平,回龙观,101118476302,新龙城小区中间电梯双卧南三居满五唯一明厨明卫随看必看好房,688万,62078元/平,顶层 (共8层) 3室1厅 | 110.83平米 | 南 北,https://ke-image.ljcdn.com/110000-inspection/90b93bf1-4137-445e-9525-3111091317ff_1000.jpg!m_fill,w_280,h_210,f_jpg?from=ke.com
20230507,昌平,回龙观,101118473607,双卧朝南动静分离全屋定制装修合理改造储物空间大房主自荐,708万,80998元/平,中楼层 (共27层) 2室2厅 | 87.41平米 | 南,https://ke-image.ljcdn.com/110000-inspection/81d454e7-2ce0-4b97-bd3c-b8985a9dcf3b_1000.jpg!m_fill,w_280,h_210,f_jpg?from=ke.com
20230507,昌平,回龙观,101118467103,龙跃苑一区  商品房  满五唯一必看好房,509万,51639元/平,低楼层 (共6层) | 2003年建 | 2室2厅 | 98.57平米 | 南 北,https://ke-image.ljcdn.com/110000-inspection/988298c6-6732-4fd5-ac24-f1c622f67394_1000.jpg!m_fill,w_280,h_210,f_jpg?from=ke.com
20230507,昌平,回龙观,101118465946,风雅园二区南北通透大三居中间层业主诚意出售必看好房,510万,41149元/平,中楼层 (共7层) | 2000年建 | 3室1厅 | 123.94平米 | 北 南,https://ke-image.ljcdn.com/110000-inspection/5ecd1898-2167-43a1-b981-73e6e97e1a4f_1000.jpg!m_fill,w_280,h_210,f_jpg?from=ke.com
20230507,昌平,回龙观,101118463317,龙腾苑六区 2室1厅 南 北必看好房,513万,51934元/平,中楼层 (共6层) | 2002年建 | 2室1厅 | 98.78平米 | 南 北,https://ke-image.ljcdn.com/110000-inspection/pc1_FlcE4AUtS.jpg!m_fill,w_280,h_210,f_jpg?from=ke.com
20230507,昌平,回龙观,101118462583,龙华园小区中间位置中间楼层商满五唯一必看好房,415万,60408元/平,中楼层 (共6层) | 1996年建 | 2室1厅 | 68.7平米 | 南 北,https://ke-image.ljcdn.com/110000-inspection/pc1_LaZaCDSxh.jpg!m_fill,w_280,h_210,f_jpg?from=ke.com
20230507,昌平,回龙观,101118452679,钢混结构社区 明厨明卫 满5唯一 小区中间必看好房,480万,61264元/平,低楼层 (共6层) | 2003年建 | 2室1厅 | 78.35平米 | 东 南 西,https://ke-image.ljcdn.com/110000-inspection/52406b26-7cc8-4960-848f-02d3dc2b8e6e_1000.jpg!m_fill,w_280,h_210,f_jpg?from=ke.com
20230507,昌平,回龙观,101118438886,流星花园三区精装中间位置四居两卫餐客动静分离必看好房,866万,52970元/平,低楼层 (共6层) | 2003年建 | 4室2厅 | 163.49平米 | 南 西 北,https://ke-image.ljcdn.com/110000-inspection/03852398-c028-44a6-8855-dd89999e96d7_1000.jpg!m_fill,w_280,h_210,f_jpg?from=ke.com
20230507,昌平,回龙观,101118429585,佰嘉城电梯中高楼层全明格局大三居采光视野好必看好房,508万,40401元/平,中楼层 (共9层) | 2008年建 | 3室1厅 | 125.74平米 | 南 北,https://ke-image.ljcdn.com/110000-inspection/pc1_jkGAfnmdI_1.jpg!m_fill,w_280,h_210,f_jpg?from=ke.com
20230507,昌平,回龙观,101118429315,回龙观北京人家佳园满五年唯一商品房,428万,55506元/平,顶层 (共10层) | 2005年建 | 2室1厅 | 77.11平米 | 南 北,https://ke-image.ljcdn.com/110000-inspection/2340f2fd-1bac-4af3-9da9-95a17f75455f_1000.jpg!m_fill,w_280,h_210,f_jpg?from=ke.com
20230507,昌平,回龙观,101118410630,东村家园 板楼 钢混 南北通透 两居室必看好房,518万,64929元/平,底层 (共8层) 2室1厅 | 79.78平米 | 南 北,https://ke-image.ljcdn.com/110000-inspection/be066202-57c0-4095-ae3e-9b650d6a8bb0_1000.jpg!m_fill,w_280,h_210,f_jpg?from=ke.com
20230507,昌平,回龙观,101118394766,商满五年唯一中间楼层视野开阔小区中间,526万,45151元/平,高楼层 (共6层) 3室1厅 | 116.5平米 | 南 北,https://ke-image.ljcdn.com/110000-inspection/pc1_gJlRPSyMr.jpg!m_fill,w_280,h_210,f_jpg?from=ke.com
20230507,昌平,回龙观,101118394770,风雅园三区南北通透中间层2居室业主靠谱出售必看好房,465万,48932元/平,高楼层 (共6层) 2室2厅 | 95.03平米 | 南 北,https://ke-image.ljcdn.com/110000-inspection/pc1_IjLixjYP2_1.jpg!m_fill,w_280,h_210,f_jpg?from=ke.com
20230507,昌平,回龙观,101118394266,店经理推荐 精装修 低楼层 采光无遮挡 业主诚心出售,509万,54149元/平,底层 (共6层) | 2006年建 | 2室1厅 | 94平米 | 南 北,https://ke-image.ljcdn.com/110000-inspection/468dc304-f354-4c1b-982d-60e87e6cc0db_1000.jpg!m_fill,w_280,h_210,f_jpg?from=ke.com
20230507,昌平,回龙观,101118387517,佰嘉城电梯三居室 商品房满五年唯一 业主诚心出售必看好房,525万,41737元/平,低楼层 (共9层) | 2008年建 | 3室2厅 | 125.79平米 | 南 北,https://ke-image.ljcdn.com/110000-inspection/pc1_VQf9kVo2S.jpg!m_fill,w_280,h_210,f_jpg?from=ke.com
20230507,昌平,回龙观,101118379377,万润家园南向一居室+30万精装修+小区中间位置房主自荐,435万,64781元/平,中楼层 (共10层) | 2003年建 | 1室1厅 | 67.15平米 | 南,https://ke-image.ljcdn.com/110000-inspection/pc1_xAMd3SMkK.jpg!m_fill,w_280,h_210,f_jpg?from=ke.com
20230507,昌平,回龙观,101118374896,商品房满五唯一三居两卫小区门口在建13号地铁站必看好房,600万,52012元/平,底层 (共6层) 3室2厅 | 115.36平米 | 南 北,https://ke-image.ljcdn.com/110000-inspection/f509789d-d7cf-44af-83f9-8b2685268762_1000.jpg!m_fill,w_280,h_210,f_jpg?from=ke.com
20230507,昌平,回龙观,101118367656,领秀中间位置不临街南向一居室业主定房诚心出售必看好房,385万,61034元/平,低楼层 (共9层) | 2011年建 | 1室1厅 | 63.08平米 | 南,https://ke-image.ljcdn.com/110000-inspection/36b337d6-fcb7-44ff-b4fd-8ee8ed0d34f9_1000.jpg!m_fill,w_280,h_210,f_jpg?from=ke.com
20230507,昌平,回龙观,101118367565,万科商品房满五唯一  南北西三面通透  新装修三居室,730万,73375元/平,低楼层 (共27层) | 2012年建 | 3室1厅 | 99.49平米 | 南 北,https://ke-image.ljcdn.com/110000-inspection/pc1_zcBHIvFoi.jpg!m_fill,w_280,h_210,f_jpg?from=ke.com
20230507,昌平,回龙观,101118362468,新上新龙城南向精装修一居室业主自住看房方便必看好房,430万,67995元/平,底层 (共20层) 1室1厅 | 63.24平米 | 南,https://ke-image.ljcdn.com/110000-inspection/pc1_fyJKvdXQc.jpg!m_fill,w_280,h_210,f_jpg?from=ke.com
20230507,昌平,回龙观,101118350386,龙泽苑西区经典大三居近地铁半人车分流集中供暖必看好房,755万,53128元/平,低楼层 (共7层) | 2000年建 | 3室2厅 | 142.11平米 | 南 北,https://ke-image.ljcdn.com/110000-inspection/pc1_QOd6bKEW1.jpg!m_fill,w_280,h_210,f_jpg?from=ke.com
20230507,昌平,回龙观,101118346732,首开国风美唐三期 精装修 近双规地铁必看好房,658万,71228元/平,低楼层 (共21层) | 2016年建 | 2室1厅 | 92.38平米 | 南,https://ke-image.ljcdn.com/110000-inspection/cccd3ca3-ea3c-4316-a786-fff9797e4e94_1000.jpg!m_fill,w_280,h_210,f_jpg?from=ke.com
20230507,昌平,回龙观,101118328498,北店嘉园 钢混结构 满5唯一 中间楼层,470万,60992元/平,中楼层 (共6层) | 2003年建 | 2室1厅 | 77.06平米 | 南 北,https://ke-image.ljcdn.com/110000-inspection/b06e7a41-6033-4a20-8b6b-60bd0ffcb51c_1000.jpg!m_fill,w_280,h_210,f_jpg?from=ke.com
20230507,昌平,回龙观,101118319953,龙泽西区电梯大两居+采光好+看房方便+近地铁,618万,56485元/平,低楼层 (共22层) | 2002年建 | 2室1厅 | 109.41平米 | 西南,https://ke-image.ljcdn.com/110000-inspection/pc1_XgEddKa40.jpg!m_fill,w_280,h_210,f_jpg?from=ke.com
20230507,昌平,回龙观,101118314712,一层独立下水商满二原374万距霍营站600米必看好房,505万,54767元/平,底层 (共6层) | 2005年建 | 2室1厅 | 92.21平米 | 南 北,https://ke-image.ljcdn.com/110000-inspection/pc1_564ZlAtt8.jpg!m_fill,w_280,h_210,f_jpg?from=ke.com
20230507,昌平,回龙观,101118313375,南北通透中间楼层中间位置采光充足集中供暖,379万,51432元/平,低楼层 (共6层) | 1995年建 | 2室1厅 | 73.69平米 | 南 北,https://ke-image.ljcdn.com/110000-inspection/pc1_LfgahCH1L.jpg!m_fill,w_280,h_210,f_jpg?from=ke.com
20230507,昌平,回龙观,101118304293,2006年商品房社区 精装修 中间楼层 小区中间位置必看好房,523万,52952元/平,中楼层 (共7层) | 2006年建 | 2室2厅 | 98.77平米 | 南 北,https://ke-image.ljcdn.com/110000-inspection/be39c330-9514-4f0b-b977-7ed2e1ce3d6e_1000.jpg!m_fill,w_280,h_210,f_jpg?from=ke.com
20230507,昌平,回龙观,101118298808,美唐二期中间层看房方便视野好采光充足必看好房,657万,71772元/平,中楼层 (共16层) 2室1厅 | 91.54平米 | 南,https://ke-image.ljcdn.com/110000-inspection/a5f42012-5116-49ec-b436-6d4f8d50f814_1000.jpg!m_fill,w_280,h_210,f_jpg?from=ke.com
20230507,昌平,回龙观,101118291687,满五唯一带电梯南北通透全明价可谈低单价！必看好房,579万,50331元/平,中楼层 (共20层) 2室1厅 | 115.04平米 | 南 北,https://ke-image.ljcdn.com/110000-inspection/pc1_Gsg99fmXV.jpg!m_fill,w_280,h_210,f_jpg?from=ke.com
20230507,昌平,回龙观,101118291656,龙锦苑二区 2室1厅 南 北必看好房,460万,51564元/平,低楼层 (共6层) | 2005年建 | 2室1厅 | 89.21平米 | 南 北,https://ke-image.ljcdn.com/110000-inspection/pc1_oXc8oIgOC.jpg!m_fill,w_280,h_210,f_jpg?from=ke.com
20230507,昌平,回龙观,101118289355,自住装修商品房满五年唯一看房随时必看好房,478万,49746元/平,高楼层 (共6层) | 2007年建 | 2室1厅 | 96.09平米 | 南 北,https://ke-image.ljcdn.com/110000-inspection/c7f8779b-3753-457c-8e9f-8f69453b4fc0_1000.jpg!m_fill,w_280,h_210,f_jpg?from=ke.com
20230507,昌平,回龙观,101118274998,万科物业人车分流把边三居明厨明卫5万平公园,1060万,77594元/平,中楼层 (共27层) 3室2厅 | 136.61平米 | 东 南 北,https://ke-image.ljcdn.com/110000-inspection/c4444d81-8f05-4559-b251-36764c9d5435_1000.jpg!m_fill,w_280,h_210,f_jpg?from=ke.com
20230507,昌平,回龙观,101118274943,流星花园三区平层四居中高层采光好视野好,945万,52629元/平,高楼层 (共6层) 4室2厅 | 179.56平米 | 南 西 北,https://ke-image.ljcdn.com/110000-inspection/a80ff3ac-e606-4e68-b7c4-73c912063dae_1000.jpg!m_fill,w_280,h_210,f_jpg?from=ke.com
20230507,昌平,回龙观,101118271383,住总万科金域华府 南北朝向 业主靠谱出售,572万,66753元/平,高楼层 (共15层) | 2012年建 | 2室1厅 | 85.69平米 | 南 北,https://ke-image.ljcdn.com/110000-inspection/pc1_HFhJj0BXp.jpg!m_fill,w_280,h_210,f_jpg?from=ke.com
20230507,昌平,回龙观,101118268357,首开智慧社精装修两居室业主自己住商品房满五年,549万,61211元/平,低楼层 (共21层) 2室1厅 | 89.69平米 | 西南,https://ke-image.ljcdn.com/110000-inspection/pc1_jTDppVoJh.jpg!m_fill,w_280,h_210,f_jpg?from=ke.com
20230507,昌平,回龙观,101118257377,2005年商品房+满五唯一+电梯高楼层+诚心出售房主自荐,529万,56548元/平,高楼层 (共10层) | 2005年建 | 2室2厅 | 93.55平米 | 南 北,https://ke-image.ljcdn.com/110000-inspection/pc1_COlCyXb9U.jpg!m_fill,w_280,h_210,f_jpg?from=ke.com
20230507,昌平,回龙观,101118242969,天慧园双卫格局 商品房满五年唯一 业主诚意出售房主自荐,498万,45638元/平,中楼层 (共7层) 2室1厅 | 109.12平米 | 南 北,https://ke-image.ljcdn.com/110000-inspection/35af36e7-24b5-40a0-a0d4-e4f141b7c4d9_1000.jpg!m_fill,w_280,h_210,f_jpg?from=ke.com
20230507,昌平,回龙观,101118203536,龙博苑 南向一居室 五年新装修 拎包入住必看好房,396万,66915元/平,底层 (共6层) | 2004年建 | 1室1厅 | 59.18平米 | 南,https://ke-image.ljcdn.com/110000-inspection/pc1_QuOuJuVtV.jpg!m_fill,w_280,h_210,f_jpg?from=ke.com
20230507,昌平,回龙观,101118199262,流星花园二区高层一居室满五年唯一商品房,309万,65328元/平,高楼层 (共11层) | 2004年建 | 1室0厅 | 47.3平米 | 北,https://ke-image.ljcdn.com/110000-inspection/pc1_UaxhkA0Lg.jpg!m_fill,w_280,h_210,f_jpg?from=ke.com
20230507,昌平,回龙观,101118193407,昌平回龙观矩阵二期电梯商品房必看好房,259万,74748元/平,中楼层 (共11层) | 2004年建 | 1室0厅 | 34.65平米 | 西北,https://ke-image.ljcdn.com/110000-inspection/d425616b-7ae5-4725-8448-5d535192a95f_1000.jpg!m_fill,w_280,h_210,f_jpg?from=ke.com
20230507,昌平,回龙观,101118191605,天龙苑 精装3层大三居户型方正采光充足必看好房,559万,47329元/平,中楼层 (共6层) | 1998年建 | 3室2厅 | 118.11平米 | 南 北,https://ke-image.ljcdn.com/110000-inspection/71bc1c60-3f88-47ed-9757-57185c703bdd_1000.jpg!m_fill,w_280,h_210,f_jpg?from=ke.com
20230507,昌平,回龙观,101118187887,慧华苑通透一居室中间位置视野好必看好房,299万,54167元/平,中楼层 (共6层) | 1996年建 | 1室1厅 | 55.2平米 | 南 北,https://ke-image.ljcdn.com/110000-inspection/pc1_bhSDTTZj1.jpg!m_fill,w_280,h_210,f_jpg?from=ke.com
20230507,昌平,回龙观,101118187475,商品房 满五年  小区中间 靠谱签约 看房随时,545万,54868元/平,中楼层 (共6层) | 2005年建 | 2室1厅 | 99.33平米 | 南 北,https://ke-image.ljcdn.com/110000-inspection/a9057f42-591d-4e6f-9b80-1e5cd1c9a83f_1000.jpg!m_fill,w_280,h_210,f_jpg?from=ke.com
20230507,昌平,回龙观,101118146393,融泽嘉园南北向两居室  满五唯一 中高楼层,549万,62154元/平,高楼层 (共31层) | 2016年建 | 2室1厅 | 88.33平米 | 南 北,https://ke-image.ljcdn.com/110000-inspection/pc1_ZrHQDPn6R.jpg!m_fill,w_280,h_210,f_jpg?from=ke.com
20230507,昌平,回龙观,101118139263,南北通透三居室双卧朝南三面采光商品房必看好房,569万,48675元/平,中楼层 (共6层) | 2002年建 | 3室1厅 | 116.9平米 | 南 西 北,https://ke-image.ljcdn.com/110000-inspection/pc1_tn1bLwTlS.jpg!m_fill,w_280,h_210,f_jpg?from=ke.com
20230507,昌平,回龙观,101118137073,龙华园自住精装两居南北通透中间位置中间层必看好房,422万,62686元/平,中楼层 (共5层) 2室1厅 | 67.32平米 | 南 北,https://ke-image.ljcdn.com/110000-inspection/pc1_9U1wcIzi9.jpg!m_fill,w_280,h_210,f_jpg?from=ke.com
20230507,昌平,回龙观,101118115971,金域华府二期全南两居中间楼层视野很好必看好房,736万,82410元/平,中楼层 (共28层) | 2014年建 | 2室1厅 | 89.31平米 | 南,https://ke-image.ljcdn.com/110000-inspection/pc1_juC40c6lt.jpg!m_fill,w_280,h_210,f_jpg?from=ke.com
20230507,昌平,回龙观,101118110395,融泽嘉园西二路6号院南北通透两居室正对小区中间,560万,63594元/平,低楼层 (共31层) | 2016年建 | 2室1厅 | 88.06平米 | 南 北,https://ke-image.ljcdn.com/110000-inspection/pc1_R7xa2Dh2j_1.jpg!m_fill,w_280,h_210,f_jpg?from=ke.com
20230507,昌平,回龙观,101118106671,京投发展公园悦府一区 满五唯一 高楼层 精装修必看好房,535万,65669元/平,顶层 (共22层) | 2015年建 | 2室1厅 | 81.47平米 | 南,https://ke-image.ljcdn.com/110000-inspection/pc1_4ompe3xmC.jpg!m_fill,w_280,h_210,f_jpg?from=ke.com
20230507,昌平,回龙观,101118091565,首开国风美唐二期 东南向一居室 采光无遮挡看房方便,425万,69434元/平,中楼层 (共18层) 1室1厅 | 61.21平米 | 东南 北,https://ke-image.ljcdn.com/110000-inspection/pc1_dgIui14J0.jpg!m_fill,w_280,h_210,f_jpg?from=ke.com
20230507,昌平,回龙观,101118091212,此房二类满五年唯一全朝南采光好视野好装修好,555万,68376元/平,中楼层 (共31层) | 2014年建 | 2室1厅 | 81.17平米 | 南,https://ke-image.ljcdn.com/110000-inspection/pc1_nzywD69cm.jpg!m_fill,w_280,h_210,f_jpg?from=ke.com
20230507,昌平,回龙观,101118082167,首开国风美唐二期 正规一居室 中间楼层 满五唯一,426万,70425元/平,中楼层 (共18层) | 2014年建 | 1室1厅 | 60.49平米 | 东,https://ke-image.ljcdn.com/110000-inspection/pc1_4VIEObi1w.jpg!m_fill,w_280,h_210,f_jpg?from=ke.com
20230507,昌平,回龙观,101118081325,融泽嘉园2号院中高层精装修满五唯一可多贷款诚意卖必看好房,439万,69353元/平,高楼层 (共34层) 1室1厅 | 63.3平米 | 南 北,https://ke-image.ljcdn.com/110000-inspection/pc1_jtrWtvuIg.jpg!m_fill,w_280,h_210,f_jpg?from=ke.com
20230507,昌平,回龙观,101118074158,龙腾苑四区舒适平层三居室  双卫,636万,45251元/平,中楼层 (共6层) | 2003年建 | 3室1厅 | 140.55平米 | 南 北,https://ke-image.ljcdn.com/110000-inspection/pc1_XWKkGw5QT.jpg!m_fill,w_280,h_210,f_jpg?from=ke.com
20230507,昌平,回龙观,101118072067,商品房满五唯一南北通透明厨明卫中高层采光好必看好房,580万,58812元/平,高楼层 (共25层) 2室1厅 | 98.62平米 | 北 南,https://ke-image.ljcdn.com/110000-inspection/63e20d79-ca64-449f-b8dd-80c445446e01_1000.jpg!m_fill,w_280,h_210,f_jpg?from=ke.com
20230507,昌平,回龙观,101118043862,此房满五年家庭名下唯一南北双通透户型交通便利必看好房,399万,67297元/平,中楼层 (共7层) | 2006年建 | 1室1厅 | 59.29平米 | 南,https://ke-image.ljcdn.com/110000-inspection/62ef0bb0-2927-40a8-a4f3-ced63830e12f_1000.jpg!m_fill,w_280,h_210,f_jpg?from=ke.com
20230507,昌平,回龙观,101118029713,田园风光雅苑落地窗飘窗南北通透两居室必看好房,448万,50084元/平,顶层 (共6层) | 2006年建 | 2室1厅 | 89.45平米 | 南 北,https://ke-image.ljcdn.com/110000-inspection/219ee714-382d-4348-8255-fb90317f8888_1000.jpg!m_fill,w_280,h_210,f_jpg?from=ke.com
20230507,昌平,回龙观,101118022700,融泽嘉园西二号院 全南向两居室 有固定车位,498万,61157元/平,底层 (共34层) 2室1厅 | 81.43平米 | 南,https://ke-image.ljcdn.com/110000-inspection/pc1_JHyz9BIgx.jpg!m_fill,w_280,h_210,f_jpg?from=ke.com
20230507,昌平,回龙观,101118019137,北京人家+二期地暖+业主自住精装修必看好房,512万,54267元/平,中楼层 (共6层) | 2004年建 | 2室1厅 | 94.35平米 | 南 北,https://ke-image.ljcdn.com/110000-inspection/pc1_hpIekgaLH.jpg!m_fill,w_280,h_210,f_jpg?from=ke.com
20230507,昌平,回龙观,101118007292,2019次新房 60万婚房全套精装 高层视野棒 户型格局好,718万,82444元/平,中楼层 (共27层) 2室2厅 | 87.09平米 | 东南,https://ke-image.ljcdn.com/110000-inspection/996a0e72-7798-471d-8375-3b34042bea06_1000.jpg!m_fill,w_280,h_210,f_jpg?from=ke.com
20230507,昌平,回龙观,101117996881,首开智慧社经典两居近地铁采光充足视野无遮挡必看好房,545万,60990元/平,顶层 (共21层) 2室1厅 | 89.36平米 | 南 北,https://ke-image.ljcdn.com/110000-inspection/pc1_uezkrssb8.jpg!m_fill,w_280,h_210,f_jpg?from=ke.com
20230507,昌平,回龙观,101117989985,新龙城 2室2厅 南 西必看好房,555万,61333元/平,顶层 (共20层) 2室2厅 | 90.49平米 | 南 西,https://ke-image.ljcdn.com/110000-inspection/pc1_a8l0IjPy7.jpg!m_fill,w_280,h_210,f_jpg?from=ke.com
20230507,昌平,回龙观,101117977699,昌平路380号院小区一居室满五年唯一,330万,70725元/平,低楼层 (共20层) | 2006年建 | 1室0厅 | 46.66平米 | 北,https://ke-image.ljcdn.com/110000-inspection/pc1_WNbEp83xH.jpg!m_fill,w_280,h_210,f_jpg?from=ke.com
20230507,昌平,回龙观,101117959879,温馨大两居南北通透格局精装修多窗必看好房,499万,55519元/平,底层 (共11层) | 2005年建 | 2室1厅 | 89.88平米 | 南 北,https://ke-image.ljcdn.com/110000-inspection/423bceaf-1471-4201-8ba1-26ae1bfba9ff_1000.jpg!m_fill,w_280,h_210,f_jpg?from=ke.com
20230507,昌平,回龙观,101117959434,商品房满五年唯一明厨明卫落地窗采光好近地铁,509万,55892元/平,低楼层 (共20层) | 2007年建 | 2室1厅 | 91.07平米 | 东 南 西,https://ke-image.ljcdn.com/110000-inspection/pc1_ylYHqb10Z.jpg!m_fill,w_280,h_210,f_jpg?from=ke.com
20230507,昌平,回龙观,101117947414,中楼层不临街视野无遮挡三阳台+落地窗必看好房,570万,62949元/平,中楼层 (共20层) 2室1厅 | 90.55平米 | 东南,https://ke-image.ljcdn.com/110000-inspection/pc1_7mpKJk6Pt.jpg!m_fill,w_280,h_210,f_jpg?from=ke.com
20230507,昌平,回龙观,101117942281,商品房满五年唯一精装修小区中间位置很安静。必看好房,399万,53229元/平,顶层 (共6层) | 1993年建 | 2室1厅 | 74.96平米 | 南 北,https://ke-image.ljcdn.com/110000-inspection/pc1_5NxQkyoYX.jpg!m_fill,w_280,h_210,f_jpg?from=ke.com
20230507,昌平,回龙观,101117930812,电梯房小区中间位置商品房满五唯一必看好房,448万,69555元/平,中楼层 (共10层) 1室1厅 | 64.41平米 | 南,https://ke-image.ljcdn.com/110000-inspection/a6fbc295-74be-4bb1-af98-30a102c9891e_1000.jpg!m_fill,w_280,h_210,f_jpg?from=ke.com
20230507,昌平,回龙观,101117916592,龙泽东区钢混结构+2005年商品房+满五唯一+近地铁,475万,62328元/平,中楼层 (共6层) 2室1厅 | 76.21平米 | 东 西,https://ke-image.ljcdn.com/110000-inspection/pc1_sZyHOE5nu.jpg!m_fill,w_280,h_210,f_jpg?from=ke.com
20230507,昌平,回龙观,101117913361,新龙城一期H1户型不临街不把边 无户口房主自荐,799万,65903元/平,低楼层 (共9层) | 2007年建 | 3室2厅 | 121.24平米 | 南 北,https://ke-image.ljcdn.com/110000-inspection/11046b2e-262d-4cc8-9713-fbcfdae7cbfc_1000.jpg!m_fill,w_280,h_210,f_jpg?from=ke.com
20230507,昌平,回龙观,101117909076,龙跃苑东五区 满五年唯一 到霍营地铁站210米路程,499万,40366元/平,顶层 (共6层) 3室1厅 | 123.62平米 | 北 南,https://ke-image.ljcdn.com/110000-inspection/pc1_1Ahs2PKQV.jpg!m_fill,w_280,h_210,f_jpg?from=ke.com
20230507,昌平,回龙观,101117906707,临近水系一层有花园满五年唯一靠谱出售必看好房,770万,53166元/平,底层 (共6层) | 2003年建 | 3室1厅 | 144.83平米 | 南 北,https://ke-image.ljcdn.com/110000-inspection/pc1_LFbxBUNC6.jpg!m_fill,w_280,h_210,f_jpg?from=ke.com
20230507,昌平,回龙观,101117893270,风雅园三区中间楼层三居室诚意出售,562万,44703元/平,中楼层 (共6层) 3室2厅 | 125.72平米 | 南 北,https://ke-image.ljcdn.com/110000-inspection/pc1_iihqboSuu_1.jpg!m_fill,w_280,h_210,f_jpg?from=ke.com
20230507,昌平,回龙观,101117891856,龙博苑二区 小区中间位置把西边客厅两个阳台必看好房,400万,49044元/平,顶层 (共6层) | 2004年建 | 2室1厅 | 81.56平米 | 南 北 西,https://ke-image.ljcdn.com/110000-inspection/pc1_xNrR3hCyb.jpg!m_fill,w_280,h_210,f_jpg?from=ke.com
20230507,昌平,回龙观,101117881989,矩阵三期新上电梯一居室南向落地窗满五唯一必看好房,419万,73729元/平,高楼层 (共10层) | 2007年建 | 1室1厅 | 56.83平米 | 南,https://ke-image.ljcdn.com/110000-inspection/727958e8-7db4-4ab3-8d51-e5b08d388685_1000.jpg!m_fill,w_280,h_210,f_jpg?from=ke.com
20230507,昌平,回龙观,101117878253,2019年次新房 户型方正 婚房精装修 次卧室无遮挡房主自荐,719万,83324元/平,中楼层 (共27层) 2室2厅 | 86.29平米 | 西南,https://ke-image.ljcdn.com/110000-inspection/f92979f2-ae14-4126-baaa-199000ff2511_1000.jpg!m_fill,w_280,h_210,f_jpg?from=ke.com
20230507,昌平,回龙观,101117857119,和谐家园三层两居室商品房出行方便必看好房,490万,52452元/平,中楼层 (共6层) | 2006年建 | 2室1厅 | 93.42平米 | 南 北,https://ke-image.ljcdn.com/110000-inspection/pc1_k0rFwFTQm.jpg!m_fill,w_280,h_210,f_jpg?from=ke.com
20230507,昌平,回龙观,101117844655,商品房满五唯一中高楼层户型方正视野开阔必看好房,530万,61117元/平,中楼层 (共27层) | 2013年建 | 2室1厅 | 86.72平米 | 南,https://ke-image.ljcdn.com/110000-inspection/pc1_z4P53WDfs.jpg!m_fill,w_280,h_210,f_jpg?from=ke.com
20230507,昌平,回龙观,101117826986,本房格局好 面积大 楼层高 视野好  出行便利必看好房,438万,57945元/平,中楼层 (共20层) | 2006年建 | 1室1厅 | 75.59平米 | 北,https://ke-image.ljcdn.com/110000-inspection/pc1_duIWJJbFk.jpg!m_fill,w_280,h_210,f_jpg?from=ke.com
20230507,昌平,回龙观,101117821070,（回龙观优选）北郊农场宿舍 全明格局两居 商满五唯一必看好房,354万,54563元/平,顶层 (共4层) 2室1厅 | 64.88平米 | 南 北,https://ke-image.ljcdn.com/110000-inspection/pc1_BXjaEZZv3.jpg!m_fill,w_280,h_210,f_jpg?from=ke.com
20230507,昌平,回龙观,101117819469,新龙城小区中间H1品质三居全新美式精装视野开阔近地铁,836万,69063元/平,低楼层 (共10层) 3室1厅 | 121.05平米 | 南 北,https://ke-image.ljcdn.com/110000-inspection/pc1_SADntNdaW.jpg!m_fill,w_280,h_210,f_jpg?from=ke.com
20230507,昌平,回龙观,101117810867,北京人家 商品房  满五年唯一  南北通透必看好房,425万,57116元/平,顶层 (共6层) | 2004年建 | 2室1厅 | 74.41平米 | 南 北,https://ke-image.ljcdn.com/110000-inspection/ff01bcb3-ba18-4742-80cd-4acfdbcfef67_1000.jpg!m_fill,w_280,h_210,f_jpg?from=ke.com
20230507,昌平,回龙观,101117807024,融泽嘉园中路6号院满五唯一纯正商品房必看好房,610万,66161元/平,高楼层 (共27层) 2室1厅 | 92.2平米 | 南 北,https://ke-image.ljcdn.com/110000-inspection/pc1_hgC3j14uG.jpg!m_fill,w_280,h_210,f_jpg?from=ke.com
20230507,昌平,回龙观,101117806776,龙腾苑四区 南北通透 一层两居室 商品房必看好房,549万,58071元/平,底层 (共6层) | 2003年建 | 2室1厅 | 94.54平米 | 南 北,https://ke-image.ljcdn.com/110000-inspection/pc1_SdIrT4JFM.jpg!m_fill,w_280,h_210,f_jpg?from=ke.com
20230507,昌平,回龙观,101117802226,2016年楼龄新 满五唯一 诚心卖随时看 全南采光足必看好房,449万,67938元/平,低楼层 (共22层) | 2016年建 | 1室1厅 | 66.09平米 | 南,https://ke-image.ljcdn.com/110000-inspection/pc1_TSJK4uyn5.jpg!m_fill,w_280,h_210,f_jpg?from=ke.com
20230507,昌平,回龙观,101117795464,龙泽苑东区电梯一居中高层满五唯一安静宜居必看好房,388万,75915元/平,中楼层 (共20层) | 2003年建 | 1室1厅 | 51.11平米 | 西北,https://ke-image.ljcdn.com/110000-inspection/pc1_rSAX3O2Lv.jpg!m_fill,w_280,h_210,f_jpg?from=ke.com
20230507,昌平,回龙观,101117767575,满五唯一 户型方正 南北通透 采光无遮挡 业主诚售必看好房,527万,60236元/平,低楼层 (共7层) 3室1厅 | 87.49平米 | 南 北,https://ke-image.ljcdn.com/110000-inspection/pc1_T7gbHqwMw.jpg!m_fill,w_280,h_210,f_jpg?from=ke.com
20230507,昌平,回龙观,101117756714,2005年中间位置中间楼层诚心卖离地铁近必看好房,526万,58732元/平,中楼层 (共12层) | 2005年建 | 2室1厅 | 89.56平米 | 南 北,https://ke-image.ljcdn.com/110000-inspection/0517a3a1-ef90-45cd-b1ba-e97e3763a5bb_1000.jpg!m_fill,w_280,h_210,f_jpg?from=ke.com
20230507,昌平,回龙观,101117751253,北京人家 电梯楼 精装修 三居室 满五唯一 靠谱出售必看好房,575万,51473元/平,低楼层 (共10层) | 2005年建 | 3室1厅 | 111.71平米 | 南 北,https://ke-image.ljcdn.com/110000-inspection/pc1_FqHtHKe88.jpg!m_fill,w_280,h_210,f_jpg?from=ke.com
20230507,昌平,回龙观,101117739814,龙泽苑东区优质两居南北通透视野开阔临近地铁必看好房,560万,50993元/平,中楼层 (共7层) | 2005年建 | 2室2厅 | 109.82平米 | 南 北,https://ke-image.ljcdn.com/110000-inspection/pc1_WcK0hMI3U.jpg!m_fill,w_280,h_210,f_jpg?from=ke.com
20230507,昌平,回龙观,101117726608,商品房满五唯一南北通透明厨明卫小区中间位置必看好房,566万,58629元/平,中楼层 (共18层) | 2013年建 | 2室1厅 | 96.54平米 | 南 北,https://ke-image.ljcdn.com/110000-inspection/8aab0267-117f-436a-b300-acd89305bd19_1000.jpg!m_fill,w_280,h_210,f_jpg?from=ke.com
20230507,昌平,回龙观,101117726476,金达园两室两厅大两居精装修南北通透满五唯一房主自荐,488万,48938元/平,中楼层 (共6层) | 1998年建 | 2室2厅 | 99.72平米 | 北 南,https://ke-image.ljcdn.com/110000-inspection/3d76dbe5-02ce-42f0-a1c1-eb85f95df23f_1000.jpg!m_fill,w_280,h_210,f_jpg?from=ke.com
20230507,昌平,回龙观,101117677772,电梯房 户型方正 距离地铁8号线752米 满五年唯一必看好房,525万,62219元/平,低楼层 (共10层) | 2007年建 | 2室2厅 | 84.38平米 | 南 北,https://ke-image.ljcdn.com/110000-inspection/e8333840-6c7f-4879-80c5-f0e9eddb24e1_1000.jpg!m_fill,w_280,h_210,f_jpg?from=ke.com
20230507,昌平,回龙观,101117658901,龙泽苑东区+集中供暖+满五唯一+电梯两居必看好房,560万,56836元/平,低楼层 (共11层) 2室1厅 | 98.53平米 | 南 西,https://ke-image.ljcdn.com/110000-inspection/pc1_C8IiuOVNu.jpg!m_fill,w_280,h_210,f_jpg?from=ke.com
20230507,昌平,回龙观,101117657545,首开国风美唐二期 大全南两居室 采光好装修好 视野棒必看好房,652万,69421元/平,中楼层 (共20层) 2室1厅 | 93.92平米 | 南,https://ke-image.ljcdn.com/110000-inspection/bcc0c2a2-76c9-4d52-9e04-db62c7fd4f6b_1000.jpg!m_fill,w_280,h_210,f_jpg?from=ke.com
20230507,昌平,回龙观,101117654532,融泽三期 满五年唯一南向落地窗必看好房,439万,66275元/平,中楼层 (共30层) | 2016年建 | 1室1厅 | 66.24平米 | 南,https://ke-image.ljcdn.com/110000-inspection/pc1_9pK2zyerm.jpg!m_fill,w_280,h_210,f_jpg?from=ke.com
20230507,昌平,回龙观,101117648137,满五唯一 自住装修 看房方便 诚心出售必看好房,530万,65087元/平,低楼层 (共34层) | 2016年建 | 2室1厅 | 81.43平米 | 南,https://ke-image.ljcdn.com/110000-inspection/3e550c86-fce7-4e93-b749-17ecad2e50b2_1000.jpg!m_fill,w_280,h_210,f_jpg?from=ke.com
20230507,昌平,回龙观,101117642916,商品房满五年唯一的两居室户型方正小区中间位置必看好房,449万,44377元/平,高楼层 (共6层) 2室1厅 | 101.18平米 | 南 北,https://ke-image.ljcdn.com/110000-inspection/pc1_1X0RLkJbr.jpg!m_fill,w_280,h_210,f_jpg?from=ke.com
20230507,昌平,回龙观,101117641529,2011年总高11层的电梯房自住精装修双线双站地铁,498.5万,61498元/平,中楼层 (共11层) | 2011年建 | 2室2厅 | 81.06平米 | 南,https://ke-image.ljcdn.com/110000-inspection/6e3178e5-1210-4896-b24c-d87fa252bc9d_1000.jpg!m_fill,w_280,h_210,f_jpg?from=ke.com
20230507,昌平,回龙观,101117617241,商满五唯一靠谱出售小区中间位置必看好房,483万,50768元/平,中楼层 (共7层) 2室1厅 | 95.14平米 | 南 北,https://ke-image.ljcdn.com/110000-inspection/pc1_ie9v1GkbA_1.jpg!m_fill,w_280,h_210,f_jpg?from=ke.com
20230507,昌平,回龙观,101117614335,自住精装修二层采光好诚心出售必看好房,337万,57538元/平,低楼层 (共6层) | 1994年建 | 1室1厅 | 58.57平米 | 东 西,https://ke-image.ljcdn.com/110000-inspection/d11bfe05-61e0-4415-a30e-1ae636dda97a_1000.jpg!m_fill,w_280,h_210,f_jpg?from=ke.com
20230507,昌平,回龙观,101117595055,金域华府一期99平两居室南北通透中间层纯商品房房主自荐,708万,71407元/平,中楼层 (共27层) | 2012年建 | 2室1厅 | 99.15平米 | 南 北,https://ke-image.ljcdn.com/110000-inspection/ceb47846-f42a-4df4-92c7-d95030c4cf21_1000.jpg!m_fill,w_280,h_210,f_jpg?from=ke.com
20230507,昌平,回龙观,101117587058,龙腾苑二区顶层2居室 业主诚信出售 价格可谈必看好房,465万,45931元/平,顶层 (共6层) | 2003年建 | 2室1厅 | 101.24平米 | 南 北,https://ke-image.ljcdn.com/110000-inspection/pc1_AYvPxUhFV.jpg!m_fill,w_280,h_210,f_jpg?from=ke.com
20230507,昌平,回龙观,101117577930,新龙城南向一居落地窗满五年唯一精装拎包住观景视野好房主自荐,488万,69595元/平,中楼层 (共20层) 1室1厅 | 70.12平米 | 南,https://ke-image.ljcdn.com/110000-inspection/pc1_TfS6tGt0p.jpg!m_fill,w_280,h_210,f_jpg?from=ke.com
20230507,昌平,回龙观,101117557826,龙博苑一区 3室1厅 南 北必看好房,509万,58379元/平,中楼层 (共7层) | 2005年建 | 3室1厅 | 87.19平米 | 南 北,https://ke-image.ljcdn.com/110000-inspection/pc1_qnxfZa36p.jpg!m_fill,w_280,h_210,f_jpg?from=ke.com
20230507,昌平,回龙观,101117544275,北京人家南北双通透位置好诚心出售必看好房,498万,56291元/平,中楼层 (共6层) 2室1厅 | 88.47平米 | 南 北,https://ke-image.ljcdn.com/110000-inspection/pc1_cCX4chwb9.jpg!m_fill,w_280,h_210,f_jpg?from=ke.com
20230507,昌平,回龙观,101117504826,商品房满五年唯一融泽嘉园中路1号院 南北通透 精装修必看好房,569万,61667元/平,低楼层 (共18层) 2室1厅 | 92.27平米 | 南 北,https://ke-image.ljcdn.com/110000-inspection/dabc4131-d5e2-42fd-9b84-a6cf7548c982_1000.jpg!m_fill,w_280,h_210,f_jpg?from=ke.com
20230507,昌平,回龙观,101117476567,视野开阔采光充足商品房 满五唯一必看好房,628万,73305元/平,中楼层 (共28层) | 2012年建 | 2室1厅 | 85.67平米 | 南,https://ke-image.ljcdn.com/110000-inspection/pc1_7pGMSiqqn_1.jpg!m_fill,w_280,h_210,f_jpg?from=ke.com
20230507,昌平,回龙观,101117470767,此房满五年唯一户型南北通透格局方正诚意出售,558万,63173元/平,高楼层 (共31层) | 2016年建 | 2室1厅 | 88.33平米 | 南 北,https://ke-image.ljcdn.com/110000-inspection/c2b93383-ec80-4538-bcb2-b0cc94caff5a_1000.jpg!m_fill,w_280,h_210,f_jpg?from=ke.com
20230507,昌平,回龙观,101117460976,融泽嘉园西二路6号院 2室1厅 南必看好房,565万,64242元/平,高楼层 (共22层) | 2016年建 | 2室1厅 | 87.95平米 | 南,https://ke-image.ljcdn.com/110000-inspection/pc1_F9WD28m8U.jpg!m_fill,w_280,h_210,f_jpg?from=ke.com
20230507,昌平,回龙观,101117431705,融泽嘉园西二路2号院满五年唯一业主诚心出售必看好房,548万,62701元/平,高楼层 (共34层) | 2016年建 | 2室1厅 | 87.4平米 | 南,https://ke-image.ljcdn.com/110000-inspection/pc1_1VACIDau3.jpg!m_fill,w_280,h_210,f_jpg?from=ke.com
20230507,昌平,回龙观,101117409181,领秀慧谷C区电梯洋房8层看房随时必看好房,433万,74875元/平,中楼层 (共11层) 1室1厅 | 57.83平米 | 南,https://ke-image.ljcdn.com/110000-inspection/04b95178-b854-4317-b700-2c709cc4bced_1000.jpg!m_fill,w_280,h_210,f_jpg?from=ke.com
20230507,昌平,回龙观,101117403231,电梯15/20层小区中间位置精装修业主换房急售房主自荐,678万,72190元/平,高楼层 (共20层) 2室1厅 | 93.92平米 | 南,https://ke-image.ljcdn.com/110000-inspection/pc1_fV2QYlKFG.jpg!m_fill,w_280,h_210,f_jpg?from=ke.com
20230507,昌平,回龙观,101117268924,满五唯一中高层全南向落地窗无遮挡视野好采光好必看好房,573万,65337元/平,中楼层 (共34层) 2室1厅 | 87.7平米 | 南,https://ke-image.ljcdn.com/110000-inspection/pc1_GOcMUxc6d.jpg!m_fill,w_280,h_210,f_jpg?from=ke.com
20230507,昌平,回龙观,101117227233,满五唯一中间楼层采光视野好正对公园必看好房,440万,66799元/平,低楼层 (共31层) | 2016年建 | 1室1厅 | 65.87平米 | 南,https://ke-image.ljcdn.com/110000-inspection/pc1_VNrZdJWHS.jpg!m_fill,w_280,h_210,f_jpg?from=ke.com
20230507,昌平,回龙观,101117223286,龙邸大平层电梯入户一梯一户落地窗采光好必看好房,1030万,56932元/平,中楼层 (共6层) 4室2厅 | 180.92平米 | 南 北,https://ke-image.ljcdn.com/110000-inspection/91b7f799-f0c9-49ef-843a-18feb499c79d_1000.jpg!m_fill,w_280,h_210,f_jpg?from=ke.com
20230507,昌平,回龙观,101117208144,满五唯一 高楼层视野好  诚心出售必看好房,443万,67132元/平,高楼层 (共34层) | 2016年建 | 1室1厅 | 65.99平米 | 南,https://ke-image.ljcdn.com/110000-inspection/5b207060-8d25-44bd-b486-1dbec202b771_1000.jpg!m_fill,w_280,h_210,f_jpg?from=ke.com
20230507,昌平,回龙观,101117207206,产权清晰  诚心出售  价格能谈必看好房,546万,62329元/平,低楼层 (共34层) | 2016年建 | 2室1厅 | 87.6平米 | 南,https://ke-image.ljcdn.com/110000-inspection/c06a706f-9d43-435f-bbcc-9e8ca2cba77a_1000.jpg!m_fill,w_280,h_210,f_jpg?from=ke.com
20230507,昌平,回龙观,101117206961,中美合资 商品房小区南北通透两居室必看好房,498万,55799元/平,低楼层 (共7层) | 2000年建 | 2室1厅 | 89.25平米 | 南 北,https://ke-image.ljcdn.com/110000-inspection/543b9e07-7202-4f7a-96d7-61fa5da77475_1000.jpg!m_fill,w_280,h_210,f_jpg?from=ke.com
20230507,昌平,回龙观,101117188960,龙泽苑西区A区环境好正规三居室必看好房,502万,52982元/平,中楼层 (共7层) | 1999年建 | 3室1厅 | 94.75平米 | 南 北,https://ke-image.ljcdn.com/110000-inspection/pc1_u9ocf9JhK.jpg!m_fill,w_280,h_210,f_jpg?from=ke.com
20230507,昌平,回龙观,101117186547,满五唯一中高楼层南北通透明厨明卫户型方正必看好房,678万,58916元/平,中楼层 (共20层) 3室1厅 | 115.08平米 | 南 北,https://ke-image.ljcdn.com/110000-inspection/pc1_RiGtaQE8W.jpg!m_fill,w_280,h_210,f_jpg?from=ke.com
20230507,昌平,回龙观,101117185512,北店嘉园 小区中间 中间楼层 满五年唯一必看好房,520万,58998元/平,中楼层 (共5层) | 2003年建 | 2室1厅 | 88.14平米 | 南 北,https://ke-image.ljcdn.com/110000-inspection/pc1_aByrowydM.jpg!m_fill,w_280,h_210,f_jpg?from=ke.com
20230507,昌平,回龙观,101117142520,流星花园三区 南向两居 中间楼层 满五唯一 诚意出售必看好房,538万,58403元/平,中楼层 (共6层) | 2004年建 | 2室1厅 | 92.12平米 | 南,https://ke-image.ljcdn.com/110000-inspection/04bc7c74-efb0-4bbc-b889-b5a00e84d6ca_1000.jpg!m_fill,w_280,h_210,f_jpg?from=ke.com
20230507,昌平,回龙观,101117133209,慧华苑  南北两居 满五唯一 优质房源 诚意出售,411万,50276元/平,中楼层 (共7层) 2室1厅 | 81.75平米 | 东 南 北,https://ke-image.ljcdn.com/110000-inspection/pc1_2QeL3Lorw.jpg!m_fill,w_280,h_210,f_jpg?from=ke.com
20230507,昌平,回龙观,101117110462,龙跃苑东二区 南北通透两居 商品房满五唯一必看好房,529万,52222元/平,高楼层 (共6层) 2室1厅 | 101.3平米 | 南 北,https://ke-image.ljcdn.com/110000-inspection/a8f1d94e-ea9b-4241-9892-3ba04720f696_1000.jpg!m_fill,w_280,h_210,f_jpg?from=ke.com
20230507,昌平,回龙观,101117090490,风雅园二区 满五唯一 三层 南北通透 户型方正,522万,42830元/平,中楼层 (共7层) | 2000年建 | 3室2厅 | 121.88平米 | 南 北,https://ke-image.ljcdn.com/110000-inspection/pc1_3rrWqaD7V.jpg!m_fill,w_280,h_210,f_jpg?from=ke.com
20230507,昌平,回龙观,101117087297,龙兴园北区中间楼层正规两居室看房方便只有契税,440万,51295元/平,中楼层 (共6层) 2室2厅 | 85.78平米 | 南 北,https://ke-image.ljcdn.com/110000-inspection/pc1_GAJmjZbKT.jpg!m_fill,w_280,h_210,f_jpg?from=ke.com
20230507,昌平,回龙观,101117081644,3层、商品房、满五年、唯一、小区中间、精装、急售必看好房,522万,49204元/平,中楼层 (共6层) | 2005年建 | 2室1厅 | 106.09平米 | 南 西 北,https://ke-image.ljcdn.com/110000-inspection/6a0401a6-5efa-4db2-a953-b10241234d88_1000.jpg!m_fill,w_280,h_210,f_jpg?from=ke.com
20230507,昌平,回龙观,101117061331,商满五 一套 首套可贷款284万 二套贷174万 小区中间,590万,42584元/平,高楼层 (共6层) | 2005年建 | 3室1厅 | 138.55平米 | 南 北,https://ke-image.ljcdn.com/110000-inspection/pc1_kUaVzoJaf.jpg!m_fill,w_280,h_210,f_jpg?from=ke.com
20230507,昌平,回龙观,101117023637,龙泽苑东区+南北通透+集中供暖+大两居房主自荐,588万,54826元/平,底层 (共7层) | 2003年建 | 2室2厅 | 107.25平米 | 南 北,https://ke-image.ljcdn.com/110000-inspection/pc1_L6hChGcY4.jpg!m_fill,w_280,h_210,f_jpg?from=ke.com
20230507,昌平,回龙观,101116978360,三面采光 视野无遮挡 带电梯两卫 无户口,598万,55299元/平,中楼层 (共6层) | 2004年建 | 3室1厅 | 108.14平米 | 东南 北,https://ke-image.ljcdn.com/110000-inspection/pc1_1OsHskVUh.jpg!m_fill,w_280,h_210,f_jpg?from=ke.com
20230507,昌平,回龙观,101116964427,融泽嘉园中路6号院南北通透两居室 精装修必看好房,618万,67793元/平,中楼层 (共18层) | 2013年建 | 2室1厅 | 91.16平米 | 南 北,https://ke-image.ljcdn.com/110000-inspection/pc1_n43r4JyEX.jpg!m_fill,w_280,h_210,f_jpg?from=ke.com
20230507,昌平,回龙观,101116955853,视野好没有遮挡 诚心出售 随时签约必看好房,459万,69895元/平,低楼层 (共31层) | 2016年建 | 1室1厅 | 65.67平米 | 南,https://ke-image.ljcdn.com/110000-inspection/pc1_4HT4dFQU9_1.jpg!m_fill,w_280,h_210,f_jpg?from=ke.com
20230507,昌平,回龙观,101116938811,商品房满五年唯一全明格局业主诚心出售。,512万,54731元/平,低楼层 (共10层) | 2005年建 | 2室1厅 | 93.55平米 | 东 南 西,https://ke-image.ljcdn.com/110000-inspection/pc1_zWmc9cwaa.jpg!m_fill,w_280,h_210,f_jpg?from=ke.com
20230507,昌平,回龙观,101116928082,满五唯一精装修南北通透高楼层视野开阔,620万,61741元/平,顶层 (共11层) | 2006年建 | 2室1厅 | 100.42平米 | 南 北,https://ke-image.ljcdn.com/110000-inspection/pc1_Kq8VIpmIO.jpg!m_fill,w_280,h_210,f_jpg?from=ke.com
20230507,昌平,回龙观,101116910829,流星花园三区 满五年开间 户型方正 留钥匙 诚心出售房主自荐,286万,60968元/平,底层 (共11层) 1室0厅 | 46.91平米 | 北,https://ke-image.ljcdn.com/110000-inspection/pc1_90NPKx4DQ.jpg!m_fill,w_280,h_210,f_jpg?from=ke.com
20230507,昌平,回龙观,101116902428,两个卧室客厅都朝南业主诚心出售必看好房,528万,70055元/平,中楼层 (共18层) 2室1厅 | 75.37平米 | 南,https://ke-image.ljcdn.com/110000-inspection/9fc3a6d4-f4b0-49a3-9dcb-609c704df56f_1000.jpg!m_fill,w_280,h_210,f_jpg?from=ke.com
20230507,昌平,回龙观,101116889071,下跃户南北双入户一层20平私家空间使用面积220平房主自荐,818万,74391元/平,底层 (共11层) | 2006年建 | 5室2厅 | 109.96平米 | 南 北,https://ke-image.ljcdn.com/110000-inspection/pc1_Y0m0qRJ2t.jpg!m_fill,w_280,h_210,f_jpg?from=ke.com
20230507,昌平,回龙观,101116883311,正规一居室商品房精装修自住,410万,62711元/平,中楼层 (共7层) | 2003年建 | 1室1厅 | 65.38平米 | 南 北,https://ke-image.ljcdn.com/110000-inspection/8f0ccb3c-92c1-41f8-9e6e-b26093842bdc_1000.jpg!m_fill,w_280,h_210,f_jpg?from=ke.com
20230507,昌平,回龙观,101116870289,龙旗广场 正规两居室 满五年 楼层采光好,469万,59016元/平,低楼层 (共28层) | 2010年建 | 2室1厅 | 79.47平米 | 南,https://ke-image.ljcdn.com/110000-inspection/pc1_CTu7FLXA4.jpg!m_fill,w_280,h_210,f_jpg?from=ke.com
20230507,昌平,回龙观,101116842278,京*发展公园悦府15年商品房社区万科物业人车分流必看好房,555万,66491元/平,中楼层 (共22层) | 2015年建 | 2室2厅 | 83.47平米 | 南,https://ke-image.ljcdn.com/110000-inspection/9c124683-f798-4c89-a51f-e3aa4de817f1_1000.jpg!m_fill,w_280,h_210,f_jpg?from=ke.com
20230507,昌平,回龙观,101116796693,龙城花园北二区+精装2居室+看房随时必看好房,376万,57283元/平,中楼层 (共4层) 2室1厅 | 65.64平米 | 南 北,https://ke-image.ljcdn.com/110000-inspection/pc1_pUqwwYFyI.jpg!m_fill,w_280,h_210,f_jpg?from=ke.com
20230507,昌平,回龙观,101116795391,龙泽西大三居满五年有独立餐厅小区中间位置,730万,51369元/平,中楼层 (共7层) | 2000年建 | 3室2厅 | 142.11平米 | 南 北,https://ke-image.ljcdn.com/110000-inspection/pc1_96GP4erfK.jpg!m_fill,w_280,h_210,f_jpg?from=ke.com
20230507,昌平,回龙观,101116689370,融泽嘉园1居室 商品房满五年 正对小区花园必看好房,435万,69213元/平,低楼层 (共34层) 1室1厅 | 62.85平米 | 南,https://ke-image.ljcdn.com/110000-inspection/pc1_T97IRWAkc.jpg!m_fill,w_280,h_210,f_jpg?from=ke.com
20230507,昌平,回龙观,101116614849,新龙城 挑高3米开间 户型方正 居住舒适 交通便捷必看好房,310万,66467元/平,底层 (共20层) | 2006年建 | 1室0厅 | 46.64平米 | 北,https://ke-image.ljcdn.com/110000-inspection/pc1_A4r4ffRbM.jpg!m_fill,w_280,h_210,f_jpg?from=ke.com
20230507,昌平,回龙观,101116531784,回龙观 2009年建成 一梯两户 南北通透  满五年唯一房主自荐,640万,55230元/平,顶层 (共11层) 3室1厅 | 115.88平米 | 南 北,https://ke-image.ljcdn.com/110000-inspection/pc1_z3AFW5Hiy.jpg!m_fill,w_280,h_210,f_jpg?from=ke.com
20230507,昌平,回龙观,101116449375,花园洋房带电梯次顶层不临街精装修看房方便房主自荐,558万,56302元/平,高楼层 (共6层) | 2004年建 | 2室1厅 | 99.11平米 | 南 北,https://ke-image.ljcdn.com/110000-inspection/pc1_K3Fr2enfg.jpg!m_fill,w_280,h_210,f_jpg?from=ke.com
20230507,昌平,回龙观,101116437054,金域华府万科物业满五唯一南北通透大两居必看好房,665万,66868元/平,低楼层 (共23层) | 2012年建 | 2室1厅 | 99.45平米 | 南 北,https://ke-image.ljcdn.com/110000-inspection/pc1_uxCVS71on_1.jpg!m_fill,w_280,h_210,f_jpg?from=ke.com
20230507,昌平,回龙观,101116380475,新龙城中间位置采光视野好满五年唯一,735万,60108元/平,中楼层 (共8层) | 2006年建 | 3室1厅 | 122.28平米 | 南 北,https://ke-image.ljcdn.com/110000-inspection/pc1_8vTdCHqwM.jpg!m_fill,w_280,h_210,f_jpg?from=ke.com
20230507,昌平,回龙观,101116352673,首开国风美唐二期  高楼层  明厨明卫 南北通透两居室,678万,73306元/平,中楼层 (共19层) | 2015年建 | 2室1厅 | 92.49平米 | 南 北,https://ke-image.ljcdn.com/110000-inspection/pc1_fxjrwPqCb.jpg!m_fill,w_280,h_210,f_jpg?from=ke.com
20230507,昌平,回龙观,101116349940,佰嘉城2007年房子 低楼层板楼三居 满五唯一,498万,41790元/平,低楼层 (共6层) | 2006年建 | 3室1厅 | 119.17平米 | 南 北,https://ke-image.ljcdn.com/110000-inspection/pc1_teDocDd4m.jpg!m_fill,w_280,h_210,f_jpg?from=ke.com
20230507,昌平,回龙观,101116328588,商满五唯一不临街首套首付200万。必看好房,430万,44583元/平,顶层 (共6层) | 2005年建 | 2室1厅 | 96.45平米 | 南 北,https://ke-image.ljcdn.com/110000-inspection/9b2bac9d-9451-4c82-ba73-5ec015bf40d2_1000.jpg!m_fill,w_280,h_210,f_jpg?from=ke.com
20230507,昌平,回龙观,101116280510,商品房精装自住中间楼层位置好,520万,61964元/平,中楼层 (共6层) | 2004年建 | 2室1厅 | 83.92平米 | 南 北,https://ke-image.ljcdn.com/110000-inspection/78f3a09e-1a8e-4dd9-affd-6cc2f44b9331_1000.jpg!m_fill,w_280,h_210,f_jpg?from=ke.com
20230507,昌平,回龙观,101116199580,流星花园一居格局方正房本满五年产权清晰必看好房,312万,69088元/平,低楼层 (共11层) | 2006年建 | 1室0厅 | 45.16平米 | 北,https://ke-image.ljcdn.com/110000-inspection/9f0b1c4d-1c52-4f18-bc7b-65c738104ac4_1000.jpg!m_fill,w_280,h_210,f_jpg?from=ke.com
20230507,昌平,回龙观,101115915636,融泽嘉园西二路2号院 全南一居 精装修 采光视野好,476万,72484元/平,中楼层 (共34层) | 2016年建 | 1室1厅 | 65.67平米 | 南,https://ke-image.ljcdn.com/110000-inspection/63a1e9ee-9c11-498e-896b-b24fa5b9c639_1000.jpg!m_fill,w_280,h_210,f_jpg?from=ke.com
20230507,昌平,回龙观,101115874425,北京人家电梯楼落地窗中间层首套只有1.5%契税,505万,54607元/平,低楼层 (共10层) | 2005年建 | 2室2厅 | 92.48平米 | 南 北,https://ke-image.ljcdn.com/110000-inspection/pc1_URgpbPRRb.jpg!m_fill,w_280,h_210,f_jpg?from=ke.com
20230507,昌平,回龙观,101115860801,领秀慧谷C区花园式洋房设计电梯两室两厅房主自荐,638万,71008元/平,中楼层 (共11层) | 2011年建 | 2室2厅 | 89.85平米 | 南 北,https://ke-image.ljcdn.com/110000-inspection/pc1_Cqh7jyZyl.jpg!m_fill,w_280,h_210,f_jpg?from=ke.com
20230507,昌平,回龙观,101115803214,通达园东向大一居室  落地窗 中间楼层 精装修,375万,50512元/平,中楼层 (共7层) 1室1厅 | 74.24平米 | 东,https://ke-image.ljcdn.com/110000-inspection/pc1_MF8FZX6b9.jpg!m_fill,w_280,h_210,f_jpg?from=ke.com
20230507,昌平,回龙观,101115783946,商品房满五唯一首套只有契税适合三代同堂。,609万,51023元/平,低楼层 (共6层) | 2002年建 | 3室2厅 | 119.36平米 | 南 北,https://ke-image.ljcdn.com/110000-inspection/pc1_HCMTk3bQm_1.jpg!m_fill,w_280,h_210,f_jpg?from=ke.com
20230507,昌平,回龙观,101115768931,流星花园开间中间楼层户型方正视野好房主自荐,295万,62368元/平,中楼层 (共11层) | 2004年建 | 1室0厅 | 47.3平米 | 北,https://ke-image.ljcdn.com/110000-inspection/pc1_7KEEuNgdA.jpg!m_fill,w_280,h_210,f_jpg?from=ke.com
20230507,昌平,回龙观,101115613069,龙博苑一区 满五唯一商品房 小区中间位置 首付少必看好房,516万,51823元/平,底层 (共6层) | 2005年建 | 3室1厅 | 99.57平米 | 南 北,https://ke-image.ljcdn.com/110000-inspection/pc1_Sf7dnRRwo.jpg!m_fill,w_280,h_210,f_jpg?from=ke.com
20230507,昌平,回龙观,101115471833,首开国风美唐二期 东南向二居室 商品房满五年唯一,645万,78003元/平,低楼层 (共18层) | 2015年建 | 2室1厅 | 82.69平米 | 东南,https://ke-image.ljcdn.com/110000-inspection/d4e5c771-59bd-47ce-9bdd-f5904fa2e0f0_1000.jpg!m_fill,w_280,h_210,f_jpg?from=ke.com
20230507,昌平,回龙观,101115417452,满五唯一 落地窗 精装修 配套齐全 楼龄新,468万,70546元/平,低楼层 (共30层) | 2016年建 | 1室1厅 | 66.34平米 | 南,https://ke-image.ljcdn.com/110000-inspection/pc1_BqTOQquTa_1.jpg!m_fill,w_280,h_210,f_jpg?from=ke.com
20230507,昌平,回龙观,101115017263,新龙城  南北大三居室高楼层视野开阔,720万,56999元/平,高楼层 (共20层) | 2007年建 | 3室1厅 | 126.32平米 | 南 西 北,https://ke-image.ljcdn.com/110000-inspection/pc1_0EdzsiOYR.jpg!m_fill,w_280,h_210,f_jpg?from=ke.com
20230507,昌平,回龙观,101114911077,融泽嘉园12号院 满五唯一 精装修 高楼层 视野采光好必看好房,565万,64447元/平,中楼层 (共31层) 2室1厅 | 87.67平米 | 南,https://ke-image.ljcdn.com/110000-inspection/pc1_q2kLHRC9E.jpg!m_fill,w_280,h_210,f_jpg?from=ke.com
20230507,昌平,回龙观,101114908718,全新自住环保装修商满五唯一随时看房靠谱出售必看好房,416万,59574元/平,底层 (共6层) | 1995年建 | 2室1厅 | 69.83平米 | 南 北,https://ke-image.ljcdn.com/110000-inspection/pc1_ZzCp9KUxc.jpg!m_fill,w_280,h_210,f_jpg?from=ke.com
20230507,昌平,回龙观,101114817163,龙泽苑东区平层大三居钢混结构近地铁看房方便,695万,49587元/平,中楼层 (共7层) | 2005年建 | 3室2厅 | 140.16平米 | 南 北,https://ke-image.ljcdn.com/110000-inspection/test-bba612e2-f1c0-47fc-9150-1c2fb257fcbc.png!m_fill,w_280,h_210,f_jpg?from=ke.com
20230507,昌平,回龙观,101114587348,金域华府二期精装修自住全南向高楼层两居室,660万,82655元/平,中楼层 (共28层) | 2014年建 | 2室1厅 | 79.85平米 | 南,https://ke-image.ljcdn.com/110000-inspection/pc1_4sGGtoS8y_1.jpg!m_fill,w_280,h_210,f_jpg?from=ke.com
20230507,昌平,回龙观,101114585593,商品房满五唯一+南北通透+空间大+视野好+采光好房主自荐,486万,43686元/平,高楼层 (共7层) 3室1厅 | 111.25平米 | 北 南,https://ke-image.ljcdn.com/110000-inspection/pc1_ICq7uJ34y.jpg!m_fill,w_280,h_210,f_jpg?from=ke.com
20230507,昌平,回龙观,101114564686,金达园小区满五唯一精装修二卧二卫,540万,52200元/平,底层 (共6层) | 1998年建 | 2室2厅 | 103.45平米 | 南 北,https://ke-image.ljcdn.com/110000-inspection/e994611c-964f-47d2-bfe8-6dd081da48d5_1000.jpg!m_fill,w_280,h_210,f_jpg?from=ke.com
20230507,昌平,回龙观,101114475077,回龙观龙城花园W区带三阳台双主卧设计满五年 二楼,823万,42975元/平,中楼层 (共4层) | 1998年建 | 3室1厅 | 191.51平米 | 南 北,https://ke-image.ljcdn.com/110000-inspection/pc1_1hcD5rINf.jpg!m_fill,w_280,h_210,f_jpg?from=ke.com
20230507,昌平,回龙观,101113871738,精装修 自住 户型方正 业主稳定 看房方便,512万,41745元/平,中楼层 (共7层) 3室2厅 | 122.65平米 | 南 北,https://ke-image.ljcdn.com/110000-inspection/pc1_fVMI5sYxX.jpg!m_fill,w_280,h_210,f_jpg?from=ke.com
20230507,昌平,回龙观,101113791406,美唐二期高楼层两居室视野开阔采光好,545万,66643元/平,高楼层 (共21层) | 2015年建 | 2室1厅 | 81.78平米 | 东,https://ke-image.ljcdn.com/110000-inspection/pc1_sL7da2YSN.jpg!m_fill,w_280,h_210,f_jpg?from=ke.com
20230507,昌平,回龙观,101113388546,风雅园三区16年精装两居南北通透户型视野开阔房主自荐,488万,51234元/平,顶层 (共6层) | 2000年建 | 2室1厅 | 95.25平米 | 北 南,https://ke-image.ljcdn.com/110000-inspection/9ca0d328-23f0-434e-955e-36df5f14534f_1000.jpg!m_fill,w_280,h_210,f_jpg?from=ke.com
20230507,昌平,回龙观,101113337993,靠谱出售刚刚调整售价电梯入户地热取暖全天采光房主自荐,558万,55079元/平,中楼层 (共6层) | 2004年建 | 2室1厅 | 101.31平米 | 南 北,https://ke-image.ljcdn.com/110000-inspection/pc1_d2Z0vz7WR.jpg!m_fill,w_280,h_210,f_jpg?from=ke.com
20230507,昌平,回龙观,101113272820,新龙城 南北通透三阳台 满五年唯一 精装自住两居室,558万,54154元/平,低楼层 (共20层) | 2007年建 | 2室1厅 | 103.04平米 | 南 北,https://ke-image.ljcdn.com/110000-inspection/pc1_NLupF7hCr_1.jpg!m_fill,w_280,h_210,f_jpg?from=ke.com
20230507,昌平,回龙观,101113222745,融泽嘉园精装两居室 商品房 业主诚意出售,595万,60721元/平,中楼层 (共28层) | 2014年建 | 2室1厅 | 97.99平米 | 南 北,https://ke-image.ljcdn.com/110000-inspection/pc1_yPL5rwmxh_1.jpg!m_fill,w_280,h_210,f_jpg?from=ke.com
20230507,昌平,回龙观,101112580106,商品房满五年唯一没有抵押产权清晰房主自荐,538万,52658元/平,中楼层 (共11层) | 2004年建 | 2室2厅 | 102.17平米 | 北 南,https://ke-image.ljcdn.com/110000-inspection/pc1_CX6mplvWy_1.jpg!m_fill,w_280,h_210,f_jpg?from=ke.com
20230507,昌平,回龙观,101110666365,北京人家三居室满五年唯一集中供暖中间楼层,550万,55607元/平,中楼层 (共6层) | 2004年建 | 3室2厅 | 98.91平米 | 南 北,https://ke-image.ljcdn.com/110000-inspection/pc1_JYesuepfw_1.jpg!m_fill,w_280,h_210,f_jpg?from=ke.com
20230507,昌平,回龙观,101119103684,满五唯一中间楼层南北通透诚意出售必看好房,569万,63904元/平,中楼层 (共18层) 2室1厅 | 89.04平米 | 南 北,https://ke-image.ljcdn.com/110000-inspection/818aa582-f644-4909-a594-af056ba8d675_1000.jpg!m_fill,w_280,h_210,f_jpg?from=ke.com
20230507,昌平,回龙观,101119051108,新龙城 1室0厅 北必看好房,305万,66132元/平,中楼层 (共20层) 1室0厅 | 46.12平米 | 北,https://ke-image.ljcdn.com/110000-inspection/pc1_IY5tGSEwm.jpg!m_fill,w_280,h_210,f_jpg?from=ke.com
20230507,昌平,回龙观,101119041638,龙腾苑六区中间楼层南北二居室商满五唯一必看好房,506万,50174元/平,中楼层 (共6层) | 2002年建 | 2室1厅 | 100.85平米 | 南 北,https://ke-image.ljcdn.com/110000-inspection/c73221d6-80dc-4038-ba37-c7c30d98561c_1000.jpg!m_fill,w_280,h_210,f_jpg?from=ke.com
20230507,昌平,回龙观,101119013709,4层三居采光好装修不错有钥匙随时可看随时可签必看好房,545万,46050元/平,中楼层 (共6层) | 2006年建 | 3室1厅 | 118.35平米 | 南 北,https://ke-image.ljcdn.com/110000-inspection/6589b838-8099-4138-b91a-13045673fc9b_1000.jpg!m_fill,w_280,h_210,f_jpg?from=ke.com
20230507,昌平,回龙观,101119011650,商品房满五唯一中间楼层只有契税房主自荐,486万,49376元/平,中楼层 (共6层) | 2000年建 | 3室2厅 | 98.43平米 | 南 北,https://ke-image.ljcdn.com/110000-inspection/557aa043-b6bf-4223-9a17-5b78b7fac673_1000.jpg!m_fill,w_280,h_210,f_jpg?from=ke.com
20230507,昌平,回龙观,101119004724,商品房满五年唯一中间楼层南北通透交通便利,669万,59839元/平,中楼层 (共15层) | 2007年建 | 3室2厅 | 111.8平米 | 南 北,https://ke-image.ljcdn.com/110000-inspection/pc1_Bg3jxqSlh.jpg!m_fill,w_280,h_210,f_jpg?from=ke.com
20230507,昌平,回龙观,101118988177,商品房满五年唯一双通透格局诚心卖近地铁必看好房,668万,73174元/平,中楼层 (共11层) 2室1厅 | 91.29平米 | 南 北,https://ke-image.ljcdn.com/110000-inspection/pc1_Yb10wiVAi.jpg!m_fill,w_280,h_210,f_jpg?from=ke.com
20230507,昌平,回龙观,101118978729,3层、商品房、小区中间、户型很好、急售、有钥匙必看好房,542万,45273元/平,中楼层 (共6层) | 2005年建 | 3室1厅 | 119.72平米 | 南 北,https://ke-image.ljcdn.com/110000-inspection/pc1_OysESY9v2.jpg!m_fill,w_280,h_210,f_jpg?from=ke.com
20230507,昌平,回龙观,101118976146,慧华苑 精装 4层 适合贷款 只有契税必看好房,391万,52085元/平,中楼层 (共7层) 2室1厅 | 75.07平米 | 南 北,https://ke-image.ljcdn.com/110000-inspection/pc1_44C0x1ecf.jpg!m_fill,w_280,h_210,f_jpg?from=ke.com
20230507,昌平,回龙观,101118941982,北郊农场家属院两居室中间楼层精装修！,419万,52738元/平,中楼层 (共6层) | 1994年建 | 2室1厅 | 79.45平米 | 南 北,https://ke-image.ljcdn.com/110000-inspection/pc1_Y2mQ9NM71_1.jpg!m_fill,w_280,h_210,f_jpg?from=ke.com
20230507,昌平,回龙观,101118917016,天露园层高3.1米单价低刚需户型好,415万,42525元/平,顶层 (共6层) | 2008年建 | 2室1厅 | 97.59平米 | 南 北,https://ke-image.ljcdn.com/110000-inspection/edc49a76-2233-4401-ba8f-935779c37b91_1000.jpg!m_fill,w_280,h_210,f_jpg?from=ke.com
20230507,昌平,回龙观,101118903583,流星花园三区满五唯一南北通透采光好视野开阔房主自荐,569.8万,57106元/平,顶层 (共11层) | 2008年建 | 2室1厅 | 99.78平米 | 南 北,https://ke-image.ljcdn.com/110000-inspection/d7313565-3c7d-4e4d-bc1b-54cf40f76d42_1000.jpg!m_fill,w_280,h_210,f_jpg?from=ke.com
20230507,昌平,回龙观,101118885014,龙跃苑四区 买方只交契税 中间层中间位置 随时签约,510万,51345元/平,中楼层 (共6层) 2室1厅 | 99.33平米 | 南 北,https://ke-image.ljcdn.com/110000-inspection/86a75a85-184c-44c5-9325-00a3c1e0af37_1000.jpg!m_fill,w_280,h_210,f_jpg?from=ke.com
20230507,昌平,回龙观,101118850122,电梯洋房 正规一居室 首付110万 有钥匙 精装修,313万,66286元/平,低楼层 (共11层) | 2006年建 | 1室1厅 | 47.22平米 | 北,https://ke-image.ljcdn.com/110000-inspection/pc1_5QEEH51Ip.jpg!m_fill,w_280,h_210,f_jpg?from=ke.com
20230507,昌平,回龙观,101118849332,小区中间明厨明卫板楼带电梯必看好房,509万,57534元/平,高楼层 (共7层) 2室1厅 | 88.47平米 | 西 北,https://ke-image.ljcdn.com/110000-inspection/pc1_vb4Vu0goA.jpg!m_fill,w_280,h_210,f_jpg?from=ke.com
20230507,昌平,回龙观,101118836847,此房满五唯一南北通透采光和位置好必看好房,545万,62386元/平,中楼层 (共34层) | 2016年建 | 2室1厅 | 87.36平米 | 南 北,https://ke-image.ljcdn.com/110000-inspection/7be7e97e-d082-4377-aa0c-556402d1a990_1000.jpg!m_fill,w_280,h_210,f_jpg?from=ke.com
20230507,昌平,回龙观,101118835742,新龙城电梯两居东南朝向采光好满五唯一诚意出售必看好房,566万,62646元/平,低楼层 (共20层) 2室1厅 | 90.35平米 | 东 南,https://ke-image.ljcdn.com/110000-inspection/pc1_VrHja1vV4.jpg!m_fill,w_280,h_210,f_jpg?from=ke.com
20230507,昌平,回龙观,101118815059,商品房 全明户型 急售 小区中间必看好房,509万,39900元/平,顶层 (共6层) | 2005年建 | 3室1厅 | 127.57平米 | 南 北 西,https://ke-image.ljcdn.com/110000-inspection/a06b065b-6f4e-402b-b87b-6d99a5824b98_1000.jpg!m_fill,w_280,h_210,f_jpg?from=ke.com
20230507,昌平,回龙观,101118791070,风雅园一区 2室1厅 南 北,435万,47201元/平,中楼层 (共6层) | 2000年建 | 2室1厅 | 92.16平米 | 南 北,https://ke-image.ljcdn.com/110000-inspection/4007e003-bc56-4ad2-ae07-a8d1f03367d1_1000.jpg!m_fill,w_280,h_210,f_jpg?from=ke.com
20230507,昌平,回龙观,101118774679,13号线龙泽 方正好户型 小区中间 钢混结构 满5年唯一必看好房,539万,55040元/平,低楼层 (共11层) | 2003年建 | 2室2厅 | 97.93平米 | 南 西,https://ke-image.ljcdn.com/110000-inspection/pc1_c2AlJxlZz.jpg!m_fill,w_280,h_210,f_jpg?from=ke.com
20230507,昌平,回龙观,101118748947,慧华苑 小区中间 商品房满五唯一 精装两居,380万,49121元/平,顶层 (共6层) | 1996年建 | 2室1厅 | 77.36平米 | 南 北,https://ke-image.ljcdn.com/110000-inspection/pc1_Fpy5guLw1.jpg!m_fill,w_280,h_210,f_jpg?from=ke.com
20230507,昌平,回龙观,101118740983,40万精装三居两卫 带室内家具家电  高楼层 视野棒必看好房,645万,55932元/平,顶层 (共11层) 3室1厅 | 115.32平米 | 南 北,https://ke-image.ljcdn.com/110000-inspection/pc1_UjNXZakJ1.jpg!m_fill,w_280,h_210,f_jpg?from=ke.com
20230507,昌平,回龙观,101118713435,新龙城中间位置H1电梯三居南北双通透随时看可签必看好房,739万,60884元/平,顶层 (共9层) 3室1厅 | 121.38平米 | 北 南,https://ke-image.ljcdn.com/110000-inspection/pc1_WVuY9x9SL.jpg!m_fill,w_280,h_210,f_jpg?from=ke.com
20230507,昌平,回龙观,101118707388,流星花园二区一层带地下室商品房满五唯一户型少必看好房,598万,58789元/平,底层 (共11层) | 2004年建 | 2室1厅 | 101.72平米 | 南 北,https://ke-image.ljcdn.com/110000-inspection/a035c590-dadb-413e-bfd4-52e3205f23f4_1000.jpg!m_fill,w_280,h_210,f_jpg?from=ke.com
20230507,昌平,回龙观,101118702092,业主诚心出售  南北通透  户型方正  采光好必看好房,537万,52106元/平,低楼层 (共12层) | 2003年建 | 2室2厅 | 103.06平米 | 南 北,https://ke-image.ljcdn.com/110000-inspection/pc1_oLRzVsz19.jpg!m_fill,w_280,h_210,f_jpg?from=ke.com
20230507,昌平,回龙观,101118696944,龙锦苑二区不临街两居商满五唯一房主自荐,508万,51205元/平,中楼层 (共6层) | 2005年建 | 2室1厅 | 99.21平米 | 南 北,https://ke-image.ljcdn.com/110000-inspection/pc1_XVzcBmNit.jpg!m_fill,w_280,h_210,f_jpg?from=ke.com
20230507,昌平,回龙观,101118641093,新龙城带电梯 满五年唯一  中间楼层户型方正 看房随时必看好房,538万,57162元/平,中楼层 (共8层) | 2008年建 | 2室1厅 | 94.12平米 | 东 南,https://ke-image.ljcdn.com/110000-inspection/pc1_v32kNoWn9.jpg!m_fill,w_280,h_210,f_jpg?from=ke.com
20230507,昌平,回龙观,101118638919,新龙城 A1 南北通透 无遮挡 视野好 交通便利必看好房,627万,62302元/平,低楼层 (共9层) 2室2厅 | 100.64平米 | 南 北,https://ke-image.ljcdn.com/110000-inspection/pc1_fWJFv4kBs.jpg!m_fill,w_280,h_210,f_jpg?from=ke.com
20230507,昌平,回龙观,101118622247,融泽嘉园东一路8号院 全南落地窗次顶层视野开阔采光好必看好房,438万,66414元/平,高楼层 (共28层) | 2014年建 | 1室1厅 | 65.95平米 | 南,https://ke-image.ljcdn.com/110000-inspection/pc1_NrRXzTmtl.jpg!m_fill,w_280,h_210,f_jpg?from=ke.com
20230507,昌平,回龙观,101118621368,此房满五唯一南北通透格局精装修温馨舒适必看好房,485万,59847元/平,低楼层 (共9层) | 2011年建 | 2室1厅 | 81.04平米 | 南 北,https://ke-image.ljcdn.com/110000-inspection/pc1_WeTPuGP00.jpg!m_fill,w_280,h_210,f_jpg?from=ke.com
20230507,昌平,回龙观,101118600971,龙跃苑二区 5室2厅 南 北房主自荐,740万,33942元/平,高楼层 (共6层) 5室2厅 | 218.02平米 | 南 北,https://ke-image.ljcdn.com/110000-inspection/1b20c0a0-4c70-46a6-b67c-9a5dc1c12b4c_1000.jpg!m_fill,w_280,h_210,f_jpg?from=ke.com
20230507,昌平,回龙观,101118596202,通达园5+6复式商品房满五年唯一看房方便必看好房,678万,36527元/平,中楼层 (共7层) 5室2厅 | 185.62平米 | 南 北,https://ke-image.ljcdn.com/110000-inspection/pc1_BKP3jxsMM.jpg!m_fill,w_280,h_210,f_jpg?from=ke.com
20230507,昌平,回龙观,101118570856,2011年花园式洋房电梯两居室双线地铁站满5唯一,570万,62051元/平,高楼层 (共6层) | 2012年建 | 2室1厅 | 91.86平米 | 东 西,https://ke-image.ljcdn.com/110000-inspection/pc1_YAin0nZfI.jpg!m_fill,w_280,h_210,f_jpg?from=ke.com
20230507,昌平,回龙观,101118564825,流星花园三区南向一居室 小区中间位置 一梯一户房主自荐,480万,66593元/平,顶层 (共6层) | 2004年建 | 1室1厅 | 72.08平米 | 南 北,https://ke-image.ljcdn.com/110000-inspection/pc1_v55z8s3Ko.jpg!m_fill,w_280,h_210,f_jpg?from=ke.com
20230507,昌平,回龙观,101118563235,风雅园二区一层带院两居室全明格局小区中间位置必看好房,505万,53097元/平,底层 (共7层) | 2000年建 | 2室2厅 | 95.11平米 | 南 北,https://ke-image.ljcdn.com/110000-inspection/pc1_pbw9GLmCN.jpg!m_fill,w_280,h_210,f_jpg?from=ke.com
20230507,昌平,回龙观,101118522156,满五年唯一南北通透的三居室户型方正落地窗,566万,45510元/平,高楼层 (共6层) 3室1厅 | 124.37平米 | 南 北,https://ke-image.ljcdn.com/110000-inspection/pc1_hYouyDgyY.jpg!m_fill,w_280,h_210,f_jpg?from=ke.com
20230507,昌平,回龙观,101118507670,商品房  楼龄新高楼层采光视野佳随时签约,549万,67140元/平,中楼层 (共31层) | 2016年建 | 2室1厅 | 81.77平米 | 南,https://ke-image.ljcdn.com/110000-inspection/682faa49-7337-4a51-afcf-42a987e7baf6_1000.jpg!m_fill,w_280,h_210,f_jpg?from=ke.com
20230507,昌平,回龙观,101118506265,北京市昌平区回龙观镇龙腾苑四区必看好房,590万,49485元/平,中楼层 (共6层) | 2003年建 | 3室1厅 | 119.23平米 | 南 北 西,https://ke-image.ljcdn.com/110000-inspection/pc1_uvLwjtLm5.jpg!m_fill,w_280,h_210,f_jpg?from=ke.com
20230507,昌平,回龙观,101118490023,天巢园 有钥匙 业主诚意出售 精装修,469万,56377元/平,高楼层 (共22层) | 2010年建 | 2室1厅 | 83.19平米 | 南 北,https://ke-image.ljcdn.com/110000-inspection/pc1_VhRmg0C85_1.jpg!m_fill,w_280,h_210,f_jpg?from=ke.com
20230507,昌平,回龙观,101118483997,商满五唯一南北通透婚房装修中间楼层必看好房,402万,61487元/平,中楼层 (共7层) | 2003年建 | 1室1厅 | 65.38平米 | 南 北,https://ke-image.ljcdn.com/110000-inspection/40c0b86f-1452-4f29-b117-f3812e62e8ed_1000.jpg!m_fill,w_280,h_210,f_jpg?from=ke.com
20230507,昌平,回龙观,101118454952,2016年次新小区  南北通透   采光视野无遮挡必看好房,554万,65812元/平,高楼层 (共31层) | 2016年建 | 2室1厅 | 84.18平米 | 南 北,https://ke-image.ljcdn.com/110000-inspection/1187b514-4f85-4b07-8b0b-4338ceea9cf8_1000.jpg!m_fill,w_280,h_210,f_jpg?from=ke.com
20230507,昌平,回龙观,101118452651,回龙观龙城花园优质上叠拼采光好。必看好房,999万,45917元/平,中楼层 (共4层) 6室2厅 | 217.57平米 | 南 北,https://ke-image.ljcdn.com/110000-inspection/pc1_5dmN4QV6h.jpg!m_fill,w_280,h_210,f_jpg?from=ke.com
20230507,昌平,回龙观,101118449328,商品房满五年大三居小区中间位置靠谱出售房主自荐,483万,43866元/平,中楼层 (共7层) | 1996年建 | 3室1厅 | 110.11平米 | 南 北,https://ke-image.ljcdn.com/110000-inspection/6a2eb0d4-bd25-415a-aa72-7c5a45cb7df9_1000.jpg!m_fill,w_280,h_210,f_jpg?from=ke.com
20230507,昌平,回龙观,101118378585,龙回苑商品房满五唯一首套购买契税1%看房随时。必看好房,428万,47747元/平,中楼层 (共6层) | 2004年建 | 2室1厅 | 89.64平米 | 东 西,https://ke-image.ljcdn.com/110000-inspection/pc1_yDiozvRff.jpg!m_fill,w_280,h_210,f_jpg?from=ke.com
20230507,昌平,回龙观,101118333827,边户采光无遮挡 明卫 2012年小区 带电梯 双线地铁必看好房,499万,55855元/平,底层 (共9层) | 2011年建 | 3室1厅 | 89.34平米 | 南 北,https://ke-image.ljcdn.com/110000-inspection/pc1_oAlNw2cBp.jpg!m_fill,w_280,h_210,f_jpg?from=ke.com
20230507,昌平,回龙观,101118316537,回龙观 商品房小区中间位置  全明三居 满五唯一,559万,50207元/平,中楼层 (共6层) | 2003年建 | 3室1厅 | 111.34平米 | 南 北,https://ke-image.ljcdn.com/110000-inspection/pc1_HbY58zKWK.jpg!m_fill,w_280,h_210,f_jpg?from=ke.com
20230507,昌平,回龙观,101118314024,近地铁南北通透精装修中间楼层拎包入住房主自荐,420万,58529元/平,中楼层 (共6层) | 1999年建 | 2室1厅 | 71.76平米 | 南 北,https://ke-image.ljcdn.com/110000-inspection/pc1_cB5al50XV.jpg!m_fill,w_280,h_210,f_jpg?from=ke.com
20230507,昌平,回龙观,101118286162,融泽嘉园中路1号院 2室1厅 南 北必看好房,565万,57210元/平,中楼层 (共28层) | 2014年建 | 2室1厅 | 98.76平米 | 南 北,https://ke-image.ljcdn.com/110000-inspection/pc1_dVj74P1rO_1.jpg!m_fill,w_280,h_210,f_jpg?from=ke.com
20230507,昌平,回龙观,101118264548,龙回苑小区 采光好 南北通透  客厅挑空 视野开阔,460万,41994元/平,高楼层 (共7层) | 2004年建 | 2室1厅 | 109.54平米 | 北 南,https://ke-image.ljcdn.com/110000-inspection/pc1_vvdhha0Vv.jpg!m_fill,w_280,h_210,f_jpg?from=ke.com
20230507,昌平,回龙观,101118259686,东边户产权清晰中间位置诚心出售必看好房,1698万,67454元/平,底层 (共3层) | 2004年建 | 5室2厅 | 251.73平米 | 南 北,https://ke-image.ljcdn.com/110000-inspection/pc1_YP9rLL2BK.jpg!m_fill,w_280,h_210,f_jpg?from=ke.com
20230507,昌平,回龙观,101118238297,龙华园优质大两居二层满五年唯一靠谱出售可谈,409万,50351元/平,低楼层 (共7层) 2室2厅 | 81.23平米 | 南 北,https://ke-image.ljcdn.com/110000-inspection/pc1_tgEGQ56cd_2.jpg!m_fill,w_280,h_210,f_jpg?from=ke.com
20230507,昌平,回龙观,101118215021,万科金域华府 满五唯一 南向大两居,612万,68749元/平,中楼层 (共28层) 2室1厅 | 89.02平米 | 南,https://ke-image.ljcdn.com/110000-inspection/pc1_cyDu4UTAV.jpg!m_fill,w_280,h_210,f_jpg?from=ke.com
20230507,昌平,回龙观,101118209941,满五唯一 随时签约 价格可谈   看房方便,515万,58905元/平,低楼层 (共28层) | 2014年建 | 2室1厅 | 87.43平米 | 南,https://ke-image.ljcdn.com/110000-inspection/pc1_vh7xKS5SJ.jpg!m_fill,w_280,h_210,f_jpg?from=ke.com
20230507,昌平,回龙观,101118202511,小区中间位置中间楼层商满五年唯一边户全明格局必看好房,446万,55806元/平,中楼层 (共6层) | 2005年建 | 2室1厅 | 79.92平米 | 南 北,https://ke-image.ljcdn.com/110000-inspection/ec5290f6-9ac3-43fb-b382-77d4b840da89_1000.jpg!m_fill,w_280,h_210,f_jpg?from=ke.com
20230507,昌平,回龙观,101118138697,矩阵南向大一居高楼层满五唯一视野好房主自荐,443万,64027元/平,中楼层 (共12层) | 2005年建 | 1室1厅 | 69.19平米 | 南,https://ke-image.ljcdn.com/110000-inspection/d814e3a0-49bc-499a-af1c-5bf55306b100_1000.jpg!m_fill,w_280,h_210,f_jpg?from=ke.com
20230507,昌平,回龙观,101118103121,南北通透不临街精装修拎包入住业主诚心出售必看好房,475万,56724元/平,中楼层 (共6层) | 2011年建 | 2室1厅 | 83.74平米 | 南 北,https://ke-image.ljcdn.com/110000-inspection/pc1_7V5nWFzDo.jpg!m_fill,w_280,h_210,f_jpg?from=ke.com
20230507,昌平,回龙观,101118100074,北京人家中间楼层精装修两居室只有契税必看好房,510万,54221元/平,中楼层 (共6层) | 2005年建 | 2室2厅 | 94.06平米 | 南 北,https://ke-image.ljcdn.com/110000-inspection/pc1_3Xzux5jNg.jpg!m_fill,w_280,h_210,f_jpg?from=ke.com
20230507,昌平,回龙观,101118083786,吉晟别墅宽house  商品房满五年唯一 自住装修必看好房,1630万,64783元/平,底层 (共3层) 5室3厅 | 251.61平米 | 南 北,https://ke-image.ljcdn.com/110000-inspection/pc1_hRzDjZDkJ.jpg!m_fill,w_280,h_210,f_jpg?from=ke.com
20230507,昌平,回龙观,101118049085,融泽嘉园中路2号院高楼层一居室采光好,419万,66193元/平,高楼层 (共34层) | 2014年建 | 1室1厅 | 63.3平米 | 南,https://ke-image.ljcdn.com/110000-inspection/df093da4-19fa-435f-bad0-917373d3c3a7_1000.jpg!m_fill,w_280,h_210,f_jpg?from=ke.com
20230507,昌平,回龙观,101118032710,龙锦苑六区南北通透2层两居 商品房必看好房,488万,57841元/平,低楼层 (共6层) | 2003年建 | 2室1厅 | 84.37平米 | 南 北,https://ke-image.ljcdn.com/110000-inspection/52cc4924-cf2e-4d41-a3de-8f84251865ef_1000.jpg!m_fill,w_280,h_210,f_jpg?from=ke.com
20230507,昌平,回龙观,101117962815,和谐家园二区 3室2厅 南 北,560万,47378元/平,中楼层 (共6层) | 2006年建 | 3室2厅 | 118.2平米 | 南 北,https://ke-image.ljcdn.com/110000-inspection/020b2d1b-5ffe-4b33-a8d1-4bf9852e22a5_1000.jpg!m_fill,w_280,h_210,f_jpg?from=ke.com
20230507,昌平,回龙观,101117952561,商品房 急售 小区中间 近地铁,655万,34331元/平,高楼层 (共6层) 4室2厅 | 190.79平米 | 南 北,https://ke-image.ljcdn.com/110000-inspection/6bc79015-98fb-41d2-9c0d-ed4800ec1014_1000.jpg!m_fill,w_280,h_210,f_jpg?from=ke.com
20230507,昌平,回龙观,101117891331,商品房精装修南北通透中高层视野好地铁必看好房,720万,77948元/平,高楼层 (共11层) 2室1厅 | 92.37平米 | 南 北 西,https://ke-image.ljcdn.com/110000-inspection/pc1_mNse0Y6w5.jpg!m_fill,w_280,h_210,f_jpg?from=ke.com
20230507,昌平,回龙观,101117887818,融泽嘉园东一路6号院 满五唯一 中间位置很安静 无遮挡必看好房,495万,55763元/平,底层 (共18层) 2室1厅 | 88.77平米 | 南 北,https://ke-image.ljcdn.com/110000-inspection/pc1_9J08eIe4q_1.jpg!m_fill,w_280,h_210,f_jpg?from=ke.com
20230507,昌平,回龙观,101117733395,满五唯一刚装修不久看房随时中间4层诚意出售,588万,46965元/平,中楼层 (共6层) | 2006年建 | 3室1厅 | 125.2平米 | 南 北,https://ke-image.ljcdn.com/110000-inspection/8033df93-8dbc-4e39-8ff1-57c34714b62c_1000.jpg!m_fill,w_280,h_210,f_jpg?from=ke.com
20230507,昌平,回龙观,101117727254,流星花园三区 一居室没有抵押 户口 看房方便诚意出售,335万,69967元/平,中楼层 (共11层) | 2006年建 | 1室1厅 | 47.88平米 | 北,https://ke-image.ljcdn.com/110000-inspection/pc1_OaK2JZr1B.jpg!m_fill,w_280,h_210,f_jpg?from=ke.com
20230507,昌平,回龙观,101117710490,龙邸 3室2厅 南 北必看好房,1260万,44329元/平,底层 (共6层) | 2007年建 | 3室2厅 | 284.24平米 | 南 北,https://ke-image.ljcdn.com/110000-inspection/fe66492e-53ed-4aaa-b79e-f2685df1051f_1000.jpg!m_fill,w_280,h_210,f_jpg?from=ke.com
20230507,昌平,回龙观,101117672172,首开国风美唐三期 园区中间 高楼层  精装修 明卫格局房主自荐,699万,72730元/平,高楼层 (共18层) | 2016年建 | 2室1厅 | 96.11平米 | 南 北,https://ke-image.ljcdn.com/110000-inspection/4e36e5e2-f0e7-4095-ba2d-074ce4446367_1000.jpg!m_fill,w_280,h_210,f_jpg?from=ke.com
20230507,昌平,回龙观,101117669213,万润家园电梯房全南向大一居看房随时有钥匙诚售必看好房,415万,61683元/平,中楼层 (共9层) | 2003年建 | 1室1厅 | 67.28平米 | 南,https://ke-image.ljcdn.com/110000-inspection/pc1_kZZ7jPTid.jpg!m_fill,w_280,h_210,f_jpg?from=ke.com
20230507,昌平,回龙观,101117581709,前后100平私家空间+南北双入户精装大联排四卧朝南房主自荐,1568万,54056元/平,底层 (共3层) | 2003年建 | 7室1厅 | 290.07平米 | 南 北,https://ke-image.ljcdn.com/110000-inspection/pc1_iS30GdX7s_1.jpg!m_fill,w_280,h_210,f_jpg?from=ke.com
20230507,昌平,回龙观,101117553047,2016年商品房社区精装修高楼层 两个落地窗大阳台,568万,69719元/平,中楼层 (共22层) | 2015年建 | 2室1厅 | 81.47平米 | 南,https://ke-image.ljcdn.com/110000-inspection/290602d7-1518-4f33-a6b5-c9f5fd74e912_1000.jpg!m_fill,w_280,h_210,f_jpg?from=ke.com
20230507,昌平,回龙观,101117200888,高楼层三居两卫满五唯一视野无遮挡必看好房,690万,56730元/平,中楼层 (共11层) | 2006年建 | 3室1厅 | 121.63平米 | 南 北,https://ke-image.ljcdn.com/110000-inspection/pc1_FPZ1TSmQo.jpg!m_fill,w_280,h_210,f_jpg?from=ke.com
20230507,昌平,回龙观,101117072025,经典复式格局精装修业主诚心出售。,718万,35757元/平,高楼层 (共6层) | 2003年建 | 5室1厅 | 200.8平米 | 南 北,https://ke-image.ljcdn.com/110000-inspection/05c8355d-5e5a-471a-addc-44e2ceb79018_1000.jpg!m_fill,w_280,h_210,f_jpg?from=ke.com
20230507,昌平,回龙观,101116718237,吉晟别墅 3室2厅 东 南 西必看好房,1750万,74323元/平,底层 (共3层) | 2005年建 | 3室2厅 | 235.46平米 | 东 南 西,https://ke-image.ljcdn.com/110000-inspection/pc1_Ybp6lkMA6.jpg!m_fill,w_280,h_210,f_jpg?from=ke.com
20230507,昌平,回龙观,101115767126,龙腾苑四区 商品房 5+6复式,665万,37633元/平,高楼层 (共6层) | 2003年建 | 5室1厅 | 176.71平米 | 南 北,https://ke-image.ljcdn.com/110000-inspection/pc1_2SqzMAnZA.jpg!m_fill,w_280,h_210,f_jpg?from=ke.com
20230507,昌平,回龙观,101114506398,矩阵一期改善大复式眼镜户型空间感强,790万,33861元/平,高楼层 (共7层) | 2002年建 | 5室2厅 | 233.31平米 | 南 北,https://ke-image.ljcdn.com/110000-inspection/8e68226e-ef52-4d3b-a8fa-a37289ae6c85_1000.jpg!m_fill,w_280,h_210,f_jpg?from=ke.com
20230507,昌平,回龙观,101118746437,3层、商品房、满五年、唯一、小区中间、全明格局 急售必看好房,512万,51754元/平,中楼层 (共6层) | 2005年建 | 2室1厅 | 98.93平米 | 南 北,https://s1.ljcdn.com/pegasus/redskull/images/common/default_house_list.png?_v=20230505182005
20230507,昌平,回龙观,101118209716,2层两居室面对中间花园视野好采光佳必看好房,412万,57294元/平,低楼层 (共6层) | 1994年建 | 2室1厅 | 71.91平米 | 南 北,https://s1.ljcdn.com/pegasus/redskull/images/common/default_house_list.png?_v=20230505182005
20230507,昌平,回龙观,101119068363,可用做办公户型方正没有浪费面积必看好房,136万,36569元/平,低楼层 (共21层) | 2009年建 | 1室0厅 | 37.19平米 | 北,https://s1.ljcdn.com/pegasus/redskull/images/common/default_house_list.png?_v=20230505182005
20230507,昌平,回龙观,101118991596,首开智慧社电梯房需要全款购买必看好房,147万,28762元/平,中楼层 (共19层) | 2011年建 | 1室0厅 | 51.11平米 | 西,https://s1.ljcdn.com/pegasus/redskull/images/common/default_house_list.png?_v=20230505182005
20230507,昌平,回龙观,101118910436,龙兴园北区三居双卧朝南客厅朝南 南北通透 三楼,500万,50582元/平,中楼层 (共6层) | 2000年建 | 3室2厅 | 98.85平米 | 南 北,https://s1.ljcdn.com/pegasus/redskull/images/common/default_house_list.png?_v=20230505182005
20230507,昌平,回龙观,101118898665,商品房格局明亮有电梯规划地铁口必看好房,132万,27837元/平,高楼层 (共7层) 1室1厅 | 47.42平米 | 南,https://s1.ljcdn.com/pegasus/redskull/images/common/default_house_list.png?_v=20230505182005
20230507,昌平,回龙观,101118895242,中间楼层南北双通透诚意出售必看好房,615万,66002元/平,高楼层 (共27层) 2室1厅 | 93.18平米 | 南 北,https://s1.ljcdn.com/pegasus/redskull/images/common/default_house_list.png?_v=20230505182005
20230507,昌平,回龙观,101118847709,南向高楼层 集中供暖 看房随时必看好房,198万,29395元/平,高楼层 (共17层) | 2014年建 | 1室1厅 | 67.36平米 | 南,https://s1.ljcdn.com/pegasus/redskull/images/common/default_house_list.png?_v=20230505182005
20230507,昌平,回龙观,101118801079,上北鑫座 精装修 高楼层 南向视野采光好必看好房,139万,29625元/平,高楼层 (共7层) 1室0厅 | 46.92平米 | 南,https://s1.ljcdn.com/pegasus/redskull/images/common/default_house_list.png?_v=20230505182005
20230507,昌平,回龙观,101118782647,北向 采光视野好  看房方便  稳定签约必看好房,142万,36951元/平,中楼层 (共21层) | 2009年建 | 1室1厅 | 38.43平米 | 北,https://s1.ljcdn.com/pegasus/redskull/images/common/default_house_list.png?_v=20230505182005
20230507,昌平,回龙观,101118772326,东亚上北中心 1室1厅 北,203万,35974元/平,中楼层 (共18层) 1室1厅 | 56.43平米 | 北,https://s1.ljcdn.com/pegasus/redskull/images/common/default_house_list.png?_v=20230505182005
20230507,昌平,回龙观,101118739575,商品房满五唯一 高楼层视野好 采光无遮挡房主自荐,555万,63509元/平,高楼层 (共34层) | 2016年建 | 2室1厅 | 87.39平米 | 南,https://s1.ljcdn.com/pegasus/redskull/images/common/default_house_list.png?_v=20230505182005
20230507,昌平,回龙观,101118439127,首开国风美唐综合楼南向低楼层无遮挡房源,160万,28012元/平,低楼层 (共17层) | 2014年建 | 1室0厅 | 57.12平米 | 南,https://s1.ljcdn.com/pegasus/redskull/images/common/default_house_list.png?_v=20230505182005
20230507,昌平,回龙观,101117758179,东亚上北中心 户型方正 配套齐全 交通便利必看好房,210万,36497元/平,中楼层 (共16层) | 2009年建 | 1室1厅 | 57.54平米 | 东,https://s1.ljcdn.com/pegasus/redskull/images/common/default_house_list.png?_v=20230505182005
20230507,昌平,回龙观,101117628159,首开国风美唐综合楼 近双规地铁必看好房,147万,30664元/平,中楼层 (共16层) 1室0厅 | 47.94平米 | 东,https://s1.ljcdn.com/pegasus/redskull/images/common/default_house_list.png?_v=20230505182005
20230507,昌平,回龙观,101117207760,首开智慧社开间户型精装修13号线回龙观地铁必看好房,149万,29153元/平,低楼层 (共19层) 1室0厅 | 51.11平米 | 东,https://s1.ljcdn.com/pegasus/redskull/images/common/default_house_list.png?_v=20230505182005
20230507,昌平,回龙观,101116636692,首开智慧社 近地铁 商品房 带电梯 月租金5500元必看好房,149万,29153元/平,低楼层 (共19层) | 2012年建 | 1室0厅 | 51.11平米 | 西,https://s1.ljcdn.com/pegasus/redskull/images/common/default_house_list.png?_v=20230505182005
20230507,昌平,回龙观,101116333927,东亚上北中心 交通便利 户型方正 带电梯房主自荐,208万,35267元/平,低楼层 (共18层) | 2009年建 | 1室1厅 | 58.98平米 | 西北,https://s1.ljcdn.com/pegasus/redskull/images/common/default_house_list.png?_v=20230505182005
20230507,昌平,回龙观,101116060605,北回归线业主诚心出售北向电梯房源,197万,27087元/平,中楼层 (共7层) | 2011年建 | 3室1厅 | 72.73平米 | 北,https://s1.ljcdn.com/pegasus/redskull/images/common/default_house_list.png?_v=20230505182005
20230507,昌平,回龙观,101119119131,流星花园三区 2室1厅 南 北新上,555万,54940元/平,中楼层 (共6层) | 2004年建 | 2室1厅 | 101.02平米 | 南 北,https://ke-image.ljcdn.com/110000-inspection/a65f36b3-56bc-4059-9b98-55daba071da0_1000.jpg!m_fill,w_280,h_210,f_jpg?from=ke.com
20230507,昌平,回龙观,101119107024,流星花园二区 满五年唯一中间楼层楼前无遮挡新上,575万,51667元/平,低楼层 (共6层) 3室2厅 | 111.29平米 | 南 北,https://ke-image.ljcdn.com/110000-inspection/pc1_U913Gx2ZW_1.jpg!m_fill,w_280,h_210,f_jpg?from=ke.com
20230507,昌平,回龙观,101119101320,小区中间位置 一梯两户 南北通透三居室新上,755万,61739元/平,低楼层 (共15层) | 2007年建 | 3室1厅 | 122.29平米 | 南 北,https://ke-image.ljcdn.com/110000-inspection/948c9d68-2d4e-434c-977c-8483bfa8d829_1000.jpg!m_fill,w_280,h_210,f_jpg?from=ke.com
20230507,昌平,回龙观,101119084702,婚房精装修小区中间位置视野好H1方正户型诚意出售新上,760万,62485元/平,顶层 (共8层) | 2007年建 | 3室1厅 | 121.63平米 | 南 北,https://ke-image.ljcdn.com/110000-inspection/pc1_HI7f4m4ZN.jpg!m_fill,w_280,h_210,f_jpg?from=ke.com
20230507,昌平,回龙观,101119083317,北店嘉园 钢混结构 商五一  精装修 配套齐全新上,580万,44657元/平,高楼层 (共6层) | 2003年建 | 3室1厅 | 129.88平米 | 南 北,https://ke-image.ljcdn.com/110000-inspection/34979323-50a3-480b-8dc3-906f934b00c5_1000.jpg!m_fill,w_280,h_210,f_jpg?from=ke.com
20230507,昌平,回龙观,101119081285,龙腾苑五区 3室1厅 南 北新上,610万,51704元/平,高楼层 (共6层) | 2003年建 | 3室1厅 | 117.98平米 | 南 北,https://ke-image.ljcdn.com/110000-inspection/d9d3e5a0-a3d2-4ff3-af74-ffbca548ae9f_1000.jpg!m_fill,w_280,h_210,f_jpg?from=ke.com
20230507,昌平,回龙观,101119076779,格局方正居家装修日照时间长南北通透视线开阔新上,510万,43412元/平,顶层 (共6层) | 2005年建 | 3室1厅 | 117.48平米 | 南 北,https://ke-image.ljcdn.com/110000-inspection/pc1_EhGbYDQK3.jpg!m_fill,w_280,h_210,f_jpg?from=ke.com
20230507,昌平,回龙观,101119075861,融泽嘉园东一路6号院   南北新上,585万,65938元/平,高楼层 (共24层) | 2014年建 | 2室1厅 | 88.72平米 | 南 北,https://ke-image.ljcdn.com/110000-inspection/pc1_LgJwqUqSg.jpg!m_fill,w_280,h_210,f_jpg?from=ke.com
20230507,昌平,回龙观,101119074642,京投发展公园悦府二区自住精装修高楼层新上,705万,81054元/平,高楼层 (共27层) 2室2厅 | 86.98平米 | 西南,https://ke-image.ljcdn.com/110000-inspection/fc979207-45d4-4597-b1d4-cc33e2fc6e16_1000.jpg!m_fill,w_280,h_210,f_jpg?from=ke.com
20230507,昌平,回龙观,101119067496,龙华园 3室1厅 南 北新上,480万,57252元/平,中楼层 (共6层) | 1994年建 | 3室1厅 | 83.84平米 | 南 北,https://ke-image.ljcdn.com/110000-inspection/pc1_umuPlpG46.jpg!m_fill,w_280,h_210,f_jpg?from=ke.com
20230507,昌平,回龙观,101119066942,龙锦苑六区 商品房大两居 中间位置 中间楼层 采光好新上,515万,54631元/平,中楼层 (共6层) | 2003年建 | 2室1厅 | 94.27平米 | 南 北,https://ke-image.ljcdn.com/110000-inspection/ff4dfa63-1366-448d-8871-f5b8fd032ddf_1000.jpg!m_fill,w_280,h_210,f_jpg?from=ke.com
20230507,昌平,回龙观,101119046617,此房满五唯一不临街中高层采光视野好自住精装修,618万,62412元/平,中楼层 (共11层) 2室1厅 | 99.02平米 | 南 北,https://ke-image.ljcdn.com/110000-inspection/398c343e-9712-4dfb-8204-110ff1afab2e_1000.jpg!m_fill,w_280,h_210,f_jpg?from=ke.com
20230507,昌平,回龙观,101119042988,商品房满五唯一南北通透高楼层采光好、视野好,550万,64418元/平,低楼层 (共34层) 2室1厅 | 85.38平米 | 南 北,https://ke-image.ljcdn.com/110000-inspection/pc1_gghhzuUgG_1.jpg!m_fill,w_280,h_210,f_jpg?from=ke.com
20230507,昌平,回龙观,101119041717,京投发展公园悦府一区 挑高3米 采光好 无遮挡,639万,69321元/平,中楼层 (共11层) | 2016年建 | 2室2厅 | 92.18平米 | 西南,https://ke-image.ljcdn.com/110000-inspection/6e0ee338-38e6-40bd-8780-dc64dbd334d7_1000.jpg!m_fill,w_280,h_210,f_jpg?from=ke.com
20230507,昌平,回龙观,101119038379,龙锦苑五区  122平米三居两卫,609万,49825元/平,中楼层 (共6层) | 2005年建 | 3室2厅 | 122.23平米 | 南 北,https://ke-image.ljcdn.com/110000-inspection/18d0b431-edf3-4247-a76b-538973f59275_1000.jpg!m_fill,w_280,h_210,f_jpg?from=ke.com
20230507,昌平,回龙观,101119032344,小区中间位置三居三面采光精装修旁边就是地铁,745万,59123元/平,中楼层 (共15层) 3室1厅 | 126.01平米 | 南 北,https://ke-image.ljcdn.com/110000-inspection/pc1_r84Luqe5z.jpg!m_fill,w_280,h_210,f_jpg?from=ke.com
20230507,昌平,回龙观,101119029709,龙腾苑三区 南北通透 自住精装修 户型方正,525万,53852元/平,高楼层 (共6层) | 2002年建 | 2室1厅 | 97.49平米 | 南 北,https://ke-image.ljcdn.com/110000-inspection/pc1_C3BQlLr5p.jpg!m_fill,w_280,h_210,f_jpg?from=ke.com
20230507,昌平,回龙观,101119028826,融泽嘉园中路6号院 2室1厅 南,539万,62126元/平,高楼层 (共27层) | 2013年建 | 2室1厅 | 86.76平米 | 南,https://ke-image.ljcdn.com/110000-inspection/pc1_axKc2CAZF.jpg!m_fill,w_280,h_210,f_jpg?from=ke.com
20230507,昌平,回龙观,101119026751,领秀慧谷D区 2室1厅 南 北,645万,73698元/平,高楼层 (共11层) | 2016年建 | 2室1厅 | 87.52平米 | 南 北,https://ke-image.ljcdn.com/110000-inspection/pc1_vazyYuBbO_1.jpg!m_fill,w_280,h_210,f_jpg?from=ke.com
20230507,昌平,回龙观,101119021364,融泽中路2号院 满五年唯一 南北通透  精装修 中高层,716万,63313元/平,中楼层 (共32层) 3室1厅 | 113.09平米 | 南 北,https://ke-image.ljcdn.com/110000-inspection/pc1_JQvE7vwdc.jpg!m_fill,w_280,h_210,f_jpg?from=ke.com
20230507,昌平,回龙观,101119015704,龙腾苑三区 2室1厅 南 北,535万,55212元/平,低楼层 (共6层) | 2002年建 | 2室1厅 | 96.9平米 | 南 北,https://ke-image.ljcdn.com/110000-inspection/pc1_RXtbc99eB.jpg!m_fill,w_280,h_210,f_jpg?from=ke.com
20230507,昌平,回龙观,101119015541,新龙城中楼层南北两居带电梯视野好,603万,59533元/平,中楼层 (共20层) 2室1厅 | 101.29平米 | 南 北,https://ke-image.ljcdn.com/110000-inspection/pc1_BL170qMpz.jpg!m_fill,w_280,h_210,f_jpg?from=ke.com
20230507,昌平,回龙观,101119015260,和谐家园一区、2居室满五年唯一2个南向的落地阳台,466万,47119元/平,顶层 (共6层) | 2006年建 | 2室1厅 | 98.9平米 | 南 北,https://ke-image.ljcdn.com/110000-inspection/9a27223e-4668-413f-a2fd-3612022c889c_1000.jpg!m_fill,w_280,h_210,f_jpg?from=ke.com
20230507,昌平,回龙观,101119014780,落地窗 采光没遮挡 户型合理 商品房满五唯一住宅,445万,50079元/平,顶层 (共6层) | 2005年建 | 2室1厅 | 88.86平米 | 南 北,https://ke-image.ljcdn.com/110000-inspection/bef42c3e-4a91-4cc2-9f32-22c05ea65727_1000.jpg!m_fill,w_280,h_210,f_jpg?from=ke.com
20230507,昌平,回龙观,101119009516,精装修可以拎包入住业主诚意出售房主自荐,596万,60343元/平,中楼层 (共28层) 2室1厅 | 98.77平米 | 南 北,https://ke-image.ljcdn.com/110000-inspection/63593e79-7f2e-4a9b-893e-f6dad7427ab5_1000.jpg!m_fill,w_280,h_210,f_jpg?from=ke.com
20230507,昌平,回龙观,101119006886,矩阵二期电梯三居室户型方正居住品质高,780万,56551元/平,中楼层 (共6层) 3室1厅 | 137.93平米 | 南 北,https://ke-image.ljcdn.com/110000-inspection/pc1_U3c0ahG11.jpg!m_fill,w_280,h_210,f_jpg?from=ke.com
20230507,昌平,回龙观,101119006335,田园风光雅苑 3室1厅 南 北,545万,43410元/平,顶层 (共6层) | 2006年建 | 3室1厅 | 125.55平米 | 南 北,https://ke-image.ljcdn.com/110000-inspection/pc1_cA9AAtEPJ.jpg!m_fill,w_280,h_210,f_jpg?from=ke.com
20230507,昌平,回龙观,101119005200,金域华府二期精装修两居室保持很好直接拎包入住房主自荐,658万,82405元/平,低楼层 (共28层) 2室1厅 | 79.85平米 | 南,https://ke-image.ljcdn.com/110000-inspection/c2e432df-6f1e-4786-8e44-be98143b4ea3_1000.jpg!m_fill,w_280,h_210,f_jpg?from=ke.com
20230507,昌平,回龙观,101119004849,云趣园三区+小区中间+满五唯一,433万,45695元/平,顶层 (共6层) 2室1厅 | 94.76平米 | 南 北,https://ke-image.ljcdn.com/110000-inspection/pc1_AWW5UhDvr_1.jpg!m_fill,w_280,h_210,f_jpg?from=ke.com
20230507,昌平,回龙观,101119004653,南北通透布局合理明厨明卫小三居满五年唯一房主自荐,499万,55905元/平,底层 (共9层) | 2011年建 | 3室1厅 | 89.26平米 | 南 北,https://ke-image.ljcdn.com/110000-inspection/52b32608-999c-4c35-8926-354f0f41003f_1000.jpg!m_fill,w_280,h_210,f_jpg?from=ke.com
20230507,昌平,回龙观,101119004240,不临街+不把边+只有契税+南北通透+业主诚售+随时签约,538万,61227元/平,中楼层 (共6层) 2室1厅 | 87.87平米 | 南 北,https://ke-image.ljcdn.com/110000-inspection/pc1_bZJdIK305.jpg!m_fill,w_280,h_210,f_jpg?from=ke.com
20230507,昌平,回龙观,101119002782,佰嘉城 3室1厅 南 北,505万,42380元/平,高楼层 (共6层) | 2006年建 | 3室1厅 | 119.16平米 | 南 北,https://ke-image.ljcdn.com/110000-inspection/0e9d5dbf-db03-4447-b40a-0c3a5d723970_1000.jpg!m_fill,w_280,h_210,f_jpg?from=ke.com
20230507,昌平,回龙观,101118998824,融泽嘉园中路2号院 3室1厅 南 北房主自荐,680万,60466元/平,低楼层 (共32层) | 2014年建 | 3室1厅 | 112.46平米 | 南 北,https://ke-image.ljcdn.com/110000-inspection/0f2a90e0-85dc-448e-bb53-2818953133d3_1000.jpg!m_fill,w_280,h_210,f_jpg?from=ke.com
20230507,昌平,回龙观,101118996760,龙泽苑东区三居两卫》南北通透》满五年唯一》钢混结构,649万,51095元/平,中楼层 (共7层) 3室2厅 | 127.02平米 | 南 北,https://ke-image.ljcdn.com/110000-inspection/pc1_B9OMFLqiK.jpg!m_fill,w_280,h_210,f_jpg?from=ke.com
20230507,昌平,回龙观,101118996211,商品房满五年唯一看房方便中高楼层南北通透,598万,66921元/平,高楼层 (共21层) 2室1厅 | 89.36平米 | 南 北,https://ke-image.ljcdn.com/110000-inspection/pc1_ut5QcIhSH_1.jpg!m_fill,w_280,h_210,f_jpg?from=ke.com
20230507,昌平,回龙观,101118992613,近地铁+小区中间+楼层友好+诚心出售+客户只承担契税房主自荐,522万,51152元/平,底层 (共6层) | 2005年建 | 3室1厅 | 102.05平米 | 南 北,https://ke-image.ljcdn.com/110000-inspection/eb94cbfb-99b8-442b-a52d-85b479c513d6_1000.jpg!m_fill,w_280,h_210,f_jpg?from=ke.com
20230507,昌平,回龙观,101118990671,满五唯一 高楼层视野好 精装修房主自荐,568万,64305元/平,中楼层 (共31层) | 2016年建 | 2室1厅 | 88.33平米 | 南,https://ke-image.ljcdn.com/110000-inspection/39c20e35-d8d9-4062-898d-b313400eabe9_1000.jpg!m_fill,w_280,h_210,f_jpg?from=ke.com
20230507,昌平,回龙观,101118989317,2019次新房 全屋精装 高层视野棒 户型优质 房屋宽敞,698万,80147元/平,中楼层 (共27层) 2室2厅 | 87.09平米 | 西南,https://ke-image.ljcdn.com/110000-inspection/pc1_2oaogfBdi.jpg!m_fill,w_280,h_210,f_jpg?from=ke.com
20230507,昌平,回龙观,101118987396,云趣园三区 2室2厅 南 北,479万,50549元/平,高楼层 (共6层) 2室2厅 | 94.76平米 | 南 北,https://ke-image.ljcdn.com/110000-inspection/12fd94ce-8c3d-4222-a3e3-d04e505281ad_1000.jpg!m_fill,w_280,h_210,f_jpg?from=ke.com
20230507,昌平,回龙观,101118986344,商品房满五唯一住宅 楼层好 采光好 固定车位 没遮挡,545万,55135元/平,中楼层 (共6层) | 2006年建 | 2室1厅 | 98.85平米 | 南 北,https://ke-image.ljcdn.com/110000-inspection/1bec006a-5cd1-475f-8a6b-4fe85e315929_1000.jpg!m_fill,w_280,h_210,f_jpg?from=ke.com
20230507,昌平,回龙观,101118983043,万科金域华府 好位置 好楼层 双阳台双飘窗 可观西山,858万,80875元/平,高楼层 (共27层) | 2012年建 | 3室1厅 | 106.09平米 | 南 北 西,https://ke-image.ljcdn.com/110000-inspection/pc1_3D7RYpefm_1.jpg!m_fill,w_280,h_210,f_jpg?from=ke.com
20230507,昌平,回龙观,101118981765,龙腾苑六区精装大三居室商满五年唯一。房主自荐,636万,44783元/平,高楼层 (共6层) 3室1厅 | 142.02平米 | 南 北,https://ke-image.ljcdn.com/110000-inspection/pc1_aYNYtFwpf.jpg!m_fill,w_280,h_210,f_jpg?from=ke.com
20230507,昌平,回龙观,101118976630,融泽嘉园西二路2号院 1室1厅 南,448万,67695元/平,高楼层 (共34层) | 2016年建 | 1室1厅 | 66.18平米 | 南,https://ke-image.ljcdn.com/110000-inspection/pc1_d6Fy34ed4.jpg!m_fill,w_280,h_210,f_jpg?from=ke.com
20230507,昌平,回龙观,101118973990,新龙城正规两居室不临街户型方正采光视野好,595万,68946元/平,高楼层 (共20层) 2室1厅 | 86.3平米 | 东南 西,https://ke-image.ljcdn.com/110000-inspection/pc1_eidfrTFTD.jpg!m_fill,w_280,h_210,f_jpg?from=ke.com
20230507,昌平,回龙观,101118968943,满五年唯一+首付155万随时可看小区中间位置,396万,56187元/平,顶层 (共6层) | 1995年建 | 2室1厅 | 70.48平米 | 南 北,https://ke-image.ljcdn.com/110000-inspection/ea7ba58e-1a80-4bff-9836-2a4171580ad8_1000.jpg!m_fill,w_280,h_210,f_jpg?from=ke.com
20230507,昌平,回龙观,101118965822,龙泽苑西区 13号线龙泽 小区中间 临湖位置 满5年唯一,529万,55832元/平,中楼层 (共7层) | 1999年建 | 3室1厅 | 94.75平米 | 南 北,https://ke-image.ljcdn.com/110000-inspection/pc1_uN7lMnpwx.jpg!m_fill,w_280,h_210,f_jpg?from=ke.com
20230507,昌平,回龙观,101118965643,首开国风美唐三期 50万精装 中间位置 高楼层 高原 值,1088万,85367元/平,高楼层 (共18层) | 2016年建 | 3室1厅 | 127.45平米 | 南 北,https://ke-image.ljcdn.com/110000-inspection/pc1_rHFjDgyqI.jpg!m_fill,w_280,h_210,f_jpg?from=ke.com
20230507,昌平,回龙观,101118963536,近地铁南北通透眼睛户型落地窗,713万,60962元/平,低楼层 (共11层) 3室1厅 | 116.96平米 | 南 北,https://ke-image.ljcdn.com/110000-inspection/pc1_c7P38A3My.jpg!m_fill,w_280,h_210,f_jpg?from=ke.com
20230507,昌平,回龙观,101118962700,佰嘉城 3室1厅 南 北,455万,38101元/平,顶层 (共6层) | 2006年建 | 3室1厅 | 119.42平米 | 南 北,https://ke-image.ljcdn.com/110000-inspection/pc1_Oh4Vg3X6q.jpg!m_fill,w_280,h_210,f_jpg?from=ke.com
20230507,昌平,回龙观,101118961591,龙博苑三区 商满五年唯一 中间楼层 南北通透！房主自荐,455万,56875元/平,低楼层 (共6层) | 2005年建 | 2室1厅 | 80平米 | 南 北,https://ke-image.ljcdn.com/110000-inspection/pc1_JDVc0GJJV.jpg!m_fill,w_280,h_210,f_jpg?from=ke.com
20230507,昌平,回龙观,101118957329,融泽嘉园中路1号院 1室1厅 南,440万,70423元/平,低楼层 (共34层) 1室1厅 | 62.48平米 | 南,https://ke-image.ljcdn.com/110000-inspection/24c0fd5e-d357-495b-bfb6-5edfb70a4786_1000.jpg!m_fill,w_280,h_210,f_jpg?from=ke.com
20230507,昌平,回龙观,101118955930,首开智慧社 2室1厅 西南 西 南,585万,65225元/平,低楼层 (共21层) 2室1厅 | 89.69平米 | 西南 西 南,https://ke-image.ljcdn.com/110000-inspection/pc1_Z8IHTwTzx.jpg!m_fill,w_280,h_210,f_jpg?from=ke.com
20230507,昌平,回龙观,101118953281,龙跃苑三区 3室1厅 南 北,650万,45366元/平,中楼层 (共6层) 3室1厅 | 143.28平米 | 南 北,https://ke-image.ljcdn.com/110000-inspection/13dbb663-9e10-4321-815a-8e6947a0964e_1000.jpg!m_fill,w_280,h_210,f_jpg?from=ke.com
20230507,昌平,回龙观,101118944442,正规一居小区中间位置非顶层只有契税业主诚心卖,359万,61295元/平,高楼层 (共6层) | 1994年建 | 1室1厅 | 58.57平米 | 南 北,https://ke-image.ljcdn.com/110000-inspection/pc1_q8qqmzS1m.jpg!m_fill,w_280,h_210,f_jpg?from=ke.com
20230507,昌平,回龙观,101118943080,北京市昌平区回龙观镇龙腾苑四区,588万,50005元/平,中楼层 (共7层) | 2003年建 | 3室1厅 | 117.59平米 | 东 南 北,https://ke-image.ljcdn.com/110000-inspection/pc1_8w828mEmV.jpg!m_fill,w_280,h_210,f_jpg?from=ke.com
20230507,昌平,回龙观,101118941175,京投发展公园悦府二区 3室2厅 东 南 北房主自荐,945万,78895元/平,顶层 (共27层) 3室2厅 | 119.78平米 | 东 南 北,https://ke-image.ljcdn.com/110000-inspection/2d663a78-fd48-4281-846b-2b07116ec6cd_1000.jpg!m_fill,w_280,h_210,f_jpg?from=ke.com
20230507,昌平,回龙观,101118937960,首开国风美唐三期次顶层精装修全南向两居室,730万,79022元/平,高楼层 (共20层) | 2016年建 | 2室1厅 | 92.38平米 | 南,https://ke-image.ljcdn.com/110000-inspection/6a4af498-85ab-440a-817d-4a39eac85d02_1000.jpg!m_fill,w_280,h_210,f_jpg?from=ke.com
20230507,昌平,回龙观,101118936276,小区中间位置 没有任何遮挡 南北好楼层,1260万,88965元/平,低楼层 (共9层) | 2015年建 | 4室2厅 | 141.63平米 | 南 北,https://ke-image.ljcdn.com/110000-inspection/82b5bde7-1598-4715-8295-9567e70b2ad9_1000.jpg!m_fill,w_280,h_210,f_jpg?from=ke.com
20230507,昌平,回龙观,101118933529,三十万精装修好房中间楼层靠谱出售,528万,54121元/平,中楼层 (共6层) | 2002年建 | 2室1厅 | 97.56平米 | 南 北,https://ke-image.ljcdn.com/110000-inspection/pc1_0TNtJcQOJ.jpg!m_fill,w_280,h_210,f_jpg?from=ke.com
20230507,昌平,回龙观,101118933181,南北通透户型方正无浪费面积满五唯一视野开阔,526万,60453元/平,顶层 (共31层) 2室1厅 | 87.01平米 | 南 北,https://ke-image.ljcdn.com/110000-inspection/eb2e3ead-c727-4151-b0c6-781d5b303f30_1000.jpg!m_fill,w_280,h_210,f_jpg?from=ke.com
20230507,昌平,回龙观,101118930856,龙泽西小区中间位置自住装修好,580万,67239元/平,底层 (共6层) 2室1厅 | 86.26平米 | 南 北,https://ke-image.ljcdn.com/110000-inspection/pc1_n3zRKNsHO.jpg!m_fill,w_280,h_210,f_jpg?from=ke.com
20230507,昌平,回龙观,101118928277,通达园两居室户型方正格局合理可拎包入住,468万,53930元/平,低楼层 (共7层) 2室1厅 | 86.78平米 | 东 西,https://ke-image.ljcdn.com/110000-inspection/ef7cd469-f12d-46a7-b465-1406f5c1eacc_1000.jpg!m_fill,w_280,h_210,f_jpg?from=ke.com
20230507,昌平,回龙观,101118923629,龙腾苑六区正规三居室商品房满五年唯一,606万,51304元/平,中楼层 (共6层) 3室1厅 | 118.12平米 | 南 北,https://ke-image.ljcdn.com/110000-inspection/pc1_CfHsZxzBT.jpg!m_fill,w_280,h_210,f_jpg?from=ke.com
20230507,昌平,回龙观,101118919101,北京市昌平区回龙观镇龙腾苑四区,535万,60810元/平,中楼层 (共6层) 2室1厅 | 87.98平米 | 南 北,https://ke-image.ljcdn.com/110000-inspection/pc1_kg10WdKEe.jpg!m_fill,w_280,h_210,f_jpg?from=ke.com
20230507,昌平,回龙观,101118918634,北京人家 2室1厅 南 北,520万,55114元/平,中楼层 (共6层) | 2004年建 | 2室1厅 | 94.35平米 | 南 北,https://ke-image.ljcdn.com/110000-inspection/dae9b9ee-4ed3-4e99-abd0-32a4cc8f538c_1000.jpg!m_fill,w_280,h_210,f_jpg?from=ke.com
20230507,昌平,回龙观,101118917512,龙跃苑东四区 低楼层两居室 随时看房,539万,55510元/平,低楼层 (共6层) | 2007年建 | 2室1厅 | 97.1平米 | 南 北,https://ke-image.ljcdn.com/110000-inspection/pc1_MUnCtusyl.jpg!m_fill,w_280,h_210,f_jpg?from=ke.com
20230507,昌平,回龙观,101118915563,三面朝阳通透户型中间位置自住精装看房方便,848万,74932元/平,中楼层 (共11层) | 2014年建 | 3室2厅 | 113.17平米 | 南 北,https://ke-image.ljcdn.com/110000-inspection/4c8d6f0d-13a0-4dbf-ac79-1948c8172863_1000.jpg!m_fill,w_280,h_210,f_jpg?from=ke.com
20230507,昌平,回龙观,101118910405,万龙社区南北通透两居全明格局停车方便,430万,65659元/平,底层 (共6层) 2室1厅 | 65.49平米 | 南 北,https://ke-image.ljcdn.com/110000-inspection/pc1_XJWSV2iW6.jpg!m_fill,w_280,h_210,f_jpg?from=ke.com
20230507,昌平,回龙观,101118910242,首开国风美唐三期 近双规地铁 精装修,725万,75435元/平,中楼层 (共18层) | 2016年建 | 2室1厅 | 96.11平米 | 南 北,https://ke-image.ljcdn.com/110000-inspection/69a02955-2b8b-454d-bb61-ab001950c8a7_1000.jpg!m_fill,w_280,h_210,f_jpg?from=ke.com
20230507,昌平,回龙观,101118908365,融泽嘉园西二路2号院 满五唯一高楼层视野开阔,449万,68041元/平,高楼层 (共34层) | 2016年建 | 1室1厅 | 65.99平米 | 南,https://ke-image.ljcdn.com/110000-inspection/ec11348f-85ba-4fbb-8285-59ddb8b17470_1000.jpg!m_fill,w_280,h_210,f_jpg?from=ke.com
20230507,昌平,回龙观,101118905462,中间三层+不临街不边+双地铁+落地宽景大窗+双阳台,630万,50400元/平,中楼层 (共6层) | 2006年建 | 3室1厅 | 125平米 | 南 北,https://ke-image.ljcdn.com/110000-inspection/145aa9aa-0a8a-4102-bf3a-2bbf63878e20_1000.jpg!m_fill,w_280,h_210,f_jpg?from=ke.com
20230507,昌平,回龙观,101118904936,佰嘉城南北三居室不临街自住装修商五唯一房主自荐,498万,41702元/平,高楼层 (共6层) | 2006年建 | 3室1厅 | 119.42平米 | 南 北,https://ke-image.ljcdn.com/110000-inspection/db439cbe-9928-4766-8800-ba9d1d652ab0_1000.jpg!m_fill,w_280,h_210,f_jpg?from=ke.com
20230507,昌平,回龙观,101118902540,领秀慧谷C区 1室1厅 南,430万,74485元/平,中楼层 (共11层) | 2011年建 | 1室1厅 | 57.73平米 | 南,https://ke-image.ljcdn.com/110000-inspection/pc1_9Qlf9RjKH.jpg!m_fill,w_280,h_210,f_jpg?from=ke.com
20230507,昌平,回龙观,101118901408,商品房7月4日满五年唯一中间位置不临街不把边3层,649万,50672元/平,中楼层 (共6层) | 2003年建 | 3室1厅 | 128.08平米 | 南 北,https://ke-image.ljcdn.com/110000-inspection/pc1_wZsgAmLdu.jpg!m_fill,w_280,h_210,f_jpg?from=ke.com
20230507,昌平,回龙观,101118900179,首开国风美唐朗观 满五唯一 自住精装修 看房方便,450万,74393元/平,高楼层 (共18层) 1室1厅 | 60.49平米 | 东,https://ke-image.ljcdn.com/110000-inspection/dd33d9f2-4497-472c-8b55-320ae77af781_1000.jpg!m_fill,w_280,h_210,f_jpg?from=ke.com
20230507,昌平,回龙观,101118898681,首开国风美唐二期 满五唯一  高楼层  视野采光都不错房主自荐,688万,73678元/平,高楼层 (共19层) 2室1厅 | 93.38平米 | 南,https://ke-image.ljcdn.com/110000-inspection/dff4e430-fe17-4a07-b5fe-2d84b3472d11_1000.jpg!m_fill,w_280,h_210,f_jpg?from=ke.com
20230507,昌平,回龙观,101118896082,金域华府一期 全南格局 商品房满二 看房方便,468万,74345元/平,低楼层 (共28层) | 2012年建 | 1室1厅 | 62.95平米 | 南,https://ke-image.ljcdn.com/110000-inspection/pc1_VGVhonC8B.jpg!m_fill,w_280,h_210,f_jpg?from=ke.com
20230507,昌平,回龙观,101118895767,满五唯一 南北通透 楼层视野好,569万,64608元/平,中楼层 (共34层) 2室1厅 | 88.07平米 | 南 北,https://ke-image.ljcdn.com/110000-inspection/pc1_YCjByrOTw.jpg!m_fill,w_280,h_210,f_jpg?from=ke.com
20230507,昌平,回龙观,101118891847,龙跃苑三区 3室2厅 南 北,595万,49841元/平,中楼层 (共6层) 3室2厅 | 119.38平米 | 南 北,https://ke-image.ljcdn.com/110000-inspection/3fdb0674-5e3f-4c12-be3b-f0c19bd7bf86_1000.jpg!m_fill,w_280,h_210,f_jpg?from=ke.com
20230507,昌平,回龙观,101118891436,流星花园三区电梯中间层采光无遮挡满五唯一房主自荐,550万,53497元/平,中楼层 (共6层) | 2004年建 | 2室1厅 | 102.81平米 | 南 北,https://ke-image.ljcdn.com/110000-inspection/pc1_7nfY1ux7o_1.jpg!m_fill,w_280,h_210,f_jpg?from=ke.com
20230507,昌平,回龙观,101118889282,商品房满五年  中间层 南北通透  视野好,630万,70502元/平,高楼层 (共21层) 2室1厅 | 89.36平米 | 南 北,https://ke-image.ljcdn.com/110000-inspection/pc1_WKVhRm6j9.jpg!m_fill,w_280,h_210,f_jpg?from=ke.com
20230507,昌平,回龙观,101118888791,龙跃苑东四区 三居室 精装修 看房方便房主自荐,605万,45547元/平,高楼层 (共6层) 3室1厅 | 132.83平米 | 南 北,https://ke-image.ljcdn.com/110000-inspection/3ea3dfce-7921-49b7-90b9-dfe15b98b078_1000.jpg!m_fill,w_280,h_210,f_jpg?from=ke.com
20230507,昌平,回龙观,101118888710,商品房满五唯一  双落地窗阳台 采光视野好 全屋精装修,548万,67207元/平,低楼层 (共22层) | 2015年建 | 2室2厅 | 81.54平米 | 南,https://ke-image.ljcdn.com/110000-inspection/pc1_4CIPbqijh.jpg!m_fill,w_280,h_210,f_jpg?from=ke.com
20230507,昌平,回龙观,101118886341,满五唯一 中高楼层 自住精装 随时可签房主自荐,459万,69148元/平,中楼层 (共31层) | 2016年建 | 1室1厅 | 66.38平米 | 南,https://ke-image.ljcdn.com/110000-inspection/pc1_mmJ4OgdGi.jpg!m_fill,w_280,h_210,f_jpg?from=ke.com
20230507,昌平,回龙观,101118883252,龙华园 2室1厅 南 北,410万,58173元/平,低楼层 (共6层) | 1994年建 | 2室1厅 | 70.48平米 | 南 北,https://ke-image.ljcdn.com/110000-inspection/pc1_MUDTx86rA.jpg!m_fill,w_280,h_210,f_jpg?from=ke.com
20230507,昌平,回龙观,101118883206,满五年唯一业主自住精装修诚意出售价格可谈,566万,47564元/平,高楼层 (共6层) | 2005年建 | 3室1厅 | 119平米 | 南 北,https://ke-image.ljcdn.com/110000-inspection/b4b9961f-b595-4cf5-8267-7e8e26ad76d2_1000.jpg!m_fill,w_280,h_210,f_jpg?from=ke.com
20230507,昌平,回龙观,101118883067,龙跃苑一区 商满五唯一  精装修,502万,44559元/平,顶层 (共6层) | 2003年建 | 3室1厅 | 112.66平米 | 南 北,https://ke-image.ljcdn.com/110000-inspection/6b729684-56e3-484a-9999-b4d87a95a8fa_1000.jpg!m_fill,w_280,h_210,f_jpg?from=ke.com
20230507,昌平,回龙观,101118881577,天慧园小区低楼层两居商品房满五年唯一房主自荐,480万,51636元/平,低楼层 (共7层) 2室1厅 | 92.96平米 | 南 北,https://ke-image.ljcdn.com/110000-inspection/e231de3a-6cad-4e23-a01d-167b65b38bb8_1000.jpg!m_fill,w_280,h_210,f_jpg?from=ke.com
20230507,昌平,回龙观,101118880564,融泽嘉园中路1号院 满五唯一 南北通透,670万,62066元/平,低楼层 (共33层) 3室2厅 | 107.95平米 | 南 北,https://ke-image.ljcdn.com/110000-inspection/ea742972-d61b-4faf-901e-693207bd6dd8_1000.jpg!m_fill,w_280,h_210,f_jpg?from=ke.com
20230507,昌平,回龙观,101118877212,商品房满五唯一！40来万精装修！低楼层！位置好！,648万,52292元/平,低楼层 (共6层) | 2006年建 | 3室1厅 | 123.92平米 | 南 北,https://ke-image.ljcdn.com/110000-inspection/1a3c5e2a-567c-4cc9-8251-500e6f8f7ac9_1000.jpg!m_fill,w_280,h_210,f_jpg?from=ke.com
20230507,昌平,回龙观,101118874891,满五唯一南北通透小区中间位置高层采光好视野好,568万,64996元/平,高楼层 (共34层) | 2016年建 | 2室1厅 | 87.39平米 | 南 北,https://ke-image.ljcdn.com/110000-inspection/pc1_ZOeiqSoFB_1.jpg!m_fill,w_280,h_210,f_jpg?from=ke.com
20230507,昌平,回龙观,101118865809,龙城花园北二区中间层两居室看房方便。,358万,56790元/平,中楼层 (共4层) | 2004年建 | 2室1厅 | 63.04平米 | 南 北,https://ke-image.ljcdn.com/110000-inspection/pc1_CVPYvPy0Y_1.jpg!m_fill,w_280,h_210,f_jpg?from=ke.com
20230507,昌平,回龙观,101118865829,融泽嘉园中路1号院 3室1厅 南 北,712万,61984元/平,中楼层 (共31层) | 2014年建 | 3室1厅 | 114.87平米 | 南 北,https://ke-image.ljcdn.com/110000-inspection/pc1_EO3iqWJFD.jpg!m_fill,w_280,h_210,f_jpg?from=ke.com
20230507,昌平,回龙观,101118865541,平层大四居 大阳台三通透户型 洋房小区密度低,699万,37122元/平,高楼层 (共6层) 4室1厅 | 188.3平米 | 南 北,https://ke-image.ljcdn.com/110000-inspection/pc1_2yVMuDqaB.jpg!m_fill,w_280,h_210,f_jpg?from=ke.com
20230507,昌平,回龙观,101118864631,商品房楼栋南北通透三居室小区中间位置,612万,66184元/平,底层 (共20层) 3室2厅 | 92.47平米 | 南 北,https://ke-image.ljcdn.com/110000-inspection/e48947c5-16a6-4fa5-bd94-c92053ba9967_1000.jpg!m_fill,w_280,h_210,f_jpg?from=ke.com
20230507,昌平,回龙观,101118863141,诚心出售正规两居室南北通透前后无遮挡采光好。房主自荐,449万,55659元/平,中楼层 (共6层) | 1995年建 | 2室1厅 | 80.67平米 | 南 北,https://ke-image.ljcdn.com/110000-inspection/pc1_0lTBXI7rZ.jpg!m_fill,w_280,h_210,f_jpg?from=ke.com
20230507,昌平,回龙观,101118862893,公园悦府南北通透两居室把边户型随时可以签约,650万,70134元/平,中楼层 (共11层) | 2014年建 | 2室1厅 | 92.68平米 | 南 北 东,https://ke-image.ljcdn.com/110000-inspection/52ba4b19-1997-45d5-bfa6-85100e7b6c9d_1000.jpg!m_fill,w_280,h_210,f_jpg?from=ke.com
20230507,昌平,回龙观,101118862239,商品房满五唯一 自住精装 看房方便 诚心出售 随时签约,745万,64987元/平,低楼层 (共34层) | 2014年建 | 3室1厅 | 114.64平米 | 南 北,https://ke-image.ljcdn.com/110000-inspection/7cc8f5fc-02e4-450b-9385-dbee64b9784d_1000.jpg!m_fill,w_280,h_210,f_jpg?from=ke.com
20230507,昌平,回龙观,101118855127,流星花园洋房 满五年 首付109万 精装修,306万,64694元/平,中楼层 (共11层) | 2004年建 | 1室1厅 | 47.3平米 | 北,https://ke-image.ljcdn.com/110000-inspection/45389ee4-9154-49bd-afee-020bd3211b3a_1000.jpg!m_fill,w_280,h_210,f_jpg?from=ke.com
20230507,昌平,回龙观,101118850749,南北通透大三居三朝阳11月份满二年无增值税,899万,55498元/平,中楼层 (共12层) | 2005年建 | 4室2厅 | 161.99平米 | 南 北,https://ke-image.ljcdn.com/110000-inspection/e1c15271-ba9e-4c57-8f29-003b0e0a9054_1000.jpg!m_fill,w_280,h_210,f_jpg?from=ke.com
20230507,昌平,回龙观,101118850346,融泽嘉园中路1号院满五年唯一南北两居,568万,57508元/平,中楼层 (共28层) 2室1厅 | 98.77平米 | 南 北,https://ke-image.ljcdn.com/110000-inspection/c2388504-800a-45f2-a76c-44df4bf7979f_1000.jpg!m_fill,w_280,h_210,f_jpg?from=ke.com
20230507,昌平,回龙观,101118848399,和谐家园一区 3室1厅 南 北,650万,52184元/平,中楼层 (共6层) | 2006年建 | 3室1厅 | 124.56平米 | 南 北,https://ke-image.ljcdn.com/110000-inspection/0a949d8a-fce3-4f83-ad84-b9bd3e3f8b8b_1000.jpg!m_fill,w_280,h_210,f_jpg?from=ke.com
20230507,昌平,回龙观,101118845362,京投发展公园悦府一区 2室1厅 南 北 西,629万,67008元/平,高楼层 (共22层) | 2015年建 | 2室1厅 | 93.87平米 | 南 北 西,https://ke-image.ljcdn.com/110000-inspection/bc513a3d-229c-411e-8121-567a1da19529_1000.jpg!m_fill,w_280,h_210,f_jpg?from=ke.com
20230507,昌平,回龙观,101118844785,总监推荐房源：大落地窗精装修拎包入住,410万,64598元/平,顶层 (共9层) | 2011年建 | 1室1厅 | 63.47平米 | 南,https://ke-image.ljcdn.com/110000-inspection/7c77f978-6810-411a-853c-3f7809ed20af_1000.jpg!m_fill,w_280,h_210,f_jpg?from=ke.com
20230507,昌平,回龙观,101118842353,龙跃苑四区精装修南北通透两居室,460万,46311元/平,顶层 (共6层) | 2005年建 | 2室1厅 | 99.33平米 | 南 北,https://ke-image.ljcdn.com/110000-inspection/35eecb06-9e5a-452f-b731-650aa651bc56_1000.jpg!m_fill,w_280,h_210,f_jpg?from=ke.com
20230507,昌平,回龙观,101118841783,商品房  中间楼层 南北通透 阳光充足 交通便利,527万,60540元/平,中楼层 (共7层) | 2004年建 | 3室1厅 | 87.05平米 | 南 北,https://ke-image.ljcdn.com/110000-inspection/pc1_egK8vlmFJ.jpg!m_fill,w_280,h_210,f_jpg?from=ke.com
20230507,昌平,回龙观,101118841187,近地铁落地窗不临街高楼层满我唯一房主自荐,562万,62114元/平,高楼层 (共20层) 2室1厅 | 90.48平米 | 东南,https://ke-image.ljcdn.com/110000-inspection/pc1_lBSAjj1UN.jpg!m_fill,w_280,h_210,f_jpg?from=ke.com
20230507,昌平,回龙观,101118840852,商品房满五年唯一两居两卫南北朝向精装修,569万,55578元/平,低楼层 (共20层) | 2007年建 | 2室1厅 | 102.38平米 | 南 北,https://ke-image.ljcdn.com/110000-inspection/pc1_YnvNiOsyJ.jpg!m_fill,w_280,h_210,f_jpg?from=ke.com
20230507,昌平,回龙观,101118839861,京投发展公园悦府一区 1室1厅 南,470万,67792元/平,底层 (共11层) | 2014年建 | 1室1厅 | 69.33平米 | 南,https://ke-image.ljcdn.com/110000-inspection/ae3c764e-17f1-4bd3-ba92-94aa21201a5b_1000.jpg!m_fill,w_280,h_210,f_jpg?from=ke.com
20230507,昌平,回龙观,101118829508,满五年唯一 中间层 精装修 南北通透 采光好,460万,57580元/平,中楼层 (共6层) | 2004年建 | 2室1厅 | 79.89平米 | 南 北,https://ke-image.ljcdn.com/110000-inspection/pc1_t0l8dSmAF.jpg!m_fill,w_280,h_210,f_jpg?from=ke.com
20230507,昌平,回龙观,101118825402,风雅园二区精品一居室自住装修,390万,63158元/平,中楼层 (共5层) | 2000年建 | 1室1厅 | 61.75平米 | 南 北,https://ke-image.ljcdn.com/110000-inspection/826bdbaf-9696-421b-8fb5-e337182c9b92_1000.jpg!m_fill,w_280,h_210,f_jpg?from=ke.com
20230507,昌平,回龙观,101118824362,流星花园三区 1室1厅 北,320万,65858元/平,底层 (共11层) | 2008年建 | 1室1厅 | 48.59平米 | 北,https://ke-image.ljcdn.com/110000-inspection/358320b3-3f45-4440-8c04-4c264202f138_1000.jpg!m_fill,w_280,h_210,f_jpg?from=ke.com
20230507,昌平,回龙观,101118823327,龙腾苑二区 2室1厅 南 北,500万,49068元/平,顶层 (共6层) | 2003年建 | 2室1厅 | 101.9平米 | 南 北,https://ke-image.ljcdn.com/110000-inspection/pc1_aZdyI0g3k.jpg!m_fill,w_280,h_210,f_jpg?from=ke.com
20230507,昌平,回龙观,101118820153,融泽嘉园中路6号院 2室1厅 南 北房主自荐,620万,63105元/平,中楼层 (共25层) 2室1厅 | 98.25平米 | 南 北,https://ke-image.ljcdn.com/110000-inspection/00bfedf3-3b9e-434c-ac69-85b4248ae0d2_1000.jpg!m_fill,w_280,h_210,f_jpg?from=ke.com
20230507,昌平,回龙观,101118819204,满五唯一南北通透近地铁中间层房主自荐,538万,55596元/平,中楼层 (共6层) 2室1厅 | 96.77平米 | 南 北,https://ke-image.ljcdn.com/110000-inspection/c6f22d5b-6e1b-40de-8397-4645201dda06_1000.jpg!m_fill,w_280,h_210,f_jpg?from=ke.com
20230507,昌平,回龙观,101118818549,商满五唯一双卧朝南南北通透,398万,60112元/平,顶层 (共6层) 2室1厅 | 66.21平米 | 南 北,https://ke-image.ljcdn.com/110000-inspection/cc6b0340-dbd2-4721-ac1b-1cddba1aa257_1000.jpg!m_fill,w_280,h_210,f_jpg?from=ke.com
20230507,昌平,回龙观,101118817921,龙禧苑一区 满五唯一 中间楼层 南北通透 采光好,398万,60085元/平,中楼层 (共7层) 1室1厅 | 66.24平米 | 南 北,https://ke-image.ljcdn.com/110000-inspection/db9101ce-42b2-40b2-813f-69c413315de1_1000.jpg!m_fill,w_280,h_210,f_jpg?from=ke.com
20230507,昌平,回龙观,101118817006,融泽嘉园中路12号院 全南向两居室 高楼层 视野开阔,580万,66158元/平,中楼层 (共31层) 2室1厅 | 87.67平米 | 南,https://ke-image.ljcdn.com/110000-inspection/2073bf41-2886-4ad3-a691-f5b9d930f032_1000.jpg!m_fill,w_280,h_210,f_jpg?from=ke.com
20230507,昌平,回龙观,101118816846,金达园 满五年唯一 大三居 三面采光 南北通透 无遮挡,650万,45049元/平,顶层 (共6层) | 1998年建 | 3室2厅 | 144.29平米 | 东南 北,https://ke-image.ljcdn.com/110000-inspection/pc1_ZmOzGIGGu_1.jpg!m_fill,w_280,h_210,f_jpg?from=ke.com
20230507,昌平,回龙观,101118815497,龙兴园北区3居室+满五年唯一+经典户型房主自荐,496万,50178元/平,中楼层 (共6层) | 2000年建 | 3室2厅 | 98.85平米 | 南 北,https://ke-image.ljcdn.com/110000-inspection/221c57b6-a955-4d85-8796-db155f53265e_1000.jpg!m_fill,w_280,h_210,f_jpg?from=ke.com
20230507,昌平,回龙观,101118813472,矩阵二期电梯一居室仅契税诚意出售看房方便,353万,65565元/平,低楼层 (共12层) 1室1厅 | 53.84平米 | 东北,https://ke-image.ljcdn.com/110000-inspection/33898829-9934-4578-b6b9-17fb6ca49c6e_1000.jpg!m_fill,w_280,h_210,f_jpg?from=ke.com
20230507,昌平,回龙观,101118812765,金域华府一期满五年唯一靠谱小三居户型方正,650万,72618元/平,中楼层 (共28层) | 2012年建 | 3室1厅 | 89.51平米 | 西北,https://ke-image.ljcdn.com/110000-inspection/pc1_UAt1b0Bn0.jpg!m_fill,w_280,h_210,f_jpg?from=ke.com
20230507,昌平,回龙观,101118806949,龙腾苑三区 3室1厅 东 南 北房主自荐,645万,55513元/平,中楼层 (共6层) | 2002年建 | 3室1厅 | 116.19平米 | 东 南 北,https://ke-image.ljcdn.com/110000-inspection/pc1_qRglIxnMM.jpg!m_fill,w_280,h_210,f_jpg?from=ke.com
20230507,昌平,回龙观,101118800922,北京人家精装修三居室有电梯。,572万,51205元/平,顶层 (共10层) | 2005年建 | 3室1厅 | 111.71平米 | 南 北,https://ke-image.ljcdn.com/110000-inspection/e8e922f5-5ade-4c8e-9dda-d171966ff6fe_1000.jpg!m_fill,w_280,h_210,f_jpg?from=ke.com
20230507,昌平,回龙观,101118798226,总监推荐房源：次新房地暖外挂石材外立面,685万,69530元/平,低楼层 (共13层) 2室2厅 | 98.52平米 | 南 北,https://ke-image.ljcdn.com/110000-inspection/pc1_TBhZlJsYa.jpg!m_fill,w_280,h_210,f_jpg?from=ke.com
20230507,昌平,回龙观,101118792927,商品房满五年唯一小区中间位置龙腾苑经典三居室,595万,50318元/平,高楼层 (共6层) | 2003年建 | 3室1厅 | 118.25平米 | 南 北,https://ke-image.ljcdn.com/110000-inspection/b7d8b0f0-c6b9-4ee6-8b0f-2b4284a773fc_1000.jpg!m_fill,w_280,h_210,f_jpg?from=ke.com
20230507,昌平,回龙观,101118792293,金域华府一期商品房满五唯一自住精装修中间层诚意卖,610万,68264元/平,中楼层 (共28层) | 2012年建 | 2室1厅 | 89.36平米 | 南,https://ke-image.ljcdn.com/110000-inspection/3e0f63dd-78f6-4319-9750-9436b70ac0cc_1000.jpg!m_fill,w_280,h_210,f_jpg?from=ke.com
20230507,昌平,回龙观,101118789473,首开国风美唐二期  带电梯一居采光视野好 满五年唯一,435万,70286元/平,高楼层 (共18层) 1室1厅 | 61.89平米 | 东,https://ke-image.ljcdn.com/110000-inspection/02e6ebda-4caf-4a74-8b89-8a623a488794_1000.jpg!m_fill,w_280,h_210,f_jpg?from=ke.com
20230507,昌平,回龙观,101118786047,龙腾苑四区平层三居室不临街不把边采光好,678万,48240元/平,中楼层 (共6层) | 2003年建 | 3室1厅 | 140.55平米 | 南 北,https://ke-image.ljcdn.com/110000-inspection/pc1_grDTaLiEM.jpg!m_fill,w_280,h_210,f_jpg?from=ke.com
20230507,昌平,回龙观,101118785110,低楼层两居 满五唯一 位置好 地铁8号线,480万,51272元/平,低楼层 (共7层) 2室2厅 | 93.62平米 | 南 北,https://ke-image.ljcdn.com/110000-inspection/pc1_Kaj8upYEs_1.jpg!m_fill,w_280,h_210,f_jpg?from=ke.com
20230507,昌平,回龙观,101118783825,龙锦苑六区 2室1厅 南 北,498万,58887元/平,低楼层 (共6层) 2室1厅 | 84.57平米 | 南 北,https://ke-image.ljcdn.com/110000-inspection/a24235c8-4420-4655-86ce-04fb4ccec225_1000.jpg!m_fill,w_280,h_210,f_jpg?from=ke.com
20230507,昌平,回龙观,101118782215,满五唯一小区中间位置南向采光、视野好随时签约,535万,61389元/平,低楼层 (共27层) | 2013年建 | 2室1厅 | 87.15平米 | 南,https://ke-image.ljcdn.com/110000-inspection/d81376d0-bb83-4469-855e-109753e44eeb_1000.jpg!m_fill,w_280,h_210,f_jpg?from=ke.com
20230507,昌平,回龙观,101118779684,新龙城 1室1厅 北,428万,60684元/平,顶层 (共20层) | 2006年建 | 1室1厅 | 70.53平米 | 北,https://ke-image.ljcdn.com/110000-inspection/pc1_WphDZNg4W.jpg!m_fill,w_280,h_210,f_jpg?from=ke.com
20230507,昌平,回龙观,101118779140,龙腾苑五区小区中间位置中间楼层自住优质三居,595万,50527元/平,高楼层 (共6层) | 2003年建 | 3室1厅 | 117.76平米 | 南 北,https://ke-image.ljcdn.com/110000-inspection/e96dea34-31f0-4d1c-87e1-6f6dc39f52a2_1000.jpg!m_fill,w_280,h_210,f_jpg?from=ke.com
20230507,昌平,回龙观,101118778035,精装修直接入住+中间4层+商品房+2居+好位置+采光好房主自荐,445万,52133元/平,中楼层 (共6层) | 2000年建 | 2室2厅 | 85.36平米 | 南 北,https://ke-image.ljcdn.com/110000-inspection/pc1_R3M3U52iO.jpg!m_fill,w_280,h_210,f_jpg?from=ke.com
20230507,昌平,回龙观,101118776734,金域华府二期满五唯一南向大两居万科精装自住中间层,739万,82746元/平,中楼层 (共28层) | 2014年建 | 2室1厅 | 89.31平米 | 南,https://ke-image.ljcdn.com/110000-inspection/10175311-ee40-4c1d-94e3-a68ce7f746c7_1000.jpg!m_fill,w_280,h_210,f_jpg?from=ke.com
20230507,昌平,回龙观,101118776429,龙泽地铁边上大开间电梯高层商品房采光好通勤便利,319万,68397元/平,顶层 (共20层) | 2006年建 | 1室1厅 | 46.64平米 | 北,https://ke-image.ljcdn.com/110000-inspection/pc1_PudjsyoFz.jpg!m_fill,w_280,h_210,f_jpg?from=ke.com
20230507,昌平,回龙观,101118775748,龙锦苑六区 2室1厅 南 北,520万,55161元/平,中楼层 (共6层) 2室1厅 | 94.27平米 | 南 北,https://ke-image.ljcdn.com/110000-inspection/pc1_M7uwlz1Yh.jpg!m_fill,w_280,h_210,f_jpg?from=ke.com
20230507,昌平,回龙观,101118774725,融泽嘉园东一路8号院楼层好视野佳,465万,70712元/平,中楼层 (共28层) | 2015年建 | 1室1厅 | 65.76平米 | 南,https://ke-image.ljcdn.com/110000-inspection/df30dbcc-6cce-46cb-a346-3f263a83eae3_1000.jpg!m_fill,w_280,h_210,f_jpg?from=ke.com
20230507,昌平,回龙观,101118767338,龙华园经典一居室南北通透格局好,365万,62319元/平,中楼层 (共6层) 1室1厅 | 58.57平米 | 南 北,https://ke-image.ljcdn.com/110000-inspection/pc1_aYleCKHkt.jpg!m_fill,w_280,h_210,f_jpg?from=ke.com
20230507,昌平,回龙观,101118766055,和谐家园二区、3居2卫、精装修、看房方便,600万,47775元/平,顶层 (共6层) | 2006年建 | 3室1厅 | 125.59平米 | 南 北,https://ke-image.ljcdn.com/110000-inspection/605af75b-c62d-4ca9-b8cd-f84670506f88_1000.jpg!m_fill,w_280,h_210,f_jpg?from=ke.com
20230507,昌平,回龙观,101118763619,融泽嘉园中路6号院 2室1厅 南房主自荐,580万,66347元/平,高楼层 (共27层) | 2013年建 | 2室1厅 | 87.42平米 | 南,https://ke-image.ljcdn.com/110000-inspection/ef5c3b8f-1c9c-4c5c-8e8e-e7ed9cc7b1f5_1000.jpg!m_fill,w_280,h_210,f_jpg?from=ke.com
20230507,昌平,回龙观,101118761892,云趣园二区 商满五唯一 只有契税 近地铁,510万,54639元/平,底层 (共6层) 2室2厅 | 93.34平米 | 南 北,https://ke-image.ljcdn.com/110000-inspection/d3de8f6b-5df7-4c87-af0e-c2529f3f418b_1000.jpg!m_fill,w_280,h_210,f_jpg?from=ke.com
20230507,昌平,回龙观,101118760287,龙泽西区小区中间+实用三居室+采光好+装修好+满五唯一,600万,55623元/平,中楼层 (共7层) 3室1厅 | 107.87平米 | 南 北,https://ke-image.ljcdn.com/110000-inspection/pc1_pjbWvNvY9.jpg!m_fill,w_280,h_210,f_jpg?from=ke.com
20230507,昌平,回龙观,101118757875,首开国风美唐三期全屋新风50万精装 功能三居 全明格局房主自荐,699万,77452元/平,顶层 (共21层) | 2016年建 | 3室1厅 | 90.25平米 | 东 南 北,https://ke-image.ljcdn.com/110000-inspection/d51595b0-5fbf-4aae-8463-da3bee389551_1000.jpg!m_fill,w_280,h_210,f_jpg?from=ke.com
20230507,昌平,回龙观,101118757340,云趣园一区眼镜三居室户型方正两卧室朝南,509万,41643元/平,高楼层 (共6层) 3室2厅 | 122.23平米 | 南 北,https://ke-image.ljcdn.com/110000-inspection/13342662-7c18-480b-b0a3-f4f981f5f4b4_1000.jpg!m_fill,w_280,h_210,f_jpg?from=ke.com
20230507,昌平,回龙观,101118757087,二层 满五年唯一业主随时签约小区中间位置,425万,52308元/平,低楼层 (共6层) | 1998年建 | 2室1厅 | 81.25平米 | 东 西,https://ke-image.ljcdn.com/110000-inspection/pc1_LZHGeXWax.jpg!m_fill,w_280,h_210,f_jpg?from=ke.com
20230507,昌平,回龙观,101118755353,此房按照满五唯一格局方正小区中间位置 采光好,405万,68761元/平,高楼层 (共6层) | 2004年建 | 1室1厅 | 58.9平米 | 南,https://ke-image.ljcdn.com/110000-inspection/pc1_n1AVQGXUv.jpg!m_fill,w_280,h_210,f_jpg?from=ke.com
20230507,昌平,回龙观,101118755222,京投发展公园悦府二区 全明格局少有3居户型 中高楼层房主自荐,909万,75890元/平,中楼层 (共27层) 3室2厅 | 119.78平米 | 东 南 北,https://ke-image.ljcdn.com/110000-inspection/23727122-6b5e-4bbf-9edb-978461a32129_1000.jpg!m_fill,w_280,h_210,f_jpg?from=ke.com
20230507,昌平,回龙观,101118754868,公园悦府 优质两居 南北朝向  靠谱签约,628万,67138元/平,中楼层 (共22层) | 2015年建 | 2室1厅 | 93.54平米 | 东 南 北,https://ke-image.ljcdn.com/110000-inspection/465d6e10-341a-450e-83c8-f90ec2047391_1000.jpg!m_fill,w_280,h_210,f_jpg?from=ke.com
20230507,昌平,回龙观,101118750481,急售 2层 南北通透三居室 商满五唯一,570万,45568元/平,低楼层 (共6层) 3室1厅 | 125.09平米 | 南 北,https://ke-image.ljcdn.com/110000-inspection/0a31f06a-8f94-41bd-9efb-21ffbea65a5a_1000.jpg!m_fill,w_280,h_210,f_jpg?from=ke.com
20230507,昌平,回龙观,101118747548,融泽嘉园东一路6号院 2室1厅 南房主自荐,595万,66990元/平,低楼层 (共18层) 2室1厅 | 88.82平米 | 南,https://ke-image.ljcdn.com/110000-inspection/fc188705-d251-47e1-b145-3ff3507c00e6_1000.jpg!m_fill,w_280,h_210,f_jpg?from=ke.com
20230507,昌平,回龙观,101118743760,40万博洛尼装修 采光视野很好 南北通透两居 带飘窗,630万,62737元/平,中楼层 (共11层) 2室1厅 | 100.42平米 | 南 北,https://ke-image.ljcdn.com/110000-inspection/ab86e55f-f7c8-487e-a956-9d42c2e4c005_1000.jpg!m_fill,w_280,h_210,f_jpg?from=ke.com
20230507,昌平,回龙观,101118742066,小区中间位置使用面积180平米随时看房房主自荐,699万,81016元/平,底层 (共11层) 2室1厅 | 86.28平米 | 东南,https://ke-image.ljcdn.com/110000-inspection/pc1_UnHgz6eGs.jpg!m_fill,w_280,h_210,f_jpg?from=ke.com
20230507,昌平,回龙观,101118741681,小区中间  南北通透 商品房  满五年唯一 急售,458万,48481元/平,顶层 (共6层) 2室1厅 | 94.47平米 | 南 北,https://ke-image.ljcdn.com/110000-inspection/7c439512-0fcb-4c48-a187-082194f4a7fb_1000.jpg!m_fill,w_280,h_210,f_jpg?from=ke.com
20230507,昌平,回龙观,101118741258,龙博苑一区 3室1厅 南 北,520万,50976元/平,高楼层 (共6层) | 2005年建 | 3室1厅 | 102.01平米 | 南 北,https://ke-image.ljcdn.com/110000-inspection/pc1_nMcDvMqdD.jpg!m_fill,w_280,h_210,f_jpg?from=ke.com
20230507,昌平,回龙观,101118740299,田园风光雅苑 3室2厅 南 北,688万,55032元/平,中楼层 (共6层) | 2006年建 | 3室2厅 | 125.02平米 | 南 北,https://ke-image.ljcdn.com/110000-inspection/cded9c16-7635-4a69-92fa-7929009d19f2_1000.jpg!m_fill,w_280,h_210,f_jpg?from=ke.com
20230507,昌平,回龙观,101118737542,和谐家园二区 3室1厅 南 北,595万,47711元/平,高楼层 (共6层) | 2006年建 | 3室1厅 | 124.71平米 | 南 北,https://ke-image.ljcdn.com/110000-inspection/0f50974f-9f84-4555-aaa3-41d379724fd0_1000.jpg!m_fill,w_280,h_210,f_jpg?from=ke.com
20230507,昌平,回龙观,101118732103,龙跃苑三区 3室2厅 南 北,590万,49423元/平,高楼层 (共6层) 3室2厅 | 119.38平米 | 南 北,https://ke-image.ljcdn.com/110000-inspection/pc1_Vx1ZF6xhR.jpg!m_fill,w_280,h_210,f_jpg?from=ke.com
20230507,昌平,回龙观,101118729056,龙泽苑西区 2室1厅 南 北,549万,70259元/平,底层 (共6层) | 2000年建 | 2室1厅 | 78.14平米 | 南 北,https://ke-image.ljcdn.com/110000-inspection/8be47c79-f28d-4745-a8a3-8c7b0d131f68_1000.jpg!m_fill,w_280,h_210,f_jpg?from=ke.com
20230507,昌平,回龙观,101118728125,龙回苑商品房满五唯一小区中间位置采光好,513万,44035元/平,高楼层 (共6层) | 2004年建 | 3室1厅 | 116.5平米 | 南 北,https://ke-image.ljcdn.com/110000-inspection/bd3bb7ef-a8d0-4687-80b1-d05733b8413b_1000.jpg!m_fill,w_280,h_210,f_jpg?from=ke.com
20230507,昌平,回龙观,101118725092,商品房满五年唯一 小区中间位置 视野采光好,399万,67765元/平,顶层 (共6层) 1室1厅 | 58.88平米 | 南,https://ke-image.ljcdn.com/110000-inspection/pc1_AiGl19x7p.jpg!m_fill,w_280,h_210,f_jpg?from=ke.com
20230507,昌平,回龙观,101118724569,矩阵一期40万精装修小区中间位置南北通透户型好,450万,71874元/平,底层 (共6层) | 1998年建 | 2室1厅 | 62.61平米 | 南 北,https://ke-image.ljcdn.com/110000-inspection/a84cd3b3-6897-4b96-af7c-26f2c12eddfc_1000.jpg!m_fill,w_280,h_210,f_jpg?from=ke.com
20230507,昌平,回龙观,101118723554,龙腾苑四区优质三居室两居价格买三居,570万,54374元/平,低楼层 (共6层) | 2003年建 | 3室1厅 | 104.83平米 | 南 北,https://ke-image.ljcdn.com/110000-inspection/pc1_Xz7CCfabE.jpg!m_fill,w_280,h_210,f_jpg?from=ke.com
20230507,昌平,回龙观,101118723031,龙博苑二区南北通透3居自住精装商品房满五年唯一,479万,50116元/平,顶层 (共6层) | 2004年建 | 3室1厅 | 95.58平米 | 南 北,https://ke-image.ljcdn.com/110000-inspection/pc1_thhlqmgqM.jpg!m_fill,w_280,h_210,f_jpg?from=ke.com
20230507,昌平,回龙观,101118722654,慧华苑通透一居室把边采光好满五年唯一看房随时,329万,59602元/平,高楼层 (共6层) | 1996年建 | 1室1厅 | 55.2平米 | 南 北,https://ke-image.ljcdn.com/110000-inspection/a4169334-4ac8-456d-a241-13312ed888f0_1000.jpg!m_fill,w_280,h_210,f_jpg?from=ke.com
20230507,昌平,回龙观,101118721025,龙旗广场 2室1厅 西南,510万,64184元/平,中楼层 (共28层) | 2010年建 | 2室1厅 | 79.46平米 | 西南,https://ke-image.ljcdn.com/110000-inspection/pc1_g35lZvYYy.jpg!m_fill,w_280,h_210,f_jpg?from=ke.com
20230507,昌平,回龙观,101118718802,风雅园二区两居室临公园临地铁商满五唯一,460万,50268元/平,中楼层 (共6层) 2室1厅 | 91.51平米 | 西 北,https://ke-image.ljcdn.com/110000-inspection/fd0a8a9e-fd10-4cf3-93a2-f2389ccb97dd_1000.jpg!m_fill,w_280,h_210,f_jpg?from=ke.com
20230507,昌平,回龙观,101118718362,商品房满五唯一一层花园40平米自住精装修房主自荐,576万,61050元/平,底层 (共6层) | 2004年建 | 2室1厅 | 94.35平米 | 南 北,https://ke-image.ljcdn.com/110000-inspection/pc1_QZTgCMfAH.jpg!m_fill,w_280,h_210,f_jpg?from=ke.com
20230507,昌平,回龙观,101118716536,天巢园 商品房 西南向两居室 中间楼层房主自荐,508万,60599元/平,中楼层 (共22层) 2室1厅 | 83.83平米 | 南 北,https://ke-image.ljcdn.com/110000-inspection/pc1_ieI2sTNbb.jpg!m_fill,w_280,h_210,f_jpg?from=ke.com
20230507,昌平,回龙观,101118715637,龙博苑一区 20年底精装修 中间楼层 地铁300米,409万,66364元/平,中楼层 (共6层) | 2005年建 | 1室1厅 | 61.63平米 | 南,https://ke-image.ljcdn.com/110000-inspection/pc1_I6ieYk9AI.jpg!m_fill,w_280,h_210,f_jpg?from=ke.com
20230507,昌平,回龙观,101118715273,云趣园一区眼镜户型2层无遮挡,550万,44998元/平,低楼层 (共6层) 3室2厅 | 122.23平米 | 南 北,https://ke-image.ljcdn.com/110000-inspection/pc1_BvHVVDs6p.jpg!m_fill,w_280,h_210,f_jpg?from=ke.com
20230507,昌平,回龙观,101118714906,商品房仅有契税不临街南北通透,498万,58437元/平,中楼层 (共7层) 3室0厅 | 85.22平米 | 南 北,https://ke-image.ljcdn.com/110000-inspection/pc1_Ps9XQqguS_1.jpg!m_fill,w_280,h_210,f_jpg?from=ke.com
20230507,昌平,回龙观,101118714830,龙腾苑二区 南北通透两居 商满五唯一 中间楼层视野好,550万,53938元/平,中楼层 (共6层) | 2003年建 | 2室1厅 | 101.97平米 | 南 北,https://ke-image.ljcdn.com/110000-inspection/pc1_NzStSp9DL.jpg!m_fill,w_280,h_210,f_jpg?from=ke.com
20230507,昌平,回龙观,101118714386,万科精装 高楼层 无遮挡 采光和视野不遮挡 明厨明卫,959万,81973元/平,高楼层 (共28层) | 2014年建 | 3室1厅 | 116.99平米 | 南 北,https://ke-image.ljcdn.com/110000-inspection/pc1_aKTPL9w2F_1.jpg!m_fill,w_280,h_210,f_jpg?from=ke.com
20230507,昌平,回龙观,101118713504,公园悦府  公园之中 交通方便  优质三居,865万,76192元/平,低楼层 (共11层) | 2014年建 | 3室1厅 | 113.53平米 | 南 北,https://ke-image.ljcdn.com/110000-inspection/pc1_Su0zTPUQ2.jpg!m_fill,w_280,h_210,f_jpg?from=ke.com
20230507,昌平,回龙观,101118713390,商品房满五年唯一业主诚心出售。,489万,41986元/平,高楼层 (共6层) | 2000年建 | 3室2厅 | 116.47平米 | 南 北,https://ke-image.ljcdn.com/110000-inspection/f678bce0-14d0-499f-80df-1812167dff4e_1000.jpg!m_fill,w_280,h_210,f_jpg?from=ke.com
20230507,昌平,回龙观,101118711810,20年底精装修户型方正中间楼层南北通透大户型房主自荐,590万,57204元/平,中楼层 (共7层) | 2006年建 | 2室1厅 | 103.14平米 | 北 南,https://ke-image.ljcdn.com/110000-inspection/pc1_zqld1GDMm.jpg!m_fill,w_280,h_210,f_jpg?from=ke.com
20230507,昌平,回龙观,101118710476,新龙城 落地窗 南北通透 明厨明卫,630万,63026元/平,中楼层 (共15层) 2室1厅 | 99.96平米 | 南 北,https://ke-image.ljcdn.com/110000-inspection/pc1_BONmTcz96.jpg!m_fill,w_280,h_210,f_jpg?from=ke.com
20230507,昌平,回龙观,101118709884,新龙城  眼镜户型南北通透大三居,776万,60366元/平,中楼层 (共15层) 3室1厅 | 128.55平米 | 南 北,https://ke-image.ljcdn.com/110000-inspection/e59a4cb9-f699-487c-9e72-cee085282153_1000.jpg!m_fill,w_280,h_210,f_jpg?from=ke.com
20230507,昌平,回龙观,101118707671,商品房全明格局三居室近地铁近公园,489万,41899元/平,顶层 (共6层) 3室1厅 | 116.71平米 | 西南,https://ke-image.ljcdn.com/110000-inspection/pc1_GPzYQxKeX_1.jpg!m_fill,w_280,h_210,f_jpg?from=ke.com
20230507,昌平,回龙观,101118703460,融泽嘉园东一路8号院 户型方正无浪费面积满五年房主自荐,570万,64943元/平,中楼层 (共28层) 2室1厅 | 87.77平米 | 南,https://ke-image.ljcdn.com/110000-inspection/pc1_y8oRRF0XQ_1.jpg!m_fill,w_280,h_210,f_jpg?from=ke.com
20230507,昌平,回龙观,101118701630,龙腾苑六区 4室1厅 南 北,790万,48847元/平,低楼层 (共6层) | 2002年建 | 4室1厅 | 161.73平米 | 南 北,https://ke-image.ljcdn.com/110000-inspection/pc1_leNGj9zEU.jpg!m_fill,w_280,h_210,f_jpg?from=ke.com
20230507,昌平,回龙观,101118701112,龙跃苑二区  商品房 没有遮挡采光好,675万,49783元/平,中楼层 (共6层) 3室1厅 | 135.59平米 | 东 南 北,https://ke-image.ljcdn.com/110000-inspection/2f9b373a-fada-4b7a-bfce-e1e1330a42f2_1000.jpg!m_fill,w_280,h_210,f_jpg?from=ke.com
20230507,昌平,回龙观,101118700094,龙跃苑 二层南北通透商品房满五年唯一  诚心出售,520万,56314元/平,低楼层 (共6层) 2室1厅 | 92.34平米 | 南 北,https://ke-image.ljcdn.com/110000-inspection/bded7a82-ce52-4e61-b75f-881cf823c02b_1000.jpg!m_fill,w_280,h_210,f_jpg?from=ke.com
20230507,昌平,回龙观,101118699547,田园新上不临街业主给留钥匙了随时能看房房主自荐,535万,42661元/平,顶层 (共6层) | 2006年建 | 3室1厅 | 125.41平米 | 南 北,https://ke-image.ljcdn.com/110000-inspection/pc1_slav8ZuZI.jpg!m_fill,w_280,h_210,f_jpg?from=ke.com
20230507,昌平,回龙观,101118698543,龙腾苑六区南北通透三居双卫中间层中间位置商品房,658万,46604元/平,中楼层 (共6层) | 2002年建 | 3室2厅 | 141.19平米 | 南 北,https://ke-image.ljcdn.com/110000-inspection/pc1_sxj1FQUfr.jpg!m_fill,w_280,h_210,f_jpg?from=ke.com
20230507,昌平,回龙观,101118697293,新龙城小区中间位置M1户型  高楼层带电梯  满五年唯一,688万,71068元/平,高楼层 (共12层) | 2007年建 | 2室1厅 | 96.81平米 | 南 北,https://ke-image.ljcdn.com/110000-inspection/2db87d19-c221-4d59-a66a-f02447cddec0_1000.jpg!m_fill,w_280,h_210,f_jpg?from=ke.com
20230507,昌平,回龙观,101118690637,2层 商 满五唯一  精装  小区中间户型  看房有钥匙,545万,51160元/平,低楼层 (共6层) | 2005年建 | 2室1厅 | 106.53平米 | 南 北,https://ke-image.ljcdn.com/110000-inspection/d5d99d6f-3217-4737-9c81-0c097494ed3d_1000.jpg!m_fill,w_280,h_210,f_jpg?from=ke.com
20230507,昌平,回龙观,101118690356,南北通透 格局楼层好 视野开阔4米面宽 采光好,698万,54596元/平,底层 (共6层) | 2005年建 | 3室2厅 | 127.85平米 | 南 北,https://ke-image.ljcdn.com/110000-inspection/e86a4d4a-e65a-4ddb-989e-2a5579541fc4_1000.jpg!m_fill,w_280,h_210,f_jpg?from=ke.com
20230507,昌平,回龙观,101118685436,天慧园南北通透中间层两居室小区中间位置房主自荐,469万,56547元/平,中楼层 (共7层) | 2000年建 | 2室1厅 | 82.94平米 | 南 北,https://ke-image.ljcdn.com/110000-inspection/pc1_ZiiYukAl9_1.jpg!m_fill,w_280,h_210,f_jpg?from=ke.com
20230507,昌平,回龙观,101118684649,龙旗广场 中间层两居室 靠谱出售 随时签约,480万,60408元/平,中楼层 (共28层) | 2010年建 | 2室1厅 | 79.46平米 | 南,https://ke-image.ljcdn.com/110000-inspection/pc1_JNm9sQuLC.jpg!m_fill,w_280,h_210,f_jpg?from=ke.com
20230507,昌平,回龙观,101118683058,北京人家 2室1厅 南 北,419万,56630元/平,顶层 (共6层) | 2004年建 | 2室1厅 | 73.99平米 | 南 北,https://ke-image.ljcdn.com/110000-inspection/pc1_8v4bLUjNz.jpg!m_fill,w_280,h_210,f_jpg?from=ke.com
20230507,昌平,回龙观,101118680651,融泽嘉园中路1号院 2室1厅 南 北,570万,58630元/平,低楼层 (共25层) 2室1厅 | 97.22平米 | 南 北,https://ke-image.ljcdn.com/110000-inspection/bcb8c862-e4fa-4a2a-acb8-4ebbafa2ebd8_1000.jpg!m_fill,w_280,h_210,f_jpg?from=ke.com
20230507,昌平,回龙观,101118679223,龙锦苑四区精装三居精主自住看房方便,585万,49012元/平,中楼层 (共7层) | 2003年建 | 3室1厅 | 119.36平米 | 南 东 北,https://ke-image.ljcdn.com/110000-inspection/6c44f30e-5385-4c22-aa06-e6bb65bc64a6_1000.jpg!m_fill,w_280,h_210,f_jpg?from=ke.com
20230507,昌平,回龙观,101118679103,慧华苑通透一居精装入住靠谱签约,345万,62500元/平,低楼层 (共6层) | 1996年建 | 1室1厅 | 55.2平米 | 南 北,https://ke-image.ljcdn.com/110000-inspection/pc1_dhZjTRYus.jpg!m_fill,w_280,h_210,f_jpg?from=ke.com
20230507,昌平,回龙观,101118678446,京投发展公园悦府二区 3室2厅 南 北,1150万,84659元/平,低楼层 (共27层) 3室2厅 | 135.84平米 | 南 北,https://ke-image.ljcdn.com/110000-inspection/82678d1e-0657-4185-aefe-f6c64b0ff401_1000.jpg!m_fill,w_280,h_210,f_jpg?from=ke.com
20230507,昌平,回龙观,101118678330,流星花园三区 2室1厅 西南,540万,62392元/平,顶层 (共11层) | 2006年建 | 2室1厅 | 86.55平米 | 西南,https://ke-image.ljcdn.com/110000-inspection/pc1_R87ehDxx9.jpg!m_fill,w_280,h_210,f_jpg?from=ke.com
20230507,昌平,回龙观,101118677096,南北正规一居室商满五唯一靠谱签约,419万,63255元/平,中楼层 (共7层) | 2002年建 | 1室1厅 | 66.24平米 | 南 北,https://ke-image.ljcdn.com/110000-inspection/pc1_d5i3HGrBf_1.jpg!m_fill,w_280,h_210,f_jpg?from=ke.com
20230507,昌平,回龙观,101118676818,龙跃苑二区 3室1厅 南 北房主自荐,590万,42047元/平,中楼层 (共6层) 3室1厅 | 140.32平米 | 南 北,https://ke-image.ljcdn.com/110000-inspection/740c8ff2-8e17-46d8-be52-932e6c325cbe_1000.jpg!m_fill,w_280,h_210,f_jpg?from=ke.com
20230507,昌平,回龙观,101118676016,不临街不把边商满五唯一出售中间楼层无遮挡,580万,48298元/平,中楼层 (共6层) | 2003年建 | 3室1厅 | 120.09平米 | 南 北,https://ke-image.ljcdn.com/110000-inspection/pc1_IZ5YMC76U.jpg!m_fill,w_280,h_210,f_jpg?from=ke.com
20230507,昌平,回龙观,101118675971,田园风光雅苑满五年唯一三居户型方正,690万,55020元/平,底层 (共6层) | 2006年建 | 3室1厅 | 125.41平米 | 南 北,https://ke-image.ljcdn.com/110000-inspection/18613d3c-b779-4100-89d6-2834b270edf7_1000.jpg!m_fill,w_280,h_210,f_jpg?from=ke.com
20230507,昌平,回龙观,101118673795,龙泽苑西区 2室1厅 南 北,518万,64468元/平,高楼层 (共6层) | 1999年建 | 2室1厅 | 80.35平米 | 南 北,https://ke-image.ljcdn.com/110000-inspection/pc1_hAokzjIfF_1.jpg!m_fill,w_280,h_210,f_jpg?from=ke.com
20230507,昌平,回龙观,101118670179,2011年次新小区业主随时签约价格能谈,520万,58811元/平,中楼层 (共6层) | 2011年建 | 3室2厅 | 88.42平米 | 南 西 北,https://ke-image.ljcdn.com/110000-inspection/pc1_CBz5MjUN2.jpg!m_fill,w_280,h_210,f_jpg?from=ke.com
20230507,昌平,回龙观,101118665898,融泽嘉园中路1号院 3室2厅 南 北,679.7万,61674元/平,中楼层 (共34层) | 2014年建 | 3室2厅 | 110.21平米 | 南 北,https://ke-image.ljcdn.com/110000-inspection/98b1a5ed-cbe5-4acf-9c86-4cbddf80a77c_1000.jpg!m_fill,w_280,h_210,f_jpg?from=ke.com
20230507,昌平,回龙观,101118665805,商品房满五年唯一、小区中间、全明三居,585万,46169元/平,顶层 (共6层) | 2002年建 | 3室1厅 | 126.71平米 | 北 南,https://ke-image.ljcdn.com/110000-inspection/ee274892-7413-4cf6-8f15-9c242adad731_1000.jpg!m_fill,w_280,h_210,f_jpg?from=ke.com
20230507,昌平,回龙观,101118664003,北郊家属院2层满五年唯一精装修房主自荐,375万,58077元/平,中楼层 (共4层) | 1994年建 | 2室1厅 | 64.57平米 | 南 北,https://ke-image.ljcdn.com/110000-inspection/pc1_lEEIZ1Gap_1.jpg!m_fill,w_280,h_210,f_jpg?from=ke.com
20230507,昌平,回龙观,101118663141,商品房满五年唯一 中间层 精装修 采光充足房主自荐,412万,69654元/平,中楼层 (共6层) | 2004年建 | 1室1厅 | 59.15平米 | 南,https://ke-image.ljcdn.com/110000-inspection/pc1_TH63seEWP.jpg!m_fill,w_280,h_210,f_jpg?from=ke.com
20230507,昌平,回龙观,101118662672,京投发展公园悦府二区 3室2厅 南 北,949万,83049元/平,中楼层 (共27层) 3室2厅 | 114.27平米 | 南 北,https://ke-image.ljcdn.com/110000-inspection/6dc5e60b-b200-4c75-bc7b-c2b7d85a1367_1000.jpg!m_fill,w_280,h_210,f_jpg?from=ke.com
20230507,昌平,回龙观,101118661523,融泽嘉园中路2号院 户型方正 南北通透 中高楼层,699万,61257元/平,高楼层 (共32层) 3室1厅 | 114.11平米 | 南 北,https://ke-image.ljcdn.com/110000-inspection/8fbdc2ac-e169-409c-8ee4-deb1e7698ca5_1000.jpg!m_fill,w_280,h_210,f_jpg?from=ke.com
20230507,昌平,回龙观,101118658388,首开国风美唐三期 低 首付 40万精装 原 值435万房主自荐,678万,73258元/平,低楼层 (共21层) | 2016年建 | 2室1厅 | 92.55平米 | 南,https://ke-image.ljcdn.com/110000-inspection/cc559b6c-43be-46d6-90f9-09a5ec098392_1000.jpg!m_fill,w_280,h_210,f_jpg?from=ke.com
20230507,昌平,回龙观,101118657022,东西通透  采光好 视野开阔 高楼层 楼龄新,557万,69625元/平,高楼层 (共21层) | 2014年建 | 2室1厅 | 80平米 | 东 西 北,https://ke-image.ljcdn.com/110000-inspection/f50a9235-1c7f-4ae6-b6b4-7c6e5187fe53_1000.jpg!m_fill,w_280,h_210,f_jpg?from=ke.com
20230507,昌平,回龙观,101118655845,龙跃苑东二区 满五一  低楼层 南北通透 不临街不把边,625万,50254元/平,低楼层 (共6层) 3室2厅 | 124.37平米 | 南 北,https://ke-image.ljcdn.com/110000-inspection/05049770-e29a-4185-bf27-e0d7e1a694e9_1000.jpg!m_fill,w_280,h_210,f_jpg?from=ke.com
20230507,昌平,回龙观,101118655043,慧华苑中间层大3居双卧朝南只此楼栋有瓷砖铺装,609万,40511元/平,中楼层 (共6层) | 1996年建 | 3室2厅 | 150.33平米 | 南 西 北,https://ke-image.ljcdn.com/110000-inspection/pc1_7MNdoHneL_1.jpg!m_fill,w_280,h_210,f_jpg?from=ke.com
20230507,昌平,回龙观,101118654806,新龙城大一居电梯近地铁满五年唯一房主自荐,435万,61905元/平,中楼层 (共20层) 1室1厅 | 70.27平米 | 北,https://ke-image.ljcdn.com/110000-inspection/pc1_aDzoawHtb.jpg!m_fill,w_280,h_210,f_jpg?from=ke.com
20230507,昌平,回龙观,101118652192,北京人家  低楼层  南北双通透  两居室,520万,54986元/平,低楼层 (共6层) | 2004年建 | 2室2厅 | 94.57平米 | 南 北,https://ke-image.ljcdn.com/110000-inspection/a5d69e3c-a6f5-4405-aa13-ee620035f7c8_1000.jpg!m_fill,w_280,h_210,f_jpg?from=ke.com
20230507,昌平,回龙观,101118651980,流星花园三区 3室1厅 南 北,740万,51127元/平,低楼层 (共6层) | 2003年建 | 3室1厅 | 144.74平米 | 南 北,https://ke-image.ljcdn.com/110000-inspection/pc1_GAXpzCQsx_1.jpg!m_fill,w_280,h_210,f_jpg?from=ke.com
20230507,昌平,回龙观,101118651217,北京人家南北双通透户型诚心出售楼层好,522万,55215元/平,中楼层 (共6层) 2室1厅 | 94.54平米 | 南 北,https://ke-image.ljcdn.com/110000-inspection/pc1_QXlpyu63f_1.jpg!m_fill,w_280,h_210,f_jpg?from=ke.com
20230507,昌平,回龙观,101118648408,万润家园电梯大两居小区中间满五唯一诚意出售,520万,57791元/平,高楼层 (共12层) | 2003年建 | 2室1厅 | 89.98平米 | 南 西 北,https://ke-image.ljcdn.com/110000-inspection/pc1_oOjJhHQQ5.jpg!m_fill,w_280,h_210,f_jpg?from=ke.com
20230507,昌平,回龙观,101118643994,中间楼层满五唯一。精装修。采光好。诚心出售,430万,61011元/平,中楼层 (共6层) 2室1厅 | 70.48平米 | 南 北,https://ke-image.ljcdn.com/110000-inspection/pc1_V47kdm93E.jpg!m_fill,w_280,h_210,f_jpg?from=ke.com
20230507,昌平,回龙观,101118643563,新龙城三面采光双阳台全明电梯两居满五唯一付款快可谈,585万,67787元/平,中楼层 (共20层) 2室1厅 | 86.3平米 | 东 南 北,https://ke-image.ljcdn.com/110000-inspection/pc1_cpuSbXhgW.jpg!m_fill,w_280,h_210,f_jpg?from=ke.com
20230507,昌平,回龙观,101118638687,首开国风美唐二期 户型方正 精装修满五年唯一 诚心卖,745万,76584元/平,中楼层 (共18层) 3室1厅 | 97.28平米 | 南 西 北,https://ke-image.ljcdn.com/110000-inspection/2d390975-38da-4e3f-b771-f78bb564cfcb_1000.jpg!m_fill,w_280,h_210,f_jpg?from=ke.com
20230507,昌平,回龙观,101118637707,不临街  两卧室朝南三居室  大客厅,530万,44753元/平,高楼层 (共6层) 3室1厅 | 118.43平米 | 东 南 北,https://ke-image.ljcdn.com/110000-inspection/pc1_Jy4vbHSBf_1.jpg!m_fill,w_280,h_210,f_jpg?from=ke.com
20230507,昌平,回龙观,101118637574,小区中间位置中间楼层安静舒适商品房满五唯一,439万,48974元/平,高楼层 (共6层) | 2004年建 | 2室1厅 | 89.64平米 | 东 西,https://ke-image.ljcdn.com/110000-inspection/pc1_LqrJcfPf7.jpg!m_fill,w_280,h_210,f_jpg?from=ke.com
20230507,昌平,回龙观,101118635469,融泽嘉园中路1号院  南北通透  户型方正,599万,64312元/平,中楼层 (共28层) 2室1厅 | 93.14平米 | 北 南,https://ke-image.ljcdn.com/110000-inspection/ea390578-763d-48ce-82ad-94b528af798b_1000.jpg!m_fill,w_280,h_210,f_jpg?from=ke.com
20230507,昌平,回龙观,101118633371,融泽嘉园西二南北通透三居室  精装修业主自住,739万,70820元/平,中楼层 (共34层) | 2016年建 | 3室1厅 | 104.35平米 | 南 北,https://ke-image.ljcdn.com/110000-inspection/b6ab90b1-abc3-4f91-8484-3202719ce11e_1000.jpg!m_fill,w_280,h_210,f_jpg?from=ke.com
20230507,昌平,回龙观,101118629028,龙锦苑四区 1室1厅 南 北,415万,62604元/平,低楼层 (共7层) | 2003年建 | 1室1厅 | 66.29平米 | 南 北,https://ke-image.ljcdn.com/110000-inspection/pc1_m408vaD5x_1.jpg!m_fill,w_280,h_210,f_jpg?from=ke.com
20230507,昌平,回龙观,101118617899,龙华园 2室1厅 南 北,430万,63050元/平,底层 (共6层) | 1994年建 | 2室1厅 | 68.2平米 | 南 北,https://ke-image.ljcdn.com/110000-inspection/pc1_52X32wxEL.jpg!m_fill,w_280,h_210,f_jpg?from=ke.com
20230507,昌平,回龙观,101118617320,和谐家园二区 3室1厅 南 北,530万,42201元/平,顶层 (共6层) | 2006年建 | 3室1厅 | 125.59平米 | 南 北,https://ke-image.ljcdn.com/110000-inspection/d51b816f-437c-430a-9b55-91f183f21e81_1000.jpg!m_fill,w_280,h_210,f_jpg?from=ke.com
20230507,昌平,回龙观,101118615760,新龙城 2室1厅 南 北,610万,60921元/平,中楼层 (共15层) 2室1厅 | 100.13平米 | 南 北,https://ke-image.ljcdn.com/110000-inspection/pc1_NV5CTK4GE.jpg!m_fill,w_280,h_210,f_jpg?from=ke.com
20230507,昌平,回龙观,101118613605,龙泽苑西区+中美合资示范区+南北通透+采光好+格局方正,568万,53184元/平,中楼层 (共7层) | 2000年建 | 3室1厅 | 106.8平米 | 南 北,https://ke-image.ljcdn.com/110000-inspection/pc1_Bj2NipBHX.jpg!m_fill,w_280,h_210,f_jpg?from=ke.com
20230507,昌平,回龙观,101118611498,和谐家园一区、2居室、满五年唯一、低楼层,525万,56198元/平,低楼层 (共6层) | 2006年建 | 2室1厅 | 93.42平米 | 南 北,https://ke-image.ljcdn.com/110000-inspection/35b3c31e-7fd9-424b-ba0d-f3994a287416_1000.jpg!m_fill,w_280,h_210,f_jpg?from=ke.com
20230507,昌平,回龙观,101118611243,龙城花园北二区一层简装别墅区里的小户型,510万,80902元/平,底层 (共4层) | 2004年建 | 2室2厅 | 63.04平米 | 南 北,https://ke-image.ljcdn.com/110000-inspection/9ad491ba-9fb6-4e43-a96e-351d6c5113eb_1000.jpg!m_fill,w_280,h_210,f_jpg?from=ke.com
20230507,昌平,回龙观,101118610217,3层、自住、商品房、满五年、唯一、看房随时、急售,668万,47013元/平,中楼层 (共6层) 3室1厅 | 142.09平米 | 南 北,https://ke-image.ljcdn.com/110000-inspection/pc1_TrMWaY76S.jpg!m_fill,w_280,h_210,f_jpg?from=ke.com
20230507,昌平,回龙观,101118608599,美唐二期 小区中间 中间层全南两居 交易只有契税,680万,72403元/平,中楼层 (共20层) | 2015年建 | 2室1厅 | 93.92平米 | 南,https://ke-image.ljcdn.com/110000-inspection/bc7ca056-5323-4333-9286-9370c688adc2_1000.jpg!m_fill,w_280,h_210,f_jpg?from=ke.com
20230507,昌平,回龙观,101118608287,新龙城南北通透两居室业主精装修,612万,60421元/平,中楼层 (共20层) | 2007年建 | 2室1厅 | 101.29平米 | 南 北,https://ke-image.ljcdn.com/110000-inspection/pc1_KcVNDfexT.jpg!m_fill,w_280,h_210,f_jpg?from=ke.com
20230507,昌平,回龙观,101118604120,龙锦苑一区 商品房满五唯一  中间楼层,550万,46869元/平,中楼层 (共6层) | 2005年建 | 3室1厅 | 117.35平米 | 南 北,https://ke-image.ljcdn.com/110000-inspection/d62c0ed9-2805-4364-9b65-7d7cb8ef0267_1000.jpg!m_fill,w_280,h_210,f_jpg?from=ke.com
20230507,昌平,回龙观,101118600223,京投发展公园悦府二区 南北通透三居室 高楼层,935万,79151元/平,高楼层 (共27层) 3室2厅 | 118.13平米 | 南 北,https://ke-image.ljcdn.com/110000-inspection/4ff992b6-d210-44d9-a71d-40c365282e51_1000.jpg!m_fill,w_280,h_210,f_jpg?from=ke.com
20230507,昌平,回龙观,101118600217,北郊农场通透两居室满五年唯一业主靠谱出售,345万,53414元/平,顶层 (共4层) | 1983年建 | 2室1厅 | 64.59平米 | 南 北,https://ke-image.ljcdn.com/110000-inspection/pc1_7d0Gy2G1I_1.jpg!m_fill,w_280,h_210,f_jpg?from=ke.com
20230507,昌平,回龙观,101118598604,此房南北通透格局好楼层好视野宽阔采光充足,650万,51323元/平,中楼层 (共6层) | 2003年建 | 3室1厅 | 126.65平米 | 南 西 北,https://ke-image.ljcdn.com/110000-inspection/pc1_ufKIRlnCm.jpg!m_fill,w_280,h_210,f_jpg?from=ke.com
20230507,昌平,回龙观,101118597302,万科金域华府二期南北东两居全明格局只有契税,689万,81674元/平,低楼层 (共28层) | 2014年建 | 2室1厅 | 84.36平米 | 东 南 北,https://ke-image.ljcdn.com/110000-inspection/7a365b77-9471-4ce1-b195-8aaeb4b5d075_1000.jpg!m_fill,w_280,h_210,f_jpg?from=ke.com
20230507,昌平,回龙观,101118593331,领秀慧谷A区业主自住装修看房随时！,405万,64195元/平,低楼层 (共9层) | 2011年建 | 1室1厅 | 63.09平米 | 南,https://ke-image.ljcdn.com/110000-inspection/pc1_WMsDlEAdk.jpg!m_fill,w_280,h_210,f_jpg?from=ke.com
20230507,昌平,回龙观,101118593238,商品房满五年唯一小区中间位置近地铁,529万,42045元/平,顶层 (共5层) | 2006年建 | 3室2厅 | 125.82平米 | 南 北,https://ke-image.ljcdn.com/110000-inspection/ef9a4bd4-87bf-48a3-9d66-8d381575a944_1000.jpg!m_fill,w_280,h_210,f_jpg?from=ke.com
20230507,昌平,回龙观,101118591123,精装修两居室次顶层 视野开阔,638万,67265元/平,高楼层 (共25层) 2室1厅 | 94.85平米 | 南 北,https://ke-image.ljcdn.com/110000-inspection/10dff83c-9eb3-4c28-9810-8ab0d8b40d23_1000.jpg!m_fill,w_280,h_210,f_jpg?from=ke.com
20230507,昌平,回龙观,101118588677,融泽嘉园中路1号院 中间位置 正对小区花园 高层采光好房主自荐,545万,62222元/平,高楼层 (共28层) | 2014年建 | 2室1厅 | 87.59平米 | 南,https://ke-image.ljcdn.com/110000-inspection/052f8dd1-f9b0-479e-aef6-948e3fa81bd0_1000.jpg!m_fill,w_280,h_210,f_jpg?from=ke.com
20230507,昌平,回龙观,101118587970,和谐家园三居两卫看房方便小区中间只有契税,628万,50212元/平,中楼层 (共6层) | 2006年建 | 3室2厅 | 125.07平米 | 南 北,https://ke-image.ljcdn.com/110000-inspection/pc1_PI8VPxw4v.jpg!m_fill,w_280,h_210,f_jpg?from=ke.com
20230507,昌平,回龙观,101118583701,商品房满五唯一  双卧室朝南 大落地窗 高层采光视野棒,572万,70210元/平,高楼层 (共22层) 2室1厅 | 81.47平米 | 南,https://ke-image.ljcdn.com/110000-inspection/cddbd569-bb25-4c07-b9e2-65f356b2ab0f_1000.jpg!m_fill,w_280,h_210,f_jpg?from=ke.com
20230507,昌平,回龙观,101118580330,风雅园三区 2室1厅 南 北,485万,49821元/平,顶层 (共6层) 2室1厅 | 97.35平米 | 南 北,https://ke-image.ljcdn.com/110000-inspection/pc1_ooXMZh7HN.jpg!m_fill,w_280,h_210,f_jpg?from=ke.com
20230507,昌平,回龙观,101118578593,龙华园小区中间位置南北通透两居室商品房满五年唯一,450万,55680元/平,顶层 (共6层) | 1994年建 | 2室1厅 | 80.82平米 | 南 北,https://ke-image.ljcdn.com/110000-inspection/pc1_w59sPGU8O.jpg!m_fill,w_280,h_210,f_jpg?from=ke.com
20230507,昌平,回龙观,101118577093,满五唯一中间楼层南北双通透诚意出售,575万,58193元/平,中楼层 (共27层) | 2014年建 | 2室1厅 | 98.81平米 | 南 北,https://ke-image.ljcdn.com/110000-inspection/pc1_t8IJhjNww_1.jpg!m_fill,w_280,h_210,f_jpg?from=ke.com
20230507,昌平,回龙观,101118576984,农学院北路9号院三区 电梯南向一居 小区中间位置,406万,63988元/平,顶层 (共9层) | 2011年建 | 1室1厅 | 63.45平米 | 南,https://ke-image.ljcdn.com/110000-inspection/pc1_nHP4ixPJX.jpg!m_fill,w_280,h_210,f_jpg?from=ke.com
20230507,昌平,回龙观,101118575484,龙华园 2室1厅 东 西房主自荐,388万,47754元/平,顶层 (共6层) | 1998年建 | 2室1厅 | 81.25平米 | 东 西,https://ke-image.ljcdn.com/110000-inspection/pc1_lMNkaIGrc.jpg!m_fill,w_280,h_210,f_jpg?from=ke.com
20230507,昌平,回龙观,101118574885,满五唯一！自住装修！不临街不把边！看房方便！,630万,50550元/平,中楼层 (共6层) | 2006年建 | 3室1厅 | 124.63平米 | 南 北,https://ke-image.ljcdn.com/110000-inspection/pc1_0KlTJH2mi.jpg!m_fill,w_280,h_210,f_jpg?from=ke.com
20230507,昌平,回龙观,101118573809,新龙城  小区中间  一层双卧朝南三居室 精装自住,745万,65168元/平,底层 (共6层) 3室1厅 | 114.32平米 | 南 北,https://ke-image.ljcdn.com/110000-inspection/pc1_7xCowgRXS_1.jpg!m_fill,w_280,h_210,f_jpg?from=ke.com
20230507,昌平,回龙观,101118572255,满五年唯一 全朝南 采光好视野佳,539万,66404元/平,高楼层 (共31层) 2室1厅 | 81.17平米 | 南,https://ke-image.ljcdn.com/110000-inspection/pc1_nlXp91pnR.jpg!m_fill,w_280,h_210,f_jpg?from=ke.com
20230507,昌平,回龙观,101118571818,北京人家-电梯房-三居两卫-高楼层-无遮挡-视野开阔,768万,56392元/平,高楼层 (共9层) | 2005年建 | 3室2厅 | 136.19平米 | 南 北,https://ke-image.ljcdn.com/110000-inspection/pc1_d5fLAqaJR.jpg!m_fill,w_280,h_210,f_jpg?from=ke.com
20230507,昌平,回龙观,101118571803,：和谐家园南北通透格局好三居！满五唯一！,499万,39758元/平,顶层 (共6层) | 2006年建 | 3室2厅 | 125.51平米 | 南 北,https://ke-image.ljcdn.com/110000-inspection/5975232b-784d-4288-936f-8784f3830093_1000.jpg!m_fill,w_280,h_210,f_jpg?from=ke.com
20230507,昌平,回龙观,101118571745,商品房  中间楼位置好 近地铁近  中间层,639万,68577元/平,中楼层 (共27层) | 2014年建 | 2室1厅 | 93.18平米 | 南 北,https://ke-image.ljcdn.com/110000-inspection/pc1_SurXkKlbi.jpg!m_fill,w_280,h_210,f_jpg?from=ke.com
20230507,昌平,回龙观,101118571719,京投发展公园悦府二区 19年底入住 高楼层视野好 满2年房主自荐,748万,85997元/平,中楼层 (共27层) 2室2厅 | 86.98平米 | 西南,https://ke-image.ljcdn.com/110000-inspection/48c8147b-1e10-44d8-9120-d961746b8808_1000.jpg!m_fill,w_280,h_210,f_jpg?from=ke.com
20230507,昌平,回龙观,101118571667,领秀慧谷A区 小区中间位置 中间楼层商品房一居,419万,66037元/平,低楼层 (共9层) | 2011年建 | 1室1厅 | 63.45平米 | 南,https://ke-image.ljcdn.com/110000-inspection/pc1_QdrSrU9lI_1.jpg!m_fill,w_280,h_210,f_jpg?from=ke.com
20230507,昌平,回龙观,101118571430,田园风光大三居满五年唯一楼层好,659万,52712元/平,低楼层 (共6层) | 2006年建 | 3室2厅 | 125.02平米 | 南 北,https://ke-image.ljcdn.com/110000-inspection/pc1_1XepIT3bM.jpg!m_fill,w_280,h_210,f_jpg?from=ke.com
20230507,昌平,回龙观,101118570923,公园悦府 经典3居 精装修 好楼层 好位置 靠谱卖,850万,74871元/平,中楼层 (共11层) | 2014年建 | 3室2厅 | 113.53平米 | 南 北,https://ke-image.ljcdn.com/110000-inspection/803f8742-cba3-49c4-95bf-5bb9db4b2fa1_1000.jpg!m_fill,w_280,h_210,f_jpg?from=ke.com
20230507,昌平,回龙观,101118570557,新龙城 小区中间 电梯两居 精装自住 网签374万,528万,59919元/平,中楼层 (共7层) 2室1厅 | 88.12平米 | 东 西 南,https://ke-image.ljcdn.com/110000-inspection/98fa8e10-3a82-4794-b5ee-c22784d6a367_1000.jpg!m_fill,w_280,h_210,f_jpg?from=ke.com
20230507,昌平,回龙观,101118569859,京投发展公园悦府一区 2室1厅 东南,605万,66113元/平,中楼层 (共11层) | 2016年建 | 2室1厅 | 91.51平米 | 东南,https://ke-image.ljcdn.com/110000-inspection/fc417acc-5da6-4c38-a445-257f7b795474_1000.jpg!m_fill,w_280,h_210,f_jpg?from=ke.com
20230507,昌平,回龙观,101118567880,金达园小区出行方便刚刚改造完成,585万,47504元/平,中楼层 (共6层) | 1998年建 | 3室2厅 | 123.15平米 | 南 北,https://ke-image.ljcdn.com/110000-inspection/0a66c0e3-f039-4355-8a21-89c7e68370d8_1000.jpg!m_fill,w_280,h_210,f_jpg?from=ke.com
20230507,昌平,回龙观,101118567798,8层 视野开阔 采光明亮 前后不临街 满五唯一 业主自住,618万,56203元/平,中楼层 (共11层) | 2006年建 | 3室1厅 | 109.96平米 | 南 北,https://ke-image.ljcdn.com/110000-inspection/pc1_IODaLJYT9.jpg!m_fill,w_280,h_210,f_jpg?from=ke.com
20230507,昌平,回龙观,101118565152,龙华园 商品房满五年唯一 小区中间位置,435万,56465元/平,高楼层 (共6层) | 1996年建 | 2室1厅 | 77.04平米 | 南 北,https://ke-image.ljcdn.com/110000-inspection/pc1_1YTRIhPCp.jpg!m_fill,w_280,h_210,f_jpg?from=ke.com
20230507,昌平,回龙观,101118563004,北郊农场家属院 全南向 精装修 满五年唯一 采光充沛,385万,63115元/平,高楼层 (共6层) | 1997年建 | 2室1厅 | 61平米 | 南,https://ke-image.ljcdn.com/110000-inspection/pc1_3gb6Xisol_1.jpg!m_fill,w_280,h_210,f_jpg?from=ke.com
20230507,昌平,回龙观,101118562235,满五年唯一 南北通透 楼层好全明户型  采光充足,698万,76193元/平,中楼层 (共11层) 2室1厅 | 91.61平米 | 南 北,https://ke-image.ljcdn.com/110000-inspection/945a169d-fc13-48e1-aabc-5d1f160da21b_1000.jpg!m_fill,w_280,h_210,f_jpg?from=ke.com
20230507,昌平,回龙观,101118561680,流星花园三区 商五唯一 东南向开间 采光好,350万,75906元/平,低楼层 (共11层) | 2006年建 | 1室0厅 | 46.11平米 | 东南,https://ke-image.ljcdn.com/110000-inspection/64e8256f-0bc7-43d0-93b0-1d6cd655c578_1000.jpg!m_fill,w_280,h_210,f_jpg?from=ke.com
20230507,昌平,回龙观,101118561645,龙腾苑五区 3室2厅 南 北,615万,55172元/平,中楼层 (共7层) 3室2厅 | 111.47平米 | 南 北,https://ke-image.ljcdn.com/110000-inspection/pc1_VX4EeFjWH.jpg!m_fill,w_280,h_210,f_jpg?from=ke.com
20230507,昌平,回龙观,101118559617,此房商品房满五年唯一高楼层视野采光很好,573万,31334元/平,顶层 (共6层) | 1996年建 | 4室2厅 | 182.87平米 | 南 北,https://ke-image.ljcdn.com/110000-inspection/pc1_RbPtAzeud_1.jpg!m_fill,w_280,h_210,f_jpg?from=ke.com
20230507,昌平,回龙观,101118553324,商品房、满五年、唯一、小区中间、户型少见、看房随时,528万,44129元/平,顶层 (共6层) | 2005年建 | 3室1厅 | 119.65平米 | 南 北,https://ke-image.ljcdn.com/110000-inspection/6db9a4bc-0169-47f1-862f-e8d504b538c3_1000.jpg!m_fill,w_280,h_210,f_jpg?from=ke.com
20230507,昌平,回龙观,101118552565,万科物业  精装自住 满五唯一  配套齐全房主自荐,498万,77692元/平,高楼层 (共28层) | 2012年建 | 1室1厅 | 64.1平米 | 南,https://ke-image.ljcdn.com/110000-inspection/pc1_9xpITsjCS.jpg!m_fill,w_280,h_210,f_jpg?from=ke.com
20230507,昌平,回龙观,101118550544,龙旗广场 西南户型 满五年商品房 精装修,505万,63371元/平,中楼层 (共28层) | 2010年建 | 2室1厅 | 79.69平米 | 西南,https://ke-image.ljcdn.com/110000-inspection/6587b864-12eb-44c2-8300-dcc445b03cf2_1000.jpg!m_fill,w_280,h_210,f_jpg?from=ke.com
20230507,昌平,回龙观,101118548632,龙跃苑四区 3室1厅 北 南,610万,41175元/平,高楼层 (共6层) | 2005年建 | 3室1厅 | 148.15平米 | 北 南,https://ke-image.ljcdn.com/110000-inspection/d9c92640-a0d3-488c-85ee-dbd8cf74b1f7_1000.jpg!m_fill,w_280,h_210,f_jpg?from=ke.com
20230507,昌平,回龙观,101118546166,流星花园三区电梯两居看房方便,586万,56905元/平,顶层 (共11层) | 2006年建 | 2室1厅 | 102.98平米 | 南 北,https://ke-image.ljcdn.com/110000-inspection/pc1_VPSUrXMI0_2.jpg!m_fill,w_280,h_210,f_jpg?from=ke.com
20230507,昌平,回龙观,101118545907,商品房满五唯一业主诚心出售。随时签约房主自荐,376万,57283元/平,中楼层 (共4层) 2室1厅 | 65.64平米 | 南 北,https://ke-image.ljcdn.com/110000-inspection/3e09be3a-706e-457c-8afd-95be969e9dcb_1000.jpg!m_fill,w_280,h_210,f_jpg?from=ke.com
20230507,昌平,回龙观,101118545829,龙兴园北区 3室1厅 南 北,495万,50290元/平,中楼层 (共6层) | 2000年建 | 3室1厅 | 98.43平米 | 南 北,https://ke-image.ljcdn.com/110000-inspection/0fdec362-b892-4891-ab56-4905d08c3a2b_1000.jpg!m_fill,w_280,h_210,f_jpg?from=ke.com
20230507,昌平,回龙观,101118543012,北京市昌平区回龙观镇龙博苑二区,540万,61764元/平,中楼层 (共7层) | 2004年建 | 3室1厅 | 87.43平米 | 南 北,https://ke-image.ljcdn.com/110000-inspection/pc1_tQPcqnds5.jpg!m_fill,w_280,h_210,f_jpg?from=ke.com
20230507,昌平,回龙观,101118541006,龙域中路6号院中间层西边户明卫商品房满五唯一精装修,585万,59319元/平,中楼层 (共25层) | 2013年建 | 2室2厅 | 98.62平米 | 南 北,https://ke-image.ljcdn.com/110000-inspection/8e11f3f5-531c-4a34-95c7-9db1c17ddc9b_1000.jpg!m_fill,w_280,h_210,f_jpg?from=ke.com
20230507,昌平,回龙观,101118538039,诚心出售南北通透的三居室户型方正落地窗,562万,45210元/平,顶层 (共6层) | 2006年建 | 3室1厅 | 124.31平米 | 南 北,https://ke-image.ljcdn.com/110000-inspection/472a2721-1288-4de8-8938-c6a97269834d_1000.jpg!m_fill,w_280,h_210,f_jpg?from=ke.com
20230507,昌平,回龙观,101118537572,2层   商 满五唯一  精装  靠谱签约  采光无遮挡,496万,54868元/平,低楼层 (共6层) 2室1厅 | 90.4平米 | 南 北,https://ke-image.ljcdn.com/110000-inspection/147342d4-d678-49df-92bf-81f1283c4537_1000.jpg!m_fill,w_280,h_210,f_jpg?from=ke.com
20230507,昌平,回龙观,101118535462,金达园小区南北通透两居室精装修房主自荐,455万,51605元/平,高楼层 (共6层) | 1997年建 | 2室1厅 | 88.17平米 | 南 北,https://ke-image.ljcdn.com/110000-inspection/7dd8bba2-7d7b-44d0-800c-f3dd09d0f5c4_1000.jpg!m_fill,w_280,h_210,f_jpg?from=ke.com
20230507,昌平,回龙观,101118532229,西二旗 金域华府 商品房精装修 高楼层,660万,77103元/平,高楼层 (共27层) | 2012年建 | 2室1厅 | 85.6平米 | 南,https://ke-image.ljcdn.com/110000-inspection/aed55c04-0c46-4168-9474-e598441740ab_1000.jpg!m_fill,w_280,h_210,f_jpg?from=ke.com
20230507,昌平,回龙观,101118524145,新龙城 3室2厅 南 北,820万,63297元/平,中楼层 (共7层) | 2007年建 | 3室2厅 | 129.55平米 | 南 北,https://ke-image.ljcdn.com/110000-inspection/pc1_K5eDLBCv3.jpg!m_fill,w_280,h_210,f_jpg?from=ke.com
20230507,昌平,回龙观,101118521653,矩阵二期主卧客厅朝南温馨大两居,505万,63925元/平,低楼层 (共6层) 2室1厅 | 79平米 | 北 南,https://ke-image.ljcdn.com/110000-inspection/99ed1821-8712-4315-a75a-2a3c2035f244_1000.jpg!m_fill,w_280,h_210,f_jpg?from=ke.com
20230507,昌平,回龙观,101118519609,满五年唯一南北通透楼层好视野开阔采光充足拎包入住,525万,63606元/平,低楼层 (共6层) 2室1厅 | 82.54平米 | 南 北,https://ke-image.ljcdn.com/110000-inspection/09be0c97-06ed-494c-95bd-80ede0817be0_1000.jpg!m_fill,w_280,h_210,f_jpg?from=ke.com
20230507,昌平,回龙观,101118518623,龙锦苑四区南北通透双卫低楼层三居业主诚售,595万,49427元/平,底层 (共6层) | 2004年建 | 3室1厅 | 120.38平米 | 南 北,https://ke-image.ljcdn.com/110000-inspection/c4870e69-d9a4-4cdb-8f4a-ffe4f0c56a39_1000.jpg!m_fill,w_280,h_210,f_jpg?from=ke.com
20230507,昌平,回龙观,101118517057,南北通透格局户型方正满五年唯一视野开阔房主自荐,695万,67248元/平,低楼层 (共31层) 3室1厅 | 103.35平米 | 南 北,https://ke-image.ljcdn.com/110000-inspection/pc1_RuqMLKWrT.jpg!m_fill,w_280,h_210,f_jpg?from=ke.com
20230507,昌平,回龙观,101118515598,公园悦府 次新房 把边2居2卫  满五唯一 南北视野好,619万,65943元/平,中楼层 (共22层) | 2015年建 | 2室2厅 | 93.87平米 | 北 南,https://ke-image.ljcdn.com/110000-inspection/pc1_Y9kO6n6tw_1.jpg!m_fill,w_280,h_210,f_jpg?from=ke.com
20230507,昌平,回龙观,101118515453,京投发展公园悦府二区  南北双通透大三居 精装修,939万,79570元/平,中楼层 (共27层) 3室2厅 | 118.01平米 | 南 北,https://ke-image.ljcdn.com/110000-inspection/2d5e29af-9dfc-45f2-b9ad-c4861f93635b_1000.jpg!m_fill,w_280,h_210,f_jpg?from=ke.com
20230507,昌平,回龙观,101118515189,融泽嘉园中路1号院 1室1厅 南房主自荐,436万,69605元/平,中楼层 (共34层) 1室1厅 | 62.64平米 | 南,https://ke-image.ljcdn.com/110000-inspection/pc1_N5QkgDkvd.jpg!m_fill,w_280,h_210,f_jpg?from=ke.com
20230507,昌平,回龙观,101118511568,满五唯一精装自住南向阳台落地窗视野开阔一眼千里房主自荐,569万,65395元/平,高楼层 (共31层) 2室1厅 | 87.01平米 | 南,https://ke-image.ljcdn.com/110000-inspection/9dca3c39-ae44-4615-9f92-9847dc11e012_1000.jpg!m_fill,w_280,h_210,f_jpg?from=ke.com
20230507,昌平,回龙观,101118511454,龙跃苑一区   地暖社区   双阳台  带独立餐厅,650万,45017元/平,中楼层 (共6层) 3室2厅 | 144.39平米 | 南 北,https://ke-image.ljcdn.com/110000-inspection/ef1c6811-e43f-4e83-9a4f-a15cde918788_1000.jpg!m_fill,w_280,h_210,f_jpg?from=ke.com
20230507,昌平,回龙观,101118511291,商满五唯一电梯板楼一居室、中间层！,419万,66006元/平,中楼层 (共11层) | 2011年建 | 1室1厅 | 63.48平米 | 南,https://ke-image.ljcdn.com/110000-inspection/8f739be7-3525-4cbd-b68f-76894b6c5b74_1000.jpg!m_fill,w_280,h_210,f_jpg?from=ke.com
20230507,昌平,回龙观,101118508967,商品房两居+满五唯一+中间楼层+不临街+近地铁,538万,60436元/平,中楼层 (共7层) | 2000年建 | 2室1厅 | 89.02平米 | 南 北,https://ke-image.ljcdn.com/110000-inspection/pc1_rNB4YvNEl.jpg!m_fill,w_280,h_210,f_jpg?from=ke.com
20230507,昌平,回龙观,101118501585,满五唯一中间楼层采光和视野很好,468万,71288元/平,中楼层 (共34层) | 2016年建 | 1室1厅 | 65.65平米 | 南,https://ke-image.ljcdn.com/110000-inspection/pc1_vsBTMcann.jpg!m_fill,w_280,h_210,f_jpg?from=ke.com
20230507,昌平,回龙观,101118500231,融泽嘉园西二路2号院 2室1厅 南 北房主自荐,560万,63775元/平,中楼层 (共34层) | 2016年建 | 2室1厅 | 87.81平米 | 南 北,https://ke-image.ljcdn.com/110000-inspection/a307a9b5-b600-4d7d-80f4-3831a61ea2e3_1000.jpg!m_fill,w_280,h_210,f_jpg?from=ke.com
20230507,昌平,回龙观,101118499805,一层两居室   小区中间位置   业主诚售,495万,52509元/平,底层 (共6层) 2室1厅 | 94.27平米 | 南 北,https://ke-image.ljcdn.com/110000-inspection/7a99772c-6fa7-433a-892b-cce5a9aa0ab9_1000.jpg!m_fill,w_280,h_210,f_jpg?from=ke.com
20230507,昌平,回龙观,101118498705,龙锦苑四区精装三居只有契税看房方便,565万,49182元/平,低楼层 (共6层) | 2003年建 | 3室1厅 | 114.88平米 | 南 北,https://ke-image.ljcdn.com/110000-inspection/f4587e86-1b2d-4e1c-964d-a524ca643baf_1000.jpg!m_fill,w_280,h_210,f_jpg?from=ke.com
20230507,昌平,回龙观,101118492348,美唐花园 经典南北通透 方正户型 电梯房 小区中间,770万,78556元/平,低楼层 (共18层) 3室1厅 | 98.02平米 | 南 北,https://ke-image.ljcdn.com/110000-inspection/pc1_1sr1QhubE.jpg!m_fill,w_280,h_210,f_jpg?from=ke.com
20230507,昌平,回龙观,101118489974,龙腾苑六区南北通透2居中间层采光好满五年唯一房主自荐,509万,50471元/平,高楼层 (共6层) | 2002年建 | 2室1厅 | 100.85平米 | 南 北,https://ke-image.ljcdn.com/110000-inspection/pc1_MG0hMDMZI.jpg!m_fill,w_280,h_210,f_jpg?from=ke.com
20230507,昌平,回龙观,101118488316,北京人家正规三居室业主诚心出售,615万,48659元/平,中楼层 (共6层) | 2002年建 | 3室2厅 | 126.39平米 | 南 北,https://ke-image.ljcdn.com/110000-inspection/c6edd643-689e-4151-a393-cf7a2a0e0425_1000.jpg!m_fill,w_280,h_210,f_jpg?from=ke.com
20230507,昌平,回龙观,101118484770,万科 南北通透 满五唯一 方正两居 自住精装 看房随时,580万,65574元/平,中楼层 (共28层) 2室1厅 | 88.45平米 | 南 北,https://ke-image.ljcdn.com/110000-inspection/91e7db5e-7235-4946-9b55-41922aeaac66_1000.jpg!m_fill,w_280,h_210,f_jpg?from=ke.com
20230507,昌平,回龙观,101118484360,流星花园三区 南北通透  两居两卫 电梯两居室 有钥匙,588万,57361元/平,中楼层 (共11层) | 2006年建 | 2室1厅 | 102.51平米 | 南 北,https://ke-image.ljcdn.com/110000-inspection/5d0233d5-fe2d-4578-a48f-5d17c5a5a03b_1000.jpg!m_fill,w_280,h_210,f_jpg?from=ke.com
20230507,昌平,回龙观,101118481540,龙泽苑A区+中美合资示范区+南北+精装修+首套首付230万房主自荐,516万,63594元/平,中楼层 (共6层) | 1999年建 | 2室2厅 | 81.14平米 | 南 北,https://ke-image.ljcdn.com/110000-inspection/pc1_9rGMIrvjd.jpg!m_fill,w_280,h_210,f_jpg?from=ke.com
20230507,昌平,回龙观,101118481474,自住精装修三居室 商品房满两年 中间楼层,720万,63476元/平,低楼层 (共34层) | 2014年建 | 3室1厅 | 113.43平米 | 南 北,https://ke-image.ljcdn.com/110000-inspection/82a659e4-dd19-4d92-ad3b-a0be1c386bc3_1000.jpg!m_fill,w_280,h_210,f_jpg?from=ke.com
20230507,昌平,回龙观,101118481252,首开国风美唐二期 商品房 中间层 地铁近 户型方正,649万,72345元/平,中楼层 (共19层) 2室1厅 | 89.71平米 | 南,https://ke-image.ljcdn.com/110000-inspection/pc1_wuJg9k9qS.jpg!m_fill,w_280,h_210,f_jpg?from=ke.com
20230507,昌平,回龙观,101118480481,商品房满五年唯一  小区中间位置  南北通透,459万,57282元/平,低楼层 (共6层) | 2004年建 | 2室1厅 | 80.13平米 | 南 北,https://ke-image.ljcdn.com/110000-inspection/pc1_LTtHg88GH.jpg!m_fill,w_280,h_210,f_jpg?from=ke.com
20230507,昌平,回龙观,101118479883,新龙城 商品房满五年唯一电梯高楼层 东南向精装修,588万,64937元/平,中楼层 (共20层) | 2007年建 | 2室1厅 | 90.55平米 | 东南,https://ke-image.ljcdn.com/110000-inspection/pc1_BaCIVfLej_1.jpg!m_fill,w_280,h_210,f_jpg?from=ke.com
20230507,昌平,回龙观,101118478430,南北通透  采光很好  没有遮挡  满五唯一,508万,64321元/平,底层 (共7层) | 2007年建 | 2室1厅 | 78.98平米 | 南 北,https://ke-image.ljcdn.com/110000-inspection/pc1_p7N44TIKF.jpg!m_fill,w_280,h_210,f_jpg?from=ke.com
20230507,昌平,回龙观,101118476468,满五年唯一 万科精装拎包入住 居住过一年 明厨明卫房主自荐,979万,83683元/平,低楼层 (共28层) | 2014年建 | 3室2厅 | 116.99平米 | 南 北,https://ke-image.ljcdn.com/110000-inspection/6b684928-ec72-4795-98b4-d35581975bd9_1000.jpg!m_fill,w_280,h_210,f_jpg?from=ke.com
20230507,昌平,回龙观,101118475414,金域华府二期满五唯一商品房业主诚意出售房主自荐,649万,81564元/平,低楼层 (共28层) | 2014年建 | 2室1厅 | 79.57平米 | 南,https://ke-image.ljcdn.com/110000-inspection/98b29b5b-6155-49ba-a05d-20d6a3810608_1000.jpg!m_fill,w_280,h_210,f_jpg?from=ke.com
20230507,昌平,回龙观,101118474082,龙华园 2室1厅 东南,430万,60898元/平,顶层 (共6层) 2室1厅 | 70.61平米 | 东南,https://ke-image.ljcdn.com/110000-inspection/pc1_Wl7ILe0I4_1.jpg!m_fill,w_280,h_210,f_jpg?from=ke.com
20230507,昌平,回龙观,101118473361,领秀慧谷B区电梯一居室婚房装修诚心出售。房主自荐,420万,66184元/平,中楼层 (共9层) | 2011年建 | 1室1厅 | 63.46平米 | 南,https://ke-image.ljcdn.com/110000-inspection/pc1_q88pPKwMA.jpg!m_fill,w_280,h_210,f_jpg?from=ke.com
20230507,昌平,回龙观,101118473219,京投发展公园悦府一区 南北通透 靠近5.5万平米公园,630万,67670元/平,中楼层 (共25层) 2室2厅 | 93.1平米 | 南 北,https://ke-image.ljcdn.com/110000-inspection/pc1_hgRvFfKfu.jpg!m_fill,w_280,h_210,f_jpg?from=ke.com
20230507,昌平,回龙观,101118471286,龙华园优质大三居户型好二层位置好靠谱出售,496万,45046元/平,低楼层 (共7层) | 1996年建 | 3室1厅 | 110.11平米 | 南 北,https://ke-image.ljcdn.com/110000-inspection/pc1_HQNiFIkQs.jpg!m_fill,w_280,h_210,f_jpg?from=ke.com
20230507,昌平,回龙观,101118470283,龙兴园北区+中间楼层+满五年唯一+经典两居,436万,51048元/平,中楼层 (共6层) 2室2厅 | 85.41平米 | 南 北,https://ke-image.ljcdn.com/110000-inspection/4aa51fdb-5e9d-4bcf-9b0b-2c8bc290b6ba_1000.jpg!m_fill,w_280,h_210,f_jpg?from=ke.com
20230507,昌平,回龙观,101118469954,回龙观 新龙城 南北通透3居室 高楼层 落地窗 采光好房主自荐,655万,56917元/平,顶层 (共20层) 3室1厅 | 115.08平米 | 南 北,https://ke-image.ljcdn.com/110000-inspection/pc1_3iNguTPIk.jpg!m_fill,w_280,h_210,f_jpg?from=ke.com
20230507,昌平,回龙观,101118464467,满五年唯一无遮挡电梯洋房顶层全天采光,485万,67559元/平,顶层 (共6层) | 2004年建 | 1室1厅 | 71.79平米 | 南,https://ke-image.ljcdn.com/110000-inspection/pc1_emwTMzMup_1.jpg!m_fill,w_280,h_210,f_jpg?from=ke.com
20230507,昌平,回龙观,101118463911,龙泽苑西区 13号线龙泽 商品房满5年唯一 中间楼层,512万,56858元/平,低楼层 (共7层) 2室1厅 | 90.05平米 | 南 北,https://ke-image.ljcdn.com/110000-inspection/pc1_BmOSHdecy.jpg!m_fill,w_280,h_210,f_jpg?from=ke.com
20230507,昌平,回龙观,101118461648,商品房满五唯一 把东边 边户3居 不临街安静 采光特好房主自荐,688万,74427元/平,中楼层 (共11层) | 2014年建 | 3室2厅 | 92.44平米 | 东 南 北,https://ke-image.ljcdn.com/110000-inspection/7053a773-4ee0-4a2f-b50e-c6a25d25c59a_1000.jpg!m_fill,w_280,h_210,f_jpg?from=ke.com
20230507,昌平,回龙观,101118460991,龙跃苑一区  商品满五唯一  不临街视野开阔房主自荐,509万,45121元/平,顶层 (共6层) | 2003年建 | 3室1厅 | 112.81平米 | 南 北,https://ke-image.ljcdn.com/110000-inspection/acaca365-e08a-4776-96ec-34d93e40c7d4_1000.jpg!m_fill,w_280,h_210,f_jpg?from=ke.com
20230507,昌平,回龙观,101118459630,新上：次顶层+满五唯一+临双地铁+落地双阳台宽景大窗,476万,50872元/平,顶层 (共6层) | 2006年建 | 2室1厅 | 93.57平米 | 南 北,https://ke-image.ljcdn.com/110000-inspection/ec255cde-2a08-411a-a421-0f861e1c9ea9_1000.jpg!m_fill,w_280,h_210,f_jpg?from=ke.com
20230507,昌平,回龙观,101118455650,此房满五年唯一全朝南楼层高视野好随时看房。,580万,65947元/平,中楼层 (共22层) | 2016年建 | 2室1厅 | 87.95平米 | 南,https://ke-image.ljcdn.com/110000-inspection/pc1_3d6pilL5r.jpg!m_fill,w_280,h_210,f_jpg?from=ke.com
20230507,昌平,回龙观,101118454995,龙博苑一区 南北通透两居 满五唯一 精装修。,460万,58726元/平,底层 (共6层) | 2005年建 | 2室1厅 | 78.33平米 | 南 北,https://ke-image.ljcdn.com/110000-inspection/pc1_l3XPgvvUF.jpg!m_fill,w_280,h_210,f_jpg?from=ke.com
20230507,昌平,回龙观,101118453068,流星花园三区 南北通透 户型好 业主诚意出售,740万,52696元/平,低楼层 (共6层) | 2005年建 | 3室2厅 | 140.43平米 | 南 北,https://ke-image.ljcdn.com/110000-inspection/pc1_5fXn4iYIc_1.jpg!m_fill,w_280,h_210,f_jpg?from=ke.com
20230507,昌平,回龙观,101118448300,商满五唯一首套可贷284万小区中间价格可谈,563万,40759元/平,顶层 (共6层) 3室1厅 | 138.13平米 | 南 北,https://ke-image.ljcdn.com/110000-inspection/41b68686-9690-4fd3-8bb3-14efe6d356a5_1000.jpg!m_fill,w_280,h_210,f_jpg?from=ke.com
20230507,昌平,回龙观,101118447355,融泽嘉园中路12号院 户型方正无浪费面积视野开阔房主自荐,555万,63786元/平,高楼层 (共31层) | 2014年建 | 2室1厅 | 87.01平米 | 南,https://ke-image.ljcdn.com/110000-inspection/c684ba7f-3b94-4a74-bc05-81f59d395f6c_1000.jpg!m_fill,w_280,h_210,f_jpg?from=ke.com
20230507,昌平,回龙观,101118447307,首开国风美唐二期 东西向两居室 采光视野好 高楼层,549万,67165元/平,高楼层 (共21层) 2室1厅 | 81.74平米 | 东 西,https://ke-image.ljcdn.com/110000-inspection/52691007-65ae-4ff2-a8fb-c7eb517f4064_1000.jpg!m_fill,w_280,h_210,f_jpg?from=ke.com
20230507,昌平,回龙观,101118443679,底层三居采光好前有空地视野开阔诚意出售房主自荐,578.5万,48169元/平,底层 (共7层) 3室2厅 | 120.1平米 | 南 北,https://ke-image.ljcdn.com/110000-inspection/380ca8a0-37ad-4b89-a974-6b434d0cd8ed_1000.jpg!m_fill,w_280,h_210,f_jpg?from=ke.com
20230507,昌平,回龙观,101118442581,龙回苑小区商品房满五唯一首套购买契税1.5%。,439万,46927元/平,高楼层 (共6层) | 2004年建 | 2室1厅 | 93.55平米 | 西 东,https://ke-image.ljcdn.com/110000-inspection/pc1_neCn4KVfn.jpg!m_fill,w_280,h_210,f_jpg?from=ke.com
20230507,昌平,回龙观,101118439020,领秀慧谷D2区电梯房高楼层此新房,720万,70347元/平,高楼层 (共13层) 3室2厅 | 102.35平米 | 南 北,https://ke-image.ljcdn.com/110000-inspection/pc1_8KhBNB5Jw_1.jpg!m_fill,w_280,h_210,f_jpg?from=ke.com
20230507,昌平,回龙观,101118438019,慧华苑小区南北通透一居室满五年唯一2楼！房主自荐,335万,60689元/平,低楼层 (共6层) | 1996年建 | 1室1厅 | 55.2平米 | 南 北,https://ke-image.ljcdn.com/110000-inspection/pc1_dPQ2JD7yq_1.jpg!m_fill,w_280,h_210,f_jpg?from=ke.com
20230507,昌平,回龙观,101118435326,京投发展公园悦府一区 精装修 双卧室南 内观园 仅契税,659万,72014元/平,中楼层 (共11层) | 2016年建 | 2室2厅 | 91.51平米 | 南 东,https://ke-image.ljcdn.com/110000-inspection/pc1_WZRk8f4Ye.jpg!m_fill,w_280,h_210,f_jpg?from=ke.com
20230507,昌平,回龙观,101118431026,南北通透 全明格局 中高层 毛坯随时可看,696万,63135元/平,高楼层 (共32层) | 2014年建 | 3室1厅 | 110.24平米 | 南 北,https://ke-image.ljcdn.com/110000-inspection/163f9701-5e6b-4898-9406-498ec0e21b9b_1000.jpg!m_fill,w_280,h_210,f_jpg?from=ke.com
20230507,昌平,回龙观,101118430463,精装修大一居落地窗高楼层采光充足视野开阔,428万,60926元/平,中楼层 (共20层) | 2006年建 | 1室1厅 | 70.25平米 | 北,https://ke-image.ljcdn.com/110000-inspection/pc1_XHElKVPHo.jpg!m_fill,w_280,h_210,f_jpg?from=ke.com
20230507,昌平,回龙观,101118428560,龙腾苑四区 三居两卫 精装修不临街 中间层,620万,44113元/平,中楼层 (共6层) 3室1厅 | 140.55平米 | 南 北,https://ke-image.ljcdn.com/110000-inspection/pc1_gd6Fxh3U9.jpg!m_fill,w_280,h_210,f_jpg?from=ke.com
20230507,昌平,回龙观,101118428188,矩阵二期商满五唯一不临街视野采光好,435万,65228元/平,中楼层 (共11层) 1室1厅 | 66.69平米 | 西南,https://ke-image.ljcdn.com/110000-inspection/a9a7aaed-9452-44ab-adb8-e85851f2e339_1000.jpg!m_fill,w_280,h_210,f_jpg?from=ke.com
20230507,昌平,回龙观,101118428146,京投发展公园悦府二区阳光四居室户型方正中高楼层,1298万,85221元/平,高楼层 (共11层) 4室2厅 | 152.31平米 | 南 北,https://ke-image.ljcdn.com/110000-inspection/22acb02c-9afe-4085-91d6-7787ee6c40f0_1000.jpg!m_fill,w_280,h_210,f_jpg?from=ke.com
20230507,昌平,回龙观,101118426333,满五唯一 自住装修  诚心出售,490万,76028元/平,底层 (共24层) 1室1厅 | 64.45平米 | 南,https://ke-image.ljcdn.com/110000-inspection/pc1_kL4Ck6DbV.jpg!m_fill,w_280,h_210,f_jpg?from=ke.com
20230507,昌平,回龙观,101118425743,矩阵二期 4室2厅 东 南 北,966万,59597元/平,中楼层 (共12层) | 2005年建 | 4室2厅 | 162.09平米 | 东 南 北,https://ke-image.ljcdn.com/110000-inspection/21cf08e2-890f-4562-b10c-bc3dd3a6f783_1000.jpg!m_fill,w_280,h_210,f_jpg?from=ke.com
20230507,昌平,回龙观,101118423363,首开国风美唐二期南北通透两居室采光好地铁近,667万,69756元/平,高楼层 (共16层) 2室1厅 | 95.62平米 | 南 北,https://ke-image.ljcdn.com/110000-inspection/83541fcc-528d-4155-89b0-92ca64dbea95_1000.jpg!m_fill,w_280,h_210,f_jpg?from=ke.com
20230507,昌平,回龙观,101118423254,龙跃东四 有车位 精装修 中楼层 中间位置 商满五唯一房主自荐,536万,55258元/平,中楼层 (共6层) 2室1厅 | 97平米 | 南 北,https://ke-image.ljcdn.com/110000-inspection/8bb30f06-12c3-414d-989a-b41229752a7c_1000.jpg!m_fill,w_280,h_210,f_jpg?from=ke.com
20230507,昌平,回龙观,101118416477,中间位置不临街三居室商品房仅契税,513万,41255元/平,高楼层 (共6层) 3室1厅 | 124.35平米 | 南 北,https://ke-image.ljcdn.com/110000-inspection/pc1_ghqPuoNvJ_1.jpg!m_fill,w_280,h_210,f_jpg?from=ke.com
20230507,昌平,回龙观,101118416330,小区中间位置满五年南北通透采光好,522万,53760元/平,底层 (共6层) 2室1厅 | 97.1平米 | 南 北,https://ke-image.ljcdn.com/110000-inspection/836a355f-7c51-4982-a68c-815265a0a0a8_1000.jpg!m_fill,w_280,h_210,f_jpg?from=ke.com
20230507,昌平,回龙观,101118415512,全明格局 中高楼层  采光视野好,730万,69850元/平,高楼层 (共30层) | 2016年建 | 3室1厅 | 104.51平米 | 南 北,https://ke-image.ljcdn.com/110000-inspection/pc1_htZINrA8f_1.jpg!m_fill,w_280,h_210,f_jpg?from=ke.com
20230507,昌平,回龙观,101118411972,商品房非顶层 小区中间  精装修 满五唯一 急售,540万,45023元/平,高楼层 (共6层) | 2005年建 | 3室1厅 | 119.94平米 | 南 北,https://ke-image.ljcdn.com/110000-inspection/361588c8-8a64-4d6d-b67e-870478b78240_1000.jpg!m_fill,w_280,h_210,f_jpg?from=ke.com
20230507,昌平,回龙观,101118411004,天露园一区 南北通透格局好 一梯两户利用率高,456万,46727元/平,高楼层 (共6层) 2室1厅 | 97.59平米 | 南 北,https://ke-image.ljcdn.com/110000-inspection/43262c0d-c282-4b24-ba0e-11bae969b036_1000.jpg!m_fill,w_280,h_210,f_jpg?from=ke.com
20230507,昌平,回龙观,101118410071,融泽嘉园8号院 南北通透两居室 业主诚售,565万,64572元/平,低楼层 (共28层) | 2014年建 | 2室1厅 | 87.5平米 | 南 北,https://ke-image.ljcdn.com/110000-inspection/pc1_RshXas0CM_1.jpg!m_fill,w_280,h_210,f_jpg?from=ke.com
20230507,昌平,回龙观,101118408390,京投发展公园悦府二区 2室2厅 南房主自荐,730万,83515元/平,低楼层 (共27层) 2室2厅 | 87.41平米 | 南,https://ke-image.ljcdn.com/110000-inspection/40f8dd75-9589-4df4-8c32-c86a54faa467_1000.jpg!m_fill,w_280,h_210,f_jpg?from=ke.com
20230507,昌平,回龙观,101118407767,北郊农场宿舍+低楼层三居室+户型方正,499万,46527元/平,低楼层 (共6层) | 1995年建 | 3室1厅 | 107.25平米 | 南 北,https://ke-image.ljcdn.com/110000-inspection/cc48ce56-cc7a-4f32-ae37-51f7e4ff07f1_1000.jpg!m_fill,w_280,h_210,f_jpg?from=ke.com
20230507,昌平,回龙观,101118404827,5层、商品房、满五年、唯一、户型少见、看房方便,602万,43583元/平,高楼层 (共6层) 3室1厅 | 138.13平米 | 南 北,https://ke-image.ljcdn.com/110000-inspection/pc1_TmT0M07bB.jpg!m_fill,w_280,h_210,f_jpg?from=ke.com
20230507,昌平,回龙观,101118403749,三居室钢混结构商满五唯一只契税视野采光好,580万,51846元/平,中楼层 (共7层) 3室1厅 | 111.87平米 | 南 北,https://ke-image.ljcdn.com/110000-inspection/pc1_SHxrydnQ2.jpg!m_fill,w_280,h_210,f_jpg?from=ke.com
20230507,昌平,回龙观,101118403656,一室两厅  中间层  精装修 价格可谈,368万,62831元/平,中楼层 (共6层) | 1996年建 | 1室1厅 | 58.57平米 | 南 北,https://ke-image.ljcdn.com/110000-inspection/pc1_hoZ95YNWY.jpg!m_fill,w_280,h_210,f_jpg?from=ke.com
20230507,昌平,回龙观,101118401757,龙旗广场 全明格局 两居室 诚信售 有钥匙,480万,63602元/平,低楼层 (共11层) | 2010年建 | 2室1厅 | 75.47平米 | 南 北,https://ke-image.ljcdn.com/110000-inspection/7e591e70-7705-4017-aa7c-317b436478a3_1000.jpg!m_fill,w_280,h_210,f_jpg?from=ke.com
20230507,昌平,回龙观,101118399427,不临街+中间楼层+南北通透+有电梯,480万,58774元/平,中楼层 (共11层) | 2011年建 | 2室1厅 | 81.67平米 | 南 北,https://ke-image.ljcdn.com/110000-inspection/75afb4c5-5826-4b57-9198-af2807657b1d_1000.jpg!m_fill,w_280,h_210,f_jpg?from=ke.com
20230507,昌平,回龙观,101118395671,二类满五唯一 可以提前转商 靠谱签约 采光视野无遮挡,568万,64583元/平,低楼层 (共22层) | 2016年建 | 2室1厅 | 87.95平米 | 南 北,https://ke-image.ljcdn.com/110000-inspection/pc1_J04tGDzaM.jpg!m_fill,w_280,h_210,f_jpg?from=ke.com
20230507,昌平,回龙观,101118395112,商品房满五年唯一南北通透明厨明卫板楼一梯两户,650万,64255元/平,高楼层 (共12层) 2室1厅 | 101.16平米 | 南 北,https://ke-image.ljcdn.com/110000-inspection/769bc050-7bdc-401e-8e1a-28a2432d5839_1000.jpg!m_fill,w_280,h_210,f_jpg?from=ke.com
20230507,昌平,回龙观,101118394631,首开国风美唐二期大户型居三房朝阳业主随时方便看房,1150万,81175元/平,低楼层 (共9层) 4室2厅 | 141.67平米 | 南 北,https://ke-image.ljcdn.com/110000-inspection/63f908f8-ce4a-46ee-a28f-cfa886fd5c3c_1000.jpg!m_fill,w_280,h_210,f_jpg?from=ke.com
20230507,昌平,回龙观,101118393886,龙跃苑二区 精装南北三居 中间位置,639万,45182元/平,中楼层 (共6层) 3室1厅 | 141.43平米 | 南 北,https://ke-image.ljcdn.com/110000-inspection/12efc406-052a-49fb-b576-8a4584d5f81e_1000.jpg!m_fill,w_280,h_210,f_jpg?from=ke.com
20230507,昌平,回龙观,101118393169,京投发展公园悦府二区 3室2厅 南 北,886万,74329元/平,低楼层 (共27层) 3室2厅 | 119.2平米 | 南 北,https://ke-image.ljcdn.com/110000-inspection/9acb0fab-ac2e-4be2-a952-f3177af68e8f_1000.jpg!m_fill,w_280,h_210,f_jpg?from=ke.com
20230507,昌平,回龙观,101118390691,商品房满五唯一  一梯两户 得房率80.6% 精装修 不临街,850万,74871元/平,低楼层 (共11层) 3室2厅 | 113.53平米 | 南 北,https://ke-image.ljcdn.com/110000-inspection/451155d6-320e-4c78-88a7-ddf9af8de474_1000.jpg!m_fill,w_280,h_210,f_jpg?from=ke.com
20230507,昌平,回龙观,101118385026,商品房满五年唯一    小区中间位置   随时签约房主自荐,425万,64355元/平,高楼层 (共6层) | 1996年建 | 2室1厅 | 66.04平米 | 南 北,https://ke-image.ljcdn.com/110000-inspection/bb706d53-163d-4810-af4b-d706356f8906_1000.jpg!m_fill,w_280,h_210,f_jpg?from=ke.com
20230507,昌平,回龙观,101118383601,房商品房满五年有钥匙诚意出售 视野好没有遮挡,440万,69698元/平,高楼层 (共33层) | 2013年建 | 1室1厅 | 63.13平米 | 南,https://ke-image.ljcdn.com/110000-inspection/pc1_igjjm8eIW_1.jpg!m_fill,w_280,h_210,f_jpg?from=ke.com
20230507,昌平,回龙观,101118382234,云趣园一区  中间楼层 中间位置  自住精装 商品房房主自荐,479万,50363元/平,高楼层 (共6层) 2室1厅 | 95.11平米 | 南 北,https://ke-image.ljcdn.com/110000-inspection/pc1_bKNvBDSSh_1.jpg!m_fill,w_280,h_210,f_jpg?from=ke.com
20230507,昌平,回龙观,101118381418,龙锦苑一区 3室2厅 南 北,569.9万,45295元/平,高楼层 (共6层) | 2005年建 | 3室2厅 | 125.82平米 | 南 北,https://ke-image.ljcdn.com/110000-inspection/310f1710-76e0-4e9a-8296-f93fbe5fe412_1000.jpg!m_fill,w_280,h_210,f_jpg?from=ke.com
20230507,昌平,回龙观,101118379691,满五年唯一 小区中间 采光充足,509万,49898元/平,高楼层 (共6层) | 2005年建 | 3室2厅 | 102.01平米 | 南 北,https://ke-image.ljcdn.com/110000-inspection/26e04fdf-9cb4-4866-8050-937f5e76812d_1000.jpg!m_fill,w_280,h_210,f_jpg?from=ke.com
20230507,昌平,回龙观,101118377994,近地铁南北通透大一居+满五唯一+钢混结构+户型方正,425万,60447元/平,低楼层 (共7层) | 2005年建 | 1室1厅 | 70.31平米 | 南 北,https://ke-image.ljcdn.com/110000-inspection/0f866849-0a8d-40b2-90e0-d21a0484b314_1000.jpg!m_fill,w_280,h_210,f_jpg?from=ke.com
20230507,昌平,回龙观,101118376952,龙华园南北通透小区中间无遮挡地铁13号线龙泽,337万,60601元/平,底层 (共7层) 1室1厅 | 55.61平米 | 南 北,https://ke-image.ljcdn.com/110000-inspection/pc1_inF3C3Cr4.jpg!m_fill,w_280,h_210,f_jpg?from=ke.com
20230507,昌平,回龙观,101118376441,龙跃苑一区 南北通透  诚心出售,498万,56954元/平,中楼层 (共6层) | 2003年建 | 2室2厅 | 87.44平米 | 南 北,https://ke-image.ljcdn.com/110000-inspection/d6daaf21-c57a-4cd2-a24d-3d9376c0bba5_1000.jpg!m_fill,w_280,h_210,f_jpg?from=ke.com
20230507,昌平,回龙观,101118376072,近龙泽站500米采光视野无遮挡看房提前约付款快可谈,322万,69818元/平,顶层 (共20层) | 2007年建 | 1室1厅 | 46.12平米 | 北,https://ke-image.ljcdn.com/110000-inspection/pc1_qzLkqriGT.jpg!m_fill,w_280,h_210,f_jpg?from=ke.com
20230507,昌平,回龙观,101118375498,小区中间  南北通透  精装大三居   商品房满五年唯一房主自荐,568万,38867元/平,高楼层 (共6层) 3室1厅 | 146.14平米 | 南 北,https://ke-image.ljcdn.com/110000-inspection/pc1_tGBJ6pVi9.jpg!m_fill,w_280,h_210,f_jpg?from=ke.com
20230507,昌平,回龙观,101118375375,龙博苑三区 小区中间位置 商品房满五年唯一 采光好房主自荐,403万,68294元/平,高楼层 (共6层) | 2005年建 | 1室1厅 | 59.01平米 | 南,https://ke-image.ljcdn.com/110000-inspection/pc1_XqnA2zJm3.jpg!m_fill,w_280,h_210,f_jpg?from=ke.com
20230507,昌平,回龙观,101118374996,龙腾苑四区 3室1厅 南 北,698万,49663元/平,中楼层 (共6层) 3室1厅 | 140.55平米 | 南 北,https://ke-image.ljcdn.com/110000-inspection/pc1_VruCtuLP9.jpg!m_fill,w_280,h_210,f_jpg?from=ke.com
20230507,昌平,回龙观,101118373602,京投发展公园悦府二区 2室1厅 西南,699万,80207元/平,低楼层 (共27层) 2室1厅 | 87.15平米 | 西南,https://ke-image.ljcdn.com/110000-inspection/e9972fc9-3c98-4282-939b-0902a98b50ad_1000.jpg!m_fill,w_280,h_210,f_jpg?from=ke.com
20230507,昌平,回龙观,101118373330,天巢园南向一居 满五唯一商品房 诚意出售,392万,62983元/平,低楼层 (共22层) | 2010年建 | 1室1厅 | 62.24平米 | 南,https://ke-image.ljcdn.com/110000-inspection/58a035fb-b231-44f5-99b4-fa9e33cf2b74_1000.jpg!m_fill,w_280,h_210,f_jpg?from=ke.com
20230507,昌平,回龙观,101118373249,龙兴园南区 满五唯一 单位分房  诚意出售,555万,55523元/平,中楼层 (共7层) | 1999年建 | 2室2厅 | 99.96平米 | 南 北,https://ke-image.ljcdn.com/110000-inspection/pc1_fbXgD168w.jpg!m_fill,w_280,h_210,f_jpg?from=ke.com
20230507,昌平,回龙观,101118372248,满五唯一中间楼层南北通透诚意出售房主自荐,716万,63313元/平,低楼层 (共32层) | 2014年建 | 3室1厅 | 113.09平米 | 南 北,https://ke-image.ljcdn.com/110000-inspection/pc1_Tchb16MIX.jpg!m_fill,w_280,h_210,f_jpg?from=ke.com
20230507,昌平,回龙观,101118371628,和谐家园一区 3室2厅 南 北,519万,41352元/平,顶层 (共6层) | 2006年建 | 3室2厅 | 125.51平米 | 南 北,https://ke-image.ljcdn.com/110000-inspection/f167827f-4502-4c43-83b0-32e43a614928_1000.jpg!m_fill,w_280,h_210,f_jpg?from=ke.com
20230507,昌平,回龙观,101118366672,中间层满五唯一 前后无遮挡 视野采光好 临地铁,718万,63490元/平,中楼层 (共32层) 3室1厅 | 113.09平米 | 北 南,https://ke-image.ljcdn.com/110000-inspection/pc1_9XNp9TJpR.jpg!m_fill,w_280,h_210,f_jpg?from=ke.com
20230507,昌平,回龙观,101118364768,美唐二期方正三居室自住三居室急售 满五年唯一,730万,74811元/平,中楼层 (共15层) 3室1厅 | 97.58平米 | 西南 北,https://ke-image.ljcdn.com/110000-inspection/2bdd8e54-087d-45b2-a59b-cbd8c33d5d0a_1000.jpg!m_fill,w_280,h_210,f_jpg?from=ke.com
20230507,昌平,回龙观,101118362779,诚心出售龙腾苑六区低楼层商满五唯一,660万,46746元/平,低楼层 (共6层) 3室1厅 | 141.19平米 | 南 北,https://ke-image.ljcdn.com/110000-inspection/pc1_8vLkPE0Va.jpg!m_fill,w_280,h_210,f_jpg?from=ke.com
20230507,昌平,回龙观,101118361412,首开国风美唐二期 1室1厅 东 西,455万,75282元/平,中楼层 (共18层) | 2014年建 | 1室1厅 | 60.44平米 | 东 西,https://ke-image.ljcdn.com/110000-inspection/091488ba-38bb-4e30-980a-402afec746e6_1000.jpg!m_fill,w_280,h_210,f_jpg?from=ke.com
20230507,昌平,回龙观,101118360985,南向一居高楼层采光好大一居精装拎包入住。,482万,65722元/平,中楼层 (共20层) 2室1厅 | 73.34平米 | 南,https://ke-image.ljcdn.com/110000-inspection/pc1_oQYn2cNM8.jpg!m_fill,w_280,h_210,f_jpg?from=ke.com
20230507,昌平,回龙观,101118358514,领秀慧谷A区-次新小区商品房唯一 位置佳,483万,59352元/平,底层 (共11层) | 2011年建 | 2室2厅 | 81.38平米 | 南 北,https://ke-image.ljcdn.com/110000-inspection/cf440bf8-6e54-459f-a587-578b2885368c_1000.jpg!m_fill,w_280,h_210,f_jpg?from=ke.com
20230507,昌平,回龙观,101118356600,慧华苑 小区中间 二层 公 房 适合贷款 户型方正,463万,45688元/平,低楼层 (共6层) 3室1厅 | 101.34平米 | 南 北,https://ke-image.ljcdn.com/110000-inspection/pc1_zqChiUOYg.jpg!m_fill,w_280,h_210,f_jpg?from=ke.com
20230507,昌平,回龙观,101118354461,融泽嘉园西二2号院南北通透两居室精装修满五唯一房主自荐,568万,64487元/平,低楼层 (共30层) | 2016年建 | 2室1厅 | 88.08平米 | 南 北,https://ke-image.ljcdn.com/110000-inspection/pc1_uScf8t60C.jpg!m_fill,w_280,h_210,f_jpg?from=ke.com
20230507,昌平,回龙观,101118352335,京投发展公园悦府二区   四居室   次新房  店长 主推,1200万,78034元/平,低楼层 (共11层) 4室2厅 | 153.78平米 | 南 北,https://ke-image.ljcdn.com/110000-inspection/987c4aaf-0da5-4d02-a23c-404c8f84fbb9_1000.jpg!m_fill,w_280,h_210,f_jpg?from=ke.com
20230507,昌平,回龙观,101118352257,自住装修南北通透采光好诚意出售房主自荐,500万,55538元/平,低楼层 (共6层) | 2005年建 | 2室1厅 | 90.03平米 | 南 北,https://ke-image.ljcdn.com/110000-inspection/pc1_Av65PYqWA.jpg!m_fill,w_280,h_210,f_jpg?from=ke.com
20230507,昌平,回龙观,101118351354,此房满五年家庭名下一套房产中间4层采光好,649万,51685元/平,中楼层 (共6层) 3室1厅 | 125.57平米 | 西南 北,https://ke-image.ljcdn.com/110000-inspection/pc1_13mPNrsJS.jpg!m_fill,w_280,h_210,f_jpg?from=ke.com
20230507,昌平,回龙观,101118351290,龙博苑三区边户一层两个阳台房主自荐,515万,62913元/平,底层 (共6层) | 2005年建 | 2室1厅 | 81.86平米 | 东 南 北,https://ke-image.ljcdn.com/110000-inspection/pc1_FGWGnmfQA.jpg!m_fill,w_280,h_210,f_jpg?from=ke.com
20230507,昌平,回龙观,101118350978,北京人家*明厨明卫*双卧朝南*中间位置*视野开阔,688万,50282元/平,中楼层 (共5层) 3室2厅 | 136.83平米 | 南 西 北,https://ke-image.ljcdn.com/110000-inspection/pc1_s15hfw2L0_1.jpg!m_fill,w_280,h_210,f_jpg?from=ke.com
20230507,昌平,回龙观,101118342894,此房商品房满五年唯一。中间位置中间楼层三面采光房主自荐,803万,83795元/平,低楼层 (共18层) 3室1厅 | 95.83平米 | 南 北,https://ke-image.ljcdn.com/110000-inspection/pc1_Kc0urMWlC.jpg!m_fill,w_280,h_210,f_jpg?from=ke.com
20230507,昌平,回龙观,101118341529,云趣园一区 商满五唯一 看房随时,408万,47731元/平,顶层 (共6层) 2室1厅 | 85.48平米 | 南 北,https://ke-image.ljcdn.com/110000-inspection/pc1_tP9YYEfbx.jpg!m_fill,w_280,h_210,f_jpg?from=ke.com
20230507,昌平,回龙观,101118341181,首开国风美唐二期 商品房小区中间位置 精装修看房方便房主自荐,700万,73054元/平,低楼层 (共20层) 3室1厅 | 95.82平米 | 南 北,https://ke-image.ljcdn.com/110000-inspection/372947b9-691a-46cd-947f-08787d103c3c_1000.jpg!m_fill,w_280,h_210,f_jpg?from=ke.com
20230507,昌平,回龙观,101118339411,中间楼层 采光好 临近公园 医院  市场和地铁,620万,52592元/平,低楼层 (共6层) | 2003年建 | 3室1厅 | 117.89平米 | 南 北,https://ke-image.ljcdn.com/110000-inspection/pc1_8xRbgKfDw.jpg!m_fill,w_280,h_210,f_jpg?from=ke.com
20230507,昌平,回龙观,101118335863,京投发展公园悦府一区商满五唯一二居二卫房主自荐,626万,68558元/平,中楼层 (共22层) 2室2厅 | 91.31平米 | 南 北,https://ke-image.ljcdn.com/110000-inspection/pc1_DZAV3W2Eo.jpg!m_fill,w_280,h_210,f_jpg?from=ke.com
20230507,昌平,回龙观,101118335169,公园悦府一区100平小三居  主卧客厅都朝南 南北通透房主自荐,650万,65360元/平,底层 (共11层) | 2014年建 | 3室2厅 | 99.45平米 | 南 北,https://ke-image.ljcdn.com/110000-inspection/pc1_hc9gUFru7.jpg!m_fill,w_280,h_210,f_jpg?from=ke.com
20230507,昌平,回龙观,101118331863,龙旗广场中间楼层南北通透采光好稳定签约,475万,62263元/平,中楼层 (共11层) | 2010年建 | 2室1厅 | 76.29平米 | 南 北,https://ke-image.ljcdn.com/110000-inspection/pc1_N5wCzu6Ak.jpg!m_fill,w_280,h_210,f_jpg?from=ke.com
20230507,昌平,回龙观,101118325192,领秀慧谷A区新上3居室看房提前约,510万,57092元/平,底层 (共9层) 3室1厅 | 89.33平米 | 南 北,https://ke-image.ljcdn.com/110000-inspection/pc1_DJUtRz8k0_1.jpg!m_fill,w_280,h_210,f_jpg?from=ke.com
20230507,昌平,回龙观,101118324911,商品房满五年唯一中间三层随时签约大三居,497万,45265元/平,中楼层 (共7层) | 1996年建 | 3室1厅 | 109.8平米 | 北 南,https://ke-image.ljcdn.com/110000-inspection/pc1_HiDuwlxlc.jpg!m_fill,w_280,h_210,f_jpg?from=ke.com
20230507,昌平,回龙观,101118321127,和谐家园三居两卫全明格局采光全天无遮挡,580万,48900元/平,底层 (共6层) | 2006年建 | 3室1厅 | 118.61平米 | 南 北,https://ke-image.ljcdn.com/110000-inspection/cebf3eb4-3a43-4817-a597-338fd1eec769_1000.jpg!m_fill,w_280,h_210,f_jpg?from=ke.com
20230507,昌平,回龙观,101118320538,小区中间位置满五年唯一采光好,349万,57734元/平,高楼层 (共7层) | 1996年建 | 1室1厅 | 60.45平米 | 南 北,https://ke-image.ljcdn.com/110000-inspection/1dea66db-055f-425d-ad81-2fc0449d6137_1000.jpg!m_fill,w_280,h_210,f_jpg?from=ke.com
20230507,昌平,回龙观,101118316970,商品房满五年唯一精装修中楼层南北通透三居室。,523万,44481元/平,中楼层 (共6层) | 2006年建 | 3室2厅 | 117.58平米 | 南 北,https://ke-image.ljcdn.com/110000-inspection/pc1_G3ox8RHQ2.jpg!m_fill,w_280,h_210,f_jpg?from=ke.com
20230507,昌平,回龙观,101118315982,领秀慧谷C区 南北小三居 全明格局 明卫,665万,70349元/平,中楼层 (共11层) 3室1厅 | 94.53平米 | 南 北,https://ke-image.ljcdn.com/110000-inspection/pc1_dUV31Y6km.jpg!m_fill,w_280,h_210,f_jpg?from=ke.com
20230507,昌平,回龙观,101118314660,全南向大两居全明格局商品房满五年唯一,456万,44341元/平,顶层 (共6层) 2室2厅 | 102.84平米 | 南 西,https://ke-image.ljcdn.com/110000-inspection/d42745e0-e345-47e7-ae3a-d5243eedd2bd_1000.jpg!m_fill,w_280,h_210,f_jpg?from=ke.com
20230507,昌平,回龙观,101118311731,新上不临街三居室自住精装修全明格局,488万,41328元/平,顶层 (共6层) | 2006年建 | 3室1厅 | 118.08平米 | 东 南 北,https://ke-image.ljcdn.com/110000-inspection/f572947f-225c-4ce2-b004-ecd2166015b3_1000.jpg!m_fill,w_280,h_210,f_jpg?from=ke.com
20230507,昌平,回龙观,101118310489,龙回苑商品房满五唯一中间楼层采光好视野开阔,585万,46271元/平,中楼层 (共7层) | 2004年建 | 3室1厅 | 126.43平米 | 南 北,https://ke-image.ljcdn.com/110000-inspection/pc1_9X6nEiE7n.jpg!m_fill,w_280,h_210,f_jpg?from=ke.com
20230507,昌平,回龙观,101118309567,新龙城 1室1厅 西北,455万,60146元/平,低楼层 (共20层) | 2006年建 | 1室1厅 | 75.65平米 | 西北,https://ke-image.ljcdn.com/110000-inspection/pc1_w2OdTyFig.jpg!m_fill,w_280,h_210,f_jpg?from=ke.com
20230507,昌平,回龙观,101118306435,满五唯一 中间楼层 看房方便诚心出售价格可谈,580万,66362元/平,高楼层 (共34层) | 2016年建 | 2室1厅 | 87.4平米 | 南,https://ke-image.ljcdn.com/110000-inspection/pc1_MZ3nYOum2.jpg!m_fill,w_280,h_210,f_jpg?from=ke.com
20230507,昌平,回龙观,101118304985,公园里安家公园悦府精装修大两居两居两卫,618万,66345元/平,低楼层 (共22层) 2室2厅 | 93.15平米 | 南 北,https://ke-image.ljcdn.com/110000-inspection/4787741b-e63f-4088-9767-e854dc3896db_1000.jpg!m_fill,w_280,h_210,f_jpg?from=ke.com
20230507,昌平,回龙观,101118304791,精装修带电梯业主诚心出售不临街不把边,608万,62060元/平,顶层 (共5层) | 2004年建 | 2室1厅 | 97.97平米 | 南 北,https://ke-image.ljcdn.com/110000-inspection/d0e9b013-5af7-45ad-b2e9-075893778bc2_1000.jpg!m_fill,w_280,h_210,f_jpg?from=ke.com
20230507,昌平,回龙观,101118300072,京投发展公园悦府二区 3室1厅 南 北,1058万,77612元/平,高楼层 (共27层) 3室1厅 | 136.32平米 | 南 北,https://ke-image.ljcdn.com/110000-inspection/9356b7e5-c80d-4ad2-beb9-2c96b1e38520_1000.jpg!m_fill,w_280,h_210,f_jpg?from=ke.com
20230507,昌平,回龙观,101118297729,新龙城  满五唯一  小区中间位置  业主诚心出售,732万,59981元/平,中楼层 (共8层) | 2006年建 | 3室1厅 | 122.04平米 | 南 北,https://ke-image.ljcdn.com/110000-inspection/pc1_NYfDlNFPj.jpg!m_fill,w_280,h_210,f_jpg?from=ke.com
20230507,昌平,回龙观,101118296874,美唐花园 经典南北通透 方正户型 电梯房 小区中间房主自荐,824万,84661元/平,低楼层 (共15层) 3室1厅 | 97.33平米 | 南 北,https://ke-image.ljcdn.com/110000-inspection/f33ed5d7-faee-4d18-ad3a-18dda89ed854_1000.jpg!m_fill,w_280,h_210,f_jpg?from=ke.com
20230507,昌平,回龙观,101118292011,慧华苑 低楼层 精装修 不临街 拎包入住,468万,51856元/平,低楼层 (共6层) | 1996年建 | 3室1厅 | 90.25平米 | 南 北,https://ke-image.ljcdn.com/110000-inspection/8c4fe56d-6190-4f52-b84b-9ac792f0742a_1000.jpg!m_fill,w_280,h_210,f_jpg?from=ke.com
20230507,昌平,回龙观,101118291595,京投发展公园悦府一区 户型方正 楼层高 视野好,603万,65766元/平,高楼层 (共11层) | 2016年建 | 2室1厅 | 91.69平米 | 东南,https://ke-image.ljcdn.com/110000-inspection/cf692e2b-d610-4b5c-87ca-6744fcf3b3c3_1000.jpg!m_fill,w_280,h_210,f_jpg?from=ke.com
20230507,昌平,回龙观,101118290434,龙跃苑东四区小区中间位置中间层南北通透两居,520万,53554元/平,中楼层 (共6层) | 2007年建 | 2室1厅 | 97.1平米 | 南 北,https://ke-image.ljcdn.com/110000-inspection/7584ecc0-df79-42fe-a7b9-6a463bd55afd_1000.jpg!m_fill,w_280,h_210,f_jpg?from=ke.com
20230507,昌平,回龙观,101118289360,小区中间位置自住精装采光充足诚心出售价格可谈房主自荐,438万,63414元/平,底层 (共6层) | 1995年建 | 2室1厅 | 69.07平米 | 东 西,https://ke-image.ljcdn.com/110000-inspection/pc1_TpeSHJ75X.jpg!m_fill,w_280,h_210,f_jpg?from=ke.com
20230507,昌平,回龙观,101118286133,云趣园三区三居两卫商满五唯一不临街安静,519万,45096元/平,高楼层 (共6层) 3室1厅 | 115.09平米 | 南 北,https://ke-image.ljcdn.com/110000-inspection/pc1_LyDuNhsQX.jpg!m_fill,w_280,h_210,f_jpg?from=ke.com
20230507,昌平,回龙观,101118285075,用心设计每一个细节都精心设计房子装修不错,503万,39313元/平,高楼层 (共6层) 3室1厅 | 127.95平米 | 南 北,https://ke-image.ljcdn.com/110000-inspection/pc1_dIB9lXHJ3.jpg!m_fill,w_280,h_210,f_jpg?from=ke.com
20230507,昌平,回龙观,101118283668,满五唯一中间楼层南北双通透诚意出售,636万,68255元/平,高楼层 (共27层) 2室1厅 | 93.18平米 | 南 北,https://ke-image.ljcdn.com/110000-inspection/pc1_yfmKF5VTb.jpg!m_fill,w_280,h_210,f_jpg?from=ke.com
20230507,昌平,回龙观,101118282594,满五年唯一小区西侧挨着体育公园,598万,47856元/平,中楼层 (共6层) | 2003年建 | 3室2厅 | 124.96平米 | 南 北,https://ke-image.ljcdn.com/110000-inspection/8d9ceee5-f54d-4a65-b6f7-0069b99c1e86_1000.jpg!m_fill,w_280,h_210,f_jpg?from=ke.com
20230507,昌平,回龙观,101118277417,龙泽苑西区+中美合资+南北通透+视野好+采光好+精装修,568万,53184元/平,中楼层 (共7层) 3室2厅 | 106.8平米 | 南 北,https://ke-image.ljcdn.com/110000-inspection/pc1_baQgmt2NI.jpg!m_fill,w_280,h_210,f_jpg?from=ke.com
20230507,昌平,回龙观,101118275799,商品房满五唯一只有契税位置不错,480万,73093元/平,中楼层 (共34层) | 2016年建 | 1室1厅 | 65.67平米 | 南,https://ke-image.ljcdn.com/110000-inspection/pc1_lB3epFM5y.jpg!m_fill,w_280,h_210,f_jpg?from=ke.com
20230507,昌平,回龙观,101118274776,融泽嘉园西二路2号院 2室1厅 南 北,566万,64790元/平,高楼层 (共34层) | 2016年建 | 2室1厅 | 87.36平米 | 南 北,https://ke-image.ljcdn.com/110000-inspection/7db6e247-e8e5-41ba-a0c9-792bbee8ec07_1000.jpg!m_fill,w_280,h_210,f_jpg?from=ke.com
20230507,昌平,回龙观,101118271668,全明格局采光视野好环保高品质装修二居业主诚售房主自荐,485万,51800元/平,中楼层 (共7层) 2室2厅 | 93.63平米 | 南 北,https://ke-image.ljcdn.com/110000-inspection/88485a4b-212d-4196-9c05-31f1bb0bbdf7_1000.jpg!m_fill,w_280,h_210,f_jpg?from=ke.com
20230507,昌平,回龙观,101118270425,小区中间位置 中间楼层 已经是商品房 诚心出售,600万,67386元/平,中楼层 (共18层) | 2014年建 | 2室1厅 | 89.04平米 | 南 北,https://ke-image.ljcdn.com/110000-inspection/14489cb3-feca-4815-a8eb-5d243e4ca574_1000.jpg!m_fill,w_280,h_210,f_jpg?from=ke.com
20230507,昌平,回龙观,101118270338,天巢园  全南向一居  满五唯一   采光无遮挡,368万,62617元/平,底层 (共22层) 1室1厅 | 58.77平米 | 南,https://ke-image.ljcdn.com/110000-inspection/pc1_ox4logbPz.jpg!m_fill,w_280,h_210,f_jpg?from=ke.com
20230507,昌平,回龙观,101118270167,流星花园三区 1室1厅 北,340万,71011元/平,中楼层 (共11层) | 2006年建 | 1室1厅 | 47.88平米 | 北,https://ke-image.ljcdn.com/110000-inspection/pc1_iP3Q2JWyO_1.jpg!m_fill,w_280,h_210,f_jpg?from=ke.com
20230507,昌平,回龙观,101118267552,京投发展公园悦府一区 2室2厅 南 北,610万,64585元/平,低楼层 (共25层) | 2015年建 | 2室2厅 | 94.45平米 | 南 北,https://ke-image.ljcdn.com/110000-inspection/pc1_9EmgodeGK.jpg!m_fill,w_280,h_210,f_jpg?from=ke.com
20230507,昌平,回龙观,101118267011,首开国风美唐三期 近双规地铁 精装修,695万,75095元/平,中楼层 (共21层) | 2016年建 | 2室1厅 | 92.55平米 | 南,https://ke-image.ljcdn.com/110000-inspection/88a83367-559b-4ba5-9dbf-65276018a674_1000.jpg!m_fill,w_280,h_210,f_jpg?from=ke.com
20230507,昌平,回龙观,101118263835,龙跃苑东二区 3室2厅 南 北,599万,48125元/平,高楼层 (共6层) 3室2厅 | 124.47平米 | 南 北,https://ke-image.ljcdn.com/110000-inspection/919734c9-a013-4889-ae49-b89fb43b319b_1000.jpg!m_fill,w_280,h_210,f_jpg?from=ke.com
20230507,昌平,回龙观,101118260871,满五唯一楼层好视野采光好南北通透配套成熟,595万,60095元/平,中楼层 (共20层) 2室1厅 | 99.01平米 | 南 北,https://ke-image.ljcdn.com/110000-inspection/8abb6607-0f0b-4663-bcc3-4e436195d3c8_1000.jpg!m_fill,w_280,h_210,f_jpg?from=ke.com
20230507,昌平,回龙观,101118260756,金达园 2室2厅 南 北,480万,48135元/平,顶层 (共6层) | 1998年建 | 2室2厅 | 99.72平米 | 南 北,https://ke-image.ljcdn.com/110000-inspection/pc1_8l4hw6z1K_1.jpg!m_fill,w_280,h_210,f_jpg?from=ke.com
20230507,昌平,回龙观,101118260494,万科开发、万科物业、万科精装修、南北通透、明厨明卫,959万,82107元/平,中楼层 (共28层) 3室2厅 | 116.8平米 | 南 北,https://ke-image.ljcdn.com/110000-inspection/e54096b5-52b0-42df-817c-c7315c31d531_1000.jpg!m_fill,w_280,h_210,f_jpg?from=ke.com
20230507,昌平,回龙观,101118260440,龙腾苑五区 低楼层大三居室 南北通透,660万,44999元/平,低楼层 (共6层) 3室2厅 | 146.67平米 | 南 北,https://ke-image.ljcdn.com/110000-inspection/dc73162a-dceb-46d0-93dc-9c43ddea034d_1000.jpg!m_fill,w_280,h_210,f_jpg?from=ke.com
20230507,昌平,回龙观,101118258978,公园悦府一区 把边全明两居室 精装修 南北通透,618万,66524元/平,低楼层 (共11层) | 2014年建 | 2室2厅 | 92.9平米 | 东 南 北,https://ke-image.ljcdn.com/110000-inspection/92a449fa-3cf3-4aa8-b349-f3b9ad78e485_1000.jpg!m_fill,w_280,h_210,f_jpg?from=ke.com
20230507,昌平,回龙观,101118258498,公园悦府二区高层视野自住精装自带五万平园林,1136万,83628元/平,高楼层 (共27层) 3室2厅 | 135.84平米 | 南 北,https://ke-image.ljcdn.com/110000-inspection/9b1d82f8-6027-4c90-9631-177a98649602_1000.jpg!m_fill,w_280,h_210,f_jpg?from=ke.com
20230507,昌平,回龙观,101118256714,小区中间位置1层采光无遮挡看房方便,590万,49727元/平,底层 (共6层) | 2006年建 | 3室1厅 | 118.65平米 | 南 北,https://ke-image.ljcdn.com/110000-inspection/6d723024-ac7a-4116-a79b-ed53daf830c4_1000.jpg!m_fill,w_280,h_210,f_jpg?from=ke.com
20230507,昌平,回龙观,101118254690,精装修采光充足中间三层南北通透,468万,58500元/平,中楼层 (共6层) | 2005年建 | 2室1厅 | 80平米 | 南 北,https://ke-image.ljcdn.com/110000-inspection/pc1_WQchGOhtY.jpg!m_fill,w_280,h_210,f_jpg?from=ke.com
20230507,昌平,回龙观,101118241137,金域华府三期 满五唯一商品房  精装修,680万,84368元/平,中楼层 (共26层) 2室1厅 | 80.6平米 | 南,https://ke-image.ljcdn.com/110000-inspection/4f712c7b-d6af-45e9-b8c6-7687b2440d37_1000.jpg!m_fill,w_280,h_210,f_jpg?from=ke.com
20230507,昌平,回龙观,101118237845,龙跃苑三区  小区中间三居室  南北通透  商品房,529万,44354元/平,高楼层 (共6层) | 2005年建 | 3室1厅 | 119.27平米 | 南 北,https://ke-image.ljcdn.com/110000-inspection/61dec18e-51a0-4c6a-8674-c1b335ec7e61_1000.jpg!m_fill,w_280,h_210,f_jpg?from=ke.com
20230507,昌平,回龙观,101118237835,电梯两居 视野好 采光无遮挡 户型方正 满五唯一,595万,59465元/平,中楼层 (共20层) 2室2厅 | 100.06平米 | 南 北,https://ke-image.ljcdn.com/110000-inspection/6ccd7ae9-b704-4f2c-b2f2-87f5e5589d4e_1000.jpg!m_fill,w_280,h_210,f_jpg?from=ke.com
20230507,昌平,回龙观,101118237645,首开智慧社经典两居近地铁商场南北双通透,569万,66186元/平,高楼层 (共17层) | 2011年建 | 2室1厅 | 85.97平米 | 北 南,https://ke-image.ljcdn.com/110000-inspection/8479127d-7482-4665-b363-06515e90e8bb_1000.jpg!m_fill,w_280,h_210,f_jpg?from=ke.com
20230507,昌平,回龙观,101118237395,融泽嘉园西6号院南向一居室中间层满五唯一视野好房主自荐,452万,68392元/平,中楼层 (共22层) | 2016年建 | 1室1厅 | 66.09平米 | 南,https://ke-image.ljcdn.com/110000-inspection/d1cb8c84-b750-481c-aabd-676fc1914a8b_1000.jpg!m_fill,w_280,h_210,f_jpg?from=ke.com
20230507,昌平,回龙观,101118236695,西二旗北 融泽嘉园 精装修  业主诚意出售 随时签约房主自荐,556万,62946元/平,高楼层 (共31层) | 2016年建 | 2室1厅 | 88.33平米 | 南 北,https://ke-image.ljcdn.com/110000-inspection/pc1_Ol3cSCZkM.jpg!m_fill,w_280,h_210,f_jpg?from=ke.com
20230507,昌平,回龙观,101118236399,北京人家低楼层三居南北双通透自住精装满五唯一,665万,55649元/平,低楼层 (共6层) | 2004年建 | 3室2厅 | 119.5平米 | 南 北,https://ke-image.ljcdn.com/110000-inspection/pc1_H1MKcm7EJ.jpg!m_fill,w_280,h_210,f_jpg?from=ke.com
20230507,昌平,回龙观,101118236036,龙城花园S区 2室1厅 南 北房主自荐,446万,65608元/平,中楼层 (共6层) 2室1厅 | 67.98平米 | 南 北,https://ke-image.ljcdn.com/110000-inspection/5fde9bf4-17bb-4258-a307-032a49f01143_1000.jpg!m_fill,w_280,h_210,f_jpg?from=ke.com
20230507,昌平,回龙观,101118235529,此房满五  中间层 视野很棒 户型方正 温馨一居,345万,69543元/平,中楼层 (共11层) | 2008年建 | 1室1厅 | 49.61平米 | 北,https://ke-image.ljcdn.com/110000-inspection/652d9101-f0ce-47bc-8a8c-573090059fb5_1000.jpg!m_fill,w_280,h_210,f_jpg?from=ke.com
20230507,昌平,回龙观,101118228074,商品房满五唯一！自住装修！低楼层！不临街不把边！,628万,50301元/平,底层 (共6层) | 2006年建 | 3室1厅 | 124.85平米 | 南 北,https://ke-image.ljcdn.com/110000-inspection/de59e51b-6b5d-45b0-8100-72d89ec08067_1000.jpg!m_fill,w_280,h_210,f_jpg?from=ke.com
20230507,昌平,回龙观,101118226224,南北通透没有遮挡采光很好视野很好。,559万,43070元/平,中楼层 (共7层) 3室1厅 | 129.79平米 | 南 北,https://ke-image.ljcdn.com/110000-inspection/89aaa388-e9c1-4419-8159-0ccc2569bc27_1000.jpg!m_fill,w_280,h_210,f_jpg?from=ke.com
20230507,昌平,回龙观,101118222926,领秀慧谷A区2011年两居室南北通透,480万,56960元/平,底层 (共6层) | 2011年建 | 2室1厅 | 84.27平米 | 南 北,https://ke-image.ljcdn.com/110000-inspection/pc1_i4gYZKxxQ_1.jpg!m_fill,w_280,h_210,f_jpg?from=ke.com
20230507,昌平,回龙观,101118221882,全明格局+中间层三居+卧室15㎡,495万,45082元/平,中楼层 (共7层) | 1996年建 | 3室1厅 | 109.8平米 | 南 北,https://ke-image.ljcdn.com/110000-inspection/pc1_G24FiJNdQ.jpg!m_fill,w_280,h_210,f_jpg?from=ke.com
20230507,昌平,回龙观,101118219826,融泽嘉园西二路2号院 全南 婚房轻奢风满五年唯一,616万,70481元/平,高楼层 (共34层) | 2016年建 | 2室1厅 | 87.4平米 | 南,https://ke-image.ljcdn.com/110000-inspection/pc1_epmn0c9cZ.jpg!m_fill,w_280,h_210,f_jpg?from=ke.com
20230507,昌平,回龙观,101118219144,小区中间位置带有平台婚房精装修商满五年唯一房主自荐,432万,57832元/平,顶层 (共6层) | 2005年建 | 1室1厅 | 74.7平米 | 南 北,https://ke-image.ljcdn.com/110000-inspection/7fb712f5-adfa-4cee-a51d-307c0c6bec3a_1000.jpg!m_fill,w_280,h_210,f_jpg?from=ke.com
20230507,昌平,回龙观,101118217177,领秀慧谷A区 高楼层南北两居 视野开阔房主自荐,510万,62754元/平,中楼层 (共11层) | 2011年建 | 2室1厅 | 81.27平米 | 南 北,https://ke-image.ljcdn.com/110000-inspection/pc1_488c4nxHM.jpg!m_fill,w_280,h_210,f_jpg?from=ke.com
20230507,昌平,回龙观,101118216475,融泽嘉园东一路8号院 二期 全南 满五年唯一,580万,66279元/平,中楼层 (共28层) | 2014年建 | 2室1厅 | 87.51平米 | 南,https://ke-image.ljcdn.com/110000-inspection/a1aebaf1-7381-4304-a457-b44aef6fde96_1000.jpg!m_fill,w_280,h_210,f_jpg?from=ke.com
20230507,昌平,回龙观,101118216458,南北通透户型方正中间楼层全天采光满五年,558万,47980元/平,中楼层 (共7层) | 2004年建 | 3室1厅 | 116.3平米 | 南 北,https://ke-image.ljcdn.com/110000-inspection/pc1_TmMUgFvlM.jpg!m_fill,w_280,h_210,f_jpg?from=ke.com
20230507,昌平,回龙观,101118216239,云趣园一区 近地铁 中间位置  中间楼层 采光好 视野好,540万,46815元/平,中楼层 (共7层) 3室2厅 | 115.35平米 | 东 南 北,https://ke-image.ljcdn.com/110000-inspection/pc1_ROr65tEOk.jpg!m_fill,w_280,h_210,f_jpg?from=ke.com
20230507,昌平,回龙观,101118207956,龙禧苑一区新上三居！中间楼层！商满五唯一！近地铁！,533万,50733元/平,中楼层 (共7层) 3室1厅 | 105.06平米 | 南 北,https://ke-image.ljcdn.com/110000-inspection/c88044ff-e867-49f1-894d-3a4fbd070fc8_1000.jpg!m_fill,w_280,h_210,f_jpg?from=ke.com
20230507,昌平,回龙观,101118205897,业主自住小区中间位置低楼层精装修二居室,567万,58364元/平,底层 (共6层) | 2002年建 | 2室1厅 | 97.15平米 | 南 北,https://ke-image.ljcdn.com/110000-inspection/pc1_fqRRUaEi6.jpg!m_fill,w_280,h_210,f_jpg?from=ke.com
20230507,昌平,回龙观,101118203910,可以商品房 满五家庭一套 视野开阔 采光充足 电梯房,533万,59269元/平,高楼层 (共11层) | 2011年建 | 3室1厅 | 89.93平米 | 南 北,https://ke-image.ljcdn.com/110000-inspection/pc1_njwr7nKHX.jpg!m_fill,w_280,h_210,f_jpg?from=ke.com
20230507,昌平,回龙观,101118203700,商品房 精装修南北双通透诚意出售,679万,62506元/平,中楼层 (共33层) 3室1厅 | 108.63平米 | 南 北,https://ke-image.ljcdn.com/110000-inspection/pc1_mU9CfX9dJ_1.jpg!m_fill,w_280,h_210,f_jpg?from=ke.com
20230507,昌平,回龙观,101118202467,风雅园一区公园、地铁、医院、拎包入住的中楼层房源,468万,50688元/平,低楼层 (共6层) 2室1厅 | 92.33平米 | 南 北,https://ke-image.ljcdn.com/110000-inspection/pc1_YdeD3DWd7.jpg!m_fill,w_280,h_210,f_jpg?from=ke.com
20230507,昌平,回龙观,101118202254,北郊农场家属院 不临街南北两居  客厅南向采光无遮挡房主自荐,418万,52375元/平,高楼层 (共6层) | 1995年建 | 2室1厅 | 79.81平米 | 南 北,https://ke-image.ljcdn.com/110000-inspection/pc1_VQv8TYYiO.jpg!m_fill,w_280,h_210,f_jpg?from=ke.com
20230507,昌平,回龙观,101118199497,流星花园三区 田字格户型 高楼层,650万,64962元/平,高楼层 (共11层) 2室1厅 | 100.06平米 | 南 西 东,https://ke-image.ljcdn.com/110000-inspection/pc1_fvrcIAskG.jpg!m_fill,w_280,h_210,f_jpg?from=ke.com
20230507,昌平,回龙观,101118198961,中美合资师范项目龙泽苑西区一层房子出售。,799万,56836元/平,底层 (共7层) | 2001年建 | 4室2厅 | 140.58平米 | 南 北,https://ke-image.ljcdn.com/110000-inspection/pc1_FrncjEKdF.jpg!m_fill,w_280,h_210,f_jpg?from=ke.com
20230507,昌平,回龙观,101118198343,万润家园大三居近地铁商品房户型方正采光好,785万,57137元/平,低楼层 (共10层) | 2003年建 | 3室2厅 | 137.39平米 | 南 北,https://ke-image.ljcdn.com/110000-inspection/pc1_aYlMxq0zA.jpg!m_fill,w_280,h_210,f_jpg?from=ke.com
20230507,昌平,回龙观,101118197370,中美合资+不临街+低楼层+商满五唯一+近地铁,668万,53445元/平,低楼层 (共7层) | 2000年建 | 3室1厅 | 124.99平米 | 南 北,https://ke-image.ljcdn.com/110000-inspection/pc1_svwOaRJ6B.jpg!m_fill,w_280,h_210,f_jpg?from=ke.com
20230507,昌平,回龙观,101118194397,流星花园三区   中间楼层   南北通透,620万,61741元/平,中楼层 (共11层) | 2006年建 | 2室1厅 | 100.42平米 | 南 北,https://ke-image.ljcdn.com/110000-inspection/pc1_ULSKmQh7r.jpg!m_fill,w_280,h_210,f_jpg?from=ke.com
20230507,昌平,回龙观,101118192597,龙腾苑四区商唯一低楼层三居采光好视野棒,555万,52943元/平,低楼层 (共6层) | 2003年建 | 3室1厅 | 104.83平米 | 南 北,https://ke-image.ljcdn.com/110000-inspection/pc1_DBtlSZT7y.jpg!m_fill,w_280,h_210,f_jpg?from=ke.com
20230507,昌平,回龙观,101118184578,商品房满五唯一 婚房精装  高层视野棒 南向特宽敞两居,577万,67684元/平,中楼层 (共25层) | 2015年建 | 2室2厅 | 85.25平米 | 南,https://ke-image.ljcdn.com/110000-inspection/a38a8df4-dd6b-4aa8-8009-d2da7fc5a109_1000.jpg!m_fill,w_280,h_210,f_jpg?from=ke.com
20230507,昌平,回龙观,101118182794,此房满五唯一南北通透格局配套设施齐全交通便利,520万,58264元/平,底层 (共9层) | 2011年建 | 3室2厅 | 89.25平米 | 南 北,https://ke-image.ljcdn.com/110000-inspection/pc1_7iPLpJo6Q.jpg!m_fill,w_280,h_210,f_jpg?from=ke.com
20230507,昌平,回龙观,101118178705,：满五不唯一 楼龄新出行方便产权清晰随时签约,585万,66896元/平,低楼层 (共31层) | 2016年建 | 2室1厅 | 87.45平米 | 南,https://ke-image.ljcdn.com/110000-inspection/pc1_zGftFvBpM.jpg!m_fill,w_280,h_210,f_jpg?from=ke.com
20230507,昌平,回龙观,101118175459,万润家园 3室2厅 南 北,818万,59224元/平,中楼层 (共10层) | 2003年建 | 3室2厅 | 138.12平米 | 南 北,https://ke-image.ljcdn.com/110000-inspection/pc1_KKfKEa81c.jpg!m_fill,w_280,h_210,f_jpg?from=ke.com
20230507,昌平,回龙观,101118171220,龙腾苑三区 南北通透三居室 商品房 看房随时,510万,43243元/平,顶层 (共6层) | 2002年建 | 3室1厅 | 117.94平米 | 南 北,https://ke-image.ljcdn.com/110000-inspection/fc1b8881-b64d-4298-9d62-32e4caed6446_1000.jpg!m_fill,w_280,h_210,f_jpg?from=ke.com
20230507,昌平,回龙观,101118168809,金域华府一期边户大两居 全明格局 满五年 南北通透,739万,74279元/平,高楼层 (共27层) | 2012年建 | 2室1厅 | 99.49平米 | 南 西 北,https://ke-image.ljcdn.com/110000-inspection/32273915-0cec-486d-9c3e-8baa9bd06d1d_1000.jpg!m_fill,w_280,h_210,f_jpg?from=ke.com
20230507,昌平,回龙观,101118163798,龙泽苑东区电梯三居两卫 全明格局 满五年唯一,668万,53449元/平,中楼层 (共11层) 3室1厅 | 124.98平米 | 南 北,https://ke-image.ljcdn.com/110000-inspection/pc1_dDVnxXnFG.jpg!m_fill,w_280,h_210,f_jpg?from=ke.com
20230507,昌平,回龙观,101118156799,京投发展公园悦府二区 3室2厅 南 北,945万,78895元/平,中楼层 (共27层) 3室2厅 | 119.78平米 | 南 北,https://ke-image.ljcdn.com/110000-inspection/d2069fa9-514f-4962-b54c-f1c3faacb368_1000.jpg!m_fill,w_280,h_210,f_jpg?from=ke.com
20230507,昌平,回龙观,101118155870,电梯板楼精装修两居室！商满五唯一带地下储藏室！,599万,73067元/平,顶层 (共11层) | 2016年建 | 2室2厅 | 81.98平米 | 南 北,https://ke-image.ljcdn.com/110000-inspection/pc1_fL8XiSB2c.jpg!m_fill,w_280,h_210,f_jpg?from=ke.com
20230507,昌平,回龙观,101118154402,云趣园一区  商品房满五年一套  诚意出售,468万,49990元/平,中楼层 (共7层) | 2000年建 | 2室1厅 | 93.62平米 | 南 北,https://ke-image.ljcdn.com/110000-inspection/pc1_e2t8cKhyG.jpg!m_fill,w_280,h_210,f_jpg?from=ke.com
20230507,昌平,回龙观,101118153877,龙兴园中区 正规一居室 采光好房主自荐,385万,58968元/平,中楼层 (共6层) | 2003年建 | 1室1厅 | 65.29平米 | 南 北,https://ke-image.ljcdn.com/110000-inspection/pc1_OWucThDhA.jpg!m_fill,w_280,h_210,f_jpg?from=ke.com
20230507,昌平,回龙观,101118150525,商品房满五年唯一精装自住房低楼层地铁建设中房主自荐,358万,62175元/平,低楼层 (共6层) 2室1厅 | 57.58平米 | 南 北,https://ke-image.ljcdn.com/110000-inspection/e2b77472-2b97-4191-9886-4b442b4e0e44_1000.jpg!m_fill,w_280,h_210,f_jpg?from=ke.com
20230507,昌平,回龙观,101118149131,此房是商五唯一报价户型格局好采光好,472万,59045元/平,中楼层 (共6层) | 2004年建 | 2室1厅 | 79.94平米 | 南 北,https://ke-image.ljcdn.com/110000-inspection/pc1_IRiZatgft.jpg!m_fill,w_280,h_210,f_jpg?from=ke.com
20230507,昌平,回龙观,101118147868,高楼层明厨明卫南北通透采光视野好,629万,62179元/平,高楼层 (共12层) 2室1厅 | 101.16平米 | 南 北,https://ke-image.ljcdn.com/110000-inspection/pc1_YhADRhtNs.jpg!m_fill,w_280,h_210,f_jpg?from=ke.com
20230507,昌平,回龙观,101118147090,矩阵三期中高层两居精装修多窗,549万,61191元/平,中楼层 (共11层) | 2007年建 | 2室1厅 | 89.72平米 | 东南 西北,https://ke-image.ljcdn.com/110000-inspection/520bd3a5-7dd8-4b73-82c1-f4deced5cc16_1000.jpg!m_fill,w_280,h_210,f_jpg?from=ke.com
20230507,昌平,回龙观,101118145260,万润家园 2室1厅 北,415万,62538元/平,高楼层 (共12层) | 2003年建 | 2室1厅 | 66.36平米 | 北,https://ke-image.ljcdn.com/110000-inspection/pc1_PIEl8VzQn.jpg!m_fill,w_280,h_210,f_jpg?from=ke.com
20230507,昌平,回龙观,101118144890,公园悦府大两居 两居两卫 南北通透房主自荐,646万,70679元/平,中楼层 (共11层) 2室2厅 | 91.4平米 | 南 北,https://ke-image.ljcdn.com/110000-inspection/pc1_5WsmZAtn6.jpg!m_fill,w_280,h_210,f_jpg?from=ke.com
20230507,昌平,回龙观,101118144177,融泽嘉园西二路6号院 2室1厅 南 北,592万,67022元/平,中楼层 (共31层) | 2016年建 | 2室1厅 | 88.33平米 | 南 北,https://ke-image.ljcdn.com/110000-inspection/pc1_yKgesvwqj_1.jpg!m_fill,w_280,h_210,f_jpg?from=ke.com
20230507,昌平,回龙观,101118141446,万龙经典两居户型 南北通透 不临街,420万,58529元/平,中楼层 (共6层) 2室1厅 | 71.76平米 | 南 北,https://ke-image.ljcdn.com/110000-inspection/pc1_mGLmVcgBh.jpg!m_fill,w_280,h_210,f_jpg?from=ke.com
20230507,昌平,回龙观,101118141046,京投发展公园悦府一区  万科物业    人车分流,860万,75805元/平,中楼层 (共11层) | 2014年建 | 3室2厅 | 113.45平米 | 南 北,https://ke-image.ljcdn.com/110000-inspection/d3c17419-6f39-4589-b697-35da8c03e442_1000.jpg!m_fill,w_280,h_210,f_jpg?from=ke.com
20230507,昌平,回龙观,101118139958,慧华苑低楼层精装修两室南北通透满五唯一,387万,54324元/平,底层 (共7层) | 1995年建 | 2室1厅 | 71.24平米 | 南 北,https://ke-image.ljcdn.com/110000-inspection/64d7469c-49b8-47fc-9721-d3a38a79ce18_1000.jpg!m_fill,w_280,h_210,f_jpg?from=ke.com
20230507,昌平,回龙观,101118138306,龙华园+首套首付192万+南北通透+集中供暖+精装修+等你,430万,55816元/平,高楼层 (共6层) 2室1厅 | 77.04平米 | 南 北,https://ke-image.ljcdn.com/110000-inspection/pc1_APf2XdRYR.jpg!m_fill,w_280,h_210,f_jpg?from=ke.com
20230507,昌平,回龙观,101118137695,眼镜户型 中间楼层 南北通透采光好 诚心出售 看房方便,680万,40851元/平,低楼层 (共6层) 4室2厅 | 166.46平米 | 南 北,https://ke-image.ljcdn.com/110000-inspection/pc1_HcFt0pRjb.jpg!m_fill,w_280,h_210,f_jpg?from=ke.com
20230507,昌平,回龙观,101118137446,首开智慧社 商品房满五唯一 近地铁 楼龄新 交通方便房主自荐,580万,64668元/平,中楼层 (共21层) 2室1厅 | 89.69平米 | 西南,https://ke-image.ljcdn.com/110000-inspection/pc1_HwD9yk8WZ_1.jpg!m_fill,w_280,h_210,f_jpg?from=ke.com
20230507,昌平,回龙观,101118134386,融泽嘉园中路2号院 正对花园水系 楼间距大 全明格局房主自荐,588万,59509元/平,中楼层 (共27层) | 2014年建 | 2室1厅 | 98.81平米 | 南 北,https://ke-image.ljcdn.com/110000-inspection/be195154-ae53-4228-9a21-796b208c4794_1000.jpg!m_fill,w_280,h_210,f_jpg?from=ke.com
20230507,昌平,回龙观,101118127905,高楼层南向一居室 视野采光无影响 看房有钥匙,459万,73101元/平,中楼层 (共21层) 1室1厅 | 62.79平米 | 南,https://ke-image.ljcdn.com/110000-inspection/pc1_vUh3xWiOi.jpg!m_fill,w_280,h_210,f_jpg?from=ke.com
20230507,昌平,回龙观,101118127527,龙锦苑一区南北双通透精装修两居室,475万,53383元/平,中楼层 (共6层) | 2005年建 | 2室1厅 | 88.98平米 | 南 北,https://ke-image.ljcdn.com/110000-inspection/pc1_H9XuOGGLn.jpg!m_fill,w_280,h_210,f_jpg?from=ke.com
20230507,昌平,回龙观,101118123663,慧华苑 店长推荐 精装修 南向双卧 南北通透 户型方正,400万,56594元/平,顶层 (共6层) | 1996年建 | 2室1厅 | 70.68平米 | 南 北,https://ke-image.ljcdn.com/110000-inspection/be4102ef-6c0c-452e-b36a-ef40ddc01eea_1000.jpg!m_fill,w_280,h_210,f_jpg?from=ke.com
20230507,昌平,回龙观,101118119335,龙锦苑四区 1室1厅 南 北,415万,63476元/平,低楼层 (共7层) | 2003年建 | 1室1厅 | 65.38平米 | 南 北,https://ke-image.ljcdn.com/110000-inspection/71e98998-6244-4e62-a22c-21091f223d62_1000.jpg!m_fill,w_280,h_210,f_jpg?from=ke.com
20230507,昌平,回龙观,101118117776,龙兴园中区 中间楼层 满五年唯一 精装修 看房提前联系,465万,53683元/平,低楼层 (共6层) | 1997年建 | 2室1厅 | 86.62平米 | 南 北,https://ke-image.ljcdn.com/110000-inspection/pc1_5TS8wJE0R.jpg!m_fill,w_280,h_210,f_jpg?from=ke.com
20230507,昌平,回龙观,101118111801,商品房满五唯一中间层小区门口在建地铁站,489万,51474元/平,中楼层 (共6层) | 2000年建 | 2室1厅 | 95平米 | 南 北,https://ke-image.ljcdn.com/110000-inspection/pc1_0qKwgX2Pk.jpg!m_fill,w_280,h_210,f_jpg?from=ke.com
20230507,昌平,回龙观,101118108125,西二旗 金域华府 满五年唯一 精装修 南北通透两居室房主自荐,705万,71705元/平,低楼层 (共28层) 2室1厅 | 98.32平米 | 南 北,https://ke-image.ljcdn.com/110000-inspection/9f528245-3888-4e69-baf3-764e21c7cde7_1000.jpg!m_fill,w_280,h_210,f_jpg?from=ke.com
20230507,昌平,回龙观,101118105490,金达园 满五唯一 不把边不临街 采光好 诚意卖,416万,47392元/平,顶层 (共6层) | 1998年建 | 2室1厅 | 87.78平米 | 南 北,https://ke-image.ljcdn.com/110000-inspection/pc1_e5sy0ZY7R.jpg!m_fill,w_280,h_210,f_jpg?from=ke.com
20230507,昌平,回龙观,101118103190,新龙城 不临街  南北通透两居室 A1户型 诚意出售,605万,62173元/平,高楼层 (共9层) 2室1厅 | 97.31平米 | 南 北,https://ke-image.ljcdn.com/110000-inspection/pc1_lIrrXfMxD.jpg!m_fill,w_280,h_210,f_jpg?from=ke.com
20230507,昌平,回龙观,101118101859,美唐花园 店长推荐 精装修好楼层,680万,79963元/平,中楼层 (共18层) | 2016年建 | 2室1厅 | 85.04平米 | 南 西,https://ke-image.ljcdn.com/110000-inspection/60df1c99-6566-4227-883d-b39f8bed6b61_1000.jpg!m_fill,w_280,h_210,f_jpg?from=ke.com
20230507,昌平,回龙观,101118099560,龙跃苑东四区低楼层精装修南北向两居室,530万,54668元/平,底层 (共6层) | 2007年建 | 2室1厅 | 96.95平米 | 南 北,https://ke-image.ljcdn.com/110000-inspection/2bc3b303-7ea4-4a98-9e6f-6d9165c13efc_1000.jpg!m_fill,w_280,h_210,f_jpg?from=ke.com
20230507,昌平,回龙观,101118099094,满五唯一 南北通透 视野采光无遮挡 正对小区花园房主自荐,589万,67423元/平,高楼层 (共34层) | 2016年建 | 2室1厅 | 87.36平米 | 南 北,https://ke-image.ljcdn.com/110000-inspection/pc1_saKU9GKPT.jpg!m_fill,w_280,h_210,f_jpg?from=ke.com
20230507,昌平,回龙观,101118098885,龙腾苑六区经典118三居室 商品房满五唯一 业主急售,516万,43752元/平,顶层 (共6层) | 2002年建 | 3室1厅 | 117.94平米 | 南 北,https://ke-image.ljcdn.com/110000-inspection/pc1_FYBO0hWOq.jpg!m_fill,w_280,h_210,f_jpg?from=ke.com
20230507,昌平,回龙观,101118097683,融泽嘉园西二路2号院满五唯一南北通透,560万,63724元/平,低楼层 (共30层) | 2016年建 | 2室1厅 | 87.88平米 | 南 北,https://ke-image.ljcdn.com/110000-inspection/a9ae8764-5c74-4460-9d7f-ba3eea61c4c6_1000.jpg!m_fill,w_280,h_210,f_jpg?from=ke.com
20230507,昌平,回龙观,101118096526,龙泽苑西区+钢混结构+低楼层便于出行+户型方正+不临街,640万,55163元/平,低楼层 (共7层) | 2005年建 | 2室2厅 | 116.02平米 | 南 北,https://ke-image.ljcdn.com/110000-inspection/pc1_lahrKpwAE.jpg!m_fill,w_280,h_210,f_jpg?from=ke.com
20230507,昌平,回龙观,101118090363,新龙城  五期  南北通透两居室 M1户型 诚意出售,628万,62826元/平,低楼层 (共15层) 2室1厅 | 99.96平米 | 南 北,https://ke-image.ljcdn.com/110000-inspection/pc1_HshwVus6W.jpg!m_fill,w_280,h_210,f_jpg?from=ke.com
20230507,昌平,回龙观,101118088476,矩阵二期 2室2厅 南 北,532万,59462元/平,中楼层 (共12层) | 2005年建 | 2室2厅 | 89.47平米 | 南 北,https://ke-image.ljcdn.com/110000-inspection/049dd6ab-9cbc-4351-ac97-92b2cdd1337a_1000.jpg!m_fill,w_280,h_210,f_jpg?from=ke.com
20230507,昌平,回龙观,101118080407,龙华园商品房满五年唯一南北通透精装修拎包入住,412万,50721元/平,中楼层 (共7层) 2室1厅 | 81.23平米 | 南 北,https://ke-image.ljcdn.com/110000-inspection/pc1_oVawYeXQD.jpg!m_fill,w_280,h_210,f_jpg?from=ke.com
20230507,昌平,回龙观,101118080180,明厨明卫中间楼层大三居商五唯一,629万,49961元/平,中楼层 (共6层) | 2002年建 | 3室1厅 | 125.9平米 | 东 南 北,https://ke-image.ljcdn.com/110000-inspection/pc1_AcyO4M5Fq.jpg!m_fill,w_280,h_210,f_jpg?from=ke.com
20230507,昌平,回龙观,101118079885,流星花园三区 北向开间 目前出租 看房提前预约,320万,66834元/平,低楼层 (共11层) | 2006年建 | 1室0厅 | 47.88平米 | 北,https://ke-image.ljcdn.com/110000-inspection/pc1_JA6XJpvS7_1.jpg!m_fill,w_280,h_210,f_jpg?from=ke.com
20230507,昌平,回龙观,101118077075,龙泽苑东区 精装修 地铁13号线 龙泽 满五唯一房主自荐,520万,68467元/平,中楼层 (共7层) | 2005年建 | 2室1厅 | 75.95平米 | 东 西,https://ke-image.ljcdn.com/110000-inspection/pc1_FaYsJFIo4.jpg!m_fill,w_280,h_210,f_jpg?from=ke.com
20230507,昌平,回龙观,101118074557,北京市农学院家属宿舍 3室2厅 南 北,480万,42288元/平,顶层 (共6层) 3室2厅 | 113.51平米 | 南 北,https://ke-image.ljcdn.com/110000-inspection/pc1_olcAHMuQz.jpg!m_fill,w_280,h_210,f_jpg?from=ke.com
20230507,昌平,回龙观,101118073362,户型方正 采光没遮挡 商品房满五唯一 适合贷款客户,488万,47196元/平,顶层 (共6层) | 2005年建 | 2室1厅 | 103.4平米 | 南 北,https://ke-image.ljcdn.com/110000-inspection/pc1_IvpPmhjqv.jpg!m_fill,w_280,h_210,f_jpg?from=ke.com
20230507,昌平,回龙观,101118072633,融泽嘉园中路12号院高层南北三居,648万,62344元/平,顶层 (共31层) | 2014年建 | 3室1厅 | 103.94平米 | 东 南 北,https://ke-image.ljcdn.com/110000-inspection/pc1_s9yUF1REi.jpg!m_fill,w_280,h_210,f_jpg?from=ke.com
20230507,昌平,回龙观,101118071772,龙腾苑二区 采光好视野好 配套齐全,489万,53449元/平,顶层 (共6层) | 2003年建 | 2室1厅 | 91.49平米 | 南 北,https://ke-image.ljcdn.com/110000-inspection/pc1_RiaCQpr6S.jpg!m_fill,w_280,h_210,f_jpg?from=ke.com
20230507,昌平,回龙观,101118071116,融泽嘉园西二路2号院南北通透两居室,560万,64280元/平,低楼层 (共34层) | 2016年建 | 2室1厅 | 87.12平米 | 南 北,https://ke-image.ljcdn.com/110000-inspection/pc1_joA7hxHQ0.jpg!m_fill,w_280,h_210,f_jpg?from=ke.com
20230507,昌平,回龙观,101118067902,骊龙园中间层三居双卫格局好近地铁,715万,54996元/平,中楼层 (共6层) | 2005年建 | 3室2厅 | 130.01平米 | 南 北,https://ke-image.ljcdn.com/110000-inspection/pc1_3yGbU2tRC.jpg!m_fill,w_280,h_210,f_jpg?from=ke.com
20230507,昌平,回龙观,101118067010,首开国风美唐三期 商品房 南北通透 小区中间,645万,67533元/平,底层 (共18层) | 2016年建 | 2室1厅 | 95.51平米 | 南 北,https://ke-image.ljcdn.com/110000-inspection/d735e09b-7851-481c-b955-04d1c870bb7d_1000.jpg!m_fill,w_280,h_210,f_jpg?from=ke.com
20230507,昌平,回龙观,101118066108,满五年唯一 2005年商品房社区  稳定签约 看房随时,482万,63247元/平,高楼层 (共6层) 2室1厅 | 76.21平米 | 东 西,https://ke-image.ljcdn.com/110000-inspection/pc1_gFxhf356l.jpg!m_fill,w_280,h_210,f_jpg?from=ke.com
20230507,昌平,回龙观,101118061168,商品房满五年唯一    精装修   小区中间位置房主自荐,449万,62154元/平,中楼层 (共6层) | 2004年建 | 1室1厅 | 72.24平米 | 南,https://ke-image.ljcdn.com/110000-inspection/pc1_HDKeK74Zj.jpg!m_fill,w_280,h_210,f_jpg?from=ke.com
20230507,昌平,回龙观,101118060286,龙博苑二区 南北通透 近地铁 次顶层 满五年唯一房主自荐,487万,55958元/平,中楼层 (共7层) | 2004年建 | 3室1厅 | 87.03平米 | 南 北,https://ke-image.ljcdn.com/110000-inspection/pc1_t0eoF0SUJ.jpg!m_fill,w_280,h_210,f_jpg?from=ke.com
20230507,昌平,回龙观,101118059375,新龙城 明厨明卫 满五唯一随时可看,628万,62675元/平,中楼层 (共20层) | 2007年建 | 3室1厅 | 100.2平米 | 南 北,https://ke-image.ljcdn.com/110000-inspection/pc1_LbJFf1j4D.jpg!m_fill,w_280,h_210,f_jpg?from=ke.com
20230507,昌平,回龙观,101118058237,公园悦府中间位置中间楼层格局方正 南北通透,618万,68920元/平,中楼层 (共11层) | 2014年建 | 2室2厅 | 89.67平米 | 南 北,https://ke-image.ljcdn.com/110000-inspection/pc1_JmTOd4rnb.jpg!m_fill,w_280,h_210,f_jpg?from=ke.com
20230507,昌平,回龙观,101118056900,龙华园 2室1厅 南 北,390万,58700元/平,中楼层 (共7层) 2室1厅 | 66.44平米 | 南 北,https://ke-image.ljcdn.com/110000-inspection/pc1_3unDwOyvW.jpg!m_fill,w_280,h_210,f_jpg?from=ke.com
20230507,昌平,回龙观,101118056673,流星花园 电梯洋房 低板三居 中间楼层 精装修 诚意售,675万,58773元/平,中楼层 (共6层) | 2004年建 | 3室1厅 | 114.85平米 | 南 北,https://ke-image.ljcdn.com/110000-inspection/pc1_2I8ZzEd9Q.jpg!m_fill,w_280,h_210,f_jpg?from=ke.com
20230507,昌平,回龙观,101118053675,首开国风美唐二期 婚房装修高楼层采光好 看房随时房主自荐,678万,74066元/平,高楼层 (共16层) 2室1厅 | 91.54平米 | 南,https://ke-image.ljcdn.com/110000-inspection/7bfb86c7-fc2c-4579-b7dd-77435072c6c5_1000.jpg!m_fill,w_280,h_210,f_jpg?from=ke.com
20230507,昌平,回龙观,101118053584,新龙城五期精装商品房满五唯一两居室,589万,58185元/平,顶层 (共15层) | 2007年建 | 2室1厅 | 101.23平米 | 南 北,https://ke-image.ljcdn.com/110000-inspection/pc1_xITZNGvaG.jpg!m_fill,w_280,h_210,f_jpg?from=ke.com
20230507,昌平,回龙观,101118052718,好业主好楼层好采光三好房屋,569万,65103元/平,中楼层 (共34层) | 2016年建 | 2室1厅 | 87.4平米 | 南,https://ke-image.ljcdn.com/110000-inspection/pc1_d5zS39FgD.jpg!m_fill,w_280,h_210,f_jpg?from=ke.com
20230507,昌平,回龙观,101118052606,北京人家+商五唯一+卫生间带窗户+三居室+精装修房主自荐,545万,55101元/平,高楼层 (共6层) | 2004年建 | 3室2厅 | 98.91平米 | 南 北,https://ke-image.ljcdn.com/110000-inspection/40903d25-d8c4-4445-afaa-66f0bcbd3665_1000.jpg!m_fill,w_280,h_210,f_jpg?from=ke.com
20230507,昌平,回龙观,101118050867,领秀慧谷A区 电梯南向一居 全天采光 在京唯一住房,402万,63347元/平,顶层 (共11层) | 2011年建 | 1室1厅 | 63.46平米 | 南,https://ke-image.ljcdn.com/110000-inspection/f3fdfbbe-9733-41c9-8e37-85ac46a854ee_1000.jpg!m_fill,w_280,h_210,f_jpg?from=ke.com
20230507,昌平,回龙观,101118050000,龙博苑二区 中高楼层 采光好 装修好,398万,64101元/平,高楼层 (共6层) | 2004年建 | 1室1厅 | 62.09平米 | 南,https://ke-image.ljcdn.com/110000-inspection/pc1_zgV5RC9Df.jpg!m_fill,w_280,h_210,f_jpg?from=ke.com
20230507,昌平,回龙观,101118049600,新上：南北双通透双落地窗+商品房唯一+临地铁,510万,42999元/平,顶层 (共6层) | 2006年建 | 3室1厅 | 118.61平米 | 南 北,https://ke-image.ljcdn.com/110000-inspection/aca41f43-518a-4ee0-b41d-b28ec5868ac9_1000.jpg!m_fill,w_280,h_210,f_jpg?from=ke.com
20230507,昌平,回龙观,101118047248,首开智慧社  满五唯一住房   彩光好房主自荐,580万,67388元/平,低楼层 (共17层) | 2011年建 | 2室1厅 | 86.07平米 | 南 北,https://ke-image.ljcdn.com/110000-inspection/pc1_m0dKP6NbL.jpg!m_fill,w_280,h_210,f_jpg?from=ke.com
20230507,昌平,回龙观,101118045331,南北通透无任何遮挡户型合理,515万,49076元/平,高楼层 (共6层) 2室1厅 | 104.94平米 | 南 北,https://ke-image.ljcdn.com/110000-inspection/pc1_0SvsJk6Yq.jpg!m_fill,w_280,h_210,f_jpg?from=ke.com
20230507,昌平,回龙观,101118045252,龙回苑商品房满五唯一不临街户型方正。,448万,51430元/平,高楼层 (共6层) | 2004年建 | 2室1厅 | 87.11平米 | 东 西,https://ke-image.ljcdn.com/110000-inspection/pc1_Ga99EFsLc.jpg!m_fill,w_280,h_210,f_jpg?from=ke.com
20230507,昌平,回龙观,101118045030,高楼层次顶层业主诚意出售仅契税,472万,67362元/平,高楼层 (共20层) 1室1厅 | 70.07平米 | 南,https://ke-image.ljcdn.com/110000-inspection/pc1_MpPpqCJuy.jpg!m_fill,w_280,h_210,f_jpg?from=ke.com
20230507,昌平,回龙观,101118044762,此房满五唯一  南北通透  周边配套齐全,515万,58965元/平,底层 (共34层) | 2016年建 | 2室1厅 | 87.34平米 | 南 北,https://ke-image.ljcdn.com/110000-inspection/pc1_doJKiWk8g.jpg!m_fill,w_280,h_210,f_jpg?from=ke.com
20230507,昌平,回龙观,101118044220,此房满五唯一业主靠谱出售户型方正,399万,70124元/平,低楼层 (共20层) 1室1厅 | 56.9平米 | 北,https://ke-image.ljcdn.com/110000-inspection/pc1_8IW3WYT4p.jpg!m_fill,w_280,h_210,f_jpg?from=ke.com
20230507,昌平,回龙观,101118043393,公园悦府 精装修 南北通透 高品质社区,650万,69534元/平,中楼层 (共22层) 2室2厅 | 93.48平米 | 北 南,https://ke-image.ljcdn.com/110000-inspection/d0ada788-aa60-402c-b7e3-ad23f3b292a8_1000.jpg!m_fill,w_280,h_210,f_jpg?from=ke.com
20230507,昌平,回龙观,101118042591,小区中间位置南北通透户型方正随时签约,579万,48392元/平,中楼层 (共6层) 3室1厅 | 119.65平米 | 南 北,https://ke-image.ljcdn.com/110000-inspection/af537ebf-5509-45ab-bef1-e2ba0485b8a5_1000.jpg!m_fill,w_280,h_210,f_jpg?from=ke.com
20230507,昌平,回龙观,101118042207,龙兴园中区南北两居 中间楼层 小区中间位置,485万,55812元/平,中楼层 (共6层) | 2003年建 | 2室1厅 | 86.9平米 | 南 北,https://ke-image.ljcdn.com/110000-inspection/33e6a696-95dc-471e-8b11-023950fdac89_1000.jpg!m_fill,w_280,h_210,f_jpg?from=ke.com
20230507,昌平,回龙观,101118037183,首开智慧社主打两居近地铁出行方便采光充足,585万,65225元/平,中楼层 (共21层) 2室1厅 | 89.69平米 | 南 西,https://ke-image.ljcdn.com/110000-inspection/pc1_wHvQczqSJ.jpg!m_fill,w_280,h_210,f_jpg?from=ke.com
20230507,昌平,回龙观,101118035730,阳光斯坦福 小区中间 低楼层两居 满五年唯一商品房房主自荐,490万,58348元/平,低楼层 (共6层) 2室1厅 | 83.98平米 | 南 北,https://ke-image.ljcdn.com/110000-inspection/pc1_V3d9Q8zwQ.jpg!m_fill,w_280,h_210,f_jpg?from=ke.com
20230507,昌平,回龙观,101118035004,京投发展公园悦府一区 2室2厅 南,570万,69674元/平,高楼层 (共22层) | 2015年建 | 2室2厅 | 81.81平米 | 南,https://ke-image.ljcdn.com/110000-inspection/24341640-da12-4924-a195-a57646e58113_1000.jpg!m_fill,w_280,h_210,f_jpg?from=ke.com
20230507,昌平,回龙观,101118034391,流星花园三区 电梯商品房 次顶层 精装修,349万,70349元/平,高楼层 (共11层) 1室1厅 | 49.61平米 | 北,https://ke-image.ljcdn.com/110000-inspection/pc1_Dt4ePtXgq.jpg!m_fill,w_280,h_210,f_jpg?from=ke.com
20230507,昌平,回龙观,101118030444,流星花园三区 1室1厅 北,340万,68535元/平,低楼层 (共11层) 1室1厅 | 49.61平米 | 北,https://ke-image.ljcdn.com/110000-inspection/pc1_OetQBbN7O.jpg!m_fill,w_280,h_210,f_jpg?from=ke.com
20230507,昌平,回龙观,101118028436,龙锦苑四区 边户 不临街 低楼层 采光好,478万,50706元/平,低楼层 (共6层) | 2003年建 | 2室1厅 | 94.27平米 | 南 北,https://ke-image.ljcdn.com/110000-inspection/cd24d911-3a35-41ff-8b79-f594d3a009f7_1000.jpg!m_fill,w_280,h_210,f_jpg?from=ke.com
20230507,昌平,回龙观,101118025785,满五唯一中高层、南向采光好位置好随时签约,600万,68416元/平,中楼层 (共34层) 2室1厅 | 87.7平米 | 南,https://ke-image.ljcdn.com/110000-inspection/pc1_vcH1QjY7f.jpg!m_fill,w_280,h_210,f_jpg?from=ke.com
20230507,昌平,回龙观,101118021355,龙锦苑六区 中间楼层 商满五唯一 户型方正 采光好,550万,47906元/平,中楼层 (共7层) 3室1厅 | 114.81平米 | 南 北,https://ke-image.ljcdn.com/110000-inspection/486263fe-df1c-4279-9309-3c10722aae0d_1000.jpg!m_fill,w_280,h_210,f_jpg?from=ke.com
20230507,昌平,回龙观,101118019839,270°采光满五年唯一中间楼层电梯洋房全天采光房主自荐,668万,58902元/平,中楼层 (共6层) 3室1厅 | 113.41平米 | 南 北,https://ke-image.ljcdn.com/110000-inspection/72ecb034-487d-4e54-b04d-99ff9dca37ff_1000.jpg!m_fill,w_280,h_210,f_jpg?from=ke.com
20230507,昌平,回龙观,101118016939,优质房源户型好产权清晰采光好视野好配套设施齐全房主自荐,349万,58844元/平,中楼层 (共4层) | 1988年建 | 2室1厅 | 59.31平米 | 南,https://ke-image.ljcdn.com/110000-inspection/pc1_MJGzPNO0R.jpg!m_fill,w_280,h_210,f_jpg?from=ke.com
20230507,昌平,回龙观,101118016904,和谐家园一区南北三居室商品房无遮挡,499万,42107元/平,顶层 (共6层) | 2006年建 | 3室1厅 | 118.51平米 | 南 北,https://ke-image.ljcdn.com/110000-inspection/a362f7f6-3b70-40f2-b82b-a645e4c7388c_1000.jpg!m_fill,w_280,h_210,f_jpg?from=ke.com
20230507,昌平,回龙观,101118016777,满五唯一户型方正南北通透看房方便,698万,66369元/平,低楼层 (共34层) | 2015年建 | 3室1厅 | 105.17平米 | 南 西 北,https://ke-image.ljcdn.com/110000-inspection/pc1_wxWCTMFiH.jpg!m_fill,w_280,h_210,f_jpg?from=ke.com
20230507,昌平,回龙观,101118016079,2016年品质社区电梯板楼商满五唯一、全明格局！,639万,70251元/平,中楼层 (共11层) 2室2厅 | 90.96平米 | 南 北,https://ke-image.ljcdn.com/110000-inspection/5b983f5a-2c1e-4d9f-b982-0d17a0ac4ef5_1000.jpg!m_fill,w_280,h_210,f_jpg?from=ke.com
20230507,昌平,回龙观,101118015153,龙腾苑六区 小区中间位置 中间楼层 商品房满五年唯一房主自荐,596万,50535元/平,中楼层 (共6层) | 2002年建 | 3室1厅 | 117.94平米 | 南 北,https://ke-image.ljcdn.com/110000-inspection/pc1_fOIRLPxod.jpg!m_fill,w_280,h_210,f_jpg?from=ke.com
20230507,昌平,回龙观,101118014458,矩阵二期南向电梯开间商满五唯一价格可谈,322万,73216元/平,中楼层 (共6层) | 2004年建 | 1室0厅 | 43.98平米 | 南,https://ke-image.ljcdn.com/110000-inspection/7fdf7386-c9b0-4b58-85e1-b8a17a8b9fba_1000.jpg!m_fill,w_280,h_210,f_jpg?from=ke.com
20230507,昌平,回龙观,101118014325,三合庄园 商品房 无户口 满五年,499万,54818元/平,顶层 (共5层) | 2006年建 | 2室1厅 | 91.03平米 | 南 北,https://ke-image.ljcdn.com/110000-inspection/pc1_zQ2R5zKwH_1.jpg!m_fill,w_280,h_210,f_jpg?from=ke.com
20230507,昌平,回龙观,101118013257,龙博苑三区 2室1厅 南 北,445万,55383元/平,高楼层 (共6层) | 2004年建 | 2室1厅 | 80.35平米 | 南 北,https://ke-image.ljcdn.com/110000-inspection/pc1_izU2vHgZQ.jpg!m_fill,w_280,h_210,f_jpg?from=ke.com
20230507,昌平,回龙观,101118012361,商满五唯一南北通透户型方正,450万,71214元/平,底层 (共6层) | 1996年建 | 2室1厅 | 63.19平米 | 南 北,https://ke-image.ljcdn.com/110000-inspection/pc1_fNFUy7noG.jpg!m_fill,w_280,h_210,f_jpg?from=ke.com
20230507,昌平,回龙观,101118010918,融泽中路2号院 商品房 满五年唯一 南北通透房主自荐,540万,67081元/平,顶层 (共27层) | 2014年建 | 2室1厅 | 80.5平米 | 南 北,https://ke-image.ljcdn.com/110000-inspection/pc1_6Rxa24uSK.jpg!m_fill,w_280,h_210,f_jpg?from=ke.com
20230507,昌平,回龙观,101118010712,回龙观经典社区西南北三面采光小区中间看房方便,535万,41139元/平,中楼层 (共5层) | 1996年建 | 3室2厅 | 130.05平米 | 南 西 北,https://ke-image.ljcdn.com/110000-inspection/pc1_pG4gCgrHf.jpg!m_fill,w_280,h_210,f_jpg?from=ke.com
20230507,昌平,回龙观,101118007784,北京人家顶层两居室南北通透沐浴阳光诚心出售房主自荐,448万,53144元/平,顶层 (共6层) | 2002年建 | 2室1厅 | 84.3平米 | 北 南,https://ke-image.ljcdn.com/110000-inspection/c7bf67f2-f1a0-4e03-96f4-62446132ed6a_1000.jpg!m_fill,w_280,h_210,f_jpg?from=ke.com
20230507,昌平,回龙观,101118007234,京投发展公园悦府一区精装修楼的位置好双卫,628万,70035元/平,低楼层 (共11层) | 2014年建 | 2室1厅 | 89.67平米 | 南 北,https://ke-image.ljcdn.com/110000-inspection/pc1_PFOUcbZF7.jpg!m_fill,w_280,h_210,f_jpg?from=ke.com
20230507,昌平,回龙观,101118007100,全明格局卫生间带窗户中间层满五唯一,469万,58905元/平,中楼层 (共6层) | 2004年建 | 2室1厅 | 79.62平米 | 南 北,https://ke-image.ljcdn.com/110000-inspection/pc1_CeeFmqr0B.jpg!m_fill,w_280,h_210,f_jpg?from=ke.com
20230507,昌平,回龙观,101118006670,云趣园一区 3室1厅 南 北,482万,43640元/平,顶层 (共6层) 3室1厅 | 110.45平米 | 南 北,https://ke-image.ljcdn.com/110000-inspection/pc1_OtltaHGm3.jpg!m_fill,w_280,h_210,f_jpg?from=ke.com
20230507,昌平,回龙观,101118001997,房子是满五年业主在京只有一套房产小区中间位置,739万,43461元/平,中楼层 (共7层) 4室2厅 | 170.04平米 | 南 西 北,https://ke-image.ljcdn.com/110000-inspection/2a08d125-c652-4790-a566-64e9c217765f_1000.jpg!m_fill,w_280,h_210,f_jpg?from=ke.com
20230507,昌平,回龙观,101118001275,回龙观 三居两卫 满五唯一 全明格局 不临街 安静宜居,489万,38483元/平,顶层 (共6层) 3室1厅 | 127.07平米 | 南 北,https://ke-image.ljcdn.com/110000-inspection/pc1_qSWkTg6Jq.jpg!m_fill,w_280,h_210,f_jpg?from=ke.com
20230507,昌平,回龙观,101118000692,公园悦府2020年次新房60万博洛尼装修大两居,719万,82559元/平,中楼层 (共27层) 2室2厅 | 87.09平米 | 南 西,https://ke-image.ljcdn.com/110000-inspection/82678427-02ca-40ad-ad5f-bf927acce9d4_1000.jpg!m_fill,w_280,h_210,f_jpg?from=ke.com
20230507,昌平,回龙观,101117992847,商五一  业主人好 房子自住的精装修 首套仅契税,499万,40123元/平,顶层 (共6层) 3室1厅 | 124.37平米 | 南 北,https://ke-image.ljcdn.com/110000-inspection/pc1_fBXD5whAo.jpg!m_fill,w_280,h_210,f_jpg?from=ke.com
20230507,昌平,回龙观,101117992823,融泽嘉园  南向两居室  满五唯一房主自荐,568万,64305元/平,中楼层 (共31层) | 2016年建 | 2室1厅 | 88.33平米 | 南,https://ke-image.ljcdn.com/110000-inspection/ac9f5019-cf15-4353-b4fb-ac13f4193331_1000.jpg!m_fill,w_280,h_210,f_jpg?from=ke.com
20230507,昌平,回龙观,101117990509,东六三面采光三居室两个落地窗满五唯一看房随时诚意卖房主自荐,671万,63802元/平,底层 (共34层) 3室1厅 | 105.17平米 | 南 西 北,https://ke-image.ljcdn.com/110000-inspection/pc1_65LebEnyQ.jpg!m_fill,w_280,h_210,f_jpg?from=ke.com
20230507,昌平,回龙观,101117988120,3层 精装  商满五一套  小区中间不临街,600万,50117元/平,中楼层 (共6层) | 2005年建 | 3室1厅 | 119.72平米 | 南 北,https://ke-image.ljcdn.com/110000-inspection/a4f909b5-64ce-466e-9ac0-66c53828f636_1000.jpg!m_fill,w_280,h_210,f_jpg?from=ke.com
20230507,昌平,回龙观,101117985971,商品房满五唯一中间位置视野开阔。,548万,62565元/平,中楼层 (共28层) | 2014年建 | 2室1厅 | 87.59平米 | 南,https://ke-image.ljcdn.com/110000-inspection/pc1_5ycLeE51q.jpg!m_fill,w_280,h_210,f_jpg?from=ke.com
20230507,昌平,回龙观,101117983129,小区中间位置 中间楼层 视野没有遮挡 业主诚心出售,550万,62764元/平,中楼层 (共27层) | 2014年建 | 2室1厅 | 87.63平米 | 南,https://ke-image.ljcdn.com/110000-inspection/pc1_PilIeWl4C_1.jpg!m_fill,w_280,h_210,f_jpg?from=ke.com
20230507,昌平,回龙观,101117982394,龙城花园W区一层带花园采光好,1250万,65271元/平,底层 (共4层) 3室2厅 | 191.51平米 | 南 北,https://ke-image.ljcdn.com/110000-inspection/60fde279-4f83-46f0-8775-fd3dc1f7057a_1000.jpg!m_fill,w_280,h_210,f_jpg?from=ke.com
20230507,昌平,回龙观,101117974940,龙锦苑一区  3居2卫 不临街 满五唯一,530万,42124元/平,高楼层 (共6层) | 2005年建 | 3室2厅 | 125.82平米 | 南 北,https://ke-image.ljcdn.com/110000-inspection/fe3f0f22-2c63-4ec5-b77c-453d39e97046_1000.jpg!m_fill,w_280,h_210,f_jpg?from=ke.com
20230507,昌平,回龙观,101117968946,商品房社区小区中间位置不临街房主自荐,450万,64823元/平,高楼层 (共6层) | 2000年建 | 2室1厅 | 69.42平米 | 南 北,https://ke-image.ljcdn.com/110000-inspection/6825376c-cca9-4f35-bd80-794de40a9a3a_1000.jpg!m_fill,w_280,h_210,f_jpg?from=ke.com
20230507,昌平,回龙观,101117966554,商品房满五唯一 中间楼层 精装修 随时可以签约,497万,56846元/平,中楼层 (共6层) | 2003年建 | 2室1厅 | 87.43平米 | 南 北,https://ke-image.ljcdn.com/110000-inspection/pc1_XRURXlSN1.jpg!m_fill,w_280,h_210,f_jpg?from=ke.com
20230507,昌平,回龙观,101117966058,首开国风美唐二期 2室1厅 东南,656万,77994元/平,高楼层 (共20层) 2室1厅 | 84.11平米 | 东南,https://ke-image.ljcdn.com/110000-inspection/pc1_0wJGYmEIs.jpg!m_fill,w_280,h_210,f_jpg?from=ke.com
20230507,昌平,回龙观,101117964081,龙腾苑四区 3室1厅 南 北房主自荐,665万,51921元/平,中楼层 (共6层) | 2003年建 | 3室1厅 | 128.08平米 | 南 北,https://ke-image.ljcdn.com/110000-inspection/pc1_B8oIOKij1.jpg!m_fill,w_280,h_210,f_jpg?from=ke.com
20230507,昌平,回龙观,101117964052,龙城花园N区 中间楼层 无遮挡 集中供暖,620万,57445元/平,中楼层 (共4层) 3室1厅 | 107.93平米 | 南 北,https://ke-image.ljcdn.com/110000-inspection/pc1_Jqf2NTZCW_1.jpg!m_fill,w_280,h_210,f_jpg?from=ke.com
20230507,昌平,回龙观,101117963871,商品房社区 钢混结构 落地窗 业主诚心出售,543万,55296元/平,中楼层 (共6层) | 2005年建 | 2室2厅 | 98.2平米 | 南 北,https://ke-image.ljcdn.com/110000-inspection/pc1_zdmaIjOvX.jpg!m_fill,w_280,h_210,f_jpg?from=ke.com
20230507,昌平,回龙观,101117958094,云趣园一区 商五唯一 中间楼层 双卧朝南 近地铁,512万,49241元/平,中楼层 (共6层) 3室2厅 | 103.98平米 | 南 北,https://ke-image.ljcdn.com/110000-inspection/pc1_ye0Pooy9x.jpg!m_fill,w_280,h_210,f_jpg?from=ke.com
20230507,昌平,回龙观,101117958010,和谐家园一区南北通透三居室满五唯一,539万,43014元/平,高楼层 (共6层) | 2006年建 | 3室1厅 | 125.31平米 | 南 北,https://ke-image.ljcdn.com/110000-inspection/pc1_gx9Zgg08b.jpg!m_fill,w_280,h_210,f_jpg?from=ke.com
20230507,昌平,回龙观,101117956147,龙跃苑一区   地暖社区    商品房满五年唯一,513万,41232元/平,顶层 (共6层) 3室1厅 | 124.42平米 | 南 北,https://ke-image.ljcdn.com/110000-inspection/f352504a-e8c1-4cfa-b579-a20bacbb16aa_1000.jpg!m_fill,w_280,h_210,f_jpg?from=ke.com
20230507,昌平,回龙观,101117954960,龙泽苑西区正规两居室南北通透业主自住精装修房主自荐,520万,64087元/平,中楼层 (共6层) | 1999年建 | 2室1厅 | 81.14平米 | 南 北,https://ke-image.ljcdn.com/110000-inspection/pc1_WKzoDOZeY.jpg!m_fill,w_280,h_210,f_jpg?from=ke.com
20230507,昌平,回龙观,101117950871,双通透户2居室 满五唯一 明厨明卫随时签约房主自荐,490万,47960元/平,高楼层 (共6层) | 2005年建 | 2室1厅 | 102.17平米 | 南 北,https://ke-image.ljcdn.com/110000-inspection/eeecb1f2-a835-4e1e-b9f3-34619624cf50_1000.jpg!m_fill,w_280,h_210,f_jpg?from=ke.com
20230507,昌平,回龙观,101117949398,中间楼层四居室南北通透 无任何遮挡,576万,41047元/平,中楼层 (共6层) 4室2厅 | 140.33平米 | 南 北,https://ke-image.ljcdn.com/110000-inspection/pc1_d2EMdYINI.jpg!m_fill,w_280,h_210,f_jpg?from=ke.com
20230507,昌平,回龙观,101117948622,融泽嘉园中路12号院 户型方正 采光充足房主自荐,546万,62329元/平,低楼层 (共31层) | 2014年建 | 2室1厅 | 87.6平米 | 南 北,https://ke-image.ljcdn.com/110000-inspection/441eb8de-7a5f-49e9-9b99-e56aa0774347_1000.jpg!m_fill,w_280,h_210,f_jpg?from=ke.com
20230507,昌平,回龙观,101117948445,2020年花费40万重新精装修 只有契税 带电梯 很安静,428万,63653元/平,高楼层 (共12层) | 2003年建 | 2室1厅 | 67.24平米 | 北,https://ke-image.ljcdn.com/110000-inspection/pc1_IigIiJWch.jpg!m_fill,w_280,h_210,f_jpg?from=ke.com
20230507,昌平,回龙观,101117946107,京投发展公园悦府一区 全南户型 满五唯一,539万,66717元/平,底层 (共22层) 2室1厅 | 80.79平米 | 南,https://ke-image.ljcdn.com/110000-inspection/pc1_LYc0LHBoA.jpg!m_fill,w_280,h_210,f_jpg?from=ke.com
20230507,昌平,回龙观,101117942083,龙锦苑四区三居两卫南北通透可看景色公园早市地铁600,596万,49155元/平,中楼层 (共6层) 3室2厅 | 121.25平米 | 南 北,https://ke-image.ljcdn.com/110000-inspection/3627cfd8-2508-492d-9560-fec01d745066_1000.jpg!m_fill,w_280,h_210,f_jpg?from=ke.com
20230507,昌平,回龙观,101117941445,天巢园 全南朝向一居室看房方便,388万,62340元/平,低楼层 (共22层) 1室1厅 | 62.24平米 | 南,https://ke-image.ljcdn.com/110000-inspection/11f27b09-df71-42b6-8049-65b0d563694b_1000.jpg!m_fill,w_280,h_210,f_jpg?from=ke.com
20230507,昌平,回龙观,101117935931,满五年唯一精装修诚意出售中高楼层采光视野好,488万,77350元/平,中楼层 (共34层) 1室1厅 | 63.09平米 | 南,https://ke-image.ljcdn.com/110000-inspection/pc1_lYvIfm2Bj.jpg!m_fill,w_280,h_210,f_jpg?from=ke.com
20230507,昌平,回龙观,101117934516,满五唯一格局方正小区中间位置 高楼层采光好房主自荐,399万,67742元/平,高楼层 (共6层) | 2004年建 | 1室1厅 | 58.9平米 | 南,https://ke-image.ljcdn.com/110000-inspection/pc1_KW5ETRK7c_1.jpg!m_fill,w_280,h_210,f_jpg?from=ke.com
20230507,昌平,回龙观,101117931369,满五唯一商品房 小区中间位置 中间楼层房主自荐,465万,53590元/平,高楼层 (共6层) | 2003年建 | 2室1厅 | 86.77平米 | 南 北,https://ke-image.ljcdn.com/110000-inspection/pc1_q7uPruY3C_1.jpg!m_fill,w_280,h_210,f_jpg?from=ke.com
20230507,昌平,回龙观,101117929857,风雅园三区1室1厅  小区中间 视野开阔  南北通透房主自荐,403万,52832元/平,高楼层 (共6层) 1室1厅 | 76.28平米 | 南 北,https://ke-image.ljcdn.com/110000-inspection/pc1_fVaQjZQfx.jpg!m_fill,w_280,h_210,f_jpg?from=ke.com
20230507,昌平,回龙观,101117928554,南北通透平层四居室中间楼层 户型方正,600万,31865元/平,高楼层 (共6层) 4室2厅 | 188.3平米 | 南 北,https://ke-image.ljcdn.com/110000-inspection/pc1_hojUi9OHL.jpg!m_fill,w_280,h_210,f_jpg?from=ke.com
20230507,昌平,回龙观,101117927775,金达园   满五唯一 一居   精装修  中间层,320万,56799元/平,中楼层 (共5层) | 1998年建 | 1室1厅 | 56.34平米 | 东,https://ke-image.ljcdn.com/110000-inspection/bc00690c-a33e-43d8-8a98-c5b34a1a12b9_1000.jpg!m_fill,w_280,h_210,f_jpg?from=ke.com
20230507,昌平,回龙观,101117925697,京投发展公园悦府二区 房龄2年 标准次新房主自荐,988万,82817元/平,中楼层 (共27层) | 2018年建 | 3室1厅 | 119.3平米 | 南 北,https://ke-image.ljcdn.com/110000-inspection/pc1_kNYS4bJBr.jpg!m_fill,w_280,h_210,f_jpg?from=ke.com
20230507,昌平,回龙观,101117923722,满五唯一南北通透明厨明卫中间采光通风好不临街,650万,66051元/平,中楼层 (共12层) 2室1厅 | 98.41平米 | 南 北,https://ke-image.ljcdn.com/110000-inspection/pc1_P0ul5J2kO.jpg!m_fill,w_280,h_210,f_jpg?from=ke.com
20230507,昌平,回龙观,101117922579,北京人家精装两居拎包入住满五唯一。房主自荐,530万,56655元/平,低楼层 (共10层) | 2005年建 | 2室1厅 | 93.55平米 | 东 南 西,https://ke-image.ljcdn.com/110000-inspection/19b4df52-bf14-40ee-9d6a-d65d9bacb1b0_1000.jpg!m_fill,w_280,h_210,f_jpg?from=ke.com
20230507,昌平,回龙观,101117922443,龙华园正规一居室南北通透中间三层满五唯一房主自荐,359万,58082元/平,中楼层 (共6层) 1室1厅 | 61.81平米 | 南 北,https://ke-image.ljcdn.com/110000-inspection/c2e53480-d00a-4f7d-9b8b-0c72cde81a03_1000.jpg!m_fill,w_280,h_210,f_jpg?from=ke.com
20230507,昌平,回龙观,101117920726,风雅园二区 2室1厅 西 北房主自荐,469万,51162元/平,中楼层 (共6层) | 2000年建 | 2室1厅 | 91.67平米 | 西 北,https://ke-image.ljcdn.com/110000-inspection/pc1_qlnjEm4x4.jpg!m_fill,w_280,h_210,f_jpg?from=ke.com
20230507,昌平,回龙观,101117919667,商品房满五年唯一南北通透明厨明卫两梯两户,709万,61610元/平,高楼层 (共20层) 3室1厅 | 115.08平米 | 南 北,https://ke-image.ljcdn.com/110000-inspection/pc1_frHMjOWDz.jpg!m_fill,w_280,h_210,f_jpg?from=ke.com
20230507,昌平,回龙观,101117919198,云趣园三区+三居两卫+满两年+首套只有契税,490万,43622元/平,顶层 (共6层) | 2000年建 | 3室1厅 | 112.33平米 | 南 北,https://ke-image.ljcdn.com/110000-inspection/pc1_dPJyZYk3I.jpg!m_fill,w_280,h_210,f_jpg?from=ke.com
20230507,昌平,回龙观,101117917672,新龙城南向大一居高楼层视野开阔无遮挡,485万,69168元/平,高楼层 (共20层) 1室1厅 | 70.12平米 | 南,https://ke-image.ljcdn.com/110000-inspection/pc1_kZm1jqhKu.jpg!m_fill,w_280,h_210,f_jpg?from=ke.com
20230507,昌平,回龙观,101117914251,新龙城   小区中间 无遮挡  南北通透 三居室 H1 户型,799万,65995元/平,低楼层 (共10层) 3室1厅 | 121.07平米 | 南 北,https://ke-image.ljcdn.com/110000-inspection/pc1_cuPZkZw8i.jpg!m_fill,w_280,h_210,f_jpg?from=ke.com
20230507,昌平,回龙观,101117907930,龙腾苑六区 不临街 精装修三居室 商五唯一 诚心出售,599万,42426元/平,顶层 (共6层) | 2002年建 | 3室1厅 | 141.19平米 | 南 北,https://ke-image.ljcdn.com/110000-inspection/pc1_xvdvCXjnQ.jpg!m_fill,w_280,h_210,f_jpg?from=ke.com
20230507,昌平,回龙观,101117905561,6层板楼的2层不临街不把边商品房满五唯一给周期,618万,49779元/平,低楼层 (共6层) | 2006年建 | 3室1厅 | 124.15平米 | 南 北,https://ke-image.ljcdn.com/110000-inspection/pc1_YrHfzy2wJ.jpg!m_fill,w_280,h_210,f_jpg?from=ke.com
20230507,昌平,回龙观,101117905208,此房满五年唯一南北格局精装自住,635万,71149元/平,低楼层 (共11层) | 2014年建 | 2室1厅 | 89.25平米 | 南 北,https://ke-image.ljcdn.com/110000-inspection/d774331c-3a21-426a-9c84-0c3a43434be7_1000.jpg!m_fill,w_280,h_210,f_jpg?from=ke.com
20230507,昌平,回龙观,101117905146,京投发展公园悦府一区 眼睛户型三居室 自住装修,860万,76438元/平,低楼层 (共11层) 3室2厅 | 112.51平米 | 南 北,https://ke-image.ljcdn.com/110000-inspection/cbebb3ba-9671-435c-af41-91914373de12_1000.jpg!m_fill,w_280,h_210,f_jpg?from=ke.com
20230507,昌平,回龙观,101117905090,满五年商品房南北通透三居室 格局好  视野开阔,515万,43667元/平,顶层 (共6层) | 2002年建 | 3室2厅 | 117.94平米 | 南 北,https://ke-image.ljcdn.com/110000-inspection/pc1_cEEGpa8eg.jpg!m_fill,w_280,h_210,f_jpg?from=ke.com
20230507,昌平,回龙观,101117902945,首开智慧社 电梯房 交通便利 满五年,535万,62232元/平,底层 (共17层) 2室1厅 | 85.97平米 | 南 北,https://ke-image.ljcdn.com/110000-inspection/pc1_Z5oS7PGsS.jpg!m_fill,w_280,h_210,f_jpg?from=ke.com
20230507,昌平,回龙观,101117902591,龙华园精装两居室  大阳台  满五唯一商品房,409万,60692元/平,顶层 (共5层) 2室1厅 | 67.39平米 | 南 北,https://ke-image.ljcdn.com/110000-inspection/pc1_qlYTHXXJD.jpg!m_fill,w_280,h_210,f_jpg?from=ke.com
20230507,昌平,回龙观,101117899139,融泽嘉园东一路6号院   小区中间位置    视野无遮挡房主自荐,580万,65382元/平,高楼层 (共24层) 2室1厅 | 88.71平米 | 南,https://ke-image.ljcdn.com/110000-inspection/5bc0920c-0e10-45c7-86fa-357e17d76bae_1000.jpg!m_fill,w_280,h_210,f_jpg?from=ke.com
20230507,昌平,回龙观,101117897624,满五年唯一 简单装修  诚意出售,542万,48251元/平,低楼层 (共6层) 3室1厅 | 112.33平米 | 南 北,https://ke-image.ljcdn.com/110000-inspection/pc1_UUhHcbNcP.jpg!m_fill,w_280,h_210,f_jpg?from=ke.com
20230507,昌平,回龙观,101117896393,次新带电梯小区花园洋房的设计房主自荐,635万,70839元/平,低楼层 (共11层) 2室1厅 | 89.64平米 | 南 北,https://ke-image.ljcdn.com/110000-inspection/pc1_q9aNui1QM.jpg!m_fill,w_280,h_210,f_jpg?from=ke.com
20230507,昌平,回龙观,101117896284,融泽嘉园西二路2号院 2室1厅 南 北,565万,63327元/平,中楼层 (共34层) | 2016年建 | 2室1厅 | 89.22平米 | 南 北,https://ke-image.ljcdn.com/110000-inspection/pc1_hD6iN8guZ_1.jpg!m_fill,w_280,h_210,f_jpg?from=ke.com
20230507,昌平,回龙观,101117893746,龙博苑三区 2室1厅 南 北,479万,59674元/平,低楼层 (共6层) | 2005年建 | 2室1厅 | 80.27平米 | 南 北,https://ke-image.ljcdn.com/110000-inspection/pc1_ESPOs4lo2.jpg!m_fill,w_280,h_210,f_jpg?from=ke.com
20230507,昌平,回龙观,101117893250,精装三居 南北通透 拎包入住 房屋状况良好,518万,59255元/平,低楼层 (共7层) | 2004年建 | 3室1厅 | 87.42平米 | 南 北,https://ke-image.ljcdn.com/110000-inspection/pc1_YNwI2Wxse.jpg!m_fill,w_280,h_210,f_jpg?from=ke.com
20230507,昌平,回龙观,101117887464,首开智慧社  商品房 近地铁 不临街房主自荐,566万,63107元/平,低楼层 (共21层) | 2011年建 | 2室1厅 | 89.69平米 | 西南,https://ke-image.ljcdn.com/110000-inspection/pc1_FKBaGJpUd.jpg!m_fill,w_280,h_210,f_jpg?from=ke.com
20230507,昌平,回龙观,101117883080,风雅园三区 3室2厅 东 南 北,495万,40277元/平,高楼层 (共6层) | 2000年建 | 3室2厅 | 122.9平米 | 东 南 北,https://ke-image.ljcdn.com/110000-inspection/pc1_2bFPB3kMT.jpg!m_fill,w_280,h_210,f_jpg?from=ke.com
20230507,昌平,回龙观,101117880272,首开智慧社近地铁无遮挡采光棒精装修房主自荐,535万,61958元/平,低楼层 (共17层) | 2011年建 | 2室1厅 | 86.35平米 | 东 南,https://ke-image.ljcdn.com/110000-inspection/pc1_D3vjEzbLy.jpg!m_fill,w_280,h_210,f_jpg?from=ke.com
20230507,昌平,回龙观,101117876056,龙博苑一区 3室1厅 南 北,549万,46712元/平,顶层 (共6层) | 2005年建 | 3室1厅 | 117.53平米 | 南 北,https://ke-image.ljcdn.com/110000-inspection/pc1_pREr2RwqU.jpg!m_fill,w_280,h_210,f_jpg?from=ke.com
20230507,昌平,回龙观,101117872528,商品房满五唯一 婚房精装 一梯两户得房率80.2% 视野棒,638万,70921元/平,中楼层 (共11层) | 2014年建 | 2室1厅 | 89.96平米 | 南 北,https://ke-image.ljcdn.com/110000-inspection/8fc6c8f4-19c2-493e-8472-c31a947d29f0_1000.jpg!m_fill,w_280,h_210,f_jpg?from=ke.com
20230507,昌平,回龙观,101117871527,西二旗 龙兴园中区  正规三居房主自荐,535万,48641元/平,中楼层 (共6层) | 1997年建 | 3室1厅 | 109.99平米 | 南 北,https://ke-image.ljcdn.com/110000-inspection/5d922b61-d858-46b7-8944-f40b3e28c08b_1000.jpg!m_fill,w_280,h_210,f_jpg?from=ke.com
20230507,昌平,回龙观,101117869127,融泽嘉园中路12号院 正规三居室 满五唯一 低楼层,675万,64711元/平,低楼层 (共31层) 3室1厅 | 104.31平米 | 南 北 西,https://ke-image.ljcdn.com/110000-inspection/ec4c2f86-3a16-4e38-b65b-84c0588afa69_1000.jpg!m_fill,w_280,h_210,f_jpg?from=ke.com
20230507,昌平,回龙观,101117864985,龙跃苑三区  小区中间三居室  南北通透  商满五唯一房主自荐,565万,47241元/平,高楼层 (共6层) 3室2厅 | 119.6平米 | 南 北,https://ke-image.ljcdn.com/110000-inspection/62a8638e-a827-4859-95d8-87bab2c1f729_1000.jpg!m_fill,w_280,h_210,f_jpg?from=ke.com
20230507,昌平,回龙观,101117860094,融泽嘉园满五年北京一套房产随时看房南北通透,655万,60677元/平,低楼层 (共33层) 3室1厅 | 107.95平米 | 南 北,https://ke-image.ljcdn.com/110000-inspection/pc1_AVaVoHGGq_1.jpg!m_fill,w_280,h_210,f_jpg?from=ke.com
20230507,昌平,回龙观,101117857924,满五年唯一精装修南北双通透诚意出售,680万,62633元/平,中楼层 (共34层) | 2014年建 | 3室1厅 | 108.57平米 | 南 北,https://ke-image.ljcdn.com/110000-inspection/6c7922d7-c196-48fe-8142-8315981a9712_1000.jpg!m_fill,w_280,h_210,f_jpg?from=ke.com
20230507,昌平,回龙观,101117854943,钢混结构  南北双通透  商品房满五年唯一,528万,43078元/平,中楼层 (共7层) 3室1厅 | 122.57平米 | 南 北,https://ke-image.ljcdn.com/110000-inspection/pc1_0dATg8mnt.jpg!m_fill,w_280,h_210,f_jpg?from=ke.com
20230507,昌平,回龙观,101117854507,首开国风美唐二期业主自住精装修拎包入住,470万,75942元/平,低楼层 (共18层) | 2014年建 | 1室1厅 | 61.89平米 | 东,https://ke-image.ljcdn.com/110000-inspection/2c899b9b-3b1d-4a2c-9464-f54b40aefebb_1000.jpg!m_fill,w_280,h_210,f_jpg?from=ke.com
20230507,昌平,回龙观,101117852876,领秀慧谷A区 全明格局三居 诚心出售,530万,59338元/平,底层 (共11层) 3室1厅 | 89.32平米 | 南 北,https://ke-image.ljcdn.com/110000-inspection/pc1_n2XfUFthO.jpg!m_fill,w_280,h_210,f_jpg?from=ke.com
20230507,昌平,回龙观,101117850991,龙华园小区中间位置+南北通透+精装修,368万,62831元/平,底层 (共6层) | 1994年建 | 1室1厅 | 58.57平米 | 南 北,https://ke-image.ljcdn.com/110000-inspection/pc1_S5xh90bld.jpg!m_fill,w_280,h_210,f_jpg?from=ke.com
20230507,昌平,回龙观,101117848755,万龙社区 小区中间 低楼层 出入方便 南北通透,416万,67402元/平,底层 (共4层) | 1992年建 | 2室1厅 | 61.72平米 | 南 北,https://ke-image.ljcdn.com/110000-inspection/pc1_SqmbixABP.jpg!m_fill,w_280,h_210,f_jpg?from=ke.com
20230507,昌平,回龙观,101117844923,龙腾苑四区 商品房满五唯一 诚心出售,528万,59406元/平,中楼层 (共6层) | 2003年建 | 2室1厅 | 88.88平米 | 南 北 东,https://ke-image.ljcdn.com/110000-inspection/pc1_koinRwfki.jpg!m_fill,w_280,h_210,f_jpg?from=ke.com
20230507,昌平,回龙观,101117840778,冠庭园 钢混结构 落地窗 精装修 采光好 配套完善房主自荐,487万,64333元/平,中楼层 (共7层) | 2006年建 | 2室1厅 | 75.7平米 | 南 北,https://ke-image.ljcdn.com/110000-inspection/pc1_LImUPbMTd.jpg!m_fill,w_280,h_210,f_jpg?from=ke.com
20230507,昌平,回龙观,101117838153,中间楼层三居室户型方正满五唯一房主自荐,482万,47512元/平,中楼层 (共6层) 3室1厅 | 101.45平米 | 南 北,https://ke-image.ljcdn.com/110000-inspection/pc1_lw6UyMbBu.jpg!m_fill,w_280,h_210,f_jpg?from=ke.com
20230507,昌平,回龙观,101117831917,新龙城 电梯两居 采光好 带储物间 满五唯一,605万,60428元/平,高楼层 (共20层) 2室1厅 | 100.12平米 | 南 北,https://ke-image.ljcdn.com/110000-inspection/pc1_0Mtr405HW.jpg!m_fill,w_280,h_210,f_jpg?from=ke.com
20230507,昌平,回龙观,101117829614,满五年唯一商品房精装修价格可谈在小区中间位置房主自荐,578万,58986元/平,低楼层 (共28层) 2室1厅 | 97.99平米 | 南 北,https://ke-image.ljcdn.com/110000-inspection/pc1_9d3v2qddb_1.jpg!m_fill,w_280,h_210,f_jpg?from=ke.com
20230507,昌平,回龙观,101117827078,商品房满五年唯一不临街不把边低楼层采光好视野好,536万,60917元/平,底层 (共6层) | 2003年建 | 2室1厅 | 87.99平米 | 南 北,https://ke-image.ljcdn.com/110000-inspection/pc1_nksZLs2CO.jpg!m_fill,w_280,h_210,f_jpg?from=ke.com
20230507,昌平,回龙观,101117825736,慧华苑中间楼层精装修优质两居室房主自荐,395万,52618元/平,低楼层 (共7层) 2室1厅 | 75.07平米 | 南 北,https://ke-image.ljcdn.com/110000-inspection/pc1_6KFSyoGu3.jpg!m_fill,w_280,h_210,f_jpg?from=ke.com
20230507,昌平,回龙观,101117825616,精装修两居室可拎包入住落地窗采光好视野开阔,475万,48371元/平,顶层 (共6层) | 2005年建 | 2室1厅 | 98.2平米 | 南 北,https://ke-image.ljcdn.com/110000-inspection/pc1_OR6i0PYUd.jpg!m_fill,w_280,h_210,f_jpg?from=ke.com
20230507,昌平,回龙观,101117825391,公园悦府 南北通透两居室高楼层采光好自带公园,620万,65776元/平,高楼层 (共22层) 2室2厅 | 94.26平米 | 南 北,https://ke-image.ljcdn.com/110000-inspection/d566db37-6fac-4e33-8dd9-95f4ab76a2f3_1000.jpg!m_fill,w_280,h_210,f_jpg?from=ke.com
20230507,昌平,回龙观,101117824531,中间楼层带电梯  视野开阔 精装修 看房方便 诚心出售房主自荐,399万,70284元/平,中楼层 (共20层) | 2007年建 | 1室1厅 | 56.77平米 | 北,https://ke-image.ljcdn.com/110000-inspection/72e6be9d-437b-411e-b928-8e56d68efb48_1000.jpg!m_fill,w_280,h_210,f_jpg?from=ke.com
20230507,昌平,回龙观,101117823443,文化小区风雅园三区 商品房满五年 产权清晰 安静宜居,508万,54216元/平,底层 (共6层) | 2000年建 | 2室1厅 | 93.7平米 | 南,https://ke-image.ljcdn.com/110000-inspection/pc1_UAqyw8BWv.jpg!m_fill,w_280,h_210,f_jpg?from=ke.com
20230507,昌平,回龙观,101117823150,金域华府二期 2室1厅 南,680万,85449元/平,高楼层 (共28层) | 2014年建 | 2室1厅 | 79.58平米 | 南,https://ke-image.ljcdn.com/110000-inspection/1fc861f3-3842-4fd7-955a-af9d49cd1780_1000.jpg!m_fill,w_280,h_210,f_jpg?from=ke.com
20230507,昌平,回龙观,101117822660,商品房房主靠谱签约诚心出售,480万,54751元/平,顶层 (共6层) 2室1厅 | 87.67平米 | 南 北,https://ke-image.ljcdn.com/110000-inspection/343d4249-a702-4c56-a1ad-ff3480432cfc_1000.jpg!m_fill,w_280,h_210,f_jpg?from=ke.com
20230507,昌平,回龙观,101117821431,京投发展公园悦府二区 2室1厅 西南房主自荐,710万,81469元/平,底层 (共27层) 2室1厅 | 87.15平米 | 西南,https://ke-image.ljcdn.com/110000-inspection/213eaeb5-ff90-47d2-af75-7e5d03e9fd3f_1000.jpg!m_fill,w_280,h_210,f_jpg?from=ke.com
20230507,昌平,回龙观,101117818559,慧华苑 满五唯一商品房 三居 次顶层 诚意出售房主自荐,465万,44605元/平,高楼层 (共6层) 3室1厅 | 104.25平米 | 南 北,https://ke-image.ljcdn.com/110000-inspection/pc1_zCl2JMJlI.jpg!m_fill,w_280,h_210,f_jpg?from=ke.com
20230507,昌平,回龙观,101117812923,矩阵二期 1室0厅 东北,279万,80520元/平,中楼层 (共11层) | 2004年建 | 1室0厅 | 34.65平米 | 东北,https://ke-image.ljcdn.com/110000-inspection/73b97db7-a42e-494d-a04b-e6a7ac901a1c_1000.jpg!m_fill,w_280,h_210,f_jpg?from=ke.com
20230507,昌平,回龙观,101117807177,户型方正中楼层南北通透北边无消防连廊视野开阔,715万,62245元/平,低楼层 (共33层) 3室1厅 | 114.87平米 | 南 北,https://ke-image.ljcdn.com/110000-inspection/pc1_rWfIrAAv3.jpg!m_fill,w_280,h_210,f_jpg?from=ke.com
20230507,昌平,回龙观,101117806801,商品房满五年唯一 小区中间 精装修 采光充足,478万,46965元/平,顶层 (共6层) | 2005年建 | 3室1厅 | 101.78平米 | 南 北,https://ke-image.ljcdn.com/110000-inspection/pc1_Y1LQXU3MV.jpg!m_fill,w_280,h_210,f_jpg?from=ke.com
20230507,昌平,回龙观,101117806687,婚房精装 南向一居 满五唯一 一梯两户 得房率80%,485万,70669元/平,底层 (共11层) | 2014年建 | 1室2厅 | 68.63平米 | 南,https://ke-image.ljcdn.com/110000-inspection/1e0baf20-3bc0-4266-9fd9-9285c512bf6e_1000.jpg!m_fill,w_280,h_210,f_jpg?from=ke.com
20230507,昌平,回龙观,101117806418,双卫、双阳台、小区中间南北通透三居室,595万,50587元/平,中楼层 (共6层) | 2005年建 | 3室1厅 | 117.62平米 | 南 北,https://ke-image.ljcdn.com/110000-inspection/pc1_tYeVpLGtu.jpg!m_fill,w_280,h_210,f_jpg?from=ke.com
20230507,昌平,回龙观,101117805245,金域华府一期南北通透满五唯一  诚心出售,590万,65072元/平,低楼层 (共28层) 2室1厅 | 90.67平米 | 南 北,https://ke-image.ljcdn.com/110000-inspection/pc1_9ZMd5rli9.jpg!m_fill,w_280,h_210,f_jpg?from=ke.com
20230507,昌平,回龙观,101117803517,和谐家园一区 3室1厅 南 北,610万,48941元/平,中楼层 (共6层) | 2006年建 | 3室1厅 | 124.64平米 | 南 北,https://ke-image.ljcdn.com/110000-inspection/pc1_CgZq5yptw.jpg!m_fill,w_280,h_210,f_jpg?from=ke.com
20230507,昌平,回龙观,101117799730,和谐家园一区的带双落地阳台两居室,459万,46303元/平,顶层 (共6层) | 2006年建 | 2室1厅 | 99.13平米 | 南 北,https://ke-image.ljcdn.com/110000-inspection/145f6aca-8a9e-450b-960f-addfacbbdcb9_1000.jpg!m_fill,w_280,h_210,f_jpg?from=ke.com
20230507,昌平,回龙观,101117798098,商品房满五唯一4层把西边全明格局有钥匙随时能看房主自荐,505万,54272元/平,中楼层 (共6层) | 2006年建 | 2室1厅 | 93.05平米 | 南 北,https://ke-image.ljcdn.com/110000-inspection/bede69e8-b8aa-4f5e-b6b5-274b2a0e14c2_1000.jpg!m_fill,w_280,h_210,f_jpg?from=ke.com
20230507,昌平,回龙观,101117790377,龙禧苑云趣园一区正南正北两居室,478万,49875元/平,中楼层 (共6层) 2室1厅 | 95.84平米 | 南 北,https://ke-image.ljcdn.com/110000-inspection/pc1_QhmIyWePS.jpg!m_fill,w_280,h_210,f_jpg?from=ke.com
20230507,昌平,回龙观,101117787037,京投发展公园悦府一区 2室2厅 南 北,620万,68630元/平,中楼层 (共11层) | 2014年建 | 2室2厅 | 90.34平米 | 南 北,https://ke-image.ljcdn.com/110000-inspection/5ade9e74-37c1-46b1-a411-581f8b95b91e_1000.jpg!m_fill,w_280,h_210,f_jpg?from=ke.com
20230507,昌平,回龙观,101117774290,新龙城 近地铁 电梯房  大一居 近商场 近医院,449万,59353元/平,中楼层 (共20层) 1室1厅 | 75.65平米 | 北,https://ke-image.ljcdn.com/110000-inspection/pc1_eut1we6vd.jpg!m_fill,w_280,h_210,f_jpg?from=ke.com
20230507,昌平,回龙观,101117774169,东西通透格局视野宽阔采光充足交通便利,560万,57744元/平,中楼层 (共9层) 2室1厅 | 96.98平米 | 东 西,https://ke-image.ljcdn.com/110000-inspection/pc1_lhOzfEncp.jpg!m_fill,w_280,h_210,f_jpg?from=ke.com
20230507,昌平,回龙观,101117773871,东村家园 南北户型三居室 精装修 楼层好 板楼有电梯,730万,69425元/平,中楼层 (共8层) | 2005年建 | 3室2厅 | 105.15平米 | 南 北,https://ke-image.ljcdn.com/110000-inspection/pc1_wQ71E22gZ.jpg!m_fill,w_280,h_210,f_jpg?from=ke.com
20230507,昌平,回龙观,101117773843,龙跃苑四区 2室1厅 南 北,455万,50332元/平,中楼层 (共6层) 2室1厅 | 90.4平米 | 南 北,https://ke-image.ljcdn.com/110000-inspection/ae0ee153-c49c-4748-a6f8-77e429def0ee_1000.jpg!m_fill,w_280,h_210,f_jpg?from=ke.com
20230507,昌平,回龙观,101117771983,南北向两居室转商费业主承担低楼层满五年唯一,445万,56819元/平,底层 (共6层) | 2005年建 | 2室1厅 | 78.32平米 | 南 北,https://ke-image.ljcdn.com/110000-inspection/pc1_uhwGtYuOX.jpg!m_fill,w_280,h_210,f_jpg?from=ke.com
20230507,昌平,回龙观,101117769035,云趣园一区 中间层 商品房两居 产权清晰,445万,51787元/平,高楼层 (共6层) 2室1厅 | 85.93平米 | 南 北,https://ke-image.ljcdn.com/110000-inspection/pc1_jK4yz0waQ_1.jpg!m_fill,w_280,h_210,f_jpg?from=ke.com
20230507,昌平,回龙观,101117766751,首开国风美唐二期 高楼层 东西向 满五唯一诚心出售,550万,68408元/平,高楼层 (共21层) 2室1厅 | 80.4平米 | 东 西,https://ke-image.ljcdn.com/110000-inspection/2efda1b5-0d5b-480e-b123-3d44bc9b4345_1000.jpg!m_fill,w_280,h_210,f_jpg?from=ke.com
20230507,昌平,回龙观,101117766647,龙城花园W区  欧式精装修  低楼层 采光好 南北通透,999万,52165元/平,中楼层 (共4层) | 1997年建 | 3室2厅 | 191.51平米 | 南 北,https://ke-image.ljcdn.com/110000-inspection/23aca31e-f694-4785-b6d2-e1546ad0ecef_1000.jpg!m_fill,w_280,h_210,f_jpg?from=ke.com
20230507,昌平,回龙观,101117764255,流星花园二区 2室1厅 南 北,550万,65649元/平,底层 (共6层) | 2003年建 | 2室1厅 | 83.78平米 | 南 北,https://ke-image.ljcdn.com/110000-inspection/pc1_sJ7jhEV2n.jpg!m_fill,w_280,h_210,f_jpg?from=ke.com
20230507,昌平,回龙观,101117760365,草树茂盛舒适两居万科物业人车分流配套齐全房主自荐,639万,69291元/平,低楼层 (共11层) | 2014年建 | 2室2厅 | 92.22平米 | 南 北,https://ke-image.ljcdn.com/110000-inspection/26f58e46-d912-46f0-a14e-2dd51f854caf_1000.jpg!m_fill,w_280,h_210,f_jpg?from=ke.com
20230507,昌平,回龙观,101117758125,小区中间位置 楼间距宽 无遮挡采光棒房主自荐,630万,43620元/平,中楼层 (共6层) | 2003年建 | 3室2厅 | 144.43平米 | 南 东 北,https://ke-image.ljcdn.com/110000-inspection/pc1_trlCLpR7x.jpg!m_fill,w_280,h_210,f_jpg?from=ke.com
20230507,昌平,回龙观,101117757994,万科金域华府 改善三居 双阳台 双飘窗,870万,81760元/平,高楼层 (共27层) 3室1厅 | 106.41平米 | 东 南 北,https://ke-image.ljcdn.com/110000-inspection/9819e8d4-7af5-49ca-a5ff-8ee16906127c_1000.jpg!m_fill,w_280,h_210,f_jpg?from=ke.com
20230507,昌平,回龙观,101117757993,流星花园三区 3室1厅 南 北房主自荐,885万,61170元/平,底层 (共6层) | 2003年建 | 3室1厅 | 144.68平米 | 南 北,https://ke-image.ljcdn.com/110000-inspection/pc1_2sZsfMiky.jpg!m_fill,w_280,h_210,f_jpg?from=ke.com
20230507,昌平,回龙观,101117757808,流星花园三区 平层四居室 电梯房  格局方正,1150万,63038元/平,低楼层 (共6层) 4室2厅 | 182.43平米 | 南 北,https://ke-image.ljcdn.com/110000-inspection/pc1_e2F4wwciF.jpg!m_fill,w_280,h_210,f_jpg?from=ke.com
20230507,昌平,回龙观,101117751705,满五年唯一   纯商品房   随时签约,658万,76637元/平,中楼层 (共23层) | 2012年建 | 2室1厅 | 85.86平米 | 南,https://ke-image.ljcdn.com/110000-inspection/9cc2378b-a023-4862-9d12-308b8f847ad2_1000.jpg!m_fill,w_280,h_210,f_jpg?from=ke.com
20230507,昌平,回龙观,101117748567,龙跃东二区 自住精装三居 商满五唯一随时可签,589万,47321元/平,高楼层 (共6层) | 2007年建 | 3室1厅 | 124.47平米 | 南 北,https://ke-image.ljcdn.com/110000-inspection/pc1_OVJaj1ujD.jpg!m_fill,w_280,h_210,f_jpg?from=ke.com
20230507,昌平,回龙观,101117748016,北京人家+精装+三居室+2个卫生间房主自荐,499万,53335元/平,顶层 (共6层) | 2004年建 | 3室2厅 | 93.56平米 | 南 北,https://ke-image.ljcdn.com/110000-inspection/pc1_XGhLaHuNL.jpg!m_fill,w_280,h_210,f_jpg?from=ke.com
20230507,昌平,回龙观,101117745253,小区中间位置户型方正中间楼层诚心出售。,515万,53961元/平,中楼层 (共5层) 2室1厅 | 95.44平米 | 南 北,https://ke-image.ljcdn.com/110000-inspection/pc1_qVczwXQMi.jpg!m_fill,w_280,h_210,f_jpg?from=ke.com
20230507,昌平,回龙观,101117744308,新龙城电梯大两居业主亲自设计装修满五唯一房主自荐,636万,54114元/平,顶层 (共20层) | 2007年建 | 2室1厅 | 117.53平米 | 南 北,https://ke-image.ljcdn.com/110000-inspection/pc1_SdasQne62.jpg!m_fill,w_280,h_210,f_jpg?from=ke.com
20230507,昌平,回龙观,101117740862,金达园   小户型     满五唯一,310万,54444元/平,中楼层 (共5层) | 1998年建 | 1室0厅 | 56.94平米 | 东,https://ke-image.ljcdn.com/110000-inspection/6f9b463b-ae11-4664-a302-8aad8f5c93e0_1000.jpg!m_fill,w_280,h_210,f_jpg?from=ke.com
20230507,昌平,回龙观,101117739641,商五一+高楼层采光好+小区中间安静+近地铁交通便利,520万,53526元/平,高楼层 (共6层) | 2002年建 | 2室1厅 | 97.15平米 | 南 北,https://ke-image.ljcdn.com/110000-inspection/pc1_XifFzKlJI.jpg!m_fill,w_280,h_210,f_jpg?from=ke.com
20230507,昌平,回龙观,101117737583,南北通透2居 高楼层 视野好 满五唯一 诚心出售房主自荐,560万,63399元/平,高楼层 (共31层) | 2016年建 | 2室1厅 | 88.33平米 | 南 北,https://ke-image.ljcdn.com/110000-inspection/pc1_SC3CfBB4W.jpg!m_fill,w_280,h_210,f_jpg?from=ke.com
20230507,昌平,回龙观,101117737390,两居室低楼层南北通透诚心急售房主自荐,315万,55625元/平,底层 (共4层) | 1983年建 | 2室1厅 | 56.63平米 | 南 北,https://ke-image.ljcdn.com/110000-inspection/pc1_R1Pjf2tG8.jpg!m_fill,w_280,h_210,f_jpg?from=ke.com
20230507,昌平,回龙观,101117737332,云趣园一区 经典小三居室 精装修 商五唯一房主自荐,486万,46740元/平,顶层 (共6层) | 2000年建 | 3室1厅 | 103.98平米 | 南 北,https://ke-image.ljcdn.com/110000-inspection/pc1_ZeVLUzw2O.jpg!m_fill,w_280,h_210,f_jpg?from=ke.com
20230507,昌平,回龙观,101117737273,中间楼层三居室精装修拎包入住,519万,43765元/平,中楼层 (共6层) | 2006年建 | 3室1厅 | 118.59平米 | 西南,https://ke-image.ljcdn.com/110000-inspection/pc1_alYUJTgua.jpg!m_fill,w_280,h_210,f_jpg?from=ke.com
20230507,昌平,回龙观,101117736817,京投发展公园悦府一区正规一居室万科物业人车分流房主自荐,365万,73887元/平,顶层 (共11层) 1室1厅 | 49.4平米 | 西北,https://ke-image.ljcdn.com/110000-inspection/d6050eee-645d-4bf6-84e3-8e0131ab2aaf_1000.jpg!m_fill,w_280,h_210,f_jpg?from=ke.com
20230507,昌平,回龙观,101117732701,回龙观  天露园一区 优质大三居房主自荐,505万,39371元/平,高楼层 (共6层) | 2008年建 | 3室2厅 | 128.27平米 | 南 北,https://ke-image.ljcdn.com/110000-inspection/pc1_SzuH39nh0.jpg!m_fill,w_280,h_210,f_jpg?from=ke.com
20230507,昌平,回龙观,101117732404,天露园二区 3室1厅 南 北,550万,43993元/平,底层 (共6层) | 2008年建 | 3室1厅 | 125.02平米 | 南 北,https://ke-image.ljcdn.com/110000-inspection/pc1_Q66h9Tr8s.jpg!m_fill,w_280,h_210,f_jpg?from=ke.com
20230507,昌平,回龙观,101117722868,骊龙园此房满五唯一光线好视野无遮挡,569万,43983元/平,顶层 (共6层) 3室2厅 | 129.37平米 | 南 北,https://ke-image.ljcdn.com/110000-inspection/pc1_yXoFwmSSo.jpg!m_fill,w_280,h_210,f_jpg?from=ke.com
20230507,昌平,回龙观,101117722412,商品房满五年唯一靠谱出售看房方便,399万,53745元/平,中楼层 (共7层) | 2000年建 | 1室1厅 | 74.24平米 | 东,https://ke-image.ljcdn.com/110000-inspection/pc1_7zYdhArv4.jpg!m_fill,w_280,h_210,f_jpg?from=ke.com
20230507,昌平,回龙观,101117721378,满五唯一 全南户型采光无遮无挡,590万,67824元/平,低楼层 (共34层) | 2016年建 | 2室1厅 | 86.99平米 | 南,https://ke-image.ljcdn.com/110000-inspection/pc1_Om8Tizy89.jpg!m_fill,w_280,h_210,f_jpg?from=ke.com
20230507,昌平,回龙观,101117714759,商品房满五年唯一没有户口小区中间位置很安静。,420万,59592元/平,底层 (共6层) 2室1厅 | 70.48平米 | 南 北,https://ke-image.ljcdn.com/110000-inspection/pc1_3G4siAdqS.jpg!m_fill,w_280,h_210,f_jpg?from=ke.com
20230507,昌平,回龙观,101117710717,精装修拎包入住不临街格局好,385万,61034元/平,底层 (共9层) | 2011年建 | 1室1厅 | 63.08平米 | 南,https://ke-image.ljcdn.com/110000-inspection/pc1_yqAFIqjhr.jpg!m_fill,w_280,h_210,f_jpg?from=ke.com
20230507,昌平,回龙观,101117703724,龙兴园北区+中间楼层+中间位置+精装修+集中供暖,445万,52360元/平,中楼层 (共6层) 2室2厅 | 84.99平米 | 南 北,https://ke-image.ljcdn.com/110000-inspection/c158e418-8cf4-4ddb-9c17-2b3d4f052e8b_1000.jpg!m_fill,w_280,h_210,f_jpg?from=ke.com
20230507,昌平,回龙观,101117699396,融泽嘉园中路1号院中高层2居室93平南北通透商五唯一,610万,65493元/平,高楼层 (共28层) 2室1厅 | 93.14平米 | 南 北,https://ke-image.ljcdn.com/110000-inspection/59c366e6-c3a8-4a92-a7a0-276a40ae4618_1000.jpg!m_fill,w_280,h_210,f_jpg?from=ke.com
20230507,昌平,回龙观,101117697421,北京人家满五唯一+南北通透视野好采光好,445万,60063元/平,顶层 (共5层) | 2004年建 | 2室1厅 | 74.09平米 | 南 北,https://ke-image.ljcdn.com/110000-inspection/0fa2b17e-8981-4b44-8348-ce0ddf65880f_1000.jpg!m_fill,w_280,h_210,f_jpg?from=ke.com
20230507,昌平,回龙观,101117696958,首开国风美唐三期 功能三居 高楼层视野开阔房主自荐,850万,86717元/平,高楼层 (共18层) 3室1厅 | 98.02平米 | 南 北,https://ke-image.ljcdn.com/110000-inspection/ccb35da7-0052-4701-a813-de6c65a9be57_1000.jpg!m_fill,w_280,h_210,f_jpg?from=ke.com
20230507,昌平,回龙观,101117681166,龙跃苑三区  商满五唯一  小区中间  南北通透房主自荐,538万,50370元/平,底层 (共6层) 2室1厅 | 106.81平米 | 南 北,https://ke-image.ljcdn.com/110000-inspection/pc1_gWRM3tNtP.jpg!m_fill,w_280,h_210,f_jpg?from=ke.com
20230507,昌平,回龙观,101117674746,天露园二区 3室1厅 南 北,539万,42285元/平,底层 (共6层) | 2008年建 | 3室1厅 | 127.47平米 | 南 北,https://ke-image.ljcdn.com/110000-inspection/pc1_MAKiBIrcX.jpg!m_fill,w_280,h_210,f_jpg?from=ke.com
20230507,昌平,回龙观,101117671764,北京人家 2室1厅 南 北,535万,52206元/平,高楼层 (共6层) | 2002年建 | 2室1厅 | 102.48平米 | 南 北,https://ke-image.ljcdn.com/110000-inspection/985ef78f-93e8-4054-a650-e8afd816738e_1000.jpg!m_fill,w_280,h_210,f_jpg?from=ke.com
20230507,昌平,回龙观,101117671517,商品房满五唯一业主急售看房方便。,382万,58197元/平,中楼层 (共4层) 2室1厅 | 65.64平米 | 南 北,https://ke-image.ljcdn.com/110000-inspection/28b5e949-374c-4527-8c4f-30544325cf25_1000.jpg!m_fill,w_280,h_210,f_jpg?from=ke.com
20230507,昌平,回龙观,101117670092,领秀慧谷A区 明厨明卫高楼层三居室 采光好视野棒,540万,60061元/平,高楼层 (共11层) 3室1厅 | 89.91平米 | 东 南 北,https://ke-image.ljcdn.com/110000-inspection/pc1_AEEuOst4W.jpg!m_fill,w_280,h_210,f_jpg?from=ke.com
20230507,昌平,回龙观,101117669130,婚房装修满五年随时签约看房方便。房主自荐,472万,46289元/平,顶层 (共6层) | 2005年建 | 2室1厅 | 101.97平米 | 南 北,https://ke-image.ljcdn.com/110000-inspection/0587461b-9cf0-4084-8d07-ffd5035ead99_1000.jpg!m_fill,w_280,h_210,f_jpg?from=ke.com
20230507,昌平,回龙观,101117669006,万科精装拎包入住业主已买房看房有钥匙房主自荐,685万,69671元/平,底层 (共28层) 2室1厅 | 98.32平米 | 南 北,https://ke-image.ljcdn.com/110000-inspection/dd3156a7-ac15-4af2-b711-ed24c1b747e6_1000.jpg!m_fill,w_280,h_210,f_jpg?from=ke.com
20230507,昌平,回龙观,101117666322,慧华苑小区满五年唯一的产权清晰中间楼层,465万,44656元/平,中楼层 (共6层) | 1995年建 | 3室1厅 | 104.13平米 | 南 北,https://ke-image.ljcdn.com/110000-inspection/pc1_5wEAs3zNu.jpg!m_fill,w_280,h_210,f_jpg?from=ke.com
20230507,昌平,回龙观,101117658412,龙锦苑二区落地窗看房随时眼睛户型,492万,40030元/平,顶层 (共6层) | 2005年建 | 3室2厅 | 122.91平米 | 南 北,https://ke-image.ljcdn.com/110000-inspection/pc1_PAa7UlWTs.jpg!m_fill,w_280,h_210,f_jpg?from=ke.com
20230507,昌平,回龙观,101117655803,满五唯一南北通透明厨明卫精装修,595万,60554元/平,低楼层 (共18层) 2室1厅 | 98.26平米 | 南 北,https://ke-image.ljcdn.com/110000-inspection/9981c4eb-5a82-47a1-a7dc-9a6e8eb32f14_1000.jpg!m_fill,w_280,h_210,f_jpg?from=ke.com
20230507,昌平,回龙观,101117655328,精装修落地窗居住舒适家庭唯一,405万,71341元/平,低楼层 (共20层) | 2007年建 | 2室1厅 | 56.77平米 | 北,https://ke-image.ljcdn.com/110000-inspection/pc1_f4OgF4rFM.jpg!m_fill,w_280,h_210,f_jpg?from=ke.com
20230507,昌平,回龙观,101117654363,近地铁 南北通透 满五年  中间层 钢混房主自荐,560万,52269元/平,中楼层 (共7层) 2室1厅 | 107.14平米 | 南 北,https://ke-image.ljcdn.com/110000-inspection/pc1_RIiVckKkl.jpg!m_fill,w_280,h_210,f_jpg?from=ke.com
20230507,昌平,回龙观,101117648800,小区中间 落地大窗 满五唯一 诚意出售房主自荐,508万,57545元/平,底层 (共9层) 2室2厅 | 88.28平米 | 东 北,https://ke-image.ljcdn.com/110000-inspection/pc1_KtEJNt7ed.jpg!m_fill,w_280,h_210,f_jpg?from=ke.com
20230507,昌平,回龙观,101117648445,融泽嘉园中路1号院 3室1厅 南 北,669万,61287元/平,中楼层 (共34层) 3室1厅 | 109.16平米 | 南 北,https://ke-image.ljcdn.com/110000-inspection/pc1_kJOCY65G4.jpg!m_fill,w_280,h_210,f_jpg?from=ke.com
20230507,昌平,回龙观,101117645756,新龙城 2室1厅 南 北,620万,63925元/平,底层 (共8层) | 2006年建 | 2室1厅 | 96.99平米 | 南 北,https://ke-image.ljcdn.com/110000-inspection/pc1_Slrl4HGjl.jpg!m_fill,w_280,h_210,f_jpg?from=ke.com
20230507,昌平,回龙观,101117645015,南北通透全明格局不临街楼层好户型方正两居房主自荐,518万,66360元/平,高楼层 (共10层) | 2008年建 | 2室1厅 | 78.06平米 | 南 西 北,https://ke-image.ljcdn.com/110000-inspection/pc1_gF0RPDJ7b.jpg!m_fill,w_280,h_210,f_jpg?from=ke.com
20230507,昌平,回龙观,101117639883,商品房满五年唯一中间楼层南北通透三居室,568万,43636元/平,中楼层 (共7层) 3室1厅 | 130.17平米 | 南 北,https://ke-image.ljcdn.com/110000-inspection/pc1_FTDNZuxaf.jpg!m_fill,w_280,h_210,f_jpg?from=ke.com
20230507,昌平,回龙观,101117637990,商品房满五唯一电梯三居室房主自荐,570万,51449元/平,低楼层 (共10层) | 2005年建 | 3室2厅 | 110.79平米 | 南 北,https://ke-image.ljcdn.com/110000-inspection/pc1_iniikZSXz.jpg!m_fill,w_280,h_210,f_jpg?from=ke.com
20230507,昌平,回龙观,101117637820,美唐二期 小区中间 精装三居电梯房电梯直通车库！,690万,75025元/平,中楼层 (共20层) 3室1厅 | 91.97平米 | 南 北,https://ke-image.ljcdn.com/110000-inspection/2ca55247-9414-4ba9-bd6a-08ff295602a6_1000.jpg!m_fill,w_280,h_210,f_jpg?from=ke.com
20230507,昌平,回龙观,101117636153,融泽嘉园1号院109平南北通透三居室满五唯一高楼层,685万,62478元/平,中楼层 (共34层) | 2014年建 | 3室1厅 | 109.64平米 | 南 北,https://ke-image.ljcdn.com/110000-inspection/fc9eccd6-8eac-4f85-a7bf-a9ffb67bfb12_1000.jpg!m_fill,w_280,h_210,f_jpg?from=ke.com
20230507,昌平,回龙观,101117633506,比邻万科天空之城经典三居室采光好通风好,659万,55495元/平,底层 (共6层) | 2002年建 | 3室2厅 | 118.75平米 | 南 北,https://ke-image.ljcdn.com/110000-inspection/pc1_MWtFPyh0W.jpg!m_fill,w_280,h_210,f_jpg?from=ke.com
20230507,昌平,回龙观,101117619199,小两居室近小区东门 采光好 带电梯装修好,405万,66954元/平,底层 (共11层) 2室1厅 | 60.49平米 | 东北,https://ke-image.ljcdn.com/110000-inspection/pc1_G7LfNdSEu.jpg!m_fill,w_280,h_210,f_jpg?from=ke.com
20230507,昌平,回龙观,101117617103,龙跃苑四区 3室2厅 南 北,595万,43014元/平,顶层 (共6层) 3室2厅 | 138.33平米 | 南 北,https://ke-image.ljcdn.com/110000-inspection/pc1_EeuYurP8W.jpg!m_fill,w_280,h_210,f_jpg?from=ke.com
20230507,昌平,回龙观,101117612056,本房相当于满五唯一 南北通透 中间层 采光无遮挡,640万,55078元/平,低楼层 (共7层) | 2005年建 | 2室1厅 | 116.2平米 | 南 北,https://ke-image.ljcdn.com/110000-inspection/pc1_GcJ6992wS.jpg!m_fill,w_280,h_210,f_jpg?from=ke.com
20230507,昌平,回龙观,101117610968,矩阵一期 3室1厅 南 北,485万,56686元/平,高楼层 (共6层) | 1998年建 | 3室1厅 | 85.56平米 | 南 北,https://ke-image.ljcdn.com/110000-inspection/2e69d1cb-b0cf-4319-bcd7-cbd2ece3381b_1000.jpg!m_fill,w_280,h_210,f_jpg?from=ke.com
20230507,昌平,回龙观,101117609475,北京人家 2室1厅 南 北,486万,54823元/平,中楼层 (共6层) | 2004年建 | 2室1厅 | 88.65平米 | 南 北,https://ke-image.ljcdn.com/110000-inspection/pc1_9RWKJnZGg.jpg!m_fill,w_280,h_210,f_jpg?from=ke.com
20230507,昌平,回龙观,101117607355,此房满五年唯一中间楼层采光好视野好装修好房主自荐,579万,66021元/平,高楼层 (共34层) 2室1厅 | 87.7平米 | 南,https://ke-image.ljcdn.com/110000-inspection/pc1_M2IIKpyJN_1.jpg!m_fill,w_280,h_210,f_jpg?from=ke.com
20230507,昌平,回龙观,101117606706,融泽嘉园西二路2号院  精装修  满五年唯一,462万,70438元/平,低楼层 (共34层) | 2016年建 | 1室1厅 | 65.59平米 | 南,https://ke-image.ljcdn.com/110000-inspection/pc1_KER72MKia.jpg!m_fill,w_280,h_210,f_jpg?from=ke.com
20230507,昌平,回龙观,101117604621,融泽1号院满五年随时看房靠谱签约诚心出售,665万,61313元/平,低楼层 (共34层) 3室1厅 | 108.46平米 | 南 北,https://ke-image.ljcdn.com/110000-inspection/pc1_r1yQTB5EM.jpg!m_fill,w_280,h_210,f_jpg?from=ke.com
20230507,昌平,回龙观,101117602884,金域华府二期  视野采光无遮挡 83平大阳台两居,650万,77761元/平,高楼层 (共28层) 2室1厅 | 83.59平米 | 南,https://ke-image.ljcdn.com/110000-inspection/000b9c86-2086-48ae-bc23-5d6f804abee4_1000.jpg!m_fill,w_280,h_210,f_jpg?from=ke.com
20230507,昌平,回龙观,101117601186,新龙城南向大一居室高楼层视野开阔采光充足房主自荐,472.8万,67476元/平,高楼层 (共20层) | 2006年建 | 1室1厅 | 70.07平米 | 南,https://ke-image.ljcdn.com/110000-inspection/pc1_OAb1kpwyM.jpg!m_fill,w_280,h_210,f_jpg?from=ke.com
20230507,昌平,回龙观,101117599574,精装 商满五 一套 首套可贷284万  小区中间非顶层,579万,41800元/平,高楼层 (共6层) 3室1厅 | 138.52平米 | 南 北,https://ke-image.ljcdn.com/110000-inspection/pc1_Dijsv7fHw.jpg!m_fill,w_280,h_210,f_jpg?from=ke.com
20230507,昌平,回龙观,101117599391,首开国风美唐三期 人车分流 大三居 高楼层,985万,77171元/平,顶层 (共18层) | 2016年建 | 3室2厅 | 127.64平米 | 南 北,https://ke-image.ljcdn.com/110000-inspection/pc1_peb6Fi24x.jpg!m_fill,w_280,h_210,f_jpg?from=ke.com
20230507,昌平,回龙观,101117598458,南北通透大落地窗满五唯一 采光充足,510万,58420元/平,底层 (共34层) | 2016年建 | 2室1厅 | 87.3平米 | 南 北,https://ke-image.ljcdn.com/110000-inspection/148bae2c-fec0-4618-aa9e-e3a7cfd03ca3_1000.jpg!m_fill,w_280,h_210,f_jpg?from=ke.com
20230507,昌平,回龙观,101117597190,龙泽苑东区+集中供暖+电梯三居,659万,53039元/平,高楼层 (共11层) 3室2厅 | 124.25平米 | 南 西 北,https://ke-image.ljcdn.com/110000-inspection/pc1_4QXbx8VjT.jpg!m_fill,w_280,h_210,f_jpg?from=ke.com
20230507,昌平,回龙观,101117594869,满五唯一 南北通透 视野采光无遮挡 正对小区花园,559万,63473元/平,中楼层 (共34层) | 2016年建 | 2室1厅 | 88.07平米 | 南 北,https://ke-image.ljcdn.com/110000-inspection/2d84b750-baa0-4d3c-b531-40091d617b83_1000.jpg!m_fill,w_280,h_210,f_jpg?from=ke.com
20230507,昌平,回龙观,101117585266,北京市农学院家属宿舍 3室1厅 南 北,396万,56799元/平,中楼层 (共5层) 3室1厅 | 69.72平米 | 南 北,https://ke-image.ljcdn.com/110000-inspection/pc1_VokGuQC5Y.jpg!m_fill,w_280,h_210,f_jpg?from=ke.com
20230507,昌平,回龙观,101117578826,视野开阔采光充足商品房 满五唯一,647万,75356元/平,中楼层 (共23层) | 2012年建 | 2室1厅 | 85.86平米 | 南,https://ke-image.ljcdn.com/110000-inspection/pc1_7zNyveNDZ.jpg!m_fill,w_280,h_210,f_jpg?from=ke.com
20230507,昌平,回龙观,101117576344,龙兴园中区 房子满五年唯一 可看房 可随时签约,375万,58585元/平,顶层 (共6层) 1室1厅 | 64.01平米 | 东北,https://ke-image.ljcdn.com/110000-inspection/121fd429-6ab1-4427-8c18-304547b12586_1000.jpg!m_fill,w_280,h_210,f_jpg?from=ke.com
20230507,昌平,回龙观,101117573967,龙城花园北二区一居室业主诚心出售房主自荐,320万,69280元/平,顶层 (共4层) | 2004年建 | 1室1厅 | 46.19平米 | 南 北,https://ke-image.ljcdn.com/110000-inspection/pc1_4IxIJgrbT.jpg!m_fill,w_280,h_210,f_jpg?from=ke.com
20230507,昌平,回龙观,101117573962,龙博苑二区 只有契税 购房成本低,390万,62813元/平,底层 (共6层) | 2004年建 | 1室1厅 | 62.09平米 | 南,https://ke-image.ljcdn.com/110000-inspection/pc1_u7dpVAYza.jpg!m_fill,w_280,h_210,f_jpg?from=ke.com
20230507,昌平,回龙观,101117573202,龙锦苑四区 3室1厅 南 北,550万,47893元/平,低楼层 (共7层) | 2003年建 | 3室1厅 | 114.84平米 | 南 北,https://ke-image.ljcdn.com/110000-inspection/16dbd860-ad7b-496c-acc1-c51b9798a471_1000.jpg!m_fill,w_280,h_210,f_jpg?from=ke.com
20230507,昌平,回龙观,101117571899,首开国风美唐三期  小区中间位置 精装修 满五年唯一,1030万,80874元/平,低楼层 (共18层) | 2016年建 | 3室1厅 | 127.36平米 | 南 北,https://ke-image.ljcdn.com/110000-inspection/b56b1d3b-28f1-4762-93e5-919423053aa5_1000.jpg!m_fill,w_280,h_210,f_jpg?from=ke.com
20230507,昌平,回龙观,101117568058,首开国风美唐二期 电梯两居 自住精装修 地铁近,528万,65672元/平,低楼层 (共21层) 2室1厅 | 80.4平米 | 东 西 北,https://ke-image.ljcdn.com/110000-inspection/pc1_A97rAucN3.jpg!m_fill,w_280,h_210,f_jpg?from=ke.com
20230507,昌平,回龙观,101117565221,龙博苑二区 正规南向一居 满五唯一位置好！,395万,66746元/平,底层 (共6层) | 2004年建 | 1室1厅 | 59.18平米 | 南,https://ke-image.ljcdn.com/110000-inspection/pc1_11YioFkLg.jpg!m_fill,w_280,h_210,f_jpg?from=ke.com
20230507,昌平,回龙观,101117563988,首开国风美唐 高楼层正对花园 采光视野好 满五年唯一,638万,71119元/平,高楼层 (共19层) 2室1厅 | 89.71平米 | 南,https://ke-image.ljcdn.com/110000-inspection/pc1_iBgJE4Msg.jpg!m_fill,w_280,h_210,f_jpg?from=ke.com
20230507,昌平,回龙观,101117560284,融泽嘉园中路2号院 2室1厅 南,580万,66188元/平,高楼层 (共27层) 2室1厅 | 87.63平米 | 南,https://ke-image.ljcdn.com/110000-inspection/pc1_BLjxyqFey.jpg!m_fill,w_280,h_210,f_jpg?from=ke.com
20230507,昌平,回龙观,101117559139,新龙城南北品质精装三居采光视野好付款快可谈。房主自荐,718万,66292元/平,底层 (共20层) | 2007年建 | 3室1厅 | 108.31平米 | 南 北,https://ke-image.ljcdn.com/110000-inspection/pc1_aIOEBBakx.jpg!m_fill,w_280,h_210,f_jpg?from=ke.com
20230507,昌平,回龙观,101117558327,满五唯一 采光视野佳 南北通透 楼层适中 随时可签,675万,65313元/平,低楼层 (共31层) 3室1厅 | 103.35平米 | 南 北,https://ke-image.ljcdn.com/110000-inspection/fcec0f28-dddf-43de-b4b2-651d9827ba77_1000.jpg!m_fill,w_280,h_210,f_jpg?from=ke.com
20230507,昌平,回龙观,101117551553,云趣园一区 中间楼层  满五年一套  看房方便,509万,46085元/平,中楼层 (共6层) 3室1厅 | 110.45平米 | 南 北,https://ke-image.ljcdn.com/110000-inspection/pc1_8oWOIqub9.jpg!m_fill,w_280,h_210,f_jpg?from=ke.com
20230507,昌平,回龙观,101117551264,龙腾苑六区 小区中间三居室只有一个契税。,610万,51482元/平,中楼层 (共6层) 3室1厅 | 118.49平米 | 南 北,https://ke-image.ljcdn.com/110000-inspection/pc1_lpRremjED.jpg!m_fill,w_280,h_210,f_jpg?from=ke.com
20230507,昌平,回龙观,101117549946,云趣园一区电梯二居近地铁中间层满五唯一,529万,50439元/平,中楼层 (共7层) 2室2厅 | 104.88平米 | 南 北,https://ke-image.ljcdn.com/110000-inspection/pc1_Wmd1yiDGW.jpg!m_fill,w_280,h_210,f_jpg?from=ke.com
20230507,昌平,回龙观,101117547744,融泽三期南向二居满五唯一落地窗采光视野好,570万,65024元/平,高楼层 (共31层) | 2016年建 | 2室1厅 | 87.66平米 | 南,https://ke-image.ljcdn.com/110000-inspection/pc1_CT17SBRJG.jpg!m_fill,w_280,h_210,f_jpg?from=ke.com
20230507,昌平,回龙观,101117547559,金域华府二期 2室1厅 南房主自荐,680万,84926元/平,低楼层 (共28层) | 2014年建 | 2室1厅 | 80.07平米 | 南,https://ke-image.ljcdn.com/110000-inspection/c24ca2a7-fe2c-4fc5-ba4a-e982761a7bff_1000.jpg!m_fill,w_280,h_210,f_jpg?from=ke.com
20230507,昌平,回龙观,101117545007,商品房价格业主诚心出售可以随时签约双线地铁,440万,56877元/平,顶层 (共6层) | 2011年建 | 2室1厅 | 77.36平米 | 东 西,https://ke-image.ljcdn.com/110000-inspection/pc1_qwuWqG3de.jpg!m_fill,w_280,h_210,f_jpg?from=ke.com
20230507,昌平,回龙观,101117543985,随时签约电梯房新小区南北通透,635万,71776元/平,低楼层 (共11层) | 2016年建 | 2室1厅 | 88.47平米 | 南 北,https://ke-image.ljcdn.com/110000-inspection/pc1_eP0eNptSq.jpg!m_fill,w_280,h_210,f_jpg?from=ke.com
20230507,昌平,回龙观,101117539426,小区中间位置中间楼层采光好近商业和地铁,465万,58111元/平,高楼层 (共6层) | 2005年建 | 2室1厅 | 80.02平米 | 南 北,https://ke-image.ljcdn.com/110000-inspection/pc1_JEyaM6DZ1.jpg!m_fill,w_280,h_210,f_jpg?from=ke.com
20230507,昌平,回龙观,101117525323,京投发展公园悦府一区 把东边 看小区5.5万平米公园,555万,68350元/平,低楼层 (共22层) 2室2厅 | 81.2平米 | 南,https://ke-image.ljcdn.com/110000-inspection/pc1_Oez6WbP5i.jpg!m_fill,w_280,h_210,f_jpg?from=ke.com
20230507,昌平,回龙观,101117517367,龙腾三+南北通透+精装修+商品房+楼层好+刚需精选,499万,51259元/平,高楼层 (共6层) | 2002年建 | 2室1厅 | 97.35平米 | 南 北,https://ke-image.ljcdn.com/110000-inspection/b88451e6-4a63-416b-a5dd-b9b4616cf9e2_1000.jpg!m_fill,w_280,h_210,f_jpg?from=ke.com
20230507,昌平,回龙观,101117516304,新龙城电梯南北三居精装拎包入住产权清晰随签房主自荐,715万,51204元/平,低楼层 (共20层) | 2007年建 | 3室1厅 | 139.64平米 | 南 北,https://ke-image.ljcdn.com/110000-inspection/pc1_tpxxOqJLq.jpg!m_fill,w_280,h_210,f_jpg?from=ke.com
20230507,昌平,回龙观,101117514087,小区中间位置采光好南北通透三居室,572万,45760元/平,高楼层 (共6层) | 2006年建 | 3室1厅 | 125平米 | 南 北,https://ke-image.ljcdn.com/110000-inspection/pc1_RoDv959g2.jpg!m_fill,w_280,h_210,f_jpg?from=ke.com
20230507,昌平,回龙观,101117512192,融泽嘉园西二路6号院 2室1厅 南 北,588万,67078元/平,中楼层 (共31层) | 2016年建 | 2室1厅 | 87.66平米 | 南 北,https://ke-image.ljcdn.com/110000-inspection/pc1_GvFTYxuam.jpg!m_fill,w_280,h_210,f_jpg?from=ke.com
20230507,昌平,回龙观,101117485297,领秀慧谷B区电梯两居看房方便诚心出售。,485万,58888元/平,中楼层 (共9层) | 2011年建 | 2室1厅 | 82.36平米 | 南 北,https://ke-image.ljcdn.com/110000-inspection/pc1_afMZfYhqx.jpg!m_fill,w_280,h_210,f_jpg?from=ke.com
20230507,昌平,回龙观,101117482493,本房满五年唯一性质随时签约。,539万,65223元/平,中楼层 (共21层) 2室1厅 | 82.64平米 | 东,https://ke-image.ljcdn.com/110000-inspection/4531e5de-3892-4a8e-af14-b68326dac0f3_1000.jpg!m_fill,w_280,h_210,f_jpg?from=ke.com
20230507,昌平,回龙观,101117481855,精装三居两卫 商五一 眼镜户型双卧朝南 小区中间房主自荐,489万,39899元/平,顶层 (共6层) 3室2厅 | 122.56平米 | 南 北,https://ke-image.ljcdn.com/110000-inspection/pc1_NOwe7lpaq.jpg!m_fill,w_280,h_210,f_jpg?from=ke.com
20230507,昌平,回龙观,101117478004,慧华苑小区 三层 小区中间 满五年唯一优质两居室房主自荐,399万,51866元/平,中楼层 (共6层) | 1996年建 | 2室1厅 | 76.93平米 | 南 北,https://ke-image.ljcdn.com/110000-inspection/pc1_6CX824bZD.jpg!m_fill,w_280,h_210,f_jpg?from=ke.com
20230507,昌平,回龙观,101117474079,首开国风美唐一期 明卫生间 到13号线8号线霍营站210米,705万,75112元/平,中楼层 (共11层) | 2012年建 | 2室1厅 | 93.86平米 | 南 北,https://ke-image.ljcdn.com/110000-inspection/56355dca-84bb-408e-8757-330e18f758e7_1000.jpg!m_fill,w_280,h_210,f_jpg?from=ke.com
20230507,昌平,回龙观,101117469705,满五年唯一装修保持好位置安静诚意出售房主自荐,489万,55405元/平,底层 (共31层) | 2016年建 | 2室1厅 | 88.26平米 | 南 北,https://ke-image.ljcdn.com/110000-inspection/4a4a64c2-d8ac-470e-b6a3-cb4ebccdb3ca_1000.jpg!m_fill,w_280,h_210,f_jpg?from=ke.com
20230507,昌平,回龙观,101117467853,矩阵二期温馨大一居阳光视野无遮挡,435万,65228元/平,高楼层 (共11层) | 2004年建 | 1室1厅 | 66.69平米 | 东南 西北,https://ke-image.ljcdn.com/110000-inspection/pc1_JV69ztJs7.jpg!m_fill,w_280,h_210,f_jpg?from=ke.com
20230507,昌平,回龙观,101117460971,西二路6号院 视野开阔 满五唯一 精装修,585万,66516元/平,高楼层 (共22层) | 2016年建 | 2室1厅 | 87.95平米 | 南,https://ke-image.ljcdn.com/110000-inspection/97c34382-e058-4ce9-b303-526f8d589219_1000.jpg!m_fill,w_280,h_210,f_jpg?from=ke.com
20230507,昌平,回龙观,101117460972,西六南北通透两居室 高视野好全天采光 观景 满五唯一,600万,68447元/平,高楼层 (共31层) | 2016年建 | 2室1厅 | 87.66平米 | 南 北,https://ke-image.ljcdn.com/110000-inspection/7247bb3d-d785-45b6-9462-9ce9a9dc714d_1000.jpg!m_fill,w_280,h_210,f_jpg?from=ke.com
20230507,昌平,回龙观,101117460674,良庄家园南北通透双飘窗双阳台两居钢混结构,493万,50046元/平,底层 (共6层) 2室2厅 | 98.51平米 | 南 北,https://ke-image.ljcdn.com/110000-inspection/pc1_4KCYc4gcU.jpg!m_fill,w_280,h_210,f_jpg?from=ke.com
20230507,昌平,回龙观,101117452801,融泽嘉园中路1号院 位置好南北通透满五年唯一,626万,67211元/平,高楼层 (共28层) | 2014年建 | 2室1厅 | 93.14平米 | 南 北,https://ke-image.ljcdn.com/110000-inspection/47e46307-2772-4c78-b534-6bf7c91bd1ef_1000.jpg!m_fill,w_280,h_210,f_jpg?from=ke.com
20230507,昌平,回龙观,101117438273,京投发展公园悦府一区南北通透两居室精装修有钥匙,605万,63900元/平,中楼层 (共22层) 2室2厅 | 94.68平米 | 南 北,https://ke-image.ljcdn.com/110000-inspection/pc1_TNWJQYbAT.jpg!m_fill,w_280,h_210,f_jpg?from=ke.com
20230507,昌平,回龙观,101117426627,新龙城 2室1厅 东南,528万,57731元/平,低楼层 (共15层) 2室1厅 | 91.46平米 | 东南,https://ke-image.ljcdn.com/110000-inspection/pc1_B6XOn9YyB.jpg!m_fill,w_280,h_210,f_jpg?from=ke.com
20230507,昌平,回龙观,101117422718,此房是商品房南北通透大两居户型方正居住舒适房主自荐,465万,46753元/平,顶层 (共6层) | 2002年建 | 2室2厅 | 99.46平米 | 南 北,https://ke-image.ljcdn.com/110000-inspection/pc1_kKRFx80bP.jpg!m_fill,w_280,h_210,f_jpg?from=ke.com
20230507,昌平,回龙观,101117419434,流星花园三区 精装高楼层满五唯一三居两卫房主自荐,668万,54138元/平,顶层 (共11层) | 2006年建 | 3室1厅 | 123.39平米 | 南 北,https://ke-image.ljcdn.com/110000-inspection/pc1_vKmesrXp4.jpg!m_fill,w_280,h_210,f_jpg?from=ke.com
20230507,昌平,回龙观,101117417173,首开国风美唐三期 精装修 落地窗 家具家电 诚售房主自荐,682万,79972元/平,低楼层 (共15层) 2室2厅 | 85.28平米 | 西南,https://ke-image.ljcdn.com/110000-inspection/77057e30-efb0-4b25-94e6-be0a2bdaadae_1000.jpg!m_fill,w_280,h_210,f_jpg?from=ke.com
20230507,昌平,回龙观,101117406096,金域华府二期 高楼层采光好视野好,654万,82182元/平,高楼层 (共28层) | 2014年建 | 2室1厅 | 79.58平米 | 南,https://ke-image.ljcdn.com/110000-inspection/7d1be25b-cb39-4718-8aec-46d5ecd0d76b_1000.jpg!m_fill,w_280,h_210,f_jpg?from=ke.com
20230507,昌平,回龙观,101117401987,首开国风美唐三期 商品房 全明格局 小区中间房主自荐,950万,74429元/平,低楼层 (共18层) | 2016年建 | 3室1厅 | 127.64平米 | 东 南 北,https://ke-image.ljcdn.com/110000-inspection/pc1_7KYNwazNo.jpg!m_fill,w_280,h_210,f_jpg?from=ke.com
20230507,昌平,回龙观,101117397951,龙泽苑西区 全明格局 两居室 商满五唯一,515万,56637元/平,高楼层 (共6层) | 2002年建 | 2室1厅 | 90.93平米 | 东 西 南 北,https://ke-image.ljcdn.com/110000-inspection/pc1_2TLVGaJRN.jpg!m_fill,w_280,h_210,f_jpg?from=ke.com
20230507,昌平,回龙观,101117391519,龙腾苑六区+  中间楼层+ 三居一卫,619万,48906元/平,中楼层 (共6层) | 2002年建 | 3室2厅 | 126.57平米 | 东 南 北,https://ke-image.ljcdn.com/110000-inspection/pc1_jKpQbhaHm.jpg!m_fill,w_280,h_210,f_jpg?from=ke.com
20230507,昌平,回龙观,101117390011,南北通透视野开阔有储藏室带电梯靠近龙泽地铁房主自荐,660万,57372元/平,低楼层 (共20层) | 2007年建 | 2室1厅 | 115.04平米 | 南 北,https://ke-image.ljcdn.com/110000-inspection/pc1_CSDB3A35d.jpg!m_fill,w_280,h_210,f_jpg?from=ke.com
20230507,昌平,回龙观,101117382874,云趣园一区 3室1厅 南 北,510万,49048元/平,中楼层 (共6层) | 2000年建 | 3室1厅 | 103.98平米 | 南 北,https://ke-image.ljcdn.com/110000-inspection/pc1_PTAyJ7DdJ.jpg!m_fill,w_280,h_210,f_jpg?from=ke.com
20230507,昌平,回龙观,101117375307,流星花园2区电梯开间商五一,295万,62368元/平,低楼层 (共11层) | 2004年建 | 1室0厅 | 47.3平米 | 北,https://ke-image.ljcdn.com/110000-inspection/pc1_PJW3GPXuw.jpg!m_fill,w_280,h_210,f_jpg?from=ke.com
20230507,昌平,回龙观,101117374285,新龙城正规大一居诚意出售只有契税看房便利,410万,72336元/平,低楼层 (共20层) 1室1厅 | 56.68平米 | 北,https://ke-image.ljcdn.com/110000-inspection/pc1_8rbXAVmrI.jpg!m_fill,w_280,h_210,f_jpg?from=ke.com
20230507,昌平,回龙观,101117369761,商品房自住装修看房随时诚意出售,525万,42210元/平,顶层 (共6层) | 2005年建 | 3室2厅 | 124.38平米 | 南 北,https://ke-image.ljcdn.com/110000-inspection/9d8dfa95-3f51-4722-b7f5-7fee3b661f69_1000.jpg!m_fill,w_280,h_210,f_jpg?from=ke.com
20230507,昌平,回龙观,101117368613,精装 2室一厅 南北 满五唯一 拎包入住 近地铁和公园房主自荐,475万,50053元/平,底层 (共6层) | 2000年建 | 2室1厅 | 94.9平米 | 南 北,https://ke-image.ljcdn.com/110000-inspection/pc1_aK9w9b8VJ.jpg!m_fill,w_280,h_210,f_jpg?from=ke.com
20230507,昌平,回龙观,101117363885,融泽嘉园中路6号院 融泽嘉园一期 融泽嘉园中6号院,630万,68568元/平,低楼层 (共27层) 2室1厅 | 91.88平米 | 南 北,https://ke-image.ljcdn.com/110000-inspection/pc1_TMDRTHnuC.jpg!m_fill,w_280,h_210,f_jpg?from=ke.com
20230507,昌平,回龙观,101117360131,龙泽东区2005年钢混结构满五唯一中间楼层,489万,53648元/平,中楼层 (共7层) | 2005年建 | 2室1厅 | 91.15平米 | 东 南 北,https://ke-image.ljcdn.com/110000-inspection/pc1_oa3GkpJDi.jpg!m_fill,w_280,h_210,f_jpg?from=ke.com
20230507,昌平,回龙观,101117355804,新龙城两居 南北通透 明厨明卫 小区中间不临街,619万,64199元/平,低楼层 (共11层) 2室1厅 | 96.42平米 | 南 北,https://ke-image.ljcdn.com/110000-inspection/pc1_4ZcOc3unC.jpg!m_fill,w_280,h_210,f_jpg?from=ke.com
20230507,昌平,回龙观,101117355654,精装修可拎包住 满五唯一 无特殊要求 随时可看诚心卖,339万,68333元/平,中楼层 (共11层) 1室0厅 | 49.61平米 | 北,https://ke-image.ljcdn.com/110000-inspection/78f05cc5-58d8-426a-830b-8af94bf715ba_1000.jpg!m_fill,w_280,h_210,f_jpg?from=ke.com
20230507,昌平,回龙观,101117352699,商品房 明卫精装 视野无遮挡 采光好,899万,77507元/平,低楼层 (共26层) 3室1厅 | 115.99平米 | 南 北,https://ke-image.ljcdn.com/110000-inspection/613c7d8c-66d3-4a8c-85f5-96c4ae2c7193_1000.jpg!m_fill,w_280,h_210,f_jpg?from=ke.com
20230507,昌平,回龙观,101117352642,电梯房高楼层全南向视野好业主人好签约随时,405万,63800元/平,高楼层 (共11层) | 2011年建 | 1室1厅 | 63.48平米 | 南,https://ke-image.ljcdn.com/110000-inspection/pc1_U7QIjFKt7.jpg!m_fill,w_280,h_210,f_jpg?from=ke.com
20230507,昌平,回龙观,101117350555,龙腾苑六区 两居室 南北通透 近地铁,520万,51166元/平,低楼层 (共6层) | 2002年建 | 2室1厅 | 101.63平米 | 南 北,https://ke-image.ljcdn.com/110000-inspection/pc1_NXglZtgUL_1.jpg!m_fill,w_280,h_210,f_jpg?from=ke.com
20230507,昌平,回龙观,101117343322,融泽嘉园中路2号院满五年唯一商品房诚心出售,605万,65441元/平,底层 (共28层) 2室1厅 | 92.45平米 | 南 北,https://ke-image.ljcdn.com/110000-inspection/pc1_rcol9VGMQ.jpg!m_fill,w_280,h_210,f_jpg?from=ke.com
20230507,昌平,回龙观,101117327571,国风美唐三期 高楼层 视野无遮挡 楼间距大 自住房主自荐,1010万,79105元/平,顶层 (共18层) 3室1厅 | 127.68平米 | 南 北,https://ke-image.ljcdn.com/110000-inspection/2adeca41-b6fd-4497-afc9-436f99a5c2bc_1000.jpg!m_fill,w_280,h_210,f_jpg?from=ke.com
20230507,昌平,回龙观,101117319339,通达花园品质小区改善型四居室全新装修落地飘窗,820万,48035元/平,高楼层 (共7层) | 2000年建 | 4室1厅 | 170.71平米 | 南 北,https://ke-image.ljcdn.com/110000-inspection/pc1_QB4XSf9kN.jpg!m_fill,w_280,h_210,f_jpg?from=ke.com
20230507,昌平,回龙观,101117318472,金达园 2室2厅 南 北,435万,49337元/平,顶层 (共6层) | 1997年建 | 2室2厅 | 88.17平米 | 南 北,https://ke-image.ljcdn.com/110000-inspection/pc1_wTjJHnbIG.jpg!m_fill,w_280,h_210,f_jpg?from=ke.com
20230507,昌平,回龙观,101117317087,商品房满五唯一精装修中间楼层视野好,450万,71327元/平,中楼层 (共34层) | 2014年建 | 1室1厅 | 63.09平米 | 南,https://ke-image.ljcdn.com/110000-inspection/54a8f0ec-c18e-4c92-9729-8f535bf61320_1000.jpg!m_fill,w_280,h_210,f_jpg?from=ke.com
20230507,昌平,回龙观,101117304110,龙城花园北二区正规两居视野开阔诚心出售。,368万,58376元/平,中楼层 (共4层) 2室1厅 | 63.04平米 | 南 北,https://ke-image.ljcdn.com/110000-inspection/110e30ea-effa-4811-86cd-a6b0bd401ef8_1000.jpg!m_fill,w_280,h_210,f_jpg?from=ke.com
20230507,昌平,回龙观,101117299432,风雅园二区  南北通透 精装两居室 满五唯一,485万,50479元/平,中楼层 (共7层) | 2000年建 | 2室2厅 | 96.08平米 | 南 北,https://ke-image.ljcdn.com/110000-inspection/7affb6c2-bef3-40c8-999d-bc170d556c0c_1000.jpg!m_fill,w_280,h_210,f_jpg?from=ke.com
20230507,昌平,回龙观,101117282013,融泽嘉园中路2号院 2室1厅 南 北,600万,60680元/平,高楼层 (共28层) 2室1厅 | 98.88平米 | 南 北,https://ke-image.ljcdn.com/110000-inspection/bb639714-b04b-4aba-9648-9b12718d9604_1000.jpg!m_fill,w_280,h_210,f_jpg?from=ke.com
20230507,昌平,回龙观,101117274006,美唐朗观  商满五唯一  视野采光好   中间位置,615万,73119元/平,顶层 (共20层) | 2014年建 | 2室1厅 | 84.11平米 | 东南,https://ke-image.ljcdn.com/110000-inspection/pc1_2GJU8UnOE.jpg!m_fill,w_280,h_210,f_jpg?from=ke.com
20230507,昌平,回龙观,101117267251,天露园二区  精装修三居室   商品房,533万,41557元/平,高楼层 (共6层) | 2008年建 | 3室2厅 | 128.26平米 | 南 北,https://ke-image.ljcdn.com/110000-inspection/c4344c06-2794-479e-9c70-4fd9288dbb68_1000.jpg!m_fill,w_280,h_210,f_jpg?from=ke.com
20230507,昌平,回龙观,101117256622,流星花园三区 2室1厅 西南,559万,64790元/平,中楼层 (共11层) | 2006年建 | 2室1厅 | 86.28平米 | 西南,https://ke-image.ljcdn.com/110000-inspection/pc1_Akex0cX3R.jpg!m_fill,w_280,h_210,f_jpg?from=ke.com
20230507,昌平,回龙观,101117255954,融泽嘉园东一路6号院  全南 中间楼层,618万,70468元/平,中楼层 (共34层) 2室1厅 | 87.7平米 | 南,https://ke-image.ljcdn.com/110000-inspection/pc1_KTTwItw1y.jpg!m_fill,w_280,h_210,f_jpg?from=ke.com
20230507,昌平,回龙观,101117254620,首开国风美唐二期 3室1厅 西南,725万,76092元/平,高楼层 (共20层) 3室1厅 | 95.28平米 | 西南,https://ke-image.ljcdn.com/110000-inspection/f9dee4c9-8a46-4228-a71a-bff60f73f78e_1000.jpg!m_fill,w_280,h_210,f_jpg?from=ke.com
20230507,昌平,回龙观,101117253522,流星花园三区 一层  满五唯一 自住精装 落地窗,810万,55940元/平,底层 (共6层) | 2003年建 | 3室1厅 | 144.8平米 | 南 北,https://ke-image.ljcdn.com/110000-inspection/pc1_5dETjRkoJ.jpg!m_fill,w_280,h_210,f_jpg?from=ke.com
20230507,昌平,回龙观,101117251463,矩阵二期新上电梯两居商五唯一集中供暖不临街,523万,58475元/平,中楼层 (共11层) | 2005年建 | 2室1厅 | 89.44平米 | 南 北,https://ke-image.ljcdn.com/110000-inspection/b9b049e3-7abf-475d-b10d-f418cece876e_1000.jpg!m_fill,w_280,h_210,f_jpg?from=ke.com
20230507,昌平,回龙观,101117250905,龙腾苑六区出行便利视野开阔,510万,52605元/平,中楼层 (共6层) | 2002年建 | 2室2厅 | 96.95平米 | 南 北,https://ke-image.ljcdn.com/110000-inspection/57ae4fc0-5e11-4438-8eac-d7ac54812219_1000.jpg!m_fill,w_280,h_210,f_jpg?from=ke.com
20230507,昌平,回龙观,101117245888,云趣园三区 只有契税 25年通地铁 业主诚心出售,515万,44643元/平,高楼层 (共6层) | 2000年建 | 3室2厅 | 115.36平米 | 南 北,https://ke-image.ljcdn.com/110000-inspection/pc1_GDj1sUYun.jpg!m_fill,w_280,h_210,f_jpg?from=ke.com
20230507,昌平,回龙观,101117244428,金域华府二期南北通透高楼层视野好采光好,725万,79114元/平,高楼层 (共28层) | 2014年建 | 2室1厅 | 91.64平米 | 南 北,https://ke-image.ljcdn.com/110000-inspection/7af38885-f9a3-4abb-91e2-4a2564a93bc0_1000.jpg!m_fill,w_280,h_210,f_jpg?from=ke.com
20230507,昌平,回龙观,101117243839,两居带单独餐厅 商满五唯一只契税视野采光好,515万,51066元/平,中楼层 (共6层) | 2002年建 | 2室1厅 | 100.85平米 | 南 北,https://ke-image.ljcdn.com/110000-inspection/pc1_JgfNKelZ9.jpg!m_fill,w_280,h_210,f_jpg?from=ke.com
20230507,昌平,回龙观,101117243486,首开智慧社 2室1厅 南 北,598万,66921元/平,中楼层 (共21层) 2室1厅 | 89.36平米 | 南 北,https://ke-image.ljcdn.com/110000-inspection/pc1_BXcFXEcA6.jpg!m_fill,w_280,h_210,f_jpg?from=ke.com
20230507,昌平,回龙观,101117242897,小区中间位置靠近花园明厨明卫南北通透房主自荐,772万,62729元/平,低楼层 (共8层) 3室2厅 | 123.07平米 | 南 北,https://ke-image.ljcdn.com/110000-inspection/pc1_jDHNwdcsW.jpg!m_fill,w_280,h_210,f_jpg?from=ke.com
20230507,昌平,回龙观,101117242605,满五唯一低楼层边户全明格局三居两卫,620万,47862元/平,底层 (共6层) | 2005年建 | 3室1厅 | 129.54平米 | 南 北,https://ke-image.ljcdn.com/110000-inspection/3b00cb73-7d21-4f1b-9c15-66e0ea98e0cb_1000.jpg!m_fill,w_280,h_210,f_jpg?from=ke.com
20230507,昌平,回龙观,101117235562,融泽嘉园西二路6号院 2室1厅 南,598万,68219元/平,高楼层 (共31层) | 2016年建 | 2室1厅 | 87.66平米 | 南,https://ke-image.ljcdn.com/110000-inspection/f21dca3b-1079-4cad-ad76-4047ddad178e_1000.jpg!m_fill,w_280,h_210,f_jpg?from=ke.com
20230507,昌平,回龙观,101117227230,融泽嘉园西二路6号院婚房精装修两居室入住时间短房主自荐,608万,69359元/平,高楼层 (共31层) | 2016年建 | 2室1厅 | 87.66平米 | 南 北,https://ke-image.ljcdn.com/110000-inspection/pc1_o1XZ0QCc3.jpg!m_fill,w_280,h_210,f_jpg?from=ke.com
20230507,昌平,回龙观,101117226996,北京市农学院家属宿舍 满五年 一层 小区环境好,320万,63292元/平,底层 (共3层) 2室1厅 | 50.56平米 | 北 南,https://ke-image.ljcdn.com/110000-inspection/pc1_1L0Eg4gl1.jpg!m_fill,w_280,h_210,f_jpg?from=ke.com
20230507,昌平,回龙观,101117224897,慧华苑小区+H户型+采光好+小区中间位置视野好,449万,45617元/平,顶层 (共6层) | 1996年建 | 3室1厅 | 98.43平米 | 南 北,https://ke-image.ljcdn.com/110000-inspection/pc1_gFk9E8cSJ.jpg!m_fill,w_280,h_210,f_jpg?from=ke.com
20230507,昌平,回龙观,101117213294,有品质的生活在万科+全南一居+满五唯一+好位置好楼层,465万,72307元/平,低楼层 (共28层) 1室1厅 | 64.31平米 | 南,https://ke-image.ljcdn.com/110000-inspection/pc1_32OuKLcTV.jpg!m_fill,w_280,h_210,f_jpg?from=ke.com
20230507,昌平,回龙观,101117208638,龙跃苑四区 商品房满五一套 低楼层 小区中间 不临街房主自荐,655万,47181元/平,低楼层 (共6层) | 2005年建 | 3室1厅 | 138.83平米 | 南 北,https://ke-image.ljcdn.com/110000-inspection/e3d6e0b1-3459-4004-b457-d996de16ac82_1000.jpg!m_fill,w_280,h_210,f_jpg?from=ke.com
20230507,昌平,回龙观,101117205918,北京市昌平区回龙观镇龙腾苑四区,700万,54654元/平,底层 (共6层) | 2003年建 | 3室1厅 | 128.08平米 | 南 北,https://ke-image.ljcdn.com/110000-inspection/fb096dbc-c55f-439e-b189-92fd48484863_1000.jpg!m_fill,w_280,h_210,f_jpg?from=ke.com
20230507,昌平,回龙观,101117200930,通达花园落地飘窗商品房满五年唯一！视野无遮挡。,580万,44215元/平,中楼层 (共7层) | 2001年建 | 3室1厅 | 131.18平米 | 南 北,https://ke-image.ljcdn.com/110000-inspection/pc1_7CfMsQavh_1.jpg!m_fill,w_280,h_210,f_jpg?from=ke.com
20230507,昌平,回龙观,101117197981,龙跃苑东二区 2室1厅 南 北,515万,50794元/平,顶层 (共6层) | 2007年建 | 2室1厅 | 101.39平米 | 南 北,https://ke-image.ljcdn.com/110000-inspection/c9ff00a8-776e-4058-bb1e-b38773bd1211_1000.jpg!m_fill,w_280,h_210,f_jpg?from=ke.com
20230507,昌平,回龙观,101117188846,领秀慧谷D区 全南中高层 商满五一套 电梯入户直达地库,539万,76217元/平,中楼层 (共11层) | 2016年建 | 2室1厅 | 70.72平米 | 南,https://ke-image.ljcdn.com/110000-inspection/pc1_tSNd1W0j3.jpg!m_fill,w_280,h_210,f_jpg?from=ke.com
20230507,昌平,回龙观,101117188602,商品房高楼层视野好精装修拎包入住,455万,71880元/平,中楼层 (共34层) | 2014年建 | 1室1厅 | 63.3平米 | 南,https://ke-image.ljcdn.com/110000-inspection/03e61fb1-4282-4607-bc01-7767f7f72ed2_1000.jpg!m_fill,w_280,h_210,f_jpg?from=ke.com
20230507,昌平,回龙观,101117187026,高楼层 视野好  诚心出售 随时签约,545万,55146元/平,高楼层 (共28层) 2室1厅 | 98.83平米 | 南 北,https://ke-image.ljcdn.com/110000-inspection/941c9706-a012-4fcd-b0c3-74f9a44c4645_1000.jpg!m_fill,w_280,h_210,f_jpg?from=ke.com
20230507,昌平,回龙观,101117185818,优质好房-龙腾必看房源-看房有惊喜房主自荐,610万,49980元/平,低楼层 (共7层) 3室1厅 | 122.05平米 | 南 北,https://ke-image.ljcdn.com/110000-inspection/pc1_xMg5xwcmd.jpg!m_fill,w_280,h_210,f_jpg?from=ke.com
20230507,昌平,回龙观,101117179548,京投发展公园悦府二区 楼层好 首套首付底房主自荐,730万,83928元/平,高楼层 (共27层) 2室2厅 | 86.98平米 | 西南,https://ke-image.ljcdn.com/110000-inspection/pc1_RMBffHq0C.jpg!m_fill,w_280,h_210,f_jpg?from=ke.com
20230507,昌平,回龙观,101117175362,商品房满五年唯一 南北通透 自住精装修 采光视野好,716万,68807元/平,中楼层 (共28层) 3室1厅 | 104.06平米 | 东 南 北,https://ke-image.ljcdn.com/110000-inspection/7a7c36ea-7668-4b6d-98f5-3996a641c5db_1000.jpg!m_fill,w_280,h_210,f_jpg?from=ke.com
20230507,昌平,回龙观,101117169324,龙锦苑四区中间层三居室一卫采光良好可拎包入住,585万,50224元/平,中楼层 (共7层) | 2003年建 | 3室1厅 | 116.48平米 | 南 北,https://ke-image.ljcdn.com/110000-inspection/770fb336-6f71-42cc-920d-0190b29cf412_1000.jpg!m_fill,w_280,h_210,f_jpg?from=ke.com
20230507,昌平,回龙观,101117163163,龙旗广场 南北户型 正规三居室 满五年房主自荐,510万,58167元/平,低楼层 (共28层) | 2010年建 | 3室1厅 | 87.68平米 | 南 北,https://ke-image.ljcdn.com/110000-inspection/ac985e62-78f4-48ef-98db-667d76b0dcd7_1000.jpg!m_fill,w_280,h_210,f_jpg?from=ke.com
20230507,昌平,回龙观,101117161962,金域华府南北通透精装修中楼层两居室,708万,71828元/平,中楼层 (共27层) | 2012年建 | 2室2厅 | 98.57平米 | 南 北,https://ke-image.ljcdn.com/110000-inspection/pc1_nQZqOqevu.jpg!m_fill,w_280,h_210,f_jpg?from=ke.com
20230507,昌平,回龙观,101117160641,京投发展公园悦府一区 精装修 次顶层 靠谱签约两居室,645万,71699元/平,高楼层 (共11层) | 2014年建 | 2室2厅 | 89.96平米 | 南 北,https://ke-image.ljcdn.com/110000-inspection/921b3dd5-85ab-47f3-b697-50fab8e77986_1000.jpg!m_fill,w_280,h_210,f_jpg?from=ke.com
20230507,昌平,回龙观,101117159204,流星花园三区 南北通透 花园洋房 诚意出售,695万,55291元/平,低楼层 (共6层) | 2003年建 | 3室1厅 | 125.7平米 | 南 北,https://ke-image.ljcdn.com/110000-inspection/pc1_FiWQaaOPN.jpg!m_fill,w_280,h_210,f_jpg?from=ke.com
20230507,昌平,回龙观,101117155901,2层、采光很好、卫生间带窗户、小区中间、定房急售,596万,47650元/平,低楼层 (共6层) | 2005年建 | 3室1厅 | 125.08平米 | 南 北,https://ke-image.ljcdn.com/110000-inspection/71c4dd63-63c1-4f55-84c0-793a27d37722_1000.jpg!m_fill,w_280,h_210,f_jpg?from=ke.com
20230507,昌平,回龙观,101117155173,龙博苑一区 商满五唯一  双卫双阳台全明格局,580万,49371元/平,高楼层 (共6层) | 2005年建 | 3室1厅 | 117.48平米 | 南 北,https://ke-image.ljcdn.com/110000-inspection/pc1_VSAl02MKh.jpg!m_fill,w_280,h_210,f_jpg?from=ke.com
20230507,昌平,回龙观,101117154404,融泽嘉园93两居 商品房满五唯一 业主诚意卖看房方便房主自荐,618万,66324元/平,低楼层 (共27层) 2室1厅 | 93.18平米 | 南 北,https://ke-image.ljcdn.com/110000-inspection/pc1_b3sW4hXxv.jpg!m_fill,w_280,h_210,f_jpg?from=ke.com
20230507,昌平,回龙观,101117151041,新龙城小区满五年唯一平层四居室,745万,49240元/平,底层 (共20层) 4室1厅 | 151.3平米 | 南 北,https://ke-image.ljcdn.com/110000-inspection/pc1_7Ht8TQSS7.jpg!m_fill,w_280,h_210,f_jpg?from=ke.com
20230507,昌平,回龙观,101117142629,风雅园不临街大两居满五年唯一装修好一天未住。,512万,50643元/平,低楼层 (共6层) | 2000年建 | 2室1厅 | 101.1平米 | 东南,https://ke-image.ljcdn.com/110000-inspection/pc1_32MuW4rUE.jpg!m_fill,w_280,h_210,f_jpg?from=ke.com
20230507,昌平,回龙观,101117138354,龙跃苑二区 小区中间满五年唯一 看房随时,545万,39553元/平,顶层 (共6层) | 2003年建 | 3室1厅 | 137.79平米 | 南 北,https://ke-image.ljcdn.com/110000-inspection/pc1_AhQXJMeZ6.jpg!m_fill,w_280,h_210,f_jpg?from=ke.com
20230507,昌平,回龙观,101117136679,本房商满五唯一自住装修看房方便随时签约房主自荐,410万,48032元/平,顶层 (共6层) | 2000年建 | 2室2厅 | 85.36平米 | 南 北,https://ke-image.ljcdn.com/110000-inspection/pc1_ZHWXK3PuP.jpg!m_fill,w_280,h_210,f_jpg?from=ke.com
20230507,昌平,回龙观,101117131543,领秀慧谷D区11层的8层洋房社区有地下储物间。房主自荐,688万,76821元/平,中楼层 (共11层) | 2016年建 | 2室2厅 | 89.56平米 | 南 北,https://ke-image.ljcdn.com/110000-inspection/pc1_6FLS1cnuH.jpg!m_fill,w_280,h_210,f_jpg?from=ke.com
20230507,昌平,回龙观,101117131082,龙腾苑四区 商品房满五年唯一 中间位置 中间楼层,640万,49969元/平,中楼层 (共6层) | 2003年建 | 3室1厅 | 128.08平米 | 南 北,https://ke-image.ljcdn.com/110000-inspection/pc1_3JryFsdk4.jpg!m_fill,w_280,h_210,f_jpg?from=ke.com
20230507,昌平,回龙观,101117130830,靠谱两居室、商满五年唯一、5层随时可签约、产权清晰,429万,64116元/平,高楼层 (共6层) 2室1厅 | 66.91平米 | 西南,https://ke-image.ljcdn.com/110000-inspection/pc1_WiNlyMN7u.jpg!m_fill,w_280,h_210,f_jpg?from=ke.com
20230507,昌平,回龙观,101117129586,领秀慧谷C区 明厨明卫 商品房满五年 南北通透,598万,63999元/平,底层 (共11层) 3室2厅 | 93.44平米 | 南 北,https://ke-image.ljcdn.com/110000-inspection/pc1_S4zGt46wA_1.jpg!m_fill,w_280,h_210,f_jpg?from=ke.com
20230507,昌平,回龙观,101117129127,南北通透眼睛户型小区中间中间楼层房主自荐,728万,66606元/平,中楼层 (共8层) | 2006年建 | 3室1厅 | 109.3平米 | 南 北,https://ke-image.ljcdn.com/110000-inspection/pc1_cjEZ6Qlux.jpg!m_fill,w_280,h_210,f_jpg?from=ke.com
20230507,昌平,回龙观,101117128858,流星花园二区南北通透三居室采光好,545万,48972元/平,顶层 (共6层) | 2003年建 | 3室1厅 | 111.29平米 | 南 北,https://ke-image.ljcdn.com/110000-inspection/52722cab-5500-4277-96ea-7c847fef28c0_1000.jpg!m_fill,w_280,h_210,f_jpg?from=ke.com
20230507,昌平,回龙观,101117128568,良庄家园 正规三居两卫户型有电梯,645万,48875元/平,顶层 (共6层) 3室2厅 | 131.97平米 | 南 北,https://ke-image.ljcdn.com/110000-inspection/fd74b303-4550-41e6-b39b-b3f500768c7b_1000.jpg!m_fill,w_280,h_210,f_jpg?from=ke.com
20230507,昌平,回龙观,101117125813,精装修三居室商品房满五年唯一,498万,51870元/平,低楼层 (共6层) 3室1厅 | 96.01平米 | 西南 东北,https://ke-image.ljcdn.com/110000-inspection/pc1_YUNL3iDek.jpg!m_fill,w_280,h_210,f_jpg?from=ke.com
20230507,昌平,回龙观,101117120282,小区中间位置商品房满五年唯一采光充足,399万,58911元/平,高楼层 (共6层) 2室1厅 | 67.73平米 | 南 北,https://ke-image.ljcdn.com/110000-inspection/pc1_j1DVJ2vsY.jpg!m_fill,w_280,h_210,f_jpg?from=ke.com
20230507,昌平,回龙观,101117118081,次新社区环境优美满五年唯一南北通透户型方正！,565万,58122元/平,低楼层 (共28层) | 2014年建 | 2室1厅 | 97.21平米 | 南 北,https://ke-image.ljcdn.com/110000-inspection/pc1_rJaKkdXLy.jpg!m_fill,w_280,h_210,f_jpg?from=ke.com
20230507,昌平,回龙观,101117114517,大窗户 全南向 89平 自住精装修小区人车分流环境优美房主自荐,720万,80619元/平,低楼层 (共28层) | 2014年建 | 2室1厅 | 89.31平米 | 南,https://ke-image.ljcdn.com/110000-inspection/9c28613c-4b62-4a31-873f-fb51b1999504_1000.jpg!m_fill,w_280,h_210,f_jpg?from=ke.com
20230507,昌平,回龙观,101117113906,2019年次新房 婚房装修 全南向大两居 户型方正房主自荐,728万,83286元/平,中楼层 (共27层) 2室2厅 | 87.41平米 | 南,https://ke-image.ljcdn.com/110000-inspection/6c0827d7-95f0-4ae3-9826-b045178e2e5b_1000.jpg!m_fill,w_280,h_210,f_jpg?from=ke.com
20230507,昌平,回龙观,101117113679,黄平路19号院 新上商品房一居室 中间楼层 带电梯,395万,65010元/平,中楼层 (共28层) | 2010年建 | 1室1厅 | 60.76平米 | 东 南,https://ke-image.ljcdn.com/110000-inspection/7d988904-fff8-47e8-871a-e1f242edf4c9_1000.jpg!m_fill,w_280,h_210,f_jpg?from=ke.com
20230507,昌平,回龙观,101117110559,龙旗广场南北两居室业主诚心出售,480万,63602元/平,中楼层 (共11层) | 2010年建 | 2室1厅 | 75.47平米 | 南 北,https://ke-image.ljcdn.com/110000-inspection/pc1_409Au3qVT_1.jpg!m_fill,w_280,h_210,f_jpg?from=ke.com
20230507,昌平,回龙观,101117107227,融泽嘉园西二路2号院  三期  全南  满五年唯一房主自荐,495万,56321元/平,底层 (共34层) | 2016年建 | 2室1厅 | 87.89平米 | 南,https://ke-image.ljcdn.com/110000-inspection/pc1_4x4JE606c.jpg!m_fill,w_280,h_210,f_jpg?from=ke.com
20230507,昌平,回龙观,101117100992,风雅园二区中间四层 商品房  网签价374万,523万,43224元/平,中楼层 (共7层) | 2000年建 | 3室2厅 | 121平米 | 南 北,https://ke-image.ljcdn.com/110000-inspection/pc1_q9vCSqXde.jpg!m_fill,w_280,h_210,f_jpg?from=ke.com
20230507,昌平,回龙观,101117100650,三居两卫中间层边户商品房满五年唯一好户型,560万,45031元/平,中楼层 (共6层) | 2000年建 | 3室1厅 | 124.36平米 | 南 北,https://ke-image.ljcdn.com/110000-inspection/pc1_Jry0nyBhI.jpg!m_fill,w_280,h_210,f_jpg?from=ke.com
20230507,昌平,回龙观,101117099058,2层、满五年唯一、小区中间、自住看房方便、靠谱出售,552万,51841元/平,低楼层 (共6层) | 2005年建 | 2室1厅 | 106.48平米 | 南 北,https://ke-image.ljcdn.com/110000-inspection/ab4fe002-adea-4fcd-a4f9-d9673fa27bd4_1000.jpg!m_fill,w_280,h_210,f_jpg?from=ke.com
20230507,昌平,回龙观,101117097129,风雅园二区中间楼层两居室挨着公园和医院,459万,50159元/平,低楼层 (共6层) 2室1厅 | 91.51平米 | 西北,https://ke-image.ljcdn.com/110000-inspection/pc1_75RAWNVbd.jpg!m_fill,w_280,h_210,f_jpg?from=ke.com
20230507,昌平,回龙观,101117094811,近地铁南北通透不临街不把边,509万,44139元/平,高楼层 (共6层) 3室1厅 | 115.32平米 | 南 北,https://ke-image.ljcdn.com/110000-inspection/pc1_YtZlrn28V.jpg!m_fill,w_280,h_210,f_jpg?from=ke.com
20230507,昌平,回龙观,101117089181,龙锦苑四区 中间位置中间楼层 南北通透 三居两卫房主自荐,577万,48000元/平,中楼层 (共6层) 3室1厅 | 120.21平米 | 南 北,https://ke-image.ljcdn.com/110000-inspection/pc1_2KBepnUm3.jpg!m_fill,w_280,h_210,f_jpg?from=ke.com
20230507,昌平,回龙观,101117088092,商品房满五年出租装修诚意出售看房提前约。,370万,58693元/平,中楼层 (共4层) 2室1厅 | 63.04平米 | 南 北,https://ke-image.ljcdn.com/110000-inspection/48148f62-ea24-437b-bd1b-deb2deac9255_1000.jpg!m_fill,w_280,h_210,f_jpg?from=ke.com
20230507,昌平,回龙观,101117085176,全明格局 自采暖 地暖 采光没遮挡 精装修 商品房性质,711万,56803元/平,底层 (共6层) | 2006年建 | 3室1厅 | 125.17平米 | 南 北,https://ke-image.ljcdn.com/110000-inspection/1bf0bf8f-a86a-432f-9892-03b94a27533d_1000.jpg!m_fill,w_280,h_210,f_jpg?from=ke.com
20230507,昌平,回龙观,101117084167,矩阵三期 1室1厅 南 北,476万,64299元/平,顶层 (共11层) | 2007年建 | 1室1厅 | 74.03平米 | 南 北,https://ke-image.ljcdn.com/110000-inspection/c45c0bea-379f-46ba-a45f-897251033b15_1000.jpg!m_fill,w_280,h_210,f_jpg?from=ke.com
20230507,昌平,回龙观,101117083927,公园悦府三期 经典2居户型 靠谱出售 看房方便,700万,81339元/平,底层 (共27层) 2室2厅 | 86.06平米 | 东 南,https://ke-image.ljcdn.com/110000-inspection/59f5b553-956b-49eb-8fd3-2eb661d51dbf_1000.jpg!m_fill,w_280,h_210,f_jpg?from=ke.com
20230507,昌平,回龙观,101117083233,商品房满五年唯一南北通透户型方正格局合理,579万,47479元/平,高楼层 (共6层) | 2003年建 | 3室1厅 | 121.95平米 | 南 北,https://ke-image.ljcdn.com/110000-inspection/pc1_MvENV4Q6s.jpg!m_fill,w_280,h_210,f_jpg?from=ke.com
20230507,昌平,回龙观,101117080548,龙博苑一区 南北通透两居两卫地铁300米,536万,46862元/平,顶层 (共6层) | 2005年建 | 2室1厅 | 114.38平米 | 南 北,https://ke-image.ljcdn.com/110000-inspection/pc1_TroLqIUJN.jpg!m_fill,w_280,h_210,f_jpg?from=ke.com
20230507,昌平,回龙观,101117080323,流星花园三区 一层 户型好 位置佳 业主诚心出售,596万,63170元/平,底层 (共6层) | 2003年建 | 2室1厅 | 94.35平米 | 南,https://ke-image.ljcdn.com/110000-inspection/pc1_C8BheROmV.jpg!m_fill,w_280,h_210,f_jpg?from=ke.com
20230507,昌平,回龙观,101117079454,融泽嘉园中路6号院 南北通透 全明格局 高楼层,575万,58305元/平,高楼层 (共25层) | 2013年建 | 2室1厅 | 98.62平米 | 南 北,https://ke-image.ljcdn.com/110000-inspection/pc1_LQPiGzKv2.jpg!m_fill,w_280,h_210,f_jpg?from=ke.com
20230507,昌平,回龙观,101117078574,北京人家 电梯三居 高楼层 采光佳,585万,52547元/平,中楼层 (共10层) | 2005年建 | 3室1厅 | 111.33平米 | 南 北,https://ke-image.ljcdn.com/110000-inspection/b65fbf95-0d21-449c-9387-6eb48e69684d_1000.jpg!m_fill,w_280,h_210,f_jpg?from=ke.com
20230507,昌平,回龙观,101117078410,首开国风美唐二期 2室1厅 东南,648万,77485元/平,高楼层 (共20层) 2室1厅 | 83.63平米 | 东南,https://ke-image.ljcdn.com/110000-inspection/a1e6e8e4-8550-4875-80c4-c74ca0278598_1000.jpg!m_fill,w_280,h_210,f_jpg?from=ke.com
20230507,昌平,回龙观,101117078047,龙腾苑三区 商品房 中间位置2层房主自荐,619万,52114元/平,低楼层 (共6层) | 2002年建 | 3室1厅 | 118.78平米 | 南 北,https://ke-image.ljcdn.com/110000-inspection/pc1_8NmHYI9YR.jpg!m_fill,w_280,h_210,f_jpg?from=ke.com
20230507,昌平,回龙观,101117076382,满五年唯一  钢混结构 户型少 南北通透 随时签约,419万,59594元/平,低楼层 (共7层) 1室1厅 | 70.31平米 | 南 北,https://ke-image.ljcdn.com/110000-inspection/d9c29d95-71ef-465b-b92e-b01b3fb1b077_1000.jpg!m_fill,w_280,h_210,f_jpg?from=ke.com
20230507,昌平,回龙观,101117074592,领秀慧谷C区 明厨明卫 南北三居室 中间层 看房方便,665万,70334元/平,中楼层 (共11层) | 2012年建 | 3室1厅 | 94.55平米 | 南 西 北,https://ke-image.ljcdn.com/110000-inspection/pc1_9azSBCPz8.jpg!m_fill,w_280,h_210,f_jpg?from=ke.com
20230507,昌平,回龙观,101117072766,龙城花园W区 3室2厅 南 北,850万,44385元/平,中楼层 (共4层) | 1997年建 | 3室2厅 | 191.51平米 | 南 北,https://ke-image.ljcdn.com/110000-inspection/dbd38ffc-c82d-476a-8411-06e3d753a337_1000.jpg!m_fill,w_280,h_210,f_jpg?from=ke.com
20230507,昌平,回龙观,101117069477,此房商品房 采光充足 南北通透楼层适中自住精装修,690万,66822元/平,低楼层 (共31层) | 2014年建 | 3室1厅 | 103.26平米 | 南 北,https://ke-image.ljcdn.com/110000-inspection/062dee5d-3da4-4365-83d8-55f76da4497c_1000.jpg!m_fill,w_280,h_210,f_jpg?from=ke.com
20230507,昌平,回龙观,101117069195,融泽嘉园东一路6号院南向一居室满五唯一带阳台落地窗,445万,67537元/平,顶层 (共34层) 1室1厅 | 65.89平米 | 南,https://ke-image.ljcdn.com/110000-inspection/pc1_mXOQ2P0ce.jpg!m_fill,w_280,h_210,f_jpg?from=ke.com
20230507,昌平,回龙观,101117067100,首开国风美唐二期 2室1厅 南 北,565万,73320元/平,低楼层 (共18层) | 2014年建 | 2室1厅 | 77.06平米 | 南 北,https://ke-image.ljcdn.com/110000-inspection/3cf786c3-fd7b-48c6-a260-4ac56f471359_1000.jpg!m_fill,w_280,h_210,f_jpg?from=ke.com
20230507,昌平,回龙观,101117065534,出门公园 风雅园 南北三居 商品房 业主人好 靠谱出售,535万,43896元/平,中楼层 (共7层) | 2000年建 | 3室2厅 | 121.88平米 | 北 南,https://ke-image.ljcdn.com/110000-inspection/pc1_xyiWYXX5M.jpg!m_fill,w_280,h_210,f_jpg?from=ke.com
20230507,昌平,回龙观,101117065485,满五唯一 采光充足 中间位置 精装修 安静不临街,510万,53131元/平,高楼层 (共6层) 2室1厅 | 95.99平米 | 南 北,https://ke-image.ljcdn.com/110000-inspection/ca3ec890-facf-4546-9ba6-a7f66457e069_1000.jpg!m_fill,w_280,h_210,f_jpg?from=ke.com
20230507,昌平,回龙观,101117061777,商满五唯一电梯三居室采光好全明格局价格可谈,530万,58902元/平,中楼层 (共12层) | 2005年建 | 2室1厅 | 89.98平米 | 南 北,https://ke-image.ljcdn.com/110000-inspection/4a1234d4-a517-4831-ae47-b1f9fb0bc29b_1000.jpg!m_fill,w_280,h_210,f_jpg?from=ke.com
20230507,昌平,回龙观,101117056993,流星花园三区高楼层满五唯一刚需户型全落地窗,329万,69674元/平,中楼层 (共11层) | 2006年建 | 1室0厅 | 47.22平米 | 北,https://ke-image.ljcdn.com/110000-inspection/pc1_wgzHHkFb4.jpg!m_fill,w_280,h_210,f_jpg?from=ke.com
20230507,昌平,回龙观,101117054550,龙泽苑东区电梯大两居 全明格局 满五唯一  直达车库,565万,53550元/平,中楼层 (共20层) | 2003年建 | 2室2厅 | 105.51平米 | 南 东,https://ke-image.ljcdn.com/110000-inspection/pc1_QaAWW1iYp.jpg!m_fill,w_280,h_210,f_jpg?from=ke.com
20230507,昌平,回龙观,101117052737,龙跃苑三区 中间层三居室 小区中间位置 满五年唯一,558万,46746元/平,中楼层 (共6层) | 2005年建 | 3室2厅 | 119.37平米 | 南 北,https://ke-image.ljcdn.com/110000-inspection/pc1_TJVZ1GE3Y.jpg!m_fill,w_280,h_210,f_jpg?from=ke.com
20230507,昌平,回龙观,101117049126,领秀慧谷C区 电梯洋房中间层19年全新装修拎包住,570万,61100元/平,中楼层 (共6层) | 2012年建 | 2室1厅 | 93.29平米 | 西南,https://ke-image.ljcdn.com/110000-inspection/pc1_tAGfRmSwT.jpg!m_fill,w_280,h_210,f_jpg?from=ke.com
20230507,昌平,回龙观,101117047348,融泽嘉园中路1号院98平南北大两居中高层纯毛坯房,569万,57615元/平,高楼层 (共28层) 2室1厅 | 98.76平米 | 南 北,https://ke-image.ljcdn.com/110000-inspection/fc52c783-9ae5-4a06-9857-5b172fad2f01_1000.jpg!m_fill,w_280,h_210,f_jpg?from=ke.com
20230507,昌平,回龙观,101117044217,首开国风美唐三期 近双轨地铁站,680万,77768元/平,中楼层 (共18层) | 2016年建 | 2室1厅 | 87.44平米 | 南,https://ke-image.ljcdn.com/110000-inspection/661ef7dd-60cf-4f7d-9c68-b9501aac3be1_1000.jpg!m_fill,w_280,h_210,f_jpg?from=ke.com
20230507,昌平,回龙观,101117042057,户型通透 南北阳台 采光充足 满五年唯一,520万,56120元/平,高楼层 (共6层) | 2004年建 | 2室1厅 | 92.66平米 | 南 北,https://ke-image.ljcdn.com/110000-inspection/81cc67d0-88b0-4a58-91f0-4a3d75677f02_1000.jpg!m_fill,w_280,h_210,f_jpg?from=ke.com
20230507,昌平,回龙观,101117040183,龙腾苑六区把边户型 小区中间位置平层大面积四居室,698万,43159元/平,顶层 (共6层) | 2002年建 | 4室1厅 | 161.73平米 | 南 北,https://ke-image.ljcdn.com/110000-inspection/pc1_aqApmZMVk.jpg!m_fill,w_280,h_210,f_jpg?from=ke.com
20230507,昌平,回龙观,101117034882,商品房南北通透中高楼层落地窗采光视野好,738万,70724元/平,高楼层 (共34层) | 2016年建 | 3室1厅 | 104.35平米 | 南 北,https://ke-image.ljcdn.com/110000-inspection/ea50922d-a126-4499-86fe-7f8e02db0f77_1000.jpg!m_fill,w_280,h_210,f_jpg?from=ke.com
20230507,昌平,回龙观,101117033628,商品房南北通透高楼层视野佳业主诚意出售。房主自荐,528万,53884元/平,高楼层 (共28层) 2室1厅 | 97.99平米 | 南 北,https://ke-image.ljcdn.com/110000-inspection/pc1_M4vurrRv0_1.jpg!m_fill,w_280,h_210,f_jpg?from=ke.com
20230507,昌平,回龙观,101117026747,风雅园一区 2室1厅 南 北,488万,52854元/平,中楼层 (共6层) | 1999年建 | 2室1厅 | 92.33平米 | 南 北,https://ke-image.ljcdn.com/110000-inspection/pc1_OAT74eCXl.jpg!m_fill,w_280,h_210,f_jpg?from=ke.com
20230507,昌平,回龙观,101117026004,龙博苑一区 3室1厅 南 北房主自荐,590万,46792元/平,中楼层 (共6层) | 2005年建 | 3室1厅 | 126.09平米 | 南 北,https://ke-image.ljcdn.com/110000-inspection/pc1_T848RHbCT.jpg!m_fill,w_280,h_210,f_jpg?from=ke.com
20230507,昌平,回龙观,101117022030,龙跃苑四区 3室1厅 南 北,599万,49967元/平,高楼层 (共6层) | 2005年建 | 3室1厅 | 119.88平米 | 南 北,https://ke-image.ljcdn.com/110000-inspection/e8a2dd99-ed88-4538-9b61-82b46081e269_1000.jpg!m_fill,w_280,h_210,f_jpg?from=ke.com
20230507,昌平,回龙观,101117009410,不临街精装修 业主随时签约,416万,65616元/平,中楼层 (共9层) | 2011年建 | 1室1厅 | 63.4平米 | 南,https://ke-image.ljcdn.com/110000-inspection/pc1_CEon66G8x.jpg!m_fill,w_280,h_210,f_jpg?from=ke.com
20230507,昌平,回龙观,101117009145,满五唯一精装修拎包即住采光无遮挡视野好,485万,72508元/平,中楼层 (共18层) 1室1厅 | 66.89平米 | 南,https://ke-image.ljcdn.com/110000-inspection/0012a996-056f-4136-8d44-8b3675370cd5_1000.jpg!m_fill,w_280,h_210,f_jpg?from=ke.com
20230507,昌平,回龙观,101117002605,融泽嘉园西二路2号院 花园社区 南向 满五唯一,545万,61827元/平,顶层 (共34层) | 2016年建 | 2室1厅 | 88.15平米 | 南,https://ke-image.ljcdn.com/110000-inspection/pc1_cRFRrxXBI_1.jpg!m_fill,w_280,h_210,f_jpg?from=ke.com
20230507,昌平,回龙观,101117000964,南北通透格局楼层好视野宽阔采光充足,950万,69633元/平,高楼层 (共8层) | 2011年建 | 3室1厅 | 136.43平米 | 南 北,https://ke-image.ljcdn.com/110000-inspection/pc1_ubUe0MZ7k.jpg!m_fill,w_280,h_210,f_jpg?from=ke.com
20230507,昌平,回龙观,101116995808,龙兴园中区满五唯一高楼层采光视野好房主自荐,449万,46771元/平,顶层 (共6层) | 1997年建 | 3室2厅 | 96平米 | 南 北,https://ke-image.ljcdn.com/110000-inspection/pc1_3oU9izd9j.jpg!m_fill,w_280,h_210,f_jpg?from=ke.com
20230507,昌平,回龙观,101116994325,美唐花园+满五唯一+近地铁+南北通透,430万,77716元/平,底层 (共11层) 1室1厅 | 55.33平米 | 南 北,https://ke-image.ljcdn.com/110000-inspection/8f133f6f-8d07-4331-aab5-6fb3cc11c1d4_1000.jpg!m_fill,w_280,h_210,f_jpg?from=ke.com
20230507,昌平,回龙观,101116992595,风雅园二区满五年近公园、地铁、医院等,590万,39368元/平,高楼层 (共7层) | 2000年建 | 4室2厅 | 149.87平米 | 北 南,https://ke-image.ljcdn.com/110000-inspection/pc1_MGQcKiPlG.jpg!m_fill,w_280,h_210,f_jpg?from=ke.com
20230507,昌平,回龙观,101116987365,公园悦府三期南北双通透精装三居看房方便,908万,79944元/平,中楼层 (共27层) 3室2厅 | 113.58平米 | 南 北,https://ke-image.ljcdn.com/110000-inspection/64b9dcdc-9455-462c-9935-db77aa06644b_1000.jpg!m_fill,w_280,h_210,f_jpg?from=ke.com
20230507,昌平,回龙观,101116981410,北京市农学院家属宿舍房子靠谱出售业主人好好沟通房主自荐,298万,46812元/平,中楼层 (共5层) | 1996年建 | 2室1厅 | 63.66平米 | 东 南 北,https://ke-image.ljcdn.com/110000-inspection/pc1_eV6eiDag8.jpg!m_fill,w_280,h_210,f_jpg?from=ke.com
20230507,昌平,回龙观,101116981250,北京人家西二旗软件园商品房社区中间位置,630万,44914元/平,中楼层 (共5层) | 2004年建 | 3室2厅 | 140.27平米 | 南 北,https://ke-image.ljcdn.com/110000-inspection/pc1_ZGYPSeklX.jpg!m_fill,w_280,h_210,f_jpg?from=ke.com
20230507,昌平,回龙观,101116978633,和谐家园一区中高楼层视野好采光充足,540万,45628元/平,高楼层 (共6层) | 2006年建 | 3室1厅 | 118.35平米 | 南 北,https://ke-image.ljcdn.com/110000-inspection/pc1_VOSG1FmNS.jpg!m_fill,w_280,h_210,f_jpg?from=ke.com
20230507,昌平,回龙观,101116974004,新龙城不临街正规两居室高楼层视野好采光好,570万,62991元/平,高楼层 (共20层) | 2007年建 | 2室1厅 | 90.49平米 | 西南,https://ke-image.ljcdn.com/110000-inspection/affd9f95-3ca7-40b4-81f4-79e015ae4ff7_1000.jpg!m_fill,w_280,h_210,f_jpg?from=ke.com
20230507,昌平,回龙观,101116972385,矩阵一期 商满五唯一 产权清晰诚心出售,549万,46483元/平,底层 (共6层) | 2003年建 | 3室1厅 | 118.11平米 | 南 北,https://ke-image.ljcdn.com/110000-inspection/04185ba2-63d6-41cf-9ae8-2c42b09aa686_1000.jpg!m_fill,w_280,h_210,f_jpg?from=ke.com
20230507,昌平,回龙观,101116971804,满五年唯一南北通透精装修布局合理居住舒适,678万,60289元/平,低楼层 (共32层) 3室1厅 | 112.46平米 | 南 北,https://ke-image.ljcdn.com/110000-inspection/22a7e820-8960-43b4-acbf-541510b40167_1000.jpg!m_fill,w_280,h_210,f_jpg?from=ke.com
20230507,昌平,回龙观,101116969607,风雅园一区小区中间位置安静舒适明厨明卫两居室,435万,47464元/平,高楼层 (共6层) 2室1厅 | 91.65平米 | 北 南,https://ke-image.ljcdn.com/110000-inspection/pc1_zOVzaIjK3.jpg!m_fill,w_280,h_210,f_jpg?from=ke.com
20230507,昌平,回龙观,101116965833,矩阵一期集中供暖小区中间位置3层商满五唯一,548万,46398元/平,中楼层 (共6层) 3室2厅 | 118.11平米 | 南 北,https://ke-image.ljcdn.com/110000-inspection/08f64696-fa43-431b-a20e-a77b393cd8ab_1000.jpg!m_fill,w_280,h_210,f_jpg?from=ke.com
20230507,昌平,回龙观,101116965804,中高楼层视野好 南北双通透 诚心出售看房方便,690万,62899元/平,高楼层 (共33层) 3室1厅 | 109.7平米 | 南 北,https://ke-image.ljcdn.com/110000-inspection/678ff0c3-b135-498a-a5fc-27d7b43739c7_1000.jpg!m_fill,w_280,h_210,f_jpg?from=ke.com
20230507,昌平,回龙观,101116963154,金达园 1室1厅 西,299万,54873元/平,中楼层 (共5层) | 1998年建 | 1室1厅 | 54.49平米 | 西,https://ke-image.ljcdn.com/110000-inspection/76d1f228-2db7-4aaa-a1b6-9ae880ecb5b7_1000.jpg!m_fill,w_280,h_210,f_jpg?from=ke.com
20230507,昌平,回龙观,101116958954,房子是自住的精装修满五年商品房位置好,538万,52761元/平,低楼层 (共6层) | 2003年建 | 2室1厅 | 101.97平米 | 南 北,https://ke-image.ljcdn.com/110000-inspection/pc1_QVw2yJccp.jpg!m_fill,w_280,h_210,f_jpg?from=ke.com
20230507,昌平,回龙观,101116954241,北郊农场宿舍 商品房满五年唯一 4层 全南向两居室,329万,56029元/平,顶层 (共4层) | 1994年建 | 2室1厅 | 58.72平米 | 南,https://ke-image.ljcdn.com/110000-inspection/pc1_wSThdpHTi.jpg!m_fill,w_280,h_210,f_jpg?from=ke.com
20230507,昌平,回龙观,101116953524,新龙城精装修满五唯一正规一居室房主自荐,420万,73983元/平,低楼层 (共20层) | 2007年建 | 1室1厅 | 56.77平米 | 北,https://ke-image.ljcdn.com/110000-inspection/pc1_jO5OqsQD1.jpg!m_fill,w_280,h_210,f_jpg?from=ke.com
20230507,昌平,回龙观,101116948708,龙锦苑四区 中间层三居满五年唯一随时签约,578万,50331元/平,中楼层 (共7层) | 2003年建 | 3室1厅 | 114.84平米 | 南 北,https://ke-image.ljcdn.com/110000-inspection/970349c4-3779-4f2e-bfbf-729fd3a16e1f_1000.jpg!m_fill,w_280,h_210,f_jpg?from=ke.com
20230507,昌平,回龙观,101116945269,龙兴园南区  满五唯一  精装修 视野好 采光好,480万,56758元/平,中楼层 (共7层) | 1999年建 | 2室1厅 | 84.57平米 | 南 北,https://ke-image.ljcdn.com/110000-inspection/pc1_1ydDzlJ2c.jpg!m_fill,w_280,h_210,f_jpg?from=ke.com
20230507,昌平,回龙观,101116935959,满五唯一田园风光雅苑低楼层精装修两居房主自荐,498万,56221元/平,低楼层 (共6层) | 2006年建 | 2室1厅 | 88.58平米 | 东 西,https://ke-image.ljcdn.com/110000-inspection/625ced31-d230-41c3-b9c2-a906b8ef63cf_1000.jpg!m_fill,w_280,h_210,f_jpg?from=ke.com
20230507,昌平,回龙观,101116931541,18年精装修 商品房满五年唯一,560万,57954元/平,顶层 (共6层) | 2002年建 | 3室1厅 | 96.63平米 | 南 北,https://ke-image.ljcdn.com/110000-inspection/pc1_WwrWa5oZC.jpg!m_fill,w_280,h_210,f_jpg?from=ke.com
20230507,昌平,回龙观,101116931135,龙跃苑四区 商满五唯一  小区中间  全明格局,465万,47003元/平,顶层 (共6层) | 2005年建 | 2室1厅 | 98.93平米 | 南 北,https://ke-image.ljcdn.com/110000-inspection/41d7b43b-4c60-4b7a-8999-4f0cae8f995e_1000.jpg!m_fill,w_280,h_210,f_jpg?from=ke.com
20230507,昌平,回龙观,101116930455,龙华园小区中间位置+全明格局+精装修,359万,60499元/平,中楼层 (共6层) | 1994年建 | 1室1厅 | 59.34平米 | 东 西 北,https://ke-image.ljcdn.com/110000-inspection/pc1_hWiCqROeW.jpg!m_fill,w_280,h_210,f_jpg?from=ke.com
20230507,昌平,回龙观,101116929840,融泽西二路6号院  看房方便位置好,475万,72003元/平,低楼层 (共31层) | 2016年建 | 1室1厅 | 65.97平米 | 南,https://ke-image.ljcdn.com/110000-inspection/pc1_8GTDdIBNn.jpg!m_fill,w_280,h_210,f_jpg?from=ke.com
20230507,昌平,回龙观,101116927599,龙华园中间位置精装三居室满五年唯一,469万,53436元/平,底层 (共6层) | 1994年建 | 3室1厅 | 87.77平米 | 东 南 北,https://ke-image.ljcdn.com/110000-inspection/pc1_YHk7iVXMp.jpg!m_fill,w_280,h_210,f_jpg?from=ke.com
20230507,昌平,回龙观,101116927525,此房满五唯一南北通透格局诚心出售,439万,54875元/平,顶层 (共6层) | 2005年建 | 2室1厅 | 80平米 | 南 北,https://ke-image.ljcdn.com/110000-inspection/b9591519-a6f4-48bd-8245-d020fa9dcc5d_1000.jpg!m_fill,w_280,h_210,f_jpg?from=ke.com
20230507,昌平,回龙观,101116924645,矩阵二期中间位置板楼洋房一梯两户业主诚心卖,760万,62285元/平,中楼层 (共7层) | 2004年建 | 3室2厅 | 122.02平米 | 南 北,https://ke-image.ljcdn.com/110000-inspection/153a0245-8ea2-4ea2-8a27-9748fa21a2aa_1000.jpg!m_fill,w_280,h_210,f_jpg?from=ke.com
20230507,昌平,回龙观,101116913920,自住装修配套齐全随时签约户型好,678万,78838元/平,低楼层 (共27层) 2室2厅 | 86平米 | 西南,https://ke-image.ljcdn.com/110000-inspection/fccd6ea1-2155-449a-a507-12212a967307_1000.jpg!m_fill,w_280,h_210,f_jpg?from=ke.com
20230507,昌平,回龙观,101116913855,融泽嘉园西二路2号院南北通透满五唯一,570万,64921元/平,低楼层 (共34层) | 2016年建 | 2室1厅 | 87.8平米 | 南 北,https://ke-image.ljcdn.com/110000-inspection/43b6586a-9ddf-4930-872d-d7e8f3c1bc7b_1000.jpg!m_fill,w_280,h_210,f_jpg?from=ke.com
20230507,昌平,回龙观,101116911585,首开国风美唐二期  东向两居室  满五年唯一  诚心出售,535万,64739元/平,低楼层 (共21层) 2室1厅 | 82.64平米 | 东,https://ke-image.ljcdn.com/110000-inspection/200784d6-0f92-4c64-88ad-30c523e8a29d_1000.jpg!m_fill,w_280,h_210,f_jpg?from=ke.com
20230507,昌平,回龙观,101116911134,满五唯一交通便利南北通透观景房,530万,59739元/平,顶层 (共24层) 2室1厅 | 88.72平米 | 南 北,https://ke-image.ljcdn.com/110000-inspection/e4af5571-efd4-4b3c-b238-b05b191910b6_1000.jpg!m_fill,w_280,h_210,f_jpg?from=ke.com
20230507,昌平,回龙观,101116909476,领秀慧谷C区商品满五电梯中高楼层！,646万,74588元/平,中楼层 (共9层) 2室1厅 | 86.61平米 | 南 北,https://ke-image.ljcdn.com/110000-inspection/pc1_8aMXcx1fz.jpg!m_fill,w_280,h_210,f_jpg?from=ke.com
20230507,昌平,回龙观,101116901836,品牌材料整装设计南北2居室格局方正。,529万,58512元/平,低楼层 (共6层) | 2005年建 | 2室1厅 | 90.41平米 | 南 北,https://ke-image.ljcdn.com/110000-inspection/7801af94-c5b3-4b10-bb86-b1fcd951479f_1000.jpg!m_fill,w_280,h_210,f_jpg?from=ke.com
20230507,昌平,回龙观,101116898727,美唐花园+精装修+近地铁+南北通透,880万,96354元/平,顶层 (共11层) 2室1厅 | 91.33平米 | 南 北,https://ke-image.ljcdn.com/110000-inspection/638aeb3f-e530-49b6-9bc8-732482552b82_1000.jpg!m_fill,w_280,h_210,f_jpg?from=ke.com
20230507,昌平,回龙观,101116896552,一层有地下室一层有花园精装修中间位置,725万,75341元/平,底层 (共11层) | 2006年建 | 6室2厅 | 96.23平米 | 南 北,https://ke-image.ljcdn.com/110000-inspection/pc1_cx8XXPiM8.jpg!m_fill,w_280,h_210,f_jpg?from=ke.com
20230507,昌平,回龙观,101116894151,龙锦苑五区把边全明商品房满五年唯一报价南北通透,639万,49329元/平,中楼层 (共6层) | 2005年建 | 3室1厅 | 129.54平米 | 东 南 北,https://ke-image.ljcdn.com/110000-inspection/b7a2509e-496f-466d-8950-45820ce2432b_1000.jpg!m_fill,w_280,h_210,f_jpg?from=ke.com
20230507,昌平,回龙观,101116890365,领秀慧谷C区 双卧室客厅朝南 把西边明卫 看房方便,739万,59525元/平,底层 (共8层) | 2011年建 | 3室1厅 | 124.15平米 | 南 北,https://ke-image.ljcdn.com/110000-inspection/pc1_QWSKQjdlr.jpg!m_fill,w_280,h_210,f_jpg?from=ke.com
20230507,昌平,回龙观,101116889476,满五唯一 高层采光好 安静宜居 南北空气清新 单价比高,599万,54475元/平,顶层 (共11层) | 2006年建 | 3室1厅 | 109.96平米 | 南 北,https://ke-image.ljcdn.com/110000-inspection/pc1_8Kf7ivjXa.jpg!m_fill,w_280,h_210,f_jpg?from=ke.com
20230507,昌平,回龙观,101116884058,金达园 满五唯一 中楼层 视野好 位置好 采光好,520万,50383元/平,高楼层 (共6层) | 1998年建 | 2室2厅 | 103.21平米 | 南 北,https://ke-image.ljcdn.com/110000-inspection/0a7a020d-5627-4e8d-b790-ddffff992c87_1000.jpg!m_fill,w_280,h_210,f_jpg?from=ke.com
20230507,昌平,回龙观,101116881428,融泽嘉园三期南向一居高楼层位置视野好满五唯一可贷款,460万,69508元/平,高楼层 (共34层) 1室1厅 | 66.18平米 | 南,https://ke-image.ljcdn.com/110000-inspection/62c8b852-b16b-4f07-9764-c3fa924e4b2e_1000.jpg!m_fill,w_280,h_210,f_jpg?from=ke.com
20230507,昌平,回龙观,101116877912,领秀慧谷A区 小区中间位置两居 看房方便诚心出售,508万,62385元/平,顶层 (共11层) | 2011年建 | 2室1厅 | 81.43平米 | 南,https://ke-image.ljcdn.com/110000-inspection/pc1_aiKFfjc3t.jpg!m_fill,w_280,h_210,f_jpg?from=ke.com
20230507,昌平,回龙观,101116873314,此房满五唯一南北通透采光视野好30万精装房主自荐,578万,65824元/平,高楼层 (共34层) | 2016年建 | 2室1厅 | 87.81平米 | 南 北,https://ke-image.ljcdn.com/110000-inspection/pc1_afOd4WSLf.jpg!m_fill,w_280,h_210,f_jpg?from=ke.com
20230507,昌平,回龙观,101116873313,融泽嘉园西2全南两居室精装修,579万,65938元/平,高楼层 (共34层) | 2016年建 | 2室1厅 | 87.81平米 | 南,https://ke-image.ljcdn.com/110000-inspection/pc1_yTVFgTjEu.jpg!m_fill,w_280,h_210,f_jpg?from=ke.com
20230507,昌平,回龙观,101116856463,首开智慧社-16层-商满五唯一,599万,66786元/平,高楼层 (共21层) | 2011年建 | 2室1厅 | 89.69平米 | 西南,https://ke-image.ljcdn.com/110000-inspection/pc1_njIJDLuS2_1.jpg!m_fill,w_280,h_210,f_jpg?from=ke.com
20230507,昌平,回龙观,101116855825,近地铁南北通透不临街不把边,486万,42144元/平,高楼层 (共6层) | 2000年建 | 3室1厅 | 115.32平米 | 南 北,https://ke-image.ljcdn.com/110000-inspection/246f81ff-4186-4626-a91c-f7a558518584_1000.jpg!m_fill,w_280,h_210,f_jpg?from=ke.com
20230507,昌平,回龙观,101116838746,金域华府一期 1室1厅 南,500万,78004元/平,低楼层 (共28层) | 2012年建 | 1室1厅 | 64.1平米 | 南,https://ke-image.ljcdn.com/110000-inspection/pc1_iIe6Z9DFs.jpg!m_fill,w_280,h_210,f_jpg?from=ke.com
20230507,昌平,回龙观,101116835207,龙华园经典一居不临街中间楼层满五唯一诚心卖,375万,64026元/平,中楼层 (共6层) | 1994年建 | 1室1厅 | 58.57平米 | 南 北,https://ke-image.ljcdn.com/110000-inspection/pc1_r48q72e7I.jpg!m_fill,w_280,h_210,f_jpg?from=ke.com
20230507,昌平,回龙观,101116834209,慧华苑小区户型好楼层好靠谱出售,458万,53474元/平,底层 (共6层) | 1996年建 | 3室1厅 | 85.65平米 | 南 北,https://ke-image.ljcdn.com/110000-inspection/f7f936e3-3dd4-4802-b8ae-4d5276b0443e_1000.jpg!m_fill,w_280,h_210,f_jpg?from=ke.com
20230507,昌平,回龙观,101116833992,精装大一居室精装带电梯视野好自住,472万,67314元/平,顶层 (共20层) 1室1厅 | 70.12平米 | 南,https://ke-image.ljcdn.com/110000-inspection/pc1_IwN0vPzTa.jpg!m_fill,w_280,h_210,f_jpg?from=ke.com
20230507,昌平,回龙观,101116826300,南向大面宽采光视野好 满五唯一 两居两卫,625万,62035元/平,顶层 (共11层) | 2006年建 | 2室1厅 | 100.75平米 | 南 北,https://ke-image.ljcdn.com/110000-inspection/pc1_hhOLzJGcf.jpg!m_fill,w_280,h_210,f_jpg?from=ke.com
20230507,昌平,回龙观,101116825088,北京人家 3室2厅 南 北,482万,50578元/平,顶层 (共6层) | 2002年建 | 3室2厅 | 95.3平米 | 南 北,https://ke-image.ljcdn.com/110000-inspection/pc1_nht5NHQt7.jpg!m_fill,w_280,h_210,f_jpg?from=ke.com
20230507,昌平,回龙观,101116822094,正规三居南北通透精装修前后无遮挡,479万,49124元/平,低楼层 (共6层) | 1995年建 | 3室1厅 | 97.51平米 | 南 北,https://ke-image.ljcdn.com/110000-inspection/pc1_dOSSr0xE3.jpg!m_fill,w_280,h_210,f_jpg?from=ke.com
20230507,昌平,回龙观,101116819843,龙跃苑东四区商品房不临街不把边主力户型,555万,43822元/平,顶层 (共6层) | 2007年建 | 3室1厅 | 126.65平米 | 南 北,https://ke-image.ljcdn.com/110000-inspection/8e58880b-ebf2-4bd5-90d2-ab856e363ba0_1000.jpg!m_fill,w_280,h_210,f_jpg?from=ke.com
20230507,昌平,回龙观,101116818673,佰嘉城小区业主诚心出售温馨小三居,430万,41833元/平,顶层 (共6层) | 2006年建 | 3室1厅 | 102.79平米 | 西南 东北,https://ke-image.ljcdn.com/110000-inspection/pc1_onBhvCCol.jpg!m_fill,w_280,h_210,f_jpg?from=ke.com
20230507,昌平,回龙观,101116817034,龙回苑商品房满五唯一中间位置中间楼层。,549万,47125元/平,中楼层 (共6层) | 2004年建 | 3室1厅 | 116.5平米 | 南 北,https://ke-image.ljcdn.com/110000-inspection/pc1_KF09IPLXE.jpg!m_fill,w_280,h_210,f_jpg?from=ke.com
20230507,昌平,回龙观,101116816176,回龙观天露园一区 南北通透 商品房 只交契税 看房方便,438万,44882元/平,顶层 (共6层) | 2008年建 | 2室2厅 | 97.59平米 | 南 北,https://ke-image.ljcdn.com/110000-inspection/pc1_odIFvF5YM.jpg!m_fill,w_280,h_210,f_jpg?from=ke.com
20230507,昌平,回龙观,101116813984,龙跃苑一区 南北通透 视野很棒,465万,47377元/平,顶层 (共6层) | 2003年建 | 2室1厅 | 98.15平米 | 南 北,https://ke-image.ljcdn.com/110000-inspection/0d6b4304-15a5-4aa7-917d-6908be32f434_1000.jpg!m_fill,w_280,h_210,f_jpg?from=ke.com
20230507,昌平,回龙观,101116812190,融泽嘉园东一路6号院 南北通透 中高层 视野好,595万,67838元/平,高楼层 (共34层) 2室1厅 | 87.71平米 | 南 北,https://ke-image.ljcdn.com/110000-inspection/pc1_G5gjuRs1b.jpg!m_fill,w_280,h_210,f_jpg?from=ke.com
20230507,昌平,回龙观,101116805497,矩阵一期 3室1厅 南 北,599万,50798元/平,高楼层 (共6层) 3室1厅 | 117.92平米 | 南 北,https://ke-image.ljcdn.com/110000-inspection/6c367fc5-7a83-4882-9793-a36a8f15ee87_1000.jpg!m_fill,w_280,h_210,f_jpg?from=ke.com
20230507,昌平,回龙观,101116804830,满五年唯一高楼层视野开阔采光好,395万,66712元/平,顶层 (共6层) | 2004年建 | 1室1厅 | 59.21平米 | 南,https://ke-image.ljcdn.com/110000-inspection/pc1_XIuXwbuqU.jpg!m_fill,w_280,h_210,f_jpg?from=ke.com
20230507,昌平,回龙观,101116804579,2017年精装修拎包入住可看可签约+小区中间位置,458万,66667元/平,中楼层 (共6层) | 1996年建 | 2室1厅 | 68.7平米 | 南 北,https://ke-image.ljcdn.com/110000-inspection/9cff4b15-182a-4a64-9a62-3cea35dddc4f_1000.jpg!m_fill,w_280,h_210,f_jpg?from=ke.com
20230507,昌平,回龙观,101116804495,领秀慧谷A区 带电梯 不临街 靠谱签约,396万,62748元/平,低楼层 (共11层) | 2011年建 | 1室1厅 | 63.11平米 | 南,https://ke-image.ljcdn.com/110000-inspection/81e62b24-3033-4b20-86df-ae066527345e_1000.jpg!m_fill,w_280,h_210,f_jpg?from=ke.com
20230507,昌平,回龙观,101116802053,龙泽苑西区+南北双通+小区中间+中美合资+商满五唯一,525万,65340元/平,高楼层 (共6层) | 1999年建 | 2室1厅 | 80.35平米 | 南 北,https://ke-image.ljcdn.com/110000-inspection/pc1_kI259qEIj.jpg!m_fill,w_280,h_210,f_jpg?from=ke.com
20230507,昌平,回龙观,101116794620,龙博苑二区低楼层两居室商满五唯一精装修！,470万,58853元/平,底层 (共6层) | 2004年建 | 2室1厅 | 79.86平米 | 南 北,https://ke-image.ljcdn.com/110000-inspection/pc1_gA5ZxEczm.jpg!m_fill,w_280,h_210,f_jpg?from=ke.com
20230507,昌平,回龙观,101116786776,首开国风美唐三期 中间位置 南北通透  精装修,1380万,97129元/平,中楼层 (共11层) | 2016年建 | 4室2厅 | 142.08平米 | 南 北,https://ke-image.ljcdn.com/110000-inspection/8a30df61-b95c-42bf-8746-d12c696ad3e9_1000.jpg!m_fill,w_280,h_210,f_jpg?from=ke.com
20230507,昌平,回龙观,101116786289,新龙城电梯两居满五唯一随时看房靠谱诚意出售,559万,60368元/平,中楼层 (共10层) 2室2厅 | 92.6平米 | 东 西,https://ke-image.ljcdn.com/110000-inspection/f4acdd3f-279a-408a-8758-2ae8d2817b3e_1000.jpg!m_fill,w_280,h_210,f_jpg?from=ke.com
20230507,昌平,回龙观,101116786117,龙跃苑三区户型方正复式南北通透商品房,660万,39755元/平,高楼层 (共6层) | 2005年建 | 3室1厅 | 166.02平米 | 南 北,https://ke-image.ljcdn.com/110000-inspection/bf091b0f-5330-44a5-afa0-13180aad2f36_1000.jpg!m_fill,w_280,h_210,f_jpg?from=ke.com
20230507,昌平,回龙观,101116782144,风雅园二区南北通透采光好视野好配套齐全。,480万,50063元/平,中楼层 (共7层) 2室1厅 | 95.88平米 | 南 北,https://ke-image.ljcdn.com/110000-inspection/cb34a9d5-1380-4ac3-85c4-df12e52958a2_1000.jpg!m_fill,w_280,h_210,f_jpg?from=ke.com
20230507,昌平,回龙观,101116780950,南北通透视野开阔产权清晰舒适度高房主自荐,512万,41241元/平,高楼层 (共6层) | 2000年建 | 3室1厅 | 124.15平米 | 南 北,https://ke-image.ljcdn.com/110000-inspection/pc1_fUtEpaOo9.jpg!m_fill,w_280,h_210,f_jpg?from=ke.com
20230507,昌平,回龙观,101116778959,南北通透  户型方正 满五年唯一,579万,59088元/平,低楼层 (共25层) 2室1厅 | 97.99平米 | 南 北,https://ke-image.ljcdn.com/110000-inspection/pc1_fXPWFSmfI.jpg!m_fill,w_280,h_210,f_jpg?from=ke.com
20230507,昌平,回龙观,101116777419,龙锦苑四区3层三居室南北通透可看景色公园早市地铁600,570万,49739元/平,中楼层 (共6层) 3室1厅 | 114.6平米 | 南 北,https://ke-image.ljcdn.com/110000-inspection/d1be937f-b25e-4c0a-8603-be7291aa98de_1000.jpg!m_fill,w_280,h_210,f_jpg?from=ke.com
20230507,昌平,回龙观,101116774260,公园悦府 2018年小区 万科物业 高楼层精装修 满两年,978万,85587元/平,高楼层 (共27层) 3室2厅 | 114.27平米 | 南 北,https://ke-image.ljcdn.com/110000-inspection/b154c615-b55d-42ff-813d-faf903638c90_1000.jpg!m_fill,w_280,h_210,f_jpg?from=ke.com
20230507,昌平,回龙观,101116773768,满五年唯一采光好视野开阔自住精装,455万,69286元/平,低楼层 (共31层) 1室1厅 | 65.67平米 | 南,https://ke-image.ljcdn.com/110000-inspection/pc1_djeDSIFD8.jpg!m_fill,w_280,h_210,f_jpg?from=ke.com
20230507,昌平,回龙观,101116772551,龙腾苑六区 5+6层复式 小区中间位置 南北通透,725万,34503元/平,高楼层 (共6层) 5室3厅 | 210.13平米 | 南 北,https://ke-image.ljcdn.com/110000-inspection/pc1_kF1q3nznN.jpg!m_fill,w_280,h_210,f_jpg?from=ke.com
20230507,昌平,回龙观,101116772542,带电梯的平层一梯一户集中供暖人车分流有车位,1575万,70851元/平,中楼层 (共5层) | 2007年建 | 4室2厅 | 222.3平米 | 南 北,https://ke-image.ljcdn.com/110000-inspection/71a1bba2-3fdd-40cd-8940-be42d2970d92_1000.jpg!m_fill,w_280,h_210,f_jpg?from=ke.com
20230507,昌平,回龙观,101116771183,南北通透中间楼层位置满五唯一,479万,46947元/平,高楼层 (共6层) | 2005年建 | 3室2厅 | 102.03平米 | 南 北,https://ke-image.ljcdn.com/110000-inspection/pc1_6lbK8GOOM.jpg!m_fill,w_280,h_210,f_jpg?from=ke.com
20230507,昌平,回龙观,101116767474,龙腾苑六区南北通透三居室南北通透不临街不把边。,600万,50874元/平,中楼层 (共6层) | 2002年建 | 3室1厅 | 117.94平米 | 南 北,https://ke-image.ljcdn.com/110000-inspection/pc1_tfyFLES7b.jpg!m_fill,w_280,h_210,f_jpg?from=ke.com
20230507,昌平,回龙观,101116763139,龙腾苑六区满五年中间楼层商品房,599万,50656元/平,中楼层 (共6层) | 2002年建 | 3室1厅 | 118.25平米 | 南 北,https://ke-image.ljcdn.com/110000-inspection/pc1_JXSehNn7C.jpg!m_fill,w_280,h_210,f_jpg?from=ke.com
20230507,昌平,回龙观,101116762106,首开国风美唐三期正规南北通透三居室,685万,75901元/平,低楼层 (共21层) | 2016年建 | 3室1厅 | 90.25平米 | 东 南 北,https://ke-image.ljcdn.com/110000-inspection/pc1_VoWToRz1d.jpg!m_fill,w_280,h_210,f_jpg?from=ke.com
20230507,昌平,回龙观,101116752035,北京人家比邻万科天之城低楼层三居室精装修,655万,57537元/平,低楼层 (共6层) | 2004年建 | 3室1厅 | 113.84平米 | 南 北,https://ke-image.ljcdn.com/110000-inspection/pc1_Dhe1Ip7H7.jpg!m_fill,w_280,h_210,f_jpg?from=ke.com
20230507,昌平,回龙观,101116750865,龙华园一区 南北全明格局板楼中层商品房满五唯一,369万,63002元/平,中楼层 (共6层) | 1994年建 | 1室1厅 | 58.57平米 | 南 北,https://ke-image.ljcdn.com/110000-inspection/6fb2b89c-8c98-40b3-8e62-2dc907b87757_1000.jpg!m_fill,w_280,h_210,f_jpg?from=ke.com
20230507,昌平,回龙观,101116744689,天慧园不临街低楼层南北通透三居室房主自荐,558万,44885元/平,低楼层 (共7层) | 2000年建 | 3室2厅 | 124.32平米 | 南 北,https://ke-image.ljcdn.com/110000-inspection/ae515649-5dcc-4512-aba1-b3dc43da12f3_1000.jpg!m_fill,w_280,h_210,f_jpg?from=ke.com
20230507,昌平,回龙观,101116740832,60万精装修双卧室朝南三面采光视野开阔房主自荐,698万,80891元/平,顶层 (共27层) 2室2厅 | 86.29平米 | 东 南,https://ke-image.ljcdn.com/110000-inspection/da5d539f-90ea-4158-b7ca-e8cb1fe87cab_1000.jpg!m_fill,w_280,h_210,f_jpg?from=ke.com
20230507,昌平,回龙观,101116736106,龙兴园北区+双卧朝南大三居+每个卧室面积都很大,588万,44979元/平,低楼层 (共6层) 3室2厅 | 130.73平米 | 南 北,https://ke-image.ljcdn.com/110000-inspection/pc1_iAtnWYpUp.jpg!m_fill,w_280,h_210,f_jpg?from=ke.com
20230507,昌平,回龙观,101116729036,商五一小区中间下跃户型方正楼间距大无遮挡,740万,73676元/平,底层 (共11层) | 2006年建 | 4室2厅 | 100.44平米 | 东 南 西,https://ke-image.ljcdn.com/110000-inspection/a00ee5e4-8807-4347-bb6d-0699b8f11f3f_1000.jpg!m_fill,w_280,h_210,f_jpg?from=ke.com
20230507,昌平,回龙观,101116727437,商品房满五年唯一南北通透落地窗采光好诚心出售,539万,43162元/平,顶层 (共6层) | 2006年建 | 3室1厅 | 124.88平米 | 南 北,https://ke-image.ljcdn.com/110000-inspection/pc1_RiFvndcX2.jpg!m_fill,w_280,h_210,f_jpg?from=ke.com
20230507,昌平,回龙观,101116724565,金域华府一期 万科物业 大客厅 方正南向 无遮挡,605万,67357元/平,中楼层 (共28层) | 2012年建 | 2室1厅 | 89.82平米 | 东 南 北,https://ke-image.ljcdn.com/110000-inspection/cd874704-9a4f-40f6-b3e2-e3ccbd5ff368_1000.jpg!m_fill,w_280,h_210,f_jpg?from=ke.com
20230507,昌平,回龙观,101116721165,流星花园三区 3室2厅 南 北,880万,62661元/平,底层 (共5层) 3室2厅 | 140.44平米 | 南 北,https://ke-image.ljcdn.com/110000-inspection/pc1_VtuumH6q6.jpg!m_fill,w_280,h_210,f_jpg?from=ke.com
20230507,昌平,回龙观,101116720496,龙旗广场 西南户型 满五年 楼层好,470万,65161元/平,高楼层 (共11层) | 2010年建 | 2室1厅 | 72.13平米 | 西南,https://ke-image.ljcdn.com/110000-inspection/pc1_zSCFSyQYI.jpg!m_fill,w_280,h_210,f_jpg?from=ke.com
20230507,昌平,回龙观,101116720159,领秀慧谷B区 3室1厅 东 北,455万,50804元/平,顶层 (共6层) | 2011年建 | 3室1厅 | 89.56平米 | 东 北,https://ke-image.ljcdn.com/110000-inspection/pc1_yXgx9sxfs.jpg!m_fill,w_280,h_210,f_jpg?from=ke.com
20230507,昌平,回龙观,101116718140,首开国风美唐二期 南向一居室 采光好 自住精装修房主自荐,435万,69279元/平,低楼层 (共21层) 1室1厅 | 62.79平米 | 南,https://ke-image.ljcdn.com/110000-inspection/pc1_IiXxGcO3e.jpg!m_fill,w_280,h_210,f_jpg?from=ke.com
20230507,昌平,回龙观,101116718062,新龙城 小区中间位置 满五唯一  可以接受换房,725万,59354元/平,低楼层 (共12层) 3室1厅 | 122.15平米 | 南 北,https://ke-image.ljcdn.com/110000-inspection/pc1_UsGVXKdxj.jpg!m_fill,w_280,h_210,f_jpg?from=ke.com
20230507,昌平,回龙观,101116717111,龙兴园优质两居室满五唯一小区中间中间层,465万,53683元/平,高楼层 (共6层) | 1997年建 | 2室1厅 | 86.62平米 | 南 北,https://ke-image.ljcdn.com/110000-inspection/pc1_zMTm4jOVH_1.jpg!m_fill,w_280,h_210,f_jpg?from=ke.com
20230507,昌平,回龙观,101116711069,此房商品房满五年唯一居家精装修中间层采光好！,768万,66899元/平,中楼层 (共34层) | 2014年建 | 3室1厅 | 114.8平米 | 南 北,https://ke-image.ljcdn.com/110000-inspection/3fbecdb8-d7bf-4ef6-abdb-f28aeb1da4fa_1000.jpg!m_fill,w_280,h_210,f_jpg?from=ke.com
20230507,昌平,回龙观,101116711009,中间层南北通透 自住保持干净整洁 诚意出售 看房方便,505万,51088元/平,中楼层 (共6层) | 2000年建 | 3室1厅 | 98.85平米 | 南 北,https://ke-image.ljcdn.com/110000-inspection/pc1_PXcQhp11z.jpg!m_fill,w_280,h_210,f_jpg?from=ke.com
20230507,昌平,回龙观,101116709725,龙禧苑五区 一层南北通透两居室,508万,59737元/平,底层 (共7层) 2室1厅 | 85.04平米 | 南 北,https://ke-image.ljcdn.com/110000-inspection/pc1_YIS0kRx7W.jpg!m_fill,w_280,h_210,f_jpg?from=ke.com
20230507,昌平,回龙观,101116708456,龙回苑中间楼层满五唯一明厨明卫。,538万,46504元/平,中楼层 (共7层) | 2004年建 | 3室1厅 | 115.69平米 | 南 北,https://ke-image.ljcdn.com/110000-inspection/6117db67-e8be-4245-88dd-423462b470d9_1000.jpg!m_fill,w_280,h_210,f_jpg?from=ke.com
20230507,昌平,回龙观,101116705826,龙跃苑四区经典三居室南北向,546万,43898元/平,高楼层 (共6层) | 2005年建 | 3室1厅 | 124.38平米 | 南 北,https://ke-image.ljcdn.com/110000-inspection/pc1_HUAFYxI4k.jpg!m_fill,w_280,h_210,f_jpg?from=ke.com
20230507,昌平,回龙观,101116703737,龙跃苑东五区    中间层两居室,480万,50115元/平,高楼层 (共6层) | 2007年建 | 2室1厅 | 95.78平米 | 南 北,https://ke-image.ljcdn.com/110000-inspection/ecc41bfc-c8a0-4df1-b5b6-5227db50dc96_1000.jpg!m_fill,w_280,h_210,f_jpg?from=ke.com
20230507,昌平,回龙观,101116697551,龙回苑通透两居中间楼层商五一平西府地铁周边房主自荐,449.8万,52055元/平,高楼层 (共6层) | 2004年建 | 2室1厅 | 86.41平米 | 东 西,https://ke-image.ljcdn.com/110000-inspection/d5ff504b-e378-43d9-aaf9-907e37e166b8_1000.jpg!m_fill,w_280,h_210,f_jpg?from=ke.com
20230507,昌平,回龙观,101116693897,满五年唯一眼睛户型出房少全明格局不临街,836万,64111元/平,低楼层 (共11层) | 2006年建 | 3室1厅 | 130.4平米 | 南 西 北,https://ke-image.ljcdn.com/110000-inspection/pc1_xaQwu5DpL.jpg!m_fill,w_280,h_210,f_jpg?from=ke.com
20230507,昌平,回龙观,101116685728,美唐二期 满五唯一 方正三居 只有契税,742万,76409元/平,中楼层 (共20层) 3室1厅 | 97.11平米 | 南 北,https://ke-image.ljcdn.com/110000-inspection/6b3248ad-f468-454e-ab9f-87a7e52c5c11_1000.jpg!m_fill,w_280,h_210,f_jpg?from=ke.com
20230507,昌平,回龙观,101116685113,带电梯商品房满五年唯一诚心出售,380万,69344元/平,中楼层 (共11层) | 2007年建 | 1室1厅 | 54.8平米 | 西北,https://ke-image.ljcdn.com/110000-inspection/25ad828a-e8d2-4640-92ed-cb55b3d2d06b_1000.jpg!m_fill,w_280,h_210,f_jpg?from=ke.com
20230507,昌平,回龙观,101116684348,满五年北京一套小区中间采光好靠谱签约、急售,583万,39888元/平,高楼层 (共6层) | 2005年建 | 3室1厅 | 146.16平米 | 南 北,https://ke-image.ljcdn.com/110000-inspection/pc1_Cg3WQWa5p.jpg!m_fill,w_280,h_210,f_jpg?from=ke.com
20230507,昌平,回龙观,101116678717,满五唯一 落地窗 无遮挡 视野好 诚心出售,550万,62800元/平,低楼层 (共28层) | 2015年建 | 2室1厅 | 87.58平米 | 南,https://ke-image.ljcdn.com/110000-inspection/5d43aed7-0772-43b3-8093-fbe847938520_1000.jpg!m_fill,w_280,h_210,f_jpg?from=ke.com
20230507,昌平,回龙观,101116675423,龙兴园北区 3室1厅 南 北,500万,49427元/平,顶层 (共6层) | 2002年建 | 3室1厅 | 101.16平米 | 南 北,https://ke-image.ljcdn.com/110000-inspection/f4d1a631-c701-4bbf-acd8-ec20992722be_1000.jpg!m_fill,w_280,h_210,f_jpg?from=ke.com
20230507,昌平,回龙观,101116668255,回龙观地铁口+小区中间位置+中间楼层三居室,579万,49043元/平,中楼层 (共6层) | 2002年建 | 3室1厅 | 118.06平米 | 南 北,https://ke-image.ljcdn.com/110000-inspection/pc1_yjvERitdv.jpg!m_fill,w_280,h_210,f_jpg?from=ke.com
20230507,昌平,回龙观,101116652186,商品房家庭一套房 购买成本低 出行方便房主自荐,489万,50170元/平,底层 (共6层) 2室1厅 | 97.47平米 | 南 北,https://ke-image.ljcdn.com/110000-inspection/pc1_p0zQbzUBG.jpg!m_fill,w_280,h_210,f_jpg?from=ke.com
20230507,昌平,回龙观,101116646324,40万精装修全南向大两居  业主自住 随时签约,729万,83401元/平,中楼层 (共27层) 2室2厅 | 87.41平米 | 南,https://ke-image.ljcdn.com/110000-inspection/610094b7-0339-4ad0-b144-42c4542ec1a6_1000.jpg!m_fill,w_280,h_210,f_jpg?from=ke.com
20230507,昌平,回龙观,101116645138,人车分流 花园式洋房 落地大窗 采光好！,1050万,70164元/平,低楼层 (共7层) 3室2厅 | 149.65平米 | 南 北,https://ke-image.ljcdn.com/110000-inspection/pc1_jriUgM9PI.jpg!m_fill,w_280,h_210,f_jpg?from=ke.com
20230507,昌平,回龙观,101116642507,龙城花园北二区满五唯一全南户型商品房精装修,308万,64517元/平,中楼层 (共4层) | 2004年建 | 1室1厅 | 47.74平米 | 南,https://ke-image.ljcdn.com/110000-inspection/pc1_9gQPUqlzJ.jpg!m_fill,w_280,h_210,f_jpg?from=ke.com
20230507,昌平,回龙观,101116639702,首开国风美唐二期 商品房满五唯一D1户型正规三居室,679万,73950元/平,低楼层 (共19层) | 2014年建 | 3室2厅 | 91.82平米 | 南 西 北,https://ke-image.ljcdn.com/110000-inspection/36f0d550-8d69-4c60-9159-38f89e37e6ff_1000.jpg!m_fill,w_280,h_210,f_jpg?from=ke.com
20230507,昌平,回龙观,101116638312,万润家园 4室1厅 南 北,608万,40175元/平,底层 (共10层) | 2003年建 | 4室1厅 | 151.34平米 | 南 北,https://ke-image.ljcdn.com/110000-inspection/pc1_pWcn8VbCy.jpg!m_fill,w_280,h_210,f_jpg?from=ke.com
20230507,昌平,回龙观,101116636922,慧华苑  精装修两居 采光好 小区中间位置,349万,58109元/平,顶层 (共6层) | 1995年建 | 2室1厅 | 60.06平米 | 南 北,https://ke-image.ljcdn.com/110000-inspection/pc1_w05XWt5za.jpg!m_fill,w_280,h_210,f_jpg?from=ke.com
20230507,昌平,回龙观,101116633118,龙华园小区南北通透一居室视野开阔中间楼层,378万,61156元/平,低楼层 (共6层) 1室1厅 | 61.81平米 | 南 北,https://ke-image.ljcdn.com/110000-inspection/pc1_pcxtbcRlp.jpg!m_fill,w_280,h_210,f_jpg?from=ke.com
20230507,昌平,回龙观,101116629634,金域华府一期 3室1厅 南 北,570万,63005元/平,底层 (共28层) 3室1厅 | 90.47平米 | 南 北,https://ke-image.ljcdn.com/110000-inspection/pc1_K1vxNVsAB.jpg!m_fill,w_280,h_210,f_jpg?from=ke.com
20230507,昌平,回龙观,101116629034,首开国风美唐二期 小区新 商品房 有电梯 距离地铁近,720万,76661元/平,中楼层 (共20层) 2室1厅 | 93.92平米 | 南,https://ke-image.ljcdn.com/110000-inspection/1227ee71-e361-4396-8d62-ceb4bc7cd599_1000.jpg!m_fill,w_280,h_210,f_jpg?from=ke.com
20230507,昌平,回龙观,101116627657,一层、小区中间、采光好、位置好、有钥匙、急售,665万,45356元/平,底层 (共6层) | 2005年建 | 3室1厅 | 146.62平米 | 南 北,https://ke-image.ljcdn.com/110000-inspection/6b1fee64-d5d8-477d-8d9d-6574cf8b8219_1000.jpg!m_fill,w_280,h_210,f_jpg?from=ke.com
20230507,昌平,回龙观,101116626894,商品房 钢混落地窗 大三居无浪费 南北通透 餐客分离,630万,47103元/平,高楼层 (共6层) | 2005年建 | 3室2厅 | 133.75平米 | 南 北,https://ke-image.ljcdn.com/110000-inspection/5e2b75bf-ae8f-43ca-b7f1-c5a8a80bcf48_1000.jpg!m_fill,w_280,h_210,f_jpg?from=ke.com
20230507,昌平,回龙观,101116625016,龙旗广场 新上三居 带电梯 10年小区,480万,55116元/平,中楼层 (共28层) | 2010年建 | 3室1厅 | 87.09平米 | 东 南 西 北,https://ke-image.ljcdn.com/110000-inspection/pc1_adDHeCtKk.jpg!m_fill,w_280,h_210,f_jpg?from=ke.com
20230507,昌平,回龙观,101116622188,2016年电梯房小区满五年唯一业主随时签约,499万,71871元/平,底层 (共11层) | 2016年建 | 2室1厅 | 69.43平米 | 南,https://ke-image.ljcdn.com/110000-inspection/pc1_8KfRTk4MG.jpg!m_fill,w_280,h_210,f_jpg?from=ke.com
20230507,昌平,回龙观,101116615784,新上：满五唯一商品房+双落地窗双阳台+南北双通透双卫,528万,42210元/平,顶层 (共6层) | 2006年建 | 3室1厅 | 125.09平米 | 南 北,https://ke-image.ljcdn.com/110000-inspection/b0a84966-0542-4dd9-93d4-3ea54be68cb4_1000.jpg!m_fill,w_280,h_210,f_jpg?from=ke.com
20230507,昌平,回龙观,101116609763,满五唯一中间单元靠谱签约中间楼层采光充足,695万,57141元/平,中楼层 (共11层) 3室2厅 | 121.63平米 | 南 北,https://ke-image.ljcdn.com/110000-inspection/pc1_DxSfn5LVr.jpg!m_fill,w_280,h_210,f_jpg?from=ke.com
20230507,昌平,回龙观,101116607678,高楼层 视野好满五年11层房主自荐,338万,73288元/平,中楼层 (共20层) | 2007年建 | 1室1厅 | 46.12平米 | 北,https://ke-image.ljcdn.com/110000-inspection/pc1_ka93VGMqr.jpg!m_fill,w_280,h_210,f_jpg?from=ke.com
20230507,昌平,回龙观,101116596826,首开国风美唐二期业主靠谱出售二居室看房随时,520万,63617元/平,中楼层 (共21层) | 2015年建 | 2室1厅 | 81.74平米 | 东 西,https://ke-image.ljcdn.com/110000-inspection/20ba80b8-8597-444f-9b41-8756a4425ce2_1000.jpg!m_fill,w_280,h_210,f_jpg?from=ke.com
20230507,昌平,回龙观,101116593250,此房商满五年唯一中间楼层户型方正装修好,330万,69768元/平,中楼层 (共11层) | 2004年建 | 1室0厅 | 47.3平米 | 北,https://ke-image.ljcdn.com/110000-inspection/db44d5cc-9813-4d02-aeff-dca5edd576fd_1000.jpg!m_fill,w_280,h_210,f_jpg?from=ke.com
20230507,昌平,回龙观,101116578809,商五一 低价三居两卫 采光好 户型一级棒,510万,44589元/平,顶层 (共6层) 3室1厅 | 114.38平米 | 南 北,https://ke-image.ljcdn.com/110000-inspection/pc1_IHi1H456Z.jpg!m_fill,w_280,h_210,f_jpg?from=ke.com
20230507,昌平,回龙观,101116575515,融泽嘉园中路1号院精装两居室 诚意出售,540万,61863元/平,低楼层 (共25层) | 2014年建 | 2室1厅 | 87.29平米 | 南,https://ke-image.ljcdn.com/110000-inspection/pc1_cfIkBHMOC.jpg!m_fill,w_280,h_210,f_jpg?from=ke.com
20230507,昌平,回龙观,101116573659,南北通透两居室有电梯业主可以随时签约,460万,55846元/平,顶层 (共9层) | 2011年建 | 2室1厅 | 82.37平米 | 南 北,https://ke-image.ljcdn.com/110000-inspection/pc1_PuSBxtMcK.jpg!m_fill,w_280,h_210,f_jpg?from=ke.com
20230507,昌平,回龙观,101116572509,商品房满五年唯一首套首付150万房主自荐,365万,57900元/平,中楼层 (共4层) | 2004年建 | 2室1厅 | 63.04平米 | 南 北,https://ke-image.ljcdn.com/110000-inspection/pc1_oxtttxRBQ_1.jpg!m_fill,w_280,h_210,f_jpg?from=ke.com
20230507,昌平,回龙观,101116566756,满五年唯一中间楼层南北通透地暖小区,563万,42392元/平,中楼层 (共7层) | 2001年建 | 3室2厅 | 132.81平米 | 南 北,https://ke-image.ljcdn.com/110000-inspection/pc1_UtgsG9tKo.jpg!m_fill,w_280,h_210,f_jpg?from=ke.com
20230507,昌平,回龙观,101116565328,低楼层低楼层！商五一！采光视野都不错！房主自荐,590万,49560元/平,底层 (共6层) | 2006年建 | 3室1厅 | 119.05平米 | 南 北,https://ke-image.ljcdn.com/110000-inspection/d5c9cd8a-ee1d-4c15-8a04-9bb03247a24c_1000.jpg!m_fill,w_280,h_210,f_jpg?from=ke.com
20230507,昌平,回龙观,101116560809,万科金域华府 一层满五年南北朝向靠谱出售,640万,71096元/平,底层 (共24层) 2室1厅 | 90.02平米 | 南 北,https://ke-image.ljcdn.com/110000-inspection/pc1_hdZC2NYIp.jpg!m_fill,w_280,h_210,f_jpg?from=ke.com
20230507,昌平,回龙观,101116560685,流星花园三区平层大四居商品房精装修看房随时,925万,56400元/平,中楼层 (共6层) | 2004年建 | 4室2厅 | 164.01平米 | 南 西 北,https://ke-image.ljcdn.com/110000-inspection/pc1_ujTyO05Sy.jpg!m_fill,w_280,h_210,f_jpg?from=ke.com
20230507,昌平,回龙观,101116560568,龙泽苑+商品房+满五年唯一+精装修+小区中间+两居两卫,605万,61409元/平,中楼层 (共7层) 2室1厅 | 98.52平米 | 南 北,https://ke-image.ljcdn.com/110000-inspection/pc1_7rhUI6gK8.jpg!m_fill,w_280,h_210,f_jpg?from=ke.com
20230507,昌平,回龙观,101116557290,融泽嘉园 西二旗  满五年唯一三居室 中高楼层房主自荐,698万,64291元/平,中楼层 (共34层) | 2014年建 | 3室1厅 | 108.57平米 | 南 北,https://ke-image.ljcdn.com/110000-inspection/pc1_VAksMxJ6G.jpg!m_fill,w_280,h_210,f_jpg?from=ke.com
20230507,昌平,回龙观,101116556854,京*发展公园悦府 南北通透 户型方正 商品房满五年,860万,75373元/平,中楼层 (共11层) | 2014年建 | 3室2厅 | 114.1平米 | 南 北,https://ke-image.ljcdn.com/110000-inspection/3c1ce679-3df7-4bd1-a679-b7ed39408517_1000.jpg!m_fill,w_280,h_210,f_jpg?from=ke.com
20230507,昌平,回龙观,101116556491,和谐家园一区小区中间位置南北通透三居,558万,44910元/平,高楼层 (共6层) | 2006年建 | 3室1厅 | 124.25平米 | 南 北,https://ke-image.ljcdn.com/110000-inspection/1c7f46c0-27de-419d-b7e2-7038381dbf74_1000.jpg!m_fill,w_280,h_210,f_jpg?from=ke.com
20230507,昌平,回龙观,101116555699,新龙城 电梯两居  满五唯一 诚心出售 精装修,576万,53672元/平,低楼层 (共20层) 2室2厅 | 107.32平米 | 南 北,https://ke-image.ljcdn.com/110000-inspection/31eb3840-eeae-4d4b-a38f-22bef13be1d6_1000.jpg!m_fill,w_280,h_210,f_jpg?from=ke.com
20230507,昌平,回龙观,101116555028,和谐家园一区 2室1厅 南 北,525万,52961元/平,顶层 (共6层) | 2006年建 | 2室1厅 | 99.13平米 | 南 北,https://ke-image.ljcdn.com/110000-inspection/102fc5ae-96fa-4fb9-9d93-6d3aad17bc0e_1000.jpg!m_fill,w_280,h_210,f_jpg?from=ke.com
20230507,昌平,回龙观,101116553677,领秀慧谷C区 中间楼层南北通透两居 诚心出售,606万,67619元/平,低楼层 (共9层) 2室2厅 | 89.62平米 | 南 北,https://ke-image.ljcdn.com/110000-inspection/pc1_V25EWyqPY.jpg!m_fill,w_280,h_210,f_jpg?from=ke.com
20230507,昌平,回龙观,101116551166,龙跃苑一区 小区中间 边户明卫 商品房,626万,44445元/平,高楼层 (共6层) 3室2厅 | 140.85平米 | 东 南 北,https://ke-image.ljcdn.com/110000-inspection/d336ee59-88cd-4549-8136-850e55c6a385_1000.jpg!m_fill,w_280,h_210,f_jpg?from=ke.com
20230507,昌平,回龙观,101116540913,北郊农场家属院  满五年 适合首套刚需客户,425万,53493元/平,中楼层 (共6层) | 1994年建 | 2室1厅 | 79.45平米 | 南 西 北,https://ke-image.ljcdn.com/110000-inspection/pc1_jGtrjTLYn.jpg!m_fill,w_280,h_210,f_jpg?from=ke.com
20230507,昌平,回龙观,101116536393,流星花园三区 1室0厅 北,338万,70594元/平,高楼层 (共11层) | 2006年建 | 1室0厅 | 47.88平米 | 北,https://ke-image.ljcdn.com/110000-inspection/pc1_6SIhBpPNG.jpg!m_fill,w_280,h_210,f_jpg?from=ke.com
20230507,昌平,回龙观,101116532376,龙腾苑六区两居南北通透格局视野宽阔采光充足,510万,51277元/平,顶层 (共6层) | 2002年建 | 2室1厅 | 99.46平米 | 南 北,https://ke-image.ljcdn.com/110000-inspection/pc1_2xyGwMG0b.jpg!m_fill,w_280,h_210,f_jpg?from=ke.com
20230507,昌平,回龙观,101116532255,龙跃苑东二区  落地窗 次顶层  南北通透三居,575万,46119元/平,高楼层 (共6层) | 2007年建 | 3室1厅 | 124.68平米 | 南 北,https://ke-image.ljcdn.com/110000-inspection/e6b48887-1bc8-4d96-a8ec-7cd91a834f7b_1000.jpg!m_fill,w_280,h_210,f_jpg?from=ke.com
20230507,昌平,回龙观,101116530309,矩阵一期两居两卫全明格局一层小区中间诚售,545万,54235元/平,底层 (共7层) | 2000年建 | 2室1厅 | 100.49平米 | 南 北,https://ke-image.ljcdn.com/110000-inspection/pc1_oGpO5HByU.jpg!m_fill,w_280,h_210,f_jpg?from=ke.com
20230507,昌平,回龙观,101116525899,领秀慧谷D区 精装修三居 双卧朝南 南北通透,760万,70228元/平,底层 (共11层) | 2016年建 | 3室2厅 | 108.22平米 | 北 南,https://ke-image.ljcdn.com/110000-inspection/635a41e3-3fe5-4a7b-8c22-acf79879bde7_1000.jpg!m_fill,w_280,h_210,f_jpg?from=ke.com
20230507,昌平,回龙观,101116510669,北京人家 低楼层四居室 商品房满五年唯一,850万,51286元/平,低楼层 (共6层) | 2003年建 | 4室2厅 | 165.74平米 | 南 北,https://ke-image.ljcdn.com/110000-inspection/daea8241-c670-49a1-a8f0-b34431d08883_1000.jpg!m_fill,w_280,h_210,f_jpg?from=ke.com
20230507,昌平,回龙观,101116499436,小区人车分流纯商品房社区中高楼层满五唯一,550万,55349元/平,低楼层 (共10层) 2室2厅 | 99.37平米 | 南 北,https://ke-image.ljcdn.com/110000-inspection/pc1_ihHwUUje4.jpg!m_fill,w_280,h_210,f_jpg?from=ke.com
20230507,昌平,回龙观,101116494759,慧华苑小区诚意出售优质房源靠谱出售,526万,40465元/平,高楼层 (共6层) 3室2厅 | 129.99平米 | 南 北,https://ke-image.ljcdn.com/110000-inspection/pc1_VHY6TtNEX.jpg!m_fill,w_280,h_210,f_jpg?from=ke.com
20230507,昌平,回龙观,101116494188,融泽嘉园1号院 南北通透 精装修 视野好,630万,67641元/平,高楼层 (共25层) | 2014年建 | 2室1厅 | 93.14平米 | 南 北,https://ke-image.ljcdn.com/110000-inspection/pc1_2kzArJcM7.jpg!m_fill,w_280,h_210,f_jpg?from=ke.com
20230507,昌平,回龙观,101116488796,首开国风美唐二期  精装修  次顶层  视野好房主自荐,670万,73193元/平,高楼层 (共16层) 2室1厅 | 91.54平米 | 南,https://ke-image.ljcdn.com/110000-inspection/pc1_GKWGTmFjs.jpg!m_fill,w_280,h_210,f_jpg?from=ke.com
20230507,昌平,回龙观,101116482710,北郊农场通透两居精装修全明格局满五年唯一,383万,59316元/平,中楼层 (共4层) | 1994年建 | 2室1厅 | 64.57平米 | 南 北,https://ke-image.ljcdn.com/110000-inspection/pc1_g9k5VDDAU.jpg!m_fill,w_280,h_210,f_jpg?from=ke.com
20230507,昌平,回龙观,101116481978,满五唯一 全明格局 中高楼层 诚心出售,595万,69534元/平,中楼层 (共31层) | 2016年建 | 2室1厅 | 85.57平米 | 南 北,https://ke-image.ljcdn.com/110000-inspection/pc1_49e7G8pt4.jpg!m_fill,w_280,h_210,f_jpg?from=ke.com
20230507,昌平,回龙观,101116471955,满五年唯一采光不错落地阳台配套齐全  精装修,450万,68546元/平,高楼层 (共34层) | 2016年建 | 1室1厅 | 65.65平米 | 南,https://ke-image.ljcdn.com/110000-inspection/22fb0f58-d848-48b8-abc5-77ecc0ab6ac0_1000.jpg!m_fill,w_280,h_210,f_jpg?from=ke.com
20230507,昌平,回龙观,101116468649,龙旗广场 正规三居室 满五年 业主诚心出售,490万,56206元/平,低楼层 (共28层) | 2010年建 | 3室1厅 | 87.18平米 | 东 西 北,https://ke-image.ljcdn.com/110000-inspection/pc1_7MSMveQdr.jpg!m_fill,w_280,h_210,f_jpg?from=ke.com
20230507,昌平,回龙观,101116467186,2008年中间位置中间楼层诚心卖离地铁近,530万,71275元/平,中楼层 (共10层) | 2007年建 | 2室1厅 | 74.36平米 | 东 南 北,https://ke-image.ljcdn.com/110000-inspection/3a82daee-9ae5-424d-9840-fb39e05e8330_1000.jpg!m_fill,w_280,h_210,f_jpg?from=ke.com
20230507,昌平,回龙观,101116466256,龙兴园中区 2室2厅 南 北,415万,47911元/平,顶层 (共6层) | 1997年建 | 2室2厅 | 86.62平米 | 南 北,https://ke-image.ljcdn.com/110000-inspection/b9390eb2-290d-442f-9243-8f6ab44b4414_1000.jpg!m_fill,w_280,h_210,f_jpg?from=ke.com
20230507,昌平,回龙观,101116463313,矩阵三期电梯两居价格合适全明格局配套齐全。房主自荐,516万,65591元/平,低楼层 (共11层) 2室2厅 | 78.67平米 | 南 北 西,https://ke-image.ljcdn.com/110000-inspection/68523fe5-13ec-4a72-a97f-f03f6a512877_1000.jpg!m_fill,w_280,h_210,f_jpg?from=ke.com
20230507,昌平,回龙观,101116461539,商品房只有契税居家安静平层复式格局,545万,40590元/平,高楼层 (共7层) 3室2厅 | 134.27平米 | 南 北,https://ke-image.ljcdn.com/110000-inspection/pc1_2vLcLOXds.jpg!m_fill,w_280,h_210,f_jpg?from=ke.com
20230507,昌平,回龙观,101116461265,南北通透商品房满五年家庭首套采光好,505万,52594元/平,顶层 (共6层) | 2002年建 | 2室1厅 | 96.02平米 | 南 北,https://ke-image.ljcdn.com/110000-inspection/pc1_s8bq1RkUL.jpg!m_fill,w_280,h_210,f_jpg?from=ke.com
20230507,昌平,回龙观,101116460635,楼龄新+南向+小区中间位置不临街,399万,63243元/平,底层 (共9层) | 2011年建 | 1室1厅 | 63.09平米 | 南,https://ke-image.ljcdn.com/110000-inspection/pc1_h2w2pCwXr.jpg!m_fill,w_280,h_210,f_jpg?from=ke.com
20230507,昌平,回龙观,101116458508,天巢园 满五年唯一 东南朝向 中楼层带电梯,535万,63820元/平,中楼层 (共22层) | 2010年建 | 2室1厅 | 83.83平米 | 东 南,https://ke-image.ljcdn.com/110000-inspection/pc1_OcMqEILE4_1.jpg!m_fill,w_280,h_210,f_jpg?from=ke.com
20230507,昌平,回龙观,101116452363,中间层精装修地铁近诚心卖,539万,55740元/平,中楼层 (共6层) 2室1厅 | 96.7平米 | 南 北,https://ke-image.ljcdn.com/110000-inspection/9784dee4-7ed7-4442-9e3e-4a0e25a2fb4e_1000.jpg!m_fill,w_280,h_210,f_jpg?from=ke.com
20230507,昌平,回龙观,101116447162,此房满五年唯一西南格局把西边明厨明卫高楼层,636万,68772元/平,中楼层 (共11层) | 2016年建 | 2室2厅 | 92.48平米 | 西南,https://ke-image.ljcdn.com/110000-inspection/f3da754d-e352-40a8-a0c5-28005a256f97_1000.jpg!m_fill,w_280,h_210,f_jpg?from=ke.com
20230507,昌平,回龙观,101116435547,融泽嘉园中路2号院 3室1厅 南 北房主自荐,705万,61599元/平,高楼层 (共34层) 3室1厅 | 114.45平米 | 南 北,https://ke-image.ljcdn.com/110000-inspection/pc1_8z5tNZeXu_1.jpg!m_fill,w_280,h_210,f_jpg?from=ke.com
20230507,昌平,回龙观,101116433213,满五年唯一双卧朝南低楼层面朝公园,499万,51518元/平,中楼层 (共5层) | 2000年建 | 2室1厅 | 96.86平米 | 东南,https://ke-image.ljcdn.com/110000-inspection/pc1_6No0AB4Oi.jpg!m_fill,w_280,h_210,f_jpg?from=ke.com
20230507,昌平,回龙观,101116431554,格局方正商品房满五唯一首套购买契税1%。,455万,51559元/平,中楼层 (共6层) | 2004年建 | 2室1厅 | 88.25平米 | 南 北,https://ke-image.ljcdn.com/110000-inspection/ba55e6a9-f1a3-4fc6-ae86-befbc1cda769_1000.jpg!m_fill,w_280,h_210,f_jpg?from=ke.com
20230507,昌平,回龙观,101116423217,京*发展公园悦府 俯瞰整个回龙观 美景尽收眼底,1160万,85389元/平,顶层 (共27层) 3室2厅 | 135.85平米 | 南 北,https://ke-image.ljcdn.com/110000-inspection/06e56d0d-09e5-4cfb-bded-d6808bfc0347_1000.jpg!m_fill,w_280,h_210,f_jpg?from=ke.com
20230507,昌平,回龙观,101116412367,龙跃苑四区 中楼层 南北通透2居 商品房 满五唯一,510万,56410元/平,中楼层 (共6层) | 2005年建 | 2室1厅 | 90.41平米 | 南 北,https://ke-image.ljcdn.com/110000-inspection/44527bb4-6b3d-46db-9481-1a932625627b_1000.jpg!m_fill,w_280,h_210,f_jpg?from=ke.com
20230507,昌平,回龙观,101116404705,商品房满五年唯一中间楼层户型好采光好宜居,556万,44226元/平,中楼层 (共6层) | 2000年建 | 3室2厅 | 125.72平米 | 南 北,https://ke-image.ljcdn.com/110000-inspection/pc1_8QbkvW7HR.jpg!m_fill,w_280,h_210,f_jpg?from=ke.com
20230507,昌平,回龙观,101116404381,满五年唯一小区中间位置楼间距大采光好,599万,61785元/平,低楼层 (共27层) 2室1厅 | 96.95平米 | 南 北,https://ke-image.ljcdn.com/110000-inspection/048f8059-3365-4491-8637-5b0ee9a1135e_1000.jpg!m_fill,w_280,h_210,f_jpg?from=ke.com
20230507,昌平,回龙观,101116397804,新龙城 格局方正 东南朝向 自住装修 看房方便,570万,62590元/平,高楼层 (共20层) | 2007年建 | 2室1厅 | 91.07平米 | 东 南,https://ke-image.ljcdn.com/110000-inspection/pc1_WKaXsMUej.jpg!m_fill,w_280,h_210,f_jpg?from=ke.com
20230507,昌平,回龙观,101116392937,融泽嘉园西二路2号院 全南两居室 精装修满五年房主自荐,620万,70947元/平,中楼层 (共34层) | 2016年建 | 2室1厅 | 87.39平米 | 南,https://ke-image.ljcdn.com/110000-inspection/pc1_2wV9xCVxN.jpg!m_fill,w_280,h_210,f_jpg?from=ke.com
20230507,昌平,回龙观,101116392230,矩阵二期 2室2厅 南 北,499万,55194元/平,底层 (共12层) | 2005年建 | 2室2厅 | 90.41平米 | 南 北,https://ke-image.ljcdn.com/110000-inspection/pc1_AwvR9jbr5.jpg!m_fill,w_280,h_210,f_jpg?from=ke.com
20230507,昌平,回龙观,101116387705,满五唯一 中高楼层视野好 诚心出售,589万,67392元/平,中楼层 (共34层) | 2016年建 | 2室1厅 | 87.4平米 | 南,https://ke-image.ljcdn.com/110000-inspection/pc1_vUVgts7HW.jpg!m_fill,w_280,h_210,f_jpg?from=ke.com
20230507,昌平,回龙观,101116382467,此房商品房满五年唯一中间楼层南北通透 看房随时,615万,48679元/平,中楼层 (共6层) | 2002年建 | 3室1厅 | 126.34平米 | 南 北,https://ke-image.ljcdn.com/110000-inspection/pc1_OGWABIuji.jpg!m_fill,w_280,h_210,f_jpg?from=ke.com
20230507,昌平,回龙观,101116382019,首开国风美唐二期 满五唯一 地铁近 一居室,450万,74455元/平,中楼层 (共18层) | 2015年建 | 1室1厅 | 60.44平米 | 东 西,https://ke-image.ljcdn.com/110000-inspection/64dbc6be-cbd7-4bb5-bc18-7f3605704ad2_1000.jpg!m_fill,w_280,h_210,f_jpg?from=ke.com
20230507,昌平,回龙观,101116372523,商品房满五年唯一小区中间南北通透采光好,402万,52249元/平,顶层 (共6层) | 2005年建 | 2室1厅 | 76.94平米 | 南 北,https://ke-image.ljcdn.com/110000-inspection/pc1_1DYxDnYqk.jpg!m_fill,w_280,h_210,f_jpg?from=ke.com
20230507,昌平,回龙观,101116370507,融泽嘉园中路1号院 2室1厅 南 北,610万,65493元/平,中楼层 (共28层) 2室1厅 | 93.14平米 | 南 北,https://ke-image.ljcdn.com/110000-inspection/pc1_eqHHxxsk2.jpg!m_fill,w_280,h_210,f_jpg?from=ke.com
20230507,昌平,回龙观,101116364718,商满五唯一 小区正中间位置 眼睛户型出房少,738万,56596元/平,中楼层 (共11层) | 2006年建 | 3室1厅 | 130.4平米 | 东 南 北,https://ke-image.ljcdn.com/110000-inspection/pc1_IMxveWFWw.jpg!m_fill,w_280,h_210,f_jpg?from=ke.com
20230507,昌平,回龙观,101116364180,龙跃苑二区 小区中间位置  户型方正 商品房满五年唯一,525万,55881元/平,中楼层 (共6层) | 2003年建 | 2室2厅 | 93.95平米 | 南 北,https://ke-image.ljcdn.com/110000-inspection/0cdf0deb-0b4c-489f-a9ff-e5c8f1b5ffd2_1000.jpg!m_fill,w_280,h_210,f_jpg?from=ke.com
20230507,昌平,回龙观,101116356556,融泽一期全南2居室视野开阔。,555万,63335元/平,低楼层 (共27层) | 2014年建 | 2室1厅 | 87.63平米 | 南,https://ke-image.ljcdn.com/110000-inspection/pc1_K0yn9RYXs.jpg!m_fill,w_280,h_210,f_jpg?from=ke.com
20230507,昌平,回龙观,101116341083,商品房低楼层纯南向诚心出售,389万,62753元/平,底层 (共6层) | 2004年建 | 1室1厅 | 61.99平米 | 南,https://ke-image.ljcdn.com/110000-inspection/pc1_5nQvW7C6k_1.jpg!m_fill,w_280,h_210,f_jpg?from=ke.com
20230507,昌平,回龙观,101116340303,流星花园 商品房满五年唯一 不临街无抵押中间层,495万,59084元/平,中楼层 (共6层) | 2003年建 | 2室1厅 | 83.78平米 | 南 北,https://ke-image.ljcdn.com/110000-inspection/pc1_DcxdX1YBy.jpg!m_fill,w_280,h_210,f_jpg?from=ke.com
20230507,昌平,回龙观,101116340178,商品房 明卫精装 中层 视野无遮挡 采光好,960万,82766元/平,低楼层 (共26层) | 2015年建 | 3室1厅 | 115.99平米 | 南 北,https://ke-image.ljcdn.com/110000-inspection/pc1_R5uAPrwUa.jpg!m_fill,w_280,h_210,f_jpg?from=ke.com
20230507,昌平,回龙观,101116337496,商品房社区电梯南向开间小区中间位置商满五唯一,369万,79475元/平,高楼层 (共6层) | 2004年建 | 1室0厅 | 46.43平米 | 南,https://ke-image.ljcdn.com/110000-inspection/943bfd0b-ad19-44f3-9955-04937bd8fd84_1000.jpg!m_fill,w_280,h_210,f_jpg?from=ke.com
20230507,昌平,回龙观,101116337318,商品房  落地窗 采光好 视野佳,570万,64759元/平,中楼层 (共34层) | 2016年建 | 2室1厅 | 88.02平米 | 南,https://ke-image.ljcdn.com/110000-inspection/pc1_qwpTuUGxU.jpg!m_fill,w_280,h_210,f_jpg?from=ke.com
20230507,昌平,回龙观,101116320135,万科金域华府一期精装修位置好,670万,78080元/平,中楼层 (共26层) | 2012年建 | 2室1厅 | 85.81平米 | 南 北,https://ke-image.ljcdn.com/110000-inspection/67648d23-93dd-40ee-9a1b-84576f8a88ce_1000.jpg!m_fill,w_280,h_210,f_jpg?from=ke.com
20230507,昌平,回龙观,101116313209,电梯板楼、全明格局视野好、南北通透采光足！,699万,69031元/平,中楼层 (共11层) | 2019年建 | 3室1厅 | 101.26平米 | 南 北,https://ke-image.ljcdn.com/110000-inspection/pc1_ALRASWz97.jpg!m_fill,w_280,h_210,f_jpg?from=ke.com
20230507,昌平,回龙观,101116308916,龙泽苑东区+集中供暖+电梯一居,383万,66321元/平,中楼层 (共11层) 1室0厅 | 57.75平米 | 北,https://ke-image.ljcdn.com/110000-inspection/488207b5-badf-4bb5-a753-38774c017145_1000.jpg!m_fill,w_280,h_210,f_jpg?from=ke.com
20230507,昌平,回龙观,101116307846,满五年唯一   有钥匙   随时看房,550万,67543元/平,低楼层 (共34层) | 2016年建 | 2室1厅 | 81.43平米 | 南,https://ke-image.ljcdn.com/110000-inspection/pc1_4oG3KVdte.jpg!m_fill,w_280,h_210,f_jpg?from=ke.com
20230507,昌平,回龙观,101116293015,满五年、北京一套、双通户型、三居2卫、看房方便急售,507万,40763元/平,顶层 (共6层) | 2005年建 | 3室1厅 | 124.38平米 | 南 北,https://ke-image.ljcdn.com/110000-inspection/e1c1e097-dee9-494a-a154-bcfc61ee9f9a_1000.jpg!m_fill,w_280,h_210,f_jpg?from=ke.com
20230507,昌平,回龙观,101116288883,北京人家 南北通透两居 中间层,545万,58128元/平,中楼层 (共5层) | 2005年建 | 2室2厅 | 93.76平米 | 南 北,https://ke-image.ljcdn.com/110000-inspection/pc1_PobTNP55X.jpg!m_fill,w_280,h_210,f_jpg?from=ke.com
20230507,昌平,回龙观,101116280514,龙腾苑六区回龙观低楼层南北通透的两室,480万,47596元/平,低楼层 (共6层) | 2002年建 | 2室1厅 | 100.85平米 | 南 北,https://ke-image.ljcdn.com/110000-inspection/pc1_vGAYbmgfJ.jpg!m_fill,w_280,h_210,f_jpg?from=ke.com
20230507,昌平,回龙观,101116279053,满五年唯一随时可以签约已经看好房明厨明卫,598万,46164元/平,高楼层 (共6层) | 2005年建 | 3室2厅 | 129.54平米 | 南 北,https://ke-image.ljcdn.com/110000-inspection/pc1_M77J1pe7B.jpg!m_fill,w_280,h_210,f_jpg?from=ke.com
20230507,昌平,回龙观,101116269721,首开国风美唐三期 南向两居 中间位置 居住安静房主自荐,620万,70906元/平,底层 (共18层) | 2016年建 | 2室1厅 | 87.44平米 | 南,https://ke-image.ljcdn.com/110000-inspection/6b8cda35-9e74-43fc-8c98-dc5df7562da5_1000.jpg!m_fill,w_280,h_210,f_jpg?from=ke.com
20230507,昌平,回龙观,101116267395,金域华府三期大户型3居室落地窗大阳台。,1050万,86849元/平,中楼层 (共27层) | 2015年建 | 3室2厅 | 120.9平米 | 南 北,https://ke-image.ljcdn.com/110000-inspection/aca12de0-38ad-43c2-a03d-68c7e4c8b090_1000.jpg!m_fill,w_280,h_210,f_jpg?from=ke.com
20230507,昌平,回龙观,101116249271,商品房满五年唯一 价格可谈精装修 靠谱三居室,550万,44245元/平,顶层 (共6层) | 2007年建 | 3室1厅 | 124.31平米 | 南 北,https://ke-image.ljcdn.com/110000-inspection/b988c065-cd07-4658-88f7-3aea2a274158_1000.jpg!m_fill,w_280,h_210,f_jpg?from=ke.com
20230507,昌平,回龙观,101116243666,金域华府一期南向一居室中间楼层,455万,72120元/平,低楼层 (共24层) | 2012年建 | 1室1厅 | 63.09平米 | 南,https://ke-image.ljcdn.com/110000-inspection/pc1_h3v2Pete1.jpg!m_fill,w_280,h_210,f_jpg?from=ke.com
20230507,昌平,回龙观,101116237662,龙回苑小区中间楼层三居室落地窗,590万,46541元/平,中楼层 (共7层) | 2004年建 | 3室1厅 | 126.77平米 | 南 北,https://ke-image.ljcdn.com/110000-inspection/d24a30ec-736e-4e63-af2f-4865e5d04f41_1000.jpg!m_fill,w_280,h_210,f_jpg?from=ke.com
20230507,昌平,回龙观,101116230456,商满五年唯一中间楼层视野开阔采光好,390万,65923元/平,高楼层 (共6层) | 2004年建 | 1室1厅 | 59.16平米 | 南,https://ke-image.ljcdn.com/110000-inspection/pc1_r7c0pdz2w.jpg!m_fill,w_280,h_210,f_jpg?from=ke.com
20230507,昌平,回龙观,101116227488,流星花园  精装修开间户型方正中间层看房方便,307万,64905元/平,中楼层 (共11层) | 2004年建 | 1室0厅 | 47.3平米 | 北,https://ke-image.ljcdn.com/110000-inspection/pc1_7KWLrSHmv.jpg!m_fill,w_280,h_210,f_jpg?from=ke.com
20230507,昌平,回龙观,101116225683,商品房满五年唯一双通透落地窗交通便利,486万,52024元/平,顶层 (共6层) | 2006年建 | 2室1厅 | 93.42平米 | 南 北,https://ke-image.ljcdn.com/110000-inspection/bdd96348-23fd-4343-a81d-6605a11acd3a_1000.jpg!m_fill,w_280,h_210,f_jpg?from=ke.com
20230507,昌平,回龙观,101116222344,小区中间南北通透格局诚心出售,660万,40809元/平,顶层 (共6层) | 2002年建 | 4室2厅 | 161.73平米 | 南 北,https://ke-image.ljcdn.com/110000-inspection/pc1_tydQX8DLT.jpg!m_fill,w_280,h_210,f_jpg?from=ke.com
20230507,昌平,回龙观,101116221662,商品房满五年唯一南北通透采光充足低楼层,449万,65111元/平,低楼层 (共6层) | 1994年建 | 2室1厅 | 68.96平米 | 南 北,https://ke-image.ljcdn.com/110000-inspection/e533c97a-3b3f-4068-a00a-a0204c0c042f_1000.jpg!m_fill,w_280,h_210,f_jpg?from=ke.com
20230507,昌平,回龙观,101116218912,京*发展公园悦府 全明格局 视野采光好 居住舒适,426万,78482元/平,高楼层 (共11层) | 2016年建 | 1室1厅 | 54.28平米 | 东 北,https://ke-image.ljcdn.com/110000-inspection/fcdf4273-b8f9-40c2-9aef-d5dbfa1645e5_1000.jpg!m_fill,w_280,h_210,f_jpg?from=ke.com
20230507,昌平,回龙观,101116207926,万龙社区精装修南向两居室全南格局采光棒房主自荐,325万,76942元/平,中楼层 (共4层) | 1978年建 | 2室1厅 | 42.24平米 | 南,https://ke-image.ljcdn.com/110000-inspection/pc1_qHCvGR0gs.jpg!m_fill,w_280,h_210,f_jpg?from=ke.com
20230507,昌平,回龙观,101116203565,中间层三居室商满五年住宅靠谱出售,519万,46290元/平,中楼层 (共6层) 3室1厅 | 112.12平米 | 南 北,https://ke-image.ljcdn.com/110000-inspection/04dc6095-69b2-4cf2-b3a5-672b86e79226_1000.jpg!m_fill,w_280,h_210,f_jpg?from=ke.com
20230507,昌平,回龙观,101116197489,龙泽西带电梯中间楼层大三居商满五唯一,760万,55073元/平,中楼层 (共22层) | 2002年建 | 3室1厅 | 138平米 | 南 北,https://ke-image.ljcdn.com/110000-inspection/pc1_VYb497GrY.jpg!m_fill,w_280,h_210,f_jpg?from=ke.com
20230507,昌平,回龙观,101116189520,龙回苑大户型双卧朝南户型少,739万,48339元/平,中楼层 (共7层) | 2004年建 | 4室2厅 | 152.88平米 | 南 北,https://ke-image.ljcdn.com/110000-inspection/fb433aba-2b42-4813-9196-4ba0c8c70e9f_1000.jpg!m_fill,w_280,h_210,f_jpg?from=ke.com
20230507,昌平,回龙观,101116174588,08年商品房带电梯+小区中间不临街+双地铁+落地窗,570万,61022元/平,低楼层 (共10层) | 2008年建 | 2室1厅 | 93.41平米 | 南 北,https://ke-image.ljcdn.com/110000-inspection/6436109b-efb0-48a8-ba35-ea20a7a80d41_1000.jpg!m_fill,w_280,h_210,f_jpg?from=ke.com
20230507,昌平,回龙观,101116164603,龙华园+满五年唯一+小区中间位置房主自荐,439万,52362元/平,顶层 (共6层) | 1994年建 | 3室1厅 | 83.84平米 | 南 北,https://ke-image.ljcdn.com/110000-inspection/pc1_9FLck1eQJ.jpg!m_fill,w_280,h_210,f_jpg?from=ke.com
20230507,昌平,回龙观,101116127714,融泽嘉园西二路2号院 2室1厅 南,559万,68514元/平,顶层 (共34层) 2室1厅 | 81.59平米 | 南,https://ke-image.ljcdn.com/110000-inspection/1f650a02-f5e4-4a2c-8a46-47d38ff04bb0_1000.jpg!m_fill,w_280,h_210,f_jpg?from=ke.com
20230507,昌平,回龙观,101116113998,商品房满五年唯一住宅 中间层 价格能谈 采光没遮挡,538万,43075元/平,高楼层 (共6层) | 2005年建 | 3室1厅 | 124.9平米 | 南 北,https://ke-image.ljcdn.com/110000-inspection/34385b28-5c61-4cd1-a7cd-c247ed39ade5_1000.jpg!m_fill,w_280,h_210,f_jpg?from=ke.com
20230507,昌平,回龙观,101116106757,风雅园一区南北通透三居室主卧独卫中间层不临街房主自荐,500万,43041元/平,高楼层 (共6层) 3室1厅 | 116.17平米 | 南 北,https://ke-image.ljcdn.com/110000-inspection/pc1_S85oiPjoh.jpg!m_fill,w_280,h_210,f_jpg?from=ke.com
20230507,昌平,回龙观,101116103176,次顶层视野采光好南北通透满五唯一商品房,600万,66749元/平,高楼层 (共22层) | 2010年建 | 3室1厅 | 89.89平米 | 南 北,https://ke-image.ljcdn.com/110000-inspection/57bad4d8-c2f3-4edb-8b5f-79c5d44cb5d8_1000.jpg!m_fill,w_280,h_210,f_jpg?from=ke.com
20230507,昌平,回龙观,101116083377,满五唯一 中高楼层 双卧室朝南 客厅朝南 诚心出售,739万,64100元/平,高楼层 (共33层) | 2014年建 | 3室1厅 | 115.29平米 | 南 北,https://ke-image.ljcdn.com/110000-inspection/pc1_ufrpCDGum.jpg!m_fill,w_280,h_210,f_jpg?from=ke.com
20230507,昌平,回龙观,101116075420,满五唯一 中高楼层 南北视野采光无遮挡,575万,65289元/平,高楼层 (共34层) 2室1厅 | 88.07平米 | 南 北,https://ke-image.ljcdn.com/110000-inspection/df1d99ec-1c4b-4f81-862d-36c025c96bcb_1000.jpg!m_fill,w_280,h_210,f_jpg?from=ke.com
20230507,昌平,回龙观,101116073384,新龙城大2居落地大窗地暖,535万,54760元/平,中楼层 (共8层) | 2006年建 | 2室1厅 | 97.7平米 | 东 西,https://ke-image.ljcdn.com/110000-inspection/pc1_xTk5GBvzD.jpg!m_fill,w_280,h_210,f_jpg?from=ke.com
20230507,昌平,回龙观,101116060680,龙锦苑六区中间楼层两居室南北通透看房方便,509万,53994元/平,中楼层 (共6层) | 2003年建 | 2室1厅 | 94.27平米 | 南 北,https://ke-image.ljcdn.com/110000-inspection/test-bad0134a-7a1a-4023-adb3-2066362165f7.png!m_fill,w_280,h_210,f_jpg?from=ke.com
20230507,昌平,回龙观,101116058996,融泽二期一居室落地窗精装修。,496万,75426元/平,中楼层 (共28层) | 2015年建 | 1室1厅 | 65.76平米 | 南,https://ke-image.ljcdn.com/110000-inspection/pc1_AHmT9X5wE_1.jpg!m_fill,w_280,h_210,f_jpg?from=ke.com
20230507,昌平,回龙观,101116045209,全南户型大落地窗满五唯一 采光充足精装修,459万,69294元/平,中楼层 (共30层) | 2016年建 | 1室1厅 | 66.24平米 | 南,https://ke-image.ljcdn.com/110000-inspection/c6d61e49-5186-4718-8c18-30a25650ac6e_1000.jpg!m_fill,w_280,h_210,f_jpg?from=ke.com
20230507,昌平,回龙观,101116043689,万科天空之城+新龙泽站+视野好+满五年唯一,466万,57066元/平,顶层 (共6层) | 2002年建 | 2室1厅 | 81.66平米 | 南 北,https://ke-image.ljcdn.com/110000-inspection/pc1_2S2X3M80c.jpg!m_fill,w_280,h_210,f_jpg?from=ke.com
20230507,昌平,回龙观,101116029243,南北通透三居室电梯直达地库卫生间带窗户,599万,65608元/平,底层 (共11层) | 2019年建 | 3室1厅 | 91.3平米 | 南 北,https://ke-image.ljcdn.com/110000-inspection/pc1_BEtJh18bw_1.jpg!m_fill,w_280,h_210,f_jpg?from=ke.com
20230507,昌平,回龙观,101116025870,新龙城 中高楼层 精装修高品质 放心房  视野好 位置好房主自荐,495万,70594元/平,中楼层 (共20层) | 2006年建 | 1室1厅 | 70.12平米 | 南,https://ke-image.ljcdn.com/110000-inspection/pc1_N2uOHaQX2.jpg!m_fill,w_280,h_210,f_jpg?from=ke.com
20230507,昌平,回龙观,101116011468,金域华府 万科物业 南向方正 面对小区,685万,79828元/平,低楼层 (共26层) | 2012年建 | 2室1厅 | 85.81平米 | 南,https://ke-image.ljcdn.com/110000-inspection/pc1_pOqKuoEqH_1.jpg!m_fill,w_280,h_210,f_jpg?from=ke.com
20230507,昌平,回龙观,101116011207,全南两居 采光明媚 可观西山 精致装修 满五唯一,579万,65938元/平,中楼层 (共34层) | 2016年建 | 2室1厅 | 87.81平米 | 南,https://ke-image.ljcdn.com/110000-inspection/76083852-c76f-44e2-8cc0-3eb6dcf3ade6_1000.jpg!m_fill,w_280,h_210,f_jpg?from=ke.com
20230507,昌平,回龙观,101116008056,美唐二期 南北三居 电梯房 直通地下车库 签约随时！,612万,66813元/平,高楼层 (共21层) | 2015年建 | 3室1厅 | 91.6平米 | 南 北,https://ke-image.ljcdn.com/110000-inspection/22a18fd9-a5f6-4fa7-9a65-d34ffaf3986f_1000.jpg!m_fill,w_280,h_210,f_jpg?from=ke.com
20230507,昌平,回龙观,101116000351,金域华府一期 2室1厅 南,698万,81343元/平,中楼层 (共26层) | 2012年建 | 2室1厅 | 85.81平米 | 南,https://ke-image.ljcdn.com/110000-inspection/ae78a9d1-9c64-404a-8ab4-67e27c0ed9c4_1000.jpg!m_fill,w_280,h_210,f_jpg?from=ke.com
20230507,昌平,回龙观,101115987640,全南户型大落地窗满五唯一 采光充足精装修,498万,75182元/平,高楼层 (共30层) | 2016年建 | 1室1厅 | 66.24平米 | 南,https://ke-image.ljcdn.com/110000-inspection/cfddbfa5-e812-4394-a7f6-035fa30d4047_1000.jpg!m_fill,w_280,h_210,f_jpg?from=ke.com
20230507,昌平,回龙观,101115987314,店长推荐 商五唯一 精装修 小区中间位置  可贷款,503万,43073元/平,顶层 (共6层) | 2005年建 | 3室2厅 | 116.78平米 | 南 北,https://ke-image.ljcdn.com/110000-inspection/a0b63b67-204f-41ed-9515-f5ebc6b6b4ad_1000.jpg!m_fill,w_280,h_210,f_jpg?from=ke.com
20230507,昌平,回龙观,101115986262,自住、精装、小区中间、满五年唯一、不是顶层 急售,550万,45826元/平,高楼层 (共6层) | 2005年建 | 3室1厅 | 120.02平米 | 南 北,https://ke-image.ljcdn.com/110000-inspection/f02b984f-7b72-415c-bc89-b2e72c9c5108_1000.jpg!m_fill,w_280,h_210,f_jpg?from=ke.com
20230507,昌平,回龙观,101115977407,龙城花园北二区商品房普通住宅满五年唯一,383万,60756元/平,中楼层 (共4层) 2室1厅 | 63.04平米 | 南 北,https://ke-image.ljcdn.com/110000-inspection/pc1_GEnReg9Ma_1.jpg!m_fill,w_280,h_210,f_jpg?from=ke.com
20230507,昌平,回龙观,101115977338,商品房 中间楼层 南北通透采光好 诚心出售 看房方便,685万,41080元/平,中楼层 (共6层) | 2004年建 | 4室1厅 | 166.75平米 | 南 北,https://ke-image.ljcdn.com/110000-inspection/prod-9a62f8fb-d044-45c8-b269-d48753410ec2.jpg!m_fill,w_280,h_210,f_jpg?from=ke.com
20230507,昌平,回龙观,101115965782,5跃6层复式全明格局临近地铁。,760万,41273元/平,高楼层 (共6层) | 2003年建 | 5室2厅 | 184.14平米 | 南 北,https://ke-image.ljcdn.com/110000-inspection/pc1_c8qXr5yBX.jpg!m_fill,w_280,h_210,f_jpg?from=ke.com
20230507,昌平,回龙观,101115964168,金达园东向一居 精装 中间楼层,315万,55911元/平,中楼层 (共5层) | 1998年建 | 1室1厅 | 56.34平米 | 东,https://ke-image.ljcdn.com/110000-inspection/pc1_A6odzO5b7_1.jpg!m_fill,w_280,h_210,f_jpg?from=ke.com
20230507,昌平,回龙观,101115963652,北京人家  南北通透  视野好  采光佳,686万,52128元/平,低楼层 (共6层) | 2002年建 | 3室2厅 | 131.6平米 | 南 北,https://ke-image.ljcdn.com/110000-inspection/d3cff1a1-09ad-402f-bc72-9caab3c64a30_1000.jpg!m_fill,w_280,h_210,f_jpg?from=ke.com
20230507,昌平,回龙观,101115937756,全南向一居室首套购房1%的契税楼层好视野宽阔,395万,63751元/平,顶层 (共6层) | 2005年建 | 1室1厅 | 61.96平米 | 南,https://ke-image.ljcdn.com/110000-inspection/pc1_funJIywBW.jpg!m_fill,w_280,h_210,f_jpg?from=ke.com
20230507,昌平,回龙观,101115932733,万科华府系列产品+管家服务+南向两居+满五唯一+高层,620万,69648元/平,中楼层 (共28层) | 2012年建 | 2室1厅 | 89.02平米 | 南,https://ke-image.ljcdn.com/110000-inspection/pc1_Ropu4WNPj.jpg!m_fill,w_280,h_210,f_jpg?from=ke.com
20230507,昌平,回龙观,101115922381,龙旗广场  电梯三居  中间楼层,508万,57499元/平,高楼层 (共28层) | 2010年建 | 3室1厅 | 88.35平米 | 东 南 西 北,https://ke-image.ljcdn.com/110000-inspection/pc1_uLdZSOxLF.jpg!m_fill,w_280,h_210,f_jpg?from=ke.com
20230507,昌平,回龙观,101115922197,龙腾苑六区 三居室双卫 南北通透,566万,39773元/平,顶层 (共6层) | 2002年建 | 3室1厅 | 142.31平米 | 南 北,https://ke-image.ljcdn.com/110000-inspection/pc1_SOclK3iAG.jpg!m_fill,w_280,h_210,f_jpg?from=ke.com
20230507,昌平,回龙观,101115909379,龙华园全明格局一居室小区中间位置。,350万,59758元/平,高楼层 (共6层) 1室1厅 | 58.57平米 | 南 北,https://ke-image.ljcdn.com/110000-inspection/pc1_YBNdcqm62.jpg!m_fill,w_280,h_210,f_jpg?from=ke.com
20230507,昌平,回龙观,101115899973,融泽三期南北通透两居室小区中间位置业主诚心出售,593万,68091元/平,低楼层 (共34层) | 2016年建 | 2室1厅 | 87.09平米 | 南 北,https://ke-image.ljcdn.com/110000-inspection/pc1_Qk6kBnuy4_1.jpg!m_fill,w_280,h_210,f_jpg?from=ke.com
20230507,昌平,回龙观,101115894281,龙跃苑东二区 一层三居室 商品房满五唯一,658万,52776元/平,底层 (共6层) | 2007年建 | 3室1厅 | 124.68平米 | 南 北,https://ke-image.ljcdn.com/110000-inspection/a6142602-6f39-433a-bdf3-c5907a9fe923_1000.jpg!m_fill,w_280,h_210,f_jpg?from=ke.com
20230507,昌平,回龙观,101115892016,博洛尼全屋定制全明格局户型方正南北通透,606万,68159元/平,底层 (共11层) | 2016年建 | 2室2厅 | 88.91平米 | 南 北,https://ke-image.ljcdn.com/110000-inspection/pc1_uoD7VEG1L_1.jpg!m_fill,w_280,h_210,f_jpg?from=ke.com
20230507,昌平,回龙观,101115885068,店长推荐 商五唯一 小区中间位置   可以给换房周期,690万,55192元/平,中楼层 (共6层) | 2006年建 | 3室1厅 | 125.02平米 | 南 北,https://ke-image.ljcdn.com/110000-inspection/pc1_sqd96F2Lz.jpg!m_fill,w_280,h_210,f_jpg?from=ke.com
20230507,昌平,回龙观,101115883495,融泽嘉园中路2号院三面朝南三居室,740万,63959元/平,高楼层 (共34层) | 2014年建 | 3室1厅 | 115.7平米 | 南 北,https://ke-image.ljcdn.com/110000-inspection/pc1_36iPz3LWw.jpg!m_fill,w_280,h_210,f_jpg?from=ke.com
20230507,昌平,回龙观,101115882267,美唐二期  精装修  高楼层  视野开阔,708万,76982元/平,高楼层 (共20层) | 2015年建 | 3室1厅 | 91.97平米 | 南 北,https://ke-image.ljcdn.com/110000-inspection/d106d23d-cb54-4adb-9578-df8eef230ac8_1000.jpg!m_fill,w_280,h_210,f_jpg?from=ke.com
20230507,昌平,回龙观,101115881268,流星花园二区带电梯小户型业主诚心出售房主自荐,287万,60677元/平,低楼层 (共11层) | 2004年建 | 1室1厅 | 47.3平米 | 北,https://ke-image.ljcdn.com/110000-inspection/pc1_ow0cRFpye.jpg!m_fill,w_280,h_210,f_jpg?from=ke.com
20230507,昌平,回龙观,101115877069,城市之上 公园之中 京*发展公园悦府房主自荐,748万,85997元/平,高楼层 (共27层) 2室2厅 | 86.98平米 | 东南,https://ke-image.ljcdn.com/110000-inspection/16f078ce-c33a-44ac-893c-942b68a3f5db_1000.jpg!m_fill,w_280,h_210,f_jpg?from=ke.com
20230507,昌平,回龙观,101115857898,龙旗广场正规三居室户型方正。,489万,56091元/平,低楼层 (共28层) | 2010年建 | 3室1厅 | 87.18平米 | 东 西 北,https://ke-image.ljcdn.com/110000-inspection/pc1_bQVtLRYl4.jpg!m_fill,w_280,h_210,f_jpg?from=ke.com
20230507,昌平,回龙观,101115836559,商品房满五年唯一住宅 精装 价格可谈 南北朝向,595万,47593元/平,顶层 (共6层) | 2006年建 | 3室1厅 | 125.02平米 | 南 北,https://ke-image.ljcdn.com/110000-inspection/993c907f-0992-4a44-a035-99f8289076ed_1000.jpg!m_fill,w_280,h_210,f_jpg?from=ke.com
20230507,昌平,回龙观,101115821339,天巢园  拎包入住 两居 满五唯一 随时可看房主自荐,475万,57099元/平,中楼层 (共22层) 2室2厅 | 83.19平米 | 南 北,https://ke-image.ljcdn.com/110000-inspection/781a7bbe-0428-44de-af89-fcdf60d79a6f_1000.jpg!m_fill,w_280,h_210,f_jpg?from=ke.com
20230507,昌平,回龙观,101115816101,商品房满五年精装修小区中间位置户型方正,400万,56754元/平,高楼层 (共6层) | 1994年建 | 2室1厅 | 70.48平米 | 南 北,https://ke-image.ljcdn.com/110000-inspection/pc1_zBRMfYmV4_1.jpg!m_fill,w_280,h_210,f_jpg?from=ke.com
20230507,昌平,回龙观,101115813786,金域华府一期 南北朝向 业主靠谱出售 稳定签约,615万,68494元/平,中楼层 (共28层) | 2012年建 | 3室1厅 | 89.79平米 | 南 北,https://ke-image.ljcdn.com/110000-inspection/65de89eb-f540-4f1f-a06e-9525547c0fd3_1000.jpg!m_fill,w_280,h_210,f_jpg?from=ke.com
20230507,昌平,回龙观,101115810562,此房满五年唯一配套设施齐全视野好,685万,79828元/平,高楼层 (共27层) | 2012年建 | 2室1厅 | 85.81平米 | 南,https://ke-image.ljcdn.com/110000-inspection/pc1_IT1UMxG78.jpg!m_fill,w_280,h_210,f_jpg?from=ke.com
20230507,昌平,回龙观,101115807266,龙跃苑一区   中间位置  商品房   中间层,558万,49773元/平,中楼层 (共6层) | 2003年建 | 3室1厅 | 112.11平米 | 南 北,https://ke-image.ljcdn.com/110000-inspection/pc1_oZjPgoPFB.jpg!m_fill,w_280,h_210,f_jpg?from=ke.com
20230507,昌平,回龙观,101115804054,融泽嘉园中路2号院 商品房 明卫 南向1居室,425万,66982元/平,顶层 (共32层) | 2014年建 | 1室1厅 | 63.45平米 | 南,https://ke-image.ljcdn.com/110000-inspection/pc1_NrUgyZFY6.jpg!m_fill,w_280,h_210,f_jpg?from=ke.com
20230507,昌平,回龙观,101115800318,满五唯一商品房万科精装大两居高楼层大阳台房主自荐,690万,80326元/平,顶层 (共26层) | 2015年建 | 2室1厅 | 85.9平米 | 南,https://ke-image.ljcdn.com/110000-inspection/10b3d37a-4652-41a1-bfc1-045ef9649118_1000.jpg!m_fill,w_280,h_210,f_jpg?from=ke.com
20230507,昌平,回龙观,101115793215,首开国风美唐一期 霍营地铁站230米路程 洋房品质社区,760万,82296元/平,中楼层 (共11层) | 2012年建 | 2室1厅 | 92.35平米 | 南 北,https://ke-image.ljcdn.com/110000-inspection/pc1_UfLiNCeQr.jpg!m_fill,w_280,h_210,f_jpg?from=ke.com
20230507,昌平,回龙观,101115792312,金域华府二期 南向大飘窗两居 满五唯一 拎包入住房主自荐,673万,84157元/平,低楼层 (共28层) | 2014年建 | 2室1厅 | 79.97平米 | 南,https://ke-image.ljcdn.com/110000-inspection/pc1_TES55wmeD_1.jpg!m_fill,w_280,h_210,f_jpg?from=ke.com
20230507,昌平,回龙观,101115791047,融泽嘉园精装修两居室 南北通透视野好,589万,69970元/平,中楼层 (共31层) | 2016年建 | 2室1厅 | 84.18平米 | 南 北,https://ke-image.ljcdn.com/110000-inspection/pc1_EsciVSnXH_1.jpg!m_fill,w_280,h_210,f_jpg?from=ke.com
20230507,昌平,回龙观,101115788726,云趣园一区商品房满五年唯一三居室,628万,54443元/平,中楼层 (共7层) 3室1厅 | 115.35平米 | 南 北,https://ke-image.ljcdn.com/110000-inspection/pc1_s24GEChDT.jpg!m_fill,w_280,h_210,f_jpg?from=ke.com
20230507,昌平,回龙观,101115786941,流星花园二区两卧朝南三面采光。,588万,49654元/平,中楼层 (共6层) | 2003年建 | 3室1厅 | 118.42平米 | 南 西 北,https://ke-image.ljcdn.com/110000-inspection/fb2badfc-55f0-45f1-bfbe-bbcdde9beb6f_1000.jpg!m_fill,w_280,h_210,f_jpg?from=ke.com
20230507,昌平,回龙观,101115777112,首开国风美唐二期 近地铁 诚意出售,625万,68232元/平,中楼层 (共21层) | 2015年建 | 3室1厅 | 91.6平米 | 南 北,https://ke-image.ljcdn.com/110000-inspection/74570ce1-d066-4d91-b53e-859dbc5ad1e3_1000.jpg!m_fill,w_280,h_210,f_jpg?from=ke.com
20230507,昌平,回龙观,101115776996,和谐家园一区中间位置不临街中高楼层视野好,540万,43266元/平,高楼层 (共6层) | 2006年建 | 3室1厅 | 124.81平米 | 南 北,https://ke-image.ljcdn.com/110000-inspection/prod-f186720f-0fd7-4a2a-8151-2eed460cb3fe.jpg!m_fill,w_280,h_210,f_jpg?from=ke.com
20230507,昌平,回龙观,101115774696,风雅园小区南北通透采光好视野好满五唯一,598万,42081元/平,高楼层 (共6层) 4室1厅 | 142.11平米 | 东南 北,https://ke-image.ljcdn.com/110000-inspection/pc1_NIzeKoByo_1.jpg!m_fill,w_280,h_210,f_jpg?from=ke.com
20230507,昌平,回龙观,101115759979,三合庄园 128平大三居 低楼层,620万,48423元/平,中楼层 (共5层) 3室2厅 | 128.04平米 | 南 北,https://ke-image.ljcdn.com/110000-inspection/pc1_16dXtAPVJ.jpg!m_fill,w_280,h_210,f_jpg?from=ke.com
20230507,昌平,回龙观,101115753834,龙锦苑六区低楼层三居双卫全明格局客厅带阳台房主自荐,610万,50186元/平,低楼层 (共6层) | 2003年建 | 3室1厅 | 121.55平米 | 南 北,https://ke-image.ljcdn.com/110000-inspection/20482290-b2e6-4fae-9349-dc1af36e6ce9_1000.jpg!m_fill,w_280,h_210,f_jpg?from=ke.com
20230507,昌平,回龙观,101115746320,精装两居价格优惠面向花园。,530万,60434元/平,中楼层 (共28层) | 2014年建 | 2室1厅 | 87.7平米 | 南,https://ke-image.ljcdn.com/110000-inspection/pc1_cHombWHe5.jpg!m_fill,w_280,h_210,f_jpg?from=ke.com
20230507,昌平,回龙观,101115738202,龙邸 4室2厅 南 北,1280万,52825元/平,底层 (共6层) 4室2厅 | 242.31平米 | 南 北,https://ke-image.ljcdn.com/110000-inspection/pc1_S336SlPro.jpg!m_fill,w_280,h_210,f_jpg?from=ke.com
20230507,昌平,回龙观,101115728974,满五唯一南北通透中楼无遮挡配套齐全三卧朝南,778万,62191元/平,中楼层 (共20层) | 2007年建 | 3室1厅 | 125.1平米 | 南 北,https://ke-image.ljcdn.com/110000-inspection/pc1_smfOQhYzy.jpg!m_fill,w_280,h_210,f_jpg?from=ke.com
20230507,昌平,回龙观,101115709623,不临街一层满五且唯一住房三室两卫公园地铁,750万,53347元/平,底层 (共6层) | 2003年建 | 3室2厅 | 140.59平米 | 南 北,https://ke-image.ljcdn.com/110000-inspection/pc1_2GeK2wAqR.jpg!m_fill,w_280,h_210,f_jpg?from=ke.com
20230507,昌平,回龙观,101115708783,商品房满五年唯一小区中间位置采光好视野好,615万,51012元/平,中楼层 (共6层) | 2003年建 | 3室2厅 | 120.56平米 | 南 北,https://ke-image.ljcdn.com/110000-inspection/pc1_yuW6dhfyd_1.jpg!m_fill,w_280,h_210,f_jpg?from=ke.com
20230507,昌平,回龙观,101115703729,融泽嘉园中路1号院 满五年唯一 中间楼层 南北通透,620万,62779元/平,中楼层 (共28层) | 2014年建 | 2室1厅 | 98.76平米 | 南 北,https://ke-image.ljcdn.com/110000-inspection/pc1_6qF6vOWWW.jpg!m_fill,w_280,h_210,f_jpg?from=ke.com
20230507,昌平,回龙观,101115702961,低楼层小区中间诚心出售采光好户型方正,499万,43126元/平,底层 (共6层) 3室1厅 | 115.71平米 | 南 北,https://ke-image.ljcdn.com/110000-inspection/07e844ff-866b-4fc8-a168-5dfccef36419_1000.jpg!m_fill,w_280,h_210,f_jpg?from=ke.com
20230507,昌平,回龙观,101115692761,北京人家+一层三居室+全明格局+南北通透,660万,56454元/平,底层 (共6层) | 2004年建 | 3室2厅 | 116.91平米 | 南 北,https://ke-image.ljcdn.com/110000-inspection/pc1_dEzfkPtVy_1.jpg!m_fill,w_280,h_210,f_jpg?from=ke.com
20230507,昌平,回龙观,101115687282,首套购房净首付232万价格可谈近地铁和商场,465万,59041元/平,中楼层 (共6层) | 2004年建 | 2室1厅 | 78.76平米 | 南 北,https://ke-image.ljcdn.com/110000-inspection/pc1_u3TZYvd0o.jpg!m_fill,w_280,h_210,f_jpg?from=ke.com
20230507,昌平,回龙观,101115682439,满五年唯一业主诚心出售出行方便。,475万,47691元/平,顶层 (共6层) | 2002年建 | 2室1厅 | 99.6平米 | 南 北,https://ke-image.ljcdn.com/110000-inspection/pc1_ZUW6FlIXY.jpg!m_fill,w_280,h_210,f_jpg?from=ke.com
20230507,昌平,回龙观,101115669381,近地铁南北通透双卧朝南采光充足,690万,62813元/平,顶层 (共15层) | 2007年建 | 3室1厅 | 109.85平米 | 南 北,https://ke-image.ljcdn.com/110000-inspection/pc1_C1Lj2ncoJ_1.jpg!m_fill,w_280,h_210,f_jpg?from=ke.com
20230507,昌平,回龙观,101115658060,融泽嘉园全南向两居室  看房方便 楼层好随时可以签约,540万,66528元/平,低楼层 (共34层) | 2016年建 | 2室1厅 | 81.17平米 | 南,https://ke-image.ljcdn.com/110000-inspection/pc1_1XxhBtGDw.jpg!m_fill,w_280,h_210,f_jpg?from=ke.com
20230507,昌平,回龙观,101115652145,此房商满五唯一户型方正落地窗采光好,660万,51603元/平,低楼层 (共6层) | 2005年建 | 3室1厅 | 127.9平米 | 东 西,https://ke-image.ljcdn.com/110000-inspection/pc1_tpq9cNyto.jpg!m_fill,w_280,h_210,f_jpg?from=ke.com
20230507,昌平,回龙观,101115650098,金域华府三期 3室1厅 南 北,900万,77593元/平,底层 (共26层) | 2015年建 | 3室1厅 | 115.99平米 | 南 北,https://ke-image.ljcdn.com/110000-inspection/4583c083-f185-4304-8b97-df77fb185f38_1000.jpg!m_fill,w_280,h_210,f_jpg?from=ke.com
20230507,昌平,回龙观,101115643048,全南户型 楼前视野好 随时签约 满五年家庭唯一住宅房主自荐,449万,68279元/平,中楼层 (共28层) | 2014年建 | 1室1厅 | 65.76平米 | 南,https://ke-image.ljcdn.com/110000-inspection/pc1_wqygleIHC.jpg!m_fill,w_280,h_210,f_jpg?from=ke.com
20230507,昌平,回龙观,101115642227,精装 商满五 一套  首套可贷款300万 南北通透,520万,36195元/平,顶层 (共6层) | 2005年建 | 3室1厅 | 143.67平米 | 南 北,https://ke-image.ljcdn.com/110000-inspection/de02cf7d-ba6f-451a-bfc3-5f8463ddbae3_1000.jpg!m_fill,w_280,h_210,f_jpg?from=ke.com
20230507,昌平,回龙观,101115639774,融泽二期一居室落地窗大阳台。,430万,65093元/平,低楼层 (共28层) | 2015年建 | 1室1厅 | 66.06平米 | 南,https://ke-image.ljcdn.com/110000-inspection/3524a351-4d72-493b-a66b-1924dcaf6e98_1000.jpg!m_fill,w_280,h_210,f_jpg?from=ke.com
20230507,昌平,回龙观,101115637749,万润家园 低密度小区半人车分流社区房主自荐,430万,64218元/平,高楼层 (共12层) | 2003年建 | 1室0厅 | 66.96平米 | 南,https://ke-image.ljcdn.com/110000-inspection/pc1_YmzSiM63E.jpg!m_fill,w_280,h_210,f_jpg?from=ke.com
20230507,昌平,回龙观,101115626990,南北通透 双卧朝南向 户型方正 空间好利用,699万,60662元/平,高楼层 (共34层) | 2014年建 | 3室1厅 | 115.23平米 | 南 北,https://ke-image.ljcdn.com/110000-inspection/eeb756a5-4ca5-4c60-a466-6a71e1563fdc_1000.jpg!m_fill,w_280,h_210,f_jpg?from=ke.com
20230507,昌平,回龙观,101115622997,龙城花园二期上叠拼优质房源。,1050万,48261元/平,中楼层 (共4层) | 1999年建 | 4室2厅 | 217.57平米 | 南 北,https://ke-image.ljcdn.com/110000-inspection/pc1_adMZUqahX.jpg!m_fill,w_280,h_210,f_jpg?from=ke.com
20230507,昌平,回龙观,101115616690,花园洋房商满五唯一可俯瞰回龙观风景欣赏万家灯火房主自荐,537万,61810元/平,顶层 (共11层) | 2006年建 | 2室1厅 | 86.88平米 | 西南,https://ke-image.ljcdn.com/110000-inspection/pc1_5Bc6lckvC.jpg!m_fill,w_280,h_210,f_jpg?from=ke.com
20230507,昌平,回龙观,101115610617,云趣园一区 三居双卫 主卧带独立卫生间和阳台,490万,44288元/平,顶层 (共6层) | 2000年建 | 3室2厅 | 110.64平米 | 南 北,https://ke-image.ljcdn.com/110000-inspection/11a4367d-12ce-4326-9e2e-254a288b9c35_1000.jpg!m_fill,w_280,h_210,f_jpg?from=ke.com
20230507,昌平,回龙观,101115601605,融泽三期 楼龄新 业主自住装修 东易日盛装修,620万,76074元/平,中楼层 (共34层) | 2016年建 | 2室1厅 | 81.5平米 | 南,https://ke-image.ljcdn.com/110000-inspection/pc1_SMVSjpnqY.jpg!m_fill,w_280,h_210,f_jpg?from=ke.com
20230507,昌平,回龙观,101115595984,新龙城 高楼层视野好 双卫二居 主卧阳台独卫,560万,54736元/平,顶层 (共20层) | 2007年建 | 2室1厅 | 102.31平米 | 南 北,https://ke-image.ljcdn.com/110000-inspection/pc1_35piRAHoO.jpg!m_fill,w_280,h_210,f_jpg?from=ke.com
20230507,昌平,回龙观,101115595738,领秀慧谷D区电梯房中楼层南北通透眼镜户型三居室,949万,68274元/平,低楼层 (共13层) | 2016年建 | 3室2厅 | 139平米 | 南 北,https://ke-image.ljcdn.com/110000-inspection/d54108c4-efd4-4752-89fb-9c80271b18ec_1000.jpg!m_fill,w_280,h_210,f_jpg?from=ke.com
20230507,昌平,回龙观,101115595375,融泽嘉园西二路2号院南向落地窗两居室,579万,65938元/平,中楼层 (共34层) | 2016年建 | 2室1厅 | 87.81平米 | 南,https://ke-image.ljcdn.com/110000-inspection/661ba621-e020-4bc4-a98b-a499b2973bc6_1000.jpg!m_fill,w_280,h_210,f_jpg?from=ke.com
20230507,昌平,回龙观,101115592528,新龙城南北通透三居室业主诚心出售,640万,46207元/平,低楼层 (共20层) | 2007年建 | 3室1厅 | 138.51平米 | 南 北,https://ke-image.ljcdn.com/110000-inspection/pc1_pjoAAdip9.jpg!m_fill,w_280,h_210,f_jpg?from=ke.com
20230507,昌平,回龙观,101115589421,精装修 南北通透  全明格局两居室,650万,71689元/平,高楼层 (共28层) | 2012年建 | 2室1厅 | 90.67平米 | 南 北,https://ke-image.ljcdn.com/110000-inspection/52d25a54-7e9f-493a-a8e0-610addbd933b_1000.jpg!m_fill,w_280,h_210,f_jpg?from=ke.com
20230507,昌平,回龙观,101115585857,融泽嘉园中路1号院楼栋位置好户型方正南北通透三居室,680万,60515元/平,底层 (共33层) | 2014年建 | 3室1厅 | 112.37平米 | 南 北,https://ke-image.ljcdn.com/110000-inspection/pc1_bdFyiXdgp.jpg!m_fill,w_280,h_210,f_jpg?from=ke.com
20230507,昌平,回龙观,101115568569,融泽嘉园西二路2号院中间楼层满五唯一,585万,66965元/平,中楼层 (共34层) | 2016年建 | 2室1厅 | 87.36平米 | 南,https://ke-image.ljcdn.com/110000-inspection/pc1_uWT9AsqYw_1.jpg!m_fill,w_280,h_210,f_jpg?from=ke.com
20230507,昌平,回龙观,101115568391,冠庭园  两居两卫 中间3层  50万精装,666万,64573元/平,中楼层 (共7层) | 2006年建 | 2室2厅 | 103.14平米 | 南 北,https://ke-image.ljcdn.com/110000-inspection/pc1_EXo55MicS.jpg!m_fill,w_280,h_210,f_jpg?from=ke.com
20230507,昌平,回龙观,101115546286,流星花园三区   中间楼层三居室    精装修房主自荐,749万,54080元/平,中楼层 (共6层) | 2003年建 | 3室1厅 | 138.5平米 | 南 北,https://ke-image.ljcdn.com/110000-inspection/8aa0d4b3-adb6-41e2-9971-075728462b40_1000.jpg!m_fill,w_280,h_210,f_jpg?from=ke.com
20230507,昌平,回龙观,101115539864,慧华苑通透一居室精装满五年唯一,350万,63269元/平,顶层 (共6层) | 1996年建 | 1室1厅 | 55.32平米 | 南 北,https://ke-image.ljcdn.com/110000-inspection/pc1_yKK68H32l.jpg!m_fill,w_280,h_210,f_jpg?from=ke.com
20230507,昌平,回龙观,101115527201,龙跃苑东五区+精装修三居室+南北通透+中间层,666万,54116元/平,中楼层 (共5层) | 2006年建 | 3室1厅 | 123.07平米 | 南 北,https://ke-image.ljcdn.com/110000-inspection/2ded6467-82ee-4c11-9ce9-eea176f4fc42_1000.jpg!m_fill,w_280,h_210,f_jpg?from=ke.com
20230507,昌平,回龙观,101115521593,美唐二期精装三居南北通透8号线地铁50米房主自荐,667万,70078元/平,中楼层 (共16层) | 2015年建 | 3室1厅 | 95.18平米 | 南 北,https://ke-image.ljcdn.com/110000-inspection/e5ecb5ed-808e-4159-8398-397a1bc7afb0_1000.jpg!m_fill,w_280,h_210,f_jpg?from=ke.com
20230507,昌平,回龙观,101115503066,融泽嘉园西二路6号院   自住精装修 保持很好,570万,66613元/平,低楼层 (共31层) | 2016年建 | 2室1厅 | 85.57平米 | 南 北,https://ke-image.ljcdn.com/110000-inspection/pc1_YUlmt2vXl_1.jpg!m_fill,w_280,h_210,f_jpg?from=ke.com
20230507,昌平,回龙观,101115483199,北京人家 电梯全明户型 满五唯一,540万,52730元/平,低楼层 (共10层) | 2005年建 | 2室1厅 | 102.41平米 | 南 北,https://ke-image.ljcdn.com/110000-inspection/pc1_tGLZeNLhe.jpg!m_fill,w_280,h_210,f_jpg?from=ke.com
20230507,昌平,回龙观,101115480657,本房商品房满五唯一精装修自带中央空调采光好房主自荐,495万,44150元/平,顶层 (共6层) | 2000年建 | 3室2厅 | 112.12平米 | 南 北,https://ke-image.ljcdn.com/110000-inspection/pc1_in2Bee8e6.jpg!m_fill,w_280,h_210,f_jpg?from=ke.com
20230507,昌平,回龙观,101115430884,次新房 电梯品质小区 南北双通透大两居,685万,69530元/平,高楼层 (共13层) | 2019年建 | 2室2厅 | 98.52平米 | 南 北,https://ke-image.ljcdn.com/110000-inspection/pc1_SbMgakW5G.jpg!m_fill,w_280,h_210,f_jpg?from=ke.com
20230507,昌平,回龙观,101115420417,满五唯一  精装修 品质好房 业主诚心出售房主自荐,750万,65065元/平,底层 (共11层) | 2008年建 | 3室2厅 | 115.27平米 | 南 北,https://ke-image.ljcdn.com/110000-inspection/pc1_TFqPpAX2i.jpg!m_fill,w_280,h_210,f_jpg?from=ke.com
20230507,昌平,回龙观,101115406748,满五年唯一婚房装修+地铁口刚需住宅房主自荐,405万,59797元/平,顶层 (共6层) | 1994年建 | 2室1厅 | 67.73平米 | 北 南,https://ke-image.ljcdn.com/110000-inspection/pc1_YAD0iNzBD.jpg!m_fill,w_280,h_210,f_jpg?from=ke.com
20230507,昌平,回龙观,101115382979,龙华园南北通透三居室+小区中间+满五唯一,475万,56656元/平,中楼层 (共6层) | 1994年建 | 3室1厅 | 83.84平米 | 南 北,https://ke-image.ljcdn.com/110000-inspection/pc1_2y4wH5gyH.jpg!m_fill,w_280,h_210,f_jpg?from=ke.com
20230507,昌平,回龙观,101115372559,融泽嘉园人气三居满五唯一南北双通透中间楼层,700万,64268元/平,低楼层 (共34层) | 2014年建 | 3室1厅 | 108.92平米 | 南 北,https://ke-image.ljcdn.com/110000-inspection/pc1_AMUhvhpR4.jpg!m_fill,w_280,h_210,f_jpg?from=ke.com
20230507,昌平,回龙观,101115326648,此房南北通透明厨明卫户型方正业主人很赞诚售房主自荐,690万,52813元/平,中楼层 (共6层) | 2002年建 | 3室1厅 | 130.65平米 | 南 北,https://ke-image.ljcdn.com/110000-inspection/pc1_6dcx1LgjR.jpg!m_fill,w_280,h_210,f_jpg?from=ke.com
20230507,昌平,回龙观,101115295413,小区中间位置满两年中间层无遮挡采光好,565万,65175元/平,中楼层 (共18层) | 2014年建 | 2室1厅 | 86.69平米 | 南,https://ke-image.ljcdn.com/110000-inspection/pc1_TuAvdtXKE_1.jpg!m_fill,w_280,h_210,f_jpg?from=ke.com
20230507,昌平,回龙观,101115286681,商品房满五年首套+17年精装+南北通透采光好+诚售,496万,51522元/平,顶层 (共6层) | 2002年建 | 2室2厅 | 96.27平米 | 南 北,https://ke-image.ljcdn.com/110000-inspection/pc1_J33pnUwD8.jpg!m_fill,w_280,h_210,f_jpg?from=ke.com
20230507,昌平,回龙观,101115232624,龙华园自住精装修二居室诚心出售房主自荐,420万,62011元/平,低楼层 (共6层) 2室1厅 | 67.73平米 | 南 北,https://ke-image.ljcdn.com/110000-inspection/pc1_F9LrIc6pp.jpg!m_fill,w_280,h_210,f_jpg?from=ke.com
20230507,昌平,回龙观,101115224512,中间层四居室门口在建13号线商品房满五年,649万,47094元/平,中楼层 (共6层) | 2000年建 | 4室1厅 | 137.81平米 | 东 南 北,https://ke-image.ljcdn.com/110000-inspection/0f93ef0a-b7df-4fd3-80bc-c8f254664f40_1000.jpg!m_fill,w_280,h_210,f_jpg?from=ke.com
20230507,昌平,回龙观,101115194102,流星花园三区 三居室 商品房小区 环境优美,668万,57926元/平,顶层 (共11层) | 2008年建 | 3室1厅 | 115.32平米 | 南 北,https://ke-image.ljcdn.com/110000-inspection/f20af770-e316-4b51-97a6-449c0b32ee3f_1000.jpg!m_fill,w_280,h_210,f_jpg?from=ke.com
20230507,昌平,回龙观,101115175750,龙跃苑东四区中间位置把西边明卫三居,560万,44078元/平,顶层 (共6层) | 2007年建 | 3室1厅 | 127.05平米 | 南 北,https://ke-image.ljcdn.com/110000-inspection/6ccc8f64-5478-46e1-a680-15789df3e806_1000.jpg!m_fill,w_280,h_210,f_jpg?from=ke.com
20230507,昌平,回龙观,101115153907,融泽嘉园中路6号院业主诚意出售房主自荐,538万,61381元/平,低楼层 (共25层) | 2013年建 | 2室1厅 | 87.65平米 | 南,https://ke-image.ljcdn.com/110000-inspection/pc1_kPBVGLUW1.jpg!m_fill,w_280,h_210,f_jpg?from=ke.com
20230507,昌平,回龙观,101115151082,京*发展公园悦府 优质两居室 有电梯,595万,73150元/平,中楼层 (共22层) | 2015年建 | 2室1厅 | 81.34平米 | 南,https://ke-image.ljcdn.com/110000-inspection/49056bd3-7780-45d1-ba6e-5bf619a2e02f_1000.jpg!m_fill,w_280,h_210,f_jpg?from=ke.com
20230507,昌平,回龙观,101115149383,南北通透两居室  户型方正  精装修,599万,64312元/平,低楼层 (共28层) | 2014年建 | 2室1厅 | 93.14平米 | 南 北,https://ke-image.ljcdn.com/110000-inspection/pc1_1O8E96AbQ.jpg!m_fill,w_280,h_210,f_jpg?from=ke.com
20230507,昌平,回龙观,101115083994,万润家园 三居室 带电梯 自住装修,658万,59035元/平,高楼层 (共12层) | 2003年建 | 3室1厅 | 111.46平米 | 南 西 北,https://ke-image.ljcdn.com/110000-inspection/pc1_naJmTTpri.jpg!m_fill,w_280,h_210,f_jpg?from=ke.com
20230507,昌平,回龙观,101115071033,商品房满五年唯一中间楼层落地窗距离地铁358米房主自荐,539万,46346元/平,中楼层 (共7层) | 2004年建 | 3室1厅 | 116.3平米 | 南 北,https://ke-image.ljcdn.com/110000-inspection/pc1_4RwDjQ6oN.jpg!m_fill,w_280,h_210,f_jpg?from=ke.com
20230507,昌平,回龙观,101115068419,龙泽西区+一层+正规三居+小区中间+采光不错+近地铁,540万,50700元/平,底层 (共7层) | 2000年建 | 3室1厅 | 106.51平米 | 北 南 西,https://ke-image.ljcdn.com/110000-inspection/pc1_dVXyaEFoT_1.jpg!m_fill,w_280,h_210,f_jpg?from=ke.com
20230507,昌平,回龙观,101115048881,龙回苑小区商品房满五年唯一低楼层随时签约房主自荐,600万,47070元/平,低楼层 (共7层) | 2004年建 | 3室1厅 | 127.47平米 | 南 北,https://ke-image.ljcdn.com/110000-inspection/pc1_X52un1cLy.jpg!m_fill,w_280,h_210,f_jpg?from=ke.com
20230507,昌平,回龙观,101115044639,商品房 满5年唯一 落地窗 商品房社区,400万,78849元/平,底层 (共6层) | 2005年建 | 1室1厅 | 50.73平米 | 南,https://ke-image.ljcdn.com/110000-inspection/337a8f6a-730e-48f9-b147-8e41f25638ce_1000.jpg!m_fill,w_280,h_210,f_jpg?from=ke.com
20230507,昌平,回龙观,101115042068,房子中间楼层采光好精装修购买后可以直接拎包入住,569万,43841元/平,中楼层 (共7层) | 2000年建 | 3室1厅 | 129.79平米 | 南 北,https://ke-image.ljcdn.com/110000-inspection/d2a9e5a1-8f52-48fe-807c-52e2dbb60eb6_1000.jpg!m_fill,w_280,h_210,f_jpg?from=ke.com
20230507,昌平,回龙观,101115000790,回龙观地铁站龙腾苑六区一层三居室,740万,52412元/平,底层 (共6层) | 2002年建 | 3室1厅 | 141.19平米 | 南 北,https://ke-image.ljcdn.com/110000-inspection/pc1_3b1TEGPLd_1.jpg!m_fill,w_280,h_210,f_jpg?from=ke.com
20230507,昌平,回龙观,101114989062,房子户型方正格局合理。舒适温馨房主自荐,422万,34033元/平,顶层 (共6层) | 2008年建 | 3室1厅 | 124平米 | 南 北,https://ke-image.ljcdn.com/110000-inspection/dd0fbc4b-6dbb-4a08-9437-bc19240aea75_1000.jpg!m_fill,w_280,h_210,f_jpg?from=ke.com
20230507,昌平,回龙观,101114983208,此房是满五年唯一临地铁13号线8号线产权清晰,598万,42122元/平,顶层 (共6层) | 2005年建 | 3室2厅 | 141.97平米 | 南 北,https://ke-image.ljcdn.com/110000-inspection/ece1f663-bb6b-4faf-b8b6-15c47766a920_1000.jpg!m_fill,w_280,h_210,f_jpg?from=ke.com
20230507,昌平,回龙观,101114972397,领秀慧谷B区两居室精装修采光好通透性好,435万,55316元/平,顶层 (共6层) | 2011年建 | 2室1厅 | 78.64平米 | 东 西,https://ke-image.ljcdn.com/110000-inspection/5223b103-2b84-4fa1-895b-31bf33020980_1000.jpg!m_fill,w_280,h_210,f_jpg?from=ke.com
20230507,昌平,回龙观,101114968375,万科精装   全明格局   靠谱签约,790万,79405元/平,中楼层 (共27层) | 2012年建 | 3室2厅 | 99.49平米 | 南 北,https://ke-image.ljcdn.com/110000-inspection/pc1_kNAyXzG00_1.jpg!m_fill,w_280,h_210,f_jpg?from=ke.com
20230507,昌平,回龙观,101114965927,北店嘉园南北通透三居室 全明格局+钢混结构,595万,54543元/平,高楼层 (共6层) | 2004年建 | 3室2厅 | 109.09平米 | 南 北,https://ke-image.ljcdn.com/110000-inspection/6c751b07-4688-488f-a3a0-b5c35e3ff7d4_1000.jpg!m_fill,w_280,h_210,f_jpg?from=ke.com
20230507,昌平,回龙观,101114956368,融泽嘉园中路12号院   南北通透房主自荐,576万,68933元/平,中楼层 (共31层) | 2015年建 | 2室1厅 | 83.56平米 | 南 北,https://ke-image.ljcdn.com/110000-inspection/pc1_mneqPdYBw_1.jpg!m_fill,w_280,h_210,f_jpg?from=ke.com
20230507,昌平,回龙观,101114927802,北京人家 低楼层三居室 位置好产权清晰,626万,53056元/平,中楼层 (共5层) | 2004年建 | 3室1厅 | 117.99平米 | 南 北,https://ke-image.ljcdn.com/110000-inspection/pc1_Mk8RqUNZh_1.jpg!m_fill,w_280,h_210,f_jpg?from=ke.com
20230507,昌平,回龙观,101114923558,龙跃苑三区 商品房满五唯一 无遮挡 采光棒5+6跃层,590万,39027元/平,高楼层 (共6层) | 2005年建 | 3室2厅 | 151.18平米 | 南 北,https://ke-image.ljcdn.com/110000-inspection/pc1_SpJHiXzPK.jpg!m_fill,w_280,h_210,f_jpg?from=ke.com
20230507,昌平,回龙观,101114917372,龙城花园W区 三层 南北通透 前后无遮挡 采光充足.,816万,42609元/平,中楼层 (共4层) | 1997年建 | 4室2厅 | 191.51平米 | 南 北,https://ke-image.ljcdn.com/110000-inspection/pc1_dat1s8dmI.jpg!m_fill,w_280,h_210,f_jpg?from=ke.com
20230507,昌平,回龙观,101114907369,西2号院 南向 精装修  满五唯一,500万,76139元/平,顶层 (共34层) | 2016年建 | 1室1厅 | 65.67平米 | 南,https://ke-image.ljcdn.com/110000-inspection/db290bfd-6b93-491b-88bb-f4acd8422bcc_1000.jpg!m_fill,w_280,h_210,f_jpg?from=ke.com
20230507,昌平,回龙观,101114903021,满五年唯一商品房 电梯房 诚意出售 视野开阔,560万,66802元/平,中楼层 (共22层) | 2010年建 | 2室1厅 | 83.83平米 | 南 北,https://ke-image.ljcdn.com/110000-inspection/f0d88237-5103-422c-be04-580190ad35ad_1000.jpg!m_fill,w_280,h_210,f_jpg?from=ke.com
20230507,昌平,回龙观,101114900791,二类满五唯一高楼层采光好 业主诚意出售,635万,68177元/平,中楼层 (共28层) 2室1厅 | 93.14平米 | 南 北,https://ke-image.ljcdn.com/110000-inspection/pc1_wjyN5ok6T_1.jpg!m_fill,w_280,h_210,f_jpg?from=ke.com
20230507,昌平,回龙观,101114884149,龙跃苑四区  商满五唯一   二层大两居,530万,58622元/平,低楼层 (共6层) | 2005年建 | 2室1厅 | 90.41平米 | 南 北,https://ke-image.ljcdn.com/110000-inspection/e18aa9f3-705c-45a0-8918-385fe90058fb_1000.jpg!m_fill,w_280,h_210,f_jpg?from=ke.com
20230507,昌平,回龙观,101114874326,满五年唯一 商品房 中间层 双卧客厅朝南,530万,49733元/平,中楼层 (共6层) | 1997年建 | 3室2厅 | 106.57平米 | 南 北,https://ke-image.ljcdn.com/110000-inspection/pc1_EMq0Vh81q_1.jpg!m_fill,w_280,h_210,f_jpg?from=ke.com
20230507,昌平,回龙观,101114861346,南北通透三居室交通便利户型方正小区中间位置房主自荐,640万,44875元/平,中楼层 (共6层) | 2004年建 | 3室1厅 | 142.62平米 | 南 北,https://ke-image.ljcdn.com/110000-inspection/b704aeed-e4f4-4b41-addb-e661c2beb10a_1000.jpg!m_fill,w_280,h_210,f_jpg?from=ke.com
20230507,昌平,回龙观,101114846641,和谐家园二区 3室1厅 南 北,640万,51551元/平,低楼层 (共6层) | 2006年建 | 3室1厅 | 124.15平米 | 南 北,https://ke-image.ljcdn.com/110000-inspection/8c330aba-5760-4b74-9f03-ad85a23de0d2_1000.jpg!m_fill,w_280,h_210,f_jpg?from=ke.com
20230507,昌平,回龙观,101114813452,4层、三居2卫、满五年唯一、小区中间、看房随时、急售,613万,44171元/平,中楼层 (共6层) | 2005年建 | 3室2厅 | 138.78平米 | 南 北,https://ke-image.ljcdn.com/110000-inspection/eae741de-894f-41c7-91c2-ee27e4e52875_1000.jpg!m_fill,w_280,h_210,f_jpg?from=ke.com
20230507,昌平,回龙观,101114810259,低楼层单价少配套成熟业主诚意出售。房主自荐,469万,48692元/平,中楼层 (共6层) | 2000年建 | 2室1厅 | 96.32平米 | 南 北,https://ke-image.ljcdn.com/110000-inspection/a81cb1cb-e549-468c-983c-71517d7cd3dc_1000.jpg!m_fill,w_280,h_210,f_jpg?from=ke.com
20230507,昌平,回龙观,101114809186,商圈配套很齐全出行方便商圈配套齐全光线好,700万,47177元/平,中楼层 (共5层) | 2003年建 | 3室1厅 | 148.38平米 | 南 北,https://ke-image.ljcdn.com/110000-inspection/pc1_nGpOgiAas.jpg!m_fill,w_280,h_210,f_jpg?from=ke.com
20230507,昌平,回龙观,101114808361,矩阵二期+电梯两居+南北通透+精装修,535万,59392元/平,低楼层 (共12层) | 2005年建 | 2室1厅 | 90.08平米 | 南 北,https://ke-image.ljcdn.com/110000-inspection/pc1_XpMy3MKPj.jpg!m_fill,w_280,h_210,f_jpg?from=ke.com
20230507,昌平,回龙观,101114800069,龙城大面宽三向阳平层+南北通透,900万,46995元/平,顶层 (共4层) | 1997年建 | 3室2厅 | 191.51平米 | 南 北,https://ke-image.ljcdn.com/110000-inspection/pc1_kzFEnvksg.jpg!m_fill,w_280,h_210,f_jpg?from=ke.com
20230507,昌平,回龙观,101114797008,精装修2层大复式空间利用高近公园适合两代人,820万,36727元/平,高楼层 (共7层) | 2003年建 | 5室2厅 | 223.27平米 | 南 北,https://ke-image.ljcdn.com/110000-inspection/c0d47114-5821-489a-8b7f-6808b840647a_1000.jpg!m_fill,w_280,h_210,f_jpg?from=ke.com
20230507,昌平,回龙观,101114795859,融泽嘉园中路1号院中间楼层全明格局三居室,698万,63943元/平,低楼层 (共34层) | 2014年建 | 3室1厅 | 109.16平米 | 南 北,https://ke-image.ljcdn.com/110000-inspection/c412e2c4-b51d-4158-9eea-c4937dfb0e8e_1000.jpg!m_fill,w_280,h_210,f_jpg?from=ke.com
20230507,昌平,回龙观,101114785645,满五唯一配合转商 中高楼层视野好 业主诚心出售,559万,63559元/平,高楼层 (共22层) | 2016年建 | 2室1厅 | 87.95平米 | 南,https://ke-image.ljcdn.com/110000-inspection/pc1_21hjKP2nd.jpg!m_fill,w_280,h_210,f_jpg?from=ke.com
20230507,昌平,回龙观,101114783572,首开国风美唐二期~不临街~四居室~南北通透格局好房主自荐,1200万,84764元/平,底层 (共9层) | 2015年建 | 4室2厅 | 141.57平米 | 南 北,https://ke-image.ljcdn.com/110000-inspection/5243807b-3226-4004-8cc9-3e896a3670c8_1000.jpg!m_fill,w_280,h_210,f_jpg?from=ke.com
20230507,昌平,回龙观,101114779931,京*发展公园悦府 客厅面宽5米 南北通 精装修拎包入住,950万,83524元/平,低楼层 (共27层) 3室2厅 | 113.74平米 | 南 北,https://ke-image.ljcdn.com/110000-inspection/a1d11ab7-5783-4c39-83bc-4ca25d5d3506_1000.jpg!m_fill,w_280,h_210,f_jpg?from=ke.com
20230507,昌平,回龙观,101114773298,急售 南北通透两居室 中间楼层 有钥匙随时可看,496万,53721元/平,中楼层 (共6层) | 2005年建 | 2室1厅 | 92.33平米 | 南 北,https://ke-image.ljcdn.com/110000-inspection/pc1_rRkMHvxTt.jpg!m_fill,w_280,h_210,f_jpg?from=ke.com
20230507,昌平,回龙观,101114751617,首开国风美唐一期两居室南北通透高楼层,829万,90384元/平,顶层 (共11层) | 2012年建 | 3室1厅 | 91.72平米 | 南 北,https://ke-image.ljcdn.com/110000-inspection/dcc1f7dd-4a8e-42f4-9f10-d599a89991d8_1000.jpg!m_fill,w_280,h_210,f_jpg?from=ke.com
20230507,昌平,回龙观,101114740738,店经理推荐自住精装修落地飘窗南北通透,680万,71197元/平,低楼层 (共18层) | 2016年建 | 2室1厅 | 95.51平米 | 南 北,https://ke-image.ljcdn.com/110000-inspection/fc400374-81c8-404a-88ea-8789ab2e068c_1000.jpg!m_fill,w_280,h_210,f_jpg?from=ke.com
20230507,昌平,回龙观,101114726327,首开国风美唐二期精装带电梯东西两居,541万,66186元/平,顶层 (共21层) | 2015年建 | 2室1厅 | 81.74平米 | 东 西,https://ke-image.ljcdn.com/110000-inspection/a03d2860-cfac-45e6-9548-88bafe9aa19d_1000.jpg!m_fill,w_280,h_210,f_jpg?from=ke.com
20230507,昌平,回龙观,101114725420,融泽嘉园三期西二路2号院中间楼层南北通透两居室,600万,68650元/平,中楼层 (共34层) | 2016年建 | 2室1厅 | 87.4平米 | 南 北,https://ke-image.ljcdn.com/110000-inspection/pc1_fax6Ltkw8.jpg!m_fill,w_280,h_210,f_jpg?from=ke.com
20230507,昌平,回龙观,101114696887,东村家园南北通透2居前后双阳台满五年唯一,320万,43920元/平,地下室 (共7层) | 2005年建 | 2室1厅 | 72.86平米 | 南 北,https://ke-image.ljcdn.com/110000-inspection/b9fd5065-aea3-41af-893a-c0532dcec5ca_1000.jpg!m_fill,w_280,h_210,f_jpg?from=ke.com
20230507,昌平,回龙观,101114692416,回龙园公园和地铁站旁边中间楼层两居室房主自荐,503万,52731元/平,中楼层 (共7层) | 2000年建 | 2室2厅 | 95.39平米 | 南 北,https://ke-image.ljcdn.com/110000-inspection/pc1_Sn87n97D2.jpg!m_fill,w_280,h_210,f_jpg?from=ke.com
20230507,昌平,回龙观,101114685965,东南向两居室业主随时可以签约看房方便。,626万,68408元/平,中楼层 (共11层) | 2016年建 | 2室2厅 | 91.51平米 | 东南,https://ke-image.ljcdn.com/110000-inspection/6d73396c-90b3-4431-8544-3b96af57af10_1000.jpg!m_fill,w_280,h_210,f_jpg?from=ke.com
20230507,昌平,回龙观,101114674662,和谐家园二区 商品房 落地窗 诚心出售,560万,44658元/平,顶层 (共6层) | 2006年建 | 3室1厅 | 125.4平米 | 南 北,https://ke-image.ljcdn.com/110000-inspection/b19ec9f6-993b-4e68-a278-03224ebc03a6_1000.jpg!m_fill,w_280,h_210,f_jpg?from=ke.com
20230507,昌平,回龙观,101114669776,龙锦苑四区5+6层大复式商品房诚心出售,680万,36200元/平,高楼层 (共6层) | 2003年建 | 5室1厅 | 187.85平米 | 南 北,https://ke-image.ljcdn.com/110000-inspection/03c7e3ea-055d-4d26-bc32-a7c9be3d8296_1000.jpg!m_fill,w_280,h_210,f_jpg?from=ke.com
20230507,昌平,回龙观,101114668652,云趣园一区商品房眼镜户型三居室南北通透,530万,43522元/平,顶层 (共6层) 3室2厅 | 121.78平米 | 南 北,https://ke-image.ljcdn.com/110000-inspection/pc1_l6EurqU5h.jpg!m_fill,w_280,h_210,f_jpg?from=ke.com
20230507,昌平,回龙观,101114661033,1层、30万装修、采光很好、完成地暖、小区中间、自住,610万,51034元/平,底层 (共6层) | 2005年建 | 3室1厅 | 119.53平米 | 南 北,https://ke-image.ljcdn.com/110000-inspection/23fe86f3-007d-412f-8792-8af0da7d11a5_1000.jpg!m_fill,w_280,h_210,f_jpg?from=ke.com
20230507,昌平,回龙观,101114660737,满两年房主自住看房方便诚意出售。,599万,73255元/平,高楼层 (共31层) | 2016年建 | 2室1厅 | 81.77平米 | 南,https://ke-image.ljcdn.com/110000-inspection/pc1_C55FIO5ym_1.jpg!m_fill,w_280,h_210,f_jpg?from=ke.com
20230507,昌平,回龙观,101114658642,龙泽苑东区G组团大跃层  小区中间 视野宽阔 电梯直达,980万,54557元/平,顶层 (共11层) | 2005年建 | 4室3厅 | 179.63平米 | 东 南 北,https://ke-image.ljcdn.com/110000-inspection/pc1_ulTqZZoUG_1.jpg!m_fill,w_280,h_210,f_jpg?from=ke.com
20230507,昌平,回龙观,101114651831,龙跃苑东二区南北通透三居室 低楼层 精装修,666万,53507元/平,低楼层 (共6层) | 2007年建 | 3室1厅 | 124.47平米 | 南 北,https://ke-image.ljcdn.com/110000-inspection/44cadee0-34fd-4ba3-b3c4-281e49023d82_1000.jpg!m_fill,w_280,h_210,f_jpg?from=ke.com
20230507,昌平,回龙观,101114649430,二类满五唯一看房方便采光好 业主诚意出售,440万,70198元/平,低楼层 (共33层) | 2014年建 | 1室1厅 | 62.68平米 | 南,https://ke-image.ljcdn.com/110000-inspection/pc1_5bAft4dgT.jpg!m_fill,w_280,h_210,f_jpg?from=ke.com
20230507,昌平,回龙观,101114647555,北京人家商品房 满五年唯一适合置换采光好！,609万,51104元/平,高楼层 (共6层) | 2004年建 | 3室2厅 | 119.17平米 | 南 北,https://ke-image.ljcdn.com/110000-inspection/pc1_zeXW5BiCB.jpg!m_fill,w_280,h_210,f_jpg?from=ke.com
20230507,昌平,回龙观,101114626911,楼层好视野开阔集中供暖配套设施齐全交通便利,310万,74288元/平,中楼层 (共7层) | 2005年建 | 1室0厅 | 41.73平米 | 东,https://ke-image.ljcdn.com/110000-inspection/pc1_p4CNqqySp_1.jpg!m_fill,w_280,h_210,f_jpg?from=ke.com
20230507,昌平,回龙观,101114618531,京*发展公园悦府 满二年 只有1%契税 诚心出售房主自荐,749万,85944元/平,底层 (共27层) | 2018年建 | 2室2厅 | 87.15平米 | 西南,https://ke-image.ljcdn.com/110000-inspection/08046bf9-7b94-4628-bd23-c7258369ec91_1000.jpg!m_fill,w_280,h_210,f_jpg?from=ke.com
20230507,昌平,回龙观,101114611991,万科物业 满五唯一 次顶层精装修 业主自住 视野宽阔,600万,66380元/平,高楼层 (共28层) | 2012年建 | 2室1厅 | 90.39平米 | 南,https://ke-image.ljcdn.com/110000-inspection/pc1_p13VLGEYB.jpg!m_fill,w_280,h_210,f_jpg?from=ke.com
20230507,昌平,回龙观,101114610627,良庄家园南北通透两居室业主诚意出售价格可聊,456万,56936元/平,中楼层 (共6层) | 2004年建 | 2室1厅 | 80.09平米 | 南 北,https://ke-image.ljcdn.com/110000-inspection/631f4077-acc9-4a9b-ae97-dc3a1771c7e9_1000.jpg!m_fill,w_280,h_210,f_jpg?from=ke.com
20230507,昌平,回龙观,101114608876,新上中间层两居业主诚心出售。,499万,48865元/平,中楼层 (共6层) | 2003年建 | 2室1厅 | 102.12平米 | 南 北,https://ke-image.ljcdn.com/110000-inspection/pc1_T4xHpisbN_1.jpg!m_fill,w_280,h_210,f_jpg?from=ke.com
20230507,昌平,回龙观,101114601378,二层精装修看房方便随时签约靠谱出售,439万,61640元/平,低楼层 (共6层) | 1995年建 | 2室1厅 | 71.22平米 | 南 北,https://ke-image.ljcdn.com/110000-inspection/pc1_sE53IUxdn.jpg!m_fill,w_280,h_210,f_jpg?from=ke.com
20230507,昌平,回龙观,101114598330,商品房满五唯一拎包入住坐拥美景值得拥有,550万,63009元/平,低楼层 (共28层) | 2014年建 | 2室1厅 | 87.29平米 | 南,https://ke-image.ljcdn.com/110000-inspection/pc1_GOoY6b2z4_1.jpg!m_fill,w_280,h_210,f_jpg?from=ke.com
20230507,昌平,回龙观,101114595245,金域华府一期满五年唯一住房户型方正靠谱出售。,630万,70266元/平,中楼层 (共28层) | 2012年建 | 2室1厅 | 89.66平米 | 南 北,https://ke-image.ljcdn.com/110000-inspection/94f4edde-98a7-47e9-a402-dad5a18b55ce_1000.jpg!m_fill,w_280,h_210,f_jpg?from=ke.com
20230507,昌平,回龙观,101114587457,龙回苑小区南北通透两居室地铁300米房主自荐,442万,50085元/平,高楼层 (共6层) | 2004年建 | 2室1厅 | 88.25平米 | 南 北,https://ke-image.ljcdn.com/110000-inspection/pc1_kRo1Arztn.jpg!m_fill,w_280,h_210,f_jpg?from=ke.com
20230507,昌平,回龙观,101114581221,首开国风美唐二期客厅朝南业主诚心出售房主自荐,538万,71382元/平,低楼层 (共18层) | 2015年建 | 2室1厅 | 75.37平米 | 南,https://ke-image.ljcdn.com/110000-inspection/0e981b0e-c36d-4f6b-90e0-f5cbc904dc4f_1000.jpg!m_fill,w_280,h_210,f_jpg?from=ke.com
20230507,昌平,回龙观,101114570884,南北通透没有遮挡采光很好视野很好带装修,576万,44250元/平,中楼层 (共7层) | 2000年建 | 3室1厅 | 130.17平米 | 南 北,https://ke-image.ljcdn.com/110000-inspection/pc1_jpu3ZYmG9.jpg!m_fill,w_280,h_210,f_jpg?from=ke.com
20230507,昌平,回龙观,101114558349,龙旗广场 商品房一居室 靠谱出售房主自荐,405万,66656元/平,底层 (共28层) | 2010年建 | 1室1厅 | 60.76平米 | 东南,https://ke-image.ljcdn.com/110000-inspection/pc1_je4U0TMK3_1.jpg!m_fill,w_280,h_210,f_jpg?from=ke.com
20230507,昌平,回龙观,101114556667,商品房  小区中间位置 中高楼层视野好  随时签约,555万,63364元/平,中楼层 (共28层) | 2014年建 | 2室1厅 | 87.59平米 | 南 北,https://ke-image.ljcdn.com/110000-inspection/pc1_XkxcsPxp0_1.jpg!m_fill,w_280,h_210,f_jpg?from=ke.com
20230507,昌平,回龙观,101114551290,低密度小区环境适宜出行方便,519万,53638元/平,高楼层 (共7层) | 1999年建 | 2室1厅 | 96.76平米 | 南 北,https://ke-image.ljcdn.com/110000-inspection/pc1_dlW322grL_1.jpg!m_fill,w_280,h_210,f_jpg?from=ke.com
20230507,昌平,回龙观,101114535877,领秀慧谷A区 商品房 带电梯精装修,505万,62385元/平,低楼层 (共11层) | 2011年建 | 2室1厅 | 80.95平米 | 南,https://ke-image.ljcdn.com/110000-inspection/pc1_lkqI3FUJJ.jpg!m_fill,w_280,h_210,f_jpg?from=ke.com
20230507,昌平,回龙观,101114530036,首开国风美唐朗观 满五年唯一 不临街,655万,78964元/平,高楼层 (共15层) | 2015年建 | 2室1厅 | 82.95平米 | 西 南,https://ke-image.ljcdn.com/110000-inspection/cc950d1a-89d2-4e3a-ad92-010400c3fc0e_1000.jpg!m_fill,w_280,h_210,f_jpg?from=ke.com
20230507,昌平,回龙观,101114526643,融泽嘉园南北通透两居室 业主诚意出售,533万,54825元/平,低楼层 (共28层) | 2014年建 | 2室1厅 | 97.22平米 | 南 北,https://ke-image.ljcdn.com/110000-inspection/pc1_bK958czqm_1.jpg!m_fill,w_280,h_210,f_jpg?from=ke.com
20230507,昌平,回龙观,101114495504,矩阵一期纯商品房三居好户型看房方便,449万,53099元/平,顶层 (共6层) 3室1厅 | 84.56平米 | 东 西,https://ke-image.ljcdn.com/110000-inspection/e21ca8ae-f8a2-4691-b7a0-abef17e43e70_1000.jpg!m_fill,w_280,h_210,f_jpg?from=ke.com
20230507,昌平,回龙观,101114478771,不临街不把边一梯2户南北通透  小区中间,555万,55662元/平,低楼层 (共6层) | 2004年建 | 2室1厅 | 99.71平米 | 南 北,https://ke-image.ljcdn.com/110000-inspection/d8780a4e-8796-46bb-9536-46683cc158a9_1000.jpg!m_fill,w_280,h_210,f_jpg?from=ke.com
20230507,昌平,回龙观,101114455330,满五唯一 高楼层视野好 看房方便 随时签约,560万,66525元/平,顶层 (共31层) | 2016年建 | 2室1厅 | 84.18平米 | 南 北,https://ke-image.ljcdn.com/110000-inspection/d4129d33-32bc-4d56-bcb3-db483571ddd4_1000.jpg!m_fill,w_280,h_210,f_jpg?from=ke.com
20230507,昌平,回龙观,101114451459,龙回苑三居室南北通透落地窗,545万,47077元/平,中楼层 (共7层) | 2004年建 | 3室1厅 | 115.77平米 | 南 北,https://ke-image.ljcdn.com/110000-inspection/pc1_gnF4kghoO.jpg!m_fill,w_280,h_210,f_jpg?from=ke.com
20230507,昌平,回龙观,101114438875,小区人车分流视野开阔  交通便利,850万,42498元/平,底层 (共10层) | 2003年建 | 3室1厅 | 200.01平米 | 南 西 北,https://ke-image.ljcdn.com/110000-inspection/pc1_wwGNiYjAO_1.jpg!m_fill,w_280,h_210,f_jpg?from=ke.com
20230507,昌平,回龙观,101114418155,流星花园三区电梯洋房花园式居住体验,788万,56190元/平,底层 (共6层) 3室1厅 | 140.24平米 | 南 北,https://ke-image.ljcdn.com/110000-inspection/087d8539-6032-454b-b4c0-351c0b9c2dea_1000.jpg!m_fill,w_280,h_210,f_jpg?from=ke.com
20230507,昌平,回龙观,101114400919,中楼层商满五唯一三居两卫朝南双阳台,630万,48033元/平,高楼层 (共6层) | 2004年建 | 3室1厅 | 131.16平米 | 南 北,https://ke-image.ljcdn.com/110000-inspection/pc1_x83uNkqNP.jpg!m_fill,w_280,h_210,f_jpg?from=ke.com
20230507,昌平,回龙观,101114394869,融泽嘉园西二号院南北通透两居室,580万,66408元/平,低楼层 (共34层) | 2016年建 | 2室1厅 | 87.34平米 | 南 北,https://ke-image.ljcdn.com/110000-inspection/pc1_PHCnbuTaV.jpg!m_fill,w_280,h_210,f_jpg?from=ke.com
20230507,昌平,回龙观,101114392684,北京人家佳园低楼层三居南北通透,630万,53268元/平,低楼层 (共6层) | 2002年建 | 3室2厅 | 118.27平米 | 北 南,https://ke-image.ljcdn.com/110000-inspection/pc1_pluMLO8WE.jpg!m_fill,w_280,h_210,f_jpg?from=ke.com
20230507,昌平,回龙观,101114391141,龙华园小区优质东西向3居室。,449万,53555元/平,高楼层 (共6层) | 1994年建 | 3室1厅 | 83.84平米 | 东 西,https://ke-image.ljcdn.com/110000-inspection/pc1_BAHK6VCKf.jpg!m_fill,w_280,h_210,f_jpg?from=ke.com
20230507,昌平,回龙观,101114306678,龙跃苑四区 1层 3居  南北通透,600万,50026元/平,底层 (共6层) 3室1厅 | 119.94平米 | 北 南,https://ke-image.ljcdn.com/110000-inspection/467e9f24-0028-4050-8468-fcca0a97b506_1000.jpg!m_fill,w_280,h_210,f_jpg?from=ke.com
20230507,昌平,回龙观,101114283404,中间楼层三居简装餐厅带窗户商品房,585万,49388元/平,中楼层 (共7层) | 2003年建 | 3室1厅 | 118.45平米 | 南 北,https://ke-image.ljcdn.com/110000-inspection/7fce0c0b-10b1-4228-8e46-bc72a01de9e6_1000.jpg!m_fill,w_280,h_210,f_jpg?from=ke.com
20230507,昌平,回龙观,101114257260,北京人家落地窗南北通透三居顶层房主自荐,480万,50421元/平,顶层 (共6层) | 2002年建 | 3室1厅 | 95.2平米 | 南 北,https://ke-image.ljcdn.com/110000-inspection/77bb4b00-3de5-4488-98a6-66e86092584a_1000.jpg!m_fill,w_280,h_210,f_jpg?from=ke.com
20230507,昌平,回龙观,101114232230,融泽嘉园西二号院南北两居室高楼层视野好满五唯一房主自荐,588万,68869元/平,高楼层 (共34层) | 2016年建 | 2室1厅 | 85.38平米 | 南 北,https://ke-image.ljcdn.com/110000-inspection/b505463d-6098-4dd5-a9cd-b11c3bfa7dd3_1000.jpg!m_fill,w_280,h_210,f_jpg?from=ke.com
20230507,昌平,回龙观,101114226432,满两年诚信出售随时可以签约,1200万,87842元/平,中楼层 (共27层) 3室2厅 | 136.61平米 | 南 北,https://ke-image.ljcdn.com/110000-inspection/d2b45f10-6916-4132-a2e7-e0d606241f71_1000.jpg!m_fill,w_280,h_210,f_jpg?from=ke.com
20230507,昌平,回龙观,101114218090,龙城花园W区  双卧+客厅朝南南北通透带4个阳台！,980万,51173元/平,顶层 (共4层) | 1997年建 | 3室3厅 | 191.51平米 | 南 北,https://ke-image.ljcdn.com/110000-inspection/28970844-dcf1-48b3-a9e7-c6e233558bae_1000.jpg!m_fill,w_280,h_210,f_jpg?from=ke.com
20230507,昌平,回龙观,101114166548,流星花园二区商品房满五年唯一2018年装修,550万,61937元/平,高楼层 (共6层) | 2003年建 | 2室1厅 | 88.8平米 | 南 北,https://ke-image.ljcdn.com/110000-inspection/acd228d4-e079-4026-880f-ed23f2aa9b1b_1000.jpg!m_fill,w_280,h_210,f_jpg?from=ke.com
20230507,昌平,回龙观,101114159864,龙跃苑东二区2008年社区落地飘窗客厅3.2米高,515万,51470元/平,顶层 (共6层) | 2007年建 | 2室1厅 | 100.06平米 | 南 北,https://ke-image.ljcdn.com/110000-inspection/9091267b-a5bf-4204-a466-4ec4cdeed45c_1000.jpg!m_fill,w_280,h_210,f_jpg?from=ke.com
20230507,昌平,回龙观,101114142851,融泽嘉园中路1号院   全南向两居室,545万,62436元/平,低楼层 (共28层) | 2014年建 | 2室1厅 | 87.29平米 | 南,https://ke-image.ljcdn.com/110000-inspection/pc1_n6gysxeNm_1.jpg!m_fill,w_280,h_210,f_jpg?from=ke.com
20230507,昌平,回龙观,101114142525,矩阵一期满五年唯一 低楼层南北通透 不临街,430万,62184元/平,低楼层 (共6层) 2室1厅 | 69.15平米 | 南 北,https://ke-image.ljcdn.com/110000-inspection/pc1_9YJxfUU7H_1.jpg!m_fill,w_280,h_210,f_jpg?from=ke.com
20230507,昌平,回龙观,101114140968,融泽嘉园中路6号院 位置好 采光充足,565万,65318元/平,低楼层 (共27层) | 2013年建 | 2室1厅 | 86.5平米 | 南,https://ke-image.ljcdn.com/110000-inspection/8d14a986-db09-410b-8e5a-ccd4f7085247_1000.jpg!m_fill,w_280,h_210,f_jpg?from=ke.com
20230507,昌平,回龙观,101114138880,田园风光雅苑南北通透格局视野好采光好满五年唯一房主自荐,585万,46793元/平,顶层 (共6层) | 2006年建 | 3室2厅 | 125.02平米 | 南 北,https://ke-image.ljcdn.com/110000-inspection/3a022d45-4366-4851-8746-6de3447f2260_1000.jpg!m_fill,w_280,h_210,f_jpg?from=ke.com
20230507,昌平,回龙观,101114099013,满五年唯一小区中间位置精装修,495万,48644元/平,顶层 (共6层) | 2005年建 | 3室1厅 | 101.76平米 | 南 北,https://ke-image.ljcdn.com/110000-inspection/pc1_pTctJxyFw.jpg!m_fill,w_280,h_210,f_jpg?from=ke.com
20230507,昌平,回龙观,101114088018,融泽嘉园2号院三居室南北通透户型方正房主自荐,720万,62910元/平,高楼层 (共34层) | 2014年建 | 3室2厅 | 114.45平米 | 南 北,https://ke-image.ljcdn.com/110000-inspection/pc1_9AglkFxDx.jpg!m_fill,w_280,h_210,f_jpg?from=ke.com
20230507,昌平,回龙观,101114077248,龙禧苑一区经典三居！仅契税！不临街不把边！中间楼层,535万,50924元/平,中楼层 (共7层) | 2003年建 | 3室1厅 | 105.06平米 | 南 北,https://ke-image.ljcdn.com/110000-inspection/fd9c7cc0-d0c8-4a4d-b6c6-15cd4536bd11_1000.jpg!m_fill,w_280,h_210,f_jpg?from=ke.com
20230507,昌平,回龙观,101114065910,云趣园一区 户型方正 南北通透 双卧室朝南,510万,49386元/平,中楼层 (共6层) | 2000年建 | 3室2厅 | 103.27平米 | 南 北,https://ke-image.ljcdn.com/110000-inspection/pc1_iVEa5PR8Z_1.jpg!m_fill,w_280,h_210,f_jpg?from=ke.com
20230507,昌平,回龙观,101114038068,龙回苑两居两卫 精装修 满五唯一 诚意出售方便看房房主自荐,555万,57082元/平,中楼层 (共7层) | 2004年建 | 2室1厅 | 97.23平米 | 南 北,https://ke-image.ljcdn.com/110000-inspection/259c00f9-d193-4fed-9e97-c9769e88fe47_1000.jpg!m_fill,w_280,h_210,f_jpg?from=ke.com
20230507,昌平,回龙观,101113989767,满五年唯一     随时签约  靠谱出售  底价能谈,505万,58207元/平,低楼层 (共18层) | 2014年建 | 2室1厅 | 86.76平米 | 南,https://ke-image.ljcdn.com/110000-inspection/pc1_xsvf0BfhN.jpg!m_fill,w_280,h_210,f_jpg?from=ke.com
20230507,昌平,回龙观,101113944576,龙跃苑一区5+6复式业主自住精装修使用面积大,750万,38895元/平,高楼层 (共6层) | 2003年建 | 5室2厅 | 192.83平米 | 南 北,https://ke-image.ljcdn.com/110000-inspection/d3bd4212-af30-47e0-9f16-e865e4f9ee64_1000.jpg!m_fill,w_280,h_210,f_jpg?from=ke.com
20230507,昌平,回龙观,101113936777,南北通透两居室近地铁精装修,476万,51555元/平,中楼层 (共6层) | 2000年建 | 2室1厅 | 92.33平米 | 南 北,https://ke-image.ljcdn.com/110000-inspection/f74174ff-5281-47c2-9c9e-e4e7d723dba1_1000.jpg!m_fill,w_280,h_210,f_jpg?from=ke.com
20230507,昌平,回龙观,101113911050,满五年唯一商品房  中间楼层位置好视野好房主自荐,555万,63963元/平,中楼层 (共18层) 2室1厅 | 86.77平米 | 南,https://ke-image.ljcdn.com/110000-inspection/389efe82-a6d7-44bd-a00a-bf443b8daefb_1000.jpg!m_fill,w_280,h_210,f_jpg?from=ke.com
20230507,昌平,回龙观,101113909849,融泽嘉园三期全天采光位置好,600万,68982元/平,低楼层 (共34层) | 2016年建 | 2室1厅 | 86.98平米 | 南,https://ke-image.ljcdn.com/110000-inspection/pc1_05YPMyxAT.jpg!m_fill,w_280,h_210,f_jpg?from=ke.com
20230507,昌平,回龙观,101113908849,金域华府三期高楼层视野好窗前即花园,670万,83813元/平,高楼层 (共28层) | 2015年建 | 2室1厅 | 79.94平米 | 南,https://ke-image.ljcdn.com/110000-inspection/pc1_w2sEIbcon_1.jpg!m_fill,w_280,h_210,f_jpg?from=ke.com
20230507,昌平,回龙观,101113887804,金域华府一期 大阳台一居室 诚心出售,468万,72671元/平,中楼层 (共24层) | 2012年建 | 1室1厅 | 64.4平米 | 南,https://ke-image.ljcdn.com/110000-inspection/pc1_wqHr3mi4P.jpg!m_fill,w_280,h_210,f_jpg?from=ke.com
20230507,昌平,回龙观,101113876654,商品房  满二年  随时签约  融泽嘉园中路2号院,435万,69401元/平,低楼层 (共34层) | 2014年建 | 1室1厅 | 62.68平米 | 南,https://ke-image.ljcdn.com/110000-inspection/pc1_2gn4NALpZ.jpg!m_fill,w_280,h_210,f_jpg?from=ke.com
20230507,昌平,回龙观,101113860277,天巢园带电梯三居交通便利视野采光很棒,570万,63411元/平,高楼层 (共22层) | 2010年建 | 3室1厅 | 89.89平米 | 南 北,https://ke-image.ljcdn.com/110000-inspection/pc1_Vc95Y1h5F_1.jpg!m_fill,w_280,h_210,f_jpg?from=ke.com
20230507,昌平,回龙观,101113835097,次顶层楼层好视野开阔采光充足,435万,61650元/平,高楼层 (共20层) | 2006年建 | 1室1厅 | 70.56平米 | 北,https://ke-image.ljcdn.com/110000-inspection/pc1_4OrWnIbQi_1.jpg!m_fill,w_280,h_210,f_jpg?from=ke.com
20230507,昌平,回龙观,101113828095,云趣园一区南北通透精装修两居室房主自荐,539万,57568元/平,低楼层 (共7层) 2室2厅 | 93.63平米 | 南 北,https://ke-image.ljcdn.com/110000-inspection/pc1_SZUEHwCFH_1.jpg!m_fill,w_280,h_210,f_jpg?from=ke.com
20230507,昌平,回龙观,101113813981,精装修落地窗采光视野好南向一居室,499万,70891元/平,低楼层 (共20层) | 2006年建 | 1室1厅 | 70.39平米 | 南,https://ke-image.ljcdn.com/110000-inspection/pc1_XH6mjmkAb_1.jpg!m_fill,w_280,h_210,f_jpg?from=ke.com
20230507,昌平,回龙观,101113785448,通达园小区通透一居室商品房满五年唯一房主自荐,408万,52898元/平,底层 (共7层) | 2001年建 | 1室1厅 | 77.13平米 | 东 西,https://ke-image.ljcdn.com/110000-inspection/865a0014-0ee1-4691-8cef-21ba4c55af73_1000.jpg!m_fill,w_280,h_210,f_jpg?from=ke.com
20230507,昌平,回龙观,101113755870,龙回苑东西通透两居室次顶层没有遮挡业主诚心出售房主自荐,440万,47191元/平,高楼层 (共6层) | 2004年建 | 2室1厅 | 93.24平米 | 东 西,https://ke-image.ljcdn.com/110000-inspection/pc1_6sHu4gNCa_1.jpg!m_fill,w_280,h_210,f_jpg?from=ke.com
20230507,昌平,回龙观,101113752583,融泽嘉园 全南向两居室 业主诚意出售,500万,57419元/平,底层 (共31层) | 2015年建 | 2室1厅 | 87.08平米 | 南,https://ke-image.ljcdn.com/110000-inspection/pc1_xkNGPGDd3.jpg!m_fill,w_280,h_210,f_jpg?from=ke.com
20230507,昌平,回龙观,101113719990,商品房满五唯一业主诚心出售精装修。房主自荐,308万,66682元/平,中楼层 (共4层) | 2004年建 | 1室1厅 | 46.19平米 | 东 南,https://ke-image.ljcdn.com/110000-inspection/pc1_caFmmLM0g_1.jpg!m_fill,w_280,h_210,f_jpg?from=ke.com
20230507,昌平,回龙观,101113690299,云趣园二区  平层大四居 双卧朝南 双卧朝北 中间楼层,880万,46734元/平,低楼层 (共6层) | 2000年建 | 4室2厅 | 188.3平米 | 南 北,https://ke-image.ljcdn.com/110000-inspection/pc1_hnwW7gUnC_1.jpg!m_fill,w_280,h_210,f_jpg?from=ke.com
20230507,昌平,回龙观,101113655974,南北通透中高楼层视野好16年小区 小区新两梯四户,699万,66987元/平,高楼层 (共34层) | 2016年建 | 3室1厅 | 104.35平米 | 南 北,https://ke-image.ljcdn.com/110000-inspection/9062ca96-563d-4130-9798-93e71b4fa4b8_1000.jpg!m_fill,w_280,h_210,f_jpg?from=ke.com
20230507,昌平,回龙观,101113516936,小区中间明厨明卫商满五唯一次顶层,600万,54011元/平,高楼层 (共6层) | 2003年建 | 3室1厅 | 111.09平米 | 北 南,https://ke-image.ljcdn.com/110000-inspection/1d7debed-b3fc-4e20-b25c-046e75f1da33_1000.jpg!m_fill,w_280,h_210,f_jpg?from=ke.com
20230507,昌平,回龙观,101113356605,2014年商品房社区 电梯房集中供暖 东向两居采光好,548万,66312元/平,中楼层 (共21层) | 2015年建 | 2室1厅 | 82.64平米 | 东,https://ke-image.ljcdn.com/110000-inspection/3cd260d4-b0ed-4c8a-9005-30f4c524766f_1000.jpg!m_fill,w_280,h_210,f_jpg?from=ke.com
20230507,昌平,回龙观,101113355551,首开国风美唐二期 精致装修 温馨舒适,530万,70320元/平,底层 (共18层) | 2015年建 | 2室1厅 | 75.37平米 | 南,https://ke-image.ljcdn.com/110000-inspection/bef114b3-51dc-41eb-babc-a990decd738a_1000.jpg!m_fill,w_280,h_210,f_jpg?from=ke.com
20230507,昌平,回龙观,101113349579,首开国风美唐朗观 户型方正  东向一居房主自荐,429万,70921元/平,低楼层 (共18层) | 2015年建 | 1室1厅 | 60.49平米 | 东,https://ke-image.ljcdn.com/110000-inspection/f5d38293-e248-44b2-bf76-9e90a848d1f6_1000.jpg!m_fill,w_280,h_210,f_jpg?from=ke.com
20230507,昌平,回龙观,101113327812,万科 南北通透 可以当三居室用 有独立衣帽间,610万,68119元/平,中楼层 (共28层) | 2012年建 | 2室1厅 | 89.55平米 | 南 北,https://ke-image.ljcdn.com/110000-inspection/pc1_HQKZImoEP_1.jpg!m_fill,w_280,h_210,f_jpg?from=ke.com
20230507,昌平,回龙观,101113260446,落地窗  商品房满五唯一  无遮挡  诚心出售房主自荐,600万,68066元/平,高楼层 (共30层) | 2016年建 | 2室1厅 | 88.15平米 | 南,https://ke-image.ljcdn.com/110000-inspection/pc1_4IlpYoGoN.jpg!m_fill,w_280,h_210,f_jpg?from=ke.com
20230507,昌平,回龙观,101113257143,商品房 满两年 小区中间位置 没有土地出让金,545万,62875元/平,低楼层 (共18层) | 2014年建 | 2室1厅 | 86.68平米 | 南,https://ke-image.ljcdn.com/110000-inspection/pc1_DBLWXhAil_1.jpg!m_fill,w_280,h_210,f_jpg?from=ke.com
20230507,昌平,回龙观,101113229571,满五唯一+地暖+南北通透三居室,638万,53390元/平,高楼层 (共6层) | 2004年建 | 3室2厅 | 119.5平米 | 南 北,https://ke-image.ljcdn.com/110000-inspection/pc1_EzV1cj2z3_1.jpg!m_fill,w_280,h_210,f_jpg?from=ke.com
20230507,昌平,回龙观,101113065890,总高11层一梯两户板楼带电梯小区正中间一排,645万,72269元/平,低楼层 (共11层) | 2014年建 | 2室2厅 | 89.25平米 | 南 北,https://ke-image.ljcdn.com/110000-inspection/bca88596-9254-4605-ab1e-8777d38e74ff_1000.jpg!m_fill,w_280,h_210,f_jpg?from=ke.com
20230507,昌平,回龙观,101113064322,龙锦苑四区 一层三居南北通透商品房满五年,569万,49530元/平,底层 (共6层) 3室1厅 | 114.88平米 | 南 北,https://ke-image.ljcdn.com/110000-inspection/0b6c42dd-a61e-4f55-a1b3-47b88e12754d_1000.jpg!m_fill,w_280,h_210,f_jpg?from=ke.com
20230507,昌平,回龙观,101113059651,美唐二期 经典四居 自住精装修 电梯集中供暖,1250万,88234元/平,高楼层 (共9层) | 2014年建 | 4室1厅 | 141.67平米 | 南 北,https://ke-image.ljcdn.com/110000-inspection/735eb43f-fbf4-4917-82c7-6bda959c60a3_1000.jpg!m_fill,w_280,h_210,f_jpg?from=ke.com
20230507,昌平,回龙观,101112994008,此房满五年唯一南北通透两居室,660万,70801元/平,底层 (共11层) | 2012年建 | 2室1厅 | 93.22平米 | 南 北,https://ke-image.ljcdn.com/110000-inspection/pc1_kJRj3h1Jr.jpg!m_fill,w_280,h_210,f_jpg?from=ke.com
20230507,昌平,回龙观,101112942614,金域华府一期 高楼层 南向 采光好,615万,69242元/平,中楼层 (共28层) | 2012年建 | 2室1厅 | 88.82平米 | 南,https://ke-image.ljcdn.com/110000-inspection/pc1_kdGewQ8Tb_1.jpg!m_fill,w_280,h_210,f_jpg?from=ke.com
20230507,昌平,回龙观,101112933516,龙华园二区商品房满五年唯一靠谱卖,458万,47704元/平,高楼层 (共6层) | 1994年建 | 3室2厅 | 96.01平米 | 东 南 西,https://ke-image.ljcdn.com/110000-inspection/pc1_xrgUbLD2h_1.jpg!m_fill,w_280,h_210,f_jpg?from=ke.com
20230507,昌平,回龙观,101112895127,京*发展公园悦府高楼层西南向二居二卫,633万,68448元/平,中楼层 (共11层) 2室2厅 | 92.48平米 | 西南,https://ke-image.ljcdn.com/110000-inspection/3241b534-323b-4380-8f8a-39051e229dc5_1000.jpg!m_fill,w_280,h_210,f_jpg?from=ke.com
20230507,昌平,回龙观,101112878839,龙博苑三区南向正规一居满五年唯一中间楼层,405万,68633元/平,中楼层 (共6层) | 2005年建 | 1室1厅 | 59.01平米 | 南,https://ke-image.ljcdn.com/110000-inspection/pc1_iJ2hunus0_1.jpg!m_fill,w_280,h_210,f_jpg?from=ke.com
20230507,昌平,回龙观,101112677825,龙华园小区靠谱出售三居室南北通透,510万,46263元/平,底层 (共7层) | 1996年建 | 3室2厅 | 110.24平米 | 南 北,https://ke-image.ljcdn.com/110000-inspection/pc1_YraCUZmsO.jpg!m_fill,w_280,h_210,f_jpg?from=ke.com
20230507,昌平,回龙观,101112601569,骊龙园  商品房社区 环境好 落地窗 采光好,680万,50948元/平,中楼层 (共6层) | 2005年建 | 3室2厅 | 133.47平米 | 南 北,https://ke-image.ljcdn.com/110000-inspection/pc1_H5E6yo3ui_1.jpg!m_fill,w_280,h_210,f_jpg?from=ke.com
20230507,昌平,回龙观,101112576031,融泽嘉园1号院中间楼层诚心出售,535万,61081元/平,中楼层 (共28层) | 2014年建 | 2室1厅 | 87.59平米 | 南,https://ke-image.ljcdn.com/110000-inspection/92143c3a-727b-4135-89ce-49b96904c16c_1000.jpg!m_fill,w_280,h_210,f_jpg?from=ke.com
20230507,昌平,回龙观,101112548725,南北通透的大三居商品房 板楼一层房主自荐,750万,51122元/平,底层 (共5层) | 2003年建 | 3室2厅 | 146.71平米 | 南 北,https://ke-image.ljcdn.com/110000-inspection/pc1_LzCJNazHu_1.jpg!m_fill,w_280,h_210,f_jpg?from=ke.com
20230507,昌平,回龙观,101112494251,商品房两居室中间楼层经典南北通透户型房主自荐,400万,55859元/平,中楼层 (共6层) | 2000年建 | 2室1厅 | 71.61平米 | 南 北,https://ke-image.ljcdn.com/110000-inspection/pc1_rlljpa1IK_1.jpg!m_fill,w_280,h_210,f_jpg?from=ke.com
20230507,昌平,回龙观,101112456960,精装修 商品房 采光通风效果好 无遮挡,580万,56028元/平,中楼层 (共6层) | 2005年建 | 3室1厅 | 103.52平米 | 南 北,https://ke-image.ljcdn.com/110000-inspection/ede2e690-b799-4bf0-a0cb-13b99529f8ca_1000.jpg!m_fill,w_280,h_210,f_jpg?from=ke.com
20230507,昌平,回龙观,101112420467,【天龙苑】昌平区回龙观三居室,485万,60777元/平,底层 (共6层) 3室1厅 | 79.8平米 | 南 北,https://ke-image.ljcdn.com/110000-inspection/7328155c-729d-4d48-b20a-323a075acf36_1000.jpg!m_fill,w_280,h_210,f_jpg?from=ke.com
20230507,昌平,回龙观,101112419481,满五年唯一小区中间业主换房诚售地暖社区,570万,45994元/平,高楼层 (共6层) | 2006年建 | 3室1厅 | 123.93平米 | 南 北,https://ke-image.ljcdn.com/110000-inspection/pc1_0eTIEcNDG.jpg!m_fill,w_280,h_210,f_jpg?from=ke.com
20230507,昌平,回龙观,101112401848,流星花园三区  低层板楼中间层  百万精装  大三居房主自荐,815万,56574元/平,中楼层 (共5层) | 2004年建 | 3室1厅 | 144.06平米 | 南 北,https://ke-image.ljcdn.com/110000-inspection/10feeb5f-e588-417f-8e72-f561764729ae_1000.jpg!m_fill,w_280,h_210,f_jpg?from=ke.com
20230507,昌平,回龙观,101112183727,精装修大四居近公园近地铁小区中间房主自荐,660万,47113元/平,中楼层 (共7层) | 2000年建 | 4室1厅 | 140.09平米 | 南 北,https://ke-image.ljcdn.com/110000-inspection/pc1_4pglxkOLS_1.jpg!m_fill,w_280,h_210,f_jpg?from=ke.com
20230507,昌平,回龙观,101112068091,5+6复式南北通透动静分离上下两层互不影响,836万,35745元/平,高楼层 (共6层) | 2003年建 | 6室2厅 | 233.88平米 | 南 北,https://ke-image.ljcdn.com/110000-inspection/3f43010e-95e7-458f-96bb-30432ca50697_1000.jpg!m_fill,w_280,h_210,f_jpg?from=ke.com
20230507,昌平,回龙观,101111776025,龙城花园W区南北通透采光好视野佳房主自荐,1080万,56394元/平,顶层 (共4层) | 1997年建 | 4室2厅 | 191.51平米 | 南 北,https://ke-image.ljcdn.com/110000-inspection/87c30123-ecb0-4af0-8ee8-f70901188309_1000.jpg!m_fill,w_280,h_210,f_jpg?from=ke.com
20230507,昌平,回龙观,101111453251,天慧园 二层  南北通透 中间位置 宜居房主自荐,470万,53703元/平,低楼层 (共7层) 2室2厅 | 87.52平米 | 南 北,https://ke-image.ljcdn.com/110000-inspection/pc1_ysTtI1DE6_1.jpg!m_fill,w_280,h_210,f_jpg?from=ke.com
20230507,昌平,回龙观,101111121856,店经理推荐 龙跃苑东五区 小区中间位置 全明格局,530万,41713元/平,顶层 (共5层) | 2007年建 | 3室1厅 | 127.06平米 | 南 北,https://ke-image.ljcdn.com/110000-inspection/73e10593-e686-4ddc-a6b2-bfb7fe2c208e_1000.jpg!m_fill,w_280,h_210,f_jpg?from=ke.com
20230507,昌平,回龙观,101111099805,金域华府二期  全明格局  三居室   精装修,1330万,87836元/平,低楼层 (共13层) | 2014年建 | 3室2厅 | 151.42平米 | 南 北,https://ke-image.ljcdn.com/110000-inspection/pc1_FvcvY1o0M_1.jpg!m_fill,w_280,h_210,f_jpg?from=ke.com
20230507,昌平,回龙观,101111024164,和谐家园一区落地双阳台采光超棒,530万,53272元/平,顶层 (共6层) | 2006年建 | 2室1厅 | 99.49平米 | 南 北,https://ke-image.ljcdn.com/110000-inspection/38a9a672-e2f3-41f9-bb93-4216573c6ba5_1000.jpg!m_fill,w_280,h_210,f_jpg?from=ke.com
20230507,昌平,回龙观,101110908972,龙禧苑二区 4+5层平顶复式 上下两层 南北通透房主自荐,938万,40124元/平,中楼层 (共5层) | 2004年建 | 5室3厅 | 233.78平米 | 南 北,https://ke-image.ljcdn.com/110000-inspection/pc1_XP5rintW1_1.jpg!m_fill,w_280,h_210,f_jpg?from=ke.com
20230507,昌平,回龙观,101110785822,满五年家庭一套  精装修 小区中间位置 格局方正房主自荐,570万,51823元/平,高楼层 (共6层) | 1997年建 | 3室2厅 | 109.99平米 | 南 北,https://ke-image.ljcdn.com/110000-inspection/pc1_oyNGKsY1u_1.jpg!m_fill,w_280,h_210,f_jpg?from=ke.com
20230507,昌平,回龙观,101110744570,南北通透格局楼层好视野宽阔采光充足房主自荐,673万,93969元/平,顶层 (共9层) | 2012年建 | 3室1厅 | 71.62平米 | 南 北,https://ke-image.ljcdn.com/110000-inspection/7f7b5865-c302-458b-9c92-ee50d2dd19da_1000.jpg!m_fill,w_280,h_210,f_jpg?from=ke.com
20230507,昌平,回龙观,101110702229,昌平区回龙观东大街矩阵一期满五唯一,530万,44874元/平,顶层 (共6层) | 2002年建 | 3室2厅 | 118.11平米 | 南 北,https://ke-image.ljcdn.com/110000-inspection/pc1_1mFQkCGJ4_1.jpg!m_fill,w_280,h_210,f_jpg?from=ke.com
20230507,昌平,回龙观,101110676474,风雅园三区5跃6大复式户型方正视野开阔采光充足,645万,35442元/平,高楼层 (共6层) 4室2厅 | 181.99平米 | 南 北,https://ke-image.ljcdn.com/110000-inspection/pc1_YXarU5idH_1.jpg!m_fill,w_280,h_210,f_jpg?from=ke.com
20230507,昌平,回龙观,101110648212,商品房三层楼前无遮挡视野开阔。,565万,53132元/平,中楼层 (共6层) | 2000年建 | 3室1厅 | 106.34平米 | 南 北,https://ke-image.ljcdn.com/110000-inspection/pc1_qq3ZD3lAS_1.jpg!m_fill,w_280,h_210,f_jpg?from=ke.com
20230507,昌平,回龙观,101110403560,已转商 双明卫设计 中间层采光好,505万,39312元/平,中楼层 (共6层) | 2008年建 | 3室1厅 | 128.46平米 | 东 南 北,https://ke-image.ljcdn.com/110000-inspection/pc1_oaREHAIwf_1.jpg!m_fill,w_280,h_210,f_jpg?from=ke.com
20230507,昌平,回龙观,101109219484,龙华园小区自如装修。满五唯一南北通透,410万,50825元/平,顶层 (共6层) | 1995年建 | 2室1厅 | 80.67平米 | 南 北,https://ke-image.ljcdn.com/110000-inspection/pc1_9bSRfgww5_1.jpg!m_fill,w_280,h_210,f_jpg?from=ke.com
20230507,昌平,回龙观,101106685508,龙锦苑六区南北通透两居不临街不把边满五家庭无其他房房主自荐,458万,54479元/平,中楼层 (共6层) | 2003年建 | 2室1厅 | 84.07平米 | 南 北,https://ke-image.ljcdn.com/110000-inspection/pc1_8dGSRqBD5_1.jpg!m_fill,w_280,h_210,f_jpg?from=ke.com
20230507,昌平,回龙观,101106606053,南北通透全明格局精装修中高楼层采光很棒,920万,78640元/平,中楼层 (共28层) | 2014年建 | 3室1厅 | 116.99平米 | 南 北,https://ke-image.ljcdn.com/110000-inspection/02b0652f-2646-4b5c-b9c8-7ff7490a3106_1000.jpg!m_fill,w_280,h_210,f_jpg?from=ke.com
20230507,昌平,回龙观,101105087029,南北通透 商品房精装拎包入住价格能看房方便。,574万,39804元/平,高楼层 (共6层) | 2005年建 | 3室1厅 | 144.21平米 | 南 北,https://ke-image.ljcdn.com/110000-inspection/prod-1e485749-c3f0-4bac-a334-a50948fca995.jpg!m_fill,w_280,h_210,f_jpg?from=ke.com
20230507,昌平,回龙观,101101420072,全明格局  南北通透    商品房满五年房主自荐,560万,43943元/平,顶层 (共6层) | 2005年建 | 3室1厅 | 127.44平米 | 南 北,https://ke-image.ljcdn.com/110000-inspection/c3069240-9b53-487f-8a42-c4970531d397_1000.jpg!m_fill,w_280,h_210,f_jpg?from=ke.com
20230507,昌平,回龙观,101119156842,云趣园二区  中间层四居室   商品房    诚意出售新上,758万,40255元/平,中楼层 (共6层) | 2000年建 | 4室2厅 | 188.3平米 | 南 北,https://ke-image.ljcdn.com/110000-inspection/pc1_jmiKUswX5.jpg!m_fill,w_280,h_210,f_jpg?from=ke.com
20230507,昌平,回龙观,101119152576,流星花园三区 9层 精装修 小两居新上,439万,73782元/平,高楼层 (共11层) | 2006年建 | 2室1厅 | 59.5平米 | 西 北,https://ke-image.ljcdn.com/110000-inspection/pc1_rhZ4m8D5w.jpg!m_fill,w_280,h_210,f_jpg?from=ke.com
20230507,昌平,回龙观,101119145712,满五唯一 精装自住 A1户型 中间楼层视野开阔 一梯两户新上,629万,64993元/平,中楼层 (共11层) | 2007年建 | 2室1厅 | 96.78平米 | 南 北,https://ke-image.ljcdn.com/110000-inspection/pc1_b8LkGIXaW.jpg!m_fill,w_280,h_210,f_jpg?from=ke.com
20230507,昌平,回龙观,101119144418,拎包住次新房+全南两居+户型方正+婚房装修+商满五唯一新上,530万,61117元/平,低楼层 (共27层) | 2013年建 | 2室1厅 | 86.72平米 | 南,https://ke-image.ljcdn.com/110000-inspection/pc1_O8wfSmxPU_1.jpg!m_fill,w_280,h_210,f_jpg?from=ke.com
20230507,昌平,回龙观,101119143779,融泽嘉园中路1号院精装修商品房新上,700万,63475元/平,中楼层 (共33层) 3室1厅 | 110.28平米 | 南 北,https://ke-image.ljcdn.com/110000-inspection/pc1_KcoYx02IG_1.jpg!m_fill,w_280,h_210,f_jpg?from=ke.com
20230507,昌平,回龙观,101119134085,首开国风美唐二期 双卧朝南  商品房三居 欢迎品鉴新上,625万,67335元/平,低楼层 (共21层) | 2015年建 | 3室1厅 | 92.82平米 | 南 北,https://ke-image.ljcdn.com/110000-inspection/22877c51-9b1f-4767-b779-bb5a57a22dc5_1000.jpg!m_fill,w_280,h_210,f_jpg?from=ke.com
20230507,昌平,回龙观,101119129067,万科金域华府 小区中间位置很安静 楼间距大采光好新上,690万,80542元/平,底层 (共28层) | 2012年建 | 2室1厅 | 85.67平米 | 南,https://ke-image.ljcdn.com/110000-inspection/pc1_Ri2iYe28C_1.jpg!m_fill,w_280,h_210,f_jpg?from=ke.com
20230507,昌平,回龙观,101119128818,骊龙园 3室1厅 南 北新上,689万,53628元/平,高楼层 (共6层) | 2005年建 | 3室1厅 | 128.48平米 | 南 北,https://ke-image.ljcdn.com/110000-inspection/pc1_XSz5p9EO1.jpg!m_fill,w_280,h_210,f_jpg?from=ke.com
20230507,昌平,回龙观,101119126768,三面采光中间楼层视野开阔前后无遮挡商满五唯一新上,545万,44119元/平,中楼层 (共7层) 3室1厅 | 123.53平米 | 南 西 北,https://ke-image.ljcdn.com/110000-inspection/7406421f-5000-4830-8280-122cd24bc1b3_1000.jpg!m_fill,w_280,h_210,f_jpg?from=ke.com
20230507,昌平,回龙观,101119122595,挑空大复式 小区中间视野好 商品房 南北通透五居三卫新上,550万,30967元/平,高楼层 (共7层) | 2000年建 | 5室3厅 | 177.61平米 | 南 北,https://ke-image.ljcdn.com/110000-inspection/55910a6d-3b03-4c28-b3d4-88ea4ff212b1_1000.jpg!m_fill,w_280,h_210,f_jpg?from=ke.com
20230507,昌平,回龙观,101119122594,云趣园一区  新登记  满五年唯一  仅契税新上,467万,49335元/平,高楼层 (共6层) 2室1厅 | 94.66平米 | 南 北,https://ke-image.ljcdn.com/110000-inspection/d5f31507-6a6d-4db6-9556-bc2669d730a9_1000.jpg!m_fill,w_280,h_210,f_jpg?from=ke.com
20230507,昌平,回龙观,101119118020,京投发展公园悦府一区 2居2卫 中高层  满五唯一新上,608万,64102元/平,中楼层 (共22层) 2室2厅 | 94.85平米 | 南 北,https://ke-image.ljcdn.com/110000-inspection/3f3def23-0ac0-4702-b8e6-9b1c415458c4_1000.jpg!m_fill,w_280,h_210,f_jpg?from=ke.com
20230507,昌平,回龙观,101119115236,新龙城 1室0厅 北新上,335万,72121元/平,高楼层 (共20层) | 2007年建 | 1室0厅 | 46.45平米 | 北,https://ke-image.ljcdn.com/110000-inspection/pc1_0izLIKEoe.jpg!m_fill,w_280,h_210,f_jpg?from=ke.com
20230507,昌平,回龙观,101119115154,流星花园一区 4室3厅 南 北新上,1499万,56473元/平,底层 (共3层) | 2003年建 | 4室3厅 | 265.44平米 | 南 北,https://ke-image.ljcdn.com/110000-inspection/609db8fa-3976-4f6c-b1a9-7f8691c59def_1000.jpg!m_fill,w_280,h_210,f_jpg?from=ke.com
20230507,昌平,回龙观,101119113505,首开国风美唐二期 2室1厅 东南新上,625万,75584元/平,中楼层 (共18层) | 2015年建 | 2室1厅 | 82.69平米 | 东南,https://ke-image.ljcdn.com/110000-inspection/16a76ded-d2f2-469f-b1ee-1df2f841ef43_1000.jpg!m_fill,w_280,h_210,f_jpg?from=ke.com
20230507,昌平,回龙观,101119113230,首开国风美唐二期 中间层 精装修 南向采光好新上,660万,76222元/平,中楼层 (共18层) | 2015年建 | 2室1厅 | 86.59平米 | 南,https://ke-image.ljcdn.com/110000-inspection/f1cbfb8a-99ee-4a5e-9058-64888f294618_1000.jpg!m_fill,w_280,h_210,f_jpg?from=ke.com
20230507,昌平,回龙观,101119113210,首开国风美唐二期 高楼层 不临街 南北通透三居 采光好新上,688万,74808元/平,高楼层 (共20层) | 2015年建 | 3室1厅 | 91.97平米 | 南 北,https://ke-image.ljcdn.com/110000-inspection/pc1_AoZeMbv5G.jpg!m_fill,w_280,h_210,f_jpg?from=ke.com
20230507,昌平,回龙观,101119107951,商品房满五唯一首套只有契税一层带院。新上,368万,79671元/平,底层 (共4层) 1室1厅 | 46.19平米 | 南,https://ke-image.ljcdn.com/110000-inspection/pc1_52V0aYPrU.jpg!m_fill,w_280,h_210,f_jpg?from=ke.com
20230507,昌平,回龙观,101119105614,金域华府二期 20万精装修 正对小区花园新上,665万,83564元/平,高楼层 (共28层) 2室1厅 | 79.58平米 | 南,https://ke-image.ljcdn.com/110000-inspection/b941f74c-9b56-4037-8124-0f2e7ba732e4_1000.jpg!m_fill,w_280,h_210,f_jpg?from=ke.com
20230507,昌平,回龙观,101119103626,龙禧苑五区 3室2厅 南 北新上,539万,40182元/平,高楼层 (共7层) | 2003年建 | 3室2厅 | 134.14平米 | 南 北,https://ke-image.ljcdn.com/110000-inspection/pc1_kv6K7oxAZ.jpg!m_fill,w_280,h_210,f_jpg?from=ke.com
20230507,昌平,回龙观,101119102765,小区中间位置 中高楼层 满五唯一 自住装修保持好新上,618万,67043元/平,高楼层 (共18层) | 2014年建 | 2室1厅 | 92.18平米 | 南 北,https://ke-image.ljcdn.com/110000-inspection/528dbc20-3cb1-48f8-a10e-88bcde488f2c_1000.jpg!m_fill,w_280,h_210,f_jpg?from=ke.com
20230507,昌平,回龙观,101119096980,融泽嘉园南北通透两居室 户型方正 采光好新上,510万,55195元/平,底层 (共28层) | 2014年建 | 2室1厅 | 92.4平米 | 南 北,https://ke-image.ljcdn.com/110000-inspection/pc1_IdFcUFjLG.jpg!m_fill,w_280,h_210,f_jpg?from=ke.com
20230507,昌平,回龙观,101119091223,龙博苑三区中间位置中间层位置好新上,465万,57872元/平,中楼层 (共6层) | 2004年建 | 2室1厅 | 80.35平米 | 南 北,https://ke-image.ljcdn.com/110000-inspection/pc1_ppST5mtiB.jpg!m_fill,w_280,h_210,f_jpg?from=ke.com
20230507,昌平,回龙观,101119089958,万龙社区 2室1厅 南 北新上,360万,58328元/平,顶层 (共4层) | 1992年建 | 2室1厅 | 61.72平米 | 南 北,https://ke-image.ljcdn.com/110000-inspection/pc1_bKCzCbys5.jpg!m_fill,w_280,h_210,f_jpg?from=ke.com
20230507,昌平,回龙观,101119088023,龙邸小区叠拼 带电梯 4居室 采光好 诚心出售新上,1350万,57333元/平,高楼层 (共6层) | 2007年建 | 4室2厅 | 235.47平米 | 南 北,https://ke-image.ljcdn.com/110000-inspection/pc1_9UopHCiiJ.jpg!m_fill,w_280,h_210,f_jpg?from=ke.com
20230507,昌平,回龙观,101119083874,万科 南北通透 方正两居 自住精装两居 看房随时新上,605万,67208元/平,高楼层 (共24层) | 2012年建 | 2室1厅 | 90.02平米 | 南 北,https://ke-image.ljcdn.com/110000-inspection/pc1_fAgxwqqgK_1.jpg!m_fill,w_280,h_210,f_jpg?from=ke.com
20230507,昌平,回龙观,101119072199,满五唯一 楼龄新采光无遮挡看房方便新上,508万,57905元/平,底层 (共31层) | 2016年建 | 2室1厅 | 87.73平米 | 南,https://ke-image.ljcdn.com/110000-inspection/pc1_bf12J1Buc.jpg!m_fill,w_280,h_210,f_jpg?from=ke.com
20230507,昌平,回龙观,101119066963,龙回苑三居两卫精装南北通透采光好位置佳满五唯一新上,598万,46913元/平,中楼层 (共7层) | 2004年建 | 3室1厅 | 127.47平米 | 南 北,https://ke-image.ljcdn.com/110000-inspection/1f1ea336-8769-4623-beba-e58d6e7f8483_1000.jpg!m_fill,w_280,h_210,f_jpg?from=ke.com
20230507,昌平,回龙观,101119060562,商品房满五唯一！楼层好！位置好不临街不把边！！新上,565万,47720元/平,高楼层 (共6层) | 2006年建 | 3室1厅 | 118.4平米 | 南 北,https://ke-image.ljcdn.com/110000-inspection/d8290847-ae85-4437-846e-004fd3704877_1000.jpg!m_fill,w_280,h_210,f_jpg?from=ke.com
20230507,昌平,回龙观,101119028718,融泽嘉园东一路6号院 3室0厅 南,592万,67503元/平,中楼层 (共34层) | 2015年建 | 3室0厅 | 87.7平米 | 南,https://ke-image.ljcdn.com/110000-inspection/65be04e7-dd46-4c0b-9afb-b45189cf9d3b_1000.jpg!m_fill,w_280,h_210,f_jpg?from=ke.com
20230507,昌平,回龙观,101119019026,金达园小区 南北朝向 户型方正采光好 业主诚意出售,408万,49335元/平,高楼层 (共6层) | 1998年建 | 2室1厅 | 82.7平米 | 南 北,https://ke-image.ljcdn.com/110000-inspection/pc1_dRsBADggE.jpg!m_fill,w_280,h_210,f_jpg?from=ke.com
20230507,昌平,回龙观,101119015034,融泽嘉园中路6号院 2室1厅 南 北,629万,68251元/平,低楼层 (共27层) | 2013年建 | 2室1厅 | 92.16平米 | 南 北,https://ke-image.ljcdn.com/110000-inspection/pc1_8ycXERh6R.jpg!m_fill,w_280,h_210,f_jpg?from=ke.com
20230507,昌平,回龙观,101119009358,龙兴园南区满五唯一复式 采光视野好 诚意出售,628万,38471元/平,高楼层 (共7层) | 1999年建 | 5室1厅 | 163.24平米 | 南 北,https://ke-image.ljcdn.com/110000-inspection/pc1_Oy8rgX9Lg_1.jpg!m_fill,w_280,h_210,f_jpg?from=ke.com
20230507,昌平,回龙观,101119007833,融泽嘉园中路12号院 满五年唯一 落地窗 无遮挡采光好房主自荐,538万,66240元/平,低楼层 (共31层) | 2014年建 | 2室1厅 | 81.22平米 | 南,https://ke-image.ljcdn.com/110000-inspection/8a24d5cb-fc01-42fb-92a4-e7d24c524dc5_1000.jpg!m_fill,w_280,h_210,f_jpg?from=ke.com
20230507,昌平,回龙观,101119002144,商品房满五唯一住宅 户型合理 采光没遮挡 楼层合适,690万,48541元/平,中楼层 (共6层) | 2005年建 | 3室1厅 | 142.15平米 | 南 北,https://ke-image.ljcdn.com/110000-inspection/pc1_rVUuoyeVd.jpg!m_fill,w_280,h_210,f_jpg?from=ke.com
20230507,昌平,回龙观,101118995142,首开国风美唐二期 2室1厅 南,666万,74240元/平,高楼层 (共19层) | 2014年建 | 2室1厅 | 89.71平米 | 南,https://ke-image.ljcdn.com/110000-inspection/775ddb47-9374-481a-b8d3-078dee3e8a0e_1000.jpg!m_fill,w_280,h_210,f_jpg?from=ke.com
20230507,昌平,回龙观,101118981185,风雅园三区南北通透精装修三居室满五年唯一小区中间,569万,44807元/平,中楼层 (共6层) | 2000年建 | 3室1厅 | 126.99平米 | 南 北,https://ke-image.ljcdn.com/110000-inspection/f153c36f-3d08-4594-96f7-c1184516d41a_1000.jpg!m_fill,w_280,h_210,f_jpg?from=ke.com
20230507,昌平,回龙观,101118979849,房子满五年唯一挑空复式户型,725万,33997元/平,高楼层 (共6层) 3室1厅 | 213.26平米 | 南 北,https://ke-image.ljcdn.com/110000-inspection/7be5cf18-de5e-4ab6-9b80-6d41118c8e04_1000.jpg!m_fill,w_280,h_210,f_jpg?from=ke.com
20230507,昌平,回龙观,101118974764,京投发展公园悦府一区高楼层视野好位置好带车位,569万,69842元/平,高楼层 (共25层) | 2015年建 | 2室2厅 | 81.47平米 | 南,https://ke-image.ljcdn.com/110000-inspection/8dd4d08e-efe2-4ec0-8eeb-ee8769446910_1000.jpg!m_fill,w_280,h_210,f_jpg?from=ke.com
20230507,昌平,回龙观,101118974490,龙跃苑东二区 落地窗 精装修  采光好,530万,52795元/平,底层 (共6层) 2室1厅 | 100.39平米 | 南 北,https://ke-image.ljcdn.com/110000-inspection/145459c2-8c4c-41bb-892f-5a94aedf23d9_1000.jpg!m_fill,w_280,h_210,f_jpg?from=ke.com
20230507,昌平,回龙观,101118974131,首开国风美唐三期 客观奥森公园 南北通透 满五唯一,680万,75481元/平,顶层 (共20层) | 2016年建 | 3室1厅 | 90.09平米 | 南 北,https://ke-image.ljcdn.com/110000-inspection/e1d440e5-b6a9-4194-9702-25ee71bf36e3_1000.jpg!m_fill,w_280,h_210,f_jpg?from=ke.com
20230507,昌平,回龙观,101118973968,全明格局采光足三层不临街满五唯一自住精装修房主自荐,455万,68002元/平,中楼层 (共6层) | 1995年建 | 2室1厅 | 66.91平米 | 西南,https://ke-image.ljcdn.com/110000-inspection/pc1_qKpvAV1Hm.jpg!m_fill,w_280,h_210,f_jpg?from=ke.com
20230507,昌平,回龙观,101118967865,龙跃三小区中间位置中间楼层满五唯一报价房主自荐,535万,50221元/平,中楼层 (共6层) | 2005年建 | 2室1厅 | 106.53平米 | 南 北,https://ke-image.ljcdn.com/110000-inspection/0478e329-620b-4c3e-8f19-7a77d437228a_1000.jpg!m_fill,w_280,h_210,f_jpg?from=ke.com
20230507,昌平,回龙观,101118960451,十二号院落地窗采光好无遮挡前后花园房主自荐,550万,63212元/平,高楼层 (共31层) | 2015年建 | 2室1厅 | 87.01平米 | 南,https://ke-image.ljcdn.com/110000-inspection/pc1_c8tQL1w9N.jpg!m_fill,w_280,h_210,f_jpg?from=ke.com
20230507,昌平,回龙观,101118959346,风雅园二区三阳开泰眼睛户型中楼层临公园房主自荐,535万,43738元/平,中楼层 (共5层) | 2000年建 | 3室2厅 | 122.32平米 | 东 南,https://ke-image.ljcdn.com/110000-inspection/051c4279-7569-44e9-876c-9b1635041934_1000.jpg!m_fill,w_280,h_210,f_jpg?from=ke.com
20230507,昌平,回龙观,101118955617,近地铁 双卧朝南 中间位置 户型方正 采光好 视野好,476万,45669元/平,顶层 (共6层) | 2000年建 | 3室2厅 | 104.23平米 | 南 北,https://ke-image.ljcdn.com/110000-inspection/df916232-2be6-4ee2-bcec-84cc2ddf8340_1000.jpg!m_fill,w_280,h_210,f_jpg?from=ke.com
20230507,昌平,回龙观,101118951858,矩阵一期南北通透双卧朝南集中供暖商五唯一,413万,62378元/平,高楼层 (共6层) | 1996年建 | 2室1厅 | 66.21平米 | 南 北,https://ke-image.ljcdn.com/110000-inspection/pc1_P4PACi3ZM.jpg!m_fill,w_280,h_210,f_jpg?from=ke.com
20230507,昌平,回龙观,101118948100,龙跃苑东四区 近双规地铁 三居两卫,640万,50549元/平,低楼层 (共6层) | 2007年建 | 3室1厅 | 126.61平米 | 南 北,https://ke-image.ljcdn.com/110000-inspection/27f4510d-bb22-4277-90f9-e8160f1d4799_1000.jpg!m_fill,w_280,h_210,f_jpg?from=ke.com
20230507,昌平,回龙观,101118948045,矩阵二期 1室1厅 西北,353万,65565元/平,中楼层 (共12层) | 2004年建 | 1室1厅 | 53.84平米 | 西北,https://ke-image.ljcdn.com/110000-inspection/57df058e-ee1c-4d99-ba5f-ee7410c68888_1000.jpg!m_fill,w_280,h_210,f_jpg?from=ke.com
20230507,昌平,回龙观,101118947709,龙跃苑东五区 不临街不把边中间层自住精装修,534万,54860元/平,中楼层 (共5层) | 2007年建 | 2室1厅 | 97.34平米 | 南 北,https://ke-image.ljcdn.com/110000-inspection/0ccb62e1-0c9c-4637-9ff3-7468177f0bac_1000.jpg!m_fill,w_280,h_210,f_jpg?from=ke.com
20230507,昌平,回龙观,101118944927,美唐二期 方正三居 小区中间 婚房精装  卫生间带窗户,818万,83743元/平,低楼层 (共20层) | 2015年建 | 3室1厅 | 97.68平米 | 南 北,https://ke-image.ljcdn.com/110000-inspection/86214c8f-71fb-4409-af20-bc71e3c45208_1000.jpg!m_fill,w_280,h_210,f_jpg?from=ke.com
20230507,昌平,回龙观,101118944311,北郊农场家属院两居室中间楼层房主自荐,413万,51748元/平,中楼层 (共6层) | 1995年建 | 2室1厅 | 79.81平米 | 南 北,https://ke-image.ljcdn.com/110000-inspection/585cb702-fc6e-4765-b4cb-9d0b9775b30f_1000.jpg!m_fill,w_280,h_210,f_jpg?from=ke.com
20230507,昌平,回龙观,101118943915,龙泽苑西区C组团 不临街两居两卫  满五年唯一房主自荐,603万,60805元/平,中楼层 (共7层) | 2001年建 | 2室1厅 | 99.17平米 | 南 北,https://ke-image.ljcdn.com/110000-inspection/pc1_Cw3vljRNK.jpg!m_fill,w_280,h_210,f_jpg?from=ke.com
20230507,昌平,回龙观,101118943848,金域华府二期万科物业 南北通透 中楼层更安静,735万,80522元/平,低楼层 (共28层) | 2014年建 | 2室1厅 | 91.28平米 | 南 北,https://ke-image.ljcdn.com/110000-inspection/7a05f649-1c90-4392-9db5-4eb96fd006fd_1000.jpg!m_fill,w_280,h_210,f_jpg?from=ke.com
20230507,昌平,回龙观,101118940353,万润家园 3室1厅 南 西,780万,40413元/平,底层 (共12层) | 2003年建 | 3室1厅 | 193.01平米 | 南 西,https://ke-image.ljcdn.com/110000-inspection/pc1_h5nQsbYtc.jpg!m_fill,w_280,h_210,f_jpg?from=ke.com
20230507,昌平,回龙观,101118936386,龙华园中层两居三阳台户型只有契税业主诚心卖,416万,57120元/平,高楼层 (共6层) 2室1厅 | 72.83平米 | 南 北,https://ke-image.ljcdn.com/110000-inspection/pc1_HkN2otBOM.jpg!m_fill,w_280,h_210,f_jpg?from=ke.com
20230507,昌平,回龙观,101118931856,商品房满五年唯一一层格局方正主卧客厅朝南,660万,54299元/平,底层 (共6层) | 2003年建 | 3室1厅 | 121.55平米 | 南 北,https://ke-image.ljcdn.com/110000-inspection/pc1_17cNJubPM_1.jpg!m_fill,w_280,h_210,f_jpg?from=ke.com
20230507,昌平,回龙观,101118926868,和谐家园一区满五年唯一南北通透随时看房,510万,54430元/平,中楼层 (共6层) | 2006年建 | 2室1厅 | 93.7平米 | 南 北,https://ke-image.ljcdn.com/110000-inspection/cdcf3b3a-c3a1-40a4-9c99-be6ad70b2daa_1000.jpg!m_fill,w_280,h_210,f_jpg?from=ke.com
20230507,昌平,回龙观,101118926414,户型好 位置合适 适合老人小孩居住 布局合理,420万,69433元/平,底层 (共18层) | 2015年建 | 1室1厅 | 60.49平米 | 东,https://ke-image.ljcdn.com/110000-inspection/da4d199e-9dfa-480a-b96b-9b20680a0874_1000.jpg!m_fill,w_280,h_210,f_jpg?from=ke.com
20230507,昌平,回龙观,101118920786,融泽嘉园东一路6号院    南北通透,610万,68756元/平,中楼层 (共24层) 2室1厅 | 88.72平米 | 南 北,https://ke-image.ljcdn.com/110000-inspection/0522ceee-3ecd-4753-87d2-33da88ed2ff4_1000.jpg!m_fill,w_280,h_210,f_jpg?from=ke.com
20230507,昌平,回龙观,101118915358,新龙城 满五唯一 明厨明卫 落地窗,560万,57319元/平,中楼层 (共8层) | 2006年建 | 2室1厅 | 97.7平米 | 东 西,https://ke-image.ljcdn.com/110000-inspection/pc1_XjLXu10bE_1.jpg!m_fill,w_280,h_210,f_jpg?from=ke.com
20230507,昌平,回龙观,101118908462,龙锦苑六区 6+7大跃层 商满五唯一 南北通透 精装修,678万,35567元/平,高楼层 (共7层) | 2003年建 | 5室2厅 | 190.63平米 | 南 北,https://ke-image.ljcdn.com/110000-inspection/481ed6df-fd9d-4508-8f3f-8d5a006ca62e_1000.jpg!m_fill,w_280,h_210,f_jpg?from=ke.com
20230507,昌平,回龙观,101118907728,商品房满五唯一+双卧朝南两居+高楼层+无遮挡+视野开阔,592万,67334元/平,中楼层 (共25层) 2室1厅 | 87.92平米 | 南,https://ke-image.ljcdn.com/110000-inspection/pc1_qN8IbPeot.jpg!m_fill,w_280,h_210,f_jpg?from=ke.com
20230507,昌平,回龙观,101118905124,金域华府一期 1室1厅 南,470万,74663元/平,高楼层 (共28层) | 2012年建 | 1室1厅 | 62.95平米 | 南,https://ke-image.ljcdn.com/110000-inspection/pc1_62uo8zlUi.jpg!m_fill,w_280,h_210,f_jpg?from=ke.com
20230507,昌平,回龙观,101118904671,万润家园 满五年唯一 诚心出售,778万,55691元/平,低楼层 (共9层) 3室2厅 | 139.7平米 | 南 北 西,https://ke-image.ljcdn.com/110000-inspection/pc1_8LoeCpyXX.jpg!m_fill,w_280,h_210,f_jpg?from=ke.com
20230507,昌平,回龙观,101118903947,小区中间位置中间楼层正南正北,525万,49482元/平,中楼层 (共7层) | 2000年建 | 3室2厅 | 106.1平米 | 南 北,https://ke-image.ljcdn.com/110000-inspection/pc1_I0f8alCaT.jpg!m_fill,w_280,h_210,f_jpg?from=ke.com
20230507,昌平,回龙观,101118901785,采光好 无遮挡 4+5复式 诚意出售,550万,37898元/平,中楼层 (共5层) | 2000年建 | 3室2厅 | 145.13平米 | 南 北,https://ke-image.ljcdn.com/110000-inspection/pc1_qoc1yjHqk.jpg!m_fill,w_280,h_210,f_jpg?from=ke.com
20230507,昌平,回龙观,101118898039,龙跃苑二区  满五唯一 南北通透,538万,37992元/平,高楼层 (共6层) 3室1厅 | 141.61平米 | 南 北,https://ke-image.ljcdn.com/110000-inspection/a9fb20d8-1ec7-46da-af4d-54b435631668_1000.jpg!m_fill,w_280,h_210,f_jpg?from=ke.com
20230507,昌平,回龙观,101118888913,满五唯一！自住装修！南北双通透！中间楼层！,499万,53261元/平,中楼层 (共6层) | 2006年建 | 2室1厅 | 93.69平米 | 南 北,https://ke-image.ljcdn.com/110000-inspection/pc1_0jhNGm5Fm.jpg!m_fill,w_280,h_210,f_jpg?from=ke.com
20230507,昌平,回龙观,101118875508,电梯次新房+回龙观新区+全南两居+满五唯一房主自荐,540万,61651元/平,高楼层 (共28层) | 2014年建 | 2室1厅 | 87.59平米 | 南,https://ke-image.ljcdn.com/110000-inspection/1fff15e1-1b59-4a09-9029-e959dab95d78_1000.jpg!m_fill,w_280,h_210,f_jpg?from=ke.com
20230507,昌平,回龙观,101118874814,龙锦苑二区四层全明格局三居室房主自荐,555万,44436元/平,中楼层 (共6层) | 2005年建 | 3室1厅 | 124.9平米 | 南 北,https://ke-image.ljcdn.com/110000-inspection/836f4794-94f7-46ad-b5fe-b62732cb11de_1000.jpg!m_fill,w_280,h_210,f_jpg?from=ke.com
20230507,昌平,回龙观,101118873928,龙华园中间层小两居适合刚需客户商品房满五唯一,365万,55354元/平,中楼层 (共7层) | 1996年建 | 2室1厅 | 65.94平米 | 南 北,https://ke-image.ljcdn.com/110000-inspection/pc1_LmK7mfueH.jpg!m_fill,w_280,h_210,f_jpg?from=ke.com
20230507,昌平,回龙观,101118871456,龙锦苑四区 7室2厅 南 北,1158万,42143元/平,高楼层 (共6层) | 2004年建 | 7室2厅 | 274.78平米 | 南 北,https://ke-image.ljcdn.com/110000-inspection/1dc632be-8d9e-43a7-a779-71030c862d35_1000.jpg!m_fill,w_280,h_210,f_jpg?from=ke.com
20230507,昌平,回龙观,101118862299,龙锦苑二区南北通透两居室方便看房,459万,44926元/平,顶层 (共6层) | 2005年建 | 2室1厅 | 102.17平米 | 南 北,https://ke-image.ljcdn.com/110000-inspection/1cbf077b-f5bc-4e61-b73f-d26b295b1be6_1000.jpg!m_fill,w_280,h_210,f_jpg?from=ke.com
20230507,昌平,回龙观,101118860766,龙兴园北区南北通透两居诚心出售自住装修,420万,49204元/平,顶层 (共6层) | 2000年建 | 2室2厅 | 85.36平米 | 南 北,https://ke-image.ljcdn.com/110000-inspection/pc1_0BYeWLts8_1.jpg!m_fill,w_280,h_210,f_jpg?from=ke.com
20230507,昌平,回龙观,101118859150,京投发展公园悦府一区自住精装修全明格局S5+1,635万,67647元/平,高楼层 (共22层) 2室2厅 | 93.87平米 | 东 南 北,https://ke-image.ljcdn.com/110000-inspection/94727a79-c5cc-4bd4-b09a-97970937a379_1000.jpg!m_fill,w_280,h_210,f_jpg?from=ke.com
20230507,昌平,回龙观,101118853945,龙腾苑四区 大复式 钢混结构 诚心出售,750万,34649元/平,高楼层 (共7层) | 2003年建 | 5室2厅 | 216.46平米 | 南 北,https://ke-image.ljcdn.com/110000-inspection/pc1_jM4Dizaa6.jpg!m_fill,w_280,h_210,f_jpg?from=ke.com
20230507,昌平,回龙观,101118847913,天露园二区 3室2厅 南 北,531万,41234元/平,高楼层 (共6层) 3室2厅 | 128.78平米 | 南 北,https://ke-image.ljcdn.com/110000-inspection/062b6f7d-ae19-4456-9fb2-10356252b740_1000.jpg!m_fill,w_280,h_210,f_jpg?from=ke.com
20230507,昌平,回龙观,101118832712,有电梯 周期可给 价格可谈 出行方便 仅契税 不临街,679万,52669元/平,低楼层 (共6层) | 2003年建 | 3室1厅 | 128.92平米 | 南 北,https://ke-image.ljcdn.com/110000-inspection/pc1_fjcRclfTl.jpg!m_fill,w_280,h_210,f_jpg?from=ke.com
20230507,昌平,回龙观,101118826344,慧华苑通透两居双卧朝南满五年唯一,377万,52544元/平,顶层 (共6层) 2室1厅 | 71.75平米 | 南 北,https://ke-image.ljcdn.com/110000-inspection/pc1_w5bzAMZNL.jpg!m_fill,w_280,h_210,f_jpg?from=ke.com
20230507,昌平,回龙观,101118820802,平西府地铁站400米+不临街+南北通透+商满五唯一,516万,52148元/平,底层 (共6层) | 2005年建 | 2室1厅 | 98.95平米 | 南 北,https://ke-image.ljcdn.com/110000-inspection/38fc9ea7-d398-4677-862b-d665f285b6fc_1000.jpg!m_fill,w_280,h_210,f_jpg?from=ke.com
20230507,昌平,回龙观,101118800525,5层  精装 首套贷285万  小区中间不临街  做了外保温,606万,43692元/平,高楼层 (共6层) | 2005年建 | 3室1厅 | 138.7平米 | 南 北,https://ke-image.ljcdn.com/110000-inspection/4d7d2130-3935-40b9-8892-c61cbb2e2431_1000.jpg!m_fill,w_280,h_210,f_jpg?from=ke.com
20230507,昌平,回龙观,101118781413,首开国风美唐三期 明厨明卫 景观楼层 南北通透,685万,75901元/平,高楼层 (共21层) | 2016年建 | 3室1厅 | 90.25平米 | 西 南 北,https://ke-image.ljcdn.com/110000-inspection/612f8758-d888-4d4c-b5c2-40559fa3ae8f_1000.jpg!m_fill,w_280,h_210,f_jpg?from=ke.com
20230507,昌平,回龙观,101118776766,精装修   无遮挡视野采光好    稳定签约,545万,48609元/平,中楼层 (共6层) 3室1厅 | 112.12平米 | 南 北,https://ke-image.ljcdn.com/110000-inspection/pc1_kR78c1ZSG.jpg!m_fill,w_280,h_210,f_jpg?from=ke.com
20230507,昌平,回龙观,101118773964,龙博苑一区三居室 南北通透户型 不临街,510万,50074元/平,高楼层 (共6层) | 2005年建 | 3室1厅 | 101.85平米 | 南 北,https://ke-image.ljcdn.com/110000-inspection/pc1_7buh0bqJr.jpg!m_fill,w_280,h_210,f_jpg?from=ke.com
20230507,昌平,回龙观,101118773351,满五年唯一   精装修    拎包入住,509万,58125元/平,底层 (共34层) | 2015年建 | 2室1厅 | 87.57平米 | 南,https://ke-image.ljcdn.com/110000-inspection/9876f5b0-91c2-4526-82cc-239bc1e67f0c_1000.jpg!m_fill,w_280,h_210,f_jpg?from=ke.com
20230507,昌平,回龙观,101118760045,北京人家婚房精装业主自住南北双通透视野好,480万,64918元/平,高楼层 (共6层) | 2005年建 | 2室1厅 | 73.94平米 | 南 北,https://ke-image.ljcdn.com/110000-inspection/5bca8f78-0956-4f05-b26f-0abae8933a0d_1000.jpg!m_fill,w_280,h_210,f_jpg?from=ke.com
20230507,昌平,回龙观,101118758452,南北通透5+6层小区中间位置房主自荐,590万,42428元/平,高楼层 (共6层) 3室2厅 | 139.06平米 | 南 北,https://ke-image.ljcdn.com/110000-inspection/faf33768-163e-4cf6-b16e-a2dafbb9fb77_1000.jpg!m_fill,w_280,h_210,f_jpg?from=ke.com
20230507,昌平,回龙观,101118756705,独栋别墅精装修满五唯一无抵押无户口大花园,2550万,75193元/平,底层 (共3层) 7室2厅 | 339.13平米 | 南 北,https://ke-image.ljcdn.com/110000-inspection/pc1_lo2ze6cP0.jpg!m_fill,w_280,h_210,f_jpg?from=ke.com
20230507,昌平,回龙观,101118756636,龙腾苑六区 3室1厅 南 北,626万,53505元/平,低楼层 (共6层) | 2002年建 | 3室1厅 | 117平米 | 南 北,https://ke-image.ljcdn.com/110000-inspection/pc1_bBBVVmeZE.jpg!m_fill,w_280,h_210,f_jpg?from=ke.com
20230507,昌平,回龙观,101118756076,商满五唯一！全明格局！落地窗阳台！不临街！,499万,39746元/平,顶层 (共6层) | 2005年建 | 3室1厅 | 125.55平米 | 南 北,https://ke-image.ljcdn.com/110000-inspection/6ebe4e33-7fdb-4bef-88d1-1443d0129ab3_1000.jpg!m_fill,w_280,h_210,f_jpg?from=ke.com
20230507,昌平,回龙观,101118754806,龙锦苑一区、3居2卫商品房、看房方便,495万,39342元/平,顶层 (共6层) | 2005年建 | 3室1厅 | 125.82平米 | 南 北,https://ke-image.ljcdn.com/110000-inspection/bb99c1cc-458b-46b8-8ec5-84466c5d7eaf_1000.jpg!m_fill,w_280,h_210,f_jpg?from=ke.com
20230507,昌平,回龙观,101118753753,龙泽苑西区电梯大三居 南北通透 13号线龙泽 满5年唯一,788万,54887元/平,低楼层 (共9层) 3室1厅 | 143.57平米 | 南 北,https://ke-image.ljcdn.com/110000-inspection/pc1_0TgjRvQf7.jpg!m_fill,w_280,h_210,f_jpg?from=ke.com
20230507,昌平,回龙观,101118753554,龙锦苑一区、3居室、满五年唯一、看房方便,510万,40535元/平,顶层 (共6层) | 2005年建 | 3室1厅 | 125.82平米 | 南 北,https://ke-image.ljcdn.com/110000-inspection/72a17292-c323-432c-a1a1-3d8426b10b0a_1000.jpg!m_fill,w_280,h_210,f_jpg?from=ke.com
20230507,昌平,回龙观,101118743511,此房满五年南北通透小区环境好业主诚意出售,530万,63474元/平,底层 (共31层) | 2015年建 | 2室1厅 | 83.5平米 | 南 北,https://ke-image.ljcdn.com/110000-inspection/pc1_LAYDAPPSM_1.jpg!m_fill,w_280,h_210,f_jpg?from=ke.com
20230507,昌平,回龙观,101118740488,南北通透诚心出售位置好配套齐全,550万,55685元/平,中楼层 (共25层) | 2014年建 | 2室1厅 | 98.77平米 | 南 北,https://ke-image.ljcdn.com/110000-inspection/80c8b485-8b03-463b-8989-4c5eb1533575_1000.jpg!m_fill,w_280,h_210,f_jpg?from=ke.com
20230507,昌平,回龙观,101118738674,龙跃苑一区   三居两卫  中间位置  北京家庭唯一住房,570万,40369元/平,高楼层 (共6层) | 2003年建 | 3室1厅 | 141.2平米 | 南 北,https://ke-image.ljcdn.com/110000-inspection/697568d7-e00a-404f-bded-b81622ecebf5_1000.jpg!m_fill,w_280,h_210,f_jpg?from=ke.com
20230507,昌平,回龙观,101118727814,房子位置很好全明格局3层看房方便,615万,49315元/平,中楼层 (共6层) | 2006年建 | 3室2厅 | 124.71平米 | 南 北,https://ke-image.ljcdn.com/110000-inspection/pc1_aWayn98VP.jpg!m_fill,w_280,h_210,f_jpg?from=ke.com
20230507,昌平,回龙观,101118723766,龙腾苑六区平层四居室不临街把西边采光好。,696万,42956元/平,高楼层 (共6层) | 2002年建 | 4室1厅 | 162.03平米 | 南 北,https://ke-image.ljcdn.com/110000-inspection/pc1_EiO4PtygD.jpg!m_fill,w_280,h_210,f_jpg?from=ke.com
20230507,昌平,回龙观,101118722364,融泽嘉园东一路6号院 落地窗 正对小区花园 采光视野好房主自荐,588万,67047元/平,中楼层 (共34层) 2室1厅 | 87.7平米 | 南,https://ke-image.ljcdn.com/110000-inspection/pc1_zvvelJetd.jpg!m_fill,w_280,h_210,f_jpg?from=ke.com
20230507,昌平,回龙观,101118712683,优质房源户型好产权清晰采光好视野好房主自荐,286万,59796元/平,中楼层 (共4层) | 1983年建 | 1室1厅 | 47.83平米 | 南,https://ke-image.ljcdn.com/110000-inspection/pc1_wmkaOFOUA.jpg!m_fill,w_280,h_210,f_jpg?from=ke.com
20230507,昌平,回龙观,101118709892,首开国风美唐二期满五唯一南北通透三居业主靠谱出售房主自荐,688万,72285元/平,中楼层 (共16层) | 2015年建 | 3室1厅 | 95.18平米 | 南 北,https://ke-image.ljcdn.com/110000-inspection/93a69962-5c71-4e42-96f4-21c4ee291384_1000.jpg!m_fill,w_280,h_210,f_jpg?from=ke.com
20230507,昌平,回龙观,101118708027,95平两居室户型方正采光充足,525万,55101元/平,中楼层 (共6层) | 2006年建 | 2室1厅 | 95.28平米 | 东南,https://ke-image.ljcdn.com/110000-inspection/1bb38e7d-6f42-48b9-8e00-2ac589bcc481_1000.jpg!m_fill,w_280,h_210,f_jpg?from=ke.com
20230507,昌平,回龙观,101118707103,商品房满五唯一精装修户型方正中高楼层视野好,654万,70217元/平,高楼层 (共25层) 2室1厅 | 93.14平米 | 南 北,https://ke-image.ljcdn.com/110000-inspection/pc1_u2AeV3BZq_1.jpg!m_fill,w_280,h_210,f_jpg?from=ke.com
20230507,昌平,回龙观,101118703217,龙腾苑六区 4室3厅 南 北,780万,37218元/平,高楼层 (共6层) 4室3厅 | 209.58平米 | 南 北,https://ke-image.ljcdn.com/110000-inspection/pc1_NJ1ozgCyv.jpg!m_fill,w_280,h_210,f_jpg?from=ke.com
20230507,昌平,回龙观,101118700936,龙腾苑四区 小区中间位置 满五年唯一 自住精装修房主自荐,778万,33830元/平,高楼层 (共6层) | 2003年建 | 5室2厅 | 229.98平米 | 南 北,https://ke-image.ljcdn.com/110000-inspection/pc1_DdEexrGoo.jpg!m_fill,w_280,h_210,f_jpg?from=ke.com
20230507,昌平,回龙观,101118700727,商品房满五唯一 精装修拎包入住 中高楼层 视野开阔房主自荐,569万,64799元/平,高楼层 (共34层) | 2016年建 | 2室1厅 | 87.81平米 | 南 北,https://ke-image.ljcdn.com/110000-inspection/7ea38742-742b-455e-b24c-6284bacb75d5_1000.jpg!m_fill,w_280,h_210,f_jpg?from=ke.com
20230507,昌平,回龙观,101118700479,首开国风美唐二期  高楼层采光视野好 全南两居户型好,672万,71551元/平,中楼层 (共20层) 2室1厅 | 93.92平米 | 南,https://ke-image.ljcdn.com/110000-inspection/69e8cfa6-9f3e-433e-b1d0-9f3673fddc66_1000.jpg!m_fill,w_280,h_210,f_jpg?from=ke.com
20230507,昌平,回龙观,101118698863,商品房满五唯一 100平南北通透大两居 户型设计优质,690万,68932元/平,底层 (共11层) | 2014年建 | 2室2厅 | 100.1平米 | 南 北,https://ke-image.ljcdn.com/110000-inspection/2955a183-f63f-4b5d-858b-578eb5fc76ae_1000.jpg!m_fill,w_280,h_210,f_jpg?from=ke.com
20230507,昌平,回龙观,101118698235,慧华苑 商品房满五唯一 落地窗 采光好 户型方正,499万,38388元/平,高楼层 (共6层) | 1994年建 | 3室1厅 | 129.99平米 | 南 北,https://ke-image.ljcdn.com/110000-inspection/pc1_5cWXEJv2z.jpg!m_fill,w_280,h_210,f_jpg?from=ke.com
20230507,昌平,回龙观,101118696391,近地铁南北通透户型方正采光好,368万,59625元/平,顶层 (共4层) 2室1厅 | 61.72平米 | 南 北,https://ke-image.ljcdn.com/110000-inspection/pc1_dzGPE2M3n_1.jpg!m_fill,w_280,h_210,f_jpg?from=ke.com
20230507,昌平,回龙观,101118691318,商品房满五年唯一不临街南北一居室,409万,61615元/平,中楼层 (共7层) | 2003年建 | 1室1厅 | 66.38平米 | 南 北,https://ke-image.ljcdn.com/110000-inspection/e0e2b851-2482-426c-85d6-a7455e9965a5_1000.jpg!m_fill,w_280,h_210,f_jpg?from=ke.com
20230507,昌平,回龙观,101118684710,三合庄园周边配套齐全三居室满五唯一低楼层,483万,45524元/平,中楼层 (共4层) 3室2厅 | 106.1平米 | 南 北,https://ke-image.ljcdn.com/110000-inspection/109d093f-50aa-4c07-91f2-36fc220a14c4_1000.jpg!m_fill,w_280,h_210,f_jpg?from=ke.com
20230507,昌平,回龙观,101118684433,云趣园二区商满五唯一4+5复式视野好 近地铁,620万,45852元/平,中楼层 (共5层) 4室2厅 | 135.22平米 | 南 北,https://ke-image.ljcdn.com/110000-inspection/da5a5029-a0c4-4cad-9e38-a15350624594_1000.jpg!m_fill,w_280,h_210,f_jpg?from=ke.com
20230507,昌平,回龙观,101118681169,满五年唯一简单装修业主靠谱出售,595万,47616元/平,中楼层 (共6层) 3室1厅 | 124.96平米 | 南 北,https://ke-image.ljcdn.com/110000-inspection/fb01487f-b1a6-4e3b-9e06-279283df182f_1000.jpg!m_fill,w_280,h_210,f_jpg?from=ke.com
20230507,昌平,回龙观,101118678788,商品房满五唯一小区中间南北通透采光通风好。,560万,39167元/平,高楼层 (共7层) 3室1厅 | 142.98平米 | 南 北,https://ke-image.ljcdn.com/110000-inspection/012c65c4-347c-45da-a4d3-83a44f035f98_1000.jpg!m_fill,w_280,h_210,f_jpg?from=ke.com
20230507,昌平,回龙观,101118678759,双通透两居 楼层好3层  业主诚心出售,518万,52557元/平,中楼层 (共6层) 2室1厅 | 98.56平米 | 北 南,https://ke-image.ljcdn.com/110000-inspection/b28375ec-745c-43a5-9028-5e4ded49830b_1000.jpg!m_fill,w_280,h_210,f_jpg?from=ke.com
20230507,昌平,回龙观,101118673200,万润家园南北通透三居室 下跃 采光好 满五年唯一房主自荐,649万,46968元/平,底层 (共7层) 3室3厅 | 138.18平米 | 南 北,https://ke-image.ljcdn.com/110000-inspection/pc1_wWpeMeQ4c.jpg!m_fill,w_280,h_210,f_jpg?from=ke.com
20230507,昌平,回龙观,101118667151,天露园一区 3室2厅 南 北,536万,42747元/平,底层 (共6层) 3室2厅 | 125.39平米 | 南 北,https://ke-image.ljcdn.com/110000-inspection/pc1_5wMU32WQw_1.jpg!m_fill,w_280,h_210,f_jpg?from=ke.com
20230507,昌平,回龙观,101118659659,龙腾苑四区 5室2厅 南 北,740万,39308元/平,高楼层 (共6层) 5室2厅 | 188.26平米 | 南 北,https://ke-image.ljcdn.com/110000-inspection/pc1_G2tvhKZH1.jpg!m_fill,w_280,h_210,f_jpg?from=ke.com
20230507,昌平,回龙观,101118658004,金域华府一期南北通透精装修视野好两居室,799万,80383元/平,中楼层 (共26层) | 2012年建 | 2室1厅 | 99.4平米 | 北 南,https://ke-image.ljcdn.com/110000-inspection/pc1_OJcHe85HY_1.jpg!m_fill,w_280,h_210,f_jpg?from=ke.com
20230507,昌平,回龙观,101118654825,方正三居室契税发票满五年业主家庭名下唯一住房,750万,77217元/平,低楼层 (共20层) | 2015年建 | 3室1厅 | 97.13平米 | 南 北,https://ke-image.ljcdn.com/110000-inspection/74a18512-f316-44aa-aaa4-7c60d9d191a2_1000.jpg!m_fill,w_280,h_210,f_jpg?from=ke.com
20230507,昌平,回龙观,101118651506,新上优质房  商品房满五年唯一 靠谱签约 周期可聊,625万,49306元/平,中楼层 (共5层) | 2007年建 | 3室2厅 | 126.76平米 | 南 北,https://ke-image.ljcdn.com/110000-inspection/c2e3d348-2f9d-4241-9386-0e23e3435e71_1000.jpg!m_fill,w_280,h_210,f_jpg?from=ke.com
20230507,昌平,回龙观,101118651439,风雅园二区邻近公园的小区各方面的配套齐全,630万,41377元/平,高楼层 (共7层) | 2000年建 | 5室2厅 | 152.26平米 | 南 北,https://ke-image.ljcdn.com/110000-inspection/pc1_bbc7yQbzE.jpg!m_fill,w_280,h_210,f_jpg?from=ke.com
20230507,昌平,回龙观,101118646467,北郊农场通透大两居明厨明卫满五年唯一,379万,47908元/平,顶层 (共6层) 2室1厅 | 79.11平米 | 南 北,https://ke-image.ljcdn.com/110000-inspection/b6430f39-f2d4-4bbb-8036-5d10b0f58e62_1000.jpg!m_fill,w_280,h_210,f_jpg?from=ke.com
20230507,昌平,回龙观,101118644867,金域华府二期高楼层满五年唯一采光好视野棒,950万,81336元/平,高楼层 (共28层) 3室2厅 | 116.8平米 | 南 北,https://ke-image.ljcdn.com/110000-inspection/pc1_ZxFZENwza_1.jpg!m_fill,w_280,h_210,f_jpg?from=ke.com
20230507,昌平,回龙观,101118643569,挑空大复式 商品房 六室三厅 视野好 南北通透 单价低房主自荐,750万,28961元/平,顶层 (共6层) | 2002年建 | 6室3厅 | 258.97平米 | 南 北,https://ke-image.ljcdn.com/110000-inspection/pc1_eItR3RGnz.jpg!m_fill,w_280,h_210,f_jpg?from=ke.com
20230507,昌平,回龙观,101118641993,龙腾苑六区 商品房满五年唯一 自住精装 采光好房主自荐,525万,44515元/平,顶层 (共6层) | 2002年建 | 3室1厅 | 117.94平米 | 南 北,https://ke-image.ljcdn.com/110000-inspection/pc1_ekCxSOggq.jpg!m_fill,w_280,h_210,f_jpg?from=ke.com
20230507,昌平,回龙观,101118637923,北郊家属院正规南向一居室满五年唯一房主自荐,278万,64893元/平,底层 (共4层) | 1987年建 | 1室1厅 | 42.84平米 | 南,https://ke-image.ljcdn.com/110000-inspection/pc1_nR5Avrdnr.jpg!m_fill,w_280,h_210,f_jpg?from=ke.com
20230507,昌平,回龙观,101118636030,和谐家园一区 店经理推荐 南侧双阳台 诚心出售,518万,52234元/平,顶层 (共6层) | 2006年建 | 2室1厅 | 99.17平米 | 南 北,https://ke-image.ljcdn.com/110000-inspection/7f7fdd4e-9434-43d5-aee4-76559f8163fd_1000.jpg!m_fill,w_280,h_210,f_jpg?from=ke.com
20230507,昌平,回龙观,101118630637,昌平区回龙观矩阵二期电梯商品房,355万,66443元/平,低楼层 (共11层) | 2004年建 | 1室1厅 | 53.43平米 | 西南,https://ke-image.ljcdn.com/110000-inspection/365e74b5-160b-4248-ab6a-bacf870d4612_1000.jpg!m_fill,w_280,h_210,f_jpg?from=ke.com
20230507,昌平,回龙观,101118626594,电梯两居室南北通透两居两卫卧室带飘窗,508万,52108元/平,低楼层 (共11层) | 2004年建 | 2室1厅 | 97.49平米 | 南 北,https://ke-image.ljcdn.com/110000-inspection/ec94acc6-a6fa-4bed-b069-8bca556abb95_1000.jpg!m_fill,w_280,h_210,f_jpg?from=ke.com
20230507,昌平,回龙观,101118625492,龙跃南北双通透大三居20万精装近地铁400米,524万,42878元/平,顶层 (共6层) | 2007年建 | 3室2厅 | 122.21平米 | 北 南,https://ke-image.ljcdn.com/110000-inspection/07d62dc3-3010-49b1-a1a0-8a5c3386cbb5_1000.jpg!m_fill,w_280,h_210,f_jpg?from=ke.com
20230507,昌平,回龙观,101118623037,龙锦苑一区 2室1厅 南 北,479万,53833元/平,高楼层 (共6层) | 2005年建 | 2室1厅 | 88.98平米 | 南 北,https://ke-image.ljcdn.com/110000-inspection/9bc42a7b-b9c8-4a99-966c-9200bd219308_1000.jpg!m_fill,w_280,h_210,f_jpg?from=ke.com
20230507,昌平,回龙观,101118622675,融泽嘉园中路12号院 3室1厅 南 北,695万,67306元/平,低楼层 (共31层) 3室1厅 | 103.26平米 | 南 北,https://ke-image.ljcdn.com/110000-inspection/pc1_BA9TJvdCR.jpg!m_fill,w_280,h_210,f_jpg?from=ke.com
20230507,昌平,回龙观,101118614459,平层复式全明格局商品房满五唯一钢混结构。房主自荐,590万,37960元/平,高楼层 (共7层) | 2004年建 | 4室3厅 | 155.43平米 | 南 北,https://ke-image.ljcdn.com/110000-inspection/pc1_ZBfAl0sCP.jpg!m_fill,w_280,h_210,f_jpg?from=ke.com
20230507,昌平,回龙观,101118610994,云趣园一区三居双卫三层满五唯一商品房有钥匙,499万,43486元/平,中楼层 (共7层) | 1999年建 | 3室1厅 | 114.75平米 | 北 南,https://ke-image.ljcdn.com/110000-inspection/pc1_MUDUiI2Kf.jpg!m_fill,w_280,h_210,f_jpg?from=ke.com
20230507,昌平,回龙观,101118603945,品质商品房小区 温馨一居室 大落地窗 小区中间,359万,70767元/平,低楼层 (共6层) 1室1厅 | 50.73平米 | 南 北,https://ke-image.ljcdn.com/110000-inspection/pc1_4zTReGp8T.jpg!m_fill,w_280,h_210,f_jpg?from=ke.com
20230507,昌平,回龙观,101118602760,龙锦苑四区 4室2厅 南 北,750万,39869元/平,高楼层 (共6层) | 2003年建 | 4室2厅 | 188.12平米 | 南 北,https://ke-image.ljcdn.com/110000-inspection/421dc643-1759-4f87-83c7-89f9e30eb600_1000.jpg!m_fill,w_280,h_210,f_jpg?from=ke.com
20230507,昌平,回龙观,101118598373,首开智慧社 2室1厅 南 北,525万,58752元/平,高楼层 (共21层) | 2011年建 | 2室1厅 | 89.36平米 | 南 北,https://ke-image.ljcdn.com/110000-inspection/pc1_SbaYGFFrw.jpg!m_fill,w_280,h_210,f_jpg?from=ke.com
20230507,昌平,回龙观,101118588679,北郊农场家属院  满五年唯一  交易只有契税 采光好,363万,59489元/平,顶层 (共6层) | 1997年建 | 2室1厅 | 61.02平米 | 南,https://ke-image.ljcdn.com/110000-inspection/260347a8-b93c-42ee-9088-d94725822f61_1000.jpg!m_fill,w_280,h_210,f_jpg?from=ke.com
20230507,昌平,回龙观,101118584912,龙回苑 南边通透 两居两卫 配套齐全 诚意出售房主自荐,490万,50683元/平,中楼层 (共7层) | 2004年建 | 2室1厅 | 96.68平米 | 南 北,https://ke-image.ljcdn.com/110000-inspection/pc1_NI4hCd0XH.jpg!m_fill,w_280,h_210,f_jpg?from=ke.com
20230507,昌平,回龙观,101118576751,首开国风美唐三期方正户型两梯两户品质社区,1028万,80514元/平,高楼层 (共18层) | 2016年建 | 3室1厅 | 127.68平米 | 南 北,https://ke-image.ljcdn.com/110000-inspection/fe6fe514-c713-43e7-8798-2337b7b0d560_1000.jpg!m_fill,w_280,h_210,f_jpg?from=ke.com
20230507,昌平,回龙观,101118576610,北店嘉园     商满五唯一     钢混结构！,475万,61457元/平,中楼层 (共6层) | 2004年建 | 2室1厅 | 77.29平米 | 南 西 北,https://ke-image.ljcdn.com/110000-inspection/pc1_zkNvjqtWQ.jpg!m_fill,w_280,h_210,f_jpg?from=ke.com
20230507,昌平,回龙观,101118573952,商品房满五年唯一  大复式 看房随时位置好,780万,33340元/平,高楼层 (共6层) | 2004年建 | 4室3厅 | 233.96平米 | 南 北,https://ke-image.ljcdn.com/110000-inspection/pc1_hienr690m.jpg!m_fill,w_280,h_210,f_jpg?from=ke.com
20230507,昌平,回龙观,101118572622,方正两居室视野采光好小区环境好随时签约,552万,66108元/平,中楼层 (共11层) | 2016年建 | 2室1厅 | 83.5平米 | 西北,https://ke-image.ljcdn.com/110000-inspection/b6259bfb-af81-4cf4-9978-bfd29752469b_1000.jpg!m_fill,w_280,h_210,f_jpg?from=ke.com
20230507,昌平,回龙观,101118571771,满五唯一中间楼层南北通透诚意出售,710万,62594元/平,中楼层 (共34层) | 2014年建 | 3室1厅 | 113.43平米 | 南 北,https://ke-image.ljcdn.com/110000-inspection/pc1_EDFWmmOXc.jpg!m_fill,w_280,h_210,f_jpg?from=ke.com
20230507,昌平,回龙观,101118570204,佰嘉城 3室1厅 南 北,460万,39123元/平,顶层 (共6层) | 2006年建 | 3室1厅 | 117.58平米 | 南 北,https://ke-image.ljcdn.com/110000-inspection/34f1af56-b9e3-44bb-9016-2b7ebfe30f8a_1000.jpg!m_fill,w_280,h_210,f_jpg?from=ke.com
20230507,昌平,回龙观,101118556548,龙泽苑东区三居两卫+满五唯一+钢混结构+三阳台落地窗,512万,42311元/平,中楼层 (共7层) | 2005年建 | 3室2厅 | 121.01平米 | 西南 东 北,https://ke-image.ljcdn.com/110000-inspection/pc1_pRaou3q6s.jpg!m_fill,w_280,h_210,f_jpg?from=ke.com
20230507,昌平,回龙观,101118555524,和谐家园一区 2室1厅 南 北,508万,54595元/平,高楼层 (共6层) | 2006年建 | 2室1厅 | 93.05平米 | 南 北,https://ke-image.ljcdn.com/110000-inspection/1fa64af2-de77-4d84-9307-8fd5ea53b574_1000.jpg!m_fill,w_280,h_210,f_jpg?from=ke.com
20230507,昌平,回龙观,101118551196,龙跃苑二区   出门体育公园    商品房满五年唯一,589万,47393元/平,中楼层 (共6层) | 2003年建 | 3室1厅 | 124.28平米 | 南 北,https://ke-image.ljcdn.com/110000-inspection/pc1_bySr1elr4.jpg!m_fill,w_280,h_210,f_jpg?from=ke.com
20230507,昌平,回龙观,101118547672,美唐花园 小区中间位置采光充足使用率高,1280万,102074元/平,顶层 (共11层) | 2012年建 | 3室1厅 | 125.4平米 | 南 北,https://ke-image.ljcdn.com/110000-inspection/b2ca7375-e92b-4341-b5b0-641fff701fe6_1000.jpg!m_fill,w_280,h_210,f_jpg?from=ke.com
20230507,昌平,回龙观,101118543597,复式房简单装修看房约看方便,668万,35000元/平,高楼层 (共7层) | 2003年建 | 5室2厅 | 190.86平米 | 南 北,https://ke-image.ljcdn.com/110000-inspection/f393fea1-047d-411f-a102-b18c383a27ea_1000.jpg!m_fill,w_280,h_210,f_jpg?from=ke.com
20230507,昌平,回龙观,101118543173,龙禧苑一区双层复式！5+6层！有露天平台！商满五唯一,698万,34536元/平,高楼层 (共6层) 5室2厅 | 202.11平米 | 南 北,https://ke-image.ljcdn.com/110000-inspection/pc1_jFioW0E1B_1.jpg!m_fill,w_280,h_210,f_jpg?from=ke.com
20230507,昌平,回龙观,101118538470,此房满五唯一南向落地窗采光视野佳,459万,69357元/平,高楼层 (共34层) 1室1厅 | 66.18平米 | 南,https://ke-image.ljcdn.com/110000-inspection/af317b0b-5f4d-4a6b-b4a7-55a63fd2fa57_1000.jpg!m_fill,w_280,h_210,f_jpg?from=ke.com
20230507,昌平,回龙观,101118535133,万科金域华府一期南向不临街南向两居,670万,78080元/平,底层 (共26层) | 2012年建 | 2室1厅 | 85.81平米 | 南,https://ke-image.ljcdn.com/110000-inspection/pc1_LkD4uUfod_1.jpg!m_fill,w_280,h_210,f_jpg?from=ke.com
20230507,昌平,回龙观,101118527826,满五唯一南北通透中高楼层采光和位置好,549万,65358元/平,中楼层 (共34层) 2室1厅 | 84平米 | 南 北,https://ke-image.ljcdn.com/110000-inspection/pc1_nSDSIwa7t.jpg!m_fill,w_280,h_210,f_jpg?from=ke.com
20230507,昌平,回龙观,101118527631,融泽嘉园西二路2号院 1室1厅 南,465万,70306元/平,中楼层 (共34层) | 2016年建 | 1室1厅 | 66.14平米 | 南,https://ke-image.ljcdn.com/110000-inspection/pc1_wKiBLkklW.jpg!m_fill,w_280,h_210,f_jpg?from=ke.com
20230507,昌平,回龙观,101118525460,美唐花园 人车分流 交通便利 次新房小区,690万,74555元/平,中楼层 (共21层) | 2016年建 | 2室1厅 | 92.55平米 | 南,https://ke-image.ljcdn.com/110000-inspection/f5cfe3b0-48d8-45c5-a0c0-907a64336d68_1000.jpg!m_fill,w_280,h_210,f_jpg?from=ke.com
20230507,昌平,回龙观,101118519450,融泽嘉园西二路2号院中间层没有遮挡,556万,63225元/平,低楼层 (共30层) | 2016年建 | 2室1厅 | 87.94平米 | 南,https://ke-image.ljcdn.com/110000-inspection/235e3c92-d186-4b52-a44d-50e29f01d74e_1000.jpg!m_fill,w_280,h_210,f_jpg?from=ke.com
20230507,昌平,回龙观,101118519239,京投发展公园悦府一区 2室1厅 南,546万,67019元/平,顶层 (共22层) | 2015年建 | 2室1厅 | 81.47平米 | 南,https://ke-image.ljcdn.com/110000-inspection/pc1_uOQcBCk5Z.jpg!m_fill,w_280,h_210,f_jpg?from=ke.com
20230507,昌平,回龙观,101118515337,满五年唯一精装修近地铁诚心出售,526万,54775元/平,高楼层 (共6层) 2室1厅 | 96.03平米 | 南 北,https://ke-image.ljcdn.com/110000-inspection/043e6578-c7db-475c-8b1f-b9eca80dc034_1000.jpg!m_fill,w_280,h_210,f_jpg?from=ke.com
20230507,昌平,回龙观,101118515004,商品房满五年唯一小区中间位置5+6复式房主自荐,588万,37722元/平,高楼层 (共6层) | 2000年建 | 3室3厅 | 155.88平米 | 南 北,https://ke-image.ljcdn.com/110000-inspection/pc1_nGfqifKlD.jpg!m_fill,w_280,h_210,f_jpg?from=ke.com
20230507,昌平,回龙观,101118514470,风雅园二区 商满五唯一 户型方正 采光视野好 诚心出售房主自荐,409万,45480元/平,顶层 (共6层) | 1999年建 | 2室1厅 | 89.93平米 | 东 西,https://ke-image.ljcdn.com/110000-inspection/7ce56c1d-c335-4219-9073-7bc84bb08a58_1000.jpg!m_fill,w_280,h_210,f_jpg?from=ke.com
20230507,昌平,回龙观,101118512699,南北通透格局一层便于出行实惠实用两居诚意出售,480万,49267元/平,底层 (共6层) | 2000年建 | 2室1厅 | 97.43平米 | 南 北,https://ke-image.ljcdn.com/110000-inspection/pc1_Fa2w45Fu3_1.jpg!m_fill,w_280,h_210,f_jpg?from=ke.com
20230507,昌平,回龙观,101118511545,融泽东六号院满五唯一交通便利南北通透,600万,68408元/平,高楼层 (共34层) | 2015年建 | 2室1厅 | 87.71平米 | 南 北,https://ke-image.ljcdn.com/110000-inspection/c3f00512-c214-4bd1-a907-3ddef3fac16d_1000.jpg!m_fill,w_280,h_210,f_jpg?from=ke.com
20230507,昌平,回龙观,101118511296,龙跃苑一区   精装5+6复式  商满五唯一,845万,36772元/平,高楼层 (共6层) 5室2厅 | 229.8平米 | 南 北,https://ke-image.ljcdn.com/110000-inspection/2c12b1ae-1941-48c7-b778-ad58f3359086_1000.jpg!m_fill,w_280,h_210,f_jpg?from=ke.com
20230507,昌平,回龙观,101118506982,融泽嘉园南北通透满五唯一户型方正,626万,67211元/平,高楼层 (共28层) | 2014年建 | 2室1厅 | 93.14平米 | 南 北,https://ke-image.ljcdn.com/110000-inspection/a9ace6bb-17a5-44cc-a94f-aaeb462efe54_1000.jpg!m_fill,w_280,h_210,f_jpg?from=ke.com
20230507,昌平,回龙观,101118506658,龙博苑三区满五年唯一2居南北通透小区中间位置,437万,54537元/平,顶层 (共6层) | 2005年建 | 2室1厅 | 80.13平米 | 南 北,https://ke-image.ljcdn.com/110000-inspection/pc1_oSa4qLbtJ_1.jpg!m_fill,w_280,h_210,f_jpg?from=ke.com
20230507,昌平,回龙观,101118505679,采光好满五年唯一户型方正南北通透居住舒适,635万,58824元/平,底层 (共33层) | 2014年建 | 3室1厅 | 107.95平米 | 南 北,https://ke-image.ljcdn.com/110000-inspection/aeda966d-6f9f-415c-ac0c-c2bae190fbc3_1000.jpg!m_fill,w_280,h_210,f_jpg?from=ke.com
20230507,昌平,回龙观,101118504389,房子满五年唯一楼层好视野开阔无遮挡,436万,70757元/平,低楼层 (共18层) | 2015年建 | 1室1厅 | 61.62平米 | 东 西,https://ke-image.ljcdn.com/110000-inspection/2c270098-071a-4ff1-9ac0-13a097020861_1000.jpg!m_fill,w_280,h_210,f_jpg?from=ke.com
20230507,昌平,回龙观,101118496332,龙跃苑一区 小区中间位置  没有遮挡,598万,42334元/平,中楼层 (共6层) | 2003年建 | 3室1厅 | 141.26平米 | 南 北,https://ke-image.ljcdn.com/110000-inspection/86e0119e-15aa-4df2-80e8-cb86202ab3e8_1000.jpg!m_fill,w_280,h_210,f_jpg?from=ke.com
20230507,昌平,回龙观,101118481676,金域华府二期满五年唯一三面采光两居室,700万,82978元/平,中楼层 (共28层) | 2014年建 | 2室1厅 | 84.36平米 | 东 南 北,https://ke-image.ljcdn.com/110000-inspection/pc1_8iEeHpFie.jpg!m_fill,w_280,h_210,f_jpg?from=ke.com
20230507,昌平,回龙观,101118476048,天露园一区 3室1厅 南 北,479万,36895元/平,顶层 (共6层) | 2008年建 | 3室1厅 | 129.83平米 | 南 北,https://ke-image.ljcdn.com/110000-inspection/pc1_p1L0zLNKg_1.jpg!m_fill,w_280,h_210,f_jpg?from=ke.com
20230507,昌平,回龙观,101118467643,金域华府三期中间层东边户明卫万科精装视野采光好,950万,81904元/平,中楼层 (共26层) 3室1厅 | 115.99平米 | 南 北,https://ke-image.ljcdn.com/110000-inspection/pc1_eHEJIy71i.jpg!m_fill,w_280,h_210,f_jpg?from=ke.com
20230507,昌平,回龙观,101118466210,下叠别墅 商品房满五年 集中供暖 带车位 6居室房主自荐,1260万,60548元/平,底层 (共4层) | 1998年建 | 6室3厅 | 208.1平米 | 南 北,https://ke-image.ljcdn.com/110000-inspection/pc1_9rLdnSUeN.jpg!m_fill,w_280,h_210,f_jpg?from=ke.com
20230507,昌平,回龙观,101118456643,龙泽苑西区5加六精装修小复式  只有一个契税 可给周期,489万,45442元/平,高楼层 (共6层) | 1999年建 | 2室1厅 | 107.61平米 | 南 北,https://ke-image.ljcdn.com/110000-inspection/pc1_vI1lnesfp.jpg!m_fill,w_280,h_210,f_jpg?from=ke.com
20230507,昌平,回龙观,101118454514,此房满五唯一业主房子精装修业主自住,480万,72019元/平,中楼层 (共24层) | 2015年建 | 1室1厅 | 66.65平米 | 南,https://ke-image.ljcdn.com/110000-inspection/pc1_og2U80d04.jpg!m_fill,w_280,h_210,f_jpg?from=ke.com
20230507,昌平,回龙观,101118453629,钢混结构落地飘窗商满五唯一安静不临街可签约,530万,60146元/平,底层 (共6层) | 2003年建 | 2室1厅 | 88.12平米 | 南 北,https://ke-image.ljcdn.com/110000-inspection/pc1_4VowFCfW3.jpg!m_fill,w_280,h_210,f_jpg?from=ke.com
20230507,昌平,回龙观,101118446737,龙跃苑四区  小区中间  满五唯一  看房随时,499万,50247元/平,高楼层 (共6层) | 2005年建 | 2室1厅 | 99.31平米 | 南 北,https://ke-image.ljcdn.com/110000-inspection/10eda2f4-8fd9-4ad3-858a-1ca1251214b2_1000.jpg!m_fill,w_280,h_210,f_jpg?from=ke.com
20230507,昌平,回龙观,101118440954,融泽嘉园中路1号院 2室1厅 南,550万,62786元/平,低楼层 (共28层) | 2014年建 | 2室1厅 | 87.6平米 | 南,https://ke-image.ljcdn.com/110000-inspection/7e163ee3-d848-4cc4-9f6e-0f667c1fcb7f_1000.jpg!m_fill,w_280,h_210,f_jpg?from=ke.com
20230507,昌平,回龙观,101118430509,融泽嘉园西二路2号院 满五年 南北两居室 业主诚心出售,580万,66052元/平,中楼层 (共34层) | 2016年建 | 2室1厅 | 87.81平米 | 南 北,https://ke-image.ljcdn.com/110000-inspection/309c5566-6039-42a1-a92f-ecd9471d822f_1000.jpg!m_fill,w_280,h_210,f_jpg?from=ke.com
20230507,昌平,回龙观,101118423798,房子满五年唯一楼层好视野开阔无遮挡,419万,69325元/平,顶层 (共18层) | 2015年建 | 1室1厅 | 60.44平米 | 东 西,https://ke-image.ljcdn.com/110000-inspection/566e7d38-d933-4255-8858-2fccbb8578f3_1000.jpg!m_fill,w_280,h_210,f_jpg?from=ke.com
20230507,昌平,回龙观,101118423315,首开国风美唐二期东向两居室 五层自住精装修 看房方便,530万,64134元/平,低楼层 (共21层) | 2014年建 | 2室1厅 | 82.64平米 | 东,https://ke-image.ljcdn.com/110000-inspection/pc1_VBKWGmkof.jpg!m_fill,w_280,h_210,f_jpg?from=ke.com
20230507,昌平,回龙观,101118408249,融泽嘉园中路6号院 2室1厅 南,560万,63673元/平,中楼层 (共25层) | 2013年建 | 2室1厅 | 87.95平米 | 南,https://ke-image.ljcdn.com/110000-inspection/pc1_stXxIGiJH.jpg!m_fill,w_280,h_210,f_jpg?from=ke.com
20230507,昌平,回龙观,101118404832,满五年唯一 中间楼层 看房方便 业主诚心出售,485万,47115元/平,中楼层 (共6层) 3室2厅 | 102.94平米 | 北 南 西,https://ke-image.ljcdn.com/110000-inspection/674eb45f-e3b0-4d66-9300-1132c78b4c59_1000.jpg!m_fill,w_280,h_210,f_jpg?from=ke.com
20230507,昌平,回龙观,101118402945,龙跃苑三区  全明格局  商五一  小区中间,520万,36849元/平,顶层 (共6层) | 2005年建 | 3室1厅 | 141.12平米 | 南 北,https://ke-image.ljcdn.com/110000-inspection/a5a22a42-9504-4456-b486-63b78a92b7fb_1000.jpg!m_fill,w_280,h_210,f_jpg?from=ke.com
20230507,昌平,回龙观,101118393698,龙禧苑一区 6室1厅 南 北,679万,34689元/平,高楼层 (共7层) | 2003年建 | 6室1厅 | 195.74平米 | 南 北,https://ke-image.ljcdn.com/110000-inspection/pc1_GtZZRYX0F.jpg!m_fill,w_280,h_210,f_jpg?from=ke.com
20230507,昌平,回龙观,101118379047,龙腾苑四区5跃6复式不临街不把边 急售,899万,35595元/平,高楼层 (共6层) 5室2厅 | 252.57平米 | 南 北,https://ke-image.ljcdn.com/110000-inspection/pc1_WMS5nCqb7.jpg!m_fill,w_280,h_210,f_jpg?from=ke.com
20230507,昌平,回龙观,101118375134,此房满五不唯一户型方正多多推荐,650万,41782元/平,高楼层 (共6层) | 2003年建 | 3室3厅 | 155.57平米 | 北 南,https://ke-image.ljcdn.com/110000-inspection/pc1_rPL1GiQP5.jpg!m_fill,w_280,h_210,f_jpg?from=ke.com
20230507,昌平,回龙观,101118372057,北店嘉园 全明户型       明厨明卫       把西边,579万,46815元/平,顶层 (共6层) | 2003年建 | 3室2厅 | 123.68平米 | 南 北 西,https://ke-image.ljcdn.com/110000-inspection/9d4e709b-1f19-4b38-b8b4-4f7c6b18c5bd_1000.jpg!m_fill,w_280,h_210,f_jpg?from=ke.com
20230507,昌平,回龙观,101118371324,龙禧苑风雅园三区商品房满五年唯一,483万,41859元/平,顶层 (共6层) 3室2厅 | 115.39平米 | 南 北,https://ke-image.ljcdn.com/110000-inspection/1d1469ed-c39d-4485-9895-c6df8440ae4e_1000.jpg!m_fill,w_280,h_210,f_jpg?from=ke.com
20230507,昌平,回龙观,101118367105,龙腾苑六区南北通透2居室户型采光好满五年唯一,490万,49581元/平,高楼层 (共6层) | 2002年建 | 2室1厅 | 98.83平米 | 南 北,https://ke-image.ljcdn.com/110000-inspection/pc1_NBHPNTuFd.jpg!m_fill,w_280,h_210,f_jpg?from=ke.com
20230507,昌平,回龙观,101118362467,流星花园三区  满五年唯一商品房 业主买房了,560万,58008元/平,底层 (共6层) | 2004年建 | 2室1厅 | 96.54平米 | 南 北,https://ke-image.ljcdn.com/110000-inspection/e7cb6faf-35fd-4930-a66d-498da2f7967f_1000.jpg!m_fill,w_280,h_210,f_jpg?from=ke.com
20230507,昌平,回龙观,101118362105,龙城花园W区+精装修+户型好+4居室,980万,51173元/平,顶层 (共4层) | 1997年建 | 4室3厅 | 191.51平米 | 南 北,https://ke-image.ljcdn.com/110000-inspection/29ec5a92-833a-4735-b7ff-1de8eefc8ffd_1000.jpg!m_fill,w_280,h_210,f_jpg?from=ke.com
20230507,昌平,回龙观,101118359108,独栋别墅精装修满五唯一无抵押无户口大花园,2350万,69295元/平,底层 (共3层) 5室2厅 | 339.13平米 | 南 北,https://ke-image.ljcdn.com/110000-inspection/e1d5dedc-7b63-4121-8182-1bf1462acdc7_1000.jpg!m_fill,w_280,h_210,f_jpg?from=ke.com
20230507,昌平,回龙观,101118355793,龙腾苑六区南北通透大三居低楼层自己位置商品房,778万,54670元/平,底层 (共6层) | 2002年建 | 3室2厅 | 142.31平米 | 南 北,https://ke-image.ljcdn.com/110000-inspection/pc1_eixCePYcU.jpg!m_fill,w_280,h_210,f_jpg?from=ke.com
20230507,昌平,回龙观,101118355463,龙博苑一区小区正中间满五唯一大三居室,559万,47369元/平,顶层 (共6层) | 2005年建 | 3室1厅 | 118.01平米 | 南 北,https://ke-image.ljcdn.com/110000-inspection/bda4996f-2fb9-4e27-b396-a9987f4b3397_1000.jpg!m_fill,w_280,h_210,f_jpg?from=ke.com
20230507,昌平,回龙观,101118348869,双通透户型  满五年唯一  小区中间位置  低楼层,526万,50881元/平,低楼层 (共6层) | 2005年建 | 2室2厅 | 103.38平米 | 南 北,https://ke-image.ljcdn.com/110000-inspection/2bc5572b-30e4-4527-b043-605e4dc16060_1000.jpg!m_fill,w_280,h_210,f_jpg?from=ke.com
20230507,昌平,回龙观,101118348852,京投发展公园悦府二区 卫生间带窗户 前后无遮挡通透,839万,70766元/平,低楼层 (共27层) 3室2厅 | 118.56平米 | 东 南 北,https://ke-image.ljcdn.com/110000-inspection/61322882-5f5c-475b-9f58-ddb40b181733_1000.jpg!m_fill,w_280,h_210,f_jpg?from=ke.com
20230507,昌平,回龙观,101118348783,龙城花园W区四楼采光好 视野好 双号位置 位置好,1050万,54811元/平,顶层 (共4层) | 1997年建 | 3室2厅 | 191.57平米 | 南 北,https://ke-image.ljcdn.com/110000-inspection/pc1_4s9CDOQmg_1.jpg!m_fill,w_280,h_210,f_jpg?from=ke.com
20230507,昌平,回龙观,101118346555,首开国风美唐三期  双卧朝南 客厅落地窗 两倍楼间距,785万,80086元/平,高楼层 (共18层) | 2016年建 | 3室1厅 | 98.02平米 | 南 北,https://ke-image.ljcdn.com/110000-inspection/56c15cad-6233-4270-b1c8-8fa83da2b5e1_1000.jpg!m_fill,w_280,h_210,f_jpg?from=ke.com
20230507,昌平,回龙观,101118341998,首开国风美唐二期中高楼层卫生间带窗精装大两居,655万,68839元/平,中楼层 (共18层) | 2014年建 | 2室1厅 | 95.15平米 | 南 北,https://ke-image.ljcdn.com/110000-inspection/pc1_9f2OsZlId.jpg!m_fill,w_280,h_210,f_jpg?from=ke.com
20230507,昌平,回龙观,101118338512,商满五唯一龙锦苑五区小区中间位置近公园,542万,44343元/平,高楼层 (共6层) | 2005年建 | 3室1厅 | 122.23平米 | 南 北,https://ke-image.ljcdn.com/110000-inspection/3ea215c7-12f7-40dc-8937-ce0de30a6ed7_1000.jpg!m_fill,w_280,h_210,f_jpg?from=ke.com
20230507,昌平,回龙观,101118329152,商五唯一低楼层近地铁自住装修！,632万,50512元/平,底层 (共6层) | 2006年建 | 3室1厅 | 125.12平米 | 南 北,https://ke-image.ljcdn.com/110000-inspection/ca278f41-a30e-4be1-b1da-6d72d68cc837_1000.jpg!m_fill,w_280,h_210,f_jpg?from=ke.com
20230507,昌平,回龙观,101118328179,金域华府二期 中间位置正对花园 楼间距大 采光视野好房主自荐,649万,81055元/平,低楼层 (共28层) 2室1厅 | 80.07平米 | 南,https://ke-image.ljcdn.com/110000-inspection/e2ed8139-a845-443f-83c9-cd1aa57d8692_1000.jpg!m_fill,w_280,h_210,f_jpg?from=ke.com
20230507,昌平,回龙观,101118327717,4层双明卫商五一钢混看房有钥匙,609万,42594元/平,中楼层 (共6层) | 2005年建 | 3室2厅 | 142.98平米 | 南 北 东,https://ke-image.ljcdn.com/110000-inspection/pc1_5KHQk1upG.jpg!m_fill,w_280,h_210,f_jpg?from=ke.com
20230507,昌平,回龙观,101118327062,京投发展公园悦府一区 3室1厅 南 北,820万,72279元/平,中楼层 (共11层) | 2014年建 | 3室1厅 | 113.45平米 | 南 北,https://ke-image.ljcdn.com/110000-inspection/0bd360fd-ae96-43ea-bfc9-b8eae214a9ac_1000.jpg!m_fill,w_280,h_210,f_jpg?from=ke.com
20230507,昌平,回龙观,101118319762,5+6层复式  满五年唯一   业主诚心出售,595万,38410元/平,中楼层 (共7层) | 2000年建 | 5室2厅 | 154.91平米 | 南 北,https://ke-image.ljcdn.com/110000-inspection/e1138e51-ef62-4608-b846-372fbba03776_1000.jpg!m_fill,w_280,h_210,f_jpg?from=ke.com
20230507,昌平,回龙观,101118315562,商满五唯一 无抵押无户口 看房方便 价格可谈,508万,52307元/平,高楼层 (共6层) 2室1厅 | 97.12平米 | 南 北,https://ke-image.ljcdn.com/110000-inspection/pc1_chENsIukq.jpg!m_fill,w_280,h_210,f_jpg?from=ke.com
20230507,昌平,回龙观,101118293724,近地铁次顶层户型方正落地窗视野好房主自荐,398万,69948元/平,高楼层 (共20层) | 2007年建 | 1室1厅 | 56.9平米 | 北,https://ke-image.ljcdn.com/110000-inspection/pc1_MIasqIlI3.jpg!m_fill,w_280,h_210,f_jpg?from=ke.com
20230507,昌平,回龙观,101118293080,西二旗 融泽嘉园 南北向  带电梯 满五年商品普通住宅,506万,51638元/平,底层 (共28层) | 2014年建 | 2室1厅 | 97.99平米 | 南 北,https://ke-image.ljcdn.com/110000-inspection/pc1_ZDytexrMd.jpg!m_fill,w_280,h_210,f_jpg?from=ke.com
20230507,昌平,回龙观,101118288811,流星花园两居看房方便房本满五年户型方正,460万,59409元/平,底层 (共11层) | 2004年建 | 2室1厅 | 77.43平米 | 北,https://ke-image.ljcdn.com/110000-inspection/7294ad60-6d7a-4df9-b211-32a45078848b_1000.jpg!m_fill,w_280,h_210,f_jpg?from=ke.com
20230507,昌平,回龙观,101118285819,南北向、方正大两居、精装修、满五唯一,618万,68652元/平,中楼层 (共24层) | 2012年建 | 2室1厅 | 90.02平米 | 南 北,https://ke-image.ljcdn.com/110000-inspection/dbece100-e24e-42e7-bde8-4b4e04d5a743_1000.jpg!m_fill,w_280,h_210,f_jpg?from=ke.com
20230507,昌平,回龙观,101118285715,业主人好双卫生间带窗格局合理无遮挡不临街。,475万,37244元/平,顶层 (共6层) | 2008年建 | 3室1厅 | 127.54平米 | 南 北,https://ke-image.ljcdn.com/110000-inspection/pc1_aMJ1O3t60_1.jpg!m_fill,w_280,h_210,f_jpg?from=ke.com
20230507,昌平,回龙观,101118285016,天慧园精装修中高层两居室满五年唯一诚心出售,489万,52446元/平,中楼层 (共7层) | 2000年建 | 2室1厅 | 93.24平米 | 南 北,https://ke-image.ljcdn.com/110000-inspection/pc1_xnYOofkT8.jpg!m_fill,w_280,h_210,f_jpg?from=ke.com
20230507,昌平,回龙观,101118276269,商品房、满五年、唯一、2层、精装、全明格局、急售,647万,46584元/平,低楼层 (共6层) | 2005年建 | 3室1厅 | 138.89平米 | 南 北,https://ke-image.ljcdn.com/110000-inspection/041efb2a-0413-4d5b-884c-a1157bfd62ad_1000.jpg!m_fill,w_280,h_210,f_jpg?from=ke.com
20230507,昌平,回龙观,101118261174,融泽嘉园中路1号院 南北通透优质两居,620万,63118元/平,中楼层 (共18层) | 2014年建 | 2室1厅 | 98.23平米 | 南 北,https://ke-image.ljcdn.com/110000-inspection/5e3b6fbe-f133-4236-a233-4b7e1427676a_1000.jpg!m_fill,w_280,h_210,f_jpg?from=ke.com
20230507,昌平,回龙观,101118260268,龙博苑二区 4室2厅 南 北,588万,37539元/平,高楼层 (共7层) | 2004年建 | 4室2厅 | 156.64平米 | 南 北,https://ke-image.ljcdn.com/110000-inspection/pc1_SPQJxyzc3.jpg!m_fill,w_280,h_210,f_jpg?from=ke.com
20230507,昌平,回龙观,101118257993,龙跃苑三区 4室2厅 南 北,540万,35762元/平,高楼层 (共6层) 4室2厅 | 151平米 | 南 北,https://ke-image.ljcdn.com/110000-inspection/370b1746-8503-41e1-889e-9d8349f85661_1000.jpg!m_fill,w_280,h_210,f_jpg?from=ke.com
20230507,昌平,回龙观,101118253857,万润家园 1室1厅 北,266万,66684元/平,顶层 (共12层) | 2003年建 | 1室1厅 | 39.89平米 | 北,https://ke-image.ljcdn.com/110000-inspection/pc1_lV0IOv1pJ_1.jpg!m_fill,w_280,h_210,f_jpg?from=ke.com
20230507,昌平,回龙观,101118253527,电梯高楼层大三居  视野好  采光好,529万,43814元/平,高楼层 (共10层) | 2006年建 | 3室2厅 | 120.74平米 | 南 北,https://ke-image.ljcdn.com/110000-inspection/pc1_es2v6YtFW.jpg!m_fill,w_280,h_210,f_jpg?from=ke.com
20230507,昌平,回龙观,101118246059,不临街+小区中间+商五一+业主诚心出售+周边交通便利,509万,52008元/平,高楼层 (共6层) | 2002年建 | 2室1厅 | 97.87平米 | 南 北,https://ke-image.ljcdn.com/110000-inspection/pc1_N8Fth3RZd.jpg!m_fill,w_280,h_210,f_jpg?from=ke.com
20230507,昌平,回龙观,101118237542,新龙城 满五唯一精装 南北通透 高楼层视野好,529万,54904元/平,顶层 (共20层) | 2007年建 | 2室1厅 | 96.35平米 | 南 北,https://ke-image.ljcdn.com/110000-inspection/342a59a0-e3e1-43fc-8205-9087ff380c80_1000.jpg!m_fill,w_280,h_210,f_jpg?from=ke.com
20230507,昌平,回龙观,101118237206,北店嘉园南北向顶层6+7复式满五唯一,465万,38750元/平,顶层 (共6层) | 2003年建 | 5室1厅 | 120平米 | 南 北,https://ke-image.ljcdn.com/110000-inspection/c7b6a440-4351-41cd-b099-ce8d745adb09_1000.jpg!m_fill,w_280,h_210,f_jpg?from=ke.com
20230507,昌平,回龙观,101118236609,小区中间 南北朝向 全明户型 一梯两户  人车分流小区,490万,58161元/平,顶层 (共9层) | 2003年建 | 2室1厅 | 84.25平米 | 南 北,https://ke-image.ljcdn.com/110000-inspection/pc1_CQPiZ4D4l_1.jpg!m_fill,w_280,h_210,f_jpg?from=ke.com
20230507,昌平,回龙观,101118229897,风雅园3区小区中间位置上下双层三居室,498万,43084元/平,顶层 (共6层) | 2000年建 | 3室1厅 | 115.59平米 | 南 北,https://ke-image.ljcdn.com/110000-inspection/pc1_FKQLAWNxj.jpg!m_fill,w_280,h_210,f_jpg?from=ke.com
20230507,昌平,回龙观,101118228873,商品房满五年家庭只一套自住装修诚心出售看房方便房主自荐,679万,62941元/平,低楼层 (共34层) 3室1厅 | 107.88平米 | 南 北,https://ke-image.ljcdn.com/110000-inspection/pc1_5JQ8kXezS.jpg!m_fill,w_280,h_210,f_jpg?from=ke.com
20230507,昌平,回龙观,101118227035,满五唯一南北通透全天采光厅挑空6米精装拎包住有车位,539万,39803元/平,高楼层 (共7层) | 2000年建 | 3室2厅 | 135.42平米 | 南 北,https://ke-image.ljcdn.com/110000-inspection/pc1_mQkCtU2XU.jpg!m_fill,w_280,h_210,f_jpg?from=ke.com
20230507,昌平,回龙观,101118226799,北郊农场宿舍 商品房满五年唯一 中间四层 大三居,512万,39988元/平,中楼层 (共6层) | 1994年建 | 3室1厅 | 128.04平米 | 南 北 东,https://ke-image.ljcdn.com/110000-inspection/e56bea2c-3b93-4f8b-ae31-e4bbc92aed5e_1000.jpg!m_fill,w_280,h_210,f_jpg?from=ke.com
20230507,昌平,回龙观,101118223083,龙城花园北二区 自住精装4层复式采光视野好！,440万,67033元/平,顶层 (共4层) 2室1厅 | 65.64平米 | 南 北,https://ke-image.ljcdn.com/110000-inspection/734f6071-48b8-4a7e-917e-e772beb5e4e2_1000.jpg!m_fill,w_280,h_210,f_jpg?from=ke.com
20230507,昌平,回龙观,101118223037,回龙观龙腾苑二区双卧朝南三居室,550万,45549元/平,顶层 (共6层) | 2003年建 | 3室2厅 | 120.75平米 | 南 北,https://ke-image.ljcdn.com/110000-inspection/pc1_cMLHgpCig_1.jpg!m_fill,w_280,h_210,f_jpg?from=ke.com
20230507,昌平,回龙观,101118213803,融泽嘉园中路1号院满五唯一两居室诚心出售,560万,63935元/平,高楼层 (共28层) | 2014年建 | 2室1厅 | 87.59平米 | 南,https://ke-image.ljcdn.com/110000-inspection/pc1_Stn3tjtcP_1.jpg!m_fill,w_280,h_210,f_jpg?from=ke.com
20230507,昌平,回龙观,101118212023,万科物业 满五唯一 南向大阳台户型 看房方便,580万,65478元/平,低楼层 (共28层) | 2012年建 | 2室1厅 | 88.58平米 | 南,https://ke-image.ljcdn.com/110000-inspection/pc1_SGYCJFCK1.jpg!m_fill,w_280,h_210,f_jpg?from=ke.com
20230507,昌平,回龙观,101118202566,北京人家电梯大三居2005年商品房,719万,52794元/平,低楼层 (共9层) | 2005年建 | 3室2厅 | 136.19平米 | 南 北,https://ke-image.ljcdn.com/110000-inspection/pc1_yjebRTI6V.jpg!m_fill,w_280,h_210,f_jpg?from=ke.com
20230507,昌平,回龙观,101118202230,满五年唯一 小区中间  精装3层 拎包入住,523万,51396元/平,中楼层 (共6层) | 2005年建 | 3室2厅 | 101.76平米 | 南 北,https://ke-image.ljcdn.com/110000-inspection/pc1_6sLjbgqUJ.jpg!m_fill,w_280,h_210,f_jpg?from=ke.com
20230507,昌平,回龙观,101118197309,融泽嘉园东一路6号院 1室1厅 南,480万,72019元/平,中楼层 (共24层) 1室1厅 | 66.65平米 | 南,https://ke-image.ljcdn.com/110000-inspection/pc1_KblRv4i1b.jpg!m_fill,w_280,h_210,f_jpg?from=ke.com
20230507,昌平,回龙观,101118188674,龙城花园W区 满五唯一自住精装采光充足,899万,46943元/平,中楼层 (共4层) | 1997年建 | 3室2厅 | 191.51平米 | 南 北,https://ke-image.ljcdn.com/110000-inspection/105103b8-3489-4ef6-aa2f-598f77e9c168_1000.jpg!m_fill,w_280,h_210,f_jpg?from=ke.com
20230507,昌平,回龙观,101118183563,商满五唯一只有契税8号线地铁站旁边就是,525万,45084元/平,中楼层 (共6层) | 2000年建 | 3室1厅 | 116.45平米 | 南 北,https://ke-image.ljcdn.com/110000-inspection/pc1_3HBFPGq66.jpg!m_fill,w_280,h_210,f_jpg?from=ke.com
20230507,昌平,回龙观,101118181330,业主自住装修中间楼栋复式视野开阔、采光充足房主自荐,548万,39763元/平,高楼层 (共7层) | 2000年建 | 3室1厅 | 137.82平米 | 南 北,https://ke-image.ljcdn.com/110000-inspection/5f69f3d5-bf9b-4bf4-93ac-7e295a617810_1000.jpg!m_fill,w_280,h_210,f_jpg?from=ke.com
20230507,昌平,回龙观,101118180960,住总万科金域华府  满五年唯一  随时签约,495万,77916元/平,低楼层 (共28层) | 2012年建 | 1室1厅 | 63.53平米 | 南,https://ke-image.ljcdn.com/110000-inspection/edc004bc-0c4c-4bd9-9dc1-c74b0f0f122c_1000.jpg!m_fill,w_280,h_210,f_jpg?from=ke.com
20230507,昌平,回龙观,101118179876,首开国风美唐三期 品质小区精装修 高楼层 小区中间房主自荐,725万,75909元/平,高楼层 (共18层) | 2016年建 | 2室1厅 | 95.51平米 | 南 北,https://ke-image.ljcdn.com/110000-inspection/b0fb3488-810d-4b42-a103-80f62f398982_1000.jpg!m_fill,w_280,h_210,f_jpg?from=ke.com
20230507,昌平,回龙观,101118178532,融泽嘉园东一路6号院 2室1厅 南,615万,70455元/平,低楼层 (共34层) | 2015年建 | 2室1厅 | 87.29平米 | 南,https://ke-image.ljcdn.com/110000-inspection/pc1_S2mapOTGh.jpg!m_fill,w_280,h_210,f_jpg?from=ke.com
20230507,昌平,回龙观,101118177879,小区中间不临街低楼层122平米大三居,500万,40684元/平,底层 (共6层) | 2000年建 | 3室2厅 | 122.9平米 | 西 北 南,https://ke-image.ljcdn.com/110000-inspection/pc1_RbiekQxMJ_1.jpg!m_fill,w_280,h_210,f_jpg?from=ke.com
20230507,昌平,回龙观,101118177306,骊龙园近地铁近医院近公园 全明格局三居双卫 落地窗,723万,55437元/平,中楼层 (共6层) | 2005年建 | 3室1厅 | 130.42平米 | 南 北,https://ke-image.ljcdn.com/110000-inspection/pc1_FwbxMogcZ_1.jpg!m_fill,w_280,h_210,f_jpg?from=ke.com
20230507,昌平,回龙观,101118173524,龙泽苑西区不临街2000年商品房满五年唯一自住复式,565万,45364元/平,高楼层 (共7层) | 2000年建 | 2室1厅 | 124.55平米 | 南 北,https://ke-image.ljcdn.com/110000-inspection/pc1_OKmJTWb0V.jpg!m_fill,w_280,h_210,f_jpg?from=ke.com
20230507,昌平,回龙观,101118173444,品质小区-中间位置-大平层-前后无遮挡-适合改善房主自荐,640万,43624元/平,中楼层 (共6层) 3室2厅 | 146.71平米 | 南 北,https://ke-image.ljcdn.com/110000-inspection/pc1_EbUlTKnOs_1.jpg!m_fill,w_280,h_210,f_jpg?from=ke.com
20230507,昌平,回龙观,101118171730,金域华府三期中间位置三居室俯瞰花园拎包入住,968万,81750元/平,高楼层 (共28层) | 2015年建 | 3室1厅 | 118.41平米 | 南 北,https://ke-image.ljcdn.com/110000-inspection/pc1_ka2aNU33G.jpg!m_fill,w_280,h_210,f_jpg?from=ke.com
20230507,昌平,回龙观,101118150940,流星花园三区电梯洋房中间位置三居业主诚意出售,718万,51096元/平,低楼层 (共6层) | 2004年建 | 3室2厅 | 140.52平米 | 南 北,https://ke-image.ljcdn.com/110000-inspection/pc1_uhxwSqfBV.jpg!m_fill,w_280,h_210,f_jpg?from=ke.com
20230507,昌平,回龙观,101118149977,把边两居室满五年随时可以签约,680万,73562元/平,中楼层 (共11层) | 2014年建 | 2室1厅 | 92.44平米 | 东 南 北,https://ke-image.ljcdn.com/110000-inspection/5e3215ec-e9b5-4e38-a2e1-9638c1df2ae6_1000.jpg!m_fill,w_280,h_210,f_jpg?from=ke.com
20230507,昌平,回龙观,101118146406,园墅小区 中间位置联排别墅 满五唯一,1650万,67615元/平,底层 (共3层) 4室2厅 | 244.03平米 | 南 北,https://ke-image.ljcdn.com/110000-inspection/2cc42b2a-a6fb-4317-80c4-9d4d049538bb_1000.jpg!m_fill,w_280,h_210,f_jpg?from=ke.com
20230507,昌平,回龙观,101118138551,水系洋房社区电梯21年精装两居室,383万,80513元/平,底层 (共11层) | 2006年建 | 2室1厅 | 47.57平米 | 东北,https://ke-image.ljcdn.com/110000-inspection/pc1_GRVBV2SIn.jpg!m_fill,w_280,h_210,f_jpg?from=ke.com
20230507,昌平,回龙观,101118133617,中楼层满五年视野开阔看房方便,620万,68013元/平,低楼层 (共18层) | 2013年建 | 2室1厅 | 91.16平米 | 南 北,https://ke-image.ljcdn.com/110000-inspection/pc1_QrECQwBze_1.jpg!m_fill,w_280,h_210,f_jpg?from=ke.com
20230507,昌平,回龙观,101118123201,北郊农场家属院优质两居室南北通透客厅南向,393万,49242元/平,顶层 (共6层) | 1995年建 | 2室1厅 | 79.81平米 | 南 北,https://ke-image.ljcdn.com/110000-inspection/pc1_pi4pnSHaB.jpg!m_fill,w_280,h_210,f_jpg?from=ke.com
20230507,昌平,回龙观,101118120611,融泽嘉园西二路2号院 2室1厅 南,495万,56475元/平,底层 (共34层) | 2016年建 | 2室1厅 | 87.65平米 | 南,https://ke-image.ljcdn.com/110000-inspection/pc1_LGdZfcEL8.jpg!m_fill,w_280,h_210,f_jpg?from=ke.com
20230507,昌平,回龙观,101118115032,首开智慧社 商品房满五年唯一 近地铁 楼龄新 交通方便房主自荐,572万,63776元/平,低楼层 (共21层) 2室1厅 | 89.69平米 | 南 西,https://ke-image.ljcdn.com/110000-inspection/pc1_U5ztD7enL.jpg!m_fill,w_280,h_210,f_jpg?from=ke.com
20230507,昌平,回龙观,101118107005,诚心出售 流星花园三区 自住好装修一居 有钥匙随时看,420万,70589元/平,低楼层 (共11层) | 2006年建 | 1室1厅 | 59.5平米 | 西 北,https://ke-image.ljcdn.com/110000-inspection/pc1_9hhWTnAbn.jpg!m_fill,w_280,h_210,f_jpg?from=ke.com
20230507,昌平,回龙观,101118106636,国风美唐二期高楼层客厅正对花园三面采光三居,800万,83490元/平,高楼层 (共20层) 3室1厅 | 95.82平米 | 西南 北,https://ke-image.ljcdn.com/110000-inspection/pc1_BWQGSa4IE.jpg!m_fill,w_280,h_210,f_jpg?from=ke.com
20230507,昌平,回龙观,101118100399,近地铁商五一中间楼层看房方便,520万,55848元/平,高楼层 (共6层) | 2006年建 | 2室1厅 | 93.11平米 | 南 北,https://ke-image.ljcdn.com/110000-inspection/05e96bdd-dee5-4c5d-96d9-e1d802e2c131_1000.jpg!m_fill,w_280,h_210,f_jpg?from=ke.com
20230507,昌平,回龙观,101118099817,京投发展公园悦府一区 2室1厅 南 北,630万,67395元/平,中楼层 (共22层) | 2015年建 | 2室1厅 | 93.48平米 | 南 北,https://ke-image.ljcdn.com/110000-inspection/pc1_88V1RFIPJ.jpg!m_fill,w_280,h_210,f_jpg?from=ke.com
20230507,昌平,回龙观,101118094410,融泽嘉园中路6号院全南两居随时入住,545万,63528元/平,高楼层 (共18层) | 2013年建 | 2室1厅 | 85.79平米 | 南,https://ke-image.ljcdn.com/110000-inspection/pc1_2D7XYVyfs.jpg!m_fill,w_280,h_210,f_jpg?from=ke.com
20230507,昌平,回龙观,101118075042,龙城花园N区叠拼别墅 不临街 南北通透,1280万,61509元/平,底层 (共4层) 4室2厅 | 208.1平米 | 南 北,https://ke-image.ljcdn.com/110000-inspection/4f10952f-19d3-4597-9aca-144af6acb96a_1000.jpg!m_fill,w_280,h_210,f_jpg?from=ke.com
20230507,昌平,回龙观,101118072413,此房满五唯一南北通透精装修业主诚意出售,559万,66899元/平,高楼层 (共31层) | 2015年建 | 2室1厅 | 83.56平米 | 南 北,https://ke-image.ljcdn.com/110000-inspection/pc1_1JxI6OEQ9_1.jpg!m_fill,w_280,h_210,f_jpg?from=ke.com
20230507,昌平,回龙观,101118071057,龙腾苑六区满五唯一配套设施齐全,605万,42851元/平,高楼层 (共6层) | 2002年建 | 3室2厅 | 141.19平米 | 南 北,https://ke-image.ljcdn.com/110000-inspection/pc1_q8iYC4uUe_1.jpg!m_fill,w_280,h_210,f_jpg?from=ke.com
20230507,昌平,回龙观,101118069741,业主可以随时签约小区中间位置安静,396万,62758元/平,低楼层 (共9层) | 2011年建 | 1室1厅 | 63.1平米 | 南,https://ke-image.ljcdn.com/110000-inspection/pc1_UpoeKDIJJ.jpg!m_fill,w_280,h_210,f_jpg?from=ke.com
20230507,昌平,回龙观,101118060958,云趣园二区4+5复式户型方正楼层好诚心出售,700万,39232元/平,中楼层 (共5层) | 2000年建 | 5室2厅 | 178.43平米 | 南 北,https://ke-image.ljcdn.com/110000-inspection/pc1_HidA2Dr2d.jpg!m_fill,w_280,h_210,f_jpg?from=ke.com
20230507,昌平,回龙观,101118059297,新龙城 A1 南北通透 高楼层 视野好 交通便利,628万,62694元/平,顶层 (共10层) 2室1厅 | 100.17平米 | 南 北,https://ke-image.ljcdn.com/110000-inspection/pc1_7S6b0ksJw.jpg!m_fill,w_280,h_210,f_jpg?from=ke.com
20230507,昌平,回龙观,101118056660,融泽嘉园中路1号院 2室1厅 南 北,539万,67057元/平,顶层 (共28层) | 2014年建 | 2室1厅 | 80.38平米 | 南 北,https://ke-image.ljcdn.com/110000-inspection/e026f5c1-5744-443a-9c2c-f2415c4eb8ad_1000.jpg!m_fill,w_280,h_210,f_jpg?from=ke.com
20230507,昌平,回龙观,101118047062,金域华府三期+满五唯一+全明格局+大飘窗+景观房,1030万,87016元/平,高楼层 (共25层) | 2015年建 | 3室1厅 | 118.37平米 | 南 北,https://ke-image.ljcdn.com/110000-inspection/93205266-1226-444b-9e7b-a2eb1d116329_1000.jpg!m_fill,w_280,h_210,f_jpg?from=ke.com
20230507,昌平,回龙观,101118043168,首开国风美唐三期 近双规地铁 采光好,620万,70906元/平,底层 (共18层) | 2016年建 | 2室1厅 | 87.44平米 | 南,https://ke-image.ljcdn.com/110000-inspection/564f5b63-3108-418f-bf78-a2cec8fd5ea6_1000.jpg!m_fill,w_280,h_210,f_jpg?from=ke.com
20230507,昌平,回龙观,101118043079,金域华府二期精装修一居室高楼层视野好,564万,83003元/平,高楼层 (共28层) | 2014年建 | 1室1厅 | 67.95平米 | 西南 北,https://ke-image.ljcdn.com/110000-inspection/pc1_tXn7PoP6d_1.jpg!m_fill,w_280,h_210,f_jpg?from=ke.com
20230507,昌平,回龙观,101118033663,通达园复式满五唯一不临街装修花费230万,700万,37824元/平,高楼层 (共7层) 4室2厅 | 185.07平米 | 南 北,https://ke-image.ljcdn.com/110000-inspection/09bea569-ed36-442c-8f69-e7c470577914_1000.jpg!m_fill,w_280,h_210,f_jpg?from=ke.com
20230507,昌平,回龙观,101118033543,北京人家 三居 南北向 3层 满五唯一 自住装修 靠谱,536万,55390元/平,中楼层 (共6层) | 2005年建 | 3室2厅 | 96.77平米 | 南 北,https://ke-image.ljcdn.com/110000-inspection/pc1_bSMBpKRat.jpg!m_fill,w_280,h_210,f_jpg?from=ke.com
20230507,昌平,回龙观,101118033346,房子是高楼层东南朝向无遮挡视野开阔,560万,66802元/平,顶层 (共22层) 2室1厅 | 83.83平米 | 东 南,https://ke-image.ljcdn.com/110000-inspection/e75618f8-480b-46d5-b75f-167932de8909_1000.jpg!m_fill,w_280,h_210,f_jpg?from=ke.com
20230507,昌平,回龙观,101118030114,商品房+满两年+6+7复式+前后带平台+坡屋顶,660万,40807元/平,高楼层 (共7层) | 2000年建 | 3室1厅 | 161.74平米 | 南 北,https://ke-image.ljcdn.com/110000-inspection/pc1_bId9Q0ECD_1.jpg!m_fill,w_280,h_210,f_jpg?from=ke.com
20230507,昌平,回龙观,101118029837,流星花园三区精装修得房率122.7%南北通透电梯房房主自荐,638万,71847元/平,顶层 (共6层) | 2003年建 | 3室1厅 | 88.8平米 | 南 北,https://ke-image.ljcdn.com/110000-inspection/pc1_RmYKzHZ6x.jpg!m_fill,w_280,h_210,f_jpg?from=ke.com
20230507,昌平,回龙观,101118017283,首开国风美唐三期全明户型满五唯一,670万,74239元/平,低楼层 (共21层) | 2016年建 | 3室1厅 | 90.25平米 | 南 北,https://ke-image.ljcdn.com/110000-inspection/c0ad9428-55a5-443d-8435-b3e7ec7c4680_1000.jpg!m_fill,w_280,h_210,f_jpg?from=ke.com
20230507,昌平,回龙观,101118016292,首开国风美唐三期 精装修 满五唯一 南北通透 中间层,676万,75481元/平,低楼层 (共21层) | 2016年建 | 3室1厅 | 89.56平米 | 南 北,https://ke-image.ljcdn.com/110000-inspection/e6dfe766-eb83-47aa-b956-ad3506758513_1000.jpg!m_fill,w_280,h_210,f_jpg?from=ke.com
20230507,昌平,回龙观,101118009762,满五年唯一首付165万 中间位置稳定签约随时看房房主自荐,392万,54513元/平,顶层 (共6层) | 1994年建 | 2室1厅 | 71.91平米 | 东 西,https://ke-image.ljcdn.com/110000-inspection/pc1_b5X9wQEZU.jpg!m_fill,w_280,h_210,f_jpg?from=ke.com
20230507,昌平,回龙观,101118005148,融泽嘉园中路2号院 中高层 朝小区 采光充足 视野开阔,469万,74315元/平,中楼层 (共32层) | 2014年建 | 1室1厅 | 63.11平米 | 南,https://ke-image.ljcdn.com/110000-inspection/pc1_g3qktixYy.jpg!m_fill,w_280,h_210,f_jpg?from=ke.com
20230507,昌平,回龙观,101118004894,此房商满五唯一中低楼层精装自住出行方便房主自荐,530万,60641元/平,低楼层 (共27层) 2室1厅 | 87.4平米 | 南,https://ke-image.ljcdn.com/110000-inspection/pc1_UMmHnT9te.jpg!m_fill,w_280,h_210,f_jpg?from=ke.com
20230507,昌平,回龙观,101117999420,满五年唯一 落地窗 全南向 小区环境安静 配套完善,550万,67935元/平,低楼层 (共31层) | 2015年建 | 2室1厅 | 80.96平米 | 南,https://ke-image.ljcdn.com/110000-inspection/887eff82-175f-4580-bf1d-e23aea6f87eb_1000.jpg!m_fill,w_280,h_210,f_jpg?from=ke.com
20230507,昌平,回龙观,101117987456,首开国风美唐二期高楼层拎包入住房主自荐,530万,65151元/平,高楼层 (共21层) | 2015年建 | 2室1厅 | 81.35平米 | 东北,https://ke-image.ljcdn.com/110000-inspection/20739085-2d23-4cdf-a256-fc6d9fae0b8a_1000.jpg!m_fill,w_280,h_210,f_jpg?from=ke.com
20230507,昌平,回龙观,101117985636,配套齐全满五年家庭名下只有这一套房子,525万,60997元/平,高楼层 (共15层) 2室1厅 | 86.07平米 | 东 北,https://ke-image.ljcdn.com/110000-inspection/pc1_PFNbw9Frw.jpg!m_fill,w_280,h_210,f_jpg?from=ke.com
20230507,昌平,回龙观,101117983600,商品房满五年唯一小区中间位置5+6层,896万,35591元/平,高楼层 (共6层) | 2003年建 | 5室2厅 | 251.75平米 | 南 北,https://ke-image.ljcdn.com/110000-inspection/pc1_kbz8B239J.jpg!m_fill,w_280,h_210,f_jpg?from=ke.com
20230507,昌平,回龙观,101117983046,龙泽苑+南北通透+上下两层大阳台+三面采光,585万,50022元/平,高楼层 (共6层) | 1999年建 | 3室2厅 | 116.95平米 | 南 北,https://ke-image.ljcdn.com/110000-inspection/pc1_4ANff7Z8t.jpg!m_fill,w_280,h_210,f_jpg?from=ke.com
20230507,昌平,回龙观,101117980223,龙锦苑四区精装复式南北通透可看景色公园早市地铁600,715万,37113元/平,高楼层 (共7层) | 2003年建 | 6室1厅 | 192.66平米 | 南 北,https://ke-image.ljcdn.com/110000-inspection/d1eec1fb-feff-457f-a2e2-39fefc87e484_1000.jpg!m_fill,w_280,h_210,f_jpg?from=ke.com
20230507,昌平,回龙观,101117973685,佰嘉城 2室1厅 东 西,405万,48486元/平,顶层 (共6层) | 2006年建 | 2室1厅 | 83.53平米 | 东 西,https://ke-image.ljcdn.com/110000-inspection/pc1_VFxRzMWdl.jpg!m_fill,w_280,h_210,f_jpg?from=ke.com
20230507,昌平,回龙观,101117972542,09年楼龄小区较新的楼栋位置好装修好可拎包入住,622万,62338元/平,中楼层 (共11层) | 2008年建 | 2室1厅 | 99.78平米 | 南 北,https://ke-image.ljcdn.com/110000-inspection/0bf4e224-bc54-4229-aab1-926f4bf31de6_1000.jpg!m_fill,w_280,h_210,f_jpg?from=ke.com
20230507,昌平,回龙观,101117972395,回龙观东大街地铁站+3居2卫+纯商品房不临街,488万,41318元/平,顶层 (共6层) 3室1厅 | 118.11平米 | 南 北,https://ke-image.ljcdn.com/110000-inspection/69d08c52-3416-4b58-a150-ed863f24bd9b_1000.jpg!m_fill,w_280,h_210,f_jpg?from=ke.com
20230507,昌平,回龙观,101117972080,低楼层满五年唯一双通透户型距离地铁站351米,488万,54986元/平,低楼层 (共6层) | 2005年建 | 2室1厅 | 88.75平米 | 南 北,https://ke-image.ljcdn.com/110000-inspection/c4415893-f93d-4ffa-84d6-06bdf42ee5b2_1000.jpg!m_fill,w_280,h_210,f_jpg?from=ke.com
20230507,昌平,回龙观,101117962164,不临街+精装修+业主诚心出售+户型方正+商品房家庭首套房主自荐,626万,53551元/平,中楼层 (共6层) | 2002年建 | 3室1厅 | 116.9平米 | 东 南 北,https://ke-image.ljcdn.com/110000-inspection/pc1_wMzRYkLiK.jpg!m_fill,w_280,h_210,f_jpg?from=ke.com
20230507,昌平,回龙观,101117961386,龙锦苑六区 5室1厅 南 北,765万,41827元/平,高楼层 (共6层) | 2003年建 | 5室1厅 | 182.9平米 | 南 北,https://ke-image.ljcdn.com/110000-inspection/8c7db9d1-3429-4522-8fd6-a46d9109d6be_1000.jpg!m_fill,w_280,h_210,f_jpg?from=ke.com
20230507,昌平,回龙观,101117959108,龙兴园中区 南北通透 户型方正 满五年,492万,52632元/平,底层 (共6层) | 2003年建 | 2室1厅 | 93.48平米 | 南 北,https://ke-image.ljcdn.com/110000-inspection/58742e87-3ba3-430a-ab05-e60ae05dd383_1000.jpg!m_fill,w_280,h_210,f_jpg?from=ke.com
20230507,昌平,回龙观,101117956628,钢混！不临街5+6复式自住装修全明格局满五唯一,599万,41974元/平,高楼层 (共6层) | 2003年建 | 3室1厅 | 142.71平米 | 南 北,https://ke-image.ljcdn.com/110000-inspection/4b78a0af-c2a3-4422-bf4b-62a66d7ac909_1000.jpg!m_fill,w_280,h_210,f_jpg?from=ke.com
20230507,昌平,回龙观,101117954764,近地铁南北通透采光好户型方正。,320万,61069元/平,高楼层 (共6层) | 1983年建 | 1室1厅 | 52.4平米 | 南 北,https://ke-image.ljcdn.com/110000-inspection/d877a6b5-b8e5-4db5-a7e2-271dafb92844_1000.jpg!m_fill,w_280,h_210,f_jpg?from=ke.com
20230507,昌平,回龙观,101117954290,电梯两居室中高层视野开阔满五年唯一购房成本低,640万,58156元/平,高楼层 (共22层) | 2002年建 | 2室1厅 | 110.05平米 | 东南,https://ke-image.ljcdn.com/110000-inspection/ed9b5027-7e7f-46fa-84a6-2236bc4e978f_1000.jpg!m_fill,w_280,h_210,f_jpg?from=ke.com
20230507,昌平,回龙观,101117939703,回龙观繁华成熟商圈 满五唯一中间楼层两居室,422万,52658元/平,中楼层 (共6层) | 2000年建 | 2室1厅 | 80.14平米 | 南 北,https://ke-image.ljcdn.com/110000-inspection/pc1_YSv1yI0hz.jpg!m_fill,w_280,h_210,f_jpg?from=ke.com
20230507,昌平,回龙观,101117935301,首开国风美唐三期 园区中间位置 精装修 明卫房主自荐,1280万,89869元/平,中楼层 (共11层) | 2016年建 | 4室2厅 | 142.43平米 | 南 北,https://ke-image.ljcdn.com/110000-inspection/f6b41abe-fb3f-410f-b2f4-af0b6e87f436_1000.jpg!m_fill,w_280,h_210,f_jpg?from=ke.com
20230507,昌平,回龙观,101117933499,龙邸 4室2厅 南 北,1368万,56078元/平,中楼层 (共6层) 4室2厅 | 243.95平米 | 南 北,https://ke-image.ljcdn.com/110000-inspection/87857d46-c87d-4a64-8f08-733fb04d3770_1000.jpg!m_fill,w_280,h_210,f_jpg?from=ke.com
20230507,昌平,回龙观,101117930311,龙锦苑六区自住精装南北通透5+6跃层看房方便,670万,35286元/平,高楼层 (共6层) | 2003年建 | 4室2厅 | 189.88平米 | 南 北,https://ke-image.ljcdn.com/110000-inspection/f31d3b81-6d4e-4170-96b2-4f68e6b96391_1000.jpg!m_fill,w_280,h_210,f_jpg?from=ke.com
20230507,昌平,回龙观,101117924908,龙腾苑四区 商品房满五唯一 小区中间位置,740万,32177元/平,高楼层 (共6层) 6室1厅 | 229.98平米 | 南 北,https://ke-image.ljcdn.com/110000-inspection/de9613df-e604-40be-a3a8-2831f159590c_1000.jpg!m_fill,w_280,h_210,f_jpg?from=ke.com
20230507,昌平,回龙观,101117923144,京投发展公园悦府一区带车位楼前无遮挡视野好,840万,73620元/平,中楼层 (共11层) | 2014年建 | 3室1厅 | 114.1平米 | 南 北,https://ke-image.ljcdn.com/110000-inspection/98f95263-b982-4b9e-8c14-19a78dd550ce_1000.jpg!m_fill,w_280,h_210,f_jpg?from=ke.com
20230507,昌平,回龙观,101117920997,单价低 复式三居室 有钥匙随时看房 首套首付340万左右,528万,34779元/平,高楼层 (共6层) | 2005年建 | 3室2厅 | 151.82平米 | 南 北,https://ke-image.ljcdn.com/110000-inspection/ffaaa38c-a1e4-4ce1-b1b2-0784537c7220_1000.jpg!m_fill,w_280,h_210,f_jpg?from=ke.com
20230507,昌平,回龙观,101117920296,新龙城新上小区中间位置中间楼层对着中间花园三居室,739万,64418元/平,中楼层 (共15层) | 2007年建 | 3室1厅 | 114.72平米 | 南 北,https://ke-image.ljcdn.com/110000-inspection/pc1_UzPgpKoSF.jpg!m_fill,w_280,h_210,f_jpg?from=ke.com
20230507,昌平,回龙观,101117918881,金达园小区南北通透两居精装修采光视野好,480万,46508元/平,顶层 (共6层) | 1998年建 | 2室2厅 | 103.21平米 | 南 北,https://ke-image.ljcdn.com/110000-inspection/pc1_xupS3dj3m_1.jpg!m_fill,w_280,h_210,f_jpg?from=ke.com
20230507,昌平,回龙观,101117916698,商品房满五年唯一南北通透装修好无遮挡,649万,70682元/平,低楼层 (共19层) | 2015年建 | 3室1厅 | 91.82平米 | 南 北,https://ke-image.ljcdn.com/110000-inspection/5bb11ad5-d16d-4674-821b-dd7fec4bbe59_1000.jpg!m_fill,w_280,h_210,f_jpg?from=ke.com
20230507,昌平,回龙观,101117908342,风雅园三区南北通透三居室小区中间位置,563万,45751元/平,中楼层 (共6层) 3室1厅 | 123.06平米 | 南 北,https://ke-image.ljcdn.com/110000-inspection/pc1_yIiBjNevP.jpg!m_fill,w_280,h_210,f_jpg?from=ke.com
20230507,昌平,回龙观,101117908102,龙跃苑三区 2室1厅 南 北,519万,48719元/平,低楼层 (共6层) 2室1厅 | 106.53平米 | 南 北,https://ke-image.ljcdn.com/110000-inspection/7250d1dd-5ca0-4063-ab5c-d0e811fb659e_1000.jpg!m_fill,w_280,h_210,f_jpg?from=ke.com
20230507,昌平,回龙观,101117907170,商五一+精装修+低楼层+中间位置两居室房主自荐,372万,52587元/平,底层 (共5层) | 2000年建 | 1室1厅 | 70.74平米 | 东 西,https://ke-image.ljcdn.com/110000-inspection/pc1_feyqTrjHU_1.jpg!m_fill,w_280,h_210,f_jpg?from=ke.com
20230507,昌平,回龙观,101117904941,回龙观 新龙城 电梯3居 商品房 满五唯一 地暖 落地窗房主自荐,599万,54794元/平,中楼层 (共8层) | 2006年建 | 3室1厅 | 109.32平米 | 东 西,https://ke-image.ljcdn.com/110000-inspection/pc1_M9Fo0BQih_1.jpg!m_fill,w_280,h_210,f_jpg?from=ke.com
20230507,昌平,回龙观,101117904696,首开国风美唐二期 自住精装修商品房满五唯一看房方便,560万,73472元/平,中楼层 (共18层) 2室1厅 | 76.22平米 | 南 北,https://ke-image.ljcdn.com/110000-inspection/d98279eb-4b59-4c52-9469-62839ea1568c_1000.jpg!m_fill,w_280,h_210,f_jpg?from=ke.com
20230507,昌平,回龙观,101117904543,龙华园 3室2厅 北 南 西房主自荐,505万,44529元/平,顶层 (共6层) | 1998年建 | 3室2厅 | 113.41平米 | 北 南 西,https://ke-image.ljcdn.com/110000-inspection/268faebd-2e32-4b77-bfc3-07a765e00f3e_1000.jpg!m_fill,w_280,h_210,f_jpg?from=ke.com
20230507,昌平,回龙观,101117904041,北京人家带电梯三居顶层诚心出售,700万,58097元/平,顶层 (共9层) | 2005年建 | 3室1厅 | 120.49平米 | 南 北,https://ke-image.ljcdn.com/110000-inspection/pc1_lGNwrHbM6.jpg!m_fill,w_280,h_210,f_jpg?from=ke.com
20230507,昌平,回龙观,101117899815,满五唯一自住精装修小区中间位置靠谱出售,529.9万,61417元/平,顶层 (共11层) | 2006年建 | 2室1厅 | 86.28平米 | 西南,https://ke-image.ljcdn.com/110000-inspection/pc1_aMfOU1Eqg_1.jpg!m_fill,w_280,h_210,f_jpg?from=ke.com
20230507,昌平,回龙观,101117899585,社区环境优美满五年唯一全朝南采光好户型方正。,451万,67984元/平,低楼层 (共30层) | 2016年建 | 1室1厅 | 66.34平米 | 南,https://ke-image.ljcdn.com/110000-inspection/pc1_ST1CIOE1t.jpg!m_fill,w_280,h_210,f_jpg?from=ke.com
20230507,昌平,回龙观,101117897157,商五年唯一 南北通透户型方正诚意出售,710万,63173元/平,低楼层 (共33层) | 2014年建 | 3室1厅 | 112.39平米 | 南 北,https://ke-image.ljcdn.com/110000-inspection/2727317a-4eeb-4f12-93ad-4a6648b6ac08_1000.jpg!m_fill,w_280,h_210,f_jpg?from=ke.com
20230507,昌平,回龙观,101117896133,融泽嘉园中路1号院满五唯一全明格局两居室,570万,57716元/平,低楼层 (共28层) | 2014年建 | 2室1厅 | 98.76平米 | 南 北,https://ke-image.ljcdn.com/110000-inspection/0dee0794-86bf-421b-97f0-f363b09b37f4_1000.jpg!m_fill,w_280,h_210,f_jpg?from=ke.com
20230507,昌平,回龙观,101117893797,龙城花园W区一层有花园采光好,1299万,67830元/平,底层 (共4层) | 1997年建 | 3室2厅 | 191.51平米 | 南 北,https://ke-image.ljcdn.com/110000-inspection/pc1_psTs6oLjS.jpg!m_fill,w_280,h_210,f_jpg?from=ke.com
20230507,昌平,回龙观,101117888787,冠庭园 钢混结构 商品房社区 产权清晰 落地窗 采光好房主自荐,499.8万,56063元/平,底层 (共7层) | 2006年建 | 2室1厅 | 89.15平米 | 南 北,https://ke-image.ljcdn.com/110000-inspection/pc1_8SEmaojRB.jpg!m_fill,w_280,h_210,f_jpg?from=ke.com
20230507,昌平,回龙观,101117886309,宽house 吉晟别墅小区中间位置边户采光好,1480万,65881元/平,底层 (共3层) | 2003年建 | 4室1厅 | 224.65平米 | 东 南 北,https://ke-image.ljcdn.com/110000-inspection/364c567e-2ef0-4b78-9f45-221a7810aa13_1000.jpg!m_fill,w_280,h_210,f_jpg?from=ke.com
20230507,昌平,回龙观,101117873598,全明三居小区中间视野开阔采光很好,545万,52399元/平,中楼层 (共7层) | 2000年建 | 3室1厅 | 104.01平米 | 东 南 北,https://ke-image.ljcdn.com/110000-inspection/pc1_54iMhRSkZ_1.jpg!m_fill,w_280,h_210,f_jpg?from=ke.com
20230507,昌平,回龙观,101117871534,金域华府一期商满五唯一精装修两居,725万,73552元/平,高楼层 (共26层) | 2012年建 | 2室2厅 | 98.57平米 | 南 北,https://ke-image.ljcdn.com/110000-inspection/bcc4055c-8d12-4343-8407-d0f3f5cd133c_1000.jpg!m_fill,w_280,h_210,f_jpg?from=ke.com
20230507,昌平,回龙观,101117866668,融泽嘉园中路12号院 明卫三居 南北双通透 诚意出售,705万,68734元/平,低楼层 (共31层) | 2015年建 | 3室1厅 | 102.57平米 | 南 北,https://ke-image.ljcdn.com/110000-inspection/07f1213e-8061-4939-83b8-45f0f6d37b40_1000.jpg!m_fill,w_280,h_210,f_jpg?from=ke.com
20230507,昌平,回龙观,101117864743,慧华苑通透大两居室中间位置满五年唯一,435万,43781元/平,顶层 (共6层) | 1996年建 | 2室1厅 | 99.36平米 | 南 北,https://ke-image.ljcdn.com/110000-inspection/pc1_MDFjhIXo9.jpg!m_fill,w_280,h_210,f_jpg?from=ke.com
20230507,昌平,回龙观,101117863184,慧华苑通透一居室满五年唯一小区中间位置,310万,57154元/平,顶层 (共6层) 1室1厅 | 54.24平米 | 南 北,https://ke-image.ljcdn.com/110000-inspection/pc1_wtm7LIJfd.jpg!m_fill,w_280,h_210,f_jpg?from=ke.com
20230507,昌平,回龙观,101117857972,满五唯一 前后花园 明卫 电梯房 配套齐全房主自荐,599万,60955元/平,低楼层 (共18层) | 2014年建 | 2室1厅 | 98.27平米 | 南 北,https://ke-image.ljcdn.com/110000-inspection/5bb14d56-1771-4d1c-89cf-edde444a129b_1000.jpg!m_fill,w_280,h_210,f_jpg?from=ke.com
20230507,昌平,回龙观,101117855019,流星花园二区 商品房 复式 5+6 精装修 格局方正房主自荐,760万,42497元/平,高楼层 (共6层) | 2003年建 | 5室2厅 | 178.84平米 | 南 北,https://ke-image.ljcdn.com/110000-inspection/pc1_85zNJK2yy.jpg!m_fill,w_280,h_210,f_jpg?from=ke.com
20230507,昌平,回龙观,101117840941,中间三层明厨明卫性质清晰诚心出售,649万,51293元/平,中楼层 (共6层) | 2002年建 | 3室1厅 | 126.53平米 | 南 西 北,https://ke-image.ljcdn.com/110000-inspection/pc1_t1eYq6hnI.jpg!m_fill,w_280,h_210,f_jpg?from=ke.com
20230507,昌平,回龙观,101117834575,精装南北两居满五唯一小区环境好房主自荐,560万,63818元/平,低楼层 (共34层) | 2016年建 | 2室1厅 | 87.75平米 | 南 北,https://ke-image.ljcdn.com/110000-inspection/pc1_hSolav1ny.jpg!m_fill,w_280,h_210,f_jpg?from=ke.com
20230507,昌平,回龙观,101117830936,商品房满五年小区中间位置视野宽阔随时可签,435万,54213元/平,高楼层 (共6层) 2室2厅 | 80.24平米 | 南 北,https://ke-image.ljcdn.com/110000-inspection/pc1_cuWoZ10u7.jpg!m_fill,w_280,h_210,f_jpg?from=ke.com
20230507,昌平,回龙观,101117829893,龙博苑一区南北通透跃层复式商品房视野无遮挡,600万,38239元/平,高楼层 (共7层) 4室2厅 | 156.91平米 | 南 北,https://ke-image.ljcdn.com/110000-inspection/pc1_OnT1Qx4na.jpg!m_fill,w_280,h_210,f_jpg?from=ke.com
20230507,昌平,回龙观,101117823596,满五年唯一商品房靠谱出售价格可谈。,515万,58999元/平,底层 (共28层) | 2014年建 | 2室1厅 | 87.29平米 | 南,https://ke-image.ljcdn.com/110000-inspection/pc1_UV3LXKQkx.jpg!m_fill,w_280,h_210,f_jpg?from=ke.com
20230507,昌平,回龙观,101117822790,万科天空之城北侧电梯好房装修好业主诚心卖房主自荐,508万,54560元/平,顶层 (共10层) | 2005年建 | 2室1厅 | 93.11平米 | 南 北,https://ke-image.ljcdn.com/110000-inspection/pc1_rOu2lztYz.jpg!m_fill,w_280,h_210,f_jpg?from=ke.com
20230507,昌平,回龙观,101117822562,矩阵二期 2室1厅 南,557万,50563元/平,底层 (共11层) | 2004年建 | 2室1厅 | 110.16平米 | 南,https://ke-image.ljcdn.com/110000-inspection/pc1_shlkA9qzN.jpg!m_fill,w_280,h_210,f_jpg?from=ke.com
20230507,昌平,回龙观,101117821435,万科品质社区+采光一居+绿化好+满五唯一,480万,74883元/平,高楼层 (共28层) 1室1厅 | 64.1平米 | 南,https://ke-image.ljcdn.com/110000-inspection/942b6d24-3787-420b-8889-71d0be8467d7_1000.jpg!m_fill,w_280,h_210,f_jpg?from=ke.com
20230507,昌平,回龙观,101117813772,带电梯满五唯一M2户型主卧客厅朝小区中间近地铁,736万,62794元/平,中楼层 (共15层) | 2007年建 | 3室1厅 | 117.21平米 | 南 北,https://ke-image.ljcdn.com/110000-inspection/pc1_wecqNOuWW_1.jpg!m_fill,w_280,h_210,f_jpg?from=ke.com
20230507,昌平,回龙观,101117813639,高楼层 满五唯一看房方便 诚心出售,449万,67887元/平,高楼层 (共34层) | 2016年建 | 1室1厅 | 66.14平米 | 南,https://ke-image.ljcdn.com/110000-inspection/pc1_OXZ6KxjSt.jpg!m_fill,w_280,h_210,f_jpg?from=ke.com
20230507,昌平,回龙观,101117810213,龙博苑一区 4室2厅 南 北,570万,36464元/平,高楼层 (共7层) | 2005年建 | 4室2厅 | 156.32平米 | 南 北,https://ke-image.ljcdn.com/110000-inspection/pc1_rTz2Gdu90.jpg!m_fill,w_280,h_210,f_jpg?from=ke.com
20230507,昌平,回龙观,101117805229,商品房满五年唯一精装修小区中间诚心出售,419万,59450元/平,高楼层 (共6层) 2室1厅 | 70.48平米 | 南 北,https://ke-image.ljcdn.com/110000-inspection/pc1_lJfK08z4p.jpg!m_fill,w_280,h_210,f_jpg?from=ke.com
20230507,昌平,回龙观,101117804505,云趣园二区自住精装修复式近地铁近公园有车位,695万,40509元/平,高楼层 (共7层) | 2000年建 | 4室2厅 | 171.57平米 | 南 北,https://ke-image.ljcdn.com/110000-inspection/pc1_gVQw4i5Ok.jpg!m_fill,w_280,h_210,f_jpg?from=ke.com
20230507,昌平,回龙观,101117803318,园墅 4室2厅 南 北,980万,60083元/平,中楼层 (共4层) | 2009年建 | 4室2厅 | 163.11平米 | 南 北,https://ke-image.ljcdn.com/110000-inspection/pc1_lMWzmXVkK.jpg!m_fill,w_280,h_210,f_jpg?from=ke.com
20230507,昌平,回龙观,101117801376,全明格局 电梯中间层 商满五唯一 无抵押产权清晰,509万,63610元/平,中楼层 (共11层) | 2008年建 | 2室1厅 | 80.02平米 | 南 北,https://ke-image.ljcdn.com/110000-inspection/8b30be9c-1793-44d7-8683-9e37c349b3db_1000.jpg!m_fill,w_280,h_210,f_jpg?from=ke.com
20230507,昌平,回龙观,101117796603,商品房满五年唯一大一居室好楼层落地窗地铁近,450万,64039元/平,中楼层 (共20层) | 2006年建 | 1室1厅 | 70.27平米 | 北,https://ke-image.ljcdn.com/110000-inspection/pc1_EGexzPhrj_1.jpg!m_fill,w_280,h_210,f_jpg?from=ke.com
20230507,昌平,回龙观,101117792153,新龙城 1室0厅 北,312万,67169元/平,底层 (共20层) | 2007年建 | 1室0厅 | 46.45平米 | 北,https://ke-image.ljcdn.com/110000-inspection/prod-7ea8ab03-c969-4967-ad47-0cc18359c84b.jpg!m_fill,w_280,h_210,f_jpg?from=ke.com
20230507,昌平,回龙观,101117791760,龙跃苑三区  自住精装 小区中间 南北通透  满五唯一,570万,47791元/平,中楼层 (共6层) | 2005年建 | 3室1厅 | 119.27平米 | 南 北,https://ke-image.ljcdn.com/110000-inspection/4fadcaf3-d281-43b6-be63-c01f1ea129c3_1000.jpg!m_fill,w_280,h_210,f_jpg?from=ke.com
20230507,昌平,回龙观,101117790022,首开智慧社主打两居南北双通透随时可看,568万,65955元/平,高楼层 (共17层) | 2011年建 | 2室1厅 | 86.12平米 | 南 北,https://ke-image.ljcdn.com/110000-inspection/pc1_Z9dI3oBwK_1.jpg!m_fill,w_280,h_210,f_jpg?from=ke.com
20230507,昌平,回龙观,101117784536,商品房满五年唯一东向一居看房方便。,445万,73566元/平,顶层 (共18层) | 2015年建 | 1室1厅 | 60.49平米 | 东,https://ke-image.ljcdn.com/110000-inspection/pc1_x9KEXk6dD.jpg!m_fill,w_280,h_210,f_jpg?from=ke.com
20230507,昌平,回龙观,101117765678,融泽嘉园中路2号院 精装修 商品房 正对小区花园,719万,63578元/平,中楼层 (共32层) 3室1厅 | 113.09平米 | 南 北,https://ke-image.ljcdn.com/110000-inspection/bd0c61c5-1241-472a-8fa8-89212f66ca0d_1000.jpg!m_fill,w_280,h_210,f_jpg?from=ke.com
20230507,昌平,回龙观,101117762495,领秀慧谷D2区 3室2厅 南 北,920万,68078元/平,中楼层 (共13层) 3室2厅 | 135.14平米 | 南 北,https://ke-image.ljcdn.com/110000-inspection/pc1_BmjXkgsHn.jpg!m_fill,w_280,h_210,f_jpg?from=ke.com
20230507,昌平,回龙观,101117755314,金域华府一期 2室1厅 南 北,720万,73231元/平,中楼层 (共28层) | 2012年建 | 2室1厅 | 98.32平米 | 南 北,https://ke-image.ljcdn.com/110000-inspection/8a40cf42-f551-4c90-8876-6e6ede117c94_1000.jpg!m_fill,w_280,h_210,f_jpg?from=ke.com
20230507,昌平,回龙观,101117746290,龙跃苑一区 商品房 四层 超棒采光和视野 随时看房签约,610万,43067元/平,中楼层 (共6层) | 2003年建 | 3室1厅 | 141.64平米 | 南 北,https://ke-image.ljcdn.com/110000-inspection/a8dfbf19-893d-4a3d-b33a-1190a5ba04bf_1000.jpg!m_fill,w_280,h_210,f_jpg?from=ke.com
20230507,昌平,回龙观,101117739463,首开国风美唐三期 人车分流 品质社区 满五唯一,668万,72311元/平,底层 (共20层) | 2016年建 | 2室1厅 | 92.38平米 | 南,https://ke-image.ljcdn.com/110000-inspection/911f79d6-7e86-4dd3-bf35-a5ab3c54d15c_1000.jpg!m_fill,w_280,h_210,f_jpg?from=ke.com
20230507,昌平,回龙观,101117736785,新龙城南北通透两居室满五唯一随时看房房主自荐,539万,55983元/平,低楼层 (共20层) | 2007年建 | 2室1厅 | 96.28平米 | 南 北,https://ke-image.ljcdn.com/110000-inspection/280a929d-7103-4d09-8ad0-8dc511b3b89d_1000.jpg!m_fill,w_280,h_210,f_jpg?from=ke.com
20230507,昌平,回龙观,101117735172,龙回苑高楼层三卧朝南采光视野好。,399万,33312元/平,顶层 (共6层) | 2004年建 | 3室1厅 | 119.78平米 | 西南,https://ke-image.ljcdn.com/110000-inspection/pc1_BrU0NI3ru.jpg!m_fill,w_280,h_210,f_jpg?from=ke.com
20230507,昌平,回龙观,101117733788,新龙城  小区中间位置  精装两居室 看房随时,530万,61379元/平,中楼层 (共5层) | 2007年建 | 2室1厅 | 86.35平米 | 东北,https://ke-image.ljcdn.com/110000-inspection/pc1_cpp6pGrXY.jpg!m_fill,w_280,h_210,f_jpg?from=ke.com
20230507,昌平,回龙观,101117731896,和谐家园一层两居商品房只有契税,515万,54753元/平,底层 (共6层) | 2006年建 | 2室1厅 | 94.06平米 | 南 北,https://ke-image.ljcdn.com/110000-inspection/9019f982-a26e-4280-941a-5e19f8bd5833_1000.jpg!m_fill,w_280,h_210,f_jpg?from=ke.com
20230507,昌平,回龙观,101117726099,龙泽苑东区电梯跃层+满五唯一+采光充足+小区中间,839万,54035元/平,顶层 (共11层) | 2003年建 | 4室2厅 | 155.27平米 | 南 西,https://ke-image.ljcdn.com/110000-inspection/pc1_CrZduJZGY.jpg!m_fill,w_280,h_210,f_jpg?from=ke.com
20230507,昌平,回龙观,101117724103,北京人家 精装四居室 满五年唯一商品房 业主诚心出售,858万,52391元/平,顶层 (共4层) | 2004年建 | 4室2厅 | 163.77平米 | 南 北,https://ke-image.ljcdn.com/110000-inspection/efb28bb9-3778-4881-8c5b-dbb58149f1f5_1000.jpg!m_fill,w_280,h_210,f_jpg?from=ke.com
20230507,昌平,回龙观,101117711729,首开国风美唐朗观 南北通透三居室 8号地铁100米有钥匙,659万,69238元/平,顶层 (共16层) | 2014年建 | 3室1厅 | 95.18平米 | 南 北,https://ke-image.ljcdn.com/110000-inspection/85d98fd9-c171-470c-b9c6-3c32ebe39848_1000.jpg!m_fill,w_280,h_210,f_jpg?from=ke.com
20230507,昌平,回龙观,101117701536,龙城花园N区 下叠4居一层有卧室花园120平有车位！,1200万,57665元/平,底层 (共4层) | 1997年建 | 4室3厅 | 208.1平米 | 南 北,https://ke-image.ljcdn.com/110000-inspection/pc1_elsYcCaBC_1.jpg!m_fill,w_280,h_210,f_jpg?from=ke.com
20230507,昌平,回龙观,101117692657,龙博苑一区 3室1厅 南 北,529万,60589元/平,中楼层 (共7层) | 2005年建 | 3室1厅 | 87.31平米 | 南 北,https://ke-image.ljcdn.com/110000-inspection/pc1_7R1dB9mY4.jpg!m_fill,w_280,h_210,f_jpg?from=ke.com
20230507,昌平,回龙观,101117658940,流星花园三区 花园洋房  满五唯一  高楼层视野开阔房主自荐,610万,55129元/平,高楼层 (共11层) | 2006年建 | 3室1厅 | 110.65平米 | 南 北,https://ke-image.ljcdn.com/110000-inspection/pc1_edzwKfpMY.jpg!m_fill,w_280,h_210,f_jpg?from=ke.com
20230507,昌平,回龙观,101117643684,落地窗  钢混结构 南北通透3居室 商品房社区环境好,668万,51727元/平,中楼层 (共6层) | 2005年建 | 3室1厅 | 129.14平米 | 南 北,https://ke-image.ljcdn.com/110000-inspection/76b3e07c-2886-4fe4-8bf9-5fa72f77261b_1000.jpg!m_fill,w_280,h_210,f_jpg?from=ke.com
20230507,昌平,回龙观,101117637538,回龙观地铁口小区中间位置5+6跃层,680万,31431元/平,高楼层 (共6层) | 2003年建 | 5室2厅 | 216.35平米 | 南 北,https://ke-image.ljcdn.com/110000-inspection/pc1_oUHQT5xnv.jpg!m_fill,w_280,h_210,f_jpg?from=ke.com
20230507,昌平,回龙观,101117637186,2005年中间楼层诚心卖离地铁近,895万,55217元/平,低楼层 (共12层) | 2005年建 | 4室1厅 | 162.09平米 | 南 北 西,https://ke-image.ljcdn.com/110000-inspection/a8c9d026-ab90-4e9f-9290-bda566ad589a_1000.jpg!m_fill,w_280,h_210,f_jpg?from=ke.com
20230507,昌平,回龙观,101117624133,大户型三居室双卫分离商品房满五年万科精装修,1040万,86022元/平,低楼层 (共27层) | 2015年建 | 3室1厅 | 120.9平米 | 南 北,https://ke-image.ljcdn.com/110000-inspection/pc1_fuWEEvG5E.jpg!m_fill,w_280,h_210,f_jpg?from=ke.com
20230507,昌平,回龙观,101117615467,龙博苑一区 南北通透三居室  看房方便,560万,54908元/平,高楼层 (共6层) | 2005年建 | 3室1厅 | 101.99平米 | 南 北,https://ke-image.ljcdn.com/110000-inspection/pc1_xI31f6W1Z.jpg!m_fill,w_280,h_210,f_jpg?from=ke.com
20230507,昌平,回龙观,101117603117,龙城花园商品房精装修拎包入住。房主自荐,440万,67033元/平,顶层 (共4层) 2室1厅 | 65.64平米 | 南 北,https://ke-image.ljcdn.com/110000-inspection/4ff3fe7d-67b0-41a8-8268-308b3582ef62_1000.jpg!m_fill,w_280,h_210,f_jpg?from=ke.com
20230507,昌平,回龙观,101117602475,龙禧苑二区 满五年 自住装修 采光视野很好,670万,30768元/平,高楼层 (共7层) | 2004年建 | 6室2厅 | 217.76平米 | 南 北,https://ke-image.ljcdn.com/110000-inspection/pc1_J3y3IuDpS.jpg!m_fill,w_280,h_210,f_jpg?from=ke.com
20230507,昌平,回龙观,101117597723,流星花园三区 南北通透两居 业主诚心出售,558万,55210元/平,中楼层 (共6层) | 2003年建 | 2室2厅 | 101.07平米 | 南 北,https://ke-image.ljcdn.com/110000-inspection/pc1_IoWdOROjK_1.jpg!m_fill,w_280,h_210,f_jpg?from=ke.com
20230507,昌平,回龙观,101117564307,商品房满五唯一四层自住精装修业主诚心出售。房主自荐,406万,61853元/平,顶层 (共4层) 2室1厅 | 65.64平米 | 南 北,https://ke-image.ljcdn.com/110000-inspection/599e7346-33aa-4b04-82cc-0b54f5a61e42_1000.jpg!m_fill,w_280,h_210,f_jpg?from=ke.com
20230507,昌平,回龙观,101117554116,龙腾苑三区 满五唯一 近地铁 南北通透房主自荐,520万,53383元/平,中楼层 (共6层) | 2002年建 | 2室2厅 | 97.41平米 | 南 北,https://ke-image.ljcdn.com/110000-inspection/pc1_JYPwv3M5r.jpg!m_fill,w_280,h_210,f_jpg?from=ke.com
20230507,昌平,回龙观,101117545326,龙腾苑二区 小区中间位置 满五唯一,780万,34255元/平,高楼层 (共6层) | 2003年建 | 3室2厅 | 227.71平米 | 南 北,https://ke-image.ljcdn.com/110000-inspection/pc1_6xo0TVt08.jpg!m_fill,w_280,h_210,f_jpg?from=ke.com
20230507,昌平,回龙观,101117545132,云趣园二区 3室1厅 南 北,503万,34851元/平,高楼层 (共7层) | 2000年建 | 3室1厅 | 144.33平米 | 南 北,https://ke-image.ljcdn.com/110000-inspection/prod-a460dd3a-d273-4b47-8f46-da516be9cbef.jpg!m_fill,w_280,h_210,f_jpg?from=ke.com
20230507,昌平,回龙观,101117538496,融泽嘉园8号院 南北向三居室 中间楼层 采光好,735万,70633元/平,中楼层 (共28层) 3室1厅 | 104.06平米 | 南 北,https://ke-image.ljcdn.com/110000-inspection/pc1_j4sb0U5St.jpg!m_fill,w_280,h_210,f_jpg?from=ke.com
20230507,昌平,回龙观,101117537631,北京人家 3室1厅 南 北房主自荐,498万,52295元/平,顶层 (共6层) | 2003年建 | 3室1厅 | 95.23平米 | 南 北,https://ke-image.ljcdn.com/110000-inspection/pc1_OGF8O0OvV.jpg!m_fill,w_280,h_210,f_jpg?from=ke.com
20230507,昌平,回龙观,101117519903,京投发展公园悦府二区 东南向 商满二 户型方正,715万,83140元/平,低楼层 (共27层) 2室2厅 | 86平米 | 东南 南,https://ke-image.ljcdn.com/110000-inspection/ecd2f392-81c4-4d39-ac1e-519de24eed67_1000.jpg!m_fill,w_280,h_210,f_jpg?from=ke.com
20230507,昌平,回龙观,101117517136,商品房满五年唯一小区中间位置中间楼层房主自荐,402万,59354元/平,高楼层 (共6层) | 1994年建 | 2室1厅 | 67.73平米 | 南 北,https://ke-image.ljcdn.com/110000-inspection/pc1_V17wNlMOs.jpg!m_fill,w_280,h_210,f_jpg?from=ke.com
20230507,昌平,回龙观,101117515986,慧华苑小区中间2层满五年唯一户型好,415万,50765元/平,低楼层 (共7层) 2室1厅 | 81.75平米 | 南 北,https://ke-image.ljcdn.com/110000-inspection/pc1_EJIbzV4rj.jpg!m_fill,w_280,h_210,f_jpg?from=ke.com
20230507,昌平,回龙观,101117429421,冠庭园 2006年商品房社区 交易之后契税,572万,49201元/平,高楼层 (共7层) | 2006年建 | 3室2厅 | 116.26平米 | 南 北,https://ke-image.ljcdn.com/110000-inspection/7d25e6d0-3d44-4b90-ae9e-95abeb56d371_1000.jpg!m_fill,w_280,h_210,f_jpg?from=ke.com
20230507,昌平,回龙观,101117404913,北店嘉园 采光充足 南北通透 商品房满五唯一,549万,39095元/平,顶层 (共6层) | 2003年建 | 4室1厅 | 140.43平米 | 南 北,https://ke-image.ljcdn.com/110000-inspection/pc1_qfe6Q5uyG.jpg!m_fill,w_280,h_210,f_jpg?from=ke.com
20230507,昌平,回龙观,101117401110,无遮挡23层商满五唯一交通便利南北通透房主自荐,575万,65557元/平,中楼层 (共34层) | 2015年建 | 2室1厅 | 87.71平米 | 南 北,https://ke-image.ljcdn.com/110000-inspection/7056aced-6c44-4c5b-9e73-f11f3ff64801_1000.jpg!m_fill,w_280,h_210,f_jpg?from=ke.com
20230507,昌平,回龙观,101117400408,新上不临街三居室满五唯一看房有钥匙,480万,40486元/平,顶层 (共6层) | 2006年建 | 3室1厅 | 118.56平米 | 南 北,https://ke-image.ljcdn.com/110000-inspection/21292864-3176-421b-af4a-ebfdd63a038d_1000.jpg!m_fill,w_280,h_210,f_jpg?from=ke.com
20230507,昌平,回龙观,101117399253,首开智慧社电梯两居室精装修出行方便房主自荐,572万,65892元/平,顶层 (共17层) | 2011年建 | 2室1厅 | 86.81平米 | 南 北,https://ke-image.ljcdn.com/110000-inspection/pc1_iYp0w3MWP.jpg!m_fill,w_280,h_210,f_jpg?from=ke.com
20230507,昌平,回龙观,101117399196,钢混结构！环境优美！物业管理好！,468万,60772元/平,低楼层 (共6层) | 2003年建 | 2室1厅 | 77.01平米 | 南 北,https://ke-image.ljcdn.com/110000-inspection/pc1_cZBZuIpTK.jpg!m_fill,w_280,h_210,f_jpg?from=ke.com
20230507,昌平,回龙观,101117396524,回龙观 新龙城 大2居 南北通透 明厨明卫 高楼层 地暖房主自荐,610万,63030元/平,顶层 (共8层) | 2007年建 | 2室1厅 | 96.78平米 | 南 北,https://ke-image.ljcdn.com/110000-inspection/pc1_xx71tFKJp.jpg!m_fill,w_280,h_210,f_jpg?from=ke.com
20230507,昌平,回龙观,101117387822,龙腾苑四区 商品房满五唯一 中间位置,660万,37346元/平,高楼层 (共6层) | 2003年建 | 5室1厅 | 176.73平米 | 南 北,https://ke-image.ljcdn.com/110000-inspection/pc1_oU3JJqT5j.jpg!m_fill,w_280,h_210,f_jpg?from=ke.com
20230507,昌平,回龙观,101117365231,商品房满五年业主诚心出售看房方便小区中间,550万,29226元/平,高楼层 (共7层) | 1996年建 | 5室2厅 | 188.19平米 | 南 北,https://ke-image.ljcdn.com/110000-inspection/pc1_CXSKo7ZhF.jpg!m_fill,w_280,h_210,f_jpg?from=ke.com
20230507,昌平,回龙观,101117353071,商品房满五唯一不临街临地铁8号线南北通透,679万,54312元/平,低楼层 (共6层) | 2006年建 | 3室1厅 | 125.02平米 | 南 北,https://ke-image.ljcdn.com/110000-inspection/71621806-f67a-4c83-a5f9-d8ede1095f91_1000.jpg!m_fill,w_280,h_210,f_jpg?from=ke.com
20230507,昌平,回龙观,101117352054,首开国风美唐三期 精装修 近双规地铁房主自荐,815万,82474元/平,顶层 (共15层) 3室1厅 | 98.82平米 | 东 南,https://ke-image.ljcdn.com/110000-inspection/87fc4234-3d95-40d2-b2c9-9a9e54a5d6ee_1000.jpg!m_fill,w_280,h_210,f_jpg?from=ke.com
20230507,昌平,回龙观,101117338876,北京人家此房满五唯一三居室随时看房,488万,51245元/平,顶层 (共6层) | 2003年建 | 3室2厅 | 95.23平米 | 南 北,https://ke-image.ljcdn.com/110000-inspection/767d8826-aa22-416b-b7f3-87b955fdde49_1000.jpg!m_fill,w_280,h_210,f_jpg?from=ke.com
20230507,昌平,回龙观,101117261635,龙泽苑东区电梯大跃层商品房满五唯一配套齐全,925万,51844元/平,顶层 (共11层) | 2003年建 | 4室3厅 | 178.42平米 | 南 北 东,https://ke-image.ljcdn.com/110000-inspection/pc1_SAYSQrcG6.jpg!m_fill,w_280,h_210,f_jpg?from=ke.com
20230507,昌平,回龙观,101117259366,龙城花园中七区 5室3厅 南 北,3500万,89839元/平,底层 (共3层) | 2003年建 | 5室3厅 | 389.59平米 | 南 北,https://ke-image.ljcdn.com/110000-inspection/8960f1ac-aeaa-47bc-a263-b92c4eb268f3_1000.jpg!m_fill,w_280,h_210,f_jpg?from=ke.com
20230507,昌平,回龙观,101117249627,龙城花园中六区 5室2厅 南 北,3300万,87378元/平,底层 (共3层) | 1997年建 | 5室2厅 | 377.67平米 | 南 北,https://ke-image.ljcdn.com/110000-inspection/pc1_LyqdLfa2E.jpg!m_fill,w_280,h_210,f_jpg?from=ke.com
20230507,昌平,回龙观,101117243642,融泽三期南向一居满五唯一视野无遮挡小区中间,462万,69600元/平,中楼层 (共31层) | 2016年建 | 1室1厅 | 66.38平米 | 南,https://ke-image.ljcdn.com/110000-inspection/pc1_SEcXj3fI5.jpg!m_fill,w_280,h_210,f_jpg?from=ke.com
20230507,昌平,回龙观,101117243472,龙兴园南区 有电梯复式 业主靠谱出售！房主自荐,728万,51672元/平,高楼层 (共7层) 3室2厅 | 140.89平米 | 南 北,https://ke-image.ljcdn.com/110000-inspection/pc1_nfrFKsUGO.jpg!m_fill,w_280,h_210,f_jpg?from=ke.com
20230507,昌平,回龙观,101117233535,首开国风美唐二期  大全南两居室 采光好 视野棒,635万,68002元/平,低楼层 (共19层) | 2015年建 | 2室1厅 | 93.38平米 | 南,https://ke-image.ljcdn.com/110000-inspection/pc1_62hSpUpwP.jpg!m_fill,w_280,h_210,f_jpg?from=ke.com
20230507,昌平,回龙观,101117226017,龙腾苑四区五+六大复式 临近地铁回龙观站,760万,33083元/平,高楼层 (共6层) | 2003年建 | 5室2厅 | 229.73平米 | 南 北,https://ke-image.ljcdn.com/110000-inspection/pc1_9lk8ABS0T.jpg!m_fill,w_280,h_210,f_jpg?from=ke.com
20230507,昌平,回龙观,101117219283,流星花园三区 电梯商品房 中间楼层,540万,52550元/平,中楼层 (共6层) | 2003年建 | 2室1厅 | 102.76平米 | 南 北,https://ke-image.ljcdn.com/110000-inspection/d5c477d0-a3c2-4151-a58a-112e60d4dc8c_1000.jpg!m_fill,w_280,h_210,f_jpg?from=ke.com
20230507,昌平,回龙观,101117217151,龙回苑小区 大复式 可拎包入住 看房提前约,635万,36560元/平,高楼层 (共7层) | 2004年建 | 4室2厅 | 173.69平米 | 南 北,https://ke-image.ljcdn.com/110000-inspection/4ac49906-e0c0-48aa-a207-22333f91f3e3_1000.jpg!m_fill,w_280,h_210,f_jpg?from=ke.com
20230507,昌平,回龙观,101117201073,全明户型 精装修拎包入住万科物业三面采光,750万,75385元/平,中楼层 (共27层) 2室1厅 | 99.49平米 | 南 西 北,https://ke-image.ljcdn.com/110000-inspection/709764d2-ff13-4129-b38d-42db73352ded_1000.jpg!m_fill,w_280,h_210,f_jpg?from=ke.com
20230507,昌平,回龙观,101117194946,满五唯一小区中间位置户型好单价低面积大,645万,35087元/平,高楼层 (共6层) | 2000年建 | 4室2厅 | 183.83平米 | 南 北,https://ke-image.ljcdn.com/110000-inspection/pc1_RsawLlAWi.jpg!m_fill,w_280,h_210,f_jpg?from=ke.com
20230507,昌平,回龙观,101117187396,店经理推荐 龙锦苑一区 商品房满五唯一居住舒适,475万,40478元/平,顶层 (共6层) | 2005年建 | 3室1厅 | 117.35平米 | 南 北,https://ke-image.ljcdn.com/110000-inspection/pc1_3nwOjeqCR.jpg!m_fill,w_280,h_210,f_jpg?from=ke.com
20230507,昌平,回龙观,101117184870,风三4室2厅2卫5+6复式三卧朝南东向双阳台满五唯一,630万,41134元/平,高楼层 (共6层) 4室2厅 | 153.16平米 | 南 北,https://ke-image.ljcdn.com/110000-inspection/1dc78ae0-f70f-444f-b39a-ea028dda750c_1000.jpg!m_fill,w_280,h_210,f_jpg?from=ke.com
20230507,昌平,回龙观,101117178362,流星花园三居室 中间楼层 南北双通透 诚意卖 看房方便,568万,51038元/平,中楼层 (共6层) | 2003年建 | 3室1厅 | 111.29平米 | 南 北,https://ke-image.ljcdn.com/110000-inspection/pc1_xck9oUJDy.jpg!m_fill,w_280,h_210,f_jpg?from=ke.com
20230507,昌平,回龙观,101117154131,满五唯一南北通透户型好诚意出售,554万,59996元/平,底层 (共28层) | 2014年建 | 2室1厅 | 92.34平米 | 南 北,https://ke-image.ljcdn.com/110000-inspection/pc1_7dqimNP7W_1.jpg!m_fill,w_280,h_210,f_jpg?from=ke.com
20230507,昌平,回龙观,101117152513,龙腾苑二区 商品房满五年唯一 精装修 中间位置,799万,35080元/平,高楼层 (共6层) 5室2厅 | 227.77平米 | 南 北,https://ke-image.ljcdn.com/110000-inspection/pc1_If06viKhP.jpg!m_fill,w_280,h_210,f_jpg?from=ke.com
20230507,昌平,回龙观,101117141110,龙腾苑四区满五唯一业主诚意出售5+6复式不临街,650万,36828元/平,高楼层 (共6层) | 2003年建 | 5室1厅 | 176.5平米 | 南 北,https://ke-image.ljcdn.com/110000-inspection/pc1_DC90WgmSB_1.jpg!m_fill,w_280,h_210,f_jpg?from=ke.com
20230507,昌平,回龙观,101117123364,龙腾苑四区园区正中精致的满五年小复式,585万,36918元/平,高楼层 (共6层) | 2003年建 | 3室2厅 | 158.46平米 | 南 北,https://ke-image.ljcdn.com/110000-inspection/pc1_YgzOFG6GY_1.jpg!m_fill,w_280,h_210,f_jpg?from=ke.com
20230507,昌平,回龙观,101117117387,华远静林湾 4室2厅 南 北,1450万,59649元/平,底层 (共3层) 4室2厅 | 243.09平米 | 南 北,https://ke-image.ljcdn.com/110000-inspection/pc1_nkuQn2YRP.jpg!m_fill,w_280,h_210,f_jpg?from=ke.com
20230507,昌平,回龙观,101117111970,龙博苑一区 满五唯一 地铁400米 中间层房主自荐,378万,63648元/平,高楼层 (共6层) | 2005年建 | 1室1厅 | 59.39平米 | 南,https://ke-image.ljcdn.com/110000-inspection/pc1_KN4XxErOo.jpg!m_fill,w_280,h_210,f_jpg?from=ke.com
20230507,昌平,回龙观,101117104519,龙锦苑六区5跃6小复式商品房自住精装价格可谈,600万,42427元/平,高楼层 (共6层) | 2003年建 | 3室2厅 | 141.42平米 | 南 北,https://ke-image.ljcdn.com/110000-inspection/pc1_SD8jSXmkn.jpg!m_fill,w_280,h_210,f_jpg?from=ke.com
20230507,昌平,回龙观,101117104398,龙泽苑东区大跃层五居室+南北通透+正常层高+露天平台,740万,39202元/平,高楼层 (共7层) | 2005年建 | 5室2厅 | 188.77平米 | 南 北,https://ke-image.ljcdn.com/110000-inspection/pc1_Cr0JSaybh.jpg!m_fill,w_280,h_210,f_jpg?from=ke.com
20230507,昌平,回龙观,101117070542,商五唯一中间位置得房率92.87%双地铁近公园,709万,49405元/平,中楼层 (共7层) 3室2厅 | 143.51平米 | 南 北,https://ke-image.ljcdn.com/110000-inspection/b9eedc15-709a-465b-a8e6-789d24b78bf6_1000.jpg!m_fill,w_280,h_210,f_jpg?from=ke.com
20230507,昌平,回龙观,101117056920,商品房南北通透199平米复式,700万,35176元/平,高楼层 (共7层) | 2000年建 | 5室2厅 | 199平米 | 南 北,https://ke-image.ljcdn.com/110000-inspection/pc1_vbHn8SgG6.jpg!m_fill,w_280,h_210,f_jpg?from=ke.com
20230507,昌平,回龙观,101117048609,金域华府一期南北通透两居室明厨明卫,750万,75385元/平,高楼层 (共27层) | 2012年建 | 2室1厅 | 99.49平米 | 南 北,https://ke-image.ljcdn.com/110000-inspection/pc1_5rGVjI3SX_1.jpg!m_fill,w_280,h_210,f_jpg?from=ke.com
20230507,昌平,回龙观,101117041541,流星花园 102平米带100平米下跃 精装修 一层出行方便,818万,79798元/平,底层 (共11层) | 2006年建 | 4室2厅 | 102.51平米 | 南 北,https://ke-image.ljcdn.com/110000-inspection/pc1_xjy2rs3KB.jpg!m_fill,w_280,h_210,f_jpg?from=ke.com
20230507,昌平,回龙观,101117027891,龙腾苑六区 5+6复式 标准层高 正规5居室,710万,35125元/平,高楼层 (共6层) | 2002年建 | 5室2厅 | 202.14平米 | 南 北 西,https://ke-image.ljcdn.com/110000-inspection/pc1_qgxtEpmhn.jpg!m_fill,w_280,h_210,f_jpg?from=ke.com
20230507,昌平,回龙观,101117015412,龙旗广场 正规三居室 满五年商品房 业主诚心出售,480万,54275元/平,顶层 (共28层) | 2010年建 | 3室1厅 | 88.44平米 | 东 西 北,https://ke-image.ljcdn.com/110000-inspection/pc1_xP6vuIivz_1.jpg!m_fill,w_280,h_210,f_jpg?from=ke.com
20230507,昌平,回龙观,101116990544,有钥匙随时看 户型方正 商品房满五年唯一住宅 落地窗,465万,52383元/平,顶层 (共6层) | 2005年建 | 2室1厅 | 88.77平米 | 南 北,https://ke-image.ljcdn.com/110000-inspection/pc1_VV8xnc7Nu.jpg!m_fill,w_280,h_210,f_jpg?from=ke.com
20230507,昌平,回龙观,101116964718,此房满五唯一南北通透格局业主诚心出售,680万,75682元/平,顶层 (共11层) | 2011年建 | 3室1厅 | 89.85平米 | 南 北,https://ke-image.ljcdn.com/110000-inspection/pc1_g2sG9pamm.jpg!m_fill,w_280,h_210,f_jpg?from=ke.com
20230507,昌平,回龙观,101116926291,金域华府一期 2室1厅 南房主自荐,650万,75749元/平,低楼层 (共26层) | 2012年建 | 2室1厅 | 85.81平米 | 南,https://ke-image.ljcdn.com/110000-inspection/pc1_YUpBDwqGg.jpg!m_fill,w_280,h_210,f_jpg?from=ke.com
20230507,昌平,回龙观,101116874416,龙泽苑西区小区C组团高挑空复式中间位置龙泽站,638万,38684元/平,高楼层 (共7层) | 2001年建 | 4室2厅 | 164.93平米 | 南 北,https://ke-image.ljcdn.com/110000-inspection/pc1_WeeH5PWlP.jpg!m_fill,w_280,h_210,f_jpg?from=ke.com
20230507,昌平,回龙观,101116820688,新龙城带电梯满五唯一自住装修小两居,539万,62624元/平,低楼层 (共15层) | 2007年建 | 2室1厅 | 86.07平米 | 东北,https://ke-image.ljcdn.com/110000-inspection/pc1_jpiBtmScq_1.jpg!m_fill,w_280,h_210,f_jpg?from=ke.com
20230507,昌平,回龙观,101116696892,风雅园二区 4室1厅 南 北房主自荐,612万,39870元/平,高楼层 (共7层) | 2000年建 | 4室1厅 | 153.5平米 | 南 北,https://ke-image.ljcdn.com/110000-inspection/pc1_QBnIBnTqG.jpg!m_fill,w_280,h_210,f_jpg?from=ke.com
20230507,昌平,回龙观,101116669152,流星花园三区 2室1厅 南 北,588万,57316元/平,高楼层 (共11层) | 2006年建 | 2室1厅 | 102.59平米 | 南 北,https://ke-image.ljcdn.com/110000-inspection/pc1_qHuAr3KgV.jpg!m_fill,w_280,h_210,f_jpg?from=ke.com
20230507,昌平,回龙观,101116597880,龙城花园中二区 独栋 挑空客厅 采光充足 全明格局！,2780万,73610元/平,底层 (共3层) | 1997年建 | 8室4厅 | 377.67平米 | 南 北,https://ke-image.ljcdn.com/110000-inspection/pc1_OGappLR5q_1.jpg!m_fill,w_280,h_210,f_jpg?from=ke.com
20230507,昌平,回龙观,101116494459,云趣园一区 5室2厅 南 北,638万,40480元/平,高楼层 (共7层) 5室2厅 | 157.61平米 | 南 北,https://ke-image.ljcdn.com/110000-inspection/af2c2e03-4441-4064-a085-dcd0ebe9c4e7_1000.jpg!m_fill,w_280,h_210,f_jpg?from=ke.com
20230507,昌平,回龙观,101116418866,领秀慧谷C区电梯3居视野采光无遮挡看房方便,648万,90339元/平,顶层 (共8层) | 2012年建 | 3室1厅 | 71.73平米 | 南 北,https://ke-image.ljcdn.com/110000-inspection/pc1_Sxno65s6I.jpg!m_fill,w_280,h_210,f_jpg?from=ke.com
20230507,昌平,回龙观,101116339617,新龙城商品房满五年唯一高楼层采光视野好小区中间位置房主自荐,635万,61915元/平,顶层 (共8层) | 2006年建 | 2室2厅 | 102.56平米 | 南 北,https://ke-image.ljcdn.com/110000-inspection/pc1_ZEWfoKDY7.jpg!m_fill,w_280,h_210,f_jpg?from=ke.com
20230507,昌平,回龙观,101116255601,北店嘉园   大复式180㎡   看房随时,540万,29399元/平,顶层 (共6层) | 2003年建 | 5室2厅 | 183.68平米 | 南 北,https://ke-image.ljcdn.com/110000-inspection/pc1_Oetv5rAgU.jpg!m_fill,w_280,h_210,f_jpg?from=ke.com
20230507,昌平,回龙观,101116235259,首开国风美唐三期 中间位置 南北通透 精装修 诚心售,1305万,91850元/平,中楼层 (共11层) 4室2厅 | 142.08平米 | 南 北,https://ke-image.ljcdn.com/110000-inspection/cb1cc519-41bc-48d0-9a18-1c404d8799c2_1000.jpg!m_fill,w_280,h_210,f_jpg?from=ke.com
20230507,昌平,回龙观,101116187618,小区中间位置中间楼层 满五唯一 诚心出售,489万,74464元/平,中楼层 (共34层) | 2016年建 | 1室1厅 | 65.67平米 | 南,https://ke-image.ljcdn.com/110000-inspection/pc1_C9tmkyTDk.jpg!m_fill,w_280,h_210,f_jpg?from=ke.com
20230507,昌平,回龙观,101116106631,佰嘉城二期2008年社区86.9平米满五唯一中间位置,395万,45455元/平,顶层 (共6层) | 2008年建 | 2室1厅 | 86.9平米 | 东 西,https://ke-image.ljcdn.com/110000-inspection/8bd55191-f7ad-495c-9a93-9016fe989ba5_1000.jpg!m_fill,w_280,h_210,f_jpg?from=ke.com
20230507,昌平,回龙观,101116079909,满五唯一南北通透诚心出售位置好配套齐全,525万,53577元/平,底层 (共28层) | 2014年建 | 2室1厅 | 97.99平米 | 南 北,https://ke-image.ljcdn.com/110000-inspection/pc1_9iyu6zSlA_1.jpg!m_fill,w_280,h_210,f_jpg?from=ke.com
20230507,昌平,回龙观,101116049901,风雅园二区南北通透交通便利视野好采光好,630万,41822元/平,高楼层 (共7层) | 2000年建 | 4室2厅 | 150.64平米 | 南 北,https://ke-image.ljcdn.com/110000-inspection/7657a275-e1fd-4361-9acb-8b3a2c982cd0_1000.jpg!m_fill,w_280,h_210,f_jpg?from=ke.com
20230507,昌平,回龙观,101116043254,天慧园南北通透复式边户多个窗户采光不错,659万,33159元/平,高楼层 (共7层) | 2000年建 | 4室2厅 | 198.74平米 | 西 南 北,https://ke-image.ljcdn.com/110000-inspection/pc1_8K98tDoVf.jpg!m_fill,w_280,h_210,f_jpg?from=ke.com
20230507,昌平,回龙观,101116015059,采光好 视野好 南北通透 小区中间位置,515万,55004元/平,中楼层 (共7层) | 2000年建 | 2室2厅 | 93.63平米 | 南 北,https://ke-image.ljcdn.com/110000-inspection/pc1_pk3gruYL3.jpg!m_fill,w_280,h_210,f_jpg?from=ke.com
20230507,昌平,回龙观,101115914874,龙城花园中三区 南北通透 独栋别墅 采光好无遮挡！,3000万,108300元/平,底层 (共3层) 6室2厅 | 277.01平米 | 南 北,https://ke-image.ljcdn.com/110000-inspection/a3b35870-e88b-4928-961e-dc5c5b05bd99_1000.jpg!m_fill,w_280,h_210,f_jpg?from=ke.com
20230507,昌平,回龙观,101115862219,4层、商品房、满五年、小区中间、采光很好、户型急售,562万,46971元/平,中楼层 (共6层) | 2005年建 | 3室1厅 | 119.65平米 | 南 北,https://ke-image.ljcdn.com/110000-inspection/93d3f660-f15a-4dd9-9e50-dd47be99cd25_1000.jpg!m_fill,w_280,h_210,f_jpg?from=ke.com
20230507,昌平,回龙观,101115780387,首开国风美唐二期 简装两居室 满五唯一仅有契税,538万,65819元/平,低楼层 (共21层) | 2015年建 | 2室1厅 | 81.74平米 | 东 西,https://ke-image.ljcdn.com/110000-inspection/6b0a8848-b343-455c-b0f4-86afa1224362_1000.jpg!m_fill,w_280,h_210,f_jpg?from=ke.com
20230507,昌平,回龙观,101115650870,首开国风美唐二期高楼层采光视野好全明格局,660万,71167元/平,高楼层 (共21层) | 2015年建 | 3室1厅 | 92.74平米 | 南 北,https://ke-image.ljcdn.com/110000-inspection/f37cc9f4-0ccb-4d9e-919f-c2dc7fc00b4d_1000.jpg!m_fill,w_280,h_210,f_jpg?from=ke.com
20230507,昌平,回龙观,101115493314,龙锦苑五区户型方正南北通透大复式,664万,39988元/平,高楼层 (共7层) | 2005年建 | 4室2厅 | 166.05平米 | 南 北,https://ke-image.ljcdn.com/110000-inspection/9b088005-1b0f-450a-88a9-ef0bf6cff2de_1000.jpg!m_fill,w_280,h_210,f_jpg?from=ke.com
20230507,昌平,回龙观,101115486435,上叠拼+北清路南+近城别墅+首层有卧室+已做储物层,1050万,48261元/平,中楼层 (共4层) | 1999年建 | 4室2厅 | 217.57平米 | 南 北,https://ke-image.ljcdn.com/110000-inspection/98b0edc9-1157-49fc-b90f-b42a2f1c3413_1000.jpg!m_fill,w_280,h_210,f_jpg?from=ke.com
20230507,昌平,回龙观,101115086848,联排别墅满五唯一户型通透无遮挡独立空间私密性好,1025万,74589元/平,底层 (共2层) 3室2厅 | 137.42平米 | 南 北,https://ke-image.ljcdn.com/110000-inspection/pc1_gUakNsdkA.jpg!m_fill,w_280,h_210,f_jpg?from=ke.com
20230507,昌平,回龙观,101115064665,60平大客厅8米挑空品质C区适合改善,799万,37445元/平,高楼层 (共7层) | 2001年建 | 5室1厅 | 213.38平米 | 南 北,https://ke-image.ljcdn.com/110000-inspection/pc1_zxm8uE9mP_1.jpg!m_fill,w_280,h_210,f_jpg?from=ke.com
20230507,昌平,回龙观,101115060109,龙兴园中区 满五年家庭一套  业主诚心出售,480万,49521元/平,低楼层 (共6层) | 1997年建 | 3室1厅 | 96.93平米 | 南 北,https://ke-image.ljcdn.com/110000-inspection/pc1_7Hb7ezIOX_1.jpg!m_fill,w_280,h_210,f_jpg?from=ke.com
20230507,昌平,回龙观,101114978098,龙腾苑四区 5+6复式 格局方正,650万,34527元/平,高楼层 (共6层) | 2003年建 | 5室1厅 | 188.26平米 | 南 北,https://ke-image.ljcdn.com/110000-inspection/pc1_rJXOYiMuA.jpg!m_fill,w_280,h_210,f_jpg?from=ke.com
20230507,昌平,回龙观,101114973277,矩阵二期商满五唯一电梯大复式不临街,1050万,58259元/平,顶层 (共6层) | 2004年建 | 4室2厅 | 180.23平米 | 南 北,https://ke-image.ljcdn.com/110000-inspection/ee866cfb-c49f-487a-9b3c-5dbae33f3617_1000.jpg!m_fill,w_280,h_210,f_jpg?from=ke.com
20230507,昌平,回龙观,101114948565,龙跃苑一区  商满五唯一  小区中间位置,633万,44691元/平,中楼层 (共6层) | 2003年建 | 3室2厅 | 141.64平米 | 南 北,https://ke-image.ljcdn.com/110000-inspection/f67d26fa-59fc-4f3e-9729-d6d6cbc44bf4_1000.jpg!m_fill,w_280,h_210,f_jpg?from=ke.com
20230507,昌平,回龙观,101114886938,龙泽苑西区2005年钢混结构三居室不临街,748万,59578元/平,中楼层 (共7层) | 2005年建 | 3室1厅 | 125.55平米 | 东 南 北,https://ke-image.ljcdn.com/110000-inspection/pc1_8dg1AcMpZ.jpg!m_fill,w_280,h_210,f_jpg?from=ke.com
20230507,昌平,回龙观,101114808171,流星花园三区 一层带私人空间  平层大四居,900万,55070元/平,底层 (共6层) | 2004年建 | 4室2厅 | 163.43平米 | 南 北,https://ke-image.ljcdn.com/110000-inspection/pc1_RoBttz2KG_1.jpg!m_fill,w_280,h_210,f_jpg?from=ke.com
20230507,昌平,回龙观,101114729247,龙泽苑西区挑空复式看房方便小区中间位置,798万,37193元/平,顶层 (共6层) | 2001年建 | 5室3厅 | 214.56平米 | 南 北,https://ke-image.ljcdn.com/110000-inspection/pc1_NI8Ryg7TT_1.jpg!m_fill,w_280,h_210,f_jpg?from=ke.com
20230507,昌平,回龙观,101114650455,商品房满五年唯一 精装修 不临街 业主诚意出售房主自荐,510万,60874元/平,顶层 (共6层) | 2003年建 | 3室1厅 | 83.78平米 | 南 北,https://ke-image.ljcdn.com/110000-inspection/pc1_Axxs6UWS4_1.jpg!m_fill,w_280,h_210,f_jpg?from=ke.com
20230507,昌平,回龙观,101114558084,商品房满五年唯一楼层好业主诚心出售房主自荐,939万,37568元/平,中楼层 (共6层) 5室2厅 | 249.95平米 | 南 北,https://ke-image.ljcdn.com/110000-inspection/fee34282-93cc-47b9-98e1-6df8afe47356_1000.jpg!m_fill,w_280,h_210,f_jpg?from=ke.com
20230507,昌平,回龙观,101114512006,园墅精装修联排别墅南北通透小区环境优美绿树成荫。,1410万,54188元/平,底层 (共3层) | 2008年建 | 4室3厅 | 260.21平米 | 南 北,https://ke-image.ljcdn.com/110000-inspection/pc1_RxTD85o1e_1.jpg!m_fill,w_280,h_210,f_jpg?from=ke.com
20230507,昌平,回龙观,101114425697,复式5+6层商品房看房方便采光好,650万,34184元/平,高楼层 (共6层) 5室1厅 | 190.15平米 | 南 北,https://ke-image.ljcdn.com/110000-inspection/pc1_EUBcGEfVM_1.jpg!m_fill,w_280,h_210,f_jpg?from=ke.com
20230507,昌平,回龙观,101114420762,流星花园三区 1层三居 带地下室 下跃房主自荐,868万,78938元/平,底层 (共11层) | 2006年建 | 3室1厅 | 109.96平米 | 南 北,https://ke-image.ljcdn.com/110000-inspection/pc1_UrITOhT7D.jpg!m_fill,w_280,h_210,f_jpg?from=ke.com
20230507,昌平,回龙观,101113976675,慧华苑通透大两居南北双阳台靠谱出售,460万,48219元/平,底层 (共6层) 2室1厅 | 95.4平米 | 南 北,https://ke-image.ljcdn.com/110000-inspection/ef842816-2643-4430-a3ca-d2ec84e7bbb9_1000.jpg!m_fill,w_280,h_210,f_jpg?from=ke.com
20230507,昌平,回龙观,101113636969,商品房满五年小区中间位置一层带下跃有采光精装修,1626万,135614元/平,底层 (共11层) | 2007年建 | 3室2厅 | 119.9平米 | 南 北,https://ke-image.ljcdn.com/110000-inspection/pc1_DPSzeM0z4_1.jpg!m_fill,w_280,h_210,f_jpg?from=ke.com
20230507,昌平,回龙观,101113602590,风雅园三区   商满五唯一    随时看房,510万,44156元/平,顶层 (共6层) | 2000年建 | 3室2厅 | 115.5平米 | 南 北,https://ke-image.ljcdn.com/110000-inspection/pc1_IGX5Y37KE_1.jpg!m_fill,w_280,h_210,f_jpg?from=ke.com
20230507,昌平,回龙观,101113566169,商品房社区6+7复式落地窗无遮挡,485万,32906元/平,高楼层 (共7层) | 2000年建 | 4室2厅 | 147.39平米 | 南 北,https://ke-image.ljcdn.com/110000-inspection/pc1_6N2UcghcZ_1.jpg!m_fill,w_280,h_210,f_jpg?from=ke.com
20230507,昌平,回龙观,101113498753,联排别墅带车位南北通透看房方便,1550万,63390元/平,底层 (共2层) | 2009年建 | 4室3厅 | 244.52平米 | 南 北,https://ke-image.ljcdn.com/110000-inspection/pc1_Clg8Oj548_1.jpg!m_fill,w_280,h_210,f_jpg?from=ke.com
20230507,昌平,回龙观,101113427990,云趣园一区此房是6+7复式 商品房 采光好 视野好,560万,34870元/平,高楼层 (共7层) | 2000年建 | 5室2厅 | 160.6平米 | 南 北,https://ke-image.ljcdn.com/110000-inspection/pc1_54bLNybq0.jpg!m_fill,w_280,h_210,f_jpg?from=ke.com
20230507,昌平,回龙观,101113418056,天慧园 满五年唯一  精装复式,633万,39528元/平,高楼层 (共7层) | 2000年建 | 3室2厅 | 160.14平米 | 南 北,https://ke-image.ljcdn.com/110000-inspection/pc1_bjkTtzYO3_1.jpg!m_fill,w_280,h_210,f_jpg?from=ke.com
20230507,昌平,回龙观,101113261244,满二年商品房 南北通透 明厨明卫全明户型,620万,63079元/平,顶层 (共7层) | 2007年建 | 2室1厅 | 98.29平米 | 南 北,https://ke-image.ljcdn.com/110000-inspection/pc1_HNs3insKn_1.jpg!m_fill,w_280,h_210,f_jpg?from=ke.com
20230507,昌平,回龙观,101113177765,流星花园一区  南花园北车库  联排别墅,1515万,50612元/平,底层 (共3层) 4室3厅 | 299.34平米 | 南 北,https://ke-image.ljcdn.com/110000-inspection/pc1_u1VAQBpbW_1.jpg!m_fill,w_280,h_210,f_jpg?from=ke.com
20230507,昌平,回龙观,101112246003,龙博苑三区户型方正单价低周边配套成熟,599万,38413元/平,高楼层 (共7层) 4室2厅 | 155.94平米 | 南 北,https://ke-image.ljcdn.com/110000-inspection/pc1_8i7UuEpaW.jpg!m_fill,w_280,h_210,f_jpg?from=ke.com
20230507,昌平,回龙观,101110070557,龙城花园中五区满两年联排中户精装,1050万,84453元/平,底层 (共2层) | 1997年建 | 2室2厅 | 124.33平米 | 北 南,https://ke-image.ljcdn.com/110000-inspection/pc1_kqEsb1wsr_1.jpg!m_fill,w_280,h_210,f_jpg?from=ke.com
20230507,昌平,回龙观,101109105763,吉晟别墅宽house户型小区中间位置 诚心出售,1450万,61895元/平,底层 (共3层) | 2003年建 | 4室1厅 | 234.27平米 | 南 北,https://ke-image.ljcdn.com/110000-inspection/pc1_E2sZ6eUXQ_1.jpg!m_fill,w_280,h_210,f_jpg?from=ke.com
20230507,昌平,回龙观,101104384224,商品房满五年业主在北京只有一套住宅平层四居房主自荐,480万,34206元/平,顶层 (共6层) | 2000年建 | 4室2厅 | 140.33平米 | 南 北,https://ke-image.ljcdn.com/110000-inspection/pc1_jq2pAFwRo_1.jpg!m_fill,w_280,h_210,f_jpg?from=ke.com
20230507,昌平,回龙观,101118038571,龙华园+中间位置+南北通透+产权清晰,430万,53331元/平,低楼层 (共7层) 3室1厅 | 80.63平米 | 南 北,https://ke-image.ljcdn.com/110000-inspection/pc1_oW13pzFup.jpg!m_fill,w_280,h_210,f_jpg?from=ke.com
20230507,昌平,回龙观,101119152705,东亚上北中心 2室1厅 东南新上,319万,37783元/平,中楼层 (共16层) | 2009年建 | 2室1厅 | 84.43平米 | 东南,https://s1.ljcdn.com/pegasus/redskull/images/common/default_house_list.png?_v=20230505182005
20230507,昌平,回龙观,101119152656,融泽嘉园中路1号院 3室1厅 南 北新上,700万,63846元/平,高楼层 (共34层) 3室1厅 | 109.64平米 | 南 北,https://s1.ljcdn.com/pegasus/redskull/images/common/default_house_list.png?_v=20230505182005
20230507,昌平,回龙观,101119138903,龙泽苑B区复式诚心出售优质好房新上,466万,38048元/平,高楼层 (共7层) 3室1厅 | 122.48平米 | 南 北,https://s1.ljcdn.com/pegasus/redskull/images/common/default_house_list.png?_v=20230505182005
20230507,昌平,回龙观,101119136395,矩阵三期不临街全南方正户型一居新上,368万,73630元/平,低楼层 (共11层) 1室0厅 | 49.98平米 | 南,https://s1.ljcdn.com/pegasus/redskull/images/common/default_house_list.png?_v=20230505182005
20230507,昌平,回龙观,101119128852,京投发展公园悦府一区 2室1厅 东 西 北新上,620万,69938元/平,高楼层 (共11层) | 2016年建 | 2室1厅 | 88.65平米 | 东 西 北,https://s1.ljcdn.com/pegasus/redskull/images/common/default_house_list.png?_v=20230505182005
20230507,昌平,回龙观,101119127349,新龙城  精装修 刚需 小户型新上,325万,70469元/平,低楼层 (共20层) 1室0厅 | 46.12平米 | 北,https://s1.ljcdn.com/pegasus/redskull/images/common/default_house_list.png?_v=20230505182005
20230507,昌平,回龙观,101119126171,新龙城 2室1厅 南 北新上,590万,50200元/平,高楼层 (共20层) 2室1厅 | 117.53平米 | 南 北,https://s1.ljcdn.com/pegasus/redskull/images/common/default_house_list.png?_v=20230505182005
20230507,昌平,回龙观,101119124447,金达园 4室1厅 南 北新上,670万,46435元/平,中楼层 (共6层) | 1998年建 | 4室1厅 | 144.29平米 | 南 北,https://s1.ljcdn.com/pegasus/redskull/images/common/default_house_list.png?_v=20230505182005
20230507,昌平,回龙观,101119122195,首开智慧社 1室1厅 西新上,160万,29835元/平,高楼层 (共19层) | 2012年建 | 1室1厅 | 53.63平米 | 西,https://s1.ljcdn.com/pegasus/redskull/images/common/default_house_list.png?_v=20230505182005
20230507,昌平,回龙观,101119121522,首开国风美唐二期 高楼层 不临街 南北通透 精装两居新上,680万,71897元/平,高楼层 (共18层) 2室2厅 | 94.58平米 | 南 北,https://s1.ljcdn.com/pegasus/redskull/images/common/default_house_list.png?_v=20230505182005
20230507,昌平,回龙观,101119120369,流星花园南向  电梯一居 落地窗 采光充足 满五唯一新上,349万,75444元/平,顶层 (共11层) 1室0厅 | 46.26平米 | 东 南,https://s1.ljcdn.com/pegasus/redskull/images/common/default_house_list.png?_v=20230505182005
20230507,昌平,回龙观,101119117713,龙跃苑东四区 3室1厅 南 北新上,635万,50147元/平,高楼层 (共6层) | 2007年建 | 3室1厅 | 126.63平米 | 南 北,https://s1.ljcdn.com/pegasus/redskull/images/common/default_house_list.png?_v=20230505182005
20230507,昌平,回龙观,101119114069,黄平路19号院 2010年电梯一居室 满五年新上,365万,59846元/平,中楼层 (共28层) | 2010年建 | 1室1厅 | 60.99平米 | 西南,https://s1.ljcdn.com/pegasus/redskull/images/common/default_house_list.png?_v=20230505182005
20230507,昌平,回龙观,101119113346,园墅 4室2厅 南 北新上,1420万,58202元/平,底层 (共3层) | 2009年建 | 4室2厅 | 243.98平米 | 南 北,https://s1.ljcdn.com/pegasus/redskull/images/common/default_house_list.png?_v=20230505182005
20230507,昌平,回龙观,101119113204,龙泽苑西区 3室1厅 南 西 北新上,560万,52971元/平,中楼层 (共7层) 3室1厅 | 105.72平米 | 南 西 北,https://s1.ljcdn.com/pegasus/redskull/images/common/default_house_list.png?_v=20230505182005
20230507,昌平,回龙观,101119107135,慧华苑 满五唯一  全明户型 拎包入住 店长首推新上,329万,52565元/平,高楼层 (共7层) 1室1厅 | 62.59平米 | 东 南 北,https://s1.ljcdn.com/pegasus/redskull/images/common/default_house_list.png?_v=20230505182005
20230507,昌平,回龙观,101119105963,和谐家园一区 3室1厅 南 北新上,650万,52063元/平,底层 (共6层) | 2006年建 | 3室1厅 | 124.85平米 | 南 北,https://s1.ljcdn.com/pegasus/redskull/images/common/default_house_list.png?_v=20230505182005
20230507,昌平,回龙观,101119104041,近地铁 双卧室朝南 中间位置 业主诚心出售新上,499万,48381元/平,中楼层 (共6层) 3室2厅 | 103.14平米 | 南 北,https://s1.ljcdn.com/pegasus/redskull/images/common/default_house_list.png?_v=20230505182005
20230507,昌平,回龙观,101119101633,首开国风美唐综合楼 无遮挡 近双规地铁新上,185万,29525元/平,中楼层 (共16层) | 2014年建 | 1室1厅 | 62.66平米 | 西,https://s1.ljcdn.com/pegasus/redskull/images/common/default_house_list.png?_v=20230505182005
20230507,昌平,回龙观,101119098320,龙博苑二区 独立下水 南北通透 阳光充足 视线无遮挡新上,443万,56212元/平,底层 (共6层) | 2004年建 | 2室1厅 | 78.81平米 | 南 北,https://s1.ljcdn.com/pegasus/redskull/images/common/default_house_list.png?_v=20230505182005
20230507,昌平,回龙观,101119097511,商品房 小区中间 南北通透 急售新上,470万,46034元/平,顶层 (共6层) 2室1厅 | 102.1平米 | 南 北,https://s1.ljcdn.com/pegasus/redskull/images/common/default_house_list.png?_v=20230505182005
20230507,昌平,回龙观,101119093708,近地铁带电梯中间楼层视野好新上,500万,56786元/平,中楼层 (共10层) | 2003年建 | 2室1厅 | 88.05平米 | 东 南 北,https://s1.ljcdn.com/pegasus/redskull/images/common/default_house_list.png?_v=20230505182005
20230507,昌平,回龙观,101119093490,产权车位位置好诚心卖出行方便,38万,12302元/平,地下室 (共13层) | 2012年建 | 1室0厅 | 30.89平米 | 东南 西北,https://s1.ljcdn.com/pegasus/redskull/images/common/default_house_list.png?_v=20230505182005
20230507,昌平,回龙观,101119093294,龙跃苑二区 精装修  户型方正新上,688万,48774元/平,中楼层 (共6层) | 2003年建 | 3室2厅 | 141.06平米 | 南 北,https://s1.ljcdn.com/pegasus/redskull/images/common/default_house_list.png?_v=20230505182005
20230507,昌平,回龙观,101119092908,万龙社区 2室1厅 南 北新上,380万,57169元/平,底层 (共6层) 2室1厅 | 66.47平米 | 南 北,https://s1.ljcdn.com/pegasus/redskull/images/common/default_house_list.png?_v=20230505182005
20230507,昌平,回龙观,101119090139,龙城花园北二区 2室1厅 南 北新上,386万,58806元/平,中楼层 (共4层) 2室1厅 | 65.64平米 | 南 北,https://s1.ljcdn.com/pegasus/redskull/images/common/default_house_list.png?_v=20230505182005
20230507,昌平,回龙观,101119078179,小区周边新规划对小区很有利刚需客户首付合适新上,445万,50632元/平,低楼层 (共6层) 2室1厅 | 87.89平米 | 南 北,https://s1.ljcdn.com/pegasus/redskull/images/common/default_house_list.png?_v=20230505182005
20230507,昌平,回龙观,101119075951,金达园 满五唯一 南北向三居室 中楼层 采光好新上,588万,48004元/平,中楼层 (共6层) | 1997年建 | 3室2厅 | 122.49平米 | 西南 北,https://s1.ljcdn.com/pegasus/redskull/images/common/default_house_list.png?_v=20230505182005
20230507,昌平,回龙观,101119075125,东亚上北中心 1室1厅 西新上,205万,39706元/平,高楼层 (共16层) | 2009年建 | 1室1厅 | 51.63平米 | 西,https://s1.ljcdn.com/pegasus/redskull/images/common/default_house_list.png?_v=20230505182005
20230507,昌平,回龙观,101119072316,小区中间东向一居低楼层自住精装修看房方便。新上,430万,71087元/平,低楼层 (共18层) 1室1厅 | 60.49平米 | 东,https://s1.ljcdn.com/pegasus/redskull/images/common/default_house_list.png?_v=20230505182005
20230507,昌平,回龙观,101119067696,融泽嘉园中路1号院满五年唯一靠谱签约诚心出售新上,678万,61839元/平,高楼层 (共34层) 3室2厅 | 109.64平米 | 南 北,https://s1.ljcdn.com/pegasus/redskull/images/common/default_house_list.png?_v=20230505182005
20230507,昌平,回龙观,101119066056,融泽嘉园中路1号院 1室1厅 南新上,415万,66390元/平,低楼层 (共33层) 1室1厅 | 62.51平米 | 南,https://s1.ljcdn.com/pegasus/redskull/images/common/default_house_list.png?_v=20230505182005
20230507,昌平,回龙观,101119046512,流星花园二区北向开间无遮挡视野开阔,295万,62368元/平,低楼层 (共11层) | 2004年建 | 1室0厅 | 47.3平米 | 北,https://s1.ljcdn.com/pegasus/redskull/images/common/default_house_list.png?_v=20230505182005
20230507,昌平,回龙观,101119040281,北回归线北向优质房源靠谱出售！,165万,31233元/平,中楼层 (共7层) | 2010年建 | 1室0厅 | 52.83平米 | 北,https://s1.ljcdn.com/pegasus/redskull/images/common/default_house_list.png?_v=20230505182005
20230507,昌平,回龙观,101119036834,尚城 1室1厅 西 北,180万,54529元/平,中楼层 (共11层) | 2009年建 | 1室1厅 | 33.01平米 | 西 北,https://s1.ljcdn.com/pegasus/redskull/images/common/default_house_list.png?_v=20230505182005
20230507,昌平,回龙观,101119017203,流星花园三区南北通透一层不临街采光也很好,760万,59232元/平,底层 (共6层) | 2004年建 | 3室1厅 | 128.31平米 | 南 北,https://s1.ljcdn.com/pegasus/redskull/images/common/default_house_list.png?_v=20230505182005
20230507,昌平,回龙观,101119015432,龙跃苑东五区 霍营地铁站E口旁 采光无遮挡 诚意出售,530万,54634元/平,底层 (共6层) 2室1厅 | 97.01平米 | 南 北,https://s1.ljcdn.com/pegasus/redskull/images/common/default_house_list.png?_v=20230505182005
20230507,昌平,回龙观,101119014871,流星花园三区 1室1厅 北,330万,72929元/平,中楼层 (共11层) 1室1厅 | 45.25平米 | 北,https://s1.ljcdn.com/pegasus/redskull/images/common/default_house_list.png?_v=20230505182005
20230507,昌平,回龙观,101119012214,融泽嘉园中路1号院 2室1厅 南,540万,61651元/平,高楼层 (共28层) | 2014年建 | 2室1厅 | 87.59平米 | 南,https://s1.ljcdn.com/pegasus/redskull/images/common/default_house_list.png?_v=20230505182005
20230507,昌平,回龙观,101119009004,中间位置楼层好前无遮挡商满五唯一三个阳台。,570万,46293元/平,中楼层 (共7层) 3室1厅 | 123.13平米 | 南 北 东,https://s1.ljcdn.com/pegasus/redskull/images/common/default_house_list.png?_v=20230505182005
20230507,昌平,回龙观,101119008011,龙跃苑二区优质房源业主靠谱出售！,570万,45637元/平,高楼层 (共6层) | 2003年建 | 3室1厅 | 124.9平米 | 南 北,https://s1.ljcdn.com/pegasus/redskull/images/common/default_house_list.png?_v=20230505182005
20230507,昌平,回龙观,101119007092,满五年唯一  低楼层 上下方便 近地铁,413万,66528元/平,底层 (共6层) | 2004年建 | 1室1厅 | 62.08平米 | 南,https://s1.ljcdn.com/pegasus/redskull/images/common/default_house_list.png?_v=20230505182005
20230507,昌平,回龙观,101119007054,北京人家满五年唯一南北双通透中间楼层,528万,56314元/平,中楼层 (共5层) | 2005年建 | 2室2厅 | 93.76平米 | 南 北,https://s1.ljcdn.com/pegasus/redskull/images/common/default_house_list.png?_v=20230505182005
20230507,昌平,回龙观,101118996540,户型方正使用上没有浪费面积 空间合理,142万,38183元/平,高楼层 (共21层) | 2009年建 | 1室1厅 | 37.19平米 | 北,https://s1.ljcdn.com/pegasus/redskull/images/common/default_house_list.png?_v=20230505182005
20230507,昌平,回龙观,101118995781,尚城 3室2厅 南,300万,44757元/平,低楼层 (共11层) | 2011年建 | 3室2厅 | 67.03平米 | 南,https://s1.ljcdn.com/pegasus/redskull/images/common/default_house_list.png?_v=20230505182005
20230507,昌平,回龙观,101118995204,此房满五唯一南北通透 采光位置好,560万,67018元/平,低楼层 (共31层) 2室1厅 | 83.56平米 | 南 北,https://s1.ljcdn.com/pegasus/redskull/images/common/default_house_list.png?_v=20230505182005
20230507,昌平,回龙观,101118989642,龙腾苑六区 3室1厅 南 北房主自荐,638万,45188元/平,高楼层 (共6层) | 2002年建 | 3室1厅 | 141.19平米 | 南 北,https://s1.ljcdn.com/pegasus/redskull/images/common/default_house_list.png?_v=20230505182005
20230507,昌平,回龙观,101118986769,龙锦苑四区 5室2厅 北 南,758万,40352元/平,高楼层 (共6层) | 2003年建 | 5室2厅 | 187.85平米 | 北 南,https://s1.ljcdn.com/pegasus/redskull/images/common/default_house_list.png?_v=20230505182005
20230507,昌平,回龙观,101118986267,天露园一区 2室1厅 南 北,470万,48161元/平,中楼层 (共6层) | 2008年建 | 2室1厅 | 97.59平米 | 南 北,https://s1.ljcdn.com/pegasus/redskull/images/common/default_house_list.png?_v=20230505182005
20230507,昌平,回龙观,101118980049,满五唯一自住精装楼层适中得房率83%南北通透,680万,71897元/平,低楼层 (共18层) 2室1厅 | 94.58平米 | 北 南,https://s1.ljcdn.com/pegasus/redskull/images/common/default_house_list.png?_v=20230505182005
20230507,昌平,回龙观,101118975797,龙泽苑东区 2室1厅 东 南,578万,58114元/平,中楼层 (共11层) | 2005年建 | 2室1厅 | 99.46平米 | 东 南,https://s1.ljcdn.com/pegasus/redskull/images/common/default_house_list.png?_v=20230505182005
20230507,昌平,回龙观,101118974897,龙跃苑一区 小区中间位置  商满五唯一,650万,46012元/平,低楼层 (共6层) 3室2厅 | 141.27平米 | 南 北,https://s1.ljcdn.com/pegasus/redskull/images/common/default_house_list.png?_v=20230505182005
20230507,昌平,回龙观,101118973895,回龙观 紫晶七星广场 商办房 随时可签,96万,20156元/平,地下室 (共5层) | 2014年建 | 1室0厅 | 47.63平米 | 西,https://s1.ljcdn.com/pegasus/redskull/images/common/default_house_list.png?_v=20230505182005
20230507,昌平,回龙观,101118959007,金域华府一期 车位,15万,4706元/平,地下室 (共1层) 1室0厅 | 31.88平米 | 南,https://s1.ljcdn.com/pegasus/redskull/images/common/default_house_list.png?_v=20230505182005
20230507,昌平,回龙观,101118957971,新龙城满五唯一好楼层明厨明卫南北通透双卫,589万,57706元/平,高楼层 (共20层) | 2007年建 | 2室1厅 | 102.07平米 | 南 北,https://s1.ljcdn.com/pegasus/redskull/images/common/default_house_list.png?_v=20230505182005
20230507,昌平,回龙观,101118932026,首开国风美唐综合楼东向无遮挡中间层房源,158万,32010元/平,中楼层 (共16层) 1室0厅 | 49.36平米 | 东,https://s1.ljcdn.com/pegasus/redskull/images/common/default_house_list.png?_v=20230505182005
20230507,昌平,回龙观,101118926660,万科物业、满五唯一、南北通透、电梯房、集中供暖,600万,66801元/平,中楼层 (共28层) | 2012年建 | 2室1厅 | 89.82平米 | 南 北,https://s1.ljcdn.com/pegasus/redskull/images/common/default_house_list.png?_v=20230505182005
20230507,昌平,回龙观,101118925227,TBD住总万科天地 2室1厅 西,240万,47069元/平,中楼层 (共18层) 2室1厅 | 50.99平米 | 西,https://s1.ljcdn.com/pegasus/redskull/images/common/default_house_list.png?_v=20230505182005
20230507,昌平,回龙观,101118925222,TBD住总万科天地 2室1厅 西,240万,47069元/平,中楼层 (共18层) 2室1厅 | 50.99平米 | 西,https://s1.ljcdn.com/pegasus/redskull/images/common/default_house_list.png?_v=20230505182005
20230507,昌平,回龙观,101118918277,地铁13号线和8号线 龙跃东二区   商品房小区中间,573万,46036元/平,高楼层 (共6层) | 2007年建 | 3室1厅 | 124.47平米 | 南 北,https://s1.ljcdn.com/pegasus/redskull/images/common/default_house_list.png?_v=20230505182005
20230507,昌平,回龙观,101118912753,万科开发 南北通透  满五唯一 方正两居  看房方便,548万,60439元/平,顶层 (共28层) 2室1厅 | 90.67平米 | 南 西 北,https://s1.ljcdn.com/pegasus/redskull/images/common/default_house_list.png?_v=20230505182005
20230507,昌平,回龙观,101118912075,龙禧苑一区 4室2厅 南 北,650万,38709元/平,高楼层 (共6层) | 2003年建 | 4室2厅 | 167.92平米 | 南 北,https://s1.ljcdn.com/pegasus/redskull/images/common/default_house_list.png?_v=20230505182005
20230507,昌平,回龙观,101118901152,金域华府 南北通透精装修 满五唯一 采光好,730万,73626元/平,高楼层 (共27层) | 2012年建 | 2室1厅 | 99.15平米 | 南 北,https://s1.ljcdn.com/pegasus/redskull/images/common/default_house_list.png?_v=20230505182005
20230507,昌平,回龙观,101118894315,龙跃苑四区 4室1厅 南 西 北,630万,40562元/平,高楼层 (共6层) | 2005年建 | 4室1厅 | 155.32平米 | 南 西 北,https://s1.ljcdn.com/pegasus/redskull/images/common/default_house_list.png?_v=20230505182005
20230507,昌平,回龙观,101118884796,领秀慧谷D区商品房-高楼层-有电梯,940万,67418元/平,中楼层 (共13层) 3室2厅 | 139.43平米 | 南 北,https://s1.ljcdn.com/pegasus/redskull/images/common/default_house_list.png?_v=20230505182005
20230507,昌平,回龙观,101118876285,融泽嘉园中路2号院满五年唯一两居室诚意出售,528万,60907元/平,中楼层 (共18层) | 2014年建 | 2室1厅 | 86.69平米 | 南,https://s1.ljcdn.com/pegasus/redskull/images/common/default_house_list.png?_v=20230505182005
20230507,昌平,回龙观,101118875203,商品房满五年 不临街不把边 采光好 视野没遮挡,519万,50194元/平,中楼层 (共6层) | 2005年建 | 2室1厅 | 103.4平米 | 南 北,https://s1.ljcdn.com/pegasus/redskull/images/common/default_house_list.png?_v=20230505182005
20230507,昌平,回龙观,101118858663,东亚上北中心 东南朝向 位置好 出行方便 好出租,310万,38794元/平,低楼层 (共21层) | 2009年建 | 2室1厅 | 79.91平米 | 东南,https://s1.ljcdn.com/pegasus/redskull/images/common/default_house_list.png?_v=20230505182005
20230507,昌平,回龙观,101118858094,融泽嘉园中路6号院满五年南北两居,550万,55770元/平,中楼层 (共25层) 2室1厅 | 98.62平米 | 南 北,https://s1.ljcdn.com/pegasus/redskull/images/common/default_house_list.png?_v=20230505182005
20230507,昌平,回龙观,101118846683,龙兴园北区 3室1厅 南 北,480万,48073元/平,低楼层 (共6层) 3室1厅 | 99.85平米 | 南 北,https://s1.ljcdn.com/pegasus/redskull/images/common/default_house_list.png?_v=20230505182005
20230507,昌平,回龙观,101118834533,首开国风美唐一期 南北通透两居室,730万,78092元/平,中楼层 (共11层) | 2012年建 | 2室1厅 | 93.48平米 | 南 北,https://s1.ljcdn.com/pegasus/redskull/images/common/default_house_list.png?_v=20230505182005
20230507,昌平,回龙观,101118834314,矩阵二期东南向开间 精装修采光好,389万,72806元/平,中楼层 (共11层) | 2004年建 | 1室0厅 | 53.43平米 | 东南,https://s1.ljcdn.com/pegasus/redskull/images/common/default_house_list.png?_v=20230505182005
20230507,昌平,回龙观,101118831537,首开国风美唐三期 车位,20万,5394元/平,地下室 (共18层) 1室0厅 | 37.08平米 | 东,https://s1.ljcdn.com/pegasus/redskull/images/common/default_house_list.png?_v=20230505182005
20230507,昌平,回龙观,101118830000,小区中间位置南向电梯房满两年户型方正,360万,78075元/平,中楼层 (共11层) | 2006年建 | 1室0厅 | 46.11平米 | 南,https://s1.ljcdn.com/pegasus/redskull/images/common/default_house_list.png?_v=20230505182005
20230507,昌平,回龙观,101118806628,2居的价买3居+临地铁+付款周期无要求+双落地窗,439万,37088元/平,顶层 (共6层) | 2006年建 | 3室1厅 | 118.37平米 | 南 北,https://s1.ljcdn.com/pegasus/redskull/images/common/default_house_list.png?_v=20230505182005
20230507,昌平,回龙观,101118799309,带电梯 低楼层 新小区 质量好,180万,27646元/平,地下室 (共5层) | 2014年建 | 1室1厅 | 65.11平米 | 西,https://s1.ljcdn.com/pegasus/redskull/images/common/default_house_list.png?_v=20230505182005
20230507,昌平,回龙观,101118795130,商满五唯一靠谱出售看房随时,519万,44990元/平,顶层 (共6层) 3室1厅 | 115.36平米 | 南 北,https://s1.ljcdn.com/pegasus/redskull/images/common/default_house_list.png?_v=20230505182005
20230507,昌平,回龙观,101118791204,龙腾苑二区高楼层三居室视野采光好层高2.95米房主自荐,488万,41262元/平,顶层 (共6层) | 2003年建 | 3室1厅 | 118.27平米 | 南 北,https://s1.ljcdn.com/pegasus/redskull/images/common/default_house_list.png?_v=20230505182005
20230507,昌平,回龙观,101118787435,首开国风美唐二期 1室1厅 东 西,460万,76109元/平,中楼层 (共18层) | 2014年建 | 1室1厅 | 60.44平米 | 东 西,https://s1.ljcdn.com/pegasus/redskull/images/common/default_house_list.png?_v=20230505182005
20230507,昌平,回龙观,101118783327,东亚上北中心 1室1厅 南,240万,40101元/平,低楼层 (共18层) | 2009年建 | 1室1厅 | 59.85平米 | 南,https://s1.ljcdn.com/pegasus/redskull/images/common/default_house_list.png?_v=20230505182005
20230507,昌平,回龙观,101118778613,户型方正 有两个落地窗阳 台高楼层视野辽阔自住精装,550万,67229元/平,高楼层 (共22层) 2室1厅 | 81.81平米 | 南,https://s1.ljcdn.com/pegasus/redskull/images/common/default_house_list.png?_v=20230505182005
20230507,昌平,回龙观,101118775751,天龙苑+南北通透大一居+钢混结构,495万,66865元/平,中楼层 (共11层) 1室2厅 | 74.03平米 | 南 北,https://s1.ljcdn.com/pegasus/redskull/images/common/default_house_list.png?_v=20230505182005
20230507,昌平,回龙观,101118771909,东亚上北中心 1室1厅 北,148万,38512元/平,顶层 (共21层) | 2009年建 | 1室1厅 | 38.43平米 | 北,https://s1.ljcdn.com/pegasus/redskull/images/common/default_house_list.png?_v=20230505182005
20230507,昌平,回龙观,101118765814,金域华府一期 1室1厅 南房主自荐,495万,77916元/平,中楼层 (共28层) | 2012年建 | 1室1厅 | 63.53平米 | 南,https://s1.ljcdn.com/pegasus/redskull/images/common/default_house_list.png?_v=20230505182005
20230507,昌平,回龙观,101118763507,金达园 2室2厅 南 北,480万,48135元/平,低楼层 (共6层) | 1998年建 | 2室2厅 | 99.72平米 | 南 北,https://s1.ljcdn.com/pegasus/redskull/images/common/default_house_list.png?_v=20230505182005
20230507,昌平,回龙观,101118761901,北京市昌平区回龙观镇首开智慧社,150万,29349元/平,中楼层 (共19层) | 2011年建 | 1室1厅 | 51.11平米 | 西,https://s1.ljcdn.com/pegasus/redskull/images/common/default_house_list.png?_v=20230505182005
20230507,昌平,回龙观,101118761048,琥珀天地 1室0厅 西,100万,27980元/平,中楼层 (共5层) | 2011年建 | 1室0厅 | 35.74平米 | 西,https://s1.ljcdn.com/pegasus/redskull/images/common/default_house_list.png?_v=20230505182005
20230507,昌平,回龙观,101118756797,金达园 1室1厅 东,296万,51985元/平,中楼层 (共5层) | 1998年建 | 1室1厅 | 56.94平米 | 东,https://s1.ljcdn.com/pegasus/redskull/images/common/default_house_list.png?_v=20230505182005
20230507,昌平,回龙观,101118751484,精装修5+6层复式采光好户型方正,640万,38017元/平,高楼层 (共6层) | 2003年建 | 4室2厅 | 168.35平米 | 南 北,https://s1.ljcdn.com/pegasus/redskull/images/common/default_house_list.png?_v=20230505182005
20230507,昌平,回龙观,101118751330,龙兴园中区 3室2厅 南 北,650万,50412元/平,中楼层 (共6层) | 2003年建 | 3室2厅 | 128.94平米 | 南 北,https://s1.ljcdn.com/pegasus/redskull/images/common/default_house_list.png?_v=20230505182005
20230507,昌平,回龙观,101118749937,天龙苑三期商品房钢混结构不临街,560万,59951元/平,底层 (共10层) | 2007年建 | 2室1厅 | 93.41平米 | 南 北,https://s1.ljcdn.com/pegasus/redskull/images/common/default_house_list.png?_v=20230505182005
20230507,昌平,回龙观,101118747749,领秀慧谷D2区 次新房 小区中间位置   品质房 诚心出售,560万,71320元/平,中楼层 (共13层) 2室1厅 | 78.52平米 | 南,https://s1.ljcdn.com/pegasus/redskull/images/common/default_house_list.png?_v=20230505182005
20230507,昌平,回龙观,101118744209,天巢园 精装修两居 满五唯一  靠谱出售,505万,60241元/平,低楼层 (共22层) 2室1厅 | 83.83平米 | 东南,https://s1.ljcdn.com/pegasus/redskull/images/common/default_house_list.png?_v=20230505182005
20230507,昌平,回龙观,101118744156,上北鑫座 1室0厅 北,115万,28880元/平,中楼层 (共7层) | 2012年建 | 1室0厅 | 39.82平米 | 北,https://s1.ljcdn.com/pegasus/redskull/images/common/default_house_list.png?_v=20230505182005
20230507,昌平,回龙观,101118732645,龙腾苑四区 3室1厅 南 北,709万,50618元/平,底层 (共6层) 3室1厅 | 140.07平米 | 南 北,https://s1.ljcdn.com/pegasus/redskull/images/common/default_house_list.png?_v=20230505182005
20230507,昌平,回龙观,101118730371,龙回苑商品房满五唯一采光好视野佳,590万,46410元/平,中楼层 (共7层) | 2004年建 | 3室2厅 | 127.13平米 | 南 北,https://s1.ljcdn.com/pegasus/redskull/images/common/default_house_list.png?_v=20230505182005
20230507,昌平,回龙观,101118726570,南向+中间楼层+有电梯+高得房率+满五唯一,419万,66006元/平,中楼层 (共11层) | 2011年建 | 1室1厅 | 63.48平米 | 南,https://s1.ljcdn.com/pegasus/redskull/images/common/default_house_list.png?_v=20230505182005
20230507,昌平,回龙观,101118725451,商品房满五年唯一 采光充足 中间层,600万,67145元/平,中楼层 (共21层) | 2011年建 | 2室2厅 | 89.36平米 | 南 北,https://s1.ljcdn.com/pegasus/redskull/images/common/default_house_list.png?_v=20230505182005
20230507,昌平,回龙观,101118722089,南北通透三三居室 户型方正 采光充足 业主诚信出售,720万,56462元/平,低楼层 (共6层) | 2003年建 | 3室1厅 | 127.52平米 | 南 北,https://s1.ljcdn.com/pegasus/redskull/images/common/default_house_list.png?_v=20230505182005
20230507,昌平,回龙观,101118711842,东亚上北中心 2室1厅 东南,316万,39604元/平,低楼层 (共18层) | 2009年建 | 2室1厅 | 79.79平米 | 东南,https://s1.ljcdn.com/pegasus/redskull/images/common/default_house_list.png?_v=20230505182005
20230507,昌平,回龙观,101118707647,户型方正使用上没有浪费面积 空间合理西向,208万,32943元/平,顶层 (共21层) | 2009年建 | 1室1厅 | 63.14平米 | 西,https://s1.ljcdn.com/pegasus/redskull/images/common/default_house_list.png?_v=20230505182005
20230507,昌平,回龙观,101118704128,商品房满五年 落地窗 板楼 得房率90%,510万,54810元/平,顶层 (共6层) | 2006年建 | 2室1厅 | 93.05平米 | 南 北,https://s1.ljcdn.com/pegasus/redskull/images/common/default_house_list.png?_v=20230505182005
20230507,昌平,回龙观,101118701671,东亚上北中心 1室1厅 南,258万,43173元/平,低楼层 (共20层) | 2009年建 | 1室1厅 | 59.76平米 | 南,https://s1.ljcdn.com/pegasus/redskull/images/common/default_house_list.png?_v=20230505182005
20230507,昌平,回龙观,101118691056,融泽嘉园中路6号院全南向两居室,560万,64546元/平,高楼层 (共27层) | 2013年建 | 2室1厅 | 86.76平米 | 南,https://s1.ljcdn.com/pegasus/redskull/images/common/default_house_list.png?_v=20230505182005
20230507,昌平,回龙观,101118690337,随时预约看房上北鑫座高楼层开间采光视野好房主自荐,115万,30521元/平,中楼层 (共7层) | 2012年建 | 1室0厅 | 37.68平米 | 西北,https://s1.ljcdn.com/pegasus/redskull/images/common/default_house_list.png?_v=20230505182005
20230507,昌平,回龙观,101118684563,流星花园二区 小区中间位置 三居室满五唯一 业主诚售,496万,44569元/平,顶层 (共6层) | 2003年建 | 3室1厅 | 111.29平米 | 南 北,https://s1.ljcdn.com/pegasus/redskull/images/common/default_house_list.png?_v=20230505182005
20230507,昌平,回龙观,101118681371,通达园平层四居室可四世同堂居住。,890万,52136元/平,底层 (共7层) | 2000年建 | 4室2厅 | 170.71平米 | 南 北,https://s1.ljcdn.com/pegasus/redskull/images/common/default_house_list.png?_v=20230505182005
20230507,昌平,回龙观,101118678515,西二旗金达园  南北通透大两居   满五唯一,486万,48528元/平,高楼层 (共6层) | 1998年建 | 2室2厅 | 100.15平米 | 南 北,https://s1.ljcdn.com/pegasus/redskull/images/common/default_house_list.png?_v=20230505182005
20230507,昌平,回龙观,101118673500,龙兴园北区 3室2厅 南 北,550万,46410元/平,顶层 (共6层) | 2002年建 | 3室2厅 | 118.51平米 | 南 北,https://s1.ljcdn.com/pegasus/redskull/images/common/default_house_list.png?_v=20230505182005
20230507,昌平,回龙观,101118671103,北京人家-双卧朝南-三居两卫-中楼层-无遮挡-视野开阔房主自荐,615万,54162元/平,高楼层 (共6层) | 2004年建 | 3室2厅 | 113.55平米 | 南 北,https://s1.ljcdn.com/pegasus/redskull/images/common/default_house_list.png?_v=20230505182005
20230507,昌平,回龙观,101118667988,总高6层板楼一梯两户房子在2层三居两卫采光很好,625万,49651元/平,低楼层 (共6层) | 2005年建 | 3室1厅 | 125.88平米 | 南 北,https://s1.ljcdn.com/pegasus/redskull/images/common/default_house_list.png?_v=20230505182005
20230507,昌平,回龙观,101118660334,新龙城眼镜户型满五唯一电梯好楼层采光好全明,650万,56483元/平,低楼层 (共20层) 3室1厅 | 115.08平米 | 南 北,https://ke-image.ljcdn.com/110000-inspection/61fa9e2d-85b7-40b9-b867-83b23269ed9f.jpeg!m_fill,w_280,h_210,f_jpg?from=ke.com
20230507,昌平,回龙观,101118650416,店经理推荐  商品房 满五年 唯一住房 急售 随时签约,550万,43610元/平,中楼层 (共6层) | 2005年建 | 3室1厅 | 126.12平米 | 南 北,https://s1.ljcdn.com/pegasus/redskull/images/common/default_house_list.png?_v=20230505182005
20230507,昌平,回龙观,101118635937,房子格局不错 业主人好 诚心卖,499万,38845元/平,高楼层 (共6层) | 2008年建 | 3室1厅 | 128.46平米 | 南 北,https://s1.ljcdn.com/pegasus/redskull/images/common/default_house_list.png?_v=20230505182005
20230507,昌平,回龙观,101118634861,首开国风美唐二期  地下车位全款买,13万,3816元/平,地下室 (共21层) | 2015年建 | 1室0厅 | 34.07平米 | 东 南 西 北,https://ke-image.ljcdn.com/110000-inspection/45698da6c526be047a429ad45dd97baa-084.jpg!m_fill,w_280,h_210,f_jpg?from=ke.com
20230507,昌平,回龙观,101118622663,东西通透  带落地窗  采光好 楼龄新,525万,64823元/平,低楼层 (共21层) | 2014年建 | 2室1厅 | 80.99平米 | 东 西,https://s1.ljcdn.com/pegasus/redskull/images/common/default_house_list.png?_v=20230505182005
20230507,昌平,回龙观,101118619670,融泽嘉园104三居 户型方正 南北通透,720万,69890元/平,低楼层 (共34层) | 2016年建 | 3室1厅 | 103.02平米 | 南 北,https://s1.ljcdn.com/pegasus/redskull/images/common/default_house_list.png?_v=20230505182005
20230507,昌平,回龙观,101118598947,东亚上北中心 户型方正 配套齐全 交通便利,218万,36962元/平,高楼层 (共18层) | 2009年建 | 1室1厅 | 58.98平米 | 西北,https://s1.ljcdn.com/pegasus/redskull/images/common/default_house_list.png?_v=20230505182005
20230507,昌平,回龙观,101118576977,龙华园单价3.72万13号线龙泽配套成熟新改造小区,418万,37272元/平,高楼层 (共7层) 3室2厅 | 112.15平米 | 南 北,https://s1.ljcdn.com/pegasus/redskull/images/common/default_house_list.png?_v=20230505182005
20230507,昌平,回龙观,101118571223,上北鑫座 1室0厅 北,113万,30418元/平,低楼层 (共7层) | 2012年建 | 1室0厅 | 37.15平米 | 北,https://s1.ljcdn.com/pegasus/redskull/images/common/default_house_list.png?_v=20230505182005
20230507,昌平,回龙观,101118566525,龙兴园北区 3室1厅 南 北,499万,50267元/平,中楼层 (共6层) | 2000年建 | 3室1厅 | 99.27平米 | 南 北,https://s1.ljcdn.com/pegasus/redskull/images/common/default_house_list.png?_v=20230505182005
20230507,昌平,回龙观,101118559156,融泽嘉园西二路6号院 2室1厅 南 北,560万,66525元/平,高楼层 (共31层) | 2016年建 | 2室1厅 | 84.18平米 | 南 北,https://s1.ljcdn.com/pegasus/redskull/images/common/default_house_list.png?_v=20230505182005
20230507,昌平,回龙观,101118548557,风雅园三区南北通透三居室满五年唯一靠谱出售,518万,44690元/平,中楼层 (共6层) | 2000年建 | 3室1厅 | 115.91平米 | 南 北,https://s1.ljcdn.com/pegasus/redskull/images/common/default_house_list.png?_v=20230505182005
20230507,昌平,回龙观,101118543391,华远静林湾 边户 可装电梯位置好 视野开阔采光好！,1650万,59234元/平,底层 (共3层) 4室2厅 | 278.56平米 | 南 北,https://s1.ljcdn.com/pegasus/redskull/images/common/default_house_list.png?_v=20230505182005
20230507,昌平,回龙观,101118537040,首开国风美唐综合楼 近双规地铁,199万,29746元/平,中楼层 (共16层) | 2014年建 | 1室0厅 | 66.9平米 | 西,https://s1.ljcdn.com/pegasus/redskull/images/common/default_house_list.png?_v=20230505182005
20230507,昌平,回龙观,101118534256,满五年 购置仅有契税 南北通透 配套齐全。,560万,52548元/平,底层 (共6层) | 1997年建 | 3室2厅 | 106.57平米 | 南 北,https://s1.ljcdn.com/pegasus/redskull/images/common/default_house_list.png?_v=20230505182005
20230507,昌平,回龙观,101118532664,田园风光雅苑 一层  靠谱卖 满五年唯一 价格可谈,659万,52712元/平,底层 (共6层) | 2006年建 | 3室2厅 | 125.02平米 | 南 北,https://s1.ljcdn.com/pegasus/redskull/images/common/default_house_list.png?_v=20230505182005
20230507,昌平,回龙观,101118520842,首开国风美唐二期 满五年唯一  中间楼层 无遮挡,555万,72816元/平,中楼层 (共18层) 2室1厅 | 76.22平米 | 南 北,https://s1.ljcdn.com/pegasus/redskull/images/common/default_house_list.png?_v=20230505182005
20230507,昌平,回龙观,101118518393,龙腾苑六区 4室1厅 南 北,649万,40129元/平,高楼层 (共6层) | 2002年建 | 4室1厅 | 161.73平米 | 南 北,https://s1.ljcdn.com/pegasus/redskull/images/common/default_house_list.png?_v=20230505182005
20230507,昌平,回龙观,101118515037,龙禧苑二区   小区内部有公园   购物方便房主自荐,620万,43406元/平,中楼层 (共6层) 3室2厅 | 142.84平米 | 南 北,https://s1.ljcdn.com/pegasus/redskull/images/common/default_house_list.png?_v=20230505182005
20230507,昌平,回龙观,101118514503,首开国风美唐综合楼东向中间层房源,153万,27400元/平,中楼层 (共17层) | 2014年建 | 1室0厅 | 55.84平米 | 东,https://s1.ljcdn.com/pegasus/redskull/images/common/default_house_list.png?_v=20230505182005
20230507,昌平,回龙观,101118511408,商品房仅契税中间层南北三居室视野好；,480万,42542元/平,高楼层 (共6层) | 2000年建 | 3室1厅 | 112.83平米 | 南 北,https://s1.ljcdn.com/pegasus/redskull/images/common/default_house_list.png?_v=20230505182005
20230507,昌平,回龙观,101118511049,金域华府一期 -1层 车位 单元门口近,21.5万,7036元/平,地下室 (共28层) 1室0厅 | 30.56平米 | 西,https://s1.ljcdn.com/pegasus/redskull/images/common/default_house_list.png?_v=20230505182005
20230507,昌平,回龙观,101118502160,金域华府一期 -1层车位 电梯口,22万,7199元/平,地下室 (共28层) | 2012年建 | 1室0厅 | 30.56平米 | 南,https://s1.ljcdn.com/pegasus/redskull/images/common/default_house_list.png?_v=20230505182005
20230507,昌平,回龙观,101118480862,金域华府一期 2室1厅 南 北,745万,74950元/平,高楼层 (共26层) | 2012年建 | 2室1厅 | 99.4平米 | 南 北,https://s1.ljcdn.com/pegasus/redskull/images/common/default_house_list.png?_v=20230505182005
20230507,昌平,回龙观,101118473717,华府9号 1室1厅 北,270万,55982元/平,中楼层 (共5层) 1室1厅 | 48.23平米 | 北,https://s1.ljcdn.com/pegasus/redskull/images/common/default_house_list.png?_v=20230505182005
20230507,昌平,回龙观,101118470475,中美合资建设小区环境优美满五年唯一,589万,59785元/平,中楼层 (共7层) | 2001年建 | 2室1厅 | 98.52平米 | 南 北,https://s1.ljcdn.com/pegasus/redskull/images/common/default_house_list.png?_v=20230505182005
20230507,昌平,回龙观,101118469851,龙跃苑四区 小区中间  南北通透  2年前精装修,520万,52362元/平,中楼层 (共6层) | 2005年建 | 2室1厅 | 99.31平米 | 南 北,https://s1.ljcdn.com/pegasus/redskull/images/common/default_house_list.png?_v=20230505182005
20230507,昌平,回龙观,101118465914,东亚上北中心 1室1厅 南,218万,37953元/平,底层 (共21层) | 2009年建 | 1室1厅 | 57.44平米 | 南,https://s1.ljcdn.com/pegasus/redskull/images/common/default_house_list.png?_v=20230505182005
20230507,昌平,回龙观,101118456814,流星花园三区 1室0厅 南 西,342万,73930元/平,中楼层 (共11层) | 2006年建 | 1室0厅 | 46.26平米 | 南 西,https://s1.ljcdn.com/pegasus/redskull/images/common/default_house_list.png?_v=20230505182005
20230507,昌平,回龙观,101118456123,商品房满五年唯一南北通透把西边小区中间位置,648万,51618元/平,低楼层 (共6层) | 2007年建 | 3室1厅 | 125.54平米 | 西 南 北,https://s1.ljcdn.com/pegasus/redskull/images/common/default_house_list.png?_v=20230505182005
20230507,昌平,回龙观,101118453661,东亚上北中心 1室1厅 西 北,215万,36503元/平,高楼层 (共20层) 1室1厅 | 58.9平米 | 西 北,https://s1.ljcdn.com/pegasus/redskull/images/common/default_house_list.png?_v=20230505182005
20230507,昌平,回龙观,101118445504,琥珀天地 1室0厅 北,135万,26012元/平,顶层 (共5层) | 2011年建 | 1室0厅 | 51.9平米 | 北,https://s1.ljcdn.com/pegasus/redskull/images/common/default_house_list.png?_v=20230505182005
20230507,昌平,回龙观,101118441301,东亚上北中心 1室1厅 南,215万,37503元/平,底层 (共21层) | 2009年建 | 1室1厅 | 57.33平米 | 南,https://s1.ljcdn.com/pegasus/redskull/images/common/default_house_list.png?_v=20230505182005
20230507,昌平,回龙观,101118440839,东亚上北中心钢混结构有电梯,188万,35817元/平,低楼层 (共21层) | 2009年建 | 1室1厅 | 52.49平米 | 西北,https://s1.ljcdn.com/pegasus/redskull/images/common/default_house_list.png?_v=20230505182005
20230507,昌平,回龙观,101118439292,尚城 3室1厅 南,230万,34293元/平,低楼层 (共16层) | 2008年建 | 3室1厅 | 67.07平米 | 南,https://s1.ljcdn.com/pegasus/redskull/images/common/default_house_list.png?_v=20230505182005
20230507,昌平,回龙观,101118435885,万科金域华府 高层精品商品房 全南向视野好价格含车位,665万,77624元/平,高楼层 (共28层) 2室1厅 | 85.67平米 | 南,https://ke-image.ljcdn.com/110000-inspection/85c680ba-46c5-4aac-998a-6f35a70797ad.jpeg!m_fill,w_280,h_210,f_jpg?from=ke.com
20230507,昌平,回龙观,101118433821,商品房社区 落地窗 采光好 户型方正,720万,55754元/平,低楼层 (共6层) | 2005年建 | 3室1厅 | 129.14平米 | 南 北,https://s1.ljcdn.com/pegasus/redskull/images/common/default_house_list.png?_v=20230505182005
20230507,昌平,回龙观,101118433471,北京人家 3室2厅 南 北,610万,51425元/平,高楼层 (共6层) 3室2厅 | 118.62平米 | 南 北,https://s1.ljcdn.com/pegasus/redskull/images/common/default_house_list.png?_v=20230505182005
20230507,昌平,回龙观,101118428842,北回归线     中间位置   诚心出售   有钥匙,260万,35705元/平,顶层 (共7层) | 2009年建 | 3室1厅 | 72.82平米 | 北,https://s1.ljcdn.com/pegasus/redskull/images/common/default_house_list.png?_v=20230505182005
20230507,昌平,回龙观,101118414458,南向、朝阳大两居、精装修、满五唯一,640万,74540元/平,高楼层 (共23层) | 2012年建 | 2室1厅 | 85.86平米 | 南,https://s1.ljcdn.com/pegasus/redskull/images/common/default_house_list.png?_v=20230505182005
20230507,昌平,回龙观,101118414358,南向高层采光好视野棒无遮挡,235万,47370元/平,中楼层 (共35层) 1室1厅 | 49.61平米 | 南,https://s1.ljcdn.com/pegasus/redskull/images/common/default_house_list.png?_v=20230505182005
20230507,昌平,回龙观,101118412348,龙锦苑四区 中间位置 中间楼层 南北通透 采光好,580万,50611元/平,中楼层 (共6层) | 2003年建 | 3室1厅 | 114.6平米 | 南 北,https://s1.ljcdn.com/pegasus/redskull/images/common/default_house_list.png?_v=20230505182005
20230507,昌平,回龙观,101118390156,东亚上北中心 户型方正 配套齐全 交通便利房主自荐,223万,35319元/平,高楼层 (共21层) | 2009年建 | 1室1厅 | 63.14平米 | 西,https://s1.ljcdn.com/pegasus/redskull/images/common/default_house_list.png?_v=20230505182005
20230507,昌平,回龙观,101118375863,南北通透明厨明卫采光视野佳交通便利,500万,43171元/平,顶层 (共6层) | 2000年建 | 3室1厅 | 115.82平米 | 南 北,https://s1.ljcdn.com/pegasus/redskull/images/common/default_house_list.png?_v=20230505182005
20230507,昌平,回龙观,101118369877,北京人家+电梯+2居室+目前出租+看房提前预约,550万,59673元/平,中楼层 (共9层) | 2005年建 | 2室1厅 | 92.17平米 | 南,https://s1.ljcdn.com/pegasus/redskull/images/common/default_house_list.png?_v=20230505182005
20230507,昌平,回龙观,101118360215,流星花园二区商品房小区中间位置 中间楼层,568万,51149元/平,高楼层 (共6层) 3室1厅 | 111.05平米 | 南 北,https://s1.ljcdn.com/pegasus/redskull/images/common/default_house_list.png?_v=20230505182005
20230507,昌平,回龙观,101118349592,商品房满五唯一南北通透无浪费面积视野开阔,519万,59200元/平,顶层 (共31层) 2室1厅 | 87.67平米 | 南 北,https://s1.ljcdn.com/pegasus/redskull/images/common/default_house_list.png?_v=20230505182005
20230507,昌平,回龙观,101118345381,融泽嘉园中路1号院南北通透。户型方正,580万,72837元/平,高楼层 (共18层) 2室1厅 | 79.63平米 | 南 北,https://s1.ljcdn.com/pegasus/redskull/images/common/default_house_list.png?_v=20230505182005
20230507,昌平,回龙观,101118338711,尚城 西北向 精装修 高楼层 视野好 采光好,180万,30907元/平,中楼层 (共16层) 2室1厅 | 58.24平米 | 西北,https://s1.ljcdn.com/pegasus/redskull/images/common/default_house_list.png?_v=20230505182005
20230507,昌平,回龙观,101118318685,满五唯一低楼层近地铁自住装修！新上,650万,52075元/平,底层 (共6层) | 2006年建 | 3室1厅 | 124.82平米 | 南 北,https://s1.ljcdn.com/pegasus/redskull/images/common/default_house_list.png?_v=20230505182005
20230507,昌平,回龙观,101118312605,商品房满五年诚售不临街不把边南北通透。,658万,46173元/平,中楼层 (共6层) | 2002年建 | 3室1厅 | 142.51平米 | 南 北,https://s1.ljcdn.com/pegasus/redskull/images/common/default_house_list.png?_v=20230505182005
20230507,昌平,回龙观,101118308115,龙博苑一区满五年唯一中间楼层南向双阳台大客厅,560万,47648元/平,中楼层 (共6层) | 2005年建 | 3室1厅 | 117.53平米 | 南 北,https://s1.ljcdn.com/pegasus/redskull/images/common/default_house_list.png?_v=20230505182005
20230507,昌平,回龙观,101118292471,TBD住总万科天地 高楼层南向 视野好 采光棒,205万,50332元/平,高楼层 (共18层) 2室1厅 | 40.73平米 | 南,https://s1.ljcdn.com/pegasus/redskull/images/common/default_house_list.png?_v=20230505182005
20230507,昌平,回龙观,101118289067,中间楼层视野开阔近地铁 .,235万,46179元/平,低楼层 (共18层) 2室1厅 | 50.89平米 | 北,https://s1.ljcdn.com/pegasus/redskull/images/common/default_house_list.png?_v=20230505182005
20230507,昌平,回龙观,101118274146,可用做办公户型方正没有浪费面积,219万,38810元/平,高楼层 (共18层) | 2009年建 | 1室1厅 | 56.43平米 | 北,https://s1.ljcdn.com/pegasus/redskull/images/common/default_house_list.png?_v=20230505182005
20230507,昌平,回龙观,101118265833,满五年、唯一、户型很好、楼中位置、看房方便、急售房主自荐,565万,40845元/平,顶层 (共6层) 3室2厅 | 138.33平米 | 南 北,https://ke-image.ljcdn.com/110000-inspection/3ee82bec-881f-4d59-bc51-a7f56b2842c9.png!m_fill,w_280,h_210,f_jpg?from=ke.com
20230507,昌平,回龙观,101118258288,田园风光雅苑客厅大落地窗主卧飘窗南北通透,649万,51920元/平,中楼层 (共6层) | 2006年建 | 3室2厅 | 125平米 | 南 北,https://s1.ljcdn.com/pegasus/redskull/images/common/default_house_list.png?_v=20230505182005
20230507,昌平,回龙观,101118253316,首开国风美唐三期 3室2厅 南 北,1050万,82205元/平,高楼层 (共18层) | 2016年建 | 3室2厅 | 127.73平米 | 南 北,https://s1.ljcdn.com/pegasus/redskull/images/common/default_house_list.png?_v=20230505182005
20230507,昌平,回龙观,101118239308,金域华府二期 车位,40万,11977元/平,地下室 (共3层) 1室0厅 | 33.4平米 | 南,https://s1.ljcdn.com/pegasus/redskull/images/common/default_house_list.png?_v=20230505182005
20230507,昌平,回龙观,101118233616,满五唯一中高楼层南北通透明厨明卫户型方正,723万,65818元/平,中楼层 (共15层) | 2007年建 | 3室1厅 | 109.85平米 | 南 北,https://s1.ljcdn.com/pegasus/redskull/images/common/default_house_list.png?_v=20230505182005
20230507,昌平,回龙观,101118224855,龙锦苑六区 2室1厅 南 北,528万,56004元/平,低楼层 (共6层) | 2003年建 | 2室1厅 | 94.28平米 | 南 北,https://s1.ljcdn.com/pegasus/redskull/images/common/default_house_list.png?_v=20230505182005
20230507,昌平,回龙观,101118219816,楼下就是地铁TBD新五街精装修电梯房,215万,43286元/平,中楼层 (共18层) 1室0厅 | 49.67平米 | 西,https://s1.ljcdn.com/pegasus/redskull/images/common/default_house_list.png?_v=20230505182005
20230507,昌平,回龙观,101118218533,紫晶七星广场 1室0厅 北,148万,28047元/平,中楼层 (共5层) | 2014年建 | 1室0厅 | 52.77平米 | 北,https://s1.ljcdn.com/pegasus/redskull/images/common/default_house_list.png?_v=20230505182005
20230507,昌平,回龙观,101118213685,TBD住总万科天地 1室2厅 东 北,228万,53197元/平,高楼层 (共18层) 1室2厅 | 42.86平米 | 东 北,https://s1.ljcdn.com/pegasus/redskull/images/common/default_house_list.png?_v=20230505182005
20230507,昌平,回龙观,101118205266,流星花园三区 3室1厅 南 北,595万,54047元/平,中楼层 (共11层) | 2006年建 | 3室1厅 | 110.09平米 | 南 北,https://s1.ljcdn.com/pegasus/redskull/images/common/default_house_list.png?_v=20230505182005
20230507,昌平,回龙观,101118181037,领秀慧谷D区 2号楼地下车位 诚心出售,23.5万,7633元/平,地下室 1室0厅 | 30.79平米 | 南,https://s1.ljcdn.com/pegasus/redskull/images/common/default_house_list.png?_v=20230505182005
20230507,昌平,回龙观,101118178917,领秀慧谷C区 车位,42万,14109元/平,地下室 1室0厅 | 29.77平米 | 北 南 东 西,https://s1.ljcdn.com/pegasus/redskull/images/common/default_house_list.png?_v=20230505182005
20230507,昌平,回龙观,101118175926,融泽嘉园中路1号院 2室2厅 南,540万,61863元/平,低楼层 (共28层) 2室2厅 | 87.29平米 | 南,https://s1.ljcdn.com/pegasus/redskull/images/common/default_house_list.png?_v=20230505182005
20230507,昌平,回龙观,101118169044,龙博苑二区 2室1厅 南 北,459万,58198元/平,底层 (共6层) | 2004年建 | 2室1厅 | 78.87平米 | 南 北,https://s1.ljcdn.com/pegasus/redskull/images/common/default_house_list.png?_v=20230505182005
20230507,昌平,回龙观,101118168588,龙博苑二区 3室1厅 南 北,587万,46781元/平,中楼层 (共6层) | 2004年建 | 3室1厅 | 125.48平米 | 南 北,https://s1.ljcdn.com/pegasus/redskull/images/common/default_house_list.png?_v=20230505182005
20230507,昌平,回龙观,101118151601,北回归线    带电梯  商品房     诚心出售,173万,29452元/平,中楼层 (共7层) | 2011年建 | 2室1厅 | 58.74平米 | 北,https://s1.ljcdn.com/pegasus/redskull/images/common/default_house_list.png?_v=20230505182005
20230507,昌平,回龙观,101118129391,慧华苑 满五唯一 户型方正 中间楼层,450万,45751元/平,中楼层 (共6层) | 1996年建 | 2室1厅 | 98.36平米 | 南 北,https://s1.ljcdn.com/pegasus/redskull/images/common/default_house_list.png?_v=20230505182005
20230507,昌平,回龙观,101118128123,流星花园三区电梯洋房南北通透楼层好视野开阔,720万,59099元/平,高楼层 (共6层) | 2004年建 | 3室1厅 | 121.83平米 | 南 北,https://ke-image.ljcdn.com/110000-inspection/a0f415b4-a78b-47e6-a731-7f4a3a1f6bf1.jpeg!m_fill,w_280,h_210,f_jpg?from=ke.com
20230507,昌平,回龙观,101118125344,和谐家园二区 3室2厅 南 北,635万,50955元/平,中楼层 (共6层) | 2006年建 | 3室2厅 | 124.62平米 | 南 北,https://s1.ljcdn.com/pegasus/redskull/images/common/default_house_list.png?_v=20230505182005
20230507,昌平,回龙观,101118122073,5+6层复式 小区中间商满五唯一带20平米平台。,655万,34328元/平,高楼层 (共6层) 4室2厅 | 190.81平米 | 南 东 北,https://s1.ljcdn.com/pegasus/redskull/images/common/default_house_list.png?_v=20230505182005
20230507,昌平,回龙观,101118111552,东亚上北中心 1室1厅 北,192万,35682元/平,中楼层 (共18层) | 2009年建 | 1室1厅 | 53.81平米 | 北,https://s1.ljcdn.com/pegasus/redskull/images/common/default_house_list.png?_v=20230505182005
20230507,昌平,回龙观,101118107829,尚城 2室1厅 东南,180万,45674元/平,中楼层 (共11层) | 2010年建 | 2室1厅 | 39.41平米 | 东南,https://s1.ljcdn.com/pegasus/redskull/images/common/default_house_list.png?_v=20230505182005
20230507,昌平,回龙观,101118107402,东亚上北中心 2室1厅 东南,288万,37687元/平,低楼层 (共21层) 2室1厅 | 76.42平米 | 东南,https://s1.ljcdn.com/pegasus/redskull/images/common/default_house_list.png?_v=20230505182005
20230507,昌平,回龙观,101118097075,6+7层的复式 商品房满五年 309万原高值,718万,32560元/平,高楼层 (共7层) 5室2厅 | 220.52平米 | 南 北,https://s1.ljcdn.com/pegasus/redskull/images/common/default_house_list.png?_v=20230505182005
20230507,昌平,回龙观,101118096942,首开智慧社 1室0厅 东,155万,30286元/平,低楼层 (共19层) | 2011年建 | 1室0厅 | 51.18平米 | 东,https://s1.ljcdn.com/pegasus/redskull/images/common/default_house_list.png?_v=20230505182005
20230507,昌平,回龙观,101118070282,金域华府一期 车位,15万,4706元/平,地下室 (共1层) 1室0厅 | 31.88平米 | 南,https://s1.ljcdn.com/pegasus/redskull/images/common/default_house_list.png?_v=20230505182005
20230507,昌平,回龙观,101118069394,户型方正使用上没有浪费面积 空间合理,139万,37376元/平,低楼层 (共21层) | 2009年建 | 1室0厅 | 37.19平米 | 北,https://s1.ljcdn.com/pegasus/redskull/images/common/default_house_list.png?_v=20230505182005
20230507,昌平,回龙观,101118047697,东亚上北中心  电梯洋房 配套齐全 交通方便,186万,32903元/平,低楼层 (共18层) | 2009年建 | 1室1厅 | 56.53平米 | 北,https://s1.ljcdn.com/pegasus/redskull/images/common/default_house_list.png?_v=20230505182005
20230507,昌平,回龙观,101118014432,首开国风美唐三期 产权车位 电梯直接入户,24万,6473元/平,地下室 (共18层) 1室0厅 | 37.08平米 | 南,https://ke-image.ljcdn.com/110000-inspection/c73fad56b75bb925344476882cb92161-024.jpg!m_fill,w_280,h_210,f_jpg?from=ke.com
20230507,昌平,回龙观,101118004217,商办可注册 华府9号 万科精装修 位置好 2016年小区,388万,44675元/平,中楼层 (共5层) 3室1厅 | 86.85平米 | 东 西,https://s1.ljcdn.com/pegasus/redskull/images/common/default_house_list.png?_v=20230505182005
20230507,昌平,回龙观,101117997700,商满五唯一业主靠谱出售只有契税,445万,46843元/平,顶层 (共6层) | 2000年建 | 2室1厅 | 95平米 | 南 北,https://s1.ljcdn.com/pegasus/redskull/images/common/default_house_list.png?_v=20230505182005
20230507,昌平,回龙观,101117970943,店长推荐房源：西南向落地窗5.6米挑高精装修,185万,38598元/平,中楼层 (共11层) | 2011年建 | 2室1厅 | 47.93平米 | 西南,https://s1.ljcdn.com/pegasus/redskull/images/common/default_house_list.png?_v=20230505182005
20230507,昌平,回龙观,101117956165,龙跃苑二区  商品房满五年  一层,699万,51928元/平,底层 (共6层) | 2003年建 | 3室1厅 | 134.61平米 | 南 北,https://s1.ljcdn.com/pegasus/redskull/images/common/default_house_list.png?_v=20230505182005
20230507,昌平,回龙观,101117955596,TBD住总万科天地 层高4.2米 精装修 电梯房,205万,50332元/平,中楼层 (共18层) | 2020年建 | 1室0厅 | 40.73平米 | 南,https://s1.ljcdn.com/pegasus/redskull/images/common/default_house_list.png?_v=20230505182005
20230507,昌平,回龙观,101117949414,商品房满五年唯一次顶层采光视野好一梯两户板楼,780万,61384元/平,高楼层 (共8层) | 2006年建 | 3室1厅 | 127.07平米 | 南 北 东,https://s1.ljcdn.com/pegasus/redskull/images/common/default_house_list.png?_v=20230505182005
20230507,昌平,回龙观,101117948917,万龙社区 满五年唯一 全南向两居室,308万,72917元/平,顶层 (共4层) | 1978年建 | 2室1厅 | 42.24平米 | 南,https://s1.ljcdn.com/pegasus/redskull/images/common/default_house_list.png?_v=20230505182005
20230507,昌平,回龙观,101117928192,通达园小区中间位置中间楼层三居室,583万,44620元/平,中楼层 (共7层) 3室1厅 | 130.66平米 | 南 北,https://s1.ljcdn.com/pegasus/redskull/images/common/default_house_list.png?_v=20230505182005
20230507,昌平,回龙观,101117924335,东亚上北中心 1室1厅 北,195万,34834元/平,低楼层 (共21层) | 2009年建 | 1室1厅 | 55.98平米 | 北,https://s1.ljcdn.com/pegasus/redskull/images/common/default_house_list.png?_v=20230505182005
20230507,昌平,回龙观,101117901292,东北向高层采光好视野棒无遮挡,199.98万,46659元/平,高楼层 (共18层) | 2018年建 | 1室1厅 | 42.86平米 | 东 北,https://s1.ljcdn.com/pegasus/redskull/images/common/default_house_list.png?_v=20230505182005
20230507,昌平,回龙观,101117891699,领秀慧谷D2区 车位,26万,7545元/平,地下室 (共3层) 2室0厅 | 34.46平米 | 西 东,https://s1.ljcdn.com/pegasus/redskull/images/common/default_house_list.png?_v=20230505182005
20230507,昌平,回龙观,101117891631,融泽嘉园东6号院 诚意出售随时签约出租看房提前约,543万,62008元/平,低楼层 (共34层) | 2015年建 | 2室1厅 | 87.57平米 | 南,https://s1.ljcdn.com/pegasus/redskull/images/common/default_house_list.png?_v=20230505182005
20230507,昌平,回龙观,101117881475,户型方正使用上没有浪费面积 空间合理.,196万,34605元/平,高楼层 (共18层) 1室1厅 | 56.64平米 | 东 北,https://s1.ljcdn.com/pegasus/redskull/images/common/default_house_list.png?_v=20230505182005
20230507,昌平,回龙观,101117856995,户型方正使用上没有浪费面积 空间合理.,220万,42611元/平,中楼层 (共16层) | 2009年建 | 1室1厅 | 51.63平米 | 西,https://s1.ljcdn.com/pegasus/redskull/images/common/default_house_list.png?_v=20230505182005
20230507,昌平,回龙观,101117854814,一层两居室明卫生间业主诚售,510万,63425元/平,底层 (共6层) | 2004年建 | 2室1厅 | 80.41平米 | 南 西 北,https://s1.ljcdn.com/pegasus/redskull/images/common/default_house_list.png?_v=20230505182005
20230507,昌平,回龙观,101117847698,东亚上北中心 1室1厅 东,230万,37638元/平,中楼层 (共21层) | 2009年建 | 1室1厅 | 61.11平米 | 东,https://s1.ljcdn.com/pegasus/redskull/images/common/default_house_list.png?_v=20230505182005
20230507,昌平,回龙观,101117845482,采光充足 无任何遮挡 配套齐全,225万,26157元/平,低楼层 (共7层) | 2012年建 | 2室1厅 | 86.02平米 | 西北,https://s1.ljcdn.com/pegasus/redskull/images/common/default_house_list.png?_v=20230505182005
20230507,昌平,回龙观,101117844608,满五年唯一商品房 格局好  中间位置,598万,64392元/平,低楼层 (共27层) | 2014年建 | 2室1厅 | 92.87平米 | 南 北,https://s1.ljcdn.com/pegasus/redskull/images/common/default_house_list.png?_v=20230505182005
20230507,昌平,回龙观,101117842627,东亚上北中心 1室1厅 东,212万,36844元/平,顶层 (共16层) | 2009年建 | 1室1厅 | 57.54平米 | 东,https://s1.ljcdn.com/pegasus/redskull/images/common/default_house_list.png?_v=20230505182005
20230507,昌平,回龙观,101117832544,中间楼层三居室把边明卫商五一诚意出售,545万,42549元/平,中楼层 (共6层) 3室1厅 | 128.09平米 | 南 北,https://s1.ljcdn.com/pegasus/redskull/images/common/default_house_list.png?_v=20230505182005
20230507,昌平,回龙观,101117825927,南侧就是体育公园楼层好视野宽阔交通方便。,195万,34834元/平,中楼层 (共21层) | 2009年建 | 1室1厅 | 55.98平米 | 北,https://s1.ljcdn.com/pegasus/redskull/images/common/default_house_list.png?_v=20230505182005
20230507,昌平,回龙观,101117808613,北京人家 南北通透三居室 户型方正 客厅落地大阳台,588万,46542元/平,高楼层 (共6层) | 2002年建 | 3室2厅 | 126.34平米 | 南 北,https://s1.ljcdn.com/pegasus/redskull/images/common/default_house_list.png?_v=20230505182005
20230507,昌平,回龙观,101117794683,金域华府一期 车位,16万,5019元/平,地下室 (共1层) | 2013年建 | 1室0厅 | 31.88平米 | 南,https://s1.ljcdn.com/pegasus/redskull/images/common/default_house_list.png?_v=20230505182005
20230507,昌平,回龙观,101117754711,领秀慧谷D2区 车位,23万,6941元/平,地下室 (共3层) 1室0厅 | 33.14平米 | 南,https://s1.ljcdn.com/pegasus/redskull/images/common/default_house_list.png?_v=20230505182005
20230507,昌平,回龙观,101117751338,龙跃苑三区  商品房满五年  中间楼层  诚心出售,618万,42843元/平,中楼层 (共6层) 3室1厅 | 144.25平米 | 南 北,https://s1.ljcdn.com/pegasus/redskull/images/common/default_house_list.png?_v=20230505182005
20230507,昌平,回龙观,101117745218,TBD住总万科天地 1室1厅 南,185万,45422元/平,低楼层 (共18层) 1室1厅 | 40.73平米 | 南,https://s1.ljcdn.com/pegasus/redskull/images/common/default_house_list.png?_v=20230505182005
20230507,昌平,回龙观,101117743283,首开国风美唐综合楼 近双规地铁,155万,27640元/平,顶层 (共17层) | 2014年建 | 1室0厅 | 56.08平米 | 东,https://s1.ljcdn.com/pegasus/redskull/images/common/default_house_list.png?_v=20230505182005
20230507,昌平,回龙观,101117738662,融泽嘉园中路1号院      南北向,568万,57966元/平,中楼层 (共25层) | 2014年建 | 3室1厅 | 97.99平米 | 南 北,https://s1.ljcdn.com/pegasus/redskull/images/common/default_house_list.png?_v=20230505182005
20230507,昌平,回龙观,101117726433,北京人家 3室2厅 南 北,670万,51484元/平,高楼层 (共6层) | 2002年建 | 3室2厅 | 130.14平米 | 南 北,https://s1.ljcdn.com/pegasus/redskull/images/common/default_house_list.png?_v=20230505182005
20230507,昌平,回龙观,101117701490,龙博苑二区南北通透2居室中间层采光好无遮挡,425万,53205元/平,中楼层 (共6层) | 2004年建 | 2室1厅 | 79.88平米 | 南 北,https://s1.ljcdn.com/pegasus/redskull/images/common/default_house_list.png?_v=20230505182005
20230507,昌平,回龙观,101117698962,东亚上北中心 2室1厅 南,278万,33009元/平,底层 (共18层) | 2009年建 | 2室1厅 | 84.22平米 | 南,https://s1.ljcdn.com/pegasus/redskull/images/common/default_house_list.png?_v=20230505182005
20230507,昌平,回龙观,101117697239,首开国风美唐三期 3室1厅 南 北,1015万,79696元/平,高楼层 (共18层) | 2016年建 | 3室1厅 | 127.36平米 | 南 北,https://s1.ljcdn.com/pegasus/redskull/images/common/default_house_list.png?_v=20230505182005
20230507,昌平,回龙观,101117673043,尚城 2室1厅 东 北 东北,140万,29487元/平,底层 (共11层) | 2011年建 | 2室1厅 | 47.48平米 | 东 北 东北,https://s1.ljcdn.com/pegasus/redskull/images/common/default_house_list.png?_v=20230505182005
20230507,昌平,回龙观,101117651891,龙跃苑四区 4室2厅 南 北,610万,39118元/平,高楼层 (共6层) 4室2厅 | 155.94平米 | 南 北,https://s1.ljcdn.com/pegasus/redskull/images/common/default_house_list.png?_v=20230505182005
20230507,昌平,回龙观,101117612261,田园风光雅苑 3室1厅 南 北,685万,54621元/平,中楼层 (共6层) | 2006年建 | 3室1厅 | 125.41平米 | 南 北,https://s1.ljcdn.com/pegasus/redskull/images/common/default_house_list.png?_v=20230505182005
20230507,昌平,回龙观,101117588374,龙腾苑二区中间楼层三居两卫采光好视野好 配套齐全,658万,44863元/平,中楼层 (共5层) 3室2厅 | 146.67平米 | 南 北,https://ke-image.ljcdn.com/110000-inspection/7e4a466c-6606-444d-acb3-ef846496c13f.jpeg!m_fill,w_280,h_210,f_jpg?from=ke.com
20230507,昌平,回龙观,101117584932,商品房满五年唯一小区中间位置无抵押无户口,386万,58098元/平,中楼层 (共7层) 2室1厅 | 66.44平米 | 南 北,https://s1.ljcdn.com/pegasus/redskull/images/common/default_house_list.png?_v=20230505182005
20230507,昌平,回龙观,101117575652,精装修 纯南向 光线好  带平台 看房方便业主诚心卖,165万,38651元/平,低楼层 (共21层) | 2009年建 | 1室0厅 | 42.69平米 | 南,https://s1.ljcdn.com/pegasus/redskull/images/common/default_house_list.png?_v=20230505182005
20230507,昌平,回龙观,101117562428,紫晶七星广场东向开间 诚心出售 看房方便,110万,22578元/平,地下室 (共5层) 1室0厅 | 48.72平米 | 东,https://s1.ljcdn.com/pegasus/redskull/images/common/default_house_list.png?_v=20230505182005
20230507,昌平,回龙观,101117547850,北京人家 2室1厅 南 北,509万,59366元/平,底层 (共6层) 2室1厅 | 85.74平米 | 南 北,https://s1.ljcdn.com/pegasus/redskull/images/common/default_house_list.png?_v=20230505182005
20230507,昌平,回龙观,101117537657,东亚上北中心 2室1厅 西南,360万,40023元/平,低楼层 (共20层) | 2009年建 | 2室1厅 | 89.95平米 | 西南,https://s1.ljcdn.com/pegasus/redskull/images/common/default_house_list.png?_v=20230505182005
20230507,昌平,回龙观,101117488703,首开国风美唐三期 车位,25.5万,7842元/平,地下室 (共20层) 1室1厅 | 32.52平米 | 南,https://s1.ljcdn.com/pegasus/redskull/images/common/default_house_list.png?_v=20230505182005
20230507,昌平,回龙观,101117479306,有电梯 商办类 南向采光好  有钥匙 方便看,155万,33064元/平,中楼层 (共5层) 1室0厅 | 46.88平米 | 南,https://s1.ljcdn.com/pegasus/redskull/images/common/default_house_list.png?_v=20230505182005
20230507,昌平,回龙观,101117431621,户型方正 楼层好 视野宽阔 交通方便,208万,36769元/平,中楼层 (共20层) | 2009年建 | 1室1厅 | 56.57平米 | 西北,https://s1.ljcdn.com/pegasus/redskull/images/common/default_house_list.png?_v=20230505182005
20230507,昌平,回龙观,101117409508,可用做办公户型方正没有浪费面积房主自荐,196万,34672元/平,高楼层 (共18层) | 2009年建 | 1室1厅 | 56.53平米 | 北,https://s1.ljcdn.com/pegasus/redskull/images/common/default_house_list.png?_v=20230505182005
20230507,昌平,回龙观,101117404573,精装修高楼层看房随时业主靠谱,128万,28694元/平,中楼层 (共7层) 1室0厅 | 44.61平米 | 北,https://s1.ljcdn.com/pegasus/redskull/images/common/default_house_list.png?_v=20230505182005
20230507,昌平,回龙观,101117397220,首开国风美唐二期  地下产权车位   全款购买,18万,4671元/平,地下室 (共18层) 1室0厅 | 38.54平米 | 南,https://ke-image.ljcdn.com/110000-inspection/51eb988b-4872-4243-a558-d64c67ef54f0.jpg!m_fill,w_280,h_210,f_jpg?from=ke.com
20230507,昌平,回龙观,101117394945,TBD新五街 万科精装修 随时看房 中间楼层,230万,53564元/平,低楼层 (共18层) 2室1厅 | 42.94平米 | 东南,https://s1.ljcdn.com/pegasus/redskull/images/common/default_house_list.png?_v=20230505182005
20230507,昌平,回龙观,101117378451,东亚上北中心 2室1厅 东南,308万,40304元/平,中楼层 (共21层) | 2009年建 | 2室1厅 | 76.42平米 | 东南,https://s1.ljcdn.com/pegasus/redskull/images/common/default_house_list.png?_v=20230505182005
20230507,昌平,回龙观,101117372385,文化小区风雅园三区南北通透一居室,409万,52741元/平,底层 (共6层) | 2000年建 | 1室1厅 | 77.55平米 | 南 北,https://s1.ljcdn.com/pegasus/redskull/images/common/default_house_list.png?_v=20230505182005
20230507,昌平,回龙观,101117366621,车位位置好车位宽出行方便业主诚心出售,17.5万,14228元/平,地下室 (共12层) 1室0厅 | 12.3平米 | 南,https://ke-image.ljcdn.com/110000-inspection/02961796ec5394a492ee430dde089214-051.jpg!m_fill,w_280,h_210,f_jpg?from=ke.com
20230507,昌平,回龙观,101117189586,紫晶七星广场南向精装双层小复式,190万,41685元/平,底层 (共5层) | 2014年建 | 1室1厅 | 45.58平米 | 南,https://s1.ljcdn.com/pegasus/redskull/images/common/default_house_list.png?_v=20230505182005
20230507,昌平,回龙观,101117156929,采光充足 业主靠谱 大面积配套齐全,255万,25526元/平,顶层 (共7层) 2室0厅 | 99.9平米 | 南,https://s1.ljcdn.com/pegasus/redskull/images/common/default_house_list.png?_v=20230505182005
20230507,昌平,回龙观,101117155803,东亚上北中心 1室1厅 南,243万,40426元/平,中楼层 (共18层) 1室1厅 | 60.11平米 | 南,https://s1.ljcdn.com/pegasus/redskull/images/common/default_house_list.png?_v=20230505182005
20230507,昌平,回龙观,101117139924,首开国风美唐综合楼 户型方正 诚意出售,148万,30872元/平,中楼层 (共16层) 1室0厅 | 47.94平米 | 东,https://s1.ljcdn.com/pegasus/redskull/images/common/default_house_list.png?_v=20230505182005
20230507,昌平,回龙观,101117139635,龙跃苑一区  小区中间位置三居  低楼层,598万,48168元/平,低楼层 (共6层) 3室1厅 | 124.15平米 | 南 北,https://s1.ljcdn.com/pegasus/redskull/images/common/default_house_list.png?_v=20230505182005
20230507,昌平,回龙观,101117124253,首开国风美唐综合楼北向无遮挡开间,155万,27783元/平,中楼层 (共17层) 1室1厅 | 55.79平米 | 北,https://s1.ljcdn.com/pegasus/redskull/images/common/default_house_list.png?_v=20230505182005
20230507,昌平,回龙观,101117110475,东亚上北中心 1室1厅 东,220万,38706元/平,低楼层 (共21层) | 2009年建 | 1室1厅 | 56.84平米 | 东,https://s1.ljcdn.com/pegasus/redskull/images/common/default_house_list.png?_v=20230505182005
20230507,昌平,回龙观,101117086371,东亚上北中心  双朝向   精装修,219万,37182元/平,中楼层 (共20层) | 2009年建 | 1室1厅 | 58.9平米 | 东北,https://s1.ljcdn.com/pegasus/redskull/images/common/default_house_list.png?_v=20230505182005
20230507,昌平,回龙观,101117075975,产权车位位置好诚心卖出行方便,40万,12950元/平,地下室 (共13层) 1室0厅 | 30.89平米 | 东南 西北,https://s1.ljcdn.com/pegasus/redskull/images/common/default_house_list.png?_v=20230505182005
20230507,昌平,回龙观,101117047506,首开智慧社 车位,21万,4484元/平,地下室 (共18层) 1室0厅 | 46.84平米 | 南,https://ke-image.ljcdn.com/110000-inspection/b448b29faa083c376350f8f3977aa201-087.jpg!m_fill,w_280,h_210,f_jpg?from=ke.com
20230507,昌平,回龙观,101117007732,首开国风美唐二期 车位,15万,4403元/平,地下室 (共21层) 1室0厅 | 34.07平米 | 南,https://ke-image.ljcdn.com/110000-inspection/d4f84342c8fd860f994ccfa778086eb3-100.jpg!m_fill,w_280,h_210,f_jpg?from=ke.com
20230507,昌平,回龙观,101116990133,TBD住总万科天地 1室0厅 西南,195万,45444元/平,高楼层 (共18层) 1室0厅 | 42.91平米 | 西南,https://s1.ljcdn.com/pegasus/redskull/images/common/default_house_list.png?_v=20230505182005
20230507,昌平,回龙观,101116930623,小区产权车位业主诚心出售随时可以签约,42万,13597元/平,地下室 (共13层) | 2011年建 | 1室0厅 | 30.89平米 | 南,https://ke-image.ljcdn.com/110000-inspection/c160b07d-15bd-4ad3-ba59-1e15263552da.jpeg!m_fill,w_280,h_210,f_jpg?from=ke.com
20230507,昌平,回龙观,101116930576,小区产权车位业主诚心出售随时可以签约,42万,13597元/平,地下室 (共13层) | 2011年建 | 1室0厅 | 30.89平米 | 北,https://ke-image.ljcdn.com/110000-inspection/b0f6d383-c2a8-462d-9ea9-be8a1d2ecd22.jpeg!m_fill,w_280,h_210,f_jpg?from=ke.com
20230507,昌平,回龙观,101116913465,冠庭园此房满五唯一南北通透交通便利配套全,639万,49817元/平,底层 (共7层) | 2006年建 | 3室1厅 | 128.27平米 | 南 北,https://s1.ljcdn.com/pegasus/redskull/images/common/default_house_list.png?_v=20230505182005
20230507,昌平,回龙观,101116896869,领秀慧谷D2区 车位,22万,6568元/平,地下室 1室0厅 | 33.5平米 | 东 南 西 北,https://s1.ljcdn.com/pegasus/redskull/images/common/default_house_list.png?_v=20230505182005
20230507,昌平,回龙观,101116892893,首开国风美唐综合楼南向无遮挡采光好房源,198万,29356元/平,中楼层 (共17层) | 2014年建 | 1室0厅 | 67.45平米 | 南,https://s1.ljcdn.com/pegasus/redskull/images/common/default_house_list.png?_v=20230505182005
20230507,昌平,回龙观,101116855386,北回归线电梯北向精装靠谱出售！！！房主自荐,196万,26584元/平,中楼层 (共7层) | 2010年建 | 2室1厅 | 73.73平米 | 北,https://s1.ljcdn.com/pegasus/redskull/images/common/default_house_list.png?_v=20230505182005
20230507,昌平,回龙观,101116850556,美唐三期 B1产权停车位 有房本 11.15.17号楼附近,25.5万,6878元/平,地下室 (共18层) 1室0厅 | 37.08平米 | 东 北 西 南,https://ke-image.ljcdn.com/110000-inspection/3541c5db9416eae38e2ad21c777717a8-040.jpg!m_fill,w_280,h_210,f_jpg?from=ke.com
20230507,昌平,回龙观,101116840195,诚意出售带充电桩近出口位置位置好,30万,7630元/平,地下室 (共11层) 1室0厅 | 39.32平米 | 南 北,https://s1.ljcdn.com/pegasus/redskull/images/common/default_house_list.png?_v=20230505182005
20230507,昌平,回龙观,101116844473,金域华府二期 车位,42万,12575元/平,地下室 1室0厅 | 33.4平米 | 南,https://ke-image.ljcdn.com/110000-inspection/978c971dba8a2d7e0214b55e498f20fe-080.jpg!m_fill,w_280,h_210,f_jpg?from=ke.com
20230507,昌平,回龙观,101116839133,东亚上北中心双朝向·不临街·精装修,223万,37804元/平,中楼层 (共18层) | 2009年建 | 1室1厅 | 58.99平米 | 东北,https://s1.ljcdn.com/pegasus/redskull/images/common/default_house_list.png?_v=20230505182005
20230507,昌平,回龙观,101116831205,泰华龙旗广场 距离地铁900米 商业多 楼龄新 电梯房,280万,42502元/平,高楼层 (共16层) 1室0厅 | 65.88平米 | 西北,https://s1.ljcdn.com/pegasus/redskull/images/common/default_house_list.png?_v=20230505182005
20230507,昌平,回龙观,101116827820,昌平回龙观紫晶七星广场180,190万,34805元/平,底层 (共5层) 1室1厅 | 54.59平米 | 西,https://s1.ljcdn.com/pegasus/redskull/images/common/default_house_list.png?_v=20230505182005
20230507,昌平,回龙观,101116811701,首开国风美唐三期满5年小区中间位置无抵押,1015万,79696元/平,中楼层 (共18层) | 2016年建 | 3室2厅 | 127.36平米 | 南 北,https://ke-image.ljcdn.com/110000-inspection/62a609e3-4bf1-4d2a-a518-7cea1db136f5.jpg!m_fill,w_280,h_210,f_jpg?from=ke.com
20230507,昌平,回龙观,101116776507,领秀慧谷D区 车位,24万,7958元/平,地下室 | 2016年建 | 1室0厅 | 30.16平米 | 东 南 西 北,https://s1.ljcdn.com/pegasus/redskull/images/common/default_house_list.png?_v=20230505182005
20230507,昌平,回龙观,101116760909,东亚上北中心  楼层好采光无影响。,170万,39739元/平,低楼层 (共21层) | 2009年建 | 1室0厅 | 42.78平米 | 南,https://s1.ljcdn.com/pegasus/redskull/images/common/default_house_list.png?_v=20230505182005
20230507,昌平,回龙观,101116741245,紫晶七星广场朝西采光好钢混结构,183万,29863元/平,底层 (共5层) 2室1厅 | 61.28平米 | 西,https://s1.ljcdn.com/pegasus/redskull/images/common/default_house_list.png?_v=20230505182005
20230507,昌平,回龙观,101116723059,紫晶七星广场办公类房有电梯,198万,25832元/平,中楼层 (共5层) | 2014年建 | 1室0厅 | 76.65平米 | 西,https://s1.ljcdn.com/pegasus/redskull/images/common/default_house_list.png?_v=20230505182005
20230507,昌平,回龙观,101116692627,首开国风美唐二期 车位,13万,3374元/平,地下室 (共18层) 1室0厅 | 38.54平米 | 南 北,https://ke-image.ljcdn.com/110000-inspection/9c47a98e78b228f7c4cd5b0be8cad117-030.jpg!m_fill,w_280,h_210,f_jpg?from=ke.com
20230507,昌平,回龙观,101116666395,首开国风美唐二期 车位,11万,2855元/平,地下室 (共18层) 1室0厅 | 38.54平米 | 东 南 西,https://ke-image.ljcdn.com/110000-inspection/b7de45c8-e362-4a2c-8dfa-9ed95f4e916a.jpg!m_fill,w_280,h_210,f_jpg?from=ke.com
20230507,昌平,回龙观,101116605217,首开国风美唐二期 车位,15.2万,3944元/平,地下室 (共18层) 1室0厅 | 38.54平米 | 东,https://ke-image.ljcdn.com/110000-inspection/d2c712d4add7d58a61a5bed44ebff6be-014.jpg!m_fill,w_280,h_210,f_jpg?from=ke.com
20230507,昌平,回龙观,101116539474,首开智慧社 近地铁  满五唯一 采光好,298万,28921元/平,低楼层 (共19层) | 2011年建 | 2室1厅 | 103.04平米 | 西南,https://s1.ljcdn.com/pegasus/redskull/images/common/default_house_list.png?_v=20230505182005
20230507,昌平,回龙观,101116508859,南向高层采光好视野棒无遮挡,235万,46115元/平,高楼层 (共16层) 2室1厅 | 50.96平米 | 南,https://s1.ljcdn.com/pegasus/redskull/images/common/default_house_list.png?_v=20230505182005
20230507,昌平,回龙观,101116488834,首开国风美唐二期 5号楼车位  全款买,18万,4671元/平,地下室 (共18层) 1室0厅 | 38.54平米 | 东,https://ke-image.ljcdn.com/110000-inspection/eb43ffe4-65da-4aca-85e0-944f4ec360a6.jpg!m_fill,w_280,h_210,f_jpg?from=ke.com
20230507,昌平,回龙观,101116430669,龙城花园北二区满五年正规南一居室诚心卖,295万,63867元/平,中楼层 (共4层) | 2004年建 | 1室1厅 | 46.19平米 | 南,https://s1.ljcdn.com/pegasus/redskull/images/common/default_house_list.png?_v=20230505182005
20230507,昌平,回龙观,101116412346,北回归线北向房源业主靠谱出售！！！,184万,26081元/平,中楼层 (共7层) | 2010年建 | 1室1厅 | 70.55平米 | 北,https://s1.ljcdn.com/pegasus/redskull/images/common/default_house_list.png?_v=20230505182005
20230507,昌平,回龙观,101116336160,首开国风美唐三期 车位,25万,6743元/平,地下室 (共18层) 1室0厅 | 37.08平米 | 南,https://ke-image.ljcdn.com/110000-inspection/76ceb2da112623516b5dbc897da5b0b8-040.jpg!m_fill,w_280,h_210,f_jpg?from=ke.com
20230507,昌平,回龙观,101116234909,京投发展公园悦府一区 车位,18.5万,5216元/平,底层 (共11层) | 2015年建 | 1室0厅 | 35.47平米 | 南,https://ke-image.ljcdn.com/110000-inspection/aafcb8bf-9b8f-4f27-a133-809db91f71b2.jpg!m_fill,w_280,h_210,f_jpg?from=ke.com
20230507,昌平,回龙观,101116198154,美唐南向无遮挡精装修靠谱急售,157万,28228元/平,低楼层 (共16层) | 2014年建 | 1室0厅 | 55.62平米 | 南,https://s1.ljcdn.com/pegasus/redskull/images/common/default_house_list.png?_v=20230505182005
20230507,昌平,回龙观,101116180175,天露园二区 看房有钥匙 全明格局  位置好,510万,39204元/平,低楼层 (共6层) | 2008年建 | 3室2厅 | 130.09平米 | 南 北,https://s1.ljcdn.com/pegasus/redskull/images/common/default_house_list.png?_v=20230505182005
20230507,昌平,回龙观,101116134275,视野开阔采光充足。南侧就是体育公园交通方便房主自荐,249万,40901元/平,中楼层 (共21层) | 2009年建 | 1室1厅 | 60.88平米 | 南,https://s1.ljcdn.com/pegasus/redskull/images/common/default_house_list.png?_v=20230505182005
20230507,昌平,回龙观,101116127167,门口正在修地铁南向大阳台视野很好,130万,33463元/平,中楼层 (共7层) 1室0厅 | 38.85平米 | 南,https://s1.ljcdn.com/pegasus/redskull/images/common/default_house_list.png?_v=20230505182005
20230507,昌平,回龙观,101116104581,尚城 2室1厅 西南,180万,30928元/平,中楼层 (共11层) 2室1厅 | 58.2平米 | 西南,https://s1.ljcdn.com/pegasus/redskull/images/common/default_house_list.png?_v=20230505182005
20230507,昌平,回龙观,101116082203,领秀慧谷D2区 产权车位 位置好 出行方便,25万,7794元/平,地下室 (共3层) | 2019年建 | 1室0厅 | 32.08平米 | 西北 东南,https://ke-image.ljcdn.com/110000-inspection/823a1445a2ddfed57cf74fa5d91ed322-065.jpg!m_fill,w_280,h_210,f_jpg?from=ke.com
20230507,昌平,回龙观,101115984773,东亚上北中心 1室1厅 东北房主自荐,230万,38990元/平,顶层 (共18层) | 2009年建 | 1室1厅 | 58.99平米 | 东北,https://s1.ljcdn.com/pegasus/redskull/images/common/default_house_list.png?_v=20230505182005
20230507,昌平,回龙观,101115980033,地下一层 产权车库带房本 1.2.15.14号楼都近,16.8万,4932元/平,地下室 (共21层) | 2015年建 | 1室0厅 | 34.07平米 | 南 东 西 北,https://ke-image.ljcdn.com/110000-inspection/9280d0cb-90d9-4c21-84fb-dd53b17b5176.jpg!m_fill,w_280,h_210,f_jpg?from=ke.com
20230507,昌平,回龙观,101115881732,首开国风美唐二期 车位,15.2万,3944元/平,地下室 (共18层) | 2015年建 | 1室0厅 | 38.54平米 | 南,https://ke-image.ljcdn.com/110000-inspection/d4c636d26b5cd887d58e237895d9ddeb-056.jpg!m_fill,w_280,h_210,f_jpg?from=ke.com
20230507,昌平,回龙观,101115876566,首开国风美唐综合楼 近双轨地铁,190万,31348元/平,低楼层 (共17层) 1室1厅 | 60.61平米 | 南,https://s1.ljcdn.com/pegasus/redskull/images/common/default_house_list.png?_v=20230505182005
20230507,昌平,回龙观,101115868009,东亚上北中心 南向大开间 视野开阔 格局好,178万,43320元/平,高楼层 (共20层) 1室0厅 | 41.09平米 | 南,https://s1.ljcdn.com/pegasus/redskull/images/common/default_house_list.png?_v=20230505182005
20230507,昌平,回龙观,101115851979,首开国风美唐一期 车位,28万,7122元/平,地下室 (共11层) 1室0厅 | 39.32平米 | 南,https://ke-image.ljcdn.com/110000-inspection/cc7f941b24965d7718d9eddb1aa8ceb8-001.jpg!m_fill,w_280,h_210,f_jpg?from=ke.com
20230507,昌平,回龙观,101115851031,北回归线业主诚心出售电梯北向房源,155万,28358元/平,低楼层 (共7层) | 2010年建 | 1室1厅 | 54.66平米 | 北,https://s1.ljcdn.com/pegasus/redskull/images/common/default_house_list.png?_v=20230505182005
20230507,昌平,回龙观,101115786226,首开国风美唐一期 车位,29万,7311元/平,地下室 (共11层) 1室0厅 | 39.67平米 | 南,https://ke-image.ljcdn.com/110000-inspection/3852227d-1864-4230-bbb0-ef328910034d.jpg!m_fill,w_280,h_210,f_jpg?from=ke.com
20230507,昌平,回龙观,101115764021,尚城 1室0厅 北,175万,36520元/平,低楼层 (共11层) | 2008年建 | 1室0厅 | 47.92平米 | 北,https://s1.ljcdn.com/pegasus/redskull/images/common/default_house_list.png?_v=20230505182005
20230507,昌平,回龙观,101115503768,紫晶七星广场楼层好视野宽阔交通便利,125万,31149元/平,中楼层 (共5层) | 2014年建 | 1室0厅 | 40.13平米 | 北,https://s1.ljcdn.com/pegasus/redskull/images/common/default_house_list.png?_v=20230505182005
20230507,昌平,回龙观,101115502308,泰华龙旗广场 临地铁 层高5.4米 带广告位,265万,37627元/平,低楼层 (共16层) | 2011年建 | 5室2厅 | 70.43平米 | 南,https://s1.ljcdn.com/pegasus/redskull/images/common/default_house_list.png?_v=20230505182005
20230507,昌平,回龙观,101115501908,泰华龙旗广场  临地铁 4层 带电梯,285万,38818元/平,低楼层 (共16层) | 2011年建 | 6室2厅 | 73.42平米 | 南,https://s1.ljcdn.com/pegasus/redskull/images/common/default_house_list.png?_v=20230505182005
20230507,昌平,回龙观,101115330469,东亚上北中心  户型方正没有浪费面积,315万,37671元/平,底层 (共21层) | 2009年建 | 2室1厅 | 83.62平米 | 南,https://s1.ljcdn.com/pegasus/redskull/images/common/default_house_list.png?_v=20230505182005
20230507,昌平,回龙观,101115293892,地下一层产权车位电梯直达到此层！,15万,3893元/平,地下室 (共18层) | 2014年建 | 1室0厅 | 38.54平米 | 南,https://ke-image.ljcdn.com/110000-inspection/630466c761a04238ceb59b9aa9d9ee09-094.jpg!m_fill,w_280,h_210,f_jpg?from=ke.com
20230507,昌平,回龙观,101115249235,首开智慧社电梯房商业办公类,150万,29349元/平,低楼层 (共19层) | 2012年建 | 1室0厅 | 51.11平米 | 东,https://s1.ljcdn.com/pegasus/redskull/images/common/default_house_list.png?_v=20230505182005
20230507,昌平,回龙观,101115145140,首开国风美唐三期地下一层产权车位,25万,7688元/平,地下室 (共1层) 1室0厅 | 32.52平米 | 南,https://ke-image.ljcdn.com/110000-inspection/2756b7ae6dc9f33e5e8014eb9dd7e9af-007.jpg!m_fill,w_280,h_210,f_jpg?from=ke.com
20230507,昌平,回龙观,101115017525,首开国风美唐三期 车位,33万,8900元/平,地下室 (共18层) 1室0厅 | 37.08平米 | 东,https://ke-image.ljcdn.com/110000-inspection/c3ebd5d195c5d0b4a40c0bd60dcf4748-000.jpg!m_fill,w_280,h_210,f_jpg?from=ke.com
20230507,昌平,回龙观,101115011399,华府9号 2室1厅 西北房主自荐,375万,42518元/平,顶层 (共5层) | 2018年建 | 2室1厅 | 88.2平米 | 西北,https://s1.ljcdn.com/pegasus/redskull/images/common/default_house_list.png?_v=20230505182005
20230507,昌平,回龙观,101114992871,美唐三期 地下产权车位 近12-13号楼 独立停车！,22万,5934元/平,地下室 (共18层) | 2017年建 | 1室0厅 | 37.08平米 | 东 南 西 北,https://ke-image.ljcdn.com/110000-inspection/9ad2323aa1ae8bf8f63dfd31f6a9a190-062.jpg!m_fill,w_280,h_210,f_jpg?from=ke.com
20230507,昌平,回龙观,101114989646,首开国风美唐综合楼东向无遮挡房源,155万,27758元/平,中楼层 (共17层) | 2014年建 | 1室0厅 | 55.84平米 | 东,https://s1.ljcdn.com/pegasus/redskull/images/common/default_house_list.png?_v=20230505182005
20230507,昌平,回龙观,101114971281,首开国风美唐二期产权车位 地下一层 电梯直达,15万,4403元/平,地下室 (共21层) | 2015年建 | 1室0厅 | 34.07平米 | 东 南 西 北,https://ke-image.ljcdn.com/110000-inspection/767e804e138eac78700e96018e45c48f-044.jpg!m_fill,w_280,h_210,f_jpg?from=ke.com
20230507,昌平,回龙观,101114941526,美唐三期 地下一层产权车位电梯直达,21万,5664元/平,地下室 (共18层) 1室0厅 | 37.08平米 | 西,https://ke-image.ljcdn.com/110000-inspection/5807b2d5-95b8-46ad-985d-ede0a27b257d.jpeg!m_fill,w_280,h_210,f_jpg?from=ke.com
20230507,昌平,回龙观,101114902482,地下一层产权车位 近2.3号楼 近电梯 独立停车,15万,4403元/平,地下室 (共21层) | 2015年建 | 1室0厅 | 34.07平米 | 南,https://ke-image.ljcdn.com/110000-inspection/84c11c00-c8ee-4e66-b453-8c8e2ede1052.jpg!m_fill,w_280,h_210,f_jpg?from=ke.com
20230507,昌平,回龙观,101114896652,首开国风美唐三期产权车库有充电桩把边,22万,6766元/平,地下室 (共20层) | 2017年建 | 1室0厅 | 32.52平米 | 南,https://s1.ljcdn.com/pegasus/redskull/images/common/default_house_list.png?_v=20230505182005
20230507,昌平,回龙观,101114856588,首开国风美唐三期车位业主诚心出售,21.8万,6704元/平,地下室 (共20层) | 2017年建 | 1室0厅 | 32.52平米 | 南,https://ke-image.ljcdn.com/110000-inspection/6f992f54087f77ff806995b54f8de356-092.jpg!m_fill,w_280,h_210,f_jpg?from=ke.com
20230507,昌平,回龙观,101114824123,泰华龙旗广场 中间楼层 临地铁8号线,330万,43634元/平,中楼层 (共16层) | 2011年建 | 2室2厅 | 75.63平米 | 南 西南 北,https://s1.ljcdn.com/pegasus/redskull/images/common/default_house_list.png?_v=20230505182005
20230507,昌平,回龙观,101114812573,地下一层产权车位电梯直达到此层！,15万,3893元/平,地下室 (共18层) 1室1厅 | 38.54平米 | 东,https://ke-image.ljcdn.com/110000-inspection/853aa2bd0af498368a16ac54e60f2369-003.jpg!m_fill,w_280,h_210,f_jpg?from=ke.com
20230507,昌平,回龙观,101114805264,诚意出售南北通透户型采光好带电梯,349万,29916元/平,顶层 (共7层) | 2007年建 | 2室2厅 | 116.66平米 | 南 北,https://s1.ljcdn.com/pegasus/redskull/images/common/default_house_list.png?_v=20230505182005
20230507,昌平,回龙观,101114738616,首开国风美唐三期 车位,23万,7073元/平,地下室 (共1层) | 2017年建 | 1室0厅 | 32.52平米 | 东,https://ke-image.ljcdn.com/110000-inspection/8cd5fd57345f66e027918b587a2ece4b-086.jpg!m_fill,w_280,h_210,f_jpg?from=ke.com
20230507,昌平,回龙观,101114715171,首开国风美唐综合楼精装修13.5万,195万,29031元/平,中楼层 (共17层) | 2014年建 | 1室0厅 | 67.17平米 | 南,https://s1.ljcdn.com/pegasus/redskull/images/common/default_house_list.png?_v=20230505182005
20230507,昌平,回龙观,101114683832,TBD住总万科天地 近地铁 中间楼层 业主诚意出售,166万,33421元/平,中楼层 (共21层) | 2020年建 | 1室1厅 | 49.67平米 | 北,https://s1.ljcdn.com/pegasus/redskull/images/common/default_house_list.png?_v=20230505182005
20230507,昌平,回龙观,101114605799,首开国风美唐臻观  地下产权车位  业主诚心出售,26万,7012元/平,地下室 (共18层) | 2017年建 | 1室0厅 | 37.08平米 | 南,https://ke-image.ljcdn.com/110000-inspection/a7af8b02690d2f9be5e1e461091c8691-087.jpg!m_fill,w_280,h_210,f_jpg?from=ke.com
20230507,昌平,回龙观,101114601382,首开智慧社 车位,15万,3269元/平,地下室 (共18层) | 2012年建 | 1室0厅 | 45.89平米 | 南,https://ke-image.ljcdn.com/110000-inspection/15a2f8176617c0caed5d05fc678140c0-049.jpg!m_fill,w_280,h_210,f_jpg?from=ke.com
20230507,昌平,回龙观,101114551493,首开国风美唐综合楼南向靠谱卖,170万,29638元/平,低楼层 (共17层) | 2014年建 | 1室0厅 | 57.36平米 | 南,https://s1.ljcdn.com/pegasus/redskull/images/common/default_house_list.png?_v=20230505182005
20230507,昌平,回龙观,101114390398,东亚上北中心  前方是公园  高层视野好,288万,33234元/平,中楼层 (共16层) | 2009年建 | 2室1厅 | 86.66平米 | 东北,https://s1.ljcdn.com/pegasus/redskull/images/common/default_house_list.png?_v=20230505182005
20230507,昌平,回龙观,101114350497,矩阵四期 1室1厅 东,130万,25034元/平,中楼层 (共9层) | 2010年建 | 1室1厅 | 51.93平米 | 东,https://s1.ljcdn.com/pegasus/redskull/images/common/default_house_list.png?_v=20230505182005
20230507,昌平,回龙观,101114272301,D区车位带冲电桩出售稳定签约、位置好,26万,8445元/平,地下室 | 2016年建 | 1室0厅 | 30.79平米 | 东 南 西 北,https://s1.ljcdn.com/pegasus/redskull/images/common/default_house_list.png?_v=20230505182005
20230507,昌平,回龙观,101114174966,紫晶七星广场带电梯精装东向开间,118万,31102元/平,地下室 (共5层) | 2014年建 | 1室0厅 | 37.94平米 | 东,https://s1.ljcdn.com/pegasus/redskull/images/common/default_house_list.png?_v=20230505182005
20230507,昌平,回龙观,101114166494,美唐二期车位  地下一层 签约随时 电梯直达！,19万,5577元/平,地下室 (共21层) | 2015年建 | 1室0厅 | 34.07平米 | 南,https://ke-image.ljcdn.com/110000-inspection/b6af1c50-2087-4a49-b7d0-ef50669e7699.jpg!m_fill,w_280,h_210,f_jpg?from=ke.com
20230507,昌平,回龙观,101114124407,尚城 3室1厅 南,220万,32763元/平,顶层 (共11层) 3室1厅 | 67.15平米 | 南,https://s1.ljcdn.com/pegasus/redskull/images/common/default_house_list.png?_v=20230505182005
20230507,昌平,回龙观,101114112301,京*发展公园悦府产权车位把边空间大,19.5万,5194元/平,底层 (共11层) | 2015年建 | 1室0厅 | 37.55平米 | 东,https://ke-image.ljcdn.com/110000-inspection/2f86760c6b0cb0d1cdfe2ac6bca38e6d-054.jpg!m_fill,w_280,h_210,f_jpg?from=ke.com
20230507,昌平,回龙观,101114087321,TBD住总万科天地 2室2厅 东北房主自荐,210万,48940元/平,高楼层 (共21层) 2室2厅 | 42.91平米 | 东北,https://s1.ljcdn.com/pegasus/redskull/images/common/default_house_list.png?_v=20230505182005
20230507,昌平,回龙观,101113812351,首开智慧社2012年小区电梯商品房 高楼层视野采光好,303万,29407元/平,中楼层 (共19层) | 2012年建 | 2室1厅 | 103.04平米 | 西南,https://s1.ljcdn.com/pegasus/redskull/images/common/default_house_list.png?_v=20230505182005
20230507,昌平,回龙观,101113670479,首开国风美唐三期 地下一层车库 诚信出售,22万,6766元/平,地下室 (共20层) | 2017年建 | 1室0厅 | 32.52平米 | 南,https://ke-image.ljcdn.com/110000-inspection/b7aec458078d5de16d9ee4bdbe041d73-052.jpg!m_fill,w_280,h_210,f_jpg?from=ke.com
20230507,昌平,回龙观,101113450053,首开国风美唐朗观  产权车位地下一层诚心卖,17.5万,5137元/平,地下室 (共21层) | 2015年建 | 1室0厅 | 34.07平米 | 南,https://ke-image.ljcdn.com/110000-inspection/b8ac4ce76c7b84a107f08c6b07b61293-093.jpg!m_fill,w_280,h_210,f_jpg?from=ke.com
20230507,昌平,回龙观,101113404296,首开智慧社 地下正规车位 有产权,15万,3203元/平,地下室 (共18层) | 2012年建 | 1室1厅 | 46.84平米 | 北,https://ke-image.ljcdn.com/110000-inspection/e63a66d70cadefbaee09529a950ba897-067.jpg!m_fill,w_280,h_210,f_jpg?from=ke.com
20230507,昌平,回龙观,101113330619,小区业主可以买有房本50年产权随时可看,17.5万,5137元/平,地下室 (共21层) | 2015年建 | 1室0厅 | 34.07平米 | 东,https://ke-image.ljcdn.com/110000-inspection/383dcc1e-fda8-411a-8303-a3aeb1cc40fd.jpg!m_fill,w_280,h_210,f_jpg?from=ke.com
20230507,昌平,回龙观,101113320363,首开智慧社 车位,18.8万,4050元/平,地下室 (共18层) | 2012年建 | 1室0厅 | 46.42平米 | 东,https://ke-image.ljcdn.com/110000-inspection/dbf49963ef32ac089c74bd74da262c51-066.jpg!m_fill,w_280,h_210,f_jpg?from=ke.com
20230507,昌平,回龙观,101113084339,小区业主可以买有房本50年产权随时可看,18.5万,5430元/平,地下室 (共21层) 1室0厅 | 34.07平米 | 东,https://ke-image.ljcdn.com/110000-inspection/7e915c7a7244fd3c0d676e6fc2d7416f-070.jpg!m_fill,w_280,h_210,f_jpg?from=ke.com
20230507,昌平,回龙观,101112807863,美唐一期地下车位  产权车位 诚心出售,30万,7630元/平,地下室 (共11层) | 2012年建 | 1室1厅 | 39.32平米 | 东 南 西 北,https://ke-image.ljcdn.com/110000-inspection/699fc5fadd0782764f680357a8ecbe9b-091.jpg!m_fill,w_280,h_210,f_jpg?from=ke.com
20230507,昌平,回龙观,101112797644,车位诚心出售距离2号楼很近看房方便,14万,4110元/平,地下室 (共21层) | 2015年建 | 1室0厅 | 34.07平米 | 南,https://ke-image.ljcdn.com/110000-inspection/4ed4da2f-60b5-4dd5-803f-197655cc9997.jpg!m_fill,w_280,h_210,f_jpg?from=ke.com
20230507,昌平,回龙观,101112665555,华府9号万科精装修 万科物业2016年电梯房小区房主自荐,275万,46913元/平,中楼层 (共5层) | 2018年建 | 1室0厅 | 58.62平米 | 西,https://s1.ljcdn.com/pegasus/redskull/images/common/default_house_list.png?_v=20230505182005
20230507,昌平,回龙观,101112614787,金域华府二期 B1层车位 电梯直达,45万,13474元/平,地下室 (共3层) 1室0厅 | 33.4平米 | 南,https://s1.ljcdn.com/pegasus/redskull/images/common/default_house_list.png?_v=20230505182005
20230507,昌平,回龙观,101112447277,华府9号万科精装修 万科物业2016年电梯房小区房主自荐,469万,46321元/平,中楼层 (共5层) | 2018年建 | 3室1厅 | 101.25平米 | 南 北,https://s1.ljcdn.com/pegasus/redskull/images/common/default_house_list.png?_v=20230505182005
20230507,昌平,回龙观,101112240983,领秀慧谷D区 车位,28万,9012元/平,地下室 | 2016年建 | 1室0厅 | 31.07平米 | 东 南 西 北,https://ke-image.ljcdn.com/110000-inspection/1e4f78603579f3385a71b27a225af81e-002.jpg!m_fill,w_280,h_210,f_jpg?from=ke.com
20230507,昌平,回龙观,101112201527,紫晶七星广场电梯房格局方正产权清晰,124万,30885元/平,中楼层 (共5层) | 2014年建 | 1室1厅 | 40.15平米 | 北,https://s1.ljcdn.com/pegasus/redskull/images/common/default_house_list.png?_v=20230505182005
20230507,昌平,回龙观,101111992782,金域华府二期 把边大车位！地下一层 停车方便,45万,10873元/平,地下室 (共3层) 1室1厅 | 41.39平米 | 南,https://ke-image.ljcdn.com/110000-inspection/ad22f558eca0aaf9f37d920212ce2685-093.jpg!m_fill,w_280,h_210,f_jpg?from=ke.com
20230507,昌平,回龙观,101111491770,首开智慧社 车位,18万,3741元/平,地下室 (共18层) | 2012年建 | 1室0厅 | 48.12平米 | 南,https://ke-image.ljcdn.com/110000-inspection/7e6040ed5777e946d8d41b435d9a037a-027.jpg!m_fill,w_280,h_210,f_jpg?from=ke.com
20230507,昌平,回龙观,101111460636,首开国风美唐朗观 地下产权车位,19万,4930元/平,地下室 (共18层) | 2015年建 | 1室0厅 | 38.54平米 | 南,https://ke-image.ljcdn.com/110000-inspection/570011e45c89c80f3548c642c54ebb19-099.jpg!m_fill,w_280,h_210,f_jpg?from=ke.com
20230507,昌平,回龙观,101111189309,上北鑫座 高楼层 多面大窗 采光好,118万,27114元/平,顶层 (共7层) 1室0厅 | 43.52平米 | 东北,https://s1.ljcdn.com/pegasus/redskull/images/common/default_house_list.png?_v=20230505182005
20230507,昌平,回龙观,101111099100,首开国风美唐二期车位看房方便,15万,4403元/平,地下室 (共21层) | 2015年建 | 1室0厅 | 34.07平米 | 南,https://ke-image.ljcdn.com/110000-inspection/5f5ea5827df20eecbc81e47896d8d1dd-001.jpg!m_fill,w_280,h_210,f_jpg?from=ke.com
20230507,昌平,回龙观,101111078157,车库 小区西边一排的车库  业主诚意出售,40万,18904元/平,底层 (共1层) | 1998年建 | 1室0厅 | 21.16平米 | 东 西,https://s1.ljcdn.com/pegasus/redskull/images/common/default_house_list.png?_v=20230505182005
20230507,昌平,回龙观,101110694826,1842车位小区业主可以买有房本50年产权！,26万,7632元/平,地下室 (共21层) | 2015年建 | 1室0厅 | 34.07平米 | 南,https://ke-image.ljcdn.com/110000-inspection/3022548d47456602ead1dedfb70d5548-016.jpg!m_fill,w_280,h_210,f_jpg?from=ke.com
20230507,昌平,回龙观,101110556975,华府9号万科精装修 万科物业2016年电梯房小区,385万,45109元/平,顶层 (共5层) | 2018年建 | 3室1厅 | 85.35平米 | 西,https://s1.ljcdn.com/pegasus/redskull/images/common/default_house_list.png?_v=20230505182005
20230507,昌平,回龙观,101110452253,首开国风美唐三期车位业主诚心出售,22万,5934元/平,地下室 (共20层) 1室0厅 | 37.08平米 | 南,https://ke-image.ljcdn.com/110000-inspection/c3f01806-a0e3-40ba-8bc4-ec9a47008904.jpg!m_fill,w_280,h_210,f_jpg?from=ke.com
20230507,昌平,回龙观,101110335243,首开智慧社 车位 带产权 有小区房产可购入,20万,4270元/平,地下室 (共18层) | 2012年建 | 1室0厅 | 46.84平米 | 东 南 北,https://ke-image.ljcdn.com/110000-inspection/e0cb237a430f6f4fea038fb2c5817e74-029.jpg!m_fill,w_280,h_210,f_jpg?from=ke.com
20230507,昌平,回龙观,101110152383,首开国风美唐三期 地下一层车位,27万,7282元/平,地下室 (共18层) | 2014年建 | 1室0厅 | 37.08平米 | 北,https://ke-image.ljcdn.com/110000-inspection/8a7e9b52-5ec6-4541-a6ed-a5244215b966.jpg!m_fill,w_280,h_210,f_jpg?from=ke.com
20230507,昌平,回龙观,101109992169,首开国风美唐二期 靠近小区地库的出入口 位置好,20万,5871元/平,地下室 (共21层) | 2015年建 | 1室0厅 | 34.07平米 | 南,https://ke-image.ljcdn.com/110000-inspection/181a1d97-4ff5-4af0-92c2-0e7f427e4cea.jpg!m_fill,w_280,h_210,f_jpg?from=ke.com
20230507,昌平,回龙观,101109270026,4598号楼旁边 国风美唐二期 车位    地下一层,13万,3374元/平,地下室 (共18层) | 2015年建 | 1室1厅 | 38.54平米 | 南,https://ke-image.ljcdn.com/110000-inspection/6abc895b3cd9b7d9469b933a501b0b37-014.jpg!m_fill,w_280,h_210,f_jpg?from=ke.com
20230507,昌平,回龙观,101108641345,首开国风美唐二期 随时可看 价格可以商量,15万,4403元/平,地下室 (共21层) | 2015年建 | 1室0厅 | 34.07平米 | 西,https://ke-image.ljcdn.com/110000-inspection/ae584b3f-e916-4d2b-a0a9-8c727644771e.jpg!m_fill,w_280,h_210,f_jpg?from=ke.com
20230507,昌平,回龙观,101108428574,50年产权车位诚心出售欢迎咨询,29万,8918元/平,地下室 (共20层) | 2017年建 | 1室0厅 | 32.52平米 | 南,https://ke-image.ljcdn.com/110000-inspection/f7c9ff42-757c-40fd-be5a-d81ef19bee1f.jpg!m_fill,w_280,h_210,f_jpg?from=ke.com
20230507,昌平,回龙观,101108389513,近地铁 方便进出 位于14.15.16.23号楼中间,19.5万,5724元/平,地下室 (共21层) | 2015年建 | 1室0厅 | 34.07平米 | 南 北,https://ke-image.ljcdn.com/110000-inspection/16a8a801-e407-406f-8732-d3ce2d0a0a5f.jpg!m_fill,w_280,h_210,f_jpg?from=ke.com
20230507,昌平,回龙观,101108179245,首开智慧社车位+位置好+近电梯,19万,4044元/平,地下室 (共18层) | 2012年建 | 1室0厅 | 46.99平米 | 南,https://ke-image.ljcdn.com/110000-inspection/d3317de9bf9180ce17b0e49930aef3fd-000.jpg!m_fill,w_280,h_210,f_jpg?from=ke.com
20230507,昌平,回龙观,101108126455,首开国风美唐二期 5号楼楼下车位 电梯入户,17万,4412元/平,地下室 (共18层) | 2014年建 | 1室0厅 | 38.54平米 | 南,https://ke-image.ljcdn.com/110000-inspection/2967b593-2279-4bc4-a981-303a403f8aff.jpg!m_fill,w_280,h_210,f_jpg?from=ke.com
20230507,昌平,回龙观,101108032027,电梯入户  车位在5号楼、9号楼比较近。,13万,3374元/平,地下室 (共18层) | 2015年建 | 1室0厅 | 38.54平米 | 北,https://ke-image.ljcdn.com/110000-inspection/d492ccf0eb1b8d865a7929dc02fa3b5d-021.jpg!m_fill,w_280,h_210,f_jpg?from=ke.com
20230507,昌平,回龙观,101107305874,产权车位！离2号楼14号楼都近！随时可看可签！,16万,4697元/平,地下室 (共21层) 1室0厅 | 34.07平米 | 南,https://ke-image.ljcdn.com/110000-inspection/9b5ce2abf8d4e2fd21c9f5d5c550933b-001.jpg!m_fill,w_280,h_210,f_jpg?from=ke.com
20230507,昌平,回龙观,101106154828,此房是地下一层车位大产权50年,23万,6203元/平,地下室 (共18层) 1室0厅 | 37.08平米 | 南,https://ke-image.ljcdn.com/110000-inspection/5d807f4ea1d1d75a6558f17f380a42ce-045.jpg!m_fill,w_280,h_210,f_jpg?from=ke.com
20230507,昌平,回龙观,101105776951,产权车位全款购买有充电桩。,18万,5284元/平,地下室 (共21层) | 2015年建 | 1室0厅 | 34.07平米 | 西,https://ke-image.ljcdn.com/110000-inspection/bbe23be8-196a-4bf0-af7c-7a5b6bcb06a1.jpg!m_fill,w_280,h_210,f_jpg?from=ke.com
20230507,昌平,回龙观,101105266739,产权车位！位置好！电梯直接入库！,22万,6458元/平,地下室 (共21层) | 2016年建 | 1室0厅 | 34.07平米 | 南 北,https://ke-image.ljcdn.com/110000-inspection/ce98f328-77ae-45e8-b446-c092477a8e02.jpg!m_fill,w_280,h_210,f_jpg?from=ke.com
20230507,昌平,回龙观,101105056658,首开国风美唐二期 电梯入户产权车位,19.5万,5724元/平,地下室 (共21层) | 2015年建 | 1室0厅 | 34.07平米 | 北,https://ke-image.ljcdn.com/110000-inspection/346ffc30-b1e4-44ca-9b30-27010e10101b.jpg!m_fill,w_280,h_210,f_jpg?from=ke.com
20230507,昌平,回龙观,101104802764,美唐花园车位业主诚心出售位置好,30万,8091元/平,地下室 (共18层) | 2017年建 | 1室0厅 | 37.08平米 | 北,https://s1.ljcdn.com/pegasus/redskull/images/common/default_house_list.png?_v=20230505182005
20230507,昌平,回龙观,101103938881,首开国风美唐二期 地下车位 5号楼9号楼中间,18.5万,4801元/平,地下室 (共18层) | 2015年建 | 1室0厅 | 38.54平米 | 东,https://ke-image.ljcdn.com/110000-inspection/6268fbd5-55dd-44d3-a9eb-ca75ba0a79ee.jpg!m_fill,w_280,h_210,f_jpg?from=ke.com
20230507,昌平,回龙观,101100854482,龙华园西区5居复式商品房出售房主自荐,599万,31830元/平,高楼层 (共7层) | 1996年建 | 5室2厅 | 188.19平米 | 南 北,https://ke-image.ljcdn.com/110000-inspection/0394aca5-0208-4056-99a9-cf82256d2559.jpg!m_fill,w_280,h_210,f_jpg?from=ke.com
