20240815,丰台,丰台其它,101125821586,珠光逸景二期 1室1厅 南必看好房,170万,30659元/平,中楼层 (共6层) | 2013年 | 1室1厅 | 55.45平米 | 南,https://ke-image.ljcdn.com/110000-inspection/pc1_Mquyyeuf3_1.jpg!m_fill,w_280,h_210,f_jpg?from=ke.com
20240815,丰台,丰台其它,101125769252,红山郡 看房随时 满2年诚意卖必看好房,248万,28592元/平,低楼层 (共20层) 3室1厅 | 86.74平米 | 南 北,https://ke-image.ljcdn.com/110000-inspection/pc1_PFGIMQeq1_1.jpg!m_fill,w_280,h_210,f_jpg?from=ke.com
20240815,丰台,丰台其它,101125746611,中奥嘉园二期 1室1厅 南必看好房,148万,28293元/平,高楼层 (共10层) 1室1厅 | 52.31平米 | 南,https://ke-image.ljcdn.com/110000-inspection/pc1_pXdlOtBnR_1.jpg!m_fill,w_280,h_210,f_jpg?from=ke.com
20240815,丰台,丰台其它,101125520859,崔村一里小区安静不临街小区环境好必看好房,159万,27055元/平,中楼层 (共6层) | 1993年 | 2室1厅 | 58.77平米 | 南 北,https://ke-image.ljcdn.com/110000-inspection/pc1_hp7NZ1Dn3_1.jpg!m_fill,w_280,h_210,f_jpg?from=ke.com
20240815,丰台,丰台其它,101125177621,红山郡精装修三居室靠谱出售看房方便必看好房,286万,32973元/平,中楼层 (共20层) | 2017年 | 3室1厅 | 86.74平米 | 南 北,https://ke-image.ljcdn.com/110000-inspection/pc1_EJTbbRqRh.jpg!m_fill,w_280,h_210,f_jpg?from=ke.com
20240815,丰台,丰台其它,101125899492,满五年唯一南北通透正规两居双阳台低楼层新上,252万,33881元/平,底层 (共6层) | 2013年 | 2室1厅 | 74.38平米 | 南 北,https://ke-image.ljcdn.com/110000-inspection/pc1_69mYUEigL_1.jpg!m_fill,w_280,h_210,f_jpg?from=ke.com
20240815,丰台,丰台其它,101125762045,中奥嘉园二期 1室1厅 南必看好房,121万,22805元/平,低楼层 (共15层) 1室1厅 | 53.06平米 | 南,https://ke-image.ljcdn.com/110000-inspection/pc1_uf4NgEDwU_1.jpg!m_fill,w_280,h_210,f_jpg?from=ke.com
20240815,丰台,丰台其它,101125671801,园博嘉园 满五唯一 诚意卖东南向楼层好必看好房,420万,43750元/平,高楼层 (共15层) 2室1厅 | 96平米 | 东南,https://ke-image.ljcdn.com/110000-inspection/pc1_EMXZuK2MR_1.jpg!m_fill,w_280,h_210,f_jpg?from=ke.com
20240815,丰台,丰台其它,101125601148,珠光御景西园 3室2厅 南 北,420万,35657元/平,底层 (共9层) 3室2厅 | 117.79平米 | 南 北,https://ke-image.ljcdn.com/110000-inspection/pc1_4sgwbKxvQ_1.jpg!m_fill,w_280,h_210,f_jpg?from=ke.com
20240815,丰台,丰台其它,101125545129,红山郡 有钥匙看房方便 采光好,125万,25568元/平,低楼层 (共20层) | 2017年 | 1室1厅 | 48.89平米 | 南,https://ke-image.ljcdn.com/110000-inspection/pc1_xQLB43Kn6_1.jpg!m_fill,w_280,h_210,f_jpg?from=ke.com
20240815,丰台,丰台其它,101125438664,建设三里 2室1厅 南 北,129万,22962元/平,高楼层 (共6层) | 1992年 | 2室1厅 | 56.18平米 | 南 北,https://ke-image.ljcdn.com/110000-inspection/pc1_bZxclqr30_1.jpg!m_fill,w_280,h_210,f_jpg?from=ke.com
20240815,丰台,丰台其它,101125059688,园博嘉园 满五唯一 中间层看房方便必看好房,450万,51318元/平,中楼层 (共15层) | 2014年 | 2室1厅 | 87.69平米 | 南 北,https://ke-image.ljcdn.com/110000-inspection/pc1_8LEt7QgwY_1.jpg!m_fill,w_280,h_210,f_jpg?from=ke.com
20240815,丰台,丰台其它,101124675306,杜家坎44号院  满五唯一 南北通透   电梯三居必看好房,308万,30387元/平,高楼层 (共6层) 3室2厅 | 101.36平米 | 南 北,https://ke-image.ljcdn.com/110000-inspection/pc1_ZFd2qLTpb_1.jpg!m_fill,w_280,h_210,f_jpg?from=ke.com
20240815,丰台,丰台其它,101124544887,东山坡一里 2室1厅 南 北必看好房,120万,21353元/平,顶层 (共6层) 2室1厅 | 56.2平米 | 南 北,https://ke-image.ljcdn.com/110000-inspection/pc1_cpksy1HVa_1.jpg!m_fill,w_280,h_210,f_jpg?from=ke.com
20240815,丰台,丰台其它,101124505754,花园北里 2室1厅 南 北必看好房,119万,21997元/平,中楼层 (共6层) 2室1厅 | 54.1平米 | 南 北,https://ke-image.ljcdn.com/110000-inspection/pc1_KKSgTvdB5_1.jpg!m_fill,w_280,h_210,f_jpg?from=ke.com
20240815,丰台,丰台其它,101124490595,2017年电梯房 全南向两居 高层视野开阔必看好房,210万,32503元/平,高楼层 (共21层) | 2017年 | 2室1厅 | 64.61平米 | 南,https://ke-image.ljcdn.com/110000-inspection/pc1_knwVGHE5v_1.jpg!m_fill,w_280,h_210,f_jpg?from=ke.com
20240815,丰台,丰台其它,101124438192,崔村二里 2室1厅 南 北必看好房,135万,22437元/平,中楼层 (共5层) 2室1厅 | 60.17平米 | 南 北,https://ke-image.ljcdn.com/110000-inspection/pc1_kMKQnBBmi_1.jpg!m_fill,w_280,h_210,f_jpg?from=ke.com
20240815,丰台,丰台其它,101124430704,燕西华府 2室1厅 南 北必看好房,280万,31299元/平,高楼层 (共6层) | 2015年 | 2室1厅 | 89.46平米 | 南 北,https://ke-image.ljcdn.com/110000-inspection/31e2e6af-8d0e-40c2-a694-3ff17795a858_1000.jpg!m_fill,w_280,h_210,f_jpg?from=ke.com
20240815,丰台,丰台其它,101124400726,玉皇庄小区 2室1厅 南 北,155万,30694元/平,底层 (共6层) 2室1厅 | 50.5平米 | 南 北,https://ke-image.ljcdn.com/110000-inspection/pc1_b6jKzE8uy_1.jpg!m_fill,w_280,h_210,f_jpg?from=ke.com
20240815,丰台,丰台其它,101124333138,南北通透两居户型方正中间楼层无户口房主自荐,288万,42229元/平,中楼层 (共6层) 2室1厅 | 68.2平米 | 南 北,https://ke-image.ljcdn.com/110000-inspection/pc1_DDm8vOyg5.jpg!m_fill,w_280,h_210,f_jpg?from=ke.com
20240815,丰台,丰台其它,101124332701,燕西华府 低密洋房 电梯分户入户 眼镜户型 三居两卫房主自荐,546万,39239元/平,低楼层 (共6层) 3室2厅 | 139.15平米 | 南 北,https://ke-image.ljcdn.com/110000-inspection/be8bc551-148c-4ff8-981c-e251a51d2471_1000.jpg!m_fill,w_280,h_210,f_jpg?from=ke.com
20240815,丰台,丰台其它,101124218109,中奥嘉园一期 1室1厅 南必看好房,148万,28153元/平,中楼层 (共11层) | 2015年 | 1室1厅 | 52.57平米 | 南,https://ke-image.ljcdn.com/110000-inspection/pc1_mEnqCDIk2.jpg!m_fill,w_280,h_210,f_jpg?from=ke.com
20240815,丰台,丰台其它,101123957778,张郭庄小区 中间层 看房方便 采光好,139万,27149元/平,中楼层 (共5层) 2室1厅 | 51.2平米 | 南,https://ke-image.ljcdn.com/110000-inspection/pc1_1P0m4hHb6_1.jpg!m_fill,w_280,h_210,f_jpg?from=ke.com
20240815,丰台,丰台其它,101123929915,南宫雅苑一期满五唯一南北通透格局小区中间位置,265万,30890元/平,高楼层 (共6层) | 2004年 | 2室1厅 | 85.79平米 | 南 北,https://ke-image.ljcdn.com/110000-inspection/pc1_f3ODNS4oL_2.jpg!m_fill,w_280,h_210,f_jpg?from=ke.com
20240815,丰台,丰台其它,101123763113,汤泉墅 满五年 精装修 高楼层必看好房,458万,36853元/平,高楼层 (共6层) | 2013年 | 3室1厅 | 124.28平米 | 南 北,https://ke-image.ljcdn.com/110000-inspection/pc1_fHE57kI88_2.jpg!m_fill,w_280,h_210,f_jpg?from=ke.com
20240815,丰台,丰台其它,101123688901,大灰厂小区 2室1厅 南 北必看好房,88万,19048元/平,中楼层 (共5层) 2室1厅 | 46.2平米 | 南 北,https://ke-image.ljcdn.com/110000-inspection/pc1_g631KFEd3_1.jpg!m_fill,w_280,h_210,f_jpg?from=ke.com
20240815,丰台,丰台其它,101123682148,燕西华府 南北通透四居室 次顶层 精装修,578万,45330元/平,高楼层 (共6层) 4室2厅 | 127.51平米 | 南 北,https://ke-image.ljcdn.com/110000-inspection/7fb86176-9ea2-4318-b323-590c3e9f90e5_1000.jpg!m_fill,w_280,h_210,f_jpg?from=ke.com
20240815,丰台,丰台其它,101123508624,建设三里 1室1厅 南 北必看好房,115万,32431元/平,底层 (共6层) 1室1厅 | 35.46平米 | 南 北,https://ke-image.ljcdn.com/110000-inspection/pc1_CXtnaqe9h.jpg!m_fill,w_280,h_210,f_jpg?from=ke.com
20240815,丰台,丰台其它,101123502418,汤泉墅精装修三居室 自住保持好 洋房社区,320万,33752元/平,底层 (共6层) | 2011年 | 3室1厅 | 94.81平米 | 南 北,https://ke-image.ljcdn.com/110000-inspection/pc1_SsMEjriZr_2.jpg!m_fill,w_280,h_210,f_jpg?from=ke.com
20240815,丰台,丰台其它,101123144558,长馨园 2室1厅 南,186万,26618元/平,顶层 (共16层) | 2013年 | 2室1厅 | 69.88平米 | 南,https://ke-image.ljcdn.com/110000-inspection/pc1_78uP3piG4_1.jpg!m_fill,w_280,h_210,f_jpg?from=ke.com
20240815,丰台,丰台其它,101123130396,长辛店东南街 南北通透  中层 大客厅必看好房,140万,19802元/平,中楼层 (共6层) 2室1厅 | 70.7平米 | 南 北,https://ke-image.ljcdn.com/110000-inspection/pc1_zkDP8Pd2M_1.jpg!m_fill,w_280,h_210,f_jpg?from=ke.com
20240815,丰台,丰台其它,101122725896,南宫雅苑二期 南北通透 满五唯一 改善型住房,430万,33660元/平,中楼层 (共6层) 3室2厅 | 127.75平米 | 南 北,https://ke-image.ljcdn.com/110000-inspection/pc1_uUEn0DGpy.jpg!m_fill,w_280,h_210,f_jpg?from=ke.com
20240815,丰台,丰台其它,101122586626,中奥嘉园二期 正规一居室 户型方正 高楼层带电梯必看好房,119万,23107元/平,高楼层 (共15层) 1室1厅 | 51.5平米 | 东,https://ke-image.ljcdn.com/110000-inspection/pc1_aZTUFIuIO.jpg!m_fill,w_280,h_210,f_jpg?from=ke.com
20240815,丰台,丰台其它,101122307182,中奥嘉园二期该房朝南采光好业主诚心出售随时可签约必看好房,115万,21674元/平,中楼层 (共15层) | 2017年 | 1室1厅 | 53.06平米 | 南,https://ke-image.ljcdn.com/110000-inspection/pc1_sE5uLVGJw_1.jpg!m_fill,w_280,h_210,f_jpg?from=ke.com
20240815,丰台,丰台其它,101122273211,中奥嘉园二期 精装婚房 电梯  一居,125万,24286元/平,高楼层 (共15层) 1室1厅 | 51.47平米 | 南,https://ke-image.ljcdn.com/110000-inspection/pc1_rYUijXi1I_1.jpg!m_fill,w_280,h_210,f_jpg?from=ke.com
20240815,丰台,丰台其它,101122247902,低楼层南向一居室满五唯一商品房诚信出售必看好房,125万,30121元/平,低楼层 (共6层) 1室1厅 | 41.5平米 | 南,https://ke-image.ljcdn.com/110000-inspection/pc1_TmuiHxkRj_1.jpg!m_fill,w_280,h_210,f_jpg?from=ke.com
20240815,丰台,丰台其它,101121960318,红山郡小区高楼层不临街南向一居室房主自荐,145万,29972元/平,中楼层 (共21层) | 2017年 | 1室1厅 | 48.38平米 | 南,https://ke-image.ljcdn.com/110000-inspection/pc1_9oBBCoj4i_1.jpg!m_fill,w_280,h_210,f_jpg?from=ke.com
20240815,丰台,丰台其它,101121651118,东山坡二里 2室1厅 南 北,126万,26327元/平,底层 (共4层) 2室1厅 | 47.86平米 | 南 北,https://ke-image.ljcdn.com/110000-inspection/pc1_wvwAuX1zA_1.jpg!m_fill,w_280,h_210,f_jpg?from=ke.com
20240815,丰台,丰台其它,101121223528,长辛店建设三里 一层 户型方正 诚意出售必看好房,150万,27508元/平,底层 (共5层) | 1992年 | 2室1厅 | 54.53平米 | 南,https://ke-image.ljcdn.com/110000-inspection/pc1_EvhOJFOMe_1.jpg!m_fill,w_280,h_210,f_jpg?from=ke.com
20240815,丰台,丰台其它,101121211583,花园北里 满五年唯一 南北通透两居 低楼层 免费停车,130万,22888元/平,中楼层 (共5层) 2室1厅 | 56.8平米 | 南 北,https://ke-image.ljcdn.com/110000-inspection/pc1_AqbMkWrmr.jpg!m_fill,w_280,h_210,f_jpg?from=ke.com
20240815,丰台,丰台其它,101120577896,张郭庄 中间楼层一居 南向采光好 满五年唯一必看好房,105万,26650元/平,中楼层 (共6层) 1室1厅 | 39.4平米 | 南,https://ke-image.ljcdn.com/110000-inspection/pc1_i0E1gqDNL_1.jpg!m_fill,w_280,h_210,f_jpg?from=ke.com
20240815,丰台,丰台其它,101119925143,南北通透 中间楼层 前后无遮挡 无抵押无户口必看好房,220万,26313元/平,中楼层 (共8层) 2室1厅 | 83.61平米 | 南 北,https://ke-image.ljcdn.com/110000-inspection/pc1_TXEpNbix8_1.jpg!m_fill,w_280,h_210,f_jpg?from=ke.com
20240815,丰台,丰台其它,101118420916,全南两居室视野开阔采光充足业主诚心出售必看好房,220万,26402元/平,高楼层 (共8层) 2室1厅 | 83.33平米 | 南,https://ke-image.ljcdn.com/110000-inspection/pc1_bZcmIlrnl_1.jpg!m_fill,w_280,h_210,f_jpg?from=ke.com
20240815,丰台,丰台其它,101117920903,复式结构平层是眼镜户型大四居南北通透采光好,665万,52449元/平,顶层 (共6层) 5室3厅 | 126.79平米 | 南 北,https://ke-image.ljcdn.com/110000-inspection/pc1_h5fF5CvIY_2.jpg!m_fill,w_280,h_210,f_jpg?from=ke.com
20240815,丰台,丰台其它,101117194363,园博嘉园 南北通透 装修好 视野开阔 小区中间 安静,450万,51131元/平,中楼层 (共15层) | 2014年 | 2室1厅 | 88.01平米 | 南 北,https://ke-image.ljcdn.com/110000-inspection/pc1_6gMoBX4Hp.jpg!m_fill,w_280,h_210,f_jpg?from=ke.com
20240815,丰台,丰台其它,101115288954,珠江御景 满五年南北通透四居室 洋房带电梯,588万,36652元/平,中楼层 (共11层) 4室2厅 | 160.43平米 | 南 北,https://ke-image.ljcdn.com/110000-inspection/196db563-71da-45bf-a13a-e9ecb8edb290_1000.jpg!m_fill,w_280,h_210,f_jpg?from=ke.com
20240815,丰台,丰台其它,101125762084,双首层复式结构类叠拼别墅诚意出售房主自荐,660万,37405元/平,底层 (共6层) | 2022年 | 5室2厅 | 176.45平米 | 南 北,https://ke-image.ljcdn.com/110000-inspection/1a106302-6d8e-4cd4-a7dc-99f2cf83f792_1000.jpg!m_fill,w_280,h_210,f_jpg?from=ke.com
20240815,丰台,丰台其它,101125697470,南宫雅苑二期 4跃5复式结构 自住,207万,26863元/平,顶层 (共4层) 3室2厅 | 77.06平米 | 南 北,https://ke-image.ljcdn.com/110000-inspection/pc1_CJDdAgbgm.jpg!m_fill,w_280,h_210,f_jpg?from=ke.com
20240815,丰台,丰台其它,101125659822,房子满五唯一 精装修 南北通透 一层带下跃户型,1100万,50103元/平,底层 (共4层) | 2014年 | 4室2厅 | 219.55平米 | 南 北,https://ke-image.ljcdn.com/110000-inspection/pc1_cZGmWp1wk_2.jpg!m_fill,w_280,h_210,f_jpg?from=ke.com
20240815,丰台,丰台其它,101125494415,红山郡 2室1厅 南必看好房,200万,31265元/平,中楼层 (共21层) | 2017年 | 2室1厅 | 63.97平米 | 南,https://ke-image.ljcdn.com/110000-inspection/pc1_RnnUuxa8i_1.jpg!m_fill,w_280,h_210,f_jpg?from=ke.com
20240815,丰台,丰台其它,101125132797,中体奥林匹克花园一期满五唯一南北双通透两居室业主诚房主自荐,289万,28499元/平,高楼层 (共6层) 2室2厅 | 101.41平米 | 南 北,https://ke-image.ljcdn.com/110000-inspection/pc1_39wlMeREX_1.jpg!m_fill,w_280,h_210,f_jpg?from=ke.com
20240815,丰台,丰台其它,101124622094,长馨园小区  南北通透两居室   精装修,206万,28945元/平,中楼层 (共17层) | 2013年 | 2室1厅 | 71.17平米 | 南 北,https://ke-image.ljcdn.com/110000-inspection/pc1_tV6FdekYS_1.jpg!m_fill,w_280,h_210,f_jpg?from=ke.com
20240815,丰台,丰台其它,101124597955,别墅区里的电梯花园洋房一层带下跃的复式结构房主自荐,580万,49957元/平,底层 (共6层) 4室3厅 | 116.1平米 | 南 北,https://ke-image.ljcdn.com/110000-inspection/pc1_uf721RPxt.jpg!m_fill,w_280,h_210,f_jpg?from=ke.com
20240815,丰台,丰台其它,101124587104,崔村二里 3室1厅 北 南必看好房,199万,23108元/平,中楼层 (共5层) 3室1厅 | 86.12平米 | 北 南,https://ke-image.ljcdn.com/110000-inspection/pc1_neF4fLfbR_1.jpg!m_fill,w_280,h_210,f_jpg?from=ke.com
20240815,丰台,丰台其它,101124510763,卢西嘉园   南北通透两居室  中间楼层前后无遮挡,275万,32982元/平,中楼层 (共6层) 2室1厅 | 83.38平米 | 南 北,https://ke-image.ljcdn.com/110000-inspection/pc1_ZVeIlKck4.jpg!m_fill,w_280,h_210,f_jpg?from=ke.com
20240815,丰台,丰台其它,101124449491,复式结构五室三厅户型方正精装修,996万,60614元/平,底层 (共5层) 5室3厅 | 164.32平米 | 南 北,https://ke-image.ljcdn.com/110000-inspection/pc1_LA4ktLGYw.jpg!m_fill,w_280,h_210,f_jpg?from=ke.com
20240815,丰台,丰台其它,101124446631,燕西华府 联排别墅精装修拎包入住,1190万,32395元/平,底层 (共3层) | 2013年 | 7室1厅 | 367.35平米 | 南 北,https://ke-image.ljcdn.com/110000-inspection/pc1_GVlK6ErX3.jpg!m_fill,w_280,h_210,f_jpg?from=ke.com
20240815,丰台,丰台其它,101124420479,汤泉墅中高楼层 满五唯一大一居采光充足 无遮挡必看好房,195万,35288元/平,中楼层 (共6层) | 2011年 | 1室0厅 | 55.26平米 | 南,https://ke-image.ljcdn.com/110000-inspection/pc1_CHzoRhHrp.jpg!m_fill,w_280,h_210,f_jpg?from=ke.com
20240815,丰台,丰台其它,101124391545,山语城三区中间位置精装修3居室诚心出售,555万,40657元/平,中楼层 (共5层) 3室2厅 | 136.51平米 | 南 北,https://ke-image.ljcdn.com/110000-inspection/pc1_217eca0ZE.jpg!m_fill,w_280,h_210,f_jpg?from=ke.com
20240815,丰台,丰台其它,101124136818,一层带地下室的复式结构装修好后一天没住过有车位,1060万,59511元/平,底层 (共6层) | 2014年 | 6室3厅 | 178.12平米 | 南 北,https://ke-image.ljcdn.com/110000-inspection/18465815-49e0-49b8-8d6c-4d687eb9ffa8_1000.jpg!m_fill,w_280,h_210,f_jpg?from=ke.com
20240815,丰台,丰台其它,101124056591,领秀翡翠山B区一层   带下跃,639万,49314元/平,底层 (共6层) 4室2厅 | 129.58平米 | 南 北,https://ke-image.ljcdn.com/110000-inspection/pc1_gbucBLKFB.jpg!m_fill,w_280,h_210,f_jpg?from=ke.com
20240815,丰台,丰台其它,101123455306,领秀翡翠山A区 电梯分户入户 眼镜户型三居室 几乎没住,650万,41632元/平,高楼层 (共6层) | 2014年 | 3室2厅 | 156.13平米 | 南 北,https://ke-image.ljcdn.com/110000-inspection/pc1_bUB0O2hIM.jpg!m_fill,w_280,h_210,f_jpg?from=ke.com
20240815,丰台,丰台其它,101123389134,四层空间南侧8面窗子都在地上水系花园北侧一排房主自荐,1266万,51152元/平,底层 (共4层) 4室3厅 | 247.5平米 | 南 北,https://ke-image.ljcdn.com/110000-inspection/pc1_1HVHPBt4i.jpg!m_fill,w_280,h_210,f_jpg?from=ke.com
20240815,丰台,丰台其它,101123285572,南宫雅苑二期 四跃五南北通透视野采光好必看好房,190万,24201元/平,中楼层 (共6层) 3室2厅 | 78.51平米 | 南 北,https://ke-image.ljcdn.com/110000-inspection/pc1_mCvNCeF0A.jpg!m_fill,w_280,h_210,f_jpg?from=ke.com
20240815,丰台,丰台其它,101123209635,精装修婚房 中间楼层 满五年唯一 南北户型 看房方便,129万,28421元/平,中楼层 (共6层) | 1992年 | 1室1厅 | 45.39平米 | 南 北,https://ke-image.ljcdn.com/110000-inspection/pc1_D5KbNmx9Z_1.jpg!m_fill,w_280,h_210,f_jpg?from=ke.com
20240815,丰台,丰台其它,101123170615,中奥嘉园一期 满五唯一 正规一居室 可以贷款必看好房,147万,27979元/平,低楼层 (共13层) | 2015年 | 1室1厅 | 52.54平米 | 南,https://ke-image.ljcdn.com/110000-inspection/pc1_qN3aKcuUt_1.jpg!m_fill,w_280,h_210,f_jpg?from=ke.com
20240815,丰台,丰台其它,101123072285,张郭庄小区 2室1厅 南房主自荐,178万,35109元/平,底层 (共6层) 2室1厅 | 50.7平米 | 南,https://ke-image.ljcdn.com/110000-inspection/pc1_6VuhQPI6n_1.jpg!m_fill,w_280,h_210,f_jpg?from=ke.com
20240815,丰台,丰台其它,101122588140,高楼层视野采光好。无遮挡南北通透房主自荐,538万,34371元/平,高楼层 (共6层) | 2015年 | 4室1厅 | 156.53平米 | 南 北,https://ke-image.ljcdn.com/110000-inspection/pc1_hx1HBF2P4_1.jpg!m_fill,w_280,h_210,f_jpg?from=ke.com
20240815,丰台,丰台其它,101119775963,中体奥林匹克花园三期   联排别墅   满五唯一必看好房,650万,25871元/平,底层 (共3层) | 2009年 | 5室2厅 | 251.25平米 | 南 北,https://ke-image.ljcdn.com/110000-inspection/pc1_14cd1cSnN_1.jpg!m_fill,w_280,h_210,f_jpg?from=ke.com
20240815,丰台,丰台其它,101118948720,精装修下叠别墅没怎么住过满五唯一有车位必看好房,990万,38353元/平,底层 (共4层) 5室4厅 | 258.13平米 | 南 北,https://ke-image.ljcdn.com/110000-inspection/a36d08c8-f2de-42b8-af6a-2a485da98d19_1000.jpg!m_fill,w_280,h_210,f_jpg?from=ke.com
20240815,丰台,丰台其它,101125978733,珠光逸景二期 1室1厅 南 北新上,165万,29757元/平,中楼层 (共6层) | 2013年 | 1室1厅 | 55.45平米 | 南 北,https://ke-image.ljcdn.com/110000-inspection/pc1_LaNTeBAcg_1.jpg!m_fill,w_280,h_210,f_jpg?from=ke.com
20240815,丰台,丰台其它,101125967116,汤泉墅 南北通透大二居精装修中间楼层采光好带车位新上,328万,41232元/平,中楼层 (共6层) | 2011年 | 2室1厅 | 79.55平米 | 南 北,https://ke-image.ljcdn.com/110000-inspection/pc1_P8IzWpFxL_2.jpg!m_fill,w_280,h_210,f_jpg?from=ke.com
20240815,丰台,丰台其它,101125946466,珠光御景西园 楼层视野好无遮挡通风采光好新上,550万,39948元/平,中楼层 (共9层) 3室2厅 | 137.68平米 | 南 北,https://ke-image.ljcdn.com/110000-inspection/pc1_9dHuJeZFm_1.jpg!m_fill,w_280,h_210,f_jpg?from=ke.com
20240815,丰台,丰台其它,101125935446,扶轮胡同 1室0厅 东新上,55万,36424元/平,底层 (共1层) 1室0厅 | 15.1平米 | 东,https://ke-image.ljcdn.com/110000-inspection/pc1_kg4tDWHwC_1.jpg!m_fill,w_280,h_210,f_jpg?from=ke.com
20240815,丰台,丰台其它,101125931674,汤泉墅水系环绕户型方正大两居 精装修 采光无遮挡新上,376万,39179元/平,底层 (共6层) | 2015年 | 2室2厅 | 95.97平米 | 南 北,https://ke-image.ljcdn.com/110000-inspection/pc1_JoNyzKgW6_2.jpg!m_fill,w_280,h_210,f_jpg?from=ke.com
20240815,丰台,丰台其它,101125927529,山语城三区 3室2厅 南 北新上,500万,40255元/平,底层 (共6层) | 2014年 | 3室2厅 | 124.21平米 | 南 北,https://ke-image.ljcdn.com/110000-inspection/pc1_P5yJITmLF_1.jpg!m_fill,w_280,h_210,f_jpg?from=ke.com
20240815,丰台,丰台其它,101125925717,珠光逸景二期 1室1厅 南新上,215万,38774元/平,低楼层 (共6层) | 2013年 | 1室1厅 | 55.45平米 | 南,https://ke-image.ljcdn.com/110000-inspection/pc1_YSx9d0NEz_1.jpg!m_fill,w_280,h_210,f_jpg?from=ke.com
20240815,丰台,丰台其它,101125884966,建设二里/三居/业主愿谈价/南北/全精装新上,131万,20133元/平,中楼层 (共6层) 3室1厅 | 65.07平米 | 南 北,https://ke-image.ljcdn.com/110000-inspection/bb1da51f-f582-4099-b823-d48145b6510d_1000.jpg!m_fill,w_280,h_210,f_jpg?from=ke.com
20240815,丰台,丰台其它,101125875360,建设二里 2室1厅 南 北新上,172万,22165元/平,中楼层 (共6层) 2室1厅 | 77.6平米 | 南 北,https://ke-image.ljcdn.com/110000-inspection/pc1_cusfJNiAf_1.jpg!m_fill,w_280,h_210,f_jpg?from=ke.com
20240815,丰台,丰台其它,101125854737,红山郡 2室1厅 南 北,240万,36514元/平,低楼层 (共21层) | 2017年 | 2室1厅 | 65.73平米 | 南 北,https://ke-image.ljcdn.com/110000-inspection/pc1_ENXxXZ2Tr_1.jpg!m_fill,w_280,h_210,f_jpg?from=ke.com
20240815,丰台,丰台其它,101125815221,云岗南区西里 2室1厅 南 北,240万,48378元/平,中楼层 (共6层) 2室1厅 | 49.61平米 | 南 北,https://ke-image.ljcdn.com/110000-inspection/pc1_CTlRvTgua_1.jpg!m_fill,w_280,h_210,f_jpg?from=ke.com
20240815,丰台,丰台其它,101125811115,扶轮胡同小区楼层好采光通风好,94万,21810元/平,中楼层 (共5层) 2室1厅 | 43.1平米 | 南,https://ke-image.ljcdn.com/110000-inspection/pc1_MDAe8HeaP_1.jpg!m_fill,w_280,h_210,f_jpg?from=ke.com
20240815,丰台,丰台其它,101125770110,鑫博西路4号院红山郡三居室楼层好,270万,32140元/平,顶层 (共21层) 3室1厅 | 84.01平米 | 南 北,https://ke-image.ljcdn.com/110000-inspection/pc1_9wTF82J9W_1.jpg!m_fill,w_280,h_210,f_jpg?from=ke.com
20240815,丰台,丰台其它,101125747734,云岗南区东里23 3室2厅 南 北,320万,37141元/平,顶层 (共5层) 3室2厅 | 86.16平米 | 南 北,https://ke-image.ljcdn.com/110000-inspection/pc1_5IxHyoEWk_1.jpg!m_fill,w_280,h_210,f_jpg?from=ke.com
20240815,丰台,丰台其它,101125738987,新上房源  南宫智苑南北2居 全明格局 楼层好,339万,34848元/平,中楼层 (共5层) | 2009年 | 2室2厅 | 97.28平米 | 南 北,https://ke-image.ljcdn.com/110000-inspection/pc1_j4ldE5pDT_2.jpg!m_fill,w_280,h_210,f_jpg?from=ke.com
20240815,丰台,丰台其它,101125723038,红山郡 3室1厅 南 北,252万,29693元/平,低楼层 (共21层) 3室1厅 | 84.87平米 | 南 北,https://ke-image.ljcdn.com/110000-inspection/pc1_oNvDlYJ2a_1.jpg!m_fill,w_280,h_210,f_jpg?from=ke.com
20240815,丰台,丰台其它,101125720354,鑫博西路4号院红山郡低楼层一居室,145万,30071元/平,低楼层 (共24层) | 2017年 | 1室1厅 | 48.22平米 | 南,https://ke-image.ljcdn.com/110000-inspection/pc1_HxKhQaWZS_1.jpg!m_fill,w_280,h_210,f_jpg?from=ke.com
20240815,丰台,丰台其它,101125718803,珠江御景 3室1厅 南 北,435万,34217元/平,高楼层 (共9层) 3室1厅 | 127.13平米 | 南 北,https://ke-image.ljcdn.com/110000-inspection/pc1_En8WFvGPl_1.jpg!m_fill,w_280,h_210,f_jpg?from=ke.com
20240815,丰台,丰台其它,101125697932,花园北里小区地理位置好小区安静不临街,110万,22045元/平,中楼层 (共6层) 2室1厅 | 49.9平米 | 东北,https://ke-image.ljcdn.com/110000-inspection/pc1_r9QbuSUzL_1.jpg!m_fill,w_280,h_210,f_jpg?from=ke.com
20240815,丰台,丰台其它,101125694312,精装修商品房配套齐全门口公交车站出行方便,185万,29791元/平,中楼层 (共6层) 2室1厅 | 62.1平米 | 南 北,https://ke-image.ljcdn.com/110000-inspection/pc1_HLujrQOcK_1.jpg!m_fill,w_280,h_210,f_jpg?from=ke.com
20240815,丰台,丰台其它,101125688828,汤泉墅 3室2厅 南 北,470万,34958元/平,中楼层 (共6层) 3室2厅 | 134.45平米 | 南 北,https://ke-image.ljcdn.com/110000-inspection/d1ffabe7-d8be-4324-96f3-998b59d08189_1000.jpg!m_fill,w_280,h_210,f_jpg?from=ke.com
20240815,丰台,丰台其它,101125676873,朱家坟三里 2室1厅 南 北,186万,40260元/平,底层 (共5层) 2室1厅 | 46.2平米 | 南 北,https://ke-image.ljcdn.com/110000-inspection/pc1_nL1T1dRWB_1.jpg!m_fill,w_280,h_210,f_jpg?from=ke.com
20240815,丰台,丰台其它,101125668427,汤泉墅南北两居室自住装修小区环境优美,330万,39918元/平,中楼层 (共6层) | 2011年 | 2室1厅 | 82.67平米 | 南 北,https://ke-image.ljcdn.com/110000-inspection/pc1_ofeqXj8YH_2.jpg!m_fill,w_280,h_210,f_jpg?from=ke.com
20240815,丰台,丰台其它,101125602648,燕西华府+新上+南北三居+有钥匙随时看,510万,46322元/平,高楼层 (共6层) | 2017年 | 3室1厅 | 110.1平米 | 南 北,https://ke-image.ljcdn.com/110000-inspection/pc1_dmz1CPlS4_2.jpg!m_fill,w_280,h_210,f_jpg?from=ke.com
20240815,丰台,丰台其它,101125598614,卢西嘉园 1室1厅 南,189万,33642元/平,顶层 (共6层) | 2007年 | 1室1厅 | 56.18平米 | 南,https://ke-image.ljcdn.com/110000-inspection/pc1_DpdjkoFEX_1.jpg!m_fill,w_280,h_210,f_jpg?from=ke.com
20240815,丰台,丰台其它,101125593012,汤泉墅 3室2厅 东 南 北,635万,40630元/平,高楼层 (共6层) | 2015年 | 3室2厅 | 156.29平米 | 东 南 北,https://ke-image.ljcdn.com/110000-inspection/pc1_242xz5BXg_2.jpg!m_fill,w_280,h_210,f_jpg?from=ke.com
20240815,丰台,丰台其它,101125558894,中奥嘉园二期房子采光通风好小区环境优美,138万,26885元/平,中楼层 (共15层) 1室1厅 | 51.33平米 | 西,https://ke-image.ljcdn.com/110000-inspection/pc1_Q1N5v20i7_1.jpg!m_fill,w_280,h_210,f_jpg?from=ke.com
20240815,丰台,丰台其它,101125550409,建设一里 3室1厅 南 北,156万,25850元/平,底层 (共6层) 3室1厅 | 60.35平米 | 南 北,https://ke-image.ljcdn.com/110000-inspection/pc1_H3JND3TIf_1.jpg!m_fill,w_280,h_210,f_jpg?from=ke.com
20240815,丰台,丰台其它,101125516709,中奥嘉园一期 好楼层视野好通风采光好带电梯,168万,31175元/平,中楼层 (共15层) | 2015年 | 1室1厅 | 53.89平米 | 南,https://ke-image.ljcdn.com/110000-inspection/pc1_toFh9Q5tC_1.jpg!m_fill,w_280,h_210,f_jpg?from=ke.com
20240815,丰台,丰台其它,101125504315,中奥嘉园二期 1室1厅 西,158万,30403元/平,高楼层 (共15层) 1室1厅 | 51.97平米 | 西,https://ke-image.ljcdn.com/110000-inspection/pc1_Y6Iug8NaF_1.jpg!m_fill,w_280,h_210,f_jpg?from=ke.com
20240815,丰台,丰台其它,101125494816,南宫雅苑+新上+南北通透两居急售,270万,33508元/平,顶层 (共6层) 2室1厅 | 80.58平米 | 南 北,https://ke-image.ljcdn.com/110000-inspection/pc1_KPSgfnyeh_2.jpg!m_fill,w_280,h_210,f_jpg?from=ke.com
20240815,丰台,丰台其它,101125475545,鑫园闻松台两室一厅 中楼层  急售看房方便,239万,28685元/平,中楼层 (共8层) 2室1厅 | 83.32平米 | 南,https://ke-image.ljcdn.com/110000-inspection/pc1_NZTveWfxd_1.jpg!m_fill,w_280,h_210,f_jpg?from=ke.com
20240815,丰台,丰台其它,101125467143,崔村二里 2室1厅 南,142万,28316元/平,中楼层 (共5层) 2室1厅 | 50.15平米 | 南,https://ke-image.ljcdn.com/110000-inspection/pc1_qrjIXlIK0_1.jpg!m_fill,w_280,h_210,f_jpg?from=ke.com
20240815,丰台,丰台其它,101125460596,中奥嘉园一期 2室1厅 南 北,176万,27652元/平,中楼层 (共11层) | 2015年 | 2室1厅 | 63.65平米 | 南 北,https://ke-image.ljcdn.com/110000-inspection/pc1_WEUTByBqo_1.jpg!m_fill,w_280,h_210,f_jpg?from=ke.com
20240815,丰台,丰台其它,101125453387,花园北里 2室1厅 南 北,186万,36279元/平,底层 (共6层) | 1997年 | 2室1厅 | 51.27平米 | 南 北,https://ke-image.ljcdn.com/110000-inspection/pc1_cRWXqsYsA_1.jpg!m_fill,w_280,h_210,f_jpg?from=ke.com
20240815,丰台,丰台其它,101125452731,西山甲一号满两年南北通透精装交付。,890万,59824元/平,高楼层 (共14层) 4室2厅 | 148.77平米 | 南 北,https://ke-image.ljcdn.com/110000-inspection/pc1_gak6GrxU0_1.jpg!m_fill,w_280,h_210,f_jpg?from=ke.com
20240815,丰台,丰台其它,101125425752,汤泉墅 3室1厅 南 北,342万,35544元/平,底层 (共6层) | 2011年 | 3室1厅 | 96.22平米 | 南 北,https://ke-image.ljcdn.com/110000-inspection/pc1_k6URvDeQh_2.jpg!m_fill,w_280,h_210,f_jpg?from=ke.com
20240815,丰台,丰台其它,101125416298,园博府 4室2厅 南 北,1390万,53644元/平,中楼层 (共18层) | 2014年 | 4室2厅 | 259.12平米 | 南 北,https://ke-image.ljcdn.com/110000-inspection/pc1_ttNkM4DNS_1.jpg!m_fill,w_280,h_210,f_jpg?from=ke.com
20240815,丰台,丰台其它,101125414129,西山金茂府 3室1厅 南 北,518万,57137元/平,顶层 (共6层) | 2023年 | 3室1厅 | 90.66平米 | 南 北,https://ke-image.ljcdn.com/110000-inspection/pc1_HHL2723z1_1.jpg!m_fill,w_280,h_210,f_jpg?from=ke.com
20240815,丰台,丰台其它,101125366567,园博府 4室2厅 南 西 北,1080万,55668元/平,低楼层 (共18层) | 2014年 | 4室2厅 | 194.01平米 | 南 西 北,https://ke-image.ljcdn.com/110000-inspection/pc1_5NR9kDLTv_1.jpg!m_fill,w_280,h_210,f_jpg?from=ke.com
20240815,丰台,丰台其它,101125365503,南富迎宾路33号院一区/汤泉墅/南宫景苑,365万,38629元/平,低楼层 (共6层) 3室1厅 | 94.49平米 | 南 北,https://ke-image.ljcdn.com/110000-inspection/pc1_Ttr8oj2yC_2.jpg!m_fill,w_280,h_210,f_jpg?from=ke.com
20240815,丰台,丰台其它,101125362013,汤泉墅 满五年唯一 优质两居室,340万,35677元/平,低楼层 (共6层) 2室1厅 | 95.3平米 | 南 北,https://ke-image.ljcdn.com/110000-inspection/pc1_Q3YdMByiN_2.jpg!m_fill,w_280,h_210,f_jpg?from=ke.com
20240815,丰台,丰台其它,101125331229,云岗南区西里南北通透通风采光好,299万,45958元/平,顶层 (共4层) 2室1厅 | 65.06平米 | 南 北,https://ke-image.ljcdn.com/110000-inspection/pc1_48ZqMOy0o_1.jpg!m_fill,w_280,h_210,f_jpg?from=ke.com
20240815,丰台,丰台其它,101125312650,建设一里 2室1厅 南 北,140万,23199元/平,顶层 (共6层) 2室1厅 | 60.35平米 | 南 北,https://ke-image.ljcdn.com/110000-inspection/pc1_olTbwspXX_1.jpg!m_fill,w_280,h_210,f_jpg?from=ke.com
20240815,丰台,丰台其它,101125308207,张郭庄小区 中楼层 看房方便 业主诚心出售,245万,31769元/平,中楼层 (共6层) | 1998年 | 2室1厅 | 77.12平米 | 南 北,https://ke-image.ljcdn.com/110000-inspection/pc1_aDQZZnxy5_1.jpg!m_fill,w_280,h_210,f_jpg?from=ke.com
20240815,丰台,丰台其它,101125286488,珠光御景西园房子采光好视野开阔,526万,44766元/平,底层 (共9层) 3室2厅 | 117.5平米 | 南 北,https://ke-image.ljcdn.com/110000-inspection/pc1_Pr9v6DIev_1.jpg!m_fill,w_280,h_210,f_jpg?from=ke.com
20240815,丰台,丰台其它,101125246021,中奥嘉园一期两居室南北朝向高楼层,245万,41122元/平,高楼层 (共15层) | 2015年 | 2室1厅 | 59.58平米 | 南 北,https://ke-image.ljcdn.com/110000-inspection/pc1_N2mFA4Kby_1.jpg!m_fill,w_280,h_210,f_jpg?from=ke.com
20240815,丰台,丰台其它,101125243154,珠光御景西园南北通透三居室精装修中间楼层有电梯,498万,36306元/平,中楼层 (共9层) | 2020年 | 3室2厅 | 137.17平米 | 南 北,https://ke-image.ljcdn.com/110000-inspection/pc1_uEuO0tq7E_1.jpg!m_fill,w_280,h_210,f_jpg?from=ke.com
20240815,丰台,丰台其它,101125236666,长辛店建设一里高楼层南北向优质两居户型方正,129万,23983元/平,顶层 (共5层) 2室1厅 | 53.79平米 | 东 西,https://ke-image.ljcdn.com/110000-inspection/pc1_P9AavnZs0_1.jpg!m_fill,w_280,h_210,f_jpg?from=ke.com
20240815,丰台,丰台其它,101125216013,珠光逸景二期/两居室/业主愿谈价/南北通透,175万,31560元/平,低楼层 (共6层) | 2013年 | 2室1厅 | 55.45平米 | 南 北,https://ke-image.ljcdn.com/110000-inspection/pc1_tbCcPLMKo_1.jpg!m_fill,w_280,h_210,f_jpg?from=ke.com
20240815,丰台,丰台其它,101125209893,张郭庄小区 2室1厅 南 北,189万,24287元/平,顶层 (共6层) 2室1厅 | 77.82平米 | 南 北,https://ke-image.ljcdn.com/110000-inspection/pc1_QiIIsEKOM_1.jpg!m_fill,w_280,h_210,f_jpg?from=ke.com
20240815,丰台,丰台其它,101125171513,园博嘉园 3室1厅 南 北,700万,50090元/平,底层 (共15层) | 2014年 | 3室1厅 | 139.75平米 | 南 北,https://ke-image.ljcdn.com/110000-inspection/pc1_jUiQPsYr6_1.jpg!m_fill,w_280,h_210,f_jpg?from=ke.com
20240815,丰台,丰台其它,101125115373,东山坡三里 2室2厅 南 北,275万,30307元/平,中楼层 (共6层) 2室2厅 | 90.74平米 | 南 北,https://ke-image.ljcdn.com/110000-inspection/pc1_GobXAsEGQ_1.jpg!m_fill,w_280,h_210,f_jpg?from=ke.com
20240815,丰台,丰台其它,101125087889,中体奥林匹克花园一期 3室1厅 南 北,498万,36142元/平,中楼层 (共6层) 3室1厅 | 137.79平米 | 南 北,https://ke-image.ljcdn.com/110000-inspection/pc1_s3pLOMHiK_1.jpg!m_fill,w_280,h_210,f_jpg?from=ke.com
20240815,丰台,丰台其它,101125083999,玉皇庄小区 1室1厅 南,139万,31152元/平,中楼层 (共6层) 1室1厅 | 44.62平米 | 南,https://ke-image.ljcdn.com/110000-inspection/pc1_hz3lMh6Da_1.jpg!m_fill,w_280,h_210,f_jpg?from=ke.com
20240815,丰台,丰台其它,101125083697,珠光逸景一期 1室1厅 南,195万,35167元/平,底层 (共6层) | 2013年 | 1室1厅 | 55.45平米 | 南,https://ke-image.ljcdn.com/110000-inspection/pc1_E1zcbjovk_1.jpg!m_fill,w_280,h_210,f_jpg?from=ke.com
20240815,丰台,丰台其它,101125077161,珠光逸景二期 2室1厅 南 北,249万,33392元/平,低楼层 (共6层) | 2013年 | 2室1厅 | 74.57平米 | 南 北,https://ke-image.ljcdn.com/110000-inspection/pc1_11budatGd_1.jpg!m_fill,w_280,h_210,f_jpg?from=ke.com
20240815,丰台,丰台其它,101125055572,云岗北区东里 2室1厅 南 北,219万,39038元/平,顶层 (共5层) 2室1厅 | 56.1平米 | 南 北,https://ke-image.ljcdn.com/110000-inspection/pc1_j7VvQXk7u_1.jpg!m_fill,w_280,h_210,f_jpg?from=ke.com
20240815,丰台,丰台其它,101125046379,中体奥林匹克花园二期 3室1厅 南 北,560万,39260元/平,低楼层 (共6层) 3室1厅 | 142.64平米 | 南 北,https://ke-image.ljcdn.com/110000-inspection/pc1_fp2tvCPvN_1.jpg!m_fill,w_280,h_210,f_jpg?from=ke.com
20240815,丰台,丰台其它,101125029513,杜家坎44号院 3室1厅 南 北,238万,29732元/平,中楼层 (共6层) 3室1厅 | 80.05平米 | 南 北,https://ke-image.ljcdn.com/110000-inspection/pc1_7NMWA1R39_1.jpg!m_fill,w_280,h_210,f_jpg?from=ke.com
20240815,丰台,丰台其它,101125019671,电梯入户 只有契税 精装 明卫 基本没住 带储物间,860万,58720元/平,低楼层 (共19层) 4室2厅 | 146.46平米 | 南 北,https://ke-image.ljcdn.com/110000-inspection/pc1_VFbXsYQO4_1.jpg!m_fill,w_280,h_210,f_jpg?from=ke.com
20240815,丰台,丰台其它,101125019597,建设二里 2室1厅 北 南,159万,31220元/平,底层 (共6层) 2室1厅 | 50.93平米 | 北 南,https://ke-image.ljcdn.com/110000-inspection/pc1_SJhoZB8ar_1.jpg!m_fill,w_280,h_210,f_jpg?from=ke.com
20240815,丰台,丰台其它,101124991300,汤泉墅南北通透三居满五唯一电梯洋房有车位,379万,40492元/平,低楼层 (共6层) 3室2厅 | 93.6平米 | 南 北,https://ke-image.ljcdn.com/110000-inspection/pc1_1PoB9UBd9_2.jpg!m_fill,w_280,h_210,f_jpg?from=ke.com
20240815,丰台,丰台其它,101124958246,中奥嘉园二期 2室1厅 南 北,246万,40046元/平,高楼层 (共15层) | 2017年 | 2室1厅 | 61.43平米 | 南 北,https://ke-image.ljcdn.com/110000-inspection/pc1_jeV74qQzo_1.jpg!m_fill,w_280,h_210,f_jpg?from=ke.com
20240815,丰台,丰台其它,101124934887,珠光逸景二期 3室1厅 北 南,348万,38314元/平,底层 (共6层) | 2014年 | 3室1厅 | 90.83平米 | 北 南,https://ke-image.ljcdn.com/110000-inspection/pc1_9LbowAQiV_1.jpg!m_fill,w_280,h_210,f_jpg?from=ke.com
20240815,丰台,丰台其它,101124928090,西山甲一号满二高层拎包入住,799万,55211元/平,高楼层 (共19层) 3室2厅 | 144.72平米 | 南 北,https://ke-image.ljcdn.com/110000-inspection/pc1_KL51up8Yh_1.jpg!m_fill,w_280,h_210,f_jpg?from=ke.com
20240815,丰台,丰台其它,101124925615,燕西华府 A区  南北通透    4居,550万,43769元/平,中楼层 (共6层) 3室2厅 | 125.66平米 | 南 北,https://ke-image.ljcdn.com/110000-inspection/15a3e10d-c74f-48c8-b863-c4236c6907f3_1000.jpg!m_fill,w_280,h_210,f_jpg?from=ke.com
20240815,丰台,丰台其它,101124897889,南宫雅苑二期 3室2厅 南 北,440万,34408元/平,底层 (共6层) 3室2厅 | 127.88平米 | 南 北,https://ke-image.ljcdn.com/110000-inspection/pc1_IcVbnwIZ3.jpg!m_fill,w_280,h_210,f_jpg?from=ke.com
20240815,丰台,丰台其它,101124885462,南宫雅苑二期南北通透楼层好小区中间位置装修保持房主自荐,435万,33108元/平,低楼层 (共6层) 3室2厅 | 131.39平米 | 南 北,https://ke-image.ljcdn.com/110000-inspection/pc1_jSKwWqZ6J.jpg!m_fill,w_280,h_210,f_jpg?from=ke.com
20240815,丰台,丰台其它,101124869826,园博嘉园 1室1厅 东南,350万,60481元/平,低楼层 (共15层) 1室1厅 | 57.87平米 | 东南,https://ke-image.ljcdn.com/110000-inspection/pc1_bEgY05bP2_1.jpg!m_fill,w_280,h_210,f_jpg?from=ke.com
20240815,丰台,丰台其它,101124856710,张郭庄小区低楼层99年房龄南北通透两居室出售,239万,31112元/平,低楼层 (共6层) 2室1厅 | 76.82平米 | 南 北,https://ke-image.ljcdn.com/110000-inspection/pc1_ZAZr0XZ5w_1.jpg!m_fill,w_280,h_210,f_jpg?from=ke.com
20240815,丰台,丰台其它,101124837060,红山郡 商品房 看房方便 成本少房主自荐,210万,32493元/平,中楼层 (共21层) | 2017年 | 2室1厅 | 64.63平米 | 南,https://ke-image.ljcdn.com/110000-inspection/pc1_9dUEOlh8i_1.jpg!m_fill,w_280,h_210,f_jpg?from=ke.com
20240815,丰台,丰台其它,101124828460,崔村二里 南北通透 中间楼层两居,150万,28556元/平,中楼层 (共5层) 2室1厅 | 52.53平米 | 南 北,https://ke-image.ljcdn.com/110000-inspection/pc1_mZdzbEYRx_1.jpg!m_fill,w_280,h_210,f_jpg?from=ke.com
20240815,丰台,丰台其它,101124800214,汤泉墅 3室1厅 南 北,310万,34134元/平,中楼层 (共6层) | 2011年 | 3室1厅 | 90.82平米 | 南 北,https://ke-image.ljcdn.com/110000-inspection/pc1_LFimzduLy_2.jpg!m_fill,w_280,h_210,f_jpg?from=ke.com
20240815,丰台,丰台其它,101124753478,中奥嘉园二期 1室0厅 南,125万,24616元/平,低楼层 (共15层) 1室0厅 | 50.78平米 | 南,https://ke-image.ljcdn.com/110000-inspection/pc1_h7eBHdpIg_1.jpg!m_fill,w_280,h_210,f_jpg?from=ke.com
20240815,丰台,丰台其它,101124785945,珠光御景西园  20年   一梯两户 三居两卫,565万,41190元/平,中楼层 (共9层) 3室2厅 | 137.17平米 | 南 北,https://ke-image.ljcdn.com/110000-inspection/pc1_wZwLLHl42_1.jpg!m_fill,w_280,h_210,f_jpg?from=ke.com
20240815,丰台,丰台其它,101124784585,园博府 科技住宅满五唯一明厨明卫,990万,51983元/平,中楼层 (共18层) | 2014年 | 4室2厅 | 190.45平米 | 南 北,https://ke-image.ljcdn.com/110000-inspection/pc1_oPKFBN3fJ_1.jpg!m_fill,w_280,h_210,f_jpg?from=ke.com
20240815,丰台,丰台其它,101124783759,南宫雅苑二期南北通透格局双明卫中间楼栋采光好,350万,34657元/平,中楼层 (共5层) | 2009年 | 2室2厅 | 100.99平米 | 南 北,https://ke-image.ljcdn.com/110000-inspection/f735d22d-6057-4714-bb48-a38dc01587d1_1000.jpg!m_fill,w_280,h_210,f_jpg?from=ke.com
20240815,丰台,丰台其它,101124766810,崔村一里 2002年两居 满五年唯一 中间楼层,273万,32270元/平,中楼层 (共6层) 2室1厅 | 84.6平米 | 南 北,https://ke-image.ljcdn.com/110000-inspection/pc1_CNVxFKQkZ_1.jpg!m_fill,w_280,h_210,f_jpg?from=ke.com
20240815,丰台,丰台其它,101124746272,长辛店东山坡三里17号院 中间楼层 精装修 三居室房主自荐,239万,21412元/平,中楼层 (共6层) 3室1厅 | 111.62平米 | 南 北,https://ke-image.ljcdn.com/110000-inspection/pc1_vze5zVz2X_1.jpg!m_fill,w_280,h_210,f_jpg?from=ke.com
20240815,丰台,丰台其它,101124739186,东山坡三里 2室1厅 南 北,225万,22315元/平,高楼层 (共6层) 2室1厅 | 100.83平米 | 南 北,https://ke-image.ljcdn.com/110000-inspection/pc1_teNvQYv8y_1.jpg!m_fill,w_280,h_210,f_jpg?from=ke.com
20240815,丰台,丰台其它,101124738123,燕西华府 2室1厅 南 北房主自荐,263万,29648元/平,低楼层 (共6层) | 2015年 | 2室1厅 | 88.71平米 | 南 北,https://ke-image.ljcdn.com/110000-inspection/4c59e39f-d976-467c-8ecb-448dd4c5c165_1000.jpg!m_fill,w_280,h_210,f_jpg?from=ke.com
20240815,丰台,丰台其它,101124718305,珠光逸景二期 2室1厅 南 北,289万,36933元/平,中楼层 (共5层) 2室1厅 | 78.25平米 | 南 北,https://ke-image.ljcdn.com/110000-inspection/pc1_AWk0duXVR_1.jpg!m_fill,w_280,h_210,f_jpg?from=ke.com
20240815,丰台,丰台其它,101124685686,珠光御景西园南北通透三居室 中间楼层业主诚心出售,525万,38149元/平,中楼层 (共9层) 3室2厅 | 137.62平米 | 南 北,https://ke-image.ljcdn.com/110000-inspection/pc1_BynxknbVu_1.jpg!m_fill,w_280,h_210,f_jpg?from=ke.com
20240815,丰台,丰台其它,101124680383,珠光逸景二期 满五唯一 南向一居室 户型方正中间层,182万,32858元/平,中楼层 (共6层) | 2013年 | 1室1厅 | 55.39平米 | 南,https://ke-image.ljcdn.com/110000-inspection/pc1_DJVge0YrI_1.jpg!m_fill,w_280,h_210,f_jpg?from=ke.com
20240815,丰台,丰台其它,101124678057,张郭庄小区 2室1厅 南 北,180万,31691元/平,高楼层 (共6层) 2室1厅 | 56.8平米 | 南 北,https://ke-image.ljcdn.com/110000-inspection/pc1_TaRwFapeN_1.jpg!m_fill,w_280,h_210,f_jpg?from=ke.com
20240815,丰台,丰台其它,101124619521,珠光逸景二期小区环境好绿化好适宜居住,299万,37949元/平,低楼层 (共6层) | 2014年 | 2室1厅 | 78.79平米 | 南 北,https://ke-image.ljcdn.com/110000-inspection/pc1_1B0kmF6Fp_1.jpg!m_fill,w_280,h_210,f_jpg?from=ke.com
20240815,丰台,丰台其它,101124609898,红山郡两居室低楼层采光没遮挡,249万,32841元/平,底层 (共21层) 2室1厅 | 75.82平米 | 南 北,https://ke-image.ljcdn.com/110000-inspection/pc1_3Y5Rndjo9_1.jpg!m_fill,w_280,h_210,f_jpg?from=ke.com
20240815,丰台,丰台其它,101124583549,红山郡 2室1厅 南 北,220万,34392元/平,中楼层 (共21层) | 2017年 | 2室1厅 | 63.97平米 | 南 北,https://ke-image.ljcdn.com/110000-inspection/pc1_zOb4PvuYI_1.jpg!m_fill,w_280,h_210,f_jpg?from=ke.com
20240815,丰台,丰台其它,101124578877,珠光逸景一期 2室1厅 南 北,269万,36156元/平,高楼层 (共6层) | 2013年 | 2室1厅 | 74.4平米 | 南 北,https://ke-image.ljcdn.com/110000-inspection/pc1_jd7vo0v3k_1.jpg!m_fill,w_280,h_210,f_jpg?from=ke.com
20240815,丰台,丰台其它,101124573557,汤泉墅 1室1厅 南 北,176万,33723元/平,高楼层 (共6层) | 2011年 | 1室1厅 | 52.19平米 | 南 北,https://ke-image.ljcdn.com/110000-inspection/pc1_QYnUpKxEn_2.jpg!m_fill,w_280,h_210,f_jpg?from=ke.com
20240815,丰台,丰台其它,101124553984,云岗南区西里 2室1厅 南 北,256万,46193元/平,低楼层 (共6层) 2室1厅 | 55.42平米 | 南 北,https://ke-image.ljcdn.com/110000-inspection/pc1_AzXni0PyK_1.jpg!m_fill,w_280,h_210,f_jpg?from=ke.com
20240815,丰台,丰台其它,101124552736,云岗南区东里21 2室1厅 南 北,280万,41056元/平,中楼层 (共5层) 2室1厅 | 68.2平米 | 南 北,https://ke-image.ljcdn.com/110000-inspection/pc1_HSGw9jGvz_1.jpg!m_fill,w_280,h_210,f_jpg?from=ke.com
20240815,丰台,丰台其它,101124546243,张郭庄小区 3室1厅 南 北,189万,29303元/平,中楼层 (共6层) 3室1厅 | 64.5平米 | 南 北,https://ke-image.ljcdn.com/110000-inspection/pc1_tieT93znT_1.jpg!m_fill,w_280,h_210,f_jpg?from=ke.com
20240815,丰台,丰台其它,101124529664,红山郡 精装修 诚意卖 看房方便,256万,39604元/平,高楼层 (共21层) | 2017年 | 2室1厅 | 64.64平米 | 南,https://ke-image.ljcdn.com/110000-inspection/pc1_zDj0q7R4Q_1.jpg!m_fill,w_280,h_210,f_jpg?from=ke.com
20240815,丰台,丰台其它,101124488348,听竹院两居室中间层采光好,230万,27602元/平,中楼层 (共8层) 2室1厅 | 83.33平米 | 南,https://ke-image.ljcdn.com/110000-inspection/pc1_1SBWE9VxH.jpg!m_fill,w_280,h_210,f_jpg?from=ke.com
20240815,丰台,丰台其它,101124454737,满五年唯一 正规南向一居 可贷款 业主靠谱出售,165万,31369元/平,底层 (共11层) | 2015年 | 1室1厅 | 52.6平米 | 南,https://ke-image.ljcdn.com/110000-inspection/pc1_w1SZZzq4k.jpg!m_fill,w_280,h_210,f_jpg?from=ke.com
20240815,丰台,丰台其它,101124460978,鑫園精装修两居室简约风格直接拎包入住,290万,34806元/平,中楼层 (共8层) 2室1厅 | 83.32平米 | 南,https://ke-image.ljcdn.com/110000-inspection/pc1_A28Pmv5Vd_1.jpg!m_fill,w_280,h_210,f_jpg?from=ke.com
20240815,丰台,丰台其它,101124419499,园博嘉园 2室1厅 东 西,430万,50583元/平,低楼层 (共15层) 2室1厅 | 85.01平米 | 东 西,https://ke-image.ljcdn.com/110000-inspection/pc1_oFONTElOh_1.jpg!m_fill,w_280,h_210,f_jpg?from=ke.com
20240815,丰台,丰台其它,101124398966,崔村一里 2室1厅 南 北,159万,26109元/平,中楼层 (共5层) 2室1厅 | 60.9平米 | 南 北,https://ke-image.ljcdn.com/110000-inspection/pc1_7daIyOEyC_1.jpg!m_fill,w_280,h_210,f_jpg?from=ke.com
20240815,丰台,丰台其它,101124370518,燕西华府 4室2厅 南 北,560万,44654元/平,低楼层 (共6层) | 2022年 | 4室2厅 | 125.41平米 | 南 北,https://ke-image.ljcdn.com/110000-inspection/pc1_Q6atXBASo_2.jpg!m_fill,w_280,h_210,f_jpg?from=ke.com
20240815,丰台,丰台其它,101124306348,胜利里 2室1厅 南,140万,27554元/平,顶层 (共4层) 2室1厅 | 50.81平米 | 南,https://ke-image.ljcdn.com/110000-inspection/pc1_Ut500KywB_1.jpg!m_fill,w_280,h_210,f_jpg?from=ke.com
20240815,丰台,丰台其它,101124284079,南宫景苑 精装修 大两居 满五唯一 南北通透,318万,35096元/平,底层 (共6层) 2室1厅 | 90.61平米 | 南 北,https://ke-image.ljcdn.com/110000-inspection/3148fa87-9327-4cb2-87c7-cf600e302f55_1000.jpg!m_fill,w_280,h_210,f_jpg?from=ke.com
20240815,丰台,丰台其它,101124276054,园博嘉园  两居 东西  近地铁,419万,48128元/平,中楼层 (共18层) | 2014年 | 2室1厅 | 87.06平米 | 东 西,https://ke-image.ljcdn.com/110000-inspection/pc1_50qGSW8rH_1.jpg!m_fill,w_280,h_210,f_jpg?from=ke.com
20240815,丰台,丰台其它,101124274065,崔村一里 2室1厅 南 北,160万,27225元/平,顶层 (共6层) 2室1厅 | 58.77平米 | 南 北,https://ke-image.ljcdn.com/110000-inspection/pc1_r3iRb9QqL_1.jpg!m_fill,w_280,h_210,f_jpg?from=ke.com
20240815,丰台,丰台其它,101124235155,房子精装修次新房南北通透楼层好小区中间位置,618万,56065元/平,中楼层 (共8层) | 2022年 | 4室1厅 | 110.23平米 | 南 北,https://ke-image.ljcdn.com/110000-inspection/pc1_sfy2xGN0u_1.jpg!m_fill,w_280,h_210,f_jpg?from=ke.com
20240815,丰台,丰台其它,101124229622,张郭庄小区两居 南  满五唯一。,239万,30752元/平,中楼层 (共6层) 2室1厅 | 77.72平米 | 南,https://ke-image.ljcdn.com/110000-inspection/pc1_3UaMGCGDO_1.jpg!m_fill,w_280,h_210,f_jpg?from=ke.com
20240815,丰台,丰台其它,101124211623,汤泉墅 满五唯一 精装修 看房方便房主自荐,336万,35324元/平,底层 (共5层) 3室1厅 | 95.12平米 | 南 北,https://ke-image.ljcdn.com/110000-inspection/144e0673-fdb7-4e70-886c-7834eea7f4d5_1000.jpg!m_fill,w_280,h_210,f_jpg?from=ke.com
20240815,丰台,丰台其它,101124161172,珠光逸景二期 3室1厅 南 北,349万,37952元/平,中楼层 (共6层) | 2014年 | 3室1厅 | 91.96平米 | 南 北,https://ke-image.ljcdn.com/110000-inspection/pc1_PzdRhViHi_1.jpg!m_fill,w_280,h_210,f_jpg?from=ke.com
20240815,丰台,丰台其它,101124151924,中奥嘉园一期南向正规一居室中间楼层采光好无遮挡,155万,28736元/平,中楼层 (共14层) | 2015年 | 1室1厅 | 53.94平米 | 南,https://ke-image.ljcdn.com/110000-inspection/pc1_hp9dgdBx5_1.jpg!m_fill,w_280,h_210,f_jpg?from=ke.com
20240815,丰台,丰台其它,101124135224,张郭庄小区 满五唯一商品房 精装修,230万,29556元/平,高楼层 (共6层) 2室1厅 | 77.82平米 | 南 北,https://ke-image.ljcdn.com/110000-inspection/pc1_wop7om34H_1.jpg!m_fill,w_280,h_210,f_jpg?from=ke.com
20240815,丰台,丰台其它,101124130483,汤泉墅精装修三居室 自住保持好 洋房社区,390万,40240元/平,中楼层 (共6层) | 2011年 | 3室1厅 | 96.92平米 | 南 北,https://ke-image.ljcdn.com/110000-inspection/pc1_4FpvuhyG3.jpg!m_fill,w_280,h_210,f_jpg?from=ke.com
20240815,丰台,丰台其它,101124112985,中奥嘉园一期 1室0厅 西,125万,24501元/平,中楼层 (共13层) | 2015年 | 1室0厅 | 51.02平米 | 西,https://ke-image.ljcdn.com/110000-inspection/pc1_fQAdHDnRu_1.jpg!m_fill,w_280,h_210,f_jpg?from=ke.com
20240815,丰台,丰台其它,101124108277,鑫園 2室1厅 南,238万,28572元/平,中楼层 (共8层) 2室1厅 | 83.3平米 | 南,https://ke-image.ljcdn.com/110000-inspection/pc1_o63LToImP_1.jpg!m_fill,w_280,h_210,f_jpg?from=ke.com
20240815,丰台,丰台其它,101124101681,珠光逸景一期 3室1厅 南,379万,41187元/平,底层 (共6层) | 2013年 | 3室1厅 | 92.02平米 | 南,https://ke-image.ljcdn.com/110000-inspection/pc1_eBXHt1XOz_1.jpg!m_fill,w_280,h_210,f_jpg?from=ke.com
20240815,丰台,丰台其它,101124094443,长辛店东山坡一里15号院  满五唯一 精装修 采光好房主自荐,172万,27698元/平,高楼层 (共6层) 2室1厅 | 62.1平米 | 南 北,https://ke-image.ljcdn.com/110000-inspection/pc1_4Zzm6x2gs_1.jpg!m_fill,w_280,h_210,f_jpg?from=ke.com
20240815,丰台,丰台其它,101124077298,科技住宅 满两年 只有契税 精装修 无遮挡 采光好,690万,53710元/平,中楼层 (共17层) 3室2厅 | 128.47平米 | 南 北,https://ke-image.ljcdn.com/110000-inspection/pc1_TKTarCClO_1.jpg!m_fill,w_280,h_210,f_jpg?from=ke.com
20240815,丰台,丰台其它,101124070478,三居室东西南三个朝向采光好明厨明卫,190万,29458元/平,中楼层 (共6层) 3室1厅 | 64.5平米 | 东 南 西,https://ke-image.ljcdn.com/110000-inspection/pc1_9wgCtgVLX_1.jpg!m_fill,w_280,h_210,f_jpg?from=ke.com
20240815,丰台,丰台其它,101124060345,熙悦天寰 4室2厅 南 北,550万,50353元/平,底层 (共8层) | 2022年 | 4室2厅 | 109.23平米 | 南 北,https://ke-image.ljcdn.com/110000-inspection/pc1_mO4MzNHRB_1.jpg!m_fill,w_280,h_210,f_jpg?from=ke.com
20240815,丰台,丰台其它,101124041350,听竹院 1室1厅 南,150万,27062元/平,中楼层 (共7层) | 2017年 | 1室1厅 | 55.43平米 | 南,https://ke-image.ljcdn.com/110000-inspection/pc1_LXHIKcK9G_1.jpg!m_fill,w_280,h_210,f_jpg?from=ke.com
20240815,丰台,丰台其它,101124038311,燕西华府 2室1厅 南 北,260万,29309元/平,低楼层 (共6层) 2室1厅 | 88.71平米 | 南 北,https://ke-image.ljcdn.com/110000-inspection/pc1_Bik288OCF_2.jpg!m_fill,w_280,h_210,f_jpg?from=ke.com
20240815,丰台,丰台其它,101124035761,熙悦天寰眼镜户型双通透拎包入住,498万,55749元/平,中楼层 (共8层) | 2022年 | 3室2厅 | 89.33平米 | 北 南,https://ke-image.ljcdn.com/110000-inspection/pc1_AkDjA8apH_1.jpg!m_fill,w_280,h_210,f_jpg?from=ke.com
20240815,丰台,丰台其它,101124016317,红山郡商品房精装修拎包入住南向无遮挡急售房主自荐,140万,28819元/平,低楼层 (共18层) | 2017年 | 1室1厅 | 48.58平米 | 南,https://ke-image.ljcdn.com/110000-inspection/pc1_8i2Oh54BK.jpg!m_fill,w_280,h_210,f_jpg?from=ke.com
20240815,丰台,丰台其它,101124008524,张郭庄小区 3室1厅 南 北,205万,31783元/平,中楼层 (共6层) 3室1厅 | 64.5平米 | 南 北,https://ke-image.ljcdn.com/110000-inspection/pc1_4AFiJS2el_1.jpg!m_fill,w_280,h_210,f_jpg?from=ke.com
20240815,丰台,丰台其它,101123982013,建设一里 2室1厅 东 西,125万,23796元/平,中楼层 (共6层) 2室1厅 | 52.53平米 | 东 西,https://ke-image.ljcdn.com/110000-inspection/pc1_vg1WhYzZ5_1.jpg!m_fill,w_280,h_210,f_jpg?from=ke.com
20240815,丰台,丰台其它,101123976211,环境优美 满五唯一采光好南北通透户型,485万,39444元/平,底层 (共6层) | 2013年 | 3室2厅 | 122.96平米 | 南 北,https://ke-image.ljcdn.com/110000-inspection/pc1_0ovxssQw3.jpg!m_fill,w_280,h_210,f_jpg?from=ke.com
20240815,丰台,丰台其它,101123960617,山语城满五唯一 精装修 眼镜户型采光充足,495万,39952元/平,底层 (共6层) 3室2厅 | 123.9平米 | 南 北,https://ke-image.ljcdn.com/110000-inspection/pc1_8U9vuv69K_2.jpg!m_fill,w_280,h_210,f_jpg?from=ke.com
20240815,丰台,丰台其它,101123955986,张郭庄小区 2室1厅 东 西,148万,28191元/平,中楼层 (共5层) 2室1厅 | 52.5平米 | 东 西,https://ke-image.ljcdn.com/110000-inspection/pc1_8cmGUUj4W_1.jpg!m_fill,w_280,h_210,f_jpg?from=ke.com
20240815,丰台,丰台其它,101123954774,珠光御景西园 3室2厅 南 北,552万,40363元/平,高楼层 (共9层) 3室2厅 | 136.76平米 | 南 北,https://ke-image.ljcdn.com/110000-inspection/pc1_oN5ia4dMS_1.jpg!m_fill,w_280,h_210,f_jpg?from=ke.com
20240815,丰台,丰台其它,101123954440,珠光御景西园 4室2厅 南 北,618万,38421元/平,高楼层 (共9层) 4室2厅 | 160.85平米 | 南 北,https://ke-image.ljcdn.com/110000-inspection/pc1_4o1o4qbnD_1.jpg!m_fill,w_280,h_210,f_jpg?from=ke.com
20240815,丰台,丰台其它,101123914652,花园北里 2室1厅 南 北,170万,27032元/平,顶层 (共6层) 2室1厅 | 62.89平米 | 南 北,https://ke-image.ljcdn.com/110000-inspection/pc1_ny89BKpsh_1.jpg!m_fill,w_280,h_210,f_jpg?from=ke.com
20240815,丰台,丰台其它,101123912325,花园北里 2室1厅 南 北,135万,25225元/平,中楼层 (共5层) 2室1厅 | 53.52平米 | 南 北,https://ke-image.ljcdn.com/110000-inspection/pc1_MsSJNBi5h.jpg!m_fill,w_280,h_210,f_jpg?from=ke.com
20240815,丰台,丰台其它,101123902621,张郭庄小区 看房随时 出行方便,187万,31912元/平,中楼层 (共5层) 3室1厅 | 58.6平米 | 南 北,https://ke-image.ljcdn.com/110000-inspection/pc1_w5woXfpXq_1.jpg!m_fill,w_280,h_210,f_jpg?from=ke.com
20240815,丰台,丰台其它,101123896474,南向两居 满五年唯一 可贷款 产权清晰 采光充足房主自荐,145万,28321元/平,中楼层 (共5层) 2室1厅 | 51.2平米 | 南,https://ke-image.ljcdn.com/110000-inspection/pc1_05UL2bENH_1.jpg!m_fill,w_280,h_210,f_jpg?from=ke.com
20240815,丰台,丰台其它,101123886753,汤泉墅 3室1厅 南 北,320万,36965元/平,中楼层 (共6层) | 2011年 | 3室1厅 | 86.57平米 | 南 北,https://ke-image.ljcdn.com/110000-inspection/pc1_TWh2b8uGn_2.jpg!m_fill,w_280,h_210,f_jpg?from=ke.com
20240815,丰台,丰台其它,101123881568,崔村二里 2室1厅 南,139万,24559元/平,顶层 (共5层) 2室1厅 | 56.6平米 | 南,https://ke-image.ljcdn.com/110000-inspection/pc1_nfyyJTQJ5_1.jpg!m_fill,w_280,h_210,f_jpg?from=ke.com
20240815,丰台,丰台其它,101123874873,红山郡南北通透户型采光超好的小三居,296万,34431元/平,高楼层 (共20层) 3室1厅 | 85.97平米 | 南 北,https://ke-image.ljcdn.com/110000-inspection/pc1_BsN5CU4s8_1.jpg!m_fill,w_280,h_210,f_jpg?from=ke.com
20240815,丰台,丰台其它,101123842661,长馨园 2室1厅 南,188万,27047元/平,中楼层 (共16层) | 2013年 | 2室1厅 | 69.51平米 | 南,https://ke-image.ljcdn.com/110000-inspection/pc1_NJ8yYjt7v_1.jpg!m_fill,w_280,h_210,f_jpg?from=ke.com
20240815,丰台,丰台其它,101123807332,燕西华府 2室1厅 南 北,306万,37163元/平,中楼层 (共6层) 2室1厅 | 82.34平米 | 南 北,https://ke-image.ljcdn.com/110000-inspection/pc1_Nx6MvlwON_1.jpg!m_fill,w_280,h_210,f_jpg?from=ke.com
20240815,丰台,丰台其它,101123693561,红山郡 带电梯 环境好 看房方便,190万,29421元/平,低楼层 (共18层) | 2017年 | 2室1厅 | 64.58平米 | 南,https://ke-image.ljcdn.com/110000-inspection/pc1_vcJ85J7JK_1.jpg!m_fill,w_280,h_210,f_jpg?from=ke.com
20240815,丰台,丰台其它,101123684735,位置好视野超开阔全明格局两个卫生间均有窗子,520万,42398元/平,高楼层 (共6层) 3室2厅 | 122.65平米 | 南 北 西,https://ke-image.ljcdn.com/110000-inspection/pc1_loYKwjWt9.jpg!m_fill,w_280,h_210,f_jpg?from=ke.com
20240815,丰台,丰台其它,101123684457,云岗南区西里 2室1厅 东 南房主自荐,225万,45825元/平,顶层 (共5层) 2室1厅 | 49.1平米 | 东 南,https://ke-image.ljcdn.com/110000-inspection/pc1_KAq8zWeN4_1.jpg!m_fill,w_280,h_210,f_jpg?from=ke.com
20240815,丰台,丰台其它,101123663790,张郭庄小区 2室1厅 东南,170万,29361元/平,高楼层 (共6层) | 1991年 | 2室1厅 | 57.9平米 | 东南,https://ke-image.ljcdn.com/110000-inspection/pc1_Ml3vGDddK_1.jpg!m_fill,w_280,h_210,f_jpg?from=ke.com
20240815,丰台,丰台其它,101123652209,云岗南区东里23号院 中间楼层 南北通透两居室,315万,43557元/平,中楼层 (共5层) 2室1厅 | 72.32平米 | 南 北,https://ke-image.ljcdn.com/110000-inspection/pc1_czVqBWRr5_1.jpg!m_fill,w_280,h_210,f_jpg?from=ke.com
20240815,丰台,丰台其它,101123623979,长馨园  两居室   中间楼层南向采光好,210万,30130元/平,中楼层 (共16层) | 2013年 | 2室1厅 | 69.7平米 | 南,https://ke-image.ljcdn.com/110000-inspection/pc1_bwjAK7poi_1.jpg!m_fill,w_280,h_210,f_jpg?from=ke.com
20240815,丰台,丰台其它,101123618086,红山郡 楼龄新 看房方便 带电梯,200万,30946元/平,底层 (共21层) | 2017年 | 2室1厅 | 64.63平米 | 南,https://ke-image.ljcdn.com/110000-inspection/pc1_hOuW4qthB_1.jpg!m_fill,w_280,h_210,f_jpg?from=ke.com
20240815,丰台,丰台其它,101123604256,位置好不临大马路中楼层东边户有车位,660万,42224元/平,中楼层 (共6层) 3室2厅 | 156.31平米 | 南 北,https://ke-image.ljcdn.com/110000-inspection/pc1_fin9dqRIq_2.jpg!m_fill,w_280,h_210,f_jpg?from=ke.com
20240815,丰台,丰台其它,101123595364,满五年唯一 商品房本一居 低楼层 南向采光好 靠谱卖,195万,35205元/平,低楼层 (共6层) | 2013年 | 1室1厅 | 55.39平米 | 南,https://ke-image.ljcdn.com/110000-inspection/pc1_gyAWxEKHc_1.jpg!m_fill,w_280,h_210,f_jpg?from=ke.com
20240815,丰台,丰台其它,101123579426,建设一里  全南两居室  低楼层  满五年唯一,136万,25579元/平,底层 (共6层) 2室1厅 | 53.17平米 | 南,https://ke-image.ljcdn.com/110000-inspection/pc1_2Xg4yweLl_1.jpg!m_fill,w_280,h_210,f_jpg?from=ke.com
20240815,丰台,丰台其它,101123541844,燕西华府 总高六层  带电梯  楼龄新,180万,27616元/平,底层 (共6层) | 2015年 | 1室1厅 | 65.18平米 | 南,https://ke-image.ljcdn.com/110000-inspection/58e569eb-21d7-4dbf-ad3b-8a0692741a04_1000.jpg!m_fill,w_280,h_210,f_jpg?from=ke.com
20240815,丰台,丰台其它,101123529611,青龙湖畔 燕西华府 南北通透 精装修,290万,32417元/平,高楼层 (共6层) | 2015年 | 2室2厅 | 89.46平米 | 南 北,https://ke-image.ljcdn.com/110000-inspection/pc1_EAbvEnYgp_2.jpg!m_fill,w_280,h_210,f_jpg?from=ke.com
20240815,丰台,丰台其它,101123501629,张郭庄小区 满五年成本低 交通方便,135万,24771元/平,高楼层 (共6层) 2室1厅 | 54.5平米 | 南,https://ke-image.ljcdn.com/110000-inspection/pc1_1D5sWBzLw.jpg!m_fill,w_280,h_210,f_jpg?from=ke.com
20240815,丰台,丰台其它,101123500064,花园北里 2室1厅 南 北房主自荐,152万,26180元/平,中楼层 (共6层) 2室1厅 | 58.06平米 | 南 北,https://ke-image.ljcdn.com/110000-inspection/pc1_QRiLDaLqb_1.jpg!m_fill,w_280,h_210,f_jpg?from=ke.com
20240815,丰台,丰台其它,101123483932,红山郡 1室1厅 南,165万,33605元/平,高楼层 (共17层) | 2017年 | 1室1厅 | 49.1平米 | 南,https://ke-image.ljcdn.com/110000-inspection/pc1_ll9Eyzb5F_1.jpg!m_fill,w_280,h_210,f_jpg?from=ke.com
20240815,丰台,丰台其它,101123480455,珠江御景 4室1厅 南 北,530万,33115元/平,中楼层 (共9层) 4室1厅 | 160.05平米 | 南 北,https://ke-image.ljcdn.com/110000-inspection/pc1_LDAd69NPx_1.jpg!m_fill,w_280,h_210,f_jpg?from=ke.com
20240815,丰台,丰台其它,101123478718,张郭庄小区 1室1厅 南 北,175万,49158元/平,底层 (共6层) | 1988年 | 1室1厅 | 35.6平米 | 南 北,https://ke-image.ljcdn.com/110000-inspection/pc1_W5SZskXyQ_1.jpg!m_fill,w_280,h_210,f_jpg?from=ke.com
20240815,丰台,丰台其它,101123464735,中奥嘉园一期 2室1厅 南,198万,31509元/平,低楼层 (共11层) | 2015年 | 2室1厅 | 62.84平米 | 南,https://ke-image.ljcdn.com/110000-inspection/pc1_znbGthx4V_1.jpg!m_fill,w_280,h_210,f_jpg?from=ke.com
20240815,丰台,丰台其它,101123461996,花园北里 满五唯一 商品房 精装修,135万,26947元/平,中楼层 (共5层) 2室1厅 | 50.1平米 | 南,https://ke-image.ljcdn.com/110000-inspection/pc1_8WZimgHMn_1.jpg!m_fill,w_280,h_210,f_jpg?from=ke.com
20240815,丰台,丰台其它,101123458301,崔村二里 一层两居 南北通透 进出方便 满五年唯一,152万,27182元/平,底层 (共5层) 3室1厅 | 55.92平米 | 南 北,https://ke-image.ljcdn.com/110000-inspection/pc1_YjEt3kEjv_1.jpg!m_fill,w_280,h_210,f_jpg?from=ke.com
20240815,丰台,丰台其它,101123453869,园博嘉园 带电梯 视野好 有钥匙,450万,51952元/平,顶层 (共18层) | 2014年 | 2室1厅 | 86.62平米 | 南 北,https://ke-image.ljcdn.com/110000-inspection/pc1_gnDjCjy89_1.jpg!m_fill,w_280,h_210,f_jpg?from=ke.com
20240815,丰台,丰台其它,101123435673,园博嘉园 全屋采光 精装修 去地铁300米（实测）,398万,45305元/平,底层 (共18层) | 2014年 | 2室1厅 | 87.85平米 | 东 西,https://ke-image.ljcdn.com/110000-inspection/pc1_Kimms1CGE_1.jpg!m_fill,w_280,h_210,f_jpg?from=ke.com
20240815,丰台,丰台其它,101123388848,燕西华府 3室2厅 南 北,409万,44872元/平,高楼层 (共6层) 3室2厅 | 91.15平米 | 南 北,https://ke-image.ljcdn.com/110000-inspection/pc1_dAHBgEBM7.jpg!m_fill,w_280,h_210,f_jpg?from=ke.com
20240815,丰台,丰台其它,101123385208,张郭庄小区 中间层 看房方便 精装修房主自荐,178万,31339元/平,中楼层 (共6层) 2室1厅 | 56.8平米 | 南 北 西,https://ke-image.ljcdn.com/110000-inspection/pc1_pmke8LdNX_1.jpg!m_fill,w_280,h_210,f_jpg?from=ke.com
20240815,丰台,丰台其它,101123375025,汤泉墅双阳台 精装修户型方正大两居采光充足无遮挡,335万,36976元/平,中楼层 (共6层) | 2011年 | 2室1厅 | 90.6平米 | 南 北,https://ke-image.ljcdn.com/110000-inspection/18b22dc8-b263-42d2-851f-5fb7adb70b49_1000.jpg!m_fill,w_280,h_210,f_jpg?from=ke.com
20240815,丰台,丰台其它,101123372176,红山郡小区居中三居室适全年龄段人口居住,295万,34755元/平,低楼层 (共18层) | 2017年 | 3室1厅 | 84.88平米 | 南 北,https://ke-image.ljcdn.com/110000-inspection/pc1_LlO5MJfh6_1.jpg!m_fill,w_280,h_210,f_jpg?from=ke.com
20240815,丰台,丰台其它,101123355457,汤泉墅大两居室南北通透全明格局满五唯一有车位,389万,40021元/平,中楼层 (共6层) | 2015年 | 2室2厅 | 97.2平米 | 南 北,https://ke-image.ljcdn.com/110000-inspection/pc1_HQyJWmZeK.jpg!m_fill,w_280,h_210,f_jpg?from=ke.com
20240815,丰台,丰台其它,101123354284,珠光逸景一期 南北向 明厨明卫 精装修 带电梯随时看,339万,42831元/平,高楼层 (共6层) | 2013年 | 2室1厅 | 79.15平米 | 南 北,https://ke-image.ljcdn.com/110000-inspection/pc1_9ZMlqZyrA_1.jpg!m_fill,w_280,h_210,f_jpg?from=ke.com
20240815,丰台,丰台其它,101123329967,建设二里 2室1厅 南 北,168万,21650元/平,顶层 (共6层) 2室1厅 | 77.6平米 | 南 北,https://ke-image.ljcdn.com/110000-inspection/pc1_l1EH2y3yj_1.jpg!m_fill,w_280,h_210,f_jpg?from=ke.com
20240815,丰台,丰台其它,101123324533,2017年房 南向两居 有电梯 采光好 视野开阔 不临街,205万,32047元/平,顶层 (共21层) | 2017年 | 2室1厅 | 63.97平米 | 南,https://ke-image.ljcdn.com/110000-inspection/pc1_4rJV7sPcK_1.jpg!m_fill,w_280,h_210,f_jpg?from=ke.com
20240815,丰台,丰台其它,101123319125,珠光逸景二期 南北向三居室出售,370万,40500元/平,中楼层 (共6层) | 2014年 | 3室1厅 | 91.36平米 | 南 北,https://ke-image.ljcdn.com/110000-inspection/pc1_px5HR0JKI_1.jpg!m_fill,w_280,h_210,f_jpg?from=ke.com
20240815,丰台,丰台其它,101123309198,珠光逸景一期南向两居室高楼层视野开阔,325万,40338元/平,高楼层 (共6层) | 2013年 | 2室1厅 | 80.57平米 | 南,https://ke-image.ljcdn.com/110000-inspection/pc1_E6iMbY0HF.jpg!m_fill,w_280,h_210,f_jpg?from=ke.com
20240815,丰台,丰台其它,101123286337,珠光逸景一期 1室1厅 南,170万,30659元/平,高楼层 (共6层) | 2013年 | 1室1厅 | 55.45平米 | 南,https://ke-image.ljcdn.com/110000-inspection/pc1_J3u57urD6_1.jpg!m_fill,w_280,h_210,f_jpg?from=ke.com
20240815,丰台,丰台其它,101123242943,2014年小区 满五唯一两居 南北通透 低楼层户型好,265万,35142元/平,底层 (共6层) | 2013年 | 2室1厅 | 75.41平米 | 南 北,https://ke-image.ljcdn.com/110000-inspection/pc1_oJPwfOEKC_1.jpg!m_fill,w_280,h_210,f_jpg?from=ke.com
20240815,丰台,丰台其它,101123217632,汤泉墅南北通透楼层好采光好小区环境优美,370万,39175元/平,中楼层 (共6层) | 2013年 | 3室2厅 | 94.45平米 | 南 北,https://ke-image.ljcdn.com/110000-inspection/pc1_We2he39tr.jpg!m_fill,w_280,h_210,f_jpg?from=ke.com
20240815,丰台,丰台其它,101123189380,新上大四居客厅朝阳三个卧室朝阳卫生间均有窗子,688万,40234元/平,中楼层 (共5层) 4室2厅 | 171平米 | 南 北,https://ke-image.ljcdn.com/110000-inspection/pc1_ECBoBLXkW.jpg!m_fill,w_280,h_210,f_jpg?from=ke.com
20240815,丰台,丰台其它,101123173605,张郭庄小区99年建成中间楼层热买好房,230万,29594元/平,中楼层 (共6层) 2室1厅 | 77.72平米 | 南 北,https://ke-image.ljcdn.com/110000-inspection/pc1_O0YlMYFHI_1.jpg!m_fill,w_280,h_210,f_jpg?from=ke.com
20240815,丰台,丰台其它,101123162314,西山甲一号 视野好 科技住宅新风系统,998万,54518元/平,中楼层 (共14层) 4室2厅 | 183.06平米 | 东 南 北,https://ke-image.ljcdn.com/110000-inspection/pc1_ja3szM18X_1.jpg!m_fill,w_280,h_210,f_jpg?from=ke.com
20240815,丰台,丰台其它,101123162311,光明里 2室1厅 南,109.5万,22243元/平,中楼层 (共5层) | 1977年 | 2室1厅 | 49.23平米 | 南,https://ke-image.ljcdn.com/110000-inspection/pc1_ZdJF3PTbO_1.jpg!m_fill,w_280,h_210,f_jpg?from=ke.com
20240815,丰台,丰台其它,101123148794,2017年房南向两居电梯房不临街采光好视野开阔,215万,33293元/平,中楼层 (共18层) | 2017年 | 2室1厅 | 64.58平米 | 东南,https://ke-image.ljcdn.com/110000-inspection/pc1_3hhgOmmPA.jpg!m_fill,w_280,h_210,f_jpg?from=ke.com
20240815,丰台,丰台其它,101123146016,西山甲一号 科技住宅 新风系统 诚意卖,699万,57122元/平,高楼层 (共15层) 3室2厅 | 122.37平米 | 南 北,https://ke-image.ljcdn.com/110000-inspection/pc1_SPYxF5vU3_1.jpg!m_fill,w_280,h_210,f_jpg?from=ke.com
20240815,丰台,丰台其它,101123119876,张郭庄小区房龄新的楼栋东西向中楼层两居出售,240万,30881元/平,底层 (共6层) 2室1厅 | 77.72平米 | 南 北,https://ke-image.ljcdn.com/110000-inspection/12afdb98-0e52-4ef3-ab10-e163f9d130aa_1000.jpg!m_fill,w_280,h_210,f_jpg?from=ke.com
20240815,丰台,丰台其它,101123108450,崔村一里 2室1厅 南 北,182万,30969元/平,高楼层 (共6层) 2室1厅 | 58.77平米 | 南 北,https://ke-image.ljcdn.com/110000-inspection/pc1_go81xj1KS_1.jpg!m_fill,w_280,h_210,f_jpg?from=ke.com
20240815,丰台,丰台其它,101123104775,花园北里 3室1厅 东南 北,120万,20374元/平,顶层 (共5层) 3室1厅 | 58.9平米 | 东南 北,https://ke-image.ljcdn.com/110000-inspection/pc1_93wODsInu_1.jpg!m_fill,w_280,h_210,f_jpg?from=ke.com
20240815,丰台,丰台其它,101123082938,崔村一里 2室1厅 南 北,199万,23691元/平,高楼层 (共6层) | 2001年 | 2室1厅 | 84平米 | 南 北,https://ke-image.ljcdn.com/110000-inspection/pc1_vZW4mwD2i_1.jpg!m_fill,w_280,h_210,f_jpg?from=ke.com
20240815,丰台,丰台其它,101123076035,长馨园 2室1厅 南 北,225万,31377元/平,低楼层 (共15层) | 2013年 | 2室1厅 | 71.71平米 | 南 北,https://ke-image.ljcdn.com/110000-inspection/pc1_y2X3NYs81_1.jpg!m_fill,w_280,h_210,f_jpg?from=ke.com
20240815,丰台,丰台其它,101123066269,西边户两个卫生间均有窗子位置好楼层好视野好,490万,39952元/平,中楼层 (共6层) 3室1厅 | 122.65平米 | 南 北,https://ke-image.ljcdn.com/110000-inspection/pc1_wf9HROlXL.jpg!m_fill,w_280,h_210,f_jpg?from=ke.com
20240815,丰台,丰台其它,101123056279,燕西华府 别墅区洋房 位置好看房方便,258万,29540元/平,底层 (共6层) 2室1厅 | 87.34平米 | 南,https://ke-image.ljcdn.com/110000-inspection/9a8388d0-fc1f-4951-ab74-5bb3ad6fa5fd_1000.jpg!m_fill,w_280,h_210,f_jpg?from=ke.com
20240815,丰台,丰台其它,101123050911,卢西嘉园 1室1厅 南 北,215万,38270元/平,中楼层 (共6层) | 2007年 | 1室1厅 | 56.18平米 | 南 北,https://ke-image.ljcdn.com/110000-inspection/pc1_XkZcdw6bH_1.jpg!m_fill,w_280,h_210,f_jpg?from=ke.com
20240815,丰台,丰台其它,101123050730,燕西华府方正两居朝南自住精装修六层电梯板楼,298万,34140元/平,低楼层 (共6层) | 2015年 | 2室1厅 | 87.29平米 | 南,https://ke-image.ljcdn.com/110000-inspection/a8e50567-72d1-4f2f-8a1a-13870cb4a8ea_1000.jpg!m_fill,w_280,h_210,f_jpg?from=ke.com
20240815,丰台,丰台其它,101123046717,珠光逸景一期满五唯一房子朝南采光充足,290万,38796元/平,中楼层 (共6层) | 2013年 | 2室1厅 | 74.75平米 | 南,https://ke-image.ljcdn.com/110000-inspection/pc1_SJ5CoL1OC_1.jpg!m_fill,w_280,h_210,f_jpg?from=ke.com
20240815,丰台,丰台其它,101123025170,建设三里 2室1厅 南,160万,27861元/平,中楼层 (共6层) 2室1厅 | 57.43平米 | 南,https://ke-image.ljcdn.com/110000-inspection/pc1_miTvYvZcc_1.jpg!m_fill,w_280,h_210,f_jpg?from=ke.com
20240815,丰台,丰台其它,101123003324,崔村二里 低楼层两居 首套仅契税1% 商品房本 靠谱出售,150万,30151元/平,中楼层 (共5层) | 1988年 | 2室1厅 | 49.75平米 | 南,https://ke-image.ljcdn.com/110000-inspection/pc1_N0d9CY838_1.jpg!m_fill,w_280,h_210,f_jpg?from=ke.com
20240815,丰台,丰台其它,101122985017,长馨园 2室1厅 南 北,265万,36709元/平,中楼层 (共16层) | 2013年 | 2室1厅 | 72.19平米 | 南 北,https://ke-image.ljcdn.com/110000-inspection/pc1_vG2M6vQ7k_1.jpg!m_fill,w_280,h_210,f_jpg?from=ke.com
20240815,丰台,丰台其它,101122966905,华府跃墅 精装三居 集中供暖 管家服务 次顶层洋房,485万,39905元/平,高楼层 (共6层) 3室1厅 | 121.54平米 | 南 北,https://ke-image.ljcdn.com/110000-inspection/pc1_x27rCizvj_1.jpg!m_fill,w_280,h_210,f_jpg?from=ke.com
20240815,丰台,丰台其它,101122959423,建设一里 2室1厅 南,139万,24906元/平,高楼层 (共6层) 2室1厅 | 55.81平米 | 南,https://ke-image.ljcdn.com/110000-inspection/pc1_EfoH6VwHo_1.jpg!m_fill,w_280,h_210,f_jpg?from=ke.com
20240815,丰台,丰台其它,101122946469,山语城三区 2室1厅 南 北,420万,44436元/平,低楼层 (共6层) 2室1厅 | 94.52平米 | 南 北,https://ke-image.ljcdn.com/110000-inspection/d802ea08-9f87-4d00-b3d4-6d233f10cebc_1000.jpg!m_fill,w_280,h_210,f_jpg?from=ke.com
20240815,丰台,丰台其它,101122925492,云岗南区西里 2室0厅 西南,210万,42254元/平,顶层 (共5层) 2室0厅 | 49.7平米 | 西南,https://ke-image.ljcdn.com/110000-inspection/pc1_2N5ymMG21_1.jpg!m_fill,w_280,h_210,f_jpg?from=ke.com
20240815,丰台,丰台其它,101122915827,商品房两居 格局好 南北通透公摊少 小区环境好,288万,36521元/平,底层 (共6层) | 2014年 | 2室1厅 | 78.86平米 | 南 北,https://ke-image.ljcdn.com/110000-inspection/pc1_tEIB5Yn4Z_1.jpg!m_fill,w_280,h_210,f_jpg?from=ke.com
20240815,丰台,丰台其它,101122838868,红山郡 1室1厅 南,130万,26564元/平,低楼层 (共21层) | 2017年 | 1室1厅 | 48.94平米 | 南,https://ke-image.ljcdn.com/110000-inspection/pc1_V1xv0hLoA_1.jpg!m_fill,w_280,h_210,f_jpg?from=ke.com
20240815,丰台,丰台其它,101122833709,红山郡 商品房 有钥匙 诚意卖,155万,32178元/平,低楼层 (共20层) | 2017年 | 1室1厅 | 48.17平米 | 南,https://ke-image.ljcdn.com/110000-inspection/pc1_reSZSufUt.jpg!m_fill,w_280,h_210,f_jpg?from=ke.com
20240815,丰台,丰台其它,101122827141,红山郡 带电梯 诚意卖 看房方便,310万,36901元/平,高楼层 (共21层) | 2017年 | 3室1厅 | 84.01平米 | 南 北,https://ke-image.ljcdn.com/110000-inspection/pc1_jF1c6hina_1.jpg!m_fill,w_280,h_210,f_jpg?from=ke.com
20240815,丰台,丰台其它,101122823940,张郭庄小区 中间层 看房方便 诚意卖,269万,32139元/平,中楼层 (共6层) 2室1厅 | 83.7平米 | 南 北,https://ke-image.ljcdn.com/110000-inspection/pc1_K160DdK9X.jpg!m_fill,w_280,h_210,f_jpg?from=ke.com
20240815,丰台,丰台其它,101122819268,张郭庄小区满五唯一商品房南向两居采光好房主自荐,145万,28047元/平,顶层 (共5层) 2室1厅 | 51.7平米 | 南,https://ke-image.ljcdn.com/110000-inspection/pc1_YXxX4x6Jj_1.jpg!m_fill,w_280,h_210,f_jpg?from=ke.com
20240815,丰台,丰台其它,101122807898,西山甲一号4号院 两卧室朝南 随时看房 交通便利,698万,56092元/平,中楼层 (共14层) 3室1厅 | 124.44平米 | 南 北,https://ke-image.ljcdn.com/110000-inspection/pc1_FA49tF2C3_1.jpg!m_fill,w_280,h_210,f_jpg?from=ke.com
20240815,丰台,丰台其它,101122769486,光明里 2室1厅 南 北房主自荐,178万,22670元/平,高楼层 (共6层) 2室1厅 | 78.52平米 | 南 北,https://ke-image.ljcdn.com/110000-inspection/pc1_m5MbWCbLR_1.jpg!m_fill,w_280,h_210,f_jpg?from=ke.com
20240815,丰台,丰台其它,101122736961,山语城三区精装修大三居全明格局满五唯一,470万,40313元/平,低楼层 (共6层) | 2014年 | 3室1厅 | 116.59平米 | 南 北,https://ke-image.ljcdn.com/110000-inspection/3ffcb564-3fe2-477a-a9c8-3e3ebb46a271_1000.jpg!m_fill,w_280,h_210,f_jpg?from=ke.com
20240815,丰台,丰台其它,101122669569,此房高楼层户型好采光充足看房提前约,299万,30003元/平,顶层 (共6层) | 2006年 | 3室1厅 | 99.66平米 | 南 北,https://ke-image.ljcdn.com/110000-inspection/pc1_F2PpUvxwc_1.jpg!m_fill,w_280,h_210,f_jpg?from=ke.com
20240815,丰台,丰台其它,101122632198,燕西华府 花园洋房 中间楼层 业主精装 分梯入户,710万,51025元/平,中楼层 (共6层) 3室2厅 | 139.15平米 | 南 北,https://ke-image.ljcdn.com/110000-inspection/8ae0ec07-4ab3-445b-8e87-d50f8a187e30_1000.jpg!m_fill,w_280,h_210,f_jpg?from=ke.com
20240815,丰台,丰台其它,101122626739,珠光逸景二期 2室1厅 南,310万,38481元/平,底层 (共6层) | 2014年 | 2室1厅 | 80.56平米 | 南,https://ke-image.ljcdn.com/110000-inspection/pc1_5fiCtcPcG_1.jpg!m_fill,w_280,h_210,f_jpg?from=ke.com
20240815,丰台,丰台其它,101122587597,永兴里 1室1厅 南,110万,24071元/平,顶层 (共6层) 1室1厅 | 45.7平米 | 南,https://ke-image.ljcdn.com/110000-inspection/pc1_qo7oMd07D_1.jpg!m_fill,w_280,h_210,f_jpg?from=ke.com
20240815,丰台,丰台其它,101122562927,园博嘉园 2室1厅 东 西,430万,50726元/平,中楼层 (共15层) 2室1厅 | 84.77平米 | 东 西,https://ke-image.ljcdn.com/110000-inspection/pc1_UhKWVl5Gh_1.jpg!m_fill,w_280,h_210,f_jpg?from=ke.com
20240815,丰台,丰台其它,101122560164,全明格局 诚意出售 采光充足 视野开阔,510万,35378元/平,低楼层 (共6层) 3室2厅 | 144.16平米 | 东 西,https://ke-image.ljcdn.com/110000-inspection/pc1_Jwq7dLbpd_1.jpg!m_fill,w_280,h_210,f_jpg?from=ke.com
20240815,丰台,丰台其它,101122543440,园博嘉园 1室1厅 东南,278万,48056元/平,中楼层 (共15层) | 2015年 | 1室1厅 | 57.85平米 | 东南,https://ke-image.ljcdn.com/110000-inspection/pc1_FTTZ8IzRg_1.jpg!m_fill,w_280,h_210,f_jpg?from=ke.com
20240815,丰台,丰台其它,101122527571,红山郡全南向房龄新2017年房龄精装修一居室出售,130万,26591元/平,低楼层 (共21层) | 2017年 | 1室1厅 | 48.89平米 | 南,https://ke-image.ljcdn.com/110000-inspection/pc1_5gJQpmhed.jpg!m_fill,w_280,h_210,f_jpg?from=ke.com
20240815,丰台,丰台其它,101122494192,西山甲一号满二商品房地铁500米,799万,53596元/平,低楼层 (共19层) | 2019年 | 4室1厅 | 149.08平米 | 南 北,https://ke-image.ljcdn.com/110000-inspection/pc1_1TeFuphkV_1.jpg!m_fill,w_280,h_210,f_jpg?from=ke.com
20240815,丰台,丰台其它,101122488098,张郭庄小区 中间层 满五唯一 诚心卖,215万,27628元/平,中楼层 (共6层) | 1998年 | 2室1厅 | 77.82平米 | 南 北,https://ke-image.ljcdn.com/110000-inspection/pc1_zXtaUByqU_1.jpg!m_fill,w_280,h_210,f_jpg?from=ke.com
20240815,丰台,丰台其它,101122487140,建设三里 南北通透一居室 视野开阔 房龄新,168万,22463元/平,顶层 (共6层) 2室1厅 | 74.79平米 | 南 北,https://ke-image.ljcdn.com/110000-inspection/pc1_Pbbt7UoOA_1.jpg!m_fill,w_280,h_210,f_jpg?from=ke.com
20240815,丰台,丰台其它,101122451921,建设一里   中间楼层  满五年   诚心出售,133万,25015元/平,中楼层 (共6层) 2室1厅 | 53.17平米 | 南 北,https://ke-image.ljcdn.com/110000-inspection/pc1_oYUQzqr5w_1.jpg!m_fill,w_280,h_210,f_jpg?from=ke.com
20240815,丰台,丰台其它,101122438866,中奥嘉园一期 1室1厅 南,170万,32357元/平,中楼层 (共15层) | 2015年 | 1室1厅 | 52.54平米 | 南,https://ke-image.ljcdn.com/110000-inspection/pc1_n3bWsPt6g_1.jpg!m_fill,w_280,h_210,f_jpg?from=ke.com
20240815,丰台,丰台其它,101122424089,中奥嘉园 满五年唯一 电梯房好楼层 南向户型好采光好,160万,30558元/平,中楼层 (共11层) | 2015年 | 1室1厅 | 52.36平米 | 南,https://ke-image.ljcdn.com/110000-inspection/pc1_GToQGsRKw_1.jpg!m_fill,w_280,h_210,f_jpg?from=ke.com
20240815,丰台,丰台其它,101122423856,精装修的一居低楼层采光充足视野开阔诚心出售,203万,35305元/平,低楼层 (共6层) | 2007年 | 1室1厅 | 57.5平米 | 南 北,https://ke-image.ljcdn.com/110000-inspection/pc1_jnpWl0k1K_1.jpg!m_fill,w_280,h_210,f_jpg?from=ke.com
20240815,丰台,丰台其它,101122422983,光明里 2室1厅 南 北,179万,22797元/平,中楼层 (共6层) 2室1厅 | 78.52平米 | 南 北,https://ke-image.ljcdn.com/110000-inspection/pc1_E46XrlEfq_1.jpg!m_fill,w_280,h_210,f_jpg?from=ke.com
20240815,丰台,丰台其它,101122372014,珠光逸景二期 南北通透 两居室出售,265万,35628元/平,低楼层 (共6层) | 2013年 | 2室1厅 | 74.38平米 | 南 北,https://ke-image.ljcdn.com/110000-inspection/pc1_9QC6vLZpD_1.jpg!m_fill,w_280,h_210,f_jpg?from=ke.com
20240815,丰台,丰台其它,101122338920,燕西书院 西南朝向 采光好 通风好,268万,29975元/平,底层 (共6层) 2室2厅 | 89.41平米 | 西南,https://ke-image.ljcdn.com/110000-inspection/pc1_Yz0yluA1P_1.jpg!m_fill,w_280,h_210,f_jpg?from=ke.com
20240815,丰台,丰台其它,101122335711,此房满五年唯一格局好低楼层,147万,27894元/平,低楼层 (共6层) 2室1厅 | 52.7平米 | 东,https://ke-image.ljcdn.com/110000-inspection/pc1_AoQ11mStE_1.jpg!m_fill,w_280,h_210,f_jpg?from=ke.com
20240815,丰台,丰台其它,101122269074,卢西嘉园 一居室 户型方正 诚心出售,190万,32574元/平,顶层 (共6层) | 2007年 | 1室1厅 | 58.33平米 | 南,https://ke-image.ljcdn.com/110000-inspection/pc1_cCJ5e8fKp_1.jpg!m_fill,w_280,h_210,f_jpg?from=ke.com
20240815,丰台,丰台其它,101122222357,中奥嘉园一期 电梯房 楼龄新 装修好,185万,30289元/平,中楼层 (共11层) | 2015年 | 2室1厅 | 61.08平米 | 南 北,https://ke-image.ljcdn.com/110000-inspection/pc1_z06Vh8HVU_1.jpg!m_fill,w_280,h_210,f_jpg?from=ke.com
20240815,丰台,丰台其它,101122190913,珠光逸景一期 满五唯一 精装低楼层一居,180万,32462元/平,低楼层 (共6层) | 2013年 | 1室1厅 | 55.45平米 | 南,https://ke-image.ljcdn.com/110000-inspection/pc1_BHeAE2QiT.jpg!m_fill,w_280,h_210,f_jpg?from=ke.com
20240815,丰台,丰台其它,101122176991,珠光逸景一期 1室1厅 南房主自荐,205万,36971元/平,高楼层 (共6层) | 2013年 | 1室1厅 | 55.45平米 | 南,https://ke-image.ljcdn.com/110000-inspection/pc1_8qiNv416L.jpg!m_fill,w_280,h_210,f_jpg?from=ke.com
20240815,丰台,丰台其它,101122137510,中奥嘉园二期小区环境好周围配套齐全房主自荐,188万,29865元/平,中楼层 (共15层) | 2017年 | 2室1厅 | 62.95平米 | 南 北,https://ke-image.ljcdn.com/110000-inspection/pc1_E8tp0d8lQ_1.jpg!m_fill,w_280,h_210,f_jpg?from=ke.com
20240815,丰台,丰台其它,101122127685,红山郡 位置好 诚意卖 精装修,164万,33899元/平,低楼层 (共21层) | 2017年 | 1室1厅 | 48.38平米 | 南,https://ke-image.ljcdn.com/110000-inspection/pc1_wwT6Z6yoH_1.jpg!m_fill,w_280,h_210,f_jpg?from=ke.com
20240815,丰台,丰台其它,101122115563,园博嘉园 2室1厅 东 西,438万,49983元/平,低楼层 (共18层) | 2014年 | 2室1厅 | 87.63平米 | 东 西,https://ke-image.ljcdn.com/110000-inspection/pc1_V9bN5Oefu_1.jpg!m_fill,w_280,h_210,f_jpg?from=ke.com
20240815,丰台,丰台其它,101122078124,南北通透格局采光好楼层好双阳台四居室,555万,44238元/平,中楼层 (共6层) | 2022年 | 4室2厅 | 125.46平米 | 南 北,https://ke-image.ljcdn.com/110000-inspection/pc1_j08sbBDfH.jpg!m_fill,w_280,h_210,f_jpg?from=ke.com
20240815,丰台,丰台其它,101122049495,西山甲一号科技住宅精装修可以拎包入住靠谱出售,860万,58876元/平,低楼层 (共17层) 4室2厅 | 146.07平米 | 南 北,https://ke-image.ljcdn.com/110000-inspection/pc1_ofWAIyJtG_1.jpg!m_fill,w_280,h_210,f_jpg?from=ke.com
20240815,丰台,丰台其它,101122028926,崔村一里 2室1厅 南 北,165万,29050元/平,高楼层 (共6层) 2室1厅 | 56.8平米 | 南 北,https://ke-image.ljcdn.com/110000-inspection/pc1_wAag4bAmz_1.jpg!m_fill,w_280,h_210,f_jpg?from=ke.com
20240815,丰台,丰台其它,101122012522,崔村二里 满五年 正规一居 可以贷款,99万,27493元/平,中楼层 (共5层) 1室1厅 | 36.01平米 | 南,https://ke-image.ljcdn.com/110000-inspection/pc1_GEC7qtyhO_1.jpg!m_fill,w_280,h_210,f_jpg?from=ke.com
20240815,丰台,丰台其它,101121914046,山语城一区 南北通透大四居 电梯入户,600万,37720元/平,高楼层 (共6层) | 2012年 | 4室1厅 | 159.07平米 | 南 北,https://ke-image.ljcdn.com/110000-inspection/pc1_bzzPGETmi_2.jpg!m_fill,w_280,h_210,f_jpg?from=ke.com
20240815,丰台,丰台其它,101121911591,珠光逸景二期 南北通透两居 毛坯房 随时看房,265万,35533元/平,中楼层 (共6层) | 2013年 | 2室1厅 | 74.58平米 | 南 北,https://ke-image.ljcdn.com/110000-inspection/pc1_JuOX3dT9T_1.jpg!m_fill,w_280,h_210,f_jpg?from=ke.com
20240815,丰台,丰台其它,101121901599,张郭庄小区满五唯一南向精装一居室,118万,27896元/平,顶层 (共6层) | 1983年 | 1室1厅 | 42.3平米 | 南,https://ke-image.ljcdn.com/110000-inspection/pc1_6VVAjOxAP_1.jpg!m_fill,w_280,h_210,f_jpg?from=ke.com
20240815,丰台,丰台其它,101121845435,崔村一里 满五唯一  南向一居  采光好房主自荐,93万,21780元/平,高楼层 (共6层) 1室1厅 | 42.7平米 | 南,https://ke-image.ljcdn.com/110000-inspection/pc1_T00Fv9zyh_1.jpg!m_fill,w_280,h_210,f_jpg?from=ke.com
20240815,丰台,丰台其它,101121823344,建设一里 明厨明卫 三居 看房方便  满五年且一套,139万,21518元/平,高楼层 (共6层) 2室1厅 | 64.6平米 | 东 南 北,https://ke-image.ljcdn.com/110000-inspection/pc1_e0KnKDlsA_1.jpg!m_fill,w_280,h_210,f_jpg?from=ke.com
20240815,丰台,丰台其它,101121819088,长馨园小区  正规两居室  户型方正,199万,27751元/平,中楼层 (共15层) | 2013年 | 2室1厅 | 71.71平米 | 南 北,https://ke-image.ljcdn.com/110000-inspection/pc1_0udvZwfdd_1.jpg!m_fill,w_280,h_210,f_jpg?from=ke.com
20240815,丰台,丰台其它,101121747551,东山坡二里 东南向两居室 业主随时签约,160万,29740元/平,中楼层 (共5层) 2室1厅 | 53.8平米 | 南,https://ke-image.ljcdn.com/110000-inspection/pc1_tvvNelwNA.jpg!m_fill,w_280,h_210,f_jpg?from=ke.com
20240815,丰台,丰台其它,101121732039,西山甲一号科技住宅诚心出售购房成本低,728万,56667元/平,中楼层 (共17层) 3室2厅 | 128.47平米 | 南 北,https://ke-image.ljcdn.com/110000-inspection/pc1_wPouBlZ5z_1.jpg!m_fill,w_280,h_210,f_jpg?from=ke.com
20240815,丰台,丰台其它,101121721552,红山郡正规三居室看房提前联系户型好,265万,31228元/平,低楼层 (共19层) 3室1厅 | 84.86平米 | 南 北,https://ke-image.ljcdn.com/110000-inspection/pc1_EPrScYIYJ_1.jpg!m_fill,w_280,h_210,f_jpg?from=ke.com
20240815,丰台,丰台其它,101121697615,崔村一里 2室1厅 南 北,228万,27143元/平,顶层 (共6层) 2室1厅 | 84平米 | 南 北,https://ke-image.ljcdn.com/110000-inspection/pc1_KGfegUigZ_1.jpg!m_fill,w_280,h_210,f_jpg?from=ke.com
20240815,丰台,丰台其它,101121682063,园博嘉园中高楼层无遮挡采光好南北通透两居室出售,495万,54854元/平,中楼层 (共12层) | 2014年 | 2室1厅 | 90.24平米 | 南 北,https://ke-image.ljcdn.com/110000-inspection/pc1_b9T1ahOky_1.jpg!m_fill,w_280,h_210,f_jpg?from=ke.com
20240815,丰台,丰台其它,101121674670,珠光逸景一期小区环境好绿化好适宜居住房主自荐,195万,35167元/平,中楼层 (共6层) | 2013年 | 1室1厅 | 55.45平米 | 南,https://ke-image.ljcdn.com/110000-inspection/pc1_J1lKSweju_1.jpg!m_fill,w_280,h_210,f_jpg?from=ke.com
20240815,丰台,丰台其它,101121664293,西山甲一号 三面宽三居室 新式科技住宅,690万,54784元/平,低楼层 (共13层) 3室2厅 | 125.95平米 | 南 北,https://ke-image.ljcdn.com/110000-inspection/pc1_cTXbUmRIa_1.jpg!m_fill,w_280,h_210,f_jpg?from=ke.com
20240815,丰台,丰台其它,101121637756,可贷款 满五年唯一 南北通透 中间楼层 电梯房,180万,29355元/平,中楼层 (共14层) | 2015年 | 2室1厅 | 61.32平米 | 南 北,https://ke-image.ljcdn.com/110000-inspection/pc1_A1IwxYYGD_1.jpg!m_fill,w_280,h_210,f_jpg?from=ke.com
20240815,丰台,丰台其它,101121636420,业主包土地出让金 2015年小区 满五年唯一 可贷款,179万,30725元/平,低楼层 (共15层) 2室1厅 | 58.26平米 | 南 西,https://ke-image.ljcdn.com/110000-inspection/pc1_cv3Kyw8AW_1.jpg!m_fill,w_280,h_210,f_jpg?from=ke.com
20240815,丰台,丰台其它,101121613590,西山甲一号 科技住宅社区 四季恒温,808万,55575元/平,中楼层 (共14层) 4室2厅 | 145.39平米 | 南 北,https://ke-image.ljcdn.com/110000-inspection/pc1_a2v4qXVMR_1.jpg!m_fill,w_280,h_210,f_jpg?from=ke.com
20240815,丰台,丰台其它,101121599869,红山郡南北通透中间楼层优质户型三居,290万,34158元/平,低楼层 (共21层) 3室1厅 | 84.9平米 | 南 北,https://ke-image.ljcdn.com/110000-inspection/pc1_spbadnPvB_1.jpg!m_fill,w_280,h_210,f_jpg?from=ke.com
20240815,丰台,丰台其它,101121545987,建设一里 2室1厅 南 北,189万,24340元/平,高楼层 (共6层) 2室1厅 | 77.65平米 | 南 北,https://ke-image.ljcdn.com/110000-inspection/pc1_4PI3XkHkl_1.jpg!m_fill,w_280,h_210,f_jpg?from=ke.com
20240815,丰台,丰台其它,101121519112,西山甲一号 4室2厅 南 北,775万,54636元/平,低楼层 (共17层) 4室2厅 | 141.85平米 | 南 北,https://ke-image.ljcdn.com/110000-inspection/pc1_13sQDheOh_1.jpg!m_fill,w_280,h_210,f_jpg?from=ke.com
20240815,丰台,丰台其它,101121497752,园博府大平层满五唯一商品房精装修,1050万,55893元/平,低楼层 (共22层) | 2014年 | 4室2厅 | 187.86平米 | 东 南 北,https://ke-image.ljcdn.com/110000-inspection/pc1_9AAPEC4nU_1.jpg!m_fill,w_280,h_210,f_jpg?from=ke.com
20240815,丰台,丰台其它,101121461479,崔村二里 新装修  南北通透 三居,260万,35656元/平,底层 (共4层) | 1988年 | 3室1厅 | 72.92平米 | 南 北,https://ke-image.ljcdn.com/110000-inspection/pc1_d7HMqT2Le.jpg!m_fill,w_280,h_210,f_jpg?from=ke.com
20240815,丰台,丰台其它,101121452808,西山甲一号 4室2厅 南 北,910万,62197元/平,中楼层 (共19层) 4室2厅 | 146.31平米 | 南 北,https://ke-image.ljcdn.com/110000-inspection/pc1_WYpooeyMU_1.jpg!m_fill,w_280,h_210,f_jpg?from=ke.com
20240815,丰台,丰台其它,101121439998,张郭庄小区98年楼龄 满五年唯一诚心出售南北通透格局,246万,31653元/平,高楼层 (共6层) 2室1厅 | 77.72平米 | 南 北,https://ke-image.ljcdn.com/110000-inspection/pc1_AuWI7Lw4w_1.jpg!m_fill,w_280,h_210,f_jpg?from=ke.com
20240815,丰台,丰台其它,101121401631,珠光逸景二期该房子朝南采光充足通风好,210万,37913元/平,中楼层 (共6层) | 2013年 | 1室1厅 | 55.39平米 | 南,https://ke-image.ljcdn.com/110000-inspection/pc1_MLI42e4en_1.jpg!m_fill,w_280,h_210,f_jpg?from=ke.com
20240815,丰台,丰台其它,101121395658,珠光御景西园 3室2厅 南 北,565万,41020元/平,高楼层 (共9层) 3室2厅 | 137.74平米 | 南 北,https://ke-image.ljcdn.com/110000-inspection/pc1_RReT2QLHX_1.jpg!m_fill,w_280,h_210,f_jpg?from=ke.com
20240815,丰台,丰台其它,101121368765,张郭庄小区 满五唯一 楼龄新 诚意卖,189万,24540元/平,顶层 (共6层) | 1999年 | 2室1厅 | 77.02平米 | 南 北,https://ke-image.ljcdn.com/110000-inspection/pc1_LH7rDuS8J_1.jpg!m_fill,w_280,h_210,f_jpg?from=ke.com
20240815,丰台,丰台其它,101121362920,长馨园 2室1厅 南 北,220万,31122元/平,中楼层 (共16层) 2室1厅 | 70.69平米 | 南 北,https://ke-image.ljcdn.com/110000-inspection/pc1_LeOAKYvg9_1.jpg!m_fill,w_280,h_210,f_jpg?from=ke.com
20240815,丰台,丰台其它,101121338490,次顶层满2年过户视野好无遮挡环境好车位充足,200万,30946元/平,高楼层 (共21层) | 2017年 | 2室1厅 | 64.63平米 | 南 西,https://ke-image.ljcdn.com/110000-inspection/pc1_WB9tYsVZq_1.jpg!m_fill,w_280,h_210,f_jpg?from=ke.com
20240815,丰台,丰台其它,101121283318,满五年唯一 首套仅契税1% 南向采光充足 精装修,199万,35889元/平,低楼层 (共6层) | 2013年 | 1室1厅 | 55.45平米 | 南 北,https://ke-image.ljcdn.com/110000-inspection/pc1_HssZYC3Nf_1.jpg!m_fill,w_280,h_210,f_jpg?from=ke.com
20240815,丰台,丰台其它,101121257687,张郭庄小区  南北通透两居室  双面宽采光好,185万,23989元/平,顶层 (共6层) | 1998年 | 2室1厅 | 77.12平米 | 北 南,https://ke-image.ljcdn.com/110000-inspection/pc1_neAgBAVJo_1.jpg!m_fill,w_280,h_210,f_jpg?from=ke.com
20240815,丰台,丰台其它,101121253938,光明里 2室1厅 南 北,158万,20123元/平,顶层 (共6层) 2室1厅 | 78.52平米 | 南 北,https://ke-image.ljcdn.com/110000-inspection/pc1_cGNdhbHiW.jpg!m_fill,w_280,h_210,f_jpg?from=ke.com
20240815,丰台,丰台其它,101121239554,2017年小区 有固定车位 有电梯 集中供暖 明卫,215万,25932元/平,低楼层 (共8层) 2室1厅 | 82.91平米 | 南 北,https://ke-image.ljcdn.com/110000-inspection/pc1_otuXsD5TZ_1.jpg!m_fill,w_280,h_210,f_jpg?from=ke.com
20240815,丰台,丰台其它,101121225614,西山甲一号 好楼层 南北通透三面宽,825万,54546元/平,中楼层 (共14层) 4室2厅 | 151.25平米 | 南 北,https://ke-image.ljcdn.com/110000-inspection/pc1_jF7jNDFxz_1.jpg!m_fill,w_280,h_210,f_jpg?from=ke.com
20240815,丰台,丰台其它,101121216380,张郭庄小区满五唯一中间楼层精装修拎包入住,175万,29462元/平,中楼层 (共5层) | 1980年 | 2室1厅 | 59.4平米 | 南 北,https://ke-image.ljcdn.com/110000-inspection/pc1_5ZxRpnE6Y_1.jpg!m_fill,w_280,h_210,f_jpg?from=ke.com
20240815,丰台,丰台其它,101121200877,永兴里 2室1厅 西北,153万,33627元/平,底层 (共6层) 2室1厅 | 45.5平米 | 西北,https://ke-image.ljcdn.com/110000-inspection/pc1_eeEZYLI1x_1.jpg!m_fill,w_280,h_210,f_jpg?from=ke.com
20240815,丰台,丰台其它,101121178022,近地铁南北通透人车分流科技住宅,635万,54756元/平,低楼层 (共15层) 3室2厅 | 115.97平米 | 南 北,https://ke-image.ljcdn.com/110000-inspection/pc1_4y2H9O9K8_1.jpg!m_fill,w_280,h_210,f_jpg?from=ke.com
20240815,丰台,丰台其它,101121164154,长馨园小区高楼层采光好看房有钥匙南向2居,207万,29699元/平,中楼层 (共17层) | 2013年 | 2室1厅 | 69.7平米 | 南,https://ke-image.ljcdn.com/110000-inspection/pc1_XAd1uTJ0q_1.jpg!m_fill,w_280,h_210,f_jpg?from=ke.com
20240815,丰台,丰台其它,101121162928,珠光逸景二期 1室1厅 南,169万,30478元/平,高楼层 (共6层) | 2013年 | 1室1厅 | 55.45平米 | 南,https://ke-image.ljcdn.com/110000-inspection/pc1_vetZfC3UV_1.jpg!m_fill,w_280,h_210,f_jpg?from=ke.com
20240815,丰台,丰台其它,101121156946,红山郡三居南北通透装修保持好,255万,30032元/平,底层 (共20层) | 2017年 | 3室1厅 | 84.91平米 | 南 北,https://ke-image.ljcdn.com/110000-inspection/pc1_6HPkTIzxp_1.jpg!m_fill,w_280,h_210,f_jpg?from=ke.com
20240815,丰台,丰台其它,101121137912,崔村一里 全南向两居室 户型方正 无遮挡 精装修省心,155万,29866元/平,中楼层 (共5层) 2室1厅 | 51.9平米 | 南,https://ke-image.ljcdn.com/110000-inspection/pc1_i8JbPmd0U_1.jpg!m_fill,w_280,h_210,f_jpg?from=ke.com
20240815,丰台,丰台其它,101121128326,卢西嘉园  精装修两居室 南北向 业主诚售,319万,40565元/平,底层 (共6层) | 2007年 | 2室1厅 | 78.64平米 | 南 北,https://ke-image.ljcdn.com/110000-inspection/pc1_ODpPTg49t.jpg!m_fill,w_280,h_210,f_jpg?from=ke.com
20240815,丰台,丰台其它,101121123927,长馨园 电梯房 满两年 看房方便,186万,26660元/平,高楼层 (共16层) | 2013年 | 2室1厅 | 69.77平米 | 南,https://ke-image.ljcdn.com/110000-inspection/pc1_tMmgLBraH_1.jpg!m_fill,w_280,h_210,f_jpg?from=ke.com
20240815,丰台,丰台其它,101121102710,胜利里 3室1厅 南 北,115万,22822元/平,中楼层 (共5层) 3室1厅 | 50.39平米 | 南 北,https://ke-image.ljcdn.com/110000-inspection/pc1_KvqVFtiJq_1.jpg!m_fill,w_280,h_210,f_jpg?from=ke.com
20240815,丰台,丰台其它,101121017285,园博府 3室2厅 南 北,720万,49793元/平,低楼层 (共18层) | 2014年 | 3室2厅 | 144.6平米 | 南 北,https://ke-image.ljcdn.com/110000-inspection/pc1_hBuuFtW01_1.jpg!m_fill,w_280,h_210,f_jpg?from=ke.com
20240815,丰台,丰台其它,101121008478,户型好南北通透等同满五唯一看房提前联系,660万,56848元/平,高楼层 (共15层) 3室1厅 | 116.1平米 | 南 北,https://ke-image.ljcdn.com/110000-inspection/pc1_WTG8rb660_1.jpg!m_fill,w_280,h_210,f_jpg?from=ke.com
20240815,丰台,丰台其它,101120996646,红山郡 3室1厅 南 北,245万,28272元/平,底层 (共18层) | 2017年 | 3室1厅 | 86.66平米 | 南 北,https://ke-image.ljcdn.com/110000-inspection/pc1_jMMfdvOlq.jpg!m_fill,w_280,h_210,f_jpg?from=ke.com
20240815,丰台,丰台其它,101120990421,卢西嘉园 1室1厅 南 北,195万,33984元/平,底层 (共6层) | 2007年 | 1室1厅 | 57.38平米 | 南 北,https://ke-image.ljcdn.com/110000-inspection/pc1_cpEzspmE9_1.jpg!m_fill,w_280,h_210,f_jpg?from=ke.com
20240815,丰台,丰台其它,101120990398,卢西嘉园 1室1厅 南 北,198万,33974元/平,中楼层 (共6层) | 2007年 | 1室1厅 | 58.28平米 | 南 北,https://ke-image.ljcdn.com/110000-inspection/pc1_ftg13KQMN_1.jpg!m_fill,w_280,h_210,f_jpg?from=ke.com
20240815,丰台,丰台其它,101120952960,楼龄新 电梯房 南向采光足 两居室 随时看房,220万,30878元/平,中楼层 (共15层) | 2013年 | 2室1厅 | 71.25平米 | 南 北,https://ke-image.ljcdn.com/110000-inspection/pc1_IG2P940w0_1.jpg!m_fill,w_280,h_210,f_jpg?from=ke.com
20240815,丰台,丰台其它,101120938588,建设一里 2室1厅 南 北,165万,26354元/平,中楼层 (共6层) 2室1厅 | 62.61平米 | 南 北,https://ke-image.ljcdn.com/110000-inspection/pc1_J1IFh40pJ_1.jpg!m_fill,w_280,h_210,f_jpg?from=ke.com
20240815,丰台,丰台其它,101120904120,张郭庄小区 楼龄新 户型好 诚意卖,258万,32470元/平,高楼层 (共6层) 2室1厅 | 79.46平米 | 东 西,https://ke-image.ljcdn.com/110000-inspection/pc1_JyXugcknS_1.jpg!m_fill,w_280,h_210,f_jpg?from=ke.com
20240815,丰台,丰台其它,101120879927,东山坡一里 2室1厅 南 北,181万,29147元/平,顶层 (共6层) 2室1厅 | 62.1平米 | 南 北,https://ke-image.ljcdn.com/110000-inspection/pc1_gOeXR2kss.jpg!m_fill,w_280,h_210,f_jpg?from=ke.com
20240815,丰台,丰台其它,101120877046,张郭庄小区 中间层 诚意卖 明厨明卫 购房成本低,230万,35659元/平,中楼层 (共6层) | 1982年 | 3室1厅 | 64.5平米 | 东 南 西,https://ke-image.ljcdn.com/110000-inspection/pc1_S7pGastY1.jpg!m_fill,w_280,h_210,f_jpg?from=ke.com
20240815,丰台,丰台其它,101120867836,崔村一里 2室2厅 南 西 北,216万,36518元/平,中楼层 (共6层) | 1993年 | 2室2厅 | 59.15平米 | 南 西 北,https://ke-image.ljcdn.com/110000-inspection/pc1_HGwERuMGn_1.jpg!m_fill,w_280,h_210,f_jpg?from=ke.com
20240815,丰台,丰台其它,101120822399,建设一里通透两居室靠谱出售看房方便有钥匙,125万,23239元/平,高楼层 (共6层) 2室1厅 | 53.79平米 | 东 西,https://ke-image.ljcdn.com/110000-inspection/pc1_uvEr60oRa_1.jpg!m_fill,w_280,h_210,f_jpg?from=ke.com
20240815,丰台,丰台其它,101120797487,满五年唯一 明厨明卫   低楼层出入方便,155万,31505元/平,底层 (共5层) 2室1厅 | 49.2平米 | 南 北,https://ke-image.ljcdn.com/110000-inspection/pc1_4iRXpIa9U_1.jpg!m_fill,w_280,h_210,f_jpg?from=ke.com
20240815,丰台,丰台其它,101120739340,建设一里 2室1厅 南 北,220万,28424元/平,中楼层 (共6层) 2室1厅 | 77.4平米 | 南 北,https://ke-image.ljcdn.com/110000-inspection/pc1_1KeZT1lxE_1.jpg!m_fill,w_280,h_210,f_jpg?from=ke.com
20240815,丰台,丰台其它,101120731167,业主包土地出让金 精装婚房 单做防水层  满五年唯一,180万,30036元/平,顶层 (共9层) | 2015年 | 2室1厅 | 59.93平米 | 东 西,https://ke-image.ljcdn.com/110000-inspection/pc1_uNrFMKZuM_1.jpg!m_fill,w_280,h_210,f_jpg?from=ke.com
20240815,丰台,丰台其它,101120662119,园博嘉园正规的三加一户型好格局视野没有遮挡房主自荐,670万,44895元/平,顶层 (共14层) | 2014年 | 3室1厅 | 149.24平米 | 南 北,https://ke-image.ljcdn.com/110000-inspection/pc1_QTxjxpQtd_1.jpg!m_fill,w_280,h_210,f_jpg?from=ke.com
20240815,丰台,丰台其它,101120607751,张郭庄小区 98年满五唯一 成本低,225万,28951元/平,高楼层 (共6层) | 1998年 | 2室1厅 | 77.72平米 | 南 北,https://ke-image.ljcdn.com/110000-inspection/pc1_415SBZtPv_1.jpg!m_fill,w_280,h_210,f_jpg?from=ke.com
20240815,丰台,丰台其它,101120595657,崔村二里 南北通透两居室 中间楼层 户型方正无浪费房主自荐,139万,26055元/平,中楼层 (共6层) 2室1厅 | 53.35平米 | 南 北,https://ke-image.ljcdn.com/110000-inspection/pc1_TBU01CwGG_1.jpg!m_fill,w_280,h_210,f_jpg?from=ke.com
20240815,丰台,丰台其它,101120575196,西山甲一号 精装修 科技住宅 诚心卖,750万,51262元/平,低楼层 (共19层) 3室2厅 | 146.31平米 | 南 北,https://ke-image.ljcdn.com/110000-inspection/pc1_v0PekDbug_1.jpg!m_fill,w_280,h_210,f_jpg?from=ke.com
20240815,丰台,丰台其它,101120534407,红山郡 1室1厅 南,169万,34533元/平,高楼层 (共21层) | 2017年 | 1室1厅 | 48.94平米 | 南,https://ke-image.ljcdn.com/110000-inspection/pc1_OtiGRq0iW_1.jpg!m_fill,w_280,h_210,f_jpg?from=ke.com
20240815,丰台,丰台其它,101120513282,精装修拎包入住。南北通透明厨明卫楼层好满五年唯一,180万,29316元/平,中楼层 (共5层) 2室1厅 | 61.4平米 | 南 北,https://ke-image.ljcdn.com/110000-inspection/pc1_iGLosGhXT_1.jpg!m_fill,w_280,h_210,f_jpg?from=ke.com
20240815,丰台,丰台其它,101120399363,优质一居室视野开阔采光充足业主诚心出售,176万,36319元/平,中楼层 (共15层) 1室1厅 | 48.46平米 | 南,https://ke-image.ljcdn.com/110000-inspection/pc1_b33v0kpDo_1.jpg!m_fill,w_280,h_210,f_jpg?from=ke.com
20240815,丰台,丰台其它,101120266956,珠光御景西园 3室2厅 南 北,500万,36561元/平,低楼层 (共9层) 3室2厅 | 136.76平米 | 南 北,https://ke-image.ljcdn.com/110000-inspection/pc1_O5SASYBhy.jpg!m_fill,w_280,h_210,f_jpg?from=ke.com
20240815,丰台,丰台其它,101120177322,汤泉墅6层电梯花园洋房 南北通透 精装修采光无遮挡房主自荐,330万,33927元/平,高楼层 (共6层) | 2011年 | 2室1厅 | 97.27平米 | 南 北,https://ke-image.ljcdn.com/110000-inspection/pc1_8bTCgDboc_2.jpg!m_fill,w_280,h_210,f_jpg?from=ke.com
20240815,丰台,丰台其它,101120164744,听竹院   2014年新小区   电梯洋房社区   环境好,245万,26339元/平,顶层 (共8层) 2室1厅 | 93.02平米 | 南 北,https://ke-image.ljcdn.com/110000-inspection/pc1_Y6x49ODWd_1.jpg!m_fill,w_280,h_210,f_jpg?from=ke.com
20240815,丰台,丰台其它,101120161064,云岗南区东里23 2室2厅 南 北,290万,40737元/平,顶层 (共5层) 2室2厅 | 71.19平米 | 南 北,https://ke-image.ljcdn.com/110000-inspection/pc1_JwbfYvNqw.jpg!m_fill,w_280,h_210,f_jpg?from=ke.com
20240815,丰台,丰台其它,101120157245,珠光逸景二期 1室1厅 南,187万,33761元/平,高楼层 (共6层) | 2013年 | 1室1厅 | 55.39平米 | 南,https://ke-image.ljcdn.com/110000-inspection/pc1_godyGyQAa_1.jpg!m_fill,w_280,h_210,f_jpg?from=ke.com
20240815,丰台,丰台其它,101120137494,云岗南区西里  南向 采光好 低楼层出入方便房主自荐,225万,46875元/平,底层 (共5层) 1室1厅 | 48平米 | 南,https://ke-image.ljcdn.com/110000-inspection/pc1_QXMMHqmWJ.jpg!m_fill,w_280,h_210,f_jpg?from=ke.com
20240815,丰台,丰台其它,101120034627,鑫园闻松台一室一厅低楼层诚意卖看房方便。,145万,26193元/平,底层 (共9层) | 2017年 | 1室1厅 | 55.36平米 | 南,https://ke-image.ljcdn.com/110000-inspection/pc1_qPdnriG07_1.jpg!m_fill,w_280,h_210,f_jpg?from=ke.com
20240815,丰台,丰台其它,101119999775,鑫園 2室1厅 南 北,238万,28473元/平,中楼层 (共8层) 2室1厅 | 83.59平米 | 南 北,https://ke-image.ljcdn.com/110000-inspection/pc1_37vIRttOc_1.jpg!m_fill,w_280,h_210,f_jpg?from=ke.com
20240815,丰台,丰台其它,101119987569,珠光逸景一期 3室1厅 南,385万,41221元/平,底层 (共6层) | 2013年 | 3室1厅 | 93.4平米 | 南,https://ke-image.ljcdn.com/110000-inspection/pc1_0FveJTo1L_1.jpg!m_fill,w_280,h_210,f_jpg?from=ke.com
20240815,丰台,丰台其它,101119985016,红山郡三居南北通透高楼层视野好,299万,35604元/平,顶层 (共21层) 3室1厅 | 83.98平米 | 南 北,https://ke-image.ljcdn.com/110000-inspection/pc1_pBUFhVei4_1.jpg!m_fill,w_280,h_210,f_jpg?from=ke.com
20240815,丰台,丰台其它,101119925079,听竹院 2014年新小区 电梯洋房社区 南北两居室,259万,31082元/平,高楼层 (共8层) 2室1厅 | 83.33平米 | 南 北,https://ke-image.ljcdn.com/110000-inspection/pc1_hvFoP3bib_1.jpg!m_fill,w_280,h_210,f_jpg?from=ke.com
20240815,丰台,丰台其它,101119901142,房子户型方正楼层好采光充足视野开阔诚心出售,255万,29969元/平,低楼层 (共21层) | 2017年 | 3室1厅 | 85.09平米 | 南 北,https://ke-image.ljcdn.com/110000-inspection/pc1_THQZomZFB_1.jpg!m_fill,w_280,h_210,f_jpg?from=ke.com
20240815,丰台,丰台其它,101119848789,满二年  商品房  高楼层  采光好 没有户口 没有抵押,199万,27962元/平,高楼层 (共17层) | 2013年 | 2室1厅 | 71.17平米 | 南 北,https://ke-image.ljcdn.com/110000-inspection/pc1_VoK7U1i2F_1.jpg!m_fill,w_280,h_210,f_jpg?from=ke.com
20240815,丰台,丰台其它,101119841897,云岗南区西里  满五唯一 南北通透 两居室,230万,43380元/平,顶层 (共6层) 2室1厅 | 53.02平米 | 南 北,https://ke-image.ljcdn.com/110000-inspection/pc1_P6IUby5lf_1.jpg!m_fill,w_280,h_210,f_jpg?from=ke.com
20240815,丰台,丰台其它,101119796961,崔村一里2002年商品房南北通透中间楼层,275万,32739元/平,中楼层 (共6层) | 2002年 | 2室1厅 | 84平米 | 南 北,https://ke-image.ljcdn.com/110000-inspection/pc1_c85JiuUsk_2.jpg!m_fill,w_280,h_210,f_jpg?from=ke.com
20240815,丰台,丰台其它,101119719004,园博嘉园小区  正规两居室  高楼层 前后没有遮挡,418万,47495元/平,顶层 (共15层) | 2014年 | 2室1厅 | 88.01平米 | 南 北,https://ke-image.ljcdn.com/110000-inspection/pc1_yZCVJQmZ5_1.jpg!m_fill,w_280,h_210,f_jpg?from=ke.com
20240815,丰台,丰台其它,101119714495,杜家坎小区 2室1厅 西南,248万,33733元/平,中楼层 (共6层) 2室1厅 | 73.52平米 | 西南,https://ke-image.ljcdn.com/110000-inspection/pc1_S6EzsZexn_1.jpg!m_fill,w_280,h_210,f_jpg?from=ke.com
20240815,丰台,丰台其它,101119692666,中体奥林匹克花园二期 3室2厅 南 北,660万,48225元/平,顶层 (共6层) 3室2厅 | 136.86平米 | 南 北,https://ke-image.ljcdn.com/110000-inspection/pc1_dmAD90hP5_1.jpg!m_fill,w_280,h_210,f_jpg?from=ke.com
20240815,丰台,丰台其它,101119664286,建设三里 南北通透两居室 楼层好 视野开阔,149万,23982元/平,中楼层 (共6层) 2室1厅 | 62.13平米 | 南 北,https://ke-image.ljcdn.com/110000-inspection/pc1_OUnshUi7i.jpg!m_fill,w_280,h_210,f_jpg?from=ke.com
20240815,丰台,丰台其它,101119513614,建设三里 2室1厅 南 北,146万,26133元/平,高楼层 (共6层) 2室1厅 | 55.87平米 | 南 北,https://ke-image.ljcdn.com/110000-inspection/pc1_8mHdkTVcH_1.jpg!m_fill,w_280,h_210,f_jpg?from=ke.com
20240815,丰台,丰台其它,101119485895,满五年唯一边户户型方正没有浪费南北通透,305万,31499元/平,高楼层 (共6层) | 2007年 | 3室2厅 | 96.83平米 | 南 北,https://ke-image.ljcdn.com/110000-inspection/pc1_c3KHzRwrJ.jpg!m_fill,w_280,h_210,f_jpg?from=ke.com
20240815,丰台,丰台其它,101119459268,汤泉墅6层电梯花园洋房 南北通透四居室  精装修,680万,42250元/平,低楼层 (共6层) | 2011年 | 4室2厅 | 160.95平米 | 南 北,https://ke-image.ljcdn.com/110000-inspection/8ebdb278-8fa8-45e2-af82-44790e9abb52_1000.jpg!m_fill,w_280,h_210,f_jpg?from=ke.com
20240815,丰台,丰台其它,101119401041,建设二里 2室1厅 南,125万,22330元/平,中楼层 (共6层) 2室1厅 | 55.98平米 | 南,https://ke-image.ljcdn.com/110000-inspection/pc1_5OSeDftcI.jpg!m_fill,w_280,h_210,f_jpg?from=ke.com
20240815,丰台,丰台其它,101119329874,珠光逸景二期 南向 精装 电梯两居,310万,38673元/平,低楼层 (共6层) | 2014年 | 2室1厅 | 80.16平米 | 南,https://ke-image.ljcdn.com/110000-inspection/pc1_amtfcAXma_1.jpg!m_fill,w_280,h_210,f_jpg?from=ke.com
20240815,丰台,丰台其它,101119317866,光明里小区该房子南北通透高楼层无遮挡采光充足,220万,28019元/平,高楼层 (共6层) 2室1厅 | 78.52平米 | 南 北,https://ke-image.ljcdn.com/110000-inspection/pc1_Zti9mEPIJ.jpg!m_fill,w_280,h_210,f_jpg?from=ke.com
20240815,丰台,丰台其它,101119312226,珠江御景 3室2厅 南 北房主自荐,468万,33650元/平,中楼层 (共6层) 3室2厅 | 139.08平米 | 南 北,https://ke-image.ljcdn.com/110000-inspection/pc1_jEAMxMHKC.jpg!m_fill,w_280,h_210,f_jpg?from=ke.com
20240815,丰台,丰台其它,101119242282,珠光逸景二期 3室1厅 南,360万,39127元/平,低楼层 (共6层) | 2014年 | 3室1厅 | 92.01平米 | 南,https://ke-image.ljcdn.com/110000-inspection/pc1_r7973JY4o_1.jpg!m_fill,w_280,h_210,f_jpg?from=ke.com
20240815,丰台,丰台其它,101119198498,玉皇庄小区中间好楼层满五年南北通透2居,145万,28009元/平,中楼层 (共6层) 2室1厅 | 51.77平米 | 南 北,https://ke-image.ljcdn.com/110000-inspection/pc1_srALo07hf_1.jpg!m_fill,w_280,h_210,f_jpg?from=ke.com
20240815,丰台,丰台其它,101119196874,精装修 自住保持好 温泉水直接入户洋房社区,360万,38470元/平,底层 (共6层) 3室1厅 | 93.58平米 | 南 北,https://ke-image.ljcdn.com/110000-inspection/pc1_UY5nNiEdC.jpg!m_fill,w_280,h_210,f_jpg?from=ke.com
20240815,丰台,丰台其它,101119102785,长辛店建设三里 全南向 两居室,152万,26468元/平,顶层 (共5层) 2室1厅 | 57.43平米 | 南,https://ke-image.ljcdn.com/110000-inspection/pc1_Dz5FmhRcg.jpg!m_fill,w_280,h_210,f_jpg?from=ke.com
20240815,丰台,丰台其它,101118990037,杜家坎 南北通透两居 中间层 采光好 满五年 诚心卖,179万,32641元/平,中楼层 (共6层) 2室1厅 | 54.84平米 | 南 北,https://ke-image.ljcdn.com/110000-inspection/pc1_0lhEO41PD_1.jpg!m_fill,w_280,h_210,f_jpg?from=ke.com
20240815,丰台,丰台其它,101118936205,2017年小区 环境好 停车方便 满二年 有钥匙 可贷款,220万,34067元/平,底层 (共18层) 2室1厅 | 64.58平米 | 南,https://ke-image.ljcdn.com/110000-inspection/pc1_3PFlTqjvZ_1.jpg!m_fill,w_280,h_210,f_jpg?from=ke.com
20240815,丰台,丰台其它,101118897239,熙悦天寰 次新房 明厨明卫 看房方便,550万,61570元/平,中楼层 (共8层) 3室1厅 | 89.33平米 | 南 北,https://ke-image.ljcdn.com/110000-inspection/pc1_cWCa1wOhk_1.jpg!m_fill,w_280,h_210,f_jpg?from=ke.com
20240815,丰台,丰台其它,101118889750,玉皇庄小区 正规两居室 诚心出售,160万,32324元/平,中楼层 (共6层) 2室1厅 | 49.5平米 | 东,https://ke-image.ljcdn.com/110000-inspection/pc1_IPBNOIbdM_1.jpg!m_fill,w_280,h_210,f_jpg?from=ke.com
20240815,丰台,丰台其它,101118883161,崔村一里小区环境好周围配套齐全,150万,26409元/平,中楼层 (共6层) 2室1厅 | 56.8平米 | 南 北,https://ke-image.ljcdn.com/110000-inspection/pc1_voTjQPzwT_1.jpg!m_fill,w_280,h_210,f_jpg?from=ke.com
20240815,丰台,丰台其它,101118881117,鑫园闻松台  全南两居室 价格优质  洋房社区,225万,27005元/平,底层 (共8层) 2室1厅 | 83.32平米 | 南,https://ke-image.ljcdn.com/110000-inspection/pc1_nCpTXVJin.jpg!m_fill,w_280,h_210,f_jpg?from=ke.com
20240815,丰台,丰台其它,101118870111,园博嘉园 无遮挡 采光好 诚心卖,269万,46548元/平,低楼层 (共15层) | 2016年 | 1室1厅 | 57.79平米 | 南,https://ke-image.ljcdn.com/110000-inspection/pc1_N6i3AqBWV.jpg!m_fill,w_280,h_210,f_jpg?from=ke.com
20240815,丰台,丰台其它,101118716969,张郭庄小区 1室1厅 南,185万,43326元/平,顶层 (共6层) | 1990年 | 1室1厅 | 42.7平米 | 南,https://ke-image.ljcdn.com/110000-inspection/pc1_dNSHLtVkX.jpg!m_fill,w_280,h_210,f_jpg?from=ke.com
20240815,丰台,丰台其它,101118687961,大灰厂小区 2室1厅 南 北,135万,21646元/平,中楼层 (共6层) 2室1厅 | 62.37平米 | 南 北,https://ke-image.ljcdn.com/110000-inspection/pc1_gGeJ8EHf9_1.jpg!m_fill,w_280,h_210,f_jpg?from=ke.com
20240815,丰台,丰台其它,101118686343,有电梯 南北通透三居 带飘窗 满五年唯一业主诚心出售,450万,35297元/平,低楼层 (共6层) 3室2厅 | 127.49平米 | 南 北,https://ke-image.ljcdn.com/110000-inspection/pc1_vzMzv6G0W_1.jpg!m_fill,w_280,h_210,f_jpg?from=ke.com
20240815,丰台,丰台其它,101118618081,红山郡房龄新南北户型通风好楼层高。采光好。,305万,35938元/平,高楼层 (共21层) | 2017年 | 3室1厅 | 84.87平米 | 南 北,https://ke-image.ljcdn.com/110000-inspection/pc1_ogaHE0InO_1.jpg!m_fill,w_280,h_210,f_jpg?from=ke.com
20240815,丰台,丰台其它,101118568193,红山郡 中间层 采光充足 业主诚心出售,140万,29034元/平,中楼层 (共21层) | 2017年 | 1室1厅 | 48.22平米 | 南,https://ke-image.ljcdn.com/110000-inspection/pc1_HUvxLy9TS_1.jpg!m_fill,w_280,h_210,f_jpg?from=ke.com
20240815,丰台,丰台其它,101118535097,珠江御景 中间楼层三居 双卫生间 带电梯客厅落地窗,505万,36334元/平,中楼层 (共6层) | 2006年 | 3室2厅 | 138.99平米 | 南 北,https://ke-image.ljcdn.com/110000-inspection/pc1_AE2LPTAlD_1.jpg!m_fill,w_280,h_210,f_jpg?from=ke.com
20240815,丰台,丰台其它,101118493629,地铁14号线首站 满五唯一南北通透 全明格局 婚房装修,168万,27362元/平,顶层 (共6层) 2室1厅 | 61.4平米 | 南 北,https://ke-image.ljcdn.com/110000-inspection/pc1_XAXn73RbS_1.jpg!m_fill,w_280,h_210,f_jpg?from=ke.com
20240815,丰台,丰台其它,101118456819,满五年唯一 精装 一层 南北 小区安静 不临街有钥匙,426万,49443元/平,底层 (共5层) 3室2厅 | 86.16平米 | 南 北,https://ke-image.ljcdn.com/110000-inspection/pc1_GNgVMpRi6_1.jpg!m_fill,w_280,h_210,f_jpg?from=ke.com
20240815,丰台,丰台其它,101118358946,建设三里新上两居室中间层南北通透楼龄新,195万,26359元/平,中楼层 (共6层) 2室1厅 | 73.98平米 | 南 北,https://ke-image.ljcdn.com/110000-inspection/pc1_5Q8KVjbpL_1.jpg!m_fill,w_280,h_210,f_jpg?from=ke.com
20240815,丰台,丰台其它,101118334913,汤泉墅 3室1厅 南 北,410万,42269元/平,高楼层 (共6层) 3室1厅 | 97平米 | 南 北,https://ke-image.ljcdn.com/110000-inspection/pc1_1KFQrXqFJ.jpg!m_fill,w_280,h_210,f_jpg?from=ke.com
20240815,丰台,丰台其它,101118232550,张郭庄小区 2室1厅 南 北,207万,26635元/平,顶层 (共6层) 2室1厅 | 77.72平米 | 南 北,https://ke-image.ljcdn.com/110000-inspection/pc1_Wu1rPzsEb_1.jpg!m_fill,w_280,h_210,f_jpg?from=ke.com
20240815,丰台,丰台其它,101118194857,园博嘉园低楼层精装修2015年房龄房源出售,490万,47125元/平,低楼层 (共15层) 2室1厅 | 103.98平米 | 西南 北,https://ke-image.ljcdn.com/110000-inspection/pc1_V4so9T7jp_1.jpg!m_fill,w_280,h_210,f_jpg?from=ke.com
20240815,丰台,丰台其它,101118183304,红山郡  南向一居室   采光好   中间楼层,160万,32587元/平,高楼层 (共17层) | 2017年 | 1室1厅 | 49.1平米 | 南,https://ke-image.ljcdn.com/110000-inspection/pc1_93HPPjHVW.jpg!m_fill,w_280,h_210,f_jpg?from=ke.com
20240815,丰台,丰台其它,101118157986,西山甲一号 开发商精装修南北通透四居五恒科技,820万,58543元/平,低楼层 (共18层) 4室2厅 | 140.07平米 | 南 北,https://ke-image.ljcdn.com/110000-inspection/pc1_zhJj2la63.jpg!m_fill,w_280,h_210,f_jpg?from=ke.com
20240815,丰台,丰台其它,101118124820,西山甲一号 精装3居室 南北通透 带电梯 两梯两户业主,685万,57899元/平,高楼层 (共17层) 3室2厅 | 118.31平米 | 南 北,https://ke-image.ljcdn.com/110000-inspection/pc1_pIoLOIl3v_1.jpg!m_fill,w_280,h_210,f_jpg?from=ke.com
20240815,丰台,丰台其它,101118116766,西山甲一号 4室2厅 南 北,890万,62602元/平,高楼层 (共19层) 4室2厅 | 142.17平米 | 南 北,https://ke-image.ljcdn.com/110000-inspection/pc1_cISjtDpwR_1.jpg!m_fill,w_280,h_210,f_jpg?from=ke.com
20240815,丰台,丰台其它,101118033970,红山郡 3室1厅 南 北,315万,37116元/平,中楼层 (共21层) 3室1厅 | 84.87平米 | 南 北,https://ke-image.ljcdn.com/110000-inspection/pc1_BsnUgqCQ6_1.jpg!m_fill,w_280,h_210,f_jpg?from=ke.com
20240815,丰台,丰台其它,101118028670,珠光逸景二期南北通透低楼层采光好通风好。,325万,41249元/平,底层 (共6层) | 2014年 | 2室1厅 | 78.79平米 | 南 北,https://ke-image.ljcdn.com/110000-inspection/pc1_8ARBY1q7p_1.jpg!m_fill,w_280,h_210,f_jpg?from=ke.com
20240815,丰台,丰台其它,101118018958,杜家坎44号院小区环境好绿化好,349万,56822元/平,底层 (共5层) 2室1厅 | 61.42平米 | 南,https://ke-image.ljcdn.com/110000-inspection/pc1_pioNNE6je_1.jpg!m_fill,w_280,h_210,f_jpg?from=ke.com
20240815,丰台,丰台其它,101118006797,东山坡一里两居室 满五唯一 诚心出售,188万,32137元/平,顶层 (共6层) 2室1厅 | 58.5平米 | 东 西,https://ke-image.ljcdn.com/110000-inspection/pc1_Icm2jPtnz.jpg!m_fill,w_280,h_210,f_jpg?from=ke.com
20240815,丰台,丰台其它,101117941300,珠光逸景二期  满五唯一 13年 南向一居,200万,36108元/平,中楼层 (共6层) | 2013年 | 1室1厅 | 55.39平米 | 南,https://ke-image.ljcdn.com/110000-inspection/pc1_o9umozvYx.jpg!m_fill,w_280,h_210,f_jpg?from=ke.com
20240815,丰台,丰台其它,101117764115,东山坡三里 正规两居室 精装修,279万,27671元/平,中楼层 (共6层) 2室1厅 | 100.83平米 | 南 北,https://ke-image.ljcdn.com/110000-inspection/pc1_abD8tQxAn_1.jpg!m_fill,w_280,h_210,f_jpg?from=ke.com
20240815,丰台,丰台其它,101117677892,张郭庄小区 一层两居 满五年唯一 适合老人或者不爬楼,259万,33325元/平,底层 (共6层) 2室1厅 | 77.72平米 | 南 北,https://ke-image.ljcdn.com/110000-inspection/pc1_YoRAohwAe_1.jpg!m_fill,w_280,h_210,f_jpg?from=ke.com
20240815,丰台,丰台其它,101117645991,西山甲一号精装4居室次新房纯商品房小区,910万,64008元/平,低楼层 (共19层) 4室2厅 | 142.17平米 | 南 北,https://ke-image.ljcdn.com/110000-inspection/pc1_nugbVw5vU.jpg!m_fill,w_280,h_210,f_jpg?from=ke.com
20240815,丰台,丰台其它,101117630515,中体奥林匹克花园一期 3室2厅 南 北,475万,35528元/平,高楼层 (共6层) 3室2厅 | 133.7平米 | 南 北,https://ke-image.ljcdn.com/110000-inspection/pc1_31RSrQFqj_1.jpg!m_fill,w_280,h_210,f_jpg?from=ke.com
20240815,丰台,丰台其它,101117544629,张郭庄小区 南北通透两居室 户型方方正正无浪费,185万,28375元/平,顶层 (共6层) | 1987年 | 2室1厅 | 65.2平米 | 南 北,https://ke-image.ljcdn.com/110000-inspection/pc1_e6SGoiPhX_1.jpg!m_fill,w_280,h_210,f_jpg?from=ke.com
20240815,丰台,丰台其它,101117372277,熙悦天寰 3室1厅 南 北,505万,56659元/平,高楼层 (共9层) 3室1厅 | 89.13平米 | 南 北,https://ke-image.ljcdn.com/110000-inspection/pc1_lh3ZtNqce.jpg!m_fill,w_280,h_210,f_jpg?from=ke.com
20240815,丰台,丰台其它,101117184751,长馨园 楼龄新 电梯房 南向采光足 两居室 随时看房,220万,31533元/平,中楼层 (共16层) | 2013年 | 2室1厅 | 69.77平米 | 南,https://ke-image.ljcdn.com/110000-inspection/0dfc5b66-734b-4681-8087-958cf274fba1_1000.jpg!m_fill,w_280,h_210,f_jpg?from=ke.com
20240815,丰台,丰台其它,101117173364,东山坡二里  精装修 两居室  视野好房主自荐,168万,35074元/平,顶层 (共5层) 1室1厅 | 47.9平米 | 东,https://ke-image.ljcdn.com/110000-inspection/pc1_CrqsSH3cZ_1.jpg!m_fill,w_280,h_210,f_jpg?from=ke.com
20240815,丰台,丰台其它,101117079137,汤泉墅三居室中高楼层采光好南北通透,390万,40240元/平,中楼层 (共6层) | 2011年 | 3室1厅 | 96.92平米 | 南 北,https://ke-image.ljcdn.com/110000-inspection/pc1_E2qeKmdVB.jpg!m_fill,w_280,h_210,f_jpg?from=ke.com
20240815,丰台,丰台其它,101116997667,花园北里 2室1厅 南 北,189万,30053元/平,顶层 (共6层) 2室1厅 | 62.89平米 | 南 北,https://ke-image.ljcdn.com/110000-inspection/pc1_VMwCObBhE_1.jpg!m_fill,w_280,h_210,f_jpg?from=ke.com
20240815,丰台,丰台其它,101116964116,花园北里 户型方正  精装 三居,200万,29198元/平,高楼层 (共6层) 3室1厅 | 68.5平米 | 东 南 西,https://ke-image.ljcdn.com/110000-inspection/a6cf7fa9-74df-47c6-b10a-2c483e01b4b6_1000.jpg!m_fill,w_280,h_210,f_jpg?from=ke.com
20240815,丰台,丰台其它,101116953148,珠光逸景二期 13年  卫生间带窗户  南北三居,356万,39031元/平,底层 (共6层) | 2014年 | 3室1厅 | 91.21平米 | 南 北,https://ke-image.ljcdn.com/110000-inspection/pc1_BnmNy3N1b_1.jpg!m_fill,w_280,h_210,f_jpg?from=ke.com
20240815,丰台,丰台其它,101116899256,东山坡一里 2室1厅 东,159万,30286元/平,顶层 (共6层) 2室1厅 | 52.5平米 | 东,https://ke-image.ljcdn.com/110000-inspection/4cea50c8-e73e-4c64-bfa2-316688ab4381_1000.jpg!m_fill,w_280,h_210,f_jpg?from=ke.com
20240815,丰台,丰台其它,101116895596,建设三里采光无遮挡业主诚心出售。,139万,22373元/平,高楼层 (共6层) 2室1厅 | 62.13平米 | 南 北,https://ke-image.ljcdn.com/110000-inspection/pc1_RO6ztGMW1_1.jpg!m_fill,w_280,h_210,f_jpg?from=ke.com
20240815,丰台,丰台其它,101116799533,园博付 2014年商品房 科技住宅,1490万,57262元/平,低楼层 (共19层) | 2014年 | 5室2厅 | 260.21平米 | 南 北,https://ke-image.ljcdn.com/110000-inspection/pc1_cZTYyCOyR_1.jpg!m_fill,w_280,h_210,f_jpg?from=ke.com
20240815,丰台,丰台其它,101116575895,卢西嘉园南北通透两居室低楼层上下楼方便,282万,36359元/平,低楼层 (共6层) | 2007年 | 2室1厅 | 77.56平米 | 南 北,https://ke-image.ljcdn.com/110000-inspection/pc1_3YLbAkTWD_1.jpg!m_fill,w_280,h_210,f_jpg?from=ke.com
20240815,丰台,丰台其它,101116315092,大灰厂小区  南北通透 中间层两居,120万,21622元/平,中楼层 (共6层) | 1980年 | 2室1厅 | 55.5平米 | 南 北,https://ke-image.ljcdn.com/110000-inspection/3555a7b1-7236-4977-90ef-1d6558d6e359_1000.jpg!m_fill,w_280,h_210,f_jpg?from=ke.com
20240815,丰台,丰台其它,101116117220,杜家坎44号院  有钥匙 随时可看 诚心出售,238万,30667元/平,低楼层 (共6层) 3室1厅 | 77.61平米 | 南 北,https://ke-image.ljcdn.com/110000-inspection/3f6941d3-58d3-4ca1-a966-ba189c930c46_1000.jpg!m_fill,w_280,h_210,f_jpg?from=ke.com
20240815,丰台,丰台其它,101116094901,张郭庄小区 南向中间层两居 精装修 户型方方正正,168万,30826元/平,中楼层 (共6层) | 1983年 | 2室1厅 | 54.5平米 | 南,https://ke-image.ljcdn.com/110000-inspection/pc1_DwqO1iUVJ_1.jpg!m_fill,w_280,h_210,f_jpg?from=ke.com
20240815,丰台,丰台其它,101115870926,张郭庄小区低楼层适合有老人孩子家庭,179万,32845元/平,低楼层 (共6层) | 1987年 | 2室1厅 | 54.5平米 | 南,https://ke-image.ljcdn.com/110000-inspection/pc1_SxvjlDIBV_1.jpg!m_fill,w_280,h_210,f_jpg?from=ke.com
20240815,丰台,丰台其它,101115812595,南宫迎宾路33号院一区精装花园洋房,370万,38611元/平,低楼层 (共6层) | 2011年 | 3室1厅 | 95.83平米 | 南 北,https://ke-image.ljcdn.com/110000-inspection/pc1_OCUzSKyjk.jpg!m_fill,w_280,h_210,f_jpg?from=ke.com
20240815,丰台,丰台其它,101115766965,长辛店建设三里满五年唯一精装修,130万,22637元/平,高楼层 (共6层) 2室1厅 | 57.43平米 | 南,https://ke-image.ljcdn.com/110000-inspection/pc1_Lq5oRLnH4_1.jpg!m_fill,w_280,h_210,f_jpg?from=ke.com
20240815,丰台,丰台其它,101115669991,长辛店 花园北里 低楼层 96年 南北通透两居室,199万,31643元/平,低楼层 (共6层) | 1996年 | 2室1厅 | 62.89平米 | 南 北,https://ke-image.ljcdn.com/110000-inspection/d3223774-8470-498f-8ba8-a15d9e88ed7a_1000.jpg!m_fill,w_280,h_210,f_jpg?from=ke.com
20240815,丰台,丰台其它,101115199377,张郭庄小区 南北通透 低楼层两居 户型方方正正 诚信卖,280万,36027元/平,底层 (共6层) | 1998年 | 2室1厅 | 77.72平米 | 南 北,https://ke-image.ljcdn.com/110000-inspection/pc1_4lC3LOLOf_1.jpg!m_fill,w_280,h_210,f_jpg?from=ke.com
20240815,丰台,丰台其它,101114952530,玉皇庄小区 南北通透两居室 看房随时,190万,36504元/平,高楼层 (共6层) | 2001年 | 2室1厅 | 52.05平米 | 南 北,https://ke-image.ljcdn.com/110000-inspection/pc1_zxJ7tXskO.jpg!m_fill,w_280,h_210,f_jpg?from=ke.com
20240815,丰台,丰台其它,101114772360,园博府 满五年唯一 南北通透 格局好 精装修,1600万,61748元/平,低楼层 (共19层) | 2014年 | 4室2厅 | 259.12平米 | 南 北,https://ke-image.ljcdn.com/110000-inspection/23a30951-ba47-4630-aae3-3d37b8bf5be9_1000.jpg!m_fill,w_280,h_210,f_jpg?from=ke.com
20240815,丰台,丰台其它,101114731380,珠江御景南北通透无人行车道带私密花园南向！房主自荐,505万,36706元/平,底层 (共6层) | 2006年 | 3室2厅 | 137.58平米 | 南 北,https://ke-image.ljcdn.com/110000-inspection/pc1_e5Nj3OdyI.jpg!m_fill,w_280,h_210,f_jpg?from=ke.com
20240815,丰台,丰台其它,101114689670,鑫博西路4号院看房随时精装修产权清晰诚心出售,280万,36920元/平,低楼层 (共21层) | 2017年 | 2室1厅 | 75.84平米 | 南,https://ke-image.ljcdn.com/110000-inspection/d04beb1b-c51b-4fb8-aa18-d76b9edd0c36_1000.jpg!m_fill,w_280,h_210,f_jpg?from=ke.com
20240815,丰台,丰台其它,101114289973,园博府满五年唯一大五居 南北通透格局好,1630万,62642元/平,低楼层 (共18层) | 2014年 | 4室2厅 | 260.21平米 | 南 北,https://ke-image.ljcdn.com/110000-inspection/pc1_V5el7ypNz_1.jpg!m_fill,w_280,h_210,f_jpg?from=ke.com
20240815,丰台,丰台其它,101114209985,中体奥林匹克花园二期满五年精装修,850万,37658元/平,底层 (共4层) | 2008年 | 4室3厅 | 225.72平米 | 南 北,https://ke-image.ljcdn.com/110000-inspection/a15eb2cc-e1cd-4fbb-960c-0ccdd0d0c568_1000.jpg!m_fill,w_280,h_210,f_jpg?from=ke.com
20240815,丰台,丰台其它,101114075900,玉皇庄小区 楼层好 满五年唯一,186万,33179元/平,中楼层 (共6层) | 1985年 | 2室1厅 | 56.06平米 | 南 北,https://ke-image.ljcdn.com/110000-inspection/pc1_63NxLIqPW_1.jpg!m_fill,w_280,h_210,f_jpg?from=ke.com
20240815,丰台,丰台其它,101113921871,长辛店花园北里 满五不唯一 南向两居房主自荐,126万,25150元/平,高楼层 (共6层) 2室1厅 | 50.1平米 | 南,https://ke-image.ljcdn.com/110000-inspection/pc1_B3zA0OAoD_1.jpg!m_fill,w_280,h_210,f_jpg?from=ke.com
20240815,丰台,丰台其它,101113805843,建设一里 满五年 南北采光好 低楼层,185万,28638元/平,低楼层 (共6层) 2室1厅 | 64.6平米 | 南 北,https://ke-image.ljcdn.com/110000-inspection/pc1_mb6LX22ix_1.jpg!m_fill,w_280,h_210,f_jpg?from=ke.com
20240815,丰台,丰台其它,101113734998,长辛店崔村二里 满五唯一 集中供暖,149万,23678元/平,顶层 (共5层) 2室1厅 | 62.93平米 | 北 南,https://ke-image.ljcdn.com/110000-inspection/pc1_Pkccauqrh_1.jpg!m_fill,w_280,h_210,f_jpg?from=ke.com
20240815,丰台,丰台其它,101113060020,张郭庄小区满五唯一南北通透三居配套齐全,188万,29148元/平,高楼层 (共6层) 3室1厅 | 64.5平米 | 南 北,https://ke-image.ljcdn.com/110000-inspection/pc1_sqfqqwII1_1.jpg!m_fill,w_280,h_210,f_jpg?from=ke.com
20240815,丰台,丰台其它,101112510489,东三坡三里 2002年小区 南北通透 采光好,317万,26012元/平,顶层 (共6层) | 2002年 | 2室2厅 | 121.87平米 | 南 北,https://ke-image.ljcdn.com/110000-inspection/pc1_RSlf6owzr_1.jpg!m_fill,w_280,h_210,f_jpg?from=ke.com
20240815,丰台,丰台其它,101112261030,张郭庄小区   南北两居室  精装修  满五年唯一住房,185万,32571元/平,高楼层 (共6层) | 1990年 | 2室1厅 | 56.8平米 | 南 北,https://ke-image.ljcdn.com/110000-inspection/pc1_7tbiKxNdf_1.jpg!m_fill,w_280,h_210,f_jpg?from=ke.com
20240815,丰台,丰台其它,101111113186,西山甲一号 精装修 南北四居室 五恒科技住宅,825万,59671元/平,低楼层 (共13层) | 2019年 | 4室2厅 | 138.26平米 | 南 北,https://ke-image.ljcdn.com/110000-inspection/pc1_eepWLqD6V_1.jpg!m_fill,w_280,h_210,f_jpg?from=ke.com
20240815,丰台,丰台其它,101110024996,玉皇庄小区  南北向正规两居室 中间楼层,158万,25679元/平,中楼层 (共6层) 2室1厅 | 61.53平米 | 南 北,https://ke-image.ljcdn.com/110000-inspection/pc1_WQD5dts7t_1.jpg!m_fill,w_280,h_210,f_jpg?from=ke.com
20240815,丰台,丰台其它,101126027640,商品房满五唯一好楼层南北通透有钥匙随时看房。,278万,34027元/平,低楼层 (共6层) 2室1厅 | 81.7平米 | 南 北,https://ke-image.ljcdn.com/110000-inspection/pc1_s7S8Asv4s.jpg!m_fill,w_280,h_210,f_jpg?from=ke.com
20240815,丰台,丰台其它,101125967382,永兴里  房子户型好前后无遮挡采光通风好新上,119万,23565元/平,顶层 (共6层) 2室1厅 | 50.5平米 | 西 北,https://ke-image.ljcdn.com/110000-inspection/pc1_2sc77ToLK_1.jpg!m_fill,w_280,h_210,f_jpg?from=ke.com
20240815,丰台,丰台其它,101125959675,正对着小区的景观带视野好中间楼层新上,600万,40424元/平,中楼层 (共6层) | 2017年 | 3室2厅 | 148.43平米 | 东 西,https://ke-image.ljcdn.com/110000-inspection/cf0c9a69-4a5a-4f0b-b6fc-25f64ad92200_1000.jpg!m_fill,w_280,h_210,f_jpg?from=ke.com
20240815,丰台,丰台其它,101125955101,一梯两户户型方正双阳台使用空间大三阳开泰户新上,595万,46869元/平,中楼层 (共6层) | 2021年 | 4室2厅 | 126.95平米 | 南 北,https://ke-image.ljcdn.com/110000-inspection/pc1_8WeKQTqDj.jpg!m_fill,w_280,h_210,f_jpg?from=ke.com
20240815,丰台,丰台其它,101125954385,有车位位置好楼层好精装修诚意出售价格可谈新上,758万,40479元/平,中楼层 (共5层) 4室2厅 | 187.26平米 | 南 北,https://ke-image.ljcdn.com/110000-inspection/pc1_1HLFxGbOf.jpg!m_fill,w_280,h_210,f_jpg?from=ke.com
20240815,丰台,丰台其它,101125953776,5.0米的客厅面宽8.2米挑空东边户私家电梯新上,900万,32080元/平,中楼层 (共4层) | 2016年 | 5室3厅 | 280.55平米 | 东 南 北,https://ke-image.ljcdn.com/110000-inspection/pc1_lomqF2FbE_1.jpg!m_fill,w_280,h_210,f_jpg?from=ke.com
20240815,丰台,丰台其它,101125953605,领秀翡翠山A区  正规三居室 中间层 位置好新上,560万,34948元/平,低楼层 (共6层) 3室2厅 | 160.24平米 | 南 北,https://ke-image.ljcdn.com/110000-inspection/pc1_RDRGMlFQd.jpg!m_fill,w_280,h_210,f_jpg?from=ke.com
20240815,丰台,丰台其它,101125948150,燕西华府 4室2厅 南 北新上,1200万,49050元/平,底层 (共4层) | 2017年 | 4室2厅 | 244.65平米 | 南 北,https://ke-image.ljcdn.com/110000-inspection/pc1_unbucP07T_2.jpg!m_fill,w_280,h_210,f_jpg?from=ke.com
20240815,丰台,丰台其它,101125946796,位置好不临街楼层好次顶层边户型阳台多新上,630万,40372元/平,高楼层 (共6层) 3室2厅 | 156.05平米 | 南 西 北,https://ke-image.ljcdn.com/110000-inspection/pc1_2hUZoNscu_2.jpg!m_fill,w_280,h_210,f_jpg?from=ke.com
20240815,丰台,丰台其它,101125941510,燕西华府 8室1厅 南 北新上,2480万,44130元/平,底层 (共3层) | 2013年 | 8室1厅 | 561.98平米 | 南 北,https://ke-image.ljcdn.com/110000-inspection/pc1_WcBAsrvOZ.jpg!m_fill,w_280,h_210,f_jpg?from=ke.com
20240815,丰台,丰台其它,101125930735,领秀翡翠山B区 6室3厅 南 北新上,1510万,56139元/平,底层 (共3层) 6室3厅 | 268.98平米 | 南 北,https://ke-image.ljcdn.com/110000-inspection/pc1_VKHOeJiOM.jpg!m_fill,w_280,h_210,f_jpg?from=ke.com
20240815,丰台,丰台其它,101125914375,燕西华府 6室3厅 南 东新上,930万,36168元/平,底层 (共3层) | 2020年 | 6室3厅 | 257.14平米 | 南 东,https://ke-image.ljcdn.com/110000-inspection/d6721abe-7709-4eb0-9244-7b653213ad1a_1000.jpg!m_fill,w_280,h_210,f_jpg?from=ke.com
20240815,丰台,丰台其它,101125910003,领秀翡翠山A区东边户大花园中间楼栋位置好新上,990万,44227元/平,底层 (共6层) | 2014年 | 5室2厅 | 223.85平米 | 南 北 东,https://ke-image.ljcdn.com/110000-inspection/ca3224ec-fc3f-48a8-99b3-6d9b025e83c6_1000.jpg!m_fill,w_280,h_210,f_jpg?from=ke.com
20240815,丰台,丰台其它,101125885398,领秀翡翠山A区 婚房 精装 三居两位 视野好新上,540万,37608元/平,中楼层 (共6层) 3室1厅 | 143.59平米 | 东 西,https://ke-image.ljcdn.com/110000-inspection/27db8c1d-21c5-4262-ba34-0bd7b76836e6_1000.jpg!m_fill,w_280,h_210,f_jpg?from=ke.com
20240815,丰台,丰台其它,101125882398,燕西华府 联排别墅 两个车位  带电梯 精致装修新上,1300万,36148元/平,底层 (共3层) 6室4厅 | 359.64平米 | 南 北,https://ke-image.ljcdn.com/110000-inspection/93e17dbb-71a0-4850-8df7-1b7dee76e85e_1000.jpg!m_fill,w_280,h_210,f_jpg?from=ke.com
20240815,丰台,丰台其它,101125881741,大灰厂建材化工厂1-3号宿舍楼新上,135万,29221元/平,底层 (共6层) 2室1厅 | 46.2平米 | 南 北,https://ke-image.ljcdn.com/110000-inspection/pc1_icwiIDB7r_1.jpg!m_fill,w_280,h_210,f_jpg?from=ke.com
20240815,丰台,丰台其它,101125875769,双首层复式结构空间两层的花园采光好新上,890万,36188元/平,底层 (共6层) 5室3厅 | 245.94平米 | 东 南 北,https://ke-image.ljcdn.com/110000-inspection/pc1_4EcpwvPJq.jpg!m_fill,w_280,h_210,f_jpg?from=ke.com
20240815,丰台,丰台其它,101125871468,燕西华府精装复式好房一天没住过诚意出售,500万,52566元/平,顶层 (共6层) 4室2厅 | 95.12平米 | 东 西,https://ke-image.ljcdn.com/110000-inspection/4fef9b8f-9cc2-4095-90dd-b8756592b2e5_1000.jpg!m_fill,w_280,h_210,f_jpg?from=ke.com
20240815,丰台,丰台其它,101125861890,小区中间位置北面为小区水系南面不临街西边户。,800万,34224元/平,中楼层 (共4层) 4室2厅 | 233.76平米 | 南 北,https://ke-image.ljcdn.com/110000-inspection/18a17488-413a-4bc7-8639-96283d8bc75b_1000.jpg!m_fill,w_280,h_210,f_jpg?from=ke.com
20240815,丰台,丰台其它,101125843846,大灰厂小区 房子户型好南北通透采光充足,140万,22494元/平,顶层 (共6层) 2室1厅 | 62.24平米 | 南 北,https://ke-image.ljcdn.com/110000-inspection/pc1_c2p0nuDa3_1.jpg!m_fill,w_280,h_210,f_jpg?from=ke.com
20240815,丰台,丰台其它,101125818970,崔村二里房子南北通透业主诚心出售,118万,23719元/平,顶层 (共5层) 2室1厅 | 49.75平米 | 南 北,https://ke-image.ljcdn.com/110000-inspection/pc1_siQbGFHBr.jpg!m_fill,w_280,h_210,f_jpg?from=ke.com
20240815,丰台,丰台其它,101125799425,汤泉墅 精装修 顶层复式 采光好,395万,42237元/平,顶层 (共6层) | 2011年 | 3室1厅 | 93.52平米 | 南 北,https://ke-image.ljcdn.com/110000-inspection/pc1_yppc9ASlL_1.jpg!m_fill,w_280,h_210,f_jpg?from=ke.com
20240815,丰台,丰台其它,101125785971,燕西华府 5室3厅 南 北,1000万,26829元/平,底层 (共3层) | 2013年 | 5室3厅 | 372.74平米 | 南 北,https://ke-image.ljcdn.com/110000-inspection/pc1_RRlPaIl42_2.jpg!m_fill,w_280,h_210,f_jpg?from=ke.com
20240815,丰台,丰台其它,101125761983,汤泉墅 3室1厅 南 北,390万,48897元/平,顶层 (共6层) | 2011年 | 3室1厅 | 79.76平米 | 南 北,https://ke-image.ljcdn.com/110000-inspection/pc1_e4E6gZEKV.jpg!m_fill,w_280,h_210,f_jpg?from=ke.com
20240815,丰台,丰台其它,101125751851,领秀翡翠山A区 花园洋房 低密住宅,598万,40778元/平,顶层 (共6层) 4室1厅 | 146.65平米 | 南 北,https://ke-image.ljcdn.com/110000-inspection/pc1_XHFun5lNs_2.jpg!m_fill,w_280,h_210,f_jpg?from=ke.com
20240815,丰台,丰台其它,101125746515,汤泉墅地上1-2层的精装修下叠可单独入户南北房主自荐,730万,36229元/平,底层 (共5层) | 2015年 | 4室2厅 | 201.5平米 | 南 北,https://ke-image.ljcdn.com/110000-inspection/pc1_wK6UCppoS.jpg!m_fill,w_280,h_210,f_jpg?from=ke.com
20240815,丰台,丰台其它,101125726304,中奥嘉园二期 南向一居 诚心出售,148万,28261元/平,中楼层 (共9层) 1室1厅 | 52.37平米 | 南,https://ke-image.ljcdn.com/110000-inspection/pc1_jc2HUiM7O_1.jpg!m_fill,w_280,h_210,f_jpg?from=ke.com
20240815,丰台,丰台其它,101125719247,燕西华府 上叠别墅 有电梯 全新毛坯,860万,51705元/平,中楼层 (共4层) 2室2厅 | 166.33平米 | 南 北,https://ke-image.ljcdn.com/110000-inspection/pc1_e4HWtnn4D_1.jpg!m_fill,w_280,h_210,f_jpg?from=ke.com
20240815,丰台,丰台其它,101125699621,商品房 满两年 精装修 拎包入住 无抵押 产权清晰,1299万,38528元/平,中楼层 (共4层) | 2016年 | 6室2厅 | 337.16平米 | 南 北,https://ke-image.ljcdn.com/110000-inspection/pc1_M0RepM5AJ_2.jpg!m_fill,w_280,h_210,f_jpg?from=ke.com
20240815,丰台,丰台其它,101125698070,领秀翡翠山A区 4室2厅 南 北,1150万,50594元/平,中楼层 (共4层) | 2014年 | 4室2厅 | 227.3平米 | 南 北,https://ke-image.ljcdn.com/110000-inspection/pc1_cBvOM0G6e_1.jpg!m_fill,w_280,h_210,f_jpg?from=ke.com
20240815,丰台,丰台其它,101125697967,带两个车位双拼别墅三采光位置好视野开阔,2200万,49342元/平,底层 (共3层) | 2013年 | 6室3厅 | 445.87平米 | 南 西 北,https://ke-image.ljcdn.com/110000-inspection/pc1_nS3DJKTuA.jpg!m_fill,w_280,h_210,f_jpg?from=ke.com
20240815,丰台,丰台其它,101125697531,商品房满五唯一小区中间位置安静舒适集中供暖房主自荐,1038万,41317元/平,底层 (共4层) 4室1厅 | 251.23平米 | 南 北,https://ke-image.ljcdn.com/110000-inspection/pc1_uOySotFDf_1.jpg!m_fill,w_280,h_210,f_jpg?from=ke.com
20240815,丰台,丰台其它,101125697077,云岗西路28号院三区/山语城/中国铁建,555万,41614元/平,底层 (共6层) 3室2厅 | 133.37平米 | 南 北,https://ke-image.ljcdn.com/110000-inspection/pc1_S2aiDkUpI_2.jpg!m_fill,w_280,h_210,f_jpg?from=ke.com
20240815,丰台,丰台其它,101125691221,燕西华府C区别墅区联排、小区中间临近水系,1650万,46966元/平,底层 (共2层) 5室2厅 | 351.32平米 | 东 南 西 北,https://ke-image.ljcdn.com/110000-inspection/54b7fce1-4ef2-4456-9c34-b91035b913a0_1000.jpg!m_fill,w_280,h_210,f_jpg?from=ke.com
20240815,丰台,丰台其它,101125689880,燕西华府 精装三居室 中间层 集中供暖房主自荐,538万,44023元/平,中楼层 (共6层) 3室1厅 | 122.21平米 | 南 北,https://ke-image.ljcdn.com/110000-inspection/9415635d-a189-4486-904a-0a0192f7eb2a_1000.jpg!m_fill,w_280,h_210,f_jpg?from=ke.com
20240815,丰台,丰台其它,101125686899,山语城一区 满五唯一 正规三居室,600万,37934元/平,中楼层 (共6层) 4室2厅 | 158.17平米 | 南 北,https://ke-image.ljcdn.com/110000-inspection/pc1_8x4bWY3WM.jpg!m_fill,w_280,h_210,f_jpg?from=ke.com
20240815,丰台,丰台其它,101125684680,燕西华府 上叠别墅 位置好 大地下室房主自荐,950万,46886元/平,中楼层 (共4层) 4室2厅 | 202.62平米 | 南 北,https://ke-image.ljcdn.com/110000-inspection/pc1_ND80aXo1b_2.jpg!m_fill,w_280,h_210,f_jpg?from=ke.com
20240815,丰台,丰台其它,101125680276,园博府满五唯一商品房高楼层南北双通透视野,1490万,57170元/平,高楼层 (共19层) | 2014年 | 5室2厅 | 260.63平米 | 南 北,https://ke-image.ljcdn.com/110000-inspection/pc1_Tw6YQ9Bqz_1.jpg!m_fill,w_280,h_210,f_jpg?from=ke.com
20240815,丰台,丰台其它,101125679570,园博嘉园 2室1厅 南 北,445万,50823元/平,底层 (共15层) | 2014年 | 2室1厅 | 87.56平米 | 南 北,https://ke-image.ljcdn.com/110000-inspection/pc1_cjd64DXUM_1.jpg!m_fill,w_280,h_210,f_jpg?from=ke.com
20240815,丰台,丰台其它,101125674992,燕西华府样板间户型精装修可拎包入住 纯别墅区,1250万,33718元/平,底层 (共3层) | 2013年 | 6室3厅 | 370.73平米 | 南 北,https://ke-image.ljcdn.com/110000-inspection/pc1_htAaFbS0n_1.jpg!m_fill,w_280,h_210,f_jpg?from=ke.com
20240815,丰台,丰台其它,101125674982,燕西华府下叠户型 南边花园 楼间距大 看房方便,1030万,38537元/平,底层 (共4层) 5室3厅 | 267.28平米 | 南 北,https://ke-image.ljcdn.com/110000-inspection/pc1_UZFOdX6rC_2.jpg!m_fill,w_280,h_210,f_jpg?from=ke.com
20240815,丰台,丰台其它,101125672988,领秀翡翠山B区顶层复式在小区中间位置临小区水景,850万,49012元/平,顶层 (共5层) 5室3厅 | 173.43平米 | 南 西 北,https://ke-image.ljcdn.com/110000-inspection/9eb86aff-bc45-461a-b176-6503f49c519c_1000.jpg!m_fill,w_280,h_210,f_jpg?from=ke.com
20240815,丰台,丰台其它,101125669714,领秀翡翠山A区顶层精装复式 全明格局 诚意出售,650万,46783元/平,顶层 (共6层) 3室3厅 | 138.94平米 | 东 西,https://ke-image.ljcdn.com/110000-inspection/69432088-2388-4bd7-a98b-b89399b93cdc_1000.jpg!m_fill,w_280,h_210,f_jpg?from=ke.com
20240815,丰台,丰台其它,101125669706,燕西华府一层下跃层高3.3米纯毛坯楼间距大,530万,33384元/平,底层 (共5层) 2室2厅 | 158.76平米 | 南 北,https://ke-image.ljcdn.com/110000-inspection/3d180177-a493-41a0-9c53-8fa519c5814d_1000.jpg!m_fill,w_280,h_210,f_jpg?from=ke.com
20240815,丰台,丰台其它,101125669697,领秀翡翠山B区北通透 精装修一天未住 高品质之选,899万,48974元/平,中楼层 (共4层) 5室2厅 | 183.57平米 | 南 北,https://ke-image.ljcdn.com/110000-inspection/pc1_d3ydg8pP5_1.jpg!m_fill,w_280,h_210,f_jpg?from=ke.com
20240815,丰台,丰台其它,101125664582,领秀翡翠山A区顶层复式结构中间楼栋采光好,920万,52392元/平,顶层 (共4层) | 2014年 | 5室3厅 | 175.6平米 | 南 北,https://ke-image.ljcdn.com/110000-inspection/pc1_KdSzyLf05_1.jpg!m_fill,w_280,h_210,f_jpg?from=ke.com
20240815,丰台,丰台其它,101125662724,领秀翡翠山B区精装修一层下跃房源楼栋位置对水景,1260万,56614元/平,底层 (共4层) | 2015年 | 6室2厅 | 222.56平米 | 南 北,https://ke-image.ljcdn.com/110000-inspection/f64a28c2-ae03-40ca-b7f6-dfee61099788_1000.jpg!m_fill,w_280,h_210,f_jpg?from=ke.com
20240815,丰台,丰台其它,101125658252,燕西华府精装联排别墅楼栋位置好装修风格易接受,1200万,32373元/平,底层 (共3层) | 2013年 | 5室5厅 | 370.69平米 | 南 北,https://ke-image.ljcdn.com/110000-inspection/pc1_wyE1Q1TgU.jpg!m_fill,w_280,h_210,f_jpg?from=ke.com
20240815,丰台,丰台其它,101125657978,领秀翡翠山B区低密洋房小区环境好视野好通透户型,500万,33686元/平,低楼层 (共6层) | 2017年 | 3室2厅 | 148.43平米 | 东 西 北,https://ke-image.ljcdn.com/110000-inspection/d829bc48-55e9-49d8-9876-48d9c6f01098_1000.jpg!m_fill,w_280,h_210,f_jpg?from=ke.com
20240815,丰台,丰台其它,101125612027,燕西华府 电梯分户 精装修 次顶层 洋房,598万,42712元/平,高楼层 (共6层) 3室2厅 | 140.01平米 | 南 北,https://ke-image.ljcdn.com/110000-inspection/pc1_4Pep8cki1_1.jpg!m_fill,w_280,h_210,f_jpg?from=ke.com
20240815,丰台,丰台其它,101125611501,燕西华府 3室1厅 南 北,520万,42785元/平,低楼层 (共6层) 3室1厅 | 121.54平米 | 南 北,https://ke-image.ljcdn.com/110000-inspection/pc1_O1vp84u8S_1.jpg!m_fill,w_280,h_210,f_jpg?from=ke.com
20240815,丰台,丰台其它,101125611211,领秀翡翠山B区 4室2厅 南 北,898万,47476元/平,中楼层 (共5层) 4室2厅 | 189.15平米 | 南 北,https://ke-image.ljcdn.com/110000-inspection/pc1_R6UjRRRBC_2.jpg!m_fill,w_280,h_210,f_jpg?from=ke.com
20240815,丰台,丰台其它,101125609594,燕西华府南向一层无遮挡位置佳,210万,32308元/平,底层 (共6层) 1室1厅 | 65平米 | 南,https://ke-image.ljcdn.com/110000-inspection/a4f2b37d-6128-45ce-900f-0739f993a72b_1000.jpg!m_fill,w_280,h_210,f_jpg?from=ke.com
20240815,丰台,丰台其它,101125575247,燕西华府 2室2厅 南,308万,50817元/平,顶层 (共5层) 2室2厅 | 60.61平米 | 南,https://ke-image.ljcdn.com/110000-inspection/pc1_JTFI3lcBn_2.jpg!m_fill,w_280,h_210,f_jpg?from=ke.com
20240815,丰台,丰台其它,101125574136,领秀翡翠山A区 一层下跃 小区中间位置 高品质之选,900万,49879元/平,底层 (共6层) | 2014年 | 4室2厅 | 180.44平米 | 南 北,https://ke-image.ljcdn.com/110000-inspection/8e804d30-c5e2-4254-b537-e27573523936_1000.jpg!m_fill,w_280,h_210,f_jpg?from=ke.com
20240815,丰台,丰台其它,101125573404,燕西华府 5室2厅 南 北,850万,40882元/平,中楼层 (共4层) | 2016年 | 5室2厅 | 207.92平米 | 南 北,https://ke-image.ljcdn.com/110000-inspection/pc1_c2AVQFWCg.jpg!m_fill,w_280,h_210,f_jpg?from=ke.com
20240815,丰台,丰台其它,101125554251,永兴里小区地理位置好生活配套便利,157万,27248元/平,低楼层 (共6层) 2室1厅 | 57.62平米 | 南 北,https://ke-image.ljcdn.com/110000-inspection/pc1_E20aqQv46_1.jpg!m_fill,w_280,h_210,f_jpg?from=ke.com
20240815,丰台,丰台其它,101125514813,领秀翡翠山B区 大复式 上下两层 使用面积330平,827万,46566元/平,顶层 (共5层) 6室2厅 | 177.6平米 | 南 北,https://ke-image.ljcdn.com/110000-inspection/pc1_Kt73BZ6CI_2.jpg!m_fill,w_280,h_210,f_jpg?from=ke.com
20240815,丰台,丰台其它,101125505856,汤泉墅 1室1厅 南,189万,34584元/平,低楼层 (共6层) | 2011年 | 1室1厅 | 54.65平米 | 南,https://ke-image.ljcdn.com/110000-inspection/pc1_8SyySMY7o.jpg!m_fill,w_280,h_210,f_jpg?from=ke.com
20240815,丰台,丰台其它,101125496654,南宫雅苑一期 南北通透两居室 满五唯一 中间层,278万,34681元/平,中楼层 (共6层) 2室1厅 | 80.16平米 | 南 北,https://ke-image.ljcdn.com/110000-inspection/pc1_S06ysvsFK.jpg!m_fill,w_280,h_210,f_jpg?from=ke.com
20240815,丰台,丰台其它,101125477163,领秀翡翠山A区 上跃 全新毛坯房,798万,45729元/平,顶层 (共6层) | 2014年 | 5室1厅 | 174.51平米 | 南 北,https://ke-image.ljcdn.com/110000-inspection/pc1_A52wb0aH7.jpg!m_fill,w_280,h_210,f_jpg?from=ke.com
20240815,丰台,丰台其它,101125452373,90%满五10%不满二纯南朝向格局采光好,290万,33038元/平,顶层 (共6层) | 2015年 | 2室1厅 | 87.78平米 | 南,https://ke-image.ljcdn.com/110000-inspection/pc1_ixx35nd21.jpg!m_fill,w_280,h_210,f_jpg?from=ke.com
20240815,丰台,丰台其它,101125437039,中奥嘉园二期小区环境好安静不临街,175万,28760元/平,顶层 (共15层) 2室1厅 | 60.85平米 | 南 北,https://ke-image.ljcdn.com/110000-inspection/pc1_hjVECNppZ_1.jpg!m_fill,w_280,h_210,f_jpg?from=ke.com
20240815,丰台,丰台其它,101125416369,中体奥林匹克花园三期 3室2厅 南 北,738万,38408元/平,中楼层 (共5层) | 2009年 | 3室2厅 | 192.15平米 | 南 北,https://ke-image.ljcdn.com/110000-inspection/pc1_do0R0XHrU_1.jpg!m_fill,w_280,h_210,f_jpg?from=ke.com
20240815,丰台,丰台其它,101125405438,西山甲一号 恒温 恒湿 居住舒适 环境宜人,768万,54138元/平,低楼层 (共13层) 4室2厅 | 141.86平米 | 南 北,https://ke-image.ljcdn.com/110000-inspection/pc1_1hwshaFJH_1.jpg!m_fill,w_280,h_210,f_jpg?from=ke.com
20240815,丰台,丰台其它,101125374456,建设二里两居室明厨明卫朝南有阳台。,138万,25589元/平,顶层 (共6层) 2室1厅 | 53.93平米 | 南,https://ke-image.ljcdn.com/110000-inspection/pc1_61U1iaNV3_1.jpg!m_fill,w_280,h_210,f_jpg?from=ke.com
20240815,丰台,丰台其它,101125356116,珠光逸景一期 车位,18.5万,5068元/平,地下室 (共1层) | 2013年 | 1室0厅 | 36.51平米 | 东,https://ke-image.ljcdn.com/110000-inspection/pc1_24uAosGkx_1.jpg!m_fill,w_280,h_210,f_jpg?from=ke.com
20240815,丰台,丰台其它,101125350417,汤泉墅跃层户型 精装修大两居 满五唯一 临水系景观,298万,44799元/平,顶层 (共6层) | 2011年 | 2室1厅 | 66.52平米 | 南,https://ke-image.ljcdn.com/110000-inspection/pc1_j8aDAKTVH_2.jpg!m_fill,w_280,h_210,f_jpg?from=ke.com
20240815,丰台,丰台其它,101125331278,领秀翡翠山A区顶层复式精装修一天没住拎包入住房主自荐,800万,55303元/平,顶层 (共6层) 5室3厅 | 144.66平米 | 南 北,https://ke-image.ljcdn.com/110000-inspection/1040d48c-6196-448f-91d6-2cefbd92d05e_1000.jpg!m_fill,w_280,h_210,f_jpg?from=ke.com
20240815,丰台,丰台其它,101125322812,大灰厂小区该房朝南采光好业主诚心出售随时可签约,145万,31318元/平,底层 (共2层) 2室1厅 | 46.3平米 | 南,https://ke-image.ljcdn.com/110000-inspection/pc1_cA6qhsHpx_1.jpg!m_fill,w_280,h_210,f_jpg?from=ke.com
20240815,丰台,丰台其它,101125314268,燕西华府 一层带下跃  别墅区洋房,830万,29202元/平,底层 (共6层) 5室2厅 | 284.23平米 | 南 北,https://ke-image.ljcdn.com/110000-inspection/pc1_MetGQwc1N_2.jpg!m_fill,w_280,h_210,f_jpg?from=ke.com
20240815,丰台,丰台其它,101125313066,燕西华府联排别墅精装修小区中间位置私家电梯,1380万,38375元/平,底层 (共3层) 6室4厅 | 359.61平米 | 南 北,https://ke-image.ljcdn.com/110000-inspection/pc1_Igf0KAwYc_2.jpg!m_fill,w_280,h_210,f_jpg?from=ke.com
20240815,丰台,丰台其它,101125258229,买方只需承担契税满五唯一东边户卫生间有窗子,268万,32884元/平,低楼层 (共6层) | 2015年 | 2室1厅 | 81.5平米 | 东 南 北,https://ke-image.ljcdn.com/110000-inspection/pc1_ARbYGgF1P_1.jpg!m_fill,w_280,h_210,f_jpg?from=ke.com
20240815,丰台,丰台其它,101125244245,山语城一区 6室3厅 南 北,760万,54116元/平,顶层 (共6层) | 2012年 | 6室3厅 | 140.44平米 | 南 北,https://ke-image.ljcdn.com/110000-inspection/faf59979-3075-442f-8183-a2723ed87240_1000.jpg!m_fill,w_280,h_210,f_jpg?from=ke.com
20240815,丰台,丰台其它,101125239528,领秀翡翠山A区 车位,35万,9028元/平,地下室 (共4层) 1室0厅 | 38.77平米 | 南,https://ke-image.ljcdn.com/110000-inspection/pc1_44QkyEt4t.jpg!m_fill,w_280,h_210,f_jpg?from=ke.com
20240815,丰台,丰台其它,101125227436,领秀翡翠山A区 3室2厅 南 北房主自荐,630万,42960元/平,顶层 (共6层) | 2014年 | 3室2厅 | 146.65平米 | 南 北,https://ke-image.ljcdn.com/110000-inspection/pc1_NBrqkCPWH_2.jpg!m_fill,w_280,h_210,f_jpg?from=ke.com
20240815,丰台,丰台其它,101125220055,园博府 满五唯一 诚意卖看房方便 精装修,1500万,43519元/平,底层 (共19层) | 2014年 | 5室3厅 | 344.68平米 | 南 北,https://ke-image.ljcdn.com/110000-inspection/288e06ee-5039-4ea6-8cf6-b55f53366f36_1000.jpg!m_fill,w_280,h_210,f_jpg?from=ke.com
20240815,丰台,丰台其它,101125217701,商品房无抵押产权清新无遮挡采光好诚意出售房主自荐,560万,35457元/平,低楼层 (共6层) 4室2厅 | 157.94平米 | 南 北,https://ke-image.ljcdn.com/110000-inspection/pc1_cYqc3DVnr.jpg!m_fill,w_280,h_210,f_jpg?from=ke.com
20240815,丰台,丰台其它,101125210965,私家电梯两个车位精致装修能利用的空间得到充,1400万,39450元/平,底层 (共3层) | 2013年 | 5室3厅 | 354.88平米 | 南 北,https://ke-image.ljcdn.com/110000-inspection/b8217f4c-577d-479d-aa04-1e4d708dca82_1000.jpg!m_fill,w_280,h_210,f_jpg?from=ke.com
20240815,丰台,丰台其它,101125187418,南宫景苑/汤泉墅/南宫迎宾路号院房主自荐,608万,34729元/平,低楼层 (共6层) | 2015年 | 4室2厅 | 175.07平米 | 南 北,https://ke-image.ljcdn.com/110000-inspection/pc1_a2TYIKP39_1.jpg!m_fill,w_280,h_210,f_jpg?from=ke.com
20240815,丰台,丰台其它,101125186763,燕西华府 东边户 精装三居室 基本没住,725万,51628元/平,中楼层 (共6层) 3室2厅 | 140.43平米 | 南 北,https://ke-image.ljcdn.com/110000-inspection/pc1_dbNGSNhE8.jpg!m_fill,w_280,h_210,f_jpg?from=ke.com
20240815,丰台,丰台其它,101125163086,珠光逸景二期 2室1厅 南,323万,40295元/平,中楼层 (共6层) | 2014年 | 2室1厅 | 80.16平米 | 南,https://ke-image.ljcdn.com/110000-inspection/pc1_jBIwmZL7E_1.jpg!m_fill,w_280,h_210,f_jpg?from=ke.com
20240815,丰台,丰台其它,101125152379,南宫雅苑二期满五唯一南北通透楼层好,410万,34788元/平,中楼层 (共6层) | 2009年 | 3室1厅 | 117.86平米 | 南 北,https://ke-image.ljcdn.com/110000-inspection/pc1_20ftDXVNh_1.jpg!m_fill,w_280,h_210,f_jpg?from=ke.com
20240815,丰台,丰台其它,101125149775,燕西华府 精装三居室 中间层 没住过房主自荐,498万,40975元/平,中楼层 (共6层) 3室2厅 | 121.54平米 | 南 北,https://ke-image.ljcdn.com/110000-inspection/pc1_Afpc0gta9_1.jpg!m_fill,w_280,h_210,f_jpg?from=ke.com
20240815,丰台,丰台其它,101125144532,南北通透 三居 有电梯 2017年 无遮挡 采光好,258万,30350元/平,低楼层 (共21层) | 2017年 | 3室1厅 | 85.01平米 | 南 北,https://ke-image.ljcdn.com/110000-inspection/pc1_asd1726qa_1.jpg!m_fill,w_280,h_210,f_jpg?from=ke.com
20240815,丰台,丰台其它,101125142781,联排别墅带电梯小区中间位置 大面宽短进深房主自荐,1488万,53153元/平,底层 (共3层) | 2018年 | 5室2厅 | 279.95平米 | 南 北,https://ke-image.ljcdn.com/110000-inspection/pc1_4bKHxC5pw_1.jpg!m_fill,w_280,h_210,f_jpg?from=ke.com
20240815,丰台,丰台其它,101125138209,燕西华府 3室2厅 南 北,479万,39411元/平,中楼层 (共6层) 3室2厅 | 121.54平米 | 南 北,https://ke-image.ljcdn.com/110000-inspection/4723f103-5a60-4fbf-b3cd-84d1f218f902_1000.jpg!m_fill,w_280,h_210,f_jpg?from=ke.com
20240815,丰台,丰台其它,101125132092,领秀翡翠山B区顶层复式结构精装修没住过真好房,1250万,56223元/平,顶层 (共4层) 6室3厅 | 222.33平米 | 南 西 北,https://ke-image.ljcdn.com/110000-inspection/04676f2d-bca3-43e9-a2f9-3fd2196d92f4_1000.jpg!m_fill,w_280,h_210,f_jpg?from=ke.com
20240815,丰台,丰台其它,101125118286,领秀翡翠山A区 中间位置  附带下跃,910万,50793元/平,底层 (共4层) | 2014年 | 6室2厅 | 179.16平米 | 南 北,https://ke-image.ljcdn.com/110000-inspection/pc1_ybT6fOU7Q.jpg!m_fill,w_280,h_210,f_jpg?from=ke.com
20240815,丰台,丰台其它,101125117553,燕西华府 正规四居室 南北两个阳台 次顶层,560万,43836元/平,高楼层 (共6层) 4室2厅 | 127.75平米 | 南 北,https://ke-image.ljcdn.com/110000-inspection/pc1_xUL5UCQDE.jpg!m_fill,w_280,h_210,f_jpg?from=ke.com
20240815,丰台,丰台其它,101125116460,燕西华府 上叠别墅 主体结构改造好了,780万,41625元/平,中楼层 (共4层) 4室2厅 | 187.39平米 | 南 北,https://ke-image.ljcdn.com/110000-inspection/pc1_kqh45Zce7_1.jpg!m_fill,w_280,h_210,f_jpg?from=ke.com
20240815,丰台,丰台其它,101125097307,西山甲一号 4室2厅 东南 北,980万,53535元/平,低楼层 (共14层) 4室2厅 | 183.06平米 | 东南 北,https://ke-image.ljcdn.com/110000-inspection/pc1_Hr2wvUUAR_1.jpg!m_fill,w_280,h_210,f_jpg?from=ke.com
20240815,丰台,丰台其它,101125084692,燕西华府  私家电梯 精装修联排,1480万,39692元/平,底层 (共3层) 5室3厅 | 372.88平米 | 南 西 北,https://ke-image.ljcdn.com/110000-inspection/pc1_9HLjZ9VPm.jpg!m_fill,w_280,h_210,f_jpg?from=ke.com
20240815,丰台,丰台其它,101125050262,燕西华府 顶层带阁 楼 精装修无户口,520万,42785元/平,顶层 (共6层) 4室1厅 | 121.54平米 | 南 北,https://ke-image.ljcdn.com/110000-inspection/7931474f-b20f-41e3-8fd8-310c95f56739_1000.jpg!m_fill,w_280,h_210,f_jpg?from=ke.com
20240815,丰台,丰台其它,101125045054,精装修楼层好购房成本低配套齐全看房提前约,139万,35280元/平,低楼层 (共6层) | 1986年 | 1室1厅 | 39.4平米 | 南 北,https://ke-image.ljcdn.com/110000-inspection/pc1_HGosAYLfe_1.jpg!m_fill,w_280,h_210,f_jpg?from=ke.com
20240815,丰台,丰台其它,101124926228,燕西华府一层下跃户型 中间楼栋 精装修,750万,33711元/平,底层 (共6层) 5室3厅 | 222.48平米 | 南 北,https://ke-image.ljcdn.com/110000-inspection/pc1_Wu9UOX5mO_1.jpg!m_fill,w_280,h_210,f_jpg?from=ke.com
20240815,丰台,丰台其它,101124921432,领秀翡翠山B区 4室2厅 南 北,980万,57685元/平,顶层 (共4层) 4室2厅 | 169.89平米 | 南 北,https://ke-image.ljcdn.com/110000-inspection/8fdb5dce-f474-4e63-8e92-b564f8640f05_1000.jpg!m_fill,w_280,h_210,f_jpg?from=ke.com
20240815,丰台,丰台其它,101124913630,满五年唯一 南北通透两居 高楼层 采光好 诚意出,220万,28019元/平,顶层 (共6层) | 2006年 | 2室1厅 | 78.52平米 | 南 北,https://ke-image.ljcdn.com/110000-inspection/pc1_J2KqBiDW5_1.jpg!m_fill,w_280,h_210,f_jpg?from=ke.com
20240815,丰台,丰台其它,101124895797,小区内不多见的有花园的小户型的房子自住的精装修,699万,52939元/平,底层 (共6层) | 2016年 | 4室3厅 | 132.04平米 | 南 北,https://ke-image.ljcdn.com/110000-inspection/f4839a91-f775-4c37-8396-79bd1c3bfe33_1000.jpg!m_fill,w_280,h_210,f_jpg?from=ke.com
20240815,丰台,丰台其它,101124876509,园博府科技住宅全天采光全明眼睛户型,748万,53441元/平,低楼层 (共18层) | 2014年 | 3室2厅 | 139.97平米 | 南 北,https://ke-image.ljcdn.com/110000-inspection/pc1_AMd8FKLCh_1.jpg!m_fill,w_280,h_210,f_jpg?from=ke.com
20240815,丰台,丰台其它,101124850858,山语城 车位,16.5万,6190元/平,地下室 (共6层) | 2012年 | 1室0厅 | 26.66平米 | 南,https://ke-image.ljcdn.com/110000-inspection/pc1_uhQebqg45_2.jpg!m_fill,w_280,h_210,f_jpg?from=ke.com
20240815,丰台,丰台其它,101124724143,满五年唯一 正规两居 首套契税1% 有钥匙随时看房,190万,30572元/平,底层 (共13层) | 2015年 | 2室1厅 | 62.15平米 | 东 西,https://ke-image.ljcdn.com/110000-inspection/pc1_qG0m4b7Re_1.jpg!m_fill,w_280,h_210,f_jpg?from=ke.com
20240815,丰台,丰台其它,101124721656,南向采光好 精装修 业主自住看房方便,195万,35205元/平,底层 (共6层) | 2013年 | 1室1厅 | 55.39平米 | 南,https://ke-image.ljcdn.com/110000-inspection/pc1_qFNs6PGv9.jpg!m_fill,w_280,h_210,f_jpg?from=ke.com
20240815,丰台,丰台其它,101124704173,华府海园 独栋别墅 水系之旁 小区高位 业主诚售,3200万,53723元/平,底层 (共3层) | 2013年 | 11室1厅 | 595.65平米 | 南 北,https://ke-image.ljcdn.com/110000-inspection/pc1_DWqcU6d5r_1.jpg!m_fill,w_280,h_210,f_jpg?from=ke.com
20240815,丰台,丰台其它,101124673803,汤泉墅 2室2厅 南 北,315万,39824元/平,顶层 (共6层) | 2011年 | 2室2厅 | 79.1平米 | 南 北,https://ke-image.ljcdn.com/110000-inspection/0af5b23c-4e0d-46ea-8564-65bea8bcb5de_1000.jpg!m_fill,w_280,h_210,f_jpg?from=ke.com
20240815,丰台,丰台其它,101124666301,中体奥林匹克花园三期 4室2厅 南 北,1518万,47080元/平,地下室 (共3层) 4室2厅 | 322.43平米 | 南 北,https://ke-image.ljcdn.com/110000-inspection/pc1_Cj01f7i92_1.jpg!m_fill,w_280,h_210,f_jpg?from=ke.com
20240815,丰台,丰台其它,101124667332,汤泉墅一区三居室诚心出售看房方便,323万,33524元/平,底层 (共6层) 3室1厅 | 96.35平米 | 南 北,https://ke-image.ljcdn.com/110000-inspection/pc1_SgIfvWWjK.jpg!m_fill,w_280,h_210,f_jpg?from=ke.com
20240815,丰台,丰台其它,101124645162,领秀翡翠山B区 南北通透 顶层大复式 视野好,580万,38403元/平,顶层 (共6层) | 2015年 | 4室1厅 | 151.03平米 | 南 北,https://ke-image.ljcdn.com/110000-inspection/pc1_DVWT7OlB7_2.jpg!m_fill,w_280,h_210,f_jpg?from=ke.com
20240815,丰台,丰台其它,101124644595,燕西书院  满五唯一 东南朝向边户  采光充足,868万,33756元/平,底层 (共3层) 5室3厅 | 257.14平米 | 东 南 北,https://ke-image.ljcdn.com/110000-inspection/pc1_bDktZ4eVQ.jpg!m_fill,w_280,h_210,f_jpg?from=ke.com
20240815,丰台,丰台其它,101124638195,正对小区花园的楼栋视野开阔使用空间大装修好,1260万,51562元/平,中楼层 (共4层) | 2016年 | 6室3厅 | 244.37平米 | 南 北,https://ke-image.ljcdn.com/110000-inspection/f559e908-d970-470f-8f8d-9f1fba2c2215_1000.jpg!m_fill,w_280,h_210,f_jpg?from=ke.com
20240815,丰台,丰台其它,101124626631,汤泉墅 复式精装修 南北通透大四居 采光无遮挡,550万,48742元/平,顶层 (共6层) | 2015年 | 4室1厅 | 112.84平米 | 西南 北,https://ke-image.ljcdn.com/110000-inspection/pc1_m1VkcuY4B.jpg!m_fill,w_280,h_210,f_jpg?from=ke.com
20240815,丰台,丰台其它,101124624877,燕西华府 4室2厅 东南,820万,41897元/平,底层 (共3层) 4室2厅 | 195.72平米 | 东南,https://ke-image.ljcdn.com/110000-inspection/pc1_WQo7Jv6Lo.jpg!m_fill,w_280,h_210,f_jpg?from=ke.com
20240815,丰台,丰台其它,101124597822,平层大四居客厅朝阳三个卧室朝阳卫生间均有窗子房主自荐,680万,39815元/平,中楼层 (共5层) | 2016年 | 4室2厅 | 170.79平米 | 南 北,https://ke-image.ljcdn.com/110000-inspection/pc1_m5D3Ow25G.jpg!m_fill,w_280,h_210,f_jpg?from=ke.com
20240815,丰台,丰台其它,101124589495,中体奥林匹克花园三期 联排别墅业主诚心出售有钥匙,1150万,36240元/平,底层 (共3层) 5室2厅 | 317.33平米 | 南 北,https://ke-image.ljcdn.com/110000-inspection/pc1_Ih0tK51ay.jpg!m_fill,w_280,h_210,f_jpg?from=ke.com
20240815,丰台,丰台其它,101124548365,镇岗南里 3室1厅 南 北,245万,46756元/平,底层 (共1层) 3室1厅 | 52.4平米 | 南 北,https://ke-image.ljcdn.com/110000-inspection/pc1_2kkujdNdY_1.jpg!m_fill,w_280,h_210,f_jpg?from=ke.com
20240815,丰台,丰台其它,101124545862,总高6层有电梯卫生间有窗子全明格局满五唯一,236万,28890元/平,底层 (共6层) | 2016年 | 2室1厅 | 81.69平米 | 南 北 西,https://ke-image.ljcdn.com/110000-inspection/pc1_HbHz9nRg8.jpg!m_fill,w_280,h_210,f_jpg?from=ke.com
20240815,丰台,丰台其它,101124543001,领秀翡翠山A区东西通透精装修楼层好视野好,550万,38142元/平,中楼层 (共6层) | 2017年 | 3室2厅 | 144.2平米 | 东 西,https://ke-image.ljcdn.com/110000-inspection/2c363183-2d89-4d21-9690-a6d58d40e58e_1000.jpg!m_fill,w_280,h_210,f_jpg?from=ke.com
20240815,丰台,丰台其它,101124516217,花园北里 满五年唯一商品房两居 精装修 采光充足,150万,26786元/平,高楼层 (共6层) 2室1厅 | 56平米 | 南 北,https://ke-image.ljcdn.com/110000-inspection/pc1_d8S4E1I3u_1.jpg!m_fill,w_280,h_210,f_jpg?from=ke.com
20240815,丰台,丰台其它,101124503350,燕西华府 4室1厅 南 北,1380万,39539元/平,底层 (共2层) 4室1厅 | 349.03平米 | 南 北,https://ke-image.ljcdn.com/110000-inspection/pc1_A0fCW3bcT_2.jpg!m_fill,w_280,h_210,f_jpg?from=ke.com
20240815,丰台,丰台其它,101124500821,领秀翡翠山A区 3室2厅 南 北,696万,43667元/平,中楼层 (共6层) | 2014年 | 3室2厅 | 159.39平米 | 南 北,https://ke-image.ljcdn.com/110000-inspection/pc1_tfUGE9YFM_1.jpg!m_fill,w_280,h_210,f_jpg?from=ke.com
20240815,丰台,丰台其它,101124500780,燕西华府 4室2厅 东 南房主自荐,798万,40786元/平,底层 (共3层) 4室2厅 | 195.66平米 | 东 南,https://ke-image.ljcdn.com/110000-inspection/pc1_s2lpBqjsK.jpg!m_fill,w_280,h_210,f_jpg?from=ke.com
20240815,丰台,丰台其它,101124500701,燕西华府 2室1厅 南 北,379万,49686元/平,中楼层 (共5层) | 2023年 | 2室1厅 | 76.28平米 | 南 北,https://ke-image.ljcdn.com/110000-inspection/pc1_fH88OaIp5_1.jpg!m_fill,w_280,h_210,f_jpg?from=ke.com
20240815,丰台,丰台其它,101124495054,汤泉墅满五唯一南北朝向带电梯 视野开阔,285万,35360元/平,中楼层 (共6层) | 2011年 | 2室1厅 | 80.6平米 | 南 北,https://ke-image.ljcdn.com/110000-inspection/pc1_5i3bGlz4q_1.jpg!m_fill,w_280,h_210,f_jpg?from=ke.com
20240815,丰台,丰台其它,101124485261,山语城三区/云岗西路28号院一区/中国铁建北京山语,640万,46835元/平,顶层 (共6层) | 2014年 | 7室2厅 | 136.65平米 | 南 北,https://ke-image.ljcdn.com/110000-inspection/pc1_SiNc2xwgs.jpg!m_fill,w_280,h_210,f_jpg?from=ke.com
20240815,丰台,丰台其它,101124484054,山语城三区/山语城/云岗西路28号院三区,670万,49110元/平,顶层 (共6层) 4室2厅 | 136.43平米 | 南 北,https://ke-image.ljcdn.com/110000-inspection/pc1_zjTvOeh40_2.jpg!m_fill,w_280,h_210,f_jpg?from=ke.com
20240815,丰台,丰台其它,101124449935,汤泉墅电梯花园洋房满五唯一精装修采光无遮挡,220万,39913元/平,中楼层 (共6层) | 2011年 | 1室1厅 | 55.12平米 | 南,https://ke-image.ljcdn.com/110000-inspection/pc1_cIUMypscV.jpg!m_fill,w_280,h_210,f_jpg?from=ke.com
20240815,丰台,丰台其它,101124446492,燕西华府 业主精装 看房随时 家具家电可留,295万,33432元/平,底层 (共6层) 2室1厅 | 88.24平米 | 南 北,https://ke-image.ljcdn.com/110000-inspection/pc1_Ie8dvLYnO_1.jpg!m_fill,w_280,h_210,f_jpg?from=ke.com
20240815,丰台,丰台其它,101124446555,燕西华府  私家电梯 精装联排别墅,1500万,41065元/平,底层 (共3层) 4室3厅 | 365.28平米 | 南 北,https://ke-image.ljcdn.com/110000-inspection/1c35f2c6-9bfb-4fd4-8136-d16357c8f49e_1000.jpg!m_fill,w_280,h_210,f_jpg?from=ke.com
20240815,丰台,丰台其它,101124446465,燕西华府 3室2厅 南 北,1100万,35562元/平,底层 (共4层) 3室2厅 | 309.32平米 | 南 北,https://ke-image.ljcdn.com/110000-inspection/pc1_lhcG7f38s_1.jpg!m_fill,w_280,h_210,f_jpg?from=ke.com
20240815,丰台,丰台其它,101124422991,满五唯一近地铁楼层好全明眼镜户型百万装修公摊小,736万,52452元/平,高楼层 (共15层) | 2014年 | 3室2厅 | 140.32平米 | 南 北,https://ke-image.ljcdn.com/110000-inspection/4459a0e0-c1db-4693-8695-c5ea44422070_1000.jpg!m_fill,w_280,h_210,f_jpg?from=ke.com
20240815,丰台,丰台其它,101124402374,园博嘉园 2室1厅 东 西 北,388万,43689元/平,低楼层 (共15层) 2室1厅 | 88.81平米 | 东 西 北,https://ke-image.ljcdn.com/110000-inspection/pc1_3ruoptqJL_1.jpg!m_fill,w_280,h_210,f_jpg?from=ke.com
20240815,丰台,丰台其它,101124400079,燕西华府 5室2厅 南 北,995万,36007元/平,底层 (共4层) 5室2厅 | 276.34平米 | 南 北,https://ke-image.ljcdn.com/110000-inspection/pc1_Qn5bWKB83.jpg!m_fill,w_280,h_210,f_jpg?from=ke.com
20240815,丰台,丰台其它,101124399790,领秀翡翠山B区 品质大平层 次顶层 精装修,1180万,51479元/平,中楼层 (共5层) 4室2厅 | 229.22平米 | 南 北,https://ke-image.ljcdn.com/110000-inspection/pc1_Hv8z3LN2i_2.jpg!m_fill,w_280,h_210,f_jpg?from=ke.com
20240815,丰台,丰台其它,101124376845,车位出售方便看位置不错靠谱出售,25万,8675元/平,地下室 | 2022年 | 1室0厅 | 28.82平米 | 南,https://ke-image.ljcdn.com/110000-inspection/pc1_CrhC8esu7_1.jpg!m_fill,w_280,h_210,f_jpg?from=ke.com
20240815,丰台,丰台其它,101124395372,汤泉墅 3室1厅 南 北,310万,35453元/平,顶层 (共6层) | 2011年 | 3室1厅 | 87.44平米 | 南 北,https://ke-image.ljcdn.com/110000-inspection/pc1_BE6YiG0c2.jpg!m_fill,w_280,h_210,f_jpg?from=ke.com
20240815,丰台,丰台其它,101124391416,西山甲一号 纯商品房精装修 看房方便,1100万,75106元/平,底层 (共19层) 5室3厅 | 146.46平米 | 南 北,https://ke-image.ljcdn.com/110000-inspection/pc1_nrfwzOXLa_1.jpg!m_fill,w_280,h_210,f_jpg?from=ke.com
20240815,丰台,丰台其它,101124387962,燕西华府 精装联排 空间宽敞无户口  西边户房主自荐,1526万,41541元/平,底层 (共3层) 5室3厅 | 367.35平米 | 南 北,https://ke-image.ljcdn.com/110000-inspection/pc1_65egSIy8s_2.jpg!m_fill,w_280,h_210,f_jpg?from=ke.com
20240815,丰台,丰台其它,101124386884,燕西华府 5室2厅 南 北,690万,37125元/平,底层 (共6层) 5室2厅 | 185.86平米 | 南 北,https://ke-image.ljcdn.com/110000-inspection/777e2b30-e643-4caf-a357-6e499e5f0f44_1000.jpg!m_fill,w_280,h_210,f_jpg?from=ke.com
20240815,丰台,丰台其它,101124384044,西山甲一号 车位,25万,11191元/平,地下室 | 2018年 | 1室0厅 | 22.34平米 | 南,https://ke-image.ljcdn.com/110000-inspection/pc1_JrhLgj3Ht_1.jpg!m_fill,w_280,h_210,f_jpg?from=ke.com
20240815,丰台,丰台其它,101124383616,西山甲一号 车位,35万,9938元/平,地下室 | 2018年 | 1室0厅 | 35.22平米 | 北,https://ke-image.ljcdn.com/110000-inspection/pc1_KzX16jv6W.jpg!m_fill,w_280,h_210,f_jpg?from=ke.com
20240815,丰台,丰台其它,101124357920,山语城三区 6室3厅 南 北,1100万,63449元/平,底层 (共6层) 6室3厅 | 173.37平米 | 南 北,https://ke-image.ljcdn.com/110000-inspection/pc1_THa1cENRI.jpg!m_fill,w_280,h_210,f_jpg?from=ke.com
20240815,丰台,丰台其它,101124346079,山语城三区顶层复式精装修南北通透满五唯一,640万,46753元/平,顶层 (共6层) | 2014年 | 5室1厅 | 136.89平米 | 南 北,https://ke-image.ljcdn.com/110000-inspection/pc1_P1CwCOpnM_2.jpg!m_fill,w_280,h_210,f_jpg?from=ke.com
20240815,丰台,丰台其它,101124346051,燕西华府 上叠别墅 南面看水系 有产权车位,700万,37382元/平,中楼层 (共4层) 2室1厅 | 187.26平米 | 南 北,https://ke-image.ljcdn.com/110000-inspection/pc1_0S9AiGxVi_2.jpg!m_fill,w_280,h_210,f_jpg?from=ke.com
20240815,丰台,丰台其它,101124345890,房子在小区中间位置纯南向视野开阔采光好,259万,35330元/平,高楼层 (共6层) 1室1厅 | 73.31平米 | 南,https://ke-image.ljcdn.com/110000-inspection/pc1_ZTzbd7O2D.jpg!m_fill,w_280,h_210,f_jpg?from=ke.com
20240815,丰台,丰台其它,101124345551,山语城一区 精装修 大三居 电梯入户 满五唯一,570万,41374元/平,中楼层 (共6层) 3室2厅 | 137.77平米 | 南 北,https://ke-image.ljcdn.com/110000-inspection/f0474c4a-b6ed-4b32-8a02-47ae473ff16e_1000.jpg!m_fill,w_280,h_210,f_jpg?from=ke.com
20240815,丰台,丰台其它,101124345525,领秀翡翠山B区 6室1厅 南 西 北,998万,60266元/平,底层 (共5层) | 2017年 | 6室1厅 | 165.6平米 | 南 西 北,https://ke-image.ljcdn.com/110000-inspection/39c402b0-981f-467d-bd77-3f0a479508e4_1000.jpg!m_fill,w_280,h_210,f_jpg?from=ke.com
20240815,丰台,丰台其它,101124345333,山语城三区四居两卫适合改善电梯洋房社区,639万,40263元/平,中楼层 (共6层) | 2014年 | 4室2厅 | 158.71平米 | 南 北,https://ke-image.ljcdn.com/110000-inspection/pc1_Ut4paXfJr.jpg!m_fill,w_280,h_210,f_jpg?from=ke.com
20240815,丰台,丰台其它,101124345353,中国铁建北京山语城/云岗西路28号院三区,399万,37795元/平,底层 (共6层) 2室2厅 | 105.57平米 | 南 北,https://ke-image.ljcdn.com/110000-inspection/pc1_ZggVepxYh.jpg!m_fill,w_280,h_210,f_jpg?from=ke.com
20240815,丰台,丰台其它,101124345071,汤泉墅满五唯一正规一居室业主自住保持好,230万,42087元/平,底层 (共6层) | 2011年 | 1室1厅 | 54.65平米 | 南,https://ke-image.ljcdn.com/110000-inspection/pc1_YR34kfbto.jpg!m_fill,w_280,h_210,f_jpg?from=ke.com
20240815,丰台,丰台其它,101124343860,此房满五唯一电梯南北通透大四居精装修小区环境好,515万,45913元/平,顶层 (共6层) | 2014年 | 4室2厅 | 112.17平米 | 南 北,https://ke-image.ljcdn.com/110000-inspection/pc1_YYCJLOdPi.jpg!m_fill,w_280,h_210,f_jpg?from=ke.com
20240815,丰台,丰台其它,101124343501,汤泉墅南北通透两居室卫生间带窗户电梯洋房,299万,36464元/平,中楼层 (共6层) 2室1厅 | 82平米 | 南 北,https://ke-image.ljcdn.com/110000-inspection/pc1_WxB4KSD4g.jpg!m_fill,w_280,h_210,f_jpg?from=ke.com
20240815,丰台,丰台其它,101124342541,燕西华府 独栋别墅 精装修 拎包入住,3500万,57214元/平,底层 (共3层) | 2017年 | 5室2厅 | 611.74平米 | 南 北,https://ke-image.ljcdn.com/110000-inspection/pc1_rtbjSubwG_2.jpg!m_fill,w_280,h_210,f_jpg?from=ke.com
20240815,丰台,丰台其它,101124341259,山语城一区 3室2厅 南 北,510万,43940元/平,底层 (共6层) | 2012年 | 3室2厅 | 116.07平米 | 南 北,https://ke-image.ljcdn.com/110000-inspection/pc1_0Jwf0wzkC.jpg!m_fill,w_280,h_210,f_jpg?from=ke.com
20240815,丰台,丰台其它,101124341247,汤泉墅南北通透 叠拼下叠别墅 诚心出售房主自荐,669万,32708元/平,底层 (共6层) | 2015年 | 3室2厅 | 204.54平米 | 南 北,https://ke-image.ljcdn.com/110000-inspection/5d88dd8f-a160-4518-a4d3-a8873d4c9a8a_1000.jpg!m_fill,w_280,h_210,f_jpg?from=ke.com
20240815,丰台,丰台其它,101124341115,汤泉墅精装修 大三居南北通透户型 环境优美宜居住,423万,32776元/平,底层 (共6层) | 2015年 | 3室1厅 | 129.06平米 | 南 北,https://ke-image.ljcdn.com/110000-inspection/93587ab6-af4c-47fc-a938-b4b2cf801333_1000.jpg!m_fill,w_280,h_210,f_jpg?from=ke.com
20240815,丰台,丰台其它,101124339719,汤泉墅南北三居室两个卫生间带窗户电梯洋房,590万,36133元/平,中楼层 (共6层) | 2011年 | 3室1厅 | 163.29平米 | 南 北,https://ke-image.ljcdn.com/110000-inspection/37afbdbe-ab5f-4d64-bd34-4829cb930d5f_1000.jpg!m_fill,w_280,h_210,f_jpg?from=ke.com
20240815,丰台,丰台其它,101124338897,山语城精装修 满五唯一小区中间位置  电梯独立入,688万,43198元/平,低楼层 (共6层) | 2012年 | 4室1厅 | 159.27平米 | 东 南 北,https://ke-image.ljcdn.com/110000-inspection/pc1_DlOxbDgTl.jpg!m_fill,w_280,h_210,f_jpg?from=ke.com
20240815,丰台,丰台其它,101124331080,满五唯一费用少中间楼层看房方便有钥匙,125万,23192元/平,中楼层 (共6层) | 1991年 | 2室1厅 | 53.9平米 | 南 北,https://ke-image.ljcdn.com/110000-inspection/pc1_S8LRzzMlj_1.jpg!m_fill,w_280,h_210,f_jpg?from=ke.com
20240815,丰台,丰台其它,101124326166,玉皇庄小区 1室1厅 南,136万,32182元/平,中楼层 (共6层) 1室1厅 | 42.26平米 | 南,https://ke-image.ljcdn.com/110000-inspection/pc1_ty1w2DrIw_1.jpg!m_fill,w_280,h_210,f_jpg?from=ke.com
20240815,丰台,丰台其它,101124323120,珠光逸景二期 2室1厅 南 北,358万,45745元/平,顶层 (共5层) | 2014年 | 2室1厅 | 78.26平米 | 南 北,https://ke-image.ljcdn.com/110000-inspection/pc1_Fijub4wPG_1.jpg!m_fill,w_280,h_210,f_jpg?from=ke.com
20240815,丰台,丰台其它,101124235313,满五年唯一 人车分流 地铁14号线 出行便利 诚心卖,399万,44782元/平,中楼层 (共15层) | 2015年 | 2室1厅 | 89.1平米 | 东 西 北,https://ke-image.ljcdn.com/110000-inspection/pc1_bxqFvWTNB_1.jpg!m_fill,w_280,h_210,f_jpg?from=ke.com
20240815,丰台,丰台其它,101124200161,南宫雅苑二期 3室2厅 南 北,498万,38861元/平,中楼层 (共5层) | 2009年 | 3室2厅 | 128.15平米 | 南 北,https://ke-image.ljcdn.com/110000-inspection/pc1_yXnRQpeaY.jpg!m_fill,w_280,h_210,f_jpg?from=ke.com
20240815,丰台,丰台其它,101124163668,汤泉墅  满五唯一  精装修 南北通透,495万,40182元/平,中楼层 (共6层) | 2013年 | 3室1厅 | 123.19平米 | 南 北,https://ke-image.ljcdn.com/110000-inspection/pc1_uLzXd4ZF1_1.jpg!m_fill,w_280,h_210,f_jpg?from=ke.com
20240815,丰台,丰台其它,101124159076,山语城三区精装修电梯入户三居室,552万,41063元/平,低楼层 (共6层) | 2014年 | 3室2厅 | 134.43平米 | 东 南 北,https://ke-image.ljcdn.com/110000-inspection/ed47be2c-0131-4baa-999a-038e25e127a9_1000.jpg!m_fill,w_280,h_210,f_jpg?from=ke.com
20240815,丰台,丰台其它,101124158214,山语城三区 5室3厅 南 北,730万,45973元/平,顶层 (共6层) 5室3厅 | 158.79平米 | 南 北,https://ke-image.ljcdn.com/110000-inspection/pc1_ZhSCDayL5.jpg!m_fill,w_280,h_210,f_jpg?from=ke.com
20240815,丰台,丰台其它,101124157036,汤泉墅满五唯一南北通透三居室装修保持好房主自荐,289万,31822元/平,顶层 (共6层) 3室1厅 | 90.82平米 | 南 北,https://ke-image.ljcdn.com/110000-inspection/pc1_mlb513qmJ_2.jpg!m_fill,w_280,h_210,f_jpg?from=ke.com
20240815,丰台,丰台其它,101124156862,满五唯一 南北通透 精装修  中高楼层 采光无遮挡,285万,34748元/平,中楼层 (共6层) | 2011年 | 2室1厅 | 82.02平米 | 南 北,https://ke-image.ljcdn.com/110000-inspection/pc1_D9xVdn9So_2.jpg!m_fill,w_280,h_210,f_jpg?from=ke.com
20240815,丰台,丰台其它,101124155184,建设二里  精装修  三居室  满五年  价格优质,146万,22601元/平,顶层 (共6层) 3室1厅 | 64.6平米 | 南 北,https://ke-image.ljcdn.com/110000-inspection/pc1_eXuQUEjut_1.jpg!m_fill,w_280,h_210,f_jpg?from=ke.com
20240815,丰台,丰台其它,101124117043,新联排位置好大面宽短进深五层的空间,1280万,36654元/平,底层 (共2层) | 2022年 | 4室1厅 | 349.22平米 | 南 北,https://ke-image.ljcdn.com/110000-inspection/pc1_TXmWwGcHq.jpg!m_fill,w_280,h_210,f_jpg?from=ke.com
20240815,丰台,丰台其它,101124067265,复式结构所在楼栋位置好前后不临街,1400万,62970元/平,顶层 (共4层) 6室1厅 | 222.33平米 | 南 西 北,https://ke-image.ljcdn.com/110000-inspection/d2fcde2d-5d89-45ad-9a47-50c6d4af2758_1000.jpg!m_fill,w_280,h_210,f_jpg?from=ke.com
20240815,丰台,丰台其它,101124045036,山语城三区 户型好 南北通透 精装修,670万,42347元/平,高楼层 (共6层) 4室1厅 | 158.22平米 | 南 北,https://ke-image.ljcdn.com/110000-inspection/pc1_NE1Ezfror.jpg!m_fill,w_280,h_210,f_jpg?from=ke.com
20240815,丰台,丰台其它,101124013969,卢西嘉园 正规两居室 诚心出售 户型方正,216万,27471元/平,顶层 (共6层) | 2006年 | 2室1厅 | 78.63平米 | 南 北,https://ke-image.ljcdn.com/110000-inspection/pc1_ZV0Bg8l1U.jpg!m_fill,w_280,h_210,f_jpg?from=ke.com
20240815,丰台,丰台其它,101124001903,燕西华府水系旁独栋产品自带电梯使用空间大,2990万,50198元/平,底层 (共3层) | 2013年 | 5室2厅 | 595.65平米 | 南 北,https://ke-image.ljcdn.com/110000-inspection/pc1_WE96WbZSV_2.jpg!m_fill,w_280,h_210,f_jpg?from=ke.com
20240815,丰台,丰台其它,101123990271,远眺西山美景近临小区水系花园好位置上叠边户型,900万,36438元/平,中楼层 (共4层) 3室3厅 | 247平米 | 南 北,https://ke-image.ljcdn.com/110000-inspection/pc1_qvnQUCuxE_2.jpg!m_fill,w_280,h_210,f_jpg?from=ke.com
20240815,丰台,丰台其它,101123990170,汤泉墅 满五唯一  洋房社区 采光好不遮挡,420万,43264元/平,高楼层 (共6层) | 2011年 | 2室1厅 | 97.08平米 | 南 北,https://ke-image.ljcdn.com/110000-inspection/53cb10a4-882f-4b8f-af3f-68a42a9a2538_1000.jpg!m_fill,w_280,h_210,f_jpg?from=ke.com
20240815,丰台,丰台其它,101123983844,领秀翡翠山A区有独立的电梯厅毛坯房楼间距大,626万,39280元/平,低楼层 (共6层) | 2014年 | 3室2厅 | 159.37平米 | 南 北,https://ke-image.ljcdn.com/110000-inspection/pc1_APuyqqL96.jpg!m_fill,w_280,h_210,f_jpg?from=ke.com
20240815,丰台,丰台其它,101123947720,燕西华府  好位置大上叠 有未封闭阳台 花园相当优质,820万,36003元/平,中楼层 (共4层) 4室2厅 | 227.76平米 | 南 北,https://ke-image.ljcdn.com/110000-inspection/pc1_uBXF1wxMV.jpg!m_fill,w_280,h_210,f_jpg?from=ke.com
20240815,丰台,丰台其它,101123935949,杜家坎小区 2室1厅 南 北,180万,27369元/平,顶层 (共6层) 2室1厅 | 65.77平米 | 南 北,https://ke-image.ljcdn.com/110000-inspection/pc1_dIv4KpTMY_1.jpg!m_fill,w_280,h_210,f_jpg?from=ke.com
20240815,丰台,丰台其它,101123924129,南北通透满两年视野好无遮挡小区中间,325万,38133元/平,高楼层 (共19层) 3室1厅 | 85.23平米 | 南 北,https://ke-image.ljcdn.com/110000-inspection/pc1_zhuQzG0ej_1.jpg!m_fill,w_280,h_210,f_jpg?from=ke.com
20240815,丰台,丰台其它,101123887805,好位置边户型精美装修有车位诚意出售,1550万,42206元/平,底层 (共3层) | 2013年 | 5室3厅 | 367.25平米 | 南 北 西,https://ke-image.ljcdn.com/110000-inspection/8f8eb253-66d0-4b2a-b83f-79b697133f82_1000.jpg!m_fill,w_280,h_210,f_jpg?from=ke.com
20240815,丰台,丰台其它,101123884701,汤泉墅 满五唯一 精装修 复式结构 三居室房主自荐,335万,35616元/平,顶层 (共6层) | 2011年 | 3室2厅 | 94.06平米 | 南 北,https://ke-image.ljcdn.com/110000-inspection/0d3f82ae-b842-451c-84ae-b825ac1774f1_1000.jpg!m_fill,w_280,h_210,f_jpg?from=ke.com
20240815,丰台,丰台其它,101123880025,领秀翡翠山B区中间楼栋东边户视野好精装修,996万,43102元/平,中楼层 (共4层) 5室2厅 | 231.08平米 | 南 北,https://ke-image.ljcdn.com/110000-inspection/pc1_4Bd5eojTZ.jpg!m_fill,w_280,h_210,f_jpg?from=ke.com
20240815,丰台,丰台其它,101123868956,熙悦天寰 3室1厅 南 北,508万,56640元/平,底层 (共9层) | 2022年 | 3室1厅 | 89.69平米 | 南 北,https://ke-image.ljcdn.com/110000-inspection/pc1_r2uaLIy8t_1.jpg!m_fill,w_280,h_210,f_jpg?from=ke.com
20240815,丰台,丰台其它,101123855075,燕西华府东边户 只有一个契税 精装修 高楼层,780万,55711元/平,高楼层 (共6层) 3室2厅 | 140.01平米 | 南 北 东,https://ke-image.ljcdn.com/110000-inspection/7297ce0e-adb1-4e72-b305-0e6a685e52f1_1000.jpg!m_fill,w_280,h_210,f_jpg?from=ke.com
20240815,丰台,丰台其它,101123853177,卢西嘉园   南北通透三居室   边户视野好,310万,32015元/平,高楼层 (共6层) | 2007年 | 3室1厅 | 96.83平米 | 南 北,https://ke-image.ljcdn.com/110000-inspection/pc1_RLyZWOIg9_1.jpg!m_fill,w_280,h_210,f_jpg?from=ke.com
20240815,丰台,丰台其它,101123853060,卢西嘉园   中间楼层两居室   前后无遮挡  采光好,279万,35488元/平,中楼层 (共6层) | 2009年 | 2室1厅 | 78.62平米 | 南 北,https://ke-image.ljcdn.com/110000-inspection/pc1_4Y7mocaEJ_1.jpg!m_fill,w_280,h_210,f_jpg?from=ke.com
20240815,丰台,丰台其它,101123802674,崔村二里 3室1厅 南 北,235万,31642元/平,底层 (共5层) 3室1厅 | 74.27平米 | 南 北,https://ke-image.ljcdn.com/110000-inspection/pc1_uTpWXvO70_1.jpg!m_fill,w_280,h_210,f_jpg?from=ke.com
20240815,丰台,丰台其它,101123795134,满两年明厨明卫南北通透无遮挡环境好价格可谈,262万,30234元/平,低楼层 (共18层) | 2017年 | 3室1厅 | 86.66平米 | 南 北,https://ke-image.ljcdn.com/110000-inspection/b19a93ec-4b1f-4f4c-8b70-4e92d91c0144_1000.jpg!m_fill,w_280,h_210,f_jpg?from=ke.com
20240815,丰台,丰台其它,101123793384,建设三里 2室1厅 南 北,139万,20523元/平,低楼层 (共6层) 2室1厅 | 67.73平米 | 南 北,https://ke-image.ljcdn.com/110000-inspection/pc1_3fBuR2ezd_1.jpg!m_fill,w_280,h_210,f_jpg?from=ke.com
20240815,丰台,丰台其它,101123786439,领秀翡翠山B区 精装修顶层大复式 有地下室房主自荐,620万,42071元/平,顶层 (共6层) 4室2厅 | 147.37平米 | 南 北,https://ke-image.ljcdn.com/110000-inspection/pc1_NY2yo8yHz_2.jpg!m_fill,w_280,h_210,f_jpg?from=ke.com
20240815,丰台,丰台其它,101123776361,燕西华府有电梯顶层采光无遮挡,270万,36384元/平,顶层 (共6层) | 2016年 | 1室1厅 | 74.21平米 | 南,https://ke-image.ljcdn.com/110000-inspection/pc1_j8kepnDkW_1.jpg!m_fill,w_280,h_210,f_jpg?from=ke.com
20240815,丰台,丰台其它,101123772679,园博府 4室2厅 西 南 北,1650万,53607元/平,顶层 (共18层) | 2014年 | 4室2厅 | 307.8平米 | 西 南 北,https://ke-image.ljcdn.com/110000-inspection/pc1_I5yj0jtrJ_1.jpg!m_fill,w_280,h_210,f_jpg?from=ke.com
20240815,丰台,丰台其它,101123752056,领秀翡翠山B区顶层复式结构精装修全明格局,650万,47191元/平,顶层 (共6层) 3室2厅 | 137.74平米 | 南 北,https://ke-image.ljcdn.com/110000-inspection/pc1_m6uDQCnWo_2.jpg!m_fill,w_280,h_210,f_jpg?from=ke.com
20240815,丰台,丰台其它,101123734486,房子满五唯一精装修采光好。,430万,46397元/平,顶层 (共6层) | 2013年 | 4室2厅 | 92.68平米 | 南 北,https://ke-image.ljcdn.com/110000-inspection/pc1_9oOGP4Ve0_2.jpg!m_fill,w_280,h_210,f_jpg?from=ke.com
20240815,丰台,丰台其它,101123667969,汤泉墅全明格局 南北通透一居室  楼前无遮挡 采光充足,199万,38425元/平,中楼层 (共6层) | 2011年 | 1室1厅 | 51.79平米 | 南 北,https://ke-image.ljcdn.com/110000-inspection/pc1_BZntOKq6t_2.jpg!m_fill,w_280,h_210,f_jpg?from=ke.com
20240815,丰台,丰台其它,101123663207,卢西嘉园 3室1厅 南 北,349万,36268元/平,顶层 (共6层) 3室1厅 | 96.23平米 | 南 北,https://ke-image.ljcdn.com/110000-inspection/pc1_ieG5T7apg_1.jpg!m_fill,w_280,h_210,f_jpg?from=ke.com
20240815,丰台,丰台其它,101123662666,一层出行方便小区中间位置采光井采光面积大,700万,51313元/平,底层 (共6层) | 2016年 | 7室1厅 | 136.42平米 | 南 北,https://ke-image.ljcdn.com/110000-inspection/dfbd9de5-6912-4a20-8032-63dc0e859128_1000.jpg!m_fill,w_280,h_210,f_jpg?from=ke.com
20240815,丰台,丰台其它,101123661776,精装修 自住保持好 温泉水直接入户洋房社区,465万,37416元/平,中楼层 (共6层) | 2013年 | 3室1厅 | 124.28平米 | 南 北,https://ke-image.ljcdn.com/110000-inspection/pc1_I7O8Kr6RG_2.jpg!m_fill,w_280,h_210,f_jpg?from=ke.com
20240815,丰台,丰台其它,101123640069,中体奥林匹克花园二期 6室5厅 南 北,1396万,47707元/平,底层 (共3层) | 2008年 | 6室5厅 | 292.62平米 | 南 北,https://ke-image.ljcdn.com/110000-inspection/pc1_elBfnMVWM_1.jpg!m_fill,w_280,h_210,f_jpg?from=ke.com
20240815,丰台,丰台其它,101123558801,山语城一区 满五唯一 南北通透。,518万,43366元/平,底层 (共6层) 3室1厅 | 119.45平米 | 南 北,https://ke-image.ljcdn.com/110000-inspection/pc1_ComJPX0QB.jpg!m_fill,w_280,h_210,f_jpg?from=ke.com
20240815,丰台,丰台其它,101123532903,卢西嘉园  南北通透精装三居室   前后无遮挡采光好,458万,34533元/平,高楼层 (共6层) | 2006年 | 3室1厅 | 132.63平米 | 南 北 西,https://ke-image.ljcdn.com/110000-inspection/pc1_uSnr1nnqp_1.jpg!m_fill,w_280,h_210,f_jpg?from=ke.com
20240815,丰台,丰台其它,101123514244,南宫雅苑二期满五唯一南北格局采光充足中间楼栋,179万,22908元/平,顶层 (共5层) | 2009年 | 3室1厅 | 78.14平米 | 南,https://ke-image.ljcdn.com/110000-inspection/0793d4eb-8206-4e97-9b19-037f5e70956f_1000.jpg!m_fill,w_280,h_210,f_jpg?from=ke.com
20240815,丰台,丰台其它,101123497751,一层出行方便小区中间位置采光井采光面积大,770万,50836元/平,底层 (共6层) 5室3厅 | 151.47平米 | 南 北,https://ke-image.ljcdn.com/110000-inspection/pc1_jh3nWGeNf.jpg!m_fill,w_280,h_210,f_jpg?from=ke.com
20240815,丰台,丰台其它,101123477578,南宫雅苑一期 南北通透 双卫 中间层好位置,450万,34936元/平,中楼层 (共6层) 3室2厅 | 128.81平米 | 南 北,https://ke-image.ljcdn.com/110000-inspection/ae761ea0-fcd0-4477-abcd-32e0cf4f0b64_1000.jpg!m_fill,w_280,h_210,f_jpg?from=ke.com
20240815,丰台,丰台其它,101123474344,领秀翡翠山B区精装四居拎包入住,635万,40142元/平,中楼层 (共6层) 4室2厅 | 158.19平米 | 南 北,https://ke-image.ljcdn.com/110000-inspection/pc1_LD0Y0vYMB_2.jpg!m_fill,w_280,h_210,f_jpg?from=ke.com
20240815,丰台,丰台其它,101123465458,满五唯一南北通透复式结构房本只体现一层的面积,473万,40836元/平,顶层 (共6层) | 2015年 | 4室2厅 | 115.83平米 | 南 北,https://ke-image.ljcdn.com/110000-inspection/da3bedf3-c4f1-4f1f-88b5-e37ff78cc22d_1000.jpg!m_fill,w_280,h_210,f_jpg?from=ke.com
20240815,丰台,丰台其它,101123445153,复式结构视野采光好户型方正南北通透房主自荐,660万,48285元/平,顶层 (共6层) 5室2厅 | 136.69平米 | 南 北,https://ke-image.ljcdn.com/110000-inspection/pc1_Ctrtzp8Jq.jpg!m_fill,w_280,h_210,f_jpg?from=ke.com
20240815,丰台,丰台其它,101123440946,燕西华府 联排别墅  纯毛坯 东边户,1210万,32346元/平,底层 (共3层) | 2013年 | 5室2厅 | 374.09平米 | 南 北,https://ke-image.ljcdn.com/110000-inspection/pc1_v4I1I1Ktg_1.jpg!m_fill,w_280,h_210,f_jpg?from=ke.com
20240815,丰台,丰台其它,101123422031,领秀翡翠山B区别墅区毛坯采光好,960万,52297元/平,中楼层 (共4层) 4室2厅 | 183.57平米 | 南 北,https://ke-image.ljcdn.com/110000-inspection/pc1_kyrO6Ikx6.jpg!m_fill,w_280,h_210,f_jpg?from=ke.com
20240815,丰台,丰台其它,101123416951,《店长推荐》满五唯一 精装修 拎包入住,208万,39855元/平,高楼层 (共6层) | 2011年 | 1室1厅 | 52.19平米 | 南 北,https://ke-image.ljcdn.com/110000-inspection/291e411a-3ff3-4adf-965e-fc113c60ded5_1000.jpg!m_fill,w_280,h_210,f_jpg?from=ke.com
20240815,丰台,丰台其它,101123415280,燕西书院合院毛坯南端户采光无遮挡,985万,37656元/平,底层 (共3层) | 2021年 | 5室2厅 | 261.58平米 | 南 西,https://ke-image.ljcdn.com/110000-inspection/32ae8484-0768-4587-9649-5ce58df81b1b_1000.jpg!m_fill,w_280,h_210,f_jpg?from=ke.com
20240815,丰台,丰台其它,101123405419,领秀翡翠山A区洋房中间位置视野好。,1050万,46256元/平,中楼层 (共4层) 4室2厅 | 227平米 | 南 北,https://ke-image.ljcdn.com/110000-inspection/pc1_JRNKAhktV.jpg!m_fill,w_280,h_210,f_jpg?from=ke.com
20240815,丰台,丰台其它,101123404937,燕西华府 精装大下叠 满两年 边户花  园大,1400万,48368元/平,底层 (共4层) 5室2厅 | 289.45平米 | 南 北,https://ke-image.ljcdn.com/110000-inspection/e7971d91-774e-449b-a2f6-6eff516ed670_1000.jpg!m_fill,w_280,h_210,f_jpg?from=ke.com
20240815,丰台,丰台其它,101123398315,东山坡一里 满五年 南北通透 诚心出售,170万,27376元/平,低楼层 (共6层) | 1991年 | 2室1厅 | 62.1平米 | 南 北,https://ke-image.ljcdn.com/110000-inspection/pc1_3xFJo5RIL_1.jpg!m_fill,w_280,h_210,f_jpg?from=ke.com
20240815,丰台,丰台其它,101123389200,燕西华府客厅朝阳三个卧室朝阳高楼层视野好,880万,51526元/平,顶层 (共5层) 4室2厅 | 170.79平米 | 南 北,https://ke-image.ljcdn.com/110000-inspection/pc1_DzIpOUADz.jpg!m_fill,w_280,h_210,f_jpg?from=ke.com
20240815,丰台,丰台其它,101123377091,中体奥林匹克花园三期 5室3厅 南 北,1100万,41454元/平,底层 (共3层) 5室3厅 | 265.36平米 | 南 北,https://ke-image.ljcdn.com/110000-inspection/pc1_YnzPeMGmu_1.jpg!m_fill,w_280,h_210,f_jpg?from=ke.com
20240815,丰台,丰台其它,101123350773,东山坡三里 2室2厅 东 西,305万,25074元/平,顶层 (共6层) | 2004年 | 2室2厅 | 121.64平米 | 东 西,https://ke-image.ljcdn.com/110000-inspection/pc1_cBeN5bOQ4_1.jpg!m_fill,w_280,h_210,f_jpg?from=ke.com
20240815,丰台,丰台其它,101123298079,张郭庄小区 次顶层 采光好视野好,199万,25605元/平,高楼层 (共6层) 2室1厅 | 77.72平米 | 南 北,https://ke-image.ljcdn.com/110000-inspection/pc1_yhEL0rIxB_1.jpg!m_fill,w_280,h_210,f_jpg?from=ke.com
20240815,丰台,丰台其它,101123247816,长青路88号院 业主诚售 看房随时 拎包入住 随时签约房主自荐,1235万,68323元/平,底层 (共5层) 6室2厅 | 180.76平米 | 南 北,https://ke-image.ljcdn.com/110000-inspection/1ec80b46-01f9-486c-81c6-be4eed59ff65_1000.jpg!m_fill,w_280,h_210,f_jpg?from=ke.com
20240815,丰台,丰台其它,101123216690,南北通透户型 高品质之选 墅质洋房 看房方便,760万,40323元/平,高楼层 (共6层) | 2014年 | 4室2厅 | 188.48平米 | 南 北,https://ke-image.ljcdn.com/110000-inspection/ed80b526-399c-4efd-afe4-1299c45d5a2e_1000.jpg!m_fill,w_280,h_210,f_jpg?from=ke.com
20240815,丰台,丰台其它,101123209736,光明里 2室1厅 南 北,249万,33143元/平,底层 (共6层) 2室1厅 | 75.13平米 | 南 北,https://ke-image.ljcdn.com/110000-inspection/pc1_syZSlj6rp_1.jpg!m_fill,w_280,h_210,f_jpg?from=ke.com
20240815,丰台,丰台其它,101123153232,南宫雅苑二期 顶层跃层 南北通透,238万,30505元/平,顶层 (共5层) 3室1厅 | 78.02平米 | 南 北,https://ke-image.ljcdn.com/110000-inspection/pc1_pvsacnSeR_1.jpg!m_fill,w_280,h_210,f_jpg?from=ke.com
20240815,丰台,丰台其它,101123148606,燕西华府 电梯洋房方便进出 环境好,268万,30116元/平,低楼层 (共6层) 2室2厅 | 88.99平米 | 南 西,https://ke-image.ljcdn.com/110000-inspection/pc1_Q0zu6dmpV.jpg!m_fill,w_280,h_210,f_jpg?from=ke.com
20240815,丰台,丰台其它,101123114428,燕西华府联排别墅东边户两个车位,1280万,35948元/平,底层 (共3层) 5室2厅 | 356.07平米 | 南 北,https://ke-image.ljcdn.com/110000-inspection/b3be5d30-293b-487a-86f7-5422c98511dc_1000.jpg!m_fill,w_280,h_210,f_jpg?from=ke.com
20240815,丰台,丰台其它,101123112070,领秀翡翠山B区 不临路无遮挡,890万,49577元/平,底层 (共5层) 6室3厅 | 179.52平米 | 南 北,https://ke-image.ljcdn.com/110000-inspection/pc1_bRtfUxJS1.jpg!m_fill,w_280,h_210,f_jpg?from=ke.com
20240815,丰台,丰台其它,101123112056,燕西华府C区 双拼 双首层 东边户 视野好房主自荐,1580万,40145元/平,底层 (共2层) 6室3厅 | 393.58平米 | 南 北,https://ke-image.ljcdn.com/110000-inspection/26f35be1-e748-4363-80e9-10d2b763f61e_1000.jpg!m_fill,w_280,h_210,f_jpg?from=ke.com
20240815,丰台,丰台其它,101123105652,燕西华府 精装修 顶层带阁  楼  诚心出售,526万,43041元/平,顶层 (共6层) 3室2厅 | 122.21平米 | 南 北,https://ke-image.ljcdn.com/110000-inspection/77393891-4784-4627-8d69-b45808febeef_1000.jpg!m_fill,w_280,h_210,f_jpg?from=ke.com
20240815,丰台,丰台其它,101123102427,光明里 2室1厅 南 北,199万,25344元/平,低楼层 (共6层) 2室1厅 | 78.52平米 | 南 北,https://ke-image.ljcdn.com/110000-inspection/pc1_kNNvkRDU4_1.jpg!m_fill,w_280,h_210,f_jpg?from=ke.com
20240815,丰台,丰台其它,101123098822,珠光逸景二期 2室1厅 南,318万,40619元/平,底层 (共6层) | 2014年 | 2室1厅 | 78.29平米 | 南,https://ke-image.ljcdn.com/110000-inspection/pc1_lozXErjWc_1.jpg!m_fill,w_280,h_210,f_jpg?from=ke.com
20240815,丰台,丰台其它,101123079648,四层空间客厅挑空不算面积地下两层层高算单层面积,960万,38200元/平,底层 (共4层) | 2017年 | 4室2厅 | 251.31平米 | 南 北,https://ke-image.ljcdn.com/110000-inspection/pc1_LA0GMRJXM_1.jpg!m_fill,w_280,h_210,f_jpg?from=ke.com
20240815,丰台,丰台其它,101123079156,南宫智苑 业主诚售 看房方便 随时签约 采光充足,238万,28990元/平,高楼层 (共6层) | 2009年 | 3室1厅 | 82.1平米 | 南 北,https://ke-image.ljcdn.com/110000-inspection/cb348090-4c4c-4e5d-be4d-bd49fd4ab406_1000.jpg!m_fill,w_280,h_210,f_jpg?from=ke.com
20240815,丰台,丰台其它,101123031557,建设一里 2室1厅 南 北,159万,25159元/平,高楼层 (共6层) 2室1厅 | 63.2平米 | 南 北,https://ke-image.ljcdn.com/110000-inspection/pc1_1bxkRKfOZ_1.jpg!m_fill,w_280,h_210,f_jpg?from=ke.com
20240815,丰台,丰台其它,101123028425,边户型地势高位置好采光充足；业主自住的精装修,1400万,50052元/平,底层 (共4层) 5室3厅 | 279.71平米 | 南 西 北,https://ke-image.ljcdn.com/110000-inspection/7128c239-35d2-4b71-a209-c8992aea02f3_1000.jpg!m_fill,w_280,h_210,f_jpg?from=ke.com
20240815,丰台,丰台其它,101123023498,燕西华府 顶层带阁  楼 精装三居室,578万,47389元/平,顶层 (共6层) 3室2厅 | 121.97平米 | 南 北,https://ke-image.ljcdn.com/110000-inspection/pc1_rAE0OLGYh.jpg!m_fill,w_280,h_210,f_jpg?from=ke.com
20240815,丰台,丰台其它,101123017343,领秀翡翠山B区南北通透 自住精装修,650万,41526元/平,低楼层 (共6层) | 2016年 | 4室2厅 | 156.53平米 | 南 北,https://ke-image.ljcdn.com/110000-inspection/f2ac81bc-071d-4099-a3aa-c0424812b4d2_1000.jpg!m_fill,w_280,h_210,f_jpg?from=ke.com
20240815,丰台,丰台其它,101123009972,建设二里 2室1厅 南 北,130万,20904元/平,中楼层 (共6层) 2室1厅 | 62.19平米 | 南 北,https://ke-image.ljcdn.com/110000-inspection/pc1_qdzHaTBKR_1.jpg!m_fill,w_280,h_210,f_jpg?from=ke.com
20240815,丰台,丰台其它,101123008746,领秀翡翠山B区正对中间水系前后楼间距大中式装修,999万,42737元/平,中楼层 (共4层) | 2015年 | 4室2厅 | 233.76平米 | 南 北 西,https://ke-image.ljcdn.com/110000-inspection/pc1_XyqKpvQVm_1.jpg!m_fill,w_280,h_210,f_jpg?from=ke.com
20240815,丰台,丰台其它,101123004900,东边户自住的精装修有租赁车位满五唯一房主自荐,1000万,43274元/平,中楼层 (共4层) | 2014年 | 4室2厅 | 231.09平米 | 东 南 北,https://ke-image.ljcdn.com/110000-inspection/0d678f5d-88bc-44b4-953b-47a040592fd3_1000.jpg!m_fill,w_280,h_210,f_jpg?from=ke.com
20240815,丰台,丰台其它,101122996890,南宫智苑 看房方便 精装保持好 价格可谈 随时签约房主自荐,424万,32305元/平,高楼层 (共6层) | 2009年 | 3室2厅 | 131.25平米 | 南 北,https://ke-image.ljcdn.com/110000-inspection/pc1_3b08ZCgCA_1.jpg!m_fill,w_280,h_210,f_jpg?from=ke.com
20240815,丰台,丰台其它,101122995941,南侧采光面14.5米客厅朝阳三个卧室朝阳全明格局,750万,43852元/平,中楼层 (共5层) | 2016年 | 4室2厅 | 171.03平米 | 南 北,https://ke-image.ljcdn.com/110000-inspection/pc1_fws73qFP1.jpg!m_fill,w_280,h_210,f_jpg?from=ke.com
20240815,丰台,丰台其它,101122995365,楼下三室两厅两卫楼上三面窗子房本只计算楼下面积,756万,50576元/平,顶层 (共6层) | 2014年 | 4室2厅 | 149.48平米 | 南 西 北,https://ke-image.ljcdn.com/110000-inspection/pc1_0oe9tkiDh_1.jpg!m_fill,w_280,h_210,f_jpg?from=ke.com
20240815,丰台,丰台其它,101122990934,领秀翡翠山B区  精装平墅 拎包入住,990万,42352元/平,中楼层 (共4层) 4室1厅 | 233.76平米 | 南 北,https://ke-image.ljcdn.com/110000-inspection/pc1_4Id0OT2ij_2.jpg!m_fill,w_280,h_210,f_jpg?from=ke.com
20240815,丰台,丰台其它,101122989166,南宫雅苑二期 精装修 业主诚心卖,518万,30319元/平,顶层 (共6层) 4室1厅 | 170.85平米 | 南 北,https://ke-image.ljcdn.com/110000-inspection/pc1_x9Vf37zGa_2.jpg!m_fill,w_280,h_210,f_jpg?from=ke.com
20240815,丰台,丰台其它,101122987766,山语城 精装大五居 一层一户有地下室和车位,660万,38377元/平,低楼层 (共6层) 5室1厅 | 171.98平米 | 南 北,https://ke-image.ljcdn.com/110000-inspection/pc1_PqxaFXlIj.jpg!m_fill,w_280,h_210,f_jpg?from=ke.com
20240815,丰台,丰台其它,101122987325,满五唯一南北通透全明格局净层高高宽敞明亮,295万,29339元/平,高楼层 (共6层) 2室2厅 | 100.55平米 | 南 北,https://ke-image.ljcdn.com/110000-inspection/pc1_JmQbIT0Xl.jpg!m_fill,w_280,h_210,f_jpg?from=ke.com
20240815,丰台,丰台其它,101122986563,房本满两年只产生一个契税精装修集中供暖,630万,49619元/平,低楼层 (共6层) 4室2厅 | 126.97平米 | 南 北,https://ke-image.ljcdn.com/110000-inspection/d83966d8-ce7a-4b58-8cee-83e532740ef4_1000.jpg!m_fill,w_280,h_210,f_jpg?from=ke.com
20240815,丰台,丰台其它,101122985843,别墅区里的洋房次顶层基本装修已经完成,630万,45722元/平,高楼层 (共6层) | 2018年 | 3室2厅 | 137.79平米 | 南 北,https://ke-image.ljcdn.com/110000-inspection/pc1_ZEx3KCyyK_1.jpg!m_fill,w_280,h_210,f_jpg?from=ke.com
20240815,丰台,丰台其它,101122985146,三阳开泰户型客厅朝阳两个卧室朝阳独立餐厅,650万,42023元/平,中楼层 (共6层) | 2014年 | 3室2厅 | 154.68平米 | 南 北,https://ke-image.ljcdn.com/110000-inspection/pc1_GRDeGahe7_1.jpg!m_fill,w_280,h_210,f_jpg?from=ke.com
20240815,丰台,丰台其它,101122976670,领秀翡翠山B区 联排别墅 大面宽,1380万,49211元/平,底层 (共3层) 6室1厅 | 280.43平米 | 南 北,https://ke-image.ljcdn.com/110000-inspection/pc1_O0DUpkcA5.jpg!m_fill,w_280,h_210,f_jpg?from=ke.com
20240815,丰台,丰台其它,101122976151,领秀翡翠山B区 南北通透 中间视野 采光好,650万,42407元/平,高楼层 (共6层) 3室2厅 | 153.28平米 | 南 北,https://ke-image.ljcdn.com/110000-inspection/pc1_5pGuL1nUT.jpg!m_fill,w_280,h_210,f_jpg?from=ke.com
20240815,丰台,丰台其它,101122970324,卢西嘉园  两居室   落地飘窗  南北通透   公摊小,246万,31338元/平,高楼层 (共6层) 2室1厅 | 78.5平米 | 南 北,https://ke-image.ljcdn.com/110000-inspection/17a600a8-d529-4cc0-8dd5-e80cda40bc5e_1000.jpg!m_fill,w_280,h_210,f_jpg?from=ke.com
20240815,丰台,丰台其它,101122969292,小区至高点水系旁大独栋自带电梯使用空间大,2960万,34389元/平,底层 (共3层) | 2013年 | 6室3厅 | 860.76平米 | 东 南 西 北,https://ke-image.ljcdn.com/110000-inspection/f2091e97-449c-4770-8ef1-ef3f061b36a5_1000.jpg!m_fill,w_280,h_210,f_jpg?from=ke.com
20240815,丰台,丰台其它,101122968807,客厅朝阳三个卧室朝阳两个卫生间都有窗子有车位房主自荐,695万,40694元/平,中楼层 (共5层) | 2016年 | 4室2厅 | 170.79平米 | 南 北,https://ke-image.ljcdn.com/110000-inspection/pc1_Zd9ZTtLmG.jpg!m_fill,w_280,h_210,f_jpg?from=ke.com
20240815,丰台,丰台其它,101122967587,燕西书院 精装修拎包入住 一居室,351万,57912元/平,中楼层 (共5层) 1室1厅 | 60.61平米 | 南,https://ke-image.ljcdn.com/110000-inspection/pc1_YwDH7Siqn.jpg!m_fill,w_280,h_210,f_jpg?from=ke.com
20240815,丰台,丰台其它,101122966921,燕西华府 联排别墅 毛坯房源 有天有地 看房随时,1038万,27594元/平,底层 (共3层) 5室4厅 | 376.18平米 | 南 北,https://ke-image.ljcdn.com/110000-inspection/pc1_8iArwCQpg_2.jpg!m_fill,w_280,h_210,f_jpg?from=ke.com
20240815,丰台,丰台其它,101122966898,长青路88号院 双首层花园 业主精装修 看房方便,1395万,51871元/平,底层 (共3层) | 2018年 | 5室3厅 | 268.94平米 | 南 北,https://ke-image.ljcdn.com/110000-inspection/pc1_PHfmqhsOZ_1.jpg!m_fill,w_280,h_210,f_jpg?from=ke.com
20240815,丰台,丰台其它,101122962055,山语城三区 满五唯一 精装修 户型方正,720万,52930元/平,底层 (共6层) 5室1厅 | 136.03平米 | 南 北,https://ke-image.ljcdn.com/110000-inspection/a02c0171-e0b0-4ccb-8fea-bef92027469c_1000.jpg!m_fill,w_280,h_210,f_jpg?from=ke.com
20240815,丰台,丰台其它,101122954776,六层洋房 中间楼层 视野开阔 采光充足 看房随时,795万,42807元/平,中楼层 (共6层) | 2014年 | 4室2厅 | 185.72平米 | 南 北,https://ke-image.ljcdn.com/110000-inspection/pc1_1HzXxK01l.jpg!m_fill,w_280,h_210,f_jpg?from=ke.com
20240815,丰台,丰台其它,101122943266,东山坡二里 2室1厅 南 北,249万,36944元/平,中楼层 (共5层) 2室1厅 | 67.4平米 | 南 北,https://ke-image.ljcdn.com/110000-inspection/pc1_bFtDg8Qil_1.jpg!m_fill,w_280,h_210,f_jpg?from=ke.com
20240815,丰台,丰台其它,101122884608,领秀翡翠山A区 200万精装平墅 拎包入住房主自荐,1096万,49862元/平,顶层 (共4层) | 2014年 | 5室2厅 | 219.81平米 | 南 北,https://ke-image.ljcdn.com/110000-inspection/pc1_YmR8MVY9I_1.jpg!m_fill,w_280,h_210,f_jpg?from=ke.com
20240815,丰台,丰台其它,101122877488,领秀翡翠山A区 满五唯一 法式装修 改善型居住体验房主自荐,1288万,63836元/平,底层 (共4层) | 2014年 | 4室2厅 | 201.77平米 | 南 北,https://ke-image.ljcdn.com/110000-inspection/pc1_CrX6sukyX.jpg!m_fill,w_280,h_210,f_jpg?from=ke.com
20240815,丰台,丰台其它,101122845981,边户型卫生间有窗子位置好视野开阔满五唯一房主自荐,960万,39319元/平,底层 (共4层) 5室3厅 | 244.16平米 | 南 西 北,https://ke-image.ljcdn.com/110000-inspection/pc1_Vqe8ve8YO_1.jpg!m_fill,w_280,h_210,f_jpg?from=ke.com
20240815,丰台,丰台其它,101122829478,园博嘉园  无遮挡 诚意卖 r人车分流,439万,48963元/平,低楼层 (共15层) 2室1厅 | 89.66平米 | 南 北,https://ke-image.ljcdn.com/110000-inspection/pc1_obLocumki.jpg!m_fill,w_280,h_210,f_jpg?from=ke.com
20240815,丰台,丰台其它,101122812861,汤泉墅 满五唯一 精装修 户型方正,359万,39274元/平,高楼层 (共6层) | 2011年 | 2室1厅 | 91.41平米 | 南 北,https://ke-image.ljcdn.com/110000-inspection/eab0fcd8-1c0d-4298-aeaf-a5876704b18a_1000.jpg!m_fill,w_280,h_210,f_jpg?from=ke.com
20240815,丰台,丰台其它,101122795609,山语城一区 全明格局 欧式装修 看房方便 随时签约,595万,49683元/平,底层 (共6层) | 2012年 | 3室2厅 | 119.76平米 | 南 北,https://ke-image.ljcdn.com/110000-inspection/pc1_hl7cfebi6_1.jpg!m_fill,w_280,h_210,f_jpg?from=ke.com
20240815,丰台,丰台其它,101122750051,燕西华府 联排别墅 东边户型 采光充足 业主售房诚意高,1300万,34871元/平,底层 (共3层) 5室2厅 | 372.81平米 | 南 北,https://ke-image.ljcdn.com/110000-inspection/pc1_SPpGJn2Xc_1.jpg!m_fill,w_280,h_210,f_jpg?from=ke.com
20240815,丰台,丰台其它,101122748753,南宫雅苑二期 满五唯一 4层跃5层的花园洋房,458万,26683元/平,顶层 (共4层) | 2009年 | 4室2厅 | 171.65平米 | 南 北,https://ke-image.ljcdn.com/110000-inspection/9d1f24c0-8b6f-4035-8887-cd2b024d938b_1000.jpg!m_fill,w_280,h_210,f_jpg?from=ke.com
20240815,丰台,丰台其它,101122735129,私家电梯大大的花 园可高达6层的使用空间,726万,35358元/平,中楼层 (共4层) 4室2厅 | 205.33平米 | 南 北,https://ke-image.ljcdn.com/110000-inspection/pc1_2XfQdh4NW_1.jpg!m_fill,w_280,h_210,f_jpg?from=ke.com
20240815,丰台,丰台其它,101122735124,联排别墅东边户地上三层地下一层有电梯,1680万,47135元/平,底层 (共3层) | 2013年 | 5室3厅 | 356.43平米 | 东 南 北,https://ke-image.ljcdn.com/110000-inspection/76d07a42-bcbd-4353-88f1-4f7670768062_1000.jpg!m_fill,w_280,h_210,f_jpg?from=ke.com
20240815,丰台,丰台其它,101122729905,南宫雅苑 采光视野好 精装有充电桩车位,310万,30121元/平,高楼层 (共6层) | 2005年 | 3室2厅 | 102.92平米 | 南 北,https://ke-image.ljcdn.com/110000-inspection/pc1_puKbrW1Et.jpg!m_fill,w_280,h_210,f_jpg?from=ke.com
20240815,丰台,丰台其它,101122725696,燕西华府 别墅区洋房 位置好看房方便,259万,31632元/平,底层 (共6层) 2室1厅 | 81.88平米 | 南 北,https://ke-image.ljcdn.com/110000-inspection/pc1_Ek0PvCEvz.jpg!m_fill,w_280,h_210,f_jpg?from=ke.com
20240815,丰台,丰台其它,101122716038,精装科技住宅首套1.5%南北通透环境好出行方便,700万,55578元/平,高楼层 (共13层) 3室2厅 | 125.95平米 | 南 北,https://ke-image.ljcdn.com/110000-inspection/8b5f862e-84bd-4037-9f79-a68af731aa5b_1000.jpg!m_fill,w_280,h_210,f_jpg?from=ke.com
20240815,丰台,丰台其它,101122685512,精装联排私家电梯  南北通透  大面宽短进深,1480万,52901元/平,底层 (共3层) 5室2厅 | 279.77平米 | 南 北,https://ke-image.ljcdn.com/110000-inspection/pc1_3ByoHLoPv_1.jpg!m_fill,w_280,h_210,f_jpg?from=ke.com
20240815,丰台,丰台其它,101122657428,环境优美 满五唯一采光好南北通透户型,455万,39103元/平,中楼层 (共6层) | 2014年 | 3室1厅 | 116.36平米 | 南 北,https://ke-image.ljcdn.com/110000-inspection/488063d1-852a-44d0-8006-6d31cdcc6d50_1000.jpg!m_fill,w_280,h_210,f_jpg?from=ke.com
20240815,丰台,丰台其它,101122655132,领秀翡翠山A区 精装复式 南北通透 拎包入住,870万,57966元/平,顶层 (共6层) | 2017年 | 4室2厅 | 150.09平米 | 南 北,https://ke-image.ljcdn.com/110000-inspection/pc1_ecEkWiwkc_1.jpg!m_fill,w_280,h_210,f_jpg?from=ke.com
20240815,丰台,丰台其它,101122654690,领秀翡翠山A区 正规四居室 南北通透 中间层,756万,40709元/平,中楼层 (共6层) | 2014年 | 4室2厅 | 185.71平米 | 南 北,https://ke-image.ljcdn.com/110000-inspection/pc1_j2JmKOE9a_1.jpg!m_fill,w_280,h_210,f_jpg?from=ke.com
20240815,丰台,丰台其它,101122654025,领秀翡翠山B区 南北通透大四居 精装修 次顶层,1280万,56411元/平,中楼层 (共4层) | 2015年 | 4室2厅 | 226.91平米 | 南 北,https://ke-image.ljcdn.com/110000-inspection/pc1_oP2tKa1UH.jpg!m_fill,w_280,h_210,f_jpg?from=ke.com
20240815,丰台,丰台其它,101122654010,长青路88号院双首层精装修拎包入住业主售房诚意高,1550万,57448元/平,底层 (共3层) 5室3厅 | 269.81平米 | 南 北,https://ke-image.ljcdn.com/110000-inspection/pc1_JWIbwWO4Y.jpg!m_fill,w_280,h_210,f_jpg?from=ke.com
20240815,丰台,丰台其它,101122651254,远眺西山全貌、燕西书院顶层复式结构好房楼上有天窗,660万,51818元/平,顶层 (共6层) 4室2厅 | 127.37平米 | 南 北,https://ke-image.ljcdn.com/110000-inspection/pc1_hlcmmVubT_2.jpg!m_fill,w_280,h_210,f_jpg?from=ke.com
20240815,丰台,丰台其它,101122636777,领秀翡翠山B区  不临路 四居三卫 精装,1038万,45746元/平,中楼层 (共4层) 4室2厅 | 226.91平米 | 南 北,https://ke-image.ljcdn.com/110000-inspection/pc1_OR1MFxXvY.jpg!m_fill,w_280,h_210,f_jpg?from=ke.com
20240815,丰台,丰台其它,101122631708,燕西华府联排别墅满五唯一精装,1780万,49065元/平,底层 (共3层) | 2013年 | 6室1厅 | 362.79平米 | 南 北,https://ke-image.ljcdn.com/110000-inspection/pc1_yCCaGlDDi.jpg!m_fill,w_280,h_210,f_jpg?from=ke.com
20240815,丰台,丰台其它,101122631216,南北通透 层高高 小区私密性好 西边户,900万,53681元/平,中楼层 (共4层) | 2017年 | 2室2厅 | 167.66平米 | 南 北 西,https://ke-image.ljcdn.com/110000-inspection/972beaa6-b25c-4531-8448-1c8991277bef_1000.jpg!m_fill,w_280,h_210,f_jpg?from=ke.com
20240815,丰台,丰台其它,101122610555,叠拼别墅中的上叠有电梯六层的使用空间有花园,1080万,53171元/平,中楼层 (共4层) | 2017年 | 5室2厅 | 203.12平米 | 南 北,https://ke-image.ljcdn.com/110000-inspection/5463452e-c317-460b-a7ad-5a7bde816f89_1000.jpg!m_fill,w_280,h_210,f_jpg?from=ke.com
20240815,丰台,丰台其它,101122610559,南北通透三面采光全明格局满五唯一诚意出售,369万,35976元/平,高楼层 (共6层) 3室2厅 | 102.57平米 | 南 北,https://ke-image.ljcdn.com/110000-inspection/pc1_yONRxeerh.jpg!m_fill,w_280,h_210,f_jpg?from=ke.com
20240815,丰台,丰台其它,101122606414,顶层复式结构客厅带阳台楼上两面窗子满五唯一,645万,43347元/平,顶层 (共6层) | 2015年 | 5室2厅 | 148.8平米 | 南 北,https://ke-image.ljcdn.com/110000-inspection/ab1c5084-2fbd-4050-8529-b0bfd124e643_1000.jpg!m_fill,w_280,h_210,f_jpg?from=ke.com
20240815,丰台,丰台其它,101122600299,位置好南向花园50平米地下二层135平米,898万,41600元/平,底层 (共5层) 4室2厅 | 215.87平米 | 南 北,https://ke-image.ljcdn.com/110000-inspection/pc1_nefwo19Za.jpg!m_fill,w_280,h_210,f_jpg?from=ke.com
20240815,丰台,丰台其它,101122600294,南北通透4居3卫户型满五唯一诚心出售,850万,45638元/平,中楼层 (共5层) 4室2厅 | 186.25平米 | 南 北,https://ke-image.ljcdn.com/110000-inspection/pc1_VvuTej2bd_1.jpg!m_fill,w_280,h_210,f_jpg?from=ke.com
20240815,丰台,丰台其它,101122600221,南北通透南北阳台不计入房本高楼层采光视野好,520万,40897元/平,中楼层 (共6层) 4室2厅 | 127.15平米 | 南 北,https://ke-image.ljcdn.com/110000-inspection/272203a8-665e-4ca0-85f8-b5ae84473006_1000.jpg!m_fill,w_280,h_210,f_jpg?from=ke.com
20240815,丰台,丰台其它,101122599593,燕西华府 双卧朝南 采光好 户型好,294万,32883元/平,中楼层 (共6层) 2室1厅 | 89.41平米 | 南,https://ke-image.ljcdn.com/110000-inspection/pc1_Qk4skNuEO.jpg!m_fill,w_280,h_210,f_jpg?from=ke.com
20240815,丰台,丰台其它,101122589543,一层带下跃的复式结构精致装修边户型三面采光,1500万,67398元/平,底层 (共4层) 6室3厅 | 222.56平米 | 南 西 北,https://ke-image.ljcdn.com/110000-inspection/fb2a414d-62bb-4155-acee-32bc6a6d4476_1000.jpg!m_fill,w_280,h_210,f_jpg?from=ke.com
20240815,丰台,丰台其它,101122588029,南宫雅苑二期一层新装修满两年储物间,379万,39620元/平,底层 (共5层) | 2009年 | 3室2厅 | 95.66平米 | 南 北,https://ke-image.ljcdn.com/110000-inspection/pc1_VrDIEnie3.jpg!m_fill,w_280,h_210,f_jpg?from=ke.com
20240815,丰台,丰台其它,101122587952,燕西华府 一层下跃 不临路 电梯分户入户,785万,36724元/平,底层 (共6层) | 2018年 | 3室2厅 | 213.76平米 | 南 北,https://ke-image.ljcdn.com/110000-inspection/pc1_grgULfrio_1.jpg!m_fill,w_280,h_210,f_jpg?from=ke.com
20240815,丰台,丰台其它,101122584039,领秀翡翠山A区 经典的眼睛户型 南北通透  满五唯一,638万,40563元/平,中楼层 (共6层) | 2014年 | 3室2厅 | 157.29平米 | 南 北,https://ke-image.ljcdn.com/110000-inspection/pc1_bNJMakeCZ_1.jpg!m_fill,w_280,h_210,f_jpg?from=ke.com
20240815,丰台,丰台其它,101122573035,汤泉墅 2室1厅 南 北,233万,39219元/平,底层 (共5层) 2室1厅 | 59.41平米 | 南 北,https://ke-image.ljcdn.com/110000-inspection/pc1_NNX2yEgme.jpg!m_fill,w_280,h_210,f_jpg?from=ke.com
20240815,丰台,丰台其它,101122558411,南宫雅苑二期 顶层复式 南北通透  采光很好,238万,31006元/平,中楼层 (共5层) 2室1厅 | 76.76平米 | 南 北,https://ke-image.ljcdn.com/110000-inspection/pc1_w7DvOWOn5.jpg!m_fill,w_280,h_210,f_jpg?from=ke.com
20240815,丰台,丰台其它,101122550646,燕西华府 1室1厅 南,320万,52797元/平,中楼层 (共5层) 1室1厅 | 60.61平米 | 南,https://ke-image.ljcdn.com/110000-inspection/pc1_I88SVIqNu.jpg!m_fill,w_280,h_210,f_jpg?from=ke.com
20240815,丰台,丰台其它,101122467600,园博府府系住宅满五唯一南北通透适合改善家庭,1500万,51469元/平,底层 (共22层) | 2014年 | 4室2厅 | 291.44平米 | 南 北,https://ke-image.ljcdn.com/110000-inspection/pc1_PTKnQMCfR_1.jpg!m_fill,w_280,h_210,f_jpg?from=ke.com
20240815,丰台,丰台其它,101122421049,珠光御景西园南北三居精装修领包入住。靠谱出售,524万,38316元/平,顶层 (共9层) 3室1厅 | 136.76平米 | 南 北,https://ke-image.ljcdn.com/110000-inspection/pc1_a25AqE0Iu_1.jpg!m_fill,w_280,h_210,f_jpg?from=ke.com
20240815,丰台,丰台其它,101122355101,珠光逸景二期 2室1厅 南 西 北,278万,36744元/平,顶层 (共6层) | 2013年 | 2室1厅 | 75.66平米 | 南 西 北,https://ke-image.ljcdn.com/110000-inspection/pc1_pYeY79KRE_1.jpg!m_fill,w_280,h_210,f_jpg?from=ke.com
20240815,丰台,丰台其它,101122349102,中体奥林匹克花园二期 5室2厅 南 北,860万,36537元/平,地下室 (共3层) 5室2厅 | 235.38平米 | 南 北,https://ke-image.ljcdn.com/110000-inspection/pc1_YGnY3FHB0_1.jpg!m_fill,w_280,h_210,f_jpg?from=ke.com
20240815,丰台,丰台其它,101122301434,汤泉墅小区 纯南向 小区中间位置 视野好,239万,32980元/平,低楼层 (共6层) | 2011年 | 1室1厅 | 72.47平米 | 南,https://ke-image.ljcdn.com/110000-inspection/pc1_IMXic3Qxs.jpg!m_fill,w_280,h_210,f_jpg?from=ke.com
20240815,丰台,丰台其它,101122276532,燕西华府 电梯洋房方便进出 环境好房主自荐,276万,31033元/平,底层 (共6层) 2室1厅 | 88.94平米 | 西南,https://ke-image.ljcdn.com/110000-inspection/pc1_09HN2IcUP_1.jpg!m_fill,w_280,h_210,f_jpg?from=ke.com
20240815,丰台,丰台其它,101122253234,园博嘉园正规一居室满五年唯一诚心出售,265万,45856元/平,底层 (共15层) 1室0厅 | 57.79平米 | 南,https://ke-image.ljcdn.com/110000-inspection/pc1_dVElC8F0o.jpg!m_fill,w_280,h_210,f_jpg?from=ke.com
20240815,丰台,丰台其它,101122218994,园博嘉园满五唯一商品房2014年楼龄新,427万,48918元/平,低楼层 (共18层) | 2014年 | 2室1厅 | 87.29平米 | 东 西,https://ke-image.ljcdn.com/110000-inspection/pc1_xgM2kSG4k_1.jpg!m_fill,w_280,h_210,f_jpg?from=ke.com
20240815,丰台,丰台其它,101122208047,园博府 6室2厅 南 北,1800万,48631元/平,顶层 (共18层) | 2014年 | 6室2厅 | 370.14平米 | 南 北,https://ke-image.ljcdn.com/110000-inspection/pc1_I5hTbq0un_1.jpg!m_fill,w_280,h_210,f_jpg?from=ke.com
20240815,丰台,丰台其它,101122179897,珠光逸景二期 1室1厅 南,210万,37913元/平,中楼层 (共6层) | 2013年 | 1室1厅 | 55.39平米 | 南,https://ke-image.ljcdn.com/110000-inspection/pc1_UUEOYl4hy_1.jpg!m_fill,w_280,h_210,f_jpg?from=ke.com
20240815,丰台,丰台其它,101122100063,领秀翡翠山B区 中间位置 精装大四居,1380万,59035元/平,中楼层 (共4层) 4室2厅 | 233.76平米 | 南 北,https://ke-image.ljcdn.com/110000-inspection/pc1_31P7gyu41.jpg!m_fill,w_280,h_210,f_jpg?from=ke.com
20240815,丰台,丰台其它,101122079388,精装修 南北通透 满五唯一 看房方便,676万,45918元/平,顶层 (共6层) 4室2厅 | 147.22平米 | 南 北,https://ke-image.ljcdn.com/110000-inspection/pc1_ccR7jO80a.jpg!m_fill,w_280,h_210,f_jpg?from=ke.com
20240815,丰台,丰台其它,101122063807,山语城三区 南北四居室 六层洋房社区,780万,45100元/平,底层 (共6层) | 2015年 | 4室3厅 | 172.95平米 | 南 北,https://ke-image.ljcdn.com/110000-inspection/pc1_UsKWuQbxN_1.jpg!m_fill,w_280,h_210,f_jpg?from=ke.com
20240815,丰台,丰台其它,101122026784,山语城一区 7室2厅 南 北,730万,43879元/平,底层 (共6层) | 2013年 | 7室2厅 | 166.37平米 | 南 北,https://ke-image.ljcdn.com/110000-inspection/pc1_6BDEYEb0V_1.jpg!m_fill,w_280,h_210,f_jpg?from=ke.com
20240815,丰台,丰台其它,101122006668,万年生态园联排别墅环境好诚心出售,2350万,66749元/平,底层 (共3层) | 2014年 | 5室2厅 | 352.07平米 | 南 北,https://ke-image.ljcdn.com/110000-inspection/pc1_lrfD51tKz_1.jpg!m_fill,w_280,h_210,f_jpg?from=ke.com
20240815,丰台,丰台其它,101121975665,精装修没怎么住复式结构楼下三个采光窗通透明亮,996万,55001元/平,底层 (共5层) 6室3厅 | 181.09平米 | 南 北,https://ke-image.ljcdn.com/110000-inspection/6108ae22-06d7-4ede-9d05-0cd89cd0aa5d_1000.jpg!m_fill,w_280,h_210,f_jpg?from=ke.com
20240815,丰台,丰台其它,101121930425,长馨园 2室1厅 南 北,229万,31979元/平,高楼层 (共16层) | 2013年 | 2室1厅 | 71.61平米 | 南 北,https://ke-image.ljcdn.com/110000-inspection/62a9278f-36d8-46c5-892b-8e5a258da88a_1000.jpg!m_fill,w_280,h_210,f_jpg?from=ke.com
20240815,丰台,丰台其它,101121805132,张郭庄小区正规的三居室精装修可以拎包入住,209万,32404元/平,中楼层 (共6层) | 1983年 | 3室1厅 | 64.5平米 | 南 北,https://ke-image.ljcdn.com/110000-inspection/pc1_PwzP1IkIi_1.jpg!m_fill,w_280,h_210,f_jpg?from=ke.com
20240815,丰台,丰台其它,101121741072,珠江御景 3室2厅 北 南,438万,33706元/平,底层 (共11层) | 2008年 | 3室2厅 | 129.95平米 | 北 南,https://ke-image.ljcdn.com/110000-inspection/pc1_WYFVYvGQB_1.jpg!m_fill,w_280,h_210,f_jpg?from=ke.com
20240815,丰台,丰台其它,101121679333,中体奥林匹克花园二期 4室3厅 南 北,1188万,52916元/平,底层 (共3层) 4室3厅 | 224.51平米 | 南 北,https://ke-image.ljcdn.com/110000-inspection/pc1_IvNhUKfBY_1.jpg!m_fill,w_280,h_210,f_jpg?from=ke.com
20240815,丰台,丰台其它,101121577024,精装修一居 南向采光好 满五年唯一大产权 可以贷款,190万,34303元/平,顶层 (共6层) | 2013年 | 1室1厅 | 55.39平米 | 南,https://ke-image.ljcdn.com/110000-inspection/pc1_wTFYroUuU.jpg!m_fill,w_280,h_210,f_jpg?from=ke.com
20240815,丰台,丰台其它,101121520587,长辛店东山坡二里户型方正 采光好,115万,23722元/平,顶层 (共4层) 2室0厅 | 48.48平米 | 南,https://ke-image.ljcdn.com/110000-inspection/pc1_Z2iKbf9Y5_1.jpg!m_fill,w_280,h_210,f_jpg?from=ke.com
20240815,丰台,丰台其它,101121478651,园博府 科技住宅 看房方便 环境好,670万,46335元/平,低楼层 (共18层) | 2014年 | 3室2厅 | 144.6平米 | 南 北,https://ke-image.ljcdn.com/110000-inspection/abe6cb3f-3919-4bfa-8114-32dbf3a4bf5f_1000.jpg!m_fill,w_280,h_210,f_jpg?from=ke.com
20240815,丰台,丰台其它,101121450261,建设三里 正规三居室 全明格局 看房随时,165万,24405元/平,高楼层 (共6层) 3室1厅 | 67.61平米 | 南 北,https://ke-image.ljcdn.com/110000-inspection/pc1_kv7cKmHsS_1.jpg!m_fill,w_280,h_210,f_jpg?from=ke.com
20240815,丰台,丰台其它,101121427783,中体奥林匹克花园一期 3室2厅 南 北房主自荐,499万,37040元/平,顶层 (共6层) 3室2厅 | 134.72平米 | 南 北,https://ke-image.ljcdn.com/110000-inspection/pc1_OP5yEyOIu_1.jpg!m_fill,w_280,h_210,f_jpg?from=ke.com
20240815,丰台,丰台其它,101121418742,精装修一居 满五年唯一 商品房本 南向采光充足,220万,39719元/平,顶层 (共6层) | 2013年 | 1室1厅 | 55.39平米 | 南,https://ke-image.ljcdn.com/110000-inspection/pc1_ZjpKidHEx_1.jpg!m_fill,w_280,h_210,f_jpg?from=ke.com
20240815,丰台,丰台其它,101121275069,长馨园小区低楼层两居室南北通透看房方便靠谱卖,209万,29231元/平,低楼层 (共15层) | 2013年 | 2室1厅 | 71.5平米 | 南 北,https://ke-image.ljcdn.com/110000-inspection/pc1_3UkepFkPe_1.jpg!m_fill,w_280,h_210,f_jpg?from=ke.com
20240815,丰台,丰台其它,101121067896,卢西嘉园 满五唯一 户型方正 没有浪费面积 诚心卖,228万,27394元/平,顶层 (共6层) 2室2厅 | 83.23平米 | 南 北,https://ke-image.ljcdn.com/110000-inspection/pc1_YdkHumpG7_1.jpg!m_fill,w_280,h_210,f_jpg?from=ke.com
20240815,丰台,丰台其它,101120972495,满五年唯一 商品房两居 南北通透格局好 小区环境好,340万,33528元/平,高楼层 (共6层) 2室2厅 | 101.41平米 | 北 南,https://ke-image.ljcdn.com/110000-inspection/pc1_Ag6xtVRIu.jpg!m_fill,w_280,h_210,f_jpg?from=ke.com
20240815,丰台,丰台其它,101120859976,珠江御景 车位,18万,6021元/平,地下室 | 2008年 | 1室0厅 | 29.9平米 | 北,https://ke-image.ljcdn.com/110000-inspection/pc1_Mdw2PJFs6_1.jpg!m_fill,w_280,h_210,f_jpg?from=ke.com
20240815,丰台,丰台其它,101120859105,联排别墅 精装修 满五年唯一 业主诚心卖 有车位,790万,45737元/平,底层 (共3层) | 2007年 | 3室2厅 | 172.73平米 | 南 北,https://ke-image.ljcdn.com/110000-inspection/pc1_xRW8y4lYa_1.jpg!m_fill,w_280,h_210,f_jpg?from=ke.com
20240815,丰台,丰台其它,101120771871,东山坡三里 南北向 户型方正 采光充足,269万,22073元/平,顶层 (共6层) 3室2厅 | 121.87平米 | 南 北,https://ke-image.ljcdn.com/110000-inspection/pc1_orsQwkW74_1.jpg!m_fill,w_280,h_210,f_jpg?from=ke.com
20240815,丰台,丰台其它,101120771250,C区一层南北通透精装自主带地下室,690万,59483元/平,底层 (共6层) | 2018年 | 3室2厅 | 116平米 | 南 北,https://ke-image.ljcdn.com/110000-inspection/afa0a08e-3e63-427c-8bb6-6c498e52d119_1000.jpg!m_fill,w_280,h_210,f_jpg?from=ke.com
20240815,丰台,丰台其它,101120652876,南向两居 双卧朝南 采光好 满五年唯一 商品房 有钥匙,119万,21985元/平,中楼层 (共6层) 2室1厅 | 54.13平米 | 南 北,https://ke-image.ljcdn.com/110000-inspection/37de7776-009d-4ce5-a045-07190c22912a_1000.jpg!m_fill,w_280,h_210,f_jpg?from=ke.com
20240815,丰台,丰台其它,101120339762,园博嘉园东西2居低楼层满五唯一商品房,349万,41386元/平,底层 (共15层) | 2015年 | 2室1厅 | 84.33平米 | 东 西,https://ke-image.ljcdn.com/110000-inspection/884d80d9-58db-438a-ab1d-68fdc671a366_1000.jpg!m_fill,w_280,h_210,f_jpg?from=ke.com
20240815,丰台,丰台其它,101120323342,花园北里小区环境好小区安静适宜居住,169万,24387元/平,中楼层 (共6层) | 1986年 | 2室1厅 | 69.3平米 | 南 北,https://ke-image.ljcdn.com/110000-inspection/pc1_vs9mo0Pvm_1.jpg!m_fill,w_280,h_210,f_jpg?from=ke.com
20240815,丰台,丰台其它,101120062586,卢西嘉园 两居室 高楼层 视野好 看房随时,260万,25194元/平,顶层 (共6层) | 2006年 | 2室2厅 | 103.2平米 | 南 北,https://ke-image.ljcdn.com/110000-inspection/pc1_fNihLGL6y_1.jpg!m_fill,w_280,h_210,f_jpg?from=ke.com
20240815,丰台,丰台其它,101120054337,园博府  五年唯一 南北通透高楼层  视野好,1100万,57758元/平,高楼层 (共18层) | 2014年 | 4室2厅 | 190.45平米 | 南 北,https://ke-image.ljcdn.com/110000-inspection/pc1_HW0mfRwmh_1.jpg!m_fill,w_280,h_210,f_jpg?from=ke.com
20240815,丰台,丰台其它,101120032847,中体奥园二区中式装修楼上楼下活动空间多,1150万,41530元/平,底层 (共4层) 8室4厅 | 276.91平米 | 南 北,https://ke-image.ljcdn.com/110000-inspection/pc1_jjTiXCeAu_1.jpg!m_fill,w_280,h_210,f_jpg?from=ke.com
20240815,丰台,丰台其它,101119929155,东山坡二里 中间楼层 精装修 满五唯一,194万,36604元/平,中楼层 (共5层) 2室1厅 | 53平米 | 南 北,https://ke-image.ljcdn.com/110000-inspection/pc1_Ya1xD71eL.jpg!m_fill,w_280,h_210,f_jpg?from=ke.com
20240815,丰台,丰台其它,101119906799,西山甲一号 4室2厅 南 北,900万,62190元/平,中楼层 (共19层) 4室2厅 | 144.72平米 | 南 北,https://ke-image.ljcdn.com/110000-inspection/pc1_Qz7v8Jgst_1.jpg!m_fill,w_280,h_210,f_jpg?from=ke.com
20240815,丰台,丰台其它,101119789823,建设一里 3室1厅 东 西,128万,22177元/平,顶层 (共5层) 3室1厅 | 57.72平米 | 东 西,https://ke-image.ljcdn.com/110000-inspection/pc1_5cm6xrBn6_1.jpg!m_fill,w_280,h_210,f_jpg?from=ke.com
20240815,丰台,丰台其它,101119786693,崔村一里房子南北通透采光通风好,188万,31990元/平,顶层 (共6层) 2室1厅 | 58.77平米 | 南 北,https://ke-image.ljcdn.com/110000-inspection/pc1_l5l6J4NUT_1.jpg!m_fill,w_280,h_210,f_jpg?from=ke.com
20240815,丰台,丰台其它,101119714378,山语城三区顶层复式户型、采光好。,690万,51416元/平,顶层 (共6层) 5室2厅 | 134.2平米 | 南 北,https://ke-image.ljcdn.com/110000-inspection/pc1_NZyVfKnRj.jpg!m_fill,w_280,h_210,f_jpg?from=ke.com
20240815,丰台,丰台其它,101119656757,卢西嘉园 中间楼层 采光视野好,285万,36306元/平,中楼层 (共6层) | 2007年 | 2室1厅 | 78.5平米 | 南 北,https://ke-image.ljcdn.com/110000-inspection/pc1_EKX6KyNnc_1.jpg!m_fill,w_280,h_210,f_jpg?from=ke.com
20240815,丰台,丰台其它,101119605576,汤泉墅精装修大3居自住保持好 洋房社区,480万,34673元/平,中楼层 (共6层) | 2014年 | 3室1厅 | 138.44平米 | 南 北,https://ke-image.ljcdn.com/110000-inspection/pc1_XZrZlAdSZ.jpg!m_fill,w_280,h_210,f_jpg?from=ke.com
20240815,丰台,丰台其它,101119574152,中体奥林匹克花园一期 联排别墅 前后花园 诚心出售,799万,35315元/平,底层 (共3层) 4室2厅 | 226.25平米 | 南 北,https://ke-image.ljcdn.com/110000-inspection/pc1_VaXhaNwH2_1.jpg!m_fill,w_280,h_210,f_jpg?from=ke.com
20240815,丰台,丰台其它,101119577478,汤泉墅精装修3居室诚心出售看房方便,355万,37115元/平,底层 (共6层) | 2011年 | 3室1厅 | 95.65平米 | 南 北,https://ke-image.ljcdn.com/110000-inspection/pc1_FYMKs7fhn_1.jpg!m_fill,w_280,h_210,f_jpg?from=ke.com
20240815,丰台,丰台其它,101119556056,建设一里 南北通透两居室 位置好,138万,22042元/平,中楼层 (共6层) | 1988年 | 2室1厅 | 62.61平米 | 北 南,https://ke-image.ljcdn.com/110000-inspection/10e59305-161f-402c-b5e2-7de6f201dc37_1000.jpg!m_fill,w_280,h_210,f_jpg?from=ke.com
20240815,丰台,丰台其它,101119152426,满五唯一精装修中间楼层电梯入户小区中间位置,618万,44557元/平,中楼层 (共6层) 3室2厅 | 138.7平米 | 南 北,https://ke-image.ljcdn.com/110000-inspection/75a4014d-b9f6-4d4c-ad40-215da8c0bc41_1000.jpg!m_fill,w_280,h_210,f_jpg?from=ke.com
20240815,丰台,丰台其它,101118948012,中体奥林匹克花园二期 9室2厅 南 北,1200万,40779元/平,地下室 (共3层) | 2008年 | 9室2厅 | 294.27平米 | 南 北,https://ke-image.ljcdn.com/110000-inspection/pc1_VY4LmhxZy_1.jpg!m_fill,w_280,h_210,f_jpg?from=ke.com
20240815,丰台,丰台其它,101118929938,建设三里 满五年唯一 南北通透 视野开阔,123万,22004元/平,中楼层 (共6层) 2室1厅 | 55.9平米 | 南 北,https://ke-image.ljcdn.com/110000-inspection/pc1_u5JmsB8kS.jpg!m_fill,w_280,h_210,f_jpg?from=ke.com
20240815,丰台,丰台其它,101118872782,满五唯一杜家坎小区南北通透三居双卧室朝南,239万,35908元/平,低楼层 (共6层) 3室1厅 | 66.56平米 | 南 北,https://ke-image.ljcdn.com/110000-inspection/pc1_0TvlX0i6k_1.jpg!m_fill,w_280,h_210,f_jpg?from=ke.com
20240815,丰台,丰台其它,101118860140,长辛店永兴里小区房子满五唯一,259万,28714元/平,高楼层 (共6层) 3室1厅 | 90.2平米 | 南 北,https://ke-image.ljcdn.com/110000-inspection/pc1_yzCSjVURL_1.jpg!m_fill,w_280,h_210,f_jpg?from=ke.com
20240815,丰台,丰台其它,101118785900,珠光逸景一期满五唯一南北通透三居花园洋房带电梯,420万,45608元/平,中楼层 (共6层) | 2013年 | 3室1厅 | 92.09平米 | 南 北,https://ke-image.ljcdn.com/110000-inspection/pc1_5RNnjXHvk.jpg!m_fill,w_280,h_210,f_jpg?from=ke.com
20240815,丰台,丰台其它,101118771044,东山坡三里 4室2厅 南 北,425万,25491元/平,顶层 (共6层) 4室2厅 | 166.73平米 | 南 北,https://ke-image.ljcdn.com/110000-inspection/pc1_zZch6CPF0_1.jpg!m_fill,w_280,h_210,f_jpg?from=ke.com
20240815,丰台,丰台其它,101118725732,卢西嘉园 南北两居室  采光好 满五唯一房主自荐,249万,30821元/平,顶层 (共6层) | 2006年 | 2室1厅 | 80.79平米 | 南 北,https://ke-image.ljcdn.com/110000-inspection/pc1_gJcZS6JzJ_1.jpg!m_fill,w_280,h_210,f_jpg?from=ke.com
20240815,丰台,丰台其它,101118678819,领秀翡翠山B区 一楼带下跃 南边花园 中间户,750万,46234元/平,底层 (共5层) 3室1厅 | 162.22平米 | 南 北,https://ke-image.ljcdn.com/110000-inspection/77372c9f-1ca1-487c-9325-cf7e4bdcac8e_1000.jpg!m_fill,w_280,h_210,f_jpg?from=ke.com
20240815,丰台,丰台其它,101118498708,中体奥林匹克花园一期   楼梯房  环境优美 适合居住,310万,30569元/平,高楼层 (共6层) | 2007年 | 2室2厅 | 101.41平米 | 南 北,https://ke-image.ljcdn.com/110000-inspection/prod-d6453b24-fe85-4136-8906-add1b4507481.jpg!m_fill,w_280,h_210,f_jpg?from=ke.com
20240815,丰台,丰台其它,101118488551,珠江御景 满五唯一 复式结构 随时看房,555万,40335元/平,高楼层 (共11层) | 2010年 | 3室2厅 | 137.6平米 | 南 北,https://ke-image.ljcdn.com/110000-inspection/pc1_OhLiNUXL8.jpg!m_fill,w_280,h_210,f_jpg?from=ke.com
20240815,丰台,丰台其它,101118273615,卢西嘉园 南北通透两居室 不临高速路 采光充足,206万,26202元/平,顶层 (共6层) 2室1厅 | 78.62平米 | 南 北,https://ke-image.ljcdn.com/110000-inspection/pc1_O3UPEqyZc_1.jpg!m_fill,w_280,h_210,f_jpg?from=ke.com
20240815,丰台,丰台其它,101118219865,园博嘉园 满五唯一 采光好 诚心卖,260万,44983元/平,底层 (共15层) | 2015年 | 1室1厅 | 57.8平米 | 西,https://ke-image.ljcdn.com/110000-inspection/pc1_tlLBqnLHU_1.jpg!m_fill,w_280,h_210,f_jpg?from=ke.com
20240815,丰台,丰台其它,101118166204,红山郡 商品房 只有契税 采光好,165万,34070元/平,中楼层 (共17层) | 2017年 | 1室1厅 | 48.43平米 | 南 北,https://ke-image.ljcdn.com/110000-inspection/23a19f20-16fa-42e2-bd75-ee477342f201_1000.jpg!m_fill,w_280,h_210,f_jpg?from=ke.com
20240815,丰台,丰台其它,101118121791,东山坡三里精装四居随时可看诚心出售,445万,26690元/平,顶层 (共6层) 4室2厅 | 166.73平米 | 南 北,https://ke-image.ljcdn.com/110000-inspection/pc1_l8dLkAvKb_1.jpg!m_fill,w_280,h_210,f_jpg?from=ke.com
20240815,丰台,丰台其它,101118064240,辛佳小镇南北通透三居随时可看,305万,24970元/平,顶层 (共6层) | 2002年 | 3室2厅 | 122.15平米 | 南 北,https://ke-image.ljcdn.com/110000-inspection/pc1_ufWxm8uA3_1.jpg!m_fill,w_280,h_210,f_jpg?from=ke.com
20240815,丰台,丰台其它,101118059025,大灰厂小区 低楼层 满五唯一 无遮挡,135万,21210元/平,底层 (共6层) 2室1厅 | 63.65平米 | 南 北,https://ke-image.ljcdn.com/110000-inspection/pc1_lp7ZchcBQ_1.jpg!m_fill,w_280,h_210,f_jpg?from=ke.com
20240815,丰台,丰台其它,101118054356,永兴里 通透三居室 低单价满五年,216万,24140元/平,高楼层 (共6层) 3室1厅 | 89.48平米 | 东 西,https://ke-image.ljcdn.com/110000-inspection/pc1_XsaEYy1zN_1.jpg!m_fill,w_280,h_210,f_jpg?from=ke.com
20240815,丰台,丰台其它,101118048224,长辛店东山坡一里 满五唯一 采光好,168万,27054元/平,高楼层 (共6层) | 1992年 | 2室1厅 | 62.1平米 | 南 北,https://ke-image.ljcdn.com/110000-inspection/pc1_mYo1nZkaL_1.jpg!m_fill,w_280,h_210,f_jpg?from=ke.com
20240815,丰台,丰台其它,101118047578,山语城一区 5室1厅 南 北,646万,53651元/平,底层 (共6层) 5室1厅 | 120.41平米 | 南 北,https://ke-image.ljcdn.com/110000-inspection/pc1_JR4PjpYQS.jpg!m_fill,w_280,h_210,f_jpg?from=ke.com
20240815,丰台,丰台其它,101118011685,汤泉墅 1室1厅 南 北,212万,38708元/平,底层 (共6层) | 2011年 | 1室1厅 | 54.77平米 | 南 北,https://ke-image.ljcdn.com/110000-inspection/pc1_sU65xaalG.jpg!m_fill,w_280,h_210,f_jpg?from=ke.com
20240815,丰台,丰台其它,101117910687,西山甲一号下跃户型 格局方正 诚心出售,1180万,81195元/平,底层 (共15层) 4室2厅 | 145.33平米 | 南 北,https://ke-image.ljcdn.com/110000-inspection/pc1_Xy0MIuD5z_1.jpg!m_fill,w_280,h_210,f_jpg?from=ke.com
20240815,丰台,丰台其它,101117633239,园博府 南北通透 上下跃层 视野开阔 环境好,1680万,59325元/平,高楼层 (共19层) | 2014年 | 5室2厅 | 283.19平米 | 南 北,https://ke-image.ljcdn.com/110000-inspection/pc1_GHOE0PWro_1.jpg!m_fill,w_280,h_210,f_jpg?from=ke.com
20240815,丰台,丰台其它,101116916339,中体奥林匹克花园三期 4室2厅 北 南,1085万,43130元/平,地下室 (共3层) 4室2厅 | 251.57平米 | 北 南,https://ke-image.ljcdn.com/110000-inspection/pc1_OPo66LlJo.jpg!m_fill,w_280,h_210,f_jpg?from=ke.com
20240815,丰台,丰台其它,101116109005,婚房装修没怎么住满五唯一中体奥林匹克花园二期,898万,39992元/平,底层 (共3层) 4室3厅 | 224.55平米 | 南 北,https://ke-image.ljcdn.com/110000-inspection/acf6fa7e-38f3-4f79-b177-167ea93563f9_1000.jpg!m_fill,w_280,h_210,f_jpg?from=ke.com
20240815,丰台,丰台其它,101115284077,园博府  联排别墅 新风系统恒湿恒温的科技住宅,1925万,53382元/平,底层 (共3层) | 2014年 | 5室2厅 | 360.61平米 | 南 北,https://ke-image.ljcdn.com/110000-inspection/pc1_UuH7E4rog.jpg!m_fill,w_280,h_210,f_jpg?from=ke.com
20240815,丰台,丰台其它,101114096860,中体奥林匹克花园三期联排别墅南北通透产权清晰,890万,35511元/平,底层 (共3层) | 2009年 | 4室2厅 | 250.63平米 | 南 北,https://ke-image.ljcdn.com/110000-inspection/pc1_AiHySBvnn_1.jpg!m_fill,w_280,h_210,f_jpg?from=ke.com
20240815,丰台,丰台其它,101112640745,中体奥林匹克花园一期 南北通透三居 视野宽阔采光充足,498万,36966元/平,顶层 (共6层) 3室2厅 | 134.72平米 | 南 北,https://ke-image.ljcdn.com/110000-inspection/pc1_RA97yklT6_1.jpg!m_fill,w_280,h_210,f_jpg?from=ke.com
20240815,丰台,丰台其它,101112589534,珠江御景 满五唯一 商品房 带电梯,525万,37751元/平,顶层 (共6层) 3室2厅 | 139.07平米 | 南 北,https://ke-image.ljcdn.com/110000-inspection/pc1_hwPTaBSEK_1.jpg!m_fill,w_280,h_210,f_jpg?from=ke.com
20240815,丰台,丰台其它,101103612474,中体奥林匹克花园三期 大四居 南北通透 叠拼户型,900万,42407元/平,中楼层 (共6层) 4室3厅 | 212.23平米 | 南 北,https://ke-image.ljcdn.com/110000-inspection/prod-d242b83d-bde8-4ead-af8a-79584a647f83.jpg!m_fill,w_280,h_210,f_jpg?from=ke.com
20240815,丰台,丰台其它,101126006076,东山坡三里 3室2厅 南 北,260万,27101元/平,顶层 (共6层) 3室2厅 | 95.94平米 | 南 北,https://s1.ljcdn.com/pegasus/redskull/images/common/default_house_list.png?_v=2024081414383053
20240815,丰台,丰台其它,101126004929,熙悦天寰 看房方便 楼层好 诚意卖,900万,64392元/平,低楼层 (共8层) | 2022年 | 4室2厅 | 139.77平米 | 南 北,https://s1.ljcdn.com/pegasus/redskull/images/common/default_house_list.png?_v=2024081414383053
20240815,丰台,丰台其它,101125981973,红山郡 2室1厅 西 南新上,210万,32488元/平,高楼层 (共21层) | 2017年 | 2室1厅 | 64.64平米 | 西 南,https://s1.ljcdn.com/pegasus/redskull/images/common/default_house_list.png?_v=2024081414383053
20240815,丰台,丰台其它,101125947053,红山郡 2室1厅 东南新上,195万,30384元/平,中楼层 (共21层) | 2017年 | 2室1厅 | 64.18平米 | 东南,https://s1.ljcdn.com/pegasus/redskull/images/common/default_house_list.png?_v=2024081414383053
20240815,丰台,丰台其它,101125947009,红山郡 2室1厅 东南新上,195万,30384元/平,低楼层 (共21层) | 2017年 | 2室1厅 | 64.18平米 | 东南,https://s1.ljcdn.com/pegasus/redskull/images/common/default_house_list.png?_v=2024081414383053
20240815,丰台,丰台其它,101125929372,熙悦天寰 诚意卖 看房方便 采光好新上,495万,55450元/平,底层 (共9层) | 2022年 | 3室2厅 | 89.27平米 | 南 北,https://s1.ljcdn.com/pegasus/redskull/images/common/default_house_list.png?_v=2024081414383053
20240815,丰台,丰台其它,101125924936,南宫雅苑二期 3室2厅 南 北新上,432万,33782元/平,中楼层 (共5层) | 2009年 | 3室2厅 | 127.88平米 | 南 北,https://s1.ljcdn.com/pegasus/redskull/images/common/default_house_list.png?_v=2024081414383053
20240815,丰台,丰台其它,101125918155,中奥广场首站 1室0厅 西南新上,90万,21973元/平,高楼层 (共6层) | 2013年 | 1室0厅 | 40.96平米 | 西南,https://s1.ljcdn.com/pegasus/redskull/images/common/default_house_list.png?_v=2024081414383053
20240815,丰台,丰台其它,101125884382,珠光逸景二期 1室1厅 南新上,200万,36069元/平,中楼层 (共6层) | 2013年 | 1室1厅 | 55.45平米 | 南,https://s1.ljcdn.com/pegasus/redskull/images/common/default_house_list.png?_v=2024081414383053
20240815,丰台,丰台其它,101125867610,张郭庄小区 3室1厅 北 南新上,230万,29832元/平,低楼层 (共6层) 3室1厅 | 77.1平米 | 北 南,https://s1.ljcdn.com/pegasus/redskull/images/common/default_house_list.png?_v=2024081414383053
20240815,丰台,丰台其它,101125839903,中奥广场首站 1室1厅 东,110万,18149元/平,中楼层 (共6层) | 2013年 | 1室1厅 | 60.61平米 | 东,https://s1.ljcdn.com/pegasus/redskull/images/common/default_house_list.png?_v=2024081414383053
20240815,丰台,丰台其它,101125835187,西山甲一号 1室1厅 南,131万,32195元/平,低楼层 (共14层) 1室1厅 | 40.69平米 | 南,https://s1.ljcdn.com/pegasus/redskull/images/common/default_house_list.png?_v=2024081414383053
20240815,丰台,丰台其它,101125759649,长馨园 2室1厅 西北,215万,28821元/平,高楼层 (共16层) | 2013年 | 2室1厅 | 74.6平米 | 西北,https://s1.ljcdn.com/pegasus/redskull/images/common/default_house_list.png?_v=2024081414383053
20240815,丰台,丰台其它,101125742049,云岗西路12号院 2室1厅 南 北,230万,49251元/平,顶层 (共4层) 2室1厅 | 46.7平米 | 南 北,https://s1.ljcdn.com/pegasus/redskull/images/common/default_house_list.png?_v=2024081414383053
20240815,丰台,丰台其它,101125701795,长馨园小区南北朝向两居室,200万,28031元/平,低楼层 (共16层) | 2013年 | 2室1厅 | 71.35平米 | 南 北,https://s1.ljcdn.com/pegasus/redskull/images/common/default_house_list.png?_v=2024081414383053
20240815,丰台,丰台其它,101125665070,西山甲一号 2室1厅 东,95万,30785元/平,中楼层 (共14层) 2室1厅 | 30.86平米 | 东,https://s1.ljcdn.com/pegasus/redskull/images/common/default_house_list.png?_v=2024081414383053
20240815,丰台,丰台其它,101125631653,中奥广场首站 楼层好通风采光好,120万,18865元/平,中楼层 (共6层) | 2013年 | 1室1厅 | 63.61平米 | 东南,https://s1.ljcdn.com/pegasus/redskull/images/common/default_house_list.png?_v=2024081414383053
20240815,丰台,丰台其它,101125593918,西山甲一号 4室2厅 南,258万,40465元/平,低楼层 (共14层) 4室2厅 | 63.76平米 | 南,https://s1.ljcdn.com/pegasus/redskull/images/common/default_house_list.png?_v=2024081414383053
20240815,丰台,丰台其它,101125468813,珠江御景 3室2厅 南 北,410万,31322元/平,中楼层 (共11层) 3室2厅 | 130.9平米 | 南 北,https://s1.ljcdn.com/pegasus/redskull/images/common/default_house_list.png?_v=2024081414383053
20240815,丰台,丰台其它,101125415316,永兴里 1室1厅 东 西,130万,38576元/平,底层 (共6层) | 1989年 | 1室1厅 | 33.7平米 | 东 西,https://s1.ljcdn.com/pegasus/redskull/images/common/default_house_list.png?_v=2024081414383053
20240815,丰台,丰台其它,101125338360,汤泉墅 满五年 复式户型 保持的干净整齐,516万,56246元/平,顶层 (共6层) | 2013年 | 3室1厅 | 91.74平米 | 北 南,https://s1.ljcdn.com/pegasus/redskull/images/common/default_house_list.png?_v=2024081414383053
20240815,丰台,丰台其它,101125329984,南宫雅苑二期 3室2厅 南 北,399万,32924元/平,顶层 (共6层) 3室2厅 | 121.19平米 | 南 北,https://s1.ljcdn.com/pegasus/redskull/images/common/default_house_list.png?_v=2024081414383053
20240815,丰台,丰台其它,101125310027,中奥广场首站 2室1厅 东,100万,15911元/平,中楼层 (共6层) | 2013年 | 2室1厅 | 62.85平米 | 东,https://s1.ljcdn.com/pegasus/redskull/images/common/default_house_list.png?_v=2024081414383053
20240815,丰台,丰台其它,101124937710,山语城一区 4室2厅 南 北,800万,54987元/平,底层 (共6层) | 2013年 | 4室2厅 | 145.49平米 | 南 北,https://s1.ljcdn.com/pegasus/redskull/images/common/default_house_list.png?_v=2024081414383053
20240815,丰台,丰台其它,101124771239,红山郡高楼层南北通透三居室,289万,33349元/平,高楼层 (共18层) | 2017年 | 3室1厅 | 86.66平米 | 南 北,https://s1.ljcdn.com/pegasus/redskull/images/common/default_house_list.png?_v=2024081414383053
20240815,丰台,丰台其它,101124676550,中奥广场首站 1室0厅 北,88万,21119元/平,中楼层 (共6层) | 2013年 | 1室0厅 | 41.67平米 | 北,https://s1.ljcdn.com/pegasus/redskull/images/common/default_house_list.png?_v=2024081414383053
20240815,丰台,丰台其它,101124643357,西山甲一号 1室1厅 西,110万,29634元/平,低楼层 (共14层) 1室1厅 | 37.12平米 | 西,https://s1.ljcdn.com/pegasus/redskull/images/common/default_house_list.png?_v=2024081414383053
20240815,丰台,丰台其它,101124409993,中奥广场首站 1室1厅 北,98万,28539元/平,底层 (共6层) | 2013年 | 1室1厅 | 34.34平米 | 北,https://s1.ljcdn.com/pegasus/redskull/images/common/default_house_list.png?_v=2024081414383053
20240815,丰台,丰台其它,101124280409,西山甲一号 1室0厅 南,122万,30243元/平,顶层 (共14层) 1室0厅 | 40.34平米 | 南,https://s1.ljcdn.com/pegasus/redskull/images/common/default_house_list.png?_v=2024081414383053
20240815,丰台,丰台其它,101123992334,中奥广场首站满五唯一商办两用房,95万,20278元/平,顶层 (共5层) | 2013年 | 1室0厅 | 46.85平米 | 南,https://s1.ljcdn.com/pegasus/redskull/images/common/default_house_list.png?_v=2024081414383053
20240815,丰台,丰台其它,101123725190,中奥广场首站 1室1厅 南,75万,17390元/平,顶层 (共6层) | 2013年 | 1室1厅 | 43.13平米 | 南,https://s1.ljcdn.com/pegasus/redskull/images/common/default_house_list.png?_v=2024081414383053
20240815,丰台,丰台其它,101123558860,中奥广场首站带电梯南向采光好,99万,17819元/平,高楼层 (共6层) | 2013年 | 1室1厅 | 55.56平米 | 南,https://s1.ljcdn.com/pegasus/redskull/images/common/default_house_list.png?_v=2024081414383053
20240815,丰台,丰台其它,101123180167,中奥广场首站 1室1厅 西南,90万,22278元/平,顶层 (共6层) | 2013年 | 1室1厅 | 40.4平米 | 西南,https://s1.ljcdn.com/pegasus/redskull/images/common/default_house_list.png?_v=2024081414383053
20240815,丰台,丰台其它,101122807103,西山甲一号 1室0厅 北,80万,31596元/平,中楼层 (共14层) 1室0厅 | 25.32平米 | 北,https://s1.ljcdn.com/pegasus/redskull/images/common/default_house_list.png?_v=2024081414383053
20240815,丰台,丰台其它,101121934020,中奥广场首站 2室1厅 东,150万,18565元/平,低楼层 (共6层) | 2013年 | 2室1厅 | 80.8平米 | 东,https://s1.ljcdn.com/pegasus/redskull/images/common/default_house_list.png?_v=2024081414383053
20240815,丰台,丰台其它,101120822181,山语城 车位,17万,4848元/平,地下室 (共6层) | 2012年 | 1室0厅 | 35.07平米 | 南,https://ke-image.ljcdn.com/110000-inspection/7a55c21d-68ec-49be-96ea-f66faf434eea.jpg!m_fill,w_280,h_210,f_jpg?from=ke.com
20240815,丰台,丰台其它,101119596906,山语城 车位,28万,8833元/平,地下室 (共6层) | 2012年 | 1室0厅 | 31.7平米 | 南,https://ke-image.ljcdn.com/110000-inspection/458de62d-0840-4b89-ad8d-e82fabc5888e.jpg!m_fill,w_280,h_210,f_jpg?from=ke.com
20240815,丰台,丰台其它,101118866209,中奥广场首站 1室1厅 西,110万,17441元/平,中楼层 (共6层) | 2013年 | 1室1厅 | 63.07平米 | 西,https://s1.ljcdn.com/pegasus/redskull/images/common/default_house_list.png?_v=2024081414383053
20240815,丰台,丰台其它,101118583483,中奥广场首站只能全款有电梯小区人车分流,86万,20997元/平,中楼层 (共6层) | 2013年 | 1室0厅 | 40.96平米 | 南,https://s1.ljcdn.com/pegasus/redskull/images/common/default_house_list.png?_v=2024081414383053
20240815,丰台,丰台其它,101117977802,山语城 车位,20万,5983元/平,地下室 (共6层) | 2012年 | 1室0厅 | 33.43平米 | 南,https://ke-image.ljcdn.com/110000-inspection/fdfb256d61422fef69c29016cb6eabe0-086.jpg!m_fill,w_280,h_210,f_jpg?from=ke.com
20240815,丰台,丰台其它,101117977775,山语城一区的产权车库业主诚心出售。50年正规产权,19万,5684元/平,地下室 (共6层) | 2012年 | 1室0厅 | 33.43平米 | 南,https://ke-image.ljcdn.com/110000-inspection/4a10fd5a-561e-4a8c-839f-fbb5a44949a2.jpg!m_fill,w_280,h_210,f_jpg?from=ke.com
20240815,丰台,丰台其它,101109837145,中体奥园三区联排4居室诚售满五年唯一精装修房主自荐,920万,34927元/平,底层 (共3层) | 2009年 | 4室3厅 | 263.41平米 | 南 北,https://ke-image.ljcdn.com/110000-inspection/3fdb7eb9e0eff8706f6a977fd3031f9b-050.jpg!m_fill,w_280,h_210,f_jpg?from=ke.com
