20240523,朝阳,南沙滩,101124378814,南沙滩小区 1室1厅 南 北必看好房,315万,61059元/平,中楼层 (共15层) | 1996年 | 1室1厅 | 51.59平米 | 南 北,https://ke-image.ljcdn.com/110000-inspection/b3fcf9ee-ec3a-41f5-a233-5718fe23173e_1000.jpg!m_fill,w_280,h_210,f_jpg?from=ke.com
20240523,朝阳,南沙滩,101124169127,南沙滩小区  房子满五唯一  中间楼层  近地铁必看好房,282万,69544元/平,高楼层 (共6层) 1室1厅 | 40.55平米 | 南 北,https://ke-image.ljcdn.com/110000-inspection/pc1_Q37QhmY2a.jpg!m_fill,w_280,h_210,f_jpg?from=ke.com
20240523,朝阳,南沙滩,101124127409,北沙滩8号院 单位房板正3居 有装修 随时看房 南北阳台必看好房,729万,67438元/平,中楼层 (共5层) 3室1厅 | 108.1平米 | 南 北,https://ke-image.ljcdn.com/110000-inspection/pc1_AzTmHGNTr_1.jpg!m_fill,w_280,h_210,f_jpg?from=ke.com
20240523,朝阳,南沙滩,101123760288,南沙滩小区 一层两居  大客厅  已换过下水管道的楼必看好房,395万,67384元/平,底层 (共6层) 2室1厅 | 58.62平米 | 南 北,https://ke-image.ljcdn.com/110000-inspection/pc1_jkHTcfKDg.jpg!m_fill,w_280,h_210,f_jpg?from=ke.com
20240523,朝阳,南沙滩,101123753680,南沙滩 电梯楼两居  南北向  不临街  可用公积金贷款必看好房,410万,67446元/平,高楼层 (共10层) | 1995年 | 2室1厅 | 60.79平米 | 南 北,https://ke-image.ljcdn.com/110000-inspection/20f6bf1b-9f76-47da-b024-bce0623bfa1a_1000.jpg!m_fill,w_280,h_210,f_jpg?from=ke.com
20240523,朝阳,南沙滩,101123935061,南沙滩小区 2室1厅 东 西,300万,54735元/平,中楼层 (共6层) 2室1厅 | 54.81平米 | 东 西,https://ke-image.ljcdn.com/110000-inspection/pc1_MRUqCW8oA_1.jpg!m_fill,w_280,h_210,f_jpg?from=ke.com
20240523,朝阳,南沙滩,101123600364,房子是2000年钢混结构商品房社区大客厅精装修,556万,66643元/平,高楼层 (共14层) 3室1厅 | 83.43平米 | 东 西,https://ke-image.ljcdn.com/110000-inspection/46005664-e323-4d8b-a5af-6d77863bcd70_1000.jpg!m_fill,w_280,h_210,f_jpg?from=ke.com
20240523,朝阳,南沙滩,101123462730,满五年唯一朝南向无遮挡采光视野好1997年楼龄新必看好房,275万,63103元/平,高楼层 (共6层) 1室1厅 | 43.58平米 | 南,https://ke-image.ljcdn.com/110000-inspection/pc1_KTxXS7hLn_1.jpg!m_fill,w_280,h_210,f_jpg?from=ke.com
20240523,朝阳,南沙滩,101123337881,楼龄新近地铁近奥森带电梯全明格局。房主自荐,526万,74621元/平,低楼层 (共21层) 2室1厅 | 70.49平米 | 西北,https://ke-image.ljcdn.com/110000-inspection/pc1_pstwzjrCh_1.jpg!m_fill,w_280,h_210,f_jpg?from=ke.com
20240523,朝阳,南沙滩,101123309600,南沙滩小区南向正规两居满五年唯一房主自荐,390万,74756元/平,中楼层 (共6层) 2室1厅 | 52.17平米 | 南,https://ke-image.ljcdn.com/110000-inspection/pc1_OFPweNfJR.jpg!m_fill,w_280,h_210,f_jpg?from=ke.com
20240523,朝阳,南沙滩,101123186048,眼睛户型三居室三面朝南随时可看必看好房,1320万,101042元/平,中楼层 (共25层) 3室1厅 | 130.64平米 | 西南,https://ke-image.ljcdn.com/110000-inspection/71db5fd8-d1d7-4e13-ad85-0e19f6f41ac7_1000.jpg!m_fill,w_280,h_210,f_jpg?from=ke.com
20240523,朝阳,南沙滩,101122850449,南沙滩新上钢混电梯 全明格局一居室  中间层必看好房,256万,60010元/平,中楼层 (共15层) 1室1厅 | 42.66平米 | 东 北,https://ke-image.ljcdn.com/110000-inspection/a54d4af2-a241-4fe7-bff1-eaa4337c8c4c_1000.jpg!m_fill,w_280,h_210,f_jpg?from=ke.com
20240523,朝阳,南沙滩,101122834283,华源冠军城 1室1厅 东北必看好房,536万,75303元/平,中楼层 (共21层) 1室1厅 | 71.18平米 | 东北,https://ke-image.ljcdn.com/110000-inspection/pc1_YyUBKZsCL.jpg!m_fill,w_280,h_210,f_jpg?from=ke.com
20240523,朝阳,南沙滩,101122670427,南沙滩和谐小区精装南北通透小两居,333万,53745元/平,顶层 (共6层) 2室1厅 | 61.96平米 | 南 北,https://ke-image.ljcdn.com/110000-inspection/pc1_wvgnodOxT_1.jpg!m_fill,w_280,h_210,f_jpg?from=ke.com
20240523,朝阳,南沙滩,101122097554,南沙滩和谐小区东边单元安静4层南向精装修必看好房,340万,59849元/平,中楼层 (共6层) 2室1厅 | 56.81平米 | 南,https://ke-image.ljcdn.com/110000-inspection/pc1_3tE8F2oDC.jpg!m_fill,w_280,h_210,f_jpg?from=ke.com
20240523,朝阳,南沙滩,101121033697,南沙滩钢混两居满五唯一。高层必看好房,338万,54640元/平,顶层 (共6层) 3室1厅 | 61.86平米 | 南 北,https://ke-image.ljcdn.com/110000-inspection/c1b4b3c2-e90d-4699-9959-d5f17a38fa1c_1000.jpg!m_fill,w_280,h_210,f_jpg?from=ke.com
20240523,朝阳,南沙滩,101119715587,南沙滩小区1999年房龄电梯直达户型方正,560万,81384元/平,低楼层 (共22层) 2室1厅 | 68.81平米 | 西南,https://ke-image.ljcdn.com/110000-inspection/pc1_cfMX5mIBa.jpg!m_fill,w_280,h_210,f_jpg?from=ke.com
20240523,朝阳,南沙滩,101118291186,南沙滩小区楼龄新带电梯钢混两居户型方正两居,535万,77751元/平,中楼层 (共22层) 2室1厅 | 68.81平米 | 西南,https://ke-image.ljcdn.com/110000-inspection/0867d490-f336-4546-84a1-23c01520159f_1000.jpg!m_fill,w_280,h_210,f_jpg?from=ke.com
20240523,朝阳,南沙滩,101124036079,南沙滩66号院 带电梯满五年唯一 不临街正规一居,550万,76051元/平,中楼层 (共25层) | 2006年 | 1室1厅 | 72.32平米 | 东北,https://ke-image.ljcdn.com/110000-inspection/pc1_t10UnIHPM_1.jpg!m_fill,w_280,h_210,f_jpg?from=ke.com
20240523,朝阳,南沙滩,101124028386,中天国际2007年电梯房朝南满五唯一奥森公园旁必看好房,268万,57314元/平,高楼层 (共16层) 1室0厅 | 46.76平米 | 南,https://ke-image.ljcdn.com/110000-inspection/pc1_Cal1DTun1.jpg!m_fill,w_280,h_210,f_jpg?from=ke.com
20240523,朝阳,南沙滩,101123569996,北沙滩8号院精装2居室 全明格局户型好,610万,76108元/平,中楼层 (共18层) | 1998年 | 2室1厅 | 80.15平米 | 西南,https://ke-image.ljcdn.com/110000-inspection/22294ff5-f222-45d7-8a83-dadf9aa62caa_1000.jpg!m_fill,w_280,h_210,f_jpg?from=ke.com
20240523,朝阳,南沙滩,101123496641,科学园南里三区  满五唯一  小区改造了必看好房,399万,67915元/平,顶层 (共6层) | 1994年 | 2室1厅 | 58.75平米 | 南 北,https://ke-image.ljcdn.com/110000-inspection/ba7a032b-6fef-4d8f-9992-9050658fe5ee_1000.jpg!m_fill,w_280,h_210,f_jpg?from=ke.com
20240523,朝阳,南沙滩,101123426621,名苑雅居精装小户型房龄新落地飘窗光线视野好必看好房,319万,64838元/平,中楼层 (共14层) | 2005年 | 1室0厅 | 49.2平米 | 北,https://ke-image.ljcdn.com/110000-inspection/2223c31e-e207-4ec2-872b-e3141bdb2118_1000.jpg!m_fill,w_280,h_210,f_jpg?from=ke.com
20240523,朝阳,南沙滩,101123412780,懿品阁精装一居落地窗近地铁近公园；必看好房,437万,68982元/平,中楼层 (共18层) | 2005年 | 1室1厅 | 63.35平米 | 东,https://ke-image.ljcdn.com/110000-inspection/pc1_HIHv0WJCr.jpg!m_fill,w_280,h_210,f_jpg?from=ke.com
20240523,朝阳,南沙滩,101123147041,06年小区人车分流 采光视野良好必看好房,790万,100191元/平,高楼层 (共23层) 2室1厅 | 78.85平米 | 东南,https://ke-image.ljcdn.com/110000-inspection/d9a75d8c-181c-47c2-9b89-182ceed043a4_1000.jpg!m_fill,w_280,h_210,f_jpg?from=ke.com
20240523,朝阳,南沙滩,101122224833,中和家园全明格局 带电梯出行方便近地铁房主自荐,730万,72587元/平,中楼层 (共14层) 3室1厅 | 100.57平米 | 东 西,https://ke-image.ljcdn.com/110000-inspection/pc1_k972rKuU6.jpg!m_fill,w_280,h_210,f_jpg?from=ke.com
20240523,朝阳,南沙滩,101121819530,正规三居室满五唯一中间层近地铁,380万,58318元/平,中楼层 (共6层) | 1984年 | 3室1厅 | 65.16平米 | 东 西,https://ke-image.ljcdn.com/110000-inspection/pc1_FaWYje3Mi.jpg!m_fill,w_280,h_210,f_jpg?from=ke.com
20240523,朝阳,南沙滩,101117996079,南沙滩小区高层电梯两居室钢混结构,440万,68334元/平,顶层 (共14层) | 1997年 | 2室1厅 | 64.39平米 | 东北,https://ke-image.ljcdn.com/110000-inspection/pc1_59mrxzesH.jpg!m_fill,w_280,h_210,f_jpg?from=ke.com
20240523,朝阳,南沙滩,101123367743,地铁站旁近奥体精装两居高层观景,765万,93762元/平,高楼层 (共21层) 2室1厅 | 81.59平米 | 西,https://s1.ljcdn.com/pegasus/redskull/images/common/default_house_list.png?_v=2024051619141398
20240523,朝阳,南沙滩,101124373685,名苑雅居电梯南向一居室  采光好  2005年小区,387万,79926元/平,中楼层 (共14层) | 2005年 | 1室1厅 | 48.42平米 | 南,https://ke-image.ljcdn.com/110000-inspection/pc1_uJHFVGHjW_1.jpg!m_fill,w_280,h_210,f_jpg?from=ke.com
20240523,朝阳,南沙滩,101124355947,南沙滩小区 1室1厅 南,336万,69208元/平,低楼层 (共15层) | 1996年 | 1室1厅 | 48.55平米 | 南,https://ke-image.ljcdn.com/110000-inspection/12ab3d26-0fc6-4e89-998f-bcada54112bd_1000.jpg!m_fill,w_280,h_210,f_jpg?from=ke.com
20240523,朝阳,南沙滩,101124337332,科学园南里六区  正规两居室 带电梯  管理好,520万,76958元/平,低楼层 (共21层) | 1999年 | 2室1厅 | 67.57平米 | 东 南,https://ke-image.ljcdn.com/110000-inspection/pc1_J8Srvg5cr.jpg!m_fill,w_280,h_210,f_jpg?from=ke.com
20240523,朝阳,南沙滩,101124321463,南沙滩小区 1室1厅 南,255万,59972元/平,高楼层 (共6层) 1室1厅 | 42.52平米 | 南,https://ke-image.ljcdn.com/110000-inspection/pc1_w6ZcN5A0o.jpg!m_fill,w_280,h_210,f_jpg?from=ke.com
20240523,朝阳,南沙滩,101124304815,南沙滩小区 2室1厅 东 南 北,460万,67568元/平,低楼层 (共6层) 2室1厅 | 68.08平米 | 东 南 北,https://ke-image.ljcdn.com/110000-inspection/pc1_IUTxBkb3T_1.jpg!m_fill,w_280,h_210,f_jpg?from=ke.com
20240523,朝阳,南沙滩,101124276137,北沙滩8号院 2室1厅 东南,538万,74218元/平,底层 (共18层) | 1998年 | 2室1厅 | 72.49平米 | 东南,https://ke-image.ljcdn.com/110000-inspection/pc1_NSn1Rsdrx_1.jpg!m_fill,w_280,h_210,f_jpg?from=ke.com
20240523,朝阳,南沙滩,101124268238,天和人家精装东向两居室满五唯一,660万,74183元/平,中楼层 (共23层) 2室1厅 | 88.97平米 | 东,https://ke-image.ljcdn.com/110000-inspection/pc1_AfVwHsgat.jpg!m_fill,w_280,h_210,f_jpg?from=ke.com
20240523,朝阳,南沙滩,101124210805,满五年唯一 中间楼层 眼镜户型 采光视野好房主自荐,399万,77431元/平,中楼层 (共6层) 2室1厅 | 51.53平米 | 南,https://ke-image.ljcdn.com/110000-inspection/9d3b42f7-d722-428b-b6e2-ba813ddc517a_1000.jpg!m_fill,w_280,h_210,f_jpg?from=ke.com
20240523,朝阳,南沙滩,101124201689,懿品阁精装小户型总价不高房龄新带飘窗房主自荐,305万,80710元/平,中楼层 (共18层) | 2005年 | 1室0厅 | 37.79平米 | 西,https://ke-image.ljcdn.com/110000-inspection/pc1_TLRGcf4LD.jpg!m_fill,w_280,h_210,f_jpg?from=ke.com
20240523,朝阳,南沙滩,101124197668,双泉堡甲1号院高楼层采光佳视野好,590万,67199元/平,中楼层 (共18层) | 2000年 | 2室1厅 | 87.8平米 | 西南,https://ke-image.ljcdn.com/110000-inspection/pc1_YFrUrgw9D.jpg!m_fill,w_280,h_210,f_jpg?from=ke.com
20240523,朝阳,南沙滩,101124192479,南沙滩小区 2室1厅 南 北房主自荐,460万,74519元/平,中楼层 (共6层) 2室1厅 | 61.73平米 | 南 北,https://ke-image.ljcdn.com/110000-inspection/5b69af02-4638-47cc-a6a2-fc1afca25292_1000.jpg!m_fill,w_280,h_210,f_jpg?from=ke.com
20240523,朝阳,南沙滩,101124176928,南沙滩66号院 南向两居近奥森交通方便楼龄新,880万,92769元/平,低楼层 (共21层) 2室1厅 | 94.86平米 | 南,https://ke-image.ljcdn.com/110000-inspection/pc1_S7tVAfj9n.jpg!m_fill,w_280,h_210,f_jpg?from=ke.com
20240523,朝阳,南沙滩,101124118819,北沙滩1号院南北三居室满五年唯一1997年楼龄新,850万,82397元/平,中楼层 (共6层) 3室1厅 | 103.16平米 | 南 北,https://ke-image.ljcdn.com/110000-inspection/pc1_O50lCIgBo_1.jpg!m_fill,w_280,h_210,f_jpg?from=ke.com
20240523,朝阳,南沙滩,101124090499,南沙滩小区 2室1厅 南 北,430万,62921元/平,低楼层 (共10层) 2室1厅 | 68.34平米 | 南 北,https://ke-image.ljcdn.com/110000-inspection/pc1_YwTvi9QaA_1.jpg!m_fill,w_280,h_210,f_jpg?from=ke.com
20240523,朝阳,南沙滩,101124067525,南沙滩小区1999年房龄钢混带电梯不临街,372万,67490元/平,低楼层 (共22层) | 1999年 | 1室1厅 | 55.12平米 | 西,https://ke-image.ljcdn.com/110000-inspection/pc1_5QnGMmC76.jpg!m_fill,w_280,h_210,f_jpg?from=ke.com
20240523,朝阳,南沙滩,101124051522,鸟巢水立方西侧  中科院单位分房  刚完成改造满五唯一,380万,84974元/平,顶层 (共6层) | 1994年 | 2室1厅 | 44.72平米 | 南 北,https://ke-image.ljcdn.com/110000-inspection/32fc9ab3-48c7-4fb6-a95f-28ca1bf30752_1000.jpg!m_fill,w_280,h_210,f_jpg?from=ke.com
20240523,朝阳,南沙滩,101124029938,懿品阁 民水民电有燃气 2005年小区管理好 满五唯一,315万,74031元/平,低楼层 (共18层) 1室1厅 | 42.55平米 | 南,https://ke-image.ljcdn.com/110000-inspection/pc1_m3GSlhDmZ.jpg!m_fill,w_280,h_210,f_jpg?from=ke.com
20240523,朝阳,南沙滩,101124021128,南沙滩小区带客厅两居室精装修 满五唯一,430万,73681元/平,中楼层 (共6层) | 1981年 | 2室1厅 | 58.36平米 | 南 北,https://ke-image.ljcdn.com/110000-inspection/0fc546d0-bd3d-4620-a1f1-ba4efd90023a_1000.jpg!m_fill,w_280,h_210,f_jpg?from=ke.com
20240523,朝阳,南沙滩,101123981223,满五唯一明卫格局看房方便 诚意出售房主自荐,880万,78727元/平,底层 (共26层) 2室1厅 | 111.78平米 | 南 北,https://ke-image.ljcdn.com/110000-inspection/pc1_Gn8mYb9Kk_1.jpg!m_fill,w_280,h_210,f_jpg?from=ke.com
20240523,朝阳,南沙滩,101123876616,满五唯一高层采光视野好诚意出售商品房小区。,735万,72003元/平,中楼层 (共23层) 2室1厅 | 102.08平米 | 西南,https://ke-image.ljcdn.com/110000-inspection/dd86c5f5-7a77-4937-881f-abf6eb8c55c6_1000.jpg!m_fill,w_280,h_210,f_jpg?from=ke.com
20240523,朝阳,南沙滩,101123843029,南沙滩电梯钢混次顶层两室朝阳、南北通透！,475万,72464元/平,高楼层 (共10层) | 1999年 | 2室1厅 | 65.55平米 | 南 北,https://ke-image.ljcdn.com/110000-inspection/9970ce92-f397-4b1a-80f1-c03767082c68_1000.jpg!m_fill,w_280,h_210,f_jpg?from=ke.com
20240523,朝阳,南沙滩,101123802966,南沙滩小区 2室1厅 南,330万,62112元/平,顶层 (共6层) | 1981年 | 2室1厅 | 53.13平米 | 南,https://ke-image.ljcdn.com/110000-inspection/pc1_n0JUli1qE_1.jpg!m_fill,w_280,h_210,f_jpg?from=ke.com
20240523,朝阳,南沙滩,101123760314,名苑雅居 诚心出售看房有钥匙 全南不临街房主自荐,660万,80972元/平,中楼层 (共14层) 2室2厅 | 81.51平米 | 南,https://ke-image.ljcdn.com/110000-inspection/pc1_f5XRQSCTY_1.jpg!m_fill,w_280,h_210,f_jpg?from=ke.com
20240523,朝阳,南沙滩,101123742685,格局好楼层好视野宽阔采光充足,2000万,86844元/平,中楼层 (共23层) 4室2厅 | 230.3平米 | 东 南 北,https://ke-image.ljcdn.com/110000-inspection/e24ddc76-3603-4526-bc23-0dbd15c0bf79_1000.jpg!m_fill,w_280,h_210,f_jpg?from=ke.com
20240523,朝阳,南沙滩,101123728597,高层观景 地铁15号线北沙滩 满五唯一 近鸟巢 有车位房主自荐,360万,83547元/平,高楼层 (共23层) 1室1厅 | 43.09平米 | 东 北,https://ke-image.ljcdn.com/110000-inspection/4824bd5b-de6e-467c-b24b-76974888fac5_1000.jpg!m_fill,w_280,h_210,f_jpg?from=ke.com
20240523,朝阳,南沙滩,101123706869,南沙滩全明两居楼龄新带精装修大卧室设计电梯直达。房主自荐,519万,68182元/平,中楼层 (共22层) 2室1厅 | 76.12平米 | 西南,https://ke-image.ljcdn.com/110000-inspection/pc1_Pf4WdAGPY_1.jpg!m_fill,w_280,h_210,f_jpg?from=ke.com
20240523,朝阳,南沙滩,101123696671,科学园南里三区    中科院单位分房,530万,92448元/平,低楼层 (共6层) | 1994年 | 2室1厅 | 57.33平米 | 南 西 北,https://ke-image.ljcdn.com/110000-inspection/pc1_UydQAngnd.jpg!m_fill,w_280,h_210,f_jpg?from=ke.com
20240523,朝阳,南沙滩,101123676743,满五年一套房子户型方正 2000年钢混 近鸟巢,686万,68043元/平,底层 (共14层) 3室2厅 | 100.82平米 | 东 西 北,https://ke-image.ljcdn.com/110000-inspection/pc1_T1FxGfYlU_1.jpg!m_fill,w_280,h_210,f_jpg?from=ke.com
20240523,朝阳,南沙滩,101123650053,南沙滩小区 1997年钢混结构 大两居 满五唯一,498万,61833元/平,低楼层 (共14层) 2室1厅 | 80.54平米 | 东 西,https://ke-image.ljcdn.com/110000-inspection/c2c8077a-9ab2-4882-90b5-fd0c9df8502f_1000.jpg!m_fill,w_280,h_210,f_jpg?from=ke.com
20240523,朝阳,南沙滩,101123642879,精装修 满五年 正规3居室 带电梯 近鸟巢,668万,66422元/平,中楼层 (共14层) 3室2厅 | 100.57平米 | 西 东,https://ke-image.ljcdn.com/110000-inspection/fed816f2-1d3a-4d84-8272-5f8eaa5ee4af_1000.jpg!m_fill,w_280,h_210,f_jpg?from=ke.com
20240523,朝阳,南沙滩,101123616086,南沙滩小区 2室1厅 东 西,355万,64936元/平,顶层 (共6层) 2室1厅 | 54.67平米 | 东 西,https://ke-image.ljcdn.com/110000-inspection/pc1_MtPWDHn0y.jpg!m_fill,w_280,h_210,f_jpg?from=ke.com
20240523,朝阳,南沙滩,101123614928,南沙滩小区 2室1厅 南 北,460万,71898元/平,底层 (共10层) 2室1厅 | 63.98平米 | 南 北,https://ke-image.ljcdn.com/110000-inspection/pc1_pwmLEewxY_1.jpg!m_fill,w_280,h_210,f_jpg?from=ke.com
20240523,朝阳,南沙滩,101123598762,HOT 本房总监热推 南向一居 出门奥森 看房方便,478万,74270元/平,中楼层 (共18层) | 1998年 | 1室1厅 | 64.36平米 | 南,https://ke-image.ljcdn.com/110000-inspection/pc1_F4Zh7X9Pn_1.jpg!m_fill,w_280,h_210,f_jpg?from=ke.com
20240523,朝阳,南沙滩,101123570708,科学园南里七区 3室1厅 南 北,820万,97330元/平,中楼层 (共7层) | 1994年 | 3室1厅 | 84.25平米 | 南 北,https://ke-image.ljcdn.com/110000-inspection/pc1_eOpBHHafY_1.jpg!m_fill,w_280,h_210,f_jpg?from=ke.com
20240523,朝阳,南沙滩,101123554501,双泉堡甲1号院 北沙滩 澳林春天 电梯房一居高层观景,440万,74589元/平,中楼层 (共18层) | 2000年 | 1室1厅 | 58.99平米 | 西,https://ke-image.ljcdn.com/110000-inspection/pc1_3YTlROpsP_1.jpg!m_fill,w_280,h_210,f_jpg?from=ke.com
20240523,朝阳,南沙滩,101123508770,满五年唯一 带电梯 1999年楼龄新,360万,57674元/平,中楼层 (共22层) 1室1厅 | 62.42平米 | 西,https://ke-image.ljcdn.com/110000-inspection/pc1_UHFNh2Odv.jpg!m_fill,w_280,h_210,f_jpg?from=ke.com
20240523,朝阳,南沙滩,101123482787,高层观景房  环境好 近鸟巢奥森公园,499万,85490元/平,高楼层 (共25层) | 2006年 | 1室1厅 | 58.37平米 | 西北,https://ke-image.ljcdn.com/110000-inspection/pc1_3DgPEFqNT_1.jpg!m_fill,w_280,h_210,f_jpg?from=ke.com
20240523,朝阳,南沙滩,101123473413,中和家园 2室1厅 南 北,690万,83546元/平,底层 (共7层) 2室1厅 | 82.59平米 | 南 北,https://ke-image.ljcdn.com/110000-inspection/977cad79-e7af-49ee-ad27-6d9ed8f26097_1000.jpg!m_fill,w_280,h_210,f_jpg?from=ke.com
20240523,朝阳,南沙滩,101123422656,名苑雅居正规一居 带电梯 2005年楼龄 落地窗设计,390万,76009元/平,低楼层 (共14层) 1室1厅 | 51.31平米 | 北,https://ke-image.ljcdn.com/110000-inspection/pc1_satzsKgwU_1.jpg!m_fill,w_280,h_210,f_jpg?from=ke.com
20240523,朝阳,南沙滩,101123401335,中和家园 2室1厅 南 北,549万,75955元/平,中楼层 (共6层) 2室1厅 | 72.28平米 | 南 北,https://ke-image.ljcdn.com/110000-inspection/pc1_zqKqvNJeb_1.jpg!m_fill,w_280,h_210,f_jpg?from=ke.com
20240523,朝阳,南沙滩,101123392367,此房满五唯一商品房南北通透格局配套设施齐全房主自荐,379万,69759元/平,高楼层 (共6层) 2室1厅 | 54.33平米 | 南 北,https://ke-image.ljcdn.com/110000-inspection/pc1_m88pNG7xt.jpg!m_fill,w_280,h_210,f_jpg?from=ke.com
20240523,朝阳,南沙滩,101123318560,双泉堡甲1号院  精装东南大两居房主自荐,550万,62643元/平,低楼层 (共18层) | 2000年 | 2室1厅 | 87.8平米 | 东南,https://ke-image.ljcdn.com/110000-inspection/pc1_KLkRDb6n9.jpg!m_fill,w_280,h_210,f_jpg?from=ke.com
20240523,朝阳,南沙滩,101123295295,双泉堡甲1号院  满五唯一  中层观景近地铁房主自荐,679万,68635元/平,中楼层 (共18层) | 2000年 | 3室1厅 | 98.93平米 | 南,https://ke-image.ljcdn.com/110000-inspection/0e8111d1-c2bc-4221-ae4b-b1de91d6212e_1000.jpg!m_fill,w_280,h_210,f_jpg?from=ke.com
20240523,朝阳,南沙滩,101123263449,房子正规一室一厅高层观景精装修,425万,85514元/平,顶层 (共14层) | 2005年 | 1室1厅 | 49.7平米 | 东北,https://ke-image.ljcdn.com/110000-inspection/pc1_PJWx9Z3mc.jpg!m_fill,w_280,h_210,f_jpg?from=ke.com
20240523,朝阳,南沙滩,101123247285,奥森旁懿品阁小区 总价小开间 仅有契税 去地铁近,310万,82033元/平,低楼层 (共18层) 1室0厅 | 37.79平米 | 西,https://ke-image.ljcdn.com/110000-inspection/pc1_VhD1sGuXV.jpg!m_fill,w_280,h_210,f_jpg?from=ke.com
20240523,朝阳,南沙滩,101123240570,南沙滩2号院天和人家南北通透板楼 满五年 精装修,930万,72323元/平,低楼层 (共24层) | 2004年 | 2室1厅 | 128.59平米 | 南 北,https://ke-image.ljcdn.com/110000-inspection/pc1_UYOZVMgkN.jpg!m_fill,w_280,h_210,f_jpg?from=ke.com
20240523,朝阳,南沙滩,101123221653,南沙滩66号院带电梯正规一居室近地铁公交房主自荐,598万,94561元/平,低楼层 (共21层) 1室1厅 | 63.24平米 | 东,https://ke-image.ljcdn.com/110000-inspection/pc1_ntVrhWURI.jpg!m_fill,w_280,h_210,f_jpg?from=ke.com
20240523,朝阳,南沙滩,101123203473,南沙滩小区 2室1厅 南 北,450万,69649元/平,高楼层 (共6层) | 1997年 | 2室1厅 | 64.61平米 | 南 北,https://ke-image.ljcdn.com/110000-inspection/pc1_kVoat0c6P_1.jpg!m_fill,w_280,h_210,f_jpg?from=ke.com
20240523,朝阳,南沙滩,101123184746,双泉堡甲1号院2号楼南边安静东边视野无遮挡房主自荐,690万,74258元/平,中楼层 (共18层) | 2000年 | 2室1厅 | 92.92平米 | 东南,https://ke-image.ljcdn.com/110000-inspection/pc1_q8D1QWrJb.jpg!m_fill,w_280,h_210,f_jpg?from=ke.com
20240523,朝阳,南沙滩,101123112777,双泉堡甲1号院新上 精装修两居室,610万,61660元/平,顶层 (共18层) | 2000年 | 2室1厅 | 98.93平米 | 南,https://ke-image.ljcdn.com/110000-inspection/pc1_e3gitWuBm.jpg!m_fill,w_280,h_210,f_jpg?from=ke.com
20240523,朝阳,南沙滩,101123099723,南沙滩小区 3室1厅 东 西,635万,72365元/平,中楼层 (共14层) 3室1厅 | 87.75平米 | 东 西,https://ke-image.ljcdn.com/110000-inspection/pc1_L4vSinhXA.jpg!m_fill,w_280,h_210,f_jpg?from=ke.com
20240523,朝阳,南沙滩,101123030001,北沙滩8号院 2室1厅 南,560万,76472元/平,中楼层 (共18层) 2室1厅 | 73.23平米 | 南,https://ke-image.ljcdn.com/110000-inspection/pc1_7ooFqYW1a.jpg!m_fill,w_280,h_210,f_jpg?from=ke.com
20240523,朝阳,南沙滩,101123019015,懿品阁  落地窗 精装修 视野开阔一居,320万,69490元/平,高楼层 (共18层) 1室1厅 | 46.05平米 | 北,https://ke-image.ljcdn.com/110000-inspection/60ea1850-0842-4da1-95a6-348683e721f5_1000.jpg!m_fill,w_280,h_210,f_jpg?from=ke.com
20240523,朝阳,南沙滩,101123008515,满五年 采光好 无遮挡 近鸟巢,410万,67668元/平,中楼层 (共6层) 2室1厅 | 60.59平米 | 南,https://ke-image.ljcdn.com/110000-inspection/pc1_m4cHXwGsP_1.jpg!m_fill,w_280,h_210,f_jpg?from=ke.com
20240523,朝阳,南沙滩,101122996947,懿品阁 精装修 楼龄新 带电梯一居,350万,76005元/平,低楼层 (共18层) 1室0厅 | 46.05平米 | 西 北,https://ke-image.ljcdn.com/110000-inspection/pc1_TeJqSRBCr.jpg!m_fill,w_280,h_210,f_jpg?from=ke.com
20240523,朝阳,南沙滩,101122962500,南沙滩小区 1室1厅 南,330万,81765元/平,高楼层 (共6层) | 1990年 | 1室1厅 | 40.36平米 | 南,https://ke-image.ljcdn.com/110000-inspection/0ee6340f-221a-4fba-a526-974b95fc2c36_1000.jpg!m_fill,w_280,h_210,f_jpg?from=ke.com
20240523,朝阳,南沙滩,101122882416,国奥村旁 低密小板楼精装两居 满五唯一 全明格局,530万,84719元/平,中楼层 (共6层) | 1993年 | 2室1厅 | 62.56平米 | 南 北,https://ke-image.ljcdn.com/110000-inspection/42773e65-1fa9-476f-971c-513b8c47570c_1000.jpg!m_fill,w_280,h_210,f_jpg?from=ke.com
20240523,朝阳,南沙滩,101122862477,懿品阁 1室0厅 西 南,295万,78063元/平,中楼层 (共18层) 1室0厅 | 37.79平米 | 西 南,https://ke-image.ljcdn.com/110000-inspection/pc1_VyGBDAlZ9.jpg!m_fill,w_280,h_210,f_jpg?from=ke.com
20240523,朝阳,南沙滩,101122843713,华源冠军城 1室1厅 东,649万,102625元/平,高楼层 (共21层) | 2010年 | 1室1厅 | 63.24平米 | 东,https://ke-image.ljcdn.com/110000-inspection/pc1_9I2m8We5r_1.jpg!m_fill,w_280,h_210,f_jpg?from=ke.com
20240523,朝阳,南沙滩,101122820142,南沙滩小区 2室1厅 南 北,499万,80097元/平,中楼层 (共10层) 2室1厅 | 62.3平米 | 南 北,https://ke-image.ljcdn.com/110000-inspection/pc1_OkclDcl76.jpg!m_fill,w_280,h_210,f_jpg?from=ke.com
20240523,朝阳,南沙滩,101122781402,南沙滩小区 1室1厅 南,310万,73062元/平,高楼层 (共6层) 1室1厅 | 42.43平米 | 南,https://ke-image.ljcdn.com/110000-inspection/52a4b3e2-a7c7-4a21-8b81-e28b81eddc60_1000.jpg!m_fill,w_280,h_210,f_jpg?from=ke.com
20240523,朝阳,南沙滩,101122726781,北沙滩8号院 带电梯 南向一居 采光好 不临街 满五年,379万,66644元/平,低楼层 (共18层) | 1998年 | 1室1厅 | 56.87平米 | 南,https://ke-image.ljcdn.com/110000-inspection/pc1_6mF6bEhB8.jpg!m_fill,w_280,h_210,f_jpg?from=ke.com
20240523,朝阳,南沙滩,101122707129,天和人家 东西通透两居室 对小区花园,699万,66623元/平,底层 (共13层) 2室1厅 | 104.92平米 | 东 西,https://ke-image.ljcdn.com/110000-inspection/8e0b6ad6-d719-44e5-b2a1-80b310799737_1000.jpg!m_fill,w_280,h_210,f_jpg?from=ke.com
20240523,朝阳,南沙滩,101122690596,风林绿洲新上 百万精装 四居室,1700万,91561元/平,低楼层 (共18层) 4室2厅 | 185.67平米 | 南 北,https://ke-image.ljcdn.com/110000-inspection/a7dec49c-085c-42bc-84fa-5cf3ba492020_1000.jpg!m_fill,w_280,h_210,f_jpg?from=ke.com
20240523,朝阳,南沙滩,101122645653,科学园南里六区 2室1厅 东南,598万,89134元/平,中楼层 (共21层) 2室1厅 | 67.09平米 | 东南,https://ke-image.ljcdn.com/110000-inspection/pc1_jUXcEJDKF_1.jpg!m_fill,w_280,h_210,f_jpg?from=ke.com
20240523,朝阳,南沙滩,101122633108,南沙滩小区 精装修 客厅带窗户 带有大阳台 不临街,436万,85140元/平,底层 (共6层) | 1991年 | 2室1厅 | 51.21平米 | 南 北,https://ke-image.ljcdn.com/110000-inspection/pc1_GL1mPhiWA_1.jpg!m_fill,w_280,h_210,f_jpg?from=ke.com
20240523,朝阳,南沙滩,101122566346,南沙滩小区 双卧朝南2居 带电梯 楼龄新 不临街,520万,83468元/平,中楼层 (共10层) 2室1厅 | 62.3平米 | 南 北,https://ke-image.ljcdn.com/110000-inspection/7087ffc8-bb96-4665-af25-1aae7f8c17cd_1000.jpg!m_fill,w_280,h_210,f_jpg?from=ke.com
20240523,朝阳,南沙滩,101122549765,南沙滩小区 南北2居 楼龄新 不临街 采光好,480万,70279元/平,低楼层 (共15层) 2室1厅 | 68.3平米 | 南 北,https://ke-image.ljcdn.com/110000-inspection/pc1_x64RPWwCC_1.jpg!m_fill,w_280,h_210,f_jpg?from=ke.com
20240523,朝阳,南沙滩,101122526740,懿品阁  带电梯一居室  高楼层 采光好 楼龄新房主自荐,353万,82962元/平,顶层 (共18层) 1室0厅 | 42.55平米 | 东南,https://ke-image.ljcdn.com/110000-inspection/8c3d807c-6869-4c51-9b3e-02efa9bd4b05_1000.jpg!m_fill,w_280,h_210,f_jpg?from=ke.com
20240523,朝阳,南沙滩,101122492975,南沙滩小区正规三居室户型方正电梯直达,738万,63963元/平,低楼层 (共22层) 3室1厅 | 115.38平米 | 西 北,https://ke-image.ljcdn.com/110000-inspection/ea208330-7e29-4591-8b27-4fe698656c36_1000.jpg!m_fill,w_280,h_210,f_jpg?from=ke.com
20240523,朝阳,南沙滩,101122450346,懿品阁 高层一居室  2005年社区,325万,70745元/平,顶层 (共18层) 1室1厅 | 45.94平米 | 北,https://ke-image.ljcdn.com/110000-inspection/8b920218-2420-44de-8233-537aa48341ff_1000.jpg!m_fill,w_280,h_210,f_jpg?from=ke.com
20240523,朝阳,南沙滩,101122421161,北沙滩7号院 满五年 看房有钥匙 诚心出售,498万,75182元/平,低楼层 (共18层) | 1998年 | 2室1厅 | 66.24平米 | 东,https://ke-image.ljcdn.com/110000-inspection/pc1_2l1FOoEYf_1.jpg!m_fill,w_280,h_210,f_jpg?from=ke.com
20240523,朝阳,南沙滩,101122255229,北沙滩7号院 诚心出售两居 满五唯一 看房钥匙,460万,64264元/平,低楼层 (共18层) 2室1厅 | 71.58平米 | 东 北,https://ke-image.ljcdn.com/110000-inspection/b61d2bcf-84d7-4377-8401-dc5630f4d860_1000.jpg!m_fill,w_280,h_210,f_jpg?from=ke.com
20240523,朝阳,南沙滩,101122208361,双卧朝东 明厨明 精装修  低楼层出行方便,539万,70810元/平,低楼层 (共22层) 2室1厅 | 76.12平米 | 东南,https://ke-image.ljcdn.com/110000-inspection/pc1_ZgrEmxQyC.jpg!m_fill,w_280,h_210,f_jpg?from=ke.com
20240523,朝阳,南沙滩,101122207387,北沙滩6号院 2室1厅 南 北,428万,76375元/平,中楼层 (共6层) 2室1厅 | 56.04平米 | 南 北,https://ke-image.ljcdn.com/110000-inspection/pc1_iDUTBbQgV_1.jpg!m_fill,w_280,h_210,f_jpg?from=ke.com
20240523,朝阳,南沙滩,101122072601,南沙滩和谐小区  满五唯一 商品房,380万,62810元/平,顶层 (共6层) 2室1厅 | 60.5平米 | 南 北,https://ke-image.ljcdn.com/110000-inspection/pc1_HKTsPJsCL.jpg!m_fill,w_280,h_210,f_jpg?from=ke.com
20240523,朝阳,南沙滩,101121962395,南沙滩66号院 南北通透3居直观小区花园水系,1550万,83294元/平,低楼层 (共23层) 3室1厅 | 186.09平米 | 南 北,https://ke-image.ljcdn.com/110000-inspection/pc1_PNcXq8uGW.jpg!m_fill,w_280,h_210,f_jpg?from=ke.com
20240523,朝阳,南沙滩,101121899261,中科院家属院低密度洋房总高4层,950万,105275元/平,中楼层 (共4层) 3室1厅 | 90.24平米 | 南 北,https://ke-image.ljcdn.com/110000-inspection/pc1_odSVt0wgN_1.jpg!m_fill,w_280,h_210,f_jpg?from=ke.com
20240523,朝阳,南沙滩,101121865843,绿城西南向三居室精装修配套设施齐全。,1770万,124948元/平,低楼层 (共17层) | 2011年 | 3室1厅 | 141.66平米 | 西南,https://ke-image.ljcdn.com/110000-inspection/pc1_C1DkNR5BG.jpg!m_fill,w_280,h_210,f_jpg?from=ke.com
20240523,朝阳,南沙滩,101121835353,科学园南里五区 少见三居 业主诚意出售,890万,99933元/平,高楼层 (共6层) | 1997年 | 3室1厅 | 89.06平米 | 南 北,https://ke-image.ljcdn.com/110000-inspection/pc1_bJV69516u.jpg!m_fill,w_280,h_210,f_jpg?from=ke.com
20240523,朝阳,南沙滩,101121821128,近地铁15号线北沙滩站南向采光好小户型无浪费面积,265万,70989元/平,低楼层 (共6层) 1室1厅 | 37.33平米 | 南,https://ke-image.ljcdn.com/110000-inspection/ac1cc7eb-0c41-4cc7-8bca-e66a2695f6a5_1000.jpg!m_fill,w_280,h_210,f_jpg?from=ke.com
20240523,朝阳,南沙滩,101121754143,科学园南里四区 鸟巢旁边 低密度社区,538万,86719元/平,高楼层 (共6层) 2室1厅 | 62.04平米 | 东南,https://ke-image.ljcdn.com/110000-inspection/047f68c2-ca35-4ded-b44b-bb8613fa2bf4_1000.jpg!m_fill,w_280,h_210,f_jpg?from=ke.com
20240523,朝阳,南沙滩,101121728500,南沙滩小区 2室1厅 南 北,460万,74470元/平,中楼层 (共15层) 2室1厅 | 61.77平米 | 南 北,https://ke-image.ljcdn.com/110000-inspection/cac97781-568b-4fd8-ae21-7a97c3a48b75_1000.jpg!m_fill,w_280,h_210,f_jpg?from=ke.com
20240523,朝阳,南沙滩,101121690330,中和家园2000年商品房南北通透户型好,625万,86470元/平,低楼层 (共6层) 2室1厅 | 72.28平米 | 南 北,https://ke-image.ljcdn.com/110000-inspection/pc1_Cu5Gch2Eq_1.jpg!m_fill,w_280,h_210,f_jpg?from=ke.com
20240523,朝阳,南沙滩,101121660441,北沙滩8号院 2室1厅 南 北 西,750万,69658元/平,中楼层 (共5层) 2室1厅 | 107.67平米 | 南 北 西,https://ke-image.ljcdn.com/110000-inspection/3a792ad2-2364-42d8-826a-bb58fe558915_1000.jpg!m_fill,w_280,h_210,f_jpg?from=ke.com
20240523,朝阳,南沙滩,101121646178,满五年唯一电梯直达小区管理好居住舒适,470万,68875元/平,低楼层 (共18层) 2室1厅 | 68.24平米 | 西,https://ke-image.ljcdn.com/110000-inspection/pc1_nnnZeDAuq.jpg!m_fill,w_280,h_210,f_jpg?from=ke.com
20240523,朝阳,南沙滩,101121623749,科学园南里五区 中科院单位分房 素质高,895万,104752元/平,中楼层 (共6层) 3室1厅 | 85.44平米 | 南 北,https://ke-image.ljcdn.com/110000-inspection/pc1_XEYJkezc5.jpg!m_fill,w_280,h_210,f_jpg?from=ke.com
20240523,朝阳,南沙滩,101121599428,2000年钢混独立管理社区整洁电梯直达。,790万,77956元/平,中楼层 (共18层) | 2000年 | 3室1厅 | 101.34平米 | 东北,https://ke-image.ljcdn.com/110000-inspection/pc1_gexKSmWaT_1.jpg!m_fill,w_280,h_210,f_jpg?from=ke.com
20240523,朝阳,南沙滩,101121577198,双泉堡甲1号  2000年钢混 人文环境好 精装修 采光好,470万,79675元/平,中楼层 (共18层) | 2000年 | 1室1厅 | 58.99平米 | 西,https://ke-image.ljcdn.com/110000-inspection/pc1_RNbYdVbYv_1.jpg!m_fill,w_280,h_210,f_jpg?from=ke.com
20240523,朝阳,南沙滩,101121573129,北沙滩7号院  高层  西北大两居,490万,68455元/平,高楼层 (共18层) | 1998年 | 2室1厅 | 71.58平米 | 西北,https://ke-image.ljcdn.com/110000-inspection/e4cdd159-7828-4bd2-bb47-ab57ae88d01d_1000.jpg!m_fill,w_280,h_210,f_jpg?from=ke.com
20240523,朝阳,南沙滩,101121549157,南沙滩96年钢混结构  精装修南北通透一居室,430万,72672元/平,中楼层 (共15层) | 1996年 | 1室1厅 | 59.17平米 | 南 北,https://ke-image.ljcdn.com/110000-inspection/pc1_KYlQ11NLP.jpg!m_fill,w_280,h_210,f_jpg?from=ke.com
20240523,朝阳,南沙滩,101121495340,南沙滩和谐小区 田字格南北向三居室房主自荐,580万,79769元/平,高楼层 (共6层) 3室1厅 | 72.71平米 | 南 北,https://ke-image.ljcdn.com/110000-inspection/pc1_ApGtaXk6E.jpg!m_fill,w_280,h_210,f_jpg?from=ke.com
20240523,朝阳,南沙滩,101121402234,南北通透 精装两居 中间楼层 采光好,386万,72762元/平,高楼层 (共6层) 2室1厅 | 53.05平米 | 北 南,https://ke-image.ljcdn.com/110000-inspection/pc1_w4de0lQkt.jpg!m_fill,w_280,h_210,f_jpg?from=ke.com
20240523,朝阳,南沙滩,101121380883,中天国际自如精装房源满五年唯一高层观景房,280万,64235元/平,顶层 (共16层) 1室1厅 | 43.59平米 | 西,https://ke-image.ljcdn.com/110000-inspection/pc1_WoDhm4cEz.jpg!m_fill,w_280,h_210,f_jpg?from=ke.com
20240523,朝阳,南沙滩,101121337173,精装修 户型好  内部设计好 楼前后观花园 近鸟巢,434万,70307元/平,高楼层 (共6层) 2室1厅 | 61.73平米 | 南 北,https://ke-image.ljcdn.com/110000-inspection/pc1_HPTBmIHhE.jpg!m_fill,w_280,h_210,f_jpg?from=ke.com
20240523,朝阳,南沙滩,101121327719,奥森西侧  8和15号线  南北通透   满五唯一,1620万,86093元/平,低楼层 (共18层) 4室2厅 | 188.17平米 | 南 北,https://ke-image.ljcdn.com/110000-inspection/pc1_0TuoG44TW.jpg!m_fill,w_280,h_210,f_jpg?from=ke.com
20240523,朝阳,南沙滩,101121273527,南沙滩小区 2室1厅 南 北房主自荐,470万,77854元/平,底层 (共15层) | 1997年 | 2室1厅 | 60.37平米 | 南 北,https://ke-image.ljcdn.com/110000-inspection/pc1_HhaB5r05e.jpg!m_fill,w_280,h_210,f_jpg?from=ke.com
20240523,朝阳,南沙滩,101121200875,中天国际朝南阳光充足满五年唯一交通便利；,350万,74851元/平,低楼层 (共16层) 1室1厅 | 46.76平米 | 南,https://ke-image.ljcdn.com/110000-inspection/pc1_5XY7zfIOP.jpg!m_fill,w_280,h_210,f_jpg?from=ke.com
20240523,朝阳,南沙滩,101121199563,白庙路甲一号 精致装修 南向两居室,698万,85060元/平,高楼层 (共14层) 2室2厅 | 82.06平米 | 南,https://ke-image.ljcdn.com/110000-inspection/pc1_kVGw7LmVE.jpg!m_fill,w_280,h_210,f_jpg?from=ke.com
20240523,朝阳,南沙滩,101121118773,风林绿洲 南北通透 满五唯一 看房方便,1550万,82373元/平,顶层 (共18层) 4室2厅 | 188.17平米 | 南 北,https://ke-image.ljcdn.com/110000-inspection/pc1_ET2LPrvVH.jpg!m_fill,w_280,h_210,f_jpg?from=ke.com
20240523,朝阳,南沙滩,101121109667,南沙滩小区 2室1厅 南 北,468万,76898元/平,底层 (共10层) 2室1厅 | 60.86平米 | 南 北,https://ke-image.ljcdn.com/110000-inspection/pc1_gPq0mAmJB.jpg!m_fill,w_280,h_210,f_jpg?from=ke.com
20240523,朝阳,南沙滩,101121092932,天和人家 西南两居室 高层观西山 采光好,798万,76459元/平,高楼层 (共23层) 2室1厅 | 104.37平米 | 西南,https://ke-image.ljcdn.com/110000-inspection/7c47eb1c-37f7-4df6-8048-930b08e4a1eb_1000.jpg!m_fill,w_280,h_210,f_jpg?from=ke.com
20240523,朝阳,南沙滩,101121035267,人车分流楼层好视野开阔采光充足配套齐全；,470万,107873元/平,高楼层 (共23层) | 2006年 | 1室0厅 | 43.57平米 | 西北 东北,https://ke-image.ljcdn.com/110000-inspection/pc1_hqHu4gWUf.jpg!m_fill,w_280,h_210,f_jpg?from=ke.com
20240523,朝阳,南沙滩,101121026330,南沙滩联合院满两年唯一南北通透带西窗,370万,69944元/平,高楼层 (共6层) | 1990年 | 2室1厅 | 52.9平米 | 南 西 北,https://ke-image.ljcdn.com/110000-inspection/664541ed-04e7-4e95-9fff-f2965441c3cd_1000.jpg!m_fill,w_280,h_210,f_jpg?from=ke.com
20240523,朝阳,南沙滩,101120937963,南沙滩小区 1室1厅 南,280万,62978元/平,顶层 (共6层) 1室1厅 | 44.46平米 | 南,https://ke-image.ljcdn.com/110000-inspection/pc1_zR9slG6gz.jpg!m_fill,w_280,h_210,f_jpg?from=ke.com
20240523,朝阳,南沙滩,101120936232,南沙滩小区不临街精装田字格三居房主自荐,550万,72075元/平,高楼层 (共6层) | 1984年 | 3室1厅 | 76.31平米 | 南 北,https://ke-image.ljcdn.com/110000-inspection/pc1_lvtoqEsJh.jpg!m_fill,w_280,h_210,f_jpg?from=ke.com
20240523,朝阳,南沙滩,101120899498,北沙滩6号院 诚心出售南北通透两居 近地铁 近公园,440万,80646元/平,中楼层 (共7层) | 1992年 | 2室1厅 | 54.56平米 | 南 北,https://ke-image.ljcdn.com/110000-inspection/a4360bb2-d877-4785-a6a8-50c20f6d8832_1000.jpg!m_fill,w_280,h_210,f_jpg?from=ke.com
20240523,朝阳,南沙滩,101120884845,南北通透三居室户型方正满五年唯一不临街,455万,66105元/平,顶层 (共6层) | 1990年 | 3室1厅 | 68.83平米 | 南 北,https://ke-image.ljcdn.com/110000-inspection/pc1_xwpDdmnrh.jpg!m_fill,w_280,h_210,f_jpg?from=ke.com
20240523,朝阳,南沙滩,101120879467,南沙滩五建小区  97年楼龄精装修两居室房主自荐,440万,78896元/平,中楼层 (共6层) | 1997年 | 2室1厅 | 55.77平米 | 南,https://ke-image.ljcdn.com/110000-inspection/pc1_b7X6KEt8P.jpg!m_fill,w_280,h_210,f_jpg?from=ke.com
20240523,朝阳,南沙滩,101120875132,精装修  东西通透 满五年一套房  近鸟巢,435万,86671元/平,底层 (共6层) 2室1厅 | 50.19平米 | 东 西,https://ke-image.ljcdn.com/110000-inspection/pc1_QTMcyCGkY.jpg!m_fill,w_280,h_210,f_jpg?from=ke.com
20240523,朝阳,南沙滩,101120858020,中和家园 满五唯一电梯直达 近地铁和高速 奥森旁,429万,64991元/平,底层 (共14层) 2室1厅 | 66.01平米 | 东 西,https://ke-image.ljcdn.com/110000-inspection/pc1_KNDvQqvv8_1.jpg!m_fill,w_280,h_210,f_jpg?from=ke.com
20240523,朝阳,南沙滩,101120784293,南沙滩小区 精装修  没有遮挡不临街  阳光充足,445万,71949元/平,低楼层 (共6层) 3室1厅 | 61.85平米 | 南 北,https://ke-image.ljcdn.com/110000-inspection/pc1_96fiosau6_1.jpg!m_fill,w_280,h_210,f_jpg?from=ke.com
20240523,朝阳,南沙滩,101120767846,名苑雅居 正规一居室 户型方正 小区位置交通便利,435万,77721元/平,低楼层 (共14层) 1室1厅 | 55.97平米 | 北,https://ke-image.ljcdn.com/110000-inspection/e4f56d8c-8515-4478-9029-fa2ac96e5dd1_1000.jpg!m_fill,w_280,h_210,f_jpg?from=ke.com
20240523,朝阳,南沙滩,101120751398,南沙滩小区高楼层随时签约南北通透,350万,59973元/平,顶层 (共6层) | 1992年 | 2室1厅 | 58.36平米 | 南 北,https://ke-image.ljcdn.com/110000-inspection/pc1_UR6j7gYGI_1.jpg!m_fill,w_280,h_210,f_jpg?from=ke.com
20240523,朝阳,南沙滩,101120734807,双泉堡甲1号院  人文环境好  2000年钢混 电梯直达房主自荐,368万,68250元/平,低楼层 (共18层) | 2000年 | 1室1厅 | 53.92平米 | 东 北,https://ke-image.ljcdn.com/110000-inspection/pc1_c6JCEE9kx.jpg!m_fill,w_280,h_210,f_jpg?from=ke.com
20240523,朝阳,南沙滩,101120599681,懿品阁东向正规一居室满五唯一,515万,73804元/平,中楼层 (共18层) 1室1厅 | 69.78平米 | 东,https://ke-image.ljcdn.com/110000-inspection/pc1_pd7Km6WGk.jpg!m_fill,w_280,h_210,f_jpg?from=ke.com
20240523,朝阳,南沙滩,101120597436,天和人家 2004年商品房社区 满五年唯一 户型方正,1400万,92039元/平,高楼层 (共18层) 3室1厅 | 152.11平米 | 南 西 北,https://ke-image.ljcdn.com/110000-inspection/pc1_ZT4WzqVEs.jpg!m_fill,w_280,h_210,f_jpg?from=ke.com
20240523,朝阳,南沙滩,101120479316,北沙滩8号院中间层全明格局三居满五年唯一单位分房,799.9万,74292元/平,中楼层 (共5层) 3室1厅 | 107.67平米 | 南 北,https://ke-image.ljcdn.com/110000-inspection/pc1_zAaXDWDKG.jpg!m_fill,w_280,h_210,f_jpg?from=ke.com
20240523,朝阳,南沙滩,101120404270,南沙滩大院精装一居室诚意出售满五唯一房主自荐,408万,87592元/平,高楼层 (共15层) 1室1厅 | 46.58平米 | 南,https://ke-image.ljcdn.com/110000-inspection/pc1_mjpHxdu71.jpg!m_fill,w_280,h_210,f_jpg?from=ke.com
20240523,朝阳,南沙滩,101120139644,奥森附近 北沙滩两居 电梯房 带落地窗 楼龄新 近地铁,675万,79816元/平,低楼层 (共18层) 2室1厅 | 84.57平米 | 东 北,https://ke-image.ljcdn.com/110000-inspection/310f154c-38ed-469d-9a86-ce369a502aca_1000.jpg!m_fill,w_280,h_210,f_jpg?from=ke.com
20240523,朝阳,南沙滩,101120139609,奥森周边西南向大居室满五唯一中间楼层采光充足,508万,72801元/平,中楼层 (共18层) | 2005年 | 1室1厅 | 69.78平米 | 西,https://ke-image.ljcdn.com/110000-inspection/pc1_8X9XPBJlW.jpg!m_fill,w_280,h_210,f_jpg?from=ke.com
20240523,朝阳,南沙滩,101120103202,南沙滩小区 3室1厅 南 北房主自荐,535万,68284元/平,底层 (共10层) | 1997年 | 3室1厅 | 78.35平米 | 南 北,https://ke-image.ljcdn.com/110000-inspection/pc1_VJ9VyZe50.jpg!m_fill,w_280,h_210,f_jpg?from=ke.com
20240523,朝阳,南沙滩,101120006026,南沙滩小区 南北3居 中间层 把边全名格局 不临街,555万,81859元/平,中楼层 (共6层) | 1983年 | 3室1厅 | 67.8平米 | 南 北,https://ke-image.ljcdn.com/110000-inspection/pc1_kQIf8mbPc_1.jpg!m_fill,w_280,h_210,f_jpg?from=ke.com
20240523,朝阳,南沙滩,101119989551,天和人家 南向2居 楼层高 采光好 满五年唯一,1080万,101399元/平,高楼层 (共24层) 2室1厅 | 106.51平米 | 南,https://ke-image.ljcdn.com/110000-inspection/f379e15e-6d58-4b21-b865-666fbbed914f_1000.jpg!m_fill,w_280,h_210,f_jpg?from=ke.com
20240523,朝阳,南沙滩,101119829890,南沙滩小区 2室1厅 南 北,578万,78151元/平,低楼层 (共15层) | 1996年 | 2室1厅 | 73.96平米 | 南 北,https://ke-image.ljcdn.com/110000-inspection/pc1_qdyVUDseL.jpg!m_fill,w_280,h_210,f_jpg?from=ke.com
20240523,朝阳,南沙滩,101119785359,南沙滩一居室南北通透满五年唯一。,360万,73440元/平,中楼层 (共10层) 1室1厅 | 49.02平米 | 南 北,https://ke-image.ljcdn.com/110000-inspection/553d7c46-47dc-481e-ac93-b0c7f0aea8ed_1000.jpg!m_fill,w_280,h_210,f_jpg?from=ke.com
20240523,朝阳,南沙滩,101119769820,南沙滩和谐小区南北通透全明格局居住舒适房主自荐,410万,67501元/平,中楼层 (共6层) 2室1厅 | 60.74平米 | 南 北,https://ke-image.ljcdn.com/110000-inspection/pc1_avK2VR5p2.jpg!m_fill,w_280,h_210,f_jpg?from=ke.com
20240523,朝阳,南沙滩,101119708142,此房满五唯一南北通透采光好中间层不临街,480万,79339元/平,中楼层 (共6层) | 1984年 | 2室1厅 | 60.5平米 | 南 北,https://ke-image.ljcdn.com/110000-inspection/pc1_gvJTmMa8J_1.jpg!m_fill,w_280,h_210,f_jpg?from=ke.com
20240523,朝阳,南沙滩,101119662981,奥森公园 商品房精装修小户型,310万,67480元/平,低楼层 (共18层) | 2005年 | 1室1厅 | 45.94平米 | 北,https://ke-image.ljcdn.com/110000-inspection/pc1_BBLSe7LhA.jpg!m_fill,w_280,h_210,f_jpg?from=ke.com
20240523,朝阳,南沙滩,101119533363,精装修可以拎包入住满五唯一南北通透位置好,345万,81696元/平,低楼层 (共6层) 1室1厅 | 42.23平米 | 南 北,https://ke-image.ljcdn.com/110000-inspection/pc1_f73R1aIh1_1.jpg!m_fill,w_280,h_210,f_jpg?from=ke.com
20240523,朝阳,南沙滩,101119420956,南沙滩和谐小区钢混结构 满五唯一诚意出售,425万,69948元/平,中楼层 (共6层) 2室1厅 | 60.76平米 | 南 北,https://ke-image.ljcdn.com/110000-inspection/pc1_dIcukvsl7_1.jpg!m_fill,w_280,h_210,f_jpg?from=ke.com
20240523,朝阳,南沙滩,101119386289,中科院单位分房+社区改造+近地铁（8号线奥林匹克）,490万,78338元/平,顶层 (共6层) 2室1厅 | 62.55平米 | 东南 南,https://ke-image.ljcdn.com/110000-inspection/ee38a98d-a909-43bc-bf54-702066398a3d_1000.jpg!m_fill,w_280,h_210,f_jpg?from=ke.com
20240523,朝阳,南沙滩,101119325181,科学园南里风林绿洲不临街三居室满五年唯一房主自荐,1450万,84554元/平,低楼层 (共33层) | 2001年 | 3室2厅 | 171.49平米 | 南 西,https://ke-image.ljcdn.com/110000-inspection/pc1_yIlBWO3uq.jpg!m_fill,w_280,h_210,f_jpg?from=ke.com
20240523,朝阳,南沙滩,101119270468,南沙滩小区边户三居室南北通透全明格局,475万,76787元/平,高楼层 (共6层) | 1983年 | 3室1厅 | 61.86平米 | 东 南 北,https://ke-image.ljcdn.com/110000-inspection/pc1_avhGBFe7D_1.jpg!m_fill,w_280,h_210,f_jpg?from=ke.com
20240523,朝阳,南沙滩,101119266794,满五年唯一 不临街 远离高速很安静 楼间距宽视野好,450万,65973元/平,高楼层 (共6层) | 1997年 | 2室1厅 | 68.21平米 | 南 北,https://ke-image.ljcdn.com/110000-inspection/pc1_pKMX4KWom.jpg!m_fill,w_280,h_210,f_jpg?from=ke.com
20240523,朝阳,南沙滩,101119196219,北沙滩7号院南向三居室户型方正有电梯,778万,85797元/平,中楼层 (共18层) 3室2厅 | 90.68平米 | 南 西,https://ke-image.ljcdn.com/110000-inspection/pc1_xkQMlP9iF.jpg!m_fill,w_280,h_210,f_jpg?from=ke.com
20240523,朝阳,南沙滩,101119189514,急售！中科院分房满五唯一央产房。,690万,82173元/平,顶层 (共5层) 3室1厅 | 83.97平米 | 南 北,https://ke-image.ljcdn.com/110000-inspection/pc1_is8KjVU29_1.jpg!m_fill,w_280,h_210,f_jpg?from=ke.com
20240523,朝阳,南沙滩,101119134665,小户型 不临街 近地铁 公园 出行交通方便,380万,94693元/平,低楼层 (共25层) 1室0厅 | 40.13平米 | 北,https://ke-image.ljcdn.com/110000-inspection/pc1_iCaOHyl2v.jpg!m_fill,w_280,h_210,f_jpg?from=ke.com
20240523,朝阳,南沙滩,101119054319,科学园南里新登记小区中间位置精装修南北高楼层两居室,580万,95067元/平,中楼层 (共7层) 2室1厅 | 61.01平米 | 南 北,https://ke-image.ljcdn.com/110000-inspection/pc1_UethEwUrx.jpg!m_fill,w_280,h_210,f_jpg?from=ke.com
20240523,朝阳,南沙滩,101118936699,南沙滩小区  精装  随时看房,335万,61923元/平,高楼层 (共6层) 2室1厅 | 54.1平米 | 东,https://ke-image.ljcdn.com/110000-inspection/pc1_FYUEZcwnt.jpg!m_fill,w_280,h_210,f_jpg?from=ke.com
20240523,朝阳,南沙滩,101118923753,满五年唯一南北通透采光好出行方便,1780万,97040元/平,低楼层 (共23层) 3室2厅 | 183.43平米 | 南 北,https://ke-image.ljcdn.com/110000-inspection/pc1_grybxFs9c.jpg!m_fill,w_280,h_210,f_jpg?from=ke.com
20240523,朝阳,南沙滩,101118876724,名苑雅居   南北通两居前后无遮挡,706万,83531元/平,中楼层 (共14层) 2室1厅 | 84.52平米 | 南 北,https://ke-image.ljcdn.com/110000-inspection/pc1_w5SVeQS2U.jpg!m_fill,w_280,h_210,f_jpg?from=ke.com
20240523,朝阳,南沙滩,101118816195,本房1997年建成南北通透两居低楼层,529万,77555元/平,底层 (共6层) 2室1厅 | 68.21平米 | 南 北,https://ke-image.ljcdn.com/110000-inspection/pc1_f8Vc595cU.jpg!m_fill,w_280,h_210,f_jpg?from=ke.com
20240523,朝阳,南沙滩,101118785208,南沙滩小区新上三居室 近15号线地铁站 近奥森,470万,67268元/平,高楼层 (共6层) 3室1厅 | 69.87平米 | 东 西,https://ke-image.ljcdn.com/110000-inspection/2e942f20-f68a-4a7b-a6a6-ca32dfbdc051_1000.jpg!m_fill,w_280,h_210,f_jpg?from=ke.com
20240523,朝阳,南沙滩,101118680883,中天国际西北向的开间自如装修采光充足房主自荐,377万,65646元/平,中楼层 (共16层) 1室0厅 | 57.43平米 | 西北,https://ke-image.ljcdn.com/110000-inspection/pc1_Z0e2FRftB_1.jpg!m_fill,w_280,h_210,f_jpg?from=ke.com
20240523,朝阳,南沙滩,101118636731,南沙滩工美院小区田字格三居室满五唯一,490万,73091元/平,中楼层 (共6层) | 1987年 | 3室1厅 | 67.04平米 | 南 北,https://ke-image.ljcdn.com/110000-inspection/pc1_F5KTWzDOl_1.jpg!m_fill,w_280,h_210,f_jpg?from=ke.com
20240523,朝阳,南沙滩,101118618770,南沙滩小区 1室1厅 南,310万,60090元/平,低楼层 (共15层) | 1996年 | 1室1厅 | 51.59平米 | 南,https://ke-image.ljcdn.com/110000-inspection/e1769d77-b87d-4c1e-8c72-c1d5cf928ae9_1000.jpg!m_fill,w_280,h_210,f_jpg?from=ke.com
20240523,朝阳,南沙滩,101118515967,北沙滩8号院 精装修满五年唯一 电梯房,590万,71803元/平,高楼层 (共18层) 3室1厅 | 82.17平米 | 西南,https://ke-image.ljcdn.com/110000-inspection/pc1_wtBTZPUgy.jpg!m_fill,w_280,h_210,f_jpg?from=ke.com
20240523,朝阳,南沙滩,101118408547,南向的正规一居室厨房卫生间都带有窗户通风好,355万,79848元/平,高楼层 (共6层) 1室1厅 | 44.46平米 | 南,https://ke-image.ljcdn.com/110000-inspection/pc1_HWZhOjZ5H.jpg!m_fill,w_280,h_210,f_jpg?from=ke.com
20240523,朝阳,南沙滩,101118061147,房子满五年唯一普通住宅户型好看房有钥匙,680万,67797元/平,底层 (共14层) 3室1厅 | 100.3平米 | 东 西,https://ke-image.ljcdn.com/110000-inspection/pc1_R59IfW3iB_1.jpg!m_fill,w_280,h_210,f_jpg?from=ke.com
20240523,朝阳,南沙滩,101117989755,南沙滩97年钢混无遮挡南北通透三居室看房方便,560万,73782元/平,中楼层 (共15层) 3室1厅 | 75.9平米 | 南 北,https://ke-image.ljcdn.com/110000-inspection/pc1_qXc7814IZ.jpg!m_fill,w_280,h_210,f_jpg?from=ke.com
20240523,朝阳,南沙滩,101117964301,科学园南里四区东南向两居室 双卧朝南,569万,91716元/平,顶层 (共6层) 2室1厅 | 62.04平米 | 东南,https://ke-image.ljcdn.com/110000-inspection/fb41d98b-2f39-48be-83af-847f03f00fea_1000.jpg!m_fill,w_280,h_210,f_jpg?from=ke.com
20240523,朝阳,南沙滩,101117821772,南沙滩小区1997年建成南北通透两居精装修。,499万,73157元/平,顶层 (共6层) 2室1厅 | 68.21平米 | 南 北,https://ke-image.ljcdn.com/110000-inspection/06255db2-5e73-4dcc-ad79-689a0ff2ff7c_1000.jpg!m_fill,w_280,h_210,f_jpg?from=ke.com
20240523,朝阳,南沙滩,101117766998,鸟巢西侧 中科院单位科学园【8号15号地铁】精装修,498万,79617元/平,高楼层 (共6层) 2室1厅 | 62.55平米 | 西南 北,https://ke-image.ljcdn.com/110000-inspection/pc1_hWS6xkgyn.jpg!m_fill,w_280,h_210,f_jpg?from=ke.com
20240523,朝阳,南沙滩,101117560631,鸟巢西侧 风林二期 板楼 精装修 无遮挡 5居 不临街,2050万,97360元/平,低楼层 (共10层) 5室2厅 | 210.56平米 | 南 北,https://ke-image.ljcdn.com/110000-inspection/pc1_mS2gcKG1j.jpg!m_fill,w_280,h_210,f_jpg?from=ke.com
20240523,朝阳,南沙滩,101117079757,南沙滩大院。楼龄新钢混带电梯。可用公积金,503万,79994元/平,低楼层 (共10层) 2室1厅 | 62.88平米 | 北 南,https://ke-image.ljcdn.com/110000-inspection/pc1_O8Rpd96pZ.jpg!m_fill,w_280,h_210,f_jpg?from=ke.com
20240523,朝阳,南沙滩,101117078896,懿品阁一居室看房方便满五年,312万,68784元/平,低楼层 (共18层) | 2005年 | 1室0厅 | 45.36平米 | 北,https://ke-image.ljcdn.com/110000-inspection/pc1_DMl4tiFE4.jpg!m_fill,w_280,h_210,f_jpg?from=ke.com
20240523,朝阳,南沙滩,101116694136,绿城北京诚园精装大四居。拎包入住,3200万,120238元/平,中楼层 (共13层) | 2010年 | 4室2厅 | 266.14平米 | 南 北,https://ke-image.ljcdn.com/110000-inspection/pc1_dVWpP4JfK.jpg!m_fill,w_280,h_210,f_jpg?from=ke.com
20240523,朝阳,南沙滩,101116598247,北四环南北通透 明厨明卫 三代同堂四居室 近鸟巢,1790万,114079元/平,中楼层 (共24层) | 2004年 | 4室1厅 | 156.91平米 | 东南 南 北,https://ke-image.ljcdn.com/110000-inspection/72d19888-18a9-4643-8540-6a32ecdb092b_1000.jpg!m_fill,w_280,h_210,f_jpg?from=ke.com
20240523,朝阳,南沙滩,101116258811,北沙滩4号院 2室1厅 南 北,410万,73861元/平,高楼层 (共6层) | 1988年 | 2室1厅 | 55.51平米 | 南 北,https://ke-image.ljcdn.com/110000-inspection/pc1_HqsYcUyJl.jpg!m_fill,w_280,h_210,f_jpg?from=ke.com
20240523,朝阳,南沙滩,101116011575,南沙滩小区南北通透三居诚意出售。,548万,81743元/平,高楼层 (共6层) | 1987年 | 3室1厅 | 67.04平米 | 南 北,https://ke-image.ljcdn.com/110000-inspection/pc1_45RLIcMN7.jpg!m_fill,w_280,h_210,f_jpg?from=ke.com
20240523,朝阳,南沙滩,101115787496,南沙滩小区 1室1厅 南,295万,68067元/平,中楼层 (共6层) | 1985年 | 1室1厅 | 43.34平米 | 南,https://ke-image.ljcdn.com/110000-inspection/pc1_5s5seKdsO_1.jpg!m_fill,w_280,h_210,f_jpg?from=ke.com
20240523,朝阳,南沙滩,101124530344,南沙滩小区 3室1厅 南 北新上,630万,80276元/平,高楼层 (共10层) 3室1厅 | 78.48平米 | 南 北,https://ke-image.ljcdn.com/110000-inspection/pc1_ziyNkuhWz_1.jpg!m_fill,w_280,h_210,f_jpg?from=ke.com
20240523,朝阳,南沙滩,101124527225,名苑雅居全屋定制精装南向两居落地飘窗拎包入住；新上,698万,85634元/平,中楼层 (共14层) | 2005年 | 2室2厅 | 81.51平米 | 南,https://ke-image.ljcdn.com/110000-inspection/pc1_saiNlBWYx.jpg!m_fill,w_280,h_210,f_jpg?from=ke.com
20240523,朝阳,南沙滩,101124497719,小区正规南向一居室采光好视野开阔新上,530万,79520元/平,顶层 (共18层) 1室1厅 | 66.65平米 | 南,https://ke-image.ljcdn.com/110000-inspection/pc1_vV6el9uIg.jpg!m_fill,w_280,h_210,f_jpg?from=ke.com
20240523,朝阳,南沙滩,101124482579,中和家园 3室2厅 南 北新上,780万,66446元/平,高楼层 (共6层) 3室2厅 | 117.39平米 | 南 北,https://ke-image.ljcdn.com/110000-inspection/pc1_nfnxJ9cWE.jpg!m_fill,w_280,h_210,f_jpg?from=ke.com
20240523,朝阳,南沙滩,101124451770,南沙滩小区 3室1厅 东北 西新上,798万,69163元/平,高楼层 (共22层) | 1999年 | 3室1厅 | 115.38平米 | 东北 西,https://ke-image.ljcdn.com/110000-inspection/pc1_eubGZJYmU_1.jpg!m_fill,w_280,h_210,f_jpg?from=ke.com
20240523,朝阳,南沙滩,101124446755,南沙滩66号院带电梯 三居室西南向近地铁公园新上,1390万,108088元/平,低楼层 (共25层) | 2006年 | 3室2厅 | 128.6平米 | 西南,https://ke-image.ljcdn.com/110000-inspection/1c3ffe5c-d2d3-4687-81f6-5ec5fbb7f270_1000.jpg!m_fill,w_280,h_210,f_jpg?from=ke.com
20240523,朝阳,南沙滩,101124441410,科学园六区1999年带电梯钢混结构配套齐全新上,540万,80489元/平,高楼层 (共21层) | 1999年 | 2室1厅 | 67.09平米 | 东南,https://ke-image.ljcdn.com/110000-inspection/pc1_QUbmW25kF.jpg!m_fill,w_280,h_210,f_jpg?from=ke.com
20240523,朝阳,南沙滩,101124410121,南沙滩66号院 南北三居带电梯近公园交通方便,1650万,91035元/平,中楼层 (共23层) 3室1厅 | 181.25平米 | 北 南,https://ke-image.ljcdn.com/110000-inspection/pc1_SkT6Joib7.jpg!m_fill,w_280,h_210,f_jpg?from=ke.com
20240523,朝阳,南沙滩,101124408570,名苑雅居精装修两居可以拎包入住南向。,720万,87741元/平,高楼层 (共14层) 2室1厅 | 82.06平米 | 南,https://ke-image.ljcdn.com/110000-inspection/pc1_6noSx1jUz.jpg!m_fill,w_280,h_210,f_jpg?from=ke.com
20240523,朝阳,南沙滩,101124306399,北沙滩1号院好房主推两居净高3.14米全明格局,420万,60967元/平,中楼层 (共4层) | 1963年 | 2室1厅 | 68.89平米 | 南 北,https://ke-image.ljcdn.com/110000-inspection/pc1_k9zEw9eJh_1.jpg!m_fill,w_280,h_210,f_jpg?from=ke.com
20240523,朝阳,南沙滩,101124268059,北沙滩7号院 诚心出售两居 交通便利 环境好,539万,78986元/平,中楼层 (共18层) | 1998年 | 2室1厅 | 68.24平米 | 西南,https://ke-image.ljcdn.com/110000-inspection/pc1_jJUqOwav7.jpg!m_fill,w_280,h_210,f_jpg?from=ke.com
20240523,朝阳,南沙滩,101124081018,名苑雅居 2室2厅 南,698万,85634元/平,中楼层 (共14层) | 2005年 | 2室2厅 | 81.51平米 | 南,https://ke-image.ljcdn.com/110000-inspection/6ad92beb-cc6a-4213-85cd-f855a3891a0d_1000.jpg!m_fill,w_280,h_210,f_jpg?from=ke.com
20240523,朝阳,南沙滩,101124056893,中天国际朝南2007年小区出行交通便利配套完善,290万,62019元/平,中楼层 (共16层) | 2007年 | 1室0厅 | 46.76平米 | 南,https://ke-image.ljcdn.com/110000-inspection/pc1_2yYJkKjrL.jpg!m_fill,w_280,h_210,f_jpg?from=ke.com
20240523,朝阳,南沙滩,101124048149,南沙滩小区 3室0厅 南 北房主自荐,480万,71911元/平,中楼层 (共6层) | 1985年 | 3室0厅 | 66.75平米 | 南 北,https://ke-image.ljcdn.com/110000-inspection/pc1_5Z610oZRg.jpg!m_fill,w_280,h_210,f_jpg?from=ke.com
20240523,朝阳,南沙滩,101123993846,中天国际满五年唯一精装带电梯生活购物方便；,355万,61815元/平,中楼层 (共16层) 1室0厅 | 57.43平米 | 西北,https://ke-image.ljcdn.com/110000-inspection/pc1_r5s9HYDcz_1.jpg!m_fill,w_280,h_210,f_jpg?from=ke.com
20240523,朝阳,南沙滩,101123989849,奥森附近精装修开间楼龄新采光好,295万,67677元/平,中楼层 (共16层) 1室0厅 | 43.59平米 | 西南,https://ke-image.ljcdn.com/110000-inspection/45485777-eb64-4270-a538-3b0298bdf2c3_1000.jpg!m_fill,w_280,h_210,f_jpg?from=ke.com
20240523,朝阳,南沙滩,101123873656,风林绿洲二期下跃带地下室的大四居房主自荐,1599万,80954元/平,底层 (共16层) 5室3厅 | 197.52平米 | 南 北,https://ke-image.ljcdn.com/110000-inspection/pc1_I21PM2H0N_1.jpg!m_fill,w_280,h_210,f_jpg?from=ke.com
20240523,朝阳,南沙滩,101123871533,南沙滩小区1997年钢混结构有电梯两居,475万,69101元/平,低楼层 (共15层) | 1997年 | 2室1厅 | 68.74平米 | 南 北,https://ke-image.ljcdn.com/110000-inspection/pc1_9hAY8YfDq.jpg!m_fill,w_280,h_210,f_jpg?from=ke.com
20240523,朝阳,南沙滩,101123854898,科学园新上三居室 户型方正 无遮挡,740万,87254元/平,高楼层 (共6层) | 1994年 | 3室1厅 | 84.81平米 | 南 北,https://ke-image.ljcdn.com/110000-inspection/pc1_KMi6bnpjR.jpg!m_fill,w_280,h_210,f_jpg?from=ke.com
20240523,朝阳,南沙滩,101123830759,南沙滩小区 2室1厅 南,355万,63655元/平,顶层 (共6层) | 1997年 | 2室1厅 | 55.77平米 | 南,https://ke-image.ljcdn.com/110000-inspection/pc1_zk7PCwgBo.jpg!m_fill,w_280,h_210,f_jpg?from=ke.com
20240523,朝阳,南沙滩,101123732651,2010年建成近奥森交通方便近地铁有车位,790万,96826元/平,中楼层 (共21层) 2室1厅 | 81.59平米 | 东,https://ke-image.ljcdn.com/110000-inspection/pc1_N0jD6MamE.jpg!m_fill,w_280,h_210,f_jpg?from=ke.com
20240523,朝阳,南沙滩,101123698498,南沙滩小区  中间层一居  97年楼龄,355万,63067元/平,中楼层 (共6层) 1室1厅 | 56.29平米 | 南,https://ke-image.ljcdn.com/110000-inspection/pc1_3n12j51WU_1.jpg!m_fill,w_280,h_210,f_jpg?from=ke.com
20240523,朝阳,南沙滩,101123684506,南沙滩2号院2004年商品房满五年唯一电梯直达2居室,605万,68001元/平,中楼层 (共23层) 2室1厅 | 88.97平米 | 东,https://ke-image.ljcdn.com/110000-inspection/pc1_2ZvHuVOF6.jpg!m_fill,w_280,h_210,f_jpg?from=ke.com
20240523,朝阳,南沙滩,101123669483,北沙滩八号院 高层观景 三居室   有钥匙随时可看,465万,59266元/平,中楼层 (共18层) 3室1厅 | 78.46平米 | 东南,https://ke-image.ljcdn.com/110000-inspection/pc1_71o3LoL0T.jpg!m_fill,w_280,h_210,f_jpg?from=ke.com
20240523,朝阳,南沙滩,101123633555,低楼层室内净高2.78米  精装修 户型方正 不临街无遮挡,750万,70815元/平,底层 (共19层) 2室1厅 | 105.91平米 | 东 西,https://ke-image.ljcdn.com/110000-inspection/pc1_7ooHRbJsv.jpg!m_fill,w_280,h_210,f_jpg?from=ke.com
20240523,朝阳,南沙滩,101123618374,双泉堡甲1号精装修一居楼层适中视野开阔！,418万,70860元/平,中楼层 (共18层) | 2000年 | 1室1厅 | 58.99平米 | 西,https://ke-image.ljcdn.com/110000-inspection/pc1_I0dqPCzXM_1.jpg!m_fill,w_280,h_210,f_jpg?from=ke.com
20240523,朝阳,南沙滩,101123602769,东南朝向 大客厅 双阳台 明厨明卫 无抵押,575万,79322元/平,中楼层 (共18层) | 1998年 | 2室1厅 | 72.49平米 | 东南,https://ke-image.ljcdn.com/110000-inspection/pc1_J2abhMsgd_1.jpg!m_fill,w_280,h_210,f_jpg?from=ke.com
20240523,朝阳,南沙滩,101123598324,南沙滩小区 3室1厅 东 南,850万,63504元/平,顶层 (共4层) 3室1厅 | 133.85平米 | 东 南,https://ke-image.ljcdn.com/110000-inspection/165075b7-44f5-49d7-94e0-f25d4e7e7ec7_1000.jpg!m_fill,w_280,h_210,f_jpg?from=ke.com
20240523,朝阳,南沙滩,101123579425,满五年唯一楼层高视野采光好精装修全明格局。,640万,63638元/平,高楼层 (共14层) 3室1厅 | 100.57平米 | 东 西,https://ke-image.ljcdn.com/110000-inspection/pc1_NzymikrSH.jpg!m_fill,w_280,h_210,f_jpg?from=ke.com
20240523,朝阳,南沙滩,101123579131,满五年唯一中间层紧凑型小三居户型格局合理,520万,80972元/平,中楼层 (共6层) | 1987年 | 3室1厅 | 64.22平米 | 西南 北,https://ke-image.ljcdn.com/110000-inspection/pc1_8c1F9tlQU.jpg!m_fill,w_280,h_210,f_jpg?from=ke.com
20240523,朝阳,南沙滩,101123577794,精装修正规3居 客厅方正实用 看房方便  可观五环塔,632万,76017元/平,低楼层 (共18层) 3室1厅 | 83.14平米 | 东 西 北,https://ke-image.ljcdn.com/110000-inspection/a45f4c7f-7b3d-492c-b64a-90a39fb3b275_1000.jpg!m_fill,w_280,h_210,f_jpg?from=ke.com
20240523,朝阳,南沙滩,101123577387,农机院家属院 南北两居不临街 采光好 物业管理好,630万,85715元/平,中楼层 (共6层) 2室1厅 | 73.5平米 | 南 北,https://ke-image.ljcdn.com/110000-inspection/ff000a0d-5dcc-4fb8-b466-0eb232c56fbb_1000.jpg!m_fill,w_280,h_210,f_jpg?from=ke.com
20240523,朝阳,南沙滩,101123577223,北沙滩诚意出售高层两居室  落地大飘窗  敞亮视野开阔,705万,83363元/平,中楼层 (共18层) | 2005年 | 2室1厅 | 84.57平米 | 东 北,https://ke-image.ljcdn.com/110000-inspection/pc1_ltzuJ4yf3.jpg!m_fill,w_280,h_210,f_jpg?from=ke.com
20240523,朝阳,南沙滩,101123577164,北沙滩一号院 停车方便院内有食堂幼儿园,418万,62482元/平,中楼层 (共4层) 2室1厅 | 66.9平米 | 南 北,https://ke-image.ljcdn.com/110000-inspection/pc1_e0TJeTSew.jpg!m_fill,w_280,h_210,f_jpg?from=ke.com
20240523,朝阳,南沙滩,101123574975,精装一居室视野开阔配套设施,465万,88119元/平,中楼层 (共21层) 1室1厅 | 52.77平米 | 西,https://ke-image.ljcdn.com/110000-inspection/pc1_Xk9cFQxjC_1.jpg!m_fill,w_280,h_210,f_jpg?from=ke.com
20240523,朝阳,南沙滩,101123564075,风林绿洲  南北四居室  大面宽  满五唯一 诚意出售,1550万,83482元/平,低楼层 (共18层) 4室2厅 | 185.67平米 | 南 北,https://ke-image.ljcdn.com/110000-inspection/pc1_AQVvwbJdw.jpg!m_fill,w_280,h_210,f_jpg?from=ke.com
20240523,朝阳,南沙滩,101123561310,华源冠军城 2室1厅 南,999万,95452元/平,中楼层 (共23层) 2室1厅 | 104.66平米 | 南,https://ke-image.ljcdn.com/110000-inspection/pc1_hPo8wiF8a.jpg!m_fill,w_280,h_210,f_jpg?from=ke.com
20240523,朝阳,南沙滩,101123552292,南沙滩小区 三居室无抵押无户口随时签约,420万,60112元/平,顶层 (共6层) 3室1厅 | 69.87平米 | 东 西 北,https://ke-image.ljcdn.com/110000-inspection/pc1_bdBP2HRqO_1.jpg!m_fill,w_280,h_210,f_jpg?from=ke.com
20240523,朝阳,南沙滩,101123550892,满五年 3居室 视野好 装修好 近鸟巢,698万,69405元/平,顶层 (共14层) 3室1厅 | 100.57平米 | 东 西,https://ke-image.ljcdn.com/110000-inspection/pc1_zhSbOaMz2.jpg!m_fill,w_280,h_210,f_jpg?from=ke.com
20240523,朝阳,南沙滩,101123522407,北沙滩6号院经典两居室中间楼层交通便利,365万,71276元/平,中楼层 (共6层) | 1992年 | 2室1厅 | 51.21平米 | 东北,https://ke-image.ljcdn.com/110000-inspection/c0a49062-33df-4468-8c3d-f712c6a49c95_1000.jpg!m_fill,w_280,h_210,f_jpg?from=ke.com
20240523,朝阳,南沙滩,101123517204,房子满五年唯一普通住宅户型好高楼层采光视野好,950万,71108元/平,中楼层 (共14层) | 2000年 | 3室2厅 | 133.6平米 | 东 西,https://ke-image.ljcdn.com/110000-inspection/e6e48b61-c569-4230-994a-24a54d523545_1000.jpg!m_fill,w_280,h_210,f_jpg?from=ke.com
20240523,朝阳,南沙滩,101123516919,此房满五年唯一高层视野开阔配套齐全交通便利,359万,67864元/平,顶层 (共6层) 2室1厅 | 52.9平米 | 西 南 北,https://ke-image.ljcdn.com/110000-inspection/pc1_cCUJAmpqz_1.jpg!m_fill,w_280,h_210,f_jpg?from=ke.com
20240523,朝阳,南沙滩,101123515798,此房满五年中间楼层近地铁视野宽阔采光充足,429万,75383元/平,中楼层 (共6层) 2室1厅 | 56.91平米 | 南 北,https://ke-image.ljcdn.com/110000-inspection/pc1_0u9dX4djx_1.jpg!m_fill,w_280,h_210,f_jpg?from=ke.com
20240523,朝阳,南沙滩,101123514392,科学园南里五区  不临街  满五唯一房主自荐,1330万,118867元/平,中楼层 (共4层) | 1997年 | 4室1厅 | 111.89平米 | 南 北,https://ke-image.ljcdn.com/110000-inspection/94e41346-cd45-4d8b-ad1b-c7e954d6878f_1000.jpg!m_fill,w_280,h_210,f_jpg?from=ke.com
20240523,朝阳,南沙滩,101123510112,风林绿洲开间满2年小区人车分流看房方便,340万,130669元/平,底层 (共12层) 1室0厅 | 26.02平米 | 北,https://ke-image.ljcdn.com/110000-inspection/6c58b99d-3d69-4b3e-a7a0-0935a692e77b_1000.jpg!m_fill,w_280,h_210,f_jpg?from=ke.com
20240523,朝阳,南沙滩,101123510011,天和人家  不临街两居  有车位,834万,79756元/平,中楼层 (共19层) 2室2厅 | 104.57平米 | 东南,https://ke-image.ljcdn.com/110000-inspection/pc1_yBa75hU6H.jpg!m_fill,w_280,h_210,f_jpg?from=ke.com
20240523,朝阳,南沙滩,101123508823,南沙滩小区房龄新带电梯朝南向只有契税,410万,59732元/平,高楼层 (共22层) 1室1厅 | 68.64平米 | 南,https://ke-image.ljcdn.com/110000-inspection/pc1_0as7N7bpQ.jpg!m_fill,w_280,h_210,f_jpg?from=ke.com
20240523,朝阳,南沙滩,101123494231,房子安静、满五唯一临地铁靠谱出售房主自荐,299万,61625元/平,底层 (共6层) 2室1厅 | 48.52平米 | 西北,https://ke-image.ljcdn.com/110000-inspection/pc1_sHCaaIqF0.jpg!m_fill,w_280,h_210,f_jpg?from=ke.com
20240523,朝阳,南沙滩,101123457562,精装修南北通透全明格局居住舒适房主自荐,399万,72572元/平,低楼层 (共6层) 2室1厅 | 54.98平米 | 南 北,https://ke-image.ljcdn.com/110000-inspection/pc1_AxKfXuJ4N.jpg!m_fill,w_280,h_210,f_jpg?from=ke.com
20240523,朝阳,南沙滩,101123439889,北沙滩6号院 2室1厅 南 北,388万,71115元/平,顶层 (共7层) | 1992年 | 2室1厅 | 54.56平米 | 南 北,https://ke-image.ljcdn.com/110000-inspection/pc1_inrVSqsYw.jpg!m_fill,w_280,h_210,f_jpg?from=ke.com
20240523,朝阳,南沙滩,101123433738,公安局宿舍东南两居不临街交通便利采光视野好,669万,76196元/平,中楼层 (共18层) | 2000年 | 2室1厅 | 87.8平米 | 东南,https://ke-image.ljcdn.com/110000-inspection/pc1_QoDyHHv0v_1.jpg!m_fill,w_280,h_210,f_jpg?from=ke.com
20240523,朝阳,南沙滩,101123423605,名苑雅居高楼层观景房明厨明卫生活购物方便；,480万,85319元/平,顶层 (共14层) | 2005年 | 1室1厅 | 56.26平米 | 北,https://ke-image.ljcdn.com/110000-inspection/pc1_MUHpavRwB_1.jpg!m_fill,w_280,h_210,f_jpg?from=ke.com
20240523,朝阳,南沙滩,101123349625,北沙滩地铁站南北通透三居室人车分流满五唯一,1598万,94128元/平,中楼层 (共25层) 3室1厅 | 169.77平米 | 南 北,https://ke-image.ljcdn.com/110000-inspection/854c9789-03d4-41fa-99a8-e1085c441bf4_1000.jpg!m_fill,w_280,h_210,f_jpg?from=ke.com
20240523,朝阳,南沙滩,101123324425,近地铁物业管理好正规三居室不临街,1580万,94674元/平,低楼层 (共26层) 3室2厅 | 166.89平米 | 北 南,https://ke-image.ljcdn.com/110000-inspection/pc1_36sfag8CT.jpg!m_fill,w_280,h_210,f_jpg?from=ke.com
20240523,朝阳,南沙滩,101123295876,天和人家 东西通透两居室 诚意出售,720万,68331元/平,底层 (共23层) 2室1厅 | 105.37平米 | 东 西,https://ke-image.ljcdn.com/110000-inspection/pc1_xHWGEIqV8_1.jpg!m_fill,w_280,h_210,f_jpg?from=ke.com
20240523,朝阳,南沙滩,101123255642,科学园南里七区 2室1厅 南 西,540万,91155元/平,顶层 (共6层) | 1994年 | 2室1厅 | 59.24平米 | 南 西,https://ke-image.ljcdn.com/110000-inspection/pc1_xAyGrnGcj.jpg!m_fill,w_280,h_210,f_jpg?from=ke.com
20240523,朝阳,南沙滩,101123254913,中天国际满五年唯一2007年小区带飘窗近地铁；,289万,61753元/平,中楼层 (共16层) 1室0厅 | 46.8平米 | 西北,https://ke-image.ljcdn.com/110000-inspection/pc1_bK4Yi0VAq.jpg!m_fill,w_280,h_210,f_jpg?from=ke.com
20240523,朝阳,南沙滩,101123193982,南沙滩小区 2室1厅 南 北,410万,60100元/平,顶层 (共6层) | 1984年 | 2室1厅 | 68.22平米 | 南 北,https://ke-image.ljcdn.com/110000-inspection/pc1_8HGEqEf86.jpg!m_fill,w_280,h_210,f_jpg?from=ke.com
20240523,朝阳,南沙滩,101123177769,名苑雅居小区正规两居室诚意出售,650万,74670元/平,中楼层 (共14层) 2室2厅 | 87.05平米 | 西北,https://ke-image.ljcdn.com/110000-inspection/05afd637-e589-4dfd-978b-1ae11bbd9830_1000.jpg!m_fill,w_280,h_210,f_jpg?from=ke.com
20240523,朝阳,南沙滩,101123149016,名苑雅居 南向  精装修一居室,437万,89900元/平,顶层 (共14层) 1室1厅 | 48.61平米 | 南,https://ke-image.ljcdn.com/110000-inspection/pc1_O9UpAU1u1.jpg!m_fill,w_280,h_210,f_jpg?from=ke.com
20240523,朝阳,南沙滩,101123115639,北沙滩新上电梯高层观景3居 满5唯一房主自荐,1520万,84959元/平,顶层 (共23层) | 2009年 | 3室1厅 | 178.91平米 | 南 北,https://ke-image.ljcdn.com/110000-inspection/8b55c61f-8bec-4cd2-ae00-d7ea25a813e6_1000.jpg!m_fill,w_280,h_210,f_jpg?from=ke.com
20240523,朝阳,南沙滩,101123097368,北沙滩1号院农机院家属院3居室南北通透1层,1130万,105000元/平,底层 (共6层) | 1996年 | 3室2厅 | 107.62平米 | 南 北,https://ke-image.ljcdn.com/110000-inspection/pc1_MQzoXavh6_1.jpg!m_fill,w_280,h_210,f_jpg?from=ke.com
20240523,朝阳,南沙滩,101123092755,天和人家精装修西北向温馨两居室房主自荐,850万,83877元/平,顶层 (共13层) | 2004年 | 2室1厅 | 101.34平米 | 西北,https://ke-image.ljcdn.com/110000-inspection/baae68fb-32e7-42a7-b6ee-d216264bf331_1000.jpg!m_fill,w_280,h_210,f_jpg?from=ke.com
20240523,朝阳,南沙滩,101123083591,科学园安静不吵闹楼层合适多个房间入住,750万,88142元/平,中楼层 (共7层) 3室1厅 | 85.09平米 | 南 北,https://ke-image.ljcdn.com/110000-inspection/pc1_jBdxIXp2p.jpg!m_fill,w_280,h_210,f_jpg?from=ke.com
20240523,朝阳,南沙滩,101123082603,科学园南里六区 精装修 电梯一居室,370万,73413元/平,高楼层 (共21层) | 1999年 | 1室1厅 | 50.4平米 | 西南,https://ke-image.ljcdn.com/110000-inspection/pc1_sqDdXy7wZ_1.jpg!m_fill,w_280,h_210,f_jpg?from=ke.com
20240523,朝阳,南沙滩,101123013488,双泉堡甲1号院  钢混 电梯直达 高层视野开阔,645万,73463元/平,高楼层 (共18层) | 2000年 | 2室1厅 | 87.8平米 | 南 西 西南,https://ke-image.ljcdn.com/110000-inspection/72ca9570-93bb-4484-a5de-1fb8a3c96ddb_1000.jpg!m_fill,w_280,h_210,f_jpg?from=ke.com
20240523,朝阳,南沙滩,101122984076,懿品阁带电梯两居室光线好视野棒,690万,81590元/平,高楼层 (共18层) | 2005年 | 2室1厅 | 84.57平米 | 东北,https://ke-image.ljcdn.com/110000-inspection/pc1_9t4k8M1Kp.jpg!m_fill,w_280,h_210,f_jpg?from=ke.com
20240523,朝阳,南沙滩,101122948164,二期五居大复式小区中间位置不临街无遮挡。,1998万,81983元/平,高楼层 (共16层) | 2002年 | 5室3厅 | 243.71平米 | 南 北,https://ke-image.ljcdn.com/110000-inspection/pc1_gXLLaimIh.jpg!m_fill,w_280,h_210,f_jpg?from=ke.com
20240523,朝阳,南沙滩,101122843552,绿城北京诚园 2室1厅 西北,1069万,113482元/平,高楼层 (共17层) | 2012年 | 2室1厅 | 94.2平米 | 西北,https://ke-image.ljcdn.com/110000-inspection/pc1_M3BbIFIrY_1.jpg!m_fill,w_280,h_210,f_jpg?from=ke.com
20240523,朝阳,南沙滩,101122756438,华源冠jun城南北通透3居室满五唯一带大阳台,1650万,88667元/平,中楼层 (共23层) 3室1厅 | 186.09平米 | 南 北,https://ke-image.ljcdn.com/110000-inspection/ccc9a3a9-80da-4a00-b7c8-de49d83e97d1_1000.jpg!m_fill,w_280,h_210,f_jpg?from=ke.com
20240523,朝阳,南沙滩,101122660321,华源Guan军城东向 精装修一居室 车位充足,650万,102784元/平,中楼层 (共21层) | 2006年 | 1室1厅 | 63.24平米 | 东,https://ke-image.ljcdn.com/110000-inspection/pc1_XM9AqYdJN.jpg!m_fill,w_280,h_210,f_jpg?from=ke.com
20240523,朝阳,南沙滩,101122649467,97年板楼 不临街房源 大户型一居房主自荐,365万,65448元/平,顶层 (共6层) | 1997年 | 1室1厅 | 55.77平米 | 南,https://ke-image.ljcdn.com/110000-inspection/729ac6a7-d63f-4f5e-a2d9-d2ecd5ed958d_1000.jpg!m_fill,w_280,h_210,f_jpg?from=ke.com
20240523,朝阳,南沙滩,101122645564,名苑雅居西向带电梯一居 采光充足 2005年小区,450万,81641元/平,低楼层 (共14层) | 2005年 | 1室1厅 | 55.12平米 | 西,https://ke-image.ljcdn.com/110000-inspection/pc1_pHh2EVy5l_1.jpg!m_fill,w_280,h_210,f_jpg?from=ke.com
20240523,朝阳,南沙滩,101122639200,南沙滩小区 1室1厅 南,453万,74679元/平,低楼层 (共22层) 1室1厅 | 60.66平米 | 南,https://ke-image.ljcdn.com/110000-inspection/81c5712b-4d1c-445c-a14a-7ccdedf4757a_1000.jpg!m_fill,w_280,h_210,f_jpg?from=ke.com
20240523,朝阳,南沙滩,101122570080,次顶层南北通透四居室采光充足视野好,1660万,88219元/平,高楼层 (共18层) 4室2厅 | 188.17平米 | 北 南,https://ke-image.ljcdn.com/110000-inspection/6a9e62fd-82e4-4f4f-9ded-55149658677e_1000.jpg!m_fill,w_280,h_210,f_jpg?from=ke.com
20240523,朝阳,南沙滩,101122535107,天和人家南向两居满五年唯一落地窗带电梯,935万,87786元/平,低楼层 (共24层) 2室1厅 | 106.51平米 | 南,https://ke-image.ljcdn.com/110000-inspection/1a252a3a-beca-47b1-bbb8-6c97b375b0ae_1000.jpg!m_fill,w_280,h_210,f_jpg?from=ke.com
20240523,朝阳,南沙滩,101122478194,科学园南里三区小区环境好人文素质高小区改造完成,500万,84474元/平,中楼层 (共6层) | 1992年 | 2室1厅 | 59.19平米 | 南 北,https://ke-image.ljcdn.com/110000-inspection/pc1_281kfBphk.jpg!m_fill,w_280,h_210,f_jpg?from=ke.com
20240523,朝阳,南沙滩,101122425148,中天国际南向高层观景2007年社区带电梯；房主自荐,302万,64586元/平,高楼层 (共16层) 1室0厅 | 46.76平米 | 南,https://ke-image.ljcdn.com/110000-inspection/pc1_ITPgVfUTI_1.jpg!m_fill,w_280,h_210,f_jpg?from=ke.com
20240523,朝阳,南沙滩,101122420196,南沙滩小区钢混结构  南北通透  一层一居室,309万,64753元/平,底层 (共10层) 2室1厅 | 47.72平米 | 南 北,https://ke-image.ljcdn.com/110000-inspection/692dad84-e791-43b7-8198-9da8c3fde22e_1000.jpg!m_fill,w_280,h_210,f_jpg?from=ke.com
20240523,朝阳,南沙滩,101122179936,天和人家全明格局两居室满五年唯一随时签约,610万,66872元/平,底层 (共19层) 2室1厅 | 91.22平米 | 东 北,https://ke-image.ljcdn.com/110000-inspection/pc1_fWgfg5tUe_1.jpg!m_fill,w_280,h_210,f_jpg?from=ke.com
20240523,朝阳,南沙滩,101122110508,南沙滩联合院 精装修采光好二层两居室 看房方便 诚售房主自荐,415万,78525元/平,低楼层 (共6层) 2室1厅 | 52.85平米 | 南 北,https://ke-image.ljcdn.com/110000-inspection/pc1_jQVDSCimh.jpg!m_fill,w_280,h_210,f_jpg?from=ke.com
20240523,朝阳,南沙滩,101122041118,南沙滩66号院 精装 南北三居室满五年唯一,1400万,86048元/平,高楼层 (共23层) 3室2厅 | 162.7平米 | 北 南,https://ke-image.ljcdn.com/110000-inspection/6cfc31d1-eb9a-425e-aacf-c2220eed3eac_1000.jpg!m_fill,w_280,h_210,f_jpg?from=ke.com
20240523,朝阳,南沙滩,101122028304,南北通透三居室明厨明卫 人车分流花园水系,1550万,94369元/平,低楼层 (共26层) | 2006年 | 3室2厅 | 164.25平米 | 南 北,https://ke-image.ljcdn.com/110000-inspection/pc1_q5bNHZhOb.jpg!m_fill,w_280,h_210,f_jpg?from=ke.com
20240523,朝阳,南沙滩,101121988420,北沙滩1号院南北向2居 交通便利 小区停车位充足,416万,85880元/平,底层 (共5层) 2室1厅 | 48.44平米 | 南 北,https://ke-image.ljcdn.com/110000-inspection/pc1_C9FetYCRj_1.jpg!m_fill,w_280,h_210,f_jpg?from=ke.com
20240523,朝阳,南沙滩,101121951489,名苑雅居小区东南两居室满五唯一,730万,85042元/平,高楼层 (共14层) 2室2厅 | 85.84平米 | 东南,https://ke-image.ljcdn.com/110000-inspection/pc1_5j9PLeotU_1.jpg!m_fill,w_280,h_210,f_jpg?from=ke.com
20240523,朝阳,南沙滩,101121938421,满五年唯一近地铁南北通透无遮挡采光充足房主自荐,450万,74381元/平,顶层 (共6层) | 1984年 | 2室1厅 | 60.5平米 | 北 南,https://ke-image.ljcdn.com/110000-inspection/d8c08cca-16b8-4227-a01c-1ae0d0319b11_1000.jpg!m_fill,w_280,h_210,f_jpg?from=ke.com
20240523,朝阳,南沙滩,101121888974,鸟巢+水立方附近 科学园南里风林绿洲 高层 边户,2200万,90562元/平,高楼层 (共16层) 5室2厅 | 242.93平米 | 南 北,https://ke-image.ljcdn.com/110000-inspection/pc1_GHLAOIo6l_1.jpg!m_fill,w_280,h_210,f_jpg?from=ke.com
20240523,朝阳,南沙滩,101121830863,科学园南里五区 经典复式  社区刚改造完毕   诚意出售,1150万,102808元/平,高楼层 (共6层) 5室2厅 | 111.86平米 | 南 北,https://ke-image.ljcdn.com/110000-inspection/pc1_jFeW7Srz6_1.jpg!m_fill,w_280,h_210,f_jpg?from=ke.com
20240523,朝阳,南沙滩,101121725203,中天国际朝南向满五年唯一带电梯生活购物方便,317万,67793元/平,低楼层 (共16层) | 2007年 | 1室0厅 | 46.76平米 | 南,https://ke-image.ljcdn.com/110000-inspection/pc1_oOD7Ocggz.jpg!m_fill,w_280,h_210,f_jpg?from=ke.com
20240523,朝阳,南沙滩,101121695278,近地铁 南北通透板楼田字格户型 明厨明卫三居,525万,72195元/平,底层 (共6层) 3室1厅 | 72.72平米 | 南 北,https://ke-image.ljcdn.com/110000-inspection/pc1_KLc9TBMXM_1.jpg!m_fill,w_280,h_210,f_jpg?from=ke.com
20240523,朝阳,南沙滩,101121613662,满五唯一中科院单位社区改造近地铁随时可看唯一小三居,620万,90803元/平,中楼层 (共6层) 3室1厅 | 68.28平米 | 南 北,https://ke-image.ljcdn.com/110000-inspection/0cf3a7fb-2cba-48c4-b2b1-5c24c62c41cb_1000.jpg!m_fill,w_280,h_210,f_jpg?from=ke.com
20240523,朝阳,南沙滩,101121529892,二期板楼不临街 奥森南门 满五唯一 2梯2户 近地铁,1540万,84412元/平,低楼层 (共16层) | 2002年 | 4室2厅 | 182.44平米 | 南 北,https://ke-image.ljcdn.com/110000-inspection/pc1_GUpMqodUJ.jpg!m_fill,w_280,h_210,f_jpg?from=ke.com
20240523,朝阳,南沙滩,101121380581,华源冠JUN次顶层南北通透精装三居满五唯一房主自荐,1650万,89456元/平,高楼层 (共23层) 3室2厅 | 184.45平米 | 南 北,https://ke-image.ljcdn.com/110000-inspection/pc1_xoy8x36Eq.jpg!m_fill,w_280,h_210,f_jpg?from=ke.com
20240523,朝阳,南沙滩,101121215368,北沙滩8号院 满五唯一 出行方便 看房提前约基本可看,569万,71510元/平,底层 (共18层) 3室1厅 | 79.57平米 | 西,https://ke-image.ljcdn.com/110000-inspection/pc1_e23elJfpF_1.jpg!m_fill,w_280,h_210,f_jpg?from=ke.com
20240523,朝阳,南沙滩,101121146702,南沙滩小区 2室1厅 南 北,490万,71005元/平,高楼层 (共15层) | 1996年 | 2室1厅 | 69.01平米 | 南 北,https://ke-image.ljcdn.com/110000-inspection/pc1_CeKbqMHJv.jpg!m_fill,w_280,h_210,f_jpg?from=ke.com
20240523,朝阳,南沙滩,101121131869,中天国际南向采光好2007年小区楼龄新,270万,57742元/平,低楼层 (共16层) 1室0厅 | 46.76平米 | 南,https://ke-image.ljcdn.com/110000-inspection/pc1_Qb7jm2NH7.jpg!m_fill,w_280,h_210,f_jpg?from=ke.com
20240523,朝阳,南沙滩,101121101689,南沙滩  前后花园  双卫  不临街不遮挡,450万,81655元/平,中楼层 (共6层) 2室1厅 | 55.11平米 | 南,https://ke-image.ljcdn.com/110000-inspection/pc1_u1aLWwkkC_1.jpg!m_fill,w_280,h_210,f_jpg?from=ke.com
20240523,朝阳,南沙滩,101121073188,中天国际东南向满五年唯一精装修挨着奥森公园房主自荐,440万,75524元/平,高楼层 (共16层) | 2007年 | 1室1厅 | 58.26平米 | 东南,https://ke-image.ljcdn.com/110000-inspection/pc1_BLsBGOPOu_1.jpg!m_fill,w_280,h_210,f_jpg?from=ke.com
20240523,朝阳,南沙滩,101120937903,南沙滩联合院 2层 南向一居室,329万,81618元/平,低楼层 (共6层) | 1990年 | 1室1厅 | 40.31平米 | 南,https://ke-image.ljcdn.com/110000-inspection/pc1_ZNjhwcdOB_1.jpg!m_fill,w_280,h_210,f_jpg?from=ke.com
20240523,朝阳,南沙滩,101120922601,白庙路甲一号 北向 精装修 光照充足,355万,72155元/平,中楼层 (共14层) | 2005年 | 1室1厅 | 49.2平米 | 北,https://ke-image.ljcdn.com/110000-inspection/pc1_ru8nOo10K_1.jpg!m_fill,w_280,h_210,f_jpg?from=ke.com
20240523,朝阳,南沙滩,101120890453,北沙滩8号院 全南两居室  钢混结构 有电梯,508万,74938元/平,底层 (共18层) | 2000年 | 2室1厅 | 67.79平米 | 南,https://ke-image.ljcdn.com/110000-inspection/pc1_5eYQ09Mvy.jpg!m_fill,w_280,h_210,f_jpg?from=ke.com
20240523,朝阳,南沙滩,101120687587,科学园南里七区南北通透明厅两居室,600万,104149元/平,底层 (共7层) 2室1厅 | 57.61平米 | 南 北,https://ke-image.ljcdn.com/110000-inspection/pc1_V182o1lkm_1.jpg!m_fill,w_280,h_210,f_jpg?from=ke.com
20240523,朝阳,南沙滩,101120588864,名苑雅居正规一居室业主诚售满五唯一带电梯,430万,83805元/平,中楼层 (共14层) 1室1厅 | 51.31平米 | 北,https://ke-image.ljcdn.com/110000-inspection/cd37abc7-2bc8-4790-a1e5-1b31f16595b3_1000.jpg!m_fill,w_280,h_210,f_jpg?from=ke.com
20240523,朝阳,南沙滩,101120353838,鸟巢西侧 中科院单位【8号15号地铁】满五央产单位分房,558万,75122元/平,高楼层 (共7层) | 1994年 | 2室1厅 | 74.28平米 | 南 北,https://ke-image.ljcdn.com/110000-inspection/pc1_HjQxYNa5y.jpg!m_fill,w_280,h_210,f_jpg?from=ke.com
20240523,朝阳,南沙滩,101120343211,全明格局  南北通透  2梯2户  小区中间位置,1920万,101993元/平,高楼层 (共16层) 4室2厅 | 188.25平米 | 东 南 北,https://ke-image.ljcdn.com/110000-inspection/64f1a25b-97ce-48c9-ba67-af01ae94bbbb_1000.jpg!m_fill,w_280,h_210,f_jpg?from=ke.com
20240523,朝阳,南沙滩,101120282120,中天国际小区精装修一居室看房方便诚意出售,290万,61966元/平,中楼层 (共16层) | 2007年 | 1室1厅 | 46.8平米 | 北,https://ke-image.ljcdn.com/110000-inspection/pc1_0DWLAVHdE.jpg!m_fill,w_280,h_210,f_jpg?from=ke.com
20240523,朝阳,南沙滩,101120025844,南沙滩五建小区次顶层采光好视野好业主靠谱,308万,69747元/平,高楼层 (共6层) | 1991年 | 1室1厅 | 44.16平米 | 南,https://ke-image.ljcdn.com/110000-inspection/pc1_OeKgBxGkf.jpg!m_fill,w_280,h_210,f_jpg?from=ke.com
20240523,朝阳,南沙滩,101120007815,南沙滩小区 2室1厅 南房主自荐,419万,68994元/平,高楼层 (共6层) 2室1厅 | 60.73平米 | 南,https://ke-image.ljcdn.com/110000-inspection/pc1_ttjtRnBBK_1.jpg!m_fill,w_280,h_210,f_jpg?from=ke.com
20240523,朝阳,南沙滩,101119904931,新上 三层复式南北通透四居室诚心出售看房方便,1170万,104642元/平,中楼层 (共4层) 4室1厅 | 111.81平米 | 南 北,https://ke-image.ljcdn.com/110000-inspection/pc1_oJa0HNWSp_1.jpg!m_fill,w_280,h_210,f_jpg?from=ke.com
20240523,朝阳,南沙滩,101119863398,双卫格局楼层好视野宽阔采光充足配套齐全；房主自荐,1100万,105153元/平,高楼层 (共23层) 2室1厅 | 104.61平米 | 南,https://ke-image.ljcdn.com/110000-inspection/pc1_BD3C09z6c_1.jpg!m_fill,w_280,h_210,f_jpg?from=ke.com
20240523,朝阳,南沙滩,101119852099,南北通透 满五年唯一 地铁450米 停车方便 环境好,435万,68172元/平,顶层 (共5层) | 1982年 | 2室1厅 | 63.81平米 | 南 北,https://ke-image.ljcdn.com/110000-inspection/pc1_dNSdED0ch_1.jpg!m_fill,w_280,h_210,f_jpg?from=ke.com
20240523,朝阳,南沙滩,101119663321,科学园南里五区低层板楼满5央产中科院楼,945万,104954元/平,中楼层 (共4层) 3室1厅 | 90.04平米 | 南 北,https://ke-image.ljcdn.com/110000-inspection/pc1_8EgzM3mWR_1.jpg!m_fill,w_280,h_210,f_jpg?from=ke.com
20240523,朝阳,南沙滩,101119058491,中天国际70年产权中间楼层朝南向采光视野好,325万,71382元/平,中楼层 (共16层) | 2007年 | 1室0厅 | 45.53平米 | 南,https://ke-image.ljcdn.com/110000-inspection/2755882b-6cd6-41dd-9440-2f50fb28e626_1000.jpg!m_fill,w_280,h_210,f_jpg?from=ke.com
20240523,朝阳,南沙滩,101119029559,南沙滩小区 精装两居    靠近地铁站,355万,64770元/平,顶层 (共6层) | 1987年 | 2室1厅 | 54.81平米 | 东 西,https://ke-image.ljcdn.com/110000-inspection/3ba04b10-de5b-42b8-b887-d12a1d246832_1000.jpg!m_fill,w_280,h_210,f_jpg?from=ke.com
20240523,朝阳,南沙滩,101118966467,中天国际高层西北向开间采光充足无遮挡房主自荐,358万,58240元/平,中楼层 (共16层) | 2007年 | 1室0厅 | 61.47平米 | 北,https://ke-image.ljcdn.com/110000-inspection/0aff06f0-349a-4a61-a41a-dc6ea46bd376_1000.jpg!m_fill,w_280,h_210,f_jpg?from=ke.com
20240523,朝阳,南沙滩,101118934180,满五唯一单位分房五建小区南北通透不临街房主自荐,430万,63041元/平,顶层 (共6层) | 1997年 | 2室1厅 | 68.21平米 | 南 北,https://ke-image.ljcdn.com/110000-inspection/pc1_TusGPbI4v.jpg!m_fill,w_280,h_210,f_jpg?from=ke.com
20240523,朝阳,南沙滩,101118786880,天和人家全明格局三居室南北通透诚意出售,1360万,98752元/平,低楼层 (共24层) 3室1厅 | 137.72平米 | 南 北,https://ke-image.ljcdn.com/110000-inspection/87b5fe32-6ddb-4ba2-8589-f534d0803140_1000.jpg!m_fill,w_280,h_210,f_jpg?from=ke.com
20240523,朝阳,南沙滩,101118110047,天和人家 南北2居 满五年唯一 户型方正,1039万,80800元/平,低楼层 (共24层) | 2004年 | 2室1厅 | 128.59平米 | 南 北,https://ke-image.ljcdn.com/110000-inspection/80f3e1c1-313e-4c9e-b48e-404f37b2d213_1000.jpg!m_fill,w_280,h_210,f_jpg?from=ke.com
20240523,朝阳,南沙滩,101117996743,南沙滩小区 南北通透2居 不临街 楼龄1997年,285万,40791元/平,地下室 (共6层) | 1997年 | 2室1厅 | 69.87平米 | 南 北,https://ke-image.ljcdn.com/110000-inspection/pc1_H9NzjOjEZ_1.jpg!m_fill,w_280,h_210,f_jpg?from=ke.com
20240523,朝阳,南沙滩,101117996630,南沙滩小区 1997年板楼 精装一居 距离地铁口900米,270万,54185元/平,地下室 (共6层) | 1997年 | 1室1厅 | 49.83平米 | 南,https://ke-image.ljcdn.com/110000-inspection/pc1_swBWCygdr.jpg!m_fill,w_280,h_210,f_jpg?from=ke.com
20240523,朝阳,南沙滩,101117996460,中科院新上优质3居复式 有钥匙,820万,93416元/平,高楼层 (共7层) | 1997年 | 3室2厅 | 87.78平米 | 南 北,https://ke-image.ljcdn.com/110000-inspection/69686644-f724-464d-8c7b-f19c59f232d4_1000.jpg!m_fill,w_280,h_210,f_jpg?from=ke.com
20240523,朝阳,南沙滩,101117893642,科学园南里七区 2室1厅 南 北,650万,90228元/平,高楼层 (共7层) | 1994年 | 2室1厅 | 72.04平米 | 南 北,https://ke-image.ljcdn.com/110000-inspection/pc1_G4l7ooeqz.jpg!m_fill,w_280,h_210,f_jpg?from=ke.com
20240523,朝阳,南沙滩,101117871734,东西通透低楼层户型格局好满五唯一没抵押,365万,68999元/平,低楼层 (共6层) | 1990年 | 2室1厅 | 52.9平米 | 东 西,https://ke-image.ljcdn.com/110000-inspection/pc1_xbrsHFkQ8.jpg!m_fill,w_280,h_210,f_jpg?from=ke.com
20240523,朝阳,南沙滩,101117792362,北沙滩8号院 两居室 满五年唯一 诚意出售 户型方正房主自荐,500万,70176元/平,低楼层 (共18层) 2室1厅 | 71.25平米 | 西北 东 东北,https://ke-image.ljcdn.com/110000-inspection/pc1_5kSlX4ke3_1.jpg!m_fill,w_280,h_210,f_jpg?from=ke.com
20240523,朝阳,南沙滩,101117777963,南沙滩小区 中间层两居 双卧朝南 采光好,420万,70589元/平,中楼层 (共6层) 2室1厅 | 59.5平米 | 南,https://ke-image.ljcdn.com/110000-inspection/e04d902b-a43c-4e30-8742-197f89917aaa_1000.jpg!m_fill,w_280,h_210,f_jpg?from=ke.com
20240523,朝阳,南沙滩,101117663220,南沙滩大院44到51号楼电梯房钢混板楼,699万,103235元/平,顶层 (共10层) | 1995年 | 4室2厅 | 67.71平米 | 南 北,https://ke-image.ljcdn.com/110000-inspection/pc1_ZJLUP6gqX.jpg!m_fill,w_280,h_210,f_jpg?from=ke.com
20240523,朝阳,南沙滩,101117115707,盘古西侧 奥森公园旁边 精装复式 位置优越 高层观景,3350万,111902元/平,高楼层 (共13层) | 2012年 | 6室2厅 | 299.37平米 | 南 北,https://ke-image.ljcdn.com/110000-inspection/pc1_PwNf3jLHG_1.jpg!m_fill,w_280,h_210,f_jpg?from=ke.com
20240523,朝阳,南沙滩,101116174417,北沙滩4号院小区正规两居室满五年明厨明卫,360万,62144元/平,顶层 (共6层) | 1988年 | 2室1厅 | 57.93平米 | 南 北,https://ke-image.ljcdn.com/110000-inspection/a15d1b66-a08b-4455-bb00-6e1016c2d341_1000.jpg!m_fill,w_280,h_210,f_jpg?from=ke.com
20240523,朝阳,南沙滩,101113326044,中天国际精装开间满五年唯一带电梯交通便利,362万,58891元/平,中楼层 (共16层) | 2007年 | 1室0厅 | 61.47平米 | 北,https://ke-image.ljcdn.com/110000-inspection/pc1_yPIp6M3pZ.jpg!m_fill,w_280,h_210,f_jpg?from=ke.com
20240523,朝阳,南沙滩,101124531857,懿品阁精装两居室西南向落地窗安静不临街新上,720万,86560元/平,中楼层 (共18层) | 2005年 | 2室1厅 | 83.18平米 | 南 西,https://s1.ljcdn.com/pegasus/redskull/images/common/default_house_list.png?_v=2024051619141398
20240523,朝阳,南沙滩,101124527781,中和家园全明格局一居室无遮挡采光好。新上,440万,66396元/平,高楼层 (共14层) 1室2厅 | 66.27平米 | 东 西,https://s1.ljcdn.com/pegasus/redskull/images/common/default_house_list.png?_v=2024051619141398
20240523,朝阳,南沙滩,101124520232,华源冠军城 1室1厅 西新上,590万,93296元/平,中楼层 (共21层) | 2011年 | 1室1厅 | 63.24平米 | 西,https://s1.ljcdn.com/pegasus/redskull/images/common/default_house_list.png?_v=2024051619141398
20240523,朝阳,南沙滩,101124509677,科学园南里三区  满五唯一  价格可谈新上,380万,85993元/平,顶层 (共6层) | 1994年 | 1室1厅 | 44.19平米 | 南 北,https://s1.ljcdn.com/pegasus/redskull/images/common/default_house_list.png?_v=2024051619141398
20240523,朝阳,南沙滩,101124506069,天和人家东向两居室安静不临街落地大阳台。新上,720万,66692元/平,低楼层 (共18层) 2室1厅 | 107.96平米 | 东,https://s1.ljcdn.com/pegasus/redskull/images/common/default_house_list.png?_v=2024051619141398
20240523,朝阳,南沙滩,101124488643,科学园南里四区 3室1厅 南 北新上,537万,71505元/平,高楼层 (共7层) | 1995年 | 3室1厅 | 75.1平米 | 南 北,https://s1.ljcdn.com/pegasus/redskull/images/common/default_house_list.png?_v=2024051619141398
20240523,朝阳,南沙滩,101124346323,名苑雅居正规东南三居室户型方正双卫可直观奥森,880万,78488元/平,中楼层 (共14层) 3室2厅 | 112.12平米 | 东南,https://s1.ljcdn.com/pegasus/redskull/images/common/default_house_list.png?_v=2024051619141398
20240523,朝阳,南沙滩,101124309989,奥森公园近地铁 满2年 二期小户型 小区新易出租,368万,150143元/平,底层 (共11层) 1室0厅 | 24.51平米 | 北,https://s1.ljcdn.com/pegasus/redskull/images/common/default_house_list.png?_v=2024051619141398
20240523,朝阳,南沙滩,101124156542,西奥中心 5室2厅 南 西 北,970万,29990元/平,中楼层 (共23层) 5室2厅 | 323.45平米 | 南 西 北,https://s1.ljcdn.com/pegasus/redskull/images/common/default_house_list.png?_v=2024051619141398
20240523,朝阳,南沙滩,101124125044,天和人家新上一居室 落地窗 楼层高采光视野棒,310万,71413元/平,高楼层 (共19层) 1室0厅 | 43.41平米 | 北,https://s1.ljcdn.com/pegasus/redskull/images/common/default_house_list.png?_v=2024051619141398
20240523,朝阳,南沙滩,101123930936,南沙滩小区 南向2居 中间层 不临街,360万,59279元/平,中楼层 (共6层) 2室1厅 | 60.73平米 | 南,https://s1.ljcdn.com/pegasus/redskull/images/common/default_house_list.png?_v=2024051619141398
20240523,朝阳,南沙滩,101123845385,院楼 楼层好 南北通透客厅带窗 采光好 不临街,850万,99486元/平,低楼层 (共6层) 3室1厅 | 85.44平米 | 南 北,https://s1.ljcdn.com/pegasus/redskull/images/common/default_house_list.png?_v=2024051619141398
20240523,朝阳,南沙滩,101123826729,此房南北通透格局视野开阔采光充足交通便利,345万,65690元/平,低楼层 (共6层) 2室1厅 | 52.52平米 | 南 北,https://s1.ljcdn.com/pegasus/redskull/images/common/default_house_list.png?_v=2024051619141398
20240523,朝阳,南沙滩,101123757049,南沙滩小区 双东向2居 楼龄新 无遮挡 采光好,465万,72566元/平,中楼层 (共14层) | 1997年 | 2室1厅 | 64.08平米 | 东 西,https://s1.ljcdn.com/pegasus/redskull/images/common/default_house_list.png?_v=2024051619141398
20240523,朝阳,南沙滩,101123705134,天和人家  观景两居  诚意出售,899万,82988元/平,高楼层 (共24层) 2室1厅 | 108.33平米 | 南,https://s1.ljcdn.com/pegasus/redskull/images/common/default_house_list.png?_v=2024051619141398
20240523,朝阳,南沙滩,101123634986,1995年 满五年一套住房  近地铁 近鸟巢,418万,69586元/平,中楼层 (共6层) | 1995年 | 2室1厅 | 60.07平米 | 南 北,https://s1.ljcdn.com/pegasus/redskull/images/common/default_house_list.png?_v=2024051619141398
20240523,朝阳,南沙滩,101123597403,近奥森公园 南北通透 满五唯一 地铁900米 得房率80%+房主自荐,1360万,75380元/平,低楼层 (共33层) | 2001年 | 4室2厅 | 180.42平米 | 南 西南 北,https://s1.ljcdn.com/pegasus/redskull/images/common/default_house_list.png?_v=2024051619141398
20240523,朝阳,南沙滩,101123510170,天和人家 采光无遮挡 户型方正大两居是 诚意出售,720万,70533元/平,低楼层 (共23层) 2室1厅 | 102.08平米 | 西南,https://s1.ljcdn.com/pegasus/redskull/images/common/default_house_list.png?_v=2024051619141398
20240523,朝阳,南沙滩,101119625158,懿品阁 车位,50万,11141元/平,地下室 1室0厅 | 44.88平米 | 南,https://ke-image.ljcdn.com/110000-inspection/3be7fc48d8d8076bdf386381fddd2889-081.jpg!m_fill,w_280,h_210,f_jpg?from=ke.com
