20230615,丰台,花乡,101119592603,南四环银地家园 南北通透两居室 满五年唯一 好楼层必看好房,333万,49029元/平,低楼层 (共7层) 2室1厅 | 67.92平米 | 南 北,https://ke-image.ljcdn.com/110000-inspection/64ce0e6a-95e6-4a73-84a8-e57b3efa46df_1000.jpg!m_fill,w_280,h_210,f_jpg?from=ke.com
20230615,丰台,花乡,101115222675,新上三居 南四环 花乡 科技园 银地家园 南北三居必看好房,619万,48198元/平,顶层 (共16层) 3室2厅 | 128.43平米 | 东 南 西 北,https://ke-image.ljcdn.com/110000-inspection/pc1_ZL9cc0KTo_1.jpg!m_fill,w_280,h_210,f_jpg?from=ke.com
20230615,丰台,花乡,101119607752,天伦锦城 全南向正规一居室 诚心出售必看好房,329万,52115元/平,中楼层 (共12层) 1室1厅 | 63.13平米 | 南,https://ke-image.ljcdn.com/110000-inspection/74bf388e-8690-48bf-adf5-918f902811e2_1000.jpg!m_fill,w_280,h_210,f_jpg?from=ke.com
20230615,丰台,花乡,101119500585,宜兰园  南北通透两房  视野开阔 采光充足 户型方正,362万,40574元/平,顶层 (共6层) 2室1厅 | 89.22平米 | 南 北,https://ke-image.ljcdn.com/110000-inspection/0eb30067-3178-410b-8c11-4f47b3e6133a_1000.jpg!m_fill,w_280,h_210,f_jpg?from=ke.com
20230615,丰台,花乡,101119265859,南四环 花乡新宫期颐百年南北精装两居室 诚心出售,408万,49443元/平,高楼层 (共9层) | 2010年建 | 2室1厅 | 82.52平米 | 南 北,https://ke-image.ljcdn.com/110000-inspection/bc56fe17-9046-4e6a-9b86-bb804a76ae4c_1000.jpg!m_fill,w_280,h_210,f_jpg?from=ke.com
20230615,丰台,花乡,101119244199,南四环 银地家园 南北两居 满五唯一 集中供暖,326万,46975元/平,中楼层 (共7层) 2室1厅 | 69.4平米 | 南 北,https://ke-image.ljcdn.com/110000-inspection/c0b40859-fd43-4499-9b06-1b17ffc9e74d_1000.jpg!m_fill,w_280,h_210,f_jpg?from=ke.com
20230615,丰台,花乡,101119013106,南四环风格与林苑 别墅区电梯平层三居室 南五年唯一,760万,56089元/平,高楼层 (共7层) | 2004年建 | 3室1厅 | 135.5平米 | 南 北,https://ke-image.ljcdn.com/110000-inspection/pc1_ez8nizOOa_1.jpg!m_fill,w_280,h_210,f_jpg?from=ke.com
20230615,丰台,花乡,101118930546,南四环 天伦锦城 满五年唯一商品房 南向大开间房主自荐,215万,45074元/平,中楼层 (共20层) 1室0厅 | 47.7平米 | 南,https://ke-image.ljcdn.com/110000-inspection/5a742a17-1ddd-40d4-bad1-c81f9bd5a1ef_1000.jpg!m_fill,w_280,h_210,f_jpg?from=ke.com
20230615,丰台,花乡,101118757588,宜兰园 南北通透 一居室 明厨明卫,316万,48157元/平,低楼层 (共6层) 1室1厅 | 65.62平米 | 南 西 北,https://ke-image.ljcdn.com/110000-inspection/7c06252f-37e3-4bbf-8b8b-ce8a8c26f958_1000.jpg!m_fill,w_280,h_210,f_jpg?from=ke.com
20230615,丰台,花乡,101118749088,南四环银地家园 满五年唯一 南北通透精装修两居室,338万,49474元/平,中楼层 (共7层) 2室1厅 | 68.32平米 | 南 北,https://ke-image.ljcdn.com/110000-inspection/06bf92e2-0ffa-401f-8dc8-846a59d02bcc_1000.jpg!m_fill,w_280,h_210,f_jpg?from=ke.com
20230615,丰台,花乡,101118748902,银地家园南北通透正规两居室满五唯一,450万,41096元/平,低楼层 (共7层) | 2002年建 | 2室1厅 | 109.5平米 | 南 北,https://ke-image.ljcdn.com/110000-inspection/8e716da9-50bf-4138-9701-59f5dd00a394_1000.jpg!m_fill,w_280,h_210,f_jpg?from=ke.com
20230615,丰台,花乡,101118745176,满五年唯一精装修两居 好楼层 小区人车分流 诚心出售,458万,55135元/平,中楼层 (共14层) 2室1厅 | 83.07平米 | 东 西,https://ke-image.ljcdn.com/110000-inspection/46dfdbb6-f2e1-4492-9a3b-20911ee6008c_1000.jpg!m_fill,w_280,h_210,f_jpg?from=ke.com
20230615,丰台,花乡,101118537832,南四环银地家园南北通透两居室 满五年唯一 精装修,328万,47996元/平,中楼层 (共7层) | 2001年建 | 2室1厅 | 68.34平米 | 南 北,https://ke-image.ljcdn.com/110000-inspection/24498346-94ca-45a3-8db3-a9394b97e158_1000.jpg!m_fill,w_280,h_210,f_jpg?from=ke.com
20230615,丰台,花乡,101118218231,宜兰园三区满两年南北通透业主诚心出售。,438万,46750元/平,底层 (共6层) | 2009年建 | 2室1厅 | 93.69平米 | 南 北,https://ke-image.ljcdn.com/110000-inspection/6ae5a41c-5a3c-4674-9929-16e18861120f_1000.jpg!m_fill,w_280,h_210,f_jpg?from=ke.com
20230615,丰台,花乡,101117903684,南四环银地家园 大三居 近19号线必看好房,811万,53827元/平,高楼层 (共16层) 3室1厅 | 150.67平米 | 南 北,https://ke-image.ljcdn.com/110000-inspection/4ffac84a-35dd-469a-bf42-86d3dd8ddd92_1000.jpg!m_fill,w_280,h_210,f_jpg?from=ke.com
20230615,丰台,花乡,101117761287,天伦锦城小区满五年唯一南向大两居业主诚售必看好房,420万,41217元/平,底层 (共10层) | 2006年建 | 2室2厅 | 101.9平米 | 南,https://ke-image.ljcdn.com/110000-inspection/f3b9256e-1e74-4879-a5ae-b76deddbd66d_1000.jpg!m_fill,w_280,h_210,f_jpg?from=ke.com
20230615,丰台,花乡,101117703914,花乡新宫西红门地铁19号线新发地铁口南向2居,420万,46933元/平,低楼层 (共12层) 2室1厅 | 89.49平米 | 南,https://ke-image.ljcdn.com/110000-inspection/e2e0c854-5150-4d6b-91c7-d0bfeba30978_1000.jpg!m_fill,w_280,h_210,f_jpg?from=ke.com
20230615,丰台,花乡,101117629002,银地家园 2室2厅 西南 北,550万,52667元/平,中楼层 (共16层) 2室2厅 | 104.43平米 | 西南 北,https://ke-image.ljcdn.com/110000-inspection/4ad9a1ed-5ced-4f33-af1d-0320797aff4c_1000.jpg!m_fill,w_280,h_210,f_jpg?from=ke.com
20230615,丰台,花乡,101116776936,风格与林苑上叠南北通透业主诚心出售。,900万,50255元/平,中楼层 (共4层) | 2004年建 | 4室2厅 | 179.09平米 | 南 北,https://ke-image.ljcdn.com/110000-inspection/e38ac96f-d314-445b-8098-2e5805bc6dd5_1000.jpg!m_fill,w_280,h_210,f_jpg?from=ke.com
20230615,丰台,花乡,101118781801,银地家园 满五年唯一 南向电梯小户型 好楼层诚心出售必看好房,220万,43256元/平,中楼层 (共13层) | 2004年建 | 1室0厅 | 50.86平米 | 南,https://ke-image.ljcdn.com/110000-inspection/d894cf61-3b8e-4cca-ac2a-a1361e65f01a_1000.jpg!m_fill,w_280,h_210,f_jpg?from=ke.com
20230615,丰台,花乡,101117091095,南四还银地家园 南北通透复式 一梯两户 满五年唯一,508万,36039元/平,高楼层 (共7层) | 2001年建 | 4室3厅 | 140.96平米 | 北 西 南,https://ke-image.ljcdn.com/110000-inspection/a58069b3-0124-4b47-ba3d-5471529629e0_1000.jpg!m_fill,w_280,h_210,f_jpg?from=ke.com
20230615,丰台,花乡,101116863047,南四环银地家园带电梯小户型 满五年唯一小区人车分流,303万,51866元/平,高楼层 (共14层) | 2005年建 | 1室1厅 | 58.42平米 | 东 北,https://ke-image.ljcdn.com/110000-inspection/afd8b8bf-ea23-44dc-b773-7a6dda37833c_1000.jpg!m_fill,w_280,h_210,f_jpg?from=ke.com
20230615,丰台,花乡,101119680468,南四环 期颐百年满五唯一商品房 明厨明卫一居室有车位新上,269万,41271元/平,低楼层 (共9层) | 2010年建 | 1室1厅 | 65.18平米 | 西北,https://ke-image.ljcdn.com/110000-inspection/558b5080-85a1-4003-9760-c021a2503d72_1000.jpg!m_fill,w_280,h_210,f_jpg?from=ke.com
20230615,丰台,花乡,101119680122,南北通透满五唯一H户型采光好无遮挡新上,488万,54313元/平,高楼层 (共11层) 2室1厅 | 89.85平米 | 南 北,https://ke-image.ljcdn.com/110000-inspection/38f2d86b-8161-463a-a630-779aa62c48da_1000.jpg!m_fill,w_280,h_210,f_jpg?from=ke.com
20230615,丰台,花乡,101119661594,银地家园 1室0厅 南新上,205万,54104元/平,中楼层 (共13层) 1室0厅 | 37.89平米 | 南,https://ke-image.ljcdn.com/110000-inspection/37594421-6cce-465a-8c4e-71eaec9791d1_1000.jpg!m_fill,w_280,h_210,f_jpg?from=ke.com
20230615,丰台,花乡,101119652496,银地家园 2室1厅 南 北新上,535万,51246元/平,低楼层 (共14层) 2室1厅 | 104.4平米 | 南 北,https://ke-image.ljcdn.com/110000-inspection/f9e68222-7988-4fb7-a746-400c3df20374_1000.jpg!m_fill,w_280,h_210,f_jpg?from=ke.com
20230615,丰台,花乡,101119642661,花都盛景宜兰园南北通透两居室满五唯一新上,405万,45196元/平,顶层 (共6层) 2室1厅 | 89.61平米 | 南 北,https://ke-image.ljcdn.com/110000-inspection/c78eeccb-8be7-4c71-bd55-41a50d2ac0e6_1000.jpg!m_fill,w_280,h_210,f_jpg?from=ke.com
20230615,丰台,花乡,101119586207,银地家园A区 东西朝向得小两居,300万,44002元/平,低楼层 (共7层) | 2000年建 | 2室1厅 | 68.18平米 | 东 西,https://ke-image.ljcdn.com/110000-inspection/pc1_1f10y2M3I.jpg!m_fill,w_280,h_210,f_jpg?from=ke.com
20230615,丰台,花乡,101119529132,期颐百年 1室1厅 南,280万,48144元/平,中楼层 (共9层) | 2011年建 | 1室1厅 | 58.16平米 | 南,https://ke-image.ljcdn.com/110000-inspection/978034e3-e2ab-491a-b036-6246d633c8f2_1000.jpg!m_fill,w_280,h_210,f_jpg?from=ke.com
20230615,丰台,花乡,101119525667,宜兰园三区  大两居南北通透电梯房,485万,47038元/平,中楼层 (共15层) | 2011年建 | 2室1厅 | 103.11平米 | 南 北,https://ke-image.ljcdn.com/110000-inspection/a027f964-4928-454f-a4d4-f1f5a40a5ae1_1000.jpg!m_fill,w_280,h_210,f_jpg?from=ke.com
20230615,丰台,花乡,101119508292,天伦锦城 2室1厅 南 北,550万,49328元/平,中楼层 (共12层) | 2010年建 | 2室1厅 | 111.5平米 | 南 北,https://ke-image.ljcdn.com/110000-inspection/b408b5ea-c8d8-4c9a-8486-21b716e24c65_1000.jpg!m_fill,w_280,h_210,f_jpg?from=ke.com
20230615,丰台,花乡,101119505474,银地家园 2室1厅 东 西,458万,54903元/平,低楼层 (共14层) | 2004年建 | 2室1厅 | 83.42平米 | 东 西,https://ke-image.ljcdn.com/110000-inspection/35dcd0f6-00df-4f37-8cff-5c084668faeb_1000.jpg!m_fill,w_280,h_210,f_jpg?from=ke.com
20230615,丰台,花乡,101119458197,南四环 天伦锦城 两居室 精装修 满两年房主自荐,428万,46296元/平,中楼层 (共20层) | 2007年建 | 2室1厅 | 92.45平米 | 西,https://ke-image.ljcdn.com/110000-inspection/675b487b-eb7e-4eb9-b0d6-c5603b428a56_1000.jpg!m_fill,w_280,h_210,f_jpg?from=ke.com
20230615,丰台,花乡,101119400658,南四环 花乡天伦锦城一居室满五唯一业主诚心出售,265万,45023元/平,中楼层 (共20层) | 2007年建 | 1室1厅 | 58.86平米 | 西北,https://ke-image.ljcdn.com/110000-inspection/97aff97a-580b-414f-a3c0-cfdce9e88a0d_1000.jpg!m_fill,w_280,h_210,f_jpg?from=ke.com
20230615,丰台,花乡,101119375114,花乡南四环银地家园 南北通透两居室 好楼层满五唯一,336万,49470元/平,中楼层 (共7层) 2室1厅 | 67.92平米 | 南 北,https://ke-image.ljcdn.com/110000-inspection/7dcf1fae-454f-4e93-9b52-968cd4ec5e44_1000.jpg!m_fill,w_280,h_210,f_jpg?from=ke.com
20230615,丰台,花乡,101119362933,花乡新宫银地家园南北向三居室满五年商品房,618万,50458元/平,低楼层 (共14层) 3室2厅 | 122.48平米 | 南 北,https://ke-image.ljcdn.com/110000-inspection/04fbcfda-91ea-4ba9-85d1-0df54c10654e_1000.jpg!m_fill,w_280,h_210,f_jpg?from=ke.com
20230615,丰台,花乡,101119340442,银地家园西南两居室满五年唯一格局方正高楼层,445万,55301元/平,高楼层 (共12层) | 2002年建 | 2室1厅 | 80.47平米 | 西南,https://ke-image.ljcdn.com/110000-inspection/60e78481-b6b7-43ac-a674-5ee94404025b_1000.jpg!m_fill,w_280,h_210,f_jpg?from=ke.com
20230615,丰台,花乡,101119321388,银地家园 2室1厅 南 北,516万,56573元/平,高楼层 (共12层) | 2004年建 | 2室1厅 | 91.21平米 | 南 北,https://ke-image.ljcdn.com/110000-inspection/f0f6c339-a3c8-4ac4-bca5-c765ad0d019b_1000.jpg!m_fill,w_280,h_210,f_jpg?from=ke.com
20230615,丰台,花乡,101119300802,银地家园 2室1厅 南 北,515万,53225元/平,中楼层 (共16层) | 2004年建 | 2室1厅 | 96.76平米 | 南 北,https://ke-image.ljcdn.com/110000-inspection/6f042e1e-3dc1-42e7-933e-42009be17ee9_1000.jpg!m_fill,w_280,h_210,f_jpg?from=ke.com
20230615,丰台,花乡,101119277387,南四环花乡天伦锦城南北一居室 满五年唯一,305万,51029元/平,低楼层 (共11层) | 2006年建 | 1室1厅 | 59.77平米 | 南 北,https://ke-image.ljcdn.com/110000-inspection/f959adee-5738-4648-8015-497022ee3a02_1000.jpg!m_fill,w_280,h_210,f_jpg?from=ke.com
20230615,丰台,花乡,101119269727,花乡新发地2010年洋房电梯板楼正规一居室,310万,45616元/平,底层 (共6层) | 2011年建 | 1室1厅 | 67.96平米 | 西北,https://ke-image.ljcdn.com/110000-inspection/dab0800f-a892-4f69-9ac0-939f881ff400_1000.jpg!m_fill,w_280,h_210,f_jpg?from=ke.com
20230615,丰台,花乡,101119268495,南四环花乡天伦锦城精装三居全实木家具带地上固定车位,550万,49919元/平,高楼层 (共9层) | 2003年建 | 3室2厅 | 110.18平米 | 西南 北,https://ke-image.ljcdn.com/110000-inspection/cbae468d-5f71-4399-8d75-114ae04fec7a_1000.jpg!m_fill,w_280,h_210,f_jpg?from=ke.com
20230615,丰台,花乡,101119246361,满五年唯一商品房采光好无遮挡价钱可谈,309万,45322元/平,中楼层 (共7层) | 2001年建 | 2室1厅 | 68.18平米 | 西 东,https://ke-image.ljcdn.com/110000-inspection/1ea259e6-d60f-4a87-9583-1c34ccdcef4a_1000.jpg!m_fill,w_280,h_210,f_jpg?from=ke.com
20230615,丰台,花乡,101119196180,南四环 花乡天伦锦城南向开间满五年,215万,44980元/平,高楼层 (共20层) 1室0厅 | 47.8平米 | 南,https://ke-image.ljcdn.com/110000-inspection/9372b527-80d6-45c6-bbfe-a436e0ed11a2_1000.jpg!m_fill,w_280,h_210,f_jpg?from=ke.com
20230615,丰台,花乡,101119153506,银地家园 3室1厅 南 北,590万,49212元/平,中楼层 (共7层) | 2002年建 | 3室1厅 | 119.89平米 | 南 北,https://ke-image.ljcdn.com/110000-inspection/d63691d6-9396-4d23-8b71-8df3dc1df601_1000.jpg!m_fill,w_280,h_210,f_jpg?from=ke.com
20230615,丰台,花乡,101119070453,银地家园 1室1厅 西房主自荐,215万,46118元/平,高楼层 (共13层) | 2004年建 | 1室1厅 | 46.62平米 | 西,https://ke-image.ljcdn.com/110000-inspection/d8e9af1e-7226-436e-8ed8-a91c4ed5dceb_1000.jpg!m_fill,w_280,h_210,f_jpg?from=ke.com
20230615,丰台,花乡,101118939958,期颐百年 1室1厅 东北,305万,46339元/平,低楼层 (共9层) | 2011年建 | 1室1厅 | 65.82平米 | 东北,https://ke-image.ljcdn.com/110000-inspection/822b8bc6-dd95-45b0-8177-c2dbd8d48901_1000.jpg!m_fill,w_280,h_210,f_jpg?from=ke.com
20230615,丰台,花乡,101118937202,银地家园南北双通透两居室低楼层,508万,50099元/平,低楼层 (共7层) | 2002年建 | 2室1厅 | 101.4平米 | 南 北,https://ke-image.ljcdn.com/110000-inspection/72be99f0-d93b-4abf-b73f-a5ac2663f7b6_1000.jpg!m_fill,w_280,h_210,f_jpg?from=ke.com
20230615,丰台,花乡,101118927046,花乡银地家园南北三居电梯板楼满五唯一有车位房主自荐,605万,47119元/平,低楼层 (共12层) | 2004年建 | 3室1厅 | 128.4平米 | 南 北,https://ke-image.ljcdn.com/110000-inspection/94cbbc50-9413-44e4-93ed-90df2d31dcf1_1000.jpg!m_fill,w_280,h_210,f_jpg?from=ke.com
20230615,丰台,花乡,101118904102,南四环 银地家园 西向开间 集中供暖 带电梯,192万,43498元/平,中楼层 (共13层) | 2004年建 | 1室0厅 | 44.14平米 | 西,https://ke-image.ljcdn.com/110000-inspection/35425d8a-de2a-4826-9b3c-b3196fe8ac42_1000.jpg!m_fill,w_280,h_210,f_jpg?from=ke.com
20230615,丰台,花乡,101118888042,南四环宜兰园 南向开间 楼龄新 集中供暖房主自荐,199万,51026元/平,高楼层 (共6层) | 2009年建 | 1室0厅 | 39平米 | 南,https://ke-image.ljcdn.com/110000-inspection/611caabb-d42b-412f-922b-171bba9d84cd_1000.jpg!m_fill,w_280,h_210,f_jpg?from=ke.com
20230615,丰台,花乡,101118887306,银地家园 2室1厅 南 北,518万,56793元/平,高楼层 (共12层) 2室1厅 | 91.21平米 | 南 北,https://ke-image.ljcdn.com/110000-inspection/bceebc86-d156-4af0-802e-eae1251c4174_1000.jpg!m_fill,w_280,h_210,f_jpg?from=ke.com
20230615,丰台,花乡,101118878618,银地家园 2室1厅 南 北,357万,49605元/平,中楼层 (共7层) | 1999年建 | 2室1厅 | 71.97平米 | 南 北,https://ke-image.ljcdn.com/110000-inspection/60a7a076-7cb5-4966-bf6d-c6384959a3f9_1000.jpg!m_fill,w_280,h_210,f_jpg?from=ke.com
20230615,丰台,花乡,101118867207,近地铁  落地窗  视野开阔  业主诚心卖,209万,51201元/平,低楼层 (共20层) | 2007年建 | 1室0厅 | 40.82平米 | 北,https://ke-image.ljcdn.com/110000-inspection/c798fd6a-da45-499c-8bcb-cc13eaaded59_1000.jpg!m_fill,w_280,h_210,f_jpg?from=ke.com
20230615,丰台,花乡,101118843634,两南四环 花乡 科技园 新发地 人车分流 南北通透两居,469万,49515元/平,低楼层 (共16层) | 2002年建 | 2室1厅 | 94.72平米 | 南 北,https://ke-image.ljcdn.com/110000-inspection/fa87b67e-a920-43cd-991f-083bd1cbd2de_1000.jpg!m_fill,w_280,h_210,f_jpg?from=ke.com
20230615,丰台,花乡,101118813580,期颐百年 东南一居室 诚心出售,275万,47488元/平,低楼层 (共9层) | 2011年建 | 1室1厅 | 57.91平米 | 东南,https://ke-image.ljcdn.com/110000-inspection/ed68e002-dea1-411e-b422-556a4a8d384b_1000.jpg!m_fill,w_280,h_210,f_jpg?from=ke.com
20230615,丰台,花乡,101118801057,期颐百年 1室1厅 西北,300万,43542元/平,低楼层 (共8层) 1室1厅 | 68.9平米 | 西北,https://ke-image.ljcdn.com/110000-inspection/9224ad8b-e1e5-4e74-9506-a11be894db3e_1000.jpg!m_fill,w_280,h_210,f_jpg?from=ke.com
20230615,丰台,花乡,101118796273,南四环 花乡天伦锦城南北双卫大三居 满五唯一,635万,45935元/平,顶层 (共12层) | 2010年建 | 3室2厅 | 138.24平米 | 南 北,https://ke-image.ljcdn.com/110000-inspection/39a7ead1-fbcb-4461-bee3-eb09523307df_1000.jpg!m_fill,w_280,h_210,f_jpg?from=ke.com
20230615,丰台,花乡,101118780995,天伦锦城满五唯一东南大两居室中高楼层,478万,46612元/平,高楼层 (共13层) | 2004年建 | 2室1厅 | 102.55平米 | 东 南,https://ke-image.ljcdn.com/110000-inspection/71b247d9-48d6-4362-81ac-d916e4d8f7d2_1000.jpg!m_fill,w_280,h_210,f_jpg?from=ke.com
20230615,丰台,花乡,101118729705,南北通透两居室客厅宽敞明亮不临街不把边,398万,42898元/平,顶层 (共6层) 2室1厅 | 92.78平米 | 南 北,https://ke-image.ljcdn.com/110000-inspection/db45e61d-31f8-4118-b0f3-7bc90d59f437_1000.jpg!m_fill,w_280,h_210,f_jpg?from=ke.com
20230615,丰台,花乡,101118703865,南四环银地家园电梯小户型 满五年唯一 诚心出售,205万,47909元/平,高楼层 (共13层) 1室0厅 | 42.79平米 | 东,https://ke-image.ljcdn.com/110000-inspection/b3049d7b-9f85-4ed3-8179-642d5eca0f9b_1000.jpg!m_fill,w_280,h_210,f_jpg?from=ke.com
20230615,丰台,花乡,101118677327,银地家园南北通透两居室明厨明卫房主自荐,505万,53457元/平,高楼层 (共9层) 2室1厅 | 94.47平米 | 南 北,https://ke-image.ljcdn.com/110000-inspection/386c2373-dcb0-40f3-8601-83c8e0f081a2_1000.jpg!m_fill,w_280,h_210,f_jpg?from=ke.com
20230615,丰台,花乡,101118658397,南四环 银地家园 南北三居 满五年唯一,410万,48111元/平,底层 (共7层) | 1999年建 | 3室1厅 | 85.22平米 | 南 北,https://ke-image.ljcdn.com/110000-inspection/c9095d1e-9bc0-4c29-90b0-50a08aded6f3_1000.jpg!m_fill,w_280,h_210,f_jpg?from=ke.com
20230615,丰台,花乡,101118631402,花乡 南四环 新宫 地铁 电梯 三居室,569万,47358元/平,底层 (共14层) | 2005年建 | 3室2厅 | 120.15平米 | 南 北,https://ke-image.ljcdn.com/110000-inspection/3b05b87e-68f2-40b6-a2fc-f9d9549f67a4_1000.jpg!m_fill,w_280,h_210,f_jpg?from=ke.com
20230615,丰台,花乡,101118622429,花乡、天伦锦城小区电梯房有钥匙,210万,53999元/平,顶层 (共20层) | 2007年建 | 1室0厅 | 38.89平米 | 北,https://ke-image.ljcdn.com/110000-inspection/2ae1bc6e-8f1f-4a50-933b-a9024c8f9d9e_1000.jpg!m_fill,w_280,h_210,f_jpg?from=ke.com
20230615,丰台,花乡,101118617535,花乡、银地家园南北两居精装修满五唯一近地铁房主自荐,351万,50577元/平,中楼层 (共7层) 2室1厅 | 69.4平米 | 南 北,https://ke-image.ljcdn.com/110000-inspection/83d97c18-5859-41a7-b6cc-857ffc4ce623_1000.jpg!m_fill,w_280,h_210,f_jpg?from=ke.com
20230615,丰台,花乡,101118609741,南环银地家园 满五年唯一一居室 好楼层诚心出售,266万,50360元/平,中楼层 (共7层) 1室1厅 | 52.82平米 | 西南 北,https://ke-image.ljcdn.com/110000-inspection/1d978e95-85ba-4920-a6b3-88106dcafe2c_1000.jpg!m_fill,w_280,h_210,f_jpg?from=ke.com
20230615,丰台,花乡,101118600983,南四环 天伦锦城 满五唯一商品房高楼层,205万,50172元/平,高楼层 (共20层) 1室0厅 | 40.86平米 | 北,https://ke-image.ljcdn.com/110000-inspection/30bd4091-0119-4b85-8529-b13b3f246593_1000.jpg!m_fill,w_280,h_210,f_jpg?from=ke.com
20230615,丰台,花乡,101118592712,宜兰园三区商品房精装修业主诚心出售。,380万,47998元/平,高楼层 (共6层) | 2009年建 | 1室1厅 | 79.17平米 | 南 北,https://ke-image.ljcdn.com/110000-inspection/e195d62b-8f0b-4cb6-8b9b-b4c01c146ace_1000.jpg!m_fill,w_280,h_210,f_jpg?from=ke.com
20230615,丰台,花乡,101118560614,宜兰园三区 正规一居室 诚心出售,276万,35039元/平,顶层 (共6层) | 2009年建 | 1室1厅 | 78.77平米 | 南 北,https://ke-image.ljcdn.com/110000-inspection/pc1_vvB6D4Wgk.jpg!m_fill,w_280,h_210,f_jpg?from=ke.com
20230615,丰台,花乡,101118550684,近地铁  满五唯一  看房方便  价格可以商量,469万,51732元/平,低楼层 (共11层) 2室1厅 | 90.66平米 | 南 北,https://ke-image.ljcdn.com/110000-inspection/29d52c70-25ea-4a99-a897-1afd4ba9411b_1000.jpg!m_fill,w_280,h_210,f_jpg?from=ke.com
20230615,丰台,花乡,101118549499,银地家园 3室1厅 南 北,436万,53994元/平,低楼层 (共7层) 3室1厅 | 80.75平米 | 南 北,https://ke-image.ljcdn.com/110000-inspection/0bd13c3d-94cd-4de4-afc7-b7942d46bc61_1000.jpg!m_fill,w_280,h_210,f_jpg?from=ke.com
20230615,丰台,花乡,101118529789,银地家园 2室1厅 南 北,500万,49054元/平,中楼层 (共7层) 2室1厅 | 101.93平米 | 南 北,https://ke-image.ljcdn.com/110000-inspection/5ec140dc-34e8-4f61-8f71-73baee619590_1000.jpg!m_fill,w_280,h_210,f_jpg?from=ke.com
20230615,丰台,花乡,101118520488,银地家园两居室带电梯业主诚心出售。,388万,49930元/平,高楼层 (共13层) 2室1厅 | 77.71平米 | 西北,https://ke-image.ljcdn.com/110000-inspection/564e1bb3-1e4a-4c38-8ae8-8ab1a7be67ac_1000.jpg!m_fill,w_280,h_210,f_jpg?from=ke.com
20230615,丰台,花乡,101118471624,南四环 花乡新发地 南北通透 板楼一居,285万,36063元/平,顶层 (共6层) | 2009年建 | 1室1厅 | 79.03平米 | 南 北,https://ke-image.ljcdn.com/110000-inspection/54f0041a-db93-4656-bd1f-8ede9e52892d_1000.jpg!m_fill,w_280,h_210,f_jpg?from=ke.com
20230615,丰台,花乡,101118469090,银地家园A区1号楼的开间小户型,192万,46400元/平,高楼层 (共13层) 1室0厅 | 41.38平米 | 北,https://ke-image.ljcdn.com/110000-inspection/421a97bd-1d24-4b2c-9604-444f3276b88d_1000.jpg!m_fill,w_280,h_210,f_jpg?from=ke.com
20230615,丰台,花乡,101118463551,南四环花乡 天伦锦城南北电梯一居室业主诚心出售,318万,53990元/平,低楼层 (共16层) 1室1厅 | 58.9平米 | 南 北,https://ke-image.ljcdn.com/110000-inspection/pc1_sdsHAAKpb_1.jpg!m_fill,w_280,h_210,f_jpg?from=ke.com
20230615,丰台,花乡,101118461361,南四环花乡天伦锦城南北大两居满五唯一,478万,46891元/平,中楼层 (共20层) 2室1厅 | 101.94平米 | 南 北,https://ke-image.ljcdn.com/110000-inspection/396ff6f8-3e3b-4075-8fa9-87b02a629d74_1000.jpg!m_fill,w_280,h_210,f_jpg?from=ke.com
20230615,丰台,花乡,101118459576,南四环 满五唯一商品房花园洋房社区房主自荐,468万,48898元/平,底层 (共8层) | 2011年建 | 2室1厅 | 95.71平米 | 南 北,https://ke-image.ljcdn.com/110000-inspection/d92e0a32-d65b-435e-bb33-eb8ac10a2777_1000.jpg!m_fill,w_280,h_210,f_jpg?from=ke.com
20230615,丰台,花乡,101118457105,南四环 宜兰园三区 南北两居 满两年 集中供暖 带电梯,480万,50692元/平,高楼层 (共8层) 2室1厅 | 94.69平米 | 南 北,https://ke-image.ljcdn.com/110000-inspection/b29dde92-c045-46fc-80f8-a7aaf208c730_1000.jpg!m_fill,w_280,h_210,f_jpg?from=ke.com
20230615,丰台,花乡,101118448561,近地铁   银地家园   西南朝向  看房方便,449万,53928元/平,高楼层 (共12层) 2室1厅 | 83.26平米 | 南,https://ke-image.ljcdn.com/110000-inspection/ffefdce9-c708-47f0-8be1-d3bff9dc5483_1000.jpg!m_fill,w_280,h_210,f_jpg?from=ke.com
20230615,丰台,花乡,101118438676,银地家园西向一居室 19号线新发地站 满五唯一,206万,44657元/平,高楼层 (共13层) | 2004年建 | 1室1厅 | 46.13平米 | 西,https://ke-image.ljcdn.com/110000-inspection/03e25e63-67db-4c80-9ec7-03fdb2f7a3ef_1000.jpg!m_fill,w_280,h_210,f_jpg?from=ke.com
20230615,丰台,花乡,101118415874,银地家园东南向三居室满五年唯一格局好,469万,49614元/平,中楼层 (共13层) 3室1厅 | 94.53平米 | 东南,https://ke-image.ljcdn.com/110000-inspection/9b4b4a36-5416-4f89-9da4-ecee100575c7_1000.jpg!m_fill,w_280,h_210,f_jpg?from=ke.com
20230615,丰台,花乡,101118393854,看房方便诚心卖价钱可谈满五唯一电梯房房主自荐,188万,43140元/平,中楼层 (共13层) 1室0厅 | 43.58平米 | 北,https://ke-image.ljcdn.com/110000-inspection/40f42f62-52ef-49fa-99b9-8b0573541b02_1000.jpg!m_fill,w_280,h_210,f_jpg?from=ke.com
20230615,丰台,花乡,101118387178,银地家园正规一居室南北通透客厅双采光看房方便,243万,46437元/平,低楼层 (共7层) | 1999年建 | 1室1厅 | 52.33平米 | 东 南 北,https://ke-image.ljcdn.com/110000-inspection/af5390e5-154f-45ba-9314-1a9cbd1b11fa_1000.jpg!m_fill,w_280,h_210,f_jpg?from=ke.com
20230615,丰台,花乡,101118382273,天伦锦城 全南向 正规大两居室 诚心出售,518万,49895元/平,中楼层 (共20层) | 2010年建 | 2室1厅 | 103.82平米 | 南,https://ke-image.ljcdn.com/110000-inspection/pc1_WxyECRIWr.jpg!m_fill,w_280,h_210,f_jpg?from=ke.com
20230615,丰台,花乡,101118379877,银地家园B区人车分流东西通透两居室满五年唯一,479万,54131元/平,中楼层 (共16层) 2室1厅 | 88.49平米 | 东 西,https://ke-image.ljcdn.com/110000-inspection/9cb96a84-ae11-4d09-a375-971f27b2ca21_1000.jpg!m_fill,w_280,h_210,f_jpg?from=ke.com
20230615,丰台,花乡,101118377042,南四环花乡新发地银地家园 人车分流 南北通透 满五年,590万,48203元/平,中楼层 (共14层) 3室2厅 | 122.4平米 | 南 北,https://ke-image.ljcdn.com/110000-inspection/a97f9790-a5d1-42f4-acd9-24725f825662_1000.jpg!m_fill,w_280,h_210,f_jpg?from=ke.com
20230615,丰台,花乡,101118352827,银地家园南北三居室低楼层集中供暖,460万,55382元/平,低楼层 (共7层) | 1999年建 | 3室1厅 | 83.06平米 | 南 北,https://ke-image.ljcdn.com/110000-inspection/7cc80989-54ff-48af-b4df-89aa39bbf3b6_1000.jpg!m_fill,w_280,h_210,f_jpg?from=ke.com
20230615,丰台,花乡,101118319751,天伦锦城一居室 满五唯一 精装修,270万,41469元/平,中楼层 (共20层) 1室1厅 | 65.11平米 | 北,https://ke-image.ljcdn.com/110000-inspection/d184ac11-3584-4100-a61f-db9aa9fa0296_1000.jpg!m_fill,w_280,h_210,f_jpg?from=ke.com
20230615,丰台,花乡,101118307284,期颐百年 2室1厅 南 北房主自荐,398万,47860元/平,低楼层 (共9层) 2室1厅 | 83.16平米 | 南 北,https://ke-image.ljcdn.com/110000-inspection/9bbaa8bd-5de6-4b6d-902f-1efac3c8c45f_1000.jpg!m_fill,w_280,h_210,f_jpg?from=ke.com
20230615,丰台,花乡,101118293501,南四环边银地家园小区人车分流电梯两居,410万,54689元/平,中楼层 (共16层) | 2004年建 | 2室1厅 | 74.97平米 | 南,https://ke-image.ljcdn.com/110000-inspection/32337209-8934-4932-9d9b-a4b097f92924_1000.jpg!m_fill,w_280,h_210,f_jpg?from=ke.com
20230615,丰台,花乡,101118267217,南四环银地家园两居室 精装修刚两年 南北通透好楼层,358万,51586元/平,中楼层 (共7层) | 1999年建 | 2室1厅 | 69.4平米 | 南 北,https://ke-image.ljcdn.com/110000-inspection/pc1_RU1uoFTP3.jpg!m_fill,w_280,h_210,f_jpg?from=ke.com
20230615,丰台,花乡,101118250224,宜兰园三区 1室1厅 南 北,315万,45692元/平,低楼层 (共15层) 1室1厅 | 68.94平米 | 南 北,https://ke-image.ljcdn.com/110000-inspection/abf5d9da-5cdd-42e4-bcf0-ac0e217d719b_1000.jpg!m_fill,w_280,h_210,f_jpg?from=ke.com
20230615,丰台,花乡,101118244467,新宫花乡人车分流小区电梯两居室南北通透,410万,52938元/平,顶层 (共14层) 2室1厅 | 77.45平米 | 南 北,https://ke-image.ljcdn.com/110000-inspection/00f7b2f5-3e29-4054-b40e-08e39f6fb091_1000.jpg!m_fill,w_280,h_210,f_jpg?from=ke.com
20230615,丰台,花乡,101118224786,宜兰园新上低楼层两居室户型方正诚心出售。,445万,48650元/平,低楼层 (共6层) 2室1厅 | 91.47平米 | 南 北,https://ke-image.ljcdn.com/110000-inspection/500eb80b-8c1f-4592-a052-4950a67962a2_1000.jpg!m_fill,w_280,h_210,f_jpg?from=ke.com
20230615,丰台,花乡,101118221561,期颐百年南北通透商品房环境好业主诚心出售。,780万,55544元/平,底层 (共4层) | 2010年建 | 3室2厅 | 140.43平米 | 南 北,https://ke-image.ljcdn.com/110000-inspection/228ad855-5a06-4cb8-8252-9fe533930239_1000.jpg!m_fill,w_280,h_210,f_jpg?from=ke.com
20230615,丰台,花乡,101118207905,银地家园 正规三居室 诚心出售,489万,49315元/平,低楼层 (共16层) 3室1厅 | 99.16平米 | 南 北,https://ke-image.ljcdn.com/110000-inspection/3003d19d-31fe-4eb9-9a88-a78234cc37fb_1000.jpg!m_fill,w_280,h_210,f_jpg?from=ke.com
20230615,丰台,花乡,101118199874,银地家园中间层两居室诚心出售南北通透。,338万,49765元/平,中楼层 (共7层) | 1999年建 | 2室1厅 | 67.92平米 | 南 北,https://ke-image.ljcdn.com/110000-inspection/f6f4f2b8-5f76-48aa-9231-5d9a7fc6f20e_1000.jpg!m_fill,w_280,h_210,f_jpg?from=ke.com
20230615,丰台,花乡,101118182051,南四环 花乡 天伦锦城正规一居室 满五年 诚心出售,289万,46886元/平,中楼层 (共20层) | 2007年建 | 1室1厅 | 61.64平米 | 东,https://ke-image.ljcdn.com/110000-inspection/pc1_ixqqXEHzf.jpg!m_fill,w_280,h_210,f_jpg?from=ke.com
20230615,丰台,花乡,101118176598,花乡 科技园 总部基地 精装三居室 采光视野好房主自荐,610万,50770元/平,低楼层 (共14层) 3室1厅 | 120.15平米 | 南 北,https://ke-image.ljcdn.com/110000-inspection/ccbfb8d7-9cc2-4fe4-9feb-8e805cb54f94_1000.jpg!m_fill,w_280,h_210,f_jpg?from=ke.com
20230615,丰台,花乡,101118175221,银地家园 1室1厅 东南,289万,57547元/平,中楼层 (共7层) 1室1厅 | 50.22平米 | 东南,https://ke-image.ljcdn.com/110000-inspection/8ad9f099-88d0-437d-aa9e-c8330b6b522c_1000.jpg!m_fill,w_280,h_210,f_jpg?from=ke.com
20230615,丰台,花乡,101118174888,宜兰园南北通透两居室 一梯两户 板楼户型,395万,44278元/平,高楼层 (共6层) 2室1厅 | 89.21平米 | 南 北,https://ke-image.ljcdn.com/110000-inspection/0dbf79b1-ddef-44e2-9a9c-5a68d5d6aec2_1000.jpg!m_fill,w_280,h_210,f_jpg?from=ke.com
20230615,丰台,花乡,101118169242,银地家园 1室0厅 东,210万,49424元/平,中楼层 (共13层) 1室0厅 | 42.49平米 | 东,https://ke-image.ljcdn.com/110000-inspection/461ea36d-9077-4dbe-877e-4ee2027cc9d5_1000.jpg!m_fill,w_280,h_210,f_jpg?from=ke.com
20230615,丰台,花乡,101118149910,四环边商品房适合生活居住交通便利配套齐全,455万,41553元/平,低楼层 (共7层) | 2002年建 | 2室2厅 | 109.5平米 | 南 北,https://ke-image.ljcdn.com/110000-inspection/pc1_7IQ3fdXqy_2.jpg!m_fill,w_280,h_210,f_jpg?from=ke.com
20230615,丰台,花乡,101118146689,银地家园南北通透一居室满五年中楼层集中供暖房主自荐,269万,51405元/平,中楼层 (共7层) | 1999年建 | 1室1厅 | 52.33平米 | 南 北,https://ke-image.ljcdn.com/110000-inspection/7c3be6d0-22b9-4ad1-9f33-cb9a1b56224d_1000.jpg!m_fill,w_280,h_210,f_jpg?from=ke.com
20230615,丰台,花乡,101118143821,花乡新宫西红门地铁19号新发地站南北通透三居！,500万,50424元/平,低楼层 (共16层) | 2004年建 | 3室1厅 | 99.16平米 | 东 南 北,https://ke-image.ljcdn.com/110000-inspection/b08025ba-d075-408f-be8b-e1f178afa156_1000.jpg!m_fill,w_280,h_210,f_jpg?from=ke.com
20230615,丰台,花乡,101118130385,银地家园 3室2厅 南 北,660万,54407元/平,高楼层 (共16层) 3室2厅 | 121.31平米 | 南 北,https://ke-image.ljcdn.com/110000-inspection/f1a9cedb-973a-47df-86f2-ad4bb1732e27_1000.jpg!m_fill,w_280,h_210,f_jpg?from=ke.com
20230615,丰台,花乡,101118128280,银地家园 1室1厅 南,330万,48889元/平,低楼层 (共16层) 1室1厅 | 67.5平米 | 南,https://ke-image.ljcdn.com/110000-inspection/pc1_Unr5OUrFQ_2.jpg!m_fill,w_280,h_210,f_jpg?from=ke.com
20230615,丰台,花乡,101118104160,南四环新发地锦程园天伦锦城简装大一居带落地阳台,300万,40054元/平,低楼层 (共20层) 1室1厅 | 74.9平米 | 西 北,https://ke-image.ljcdn.com/110000-inspection/55750c31-f20f-49ba-9306-6ce468789157_1000.jpg!m_fill,w_280,h_210,f_jpg?from=ke.com
20230615,丰台,花乡,101118096837,宜兰园南北通透精装修业主诚心出售。,450万,50449元/平,底层 (共6层) 2室1厅 | 89.2平米 | 南 北,https://ke-image.ljcdn.com/110000-inspection/8df400d4-5286-435f-9e3b-1af3f7407d18_1000.jpg!m_fill,w_280,h_210,f_jpg?from=ke.com
20230615,丰台,花乡,101118093134,宜兰园三区 2室1厅 南 北,470万,49921元/平,顶层 (共15层) 2室1厅 | 94.15平米 | 南 北,https://ke-image.ljcdn.com/110000-inspection/9e0ba497-c511-4801-9639-5e4a1dcb133e_1000.jpg!m_fill,w_280,h_210,f_jpg?from=ke.com
20230615,丰台,花乡,101118060029,期颐百年 2室1厅 南 北,475万,52284元/平,高楼层 (共9层) 2室1厅 | 90.85平米 | 南 北,https://ke-image.ljcdn.com/110000-inspection/1bcf9732-aed9-4f67-9ee8-4d50e1a5b63e_1000.jpg!m_fill,w_280,h_210,f_jpg?from=ke.com
20230615,丰台,花乡,101118039334,丰台区 南四环 花乡 新发地 银地家园 三居室 商品房,445万,48067元/平,低楼层 (共7层) | 1999年建 | 3室1厅 | 92.58平米 | 西南 北,https://ke-image.ljcdn.com/110000-inspection/c5a4a78a-8e2a-40e5-ac5b-37880d349816_1000.jpg!m_fill,w_280,h_210,f_jpg?from=ke.com
20230615,丰台,花乡,101118012934,花乡 新宫南四环 天伦锦城 南北通透精装修一居商品房,316万,54568元/平,底层 (共10层) | 2006年建 | 1室1厅 | 57.91平米 | 南 北,https://ke-image.ljcdn.com/110000-inspection/1159f507-b5df-494f-bbf1-0dcddfde363f_1000.jpg!m_fill,w_280,h_210,f_jpg?from=ke.com
20230615,丰台,花乡,101117965400,期颐百年正规一居室 东南朝向采光无遮挡,260万,45937元/平,中楼层 (共9层) | 2010年建 | 1室1厅 | 56.6平米 | 南,https://ke-image.ljcdn.com/110000-inspection/d2fd5c79-adc3-4cb0-b7e2-c7e31d6b7bf7_1000.jpg!m_fill,w_280,h_210,f_jpg?from=ke.com
20230615,丰台,花乡,101117951791,南四环 花乡 天伦锦城 满五年唯一 电梯板楼,299万,50765元/平,高楼层 (共16层) 1室1厅 | 58.9平米 | 南 北,https://ke-image.ljcdn.com/110000-inspection/9af9e10b-7414-47d1-a0e1-e440bc9b22ce_1000.jpg!m_fill,w_280,h_210,f_jpg?from=ke.com
20230615,丰台,花乡,101117946209,南四环新发地天伦锦城满五唯一商品房带电梯中间楼层,425万,40616元/平,中楼层 (共20层) 2室1厅 | 104.64平米 | 西,https://ke-image.ljcdn.com/110000-inspection/02bb5a6b-48b8-4f0d-8e60-915c9e78337d_1000.jpg!m_fill,w_280,h_210,f_jpg?from=ke.com
20230615,丰台,花乡,101117932937,银地家园满五年唯一南北通透小两居业主诚售,325万,47851元/平,中楼层 (共7层) 2室1厅 | 67.92平米 | 南 北,https://ke-image.ljcdn.com/110000-inspection/dc6cb561-4ddc-4900-8307-f586a002671e_1000.jpg!m_fill,w_280,h_210,f_jpg?from=ke.com
20230615,丰台,花乡,101117931046,天伦锦城 西向两居室 满五年唯一 采光好 视野好,415万,44890元/平,中楼层 (共20层) 2室1厅 | 92.45平米 | 东,https://ke-image.ljcdn.com/110000-inspection/81dd7976-de00-4374-94a2-e539f3a70db9_1000.jpg!m_fill,w_280,h_210,f_jpg?from=ke.com
20230615,丰台,花乡,101117923449,丰台区南四环花乡新发地天伦锦城满五唯一商品房高楼层,270万,47435元/平,高楼层 (共20层) | 2007年建 | 1室1厅 | 56.92平米 | 西北,https://ke-image.ljcdn.com/110000-inspection/9a79cd92-689e-4de9-8c98-3e80cff7becb_1000.jpg!m_fill,w_280,h_210,f_jpg?from=ke.com
20230615,丰台,花乡,101117918427,银地家园南北两居室满五年唯一商品房子,338万,50592元/平,底层 (共7层) 2室1厅 | 66.81平米 | 南 北,https://ke-image.ljcdn.com/110000-inspection/5245b5c9-54de-4f79-879e-9e562658fefd_1000.jpg!m_fill,w_280,h_210,f_jpg?from=ke.com
20230615,丰台,花乡,101117904422,宜兰园三区南北通透两居室集中供暖房主自荐,441万,47051元/平,中楼层 (共6层) | 2009年建 | 2室2厅 | 93.73平米 | 南 北,https://ke-image.ljcdn.com/110000-inspection/c6982aae-c598-425c-9934-26d3a4e8e16a_1000.jpg!m_fill,w_280,h_210,f_jpg?from=ke.com
20230615,丰台,花乡,101117873711,天伦锦城精装修大三居有钥匙随时可以看房,543万,44320元/平,高楼层 (共20层) | 2007年建 | 3室1厅 | 122.52平米 | 西南,https://ke-image.ljcdn.com/110000-inspection/c9c88a94-fd99-446a-b70e-26ee4306317c_1000.jpg!m_fill,w_280,h_210,f_jpg?from=ke.com
20230615,丰台,花乡,101117861160,宜兰园小区三居室南北通透交通方便生活便利。,450万,39690元/平,顶层 (共6层) | 2003年建 | 3室1厅 | 113.38平米 | 南 北,https://ke-image.ljcdn.com/110000-inspection/27e9aa5f-3c4b-4a9e-b5f1-79791f461a33_1000.jpg!m_fill,w_280,h_210,f_jpg?from=ke.com
20230615,丰台,花乡,101117847023,南四环 花乡 科技园 南北通透 双卫三居室,655万,47678元/平,中楼层 (共14层) | 2002年建 | 3室2厅 | 137.38平米 | 南 北,https://ke-image.ljcdn.com/110000-inspection/22d76f22-a7e3-414f-8c83-93d0c99ffe4e_1000.jpg!m_fill,w_280,h_210,f_jpg?from=ke.com
20230615,丰台,花乡,101117843868,天伦锦城电梯板楼一居室客户落地阳台房主自荐,283万,46700元/平,低楼层 (共13层) | 2005年建 | 1室1厅 | 60.6平米 | 西,https://ke-image.ljcdn.com/110000-inspection/pc1_N63lCv9k3_1.jpg!m_fill,w_280,h_210,f_jpg?from=ke.com
20230615,丰台,花乡,101117838678,南四环 花乡 科技园 正规一居室,299万,51313元/平,低楼层 (共12层) 1室1厅 | 58.27平米 | 西 北,https://ke-image.ljcdn.com/110000-inspection/d21a8c31-2892-4a2e-a2a5-f014b6b371f2_1000.jpg!m_fill,w_280,h_210,f_jpg?from=ke.com
20230615,丰台,花乡,101117738975,银地家园B区 经典小户型小区人车分流一梯三户。,210万,52019元/平,顶层 (共9层) | 2004年建 | 1室0厅 | 40.37平米 | 西,https://ke-image.ljcdn.com/110000-inspection/af9fab36-9f3a-4c4a-a64c-5cfde32012f8_1000.jpg!m_fill,w_280,h_210,f_jpg?from=ke.com
20230615,丰台,花乡,101117732018,银地家园正规一居室格局方正带落地窗阳台满五年唯一,298万,50932元/平,中楼层 (共14层) 1室1厅 | 58.51平米 | 东北,https://ke-image.ljcdn.com/110000-inspection/7f9bfbf4-2dcc-4573-b54f-70d60a5e9b35_1000.jpg!m_fill,w_280,h_210,f_jpg?from=ke.com
20230615,丰台,花乡,101117687858,银地家园正规一居室 满五年唯一 西北向带落地窗,284万,48614元/平,低楼层 (共14层) 1室1厅 | 58.42平米 | 西北,https://ke-image.ljcdn.com/110000-inspection/9c948a30-1451-498f-a19b-90ff6a3b9f0a_1000.jpg!m_fill,w_280,h_210,f_jpg?from=ke.com
20230615,丰台,花乡,101117685995,新发地锦程园天伦锦城全南向一居室高楼层无遮挡采光好房主自荐,210万,44026元/平,中楼层 (共20层) | 2007年建 | 1室0厅 | 47.7平米 | 南,https://ke-image.ljcdn.com/110000-inspection/0e1fca94-def2-4a7a-8499-6a9c5d67a889_1000.jpg!m_fill,w_280,h_210,f_jpg?from=ke.com
20230615,丰台,花乡,101117632052,期颐百年正规朝南一居室电梯洋房2010年建成,260万,44890元/平,中楼层 (共9层) | 2011年建 | 1室1厅 | 57.92平米 | 南,https://ke-image.ljcdn.com/110000-inspection/6bbe6e40-6d81-4384-8d79-2d89cd834b52_1000.jpg!m_fill,w_280,h_210,f_jpg?from=ke.com
20230615,丰台,花乡,101117590699,期颐百年 满五唯一 商品房 一层,406万,49326元/平,底层 (共9层) | 2010年建 | 2室1厅 | 82.31平米 | 南 北,https://ke-image.ljcdn.com/110000-inspection/b8a9962b-6f72-43cc-ac40-ad3d46485a2b_1000.jpg!m_fill,w_280,h_210,f_jpg?from=ke.com
20230615,丰台,花乡,101117571979,银地家园东北两居室带电梯 交通方便,329万,41842元/平,中楼层 (共13层) | 2004年建 | 2室1厅 | 78.63平米 | 东北,https://ke-image.ljcdn.com/110000-inspection/74a21463-76bb-41a3-9602-15c44f8eb7ab_1000.jpg!m_fill,w_280,h_210,f_jpg?from=ke.com
20230615,丰台,花乡,101117535821,银地家园 诚心出售 看房方便 中间楼层,196万,42489元/平,中楼层 (共13层) 1室1厅 | 46.13平米 | 西,https://ke-image.ljcdn.com/110000-inspection/090f6eea-139d-412e-8d73-6f4fc5f2fd41_1000.jpg!m_fill,w_280,h_210,f_jpg?from=ke.com
20230615,丰台,花乡,101117406348,天伦锦城 3室2厅 南 北房主自荐,694万,53168元/平,低楼层 (共13层) | 2005年建 | 3室2厅 | 130.53平米 | 南 北,https://ke-image.ljcdn.com/110000-inspection/5fff354d-ccf1-4b84-a488-8460c723fc30_1000.jpg!m_fill,w_280,h_210,f_jpg?from=ke.com
20230615,丰台,花乡,101117270920,天伦锦城 3室1厅 南 北,748万,56009元/平,中楼层 (共13层) | 2005年建 | 3室1厅 | 133.55平米 | 南 北,https://ke-image.ljcdn.com/110000-inspection/90906725-50a9-4c9e-b6e7-62091d777bdc_1000.jpg!m_fill,w_280,h_210,f_jpg?from=ke.com
20230615,丰台,花乡,101117233442,银地家园 三室两卫  满五年 看房方便,531万,46979元/平,底层 (共12层) 3室1厅 | 113.03平米 | 南 北,https://ke-image.ljcdn.com/110000-inspection/f44c8ae3-a1bf-4382-85bd-e8b11999ade8_1000.jpg!m_fill,w_280,h_210,f_jpg?from=ke.com
20230615,丰台,花乡,101117218731,天伦锦城   大三居室   满五年  诚心卖,630万,48529元/平,中楼层 (共11层) 3室2厅 | 129.82平米 | 西南 北,https://ke-image.ljcdn.com/110000-inspection/3ae6a751-04f3-40f1-8e08-7ed91e669c2f_1000.jpg!m_fill,w_280,h_210,f_jpg?from=ke.com
20230615,丰台,花乡,101117211060,期颐百年南区商品房 满五唯一 全明户型,462万,53684元/平,低楼层 (共8层) | 2011年建 | 2室1厅 | 86.06平米 | 西南,https://ke-image.ljcdn.com/110000-inspection/ed246665-2abf-468a-bc8f-5c51c8c04c6f_1000.jpg!m_fill,w_280,h_210,f_jpg?from=ke.com
20230615,丰台,花乡,101117200168,南四环 花乡 2011年低密花园洋房 满五年唯一 商品房房主自荐,850万,50353元/平,底层 (共4层) 4室1厅 | 168.81平米 | 东南 北 南,https://ke-image.ljcdn.com/110000-inspection/7a76b02b-f2c9-433e-b3d4-53cade3b4b07_1000.jpg!m_fill,w_280,h_210,f_jpg?from=ke.com
20230615,丰台,花乡,101117157706,南四环 花乡 银地家园 平层三居带书房 南北通透不临街,660万,51402元/平,低楼层 (共12层) | 2002年建 | 3室2厅 | 128.4平米 | 南 北,https://ke-image.ljcdn.com/110000-inspection/02b9124e-e7a9-4ba7-8aa0-883e3a18ea96_1000.jpg!m_fill,w_280,h_210,f_jpg?from=ke.com
20230615,丰台,花乡,101117108094,花乡新宫西红门宜兰园三居室满五唯一业主诚心出售。,470万,41417元/平,顶层 (共6层) 3室1厅 | 113.48平米 | 南 北,https://ke-image.ljcdn.com/110000-inspection/d195f656-8e69-45e5-a1f5-31057e3c028f_1000.jpg!m_fill,w_280,h_210,f_jpg?from=ke.com
20230615,丰台,花乡,101117082404,银地家园两居室南北通透满五年唯一精装修房主自荐,340万,49205元/平,中楼层 (共7层) 2室1厅 | 69.1平米 | 南 北,https://ke-image.ljcdn.com/110000-inspection/f45b1396-5b13-47bc-89a8-1d8ca12b4052_1000.jpg!m_fill,w_280,h_210,f_jpg?from=ke.com
20230615,丰台,花乡,101117076671,南四环花乡正规两居室电梯板楼户型方正,415万,49009元/平,低楼层 (共13层) 2室1厅 | 84.68平米 | 东北,https://ke-image.ljcdn.com/110000-inspection/7ea51da4-0d5d-463b-b3b2-4e58427fec80_1000.jpg!m_fill,w_280,h_210,f_jpg?from=ke.com
20230615,丰台,花乡,101117064116,南四环 花乡 天伦锦城南向大两居 满五唯一,470万,45271元/平,中楼层 (共20层) | 2010年建 | 2室1厅 | 103.82平米 | 南,https://ke-image.ljcdn.com/110000-inspection/c545f3fa-9fc3-4570-8680-5b986882c524_1000.jpg!m_fill,w_280,h_210,f_jpg?from=ke.com
20230615,丰台,花乡,101117033853,南四环天伦锦城南北通透电梯房两居室。,465万,51201元/平,低楼层 (共11层) | 2006年建 | 2室1厅 | 90.82平米 | 南 北,https://ke-image.ljcdn.com/110000-inspection/65919c46-676b-4d0e-b128-311d89b0ab05_1000.jpg!m_fill,w_280,h_210,f_jpg?from=ke.com
20230615,丰台,花乡,101116980888,南四环银地家园 满五年唯一两居室 诚心出售,309万,45322元/平,中楼层 (共7层) | 2001年建 | 2室1厅 | 68.18平米 | 东 西,https://ke-image.ljcdn.com/110000-inspection/2806c68b-f44c-43c2-b828-3131a16eb5ee_1000.jpg!m_fill,w_280,h_210,f_jpg?from=ke.com
20230615,丰台,花乡,101116962901,南四环 花乡 天伦锦城 正规一居室 满五年 全明格局房主自荐,268万,41162元/平,中楼层 (共20层) 1室1厅 | 65.11平米 | 北,https://ke-image.ljcdn.com/110000-inspection/f879f7bc-8896-43b3-9d53-367bbd8b3be8_1000.jpg!m_fill,w_280,h_210,f_jpg?from=ke.com
20230615,丰台,花乡,101116920021,南四环 近19号线 天伦锦城2010年建成,300万,48670元/平,高楼层 (共20层) 1室1厅 | 61.64平米 | 西,https://ke-image.ljcdn.com/110000-inspection/841c6134-f869-4ec1-be6b-d342609669d4_1000.jpg!m_fill,w_280,h_210,f_jpg?from=ke.com
20230615,丰台,花乡,101116894824,丰台区花乡银地家园南北通透大两居人车分流可看,498万,47583元/平,底层 (共10层) | 2002年建 | 2室1厅 | 104.66平米 | 南 北,https://ke-image.ljcdn.com/110000-inspection/59062056-9678-45a2-9c5c-bec7f9c23380_1000.jpg!m_fill,w_280,h_210,f_jpg?from=ke.com
20230615,丰台,花乡,101116876226,南四环 银地家园 电梯房 集中供暖 满五唯一,205万,44440元/平,中楼层 (共13层) | 2004年建 | 1室0厅 | 46.13平米 | 西,https://ke-image.ljcdn.com/110000-inspection/b943a50b-db8b-4b62-b08d-a2277770e44e_1000.jpg!m_fill,w_280,h_210,f_jpg?from=ke.com
20230615,丰台,花乡,101116840221,花乡南四环银地家园大两居满五唯一户型好中间层。,490万,44570元/平,中楼层 (共7层) | 2002年建 | 2室2厅 | 109.94平米 | 南 北,https://ke-image.ljcdn.com/110000-inspection/pc1_R4Bjhe8eA_2.jpg!m_fill,w_280,h_210,f_jpg?from=ke.com
20230615,丰台,花乡,101116755553,新发地一锦程园电梯一居室满五年,335万,44691元/平,低楼层 (共20层) 1室1厅 | 74.96平米 | 西北,https://ke-image.ljcdn.com/110000-inspection/8fe25ce1-3a30-46e0-94a7-1827210ca8f4_1000.jpg!m_fill,w_280,h_210,f_jpg?from=ke.com
20230615,丰台,花乡,101116654752,天伦锦城北向开间 2010年商品房 板楼户型,228万,46126元/平,中楼层 (共20层) | 2010年建 | 1室1厅 | 49.43平米 | 北,https://ke-image.ljcdn.com/110000-inspection/6c5f912c-e7e6-43d5-bfb0-2f86b782a6ec_1000.jpg!m_fill,w_280,h_210,f_jpg?from=ke.com
20230615,丰台,花乡,101116614754,南四环天伦锦城电梯房大两居,438万,41858元/平,中楼层 (共20层) 2室1厅 | 104.64平米 | 西,https://ke-image.ljcdn.com/110000-inspection/pc1_YzoZpooq5.jpg!m_fill,w_280,h_210,f_jpg?from=ke.com
20230615,丰台,花乡,101116521231,天伦锦城 高楼层 带电梯 诚心出售,226万,45722元/平,低楼层 (共20层) | 2010年建 | 1室1厅 | 49.43平米 | 北,https://ke-image.ljcdn.com/110000-inspection/pc1_IVyhUiUnJ.jpg!m_fill,w_280,h_210,f_jpg?from=ke.com
20230615,丰台,花乡,101116508876,近地铁南北双通透  看房方便  业主诚心出售,448万,49492元/平,低楼层 (共10层) | 2006年建 | 2室1厅 | 90.52平米 | 南 北,https://ke-image.ljcdn.com/110000-inspection/pc1_58KC5zOnJ.jpg!m_fill,w_280,h_210,f_jpg?from=ke.com
20230615,丰台,花乡,101116498449,花乡 天伦锦城 电梯板楼 不临街 南北两居满五年唯一,460万,48631元/平,低楼层 (共13层) | 2004年建 | 2室1厅 | 94.59平米 | 南 北,https://ke-image.ljcdn.com/110000-inspection/pc1_yRYH65WRr.jpg!m_fill,w_280,h_210,f_jpg?from=ke.com
20230615,丰台,花乡,101116497559,南四环银地家园 带电梯小户型 诚心出售 满五年唯一房主自荐,240万,53275元/平,中楼层 (共13层) | 2004年建 | 1室0厅 | 45.05平米 | 东,https://ke-image.ljcdn.com/110000-inspection/c05d2bf4-dc60-4998-a3f6-84a22d3fc7b9_1000.jpg!m_fill,w_280,h_210,f_jpg?from=ke.com
20230615,丰台,花乡,101116492423,西红门新宫期颐百年南北通透3居小区中间位置！,546万,48978元/平,低楼层 (共9层) 3室1厅 | 111.48平米 | 南 北,https://ke-image.ljcdn.com/110000-inspection/pc1_WzRMnZz2h.jpg!m_fill,w_280,h_210,f_jpg?from=ke.com
20230615,丰台,花乡,101116408501,南四环 天伦锦城 三居室 满五唯一 次顶层,635万,49922元/平,高楼层 (共11层) | 2006年建 | 3室2厅 | 127.2平米 | 东南 北,https://ke-image.ljcdn.com/110000-inspection/pc1_BjPNB7FXh_2.jpg!m_fill,w_280,h_210,f_jpg?from=ke.com
20230615,丰台,花乡,101116374966,银地家园满五唯一纯南向业主诚心出售。,468万,50464元/平,低楼层 (共16层) | 2005年建 | 2室1厅 | 92.74平米 | 南,https://ke-image.ljcdn.com/110000-inspection/05013a56-3bde-4519-b5c0-535cf50be11e_1000.jpg!m_fill,w_280,h_210,f_jpg?from=ke.com
20230615,丰台,花乡,101116354296,地铁19号线新发地站花乡精装大一居业主诚心出售,275万,43520元/平,顶层 (共20层) | 2007年建 | 1室1厅 | 63.19平米 | 北,https://ke-image.ljcdn.com/110000-inspection/faebfb44-1e6f-4705-98fe-07fefeac652d_1000.jpg!m_fill,w_280,h_210,f_jpg?from=ke.com
20230615,丰台,花乡,101116263391,花乡 新宫 公益西桥 板楼南北两居室,399万,44832元/平,顶层 (共6层) | 2002年建 | 2室2厅 | 89平米 | 南 北,https://ke-image.ljcdn.com/110000-inspection/4d59dacb-1eef-44be-aa28-269496c9f788_1000.jpg!m_fill,w_280,h_210,f_jpg?from=ke.com
20230615,丰台,花乡,101116235573,天伦锦城 南四环 近地铁19号线,550万,49756元/平,高楼层 (共12层) 2室1厅 | 110.54平米 | 南 北,https://ke-image.ljcdn.com/110000-inspection/5f57f999-9567-4508-8b62-ad99794f723e_1000.jpg!m_fill,w_280,h_210,f_jpg?from=ke.com
20230615,丰台,花乡,101116195683,南四环 银地家园 复式 满五年唯一 商品房,430万,39202元/平,高楼层 (共7层) 4室2厅 | 109.69平米 | 东 西,https://ke-image.ljcdn.com/110000-inspection/pc1_WozTs9ota.jpg!m_fill,w_280,h_210,f_jpg?from=ke.com
20230615,丰台,花乡,101116194215,花乡 科技园 南四环 电梯板楼一居室房主自荐,307万,53410元/平,中楼层 (共12层) 1室1厅 | 57.48平米 | 西北,https://ke-image.ljcdn.com/110000-inspection/pc1_vF6mMOdwn_2.jpg!m_fill,w_280,h_210,f_jpg?from=ke.com
20230615,丰台,花乡,101116187904,宜兰园三区 2室1厅 南 北,400万,43044元/平,顶层 (共15层) | 2011年建 | 2室1厅 | 92.93平米 | 南 北,https://ke-image.ljcdn.com/110000-inspection/4912f8ab-5512-4388-a4a1-d3d646db1c14_1000.jpg!m_fill,w_280,h_210,f_jpg?from=ke.com
20230615,丰台,花乡,101116117768,银地家园 3室1厅 南 北,430万,50458元/平,底层 (共7层) | 1999年建 | 3室1厅 | 85.22平米 | 南 北,https://ke-image.ljcdn.com/110000-inspection/026dcccd-1a17-4f31-97c9-c101659a216b_1000.jpg!m_fill,w_280,h_210,f_jpg?from=ke.com
20230615,丰台,花乡,101116092451,银地家园精装南北三居明厨明卫！,550万,49200元/平,中楼层 (共6层) | 2002年建 | 3室1厅 | 111.79平米 | 南 北,https://ke-image.ljcdn.com/110000-inspection/40fce58c-c9a1-4856-9285-0d8a524883b2_1000.jpg!m_fill,w_280,h_210,f_jpg?from=ke.com
20230615,丰台,花乡,101116028303,南北通透两居室满五年唯一商品房环境好出行便利,398万,44619元/平,顶层 (共6层) | 2002年建 | 2室1厅 | 89.2平米 | 南 北,https://ke-image.ljcdn.com/110000-inspection/prod-1e486fbc-be7c-4d56-bee8-2d2105db0dd4.jpg!m_fill,w_280,h_210,f_jpg?from=ke.com
20230615,丰台,花乡,101115946233,南四环风格与林苑电梯复式南北通透。,1085万,55397元/平,顶层 (共7层) | 2004年建 | 5室2厅 | 195.86平米 | 南 北,https://ke-image.ljcdn.com/110000-inspection/86cb5fd6-73c1-40a5-9058-f2a746b33e5d_1000.jpg!m_fill,w_280,h_210,f_jpg?from=ke.com
20230615,丰台,花乡,101115923643,花乡、新发地、新宫宜兰园小区商品房南北两居,405万,44277元/平,高楼层 (共6层) 2室1厅 | 91.47平米 | 南 北,https://ke-image.ljcdn.com/110000-inspection/f4fe5c19-ca7e-41e7-a2c3-6472a682feba_1000.jpg!m_fill,w_280,h_210,f_jpg?from=ke.com
20230615,丰台,花乡,101115922660,宜兰园三区南北通透两居室满二年集中供暖房主自荐,446万,47604元/平,中楼层 (共6层) | 2009年建 | 2室2厅 | 93.69平米 | 南 北,https://ke-image.ljcdn.com/110000-inspection/6ef1121e-4e67-47d2-bc90-882f97ef18d3_1000.jpg!m_fill,w_280,h_210,f_jpg?from=ke.com
20230615,丰台,花乡,101115843751,南四环天伦锦城大两居 2007年建成 满五年唯一  视野好,465万,44439元/平,中楼层 (共20层) | 2007年建 | 2室1厅 | 104.64平米 | 西,https://ke-image.ljcdn.com/110000-inspection/8ea64621-1da3-413c-be56-17190a97b661_1000.jpg!m_fill,w_280,h_210,f_jpg?from=ke.com
20230615,丰台,花乡,101115607992,花乡公益西桥新宫风格与林苑南北向三居室满五年,899万,49342元/平,中楼层 (共4层) | 2005年建 | 3室1厅 | 182.2平米 | 南 北,https://ke-image.ljcdn.com/110000-inspection/20962fc7-4d44-4fd9-8ece-90e31430412f_1000.jpg!m_fill,w_280,h_210,f_jpg?from=ke.com
20230615,丰台,花乡,101115563790,南四环满五唯一银地家园朝东开间,200万,47048元/平,中楼层 (共13层) | 2004年建 | 1室0厅 | 42.51平米 | 东,https://ke-image.ljcdn.com/110000-inspection/fa7de03b-b3b0-4f9e-a672-9d64257d1eb0_1000.jpg!m_fill,w_280,h_210,f_jpg?from=ke.com
20230615,丰台,花乡,101115352760,电梯房房龄新南北通透小区环境好停车方便,415万,49689元/平,高楼层 (共9层) | 2011年建 | 2室1厅 | 83.52平米 | 南 北,https://ke-image.ljcdn.com/110000-inspection/9d61cb0f-d426-4fb0-8c43-97b902f43011_1000.jpg!m_fill,w_280,h_210,f_jpg?from=ke.com
20230615,丰台,花乡,101115220464,南四环银地家园带电梯小户型 满五年唯一精装修好楼层,217万,52441元/平,高楼层 (共13层) 1室0厅 | 41.38平米 | 北,https://ke-image.ljcdn.com/110000-inspection/a6ab3ce2-e8fc-4f88-b4b1-0aebf760caaf_1000.jpg!m_fill,w_280,h_210,f_jpg?from=ke.com
20230615,丰台,花乡,101115140295,银地家园东西通透两居室满五唯一,306万,44882元/平,中楼层 (共7层) | 2001年建 | 2室1厅 | 68.18平米 | 东 西,https://ke-image.ljcdn.com/110000-inspection/483cd6e2-16e3-4ec3-ad8a-5081c3b15fbd_1000.jpg!m_fill,w_280,h_210,f_jpg?from=ke.com
20230615,丰台,花乡,101115105105,花乡 天伦锦城 边户型 三面采光 大三居,625万,43479元/平,顶层 (共12层) | 2010年建 | 3室1厅 | 143.75平米 | 西 南 北,https://ke-image.ljcdn.com/110000-inspection/44fdf422-5fcd-46d5-a917-7fadf69fc499_1000.jpg!m_fill,w_280,h_210,f_jpg?from=ke.com
20230615,丰台,花乡,101115105028,天伦锦城 2室1厅 南 北,500万,45233元/平,顶层 (共12层) | 2010年建 | 2室1厅 | 110.54平米 | 南 北,https://ke-image.ljcdn.com/110000-inspection/pc1_4YbqsL146.jpg!m_fill,w_280,h_210,f_jpg?from=ke.com
20230615,丰台,花乡,101115081145,南四环边上银地家园南北两居只交契税,330万,49394元/平,底层 (共7层) | 2001年建 | 2室1厅 | 66.81平米 | 南 北,https://ke-image.ljcdn.com/110000-inspection/021543f1-d855-4835-8c24-82b84dd0faed_1000.jpg!m_fill,w_280,h_210,f_jpg?from=ke.com
20230615,丰台,花乡,101114961623,花乡新发地银地家园大三居带电梯户型好,515万,33083元/平,低楼层 (共13层) 3室1厅 | 155.67平米 | 西,https://ke-image.ljcdn.com/110000-inspection/dce36597-5e7d-49a3-8f84-c9cce949b8a3_1000.jpg!m_fill,w_280,h_210,f_jpg?from=ke.com
20230615,丰台,花乡,101114909775,南四环外花乡南北通透两居电梯板楼房主自荐,449万,49934元/平,低楼层 (共11层) | 2006年建 | 2室1厅 | 89.92平米 | 南 北,https://ke-image.ljcdn.com/110000-inspection/e68ef7ac-a012-488c-93c2-220c767a82dd_1000.jpg!m_fill,w_280,h_210,f_jpg?from=ke.com
20230615,丰台,花乡,101114900396,银地家园B区 正规一居室 看房方便,289万,47448元/平,底层 (共16层) | 2005年建 | 1室1厅 | 60.91平米 | 东,https://ke-image.ljcdn.com/110000-inspection/2f6677fe-39fb-42ac-b016-45e829270f8a_1000.jpg!m_fill,w_280,h_210,f_jpg?from=ke.com
20230615,丰台,花乡,101114828374,期颐百年   东北一居  满五年,278万,40302元/平,底层 (共9层) | 2011年建 | 1室1厅 | 68.98平米 | 东北,https://ke-image.ljcdn.com/110000-inspection/13f71d04-8143-4146-b0a0-2c143fef8685_1000.jpg!m_fill,w_280,h_210,f_jpg?from=ke.com
20230615,丰台,花乡,101114823197,纯南朝向精装修商品房房龄新2009年建成,202万,51795元/平,顶层 (共6层) | 2009年建 | 1室1厅 | 39平米 | 南,https://ke-image.ljcdn.com/110000-inspection/88234935-28b1-4804-bb93-4debd8cd4ce7_1000.jpg!m_fill,w_280,h_210,f_jpg?from=ke.com
20230615,丰台,花乡,101114678370,花乡 南四环 天伦锦城正规一居室 集中供暖 满五唯一,275万,45553元/平,低楼层 (共13层) | 2004年建 | 1室1厅 | 60.37平米 | 西,https://ke-image.ljcdn.com/110000-inspection/581f2e0b-17ee-4941-bb76-c3de5641b444_1000.jpg!m_fill,w_280,h_210,f_jpg?from=ke.com
20230615,丰台,花乡,101114653209,南四环 银地家园 两居室 中间楼层 集中供暖,303万,44442元/平,中楼层 (共7层) | 2001年建 | 2室1厅 | 68.18平米 | 东 西,https://ke-image.ljcdn.com/110000-inspection/prod-80d18e34-6ef5-47e2-a498-1c91bfd3143c.png!m_fill,w_280,h_210,f_jpg?from=ke.com
20230615,丰台,花乡,101114635790,银地家园东西向两居室商品房 高楼层采光好房主自荐,325万,47668元/平,中楼层 (共7层) | 2001年建 | 2室1厅 | 68.18平米 | 东 西,https://ke-image.ljcdn.com/110000-inspection/e8388bd8-c69b-4eec-9878-6f081d36721a_1000.jpg!m_fill,w_280,h_210,f_jpg?from=ke.com
20230615,丰台,花乡,101114614797,南四环银地家园 南向 小区人车分流  满五年 精装修,300万,52003元/平,低楼层 (共15层) | 2002年建 | 1室1厅 | 57.69平米 | 南,https://ke-image.ljcdn.com/110000-inspection/9064d83c-4958-4101-b59a-df935ebe3f82_1000.jpg!m_fill,w_280,h_210,f_jpg?from=ke.com
20230615,丰台,花乡,101114599516,丰台区花乡 银地家园 正规一居室东西通透,320万,46163元/平,低楼层 (共14层) 1室1厅 | 69.32平米 | 东 西,https://ke-image.ljcdn.com/110000-inspection/961e3dd9-fb1b-403d-b452-381336b2f85b_1000.jpg!m_fill,w_280,h_210,f_jpg?from=ke.com
20230615,丰台,花乡,101114559585,南四环 宜兰园三区  南北三居 集中供暖,595万,44209元/平,顶层 (共6层) | 2009年建 | 3室2厅 | 134.59平米 | 南 北,https://ke-image.ljcdn.com/110000-inspection/b4436a99-ecbc-4f36-a494-db5c4309c377_1000.jpg!m_fill,w_280,h_210,f_jpg?from=ke.com
20230615,丰台,花乡,101114530650,丰台区 花乡 天伦锦城 正规大两居 南北通透 满五唯一,479万,43769元/平,顶层 (共12层) 2室2厅 | 109.44平米 | 南 北,https://ke-image.ljcdn.com/110000-inspection/e7783be2-7ec3-47f9-8537-5678f07517c6_1000.jpg!m_fill,w_280,h_210,f_jpg?from=ke.com
20230615,丰台,花乡,101114521639,银地家园板楼全南向一居室业主诚售,280万,48536元/平,中楼层 (共15层) | 2002年建 | 1室0厅 | 57.69平米 | 南,https://ke-image.ljcdn.com/110000-inspection/1663d422-5f46-473b-8cf7-9050cdb634b5_1000.jpg!m_fill,w_280,h_210,f_jpg?from=ke.com
20230615,丰台,花乡,101114492078,南四环 银地家园南向开间 满五年唯一,215万,47853元/平,高楼层 (共13层) 1室0厅 | 44.93平米 | 南,https://ke-image.ljcdn.com/110000-inspection/3b359200-f911-4cbc-8442-77d3b32aa0c2_1000.jpg!m_fill,w_280,h_210,f_jpg?from=ke.com
20230615,丰台,花乡,101114490233,近地铁  东北一居  满五年 诚心出售,348万,46425元/平,中楼层 (共20层) | 2007年建 | 1室1厅 | 74.96平米 | 东北,https://ke-image.ljcdn.com/110000-inspection/3f26946a-5d06-4983-9b7b-4e5012432d5d_1000.jpg!m_fill,w_280,h_210,f_jpg?from=ke.com
20230615,丰台,花乡,101114429071,宜兰园精装南北三居诚心出售！,550万,48514元/平,顶层 (共6层) | 2002年建 | 3室2厅 | 113.37平米 | 南 北,https://ke-image.ljcdn.com/110000-inspection/47d0beac-4613-46f1-aeb4-5820c5cf7004_1000.jpg!m_fill,w_280,h_210,f_jpg?from=ke.com
20230615,丰台,花乡,101114413381,南四环 花乡 新发地银地家园 上下两层,448万,38128元/平,高楼层 (共7层) | 2001年建 | 3室2厅 | 117.5平米 | 南 北,https://ke-image.ljcdn.com/110000-inspection/a37521ec-3616-401d-a9ea-d9607681e2fd_1000.jpg!m_fill,w_280,h_210,f_jpg?from=ke.com
20230615,丰台,花乡,101114353851,天伦锦城 大面积一居室 户型方正房主自荐,450万,50625元/平,底层 (共20层) 1室1厅 | 88.89平米 | 南,https://ke-image.ljcdn.com/110000-inspection/f7e33a20-535a-4394-b7bf-d10be1125684_1000.jpg!m_fill,w_280,h_210,f_jpg?from=ke.com
20230615,丰台,花乡,101114348450,花乡 新发地 期颐百年 正规电梯一居 全明格局,270万,41228元/平,中楼层 (共9层) | 2011年建 | 1室1厅 | 65.49平米 | 西,https://ke-image.ljcdn.com/110000-inspection/ef3ac70e-e9ae-4a57-8960-da2b934793e4_1000.jpg!m_fill,w_280,h_210,f_jpg?from=ke.com
20230615,丰台,花乡,101114323070,期颐百年正规南向一居室 中间楼层 诚意出售,265万,45872元/平,中楼层 (共9层) | 2011年建 | 1室1厅 | 57.77平米 | 南,https://ke-image.ljcdn.com/110000-inspection/d694ad08-3ae9-4ace-9ed3-422333ba0854_1000.jpg!m_fill,w_280,h_210,f_jpg?from=ke.com
20230615,丰台,花乡,101114309325,花乡 新发地 近地铁 电梯房 满五唯一 商品房房主自荐,188万,43140元/平,高楼层 (共13层) | 2004年建 | 1室1厅 | 43.58平米 | 北,https://ke-image.ljcdn.com/110000-inspection/32f1b8ca-cd49-4c43-b0b0-920ec1359e98_1000.jpg!m_fill,w_280,h_210,f_jpg?from=ke.com
20230615,丰台,花乡,101114274062,花乡新宫公益西桥银地家园朝西开间满五年精装修房主自荐,199万,43139元/平,顶层 (共13层) | 2004年建 | 1室0厅 | 46.13平米 | 西,https://ke-image.ljcdn.com/110000-inspection/8e8d1d61-d353-4467-88b9-0befebb3e018_1000.jpg!m_fill,w_280,h_210,f_jpg?from=ke.com
20230615,丰台,花乡,101114073511,银地家园满五年唯一南北通透小两居中间楼层,345万,51694元/平,中楼层 (共7层) | 2001年建 | 2室1厅 | 66.74平米 | 南 北,https://ke-image.ljcdn.com/110000-inspection/189d6783-4144-44a3-89bb-ced830e2fae1_1000.jpg!m_fill,w_280,h_210,f_jpg?from=ke.com
20230615,丰台,花乡,101114073451,南四环银地家园 南北通透两居室 满五年唯一 诚心出售,328万,48293元/平,底层 (共7层) | 2000年建 | 2室1厅 | 67.92平米 | 南 北,https://ke-image.ljcdn.com/110000-inspection/0b750d68-0b7b-4a56-9fb8-adafa2b41c77_1000.jpg!m_fill,w_280,h_210,f_jpg?from=ke.com
20230615,丰台,花乡,101114059576,花乡南四环天伦锦城全拿开间满五唯一中间楼层出售,248万,51992元/平,中楼层 (共20层) | 2007年建 | 1室0厅 | 47.7平米 | 南,https://ke-image.ljcdn.com/110000-inspection/5d0adb02-588f-4ca5-86c9-903cef99c927_1000.jpg!m_fill,w_280,h_210,f_jpg?from=ke.com
20230615,丰台,花乡,101113948131,银地家园 南四环外 19号沿线房 满五唯一,560万,38579元/平,低楼层 (共13层) | 2004年建 | 3室1厅 | 145.16平米 | 东南,https://ke-image.ljcdn.com/110000-inspection/dfca0998-aaf3-479e-ba00-a62775d0d995_1000.jpg!m_fill,w_280,h_210,f_jpg?from=ke.com
20230615,丰台,花乡,101113926263,银地家园复式格局南北通透精装修业主诚心出售,427万,36341元/平,高楼层 (共7层) | 2001年建 | 4室2厅 | 117.5平米 | 南 北,https://ke-image.ljcdn.com/110000-inspection/23eb3105-fd05-40f8-8dec-bcbf13d6a5e7_1000.jpg!m_fill,w_280,h_210,f_jpg?from=ke.com
20230615,丰台,花乡,101113839323,花乡 新发地 期颐百年精装一居 落地阳台,280万,42958元/平,中楼层 (共9层) | 2010年建 | 1室1厅 | 65.18平米 | 西北,https://ke-image.ljcdn.com/110000-inspection/06194cb4-eb48-4e06-a412-9e52fe18f3cc_1000.jpg!m_fill,w_280,h_210,f_jpg?from=ke.com
20230615,丰台,花乡,101113732032,南四环花乡 南北三居室 满五唯一 诚心出售,590万,47797元/平,低楼层 (共13层) 3室1厅 | 123.44平米 | 南 北,https://ke-image.ljcdn.com/110000-inspection/0798234c-3549-4b80-a6d0-bf08d96de0d5_1000.jpg!m_fill,w_280,h_210,f_jpg?from=ke.com
20230615,丰台,花乡,101113697762,南北通透两居室满五年唯一采光充足,350万,48632元/平,中楼层 (共7层) | 1999年建 | 2室1厅 | 71.97平米 | 南 北,https://ke-image.ljcdn.com/110000-inspection/839492b1-a50b-4bf2-a241-2a075576ba2b_1000.jpg!m_fill,w_280,h_210,f_jpg?from=ke.com
20230615,丰台,花乡,101113652308,南四环花乡宜兰园三区正规南北一居室,375万,48595元/平,高楼层 (共6层) | 2009年建 | 1室1厅 | 77.17平米 | 南 北,https://ke-image.ljcdn.com/110000-inspection/fa9e166e-13b5-4a9b-acb3-1b913689296d_1000.jpg!m_fill,w_280,h_210,f_jpg?from=ke.com
20230615,丰台,花乡,101113491266,新发地锦程园电梯两居室满五年集中供暖房主自荐,408万,48752元/平,中楼层 (共13层) | 2005年建 | 2室1厅 | 83.69平米 | 东,https://ke-image.ljcdn.com/110000-inspection/04e7dc46-38d3-4b8c-b3c2-30c54cb7a079_1000.jpg!m_fill,w_280,h_210,f_jpg?from=ke.com
20230615,丰台,花乡,101113203553,银地家园全南开间满五年电梯房集中供暖房主自荐,239万,46992元/平,顶层 (共13层) | 2004年建 | 1室1厅 | 50.86平米 | 南,https://ke-image.ljcdn.com/110000-inspection/3218a2ce-0651-4d81-81f0-5151cfc91566_1000.jpg!m_fill,w_280,h_210,f_jpg?from=ke.com
20230615,丰台,花乡,101112491225,银地家园南北三居 精装修客厅挑高,620万,50366元/平,低楼层 (共14层) | 2005年建 | 3室2厅 | 123.1平米 | 南 北,https://ke-image.ljcdn.com/110000-inspection/prod-ad9a47fd-0975-4f3e-9add-8a65ba571191.jpg!m_fill,w_280,h_210,f_jpg?from=ke.com
20230615,丰台,花乡,101112044432,银地家园电梯开间朝西户型新发地商圈,188万,42592元/平,高楼层 (共13层) | 2004年建 | 1室0厅 | 44.14平米 | 西,https://ke-image.ljcdn.com/110000-inspection/382f0f00-f014-47e0-85e2-020d58512c7f_1000.jpg!m_fill,w_280,h_210,f_jpg?from=ke.com
20230615,丰台,花乡,101111774844,花乡 天伦锦城小户型商品房出售,225万,55121元/平,低楼层 (共20层) 1室0厅 | 40.82平米 | 北,https://ke-image.ljcdn.com/110000-inspection/pc1_nDZ5nGFba_1.jpg!m_fill,w_280,h_210,f_jpg?from=ke.com
20230615,丰台,花乡,101111492465,银地家园 满五唯一 南北通透,430万,39003元/平,高楼层 (共7层) | 2001年建 | 4室1厅 | 110.25平米 | 南 北,https://ke-image.ljcdn.com/110000-inspection/3d85f10e-c8f6-46a7-88b4-fc9058251d01_1000.jpg!m_fill,w_280,h_210,f_jpg?from=ke.com
20230615,丰台,花乡,101111354303,花乡天伦锦城两居室三个落地阳台,435万,47630元/平,低楼层 (共9层) | 2003年建 | 2室1厅 | 91.33平米 | 南 北,https://ke-image.ljcdn.com/110000-inspection/47cb8e38-5158-4c3b-a99d-5a2207567e96_1000.jpg!m_fill,w_280,h_210,f_jpg?from=ke.com
20230615,丰台,花乡,101111257285,南四环花乡新发地大三居东西通透房主自荐,570万,43702元/平,顶层 (共13层) | 2005年建 | 3室1厅 | 130.43平米 | 东 西,https://ke-image.ljcdn.com/110000-inspection/pc1_p0IpJHa8U_1.jpg!m_fill,w_280,h_210,f_jpg?from=ke.com
20230615,丰台,花乡,101110705496,银地家园南北通透两居室格局方正采光好,330万,47551元/平,中楼层 (共7层) | 1999年建 | 2室1厅 | 69.4平米 | 南 北,https://ke-image.ljcdn.com/110000-inspection/pc1_1uGrzT0ml_1.jpg!m_fill,w_280,h_210,f_jpg?from=ke.com
20230615,丰台,花乡,101110439385,花乡、新宫、新发地南北一居楼层好视野好无遮挡,320万,53539元/平,高楼层 (共11层) 1室1厅 | 59.77平米 | 南 北,https://ke-image.ljcdn.com/110000-inspection/1c4ebc35-a610-4378-bfd8-3c53d287e8e5_1000.jpg!m_fill,w_280,h_210,f_jpg?from=ke.com
20230615,丰台,花乡,101110404324,银地家园电梯房精装修南向业主诚售,248万,48762元/平,中楼层 (共13层) 1室0厅 | 50.86平米 | 南,https://ke-image.ljcdn.com/110000-inspection/pc1_QrJQpdz73_1.jpg!m_fill,w_280,h_210,f_jpg?from=ke.com
20230615,丰台,花乡,101110204657,丰台区银地家园南北通透两居诚心出售！,528万,54653元/平,中楼层 (共16层) | 2002年建 | 2室1厅 | 96.61平米 | 南 北,https://ke-image.ljcdn.com/110000-inspection/pc1_a2hrozLOO_1.jpg!m_fill,w_280,h_210,f_jpg?from=ke.com
20230615,丰台,花乡,101110061085,银地家园南北向三居室客厅3.7米挑高厅满五年,635万,52281元/平,中楼层 (共12层) | 2005年建 | 3室2厅 | 121.46平米 | 南 北,https://ke-image.ljcdn.com/110000-inspection/e397dfbd-2819-4d8c-adab-06fadadd5b7b_1000.jpg!m_fill,w_280,h_210,f_jpg?from=ke.com
20230615,丰台,花乡,101107636590,银地家园四居室两居 满五年唯一 中间位置户型少,790万,51087元/平,中楼层 (共16层) | 2002年建 | 4室1厅 | 154.64平米 | 西南 北,https://ke-image.ljcdn.com/110000-inspection/6316895f-6d67-43f6-a958-bf5dde6dd006_1000.jpg!m_fill,w_280,h_210,f_jpg?from=ke.com
20230615,丰台,花乡,101105019975,南四环期颐百年正规一居室随时看房房主自荐,290万,44452元/平,底层 (共9层) | 2012年建 | 1室1厅 | 65.24平米 | 西北,https://ke-image.ljcdn.com/110000-inspection/prod-ad858e87-fd84-430a-9a46-f7ff8a6dd86b.jpg!m_fill,w_280,h_210,f_jpg?from=ke.com
20230615,丰台,花乡,101119685486,南四环 宜兰园 小区安静 精装修南北通透两居 诚心出售新上,450万,50449元/平,中楼层 (共6层) | 2002年建 | 2室1厅 | 89.2平米 | 南 北,https://ke-image.ljcdn.com/110000-inspection/bdeab780-b2d3-47db-8e1d-fa39873d9a07_1000.jpg!m_fill,w_280,h_210,f_jpg?from=ke.com
20230615,丰台,花乡,101119515941,南四环银地家园满五唯一商品房集中供暖有产权车位出售,410万,50850元/平,顶层 (共12层) | 2002年建 | 2室1厅 | 80.63平米 | 东北,https://ke-image.ljcdn.com/110000-inspection/8c28ccfe-617b-4f98-9d4f-241c19eec1c2_1000.jpg!m_fill,w_280,h_210,f_jpg?from=ke.com
20230615,丰台,花乡,101119497929,南四环天伦锦城电梯房朝东一居室,265万,42992元/平,顶层 (共20层) | 2007年建 | 1室1厅 | 61.64平米 | 东,https://ke-image.ljcdn.com/110000-inspection/8fbfb2c0-b331-49e1-bee5-c8e68c14f541_1000.jpg!m_fill,w_280,h_210,f_jpg?from=ke.com
20230615,丰台,花乡,101119357064,银地家园 1室0厅 西,220万,50915元/平,中楼层 (共13层) | 2004年建 | 1室0厅 | 43.21平米 | 西,https://ke-image.ljcdn.com/110000-inspection/1cd53047-83da-4401-83a0-d417fe800aad_1000.jpg!m_fill,w_280,h_210,f_jpg?from=ke.com
20230615,丰台,花乡,101119227643,南四环地铁19号线人车分流银地家园电梯房,310万,45210元/平,中楼层 (共9层) | 2005年建 | 1室1厅 | 68.57平米 | 西,https://ke-image.ljcdn.com/110000-inspection/06837a33-0932-489c-bd15-8959b692d4dd_1000.jpg!m_fill,w_280,h_210,f_jpg?from=ke.com
20230615,丰台,花乡,101119076151,银地家园 1室0厅 西,210万,46615元/平,顶层 (共13层) | 2004年建 | 1室0厅 | 45.05平米 | 西,https://ke-image.ljcdn.com/110000-inspection/784a8b80-fe45-4e52-8815-a09dc93eb8b6_1000.jpg!m_fill,w_280,h_210,f_jpg?from=ke.com
20230615,丰台,花乡,101119071036,风格与林苑 4室2厅 南 北,1380万,77603元/平,中楼层 (共4层) 4室2厅 | 177.83平米 | 南 北,https://ke-image.ljcdn.com/110000-inspection/97418d30-2419-4371-a7bc-92d93f0f5003_1000.jpg!m_fill,w_280,h_210,f_jpg?from=ke.com
20230615,丰台,花乡,101118995841,天伦锦城 2室1厅 南 西 北,408万,53285元/平,中楼层 (共13层) | 2004年建 | 2室1厅 | 76.57平米 | 南 西 北,https://ke-image.ljcdn.com/110000-inspection/50742011-97d0-4ddb-a630-23614f02bd7e_1000.jpg!m_fill,w_280,h_210,f_jpg?from=ke.com
20230615,丰台,花乡,101118835698,顶层复式东西通透满五唯一看房方便,430万,38697元/平,高楼层 (共7层) | 2001年建 | 4室2厅 | 111.12平米 | 东 西,https://ke-image.ljcdn.com/110000-inspection/85c7363e-6293-4e00-bdc9-fbf349ebab32_1000.jpg!m_fill,w_280,h_210,f_jpg?from=ke.com
20230615,丰台,花乡,101118829528,别墅社区人工湖叠拼户型小区环境宜人,900万,50483元/平,中楼层 (共4层) | 2004年建 | 3室2厅 | 178.28平米 | 南 北,https://ke-image.ljcdn.com/110000-inspection/7d63eb6b-a649-4315-ac75-760145319889_1000.jpg!m_fill,w_280,h_210,f_jpg?from=ke.com
20230615,丰台,花乡,101118822154,银地家园南北复式四居室满五年集中供暖,428万,38297元/平,高楼层 (共7层) 4室2厅 | 111.76平米 | 南 北,https://ke-image.ljcdn.com/110000-inspection/6a29f4af-0d99-452f-985e-c6f8e9307e85_1000.jpg!m_fill,w_280,h_210,f_jpg?from=ke.com
20230615,丰台,花乡,101118736761,南四环 花乡 天伦锦城 满五年东向一居室 精装修中楼层房主自荐,290万,46987元/平,中楼层 (共20层) | 2007年建 | 1室1厅 | 61.72平米 | 东,https://ke-image.ljcdn.com/110000-inspection/64edc9bd-938a-4994-b108-69e9776db33e_1000.jpg!m_fill,w_280,h_210,f_jpg?from=ke.com
20230615,丰台,花乡,101118691572,宜兰园南北通透满五唯一正规一居室房主自荐,320万,50553元/平,中楼层 (共6层) | 2002年建 | 1室1厅 | 63.3平米 | 南 北 西,https://ke-image.ljcdn.com/110000-inspection/c519f6d5-c94b-4b2f-a094-52ce7d0d6916_1000.jpg!m_fill,w_280,h_210,f_jpg?from=ke.com
20230615,丰台,花乡,101118691197,南四环银地家园朝西开间地铁19号线,189万,42819元/平,中楼层 (共13层) | 2004年建 | 1室0厅 | 44.14平米 | 西,https://ke-image.ljcdn.com/110000-inspection/8e0b0412-81ac-449b-b70b-4064c6450018_1000.jpg!m_fill,w_280,h_210,f_jpg?from=ke.com
20230615,丰台,花乡,101118593899,银地家园满五唯一带电梯中间楼层诚心出售。,186万,49403元/平,中楼层 (共13层) | 2004年建 | 1室0厅 | 37.65平米 | 北,https://ke-image.ljcdn.com/110000-inspection/69654004-7567-44d6-8274-edadde20206e_1000.jpg!m_fill,w_280,h_210,f_jpg?from=ke.com
20230615,丰台,花乡,101118474948,南四环风格与林苑 低密度社区 电梯复式三居室明厨明卫,928万,56205元/平,高楼层 (共7层) | 2004年建 | 3室1厅 | 165.11平米 | 南 北,https://ke-image.ljcdn.com/110000-inspection/5d696a4a-74a3-4de0-9450-491657cb2fbd_1000.jpg!m_fill,w_280,h_210,f_jpg?from=ke.com
20230615,丰台,花乡,101118395482,宜兰园三区南北通透一居室中间层集中供暖,367万,47558元/平,中楼层 (共6层) | 2009年建 | 1室1厅 | 77.17平米 | 南 北,https://ke-image.ljcdn.com/110000-inspection/81d80623-2740-47fa-b5f1-b49088fb44e4_1000.jpg!m_fill,w_280,h_210,f_jpg?from=ke.com
20230615,丰台,花乡,101118376908,银地家园 2室2厅 南 北,486万,50306元/平,低楼层 (共16层) | 2002年建 | 2室2厅 | 96.61平米 | 南 北,https://ke-image.ljcdn.com/110000-inspection/pc1_56DaGFXxx_1.jpg!m_fill,w_280,h_210,f_jpg?from=ke.com
20230615,丰台,花乡,101118359926,新宫花乡公益西桥银地家园南北向四居室满五年,420万,38364元/平,高楼层 (共7层) 4室1厅 | 109.48平米 | 南 北,https://ke-image.ljcdn.com/110000-inspection/bb5cde54-c545-427f-8330-8bb431a25191_1000.jpg!m_fill,w_280,h_210,f_jpg?from=ke.com
20230615,丰台,花乡,101118280210,期颐百年一居室 电梯房 明厨明卫,256万,38894元/平,中楼层 (共9层) | 2012年建 | 1室1厅 | 65.82平米 | 东 北,https://ke-image.ljcdn.com/110000-inspection/825d0167-ac80-4510-a660-df15e01740da_1000.jpg!m_fill,w_280,h_210,f_jpg?from=ke.com
20230615,丰台,花乡,101118241899,银地家园 3室1厅 南 北,635万,53228元/平,低楼层 (共14层) 3室1厅 | 119.3平米 | 南 北,https://ke-image.ljcdn.com/110000-inspection/e62c2c35-7040-4002-ae5a-28d2806455a4_1000.jpg!m_fill,w_280,h_210,f_jpg?from=ke.com
20230615,丰台,花乡,101118233493,南四环 银地家园 电梯复式 集中供暖 满五年,760万,45158元/平,顶层 (共14层) | 2002年建 | 5室2厅 | 168.3平米 | 南 北,https://ke-image.ljcdn.com/110000-inspection/pc1_MlmJnwNgP_1.jpg!m_fill,w_280,h_210,f_jpg?from=ke.com
20230615,丰台,花乡,101118228871,天伦锦城 1室1厅 北,208万,50906元/平,中楼层 (共20层) | 2007年建 | 1室1厅 | 40.86平米 | 北,https://ke-image.ljcdn.com/110000-inspection/825470ea-2074-4e4a-a126-d7068eacd6cf_1000.jpg!m_fill,w_280,h_210,f_jpg?from=ke.com
20230615,丰台,花乡,101118132097,新发地天伦锦城南北通透两居室户型,470万,48954元/平,中楼层 (共12层) | 2010年建 | 2室1厅 | 96.01平米 | 南 北,https://ke-image.ljcdn.com/110000-inspection/a433c0ab-39f2-496b-af6c-1f9ab00204fe_1000.jpg!m_fill,w_280,h_210,f_jpg?from=ke.com
20230615,丰台,花乡,101118131397,银地家园 南北通透两居 丰台花乡,458万,48492元/平,中楼层 (共12层) | 2004年建 | 2室2厅 | 94.45平米 | 南 北,https://ke-image.ljcdn.com/110000-inspection/f241bf28-ce60-4cde-9547-602294a947b6_1000.jpg!m_fill,w_280,h_210,f_jpg?from=ke.com
20230615,丰台,花乡,101118120918,风格与林苑  近地铁  精装修  看房方便房主自荐,988万,57356元/平,中楼层 (共4层) | 2006年建 | 4室2厅 | 172.26平米 | 南 北,https://ke-image.ljcdn.com/110000-inspection/46437281-e924-462e-a6ee-555989cd07fc_1000.jpg!m_fill,w_280,h_210,f_jpg?from=ke.com
20230615,丰台,花乡,101118110592,天伦锦城南北通透电梯复式。,700万,47825元/平,顶层 (共9层) | 2003年建 | 3室2厅 | 146.37平米 | 南 北,https://ke-image.ljcdn.com/110000-inspection/8ae30bb8-bdcf-4f78-b2d6-df7f62ea07db_1000.jpg!m_fill,w_280,h_210,f_jpg?from=ke.com
20230615,丰台,花乡,101118106619,银地家园全明格局三居室精装修两年业主自住,668万,51932元/平,高楼层 (共15层) | 2002年建 | 3室1厅 | 128.63平米 | 南 西 北,https://ke-image.ljcdn.com/110000-inspection/pc1_64EFbK7zj_1.jpg!m_fill,w_280,h_210,f_jpg?from=ke.com
20230615,丰台,花乡,101118060425,低楼层两居室南北通透诚心出售,343万,49424元/平,低楼层 (共7层) | 1999年建 | 2室1厅 | 69.4平米 | 南 北,https://ke-image.ljcdn.com/110000-inspection/3b5572c7-ae98-4b68-bdcb-dd1363ec8ca5_1000.jpg!m_fill,w_280,h_210,f_jpg?from=ke.com
20230615,丰台,花乡,101118049025,天伦锦城 2室1厅 南 北,460万,45125元/平,中楼层 (共20层) | 2010年建 | 2室1厅 | 101.94平米 | 南 北,https://ke-image.ljcdn.com/110000-inspection/pc1_TCVoQfJNn_1.jpg!m_fill,w_280,h_210,f_jpg?from=ke.com
20230615,丰台,花乡,101118047453,新宫花乡西红门地铁19号线新发地站南北大三居,576万,45613元/平,低楼层 (共16层) | 2006年建 | 3室2厅 | 126.28平米 | 西南 北,https://ke-image.ljcdn.com/110000-inspection/46851f29-fc04-42b7-ad6f-642c73613eaa_1000.jpg!m_fill,w_280,h_210,f_jpg?from=ke.com
20230615,丰台,花乡,101118041939,纯南朝向无遮挡采光好明卫户型业主诚心出售房主自荐,446万,49811元/平,底层 (共9层) | 2009年建 | 2室1厅 | 89.54平米 | 东南,https://ke-image.ljcdn.com/110000-inspection/3e07827e-9bf8-44e9-8ac6-3a2029415705_1000.jpg!m_fill,w_280,h_210,f_jpg?from=ke.com
20230615,丰台,花乡,101118024559,天伦锦城南北通透一居室高楼层采光好,325万,54095元/平,中楼层 (共11层) 1室1厅 | 60.08平米 | 南 北,https://ke-image.ljcdn.com/110000-inspection/pc1_RzvggpVcM_2.jpg!m_fill,w_280,h_210,f_jpg?from=ke.com
20230615,丰台,花乡,101118012274,顶层的复式南北通透有附加面积,420万,38106元/平,高楼层 (共7层) | 1999年建 | 4室1厅 | 110.22平米 | 南 北,https://ke-image.ljcdn.com/110000-inspection/abb2cf8d-dee9-4b88-a261-90ac4b36c604_1000.jpg!m_fill,w_280,h_210,f_jpg?from=ke.com
20230615,丰台,花乡,101118012222,花乡 新宫 马家堡 地铁电梯满五唯一,309万,51168元/平,中楼层 (共13层) 1室1厅 | 60.39平米 | 东,https://ke-image.ljcdn.com/110000-inspection/pc1_b7FhNMLip.jpg!m_fill,w_280,h_210,f_jpg?from=ke.com
20230615,丰台,花乡,101118009355,花乡宜兰园南北通透一居室满五唯一业主诚心出售。,275万,43403元/平,顶层 (共6层) | 2002年建 | 1室1厅 | 63.36平米 | 西 南 北,https://ke-image.ljcdn.com/110000-inspection/pc1_XZdvQuoHc_2.jpg!m_fill,w_280,h_210,f_jpg?from=ke.com
20230615,丰台,花乡,101117997329,满五年唯一南北通透低楼层不临街不把边,345万,49928元/平,低楼层 (共7层) 2室1厅 | 69.1平米 | 南 北,https://ke-image.ljcdn.com/110000-inspection/dd963cdd-5d59-4e29-a24a-cf569a66fd8c_1000.jpg!m_fill,w_280,h_210,f_jpg?from=ke.com
20230615,丰台,花乡,101117989934,银地家园正东一居室满五年唯一电梯房,212万,48008元/平,中楼层 (共13层) | 2004年建 | 1室1厅 | 44.16平米 | 东,https://ke-image.ljcdn.com/110000-inspection/93697385-0532-4198-9d88-0f32c5bc13be_1000.jpg!m_fill,w_280,h_210,f_jpg?from=ke.com
20230615,丰台,花乡,101117974189,银地家园东西复式集中供暖诚心出售房主自荐,418万,38108元/平,高楼层 (共7层) | 2001年建 | 3室2厅 | 109.69平米 | 东 西,https://ke-image.ljcdn.com/110000-inspection/pc1_4CejHT57U.jpg!m_fill,w_280,h_210,f_jpg?from=ke.com
20230615,丰台,花乡,101117966772,南四环 宜兰园 南北两居  集中供暖 带电梯,470万,50745元/平,低楼层 (共15层) | 2011年建 | 2室1厅 | 92.62平米 | 南 北,https://ke-image.ljcdn.com/110000-inspection/3e313ca1-b664-4034-a1b9-8ab98456e938_1000.jpg!m_fill,w_280,h_210,f_jpg?from=ke.com
20230615,丰台,花乡,101117945706,银地家园东西通透复式三居室满五年,565万,42914元/平,高楼层 (共7层) | 2001年建 | 3室2厅 | 131.66平米 | 东 西 北,https://ke-image.ljcdn.com/110000-inspection/a0931247-f2c6-47c9-8b35-e9fa1236b91e_1000.jpg!m_fill,w_280,h_210,f_jpg?from=ke.com
20230615,丰台,花乡,101117945092,南四环花乡天伦锦城 满五唯一 高楼层 无遮挡,265万,44992元/平,高楼层 (共20层) | 2007年建 | 1室1厅 | 58.9平米 | 东北,https://ke-image.ljcdn.com/110000-inspection/d9670afa-0e68-4229-bb65-3bb9102b453c_1000.jpg!m_fill,w_280,h_210,f_jpg?from=ke.com
20230615,丰台,花乡,101117945022,丰台 花乡 新发地 南四环 银地家园房主自荐,418万,48907元/平,中楼层 (共7层) | 2001年建 | 3室1厅 | 85.47平米 | 西南 北,https://ke-image.ljcdn.com/110000-inspection/pc1_yIAUJHUHg_2.jpg!m_fill,w_280,h_210,f_jpg?from=ke.com
20230615,丰台,花乡,101117944949,南四环新发地锦程园天伦锦城南北高楼层三居室大客厅,465万,49458元/平,顶层 (共13层) | 2004年建 | 2室1厅 | 94.02平米 | 南 北,https://ke-image.ljcdn.com/110000-inspection/996388e9-8dc2-4d10-b115-14ce329fc9b3_1000.jpg!m_fill,w_280,h_210,f_jpg?from=ke.com
20230615,丰台,花乡,101117939549,宜兰园三区正规一居室临四环花乡奥莱地铁19号线,285万,45217元/平,顶层 (共6层) | 2009年建 | 1室1厅 | 63.03平米 | 南 北,https://ke-image.ljcdn.com/110000-inspection/aba1eb8f-a6bf-41f0-a057-df8497e151b0_1000.jpg!m_fill,w_280,h_210,f_jpg?from=ke.com
20230615,丰台,花乡,101117938386,丰台区南四环花乡银地家园带电梯商品房满五唯一两居室房主自荐,415万,51470元/平,低楼层 (共12层) | 2004年建 | 2室1厅 | 80.63平米 | 东北,https://ke-image.ljcdn.com/110000-inspection/c886b5f2-5c55-4955-b93c-a2342fd59e37_1000.jpg!m_fill,w_280,h_210,f_jpg?from=ke.com
20230615,丰台,花乡,101117938342,丰台区南四环花乡新发地天伦锦城小区两居室出售,439万,45787元/平,低楼层 (共12层) 2室1厅 | 95.88平米 | 南 北,https://ke-image.ljcdn.com/110000-inspection/6690ecdd-46e5-4c40-bf8d-fc7592102eec_1000.jpg!m_fill,w_280,h_210,f_jpg?from=ke.com
20230615,丰台,花乡,101117930248,满五年唯一住房楼龄新 07年商品房中高楼层,430万,46512元/平,高楼层 (共20层) 2室1厅 | 92.45平米 | 东,https://ke-image.ljcdn.com/110000-inspection/162383ec-8f20-4b13-a7fb-118299ec1eaa_1000.jpg!m_fill,w_280,h_210,f_jpg?from=ke.com
20230615,丰台,花乡,101117930207,期颐百年南区商品房满五唯一明厨明卫格局,312万,45284元/平,中楼层 (共8层) | 2011年建 | 1室1厅 | 68.9平米 | 西 北,https://ke-image.ljcdn.com/110000-inspection/pc1_qClbFwFrq_1.jpg!m_fill,w_280,h_210,f_jpg?from=ke.com
20230615,丰台,花乡,101117923943,新发地银地家园A区经典两居室户型73平,350万,47311元/平,中楼层 (共7层) | 1999年建 | 2室1厅 | 73.98平米 | 南 北,https://ke-image.ljcdn.com/110000-inspection/f0bb547f-c92d-4789-ae57-9f350f56bed7_1000.jpg!m_fill,w_280,h_210,f_jpg?from=ke.com
20230615,丰台,花乡,101117921904,天伦锦城 精装南北两居 看房方便,454万,49591元/平,中楼层 (共12层) | 2003年建 | 2室1厅 | 91.55平米 | 南 北,https://ke-image.ljcdn.com/110000-inspection/c2f00849-a6cc-4af8-a890-584ddc1191af_1000.jpg!m_fill,w_280,h_210,f_jpg?from=ke.com
20230615,丰台,花乡,101117877730,风格与林苑下叠别墅天坛医院有车位满五唯一,870万,67826元/平,底层 (共4层) 3室2厅 | 128.27平米 | 南 北,https://ke-image.ljcdn.com/110000-inspection/92f07cc3-652f-40ce-b0e0-5ac6f35ae5a3_1000.jpg!m_fill,w_280,h_210,f_jpg?from=ke.com
20230615,丰台,花乡,101117816265,风格与林苑上叠户型带有车位精装修可以拎包入住,960万,52177元/平,中楼层 (共4层) 3室1厅 | 183.99平米 | 南 北,https://ke-image.ljcdn.com/110000-inspection/0410732c-b94f-4640-8b82-130d506b3ffc_1000.jpg!m_fill,w_280,h_210,f_jpg?from=ke.com
20230615,丰台,花乡,101117812508,南四环花乡宜兰园三区 南北双通透 诚心出售,399万,42752元/平,顶层 (共6层) | 2009年建 | 2室1厅 | 93.33平米 | 南 北,https://ke-image.ljcdn.com/110000-inspection/2253f994-4fb7-4562-9f77-10713eee6224_1000.jpg!m_fill,w_280,h_210,f_jpg?from=ke.com
20230615,丰台,花乡,101117793925,南四环花乡新发地19号线 满五唯一集中供暖 电梯,395万,46232元/平,中楼层 (共13层) | 2004年建 | 2室1厅 | 85.44平米 | 东,https://ke-image.ljcdn.com/110000-inspection/283e8ae2-bc96-4d38-9299-9b75d4eaa255_1000.jpg!m_fill,w_280,h_210,f_jpg?from=ke.com
20230615,丰台,花乡,101117733287,丰台区花乡天伦锦城小区南向户型方正满五唯一,365万,41076元/平,底层 (共20层) | 2010年建 | 1室1厅 | 88.86平米 | 南,https://ke-image.ljcdn.com/110000-inspection/9f8767a7-a1e1-4703-a5a1-532431d997fd_1000.jpg!m_fill,w_280,h_210,f_jpg?from=ke.com
20230615,丰台,花乡,101117630279,期颐百年两居带电梯一梯两户满五唯一商品房,530万,57779元/平,顶层 (共8层) | 2011年建 | 2室1厅 | 91.73平米 | 南 北,https://ke-image.ljcdn.com/110000-inspection/9ea14cd8-40a5-4a6b-a837-84aaf5e02e89_1000.jpg!m_fill,w_280,h_210,f_jpg?from=ke.com
20230615,丰台,花乡,101117555883,天伦锦城一层三居室下跃户型 南北通透 精装修,845万,34974元/平,底层 (共13层) 6室2厅 | 241.61平米 | 南 北,https://ke-image.ljcdn.com/110000-inspection/225462f2-27ac-4b5e-9679-6b970d6a66c7_1000.jpg!m_fill,w_280,h_210,f_jpg?from=ke.com
20230615,丰台,花乡,101117415286,新发地西红门期颐百年西南一居室顶层复式全明格局,338万,57337元/平,顶层 (共9层) 1室1厅 | 58.95平米 | 西南,https://ke-image.ljcdn.com/110000-inspection/c4d9b06d-d0fe-483f-86cb-7c9a3588c6e9_1000.jpg!m_fill,w_280,h_210,f_jpg?from=ke.com
20230615,丰台,花乡,101117356933,南四环边 诚心出售 看房方便 中间位置,580万,45930元/平,中楼层 (共16层) | 2006年建 | 3室2厅 | 126.28平米 | 南 北 西,https://ke-image.ljcdn.com/110000-inspection/73360ae2-21d1-4194-b58d-41484e74762c_1000.jpg!m_fill,w_280,h_210,f_jpg?from=ke.com
20230615,丰台,花乡,101117239983,下叠拼户型+地下室+满五年唯一+人工湖,1100万,85491元/平,底层 (共4层) | 2006年建 | 3室1厅 | 128.67平米 | 南 北,https://ke-image.ljcdn.com/110000-inspection/pc1_0A0bkHon7.jpg!m_fill,w_280,h_210,f_jpg?from=ke.com
20230615,丰台,花乡,101117177550,丰台花乡 新宫 新发地 银地家园一居 带电梯商品房,309万,45833元/平,低楼层 (共10层) | 2004年建 | 2室1厅 | 67.42平米 | 西,https://ke-image.ljcdn.com/110000-inspection/32546679-80b3-4c81-9ba7-725f23202016_1000.jpg!m_fill,w_280,h_210,f_jpg?from=ke.com
20230615,丰台,花乡,101117082118,天伦锦城南向一居室 户型方正 满五唯一,319万,50443元/平,低楼层 (共12层) | 2010年建 | 1室1厅 | 63.24平米 | 南,https://ke-image.ljcdn.com/110000-inspection/76332615-54b0-490c-a0c0-a13e4b65425b_1000.jpg!m_fill,w_280,h_210,f_jpg?from=ke.com
20230615,丰台,花乡,101117067836,天伦锦城 1室1厅 北,218万,44581元/平,顶层 (共20层) | 2010年建 | 1室1厅 | 48.9平米 | 北,https://ke-image.ljcdn.com/110000-inspection/0e16ae3d-26a4-4d0a-99da-ce4f8ff67e8a_1000.jpg!m_fill,w_280,h_210,f_jpg?from=ke.com
20230615,丰台,花乡,101117061609,银地家园   顶层复式   满两年,415万,39427元/平,高楼层 (共7层) 4室2厅 | 105.26平米 | 南 北,https://ke-image.ljcdn.com/110000-inspection/pc1_SXbCha4Jr.jpg!m_fill,w_280,h_210,f_jpg?from=ke.com
20230615,丰台,花乡,101117060298,南四环花乡 天伦锦城 板楼南北两居 满五年,539万,47198元/平,中楼层 (共12层) 2室1厅 | 114.2平米 | 南 北,https://ke-image.ljcdn.com/110000-inspection/pc1_tFWdj4ENW.jpg!m_fill,w_280,h_210,f_jpg?from=ke.com
20230615,丰台,花乡,101116584174,南四环 花乡 草桥 新宫 满五唯一,1100万,80298元/平,底层 (共4层) 3室2厅 | 136.99平米 | 南 北,https://ke-image.ljcdn.com/110000-inspection/aaf8abd8-3c88-413d-9c72-760def1e45e2_1000.jpg!m_fill,w_280,h_210,f_jpg?from=ke.com
20230615,丰台,花乡,101116542210,天伦锦城 一层下跃 诚心出售 看房方便,565万,39528元/平,底层 (共12层) 4室1厅 | 142.94平米 | 南,https://ke-image.ljcdn.com/110000-inspection/200903dd-b138-489e-9dfa-b88ac6873347_1000.jpg!m_fill,w_280,h_210,f_jpg?from=ke.com
20230615,丰台,花乡,101116318470,南四环风格与林苑上叠四居带电梯,1000万,54476元/平,中楼层 (共4层) | 2006年建 | 4室2厅 | 183.57平米 | 南 北,https://ke-image.ljcdn.com/110000-inspection/5bf63a71-78b9-497e-bbf8-7b82cbf2fa61_1000.jpg!m_fill,w_280,h_210,f_jpg?from=ke.com
20230615,丰台,花乡,101115946824,南四环 花乡 天伦锦城电梯复式 南北通透,775万,47061元/平,顶层 (共9层) | 2003年建 | 5室3厅 | 164.68平米 | 南 西 北,https://ke-image.ljcdn.com/110000-inspection/8dc5d6f9-c900-4200-b74b-6a3d4388d8da_1000.jpg!m_fill,w_280,h_210,f_jpg?from=ke.com
20230615,丰台,花乡,101115483560,南四环 天伦锦城 集中供暖 满五唯一南北通透一层下跃,640万,37119元/平,底层 (共12层) | 2003年建 | 4室2厅 | 172.42平米 | 南 北,https://ke-image.ljcdn.com/110000-inspection/e0e78c5e-e899-4528-8fc1-9a1e00630296_1000.jpg!m_fill,w_280,h_210,f_jpg?from=ke.com
20230615,丰台,花乡,101114593164,银地家园南四环电梯房满五唯一格局方正近地铁19号线,620万,40391元/平,低楼层 (共13层) | 2004年建 | 3室2厅 | 153.5平米 | 东,https://ke-image.ljcdn.com/110000-inspection/2f6a0589-9734-4c97-8b96-f34ca0019849_1000.jpg!m_fill,w_280,h_210,f_jpg?from=ke.com
20230615,丰台,花乡,101114369160,天伦锦城 一层下跃 上下两层 户型方正 格局好,590万,33251元/平,底层 (共13层) 4室2厅 | 177.44平米 | 南 北,https://ke-image.ljcdn.com/110000-inspection/c207f865-b938-41cf-8efc-09f9dce163c7_1000.jpg!m_fill,w_280,h_210,f_jpg?from=ke.com
20230615,丰台,花乡,101113720785,银地家园南北电梯复式满五年唯一商品房小区人车分流,1050万,45137元/平,高楼层 (共16层) | 2002年建 | 5室1厅 | 232.63平米 | 南 北,https://ke-image.ljcdn.com/110000-inspection/pc1_lBkYxxCFF_2.jpg!m_fill,w_280,h_210,f_jpg?from=ke.com
20230615,丰台,花乡,101113594325,新宫 草桥 花乡复式户型 满五唯一,690万,39802元/平,高楼层 (共7层) | 2002年建 | 5室2厅 | 173.36平米 | 南 北,https://ke-image.ljcdn.com/110000-inspection/be990afc-5d21-4b19-a13e-ef80ddb9d71c_1000.jpg!m_fill,w_280,h_210,f_jpg?from=ke.com
20230615,丰台,花乡,101111292668,别墅社区电梯复式精装修四环边唯一,900万,55337元/平,高楼层 (共7层) | 2004年建 | 3室1厅 | 162.64平米 | 南 北,https://ke-image.ljcdn.com/110000-inspection/cc503045-45a4-46a8-8fc0-46f0ec182348_1000.jpg!m_fill,w_280,h_210,f_jpg?from=ke.com
20230615,丰台,花乡,101110874676,电梯房复式南北朝向单价低诚心出售,600万,33440元/平,低楼层 (共13层) | 2004年建 | 3室2厅 | 179.43平米 | 南 北,https://ke-image.ljcdn.com/110000-inspection/580820ad-0743-4608-8aa5-ce313e185efa_1000.jpg!m_fill,w_280,h_210,f_jpg?from=ke.com
20230615,丰台,花乡,101110234778,南四环银地家园顶层复式 一梯两户 视野开阔诚心出售房主自荐,429万,38930元/平,高楼层 (共7层) | 2001年建 | 4室1厅 | 110.2平米 | 东 西,https://ke-image.ljcdn.com/110000-inspection/7e87a003-bdb4-4a5c-b924-321e6416e83b_1000.jpg!m_fill,w_280,h_210,f_jpg?from=ke.com
20230615,丰台,花乡,101119704649,新宫花乡天坛医院地铁19号线别墅社区新上,688万,58177元/平,中楼层 (共7层) | 2004年建 | 2室2厅 | 118.26平米 | 南 北,https://s1.ljcdn.com/pegasus/redskull/images/common/default_house_list.png?_v=20230605162645687
20230615,丰台,花乡,101119647424,银地家园 3室2厅 南 北新上,650万,49002元/平,中楼层 (共7层) 3室2厅 | 132.65平米 | 南 北,https://s1.ljcdn.com/pegasus/redskull/images/common/default_house_list.png?_v=20230605162645687
20230615,丰台,花乡,101119489911,天伦锦城三期塔楼北向优质 开间,206万,58707元/平,低楼层 (共20层) | 2007年建 | 1室0厅 | 35.09平米 | 北,https://s1.ljcdn.com/pegasus/redskull/images/common/default_house_list.png?_v=20230605162645687
20230615,丰台,花乡,101119442660,南四环银地家园南北通透两居室 好楼层 诚心出售,340万,49766元/平,中楼层 (共7层) | 1999年建 | 2室1厅 | 68.32平米 | 南 北,https://s1.ljcdn.com/pegasus/redskull/images/common/default_house_list.png?_v=20230605162645687
20230615,丰台,花乡,101119305742,南四环 花乡 天伦锦城 双卫南北2居 满五年唯一 不临街,540万,49100元/平,底层 (共12层) 2室1厅 | 109.98平米 | 南 北,https://s1.ljcdn.com/pegasus/redskull/images/common/default_house_list.png?_v=20230605162645687
20230615,丰台,花乡,101119229184,纯南开间有电梯满两年环境好,270万,49724元/平,中楼层 (共15层) 1室0厅 | 54.3平米 | 南,https://s1.ljcdn.com/pegasus/redskull/images/common/default_house_list.png?_v=20230605162645687
20230615,丰台,花乡,101119118988,南四环 银地家园 婚房装修满两年 集中供暖,245万,57257元/平,顶层 (共13层) | 2004年建 | 1室1厅 | 42.79平米 | 东,https://s1.ljcdn.com/pegasus/redskull/images/common/default_house_list.png?_v=20230605162645687
20230615,丰台,花乡,101119088794,电梯房满两年南北通透两居室环境好,470万,49272元/平,中楼层 (共15层) | 2009年建 | 2室1厅 | 95.39平米 | 南 北,https://s1.ljcdn.com/pegasus/redskull/images/common/default_house_list.png?_v=20230605162645687
20230615,丰台,花乡,101117931346,丰台花乡、新发地银地家园小区大复式商品房,499万,30466元/平,高楼层 (共7层) | 2002年建 | 4室2厅 | 163.79平米 | 南 北,https://ke-image.ljcdn.com/110000-inspection/9001ba95-ff84-4638-9166-71d610a6e5d3.jpg!m_fill,w_280,h_210,f_jpg?from=ke.com
20230615,丰台,花乡,101116903435,南四环花乡正规三居室一层格局方正房主自荐,462万,41667元/平,底层 (共13层) | 2004年建 | 3室1厅 | 110.88平米 | 南 西 北,https://ke-image.ljcdn.com/110000-inspection/9dfc1627-f830-4643-9bce-217734c341b5.jpg!m_fill,w_280,h_210,f_jpg?from=ke.com
20230615,丰台,花乡,101115316677,银地家园  南北通透三居  满五年,645万,50234元/平,中楼层 (共12层) 3室1厅 | 128.4平米 | 南 北,https://s1.ljcdn.com/pegasus/redskull/images/common/default_house_list.png?_v=20230605162645687
20230615,丰台,花乡,101114950207,花乡电梯板楼正规一居室全明格局,280万,42541元/平,中楼层 (共9层) | 2011年建 | 1室1厅 | 65.82平米 | 东,https://ke-image.ljcdn.com/110000-inspection/80c9acd7-436f-4a1b-80ce-9c711510701f.jpg!m_fill,w_280,h_210,f_jpg?from=ke.com
20230615,丰台,花乡,101112205617,银地家园满五唯一南北通透复式业主诚心出售。,465万,39575元/平,高楼层 (共7层) | 2001年建 | 4室1厅 | 117.5平米 | 南 北,https://ke-image.ljcdn.com/110000-inspection/7fc01e90-7b3f-4602-be7a-040a6f03897a.jpg!m_fill,w_280,h_210,f_jpg?from=ke.com
20230615,丰台,花乡,101110138788,天伦锦城满五唯一东西朝向带电梯业主诚售。,680万,36283元/平,高楼层 (共13层) | 2004年建 | 4室2厅 | 187.42平米 | 东 西,https://ke-image.ljcdn.com/110000-inspection/c0ddf80d-53fb-4cd0-bbc7-d087c77a7312.JPG!m_fill,w_280,h_210,f_jpg?from=ke.com
20230615,丰台,花乡,101107970315,南四环外 银地家园南北复式集中供暖,595万,29275元/平,高楼层 (共7层) | 2002年建 | 4室2厅 | 203.25平米 | 南 北,https://ke-image.ljcdn.com/110000-inspection/f7c1b02b-23dd-460b-a356-5dd9cf14f6b9.jpg!m_fill,w_280,h_210,f_jpg?from=ke.com
