20230609,丰台,七里庄,101119288733,西三环丽泽商区西侧 鼎恒中心 东南明厨明卫三居必看好房,625万,42782元/平,低楼层 (共24层) | 2000年建 | 3室1厅 | 146.09平米 | 东南,https://ke-image.ljcdn.com/110000-inspection/pc1_1nPs6VoOF_1.jpg!m_fill,w_280,h_210,f_jpg?from=ke.com
20230609,丰台,七里庄,101119108386,望园东里 西南向 精装两居室 满五唯一 诚心出售必看好房,489万,58620元/平,低楼层 (共24层) | 2000年建 | 2室1厅 | 83.42平米 | 西南,https://ke-image.ljcdn.com/110000-inspection/pc1_Nsku0p6fl.jpg!m_fill,w_280,h_210,f_jpg?from=ke.com
20230609,丰台,七里庄,101118822519,七里庄电梯板楼 小井润园 户型方正 全明格局一居室必看好房,305万,52668元/平,高楼层 (共9层) 1室1厅 | 57.91平米 | 北,https://ke-image.ljcdn.com/110000-inspection/pc1_FJocDJcIi_1.jpg!m_fill,w_280,h_210,f_jpg?from=ke.com
20230609,丰台,七里庄,101118700430,望园西里中间层二居房改房满五年地铁600米必看好房,425万,70610元/平,中楼层 (共6层) 2室1厅 | 60.19平米 | 南 北,https://ke-image.ljcdn.com/110000-inspection/pc1_gLM792ZhO_1.jpg!m_fill,w_280,h_210,f_jpg?from=ke.com
20230609,丰台,七里庄,101118299507,望园东里2007年的两居室 满五唯一 无遮挡必看好房,608万,61601元/平,高楼层 (共19层) | 2007年建 | 2室1厅 | 98.7平米 | 东北,https://ke-image.ljcdn.com/110000-inspection/pc1_pXZXDKX95.jpg!m_fill,w_280,h_210,f_jpg?from=ke.com
20230609,丰台,七里庄,101119556709,七里庄 望园东里 满五年唯一 正规一居 地铁9号线必看好房,437万,65844元/平,中楼层 (共24层) | 2005年建 | 1室1厅 | 66.37平米 | 南 西 北,https://ke-image.ljcdn.com/110000-inspection/pc1_iKPI3Qnzp_1.jpg!m_fill,w_280,h_210,f_jpg?from=ke.com
20230609,丰台,七里庄,101119493724,满五唯一商品房精装修中间楼层采光视野好房主自荐,293万,52229元/平,中楼层 (共6层) | 1980年建 | 2室1厅 | 56.1平米 | 南 北,https://ke-image.ljcdn.com/110000-inspection/pc1_gtpsAjeXQ_1.jpg!m_fill,w_280,h_210,f_jpg?from=ke.com
20230609,丰台,七里庄,101119367215,周庄子家园  精装南北三居  人车分流,1050万,82366元/平,高楼层 (共28层) 3室2厅 | 127.48平米 | 东 南 北,https://ke-image.ljcdn.com/110000-inspection/pc1_vKerP2DOd.jpg!m_fill,w_280,h_210,f_jpg?from=ke.com
20230609,丰台,七里庄,101119016147,望园西里小区 满五唯一 中间楼层,418万,72194元/平,中楼层 (共6层) | 1990年建 | 2室1厅 | 57.9平米 | 南 北,https://ke-image.ljcdn.com/110000-inspection/pc1_hUXNrIzWa.jpg!m_fill,w_280,h_210,f_jpg?from=ke.com
20230609,丰台,七里庄,101118901758,望园西里 2室1厅 南 北,416万,68613元/平,中楼层 (共6层) 2室1厅 | 60.63平米 | 南 北,https://ke-image.ljcdn.com/110000-inspection/pc1_pZUDVMmjE.jpg!m_fill,w_280,h_210,f_jpg?from=ke.com
20230609,丰台,七里庄,101118791564,七里庄 庄维花园经典两居 户型好 无抵押 随时签约房主自荐,588万,67455元/平,低楼层 (共24层) 2室1厅 | 87.17平米 | 南 西,https://ke-image.ljcdn.com/110000-inspection/6d8680ef-c27d-4a73-b6ac-0a1cc22afa2c_1000.jpg!m_fill,w_280,h_210,f_jpg?from=ke.com
20230609,丰台,七里庄,101118563241,六里桥家园 全明格局户型 居住舒适,331万,64148元/平,中楼层 (共29层) 1室0厅 | 51.6平米 | 南,https://ke-image.ljcdn.com/110000-inspection/pc1_TH9DLKpHl_1.jpg!m_fill,w_280,h_210,f_jpg?from=ke.com
20230609,丰台,七里庄,101118436568,庄维花园 满五年唯一商品房 无遮挡采光好双南卧室,638万,66639元/平,中楼层 (共24层) | 2001年建 | 2室1厅 | 95.74平米 | 西南,https://ke-image.ljcdn.com/110000-inspection/pc1_7LAXcKRMT.jpg!m_fill,w_280,h_210,f_jpg?from=ke.com
20230609,丰台,七里庄,101118150933,店长推荐七里庄商圈必看 望园东里 西南向 精装两居室必看好房,499万,59818元/平,中楼层 (共24层) 2室1厅 | 83.42平米 | 西南,https://ke-image.ljcdn.com/110000-inspection/d28ce98d-638f-4088-9a0f-9a33dcc85182_1000.jpg!m_fill,w_280,h_210,f_jpg?from=ke.com
20230609,丰台,七里庄,101118150048,北大街北里  中间楼层 无遮挡,290万,59112元/平,中楼层 (共6层) 2室1厅 | 49.06平米 | 东北,https://ke-image.ljcdn.com/110000-inspection/pc1_8lGtYHS1o.jpg!m_fill,w_280,h_210,f_jpg?from=ke.com
20230609,丰台,七里庄,101118035172,2016年南向一居室采光好无遮挡随时签约必看好房,313万,60659元/平,中楼层 (共29层) 1室1厅 | 51.6平米 | 南,https://ke-image.ljcdn.com/110000-inspection/pc1_TWMIFklJS.jpg!m_fill,w_280,h_210,f_jpg?from=ke.com
20230609,丰台,七里庄,101117859338,北大街北里 正规三居 低楼层 无遮挡,428万,64624元/平,低楼层 (共6层) | 1988年建 | 3室1厅 | 66.23平米 | 南 北,https://ke-image.ljcdn.com/110000-inspection/fe91f882-c2e0-4a6f-9d2e-0d13128ec7fa_1000.jpg!m_fill,w_280,h_210,f_jpg?from=ke.com
20230609,丰台,七里庄,101117727667,七里庄北大街北里 经典朝南的两居室,320万,61385元/平,高楼层 (共6层) | 1980年建 | 2室1厅 | 52.13平米 | 南,https://ke-image.ljcdn.com/110000-inspection/34091070-3eef-402b-a25c-536bf94e6ab9_1000.jpg!m_fill,w_280,h_210,f_jpg?from=ke.com
20230609,丰台,七里庄,101116886564,全明格局 南向一室一厅 楼层好 采光充足 交通便利,399万,60145元/平,低楼层 (共29层) 1室1厅 | 66.34平米 | 南,https://ke-image.ljcdn.com/110000-inspection/pc1_PDb0NFDL0.jpg!m_fill,w_280,h_210,f_jpg?from=ke.com
20230609,丰台,七里庄,101116797688,此房通透格局一梯二户近地铁院内幼儿园。必看好房,496万,47302元/平,顶层 (共6层) | 1998年建 | 2室2厅 | 104.86平米 | 南 北,https://ke-image.ljcdn.com/110000-inspection/pc1_vFVZEaJBX.jpg!m_fill,w_280,h_210,f_jpg?from=ke.com
20230609,丰台,七里庄,101116754568,望园东里满五年唯一高楼层视野好必看好房,456万,68706元/平,高楼层 (共24层) 1室1厅 | 66.37平米 | 西南,https://ke-image.ljcdn.com/110000-inspection/pc1_ptyI9QqXC.jpg!m_fill,w_280,h_210,f_jpg?from=ke.com
20230609,丰台,七里庄,101116042927,胡桃园  南北通透   精装修两居室  诚意出售,348万,60239元/平,低楼层 (共6层) | 1993年建 | 2室1厅 | 57.77平米 | 南 北,https://ke-image.ljcdn.com/110000-inspection/pc1_6cbFNYGjW.jpg!m_fill,w_280,h_210,f_jpg?from=ke.com
20230609,丰台,七里庄,101115721479,鼎恒新星小区 业主诚心出售 随时签约,598万,45434元/平,高楼层 (共24层) | 2000年建 | 2室2厅 | 131.62平米 | 东 北,https://ke-image.ljcdn.com/110000-inspection/pc1_M2nc2c7WQ.jpg!m_fill,w_280,h_210,f_jpg?from=ke.com
20230609,丰台,七里庄,101115338581,南北通透三居室 双卫生间 板楼一梯两户 封闭式管理,950万,74394元/平,顶层 (共9层) | 2005年建 | 3室1厅 | 127.7平米 | 南 北,https://ke-image.ljcdn.com/110000-inspection/pc1_CQMrhguUv.jpg!m_fill,w_280,h_210,f_jpg?from=ke.com
20230609,丰台,七里庄,101114404729,西三环 地铁10号线西局  精装修 大一居 无遮挡房主自荐,265万,56145元/平,顶层 (共6层) 1室1厅 | 47.2平米 | 东 西,https://ke-image.ljcdn.com/110000-inspection/c23050ca-8eb5-4f91-bb1d-d07a0436c1dc_1000.jpg!m_fill,w_280,h_210,f_jpg?from=ke.com
20230609,丰台,七里庄,101113975996,西局欣园南区 东南三居室双卫 满五唯一 户型方正,1080万,69575元/平,低楼层 (共15层) | 2002年建 | 3室2厅 | 155.23平米 | 西南,https://ke-image.ljcdn.com/110000-inspection/pc1_Rf25uFrB5.jpg!m_fill,w_280,h_210,f_jpg?from=ke.com
20230609,丰台,七里庄,101113721125,七里庄望园西里 南北通透2居室,308万,73160元/平,顶层 (共6层) | 1990年建 | 2室1厅 | 42.1平米 | 南 西 北,https://ke-image.ljcdn.com/110000-inspection/pc1_Z27pmrtt9_1.jpg!m_fill,w_280,h_210,f_jpg?from=ke.com
20230609,丰台,七里庄,101113115413,西局欣园南区温馨一居室 中间楼层房主自荐,460万,74785元/平,中楼层 (共15层) | 2002年建 | 1室1厅 | 61.51平米 | 西,https://ke-image.ljcdn.com/110000-inspection/512d9edd-8142-41ce-bda5-8bbba8bf612a_1000.jpg!m_fill,w_280,h_210,f_jpg?from=ke.com
20230609,丰台,七里庄,101119605380,东大街东里 南北通透三居出售 一层有大阳台 小区中间新上,465万,69507元/平,底层 (共6层) | 1990年建 | 3室1厅 | 66.9平米 | 南 北,https://ke-image.ljcdn.com/110000-inspection/ca22dff1-23af-4aa0-bbec-fd5ee6c83a85_1000.jpg!m_fill,w_280,h_210,f_jpg?from=ke.com
20230609,丰台,七里庄,101119391484,七里庄 望园西里 南北通透三居室 全明格局必看好房,440万,64630元/平,高楼层 (共6层) | 1993年建 | 3室1厅 | 68.08平米 | 南 北,https://ke-image.ljcdn.com/110000-inspection/pc1_1z0uwWdI9.jpg!m_fill,w_280,h_210,f_jpg?from=ke.com
20230609,丰台,七里庄,101118027163,七里庄中建一局北院 正规两居室 满五年唯一 诚意出售,293万,49746元/平,高楼层 (共6层) 2室1厅 | 58.9平米 | 南,https://ke-image.ljcdn.com/110000-inspection/pc1_CorAepuPy.jpg!m_fill,w_280,h_210,f_jpg?from=ke.com
20230609,丰台,七里庄,101114188502,泥洼路5号院 南北两居室 采光好 无遮挡,325万,58899元/平,顶层 (共6层) 2室1厅 | 55.18平米 | 南 北,https://ke-image.ljcdn.com/110000-inspection/db44cae0-f466-4166-ba60-bf6a4a10418a_1000.jpg!m_fill,w_280,h_210,f_jpg?from=ke.com
20230609,丰台,七里庄,101119577669,庄维花园可观西山及公园美景的户型七里庄地铁新上,620万,64759元/平,顶层 (共24层) | 2001年建 | 2室1厅 | 95.74平米 | 西南,https://ke-image.ljcdn.com/110000-inspection/ddc4d873-84ee-455a-8432-430628126d59_1000.jpg!m_fill,w_280,h_210,f_jpg?from=ke.com
20230609,丰台,七里庄,101119552271,七里庄 南边通透两居室 中间楼层新上,320万,56738元/平,中楼层 (共6层) 2室1厅 | 56.4平米 | 南 北,https://ke-image.ljcdn.com/110000-inspection/23c69ae8-fa0f-4ada-a1d5-8ebdc5956ce4_1000.jpg!m_fill,w_280,h_210,f_jpg?from=ke.com
20230609,丰台,七里庄,101119544673,庄维花园西南向两居室楼层高视野好满五唯一新上,628万,65595元/平,顶层 (共24层) 2室1厅 | 95.74平米 | 西南,https://ke-image.ljcdn.com/110000-inspection/pc1_9SNIkPQUO_1.jpg!m_fill,w_280,h_210,f_jpg?from=ke.com
20230609,丰台,七里庄,101119500328,房子是满五年唯一的精装修楼层好。,1450万,89116元/平,中楼层 (共15层) | 2002年建 | 4室2厅 | 162.71平米 | 南 北,https://ke-image.ljcdn.com/110000-inspection/pc1_6JOCxm09X.jpg!m_fill,w_280,h_210,f_jpg?from=ke.com
20230609,丰台,七里庄,101119497570,北大地七里庄楼龄新小区庄维三期主朝南精装两居,830万,72801元/平,中楼层 (共22层) | 2006年建 | 2室2厅 | 114.01平米 | 南 西,https://ke-image.ljcdn.com/110000-inspection/37dd134f-d1e6-4682-80e8-c478d0f504aa_1000.jpg!m_fill,w_280,h_210,f_jpg?from=ke.com
20230609,丰台,七里庄,101119488591,望园东里  满五唯一  精装 七里庄地铁  电梯,336万,60000元/平,高楼层 (共24层) 1室1厅 | 56平米 | 北,https://ke-image.ljcdn.com/110000-inspection/pc1_VeMptKKMO_1.jpg!m_fill,w_280,h_210,f_jpg?from=ke.com
20230609,丰台,七里庄,101119488269,望园东里 南北通透 两居室 满五唯一 业主诚心出售,520万,53192元/平,顶层 (共6层) 2室1厅 | 97.76平米 | 南 北,https://ke-image.ljcdn.com/110000-inspection/pc1_LoerYAXer.jpg!m_fill,w_280,h_210,f_jpg?from=ke.com
20230609,丰台,七里庄,101119450565,东大街西里南北向两居室 可以按照唯一住房卖房主自荐,355万,61419元/平,中楼层 (共6层) | 1980年建 | 2室1厅 | 57.8平米 | 南 北,https://ke-image.ljcdn.com/110000-inspection/9971c783-f717-4793-a95f-13dfb9b3e4b9_1000.jpg!m_fill,w_280,h_210,f_jpg?from=ke.com
20230609,丰台,七里庄,101119448107,板楼带电梯全明格局大两居楼龄新户型好,575万,61242元/平,中楼层 (共9层) 2室1厅 | 93.89平米 | 南 北,https://ke-image.ljcdn.com/110000-inspection/1e5885bf-5fd3-43d4-bda6-5d5c720926b5_1000.jpg!m_fill,w_280,h_210,f_jpg?from=ke.com
20230609,丰台,七里庄,101119375981,七里庄 小井润园 一区 南北通透 三居室,870万,58300元/平,中楼层 (共9层) | 2004年建 | 3室2厅 | 149.23平米 | 南 北,https://ke-image.ljcdn.com/110000-inspection/pc1_gEMakudeS_1.jpg!m_fill,w_280,h_210,f_jpg?from=ke.com
20230609,丰台,七里庄,101119363636,西局欣园南区经典四居室 精装修 满五唯一,1100万,70863元/平,低楼层 (共15层) | 2002年建 | 4室2厅 | 155.23平米 | 东 南 西 北,https://ke-image.ljcdn.com/110000-inspection/3fb626da-9e8a-494a-8025-20cd0d0062e0_1000.jpg!m_fill,w_280,h_210,f_jpg?from=ke.com
20230609,丰台,七里庄,101119350300,六里桥家园 南北通透2居 小区人脸识别 200米到地铁站,530万,69829元/平,低楼层 (共29层) 2室1厅 | 75.9平米 | 南 北,https://ke-image.ljcdn.com/110000-inspection/pc1_Nvrku4gmm_1.jpg!m_fill,w_280,h_210,f_jpg?from=ke.com
20230609,丰台,七里庄,101119319561,七里庄 庄维花园高楼层 全明格局采光好 视野好 双地铁,456万,56908元/平,高楼层 (共24层) | 2002年建 | 1室2厅 | 80.13平米 | 北,https://ke-image.ljcdn.com/110000-inspection/pc1_wZYGRlRCv_1.jpg!m_fill,w_280,h_210,f_jpg?from=ke.com
20230609,丰台,七里庄,101119293521,小井润园南北通透全明格局有电梯,650万,67744元/平,高楼层 (共9层) | 2004年建 | 3室1厅 | 95.95平米 | 南 北,https://ke-image.ljcdn.com/110000-inspection/pc1_XWaPdq9E0_1.jpg!m_fill,w_280,h_210,f_jpg?from=ke.com
20230609,丰台,七里庄,101119276004,七里庄 望园东里 中间楼层 南北朝向三居室,666万,71923元/平,中楼层 (共6层) | 2000年建 | 3室1厅 | 92.6平米 | 南 北,https://ke-image.ljcdn.com/110000-inspection/pc1_cjgRk9IR0_1.jpg!m_fill,w_280,h_210,f_jpg?from=ke.com
20230609,丰台,七里庄,101119271998,钢混结构电梯房东南朝向 近地铁,540万,64733元/平,高楼层 (共24层) 2室1厅 | 83.42平米 | 东南,https://ke-image.ljcdn.com/110000-inspection/pc1_eiXjDoboK.jpg!m_fill,w_280,h_210,f_jpg?from=ke.com
20230609,丰台,七里庄,101119269122,望园西里 南北通透 精装两居室 诚意出售,428万,73125元/平,高楼层 (共6层) 2室1厅 | 58.53平米 | 南 北,https://ke-image.ljcdn.com/110000-inspection/pc1_Ej8UVH7Xo.jpg!m_fill,w_280,h_210,f_jpg?from=ke.com
20230609,丰台,七里庄,101119254005,望园东里 精装修 满五年唯一两居室,525万,62935元/平,中楼层 (共24层) 2室1厅 | 83.42平米 | 西南,https://ke-image.ljcdn.com/110000-inspection/pc1_PlDludwsL.jpg!m_fill,w_280,h_210,f_jpg?from=ke.com
20230609,丰台,七里庄,101119206396,七里庄 中建一局北院 南北向大客厅两居室,405万,54804元/平,高楼层 (共6层) 2室1厅 | 73.9平米 | 南 北,https://ke-image.ljcdn.com/110000-inspection/pc1_9qIlWo8ll_1.jpg!m_fill,w_280,h_210,f_jpg?from=ke.com
20230609,丰台,七里庄,101119201345,丰台区七里庄望园西里大面积三居室出售9和14号线房主自荐,550万,77717元/平,底层 (共6层) | 1994年建 | 3室1厅 | 70.77平米 | 南 北,https://ke-image.ljcdn.com/110000-inspection/34f47f40-4151-4801-ad51-37ea46cca7b1_1000.jpg!m_fill,w_280,h_210,f_jpg?from=ke.com
20230609,丰台,七里庄,101119200114,精装修可拎包入住满五年唯一费用少,275万,65166元/平,顶层 (共6层) 1室1厅 | 42.2平米 | 南,https://ke-image.ljcdn.com/110000-inspection/46c9e813-2773-4c17-837d-523534fa41c3_1000.jpg!m_fill,w_280,h_210,f_jpg?from=ke.com
20230609,丰台,七里庄,101119174091,保利欣苑人车分流满五唯一全明格局高楼层视野开阔,299万,67510元/平,顶层 (共9层) | 2004年建 | 1室0厅 | 44.29平米 | 北,https://ke-image.ljcdn.com/110000-inspection/pc1_BecwZBXPS.jpg!m_fill,w_280,h_210,f_jpg?from=ke.com
20230609,丰台,七里庄,101119164834,西局欣园南区《满五唯一》精装修出行方便房主自荐,495万,80475元/平,低楼层 (共17层) | 2002年建 | 2室1厅 | 61.51平米 | 东,https://ke-image.ljcdn.com/110000-inspection/c86af900-0dea-4c21-96a3-e9146bd3a32f_1000.jpg!m_fill,w_280,h_210,f_jpg?from=ke.com
20230609,丰台,七里庄,101119151617,小井润园 全明户型 9层板楼带电梯,300万,53572元/平,中楼层 (共9层) 1室1厅 | 56平米 | 北,https://ke-image.ljcdn.com/110000-inspection/pc1_ZjnziFa6s_1.jpg!m_fill,w_280,h_210,f_jpg?from=ke.com
20230609,丰台,七里庄,101119059589,望园西里俩居业主诚意出售看房方便,425万,68815元/平,底层 (共6层) | 1995年建 | 2室1厅 | 61.76平米 | 南 北,https://ke-image.ljcdn.com/110000-inspection/pc1_IlROCZvug.jpg!m_fill,w_280,h_210,f_jpg?from=ke.com
20230609,丰台,七里庄,101119057993,丽泽商圈 小区中间位置低楼层采光好满五唯一,359万,66605元/平,低楼层 (共6层) 2室1厅 | 53.9平米 | 南 北,https://ke-image.ljcdn.com/110000-inspection/14362b86-9276-4785-ab8f-9878179cf426_1000.jpg!m_fill,w_280,h_210,f_jpg?from=ke.com
20230609,丰台,七里庄,101119019600,望园东里 西北向三居室 全明户型 满五唯一 诚心出售,560万,57774元/平,低楼层 (共24层) | 1999年建 | 3室1厅 | 96.93平米 | 南 西 北,https://ke-image.ljcdn.com/110000-inspection/7f0228ea-099a-499d-93e3-1ad285ba871b_1000.jpg!m_fill,w_280,h_210,f_jpg?from=ke.com
20230609,丰台,七里庄,101118992639,西四环南路32号 2室1厅 东 西,226万,46898元/平,底层 (共5层) | 1979年建 | 2室1厅 | 48.19平米 | 东 西,https://ke-image.ljcdn.com/110000-inspection/pc1_Kt2eUunzX.jpg!m_fill,w_280,h_210,f_jpg?from=ke.com
20230609,丰台,七里庄,101118981015,庄维花园婚房精装修拎包即可入住公积金可贷25年,439万,59990元/平,底层 (共24层) 1室1厅 | 73.18平米 | 东北,https://ke-image.ljcdn.com/110000-inspection/80ce33ce-91cf-474f-bb59-47967a778f74_1000.jpg!m_fill,w_280,h_210,f_jpg?from=ke.com
20230609,丰台,七里庄,101118974436,北大街北里南北通透精装两室一厅商品房满五唯一,305万,58151元/平,顶层 (共6层) 2室1厅 | 52.45平米 | 南 北,https://ke-image.ljcdn.com/110000-inspection/b55f76d5-60d7-432b-9ad0-de2b1f718dd0_1000.jpg!m_fill,w_280,h_210,f_jpg?from=ke.com
20230609,丰台,七里庄,101118969598,中建一局北院楼龄新精装南向一居室视野好采光好,371万,66203元/平,高楼层 (共6层) | 1990年建 | 1室1厅 | 56.04平米 | 南,https://ke-image.ljcdn.com/110000-inspection/46c109f9-9905-4ad3-a1b0-786dffdf6a1e_1000.jpg!m_fill,w_280,h_210,f_jpg?from=ke.com
20230609,丰台,七里庄,101118968466,丽泽商圈 南北两居  近地铁 配套成熟 随时签约,325万,53411元/平,顶层 (共6层) 2室1厅 | 60.85平米 | 南 北,https://ke-image.ljcdn.com/110000-inspection/pc1_7Ilm2oMz1_1.jpg!m_fill,w_280,h_210,f_jpg?from=ke.com
20230609,丰台,七里庄,101118959617,七里庄地铁口两居室 东大街东里 满两年 户型好,330万,66399元/平,高楼层 (共6层) | 1990年建 | 2室1厅 | 49.7平米 | 东,https://ke-image.ljcdn.com/110000-inspection/acd10607-3039-4dbf-884c-d61a4c644791_1000.jpg!m_fill,w_280,h_210,f_jpg?from=ke.com
20230609,丰台,七里庄,101118938697,七里庄 东大街西里南北两居精装修采光好双地铁,316万,54064元/平,顶层 (共6层) 2室1厅 | 58.45平米 | 南 北,https://ke-image.ljcdn.com/110000-inspection/6f310557-86c2-4a8e-b293-3ba14717a151_1000.jpg!m_fill,w_280,h_210,f_jpg?from=ke.com
20230609,丰台,七里庄,101118926178,泥洼路5号院 南北通透 低楼层两居室 10号线西局,360万,63281元/平,底层 (共6层) | 1990年建 | 2室1厅 | 56.89平米 | 南 北,https://ke-image.ljcdn.com/110000-inspection/19a94dbf-eb0e-40a4-8d4f-ba015e99c180_1000.jpg!m_fill,w_280,h_210,f_jpg?from=ke.com
20230609,丰台,七里庄,101118925744,望园东里满五唯一商品房无遮挡高楼层视野佳,510万,61188元/平,高楼层 (共24层) 2室1厅 | 83.35平米 | 东南,https://ke-image.ljcdn.com/110000-inspection/pc1_Kbq4VChOV.jpg!m_fill,w_280,h_210,f_jpg?from=ke.com
20230609,丰台,七里庄,101118903340,望园西里 南北通透三居室 诚意出售,420万,57519元/平,顶层 (共6层) | 1994年建 | 3室1厅 | 73.02平米 | 南 北,https://ke-image.ljcdn.com/110000-inspection/pc1_NJvwS3BDB_1.jpg!m_fill,w_280,h_210,f_jpg?from=ke.com
20230609,丰台,七里庄,101118896466,七里庄 庄维多摩市三期 落地窗飘窗3居室 诚心出售,818万,62353元/平,低楼层 (共22层) 3室1厅 | 131.19平米 | 南 北,https://ke-image.ljcdn.com/110000-inspection/c0d27a46-59b6-4dc2-8eff-5e2f1cf52997_1000.jpg!m_fill,w_280,h_210,f_jpg?from=ke.com
20230609,丰台,七里庄,101118894568,庄维多摩市三期东南大两居 落地飘窗 地铁9号线,758万,66486元/平,底层 (共22层) | 2007年建 | 2室1厅 | 114.01平米 | 西南,https://ke-image.ljcdn.com/110000-inspection/b648e886-7c09-4ebb-9a1a-291d28b6a8aa_1000.jpg!m_fill,w_280,h_210,f_jpg?from=ke.com
20230609,丰台,七里庄,101118894460,庄维多摩市三期东南三居 落地飘窗 地铁9号线,890万,64789元/平,底层 (共22层) 3室1厅 | 137.37平米 | 东南,https://ke-image.ljcdn.com/110000-inspection/2d599b7d-7fc0-40e1-92a7-20bc1da376fa_1000.jpg!m_fill,w_280,h_210,f_jpg?from=ke.com
20230609,丰台,七里庄,101118861158,七里庄路20号南北通透精装修两居室客厅带窗户,335万,59398元/平,中楼层 (共6层) 2室1厅 | 56.4平米 | 南 北,https://ke-image.ljcdn.com/110000-inspection/2ef11049-c334-47e0-9b7a-1362280ddb24_1000.jpg!m_fill,w_280,h_210,f_jpg?from=ke.com
20230609,丰台,七里庄,101118829076,望园西里 满五年唯一 南北通透两居室 诚意出售,402万,69431元/平,高楼层 (共6层) | 1990年建 | 2室1厅 | 57.9平米 | 南 北,https://ke-image.ljcdn.com/110000-inspection/pc1_fvWdXTtca.jpg!m_fill,w_280,h_210,f_jpg?from=ke.com
20230609,丰台,七里庄,101118824809,高楼层采光视野佳不临街东南朝向俩居室看房方便,520万,62734元/平,高楼层 (共24层) 2室1厅 | 82.89平米 | 东南,https://ke-image.ljcdn.com/110000-inspection/pc1_i2ZbuXgFv_1.jpg!m_fill,w_280,h_210,f_jpg?from=ke.com
20230609,丰台,七里庄,101118816198,泥洼路5号院  南北通透 中间层,500万,65437元/平,中楼层 (共6层) 3室1厅 | 76.41平米 | 南 北,https://ke-image.ljcdn.com/110000-inspection/fc46fbfb-38ca-4f2d-bc7b-2fcf47010473_1000.jpg!m_fill,w_280,h_210,f_jpg?from=ke.com
20230609,丰台,七里庄,101118809333,西四环南路32号满五唯一采光好无遮挡视野佳,248万,44058元/平,顶层 (共5层) 2室1厅 | 56.29平米 | 东 西,https://ke-image.ljcdn.com/110000-inspection/pc1_NQWrQQMNl.jpg!m_fill,w_280,h_210,f_jpg?from=ke.com
20230609,丰台,七里庄,101118779895,望园西里 高楼层 精装修 采光好,415万,69387元/平,顶层 (共6层) 2室1厅 | 59.81平米 | 南 北,https://ke-image.ljcdn.com/110000-inspection/pc1_JUUC9kgNl.jpg!m_fill,w_280,h_210,f_jpg?from=ke.com
20230609,丰台,七里庄,101118773604,望园东里精装修满五年唯一中间层无遮挡两梯六户,880万,67289元/平,中楼层 (共23层) | 2001年建 | 3室1厅 | 130.78平米 | 东 南,https://ke-image.ljcdn.com/110000-inspection/pc1_iyAziI1wX.jpg!m_fill,w_280,h_210,f_jpg?from=ke.com
20230609,丰台,七里庄,101118770902,望园东里 3室1厅 东南房主自荐,570万,57201元/平,底层 (共24层) 3室1厅 | 99.65平米 | 东南,https://ke-image.ljcdn.com/110000-inspection/pc1_eDnvL30s4_1.jpg!m_fill,w_280,h_210,f_jpg?from=ke.com
20230609,丰台,七里庄,101118765191,七里庄 东大街西里 2层 三居室 有钥匙 随时看房,460万,69931元/平,低楼层 (共6层) 3室1厅 | 65.78平米 | 南 北,https://ke-image.ljcdn.com/110000-inspection/f19b61f2-02d9-460f-b05d-81e7447d768b_1000.jpg!m_fill,w_280,h_210,f_jpg?from=ke.com
20230609,丰台,七里庄,101118749364,北大街北里 板楼三居室 南北通透 三面朝南,668万,52807元/平,顶层 (共6层) | 2003年建 | 3室1厅 | 126.5平米 | 南 北,https://ke-image.ljcdn.com/110000-inspection/8c7b8c89-8c84-41ba-9cea-51dccc559972_1000.jpg!m_fill,w_280,h_210,f_jpg?from=ke.com
20230609,丰台,七里庄,101118661896,北大地 七里庄 北大街北里南北通透2居室 诚心出售,309万,58040元/平,顶层 (共6层) | 1987年建 | 2室1厅 | 53.24平米 | 南 北,https://ke-image.ljcdn.com/110000-inspection/pc1_APKDwfnp4_1.jpg!m_fill,w_280,h_210,f_jpg?from=ke.com
20230609,丰台,七里庄,101118645004,房子满五唯一 军休所大院  人文素质高 小区管理严格,1370万,93708元/平,高楼层 (共20层) 3室2厅 | 146.2平米 | 南 北,https://ke-image.ljcdn.com/110000-inspection/pc1_GrMu8A6Qy.jpg!m_fill,w_280,h_210,f_jpg?from=ke.com
20230609,丰台,七里庄,101118634676,望园东里板楼舒适三居采光无遮挡诚意出售,498万,61627元/平,顶层 (共6层) | 1998年建 | 3室1厅 | 80.81平米 | 东 西 北,https://ke-image.ljcdn.com/110000-inspection/pc1_YydupLqCG.jpg!m_fill,w_280,h_210,f_jpg?from=ke.com
20230609,丰台,七里庄,101118630686,望园东里 2007年建成 两室一厅 户型方正 诚心出售,640万,64843元/平,低楼层 (共19层) | 2007年建 | 2室1厅 | 98.7平米 | 西北,https://ke-image.ljcdn.com/110000-inspection/pc1_xICENsdHb.jpg!m_fill,w_280,h_210,f_jpg?from=ke.com
20230609,丰台,七里庄,101118599520,东大街东里 3室1厅 南 北,460万,61696元/平,中楼层 (共6层) | 1990年建 | 3室1厅 | 74.56平米 | 南 北,https://ke-image.ljcdn.com/110000-inspection/37ed5a0d-40d4-45b8-8173-24d461b4d42f_1000.jpg!m_fill,w_280,h_210,f_jpg?from=ke.com
20230609,丰台,七里庄,101118585802,望园东里正规三居户型方正近地铁临商场房主自荐,585万,58753元/平,底层 (共24层) | 2000年建 | 3室1厅 | 99.57平米 | 东南,https://ke-image.ljcdn.com/110000-inspection/pc1_afCcfpPgN.jpg!m_fill,w_280,h_210,f_jpg?from=ke.com
20230609,丰台,七里庄,101118582604,东大街东里 东西通透三居室  中间楼层   满五年唯一,425万,55081元/平,中楼层 (共6层) 3室1厅 | 77.16平米 | 东 西,https://ke-image.ljcdn.com/110000-inspection/f9357aa5-f3bd-43d2-9e6b-8b68269a7339_1000.jpg!m_fill,w_280,h_210,f_jpg?from=ke.com
20230609,丰台,七里庄,101118574615,庄维花园 2室1厅 西南,660万,68937元/平,低楼层 (共24层) 2室1厅 | 95.74平米 | 西南,https://ke-image.ljcdn.com/110000-inspection/518e4443-190d-4231-9b87-55baf848e1fc_1000.jpg!m_fill,w_280,h_210,f_jpg?from=ke.com
20230609,丰台,七里庄,101118573532,胡桃园精装修南北通透三居室,685万,49048元/平,高楼层 (共6层) | 2001年建 | 3室1厅 | 139.66平米 | 东南 北,https://ke-image.ljcdn.com/110000-inspection/pc1_HxPNMyxZr.jpg!m_fill,w_280,h_210,f_jpg?from=ke.com
20230609,丰台,七里庄,101118568991,七里庄 望园西里 南北通透二居室 地铁9号线,410万,70812元/平,底层 (共6层) | 1990年建 | 2室1厅 | 57.9平米 | 南 北,https://ke-image.ljcdn.com/110000-inspection/3901357b-db23-4ee8-a14e-9ecf189c9de5_1000.jpg!m_fill,w_280,h_210,f_jpg?from=ke.com
20230609,丰台,七里庄,101118558072,全南向精装修好房 满5年唯一观景房视野好,675万,61916元/平,顶层 (共24层) 2室1厅 | 109.02平米 | 东南,https://ke-image.ljcdn.com/110000-inspection/23ea8d21-b81e-4d2f-a289-e4446b99b70b_1000.jpg!m_fill,w_280,h_210,f_jpg?from=ke.com
20230609,丰台,七里庄,101118554407,2000年板楼社区中间楼层南北通透三居室,650万,51905元/平,中楼层 (共6层) | 2001年建 | 3室2厅 | 125.23平米 | 南 北,https://ke-image.ljcdn.com/110000-inspection/ba34e79e-dbb6-4176-9e4e-28bb3f53733e_1000.jpg!m_fill,w_280,h_210,f_jpg?from=ke.com
20230609,丰台,七里庄,101118448754,中建一局北院南向两居中间楼层诚意出售,320万,57143元/平,中楼层 (共6层) | 1980年建 | 2室1厅 | 56平米 | 南,https://ke-image.ljcdn.com/110000-inspection/pc1_7Zix1Rvql.jpg!m_fill,w_280,h_210,f_jpg?from=ke.com
20230609,丰台,七里庄,101118433353,胡桃园 2室1厅 南 北,560万,57864元/平,低楼层 (共6层) | 2001年建 | 2室1厅 | 96.78平米 | 南 北,https://ke-image.ljcdn.com/110000-inspection/pc1_UMN61guGb.jpg!m_fill,w_280,h_210,f_jpg?from=ke.com
20230609,丰台,七里庄,101118430272,七里庄 中建一局北院 南北向三居室,560万,61675元/平,低楼层 (共6层) | 1986年建 | 3室1厅 | 90.8平米 | 南 北,https://ke-image.ljcdn.com/110000-inspection/pc1_Qw3NFJRre_1.jpg!m_fill,w_280,h_210,f_jpg?from=ke.com
20230609,丰台,七里庄,101118416789,六里桥家园 南北通透二居 3面采光 200米到地铁站,595万,69976元/平,低楼层 (共29层) 2室1厅 | 85.03平米 | 东 南 北,https://ke-image.ljcdn.com/110000-inspection/pc1_EUKwUBPJi.jpg!m_fill,w_280,h_210,f_jpg?from=ke.com
20230609,丰台,七里庄,101118394564,望园西里 南北通透两居室 满五唯一,438万,74681元/平,低楼层 (共6层) | 1995年建 | 2室1厅 | 58.65平米 | 南 北,https://ke-image.ljcdn.com/110000-inspection/pc1_m86zws3X7.jpg!m_fill,w_280,h_210,f_jpg?from=ke.com
20230609,丰台,七里庄,101118388994,双地铁 不临街客厅带窗户 正对小花园 南北通透,373万,68820元/平,高楼层 (共6层) | 1990年建 | 2室1厅 | 54.2平米 | 南 北,https://ke-image.ljcdn.com/110000-inspection/bee82fcb-6367-4ce7-bcbd-f922a784a01f_1000.jpg!m_fill,w_280,h_210,f_jpg?from=ke.com
20230609,丰台,七里庄,101118384401,中建一局北院 低楼层 南北通透两居室 诚意出售,348万,55064元/平,低楼层 (共6层) 2室1厅 | 63.2平米 | 南 北,https://ke-image.ljcdn.com/110000-inspection/pc1_1B74TDG1Z_1.jpg!m_fill,w_280,h_210,f_jpg?from=ke.com
20230609,丰台,七里庄,101118373439,带电梯的板楼高楼层视野好采光好。,755万,80792元/平,高楼层 (共17层) | 2002年建 | 2室2厅 | 93.45平米 | 东 南 北,https://ke-image.ljcdn.com/110000-inspection/pc1_xfyUGsPLC.jpg!m_fill,w_280,h_210,f_jpg?from=ke.com
20230609,丰台,七里庄,101118366678,望园西里 南北通透 精装修 全明三居室 随时签约,476万,69918元/平,底层 (共6层) | 1993年建 | 3室1厅 | 68.08平米 | 南 北,https://ke-image.ljcdn.com/110000-inspection/pc1_M0o6ayl6g_1.jpg!m_fill,w_280,h_210,f_jpg?from=ke.com
20230609,丰台,七里庄,101118331077,七里庄地铁9号线14号线 望园东里小区 一居室户型方正,345万,63736元/平,中楼层 (共24层) | 2005年建 | 1室1厅 | 54.13平米 | 北,https://ke-image.ljcdn.com/110000-inspection/pc1_3fqR69tXX.jpg!m_fill,w_280,h_210,f_jpg?from=ke.com
20230609,丰台,七里庄,101118306835,望园东里正规三居室有电梯无遮挡 业主诚意出售,768万,60487元/平,高楼层 (共23层) | 2001年建 | 3室2厅 | 126.97平米 | 东南 北,https://ke-image.ljcdn.com/110000-inspection/pc1_HxY0Cdgkq.jpg!m_fill,w_280,h_210,f_jpg?from=ke.com
20230609,丰台,七里庄,101118276012,七里庄望园东里小区南向方正一居室,330万,67347元/平,顶层 (共6层) | 2000年建 | 1室1厅 | 49平米 | 南,https://ke-image.ljcdn.com/110000-inspection/pc1_Zrr4u3W10.jpg!m_fill,w_280,h_210,f_jpg?from=ke.com
20230609,丰台,七里庄,101118259278,望园东里 满五年唯一 南北通透 精装大两居 采光好,538万,55033元/平,高楼层 (共6层) 2室2厅 | 97.76平米 | 南 北,https://ke-image.ljcdn.com/110000-inspection/pc1_wdcaXu1xP_1.jpg!m_fill,w_280,h_210,f_jpg?from=ke.com
20230609,丰台,七里庄,101118234783,七里庄 望园东里 中低楼层 南向一居室,350万,71110元/平,低楼层 (共6层) | 1999年建 | 1室1厅 | 49.22平米 | 南,https://ke-image.ljcdn.com/110000-inspection/pc1_vAtfr52zG.jpg!m_fill,w_280,h_210,f_jpg?from=ke.com
20230609,丰台,七里庄,101118226401,七里庄 庄维花园 大两居 高楼层 采光时间长无遮挡,639万,62925元/平,高楼层 (共22层) | 2000年建 | 2室1厅 | 101.55平米 | 西南,https://ke-image.ljcdn.com/110000-inspection/5a65e616-3ea7-4c47-b1ac-39b2188776b9_1000.jpg!m_fill,w_280,h_210,f_jpg?from=ke.com
20230609,丰台,七里庄,101118199501,精致一居室明厨明卫无浪费面积采光充足,345万,66861元/平,中楼层 (共29层) 1室1厅 | 51.6平米 | 南,https://ke-image.ljcdn.com/110000-inspection/pc1_K00EYYcDj.jpg!m_fill,w_280,h_210,f_jpg?from=ke.com
20230609,丰台,七里庄,101118173747,丰台北路46号楼 电梯房板楼 南北通透三居两卫 无遮挡,1030万,77543元/平,高楼层 (共14层) 3室1厅 | 132.83平米 | 南 北,https://ke-image.ljcdn.com/110000-inspection/84e191aa-7403-429a-93d9-737763b7fd57_1000.jpg!m_fill,w_280,h_210,f_jpg?from=ke.com
20230609,丰台,七里庄,101118155077,七里庄 北大地 北大街北里中楼层南北两居地铁9号线,370万,61208元/平,中楼层 (共6层) 2室1厅 | 60.45平米 | 南 北,https://ke-image.ljcdn.com/110000-inspection/5c0e9530-0bb1-4027-8211-57af4b14653b_1000.jpg!m_fill,w_280,h_210,f_jpg?from=ke.com
20230609,丰台,七里庄,101118127335,东大街西里正规两室一厅另有10.5平米阳台满五年唯一,319万,59850元/平,底层 (共6层) 2室1厅 | 53.3平米 | 东 西,https://ke-image.ljcdn.com/110000-inspection/7fe1dc96-9696-408d-bfda-05d70f44a58e_1000.jpg!m_fill,w_280,h_210,f_jpg?from=ke.com
20230609,丰台,七里庄,101118115867,满五年唯一 南北通透 通风采光充足 居住舒适 近地铁,435万,75130元/平,高楼层 (共6层) | 1990年建 | 2室1厅 | 57.9平米 | 北 南,https://ke-image.ljcdn.com/110000-inspection/pc1_rEfXsG3SS.jpg!m_fill,w_280,h_210,f_jpg?from=ke.com
20230609,丰台,七里庄,101118111978,丰台区六里桥七里庄望园东里精装一居室出售9号14号线,339万,60536元/平,高楼层 (共24层) 1室1厅 | 56平米 | 北,https://ke-image.ljcdn.com/110000-inspection/pc1_9EVm5Z96s.jpg!m_fill,w_280,h_210,f_jpg?from=ke.com
20230609,丰台,七里庄,101118111333,望园东里满五唯一近地铁配套完善两居室,495万,69640元/平,低楼层 (共24层) 2室1厅 | 71.08平米 | 东南,https://ke-image.ljcdn.com/110000-inspection/pc1_hKEtA1Cy0.jpg!m_fill,w_280,h_210,f_jpg?from=ke.com
20230609,丰台,七里庄,101118107616,望园东里 东南向大两居室 户型方正,650万,59595元/平,底层 (共24层) 2室1厅 | 109.07平米 | 东南,https://ke-image.ljcdn.com/110000-inspection/pc1_en91D5NTq.jpg!m_fill,w_280,h_210,f_jpg?from=ke.com
20230609,丰台,七里庄,101118103652,望园西里南北通透一居室业主诚意出售看房方便,308万,72848元/平,顶层 (共6层) | 1993年建 | 2室1厅 | 42.28平米 | 南 北,https://ke-image.ljcdn.com/110000-inspection/pc1_CYQTtig71_1.jpg!m_fill,w_280,h_210,f_jpg?from=ke.com
20230609,丰台,七里庄,101118093246,七里庄 庄维花园 满五唯一全南大两居随时签约房主自荐,675万,61927元/平,低楼层 (共24层) 2室1厅 | 109平米 | 东南,https://ke-image.ljcdn.com/110000-inspection/c9b7e0fb-ea19-47b1-89e9-79e90d5ec616_1000.jpg!m_fill,w_280,h_210,f_jpg?from=ke.com
20230609,丰台,七里庄,101118091615,丰台区东大街西里 新上近地铁 出行方便,339万,58651元/平,高楼层 (共6层) 2室1厅 | 57.8平米 | 东 西,https://ke-image.ljcdn.com/110000-inspection/5407c730-81a7-4b64-a55f-5cb13aa408ef_1000.jpg!m_fill,w_280,h_210,f_jpg?from=ke.com
20230609,丰台,七里庄,101118089413,公园旁边 正规三居 精装修 领包入住,399万,67308元/平,高楼层 (共6层) | 1980年建 | 3室1厅 | 59.28平米 | 南 北,https://ke-image.ljcdn.com/110000-inspection/859dcc33-f624-4c4b-a804-343aa9d754f1_1000.jpg!m_fill,w_280,h_210,f_jpg?from=ke.com
20230609,丰台,七里庄,101118087086,七里庄 小井润园一区 南向二居室 地铁9号线,550万,55210元/平,顶层 (共9层) 2室2厅 | 99.62平米 | 南,https://ke-image.ljcdn.com/110000-inspection/pc1_2s5XM6a9E.jpg!m_fill,w_280,h_210,f_jpg?from=ke.com
20230609,丰台,七里庄,101118065050,中建一局南院 南北两居 随时签约不临街无遮挡,325万,58771元/平,中楼层 (共5层) 2室0厅 | 55.3平米 | 南 北,https://ke-image.ljcdn.com/110000-inspection/pc1_UPfr1ALmF.jpg!m_fill,w_280,h_210,f_jpg?from=ke.com
20230609,丰台,七里庄,101118060053,望园东里 3室1厅 西 北,555万,57306元/平,低楼层 (共24层) | 2000年建 | 3室1厅 | 96.85平米 | 西 北,https://ke-image.ljcdn.com/110000-inspection/pc1_SP0qkId71.jpg!m_fill,w_280,h_210,f_jpg?from=ke.com
20230609,丰台,七里庄,101118059039,望园东里 南北通透 精装修 大两居 格局好,578万,55122元/平,高楼层 (共6层) 2室2厅 | 104.86平米 | 南 北,https://ke-image.ljcdn.com/110000-inspection/pc1_Rzo56P2PC.jpg!m_fill,w_280,h_210,f_jpg?from=ke.com
20230609,丰台,七里庄,101118056295,庄维花园 东南两居室 精装 商品房,616万,60493元/平,中楼层 (共22层) | 2000年建 | 2室1厅 | 101.83平米 | 东南,https://ke-image.ljcdn.com/110000-inspection/a46d772a-e535-4850-855a-7d93a804b0bb_1000.jpg!m_fill,w_280,h_210,f_jpg?from=ke.com
20230609,丰台,七里庄,101118055195,东大街东里 2室1厅 南 北,405万,54174元/平,顶层 (共6层) 2室1厅 | 74.76平米 | 南 北,https://ke-image.ljcdn.com/110000-inspection/38d8f944-c423-4baa-a26c-39da95eabf5f_1000.jpg!m_fill,w_280,h_210,f_jpg?from=ke.com
20230609,丰台,七里庄,101118044272,望园西里小三居诚意出售明厨明卫七里庄地铁500米,455万,66414元/平,高楼层 (共6层) | 1994年建 | 3室1厅 | 68.51平米 | 南 北,https://ke-image.ljcdn.com/110000-inspection/pc1_g33EbWafT.jpg!m_fill,w_280,h_210,f_jpg?from=ke.com
20230609,丰台,七里庄,101118017813,七里庄 中建一局北院 南北通透 满五年唯一,360万,57198元/平,低楼层 (共6层) 2室1厅 | 62.94平米 | 南 北,https://ke-image.ljcdn.com/110000-inspection/pc1_Nz41hDx12.jpg!m_fill,w_280,h_210,f_jpg?from=ke.com
20230609,丰台,七里庄,101117986433,中建一局北院 户型方正 有电梯 满五年唯一 诚心出售,780万,57637元/平,高楼层 (共14层) 4室2厅 | 135.33平米 | 南 北,https://ke-image.ljcdn.com/110000-inspection/pc1_OkcSehdLI.jpg!m_fill,w_280,h_210,f_jpg?from=ke.com
20230609,丰台,七里庄,101117985918,此房精装修商品房满五唯一近地铁。,645万,63685元/平,高楼层 (共24层) | 2001年建 | 2室1厅 | 101.28平米 | 东南,https://ke-image.ljcdn.com/110000-inspection/11ea4395-b3cd-457e-ae42-2fc05c940dc1_1000.jpg!m_fill,w_280,h_210,f_jpg?from=ke.com
20230609,丰台,七里庄,101117974533,望园东里 中间层 三居室 户型方正 通风效果好,475万,58780元/平,中楼层 (共6层) | 1998年建 | 3室1厅 | 80.81平米 | 东 西 北,https://ke-image.ljcdn.com/110000-inspection/pc1_3QQxFlIPI.jpg!m_fill,w_280,h_210,f_jpg?from=ke.com
20230609,丰台,七里庄,101117970023,格局好南北通透 户型方正 低楼层 居住舒适,480万,66107元/平,低楼层 (共6层) | 1990年建 | 3室1厅 | 72.61平米 | 南 北,https://ke-image.ljcdn.com/110000-inspection/454156dc-ca07-49c5-acb1-2c44016c699b_1000.jpg!m_fill,w_280,h_210,f_jpg?from=ke.com
20230609,丰台,七里庄,101117957339,中建一局南院 南北通透两居室 楼层好 小区中间位置,309万,56080元/平,中楼层 (共5层) | 1980年建 | 2室1厅 | 55.1平米 | 南 北,https://ke-image.ljcdn.com/110000-inspection/pc1_gmmdlKKIS.jpg!m_fill,w_280,h_210,f_jpg?from=ke.com
20230609,丰台,七里庄,101117945212,小井润园一区  高楼层两居室 板楼带电梯,550万,55210元/平,高楼层 (共9层) 2室1厅 | 99.62平米 | 南,https://ke-image.ljcdn.com/110000-inspection/pc1_8guI3D0cD.jpg!m_fill,w_280,h_210,f_jpg?from=ke.com
20230609,丰台,七里庄,101117938156,南向正规一居室交通方便配套成熟。,350万,82939元/平,中楼层 (共6层) | 1993年建 | 1室1厅 | 42.2平米 | 南,https://ke-image.ljcdn.com/110000-inspection/6a289507-2c8c-45bf-814a-fa8654258182_1000.jpg!m_fill,w_280,h_210,f_jpg?from=ke.com
20230609,丰台,七里庄,101117919720,正规一室一厅全明格局精装修,380万,65620元/平,中楼层 (共9层) | 2006年建 | 1室1厅 | 57.91平米 | 北,https://ke-image.ljcdn.com/110000-inspection/pc1_OW0QnNDoY.jpg!m_fill,w_280,h_210,f_jpg?from=ke.com
20230609,丰台,七里庄,101117916842,北大街北里 2室1厅 南 北,305万,57127元/平,顶层 (共6层) | 1985年建 | 2室1厅 | 53.39平米 | 南 北,https://ke-image.ljcdn.com/110000-inspection/ee7672ac-f4f5-40f1-a9eb-2c008c40b089_1000.jpg!m_fill,w_280,h_210,f_jpg?from=ke.com
20230609,丰台,七里庄,101117916203,望园东里中间层正规三居精装修诚意出售,505万,62477元/平,中楼层 (共6层) 3室1厅 | 80.83平米 | 东 西 北,https://ke-image.ljcdn.com/110000-inspection/pc1_K7UpJJGuo.jpg!m_fill,w_280,h_210,f_jpg?from=ke.com
20230609,丰台,七里庄,101117900100,中建一局北院满五唯一南北通透精装修两居室诚意出售,308万,54902元/平,顶层 (共6层) | 1980年建 | 2室1厅 | 56.1平米 | 南 北,https://ke-image.ljcdn.com/110000-inspection/pc1_w7P0z6z2t.jpg!m_fill,w_280,h_210,f_jpg?from=ke.com
20230609,丰台,七里庄,101117895676,保利欣苑 全明格局 满五唯一 一居室 人车分人流,319万,72026元/平,高楼层 (共9层) | 2004年建 | 1室1厅 | 44.29平米 | 北,https://ke-image.ljcdn.com/110000-inspection/pc1_gLQalOokq.jpg!m_fill,w_280,h_210,f_jpg?from=ke.com
20230609,丰台,七里庄,101117895607,七里庄地铁100米望园东里精装一居南北通透明卫房主自荐,450万,65589元/平,高楼层 (共24层) 1室1厅 | 68.61平米 | 南 北,https://ke-image.ljcdn.com/110000-inspection/pc1_vaXuLWkVD_1.jpg!m_fill,w_280,h_210,f_jpg?from=ke.com
20230609,丰台,七里庄,101117867918,望园西里 满五唯一 低楼层进出方便,427万,68972元/平,底层 (共6层) 3室1厅 | 61.91平米 | 东 西,https://ke-image.ljcdn.com/110000-inspection/pc1_iFNfCCmbf.jpg!m_fill,w_280,h_210,f_jpg?from=ke.com
20230609,丰台,七里庄,101117858341,西局欣园南区南北通透三居室中楼层,1350万,87823元/平,中楼层 (共15层) | 2002年建 | 3室2厅 | 153.72平米 | 南 北,https://ke-image.ljcdn.com/110000-inspection/pc1_9LzL4abSY.jpg!m_fill,w_280,h_210,f_jpg?from=ke.com
20230609,丰台,七里庄,101117844968,北大街北里 精装两居 光线好 无遮挡,355万,64664元/平,中楼层 (共6层) | 1992年建 | 2室1厅 | 54.9平米 | 南,https://ke-image.ljcdn.com/110000-inspection/d82b43ba-8b7f-4765-9e52-86e348556e14_1000.jpg!m_fill,w_280,h_210,f_jpg?from=ke.com
20230609,丰台,七里庄,101117834274,庄维花园全南向两居 满五唯一 不临街有钥匙随时看,668万,61274元/平,高楼层 (共24层) | 2002年建 | 2室2厅 | 109.02平米 | 东南,https://ke-image.ljcdn.com/110000-inspection/fe8e49fd-6293-478a-9026-b4eb48aff26c_1000.jpg!m_fill,w_280,h_210,f_jpg?from=ke.com
20230609,丰台,七里庄,101117826537,七里庄 庄维多摩市二期板楼低楼层两居无遮挡 日照充足,695万,71999元/平,底层 (共17层) | 2004年建 | 2室1厅 | 96.53平米 | 南,https://ke-image.ljcdn.com/110000-inspection/c09e751b-48cc-45df-8d39-e263a4155e88_1000.jpg!m_fill,w_280,h_210,f_jpg?from=ke.com
20230609,丰台,七里庄,101117823328,小井润园精装一居室诚意出售,360万,62166元/平,低楼层 (共9层) 1室1厅 | 57.91平米 | 北,https://ke-image.ljcdn.com/110000-inspection/pc1_D4JAwMcvb.jpg!m_fill,w_280,h_210,f_jpg?from=ke.com
20230609,丰台,七里庄,101117821692,望园东里满五唯一精装刚需一居出售七里庄地铁300米,330万,58929元/平,中楼层 (共24层) 1室1厅 | 56平米 | 北,https://ke-image.ljcdn.com/110000-inspection/pc1_5vnmPxqx3.jpg!m_fill,w_280,h_210,f_jpg?from=ke.com
20230609,丰台,七里庄,101117819589,望园西里 南北通透两居室 采光好 无遮挡 户型好,415万,71676元/平,中楼层 (共6层) | 1990年建 | 2室1厅 | 57.9平米 | 南 北,https://ke-image.ljcdn.com/110000-inspection/pc1_GLQRkmNqv_1.jpg!m_fill,w_280,h_210,f_jpg?from=ke.com
20230609,丰台,七里庄,101117803949,小区中间 安静 中间楼层 不临街 无遮挡 只有契税,358万,65448元/平,中楼层 (共6层) 2室1厅 | 54.7平米 | 南 北,https://ke-image.ljcdn.com/110000-inspection/a05d1f67-3602-43da-8908-85b9701ca87a_1000.jpg!m_fill,w_280,h_210,f_jpg?from=ke.com
20230609,丰台,七里庄,101117782971,中建一局北院 户型很好 中高楼层,520万,66736元/平,中楼层 (共14层) | 2000年建 | 2室1厅 | 77.92平米 | 南 西,https://ke-image.ljcdn.com/110000-inspection/pc1_OLtznBcAw.jpg!m_fill,w_280,h_210,f_jpg?from=ke.com
20230609,丰台,七里庄,101117751571,东大街西里一层带小房两居室南北通透户型好房主自荐,340万,64273元/平,底层 (共6层) | 1980年建 | 2室1厅 | 52.9平米 | 南 北,https://ke-image.ljcdn.com/110000-inspection/aa17fdff-8712-4385-9a4f-303c38af8953_1000.jpg!m_fill,w_280,h_210,f_jpg?from=ke.com
20230609,丰台,七里庄,101117748856,望园东里两居室双卫满五年唯一住房,609万,55754元/平,顶层 (共24层) 2室1厅 | 109.23平米 | 西南,https://ke-image.ljcdn.com/110000-inspection/pc1_QzQig4sex.jpg!m_fill,w_280,h_210,f_jpg?from=ke.com
20230609,丰台,七里庄,101117704694,东大街东里 2室1厅 东 西,420万,55733元/平,高楼层 (共6层) | 1990年建 | 2室1厅 | 75.36平米 | 东 西,https://ke-image.ljcdn.com/110000-inspection/7aa28286-f73c-46be-90bc-598182ace551_1000.jpg!m_fill,w_280,h_210,f_jpg?from=ke.com
20230609,丰台,七里庄,101117701221,七里庄望园东里小区精装两居室中间楼层,518万,62096元/平,中楼层 (共24层) 2室1厅 | 83.42平米 | 西南,https://ke-image.ljcdn.com/110000-inspection/pc1_BfDhV55zV.jpg!m_fill,w_280,h_210,f_jpg?from=ke.com
20230609,丰台,七里庄,101117673102,南北通透全明格局 通风采光充足 居住舒适 近地铁,478万,64179元/平,中楼层 (共6层) | 1994年建 | 3室1厅 | 74.48平米 | 南 北,https://ke-image.ljcdn.com/110000-inspection/pc1_8919SFP1S.jpg!m_fill,w_280,h_210,f_jpg?from=ke.com
20230609,丰台,七里庄,101117654162,北大街北里两居 业主诚心出售 随时签约,336万,65459元/平,低楼层 (共6层) 2室1厅 | 51.33平米 | 南 北,https://ke-image.ljcdn.com/110000-inspection/pc1_uS4cgYleS_1.jpg!m_fill,w_280,h_210,f_jpg?from=ke.com
20230609,丰台,七里庄,101117648703,庄维花园南北三居 双卫全明 满5唯一随时签约,763万,58549元/平,高楼层 (共24层) 3室1厅 | 130.32平米 | 南 北,https://ke-image.ljcdn.com/110000-inspection/pc1_8szGDEHh6_1.jpg!m_fill,w_280,h_210,f_jpg?from=ke.com
20230609,丰台,七里庄,101117601454,东大街西里楼层好的3居诚心出售,395万,64051元/平,中楼层 (共6层) 3室1厅 | 61.67平米 | 南,https://ke-image.ljcdn.com/110000-inspection/pc1_YWiiciulA_1.jpg!m_fill,w_280,h_210,f_jpg?from=ke.com
20230609,丰台,七里庄,101117570952,店长推荐好房 望园东里 南北通透两居室  采光好,436万,67026元/平,顶层 (共6层) 2室2厅 | 65.05平米 | 南 北,https://ke-image.ljcdn.com/110000-inspection/pc1_EyctAXgQy.jpg!m_fill,w_280,h_210,f_jpg?from=ke.com
20230609,丰台,七里庄,101117551358,满五唯一楼龄新采光充足户型方正标准两居室,650万,60225元/平,中楼层 (共19层) | 2007年建 | 2室1厅 | 107.93平米 | 西南,https://ke-image.ljcdn.com/110000-inspection/73167744-7841-4719-9f49-b174aa9e575c_1000.jpg!m_fill,w_280,h_210,f_jpg?from=ke.com
20230609,丰台,七里庄,101117549343,丰华苑西街 落地飘窗三居室 无遮挡 视野好,808万,65879元/平,中楼层 (共21层) 3室2厅 | 122.65平米 | 西北 南,https://ke-image.ljcdn.com/110000-inspection/619e5eea-ea55-4d13-aa76-02f09b86ea69_1000.jpg!m_fill,w_280,h_210,f_jpg?from=ke.com
20230609,丰台,七里庄,101117505712,中建一局南院 南北两居商品房随时签约,300万,54645元/平,顶层 (共5层) | 1979年建 | 2室1厅 | 54.9平米 | 南 北,https://ke-image.ljcdn.com/110000-inspection/pc1_lc2gjWCJX.jpg!m_fill,w_280,h_210,f_jpg?from=ke.com
20230609,丰台,七里庄,101117400512,望园东里 东西通透两居室 非顶层 诚心出售,439万,64903元/平,高楼层 (共6层) 2室1厅 | 67.64平米 | 东 西,https://ke-image.ljcdn.com/110000-inspection/pc1_mlSGF92DM.jpg!m_fill,w_280,h_210,f_jpg?from=ke.com
20230609,丰台,七里庄,101117238175,中建一局南院 2室0厅 南,268万,56303元/平,中楼层 (共5层) 2室0厅 | 47.6平米 | 南,https://ke-image.ljcdn.com/110000-inspection/pc1_DqicNBo8F.jpg!m_fill,w_280,h_210,f_jpg?from=ke.com
20230609,丰台,七里庄,101117178678,小井润园一区正规一居室诚意出售随时签约,336万,60000元/平,低楼层 (共9层) 1室1厅 | 56平米 | 北,https://ke-image.ljcdn.com/110000-inspection/pc1_s4hKulhXD.jpg!m_fill,w_280,h_210,f_jpg?from=ke.com
20230609,丰台,七里庄,101117144392,中建一局南院全南两居室精装修满五无遮挡,320万,66667元/平,顶层 (共5层) | 1979年建 | 2室1厅 | 48平米 | 南 北,https://ke-image.ljcdn.com/110000-inspection/pc1_7BREy8QCd.jpg!m_fill,w_280,h_210,f_jpg?from=ke.com
20230609,丰台,七里庄,101117135665,中建一局北院 精装修 南北通透 看房方便 随时签约,328万,51899元/平,顶层 (共6层) | 1980年建 | 2室1厅 | 63.2平米 | 南 北,https://ke-image.ljcdn.com/110000-inspection/pc1_sr3M86VTA.jpg!m_fill,w_280,h_210,f_jpg?from=ke.com
20230609,丰台,七里庄,101117135625,小井润园一区 3室2厅 南 北,869万,58543元/平,低楼层 (共9层) | 2004年建 | 3室2厅 | 148.44平米 | 南 北,https://ke-image.ljcdn.com/110000-inspection/pc1_XCCGEQU0L.jpg!m_fill,w_280,h_210,f_jpg?from=ke.com
20230609,丰台,七里庄,101117127798,望园东里近地铁南向三居室采光好视野佳满五唯一,670万,67290元/平,中楼层 (共24层) 3室1厅 | 99.57平米 | 东 南,https://ke-image.ljcdn.com/110000-inspection/pc1_jpUZ3SvA5.jpg!m_fill,w_280,h_210,f_jpg?from=ke.com
20230609,丰台,七里庄,101117087868,满五年唯一无遮挡视野开阔精装修拎包入住。房主自荐,640万,58678元/平,中楼层 (共24层) 2室1厅 | 109.07平米 | 西南,https://ke-image.ljcdn.com/110000-inspection/243eca8e-f936-4cd3-ad7a-ecd063976d4e_1000.jpg!m_fill,w_280,h_210,f_jpg?from=ke.com
20230609,丰台,七里庄,101117081648,望园东里南向一居室房屋刚需客户的选择房主自荐,459万,66532元/平,高楼层 (共24层) | 2000年建 | 1室1厅 | 68.99平米 | 南 北,https://ke-image.ljcdn.com/110000-inspection/pc1_QQMoscoeY.jpg!m_fill,w_280,h_210,f_jpg?from=ke.com
20230609,丰台,七里庄,101117058209,西四环南路32号 东西向两居室 满五年唯一 诚心出售,209万,43370元/平,顶层 (共5层) | 1979年建 | 2室0厅 | 48.19平米 | 西 东,https://ke-image.ljcdn.com/110000-inspection/pc1_GYY3GOCkq.jpg!m_fill,w_280,h_210,f_jpg?from=ke.com
20230609,丰台,七里庄,101117029959,商品房满五年唯一 东西通透 高楼层 无遮挡 采光好,320万,52981元/平,顶层 (共6层) | 1992年建 | 2室1厅 | 60.4平米 | 东 西,https://ke-image.ljcdn.com/110000-inspection/pc1_s5f6SdGMA_1.jpg!m_fill,w_280,h_210,f_jpg?from=ke.com
20230609,丰台,七里庄,101117007182,望园东里高楼层三室一厅双卫满五年唯一,720万,60935元/平,高楼层 (共24层) 3室1厅 | 118.16平米 | 西北 南,https://ke-image.ljcdn.com/110000-inspection/pc1_L7iQ7JXMu.jpg!m_fill,w_280,h_210,f_jpg?from=ke.com
20230609,丰台,七里庄,101117004709,此房是满五年唯一商品房。全明格局户型方正,345万,54589元/平,中楼层 (共6层) | 1980年建 | 2室1厅 | 63.2平米 | 南 北,https://ke-image.ljcdn.com/110000-inspection/2744aa55-e73d-4916-8465-b2f230560ba1_1000.jpg!m_fill,w_280,h_210,f_jpg?from=ke.com
20230609,丰台,七里庄,101116994667,望园东里西南北朝向三居室 全明户型,550万,56742元/平,顶层 (共24层) | 1999年建 | 3室1厅 | 96.93平米 | 西北,https://ke-image.ljcdn.com/110000-inspection/3ed24f23-e433-4de7-8cb6-339ba3b02b00_1000.jpg!m_fill,w_280,h_210,f_jpg?from=ke.com
20230609,丰台,七里庄,101116853397,房本满五年且业主家庭名下北京唯一住房房子南北通透,532万,65818元/平,顶层 (共6层) | 1998年建 | 3室1厅 | 80.83平米 | 南 北 东,https://ke-image.ljcdn.com/110000-inspection/pc1_PvNMUl9S7.jpg!m_fill,w_280,h_210,f_jpg?from=ke.com
20230609,丰台,七里庄,101116851020,望园东里 东南一居 满五年唯一商品房,425万,64103元/平,顶层 (共24层) | 2005年建 | 1室1厅 | 66.3平米 | 东 南,https://ke-image.ljcdn.com/110000-inspection/pc1_7PT6f4sPS.jpg!m_fill,w_280,h_210,f_jpg?from=ke.com
20230609,丰台,七里庄,101116837258,前后无遮挡不临街视野开阔小区安静,345万,47652元/平,顶层 (共6层) | 2000年建 | 1室1厅 | 72.4平米 | 北,https://ke-image.ljcdn.com/110000-inspection/pc1_21jUkvp0U.jpg!m_fill,w_280,h_210,f_jpg?from=ke.com
20230609,丰台,七里庄,101116820657,七里庄 北大街北里 全南向采光好2居室 诚心出售房主自荐,316万,60618元/平,高楼层 (共6层) | 1980年建 | 2室1厅 | 52.13平米 | 南,https://ke-image.ljcdn.com/110000-inspection/67d53327-dd56-40eb-9e08-080ab54341f9_1000.jpg!m_fill,w_280,h_210,f_jpg?from=ke.com
20230609,丰台,七里庄,101116804436,望园东里精装修三居室业主诚意出售房主自荐,675万,65547元/平,顶层 (共6层) 3室2厅 | 102.98平米 | 南 北,https://ke-image.ljcdn.com/110000-inspection/pc1_pXg7MfDxj.jpg!m_fill,w_280,h_210,f_jpg?from=ke.com
20230609,丰台,七里庄,101116786342,六里桥丽泽六里桥家园开间户型高楼层,310万,60976元/平,中楼层 (共29层) 1室1厅 | 50.84平米 | 南,https://ke-image.ljcdn.com/110000-inspection/pc1_Jwi7j4ka5.jpg!m_fill,w_280,h_210,f_jpg?from=ke.com
20230609,丰台,七里庄,101116780670,东大街东里南北两居室地铁9、14号线环绕,352万,64945元/平,顶层 (共6层) | 1990年建 | 2室1厅 | 54.2平米 | 南 北,https://ke-image.ljcdn.com/110000-inspection/pc1_1jAvU6H7U.jpg!m_fill,w_280,h_210,f_jpg?from=ke.com
20230609,丰台,七里庄,101116775104,西四环南路52号院 中间楼层 前后不临街,305万,55354元/平,中楼层 (共5层) 2室1厅 | 55.1平米 | 南 北,https://ke-image.ljcdn.com/110000-inspection/pc1_1cy7jHdwl.jpg!m_fill,w_280,h_210,f_jpg?from=ke.com
20230609,丰台,七里庄,101116763791,满五年不唯一南北通透户型方正,396万,52970元/平,顶层 (共6层) 3室1厅 | 74.76平米 | 北 南,https://ke-image.ljcdn.com/110000-inspection/prod-588ec9fa-5b67-41dc-87e3-9fef9e4558b0.jpg!m_fill,w_280,h_210,f_jpg?from=ke.com
20230609,丰台,七里庄,101116748508,满五唯一南北通透两居室全明户型,288万,52460元/平,顶层 (共5层) | 1970年建 | 2室1厅 | 54.9平米 | 南 北,https://ke-image.ljcdn.com/110000-inspection/pc1_V7Nw9UWGi.jpg!m_fill,w_280,h_210,f_jpg?from=ke.com
20230609,丰台,七里庄,101116741861,西局七里庄西局欣园南区满五唯一两居室全明格局,700万,80507元/平,底层 (共15层) | 2002年建 | 2室1厅 | 86.95平米 | 东 南 北,https://ke-image.ljcdn.com/110000-inspection/pc1_ZjUks6Xia.jpg!m_fill,w_280,h_210,f_jpg?from=ke.com
20230609,丰台,七里庄,101116699788,泥洼路5号院 1室1厅 东,270万,57204元/平,高楼层 (共6层) 1室1厅 | 47.2平米 | 东,https://ke-image.ljcdn.com/110000-inspection/c8e84abf-fb8b-484a-9c78-b769210ac77d_1000.jpg!m_fill,w_280,h_210,f_jpg?from=ke.com
20230609,丰台,七里庄,101116564324,西四环南路32号满五年唯一中间楼层户型优质！,215万,45369元/平,中楼层 (共5层) | 1979年建 | 2室1厅 | 47.39平米 | 东,https://ke-image.ljcdn.com/110000-inspection/pc1_VImDsHfbp.jpg!m_fill,w_280,h_210,f_jpg?from=ke.com
20230609,丰台,七里庄,101116560974,七里庄 望园东里 东南向两居室,660万,61112元/平,中楼层 (共19层) | 2007年建 | 2室2厅 | 108平米 | 东南,https://ke-image.ljcdn.com/110000-inspection/3fd58c18-85d3-472d-810d-67a1dd10112a_1000.jpg!m_fill,w_280,h_210,f_jpg?from=ke.com
20230609,丰台,七里庄,101116523557,望园东里 高楼层 两室一厅 满五年唯一房主自荐,660万,60423元/平,中楼层 (共24层) 2室1厅 | 109.23平米 | 东南,https://ke-image.ljcdn.com/110000-inspection/pc1_1T2zJVHNC_1.jpg!m_fill,w_280,h_210,f_jpg?from=ke.com
20230609,丰台,七里庄,101116519542,庄维花园 精装修两居 双卧朝南,640万,66848元/平,中楼层 (共24层) 2室1厅 | 95.74平米 | 西南,https://ke-image.ljcdn.com/110000-inspection/62a86eb5-3b12-4fe0-8555-91b80182f26b_1000.jpg!m_fill,w_280,h_210,f_jpg?from=ke.com
20230609,丰台,七里庄,101116478873,望园东里  高楼层精装修三居室  采光好  满五年唯一房主自荐,635万,74235元/平,中楼层 (共24层) 3室1厅 | 85.54平米 | 西南,https://ke-image.ljcdn.com/110000-inspection/pc1_yUWbUgjoP.jpg!m_fill,w_280,h_210,f_jpg?from=ke.com
20230609,丰台,七里庄,101116454229,中建一局南院满五唯一南北通透大二居,536万,59293元/平,中楼层 (共5层) | 1970年建 | 2室1厅 | 90.4平米 | 南 北,https://ke-image.ljcdn.com/110000-inspection/pc1_vx7ZJfb4E_1.jpg!m_fill,w_280,h_210,f_jpg?from=ke.com
20230609,丰台,七里庄,101116393486,中建一局北院南北通透宜居好户型,455万,58635元/平,顶层 (共6层) 3室1厅 | 77.6平米 | 南 北,https://ke-image.ljcdn.com/110000-inspection/pc1_szLcjUwyN_1.jpg!m_fill,w_280,h_210,f_jpg?from=ke.com
20230609,丰台,七里庄,101116364016,七里庄 胡桃园 南北通透 复式结构,620万,41027元/平,顶层 (共6层) | 2000年建 | 4室1厅 | 151.12平米 | 南 北,https://ke-image.ljcdn.com/110000-inspection/7664dd74-9962-4a73-9c27-2cfe66895dcc_1000.jpg!m_fill,w_280,h_210,f_jpg?from=ke.com
20230609,丰台,七里庄,101116244033,丰台公园南边北大街北里2003年房,495万,60699元/平,顶层 (共6层) | 2003年建 | 3室1厅 | 81.55平米 | 南 北,https://ke-image.ljcdn.com/110000-inspection/a97b1eac-55bf-47ab-b4fc-e6a690da1c58_1000.jpg!m_fill,w_280,h_210,f_jpg?from=ke.com
20230609,丰台,七里庄,101116202198,七里庄 东大街西里 南北通透 采光好 诚心出售,405万,57940元/平,顶层 (共6层) 3室1厅 | 69.9平米 | 南 北,https://ke-image.ljcdn.com/110000-inspection/6e61307f-48a8-4d19-9e5b-251564de8fec_1000.jpg!m_fill,w_280,h_210,f_jpg?from=ke.com
20230609,丰台,七里庄,101116152238,望园西里南北通透两居室 满五唯一商品房无遮挡不临街房主自荐,338万,68840元/平,顶层 (共6层) 2室1厅 | 49.1平米 | 南 北,https://ke-image.ljcdn.com/110000-inspection/pc1_Ev5MYLXAC_1.jpg!m_fill,w_280,h_210,f_jpg?from=ke.com
20230609,丰台,七里庄,101116128505,中建一局北院  南北通透 低楼层小三居 诚意出售,420万,63637元/平,低楼层 (共6层) | 1980年建 | 3室1厅 | 66平米 | 南 北,https://ke-image.ljcdn.com/110000-inspection/pc1_DoueknFIY.jpg!m_fill,w_280,h_210,f_jpg?from=ke.com
20230609,丰台,七里庄,101116075838,西三环外西局商圈 鼎恒中心东向正规二居五百万,515万,47131元/平,中楼层 (共24层) | 2003年建 | 2室1厅 | 109.27平米 | 东,https://ke-image.ljcdn.com/110000-inspection/pc1_tOWGyOtDa.jpg!m_fill,w_280,h_210,f_jpg?from=ke.com
20230609,丰台,七里庄,101115999927,庄维花园通透三居室功能间都有窗户高楼层视野好,770万,59086元/平,中楼层 (共24层) | 2001年建 | 3室1厅 | 130.32平米 | 南 北,https://ke-image.ljcdn.com/110000-inspection/c6c6dbb2-bd5c-4ee0-a0a2-41abfb1cee12_1000.jpg!m_fill,w_280,h_210,f_jpg?from=ke.com
20230609,丰台,七里庄,101115964322,丰台区望园东里西南向大三居出售9和14号线七里庄站,928万,58846元/平,中楼层 (共23层) | 2002年建 | 3室2厅 | 157.7平米 | 南,https://ke-image.ljcdn.com/110000-inspection/7a11c45f-1770-4f69-9c2d-8aef6d1e6940_1000.jpg!m_fill,w_280,h_210,f_jpg?from=ke.com
20230609,丰台,七里庄,101115908519,庄维多摩市三期 满五年唯一商品房 东南向无遮挡,620万,72397元/平,中楼层 (共22层) | 2007年建 | 2室1厅 | 85.64平米 | 东南,https://ke-image.ljcdn.com/110000-inspection/pc1_zfOJrqBou_1.jpg!m_fill,w_280,h_210,f_jpg?from=ke.com
20230609,丰台,七里庄,101115847838,望园西里 2室2厅 东北,393万,65731元/平,中楼层 (共6层) 2室2厅 | 59.79平米 | 东北,https://ke-image.ljcdn.com/110000-inspection/pc1_6kyn5XuXq.jpg!m_fill,w_280,h_210,f_jpg?from=ke.com
20230609,丰台,七里庄,101115765586,西局欣园南区朝东向一居室诚意出售,487万,79175元/平,中楼层 (共17层) | 2002年建 | 2室1厅 | 61.51平米 | 东,https://ke-image.ljcdn.com/110000-inspection/9abf7e0f-e83b-4644-bd89-a028013f4df1_1000.jpg!m_fill,w_280,h_210,f_jpg?from=ke.com
20230609,丰台,七里庄,101115645971,望园东里南北通透两居室采光好,410万,60616元/平,顶层 (共6层) | 1999年建 | 2室1厅 | 67.64平米 | 南 北,https://ke-image.ljcdn.com/110000-inspection/pc1_UvkU5YKww.jpg!m_fill,w_280,h_210,f_jpg?from=ke.com
20230609,丰台,七里庄,101115629035,此房满五唯一全明格局楼层好视野宽阔交通便利,1150万,83443元/平,低楼层 (共14层) | 2008年建 | 3室1厅 | 137.82平米 | 南 西 北,https://ke-image.ljcdn.com/110000-inspection/pc1_uvDtn5xrt_1.jpg!m_fill,w_280,h_210,f_jpg?from=ke.com
20230609,丰台,七里庄,101115569957,9号线14号线换乘站  东大街东里 南北两居  非顶层,354万,64015元/平,高楼层 (共6层) 2室1厅 | 55.3平米 | 南 北,https://ke-image.ljcdn.com/110000-inspection/4b68a4b6-f514-41b7-b0cd-1a45f99c9b67_1000.jpg!m_fill,w_280,h_210,f_jpg?from=ke.com
20230609,丰台,七里庄,101115543463,七里庄望园西里南北通透精装修三居室,555万,82101元/平,底层 (共6层) | 1995年建 | 3室1厅 | 67.6平米 | 南 北,https://ke-image.ljcdn.com/110000-inspection/pc1_bwfrI07oP_1.jpg!m_fill,w_280,h_210,f_jpg?from=ke.com
20230609,丰台,七里庄,101115402920,庄维花园 经典三居室 大阳台 高楼层无遮挡,820万,60348元/平,中楼层 (共24层) | 2002年建 | 3室2厅 | 135.88平米 | 南 西 北,https://ke-image.ljcdn.com/110000-inspection/4e1c34f7-c176-4b3a-bf1b-836d54956491_1000.jpg!m_fill,w_280,h_210,f_jpg?from=ke.com
20230609,丰台,七里庄,101115148195,七里庄路 南北通透两居 高楼层无遮挡 满五年唯一,308万,49550元/平,顶层 (共6层) 2室1厅 | 62.16平米 | 南 北,https://ke-image.ljcdn.com/110000-inspection/a8ce27d0-75d8-42b7-a4ee-ee80a60280bb_1000.jpg!m_fill,w_280,h_210,f_jpg?from=ke.com
20230609,丰台,七里庄,101115045734,七里庄西南向三居室精装修动静分离,1100万,69753元/平,低楼层 (共23层) | 2002年建 | 3室2厅 | 157.7平米 | 西南,https://ke-image.ljcdn.com/110000-inspection/pc1_zaqWL0yUj.jpg!m_fill,w_280,h_210,f_jpg?from=ke.com
20230609,丰台,七里庄,101114841342,保利欣苑 满五年唯一  南北通透三居室诚意出售,1050万,82528元/平,底层 (共9层) | 2004年建 | 3室2厅 | 127.23平米 | 南 北,https://ke-image.ljcdn.com/110000-inspection/pc1_VS6myJLqv_1.jpg!m_fill,w_280,h_210,f_jpg?from=ke.com
20230609,丰台,七里庄,101114839326,东大街西里南北通透精装三居室满五唯一诚心出售,406万,58083元/平,顶层 (共6层) 3室1厅 | 69.9平米 | 南 北,https://ke-image.ljcdn.com/110000-inspection/7b33ec0a-dd69-4208-b834-f5eb8266a186_1000.jpg!m_fill,w_280,h_210,f_jpg?from=ke.com
20230609,丰台,七里庄,101114598320,中间楼层视野好。小区交通便捷业主诚意出售。,766万,84195元/平,中楼层 (共15层) | 2002年建 | 2室1厅 | 90.98平米 | 南 北,https://ke-image.ljcdn.com/110000-inspection/pc1_ERihLJIia.jpg!m_fill,w_280,h_210,f_jpg?from=ke.com
20230609,丰台,七里庄,101114588823,庄维二期板楼两居 通透 一梯两户,700万,69687元/平,低楼层 (共17层) | 2004年建 | 2室1厅 | 100.45平米 | 西南 北,https://ke-image.ljcdn.com/110000-inspection/2e2e30ff-05d2-4751-b003-b7bf2658bd16_1000.jpg!m_fill,w_280,h_210,f_jpg?from=ke.com
20230609,丰台,七里庄,101114149565,七里庄 北大街北里 小户型 全明格局,249万,64743元/平,顶层 (共6层) 1室1厅 | 38.46平米 | 南,https://ke-image.ljcdn.com/110000-inspection/89489a4b-f845-4a81-b575-fb0881ec658b_1000.jpg!m_fill,w_280,h_210,f_jpg?from=ke.com
20230609,丰台,七里庄,101114062212,鼎恒中心 满五年二居室 中间楼层,538万,49485元/平,中楼层 (共24层) | 2000年建 | 2室1厅 | 108.72平米 | 东,https://ke-image.ljcdn.com/110000-inspection/pc1_jDanPWZVy.jpg!m_fill,w_280,h_210,f_jpg?from=ke.com
20230609,丰台,七里庄,101114012890,军休所 南北通透三居室 两个卧室和客厅朝南,1050万,86328元/平,底层 (共14层) | 2007年建 | 3室2厅 | 121.63平米 | 南 北,https://ke-image.ljcdn.com/110000-inspection/pc1_VmriR1qV1.jpg!m_fill,w_280,h_210,f_jpg?from=ke.com
20230609,丰台,七里庄,101113908461,西四环内单价低高楼层视野好,455万,27897元/平,中楼层 (共27层) | 2006年建 | 3室1厅 | 163.1平米 | 东,https://ke-image.ljcdn.com/110000-inspection/e881f692-441a-41c6-b069-42299a905703_1000.jpg!m_fill,w_280,h_210,f_jpg?from=ke.com
20230609,丰台,七里庄,101113794440,南北通透小区中间前后没有遮挡诚意出售,430万,71895元/平,高楼层 (共6层) | 1995年建 | 2室1厅 | 59.81平米 | 南 北,https://ke-image.ljcdn.com/110000-inspection/pc1_Fw5CjwMbi.jpg!m_fill,w_280,h_210,f_jpg?from=ke.com
20230609,丰台,七里庄,101113789280,东大街西里南北两居 靠谱出售 有钥匙随时看,325万,59415元/平,顶层 (共6层) 2室1厅 | 54.7平米 | 南 北,https://ke-image.ljcdn.com/110000-inspection/94692ed7-7b64-4d81-a0a8-de23c51eb276_1000.jpg!m_fill,w_280,h_210,f_jpg?from=ke.com
20230609,丰台,七里庄,101113440706,鼎恒中心精装修 交通便利配套成熟,775万,47205元/平,中楼层 (共24层) | 2000年建 | 3室1厅 | 164.18平米 | 西南 北,https://ke-image.ljcdn.com/110000-inspection/pc1_vtVNQk9gD.jpg!m_fill,w_280,h_210,f_jpg?from=ke.com
20230609,丰台,七里庄,101113419637,西四环南路32号 中间楼层两居室,320万,57389元/平,中楼层 (共5层) | 1979年建 | 2室1厅 | 55.76平米 | 东 西,https://ke-image.ljcdn.com/110000-inspection/pc1_Cf73VyTo8.jpg!m_fill,w_280,h_210,f_jpg?from=ke.com
20230609,丰台,七里庄,101113376559,中建一局南院 * * * *,295万,53540元/平,中楼层 (共5层) 2室1厅 | 55.1平米 | 南 北,https://ke-image.ljcdn.com/110000-inspection/pc1_aZWHLaHty.jpg!m_fill,w_280,h_210,f_jpg?from=ke.com
20230609,丰台,七里庄,101113139845,保利欣苑 南向一居室 满五唯一 诚心出售,205万,54219元/平,底层 (共3层) | 2004年建 | 1室0厅 | 37.81平米 | 南,https://ke-image.ljcdn.com/110000-inspection/37467276-ea33-4f50-94d8-11a075976986_1000.jpg!m_fill,w_280,h_210,f_jpg?from=ke.com
20230609,丰台,七里庄,101112881492,丰台区东大街西里一层两居室有钥匙,395万,78218元/平,底层 (共6层) 2室0厅 | 50.5平米 | 东南,https://ke-image.ljcdn.com/110000-inspection/693e5c3e-7ad6-4b23-b6f9-0f8615ee544a_1000.jpg!m_fill,w_280,h_210,f_jpg?from=ke.com
20230609,丰台,七里庄,101111693476,西四环南路50号低楼层全南两居室,379万,71348元/平,底层 (共6层) | 1990年建 | 2室1厅 | 53.12平米 | 南,https://ke-image.ljcdn.com/110000-inspection/pc1_6yb1m7SBd_1.jpg!m_fill,w_280,h_210,f_jpg?from=ke.com
20230609,丰台,七里庄,101111658929,胡桃园 南北两居室 满五年唯一,379万,44375元/平,地下室 (共6层) | 2001年建 | 2室1厅 | 85.41平米 | 南 北,https://ke-image.ljcdn.com/110000-inspection/pc1_5Un8XRhkQ_1.jpg!m_fill,w_280,h_210,f_jpg?from=ke.com
20230609,丰台,七里庄,101119460605,南向一居室满五唯一看房方便采光好无遮挡,430万,83674元/平,低楼层 (共9层) 1室1厅 | 51.39平米 | 西南,https://ke-image.ljcdn.com/110000-inspection/pc1_lnAM1HFio.jpg!m_fill,w_280,h_210,f_jpg?from=ke.com
20230609,丰台,七里庄,101119455735,保利欣苑 南北通透三居室 满五年唯一 诚意出售,868万,78319元/平,底层 (共9层) | 2004年建 | 3室1厅 | 110.83平米 | 北 南,https://ke-image.ljcdn.com/110000-inspection/pc1_62GNXDVis.jpg!m_fill,w_280,h_210,f_jpg?from=ke.com
20230609,丰台,七里庄,101119445841,胡桃园 3室1厅 南 北,538万,57794元/平,顶层 (共6层) | 2000年建 | 3室1厅 | 93.09平米 | 南 北,https://ke-image.ljcdn.com/110000-inspection/pc1_yvD9AMN8u_1.jpg!m_fill,w_280,h_210,f_jpg?from=ke.com
20230609,丰台,七里庄,101119444906,望园东里三居室双卫精装满五年唯一,759万,64257元/平,低楼层 (共24层) 3室1厅 | 118.12平米 | 南 西 北,https://ke-image.ljcdn.com/110000-inspection/pc1_ZOilfYpyf.jpg!m_fill,w_280,h_210,f_jpg?from=ke.com
20230609,丰台,七里庄,101119440674,泥洼路5号院 双地铁 商超 公园 丽泽商区 满五唯一,353万,61865元/平,顶层 (共6层) 2室1厅 | 57.06平米 | 南 北,https://ke-image.ljcdn.com/110000-inspection/pc1_P3HaK5CRt.jpg!m_fill,w_280,h_210,f_jpg?from=ke.com
20230609,丰台,七里庄,101119385185,南向两居室 无遮挡采光好 板楼带电梯 封闭式管理,650万,73572元/平,低楼层 (共9层) | 2004年建 | 2室1厅 | 88.35平米 | 南,https://ke-image.ljcdn.com/110000-inspection/pc1_Iy0n6wvtR.jpg!m_fill,w_280,h_210,f_jpg?from=ke.com
20230609,丰台,七里庄,101119375448,东大街西里 3室1厅 南 北,395万,56753元/平,顶层 (共6层) | 1980年建 | 3室1厅 | 69.6平米 | 南 北,https://ke-image.ljcdn.com/110000-inspection/f5b7fa9a-e312-4983-9fb8-1d2d6ad15947_1000.jpg!m_fill,w_280,h_210,f_jpg?from=ke.com
20230609,丰台,七里庄,101119361649,东大街西里南北通透低楼层两居室满五唯一商品房,349万,64870元/平,低楼层 (共6层) | 1980年建 | 2室1厅 | 53.8平米 | 南 北,https://ke-image.ljcdn.com/110000-inspection/abcbe33a-387e-40de-a7a0-00ee6e5454e7_1000.jpg!m_fill,w_280,h_210,f_jpg?from=ke.com
20230609,丰台,七里庄,101119343913,急售 南北通透 三居精装修好楼层房主自荐,1150万,75051元/平,高楼层 (共15层) | 2002年建 | 3室1厅 | 153.23平米 | 南 北,https://ke-image.ljcdn.com/110000-inspection/fc24a8b3-51ae-4394-9f12-56fa75e51f4b_1000.jpg!m_fill,w_280,h_210,f_jpg?from=ke.com
20230609,丰台,七里庄,101119328381,南向正规一居 楼层高无遮挡采光好 适于居住 诚心出售,280万,63234元/平,高楼层 (共6层) 1室1厅 | 44.28平米 | 南,https://ke-image.ljcdn.com/110000-inspection/pc1_b6Bromjdh.jpg!m_fill,w_280,h_210,f_jpg?from=ke.com
20230609,丰台,七里庄,101119262128,东大街西里南向一居室低楼层简单装修,259万,63606元/平,低楼层 (共6层) | 1990年建 | 1室1厅 | 40.72平米 | 南,https://ke-image.ljcdn.com/110000-inspection/pc1_fKNpzb1nL.jpg!m_fill,w_280,h_210,f_jpg?from=ke.com
20230609,丰台,七里庄,101119245791,丰台区近园路东南向精装修低楼层三居室四个大阳台,730万,64465元/平,低楼层 (共6层) 3室1厅 | 113.24平米 | 东南,https://ke-image.ljcdn.com/110000-inspection/b97a8ac3-8a3c-4bcb-bb6e-fb67cb2c99d3_1000.jpg!m_fill,w_280,h_210,f_jpg?from=ke.com
20230609,丰台,七里庄,101119244944,小井润园11号院 中间楼层 南北通透  精装修 近地铁,650万,66811元/平,中楼层 (共9层) | 2013年建 | 2室2厅 | 97.29平米 | 南,https://ke-image.ljcdn.com/110000-inspection/pc1_9PKhwwqjy_1.jpg!m_fill,w_280,h_210,f_jpg?from=ke.com
20230609,丰台,七里庄,101119223235,西局欣园北区南北通透四居室满五唯一！,1480万,95306元/平,中楼层 (共20层) 4室2厅 | 155.29平米 | 南 北,https://ke-image.ljcdn.com/110000-inspection/pc1_A0izMbQPk.jpg!m_fill,w_280,h_210,f_jpg?from=ke.com
20230609,丰台,七里庄,101119069984,七里庄 望园东里两居室 满五年唯一住宅,410万,62740元/平,底层 (共6层) 2室1厅 | 65.35平米 | 东 西,https://ke-image.ljcdn.com/110000-inspection/pc1_XFVAHOlKF.jpg!m_fill,w_280,h_210,f_jpg?from=ke.com
20230609,丰台,七里庄,101119060790,七里庄 望园西里 南北通透 二居室 采光好 地铁9号线,405万,67715元/平,顶层 (共6层) 2室1厅 | 59.81平米 | 南 北,https://ke-image.ljcdn.com/110000-inspection/e5d61a4f-aa99-402e-9f41-c1b6f6c5a143_1000.jpg!m_fill,w_280,h_210,f_jpg?from=ke.com
20230609,丰台,七里庄,101119050952,丰台路口东里 精装修 东西通透 实用两居室 诚心出售,302万,50000元/平,中楼层 (共6层) | 1992年建 | 2室1厅 | 60.4平米 | 东 西,https://ke-image.ljcdn.com/110000-inspection/pc1_AREJr3kAY.jpg!m_fill,w_280,h_210,f_jpg?from=ke.com
20230609,丰台,七里庄,101119036455,小井润园一区 中间楼层 无遮挡,300万,53572元/平,中楼层 (共9层) | 2005年建 | 1室1厅 | 56平米 | 北,https://ke-image.ljcdn.com/110000-inspection/pc1_FYiFw6Hpi.jpg!m_fill,w_280,h_210,f_jpg?from=ke.com
20230609,丰台,七里庄,101118916040,北大街北里 南北通透户型 无遮挡,425万,63566元/平,高楼层 (共6层) | 1988年建 | 3室1厅 | 66.86平米 | 南 北,https://ke-image.ljcdn.com/110000-inspection/2206066d-a002-4d16-9628-455da223bf8d_1000.jpg!m_fill,w_280,h_210,f_jpg?from=ke.com
20230609,丰台,七里庄,101118877478,此房满五年唯一 中间楼层 无遮挡 采光好 配套设施齐全,520万,62388元/平,中楼层 (共24层) | 2000年建 | 2室1厅 | 83.35平米 | 西南,https://ke-image.ljcdn.com/110000-inspection/pc1_9ejqsAQb4.jpg!m_fill,w_280,h_210,f_jpg?from=ke.com
20230609,丰台,七里庄,101118877401,七里庄 板楼 三居室  南北通透  满五唯一,650万,62339元/平,顶层 (共6层) 3室1厅 | 104.27平米 | 南 北,https://ke-image.ljcdn.com/110000-inspection/pc1_1ZexsUkOP.jpg!m_fill,w_280,h_210,f_jpg?from=ke.com
20230609,丰台,七里庄,101118870711,南北通透三居 双阳台 双卧朝南 明厨明卫  满五年唯一,469万,53175元/平,顶层 (共5层) | 1992年建 | 3室0厅 | 88.2平米 | 南 北,https://ke-image.ljcdn.com/110000-inspection/pc1_tp8yaTL70_1.jpg!m_fill,w_280,h_210,f_jpg?from=ke.com
20230609,丰台,七里庄,101118825752,中建一局 商品房 满五年唯一 业主诚意出售,500万,55544元/平,高楼层 (共14层) 3室1厅 | 90.02平米 | 南 北,https://ke-image.ljcdn.com/110000-inspection/pc1_2JSoZHeyn.jpg!m_fill,w_280,h_210,f_jpg?from=ke.com
20230609,丰台,七里庄,101118818506,望园西里 满五年唯一 东西通透 楼层好,388万,67420元/平,低楼层 (共6层) | 1990年建 | 2室1厅 | 57.55平米 | 东 西,https://ke-image.ljcdn.com/110000-inspection/pc1_ByQIstVwJ_1.jpg!m_fill,w_280,h_210,f_jpg?from=ke.com
20230609,丰台,七里庄,101118688128,东大街西里东南向的两居室出售精装修购房成本低,345万,62957元/平,高楼层 (共6层) | 1990年建 | 2室1厅 | 54.8平米 | 东南,https://ke-image.ljcdn.com/110000-inspection/pc1_XJ4INBKVM.jpg!m_fill,w_280,h_210,f_jpg?from=ke.com
20230609,丰台,七里庄,101118637847,七里庄 中建一局南院 南向二居室 地铁9号线房主自荐,256万,54009元/平,顶层 (共5层) | 1980年建 | 2室1厅 | 47.4平米 | 南,https://ke-image.ljcdn.com/110000-inspection/pc1_dLc7C64RF.jpg!m_fill,w_280,h_210,f_jpg?from=ke.com
20230609,丰台,七里庄,101118582816,中建一局南院 满五唯一 商品房 板楼,256万,53669元/平,顶层 (共5层) 2室1厅 | 47.7平米 | 南,https://ke-image.ljcdn.com/110000-inspection/pc1_2cHntn8uX_1.jpg!m_fill,w_280,h_210,f_jpg?from=ke.com
20230609,丰台,七里庄,101118566076,中建一局北院 南北通透 两室一厅 满五年唯一 诚心出售房主自荐,358万,55504元/平,低楼层 (共6层) | 1980年建 | 2室1厅 | 64.5平米 | 南 北,https://ke-image.ljcdn.com/110000-inspection/pc1_tO6H1HmkO.jpg!m_fill,w_280,h_210,f_jpg?from=ke.com
20230609,丰台,七里庄,101118564154,丰台路口东里 东南向一居 满五唯一,275万,68733元/平,中楼层 (共6层) 1室1厅 | 40.01平米 | 东 南,https://ke-image.ljcdn.com/110000-inspection/pc1_7Gt23MNXX_1.jpg!m_fill,w_280,h_210,f_jpg?from=ke.com
20230609,丰台,七里庄,101118543842,满五唯一住房商品房南北通透2居室全明格局。,320万,76010元/平,顶层 (共6层) | 1990年建 | 2室1厅 | 42.1平米 | 南 北,https://ke-image.ljcdn.com/110000-inspection/pc1_qDaqfpshR.jpg!m_fill,w_280,h_210,f_jpg?from=ke.com
20230609,丰台,七里庄,101118534797,鼎恒中心 70年商品房 西三环外,698万,42145元/平,高楼层 (共24层) | 2000年建 | 3室1厅 | 165.62平米 | 南 西北,https://ke-image.ljcdn.com/110000-inspection/pc1_SYpUIvcDB.jpg!m_fill,w_280,h_210,f_jpg?from=ke.com
20230609,丰台,七里庄,101118527052,七里庄庄维花园大三居眼镜房随时签约高楼层,848万,68553元/平,高楼层 (共22层) | 2000年建 | 3室2厅 | 123.7平米 | 东南,https://ke-image.ljcdn.com/110000-inspection/9e3c2e5a-cc20-43f2-91a7-5a61d3c21a1e_1000.jpg!m_fill,w_280,h_210,f_jpg?from=ke.com
20230609,丰台,七里庄,101118526144,望园东里 满五唯一 地铁边 无遮挡 东南两居室,508万,60948元/平,低楼层 (共24层) | 2000年建 | 2室1厅 | 83.35平米 | 东南,https://ke-image.ljcdn.com/110000-inspection/pc1_4WtTCVAE5.jpg!m_fill,w_280,h_210,f_jpg?from=ke.com
20230609,丰台,七里庄,101118412418,中建一局钢混结构南北两居随时配合签约看房方便,438万,54970元/平,顶层 (共6层) | 2001年建 | 2室1厅 | 79.68平米 | 南 北,https://ke-image.ljcdn.com/110000-inspection/pc1_tegJO6cu5.jpg!m_fill,w_280,h_210,f_jpg?from=ke.com
20230609,丰台,七里庄,101118329255,东大街西里 2室1厅 南 北,309万,58891元/平,顶层 (共6层) 2室1厅 | 52.47平米 | 南 北,https://ke-image.ljcdn.com/110000-inspection/pc1_xEhsslQNX_1.jpg!m_fill,w_280,h_210,f_jpg?from=ke.com
20230609,丰台,七里庄,101118328335,东大街西里东西通透的两居室出售简单装修诚心出售,273万,53062元/平,顶层 (共6层) | 1990年建 | 2室1厅 | 51.45平米 | 东 西,https://ke-image.ljcdn.com/110000-inspection/cbb5e32b-9479-45a5-9eac-e57baa154f66_1000.jpg!m_fill,w_280,h_210,f_jpg?from=ke.com
20230609,丰台,七里庄,101118284271,此房位于小区中间位置不临街无遮挡,356万,65322元/平,中楼层 (共6层) 2室1厅 | 54.5平米 | 南 北,https://ke-image.ljcdn.com/110000-inspection/0a4bf62e-2e5d-41bd-b201-fbe113579e4e_1000.jpg!m_fill,w_280,h_210,f_jpg?from=ke.com
20230609,丰台,七里庄,101118230582,东大街西里中楼层三小居室满五唯一,409万,64512元/平,中楼层 (共6层) | 1980年建 | 3室1厅 | 63.4平米 | 南 北,https://ke-image.ljcdn.com/110000-inspection/afb41736-25db-4abd-a35b-1362b95c3dd4_1000.jpg!m_fill,w_280,h_210,f_jpg?from=ke.com
20230609,丰台,七里庄,101118167725,中建一局南院南向两居室看房方便随时配合签约,253万,53376元/平,顶层 (共5层) 2室1厅 | 47.4平米 | 南,https://ke-image.ljcdn.com/110000-inspection/pc1_5WxiYNLKJ.jpg!m_fill,w_280,h_210,f_jpg?from=ke.com
20230609,丰台,七里庄,101118053887,七里庄东大街西里好楼层南北通透2居室诚心出售,339万,59432元/平,中楼层 (共6层) 2室1厅 | 57.04平米 | 南 北,https://ke-image.ljcdn.com/110000-inspection/db94c7b5-13a4-4e33-8fa9-d7c977bd4978_1000.jpg!m_fill,w_280,h_210,f_jpg?from=ke.com
20230609,丰台,七里庄,101118046538,精装修无抵押有电梯南北通透全明格局一居室房主自荐,445万,64860元/平,低楼层 (共24层) | 1999年建 | 1室1厅 | 68.61平米 | 南 北,https://ke-image.ljcdn.com/110000-inspection/pc1_JspRLaDIV_1.jpg!m_fill,w_280,h_210,f_jpg?from=ke.com
20230609,丰台,七里庄,101117984848,望园东里 板楼中间楼层 正规一居室 满五唯一,358万,72295元/平,中楼层 (共6层) | 1999年建 | 1室1厅 | 49.52平米 | 南,https://ke-image.ljcdn.com/110000-inspection/pc1_pdWGkbIwb.jpg!m_fill,w_280,h_210,f_jpg?from=ke.com
20230609,丰台,七里庄,101117900784,望园西里 南北通透 满五唯一两居室 诚意出售房主自荐,322万,69637元/平,顶层 (共6层) | 1990年建 | 2室1厅 | 46.24平米 | 南 北,https://ke-image.ljcdn.com/110000-inspection/pc1_k6mcPVZfa_1.jpg!m_fill,w_280,h_210,f_jpg?from=ke.com
20230609,丰台,七里庄,101117848989,《西局欣园南区》南北通透户型方正居住舒适度高房主自荐,979万,84843元/平,低楼层 (共15层) 3室2厅 | 115.39平米 | 南 北,https://ke-image.ljcdn.com/110000-inspection/pc1_YTdzMychD_1.jpg!m_fill,w_280,h_210,f_jpg?from=ke.com
20230609,丰台,七里庄,101117782379,庄维花园 满五年唯一商品房 客厅带阳台 采光好,630万,62039元/平,中楼层 (共22层) | 2000年建 | 2室1厅 | 101.55平米 | 西,https://ke-image.ljcdn.com/110000-inspection/ed16f9d2-a045-4247-bb50-0bfb4023882b_1000.jpg!m_fill,w_280,h_210,f_jpg?from=ke.com
20230609,丰台,七里庄,101117743948,泥洼路5号院明厨明卫中间楼层随时签约,499万,57977元/平,中楼层 (共6层) | 1990年建 | 3室1厅 | 86.07平米 | 东 西 北,https://ke-image.ljcdn.com/110000-inspection/e1bc801d-e539-41e0-ba05-1c3ce95553c6_1000.jpg!m_fill,w_280,h_210,f_jpg?from=ke.com
20230609,丰台,七里庄,101117716825,七里庄地铁 干休所大院   南北三居,420万,56673元/平,顶层 (共6层) | 1990年建 | 2室1厅 | 74.11平米 | 南 北,https://ke-image.ljcdn.com/110000-inspection/b60ae42b-9dd4-4db5-adb5-aa28561cae40_1000.jpg!m_fill,w_280,h_210,f_jpg?from=ke.com
20230609,丰台,七里庄,101117715719,泥洼路5号院 2室1厅 南 北房主自荐,375万,61617元/平,顶层 (共6层) | 1993年建 | 2室1厅 | 60.86平米 | 南 北,https://ke-image.ljcdn.com/110000-inspection/d3e1cbb8-b7a6-4da1-9611-2a8edcda654d_1000.jpg!m_fill,w_280,h_210,f_jpg?from=ke.com
20230609,丰台,七里庄,101117708080,北大街北里厨房和卫生间带窗户满五唯一两居室出售,330万,54809元/平,顶层 (共6层) | 1980年建 | 2室1厅 | 60.21平米 | 南 北,https://ke-image.ljcdn.com/110000-inspection/f1086ce3-27d0-44d9-bbf8-a3acae5d17fa_1000.jpg!m_fill,w_280,h_210,f_jpg?from=ke.com
20230609,丰台,七里庄,101117707808,南北通透 全明格局  满五年唯一,415万,59033元/平,顶层 (共6层) | 1993年建 | 3室1厅 | 70.3平米 | 南 北,https://ke-image.ljcdn.com/110000-inspection/pc1_UY8pamXKi_1.jpg!m_fill,w_280,h_210,f_jpg?from=ke.com
20230609,丰台,七里庄,101117678190,西三环 板楼南北通透 明厨明卫 不临街 无遮挡,323万,53073元/平,顶层 (共6层) 2室1厅 | 60.86平米 | 南 北,https://ke-image.ljcdn.com/110000-inspection/test-f6f0a0f0-946f-4582-8ed0-b5bf93c36b22.png!m_fill,w_280,h_210,f_jpg?from=ke.com
20230609,丰台,七里庄,101117634431,北大街北里 南向两居 无遮挡 满五年唯一,245万,58725元/平,顶层 (共5层) 2室0厅 | 41.72平米 | 南,https://ke-image.ljcdn.com/110000-inspection/aebcaac9-96b7-407c-a381-669becb85611_1000.jpg!m_fill,w_280,h_210,f_jpg?from=ke.com
20230609,丰台,七里庄,101117529883,西局欣园南区优质三居室明厨明卫房主自荐,1070万,77638元/平,顶层 (共14层) | 2008年建 | 3室1厅 | 137.82平米 | 南 西 北,https://ke-image.ljcdn.com/110000-inspection/pc1_f4tvFrHeh_1.jpg!m_fill,w_280,h_210,f_jpg?from=ke.com
20230609,丰台,七里庄,101117296015,六里桥家园 南北通透二居 小区人脸识别 200米到地铁站,520万,68512元/平,底层 (共29层) | 2016年建 | 2室2厅 | 75.9平米 | 南 北,https://ke-image.ljcdn.com/110000-inspection/pc1_8pFmU0zFy.jpg!m_fill,w_280,h_210,f_jpg?from=ke.com
20230609,丰台,七里庄,101116428372,庄维花园大面积复式出售满五唯一的商品房,1500万,77344元/平,高楼层 (共24层) | 2001年建 | 4室1厅 | 193.94平米 | 南 北,https://ke-image.ljcdn.com/110000-inspection/pc1_l1WJ01DUg.jpg!m_fill,w_280,h_210,f_jpg?from=ke.com
20230609,丰台,七里庄,101114739253,丰台区六里桥社区望园东里大三居出售9号线七里庄,965万,61193元/平,低楼层 (共23层) | 2002年建 | 3室2厅 | 157.7平米 | 西南,https://ke-image.ljcdn.com/110000-inspection/pc1_11563iN3d.jpg!m_fill,w_280,h_210,f_jpg?from=ke.com
20230609,丰台,七里庄,101119618079,望园东里两居室近地铁生活交通方便新上,520万,62388元/平,中楼层 (共24层) 2室1厅 | 83.35平米 | 东南,https://s1.ljcdn.com/pegasus/redskull/images/common/default_house_list.png?_v=20230605162645687
20230609,丰台,七里庄,101119586517,七里庄 庄维多摩市二期板楼两居 落地飘窗 户型通透新上,650万,64709元/平,底层 (共17层) 3室1厅 | 100.45平米 | 南,https://s1.ljcdn.com/pegasus/redskull/images/common/default_house_list.png?_v=20230605162645687
20230609,丰台,七里庄,101119551037,望园东里二居室诚意出售满五年唯一地铁300米新上,669万,61337元/平,高楼层 (共24层) 2室1厅 | 109.07平米 | 东南,https://s1.ljcdn.com/pegasus/redskull/images/common/default_house_list.png?_v=20230605162645687
20230609,丰台,七里庄,101119549995,七里庄 望园东里  有本满五唯一 商品房新上,770万,65784元/平,中楼层 (共24层) 3室1厅 | 117.05平米 | 东 南 北,https://s1.ljcdn.com/pegasus/redskull/images/common/default_house_list.png?_v=20230605162645687
20230609,丰台,七里庄,101119500246,庄维多摩市三期 高楼层三居 视野开阔 无遮挡,960万,73160元/平,高楼层 (共22层) 3室1厅 | 131.22平米 | 西南 北,https://s1.ljcdn.com/pegasus/redskull/images/common/default_house_list.png?_v=20230605162645687
20230609,丰台,七里庄,101119452560,鼎恒中心 2室1厅 东,495万,45301元/平,中楼层 (共24层) | 2000年建 | 2室1厅 | 109.27平米 | 东,https://s1.ljcdn.com/pegasus/redskull/images/common/default_house_list.png?_v=20230605162645687
20230609,丰台,七里庄,101119412089,此房高楼层视野开阔交通便利配套成熟,695万,42332元/平,中楼层 (共24层) | 2000年建 | 3室1厅 | 164.18平米 | 西南 北,https://s1.ljcdn.com/pegasus/redskull/images/common/default_house_list.png?_v=20230605162645687
20230609,丰台,七里庄,101119411996,此房房本满五年中间楼层户型方正布局合理,486万,44988元/平,中楼层 (共24层) | 2000年建 | 2室1厅 | 108.03平米 | 东,https://s1.ljcdn.com/pegasus/redskull/images/common/default_house_list.png?_v=20230605162645687
20230609,丰台,七里庄,101119393639,七里庄 丰台花园旁  庄维花园 东南向 2居室 诚心出售,580万,66836元/平,低楼层 (共22层) 2室1厅 | 86.78平米 | 东南,https://s1.ljcdn.com/pegasus/redskull/images/common/default_house_list.png?_v=20230605162645687
20230609,丰台,七里庄,101119366498,望园西里 3室1厅 南 北,440万,60258元/平,中楼层 (共6层) 3室1厅 | 73.02平米 | 南 北,https://s1.ljcdn.com/pegasus/redskull/images/common/default_house_list.png?_v=20230605162645687
20230609,丰台,七里庄,101119219781,西三环 六里桥9号线10号线地铁 2016年楼龄新 店长主推,585万,76742元/平,低楼层 (共29层) | 2016年建 | 2室1厅 | 76.23平米 | 南 北,https://s1.ljcdn.com/pegasus/redskull/images/common/default_house_list.png?_v=20230605162645687
20230609,丰台,七里庄,101119206772,鼎恒中心 三环边地铁 高层东南三居室房主自荐,820万,55481元/平,高楼层 (共24层) | 2000年建 | 3室2厅 | 147.8平米 | 东南,https://s1.ljcdn.com/pegasus/redskull/images/common/default_house_list.png?_v=20230605162645687
20230609,丰台,七里庄,101119191115,东大街西里 低楼层三居 一层 大阳台 无遮挡,510万,69483元/平,底层 (共6层) | 1990年建 | 3室1厅 | 73.4平米 | 东 西,https://s1.ljcdn.com/pegasus/redskull/images/common/default_house_list.png?_v=20230605162645687
20230609,丰台,七里庄,101119176325,丽泽商务区 泥洼路5号院 全南一居 婚房装修 交通便利,270万,57204元/平,顶层 (共6层) | 1990年建 | 1室1厅 | 47.2平米 | 南 北,https://ke-image.ljcdn.com/110000-inspection/d1745953-c62c-4a47-8e92-84723c0d0958.png!m_fill,w_280,h_210,f_jpg?from=ke.com
20230609,丰台,七里庄,101119159997,七里庄 丰台路口东里 南北通透二居室,400万,54840元/平,顶层 (共6层) 3室1厅 | 72.94平米 | 南 北,https://s1.ljcdn.com/pegasus/redskull/images/common/default_house_list.png?_v=20230605162645687
20230609,丰台,七里庄,101119047104,西局 南北通透 中间楼层 小区交通便捷业主诚意出售,790万,86833元/平,低楼层 (共15层) | 2002年建 | 2室1厅 | 90.98平米 | 南 北,https://s1.ljcdn.com/pegasus/redskull/images/common/default_house_list.png?_v=20230605162645687
20230609,丰台,七里庄,101118993950,正规三居是南北通透板楼一梯两户封闭式管理。,950万,74138元/平,低楼层 (共9层) | 2004年建 | 3室2厅 | 128.14平米 | 南 北,https://s1.ljcdn.com/pegasus/redskull/images/common/default_house_list.png?_v=20230605162645687
20230609,丰台,七里庄,101118991050,七里庄 中建一局北院 南北朝向板楼两居室有电梯,510万,57336元/平,中楼层 (共14层) 2室1厅 | 88.95平米 | 南 北,https://s1.ljcdn.com/pegasus/redskull/images/common/default_house_list.png?_v=20230605162645687
20230609,丰台,七里庄,101118666426,人车分流商品房社区中间楼层南北通透三居室,939万,73532元/平,中楼层 (共9层) | 2005年建 | 3室1厅 | 127.7平米 | 南 北,https://ke-image.ljcdn.com/110000-inspection/1a9eee37-cb67-4590-b471-0650d59a5f48.jpeg!m_fill,w_280,h_210,f_jpg?from=ke.com
20230609,丰台,七里庄,101118534782,鼎恒中心 2室1厅 南,510万,50853元/平,高楼层 (共24层) | 2000年建 | 2室1厅 | 100.29平米 | 南,https://s1.ljcdn.com/pegasus/redskull/images/common/default_house_list.png?_v=20230605162645687
20230609,丰台,七里庄,101118357658,丰台北路西局地铁口鼎恒中心东向两居室,600万,54910元/平,高楼层 (共24层) | 2000年建 | 2室1厅 | 109.27平米 | 东,https://s1.ljcdn.com/pegasus/redskull/images/common/default_house_list.png?_v=20230605162645687
20230609,丰台,七里庄,101117806869,望园东里南向三居出售满五年唯一七里庄地铁300米,910万,71055元/平,中楼层 (共24层) 3室1厅 | 128.07平米 | 东南,https://s1.ljcdn.com/pegasus/redskull/images/common/default_house_list.png?_v=20230605162645687
20230609,丰台,七里庄,101115005353,胡桃园三居室  南北通透 业主诚售,620万,37035元/平,顶层 (共6层) | 2000年建 | 3室2厅 | 167.41平米 | 南 北,https://ke-image.ljcdn.com/110000-inspection/9104fc04-b9bd-4056-82a9-0928cfa244b9.jpg!m_fill,w_280,h_210,f_jpg?from=ke.com
20230609,丰台,七里庄,101114987770,六里桥地铁口2016年小区楼龄新三居室,755万,73011元/平,高楼层 (共29层) | 2016年建 | 3室1厅 | 103.41平米 | 南 北,https://s1.ljcdn.com/pegasus/redskull/images/common/default_house_list.png?_v=20230605162645687
20230609,丰台,七里庄,101103062200,南北通透 两个卫生间均有窗户 小区环境好 人车分流房主自荐,920万,79366元/平,顶层 (共9层) | 2004年建 | 3室1厅 | 115.92平米 | 南 北,https://ke-image.ljcdn.com/110000-inspection/bb7b90f5-e71a-4002-8f81-86917d3df001.jpg!m_fill,w_280,h_210,f_jpg?from=ke.com
