20240228,门头沟,滨河西区,101122951251,双峪路小区 3室1厅 南 北必看好房,168万,29698元/平,中楼层 (共5层) | 1980年 | 3室1厅 | 56.57平米 | 南 北,https://ke-image.ljcdn.com/110000-inspection/pc1_6XS87Fqbt_1.jpg!m_fill,w_280,h_210,f_jpg?from=ke.com
20240228,门头沟,滨河西区,101122950843,滨河绮霞苑南北通透户型格局好视野好采光充足必看好房,375万,39375元/平,中楼层 (共6层) | 2002年 | 3室1厅 | 95.24平米 | 南 北,https://ke-image.ljcdn.com/110000-inspection/pc1_Q1RIDVKVo.jpg!m_fill,w_280,h_210,f_jpg?from=ke.com
20240228,门头沟,滨河西区,101122859684,滨河居住区绮霞苑  2居 户型方正 南北通透必看好房,285万,38087元/平,中楼层 (共6层) 2室1厅 | 74.83平米 | 南 北,https://ke-image.ljcdn.com/110000-inspection/b5748ee8-fc85-4d3b-9dbe-12a7bfd7cd62_1000.jpg!m_fill,w_280,h_210,f_jpg?from=ke.com
20240228,门头沟,滨河西区,101122834631,葡东小区 2室1厅 南 北必看好房,228万,33164元/平,中楼层 (共6层) | 1997年 | 2室1厅 | 68.75平米 | 南 北,https://ke-image.ljcdn.com/110000-inspection/3807d82b-ab44-4ded-a783-40646ed2d55c_1000.jpg!m_fill,w_280,h_210,f_jpg?from=ke.com
20240228,门头沟,滨河西区,101122830045,永兴小区 北通透 精装修 采光好视野好无遮挡必看好房,276万,34836元/平,低楼层 (共6层) 2室1厅 | 79.23平米 | 南 北,https://ke-image.ljcdn.com/110000-inspection/pc1_f82BOew3V.jpg!m_fill,w_280,h_210,f_jpg?from=ke.com
20240228,门头沟,滨河西区,101122710553,倚山嘉园 南北通透格局楼层好视野宽阔采光充足必看好房,339万,34054元/平,中楼层 (共14层) | 2005年 | 2室1厅 | 99.55平米 | 南 北,https://ke-image.ljcdn.com/110000-inspection/pc1_1kQW1eD7u.jpg!m_fill,w_280,h_210,f_jpg?from=ke.com
20240228,门头沟,滨河西区,101122623339,月季园东里 满五年唯一 社区环境优美 小区管严格必看好房,180万,31674元/平,高楼层 (共6层) | 1993年 | 2室1厅 | 56.83平米 | 南 北,https://ke-image.ljcdn.com/110000-inspection/pc1_Sl72ElNjt.jpg!m_fill,w_280,h_210,f_jpg?from=ke.com
20240228,门头沟,滨河西区,101122510284,满五唯一商品房 中间楼层 南北通透没遮挡 视野开阔必看好房,220万,28546元/平,中楼层 (共6层) | 1991年 | 3室1厅 | 77.07平米 | 南 北,https://ke-image.ljcdn.com/110000-inspection/pc1_qCybVoNQA.jpg!m_fill,w_280,h_210,f_jpg?from=ke.com
20240228,门头沟,滨河西区,101122500943,滨河德露苑 中间楼层 精装修可直接入住必看好房,268万,32301元/平,中楼层 (共7层) | 1999年 | 2室1厅 | 82.97平米 | 南 北,https://ke-image.ljcdn.com/110000-inspection/pc1_cs1FiupzT_1.jpg!m_fill,w_280,h_210,f_jpg?from=ke.com
20240228,门头沟,滨河西区,101122454599,滨河路3号 东西通透 中间楼层 靠谱出售必看好房,198万,28238元/平,中楼层 (共6层) | 1994年 | 2室1厅 | 70.12平米 | 东 西,https://ke-image.ljcdn.com/110000-inspection/pc1_1r6hD458q.jpg!m_fill,w_280,h_210,f_jpg?from=ke.com
20240228,门头沟,滨河西区,101122191094,德露苑满五唯一大两居中楼层采光特不错必看好房,247万,30668元/平,中楼层 (共6层) | 1998年 | 2室1厅 | 80.54平米 | 南 北,https://ke-image.ljcdn.com/110000-inspection/pc1_Mgzm8GEGD.jpg!m_fill,w_280,h_210,f_jpg?from=ke.com
20240228,门头沟,滨河西区,101122080806,门头沟双峪路小区全朝南户型看房方便。必看好房,158万,31343元/平,中楼层 (共5层) | 1981年 | 2室1厅 | 50.41平米 | 南,https://ke-image.ljcdn.com/110000-inspection/pc1_ZouJiOvPv_1.jpg!m_fill,w_280,h_210,f_jpg?from=ke.com
20240228,门头沟,滨河西区,101121912688,月季园东里位置好 户型合理 配套齐全必看好房,219万,27233元/平,顶层 (共6层) 2室1厅 | 80.42平米 | 东 西,https://ke-image.ljcdn.com/110000-inspection/pc1_Mi0enjuHH.jpg!m_fill,w_280,h_210,f_jpg?from=ke.com
20240228,门头沟,滨河西区,101121910104,滨河居住区临镜苑两居室南北通透必看好房,290万,34966元/平,高楼层 (共6层) | 2003年 | 2室1厅 | 82.94平米 | 南 北,https://ke-image.ljcdn.com/110000-inspection/pc1_PWghLvdxM.jpg!m_fill,w_280,h_210,f_jpg?from=ke.com
20240228,门头沟,滨河西区,101121714384,月季园1号院  1995年房龄  满五唯一 明厨明卫必看好房,223万,33489元/平,低楼层 (共6层) | 1995年 | 2室1厅 | 66.59平米 | 南 北,https://ke-image.ljcdn.com/110000-inspection/pc1_iyLHwLTHW.jpg!m_fill,w_280,h_210,f_jpg?from=ke.com
20240228,门头沟,滨河西区,101121537701,滨河居住区绮霞苑 三居两卫 中楼层 有电梯必看好房,445万,37386元/平,中楼层 (共15层) | 2003年 | 3室2厅 | 119.03平米 | 南 北,https://ke-image.ljcdn.com/110000-inspection/pc1_dMclHRVLn.jpg!m_fill,w_280,h_210,f_jpg?from=ke.com
20240228,门头沟,滨河西区,101121518900,房子采光充足配套齐全环境安静户型合理必看好房,185万,29380元/平,高楼层 (共6层) 2室1厅 | 62.97平米 | 南 北,https://ke-image.ljcdn.com/110000-inspection/7656aedf-25fd-4d64-97ae-13e6d19d4bfc_1000.jpg!m_fill,w_280,h_210,f_jpg?from=ke.com
20240228,门头沟,滨河西区,101121471711,西长安街低密洋房400米内地铁8万方商业。,455万,50770元/平,底层 (共10层) | 2021年 | 3室1厅 | 89.62平米 | 南 北,https://ke-image.ljcdn.com/110000-inspection/pc1_iE8Occkc5.jpg!m_fill,w_280,h_210,f_jpg?from=ke.com
20240228,门头沟,滨河西区,101121220802,双峪路小区  快四沿线 一居室 出行购物方便必看好房,122万,33563元/平,中楼层 (共5层) | 1980年 | 1室1厅 | 36.35平米 | 南,https://ke-image.ljcdn.com/110000-inspection/00b05c67-3e7d-4344-8c71-080c557ab789_1000.jpg!m_fill,w_280,h_210,f_jpg?from=ke.com
20240228,门头沟,滨河西区,101120827520,新桥南大街中间楼层两居室满五唯一靠谱出售,188万,29026元/平,中楼层 (共6层) | 1987年 | 2室1厅 | 64.77平米 | 南 北,https://ke-image.ljcdn.com/110000-inspection/7e5034cf-01e2-4a59-b7d6-1ebb62ef441f_1000.jpg!m_fill,w_280,h_210,f_jpg?from=ke.com
20240228,门头沟,滨河西区,101120351290,滨河霁月园带电梯大两居装修好采光好看房随时,360万,39199元/平,中楼层 (共16层) 2室1厅 | 91.84平米 | 东 西,https://ke-image.ljcdn.com/110000-inspection/pc1_SAxLG1LLI.jpg!m_fill,w_280,h_210,f_jpg?from=ke.com
20240228,门头沟,滨河西区,101119762024,阜石路边 东西通透大两居室 电梯房户型方正房龄新必看好房,333万,37112元/平,中楼层 (共16层) | 2005年 | 2室1厅 | 89.73平米 | 南 东 西,https://ke-image.ljcdn.com/110000-inspection/pc1_ZJiQAqbfO.jpg!m_fill,w_280,h_210,f_jpg?from=ke.com
20240228,门头沟,滨河西区,101119298658,承泽苑双卫两居南北朝向满五唯一中间层随时签,310万,37764元/平,中楼层 (共6层) 2室1厅 | 82.09平米 | 北 南,https://ke-image.ljcdn.com/110000-inspection/pc1_HqHeYKCCZ.jpg!m_fill,w_280,h_210,f_jpg?from=ke.com
20240228,门头沟,滨河西区,101123014135,滨河居住区绮霞苑南北通透的三居室必看好房,419万,36243元/平,低楼层 (共13层) | 2003年 | 3室2厅 | 115.61平米 | 南 北,https://ke-image.ljcdn.com/110000-inspection/d6454122-ffd2-4883-a5d8-7c6c54203081_1000.jpg!m_fill,w_280,h_210,f_jpg?from=ke.com
20240228,门头沟,滨河西区,101122972885,倚山嘉园电梯房两居室楼层好采光充足满五唯一必看好房,326万,32503元/平,中楼层 (共14层) 2室1厅 | 100.3平米 | 南,https://ke-image.ljcdn.com/110000-inspection/eaf5b4b4-9a32-4699-97c6-f860e9acdbe4_1000.jpg!m_fill,w_280,h_210,f_jpg?from=ke.com
20240228,门头沟,滨河西区,101122954304,绮霞苑 3室1厅 南 北必看好房,429万,37108元/平,中楼层 (共13层) | 2003年 | 3室1厅 | 115.61平米 | 南 北,https://ke-image.ljcdn.com/110000-inspection/3529dd8e-deb5-43d0-8aca-e539ffdad829_1000.jpg!m_fill,w_280,h_210,f_jpg?from=ke.com
20240228,门头沟,滨河西区,101122877288,倚山嘉园南北通透 高楼层 视野宽阔 精装修必看好房,349万,32969元/平,中楼层 (共14层) | 2005年 | 2室1厅 | 105.86平米 | 南 北,https://ke-image.ljcdn.com/110000-inspection/pc1_Y7wA6Uyjo.jpg!m_fill,w_280,h_210,f_jpg?from=ke.com
20240228,门头沟,滨河西区,101122871040,滨河西区倚山嘉园电梯两居。满五唯一楼层好视野开阔,345万,31551元/平,中楼层 (共13层) | 2007年 | 2室1厅 | 109.35平米 | 东 西,https://ke-image.ljcdn.com/110000-inspection/pc1_zjrHd1hbA_2.jpg!m_fill,w_280,h_210,f_jpg?from=ke.com
20240228,门头沟,滨河西区,101122862808,此房朝南向的。明厨明卫。采光好。视野开阔。必看好房,159万,27424元/平,顶层 (共6层) 2室1厅 | 57.98平米 | 南,https://ke-image.ljcdn.com/110000-inspection/pc1_smWeUgIfi.jpg!m_fill,w_280,h_210,f_jpg?from=ke.com
20240228,门头沟,滨河西区,101122780605,葡东小区 纯南向 采光好 全明格局必看好房,230万,30935元/平,中楼层 (共6层) | 2000年 | 2室1厅 | 74.35平米 | 南,https://ke-image.ljcdn.com/110000-inspection/b310d6e6-bd89-4f96-9b43-fbf6b28eca98_1000.jpg!m_fill,w_280,h_210,f_jpg?from=ke.com
20240228,门头沟,滨河西区,101122699905,滨河含晖苑 板楼一层 三居两卫必看好房,435万,35306元/平,底层 (共6层) | 2004年 | 3室2厅 | 123.21平米 | 南 北,https://ke-image.ljcdn.com/110000-inspection/pc1_nN9z4LHHn.jpg!m_fill,w_280,h_210,f_jpg?from=ke.com
20240228,门头沟,滨河西区,101122666981,绮霞苑正规两居室南北朝向随时可签看房方便急售必看好房,313万,37055元/平,中楼层 (共6层) | 2002年 | 2室1厅 | 84.47平米 | 北 南,https://ke-image.ljcdn.com/110000-inspection/pc1_5RAqkaBYA.jpg!m_fill,w_280,h_210,f_jpg?from=ke.com
20240228,门头沟,滨河西区,101122545096,电梯楼 小户型 房龄新 满五唯一必看好房,148万,31002元/平,低楼层 (共14层) | 2006年 | 1室0厅 | 47.74平米 | 北,https://ke-image.ljcdn.com/110000-inspection/pc1_RYFzksVcS.jpg!m_fill,w_280,h_210,f_jpg?from=ke.com
20240228,门头沟,滨河西区,101122507839,永兴嘉园两居室地采暖有电梯满五唯一商品房,298万,34140元/平,低楼层 (共14层) | 2006年 | 2室1厅 | 87.29平米 | 西南,https://ke-image.ljcdn.com/110000-inspection/pc1_QY4uV7YZX.jpg!m_fill,w_280,h_210,f_jpg?from=ke.com
20240228,门头沟,滨河西区,101122443118,户型方正 采光充足 看房方便 诚心出售必看好房,195万,27810元/平,高楼层 (共6层) | 1994年 | 2室1厅 | 70.12平米 | 东 西,https://ke-image.ljcdn.com/110000-inspection/3ddab6c8-9c04-4403-8ca1-1956c8c454b0_1000.jpg!m_fill,w_280,h_210,f_jpg?from=ke.com
20240228,门头沟,滨河西区,101122408823,双峪路小区 低楼层 两居室 出行购物方便,239万,31448元/平,底层 (共6层) | 1998年 | 2室2厅 | 76平米 | 东南 北,https://ke-image.ljcdn.com/110000-inspection/ae8500c1-f369-4fdc-bed7-aea4bccd019f_1000.jpg!m_fill,w_280,h_210,f_jpg?from=ke.com
20240228,门头沟,滨河西区,101122261558,葡东小区 2室1厅 南 北,225万,30234元/平,中楼层 (共6层) | 2000年 | 2室1厅 | 74.42平米 | 南 北,https://ke-image.ljcdn.com/110000-inspection/pc1_mV2xfJFG7.jpg!m_fill,w_280,h_210,f_jpg?from=ke.com
20240228,门头沟,滨河西区,101122026744,客厅大 明厨明卫全明格局 现状好可拎包入住,186万,27899元/平,高楼层 (共6层) | 1992年 | 2室1厅 | 66.67平米 | 南,https://ke-image.ljcdn.com/110000-inspection/f345991a-c97b-4263-b8b1-2d47366a4845_1000.jpg!m_fill,w_280,h_210,f_jpg?from=ke.com
20240228,门头沟,滨河西区,101121898974,领汇长安 次新房 没住过人 南北通透 高楼层,408万,50785元/平,中楼层 (共10层) | 2021年 | 3室1厅 | 80.34平米 | 南 北,https://ke-image.ljcdn.com/110000-inspection/pc1_a7AAaWgwK.jpg!m_fill,w_280,h_210,f_jpg?from=ke.com
20240228,门头沟,滨河西区,101121818609,葡东小区两居室 中楼层户型方正必看好房,203万,31714元/平,低楼层 (共6层) 2室1厅 | 64.01平米 | 南 北,https://ke-image.ljcdn.com/110000-inspection/pc1_CH4j3AJlA.jpg!m_fill,w_280,h_210,f_jpg?from=ke.com
20240228,门头沟,滨河西区,101121784372,石龙北路20号院满五唯一低楼层两居室必看好房,223万,27963元/平,低楼层 (共6层) 2室1厅 | 79.75平米 | 南 北,https://ke-image.ljcdn.com/110000-inspection/635d30c7-8403-4382-8cac-795a1ca55561_1000.jpg!m_fill,w_280,h_210,f_jpg?from=ke.com
20240228,门头沟,滨河西区,101121698535,葡东小区 南北通透 精致装修 拎包入住,179万,27965元/平,顶层 (共6层) | 1996年 | 2室1厅 | 64.01平米 | 南 北,https://ke-image.ljcdn.com/110000-inspection/26be173a-72e5-472d-b6fa-ff2d7a33f3d6_1000.jpg!m_fill,w_280,h_210,f_jpg?from=ke.com
20240228,门头沟,滨河西区,101121340963,滨河居住区临镜苑带电梯复式精装修房主自荐,599万,35959元/平,中楼层 (共18层) | 2008年 | 4室2厅 | 166.58平米 | 南 北,https://ke-image.ljcdn.com/110000-inspection/c6a7ab9a-a1d4-4a48-b357-9b86e4c5bd48_1000.jpg!m_fill,w_280,h_210,f_jpg?from=ke.com
20240228,门头沟,滨河西区,101121192889,滨河居住区临镜苑带电梯明厨明卫三居室必看好房,408万,37261元/平,低楼层 (共12层) | 2008年 | 3室1厅 | 109.5平米 | 南 北,https://ke-image.ljcdn.com/110000-inspection/pc1_OJ8vjh4dd.jpg!m_fill,w_280,h_210,f_jpg?from=ke.com
20240228,门头沟,滨河西区,101121149697,门头沟月季园  南向大客厅 无浪费面积 明厨明卫必看好房,228万,25309元/平,中楼层 (共6层) | 1993年 | 2室1厅 | 90.09平米 | 南,https://ke-image.ljcdn.com/110000-inspection/pc1_3bkxlew2x.jpg!m_fill,w_280,h_210,f_jpg?from=ke.com
20240228,门头沟,滨河西区,101119971287,房子采光充足配套齐全环境安静户型合理,188万,32555元/平,高楼层 (共6层) | 1994年 | 2室1厅 | 57.75平米 | 南 北,https://ke-image.ljcdn.com/110000-inspection/931d8a18-fb8b-4289-a5ea-e4210cad72e6_1000.jpg!m_fill,w_280,h_210,f_jpg?from=ke.com
20240228,门头沟,滨河西区,101119920772,石龙北路20号院。。。。。。。。。。。。。。。。。必看好房,222万,27173元/平,高楼层 (共6层) 2室1厅 | 81.7平米 | 南 北,https://ke-image.ljcdn.com/110000-inspection/pc1_oiYuw3jck.jpg!m_fill,w_280,h_210,f_jpg?from=ke.com
20240228,门头沟,滨河西区,101121856170,熙旺中心业主着急出售可以注册公司随时签约必看好房,68万,14687元/平,顶层 (共26层) | 2010年 | 1室1厅 | 46.3平米 | 南,https://s1.ljcdn.com/pegasus/redskull/images/common/default_house_list.png?_v=20240222174411
20240228,门头沟,滨河西区,101120533962,鸿坤七星长安 2室1厅 南,99万,14172元/平,中楼层 (共21层) | 2016年 | 2室1厅 | 69.86平米 | 南,https://s1.ljcdn.com/pegasus/redskull/images/common/default_house_list.png?_v=20240222174411
20240228,门头沟,滨河西区,101123046163,房子满五唯一 明厨明卫全明格局 现状好可直接入住新上,172万,27891元/平,顶层 (共6层) | 1991年 | 2室1厅 | 61.67平米 | 南,https://ke-image.ljcdn.com/110000-inspection/pc1_Rt63ih9Vh.jpg!m_fill,w_280,h_210,f_jpg?from=ke.com
20240228,门头沟,滨河西区,101123036835,门头沟月季园 2室1厅 南 北新上,215万,33016元/平,高楼层 (共6层) | 1989年 | 2室1厅 | 65.12平米 | 南 北,https://ke-image.ljcdn.com/110000-inspection/b9ea2f68-a849-4f0b-af80-50105c61c283_1000.jpg!m_fill,w_280,h_210,f_jpg?from=ke.com
20240228,门头沟,滨河西区,101123033746,永兴小区出售 低楼层 东西通透 两居室新上,270万,32605元/平,底层 (共6层) | 1996年 | 2室1厅 | 82.81平米 | 东 西,https://ke-image.ljcdn.com/110000-inspection/pc1_5eh90DFLI.jpg!m_fill,w_280,h_210,f_jpg?from=ke.com
20240228,门头沟,滨河西区,101123024305,永兴嘉园 1室0厅 东新上,169万,37094元/平,低楼层 (共14层) | 2006年 | 1室0厅 | 45.56平米 | 东,https://ke-image.ljcdn.com/110000-inspection/pc1_R8sR4VJOe.jpg!m_fill,w_280,h_210,f_jpg?from=ke.com
20240228,门头沟,滨河西区,101122987319,永兴小区南向两居室 户型方正 空间设计合理新上,258万,32671元/平,高楼层 (共6层) 2室1厅 | 78.97平米 | 南,https://ke-image.ljcdn.com/110000-inspection/pc1_DmWUOPLSD_1.jpg!m_fill,w_280,h_210,f_jpg?from=ke.com
20240228,门头沟,滨河西区,101122979496,石龙北路26号院 2室1厅 南 北新上,298万,32147元/平,底层 (共6层) 2室1厅 | 92.7平米 | 南 北,https://ke-image.ljcdn.com/110000-inspection/3a50baae-a4e4-49e2-9ad5-618fd6e4f2ba_1000.jpg!m_fill,w_280,h_210,f_jpg?from=ke.com
20240228,门头沟,滨河西区,101122974071,门头沟月季园 精装修 南向 采光好 明厨明卫两居新上,185万,29389元/平,高楼层 (共6层) 2室1厅 | 62.95平米 | 南,https://ke-image.ljcdn.com/110000-inspection/pc1_YEwK2ipsF.jpg!m_fill,w_280,h_210,f_jpg?from=ke.com
20240228,门头沟,滨河西区,101122937630,绮霞苑 3室1厅 南 北新上,340万,35865元/平,高楼层 (共6层) 3室1厅 | 94.8平米 | 南 北,https://ke-image.ljcdn.com/110000-inspection/10396d30-4681-4fc5-bb1a-4ad133b3a3bc_1000.jpg!m_fill,w_280,h_210,f_jpg?from=ke.com
20240228,门头沟,滨河西区,101122902850,皓月园 2室1厅 东 西房主自荐,350万,35880元/平,中楼层 (共16层) 2室1厅 | 97.55平米 | 东 西,https://ke-image.ljcdn.com/110000-inspection/bb7b4ea7-83d4-4def-b9f0-f4a2d4da1563_1000.jpg!m_fill,w_280,h_210,f_jpg?from=ke.com
20240228,门头沟,滨河西区,101122864859,滨河晗晖苑 2居 南北通透 户型方正  交通便利,342万,38000元/平,底层 (共6层) 2室1厅 | 90平米 | 南 北,https://ke-image.ljcdn.com/110000-inspection/pc1_x2EmsfDXK.jpg!m_fill,w_280,h_210,f_jpg?from=ke.com
20240228,门头沟,滨河西区,101122852072,月季园东里 社区环境优美 小区管严格 配套完善房主自荐,199万,35017元/平,底层 (共6层) | 1995年 | 2室1厅 | 56.83平米 | 东 西,https://ke-image.ljcdn.com/110000-inspection/6679c552-7837-433f-8096-b61a96ac4e6a_1000.jpg!m_fill,w_280,h_210,f_jpg?from=ke.com
20240228,门头沟,滨河西区,101122844605,皓月园 2室1厅 南 西,356万,38120元/平,中楼层 (共14层) | 2006年 | 2室1厅 | 93.39平米 | 南 西,https://ke-image.ljcdn.com/110000-inspection/01997498-223a-42ca-bdd0-c5260c65df58_1000.jpg!m_fill,w_280,h_210,f_jpg?from=ke.com
20240228,门头沟,滨河西区,101122838667,月季园1号院 2室1厅 东 西,210万,35218元/平,底层 (共6层) 2室1厅 | 59.63平米 | 东 西,https://ke-image.ljcdn.com/110000-inspection/pc1_QUFW8fLrM.jpg!m_fill,w_280,h_210,f_jpg?from=ke.com
20240228,门头沟,滨河西区,101122816061,葡东南区商品房满五年唯一板楼纯西向一室一厅无遮挡,168万,32858元/平,顶层 (共6层) | 2004年 | 1室1厅 | 51.13平米 | 西,https://ke-image.ljcdn.com/110000-inspection/pc1_8MuEysqOr.jpg!m_fill,w_280,h_210,f_jpg?from=ke.com
20240228,门头沟,滨河西区,101122773109,葡山公园边南北通透大三居室 户型方正诚心出售,259万,27287元/平,顶层 (共6层) | 2001年 | 3室1厅 | 94.92平米 | 南 北,https://ke-image.ljcdn.com/110000-inspection/72fe6e4b-bb7c-4405-b651-caf0a0884aa7_1000.jpg!m_fill,w_280,h_210,f_jpg?from=ke.com
20240228,门头沟,滨河西区,101122758203,月季园小区经典南北通透两居室明厨明卫,210万,32199元/平,高楼层 (共6层) | 1990年 | 2室1厅 | 65.22平米 | 南 北,https://ke-image.ljcdn.com/110000-inspection/2ea62443-a79b-4eed-abff-00ae3a8beb5f_1000.jpg!m_fill,w_280,h_210,f_jpg?from=ke.com
20240228,门头沟,滨河西区,101122740505,永兴小区 出售  精装修东西通透 两居室,258万,31156元/平,高楼层 (共6层) 2室1厅 | 82.81平米 | 东 西,https://ke-image.ljcdn.com/110000-inspection/4602f0de-11d2-41ed-b2c9-e86060abfe31_1000.jpg!m_fill,w_280,h_210,f_jpg?from=ke.com
20240228,门头沟,滨河西区,101122738302,滨河居住区承泽苑两室两卫满五年仅契税,320万,38859元/平,低楼层 (共6层) | 2001年 | 2室1厅 | 82.35平米 | 南 北,https://ke-image.ljcdn.com/110000-inspection/4bcc729d-4734-432b-9610-bf140d1978c2_1000.jpg!m_fill,w_280,h_210,f_jpg?from=ke.com
20240228,门头沟,滨河西区,101122706333,临镜苑经典两居室南北朝向中间层满五唯一靠谱,345万,41597元/平,中楼层 (共6层) | 2003年 | 2室1厅 | 82.94平米 | 南 北,https://ke-image.ljcdn.com/110000-inspection/pc1_dVOAMjZgy.jpg!m_fill,w_280,h_210,f_jpg?from=ke.com
20240228,门头沟,滨河西区,101122680685,含晖苑 2室1厅 南 北,359万,36451元/平,高楼层 (共6层) 2室1厅 | 98.49平米 | 南 北,https://ke-image.ljcdn.com/110000-inspection/pc1_XPhrcZz5Z.jpg!m_fill,w_280,h_210,f_jpg?from=ke.com
20240228,门头沟,滨河西区,101122632130,滨河居住区承泽苑 南北通透 户型房正 采光好,310万,41718元/平,底层 (共6层) | 2000年 | 2室1厅 | 74.31平米 | 南 北,https://ke-image.ljcdn.com/110000-inspection/80f13c97-c695-491f-a4bf-728ed3728d01_1000.jpg!m_fill,w_280,h_210,f_jpg?from=ke.com
20240228,门头沟,滨河西区,101122587185,滨河含晖苑  南北通透 视野宽阔 格局好,350万,37354元/平,低楼层 (共14层) | 2007年 | 2室1厅 | 93.7平米 | 南 北,https://ke-image.ljcdn.com/110000-inspection/pc1_xo3Zkjya2.jpg!m_fill,w_280,h_210,f_jpg?from=ke.com
20240228,门头沟,滨河西区,101122585939,双峪路小区 满五年唯一商品房 格局方正 看房比较方便,190万,30950元/平,高楼层 (共6层) | 1991年 | 2室1厅 | 61.39平米 | 东 西 北,https://ke-image.ljcdn.com/110000-inspection/pc1_jr6tCA72H_1.jpg!m_fill,w_280,h_210,f_jpg?from=ke.com
20240228,门头沟,滨河西区,101122582548,门头沟月季园 2室1厅 南 北,211万,32512元/平,中楼层 (共6层) | 1988年 | 2室1厅 | 64.9平米 | 南 北,https://ke-image.ljcdn.com/110000-inspection/7c97f251-8938-4320-894c-3bf61016963e_1000.jpg!m_fill,w_280,h_210,f_jpg?from=ke.com
20240228,门头沟,滨河西区,101122578473,葡东小区 2室1厅 东南,209万,34117元/平,中楼层 (共6层) | 1996年 | 2室1厅 | 61.26平米 | 东南,https://ke-image.ljcdn.com/110000-inspection/ed9795ba-1a60-49cb-afac-045e4994fbd4_1000.jpg!m_fill,w_280,h_210,f_jpg?from=ke.com
20240228,门头沟,滨河西区,101122505285,南北通透 交通便利 设施齐全 板楼 小区安静房主自荐,188万,36154元/平,底层 (共6层) | 1991年 | 2室2厅 | 52平米 | 南 北,https://ke-image.ljcdn.com/110000-inspection/d95efcec-d896-436f-80b2-119ec725df65_1000.jpg!m_fill,w_280,h_210,f_jpg?from=ke.com
20240228,门头沟,滨河西区,101122504129,永兴嘉园朝东一居室有电梯好楼层,188万,41066元/平,中楼层 (共14层) | 2006年 | 1室1厅 | 45.78平米 | 东,https://ke-image.ljcdn.com/110000-inspection/pc1_YvXTIbAlV.jpg!m_fill,w_280,h_210,f_jpg?from=ke.com
20240228,门头沟,滨河西区,101122501205,永兴小区南北通透两居室 户型方正 没有浪费,288万,38258元/平,中楼层 (共6层) 2室1厅 | 75.28平米 | 南 北,https://ke-image.ljcdn.com/110000-inspection/41da04f2-638c-42ff-95cf-bf66d16f8755_1000.jpg!m_fill,w_280,h_210,f_jpg?from=ke.com
20240228,门头沟,滨河西区,101122495225,双峪路小区 出门快四车站 菜市场,139万,28959元/平,顶层 (共5层) | 1981年 | 2室1厅 | 48平米 | 南,https://ke-image.ljcdn.com/110000-inspection/6a30c412-f17f-476a-8fc2-63c05fc49762_1000.jpg!m_fill,w_280,h_210,f_jpg?from=ke.com
20240228,门头沟,滨河西区,101122494718,滨河居住区承泽苑一室一厅采光好,203万,32758元/平,顶层 (共6层) | 2001年 | 1室1厅 | 61.97平米 | 南,https://ke-image.ljcdn.com/110000-inspection/pc1_pttPtbzWx.jpg!m_fill,w_280,h_210,f_jpg?from=ke.com
20240228,门头沟,滨河西区,101122488043,精装修婚房大两居室 中楼层明厨明卫采光好,240万,32640元/平,中楼层 (共6层) | 1999年 | 2室1厅 | 73.53平米 | 南,https://ke-image.ljcdn.com/110000-inspection/pc1_snZ1oYtWP.jpg!m_fill,w_280,h_210,f_jpg?from=ke.com
20240228,门头沟,滨河西区,101122480692,葡东小区 满五唯一 商品房 低楼层房主自荐,233万,33946元/平,底层 (共6层) | 1997年 | 2室1厅 | 68.64平米 | 南 北,https://ke-image.ljcdn.com/110000-inspection/c4fb7a17-f55f-4fee-bc01-ae449944759f_1000.jpg!m_fill,w_280,h_210,f_jpg?from=ke.com
20240228,门头沟,滨河西区,101122477848,滨河居住区绮霞苑南北通透两居采光好,230万,38630元/平,顶层 (共6层) | 2002年 | 2室1厅 | 59.54平米 | 南 北,https://ke-image.ljcdn.com/110000-inspection/pc1_BR2Zt4aOz.jpg!m_fill,w_280,h_210,f_jpg?from=ke.com
20240228,门头沟,滨河西区,101122451768,永兴小区 南北通透 简单装修 采光好视野好无遮挡房主自荐,246万,32783元/平,高楼层 (共6层) | 1996年 | 2室1厅 | 75.04平米 | 南 北,https://ke-image.ljcdn.com/110000-inspection/pc1_bQ4MhHH9y_1.jpg!m_fill,w_280,h_210,f_jpg?from=ke.com
20240228,门头沟,滨河西区,101122427212,皓月园 1室0厅 北,168万,36223元/平,中楼层 (共14层) 1室0厅 | 46.38平米 | 北,https://ke-image.ljcdn.com/110000-inspection/pc1_ZKyHjsiJV.jpg!m_fill,w_280,h_210,f_jpg?from=ke.com
20240228,门头沟,滨河西区,101122405692,临镜苑 电梯2居 视野好 无遮挡房主自荐,308万,40904元/平,顶层 (共18层) | 2008年 | 2室1厅 | 75.3平米 | 东 北,https://ke-image.ljcdn.com/110000-inspection/pc1_IoiMpnmfc_1.jpg!m_fill,w_280,h_210,f_jpg?from=ke.com
20240228,门头沟,滨河西区,101122401658,双峪路小区 两居室 出行购物方便 适合居住,170万,31611元/平,顶层 (共5层) | 1980年 | 2室1厅 | 53.78平米 | 南 北,https://ke-image.ljcdn.com/110000-inspection/60bda842-e0c5-47db-b824-532751ad83c4_1000.jpg!m_fill,w_280,h_210,f_jpg?from=ke.com
20240228,门头沟,滨河西区,101122396091,永兴小区满五年南北户型采光好价格优惠,220万,28058元/平,顶层 (共6层) | 1996年 | 2室1厅 | 78.41平米 | 南 北,https://ke-image.ljcdn.com/110000-inspection/prod-c447b7ce-ba16-479a-8f8c-74099cbffd1b.jpg!m_fill,w_280,h_210,f_jpg?from=ke.com
20240228,门头沟,滨河西区,101122374507,临镜苑 2室1厅 东 西,396万,41514元/平,中楼层 (共18层) | 2008年 | 2室1厅 | 95.39平米 | 东 西,https://ke-image.ljcdn.com/110000-inspection/d37649a5-74f5-4c55-9024-28f543317af2_1000.jpg!m_fill,w_280,h_210,f_jpg?from=ke.com
20240228,门头沟,滨河西区,101122349689,滨河路3号 2室1厅 南 北,218万,31090元/平,顶层 (共6层) | 1994年 | 2室1厅 | 70.12平米 | 南 北,https://ke-image.ljcdn.com/110000-inspection/b7cc0c25-1508-4a7c-b407-63919d3273a8_1000.jpg!m_fill,w_280,h_210,f_jpg?from=ke.com
20240228,门头沟,滨河西区,101122334877,含晖苑两居南北朝向精装修满二年商品房诚售卖,362万,36154元/平,中楼层 (共6层) | 2007年 | 2室2厅 | 100.13平米 | 西南 北,https://ke-image.ljcdn.com/110000-inspection/e46f6f7e-99e5-4317-853a-70fbbfe7bc87_1000.jpg!m_fill,w_280,h_210,f_jpg?from=ke.com
20240228,门头沟,滨河西区,101122332502,德露苑 两居室 南北透通 阳光好房主自荐,249万,29993元/平,高楼层 (共6层) | 1998年 | 2室1厅 | 83.02平米 | 南 北,https://ke-image.ljcdn.com/110000-inspection/0e20a037-1f00-42b3-81bd-7a7cc412df8d_1000.jpg!m_fill,w_280,h_210,f_jpg?from=ke.com
20240228,门头沟,滨河西区,101122322832,滨河含晖苑电梯两居室南北通透视野无遮挡采光好,373万,37480元/平,中楼层 (共14层) | 2007年 | 2室1厅 | 99.52平米 | 南 北,https://ke-image.ljcdn.com/110000-inspection/8b22cb22-47b3-4b35-834f-e6dc5b2e1958_1000.jpg!m_fill,w_280,h_210,f_jpg?from=ke.com
20240228,门头沟,滨河西区,101122224948,滨河承泽苑 中间楼层 正规三居室 适合三代人居住,398万,31935元/平,中楼层 (共6层) | 2001年 | 3室2厅 | 124.63平米 | 东 南 西,https://ke-image.ljcdn.com/110000-inspection/69e00565-4069-49f8-95a7-645a6437a333_1000.jpg!m_fill,w_280,h_210,f_jpg?from=ke.com
20240228,门头沟,滨河西区,101122181921,房子满五唯一房子采光充足配套齐全房主自荐,190万,30174元/平,高楼层 (共6层) | 1995年 | 2室1厅 | 62.97平米 | 南 北,https://ke-image.ljcdn.com/110000-inspection/68e3a6b6-3d7c-4ed9-9831-9031256cc637_1000.jpg!m_fill,w_280,h_210,f_jpg?from=ke.com
20240228,门头沟,滨河西区,101122168753,德露苑 3室1厅 南 北 西,378万,33990元/平,中楼层 (共7层) | 1999年 | 3室1厅 | 111.21平米 | 南 北 西,https://ke-image.ljcdn.com/110000-inspection/pc1_kiWxmHs66_1.jpg!m_fill,w_280,h_210,f_jpg?from=ke.com
20240228,门头沟,滨河西区,101122156795,南北通透 高楼层 视野宽阔  交通便利房主自荐,215万,26052元/平,顶层 (共6层) 2室1厅 | 82.53平米 | 南 北,https://ke-image.ljcdn.com/110000-inspection/d391b906-14b1-4e51-a7cd-90522af53f01_1000.jpg!m_fill,w_280,h_210,f_jpg?from=ke.com
20240228,门头沟,滨河西区,101122117371,此房南北通透两居明厨明卫低楼层适合各类人群房主自荐,220万,38604元/平,底层 (共6层) 2室1厅 | 56.99平米 | 南 北,https://ke-image.ljcdn.com/110000-inspection/pc1_sblrvX78U_1.jpg!m_fill,w_280,h_210,f_jpg?from=ke.com
20240228,门头沟,滨河西区,101122082959,双峪路小区 小区位置好有滨河公园、永定楼公园,169万,31256元/平,高楼层 (共6层) | 1991年 | 2室1厅 | 54.07平米 | 南,https://ke-image.ljcdn.com/110000-inspection/f0b940fa-44ec-4911-84c5-c79bc4f2da5f_1000.jpg!m_fill,w_280,h_210,f_jpg?from=ke.com
20240228,门头沟,滨河西区,101122059755,永兴嘉园两居室电梯地暖 满五唯一商品房交通便利,328万,39957元/平,高楼层 (共14层) | 2006年 | 2室1厅 | 82.09平米 | 西 北,https://ke-image.ljcdn.com/110000-inspection/a1cf99c4-68bc-409a-b2ba-baa977caba24_1000.jpg!m_fill,w_280,h_210,f_jpg?from=ke.com
20240228,门头沟,滨河西区,101121917230,滨河路3号业主诚心出售看房方便,139万,20734元/平,地下室 (共6层) | 1994年 | 2室1厅 | 67.04平米 | 东 西,https://ke-image.ljcdn.com/110000-inspection/pc1_t3f5wWk6i.jpg!m_fill,w_280,h_210,f_jpg?from=ke.com
20240228,门头沟,滨河西区,101121910216,永兴小区中间楼层 满五唯一 成本价三居室房主自荐,398万,40049元/平,中楼层 (共6层) 3室1厅 | 99.38平米 | 南 北,https://ke-image.ljcdn.com/110000-inspection/4baa5648-e305-41f0-b38b-4e67fc374d0b_1000.jpg!m_fill,w_280,h_210,f_jpg?from=ke.com
20240228,门头沟,滨河西区,101121865545,永兴小区出售   南北通透 两居室,228万,28807元/平,顶层 (共6层) 2室1厅 | 79.15平米 | 南 北,https://ke-image.ljcdn.com/110000-inspection/pc1_mtLw1ipZS.jpg!m_fill,w_280,h_210,f_jpg?from=ke.com
20240228,门头沟,滨河西区,101121864773,滨河居住区承泽苑   正规一室一厅格局,185万,32377元/平,高楼层 (共6层) | 2001年 | 1室1厅 | 57.14平米 | 东,https://ke-image.ljcdn.com/110000-inspection/5966e36d-5d3b-4639-bbdf-9941bc8bb843_1000.jpg!m_fill,w_280,h_210,f_jpg?from=ke.com
20240228,门头沟,滨河西区,101121840424,月季园东里三居室低楼层出行方便看房方便。,260万,34529元/平,底层 (共6层) | 1995年 | 3室1厅 | 75.3平米 | 南 北,https://ke-image.ljcdn.com/110000-inspection/pc1_ofBF99UBe.jpg!m_fill,w_280,h_210,f_jpg?from=ke.com
20240228,门头沟,滨河西区,101121797940,皓月园 2室1厅 东,326万,39912元/平,中楼层 (共14层) | 2006年 | 2室1厅 | 81.68平米 | 东,https://ke-image.ljcdn.com/110000-inspection/e5677fa4-d763-49f4-9662-7532bac0e959_1000.jpg!m_fill,w_280,h_210,f_jpg?from=ke.com
20240228,门头沟,滨河西区,101121773492,新桥南大街南北通透两居室诚心出售,159万,29865元/平,中楼层 (共6层) | 1986年 | 2室1厅 | 53.24平米 | 南 北,https://ke-image.ljcdn.com/110000-inspection/366cdf20-92ba-456a-b8f6-ded174f40bc6_1000.jpg!m_fill,w_280,h_210,f_jpg?from=ke.com
20240228,门头沟,滨河西区,101121768894,新桥南大街 南北通透 后期费用低 交通便利房主自荐,156万,29138元/平,顶层 (共6层) | 1986年 | 2室1厅 | 53.54平米 | 南 北,https://ke-image.ljcdn.com/110000-inspection/8f27e95b-09f3-473d-81c3-75ded98cd298_1000.jpg!m_fill,w_280,h_210,f_jpg?from=ke.com
20240228,门头沟,滨河西区,101121760262,滨河居住区临镜苑小区中间好楼层户型方正无遮挡采光好,379万,44620元/平,中楼层 (共18层) 2室1厅 | 84.94平米 | 南,https://ke-image.ljcdn.com/110000-inspection/pc1_uE6Ld2Y7x.jpg!m_fill,w_280,h_210,f_jpg?from=ke.com
20240228,门头沟,滨河西区,101121717662,滨河霁月园 南北通透 三居室 满五唯一 低楼层,464万,35331元/平,底层 (共6层) 3室1厅 | 131.33平米 | 南 北,https://ke-image.ljcdn.com/110000-inspection/pc1_cbTfkBNQ4.jpg!m_fill,w_280,h_210,f_jpg?from=ke.com
20240228,门头沟,滨河西区,101121641273,葡东小区此房满五唯一楼层好视野宽阔采光充足,218万,31710元/平,底层 (共6层) 2室1厅 | 68.75平米 | 南 北,https://ke-image.ljcdn.com/110000-inspection/pc1_YVpztsplF.jpg!m_fill,w_280,h_210,f_jpg?from=ke.com
20240228,门头沟,滨河西区,101121634167,月季园南北通透两居室户型满两年唯一住房。,200万,31353元/平,中楼层 (共6层) | 1990年 | 2室1厅 | 63.79平米 | 南 北,https://ke-image.ljcdn.com/110000-inspection/pc1_4JRSZAylh.jpg!m_fill,w_280,h_210,f_jpg?from=ke.com
20240228,门头沟,滨河西区,101121612164,葡山公园边的两居室 南北通透户型方正 拎包入住,175万,20447元/平,地下室 (共6层) | 2002年 | 2室1厅 | 85.59平米 | 南 北,https://ke-image.ljcdn.com/110000-inspection/0e325124-11df-45af-9ae9-43363bf9fda2_1000.jpg!m_fill,w_280,h_210,f_jpg?from=ke.com
20240228,门头沟,滨河西区,101121605600,滨河西区皓月园户型好纯商品房社区,525万,41434元/平,低楼层 (共16层) | 2005年 | 3室1厅 | 126.71平米 | 南 北,https://ke-image.ljcdn.com/110000-inspection/8b0a24a9-bd7c-46e1-8564-0498462d6c7b_1000.jpg!m_fill,w_280,h_210,f_jpg?from=ke.com
20240228,门头沟,滨河西区,101121598584,滨河居住区绮霞苑南北通透的三居室,463万,38918元/平,高楼层 (共15层) | 2003年 | 3室2厅 | 118.97平米 | 南 北,https://ke-image.ljcdn.com/110000-inspection/pc1_HsW9qOaoM.jpg!m_fill,w_280,h_210,f_jpg?from=ke.com
20240228,门头沟,滨河西区,101121578500,阜石路下口  中楼层  户型方正 满五唯一,242万,33270元/平,中楼层 (共6层) | 2000年 | 2室1厅 | 72.74平米 | 南 北,https://ke-image.ljcdn.com/110000-inspection/pc1_SmrnohXYA_1.jpg!m_fill,w_280,h_210,f_jpg?from=ke.com
20240228,门头沟,滨河西区,101121487458,永兴小区东西通透两居室两个卧室采光好,260万,31398元/平,高楼层 (共6层) 2室1厅 | 82.81平米 | 东 西,https://ke-image.ljcdn.com/110000-inspection/613e7455-55f4-43c5-8133-5be25b2a897b_1000.jpg!m_fill,w_280,h_210,f_jpg?from=ke.com
20240228,门头沟,滨河西区,101121470080,葡东小区满五唯一商品房房龄新采光好,222万,28903元/平,顶层 (共6层) | 2000年 | 2室1厅 | 76.81平米 | 南 北,https://ke-image.ljcdn.com/110000-inspection/pc1_3tEECLy6L_1.jpg!m_fill,w_280,h_210,f_jpg?from=ke.com
20240228,门头沟,滨河西区,101121455987,业主诚心售卖 楼层低采光好无遮挡 户型方正宜居住,243万,32706元/平,底层 (共6层) | 2000年 | 2室1厅 | 74.3平米 | 南 北,https://ke-image.ljcdn.com/110000-inspection/1ee5e1bc-ea22-46be-9af7-8064fcf343a4_1000.jpg!m_fill,w_280,h_210,f_jpg?from=ke.com
20240228,门头沟,滨河西区,101121434305,次顶层  户型方正没有一点浪费,229万,37727元/平,高楼层 (共14层) | 2006年 | 2室1厅 | 60.7平米 | 南,https://ke-image.ljcdn.com/110000-inspection/pc1_niaav7o1w.jpg!m_fill,w_280,h_210,f_jpg?from=ke.com
20240228,门头沟,滨河西区,101121402855,葡东小区 满五年唯一商品房 精装修中间楼层,219万,34214元/平,中楼层 (共6层) | 1997年 | 2室1厅 | 64.01平米 | 南 北,https://ke-image.ljcdn.com/110000-inspection/pc1_CoYAW63SI.jpg!m_fill,w_280,h_210,f_jpg?from=ke.com
20240228,门头沟,滨河西区,101121375544,滨河居住区临镜苑带电梯纯南向两居室,325万,38927元/平,低楼层 (共12层) 2室1厅 | 83.49平米 | 南,https://ke-image.ljcdn.com/110000-inspection/c4884f36-4ef1-4bd0-946c-2c06f39dd18b_1000.jpg!m_fill,w_280,h_210,f_jpg?from=ke.com
20240228,门头沟,滨河西区,101121366150,滨河西区皓月园  不带电梯 低楼层 使用面积大 大客厅,348万,37810元/平,低楼层 (共6层) | 2005年 | 2室1厅 | 92.04平米 | 南 西,https://ke-image.ljcdn.com/110000-inspection/pc1_F8b2Uo7CG.jpg!m_fill,w_280,h_210,f_jpg?from=ke.com
20240228,门头沟,滨河西区,101121348889,永兴嘉园 地铁1100米 甄选小户型 配套成熟,185万,40606元/平,高楼层 (共14层) | 2006年 | 1室1厅 | 45.56平米 | 东,https://ke-image.ljcdn.com/110000-inspection/pc1_89Pfub8iF.jpg!m_fill,w_280,h_210,f_jpg?from=ke.com
20240228,门头沟,滨河西区,101121343894,滨河西区皓月园 低楼层 南北通透三居 精装修,475万,44178元/平,低楼层 (共6层) | 2005年 | 3室1厅 | 107.52平米 | 北 南,https://ke-image.ljcdn.com/110000-inspection/pc1_QL3jpt0JI.jpg!m_fill,w_280,h_210,f_jpg?from=ke.com
20240228,门头沟,滨河西区,101121297332,葡东小区 2室1厅 西南,296万,31584元/平,中楼层 (共6层) 2室1厅 | 93.72平米 | 西南,https://ke-image.ljcdn.com/110000-inspection/pc1_7kRaHiO2v.jpg!m_fill,w_280,h_210,f_jpg?from=ke.com
20240228,门头沟,滨河西区,101121276646,南北通透格局好采光充足配套齐全环境好,530万,34472元/平,低楼层 (共16层) 3室1厅 | 153.75平米 | 南 北,https://ke-image.ljcdn.com/110000-inspection/pc1_7pPdsBPoT_1.jpg!m_fill,w_280,h_210,f_jpg?from=ke.com
20240228,门头沟,滨河西区,101121275687,永兴五年唯一商品房中间楼层南北朝向看房随时,279万,37062元/平,中楼层 (共6层) 2室1厅 | 75.28平米 | 南 北,https://ke-image.ljcdn.com/110000-inspection/e340968f-86a2-4a93-920a-bc1b85793d3a_1000.jpg!m_fill,w_280,h_210,f_jpg?from=ke.com
20240228,门头沟,滨河西区,101121249984,月季园小区经典南北通透三居室明厨明卫,228万,28497元/平,高楼层 (共6层) 3室1厅 | 80.01平米 | 南 北,https://ke-image.ljcdn.com/110000-inspection/pc1_HMjFtKDmM.jpg!m_fill,w_280,h_210,f_jpg?from=ke.com
20240228,门头沟,滨河西区,101121192789,临镜苑南北两居次顶层满五唯一随时可签约,425万,43465元/平,高楼层 (共18层) | 2008年 | 2室2厅 | 97.78平米 | 南 北,https://ke-image.ljcdn.com/110000-inspection/pc1_MKBWkGlee.jpg!m_fill,w_280,h_210,f_jpg?from=ke.com
20240228,门头沟,滨河西区,101121171417,葡东小区 次顶层  把边  南北通透  两居室房主自荐,225万,32780元/平,高楼层 (共6层) | 1997年 | 2室1厅 | 68.64平米 | 南 北,https://ke-image.ljcdn.com/110000-inspection/pc1_DRYwqxxot.jpg!m_fill,w_280,h_210,f_jpg?from=ke.com
20240228,门头沟,滨河西区,101121164071,葡东小区 2室1厅 南,168万,22608元/平,地下室 (共6层) | 2000年 | 2室1厅 | 74.31平米 | 南,https://ke-image.ljcdn.com/110000-inspection/pc1_lDghT9VQ8.jpg!m_fill,w_280,h_210,f_jpg?from=ke.com
20240228,门头沟,滨河西区,101121126005,此房南北通透明厨明卫有独立的客厅房主诚意出售,226万,34457元/平,中楼层 (共6层) | 1995年 | 2室1厅 | 65.59平米 | 南 北,https://ke-image.ljcdn.com/110000-inspection/pc1_c4L14IRkz.jpg!m_fill,w_280,h_210,f_jpg?from=ke.com
20240228,门头沟,滨河西区,101121115404,此房南北通透 楼层好 视野宽阔 采光充足,395万,37937元/平,高楼层 (共16层) 2室2厅 | 104.12平米 | 南 北,https://ke-image.ljcdn.com/110000-inspection/800c4aa8-71f6-423d-97ae-493c6250f996_1000.jpg!m_fill,w_280,h_210,f_jpg?from=ke.com
20240228,门头沟,滨河西区,101121100114,滨河霁月园 满五唯一 低楼层小两居 精装修,289万,41541元/平,低楼层 (共6层) | 2006年 | 2室1厅 | 69.57平米 | 西 北,https://ke-image.ljcdn.com/110000-inspection/d3670946-3f51-4035-89b6-aa618928db07_1000.jpg!m_fill,w_280,h_210,f_jpg?from=ke.com
20240228,门头沟,滨河西区,101121098748,葡东小区 2室1厅 南,255万,34224元/平,中楼层 (共6层) | 2000年 | 2室1厅 | 74.51平米 | 南,https://ke-image.ljcdn.com/110000-inspection/pc1_T7mLM8qYz.jpg!m_fill,w_280,h_210,f_jpg?from=ke.com
20240228,门头沟,滨河西区,101121083028,永兴小区精装修两居室南北通透采光好房主自荐,249万,33183元/平,顶层 (共6层) 2室1厅 | 75.04平米 | 南 北,https://ke-image.ljcdn.com/110000-inspection/693c0a02-d808-4ded-93e6-aec79ff75d24_1000.jpg!m_fill,w_280,h_210,f_jpg?from=ke.com
20240228,门头沟,滨河西区,101121034205,滨河居住区绮霞苑南北通透两居室,218万,36621元/平,顶层 (共6层) | 2002年 | 2室1厅 | 59.53平米 | 南 北,https://ke-image.ljcdn.com/110000-inspection/6e131af1-02a4-4e1f-996d-d159c0e27efd_1000.jpg!m_fill,w_280,h_210,f_jpg?from=ke.com
20240228,门头沟,滨河西区,101121017722,霁月园南北通电梯房满五唯一产权清晰看房提前约,376万,37384元/平,低楼层 (共16层) 2室2厅 | 100.58平米 | 南 北,https://ke-image.ljcdn.com/110000-inspection/pc1_Efk5vKkWb.jpg!m_fill,w_280,h_210,f_jpg?from=ke.com
20240228,门头沟,滨河西区,101120955493,葡东小区南北通透边户全明格局视野好,228万,33164元/平,高楼层 (共6层) | 1997年 | 2室1厅 | 68.75平米 | 南 北,https://ke-image.ljcdn.com/110000-inspection/pc1_xryO3m61D.jpg!m_fill,w_280,h_210,f_jpg?from=ke.com
20240228,门头沟,滨河西区,101120922035,滨河晗晖苑 南北通透 采光视野好,420万,33397元/平,顶层 (共6层) | 2004年 | 3室2厅 | 125.76平米 | 北 南,https://ke-image.ljcdn.com/110000-inspection/pc1_9o6oxi3WT.jpg!m_fill,w_280,h_210,f_jpg?from=ke.com
20240228,门头沟,滨河西区,101120914704,滨河西区皓月园  满五年唯一  视野好,169万,36439元/平,高楼层 (共14层) | 2006年 | 1室0厅 | 46.38平米 | 北,https://ke-image.ljcdn.com/110000-inspection/pc1_Cm4O6KvlW.jpg!m_fill,w_280,h_210,f_jpg?from=ke.com
20240228,门头沟,滨河西区,101120906484,滨河德露苑 南北通透 采光充足视野开阔房主自荐,325万,34932元/平,中楼层 (共7层) | 1999年 | 2室1厅 | 93.04平米 | 南 北,https://ke-image.ljcdn.com/110000-inspection/pc1_rTAELqNsz.jpg!m_fill,w_280,h_210,f_jpg?from=ke.com
20240228,门头沟,滨河西区,101120899552,滨河东区南北通透大两居 户型方正满五唯一 诚心出售,270万,29888元/平,高楼层 (共6层) | 1999年 | 2室1厅 | 90.34平米 | 南 北,https://ke-image.ljcdn.com/110000-inspection/pc1_n8IO3vlgc.jpg!m_fill,w_280,h_210,f_jpg?from=ke.com
20240228,门头沟,滨河西区,101120872346,永兴嘉园 小区都是地暖 交通出行方便,368万,44536元/平,高楼层 (共14层) | 2006年 | 2室1厅 | 82.63平米 | 东南,https://ke-image.ljcdn.com/110000-inspection/pc1_sxd3OpXcz.jpg!m_fill,w_280,h_210,f_jpg?from=ke.com
20240228,门头沟,滨河西区,101120853941,滨河西区霁月园两居。户型通透 满五年,346万,36376元/平,低楼层 (共15层) 2室1厅 | 95.12平米 | 东 西,https://ke-image.ljcdn.com/110000-inspection/pc1_nNSQ0SXnU.jpg!m_fill,w_280,h_210,f_jpg?from=ke.com
20240228,门头沟,滨河西区,101120836829,门头沟月季园 低楼层 南北通透 明厨明卫 三居室,255万,31056元/平,低楼层 (共6层) | 1988年 | 3室1厅 | 82.11平米 | 南 北,https://ke-image.ljcdn.com/110000-inspection/pc1_zFSuCCepA.jpg!m_fill,w_280,h_210,f_jpg?from=ke.com
20240228,门头沟,滨河西区,101120804278,滨河承泽苑低楼层全明格局一居室,229万,36448元/平,底层 (共6层) | 2000年 | 1室1厅 | 62.83平米 | 南,https://ke-image.ljcdn.com/110000-inspection/452442e1-1a7e-493e-981d-8b0f0ef366a4_1000.jpg!m_fill,w_280,h_210,f_jpg?from=ke.com
20240228,门头沟,滨河西区,101120785927,月季园东里 低楼层 南北通透 两室一厅,188万,29856元/平,底层 (共6层) 2室1厅 | 62.97平米 | 南 北,https://ke-image.ljcdn.com/110000-inspection/pc1_tCWL4erQQ.jpg!m_fill,w_280,h_210,f_jpg?from=ke.com
20240228,门头沟,滨河西区,101120774747,阜石路边正规一室一厅户型方正电梯房业主诚心出售,205万,38333元/平,高楼层 (共16层) 1室1厅 | 53.48平米 | 东,https://ke-image.ljcdn.com/110000-inspection/f6f35718-0abb-4916-b9d0-f7d163beebba_1000.jpg!m_fill,w_280,h_210,f_jpg?from=ke.com
20240228,门头沟,滨河西区,101120692617,皓月园 2室1厅 南,356万,39126元/平,高楼层 (共16层) | 2005年 | 2室1厅 | 90.99平米 | 南,https://ke-image.ljcdn.com/110000-inspection/pc1_HjLyBekXH.jpg!m_fill,w_280,h_210,f_jpg?from=ke.com
20240228,门头沟,滨河西区,101120649008,承泽苑 2室1厅 南 北,282万,34353元/平,顶层 (共6层) 2室1厅 | 82.09平米 | 南 北,https://ke-image.ljcdn.com/110000-inspection/pc1_FWgS6ZcDy_1.jpg!m_fill,w_280,h_210,f_jpg?from=ke.com
20240228,门头沟,滨河西区,101120633872,此房南北通透简单装修房主唯一住房。低楼层,205万,31251元/平,低楼层 (共6层) | 1992年 | 2室1厅 | 65.6平米 | 南 北,https://ke-image.ljcdn.com/110000-inspection/pc1_RQWPoIkNE.jpg!m_fill,w_280,h_210,f_jpg?from=ke.com
20240228,门头沟,滨河西区,101120609634,石龙北路20号院两居室视好佳户型好,213万,26071元/平,顶层 (共6层) 2室1厅 | 81.7平米 | 东 西,https://ke-image.ljcdn.com/110000-inspection/pc1_Q6e6hsWOo.jpg!m_fill,w_280,h_210,f_jpg?from=ke.com
20240228,门头沟,滨河西区,101120534754,南北通透两居室采光好视野好无遮挡,246万,30416元/平,顶层 (共6层) | 2001年 | 2室1厅 | 80.88平米 | 北 南,https://ke-image.ljcdn.com/110000-inspection/682c2cde-a328-4022-8b2d-64c1f16107ba_1000.jpg!m_fill,w_280,h_210,f_jpg?from=ke.com
20240228,门头沟,滨河西区,101120529564,新桥南大街 南北通透两居室诚意出售房主自荐,166万,27612元/平,顶层 (共6层) | 1991年 | 2室1厅 | 60.12平米 | 南 北,https://ke-image.ljcdn.com/110000-inspection/pc1_UGAupAnag.jpg!m_fill,w_280,h_210,f_jpg?from=ke.com
20240228,门头沟,滨河西区,101120529334,此房满五年唯一住房明厨明卫。南北通透。采光好。,190万,29276元/平,高楼层 (共6层) | 1989年 | 2室1厅 | 64.9平米 | 北 南,https://ke-image.ljcdn.com/110000-inspection/4cc97726-0ac4-44e2-b8e3-76262876cc33_1000.jpg!m_fill,w_280,h_210,f_jpg?from=ke.com
20240228,门头沟,滨河西区,101120488782,葡东小区 2室1厅 南 北,209万,30400元/平,顶层 (共6层) | 1997年 | 2室1厅 | 68.75平米 | 南 北,https://ke-image.ljcdn.com/110000-inspection/8a7dc114-5d62-452d-8f87-2334381c588c_1000.jpg!m_fill,w_280,h_210,f_jpg?from=ke.com
20240228,门头沟,滨河西区,101120402743,永兴小区   户型方正   东西通透,249万,30069元/平,高楼层 (共6层) | 1996年 | 2室1厅 | 82.81平米 | 东 西,https://ke-image.ljcdn.com/110000-inspection/pc1_ZImQtVyxI.jpg!m_fill,w_280,h_210,f_jpg?from=ke.com
20240228,门头沟,滨河西区,101120297582,承泽苑 4室1厅 南 北,460万,34296元/平,中楼层 (共6层) | 2000年 | 4室1厅 | 134.13平米 | 南 北,https://ke-image.ljcdn.com/110000-inspection/920ae3e5-8ee6-4215-849f-f9494acb9797_1000.jpg!m_fill,w_280,h_210,f_jpg?from=ke.com
20240228,门头沟,滨河西区,101120296942,滨河含晖苑低楼层三居室东边户南北通透,479万,35325元/平,底层 (共6层) | 2007年 | 3室2厅 | 135.6平米 | 南 北,https://ke-image.ljcdn.com/110000-inspection/95eb8699-36a7-429f-82d8-b5693f1844b3_1000.jpg!m_fill,w_280,h_210,f_jpg?from=ke.com
20240228,门头沟,滨河西区,101120283906,滨河居住区临镜苑 电梯一居室 中间楼层房主自荐,215万,41976元/平,中楼层 (共18层) | 2008年 | 1室1厅 | 51.22平米 | 东,https://ke-image.ljcdn.com/110000-inspection/pc1_FzoQgxmev.jpg!m_fill,w_280,h_210,f_jpg?from=ke.com
20240228,门头沟,滨河西区,101120230313,葡东小区优质房源。。。。。。.......,188万,34597元/平,中楼层 (共6层) | 1995年 | 2室1厅 | 54.34平米 | 南 北,https://ke-image.ljcdn.com/110000-inspection/pc1_gkQE7A56M.jpg!m_fill,w_280,h_210,f_jpg?from=ke.com
20240228,门头沟,滨河西区,101120210651,葡东小区 2室1厅 南 北,159万,22673元/平,地下室 (共6层) | 2000年 | 2室1厅 | 70.13平米 | 南 北,https://ke-image.ljcdn.com/110000-inspection/pc1_SW78yJDTV.jpg!m_fill,w_280,h_210,f_jpg?from=ke.com
20240228,门头沟,滨河西区,101120160015,月季园东里 满五年唯一中楼层一居室 南向 小区有电梯,168万,40317元/平,中楼层 (共6层) 1室1厅 | 41.67平米 | 南,https://ke-image.ljcdn.com/110000-inspection/pc1_7nsONeIDG.jpg!m_fill,w_280,h_210,f_jpg?from=ke.com
20240228,门头沟,滨河西区,101119777673,绮霞苑 2室1厅 南 北,320万,37884元/平,高楼层 (共6层) | 2002年 | 2室1厅 | 84.47平米 | 南 北,https://ke-image.ljcdn.com/110000-inspection/pc1_umiisxCGM.jpg!m_fill,w_280,h_210,f_jpg?from=ke.com
20240228,门头沟,滨河西区,101119751995,滨河绮霞苑2居室底层满五唯一格局方正急售,271万,41293元/平,底层 (共6层) | 2003年 | 2室1厅 | 65.63平米 | 西南,https://ke-image.ljcdn.com/110000-inspection/pc1_sIQeEK5A8_1.jpg!m_fill,w_280,h_210,f_jpg?from=ke.com
20240228,门头沟,滨河西区,101119700112,滨河绮霞苑 南北通透 视野好边户 电梯大三居 人车分流,445万,38412元/平,中楼层 (共16层) | 2003年 | 3室1厅 | 115.85平米 | 南 北,https://ke-image.ljcdn.com/110000-inspection/pc1_eaegShCai.jpg!m_fill,w_280,h_210,f_jpg?from=ke.com
20240228,门头沟,滨河西区,101119475351,门头沟月季园 2室1厅 南,188万,29799元/平,高楼层 (共6层) | 1990年 | 2室1厅 | 63.09平米 | 南,https://ke-image.ljcdn.com/110000-inspection/e47b5343-d190-41cb-b6c1-a5cba6a99b24_1000.jpg!m_fill,w_280,h_210,f_jpg?from=ke.com
20240228,门头沟,滨河西区,101119418153,新桥南大街、全明格局、交通便利业主诚心卖,208万,33587元/平,顶层 (共6层) | 1988年 | 2室1厅 | 61.93平米 | 南 北,https://ke-image.ljcdn.com/110000-inspection/24301c46-6f3d-49d3-a329-bbe513c7af9d_1000.jpg!m_fill,w_280,h_210,f_jpg?from=ke.com
20240228,门头沟,滨河西区,101117851157,满五唯一 南北通透 靠谱卖 看房随时,185万,29748元/平,中楼层 (共6层) 2室1厅 | 62.19平米 | 南 北,https://ke-image.ljcdn.com/110000-inspection/f8b60a3d-4a08-4ad6-9bba-8faf53e10273_1000.jpg!m_fill,w_280,h_210,f_jpg?from=ke.com
20240228,门头沟,滨河西区,101116019516,葡东南区 大户型三居  满五唯一,204万,19128元/平,地下室 (共6层) | 2002年 | 3室1厅 | 106.65平米 | 南 北,https://ke-image.ljcdn.com/110000-inspection/pc1_XIV4MZFYW_1.jpg!m_fill,w_280,h_210,f_jpg?from=ke.com
20240228,门头沟,滨河西区,101123071201,葡东小区 2室1厅 南 北新上,195万,26189元/平,顶层 (共6层) | 2000年 | 2室1厅 | 74.46平米 | 南 北,https://ke-image.ljcdn.com/110000-inspection/pc1_CnI6Wcv8f.jpg!m_fill,w_280,h_210,f_jpg?from=ke.com
20240228,门头沟,滨河西区,101123068380,阜石路下口 高楼层 无遮挡 浪费空间新上,235万,31960元/平,顶层 (共6层) | 2000年 | 2室2厅 | 73.53平米 | 南 北,https://ke-image.ljcdn.com/110000-inspection/pc1_FWqNHk9QX.jpg!m_fill,w_280,h_210,f_jpg?from=ke.com
20240228,门头沟,滨河西区,101123054171,临镜苑南北三居室中间层采光好精装自住随时看新上,408万,37722元/平,中楼层 (共18层) | 2008年 | 3室1厅 | 108.16平米 | 南 北,https://ke-image.ljcdn.com/110000-inspection/pc1_kySY20F13.jpg!m_fill,w_280,h_210,f_jpg?from=ke.com
20240228,门头沟,滨河西区,101123050387,霁月园三居室低楼层南北通透采光充足新上,520万,39695元/平,底层 (共6层) | 2006年 | 3室1厅 | 131平米 | 南 北,https://ke-image.ljcdn.com/110000-inspection/pc1_EQGCWQeZO.jpg!m_fill,w_280,h_210,f_jpg?from=ke.com
20240228,门头沟,滨河西区,101123046384,承泽苑 2室1厅 南 北新上,275万,36687元/平,中楼层 (共6层) | 2001年 | 2室1厅 | 74.96平米 | 南 北,https://ke-image.ljcdn.com/110000-inspection/pc1_GrlZ8S1U8_1.jpg!m_fill,w_280,h_210,f_jpg?from=ke.com
20240228,门头沟,滨河西区,101122995107,合景·领汇长安 精装修 小洋房 近地铁新上,458万,52159元/平,底层 (共10层) | 2021年 | 3室1厅 | 87.81平米 | 南 北,https://ke-image.ljcdn.com/110000-inspection/pc1_i5LitQSHH.jpg!m_fill,w_280,h_210,f_jpg?from=ke.com
20240228,门头沟,滨河西区,101122987367,滨河临镜苑 户型优质 南北通透 2居 采光赞新上,298万,35930元/平,高楼层 (共6层) | 2003年 | 2室1厅 | 82.94平米 | 南 北,https://ke-image.ljcdn.com/110000-inspection/b0bbbe1b-cfc5-42fa-9cf8-778c7087456a_1000.jpg!m_fill,w_280,h_210,f_jpg?from=ke.com
20240228,门头沟,滨河西区,101122985757,含晖苑 2室1厅 南 北新上,365万,38025元/平,低楼层 (共10层) | 2007年 | 2室1厅 | 95.99平米 | 南 北,https://ke-image.ljcdn.com/110000-inspection/pc1_L8gz6gdLH.jpg!m_fill,w_280,h_210,f_jpg?from=ke.com
20240228,门头沟,滨河西区,101122971309,临镜苑 4室2厅 东 南 北新上,595万,38051元/平,高楼层 (共18层) | 2008年 | 4室2厅 | 156.37平米 | 东 南 北,https://ke-image.ljcdn.com/110000-inspection/pc1_haJCRm3eP.jpg!m_fill,w_280,h_210,f_jpg?from=ke.com
20240228,门头沟,滨河西区,101122966862,此房南北通透明厨明卫低楼层适合居住新上,203万,33766元/平,底层 (共6层) | 1992年 | 2室1厅 | 60.12平米 | 南 北,https://ke-image.ljcdn.com/110000-inspection/pc1_QayJBLH4U.jpg!m_fill,w_280,h_210,f_jpg?from=ke.com
20240228,门头沟,滨河西区,101122884161,月季园东里 户型合理 交通便利 电梯房,206万,35671元/平,高楼层 (共6层) | 1994年 | 2室1厅 | 57.75平米 | 南 北,https://ke-image.ljcdn.com/110000-inspection/4394cb77-a264-4ea0-849a-03500a1df8ef_1000.jpg!m_fill,w_280,h_210,f_jpg?from=ke.com
20240228,门头沟,滨河西区,101122880203,月季园东里正规一室一厅南向户型看房方便。,169万,40557元/平,中楼层 (共6层) | 1993年 | 1室1厅 | 41.67平米 | 南,https://ke-image.ljcdn.com/110000-inspection/pc1_Kv2oNulbz.jpg!m_fill,w_280,h_210,f_jpg?from=ke.com
20240228,门头沟,滨河西区,101122879284,月季园东里 满五年唯一中楼层三居室 南北通透,278万,36919元/平,中楼层 (共6层) 2室1厅 | 75.3平米 | 南 北,https://ke-image.ljcdn.com/110000-inspection/pc1_Twr2z1LZI.jpg!m_fill,w_280,h_210,f_jpg?from=ke.com
20240228,门头沟,滨河西区,101122871519,倚山家园满五年唯一住房南北通透看房方便。,330万,33150元/平,低楼层 (共14层) | 2005年 | 2室1厅 | 99.55平米 | 南 北,https://ke-image.ljcdn.com/110000-inspection/e40d3b9e-9854-40b2-8f0e-b519aaa1ceec_1000.jpg!m_fill,w_280,h_210,f_jpg?from=ke.com
20240228,门头沟,滨河西区,101122864731,永兴嘉园 1室1厅 北,190万,40085元/平,中楼层 (共14层) | 2006年 | 1室1厅 | 47.4平米 | 北,https://ke-image.ljcdn.com/110000-inspection/49c7dba4-51c0-4904-a257-660791c5f98a_1000.jpg!m_fill,w_280,h_210,f_jpg?from=ke.com
20240228,门头沟,滨河西区,101122863763,月季园东里 2室1厅 南 北,195万,33767元/平,中楼层 (共6层) | 1994年 | 2室1厅 | 57.75平米 | 南 北,https://ke-image.ljcdn.com/110000-inspection/pc1_ZhoX0mgel.jpg!m_fill,w_280,h_210,f_jpg?from=ke.com
20240228,门头沟,滨河西区,101122861908,新桥南大街 南北通透 楼龄新 交通便利房主自荐,158万,28005元/平,高楼层 (共6层) | 1991年 | 2室1厅 | 56.42平米 | 南 北,https://ke-image.ljcdn.com/110000-inspection/da9a8d36-42db-427f-a369-5ea459fd9495_1000.jpg!m_fill,w_280,h_210,f_jpg?from=ke.com
20240228,门头沟,滨河西区,101122860707,双峪路小区 南北不临街 三面采光中楼层三居室,183万,32338元/平,中楼层 (共5层) | 1981年 | 3室1厅 | 56.59平米 | 东 南 北,https://ke-image.ljcdn.com/110000-inspection/pc1_8OpWDRSlW.jpg!m_fill,w_280,h_210,f_jpg?from=ke.com
20240228,门头沟,滨河西区,101122859998,永兴嘉园2006年商品房 近地铁,170万,35782元/平,顶层 (共14层) | 2006年 | 1室0厅 | 47.51平米 | 北,https://ke-image.ljcdn.com/110000-inspection/pc1_PJRj8PKus.jpg!m_fill,w_280,h_210,f_jpg?from=ke.com
20240228,门头沟,滨河西区,101122820998,永兴嘉园 正规一居室 东向 随时可看,166万,36492元/平,中楼层 (共14层) 1室0厅 | 45.49平米 | 东,https://ke-image.ljcdn.com/110000-inspection/pc1_GcoumjAr3.jpg!m_fill,w_280,h_210,f_jpg?from=ke.com
20240228,门头沟,滨河西区,101122819877,滨河居住区临镜苑东西南三面采光,368万,38579元/平,低楼层 (共18层) | 2008年 | 2室1厅 | 95.39平米 | 东 西 南,https://ke-image.ljcdn.com/110000-inspection/da8edb48-ab55-4028-a253-942de0342066_1000.jpg!m_fill,w_280,h_210,f_jpg?from=ke.com
20240228,门头沟,滨河西区,101122816435,倚山家园两居室电梯房楼层好采光充足,240万,33459元/平,顶层 (共11层) | 2005年 | 2室1厅 | 71.73平米 | 东,https://ke-image.ljcdn.com/110000-inspection/d9c2c976-b5c4-47f5-8411-5d9a4cf4f6c7_1000.jpg!m_fill,w_280,h_210,f_jpg?from=ke.com
20240228,门头沟,滨河西区,101122803447,德露苑 1室1厅 南 北,251万,37153元/平,中楼层 (共7层) | 1999年 | 1室1厅 | 67.56平米 | 南 北,https://ke-image.ljcdn.com/110000-inspection/pc1_0dFKmXMB8.jpg!m_fill,w_280,h_210,f_jpg?from=ke.com
20240228,门头沟,滨河西区,101122795963,绮霞苑三居室东南北三面采光户型,358万,37856元/平,高楼层 (共6层) | 2002年 | 3室1厅 | 94.57平米 | 南 北,https://ke-image.ljcdn.com/110000-inspection/pc1_HxB4mbuaP_1.jpg!m_fill,w_280,h_210,f_jpg?from=ke.com
20240228,门头沟,滨河西区,101122735186,此房 西南朝向.采光好.视野开阔.诚心出售,158万,33404元/平,中楼层 (共6层) 1室1厅 | 47.3平米 | 西南,https://ke-image.ljcdn.com/110000-inspection/pc1_OQncbdAcu_1.jpg!m_fill,w_280,h_210,f_jpg?from=ke.com
20240228,门头沟,滨河西区,101122733627,葡东小区 2室1厅 南 北,226万,32873元/平,低楼层 (共6层) | 1997年 | 2室1厅 | 68.75平米 | 南 北,https://ke-image.ljcdn.com/110000-inspection/pc1_T2tbc1ToG.jpg!m_fill,w_280,h_210,f_jpg?from=ke.com
20240228,门头沟,滨河西区,101122717627,葡东小区 精装修 满五年唯一商品房,193万,28073元/平,顶层 (共6层) | 1997年 | 2室1厅 | 68.75平米 | 南 北,https://ke-image.ljcdn.com/110000-inspection/dd4b535e-8516-44c2-b71e-7fcef2d467eb_1000.jpg!m_fill,w_280,h_210,f_jpg?from=ke.com
20240228,门头沟,滨河西区,101122657642,葡东南区业主诚心出售看房方便。,267万,21573元/平,地下室 (共6层) | 2002年 | 3室2厅 | 123.77平米 | 南 北,https://ke-image.ljcdn.com/110000-inspection/04b507d2-f8e0-4d18-8915-221093afa658_1000.jpg!m_fill,w_280,h_210,f_jpg?from=ke.com
20240228,门头沟,滨河西区,101122648415,永兴嘉园 满五年 唯一住房 小户型 便宜 签约随时房主自荐,165万,34781元/平,低楼层 (共14层) 1室0厅 | 47.44平米 | 北,https://ke-image.ljcdn.com/110000-inspection/37be6167-c9ef-4324-9166-0944c7e1d105_1000.jpg!m_fill,w_280,h_210,f_jpg?from=ke.com
20240228,门头沟,滨河西区,101122637732,永兴嘉园 2+1户型 楼层高 视野好 精装修 全屋定制随房,480万,36053元/平,顶层 (共14层) | 2006年 | 3室2厅 | 133.14平米 | 东 北,https://ke-image.ljcdn.com/110000-inspection/c65b297e-c03f-401e-8755-8ef956c91dd2_1000.jpg!m_fill,w_280,h_210,f_jpg?from=ke.com
20240228,门头沟,滨河西区,101122631286,永兴嘉园 正规一居室 东向 看房方便,179万,37732元/平,顶层 (共14层) 1室0厅 | 47.44平米 | 北,https://ke-image.ljcdn.com/110000-inspection/2989f34a-6884-4563-97c9-b1973243d525_1000.jpg!m_fill,w_280,h_210,f_jpg?from=ke.com
20240228,门头沟,滨河西区,101122623159,葡东南区 3室2厅 东 西,330万,30559元/平,中楼层 (共6层) | 2001年 | 3室2厅 | 107.99平米 | 东 西,https://ke-image.ljcdn.com/110000-inspection/455421cd-6436-4832-a0bd-d38cf8dd9cb2_1000.jpg!m_fill,w_280,h_210,f_jpg?from=ke.com
20240228,门头沟,滨河西区,101122553723,石龙北路26号院精装修满五唯一商品房,338万,36427元/平,中楼层 (共6层) 2室1厅 | 92.79平米 | 南 北,https://ke-image.ljcdn.com/110000-inspection/87fda357-da69-4195-b140-f42e2f5b73e5_1000.jpg!m_fill,w_280,h_210,f_jpg?from=ke.com
20240228,门头沟,滨河西区,101122551445,石龙北路26号院 东西向两居室+大阳台,270万,28961元/平,高楼层 (共6层) 2室1厅 | 93.23平米 | 东 西,https://ke-image.ljcdn.com/110000-inspection/pc1_A6uxEy5p9_1.jpg!m_fill,w_280,h_210,f_jpg?from=ke.com
20240228,门头沟,滨河西区,101122527370,永兴嘉园 2室1厅 西南,338万,38541元/平,顶层 (共14层) 2室1厅 | 87.7平米 | 西南,https://ke-image.ljcdn.com/110000-inspection/ed069557-f83f-43da-9be7-aaa0269187c0_1000.jpg!m_fill,w_280,h_210,f_jpg?from=ke.com
20240228,门头沟,滨河西区,101122470812,葡东小区南向大两居 明厨明卫大客厅 急售急售,132万,17716元/平,地下室 (共6层) | 2000年 | 2室1厅 | 74.51平米 | 南,https://ke-image.ljcdn.com/110000-inspection/pc1_1IEGzZhRZ.jpg!m_fill,w_280,h_210,f_jpg?from=ke.com
20240228,门头沟,滨河西区,101122409346,滨河居住区承泽苑南向一室一厅采光好,237万,38245元/平,中楼层 (共6层) | 2001年 | 1室1厅 | 61.97平米 | 南,https://ke-image.ljcdn.com/110000-inspection/8899b9ba-291d-4e89-a712-be17233fa0cc_1000.jpg!m_fill,w_280,h_210,f_jpg?from=ke.com
20240228,门头沟,滨河西区,101122387369,阜石路滨河皓月园电梯中间楼层北向开间满五年唯一,195万,37602元/平,低楼层 (共14层) 1室0厅 | 51.86平米 | 北,https://ke-image.ljcdn.com/110000-inspection/pc1_owfsq1ITD.jpg!m_fill,w_280,h_210,f_jpg?from=ke.com
20240228,门头沟,滨河西区,101122387301,葡东小区大两居出售南北通透户型方正。,262万,32422元/平,中楼层 (共6层) | 2001年 | 2室1厅 | 80.81平米 | 南 北,https://ke-image.ljcdn.com/110000-inspection/56b5a690-716a-403a-94de-9518a3f169e2_1000.jpg!m_fill,w_280,h_210,f_jpg?from=ke.com
20240228,门头沟,滨河西区,101122385741,永兴小区南北通透把边户型客厅带窗,226万,30022元/平,顶层 (共6层) | 1996年 | 2室1厅 | 75.28平米 | 南 北,https://ke-image.ljcdn.com/110000-inspection/pc1_3MF95W6yY.jpg!m_fill,w_280,h_210,f_jpg?from=ke.com
20240228,门头沟,滨河西区,101122382253,西长安街桥户营地铁三面采光中间楼层满五唯一。,285万,37859元/平,中楼层 (共6层) | 1996年 | 2室1厅 | 75.28平米 | 东 南 北,https://ke-image.ljcdn.com/110000-inspection/pc1_Ul95Rs6dM.jpg!m_fill,w_280,h_210,f_jpg?from=ke.com
20240228,门头沟,滨河西区,101122381512,滨河临镜苑 南北通透 中间层电梯房两居室,385万,39980元/平,中楼层 (共18层) | 2008年 | 2室1厅 | 96.3平米 | 南 北,https://ke-image.ljcdn.com/110000-inspection/484e8095-ac8f-400a-86f8-a72bc3aff723_1000.jpg!m_fill,w_280,h_210,f_jpg?from=ke.com
20240228,门头沟,滨河西区,101122379330,永兴 高楼层 南北通透的 两居室,208万,27631元/平,顶层 (共6层) 2室1厅 | 75.28平米 | 南 北,https://ke-image.ljcdn.com/110000-inspection/pc1_yChHjXrYq.jpg!m_fill,w_280,h_210,f_jpg?from=ke.com
20240228,门头沟,滨河西区,101122375791,含晖苑 2室1厅 北 南,402万,42867元/平,低楼层 (共14层) | 2007年 | 2室1厅 | 93.78平米 | 北 南,https://ke-image.ljcdn.com/110000-inspection/a32dca97-a28a-4d04-8c8c-eaed2b2eb77b_1000.jpg!m_fill,w_280,h_210,f_jpg?from=ke.com
20240228,门头沟,滨河西区,101122333202,月季园东里 2室1厅 东 西,205万,36073元/平,底层 (共6层) 2室1厅 | 56.83平米 | 东 西,https://ke-image.ljcdn.com/110000-inspection/5323d858-d6a0-4cbd-8b1e-f872264c14a2_1000.jpg!m_fill,w_280,h_210,f_jpg?from=ke.com
20240228,门头沟,滨河西区,101122329888,滨河含晖苑中高楼层户型方正视野采光通风好,579万,39367元/平,中楼层 (共10层) | 2007年 | 4室1厅 | 147.08平米 | 南 北,https://ke-image.ljcdn.com/110000-inspection/4cfffc0b-134d-4a7a-a308-120d8968f72e_1000.jpg!m_fill,w_280,h_210,f_jpg?from=ke.com
20240228,门头沟,滨河西区,101122325019,滨河西区德露苑两居诚心出售看房方便,297万,32876元/平,高楼层 (共6层) | 1999年 | 2室1厅 | 90.34平米 | 南 北,https://ke-image.ljcdn.com/110000-inspection/0fe06650-cec7-47e7-8ca5-79207fb03718_1000.jpg!m_fill,w_280,h_210,f_jpg?from=ke.com
20240228,门头沟,滨河西区,101122324185,含晖苑 电梯两居 不临街 满五年唯一,415万,43234元/平,中楼层 (共10层) | 2007年 | 2室1厅 | 95.99平米 | 南 北,https://ke-image.ljcdn.com/110000-inspection/pc1_9MEaNZYqu.jpg!m_fill,w_280,h_210,f_jpg?from=ke.com
20240228,门头沟,滨河西区,101122319654,临镜苑 电梯2居 户型方正 视野好,279万,37052元/平,低楼层 (共18层) | 2008年 | 2室1厅 | 75.3平米 | 东,https://ke-image.ljcdn.com/110000-inspection/42cc8844-d4aa-48f0-b6e1-302bdbea861b_1000.jpg!m_fill,w_280,h_210,f_jpg?from=ke.com
20240228,门头沟,滨河西区,101122317010,皓月园正规两居出售户型方正看房方便。,329万,37978元/平,中楼层 (共6层) | 2005年 | 2室1厅 | 86.63平米 | 南 西 北,https://ke-image.ljcdn.com/110000-inspection/pc1_9StzaXeBJ.jpg!m_fill,w_280,h_210,f_jpg?from=ke.com
20240228,门头沟,滨河西区,101122272127,葡东小区 两居室  南北透通 一梯两户房主自荐,198万,30608元/平,顶层 (共6层) | 1997年 | 2室1厅 | 64.69平米 | 南 北,https://ke-image.ljcdn.com/110000-inspection/d331139a-9c72-493c-b1d3-89e93605b1c8_1000.jpg!m_fill,w_280,h_210,f_jpg?from=ke.com
20240228,门头沟,滨河西区,101122259964,满五年唯一 精装修 楼层好采光充足 交通便利,178万,30537元/平,中楼层 (共6层) | 1986年 | 2室1厅 | 58.29平米 | 南 北,https://ke-image.ljcdn.com/110000-inspection/63110afa-06f5-4673-aba9-648f8bb138a8_1000.jpg!m_fill,w_280,h_210,f_jpg?from=ke.com
20240228,门头沟,滨河西区,101122259444,临镜苑 电梯复式 大四居室 南北西三面采光,690万,42667元/平,顶层 (共18层) | 2008年 | 4室2厅 | 161.72平米 | 南 北 西,https://ke-image.ljcdn.com/110000-inspection/d2bdf0fc-a66c-43e3-af59-97fbfb17a815_1000.jpg!m_fill,w_280,h_210,f_jpg?from=ke.com
20240228,门头沟,滨河西区,101122246511,倚山嘉园纯南向两居室阳台落地窗户型合理。,338万,35745元/平,中楼层 (共14层) | 2004年 | 2室1厅 | 94.56平米 | 南 北,https://ke-image.ljcdn.com/110000-inspection/c5fa51b6-092d-4e4f-8938-85b72e869a9a_1000.jpg!m_fill,w_280,h_210,f_jpg?from=ke.com
20240228,门头沟,滨河西区,101122237209,滨河西区霁月园南北三居满五唯一,476万,36334元/平,高楼层 (共6层) | 2006年 | 3室1厅 | 131.01平米 | 南 北,https://ke-image.ljcdn.com/110000-inspection/pc1_PFSatgUYl_1.jpg!m_fill,w_280,h_210,f_jpg?from=ke.com
20240228,门头沟,滨河西区,101122233344,此房满五年唯一住房南向一居室采光好明厨明卫,138万,28998元/平,顶层 (共6层) | 1990年 | 1室1厅 | 47.59平米 | 南,https://ke-image.ljcdn.com/110000-inspection/pc1_f5BYc0UYg_1.jpg!m_fill,w_280,h_210,f_jpg?from=ke.com
20240228,门头沟,滨河西区,101122231543,此房南北通透明厨明卫有独立的客厅满五年唯一住房,213万,32475元/平,中楼层 (共6层) 2室1厅 | 65.59平米 | 南 北,https://ke-image.ljcdn.com/110000-inspection/297061a4-1519-44fe-92dd-584b3bfe032e_1000.jpg!m_fill,w_280,h_210,f_jpg?from=ke.com
20240228,门头沟,滨河西区,101122210066,葡东小区   正规三居室  南北通透 朝南三间房房主自荐,308万,31115元/平,高楼层 (共6层) | 1996年 | 3室1厅 | 98.99平米 | 南 北,https://ke-image.ljcdn.com/110000-inspection/81dd3ab5-227a-450b-85dc-241e39fc223b_1000.jpg!m_fill,w_280,h_210,f_jpg?from=ke.com
20240228,门头沟,滨河西区,101122209887,阜石路滨河皓月园电梯中间楼层北向一居室满五年唯一,159万,36789元/平,低楼层 (共14层) 1室1厅 | 43.22平米 | 北,https://ke-image.ljcdn.com/110000-inspection/f54cd9a4-196d-4c80-bd44-32966d50369f_1000.jpg!m_fill,w_280,h_210,f_jpg?from=ke.com
20240228,门头沟,滨河西区,101122207758,葡东中间楼层一室一厅纯南向无遮挡满五年唯一商品房,200万,35138元/平,中楼层 (共6层) | 2000年 | 1室1厅 | 56.92平米 | 南,https://ke-image.ljcdn.com/110000-inspection/pc1_A7RqMK6jF_1.jpg!m_fill,w_280,h_210,f_jpg?from=ke.com
20240228,门头沟,滨河西区,101122201660,合景领汇长安电梯高楼层南北全明户型,468万,59264元/平,高楼层 (共10层) | 2021年 | 2室1厅 | 78.97平米 | 南 北,https://ke-image.ljcdn.com/110000-inspection/52e753ed-3548-43e9-a7d9-bdee7147d1c6_1000.jpg!m_fill,w_280,h_210,f_jpg?from=ke.com
20240228,门头沟,滨河西区,101122178325,葡东小区 2室1厅 东南,221万,32582元/平,中楼层 (共6层) | 1996年 | 2室1厅 | 67.83平米 | 东南,https://ke-image.ljcdn.com/110000-inspection/pc1_zzS9Xdyn4.jpg!m_fill,w_280,h_210,f_jpg?from=ke.com
20240228,门头沟,滨河西区,101122172724,满五唯一中楼层产权清晰看房方便,175万,41997元/平,中楼层 (共6层) 1室1厅 | 41.67平米 | 南,https://ke-image.ljcdn.com/110000-inspection/pc1_nZFbH74Ap.jpg!m_fill,w_280,h_210,f_jpg?from=ke.com
20240228,门头沟,滨河西区,101122169718,德露苑 5室2厅 南 北,458万,27910元/平,顶层 (共6层) | 1997年 | 5室2厅 | 164.1平米 | 南 北,https://ke-image.ljcdn.com/110000-inspection/pc1_pUgSjFtok.jpg!m_fill,w_280,h_210,f_jpg?from=ke.com
20240228,门头沟,滨河西区,101122151034,滨河皓月园6+7复式南北三室两厅双卫满五年唯一商品房,445万,27164元/平,顶层 (共6层) 3室2厅 | 163.82平米 | 南 北,https://ke-image.ljcdn.com/110000-inspection/pc1_hMl74bohQ.jpg!m_fill,w_280,h_210,f_jpg?from=ke.com
20240228,门头沟,滨河西区,101122144572,临镜苑 2室1厅 南,339万,40604元/平,中楼层 (共12层) 2室1厅 | 83.49平米 | 南,https://ke-image.ljcdn.com/110000-inspection/pc1_239tACbzE.jpg!m_fill,w_280,h_210,f_jpg?from=ke.com
20240228,门头沟,滨河西区,101122138836,霁月园户型合理配套齐全环境好,520万,34227元/平,底层 (共16层) | 2006年 | 4室1厅 | 151.93平米 | 南 北,https://ke-image.ljcdn.com/110000-inspection/pc1_wq4QHAixR_1.jpg!m_fill,w_280,h_210,f_jpg?from=ke.com
20240228,门头沟,滨河西区,101122079773,滨河含晖苑复式新中式精装修分层居住的生活方式,560万,34047元/平,顶层 (共6层) 4室3厅 | 164.48平米 | 南 北,https://ke-image.ljcdn.com/110000-inspection/383dd9da-32bc-4cd4-a0a1-4633cb870b2e_1000.jpg!m_fill,w_280,h_210,f_jpg?from=ke.com
20240228,门头沟,滨河西区,101121996481,倚山嘉园 满五唯一 楼层好 视野宽阔 交通便利,340万,35957元/平,高楼层 (共14层) | 2005年 | 2室1厅 | 94.56平米 | 南,https://ke-image.ljcdn.com/110000-inspection/pc1_vD769rEWu.jpg!m_fill,w_280,h_210,f_jpg?from=ke.com
20240228,门头沟,滨河西区,101121960597,满五年业主唯一住宅 低楼层 采光和通风良好,195万,33633元/平,低楼层 (共6层) | 1990年 | 2室1厅 | 57.98平米 | 南,https://ke-image.ljcdn.com/110000-inspection/acacfece-f307-47b9-9012-daeca8072979_1000.jpg!m_fill,w_280,h_210,f_jpg?from=ke.com
20240228,门头沟,滨河西区,101121935855,此房三室两卫 南北通透 低楼层 视野宽阔 采光充足,465万,37947元/平,底层 (共6层) | 2006年 | 3室1厅 | 122.54平米 | 南 北,https://ke-image.ljcdn.com/110000-inspection/f6d73fde-cafa-4a34-a532-b18ab543ee3f_1000.jpg!m_fill,w_280,h_210,f_jpg?from=ke.com
20240228,门头沟,滨河西区,101121920624,葡东小区 2室1厅 南,136万,18292元/平,地下室 (共6层) | 2000年 | 2室1厅 | 74.35平米 | 南,https://ke-image.ljcdn.com/110000-inspection/b23679ad-d4eb-47ab-b8ef-94b2485811cc_1000.jpg!m_fill,w_280,h_210,f_jpg?from=ke.com
20240228,门头沟,滨河西区,101121904348,滨河西区皓月园 满五年唯一 诚心出售,180万,38810元/平,中楼层 (共14层) 1室1厅 | 46.38平米 | 北,https://ke-image.ljcdn.com/110000-inspection/pc1_TUOc8CfZ1_1.jpg!m_fill,w_280,h_210,f_jpg?from=ke.com
20240228,门头沟,滨河西区,101121904299,皓月园 1室0厅 东,186万,43879元/平,中楼层 (共14层) | 2006年 | 1室0厅 | 42.39平米 | 东,https://ke-image.ljcdn.com/110000-inspection/pc1_fU2q0vm5l.jpg!m_fill,w_280,h_210,f_jpg?from=ke.com
20240228,门头沟,滨河西区,101121899023,葡东小区低楼层小区安静停车方便,218万,33575元/平,底层 (共6层) 2室1厅 | 64.93平米 | 东 南,https://ke-image.ljcdn.com/110000-inspection/pc1_c25ICZ5Ju.jpg!m_fill,w_280,h_210,f_jpg?from=ke.com
20240228,门头沟,滨河西区,101121864927,次顶层一居室 楼层好 楼间距够采光好 视野宽阔,312万,35605元/平,高楼层 (共6层) 2室1厅 | 87.63平米 | 东 西,https://ke-image.ljcdn.com/110000-inspection/pc1_TbrLF5qJ8.jpg!m_fill,w_280,h_210,f_jpg?from=ke.com
20240228,门头沟,滨河西区,101121826050,滨河西区霁月园一居室户型方正,155万,40844元/平,底层 (共6层) | 2006年 | 1室0厅 | 37.95平米 | 东,https://ke-image.ljcdn.com/110000-inspection/pc1_P7SXYGFho.jpg!m_fill,w_280,h_210,f_jpg?from=ke.com
20240228,门头沟,滨河西区,101121803713,葡东南区  满五年唯一商品房 靠谱出售,319万,28820元/平,顶层 (共6层) | 2004年 | 3室1厅 | 110.69平米 | 南 北,https://ke-image.ljcdn.com/110000-inspection/pc1_vO8Wl1V78.jpg!m_fill,w_280,h_210,f_jpg?from=ke.com
20240228,门头沟,滨河西区,101121787546,距离桥户营地铁800米 南北通透 全明格局,220万,28058元/平,顶层 (共6层) | 1996年 | 2室1厅 | 78.41平米 | 南 北,https://ke-image.ljcdn.com/110000-inspection/1787c11e-b54d-4f9f-b712-b123afe868f6_1000.jpg!m_fill,w_280,h_210,f_jpg?from=ke.com
20240228,门头沟,滨河西区,101121774232,滨河德露苑 低楼层南北东三居室 明厨明卫户型三面采光,370万,33271元/平,低楼层 (共6层) | 1999年 | 3室2厅 | 111.21平米 | 东 南 北,https://ke-image.ljcdn.com/110000-inspection/pc1_JPlWB6J73.jpg!m_fill,w_280,h_210,f_jpg?from=ke.com
20240228,门头沟,滨河西区,101121725246,德露苑 2室1厅 南 北,202万,32660元/平,顶层 (共7层) | 1999年 | 2室1厅 | 61.85平米 | 南 北,https://ke-image.ljcdn.com/110000-inspection/ed7b602c-cd35-4ade-bf05-ec31dcdf0679_1000.jpg!m_fill,w_280,h_210,f_jpg?from=ke.com
20240228,门头沟,滨河西区,101121672576,滨河西区月季园东里 满五唯一 南向一居室,142万,34078元/平,高楼层 (共6层) | 1993年 | 1室1厅 | 41.67平米 | 南,https://ke-image.ljcdn.com/110000-inspection/pc1_l4Jm3sDcz.jpg!m_fill,w_280,h_210,f_jpg?from=ke.com
20240228,门头沟,滨河西区,101121669746,永兴嘉园 小面积 高楼层 商品房 配套齐全,179万,37677元/平,高楼层 (共14层) | 2006年 | 1室0厅 | 47.51平米 | 北,https://ke-image.ljcdn.com/110000-inspection/pc1_KsJqQ2uDS.jpg!m_fill,w_280,h_210,f_jpg?from=ke.com
20240228,门头沟,滨河西区,101121661142,滨河西区倚山嘉园复式户型带天窗观景好,450万,26818元/平,顶层 (共6层) | 2004年 | 4室2厅 | 167.8平米 | 南 北,https://ke-image.ljcdn.com/110000-inspection/pc1_oTm2foqs9.jpg!m_fill,w_280,h_210,f_jpg?from=ke.com
20240228,门头沟,滨河西区,101121647353,阜石路下口  中楼层  户型方正 满五唯一房主自荐,280万,34620元/平,中楼层 (共6层) 2室2厅 | 80.88平米 | 南 北,https://ke-image.ljcdn.com/110000-inspection/624f80f7-3249-4b4a-ad27-b98d1fe12a97_1000.jpg!m_fill,w_280,h_210,f_jpg?from=ke.com
20240228,门头沟,滨河西区,101121646538,霁月园南北通透板楼两居室采光充足,360万,38237元/平,中楼层 (共6层) 2室1厅 | 94.15平米 | 南 北,https://ke-image.ljcdn.com/110000-inspection/pc1_0w2BvAbqe.jpg!m_fill,w_280,h_210,f_jpg?from=ke.com
20240228,门头沟,滨河西区,101121586380,永兴小区中间楼层南北朝向精装修采光好,276万,36664元/平,中楼层 (共6层) | 1996年 | 2室1厅 | 75.28平米 | 南 北,https://ke-image.ljcdn.com/110000-inspection/pc1_65dAc6Vrd_1.jpg!m_fill,w_280,h_210,f_jpg?from=ke.com
20240228,门头沟,滨河西区,101121535723,葡东小区两居出售看房方便业主诚心出售,227万,33467元/平,中楼层 (共6层) 2室1厅 | 67.83平米 | 南,https://ke-image.ljcdn.com/110000-inspection/pc1_BKngDzNSl.jpg!m_fill,w_280,h_210,f_jpg?from=ke.com
20240228,门头沟,滨河西区,101121508985,此房是正规两居室精装修采光充足视野开阔,230万,33909元/平,中楼层 (共6层) | 1997年 | 2室1厅 | 67.83平米 | 东南,https://ke-image.ljcdn.com/110000-inspection/pc1_42w9XWiMl.jpg!m_fill,w_280,h_210,f_jpg?from=ke.com
20240228,门头沟,滨河西区,101121482589,此房南北通透 楼层好 视野宽阔 采光充足 配套齐全,516万,24962元/平,顶层 (共6层) | 2006年 | 4室3厅 | 206.72平米 | 南 北,https://ke-image.ljcdn.com/110000-inspection/pc1_Kwhj9J8iv.jpg!m_fill,w_280,h_210,f_jpg?from=ke.com
20240228,门头沟,滨河西区,101121474982,此房南北通透 楼层好 视野宽阔 采光充足,379万,36401元/平,中楼层 (共16层) | 2006年 | 2室1厅 | 104.12平米 | 南 北,https://ke-image.ljcdn.com/110000-inspection/pc1_UXDaN5IbX.jpg!m_fill,w_280,h_210,f_jpg?from=ke.com
20240228,门头沟,滨河西区,101121469662,霁月园 2室1厅 东,200万,34657元/平,顶层 (共6层) 2室1厅 | 57.71平米 | 东,https://ke-image.ljcdn.com/110000-inspection/pc1_wx7PxtZ9Z.jpg!m_fill,w_280,h_210,f_jpg?from=ke.com
20240228,门头沟,滨河西区,101121464736,霁月园大户型南北通透满五唯一看房方便,698万,32892元/平,高楼层 (共16层) | 2006年 | 4室2厅 | 212.21平米 | 南 北,https://ke-image.ljcdn.com/110000-inspection/pc1_YWMvvhqyn_1.jpg!m_fill,w_280,h_210,f_jpg?from=ke.com
20240228,门头沟,滨河西区,101121454843,德露苑 一梯两户  双卧室朝南  两居室房主自荐,298万,32130元/平,高楼层 (共6层) | 2000年 | 2室1厅 | 92.75平米 | 南 北,https://ke-image.ljcdn.com/110000-inspection/pc1_LeMAL7s0H_1.jpg!m_fill,w_280,h_210,f_jpg?from=ke.com
20240228,门头沟,滨河西区,101121394984,房子高楼层没有遮挡 户型方正没有浪费,198万,26928元/平,顶层 (共6层) | 2000年 | 2室2厅 | 73.53平米 | 北,https://ke-image.ljcdn.com/110000-inspection/pc1_e7LbWjUXp.jpg!m_fill,w_280,h_210,f_jpg?from=ke.com
20240228,门头沟,滨河西区,101121387459,次顶层一居室 楼层好 楼间距够采光好 视野宽阔 大客厅,199万,34483元/平,高楼层 (共6层) | 2006年 | 1室1厅 | 57.71平米 | 东,https://ke-image.ljcdn.com/110000-inspection/4c0fed50-2cc6-4ffa-9c80-a651e5f99af5_1000.jpg!m_fill,w_280,h_210,f_jpg?from=ke.com
20240228,门头沟,滨河西区,101121361672,月季园东里明厨明卫三居室三面采光户型方正,289万,29816元/平,高楼层 (共6层) | 1995年 | 3室1厅 | 96.93平米 | 东 南 西,https://ke-image.ljcdn.com/110000-inspection/pc1_wS9XnW3Xx.jpg!m_fill,w_280,h_210,f_jpg?from=ke.com
20240228,门头沟,滨河西区,101121353816,滨河西区倚山嘉园精装一居。满五唯一,210万,30559元/平,顶层 (共14层) 1室1厅 | 68.72平米 | 东,https://ke-image.ljcdn.com/110000-inspection/pc1_1DSUkzkIf.jpg!m_fill,w_280,h_210,f_jpg?from=ke.com
20240228,门头沟,滨河西区,101121249629,月季园小区经典南北通透明厨明卫两居室中楼层,208万,32440元/平,中楼层 (共6层) 2室1厅 | 64.12平米 | 南 北,https://ke-image.ljcdn.com/110000-inspection/pc1_zgfcqCgnN.jpg!m_fill,w_280,h_210,f_jpg?from=ke.com
20240228,门头沟,滨河西区,101121241893,绮霞苑 2室1厅 南 北,220万,41786元/平,顶层 (共6层) 2室1厅 | 52.65平米 | 南 北,https://ke-image.ljcdn.com/110000-inspection/pc1_J5bAroK21.jpg!m_fill,w_280,h_210,f_jpg?from=ke.com
20240228,门头沟,滨河西区,101121199457,临镜苑 2室2厅 南 北,398万,43665元/平,低楼层 (共18层) 2室2厅 | 91.15平米 | 南 北,https://ke-image.ljcdn.com/110000-inspection/pc1_4wc9jK8X4.jpg!m_fill,w_280,h_210,f_jpg?from=ke.com
20240228,门头沟,滨河西区,101121179569,滨河绮霞苑中间楼层三面采光的三居室方正户型。,353万,37994元/平,中楼层 (共6层) | 2002年 | 3室1厅 | 92.91平米 | 南 北,https://ke-image.ljcdn.com/110000-inspection/pc1_Pk8k9W2T4_1.jpg!m_fill,w_280,h_210,f_jpg?from=ke.com
20240228,门头沟,滨河西区,101121151442,皓月园 1室0厅 东,178万,41992元/平,中楼层 (共14层) | 2006年 | 1室0厅 | 42.39平米 | 东,https://ke-image.ljcdn.com/110000-inspection/54dd77e8-3568-488c-b872-9f905c0ca29d_1000.jpg!m_fill,w_280,h_210,f_jpg?from=ke.com
20240228,门头沟,滨河西区,101121146618,永兴嘉园 满五唯一 地暖 精装修 阳光充足,390万,41001元/平,中楼层 (共14层) | 2006年 | 2室1厅 | 95.12平米 | 东南,https://ke-image.ljcdn.com/110000-inspection/4c94823b-02f7-4b33-875e-df4666c52894_1000.jpg!m_fill,w_280,h_210,f_jpg?from=ke.com
20240228,门头沟,滨河西区,101121135166,月季园大客厅双阳台户型明厨明卫全明格局,242万,26863元/平,高楼层 (共6层) | 1993年 | 2室1厅 | 90.09平米 | 南,https://ke-image.ljcdn.com/110000-inspection/pc1_UxYtp617B.jpg!m_fill,w_280,h_210,f_jpg?from=ke.com
20240228,门头沟,滨河西区,101121100079,滨河含晖苑南北通透三居室户型方正。,470万,39453元/平,中楼层 (共6层) | 2007年 | 3室2厅 | 119.13平米 | 南 北,https://ke-image.ljcdn.com/110000-inspection/pc1_FMBVq0hEu.jpg!m_fill,w_280,h_210,f_jpg?from=ke.com
20240228,门头沟,滨河西区,101121094587,2+1户型 现状好 视野好 精装修,530万,39871元/平,中楼层 (共14层) | 2006年 | 3室2厅 | 132.93平米 | 东北 西北,https://ke-image.ljcdn.com/110000-inspection/369a46d8-778c-4a37-90f2-dd9b6f62739c_1000.jpg!m_fill,w_280,h_210,f_jpg?from=ke.com
20240228,门头沟,滨河西区,101121070032,德露苑 2室1厅 南,225万,31513元/平,高楼层 (共6层) | 1997年 | 2室1厅 | 71.4平米 | 南,https://ke-image.ljcdn.com/110000-inspection/pc1_3xMulTN4I.jpg!m_fill,w_280,h_210,f_jpg?from=ke.com
20240228,门头沟,滨河西区,101121052388,滨河居住区临镜苑 东向电梯一居 2梯4户,206万,40219元/平,低楼层 (共18层) | 2008年 | 1室1厅 | 51.22平米 | 东,https://ke-image.ljcdn.com/110000-inspection/pc1_uKqjTQofH.jpg!m_fill,w_280,h_210,f_jpg?from=ke.com
20240228,门头沟,滨河西区,101121046814,葡东小区  两居室  南北通透  一梯两户,247万,29356元/平,顶层 (共6层) | 1995年 | 2室1厅 | 84.14平米 | 南 北,https://ke-image.ljcdn.com/110000-inspection/pc1_Lb3lVG80w.jpg!m_fill,w_280,h_210,f_jpg?from=ke.com
20240228,门头沟,滨河西区,101121027554,皓月园 1室1厅 北,193万,37216元/平,高楼层 (共14层) 1室1厅 | 51.86平米 | 北,https://ke-image.ljcdn.com/110000-inspection/47a17ea0-bd0a-4e84-b981-0e59a6d2348d_1000.jpg!m_fill,w_280,h_210,f_jpg?from=ke.com
20240228,门头沟,滨河西区,101121019764,皓月园 3室1厅 南 北,510万,40250元/平,低楼层 (共16层) | 2005年 | 3室1厅 | 126.71平米 | 南 北,https://ke-image.ljcdn.com/110000-inspection/pc1_jCFp1tUeA.jpg!m_fill,w_280,h_210,f_jpg?from=ke.com
20240228,门头沟,滨河西区,101121016181,门头沟月季园 南北通透两居室 明厨明卫 满五唯一,172万,26922元/平,顶层 (共6层) | 1990年 | 2室1厅 | 63.89平米 | 南 北,https://ke-image.ljcdn.com/110000-inspection/24686294-7a26-4f36-81c9-c85dc5678c15_1000.jpg!m_fill,w_280,h_210,f_jpg?from=ke.com
20240228,门头沟,滨河西区,101121015246,滨河西区皓月园 正规南向一居室 靠谱出售,258万,38903元/平,高楼层 (共16层) | 2005年 | 1室1厅 | 66.32平米 | 南,https://ke-image.ljcdn.com/110000-inspection/pc1_IMDql4qax.jpg!m_fill,w_280,h_210,f_jpg?from=ke.com
20240228,门头沟,滨河西区,101121014733,葡东小区  单价低 正规两居室 满五年唯一,155万,21986元/平,地下室 (共6层) | 2000年 | 2室1厅 | 70.5平米 | 南 北,https://ke-image.ljcdn.com/110000-inspection/pc1_DhB2qJhhf.jpg!m_fill,w_280,h_210,f_jpg?from=ke.com
20240228,门头沟,滨河西区,101121007407,房子是次顶层的  自主装修保养的很好 全明的一个户型,195万,30671元/平,高楼层 (共6层) | 1997年 | 2室1厅 | 63.58平米 | 南 北,https://ke-image.ljcdn.com/110000-inspection/74a3c01d-3d27-4046-8294-ddeb34b59216_1000.jpg!m_fill,w_280,h_210,f_jpg?from=ke.com
20240228,门头沟,滨河西区,101121006246,滨河德露苑 商品房社区户型优质,268万,29666元/平,高楼层 (共6层) | 1999年 | 2室1厅 | 90.34平米 | 南 北,https://ke-image.ljcdn.com/110000-inspection/pc1_9NzREBS4x.jpg!m_fill,w_280,h_210,f_jpg?from=ke.com
20240228,门头沟,滨河西区,101121003067,葡东小区 中间楼层 精装修 可直接入住,239万,35236元/平,中楼层 (共6层) | 1996年 | 2室1厅 | 67.83平米 | 南 北,https://ke-image.ljcdn.com/110000-inspection/pc1_JxViBHhiY_1.jpg!m_fill,w_280,h_210,f_jpg?from=ke.com
20240228,门头沟,滨河西区,101120994841,阜石路边皓月园小区一居室户型方正 满五唯一诚心出售,186万,35866元/平,顶层 (共14层) 1室0厅 | 51.86平米 | 北,https://ke-image.ljcdn.com/110000-inspection/1d2da218-2468-436b-a20c-87f9417b7530_1000.jpg!m_fill,w_280,h_210,f_jpg?from=ke.com
20240228,门头沟,滨河西区,101120989838,合景领汇长安 精装未入住 次高层 三面宽 临地铁三居室,610万,55617元/平,中楼层 (共10层) | 2021年 | 3室2厅 | 109.68平米 | 南 北,https://ke-image.ljcdn.com/110000-inspection/73692699-1189-4916-b95f-89c35985d0e6_1000.jpg!m_fill,w_280,h_210,f_jpg?from=ke.com
20240228,门头沟,滨河西区,101120968939,葡东小区 中间楼层  正规一居室房主自荐,202万,35489元/平,中楼层 (共6层) | 2000年 | 1室1厅 | 56.92平米 | 南,https://ke-image.ljcdn.com/110000-inspection/pc1_OPSF6XMaV_1.jpg!m_fill,w_280,h_210,f_jpg?from=ke.com
20240228,门头沟,滨河西区,101120951042,滨河绮霞苑 低楼层三居室 交通便利,370万,39030元/平,低楼层 (共6层) 3室1厅 | 94.8平米 | 南 北,https://ke-image.ljcdn.com/110000-inspection/7bf760ef-2678-4175-920e-2401dc922874_1000.jpg!m_fill,w_280,h_210,f_jpg?from=ke.com
20240228,门头沟,滨河西区,101120949267,绮霞苑 电梯三居室 人车分流 看房方便,445万,38492元/平,低楼层 (共13层) | 2003年 | 3室1厅 | 115.61平米 | 南 北,https://ke-image.ljcdn.com/110000-inspection/pc1_ZHgn01nsu.jpg!m_fill,w_280,h_210,f_jpg?from=ke.com
20240228,门头沟,滨河西区,101120949149,含晖苑两居室南北朝向满五唯一随时签约可售,365万,37060元/平,低楼层 (共6层) | 2007年 | 2室1厅 | 98.49平米 | 南 北,https://ke-image.ljcdn.com/110000-inspection/pc1_oxxAOXcSc_1.jpg!m_fill,w_280,h_210,f_jpg?from=ke.com
20240228,门头沟,滨河西区,101120905185,滨河西区倚山嘉园  电梯两居。户型方正,348万,34696元/平,低楼层 (共14层) 2室1厅 | 100.3平米 | 南,https://ke-image.ljcdn.com/110000-inspection/pc1_olBDj9tX2.jpg!m_fill,w_280,h_210,f_jpg?from=ke.com
20240228,门头沟,滨河西区,101120897995,葡东小区 满五年唯一 低楼层 诚心出售,218万,34058元/平,低楼层 (共6层) | 1997年 | 2室1厅 | 64.01平米 | 南 北,https://ke-image.ljcdn.com/110000-inspection/pc1_64ifMJUsX.jpg!m_fill,w_280,h_210,f_jpg?from=ke.com
20240228,门头沟,滨河西区,101120877933,南北通透上下两层空间大上下层相互不影响,390万,24578元/平,顶层 (共6层) | 1999年 | 3室2厅 | 158.68平米 | 南 北,https://ke-image.ljcdn.com/110000-inspection/78736c27-7058-4fb3-b656-ce84a5cd5822_1000.jpg!m_fill,w_280,h_210,f_jpg?from=ke.com
20240228,门头沟,滨河西区,101120867739,门头沟月季园 2室1厅 南,188万,30230元/平,顶层 (共6层) | 1990年 | 2室1厅 | 62.19平米 | 南,https://ke-image.ljcdn.com/110000-inspection/pc1_wVIwNchJM_1.jpg!m_fill,w_280,h_210,f_jpg?from=ke.com
20240228,门头沟,滨河西区,101120867715,霁月园四居室南北通透采光充足。,550万,36071元/平,低楼层 (共16层) | 2006年 | 4室1厅 | 152.48平米 | 南 北,https://ke-image.ljcdn.com/110000-inspection/69a7e3ed-2409-4ef6-956a-7058c7ac4ae3_1000.jpg!m_fill,w_280,h_210,f_jpg?from=ke.com
20240228,门头沟,滨河西区,101120865465,此房满五年唯一住房南北通透产权清晰无抵押。,545万,26365元/平,顶层 (共6层) 5室2厅 | 206.72平米 | 南 北,https://ke-image.ljcdn.com/110000-inspection/f70bfda4-999c-480d-af89-01f2e14c9bf6_1000.jpg!m_fill,w_280,h_210,f_jpg?from=ke.com
20240228,门头沟,滨河西区,101120855713,永兴嘉园 3室1厅 东北,530万,39808元/平,中楼层 (共14层) | 2006年 | 3室1厅 | 133.14平米 | 东北,https://ke-image.ljcdn.com/110000-inspection/eed2d97f-8a05-4220-a884-ead14c775165_1000.jpg!m_fill,w_280,h_210,f_jpg?from=ke.com
20240228,门头沟,滨河西区,101120827922,户型合理产权清晰南向一居室采光充足,140万,33598元/平,顶层 (共6层) 1室1厅 | 41.67平米 | 南,https://ke-image.ljcdn.com/110000-inspection/320bc2e6-d8e2-4b2b-956e-c2cf5e6f90ef_1000.jpg!m_fill,w_280,h_210,f_jpg?from=ke.com
20240228,门头沟,滨河西区,101120815934,门头沟月季园 南北通透 精装修 明厨明卫,178万,28962元/平,高楼层 (共6层) | 1990年 | 2室1厅 | 61.46平米 | 南 北,https://ke-image.ljcdn.com/110000-inspection/3314c232-860d-4fb1-a32c-3c156f2bbe24_1000.jpg!m_fill,w_280,h_210,f_jpg?from=ke.com
20240228,门头沟,滨河西区,101120796934,门头沟滨河临镜苑南北通透两居室房主自荐,296万,35689元/平,顶层 (共6层) | 2003年 | 2室1厅 | 82.94平米 | 南 北,https://ke-image.ljcdn.com/110000-inspection/pc1_WxEcjkBuv_1.jpg!m_fill,w_280,h_210,f_jpg?from=ke.com
20240228,门头沟,滨河西区,101120783883,临镜苑 电梯大两室 全明格局 精装地暖,409万,41549元/平,中楼层 (共18层) | 2008年 | 2室1厅 | 98.44平米 | 南 西 北,https://ke-image.ljcdn.com/110000-inspection/2c6d6d97-7007-445e-9166-ac3ea131e7bc_1000.jpg!m_fill,w_280,h_210,f_jpg?from=ke.com
20240228,门头沟,滨河西区,101120752621,临镜苑小区 一室一厅 精装修 地暖,198万,38657元/平,底层 (共18层) | 2008年 | 1室1厅 | 51.22平米 | 东,https://ke-image.ljcdn.com/110000-inspection/pc1_ISlkVZ2Lo_1.jpg!m_fill,w_280,h_210,f_jpg?from=ke.com
20240228,门头沟,滨河西区,101120742489,滨河绮霞苑南、北、东三面采光正规三居室,308万,37356元/平,顶层 (共6层) | 2002年 | 3室1厅 | 82.45平米 | 南 北,https://ke-image.ljcdn.com/110000-inspection/pc1_yW24qPyWM_1.jpg!m_fill,w_280,h_210,f_jpg?from=ke.com
20240228,门头沟,滨河西区,101120732080,滨河德露苑 低楼层复式 大面积四居室南北通透双卫户型,476万,31654元/平,底层 (共7层) | 1999年 | 4室1厅 | 150.38平米 | 北 南,https://ke-image.ljcdn.com/110000-inspection/baf072f2-3538-4ba9-8582-6a9bc187d006_1000.jpg!m_fill,w_280,h_210,f_jpg?from=ke.com
20240228,门头沟,滨河西区,101120700557,临镜苑 1室1厅 东,199万,38853元/平,高楼层 (共18层) | 2008年 | 1室1厅 | 51.22平米 | 东,https://ke-image.ljcdn.com/110000-inspection/pc1_p6uKXyPGf.jpg!m_fill,w_280,h_210,f_jpg?from=ke.com
20240228,门头沟,滨河西区,101120483133,葡东小区 2室1厅 南 北房主自荐,179万,31120元/平,顶层 (共6层) | 1995年 | 2室1厅 | 57.52平米 | 南 北,https://ke-image.ljcdn.com/110000-inspection/7be26236-4e84-4fad-9d43-073a1b75a3ea_1000.jpg!m_fill,w_280,h_210,f_jpg?from=ke.com
20240228,门头沟,滨河西区,101120404062,滨河德露苑交通方便四居室采光没有问题,395万,25948元/平,顶层 (共6层) | 1998年 | 4室2厅 | 152.23平米 | 南 北,https://ke-image.ljcdn.com/110000-inspection/pc1_9ervVgB3K_1.jpg!m_fill,w_280,h_210,f_jpg?from=ke.com
20240228,门头沟,滨河西区,101120342945,临镜苑四居满五唯一住房中高层可看房随时签约,575万,36646元/平,高楼层 (共16层) | 2008年 | 4室2厅 | 156.91平米 | 南 西 北,https://ke-image.ljcdn.com/110000-inspection/pc1_I8DSDBDcR.jpg!m_fill,w_280,h_210,f_jpg?from=ke.com
20240228,门头沟,滨河西区,101120267673,永兴嘉园精装修两居室 满五唯一商品房,335万,38160元/平,中楼层 (共14层) | 2006年 | 2室1厅 | 87.79平米 | 南 西,https://ke-image.ljcdn.com/110000-inspection/d42bf2b6-1084-4b0c-a497-959da6d9fc9a_1000.jpg!m_fill,w_280,h_210,f_jpg?from=ke.com
20240228,门头沟,滨河西区,101120249314,永兴小区 南北朝向低楼层两居室 看房随时,276万,33443元/平,底层 (共6层) | 1997年 | 2室1厅 | 82.53平米 | 南 北,https://ke-image.ljcdn.com/110000-inspection/44a46153-c466-433d-bb43-3b64c68e61e0_1000.jpg!m_fill,w_280,h_210,f_jpg?from=ke.com
20240228,门头沟,滨河西区,101120170005,滨河居住区倚山嘉园一居室满五唯一,206万,34106元/平,高楼层 (共14层) | 2005年 | 1室1厅 | 60.4平米 | 东,https://ke-image.ljcdn.com/110000-inspection/f5201470-42bd-4d2c-a7b7-3354866a657d_1000.jpg!m_fill,w_280,h_210,f_jpg?from=ke.com
20240228,门头沟,滨河西区,101120041995,滨河西区霁月园 南北通透两居室 满五唯一,369万,36688元/平,低楼层 (共16层) 2室1厅 | 100.58平米 | 南 北,https://ke-image.ljcdn.com/110000-inspection/d1a6d3bd-230c-4f2f-a2a1-d104ce034ff5_1000.jpg!m_fill,w_280,h_210,f_jpg?from=ke.com
20240228,门头沟,滨河西区,101120038423,滨河皓月园 采光好 大面积上下复式 满五唯一,430万,26163元/平,顶层 (共6层) | 2005年 | 4室1厅 | 164.36平米 | 南 北,https://ke-image.ljcdn.com/110000-inspection/d48c3d3c-dbef-474d-9810-cc60e89320f4_1000.jpg!m_fill,w_280,h_210,f_jpg?from=ke.com
20240228,门头沟,滨河西区,101119923324,此房户型方正正规一室一厅位置下了阜石路就是,135万,31653元/平,顶层 (共6层) | 1982年 | 1室1厅 | 42.65平米 | 南,https://ke-image.ljcdn.com/110000-inspection/4fe4e242-a31f-4c6e-9e34-a9d512e87956_1000.jpg!m_fill,w_280,h_210,f_jpg?from=ke.com
20240228,门头沟,滨河西区,101119785676,皓月园 正规一居室 成熟社区 配套齐全 交通方便,220万,37251元/平,高楼层 (共6层) | 2005年 | 1室1厅 | 59.06平米 | 东 西,https://ke-image.ljcdn.com/110000-inspection/pc1_hR5iYkJD5.jpg!m_fill,w_280,h_210,f_jpg?from=ke.com
20240228,门头沟,滨河西区,101119693094,倚山嘉园6+7复式满五唯一无抵押无户口,405万,25784元/平,顶层 (共6层) | 2004年 | 4室2厅 | 157.08平米 | 南 北,https://ke-image.ljcdn.com/110000-inspection/pc1_75MfFokW4_2.jpg!m_fill,w_280,h_210,f_jpg?from=ke.com
20240228,门头沟,滨河西区,101119579610,满五唯一商品房 南北通透 靠谱卖 明厨明卫产权清晰,180万,29066元/平,高楼层 (共6层) | 1988年 | 2室1厅 | 61.93平米 | 南 北,https://ke-image.ljcdn.com/110000-inspection/pc1_EOJyTafKQ.jpg!m_fill,w_280,h_210,f_jpg?from=ke.com
20240228,门头沟,滨河西区,101119566595,绮霞苑 2室1厅 南 北房主自荐,279万,39564元/平,顶层 (共6层) | 2002年 | 2室1厅 | 70.52平米 | 南 北,https://ke-image.ljcdn.com/110000-inspection/pc1_jDJd7U9iz_1.jpg!m_fill,w_280,h_210,f_jpg?from=ke.com
20240228,门头沟,滨河西区,101119483224,滨河西区皓月园一室一厅满五唯一,208万,35863元/平,顶层 (共14层) | 2006年 | 1室1厅 | 58平米 | 东 北,https://ke-image.ljcdn.com/110000-inspection/pc1_EXFdf9bwo.jpg!m_fill,w_280,h_210,f_jpg?from=ke.com
20240228,门头沟,滨河西区,101118341562,滨河西区霁月园三居室 精装修 满五唯一,485万,39486元/平,高楼层 (共6层) | 2006年 | 3室1厅 | 122.83平米 | 南 北,https://ke-image.ljcdn.com/110000-inspection/pc1_rSg3qCIHK_1.jpg!m_fill,w_280,h_210,f_jpg?from=ke.com
20240228,门头沟,滨河西区,101123076232,滨河西区霁月园 南北通透  精装修 视野宽阔 采光充足新上,415万,41261元/平,中楼层 (共16层) 2室2厅 | 100.58平米 | 南 北,https://s1.ljcdn.com/pegasus/redskull/images/common/default_house_list.png?_v=20240222174411
20240228,门头沟,滨河西区,101123029343,承泽苑 2室1厅 南 北新上,300万,37458元/平,中楼层 (共6层) | 2000年 | 2室1厅 | 80.09平米 | 南 北,https://s1.ljcdn.com/pegasus/redskull/images/common/default_house_list.png?_v=20240222174411
20240228,门头沟,滨河西区,101123018458,皓月园 3室2厅 南 北新上,600万,35681元/平,底层 (共16层) | 2005年 | 3室2厅 | 168.16平米 | 南 北,https://s1.ljcdn.com/pegasus/redskull/images/common/default_house_list.png?_v=20240222174411
20240228,门头沟,滨河西区,101122923817,门头沟月季园 满五唯一 明厨明卫 南向一居室,150万,32510元/平,高楼层 (共6层) | 1990年 | 1室1厅 | 46.14平米 | 南,https://s1.ljcdn.com/pegasus/redskull/images/common/default_house_list.png?_v=20240222174411
20240228,门头沟,滨河西区,101122751336,滨河居住区临镜苑大四居户型方正,568万,36200元/平,低楼层 (共16层) 4室1厅 | 156.91平米 | 南 北,https://s1.ljcdn.com/pegasus/redskull/images/common/default_house_list.png?_v=20240222174411
20240228,门头沟,滨河西区,101122696374,鸿坤七星长安 1室1厅 东南,90万,16627元/平,低楼层 (共20层) | 2017年 | 1室1厅 | 54.13平米 | 东南,https://s1.ljcdn.com/pegasus/redskull/images/common/default_house_list.png?_v=20240222174411
20240228,门头沟,滨河西区,101122688743,低楼层房子户型合理没有浪费空间 前后无遮挡,218万,33575元/平,低楼层 (共6层) | 1996年 | 2室1厅 | 64.93平米 | 南 西,https://s1.ljcdn.com/pegasus/redskull/images/common/default_house_list.png?_v=20240222174411
20240228,门头沟,滨河西区,101122069604,鸿坤七星长安 1室0厅 北,80万,17842元/平,顶层 (共20层) | 2017年 | 1室0厅 | 44.84平米 | 北,https://s1.ljcdn.com/pegasus/redskull/images/common/default_house_list.png?_v=20240222174411
20240228,门头沟,滨河西区,101122054557,熙旺中心 1室1厅 东 南,98万,14128元/平,中楼层 (共25层) | 2010年 | 1室1厅 | 69.37平米 | 东 南,https://s1.ljcdn.com/pegasus/redskull/images/common/default_house_list.png?_v=20240222174411
20240228,门头沟,滨河西区,101121462461,西贸国际·熙旺中心带电梯高层,187万,15256元/平,高楼层 (共25层) | 2010年 | 2室2厅 | 122.58平米 | 南,https://s1.ljcdn.com/pegasus/redskull/images/common/default_house_list.png?_v=20240222174411
20240228,门头沟,滨河西区,101120951654,产权性质商办类 正规两室 户型和视野好,137万,19611元/平,中楼层 (共21层) | 2017年 | 2室1厅 | 69.86平米 | 南,https://s1.ljcdn.com/pegasus/redskull/images/common/default_house_list.png?_v=20240222174411
20240228,门头沟,滨河西区,101120592362,鸿坤七星长安 1室1厅 南,84万,20574元/平,中楼层 (共20层) | 2017年 | 1室1厅 | 40.83平米 | 南,https://s1.ljcdn.com/pegasus/redskull/images/common/default_house_list.png?_v=20240222174411
20240228,门头沟,滨河西区,101119817845,产权性质商办类 开发商精装交房  视野好,79万,16199元/平,中楼层 (共21层) | 2017年 | 1室1厅 | 48.77平米 | 北,https://s1.ljcdn.com/pegasus/redskull/images/common/default_house_list.png?_v=20240222174411
20240228,门头沟,滨河西区,101119808885,鸿坤七星长安 1室1厅 南,90万,16889元/平,中楼层 (共20层) | 2017年 | 1室1厅 | 53.29平米 | 南,https://s1.ljcdn.com/pegasus/redskull/images/common/default_house_list.png?_v=20240222174411
20240228,门头沟,滨河西区,101119808815,鸿坤七星长安 2室1厅 南 北,155万,18745元/平,低楼层 (共20层) | 2017年 | 2室1厅 | 82.69平米 | 南 北,https://s1.ljcdn.com/pegasus/redskull/images/common/default_house_list.png?_v=20240222174411
20240228,门头沟,滨河西区,101119520101,房子在B座 开发商精装修目前出租中业主诚意出售,85万,16602元/平,低楼层 (共21层) 1室1厅 | 51.2平米 | 南,https://s1.ljcdn.com/pegasus/redskull/images/common/default_house_list.png?_v=20240222174411
20240228,门头沟,滨河西区,101119444455,鸿坤七星长安 1室1厅 南,89万,17383元/平,中楼层 (共21层) | 2017年 | 1室1厅 | 51.2平米 | 南,https://s1.ljcdn.com/pegasus/redskull/images/common/default_house_list.png?_v=20240222174411
20240228,门头沟,滨河西区,101119444341,鸿坤七星长安精装房子优质业主诚意出售,82万,16814元/平,中楼层 (共21层) | 2017年 | 1室1厅 | 48.77平米 | 北,https://s1.ljcdn.com/pegasus/redskull/images/common/default_house_list.png?_v=20240222174411
20240228,门头沟,滨河西区,101119444108,鸿坤七星长安 南 多套房连着可分也可整卖 适合开公司,123万,17607元/平,中楼层 (共21层) | 2017年 | 3室1厅 | 69.86平米 | 南,https://s1.ljcdn.com/pegasus/redskull/images/common/default_house_list.png?_v=20240222174411
20240228,门头沟,滨河西区,101119381039,西贸国际·熙旺中心视野好业主诚意出售,78万,16851元/平,中楼层 (共26层) | 2010年 | 1室0厅 | 46.29平米 | 东北,https://s1.ljcdn.com/pegasus/redskull/images/common/default_house_list.png?_v=20240222174411
20240228,门头沟,滨河西区,101119323551,鸿坤七星长安  南向房屋现状不错,73万,19364元/平,低楼层 (共20层) | 2017年 | 1室1厅 | 37.7平米 | 南,https://s1.ljcdn.com/pegasus/redskull/images/common/default_house_list.png?_v=20240222174411
20240228,门头沟,滨河西区,101119080009,伴山御景西贸国际个人产权视野好,78万,16851元/平,中楼层 (共26层) 1室0厅 | 46.29平米 | 东北,https://s1.ljcdn.com/pegasus/redskull/images/common/default_house_list.png?_v=20240222174411
20240228,门头沟,滨河西区,101118571772,鸿坤七星长安   精装修   诚心出售    采光好,86万,18745元/平,中楼层 (共20层) 1室1厅 | 45.88平米 | 北,https://s1.ljcdn.com/pegasus/redskull/images/common/default_house_list.png?_v=20240222174411
