20230502,海淀,马连洼,101118989539,马连洼梅园 全明2居 南北通透 楼层好 采光充足必看好房,588万,92164元/平,中楼层 (共6层) 2室1厅 | 63.8平米 | 南 北 东,https://ke-image.ljcdn.com/110000-inspection/35f4e8ec-c809-4613-96b5-76040c0aad01_1000.jpg!m_fill,w_280,h_210,f_jpg?from=ke.com
20230502,海淀,马连洼,101118886693,马连洼菊园一层满五年唯一精装修小户型 刚需家庭优选必看好房,494万,91652元/平,底层 (共6层) | 1995年建 | 2室1厅 | 53.9平米 | 南 北,https://ke-image.ljcdn.com/110000-inspection/pc1_w6k2tD5P3.jpg!m_fill,w_280,h_210,f_jpg?from=ke.com
20230502,海淀,马连洼,101118860707,婚房装修 梅园 客厅带东窗 南北通透2居室必看好房,548万,97875元/平,底层 (共6层) 2室1厅 | 55.99平米 | 南 北,https://ke-image.ljcdn.com/110000-inspection/b9809326-35d8-4b30-b04d-9248d3eb37fa_1000.jpg!m_fill,w_280,h_210,f_jpg?from=ke.com
20230502,海淀,马连洼,101118807198,百旺家苑三居室 样板楼位置好 楼层好必看好房,1290万,91678元/平,中楼层 (共5层) 3室2厅 | 140.71平米 | 南 北,https://ke-image.ljcdn.com/110000-inspection/pc1_xMmcHXg0t.jpg!m_fill,w_280,h_210,f_jpg?from=ke.com
20230502,海淀,马连洼,101118803027,梅园南北朝向两居室精装修满二年诚意出售必看好房,512万,91445元/平,高楼层 (共6层) 2室1厅 | 55.99平米 | 南 北,https://ke-image.ljcdn.com/110000-inspection/7c77c0e4-c4c1-4686-9b1f-3ecac95d9b3c_1000.jpg!m_fill,w_280,h_210,f_jpg?from=ke.com
20230502,海淀,马连洼,101118969052,低楼层平层4居满五年户型方正,835万,86610元/平,低楼层 (共6层) | 1994年建 | 4室1厅 | 96.41平米 | 东 南 北,https://ke-image.ljcdn.com/110000-inspection/76bb0a55-add7-4bf3-9454-02c43c3380c1_1000.jpg!m_fill,w_280,h_210,f_jpg?from=ke.com
20230502,海淀,马连洼,101118908637,地铁16号线 梅园中间层两居 首付220万必看好房,549万,94819元/平,中楼层 (共6层) | 1993年建 | 2室1厅 | 57.9平米 | 南,https://ke-image.ljcdn.com/110000-inspection/b8ffa2ed-aeeb-4725-910f-9a03ea500e80_1000.jpg!m_fill,w_280,h_210,f_jpg?from=ke.com
20230502,海淀,马连洼,101118820140,紫成嘉园新增次顶层三居  6.3米大面宽采光好  满五年房主自荐,1499万,113158元/平,高楼层 (共6层) 3室1厅 | 132.47平米 | 南 北,https://ke-image.ljcdn.com/110000-inspection/759279f8-3311-4b48-867f-6856d92a5eb3_1000.jpg!m_fill,w_280,h_210,f_jpg?from=ke.com
20230502,海淀,马连洼,101118784884,梅园 3室1厅 南 北必看好房,595万,83685元/平,中楼层 (共6层) | 1995年建 | 3室1厅 | 71.1平米 | 南 北,https://ke-image.ljcdn.com/110000-inspection/11c21511-9a07-436e-8082-b6f5b7cdae48_1000.jpg!m_fill,w_280,h_210,f_jpg?from=ke.com
20230502,海淀,马连洼,101118774977,古月园正规四居方正户型南北双通透不临街必看好房,1680万,88032元/平,低楼层 (共7层) 4室2厅 | 190.84平米 | 南 北,https://ke-image.ljcdn.com/110000-inspection/f3bfcf68-f1d9-4872-b2e6-a792fc2a9ee0_1000.jpg!m_fill,w_280,h_210,f_jpg?from=ke.com
20230502,海淀,马连洼,101118578931,博雅三居  有电梯  中间层  诚意卖,1630万,107855元/平,低楼层 (共7层) | 2004年建 | 3室2厅 | 151.13平米 | 南 北,https://ke-image.ljcdn.com/110000-inspection/c6e88f81-9cc4-4911-9f5a-0789be04b130_1000.jpg!m_fill,w_280,h_210,f_jpg?from=ke.com
20230502,海淀,马连洼,101118577045,圆明园西路2号院中间层满五唯一距地铁200米,450万,108959元/平,中楼层 (共6层) 1室1厅 | 41.3平米 | 南,https://ke-image.ljcdn.com/110000-inspection/c0d1b842-4342-4684-960a-891ff5a1b283_1000.jpg!m_fill,w_280,h_210,f_jpg?from=ke.com
20230502,海淀,马连洼,101118542197,西山华府开间万科物业集中供暖诚意出售必看好房,435万,98595元/平,底层 (共6层) 1室0厅 | 44.12平米 | 北,https://ke-image.ljcdn.com/110000-inspection/f490c0c6-c5f3-477e-9d47-e1dbddb57333_1000.jpg!m_fill,w_280,h_210,f_jpg?from=ke.com
20230502,海淀,马连洼,101118510572,圆明园西路3号院  随时签约 诚心出售必看好房,565万,87870元/平,底层 (共5层) 2室1厅 | 64.3平米 | 南 北,https://ke-image.ljcdn.com/110000-inspection/670c97ba-bed2-4d11-9c64-1a31158ba6bc_1000.jpg!m_fill,w_280,h_210,f_jpg?from=ke.com
20230502,海淀,马连洼,101118423998,农业大学家属院 圆明园3号院 小三居必看好房,539万,86517元/平,中楼层 (共5层) | 1997年建 | 2室1厅 | 62.3平米 | 南 北,https://ke-image.ljcdn.com/110000-inspection/9ccef53d-b8df-4392-891a-61b5222f4831_1000.jpg!m_fill,w_280,h_210,f_jpg?from=ke.com
20230502,海淀,马连洼,101118156139,梅园低楼层南北通透两居室诚意出售必看好房,625万,98534元/平,低楼层 (共6层) 2室1厅 | 63.43平米 | 南 北,https://ke-image.ljcdn.com/110000-inspection/pc1_3WPrpDUuo.jpg!m_fill,w_280,h_210,f_jpg?from=ke.com
20230502,海淀,马连洼,101118145252,西山下 地铁口 方正两居 诚意出售,770万,88680元/平,中楼层 (共6层) 2室1厅 | 86.83平米 | 南 北,https://ke-image.ljcdn.com/110000-inspection/pc1_RqYEAQ3EK.jpg!m_fill,w_280,h_210,f_jpg?from=ke.com
20230502,海淀,马连洼,101118138879,菊花盛苑 1室1厅 东 南 北必看好房,580万,82037元/平,底层 (共9层) | 2002年建 | 1室1厅 | 70.7平米 | 东 南 北,https://ke-image.ljcdn.com/110000-inspection/pc1_w0U3zHAYU_1.jpg!m_fill,w_280,h_210,f_jpg?from=ke.com
20230502,海淀,马连洼,101117995496,新梅园 南北通透 采光很棒 看房方便 诚意出售必看好房,668万,77288元/平,顶层 (共6层) 3室1厅 | 86.43平米 | 南 北,https://ke-image.ljcdn.com/110000-inspection/pc1_pIO28LupG.jpg!m_fill,w_280,h_210,f_jpg?from=ke.com
20230502,海淀,马连洼,101117968682,天秀路南北三居一层方便满五唯一双地铁,778万,94098元/平,底层 (共6层) 3室1厅 | 82.68平米 | 南 北,https://ke-image.ljcdn.com/110000-inspection/f7452a96-be85-4346-b448-68c0ccbfbf55_1000.jpg!m_fill,w_280,h_210,f_jpg?from=ke.com
20230502,海淀,马连洼,101117934223,农业大学家属院高楼层采光视野好精装修拎包入住！必看好房,570万,88647元/平,顶层 (共5层) | 1982年建 | 2室1厅 | 64.3平米 | 南 北,https://ke-image.ljcdn.com/110000-inspection/e8e80fce-8fa0-49fc-9a5b-554a1208aa5e_1000.jpg!m_fill,w_280,h_210,f_jpg?from=ke.com
20230502,海淀,马连洼,101117904255,天秀花园 正规四居两卫 干部楼 不临街必看好房,920万,76949元/平,顶层 (共6层) 4室1厅 | 119.56平米 | 南 北,https://ke-image.ljcdn.com/110000-inspection/754c5dbf-c3d9-4581-967b-fcdfcac1b5a6_1000.jpg!m_fill,w_280,h_210,f_jpg?from=ke.com
20230502,海淀,马连洼,101117737083,梅园三居 低楼层 满五年 南北通透 客厅带窗户必看好房,750万,88029元/平,低楼层 (共6层) 3室1厅 | 85.2平米 | 南 北,https://ke-image.ljcdn.com/110000-inspection/pc1_7f2vXtyZ2.jpg!m_fill,w_280,h_210,f_jpg?from=ke.com
20230502,海淀,马连洼,101117624651,商品房 满五年家庭就这一套 无遮挡视野佳 总价合适必看好房,499万,81523元/平,中楼层 (共6层) | 1995年建 | 2室1厅 | 61.21平米 | 东 西,https://ke-image.ljcdn.com/110000-inspection/pc1_1oFq7KMNE.jpg!m_fill,w_280,h_210,f_jpg?from=ke.com
20230502,海淀,马连洼,101117612470,农业大学附属中学家属楼南北通透必看好房,598万,85490元/平,底层 (共6层) 2室1厅 | 69.95平米 | 南 北,https://ke-image.ljcdn.com/110000-inspection/41bf119b-8088-44e0-ab5e-183db57da5f8_1000.jpg!m_fill,w_280,h_210,f_jpg?from=ke.com
20230502,海淀,马连洼,101117574985,博雅西园北大资源部开发户型三居室为主全明格局必看好房,1650万,109236元/平,底层 (共7层) 3室2厅 | 151.05平米 | 南 北,https://ke-image.ljcdn.com/110000-inspection/pc1_BNaJOkEHl.jpg!m_fill,w_280,h_210,f_jpg?from=ke.com
20230502,海淀,马连洼,101117070723,复式 博雅西园 三面采光 不临街 随时能看必看好房,1640万,89696元/平,高楼层 (共6层) | 2004年建 | 4室2厅 | 182.84平米 | 南 北 东,https://ke-image.ljcdn.com/110000-inspection/pc1_PI3xQ7YAZ_1.jpg!m_fill,w_280,h_210,f_jpg?from=ke.com
20230502,海淀,马连洼,101117055751,圆明园花园别墅 中间层 正规三居 南北通透 靠谱签约必看好房,1040万,84163元/平,中楼层 (共6层) | 1997年建 | 3室2厅 | 123.57平米 | 南 北,https://ke-image.ljcdn.com/110000-inspection/pc1_hdOytsF0h.jpg!m_fill,w_280,h_210,f_jpg?from=ke.com
20230502,海淀,马连洼,101116828034,博雅西园三居室全明格局中间楼层必看好房,1670万,106839元/平,中楼层 (共8层) | 2004年建 | 3室2厅 | 156.31平米 | 南 北,https://ke-image.ljcdn.com/110000-inspection/pc1_93XB6c9BG.jpg!m_fill,w_280,h_210,f_jpg?from=ke.com
20230502,海淀,马连洼,101116715210,北大社区电梯直达三居室全明格局不临街不把边房主自荐,1399万,106082元/平,中楼层 (共6层) | 2004年建 | 3室2厅 | 131.88平米 | 南 北,https://ke-image.ljcdn.com/110000-inspection/pc1_xfAxIre9r.jpg!m_fill,w_280,h_210,f_jpg?from=ke.com
20230502,海淀,马连洼,101116408612,万科西山庭院好位置大三居、低楼层、满五年、诚意出售,1890万,106545元/平,中楼层 (共5层) | 2004年建 | 4室2厅 | 177.39平米 | 南 北,https://ke-image.ljcdn.com/110000-inspection/3ec21d86-d50f-4b3e-9b63-6b2fae046eac_1000.jpg!m_fill,w_280,h_210,f_jpg?from=ke.com
20230502,海淀,马连洼,101116137058,马连洼竹园中间位置中间层南北通透两居视野采光无遮挡必看好房,552万,91000元/平,中楼层 (共6层) | 1995年建 | 2室1厅 | 60.66平米 | 南 北,https://ke-image.ljcdn.com/110000-inspection/68a18736-b6af-4941-ae61-83f440cd17f1_1000.jpg!m_fill,w_280,h_210,f_jpg?from=ke.com
20230502,海淀,马连洼,101115342637,可观西山山脉、满五唯一、有产权车位、诚意出售,1860万,101319元/平,顶层 (共5层) | 2004年建 | 3室2厅 | 183.58平米 | 南 北,https://ke-image.ljcdn.com/110000-inspection/pc1_AtCJCywlb.jpg!m_fill,w_280,h_210,f_jpg?from=ke.com
20230502,海淀,马连洼,101115146644,圆明园西路3号院满五年成本价中间楼层位置安静必看好房,500万,90580元/平,中楼层 (共5层) | 1998年建 | 2室1厅 | 55.2平米 | 南,https://ke-image.ljcdn.com/110000-inspection/pc1_2jwFijPbC_1.jpg!m_fill,w_280,h_210,f_jpg?from=ke.com
20230502,海淀,马连洼,101114952933,百旺东区 带电梯2居  南北通透  采光充足 视野无遮挡必看好房,898万,92444元/平,顶层 (共9层) 2室1厅 | 97.14平米 | 南 北,https://ke-image.ljcdn.com/110000-inspection/1dee5bd5-2edf-4036-945b-d244fe51120b_1000.jpg!m_fill,w_280,h_210,f_jpg?from=ke.com
20230502,海淀,马连洼,101112572863,马连洼梅园成本价三居室诚意出售,710万,83334元/平,顶层 (共6层) 3室1厅 | 85.2平米 | 南 北,https://ke-image.ljcdn.com/110000-inspection/pc1_jhqiJoygL_1.jpg!m_fill,w_280,h_210,f_jpg?from=ke.com
20230502,海淀,马连洼,101118702193,西山华府 南北通透 复式 中间位置 安静,2480万,99707元/平,顶层 (共4层) | 2010年建 | 4室1厅 | 248.73平米 | 南 北,https://ke-image.ljcdn.com/110000-inspection/pc1_NsUFm9hZM.jpg!m_fill,w_280,h_210,f_jpg?from=ke.com
20230502,海淀,马连洼,101118606165,天秀花园安和园 低楼层南北向2居室 全明格局,775万,90771元/平,低楼层 (共6层) | 2000年建 | 2室2厅 | 85.38平米 | 南 北,https://ke-image.ljcdn.com/110000-inspection/734ad9e3-35f9-4c38-bf8a-a21380146f4c_1000.jpg!m_fill,w_280,h_210,f_jpg?from=ke.com
20230502,海淀,马连洼,101118469399,七彩华园价格低三居室精装修不临街中间层,838万,85077元/平,中楼层 (共6层) | 2004年建 | 3室1厅 | 98.5平米 | 东,https://ke-image.ljcdn.com/110000-inspection/pc1_orEIMlkRY_1.jpg!m_fill,w_280,h_210,f_jpg?from=ke.com
20230502,海淀,马连洼,101118436786,新梅园16号线地铁口 一层地暖 南北通透 双南向 无遮挡房主自荐,798万,93018元/平,底层 (共6层) | 2001年建 | 2室1厅 | 85.79平米 | 南 北,https://ke-image.ljcdn.com/110000-inspection/pc1_dVIDTlVM0.jpg!m_fill,w_280,h_210,f_jpg?from=ke.com
20230502,海淀,马连洼,101118420404,裕隆新村 带电梯三居 可直达地库,1188万,92589元/平,低楼层 (共6层) | 2009年建 | 3室2厅 | 128.31平米 | 南 北,https://ke-image.ljcdn.com/110000-inspection/pc1_KLvmlrWKq.jpg!m_fill,w_280,h_210,f_jpg?from=ke.com
20230502,海淀,马连洼,101118373879,两居室中间楼层视野好不临街不把边必看好房,535万,87965元/平,高楼层 (共6层) 2室1厅 | 60.82平米 | 南 北,https://ke-image.ljcdn.com/110000-inspection/7f0a8a03-f818-4759-8974-7e23c089ceec_1000.jpg!m_fill,w_280,h_210,f_jpg?from=ke.com
20230502,海淀,马连洼,101118315347,天秀花园荷塘月舍 3室2厅 南 北必看好房,1320万,93109元/平,中楼层 (共7层) | 2004年建 | 3室2厅 | 141.77平米 | 南 北,https://ke-image.ljcdn.com/110000-inspection/3a941072-0ea4-489f-80d2-927d5093673e_1000.jpg!m_fill,w_280,h_210,f_jpg?from=ke.com
20230502,海淀,马连洼,101118308581,天秀花园古月园：户型方正大复式单独入户,2050万,91776元/平,高楼层 (共7层) | 2002年建 | 5室2厅 | 223.37平米 | 南 北,https://ke-image.ljcdn.com/110000-inspection/pc1_AkTeZb1m6.jpg!m_fill,w_280,h_210,f_jpg?from=ke.com
20230502,海淀,马连洼,101118300384,带电梯双入户 精装修 中间位置 四室二位 视野采光好,1266万,118109元/平,顶层 (共6层) | 2006年建 | 4室2厅 | 107.19平米 | 南 北,https://ke-image.ljcdn.com/110000-inspection/b95a1768-7a1e-4603-816e-44809d57a3ac_1000.jpg!m_fill,w_280,h_210,f_jpg?from=ke.com
20230502,海淀,马连洼,101118231760,百旺山下精装叠拼满五年唯一住房房主自荐,2028万,102919元/平,中楼层 (共5层) 8室3厅 | 197.05平米 | 南 北,https://ke-image.ljcdn.com/110000-inspection/pc1_fb7uytGFK.jpg!m_fill,w_280,h_210,f_jpg?from=ke.com
20230502,海淀,马连洼,101118140534,西山华府 两居室 南北通透 次顶层 视野好 无遮挡,1230万,128206元/平,高楼层 (共6层) | 2009年建 | 2室1厅 | 95.94平米 | 南 北,https://ke-image.ljcdn.com/110000-inspection/80a582f1-3a4b-4b28-bd96-5957b5c8af24_1000.jpg!m_fill,w_280,h_210,f_jpg?from=ke.com
20230502,海淀,马连洼,101118037007,北五环近地铁 复式观山五居 南北西全明 精装带车位必看好房,2050万,78155元/平,中楼层 (共5层) | 2002年建 | 5室3厅 | 262.3平米 | 南 北,https://ke-image.ljcdn.com/110000-inspection/e3bb6211-0a0a-4a62-b2ac-6b5251db1054_1000.jpg!m_fill,w_280,h_210,f_jpg?from=ke.com
20230502,海淀,马连洼,101117825965,天秀花园澄秀园 中间位置 满五年唯一 诚意出售,805万,86430元/平,顶层 (共6层) 3室2厅 | 93.14平米 | 东南,https://ke-image.ljcdn.com/110000-inspection/b3ea96ad-5f88-4cf1-b341-1ddb2001a197_1000.jpg!m_fill,w_280,h_210,f_jpg?from=ke.com
20230502,海淀,马连洼,101117801321,天秀花园两居 精装修 低楼层诚意出售,535万,80902元/平,中楼层 (共5层) 2室1厅 | 66.13平米 | 西,https://ke-image.ljcdn.com/110000-inspection/29a13108-4970-4067-a82d-17bf84182253_1000.jpg!m_fill,w_280,h_210,f_jpg?from=ke.com
20230502,海淀,马连洼,101118202392,西山华府禧园复式三居室满五年有车位,2480万,99062元/平,顶层 (共5层) | 2010年建 | 3室2厅 | 250.35平米 | 南 北,https://ke-image.ljcdn.com/110000-inspection/43187ccd-9e4e-4a5d-a7ff-b7bd4be46534.jpg!m_fill,w_280,h_210,f_jpg?from=ke.com
20230502,海淀,马连洼,101119015077,七彩华园 2室1厅 东新上,850万,108571元/平,顶层 (共7层) | 2005年建 | 2室1厅 | 78.29平米 | 东,https://ke-image.ljcdn.com/110000-inspection/pc1_m8NVIhfUd.jpg!m_fill,w_280,h_210,f_jpg?from=ke.com
20230502,海淀,马连洼,101118901333,花园居家生活从这里开始户型方正采光好,1700万,103407元/平,底层 (共5层) 4室2厅 | 164.4平米 | 南 北,https://ke-image.ljcdn.com/110000-inspection/52568395-0709-4fdd-8874-52e2d1d4a825_1000.jpg!m_fill,w_280,h_210,f_jpg?from=ke.com
20230502,海淀,马连洼,101118891801,梅园 中间楼层 南北通透两居室 前后不临街 诚意出售房主自荐,590万,102609元/平,低楼层 (共6层) | 1989年建 | 2室1厅 | 57.5平米 | 南 北,https://ke-image.ljcdn.com/110000-inspection/pc1_N0lUoZ5PL.jpg!m_fill,w_280,h_210,f_jpg?from=ke.com
20230502,海淀,马连洼,101118845130,不临街2居业主诚意出售价格可以商量。,780万,100815元/平,高楼层 (共6层) 2室2厅 | 77.37平米 | 南 北,https://ke-image.ljcdn.com/110000-inspection/6d15f333-90eb-4560-8e1e-c43f063f4ab9_1000.jpg!m_fill,w_280,h_210,f_jpg?from=ke.com
20230502,海淀,马连洼,101118827256,全明格局 小区正中间位置  满五年,605万,94828元/平,高楼层 (共6层) 2室1厅 | 63.8平米 | 南 西 北,https://ke-image.ljcdn.com/110000-inspection/c90f2800-a4d9-409a-81d3-59d53b141df9_1000.jpg!m_fill,w_280,h_210,f_jpg?from=ke.com
20230502,海淀,马连洼,101118822787,小区中间位置南北通透南向带大阳台,1866万,113941元/平,底层 (共4层) 4室2厅 | 163.77平米 | 南 北,https://ke-image.ljcdn.com/110000-inspection/pc1_u9onXTqKk.jpg!m_fill,w_280,h_210,f_jpg?from=ke.com
20230502,海淀,马连洼,101118820982,马连洼梅园小区 精装修 中间层 满2年商品房看房方便房主自荐,650万,91421元/平,中楼层 (共6层) | 1998年建 | 2室1厅 | 71.1平米 | 南 北,https://ke-image.ljcdn.com/110000-inspection/e7c29f58-30a3-49ae-abc1-2c162c1e9c52_1000.jpg!m_fill,w_280,h_210,f_jpg?from=ke.com
20230502,海淀,马连洼,101118782510,菊园本房是满五唯一业主自住装修采光好诚意出售,745万,90490元/平,高楼层 (共6层) | 1995年建 | 3室1厅 | 82.33平米 | 南 北,https://ke-image.ljcdn.com/110000-inspection/3a96798a-b4df-40a5-a84a-aa8ff5af6a90_1000.jpg!m_fill,w_280,h_210,f_jpg?from=ke.com
20230502,海淀,马连洼,101118778352,马连洼菊园中间楼层两居室南北通透,565万,96946元/平,中楼层 (共6层) | 1997年建 | 2室1厅 | 58.28平米 | 南 北,https://ke-image.ljcdn.com/110000-inspection/pc1_SuVK6RogR.jpg!m_fill,w_280,h_210,f_jpg?from=ke.com
20230502,海淀,马连洼,101118776111,天秀花园安和园 精装修 满五年唯一商品房,850万,90609元/平,顶层 (共6层) | 2000年建 | 3室1厅 | 93.81平米 | 南 北,https://ke-image.ljcdn.com/110000-inspection/5948192d-9485-4f82-b0e2-f6e714a74d81_1000.jpg!m_fill,w_280,h_210,f_jpg?from=ke.com
20230502,海淀,马连洼,101118772022,天秀花园澄秀园精装两居07年商品房可观山观景,690万,85207元/平,顶层 (共6层) | 2007年建 | 2室1厅 | 80.98平米 | 东 西,https://ke-image.ljcdn.com/110000-inspection/75592501-d472-48d1-b920-4b6dd0326a1c_1000.jpg!m_fill,w_280,h_210,f_jpg?from=ke.com
20230502,海淀,马连洼,101118758858,水利社区精装2居南北通透可以直接入住,539万,82291元/平,顶层 (共5层) | 1987年建 | 2室1厅 | 65.5平米 | 南 北,https://ke-image.ljcdn.com/110000-inspection/58ef87a3-1737-48ef-a0bc-b224a45401f5_1000.jpg!m_fill,w_280,h_210,f_jpg?from=ke.com
20230502,海淀,马连洼,101118711451,裕隆新村 低楼层两居 09年小区 双地铁 停车方便,860万,93550元/平,低楼层 (共6层) | 2009年建 | 2室2厅 | 91.93平米 | 南 北,https://ke-image.ljcdn.com/110000-inspection/pc1_XumOkmCbi.jpg!m_fill,w_280,h_210,f_jpg?from=ke.com
20230502,海淀,马连洼,101118689235,万科物业 园区中间 官邸大平层,2900万,99071元/平,中楼层 (共4层) | 2008年建 | 4室2厅 | 292.72平米 | 南 北,https://ke-image.ljcdn.com/110000-inspection/277f149d-1bd1-4c28-aead-0166eb82122b_1000.jpg!m_fill,w_280,h_210,f_jpg?from=ke.com
20230502,海淀,马连洼,101118684986,菊园小区中间楼层满五唯一商品房,505万,82787元/平,顶层 (共4层) | 1995年建 | 2室1厅 | 61平米 | 东南,https://ke-image.ljcdn.com/110000-inspection/pc1_spNByaGUg_1.jpg!m_fill,w_280,h_210,f_jpg?from=ke.com
20230502,海淀,马连洼,101118677767,天秀花园古月园 3室2厅 南 北,1400万,103360元/平,底层 (共7层) 3室2厅 | 135.45平米 | 南 北,https://ke-image.ljcdn.com/110000-inspection/pc1_1gjXOWycg_1.jpg!m_fill,w_280,h_210,f_jpg?from=ke.com
20230502,海淀,马连洼,101118664676,天秀花园澄秀园08年小区中间层近地铁900米,835万,92327元/平,中楼层 (共6层) 2室1厅 | 90.44平米 | 南 北,https://ke-image.ljcdn.com/110000-inspection/8c2c8bd3-233e-4e45-a6bb-71efe1b42483_1000.jpg!m_fill,w_280,h_210,f_jpg?from=ke.com
20230502,海淀,马连洼,101118632165,百旺家苑东区电梯两居室视野开阔采光充足,898万,99767元/平,顶层 (共9层) 2室1厅 | 90.01平米 | 南 北,https://ke-image.ljcdn.com/110000-inspection/f06e6727-f100-419d-babb-92598fec878c_1000.jpg!m_fill,w_280,h_210,f_jpg?from=ke.com
20230502,海淀,马连洼,101118629160,本房南北通透格局好楼层采光视野无遮挡户型很好,540万,87948元/平,低楼层 (共6层) | 1994年建 | 2室1厅 | 61.4平米 | 南 北,https://ke-image.ljcdn.com/110000-inspection/pc1_6EUuFHsud.jpg!m_fill,w_280,h_210,f_jpg?from=ke.com
20230502,海淀,马连洼,101118619065,农科院家属楼小三居南北通透,538万,88779元/平,顶层 (共5层) 3室1厅 | 60.6平米 | 南 北,https://ke-image.ljcdn.com/110000-inspection/b1d20b3e-994f-4722-9d57-7c4cde85175b_1000.jpg!m_fill,w_280,h_210,f_jpg?from=ke.com
20230502,海淀,马连洼,101118573090,西山华府 正规一居室 带电梯 中间楼层 全明格局,830万,116345元/平,中楼层 (共8层) | 2010年建 | 1室1厅 | 71.34平米 | 西北,https://ke-image.ljcdn.com/110000-inspection/f9c79dca-30b9-4298-9c9a-1574aabd2bd0_1000.jpg!m_fill,w_280,h_210,f_jpg?from=ke.com
20230502,海淀,马连洼,101118568146,天秀古月园不临街带车位落地窗南北通透三居室,1480万,108704元/平,底层 (共7层) | 2002年建 | 3室2厅 | 136.15平米 | 南 北,https://ke-image.ljcdn.com/110000-inspection/pc1_UtmL6yYke.jpg!m_fill,w_280,h_210,f_jpg?from=ke.com
20230502,海淀,马连洼,101118537100,菊园 南北通透三居室两卧室朝南业主自住装修,700万,84562元/平,高楼层 (共6层) | 1995年建 | 3室2厅 | 82.78平米 | 南 北,https://ke-image.ljcdn.com/110000-inspection/a4d16214-7b67-4f06-aa24-f8688f31c2e9_1000.jpg!m_fill,w_280,h_210,f_jpg?from=ke.com
20230502,海淀,马连洼,101118526010,百旺家苑次顶层三居室南北通透户型方正,1260万,89834元/平,中楼层 (共5层) 3室2厅 | 140.26平米 | 南 北,https://ke-image.ljcdn.com/110000-inspection/e439d214-d9b3-472d-843d-c4917a013955_1000.jpg!m_fill,w_280,h_210,f_jpg?from=ke.com
20230502,海淀,马连洼,101118523353,菊园 3室2厅 东 南 西,670万,87628元/平,中楼层 (共6层) | 1995年建 | 3室2厅 | 76.46平米 | 东 南 西,https://ke-image.ljcdn.com/110000-inspection/a2527340-df00-4e83-a157-2c3bc850b35f_1000.jpg!m_fill,w_280,h_210,f_jpg?from=ke.com
20230502,海淀,马连洼,101118518955,西山华府珑园中间位置楼层好精装修四居室,2050万,116299元/平,低楼层 (共6层) 4室2厅 | 176.27平米 | 南 北,https://ke-image.ljcdn.com/110000-inspection/pc1_NJtGrJ5uY.jpg!m_fill,w_280,h_210,f_jpg?from=ke.com
20230502,海淀,马连洼,101118448923,菊园 2室1厅 南 北,585万,87667元/平,底层 (共6层) | 1994年建 | 2室1厅 | 66.73平米 | 南 北,https://ke-image.ljcdn.com/110000-inspection/pc1_HYMFzr5Ux.jpg!m_fill,w_280,h_210,f_jpg?from=ke.com
20230502,海淀,马连洼,101118444178,户型方正视野好没有遮挡随时看房,520万,94891元/平,顶层 (共6层) | 1991年建 | 2室1厅 | 54.8平米 | 南 北,https://ke-image.ljcdn.com/110000-inspection/pc1_dlkhcQZYk.jpg!m_fill,w_280,h_210,f_jpg?from=ke.com
20230502,海淀,马连洼,101118441122,马连洼菊园三居室南北通透中间位置看房方便房主自荐,720万,86435元/平,中楼层 (共6层) | 1995年建 | 3室1厅 | 83.3平米 | 南 北,https://ke-image.ljcdn.com/110000-inspection/10cbaa0d-fb49-4028-9408-f0c23b915764_1000.jpg!m_fill,w_280,h_210,f_jpg?from=ke.com
20230502,海淀,马连洼,101118437167,可多贷款 次顶层 精装修 采光好 视野好,600万,100201元/平,高楼层 (共6层) 2室1厅 | 59.88平米 | 南 北,https://ke-image.ljcdn.com/110000-inspection/pc1_L5iIeHwgT.jpg!m_fill,w_280,h_210,f_jpg?from=ke.com
20230502,海淀,马连洼,101118436023,此房满五年家庭唯一住房商品房性质中高楼层,550万,88000元/平,高楼层 (共6层) | 1994年建 | 2室1厅 | 62.5平米 | 南 北,https://ke-image.ljcdn.com/110000-inspection/pc1_rChtXl4Pg.jpg!m_fill,w_280,h_210,f_jpg?from=ke.com
20230502,海淀,马连洼,101118417074,三部干部家属楼方正四居室不临街中间层,1120万,88092元/平,中楼层 (共6层) 4室2厅 | 127.14平米 | 东 南 北,https://ke-image.ljcdn.com/110000-inspection/349f5a9f-4d54-4d54-ac32-264a108eaa2c_1000.jpg!m_fill,w_280,h_210,f_jpg?from=ke.com
20230502,海淀,马连洼,101118413307,南北通透格局中间楼层好视野宽阔采光充足,590万,98531元/平,中楼层 (共6层) | 1995年建 | 2室1厅 | 59.88平米 | 南 北,https://ke-image.ljcdn.com/110000-inspection/pc1_CtbREaKvD.jpg!m_fill,w_280,h_210,f_jpg?from=ke.com
20230502,海淀,马连洼,101118391366,天秀花园古月园大3居满五年唯一住房,1550万,98145元/平,中楼层 (共7层) | 2002年建 | 3室2厅 | 157.93平米 | 南 北,https://ke-image.ljcdn.com/110000-inspection/4eb9b6ac-d765-45e5-bc2d-78d4a2a0b2a3_1000.jpg!m_fill,w_280,h_210,f_jpg?from=ke.com
20230502,海淀,马连洼,101118388561,天秀花园澄秀园 3室2厅 南 北,915万,84200元/平,高楼层 (共6层) 3室2厅 | 108.67平米 | 南 北,https://ke-image.ljcdn.com/110000-inspection/f1810092-1dac-4275-b84d-ae924cc5b466_1000.jpg!m_fill,w_280,h_210,f_jpg?from=ke.com
20230502,海淀,马连洼,101118377321,天秀花园古月园低密度南北通透精装洋房产权清晰,1425万,109004元/平,底层 (共7层) | 2004年建 | 3室2厅 | 130.73平米 | 南 北,https://ke-image.ljcdn.com/110000-inspection/f3e91ae9-fa12-4388-bfb2-35d4547317e5_1000.jpg!m_fill,w_280,h_210,f_jpg?from=ke.com
20230502,海淀,马连洼,101118375653,梅园 3室1厅 南 北,639万,89874元/平,高楼层 (共6层) | 1989年建 | 3室1厅 | 71.1平米 | 南 北,https://ke-image.ljcdn.com/110000-inspection/pc1_MJFnVZ7ym.jpg!m_fill,w_280,h_210,f_jpg?from=ke.com
20230502,海淀,马连洼,101118373206,天秀花园秋水园  万科西山庭院 小三居,1580万,128299元/平,顶层 (共5层) 3室2厅 | 123.15平米 | 南 北,https://ke-image.ljcdn.com/110000-inspection/pc1_PqTMEWCDZ.jpg!m_fill,w_280,h_210,f_jpg?from=ke.com
20230502,海淀,马连洼,101118372570,万科西山庭院低楼层三居带明卫带产权车位诚售,1880万,109487元/平,中楼层 (共5层) 3室2厅 | 171.71平米 | 南 北,https://ke-image.ljcdn.com/110000-inspection/5df57908-e161-4f1b-a332-293005805213_1000.jpg!m_fill,w_280,h_210,f_jpg?from=ke.com
20230502,海淀,马连洼,101118371068,天秀花园安和园 3室1厅 东 南 西,880万,78960元/平,低楼层 (共6层) 3室1厅 | 111.45平米 | 东 南 西,https://ke-image.ljcdn.com/110000-inspection/77d98093-f147-41f2-870c-95476daab586_1000.jpg!m_fill,w_280,h_210,f_jpg?from=ke.com
20230502,海淀,马连洼,101118355177,房子在5楼视野开阔采光充足满五年唯一商品房,528万,84548元/平,高楼层 (共6层) 2室1厅 | 62.45平米 | 南 北,https://ke-image.ljcdn.com/110000-inspection/pc1_s5nCUi6AR.jpg!m_fill,w_280,h_210,f_jpg?from=ke.com
20230502,海淀,马连洼,101118353143,天秀花园澄秀园 2室1厅 南 北,838万,93465元/平,高楼层 (共6层) 2室1厅 | 89.66平米 | 南 北,https://ke-image.ljcdn.com/110000-inspection/pc1_vHzmya87Y.jpg!m_fill,w_280,h_210,f_jpg?from=ke.com
20230502,海淀,马连洼,101118352190,此房满五年房改房南北通透卫生间有窗户诚意卖,476万,90255元/平,底层 (共4层) 1室1厅 | 52.74平米 | 南 北,https://ke-image.ljcdn.com/110000-inspection/pc1_MxKGvgjlJ.jpg!m_fill,w_280,h_210,f_jpg?from=ke.com
20230502,海淀,马连洼,101118346690,菊园中间楼层三居室 中间位置 可按满五唯一,720万,86978元/平,中楼层 (共6层) | 1995年建 | 3室1厅 | 82.78平米 | 南 北,https://ke-image.ljcdn.com/110000-inspection/79ef7ba7-d872-44a8-888e-51b820bfe162_1000.jpg!m_fill,w_280,h_210,f_jpg?from=ke.com
20230502,海淀,马连洼,101118341188,裕祺隆园 临近地铁 中间楼层 诚意出售,860万,91744元/平,中楼层 (共6层) 2室1厅 | 93.74平米 | 东 西,https://ke-image.ljcdn.com/110000-inspection/5d7e35bf-9129-4b17-90bd-a9bcb8129b6f_1000.jpg!m_fill,w_280,h_210,f_jpg?from=ke.com
20230502,海淀,马连洼,101118338929,天秀花园古月园 中间楼层三居 满五年,1580万,99172元/平,中楼层 (共7层) | 2002年建 | 3室2厅 | 159.32平米 | 南 北,https://ke-image.ljcdn.com/110000-inspection/pc1_7AHc6hhC9.jpg!m_fill,w_280,h_210,f_jpg?from=ke.com
20230502,海淀,马连洼,101118333382,房子电梯高层满二唯一南北通透直观西山。,1220万,101161元/平,高楼层 (共9层) | 2003年建 | 3室1厅 | 120.6平米 | 南 北,https://ke-image.ljcdn.com/110000-inspection/5d750c3b-f6f5-4fed-94f7-55ad0ecc9a74_1000.jpg!m_fill,w_280,h_210,f_jpg?from=ke.com
20230502,海淀,马连洼,101118332459,水利社区2号院2000年房龄格局方正近地铁586米,782万,85521元/平,顶层 (共6层) | 2000年建 | 2室2厅 | 91.44平米 | 南 北,https://ke-image.ljcdn.com/110000-inspection/pc1_4IgMWLXrZ.jpg!m_fill,w_280,h_210,f_jpg?from=ke.com
20230502,海淀,马连洼,101118325183,菊园低楼层两居 南北通透 首套首付200万,525万,91880元/平,底层 (共6层) | 1995年建 | 2室1厅 | 57.14平米 | 南 北,https://ke-image.ljcdn.com/110000-inspection/pc1_EXIxneGDJ.jpg!m_fill,w_280,h_210,f_jpg?from=ke.com
20230502,海淀,马连洼,101118270575,此房满五唯一三卧朝南精装装修靠谱出售,1350万,96243元/平,顶层 (共4层) 3室1厅 | 140.27平米 | 南 北,https://ke-image.ljcdn.com/110000-inspection/0f46e902-5da3-4940-bf39-c7931ec8505f_1000.jpg!m_fill,w_280,h_210,f_jpg?from=ke.com
20230502,海淀,马连洼,101118265720,水利局小区 2室1厅 南 北,469万,88158元/平,中楼层 (共5层) 2室1厅 | 53.2平米 | 南 北,https://ke-image.ljcdn.com/110000-inspection/pc1_t6KgvKC9P.jpg!m_fill,w_280,h_210,f_jpg?from=ke.com
20230502,海淀,马连洼,101118257568,圆明园西路3号院 2室1厅 南,486万,92749元/平,底层 (共5层) 2室1厅 | 52.4平米 | 南,https://ke-image.ljcdn.com/110000-inspection/5e5cb915-ed0c-4c58-89b5-0c846c156713_1000.jpg!m_fill,w_280,h_210,f_jpg?from=ke.com
20230502,海淀,马连洼,101118219178,竹园 2室1厅 东 西,580万,94756元/平,中楼层 (共6层) 2室1厅 | 61.21平米 | 东 西,https://ke-image.ljcdn.com/110000-inspection/pc1_40ATYQnr4.jpg!m_fill,w_280,h_210,f_jpg?from=ke.com
20230502,海淀,马连洼,101118219105,地铁口 农业大学家属院 南北小两居,588万,91447元/平,中楼层 (共5层) | 1982年建 | 2室1厅 | 64.3平米 | 南 北,https://ke-image.ljcdn.com/110000-inspection/pc1_Uk98KceUr.jpg!m_fill,w_280,h_210,f_jpg?from=ke.com
20230502,海淀,马连洼,101118209393,水利局小区中间楼层 三居户型 院里安静房主自荐,578万,85885元/平,中楼层 (共5层) | 1983年建 | 3室1厅 | 67.3平米 | 南 北,https://ke-image.ljcdn.com/110000-inspection/f76c0b35-0d10-4b1c-b93c-907456115dfc_1000.jpg!m_fill,w_280,h_210,f_jpg?from=ke.com
20230502,海淀,马连洼,101118142691,农业大学附属中学家属楼 南向一居室 小区安静,450万,89857元/平,顶层 (共6层) 1室1厅 | 50.08平米 | 南,https://ke-image.ljcdn.com/110000-inspection/b38dff90-d44b-489e-9e23-c6c6ba45da97_1000.jpg!m_fill,w_280,h_210,f_jpg?from=ke.com
20230502,海淀,马连洼,101118130369,马连洼  梅园甲 精装 两居室 满五唯一,668万,72712元/平,顶层 (共6层) | 2000年建 | 2室1厅 | 91.87平米 | 东 西,https://ke-image.ljcdn.com/110000-inspection/6ad18b03-0027-425c-b4ed-49a2c6405785_1000.jpg!m_fill,w_280,h_210,f_jpg?from=ke.com
20230502,海淀,马连洼,101118110146,马连洼  竹园小区 四居室 满五唯一房主自荐,800万,78842元/平,顶层 (共6层) | 1994年建 | 4室2厅 | 101.47平米 | 南 北,https://ke-image.ljcdn.com/110000-inspection/6e387493-2aa4-4241-8919-1f91fbd7860a_1000.jpg!m_fill,w_280,h_210,f_jpg?from=ke.com
20230502,海淀,马连洼,101118108878,梅园电梯三居室南北通透户型方正可以看房,750万,98698元/平,中楼层 (共6层) 3室1厅 | 75.99平米 | 南 北,https://ke-image.ljcdn.com/110000-inspection/pc1_CZZaN0vvH.jpg!m_fill,w_280,h_210,f_jpg?from=ke.com
20230502,海淀,马连洼,101118108633,地铁口马连洼精装两居室 低楼层 采光好 不临街房主自荐,515万,94844元/平,底层 (共6层) | 1991年建 | 2室1厅 | 54.3平米 | 南 西北,https://ke-image.ljcdn.com/110000-inspection/0f6bc71d-278c-403f-a4dd-7a3b43c1130d_1000.jpg!m_fill,w_280,h_210,f_jpg?from=ke.com
20230502,海淀,马连洼,101118099035,裕祺隆园 2室1厅 南 北,960万,104099元/平,中楼层 (共6层) 2室1厅 | 92.22平米 | 南 北,https://ke-image.ljcdn.com/110000-inspection/3c71c3e4-9260-4944-8ab9-86261d78d39f_1000.jpg!m_fill,w_280,h_210,f_jpg?from=ke.com
20230502,海淀,马连洼,101118098436,菊园 中间位置前后无遮挡采光好看房方便房主自荐,810万,82907元/平,顶层 (共6层) | 1994年建 | 4室1厅 | 97.7平米 | 东 南 北,https://ke-image.ljcdn.com/110000-inspection/139ec224-136e-49a5-b1e4-a050cbd6fb0c_1000.jpg!m_fill,w_280,h_210,f_jpg?from=ke.com
20230502,海淀,马连洼,101118066268,天秀花园荷塘月舍 1室1厅 西北,608万,106686元/平,中楼层 (共7层) | 2004年建 | 1室1厅 | 56.99平米 | 西北,https://ke-image.ljcdn.com/110000-inspection/5f558038-5c72-4b25-83d8-4e4a20a80b5f_1000.jpg!m_fill,w_280,h_210,f_jpg?from=ke.com
20230502,海淀,马连洼,101118065937,房本满5年业主家庭唯一住房精装修业主诚意出售。,730万,93783元/平,高楼层 (共6层) | 2000年建 | 2室1厅 | 77.84平米 | 东 西,https://ke-image.ljcdn.com/110000-inspection/9234c179-03f9-4cf9-86a9-23648390b37f_1000.jpg!m_fill,w_280,h_210,f_jpg?from=ke.com
20230502,海淀,马连洼,101118058655,天秀花园 干部楼   南北通透新装修 满五年唯一,1068万,89328元/平,顶层 (共6层) 3室2厅 | 119.56平米 | 南 北,https://ke-image.ljcdn.com/110000-inspection/59474f8b-6a5b-4914-8e9d-176ee1f2386c_1000.jpg!m_fill,w_280,h_210,f_jpg?from=ke.com
20230502,海淀,马连洼,101118052516,圆明园西路2号南区 小三居 一层,770万,102258元/平,底层 (共5层) | 1982年建 | 3室1厅 | 75.3平米 | 南 北,https://ke-image.ljcdn.com/110000-inspection/b9c59acf-e137-4a57-8f76-f1be16e9425c_1000.jpg!m_fill,w_280,h_210,f_jpg?from=ke.com
20230502,海淀,马连洼,101118035173,圆明园西路2号院 低楼层 精装修房主自荐,455万,111794元/平,低楼层 (共6层) 1室1厅 | 40.7平米 | 南,https://ke-image.ljcdn.com/110000-inspection/0abcdecd-112c-41bb-8594-df29e956adb0_1000.jpg!m_fill,w_280,h_210,f_jpg?from=ke.com
20230502,海淀,马连洼,101118015818,万科西山庭院实用三居房源视野好观景好户型好,1480万,118240元/平,顶层 (共5层) 3室2厅 | 125.17平米 | 南 北,https://ke-image.ljcdn.com/110000-inspection/pc1_n4gawuIKV.jpg!m_fill,w_280,h_210,f_jpg?from=ke.com
20230502,海淀,马连洼,101118000528,水利局小区正规两居室低楼层装修好,495万,89190元/平,中楼层 (共5层) 2室1厅 | 55.5平米 | 南 北,https://ke-image.ljcdn.com/110000-inspection/pc1_GefvUkFAc.jpg!m_fill,w_280,h_210,f_jpg?from=ke.com
20230502,海淀,马连洼,101117996741,马连洼梅园高楼层双卧朝南精装修两居室,580万,97973元/平,顶层 (共6层) | 1991年建 | 2室1厅 | 59.2平米 | 南,https://ke-image.ljcdn.com/110000-inspection/699480b6-8e2f-409b-a6a6-d8517c4e0873_1000.jpg!m_fill,w_280,h_210,f_jpg?from=ke.com
20230502,海淀,马连洼,101117974433,此房源满五年唯一南北通透视野开阔采光充足房主自荐,515万,80032元/平,顶层 (共6层) | 1995年建 | 2室1厅 | 64.35平米 | 南 北,https://ke-image.ljcdn.com/110000-inspection/be234ab3-c357-47bf-b548-347fa98c29a0_1000.jpg!m_fill,w_280,h_210,f_jpg?from=ke.com
20230502,海淀,马连洼,101117962320,此房满五唯一低楼层成本少马连洼菊园  成本少,685万,82750元/平,顶层 (共6层) 3室1厅 | 82.78平米 | 南 北,https://ke-image.ljcdn.com/110000-inspection/pc1_FgsIA7iGd.jpg!m_fill,w_280,h_210,f_jpg?from=ke.com
20230502,海淀,马连洼,101117948956,菊园小区房改房 自住看房方便 户型方正 次顶层房主自荐,560万,84682元/平,高楼层 (共6层) | 1994年建 | 2室1厅 | 66.13平米 | 西北,https://ke-image.ljcdn.com/110000-inspection/dc275210-1662-482e-a025-2e8bbf172a83_1000.jpg!m_fill,w_280,h_210,f_jpg?from=ke.com
20230502,海淀,马连洼,101117933366,房子满五年唯一楼下花园南北通透,1038万,104427元/平,顶层 (共5层) 3室2厅 | 99.4平米 | 南 北,https://ke-image.ljcdn.com/110000-inspection/6a2c4421-221a-42a3-b8cd-b258de6c96e3_1000.jpg!m_fill,w_280,h_210,f_jpg?from=ke.com
20230502,海淀,马连洼,101117932307,西山脚下 电梯三居 观景次顶层,1249万,102210元/平,高楼层 (共9层) 3室2厅 | 122.2平米 | 南 北,https://ke-image.ljcdn.com/110000-inspection/11a9b7f6-9d6c-4c41-9404-199045349774_1000.jpg!m_fill,w_280,h_210,f_jpg?from=ke.com
20230502,海淀,马连洼,101117929929,裕禧隆园一居室 09年小区 低楼层 小区自带公园 环境好,569万,97033元/平,底层 (共6层) | 2009年建 | 1室1厅 | 58.64平米 | 东,https://ke-image.ljcdn.com/110000-inspection/pc1_p71rfKwIB.jpg!m_fill,w_280,h_210,f_jpg?from=ke.com
20230502,海淀,马连洼,101117926060,西山华府珑园 4室2厅 南 北,2100万,118557元/平,顶层 (共9层) 4室2厅 | 177.13平米 | 南 北,https://ke-image.ljcdn.com/110000-inspection/bf6a9ac6-f25b-4984-a2e7-e8508f70fe69_1000.jpg!m_fill,w_280,h_210,f_jpg?from=ke.com
20230502,海淀,马连洼,101117917372,天秀花园安和园  南北通透两居室,715万,83734元/平,顶层 (共6层) | 2000年建 | 2室2厅 | 85.39平米 | 南 北,https://ke-image.ljcdn.com/110000-inspection/b71b39b9-f507-4cb5-a448-f2e502325a75_1000.jpg!m_fill,w_280,h_210,f_jpg?from=ke.com
20230502,海淀,马连洼,101117914782,天秀花园正规两居室 业主诚心出售 看房方便,740万,86439元/平,中楼层 (共6层) | 2000年建 | 2室2厅 | 85.61平米 | 东 南 西,https://ke-image.ljcdn.com/110000-inspection/32036daa-45c9-4bb3-9e6d-ab69f62de46e_1000.jpg!m_fill,w_280,h_210,f_jpg?from=ke.com
20230502,海淀,马连洼,101117831516,此房成本价住房靠谱出售稳定签约视野好无遮挡房主自荐,508万,85667元/平,顶层 (共6层) | 1994年建 | 2室1厅 | 59.3平米 | 南 北,https://ke-image.ljcdn.com/110000-inspection/pc1_hzeSnBY08.jpg!m_fill,w_280,h_210,f_jpg?from=ke.com
20230502,海淀,马连洼,101117806407,裕禧隆园 南北通透大两居 不临街中间楼层,850万,94561元/平,中楼层 (共6层) 2室2厅 | 89.89平米 | 南 北,https://ke-image.ljcdn.com/110000-inspection/pc1_SNxUtbh2V.jpg!m_fill,w_280,h_210,f_jpg?from=ke.com
20230502,海淀,马连洼,101117788039,天秀花园安和园 西南北 三居室 低楼层 看房方便,890万,77372元/平,低楼层 (共6层) | 2000年建 | 3室1厅 | 115.03平米 | 东 南 西,https://ke-image.ljcdn.com/110000-inspection/79a37563-8611-4f7b-b719-cf1a1e043eb8_1000.jpg!m_fill,w_280,h_210,f_jpg?from=ke.com
20230502,海淀,马连洼,101117767209,紫成嘉园 带电梯中楼层南北通透通风采光视野俱佳,1680万,118102元/平,低楼层 (共6层) 3室2厅 | 142.25平米 | 南 北,https://ke-image.ljcdn.com/110000-inspection/db3983ef-6c77-4afe-95c0-b6af7168cb2c_1000.jpg!m_fill,w_280,h_210,f_jpg?from=ke.com
20230502,海淀,马连洼,101117732087,天秀花园安和园 满五年唯一 明卫 双地铁 环境好房主自荐,656万,76627元/平,顶层 (共6层) | 2000年建 | 2室2厅 | 85.61平米 | 东 西,https://ke-image.ljcdn.com/110000-inspection/pc1_AIYfBu0KF.jpg!m_fill,w_280,h_210,f_jpg?from=ke.com
20230502,海淀,马连洼,101117725600,马连洼梅园  低楼层  南北通透  诚意出售 明厨明卫,568万,89029元/平,低楼层 (共6层) | 1993年建 | 2室1厅 | 63.8平米 | 南 北,https://ke-image.ljcdn.com/110000-inspection/pc1_dTR68wShl.jpg!m_fill,w_280,h_210,f_jpg?from=ke.com
20230502,海淀,马连洼,101117703397,裕隆新村  裕禧隆园   南北通透  诚意出售  价格可谈,760万,90498元/平,中楼层 (共6层) | 2009年建 | 2室2厅 | 83.98平米 | 南 北,https://ke-image.ljcdn.com/110000-inspection/4a39e91a-7dd4-4f97-a31e-024793aad90a_1000.jpg!m_fill,w_280,h_210,f_jpg?from=ke.com
20230502,海淀,马连洼,101117652770,圆明园西路3号院二层眼睛户型全明三居近地铁,788万,82084元/平,中楼层 (共4层) 3室2厅 | 96平米 | 南 北,https://ke-image.ljcdn.com/110000-inspection/1613269f-c477-4df2-94c3-08efd56a8573_1000.jpg!m_fill,w_280,h_210,f_jpg?from=ke.com
20230502,海淀,马连洼,101117612524,西山华府禧园 1室0厅 北,460万,98861元/平,底层 (共6层) 1室0厅 | 46.53平米 | 北,https://ke-image.ljcdn.com/110000-inspection/pc1_nRfCM7I9t.jpg!m_fill,w_280,h_210,f_jpg?from=ke.com
20230502,海淀,马连洼,101117608208,博雅西园 2室1厅 南 北,1098万,99502元/平,顶层 (共6层) | 2004年建 | 2室1厅 | 110.35平米 | 南 北,https://ke-image.ljcdn.com/110000-inspection/pc1_600A1dpBP.jpg!m_fill,w_280,h_210,f_jpg?from=ke.com
20230502,海淀,马连洼,101117602472,马连洼 低楼层 南北两居 拎包入住,530万,92755元/平,低楼层 (共6层) 2室1厅 | 57.14平米 | 南 北,https://ke-image.ljcdn.com/110000-inspection/pc1_pgxUweLvv.jpg!m_fill,w_280,h_210,f_jpg?from=ke.com
20230502,海淀,马连洼,101117576229,满五年唯一 南北三居室 成熟社区  安静优美 年代新,1050万,95707元/平,低楼层 (共6层) 3室1厅 | 109.71平米 | 南 北,https://ke-image.ljcdn.com/110000-inspection/a9c9ce39-7ca6-4806-a5a1-1683fdcf8316_1000.jpg!m_fill,w_280,h_210,f_jpg?from=ke.com
20230502,海淀,马连洼,101117556233,七彩华园   南北通透 新装修 采光好  无遮挡,1600万,95855元/平,低楼层 (共7层) 4室2厅 | 166.92平米 | 东 南 北,https://ke-image.ljcdn.com/110000-inspection/pc1_sLsqsKSCi.jpg!m_fill,w_280,h_210,f_jpg?from=ke.com
20230502,海淀,马连洼,101117497329,万科西山庭院一层三居室、有产权车位、诚意出售,1860万,119308元/平,底层 (共5层) 3室2厅 | 155.9平米 | 南 北,https://ke-image.ljcdn.com/110000-inspection/pc1_gVK7nUYCv.jpg!m_fill,w_280,h_210,f_jpg?from=ke.com
20230502,海淀,马连洼,101117479140,本房满五年唯一南向开间产权清晰诚意出售,435万,114084元/平,中楼层 (共6层) 1室0厅 | 38.13平米 | 南,https://ke-image.ljcdn.com/110000-inspection/pc1_sfqZqrS6r.jpg!m_fill,w_280,h_210,f_jpg?from=ke.com
20230502,海淀,马连洼,101117445849,水利局小区 正规两居室 满五年唯一商品房,499万,89910元/平,中楼层 (共5层) 2室1厅 | 55.5平米 | 南 北,https://ke-image.ljcdn.com/110000-inspection/c6925eb4-8832-4632-a3e4-c785a1050ef1_1000.jpg!m_fill,w_280,h_210,f_jpg?from=ke.com
20230502,海淀,马连洼,101117362941,水利局小区满五年家庭唯一商品房出售,549万,83817元/平,中楼层 (共5层) | 1987年建 | 2室1厅 | 65.5平米 | 南 北,https://ke-image.ljcdn.com/110000-inspection/4435db6e-068e-4d28-ae9a-4959d607fbd8_1000.jpg!m_fill,w_280,h_210,f_jpg?from=ke.com
20230502,海淀,马连洼,101117334689,天秀花园安和园 南北通透 3居2卫 满五年唯一 采光充足,899万,77661元/平,顶层 (共6层) | 2000年建 | 3室2厅 | 115.76平米 | 南 北,https://ke-image.ljcdn.com/110000-inspection/pc1_EFcETxE0Z.jpg!m_fill,w_280,h_210,f_jpg?from=ke.com
20230502,海淀,马连洼,101117285009,竹园 3室1厅 东 南 西,645万,78669元/平,中楼层 (共6层) 3室1厅 | 81.99平米 | 东 南 西,https://ke-image.ljcdn.com/110000-inspection/pc1_eNLuFliUb.jpg!m_fill,w_280,h_210,f_jpg?from=ke.com
20230502,海淀,马连洼,101117218392,满两年商品房相当于满五年唯一正常贷款只有契税。,528万,83545元/平,顶层 (共6层) | 1994年建 | 2室1厅 | 63.2平米 | 南 北,https://ke-image.ljcdn.com/110000-inspection/pc1_36enedowz.jpg!m_fill,w_280,h_210,f_jpg?from=ke.com
20230502,海淀,马连洼,101117198827,南北通透  中间楼层  满五唯一  业主诚售  看房方便,1368万,91782元/平,中楼层 (共4层) | 2003年建 | 3室1厅 | 149.05平米 | 南 北,https://ke-image.ljcdn.com/110000-inspection/69b94b08-153d-4037-8263-316bd7ae23a0_1000.jpg!m_fill,w_280,h_210,f_jpg?from=ke.com
20230502,海淀,马连洼,101117196371,天秀花园安和园大2居全明格局满五年唯一住房,780万,92692元/平,中楼层 (共6层) | 2000年建 | 2室2厅 | 84.15平米 | 东 西,https://ke-image.ljcdn.com/110000-inspection/c26886e5-8548-4179-a547-3a4f878df915_1000.jpg!m_fill,w_280,h_210,f_jpg?from=ke.com
20230502,海淀,马连洼,101117188312,水利社区大2居南北通透业主诚意出售,525万,82160元/平,底层 (共5层) | 1987年建 | 2室1厅 | 63.9平米 | 南 北,https://ke-image.ljcdn.com/110000-inspection/pc1_uGrssPOPD.jpg!m_fill,w_280,h_210,f_jpg?from=ke.com
20230502,海淀,马连洼,101117150337,本房满五年唯一 自住精装修诚意出售随时签约,499万,91999元/平,中楼层 (共6层) | 1995年建 | 2室1厅 | 54.24平米 | 南 北,https://ke-image.ljcdn.com/110000-inspection/59bed42a-ff7c-49ca-966f-f4c5af11555a_1000.jpg!m_fill,w_280,h_210,f_jpg?from=ke.com
20230502,海淀,马连洼,101117085203,圆明园花园别墅 低楼层 精装修 满五年唯一 靠谱签约,980万,87485元/平,底层 (共6层) | 2000年建 | 2室2厅 | 112.02平米 | 东 西,https://ke-image.ljcdn.com/110000-inspection/pc1_cM9OGSBis.jpg!m_fill,w_280,h_210,f_jpg?from=ke.com
20230502,海淀,马连洼,101117082450,天秀花园2007年小区   安静不临街  落地飘窗 南北通透,930万,85486元/平,高楼层 (共6层) | 2007年建 | 3室2厅 | 108.79平米 | 南 北,https://ke-image.ljcdn.com/110000-inspection/c4431926-2e78-45fa-aec3-e2f5b4d09785_1000.jpg!m_fill,w_280,h_210,f_jpg?from=ke.com
20230502,海淀,马连洼,101117070116,西山脚下 公园社区 观景三居 视野无遮挡,1299万,87346元/平,顶层 (共4层) 3室1厅 | 148.72平米 | 东 南 北,https://ke-image.ljcdn.com/110000-inspection/02c91fec-1c3c-4386-8905-64c7c2115725_1000.jpg!m_fill,w_280,h_210,f_jpg?from=ke.com
20230502,海淀,马连洼,101117038886,大有北里小区 满五唯一 四室三厅,1780万,134849元/平,顶层 (共6层) | 1997年建 | 4室3厅 | 132平米 | 南 北,https://ke-image.ljcdn.com/110000-inspection/8fd874cd-3e7f-4fc0-b299-aa64cdc59882_1000.jpg!m_fill,w_280,h_210,f_jpg?from=ke.com
20230502,海淀,马连洼,101117019209,满五年唯一业主诚意出售房屋观小区花园,765万,89600元/平,顶层 (共6层) | 2000年建 | 2室2厅 | 85.38平米 | 南 北 东,https://ke-image.ljcdn.com/110000-inspection/c23af10a-18d8-423a-8ca7-3fd5d2a9ac1d_1000.jpg!m_fill,w_280,h_210,f_jpg?from=ke.com
20230502,海淀,马连洼,101116980625,天秀花园安和园 满五年 三居 中间楼层 视野好 采光好,838万,75191元/平,中楼层 (共6层) | 2000年建 | 3室2厅 | 111.45平米 | 西南,https://ke-image.ljcdn.com/110000-inspection/5eba5d5c-6be7-43d3-afa6-a2f45410410e_1000.jpg!m_fill,w_280,h_210,f_jpg?from=ke.com
20230502,海淀,马连洼,101116933267,天秀花园安和园 三面采光 把边户型 中间楼层,1100万,94259元/平,中楼层 (共6层) | 2001年建 | 4室2厅 | 116.7平米 | 南 北 西,https://ke-image.ljcdn.com/110000-inspection/pc1_oAvd1U5XC.jpg!m_fill,w_280,h_210,f_jpg?from=ke.com
20230502,海淀,马连洼,101116901964,全明格局两居室主卧室客厅都带阳台,730万,85271元/平,高楼层 (共6层) | 2000年建 | 2室2厅 | 85.61平米 | 东 西 北,https://ke-image.ljcdn.com/110000-inspection/6cce1a82-ee86-46ab-8281-d7c8a1b50402_1000.jpg!m_fill,w_280,h_210,f_jpg?from=ke.com
20230502,海淀,马连洼,101116894177,西山华府带电梯小户型看房方便满五年,856万,119989元/平,低楼层 (共8层) | 2010年建 | 1室1厅 | 71.34平米 | 西 北,https://ke-image.ljcdn.com/110000-inspection/pc1_asod3kBuE.jpg!m_fill,w_280,h_210,f_jpg?from=ke.com
20230502,海淀,马连洼,101116890314,西山脚下 观景别墅 面宽8.6米,1998万,101242元/平,中楼层 (共4层) | 2003年建 | 5室3厅 | 197.35平米 | 南 北,https://ke-image.ljcdn.com/110000-inspection/3bbebacd-70c3-49d9-a21c-148169a7ccac_1000.jpg!m_fill,w_280,h_210,f_jpg?from=ke.com
20230502,海淀,马连洼,101116847833,西山华府 顶层挑高  精装4居 南北双通透 双阳台,2080万,117634元/平,顶层 (共6层) 4室2厅 | 176.82平米 | 南 北,https://ke-image.ljcdn.com/110000-inspection/1626bdf0-10dd-4db8-92f4-de10dead95fc_1000.jpg!m_fill,w_280,h_210,f_jpg?from=ke.com
20230502,海淀,马连洼,101116818454,马连洼菊园四区全明格局三居室。,695万,84080元/平,底层 (共6层) 3室1厅 | 82.66平米 | 南 北,https://ke-image.ljcdn.com/110000-inspection/pc1_Fre0uBqiq.jpg!m_fill,w_280,h_210,f_jpg?from=ke.com
20230502,海淀,马连洼,101116812287,地铁16号线马连洼梅园 中间层南北通透两居,559万,96049元/平,中楼层 (共6层) | 1989年建 | 2室1厅 | 58.2平米 | 南 北,https://ke-image.ljcdn.com/110000-inspection/4acb42e1-fa71-44f5-8581-abbf621e7440_1000.jpg!m_fill,w_280,h_210,f_jpg?from=ke.com
20230502,海淀,马连洼,101116798828,诚意卖高层视野好两卧室朝南采光好满五年唯一,615万,86620元/平,顶层 (共5层) | 1983年建 | 2室1厅 | 71平米 | 南 北,https://ke-image.ljcdn.com/110000-inspection/d4548105-9c4b-4a1e-9d80-aef3c8331a1a_1000.jpg!m_fill,w_280,h_210,f_jpg?from=ke.com
20230502,海淀,马连洼,101116743247,高挑空 双明卫 百旺家苑 全明格局南北通透3居,1242万,89903元/平,顶层 (共4层) 3室1厅 | 138.15平米 | 南 北,https://ke-image.ljcdn.com/110000-inspection/pc1_sviE13Dz3_1.jpg!m_fill,w_280,h_210,f_jpg?from=ke.com
20230502,海淀,马连洼,101116697608,马连洼梅园满五年成本价购房客厅有窗户户型方正,750万,88029元/平,顶层 (共6层) 3室1厅 | 85.2平米 | 东 南 北,https://ke-image.ljcdn.com/110000-inspection/5d5aaedd-d5ae-4d70-a4a5-f0bace909cdf_1000.jpg!m_fill,w_280,h_210,f_jpg?from=ke.com
20230502,海淀,马连洼,101116673607,马连洼精装修四居室不临街不把边业主诚意出售,805万,80340元/平,高楼层 (共6层) | 1994年建 | 4室1厅 | 100.2平米 | 南 北,https://ke-image.ljcdn.com/110000-inspection/8ac4e32e-3695-4b86-be39-d719820b0a62_1000.jpg!m_fill,w_280,h_210,f_jpg?from=ke.com
20230502,海淀,马连洼,101116642772,安河桥北 裕祺隆园 少见电梯两居 三面采光 满五唯一,910万,100000元/平,低楼层 (共6层) 2室2厅 | 91平米 | 西南 北,https://ke-image.ljcdn.com/110000-inspection/bd080184-f96c-4a41-ade5-bc7539ca767b_1000.jpg!m_fill,w_280,h_210,f_jpg?from=ke.com
20230502,海淀,马连洼,101116610424,西山华府 开间 西北向 中间楼层 明卫 有阳台,460万,106359元/平,中楼层 (共6层) 1室0厅 | 43.25平米 | 西北,https://ke-image.ljcdn.com/110000-inspection/cc57801f-5c46-4264-8aae-50c0f1890789_1000.jpg!m_fill,w_280,h_210,f_jpg?from=ke.com
20230502,海淀,马连洼,101116600746,中间楼层  满五唯一  业主诚售  中间位置  居家装修,1152万,86957元/平,中楼层 (共5层) 3室2厅 | 132.48平米 | 南 北,https://ke-image.ljcdn.com/110000-inspection/pc1_msbSxZpzA_1.jpg!m_fill,w_280,h_210,f_jpg?from=ke.com
20230502,海淀,马连洼,101116587008,梅园低楼层两居室南北通透诚意出售,518万,95396元/平,底层 (共6层) 2室1厅 | 54.3平米 | 南 北,https://ke-image.ljcdn.com/110000-inspection/pc1_Vaw6OxRlm_1.jpg!m_fill,w_280,h_210,f_jpg?from=ke.com
20230502,海淀,马连洼,101116560296,菊园 3室1厅 南 北房主自荐,699万,86148元/平,底层 (共6层) | 1995年建 | 3室1厅 | 81.14平米 | 南 北,https://ke-image.ljcdn.com/110000-inspection/pc1_gJIPxqHjd_1.jpg!m_fill,w_280,h_210,f_jpg?from=ke.com
20230502,海淀,马连洼,101116517424,2000年小区 满五年唯一商品房 视野好 采光好,780万,90039元/平,顶层 (共6层) 2室1厅 | 86.63平米 | 南 北,https://ke-image.ljcdn.com/110000-inspection/pc1_jipS9ahGm.jpg!m_fill,w_280,h_210,f_jpg?from=ke.com
20230502,海淀,马连洼,101116451298,马连洼竹园低楼层南北向三居室三卧朝南,720万,93836元/平,低楼层 (共6层) | 1995年建 | 3室1厅 | 76.73平米 | 南 北,https://ke-image.ljcdn.com/110000-inspection/pc1_h5CXusTug_1.jpg!m_fill,w_280,h_210,f_jpg?from=ke.com
20230502,海淀,马连洼,101116437501,满五唯一成本价房楼层好不临街房主自荐,520万,94203元/平,中楼层 (共5层) | 1997年建 | 2室1厅 | 55.2平米 | 南 北,https://ke-image.ljcdn.com/110000-inspection/pc1_9zcWPhn4t_1.jpg!m_fill,w_280,h_210,f_jpg?from=ke.com
20230502,海淀,马连洼,101116434213,天秀花园澄秀园 2室1厅 东北,505万,80749元/平,顶层 (共5层) | 2007年建 | 2室1厅 | 62.54平米 | 东北,https://ke-image.ljcdn.com/110000-inspection/pc1_Pwq2BdcKM_1.jpg!m_fill,w_280,h_210,f_jpg?from=ke.com
20230502,海淀,马连洼,101116374015,梅园甲 2室1厅 东 西,725万,78916元/平,高楼层 (共6层) 2室1厅 | 91.87平米 | 东 西,https://ke-image.ljcdn.com/110000-inspection/pc1_a6ITfWPSe_1.jpg!m_fill,w_280,h_210,f_jpg?from=ke.com
20230502,海淀,马连洼,101116322904,房本满五年家庭名下一套住房视野好成本少诚意卖,685万,82750元/平,顶层 (共6层) | 1997年建 | 3室1厅 | 82.78平米 | 南 北,https://ke-image.ljcdn.com/110000-inspection/pc1_SPazXY0to.jpg!m_fill,w_280,h_210,f_jpg?from=ke.com
20230502,海淀,马连洼,101116314562,天秀花园古月园大3居业主诚意出售,1580万,96102元/平,低楼层 (共7层) | 2004年建 | 3室2厅 | 164.41平米 | 南 北,https://ke-image.ljcdn.com/110000-inspection/pc1_fwtkrHmnd.jpg!m_fill,w_280,h_210,f_jpg?from=ke.com
20230502,海淀,马连洼,101116301361,裕隆新村 低楼层 精装修 户型好 商品房 诚意出售,575万,98056元/平,低楼层 (共6层) | 2009年建 | 1室1厅 | 58.64平米 | 东,https://ke-image.ljcdn.com/110000-inspection/pc1_mGWhuQ1rf_1.jpg!m_fill,w_280,h_210,f_jpg?from=ke.com
20230502,海淀,马连洼,101116257864,马连洼菊园 南北向 低楼层两居室 诚意出售,565万,88907元/平,低楼层 (共6层) | 1995年建 | 2室1厅 | 63.55平米 | 南 北,https://ke-image.ljcdn.com/110000-inspection/pc1_OZzUnYDgU.jpg!m_fill,w_280,h_210,f_jpg?from=ke.com
20230502,海淀,马连洼,101116205543,百旺家苑三居室二楼有平台满五年家庭唯一住房,1499万,91147元/平,中楼层 (共5层) | 2003年建 | 3室2厅 | 164.46平米 | 南 北,https://ke-image.ljcdn.com/110000-inspection/pc1_c8G8EiQDc.jpg!m_fill,w_280,h_210,f_jpg?from=ke.com
20230502,海淀,马连洼,101116165659,海淀区马连洼梅园中间楼层两居室 前后无遮挡 采光好,560万,96220元/平,中楼层 (共6层) | 1995年建 | 2室1厅 | 58.2平米 | 南 北,https://ke-image.ljcdn.com/110000-inspection/pc1_u9WDsPu9H.jpg!m_fill,w_280,h_210,f_jpg?from=ke.com
20230502,海淀,马连洼,101116052461,天秀花园澄秀园 3室1厅 东 西,715万,88261元/平,低楼层 (共6层) | 2007年建 | 3室1厅 | 81.01平米 | 东 西,https://ke-image.ljcdn.com/110000-inspection/pc1_4e6SXPwlE.jpg!m_fill,w_280,h_210,f_jpg?from=ke.com
20230502,海淀,马连洼,101116023987,马连洼菊园南北朝向两居采光充足配套齐全,560万,87025元/平,高楼层 (共6层) | 1995年建 | 2室1厅 | 64.35平米 | 南 北,https://ke-image.ljcdn.com/110000-inspection/pc1_TbzVjaWKr.jpg!m_fill,w_280,h_210,f_jpg?from=ke.com
20230502,海淀,马连洼,101115964922,水利局小区 2室2厅 南 北,799万,87380元/平,高楼层 (共6层) | 2000年建 | 2室2厅 | 91.44平米 | 南 北,https://ke-image.ljcdn.com/110000-inspection/b2494558-7ba0-46cb-a171-b5ac8f61241f_1000.jpg!m_fill,w_280,h_210,f_jpg?from=ke.com
20230502,海淀,马连洼,101115959584,裕隆新村 南东西三面采光 低楼层,715万,87784元/平,底层 (共6层) | 2009年建 | 2室1厅 | 81.45平米 | 东 南 西,https://ke-image.ljcdn.com/110000-inspection/f42204e3-ed71-46e9-add1-52f3ea00ca6c_1000.jpg!m_fill,w_280,h_210,f_jpg?from=ke.com
20230502,海淀,马连洼,101115936048,百旺高挑高  诚心出售 随时看房 欢迎咨询,1275万,91879元/平,顶层 (共4层) 3室2厅 | 138.77平米 | 南 北,https://ke-image.ljcdn.com/110000-inspection/44a49584-74fa-423e-9faa-5edd1290798b_1000.jpg!m_fill,w_280,h_210,f_jpg?from=ke.com
20230502,海淀,马连洼,101115924085,天秀花园古月园观湖4居业主诚意出售有钥匙,1800万,91964元/平,中楼层 (共7层) 4室1厅 | 195.73平米 | 南 西 北,https://ke-image.ljcdn.com/110000-inspection/pc1_aVExk6WOm.jpg!m_fill,w_280,h_210,f_jpg?from=ke.com
20230502,海淀,马连洼,101115903757,菊园 2室1厅 南 北,530万,81102元/平,底层 (共6层) | 1994年建 | 2室1厅 | 65.35平米 | 南 北,https://ke-image.ljcdn.com/110000-inspection/pc1_xOL4T2JUk.jpg!m_fill,w_280,h_210,f_jpg?from=ke.com
20230502,海淀,马连洼,101115901874,马连洼梅园 南北通透 户型方正两居室,538万,89847元/平,高楼层 (共6层) | 1995年建 | 2室1厅 | 59.88平米 | 南 北,https://ke-image.ljcdn.com/110000-inspection/7247fbb4-3c3e-4ee2-a349-2667da5f27ce_1000.jpg!m_fill,w_280,h_210,f_jpg?from=ke.com
20230502,海淀,马连洼,101115891885,农业大学家属院 总价合适 南向,388万,106888元/平,中楼层 (共4层) | 1950年建 | 1室1厅 | 36.3平米 | 南,https://ke-image.ljcdn.com/110000-inspection/pc1_6J2ZFCOt9.jpg!m_fill,w_280,h_210,f_jpg?from=ke.com
20230502,海淀,马连洼,101115832787,本房是满五年东西朝向中间楼层简装诚意出售,640万,80625元/平,中楼层 (共6层) | 1994年建 | 3室1厅 | 79.38平米 | 东 西,https://ke-image.ljcdn.com/110000-inspection/37884da5-ddd5-435a-94d0-c8ff0401bbc4_1000.jpg!m_fill,w_280,h_210,f_jpg?from=ke.com
20230502,海淀,马连洼,101115739705,菊园成本价购买房屋首付300万有钥匙随时可看,745万,91817元/平,底层 (共6层) | 1995年建 | 3室1厅 | 81.14平米 | 南 北,https://ke-image.ljcdn.com/110000-inspection/a0470028-1296-459d-a173-d0e01df17d71_1000.jpg!m_fill,w_280,h_210,f_jpg?from=ke.com
20230502,海淀,马连洼,101115736437,菊园 三居 四面采光 通透性好 满五年公.房 看房方便,800万,91106元/平,顶层 (共4层) | 1995年建 | 3室1厅 | 87.81平米 | 东 南 西 北,https://ke-image.ljcdn.com/110000-inspection/7eaff18c-7d35-4f2f-a92f-c312e884eefd_1000.jpg!m_fill,w_280,h_210,f_jpg?from=ke.com
20230502,海淀,马连洼,101115595126,满五年商品房户型方正格局好看房方便。,750万,82021元/平,顶层 (共6层) | 1995年建 | 3室1厅 | 91.44平米 | 南 北,https://ke-image.ljcdn.com/110000-inspection/pc1_uIVZ8LxhV_1.jpg!m_fill,w_280,h_210,f_jpg?from=ke.com
20230502,海淀,马连洼,101115593781,百旺家苑 电梯2居室 价格低 南北向 有平台,920万,94709元/平,低楼层 (共9层) | 2003年建 | 2室1厅 | 97.14平米 | 南 北,https://ke-image.ljcdn.com/110000-inspection/pc1_CR4ynpdRE.jpg!m_fill,w_280,h_210,f_jpg?from=ke.com
20230502,海淀,马连洼,101115566747,马连洼菊园精装修南北通透两居室,520万,83200元/平,顶层 (共6层) | 1994年建 | 2室1厅 | 62.5平米 | 南 北,https://ke-image.ljcdn.com/110000-inspection/d1dfcb10-ceb6-40ef-8242-cdfe30cbac8a_1000.jpg!m_fill,w_280,h_210,f_jpg?from=ke.com
20230502,海淀,马连洼,101115511524,马连洼菊园南北通透四居室采光好房主自荐,810万,82907元/平,中楼层 (共6层) | 1994年建 | 4室1厅 | 97.7平米 | 南 北,https://ke-image.ljcdn.com/110000-inspection/028db0ee-303a-48a0-9512-feb61aa3abf2_1000.jpg!m_fill,w_280,h_210,f_jpg?from=ke.com
20230502,海淀,马连洼,101115377688,厢黄旗七彩华园带电梯两居室。,1020万,91325元/平,中楼层 (共7层) | 2005年建 | 2室1厅 | 111.69平米 | 南,https://ke-image.ljcdn.com/110000-inspection/pc1_8RmnZG0kp.jpg!m_fill,w_280,h_210,f_jpg?from=ke.com
20230502,海淀,马连洼,101115251745,满五年唯一带电梯2018年精装修拎包入住,1410万,99380元/平,中楼层 (共7层) 3室2厅 | 141.88平米 | 南 北,https://ke-image.ljcdn.com/110000-inspection/455c9b42-9b4d-4663-9754-1df438b7655c_1000.jpg!m_fill,w_280,h_210,f_jpg?from=ke.com
20230502,海淀,马连洼,101115158372,圆明园花园 精装三居室 采光好,1070万,87763元/平,高楼层 (共6层) | 2000年建 | 3室1厅 | 121.92平米 | 南 北,https://ke-image.ljcdn.com/110000-inspection/af6bf0de-a9ab-481b-8766-2993b9652a2d_1000.jpg!m_fill,w_280,h_210,f_jpg?from=ke.com
20230502,海淀,马连洼,101115037633,天秀花园荷塘月舍 随时可看 优质两居房主自荐,890万,96217元/平,顶层 (共6层) | 2004年建 | 2室1厅 | 92.5平米 | 南 北,https://ke-image.ljcdn.com/110000-inspection/fa229953-21e7-4aee-8704-bbd9210cfa0a_1000.jpg!m_fill,w_280,h_210,f_jpg?from=ke.com
20230502,海淀,马连洼,101114978061,马连洼兰园高楼层大三居 视野好看房方便,602万,61935元/平,顶层 (共6层) 3室1厅 | 97.2平米 | 东 西 北,https://ke-image.ljcdn.com/110000-inspection/pc1_nCQc8igvq_1.jpg!m_fill,w_280,h_210,f_jpg?from=ke.com
20230502,海淀,马连洼,101114972488,马连洼兰园 精装修 两居室 采光好,502万,68552元/平,顶层 (共6层) | 1997年建 | 2室1厅 | 73.23平米 | 东 西,https://ke-image.ljcdn.com/110000-inspection/pc1_9WaMagceE.jpg!m_fill,w_280,h_210,f_jpg?from=ke.com
20230502,海淀,马连洼,101114895896,海淀区  马连洼 菊园  精装 四居室房主自荐,835万,86012元/平,低楼层 (共6层) | 1995年建 | 4室1厅 | 97.08平米 | 东 南 北,https://ke-image.ljcdn.com/110000-inspection/960b941f-55f5-4d37-af86-fb8c903bf1d0_1000.jpg!m_fill,w_280,h_210,f_jpg?from=ke.com
20230502,海淀,马连洼,101114883930,梅园甲 2室1厅 东 西,900万,113522元/平,底层 (共6层) 2室1厅 | 79.28平米 | 东 西,https://ke-image.ljcdn.com/110000-inspection/3da32ff6-b9a7-43dc-9789-fec8ead7fc0b_1000.jpg!m_fill,w_280,h_210,f_jpg?from=ke.com
20230502,海淀,马连洼,101114871850,梅园甲中间楼层 精装修 拎包入住 随时看房,605万,80282元/平,低楼层 (共6层) | 2002年建 | 2室1厅 | 75.36平米 | 东 西,https://ke-image.ljcdn.com/110000-inspection/pc1_ZHzXBSyHd_1.jpg!m_fill,w_280,h_210,f_jpg?from=ke.com
20230502,海淀,马连洼,101114665523,梅园 3室1厅 东 南 北房主自荐,756万,88733元/平,顶层 (共6层) 3室1厅 | 85.2平米 | 东 南 北,https://ke-image.ljcdn.com/110000-inspection/pc1_2P59H7TRu.jpg!m_fill,w_280,h_210,f_jpg?from=ke.com
20230502,海淀,马连洼,101114621196,百旺家苑带电梯精装三居 楼层高 视野好,1838万,111374元/平,高楼层 (共9层) | 2003年建 | 3室2厅 | 165.03平米 | 南 北,https://ke-image.ljcdn.com/110000-inspection/db04fc0b-4eda-43a9-a1a1-3ba390047df9_1000.jpg!m_fill,w_280,h_210,f_jpg?from=ke.com
20230502,海淀,马连洼,101114502811,菊园三层不临街自住单位房满五年是唯一住宅房主自荐,585万,93600元/平,中楼层 (共6层) | 1994年建 | 2室1厅 | 62.5平米 | 南 北,https://ke-image.ljcdn.com/110000-inspection/49624cf8-cd0b-4b26-a22c-d03d797816c7_1000.jpg!m_fill,w_280,h_210,f_jpg?from=ke.com
20230502,海淀,马连洼,101114472039,2000年社区 次顶层 客厅落地窗 近地铁,720万,78372元/平,高楼层 (共6层) | 2001年建 | 2室1厅 | 91.87平米 | 东 西,https://ke-image.ljcdn.com/110000-inspection/25950fef-ee4b-4702-b58f-030f631be29e_1000.jpg!m_fill,w_280,h_210,f_jpg?from=ke.com
20230502,海淀,马连洼,101114439063,水利局小区 3室2厅 南 北,915万,85275元/平,顶层 (共6层) 3室2厅 | 107.3平米 | 南 北,https://ke-image.ljcdn.com/110000-inspection/316e7672-d126-4cd6-a89d-3b5d06f4152d_1000.jpg!m_fill,w_280,h_210,f_jpg?from=ke.com
20230502,海淀,马连洼,101114410989,新梅园 低层三居 户型方正 成本价房 满二年,850万,84729元/平,低楼层 (共6层) | 2000年建 | 3室1厅 | 100.32平米 | 东 西 北,https://ke-image.ljcdn.com/110000-inspection/pc1_skeUZb2kQ.jpg!m_fill,w_280,h_210,f_jpg?from=ke.com
20230502,海淀,马连洼,101114060532,裕隆新村三居室业主诚意出售顶层复式看房方便,835万,100096元/平,顶层 (共6层) | 2009年建 | 3室1厅 | 83.42平米 | 南 北,https://ke-image.ljcdn.com/110000-inspection/45a93beb-61e4-44d3-ac12-f6ea17e01be0_1000.jpg!m_fill,w_280,h_210,f_jpg?from=ke.com
20230502,海淀,马连洼,101113944603,梅园 2室1厅 南,560万,96719元/平,低楼层 (共6层) 2室1厅 | 57.9平米 | 南,https://ke-image.ljcdn.com/110000-inspection/pc1_fqBrFOC2Y_1.jpg!m_fill,w_280,h_210,f_jpg?from=ke.com
20230502,海淀,马连洼,101113560285,马连洼梅园电梯两居室不临街不把边次顶层。,540万,90181元/平,高楼层 (共6层) | 1995年建 | 2室1厅 | 59.88平米 | 南 北,https://ke-image.ljcdn.com/110000-inspection/pc1_dId8BkSGt.jpg!m_fill,w_280,h_210,f_jpg?from=ke.com
20230502,海淀,马连洼,101113030656,房子南北通透格局中间楼层带电梯视野宽阔,775万,101988元/平,中楼层 (共6层) 3室1厅 | 75.99平米 | 南 北,https://ke-image.ljcdn.com/110000-inspection/8bc6fa76-ee39-4a0e-b3e7-b90203a0042e_1000.jpg!m_fill,w_280,h_210,f_jpg?from=ke.com
20230502,海淀,马连洼,101112169908,花园别墅 四居两卫 中间楼层 南北通透 中间位置,1250万,89484元/平,中楼层 (共6层) | 2000年建 | 4室1厅 | 139.69平米 | 南 北,https://ke-image.ljcdn.com/110000-inspection/test-c50272d1-60c8-4298-b5da-8c6a89b3599c.png!m_fill,w_280,h_210,f_jpg?from=ke.com
20230502,海淀,马连洼,101111833593,精装修两居 户型方正 拎包入住,560万,96719元/平,底层 (共6层) 2室1厅 | 57.9平米 | 南,https://ke-image.ljcdn.com/110000-inspection/pc1_MYsYlqCtL_2.jpg!m_fill,w_280,h_210,f_jpg?from=ke.com
20230502,海淀,马连洼,101111677525,马连洼菊园四居室 大户型满五年,800万,82052元/平,顶层 (共6层) | 1995年建 | 4室1厅 | 97.5平米 | 南 北 东,https://ke-image.ljcdn.com/110000-inspection/pc1_M8lTkWGhx_1.jpg!m_fill,w_280,h_210,f_jpg?from=ke.com
20230502,海淀,马连洼,101119074933,万科西山庭院 人车分流 精装三居 有钥匙 随时看房新上,1430万,108023元/平,顶层 (共4层) 3室2厅 | 132.38平米 | 南 北,https://ke-image.ljcdn.com/110000-inspection/bda0f479-7410-4f2f-8db0-9af4688316e1_1000.jpg!m_fill,w_280,h_210,f_jpg?from=ke.com
20230502,海淀,马连洼,101119064173,天秀花园荷塘月舍 满五年电梯三居室新上,1380万,99834元/平,中楼层 (共7层) 3室2厅 | 138.23平米 | 南 北,https://ke-image.ljcdn.com/110000-inspection/e1bc4178-e4ea-42ac-88ec-8a5199657904_1000.jpg!m_fill,w_280,h_210,f_jpg?from=ke.com
20230502,海淀,马连洼,101119055927,天秀花园安和园 2室1厅 东 西新上,735万,87345元/平,底层 (共6层) 2室1厅 | 84.15平米 | 东 西,https://ke-image.ljcdn.com/110000-inspection/c43844a9-988c-487d-add1-20e9cd108685_1000.jpg!m_fill,w_280,h_210,f_jpg?from=ke.com
20230502,海淀,马连洼,101119055125,裕隆新村 低楼层 精装修 满五年商品房 看房方便新上,580万,98909元/平,底层 (共6层) | 2009年建 | 1室1厅 | 58.64平米 | 东,https://ke-image.ljcdn.com/110000-inspection/pc1_AS73Swsed_1.jpg!m_fill,w_280,h_210,f_jpg?from=ke.com
20230502,海淀,马连洼,101119032585,天秀花园古月园 精装不临街 可当三居新上,1320万,101711元/平,底层 (共7层) | 2003年建 | 2室2厅 | 129.78平米 | 南 北,https://ke-image.ljcdn.com/110000-inspection/ca3de857-5bf1-4983-9fb2-0140300dd193_1000.jpg!m_fill,w_280,h_210,f_jpg?from=ke.com
20230502,海淀,马连洼,101119019093,天秀花园安和园 3室1厅 东 南 北新上,928万,98212元/平,底层 (共6层) 3室1厅 | 94.49平米 | 东 南 北,https://ke-image.ljcdn.com/110000-inspection/pc1_sytmdVGa1_1.jpg!m_fill,w_280,h_210,f_jpg?from=ke.com
20230502,海淀,马连洼,101118993045,中间位置 户型方正 南北通透 满五年 低楼层出行便利新上,1160万,92101元/平,底层 (共5层) 3室2厅 | 125.95平米 | 南 北,https://ke-image.ljcdn.com/110000-inspection/cf03e5d7-1a2b-400c-9d29-1f98fab82879_1000.jpg!m_fill,w_280,h_210,f_jpg?from=ke.com
20230502,海淀,马连洼,101118945853,百旺家苑 浅水湾  独门独院双拼别墅 看房方便,4100万,140349元/平,底层 (共3层) 7室2厅 | 292.13平米 | 南 西 北,https://ke-image.ljcdn.com/110000-inspection/pc1_2iQ8WQzeU.jpg!m_fill,w_280,h_210,f_jpg?from=ke.com
20230502,海淀,马连洼,101118945852,双拼别墅私家车库位置很好可根据喜好规划设计,3980万,136241元/平,底层 (共3层) 7室2厅 | 292.13平米 | 东 南 北,https://ke-image.ljcdn.com/110000-inspection/59fcd818-e982-4360-8fe7-a66eb4474d91_1000.jpg!m_fill,w_280,h_210,f_jpg?from=ke.com
20230502,海淀,马连洼,101118920404,新上 西山观景户型 百旺家苑 低楼层南北通透3居室,1360万,102859元/平,中楼层 (共5层) | 2003年建 | 3室2厅 | 132.22平米 | 南 西北,https://ke-image.ljcdn.com/110000-inspection/pc1_PtgouxutS.jpg!m_fill,w_280,h_210,f_jpg?from=ke.com
20230502,海淀,马连洼,101118913279,满五年唯一独门独院双拼别墅。看房方便,4000万,136617元/平,底层 (共3层) 7室3厅 | 292.79平米 | 南 西 北,https://ke-image.ljcdn.com/110000-inspection/6e44d5ee-8353-47e6-9ead-186bae079f6a_1000.jpg!m_fill,w_280,h_210,f_jpg?from=ke.com
20230502,海淀,马连洼,101118905177,百旺家苑三居室次顶层采光视野好,1180万,89517元/平,中楼层 (共5层) | 2003年建 | 3室2厅 | 131.82平米 | 东 南 北,https://ke-image.ljcdn.com/110000-inspection/e953d831-006c-4803-abfd-d9d9d2005c22_1000.jpg!m_fill,w_280,h_210,f_jpg?from=ke.com
20230502,海淀,马连洼,101118818746,天秀花园安和园 3室2厅 东 南 北,970万,83795元/平,高楼层 (共6层) | 2000年建 | 3室2厅 | 115.76平米 | 东 南 北,https://ke-image.ljcdn.com/110000-inspection/4d9deade-a957-4add-96b0-3b14d0dd4e7d_1000.jpg!m_fill,w_280,h_210,f_jpg?from=ke.com
20230502,海淀,马连洼,101118809912,圆明园西路3号院 低楼层南北两居室 看房方便,580万,94004元/平,底层 (共4层) 2室1厅 | 61.7平米 | 南 北,https://ke-image.ljcdn.com/110000-inspection/pc1_pnBYgVyuo.jpg!m_fill,w_280,h_210,f_jpg?from=ke.com
20230502,海淀,马连洼,101118786575,菊园本房是满五唯一业主自住装修采光好南北朝向,675万,81988元/平,顶层 (共6层) | 1995年建 | 3室1厅 | 82.33平米 | 南 西 北,https://ke-image.ljcdn.com/110000-inspection/pc1_82qmsjFb7_1.jpg!m_fill,w_280,h_210,f_jpg?from=ke.com
20230502,海淀,马连洼,101118779122,七彩华园 2室1厅 东南 北,980万,84396元/平,顶层 (共6层) | 2004年建 | 2室1厅 | 116.12平米 | 东南 北,https://ke-image.ljcdn.com/110000-inspection/a06ec84f-174c-4c3d-b988-041114dd68eb_1000.jpg!m_fill,w_280,h_210,f_jpg?from=ke.com
20230502,海淀,马连洼,101118754482,七彩华园 2室1厅 南 北,1050万,92880元/平,高楼层 (共6层) 2室1厅 | 113.05平米 | 南 北,https://ke-image.ljcdn.com/110000-inspection/48b75e58-4cde-499d-9338-53280221b2eb_1000.jpg!m_fill,w_280,h_210,f_jpg?from=ke.com
20230502,海淀,马连洼,101118739618,马连洼梅园两居满五年成本价购房5楼卫生间有窗户,599万,94435元/平,高楼层 (共6层) 2室1厅 | 63.43平米 | 南 北,https://ke-image.ljcdn.com/110000-inspection/59200720-c2fb-41d5-b3f4-e71f27d48388_1000.jpg!m_fill,w_280,h_210,f_jpg?from=ke.com
20230502,海淀,马连洼,101118733163,万科西山庭院中间位置复式近地铁600米环境好,2450万,104527元/平,顶层 (共4层) 6室3厅 | 234.39平米 | 南 北,https://ke-image.ljcdn.com/110000-inspection/pc1_9mS7XD9fF_1.jpg!m_fill,w_280,h_210,f_jpg?from=ke.com
20230502,海淀,马连洼,101118670012,水利局社区2号院中间层2000年房龄近地铁586米,676万,85462元/平,高楼层 (共6层) | 2000年建 | 2室1厅 | 79.1平米 | 南 北,https://ke-image.ljcdn.com/110000-inspection/4af66db6-e77d-4084-89a9-42cabfbb957a_1000.jpg!m_fill,w_280,h_210,f_jpg?from=ke.com
20230502,海淀,马连洼,101118654435,南北通透采光好户型方正看房方便。房主自荐,449万,90470元/平,顶层 (共6层) | 1995年建 | 1室1厅 | 49.63平米 | 南 北,https://ke-image.ljcdn.com/110000-inspection/pc1_GPmM1AbCc.jpg!m_fill,w_280,h_210,f_jpg?from=ke.com
20230502,海淀,马连洼,101118651539,400万精装华府官邸观景楼台复式五居室带车位房主自荐,3180万,119590元/平,高楼层 (共7层) 4室2厅 | 265.91平米 | 南 北,https://ke-image.ljcdn.com/110000-inspection/de3a9607-b0fd-49e1-b06e-549e31347b47_1000.jpg!m_fill,w_280,h_210,f_jpg?from=ke.com
20230502,海淀,马连洼,101118632908,博雅西园主打三居  南北通透  满五唯一,1660万,109949元/平,底层 (共7层) | 2004年建 | 3室2厅 | 150.98平米 | 南 北,https://ke-image.ljcdn.com/110000-inspection/pc1_pI5m55Y39_2.jpg!m_fill,w_280,h_210,f_jpg?from=ke.com
20230502,海淀,马连洼,101118626251,百旺家苑电梯房精装修两居诚意出售,1055万,111889元/平,高楼层 (共9层) | 2003年建 | 2室1厅 | 94.29平米 | 南 北,https://ke-image.ljcdn.com/110000-inspection/pc1_MMoIfrgyU_1.jpg!m_fill,w_280,h_210,f_jpg?from=ke.com
20230502,海淀,马连洼,101118608553,天秀花园澄秀园 满五年唯一 诚意出售,985万,92471元/平,顶层 (共6层) | 2007年建 | 3室2厅 | 106.52平米 | 南 北,https://ke-image.ljcdn.com/110000-inspection/pc1_mqw2CjOrw.jpg!m_fill,w_280,h_210,f_jpg?from=ke.com
20230502,海淀,马连洼,101118557205,菊园 2室1厅 南,585万,82768元/平,顶层 (共6层) | 1995年建 | 2室1厅 | 70.68平米 | 南,https://ke-image.ljcdn.com/110000-inspection/pc1_4ZLlyCpHE.jpg!m_fill,w_280,h_210,f_jpg?from=ke.com
20230502,海淀,马连洼,101118552505,圆明园西路3号农业大学附属中学家属楼房主自荐,580万,89369元/平,底层 (共6层) 2室1厅 | 64.9平米 | 南 北,https://ke-image.ljcdn.com/110000-inspection/pc1_pGJDZyeCs.jpg!m_fill,w_280,h_210,f_jpg?from=ke.com
20230502,海淀,马连洼,101118546240,梅园甲小区2002年建成户型方正看房随时有钥匙,680万,89052元/平,高楼层 (共6层) | 2000年建 | 2室1厅 | 76.36平米 | 东 西,https://ke-image.ljcdn.com/110000-inspection/pc1_4wnt9ipfy_1.jpg!m_fill,w_280,h_210,f_jpg?from=ke.com
20230502,海淀,马连洼,101118545515,马连洼竹园两居室南北朝向新装修精致两居,599万,94006元/平,顶层 (共5层) | 1994年建 | 2室1厅 | 63.72平米 | 南 北,https://ke-image.ljcdn.com/110000-inspection/9697f869-68c7-4c8b-8f8d-55eb839288eb_1000.jpg!m_fill,w_280,h_210,f_jpg?from=ke.com
20230502,海淀,马连洼,101118507969,竹园 3室1厅 东 西,618万,79008元/平,高楼层 (共6层) 3室1厅 | 78.22平米 | 东 西,https://ke-image.ljcdn.com/110000-inspection/76422b78-2cff-4174-ac78-13e2e7a54dad_1000.jpg!m_fill,w_280,h_210,f_jpg?from=ke.com
20230502,海淀,马连洼,101118477376,百旺 满五年唯一 电梯两居 南北通透 视野开阔,960万,101298元/平,顶层 (共9层) | 2003年建 | 2室1厅 | 94.77平米 | 南 北,https://ke-image.ljcdn.com/110000-inspection/9bab34fb-9282-4044-a8a7-409d7e1265d8_1000.jpg!m_fill,w_280,h_210,f_jpg?from=ke.com
20230502,海淀,马连洼,101118464248,西山庭院平层四居、户型方正实用、采光好观景好、诚售,1830万,104031元/平,中楼层 (共5层) | 2004年建 | 4室2厅 | 175.91平米 | 南 北,https://ke-image.ljcdn.com/110000-inspection/ed6a7475-21fb-46b0-bcd2-9bcbc0b85dbc_1000.jpg!m_fill,w_280,h_210,f_jpg?from=ke.com
20230502,海淀,马连洼,101118458863,万科西山庭院 精装复式 临小区水系 少有的户型 带车位,3200万,125955元/平,中楼层 (共5层) 5室3厅 | 254.06平米 | 南 北,https://ke-image.ljcdn.com/110000-inspection/0173577e-b475-42d8-9b4e-0f7f65ebf0c0_1000.jpg!m_fill,w_280,h_210,f_jpg?from=ke.com
20230502,海淀,马连洼,101118447473,本房成本价房屋前后无遮挡采光好楼层好有车位,835万,85431元/平,中楼层 (共6层) | 1994年建 | 4室1厅 | 97.74平米 | 东 南 北,https://ke-image.ljcdn.com/110000-inspection/pc1_Wm9tz9sMq.jpg!m_fill,w_280,h_210,f_jpg?from=ke.com
20230502,海淀,马连洼,101118389249,马连洼低楼层两居室业主诚意出售,576万,91010元/平,底层 (共6层) | 1995年建 | 2室1厅 | 63.29平米 | 南 北,https://ke-image.ljcdn.com/110000-inspection/b00b9a33-e8cb-4f7d-9797-2f7c30884c70_1000.jpg!m_fill,w_280,h_210,f_jpg?from=ke.com
20230502,海淀,马连洼,101118349747,农业大学家属院把边的户型中间楼层采光好视野好,580万,90203元/平,中楼层 (共5层) 2室1厅 | 64.3平米 | 南 北,https://ke-image.ljcdn.com/110000-inspection/c69c6a3d-bf56-4823-a026-ef05f801eb4b_1000.jpg!m_fill,w_280,h_210,f_jpg?from=ke.com
20230502,海淀,马连洼,101118344922,此房源满五年唯一南北通透视野开阔采光充足,512万,81920元/平,顶层 (共6层) | 1994年建 | 2室1厅 | 62.5平米 | 南 北,https://ke-image.ljcdn.com/110000-inspection/pc1_WNiCxElGf.jpg!m_fill,w_280,h_210,f_jpg?from=ke.com
20230502,海淀,马连洼,101118306087,16号线地铁口 梅园甲 精装2居室 看房随时 满五唯一,702万,76413元/平,中楼层 (共6层) | 2000年建 | 2室1厅 | 91.87平米 | 东 西,https://ke-image.ljcdn.com/110000-inspection/pc1_tv5Q7NKjC.jpg!m_fill,w_280,h_210,f_jpg?from=ke.com
20230502,海淀,马连洼,101118291253,裕禧隆园南北通透前看公园后看山视野好采光足,800万,87023元/平,高楼层 (共6层) | 2009年建 | 2室2厅 | 91.93平米 | 南 北,https://ke-image.ljcdn.com/110000-inspection/ad62b85f-e457-4ed1-a8c0-70694a5945d0_1000.jpg!m_fill,w_280,h_210,f_jpg?from=ke.com
20230502,海淀,马连洼,101118236510,天秀花园荷塘月舍 5室3厅 南 北,1890万,79663元/平,中楼层 (共5层) 5室3厅 | 237.25平米 | 南 北,https://ke-image.ljcdn.com/110000-inspection/pc1_uI73BsddZ.jpg!m_fill,w_280,h_210,f_jpg?from=ke.com
20230502,海淀,马连洼,101118217542,此房满两年卧室两南两北业主自住看房方便,759万,77687元/平,顶层 (共6层) | 1994年建 | 4室1厅 | 97.7平米 | 南 北,https://ke-image.ljcdn.com/110000-inspection/pc1_EP46aIE7m_1.jpg!m_fill,w_280,h_210,f_jpg?from=ke.com
20230502,海淀,马连洼,101118193034,天秀花园电梯三居室  南北通透 诚意出售 交通便利,950万,87333元/平,顶层 (共6层) | 2003年建 | 3室1厅 | 108.78平米 | 南 北,https://ke-image.ljcdn.com/110000-inspection/1f4858a8-76c7-4214-8abf-ca6d3baf7703_1000.jpg!m_fill,w_280,h_210,f_jpg?from=ke.com
20230502,海淀,马连洼,101118188714,满五年商品房 视野好 顶层复式,825万,91090元/平,顶层 (共6层) | 2010年建 | 5室2厅 | 90.57平米 | 东 西,https://ke-image.ljcdn.com/110000-inspection/be9a9307-ff9e-4cdc-a79d-46ec9ec86b2f_1000.jpg!m_fill,w_280,h_210,f_jpg?from=ke.com
20230502,海淀,马连洼,101118138839,户型方正大复式满五唯一不临街,2100万,94467元/平,高楼层 (共7层) 4室3厅 | 222.3平米 | 南 北,https://ke-image.ljcdn.com/110000-inspection/pc1_I0nqaVqod.jpg!m_fill,w_280,h_210,f_jpg?from=ke.com
20230502,海淀,马连洼,101118123496,丰泽盈和 农科社区 南北三居室 全明格局 中间楼层,899万,92130元/平,中楼层 (共6层) | 1999年建 | 3室2厅 | 97.58平米 | 南 北,https://ke-image.ljcdn.com/110000-inspection/4164298e-9864-4a1e-8a22-bb50a2a0c510_1000.jpg!m_fill,w_280,h_210,f_jpg?from=ke.com
20230502,海淀,马连洼,101118083123,菊花盛苑 1室1厅 南 北,699万,98869元/平,中楼层 (共9层) | 2002年建 | 1室1厅 | 70.7平米 | 南 北,https://ke-image.ljcdn.com/110000-inspection/b5533d05-e017-4a31-8622-299bb634dc93_1000.jpg!m_fill,w_280,h_210,f_jpg?from=ke.com
20230502,海淀,马连洼,101118067752,菊园 2室2厅 南,570万,80646元/平,顶层 (共6层) | 1995年建 | 2室2厅 | 70.68平米 | 南,https://ke-image.ljcdn.com/110000-inspection/38639ae9-c052-449d-8145-ec10fd5a6621_1000.jpg!m_fill,w_280,h_210,f_jpg?from=ke.com
20230502,海淀,马连洼,101118040763,新梅园 近地铁 2000年社区 低楼层 南北通透 采光好,800万,92135元/平,低楼层 (共6层) | 2001年建 | 3室1厅 | 86.83平米 | 南 北,https://ke-image.ljcdn.com/110000-inspection/pc1_Lr2Q9Liiw.jpg!m_fill,w_280,h_210,f_jpg?from=ke.com
20230502,海淀,马连洼,101118032535,天秀花园安和园大2居全明格局业主诚意出售有钥匙房主自荐,735万,85855元/平,高楼层 (共6层) 2室2厅 | 85.61平米 | 南 北,https://ke-image.ljcdn.com/110000-inspection/pc1_58wRyr85w.jpg!m_fill,w_280,h_210,f_jpg?from=ke.com
20230502,海淀,马连洼,101118019857,裕祺隆园 南北向2居室 满五年唯一 诚意出售,1075万,114961元/平,底层 (共3层) 2室1厅 | 93.51平米 | 南 北,https://ke-image.ljcdn.com/110000-inspection/797e8a04-f915-4719-98c3-1df3283bf0ca_1000.jpg!m_fill,w_280,h_210,f_jpg?from=ke.com
20230502,海淀,马连洼,101118012458,安河桥北裕祺隆园 复式两居使用率高满五唯一,850万,93851元/平,顶层 (共6层) 2室3厅 | 90.57平米 | 东 西,https://ke-image.ljcdn.com/110000-inspection/eb6b4e67-53d6-4823-97f5-2b8675ceabc3_1000.jpg!m_fill,w_280,h_210,f_jpg?from=ke.com
20230502,海淀,马连洼,101118006554,房子满五唯一东南西北四面采光1层小区中间位置,1150万,91692元/平,底层 (共6层) 3室1厅 | 125.42平米 | 南 北,https://ke-image.ljcdn.com/110000-inspection/pc1_rEXA8wZ1i.jpg!m_fill,w_280,h_210,f_jpg?from=ke.com
20230502,海淀,马连洼,101117911162,满五年唯一精装大复式户型方正,2500万,92190元/平,高楼层 (共7层) | 2002年建 | 5室3厅 | 271.18平米 | 南 北,https://ke-image.ljcdn.com/110000-inspection/3c1a0149-c2b4-4989-b257-516962f705bd_1000.jpg!m_fill,w_280,h_210,f_jpg?from=ke.com
20230502,海淀,马连洼,101117889294,梅园甲 3室1厅 东 西,800万,79745元/平,顶层 (共6层) | 2002年建 | 3室1厅 | 100.32平米 | 东 西,https://ke-image.ljcdn.com/110000-inspection/pc1_TC5SnUe6Q_1.jpg!m_fill,w_280,h_210,f_jpg?from=ke.com
20230502,海淀,马连洼,101117887965,水利局小区 南向一居室 满五年 中间层 稳定签约,420万,100239元/平,中楼层 (共5层) 1室1厅 | 41.9平米 | 南,https://ke-image.ljcdn.com/110000-inspection/c347a7ff-e38d-4c1a-9dfa-d119c59a9890_1000.jpg!m_fill,w_280,h_210,f_jpg?from=ke.com
20230502,海淀,马连洼,101117879414,圆明园西路2号院 2室1厅 南 北,600万,99834元/平,顶层 (共6层) 2室1厅 | 60.1平米 | 南 北,https://ke-image.ljcdn.com/110000-inspection/25813863-fe5b-423d-8e08-6514335f5453_1000.jpg!m_fill,w_280,h_210,f_jpg?from=ke.com
20230502,海淀,马连洼,101117843990,百旺家苑观景复式精装修拎包入住满五年唯一,2108万,99873元/平,中楼层 (共5层) | 2003年建 | 7室3厅 | 211.07平米 | 南 北 西,https://ke-image.ljcdn.com/110000-inspection/4cab5849-1d83-4788-a976-82d562f554cf_1000.jpg!m_fill,w_280,h_210,f_jpg?from=ke.com
20230502,海淀,马连洼,101117843729,天秀花园安和园南北通透两居室精装修。,640万,90091元/平,顶层 (共6层) | 2000年建 | 2室1厅 | 71.04平米 | 北 南,https://ke-image.ljcdn.com/110000-inspection/658a6b0a-9233-42b2-a266-9fbfd8e5d794_1000.jpg!m_fill,w_280,h_210,f_jpg?from=ke.com
20230502,海淀,马连洼,101117751774,水利社区 南北通透 费用少 2层 适合刚需 年轻人需要,529万,85186元/平,中楼层 (共5层) 2室1厅 | 62.1平米 | 南 北,https://ke-image.ljcdn.com/110000-inspection/pc1_OeXfrPRuH.jpg!m_fill,w_280,h_210,f_jpg?from=ke.com
20230502,海淀,马连洼,101117727030,菊园本房是满五唯一业主自住装修采光好诚意出售,720万,84756元/平,高楼层 (共6层) | 1995年建 | 3室1厅 | 84.95平米 | 南 北,https://ke-image.ljcdn.com/110000-inspection/6faf504d-34ae-4c4f-9516-f21377215704_1000.jpg!m_fill,w_280,h_210,f_jpg?from=ke.com
20230502,海淀,马连洼,101117626933,圆明园花园别墅 4室1厅 南 北,1700万,88792元/平,顶层 (共6层) 4室1厅 | 191.46平米 | 南 北,https://ke-image.ljcdn.com/110000-inspection/pc1_VH0AWpzlM.jpg!m_fill,w_280,h_210,f_jpg?from=ke.com
20230502,海淀,马连洼,101117622228,天秀花园澄秀园 3室1厅 南 北,848万,95153元/平,顶层 (共6层) | 2007年建 | 3室1厅 | 89.12平米 | 南 北,https://ke-image.ljcdn.com/110000-inspection/pc1_pdwgxobwS_2.jpg!m_fill,w_280,h_210,f_jpg?from=ke.com
20230502,海淀,马连洼,101117617768,天秀花园荷塘月舍 200平复式 诚意出售,1680万,79149元/平,高楼层 (共6层) 5室3厅 | 212.26平米 | 南 北,https://ke-image.ljcdn.com/110000-inspection/pc1_5zHCzTX7q.jpg!m_fill,w_280,h_210,f_jpg?from=ke.com
20230502,海淀,马连洼,101117292532,新梅园 婚房三居 满五唯一商品房 采光充足 交通便利,835万,83234元/平,中楼层 (共6层) | 2002年建 | 3室2厅 | 100.32平米 | 东 西 北,https://ke-image.ljcdn.com/110000-inspection/faac75a7-0cf2-4647-aea2-7303ac2da0ea_1000.jpg!m_fill,w_280,h_210,f_jpg?from=ke.com
20230502,海淀,马连洼,101117225546,满五唯一房本满5年中间楼层精装修业主诚售。房主自荐,888万,85270元/平,中楼层 (共6层) | 2000年建 | 2室2厅 | 104.14平米 | 南 西,https://ke-image.ljcdn.com/110000-inspection/pc1_aVmqFIBRV.jpg!m_fill,w_280,h_210,f_jpg?from=ke.com
20230502,海淀,马连洼,101117056502,西山华府禧园  精装修三居室 上下两层结构,1900万,134020元/平,底层 (共8层) 3室2厅 | 141.77平米 | 南,https://ke-image.ljcdn.com/110000-inspection/pc1_fA5ninGXo.jpg!m_fill,w_280,h_210,f_jpg?from=ke.com
20230502,海淀,马连洼,101117029002,百旺家苑  公园社区  满五唯一  南北通透  精装修,1250万,108423元/平,顶层 (共5层) | 2003年建 | 4室2厅 | 115.29平米 | 南 北,https://ke-image.ljcdn.com/110000-inspection/e597e0c1-2032-4d9d-afc0-db3d6309fa20_1000.jpg!m_fill,w_280,h_210,f_jpg?from=ke.com
20230502,海淀,马连洼,101116929986,西山脚下 公园社区 花园洋房 户型方正,1480万,105181元/平,底层 (共5层) | 2003年建 | 3室2厅 | 140.71平米 | 南 北,https://ke-image.ljcdn.com/110000-inspection/pc1_uB06l05pq_1.jpg!m_fill,w_280,h_210,f_jpg?from=ke.com
20230502,海淀,马连洼,101116894189,花园别墅 南北通透 满五唯一  采光好  无遮挡,1310万,90526元/平,顶层 (共4层) | 2001年建 | 3室2厅 | 144.71平米 | 南 北,https://ke-image.ljcdn.com/110000-inspection/pc1_P0tJxSIH9.jpg!m_fill,w_280,h_210,f_jpg?from=ke.com
20230502,海淀,马连洼,101116852276,房子业主诚意出售没有遮挡视野开阔。,582万,99250元/平,高楼层 (共6层) | 2009年建 | 1室1厅 | 58.64平米 | 东,https://ke-image.ljcdn.com/110000-inspection/pc1_E0mTrrJZL_1.jpg!m_fill,w_280,h_210,f_jpg?from=ke.com
20230502,海淀,马连洼,101116681192,西山华府禧园 3室2厅 南 北,2500万,100273元/平,中楼层 (共6层) 3室2厅 | 249.32平米 | 南 北,https://ke-image.ljcdn.com/110000-inspection/pc1_w1OYRQJHR.jpg!m_fill,w_280,h_210,f_jpg?from=ke.com
20230502,海淀,马连洼,101116624187,观昆玉河视野开阔不临街业主诚意出售房主自荐,810万,96856元/平,顶层 (共6层) | 2009年建 | 2室2厅 | 83.63平米 | 南 北,https://ke-image.ljcdn.com/110000-inspection/dcd4af10-5022-4618-944b-779e18a13e80_1000.jpg!m_fill,w_280,h_210,f_jpg?from=ke.com
20230502,海淀,马连洼,101116498494,万科西山庭院 3室2厅 南 北,2100万,114755元/平,底层 (共5层) | 2004年建 | 3室2厅 | 183平米 | 南 北,https://ke-image.ljcdn.com/110000-inspection/pc1_TE7w0ecVx.jpg!m_fill,w_280,h_210,f_jpg?from=ke.com
20230502,海淀,马连洼,101116471350,全明格局 使用面积190㎡ 看房 北大社区精装修,1350万,122851元/平,高楼层 (共6层) | 2003年建 | 2室2厅 | 109.89平米 | 南 北,https://ke-image.ljcdn.com/110000-inspection/a9c78966-e365-436b-8b77-00978738bca5_1000.jpg!m_fill,w_280,h_210,f_jpg?from=ke.com
20230502,海淀,马连洼,101116117657,七彩华园精装修拎包入住大复式无浪费面积,1116.9万,100000元/平,中楼层 (共5层) | 2005年建 | 2室1厅 | 111.69平米 | 南,https://ke-image.ljcdn.com/110000-inspection/c1af3053-c37d-47bc-90f6-feb907520995_1000.jpg!m_fill,w_280,h_210,f_jpg?from=ke.com
20230502,海淀,马连洼,101116080139,圆明园花园别墅 上下两层 带电梯 电梯直达车库,1980万,78432元/平,顶层 (共5层) | 2001年建 | 5室2厅 | 252.45平米 | 南 北,https://ke-image.ljcdn.com/110000-inspection/f4799c22-24d0-4354-abc1-aeec54e14c4e_1000.jpg!m_fill,w_280,h_210,f_jpg?from=ke.com
20230502,海淀,马连洼,101115874902,精装修三居室 中间楼层 满五年唯一,1180万,92066元/平,低楼层 (共6层) | 2000年建 | 3室2厅 | 128.17平米 | 南 北,https://ke-image.ljcdn.com/110000-inspection/pc1_XjQdLiGnX_1.jpg!m_fill,w_280,h_210,f_jpg?from=ke.com
20230502,海淀,马连洼,101115866696,华府官邸精装四居一梯一户33.7平米超大南向阳台房主自荐,2920万,100306元/平,中楼层 (共5层) | 2010年建 | 4室1厅 | 291.11平米 | 南 北 西,https://ke-image.ljcdn.com/110000-inspection/pc1_FJCJyBilj_1.jpg!m_fill,w_280,h_210,f_jpg?from=ke.com
20230502,海淀,马连洼,101115611042,精装修南北通透视野好无遮挡诚意卖房,525万,81586元/平,顶层 (共6层) | 1995年建 | 2室1厅 | 64.35平米 | 南 北,https://ke-image.ljcdn.com/110000-inspection/pc1_mAoOzCz7V_1.jpg!m_fill,w_280,h_210,f_jpg?from=ke.com
20230502,海淀,马连洼,101115175764,裕祺隆园 顶层复式 诚意出售 上下两层 使用面积大,833万,90593元/平,顶层 (共6层) 5室2厅 | 91.95平米 | 东 西,https://ke-image.ljcdn.com/110000-inspection/pc1_QLyTlZBjn.jpg!m_fill,w_280,h_210,f_jpg?from=ke.com
20230502,海淀,马连洼,101113472986,百旺家苑西区南北通透精装修满五年唯一,1100万,95511元/平,顶层 (共5层) | 2003年建 | 3室1厅 | 115.17平米 | 南 北,https://ke-image.ljcdn.com/110000-inspection/pc1_M6J34865A_1.jpg!m_fill,w_280,h_210,f_jpg?from=ke.com
20230502,海淀,马连洼,101111662672,裕隆新村大三居带电梯业主诚意出售,1300万,102218元/平,顶层 (共6层) | 2009年建 | 3室1厅 | 127.18平米 | 南 北,https://ke-image.ljcdn.com/110000-inspection/pc1_UmfaMHmmT_1.jpg!m_fill,w_280,h_210,f_jpg?from=ke.com
20230502,海淀,马连洼,101119030598,中央党校家属院电梯高层眼镜户型诚意出售新上,1750万,139110元/平,顶层 (共6层) 4室2厅 | 125.8平米 | 南 北,https://s1.ljcdn.com/pegasus/redskull/images/common/default_house_list.png?_v=20230424175303437
20230502,海淀,马连洼,101118892980,菊园 2室1厅 南 北,510万,87509元/平,高楼层 (共6层) 2室1厅 | 58.28平米 | 南 北,https://s1.ljcdn.com/pegasus/redskull/images/common/default_house_list.png?_v=20230424175303437
20230502,海淀,马连洼,101118890449,圆明园西路2号南区成本价住宅 诚心出售,505万,92831元/平,低楼层 (共6层) 2室1厅 | 54.4平米 | 南,https://s1.ljcdn.com/pegasus/redskull/images/common/default_house_list.png?_v=20230424175303437
20230502,海淀,马连洼,101118812110,满五年唯一商品房 不临街业主诚意出售,1450万,105593元/平,低楼层 (共7层) | 2003年建 | 3室1厅 | 137.32平米 | 南 北,https://s1.ljcdn.com/pegasus/redskull/images/common/default_house_list.png?_v=20230424175303437
20230502,海淀,马连洼,101118524210,天秀花园安和园大2居南北通透5层房子不临街,725万,92759元/平,高楼层 (共6层) | 2000年建 | 2室2厅 | 78.16平米 | 南 北,https://s1.ljcdn.com/pegasus/redskull/images/common/default_house_list.png?_v=20230424175303437
20230502,海淀,马连洼,101118395392,西山华府禧园 1室0厅 南,465万,120280元/平,底层 (共6层) | 2008年建 | 1室0厅 | 38.66平米 | 南,https://s1.ljcdn.com/pegasus/redskull/images/common/default_house_list.png?_v=20230424175303437
20230502,海淀,马连洼,101118348424,西山华府优质两居 低楼层 万科物业 通透视野好,1290万,135121元/平,低楼层 (共6层) 2室1厅 | 95.47平米 | 南 北,https://s1.ljcdn.com/pegasus/redskull/images/common/default_house_list.png?_v=20230424175303437
20230502,海淀,马连洼,101118224095,西山华府 南座望海阁 四居 中间楼层 精装修,3360万,125505元/平,中楼层 (共7层) | 2009年建 | 4室2厅 | 267.72平米 | 南 北,https://s1.ljcdn.com/pegasus/redskull/images/common/default_house_list.png?_v=20230424175303437
20230502,海淀,马连洼,101118135500,圆明园花园别墅 3室2厅 南 北,1120万,90637元/平,底层 (共6层) | 1998年建 | 3室2厅 | 123.57平米 | 南 北,https://s1.ljcdn.com/pegasus/redskull/images/common/default_house_list.png?_v=20230424175303437
20230502,海淀,马连洼,101118044348,亿城开发 万科物业 园区中间 观景大复式,2400万,95851元/平,中楼层 (共5层) | 2009年建 | 4室2厅 | 250.39平米 | 南 北,https://s1.ljcdn.com/pegasus/redskull/images/common/default_house_list.png?_v=20230424175303437
20230502,海淀,马连洼,101117876706,西山华府 精装开间 户型舒适 小区环境优美,460万,109838元/平,低楼层 (共6层) | 2008年建 | 1室0厅 | 41.88平米 | 北,https://s1.ljcdn.com/pegasus/redskull/images/common/default_house_list.png?_v=20230424175303437
20230502,海淀,马连洼,101117070761,农业大学家属院   一二层4居  南北通透  临地铁,960万,93568元/平,底层 (共2层) | 1982年建 | 4室2厅 | 102.6平米 | 南 北,https://s1.ljcdn.com/pegasus/redskull/images/common/default_house_list.png?_v=20230424175303437
20230502,海淀,马连洼,101116875748,此房带电梯南北通透格局方正满五年家庭唯一住房房主自荐,1358万,101170元/平,中楼层 (共6层) 3室1厅 | 134.23平米 | 南 北,https://s1.ljcdn.com/pegasus/redskull/images/common/default_house_list.png?_v=20230424175303437
20230502,海淀,马连洼,101116672645,天秀花园 满五唯一东南向采光好中间位置无遮挡,898万,86231元/平,高楼层 (共6层) | 2000年建 | 2室1厅 | 104.14平米 | 东南,https://s1.ljcdn.com/pegasus/redskull/images/common/default_house_list.png?_v=20230424175303437
20230502,海淀,马连洼,101115841957,七彩华园 车位,22万,15966元/平,地下室 | 2012年建 | 1室0厅 | 13.78平米 | 南,https://ke-image.ljcdn.com/110000-inspection/07328eae5486bc1a62460752e4e5f5bb-054.jpg!m_fill,w_280,h_210,f_jpg?from=ke.com
20230502,海淀,马连洼,101114405391,此房南北通透交通方便中高楼层看房方便,850万,94550元/平,高楼层 (共6层) | 2013年建 | 2室2厅 | 89.9平米 | 南 北,https://ke-image.ljcdn.com/110000-inspection/eb98019f-063e-46bf-bd50-749f2e9c9c26.jpg!m_fill,w_280,h_210,f_jpg?from=ke.com
20230502,海淀,马连洼,101109499579,裕隆新村满两年业主诚意出售不临街不把边,1220万,94986元/平,底层 (共6层) | 2011年建 | 3室2厅 | 128.44平米 | 南 北,https://ke-image.ljcdn.com/110000-inspection/737039c7-970e-48e9-8b68-85f54f5182e0.jpg!m_fill,w_280,h_210,f_jpg?from=ke.com
