20230502,亦庄开发区,亦庄,101118888670,金色漫香林四期 亦庄五环边 满五高楼层 南北两居室必看好房,499万,54944元/平,高楼层 (共8层) | 2011年建 | 2室1厅 | 90.82平米 | 南 北,https://ke-image.ljcdn.com/110000-inspection/6bc555a9-996a-4590-8818-bf9c01c59805_1000.jpg!m_fill,w_280,h_210,f_jpg?from=ke.com
20230502,亦庄开发区,亦庄,101118837777,林肯公园精装修中楼层两居室看房方便 诚意出售必看好房,760万,82269元/平,中楼层 (共17层) | 2010年建 | 2室2厅 | 92.38平米 | 南 北,https://ke-image.ljcdn.com/110000-inspection/pc1_fIpFmFKN4.jpg!m_fill,w_280,h_210,f_jpg?from=ke.com
20230502,亦庄开发区,亦庄,101118654012,金色漫香林五期 南北两居室 有电梯 近公园 户型方正必看好房,520万,57282元/平,低楼层 (共9层) | 2011年建 | 2室1厅 | 90.78平米 | 南 北,https://ke-image.ljcdn.com/110000-inspection/909d28eb-2083-4dbb-9d3c-b5659884eaaf_1000.jpg!m_fill,w_280,h_210,f_jpg?from=ke.com
20230502,亦庄开发区,亦庄,101118556528,满五年唯一 贵园优质两居楼层好精装修必看好房,490万,54037元/平,中楼层 (共6层) 2室1厅 | 90.68平米 | 南 北,https://ke-image.ljcdn.com/110000-inspection/pc1_wmW081wIx.jpg!m_fill,w_280,h_210,f_jpg?from=ke.com
20230502,亦庄开发区,亦庄,101118466230,梅园小区 中间楼层 正规南北通透两居必看好房,448万,58341元/平,中楼层 (共6层) 2室1厅 | 76.79平米 | 南 北,https://ke-image.ljcdn.com/110000-inspection/pc1_0r9RufcAX.jpg!m_fill,w_280,h_210,f_jpg?from=ke.com
20230502,亦庄开发区,亦庄,101118850466,电梯三居室南北通透带保姆间必看好房,796万,50866元/平,低楼层 (共11层) | 2000年建 | 3室2厅 | 156.49平米 | 南 北,https://ke-image.ljcdn.com/110000-inspection/pc1_MlE9QU9W6.jpg!m_fill,w_280,h_210,f_jpg?from=ke.com
20230502,亦庄开发区,亦庄,101118833988,贵园北里戊区次顶层南北通透小两居满五年,350万,59262元/平,高楼层 (共6层) | 1995年建 | 2室1厅 | 59.06平米 | 南 北,https://ke-image.ljcdn.com/110000-inspection/pc1_V7prQHBWM.jpg!m_fill,w_280,h_210,f_jpg?from=ke.com
20230502,亦庄开发区,亦庄,101118813525,梅园小区 南北通透 轻奢精装两居 满五唯一 诚意出售房主自荐,498万,62587元/平,中楼层 (共6层) 2室1厅 | 79.57平米 | 南 北,https://ke-image.ljcdn.com/110000-inspection/34e7b49c-1ba5-4c71-9283-584fc5990a31_1000.jpg!m_fill,w_280,h_210,f_jpg?from=ke.com
20230502,亦庄开发区,亦庄,101118775020,小康家园满五唯一两居室诚意出售必看好房,255万,35825元/平,顶层 (共6层) 2室1厅 | 71.18平米 | 南 北,https://ke-image.ljcdn.com/110000-inspection/eda9574b-644d-49f4-bdbd-0ec270ae5f35_1000.jpg!m_fill,w_280,h_210,f_jpg?from=ke.com
20230502,亦庄开发区,亦庄,101118685185,鹿鸣苑 中高层两居 东南向 带电梯房主自荐,548万,58548元/平,中楼层 (共15层) | 2000年建 | 2室2厅 | 93.6平米 | 东南,https://ke-image.ljcdn.com/110000-inspection/pc1_Asl0Nsa3h.jpg!m_fill,w_280,h_210,f_jpg?from=ke.com
20230502,亦庄开发区,亦庄,101118674022,金色漫香林二期电梯两居南北通透,468万,52024元/平,低楼层 (共7层) | 2010年建 | 2室1厅 | 89.96平米 | 南 北,https://ke-image.ljcdn.com/110000-inspection/306205c6-13e5-4b08-805b-e32ebdaa735f_1000.jpg!m_fill,w_280,h_210,f_jpg?from=ke.com
20230502,亦庄开发区,亦庄,101118628539,南北通透 户型方正 一梯两户 带8平米平台,949万,57404元/平,低楼层 (共9层) 3室2厅 | 165.32平米 | 南 北,https://ke-image.ljcdn.com/110000-inspection/4092664f-8090-42e4-b2e7-ae005b00e413_1000.jpg!m_fill,w_280,h_210,f_jpg?from=ke.com
20230502,亦庄开发区,亦庄,101118601725,莱茵河畔业主精装修两年未住保持好必看好房,860万,50258元/平,中楼层 (共5层) | 2003年建 | 3室2厅 | 171.12平米 | 南 北,https://ke-image.ljcdn.com/110000-inspection/pc1_k7PLd7ZKt.jpg!m_fill,w_280,h_210,f_jpg?from=ke.com
20230502,亦庄开发区,亦庄,101118563198,金色漫香林五期电梯两居室满五唯一有地下车位,535万,58876元/平,低楼层 (共9层) 2室1厅 | 90.87平米 | 南 北,https://ke-image.ljcdn.com/110000-inspection/fa5419aa-a6b9-4ce1-9fda-889c6743bf03_1000.jpg!m_fill,w_280,h_210,f_jpg?from=ke.com
20230502,亦庄开发区,亦庄,101118465961,燕景佳园满五年唯一电梯一居室视野好,398万,54335元/平,高楼层 (共17层) 1室1厅 | 73.25平米 | 东南,https://ke-image.ljcdn.com/110000-inspection/pc1_JVG5HOOHR.jpg!m_fill,w_280,h_210,f_jpg?from=ke.com
20230502,亦庄开发区,亦庄,101118454072,贵园北里甲低楼层三居满五唯一位置好！,558万,54830元/平,低楼层 (共6层) | 1995年建 | 3室1厅 | 101.77平米 | 南 北,https://ke-image.ljcdn.com/110000-inspection/33198fcf-072f-4b6c-89b7-80fde1e924ef_1000.jpg!m_fill,w_280,h_210,f_jpg?from=ke.com
20230502,亦庄开发区,亦庄,101118372311,北京经开壹中心   高楼层  有钥匙必看好房,488万,63099元/平,高楼层 (共14层) 2室1厅 | 77.34平米 | 南,https://ke-image.ljcdn.com/110000-inspection/pc1_jvcVB2aQ5.jpg!m_fill,w_280,h_210,f_jpg?from=ke.com
20230502,亦庄开发区,亦庄,101118353402,通泰国际公馆 全明格局 中间层精装修两居室必看好房,559万,62494元/平,中楼层 (共14层) 2室1厅 | 89.45平米 | 南 北,https://ke-image.ljcdn.com/110000-inspection/pc1_vWRtcvbQa.jpg!m_fill,w_280,h_210,f_jpg?from=ke.com
20230502,亦庄开发区,亦庄,101118341554,大雄春华屋 两居室 满五唯一 采光好 视野宽阔,689万,60476元/平,中楼层 (共18层) | 2003年建 | 2室2厅 | 113.93平米 | 西南,https://ke-image.ljcdn.com/110000-inspection/pc1_TEkwbtRdn.jpg!m_fill,w_280,h_210,f_jpg?from=ke.com
20230502,亦庄开发区,亦庄,101118265787,贵园南里 中间楼层 南北通透的小两居采光好,362万,60943元/平,中楼层 (共6层) 2室1厅 | 59.4平米 | 南 北,https://ke-image.ljcdn.com/110000-inspection/pc1_MEAYsLqYt.jpg!m_fill,w_280,h_210,f_jpg?from=ke.com
20230502,亦庄开发区,亦庄,101118228082,北京经开壹中心 高楼层 精装修  无遮挡 看房方便房主自荐,498万,64392元/平,中楼层 (共14层) 2室1厅 | 77.34平米 | 南,https://ke-image.ljcdn.com/110000-inspection/pc1_daauUdqG3.jpg!m_fill,w_280,h_210,f_jpg?from=ke.com
20230502,亦庄开发区,亦庄,101118180218,中高楼层 无遮挡 采光好 业主自住精装修必看好房,610万,67997元/平,中楼层 (共11层) 3室1厅 | 89.71平米 | 南 北,https://ke-image.ljcdn.com/110000-inspection/de2fe9b2-be66-4c6a-8aad-0635e9ca0ac6_1000.jpg!m_fill,w_280,h_210,f_jpg?from=ke.com
20230502,亦庄开发区,亦庄,101118175327,浉城百丽 中间楼层 南北通透  诚心出售,788万,60625元/平,中楼层 (共4层) 2室1厅 | 129.98平米 | 南 北,https://ke-image.ljcdn.com/110000-inspection/pc1_dOXuSJJTD.jpg!m_fill,w_280,h_210,f_jpg?from=ke.com
20230502,亦庄开发区,亦庄,101118172019,低楼层 南北通透两居室  业主诚心出售可随时看房 。,466万,65829元/平,底层 (共6层) | 1996年建 | 2室1厅 | 70.79平米 | 南 北,https://ke-image.ljcdn.com/110000-inspection/pc1_ryL2h9qzx.jpg!m_fill,w_280,h_210,f_jpg?from=ke.com
20230502,亦庄开发区,亦庄,101118060692,通泰国际公馆 精装修 高楼层 诚意出售 满五唯一,559万,63437元/平,中楼层 (共15层) 2室1厅 | 88.12平米 | 南 北,https://ke-image.ljcdn.com/110000-inspection/pc1_BQjhtdLl2.jpg!m_fill,w_280,h_210,f_jpg?from=ke.com
20230502,亦庄开发区,亦庄,101117854166,北京经开壹中心  高层楼  南北通透  视野好必看好房,528万,67382元/平,中楼层 (共11层) 2室1厅 | 78.36平米 | 南 北,https://ke-image.ljcdn.com/110000-inspection/pc1_7PsRbriYx.jpg!m_fill,w_280,h_210,f_jpg?from=ke.com
20230502,亦庄开发区,亦庄,101117786988,贵园南里丙满五唯一中楼层精装小两居必看好房,362万,60627元/平,中楼层 (共6层) | 2001年建 | 1室1厅 | 59.71平米 | 南 北,https://ke-image.ljcdn.com/110000-inspection/26451164-6281-4367-8fb3-10e62ef6bc16_1000.jpg!m_fill,w_280,h_210,f_jpg?from=ke.com
20230502,亦庄开发区,亦庄,101117704974,通泰国际公馆 采光好 无遮挡 业主诚意出售,352万,66091元/平,低楼层 (共14层) 1室1厅 | 53.26平米 | 南,https://ke-image.ljcdn.com/110000-inspection/pc1_7UleoXODP.jpg!m_fill,w_280,h_210,f_jpg?from=ke.com
20230502,亦庄开发区,亦庄,101117641968,卡尔生活馆 四居室 南北通透 有产权车位,999万,61656元/平,中楼层 (共10层) 4室2厅 | 162.03平米 | 南 北,https://ke-image.ljcdn.com/110000-inspection/db00ce41-7e81-437f-93e7-98908e1e8c57_1000.jpg!m_fill,w_280,h_210,f_jpg?from=ke.com
20230502,亦庄开发区,亦庄,101117577166,小康家园总价少正规南北两居满五唯一中间楼层必看好房,320万,40328元/平,中楼层 (共6层) 2室2厅 | 79.35平米 | 南 北,https://ke-image.ljcdn.com/110000-inspection/66f1049a-6134-49f3-8798-b4d9a1d8ffd0_1000.jpg!m_fill,w_280,h_210,f_jpg?from=ke.com
20230502,亦庄开发区,亦庄,101117262560,新康家园一层两居 满五唯一 全天采光 使用面积一百平,598万,77361元/平,底层 (共6层) 2室1厅 | 77.3平米 | 东 西,https://ke-image.ljcdn.com/110000-inspection/pc1_RbECRyNSU.jpg!m_fill,w_280,h_210,f_jpg?from=ke.com
20230502,亦庄开发区,亦庄,101117213193,贵园新上优质两居楼层好靠谱签约！,495万,56825元/平,低楼层 (共6层) | 1995年建 | 2室1厅 | 87.11平米 | 南 北,https://ke-image.ljcdn.com/110000-inspection/96ea4a4b-d7db-476a-b40c-68242bb9452c_1000.jpg!m_fill,w_280,h_210,f_jpg?from=ke.com
20230502,亦庄开发区,亦庄,101117207185,上海沙龙  南北通透两居室  高楼层  采光好 视野好必看好房,655万,76430元/平,高楼层 (共9层) | 2003年建 | 2室1厅 | 85.7平米 | 南 北,https://ke-image.ljcdn.com/110000-inspection/f9955885-bf2e-436f-9d2f-0df896f2512b_1000.jpg!m_fill,w_280,h_210,f_jpg?from=ke.com
20230502,亦庄开发区,亦庄,101116777185,和成璟园 业主重新装修基本没住电梯次顶层房主自荐,610万,65620元/平,高楼层 (共12层) | 2014年建 | 3室1厅 | 92.96平米 | 南 北,https://ke-image.ljcdn.com/110000-inspection/25d41267-b6d0-49a6-8811-607a36af7ba1_1000.jpg!m_fill,w_280,h_210,f_jpg?from=ke.com
20230502,亦庄开发区,亦庄,101116685934,远洋天著三期 4室2厅 南 北,1080万,65328元/平,中楼层 (共9层) 4室2厅 | 165.32平米 | 南 北,https://ke-image.ljcdn.com/110000-inspection/a09c0c89-e8fa-4255-9be0-adc01c5fd253_1000.jpg!m_fill,w_280,h_210,f_jpg?from=ke.com
20230502,亦庄开发区,亦庄,101116401535,小康东里+中间楼层+正规一居+满五唯一房主自荐,260万,47042元/平,中楼层 (共6层) 1室1厅 | 55.27平米 | 西 北,https://ke-image.ljcdn.com/110000-inspection/63af48e9-0359-4fcd-bf91-6d75900cd885_1000.jpg!m_fill,w_280,h_210,f_jpg?from=ke.com
20230502,亦庄开发区,亦庄,101115984081,金色漫香林二期精装两居诚意出售,466万,51333元/平,低楼层 (共6层) | 2010年建 | 2室2厅 | 90.78平米 | 南 北,https://ke-image.ljcdn.com/110000-inspection/853b0fe0-0fea-4b0d-bd7e-df99591a3db8_1000.jpg!m_fill,w_280,h_210,f_jpg?from=ke.com
20230502,亦庄开发区,亦庄,101115713439,新康家园两居室   中间楼层   精装修,680万,67838元/平,中楼层 (共6层) | 2000年建 | 2室2厅 | 100.24平米 | 南 北,https://ke-image.ljcdn.com/110000-inspection/ee949f8c-bf90-4861-b9fc-dd9e8455a739_1000.jpg!m_fill,w_280,h_210,f_jpg?from=ke.com
20230502,亦庄开发区,亦庄,101115089361,南北通透两居采光充足格局方正,770万,70656元/平,顶层 (共5层) | 2003年建 | 2室2厅 | 108.98平米 | 南 北,https://ke-image.ljcdn.com/110000-inspection/013edca5-23fc-438b-b160-79fc90419f37_1000.jpg!m_fill,w_280,h_210,f_jpg?from=ke.com
20230502,亦庄开发区,亦庄,101114684465,精装修 仅契税  看房方便 南北通透必看好房,990万,59239元/平,高楼层 (共9层) | 2014年建 | 3室2厅 | 167.12平米 | 南 北,https://ke-image.ljcdn.com/110000-inspection/37fae138-e2f4-4118-a7bd-9ba97041cdb3_1000.jpg!m_fill,w_280,h_210,f_jpg?from=ke.com
20230502,亦庄开发区,亦庄,101113942208,南北通透格局好交通便利租售比高必看好房,537万,64934元/平,中楼层 (共11层) 3室1厅 | 82.7平米 | 南 北,https://ke-image.ljcdn.com/110000-inspection/5f3336dc-7319-4e6a-94e9-ac0af9e26b63_1000.jpg!m_fill,w_280,h_210,f_jpg?from=ke.com
20230502,亦庄开发区,亦庄,101109644852,金色漫香林五期全明格局南北通透两居室。,478万,51833元/平,低楼层 (共7层) 2室1厅 | 92.22平米 | 南 北,https://ke-image.ljcdn.com/110000-inspection/pc1_48FVuw2o5_2.jpg!m_fill,w_280,h_210,f_jpg?from=ke.com
20230502,亦庄开发区,亦庄,101118746343,国融国际 南向采光 带电梯落地窗 视野很好,169万,51384元/平,中楼层 (共21层) 1室0厅 | 32.89平米 | 南,https://ke-image.ljcdn.com/110000-inspection/pc1_fPCmUw93j.jpg!m_fill,w_280,h_210,f_jpg?from=ke.com
20230502,亦庄开发区,亦庄,101118674985,卡尔生活馆 3室2厅 南 北,1390万,52058元/平,底层 (共3层) 3室2厅 | 267.01平米 | 南 北,https://ke-image.ljcdn.com/110000-inspection/pc1_Hp70zwBnI.jpg!m_fill,w_280,h_210,f_jpg?from=ke.com
20230502,亦庄开发区,亦庄,101118644227,三羊里南北通透小两居中间楼层看房随时必看好房,338万,48894元/平,中楼层 (共5层) | 2010年建 | 2室1厅 | 69.13平米 | 南 北,https://ke-image.ljcdn.com/110000-inspection/a24a1209-3d0d-47dd-82e1-651ac78a1c9f_1000.jpg!m_fill,w_280,h_210,f_jpg?from=ke.com
20230502,亦庄开发区,亦庄,101118369532,金地格林小镇电梯三居户型方正南北通透房主自荐,1098万,69587元/平,中楼层 (共8层) | 2003年建 | 3室1厅 | 157.79平米 | 南 北,https://ke-image.ljcdn.com/110000-inspection/pc1_7FIB4fTY9.jpg!m_fill,w_280,h_210,f_jpg?from=ke.com
20230502,亦庄开发区,亦庄,101118369238,远洋天著·悦山顶层叠墅视野开阔诚意出售,1490万,51908元/平,顶层 (共7层) | 2014年建 | 4室2厅 | 287.05平米 | 南 北,https://ke-image.ljcdn.com/110000-inspection/91ff153c-13bd-4f91-963e-55664555b147_1000.jpg!m_fill,w_280,h_210,f_jpg?from=ke.com
20230502,亦庄开发区,亦庄,101118356948,通泰国际公馆  正规两居  次顶层 使用面积大必看好房,538万,65859元/平,高楼层 (共15层) | 2015年建 | 2室1厅 | 81.69平米 | 南 北,https://ke-image.ljcdn.com/110000-inspection/4a6c7c5a-1d14-4bee-bd75-5460040c29bc_1000.jpg!m_fill,w_280,h_210,f_jpg?from=ke.com
20230502,亦庄开发区,亦庄,101118263537,北京经开壹中心业主诚意出售高楼层视野好,488万,63099元/平,中楼层 (共14层) | 2016年建 | 2室1厅 | 77.34平米 | 南,https://ke-image.ljcdn.com/110000-inspection/pc1_3kL7gPfSB.jpg!m_fill,w_280,h_210,f_jpg?from=ke.com
20230502,亦庄开发区,亦庄,101118263001,博客雅居 高楼层 西南向 靠谱出售 看房方便,320万,54018元/平,高楼层 (共24层) | 2008年建 | 1室1厅 | 59.24平米 | 西南,https://ke-image.ljcdn.com/110000-inspection/pc1_dX5GPsvU5.jpg!m_fill,w_280,h_210,f_jpg?from=ke.com
20230502,亦庄开发区,亦庄,101118204052,亦庄 五环边 金色漫香林 满五唯一 精装修 南北 两居室必看好房,485万,53651元/平,低楼层 (共8层) | 2011年建 | 2室1厅 | 90.4平米 | 南 北,https://ke-image.ljcdn.com/110000-inspection/0b4ddc02-ed00-42b7-b1e4-b2e78f3e3c41_1000.jpg!m_fill,w_280,h_210,f_jpg?from=ke.com
20230502,亦庄开发区,亦庄,101118157693,新康家园 房屋满五年 带电梯 位置好房主自荐,855万,59645元/平,低楼层 (共18层) | 2003年建 | 3室2厅 | 143.35平米 | 南 北,https://ke-image.ljcdn.com/110000-inspection/3ac57a12-d015-4d6a-b856-81c97060f453_1000.jpg!m_fill,w_280,h_210,f_jpg?from=ke.com
20230502,亦庄开发区,亦庄,101118045353,A户型联排看房随时采光好看房随时必看好房,1750万,46263元/平,底层 (共5层) | 2013年建 | 4室2厅 | 378.28平米 | 南 北,https://ke-image.ljcdn.com/110000-inspection/pc1_Wk7tnmXvz_1.jpg!m_fill,w_280,h_210,f_jpg?from=ke.com
20230502,亦庄开发区,亦庄,101118044971,博大公园对面 带挑空联排别墅  带院子 无遮挡必看好房,1168万,46777元/平,底层 (共3层) | 1995年建 | 5室2厅 | 249.7平米 | 南 北,https://ke-image.ljcdn.com/110000-inspection/pc1_85OD29vSo.jpg!m_fill,w_280,h_210,f_jpg?from=ke.com
20230502,亦庄开发区,亦庄,101118044843,金色漫香林二期一层下跃带院子带车位必看好房,989万,44992元/平,底层 (共4层) | 2010年建 | 4室2厅 | 219.82平米 | 南 北,https://ke-image.ljcdn.com/110000-inspection/pc1_otLyH0f8c_1.jpg!m_fill,w_280,h_210,f_jpg?from=ke.com
20230502,亦庄开发区,亦庄,101118044627,远洋天著二期 小区中间位置不临街 视野开阔 挑高5.7米,1390万,53561元/平,顶层 (共4层) | 2014年建 | 4室2厅 | 259.52平米 | 南 北,https://ke-image.ljcdn.com/110000-inspection/pc1_k62NELDCc_1.jpg!m_fill,w_280,h_210,f_jpg?from=ke.com
20230502,亦庄开发区,亦庄,101118044259,金色漫香林五期  上叠复式  精装修  全明格局 不临街,978万,50564元/平,中楼层 (共4层) | 2011年建 | 5室2厅 | 193.42平米 | 南 北,https://ke-image.ljcdn.com/110000-inspection/pc1_0C2Dp8rYS_1.jpg!m_fill,w_280,h_210,f_jpg?from=ke.com
20230502,亦庄开发区,亦庄,101118044198,远洋天著三期云廷中间位置精装联排视野开阔,2530万,91178元/平,底层 (共3层) | 2016年建 | 5室2厅 | 277.48平米 | 南 北,https://ke-image.ljcdn.com/110000-inspection/0fc0e126-034e-44e2-909f-ecb0f881252f_1000.jpg!m_fill,w_280,h_210,f_jpg?from=ke.com
20230502,亦庄开发区,亦庄,101118039993,南北 精装修 双卫三居室 满五唯一 诚意出售 配套齐全,659万,64997元/平,中楼层 (共8层) 3室1厅 | 101.39平米 | 南 北,https://ke-image.ljcdn.com/110000-inspection/pc1_eDl8RwbbZ.jpg!m_fill,w_280,h_210,f_jpg?from=ke.com
20230502,亦庄开发区,亦庄,101117995378,远洋天著·悦山 别墅区 中层平墅 客厅面宽8.3米,1150万,56376元/平,中楼层 (共7层) | 2014年建 | 4室2厅 | 203.99平米 | 南 北,https://ke-image.ljcdn.com/110000-inspection/296f38bf-7643-4c45-bb20-0709cf709edb_1000.jpg!m_fill,w_280,h_210,f_jpg?from=ke.com
20230502,亦庄开发区,亦庄,101117943801,好位置大花园满五年唯一精装拎包入住！,2218万,60683元/平,底层 (共4层) 4室2厅 | 365.51平米 | 南 北,https://ke-image.ljcdn.com/110000-inspection/pc1_ETX2BoUhl_1.jpg!m_fill,w_280,h_210,f_jpg?from=ke.com
20230502,亦庄开发区,亦庄,101117933216,此房满五唯一精装修二层面积180平米户型方正,1668万,64392元/平,顶层 (共4层) | 2016年建 | 6室3厅 | 259.04平米 | 南 北,https://ke-image.ljcdn.com/110000-inspection/pc1_ZywwPGZMJ_1.jpg!m_fill,w_280,h_210,f_jpg?from=ke.com
20230502,亦庄开发区,亦庄,101117881075,远洋天著·悦山 南北通透 满五年客厅层高4.5 诚心出售,899万,50345元/平,中楼层 (共7层) | 2014年建 | 3室2厅 | 178.57平米 | 南 北,https://ke-image.ljcdn.com/110000-inspection/2ea7f5f9-4911-44ab-b4c8-f80e4cdb57ed_1000.jpg!m_fill,w_280,h_210,f_jpg?from=ke.com
20230502,亦庄开发区,亦庄,101117869506,高楼层 视野好 采光好  复式,1075万,70775元/平,顶层 (共24层) | 2010年建 | 3室1厅 | 151.89平米 | 南 西 东,https://ke-image.ljcdn.com/110000-inspection/pc1_sAF4Lc0qw.jpg!m_fill,w_280,h_210,f_jpg?from=ke.com
20230502,亦庄开发区,亦庄,101117710488,精装修  顶层 复式 带电梯  一梯两户  南北通透,658万,73809元/平,顶层 (共6层) | 2012年建 | 3室2厅 | 89.15平米 | 南 北,https://ke-image.ljcdn.com/110000-inspection/pc1_SjhDIQCkq.jpg!m_fill,w_280,h_210,f_jpg?from=ke.com
20230502,亦庄开发区,亦庄,101117646575,和成璟园  下跃  满五唯一  看房有钥匙,698万,39768元/平,底层 (共12层) | 2014年建 | 4室2厅 | 175.52平米 | 南 北,https://ke-image.ljcdn.com/110000-inspection/pc1_KUlz6tkwO_1.jpg!m_fill,w_280,h_210,f_jpg?from=ke.com
20230502,亦庄开发区,亦庄,101117255929,远洋天著三期 正中间位置  楼间距大 毛坯,2300万,69351元/平,底层 (共3层) 3室3厅 | 331.65平米 | 南 北,https://ke-image.ljcdn.com/110000-inspection/3f776182-dca0-4e3d-9083-5c3094a62189_1000.jpg!m_fill,w_280,h_210,f_jpg?from=ke.com
20230502,亦庄开发区,亦庄,101117127105,亦庄天宝园四里卡尔生活馆双拼别墅,1800万,42123元/平,底层 (共3层) | 2004年建 | 5室3厅 | 427.32平米 | 东 南 北,https://ke-image.ljcdn.com/110000-inspection/5b2417ae-7e21-4da2-94d4-5b2dc64ddc1e_1000.jpg!m_fill,w_280,h_210,f_jpg?from=ke.com
20230502,亦庄开发区,亦庄,101117094468,远洋天著-澜湾 南北花园 满五年唯一,1460万,52763元/平,底层 (共9层) | 2014年建 | 5室2厅 | 276.71平米 | 南 北,https://ke-image.ljcdn.com/110000-inspection/pc1_zqr9NaboV.jpg!m_fill,w_280,h_210,f_jpg?from=ke.com
20230502,亦庄开发区,亦庄,101116852481,长新花园别墅小区有花园带车库诚意出售,1320万,35686元/平,底层 (共3层) 5室0厅 | 369.9平米 | 南 北,https://ke-image.ljcdn.com/110000-inspection/pc1_ba7tDRlPn.jpg!m_fill,w_280,h_210,f_jpg?from=ke.com
20230502,亦庄开发区,亦庄,101116396595,联排别墅边户东南花园北车位开车直接停到家门口,1567万,75268元/平,底层 (共3层) | 2000年建 | 5室2厅 | 208.19平米 | 南 北,https://ke-image.ljcdn.com/110000-inspection/pc1_b0kjHrpAR.jpg!m_fill,w_280,h_210,f_jpg?from=ke.com
20230502,亦庄开发区,亦庄,101116365930,联排别墅前后花园地上两层诚意出售随时看房,1490万,51460元/平,底层 (共2层) | 2004年建 | 4室2厅 | 289.55平米 | 南 北,https://ke-image.ljcdn.com/110000-inspection/pc1_rhJqOPE29.jpg!m_fill,w_280,h_210,f_jpg?from=ke.com
20230502,亦庄开发区,亦庄,101116048519,远洋一期 下叠边户 精装修 诚意出售,2300万,55596元/平,底层 (共8层) | 2014年建 | 4室2厅 | 413.7平米 | 南 北,https://ke-image.ljcdn.com/110000-inspection/7d53cc40-1566-4386-9ad8-ab36c1d96e1a_1000.jpg!m_fill,w_280,h_210,f_jpg?from=ke.com
20230502,亦庄开发区,亦庄,101116047707,林肯公寓 通透户型 不临街 无遮挡 尽快出售必看好房,310万,45988元/平,中楼层 (共9层) | 2010年建 | 2室1厅 | 67.41平米 | 东 西,https://ke-image.ljcdn.com/110000-inspection/30a98514-d388-4d03-8053-d80cf6bff509_1000.jpg!m_fill,w_280,h_210,f_jpg?from=ke.com
20230502,亦庄开发区,亦庄,101115806714,远洋天著三期 3室3厅 南 北,2490万,75080元/平,底层 (共3层) 3室3厅 | 331.65平米 | 南 北,https://ke-image.ljcdn.com/110000-inspection/6d37b1fc-c0fc-47c0-96ed-61cb1a1c7341_1000.jpg!m_fill,w_280,h_210,f_jpg?from=ke.com
20230502,亦庄开发区,亦庄,101115515771,远洋平墅  精装修 户型方正 二层面积120平 看房方便,1630万,62770元/平,顶层 (共4层) | 2016年建 | 4室2厅 | 259.68平米 | 南 北,https://ke-image.ljcdn.com/110000-inspection/dac02784-a285-462d-a178-14581b9bc8b9_1000.jpg!m_fill,w_280,h_210,f_jpg?from=ke.com
20230502,亦庄开发区,亦庄,101115506759,远洋天著三期毛坯边户随时可看房,2100万,56543元/平,底层 (共3层) 6室2厅 | 371.4平米 | 东 南 北,https://ke-image.ljcdn.com/110000-inspection/b7152ef1-fd61-444e-8ed1-1323904d0252_1000.jpg!m_fill,w_280,h_210,f_jpg?from=ke.com
20230502,亦庄开发区,亦庄,101114782022,金地格林小镇 东西向复式户型  通风效果好,970万,51892元/平,中楼层 (共5层) | 2003年建 | 4室2厅 | 186.93平米 | 东 西,https://ke-image.ljcdn.com/110000-inspection/pc1_ZQVjLAe94_2.jpg!m_fill,w_280,h_210,f_jpg?from=ke.com
20230502,亦庄开发区,亦庄,101114165776,远洋天著三期云廷边户已装修看房方便,2600万,70061元/平,底层 (共3层) | 2016年建 | 6室3厅 | 371.11平米 | 东 南 北,https://ke-image.ljcdn.com/110000-inspection/70b5cb29-7c62-4ef7-9a10-b87af0401d22_1000.jpg!m_fill,w_280,h_210,f_jpg?from=ke.com
20230502,亦庄开发区,亦庄,101119019120,林肯公园 1室0厅 东必看好房,135万,37324元/平,中楼层 (共24层) | 2010年建 | 1室0厅 | 36.17平米 | 东,https://s1.ljcdn.com/pegasus/redskull/images/common/default_house_list.png?_v=20230424175303437
20230502,亦庄开发区,亦庄,101118973777,林肯公园二期 朝东向 业主诚意出售必看好房,288万,30316元/平,中楼层 (共19层) 2室1厅 | 95平米 | 东,https://s1.ljcdn.com/pegasus/redskull/images/common/default_house_list.png?_v=20230424175303437
20230502,亦庄开发区,亦庄,101118972225,林肯公园B区 东北向 2室1厅  方便看,325万,35037元/平,低楼层 (共21层) | 2014年建 | 2室1厅 | 92.76平米 | 东北,https://s1.ljcdn.com/pegasus/redskull/images/common/default_house_list.png?_v=20230424175303437
20230502,亦庄开发区,亦庄,101118752378,林肯公园三朝向东西通透采光无遮挡,479万,54656元/平,中楼层 (共9层) 3室1厅 | 87.64平米 | 东 南 西,https://s1.ljcdn.com/pegasus/redskull/images/common/default_house_list.png?_v=20230424175303437
20230502,亦庄开发区,亦庄,101118734940,林肯公园B区 西北向两室 看房方便 诚意出售必看好房,368万,38100元/平,中楼层 (共21层) | 2013年建 | 2室2厅 | 96.59平米 | 西北,https://s1.ljcdn.com/pegasus/redskull/images/common/default_house_list.png?_v=20230424175303437
20230502,亦庄开发区,亦庄,101118658716,林肯公园 1室1厅 西必看好房,182万,36679元/平,低楼层 (共24层) | 2010年建 | 1室1厅 | 49.62平米 | 西,https://s1.ljcdn.com/pegasus/redskull/images/common/default_house_list.png?_v=20230424175303437
20230502,亦庄开发区,亦庄,101118559461,林肯公园 高楼层 采光好 交通方便必看好房,137万,37877元/平,高楼层 (共24层) | 2010年建 | 1室0厅 | 36.17平米 | 西,https://s1.ljcdn.com/pegasus/redskull/images/common/default_house_list.png?_v=20230424175303437
20230502,亦庄开发区,亦庄,101118487645,林肯公寓 3室1厅 东北必看好房,336万,46053元/平,中楼层 (共11层) 3室1厅 | 72.96平米 | 东北,https://s1.ljcdn.com/pegasus/redskull/images/common/default_house_list.png?_v=20230424175303437
20230502,亦庄开发区,亦庄,101118401477,锋创科技园高楼层无遮挡视野好房源少,77万,28732元/平,中楼层 (共19层) | 2012年建 | 1室0厅 | 26.8平米 | 北,https://s1.ljcdn.com/pegasus/redskull/images/common/default_house_list.png?_v=20230424175303437
20230502,亦庄开发区,亦庄,101118381209,北京经开芯中心 荣京道商办房出售必看好房,178万,20193元/平,低楼层 (共19层) | 2013年建 | 2室1厅 | 88.15平米 | 北,https://s1.ljcdn.com/pegasus/redskull/images/common/default_house_list.png?_v=20230424175303437
20230502,亦庄开发区,亦庄,101118370549,林肯公寓 2室1厅 西,330万,49610元/平,高楼层 (共12层) 2室1厅 | 66.52平米 | 西,https://s1.ljcdn.com/pegasus/redskull/images/common/default_house_list.png?_v=20230424175303437
20230502,亦庄开发区,亦庄,101118107736,君安国际 视野好业主诚意出售房主自荐,323万,28181元/平,高楼层 (共18层) | 2012年建 | 2室1厅 | 114.62平米 | 东南,https://s1.ljcdn.com/pegasus/redskull/images/common/default_house_list.png?_v=20230424175303437
20230502,亦庄开发区,亦庄,101117971859,国锐金嵿正规一室户型户型方正无遮挡必看好房,255万,39689元/平,低楼层 (共38层) | 2015年建 | 1室1厅 | 64.25平米 | 北,https://s1.ljcdn.com/pegasus/redskull/images/common/default_house_list.png?_v=20230424175303437
20230502,亦庄开发区,亦庄,101117868203,林肯10年新小区 人车分流 精装修 环境优美,265万,45069元/平,低楼层 (共9层) | 2010年建 | 2室1厅 | 58.8平米 | 西,https://s1.ljcdn.com/pegasus/redskull/images/common/default_house_list.png?_v=20230424175303437
20230502,亦庄开发区,亦庄,101117633645,国锐金嵿 3+1 高层平层 精装 保养好 看房方便,399万,45616元/平,高楼层 (共27层) | 2015年建 | 2室1厅 | 87.47平米 | 西南 西北,https://s1.ljcdn.com/pegasus/redskull/images/common/default_house_list.png?_v=20230424175303437
20230502,亦庄开发区,亦庄,101117438714,国锐金嵿4房落地窗 视野开阔 看房有钥匙精装,950万,34957元/平,中楼层 (共22层) | 2015年建 | 4室2厅 | 271.77平米 | 南 北,https://s1.ljcdn.com/pegasus/redskull/images/common/default_house_list.png?_v=20230424175303437
20230502,亦庄开发区,亦庄,101117140026,北京亦庄开发区国锐金嵿小区复式,750万,35064元/平,低楼层 (共22层) | 2015年建 | 3室1厅 | 213.9平米 | 南 北,https://s1.ljcdn.com/pegasus/redskull/images/common/default_house_list.png?_v=20230424175303437
20230502,亦庄开发区,亦庄,101116497461,锋创科技园京东总部视野好无遮挡,120万,19522元/平,低楼层 (共19层) | 2012年建 | 1室1厅 | 61.47平米 | 南,https://s1.ljcdn.com/pegasus/redskull/images/common/default_house_list.png?_v=20230424175303437
20230502,亦庄开发区,亦庄,101115909703,林肯公园B区 西南三间 看房方便 提前约,620万,37077元/平,高楼层 (共21层) | 2013年建 | 3室1厅 | 167.22平米 | 西南,https://s1.ljcdn.com/pegasus/redskull/images/common/default_house_list.png?_v=20230424175303437
20230502,亦庄开发区,亦庄,101115493072,地盛北街1号院北京经开芯中心小区,210万,22644元/平,低楼层 (共19层) | 2013年建 | 2室1厅 | 92.74平米 | 西,https://s1.ljcdn.com/pegasus/redskull/images/common/default_house_list.png?_v=20230424175303437
20230502,亦庄开发区,亦庄,101115065731,力宝广场   商办类诚心出售,145万,28793元/平,高楼层 (共25层) | 2011年建 | 1室0厅 | 50.36平米 | 南,https://s1.ljcdn.com/pegasus/redskull/images/common/default_house_list.png?_v=20230424175303437
20230502,亦庄开发区,亦庄,101111928015,国融国际 中间楼层 朝东 采光好,116万,27224元/平,中楼层 (共16层) | 2008年建 | 1室0厅 | 42.61平米 | 东,https://s1.ljcdn.com/pegasus/redskull/images/common/default_house_list.png?_v=20230424175303437
20230502,亦庄开发区,亦庄,101119072962,上海沙龙 2室1厅 南 北新上,680万,78923元/平,高楼层 (共9层) 2室1厅 | 86.16平米 | 南 北,https://ke-image.ljcdn.com/110000-inspection/ab3c4d10-69d6-4f64-a913-f1828cc18cab_1000.jpg!m_fill,w_280,h_210,f_jpg?from=ke.com
20230502,亦庄开发区,亦庄,101119067027,小康东里+正规一居+满五唯一+低楼层新上,260万,45655元/平,低楼层 (共6层) 1室1厅 | 56.95平米 | 东 北,https://ke-image.ljcdn.com/110000-inspection/053108e3-6efa-4a1e-b57f-7a03526aacf7_1000.jpg!m_fill,w_280,h_210,f_jpg?from=ke.com
20230502,亦庄开发区,亦庄,101119054321,一品亦庄 2室1厅 南 北新上,750万,60150元/平,中楼层 (共11层) 2室1厅 | 124.69平米 | 南 北,https://ke-image.ljcdn.com/110000-inspection/e7395bec-6ab5-4f3f-88e1-2341228af01b_1000.jpg!m_fill,w_280,h_210,f_jpg?from=ke.com
20230502,亦庄开发区,亦庄,101119036233,星岛嘉园 3室2厅 南 北新上,930万,63936元/平,底层 (共6层) | 2001年建 | 3室2厅 | 145.46平米 | 南 北,https://ke-image.ljcdn.com/110000-inspection/pc1_S8rsGvSDm.jpg!m_fill,w_280,h_210,f_jpg?from=ke.com
20230502,亦庄开发区,亦庄,101119034309,金地格林小镇  东西通透大两居室  单卫 装修好直接用新上,760万,71483元/平,中楼层 (共5层) | 2003年建 | 2室1厅 | 106.32平米 | 东 西,https://ke-image.ljcdn.com/110000-inspection/pc1_wTAgl87PA.jpg!m_fill,w_280,h_210,f_jpg?from=ke.com
20230502,亦庄开发区,亦庄,101119003748,上海沙龙  精装修   带电梯2居新上,740万,77398元/平,高楼层 (共9层) | 2006年建 | 2室2厅 | 95.61平米 | 南 北,https://ke-image.ljcdn.com/110000-inspection/5de9bd38-b4fc-4968-90de-3c25ab3f6e5c_1000.jpg!m_fill,w_280,h_210,f_jpg?from=ke.com
20230502,亦庄开发区,亦庄,101118995737,通泰国际公馆 精装修 南北通透2居室新上,535万,60208元/平,低楼层 (共15层) | 2015年建 | 2室1厅 | 88.86平米 | 南 北,https://ke-image.ljcdn.com/110000-inspection/pc1_xSRbGALgF.jpg!m_fill,w_280,h_210,f_jpg?from=ke.com
20230502,亦庄开发区,亦庄,101118993422,贵园南里丙区 2室1厅 南 北新上,485万,53485元/平,高楼层 (共6层) | 2001年建 | 2室1厅 | 90.68平米 | 南 北,https://ke-image.ljcdn.com/110000-inspection/pc1_Doxpigrw9.jpg!m_fill,w_280,h_210,f_jpg?from=ke.com
20230502,亦庄开发区,亦庄,101118989263,南北通透三居室 满五唯一 中高楼层 采光好 安静舒适,825万,64168元/平,中楼层 (共7层) 3室1厅 | 128.57平米 | 南 北,https://ke-image.ljcdn.com/110000-inspection/pc1_MKo4Wyiut.jpg!m_fill,w_280,h_210,f_jpg?from=ke.com
20230502,亦庄开发区,亦庄,101118970585,业主诚心出售 三居室  带租赁车位 看房基本随时 。,880万,57180元/平,高楼层 (共15层) | 2003年建 | 3室2厅 | 153.9平米 | 南 北,https://ke-image.ljcdn.com/110000-inspection/pc1_s54CvOJLc.jpg!m_fill,w_280,h_210,f_jpg?from=ke.com
20230502,亦庄开发区,亦庄,101118969747,新上 米兰天空 平层三居室 满五唯一 有车位,880万,54268元/平,中楼层 (共5层) 3室2厅 | 162.16平米 | 南 北,https://ke-image.ljcdn.com/110000-inspection/pc1_GCiu114rN.jpg!m_fill,w_280,h_210,f_jpg?from=ke.com
20230502,亦庄开发区,亦庄,101118969196,贵园东里 2室1厅 南 北,398万,57415元/平,顶层 (共7层) | 2000年建 | 2室1厅 | 69.32平米 | 南 北,https://ke-image.ljcdn.com/110000-inspection/pc1_4a8EtnEC1.jpg!m_fill,w_280,h_210,f_jpg?from=ke.com
20230502,亦庄开发区,亦庄,101118964739,金色漫香林五期满五唯一一层看房方便诚心出售,618万,67313元/平,底层 (共7层) 2室1厅 | 91.81平米 | 南 北,https://ke-image.ljcdn.com/110000-inspection/ad120839-4a6f-4e29-8ea7-5861612aa09d_1000.jpg!m_fill,w_280,h_210,f_jpg?from=ke.com
20230502,亦庄开发区,亦庄,101118964588,金色漫香林五期  满五唯一 精装两居 位置好 安静,530万,57472元/平,低楼层 (共7层) 2室1厅 | 92.22平米 | 北 南,https://ke-image.ljcdn.com/110000-inspection/93f2797a-a8ef-45bd-8e64-d7a8dac48a94_1000.jpg!m_fill,w_280,h_210,f_jpg?from=ke.com
20230502,亦庄开发区,亦庄,101118957108,此房满两年年南北通透楼层好一层带花院,460万,64981元/平,底层 (共6层) 2室1厅 | 70.79平米 | 南 北,https://ke-image.ljcdn.com/110000-inspection/pc1_geXiOMFzN.jpg!m_fill,w_280,h_210,f_jpg?from=ke.com
20230502,亦庄开发区,亦庄,101118956380,星岛假日 平层三居室 南北通透,1080万,65515元/平,底层 (共10层) 3室2厅 | 164.85平米 | 南 北,https://ke-image.ljcdn.com/110000-inspection/pc1_7iJRJQYWs.jpg!m_fill,w_280,h_210,f_jpg?from=ke.com
20230502,亦庄开发区,亦庄,101118947628,新上！富源里一居室 满五唯一 次顶层 近地铁,350万,63018元/平,高楼层 (共6层) 1室1厅 | 55.54平米 | 东北,https://ke-image.ljcdn.com/110000-inspection/pc1_7asBO2T0p.jpg!m_fill,w_280,h_210,f_jpg?from=ke.com
20230502,亦庄开发区,亦庄,101118947481,贵园南里丙区 1室1厅 南 北,390万,65131元/平,底层 (共6层) | 2002年建 | 1室1厅 | 59.88平米 | 南 北,https://ke-image.ljcdn.com/110000-inspection/pc1_oelUxM4FH.jpg!m_fill,w_280,h_210,f_jpg?from=ke.com
20230502,亦庄开发区,亦庄,101118941016,莱茵河畔 一层三居室 满五唯一,1080万,65967元/平,底层 (共5层) | 2002年建 | 3室2厅 | 163.72平米 | 南 北,https://ke-image.ljcdn.com/110000-inspection/pc1_oz4qwv4MI.jpg!m_fill,w_280,h_210,f_jpg?from=ke.com
20230502,亦庄开发区,亦庄,101118929818,贵园北里戊区 南北通透 满五唯一 采光充足,343万,58403元/平,顶层 (共6层) | 1995年建 | 1室1厅 | 58.73平米 | 南 北,https://ke-image.ljcdn.com/110000-inspection/pc1_nxTY5M7Pc.jpg!m_fill,w_280,h_210,f_jpg?from=ke.com
20230502,亦庄开发区,亦庄,101118927502,三羊里 2室1厅 南 北,355万,45484元/平,高楼层 (共6层) | 2010年建 | 2室1厅 | 78.05平米 | 南 北,https://ke-image.ljcdn.com/110000-inspection/2b1feff5-3a26-4823-9a23-ebca620ccfd0_1000.jpg!m_fill,w_280,h_210,f_jpg?from=ke.com
20230502,亦庄开发区,亦庄,101118924251,上海沙龙 2室2厅 南 北,685万,80589元/平,中楼层 (共9层) 2室2厅 | 85平米 | 南 北,https://ke-image.ljcdn.com/110000-inspection/pc1_N7M0fLTnY.jpg!m_fill,w_280,h_210,f_jpg?from=ke.com
20230502,亦庄开发区,亦庄,101118914360,金色漫香林一期+满五唯一+高楼层+户型方正,488万,56378元/平,中楼层 (共9层) | 2009年建 | 2室1厅 | 86.56平米 | 南 北,https://ke-image.ljcdn.com/110000-inspection/43b5c53e-1e11-4c6b-825c-8faa751df977_1000.jpg!m_fill,w_280,h_210,f_jpg?from=ke.com
20230502,亦庄开发区,亦庄,101118898509,听涛雅苑 3室1厅 南 北,815万,59347元/平,中楼层 (共7层) 3室1厅 | 137.33平米 | 南 北,https://ke-image.ljcdn.com/110000-inspection/pc1_JkDk4mYxh_1.jpg!m_fill,w_280,h_210,f_jpg?from=ke.com
20230502,亦庄开发区,亦庄,101118886069,鹿鸣苑 3室2厅 东南,720万,58480元/平,中楼层 (共15层) | 2000年建 | 3室2厅 | 123.12平米 | 东南,https://ke-image.ljcdn.com/110000-inspection/pc1_ihL7c7Y5M.jpg!m_fill,w_280,h_210,f_jpg?from=ke.com
20230502,亦庄开发区,亦庄,101118881078,鹿鸣苑 2室1厅 东南,498万,74967元/平,中楼层 (共15层) | 2000年建 | 2室1厅 | 66.43平米 | 东南,https://ke-image.ljcdn.com/110000-inspection/pc1_c3zIpHTfM.jpg!m_fill,w_280,h_210,f_jpg?from=ke.com
20230502,亦庄开发区,亦庄,101118879535,新康家园 南北通透 满五年唯一 精装修 诚意签约,695万,71319元/平,低楼层 (共6层) 2室2厅 | 97.45平米 | 南 北,https://ke-image.ljcdn.com/110000-inspection/pc1_lNDtBRVPC.jpg!m_fill,w_280,h_210,f_jpg?from=ke.com
20230502,亦庄开发区,亦庄,101118871726,莱茵河畔 3室2厅 南 北,988万,57890元/平,底层 (共4层) 3室2厅 | 170.67平米 | 南 北,https://ke-image.ljcdn.com/110000-inspection/pc1_PwPsSb78y.jpg!m_fill,w_280,h_210,f_jpg?from=ke.com
20230502,亦庄开发区,亦庄,101118870624,新康家园 轻奢精装三居 全明格局 中间层 采光棒 诚售房主自荐,830万,68903元/平,中楼层 (共6层) | 2000年建 | 3室1厅 | 120.46平米 | 南 北,https://ke-image.ljcdn.com/110000-inspection/pc1_7ltCapzPp.jpg!m_fill,w_280,h_210,f_jpg?from=ke.com
20230502,亦庄开发区,亦庄,101118870538,一品亦庄东西通透两居  精装修  诚意出售房主自荐,585万,66774元/平,顶层 (共6层) | 2005年建 | 2室1厅 | 87.61平米 | 东 西,https://ke-image.ljcdn.com/110000-inspection/pc1_PnRgHqySI.jpg!m_fill,w_280,h_210,f_jpg?from=ke.com
20230502,亦庄开发区,亦庄,101118863806,房子满五唯一高楼层采光好视野好 保持的很好 不临街,1050万,65671元/平,高楼层 (共8层) | 2004年建 | 3室2厅 | 159.89平米 | 南 北,https://ke-image.ljcdn.com/110000-inspection/pc1_p9vB2nlxk.jpg!m_fill,w_280,h_210,f_jpg?from=ke.com
20230502,亦庄开发区,亦庄,101118861436,新康家园 3室1厅 南 北,868万,58166元/平,高楼层 (共15层) | 2003年建 | 3室1厅 | 149.23平米 | 南 北,https://ke-image.ljcdn.com/110000-inspection/490a374d-db36-42ae-a924-e4f9b50a5239_1000.jpg!m_fill,w_280,h_210,f_jpg?from=ke.com
20230502,亦庄开发区,亦庄,101118861271,万源街 正规电梯两居室 中间楼层 满五唯一房主自荐,485万,73109元/平,低楼层 (共15层) | 2000年建 | 2室1厅 | 66.34平米 | 东北,https://ke-image.ljcdn.com/110000-inspection/pc1_oRUECMtSe.jpg!m_fill,w_280,h_210,f_jpg?from=ke.com
20230502,亦庄开发区,亦庄,101118857568,和成璟园 21年精装修 南北通透 费用少房主自荐,610万,68363元/平,中楼层 (共7层) 2室2厅 | 89.23平米 | 南 北,https://ke-image.ljcdn.com/110000-inspection/pc1_VlrJFvEfc.jpg!m_fill,w_280,h_210,f_jpg?from=ke.com
20230502,亦庄开发区,亦庄,101118848928,三羊里南北通透大两居采光视野好,400万,44574元/平,顶层 (共5层) | 2010年建 | 2室1厅 | 89.74平米 | 南 北,https://ke-image.ljcdn.com/110000-inspection/a7f969ae-17bf-4e98-9284-35d55cfa1dbe_1000.jpg!m_fill,w_280,h_210,f_jpg?from=ke.com
20230502,亦庄开发区,亦庄,101118835895,听涛雅苑 满五唯一 方正户型 全南向一居室 看房方便！,459万,87747元/平,低楼层 (共8层) 1室1厅 | 52.31平米 | 东 南,https://ke-image.ljcdn.com/110000-inspection/pc1_prqYaEadY.jpg!m_fill,w_280,h_210,f_jpg?from=ke.com
20230502,亦庄开发区,亦庄,101118829131,通泰国际公馆 前后不临街  诚意出售  看房方便,610万,68317元/平,底层 (共11层) | 2015年建 | 3室2厅 | 89.29平米 | 南 北,https://ke-image.ljcdn.com/110000-inspection/pc1_Lw16NhLUa.jpg!m_fill,w_280,h_210,f_jpg?from=ke.com
20230502,亦庄开发区,亦庄,101118821539,北京经开壹中心 高楼层 视野好 采光好,380万,85432元/平,高楼层 (共11层) 1室0厅 | 44.48平米 | 南,https://ke-image.ljcdn.com/110000-inspection/pc1_FM4J5oSiB.jpg!m_fill,w_280,h_210,f_jpg?from=ke.com
20230502,亦庄开发区,亦庄,101118820899,上海沙龙 精装修两居室  南北通透  无遮挡,685万,79661元/平,低楼层 (共9层) 2室1厅 | 85.99平米 | 南 北,https://ke-image.ljcdn.com/110000-inspection/pc1_F4npwIEpW.jpg!m_fill,w_280,h_210,f_jpg?from=ke.com
20230502,亦庄开发区,亦庄,101118820403,北京经开壹中心精装三居室全明格局,610万,73221元/平,低楼层 (共11层) 3室1厅 | 83.31平米 | 东 南 北,https://ke-image.ljcdn.com/110000-inspection/31873355-c3ba-4b5a-8fef-0d6da2712f07_1000.jpg!m_fill,w_280,h_210,f_jpg?from=ke.com
20230502,亦庄开发区,亦庄,101118809668,广德苑优质两居室 满五唯一 位置好 户型好 采光充足,555万,62486元/平,顶层 (共6层) | 2003年建 | 2室1厅 | 88.82平米 | 南 北,https://ke-image.ljcdn.com/110000-inspection/60c6ec23-362a-461f-bd44-f7efa2c1970e_1000.jpg!m_fill,w_280,h_210,f_jpg?from=ke.com
20230502,亦庄开发区,亦庄,101118805031,北京经开壹中心    南北通透   有电梯,515万,66521元/平,中楼层 (共11层) | 2016年建 | 2室1厅 | 77.42平米 | 南 北,https://ke-image.ljcdn.com/110000-inspection/pc1_IWsHKPEgn.jpg!m_fill,w_280,h_210,f_jpg?from=ke.com
20230502,亦庄开发区,亦庄,101118793407,和成璟园  电梯三居  人车分流 满五唯一,590万,64573元/平,低楼层 (共7层) 3室1厅 | 91.37平米 | 南 北,https://ke-image.ljcdn.com/110000-inspection/90dc78b3-5288-47c3-ba10-232612cc617e_1000.jpg!m_fill,w_280,h_210,f_jpg?from=ke.com
20230502,亦庄开发区,亦庄,101118789911,听涛雅苑 1室1厅 东 东南房主自荐,465万,88843元/平,中楼层 (共8层) 1室1厅 | 52.34平米 | 东 东南,https://ke-image.ljcdn.com/110000-inspection/pc1_K5LtFoRsj.jpg!m_fill,w_280,h_210,f_jpg?from=ke.com
20230502,亦庄开发区,亦庄,101118778055,三羊里精装三居室中间楼层前后不临街,560万,51245元/平,中楼层 (共6层) | 2010年建 | 3室1厅 | 109.28平米 | 南 东 北,https://ke-image.ljcdn.com/110000-inspection/e5802d64-f5c7-42a0-be03-e92f9b4b04a9_1000.jpg!m_fill,w_280,h_210,f_jpg?from=ke.com
20230502,亦庄开发区,亦庄,101118776382,金色漫香林二期 2室1厅 南 北,499万,55525元/平,中楼层 (共6层) | 2010年建 | 2室1厅 | 89.87平米 | 南 北,https://ke-image.ljcdn.com/110000-inspection/5561ccc4-3833-407e-8bbe-ed72cf0db64d_1000.jpg!m_fill,w_280,h_210,f_jpg?from=ke.com
20230502,亦庄开发区,亦庄,101118774191,郁金香舍三居南北通透视野开阔满五年唯一,900万,67992元/平,中楼层 (共5层) 3室1厅 | 132.37平米 | 南 北,https://ke-image.ljcdn.com/110000-inspection/pc1_KcqNfCqyE.jpg!m_fill,w_280,h_210,f_jpg?from=ke.com
20230502,亦庄开发区,亦庄,101118771899,高楼层无遮挡采光视野好业主自住精装修,560万,62872元/平,中楼层 (共15层) 2室1厅 | 89.07平米 | 南 北,https://ke-image.ljcdn.com/110000-inspection/pc1_WQHshTw6B.jpg!m_fill,w_280,h_210,f_jpg?from=ke.com
20230502,亦庄开发区,亦庄,101118764875,春华屋新上精装修南北通透三居室 居住舒适 诚意出售,870万,55595元/平,中楼层 (共11层) | 2000年建 | 3室2厅 | 156.49平米 | 南 北,https://ke-image.ljcdn.com/110000-inspection/pc1_umEzcyhQ9.jpg!m_fill,w_280,h_210,f_jpg?from=ke.com
20230502,亦庄开发区,亦庄,101118748718,满五年唯一南北通透全明格局采光充足,998万,66238元/平,中楼层 (共4层) | 2003年建 | 3室2厅 | 150.67平米 | 南 北,https://ke-image.ljcdn.com/110000-inspection/pc1_mrjYVEPjm.jpg!m_fill,w_280,h_210,f_jpg?from=ke.com
20230502,亦庄开发区,亦庄,101118744263,上海沙龙 南北通透3居 双卧室朝南,930万,63064元/平,顶层 (共9层) | 2003年建 | 3室2厅 | 147.47平米 | 南 北,https://ke-image.ljcdn.com/110000-inspection/pc1_EAwcSPhgq.jpg!m_fill,w_280,h_210,f_jpg?from=ke.com
20230502,亦庄开发区,亦庄,101118740810,卡尔生活馆 3室2厅 南 北,880万,64460元/平,低楼层 (共11层) 3室2厅 | 136.52平米 | 南 北,https://ke-image.ljcdn.com/110000-inspection/13f92f9d-4b12-4638-b26a-74a1a0a59c2f_1000.jpg!m_fill,w_280,h_210,f_jpg?from=ke.com
20230502,亦庄开发区,亦庄,101118738858,莱茵河畔电梯两居室南北通透,680万,63115元/平,低楼层 (共11层) | 2002年建 | 2室1厅 | 107.74平米 | 南 北,https://ke-image.ljcdn.com/110000-inspection/pc1_D0oMrgYqz.jpg!m_fill,w_280,h_210,f_jpg?from=ke.com
20230502,亦庄开发区,亦庄,101118727558,和成璟园 普通住宅 小区人车分流 精装修 公园环保,802万,57331元/平,高楼层 (共9层) 3室2厅 | 139.89平米 | 南 北,https://ke-image.ljcdn.com/110000-inspection/1dbf4135-e1a2-434a-a360-8a574eb6a9b6_1000.jpg!m_fill,w_280,h_210,f_jpg?from=ke.com
20230502,亦庄开发区,亦庄,101118716734,鹿鸣苑 满五唯一电梯房 精装修 三居双卫 采光好,670万,47074元/平,中楼层 (共15层) | 2000年建 | 3室1厅 | 142.33平米 | 西南,https://ke-image.ljcdn.com/110000-inspection/pc1_tsczfOHOR.jpg!m_fill,w_280,h_210,f_jpg?from=ke.com
20230502,亦庄开发区,亦庄,101118706001,小康东里 新上1层大两居 南北双通透 全明格局,446万,49060元/平,底层 (共6层) 2室2厅 | 90.91平米 | 南 北,https://ke-image.ljcdn.com/110000-inspection/pc1_x7ZbPOigs.jpg!m_fill,w_280,h_210,f_jpg?from=ke.com
20230502,亦庄开发区,亦庄,101118686142,小康家园  三居室  南北通透 低楼层 看房方便房主自荐,420万,39337元/平,中楼层 (共6层) 3室2厅 | 106.77平米 | 南 北,https://ke-image.ljcdn.com/110000-inspection/5126bb6c-8f3d-41a7-9fce-bfeb64f4c722_1000.jpg!m_fill,w_280,h_210,f_jpg?from=ke.com
20230502,亦庄开发区,亦庄,101118684772,亦庄五环边 三羊里 南北通透 户型方正 低楼层 两居室,420万,45912元/平,底层 (共6层) | 2010年建 | 2室2厅 | 91.48平米 | 南 北,https://ke-image.ljcdn.com/110000-inspection/c4e78d14-5d3b-4f87-9f26-a313dc0baa41_1000.jpg!m_fill,w_280,h_210,f_jpg?from=ke.com
20230502,亦庄开发区,亦庄,101118684537,贵园南里丙区 南北通透 采光好房主自荐,355万,59118元/平,顶层 (共6层) | 2002年建 | 2室1厅 | 60.05平米 | 南 北,https://ke-image.ljcdn.com/110000-inspection/pc1_48yPNJ5EB.jpg!m_fill,w_280,h_210,f_jpg?from=ke.com
20230502,亦庄开发区,亦庄,101118676574,新康家园南北通透 满五年唯一 采光好 不临街 随时看房,655万,65116元/平,中楼层 (共6层) | 2000年建 | 2室1厅 | 100.59平米 | 南 北,https://ke-image.ljcdn.com/110000-inspection/pc1_RBVB2KoKq.jpg!m_fill,w_280,h_210,f_jpg?from=ke.com
20230502,亦庄开发区,亦庄,101118674311,新康家园电梯三居 高楼层视野好  前后无遮挡   费用低房主自荐,899万,58415元/平,高楼层 (共15层) | 2003年建 | 3室1厅 | 153.9平米 | 南 北,https://ke-image.ljcdn.com/110000-inspection/pc1_LVsnYLZwm.jpg!m_fill,w_280,h_210,f_jpg?from=ke.com
20230502,亦庄开发区,亦庄,101118669842,贵园北里戊区采光好南北通透满五唯一,380万,64320元/平,中楼层 (共6层) | 1995年建 | 2室1厅 | 59.08平米 | 南 北,https://ke-image.ljcdn.com/110000-inspection/pc1_XFU6nTjuR.jpg!m_fill,w_280,h_210,f_jpg?from=ke.com
20230502,亦庄开发区,亦庄,101118669243,小康家园 2室1厅 南 北,345万,37611元/平,顶层 (共6层) | 2000年建 | 2室1厅 | 91.73平米 | 南 北,https://ke-image.ljcdn.com/110000-inspection/ab04b420-e630-4f8c-90a7-0ffe324b85cd_1000.jpg!m_fill,w_280,h_210,f_jpg?from=ke.com
20230502,亦庄开发区,亦庄,101118668047,中间楼层 满五唯一 精装修 可拎包入住房主自荐,385万,40685元/平,中楼层 (共6层) 3室2厅 | 94.63平米 | 南 北,https://ke-image.ljcdn.com/110000-inspection/pc1_lvq8P72ae_1.jpg!m_fill,w_280,h_210,f_jpg?from=ke.com
20230502,亦庄开发区,亦庄,101118661437,上海沙龙 1室1厅 东,380万,88188元/平,中楼层 (共9层) | 2006年建 | 1室1厅 | 43.09平米 | 东,https://ke-image.ljcdn.com/110000-inspection/pc1_4jaJ7WpRf.jpg!m_fill,w_280,h_210,f_jpg?from=ke.com
20230502,亦庄开发区,亦庄,101118657049,金地格林小镇 带电梯南北朝向眼镜户型三居,1099万,69783元/平,中楼层 (共8层) | 2003年建 | 3室2厅 | 157.49平米 | 南 北,https://ke-image.ljcdn.com/110000-inspection/pc1_8TM7dV9t4.jpg!m_fill,w_280,h_210,f_jpg?from=ke.com
20230502,亦庄开发区,亦庄,101118648797,金色漫香林四期 3室1厅 南 北,558万,60732元/平,高楼层 (共8层) 3室1厅 | 91.88平米 | 南 北,https://ke-image.ljcdn.com/110000-inspection/005037c5-105a-46b5-b820-632abf1f395f_1000.jpg!m_fill,w_280,h_210,f_jpg?from=ke.com
20230502,亦庄开发区,亦庄,101118643922,金色漫香林五期独立餐厅两居室通地库,529万,57777元/平,低楼层 (共6层) | 2011年建 | 2室2厅 | 91.56平米 | 南 北,https://ke-image.ljcdn.com/110000-inspection/180734e6-c445-4ad5-945c-c49172d116e2_1000.jpg!m_fill,w_280,h_210,f_jpg?from=ke.com
20230502,亦庄开发区,亦庄,101118636812,星岛嘉园 2室1厅 南 北,730万,61619元/平,中楼层 (共6层) 2室1厅 | 118.47平米 | 南 北,https://ke-image.ljcdn.com/110000-inspection/pc1_YuTCPS26P.jpg!m_fill,w_280,h_210,f_jpg?from=ke.com
20230502,亦庄开发区,亦庄,101118614675,2005年社区 中间楼层   靠谱卖,410万,69410元/平,中楼层 (共6层) | 2004年建 | 1室1厅 | 59.07平米 | 南 北,https://ke-image.ljcdn.com/110000-inspection/1b124ab7-2f1e-4d55-b751-106814092667_1000.jpg!m_fill,w_280,h_210,f_jpg?from=ke.com
20230502,亦庄开发区,亦庄,101118601214,带电梯 高楼层 视野无遮挡 地暖,370万,82942元/平,中楼层 (共14层) | 2002年建 | 1室0厅 | 44.61平米 | 西,https://ke-image.ljcdn.com/110000-inspection/pc1_nmJqr4Wtf.jpg!m_fill,w_280,h_210,f_jpg?from=ke.com
20230502,亦庄开发区,亦庄,101118599146,金色漫香林五期2010年后新社区带电梯花园洋房社区,520万,57307元/平,中楼层 (共7层) 2室1厅 | 90.74平米 | 南 北,https://ke-image.ljcdn.com/110000-inspection/778dfe66-5cd1-49d8-a89f-3a9c7d4a308e_1000.jpg!m_fill,w_280,h_210,f_jpg?from=ke.com
20230502,亦庄开发区,亦庄,101118589437,卡尔生活馆 三居室 精装修 户型方正,878万,64318元/平,中楼层 (共11层) | 2004年建 | 4室1厅 | 136.51平米 | 南 北,https://ke-image.ljcdn.com/110000-inspection/pc1_YdEzjuxdD.jpg!m_fill,w_280,h_210,f_jpg?from=ke.com
20230502,亦庄开发区,亦庄,101118588259,莱茵河畔 .满五唯一. 电梯观景三居、品质精装,960万,55870元/平,高楼层 (共11层) | 2002年建 | 3室2厅 | 171.83平米 | 南 北,https://ke-image.ljcdn.com/110000-inspection/94d9ac7e-e9a0-4447-998d-7e71cc951511_1000.jpg!m_fill,w_280,h_210,f_jpg?from=ke.com
20230502,亦庄开发区,亦庄,101118585759,贵园东里新上南北通透三居室双卧朝南采光好,565万,54637元/平,中楼层 (共7层) | 2000年建 | 3室2厅 | 103.41平米 | 南 北,https://ke-image.ljcdn.com/110000-inspection/pc1_akbl2blOh.jpg!m_fill,w_280,h_210,f_jpg?from=ke.com
20230502,亦庄开发区,亦庄,101118580664,梅园小区南北通透 中间楼层 房子位于小区中间不临街,478万,60407元/平,中楼层 (共4层) | 1998年建 | 2室1厅 | 79.13平米 | 北 南,https://ke-image.ljcdn.com/110000-inspection/pc1_yL0uOLOk8.jpg!m_fill,w_280,h_210,f_jpg?from=ke.com
20230502,亦庄开发区,亦庄,101118577633,南北通透前后不遮挡房间保持干净,550万,62779元/平,底层 (共15层) 2室1厅 | 87.61平米 | 南 北,https://ke-image.ljcdn.com/110000-inspection/pc1_kK66BO0FU.jpg!m_fill,w_280,h_210,f_jpg?from=ke.com
20230502,亦庄开发区,亦庄,101118577390,亦庄 五环边 小康家园 南北通透 边户明卫 电梯两居室,355万,39577元/平,中楼层 (共9层) 3室1厅 | 89.7平米 | 南 北,https://ke-image.ljcdn.com/110000-inspection/141b29c0-e50c-4293-bb23-67bc490a78d2_1000.jpg!m_fill,w_280,h_210,f_jpg?from=ke.com
20230502,亦庄开发区,亦庄,101118577014,贵园北里戊区采光好南北通透满五唯一,345万,58744元/平,顶层 (共6层) | 1995年建 | 2室1厅 | 58.73平米 | 南 北,https://ke-image.ljcdn.com/110000-inspection/pc1_SeK6VNucH.jpg!m_fill,w_280,h_210,f_jpg?from=ke.com
20230502,亦庄开发区,亦庄,101118574769,新康家园 2室2厅 南 西,699万,62035元/平,低楼层 (共6层) 2室2厅 | 112.68平米 | 南 西,https://ke-image.ljcdn.com/110000-inspection/442fe6be-1769-4d3b-9125-c5946cb7f506_1000.jpg!m_fill,w_280,h_210,f_jpg?from=ke.com
20230502,亦庄开发区,亦庄,101118571728,小康家园中间楼层大客厅南北通透,348万,38530元/平,中楼层 (共6层) 2室1厅 | 90.32平米 | 南 北,https://ke-image.ljcdn.com/110000-inspection/4c9ab20b-4719-4320-8988-c14580b2a6d9_1000.jpg!m_fill,w_280,h_210,f_jpg?from=ke.com
20230502,亦庄开发区,亦庄,101118571508,新上贵园北里戊区两居室满五唯一看房方便,345万,58396元/平,顶层 (共6层) | 1995年建 | 2室1厅 | 59.08平米 | 南 北,https://ke-image.ljcdn.com/110000-inspection/pc1_uuDVrCpyu.jpg!m_fill,w_280,h_210,f_jpg?from=ke.com
20230502,亦庄开发区,亦庄,101118569032,电梯三居室 看房方便 业主诚心卖 欢迎随时预约,868万,58166元/平,中楼层 (共15层) | 2003年建 | 3室1厅 | 149.23平米 | 南 北,https://ke-image.ljcdn.com/110000-inspection/pc1_DZtwjLWFc.jpg!m_fill,w_280,h_210,f_jpg?from=ke.com
20230502,亦庄开发区,亦庄,101118566707,小康家园 2室1厅 南 北,338万,39244元/平,中楼层 (共6层) | 2000年建 | 2室1厅 | 86.13平米 | 南 北,https://ke-image.ljcdn.com/110000-inspection/77c43117-8c63-4607-befc-62251ec67a7d_1000.jpg!m_fill,w_280,h_210,f_jpg?from=ke.com
20230502,亦庄开发区,亦庄,101118542339,小康东里 2室2厅 南 北,345万,44864元/平,高楼层 (共6层) | 2003年建 | 2室2厅 | 76.9平米 | 南 北,https://ke-image.ljcdn.com/110000-inspection/pc1_SGxI5Mpz4_1.jpg!m_fill,w_280,h_210,f_jpg?from=ke.com
20230502,亦庄开发区,亦庄,101118541236,小康东里 南北通透 中间楼层 满五唯一 精装自住,300万,47582元/平,中楼层 (共6层) 1室1厅 | 63.05平米 | 南 北,https://ke-image.ljcdn.com/110000-inspection/3ba194e2-a6bb-443e-822c-5dab1712bdcf_1000.jpg!m_fill,w_280,h_210,f_jpg?from=ke.com
20230502,亦庄开发区,亦庄,101118533632,亦庄天宝园六里大雄郁金香舍社区两居室,759万,71061元/平,中楼层 (共4层) 2室2厅 | 106.81平米 | 南 北,https://ke-image.ljcdn.com/110000-inspection/pc1_g9tV37hFm.jpg!m_fill,w_280,h_210,f_jpg?from=ke.com
20230502,亦庄开发区,亦庄,101118533401,满五年唯一 精装修 南北通透两居 中间层 采光好房主自荐,469万,79344元/平,中楼层 (共6层) | 2001年建 | 2室1厅 | 59.11平米 | 南 北,https://ke-image.ljcdn.com/110000-inspection/pc1_sq0j9zviz.jpg!m_fill,w_280,h_210,f_jpg?from=ke.com
20230502,亦庄开发区,亦庄,101118532853,小康东里两居南北通透户型公摊小,330万,43093元/平,顶层 (共6层) 2室1厅 | 76.58平米 | 南 北,https://ke-image.ljcdn.com/110000-inspection/33df959d-fe8b-4421-bf64-bdda7b425e16_1000.jpg!m_fill,w_280,h_210,f_jpg?from=ke.com
20230502,亦庄开发区,亦庄,101118524228,金色漫香林五期高楼层精装修两居,535万,58934元/平,高楼层 (共9层) | 2011年建 | 2室1厅 | 90.78平米 | 南 北,https://ke-image.ljcdn.com/110000-inspection/36a1731a-6dab-4437-8e0e-299ec9db89b7_1000.jpg!m_fill,w_280,h_210,f_jpg?from=ke.com
20230502,亦庄开发区,亦庄,101118522621,新康家园 高楼层电梯2居室 落地窗 采光充足,688万,71252元/平,高楼层 (共15层) | 2003年建 | 2室1厅 | 96.56平米 | 西南,https://ke-image.ljcdn.com/110000-inspection/pc1_PQgCCwu3F.jpg!m_fill,w_280,h_210,f_jpg?from=ke.com
20230502,亦庄开发区,亦庄,101118504781,通泰国际公馆  高楼层  带电梯,545万,65270元/平,顶层 (共15层) 2室1厅 | 83.5平米 | 南 西 北,https://ke-image.ljcdn.com/110000-inspection/pc1_oloAWGsq9.jpg!m_fill,w_280,h_210,f_jpg?from=ke.com
20230502,亦庄开发区,亦庄,101118503189,瀛景园低楼层两居室满五年装修保持好。,535万,71919元/平,低楼层 (共6层) 2室1厅 | 74.39平米 | 南 北,https://ke-image.ljcdn.com/110000-inspection/pc1_Xj75WmfPe.jpg!m_fill,w_280,h_210,f_jpg?from=ke.com
20230502,亦庄开发区,亦庄,101118496987,大雄城市花园春华屋 精装3居室诚意出售 看房方便。,756万,53161元/平,中楼层 (共11层) | 2000年建 | 3室2厅 | 142.21平米 | 东 西,https://ke-image.ljcdn.com/110000-inspection/pc1_D5WDbhPjT.jpg!m_fill,w_280,h_210,f_jpg?from=ke.com
20230502,亦庄开发区,亦庄,101118493247,新小区  精装小三居室 满五唯一  人车分流,600万,64344元/平,低楼层 (共12层) 3室1厅 | 93.25平米 | 南 北,https://ke-image.ljcdn.com/110000-inspection/pc1_SCedm3Jz4.jpg!m_fill,w_280,h_210,f_jpg?from=ke.com
20230502,亦庄开发区,亦庄,101118490977,林肯公园中间楼层三居室采光视野好房主自荐,1160万,77858元/平,中楼层 (共17层) | 2009年建 | 3室2厅 | 148.99平米 | 南 北,https://ke-image.ljcdn.com/110000-inspection/pc1_s7Ku9Txq2.jpg!m_fill,w_280,h_210,f_jpg?from=ke.com
20230502,亦庄开发区,亦庄,101118486517,郁金香舍 2室2厅 南 北,780万,74124元/平,低楼层 (共6层) 2室2厅 | 105.23平米 | 南 北,https://ke-image.ljcdn.com/110000-inspection/pc1_LbJ24chtc.jpg!m_fill,w_280,h_210,f_jpg?from=ke.com
20230502,亦庄开发区,亦庄,101118486122,贵园南里丙 满五年 南北通透 诚意出售 看房方便,358万,59617元/平,高楼层 (共6层) | 2001年建 | 2室1厅 | 60.05平米 | 南 北,https://ke-image.ljcdn.com/110000-inspection/pc1_eEerps4jK.jpg!m_fill,w_280,h_210,f_jpg?from=ke.com
20230502,亦庄开发区,亦庄,101118481509,精装双卫两居 南北优化格局 满五唯一 有车位 诚意出售房主自荐,595万,75556元/平,底层 (共8层) 2室2厅 | 78.75平米 | 南 北,https://ke-image.ljcdn.com/110000-inspection/pc1_YvKuRIi8W.jpg!m_fill,w_280,h_210,f_jpg?from=ke.com
20230502,亦庄开发区,亦庄,101118478300,南北通透 有电梯 满5唯一 靠谱出售 看房方便,748万,62631元/平,中楼层 (共11层) 2室2厅 | 119.43平米 | 南 北,https://ke-image.ljcdn.com/110000-inspection/pc1_1uL34rMDR.jpg!m_fill,w_280,h_210,f_jpg?from=ke.com
20230502,亦庄开发区,亦庄,101118475821,小康东里 满五唯一正规一居室 高楼层视野采光好,229万,39381元/平,顶层 (共6层) | 2003年建 | 1室1厅 | 58.15平米 | 东 北,https://ke-image.ljcdn.com/110000-inspection/a6e2ec93-0279-4bbb-a577-4f12f4b45919_1000.jpg!m_fill,w_280,h_210,f_jpg?from=ke.com
20230502,亦庄开发区,亦庄,101118475719,远洋天著三期 4室2厅 南 北,1600万,69472元/平,中楼层 (共4层) 4室2厅 | 230.31平米 | 南 北,https://ke-image.ljcdn.com/110000-inspection/35f00f68-684c-4a5e-a748-ff62e8bf2277_1000.jpg!m_fill,w_280,h_210,f_jpg?from=ke.com
20230502,亦庄开发区,亦庄,101118475412,此房按满五唯一出售、东西通透、户型方正、中间楼层、,650万,62160元/平,中楼层 (共11层) | 2000年建 | 2室1厅 | 104.57平米 | 东 西,https://ke-image.ljcdn.com/110000-inspection/df999dda-6b16-4dc9-b9c0-27d19c6aef33_1000.jpg!m_fill,w_280,h_210,f_jpg?from=ke.com
20230502,亦庄开发区,亦庄,101118473566,上海沙龙  高楼层 精装修三居室  采光好  通车库,950万,64613元/平,高楼层 (共9层) 3室2厅 | 147.03平米 | 南 北,https://ke-image.ljcdn.com/110000-inspection/pc1_O9mNJxfUh.jpg!m_fill,w_280,h_210,f_jpg?from=ke.com
20230502,亦庄开发区,亦庄,101118472145,大雄春华屋精装修次顶层三居室,905万,60101元/平,高楼层 (共18层) | 2003年建 | 3室1厅 | 150.58平米 | 南 北,https://ke-image.ljcdn.com/110000-inspection/pc1_o1KVGoYTN.jpg!m_fill,w_280,h_210,f_jpg?from=ke.com
20230502,亦庄开发区,亦庄,101118461298,贵园两居 满五诚意出售 南北通透 楼层好 看房方便,485万,53586元/平,中楼层 (共6层) | 2001年建 | 2室1厅 | 90.51平米 | 南 北,https://ke-image.ljcdn.com/110000-inspection/pc1_NrghVtGIb.jpg!m_fill,w_280,h_210,f_jpg?from=ke.com
20230502,亦庄开发区,亦庄,101118459278,小康家园 满五唯一 落地窗大两居 就这一套,420万,38775元/平,高楼层 (共6层) | 2002年建 | 2室2厅 | 108.32平米 | 南 北,https://ke-image.ljcdn.com/110000-inspection/pc1_l9cLGlDTw.jpg!m_fill,w_280,h_210,f_jpg?from=ke.com
20230502,亦庄开发区,亦庄,101118457580,郁金香舍 3室2厅 南 北,1000万,73004元/平,中楼层 (共9层) | 2005年建 | 3室2厅 | 136.98平米 | 南 北,https://ke-image.ljcdn.com/110000-inspection/pc1_aUKZUhdR3.jpg!m_fill,w_280,h_210,f_jpg?from=ke.com
20230502,亦庄开发区,亦庄,101118455232,南北通透格局方正视野宽阔采光充足,820万,74655元/平,中楼层 (共5层) 2室2厅 | 109.84平米 | 南 北,https://ke-image.ljcdn.com/110000-inspection/pc1_96E7VeGpq.jpg!m_fill,w_280,h_210,f_jpg?from=ke.com
20230502,亦庄开发区,亦庄,101118452390,贵园南里丁区 大三居 南北双阳台 房子保持的干干净净,530万,50977元/平,顶层 (共6层) | 2001年建 | 3室1厅 | 103.97平米 | 南 北,https://ke-image.ljcdn.com/110000-inspection/pc1_kTy3gaFCp.jpg!m_fill,w_280,h_210,f_jpg?from=ke.com
20230502,亦庄开发区,亦庄,101118450734,小康东里+东南向一居+满五唯一+户型方正,265万,46508元/平,顶层 (共6层) 1室1厅 | 56.98平米 | 东南,https://ke-image.ljcdn.com/110000-inspection/da6d2481-bd7a-4313-aae0-18aaeb252e5d_1000.jpg!m_fill,w_280,h_210,f_jpg?from=ke.com
20230502,亦庄开发区,亦庄,101118447715,瀛景园南北通透两居室。满五年唯一视野好,580万,61907元/平,高楼层 (共6层) | 2004年建 | 2室1厅 | 93.69平米 | 南 北,https://ke-image.ljcdn.com/110000-inspection/pc1_aowXcydAv.jpg!m_fill,w_280,h_210,f_jpg?from=ke.com
20230502,亦庄开发区,亦庄,101118441114,贵园三居 满五年 南北通透 诚意出售 采光好 看房方便,536万,52596元/平,高楼层 (共6层) | 1995年建 | 3室1厅 | 101.91平米 | 南 北,https://ke-image.ljcdn.com/110000-inspection/pc1_WE97LI91X.jpg!m_fill,w_280,h_210,f_jpg?from=ke.com
20230502,亦庄开发区,亦庄,101118438409,贵园南里 南北通透三居室 中楼层 采光好 不临街,545万,54604元/平,中楼层 (共6层) | 1995年建 | 3室2厅 | 99.81平米 | 南 北,https://ke-image.ljcdn.com/110000-inspection/pc1_dc9GLP8Xr.jpg!m_fill,w_280,h_210,f_jpg?from=ke.com
20230502,亦庄开发区,亦庄,101118425169,和成璟园  平层四居  眼睛户型 全明格局 南北通透,947万,53518元/平,低楼层 (共14层) | 2014年建 | 4室2厅 | 176.95平米 | 南 北,https://ke-image.ljcdn.com/110000-inspection/pc1_5pMi9DG9g.jpg!m_fill,w_280,h_210,f_jpg?from=ke.com
20230502,亦庄开发区,亦庄,101118423359,通泰国际公馆 小户型 有电梯 临地铁,345万,64777元/平,高楼层 (共14层) 1室1厅 | 53.26平米 | 南,https://ke-image.ljcdn.com/110000-inspection/pc1_orBewPvif.jpg!m_fill,w_280,h_210,f_jpg?from=ke.com
20230502,亦庄开发区,亦庄,101118420775,富源里优质低楼层两居室位置好 交通便利 周边配套成熟,558万,59092元/平,低楼层 (共6层) | 2001年建 | 2室2厅 | 94.43平米 | 南 北,https://ke-image.ljcdn.com/110000-inspection/pc1_CJVsleqR9.jpg!m_fill,w_280,h_210,f_jpg?from=ke.com
20230502,亦庄开发区,亦庄,101118417529,新康家园 3室1厅 南 北,800万,62243元/平,中楼层 (共7层) 3室1厅 | 128.53平米 | 南 北,https://ke-image.ljcdn.com/110000-inspection/pc1_KkAo3lJsh.jpg!m_fill,w_280,h_210,f_jpg?from=ke.com
20230502,亦庄开发区,亦庄,101118413375,金地格林小镇 西边户全明格局大三居房主自荐,1030万,64513元/平,中楼层 (共5层) 3室2厅 | 159.66平米 | 西南 北,https://ke-image.ljcdn.com/110000-inspection/pc1_XIdL5kqSU.jpg!m_fill,w_280,h_210,f_jpg?from=ke.com
20230502,亦庄开发区,亦庄,101118407504,一品亦庄  2022年装完的 满五年唯一 小厨房 南北通透,749万,62485元/平,中楼层 (共11层) 2室1厅 | 119.87平米 | 南 北,https://ke-image.ljcdn.com/110000-inspection/pc1_bcDORVfva.jpg!m_fill,w_280,h_210,f_jpg?from=ke.com
20230502,亦庄开发区,亦庄,101118398821,亦庄荣华南路1号院国锐金嵿小区,2360万,82851元/平,低楼层 (共31层) 4室2厅 | 284.85平米 | 东 西,https://ke-image.ljcdn.com/110000-inspection/09f6d5d3-c2c6-4a8a-9197-c8d90db5aca3_1000.jpg!m_fill,w_280,h_210,f_jpg?from=ke.com
20230502,亦庄开发区,亦庄,101118394207,和成璟园   一梯一户  精装  大平层 满五唯一,1498万,65001元/平,中楼层 (共8层) 4室2厅 | 230.46平米 | 南 北,https://ke-image.ljcdn.com/110000-inspection/73cbe8d7-896e-41ea-b393-e9e362b698e9_1000.jpg!m_fill,w_280,h_210,f_jpg?from=ke.com
20230502,亦庄开发区,亦庄,101118391624,新康家园 3室1厅 南 北,838万,56155元/平,高楼层 (共15层) | 2003年建 | 3室1厅 | 149.23平米 | 南 北,https://ke-image.ljcdn.com/110000-inspection/3a9422cd-2473-4db5-82c9-8310f87cd27f_1000.jpg!m_fill,w_280,h_210,f_jpg?from=ke.com
20230502,亦庄开发区,亦庄,101118387423,边户双明卫大两居满五唯一带电梯,910万,74682元/平,低楼层 (共9层) | 2003年建 | 2室2厅 | 121.85平米 | 南 北,https://ke-image.ljcdn.com/110000-inspection/pc1_eQNbPerDf.jpg!m_fill,w_280,h_210,f_jpg?from=ke.com
20230502,亦庄开发区,亦庄,101118385305,东晶国际采光好 户型方正 满五唯一 精装房,788万,52021元/平,底层 (共5层) | 2004年建 | 4室2厅 | 151.48平米 | 东 西,https://ke-image.ljcdn.com/110000-inspection/pc1_9FRHlnBQ3.jpg!m_fill,w_280,h_210,f_jpg?from=ke.com
20230502,亦庄开发区,亦庄,101118377552,亦庄新城小康家园精装修正规南北三居室总价少,385万,37116元/平,顶层 (共6层) | 2000年建 | 3室1厅 | 103.73平米 | 南 北,https://ke-image.ljcdn.com/110000-inspection/53a8a493-cafd-424b-b3e0-e475d0d46044_1000.jpg!m_fill,w_280,h_210,f_jpg?from=ke.com
20230502,亦庄开发区,亦庄,101118375985,上海沙龙眼镜户型三居出售 电梯房 产权清晰  满五唯一,937万,71967元/平,中楼层 (共8层) 3室2厅 | 130.2平米 | 南 北,https://ke-image.ljcdn.com/110000-inspection/pc1_QzjBoK4Ie.jpg!m_fill,w_280,h_210,f_jpg?from=ke.com
20230502,亦庄开发区,亦庄,101118368480,金色漫香林五期中高楼层两居室 采光好 视野好,530万,59692元/平,中楼层 (共8层) 2室1厅 | 88.79平米 | 南 北,https://ke-image.ljcdn.com/110000-inspection/52a20ee3-fe0f-4466-83f5-f0d962b25538_1000.jpg!m_fill,w_280,h_210,f_jpg?from=ke.com
20230502,亦庄开发区,亦庄,101118364743,大雄郁金香舍 中间楼层 价格合适 采光好 看房方便,835万,64291元/平,中楼层 (共5层) 3室2厅 | 129.88平米 | 南 北,https://ke-image.ljcdn.com/110000-inspection/8467af2f-f3a7-42a3-97a6-8c8933e16c04_1000.jpg!m_fill,w_280,h_210,f_jpg?from=ke.com
20230502,亦庄开发区,亦庄,101118358639,金色漫香林一期 边户大三居 南北通透 明厨明卫,745万,57282元/平,中楼层 (共4层) | 2009年建 | 3室2厅 | 130.06平米 | 东 南 北,https://ke-image.ljcdn.com/110000-inspection/928d3625-ad06-4aa3-baf1-c6b058aa0f7e_1000.jpg!m_fill,w_280,h_210,f_jpg?from=ke.com
20230502,亦庄开发区,亦庄,101118355351,金地格林小镇 一层全明格局两居,985万,90012元/平,底层 (共4层) | 2003年建 | 2室1厅 | 109.43平米 | 西南 北,https://ke-image.ljcdn.com/110000-inspection/pc1_sOZPbmocH.jpg!m_fill,w_280,h_210,f_jpg?from=ke.com
20230502,亦庄开发区,亦庄,101118353339,新康家园 2室1厅 南 北,690万,70835元/平,中楼层 (共6层) 2室1厅 | 97.41平米 | 南 北,https://ke-image.ljcdn.com/110000-inspection/pc1_kZEAG4v7N.jpg!m_fill,w_280,h_210,f_jpg?from=ke.com
20230502,亦庄开发区,亦庄,101118349455,广德苑优质两居室 满五唯一 采光充足 交通便利房主自荐,482万,67783元/平,顶层 (共6层) | 2003年建 | 2室1厅 | 71.11平米 | 南 北,https://ke-image.ljcdn.com/110000-inspection/pc1_GknLRAzsP.jpg!m_fill,w_280,h_210,f_jpg?from=ke.com
20230502,亦庄开发区,亦庄,101118342904,一品亦庄精装修两居 婚房装修只有契税,738万,59927元/平,低楼层 (共16层) 2室2厅 | 123.15平米 | 南 北,https://ke-image.ljcdn.com/110000-inspection/pc1_5gTRZZKd1.jpg!m_fill,w_280,h_210,f_jpg?from=ke.com
20230502,亦庄开发区,亦庄,101118338985,带电梯两卫两居精装修高楼层采光好出行方便。,650万,60720元/平,高楼层 (共15层) | 2000年建 | 2室1厅 | 107.05平米 | 西南,https://ke-image.ljcdn.com/110000-inspection/pc1_jayE8Cr4i.jpg!m_fill,w_280,h_210,f_jpg?from=ke.com
20230502,亦庄开发区,亦庄,101118338809,三羊里 满五唯一仅契税  一层两居适合老人孩子家庭,345万,49034元/平,底层 (共5层) | 2010年建 | 2室1厅 | 70.36平米 | 南 北,https://ke-image.ljcdn.com/110000-inspection/985c6c24-47db-424b-a2bd-f178044db907_1000.jpg!m_fill,w_280,h_210,f_jpg?from=ke.com
20230502,亦庄开发区,亦庄,101118332664,贵园北里甲新上次顶层优质两居靠谱卖！,475万,53528元/平,高楼层 (共6层) | 1995年建 | 2室1厅 | 88.74平米 | 南 北,https://ke-image.ljcdn.com/110000-inspection/pc1_c8nVSnwZF.jpg!m_fill,w_280,h_210,f_jpg?from=ke.com
20230502,亦庄开发区,亦庄,101118327347,低楼层边户全明格局采光好靠谱卖,356万,60897元/平,中楼层 (共6层) | 1995年建 | 2室1厅 | 58.46平米 | 南 北,https://ke-image.ljcdn.com/110000-inspection/pc1_3lYU0xqjg.jpg!m_fill,w_280,h_210,f_jpg?from=ke.com
20230502,亦庄开发区,亦庄,101118326183,上海沙龙 满五唯一   装修保持很好  主诚意出售！,398万,90005元/平,中楼层 (共9层) | 2006年建 | 1室0厅 | 44.22平米 | 北,https://ke-image.ljcdn.com/110000-inspection/pc1_WwKv0M9zK.jpg!m_fill,w_280,h_210,f_jpg?from=ke.com
20230502,亦庄开发区,亦庄,101118325397,莱茵河畔小区一层两居室户型方正南北通透房主自荐,745万,70330元/平,底层 (共5层) | 2002年建 | 2室2厅 | 105.93平米 | 南 北,https://ke-image.ljcdn.com/110000-inspection/b3b1ad1c-b0c1-47f4-8ba0-46a9cdedf379_1000.jpg!m_fill,w_280,h_210,f_jpg?from=ke.com
20230502,亦庄开发区,亦庄,101118322868,一品亦庄 南北通透大三居 电梯高楼层 不临街 诚意卖,920万,54649元/平,中楼层 (共16层) | 2005年建 | 3室2厅 | 168.35平米 | 南 北,https://ke-image.ljcdn.com/110000-inspection/pc1_dXjovIXMW.jpg!m_fill,w_280,h_210,f_jpg?from=ke.com
20230502,亦庄开发区,亦庄,101118320086,沙龙精装两居诚心出售采光充足,740万,79383元/平,顶层 (共9层) | 2003年建 | 2室2厅 | 93.22平米 | 南 北,https://ke-image.ljcdn.com/110000-inspection/e2f82667-d7f4-4fa8-9f00-bc2bbec8cbd3_1000.jpg!m_fill,w_280,h_210,f_jpg?from=ke.com
20230502,亦庄开发区,亦庄,101118314388,北京经开壹中心  高楼层 无遮挡 采光好,520万,67167元/平,中楼层 (共11层) | 2016年建 | 2室1厅 | 77.42平米 | 南 北,https://ke-image.ljcdn.com/110000-inspection/pc1_1REwxcM2A.jpg!m_fill,w_280,h_210,f_jpg?from=ke.com
20230502,亦庄开发区,亦庄,101118312939,小康东里精装一居中间楼层满五唯一看房方便,278万,48936元/平,中楼层 (共6层) 1室1厅 | 56.81平米 | 东 北,https://ke-image.ljcdn.com/110000-inspection/66ebed4d-6b87-43dd-968e-4a83d0419c91_1000.jpg!m_fill,w_280,h_210,f_jpg?from=ke.com
20230502,亦庄开发区,亦庄,101118312225,金色漫香林四期东边户毛坯房采光好。,535万,58305元/平,低楼层 (共8层) 2室1厅 | 91.76平米 | 南 北,https://ke-image.ljcdn.com/110000-inspection/f3fc39f3-195b-4838-a8aa-61093a6f99cf_1000.jpg!m_fill,w_280,h_210,f_jpg?from=ke.com
20230502,亦庄开发区,亦庄,101118308241,南北通透三居室  看房有钥匙 业主诚意出售 户型好,985万,63008元/平,中楼层 (共4层) | 2002年建 | 3室2厅 | 156.33平米 | 南 北,https://ke-image.ljcdn.com/110000-inspection/pc1_W63h1zH00.jpg!m_fill,w_280,h_210,f_jpg?from=ke.com
20230502,亦庄开发区,亦庄,101118307203,富源里小区南向卧室一居室诚意出售,390万,61167元/平,顶层 (共6层) | 2002年建 | 1室1厅 | 63.76平米 | 南 北,https://ke-image.ljcdn.com/110000-inspection/pc1_WWqYJKC65.jpg!m_fill,w_280,h_210,f_jpg?from=ke.com
20230502,亦庄开发区,亦庄,101118306911,东晶国际 诚意卖 朝向好 看房很方便,365万,87699元/平,中楼层 (共18层) | 2002年建 | 1室1厅 | 41.62平米 | 东,https://ke-image.ljcdn.com/110000-inspection/pc1_zZolT7RcG.jpg!m_fill,w_280,h_210,f_jpg?from=ke.com
20230502,亦庄开发区,亦庄,101118306375,上海沙龙双卫户型大2居临水系高楼层。,745万,76130元/平,顶层 (共9层) 2室2厅 | 97.86平米 | 南 北,https://ke-image.ljcdn.com/110000-inspection/pc1_WgG7rVn74.jpg!m_fill,w_280,h_210,f_jpg?from=ke.com
20230502,亦庄开发区,亦庄,101118305885,贵园南里丙低楼层南北两居位置好！,372万,62187元/平,低楼层 (共6层) | 2001年建 | 2室1厅 | 59.82平米 | 南 北,https://ke-image.ljcdn.com/110000-inspection/pc1_6DmC9XGA4_1.jpg!m_fill,w_280,h_210,f_jpg?from=ke.com
20230502,亦庄开发区,亦庄,101118305404,贵园南里丙区 1室1厅 南 北,370万,61853元/平,高楼层 (共6层) | 2001年建 | 1室1厅 | 59.82平米 | 南 北,https://ke-image.ljcdn.com/110000-inspection/pc1_nlH9Q0p7S.jpg!m_fill,w_280,h_210,f_jpg?from=ke.com
20230502,亦庄开发区,亦庄,101118302868,大雄城市花园 三居室 满五唯一 高楼层 看房提前约新上,788万,53992元/平,中楼层 (共11层) 3室1厅 | 145.95平米 | 东 西,https://ke-image.ljcdn.com/110000-inspection/pc1_M3Nzk3jBF.jpg!m_fill,w_280,h_210,f_jpg?from=ke.com
20230502,亦庄开发区,亦庄,101118298355,富源里 南北通透三居室 全明格局 双卫,668万,51908元/平,中楼层 (共6层) | 2001年建 | 3室1厅 | 128.69平米 | 南 北,https://ke-image.ljcdn.com/110000-inspection/pc1_UKB64K2iY.jpg!m_fill,w_280,h_210,f_jpg?from=ke.com
20230502,亦庄开发区,亦庄,101118291182,东晶国际 1室0厅 西,360万,93922元/平,底层 (共10层) | 2002年建 | 1室0厅 | 38.33平米 | 西,https://ke-image.ljcdn.com/110000-inspection/pc1_CTsRjJ263.jpg!m_fill,w_280,h_210,f_jpg?from=ke.com
20230502,亦庄开发区,亦庄,101118290115,满五年唯一住房精装修拎包入住,570万,55292元/平,中楼层 (共6层) 3室2厅 | 103.09平米 | 南 北,https://ke-image.ljcdn.com/110000-inspection/98c8358b-0421-4ca5-9e86-2053895823d8_1000.jpg!m_fill,w_280,h_210,f_jpg?from=ke.com
20230502,亦庄开发区,亦庄,101118289377,贵园东里三居室小区中间位置南北通透房主自荐,518万,52456元/平,顶层 (共6层) | 1996年建 | 3室2厅 | 98.75平米 | 南 北,https://ke-image.ljcdn.com/110000-inspection/aaf712e3-4132-4c3b-94b8-bc6861730f02_1000.jpg!m_fill,w_280,h_210,f_jpg?from=ke.com
20230502,亦庄开发区,亦庄,101118288595,此房卖点全南户型保持的干净看房方便,338万,76247元/平,低楼层 (共11层) 1室1厅 | 44.33平米 | 南,https://ke-image.ljcdn.com/110000-inspection/pc1_6mxpZKhSy.jpg!m_fill,w_280,h_210,f_jpg?from=ke.com
20230502,亦庄开发区,亦庄,101118287967,金色漫香林五期  一梯两户  中高楼层  满五唯一,525万,57516元/平,中楼层 (共9层) 2室1厅 | 91.28平米 | 南 北,https://ke-image.ljcdn.com/110000-inspection/e3baaabe-dc15-4a3c-ba01-d80035ed3223_1000.jpg!m_fill,w_280,h_210,f_jpg?from=ke.com
20230502,亦庄开发区,亦庄,101118280353,小康东里方正大一居满五唯一。,265万,47594元/平,高楼层 (共6层) 1室1厅 | 55.68平米 | 西南,https://ke-image.ljcdn.com/110000-inspection/62961ce0-e9f8-4514-92c5-742ce7efe6a5_1000.jpg!m_fill,w_280,h_210,f_jpg?from=ke.com
20230502,亦庄开发区,亦庄,101118270314,正规一居室  满五唯一 产权清晰 随时可看,418万,78868元/平,底层 (共15层) | 2000年建 | 1室1厅 | 53平米 | 南,https://ke-image.ljcdn.com/110000-inspection/pc1_s7ijbRq3H.jpg!m_fill,w_280,h_210,f_jpg?from=ke.com
20230502,亦庄开发区,亦庄,101118266041,南北通透 户型方正 一梯两户 带8平米平台,980万,59380元/平,低楼层 (共9层) | 2016年建 | 4室2厅 | 165.04平米 | 南 北,https://ke-image.ljcdn.com/110000-inspection/2d27fa0d-76ca-4069-af37-862652a8c819_1000.jpg!m_fill,w_280,h_210,f_jpg?from=ke.com
20230502,亦庄开发区,亦庄,101118253016,天宝家园 中楼层 采光好 满五唯一,599万,68938元/平,中楼层 (共5层) 2室1厅 | 86.89平米 | 南 北,https://ke-image.ljcdn.com/110000-inspection/pc1_HdjA76D5s.jpg!m_fill,w_280,h_210,f_jpg?from=ke.com
20230502,亦庄开发区,亦庄,101118251082,上海沙龙南北通透 中间位置 大3居 带电梯,1040万,64742元/平,中楼层 (共9层) 3室2厅 | 160.64平米 | 南 北,https://ke-image.ljcdn.com/110000-inspection/46e5873e-81cc-4047-b3b5-83ac28e4b679_1000.jpg!m_fill,w_280,h_210,f_jpg?from=ke.com
20230502,亦庄开发区,亦庄,101118244035,小区中间楼栋 采光好 精装修 全南向 格局方正视野好房主自荐,355万,79812元/平,顶层 (共11层) 1室0厅 | 44.48平米 | 南,https://ke-image.ljcdn.com/110000-inspection/pc1_AnCuMi5AJ.jpg!m_fill,w_280,h_210,f_jpg?from=ke.com
20230502,亦庄开发区,亦庄,101118237428,上海沙龙户型方正诚意出售朝向好采光充足房主自荐,420万,75350元/平,中楼层 (共9层) 1室1厅 | 55.74平米 | 南,https://ke-image.ljcdn.com/110000-inspection/pc1_NU9BM4cpD.jpg!m_fill,w_280,h_210,f_jpg?from=ke.com
20230502,亦庄开发区,亦庄,101118235914,浉城百丽 看房方便 满五唯一 视野开阔房主自荐,799万,63168元/平,顶层 (共4层) 2室2厅 | 126.49平米 | 南 北,https://ke-image.ljcdn.com/110000-inspection/pc1_Lw9Xx2cgk.jpg!m_fill,w_280,h_210,f_jpg?from=ke.com
20230502,亦庄开发区,亦庄,101118235023,富源里小区 满五年唯一 精装修 南北通透 中间位置房主自荐,540万,55602元/平,底层 (共6层) | 2001年建 | 3室2厅 | 97.12平米 | 南 北,https://ke-image.ljcdn.com/110000-inspection/ea5c35f6-95e2-45e8-aa7a-991f3cfe055d_1000.jpg!m_fill,w_280,h_210,f_jpg?from=ke.com
20230502,亦庄开发区,亦庄,101118222441,新康家园  精装好房 直接拎包入住  满五唯一出售,635万,62280元/平,中楼层 (共6层) | 2001年建 | 2室1厅 | 101.96平米 | 东 西,https://ke-image.ljcdn.com/110000-inspection/pc1_dihnV81WI.jpg!m_fill,w_280,h_210,f_jpg?from=ke.com
20230502,亦庄开发区,亦庄,101118215143,瀛景园经典南向一居次顶层位置好！,408万,67786元/平,高楼层 (共6层) 1室1厅 | 60.19平米 | 南 北,https://ke-image.ljcdn.com/110000-inspection/pc1_sNTeiwF8G.jpg!m_fill,w_280,h_210,f_jpg?from=ke.com
20230502,亦庄开发区,亦庄,101118213035,南北双通透3居  满五唯一 采光好,1008万,63705元/平,低楼层 (共9层) | 2004年建 | 3室2厅 | 158.23平米 | 南 北,https://ke-image.ljcdn.com/110000-inspection/pc1_OsFOEQXHe.jpg!m_fill,w_280,h_210,f_jpg?from=ke.com
20230502,亦庄开发区,亦庄,101118210085,小康家园 3室1厅 南 北,470万,45512元/平,高楼层 (共6层) 3室1厅 | 103.27平米 | 南 北,https://ke-image.ljcdn.com/110000-inspection/pc1_NJ0gilrh5.jpg!m_fill,w_280,h_210,f_jpg?from=ke.com
20230502,亦庄开发区,亦庄,101118205966,上海沙龙  南北通透四居室  高楼层  采光好,999万,66958元/平,中楼层 (共9层) | 2003年建 | 4室2厅 | 149.2平米 | 东 南 北,https://ke-image.ljcdn.com/110000-inspection/pc1_4TD3gsyht.jpg!m_fill,w_280,h_210,f_jpg?from=ke.com
20230502,亦庄开发区,亦庄,101118198156,五期 精装修 顶层 复式 一梯两户全明格局,700万,78187元/平,顶层 (共9层) 4室1厅 | 89.53平米 | 南 北,https://ke-image.ljcdn.com/110000-inspection/pc1_Nimt1ygbc.jpg!m_fill,w_280,h_210,f_jpg?from=ke.com
20230502,亦庄开发区,亦庄,101118181944,上海沙龙 2室2厅 南 北,710万,78212元/平,低楼层 (共9层) | 2003年建 | 2室2厅 | 90.78平米 | 南 北,https://ke-image.ljcdn.com/110000-inspection/pc1_5FZlel1gR.jpg!m_fill,w_280,h_210,f_jpg?from=ke.com
20230502,亦庄开发区,亦庄,101118181667,新康家园  东南向两居室  业主诚心出售,660万,58573元/平,高楼层 (共6层) 2室1厅 | 112.68平米 | 东南,https://ke-image.ljcdn.com/110000-inspection/pc1_uuRPjyCgZ.jpg!m_fill,w_280,h_210,f_jpg?from=ke.com
20230502,亦庄开发区,亦庄,101118174879,金色漫香林 精装小两居 满五唯一 看房方便 有电梯,465万,60952元/平,低楼层 (共9层) | 2010年建 | 2室1厅 | 76.29平米 | 东南,https://ke-image.ljcdn.com/110000-inspection/pc1_INLUfUy6L.jpg!m_fill,w_280,h_210,f_jpg?from=ke.com
20230502,亦庄开发区,亦庄,101118170891,楼上38平米原购房发票374万不临街空间格局大房主自荐,665万,65849元/平,顶层 (共6层) | 2004年建 | 2室1厅 | 100.99平米 | 南 北,https://ke-image.ljcdn.com/110000-inspection/pc1_U20BDH7qx.jpg!m_fill,w_280,h_210,f_jpg?from=ke.com
20230502,亦庄开发区,亦庄,101118141865,贵园南里丙中间楼层。满五唯一。精装修一居室。,362万,60455元/平,高楼层 (共6层) | 2001年建 | 1室1厅 | 59.88平米 | 南 北,https://ke-image.ljcdn.com/110000-inspection/pc1_gjFhm0hnk.jpg!m_fill,w_280,h_210,f_jpg?from=ke.com
20230502,亦庄开发区,亦庄,101118140851,听涛雅苑  三居室  满五唯一  精装修,820万,59693元/平,底层 (共7层) | 2000年建 | 3室1厅 | 137.37平米 | 南 北,https://ke-image.ljcdn.com/110000-inspection/pc1_WijfI0Ydb.jpg!m_fill,w_280,h_210,f_jpg?from=ke.com
20230502,亦庄开发区,亦庄,101118138085,满五年唯一南北通透采光充足东边户带明卫,1250万,76947元/平,底层 (共5层) | 2003年建 | 3室2厅 | 162.45平米 | 南 北,https://ke-image.ljcdn.com/110000-inspection/pc1_vmAoQJHnv.jpg!m_fill,w_280,h_210,f_jpg?from=ke.com
20230502,亦庄开发区,亦庄,101118115783,贵园南里丙区5层次顶层满五年南北通透格局好,369万,61624元/平,高楼层 (共6层) | 2001年建 | 2室1厅 | 59.88平米 | 南 北,https://ke-image.ljcdn.com/110000-inspection/pc1_l9igg9Jfp.jpg!m_fill,w_280,h_210,f_jpg?from=ke.com
20230502,亦庄开发区,亦庄,101118112265,金色漫香林五期 南北两居 视野好 采光好 看房方便,525万,58295元/平,中楼层 (共6层) | 2011年建 | 2室1厅 | 90.06平米 | 南 北,https://ke-image.ljcdn.com/110000-inspection/9706609c-6fff-41a3-8d58-af4f16289234_1000.jpg!m_fill,w_280,h_210,f_jpg?from=ke.com
20230502,亦庄开发区,亦庄,101118106089,天宝家园 2室2厅 南 北,575万,66352元/平,顶层 (共6层) | 2001年建 | 2室2厅 | 86.66平米 | 南 北,https://ke-image.ljcdn.com/110000-inspection/pc1_ulLOqcw4y.jpg!m_fill,w_280,h_210,f_jpg?from=ke.com
20230502,亦庄开发区,亦庄,101118104985,（推荐）五环边小康家园中间楼层两居满五唯一,358万,39730元/平,中楼层 (共6层) | 2000年建 | 2室1厅 | 90.11平米 | 南 北,https://ke-image.ljcdn.com/110000-inspection/aecc2e59-70f2-4a2f-82fd-09e2f01b065f_1000.jpg!m_fill,w_280,h_210,f_jpg?from=ke.com
20230502,亦庄开发区,亦庄,101118091944,满五年  靠谱卖  有钥匙 装修不错,328万,55707元/平,顶层 (共6层) | 1995年建 | 1室1厅 | 58.88平米 | 东 西,https://ke-image.ljcdn.com/110000-inspection/pc1_uQ5JJlzzO.jpg!m_fill,w_280,h_210,f_jpg?from=ke.com
20230502,亦庄开发区,亦庄,101118081245,贵园南里甲区 2室1厅 南 北,495万,56565元/平,中楼层 (共5层) | 1995年建 | 2室1厅 | 87.51平米 | 南 北,https://ke-image.ljcdn.com/110000-inspection/pc1_gUbV71T0x.jpg!m_fill,w_280,h_210,f_jpg?from=ke.com
20230502,亦庄开发区,亦庄,101118064430,小康东里 南北通透两居室 好楼层 业主诚意出售,360万,46912元/平,中楼层 (共6层) 2室2厅 | 76.74平米 | 南 北,https://ke-image.ljcdn.com/110000-inspection/pc1_WaRkLooKH.jpg!m_fill,w_280,h_210,f_jpg?from=ke.com
20230502,亦庄开发区,亦庄,101118059756,贵园南里 南北通透两居室 配套成熟 采光视野好房主自荐,450万,51453元/平,顶层 (共5层) 2室2厅 | 87.46平米 | 南 北,https://ke-image.ljcdn.com/110000-inspection/pc1_H4hgM7N03.jpg!m_fill,w_280,h_210,f_jpg?from=ke.com
20230502,亦庄开发区,亦庄,101118058619,亦庄上海沙龙电梯四居双卫  满五唯一 产权清晰 不临街,1048万,66970元/平,中楼层 (共7层) 4室2厅 | 156.49平米 | 南 北,https://ke-image.ljcdn.com/110000-inspection/pc1_ucWXCso0L.jpg!m_fill,w_280,h_210,f_jpg?from=ke.com
20230502,亦庄开发区,亦庄,101118054104,鹿鸣苑 三居室  近地铁 诚意出售 全明格局,720万,51242元/平,低楼层 (共15层) | 2000年建 | 3室1厅 | 140.51平米 | 南 北,https://ke-image.ljcdn.com/110000-inspection/pc1_oocPhpPpZ.jpg!m_fill,w_280,h_210,f_jpg?from=ke.com
20230502,亦庄开发区,亦庄,101118048821,星岛电梯、精装、错层大三居临地铁、位置佳房主自荐,998万,59008元/平,低楼层 (共9层) | 2004年建 | 3室2厅 | 169.13平米 | 南 北,https://ke-image.ljcdn.com/110000-inspection/pc1_nV6UdeAWJ.jpg!m_fill,w_280,h_210,f_jpg?from=ke.com
20230502,亦庄开发区,亦庄,101118033257,通泰国际公馆纯南开间采光充,355万,66655元/平,中楼层 (共14层) 1室0厅 | 53.26平米 | 南,https://ke-image.ljcdn.com/110000-inspection/pc1_t9TF6hRxA.jpg!m_fill,w_280,h_210,f_jpg?from=ke.com
20230502,亦庄开发区,亦庄,101118028059,满五唯一高楼层地铁300米生活便利看房随时,480万,72257元/平,中楼层 (共15层) | 2000年建 | 2室1厅 | 66.43平米 | 东北,https://ke-image.ljcdn.com/110000-inspection/pc1_X8XGiFROo.jpg!m_fill,w_280,h_210,f_jpg?from=ke.com
20230502,亦庄开发区,亦庄,101118026291,新康家园 2室1厅 东 西,620万,60583元/平,中楼层 (共6层) 2室1厅 | 102.34平米 | 东 西,https://ke-image.ljcdn.com/110000-inspection/f8c5eadf-8384-4c90-8fea-762b28e0596c_1000.jpg!m_fill,w_280,h_210,f_jpg?from=ke.com
20230502,亦庄开发区,亦庄,101118019502,新康家园 南北通透 两居室 采光好,630万,70708元/平,中楼层 (共4层) 2室2厅 | 89.1平米 | 南 北,https://ke-image.ljcdn.com/110000-inspection/pc1_6drLmuCYI.jpg!m_fill,w_280,h_210,f_jpg?from=ke.com
20230502,亦庄开发区,亦庄,101117997553,金色漫香林一期 3室2厅 南 北,655万,51409元/平,低楼层 (共9层) | 2009年建 | 3室2厅 | 127.41平米 | 南 北,https://ke-image.ljcdn.com/110000-inspection/c33abe51-54ec-4d9b-abbe-40926351302f_1000.jpg!m_fill,w_280,h_210,f_jpg?from=ke.com
20230502,亦庄开发区,亦庄,101117997158,星岛假日优质三居室 满五唯一 交通便利 周边配套齐全,945万,59777元/平,中楼层 (共5层) | 2004年建 | 3室2厅 | 158.09平米 | 南 北,https://ke-image.ljcdn.com/110000-inspection/pc1_mkqN66f7W.jpg!m_fill,w_280,h_210,f_jpg?from=ke.com
20230502,亦庄开发区,亦庄,101117960437,和成璟园精装修满五唯一小三居南北通透,590万,61982元/平,低楼层 (共13层) 3室1厅 | 95.19平米 | 南 北,https://ke-image.ljcdn.com/110000-inspection/48178d3e-864e-40d8-836f-2241a3026973_1000.jpg!m_fill,w_280,h_210,f_jpg?from=ke.com
20230502,亦庄开发区,亦庄,101117958431,大雄城市花园秋盛居  满五唯一 通透格局,620万,63852元/平,顶层 (共5层) | 1997年建 | 2室1厅 | 97.1平米 | 东 西,https://ke-image.ljcdn.com/110000-inspection/pc1_tWDZQutiD.jpg!m_fill,w_280,h_210,f_jpg?from=ke.com
20230502,亦庄开发区,亦庄,101117957098,亦庄 贵园经典大三居  好楼层  交通好,560万,54929元/平,中楼层 (共6层) | 1995年建 | 3室1厅 | 101.95平米 | 南 北,https://ke-image.ljcdn.com/110000-inspection/pc1_1qQOo3EOz.jpg!m_fill,w_280,h_210,f_jpg?from=ke.com
20230502,亦庄开发区,亦庄,101117955193,满五唯一南北通透 视野开阔 采光充足,1159万,73992元/平,底层 (共9层) | 2004年建 | 3室2厅 | 156.64平米 | 南 北,https://ke-image.ljcdn.com/110000-inspection/pc1_AYgdp4iSv.jpg!m_fill,w_280,h_210,f_jpg?from=ke.com
20230502,亦庄开发区,亦庄,101117951626,南向两居室 高楼层 采光好 视野好,725万,66926元/平,中楼层 (共25层) | 2003年建 | 2室1厅 | 108.33平米 | 南,https://ke-image.ljcdn.com/110000-inspection/pc1_2bFmSbmlF.jpg!m_fill,w_280,h_210,f_jpg?from=ke.com
20230502,亦庄开发区,亦庄,101117947038,郁金香舍 3室2厅 南 北,850万,65446元/平,中楼层 (共5层) 3室2厅 | 129.88平米 | 南 北,https://ke-image.ljcdn.com/110000-inspection/pc1_OkM7lZj8T.jpg!m_fill,w_280,h_210,f_jpg?from=ke.com
20230502,亦庄开发区,亦庄,101117945329,四居户型独立书房户型方正 装修好 花园110平米。,955万,59606元/平,底层 (共4层) | 2009年建 | 4室2厅 | 160.22平米 | 南 北,https://ke-image.ljcdn.com/110000-inspection/f897f014-4399-488b-bd7b-d0235a57e205_1000.jpg!m_fill,w_280,h_210,f_jpg?from=ke.com
20230502,亦庄开发区,亦庄,101117943024,新康家园  南北通透 两居室 采光好,660万,72218元/平,顶层 (共5层) 2室1厅 | 91.39平米 | 南 北,https://ke-image.ljcdn.com/110000-inspection/pc1_8OoLt8TGo.jpg!m_fill,w_280,h_210,f_jpg?from=ke.com
20230502,亦庄开发区,亦庄,101117933895,三羊里顶层复式三居 首套首付140万,370万,52595元/平,顶层 (共6层) | 2010年建 | 2室1厅 | 70.35平米 | 南 北,https://ke-image.ljcdn.com/110000-inspection/pc1_2FU0JZY9F.jpg!m_fill,w_280,h_210,f_jpg?from=ke.com
20230502,亦庄开发区,亦庄,101117933566,贵园南里丙区 小区中间位置 中楼层 南北通透精装修房主自荐,368万,61283元/平,中楼层 (共6层) | 2001年建 | 1室1厅 | 60.05平米 | 南 北,https://ke-image.ljcdn.com/110000-inspection/pc1_JXicaoYii.jpg!m_fill,w_280,h_210,f_jpg?from=ke.com
20230502,亦庄开发区,亦庄,101117916344,星岛假日平层三居中间位置中间楼层满五唯一,959万,60160元/平,中楼层 (共5层) 3室1厅 | 159.41平米 | 南 北,https://ke-image.ljcdn.com/110000-inspection/b9818a9d-4d82-4213-b990-9fa64f12449f_1000.jpg!m_fill,w_280,h_210,f_jpg?from=ke.com
20230502,亦庄开发区,亦庄,101117913339,新康家园 低楼层 东西通透 精装三居室 采光好,760万,59297元/平,底层 (共6层) 3室1厅 | 128.17平米 | 东 西,https://ke-image.ljcdn.com/110000-inspection/pc1_UjRiu3INR.jpg!m_fill,w_280,h_210,f_jpg?from=ke.com
20230502,亦庄开发区,亦庄,101117899511,境界 3室1厅 南 北 西,900万,59548元/平,中楼层 (共7层) | 2004年建 | 3室1厅 | 151.14平米 | 南 北 西,https://ke-image.ljcdn.com/110000-inspection/prod-afb33637-873d-45a2-a7a3-b78a9a46cdcc.jpg!m_fill,w_280,h_210,f_jpg?from=ke.com
20230502,亦庄开发区,亦庄,101117896150,郁金香舍四居室东边户位置安静加25平米楼上,885万,63803元/平,顶层 (共5层) | 2003年建 | 4室2厅 | 138.71平米 | 南 北,https://ke-image.ljcdn.com/110000-inspection/pc1_YwTJS4dbI.jpg!m_fill,w_280,h_210,f_jpg?from=ke.com
20230502,亦庄开发区,亦庄,101117890614,金色漫香林 精装两居 中间楼层 诚意出售,517万,59113元/平,中楼层 (共9层) | 2009年建 | 2室1厅 | 87.46平米 | 南 北,https://ke-image.ljcdn.com/110000-inspection/ca2f845a-7f4f-4720-a1cf-45877075a25e_1000.jpg!m_fill,w_280,h_210,f_jpg?from=ke.com
20230502,亦庄开发区,亦庄,101117885978,天宝家园 两居室 精装修 南北通透 业主诚心出售房主自荐,620万,72822元/平,顶层 (共6层) 2室1厅 | 85.14平米 | 南 北,https://ke-image.ljcdn.com/110000-inspection/89b0a3f2-5032-4809-bd11-996b53c22787_1000.jpg!m_fill,w_280,h_210,f_jpg?from=ke.com
20230502,亦庄开发区,亦庄,101117862092,金色漫香林五期电梯房中间位置户型方正,508万,56608元/平,低楼层 (共8层) | 2011年建 | 2室1厅 | 89.74平米 | 南 北,https://ke-image.ljcdn.com/110000-inspection/72df99d4-6b34-42fd-ad58-bb347d557261_1000.jpg!m_fill,w_280,h_210,f_jpg?from=ke.com
20230502,亦庄开发区,亦庄,101117836529,新康家园 中低楼层两居 满五唯一 中间位置没遮挡,675万,69359元/平,中楼层 (共6层) 2室1厅 | 97.32平米 | 南 北,https://ke-image.ljcdn.com/110000-inspection/pc1_o8ypMAbkq.jpg!m_fill,w_280,h_210,f_jpg?from=ke.com
20230502,亦庄开发区,亦庄,101117831098,北京经开壹中心楼层高采光好装修好,620万,67946元/平,中楼层 (共14层) 3室1厅 | 91.25平米 | 南 北,https://ke-image.ljcdn.com/110000-inspection/pc1_e5VuJbnGh.jpg!m_fill,w_280,h_210,f_jpg?from=ke.com
20230502,亦庄开发区,亦庄,101117821325,贵园东里两居 满五唯一 诚意出售,445万,52863元/平,顶层 (共6层) | 1996年建 | 2室2厅 | 84.18平米 | 南 北,https://ke-image.ljcdn.com/110000-inspection/pc1_60wnSDASQ.jpg!m_fill,w_280,h_210,f_jpg?from=ke.com
20230502,亦庄开发区,亦庄,101117820013,三羊里不临街南北两居停车免费满五唯一,412万,45733元/平,高楼层 (共6层) | 2010年建 | 2室1厅 | 90.09平米 | 南 北,https://ke-image.ljcdn.com/110000-inspection/0b1df021-bd9d-45ec-826b-3b9d82ce80dc_1000.jpg!m_fill,w_280,h_210,f_jpg?from=ke.com
20230502,亦庄开发区,亦庄,101117811539,北京经开壹中心 前后不临街 边户 高楼层 采光好,568万,67951元/平,中楼层 (共11层) | 2016年建 | 3室1厅 | 83.59平米 | 东 南 北,https://ke-image.ljcdn.com/110000-inspection/pc1_wWNSWTQSZ.jpg!m_fill,w_280,h_210,f_jpg?from=ke.com
20230502,亦庄开发区,亦庄,101117809418,东晶国际正规一居室  满五唯一  业主诚意出售,370万,73559元/平,中楼层 (共18层) | 2002年建 | 1室1厅 | 50.3平米 | 西,https://ke-image.ljcdn.com/110000-inspection/pc1_fANN3Pevy.jpg!m_fill,w_280,h_210,f_jpg?from=ke.com
20230502,亦庄开发区,亦庄,101117803835,贵园打两居 南北通透 户型方正 采光好 诚意出售房主自荐,495万,56411元/平,中楼层 (共6层) | 1995年建 | 2室1厅 | 87.75平米 | 南 北,https://ke-image.ljcdn.com/110000-inspection/pc1_t85nWlBJ4.jpg!m_fill,w_280,h_210,f_jpg?from=ke.com
20230502,亦庄开发区,亦庄,101117801903,上海沙龙北向开间诚心出售。,378万,87724元/平,低楼层 (共9层) | 2006年建 | 1室0厅 | 43.09平米 | 北,https://ke-image.ljcdn.com/110000-inspection/pc1_Ja5tLvaHT.jpg!m_fill,w_280,h_210,f_jpg?from=ke.com
20230502,亦庄开发区,亦庄,101117773654,金色漫香林五期 洋房三层 不临街中间位置,850万,58005元/平,中楼层 (共4层) | 2011年建 | 3室2厅 | 146.54平米 | 北 南,https://ke-image.ljcdn.com/110000-inspection/83540bee-8e7d-4600-bfe9-811743b6c387_1000.jpg!m_fill,w_280,h_210,f_jpg?from=ke.com
20230502,亦庄开发区,亦庄,101117746301,东晶国际 1室1厅 东,390万,75087元/平,高楼层 (共15层) | 2002年建 | 1室1厅 | 51.94平米 | 东,https://ke-image.ljcdn.com/110000-inspection/pc1_hr5PczYBD.jpg!m_fill,w_280,h_210,f_jpg?from=ke.com
20230502,亦庄开发区,亦庄,101117746097,满五年唯一两居南北通透看房方便,458万,77614元/平,底层 (共6层) 2室1厅 | 59.01平米 | 南 北,https://ke-image.ljcdn.com/110000-inspection/pc1_pu5LhWdVr.jpg!m_fill,w_280,h_210,f_jpg?from=ke.com
20230502,亦庄开发区,亦庄,101117741808,小康家园两居室精装修无遮挡不临街,370万,41061元/平,高楼层 (共6层) | 2000年建 | 2室1厅 | 90.11平米 | 南 北,https://ke-image.ljcdn.com/110000-inspection/7a5330bd-a156-497c-a67d-7da1eabbc7b9_1000.jpg!m_fill,w_280,h_210,f_jpg?from=ke.com
20230502,亦庄开发区,亦庄,101117732012,林肯公园70年住宅两居室~高楼层~采光好~诚意出售！,745万,80367元/平,中楼层 (共24层) | 2011年建 | 2室1厅 | 92.7平米 | 南,https://ke-image.ljcdn.com/110000-inspection/pc1_sfCSY9ggs.jpg!m_fill,w_280,h_210,f_jpg?from=ke.com
20230502,亦庄开发区,亦庄,101117727569,通泰国际公馆亦庄线经海路地铁站高楼层,360万,67593元/平,中楼层 (共14层) | 2015年建 | 1室1厅 | 53.26平米 | 南,https://ke-image.ljcdn.com/110000-inspection/pc1_YkfsdZwse.jpg!m_fill,w_280,h_210,f_jpg?from=ke.com
20230502,亦庄开发区,亦庄,101117720585,金地格林小镇 全明格局 一室两厅户型房主自荐,578万,78427元/平,中楼层 (共5层) | 2003年建 | 1室1厅 | 73.7平米 | 东 南 北,https://ke-image.ljcdn.com/110000-inspection/pc1_oGWCpvMRH.jpg!m_fill,w_280,h_210,f_jpg?from=ke.com
20230502,亦庄开发区,亦庄,101117716221,天宝家园 正规两居 南北通透 保养好 视野宽阔,536万,75782元/平,低楼层 (共6层) 2室1厅 | 70.73平米 | 南 北,https://ke-image.ljcdn.com/110000-inspection/pc1_MM3vrYkNE.jpg!m_fill,w_280,h_210,f_jpg?from=ke.com
20230502,亦庄开发区,亦庄,101117715254,大雄城市花园秋盛居 南向两居室,498万,62227元/平,中楼层 (共5层) | 1997年建 | 2室1厅 | 80.03平米 | 南 东,https://ke-image.ljcdn.com/110000-inspection/pc1_D2o0meRjl.jpg!m_fill,w_280,h_210,f_jpg?from=ke.com
20230502,亦庄开发区,亦庄,101117703043,小康东里 正规一居 满五唯一 中间楼层 诚意出售,275万,47268元/平,中楼层 (共6层) 1室1厅 | 58.18平米 | 东北,https://ke-image.ljcdn.com/110000-inspection/0af92da5-21c9-4d34-9399-85f26919ed18_1000.jpg!m_fill,w_280,h_210,f_jpg?from=ke.com
20230502,亦庄开发区,亦庄,101117701957,沙龙两居满五年 采光足中间位置,758万,74241元/平,低楼层 (共9层) 2室1厅 | 102.1平米 | 南 北,https://ke-image.ljcdn.com/110000-inspection/pc1_k7ijhxEJA.jpg!m_fill,w_280,h_210,f_jpg?from=ke.com
20230502,亦庄开发区,亦庄,101117690651,金色漫香林一期+南北通透+独立餐厅户型+落地窗房主自荐,522万,58344元/平,低楼层 (共6层) | 2009年建 | 2室1厅 | 89.47平米 | 南 北,https://ke-image.ljcdn.com/110000-inspection/64b4d0da-7daa-4bb1-be49-3a1ad311be7f_1000.jpg!m_fill,w_280,h_210,f_jpg?from=ke.com
20230502,亦庄开发区,亦庄,101117682417,南北通透重新装修高层视野开阔采光好临地铁,2150万,77919元/平,中楼层 (共31层) | 2015年建 | 4室2厅 | 275.93平米 | 南 北,https://ke-image.ljcdn.com/110000-inspection/pc1_Gp6FBNbAC.jpg!m_fill,w_280,h_210,f_jpg?from=ke.com
20230502,亦庄开发区,亦庄,101117678098,东晶国际 精装2居室 诚意出售 看房提前预约,610万,59851元/平,中楼层 (共5层) | 2004年建 | 2室1厅 | 101.92平米 | 东 西,https://ke-image.ljcdn.com/110000-inspection/pc1_IxBoZe3w7.jpg!m_fill,w_280,h_210,f_jpg?from=ke.com
20230502,亦庄开发区,亦庄,101117648824,通泰国际公馆 前后不临街 高楼层,550万,66098元/平,顶层 (共11层) | 2015年建 | 3室1厅 | 83.21平米 | 南 北,https://ke-image.ljcdn.com/110000-inspection/b04ff82f-49bc-463e-a45e-948c3f5718e7_1000.jpg!m_fill,w_280,h_210,f_jpg?from=ke.com
20230502,亦庄开发区,亦庄,101117641612,新康家园两居室  带电梯  不临街  中间楼层,690万,71875元/平,中楼层 (共15层) | 2003年建 | 2室2厅 | 96平米 | 东 南,https://ke-image.ljcdn.com/110000-inspection/pc1_ymtnpHLX1.jpg!m_fill,w_280,h_210,f_jpg?from=ke.com
20230502,亦庄开发区,亦庄,101117637755,新康精装两居 满五唯一 南北通透 中低层 采光视野棒,569万,69808元/平,低楼层 (共6层) 2室1厅 | 81.51平米 | 南 北,https://ke-image.ljcdn.com/110000-inspection/pc1_tqa2t9Wiz.jpg!m_fill,w_280,h_210,f_jpg?from=ke.com
20230502,亦庄开发区,亦庄,101117637131,通泰国际公馆 高楼层 采光好 精装修,550万,62070元/平,高楼层 (共15层) | 2015年建 | 2室1厅 | 88.61平米 | 南 北,https://ke-image.ljcdn.com/110000-inspection/pc1_rbb3JBORW.jpg!m_fill,w_280,h_210,f_jpg?from=ke.com
20230502,亦庄开发区,亦庄,101117624083,一幅画卷中间楼层两居室。满五唯一,715万,66118元/平,中楼层 (共23层) 2室1厅 | 108.14平米 | 南,https://ke-image.ljcdn.com/110000-inspection/e63fdb68-e872-46d4-8e69-95fd16efa243_1000.jpg!m_fill,w_280,h_210,f_jpg?from=ke.com
20230502,亦庄开发区,亦庄,101117622017,小康家园三居室南北通透停车免费满五唯一房主自荐,355万,37515元/平,高楼层 (共6层) | 1997年建 | 3室2厅 | 94.63平米 | 南 北,https://ke-image.ljcdn.com/110000-inspection/900a1a37-5f59-4864-9730-39a106c72526_1000.jpg!m_fill,w_280,h_210,f_jpg?from=ke.com
20230502,亦庄开发区,亦庄,101117620419,卡尔生活馆   南北通透三居室  户型方正,850万,62144元/平,低楼层 (共11层) | 2004年建 | 3室2厅 | 136.78平米 | 南 北,https://ke-image.ljcdn.com/110000-inspection/pc1_W5upAxr8M.jpg!m_fill,w_280,h_210,f_jpg?from=ke.com
20230502,亦庄开发区,亦庄,101117616102,此房满五唯一南北通透格局双卫两居,749万,70151元/平,中楼层 (共4层) | 2004年建 | 2室2厅 | 106.77平米 | 南 北,https://ke-image.ljcdn.com/110000-inspection/pc1_b3ieD8Ut5.jpg!m_fill,w_280,h_210,f_jpg?from=ke.com
20230502,亦庄开发区,亦庄,101117615812,金地格林小镇 边户明卫 高楼层电梯四居室,1298万,71575元/平,高楼层 (共9层) | 2003年建 | 4室2厅 | 181.35平米 | 西南 北,https://ke-image.ljcdn.com/110000-inspection/5ff369f5-f844-4684-b75f-275ea726f707_1000.jpg!m_fill,w_280,h_210,f_jpg?from=ke.com
20230502,亦庄开发区,亦庄,101117585496,和成璟园精装大三居高楼层全明格局,798万,56154元/平,中楼层 (共13层) | 2014年建 | 3室2厅 | 142.11平米 | 南 北,https://ke-image.ljcdn.com/110000-inspection/pc1_pJyr3HgI6.jpg!m_fill,w_280,h_210,f_jpg?from=ke.com
20230502,亦庄开发区,亦庄,101117578867,上海沙龙三居双卫南北通透采光好,810万,66832元/平,低楼层 (共9层) | 2003年建 | 3室1厅 | 121.2平米 | 南 北,https://ke-image.ljcdn.com/110000-inspection/pc1_mSARAWTgY.jpg!m_fill,w_280,h_210,f_jpg?from=ke.com
20230502,亦庄开发区,亦庄,101117563855,带电梯的一居室业主诚意出售距离地铁近房主自荐,425万,80722元/平,高楼层 (共15层) | 2000年建 | 1室1厅 | 52.65平米 | 东北,https://ke-image.ljcdn.com/110000-inspection/76f5f41c-4e25-48b8-94c6-4b961a24a2d6_1000.jpg!m_fill,w_280,h_210,f_jpg?from=ke.com
20230502,亦庄开发区,亦庄,101117559199,金泰公寓两房间好装修高楼层。采光好,620万,50916元/平,高楼层 (共12层) | 2002年建 | 2室1厅 | 121.77平米 | 南 北,https://ke-image.ljcdn.com/110000-inspection/pc1_IDxECkASa.jpg!m_fill,w_280,h_210,f_jpg?from=ke.com
20230502,亦庄开发区,亦庄,101117558622,富源里2层两居满五年业主诚心出售,460万,57637元/平,低楼层 (共6层) | 2001年建 | 2室1厅 | 79.81平米 | 南 北,https://ke-image.ljcdn.com/110000-inspection/pc1_avlOdYFzy.jpg!m_fill,w_280,h_210,f_jpg?from=ke.com
20230502,亦庄开发区,亦庄,101117545217,上海沙龙两居室 自住装修  高楼层 采光好 满五唯一,725万,84137元/平,顶层 (共9层) 2室2厅 | 86.17平米 | 南 北,https://ke-image.ljcdn.com/110000-inspection/f3185bb5-94ba-4891-b128-7d43ac67e624_1000.jpg!m_fill,w_280,h_210,f_jpg?from=ke.com
20230502,亦庄开发区,亦庄,101117535923,一品亦庄南北通透电梯方正户型三居室诚意出售,688万,57191元/平,底层 (共11层) 3室2厅 | 120.3平米 | 南 北,https://ke-image.ljcdn.com/110000-inspection/6710bbbb-0246-4460-be9a-42f35076f926_1000.jpg!m_fill,w_280,h_210,f_jpg?from=ke.com
20230502,亦庄开发区,亦庄,101117533911,星岛假日 南北通透 正规三居室 小区中间位置,920万,56494元/平,中楼层 (共5层) 3室2厅 | 162.85平米 | 南 北,https://ke-image.ljcdn.com/110000-inspection/pc1_DamBuRScR.jpg!m_fill,w_280,h_210,f_jpg?from=ke.com
20230502,亦庄开发区,亦庄,101117526510,莱茵河畔 新上好楼层三居室 满五年唯一,835万,57059元/平,中楼层 (共5层) | 2003年建 | 3室2厅 | 146.34平米 | 西南 东北,https://ke-image.ljcdn.com/110000-inspection/63ad1184-234e-4d78-9f84-8ef734540b6c_1000.jpg!m_fill,w_280,h_210,f_jpg?from=ke.com
20230502,亦庄开发区,亦庄,101117521958,林肯公园南向两室 高楼层采光好,708万,76277元/平,中楼层 (共24层) | 2010年建 | 2室1厅 | 92.82平米 | 南,https://ke-image.ljcdn.com/110000-inspection/pc1_ap5MZcmGl.jpg!m_fill,w_280,h_210,f_jpg?from=ke.com
20230502,亦庄开发区,亦庄,101117492675,一幅画卷两居室中间楼层视野好,688万,63622元/平,低楼层 (共23层) 2室1厅 | 108.14平米 | 南,https://ke-image.ljcdn.com/110000-inspection/pc1_hcaSwUXZb.jpg!m_fill,w_280,h_210,f_jpg?from=ke.com
20230502,亦庄开发区,亦庄,101117489182,满五唯一 中低楼层 东西向 互不打扰 诚意出售,465万,59078元/平,中楼层 (共6层) 2室1厅 | 78.71平米 | 东 西,https://ke-image.ljcdn.com/110000-inspection/71f6fb6a-af31-4575-8c9b-39e2cd0c3c43_1000.jpg!m_fill,w_280,h_210,f_jpg?from=ke.com
20230502,亦庄开发区,亦庄,101117483796,房子满五唯一精装修南北通透。商品房！,545万,58913元/平,顶层 (共6层) | 2004年建 | 2室2厅 | 92.51平米 | 南 北,https://ke-image.ljcdn.com/110000-inspection/pc1_EMRLGTeVg.jpg!m_fill,w_280,h_210,f_jpg?from=ke.com
20230502,亦庄开发区,亦庄,101117477434,通泰国际业主诚意出售高楼层 视野好 没有遮挡房主自荐,345万,64777元/平,高楼层 (共14层) | 2015年建 | 1室0厅 | 53.26平米 | 南,https://ke-image.ljcdn.com/110000-inspection/b1ea1bb4-c425-4b1e-b7e8-0d0f57f421a5_1000.jpg!m_fill,w_280,h_210,f_jpg?from=ke.com
20230502,亦庄开发区,亦庄,101117437924,此房满五可以只有契税业主诚意出售高楼层带电梯,500万,75268元/平,高楼层 (共15层) | 2000年建 | 2室1厅 | 66.43平米 | 东 北,https://ke-image.ljcdn.com/110000-inspection/318c576f-93e8-4e45-a1b6-eecc44109213_1000.jpg!m_fill,w_280,h_210,f_jpg?from=ke.com
20230502,亦庄开发区,亦庄,101117437103,星岛假日 南北通透两居室 小区中间位置,715万,64806元/平,高楼层 (共6层) 2室2厅 | 110.33平米 | 南 北,https://ke-image.ljcdn.com/110000-inspection/pc1_f1KJTBsOz.jpg!m_fill,w_280,h_210,f_jpg?from=ke.com
20230502,亦庄开发区,亦庄,101117421923,上海沙龙带电梯 精装修南北通透三居室,1060万,66056元/平,中楼层 (共9层) | 2004年建 | 3室2厅 | 160.47平米 | 南 北,https://ke-image.ljcdn.com/110000-inspection/pc1_XKtk4e5ol.jpg!m_fill,w_280,h_210,f_jpg?from=ke.com
20230502,亦庄开发区,亦庄,101117416378,浉城百丽 一层带私家花园 诚意出售,960万,74540元/平,底层 (共4层) | 2002年建 | 2室2厅 | 128.79平米 | 南 北,https://ke-image.ljcdn.com/110000-inspection/pc1_EhuQJJqPl.jpg!m_fill,w_280,h_210,f_jpg?from=ke.com
20230502,亦庄开发区,亦庄,101117401641,金色漫香林四期东边户带7平米书房采光好。,545万,59395元/平,中楼层 (共8层) 3室2厅 | 91.76平米 | 南 北,https://ke-image.ljcdn.com/110000-inspection/99ecbd22-362a-430f-9e4d-5dd2049163b6_1000.jpg!m_fill,w_280,h_210,f_jpg?from=ke.com
20230502,亦庄开发区,亦庄,101117397561,亦庄开发区带电梯三居室高楼层满五唯一南北通透房主自荐,755万,54914元/平,高楼层 (共18层) | 1999年建 | 3室2厅 | 137.49平米 | 南 北,https://ke-image.ljcdn.com/110000-inspection/dbddfbb3-e096-4083-9152-e112604e9dab_1000.jpg!m_fill,w_280,h_210,f_jpg?from=ke.com
20230502,亦庄开发区,亦庄,101117387718,北侧可俯瞰公园低密1.2%5月27号满五年唯一,520万,58277元/平,高楼层 (共9层) | 2009年建 | 2室2厅 | 89.23平米 | 南 北,https://ke-image.ljcdn.com/110000-inspection/29c8a01e-71d8-47c2-9a35-6f308cd15c39_1000.jpg!m_fill,w_280,h_210,f_jpg?from=ke.com
20230502,亦庄开发区,亦庄,101117383185,此房两居户型南北通透采光充足交通便利 产权清晰,409万,58909元/平,顶层 (共7层) | 2000年建 | 2室1厅 | 69.43平米 | 南 北,https://ke-image.ljcdn.com/110000-inspection/pc1_KORMBlECC.jpg!m_fill,w_280,h_210,f_jpg?from=ke.com
20230502,亦庄开发区,亦庄,101117379914,中间楼层三居边户不临街满五唯一精装,520万,47463元/平,中楼层 (共5层) | 2010年建 | 3室1厅 | 109.56平米 | 南 北,https://ke-image.ljcdn.com/110000-inspection/pc1_3BJZofigL.jpg!m_fill,w_280,h_210,f_jpg?from=ke.com
20230502,亦庄开发区,亦庄,101117330702,通泰国际公馆 高楼层 采光好 无遮挡 诚意出售房主自荐,570万,68502元/平,顶层 (共11层) 3室1厅 | 83.21平米 | 南 北,https://ke-image.ljcdn.com/110000-inspection/pc1_mkFdzLogX.jpg!m_fill,w_280,h_210,f_jpg?from=ke.com
20230502,亦庄开发区,亦庄,101117323848,新康家园 带电梯 南北通透 三居室 采光好 无遮挡！！,850万,55724元/平,低楼层 (共15层) | 2003年建 | 3室2厅 | 152.54平米 | 南 北,https://ke-image.ljcdn.com/110000-inspection/pc1_CAidQJmVn.jpg!m_fill,w_280,h_210,f_jpg?from=ke.com
20230502,亦庄开发区,亦庄,101117323158,听涛雅苑 一层 南北通透两居室 看房方便,542万,69221元/平,底层 (共8层) 2室1厅 | 78.3平米 | 南 北,https://ke-image.ljcdn.com/110000-inspection/pc1_v9Cfmpo8q.jpg!m_fill,w_280,h_210,f_jpg?from=ke.com
20230502,亦庄开发区,亦庄,101117302894,亦庄总价便宜只有这一套70年产权高楼层,320万,94703元/平,高楼层 (共18层) | 2002年建 | 1室1厅 | 33.79平米 | 东,https://ke-image.ljcdn.com/110000-inspection/pc1_ZWglM1NMA.jpg!m_fill,w_280,h_210,f_jpg?from=ke.com
20230502,亦庄开发区,亦庄,101117285613,南北通透三居中间位置不临街视野宽阔采光充足,999万,72904元/平,中楼层 (共4层) | 2003年建 | 3室2厅 | 137.03平米 | 南 北,https://ke-image.ljcdn.com/110000-inspection/pc1_ddc8PdStW.jpg!m_fill,w_280,h_210,f_jpg?from=ke.com
20230502,亦庄开发区,亦庄,101117279237,三羊里社区精装三居室满五唯一,515万,47127元/平,高楼层 (共6层) | 2010年建 | 3室2厅 | 109.28平米 | 南 北,https://ke-image.ljcdn.com/110000-inspection/acc61961-4247-485e-a080-0a8391f5d767_1000.jpg!m_fill,w_280,h_210,f_jpg?from=ke.com
20230502,亦庄开发区,亦庄,101117264985,米兰天空低楼层满两年业主诚意出售,980万,58206元/平,中楼层 (共4层) 3室2厅 | 168.37平米 | 南 北,https://ke-image.ljcdn.com/110000-inspection/8947e117-9137-4135-b650-7322f0e20126_1000.jpg!m_fill,w_280,h_210,f_jpg?from=ke.com
20230502,亦庄开发区,亦庄,101117243339,通泰国际公馆 近地铁  高楼层  南北通透,610万,67997元/平,中楼层 (共11层) | 2015年建 | 3室1厅 | 89.71平米 | 南 北,https://ke-image.ljcdn.com/110000-inspection/pc1_oyOSeTdaP.jpg!m_fill,w_280,h_210,f_jpg?from=ke.com
20230502,亦庄开发区,亦庄,101117225288,通泰国际公馆 高楼层  采光好 满五唯一,560万,62640元/平,中楼层 (共15层) 2室1厅 | 89.4平米 | 南 北,https://ke-image.ljcdn.com/110000-inspection/pc1_Z1RjCFXOv.jpg!m_fill,w_280,h_210,f_jpg?from=ke.com
20230502,亦庄开发区,亦庄,101117214603,通泰国际公馆 高楼层 才广告 无遮挡 业主诚意出售,360万,67593元/平,中楼层 (共14层) 1室0厅 | 53.26平米 | 南,https://ke-image.ljcdn.com/110000-inspection/pc1_pfVxjPepH.jpg!m_fill,w_280,h_210,f_jpg?from=ke.com
20230502,亦庄开发区,亦庄,101117208644,小康东里 急售  南北通透 两居室 不临街,299万,39291元/平,顶层 (共6层) | 2003年建 | 2室2厅 | 76.1平米 | 南 北,https://ke-image.ljcdn.com/110000-inspection/74f8a751-35a3-4f51-99cb-bf7454f15855_1000.jpg!m_fill,w_280,h_210,f_jpg?from=ke.com
20230502,亦庄开发区,亦庄,101117199274,星岛嘉园三居 看房方便 诚心出售,769万,53061元/平,高楼层 (共6层) | 2001年建 | 3室2厅 | 144.93平米 | 南 北,https://ke-image.ljcdn.com/110000-inspection/pc1_hU5kyJXff.jpg!m_fill,w_280,h_210,f_jpg?from=ke.com
20230502,亦庄开发区,亦庄,101117191281,三羊里南北通透 精装修 满五唯一 停车免费,435万,48653元/平,中楼层 (共6层) 2室2厅 | 89.41平米 | 南 北,https://ke-image.ljcdn.com/110000-inspection/85d9958d-3b23-4dc7-b72e-4a3a5738b9df_1000.jpg!m_fill,w_280,h_210,f_jpg?from=ke.com
20230502,亦庄开发区,亦庄,101117190932,电梯洋房满五年唯一业主诚意出售明厨明卫,660万,76363元/平,中楼层 (共9层) | 2005年建 | 2室1厅 | 86.43平米 | 西南,https://ke-image.ljcdn.com/110000-inspection/pc1_FZWT0Vfjp.jpg!m_fill,w_280,h_210,f_jpg?from=ke.com
20230502,亦庄开发区,亦庄,101117173663,上海沙龙  南北三居    带电梯     精装修房主自荐,795万,64253元/平,顶层 (共9层) | 2006年建 | 3室1厅 | 123.73平米 | 东 南 北,https://ke-image.ljcdn.com/110000-inspection/ef250c85-2dd4-45f4-a486-49fbcdab401f_1000.jpg!m_fill,w_280,h_210,f_jpg?from=ke.com
20230502,亦庄开发区,亦庄,101117153956,星岛假日 中间层两居室 满五唯一 有车位,715万,67472元/平,中楼层 (共6层) 2室2厅 | 105.97平米 | 南 北,https://ke-image.ljcdn.com/110000-inspection/pc1_lva9KCURj.jpg!m_fill,w_280,h_210,f_jpg?from=ke.com
20230502,亦庄开发区,亦庄,101117150601,亦庄 老管委会 电梯高层 南北2居1卫  房况好,625万,64037元/平,高楼层 (共18层) | 1999年建 | 2室2厅 | 97.6平米 | 南 北,https://ke-image.ljcdn.com/110000-inspection/pc1_ATlTPa9D6.jpg!m_fill,w_280,h_210,f_jpg?from=ke.com
20230502,亦庄开发区,亦庄,101117140787,金地格林小镇正规一居户型 户型方正,525万,71177元/平,顶层 (共5层) | 2003年建 | 1室2厅 | 73.76平米 | 东,https://ke-image.ljcdn.com/110000-inspection/pc1_IvKFKiGg5.jpg!m_fill,w_280,h_210,f_jpg?from=ke.com
20230502,亦庄开发区,亦庄,101117099637,贵园北里甲区高层南北通透两居满五年采光好,460万,52488元/平,顶层 (共6层) | 1995年建 | 2室2厅 | 87.64平米 | 南 北,https://ke-image.ljcdn.com/110000-inspection/pc1_YVSMKXhYT.jpg!m_fill,w_280,h_210,f_jpg?from=ke.com
20230502,亦庄开发区,亦庄,101117094319,上海沙龙 小户型出售 55平米开间,420万,75350元/平,中楼层 (共9层) | 2006年建 | 1室0厅 | 55.74平米 | 南,https://ke-image.ljcdn.com/110000-inspection/pc1_0dgYzriMm.jpg!m_fill,w_280,h_210,f_jpg?from=ke.com
20230502,亦庄开发区,亦庄,101117086927,大雄郁金香舍南北通透两居室全明格局满五年唯一住房,743万,69589元/平,中楼层 (共6层) 2室2厅 | 106.77平米 | 南 北,https://ke-image.ljcdn.com/110000-inspection/pc1_Qbn1b9h6D.jpg!m_fill,w_280,h_210,f_jpg?from=ke.com
20230502,亦庄开发区,亦庄,101117086341,莱茵河畔优质子 三居室 精装修 户型方正,998万,60876元/平,底层 (共5层) | 2002年建 | 3室2厅 | 163.94平米 | 南 北,https://ke-image.ljcdn.com/110000-inspection/pc1_Kzc1JqI6O.jpg!m_fill,w_280,h_210,f_jpg?from=ke.com
20230502,亦庄开发区,亦庄,101117080369,金色漫香林一期精装修两居室。,540万,61991元/平,低楼层 (共9层) | 2009年建 | 2室1厅 | 87.11平米 | 南 北,https://ke-image.ljcdn.com/110000-inspection/8931f3c0-34aa-457e-aa5d-d4469186dde4_1000.jpg!m_fill,w_280,h_210,f_jpg?from=ke.com
20230502,亦庄开发区,亦庄,101117074299,听涛雅苑  南北通透 中间楼层 看房方便 价格可聊！,685万,67046元/平,低楼层 (共7层) 2室1厅 | 102.17平米 | 南 北,https://ke-image.ljcdn.com/110000-inspection/e3108935-81f2-4d40-885f-f3f707166fd4_1000.jpg!m_fill,w_280,h_210,f_jpg?from=ke.com
20230502,亦庄开发区,亦庄,101117067677,亦庄金泰 南北通透大三居 采光好 精装 满五年唯一房主自荐,890万,50099元/平,底层 (共12层) | 2002年建 | 3室2厅 | 177.65平米 | 南 北,https://ke-image.ljcdn.com/110000-inspection/pc1_yv3Afpi9H.jpg!m_fill,w_280,h_210,f_jpg?from=ke.com
20230502,亦庄开发区,亦庄,101117064471,三羊里 精装修一层两居 适合老人孩子居住房主自荐,281万,48600元/平,底层 (共6层) | 2010年建 | 2室1厅 | 57.82平米 | 南,https://ke-image.ljcdn.com/110000-inspection/8e96c61c-12f5-4706-ae11-2d27b403aedf_1000.jpg!m_fill,w_280,h_210,f_jpg?from=ke.com
20230502,亦庄开发区,亦庄,101117050138,新康家园 带电梯 三居室 南北通透,858万,57496元/平,低楼层 (共15层) | 2003年建 | 3室2厅 | 149.23平米 | 南 北,https://ke-image.ljcdn.com/110000-inspection/pc1_eQhmpmFMT.jpg!m_fill,w_280,h_210,f_jpg?from=ke.com
20230502,亦庄开发区,亦庄,101117046220,星岛假日一层两居 带地下室 看房方便,950万,86798元/平,底层 (共6层) 2室2厅 | 109.45平米 | 南 北,https://ke-image.ljcdn.com/110000-inspection/pc1_ncSHrnPc2.jpg!m_fill,w_280,h_210,f_jpg?from=ke.com
20230502,亦庄开发区,亦庄,101117042129,金地格林小镇 房子两居室 诚心出售,980万,87282元/平,底层 (共5层) | 2003年建 | 2室2厅 | 112.28平米 | 东 西,https://ke-image.ljcdn.com/110000-inspection/pc1_bijAE2Da6.jpg!m_fill,w_280,h_210,f_jpg?from=ke.com
20230502,亦庄开发区,亦庄,101117041403,新康家园  两居室  业主自住  诚心出售,700万,71928元/平,高楼层 (共6层) 2室2厅 | 97.32平米 | 南 北,https://ke-image.ljcdn.com/110000-inspection/pc1_QN66X9k5u.jpg!m_fill,w_280,h_210,f_jpg?from=ke.com
20230502,亦庄开发区,亦庄,101117034113,亦庄 贵园北里甲 低楼层两居  自如装修  满五唯一,479万,53978元/平,底层 (共6层) | 1995年建 | 2室2厅 | 88.74平米 | 南 北,https://ke-image.ljcdn.com/110000-inspection/pc1_8DEP2VJY5.jpg!m_fill,w_280,h_210,f_jpg?from=ke.com
20230502,亦庄开发区,亦庄,101117033704,金色漫香林五期 电梯两居室 独立餐厅 南北通透落地窗,530万,58648元/平,中楼层 (共7层) | 2011年建 | 2室1厅 | 90.37平米 | 南 北,https://ke-image.ljcdn.com/110000-inspection/6af0e446-138f-4008-934f-24d6c7adb224_1000.jpg!m_fill,w_280,h_210,f_jpg?from=ke.com
20230502,亦庄开发区,亦庄,101117030454,小康东里+南北一居+中间楼层+精装修,300万,47710元/平,中楼层 (共6层) 1室1厅 | 62.88平米 | 南 北,https://ke-image.ljcdn.com/110000-inspection/59cb1b1f-76b2-4802-83df-165c2c7a8702_1000.jpg!m_fill,w_280,h_210,f_jpg?from=ke.com
20230502,亦庄开发区,亦庄,101117025860,南北通透全明格局高楼层采光和视野好,718万,78333元/平,中楼层 (共24层) | 2010年建 | 2室1厅 | 91.66平米 | 南 北,https://ke-image.ljcdn.com/110000-inspection/pc1_wWhDpldVW_1.jpg!m_fill,w_280,h_210,f_jpg?from=ke.com
20230502,亦庄开发区,亦庄,101117023226,小区中间位置通透大四居带产权车库,990万,61100元/平,低楼层 (共10层) | 2004年建 | 4室2厅 | 162.03平米 | 南 北,https://ke-image.ljcdn.com/110000-inspection/pc1_H0uA5vAN4.jpg!m_fill,w_280,h_210,f_jpg?from=ke.com
20230502,亦庄开发区,亦庄,101117020108,新干部楼 南北通透 两居室 满五年,619万,64507元/平,底层 (共5层) | 2002年建 | 2室1厅 | 95.96平米 | 南 北,https://ke-image.ljcdn.com/110000-inspection/pc1_XVfyipmUD.jpg!m_fill,w_280,h_210,f_jpg?from=ke.com
20230502,亦庄开发区,亦庄,101117013106,一品亦庄 人车分流小区大一居 精装修,590万,60619元/平,底层 (共8层) | 2005年建 | 1室1厅 | 97.33平米 | 南 北,https://ke-image.ljcdn.com/110000-inspection/pc1_PrRz3sxKQ.jpg!m_fill,w_280,h_210,f_jpg?from=ke.com
20230502,亦庄开发区,亦庄,101117011138,新康家园电梯三居边户  高楼层视野好,889万,58284元/平,高楼层 (共15层) | 2003年建 | 3室1厅 | 152.53平米 | 南 北,https://ke-image.ljcdn.com/110000-inspection/ae161dd2-b9de-4959-a50b-cd1224b6f500_1000.jpg!m_fill,w_280,h_210,f_jpg?from=ke.com
20230502,亦庄开发区,亦庄,101117001399,梅园小区此房满五年南北通透楼层好采光充足,450万,58602元/平,中楼层 (共6层) | 1998年建 | 2室1厅 | 76.79平米 | 南 北,https://ke-image.ljcdn.com/110000-inspection/pc1_Dd1AIQRxb.jpg!m_fill,w_280,h_210,f_jpg?from=ke.com
20230502,亦庄开发区,亦庄,101117001099,金色漫香林三期+带电梯小两居+满五唯一+全明格局,410万,59490元/平,低楼层 (共9层) | 2010年建 | 2室1厅 | 68.92平米 | 南 西 北,https://ke-image.ljcdn.com/110000-inspection/pc1_lYXDHxraX.jpg!m_fill,w_280,h_210,f_jpg?from=ke.com
20230502,亦庄开发区,亦庄,101116993739,金泰公寓中间楼层三房间小区位置好很干净,670万,45390元/平,中楼层 (共12层) | 2002年建 | 3室1厅 | 147.61平米 | 南 北,https://ke-image.ljcdn.com/110000-inspection/pc1_j02B7mc3E.jpg!m_fill,w_280,h_210,f_jpg?from=ke.com
20230502,亦庄开发区,亦庄,101116985940,金地格林小镇 叠上别墅 不临街 诚心诚意出售,1388万,64879元/平,中楼层 (共4层) | 2002年建 | 4室2厅 | 213.94平米 | 南 北,https://ke-image.ljcdn.com/110000-inspection/pc1_hOiNth3vA.jpg!m_fill,w_280,h_210,f_jpg?from=ke.com
20230502,亦庄开发区,亦庄,101116981341,天宝家园 2室1厅 南 北,458万,77392元/平,顶层 (共6层) | 2001年建 | 2室1厅 | 59.18平米 | 南 北,https://ke-image.ljcdn.com/110000-inspection/pc1_RdyAOnyv3.jpg!m_fill,w_280,h_210,f_jpg?from=ke.com
20230502,亦庄开发区,亦庄,101116980179,林肯公园住宅两居室南北通透小区中间位置,710万,77359元/平,低楼层 (共24层) | 2010年建 | 2室1厅 | 91.78平米 | 南 北,https://ke-image.ljcdn.com/110000-inspection/pc1_ZnwmINLWo.jpg!m_fill,w_280,h_210,f_jpg?from=ke.com
20230502,亦庄开发区,亦庄,101116974614,鹿鸣苑东南满5年唯一两居室全明格局有电梯房主自荐,620万,57917元/平,低楼层 (共15层) | 2000年建 | 2室1厅 | 107.05平米 | 东南,https://ke-image.ljcdn.com/110000-inspection/pc1_DPR39AsDu.jpg!m_fill,w_280,h_210,f_jpg?from=ke.com
20230502,亦庄开发区,亦庄,101116970164,金色漫香林一层2居室外30平米活动空间采光好。,560万,61838元/平,底层 (共8层) | 2011年建 | 2室1厅 | 90.56平米 | 南 北,https://ke-image.ljcdn.com/110000-inspection/20a353df-1f02-4c02-ae98-82e8370e8cb3_1000.jpg!m_fill,w_280,h_210,f_jpg?from=ke.com
20230502,亦庄开发区,亦庄,101116967329,听涛雅苑 电梯小三居 业主诚心卖看房方便,664万,65490元/平,顶层 (共7层) | 2000年建 | 3室2厅 | 101.39平米 | 南 北,https://ke-image.ljcdn.com/110000-inspection/0db13ec5-ddfa-4d5f-b81b-45c1f652b1ee_1000.jpg!m_fill,w_280,h_210,f_jpg?from=ke.com
20230502,亦庄开发区,亦庄,101116960937,天华园二里三区 电梯房 诚意出售,432万,79325元/平,高楼层 (共17层) | 2002年建 | 1室1厅 | 54.46平米 | 东,https://ke-image.ljcdn.com/110000-inspection/pc1_fEv2gqBrD.jpg!m_fill,w_280,h_210,f_jpg?from=ke.com
20230502,亦庄开发区,亦庄,101116953618,一品亦庄 南北通透 格局方正 有电梯,960万,56910元/平,低楼层 (共8层) | 2005年建 | 3室2厅 | 168.69平米 | 南 北,https://ke-image.ljcdn.com/110000-inspection/dde24397-9a13-4b57-87be-ee9aabbef1bd_1000.jpg!m_fill,w_280,h_210,f_jpg?from=ke.com
20230502,亦庄开发区,亦庄,101116941262,一幅画卷 电梯三居 满五唯一 南北通透 全明格局视野好,850万,53774元/平,高楼层 (共25层) | 2003年建 | 3室2厅 | 158.07平米 | 南 北,https://ke-image.ljcdn.com/110000-inspection/pc1_AdkPAw4Rb.jpg!m_fill,w_280,h_210,f_jpg?from=ke.com
20230502,亦庄开发区,亦庄,101116938817,鹿鸣苑电梯两居 户型方正 带电梯房主自荐,485万,73010元/平,高楼层 (共15层) | 2000年建 | 2室1厅 | 66.43平米 | 东北,https://ke-image.ljcdn.com/110000-inspection/pc1_X6t08Grvs.jpg!m_fill,w_280,h_210,f_jpg?from=ke.com
20230502,亦庄开发区,亦庄,101116929963,上海沙龙   满五年唯一  有车位   中间位置  全明格局,740万,79323元/平,中楼层 (共9层) | 2006年建 | 2室2厅 | 93.29平米 | 南 北,https://ke-image.ljcdn.com/110000-inspection/55788d85-48aa-44db-af4f-171412457f5d_1000.jpg!m_fill,w_280,h_210,f_jpg?from=ke.com
20230502,亦庄开发区,亦庄,101116906822,满五年唯一南北通透格局好视野开阔诚心出售。,759万,63009元/平,高楼层 (共6层) | 2000年建 | 3室2厅 | 120.46平米 | 南 北,https://ke-image.ljcdn.com/110000-inspection/pc1_bif0zCC2C.jpg!m_fill,w_280,h_210,f_jpg?from=ke.com
20230502,亦庄开发区,亦庄,101116895313,南北通透满五唯一此报价包含一个车位边户采光好,570万,68190元/平,中楼层 (共11层) | 2016年建 | 3室1厅 | 83.59平米 | 南 北,https://ke-image.ljcdn.com/110000-inspection/pc1_isDz05vfj.jpg!m_fill,w_280,h_210,f_jpg?from=ke.com
20230502,亦庄开发区,亦庄,101116893668,星岛假日 错层大三居 南北双通透房主自荐,919万,57705元/平,中楼层 (共5层) | 2004年建 | 3室2厅 | 159.26平米 | 南 北,https://ke-image.ljcdn.com/110000-inspection/pc1_tOQf9ryI9.jpg!m_fill,w_280,h_210,f_jpg?from=ke.com
20230502,亦庄开发区,亦庄,101116882863,浉城百丽  南北通透  两居室,808万,64853元/平,顶层 (共4层) | 2002年建 | 2室2厅 | 124.59平米 | 南 北,https://ke-image.ljcdn.com/110000-inspection/pc1_lX8xUCNll.jpg!m_fill,w_280,h_210,f_jpg?from=ke.com
20230502,亦庄开发区,亦庄,101116882846,国锐金嵿 南北通透平层看房方便,2100万,75551元/平,高楼层 (共31层) | 2015年建 | 4室3厅 | 277.96平米 | 南 北,https://ke-image.ljcdn.com/110000-inspection/pc1_KWRZPPlko.jpg!m_fill,w_280,h_210,f_jpg?from=ke.com
20230502,亦庄开发区,亦庄,101116876896,金色漫香林正规三居商品房满五年,575万,62116元/平,中楼层 (共9层) 3室1厅 | 92.57平米 | 南 北,https://ke-image.ljcdn.com/110000-inspection/pc1_NIqYB5SaC.jpg!m_fill,w_280,h_210,f_jpg?from=ke.com
20230502,亦庄开发区,亦庄,101116870732,林肯公园  全南向住宅两居  重新装修  环境舒适,708万,74637元/平,底层 (共24层) | 2010年建 | 2室1厅 | 94.86平米 | 南,https://ke-image.ljcdn.com/110000-inspection/pc1_nAmSb5eru.jpg!m_fill,w_280,h_210,f_jpg?from=ke.com
20230502,亦庄开发区,亦庄,101116862944,南北朝向交通出行方便开发商自持物业小区环境好,725万,79132元/平,中楼层 (共24层) | 2010年建 | 2室1厅 | 91.62平米 | 南 北,https://ke-image.ljcdn.com/110000-inspection/ea2ecd9d-3145-4a6a-98f8-ffadeb207ff8_1000.jpg!m_fill,w_280,h_210,f_jpg?from=ke.com
20230502,亦庄开发区,亦庄,101116845164,小康家园南北通透三居室中间楼层看房随时！,413万,38682元/平,中楼层 (共6层) | 1997年建 | 3室2厅 | 106.77平米 | 南 北,https://ke-image.ljcdn.com/110000-inspection/pc1_T0YLd0lEU.jpg!m_fill,w_280,h_210,f_jpg?from=ke.com
20230502,亦庄开发区,亦庄,101116843867,浉城百丽南北通透三居室精装修,1200万,79078元/平,底层 (共4层) | 2002年建 | 3室2厅 | 151.75平米 | 南 北,https://ke-image.ljcdn.com/110000-inspection/pc1_uRUhEPdU3.jpg!m_fill,w_280,h_210,f_jpg?from=ke.com
20230502,亦庄开发区,亦庄,101116835450,文化园西路8号院林肯公园住宅两居,749万,81079元/平,中楼层 (共17层) | 2010年建 | 2室2厅 | 92.38平米 | 南 北,https://ke-image.ljcdn.com/110000-inspection/pc1_4Eqet59BG.jpg!m_fill,w_280,h_210,f_jpg?from=ke.com
20230502,亦庄开发区,亦庄,101116816651,梅园小区 2室1厅 南 北,478万,66994元/平,底层 (共6层) 2室1厅 | 71.35平米 | 南 北,https://ke-image.ljcdn.com/110000-inspection/pc1_yI19som9N.jpg!m_fill,w_280,h_210,f_jpg?from=ke.com
20230502,亦庄开发区,亦庄,101116814769,通泰国际公馆南北通透两居周期可谈,590万,67298元/平,中楼层 (共15层) | 2016年建 | 2室1厅 | 87.67平米 | 南 北,https://ke-image.ljcdn.com/110000-inspection/pc1_9WYToZSKq.jpg!m_fill,w_280,h_210,f_jpg?from=ke.com
20230502,亦庄开发区,亦庄,101116812079,一层  满五唯一  精装修   南北双通透,630万,69330元/平,底层 (共9层) 2室1厅 | 90.87平米 | 南 北,https://ke-image.ljcdn.com/110000-inspection/4e7a99ad-418c-428f-b8e0-c30b96565dfa_1000.jpg!m_fill,w_280,h_210,f_jpg?from=ke.com
20230502,亦庄开发区,亦庄,101116810519,金色漫香林社区 不临街 中楼层 看房有钥匙,510万,56831元/平,中楼层 (共8层) | 2011年建 | 2室1厅 | 89.74平米 | 南 北,https://ke-image.ljcdn.com/110000-inspection/pc1_ZKCuXP0mL.jpg!m_fill,w_280,h_210,f_jpg?from=ke.com
20230502,亦庄开发区,亦庄,101116800236,听涛雅苑 3室1厅 南 北,696万,68129元/平,中楼层 (共7层) | 2000年建 | 3室1厅 | 102.16平米 | 南 北,https://ke-image.ljcdn.com/110000-inspection/pc1_lbBW9HUDj_1.jpg!m_fill,w_280,h_210,f_jpg?from=ke.com
20230502,亦庄开发区,亦庄,101116793923,富源里精装两居室满五唯一近地铁看房方便房主自荐,508万,56096元/平,顶层 (共6层) 2室2厅 | 90.56平米 | 南 北,https://ke-image.ljcdn.com/110000-inspection/pc1_NLfK0SWhq.jpg!m_fill,w_280,h_210,f_jpg?from=ke.com
20230502,亦庄开发区,亦庄,101116771687,卡尔生活馆 三居室 户型方正 视野好,835万,61168元/平,低楼层 (共11层) | 2004年建 | 3室2厅 | 136.51平米 | 南 北,https://ke-image.ljcdn.com/110000-inspection/4186aa08-3481-4ee6-ad5e-87a0a5090e4a_1000.jpg!m_fill,w_280,h_210,f_jpg?from=ke.com
20230502,亦庄开发区,亦庄,101116762532,金色漫香林一期 电梯两居室 中间楼层房主自荐,485万,56154元/平,低楼层 (共9层) | 2009年建 | 2室1厅 | 86.37平米 | 南 北,https://ke-image.ljcdn.com/110000-inspection/5f506292-77d2-4307-b588-8a97e772edf0_1000.jpg!m_fill,w_280,h_210,f_jpg?from=ke.com
20230502,亦庄开发区,亦庄,101116755245,带电梯    精装修   诚意出售,420万,75350元/平,低楼层 (共9层) | 2006年建 | 1室1厅 | 55.74平米 | 西南,https://ke-image.ljcdn.com/110000-inspection/pc1_3OISVJcCQ.jpg!m_fill,w_280,h_210,f_jpg?from=ke.com
20230502,亦庄开发区,亦庄,101116730037,小区品质高环境舒适人车分流全明格局,718万,75939元/平,底层 (共24层) | 2010年建 | 2室1厅 | 94.55平米 | 南 北,https://ke-image.ljcdn.com/110000-inspection/pc1_e3BOBoON0.jpg!m_fill,w_280,h_210,f_jpg?from=ke.com
20230502,亦庄开发区,亦庄,101116705898,远洋天著三期 3室1厅 南 北,1150万,69563元/平,高楼层 (共9层) 3室1厅 | 165.32平米 | 南 北,https://ke-image.ljcdn.com/110000-inspection/dc3c1944-5caf-43fd-b779-481f1bcbf77a_1000.jpg!m_fill,w_280,h_210,f_jpg?from=ke.com
20230502,亦庄开发区,亦庄,101116690998,一品亦庄电梯两居诚意出售看房方便,760万,63403元/平,高楼层 (共11层) | 2005年建 | 2室1厅 | 119.87平米 | 南 北,https://ke-image.ljcdn.com/110000-inspection/pc1_SqDCV6lKx.jpg!m_fill,w_280,h_210,f_jpg?from=ke.com
20230502,亦庄开发区,亦庄,101116665961,新康家园大复式    南北通透   四居室  有阳台,800万,45112元/平,高楼层 (共7层) | 2001年建 | 4室2厅 | 177.34平米 | 南 北,https://ke-image.ljcdn.com/110000-inspection/pc1_pH0mDy3Or.jpg!m_fill,w_280,h_210,f_jpg?from=ke.com
20230502,亦庄开发区,亦庄,101116652774,东晶国际 1室0厅 西,353万,90863元/平,中楼层 (共17层) | 2002年建 | 1室0厅 | 38.85平米 | 西,https://ke-image.ljcdn.com/110000-inspection/pc1_Xjvvti80k.jpg!m_fill,w_280,h_210,f_jpg?from=ke.com
20230502,亦庄开发区,亦庄,101116650837,上海沙龙     带电梯小户型户型方正,415万,76203元/平,高楼层 (共9层) | 2006年建 | 1室1厅 | 54.46平米 | 东,https://ke-image.ljcdn.com/110000-inspection/pc1_H5mbuqrTW.jpg!m_fill,w_280,h_210,f_jpg?from=ke.com
20230502,亦庄开发区,亦庄,101116647011,星岛假日边户三居南北通透中间楼层满五唯一,920万,64372元/平,中楼层 (共4层) | 2004年建 | 3室1厅 | 142.92平米 | 南 北,https://ke-image.ljcdn.com/110000-inspection/pc1_bHrAwWyW0.jpg!m_fill,w_280,h_210,f_jpg?from=ke.com
20230502,亦庄开发区,亦庄,101116638234,满五年唯一楼层高视野好采光充足大客厅南北通透,822万,60211元/平,顶层 (共11层) 3室2厅 | 136.52平米 | 南 北,https://ke-image.ljcdn.com/110000-inspection/e7eee16d-5930-443b-ba69-2e000be52110_1000.jpg!m_fill,w_280,h_210,f_jpg?from=ke.com
20230502,亦庄开发区,亦庄,101116630888,此房是2016年的新房采光充足带电梯。南北通透,525万,58976元/平,低楼层 (共15层) 2室1厅 | 89.02平米 | 南 西 北,https://ke-image.ljcdn.com/110000-inspection/8cf792b7-f098-4676-b830-75a23153d9ab_1000.jpg!m_fill,w_280,h_210,f_jpg?from=ke.com
20230502,亦庄开发区,亦庄,101116624622,上海沙龙南北通透三居室精装修带电梯,930万,64967元/平,低楼层 (共9层) | 2006年建 | 3室2厅 | 143.15平米 | 南 北,https://ke-image.ljcdn.com/110000-inspection/pc1_3LFm7R0Mb.jpg!m_fill,w_280,h_210,f_jpg?from=ke.com
20230502,亦庄开发区,亦庄,101116601173,上海沙龙 1室0厅 东南,419万,75171元/平,顶层 (共9层) | 2006年建 | 1室0厅 | 55.74平米 | 东南,https://ke-image.ljcdn.com/110000-inspection/pc1_AZ8exmLzF.jpg!m_fill,w_280,h_210,f_jpg?from=ke.com
20230502,亦庄开发区,亦庄,101116595829,广德苑南北通透业主满五唯一精装修,555万,63026元/平,顶层 (共6层) | 2003年建 | 2室2厅 | 88.06平米 | 南 北,https://ke-image.ljcdn.com/110000-inspection/7e701bb0-bf42-4bad-81ad-79e1bc6ccca4_1000.jpg!m_fill,w_280,h_210,f_jpg?from=ke.com
20230502,亦庄开发区,亦庄,101116584895,正规一居室 无抵押 可以随时交易,386万,82181元/平,底层 (共15层) | 2000年建 | 1室1厅 | 46.97平米 | 南,https://ke-image.ljcdn.com/110000-inspection/pc1_dCV35BH3B.jpg!m_fill,w_280,h_210,f_jpg?from=ke.com
20230502,亦庄开发区,亦庄,101116558063,富源里低楼层房本满五年业主家庭唯一住宅,310万,66028元/平,底层 (共6层) | 2001年建 | 1室1厅 | 46.95平米 | 北,https://ke-image.ljcdn.com/110000-inspection/pc1_B7T3q3cqE.jpg!m_fill,w_280,h_210,f_jpg?from=ke.com
20230502,亦庄开发区,亦庄,101116547174,一幅画卷高楼层 两居室 视野好,725万,67543元/平,高楼层 (共25层) | 2003年建 | 2室1厅 | 107.34平米 | 南,https://ke-image.ljcdn.com/110000-inspection/pc1_hMnVisDG0_1.jpg!m_fill,w_280,h_210,f_jpg?from=ke.com
20230502,亦庄开发区,亦庄,101116547102,和成璟园三居室户型方正看房方便,810万,57095元/平,低楼层 (共12层) | 2014年建 | 3室2厅 | 141.87平米 | 南 北,https://ke-image.ljcdn.com/110000-inspection/pc1_CM8QhqrEW.jpg!m_fill,w_280,h_210,f_jpg?from=ke.com
20230502,亦庄开发区,亦庄,101116538545,听涛雅苑 通透一居室 电梯入户  诚心出售,452万,77002元/平,低楼层 (共8层) 1室1厅 | 58.7平米 | 东南,https://ke-image.ljcdn.com/110000-inspection/pc1_iwQiEW1Gv_1.jpg!m_fill,w_280,h_210,f_jpg?from=ke.com
20230502,亦庄开发区,亦庄,101116519062,满五年唯一南北通透格局采光充足中间位置不临街,850万,69604元/平,顶层 (共5层) | 2003年建 | 2室2厅 | 122.12平米 | 南 北,https://ke-image.ljcdn.com/110000-inspection/pc1_d6faz2r95.jpg!m_fill,w_280,h_210,f_jpg?from=ke.com
20230502,亦庄开发区,亦庄,101116501477,听涛雅苑 2室1厅 南 北房主自荐,699万,68416元/平,中楼层 (共6层) 2室1厅 | 102.17平米 | 南 北,https://ke-image.ljcdn.com/110000-inspection/pc1_eLWXSKEMJ.jpg!m_fill,w_280,h_210,f_jpg?from=ke.com
20230502,亦庄开发区,亦庄,101116492132,莱茵河畔 低楼层 南北通透两居室 满五唯一,715万,69628元/平,底层 (共4层) | 2003年建 | 2室2厅 | 102.69平米 | 南 北,https://ke-image.ljcdn.com/110000-inspection/pc1_iYh6u7Nb7.jpg!m_fill,w_280,h_210,f_jpg?from=ke.com
20230502,亦庄开发区,亦庄,101116483538,小康家园独立餐厅两居满五年唯一诚意出售！,335万,37124元/平,高楼层 (共6层) | 1997年建 | 2室2厅 | 90.24平米 | 南 北,https://ke-image.ljcdn.com/110000-inspection/4bf2acaf-8e08-441d-a355-72fbd751a37a_1000.jpg!m_fill,w_280,h_210,f_jpg?from=ke.com
20230502,亦庄开发区,亦庄,101116475483,莱茵河畔复式满五唯一视野俯瞰亦庄,1150万,46773元/平,顶层 (共8层) | 2002年建 | 4室3厅 | 245.87平米 | 南 北,https://ke-image.ljcdn.com/110000-inspection/pc1_atAmwiATL.jpg!m_fill,w_280,h_210,f_jpg?from=ke.com
20230502,亦庄开发区,亦庄,101116473320,三羊里——南北通透正规一居满五唯一只有契税,270万,46496元/平,中楼层 (共6层) | 2010年建 | 1室1厅 | 58.07平米 | 南 北,https://ke-image.ljcdn.com/110000-inspection/293732b4-1456-4010-a302-6eab50ed24cc_1000.jpg!m_fill,w_280,h_210,f_jpg?from=ke.com
20230502,亦庄开发区,亦庄,101116466760,精装修 开间 价格低 户型方正,380万,88188元/平,低楼层 (共9层) | 2006年建 | 1室0厅 | 43.09平米 | 东,https://ke-image.ljcdn.com/110000-inspection/pc1_xc2jAMhRe.jpg!m_fill,w_280,h_210,f_jpg?from=ke.com
20230502,亦庄开发区,亦庄,101116455157,亦庄开发区京东总部经海路地铁站北京经开壹中心,510万,65654元/平,低楼层 (共11层) 2室1厅 | 77.68平米 | 南 北,https://ke-image.ljcdn.com/110000-inspection/pc1_yvpW10ibK.jpg!m_fill,w_280,h_210,f_jpg?from=ke.com
20230502,亦庄开发区,亦庄,101116437012,一品亦庄南北通透168平米三居室业主诚意出售,950万,56551元/平,高楼层 (共16层) | 2005年建 | 3室1厅 | 167.99平米 | 南 北,https://ke-image.ljcdn.com/110000-inspection/5860d4f2-4e45-4842-af9d-b20a7d5333ff_1000.jpg!m_fill,w_280,h_210,f_jpg?from=ke.com
20230502,亦庄开发区,亦庄,101116428499,诚意出售 有钥匙 随时看房 南北通透,950万,62234元/平,中楼层 (共4层) | 2002年建 | 3室2厅 | 152.65平米 | 南 北,https://ke-image.ljcdn.com/110000-inspection/pc1_o2KoxJCDb.jpg!m_fill,w_280,h_210,f_jpg?from=ke.com
20230502,亦庄开发区,亦庄,101116424567,金地格林小镇 东西向大客厅两居户型,750万,63906元/平,中楼层 (共5层) | 2003年建 | 2室2厅 | 117.36平米 | 东 南 西,https://ke-image.ljcdn.com/110000-inspection/pc1_z75ouobm2.jpg!m_fill,w_280,h_210,f_jpg?from=ke.com
20230502,亦庄开发区,亦庄,101116411482,东晶国际 满五唯一 精装修 高层 采光好,399万,54449元/平,高楼层 (共17层) | 2002年建 | 2室1厅 | 73.28平米 | 西,https://ke-image.ljcdn.com/110000-inspection/73680d5a-6ca7-4aac-84c6-8a850681cea0_1000.jpg!m_fill,w_280,h_210,f_jpg?from=ke.com
20230502,亦庄开发区,亦庄,101116389680,经典低密度电梯精装高挑空复式   满五唯一,675万,76976元/平,顶层 (共7层) | 2010年建 | 2室2厅 | 87.69平米 | 南 北,https://ke-image.ljcdn.com/110000-inspection/pc1_cse6EaRM1.jpg!m_fill,w_280,h_210,f_jpg?from=ke.com
20230502,亦庄开发区,亦庄,101116389244,南北通透精装三居 边户 主卧卫生间带窗 视野无遮挡房主自荐,1030万,64517元/平,中楼层 (共5层) | 2004年建 | 3室2厅 | 159.65平米 | 南 北,https://ke-image.ljcdn.com/110000-inspection/pc1_zV7N0GHR9_2.jpg!m_fill,w_280,h_210,f_jpg?from=ke.com
20230502,亦庄开发区,亦庄,101116368355,东晶国际公寓板楼两居东西通透低楼层,605万,59279元/平,中楼层 (共5层) | 2003年建 | 2室1厅 | 102.06平米 | 东 西,https://ke-image.ljcdn.com/110000-inspection/pc1_MWKGLUF5W.jpg!m_fill,w_280,h_210,f_jpg?from=ke.com
20230502,亦庄开发区,亦庄,101116348924,南北通透方正三居环境优美交通便利,550万,66282元/平,顶层 (共11层) | 2016年建 | 3室1厅 | 82.98平米 | 南 北,https://ke-image.ljcdn.com/110000-inspection/pc1_kamril8nY_2.jpg!m_fill,w_280,h_210,f_jpg?from=ke.com
20230502,亦庄开发区,亦庄,101116339485,大雄郁金香舍电梯三居南北明厨明卫看房约房主自荐,839.6万,61686元/平,底层 (共9层) | 2005年建 | 3室2厅 | 136.11平米 | 南 北,https://ke-image.ljcdn.com/110000-inspection/pc1_rpCTakL68.jpg!m_fill,w_280,h_210,f_jpg?from=ke.com
20230502,亦庄开发区,亦庄,101116333727,亦庄五环边 小康家园 南北通透 电梯 两居室,345万,38334元/平,中楼层 (共9层) | 2003年建 | 2室1厅 | 90平米 | 南 北,https://ke-image.ljcdn.com/110000-inspection/pc1_1a92hBYdd.jpg!m_fill,w_280,h_210,f_jpg?from=ke.com
20230502,亦庄开发区,亦庄,101116290182,鹿鸣苑 满五唯一 精装修 采光视野好业主诚意出售,498万,75068元/平,顶层 (共15层) | 2000年建 | 2室1厅 | 66.34平米 | 东北,https://ke-image.ljcdn.com/110000-inspection/pc1_4AJQwxKbF.jpg!m_fill,w_280,h_210,f_jpg?from=ke.com
20230502,亦庄开发区,亦庄,101116255764,满五唯一南北通透视野宽阔采光充足配套齐全。,825万,64168元/平,中楼层 (共7层) | 2001年建 | 3室2厅 | 128.57平米 | 南 北,https://ke-image.ljcdn.com/110000-inspection/pc1_Ymbp9r3fb.jpg!m_fill,w_280,h_210,f_jpg?from=ke.com
20230502,亦庄开发区,亦庄,101116239273,林肯公园住宅三居室 南北双通透 全明格局,1038万,69307元/平,低楼层 (共17层) | 2010年建 | 3室2厅 | 149.77平米 | 南 北,https://ke-image.ljcdn.com/110000-inspection/049935f0-92eb-4be5-a552-8b65ddbf86ec_1000.jpg!m_fill,w_280,h_210,f_jpg?from=ke.com
20230502,亦庄开发区,亦庄,101116176553,次新房没有住过南北通透4居室可以直接入住,2150万,75479元/平,低楼层 (共31层) | 2016年建 | 4室2厅 | 284.85平米 | 南 北,https://ke-image.ljcdn.com/110000-inspection/140c6f3b-1746-455b-923f-134d9e0fdf12_1000.jpg!m_fill,w_280,h_210,f_jpg?from=ke.com
20230502,亦庄开发区,亦庄,101116176048,南北两居满五年唯一带电梯自己住 精装修,720万,81847元/平,底层 (共9层) | 2003年建 | 2室2厅 | 87.97平米 | 南 北,https://ke-image.ljcdn.com/110000-inspection/pc1_6Ywuaqkvg.jpg!m_fill,w_280,h_210,f_jpg?from=ke.com
20230502,亦庄开发区,亦庄,101116160039,星岛假日电梯三居室 满五唯一 楼层好 视野开阔,1098万,65604元/平,中楼层 (共10层) | 2004年建 | 3室2厅 | 167.37平米 | 南 北,https://ke-image.ljcdn.com/110000-inspection/pc1_mcbquS9Hl.jpg!m_fill,w_280,h_210,f_jpg?from=ke.com
20230502,亦庄开发区,亦庄,101116144732,金色漫香林二期优质两居室看房提前联系,493万,54153元/平,中楼层 (共8层) | 2010年建 | 2室1厅 | 91.04平米 | 南 北,https://ke-image.ljcdn.com/110000-inspection/pc1_DKQOazlSp.jpg!m_fill,w_280,h_210,f_jpg?from=ke.com
20230502,亦庄开发区,亦庄,101116126036,金地格林小镇复式四居南北通透满五唯一诚心卖,1128万,59895元/平,顶层 (共4层) | 2004年建 | 4室2厅 | 188.33平米 | 南 北,https://ke-image.ljcdn.com/110000-inspection/333ddae1-8f82-4027-9f43-bd08210e17a6_1000.jpg!m_fill,w_280,h_210,f_jpg?from=ke.com
20230502,亦庄开发区,亦庄,101116122219,林肯公园 住宅两居室 满五年唯一 南北通透 观花园,720万,78261元/平,低楼层 (共17层) | 2011年建 | 2室1厅 | 92平米 | 南 北,https://ke-image.ljcdn.com/110000-inspection/9bf06fad-34e3-424e-af9c-709b56c067a8_1000.jpg!m_fill,w_280,h_210,f_jpg?from=ke.com
20230502,亦庄开发区,亦庄,101116040466,和成璟园 4室2厅 南 北,980万,56300元/平,低楼层 (共13层) | 2014年建 | 4室2厅 | 174.07平米 | 南 北,https://ke-image.ljcdn.com/110000-inspection/pc1_I0dQeT4HZ.jpg!m_fill,w_280,h_210,f_jpg?from=ke.com
20230502,亦庄开发区,亦庄,101116019964,一栋洋房  联排别墅  地上三层,1288万,62790元/平,底层 (共3层) | 2001年建 | 4室2厅 | 205.13平米 | 南 北,https://ke-image.ljcdn.com/110000-inspection/34530a17-2864-441c-b3d4-c0af5e5ea525_1000.jpg!m_fill,w_280,h_210,f_jpg?from=ke.com
20230502,亦庄开发区,亦庄,101116001602,远洋天著二期优质平墅看房提前联系业主诚心出售,1450万,55586元/平,顶层 (共5层) | 2014年建 | 3室2厅 | 260.86平米 | 南 北 东,https://ke-image.ljcdn.com/110000-inspection/ba3fb431-aef4-4d90-b287-1f11cc7c9bd4_1000.jpg!m_fill,w_280,h_210,f_jpg?from=ke.com
20230502,亦庄开发区,亦庄,101115987983,小康家园低楼层 带大落地窗一居 满五唯一,269万,43691元/平,低楼层 (共6层) | 2001年建 | 1室1厅 | 61.57平米 | 南,https://ke-image.ljcdn.com/110000-inspection/494b7cbc-66a3-46dd-9e30-9469bfdbfc1c_1000.jpg!m_fill,w_280,h_210,f_jpg?from=ke.com
20230502,亦庄开发区,亦庄,101115910035,老管委会宿舍南北通透两居室低楼层房主自荐,575万,63826元/平,低楼层 (共6层) | 1995年建 | 2室2厅 | 90.09平米 | 南 北,https://ke-image.ljcdn.com/110000-inspection/pc1_oNyPaX34s.jpg!m_fill,w_280,h_210,f_jpg?from=ke.com
20230502,亦庄开发区,亦庄,101115854956,春华屋 精装两居室 户型方正 采光好,680万,65029元/平,低楼层 (共11层) | 2000年建 | 2室1厅 | 104.57平米 | 东 西,https://ke-image.ljcdn.com/110000-inspection/pc1_cHnUUZwhn.jpg!m_fill,w_280,h_210,f_jpg?from=ke.com
20230502,亦庄开发区,亦庄,101115811663,金色漫香林二期优质两居室诚意出售,487万,53523元/平,低楼层 (共8层) | 2010年建 | 2室1厅 | 90.99平米 | 南 北,https://ke-image.ljcdn.com/110000-inspection/3e743547-a837-440d-80fa-33f83d911b6b_1000.jpg!m_fill,w_280,h_210,f_jpg?from=ke.com
20230502,亦庄开发区,亦庄,101115716286,精装下叠别墅 南花园北车位 大面宽 带一个大的地下室,1540万,56285元/平,底层 (共4层) | 2002年建 | 5室2厅 | 273.61平米 | 南 北,https://ke-image.ljcdn.com/110000-inspection/pc1_3FTYchHFv.jpg!m_fill,w_280,h_210,f_jpg?from=ke.com
20230502,亦庄开发区,亦庄,101115703983,北京经开壹中心 正规三居装修好带电梯,620万,67946元/平,低楼层 (共14层) | 2016年建 | 3室1厅 | 91.25平米 | 南 北,https://ke-image.ljcdn.com/110000-inspection/pc1_eeSFKxQPN.jpg!m_fill,w_280,h_210,f_jpg?from=ke.com
20230502,亦庄开发区,亦庄,101115648722,小康家园低楼层大两居南北通透精装修价格可谈,410万,38193元/平,低楼层 (共6层) | 2001年建 | 2室1厅 | 107.35平米 | 南 北,https://ke-image.ljcdn.com/110000-inspection/ef7a66a0-1bea-491c-8cfc-b8cfa4cb7b67_1000.jpg!m_fill,w_280,h_210,f_jpg?from=ke.com
20230502,亦庄开发区,亦庄,101115643044,满五年业主名下一套房  靠谱卖 南向,339万,61964元/平,高楼层 (共6层) | 2001年建 | 1室1厅 | 54.71平米 | 南,https://ke-image.ljcdn.com/110000-inspection/be21074e-8e67-4235-a2c6-54fb895872bf_1000.jpg!m_fill,w_280,h_210,f_jpg?from=ke.com
20230502,亦庄开发区,亦庄,101115619462,林肯公园 满五年唯一 位置好 现在可以签约,1250万,83899元/平,中楼层 (共17层) | 2011年建 | 3室2厅 | 148.99平米 | 东 南 北,https://ke-image.ljcdn.com/110000-inspection/pc1_V6VC5G5Ad.jpg!m_fill,w_280,h_210,f_jpg?from=ke.com
20230502,亦庄开发区,亦庄,101115481365,小康家园精装修自住两居室 看房方便,350万,38156元/平,顶层 (共6层) | 2000年建 | 2室1厅 | 91.73平米 | 南 北,https://ke-image.ljcdn.com/110000-inspection/24e1337c-2fac-4cd9-be41-46bfacc6d375_1000.jpg!m_fill,w_280,h_210,f_jpg?from=ke.com
20230502,亦庄开发区,亦庄,101115466841,梅园小区 南北通透 低楼层 不临街 业主诚意出售,498万,62150元/平,低楼层 (共6层) | 1996年建 | 2室1厅 | 80.13平米 | 南 北,https://ke-image.ljcdn.com/110000-inspection/186a506b-1076-462a-af08-3fa177ff2191_1000.jpg!m_fill,w_280,h_210,f_jpg?from=ke.com
20230502,亦庄开发区,亦庄,101115432223,精装修开间 户型方正 采光充足 视野开阔,390万,88196元/平,低楼层 (共9层) 1室0厅 | 44.22平米 | 西北,https://ke-image.ljcdn.com/110000-inspection/pc1_LSiZjkaES.jpg!m_fill,w_280,h_210,f_jpg?from=ke.com
20230502,亦庄开发区,亦庄,101115415796,四居南北通透视野开阔采光好满五年唯一,1230万,84811元/平,底层 (共5层) | 2003年建 | 4室2厅 | 145.03平米 | 南 北,https://ke-image.ljcdn.com/110000-inspection/pc1_6mtPTQ6Ih.jpg!m_fill,w_280,h_210,f_jpg?from=ke.com
20230502,亦庄开发区,亦庄,101115404905,沙龙 小户型 采光好 楼层好 诚意出售 装修好,370万,85867元/平,高楼层 (共9层) | 2006年建 | 1室0厅 | 43.09平米 | 东,https://ke-image.ljcdn.com/110000-inspection/2fd12262-0a0e-45da-a345-21bc08832d73_1000.jpg!m_fill,w_280,h_210,f_jpg?from=ke.com
20230502,亦庄开发区,亦庄,101115404876,金色漫香林五期小区中间位置四周不临街房主自荐,685万,75483元/平,顶层 (共6层) | 2011年建 | 4室3厅 | 90.75平米 | 南 北,https://ke-image.ljcdn.com/110000-inspection/b184de63-9c54-4620-9fbd-5d235ae25369_1000.jpg!m_fill,w_280,h_210,f_jpg?from=ke.com
20230502,亦庄开发区,亦庄,101115309407,梅园小区 配套成熟 2层 精装修 满五唯一,508万,66155元/平,低楼层 (共6层) | 1996年建 | 2室1厅 | 76.79平米 | 东 西,https://ke-image.ljcdn.com/110000-inspection/pc1_d3FrbmHXm.jpg!m_fill,w_280,h_210,f_jpg?from=ke.com
20230502,亦庄开发区,亦庄,101115266163,通泰国际公馆 高楼层  视野好,410万,58314元/平,高楼层 (共14层) | 2015年建 | 2室1厅 | 70.31平米 | 南 北,https://ke-image.ljcdn.com/110000-inspection/pc1_zFBan1ZOZ.jpg!m_fill,w_280,h_210,f_jpg?from=ke.com
20230502,亦庄开发区,亦庄,101115254259,郁金香舍电梯三居室南北通透俯瞰博大公园房主自荐,1060万,68006元/平,顶层 (共9层) | 2005年建 | 3室2厅 | 155.87平米 | 南 北,https://ke-image.ljcdn.com/110000-inspection/pc1_Be82GuCTe.jpg!m_fill,w_280,h_210,f_jpg?from=ke.com
20230502,亦庄开发区,亦庄,101115244482,新康家园 电梯 三居室 满五唯一,918万,63306元/平,中楼层 (共16层) | 2003年建 | 3室2厅 | 145.01平米 | 南 北,https://ke-image.ljcdn.com/110000-inspection/pc1_zf6CDm4o4.jpg!m_fill,w_280,h_210,f_jpg?from=ke.com
20230502,亦庄开发区,亦庄,101115179282,国锐金嵿 5室2厅 南 北房主自荐,2540万,89836元/平,高楼层 (共31层) | 2016年建 | 5室2厅 | 282.74平米 | 南 北,https://ke-image.ljcdn.com/110000-inspection/66e94885-f798-4d3b-b305-37682337ee6a_1000.jpg!m_fill,w_280,h_210,f_jpg?from=ke.com
20230502,亦庄开发区,亦庄,101115131577,金色漫香林五期 精装修 南北向 两居,519万,56530元/平,低楼层 (共7层) | 2011年建 | 2室1厅 | 91.81平米 | 南 北,https://ke-image.ljcdn.com/110000-inspection/bfd5d456-5187-46b7-8fd3-1b13fd543c8d_1000.jpg!m_fill,w_280,h_210,f_jpg?from=ke.com
20230502,亦庄开发区,亦庄,101115118208,次新房好楼层好业主好小区精装修好户型大平层,2360万,82851元/平,高楼层 (共31层) 4室2厅 | 284.85平米 | 南 北,https://ke-image.ljcdn.com/110000-inspection/7cd6ef48-73d6-4d9c-8ae7-fd75bdbb1bdb_1000.jpg!m_fill,w_280,h_210,f_jpg?from=ke.com
20230502,亦庄开发区,亦庄,101115115762,上海沙龙  高楼层  不临街  采光好,670万,77763元/平,高楼层 (共9层) | 2003年建 | 2室1厅 | 86.16平米 | 南 北,https://ke-image.ljcdn.com/110000-inspection/pc1_YINxs2Bmn.jpg!m_fill,w_280,h_210,f_jpg?from=ke.com
20230502,亦庄开发区,亦庄,101115010996,三羊里社区全南一居室采光好不临街,246万,42546元/平,高楼层 (共6层) | 2010年建 | 1室1厅 | 57.82平米 | 南 北,https://ke-image.ljcdn.com/110000-inspection/pc1_ZFJTMLTgJ.jpg!m_fill,w_280,h_210,f_jpg?from=ke.com
20230502,亦庄开发区,亦庄,101114941304,听涛南北通透三居精装修诚意出售可直接入住,769万,63544元/平,底层 (共8层) | 2000年建 | 3室2厅 | 121.02平米 | 南 北,https://ke-image.ljcdn.com/110000-inspection/pc1_OKiem8dy7.jpg!m_fill,w_280,h_210,f_jpg?from=ke.com
20230502,亦庄开发区,亦庄,101114927196,春华屋南北向两居室满五年诚意出售。,690万,63367元/平,高楼层 (共11层) | 2000年建 | 2室1厅 | 108.89平米 | 南 北,https://ke-image.ljcdn.com/110000-inspection/pc1_Nq8tKuhwc.jpg!m_fill,w_280,h_210,f_jpg?from=ke.com
20230502,亦庄开发区,亦庄,101114927182,春华屋新上高层全南两居视野采光棒！,743万,61860元/平,高楼层 (共18层) | 2003年建 | 2室2厅 | 120.11平米 | 南,https://ke-image.ljcdn.com/110000-inspection/pc1_fwOppWXks.jpg!m_fill,w_280,h_210,f_jpg?from=ke.com
20230502,亦庄开发区,亦庄,101114900860,大平层国锐金嵿四居室一梯一户开发商精装修,2250万,79579元/平,中楼层 (共31层) 4室2厅 | 282.74平米 | 东 南 西,https://ke-image.ljcdn.com/110000-inspection/471dbcc2-c219-4b4a-a5b7-4e6e6b1824a7_1000.jpg!m_fill,w_280,h_210,f_jpg?from=ke.com
20230502,亦庄开发区,亦庄,101114887166,远洋天著一期精装修上叠满五唯一视野开阔,1620万,56130元/平,顶层 (共7层) | 2014年建 | 4室2厅 | 288.62平米 | 南 北,https://ke-image.ljcdn.com/110000-inspection/d8c75464-6b9e-48e5-a3f7-f4da1eec966a_1000.jpg!m_fill,w_280,h_210,f_jpg?from=ke.com
20230502,亦庄开发区,亦庄,101114838625,金色漫香林五期 精装修自住保持的不错,598万,65809元/平,底层 (共9层) | 2011年建 | 2室1厅 | 90.87平米 | 南 北,https://ke-image.ljcdn.com/110000-inspection/f94b456a-484a-4df3-a747-2c1224ef3948_1000.jpg!m_fill,w_280,h_210,f_jpg?from=ke.com
20230502,亦庄开发区,亦庄,101114826120,金地格林小镇 南北朝向 中间楼层三居,960万,69290元/平,中楼层 (共5层) | 2004年建 | 3室2厅 | 138.55平米 | 南 北,https://ke-image.ljcdn.com/110000-inspection/pc1_WYdIQKXFJ.jpg!m_fill,w_280,h_210,f_jpg?from=ke.com
20230502,亦庄开发区,亦庄,101114803517,星岛假日 3层 3居室   南北通透,980万,61446元/平,中楼层 (共5层) | 2001年建 | 3室2厅 | 159.49平米 | 南 北,https://ke-image.ljcdn.com/110000-inspection/b4f1bd09-f5fb-4181-94cd-173804a9982e_1000.jpg!m_fill,w_280,h_210,f_jpg?from=ke.com
20230502,亦庄开发区,亦庄,101114787437,南北通透住宅大平层精装修业主自住诚意出售,1890万,68496元/平,高楼层 (共31层) | 2015年建 | 4室2厅 | 275.93平米 | 南 北,https://ke-image.ljcdn.com/110000-inspection/pc1_4nIKpu4hV.jpg!m_fill,w_280,h_210,f_jpg?from=ke.com
20230502,亦庄开发区,亦庄,101114736408,和成璟园 南北通透边户 高楼层 视野好采光足 人车分流,590万,63271元/平,中楼层 (共12层) | 2014年建 | 3室2厅 | 93.25平米 | 南 北,https://ke-image.ljcdn.com/110000-inspection/8c385b61-215e-42ca-a295-5049dff20fdc_1000.jpg!m_fill,w_280,h_210,f_jpg?from=ke.com
20230502,亦庄开发区,亦庄,101114623627,富源里小区优质两居室M5V1诚意出售房主自荐,450万,66925元/平,底层 (共6层) | 2001年建 | 2室1厅 | 67.24平米 | 西 北,https://ke-image.ljcdn.com/110000-inspection/pc1_rNTotcgmH.jpg!m_fill,w_280,h_210,f_jpg?from=ke.com
20230502,亦庄开发区,亦庄,101114595889,金色漫香林五期 满五唯一  南北通透,650万,71421元/平,底层 (共6层) | 2012年建 | 2室2厅 | 91.01平米 | 南 北,https://ke-image.ljcdn.com/110000-inspection/pc1_lpMmIEbMx.jpg!m_fill,w_280,h_210,f_jpg?from=ke.com
20230502,亦庄开发区,亦庄,101114565680,通泰国际公馆 南向开间  没有遮挡采光好,360万,67593元/平,中楼层 (共14层) 1室0厅 | 53.26平米 | 南,https://ke-image.ljcdn.com/110000-inspection/5b2f5195-3040-45a9-85d7-4a4209c3aff0_1000.jpg!m_fill,w_280,h_210,f_jpg?from=ke.com
20230502,亦庄开发区,亦庄,101114221160,通泰国际公馆 高楼层 采光好 户型好,620万,70359元/平,中楼层 (共15层) | 2015年建 | 2室2厅 | 88.12平米 | 南 北,https://ke-image.ljcdn.com/110000-inspection/1b51ec38-2b2f-4a41-bf07-2ef20908f173_1000.jpg!m_fill,w_280,h_210,f_jpg?from=ke.com
20230502,亦庄开发区,亦庄,101114178556,瀛景园此房南北向户型方正,460万,52019元/平,顶层 (共6层) | 2003年建 | 2室1厅 | 88.43平米 | 南 北,https://ke-image.ljcdn.com/110000-inspection/pc1_4AMam5gnm.jpg!m_fill,w_280,h_210,f_jpg?from=ke.com
20230502,亦庄开发区,亦庄,101114161050,金色漫香林二期优质房源诚意出售房主自荐,479万,53235元/平,中楼层 (共8层) | 2010年建 | 2室1厅 | 89.98平米 | 南 北,https://ke-image.ljcdn.com/110000-inspection/pc1_6CSJaDiY7_3.jpg!m_fill,w_280,h_210,f_jpg?from=ke.com
20230502,亦庄开发区,亦庄,101114146074,林肯公园南北通透诚意出售。房主自荐,698万,73949元/平,底层 (共24层) | 2010年建 | 2室1厅 | 94.39平米 | 南 北,https://ke-image.ljcdn.com/110000-inspection/b9aeda73-0e82-4262-8b82-39e5cf24d822_1000.jpg!m_fill,w_280,h_210,f_jpg?from=ke.com
20230502,亦庄开发区,亦庄,101114049411,北环东路3号 满五唯一 带电梯,620万,50945元/平,中楼层 (共12层) | 2002年建 | 2室2厅 | 121.7平米 | 南 北,https://ke-image.ljcdn.com/110000-inspection/pc1_TtQwNMCOL.jpg!m_fill,w_280,h_210,f_jpg?from=ke.com
20230502,亦庄开发区,亦庄,101114039856,此房中间楼层前后不临街南北通透两居室,560万,62382元/平,高楼层 (共15层) 2室1厅 | 89.77平米 | 南 北,https://ke-image.ljcdn.com/110000-inspection/10e76d55-9402-4c5e-891d-ef79799b2587_1000.jpg!m_fill,w_280,h_210,f_jpg?from=ke.com
20230502,亦庄开发区,亦庄,101113338348,此房是2015年的次新房采光充足带电梯。南北通透,546万,61074元/平,中楼层 (共15层) | 2015年建 | 2室1厅 | 89.4平米 | 南 北,https://ke-image.ljcdn.com/110000-inspection/pc1_LhpP9JXDX_1.jpg!m_fill,w_280,h_210,f_jpg?from=ke.com
20230502,亦庄开发区,亦庄,101112924181,林肯公园南北通透全明格局小区环境优美 2梯2户,760万,80774元/平,低楼层 (共17层) | 2010年建 | 2室1厅 | 94.09平米 | 南 北,https://ke-image.ljcdn.com/110000-inspection/pc1_9n23YH8L4_1.jpg!m_fill,w_280,h_210,f_jpg?from=ke.com
20230502,亦庄开发区,亦庄,101112042935,晓康东里 南北通透户型好 优质大两居,373万,41157元/平,顶层 (共6层) 2室2厅 | 90.63平米 | 南 北,https://ke-image.ljcdn.com/110000-inspection/f765dda8-564b-4d73-8742-0fe4ba003dda_1000.jpg!m_fill,w_280,h_210,f_jpg?from=ke.com
20230502,亦庄开发区,亦庄,101112014051,听涛雅苑正规一居室有电梯满五年,465万,88843元/平,低楼层 (共8层) | 2000年建 | 1室1厅 | 52.34平米 | 东,https://ke-image.ljcdn.com/110000-inspection/pc1_EfQO2bnMl_1.jpg!m_fill,w_280,h_210,f_jpg?from=ke.com
20230502,亦庄开发区,亦庄,101111197854,新康家园 满五唯一 复式 南北通透 业主诚心出售房主自荐,920万,42401元/平,高楼层 (共7层) | 2003年建 | 4室2厅 | 216.98平米 | 南 北,https://ke-image.ljcdn.com/110000-inspection/pc1_554GuA6H3_1.jpg!m_fill,w_280,h_210,f_jpg?from=ke.com
20230502,亦庄开发区,亦庄,101110363183,金色漫香林五期高楼层洋房三居,820万,58128元/平,顶层 (共4层) | 2011年建 | 3室1厅 | 141.07平米 | 南 北,https://ke-image.ljcdn.com/110000-inspection/pc1_HGL8vBI7o_1.jpg!m_fill,w_280,h_210,f_jpg?from=ke.com
20230502,亦庄开发区,亦庄,101109904241,和成璟园经典小三居南北通透户型方正,580万,62033元/平,中楼层 (共13层) | 2014年建 | 3室2厅 | 93.5平米 | 南 北,https://ke-image.ljcdn.com/110000-inspection/b7610582-0748-4837-b5c9-f34741d4b85c_1000.jpg!m_fill,w_280,h_210,f_jpg?from=ke.com
20230502,亦庄开发区,亦庄,101119060060,富源里 2室1厅 南 北新上,495万,57352元/平,顶层 (共6层) | 2001年建 | 2室1厅 | 86.31平米 | 南 北,https://ke-image.ljcdn.com/110000-inspection/39fcdae2-a080-46d6-a726-705a229023c6_1000.jpg!m_fill,w_280,h_210,f_jpg?from=ke.com
20230502,亦庄开发区,亦庄,101119042626,贵园南里乙区 1室1厅 南新上,325万,63193元/平,顶层 (共6层) | 1995年建 | 1室1厅 | 51.43平米 | 南,https://ke-image.ljcdn.com/110000-inspection/pc1_s9Zs9Tiwt.jpg!m_fill,w_280,h_210,f_jpg?from=ke.com
20230502,亦庄开发区,亦庄,101119035121,通泰国际公馆 1室0厅 南新上,355万,66655元/平,中楼层 (共14层) | 2015年建 | 1室0厅 | 53.26平米 | 南,https://ke-image.ljcdn.com/110000-inspection/f4c4009f-1402-4175-bcf6-e2cc5308e36b_1000.jpg!m_fill,w_280,h_210,f_jpg?from=ke.com
20230502,亦庄开发区,亦庄,101119028448,满五年唯一大面宽别墅 格局方正带车位看房方便！新上,1550万,44488元/平,底层 (共3层) 9室2厅 | 348.41平米 | 南 北,https://ke-image.ljcdn.com/110000-inspection/pc1_0R4D2G1jn.jpg!m_fill,w_280,h_210,f_jpg?from=ke.com
20230502,亦庄开发区,亦庄,101118990431,远洋天著三期 一层下跃 采光无遮挡,1980万,53659元/平,底层 (共4层) | 2016年建 | 4室2厅 | 369平米 | 南 北,https://ke-image.ljcdn.com/110000-inspection/733bb169-8bae-44c7-b775-09e6dda6dee3_1000.jpg!m_fill,w_280,h_210,f_jpg?from=ke.com
20230502,亦庄开发区,亦庄,101118979899,上海沙龙 2室2厅 南 北,660万,77959元/平,中楼层 (共9层) | 2003年建 | 2室2厅 | 84.66平米 | 南 北,https://ke-image.ljcdn.com/110000-inspection/pc1_MSzTKCBdn.jpg!m_fill,w_280,h_210,f_jpg?from=ke.com
20230502,亦庄开发区,亦庄,101118973579,新康家园  中间楼层 三居室  业主诚心出售。,798万,62087元/平,中楼层 (共7层) | 2001年建 | 3室1厅 | 128.53平米 | 南 北,https://ke-image.ljcdn.com/110000-inspection/pc1_noIb1guCK.jpg!m_fill,w_280,h_210,f_jpg?from=ke.com
20230502,亦庄开发区,亦庄,101118964381,林肯公园 2室1厅 南 北,760万,83252元/平,中楼层 (共17层) | 2011年建 | 2室1厅 | 91.29平米 | 南 北,https://ke-image.ljcdn.com/110000-inspection/8703f20e-0dfb-4a4a-9bdb-2de60fcfedf6_1000.jpg!m_fill,w_280,h_210,f_jpg?from=ke.com
20230502,亦庄开发区,亦庄,101118962816,做完基础建设 挨着水系 A户型联排 看房联系维护人,1850万,49007元/平,底层 (共3层) 4室2厅 | 377.5平米 | 南 北,https://ke-image.ljcdn.com/110000-inspection/pc1_jC5wz3tBm.jpg!m_fill,w_280,h_210,f_jpg?from=ke.com
20230502,亦庄开发区,亦庄,101118943814,境界 4室2厅 南 北,1260万,51226元/平,中楼层 (共5层) 4室2厅 | 245.97平米 | 南 北,https://ke-image.ljcdn.com/110000-inspection/4e2c66d0-44c8-43ed-91c8-a7204687f3c8_1000.jpg!m_fill,w_280,h_210,f_jpg?from=ke.com
20230502,亦庄开发区,亦庄,101118933957,米兰天空新上南北通透三居室满五唯一,980万,64339元/平,顶层 (共4层) | 2002年建 | 3室2厅 | 152.32平米 | 南 北,https://ke-image.ljcdn.com/110000-inspection/pc1_UgzREJGFf.jpg!m_fill,w_280,h_210,f_jpg?from=ke.com
20230502,亦庄开发区,亦庄,101118927355,富源里 新上低楼层正规一居室 不临街,308万,65602元/平,底层 (共6层) | 2001年建 | 1室1厅 | 46.95平米 | 北,https://ke-image.ljcdn.com/110000-inspection/83eef376-bab0-4661-bda0-6910e2ef21c3_1000.jpg!m_fill,w_280,h_210,f_jpg?from=ke.com
20230502,亦庄开发区,亦庄,101118897997,国融国际 1室0厅 南,180万,53957元/平,高楼层 (共23层) | 2008年建 | 1室0厅 | 33.36平米 | 南,https://ke-image.ljcdn.com/110000-inspection/pc1_4VCV42mEN.jpg!m_fill,w_280,h_210,f_jpg?from=ke.com
20230502,亦庄开发区,亦庄,101118890856,金地格林小镇 4室1厅 南 北,1200万,68272元/平,中楼层 (共5层) | 2004年建 | 4室1厅 | 175.77平米 | 南 北,https://ke-image.ljcdn.com/110000-inspection/pc1_zv6swVfQ4_1.jpg!m_fill,w_280,h_210,f_jpg?from=ke.com
20230502,亦庄开发区,亦庄,101118850086,金地格林小镇 挑空复式 看房随时,1480万,74605元/平,中楼层 (共5层) | 2003年建 | 3室2厅 | 198.38平米 | 南 北,https://ke-image.ljcdn.com/110000-inspection/pc1_uy5bhlS40.jpg!m_fill,w_280,h_210,f_jpg?from=ke.com
20230502,亦庄开发区,亦庄,101118844512,金地格林小镇  精装修挑空复式  花园洋房 类比别墅,1248万,69000元/平,中楼层 (共5层) 4室2厅 | 180.87平米 | 南 北,https://ke-image.ljcdn.com/110000-inspection/pc1_IWElztFhM.jpg!m_fill,w_280,h_210,f_jpg?from=ke.com
20230502,亦庄开发区,亦庄,101118840808,金色漫香林五期 满五唯一 一梯两户  精装修带阳台,720万,79859元/平,顶层 (共6层) | 2011年建 | 4室2厅 | 90.16平米 | 南 北,https://ke-image.ljcdn.com/110000-inspection/a25fcd83-4fe9-4b91-a561-d08ef083c1ff_1000.jpg!m_fill,w_280,h_210,f_jpg?from=ke.com
20230502,亦庄开发区,亦庄,101118822065,林肯 挑空复式 东西通透 无遮挡,318万,47175元/平,中楼层 (共9层) 2室1厅 | 67.41平米 | 东 西,https://ke-image.ljcdn.com/110000-inspection/pc1_zsgxzbOCO.jpg!m_fill,w_280,h_210,f_jpg?from=ke.com
20230502,亦庄开发区,亦庄,101118821596,新上！星岛假日 1+1层复式 6居 南北通透,920万,58361元/平,顶层 (共5层) 6室2厅 | 157.64平米 | 南 北,https://ke-image.ljcdn.com/110000-inspection/pc1_QnpuAH5P9.jpg!m_fill,w_280,h_210,f_jpg?from=ke.com
20230502,亦庄开发区,亦庄,101118817001,国锐金嵿 4室2厅 东南 西北,2160万,75830元/平,低楼层 (共31层) | 2015年建 | 4室2厅 | 284.85平米 | 东南 西北,https://ke-image.ljcdn.com/110000-inspection/pc1_vwoaD0Y00.jpg!m_fill,w_280,h_210,f_jpg?from=ke.com
20230502,亦庄开发区,亦庄,101118805695,林肯公园精装修中楼层三居室看房方便 诚意出售,1145万,77759元/平,中楼层 (共17层) | 2011年建 | 3室2厅 | 147.25平米 | 南 北,https://ke-image.ljcdn.com/110000-inspection/pc1_IzDzBvCcw.jpg!m_fill,w_280,h_210,f_jpg?from=ke.com
20230502,亦庄开发区,亦庄,101118805139,大雄城市花园百合园 视野宽阔 采光充足 周边配套齐全,1300万,82284元/平,底层 (共4层) | 2000年建 | 3室2厅 | 157.99平米 | 南 北,https://ke-image.ljcdn.com/110000-inspection/pc1_1lJ0AkZVp.jpg!m_fill,w_280,h_210,f_jpg?from=ke.com
20230502,亦庄开发区,亦庄,101118801212,国融国际 1室1厅 南 北,200万,60809元/平,高楼层 (共21层) 1室1厅 | 32.89平米 | 南 北,https://ke-image.ljcdn.com/110000-inspection/pc1_MlHhjrBHj.jpg!m_fill,w_280,h_210,f_jpg?from=ke.com
20230502,亦庄开发区,亦庄,101118795115,远洋天著一期 南北通透联排 使用面积600平米,1850万,48867元/平,底层 (共3层) 5室2厅 | 378.58平米 | 南 北,https://ke-image.ljcdn.com/110000-inspection/af771c05-a41c-48ad-a6bb-4b476368f81c_1000.jpg!m_fill,w_280,h_210,f_jpg?from=ke.com
20230502,亦庄开发区,亦庄,101118774217,国融国际 1室0厅 东,195万,41525元/平,中楼层 (共23层) | 2008年建 | 1室0厅 | 46.96平米 | 东,https://ke-image.ljcdn.com/110000-inspection/pc1_tdNPQJVqB.jpg!m_fill,w_280,h_210,f_jpg?from=ke.com
20230502,亦庄开发区,亦庄,101118765904,大雄城市花园春华屋 满五唯一  户型方正 采光充足,930万,57621元/平,中楼层 (共11层) | 2000年建 | 3室1厅 | 161.4平米 | 南 北,https://ke-image.ljcdn.com/110000-inspection/pc1_XjTqo3GY9.jpg!m_fill,w_280,h_210,f_jpg?from=ke.com
20230502,亦庄开发区,亦庄,101118757832,国融国际新上房源精装修保持不错,213万,40159元/平,中楼层 (共21层) 1室1厅 | 53.04平米 | 东北,https://ke-image.ljcdn.com/110000-inspection/abe4b3d8-e1e2-4fa7-9796-c04ad2483235_1000.jpg!m_fill,w_280,h_210,f_jpg?from=ke.com
20230502,亦庄开发区,亦庄,101118748526,房子满五唯一 高楼层 视野采光好 诚心出售 看房方便,480万,52707元/平,中楼层 (共7层) | 2010年建 | 2室1厅 | 91.07平米 | 南 北,https://ke-image.ljcdn.com/110000-inspection/80b450fb-675e-48ee-8195-7e281557c91b_1000.jpg!m_fill,w_280,h_210,f_jpg?from=ke.com
20230502,亦庄开发区,亦庄,101118746455,境界叠下别墅 前后花园 满五年 精装修 诚心出售,1538万,56968元/平,底层 (共4层) | 2004年建 | 4室2厅 | 269.98平米 | 南 北,https://ke-image.ljcdn.com/110000-inspection/7951a28e-6be2-4f68-b06a-7cf0f9bb6eea_1000.jpg!m_fill,w_280,h_210,f_jpg?from=ke.com
20230502,亦庄开发区,亦庄,101118739840,郁金香舍 4室2厅 南 北,899万,65014元/平,顶层 (共5层) 4室2厅 | 138.28平米 | 南 北,https://ke-image.ljcdn.com/110000-inspection/pc1_9xkWECM6v.jpg!m_fill,w_280,h_210,f_jpg?from=ke.com
20230502,亦庄开发区,亦庄,101118733376,金地格林小镇一层三居室户型方正西边户,1180万,85199元/平,底层 (共5层) | 2004年建 | 3室1厅 | 138.5平米 | 南 北,https://ke-image.ljcdn.com/110000-inspection/9d16412d-bf4b-4f74-8bea-8018db18116c_1000.jpg!m_fill,w_280,h_210,f_jpg?from=ke.com
20230502,亦庄开发区,亦庄,101118729732,博客雅居一居室诚意出售看房方便,330万,55129元/平,中楼层 (共24层) | 2008年建 | 1室1厅 | 59.86平米 | 东南,https://ke-image.ljcdn.com/110000-inspection/pc1_J4g769znE.jpg!m_fill,w_280,h_210,f_jpg?from=ke.com
20230502,亦庄开发区,亦庄,101118726005,富源里 南北通透、双层、临地铁房主自荐,394万,61795元/平,顶层 (共6层) | 2002年建 | 2室1厅 | 63.76平米 | 南 北,https://ke-image.ljcdn.com/110000-inspection/e7704e47-80bd-4bab-bb24-5d14ccda16dd_1000.jpg!m_fill,w_280,h_210,f_jpg?from=ke.com
20230502,亦庄开发区,亦庄,101118718189,郁金香舍两居室婚房装修楼上51.3平米房主自荐,720万,72109元/平,顶层 (共6层) 2室2厅 | 99.85平米 | 南 北,https://ke-image.ljcdn.com/110000-inspection/pc1_lz81A6hUd.jpg!m_fill,w_280,h_210,f_jpg?from=ke.com
20230502,亦庄开发区,亦庄,101118711049,一品亦庄东西向两居格局方正满五唯一业主诚意出售,535万,61067元/平,高楼层 (共6层) | 2005年建 | 2室1厅 | 87.61平米 | 东 西,https://ke-image.ljcdn.com/110000-inspection/pc1_Sys7ttrra.jpg!m_fill,w_280,h_210,f_jpg?from=ke.com
20230502,亦庄开发区,亦庄,101118667117,境界 4室2厅 南 北,1220万,54886元/平,顶层 (共4层) | 2004年建 | 4室2厅 | 222.28平米 | 南 北,https://ke-image.ljcdn.com/110000-inspection/pc1_Fe2swDm6E.jpg!m_fill,w_280,h_210,f_jpg?from=ke.com
20230502,亦庄开发区,亦庄,101118662376,卡尔生活馆 4室2厅 东 西 南 东南,1500万,50955元/平,底层 (共2层) | 2004年建 | 4室2厅 | 294.38平米 | 东 西 南 东南,https://ke-image.ljcdn.com/110000-inspection/pc1_CduBL9TBI.jpg!m_fill,w_280,h_210,f_jpg?from=ke.com
20230502,亦庄开发区,亦庄,101118631572,元宝楼优质复式 直观绿化水系 南北通透 业主诚售,1300万,61356元/平,顶层 (共4层) | 2003年建 | 4室2厅 | 211.88平米 | 南 北,https://ke-image.ljcdn.com/110000-inspection/pc1_9bC0Tjy53.jpg!m_fill,w_280,h_210,f_jpg?from=ke.com
20230502,亦庄开发区,亦庄,101118592844,卡尔生活馆 精装三居室  带电梯 视野好 采光充足 靠谱,839万,61300元/平,顶层 (共11层) | 2004年建 | 3室2厅 | 136.87平米 | 南 北,https://ke-image.ljcdn.com/110000-inspection/71f0c7d5-9f74-487e-a54e-c3d5b35e6590_1000.jpg!m_fill,w_280,h_210,f_jpg?from=ke.com
20230502,亦庄开发区,亦庄,101118585196,东晶国际 两居室看房方便诚意出售,550万,55238元/平,低楼层 (共18层) | 2002年建 | 2室2厅 | 99.57平米 | 西,https://ke-image.ljcdn.com/110000-inspection/pc1_ujNE3BRWn.jpg!m_fill,w_280,h_210,f_jpg?from=ke.com
20230502,亦庄开发区,亦庄,101118576609,国融国际精装修复式 满五年唯一 诚意出售,256万,59660元/平,高楼层 (共21层) 1室1厅 | 42.91平米 | 西南,https://ke-image.ljcdn.com/110000-inspection/pc1_sY7OiOOjF.jpg!m_fill,w_280,h_210,f_jpg?from=ke.com
20230502,亦庄开发区,亦庄,101118576543,国融国际新上南向复式 高楼层无遮挡 视野很好房主自荐,236万,71755元/平,高楼层 (共21层) 2室1厅 | 32.89平米 | 南,https://ke-image.ljcdn.com/110000-inspection/pc1_migfxccP7.jpg!m_fill,w_280,h_210,f_jpg?from=ke.com
20230502,亦庄开发区,亦庄,101118576276,和成璟园  经典下跃户型 满五唯一 新小区 环境优美,1139万,40085元/平,底层 (共13层) | 2014年建 | 5室3厅 | 284.15平米 | 南 北,https://ke-image.ljcdn.com/110000-inspection/b10332ce-cf08-48f0-9898-bc48d871699f_1000.jpg!m_fill,w_280,h_210,f_jpg?from=ke.com
20230502,亦庄开发区,亦庄,101118574505,星岛嘉园优质五居室 交通便利 采光好 周边配套好,845万,53713元/平,顶层 (共5层) | 2001年建 | 4室2厅 | 157.32平米 | 南 北,https://ke-image.ljcdn.com/110000-inspection/126cff36-b37f-45a4-bc95-7686791aa067_1000.jpg!m_fill,w_280,h_210,f_jpg?from=ke.com
20230502,亦庄开发区,亦庄,101118561572,境界 4室2厅 南 北,1230万,56314元/平,中楼层 (共4层) | 2004年建 | 4室2厅 | 218.42平米 | 南 北,https://ke-image.ljcdn.com/110000-inspection/58369b61-60e4-4c39-a856-ac09b4276226_1000.jpg!m_fill,w_280,h_210,f_jpg?from=ke.com
20230502,亦庄开发区,亦庄,101118550318,金地格林小镇 南北朝向精装挑空下跃户型,1530万,88789元/平,底层 (共5层) | 2003年建 | 6室2厅 | 172.32平米 | 东南 北,https://ke-image.ljcdn.com/110000-inspection/9aa04a75-e496-4e58-8959-93e05fcde638_1000.jpg!m_fill,w_280,h_210,f_jpg?from=ke.com
20230502,亦庄开发区,亦庄,101118537860,博客雅居 正规一居室 明厨明卫,330万,55037元/平,低楼层 (共24层) | 2008年建 | 1室1厅 | 59.96平米 | 东 南,https://ke-image.ljcdn.com/110000-inspection/pc1_paVIqFVAc.jpg!m_fill,w_280,h_210,f_jpg?from=ke.com
20230502,亦庄开发区,亦庄,101118515895,金地格林小镇  满五唯一 双卫大两居 精装修房主自荐,812万,72956元/平,中楼层 (共4层) 2室1厅 | 111.3平米 | 南 北,https://ke-image.ljcdn.com/110000-inspection/pc1_zxgJNWQZU.jpg!m_fill,w_280,h_210,f_jpg?from=ke.com
20230502,亦庄开发区,亦庄,101118498347,金色漫香林五期 双地下车位 改善居住洋房三居 大客厅房主自荐,808万,56830元/平,中楼层 (共4层) | 2012年建 | 3室1厅 | 142.18平米 | 南 北,https://ke-image.ljcdn.com/110000-inspection/pc1_u5kzWI73C_1.jpg!m_fill,w_280,h_210,f_jpg?from=ke.com
20230502,亦庄开发区,亦庄,101118484042,一幅画卷 南向两居室 视野开阔 居住舒适房主自荐,693万,64084元/平,中楼层 (共25层) 2室1厅 | 108.14平米 | 南,https://ke-image.ljcdn.com/110000-inspection/pc1_WcnBCMIkP.jpg!m_fill,w_280,h_210,f_jpg?from=ke.com
20230502,亦庄开发区,亦庄,101118467027,一品亦庄 不临街 满五唯一 大厨房落地窗 带电梯,745万,61196元/平,低楼层 (共8层) 2室1厅 | 121.74平米 | 南 北,https://ke-image.ljcdn.com/110000-inspection/pc1_7eZFxipyH.jpg!m_fill,w_280,h_210,f_jpg?from=ke.com
20230502,亦庄开发区,亦庄,101118452554,金色漫香林五期 上叠 房本面积200平 使用面积300多平,998万,49665元/平,顶层 (共3层) 6室2厅 | 200.95平米 | 南 北,https://ke-image.ljcdn.com/110000-inspection/pc1_F0fyHmvpv.jpg!m_fill,w_280,h_210,f_jpg?from=ke.com
20230502,亦庄开发区,亦庄,101118450741,满五唯一、南北通透、户型方正、中间楼层、,730万,67907元/平,中楼层 (共4层) | 2004年建 | 2室2厅 | 107.5平米 | 南 北,https://ke-image.ljcdn.com/110000-inspection/pc1_84BaMWdGn.jpg!m_fill,w_280,h_210,f_jpg?from=ke.com
20230502,亦庄开发区,亦庄,101118419624,贵园东里优质三居室 交通便利 周边配套齐全 采光好,409万,58731元/平,顶层 (共7层) | 2000年建 | 3室2厅 | 69.64平米 | 南 北,https://ke-image.ljcdn.com/110000-inspection/pc1_XDjWo6XPG.jpg!m_fill,w_280,h_210,f_jpg?from=ke.com
20230502,亦庄开发区,亦庄,101118418480,富源里新上两居精装修中间楼层位置好,509万,59512元/平,中楼层 (共6层) | 2001年建 | 2室1厅 | 85.53平米 | 南 北,https://ke-image.ljcdn.com/110000-inspection/fb5db26b-4f6f-4a1c-ab76-383bf2fbf8e3_1000.jpg!m_fill,w_280,h_210,f_jpg?from=ke.com
20230502,亦庄开发区,亦庄,101118416329,北京经开壹中心 前后不临街 高楼层 无遮挡,540万,64602元/平,顶层 (共11层) 3室1厅 | 83.59平米 | 南 北 东,https://ke-image.ljcdn.com/110000-inspection/c4da0e42-544f-4170-ba7d-c03c17aeb6ce_1000.jpg!m_fill,w_280,h_210,f_jpg?from=ke.com
20230502,亦庄开发区,亦庄,101118410060,富源里新上大一居产权清晰满五唯一,353万,62868元/平,高楼层 (共6层) | 2002年建 | 1室1厅 | 56.15平米 | 西南,https://ke-image.ljcdn.com/110000-inspection/pc1_ddh2Lqev2.jpg!m_fill,w_280,h_210,f_jpg?from=ke.com
20230502,亦庄开发区,亦庄,101118367218,国融国际 精装带电梯 采光好 视野好 配套齐全,205万,38636元/平,中楼层 (共23层) | 2008年建 | 1室1厅 | 53.06平米 | 东北,https://ke-image.ljcdn.com/110000-inspection/pc1_AXkHEqIZe.jpg!m_fill,w_280,h_210,f_jpg?from=ke.com
20230502,亦庄开发区,亦庄,101118361538,国融国际 1室1厅 东,195万,41525元/平,中楼层 (共23层) | 2008年建 | 1室1厅 | 46.96平米 | 东,https://ke-image.ljcdn.com/110000-inspection/pc1_2ZEunESUp.jpg!m_fill,w_280,h_210,f_jpg?from=ke.com
20230502,亦庄开发区,亦庄,101118361128,精装一居室 满五唯一 带阳台  高楼层,349万,52879元/平,中楼层 (共24层) | 2008年建 | 1室1厅 | 66平米 | 西北,https://ke-image.ljcdn.com/110000-inspection/pc1_B9hF7Ekes.jpg!m_fill,w_280,h_210,f_jpg?from=ke.com
20230502,亦庄开发区,亦庄,101118359760,远洋天著一期 4室2厅 南 北,2600万,67160元/平,底层 (共3层) 4室2厅 | 387.14平米 | 南 北,https://ke-image.ljcdn.com/110000-inspection/0f224956-5d94-4f1e-a7f2-27f560f9b784_1000.jpg!m_fill,w_280,h_210,f_jpg?from=ke.com
20230502,亦庄开发区,亦庄,101118359456,国融国际 精装 东侧是地铁 民水民电有燃气,168万,50360元/平,低楼层 (共23层) | 2008年建 | 1室1厅 | 33.36平米 | 北,https://ke-image.ljcdn.com/110000-inspection/pc1_43LUxZz9p.jpg!m_fill,w_280,h_210,f_jpg?from=ke.com
20230502,亦庄开发区,亦庄,101118351565,楼层好装修好看房方便 业主诚心出售,468万,81733元/平,低楼层 (共6层) | 2001年建 | 2室1厅 | 57.26平米 | 南,https://ke-image.ljcdn.com/110000-inspection/a356553e-3e94-4031-8873-c3a969133bcf_1000.jpg!m_fill,w_280,h_210,f_jpg?from=ke.com
20230502,亦庄开发区,亦庄,101118338569,高层   视野开阔 采光好 生活便利,2230万,78287元/平,中楼层 (共31层) 4室2厅 | 284.85平米 | 东 西,https://ke-image.ljcdn.com/110000-inspection/ccafc761-5161-49ce-a537-c0f11bc2d5c0_1000.jpg!m_fill,w_280,h_210,f_jpg?from=ke.com
20230502,亦庄开发区,亦庄,101118329178,新康家园 3室2厅 南 北,830万,66893元/平,顶层 (共4层) 3室2厅 | 124.08平米 | 南 北,https://ke-image.ljcdn.com/110000-inspection/pc1_H6YJ15mtv.jpg!m_fill,w_280,h_210,f_jpg?from=ke.com
20230502,亦庄开发区,亦庄,101118325362,贵园南里丙区中楼层全南向一居室满五年精装修,348万,67573元/平,中楼层 (共6层) | 2002年建 | 1室1厅 | 51.5平米 | 南,https://ke-image.ljcdn.com/110000-inspection/7678406d-01e7-4b2a-b411-da87658f64a0_1000.jpg!m_fill,w_280,h_210,f_jpg?from=ke.com
20230502,亦庄开发区,亦庄,101118324256,三羊里 两居室 南北通透 满两年 看房方便,320万,40995元/平,高楼层 (共6层) | 2010年建 | 2室1厅 | 78.06平米 | 南 北,https://ke-image.ljcdn.com/110000-inspection/pc1_JMugiE13p_1.jpg!m_fill,w_280,h_210,f_jpg?from=ke.com
20230502,亦庄开发区,亦庄,101118320965,东南五环 低密度  精装叠下  前后不临街  满五年新上,1480万,54049元/平,底层 (共4层) | 2012年建 | 6室1厅 | 273.83平米 | 南 北,https://ke-image.ljcdn.com/110000-inspection/pc1_ZSG0xE6di_3.jpg!m_fill,w_280,h_210,f_jpg?from=ke.com
20230502,亦庄开发区,亦庄,101118320400,金地格林小镇 一层      南北通透 边户 卫生间有窗户,950万,84250元/平,底层 (共4层) | 2004年建 | 2室1厅 | 112.76平米 | 南 西 北,https://ke-image.ljcdn.com/110000-inspection/pc1_UTbuygrie.jpg!m_fill,w_280,h_210,f_jpg?from=ke.com
20230502,亦庄开发区,亦庄,101118294188,此房马上满五唯一南北通透视野宽阔采光充足,512万,64290元/平,底层 (共11层) 2室1厅 | 79.64平米 | 南 北,https://ke-image.ljcdn.com/110000-inspection/pc1_f7WvKWcow_1.jpg!m_fill,w_280,h_210,f_jpg?from=ke.com
20230502,亦庄开发区,亦庄,101118292597,远洋天著·悦山顶层上叠视野好精装修,1580万,55047元/平,高楼层 (共8层) 4室2厅 | 287.03平米 | 南 北,https://ke-image.ljcdn.com/110000-inspection/23fea7b8-490a-41bb-94c6-6d580c997ce7_1000.jpg!m_fill,w_280,h_210,f_jpg?from=ke.com
20230502,亦庄开发区,亦庄,101118288640,金地格林C4上叠精装修业主诚意出售,1300万,60737元/平,中楼层 (共4层) 4室2厅 | 214.04平米 | 南 北,https://ke-image.ljcdn.com/110000-inspection/pc1_5SSZp9cNP.jpg!m_fill,w_280,h_210,f_jpg?from=ke.com
20230502,亦庄开发区,亦庄,101118283484,亦庄新城小康家园南北两居室总价少满五唯一,325万,37734元/平,顶层 (共6层) | 2000年建 | 2室2厅 | 86.13平米 | 南 北,https://ke-image.ljcdn.com/110000-inspection/96dee2bb-bd47-4ad1-b6db-82828885bf48_1000.jpg!m_fill,w_280,h_210,f_jpg?from=ke.com
20230502,亦庄开发区,亦庄,101118260646,Villa独栋别墅四面花园大概200平米左右很Nice,3000万,91912元/平,地下室 (共2层) 5室3厅 | 326.4平米 | 东 南 西 北,https://ke-image.ljcdn.com/110000-inspection/3b493e58-33f5-4cfe-97ba-ee4aab6ab999_1000.jpg!m_fill,w_280,h_210,f_jpg?from=ke.com
20230502,亦庄开发区,亦庄,101118252337,金地格林小镇 一二层挑空复式户型,1280万,73950元/平,底层 (共5层) | 2004年建 | 3室2厅 | 173.09平米 | 南 北,https://ke-image.ljcdn.com/110000-inspection/pc1_MJg3BxLLq.jpg!m_fill,w_280,h_210,f_jpg?from=ke.com
20230502,亦庄开发区,亦庄,101118247981,贵园北里甲区采光好通透诚售,360万,61142元/平,顶层 (共6层) | 1995年建 | 3室1厅 | 58.88平米 | 东 西,https://ke-image.ljcdn.com/110000-inspection/802765c7-83a1-4c20-8cfe-4277cfc9fe5d_1000.jpg!m_fill,w_280,h_210,f_jpg?from=ke.com
20230502,亦庄开发区,亦庄,101118247077,三羊里中间楼层满五唯一南北通透停车免费,350万,50630元/平,中楼层 (共5层) | 2010年建 | 2室1厅 | 69.13平米 | 南 北,https://ke-image.ljcdn.com/110000-inspection/8e7fc18d-55c1-4df9-b382-09b58f916134_1000.jpg!m_fill,w_280,h_210,f_jpg?from=ke.com
20230502,亦庄开发区,亦庄,101118235683,此房业主出租中 南北通透两居室满五唯一,610万,68195元/平,低楼层 (共14层) | 2015年建 | 2室1厅 | 89.45平米 | 南 北,https://ke-image.ljcdn.com/110000-inspection/pc1_IjUYbgkmy.jpg!m_fill,w_280,h_210,f_jpg?from=ke.com
20230502,亦庄开发区,亦庄,101118234650,梅园小区 2室2厅 东 西,460万,59904元/平,高楼层 (共6层) | 1998年建 | 2室2厅 | 76.79平米 | 东 西,https://ke-image.ljcdn.com/110000-inspection/513be6a2-4800-4aa0-8334-ed688e098cc9_1000.jpg!m_fill,w_280,h_210,f_jpg?from=ke.com
20230502,亦庄开发区,亦庄,101118210390,只有契税 西南朝向 户型方正 朝南三居 诚意出售！房主自荐,460万,44113元/平,低楼层 (共24层) | 2008年建 | 3室1厅 | 104.28平米 | 西南,https://ke-image.ljcdn.com/110000-inspection/90f9f1c5-f309-4f86-b696-97cb57a46948_1000.jpg!m_fill,w_280,h_210,f_jpg?from=ke.com
20230502,亦庄开发区,亦庄,101118207951,C5上叠别墅 中间位置临水系 视野开阔 满五唯一,1365万,66421元/平,中楼层 (共4层) | 2002年建 | 5室2厅 | 205.51平米 | 南 北,https://ke-image.ljcdn.com/110000-inspection/pc1_RE9eoScW1.jpg!m_fill,w_280,h_210,f_jpg?from=ke.com
20230502,亦庄开发区,亦庄,101118201814,带电梯 平层三居室  大客厅 大面宽 楼层好 采光充足,899万,54452元/平,高楼层 (共7层) | 2004年建 | 3室1厅 | 165.1平米 | 南 北,https://ke-image.ljcdn.com/110000-inspection/891594f1-e1aa-4831-9d34-17a4749af7c4_1000.jpg!m_fill,w_280,h_210,f_jpg?from=ke.com
20230502,亦庄开发区,亦庄,101118200253,电梯一居室内布局合理明厨明卫,445万,84521元/平,中楼层 (共15层) | 2000年建 | 1室1厅 | 52.65平米 | 东北 北,https://ke-image.ljcdn.com/110000-inspection/pc1_aKsdu6BG4.jpg!m_fill,w_280,h_210,f_jpg?from=ke.com
20230502,亦庄开发区,亦庄,101118196514,国融国际  1室 采光好  诚意出售房主自荐,175万,52459元/平,中楼层 (共23层) | 2008年建 | 1室1厅 | 33.36平米 | 南,https://ke-image.ljcdn.com/110000-inspection/pc1_DDT2NCAKi.jpg!m_fill,w_280,h_210,f_jpg?from=ke.com
20230502,亦庄开发区,亦庄,101118189798,精装上叠别墅中间位置采光视野好,1230万,62644元/平,中楼层 (共4层) 3室2厅 | 196.35平米 | 南 北,https://ke-image.ljcdn.com/110000-inspection/a37fc783-5180-46c2-b57b-c5de2a63b210_1000.jpg!m_fill,w_280,h_210,f_jpg?from=ke.com
20230502,亦庄开发区,亦庄,101118189027,精装修 边户下叠别墅 不临街 无遮挡  无违建 诚意出售,1599万,59185元/平,底层 (共4层) | 2004年建 | 3室2厅 | 270.17平米 | 南 北,https://ke-image.ljcdn.com/110000-inspection/pc1_OI2uQQRq4.jpg!m_fill,w_280,h_210,f_jpg?from=ke.com
20230502,亦庄开发区,亦庄,101118187901,五层+满五年唯一前后不临街空间大,766万,71078元/平,顶层 (共5层) 3室1厅 | 107.77平米 | 南 北,https://ke-image.ljcdn.com/110000-inspection/pc1_L3JRz1cMl.jpg!m_fill,w_280,h_210,f_jpg?from=ke.com
20230502,亦庄开发区,亦庄,101118172427,金地格林小镇 客厅挑空 大复式户型,1260万,70176元/平,中楼层 (共5层) | 2003年建 | 3室2厅 | 179.55平米 | 南 北,https://ke-image.ljcdn.com/110000-inspection/pc1_sSxkCR85M.jpg!m_fill,w_280,h_210,f_jpg?from=ke.com
20230502,亦庄开发区,亦庄,101118166141,新康家园 南北通透 中高楼层 视野好 满五唯一 不临街房主自荐,650万,66790元/平,高楼层 (共6层) 2室2厅 | 97.32平米 | 南 北,https://ke-image.ljcdn.com/110000-inspection/pc1_CQHwUBGav.jpg!m_fill,w_280,h_210,f_jpg?from=ke.com
20230502,亦庄开发区,亦庄,101118166043,天华园二里三区东晶国际小区上下两层三居室带电梯,759万,44085元/平,中楼层 (共14层) | 2002年建 | 3室1厅 | 172.17平米 | 东 西,https://ke-image.ljcdn.com/110000-inspection/pc1_DQs5twSsO.jpg!m_fill,w_280,h_210,f_jpg?from=ke.com
20230502,亦庄开发区,亦庄,101118149594,浉城百丽 3室2厅 南 北,1130万,57527元/平,中楼层 (共4层) 3室2厅 | 196.43平米 | 南 北,https://ke-image.ljcdn.com/110000-inspection/pc1_Y1l3IPHp5.jpg!m_fill,w_280,h_210,f_jpg?from=ke.com
20230502,亦庄开发区,亦庄,101118147083,瀛景园 南北通透 小区中间位置 一层 方便老人进出,900万,53684元/平,底层 (共6层) | 2004年建 | 4室1厅 | 167.65平米 | 南 北,https://ke-image.ljcdn.com/110000-inspection/85a756f2-081c-4e76-a1ea-8a417cf9a3ef_1000.jpg!m_fill,w_280,h_210,f_jpg?from=ke.com
20230502,亦庄开发区,亦庄,101118111661,别墅社区 看房方便 精装修 拎包入住,1200万,58830元/平,高楼层 (共7层) | 2014年建 | 4室2厅 | 203.98平米 | 南 北,https://ke-image.ljcdn.com/110000-inspection/pc1_basU77tVn_1.jpg!m_fill,w_280,h_210,f_jpg?from=ke.com
20230502,亦庄开发区,亦庄,101118093785,春华屋南北通透三居室 宽敞 舒适,815万,52081元/平,低楼层 (共11层) | 2000年建 | 3室2厅 | 156.49平米 | 南 北,https://ke-image.ljcdn.com/110000-inspection/pc1_fTk6B1NZj.jpg!m_fill,w_280,h_210,f_jpg?from=ke.com
20230502,亦庄开发区,亦庄,101118092707,金色漫香林五期 5室1厅 南 北,660万,74367元/平,顶层 (共6层) 5室1厅 | 88.75平米 | 南 北,https://ke-image.ljcdn.com/110000-inspection/pc1_omi88N8zw.jpg!m_fill,w_280,h_210,f_jpg?from=ke.com
20230502,亦庄开发区,亦庄,101118086436,国锐金嵿大平层南北通透高层视野好,2150万,77350元/平,高楼层 (共31层) | 2015年建 | 4室2厅 | 277.96平米 | 南 北,https://ke-image.ljcdn.com/110000-inspection/fdf5221c-7d5a-4e95-b5bc-253c2eebcbf4_1000.jpg!m_fill,w_280,h_210,f_jpg?from=ke.com
20230502,亦庄开发区,亦庄,101118085681,此房位于一层有自家绿地不临街满五唯一看房方便,668万,74830元/平,底层 (共6层) | 2009年建 | 2室1厅 | 89.27平米 | 南 北,https://ke-image.ljcdn.com/110000-inspection/2fd10641-fa3a-4445-81b1-6a95ea37c2da_1000.jpg!m_fill,w_280,h_210,f_jpg?from=ke.com
20230502,亦庄开发区,亦庄,101118080033,小康东里+南北两居+满五唯一+户型方正,358万,46652元/平,顶层 (共6层) 2室2厅 | 76.74平米 | 南 北,https://ke-image.ljcdn.com/110000-inspection/15f65c4b-8cf2-43cd-8783-1fdc369ba3b6_1000.jpg!m_fill,w_280,h_210,f_jpg?from=ke.com
20230502,亦庄开发区,亦庄,101118078656,上海沙龙 楼层好 位置佳 格局分布合理 不临街 采光好,798万,64963元/平,低楼层 (共9层) | 2006年建 | 3室1厅 | 122.84平米 | 东 南 北,https://ke-image.ljcdn.com/110000-inspection/pc1_7GwL986o4.jpg!m_fill,w_280,h_210,f_jpg?from=ke.com
20230502,亦庄开发区,亦庄,101118076506,贵园东里 自住三居室出行便利装修好,520万,52986元/平,顶层 (共6层) | 1999年建 | 3室2厅 | 98.14平米 | 南 北,https://ke-image.ljcdn.com/110000-inspection/pc1_ef1o3trKR.jpg!m_fill,w_280,h_210,f_jpg?from=ke.com
20230502,亦庄开发区,亦庄,101118073277,博客雅居南向开间有电梯业主诚意出售,325万,57482元/平,低楼层 (共24层) | 2008年建 | 1室0厅 | 56.54平米 | 南,https://ke-image.ljcdn.com/110000-inspection/pc1_wIwaulXCm.jpg!m_fill,w_280,h_210,f_jpg?from=ke.com
20230502,亦庄开发区,亦庄,101118068829,东晶国际 满五唯一 商品房住宅小区 电梯复式四居,850万,38781元/平,中楼层 (共9层) | 2002年建 | 4室2厅 | 219.18平米 | 西 北,https://ke-image.ljcdn.com/110000-inspection/pc1_epsZ2h3BA.jpg!m_fill,w_280,h_210,f_jpg?from=ke.com
20230502,亦庄开发区,亦庄,101118063461,亦庄金色漫香林二期 洋房三居 带平台,800万,56610元/平,中楼层 (共4层) | 2010年建 | 3室2厅 | 141.32平米 | 南 北,https://ke-image.ljcdn.com/110000-inspection/prod-3d9b6bc2-2749-427f-b978-5a08bda20f52.jpg!m_fill,w_280,h_210,f_jpg?from=ke.com
20230502,亦庄开发区,亦庄,101118056498,博大公园对面 南向无遮挡 视野开阔  精装大双拼,1620万,46740元/平,底层 (共3层) | 1996年建 | 5室2厅 | 346.6平米 | 北 南,https://ke-image.ljcdn.com/110000-inspection/pc1_vxlUv8SKG_1.jpg!m_fill,w_280,h_210,f_jpg?from=ke.com
20230502,亦庄开发区,亦庄,101118053476,大雄城市花园秋盛居 满五唯一 方正格局,469万,70400元/平,中楼层 (共5层) | 1999年建 | 1室1厅 | 66.62平米 | 东,https://ke-image.ljcdn.com/110000-inspection/a3722506-9773-4a05-be46-49c402c7bb78_1000.jpg!m_fill,w_280,h_210,f_jpg?from=ke.com
20230502,亦庄开发区,亦庄,101118051421,国融国际 1室0厅 北,163万,49560元/平,中楼层 (共21层) | 2008年建 | 1室0厅 | 32.89平米 | 北,https://ke-image.ljcdn.com/110000-inspection/pc1_j19jprKo0.jpg!m_fill,w_280,h_210,f_jpg?from=ke.com
20230502,亦庄开发区,亦庄,101118050169,富源里小区满五唯一南北通透看房随时房主自荐,450万,58434元/平,顶层 (共6层) | 2002年建 | 2室2厅 | 77.01平米 | 南 北,https://ke-image.ljcdn.com/110000-inspection/pc1_JGdkPU9Hl.jpg!m_fill,w_280,h_210,f_jpg?from=ke.com
20230502,亦庄开发区,亦庄,101118047796,新康家园 复式三居 动静分离 单价低 采光好 视野好,750万,49349元/平,顶层 (共6层) | 2001年建 | 4室2厅 | 151.98平米 | 南 北,https://ke-image.ljcdn.com/110000-inspection/pc1_j1M91UuWM.jpg!m_fill,w_280,h_210,f_jpg?from=ke.com
20230502,亦庄开发区,亦庄,101118046988,远洋天著·悦山 电梯入户 品质小区 南北通透房主自荐,940万,52670元/平,高楼层 (共7层) | 2014年建 | 3室2厅 | 178.47平米 | 南 北,https://ke-image.ljcdn.com/110000-inspection/bc0ee05e-0106-446f-82c8-4c097d490ddc_1000.jpg!m_fill,w_280,h_210,f_jpg?from=ke.com
20230502,亦庄开发区,亦庄,101118045013,天宝家园 南北通透 一居室 户型方正 采光好 视野开阔,465万,78614元/平,顶层 (共6层) | 2001年建 | 1室1厅 | 59.15平米 | 南 北,https://ke-image.ljcdn.com/110000-inspection/pc1_gWExXmP0J_1.jpg!m_fill,w_280,h_210,f_jpg?from=ke.com
20230502,亦庄开发区,亦庄,101118044960,金地格林小镇  顶层两居室 北侧有空间,730万,67096元/平,顶层 (共5层) 2室2厅 | 108.8平米 | 南 北,https://ke-image.ljcdn.com/110000-inspection/pc1_8wdauX6hz_1.jpg!m_fill,w_280,h_210,f_jpg?from=ke.com
20230502,亦庄开发区,亦庄,101118044858,三羊里社区经典南北通透小两居户型。,322万,41246元/平,高楼层 (共6层) | 2010年建 | 2室1厅 | 78.07平米 | 南 北,https://ke-image.ljcdn.com/110000-inspection/b7bb242b-3bde-42db-9158-9841963a81f6_1000.jpg!m_fill,w_280,h_210,f_jpg?from=ke.com
20230502,亦庄开发区,亦庄,101118044801,金色漫香林二期经典的上叠户型。,1110万,55816元/平,中楼层 (共4层) | 2010年建 | 7室2厅 | 198.87平米 | 南 北,https://ke-image.ljcdn.com/110000-inspection/pc1_TL7PLWizx_1.jpg!m_fill,w_280,h_210,f_jpg?from=ke.com
20230502,亦庄开发区,亦庄,101118044785,远洋天著二期澜湾联排东边户清水房看房有钥匙,2400万,71194元/平,底层 (共3层) | 2014年建 | 5室2厅 | 337.11平米 | 南 北,https://ke-image.ljcdn.com/110000-inspection/pc1_J4NvjIsDm_1.jpg!m_fill,w_280,h_210,f_jpg?from=ke.com
20230502,亦庄开发区,亦庄,101118044736,听涛雅苑正规一居室带电梯诚心卖看房方便,420万,88908元/平,顶层 (共8层) | 2000年建 | 1室1厅 | 47.24平米 | 南,https://ke-image.ljcdn.com/110000-inspection/4011c193-c235-4ae6-97f9-4dc4ca4dbfc3_1000.jpg!m_fill,w_280,h_210,f_jpg?from=ke.com
20230502,亦庄开发区,亦庄,101118044678,满五唯一 边户全明两居室 前后不临街 人车分流,716万,61682元/平,中楼层 (共11层) | 2005年建 | 2室2厅 | 116.08平米 | 北 南,https://ke-image.ljcdn.com/110000-inspection/pc1_MEUN6YXWX.jpg!m_fill,w_280,h_210,f_jpg?from=ke.com
20230502,亦庄开发区,亦庄,101118044622,金色漫香林二期优质两居无遮挡中间位置视野开阔,480万,52725元/平,中楼层 (共8层) | 2010年建 | 2室1厅 | 91.04平米 | 北 南,https://ke-image.ljcdn.com/110000-inspection/7356b56e-364a-46d5-b781-9d5e67a200eb_1000.jpg!m_fill,w_280,h_210,f_jpg?from=ke.com
20230502,亦庄开发区,亦庄,101118044567,房子是满五年唯一舒适两居户型方正采光好,648万,61969元/平,中楼层 (共11层) | 2000年建 | 2室1厅 | 104.57平米 | 东 西,https://ke-image.ljcdn.com/110000-inspection/332c16c3-105c-4452-88e3-d0efd903562b_1000.jpg!m_fill,w_280,h_210,f_jpg?from=ke.com
20230502,亦庄开发区,亦庄,101118044497,金色漫香林 洋房两居 南北通透 中高楼层 诚意出售,478万,52807元/平,中楼层 (共7层) | 2010年建 | 2室1厅 | 90.52平米 | 南 北,https://ke-image.ljcdn.com/110000-inspection/pc1_EjThQuKeD.jpg!m_fill,w_280,h_210,f_jpg?from=ke.com
20230502,亦庄开发区,亦庄,101118044346,诚意出售 看房方便  边户型 采光好,465万,78349元/平,底层 (共6层) | 2003年建 | 2室1厅 | 59.35平米 | 南 北,https://ke-image.ljcdn.com/110000-inspection/pc1_aChVoFMMC.jpg!m_fill,w_280,h_210,f_jpg?from=ke.com
20230502,亦庄开发区,亦庄,101118044328,金色漫香林一期 满五唯一 经典户型,587万,67697元/平,底层 (共9层) | 2009年建 | 2室1厅 | 86.71平米 | 南 北,https://ke-image.ljcdn.com/110000-inspection/pc1_ngtMLYlFl.jpg!m_fill,w_280,h_210,f_jpg?from=ke.com
20230502,亦庄开发区,亦庄,101118044252,中间楼层  装修很好 正规两居室 满五唯一,350万,53379元/平,中楼层 (共24层) | 2008年建 | 2室1厅 | 65.57平米 | 西北,https://ke-image.ljcdn.com/110000-inspection/fd3450f1-d091-46e7-8bfd-663ae44ee9be_1000.jpg!m_fill,w_280,h_210,f_jpg?from=ke.com
20230502,亦庄开发区,亦庄,101118044250,天宝家园 2室1厅 南 北,555万,64341元/平,底层 (共6层) | 2001年建 | 2室1厅 | 86.26平米 | 南 北,https://ke-image.ljcdn.com/110000-inspection/74b9aa24-c005-4501-90ba-e2f797ca1e05_1000.jpg!m_fill,w_280,h_210,f_jpg?from=ke.com
20230502,亦庄开发区,亦庄,101118044229,秋盛居眼睛户型三居南北通透,710万,58577元/平,顶层 (共5层) | 1999年建 | 3室2厅 | 121.21平米 | 南 北,https://ke-image.ljcdn.com/110000-inspection/pc1_WcFY1mzJ2.jpg!m_fill,w_280,h_210,f_jpg?from=ke.com
20230502,亦庄开发区,亦庄,101118044126,境界 6室2厅 南 北,1230万,58190元/平,中楼层 (共4层) 6室2厅 | 211.38平米 | 南 北,https://ke-image.ljcdn.com/110000-inspection/fce16240-4da8-45f4-a743-9d7846f64a2d_1000.jpg!m_fill,w_280,h_210,f_jpg?from=ke.com
20230502,亦庄开发区,亦庄,101118043982,小康东里 3室2厅 南 北,520万,50442元/平,高楼层 (共6层) 3室2厅 | 103.09平米 | 南 北,https://ke-image.ljcdn.com/110000-inspection/7a4df80c-8b3e-451f-89e6-0e3b2fc45dda_1000.jpg!m_fill,w_280,h_210,f_jpg?from=ke.com
20230502,亦庄开发区,亦庄,101118043940,贵园南里甲区 一层南北通透两居室 适合老年人居住,488万,55424元/平,底层 (共5层) | 1995年建 | 2室1厅 | 88.05平米 | 南 北,https://ke-image.ljcdn.com/110000-inspection/pc1_69Jy0XJvG.jpg!m_fill,w_280,h_210,f_jpg?from=ke.com
20230502,亦庄开发区,亦庄,101118043899,上海沙龙开间诚心出售高楼层。,420万,75350元/平,高楼层 (共9层) | 2006年建 | 1室0厅 | 55.74平米 | 南,https://ke-image.ljcdn.com/110000-inspection/pc1_jvZg2x5fd.jpg!m_fill,w_280,h_210,f_jpg?from=ke.com
20230502,亦庄开发区,亦庄,101118043859,大雄城市花园春华屋  满五唯一两居  户型方正,640万,61204元/平,高楼层 (共11层) | 2000年建 | 2室1厅 | 104.57平米 | 东 西,https://ke-image.ljcdn.com/110000-inspection/a91b5c30-2786-4d57-a8f8-334eec2cb12c_1000.jpg!m_fill,w_280,h_210,f_jpg?from=ke.com
20230502,亦庄开发区,亦庄,101118043854,老管委会宿舍精装修南北通透两居室,620万,68821元/平,底层 (共6层) | 1995年建 | 2室2厅 | 90.09平米 | 南 北,https://ke-image.ljcdn.com/110000-inspection/ea6c16fb-cc94-4da6-80e9-bb65014b5fbf_1000.jpg!m_fill,w_280,h_210,f_jpg?from=ke.com
20230502,亦庄开发区,亦庄,101118043801,贵园婚房精装修 南北通透 优质房源 看房有钥匙,354万,59119元/平,高楼层 (共6层) | 2002年建 | 1室1厅 | 59.88平米 | 南 北,https://ke-image.ljcdn.com/110000-inspection/pc1_Blbq8LTBb.jpg!m_fill,w_280,h_210,f_jpg?from=ke.com
20230502,亦庄开发区,亦庄,101118043558,远洋天著·悦山精装叠墅南北通透户型方正,1700万,51704元/平,中楼层 (共7层) | 2014年建 | 4室2厅 | 328.8平米 | 南 北,https://ke-image.ljcdn.com/110000-inspection/pc1_ob0c7gySD_1.jpg!m_fill,w_280,h_210,f_jpg?from=ke.com
20230502,亦庄开发区,亦庄,101118043406,金泰公寓两居室南北通透采光充足看房方便,580万,47659元/平,底层 (共12层) | 2002年建 | 2室1厅 | 121.7平米 | 南 北,https://ke-image.ljcdn.com/110000-inspection/pc1_u6t6PCc8w.jpg!m_fill,w_280,h_210,f_jpg?from=ke.com
20230502,亦庄开发区,亦庄,101118043266,贵园南里丙区客厅主卧朝南中间楼层采光充足,347万,63426元/平,中楼层 (共6层) | 2001年建 | 1室1厅 | 54.71平米 | 南,https://ke-image.ljcdn.com/110000-inspection/pc1_Zfj2yZ0IP.jpg!m_fill,w_280,h_210,f_jpg?from=ke.com
20230502,亦庄开发区,亦庄,101118043228,林肯公园 2室1厅 南 北,738万,80913元/平,高楼层 (共17层) | 2010年建 | 2室1厅 | 91.21平米 | 南 北,https://ke-image.ljcdn.com/110000-inspection/b9b0b801-2028-4e18-88f5-899506bbb568_1000.jpg!m_fill,w_280,h_210,f_jpg?from=ke.com
20230502,亦庄开发区,亦庄,101118043062,和成璟园满五唯一精装下跃南北通透,700万,43693元/平,底层 (共7层) | 2014年建 | 5室1厅 | 160.21平米 | 南 北,https://ke-image.ljcdn.com/110000-inspection/663553dd-df19-4af8-996b-c2190e50a1c3_1000.jpg!m_fill,w_280,h_210,f_jpg?from=ke.com
20230502,亦庄开发区,亦庄,101118042739,梅园小区南北通透普宅复式 采光视野很棒诚意出售,580万,46160元/平,顶层 (共6层) 4室1厅 | 125.65平米 | 南 北,https://ke-image.ljcdn.com/110000-inspection/pc1_vCkR2xPQa.jpg!m_fill,w_280,h_210,f_jpg?from=ke.com
20230502,亦庄开发区,亦庄,101118042616,上海沙龙小户型户型方正诚意出售,415万,74453元/平,顶层 (共9层) | 2006年建 | 1室0厅 | 55.74平米 | 西南,https://ke-image.ljcdn.com/110000-inspection/pc1_FLnLoF7RR_2.jpg!m_fill,w_280,h_210,f_jpg?from=ke.com
20230502,亦庄开发区,亦庄,101118041904,新康家园 复式三居 户型方正 动静分离  采光好 视野棒房主自荐,748万,49273元/平,顶层 (共6层) | 2001年建 | 3室2厅 | 151.81平米 | 南 北,https://ke-image.ljcdn.com/110000-inspection/pc1_vD5ZwFoIg.jpg!m_fill,w_280,h_210,f_jpg?from=ke.com
20230502,亦庄开发区,亦庄,101118038861,一品亦庄大两居主卧带卫60万装修拎包可住,758万,65549元/平,高楼层 (共11层) | 2005年建 | 2室2厅 | 115.64平米 | 南 北,https://ke-image.ljcdn.com/110000-inspection/pc1_RvYd3zls6.jpg!m_fill,w_280,h_210,f_jpg?from=ke.com
20230502,亦庄开发区,亦庄,101118037149,博客雅居电梯两居室采光好户型方正诚意出售,402万,46176元/平,中楼层 (共24层) | 2008年建 | 2室1厅 | 87.06平米 | 西北,https://ke-image.ljcdn.com/110000-inspection/pc1_8TB3NDhZj.jpg!m_fill,w_280,h_210,f_jpg?from=ke.com
20230502,亦庄开发区,亦庄,101118035679,郁金香舍电梯两居室东南向采光好,670万,77520元/平,中楼层 (共9层) | 2005年建 | 2室1厅 | 86.43平米 | 东南,https://ke-image.ljcdn.com/110000-inspection/85c98b20-16e4-43f8-8134-69250626e5e3_1000.jpg!m_fill,w_280,h_210,f_jpg?from=ke.com
20230502,亦庄开发区,亦庄,101118029176,鹿鸣苑 住宅一居室 满五唯一 带电梯,419万,88828元/平,高楼层 (共15层) | 2000年建 | 1室1厅 | 47.17平米 | 东北,https://ke-image.ljcdn.com/110000-inspection/ae03a0dd-286b-42c5-8fb9-e1ba57f47db4_1000.jpg!m_fill,w_280,h_210,f_jpg?from=ke.com
20230502,亦庄开发区,亦庄,101118029011,金色漫香林五期 大三居 大复式 精装修 带电梯,865万,68624元/平,顶层 (共6层) 3室2厅 | 126.05平米 | 南 北,https://ke-image.ljcdn.com/110000-inspection/1b4cef70-f540-48a9-90a8-37bb4bb981a2_1000.jpg!m_fill,w_280,h_210,f_jpg?from=ke.com
20230502,亦庄开发区,亦庄,101118026521,天华园二里三区中间楼层两居 满五唯一 业主诚意出售,570万,55954元/平,中楼层 (共5层) | 2003年建 | 2室2厅 | 101.87平米 | 东 西,https://ke-image.ljcdn.com/110000-inspection/pc1_5Rmnjx2Nk.jpg!m_fill,w_280,h_210,f_jpg?from=ke.com
20230502,亦庄开发区,亦庄,101118008248,南北通透两居满五年唯一板楼非顶层,470万,79059元/平,高楼层 (共6层) | 2001年建 | 2室1厅 | 59.45平米 | 南 北,https://ke-image.ljcdn.com/110000-inspection/pc1_eEIXbCOQl_2.jpg!m_fill,w_280,h_210,f_jpg?from=ke.com
20230502,亦庄开发区,亦庄,101118005129,和成璟园  精装下跃   小区人车分流  环境优美,790万,42515元/平,底层 (共12层) | 2014年建 | 5室2厅 | 185.82平米 | 南 北,https://ke-image.ljcdn.com/110000-inspection/pc1_DmJdJhWLO_1.jpg!m_fill,w_280,h_210,f_jpg?from=ke.com
20230502,亦庄开发区,亦庄,101117994614,听涛雅苑 电梯房 满五年 业主唯一住房,550万,71718元/平,顶层 (共8层) | 2000年建 | 2室1厅 | 76.69平米 | 南 北,https://ke-image.ljcdn.com/110000-inspection/755048fd-1625-4cff-8a7d-b5fc2a319d71_1000.jpg!m_fill,w_280,h_210,f_jpg?from=ke.com
20230502,亦庄开发区,亦庄,101117950260,满五唯一  总价便宜  诚意出售 看房方便,1100万,50903元/平,中楼层 (共4层) | 2004年建 | 4室2厅 | 216.1平米 | 南 北,https://ke-image.ljcdn.com/110000-inspection/pc1_VGtPFmJVK.jpg!m_fill,w_280,h_210,f_jpg?from=ke.com
20230502,亦庄开发区,亦庄,101117946582,小康家园南北通透一居室中间楼层满五唯一停车免费,250万,39526元/平,中楼层 (共6层) | 2000年建 | 1室1厅 | 63.25平米 | 南 北,https://ke-image.ljcdn.com/110000-inspection/pc1_AUDIeWoOZ.jpg!m_fill,w_280,h_210,f_jpg?from=ke.com
20230502,亦庄开发区,亦庄,101117934184,小康东里 精装自住 正规一居 满五唯一 低楼层,308万,48967元/平,中楼层 (共6层) 1室1厅 | 62.9平米 | 北 南,https://ke-image.ljcdn.com/110000-inspection/c47c60e8-0563-41e8-b156-bf7c0f2af69a_1000.jpg!m_fill,w_280,h_210,f_jpg?from=ke.com
20230502,亦庄开发区,亦庄,101117912554,小康家园 3室1厅 南 西 北,535万,42698元/平,低楼层 (共6层) | 2002年建 | 3室1厅 | 125.3平米 | 南 西 北,https://ke-image.ljcdn.com/110000-inspection/a854c707-2dc8-42fb-bbd6-a9a3428bd10d_1000.jpg!m_fill,w_280,h_210,f_jpg?from=ke.com
20230502,亦庄开发区,亦庄,101117904640,金色漫香林二期 5室2厅 南 北,1100万,54621元/平,中楼层 (共4层) | 2010年建 | 5室2厅 | 201.39平米 | 南 北,https://ke-image.ljcdn.com/110000-inspection/pc1_g6td7xxLz_1.jpg!m_fill,w_280,h_210,f_jpg?from=ke.com
20230502,亦庄开发区,亦庄,101117904496,听涛雅苑 3居室 双卫 南北通透格局 电梯高楼层,778万,63986元/平,高楼层 (共8层) | 2000年建 | 3室1厅 | 121.59平米 | 南 北,https://ke-image.ljcdn.com/110000-inspection/e86cb306-aa78-40ad-af43-428122da03ee_1000.jpg!m_fill,w_280,h_210,f_jpg?from=ke.com
20230502,亦庄开发区,亦庄,101117902663,听涛雅苑  户型方正 带电梯 位置好,790万,48333元/平,高楼层 (共8层) | 2000年建 | 3室2厅 | 163.45平米 | 东 西,https://ke-image.ljcdn.com/110000-inspection/c367972e-4f5b-4371-8417-f132ea12d41a_1000.jpg!m_fill,w_280,h_210,f_jpg?from=ke.com
20230502,亦庄开发区,亦庄,101117902254,满五年唯一正规一居室户型方正拎包入住房主自荐,243万,41847元/平,高楼层 (共6层) 1室1厅 | 58.07平米 | 西北,https://ke-image.ljcdn.com/110000-inspection/417e6292-838b-46be-bbda-1995d0a5fbb5_1000.jpg!m_fill,w_280,h_210,f_jpg?from=ke.com
20230502,亦庄开发区,亦庄,101117901976,此房是正规两居南北通透户型方正带电梯,617万,69086元/平,中楼层 (共15层) 2室1厅 | 89.31平米 | 南 北,https://ke-image.ljcdn.com/110000-inspection/pc1_RfzCNH58l_1.jpg!m_fill,w_280,h_210,f_jpg?from=ke.com
20230502,亦庄开发区,亦庄,101117901642,和成璟园 一层下跃双层复式地下有采光井,1320万,37734元/平,底层 (共13层) | 2014年建 | 7室3厅 | 349.82平米 | 南 北,https://ke-image.ljcdn.com/110000-inspection/94c46a5d-02be-471d-ae00-dd5cbbb364e8_1000.jpg!m_fill,w_280,h_210,f_jpg?from=ke.com
20230502,亦庄开发区,亦庄,101117900320,金色漫香林一期 2室1厅 南 北,499万,55967元/平,低楼层 (共6层) | 2009年建 | 2室1厅 | 89.16平米 | 南 北,https://ke-image.ljcdn.com/110000-inspection/c68e9536-1b80-4bc7-b22b-b2cd4d26e13d_1000.jpg!m_fill,w_280,h_210,f_jpg?from=ke.com
20230502,亦庄开发区,亦庄,101117900199,采光视野很棒 装修好 仅契税 看房方便,470万,45071元/平,中楼层 (共24层) | 2008年建 | 3室1厅 | 104.28平米 | 西南,https://ke-image.ljcdn.com/110000-inspection/c61996fe-d430-49fb-9d33-d8bc77680964_1000.jpg!m_fill,w_280,h_210,f_jpg?from=ke.com
20230502,亦庄开发区,亦庄,101117900183,听涛雅苑 满五唯一 南北通透自住装修中间楼层看房方便,575万,69841元/平,中楼层 (共8层) | 2000年建 | 2室1厅 | 82.33平米 | 南 北,https://ke-image.ljcdn.com/110000-inspection/pc1_BGBKwQgP6_1.jpg!m_fill,w_280,h_210,f_jpg?from=ke.com
20230502,亦庄开发区,亦庄,101117899438,南北两居 南北通透小区中间位置全明格局采光,800万,65542元/平,顶层 (共5层) | 2004年建 | 2室2厅 | 122.06平米 | 南 北,https://ke-image.ljcdn.com/110000-inspection/889bd903-a28a-4d35-930d-fdd862fe2425_1000.jpg!m_fill,w_280,h_210,f_jpg?from=ke.com
20230502,亦庄开发区,亦庄,101117899447,东晶国际 精装复式 满五唯一 出行便利 产权清晰,435万,65444元/平,低楼层 (共10层) | 2002年建 | 2室1厅 | 66.47平米 | 东 西,https://ke-image.ljcdn.com/110000-inspection/pc1_i3BFHP2th.jpg!m_fill,w_280,h_210,f_jpg?from=ke.com
20230502,亦庄开发区,亦庄,101117899376,房子是一层 有私家绿地 满五唯一 不临街 看房方便,615万,68916元/平,底层 (共6层) | 2009年建 | 2室1厅 | 89.24平米 | 南 北,https://ke-image.ljcdn.com/110000-inspection/pc1_k67bbeP98_1.jpg!m_fill,w_280,h_210,f_jpg?from=ke.com
20230502,亦庄开发区,亦庄,101117899180,金色漫香林 一层 不临街 满五唯一 诚意出售,587万,66134元/平,底层 (共6层) | 2009年建 | 2室1厅 | 88.76平米 | 南 北,https://ke-image.ljcdn.com/110000-inspection/2e5465b5-3cb7-489b-aca7-f0eaf0aedcb0_1000.jpg!m_fill,w_280,h_210,f_jpg?from=ke.com
20230502,亦庄开发区,亦庄,101117898481,高楼层视野好格局方正无抵押看房方便只有契税,330万,50336元/平,高楼层 (共24层) | 2008年建 | 2室1厅 | 65.56平米 | 西北,https://ke-image.ljcdn.com/110000-inspection/pc1_7q14qfs7b.jpg!m_fill,w_280,h_210,f_jpg?from=ke.com
20230502,亦庄开发区,亦庄,101117898439,花园两居室户型好低密度洋房小区,625万,69646元/平,底层 (共8层) | 2011年建 | 2室1厅 | 89.74平米 | 南 北,https://ke-image.ljcdn.com/110000-inspection/pc1_P6sizrwqy_2.jpg!m_fill,w_280,h_210,f_jpg?from=ke.com
20230502,亦庄开发区,亦庄,101117897443,亦庄 五环边 满五唯一 南北通透  户型反正 东边户一居,275万,46809元/平,顶层 (共6层) | 2010年建 | 1室1厅 | 58.75平米 | 南 北 东,https://ke-image.ljcdn.com/110000-inspection/85374432-356f-4283-9846-868b02f82f79_1000.jpg!m_fill,w_280,h_210,f_jpg?from=ke.com
20230502,亦庄开发区,亦庄,101117886173,北京经开壹中心 精装修 不临街  业主诚意出售,630万,72248元/平,中楼层 (共11层) | 2016年建 | 3室1厅 | 87.2平米 | 南 西 北,https://ke-image.ljcdn.com/110000-inspection/pc1_qDATqHWki.jpg!m_fill,w_280,h_210,f_jpg?from=ke.com
20230502,亦庄开发区,亦庄,101117884926,浉城百丽 4室2厅 南 北,1396万,75891元/平,底层 (共4层) | 2003年建 | 4室2厅 | 183.95平米 | 南 北,https://ke-image.ljcdn.com/110000-inspection/pc1_FOxzXiXnF.jpg!m_fill,w_280,h_210,f_jpg?from=ke.com
20230502,亦庄开发区,亦庄,101117882141,东晶国际开间看房方便随时签约价格能商量,342万,94711元/平,底层 (共17层) | 2002年建 | 1室0厅 | 36.11平米 | 东,https://ke-image.ljcdn.com/110000-inspection/pc1_UvkJAwXhv.jpg!m_fill,w_280,h_210,f_jpg?from=ke.com
20230502,亦庄开发区,亦庄,101117881555,满五唯一 高楼层采光好三期社区好有私家公园。,998万,60150元/平,高楼层 (共9层) | 2016年建 | 3室2厅 | 165.92平米 | 南 北,https://ke-image.ljcdn.com/110000-inspection/c8110b73-f773-45f6-8f49-e4f12de67850_1000.jpg!m_fill,w_280,h_210,f_jpg?from=ke.com
20230502,亦庄开发区,亦庄,101117879338,东晶国际 1室0厅 东,380万,91303元/平,中楼层 (共18层) | 2002年建 | 1室0厅 | 41.62平米 | 东,https://ke-image.ljcdn.com/110000-inspection/64dc8706-719a-4e9b-9039-926a9f755706_1000.jpg!m_fill,w_280,h_210,f_jpg?from=ke.com
20230502,亦庄开发区,亦庄,101117877930,星岛嘉园 经典大平层 中间楼层 满五年唯一 户型方正房主自荐,1200万,47081元/平,中楼层 (共6层) | 2001年建 | 5室3厅 | 254.88平米 | 南 北,https://ke-image.ljcdn.com/110000-inspection/543d3d6b-142a-4b4e-918d-1d90c473725e_1000.jpg!m_fill,w_280,h_210,f_jpg?from=ke.com
20230502,亦庄开发区,亦庄,101117877255,和成璟园精装修大三居独立电梯间看房方便,795万,56176元/平,中楼层 (共12层) | 2014年建 | 3室2厅 | 141.52平米 | 南 北,https://ke-image.ljcdn.com/110000-inspection/179c0e6b-b2ba-40bf-bdda-ad06bd69c348_1000.jpg!m_fill,w_280,h_210,f_jpg?from=ke.com
20230502,亦庄开发区,亦庄,101117876749,博客雅居 50年 带电梯 满两年只有契税,365万,55404元/平,低楼层 (共24层) | 2008年建 | 1室1厅 | 65.88平米 | 北,https://ke-image.ljcdn.com/110000-inspection/7da8f308-ce82-48df-8575-2c1a347655d1_1000.jpg!m_fill,w_280,h_210,f_jpg?from=ke.com
20230502,亦庄开发区,亦庄,101117875274,新康小三居 南北通透 满五唯一 业主自住 精装修,698万,61946元/平,低楼层 (共7层) | 2001年建 | 3室1厅 | 112.68平米 | 南 北,https://ke-image.ljcdn.com/110000-inspection/pc1_YK34p5c3f.jpg!m_fill,w_280,h_210,f_jpg?from=ke.com
20230502,亦庄开发区,亦庄,101117874494,大雄城市花园春华屋 南北通透 三居室 有电梯 户型方正,930万,57621元/平,高楼层 (共11层) | 2000年建 | 3室2厅 | 161.4平米 | 南 北,https://ke-image.ljcdn.com/110000-inspection/bde1533b-c819-4a62-aec6-a81124ba105b_1000.jpg!m_fill,w_280,h_210,f_jpg?from=ke.com
20230502,亦庄开发区,亦庄,101117872186,平层四居室明厨明卫南北好楼层好业主满五年唯一房主自荐,1010万,60443元/平,中楼层 (共5层) | 2004年建 | 4室2厅 | 167.1平米 | 南 北,https://ke-image.ljcdn.com/110000-inspection/pc1_s75pKsxp8_1.jpg!m_fill,w_280,h_210,f_jpg?from=ke.com
20230502,亦庄开发区,亦庄,101117872052,境界 上叠别墅 四居室 南北通透 精装修,1199万,55211元/平,顶层 (共4层) 4室2厅 | 217.17平米 | 南 北,https://ke-image.ljcdn.com/110000-inspection/pc1_rwJ9cPiyM.jpg!m_fill,w_280,h_210,f_jpg?from=ke.com
20230502,亦庄开发区,亦庄,101117872041,金色漫香林二期 3室1厅 南 北,777万,56641元/平,中楼层 (共4层) | 2010年建 | 3室1厅 | 137.18平米 | 南 北,https://ke-image.ljcdn.com/110000-inspection/pc1_bt5e4jifI.jpg!m_fill,w_280,h_210,f_jpg?from=ke.com
20230502,亦庄开发区,亦庄,101117870758,贵园南里甲区 大两居 单价低 满5唯一 方便出租,450万,51417元/平,顶层 (共6层) | 1995年建 | 2室2厅 | 87.52平米 | 南 北,https://ke-image.ljcdn.com/110000-inspection/pc1_RnEghoXcJ.jpg!m_fill,w_280,h_210,f_jpg?from=ke.com
20230502,亦庄开发区,亦庄,101117870100,浉城百丽 平层四居室 精装修 保养好 拎包入住,1058万,58363元/平,中楼层 (共4层) | 2002年建 | 4室1厅 | 181.28平米 | 东 南 北,https://ke-image.ljcdn.com/110000-inspection/544eb9ea-c678-4fec-9914-6730fcb62e67_1000.jpg!m_fill,w_280,h_210,f_jpg?from=ke.com
20230502,亦庄开发区,亦庄,101117868411,大雄城市花园春华屋 满五唯一楼层好视野宽阔采光充足,740万,62824元/平,中楼层 (共18层) | 2003年建 | 3室1厅 | 117.79平米 | 南,https://ke-image.ljcdn.com/110000-inspection/5d195dbc-f7ad-4a73-8db7-4a4c98835587_1000.jpg!m_fill,w_280,h_210,f_jpg?from=ke.com
20230502,亦庄开发区,亦庄,101117868048,大雄城市花园春华屋 满五唯一  次顶层 南北通透三居,765万,48612元/平,高楼层 (共11层) | 2000年建 | 3室1厅 | 157.37平米 | 南 北,https://ke-image.ljcdn.com/110000-inspection/f82af0c1-14f1-4246-9b2f-e97b79fae89c_1000.jpg!m_fill,w_280,h_210,f_jpg?from=ke.com
20230502,亦庄开发区,亦庄,101117868009,梅园小区 南北通透两居 不临街 业主诚心出售房主自荐,485万,62605元/平,高楼层 (共6层) 2室1厅 | 77.47平米 | 南 北,https://ke-image.ljcdn.com/110000-inspection/e559418d-43f1-4240-9077-3fe31975e2f0_1000.jpg!m_fill,w_280,h_210,f_jpg?from=ke.com
20230502,亦庄开发区,亦庄,101117867894,南北通透4居室方正户型西边户。,1150万,65662元/平,低楼层 (共9层) | 2006年建 | 4室2厅 | 175.14平米 | 南 北,https://ke-image.ljcdn.com/110000-inspection/pc1_w2ujQsL9Z_1.jpg!m_fill,w_280,h_210,f_jpg?from=ke.com
20230502,亦庄开发区,亦庄,101117867851,精装修3居明厨明卫有产权车位带有电车充电桩,1120万,68996元/平,中楼层 (共9层) | 2004年建 | 3室2厅 | 162.33平米 | 南 北,https://ke-image.ljcdn.com/110000-inspection/pc1_5Omq7vSkA.jpg!m_fill,w_280,h_210,f_jpg?from=ke.com
20230502,亦庄开发区,亦庄,101117867456,富源里优质三居室 满五唯一 采光好 交通便利,538万,50660元/平,顶层 (共6层) | 2001年建 | 3室2厅 | 106.2平米 | 南 北,https://ke-image.ljcdn.com/110000-inspection/pc1_KOt8FQLiI_1.jpg!m_fill,w_280,h_210,f_jpg?from=ke.com
20230502,亦庄开发区,亦庄,101117866987,博客雅居高楼层一居室  视野好  看房方便,320万,53450元/平,中楼层 (共24层) | 2008年建 | 1室1厅 | 59.87平米 | 东南,https://ke-image.ljcdn.com/110000-inspection/559f748b-9891-46be-8c0f-15ab638caef7_1000.jpg!m_fill,w_280,h_210,f_jpg?from=ke.com
20230502,亦庄开发区,亦庄,101117867007,莱茵河畔新上正规三居南北通透满五唯一,933万,47126元/平,中楼层 (共5层) | 2002年建 | 3室2厅 | 197.98平米 | 南 北,https://ke-image.ljcdn.com/110000-inspection/pc1_0BymoFK4G_1.jpg!m_fill,w_280,h_210,f_jpg?from=ke.com
20230502,亦庄开发区,亦庄,101117867009,星岛假日 中楼层 视野采光好 满五年唯一,950万,62357元/平,中楼层 (共9层) 3室2厅 | 152.35平米 | 南 北,https://ke-image.ljcdn.com/110000-inspection/da7faf97-466e-4c67-8b4f-b2313de59806_1000.jpg!m_fill,w_280,h_210,f_jpg?from=ke.com
20230502,亦庄开发区,亦庄,101117866730,卡尔生活馆三居不临街中间楼层靠谱出售,856万,62583元/平,低楼层 (共11层) | 2003年建 | 3室2厅 | 136.78平米 | 南 北,https://ke-image.ljcdn.com/110000-inspection/1fb87ca1-4af9-4ead-bd39-ccad431a5190_1000.jpg!m_fill,w_280,h_210,f_jpg?from=ke.com
20230502,亦庄开发区,亦庄,101117866213,百合园精装联排别墅满五年唯一 诚意出售。,1360万,65325元/平,底层 (共3层) 5室2厅 | 208.19平米 | 南 北,https://ke-image.ljcdn.com/110000-inspection/pc1_jiPTQh6kR.jpg!m_fill,w_280,h_210,f_jpg?from=ke.com
20230502,亦庄开发区,亦庄,101117866076,博客雅居 东南三居 看房方便 视野开阔,465万,44592元/平,中楼层 (共24层) | 2008年建 | 3室1厅 | 104.28平米 | 东南,https://ke-image.ljcdn.com/110000-inspection/pc1_lNJGq23V6_1.jpg!m_fill,w_280,h_210,f_jpg?from=ke.com
20230502,亦庄开发区,亦庄,101117865817,小康家园低楼层南北通透满五唯一免费停车,320万,40328元/平,底层 (共6层) 2室2厅 | 79.35平米 | 南 北,https://ke-image.ljcdn.com/110000-inspection/d4e5162d-389e-4aac-b3d6-9e6a5fec1bec_1000.jpg!m_fill,w_280,h_210,f_jpg?from=ke.com
20230502,亦庄开发区,亦庄,101117864330,林肯公园 A户型 两梯两户 中高层,775万,83902元/平,中楼层 (共17层) | 2011年建 | 2室2厅 | 92.37平米 | 南 北,https://ke-image.ljcdn.com/110000-inspection/27cd9a0e-6ba4-4331-8b0e-0456830bd68c_1000.jpg!m_fill,w_280,h_210,f_jpg?from=ke.com
20230502,亦庄开发区,亦庄,101117863359,新康家园 中间楼层 南北通透 精装两居室 采光好房主自荐,678万,69668元/平,中楼层 (共7层) | 2001年建 | 2室2厅 | 97.32平米 | 南 北,https://ke-image.ljcdn.com/110000-inspection/pc1_flBnR5afT.jpg!m_fill,w_280,h_210,f_jpg?from=ke.com
20230502,亦庄开发区,亦庄,101117861749,小康东里 正规一居 看房方便 诚意出售,225万,39620元/平,顶层 (共6层) | 2003年建 | 1室1厅 | 56.79平米 | 西北,https://ke-image.ljcdn.com/110000-inspection/pc1_V6sS2LVpa_1.jpg!m_fill,w_280,h_210,f_jpg?from=ke.com
20230502,亦庄开发区,亦庄,101117860475,星岛假日 南北通透两居室 中间层,698万,63265元/平,中楼层 (共6层) | 2004年建 | 2室1厅 | 110.33平米 | 南 北,https://ke-image.ljcdn.com/110000-inspection/pc1_H3WctH6ws.jpg!m_fill,w_280,h_210,f_jpg?from=ke.com
20230502,亦庄开发区,亦庄,101117859828,金色漫香林二期 洋房三居 满五唯一 只有契税,735万,53611元/平,中楼层 (共4层) | 2010年建 | 3室2厅 | 137.1平米 | 南 北,https://ke-image.ljcdn.com/110000-inspection/3a016a3d-c27e-4430-a074-9a5b785d4eec_1000.jpg!m_fill,w_280,h_210,f_jpg?from=ke.com
20230502,亦庄开发区,亦庄,101117848266,金色漫香林一期 2室1厅 南 北,500万,57644元/平,高楼层 (共9层) | 2009年建 | 2室1厅 | 86.74平米 | 南 北,https://ke-image.ljcdn.com/110000-inspection/pc1_9aF6zYRRO_1.jpg!m_fill,w_280,h_210,f_jpg?from=ke.com
20230502,亦庄开发区,亦庄,101117840726,博客雅居东南向三居  业主诚意出售  带电梯,325万,54294元/平,中楼层 (共24层) | 2008年建 | 1室1厅 | 59.86平米 | 东南,https://ke-image.ljcdn.com/110000-inspection/pc1_Jc8LBa7dQ.jpg!m_fill,w_280,h_210,f_jpg?from=ke.com
20230502,亦庄开发区,亦庄,101117825282,和成璟园 上下两层大客厅高楼层视野开阔,1699万,51269元/平,顶层 (共8层) | 2014年建 | 6室2厅 | 331.39平米 | 南 北,https://ke-image.ljcdn.com/110000-inspection/pc1_acnyaKhoU.jpg!m_fill,w_280,h_210,f_jpg?from=ke.com
20230502,亦庄开发区,亦庄,101117815104,星岛假日 南北通透 两居室  双层使用面积,850万,82349元/平,顶层 (共5层) | 2004年建 | 5室1厅 | 103.22平米 | 南 北,https://ke-image.ljcdn.com/110000-inspection/524fa008-20c6-40fa-9685-d394999d3422_1000.jpg!m_fill,w_280,h_210,f_jpg?from=ke.com
20230502,亦庄开发区,亦庄,101117811463,南北通透全明格局户型方正合理私密性强,610万,68432元/平,底层 (共11层) 3室1厅 | 89.14平米 | 南 西 北,https://ke-image.ljcdn.com/110000-inspection/pc1_yyK3UxNK6.jpg!m_fill,w_280,h_210,f_jpg?from=ke.com
20230502,亦庄开发区,亦庄,101117789303,听涛雅苑 电梯三居室 满五唯一,686万,63999元/平,顶层 (共8层) | 2000年建 | 3室1厅 | 107.19平米 | 南 北,https://ke-image.ljcdn.com/110000-inspection/pc1_pAYboPawS.jpg!m_fill,w_280,h_210,f_jpg?from=ke.com
20230502,亦庄开发区,亦庄,101117749182,梅园小区 房子满五唯一四居两卫,620万,46751元/平,顶层 (共6层) 4室1厅 | 132.62平米 | 南 北,https://ke-image.ljcdn.com/110000-inspection/4747630a-d6ea-4506-9940-9edf0b419689_1000.jpg!m_fill,w_280,h_210,f_jpg?from=ke.com
20230502,亦庄开发区,亦庄,101117725355,小康家园精装修南北通透三居室停车免费,366万,38677元/平,顶层 (共6层) | 1997年建 | 3室2厅 | 94.63平米 | 南 北,https://ke-image.ljcdn.com/110000-inspection/pc1_C80BE2eQm_1.jpg!m_fill,w_280,h_210,f_jpg?from=ke.com
20230502,亦庄开发区,亦庄,101117723246,境界下叠 满五年唯一 精装修  诚意出售 看房方便,1490万,55309元/平,底层 (共4层) | 2004年建 | 4室2厅 | 269.4平米 | 南 北,https://ke-image.ljcdn.com/110000-inspection/pc1_xBPZTL8ZL_1.jpg!m_fill,w_280,h_210,f_jpg?from=ke.com
20230502,亦庄开发区,亦庄,101117708978,贵园东里 新上三居室 看房方便 价格合适,532万,54209元/平,高楼层 (共6层) | 1997年建 | 3室2厅 | 98.14平米 | 南 北,https://ke-image.ljcdn.com/110000-inspection/pc1_ahZMhqxiV_1.jpg!m_fill,w_280,h_210,f_jpg?from=ke.com
20230502,亦庄开发区,亦庄,101117675911,南向正规三居室 视野好 只有契税 看房随时,470万,45071元/平,中楼层 (共24层) | 2008年建 | 3室1厅 | 104.28平米 | 西南,https://ke-image.ljcdn.com/110000-inspection/pc1_NwgpZaklo.jpg!m_fill,w_280,h_210,f_jpg?from=ke.com
20230502,亦庄开发区,亦庄,101117670870,国融国际 1室0厅 北,157万,47735元/平,中楼层 (共21层) | 2008年建 | 1室0厅 | 32.89平米 | 北,https://ke-image.ljcdn.com/110000-inspection/pc1_TP4xBJIgQ.jpg!m_fill,w_280,h_210,f_jpg?from=ke.com
20230502,亦庄开发区,亦庄,101117652013,满五唯一 带两个车位 诚意出售 看房方便,1550万,57583元/平,底层 (共4层) | 2004年建 | 5室2厅 | 269.18平米 | 南 北,https://ke-image.ljcdn.com/110000-inspection/pc1_nT4MaAACi.jpg!m_fill,w_280,h_210,f_jpg?from=ke.com
20230502,亦庄开发区,亦庄,101117645135,诚意出售带玄关南北通透高楼层采光好视野好,535万,60066元/平,中楼层 (共15层) 2室1厅 | 89.07平米 | 南 北,https://ke-image.ljcdn.com/110000-inspection/pc1_xZagSub04_1.jpg!m_fill,w_280,h_210,f_jpg?from=ke.com
20230502,亦庄开发区,亦庄,101117637768,东晶国际新上复式三居  业主诚意出售  装修好房主自荐,760万,43094元/平,高楼层 (共18层) | 2002年建 | 3室1厅 | 176.36平米 | 东 西,https://ke-image.ljcdn.com/110000-inspection/205dc7f9-5ba1-479c-bff7-76d0ec3d5bef_1000.jpg!m_fill,w_280,h_210,f_jpg?from=ke.com
20230502,亦庄开发区,亦庄,101117626574,和成璟园精装下跃采光充足无抵押眼镜户型,1130万,41309元/平,底层 (共9层) | 2014年建 | 5室2厅 | 273.55平米 | 南 北,https://ke-image.ljcdn.com/110000-inspection/pc1_DKHAauO3t.jpg!m_fill,w_280,h_210,f_jpg?from=ke.com
20230502,亦庄开发区,亦庄,101117574655,金地格林小镇 C5下叠别墅 位置好装修保持好,1650万,59411元/平,底层 (共4层) | 2002年建 | 5室2厅 | 277.73平米 | 南 北,https://ke-image.ljcdn.com/110000-inspection/8c32a752-663b-4bff-8ba5-173c105a7c3e_1000.jpg!m_fill,w_280,h_210,f_jpg?from=ke.com
20230502,亦庄开发区,亦庄,101117566054,新康家园上跃户型5居室 一二层挑空 精装修,730万,43905元/平,顶层 (共6层) | 2001年建 | 5室2厅 | 166.27平米 | 南 北,https://ke-image.ljcdn.com/110000-inspection/pc1_ZmtDqKa9H.jpg!m_fill,w_280,h_210,f_jpg?from=ke.com
20230502,亦庄开发区,亦庄,101117525265,星岛假日 南北通透三居 上下同等面积  下跃有车位,1280万,78644元/平,底层 (共5层) 3室2厅 | 162.76平米 | 南 北,https://ke-image.ljcdn.com/110000-inspection/pc1_bJ8qVOsSe.jpg!m_fill,w_280,h_210,f_jpg?from=ke.com
20230502,亦庄开发区,亦庄,101117467317,正规三居 满五唯一 高楼层 前后不临街,465万,44592元/平,中楼层 (共24层) | 2008年建 | 3室1厅 | 104.28平米 | 东南,https://ke-image.ljcdn.com/110000-inspection/fe960ebb-2f3c-4c32-9241-d5f9135d1a00_1000.jpg!m_fill,w_280,h_210,f_jpg?from=ke.com
20230502,亦庄开发区,亦庄,101117429373,听涛雅苑 南北通透三居 满五唯一 诚意出售 看房方便,758万,62341元/平,底层 (共8层) | 2000年建 | 3室1厅 | 121.59平米 | 南 北,https://ke-image.ljcdn.com/110000-inspection/pc1_dALes51xQ.jpg!m_fill,w_280,h_210,f_jpg?from=ke.com
20230502,亦庄开发区,亦庄,101117331118,金色漫香林一期 5室2厅 南 北,810万,62933元/平,顶层 (共4层) | 2009年建 | 5室2厅 | 128.71平米 | 南 北,https://ke-image.ljcdn.com/110000-inspection/b0ec2062-17db-4db8-9009-b414ef5b4dd5_1000.jpg!m_fill,w_280,h_210,f_jpg?from=ke.com
20230502,亦庄开发区,亦庄,101117330822,东晶国际 复式四居 一层有卧室 三卫 高楼层有电梯,830万,37869元/平,高楼层 (共8层) | 2002年建 | 4室1厅 | 219.18平米 | 西 北,https://ke-image.ljcdn.com/110000-inspection/pc1_6ueLTShkf_1.jpg!m_fill,w_280,h_210,f_jpg?from=ke.com
20230502,亦庄开发区,亦庄,101117272101,梅园小区 5室2厅 南 北,639万,50856元/平,顶层 (共6层) 5室2厅 | 125.65平米 | 南 北,https://ke-image.ljcdn.com/110000-inspection/pc1_8ipNgUNTF.jpg!m_fill,w_280,h_210,f_jpg?from=ke.com
20230502,亦庄开发区,亦庄,101117264742,此房购买价格高交易仅产生契税地上两间卧室朝南,1810万,51037元/平,底层 (共5层) | 2014年建 | 5室1厅 | 354.65平米 | 南 北,https://ke-image.ljcdn.com/110000-inspection/904509df-7b73-4794-b29d-0d87009033d3_1000.jpg!m_fill,w_280,h_210,f_jpg?from=ke.com
20230502,亦庄开发区,亦庄,101117263388,满五唯一精装修靠谱出售价格可谈,620万,50858元/平,顶层 (共6层) | 2002年建 | 3室1厅 | 121.91平米 | 南 北,https://ke-image.ljcdn.com/110000-inspection/pc1_Vpbz7naa8_1.jpg!m_fill,w_280,h_210,f_jpg?from=ke.com
20230502,亦庄开发区,亦庄,101117210662,亦庄开发区  听涛雅苑   电梯复式  南北通透,1190万,49313元/平,高楼层 (共7层) | 2000年建 | 5室3厅 | 241.32平米 | 南 北,https://ke-image.ljcdn.com/110000-inspection/7fd875bd-aa8f-42ff-b83d-b4f90728bb08_1000.jpg!m_fill,w_280,h_210,f_jpg?from=ke.com
20230502,亦庄开发区,亦庄,101117203494,星岛嘉园南北通透两个入户门房本满五年业主家庭唯一,843万,53281元/平,高楼层 (共6层) | 2001年建 | 8室3厅 | 158.22平米 | 南 北,https://ke-image.ljcdn.com/110000-inspection/3585b375-b2df-4373-87fb-eb0d8abd125c_1000.jpg!m_fill,w_280,h_210,f_jpg?from=ke.com
20230502,亦庄开发区,亦庄,101117174180,中央公馆 联排别墅 大花园 大面宽 格局方正 看房方便,1500万,39406元/平,底层 (共3层) 5室3厅 | 380.66平米 | 南 北,https://ke-image.ljcdn.com/110000-inspection/32ae3d4a-3ec9-46f1-bfc4-d6330080451e_1000.jpg!m_fill,w_280,h_210,f_jpg?from=ke.com
20230502,亦庄开发区,亦庄,101117172786,新康家园复式看房方便诚心卖欢迎来访,760万,42984元/平,顶层 (共6层) | 2001年建 | 4室2厅 | 176.81平米 | 南 北,https://ke-image.ljcdn.com/110000-inspection/pc1_YtqHN7XmZ.jpg!m_fill,w_280,h_210,f_jpg?from=ke.com
20230502,亦庄开发区,亦庄,101117164454,Dear Villa独栋别墅 小区中间位置 环境优美 静谧宜人房主自荐,4850万,112838元/平,地下室 (共2层) 7室3厅 | 429.82平米 | 东 南 西 北,https://ke-image.ljcdn.com/110000-inspection/pc1_lE8HcgsvD.jpg!m_fill,w_280,h_210,f_jpg?from=ke.com
20230502,亦庄开发区,亦庄,101117159870,百合园精装别墅诚意卖看房提前约,995万,64868元/平,中楼层 (共4层) | 2000年建 | 3室2厅 | 153.39平米 | 东 西,https://ke-image.ljcdn.com/110000-inspection/pc1_zorDggnR3.jpg!m_fill,w_280,h_210,f_jpg?from=ke.com
20230502,亦庄开发区,亦庄,101117150598,博客雅居 2室1厅 西北,336万,51251元/平,中楼层 (共24层) | 2008年建 | 2室1厅 | 65.56平米 | 西北,https://ke-image.ljcdn.com/110000-inspection/pc1_IJxEsR6c6.jpg!m_fill,w_280,h_210,f_jpg?from=ke.com
20230502,亦庄开发区,亦庄,101117143115,荣华中路7号院 带电梯 视野好 方正一居,192万,40886元/平,中楼层 (共23层) | 2008年建 | 1室1厅 | 46.96平米 | 东,https://ke-image.ljcdn.com/110000-inspection/pc1_O2ysbdWFH.jpg!m_fill,w_280,h_210,f_jpg?from=ke.com
20230502,亦庄开发区,亦庄,101117114117,远洋天著二期 5室1厅 南 北,2380万,62030元/平,底层 (共3层) 5室1厅 | 383.69平米 | 南 北,https://ke-image.ljcdn.com/110000-inspection/bc65a901-8d98-42bb-a9f0-f72e3627e161_1000.jpg!m_fill,w_280,h_210,f_jpg?from=ke.com
20230502,亦庄开发区,亦庄,101117094336,天华园二里三区复式三居电梯房,759万,44085元/平,中楼层 (共17层) | 2002年建 | 3室1厅 | 172.17平米 | 东 西,https://ke-image.ljcdn.com/110000-inspection/pc1_um722RvmP.jpg!m_fill,w_280,h_210,f_jpg?from=ke.com
20230502,亦庄开发区,亦庄,101117084751,亦庄 五环边 南北通透 电梯两居室,349万,38908元/平,高楼层 (共9层) | 2003年建 | 2室1厅 | 89.7平米 | 南 北,https://ke-image.ljcdn.com/110000-inspection/pc1_tZqei0s1u_1.jpg!m_fill,w_280,h_210,f_jpg?from=ke.com
20230502,亦庄开发区,亦庄,101117083413,金色漫香林四期优质电梯两居高挑空单层75平,600万,77260元/平,顶层 (共9层) 2室1厅 | 77.66平米 | 南 北,https://ke-image.ljcdn.com/110000-inspection/358df47b-8a4c-4ab6-9c1d-2321cff365b0_1000.jpg!m_fill,w_280,h_210,f_jpg?from=ke.com
20230502,亦庄开发区,亦庄,101117063224,亲爱的villa 独栋别墅 不临街 户型方正 大面宽,2980万,91300元/平,地下室 (共2层) | 2004年建 | 5室2厅 | 326.4平米 | 东 南 西 北,https://ke-image.ljcdn.com/110000-inspection/pc1_lddAEa8m8.jpg!m_fill,w_280,h_210,f_jpg?from=ke.com
20230502,亦庄开发区,亦庄,101117059006,诚意出售价格可谈看房随时户型方正,345万,67186元/平,底层 (共5层) | 2000年建 | 1室1厅 | 51.35平米 | 南,https://ke-image.ljcdn.com/110000-inspection/pc1_DSdcpRCcQ.jpg!m_fill,w_280,h_210,f_jpg?from=ke.com
20230502,亦庄开发区,亦庄,101117041007,天华园二里三区复式三居电梯房,820万,47628元/平,中楼层 (共17层) | 2002年建 | 3室1厅 | 172.17平米 | 东 西,https://ke-image.ljcdn.com/110000-inspection/pc1_DoimDQxrI.jpg!m_fill,w_280,h_210,f_jpg?from=ke.com
20230502,亦庄开发区,亦庄,101117039221,星岛假日电梯三居室 满五唯一 户型方正 交通便利,1038万,61153元/平,低楼层 (共9层) | 2004年建 | 3室2厅 | 169.74平米 | 南 北,https://ke-image.ljcdn.com/110000-inspection/7499ba4c-4666-4330-9b07-5b01b2c03ed1_1000.jpg!m_fill,w_280,h_210,f_jpg?from=ke.com
20230502,亦庄开发区,亦庄,101117037085,富源里三居室南北通透小区中间位置南北通透,510万,52513元/平,顶层 (共6层) | 2001年建 | 3室1厅 | 97.12平米 | 南 北,https://ke-image.ljcdn.com/110000-inspection/pc1_b6xZE596y.jpg!m_fill,w_280,h_210,f_jpg?from=ke.com
20230502,亦庄开发区,亦庄,101117008862,星岛假日 五居室 满五唯一  有车位,935万,59369元/平,顶层 (共5层) | 2004年建 | 5室2厅 | 157.49平米 | 南 北,https://ke-image.ljcdn.com/110000-inspection/pc1_9wCHaFgcC.jpg!m_fill,w_280,h_210,f_jpg?from=ke.com
20230502,亦庄开发区,亦庄,101116990263,三羊里社区精装修低楼层南向一居室,280万,48427元/平,底层 (共6层) | 2010年建 | 1室1厅 | 57.82平米 | 南,https://ke-image.ljcdn.com/110000-inspection/pc1_9JuE201Hf.jpg!m_fill,w_280,h_210,f_jpg?from=ke.com
20230502,亦庄开发区,亦庄,101116989796,星岛假日 南北通透三居室 小区中间位置 看房方便,930万,59475元/平,顶层 (共5层) 3室2厅 | 156.37平米 | 南 北,https://ke-image.ljcdn.com/110000-inspection/pc1_jH9tNMWMR.jpg!m_fill,w_280,h_210,f_jpg?from=ke.com
20230502,亦庄开发区,亦庄,101116970781,和成璟园 上下两层复式 带采光井 独立电梯 看房方便,1150万,41098元/平,底层 (共14层) | 2014年建 | 5室3厅 | 279.82平米 | 南 北,https://ke-image.ljcdn.com/110000-inspection/2416e2a1-da0d-41dd-a782-5427e6dcd19c_1000.jpg!m_fill,w_280,h_210,f_jpg?from=ke.com
20230502,亦庄开发区,亦庄,101116925468,梅园小区 顶层复式三居 南北通透 满五唯一,579万,47139元/平,顶层 (共6层) 3室1厅 | 122.83平米 | 南 北,https://ke-image.ljcdn.com/110000-inspection/pc1_IgZxGjBFF.jpg!m_fill,w_280,h_210,f_jpg?from=ke.com
20230502,亦庄开发区,亦庄,101116897017,浉城百丽 采光好 视野开阔 精装修,810万,64327元/平,顶层 (共4层) 2室2厅 | 125.92平米 | 南 北,https://ke-image.ljcdn.com/110000-inspection/1f253385-ee93-4094-8250-72ed42278fe4_1000.jpg!m_fill,w_280,h_210,f_jpg?from=ke.com
20230502,亦庄开发区,亦庄,101116858842,精装修上叠别墅不临街视野开阔采光充足满五唯一,1318万,61249元/平,中楼层 (共4层) | 2002年建 | 4室2厅 | 215.19平米 | 南 北,https://ke-image.ljcdn.com/110000-inspection/pc1_lDEKrO1gr.jpg!m_fill,w_280,h_210,f_jpg?from=ke.com
20230502,亦庄开发区,亦庄,101116828757,满五年唯一南北通透采光充足视野好,1500万,70719元/平,顶层 (共4层) | 2003年建 | 4室2厅 | 212.11平米 | 南 北,https://ke-image.ljcdn.com/110000-inspection/pc1_rBv4dWrNf.jpg!m_fill,w_280,h_210,f_jpg?from=ke.com
20230502,亦庄开发区,亦庄,101116816713,新康家园 4室3厅 南 北房主自荐,940万,43312元/平,高楼层 (共7层) | 2003年建 | 4室3厅 | 217.03平米 | 南 北,https://ke-image.ljcdn.com/110000-inspection/39c9fbf1-9ebc-47e8-81c6-3fa77f105012_1000.jpg!m_fill,w_280,h_210,f_jpg?from=ke.com
20230502,亦庄开发区,亦庄,101116803767,大雄郁金香舍 高楼层两居 视野好 户型通透,667万,73882元/平,顶层 (共5层) 2室2厅 | 90.28平米 | 南 北,https://ke-image.ljcdn.com/110000-inspection/pc1_RPIdEJ1dW.jpg!m_fill,w_280,h_210,f_jpg?from=ke.com
20230502,亦庄开发区,亦庄,101116789890,南北向三朝阳明厨明卫好户型好业主五年唯一,868万,65480元/平,中楼层 (共5层) 3室2厅 | 132.56平米 | 南 北,https://ke-image.ljcdn.com/110000-inspection/14877cec-39a7-4d98-a703-98850aab810c_1000.jpg!m_fill,w_280,h_210,f_jpg?from=ke.com
20230502,亦庄开发区,亦庄,101116711678,和成璟园 经典下跃户型 采光充足 满五唯一,720万,43534元/平,底层 (共13层) | 2014年建 | 3室2厅 | 165.39平米 | 南 北,https://ke-image.ljcdn.com/110000-inspection/pc1_bH90UvLln.jpg!m_fill,w_280,h_210,f_jpg?from=ke.com
20230502,亦庄开发区,亦庄,101116613668,浉城百丽南北通透两居室精装修,950万,73173元/平,底层 (共4层) | 2002年建 | 2室2厅 | 129.83平米 | 南 北,https://ke-image.ljcdn.com/110000-inspection/pc1_3dMpqalrc.jpg!m_fill,w_280,h_210,f_jpg?from=ke.com
20230502,亦庄开发区,亦庄,101116595528,电梯房、四室三厅、一楼有卧室、带两车位房主自荐,1510万,72530元/平,底层 (共6层) | 2003年建 | 4室2厅 | 208.19平米 | 南 北,https://ke-image.ljcdn.com/110000-inspection/ebebbe25-d756-4147-950d-16a176a5f4e9_1000.jpg!m_fill,w_280,h_210,f_jpg?from=ke.com
20230502,亦庄开发区,亦庄,101116570955,国融国际正规一居室东南朝向采光好需全款购买。,220万,41479元/平,低楼层 (共21层) | 2008年建 | 1室1厅 | 53.04平米 | 东南,https://ke-image.ljcdn.com/110000-inspection/2a8c6859-f7a9-416c-989c-94133f5b96ad_1000.jpg!m_fill,w_280,h_210,f_jpg?from=ke.com
20230502,亦庄开发区,亦庄,101116544137,联排边户 业主诚心卖 价格包含车位 看房随时,2450万,58967元/平,底层 (共3层) 7室2厅 | 415.49平米 | 南 西 北,https://ke-image.ljcdn.com/110000-inspection/c46c2c54-3f1b-49f4-8c26-1a5999ae0910_1000.jpg!m_fill,w_280,h_210,f_jpg?from=ke.com
20230502,亦庄开发区,亦庄,101116527168,鹿鸣苑高楼层的电梯三居室业主诚意出售满五唯一,720万,58480元/平,高楼层 (共15层) | 2000年建 | 3室2厅 | 123.12平米 | 东南,https://ke-image.ljcdn.com/110000-inspection/pc1_mdN6A2iDK.jpg!m_fill,w_280,h_210,f_jpg?from=ke.com
20230502,亦庄开发区,亦庄,101116517654,亦庄天宝园六里大雄郁金香舍小区房主自荐,770万,71555元/平,顶层 (共5层) 3室2厅 | 107.61平米 | 南 北,https://ke-image.ljcdn.com/110000-inspection/7d338bb7-a50c-4fe3-9b6f-ef47c1536fd6_1000.jpg!m_fill,w_280,h_210,f_jpg?from=ke.com
20230502,亦庄开发区,亦庄,101116504294,亦庄  独栋别墅 鹿鸣苑 土地使用权证628.3平米,2650万,66118元/平,底层 (共3层) | 2000年建 | 5室2厅 | 400.8平米 | 南 北,https://ke-image.ljcdn.com/110000-inspection/pc1_RzWUsME4d.jpg!m_fill,w_280,h_210,f_jpg?from=ke.com
20230502,亦庄开发区,亦庄,101116464539,东晶国际 四居室满五年唯一 诚心出售 东西通透,800万,41650元/平,低楼层 (共17层) | 2002年建 | 4室1厅 | 192.08平米 | 东 西,https://ke-image.ljcdn.com/110000-inspection/pc1_LmCHVVevL.jpg!m_fill,w_280,h_210,f_jpg?from=ke.com
20230502,亦庄开发区,亦庄,101116454089,金色漫香林五期 上叠拼别墅  精装 满五唯一,1030万,51879元/平,顶层 (共3层) 6室3厅 | 198.54平米 | 南 北,https://ke-image.ljcdn.com/110000-inspection/50e53267-e2c5-4efd-b757-5fa852c437ba_1000.jpg!m_fill,w_280,h_210,f_jpg?from=ke.com
20230502,亦庄开发区,亦庄,101116378016,听涛雅苑 联排别墅 不临街无遮挡 方便看,1200万,53171元/平,底层 (共3层) | 2000年建 | 4室2厅 | 225.69平米 | 南 北,https://ke-image.ljcdn.com/110000-inspection/pc1_XJ5JHaRv2.jpg!m_fill,w_280,h_210,f_jpg?from=ke.com
20230502,亦庄开发区,亦庄,101116354375,听涛雅苑 双拼别墅 满五唯一 车位充足 使用面积多,1650万,60524元/平,底层 (共3层) | 2000年建 | 4室2厅 | 272.62平米 | 南 北,https://ke-image.ljcdn.com/110000-inspection/pc1_ai47feF3q.jpg!m_fill,w_280,h_210,f_jpg?from=ke.com
20230502,亦庄开发区,亦庄,101116313191,一层下跃户型有花园有车库满五年唯一南采光好房主自荐,1320万,60189元/平,底层 (共5层) | 2004年建 | 4室2厅 | 219.31平米 | 南 北,https://ke-image.ljcdn.com/110000-inspection/pc1_jeLGOTttS.jpg!m_fill,w_280,h_210,f_jpg?from=ke.com
20230502,亦庄开发区,亦庄,101116305397,精装复式、南北通透、宜居、诚心出售,1150万,62907元/平,中楼层 (共5层) | 2003年建 | 4室2厅 | 182.81平米 | 南 北,https://ke-image.ljcdn.com/110000-inspection/pc1_gGaRrKBpu.jpg!m_fill,w_280,h_210,f_jpg?from=ke.com
20230502,亦庄开发区,亦庄,101116305258,东晶国际 满五唯一 精装 电梯高层 东西通透房主自荐,720万,39483元/平,顶层 (共17层) | 2002年建 | 4室2厅 | 182.36平米 | 东 西,https://ke-image.ljcdn.com/110000-inspection/pc1_e4eYPM8ON.jpg!m_fill,w_280,h_210,f_jpg?from=ke.com
20230502,亦庄开发区,亦庄,101116292365,东晶国际 2室1厅 东房主自荐,430万,64672元/平,中楼层 (共17层) | 2002年建 | 2室1厅 | 66.49平米 | 东,https://ke-image.ljcdn.com/110000-inspection/e5c18a0d-67c6-4e46-be9e-5d8a5c9017de_1000.jpg!m_fill,w_280,h_210,f_jpg?from=ke.com
20230502,亦庄开发区,亦庄,101116282034,新康家园 复式  小区中间位置  南北通透,956万,43644元/平,高楼层 (共7层) | 2003年建 | 5室1厅 | 219.05平米 | 南 北,https://ke-image.ljcdn.com/110000-inspection/pc1_MCpbTmJtP_1.jpg!m_fill,w_280,h_210,f_jpg?from=ke.com
20230502,亦庄开发区,亦庄,101116174536,一栋洋房 大窗户联排 看房随时,1450万,70522元/平,底层 (共3层) 4室2厅 | 205.61平米 | 南 北,https://ke-image.ljcdn.com/110000-inspection/pc1_4L4YVbeTG.jpg!m_fill,w_280,h_210,f_jpg?from=ke.com
20230502,亦庄开发区,亦庄,101115907660,境界家园叠拼别墅户型好靠谱签约！,1100万,48972元/平,中楼层 (共4层) | 2004年建 | 5室2厅 | 224.62平米 | 南 北,https://ke-image.ljcdn.com/110000-inspection/0546ac82-3068-4f96-8c60-17563cfcec61_1000.jpg!m_fill,w_280,h_210,f_jpg?from=ke.com
20230502,亦庄开发区,亦庄,101115897197,鹿鸣苑双拼别墅业主诚意出售看房方便,1280万,65888元/平,底层 (共3层) | 2000年建 | 4室2厅 | 194.27平米 | 南 北,https://ke-image.ljcdn.com/110000-inspection/pc1_al5JYI4ND.jpg!m_fill,w_280,h_210,f_jpg?from=ke.com
20230502,亦庄开发区,亦庄,101115798597,金色漫香林二期顶层可以做三居室使用。,700万,80479元/平,顶层 (共6层) | 2010年建 | 2室2厅 | 86.98平米 | 南 北,https://ke-image.ljcdn.com/110000-inspection/f57f5a8c-28c0-4c4d-a13e-1d720e112db8_1000.jpg!m_fill,w_280,h_210,f_jpg?from=ke.com
20230502,亦庄开发区,亦庄,101115694966,国锐金嵿 住宅 诚意出售  位置好 品质高,2250万,58947元/平,底层 (共31层) | 2015年建 | 6室3厅 | 381.7平米 | 南 北,https://ke-image.ljcdn.com/110000-inspection/ae64d585-a55a-4974-8c34-998a0edb1a1d_1000.jpg!m_fill,w_280,h_210,f_jpg?from=ke.com
20230502,亦庄开发区,亦庄,101115689226,新康家园 顶层复式三居 动静分离 单价低  视野好,790万,44686元/平,高楼层 (共7层) | 2001年建 | 3室2厅 | 176.79平米 | 南 北,https://ke-image.ljcdn.com/110000-inspection/pc1_MLNRILuZR.jpg!m_fill,w_280,h_210,f_jpg?from=ke.com
20230502,亦庄开发区,亦庄,101115687194,米兰天空 钻石厅四居室 满五唯一 一梯一户,1260万,54605元/平,顶层 (共4层) | 2002年建 | 4室2厅 | 230.75平米 | 南 北,https://ke-image.ljcdn.com/110000-inspection/6d401763-8ba2-401f-9fc5-a73e9c4a9160_1000.jpg!m_fill,w_280,h_210,f_jpg?from=ke.com
20230502,亦庄开发区,亦庄,101115527824,和成璟园顶层复式 精装修 一梯一户,1800万,66451元/平,顶层 (共13层) | 2014年建 | 6室2厅 | 270.88平米 | 南 北,https://ke-image.ljcdn.com/110000-inspection/f6fe2615-b23e-45c4-b600-11bce265f25b_1000.jpg!m_fill,w_280,h_210,f_jpg?from=ke.com
20230502,亦庄开发区,亦庄,101115395122,满五年业主家庭名下唯一住宅     看房随时,295万,55598元/平,中楼层 (共23层) | 2008年建 | 1室1厅 | 53.06平米 | 东 南,https://ke-image.ljcdn.com/110000-inspection/011388ec-07ae-40cf-8822-9db3cf9ca10c_1000.jpg!m_fill,w_280,h_210,f_jpg?from=ke.com
20230502,亦庄开发区,亦庄,101115333369,博客雅居 东南向一居 全款只有契税,330万,55120元/平,中楼层 (共24层) | 2008年建 | 1室1厅 | 59.87平米 | 东南,https://ke-image.ljcdn.com/110000-inspection/pc1_HhSlbQQ5O.jpg!m_fill,w_280,h_210,f_jpg?from=ke.com
20230502,亦庄开发区,亦庄,101115204892,空中别墅 精装修 业主诚心出售 客厅层高4.5米,1680万,51131元/平,中楼层 (共7层) | 2014年建 | 6室2厅 | 328.57平米 | 南 北,https://ke-image.ljcdn.com/110000-inspection/7a4f90bb-a647-4dab-9c4b-49b1bf2df5fb_1000.jpg!m_fill,w_280,h_210,f_jpg?from=ke.com
20230502,亦庄开发区,亦庄,101115097128,远洋天著二期 联排别墅  毛坯 配套齐全,1700万,61266元/平,底层 (共3层) | 2014年建 | 4室2厅 | 277.48平米 | 南 北,https://ke-image.ljcdn.com/110000-inspection/87990598-6e8b-426a-a36f-989549c05046_1000.jpg!m_fill,w_280,h_210,f_jpg?from=ke.com
20230502,亦庄开发区,亦庄,101114749794,金色漫香林四期 3室1厅 南 北,620万,67502元/平,底层 (共8层) | 2011年建 | 3室1厅 | 91.85平米 | 南 北,https://ke-image.ljcdn.com/110000-inspection/d69cb2e2-2642-47bc-a8bd-79af40ef1837_1000.jpg!m_fill,w_280,h_210,f_jpg?from=ke.com
20230502,亦庄开发区,亦庄,101114734496,亦庄百合园下叠别墅边户小区中间位置精装修,1200万,76619元/平,底层 (共4层) | 2000年建 | 4室3厅 | 156.62平米 | 南 北,https://ke-image.ljcdn.com/110000-inspection/pc1_gh08ZH2JF.jpg!m_fill,w_280,h_210,f_jpg?from=ke.com
20230502,亦庄开发区,亦庄,101114725689,远洋天著三期一层下跃装修好随时签约房主自荐,1700万,64275元/平,底层 (共10层) | 2016年建 | 5室3厅 | 264.49平米 | 南 北,https://ke-image.ljcdn.com/110000-inspection/pc1_6LLCCkHpJ.jpg!m_fill,w_280,h_210,f_jpg?from=ke.com
20230502,亦庄开发区,亦庄,101114492224,空中别墅  私家电梯入户 客厅挑空4.5米 看房方便,1690万,51186元/平,中楼层 (共8层) | 2014年建 | 6室2厅 | 330.17平米 | 南 北,https://ke-image.ljcdn.com/110000-inspection/pc1_8skOHDtUV_1.jpg!m_fill,w_280,h_210,f_jpg?from=ke.com
20230502,亦庄开发区,亦庄,101114489252,金色漫香林五期  前后不临街  满五唯一      精装修,990万,51103元/平,中楼层 (共4层) | 2011年建 | 5室1厅 | 193.73平米 | 南 北,https://ke-image.ljcdn.com/110000-inspection/pc1_o8NZITv6g.jpg!m_fill,w_280,h_210,f_jpg?from=ke.com
20230502,亦庄开发区,亦庄,101114426040,远洋天著二期 中间位置联排 次新房房主自荐,1600万,57662元/平,底层 (共3层) | 2014年建 | 4室2厅 | 277.48平米 | 南 北,https://ke-image.ljcdn.com/110000-inspection/7b8abacd-7bdb-4344-b66a-389064dd7cf3_1000.jpg!m_fill,w_280,h_210,f_jpg?from=ke.com
20230502,亦庄开发区,亦庄,101114045459,金地格林小镇 南北向 一二层复式户型,1680万,81471元/平,底层 (共5层) | 2004年建 | 4室2厅 | 206.21平米 | 南 北,https://ke-image.ljcdn.com/110000-inspection/pc1_cp0Zmf5TQ.jpg!m_fill,w_280,h_210,f_jpg?from=ke.com
20230502,亦庄开发区,亦庄,101113913675,和成璟园  下跃户型  动静分离    精装修,1180万,41633元/平,底层 (共14层) | 2014年建 | 5室3厅 | 283.43平米 | 南 北,https://ke-image.ljcdn.com/110000-inspection/b5cde2f5-b03b-4666-a54e-a6f5d221ffc9_1000.jpg!m_fill,w_280,h_210,f_jpg?from=ke.com
20230502,亦庄开发区,亦庄,101111558752,一栋洋房双拼别墅一层有老人房客厅6米的挑空。,2300万,72691元/平,底层 (共3层) 7室2厅 | 316.41平米 | 南 北,https://ke-image.ljcdn.com/110000-inspection/pc1_HKQ3bShfW_1.jpg!m_fill,w_280,h_210,f_jpg?from=ke.com
20230502,亦庄开发区,亦庄,101111498849,新康家园复式三居 楼层高视野宽阔采光充足。,780万,44121元/平,顶层 (共6层) | 2001年建 | 3室3厅 | 176.79平米 | 南 北,https://ke-image.ljcdn.com/110000-inspection/pc1_o5tqJQJik_1.jpg!m_fill,w_280,h_210,f_jpg?from=ke.com
20230502,亦庄开发区,亦庄,101109089466,金色漫香林五期顶层户型  南北通透房主自荐,880万,59905元/平,顶层 (共4层) | 2011年建 | 3室2厅 | 146.9平米 | 南 北,https://ke-image.ljcdn.com/110000-inspection/pc1_XIeBVLB88_1.jpg!m_fill,w_280,h_210,f_jpg?from=ke.com
20230502,亦庄开发区,亦庄,101104589735,精装修挑高高上叠户型低密度小区房主自荐,1170万,60105元/平,中楼层 (共4层) | 2011年建 | 6室2厅 | 194.66平米 | 南 北,https://ke-image.ljcdn.com/110000-inspection/pc1_CeivVR5tx_1.jpg!m_fill,w_280,h_210,f_jpg?from=ke.com
20230502,亦庄开发区,亦庄,101119085446,林肯公寓 3室2厅 西北新上,380万,51849元/平,中楼层 (共11层) | 2010年建 | 3室2厅 | 73.29平米 | 西北,https://s1.ljcdn.com/pegasus/redskull/images/common/default_house_list.png?_v=20230424175303437
20230502,亦庄开发区,亦庄,101119070852,亦庄区好位置住宅 满五唯一 配套全新上,615万,50535元/平,低楼层 (共12层) | 2002年建 | 2室1厅 | 121.7平米 | 南 北,https://s1.ljcdn.com/pegasus/redskull/images/common/default_house_list.png?_v=20230424175303437
20230502,亦庄开发区,亦庄,101119067476,亦庄 五环边 三羊里  满五唯一 南北通透 两居室新上,360万,46119元/平,顶层 (共6层) 2室1厅 | 78.06平米 | 南 北,https://s1.ljcdn.com/pegasus/redskull/images/common/default_house_list.png?_v=20230424175303437
20230502,亦庄开发区,亦庄,101119066922,通泰国际公馆   经海地铁  次新房新上,545万,61989元/平,低楼层 (共15层) 2室1厅 | 87.92平米 | 南 北,https://s1.ljcdn.com/pegasus/redskull/images/common/default_house_list.png?_v=20230424175303437
20230502,亦庄开发区,亦庄,101119063636,林肯公园 车位,12万,3026元/平,地下室 (共1层) 1室0厅 | 39.66平米 | 南,https://s1.ljcdn.com/pegasus/redskull/images/common/default_house_list.png?_v=20230424175303437
20230502,亦庄开发区,亦庄,101119057624,莱茵河畔 3室2厅 南 北新上,850万,57847元/平,中楼层 (共5层) | 2003年建 | 3室2厅 | 146.94平米 | 南 北,https://s1.ljcdn.com/pegasus/redskull/images/common/default_house_list.png?_v=20230424175303437
20230502,亦庄开发区,亦庄,101119046361,力宝广场 1室0厅 北新上,125万,28637元/平,低楼层 (共24层) 1室0厅 | 43.65平米 | 北,https://s1.ljcdn.com/pegasus/redskull/images/common/default_house_list.png?_v=20230424175303437
20230502,亦庄开发区,亦庄,101119043251,林肯公园C区 文化园观景房 楼层高视野好新上,330万,33850元/平,高楼层 (共21层) | 2014年建 | 2室2厅 | 97.49平米 | 北,https://s1.ljcdn.com/pegasus/redskull/images/common/default_house_list.png?_v=20230424175303437
20230502,亦庄开发区,亦庄,101119038597,国融国际 1室1厅 东新上,198万,41790元/平,高楼层 (共16层) | 2008年建 | 1室1厅 | 47.38平米 | 东,https://s1.ljcdn.com/pegasus/redskull/images/common/default_house_list.png?_v=20230424175303437
20230502,亦庄开发区,亦庄,101119016076,国融国际南向开间业主诚心出售交通方便。新上,173.8万,52843元/平,高楼层 (共21层) | 1999年建 | 1室0厅 | 32.89平米 | 南,https://ke-image.ljcdn.com/110000-inspection/41e29df4-a6c2-4c32-a8bc-c082e7cd8b19.png!m_fill,w_280,h_210,f_jpg?from=ke.com
20230502,亦庄开发区,亦庄,101119010780,北京经开壹中心 南北通透三居室 高楼层  精装修新上,610万,67322元/平,高楼层 (共14层) 3室1厅 | 90.61平米 | 南 北,https://s1.ljcdn.com/pegasus/redskull/images/common/default_house_list.png?_v=20230424175303437
20230502,亦庄开发区,亦庄,101119005432,星岛嘉园 3室2厅 南 北新上,950万,58055元/平,中楼层 (共5层) 3室2厅 | 163.64平米 | 南 北,https://s1.ljcdn.com/pegasus/redskull/images/common/default_house_list.png?_v=20230424175303437
20230502,亦庄开发区,亦庄,101119002988,贵园东里优质两居室 满五唯一 南北通透 交通便利新上,425万,59292元/平,中楼层 (共7层) | 2000年建 | 2室1厅 | 71.68平米 | 南 北,https://s1.ljcdn.com/pegasus/redskull/images/common/default_house_list.png?_v=20230424175303437
20230502,亦庄开发区,亦庄,101118982627,国锐金嵿 周边配套好 交通便利,266万,41228元/平,低楼层 (共36层) | 2015年建 | 1室1厅 | 64.52平米 | 东,https://s1.ljcdn.com/pegasus/redskull/images/common/default_house_list.png?_v=20230424175303437
20230502,亦庄开发区,亦庄,101118974821,林肯公园 中高层 西偏南向开间 景观不错房主自荐,148万,40918元/平,中楼层 (共24层) | 2010年建 | 1室0厅 | 36.17平米 | 西,https://s1.ljcdn.com/pegasus/redskull/images/common/default_house_list.png?_v=20230424175303437
20230502,亦庄开发区,亦庄,101118974684,林肯公园B区东向两室 不临街 位置安静 房况好,355万,37408元/平,低楼层 (共21层) | 2013年建 | 2室1厅 | 94.9平米 | 东,https://s1.ljcdn.com/pegasus/redskull/images/common/default_house_list.png?_v=20230424175303437
20230502,亦庄开发区,亦庄,101118970573,贵园南里丙区全南向一居室采光和视野好格局方正,340万,62374元/平,顶层 (共6层) | 2001年建 | 1室1厅 | 54.51平米 | 南,https://s1.ljcdn.com/pegasus/redskull/images/common/default_house_list.png?_v=20230424175303437
20230502,亦庄开发区,亦庄,101118968969,秋盛居 3室0厅 东 西,850万,59591元/平,高楼层 (共6层) 3室0厅 | 142.64平米 | 东 西,https://s1.ljcdn.com/pegasus/redskull/images/common/default_house_list.png?_v=20230424175303437
20230502,亦庄开发区,亦庄,101118966784,金色漫香林二期 4室2厅 南 北,688万,78863元/平,顶层 (共7层) | 2010年建 | 4室2厅 | 87.24平米 | 南 北,https://s1.ljcdn.com/pegasus/redskull/images/common/default_house_list.png?_v=20230424175303437
20230502,亦庄开发区,亦庄,101118957406,金色漫香林四期 车位,15万,3918元/平,地下室 | 2011年建 | 1室0厅 | 38.29平米 | 南,https://s1.ljcdn.com/pegasus/redskull/images/common/default_house_list.png?_v=20230424175303437
20230502,亦庄开发区,亦庄,101118956898,中央公馆 5室2厅 南 北,1470万,38182元/平,底层 (共3层) | 2008年建 | 5室2厅 | 385平米 | 南 北,https://s1.ljcdn.com/pegasus/redskull/images/common/default_house_list.png?_v=20230424175303437
20230502,亦庄开发区,亦庄,101118954100,五环边南北通透两居电梯高楼层精装修满五唯一,450万,56948元/平,高楼层 (共9层) | 2010年建 | 2室1厅 | 79.02平米 | 南 北,https://s1.ljcdn.com/pegasus/redskull/images/common/default_house_list.png?_v=20230424175303437
20230502,亦庄开发区,亦庄,101118953588,林肯公园B区西南向三室观看小区绿植景观好,630万,37847元/平,低楼层 (共22层) 3室1厅 | 166.46平米 | 西南,https://s1.ljcdn.com/pegasus/redskull/images/common/default_house_list.png?_v=20230424175303437
20230502,亦庄开发区,亦庄,101118932015,大雄郁金香舍一层南北通透两居室。,760万,78069元/平,底层 (共5层) 2室1厅 | 97.35平米 | 南 北,https://s1.ljcdn.com/pegasus/redskull/images/common/default_house_list.png?_v=20230424175303437
20230502,亦庄开发区,亦庄,101118930334,小康东里南北通透大三居满五唯一精装,510万,48443元/平,中楼层 (共6层) | 2003年建 | 3室1厅 | 105.28平米 | 南 北,https://s1.ljcdn.com/pegasus/redskull/images/common/default_house_list.png?_v=20230424175303437
20230502,亦庄开发区,亦庄,101118928382,广德苑优质一居室 满五唯一 南北通透 户型方正,415万,70929元/平,高楼层 (共6层) | 2003年建 | 1室1厅 | 58.51平米 | 南 北,https://s1.ljcdn.com/pegasus/redskull/images/common/default_house_list.png?_v=20230424175303437
20230502,亦庄开发区,亦庄,101118926050,北京经开芯中心 1室1厅 西南,299万,22953元/平,中楼层 (共19层) | 2013年建 | 1室1厅 | 130.27平米 | 西南,https://s1.ljcdn.com/pegasus/redskull/images/common/default_house_list.png?_v=20230424175303437
20230502,亦庄开发区,亦庄,101118921097,金色漫香林六期+精装修+落地窗+可注册,280万,32296元/平,底层 (共9层) | 2016年建 | 2室1厅 | 86.7平米 | 东 西 北,https://s1.ljcdn.com/pegasus/redskull/images/common/default_house_list.png?_v=20230424175303437
20230502,亦庄开发区,亦庄,101118912687,满五年唯一楼层好南北通透采光充足,999万,71089元/平,中楼层 (共5层) | 2003年建 | 3室2厅 | 140.53平米 | 南 北,https://s1.ljcdn.com/pegasus/redskull/images/common/default_house_list.png?_v=20230424175303437
20230502,亦庄开发区,亦庄,101118906608,林肯公寓 2室1厅 北,260万,43779元/平,顶层 (共9层) | 2010年建 | 2室1厅 | 59.39平米 | 北,https://s1.ljcdn.com/pegasus/redskull/images/common/default_house_list.png?_v=20230424175303437
20230502,亦庄开发区,亦庄,101118902392,贵园优质两居楼层好靠谱卖 价格好谈,490万,55100元/平,中楼层 (共6层) 2室1厅 | 88.93平米 | 南 北,https://s1.ljcdn.com/pegasus/redskull/images/common/default_house_list.png?_v=20230424175303437
20230502,亦庄开发区,亦庄,101118898813,林肯公寓 3室1厅 东北,350万,47523元/平,高楼层 (共12层) | 2010年建 | 3室1厅 | 73.65平米 | 东北,https://s1.ljcdn.com/pegasus/redskull/images/common/default_house_list.png?_v=20230424175303437
20230502,亦庄开发区,亦庄,101118895717,林肯公园 1室0厅 南,146万,42185元/平,中楼层 (共24层) | 2011年建 | 1室0厅 | 34.61平米 | 南,https://s1.ljcdn.com/pegasus/redskull/images/common/default_house_list.png?_v=20230424175303437
20230502,亦庄开发区,亦庄,101118889730,国锐金嵿复式大窗户 采光好 开发商精装修,730万,33334元/平,低楼层 (共14层) 3室2厅 | 219平米 | 南 北,https://s1.ljcdn.com/pegasus/redskull/images/common/default_house_list.png?_v=20230424175303437
20230502,亦庄开发区,亦庄,101118889477,林肯公园  精装修  视野好 随时看房,180万,32550元/平,中楼层 (共24层) | 2010年建 | 1室1厅 | 55.3平米 | 北,https://s1.ljcdn.com/pegasus/redskull/images/common/default_house_list.png?_v=20230424175303437
20230502,亦庄开发区,亦庄,101118876605,高楼层采光视野好南北通透多一个玄关,550万,61522元/平,高楼层 (共15层) 2室1厅 | 89.4平米 | 南 北,https://s1.ljcdn.com/pegasus/redskull/images/common/default_house_list.png?_v=20230424175303437
20230502,亦庄开发区,亦庄,101118875126,富源里双明卫落地窗三居室户型南北通透采光好。,690万,55462元/平,中楼层 (共6层) | 2002年建 | 3室1厅 | 124.41平米 | 南 北,https://s1.ljcdn.com/pegasus/redskull/images/common/default_house_list.png?_v=20230424175303437
20230502,亦庄开发区,亦庄,101118874209,君安国际 近地铁 大族广场旁边,530万,31423元/平,中楼层 (共22层) | 2012年建 | 3室2厅 | 168.67平米 | 西 北,https://s1.ljcdn.com/pegasus/redskull/images/common/default_house_list.png?_v=20230424175303437
20230502,亦庄开发区,亦庄,101118871993,林肯公园B区东向两室业主诚意出售,345万,35356元/平,低楼层 (共22层) | 2013年建 | 2室1厅 | 97.58平米 | 东,https://s1.ljcdn.com/pegasus/redskull/images/common/default_house_list.png?_v=20230424175303437
20230502,亦庄开发区,亦庄,101118869326,林肯公园B区南向观景两室精装修视野开阔,475万,40756元/平,低楼层 (共22层) | 2014年建 | 2室1厅 | 116.55平米 | 南,https://s1.ljcdn.com/pegasus/redskull/images/common/default_house_list.png?_v=20230424175303437
20230502,亦庄开发区,亦庄,101118866046,君安国际 近地铁 大族广场旁边,338万,31791元/平,高楼层 (共18层) | 2012年建 | 2室1厅 | 106.32平米 | 北,https://s1.ljcdn.com/pegasus/redskull/images/common/default_house_list.png?_v=20230424175303437
20230502,亦庄开发区,亦庄,101118863963,通泰国际公馆 临地铁 南向  高楼层,345万,64777元/平,中楼层 (共14层) 1室0厅 | 53.26平米 | 南,https://s1.ljcdn.com/pegasus/redskull/images/common/default_house_list.png?_v=20230424175303437
20230502,亦庄开发区,亦庄,101118859618,林肯公园A区 2室1厅 南,450万,37191元/平,中楼层 (共22层) 2室1厅 | 121平米 | 南,https://s1.ljcdn.com/pegasus/redskull/images/common/default_house_list.png?_v=20230424175303437
20230502,亦庄开发区,亦庄,101118844447,金地格林小镇 南北通透三居 满五唯一 诚意出售,1040万,65430元/平,中楼层 (共5层) | 2003年建 | 3室1厅 | 158.95平米 | 南 北,https://s1.ljcdn.com/pegasus/redskull/images/common/default_house_list.png?_v=20230424175303437
20230502,亦庄开发区,亦庄,101118836324,林肯公园小区安静绿化好精装修50年产权,410万,34641元/平,中楼层 (共22层) | 2014年建 | 2室1厅 | 118.36平米 | 北,https://s1.ljcdn.com/pegasus/redskull/images/common/default_house_list.png?_v=20230424175303437
20230502,亦庄开发区,亦庄,101118835175,林肯公园C区 车位,18万,4499元/平,地下室 1室0厅 | 40.01平米 | 东,https://ke-image.ljcdn.com/110000-inspection/f36779b6-96c4-4c78-ae3c-047de09fd439.jpg!m_fill,w_280,h_210,f_jpg?from=ke.com
20230502,亦庄开发区,亦庄,101118833779,林肯公园B区 三室 南向大面宽 户型方正 成熟社区,600万,36373元/平,低楼层 (共22层) | 2013年建 | 3室2厅 | 164.96平米 | 西南,https://s1.ljcdn.com/pegasus/redskull/images/common/default_house_list.png?_v=20230424175303437
20230502,亦庄开发区,亦庄,101118828404,国融国际 1室1厅 西,186万,38929元/平,中楼层 (共21层) | 2008年建 | 1室1厅 | 47.78平米 | 西,https://s1.ljcdn.com/pegasus/redskull/images/common/default_house_list.png?_v=20230424175303437
20230502,亦庄开发区,亦庄,101118827390,林肯公园C区大平层  东边户高楼层 保养很棒 次新房,950万,41762元/平,顶层 (共19层) 4室2厅 | 227.48平米 | 南 北,https://s1.ljcdn.com/pegasus/redskull/images/common/default_house_list.png?_v=20230424175303437
20230502,亦庄开发区,亦庄,101118814209,贵园东里三区低楼层两居室满五唯一,639万,66425元/平,低楼层 (共6层) | 2002年建 | 2室2厅 | 96.2平米 | 南 北,https://s1.ljcdn.com/pegasus/redskull/images/common/default_house_list.png?_v=20230424175303437
20230502,亦庄开发区,亦庄,101118812000,距离底商比较近业主诚意出售欢迎看房,630万,30872元/平,低楼层 (共24层) 4室2厅 | 204.07平米 | 东南,https://s1.ljcdn.com/pegasus/redskull/images/common/default_house_list.png?_v=20230424175303437
20230502,亦庄开发区,亦庄,101118805922,林肯公园二期 无遮挡 朝小区 高楼层 随时看房,408万,34472元/平,高楼层 (共22层) 2室2厅 | 118.36平米 | 北,https://s1.ljcdn.com/pegasus/redskull/images/common/default_house_list.png?_v=20230424175303437
20230502,亦庄开发区,亦庄,101118791687,国融国际精装修复式诚意出售看房方便。,195万,45636元/平,顶层 (共16层) | 2008年建 | 2室1厅 | 42.73平米 | 西,https://s1.ljcdn.com/pegasus/redskull/images/common/default_house_list.png?_v=20230424175303437
20230502,亦庄开发区,亦庄,101118789753,国锐金嵿 2室1厅 西南,440万,35677元/平,低楼层 (共36层) | 2015年建 | 2室1厅 | 123.33平米 | 西南,https://s1.ljcdn.com/pegasus/redskull/images/common/default_house_list.png?_v=20230424175303437
20230502,亦庄开发区,亦庄,101118777933,林肯公园 1室1厅 南,198万,35805元/平,高楼层 (共24层) | 2010年建 | 1室1厅 | 55.3平米 | 南,https://s1.ljcdn.com/pegasus/redskull/images/common/default_house_list.png?_v=20230424175303437
20230502,亦庄开发区,亦庄,101118761540,精装修交付115平电梯房诚心出售,420万,36298元/平,低楼层 (共16层) | 2019年建 | 2室1厅 | 115.71平米 | 东北,https://s1.ljcdn.com/pegasus/redskull/images/common/default_house_list.png?_v=20230424175303437
20230502,亦庄开发区,亦庄,101118752547,林肯公园二期 景观房 诚意出售,390万,32790元/平,顶层 (共21层) 2室2厅 | 118.94平米 | 北,https://s1.ljcdn.com/pegasus/redskull/images/common/default_house_list.png?_v=20230424175303437
20230502,亦庄开发区,亦庄,101118751946,远洋天著 五环边别墅区 环境优美 人车分离,2000万,48476元/平,底层 (共4层) | 2014年建 | 4室3厅 | 412.58平米 | 南 北,https://s1.ljcdn.com/pegasus/redskull/images/common/default_house_list.png?_v=20230424175303437
20230502,亦庄开发区,亦庄,101118745558,金色漫香林一期 3室2厅 南 北,830万,64113元/平,底层 (共4层) | 2009年建 | 3室2厅 | 129.46平米 | 南 北,https://s1.ljcdn.com/pegasus/redskull/images/common/default_house_list.png?_v=20230424175303437
20230502,亦庄开发区,亦庄,101118740927,视野宽阔采光好开发商精装修,700万,31963元/平,低楼层 (共22层) | 2015年建 | 3室2厅 | 219.01平米 | 南 北,https://s1.ljcdn.com/pegasus/redskull/images/common/default_house_list.png?_v=20230424175303437
20230502,亦庄开发区,亦庄,101118740611,满五唯一南北通透格局好高楼层视野好采光好,1220万,81885元/平,高楼层 (共17层) | 2009年建 | 3室2厅 | 148.99平米 | 南 北,https://s1.ljcdn.com/pegasus/redskull/images/common/default_house_list.png?_v=20230424175303437
20230502,亦庄开发区,亦庄,101118737471,林肯公园 3室1厅 东北,700万,31832元/平,低楼层 (共24层) | 2011年建 | 3室1厅 | 219.91平米 | 东北,https://s1.ljcdn.com/pegasus/redskull/images/common/default_house_list.png?_v=20230424175303437
20230502,亦庄开发区,亦庄,101118736444,林肯公园B区 3室1厅 西北,495万,33469元/平,底层 (共22层) | 2013年建 | 3室1厅 | 147.9平米 | 西北,https://s1.ljcdn.com/pegasus/redskull/images/common/default_house_list.png?_v=20230424175303437
20230502,亦庄开发区,亦庄,101118736299,林肯公园 1室1厅 西,170万,34659元/平,中楼层 (共24层) | 2011年建 | 1室1厅 | 49.05平米 | 西,https://s1.ljcdn.com/pegasus/redskull/images/common/default_house_list.png?_v=20230424175303437
20230502,亦庄开发区,亦庄,101118735874,林肯公园B区 东南向 高楼层 好视野,375万,39424元/平,高楼层 (共22层) | 2013年建 | 2室1厅 | 95.12平米 | 东南,https://s1.ljcdn.com/pegasus/redskull/images/common/default_house_list.png?_v=20230424175303437
20230502,亦庄开发区,亦庄,101118734660,林肯公园 东向一室 高层观景 方便看房 成熟社区,185万,33346元/平,中楼层 (共24层) | 2010年建 | 1室1厅 | 55.48平米 | 东,https://s1.ljcdn.com/pegasus/redskull/images/common/default_house_list.png?_v=20230424175303437
20230502,亦庄开发区,亦庄,101118734506,林肯公园 高层视野好 随时可以签合同,185万,36147元/平,中楼层 (共24层) | 2011年建 | 1室1厅 | 51.18平米 | 北,https://s1.ljcdn.com/pegasus/redskull/images/common/default_house_list.png?_v=20230424175303437
20230502,亦庄开发区,亦庄,101118734171,国锐金嵿 小区品质高配套成熟 户型好,350万,54920元/平,高楼层 (共27层) | 2015年建 | 3室1厅 | 63.73平米 | 西北,https://s1.ljcdn.com/pegasus/redskull/images/common/default_house_list.png?_v=20230424175303437
20230502,亦庄开发区,亦庄,101118734140,国锐金嵿高档社区小区环境好周边配套成熟,430万,49160元/平,高楼层 (共27层) | 2015年建 | 3室1厅 | 87.47平米 | 西 南,https://s1.ljcdn.com/pegasus/redskull/images/common/default_house_list.png?_v=20230424175303437
20230502,亦庄开发区,亦庄,101118730295,精装修带电梯楼层好 视野宽阔 采光充足,420万,40572元/平,中楼层 (共16层) | 2019年建 | 2室1厅 | 103.52平米 | 东 北,https://s1.ljcdn.com/pegasus/redskull/images/common/default_house_list.png?_v=20230424175303437
20230502,亦庄开发区,亦庄,101118715572,荣京丽都 南向采光 视野好 精装修 靠谱卖,100万,27204元/平,中楼层 (共27层) 1室1厅 | 36.76平米 | 南,https://s1.ljcdn.com/pegasus/redskull/images/common/default_house_list.png?_v=20230424175303437
20230502,亦庄开发区,亦庄,101118713215,林肯公园A区 2室1厅 北,390万,32856元/平,低楼层 (共21层) 2室1厅 | 118.7平米 | 北,https://s1.ljcdn.com/pegasus/redskull/images/common/default_house_list.png?_v=20230424175303437
20230502,亦庄开发区,亦庄,101118701864,林肯公寓 2室2厅 北,255万,43214元/平,底层 (共10层) | 2010年建 | 2室2厅 | 59.01平米 | 北,https://s1.ljcdn.com/pegasus/redskull/images/common/default_house_list.png?_v=20230424175303437
20230502,亦庄开发区,亦庄,101118697016,林肯公寓 3室2厅 东北,350万,47972元/平,高楼层 (共11层) | 2010年建 | 3室2厅 | 72.96平米 | 东北,https://s1.ljcdn.com/pegasus/redskull/images/common/default_house_list.png?_v=20230424175303437
20230502,亦庄开发区,亦庄,101118693361,力宝广场 2室1厅 南,237万,30054元/平,高楼层 (共25层) 2室1厅 | 78.86平米 | 南,https://s1.ljcdn.com/pegasus/redskull/images/common/default_house_list.png?_v=20230424175303437
20230502,亦庄开发区,亦庄,101118693323,力宝广场 1室1厅 南,150万,29869元/平,高楼层 (共25层) 1室1厅 | 50.22平米 | 南,https://s1.ljcdn.com/pegasus/redskull/images/common/default_house_list.png?_v=20230424175303437
20230502,亦庄开发区,亦庄,101118693280,力宝广场 2室1厅 南,288万,29954元/平,高楼层 (共25层) 2室1厅 | 96.15平米 | 南,https://s1.ljcdn.com/pegasus/redskull/images/common/default_house_list.png?_v=20230424175303437
20230502,亦庄开发区,亦庄,101118683005,有电梯正规一居室视野开阔采光好临公园,458万,92769元/平,顶层 (共9层) 2室1厅 | 49.37平米 | 东 北 东北,https://s1.ljcdn.com/pegasus/redskull/images/common/default_house_list.png?_v=20230424175303437
20230502,亦庄开发区,亦庄,101118671951,全南向格局很好高楼层采光和视野好,725万,78109元/平,低楼层 (共24层) | 2010年建 | 2室1厅 | 92.82平米 | 南,https://s1.ljcdn.com/pegasus/redskull/images/common/default_house_list.png?_v=20230424175303437
20230502,亦庄开发区,亦庄,101118671867,精装修通透大三居诚意出售视野很好,530万,37298元/平,中楼层 (共36层) | 2015年建 | 3室1厅 | 142.1平米 | 西,https://s1.ljcdn.com/pegasus/redskull/images/common/default_house_list.png?_v=20230424175303437
20230502,亦庄开发区,亦庄,101118668076,林肯时代 装修房 诚心出售 带电梯直通地库,450万,38891元/平,低楼层 (共16层) | 2019年建 | 2室1厅 | 115.71平米 | 东北,https://s1.ljcdn.com/pegasus/redskull/images/common/default_house_list.png?_v=20230424175303437
20230502,亦庄开发区,亦庄,101118664536,此房是次新房格局和装修保持好视野和光线无遮挡,380万,40208元/平,中楼层 (共21层) | 2014年建 | 2室1厅 | 94.51平米 | 东北,https://s1.ljcdn.com/pegasus/redskull/images/common/default_house_list.png?_v=20230424175303437
20230502,亦庄开发区,亦庄,101118664396,国锐金嵿精装修两室 诚意出售看房提前约,460万,37257元/平,低楼层 (共38层) | 2015年建 | 2室1厅 | 123.47平米 | 南,https://s1.ljcdn.com/pegasus/redskull/images/common/default_house_list.png?_v=20230424175303437
20230502,亦庄开发区,亦庄,101118659907,国锐金嵿  北向户型方正 通风采光好,270万,40329元/平,中楼层 (共38层) | 2015年建 | 1室1厅 | 66.95平米 | 北,https://s1.ljcdn.com/pegasus/redskull/images/common/default_house_list.png?_v=20230424175303437
20230502,亦庄开发区,亦庄,101118658035,沙龙开间满五唯一高楼层采光好,397万,92133元/平,高楼层 (共9层) 1室0厅 | 43.09平米 | 东,https://s1.ljcdn.com/pegasus/redskull/images/common/default_house_list.png?_v=20230424175303437
20230502,亦庄开发区,亦庄,101118651792,林肯公园C区 2室1厅 北,350万,36504元/平,中楼层 (共21层) | 2014年建 | 2室1厅 | 95.88平米 | 北,https://s1.ljcdn.com/pegasus/redskull/images/common/default_house_list.png?_v=20230424175303437
20230502,亦庄开发区,亦庄,101118649448,国锐金嵿 2室1厅 南,445万,35911元/平,中楼层 (共38层) | 2015年建 | 2室1厅 | 123.92平米 | 南,https://s1.ljcdn.com/pegasus/redskull/images/common/default_house_list.png?_v=20230424175303437
20230502,亦庄开发区,亦庄,101118638206,林肯公寓 2室1厅 北,249万,42499元/平,底层 (共12层) | 2010年建 | 2室1厅 | 58.59平米 | 北,https://s1.ljcdn.com/pegasus/redskull/images/common/default_house_list.png?_v=20230424175303437
20230502,亦庄开发区,亦庄,101118637632,林肯公寓 3室1厅 东北,320万,44072元/平,中楼层 (共11层) | 2010年建 | 3室1厅 | 72.61平米 | 东北,https://s1.ljcdn.com/pegasus/redskull/images/common/default_house_list.png?_v=20230424175303437
20230502,亦庄开发区,亦庄,101118632437,金色漫香林六期+落地窗+东西北朝向+精装修,217万,25029元/平,低楼层 (共9层) | 2016年建 | 2室1厅 | 86.7平米 | 东 西 北,https://s1.ljcdn.com/pegasus/redskull/images/common/default_house_list.png?_v=20230424175303437
20230502,亦庄开发区,亦庄,101118613170,林肯公园A区 3室1厅 西北,480万,32749元/平,中楼层 (共22层) 3室1厅 | 146.57平米 | 西北,https://s1.ljcdn.com/pegasus/redskull/images/common/default_house_list.png?_v=20230424175303437
20230502,亦庄开发区,亦庄,101118610875,小区装修天花板打造人文友好环境,300万,51021元/平,中楼层 (共9层) | 2010年建 | 2室1厅 | 58.8平米 | 西南,https://s1.ljcdn.com/pegasus/redskull/images/common/default_house_list.png?_v=20230424175303437
20230502,亦庄开发区,亦庄,101118609030,贵园东里 边户三居室 出行方便 临地铁,555万,53624元/平,中楼层 (共7层) | 2000年建 | 3室2厅 | 103.5平米 | 南 北,https://s1.ljcdn.com/pegasus/redskull/images/common/default_house_list.png?_v=20230424175303437
20230502,亦庄开发区,亦庄,101118606642,三羊里 1室1厅 南 北,270万,46099元/平,高楼层 (共6层) | 2010年建 | 1室1厅 | 58.57平米 | 南 北,https://s1.ljcdn.com/pegasus/redskull/images/common/default_house_list.png?_v=20230424175303437
20230502,亦庄开发区,亦庄,101118603569,林肯公园二期 随时看房 朝向好,618万,36476元/平,中楼层 (共22层) 3室1厅 | 169.43平米 | 西南,https://s1.ljcdn.com/pegasus/redskull/images/common/default_house_list.png?_v=20230424175303437
20230502,亦庄开发区,亦庄,101118596343,林肯时代 3室2厅 东南,760万,43724元/平,中楼层 (共16层) | 2019年建 | 3室2厅 | 173.82平米 | 东南,https://s1.ljcdn.com/pegasus/redskull/images/common/default_house_list.png?_v=20230424175303437
20230502,亦庄开发区,亦庄,101118592249,力宝广场 2室1厅 东南,199万,25165元/平,中楼层 (共25层) 2室1厅 | 79.08平米 | 东南,https://s1.ljcdn.com/pegasus/redskull/images/common/default_house_list.png?_v=20230424175303437
20230502,亦庄开发区,亦庄,101118588075,力宝广场 0室1厅 南,142万,28276元/平,中楼层 (共25层) 0室1厅 | 50.22平米 | 南,https://s1.ljcdn.com/pegasus/redskull/images/common/default_house_list.png?_v=20230424175303437
20230502,亦庄开发区,亦庄,101118577679,全款商办连续六十个月纳税或者社保个人名义可以,350万,35631元/平,中楼层 (共36层) | 2015年建 | 2室1厅 | 98.23平米 | 西北,https://s1.ljcdn.com/pegasus/redskull/images/common/default_house_list.png?_v=20230424175303437
20230502,亦庄开发区,亦庄,101118574099,郁金香舍南北通透三居室满五唯一洋房,880万,67766元/平,中楼层 (共5层) | 2003年建 | 3室1厅 | 129.86平米 | 南 北,https://s1.ljcdn.com/pegasus/redskull/images/common/default_house_list.png?_v=20230424175303437
20230502,亦庄开发区,亦庄,101118570061,大雄城市花园秋盛居 南北通透两居 满五唯一 中低楼层,650万,66456元/平,低楼层 (共6层) 2室1厅 | 97.81平米 | 南 北,https://s1.ljcdn.com/pegasus/redskull/images/common/default_house_list.png?_v=20230424175303437
20230502,亦庄开发区,亦庄,101118560370,力宝广场 1室0厅 西,238万,24753元/平,中楼层 (共25层) | 2011年建 | 1室0厅 | 96.15平米 | 西,https://s1.ljcdn.com/pegasus/redskull/images/common/default_house_list.png?_v=20230424175303437
20230502,亦庄开发区,亦庄,101118553320,荣京丽都 2室1厅 西南,178万,27883元/平,低楼层 (共21层) 2室1厅 | 63.84平米 | 西南,https://s1.ljcdn.com/pegasus/redskull/images/common/default_house_list.png?_v=20230424175303437
20230502,亦庄开发区,亦庄,101118552166,中冀大厦 3室2厅 南 北,280万,23074元/平,高楼层 (共22层) 3室2厅 | 121.35平米 | 南 北,https://s1.ljcdn.com/pegasus/redskull/images/common/default_house_list.png?_v=20230424175303437
20230502,亦庄开发区,亦庄,101118535697,林肯系列西向高楼层两房间视野开阔诚意卖,305万,46171元/平,中楼层 (共11层) | 2010年建 | 2室1厅 | 66.06平米 | 西,https://s1.ljcdn.com/pegasus/redskull/images/common/default_house_list.png?_v=20230424175303437
20230502,亦庄开发区,亦庄,101118534631,林肯公园A区北向高楼层两房间视野开阔看房方便,390万,32951元/平,中楼层 (共22层) | 2014年建 | 2室1厅 | 118.36平米 | 北,https://s1.ljcdn.com/pegasus/redskull/images/common/default_house_list.png?_v=20230424175303437
20230502,亦庄开发区,亦庄,101118534114,林肯公园B区  南向 2室1厅 装修房况好 方便实地看房,455万,37452元/平,中楼层 (共21层) | 2014年建 | 2室1厅 | 121.49平米 | 南,https://s1.ljcdn.com/pegasus/redskull/images/common/default_house_list.png?_v=20230424175303437
20230502,亦庄开发区,亦庄,101118524966,金色漫香林六期+全南向+高楼层+采光充足,235万,25277元/平,高楼层 (共9层) | 2015年建 | 2室1厅 | 92.97平米 | 南,https://s1.ljcdn.com/pegasus/redskull/images/common/default_house_list.png?_v=20230424175303437
20230502,亦庄开发区,亦庄,101118519786,西北向 保养很好 看小区水系景观,360万,36844元/平,低楼层 (共36层) | 2015年建 | 2室1厅 | 97.71平米 | 西北,https://s1.ljcdn.com/pegasus/redskull/images/common/default_house_list.png?_v=20230424175303437
20230502,亦庄开发区,亦庄,101118519101,此房高楼层视野好西南向无遮挡！,345万,29635元/平,中楼层 (共16层) | 2012年建 | 2室1厅 | 116.42平米 | 南 西,https://s1.ljcdn.com/pegasus/redskull/images/common/default_house_list.png?_v=20230424175303437
20230502,亦庄开发区,亦庄,101118504606,小康东里+正规一居+靠谱出售。。,218万,38374元/平,高楼层 (共6层) 1室1厅 | 56.81平米 | 东 北,https://s1.ljcdn.com/pegasus/redskull/images/common/default_house_list.png?_v=20230424175303437
20230502,亦庄开发区,亦庄,101118503976,新上  瀛景园 南北通透两居室,500万,63687元/平,高楼层 (共6层) | 2003年建 | 2室1厅 | 78.51平米 | 南 北,https://s1.ljcdn.com/pegasus/redskull/images/common/default_house_list.png?_v=20230424175303437
20230502,亦庄开发区,亦庄,101118503723,中间楼层诚意出售保持很好观景房大平层,2130万,75335元/平,低楼层 (共31层) 4室2厅 | 282.74平米 | 南 北,https://s1.ljcdn.com/pegasus/redskull/images/common/default_house_list.png?_v=20230424175303437
20230502,亦庄开发区,亦庄,101118484320,瀛景园南向一居顶层采光好。,388万,71706元/平,顶层 (共6层) 1室1厅 | 54.11平米 | 南,https://s1.ljcdn.com/pegasus/redskull/images/common/default_house_list.png?_v=20230424175303437
20230502,亦庄开发区,亦庄,101118477881,力宝广场 1室0厅 南,150万,29200元/平,高楼层 (共24层) | 2011年建 | 1室0厅 | 51.37平米 | 南,https://s1.ljcdn.com/pegasus/redskull/images/common/default_house_list.png?_v=20230424175303437
20230502,亦庄开发区,亦庄,101118467197,荣京丽都 1室1厅 南,140万,25308元/平,中楼层 (共21层) | 2008年建 | 1室1厅 | 55.32平米 | 南,https://s1.ljcdn.com/pegasus/redskull/images/common/default_house_list.png?_v=20230424175303437
20230502,亦庄开发区,亦庄,101118463205,瀛景园新上南北一层三居户型好靠谱签约！,850万,63344元/平,底层 (共6层) 3室2厅 | 134.19平米 | 南 北,https://s1.ljcdn.com/pegasus/redskull/images/common/default_house_list.png?_v=20230424175303437
20230502,亦庄开发区,亦庄,101118457235,林肯公园 1室1厅 南,193万,37637元/平,中楼层 (共24层) | 2011年建 | 1室1厅 | 51.28平米 | 南,https://s1.ljcdn.com/pegasus/redskull/images/common/default_house_list.png?_v=20230424175303437
20230502,亦庄开发区,亦庄,101118447447,林肯公园B区北向2层精装修舒适度高,389万,33291元/平,低楼层 (共22层) | 2014年建 | 2室2厅 | 116.85平米 | 北,https://s1.ljcdn.com/pegasus/redskull/images/common/default_house_list.png?_v=20230424175303437
20230502,亦庄开发区,亦庄,101118444380,大族广场对面高楼层视野好朝向好,630万,34414元/平,高楼层 (共22层) | 2012年建 | 3室1厅 | 183.07平米 | 东南,https://s1.ljcdn.com/pegasus/redskull/images/common/default_house_list.png?_v=20230424175303437
20230502,亦庄开发区,亦庄,101118443907,沙龙眼镜三居高楼层位置好满五唯一,920万,71241元/平,高楼层 (共9层) | 2004年建 | 3室2厅 | 129.14平米 | 南 北,https://s1.ljcdn.com/pegasus/redskull/images/common/default_house_list.png?_v=20230424175303437
20230502,亦庄开发区,亦庄,101118436176,金色漫香林二期中间位置洋房三居 大客厅户型,730万,53215元/平,中楼层 (共4层) | 2010年建 | 3室1厅 | 137.18平米 | 南 北,https://s1.ljcdn.com/pegasus/redskull/images/common/default_house_list.png?_v=20230424175303437
20230502,亦庄开发区,亦庄,101118432643,林肯公园复式~精装修~不临街~诚意出售！,345万,60147元/平,低楼层 (共9层) | 2010年建 | 2室1厅 | 57.36平米 | 东北,https://s1.ljcdn.com/pegasus/redskull/images/common/default_house_list.png?_v=20230424175303437
20230502,亦庄开发区,亦庄,101118428124,房子是朝南向的高楼层视野好没有任何遮挡,100万,22503元/平,顶层 (共15层) 1室1厅 | 44.44平米 | 南,https://s1.ljcdn.com/pegasus/redskull/images/common/default_house_list.png?_v=20230424175303437
20230502,亦庄开发区,亦庄,101118428051,锋创科技园楼层高采光好朝向好诚心出售,110万,20143元/平,高楼层 (共15层) | 2012年建 | 1室0厅 | 54.61平米 | 东,https://s1.ljcdn.com/pegasus/redskull/images/common/default_house_list.png?_v=20230424175303437
20230502,亦庄开发区,亦庄,101118424414,林肯时代 北向精装修 视野好 中楼层,408万,39562元/平,中楼层 (共17层) | 2019年建 | 2室1厅 | 103.13平米 | 东北,https://s1.ljcdn.com/pegasus/redskull/images/common/default_house_list.png?_v=20230424175303437
20230502,亦庄开发区,亦庄,101118418246,满五唯一近地铁配套齐看房方便,718万,51100元/平,低楼层 (共15层) | 2000年建 | 3室2厅 | 140.51平米 | 东南,https://s1.ljcdn.com/pegasus/redskull/images/common/default_house_list.png?_v=20230424175303437
20230502,亦庄开发区,亦庄,101118416849,林肯公寓 4室1厅 南,550万,54418元/平,中楼层 (共12层) | 2010年建 | 4室1厅 | 101.07平米 | 南,https://s1.ljcdn.com/pegasus/redskull/images/common/default_house_list.png?_v=20230424175303437
20230502,亦庄开发区,亦庄,101118415938,林肯公园 3室1厅 西北,850万,38661元/平,中楼层 (共24层) | 2009年建 | 3室1厅 | 219.86平米 | 西北,https://s1.ljcdn.com/pegasus/redskull/images/common/default_house_list.png?_v=20230424175303437
20230502,亦庄开发区,亦庄,101118415617,荣京丽都 1室1厅 东,115万,25545元/平,中楼层 (共27层) | 2008年建 | 1室1厅 | 45.02平米 | 东,https://s1.ljcdn.com/pegasus/redskull/images/common/default_house_list.png?_v=20230424175303437
20230502,亦庄开发区,亦庄,101118414485,新上 小康东里 东北朝向 正规一居 中间楼层,275万,48288元/平,中楼层 (共6层) | 2003年建 | 1室1厅 | 56.95平米 | 东 北,https://s1.ljcdn.com/pegasus/redskull/images/common/default_house_list.png?_v=20230424175303437
20230502,亦庄开发区,亦庄,101118373146,郁金香舍南北通透下跃式三居 南院,1200万,38452元/平,底层 (共9层) | 2005年建 | 5室2厅 | 312.08平米 | 东 南 北,https://s1.ljcdn.com/pegasus/redskull/images/common/default_house_list.png?_v=20230424175303437
20230502,亦庄开发区,亦庄,101118372712,东晶国际 东南朝向 电梯两居 一梯两户 户型方正视野好,608万,49443元/平,中楼层 (共8层) 2室2厅 | 122.97平米 | 东 南,https://s1.ljcdn.com/pegasus/redskull/images/common/default_house_list.png?_v=20230424175303437
20230502,亦庄开发区,亦庄,101118369828,林肯时代 精装修采光视野好,560万,40058元/平,低楼层 (共16层) | 2019年建 | 3室2厅 | 139.8平米 | 南 西 北,https://s1.ljcdn.com/pegasus/redskull/images/common/default_house_list.png?_v=20230424175303437
20230502,亦庄开发区,亦庄,101118359485,国融国际 1室1厅 西,190万,40460元/平,低楼层 (共23层) | 2008年建 | 1室1厅 | 46.96平米 | 西,https://s1.ljcdn.com/pegasus/redskull/images/common/default_house_list.png?_v=20230424175303437
20230502,亦庄开发区,亦庄,101118344738,林肯公园 双朝向两房 景观好 看房方便,245万,35783元/平,低楼层 (共24层) | 2010年建 | 2室2厅 | 68.47平米 | 东北,https://s1.ljcdn.com/pegasus/redskull/images/common/default_house_list.png?_v=20230424175303437
20230502,亦庄开发区,亦庄,101118251454,浉城百丽 联排  保养好 诚意出售,1680万,49312元/平,底层 (共2层) | 2004年建 | 5室2厅 | 340.69平米 | 东 西,https://s1.ljcdn.com/pegasus/redskull/images/common/default_house_list.png?_v=20230424175303437
20230502,亦庄开发区,亦庄,101118236862,北京经开壹中心独立车位诚意出售,20万,5231元/平,地下室 (共11层) 1室0厅 | 38.24平米 | 南,https://ke-image.ljcdn.com/110000-inspection/690583bd-fa83-4137-a0ab-375df2fc0596.jpg!m_fill,w_280,h_210,f_jpg?from=ke.com
20230502,亦庄开发区,亦庄,101118235979,联排大面宽 精装修 全新未入住 楼间距大 不临街,2200万,74572元/平,底层 (共3层) 4室2厅 | 295.02平米 | 南 北,https://s1.ljcdn.com/pegasus/redskull/images/common/default_house_list.png?_v=20230424175303437
20230502,亦庄开发区,亦庄,101118203094,林肯公园B区 精装观景房  配套成熟 方便实地看房,650万,38184元/平,低楼层 (共22层) | 2013年建 | 3室1厅 | 170.23平米 | 东南,https://s1.ljcdn.com/pegasus/redskull/images/common/default_house_list.png?_v=20230424175303437
20230502,亦庄开发区,亦庄,101118198979,位于小区中间位置视野宽阔无遮挡,316万,27570元/平,低楼层 (共18层) 2室1厅 | 114.62平米 | 东南,https://s1.ljcdn.com/pegasus/redskull/images/common/default_house_list.png?_v=20230424175303437
20230502,亦庄开发区,亦庄,101118194394,林肯公园B区大平层小区中间位置,1390万,51516元/平,中楼层 (共22层) | 2013年建 | 4室1厅 | 269.82平米 | 东 南 北,https://s1.ljcdn.com/pegasus/redskull/images/common/default_house_list.png?_v=20230424175303437
20230502,亦庄开发区,亦庄,101118193332,林肯公园B区高楼层北向房源楼下既是小区花园,410万,34350元/平,顶层 (共22层) | 2013年建 | 2室1厅 | 119.36平米 | 北,https://s1.ljcdn.com/pegasus/redskull/images/common/default_house_list.png?_v=20230424175303437
20230502,亦庄开发区,亦庄,101118193180,林肯公园B区 2室1厅 东南,365万,38373元/平,低楼层 (共22层) | 2013年建 | 2室1厅 | 95.12平米 | 东南,https://s1.ljcdn.com/pegasus/redskull/images/common/default_house_list.png?_v=20230424175303437
20230502,亦庄开发区,亦庄,101118149665,国锐金嵿 特殊户型小区仅有4套,920万,36935元/平,高楼层 (共38层) | 2015年建 | 4室2厅 | 249.09平米 | 南,https://s1.ljcdn.com/pegasus/redskull/images/common/default_house_list.png?_v=20230424175303437
20230502,亦庄开发区,亦庄,101118147850,东晶国际大复式 满五年唯一 诚意卖 看房提前预约,730万,37658元/平,顶层 (共17层) 4室2厅 | 193.85平米 | 西 东,https://s1.ljcdn.com/pegasus/redskull/images/common/default_house_list.png?_v=20230424175303437
20230502,亦庄开发区,亦庄,101118146303,林肯公园B区 三室 装修房况好 成熟社区 方便看,600万,36484元/平,中楼层 (共21层) | 2013年建 | 3室2厅 | 164.46平米 | 西北,https://s1.ljcdn.com/pegasus/redskull/images/common/default_house_list.png?_v=20230424175303437
20230502,亦庄开发区,亦庄,101118144602,林肯公园B区 2室1厅 东北,365万,39042元/平,中楼层 (共21层) | 2013年建 | 2室1厅 | 93.49平米 | 东北,https://s1.ljcdn.com/pegasus/redskull/images/common/default_house_list.png?_v=20230424175303437
20230502,亦庄开发区,亦庄,101118143134,林肯公寓 3室2厅 西北,380万,51603元/平,顶层 (共11层) 3室2厅 | 73.64平米 | 西北,https://s1.ljcdn.com/pegasus/redskull/images/common/default_house_list.png?_v=20230424175303437
20230502,亦庄开发区,亦庄,101118142881,力宝广场 全南向 有电梯诚意卖,310万,37445元/平,低楼层 (共23层) | 2011年建 | 2室1厅 | 82.79平米 | 南,https://s1.ljcdn.com/pegasus/redskull/images/common/default_house_list.png?_v=20230424175303437
20230502,亦庄开发区,亦庄,101118133663,林肯公园C区  精装修 采光视野好随时看房,340万,35461元/平,中楼层 (共21层) 2室2厅 | 95.88平米 | 北,https://s1.ljcdn.com/pegasus/redskull/images/common/default_house_list.png?_v=20230424175303437
20230502,亦庄开发区,亦庄,101118121315,有电梯西南北向开发商精装修采充足光,730万,42738元/平,中楼层 (共16层) | 2019年建 | 3室2厅 | 170.81平米 | 西 北 南,https://s1.ljcdn.com/pegasus/redskull/images/common/default_house_list.png?_v=20230424175303437
20230502,亦庄开发区,亦庄,101118118279,国锐金嵿视野宽阔采光好精装修,353万,33800元/平,低楼层 (共27层) | 2014年建 | 2室1厅 | 104.44平米 | 南 西,https://s1.ljcdn.com/pegasus/redskull/images/common/default_house_list.png?_v=20230424175303437
20230502,亦庄开发区,亦庄,101118113829,金色漫香林六期+中间楼层+精装修+落地窗,236万,27221元/平,中楼层 (共9层) | 2016年建 | 2室1厅 | 86.7平米 | 东 北 西,https://s1.ljcdn.com/pegasus/redskull/images/common/default_house_list.png?_v=20230424175303437
20230502,亦庄开发区,亦庄,101118105863,林肯小区 复式结构 带电梯 人车分流,289万,43440元/平,底层 (共9层) | 2010年建 | 2室1厅 | 66.53平米 | 东,https://s1.ljcdn.com/pegasus/redskull/images/common/default_house_list.png?_v=20230424175303437
20230502,亦庄开发区,亦庄,101118101629,国锐金嵿 4室1厅 南 北,905万,38717元/平,中楼层 (共22层) | 2015年建 | 4室1厅 | 233.75平米 | 南 北,https://s1.ljcdn.com/pegasus/redskull/images/common/default_house_list.png?_v=20230424175303437
20230502,亦庄开发区,亦庄,101118086277,国锐金嵿 3室1厅 西,500万,34507元/平,高楼层 (共36层) | 2015年建 | 3室1厅 | 144.9平米 | 西,https://s1.ljcdn.com/pegasus/redskull/images/common/default_house_list.png?_v=20230424175303437
20230502,亦庄开发区,亦庄,101118078613,精装修中间楼层视野好配套齐全。房主自荐,410万,39606元/平,中楼层 (共16层) | 2019年建 | 2室2厅 | 103.52平米 | 东,https://s1.ljcdn.com/pegasus/redskull/images/common/default_house_list.png?_v=20230424175303437
20230502,亦庄开发区,亦庄,101118076185,林肯复式 东南向 不临街 看房方便,450万,56131元/平,高楼层 (共12层) 3室2厅 | 80.17平米 | 东南,https://s1.ljcdn.com/pegasus/redskull/images/common/default_house_list.png?_v=20230424175303437
20230502,亦庄开发区,亦庄,101118055399,国锐金嵿精装修高楼层视野好,270万,37104元/平,中楼层 (共27层) | 2016年建 | 1室1厅 | 72.77平米 | 北,https://s1.ljcdn.com/pegasus/redskull/images/common/default_house_list.png?_v=20230424175303437
20230502,亦庄开发区,亦庄,101118045025,林肯时代精装修房子中高楼层定制家具配套全,440万,42740元/平,中楼层 (共16层) | 2019年建 | 2室1厅 | 102.95平米 | 东,https://s1.ljcdn.com/pegasus/redskull/images/common/default_house_list.png?_v=20230424175303437
20230502,亦庄开发区,亦庄,101118044816,金色漫香林 精装修 中高楼层 采光好,308万,25909元/平,中楼层 (共9层) | 2016年建 | 3室1厅 | 118.88平米 | 东南,https://s1.ljcdn.com/pegasus/redskull/images/common/default_house_list.png?_v=20230424175303437
20230502,亦庄开发区,亦庄,101118044665,远洋天著·悦山 联排产品  南北花园,1850万,49321元/平,底层 (共3层) | 2013年建 | 5室2厅 | 375.1平米 | 南 北,https://ke-image.ljcdn.com/110000-inspection/7c9a51277620af25b2a4332fdc5958d3-005.jpg!m_fill,w_280,h_210,f_jpg?from=ke.com
20230502,亦庄开发区,亦庄,101118044109,林肯公园 大平层4房 精装保持好,810万,32168元/平,低楼层 (共24层) | 2011年建 | 4室2厅 | 251.81平米 | 东 北 东北,https://s1.ljcdn.com/pegasus/redskull/images/common/default_house_list.png?_v=20230424175303437
20230502,亦庄开发区,亦庄,101118043836,林肯公园B区户型好朝向好采光足,1200万,38700元/平,底层 (共22层) | 2014年建 | 4室1厅 | 310.08平米 | 南 北 西,https://s1.ljcdn.com/pegasus/redskull/images/common/default_house_list.png?_v=20230424175303437
20230502,亦庄开发区,亦庄,101118043677,林肯公园B区 3室1厅 东北,586万,35632元/平,高楼层 (共21层) | 2013年建 | 3室1厅 | 164.46平米 | 东北,https://s1.ljcdn.com/pegasus/redskull/images/common/default_house_list.png?_v=20230424175303437
20230502,亦庄开发区,亦庄,101118043555,小区品质高环境舒适周围配套完善,453万,37132元/平,高楼层 (共21层) | 2014年建 | 2室1厅 | 122平米 | 西,https://s1.ljcdn.com/pegasus/redskull/images/common/default_house_list.png?_v=20230424175303437
20230502,亦庄开发区,亦庄,101118043203,林肯公园高楼层南北通透住宅两房间满五唯一仅契税房主自荐,718万,79601元/平,顶层 (共24层) | 2010年建 | 2室1厅 | 90.2平米 | 南 北,https://ke-image.ljcdn.com/110000-inspection/5d4983e9-be68-4369-ac98-50348ea370ba.jpeg!m_fill,w_280,h_210,f_jpg?from=ke.com
20230502,亦庄开发区,亦庄,101118021261,上海沙龙 车位,15万,11839元/平,地下室 1室0厅 | 12.67平米 | 西,https://s1.ljcdn.com/pegasus/redskull/images/common/default_house_list.png?_v=20230424175303437
20230502,亦庄开发区,亦庄,101118015143,荣京丽都 1室1厅 西南,160万,43657元/平,中楼层 (共21层) 1室1厅 | 36.65平米 | 西南,https://s1.ljcdn.com/pegasus/redskull/images/common/default_house_list.png?_v=20230424175303437
20230502,亦庄开发区,亦庄,101118012166,林肯公园 4室2厅 东南,825万,32931元/平,中楼层 (共24层) | 2011年建 | 4室2厅 | 250.53平米 | 东南,https://s1.ljcdn.com/pegasus/redskull/images/common/default_house_list.png?_v=20230424175303437
20230502,亦庄开发区,亦庄,101117992654,林肯时代 2019年交房  精装交付 人车分流,420万,40671元/平,低楼层 (共16层) | 2019年建 | 2室2厅 | 103.27平米 | 东,https://s1.ljcdn.com/pegasus/redskull/images/common/default_house_list.png?_v=20230424175303437
20230502,亦庄开发区,亦庄,101117985838,林肯公园B区高楼层精装修观景房,460万,38465元/平,高楼层 (共22层) | 2013年建 | 2室2厅 | 119.59平米 | 北,https://s1.ljcdn.com/pegasus/redskull/images/common/default_house_list.png?_v=20230424175303437
20230502,亦庄开发区,亦庄,101117960702,高楼层视野开阔交通便利面宽4米。落地窗,368万,31909元/平,高楼层 (共36层) | 2015年建 | 2室2厅 | 115.33平米 | 东 北,https://s1.ljcdn.com/pegasus/redskull/images/common/default_house_list.png?_v=20230424175303437
20230502,亦庄开发区,亦庄,101117939885,君安国际 近地铁 大族广场附近 精装修,346万,30190元/平,顶层 (共18层) | 2012年建 | 2室1厅 | 114.61平米 | 东 南,https://s1.ljcdn.com/pegasus/redskull/images/common/default_house_list.png?_v=20230424175303437
20230502,亦庄开发区,亦庄,101117911465,林肯环境优雅配套齐复式结构人车分流,279万,46978元/平,高楼层 (共10层) | 2010年建 | 2室1厅 | 59.39平米 | 北,https://s1.ljcdn.com/pegasus/redskull/images/common/default_house_list.png?_v=20230424175303437
20230502,亦庄开发区,亦庄,101117904047,林肯公园 复式格局 采光好 视野棒,255万,56554元/平,顶层 (共24层) | 2010年建 | 2室1厅 | 45.09平米 | 南,https://s1.ljcdn.com/pegasus/redskull/images/common/default_house_list.png?_v=20230424175303437
20230502,亦庄开发区,亦庄,101117901562,北京经开尚庭 3室2厅 北 南,300万,37463元/平,中楼层 (共19层) | 2012年建 | 3室2厅 | 80.08平米 | 北 南,https://s1.ljcdn.com/pegasus/redskull/images/common/default_house_list.png?_v=20230424175303437
20230502,亦庄开发区,亦庄,101117901351,科创十三街18号院锋创科技园。,188万,41120元/平,底层 (共19层) | 2012年建 | 2室1厅 | 45.72平米 | 北,https://s1.ljcdn.com/pegasus/redskull/images/common/default_house_list.png?_v=20230424175303437
20230502,亦庄开发区,亦庄,101117901349,金色漫香林六期+落地窗+精装修,210万,23498元/平,低楼层 (共9层) | 2016年建 | 2室1厅 | 89.37平米 | 东 西 北,https://s1.ljcdn.com/pegasus/redskull/images/common/default_house_list.png?_v=20230424175303437
20230502,亦庄开发区,亦庄,101117900839,精装修几乎没用过保持的很好。,408万,39631元/平,低楼层 (共16层) | 2019年建 | 2室1厅 | 102.95平米 | 东,https://s1.ljcdn.com/pegasus/redskull/images/common/default_house_list.png?_v=20230424175303437
20230502,亦庄开发区,亦庄,101117900660,林肯时代 2室2厅 东北 西,436万,37681元/平,顶层 (共16层) | 2019年建 | 2室2厅 | 115.71平米 | 东北 西,https://s1.ljcdn.com/pegasus/redskull/images/common/default_house_list.png?_v=20230424175303437
20230502,亦庄开发区,亦庄,101117898198,林肯精装复式采光好位置佳配套齐环境美,330万,49380元/平,顶层 (共11层) | 2010年建 | 2室1厅 | 66.83平米 | 西,https://s1.ljcdn.com/pegasus/redskull/images/common/default_house_list.png?_v=20230424175303437
20230502,亦庄开发区,亦庄,101117897215,远洋天著·悦山一层下叠精装修南北通透采光足,1780万,43890元/平,底层 (共7层) | 2014年建 | 5室2厅 | 405.56平米 | 南 北,https://ke-image.ljcdn.com/110000-inspection/155e1f0302a939e861696ce0b09eed72-056.jpg!m_fill,w_280,h_210,f_jpg?from=ke.com
20230502,亦庄开发区,亦庄,101117896513,亦庄荣华南路1号院国锐金嵿社区,920万,37046元/平,中楼层 (共22层) | 2015年建 | 3室2厅 | 248.34平米 | 南 北,https://s1.ljcdn.com/pegasus/redskull/images/common/default_house_list.png?_v=20230424175303437
20230502,亦庄开发区,亦庄,101117885605,北京经开芯中心 2室1厅 西北,270万,23113元/平,中楼层 (共19层) | 2013年建 | 2室1厅 | 116.82平米 | 西北,https://s1.ljcdn.com/pegasus/redskull/images/common/default_house_list.png?_v=20230424175303437
20230502,亦庄开发区,亦庄,101117876433,浉城百丽 4室2厅 南 北,1040万,57762元/平,中楼层 (共4层) | 2002年建 | 4室2厅 | 180.05平米 | 南 北,https://ke-image.ljcdn.com/110000-inspection/5391823341aa9ee7e7e91067bebc772a-019.jpg!m_fill,w_280,h_210,f_jpg?from=ke.com
20230502,亦庄开发区,亦庄,101117871165,北京经开尚庭 精装复式 南向 视野开阔 全款购买,305万,38087元/平,低楼层 (共19层) | 2012年建 | 3室1厅 | 80.08平米 | 南,https://s1.ljcdn.com/pegasus/redskull/images/common/default_house_list.png?_v=20230424175303437
20230502,亦庄开发区,亦庄,101117870550,林肯公园 2室1厅 东 北,380万,58390元/平,顶层 (共24层) 2室1厅 | 65.08平米 | 东 北,https://s1.ljcdn.com/pegasus/redskull/images/common/default_house_list.png?_v=20230424175303437
20230502,亦庄开发区,亦庄,101117869505,林肯公园 1室1厅 南,198万,56347元/平,顶层 (共24层) | 2011年建 | 1室1厅 | 35.14平米 | 南,https://s1.ljcdn.com/pegasus/redskull/images/common/default_house_list.png?_v=20230424175303437
20230502,亦庄开发区,亦庄,101117869489,中冀斯巴鲁大厦 南向两房 需要全款购买,225万,20801元/平,低楼层 (共22层) | 2002年建 | 2室1厅 | 108.17平米 | 南,https://s1.ljcdn.com/pegasus/redskull/images/common/default_house_list.png?_v=20230424175303437
20230502,亦庄开发区,亦庄,101117869380,文化园西路8号院本小区诚意出售好房,185万,29887元/平,低楼层 (共24层) | 2011年建 | 2室1厅 | 61.9平米 | 东,https://s1.ljcdn.com/pegasus/redskull/images/common/default_house_list.png?_v=20230424175303437
20230502,亦庄开发区,亦庄,101117868935,林肯公园B区 南向房 温馨暖阳 享受每一个日浴时光,442万,37062元/平,中楼层 (共22层) | 2014年建 | 2室2厅 | 119.26平米 | 南,https://s1.ljcdn.com/pegasus/redskull/images/common/default_house_list.png?_v=20230424175303437
20230502,亦庄开发区,亦庄,101117863585,林肯公园C区 北向观景房 视野好 无遮挡,335万,34896元/平,低楼层 (共21层) | 2014年建 | 2室1厅 | 96平米 | 北,https://s1.ljcdn.com/pegasus/redskull/images/common/default_house_list.png?_v=20230424175303437
20230502,亦庄开发区,亦庄,101117858373,大平层 视野好 交通出行方便开发商自持物业,720万,33014元/平,高楼层 (共24层) 3室2厅 | 218.09平米 | 西北,https://s1.ljcdn.com/pegasus/redskull/images/common/default_house_list.png?_v=20230424175303437
20230502,亦庄开发区,亦庄,101117827315,文化园西路8号院北向观景房舒服,180万,35109元/平,高楼层 (共24层) | 2011年建 | 1室1厅 | 51.27平米 | 北,https://s1.ljcdn.com/pegasus/redskull/images/common/default_house_list.png?_v=20230424175303437
20230502,亦庄开发区,亦庄,101117818765,林肯公园 1室1厅 西北,220万,39848元/平,中楼层 (共24层) | 2010年建 | 1室1厅 | 55.21平米 | 西北,https://s1.ljcdn.com/pegasus/redskull/images/common/default_house_list.png?_v=20230424175303437
20230502,亦庄开发区,亦庄,101117802277,林肯公园B区 2室1厅 房况好 观景园区 看房方便,428万,35733元/平,低楼层 (共22层) | 2013年建 | 2室1厅 | 119.78平米 | 北,https://s1.ljcdn.com/pegasus/redskull/images/common/default_house_list.png?_v=20230424175303437
20230502,亦庄开发区,亦庄,101117791752,林肯时代 东南向 精装修 带电梯,730万,41998元/平,中楼层 (共16层) | 2019年建 | 3室1厅 | 173.82平米 | 东南,https://s1.ljcdn.com/pegasus/redskull/images/common/default_house_list.png?_v=20230424175303437
20230502,亦庄开发区,亦庄,101117765923,林肯时代 西南朝向 精装修 诚心出售,610万,41960元/平,顶层 (共16层) | 2019年建 | 3室2厅 | 145.38平米 | 西南,https://s1.ljcdn.com/pegasus/redskull/images/common/default_house_list.png?_v=20230424175303437
20230502,亦庄开发区,亦庄,101117743622,林肯公寓 3室2厅 南,498万,54096元/平,高楼层 (共12层) 3室2厅 | 92.06平米 | 南,https://s1.ljcdn.com/pegasus/redskull/images/common/default_house_list.png?_v=20230424175303437
20230502,亦庄开发区,亦庄,101117742693,长新花园 满5唯一 双拼别墅 诚意出售 带地下车库,1400万,37849元/平,底层 (共3层) | 1995年建 | 4室4厅 | 369.9平米 | 南 北,https://ke-image.ljcdn.com/110000-inspection/b1b4fd72045711bd61c63dc3bdd58232-029.jpg!m_fill,w_280,h_210,f_jpg?from=ke.com
20230502,亦庄开发区,亦庄,101117738860,荣京丽都 1室0厅 西,90万,26378元/平,高楼层 (共27层) 1室0厅 | 34.12平米 | 西,https://s1.ljcdn.com/pegasus/redskull/images/common/default_house_list.png?_v=20230424175303437
20230502,亦庄开发区,亦庄,101117704265,林肯公园B区 东南向 三室 房况好 诚意出售,635万,38157元/平,底层 (共22层) | 2014年建 | 3室2厅 | 166.42平米 | 东南,https://s1.ljcdn.com/pegasus/redskull/images/common/default_house_list.png?_v=20230424175303437
20230502,亦庄开发区,亦庄,101117696606,国锐金嵿 高层4房 看房方便 精装 采光好,888万,32596元/平,高楼层 (共22层) | 2015年建 | 4室2厅 | 272.43平米 | 南 北,https://s1.ljcdn.com/pegasus/redskull/images/common/default_house_list.png?_v=20230424175303437
20230502,亦庄开发区,亦庄,101117684764,金色漫香林四期 车位,14万,3806元/平,地下室 | 2011年建 | 1室0厅 | 36.79平米 | 北,https://ke-image.ljcdn.com/110000-inspection/3c9d3836-5d4f-408b-b913-c6d3b688fcdf.png!m_fill,w_280,h_210,f_jpg?from=ke.com
20230502,亦庄开发区,亦庄,101117670045,林肯公园 高楼层 不临街 随时看房,420万,35485元/平,顶层 (共22层) | 2014年建 | 2室1厅 | 118.36平米 | 北,https://s1.ljcdn.com/pegasus/redskull/images/common/default_house_list.png?_v=20230424175303437
20230502,亦庄开发区,亦庄,101117664220,国锐金嵿 东北向两室  户型私密性好,375万,33072元/平,低楼层 (共38层) | 2015年建 | 2室1厅 | 113.39平米 | 东北,https://s1.ljcdn.com/pegasus/redskull/images/common/default_house_list.png?_v=20230424175303437
20230502,亦庄开发区,亦庄,101117651685,国锐金嵿两室户型高楼层采光好视野好,445万,35629元/平,高楼层 (共36层) | 2015年建 | 2室1厅 | 124.9平米 | 西南,https://s1.ljcdn.com/pegasus/redskull/images/common/default_house_list.png?_v=20230424175303437
20230502,亦庄开发区,亦庄,101117640163,林肯公园B区 3室1厅 户型好 东北观景房,510万,34236元/平,中楼层 (共22层) | 2014年建 | 3室1厅 | 148.97平米 | 东北,https://s1.ljcdn.com/pegasus/redskull/images/common/default_house_list.png?_v=20230424175303437
20230502,亦庄开发区,亦庄,101117638744,君安国际 高楼层采光好无遮挡,371万,30995元/平,中楼层 (共16层) | 2012年建 | 2室1厅 | 119.7平米 | 西,https://s1.ljcdn.com/pegasus/redskull/images/common/default_house_list.png?_v=20230424175303437
20230502,亦庄开发区,亦庄,101117633550,国锐金嵿 3+1 平层高层 采光好  精装 保养好 看房方便,299万,46917元/平,高楼层 (共27层) | 2015年建 | 1室1厅 | 63.73平米 | 南 西南,https://s1.ljcdn.com/pegasus/redskull/images/common/default_house_list.png?_v=20230424175303437
20230502,亦庄开发区,亦庄,101117631578,林肯公园B区 2室2厅 西,435万,36130元/平,中楼层 (共22层) | 2013年建 | 2室2厅 | 120.4平米 | 西,https://s1.ljcdn.com/pegasus/redskull/images/common/default_house_list.png?_v=20230424175303437
20230502,亦庄开发区,亦庄,101117613697,林肯公园A区西向两房间视野不错看房方便,400万,32736元/平,高楼层 (共19层) 2室1厅 | 122.19平米 | 西,https://s1.ljcdn.com/pegasus/redskull/images/common/default_house_list.png?_v=20230424175303437
20230502,亦庄开发区,亦庄,101117596895,国锐金嵿 中高楼层 采光视野都很好 房子保持的很好,390万,35813元/平,低楼层 (共38层) | 2015年建 | 2室1厅 | 108.9平米 | 西北,https://s1.ljcdn.com/pegasus/redskull/images/common/default_house_list.png?_v=20230424175303437
20230502,亦庄开发区,亦庄,101117587050,林肯公园二期南向 高楼层视野采光好,398万,32950元/平,中楼层 (共22层) | 2014年建 | 2室1厅 | 120.79平米 | 南,https://s1.ljcdn.com/pegasus/redskull/images/common/default_house_list.png?_v=20230424175303437
20230502,亦庄开发区,亦庄,101117580242,林肯公寓 2室2厅 北,270万,45872元/平,低楼层 (共11层) 2室2厅 | 58.86平米 | 北,https://s1.ljcdn.com/pegasus/redskull/images/common/default_house_list.png?_v=20230424175303437
20230502,亦庄开发区,亦庄,101117549100,林肯公园 1室1厅 西,210万,51433元/平,顶层 (共24层) | 2010年建 | 1室1厅 | 40.83平米 | 西,https://s1.ljcdn.com/pegasus/redskull/images/common/default_house_list.png?_v=20230424175303437
20230502,亦庄开发区,亦庄,101117530756,金色漫香林一期 车位,19万,4641元/平,地下室 (共9层) 1室0厅 | 40.94平米 | 南,https://ke-image.ljcdn.com/110000-inspection/c9c10ebfa9821c8212fac89516b7d1f0-083.jpg!m_fill,w_280,h_210,f_jpg?from=ke.com
20230502,亦庄开发区,亦庄,101117496767,北京经开芯中心带电梯户型带电梯房主自荐,279万,22044元/平,中楼层 (共19层) | 2013年建 | 3室2厅 | 126.57平米 | 西南,https://s1.ljcdn.com/pegasus/redskull/images/common/default_house_list.png?_v=20230424175303437
20230502,亦庄开发区,亦庄,101117479611,国融国际 1室0厅 东,119万,27928元/平,中楼层 (共16层) | 2008年建 | 1室0厅 | 42.61平米 | 东,https://s1.ljcdn.com/pegasus/redskull/images/common/default_house_list.png?_v=20230424175303437
20230502,亦庄开发区,亦庄,101117409163,10年林肯新小区 人车分流 精装修 看房方便,273万,46264元/平,中楼层 (共10层) | 2010年建 | 2室1厅 | 59.01平米 | 北,https://s1.ljcdn.com/pegasus/redskull/images/common/default_house_list.png?_v=20230424175303437
20230502,亦庄开发区,亦庄,101117352712,力宝广场  大开间格局房东诚心出售,235万,25461元/平,低楼层 (共24层) 2室1厅 | 92.3平米 | 东 北,https://s1.ljcdn.com/pegasus/redskull/images/common/default_house_list.png?_v=20230424175303437
20230502,亦庄开发区,亦庄,101117318649,上海沙龙 南北通透2居室 带电梯,660万,75429元/平,高楼层 (共9层) 2室2厅 | 87.5平米 | 南 北,https://s1.ljcdn.com/pegasus/redskull/images/common/default_house_list.png?_v=20230424175303437
20230502,亦庄开发区,亦庄,101117314454,林肯公园二期 无遮挡 随时看房 诚意出售,520万,34085元/平,低楼层 (共21层) 3室2厅 | 152.56平米 | 东北,https://s1.ljcdn.com/pegasus/redskull/images/common/default_house_list.png?_v=20230424175303437
20230502,亦庄开发区,亦庄,101117294457,林肯时代 东南向 视野好 无遮挡,750万,43149元/平,中楼层 (共16层) | 2019年建 | 3室2厅 | 173.82平米 | 东南,https://s1.ljcdn.com/pegasus/redskull/images/common/default_house_list.png?_v=20230424175303437
20230502,亦庄开发区,亦庄,101117249373,金色漫香林六期+中间位置+精装修+落地窗,235万,25297元/平,低楼层 (共9层) | 2016年建 | 2室2厅 | 92.9平米 | 南,https://s1.ljcdn.com/pegasus/redskull/images/common/default_house_list.png?_v=20230424175303437
20230502,亦庄开发区,亦庄,101117227761,荣华南路1号院国锐金嵿小区复式,895万,32933元/平,低楼层 (共22层) | 2016年建 | 4室2厅 | 271.77平米 | 南 北,https://s1.ljcdn.com/pegasus/redskull/images/common/default_house_list.png?_v=20230424175303437
20230502,亦庄开发区,亦庄,101117202221,林肯公园C区 2室2厅 东北,350万,35748元/平,低楼层 (共21层) | 2014年建 | 2室2厅 | 97.91平米 | 东北,https://s1.ljcdn.com/pegasus/redskull/images/common/default_house_list.png?_v=20230424175303437
20230502,亦庄开发区,亦庄,101117189329,林肯小区10年新社区看房方便,480万,54770元/平,中楼层 (共9层) | 2010年建 | 3室2厅 | 87.64平米 | 东 南 西,https://s1.ljcdn.com/pegasus/redskull/images/common/default_house_list.png?_v=20230424175303437
20230502,亦庄开发区,亦庄,101117185299,林肯公园B区自用保持好看房随时,1220万,45391元/平,高楼层 (共22层) | 2013年建 | 4室1厅 | 268.78平米 | 西南 北,https://s1.ljcdn.com/pegasus/redskull/images/common/default_house_list.png?_v=20230424175303437
20230502,亦庄开发区,亦庄,101117177349,林肯时代 东北双向中间楼层视野开阔配套齐全,450万,39022元/平,中楼层 (共16层) | 2019年建 | 2室1厅 | 115.32平米 | 东 北,https://s1.ljcdn.com/pegasus/redskull/images/common/default_house_list.png?_v=20230424175303437
20230502,亦庄开发区,亦庄,101117175235,国锐金嵿    精装修   周边配套设施齐全,280万,38478元/平,低楼层 (共27层) | 2014年建 | 1室1厅 | 72.77平米 | 东北,https://s1.ljcdn.com/pegasus/redskull/images/common/default_house_list.png?_v=20230424175303437
20230502,亦庄开发区,亦庄,101117152411,听涛雅苑业主诚心出售 两居室   看房方便,620万,60672元/平,低楼层 (共8层) | 2000年建 | 2室1厅 | 102.19平米 | 东 西,https://s1.ljcdn.com/pegasus/redskull/images/common/default_house_list.png?_v=20230424175303437
20230502,亦庄开发区,亦庄,101117110114,林肯公园A区 2室2厅 南,500万,41838元/平,低楼层 (共21层) | 2014年建 | 2室2厅 | 119.51平米 | 南,https://s1.ljcdn.com/pegasus/redskull/images/common/default_house_list.png?_v=20230424175303437
20230502,亦庄开发区,亦庄,101117099658,北京经开芯中心带电梯户型方正,230万,22728元/平,中楼层 (共19层) | 2013年建 | 2室1厅 | 101.2平米 | 西,https://s1.ljcdn.com/pegasus/redskull/images/common/default_house_list.png?_v=20230424175303437
20230502,亦庄开发区,亦庄,101117087478,此房高层东向小区近地铁出行方便,195万,30762元/平,中楼层 (共24层) | 2011年建 | 2室1厅 | 63.39平米 | 东,https://s1.ljcdn.com/pegasus/redskull/images/common/default_house_list.png?_v=20230424175303437
20230502,亦庄开发区,亦庄,101117066917,君安国际小区环境好配套齐全交通方便视野开阔,636万,34741元/平,中楼层 (共22层) | 2012年建 | 3室2厅 | 183.07平米 | 东南,https://s1.ljcdn.com/pegasus/redskull/images/common/default_house_list.png?_v=20230424175303437
20230502,亦庄开发区,亦庄,101117057039,房源精装修看企业文化园视野好,336万,35643元/平,低楼层 (共21层) | 2014年建 | 2室1厅 | 94.27平米 | 西北,https://s1.ljcdn.com/pegasus/redskull/images/common/default_house_list.png?_v=20230424175303437
20230502,亦庄开发区,亦庄,101117055300,金色漫香林一期 车位,20万,4886元/平,地下室 1室0厅 | 40.94平米 | 南,https://ke-image.ljcdn.com/110000-inspection/ea9ea9abb49fd3dfc79af21a7ce505f6-050.jpg!m_fill,w_280,h_210,f_jpg?from=ke.com
20230502,亦庄开发区,亦庄,101117007185,视野开阔采光充足户型方正户内环境好。,189万,36864元/平,低楼层 (共24层) | 2011年建 | 1室1厅 | 51.27平米 | 南,https://s1.ljcdn.com/pegasus/redskull/images/common/default_house_list.png?_v=20230424175303437
20230502,亦庄开发区,亦庄,101116988069,国锐金嵿   50年产权商办房 观景好,340万,34797元/平,低楼层 (共36层) | 2015年建 | 2室1厅 | 97.71平米 | 西北,https://s1.ljcdn.com/pegasus/redskull/images/common/default_house_list.png?_v=20230424175303437
20230502,亦庄开发区,亦庄,101116972475,北京经开壹中心车位诚意出售看着方便,18万,4537元/平,地下室 1室0厅 | 39.68平米 | 南,https://ke-image.ljcdn.com/110000-inspection/423c929b-a715-4c45-b0b1-11fa43cacda2.jpg!m_fill,w_280,h_210,f_jpg?from=ke.com
20230502,亦庄开发区,亦庄,101116962136,长新花园双拼别墅业主诚意出售！！,1340万,36227元/平,底层 (共3层) | 1996年建 | 2室1厅 | 369.9平米 | 南 北,https://s1.ljcdn.com/pegasus/redskull/images/common/default_house_list.png?_v=20230424175303437
20230502,亦庄开发区,亦庄,101116940980,金色漫香林五期 车位,22万,5867元/平,地下室 (共1层) 1室0厅 | 37.5平米 | 东,https://ke-image.ljcdn.com/110000-inspection/160c804b2211b120678a5f540e587c4b-063.jpg!m_fill,w_280,h_210,f_jpg?from=ke.com
20230502,亦庄开发区,亦庄,101116940941,高层东向封闭式小区配套齐全交通出行方便。,180万,32445元/平,中楼层 (共24层) | 2010年建 | 1室1厅 | 55.48平米 | 东,https://s1.ljcdn.com/pegasus/redskull/images/common/default_house_list.png?_v=20230424175303437
20230502,亦庄开发区,亦庄,101116923389,林肯公园 看房方便 位置好 临近小区北门,146万,32626元/平,低楼层 (共24层) | 2010年建 | 1室0厅 | 44.75平米 | 西,https://s1.ljcdn.com/pegasus/redskull/images/common/default_house_list.png?_v=20230424175303437
20230502,亦庄开发区,亦庄,101116845411,林肯公园C区  从新精装修随时可看,370万,39249元/平,高楼层 (共21层) | 2014年建 | 2室2厅 | 94.27平米 | 西北,https://s1.ljcdn.com/pegasus/redskull/images/common/default_house_list.png?_v=20230424175303437
20230502,亦庄开发区,亦庄,101116835865,林肯公园  东南向   房况好  配套完善  方便看,365万,37864元/平,高楼层 (共19层) | 2014年建 | 2室1厅 | 96.4平米 | 东南,https://s1.ljcdn.com/pegasus/redskull/images/common/default_house_list.png?_v=20230424175303437
20230502,亦庄开发区,亦庄,101116830767,文化园西路8号院 环境优雅 配套齐全,177万,31898元/平,低楼层 (共24层) | 2010年建 | 1室1厅 | 55.49平米 | 东,https://s1.ljcdn.com/pegasus/redskull/images/common/default_house_list.png?_v=20230424175303437
20230502,亦庄开发区,亦庄,101116777525,林肯公园 3室1厅 诚意出售 有钥匙 方便看房,465万,31726元/平,低楼层 (共22层) | 2014年建 | 3室1厅 | 146.57平米 | 西北,https://s1.ljcdn.com/pegasus/redskull/images/common/default_house_list.png?_v=20230424175303437
20230502,亦庄开发区,亦庄,101116777501,林肯公园A区 西北向  房况好 位置佳 方便实地看房,405万,32398元/平,低楼层 (共22层) | 2014年建 | 2室1厅 | 125.01平米 | 西北,https://s1.ljcdn.com/pegasus/redskull/images/common/default_house_list.png?_v=20230424175303437
20230502,亦庄开发区,亦庄,101116767673,力宝广场 精装 大三居 南北向 诚意出售 看房方便,760万,43656元/平,中楼层 (共19层) 3室2厅 | 174.09平米 | 南 北,https://s1.ljcdn.com/pegasus/redskull/images/common/default_house_list.png?_v=20230424175303437
20230502,亦庄开发区,亦庄,101116762562,金色漫香林一期 车位,20万,5103元/平,地下室 (共9层) | 2009年建 | 1室0厅 | 39.2平米 | 南,https://ke-image.ljcdn.com/110000-inspection/26602ba090278a3de1163934fab61101-003.jpg!m_fill,w_280,h_210,f_jpg?from=ke.com
20230502,亦庄开发区,亦庄,101116755515,林肯公园地下一层车位位置好,15万,4712元/平,地下室 (共24层) 1室0厅 | 31.84平米 | 北,https://ke-image.ljcdn.com/110000-inspection/cc64ac53-e77e-4d5b-ad6a-d6aa82bc3ae8.jpg!m_fill,w_280,h_210,f_jpg?from=ke.com
20230502,亦庄开发区,亦庄,101116738028,金色漫香林五期 车位,26万,7362元/平,地下室 1室0厅 | 35.32平米 | 南,https://s1.ljcdn.com/pegasus/redskull/images/common/default_house_list.png?_v=20230424175303437
20230502,亦庄开发区,亦庄,101116711488,锋创科技园可朝南开门业主诚意出售,206万,33513元/平,底层 (共19层) 1室1厅 | 61.47平米 | 东南,https://s1.ljcdn.com/pegasus/redskull/images/common/default_house_list.png?_v=20230424175303437
20230502,亦庄开发区,亦庄,101116674823,力宝广场 2室1厅 东南,218万,22673元/平,中楼层 (共25层) | 2013年建 | 2室1厅 | 96.15平米 | 东南,https://s1.ljcdn.com/pegasus/redskull/images/common/default_house_list.png?_v=20230424175303437
20230502,亦庄开发区,亦庄,101116634661,国锐金嵿大窗户复式 视野宽阔 采光好,740万,34898元/平,低楼层 (共22层) | 2015年建 | 3室2厅 | 212.05平米 | 南 北,https://s1.ljcdn.com/pegasus/redskull/images/common/default_house_list.png?_v=20230424175303437
20230502,亦庄开发区,亦庄,101116622221,林肯公园B区  房况好 成熟社区 配套完善,520万,34907元/平,低楼层 (共22层) | 2014年建 | 3室1厅 | 148.97平米 | 东北,https://s1.ljcdn.com/pegasus/redskull/images/common/default_house_list.png?_v=20230424175303437
20230502,亦庄开发区,亦庄,101116537057,高楼层视野宽阔无遮挡采光充足有车位。,435万,37745元/平,高楼层 (共17层) | 2019年建 | 2室2厅 | 115.25平米 | 西 北,https://s1.ljcdn.com/pegasus/redskull/images/common/default_house_list.png?_v=20230424175303437
20230502,亦庄开发区,亦庄,101116532417,林肯公园顶层复式视野开阔保持良好,210万,42502元/平,顶层 (共24层) 1室1厅 | 49.41平米 | 西,https://s1.ljcdn.com/pegasus/redskull/images/common/default_house_list.png?_v=20230424175303437
20230502,亦庄开发区,亦庄,101116503664,林肯公园 2室1厅 东南,230万,50628元/平,顶层 (共24层) | 2010年建 | 2室1厅 | 45.43平米 | 东南,https://s1.ljcdn.com/pegasus/redskull/images/common/default_house_list.png?_v=20230424175303437
20230502,亦庄开发区,亦庄,101116495938,锋创科技园朝南开发商样板间,200万,37922元/平,底层 (共15层) | 2012年建 | 1室1厅 | 52.74平米 | 南,https://s1.ljcdn.com/pegasus/redskull/images/common/default_house_list.png?_v=20230424175303437
20230502,亦庄开发区,亦庄,101116484479,北京经开尚庭新上大复式诚意出售,350万,43603元/平,高楼层 (共19层) | 2012年建 | 3室1厅 | 80.27平米 | 南 北,https://s1.ljcdn.com/pegasus/redskull/images/common/default_house_list.png?_v=20230424175303437
20230502,亦庄开发区,亦庄,101116410136,林肯公园C区 2室1厅 南,440万,35983元/平,低楼层 (共21层) | 2014年建 | 2室1厅 | 122.28平米 | 南,https://s1.ljcdn.com/pegasus/redskull/images/common/default_house_list.png?_v=20230424175303437
20230502,亦庄开发区,亦庄,101116383742,力宝广场办公楼位置好交通便利看房方便,210万,22752元/平,中楼层 (共24层) | 2013年建 | 1室1厅 | 92.3平米 | 北,https://s1.ljcdn.com/pegasus/redskull/images/common/default_house_list.png?_v=20230424175303437
20230502,亦庄开发区,亦庄,101116359855,国锐金嵿 高楼层 保持好 品质小区,255万,40013元/平,中楼层 (共27层) | 2015年建 | 1室1厅 | 63.73平米 | 西南,https://s1.ljcdn.com/pegasus/redskull/images/common/default_house_list.png?_v=20230424175303437
20230502,亦庄开发区,亦庄,101116350190,金色漫香林地下车位 单独的一个车位,22万,6158元/平,地下室 | 2011年建 | 1室0厅 | 35.73平米 | 北,https://ke-image.ljcdn.com/110000-inspection/af86f5ff-7ad2-4abb-ac3c-33bd83fb55de.jpg!m_fill,w_280,h_210,f_jpg?from=ke.com
20230502,亦庄开发区,亦庄,101116343650,国锐金嵿 高楼层 采光好 小区管理好,425万,48589元/平,中楼层 (共27层) | 2015年建 | 2室2厅 | 87.47平米 | 西南,https://s1.ljcdn.com/pegasus/redskull/images/common/default_house_list.png?_v=20230424175303437
20230502,亦庄开发区,亦庄,101116328214,大雄城市花园春华屋上下两层大面积5居室,1230万,44773元/平,高楼层 (共12层) | 2000年建 | 5室2厅 | 274.72平米 | 南 北,https://s1.ljcdn.com/pegasus/redskull/images/common/default_house_list.png?_v=20230424175303437
20230502,亦庄开发区,亦庄,101116291422,鹿鸣苑 联排别墅 密度低 配套成熟 可用,1070万,47058元/平,底层 (共3层) | 2000年建 | 4室1厅 | 227.38平米 | 南 北,https://s1.ljcdn.com/pegasus/redskull/images/common/default_house_list.png?_v=20230424175303437
20230502,亦庄开发区,亦庄,101116223625,锋创科技园 高楼层 视野好 带电梯,125万,22523元/平,高楼层 (共15层) | 2012年建 | 1室0厅 | 55.5平米 | 西,https://s1.ljcdn.com/pegasus/redskull/images/common/default_house_list.png?_v=20230424175303437
20230502,亦庄开发区,亦庄,101116194885,林肯公园~两房间户型~精装修~靠谱卖,220万,34728元/平,低楼层 (共24层) | 2011年建 | 2室1厅 | 63.35平米 | 西,https://s1.ljcdn.com/pegasus/redskull/images/common/default_house_list.png?_v=20230424175303437
20230502,亦庄开发区,亦庄,101116162393,林肯小区10年新社区看房方便,258万,43722元/平,低楼层 (共10层) | 2010年建 | 2室1厅 | 59.01平米 | 北,https://s1.ljcdn.com/pegasus/redskull/images/common/default_house_list.png?_v=20230424175303437
20230502,亦庄开发区,亦庄,101116148382,带电梯楼层好视野宽阔 精装修。,445万,38616元/平,低楼层 (共17层) | 2019年建 | 2室2厅 | 115.24平米 | 东北,https://s1.ljcdn.com/pegasus/redskull/images/common/default_house_list.png?_v=20230424175303437
20230502,亦庄开发区,亦庄,101116121393,林肯公园车位 位置好 B1层 出入方便,16万,4002元/平,地下室 (共1层) 1室0厅 | 39.99平米 | 南,https://ke-image.ljcdn.com/110000-inspection/a3fab643-8992-4c87-93b4-a9526a7f945e.jpg!m_fill,w_280,h_210,f_jpg?from=ke.com
20230502,亦庄开发区,亦庄,101116138789,五十年产权商办房需要全款低楼层好装修,395万,34842元/平,低楼层 (共36层) | 2015年建 | 2室2厅 | 113.37平米 | 东 北,https://s1.ljcdn.com/pegasus/redskull/images/common/default_house_list.png?_v=20230424175303437
20230502,亦庄开发区,亦庄,101116134954,带电梯楼层好 视野宽阔 采光充足,430万,37379元/平,中楼层 (共16层) | 2019年建 | 2室2厅 | 115.04平米 | 西北,https://s1.ljcdn.com/pegasus/redskull/images/common/default_house_list.png?_v=20230424175303437
20230502,亦庄开发区,亦庄,101116037114,北京经开尚庭 3室1厅 南 北,309万,38587元/平,低楼层 (共19层) | 2012年建 | 3室1厅 | 80.08平米 | 南 北,https://s1.ljcdn.com/pegasus/redskull/images/common/default_house_list.png?_v=20230424175303437
20230502,亦庄开发区,亦庄,101115936384,林肯公园 车位 价格可谈随时可看,20万,6156元/平,地下室 (共24层) 1室0厅 | 32.49平米 | 西,https://s1.ljcdn.com/pegasus/redskull/images/common/default_house_list.png?_v=20230424175303437
20230502,亦庄开发区,亦庄,101115872637,林肯时代 电梯房 临近地铁 人车分流,450万,38891元/平,低楼层 (共16层) | 2019年建 | 2室1厅 | 115.71平米 | 东北,https://s1.ljcdn.com/pegasus/redskull/images/common/default_house_list.png?_v=20230424175303437
20230502,亦庄开发区,亦庄,101115861100,林肯公园 B1层车位 住宅区车位 位置不错,16万,5026元/平,地下室 (共24层) 1室0厅 | 31.84平米 | 南,https://ke-image.ljcdn.com/110000-inspection/09940da0-28ef-4fb0-ab2e-cd73b8de9637.jpg!m_fill,w_280,h_210,f_jpg?from=ke.com
20230502,亦庄开发区,亦庄,101115847809,林肯公园 景观房 无遮挡 诚意出售,172万,33529元/平,高楼层 (共24层) | 2011年建 | 1室1厅 | 51.3平米 | 北,https://s1.ljcdn.com/pegasus/redskull/images/common/default_house_list.png?_v=20230424175303437
20230502,亦庄开发区,亦庄,101115832420,中冀大厦 高楼层 带电梯 精装修 单价低,130万,21696元/平,高楼层 (共22层) | 2002年建 | 1室1厅 | 59.92平米 | 北,https://s1.ljcdn.com/pegasus/redskull/images/common/default_house_list.png?_v=20230424175303437
20230502,亦庄开发区,亦庄,101115652488,远洋天著·澜湾 平墅楼下的车位出售。,20万,3662元/平,地下室 (共1层) 1室0厅 | 54.62平米 | 南,https://ke-image.ljcdn.com/110000-inspection/c6e42b61-e5f5-4826-ab1f-b44a1540239f.jpg!m_fill,w_280,h_210,f_jpg?from=ke.com
20230502,亦庄开发区,亦庄,101115651199,荣京丽都 中高楼层 业主诚意出售,169万,24550元/平,高楼层 (共27层) | 2008年建 | 2室1厅 | 68.84平米 | 东北,https://s1.ljcdn.com/pegasus/redskull/images/common/default_house_list.png?_v=20230424175303437
20230502,亦庄开发区,亦庄,101115586780,挑空边户复式双明卫小镇中间位置景观环绕安静无遮挡,1180万,61213元/平,中楼层 (共5层) | 2004年建 | 3室2厅 | 192.77平米 | 南 北,https://s1.ljcdn.com/pegasus/redskull/images/common/default_house_list.png?_v=20230424175303437
20230502,亦庄开发区,亦庄,101115585970,林肯公园 复式格局 采光好 视野棒房主自荐,279万,61414元/平,顶层 (共24层) | 2010年建 | 2室1厅 | 45.43平米 | 西北,https://s1.ljcdn.com/pegasus/redskull/images/common/default_house_list.png?_v=20230424175303437
20230502,亦庄开发区,亦庄,101115480925,国锐金嵿 中高楼层两  视野宽阔 业主诚意出售,385万,36913元/平,中楼层 (共27层) | 2014年建 | 2室1厅 | 104.3平米 | 西南,https://s1.ljcdn.com/pegasus/redskull/images/common/default_house_list.png?_v=20230424175303437
20230502,亦庄开发区,亦庄,101115450092,接地气高品质好房高品质好房,298万,30965元/平,底层 (共19层) | 2014年建 | 2室1厅 | 96.24平米 | 东,https://s1.ljcdn.com/pegasus/redskull/images/common/default_house_list.png?_v=20230424175303437
20230502,亦庄开发区,亦庄,101115415751,国锐金嵿视野宽阔采光好保持不错,423万,33993元/平,高楼层 (共36层) | 2015年建 | 2室1厅 | 124.44平米 | 西南,https://s1.ljcdn.com/pegasus/redskull/images/common/default_house_list.png?_v=20230424175303437
20230502,亦庄开发区,亦庄,101115389410,力宝广场小户型业主诚意出售有电梯,135万,26882元/平,中楼层 (共25层) 1室0厅 | 50.22平米 | 北,https://s1.ljcdn.com/pegasus/redskull/images/common/default_house_list.png?_v=20230424175303437
20230502,亦庄开发区,亦庄,101115378440,小户型商品房办公类诚心出售,205万,24261元/平,低楼层 (共19层) | 2013年建 | 2室1厅 | 84.5平米 | 西南,https://s1.ljcdn.com/pegasus/redskull/images/common/default_house_list.png?_v=20230424175303437
20230502,亦庄开发区,亦庄,101115377156,林肯公园B区 提前约 公司产权 东边户,1200万,44475元/平,低楼层 (共22层) | 2013年建 | 4室1厅 | 269.82平米 | 东 南 北,https://s1.ljcdn.com/pegasus/redskull/images/common/default_house_list.png?_v=20230424175303437
20230502,亦庄开发区,亦庄,101115304477,高楼层视野宽阔无遮挡采光充足有车位。,439万,38174元/平,高楼层 (共17层) | 2019年建 | 2室2厅 | 115平米 | 西北,https://s1.ljcdn.com/pegasus/redskull/images/common/default_house_list.png?_v=20230424175303437
20230502,亦庄开发区,亦庄,101115204648,林肯公寓 2室1厅 西,300万,45154元/平,低楼层 (共11层) | 2010年建 | 2室1厅 | 66.44平米 | 西,https://s1.ljcdn.com/pegasus/redskull/images/common/default_house_list.png?_v=20230424175303437
20230502,亦庄开发区,亦庄,101115162976,北京亦庄荣华南路1号院国锐金嵿,495万,39888元/平,高楼层 (共36层) | 2014年建 | 2室1厅 | 124.1平米 | 西南,https://s1.ljcdn.com/pegasus/redskull/images/common/default_house_list.png?_v=20230424175303437
20230502,亦庄开发区,亦庄,101115123890,锋创科技园科创十三街18号院商品房周边,120万,22754元/平,高楼层 (共15层) 1室1厅 | 52.74平米 | 南,https://s1.ljcdn.com/pegasus/redskull/images/common/default_house_list.png?_v=20230424175303437
20230502,亦庄开发区,亦庄,101115065781,力宝广场办公楼近地铁周边配套好诚意卖,223万,28200元/平,高楼层 (共25层) | 2011年建 | 2室1厅 | 79.08平米 | 南 东,https://s1.ljcdn.com/pegasus/redskull/images/common/default_house_list.png?_v=20230424175303437
20230502,亦庄开发区,亦庄,101115065649,力宝广场办公楼位置好采光好诚意出售,266万,27591元/平,高楼层 (共25层) 2室1厅 | 96.41平米 | 东南,https://s1.ljcdn.com/pegasus/redskull/images/common/default_house_list.png?_v=20230424175303437
20230502,亦庄开发区,亦庄,101115056578,水晶布洛阁文化园西路8号林肯公园,178万,34759元/平,中楼层 (共24层) | 2011年建 | 1室1厅 | 51.21平米 | 北,https://s1.ljcdn.com/pegasus/redskull/images/common/default_house_list.png?_v=20230424175303437
20230502,亦庄开发区,亦庄,101115011018,君安国际  纯南     高楼层   近地铁,328万,30851元/平,中楼层 (共18层) | 2012年建 | 2室1厅 | 106.32平米 | 南,https://s1.ljcdn.com/pegasus/redskull/images/common/default_house_list.png?_v=20230424175303437
20230502,亦庄开发区,亦庄,101114994340,国锐金嵿 4室1厅 南 北,920万,33831元/平,低楼层 (共14层) | 2016年建 | 4室1厅 | 271.94平米 | 南 北,https://s1.ljcdn.com/pegasus/redskull/images/common/default_house_list.png?_v=20230424175303437
20230502,亦庄开发区,亦庄,101114938295,林肯公园B区 小区品质高 东南精装修三室 预约看房,650万,38243元/平,低楼层 (共22层) | 2013年建 | 3室2厅 | 169.97平米 | 东南,https://s1.ljcdn.com/pegasus/redskull/images/common/default_house_list.png?_v=20230424175303437
20230502,亦庄开发区,亦庄,101114869040,林肯时代  中间楼层 视野开阔 采光好,620万,42647元/平,中楼层 (共16层) | 2019年建 | 3室2厅 | 145.38平米 | 西南,https://s1.ljcdn.com/pegasus/redskull/images/common/default_house_list.png?_v=20230424175303437
20230502,亦庄开发区,亦庄,101114826264,林肯公园B区通风采光好视野很棒装修保持好配套设施齐,1170万,43633元/平,低楼层 (共22层) | 2014年建 | 4室2厅 | 268.15平米 | 南 北,https://s1.ljcdn.com/pegasus/redskull/images/common/default_house_list.png?_v=20230424175303437
20230502,亦庄开发区,亦庄,101114765377,水晶布洛阁文化园西路8号林肯公园,780万,31131元/平,低楼层 (共24层) | 2011年建 | 5室2厅 | 250.56平米 | 东北,https://s1.ljcdn.com/pegasus/redskull/images/common/default_house_list.png?_v=20230424175303437
20230502,亦庄开发区,亦庄,101114709130,锋创科技园 绿化好 位置佳 采光好,97万,19865元/平,低楼层 (共19层) | 2012年建 | 1室1厅 | 48.83平米 | 东 北,https://s1.ljcdn.com/pegasus/redskull/images/common/default_house_list.png?_v=20230424175303437
20230502,亦庄开发区,亦庄,101114698473,林肯时代 东向 视野开阔 精装修,450万,42045元/平,中楼层 (共17层) | 2019年建 | 2室1厅 | 107.03平米 | 东,https://s1.ljcdn.com/pegasus/redskull/images/common/default_house_list.png?_v=20230424175303437
20230502,亦庄开发区,亦庄,101114682113,锋创科技园  小户型 南向  高楼层,130万,22672元/平,中楼层 (共19层) 1室0厅 | 57.34平米 | 南,https://s1.ljcdn.com/pegasus/redskull/images/common/default_house_list.png?_v=20230424175303437
20230502,亦庄开发区,亦庄,101114675763,亦庄经开区文化园西路8号院林肯公园,188万,36641元/平,中楼层 (共24层) | 2011年建 | 1室1厅 | 51.31平米 | 南,https://s1.ljcdn.com/pegasus/redskull/images/common/default_house_list.png?_v=20230424175303437
20230502,亦庄开发区,亦庄,101114664527,和成璟园下沉式花园带水系带娱乐,1550万,38519元/平,底层 (共8层) | 2014年建 | 5室2厅 | 402.4平米 | 南 北,https://ke-image.ljcdn.com/110000-inspection/35d7e05c6869181746bf4c891b5e84c6-086.jpg!m_fill,w_280,h_210,f_jpg?from=ke.com
20230502,亦庄开发区,亦庄,101114615321,林肯公园B区 视野开阔 西南三室 精装修,660万,39647元/平,高楼层 (共22层) | 2013年建 | 3室1厅 | 166.47平米 | 西南,https://s1.ljcdn.com/pegasus/redskull/images/common/default_house_list.png?_v=20230424175303437
20230502,亦庄开发区,亦庄,101114584699,林肯公园A区 看房方便 提前约,400万,33020元/平,中楼层 (共21层) | 2014年建 | 2室1厅 | 121.14平米 | 南,https://s1.ljcdn.com/pegasus/redskull/images/common/default_house_list.png?_v=20230424175303437
20230502,亦庄开发区,亦庄,101114579630,林肯公园B区 采光好 视野好 维护好,650万,39049元/平,高楼层 (共22层) | 2013年建 | 3室2厅 | 166.46平米 | 西南,https://s1.ljcdn.com/pegasus/redskull/images/common/default_house_list.png?_v=20230424175303437
20230502,亦庄开发区,亦庄,101114434877,力宝广场商业办公近地铁近商场,138万,27480元/平,中楼层 (共25层) | 2013年建 | 1室1厅 | 50.22平米 | 北,https://s1.ljcdn.com/pegasus/redskull/images/common/default_house_list.png?_v=20230424175303437
20230502,亦庄开发区,亦庄,101114331785,林肯公园B区 看房方便 老业主 景观视野好,1250万,46639元/平,中楼层 (共22层) | 2013年建 | 4室1厅 | 268.02平米 | 南 西 北,https://s1.ljcdn.com/pegasus/redskull/images/common/default_house_list.png?_v=20230424175303437
20230502,亦庄开发区,亦庄,101114295461,林肯优质社区精装修方正户型！,298万,44379元/平,底层 (共12层) | 2010年建 | 2室1厅 | 67.15平米 | 西,https://s1.ljcdn.com/pegasus/redskull/images/common/default_house_list.png?_v=20230424175303437
20230502,亦庄开发区,亦庄,101114262732,北京经开尚庭上下两层电梯房,195万,39805元/平,低楼层 (共19层) | 2012年建 | 2室1厅 | 48.99平米 | 东,https://s1.ljcdn.com/pegasus/redskull/images/common/default_house_list.png?_v=20230424175303437
20230502,亦庄开发区,亦庄,101114202053,北京经开芯中心 精装修好房 诚意出售,215万,21875元/平,高楼层 (共19层) | 2013年建 | 2室1厅 | 98.29平米 | 北,https://s1.ljcdn.com/pegasus/redskull/images/common/default_house_list.png?_v=20230424175303437
20230502,亦庄开发区,亦庄,101114189888,力宝广场看房方便有租户提前预约就可以看,141万,27448元/平,高楼层 (共24层) | 2013年建 | 1室0厅 | 51.37平米 | 北,https://s1.ljcdn.com/pegasus/redskull/images/common/default_house_list.png?_v=20230424175303437
20230502,亦庄开发区,亦庄,101114181379,10年新小区 人车分流 精装修 环境优美,520万,58421元/平,中楼层 (共9层) | 2010年建 | 3室1厅 | 89.01平米 | 南,https://s1.ljcdn.com/pegasus/redskull/images/common/default_house_list.png?_v=20230424175303437
20230502,亦庄开发区,亦庄,101114132691,力宝广场看房方便有钥匙提前预约都可以看,275万,28602元/平,高楼层 (共25层) | 2013年建 | 1室1厅 | 96.15平米 | 南,https://s1.ljcdn.com/pegasus/redskull/images/common/default_house_list.png?_v=20230424175303437
20230502,亦庄开发区,亦庄,101114032443,有电梯开发商精装修配套设施齐全。房主自荐,655万,38562元/平,底层 (共16层) | 2019年建 | 4室2厅 | 169.86平米 | 西北,https://s1.ljcdn.com/pegasus/redskull/images/common/default_house_list.png?_v=20230424175303437
20230502,亦庄开发区,亦庄,101113986950,和成璟园 车位,20.8万,5656元/平,地下室 (共2层) | 2014年建 | 1室0厅 | 36.78平米 | 东,https://ke-image.ljcdn.com/110000-inspection/04796f9f9331cec7b996a651fb75e38d-046.jpg!m_fill,w_280,h_210,f_jpg?from=ke.com
20230502,亦庄开发区,亦庄,101113986889,和成璟园 车位,20.8万,5656元/平,地下室 (共2层) | 2014年建 | 1室0厅 | 36.78平米 | 东,https://ke-image.ljcdn.com/110000-inspection/75c44fd0d4fefe71f8df68e62bfe668a-074.jpg!m_fill,w_280,h_210,f_jpg?from=ke.com
20230502,亦庄开发区,亦庄,101113968336,林肯时代 格局方正 精装修 视野宽阔,410万,39629元/平,中楼层 (共17层) | 2019年建 | 2室2厅 | 103.46平米 | 西,https://s1.ljcdn.com/pegasus/redskull/images/common/default_house_list.png?_v=20230424175303437
20230502,亦庄开发区,亦庄,101113959760,亦庄开发区荣华南路1号院国锐金嵿,400万,38351元/平,高楼层 (共27层) | 2016年建 | 2室1厅 | 104.3平米 | 南,https://s1.ljcdn.com/pegasus/redskull/images/common/default_house_list.png?_v=20230424175303437
20230502,亦庄开发区,亦庄,101113934404,林肯公园B区 文化园西路6号院,1200万,44475元/平,中楼层 (共22层) | 2013年建 | 4室2厅 | 269.82平米 | 东南 北,https://s1.ljcdn.com/pegasus/redskull/images/common/default_house_list.png?_v=20230424175303437
20230502,亦庄开发区,亦庄,101113879516,林肯公园 高楼层 观景房 适合办公 精装修 保养好,820万,32719元/平,高楼层 (共24层) | 2011年建 | 4室2厅 | 250.62平米 | 西北,https://s1.ljcdn.com/pegasus/redskull/images/common/default_house_list.png?_v=20230424175303437
20230502,亦庄开发区,亦庄,101113824212,林肯公园C区配套齐全50年商办类全款购买,650万,39150元/平,低楼层 (共21层) | 2014年建 | 3室1厅 | 166.03平米 | 西南,https://s1.ljcdn.com/pegasus/redskull/images/common/default_house_list.png?_v=20230424175303437
20230502,亦庄开发区,亦庄,101113768079,房子视野宽阔采光好看房提前联系！,1200万,50693元/平,底层 (共22层) | 2016年建 | 4室2厅 | 236.72平米 | 南 北,https://s1.ljcdn.com/pegasus/redskull/images/common/default_house_list.png?_v=20230424175303437
20230502,亦庄开发区,亦庄,101113759345,林肯公园B区 楼层好 视野开阔 采光充足,438万,35509元/平,高楼层 (共22层) | 2013年建 | 2室1厅 | 123.35平米 | 西,https://s1.ljcdn.com/pegasus/redskull/images/common/default_house_list.png?_v=20230424175303437
20230502,亦庄开发区,亦庄,101113700555,北京经开尚庭 复式  精装修  电梯房 安静不临街,290万,36129元/平,低楼层 (共19层) 3室1厅 | 80.27平米 | 南 北,https://s1.ljcdn.com/pegasus/redskull/images/common/default_house_list.png?_v=20230424175303437
20230502,亦庄开发区,亦庄,101113676950,北京经开尚庭  精装修 电梯房  视野好,325万,40585元/平,低楼层 (共19层) | 2012年建 | 3室2厅 | 80.08平米 | 南 北,https://s1.ljcdn.com/pegasus/redskull/images/common/default_house_list.png?_v=20230424175303437
20230502,亦庄开发区,亦庄,101113657413,林肯公园 西南向 边户 精装修 朝小区花园 诚意出售,860万,34324元/平,中楼层 (共24层) | 2011年建 | 4室1厅 | 250.56平米 | 南 西南 西,https://s1.ljcdn.com/pegasus/redskull/images/common/default_house_list.png?_v=20230424175303437
20230502,亦庄开发区,亦庄,101113552176,林肯公园C2区车位B1层D区。,16万,5026元/平,地下室 (共24层) | 2011年建 | 1室0厅 | 31.84平米 | 西,https://ke-image.ljcdn.com/110000-inspection/8a27e150-4d4c-42bc-ad80-94f133fa7f14.jpg!m_fill,w_280,h_210,f_jpg?from=ke.com
20230502,亦庄开发区,亦庄,101113402172,国融国际 可注册办公 高楼层 配套齐全,155万,29152元/平,中楼层 (共16层) | 2008年建 | 1室1厅 | 53.17平米 | 东 北,https://s1.ljcdn.com/pegasus/redskull/images/common/default_house_list.png?_v=20230424175303437
20230502,亦庄开发区,亦庄,101113353847,房子诚心卖 看房提前联系 楼层视野好,750万,34502元/平,低楼层 (共22层) | 2016年建 | 3室1厅 | 217.38平米 | 南 北,https://s1.ljcdn.com/pegasus/redskull/images/common/default_house_list.png?_v=20230424175303437
20230502,亦庄开发区,亦庄,101113351314,林肯公园C区 商办类 统一装修 保持好,330万,33705元/平,低楼层 (共21层) | 2014年建 | 2室1厅 | 97.91平米 | 东北,https://s1.ljcdn.com/pegasus/redskull/images/common/default_house_list.png?_v=20230424175303437
20230502,亦庄开发区,亦庄,101113260621,林肯时代 开发商精装修 带电梯,450万,39049元/平,中楼层 (共17层) | 2019年建 | 2室2厅 | 115.24平米 | 东北,https://s1.ljcdn.com/pegasus/redskull/images/common/default_house_list.png?_v=20230424175303437
20230502,亦庄开发区,亦庄,101113041152,满五唯一带电梯南北通透格局视野宽阔采光充足,1600万,70610元/平,高楼层 (共9层) | 2003年建 | 4室2厅 | 226.6平米 | 南 北,https://ke-image.ljcdn.com/110000-inspection/d03c38d2-7444-4960-9df1-35b0c5bf9132.jpg!m_fill,w_280,h_210,f_jpg?from=ke.com
20230502,亦庄开发区,亦庄,101112975549,荣京丽都中间楼层楼层业主诚心出售。,198万,36465元/平,中楼层 (共21层) | 2008年建 | 2室1厅 | 54.3平米 | 北,https://s1.ljcdn.com/pegasus/redskull/images/common/default_house_list.png?_v=20230424175303437
20230502,亦庄开发区,亦庄,101112701717,荣华中路7号院业主诚意出售。,146万,44029元/平,顶层 (共16层) | 2008年建 | 2室1厅 | 33.16平米 | 北,https://s1.ljcdn.com/pegasus/redskull/images/common/default_house_list.png?_v=20230424175303437
20230502,亦庄开发区,亦庄,101112673508,中冀斯巴鲁大厦108平米总价美丽,225万,20755元/平,中楼层 (共22层) | 2002年建 | 2室1厅 | 108.41平米 | 南,https://s1.ljcdn.com/pegasus/redskull/images/common/default_house_list.png?_v=20230424175303437
20230502,亦庄开发区,亦庄,101112379472,林肯公园小区环境优美 交通便利,258万,38211元/平,中楼层 (共24层) | 2011年建 | 2室1厅 | 67.52平米 | 东北,https://s1.ljcdn.com/pegasus/redskull/images/common/default_house_list.png?_v=20230424175303437
20230502,亦庄开发区,亦庄,101111298790,林肯公园 大平层看房方便 精装修,778万,35387元/平,中楼层 (共24层) | 2011年建 | 3室1厅 | 219.86平米 | 西北,https://s1.ljcdn.com/pegasus/redskull/images/common/default_house_list.png?_v=20230424175303437
20230502,亦庄开发区,亦庄,101111057253,林肯公园B区两梯两户房源南北通透三面采光,1250万,46194元/平,低楼层 (共22层) | 2013年建 | 4室1厅 | 270.6平米 | 东南 北,https://s1.ljcdn.com/pegasus/redskull/images/common/default_house_list.png?_v=20230424175303437
20230502,亦庄开发区,亦庄,101110569924,国锐金嵿边户复式五间房视野开阔采光好,960万,40986元/平,中楼层 (共22层) | 2016年建 | 5室3厅 | 234.23平米 | 南 北,https://s1.ljcdn.com/pegasus/redskull/images/common/default_house_list.png?_v=20230424175303437
20230502,亦庄开发区,亦庄,101110397925,林肯公园B区 精装修电梯房 视野采光好 出行方便,460万,31786元/平,低楼层 (共22层) | 2014年建 | 3室1厅 | 144.72平米 | 西北,https://s1.ljcdn.com/pegasus/redskull/images/common/default_house_list.png?_v=20230424175303437
20230502,亦庄开发区,亦庄,101110315377,国锐金嵿 精装修复式  配套齐全房主自荐,750万,34502元/平,中楼层 (共22层) | 2015年建 | 3室1厅 | 217.38平米 | 西南 东,https://s1.ljcdn.com/pegasus/redskull/images/common/default_house_list.png?_v=20230424175303437
20230502,亦庄开发区,亦庄,101109233372,林肯公园  户型方正无浪费面积带电梯房主自荐,170万,34659元/平,低楼层 (共24层) | 2011年建 | 1室1厅 | 49.05平米 | 东,https://s1.ljcdn.com/pegasus/redskull/images/common/default_house_list.png?_v=20230424175303437
20230502,亦庄开发区,亦庄,101106877584,国锐金嵿 精装修复式 高楼层 视野开阔,815万,32725元/平,高楼层 (共36层) | 2014年建 | 3室2厅 | 249.05平米 | 南,https://s1.ljcdn.com/pegasus/redskull/images/common/default_house_list.png?_v=20230424175303437
20230502,亦庄开发区,亦庄,101102618938,林肯公园250平米大空间精装修户型,848万,33845元/平,中楼层 (共24层) | 2011年建 | 4室1厅 | 250.56平米 | 东北,https://s1.ljcdn.com/pegasus/redskull/images/common/default_house_list.png?_v=20230424175303437
