20240229,大兴,大兴新机场,101122749550,隆盛东园     南北通透 视野好必看好房,183万,20664元/平,中楼层 (共4层) | 2002年 | 2室1厅 | 88.56平米 | 南 北,https://ke-image.ljcdn.com/110000-inspection/pc1_PPNAJlLGH.jpg!m_fill,w_280,h_210,f_jpg?from=ke.com
20240229,大兴,大兴新机场,101121805058,此房满五年唯一户型方正南北通透采光好。必看好房,170万,19099元/平,底层 (共4层) 2室2厅 | 89.01平米 | 南 北,https://ke-image.ljcdn.com/110000-inspection/8d8f434a-4a2f-4a97-bb24-6b95ecf9158e_1000.jpg!m_fill,w_280,h_210,f_jpg?from=ke.com
20240229,大兴,大兴新机场,101121533551,众美城精装三居室附带一个储藏间全明户型必看好房,255万,27517元/平,高楼层 (共10层) | 2014年 | 3室1厅 | 92.67平米 | 南 北,https://ke-image.ljcdn.com/110000-inspection/5bf8e54a-ddf9-4829-a5c8-5e62d5d5cc74_1000.jpg!m_fill,w_280,h_210,f_jpg?from=ke.com
20240229,大兴,大兴新机场,101120917366,南北通透两居室格局方正看房方便必看好房,183万,21662元/平,底层 (共15层) | 2012年 | 2室2厅 | 84.48平米 | 南 北,https://ke-image.ljcdn.com/110000-inspection/56fc66f6-72c5-4613-9671-4a56eed32197_1000.jpg!m_fill,w_280,h_210,f_jpg?from=ke.com
20240229,大兴,大兴新机场,101120868336,富力华庭苑西区精装三居室保持好不临街无遮挡必看好房,285万,28364元/平,中楼层 (共7层) | 2013年 | 3室1厅 | 100.48平米 | 南 北,https://ke-image.ljcdn.com/110000-inspection/9974440c-c5f3-4c32-a23f-173590e41ae7_1000.jpg!m_fill,w_280,h_210,f_jpg?from=ke.com
20240229,大兴,大兴新机场,101122868946,富力华庭苑东区满五唯一好楼层采光好南北通透,275万,27407元/平,中楼层 (共9层) | 2014年 | 3室2厅 | 100.34平米 | 南 北,https://ke-image.ljcdn.com/110000-inspection/2d275c83-f357-4b71-a6c0-0a98a34ed93e_1000.jpg!m_fill,w_280,h_210,f_jpg?from=ke.com
20240229,大兴,大兴新机场,101122575167,御园C区  南北通透全明格局  2012年小区有电梯,153万,25286元/平,中楼层 (共15层) | 2012年 | 1室1厅 | 60.51平米 | 南 北,https://ke-image.ljcdn.com/110000-inspection/e29c0c62-bdcb-40fd-9e60-217cae067887_1000.jpg!m_fill,w_280,h_210,f_jpg?from=ke.com
20240229,大兴,大兴新机场,101122227276,富力丹麦小镇D区 南北通透 视野好,498万,26770元/平,中楼层 (共11层) | 2011年 | 4室2厅 | 186.03平米 | 南 北,https://ke-image.ljcdn.com/110000-inspection/9caf8157-6a91-40b2-8fd2-6039db3d823d_1000.jpg!m_fill,w_280,h_210,f_jpg?from=ke.com
20240229,大兴,大兴新机场,101121692705,御园B区 电梯 南北通透 24小时安保,202万,23751元/平,中楼层 (共15层) | 2014年 | 2室1厅 | 85.05平米 | 南 北,https://ke-image.ljcdn.com/110000-inspection/5bff4401-de83-45a7-a5a0-33c3a5a0e1a7_1000.jpg!m_fill,w_280,h_210,f_jpg?from=ke.com
20240229,大兴,大兴新机场,101120783034,御园C区次顶层正规一居室南向诚心出售,140万,23657元/平,高楼层 (共15层) | 2012年 | 1室1厅 | 59.18平米 | 南,https://ke-image.ljcdn.com/110000-inspection/32f6798e-79cc-48c2-b012-a774d0bf817a_1000.jpg!m_fill,w_280,h_210,f_jpg?from=ke.com
20240229,大兴,大兴新机场,101119731117,富力丹麦小镇D区 南北三居室 视野好,338万,25989元/平,低楼层 (共11层) | 2012年 | 3室1厅 | 130.06平米 | 南 北,https://ke-image.ljcdn.com/110000-inspection/d5b7ab98-20e9-4bf5-b53c-33cd6a762735_1000.jpg!m_fill,w_280,h_210,f_jpg?from=ke.com
20240229,大兴,大兴新机场,101118341352,富力丹麦小镇D区南北三居室诚意出售看房方便房主自荐,365万,26559元/平,高楼层 (共12层) | 2012年 | 3室1厅 | 137.43平米 | 南 北,https://ke-image.ljcdn.com/110000-inspection/ea06d61f-f50d-4088-86b4-7cf4a758b781_1000.jpg!m_fill,w_280,h_210,f_jpg?from=ke.com
20240229,大兴,大兴新机场,101117810980,富力丹麦小镇D区 满五唯一精装没住过 电梯大三居必看好房,365万,26490元/平,中楼层 (共12层) | 2012年 | 3室2厅 | 137.79平米 | 南 北,https://ke-image.ljcdn.com/110000-inspection/dc378cef-05e5-4aed-8d52-3b56f68a7e65_1000.jpg!m_fill,w_280,h_210,f_jpg?from=ke.com
20240229,大兴,大兴新机场,101116999197,富力丹麦小镇C区精装上叠别墅视野好装修好有车位必看好房,510万,33186元/平,中楼层 (共4层) 4室2厅 | 153.68平米 | 南 北,https://ke-image.ljcdn.com/110000-inspection/d687aaff-59d2-4584-a254-572b8c484860_1000.jpg!m_fill,w_280,h_210,f_jpg?from=ke.com
20240229,大兴,大兴新机场,101115223807,此房是下叠别墅环境优美南北通透,630万,33937元/平,底层 (共4层) | 2012年 | 5室2厅 | 185.64平米 | 南 北,https://ke-image.ljcdn.com/110000-inspection/f3667417-1d9a-4aaf-859f-feb3e1a58918_1000.jpg!m_fill,w_280,h_210,f_jpg?from=ke.com
20240229,大兴,大兴新机场,101122939236,独墅逸致 南北通透 楼间距宽 视野好必看好房,900万,37471元/平,底层 (共2层) 4室2厅 | 240.19平米 | 南 北,https://ke-image.ljcdn.com/110000-inspection/8314dba7-c936-4460-a082-6903d4cbe324_1000.jpg!m_fill,w_280,h_210,f_jpg?from=ke.com
20240229,大兴,大兴新机场,101121864915,御园E区纯南向两居室满五年唯一电梯房必看好房,172万,22582元/平,低楼层 (共14层) 2室1厅 | 76.17平米 | 南,https://ke-image.ljcdn.com/110000-inspection/37fe066f-b5f2-4dad-9914-daae117f953e_1000.jpg!m_fill,w_280,h_210,f_jpg?from=ke.com
20240229,大兴,大兴新机场,101120732139,富力丹麦小镇D区  全南向16平米大阳台 三室两卫必看好房,340万,29770元/平,中楼层 (共11层) | 2012年 | 3室2厅 | 114.21平米 | 南,https://ke-image.ljcdn.com/110000-inspection/pc1_iVaiDJNA3_1.jpg!m_fill,w_280,h_210,f_jpg?from=ke.com
20240229,大兴,大兴新机场,101119859508,富力丹麦小镇D区  大阳台两居必看好房,259万,26957元/平,中楼层 (共11层) 2室1厅 | 96.08平米 | 南,https://ke-image.ljcdn.com/110000-inspection/pc1_VdAOPEOos.jpg!m_fill,w_280,h_210,f_jpg?from=ke.com
20240229,大兴,大兴新机场,101118467125,房子南北通透格局方正无浪费面积上叠别墅带北院,470万,31489元/平,中楼层 (共4层) 4室2厅 | 149.26平米 | 南 北,https://ke-image.ljcdn.com/110000-inspection/1929bc86-b392-4422-8817-60582bf41a94_1000.jpg!m_fill,w_280,h_210,f_jpg?from=ke.com
20240229,大兴,大兴新机场,101118349904,独栋别墅 花园500平米 方正花园,849万,43317元/平,底层 (共2层) 4室2厅 | 196平米 | 南 北,https://ke-image.ljcdn.com/110000-inspection/9ceb6d7e-1e54-4fe3-9003-2f474419887c_1000.jpg!m_fill,w_280,h_210,f_jpg?from=ke.com
20240229,大兴,大兴新机场,101122956813,户型方正南北通透采光好业主诚心出售。新上,205万,21330元/平,中楼层 (共5层) | 2001年 | 2室1厅 | 96.11平米 | 南 北,https://ke-image.ljcdn.com/110000-inspection/8893f03f-8651-4ba8-9428-35adb680a335_1000.jpg!m_fill,w_280,h_210,f_jpg?from=ke.com
20240229,大兴,大兴新机场,101122926291,精装三居室格局合理 前后无遮挡,375万,22190元/平,低楼层 (共12层) | 2006年 | 3室2厅 | 169平米 | 北 南,https://ke-image.ljcdn.com/110000-inspection/3efe80ec-5235-4f84-8ef7-9f267d8fdbfa_1000.jpg!m_fill,w_280,h_210,f_jpg?from=ke.com
20240229,大兴,大兴新机场,101122824757,富力华庭苑东区  南北通透三居中高楼层,310万,30700元/平,高楼层 (共9层) | 2014年 | 3室1厅 | 100.98平米 | 南 北,https://ke-image.ljcdn.com/110000-inspection/d271e028-b84d-4f9c-887e-e4608b8f6f42_1000.jpg!m_fill,w_280,h_210,f_jpg?from=ke.com
20240229,大兴,大兴新机场,101122788480,众美城 2室1厅 南 北,215万,27247元/平,低楼层 (共10层) | 2014年 | 2室1厅 | 78.91平米 | 南 北,https://ke-image.ljcdn.com/110000-inspection/7cd11f7a-c41c-4950-a8be-536eb199c083_1000.jpg!m_fill,w_280,h_210,f_jpg?from=ke.com
20240229,大兴,大兴新机场,101122769438,福利丹麦小镇D区南北通透采光好房主自荐,385万,30187元/平,中楼层 (共12层) 3室2厅 | 127.54平米 | 南 北,https://ke-image.ljcdn.com/110000-inspection/0e7226f2-ae58-47ba-bdbb-a1b04b7b0d1f_1000.jpg!m_fill,w_280,h_210,f_jpg?from=ke.com
20240229,大兴,大兴新机场,101122729622,御园B区 2室1厅 南 北房主自荐,229万,25434元/平,低楼层 (共15层) | 2012年 | 2室1厅 | 90.04平米 | 南 北,https://ke-image.ljcdn.com/110000-inspection/4a9f1b9d-ae7c-4949-94fd-fdbf904bd393_1000.jpg!m_fill,w_280,h_210,f_jpg?from=ke.com
20240229,大兴,大兴新机场,101122710278,富力华庭苑西区精装修两居室业主换房着急出售,235万,30222元/平,低楼层 (共9层) | 2013年 | 2室1厅 | 77.76平米 | 南 北,https://ke-image.ljcdn.com/110000-inspection/1bd03558-3371-483c-a2f9-e3ff4c69b2b1_1000.jpg!m_fill,w_280,h_210,f_jpg?from=ke.com
20240229,大兴,大兴新机场,101122706202,御园C区 南北通透 24小时安保,155万,25444元/平,高楼层 (共15层) 1室1厅 | 60.92平米 | 南 北,https://ke-image.ljcdn.com/110000-inspection/42018366-72a4-419f-89a4-8c858b035b52_1000.jpg!m_fill,w_280,h_210,f_jpg?from=ke.com
20240229,大兴,大兴新机场,101122694508,富力华庭苑东区  中间楼层  边户南北三居,320万,31497元/平,中楼层 (共9层) | 2014年 | 3室2厅 | 101.6平米 | 南 北,https://ke-image.ljcdn.com/110000-inspection/bf24112c-b096-4bc5-bf46-d27269ae50a8_1000.jpg!m_fill,w_280,h_210,f_jpg?from=ke.com
20240229,大兴,大兴新机场,101122589897,隆盛东园满五年唯一户型方正南北通透采光好。,208万,22145元/平,中楼层 (共6层) 2室1厅 | 93.93平米 | 南 北,https://ke-image.ljcdn.com/110000-inspection/3bb58f34-794b-46b9-9e9f-3c54edf63d8d_1000.jpg!m_fill,w_280,h_210,f_jpg?from=ke.com
20240229,大兴,大兴新机场,101122583393,富力华庭苑东区满五唯一西南2+1户型位置好,258万,28960元/平,低楼层 (共9层) | 2014年 | 2室1厅 | 89.09平米 | 南,https://ke-image.ljcdn.com/110000-inspection/a07fe4fe-b08e-425a-b5bc-598d0eff820f_1000.jpg!m_fill,w_280,h_210,f_jpg?from=ke.com
20240229,大兴,大兴新机场,101122508046,富力丹麦小镇D区洋房格局好视野好满五不唯一,395万,29240元/平,低楼层 (共6层) | 2011年 | 3室2厅 | 135.09平米 | 南 北,https://ke-image.ljcdn.com/110000-inspection/869aa842-3bd1-4492-9deb-993891978878_1000.jpg!m_fill,w_280,h_210,f_jpg?from=ke.com
20240229,大兴,大兴新机场,101122493977,御园E区 2室2厅 南,180万,23626元/平,顶层 (共12层) 2室2厅 | 76.19平米 | 南,https://ke-image.ljcdn.com/110000-inspection/e1e50748-9b04-4112-a6f8-a3f10ba8fbd8_1000.jpg!m_fill,w_280,h_210,f_jpg?from=ke.com
20240229,大兴,大兴新机场,101122490261,御园A区  满五唯一  南北向两居室 带电梯,240万,28156元/平,中楼层 (共15层) | 2012年 | 2室1厅 | 85.24平米 | 南 北,https://ke-image.ljcdn.com/110000-inspection/87d42e41-49a2-4a2f-8c06-64676f69ebba_1000.jpg!m_fill,w_280,h_210,f_jpg?from=ke.com
20240229,大兴,大兴新机场,101122391545,富力丹麦小镇D区 满五唯一、南北通透50平三面花园房主自荐,365万,31428元/平,底层 (共12层) | 2011年 | 2室1厅 | 116.14平米 | 南 北,https://ke-image.ljcdn.com/110000-inspection/c949469b-8b3b-4c29-ad10-1a862c722ec6_1000.jpg!m_fill,w_280,h_210,f_jpg?from=ke.com
20240229,大兴,大兴新机场,101122386700,富力丹麦小镇D区 满五年唯一 南北通透,248万,25934元/平,底层 (共12层) 2室1厅 | 95.63平米 | 南 北,https://ke-image.ljcdn.com/110000-inspection/e13d7e30-25c9-40d0-8926-1c8ce2a5c6f1_1000.jpg!m_fill,w_280,h_210,f_jpg?from=ke.com
20240229,大兴,大兴新机场,101122353977,御园C区 2室1厅 南 北,210万,23394元/平,高楼层 (共15层) | 2014年 | 2室1厅 | 89.77平米 | 南 北,https://ke-image.ljcdn.com/110000-inspection/d86be842-5e45-4199-aea6-96ad24bd96de_1000.jpg!m_fill,w_280,h_210,f_jpg?from=ke.com
20240229,大兴,大兴新机场,101122174384,御园D区   满五唯一  南北向两居室  一梯两户,205万,24195元/平,低楼层 (共15层) | 2012年 | 2室2厅 | 84.73平米 | 南 北,https://ke-image.ljcdn.com/110000-inspection/9c96c471-a1c5-43d2-8302-87624b8fc20a_1000.jpg!m_fill,w_280,h_210,f_jpg?from=ke.com
20240229,大兴,大兴新机场,101122141450,龙熙顺景丁区电梯大平层270度转角飘窗随时签约,248万,19739元/平,中楼层 (共9层) | 2006年 | 3室2厅 | 125.64平米 | 西北,https://ke-image.ljcdn.com/110000-inspection/739b96fd-f123-49e5-b76e-36175fe06531_1000.jpg!m_fill,w_280,h_210,f_jpg?from=ke.com
20240229,大兴,大兴新机场,101122114583,富力华庭苑西区满五唯一精装两居室2+1户型。,249万,27950元/平,中楼层 (共8层) | 2013年 | 2室1厅 | 89.09平米 | 东南,https://ke-image.ljcdn.com/110000-inspection/d52e2d77-c61d-4583-8a2d-bda742aba861_1000.jpg!m_fill,w_280,h_210,f_jpg?from=ke.com
20240229,大兴,大兴新机场,101122111196,御园B区 2室1厅 南 北,205万,22877元/平,高楼层 (共15层) | 2012年 | 2室1厅 | 89.61平米 | 南 北,https://ke-image.ljcdn.com/110000-inspection/5d1b15cd-fb95-409b-bde3-55c141ec5397_1000.jpg!m_fill,w_280,h_210,f_jpg?from=ke.com
20240229,大兴,大兴新机场,101122088130,富力丹麦小镇D区满五唯一1层12平花园+14平米大阳台,285万,29725元/平,底层 (共11层) | 2012年 | 2室2厅 | 95.88平米 | 南,https://ke-image.ljcdn.com/110000-inspection/fd1636d2-6545-44e8-96c8-7dd09f4f1c79_1000.jpg!m_fill,w_280,h_210,f_jpg?from=ke.com
20240229,大兴,大兴新机场,101122072628,隆丰大街1号院 众美城精装2居满五年唯一,210万,25755元/平,中楼层 (共10层) | 2014年 | 2室1厅 | 81.54平米 | 南,https://ke-image.ljcdn.com/110000-inspection/4c342464-56af-4354-96ba-eb00e26134a7_1000.jpg!m_fill,w_280,h_210,f_jpg?from=ke.com
20240229,大兴,大兴新机场,101121985460,御园小区   2居室  南北通透  满五唯一房主自荐,199万,22186元/平,顶层 (共15层) | 2012年 | 2室1厅 | 89.7平米 | 南 北,https://ke-image.ljcdn.com/110000-inspection/9e53729c-3939-4b10-9a31-bf64703aa971_1000.jpg!m_fill,w_280,h_210,f_jpg?from=ke.com
20240229,大兴,大兴新机场,101121941393,富力华庭苑东区精装修中高楼层两居室,230万,29360元/平,中楼层 (共9层) | 2014年 | 2室1厅 | 78.34平米 | 西北,https://ke-image.ljcdn.com/110000-inspection/a63db856-e7eb-4b33-b7a6-026d26a24d38_1000.jpg!m_fill,w_280,h_210,f_jpg?from=ke.com
20240229,大兴,大兴新机场,101121909080,富力华庭苑西区 南北通透三居室 满五唯一,288万,28726元/平,低楼层 (共9层) | 2013年 | 3室2厅 | 100.26平米 | 南 北,https://ke-image.ljcdn.com/110000-inspection/pc1_crZnzpaFB.jpg!m_fill,w_280,h_210,f_jpg?from=ke.com
20240229,大兴,大兴新机场,101121905007,御园A区  南北向两居室 一梯两户,205万,24016元/平,顶层 (共8层) | 2014年 | 2室2厅 | 85.36平米 | 南 北,https://ke-image.ljcdn.com/110000-inspection/pc1_kzU0hRpJr.jpg!m_fill,w_280,h_210,f_jpg?from=ke.com
20240229,大兴,大兴新机场,101121874842,御园E区 1室1厅 南,150万,27042元/平,高楼层 (共14层) 1室1厅 | 55.47平米 | 南,https://ke-image.ljcdn.com/110000-inspection/afbddc5f-6769-48e6-91dd-9b2b1b5e2c41_1000.jpg!m_fill,w_280,h_210,f_jpg?from=ke.com
20240229,大兴,大兴新机场,101121861848,众美城  3居室  南北通透  诚心出售,318万,25133元/平,高楼层 (共9层) | 2014年 | 3室2厅 | 126.53平米 | 南 北,https://ke-image.ljcdn.com/110000-inspection/5e94bcfc-6552-4b2e-9f2c-bfc48602b66c_1000.jpg!m_fill,w_280,h_210,f_jpg?from=ke.com
20240229,大兴,大兴新机场,101121777344,御园D区满五年唯一两居业主急售房源南北通透,205万,24195元/平,低楼层 (共15层) | 2012年 | 2室1厅 | 84.73平米 | 南 北,https://ke-image.ljcdn.com/110000-inspection/4bc854e6-6381-4b6b-80f2-0013beed093f_1000.jpg!m_fill,w_280,h_210,f_jpg?from=ke.com
20240229,大兴,大兴新机场,101121772220,富力华庭苑东区精装三居采光好 视野开阔,306万,30364元/平,高楼层 (共9层) | 2014年 | 3室2厅 | 100.78平米 | 南 北,https://ke-image.ljcdn.com/110000-inspection/8deb9d44-f3b3-4f27-a714-b3c4571e7496_1000.jpg!m_fill,w_280,h_210,f_jpg?from=ke.com
20240229,大兴,大兴新机场,101121769648,富力华庭苑西区 南北通透 视野好 采光好,300万,29754元/平,中楼层 (共9层) | 2013年 | 3室1厅 | 100.83平米 | 南 北,https://ke-image.ljcdn.com/110000-inspection/0bfe80d4-0efd-477f-8593-bcfc290b182a_1000.jpg!m_fill,w_280,h_210,f_jpg?from=ke.com
20240229,大兴,大兴新机场,101121746483,御园A区 2室1厅 南 北,220万,26042元/平,高楼层 (共15层) 2室1厅 | 84.48平米 | 南 北,https://ke-image.ljcdn.com/110000-inspection/f66ff452-a794-4419-9bc8-30a4e0a83cc3_1000.jpg!m_fill,w_280,h_210,f_jpg?from=ke.com
20240229,大兴,大兴新机场,101121727405,御园C区 1室1厅 南,156万,26171元/平,低楼层 (共15层) | 2014年 | 1室1厅 | 59.61平米 | 南,https://ke-image.ljcdn.com/110000-inspection/24a067ab-e78e-4daa-bbb3-fc7ed37c7862_1000.jpg!m_fill,w_280,h_210,f_jpg?from=ke.com
20240229,大兴,大兴新机场,101121706338,隆盛东园一居室东南北三个朝向中间楼层无遮挡,165万,26631元/平,中楼层 (共6层) | 2004年 | 1室1厅 | 61.96平米 | 东 南 北,https://ke-image.ljcdn.com/110000-inspection/5ae66f60-ef27-41aa-bd1d-ff42c713451e_1000.jpg!m_fill,w_280,h_210,f_jpg?from=ke.com
20240229,大兴,大兴新机场,101121698117,众美城 3室1厅 南 北,250万,26978元/平,低楼层 (共10层) | 2014年 | 3室1厅 | 92.67平米 | 南 北,https://ke-image.ljcdn.com/110000-inspection/b7eb3055-c479-4143-9d08-cc7d043df1f2_1000.jpg!m_fill,w_280,h_210,f_jpg?from=ke.com
20240229,大兴,大兴新机场,101121692728,富力华庭苑西区 中间楼层大三居,270万,26778元/平,中楼层 (共9层) | 2013年 | 3室2厅 | 100.83平米 | 南 北,https://ke-image.ljcdn.com/110000-inspection/814c8f1b-f605-49cc-b36b-56126e9ce358_1000.jpg!m_fill,w_280,h_210,f_jpg?from=ke.com
20240229,大兴,大兴新机场,101121659861,众美城 地暖 电梯 24小时安保,275万,30013元/平,中楼层 (共10层) | 2014年 | 3室1厅 | 91.63平米 | 南 北,https://ke-image.ljcdn.com/110000-inspection/a7327fc6-acc2-4030-a0f7-25b56adfe58c_1000.jpg!m_fill,w_280,h_210,f_jpg?from=ke.com
20240229,大兴,大兴新机场,101121573125,众美城  南北通透  2居室  精装修 满五唯一,208万,26386元/平,顶层 (共10层) | 2014年 | 2室1厅 | 78.83平米 | 南 北,https://ke-image.ljcdn.com/110000-inspection/d03905fc-68a5-4059-9fbe-e49834b66f95_1000.jpg!m_fill,w_280,h_210,f_jpg?from=ke.com
20240229,大兴,大兴新机场,101121524711,御园小区  南北向  2居室  精装修  拎包入住,240万,28306元/平,高楼层 (共15层) | 2012年 | 2室1厅 | 84.79平米 | 南 北,https://ke-image.ljcdn.com/110000-inspection/f117654f-c9fd-49da-aeda-a3c2f35cff1c_1000.jpg!m_fill,w_280,h_210,f_jpg?from=ke.com
20240229,大兴,大兴新机场,101121511933,龙景湾丁区平层4居室人车分流小区满五唯一,400万,20073元/平,中楼层 (共15层) | 2006年 | 4室2厅 | 199.28平米 | 东南 北,https://ke-image.ljcdn.com/110000-inspection/42b8c348-11f6-4b6d-bda5-29867c5089aa_1000.jpg!m_fill,w_280,h_210,f_jpg?from=ke.com
20240229,大兴,大兴新机场,101121449052,众美城   精装修  南北通透三居室 人车分流  视野好,368万,29059元/平,高楼层 (共9层) | 2014年 | 3室2厅 | 126.64平米 | 南 北,https://ke-image.ljcdn.com/110000-inspection/3f76cadc-9cd4-4d80-8c5b-69109354f38a_1000.jpg!m_fill,w_280,h_210,f_jpg?from=ke.com
20240229,大兴,大兴新机场,101121414502,富力丹麦小镇D区   南北双阳台  全明格局两卫三居,370万,29011元/平,高楼层 (共12层) | 2011年 | 3室2厅 | 127.54平米 | 南 北,https://ke-image.ljcdn.com/110000-inspection/2fc64a27-8b33-4506-bfff-6cb3f9020665_1000.jpg!m_fill,w_280,h_210,f_jpg?from=ke.com
20240229,大兴,大兴新机场,101121392938,隆盛东园此房是南北通透三居格局好精装修自住,280万,20876元/平,中楼层 (共6层) | 2003年 | 3室2厅 | 134.13平米 | 南 北,https://ke-image.ljcdn.com/110000-inspection/8f295ced-5353-4c50-893e-cd143298769e_1000.jpg!m_fill,w_280,h_210,f_jpg?from=ke.com
20240229,大兴,大兴新机场,101121354152,富力丹麦小镇D区 南向精装两居室 大阳台,295万,30583元/平,低楼层 (共12层) | 2012年 | 2室2厅 | 96.46平米 | 南,https://ke-image.ljcdn.com/110000-inspection/7c2ed332-2df6-455e-9f9a-053c8444dacc_1000.jpg!m_fill,w_280,h_210,f_jpg?from=ke.com
20240229,大兴,大兴新机场,101121348275,众美城  满五唯一  全明格局三居室  人车分流,265万,29429元/平,高楼层 (共10层) | 2014年 | 3室2厅 | 90.05平米 | 南 北,https://ke-image.ljcdn.com/110000-inspection/0010824f-126e-4047-8b7f-d17b48bed5dc_1000.jpg!m_fill,w_280,h_210,f_jpg?from=ke.com
20240229,大兴,大兴新机场,101121323881,满五年家庭名下只有一套房诚心出售好楼层,278万,27128元/平,高楼层 (共12层) | 2011年 | 2室2厅 | 102.48平米 | 南,https://ke-image.ljcdn.com/110000-inspection/437c2bdf-52fb-4264-840b-0db1769cd6a3_1000.jpg!m_fill,w_280,h_210,f_jpg?from=ke.com
20240229,大兴,大兴新机场,101121317778,御园D区 南北向两居室 2012年小区带电梯,185万,26516元/平,高楼层 (共15层) | 2014年 | 2室1厅 | 69.77平米 | 南 北,https://ke-image.ljcdn.com/110000-inspection/pc1_Irdf8v2Wu.jpg!m_fill,w_280,h_210,f_jpg?from=ke.com
20240229,大兴,大兴新机场,101121309005,富力华庭苑西区精装修电梯两居室,226万,29042元/平,中楼层 (共9层) | 2013年 | 2室1厅 | 77.82平米 | 东 西,https://ke-image.ljcdn.com/110000-inspection/cadd9aeb-5a80-4846-b981-4d840387cb95_1000.jpg!m_fill,w_280,h_210,f_jpg?from=ke.com
20240229,大兴,大兴新机场,101121205084,隆盛西园小区南北通透中间楼层两居室,190万,19684元/平,中楼层 (共5层) | 2001年 | 2室2厅 | 96.53平米 | 南 北,https://ke-image.ljcdn.com/110000-inspection/5d156afb-cc90-462a-84d5-2c4fdd1f28b4_1000.jpg!m_fill,w_280,h_210,f_jpg?from=ke.com
20240229,大兴,大兴新机场,101121153374,富力丹麦小镇D区 南北通透 大平层 视野好,499万,27212元/平,中楼层 (共6层) | 2011年 | 4室2厅 | 183.38平米 | 南 北,https://ke-image.ljcdn.com/110000-inspection/ff3a7886-22ee-48aa-9d0a-171414dedf3a_1000.jpg!m_fill,w_280,h_210,f_jpg?from=ke.com
20240229,大兴,大兴新机场,101121115762,御园小区  2居室 南北通透 看房方便,199万,23292元/平,底层 (共15层) | 2012年 | 2室1厅 | 85.44平米 | 南 北,https://ke-image.ljcdn.com/110000-inspection/53e3f998-75a6-42c2-9c1d-61e500ea324f_1000.jpg!m_fill,w_280,h_210,f_jpg?from=ke.com
20240229,大兴,大兴新机场,101121095364,隆盛西园小区高楼层南北通透两居室,199万,21186元/平,高楼层 (共6层) 2室1厅 | 93.93平米 | 南 北,https://ke-image.ljcdn.com/110000-inspection/pc1_ltN6svITM.jpg!m_fill,w_280,h_210,f_jpg?from=ke.com
20240229,大兴,大兴新机场,101121034210,富力华庭苑西区 南北通透三居室 视野好房主自荐,295万,29424元/平,低楼层 (共9层) | 2013年 | 3室2厅 | 100.26平米 | 南 北,https://ke-image.ljcdn.com/110000-inspection/pc1_ASmwBzdjV.jpg!m_fill,w_280,h_210,f_jpg?from=ke.com
20240229,大兴,大兴新机场,101120996131,南北通透两居室 低楼层看房方便,214万,25275元/平,低楼层 (共15层) | 2012年 | 2室1厅 | 84.67平米 | 南 北,https://ke-image.ljcdn.com/110000-inspection/695edb39-3a7c-42a2-821e-99d100ad3fd4_1000.jpg!m_fill,w_280,h_210,f_jpg?from=ke.com
20240229,大兴,大兴新机场,101120983628,富力华庭苑西区西南朝向两居室业主诚心出售,272万,30531元/平,中楼层 (共8层) | 2014年 | 3室2厅 | 89.09平米 | 西南,https://ke-image.ljcdn.com/110000-inspection/4ba2400d-f502-4bc3-b731-18c6de3359d5_1000.jpg!m_fill,w_280,h_210,f_jpg?from=ke.com
20240229,大兴,大兴新机场,101120977741,富力华庭苑西区 精装修 看房方便,259万,28929元/平,中楼层 (共9层) | 2013年 | 3室1厅 | 89.53平米 | 东南,https://ke-image.ljcdn.com/110000-inspection/pc1_4GlowY9rY.jpg!m_fill,w_280,h_210,f_jpg?from=ke.com
20240229,大兴,大兴新机场,101120967262,众美城  满五唯一  南向两居室  人车分流,230万,29133元/平,中楼层 (共10层) | 2014年 | 2室1厅 | 78.95平米 | 南 北,https://ke-image.ljcdn.com/110000-inspection/b0accbe2-d12a-450e-a016-67367eeaa08a_1000.jpg!m_fill,w_280,h_210,f_jpg?from=ke.com
20240229,大兴,大兴新机场,101120910052,朝南格局自住干净整洁无遮挡,220万,28751元/平,顶层 (共9层) | 2014年 | 2室1厅 | 76.52平米 | 南,https://ke-image.ljcdn.com/110000-inspection/a5eb7294-e6d3-49eb-a235-9b3208a7bad6_1000.jpg!m_fill,w_280,h_210,f_jpg?from=ke.com
20240229,大兴,大兴新机场,101120904211,富力华庭苑东区 精装修 南北通透三居室房主自荐,313万,31120元/平,中楼层 (共9层) | 2014年 | 3室2厅 | 100.58平米 | 南 北,https://ke-image.ljcdn.com/110000-inspection/a6cd7119-5bcb-42b1-930e-64ed9df7b299_1000.jpg!m_fill,w_280,h_210,f_jpg?from=ke.com
20240229,大兴,大兴新机场,101120897680,富力丹麦小镇D区  纯南向三居 17平米大阳台,350万,30646元/平,中楼层 (共8层) | 2012年 | 3室2厅 | 114.21平米 | 南,https://ke-image.ljcdn.com/110000-inspection/54f8fbaf-fec0-4111-b51c-9c6b130950ea_1000.jpg!m_fill,w_280,h_210,f_jpg?from=ke.com
20240229,大兴,大兴新机场,101120894893,众美城  南向两居室  人车分流  电梯入户,235万,28821元/平,中楼层 (共10层) | 2014年 | 2室1厅 | 81.54平米 | 南,https://ke-image.ljcdn.com/110000-inspection/4fda0a85-f6fa-44c0-9678-cfd60a53b5f1_1000.jpg!m_fill,w_280,h_210,f_jpg?from=ke.com
20240229,大兴,大兴新机场,101120886042,南北通透三居室 格局方正 精装修房主自荐,305万,29917元/平,中楼层 (共10层) | 2014年 | 3室2厅 | 101.95平米 | 南 北,https://ke-image.ljcdn.com/110000-inspection/da9caef0-8f93-4313-bc16-d16078b2cbff_1000.jpg!m_fill,w_280,h_210,f_jpg?from=ke.com
20240229,大兴,大兴新机场,101120879047,富力华庭苑东区南北通透三居室业主诚心出售。,279万,27671元/平,顶层 (共9层) | 2014年 | 3室2厅 | 100.83平米 | 南 北,https://ke-image.ljcdn.com/110000-inspection/4ecfefeb-5366-49c7-b268-fdb409340cc1_1000.jpg!m_fill,w_280,h_210,f_jpg?from=ke.com
20240229,大兴,大兴新机场,101120845195,隆盛西园一层两居室南北通透采光充足出行便利,160万,19338元/平,底层 (共6层) | 1999年 | 2室2厅 | 82.74平米 | 南 北,https://ke-image.ljcdn.com/110000-inspection/5f6649ee-8507-432e-82ff-b66f9e5ac2b8_1000.jpg!m_fill,w_280,h_210,f_jpg?from=ke.com
20240229,大兴,大兴新机场,101120823591,隆盛园社区优质三居楼层不高采光充足,238万,18090元/平,顶层 (共4层) | 2002年 | 3室1厅 | 131.57平米 | 南 北,https://ke-image.ljcdn.com/110000-inspection/d72cb951-5843-4bd6-b799-94621c449096_1000.jpg!m_fill,w_280,h_210,f_jpg?from=ke.com
20240229,大兴,大兴新机场,101120790682,众美城 2室1厅 南,235万,28881元/平,低楼层 (共10层) | 2014年 | 2室1厅 | 81.37平米 | 南,https://ke-image.ljcdn.com/110000-inspection/6752237e-211d-4ec1-a282-863755e5b1ef_1000.jpg!m_fill,w_280,h_210,f_jpg?from=ke.com
20240229,大兴,大兴新机场,101120777504,隆盛西园小区满五唯一南北通透采光充足无遮挡配套齐全,179万,21635元/平,高楼层 (共6层) | 1999年 | 2室2厅 | 82.74平米 | 南 北,https://ke-image.ljcdn.com/110000-inspection/2bc65436-18d4-41d3-ac92-4e2d04d4781a_1000.jpg!m_fill,w_280,h_210,f_jpg?from=ke.com
20240229,大兴,大兴新机场,101120769789,富力丹麦小镇D区 洋房平层五居,550万,28366元/平,低楼层 (共6层) | 2011年 | 5室2厅 | 193.9平米 | 南 北,https://ke-image.ljcdn.com/110000-inspection/2a760824-18f4-442f-812c-2345601f82db_1000.jpg!m_fill,w_280,h_210,f_jpg?from=ke.com
20240229,大兴,大兴新机场,101120731957,众美城 精装2居 满五年 看房随时房主自荐,235万,28881元/平,低楼层 (共10层) | 2014年 | 2室1厅 | 81.37平米 | 南,https://ke-image.ljcdn.com/110000-inspection/989b22fc-862c-46d7-911e-8bc7230e8a13_1000.jpg!m_fill,w_280,h_210,f_jpg?from=ke.com
20240229,大兴,大兴新机场,101120714268,御园A区满五年唯一南北通透小区中间位置房主自荐,219万,25817元/平,低楼层 (共15层) | 2012年 | 2室1厅 | 84.83平米 | 南 北,https://ke-image.ljcdn.com/110000-inspection/f3399c1f-af85-4dc2-913b-fae0af892e7f_1000.jpg!m_fill,w_280,h_210,f_jpg?from=ke.com
20240229,大兴,大兴新机场,101120706912,隆盛园社区优质两局南北通透采光充足,161万,18661元/平,顶层 (共4层) | 2001年 | 2室1厅 | 86.28平米 | 南 北,https://ke-image.ljcdn.com/110000-inspection/9a28166b-d3f5-4436-b466-81c47e61686e_1000.jpg!m_fill,w_280,h_210,f_jpg?from=ke.com
20240229,大兴,大兴新机场,101120681500,隆盛园南北通透两居室业主诚心出售看房方便,240万,23660元/平,高楼层 (共6层) | 2003年 | 2室2厅 | 101.44平米 | 南 北,https://ke-image.ljcdn.com/110000-inspection/c2708ce4-82d9-4457-a155-9c4fc69305ce_1000.jpg!m_fill,w_280,h_210,f_jpg?from=ke.com
20240229,大兴,大兴新机场,101120676899,此房有16平米的南向大阳台采光好洋房三居室。,350万,31253元/平,低楼层 (共6层) | 2011年 | 3室2厅 | 111.99平米 | 南,https://ke-image.ljcdn.com/110000-inspection/b1ce188f-b129-4b19-9b1a-45d3fa296b9e_1000.jpg!m_fill,w_280,h_210,f_jpg?from=ke.com
20240229,大兴,大兴新机场,101120667564,隆盛西园小区满五唯一南北通透两居低楼层诚售,165万,19942元/平,底层 (共6层) | 1998年 | 2室2厅 | 82.74平米 | 南 北,https://ke-image.ljcdn.com/110000-inspection/2119d941-bbda-4408-9ef8-cfa249b352ba_1000.jpg!m_fill,w_280,h_210,f_jpg?from=ke.com
20240229,大兴,大兴新机场,101120643429,富力华庭苑西区南北通透三居室业主诚心出售价格可谈,278万,27637元/平,顶层 (共9层) | 2013年 | 3室2厅 | 100.59平米 | 南 北,https://ke-image.ljcdn.com/110000-inspection/9c593e96-074a-4a68-b8a7-49ddfc3c0603_1000.jpg!m_fill,w_280,h_210,f_jpg?from=ke.com
20240229,大兴,大兴新机场,101120499545,御园E区南北向一居室边户满五年唯一中间层,149万,26145元/平,中楼层 (共12层) 1室1厅 | 56.99平米 | 南 北,https://ke-image.ljcdn.com/110000-inspection/8f1247cb-6ebd-4920-b6aa-2705e0ff8ba9_1000.jpg!m_fill,w_280,h_210,f_jpg?from=ke.com
20240229,大兴,大兴新机场,101120433923,龙熙顺景丁区  满五唯一  东南向  全明格局两居室,283万,25192元/平,中楼层 (共8层) 2室1厅 | 112.34平米 | 东 南 北,https://ke-image.ljcdn.com/110000-inspection/1b1dc712-7de3-434c-971f-41ca80605001_1000.jpg!m_fill,w_280,h_210,f_jpg?from=ke.com
20240229,大兴,大兴新机场,101120382762,龙熙顺景丁区 2室1厅 西北新上,380万,30246元/平,中楼层 (共9层) | 2006年 | 2室1厅 | 125.64平米 | 西北,https://ke-image.ljcdn.com/110000-inspection/pc1_EdDc44ghc_1.jpg!m_fill,w_280,h_210,f_jpg?from=ke.com
20240229,大兴,大兴新机场,101120343531,众美城小区  南向2居室  满五唯一 诚心出售,233万,28607元/平,中楼层 (共10层) | 2014年 | 2室1厅 | 81.45平米 | 南,https://ke-image.ljcdn.com/110000-inspection/feef12c6-751a-42c3-92a3-b670a50c03c9_1000.jpg!m_fill,w_280,h_210,f_jpg?from=ke.com
20240229,大兴,大兴新机场,101120339310,富力华庭苑西区 视野好位置好  次顶层,315万,31170元/平,高楼层 (共7层) | 2013年 | 3室1厅 | 101.06平米 | 南 北,https://ke-image.ljcdn.com/110000-inspection/5bb68e0e-4021-45a5-b02d-bfb260c4f7a4_1000.jpg!m_fill,w_280,h_210,f_jpg?from=ke.com
20240229,大兴,大兴新机场,101120251621,御园 C区    2居室  诚心出售,203万,25719元/平,低楼层 (共15层) | 2014年 | 2室1厅 | 78.93平米 | 南 北,https://ke-image.ljcdn.com/110000-inspection/518b7d06-96af-45ef-8e37-ca4f1b4cf062_1000.jpg!m_fill,w_280,h_210,f_jpg?from=ke.com
20240229,大兴,大兴新机场,101120195596,众美城 南北通透 精装三居室干净整洁,265万,29429元/平,中楼层 (共10层) | 2014年 | 3室2厅 | 90.05平米 | 南 北,https://ke-image.ljcdn.com/110000-inspection/703e7d2c-2e1d-4476-a817-73d6f8ee9ee2_1000.jpg!m_fill,w_280,h_210,f_jpg?from=ke.com
20240229,大兴,大兴新机场,101120111965,高楼层电梯板楼视野采光无遮挡,178万,22679元/平,高楼层 (共15层) | 2012年 | 2室1厅 | 78.49平米 | 南 北,https://ke-image.ljcdn.com/110000-inspection/17b8909f-0bb0-46a4-bba0-cc85946bee44_1000.jpg!m_fill,w_280,h_210,f_jpg?from=ke.com
20240229,大兴,大兴新机场,101120084295,天恒旭辉7号院 限价商品房住宅 满五唯一,205万,26538元/平,中楼层 (共10层) 2室1厅 | 77.25平米 | 东 西,https://ke-image.ljcdn.com/110000-inspection/51f9a8a3-df97-4d08-adda-67bb00ca0f0c_1000.jpg!m_fill,w_280,h_210,f_jpg?from=ke.com
20240229,大兴,大兴新机场,101120041756,隆盛东园满五唯一一层全明格局南北两居,200万,22470元/平,底层 (共4层) | 2001年 | 2室1厅 | 89.01平米 | 南 北,https://ke-image.ljcdn.com/110000-inspection/f2f33141-1116-4dee-9030-82c0e405ce50_1000.jpg!m_fill,w_280,h_210,f_jpg?from=ke.com
20240229,大兴,大兴新机场,101119982596,御园C区南北通透电梯两居户型方正精装修,197万,22029元/平,中楼层 (共15层) | 2014年 | 2室1厅 | 89.43平米 | 南 北,https://ke-image.ljcdn.com/110000-inspection/87d18a20-525c-4500-8aff-ddc834eccc93_1000.jpg!m_fill,w_280,h_210,f_jpg?from=ke.com
20240229,大兴,大兴新机场,101119953268,龙景湾丁区精装大三居电梯房停车免费,429万,25394元/平,低楼层 (共12层) 3室2厅 | 168.94平米 | 西 南 北,https://ke-image.ljcdn.com/110000-inspection/pc1_xLhHlu1UY.jpg!m_fill,w_280,h_210,f_jpg?from=ke.com
20240229,大兴,大兴新机场,101119904512,中间楼层 南北通透三居室一梯两户电梯板楼,275万,29535元/平,中楼层 (共9层) | 2014年 | 3室1厅 | 93.11平米 | 南 北,https://ke-image.ljcdn.com/110000-inspection/a0d38531-ae09-4394-9f2f-3bb12045c5e7_1000.jpg!m_fill,w_280,h_210,f_jpg?from=ke.com
20240229,大兴,大兴新机场,101119901089,富力华庭苑东区精装修中高楼层两居室,236万,30126元/平,高楼层 (共9层) | 2014年 | 2室1厅 | 78.34平米 | 东 西南,https://ke-image.ljcdn.com/110000-inspection/9fcfd457-8bf1-463f-9296-08f57fda6e91_1000.jpg!m_fill,w_280,h_210,f_jpg?from=ke.com
20240229,大兴,大兴新机场,101119891995,富力华庭苑西区 两居室满五唯一,245万,31654元/平,低楼层 (共9层) | 2013年 | 2室2厅 | 77.4平米 | 东 西,https://ke-image.ljcdn.com/110000-inspection/1d832a79-143f-4bba-aaa4-6c19c062fe91_1000.jpg!m_fill,w_280,h_210,f_jpg?from=ke.com
20240229,大兴,大兴新机场,101119740989,隆盛园东区南北通透采光充足无遮挡 配套设施齐全,325万,23982元/平,底层 (共6层) | 2003年 | 3室2厅 | 135.52平米 | 南 北,https://ke-image.ljcdn.com/110000-inspection/cf006d73-379b-4d4e-8a88-f32108b81933_1000.jpg!m_fill,w_280,h_210,f_jpg?from=ke.com
20240229,大兴,大兴新机场,101119703842,高楼层 视野采光无影响两室双卫,215万,20100元/平,中楼层 (共12层) | 2005年 | 2室1厅 | 106.97平米 | 南 北,https://ke-image.ljcdn.com/110000-inspection/pc1_K8cXQRWHi.jpg!m_fill,w_280,h_210,f_jpg?from=ke.com
20240229,大兴,大兴新机场,101119685679,满五唯一精装修中间楼层南北通透,309万,30716元/平,中楼层 (共9层) | 2013年 | 3室1厅 | 100.6平米 | 南 北,https://ke-image.ljcdn.com/110000-inspection/2f14e2bc-c8d0-4714-8221-76dd4f3cf907_1000.jpg!m_fill,w_280,h_210,f_jpg?from=ke.com
20240229,大兴,大兴新机场,101119654563,非顶层 格局方正南北通透三居室,288万,29218元/平,高楼层 (共10层) | 2014年 | 3室1厅 | 98.57平米 | 南 北,https://ke-image.ljcdn.com/110000-inspection/7dfe3a60-d2f0-4409-af08-18aeb9f0c837_1000.jpg!m_fill,w_280,h_210,f_jpg?from=ke.com
20240229,大兴,大兴新机场,101119602202,隆盛园东区 户型方正 南北通透采光好 业主诚心出售,190万,21455元/平,顶层 (共4层) | 2002年 | 2室1厅 | 88.56平米 | 南 北,https://ke-image.ljcdn.com/110000-inspection/62d6224b-7259-439a-b3e3-fb50df954726_1000.jpg!m_fill,w_280,h_210,f_jpg?from=ke.com
20240229,大兴,大兴新机场,101119384748,富力华庭苑西区 三居双卫 视野好对花园 没住过,295万,29427元/平,低楼层 (共9层) | 2013年 | 3室2厅 | 100.25平米 | 南 北,https://ke-image.ljcdn.com/110000-inspection/6b8b9522-e519-4bbc-9af1-18e0e8b16b0a_1000.jpg!m_fill,w_280,h_210,f_jpg?from=ke.com
20240229,大兴,大兴新机场,101119360034,中上楼层视野采光无遮挡诚心出售,360万,28540元/平,中楼层 (共10层) | 2014年 | 3室1厅 | 126.14平米 | 南 北,https://ke-image.ljcdn.com/110000-inspection/e6b03bd8-5e92-4416-8e76-a31f7962239a_1000.jpg!m_fill,w_280,h_210,f_jpg?from=ke.com
20240229,大兴,大兴新机场,101119185121,众美城满五年唯一两居电梯房诚心出售,208万,25538元/平,高楼层 (共10层) | 2014年 | 2室1厅 | 81.45平米 | 南,https://ke-image.ljcdn.com/110000-inspection/6d071785-8d1d-4362-a160-092f9f12707c_1000.jpg!m_fill,w_280,h_210,f_jpg?from=ke.com
20240229,大兴,大兴新机场,101119174242,御园A区 满五年唯一住房 南北通透,215万,25357元/平,顶层 (共15层) | 2012年 | 2室1厅 | 84.79平米 | 南 北,https://ke-image.ljcdn.com/110000-inspection/00341cf2-e729-410c-8929-28c72ce50800_1000.jpg!m_fill,w_280,h_210,f_jpg?from=ke.com
20240229,大兴,大兴新机场,101119125895,隆盛园小区南北朝向低楼层满五年唯一商品房,175万,21151元/平,低楼层 (共6层) | 1999年 | 2室1厅 | 82.74平米 | 南 北,https://ke-image.ljcdn.com/110000-inspection/9ea2734d-72c2-4e87-8b15-eee1791739b4_1000.jpg!m_fill,w_280,h_210,f_jpg?from=ke.com
20240229,大兴,大兴新机场,101119067901,隆盛东园满五唯一南北通透采光充足无遮挡配套设施齐,208万,22145元/平,高楼层 (共6层) | 2004年 | 2室2厅 | 93.93平米 | 南 北,https://ke-image.ljcdn.com/110000-inspection/c24faf87-c1d0-4158-b2ac-54e60a1b94fd_1000.jpg!m_fill,w_280,h_210,f_jpg?from=ke.com
20240229,大兴,大兴新机场,101119061080,富力丹麦小镇D区  南北通透大五居,505万,27147元/平,低楼层 (共11层) | 2012年 | 5室1厅 | 186.03平米 | 南 北,https://ke-image.ljcdn.com/110000-inspection/80777c8d-0c5a-41da-af9a-bfa66ef731a9_1000.jpg!m_fill,w_280,h_210,f_jpg?from=ke.com
20240229,大兴,大兴新机场,101119001853,朝南两居室诚心出售有钥匙。,199万,26299元/平,低楼层 (共14层) | 2014年 | 2室1厅 | 75.67平米 | 南,https://ke-image.ljcdn.com/110000-inspection/pc1_xz0VaExDo.jpg!m_fill,w_280,h_210,f_jpg?from=ke.com
20240229,大兴,大兴新机场,101118918450,高楼层 视野采光无影响诚心出售,202万,26945元/平,高楼层 (共15层) | 2014年 | 2室1厅 | 74.97平米 | 南 北,https://ke-image.ljcdn.com/110000-inspection/pc1_cK35uJAWR.jpg!m_fill,w_280,h_210,f_jpg?from=ke.com
20240229,大兴,大兴新机场,101118878338,此房位于中间楼层南北通透满五唯一看房方便。,305万,29650元/平,中楼层 (共12层) 3室1厅 | 102.87平米 | 南 北,https://ke-image.ljcdn.com/110000-inspection/e0ec967d-b4ba-41a4-8bf7-19f985e1a362_1000.jpg!m_fill,w_280,h_210,f_jpg?from=ke.com
20240229,大兴,大兴新机场,101118724114,富力华庭苑西区东南朝向两居室中间楼层视野好,285万,31983元/平,中楼层 (共9层) | 2013年 | 2室1厅 | 89.11平米 | 东南,https://ke-image.ljcdn.com/110000-inspection/845ed814-2f6c-4bc5-b710-f3f09e267fbf_1000.jpg!m_fill,w_280,h_210,f_jpg?from=ke.com
20240229,大兴,大兴新机场,101118712941,南北通透两居室客厅带阳台前后无遮挡,208万,23212元/平,中楼层 (共15层) | 2014年 | 2室1厅 | 89.61平米 | 南 北,https://ke-image.ljcdn.com/110000-inspection/2a65a119-126a-4714-bb04-3b74544fb738_1000.jpg!m_fill,w_280,h_210,f_jpg?from=ke.com
20240229,大兴,大兴新机场,101118646708,富力丹麦小镇D区南向电梯精装两居室,280万,27323元/平,中楼层 (共12层) | 2011年 | 2室2厅 | 102.48平米 | 南,https://ke-image.ljcdn.com/110000-inspection/4342b3fc-630d-4aa1-b301-4e4c7859c764_1000.jpg!m_fill,w_280,h_210,f_jpg?from=ke.com
20240229,大兴,大兴新机场,101118637679,富力华庭苑东区中间楼层精装修三居,310万,30764元/平,中楼层 (共9层) | 2014年 | 3室2厅 | 100.77平米 | 南 北,https://ke-image.ljcdn.com/110000-inspection/08fe5068-5dc4-42d1-aebc-fc3c4bbe2ea5_1000.jpg!m_fill,w_280,h_210,f_jpg?from=ke.com
20240229,大兴,大兴新机场,101118608853,隆盛西园小区满五唯一好楼层精装修南北通透,180万,20911元/平,低楼层 (共6层) | 2001年 | 2室1厅 | 86.08平米 | 南 北,https://ke-image.ljcdn.com/110000-inspection/aaac04f3-deeb-43df-a644-b595f537a5b2_1000.jpg!m_fill,w_280,h_210,f_jpg?from=ke.com
20240229,大兴,大兴新机场,101118575151,众美城 精装3居 满五年唯一 南北通透,330万,26112元/平,顶层 (共10层) | 2014年 | 3室1厅 | 126.38平米 | 南 北,https://ke-image.ljcdn.com/110000-inspection/86f6e3c7-a557-4555-969c-247fea150132_1000.jpg!m_fill,w_280,h_210,f_jpg?from=ke.com
20240229,大兴,大兴新机场,101118574491,隆盛东园南北通透采光充足无遮挡配套设施齐全出行方便房主自荐,192万,22254元/平,顶层 (共4层) 2室1厅 | 86.28平米 | 南 北,https://ke-image.ljcdn.com/110000-inspection/pc1_S0Ll2BqLD.jpg!m_fill,w_280,h_210,f_jpg?from=ke.com
20240229,大兴,大兴新机场,101118568891,众美城  精装修三居室  一梯两户 人车分流房主自荐,368万,29098元/平,中楼层 (共9层) | 2014年 | 3室2厅 | 126.47平米 | 南 北,https://ke-image.ljcdn.com/110000-inspection/fd5699d7-d3ad-4253-a28c-e5162c4d8a00_1000.jpg!m_fill,w_280,h_210,f_jpg?from=ke.com
20240229,大兴,大兴新机场,101118553696,众美城 南北通透3居 满五年唯一住房,275万,30692元/平,低楼层 (共11层) | 2014年 | 3室1厅 | 89.6平米 | 南 北,https://ke-image.ljcdn.com/110000-inspection/d9ae891c-2bea-46f3-9558-a29624394e31_1000.jpg!m_fill,w_280,h_210,f_jpg?from=ke.com
20240229,大兴,大兴新机场,101118512058,众美城满五年唯一精装小三居南北通透,245万,27302元/平,顶层 (共10层) | 2014年 | 3室1厅 | 89.74平米 | 南 北,https://ke-image.ljcdn.com/110000-inspection/8ee3e0f3-adbf-449f-8842-d6fbb847942c_1000.jpg!m_fill,w_280,h_210,f_jpg?from=ke.com
20240229,大兴,大兴新机场,101118385475,御园E区 南北通透两居 电梯板楼,205万,24994元/平,低楼层 (共12层) | 2012年 | 2室1厅 | 82.02平米 | 南 北,https://ke-image.ljcdn.com/110000-inspection/3be67f99-9bd6-45d1-9512-71c4dc3d853e_1000.jpg!m_fill,w_280,h_210,f_jpg?from=ke.com
20240229,大兴,大兴新机场,101118352175,富力丹麦小镇D区 洋房中高层边户 满五唯一 客厅5米宽,530万,28648元/平,中楼层 (共8层) | 2012年 | 4室2厅 | 185.01平米 | 南 北,https://ke-image.ljcdn.com/110000-inspection/eb3b799e-63da-41c4-9773-4c8f2eedb0c9_1000.jpg!m_fill,w_280,h_210,f_jpg?from=ke.com
20240229,大兴,大兴新机场,101118254328,隆盛东园满五唯一南北通透采光充足无遮挡配套设施齐全,195万,20761元/平,中楼层 (共6层) | 2004年 | 2室2厅 | 93.93平米 | 南 北,https://ke-image.ljcdn.com/110000-inspection/pc1_jivsRpRf1.jpg!m_fill,w_280,h_210,f_jpg?from=ke.com
20240229,大兴,大兴新机场,101118247534,富力华庭苑东区南北三居室满五唯一拎包入住,295万,29310元/平,低楼层 (共9层) 3室2厅 | 100.65平米 | 南 北,https://ke-image.ljcdn.com/110000-inspection/pc1_vm2UgWbMM.jpg!m_fill,w_280,h_210,f_jpg?from=ke.com
20240229,大兴,大兴新机场,101118242835,龙熙顺景丁区满五年唯一电梯入户人车分流小区,348万,19263元/平,低楼层 (共15层) | 2005年 | 3室2厅 | 180.66平米 | 东 西 北,https://ke-image.ljcdn.com/110000-inspection/01e007e5-0f99-4154-ba0f-856aaddd8e18_1000.jpg!m_fill,w_280,h_210,f_jpg?from=ke.com
20240229,大兴,大兴新机场,101118239947,南北H户型前后无遮挡格局方正,208万,24543元/平,高楼层 (共15层) | 2012年 | 2室2厅 | 84.75平米 | 南 北,https://ke-image.ljcdn.com/110000-inspection/34d16ef7-4636-4d3a-bc36-c32b782de9c4_1000.jpg!m_fill,w_280,h_210,f_jpg?from=ke.com
20240229,大兴,大兴新机场,101118197531,富力丹麦小镇D区 富力洋房三居室方正户型格局好,428万,31409元/平,低楼层 (共6层) 3室2厅 | 136.27平米 | 南 北,https://ke-image.ljcdn.com/110000-inspection/3344af03-6f63-4af9-89d9-2386fd986fb8_1000.jpg!m_fill,w_280,h_210,f_jpg?from=ke.com
20240229,大兴,大兴新机场,101118077947,众美城 带电梯纯南两居 精装修,240万,29466元/平,中楼层 (共10层) | 2014年 | 2室2厅 | 81.45平米 | 南,https://ke-image.ljcdn.com/110000-inspection/39896d28-07c6-4e40-a7b7-089e5a7536e9_1000.jpg!m_fill,w_280,h_210,f_jpg?from=ke.com
20240229,大兴,大兴新机场,101118054231,首层边户南北通透格局方正。,206万,24190元/平,底层 (共15层) | 2012年 | 2室1厅 | 85.16平米 | 南 北,https://ke-image.ljcdn.com/110000-inspection/51df0956-a15f-4dd2-8c64-7979e716341d_1000.jpg!m_fill,w_280,h_210,f_jpg?from=ke.com
20240229,大兴,大兴新机场,101117951545,御园A区  南北通透2居室  诚心出售,220万,25916元/平,高楼层 (共15层) | 2012年 | 2室1厅 | 84.89平米 | 南 北,https://ke-image.ljcdn.com/110000-inspection/c396ebda-f83e-46dd-9c83-42ef69692237_1000.jpg!m_fill,w_280,h_210,f_jpg?from=ke.com
20240229,大兴,大兴新机场,101117900574,富力丹麦小镇D区 全新未入住 低密别墅区 采光好,355万,27535元/平,低楼层 (共11层) | 2012年 | 3室1厅 | 128.93平米 | 南 北,https://ke-image.ljcdn.com/110000-inspection/e91ef8e6-95a4-4c8e-bde2-ea67dd30b4c5_1000.jpg!m_fill,w_280,h_210,f_jpg?from=ke.com
20240229,大兴,大兴新机场,101117824215,众美城2居室 朝南户型 诚心出售,235万,28853元/平,高楼层 (共10层) | 2014年 | 2室1厅 | 81.45平米 | 南,https://ke-image.ljcdn.com/110000-inspection/85a8a382-6c1a-4390-8562-2e7d075cf1bb_1000.jpg!m_fill,w_280,h_210,f_jpg?from=ke.com
20240229,大兴,大兴新机场,101117815538,御园B区  3居室  诚心出售 满五唯一,275万,24587元/平,顶层 (共15层) | 2012年 | 3室1厅 | 111.85平米 | 南 北,https://ke-image.ljcdn.com/110000-inspection/9c6a1969-882b-4687-8c7e-de23e4885b39_1000.jpg!m_fill,w_280,h_210,f_jpg?from=ke.com
20240229,大兴,大兴新机场,101117755788,御园A区 电梯 三居两卫大三居,293万,23520元/平,底层 (共13层) | 2014年 | 3室2厅 | 124.58平米 | 南 北,https://ke-image.ljcdn.com/110000-inspection/6847b0e4-d498-472a-b308-c63f0e5cf464_1000.jpg!m_fill,w_280,h_210,f_jpg?from=ke.com
20240229,大兴,大兴新机场,101117699949,御园C区  1居室  南北通透 全明格局,152万,25087元/平,底层 (共15层) | 2014年 | 1室1厅 | 60.59平米 | 南 北,https://ke-image.ljcdn.com/110000-inspection/d1f7af41-6668-4b81-bdc4-f9e88219fdda_1000.jpg!m_fill,w_280,h_210,f_jpg?from=ke.com
20240229,大兴,大兴新机场,101117651425,隆盛园此房东南北三个朝向采光充足无遮挡配套设施齐全,165万,26631元/平,低楼层 (共6层) | 2003年 | 1室1厅 | 61.96平米 | 东南,https://ke-image.ljcdn.com/110000-inspection/pc1_cmIXZhyyh_1.jpg!m_fill,w_280,h_210,f_jpg?from=ke.com
20240229,大兴,大兴新机场,101117557045,富力华庭苑东区南北三居室满五唯一视野开阔,279万,27756元/平,低楼层 (共9层) | 2014年 | 3室1厅 | 100.52平米 | 南 北,https://ke-image.ljcdn.com/110000-inspection/9ae9453c-ac99-4901-95c1-de4cb16ce09c_1000.jpg!m_fill,w_280,h_210,f_jpg?from=ke.com
20240229,大兴,大兴新机场,101117517009,隆盛东园中间楼层南北通透三居室,285万,21170元/平,中楼层 (共6层) | 2003年 | 3室2厅 | 134.63平米 | 南 北,https://ke-image.ljcdn.com/110000-inspection/c485461e-e335-419c-942b-97f29c707ce7_1000.jpg!m_fill,w_280,h_210,f_jpg?from=ke.com
20240229,大兴,大兴新机场,101117339272,富力华庭苑西区东西朝向中间楼层精装修两居室,250万,32151元/平,中楼层 (共7层) | 2013年 | 2室1厅 | 77.76平米 | 东 西,https://ke-image.ljcdn.com/110000-inspection/pc1_arhND4RVS.jpg!m_fill,w_280,h_210,f_jpg?from=ke.com
20240229,大兴,大兴新机场,101117290125,众美城  满五唯一 南北向三居室 人车分流,384万,30323元/平,中楼层 (共9层) | 2014年 | 3室2厅 | 126.64平米 | 北 南,https://ke-image.ljcdn.com/110000-inspection/f2b0ad2f-77a5-46d9-9304-7207e88907f8_1000.jpg!m_fill,w_280,h_210,f_jpg?from=ke.com
20240229,大兴,大兴新机场,101117279144,众美城 南北通透三居室格局方正前后无遮挡,365万,28861元/平,高楼层 (共9层) | 2014年 | 3室2厅 | 126.47平米 | 南 北,https://ke-image.ljcdn.com/110000-inspection/37e06146-243f-4870-b235-b9bdaf742c1a_1000.jpg!m_fill,w_280,h_210,f_jpg?from=ke.com
20240229,大兴,大兴新机场,101117148199,富力华庭苑西区精装修无遮挡看房方便诚意出售房主自荐,288万,32320元/平,高楼层 (共9层) | 2013年 | 3室1厅 | 89.11平米 | 西南,https://ke-image.ljcdn.com/110000-inspection/d59af3a7-52a7-4b13-b6f2-b53cb24b1c2f_1000.jpg!m_fill,w_280,h_210,f_jpg?from=ke.com
20240229,大兴,大兴新机场,101117093426,隆盛西园 南北通透 采光好 视野好,220万,22891元/平,中楼层 (共5层) | 2001年 | 2室1厅 | 96.11平米 | 南 北,https://ke-image.ljcdn.com/110000-inspection/4c1122da-55aa-489a-8ec9-f3f5b2e37723_1000.jpg!m_fill,w_280,h_210,f_jpg?from=ke.com
20240229,大兴,大兴新机场,101116977430,隆盛园社区 南北通透三居 看房方便,279万,20650元/平,高楼层 (共6层) | 2004年 | 3室2厅 | 135.11平米 | 南 北,https://ke-image.ljcdn.com/110000-inspection/9f339293-da0a-444f-94f9-64edba061dc7_1000.jpg!m_fill,w_280,h_210,f_jpg?from=ke.com
20240229,大兴,大兴新机场,101116942194,富力丹麦小镇D区 电梯小高层 精装边户房主自荐,370万,27162元/平,高楼层 (共11层) | 2011年 | 3室2厅 | 136.22平米 | 南 北,https://ke-image.ljcdn.com/110000-inspection/a3d99fa3-703c-4edd-81f8-b5e370dab61b_1000.jpg!m_fill,w_280,h_210,f_jpg?from=ke.com
20240229,大兴,大兴新机场,101116865130,富力华庭苑西区精装修下跃户型 2014年人车分流,520万,32293元/平,底层 (共9层) | 2013年 | 4室2厅 | 161.03平米 | 北 南,https://ke-image.ljcdn.com/110000-inspection/b923e94e-dacd-479c-afe3-4eb30f861132_1000.jpg!m_fill,w_280,h_210,f_jpg?from=ke.com
20240229,大兴,大兴新机场,101116854434,富力华庭苑东区  南北通透 采光好,270万,26901元/平,低楼层 (共9层) | 2014年 | 3室1厅 | 100.37平米 | 南 北,https://ke-image.ljcdn.com/110000-inspection/65db3af3-324f-47a1-a843-6af286f28008_1000.jpg!m_fill,w_280,h_210,f_jpg?from=ke.com
20240229,大兴,大兴新机场,101116831478,富力华庭苑东区精装南北通透三居室,289万,28760元/平,顶层 (共9层) | 2014年 | 3室2厅 | 100.49平米 | 南 北,https://ke-image.ljcdn.com/110000-inspection/74fe4093-bc1d-4f27-86a3-3bc0b8246a81_1000.jpg!m_fill,w_280,h_210,f_jpg?from=ke.com
20240229,大兴,大兴新机场,101116663199,龙熙顺景乙区    诚心出售   看房方便,734万,34643元/平,底层 (共4层) | 2005年 | 4室1厅 | 211.88平米 | 南 北,https://ke-image.ljcdn.com/110000-inspection/pc1_yWJ00aBA7.jpg!m_fill,w_280,h_210,f_jpg?from=ke.com
20240229,大兴,大兴新机场,101116604043,精装上叠边户大面宽采光好诚意出售,578万,38198元/平,中楼层 (共4层) | 2014年 | 4室2厅 | 151.32平米 | 南 西 北,https://ke-image.ljcdn.com/110000-inspection/pc1_b2BN0xKMA.jpg!m_fill,w_280,h_210,f_jpg?from=ke.com
20240229,大兴,大兴新机场,101116571401,富力华庭苑东区满五唯一高层非顶层通风采光好,319万,31591元/平,高楼层 (共9层) | 2014年 | 3室2厅 | 100.98平米 | 南 北,https://ke-image.ljcdn.com/110000-inspection/1ee4e8dd-73d6-4dfd-b88e-e563819bcb49_1000.jpg!m_fill,w_280,h_210,f_jpg?from=ke.com
20240229,大兴,大兴新机场,101116560294,隆盛东园带电梯电梯房南北通透两居室户型好,210万,22601元/平,中楼层 (共6层) | 2003年 | 2室1厅 | 92.92平米 | 南 北,https://ke-image.ljcdn.com/110000-inspection/9c733abf-3564-4d46-9bbb-a1b5230e2d4d_1000.jpg!m_fill,w_280,h_210,f_jpg?from=ke.com
20240229,大兴,大兴新机场,101116418307,富力华庭苑东区 4室2厅 南 北,515万,31940元/平,底层 (共9层) | 2014年 | 4室2厅 | 161.24平米 | 南 北,https://ke-image.ljcdn.com/110000-inspection/a3f1fabc-f188-48d9-abc8-a7caffdb6d76_1000.jpg!m_fill,w_280,h_210,f_jpg?from=ke.com
20240229,大兴,大兴新机场,101116403916,富力华庭苑西区 2014年电梯落地窗 得房85%,230万,29371元/平,中楼层 (共8层) | 2013年 | 2室1厅 | 78.31平米 | 西北 东,https://ke-image.ljcdn.com/110000-inspection/06c7e318-769a-411b-a356-b1eb71b1772f_1000.jpg!m_fill,w_280,h_210,f_jpg?from=ke.com
20240229,大兴,大兴新机场,101116188859,上叠别墅 客厅面宽6.4米 精装修不临街。,500万,33452元/平,中楼层 (共4层) | 2013年 | 4室1厅 | 149.47平米 | 南 北,https://ke-image.ljcdn.com/110000-inspection/pc1_MqESdfJEb.jpg!m_fill,w_280,h_210,f_jpg?from=ke.com
20240229,大兴,大兴新机场,101116092574,龙熙顺景甲区  业主诚心出售 满五唯一,526万,25930元/平,中楼层 (共4层) | 2006年 | 4室2厅 | 202.86平米 | 南 北,https://ke-image.ljcdn.com/110000-inspection/5a41de6f-37dd-4052-8fc5-126d7ce1a09d_1000.jpg!m_fill,w_280,h_210,f_jpg?from=ke.com
20240229,大兴,大兴新机场,101116029683,富力丹麦小镇D区 大阳台户型舒适度高房主自荐,260万,26184元/平,中楼层 (共11层) | 2012年 | 2室2厅 | 99.3平米 | 南,https://ke-image.ljcdn.com/110000-inspection/f9e48403-c051-458b-bbe3-7b59cb2c2fd3_1000.jpg!m_fill,w_280,h_210,f_jpg?from=ke.com
20240229,大兴,大兴新机场,101115873146,大兴区庞各庄镇隆盛园小区东园。房主自荐,205万,21825元/平,中楼层 (共6层) | 2004年 | 2室1厅 | 93.93平米 | 南 北,https://ke-image.ljcdn.com/110000-inspection/pc1_ZDPpt0lPJ.jpg!m_fill,w_280,h_210,f_jpg?from=ke.com
20240229,大兴,大兴新机场,101115856586,富力丹麦小镇C区 自住上叠别墅 带平台视野好 小区幽静,550万,35608元/平,中楼层 (共4层) | 2012年 | 4室2厅 | 154.46平米 | 南 北,https://ke-image.ljcdn.com/110000-inspection/c01503d5-7588-4a84-9945-995f1295a38f_1000.jpg!m_fill,w_280,h_210,f_jpg?from=ke.com
20240229,大兴,大兴新机场,101115514131,御园E区 简装朝南向1居 满五年看房随时,142万,25417元/平,中楼层 (共12层) | 2014年 | 1室1厅 | 55.87平米 | 南,https://ke-image.ljcdn.com/110000-inspection/45ec8d3a-5782-4821-96f8-5e86ca901cd4_1000.jpg!m_fill,w_280,h_210,f_jpg?from=ke.com
20240229,大兴,大兴新机场,101115492322,御园B区  南北通透 2居室 精装修,235万,26447元/平,中楼层 (共15层) | 2014年 | 2室1厅 | 88.86平米 | 南 北,https://ke-image.ljcdn.com/110000-inspection/pc1_2VJCgiAy9_1.jpg!m_fill,w_280,h_210,f_jpg?from=ke.com
20240229,大兴,大兴新机场,101115252439,此房为南北通透的三居室满五年唯一精装修交房,385万,29636元/平,中楼层 (共12层) | 2012年 | 3室1厅 | 129.91平米 | 南 北,https://ke-image.ljcdn.com/110000-inspection/pc1_dBeYDzwxS_1.jpg!m_fill,w_280,h_210,f_jpg?from=ke.com
20240229,大兴,大兴新机场,101115181894,御园A区 3室1厅 南 北,318万,25496元/平,底层 (共15层) | 2014年 | 3室1厅 | 124.73平米 | 南 北,https://ke-image.ljcdn.com/110000-inspection/0298e215-00bb-45ec-b5ed-0abfa2a64d98_1000.jpg!m_fill,w_280,h_210,f_jpg?from=ke.com
20240229,大兴,大兴新机场,101115066261,富力丹麦小镇D区南向2居室诚意出售,265万,25859元/平,低楼层 (共12层) | 2011年 | 2室1厅 | 102.48平米 | 南,https://ke-image.ljcdn.com/110000-inspection/418644ae-0251-43b5-8854-e1ee5d8926ad_1000.jpg!m_fill,w_280,h_210,f_jpg?from=ke.com
20240229,大兴,大兴新机场,101115039557,南北通透采光充足 视野开阔 无遮挡 满五唯一。,160万,19338元/平,顶层 (共6层) | 1999年 | 2室1厅 | 82.74平米 | 南 北,https://ke-image.ljcdn.com/110000-inspection/92c03de0-1b09-4cfd-82d5-bbc4278624d3_1000.jpg!m_fill,w_280,h_210,f_jpg?from=ke.com
20240229,大兴,大兴新机场,101114963532,龙熙顺景丁区 精装两居 带电梯房主自荐,260万,23145元/平,中楼层 (共8层) 2室2厅 | 112.34平米 | 东南 北,https://ke-image.ljcdn.com/110000-inspection/bad045d5-608d-4939-a4d0-4ba297871324_1000.jpg!m_fill,w_280,h_210,f_jpg?from=ke.com
20240229,大兴,大兴新机场,101114936189,富力华庭苑东区精装修两居室出售,275万,30796元/平,低楼层 (共9层) | 2014年 | 2室1厅 | 89.3平米 | 西南,https://ke-image.ljcdn.com/110000-inspection/04e3b602-d30d-47f9-8076-e8d044712193_1000.jpg!m_fill,w_280,h_210,f_jpg?from=ke.com
20240229,大兴,大兴新机场,101114893798,御园C区精装南向一居室中间楼层随时签约,168万,28398元/平,中楼层 (共15层) | 2014年 | 1室1厅 | 59.16平米 | 南,https://ke-image.ljcdn.com/110000-inspection/pc1_HZexonuMd.jpg!m_fill,w_280,h_210,f_jpg?from=ke.com
20240229,大兴,大兴新机场,101114843667,此房满五唯一中楼层诚心卖价格可谈,142万,20441元/平,中楼层 (共6层) | 2002年 | 1室1厅 | 69.47平米 | 东 西,https://ke-image.ljcdn.com/110000-inspection/f2de6838-b61e-438b-9256-4be76ec4d27f_1000.jpg!m_fill,w_280,h_210,f_jpg?from=ke.com
20240229,大兴,大兴新机场,101114833013,御园D区 2居室  南北通透 满五唯一,203万,29096元/平,中楼层 (共15层) | 2014年 | 2室1厅 | 69.77平米 | 南 北,https://ke-image.ljcdn.com/110000-inspection/pc1_EBVXuaAN4_1.jpg!m_fill,w_280,h_210,f_jpg?from=ke.com
20240229,大兴,大兴新机场,101114810541,隆盛园精装修小户型诚意出售看房方便,165万,26541元/平,高楼层 (共6层) | 2003年 | 1室1厅 | 62.17平米 | 东南 北,https://ke-image.ljcdn.com/110000-inspection/pc1_mAFuA3lyy_1.jpg!m_fill,w_280,h_210,f_jpg?from=ke.com
20240229,大兴,大兴新机场,101114640364,御园A区南北通透精装两居室低密度洋房,220万,25774元/平,底层 (共8层) | 2014年 | 2室1厅 | 85.36平米 | 南 北,https://ke-image.ljcdn.com/110000-inspection/e090d7bc-b835-483b-a6a5-e174eb0f5d7c_1000.jpg!m_fill,w_280,h_210,f_jpg?from=ke.com
20240229,大兴,大兴新机场,101114577995,龙熙顺景丁区 视野好 环境好 大平层,375万,22190元/平,中楼层 (共12层) | 2006年 | 3室2厅 | 169平米 | 东 西 北,https://ke-image.ljcdn.com/110000-inspection/0ea2748e-ab6f-4f35-bff4-4dcc812e723a_1000.jpg!m_fill,w_280,h_210,f_jpg?from=ke.com
20240229,大兴,大兴新机场,101114530600,御园B区  2居室 满五唯一 精装修,230万,25728元/平,中楼层 (共15层) | 2012年 | 2室1厅 | 89.4平米 | 南 北,https://ke-image.ljcdn.com/110000-inspection/5ce7f408-5813-483f-ad5d-0ffcca402a3b_1000.jpg!m_fill,w_280,h_210,f_jpg?from=ke.com
20240229,大兴,大兴新机场,101114453826,御园B区 满五唯一 南北通透两居房主自荐,229万,26926元/平,低楼层 (共15层) | 2014年 | 2室1厅 | 85.05平米 | 南 北,https://ke-image.ljcdn.com/110000-inspection/pc1_0EyShFz31.jpg!m_fill,w_280,h_210,f_jpg?from=ke.com
20240229,大兴,大兴新机场,101114444168,御园C区 人车分流 花园洋房 两居室,203万,25837元/平,顶层 (共15层) | 2014年 | 2室1厅 | 78.57平米 | 南 北,https://ke-image.ljcdn.com/110000-inspection/a833450a-b3e7-4f38-b361-2ffb52a0b9e8_1000.jpg!m_fill,w_280,h_210,f_jpg?from=ke.com
20240229,大兴,大兴新机场,101114374967,御园A区  南北通透2居室  精装修,208万,24529元/平,底层 (共15层) | 2014年 | 2室1厅 | 84.8平米 | 南 北,https://ke-image.ljcdn.com/110000-inspection/pc1_tjW0puMj5_1.jpg!m_fill,w_280,h_210,f_jpg?from=ke.com
20240229,大兴,大兴新机场,101114289112,御园B区  2居室 南北通透 满五唯一,219万,24500元/平,底层 (共15层) | 2014年 | 2室1厅 | 89.39平米 | 南 北,https://ke-image.ljcdn.com/110000-inspection/35623bb8-54ee-4653-8266-df9c9be39c4d_1000.jpg!m_fill,w_280,h_210,f_jpg?from=ke.com
20240229,大兴,大兴新机场,101114243250,富力丹麦小镇D区 满五年唯一全明格局 密度低 南北通透,368万,28286元/平,中楼层 (共12层) | 2012年 | 3室2厅 | 130.1平米 | 南 北,https://ke-image.ljcdn.com/110000-inspection/e5ab37fe-54bd-4c91-92cf-a0eaf6d3220f_1000.jpg!m_fill,w_280,h_210,f_jpg?from=ke.com
20240229,大兴,大兴新机场,101113996181,户型方正 卧室朝阳明厅业主诚心出售,175万,21151元/平,底层 (共6层) | 1999年 | 2室1厅 | 82.74平米 | 南 北,https://ke-image.ljcdn.com/110000-inspection/94b2d739-5658-4d7f-b5bd-bed0027100ed_1000.jpg!m_fill,w_280,h_210,f_jpg?from=ke.com
20240229,大兴,大兴新机场,101113837012,富力丹麦小镇D区  户型方正 南北通透洋房三居室,420万,30562元/平,中楼层 (共12层) | 2012年 | 3室1厅 | 137.43平米 | 南 北,https://ke-image.ljcdn.com/110000-inspection/10f0323c-657f-4eb5-8351-6e6473a75f63_1000.jpg!m_fill,w_280,h_210,f_jpg?from=ke.com
20240229,大兴,大兴新机场,101113536803,富力华庭苑东区 视野开阔南北通透三居室,320万,31883元/平,低楼层 (共9层) | 2014年 | 3室2厅 | 100.37平米 | 南 北,https://ke-image.ljcdn.com/110000-inspection/pc1_07QDKVAcF.jpg!m_fill,w_280,h_210,f_jpg?from=ke.com
20240229,大兴,大兴新机场,101113473176,富力华庭苑西区 南北通透 中间楼层 视野开阔房主自荐,282万,27971元/平,中楼层 (共8层) | 2013年 | 3室1厅 | 100.82平米 | 南 北,https://ke-image.ljcdn.com/110000-inspection/pc1_Mq2YlxVMY.jpg!m_fill,w_280,h_210,f_jpg?from=ke.com
20240229,大兴,大兴新机场,101113394444,隆盛园西区 满五唯一 自住户型好,175万,20330元/平,高楼层 (共6层) | 2001年 | 2室1厅 | 86.08平米 | 南 北,https://ke-image.ljcdn.com/110000-inspection/4d540ab2-613c-4dba-a6a4-58c01dfa0bb9_1000.jpg!m_fill,w_280,h_210,f_jpg?from=ke.com
20240229,大兴,大兴新机场,101113346821,富力华庭苑西区精装修上叠别墅看房方便,520万,34839元/平,中楼层 (共4层) | 2013年 | 4室2厅 | 149.26平米 | 南 北,https://ke-image.ljcdn.com/110000-inspection/pc1_k6tGN2g6e.jpg!m_fill,w_280,h_210,f_jpg?from=ke.com
20240229,大兴,大兴新机场,101113342156,独墅逸致小区精装修南北通透商品房,1298万,55176元/平,底层 (共2层) 3室2厅 | 235.25平米 | 南 北,https://ke-image.ljcdn.com/110000-inspection/9adf8756-5476-4c2a-a07e-65f34356fdbb_1000.jpg!m_fill,w_280,h_210,f_jpg?from=ke.com
20240229,大兴,大兴新机场,101113339845,御园A区 南北三居室 花园洋房,318万,25414元/平,低楼层 (共15层) | 2014年 | 3室2厅 | 125.13平米 | 南 北,https://ke-image.ljcdn.com/110000-inspection/65784f6b-b0d0-4545-b541-1320e2c53042_1000.jpg!m_fill,w_280,h_210,f_jpg?from=ke.com
20240229,大兴,大兴新机场,101113245874,隆盛园西区 满五唯一 双卧朝阳 明厅,167万,19401元/平,顶层 (共6层) | 2001年 | 2室1厅 | 86.08平米 | 南 北,https://ke-image.ljcdn.com/110000-inspection/c3899e0f-ec1d-490a-8ffb-7253084a4b9c_1000.jpg!m_fill,w_280,h_210,f_jpg?from=ke.com
20240229,大兴,大兴新机场,101112980572,御园D区满五年唯一两居室刚需房可随时签约,205万,29383元/平,低楼层 (共15层) | 2014年 | 2室1厅 | 69.77平米 | 南 北,https://ke-image.ljcdn.com/110000-inspection/11e2f7e8-75bf-47de-805c-97fe756c7aed_1000.jpg!m_fill,w_280,h_210,f_jpg?from=ke.com
20240229,大兴,大兴新机场,101112904523,富力丹麦小镇D区高层大三居全明格局,385万,28136元/平,高楼层 (共12层) | 2011年 | 3室1厅 | 136.84平米 | 南 北,https://ke-image.ljcdn.com/110000-inspection/20a4fbe1-4be4-42aa-b6d2-d1095124ca80_1000.jpg!m_fill,w_280,h_210,f_jpg?from=ke.com
20240229,大兴,大兴新机场,101112900937,富力华庭苑东区 精装上叠 全新家具,565万,37705元/平,中楼层 (共4层) | 2014年 | 4室2厅 | 149.85平米 | 南 北,https://ke-image.ljcdn.com/110000-inspection/e79c4324-a445-4876-bc82-fe0c8627bf10_1000.jpg!m_fill,w_280,h_210,f_jpg?from=ke.com
20240229,大兴,大兴新机场,101112884669,富力丹麦小镇D区南北三居全明格局房主自荐,385万,30187元/平,高楼层 (共12层) | 2011年 | 3室2厅 | 127.54平米 | 南 北,https://ke-image.ljcdn.com/110000-inspection/52b2fc71-d5ac-4476-a119-746dd5607303_1000.jpg!m_fill,w_280,h_210,f_jpg?from=ke.com
20240229,大兴,大兴新机场,101112207079,富力华庭苑西区采光好视野佳。,273万,30330元/平,顶层 (共8层) | 2013年 | 2室1厅 | 90.01平米 | 西南,https://ke-image.ljcdn.com/110000-inspection/71832a0e-38da-4cae-928e-d7da6beb6023_1000.jpg!m_fill,w_280,h_210,f_jpg?from=ke.com
20240229,大兴,大兴新机场,101112076909,此房是富力丹麦小镇D区联排别墅 中间户 2012年小区,900万,37390元/平,底层 (共3层) | 2012年 | 7室2厅 | 240.71平米 | 南 北,https://ke-image.ljcdn.com/110000-inspection/39fbb00b-2714-4da5-8012-2cd39515483e_1000.jpg!m_fill,w_280,h_210,f_jpg?from=ke.com
20240229,大兴,大兴新机场,101111660561,富力丹麦小镇D区大四居满五唯一房主自荐,508万,27623元/平,低楼层 (共8层) | 2012年 | 4室2厅 | 183.91平米 | 南 北,https://ke-image.ljcdn.com/110000-inspection/pc1_uMSgeLF2N_1.jpg!m_fill,w_280,h_210,f_jpg?from=ke.com
20240229,大兴,大兴新机场,101111569481,富力丹麦小镇A区独栋别墅满五年花园大,1380万,38163元/平,地下室 (共2层) | 2011年 | 5室2厅 | 361.61平米 | 南 北,https://ke-image.ljcdn.com/110000-inspection/fdbc4805-72a5-4da8-9e17-7af038714439_1000.jpg!m_fill,w_280,h_210,f_jpg?from=ke.com
20240229,大兴,大兴新机场,101111315158,富力丹麦小镇B区精装独栋南入户北花园,1100万,30420元/平,底层 (共2层) | 2011年 | 6室3厅 | 361.61平米 | 南 北,https://ke-image.ljcdn.com/110000-inspection/ff892b0e-43c9-481d-8196-cfd4fa2afe8c_1000.jpg!m_fill,w_280,h_210,f_jpg?from=ke.com
20240229,大兴,大兴新机场,101110339553,商品房满五年 房子状态挺好不错拎包入住,638万,34333元/平,底层 (共4层) | 2012年 | 5室2厅 | 185.83平米 | 南 北,https://ke-image.ljcdn.com/110000-inspection/pc1_LfRR3Wmd2_1.jpg!m_fill,w_280,h_210,f_jpg?from=ke.com
20240229,大兴,大兴新机场,101109607919,纯南朝向两居室眼镜户型格局好视野好,330万,33233元/平,高楼层 (共11层) | 2012年 | 2室1厅 | 99.3平米 | 南,https://ke-image.ljcdn.com/110000-inspection/pc1_tFUmLhPRe_1.jpg!m_fill,w_280,h_210,f_jpg?from=ke.com
20240229,大兴,大兴新机场,101104785519,富力丹麦小镇D区花园洋房南北通透中间楼层。房主自荐,385万,28015元/平,中楼层 (共11层) | 2011年 | 3室2厅 | 137.43平米 | 南 北,https://ke-image.ljcdn.com/110000-inspection/prod-813d99a7-9316-47cc-b3a5-564780620aaf.jpg!m_fill,w_280,h_210,f_jpg?from=ke.com
20240229,大兴,大兴新机场,101123105786,御园E区 南北通透两居 带电梯,185万,24595元/平,高楼层 (共14层) | 2014年 | 2室1厅 | 75.22平米 | 南 北,https://ke-image.ljcdn.com/110000-inspection/944ecd18-ee84-4b8c-8f2c-e23b7fb09d96_1000.jpg!m_fill,w_280,h_210,f_jpg?from=ke.com
20240229,大兴,大兴新机场,101123066622,御园E区 满五唯一 南北通透 高楼层采光好新上,142万,25231元/平,高楼层 (共14层) | 2014年 | 1室1厅 | 56.28平米 | 南 北,https://ke-image.ljcdn.com/110000-inspection/947e8e16-092c-468c-b7d3-220c69b53d21_1000.jpg!m_fill,w_280,h_210,f_jpg?from=ke.com
20240229,大兴,大兴新机场,101123049767,御园C区 2室1厅 南 北新上,205万,22923元/平,底层 (共15层) | 2014年 | 2室1厅 | 89.43平米 | 南 北,https://ke-image.ljcdn.com/110000-inspection/pc1_JYhDtMGjs_1.jpg!m_fill,w_280,h_210,f_jpg?from=ke.com
20240229,大兴,大兴新机场,101123048510,此房是富力丹麦小镇C区叠拼别墅南北花园75平精装自住新上,728万,39119元/平,底层 (共5层) | 2012年 | 5室2厅 | 186.1平米 | 东 南 西 北,https://ke-image.ljcdn.com/110000-inspection/903859e9-f2cc-4ce8-8474-a652bb7b94e8_1000.jpg!m_fill,w_280,h_210,f_jpg?from=ke.com
20240229,大兴,大兴新机场,101123032590,富力华庭苑西区 2室1厅 西南新上,255万,28550元/平,中楼层 (共8层) | 2013年 | 2室1厅 | 89.32平米 | 西南,https://ke-image.ljcdn.com/110000-inspection/dc7b008b-b205-4f4a-84c6-03b76b32f11c_1000.jpg!m_fill,w_280,h_210,f_jpg?from=ke.com
20240229,大兴,大兴新机场,101122988744,富力华庭苑西区南北三居满五唯一采光好次新房新上,289万,28797元/平,顶层 (共9层) | 2013年 | 3室2厅 | 100.36平米 | 南 北,https://ke-image.ljcdn.com/110000-inspection/b6d94a6b-c263-4278-b0a9-ce6a1aa99d44_1000.jpg!m_fill,w_280,h_210,f_jpg?from=ke.com
20240229,大兴,大兴新机场,101122980708,富力丹麦B区独栋别墅格局方正采光充足有花园新上,2600万,43319元/平,底层 (共2层) 9室3厅 | 600.21平米 | 东 南 西 北,https://ke-image.ljcdn.com/110000-inspection/7de8aab4-5f03-47b5-a909-fc5284f0ec8a_1000.jpg!m_fill,w_280,h_210,f_jpg?from=ke.com
20240229,大兴,大兴新机场,101122928383,隆盛西园小区 中间楼层 南北通透,188万,22722元/平,中楼层 (共6层) | 1999年 | 2室2厅 | 82.74平米 | 南 北,https://ke-image.ljcdn.com/110000-inspection/28413a18-6e0f-4416-881e-510de34b6a77_1000.jpg!m_fill,w_280,h_210,f_jpg?from=ke.com
20240229,大兴,大兴新机场,101122686796,富力丹麦小镇C区 下叠别墅 看房方便,698万,37562元/平,底层 (共4层) 5室2厅 | 185.83平米 | 南 北,https://ke-image.ljcdn.com/110000-inspection/473c389f-049a-4761-a15c-692f0dc4dd96_1000.jpg!m_fill,w_280,h_210,f_jpg?from=ke.com
20240229,大兴,大兴新机场,101122623223,龙熙顺景丁区 3室2厅 西南 北,400万,22142元/平,低楼层 (共15层) | 2006年 | 3室2厅 | 180.66平米 | 西南 北,https://ke-image.ljcdn.com/110000-inspection/1689a376-2da3-4485-a0a2-d97cadbad48f_1000.jpg!m_fill,w_280,h_210,f_jpg?from=ke.com
20240229,大兴,大兴新机场,101122456232,独墅逸致 独栋别墅 客厅挑空 花园方正,1180万,44888元/平,底层 (共2层) | 2004年 | 7室2厅 | 262.88平米 | 东 西 北 南,https://ke-image.ljcdn.com/110000-inspection/08c6ee31-0eac-4994-b0a6-f0a66432c88d_1000.jpg!m_fill,w_280,h_210,f_jpg?from=ke.com
20240229,大兴,大兴新机场,101122430681,御园D区  满五唯一  南北向两居室,182万,26030元/平,低楼层 (共15层) | 2014年 | 2室1厅 | 69.92平米 | 南 北,https://ke-image.ljcdn.com/110000-inspection/631f19f3-9e97-4881-8673-892b9497125e_1000.jpg!m_fill,w_280,h_210,f_jpg?from=ke.com
20240229,大兴,大兴新机场,101122421538,此房是富力丹麦小镇C区叠拼别墅南北花园78平米精装修房主自荐,698万,37562元/平,底层 (共4层) | 2012年 | 5室2厅 | 185.83平米 | 南 北,https://ke-image.ljcdn.com/110000-inspection/954ebf59-3c9d-4e9b-9873-a4140bb84dc7_1000.jpg!m_fill,w_280,h_210,f_jpg?from=ke.com
20240229,大兴,大兴新机场,101122404742,富力丹麦小镇D区 联排别墅面宽6.4米 花园近百平精装修,750万,30761元/平,底层 (共3层) | 2012年 | 7室2厅 | 243.82平米 | 南 北,https://ke-image.ljcdn.com/110000-inspection/pc1_DE99bjeZz.jpg!m_fill,w_280,h_210,f_jpg?from=ke.com
20240229,大兴,大兴新机场,101122295430,富力华庭苑西区 下跃户型 精装修,495万,30746元/平,底层 (共9层) 4室2厅 | 161平米 | 南 北,https://ke-image.ljcdn.com/110000-inspection/7f64d2a4-72bc-4eee-98e4-89b36c76c6ef_1000.jpg!m_fill,w_280,h_210,f_jpg?from=ke.com
20240229,大兴,大兴新机场,101122267534,南北通透三居室中间楼层 带电梯,255万,28460元/平,中楼层 (共11层) | 2014年 | 3室2厅 | 89.6平米 | 南 北,https://ke-image.ljcdn.com/110000-inspection/pc1_qVWHfDWMm.jpg!m_fill,w_280,h_210,f_jpg?from=ke.com
20240229,大兴,大兴新机场,101122259741,众美城小区  3居室  南北通透,239万,25872元/平,低楼层 (共10层) | 2014年 | 3室1厅 | 92.38平米 | 南 北,https://ke-image.ljcdn.com/110000-inspection/13ff4768-e55f-4a31-9b7e-56851d5e20d6_1000.jpg!m_fill,w_280,h_210,f_jpg?from=ke.com
20240229,大兴,大兴新机场,101122227052,富力华庭苑东区精装修南北通透边户三居室,295万,29125元/平,低楼层 (共9层) | 2014年 | 3室1厅 | 101.29平米 | 南 北,https://ke-image.ljcdn.com/110000-inspection/241e2be3-fb51-4119-92fd-c66b1d5a824f_1000.jpg!m_fill,w_280,h_210,f_jpg?from=ke.com
20240229,大兴,大兴新机场,101122221505,富力丹麦小镇D区 平层改善户型户型方正,520万,29041元/平,高楼层 (共8层) | 2011年 | 4室2厅 | 179.06平米 | 南 北,https://ke-image.ljcdn.com/110000-inspection/35d45581-0692-405b-8bdf-13294c9f1b1d_1000.jpg!m_fill,w_280,h_210,f_jpg?from=ke.com
20240229,大兴,大兴新机场,101122202196,御园E区  满五唯一  全明格局 两居室,185万,24595元/平,中楼层 (共14层) | 2012年 | 2室1厅 | 75.22平米 | 南 北,https://ke-image.ljcdn.com/110000-inspection/pc1_yPBMEkafA_1.jpg!m_fill,w_280,h_210,f_jpg?from=ke.com
20240229,大兴,大兴新机场,101122129671,南北通透 高楼层精装修 有电梯 前后无遮挡房主自荐,224万,28521元/平,高楼层 (共9层) | 2014年 | 2室2厅 | 78.54平米 | 南 北,https://ke-image.ljcdn.com/110000-inspection/07b01a9a-d76e-4bce-bde4-01e911e8ff03_1000.jpg!m_fill,w_280,h_210,f_jpg?from=ke.com
20240229,大兴,大兴新机场,101122115229,龙景湾   下叠别墅  看房有钥匙,675万,31858元/平,底层 (共4层) 4室1厅 | 211.88平米 | 南 北,https://ke-image.ljcdn.com/110000-inspection/88d4c4e6-7183-4d42-8e71-a89f34400ff1_1000.jpg!m_fill,w_280,h_210,f_jpg?from=ke.com
20240229,大兴,大兴新机场,101122115166,龙景湾   下叠别墅  满五唯一 有钥匙,728万,31798元/平,底层 (共4层) | 2005年 | 4室2厅 | 228.95平米 | 南 北,https://ke-image.ljcdn.com/110000-inspection/8a5f77fc-0bf6-436f-a1b4-ba57e2aa63c6_1000.jpg!m_fill,w_280,h_210,f_jpg?from=ke.com
20240229,大兴,大兴新机场,101122114934,龙景湾  联排别墅   满五唯一  看房方便,999万,33508元/平,底层 (共3层) | 2012年 | 9室3厅 | 298.14平米 | 南 北,https://ke-image.ljcdn.com/110000-inspection/8ed8ce2b-ef6c-4f84-89a4-45f817be4bf5_1000.jpg!m_fill,w_280,h_210,f_jpg?from=ke.com
20240229,大兴,大兴新机场,101121992805,富力丹麦小镇D区南北通透三居室业主诚心出售,352万,25614元/平,低楼层 (共11层) | 2012年 | 3室1厅 | 137.43平米 | 南 北,https://ke-image.ljcdn.com/110000-inspection/95fe0dc0-292c-4445-8eba-e0d02aa55c52_1000.jpg!m_fill,w_280,h_210,f_jpg?from=ke.com
20240229,大兴,大兴新机场,101121976373,富力丹麦小镇D区  南北通透 视野开阔,405万,29511元/平,中楼层 (共11层) | 2011年 | 3室1厅 | 137.24平米 | 南 北,https://ke-image.ljcdn.com/110000-inspection/1d3114a9-7265-4edf-925c-547b0feaca72_1000.jpg!m_fill,w_280,h_210,f_jpg?from=ke.com
20240229,大兴,大兴新机场,101121951892,富力丹麦小镇B区独栋别墅 小区中间位置 户型方正,1290万,34128元/平,底层 (共2层) | 2011年 | 5室2厅 | 377.99平米 | 南 北,https://ke-image.ljcdn.com/110000-inspection/746efc0f-e9d5-4274-83ae-b6f3ea92fa73_1000.jpg!m_fill,w_280,h_210,f_jpg?from=ke.com
20240229,大兴,大兴新机场,101121936271,富力丹麦小镇D区 采光好无遮挡 视野开阔房主自荐,475万,26902元/平,高楼层 (共11层) | 2012年 | 4室1厅 | 176.57平米 | 南,https://ke-image.ljcdn.com/110000-inspection/c4a728c2-1192-43cd-b0fe-da12ae78169a_1000.jpg!m_fill,w_280,h_210,f_jpg?from=ke.com
20240229,大兴,大兴新机场,101121838207,御园A区  2居室 南北通透  简单装修,230万,27123元/平,低楼层 (共15层) | 2014年 | 2室1厅 | 84.8平米 | 南 北,https://ke-image.ljcdn.com/110000-inspection/3f2858d2-8658-48de-8fe1-3656faa7dd93_1000.jpg!m_fill,w_280,h_210,f_jpg?from=ke.com
20240229,大兴,大兴新机场,101121756358,御园B区  满五唯一  南北向两居室 一梯两户 看房随时,215万,24052元/平,中楼层 (共15层) | 2014年 | 2室2厅 | 89.39平米 | 南 北,https://ke-image.ljcdn.com/110000-inspection/pc1_Vy3Uxm6iK.jpg!m_fill,w_280,h_210,f_jpg?from=ke.com
20240229,大兴,大兴新机场,101121734392,龙熙顺景乙区  独栋别墅  自住精装修  位置格局好,2100万,42945元/平,底层 (共2层) 6室3厅 | 489平米 | 南 北,https://ke-image.ljcdn.com/110000-inspection/1ff645e5-0347-4623-a245-cc905b079fc8_1000.jpg!m_fill,w_280,h_210,f_jpg?from=ke.com
20240229,大兴,大兴新机场,101121728074,富力丹麦小镇精装修独栋别墅600平左右的庭院,1468万,31920元/平,底层 (共2层) 6室5厅 | 459.9平米 | 东南 西北,https://ke-image.ljcdn.com/110000-inspection/35adab26-c9e8-4011-a95e-f951616970f0_1000.jpg!m_fill,w_280,h_210,f_jpg?from=ke.com
20240229,大兴,大兴新机场,101121725513,御园E区 2室1厅 南 北,210万,25796元/平,中楼层 (共14层) 2室1厅 | 81.41平米 | 南 北,https://ke-image.ljcdn.com/110000-inspection/058522eb-d522-4b63-9c96-26b07752f151_1000.jpg!m_fill,w_280,h_210,f_jpg?from=ke.com
20240229,大兴,大兴新机场,101121688916,富力丹麦小镇D区 南北通透视野好采光好,585万,29179元/平,顶层 (共11层) | 2012年 | 6室1厅 | 200.49平米 | 南 北,https://ke-image.ljcdn.com/110000-inspection/ce536d19-4aee-42f6-9ae4-c8489459c2bc_1000.jpg!m_fill,w_280,h_210,f_jpg?from=ke.com
20240229,大兴,大兴新机场,101121687933,富力丹麦小镇D区顶层复式业主诚心出售看房方便,530万,27606元/平,高楼层 (共12层) 5室3厅 | 191.99平米 | 南 北,https://ke-image.ljcdn.com/110000-inspection/7abcc459-d07e-4e7b-940d-8022045a9984_1000.jpg!m_fill,w_280,h_210,f_jpg?from=ke.com
20240229,大兴,大兴新机场,101121608898,富力丹麦小镇C区精装修上叠别墅,510万,33186元/平,中楼层 (共4层) 4室2厅 | 153.68平米 | 南 北,https://ke-image.ljcdn.com/110000-inspection/33c7a73e-fbe6-4e5b-bdc2-97d27d1611dd_1000.jpg!m_fill,w_280,h_210,f_jpg?from=ke.com
20240229,大兴,大兴新机场,101121582133,御园C区 精装两居 全屋智能家电 实木家具 拎包入住房主自荐,209万,26591元/平,低楼层 (共15层) | 2014年 | 2室2厅 | 78.6平米 | 南 北,https://ke-image.ljcdn.com/110000-inspection/122527e3-ed33-41d0-9aa0-1980f96b2cd2_1000.jpg!m_fill,w_280,h_210,f_jpg?from=ke.com
20240229,大兴,大兴新机场,101121562507,富力华庭苑西区满五唯一下叠别墅南花园精装修保持好,850万,31820元/平,底层 (共4层) | 2013年 | 5室2厅 | 267.13平米 | 南 北,https://ke-image.ljcdn.com/110000-inspection/27393dc9-cdef-4ee3-a1d5-b87f3bfd50eb_1000.jpg!m_fill,w_280,h_210,f_jpg?from=ke.com
20240229,大兴,大兴新机场,101121527878,龙熙顺景丁区 4室2厅 东南 西北,450万,24446元/平,高楼层 (共12层) | 2005年 | 4室2厅 | 184.08平米 | 东南 西北,https://ke-image.ljcdn.com/110000-inspection/3a7277ca-6106-4e4b-9eae-45dbbadcc58b_1000.jpg!m_fill,w_280,h_210,f_jpg?from=ke.com
20240229,大兴,大兴新机场,101121437133,富力华庭苑西区 4室2厅 南 北,460万,28634元/平,底层 (共9层) | 2013年 | 4室2厅 | 160.65平米 | 南 北,https://ke-image.ljcdn.com/110000-inspection/4503b2cc-996a-4f28-956e-991e8e672473_1000.jpg!m_fill,w_280,h_210,f_jpg?from=ke.com
20240229,大兴,大兴新机场,101121432157,富力华庭苑精装下跃西南朝向下跃户型使用面积大,460万,33904元/平,底层 (共9层) | 2013年 | 3室1厅 | 135.68平米 | 西南,https://ke-image.ljcdn.com/110000-inspection/88f8c4c5-70c5-4bf5-b4c3-187c3532c2f6_1000.jpg!m_fill,w_280,h_210,f_jpg?from=ke.com
20240229,大兴,大兴新机场,101121369908,御园A区  满五唯一  精装修  南北向两居室,220万,26030元/平,低楼层 (共15层) | 2012年 | 2室2厅 | 84.52平米 | 南 北,https://ke-image.ljcdn.com/110000-inspection/7799dd55-27c4-4c1b-80e5-82c00bae83c1_1000.jpg!m_fill,w_280,h_210,f_jpg?from=ke.com
20240229,大兴,大兴新机场,101121360778,众美城  精装修  三室两卫大三居  人车分流 电梯入户房主自荐,369.8万,29174元/平,高楼层 (共9层) | 2014年 | 3室2厅 | 126.76平米 | 南 北,https://ke-image.ljcdn.com/110000-inspection/pc1_L1AfDtetz.jpg!m_fill,w_280,h_210,f_jpg?from=ke.com
20240229,大兴,大兴新机场,101121324116,富力华庭苑东区 花园里的上叠拼别墅 带30+平北院,528万,35203元/平,中楼层 (共4层) | 2014年 | 4室1厅 | 149.99平米 | 南 北,https://ke-image.ljcdn.com/110000-inspection/pc1_L2WoDBrsK_1.jpg!m_fill,w_280,h_210,f_jpg?from=ke.com
20240229,大兴,大兴新机场,101121301988,龙熙顺景甲区独栋毛坯别墅带地下,2280万,46386元/平,底层 (共2层) 8室4厅 | 491.53平米 | 南 东 西 北,https://ke-image.ljcdn.com/110000-inspection/ede9eee9-4e1f-45a5-9757-9523b2fd09a2_1000.jpg!m_fill,w_280,h_210,f_jpg?from=ke.com
20240229,大兴,大兴新机场,101121279628,富力丹麦小镇A区精装修南北通透独栋,1280万,35398元/平,低楼层 (共3层) 4室2厅 | 361.61平米 | 南 北,https://ke-image.ljcdn.com/110000-inspection/c68ef142-9f1b-4d3c-9bbc-6552f78c3d13_1000.jpg!m_fill,w_280,h_210,f_jpg?from=ke.com
20240229,大兴,大兴新机场,101121237790,富力丹麦小镇D区联排别墅精装修花园,810万,33392元/平,底层 (共3层) | 2011年 | 7室2厅 | 242.58平米 | 南 北,https://ke-image.ljcdn.com/110000-inspection/9efe1a90-d537-4bc7-afd7-9eb9b2182279_1000.jpg!m_fill,w_280,h_210,f_jpg?from=ke.com
20240229,大兴,大兴新机场,101121223312,富力丹麦小镇D区精装修南北通透诚意出售,538万,23632元/平,底层 (共6层) | 2011年 | 4室2厅 | 227.66平米 | 南 北,https://ke-image.ljcdn.com/110000-inspection/90f036e3-7e33-49bd-8d49-5d62a5ad4ddc_1000.jpg!m_fill,w_280,h_210,f_jpg?from=ke.com
20240229,大兴,大兴新机场,101121172279,富力华庭苑西区满五唯一 下叠别墅花园60平产权车位,699万,26168元/平,底层 (共4层) | 2013年 | 6室2厅 | 267.13平米 | 南 北,https://ke-image.ljcdn.com/110000-inspection/183ce2ce-66c1-4956-979d-7e12a223f0e8_1000.jpg!m_fill,w_280,h_210,f_jpg?from=ke.com
20240229,大兴,大兴新机场,101121149810,富力丹麦小镇D区精装修独栋别墅房主自荐,1260万,38592元/平,底层 (共2层) 5室2厅 | 326.5平米 | 南 北 东 西,https://ke-image.ljcdn.com/110000-inspection/1c2b5167-6688-443f-adb3-b8ac631aba07_1000.jpg!m_fill,w_280,h_210,f_jpg?from=ke.com
20240229,大兴,大兴新机场,101121166915,龙熙顺景乙区  上叠别墅  自住精装修 拎包入住,630万,30954元/平,中楼层 (共4层) | 2005年 | 4室1厅 | 203.53平米 | 南 北,https://ke-image.ljcdn.com/110000-inspection/e8b3ed67-24bd-40a3-84b0-557b7030894c_1000.jpg!m_fill,w_280,h_210,f_jpg?from=ke.com
20240229,大兴,大兴新机场,101121016680,富力丹麦小镇A区 低密别墅区 环境好,1078万,29812元/平,底层 (共2层) | 2012年 | 5室2厅 | 361.61平米 | 南 北,https://ke-image.ljcdn.com/110000-inspection/acf1e74e-9922-45e5-b28f-41753113cf24_1000.jpg!m_fill,w_280,h_210,f_jpg?from=ke.com
20240229,大兴,大兴新机场,101121006319,龙熙顺景甲区毛坯上叠别墅随时可看,485万,23909元/平,顶层 (共3层) | 2006年 | 4室1厅 | 202.86平米 | 南 北,https://ke-image.ljcdn.com/110000-inspection/pc1_WNZxOPP4d_1.jpg!m_fill,w_280,h_210,f_jpg?from=ke.com
20240229,大兴,大兴新机场,101120985567,众美城下跃户型  诚心出售  看房提前约,450万,19029元/平,底层 (共9层) | 2014年 | 3室1厅 | 236.49平米 | 南 北,https://ke-image.ljcdn.com/110000-inspection/755f07b6-7cc8-40bf-b14b-8891d15d84ff_1000.jpg!m_fill,w_280,h_210,f_jpg?from=ke.com
20240229,大兴,大兴新机场,101120977481,户型方正全新装修使用面积420平米大花园800平米,1560万,80046元/平,底层 (共2层) 8室2厅 | 194.89平米 | 南 北,https://ke-image.ljcdn.com/110000-inspection/8b8a5567-61d4-4982-b5ee-6c622b698ce7_1000.jpg!m_fill,w_280,h_210,f_jpg?from=ke.com
20240229,大兴,大兴新机场,101120933833,满五年唯一诚心出售中间楼层,240万,29495元/平,低楼层 (共9层) | 2014年 | 2室1厅 | 81.37平米 | 南,https://ke-image.ljcdn.com/110000-inspection/5b6129ff-6ad2-440c-810f-5229bb7503e0_1000.jpg!m_fill,w_280,h_210,f_jpg?from=ke.com
20240229,大兴,大兴新机场,101120891421,带电梯洋房平层三居室 环境幽静楼间距宽无遮挡,500万,28651元/平,底层 (共6层) | 2012年 | 3室2厅 | 174.52平米 | 南 北,https://ke-image.ljcdn.com/110000-inspection/pc1_kdkUCCi5G_1.jpg!m_fill,w_280,h_210,f_jpg?from=ke.com
20240229,大兴,大兴新机场,101120879759,富力丹麦小镇A区 独栋别墅 大花园,1650万,35878元/平,底层 (共2层) 7室2厅 | 459.9平米 | 东 南 西 北,https://ke-image.ljcdn.com/110000-inspection/e433af1f-ee50-4040-b9b3-eac648fa8c7d_1000.jpg!m_fill,w_280,h_210,f_jpg?from=ke.com
20240229,大兴,大兴新机场,101120844577,富力丹麦小镇A区独栋别墅户型方正。,1300万,35096元/平,底层 (共2层) 7室2厅 | 370.42平米 | 南 北,https://ke-image.ljcdn.com/110000-inspection/f8021724-1bf3-4d62-bfeb-f8877bff9953_1000.jpg!m_fill,w_280,h_210,f_jpg?from=ke.com
20240229,大兴,大兴新机场,101120836491,隆盛东园南北两居室低楼层满五唯一诚售,220万,21688元/平,低楼层 (共6层) | 2003年 | 2室1厅 | 101.44平米 | 南 北,https://ke-image.ljcdn.com/110000-inspection/d8b36728-af25-4551-959c-b295da3ce43b_1000.jpg!m_fill,w_280,h_210,f_jpg?from=ke.com
20240229,大兴,大兴新机场,101120806916,隆盛西园小区顶层复式四个室两位房主自荐,251万,18439元/平,顶层 (共5层) | 2001年 | 4室2厅 | 136.13平米 | 南 北,https://ke-image.ljcdn.com/110000-inspection/pc1_0BhSuqu0q.jpg!m_fill,w_280,h_210,f_jpg?from=ke.com
20240229,大兴,大兴新机场,101120804830,富力华庭苑西区 上叠别墅 南北通透,560万,37151元/平,中楼层 (共4层) | 2013年 | 4室1厅 | 150.74平米 | 南 北,https://ke-image.ljcdn.com/110000-inspection/5188f790-5f11-4f69-9408-b031a3789eba_1000.jpg!m_fill,w_280,h_210,f_jpg?from=ke.com
20240229,大兴,大兴新机场,101120789849,富力丹麦小镇D区 上叠别墅 精装修,528万,34492元/平,中楼层 (共4层) | 2011年 | 4室2厅 | 153.08平米 | 南 北,https://ke-image.ljcdn.com/110000-inspection/04872d66-5186-4351-93ef-87b71e2b67b5_1000.jpg!m_fill,w_280,h_210,f_jpg?from=ke.com
20240229,大兴,大兴新机场,101120785150,此房是满五唯一的叠拼别墅精装修保持的好看房方便,715万,26663元/平,底层 (共4层) | 2014年 | 6室2厅 | 268.17平米 | 南 北,https://ke-image.ljcdn.com/110000-inspection/32b77992-2cf4-4012-87fa-953c06d12eeb_1000.jpg!m_fill,w_280,h_210,f_jpg?from=ke.com
20240229,大兴,大兴新机场,101120643232,龙熙顺景甲区上叠别墅满五年唯一可随时签约,470万,23093元/平,中楼层 (共4层) 4室2厅 | 203.53平米 | 南 北,https://ke-image.ljcdn.com/110000-inspection/1c890ca9-8981-410d-916b-5668363b7620_1000.jpg!m_fill,w_280,h_210,f_jpg?from=ke.com
20240229,大兴,大兴新机场,101120633794,龙景湾乙区满五年唯一上叠别墅户型方正无遮挡,550万,27113元/平,中楼层 (共4层) 4室2厅 | 202.86平米 | 南 北,https://ke-image.ljcdn.com/110000-inspection/c6c80e1e-3a7f-4e0e-9f56-c8cf4124b59f_1000.jpg!m_fill,w_280,h_210,f_jpg?from=ke.com
20240229,大兴,大兴新机场,101120572108,富力华庭苑东区 下叠别墅 南北通透,715万,26663元/平,底层 (共4层) | 2014年 | 6室2厅 | 268.17平米 | 南 北,https://ke-image.ljcdn.com/110000-inspection/pc1_5tdwd2Ces.jpg!m_fill,w_280,h_210,f_jpg?from=ke.com
20240229,大兴,大兴新机场,101120526413,富力华庭苑西区  大面宽客厅 南北通透上叠房主自荐,498万,33318元/平,中楼层 (共4层) | 2013年 | 4室2厅 | 149.47平米 | 南 北,https://ke-image.ljcdn.com/110000-inspection/e6aa0340-4640-4718-b66f-e08bf6d73fec_1000.jpg!m_fill,w_280,h_210,f_jpg?from=ke.com
20240229,大兴,大兴新机场,101120512926,富力华庭苑西区  南北通透 视野无遮挡,275万,27277元/平,顶层 (共7层) | 2013年 | 3室2厅 | 100.82平米 | 南 北,https://ke-image.ljcdn.com/110000-inspection/e01d0613-b0d7-4e6d-aa3f-97db3d8c4e6f_1000.jpg!m_fill,w_280,h_210,f_jpg?from=ke.com
20240229,大兴,大兴新机场,101120496644,南北通透三居室格局方正精装修,275万,29769元/平,中楼层 (共10层) | 2014年 | 3室1厅 | 92.38平米 | 南 北,https://ke-image.ljcdn.com/110000-inspection/88c42f7e-deca-4c29-a4f0-c013414d0d89_1000.jpg!m_fill,w_280,h_210,f_jpg?from=ke.com
20240229,大兴,大兴新机场,101120474327,富力丹麦小镇D区 联排别墅面宽6.4米 花园近百平,880万,36788元/平,底层 (共3层) | 2011年 | 7室2厅 | 239.21平米 | 南 北,https://ke-image.ljcdn.com/110000-inspection/ff8cc876-5777-4b3a-99b8-7862510586e9_1000.jpg!m_fill,w_280,h_210,f_jpg?from=ke.com
20240229,大兴,大兴新机场,101120471812,富力丹麦小镇A区 独栋别墅 看房方便,1130万,33604元/平,底层 (共2层) | 2010年 | 7室2厅 | 336.27平米 | 东 南 西 北,https://ke-image.ljcdn.com/110000-inspection/e04c2215-bf14-4b96-8bab-fc31b16f37ed_1000.jpg!m_fill,w_280,h_210,f_jpg?from=ke.com
20240229,大兴,大兴新机场,101120432504,龙熙顺景乙区   联排毛坯  南北通透  看房随时,739万,26257元/平,底层 (共2层) | 2009年 | 5室3厅 | 281.45平米 | 南 北,https://ke-image.ljcdn.com/110000-inspection/pc1_oFcbCDrUo_1.jpg!m_fill,w_280,h_210,f_jpg?from=ke.com
20240229,大兴,大兴新机场,101120421894,众美城  满五唯一 南向两居室 人车分流 电梯入户,235万,28821元/平,中楼层 (共10层) | 2014年 | 2室2厅 | 81.54平米 | 南,https://ke-image.ljcdn.com/110000-inspection/pc1_mYe8k6gjD.jpg!m_fill,w_280,h_210,f_jpg?from=ke.com
20240229,大兴,大兴新机场,101120417928,御园B区  2012年  南北向电梯两居室,233万,26066元/平,高楼层 (共15层) | 2012年 | 2室2厅 | 89.39平米 | 南 北,https://ke-image.ljcdn.com/110000-inspection/pc1_L0RlkfC8A.jpg!m_fill,w_280,h_210,f_jpg?from=ke.com
20240229,大兴,大兴新机场,101120417924,御园C区  南北向  满五唯一  全明格局电梯一居室,175万,29032元/平,顶层 (共15层) | 2014年 | 1室1厅 | 60.28平米 | 南 北,https://ke-image.ljcdn.com/110000-inspection/pc1_Ly5AwhDCl_1.jpg!m_fill,w_280,h_210,f_jpg?from=ke.com
20240229,大兴,大兴新机场,101120417919,众美城  南北向  全明格局三居室 人车分流 一梯两户,247万,26957元/平,顶层 (共10层) | 2014年 | 3室1厅 | 91.63平米 | 南 北,https://ke-image.ljcdn.com/110000-inspection/b64eaf87-8045-4cc9-8120-898668d9e472_1000.jpg!m_fill,w_280,h_210,f_jpg?from=ke.com
20240229,大兴,大兴新机场,101120364489,独墅逸致客厅挑空户型 花园450平米 精装修 拎包入住,1100万,47854元/平,底层 (共2层) 4室2厅 | 229.87平米 | 南 北,https://ke-image.ljcdn.com/110000-inspection/eabe7e29-1c10-44e5-b09e-2bf9924924fa_1000.jpg!m_fill,w_280,h_210,f_jpg?from=ke.com
20240229,大兴,大兴新机场,101120340686,精装南北三居室格局方正 高楼层,249万,27051元/平,顶层 (共10层) | 2014年 | 3室1厅 | 92.05平米 | 南 北,https://ke-image.ljcdn.com/110000-inspection/6753032e-86fa-465b-9696-41abf47741b5_1000.jpg!m_fill,w_280,h_210,f_jpg?from=ke.com
20240229,大兴,大兴新机场,101120331379,富力华庭苑东区下叠别墅业主诚心出售。,705万,26290元/平,底层 (共2层) | 2014年 | 5室2厅 | 268.17平米 | 南 北,https://ke-image.ljcdn.com/110000-inspection/ebddeb75-803c-45bf-ad93-81d3fc44fe01_1000.jpg!m_fill,w_280,h_210,f_jpg?from=ke.com
20240229,大兴,大兴新机场,101120291009,上下两层 跃层格局方正 无遮挡,470万,19847元/平,高楼层 (共12层) | 2006年 | 4室2厅 | 236.82平米 | 南 北,https://ke-image.ljcdn.com/110000-inspection/da6500ca-548b-4fef-9f73-f984332197dc_1000.jpg!m_fill,w_280,h_210,f_jpg?from=ke.com
20240229,大兴,大兴新机场,101120244584,富力丹麦小镇D区的下叠别墅南花园60平米房主自荐,660万,36173元/平,底层 (共4层) | 2012年 | 5室2厅 | 182.46平米 | 南 北,https://ke-image.ljcdn.com/110000-inspection/pc1_8jCPpyD4Y.jpg!m_fill,w_280,h_210,f_jpg?from=ke.com
20240229,大兴,大兴新机场,101120221534,隆盛东园精装修一天没住南北三居室中间层,309万,23038元/平,中楼层 (共6层) | 2003年 | 3室1厅 | 134.13平米 | 南 北,https://ke-image.ljcdn.com/110000-inspection/302c93a3-59bc-4ab5-98c2-d9b69c02973c_1000.jpg!m_fill,w_280,h_210,f_jpg?from=ke.com
20240229,大兴,大兴新机场,101120158671,富力华庭苑东区户型方正位置视野好看房方便。,235万,29998元/平,中楼层 (共9层) | 2014年 | 2室2厅 | 78.34平米 | 东 西,https://ke-image.ljcdn.com/110000-inspection/7eff994d-e94b-4b73-ad3e-3b44e65edb77_1000.jpg!m_fill,w_280,h_210,f_jpg?from=ke.com
20240229,大兴,大兴新机场,101120146866,御园B区  满五唯一 南北向两居室 有电梯 2012年小区,230万,25730元/平,高楼层 (共15层) | 2014年 | 2室2厅 | 89.39平米 | 南 北,https://ke-image.ljcdn.com/110000-inspection/92b0a6a2-085d-4c09-8f0e-f1f36b2beee4_1000.jpg!m_fill,w_280,h_210,f_jpg?from=ke.com
20240229,大兴,大兴新机场,101120076002,龙景湾乙区 精装联排 南北通透 看房随时,840万,30305元/平,底层 (共3层) | 2009年 | 6室2厅 | 277.19平米 | 南 北,https://ke-image.ljcdn.com/110000-inspection/47a84839-a6aa-4be2-85c7-e70e056a4689_1000.jpg!m_fill,w_280,h_210,f_jpg?from=ke.com
20240229,大兴,大兴新机场,101119944937,独栋别墅 精装修安静舒适看房随时,2350万,39569元/平,底层 (共3层) | 2005年 | 8室2厅 | 593.9平米 | 南 北,https://ke-image.ljcdn.com/110000-inspection/pc1_DzV0STOGs_1.jpg!m_fill,w_280,h_210,f_jpg?from=ke.com
20240229,大兴,大兴新机场,101119936714,富力丹麦小镇独栋别墅精装修样板间离湖50米,1399万,34501元/平,底层 (共2层) | 2011年 | 7室2厅 | 405.5平米 | 南 北,https://ke-image.ljcdn.com/110000-inspection/pc1_JjYYbm1aM.jpg!m_fill,w_280,h_210,f_jpg?from=ke.com
20240229,大兴,大兴新机场,101119929376,满五唯一南北通透采光充足无遮挡配套设施齐全房主自荐,175万,21151元/平,顶层 (共6层) | 1999年 | 2室2厅 | 82.74平米 | 南 北,https://ke-image.ljcdn.com/110000-inspection/66ba5380-8909-4884-b081-ecf718b725ac_1000.jpg!m_fill,w_280,h_210,f_jpg?from=ke.com
20240229,大兴,大兴新机场,101119856713,龙熙顺景甲区  独栋别墅  诚心出售,2180万,33622元/平,底层 (共2层) 5室2厅 | 648.4平米 | 南 北,https://ke-image.ljcdn.com/110000-inspection/b4a62d06-1547-471f-a430-4486c4954b60_1000.jpg!m_fill,w_280,h_210,f_jpg?from=ke.com
20240229,大兴,大兴新机场,101119807814,龙熙顺景甲区   满五唯一 边户上叠,558万,26006元/平,中楼层 (共4层) 6室2厅 | 214.57平米 | 南 北,https://ke-image.ljcdn.com/110000-inspection/pc1_NHKRppSaX.jpg!m_fill,w_280,h_210,f_jpg?from=ke.com
20240229,大兴,大兴新机场,101119807102,龙熙顺景甲区  独栋别墅  诚心出售,2300万,46793元/平,底层 (共2层) | 2011年 | 4室3厅 | 491.53平米 | 东 南 西 北,https://ke-image.ljcdn.com/110000-inspection/pc1_63Nx6LsJK_1.jpg!m_fill,w_280,h_210,f_jpg?from=ke.com
20240229,大兴,大兴新机场,101119785990,龙熙顺景甲区独栋别墅独门独院带地下,1100万,27070元/平,底层 (共3层) | 2011年 | 7室3厅 | 406.36平米 | 南 东 西 北,https://ke-image.ljcdn.com/110000-inspection/b22eadf7-f864-4460-a839-bf771b0c06e1_1000.jpg!m_fill,w_280,h_210,f_jpg?from=ke.com
20240229,大兴,大兴新机场,101119771784,龙熙顺景丙区联排精装三层别墅,940万,39151元/平,底层 (共3层) | 2013年 | 6室4厅 | 240.1平米 | 南 北,https://ke-image.ljcdn.com/110000-inspection/fb5bfe54-cdf1-4423-9d93-cd443bf71c3b_1000.jpg!m_fill,w_280,h_210,f_jpg?from=ke.com
20240229,大兴,大兴新机场,101119670893,隆盛园社区满五唯一南北通透采光充足无遮挡房主自荐,173万,17779元/平,顶层 (共6层) | 2002年 | 2室1厅 | 97.31平米 | 南 北,https://ke-image.ljcdn.com/110000-inspection/pc1_xXGI1RZsl_1.jpg!m_fill,w_280,h_210,f_jpg?from=ke.com
20240229,大兴,大兴新机场,101119658726,龙熙顺景乙区  独栋  公司产权  看房提前预约,2580万,41553元/平,底层 (共2层) | 2005年 | 6室3厅 | 620.9平米 | 南 北,https://ke-image.ljcdn.com/110000-inspection/8fa846b7-c864-4008-b83c-230ec40be03d_1000.jpg!m_fill,w_280,h_210,f_jpg?from=ke.com
20240229,大兴,大兴新机场,101119582165,龙熙顺景丙区联排别墅南北花园看房方便,968万,40869元/平,底层 (共3层) | 2013年 | 6室2厅 | 236.86平米 | 南 北,https://ke-image.ljcdn.com/110000-inspection/pc1_nYSHIokpg.jpg!m_fill,w_280,h_210,f_jpg?from=ke.com
20240229,大兴,大兴新机场,101119524261,隆盛东园满五唯一南北通透采光充足无遮挡配套齐,210万,22601元/平,中楼层 (共6层) | 2003年 | 2室1厅 | 92.92平米 | 南 北,https://ke-image.ljcdn.com/110000-inspection/pc1_TVqwdpSZ9.jpg!m_fill,w_280,h_210,f_jpg?from=ke.com
20240229,大兴,大兴新机场,101119500193,龙熙顺景丙区别墅满五年唯一有钥匙,750万,40559元/平,底层 (共4层) | 2010年 | 4室2厅 | 184.92平米 | 南 北,https://ke-image.ljcdn.com/110000-inspection/137ca62a-687a-40ac-8fd1-8bc1a080391a_1000.jpg!m_fill,w_280,h_210,f_jpg?from=ke.com
20240229,大兴,大兴新机场,101119465531,御园A区满五年唯一两居室无遮挡随时签约,188万,22157元/平,底层 (共13层) | 2012年 | 2室2厅 | 84.85平米 | 南 北,https://ke-image.ljcdn.com/110000-inspection/pc1_ZENrRgGjO.jpg!m_fill,w_280,h_210,f_jpg?from=ke.com
20240229,大兴,大兴新机场,101119380949,富力丹麦小镇D区南北通透三居室业主诚心出售,367万,28776元/平,中楼层 (共12层) | 2011年 | 3室1厅 | 127.54平米 | 南 北,https://ke-image.ljcdn.com/110000-inspection/6a400884-039c-49a0-aa13-4eba31119383_1000.jpg!m_fill,w_280,h_210,f_jpg?from=ke.com
20240229,大兴,大兴新机场,101119361850,富力华庭苑西区叠拼别墅南北通透有花园,495万,33164元/平,中楼层 (共4层) | 2013年 | 4室2厅 | 149.26平米 | 南 北,https://ke-image.ljcdn.com/110000-inspection/18a8e9e3-1631-4e3b-9c08-7fdc4c98dffe_1000.jpg!m_fill,w_280,h_210,f_jpg?from=ke.com
20240229,大兴,大兴新机场,101119259121,富力华庭苑东区下跃户型带庭院上下两层,425万,26251元/平,底层 (共9层) | 2014年 | 4室2厅 | 161.9平米 | 南 北,https://ke-image.ljcdn.com/110000-inspection/pc1_i6Qo0cbse.jpg!m_fill,w_280,h_210,f_jpg?from=ke.com
20240229,大兴,大兴新机场,101119255428,富力华庭苑东区上叠别墅南北通透有花园,505万,33701元/平,中楼层 (共4层) | 2014年 | 4室2厅 | 149.85平米 | 南 北,https://ke-image.ljcdn.com/110000-inspection/pc1_E5O2x75Vb.jpg!m_fill,w_280,h_210,f_jpg?from=ke.com
20240229,大兴,大兴新机场,101119247294,独墅逸致二期独栋户型好 保持新,1250万,48127元/平,底层 (共2层) | 2015年 | 5室2厅 | 259.73平米 | 南 北,https://ke-image.ljcdn.com/110000-inspection/098a2a05-02f6-4c77-91d3-e9515a173afb_1000.jpg!m_fill,w_280,h_210,f_jpg?from=ke.com
20240229,大兴,大兴新机场,101119182731,富力丹麦小镇D区 下叠别墅 精装修,660万,36173元/平,底层 (共4层) | 2011年 | 5室2厅 | 182.46平米 | 南 北,https://ke-image.ljcdn.com/110000-inspection/pc1_t1E5KDnTW.jpg!m_fill,w_280,h_210,f_jpg?from=ke.com
20240229,大兴,大兴新机场,101119151738,富力丹麦小镇C区 低密别墅区 环境好房主自荐,830万,35022元/平,底层 (共3层) 7室2厅 | 237平米 | 南 北,https://ke-image.ljcdn.com/110000-inspection/7cbdfcce-5b9d-4fcd-b1fa-5ab58d89ffa1_1000.jpg!m_fill,w_280,h_210,f_jpg?from=ke.com
20240229,大兴,大兴新机场,101119131376,独墅逸致 二次精装 大挑空独栋房主自荐,1060万,40323元/平,底层 (共3层) 8室3厅 | 262.88平米 | 南 北,https://ke-image.ljcdn.com/110000-inspection/4bac93f9-c47a-462e-b528-cc260d1a30f0_1000.jpg!m_fill,w_280,h_210,f_jpg?from=ke.com
20240229,大兴,大兴新机场,101119116565,富力华庭苑东区满五唯一南北三居边户明卫次顶层,309万,30414元/平,高楼层 (共9层) | 2014年 | 3室2厅 | 101.6平米 | 南 西 北,https://ke-image.ljcdn.com/110000-inspection/d0063963-13a9-4156-9f54-0b5f3dd40514_1000.jpg!m_fill,w_280,h_210,f_jpg?from=ke.com
20240229,大兴,大兴新机场,101119082645,龙熙顺景丙区独栋别墅有花园诚心出售,1250万,38847元/平,底层 (共3层) 7室3厅 | 321.78平米 | 东 南 西 北,https://ke-image.ljcdn.com/110000-inspection/1729be34-99c2-4a5c-a2ed-afd1b0b6fd55_1000.jpg!m_fill,w_280,h_210,f_jpg?from=ke.com
20240229,大兴,大兴新机场,101119081012,富力丹麦小镇C区的下叠别墅边户花园102平米房主自荐,738万,39356元/平,底层 (共4层) | 2012年 | 5室2厅 | 187.52平米 | 南 西 北,https://ke-image.ljcdn.com/110000-inspection/ba266e84-347b-455d-9f9a-271305bc990c_1000.jpg!m_fill,w_280,h_210,f_jpg?from=ke.com
20240229,大兴,大兴新机场,101119022721,富力丹麦小镇A区 挑空户型独栋 满五唯一房主自荐,1380万,41039元/平,底层 (共2层) 6室4厅 | 336.27平米 | 南 北,https://ke-image.ljcdn.com/110000-inspection/pc1_ZxS3018Q6.jpg!m_fill,w_280,h_210,f_jpg?from=ke.com
20240229,大兴,大兴新机场,101118960370,富力丹麦小镇B区独栋别墅小区中间位置带300平米花园,1130万,31250元/平,底层 (共2层) | 2011年 | 6室2厅 | 361.61平米 | 东 南 西 北,https://ke-image.ljcdn.com/110000-inspection/1359ccaa-3e28-41c3-8706-e4ad4552a682_1000.jpg!m_fill,w_280,h_210,f_jpg?from=ke.com
20240229,大兴,大兴新机场,101118900581,富力华庭苑西区精装南北通透诚意出售,860万,32030元/平,底层 (共4层) 5室1厅 | 268.5平米 | 南 北,https://ke-image.ljcdn.com/110000-inspection/pc1_Z7kJBW8HU.jpg!m_fill,w_280,h_210,f_jpg?from=ke.com
20240229,大兴,大兴新机场,101118854735,御园C区 南北通透一居室 有电梯,170万,28086元/平,中楼层 (共15层) | 2014年 | 1室1厅 | 60.53平米 | 南 北,https://ke-image.ljcdn.com/110000-inspection/2c20e620-38eb-4dd4-b7f1-d3f0e78861c6_1000.jpg!m_fill,w_280,h_210,f_jpg?from=ke.com
20240229,大兴,大兴新机场,101118813667,龙熙顺景丙区  看房提前约诚心出售,560万,37087元/平,中楼层 (共4层) | 2012年 | 5室1厅 | 151平米 | 南 北,https://ke-image.ljcdn.com/110000-inspection/a8086d78-d8f4-4e2e-a8b9-6980871069e6_1000.jpg!m_fill,w_280,h_210,f_jpg?from=ke.com
20240229,大兴,大兴新机场,101118808194,富力华庭苑东区叠拼别墅精装修保持的好看房方便,785万,30227元/平,底层 (共4层) | 2014年 | 7室2厅 | 259.71平米 | 南 北,https://ke-image.ljcdn.com/110000-inspection/434a82a4-576e-4918-927c-38bc953aad5c_1000.jpg!m_fill,w_280,h_210,f_jpg?from=ke.com
20240229,大兴,大兴新机场,101118785511,富力华庭苑西区满五唯一叠拼别墅装修保持的好,710万,26541元/平,底层 (共3层) 6室2厅 | 267.52平米 | 南 北,https://ke-image.ljcdn.com/110000-inspection/pc1_qLUU6kmKS.jpg!m_fill,w_280,h_210,f_jpg?from=ke.com
20240229,大兴,大兴新机场,101118691774,富力丹麦小镇B区独栋别墅 小区中间位置 精装修,1380万,38163元/平,地下室 (共2层) 5室2厅 | 361.61平米 | 南 北,https://ke-image.ljcdn.com/110000-inspection/068bc4ce-a322-4795-80e3-f6b329d8ab17_1000.jpg!m_fill,w_280,h_210,f_jpg?from=ke.com
20240229,大兴,大兴新机场,101118625993,让您在城市生活中感受到自然的气息,960万,44080元/平,底层 (共2层) | 2005年 | 4室2厅 | 217.79平米 | 南 北,https://ke-image.ljcdn.com/110000-inspection/5ec55099-4cbb-4dca-8f67-00cbd31a2d34_1000.jpg!m_fill,w_280,h_210,f_jpg?from=ke.com
20240229,大兴,大兴新机场,101118593216,富力丹麦小镇D区  边户联排  满五唯一,890万,35397元/平,底层 (共3层) 7室2厅 | 251.44平米 | 南 北,https://ke-image.ljcdn.com/110000-inspection/pc1_g8UepiSMj.jpg!m_fill,w_280,h_210,f_jpg?from=ke.com
20240229,大兴,大兴新机场,101118574395,富力丹麦小镇A区  600平米客厅挑高户型方正,1980万,32989元/平,地下室 (共2层) | 2010年 | 6室3厅 | 600.21平米 | 南 北,https://ke-image.ljcdn.com/110000-inspection/0ed83057-f67b-46a8-b6b6-9551afbaf554_1000.jpg!m_fill,w_280,h_210,f_jpg?from=ke.com
20240229,大兴,大兴新机场,101118486640,南花园300平米满五年唯一住房拎包入住。,1090万,50049元/平,底层 (共2层) 4室2厅 | 217.79平米 | 南 北,https://ke-image.ljcdn.com/110000-inspection/8b5aa20c-dbb8-4b44-a80d-91642b574cd5_1000.jpg!m_fill,w_280,h_210,f_jpg?from=ke.com
20240229,大兴,大兴新机场,101118468822,隆盛园南北通透采光充足无遮挡 配套设施齐全出行方便,162万,19580元/平,顶层 (共6层) | 1999年 | 2室2厅 | 82.74平米 | 南 北,https://ke-image.ljcdn.com/110000-inspection/pc1_J7JOvi1jD_1.jpg!m_fill,w_280,h_210,f_jpg?from=ke.com
20240229,大兴,大兴新机场,101118454965,富力丹麦小镇D区南北通透两居室户型方正采光好,340万,27892元/平,底层 (共12层) | 2012年 | 2室1厅 | 121.9平米 | 南 北,https://ke-image.ljcdn.com/110000-inspection/12d1638d-153b-41a1-822a-964b48deacdf_1000.jpg!m_fill,w_280,h_210,f_jpg?from=ke.com
20240229,大兴,大兴新机场,101118351653,富力丹麦小镇D区 诚心出售 看房方便,289万,29924元/平,中楼层 (共12层) | 2011年 | 2室1厅 | 96.58平米 | 南,https://ke-image.ljcdn.com/110000-inspection/183d9746-40c5-4736-91f8-096c6f79596c_1000.jpg!m_fill,w_280,h_210,f_jpg?from=ke.com
20240229,大兴,大兴新机场,101118274910,独墅逸致 南入户东南北花园约900平南北通透 无遮挡,1490万,63343元/平,底层 (共2层) 8室2厅 | 235.23平米 | 南 北,https://ke-image.ljcdn.com/110000-inspection/5c3dbf05-a1ea-46ec-9980-a7e078457237_1000.jpg!m_fill,w_280,h_210,f_jpg?from=ke.com
20240229,大兴,大兴新机场,101118237256,独栋别墅 毛坯房 花园700平米满五年唯一住房,1198万,48704元/平,底层 (共3层) 5室2厅 | 245.98平米 | 南 北,https://ke-image.ljcdn.com/110000-inspection/1b4117cd-4e34-4644-bbaf-91d64b36c000_1000.jpg!m_fill,w_280,h_210,f_jpg?from=ke.com
20240229,大兴,大兴新机场,101118222873,花园洋房的叠拼别墅 满五年 南北通透格局房主自荐,495万,33003元/平,中楼层 (共4层) | 2014年 | 4室2厅 | 149.99平米 | 南 北,https://ke-image.ljcdn.com/110000-inspection/88975dc0-2c13-4e34-912c-4cf680c6cca2_1000.jpg!m_fill,w_280,h_210,f_jpg?from=ke.com
20240229,大兴,大兴新机场,101118162599,富力华庭苑西区 二次精装修 可拎包入住,749万,27998元/平,底层 (共2层) | 2013年 | 6室2厅 | 267.52平米 | 南 北,https://ke-image.ljcdn.com/110000-inspection/pc1_Gkt0a3oqB.jpg!m_fill,w_280,h_210,f_jpg?from=ke.com
20240229,大兴,大兴新机场,101118162068,独墅逸致 南北通透满五年唯一 三期采光好,1055万,48366元/平,底层 (共2层) | 2005年 | 5室2厅 | 218.13平米 | 南 北,https://ke-image.ljcdn.com/110000-inspection/05007c1f-e38f-4c7c-b286-1a4dc4d19868_1000.jpg!m_fill,w_280,h_210,f_jpg?from=ke.com
20240229,大兴,大兴新机场,101118161204,南北通透 南花园视野宽阔 采光好,968万,42895元/平,底层 (共2层) 6室2厅 | 225.67平米 | 南 北 西 东,https://ke-image.ljcdn.com/110000-inspection/pc1_buG6qPi7L.jpg!m_fill,w_280,h_210,f_jpg?from=ke.com
20240229,大兴,大兴新机场,101118145351,富力丹麦小镇A区南北通透独栋别墅,1630万,35072元/平,顶层 (共2层) | 2010年 | 4室3厅 | 464.77平米 | 南 北,https://ke-image.ljcdn.com/110000-inspection/c3c3e97d-8eef-4f3e-a2a1-36be6ce7032f_1000.jpg!m_fill,w_280,h_210,f_jpg?from=ke.com
20240229,大兴,大兴新机场,101118108826,南北通透三居室格局方正前后无遮挡,290万,25928元/平,高楼层 (共15层) | 2014年 | 3室2厅 | 111.85平米 | 南 北,https://ke-image.ljcdn.com/110000-inspection/pc1_I4KhREsPC.jpg!m_fill,w_280,h_210,f_jpg?from=ke.com
20240229,大兴,大兴新机场,101118093565,此房是满二的叠拼别墅二次装修保持的好看房方便,760万,28432元/平,底层 (共4层) | 2013年 | 6室2厅 | 267.31平米 | 南 北,https://ke-image.ljcdn.com/110000-inspection/c0c170a2-d1f5-4433-803e-6e62db852ab8_1000.jpg!m_fill,w_280,h_210,f_jpg?from=ke.com
20240229,大兴,大兴新机场,101118091351,御园A区 带电梯 南北通透两居 高楼层,218万,25711元/平,高楼层 (共15层) | 2014年 | 2室2厅 | 84.79平米 | 南 北,https://ke-image.ljcdn.com/110000-inspection/pc1_8hz8alVth.jpg!m_fill,w_280,h_210,f_jpg?from=ke.com
20240229,大兴,大兴新机场,101118081047,富力丹麦小镇A区独栋别墅格局合理,1190万,32126元/平,底层 (共2层) 5室3厅 | 370.42平米 | 南 北,https://ke-image.ljcdn.com/110000-inspection/pc1_ptjYb1Qa7.jpg!m_fill,w_280,h_210,f_jpg?from=ke.com
20240229,大兴,大兴新机场,101118021912,富力丹麦小镇D区南北通透全明格局高楼层精装三居室,395万,28998元/平,高楼层 (共12层) | 2011年 | 3室2厅 | 136.22平米 | 南 北 东,https://ke-image.ljcdn.com/110000-inspection/pc1_KF905wgz6_1.jpg!m_fill,w_280,h_210,f_jpg?from=ke.com
20240229,大兴,大兴新机场,101117966733,御园A区 精装南北通透2居 拎包即可入住,205万,24155元/平,高楼层 (共15层) | 2014年 | 2室1厅 | 84.87平米 | 南 北,https://ke-image.ljcdn.com/110000-inspection/pc1_nywXyVYFh_1.jpg!m_fill,w_280,h_210,f_jpg?from=ke.com
20240229,大兴,大兴新机场,101117956182,富力华庭苑东区南北通透3到4层精装修上叠别墅,520万,34702元/平,中楼层 (共4层) | 2014年 | 4室1厅 | 149.85平米 | 南 北,https://ke-image.ljcdn.com/110000-inspection/b3ff1ec1-83dd-4681-a276-08649361d257_1000.jpg!m_fill,w_280,h_210,f_jpg?from=ke.com
20240229,大兴,大兴新机场,101117947213,富力丹麦小镇D区   四室三卫洋房  精装自住房主自荐,575万,28479元/平,底层 (共6层) | 2012年 | 4室2厅 | 201.91平米 | 南 北,https://ke-image.ljcdn.com/110000-inspection/pc1_XZt78K05X.jpg!m_fill,w_280,h_210,f_jpg?from=ke.com
20240229,大兴,大兴新机场,101117927221,富力华庭苑东区 视野开阔南北通透三居室,292万,29049元/平,顶层 (共9层) | 2014年 | 3室2厅 | 100.52平米 | 南 北,https://ke-image.ljcdn.com/110000-inspection/pc1_dMy8PeTqp_1.jpg!m_fill,w_280,h_210,f_jpg?from=ke.com
20240229,大兴,大兴新机场,101117901854,御园E区 南北通透 满五唯一 有电梯,185万,24346元/平,低楼层 (共12层) 2室1厅 | 75.99平米 | 南 北,https://ke-image.ljcdn.com/110000-inspection/8cf85150-d428-480a-8eb9-00a8504bb2df_1000.jpg!m_fill,w_280,h_210,f_jpg?from=ke.com
20240229,大兴,大兴新机场,101117887012,富力丹麦小镇D区 自住精装三居室 双明卫,368万,28854元/平,低楼层 (共12层) | 2011年 | 3室1厅 | 127.54平米 | 南 北,https://ke-image.ljcdn.com/110000-inspection/86b7c76a-e5d8-400b-a6d9-0fb9bdaca64b_1000.jpg!m_fill,w_280,h_210,f_jpg?from=ke.com
20240229,大兴,大兴新机场,101117879406,富力华庭苑东区 东南2+1 位置好视野棒,260万,29109元/平,低楼层 (共9层) | 2014年 | 2室1厅 | 89.32平米 | 东南,https://ke-image.ljcdn.com/110000-inspection/af5db5fa-ab3a-4f06-bd4c-98ab93f366c7_1000.jpg!m_fill,w_280,h_210,f_jpg?from=ke.com
20240229,大兴,大兴新机场,101117774942,富力丹麦小镇D区南向三居室业主诚售满五唯一,378万,33097元/平,高楼层 (共12层) | 2012年 | 3室1厅 | 114.21平米 | 南,https://ke-image.ljcdn.com/110000-inspection/pc1_WDET0zCE6_1.jpg!m_fill,w_280,h_210,f_jpg?from=ke.com
20240229,大兴,大兴新机场,101117770257,御园D区   2012年小区  南向一居室,155万,28556元/平,底层 (共15层) | 2014年 | 1室1厅 | 54.28平米 | 南,https://ke-image.ljcdn.com/110000-inspection/45c2c9c3-3278-4ea1-b147-66fa718e4bbb_1000.jpg!m_fill,w_280,h_210,f_jpg?from=ke.com
20240229,大兴,大兴新机场,101117755643,富力丹麦小镇D区精装看房方便诚意出售,502万,24863元/平,底层 (共6层) | 2011年 | 3室2厅 | 201.91平米 | 南 北,https://ke-image.ljcdn.com/110000-inspection/296859ef-b4c7-49a3-ab2c-d907981dfee2_1000.jpg!m_fill,w_280,h_210,f_jpg?from=ke.com
20240229,大兴,大兴新机场,101117736155,龙熙顺景丁区 4室1厅 西南,420万,22809元/平,高楼层 (共12层) | 2006年 | 4室1厅 | 184.14平米 | 西南,https://ke-image.ljcdn.com/110000-inspection/pc1_bA2oLKFfO.jpg!m_fill,w_280,h_210,f_jpg?from=ke.com
20240229,大兴,大兴新机场,101117719286,隆盛西园小区南北通透两居室中间楼层采光好,185万,19012元/平,中楼层 (共6层) | 2002年 | 2室1厅 | 97.31平米 | 南 北,https://ke-image.ljcdn.com/110000-inspection/173326da-2108-40c8-8e45-5c7ef7f99be4_1000.jpg!m_fill,w_280,h_210,f_jpg?from=ke.com
20240229,大兴,大兴新机场,101117476878,御园C区  满五唯一  南北向 全明格局一居室,182万,30038元/平,高楼层 (共15层) | 2014年 | 1室1厅 | 60.59平米 | 北 南,https://ke-image.ljcdn.com/110000-inspection/pc1_nUARA9Pli_1.jpg!m_fill,w_280,h_210,f_jpg?from=ke.com
20240229,大兴,大兴新机场,101117292864,龙熙顺景乙区  满五唯一  精装修独栋,1900万,53819元/平,底层 (共3层) | 2005年 | 6室2厅 | 353.04平米 | 南 北 东 西,https://ke-image.ljcdn.com/110000-inspection/pc1_g9XKTAQu4_1.jpg!m_fill,w_280,h_210,f_jpg?from=ke.com
20240229,大兴,大兴新机场,101117267686,富力华庭苑西区上叠别墅业主诚心出售,550万,36763元/平,中楼层 (共4层) | 2013年 | 4室2厅 | 149.61平米 | 南 北,https://ke-image.ljcdn.com/110000-inspection/f770534d-eaf8-4808-9533-9cedc3883f59_1000.jpg!m_fill,w_280,h_210,f_jpg?from=ke.com
20240229,大兴,大兴新机场,101117246255,富力丹麦小镇A区精装修独栋别墅,1265万,33467元/平,底层 (共2层) | 2011年 | 5室2厅 | 377.99平米 | 南 北,https://ke-image.ljcdn.com/110000-inspection/ff5b033c-5a76-4436-9fff-101452261bbc_1000.jpg!m_fill,w_280,h_210,f_jpg?from=ke.com
20240229,大兴,大兴新机场,101117242183,隆盛园西区满五唯一南北通透两居室业主诚售,160万,19338元/平,顶层 (共6层) | 1999年 | 2室1厅 | 82.74平米 | 南 北,https://ke-image.ljcdn.com/110000-inspection/eb4ef02d-616a-4037-b075-a331d9705e1c_1000.jpg!m_fill,w_280,h_210,f_jpg?from=ke.com
20240229,大兴,大兴新机场,101117200735,富力华庭苑西区南北通透精装修下跃户型,420万,26084元/平,底层 (共8层) | 2013年 | 4室2厅 | 161.02平米 | 南 北,https://ke-image.ljcdn.com/110000-inspection/pc1_Io7bPUJ5S.jpg!m_fill,w_280,h_210,f_jpg?from=ke.com
20240229,大兴,大兴新机场,101117048895,南入户南花园300平米南北通透前后无遮挡拎包入住,1128万,49985元/平,底层 (共2层) | 2004年 | 4室2厅 | 225.67平米 | 南 北,https://ke-image.ljcdn.com/110000-inspection/pc1_F8byJXYhU.jpg!m_fill,w_280,h_210,f_jpg?from=ke.com
20240229,大兴,大兴新机场,101116995032,富力丹麦小镇D区 南北通透 采光好密度低,555万,36256元/平,中楼层 (共4层) | 2011年 | 4室2厅 | 153.08平米 | 南 北,https://ke-image.ljcdn.com/110000-inspection/8047e737-aca0-4568-9e6e-9be2f3635a1b_1000.jpg!m_fill,w_280,h_210,f_jpg?from=ke.com
20240229,大兴,大兴新机场,101116875020,富力华庭苑西区 南北通透 采光好视野好,433万,26830元/平,底层 (共7层) | 2013年 | 4室2厅 | 161.39平米 | 南 北,https://ke-image.ljcdn.com/110000-inspection/pc1_IwTfUo1Uk.jpg!m_fill,w_280,h_210,f_jpg?from=ke.com
20240229,大兴,大兴新机场,101116869553,独墅逸致 客厅挑高7米 精心设计装修 地源热水 电梯房主自荐,1380万,39368元/平,底层 (共3层) | 2005年 | 6室2厅 | 350.54平米 | 东 南 西 北,https://ke-image.ljcdn.com/110000-inspection/2665d150-384c-41f3-ad76-f81c24789817_1000.jpg!m_fill,w_280,h_210,f_jpg?from=ke.com
20240229,大兴,大兴新机场,101116851508,富力丹麦小镇A区 精装修独栋别墅房主自荐,1470万,31964元/平,底层 (共3层) 5室3厅 | 459.9平米 | 南 北,https://ke-image.ljcdn.com/110000-inspection/9d15a889-fced-4f96-85f6-ec5fc3caf648_1000.jpg!m_fill,w_280,h_210,f_jpg?from=ke.com
20240229,大兴,大兴新机场,101116828532,龙熙顺景甲区上叠别墅南北通透,550万,27113元/平,中楼层 (共4层) 4室2厅 | 202.86平米 | 南 北,https://ke-image.ljcdn.com/110000-inspection/9f144eeb-694e-44a2-bf36-bd0b3f734588_1000.jpg!m_fill,w_280,h_210,f_jpg?from=ke.com
20240229,大兴,大兴新机场,101116674631,富力丹麦小镇D区带电梯复式诚心出售,515万,26868元/平,高楼层 (共12层) 4室2厅 | 191.68平米 | 南 北,https://ke-image.ljcdn.com/110000-inspection/1ffce0f3-1f36-4e87-bd12-dcf8c9801269_1000.jpg!m_fill,w_280,h_210,f_jpg?from=ke.com
20240229,大兴,大兴新机场,101116603737,龙熙顺景丙区  诚心出售  看房方便,539万,35696元/平,中楼层 (共4层) | 2012年 | 5室1厅 | 151平米 | 南 北,https://ke-image.ljcdn.com/110000-inspection/pc1_krbXWVoUp_1.jpg!m_fill,w_280,h_210,f_jpg?from=ke.com
20240229,大兴,大兴新机场,101116554156,富力华庭园西区 高层采光好 电梯洋房 精装修,275万,30861元/平,高楼层 (共9层) | 2013年 | 3室2厅 | 89.11平米 | 东南,https://ke-image.ljcdn.com/110000-inspection/pc1_Z1wIbpBxZ_1.jpg!m_fill,w_280,h_210,f_jpg?from=ke.com
20240229,大兴,大兴新机场,101116470988,精装独栋别墅临水系二次装修,7800万,51179元/平,底层 (共2层) | 2005年 | 10室3厅 | 1524.08平米 | 东 南 西 北,https://ke-image.ljcdn.com/110000-inspection/pc1_s2cRDrIGY.jpg!m_fill,w_280,h_210,f_jpg?from=ke.com
20240229,大兴,大兴新机场,101116123789,精装修 满五年唯一住房 花园400平米边户,1100万,48348元/平,底层 (共3层) | 2005年 | 4室2厅 | 227.52平米 | 南 北,https://ke-image.ljcdn.com/110000-inspection/aee3d631-085b-4151-824f-1d93b42332f1_1000.jpg!m_fill,w_280,h_210,f_jpg?from=ke.com
20240229,大兴,大兴新机场,101115999886,此房是富力丹麦小镇D区联排别墅 南花园一百平米,850万,35534元/平,底层 (共3层) | 2011年 | 7室2厅 | 239.21平米 | 南 北,https://ke-image.ljcdn.com/110000-inspection/pc1_30UKzJ5HZ.jpg!m_fill,w_280,h_210,f_jpg?from=ke.com
20240229,大兴,大兴新机场,101115817869,客厅挑空户型干净毛坯房花园700平米,1198万,49876元/平,底层 (共2层) | 2005年 | 4室2厅 | 240.2平米 | 南 北,https://ke-image.ljcdn.com/110000-inspection/e10c4703-e82a-46b6-948e-a47ccea04907_1000.jpg!m_fill,w_280,h_210,f_jpg?from=ke.com
20240229,大兴,大兴新机场,101114702300,富力丹麦小镇C区 联排别墅  南入户北花园房主自荐,820万,34137元/平,底层 (共3层) | 2012年 | 6室2厅 | 240.21平米 | 南 北,https://ke-image.ljcdn.com/110000-inspection/3bd08fa2-658d-44a4-8652-97efd1568d09_1000.jpg!m_fill,w_280,h_210,f_jpg?from=ke.com
20240229,大兴,大兴新机场,101114639448,独墅逸致近两年精装修花园300平米房主自荐,1280万,56558元/平,底层 (共3层) | 2005年 | 5室3厅 | 226.32平米 | 东 南 西 北,https://ke-image.ljcdn.com/110000-inspection/pc1_qGOV54Sjz.jpg!m_fill,w_280,h_210,f_jpg?from=ke.com
20240229,大兴,大兴新机场,101114626611,富力丹麦小镇D区独栋别墅 小区中间位置 院子方正,1680万,36470元/平,底层 (共2层) | 2011年 | 4室2厅 | 460.66平米 | 南 北,https://ke-image.ljcdn.com/110000-inspection/8903b2be-91cc-4d59-84ed-d2211c3e7c0d_1000.jpg!m_fill,w_280,h_210,f_jpg?from=ke.com
20240229,大兴,大兴新机场,101114473861,富力丹麦小镇D区 联排别墅 诚心出售,820万,33804元/平,底层 (共3层) | 2011年 | 6室2厅 | 242.58平米 | 南 北,https://ke-image.ljcdn.com/110000-inspection/77897fc2-766f-4986-b328-8b24e9179298_1000.jpg!m_fill,w_280,h_210,f_jpg?from=ke.com
20240229,大兴,大兴新机场,101114358457,富力丹麦小镇A区 南北通透 采光充足 无遮挡,1430万,37982元/平,底层 (共2层) | 2011年 | 5室2厅 | 376.5平米 | 南 北,https://ke-image.ljcdn.com/110000-inspection/70fe8da1-f20c-4864-a903-1fbdde36f3c1_1000.jpg!m_fill,w_280,h_210,f_jpg?from=ke.com
20240229,大兴,大兴新机场,101114238262,富力丹麦小镇A区 采光充足 视野好,1320万,36504元/平,底层 (共2层) 4室2厅 | 361.61平米 | 东 南 西 北,https://ke-image.ljcdn.com/110000-inspection/0cb39c13-b64c-431c-a047-b68245ec3d68_1000.jpg!m_fill,w_280,h_210,f_jpg?from=ke.com
20240229,大兴,大兴新机场,101113944315,龙熙顺景乙区联排别墅毛坯一手房,835万,29733元/平,底层 (共2层) | 2006年 | 6室3厅 | 280.84平米 | 南 北,https://ke-image.ljcdn.com/110000-inspection/aee357a0-ae72-4ea2-83b1-c8c9f7b27574_1000.jpg!m_fill,w_280,h_210,f_jpg?from=ke.com
20240229,大兴,大兴新机场,101113903618,此房是精装修独栋别墅南北通透采光好看房方便,1300万,34393元/平,底层 (共2层) | 2011年 | 5室3厅 | 377.99平米 | 南 西 北 东,https://ke-image.ljcdn.com/110000-inspection/8b2f76a8-1499-4825-ae91-6aec905b01a4_1000.jpg!m_fill,w_280,h_210,f_jpg?from=ke.com
20240229,大兴,大兴新机场,101113319368,此房富力华庭苑东区下跃户型南北通透诚心出售。,460万,28503元/平,底层 (共9层) | 2014年 | 4室2厅 | 161.39平米 | 南 北,https://ke-image.ljcdn.com/110000-inspection/070579de-809d-487d-a132-e208248bfa01_1000.jpg!m_fill,w_280,h_210,f_jpg?from=ke.com
20240229,大兴,大兴新机场,101113271353,南入户 南北花园300平米 精装修地暖 拎包入住,830万,36780元/平,底层 (共2层) | 2004年 | 4室2厅 | 225.67平米 | 南 北,https://ke-image.ljcdn.com/110000-inspection/2c809aef-b85b-4b91-9440-2a9ec31a9927_1000.jpg!m_fill,w_280,h_210,f_jpg?from=ke.com
20240229,大兴,大兴新机场,101113245728,独墅逸致2007年建成独栋别墅 毛坯房占地450平米房主自荐,1179万,52781元/平,底层 (共3层) | 2004年 | 5室2厅 | 223.38平米 | 南 北,https://ke-image.ljcdn.com/110000-inspection/pc1_8UoKRBwBf.jpg!m_fill,w_280,h_210,f_jpg?from=ke.com
20240229,大兴,大兴新机场,101113211457,独栋别墅 新装修 花园800平米房主自荐,1120万,49227元/平,底层 (共2层) | 2005年 | 4室2厅 | 227.52平米 | 南 北,https://ke-image.ljcdn.com/110000-inspection/e78b3735-c321-4d84-8410-ee7c5ae4cbe7_1000.jpg!m_fill,w_280,h_210,f_jpg?from=ke.com
20240229,大兴,大兴新机场,101113184688,独墅逸致独栋别墅私家花园精装修70年产权商品房,950万,41328元/平,底层 (共2层) | 2005年 | 5室2厅 | 229.87平米 | 南 西 北,https://ke-image.ljcdn.com/110000-inspection/fd7bdf16-497f-41a6-885a-50145ab5a464_1000.jpg!m_fill,w_280,h_210,f_jpg?from=ke.com
20240229,大兴,大兴新机场,101113001742,三面无邻居私密性好南面无遮挡有水系居住舒适房主自荐,1390万,54291元/平,底层 (共2层) 5室2厅 | 256.03平米 | 南 北,https://ke-image.ljcdn.com/110000-inspection/pc1_YMT0cxmh4_1.jpg!m_fill,w_280,h_210,f_jpg?from=ke.com
20240229,大兴,大兴新机场,101112277981,独墅逸致 独栋别墅 大花园 户型方正,1030万,51697元/平,底层 (共2层) 4室2厅 | 199.24平米 | 东 南 西 北,https://ke-image.ljcdn.com/110000-inspection/392866a9-baf3-4ced-a704-f7ff97f23ea0_1000.jpg!m_fill,w_280,h_210,f_jpg?from=ke.com
20240229,大兴,大兴新机场,101112076926,此房是富力丹麦小镇D区联排别墅 中间户 2012年小区,880万,36557元/平,底层 (共3层) | 2012年 | 7室2厅 | 240.72平米 | 南 北,https://ke-image.ljcdn.com/110000-inspection/db5a12b4-4586-4d2d-9c70-09bc5b28964c_1000.jpg!m_fill,w_280,h_210,f_jpg?from=ke.com
20240229,大兴,大兴新机场,101111915355,三层带地下室挑空客厅精装花园350平米,1350万,38513元/平,底层 (共3层) | 2005年 | 5室2厅 | 350.54平米 | 南 北,https://ke-image.ljcdn.com/110000-inspection/pc1_Z4mLiK8y7_1.jpg!m_fill,w_280,h_210,f_jpg?from=ke.com
20240229,大兴,大兴新机场,101111486516,此房是富力丹麦小镇D区联排别墅 中间户 2012年小区,800万,32812元/平,底层 (共3层) | 2012年 | 7室1厅 | 243.82平米 | 南 北,https://ke-image.ljcdn.com/110000-inspection/a94ebdfa-29bf-42ca-9cb9-98c168516745_1000.jpg!m_fill,w_280,h_210,f_jpg?from=ke.com
20240229,大兴,大兴新机场,101111092702,隆盛西园小区户型好南北通透顶层复式房主自荐,269万,19761元/平,顶层 (共5层) | 2001年 | 4室2厅 | 136.13平米 | 南 北,https://ke-image.ljcdn.com/110000-inspection/pc1_tMRmr1qUo.jpg!m_fill,w_280,h_210,f_jpg?from=ke.com
20240229,大兴,大兴新机场,101110488232,此房是独墅逸致 独栋别墅把边位置 靠近小区南门,1149万,57244元/平,底层 (共2层) | 2004年 | 4室2厅 | 200.72平米 | 南 北,https://ke-image.ljcdn.com/110000-inspection/pc1_oAZoZMio6_1.jpg!m_fill,w_280,h_210,f_jpg?from=ke.com
20240229,大兴,大兴新机场,101109703574,富力丹麦小镇D区 精装独栋 满五唯一,1480万,45330元/平,底层 (共3层) | 2011年 | 5室2厅 | 326.5平米 | 南 北,https://ke-image.ljcdn.com/110000-inspection/pc1_yHSNDGYqA_1.jpg!m_fill,w_280,h_210,f_jpg?from=ke.com
20240229,大兴,大兴新机场,101109212014,大兴区 庞各庄镇 别墅区 独墅逸致,1360万,53128元/平,底层 (共2层) 7室3厅 | 255.99平米 | 东 南 西 北,https://ke-image.ljcdn.com/110000-inspection/pc1_tFyVFVNdR_1.jpg!m_fill,w_280,h_210,f_jpg?from=ke.com
20240229,大兴,大兴新机场,101108157482,三期独栋别墅花园585平米地下室150平米高3.8米,1200万,46711元/平,底层 (共2层) | 2013年 | 4室2厅 | 256.9平米 | 南 北,https://ke-image.ljcdn.com/110000-inspection/pc1_gzYz05xv4_1.jpg!m_fill,w_280,h_210,f_jpg?from=ke.com
20240229,大兴,大兴新机场,101105662991,龙景湾乙区  精装联排  满五年唯一,810万,28843元/平,地下室 (共2层) | 2009年 | 5室2厅 | 280.84平米 | 南 北,https://ke-image.ljcdn.com/110000-inspection/pc1_DSvrd0tAx_1.jpg!m_fill,w_280,h_210,f_jpg?from=ke.com
20240229,大兴,大兴新机场,101123102868,龙熙顺景甲区独栋别墅大花园满五唯一,1860万,29957元/平,底层 (共3层) 5室2厅 | 620.9平米 | 南 北,https://s1.ljcdn.com/pegasus/redskull/images/common/default_house_list.png?_v=20240222174411
20240229,大兴,大兴新机场,101123045832,此房满五年唯一户型方正业主诚心出售。新上,220万,18575元/平,中楼层 (共6层) | 2001年 | 3室2厅 | 118.44平米 | 南 北,https://s1.ljcdn.com/pegasus/redskull/images/common/default_house_list.png?_v=20240222174411
20240229,大兴,大兴新机场,101123039400,富力华庭苑西区  中高楼层  通透两居新上,235万,29941元/平,中楼层 (共7层) 2室1厅 | 78.49平米 | 东 西,https://s1.ljcdn.com/pegasus/redskull/images/common/default_house_list.png?_v=20240222174411
20240229,大兴,大兴新机场,101123036962,隆盛园 2室2厅 南 北新上,195万,20201元/平,顶层 (共5层) | 2001年 | 2室2厅 | 96.53平米 | 南 北,https://s1.ljcdn.com/pegasus/redskull/images/common/default_house_list.png?_v=20240222174411
20240229,大兴,大兴新机场,101123010606,富力丹麦小镇D区 5室1厅 南 北新上,540万,29028元/平,底层 (共12层) | 2012年 | 5室1厅 | 186.03平米 | 南 北,https://s1.ljcdn.com/pegasus/redskull/images/common/default_house_list.png?_v=20240222174411
20240229,大兴,大兴新机场,101123010160,御园A区 2室2厅 南 北新上,230万,27126元/平,底层 (共15层) | 2012年 | 2室2厅 | 84.79平米 | 南 北,https://s1.ljcdn.com/pegasus/redskull/images/common/default_house_list.png?_v=20240222174411
20240229,大兴,大兴新机场,101123004108,众美MIMO公馆 1室1厅 北新上,39万,12257元/平,中楼层 (共5层) | 2017年 | 1室1厅 | 31.82平米 | 北,https://s1.ljcdn.com/pegasus/redskull/images/common/default_house_list.png?_v=20240222174411
20240229,大兴,大兴新机场,101122921339,众美MIMO公馆 1室0厅 南,60万,10922元/平,中楼层 (共5层) | 2014年 | 1室0厅 | 54.94平米 | 南,https://s1.ljcdn.com/pegasus/redskull/images/common/default_house_list.png?_v=20240222174411
20240229,大兴,大兴新机场,101122875277,龙熙旭辉6號院 5室3厅 南 北,360万,22442元/平,中楼层 (共4层) 5室3厅 | 160.42平米 | 南 北,https://s1.ljcdn.com/pegasus/redskull/images/common/default_house_list.png?_v=20240222174411
20240229,大兴,大兴新机场,101122865901,天恒旭辉七号院上叠中间户买两层多一层,350万,26386元/平,中楼层 (共6层) | 2018年 | 5室2厅 | 132.65平米 | 南 北,https://s1.ljcdn.com/pegasus/redskull/images/common/default_house_list.png?_v=20240222174411
20240229,大兴,大兴新机场,101122864780,天恒旭辉7号院联排别墅户型好有车位,938万,52635元/平,底层 (共3层) 5室2厅 | 178.21平米 | 南 北,https://s1.ljcdn.com/pegasus/redskull/images/common/default_house_list.png?_v=20240222174411
20240229,大兴,大兴新机场,101122649727,龙熙旭辉6號院 3室2厅 南 北,520万,33012元/平,中楼层 (共4层) 3室2厅 | 157.52平米 | 南 北,https://s1.ljcdn.com/pegasus/redskull/images/common/default_house_list.png?_v=20240222174411
20240229,大兴,大兴新机场,101122564315,富力飞常HAOS 商业办公类 可注册,118万,10560元/平,高楼层 (共6层) | 2015年 | 3室1厅 | 111.75平米 | 南,https://s1.ljcdn.com/pegasus/redskull/images/common/default_house_list.png?_v=20240222174411
20240229,大兴,大兴新机场,101122323693,天恒旭辉7号院  精装 中间楼层 商办楼,160万,21805元/平,顶层 (共7层) 4室1厅 | 73.38平米 | 西,https://s1.ljcdn.com/pegasus/redskull/images/common/default_house_list.png?_v=20240222174411
20240229,大兴,大兴新机场,101122125784,龙熙旭辉6號院毛坯上叠上下4层南北向有车位,248万,20065元/平,中楼层 (共5层) 4室1厅 | 123.6平米 | 南 北,https://s1.ljcdn.com/pegasus/redskull/images/common/default_house_list.png?_v=20240222174411
20240229,大兴,大兴新机场,101122110503,富力飞常HAOS 商业办公类 精装修 可注册,115万,11215元/平,中楼层 (共5层) | 2015年 | 3室1厅 | 102.55平米 | 南,https://s1.ljcdn.com/pegasus/redskull/images/common/default_house_list.png?_v=20240222174411
20240229,大兴,大兴新机场,101121853548,龙熙旭辉6號院  精装南北通透,340万,28237元/平,中楼层 (共4层) 4室2厅 | 120.41平米 | 南 北,https://s1.ljcdn.com/pegasus/redskull/images/common/default_house_list.png?_v=20240222174411
20240229,大兴,大兴新机场,101121846591,富力飞常HAOS 可注册 商业办公类,115万,10933元/平,顶层 (共6层) | 2015年 | 2室2厅 | 105.19平米 | 北 南,https://s1.ljcdn.com/pegasus/redskull/images/common/default_house_list.png?_v=20240222174411
20240229,大兴,大兴新机场,101121775727,富力飞常HAOS 商业办公类 可注册,105万,9669元/平,中楼层 (共6层) | 2015年 | 3室1厅 | 108.6平米 | 北,https://s1.ljcdn.com/pegasus/redskull/images/common/default_house_list.png?_v=20240222174411
20240229,大兴,大兴新机场,101121756616,众美公馆 地暖 50年办公性质,40万,13137元/平,中楼层 (共5层) | 2014年 | 1室1厅 | 30.45平米 | 北,https://s1.ljcdn.com/pegasus/redskull/images/common/default_house_list.png?_v=20240222174411
20240229,大兴,大兴新机场,101121691969,众美MIMO公馆 1室1厅 北,36万,11823元/平,顶层 (共5层) | 2014年 | 1室1厅 | 30.45平米 | 北,https://s1.ljcdn.com/pegasus/redskull/images/common/default_house_list.png?_v=20240222174411
20240229,大兴,大兴新机场,101121643347,天恒旭辉7号院 房子是商品房办公 只能全款,135万,22828元/平,中楼层 (共7层) | 2018年 | 3室1厅 | 59.14平米 | 东,https://s1.ljcdn.com/pegasus/redskull/images/common/default_house_list.png?_v=20240222174411
20240229,大兴,大兴新机场,101121605044,龙熙旭辉6號院 3室2厅 南 北,248万,19944元/平,中楼层 (共6层) | 2016年 | 3室2厅 | 124.35平米 | 南 北,https://s1.ljcdn.com/pegasus/redskull/images/common/default_house_list.png?_v=20240222174411
20240229,大兴,大兴新机场,101121604919,龙熙旭辉6號院 4室2厅 南 北,380万,23349元/平,中楼层 (共6层) | 2016年 | 4室2厅 | 162.75平米 | 南 北,https://s1.ljcdn.com/pegasus/redskull/images/common/default_house_list.png?_v=20240222174411
20240229,大兴,大兴新机场,101121580242,龙熙旭辉6號院 5室2厅 南,698万,40908元/平,底层 (共6层) 5室2厅 | 170.63平米 | 南,https://s1.ljcdn.com/pegasus/redskull/images/common/default_house_list.png?_v=20240222174411
20240229,大兴,大兴新机场,101121533539,龙熙旭辉6號院 4室2厅 南 北,230万,18622元/平,中楼层 (共5层) 4室2厅 | 123.51平米 | 南 北,https://s1.ljcdn.com/pegasus/redskull/images/common/default_house_list.png?_v=20240222174411
20240229,大兴,大兴新机场,101121495890,众美MIMO公馆 1室1厅 北,38万,12480元/平,中楼层 (共5层) | 2014年 | 1室1厅 | 30.45平米 | 北,https://s1.ljcdn.com/pegasus/redskull/images/common/default_house_list.png?_v=20240222174411
20240229,大兴,大兴新机场,101121461295,小区封闭式管理地下车库停车,70万,19027元/平,顶层 (共7层) 2室1厅 | 36.79平米 | 西,https://s1.ljcdn.com/pegasus/redskull/images/common/default_house_list.png?_v=20240222174411
20240229,大兴,大兴新机场,101121453911,天恒旭辉7号院小区封闭式管理地下车库停车密度低,109万,18431元/平,低楼层 (共7层) 2室2厅 | 59.14平米 | 东 西,https://s1.ljcdn.com/pegasus/redskull/images/common/default_house_list.png?_v=20240222174411
20240229,大兴,大兴新机场,101121414180,天恒旭辉7号院  联排别墅  边户,950万,53455元/平,底层 (共4层) | 2018年 | 5室2厅 | 177.72平米 | 南 北,https://s1.ljcdn.com/pegasus/redskull/images/common/default_house_list.png?_v=20240222174411
20240229,大兴,大兴新机场,101121249922,众美公馆 地暖 50年产权办公性质,45万,14779元/平,顶层 (共5层) | 2014年 | 1室1厅 | 30.45平米 | 北,https://s1.ljcdn.com/pegasus/redskull/images/common/default_house_list.png?_v=20240222174411
20240229,大兴,大兴新机场,101121010810,富力飞常HAOS 商业办公类  产权清晰 全新,252万,11914元/平,顶层 (共6层) 5室2厅 | 211.52平米 | 西,https://s1.ljcdn.com/pegasus/redskull/images/common/default_house_list.png?_v=20240222174411
20240229,大兴,大兴新机场,101120808782,众美MIMO公馆户型方正可随时签约,55万,10622元/平,顶层 (共5层) | 2014年 | 1室1厅 | 51.78平米 | 北,https://s1.ljcdn.com/pegasus/redskull/images/common/default_house_list.png?_v=20240222174411
20240229,大兴,大兴新机场,101120548009,精装交房无遮挡配套齐全开间,36万,15639元/平,中楼层 (共5层) | 2014年 | 1室0厅 | 23.02平米 | 南,https://s1.ljcdn.com/pegasus/redskull/images/common/default_house_list.png?_v=20240222174411
20240229,大兴,大兴新机场,101120539532,龙熙旭辉6號院别墅业主诚心卖,460万,35448元/平,底层 (共3层) 4室2厅 | 129.77平米 | 南 北,https://s1.ljcdn.com/pegasus/redskull/images/common/default_house_list.png?_v=20240222174411
20240229,大兴,大兴新机场,101120432495,龙熙旭辉6號院  毛坯上叠  人车分流  看房有钥匙,240万,19791元/平,中楼层 (共4层) | 2017年 | 4室2厅 | 121.27平米 | 南 北,https://s1.ljcdn.com/pegasus/redskull/images/common/default_house_list.png?_v=20240222174411
20240229,大兴,大兴新机场,101120313260,龙熙公馆 2室1厅 南,230万,20304元/平,中楼层 (共12层) 2室1厅 | 113.28平米 | 南,https://s1.ljcdn.com/pegasus/redskull/images/common/default_house_list.png?_v=20240222174411
20240229,大兴,大兴新机场,101120156019,龙熙旭辉6號院  精装修  下叠 看房提前预约,598万,44657元/平,底层 (共4层) | 2017年 | 4室2厅 | 133.91平米 | 南 北,https://s1.ljcdn.com/pegasus/redskull/images/common/default_house_list.png?_v=20240222174411
20240229,大兴,大兴新机场,101119806516,众美MIMO公馆  人车分流  电梯入户,48万,15764元/平,顶层 (共5层) | 2017年 | 1室0厅 | 30.45平米 | 北,https://s1.ljcdn.com/pegasus/redskull/images/common/default_house_list.png?_v=20240222174411
20240229,大兴,大兴新机场,101119803027,天恒旭辉7号院 空间充分利用  优质小户型,108万,18262元/平,低楼层 (共7层) | 2018年 | 2室1厅 | 59.14平米 | 东,https://s1.ljcdn.com/pegasus/redskull/images/common/default_house_list.png?_v=20240222174411
20240229,大兴,大兴新机场,101119768653,天恒旭辉7号院  一层 挑高比中间楼层高米,130万,35336元/平,底层 (共7层) | 2017年 | 2室1厅 | 36.79平米 | 北,https://s1.ljcdn.com/pegasus/redskull/images/common/default_house_list.png?_v=20240222174411
20240229,大兴,大兴新机场,101119744141,庞各庄富力飞常次顶层210平大平层次新房,260万,12383元/平,高楼层 (共6层) | 2015年 | 5室2厅 | 209.98平米 | 西,https://s1.ljcdn.com/pegasus/redskull/images/common/default_house_list.png?_v=20240222174411
20240229,大兴,大兴新机场,101119630624,富力飞常HAOS  商业办公类  可注册,135万,14622元/平,低楼层 (共6层) 2室1厅 | 92.33平米 | 北,https://s1.ljcdn.com/pegasus/redskull/images/common/default_house_list.png?_v=20240222174411
20240229,大兴,大兴新机场,101119509335,天恒旭辉7号院 商业办公类 可注册,380万,29331元/平,底层 (共5层) | 2018年 | 6室3厅 | 129.56平米 | 南 北,https://s1.ljcdn.com/pegasus/redskull/images/common/default_house_list.png?_v=20240222174411
20240229,大兴,大兴新机场,101119352216,富力飞常HAOS 商业办公类 南向 可注册,115万,11123元/平,顶层 (共6层) | 2015年 | 3室2厅 | 103.39平米 | 南,https://s1.ljcdn.com/pegasus/redskull/images/common/default_house_list.png?_v=20240222174411
20240229,大兴,大兴新机场,101119277748,龙熙旭辉6號院 叠拼 有花园 带电梯,377万,28154元/平,底层 (共3层) | 2018年 | 4室2厅 | 133.91平米 | 北 南,https://s1.ljcdn.com/pegasus/redskull/images/common/default_house_list.png?_v=20240222174411
20240229,大兴,大兴新机场,101118872205,富力飞常HAOS  商业办公类,85万,10794元/平,低楼层 (共6层) | 2015年 | 2室1厅 | 78.75平米 | 北,https://s1.ljcdn.com/pegasus/redskull/images/common/default_house_list.png?_v=20240222174411
20240229,大兴,大兴新机场,101118513104,天恒旭辉7号院 诚心出售 看房方便房主自荐,385万,29103元/平,底层 (共5层) | 2018年 | 5室2厅 | 132.29平米 | 南 北,https://s1.ljcdn.com/pegasus/redskull/images/common/default_house_list.png?_v=20240222174411
20240229,大兴,大兴新机场,101118172476,天恒旭辉7号院 上叠使用面积150平,245万,18472元/平,中楼层 (共6层) 4室2厅 | 132.64平米 | 南 北,https://s1.ljcdn.com/pegasus/redskull/images/common/default_house_list.png?_v=20240222174411
20240229,大兴,大兴新机场,101117575204,龙熙旭辉6號院上叠别墅精装边户南北通透,465万,28551元/平,中楼层 (共6层) | 2017年 | 7室1厅 | 162.87平米 | 南 北,https://s1.ljcdn.com/pegasus/redskull/images/common/default_house_list.png?_v=20240222174411
20240229,大兴,大兴新机场,101117481583,富力飞常HAOS 商业办公类 可注册地址,115万,13272元/平,高楼层 (共6层) | 2015年 | 2室1厅 | 86.65平米 | 南,https://s1.ljcdn.com/pegasus/redskull/images/common/default_house_list.png?_v=20240222174411
20240229,大兴,大兴新机场,101117385310,精装修次顶层采光好单价低,153万,10835元/平,高楼层 (共6层) | 2014年 | 4室2厅 | 141.22平米 | 西,https://s1.ljcdn.com/pegasus/redskull/images/common/default_house_list.png?_v=20240222174411
20240229,大兴,大兴新机场,101117181174,龙熙瓦德拉玛庄园 独栋别墅 看房方便,899万,18215元/平,底层 (共2层) 5室2厅 | 493.55平米 | 南 北,https://s1.ljcdn.com/pegasus/redskull/images/common/default_house_list.png?_v=20240222174411
20240229,大兴,大兴新机场,101117146821,富力飞常HAOS精装修诚意出售看房方便,180万,12703元/平,中楼层 (共6层) 3室2厅 | 141.7平米 | 南,https://s1.ljcdn.com/pegasus/redskull/images/common/default_house_list.png?_v=20240222174411
20240229,大兴,大兴新机场,101116962413,众美MIMO公馆  精装修  电梯房,60万,10922元/平,中楼层 (共5层) | 2014年 | 1室1厅 | 54.94平米 | 南,https://s1.ljcdn.com/pegasus/redskull/images/common/default_house_list.png?_v=20240222174411
20240229,大兴,大兴新机场,101116515546,天恒旭辉7号院办公类两层挑高7.2米可以注册公司,170万,28746元/平,顶层 (共7层) 3室1厅 | 59.14平米 | 东 西,https://s1.ljcdn.com/pegasus/redskull/images/common/default_house_list.png?_v=20240222174411
20240229,大兴,大兴新机场,101116301802,小区封闭式管理地下车库停车密度低挑空7.2米,75万,20386元/平,中楼层 (共7层) | 2018年 | 1室1厅 | 36.79平米 | 西,https://s1.ljcdn.com/pegasus/redskull/images/common/default_house_list.png?_v=20240222174411
20240229,大兴,大兴新机场,101116282867,商品房 办公类 可注册公司 北向两层 视野开阔,345万,25494元/平,中楼层 (共4层) | 2018年 | 3室2厅 | 135.33平米 | 南 北,https://s1.ljcdn.com/pegasus/redskull/images/common/default_house_list.png?_v=20240222174411
20240229,大兴,大兴新机场,101115346246,旭辉6号院下叠别墅 南北通透 看房随时房主自荐,398万,30670元/平,底层 (共3层) | 2016年 | 4室3厅 | 129.77平米 | 南 北,https://s1.ljcdn.com/pegasus/redskull/images/common/default_house_list.png?_v=20240222174411
20240229,大兴,大兴新机场,101114740280,天恒旭辉7号院 面积大 楼龄新总价合适房主自荐,120万,15773元/平,低楼层 (共10层) | 2018年 | 3室1厅 | 76.08平米 | 南 北,https://s1.ljcdn.com/pegasus/redskull/images/common/default_house_list.png?_v=20240222174411
20240229,大兴,大兴新机场,101114339855,龙熙旭辉6號院  上叠 带电梯,249万,20337元/平,顶层 (共3层) | 2016年 | 4室1厅 | 122.44平米 | 南 北,https://s1.ljcdn.com/pegasus/redskull/images/common/default_house_list.png?_v=20240222174411
20240229,大兴,大兴新机场,101114152454,天恒旭辉7号院 精装办公类别墅 个人可全款购买房主自荐,600万,45960元/平,中楼层 (共6层) | 2016年 | 4室2厅 | 130.55平米 | 南 北,https://s1.ljcdn.com/pegasus/redskull/images/common/default_house_list.png?_v=20240222174411
20240229,大兴,大兴新机场,101114009503,富力飞常HAOS 总高6层南向 精装修单价低,185万,13647元/平,顶层 (共6层) | 2015年 | 3室2厅 | 135.57平米 | 东南,https://s1.ljcdn.com/pegasus/redskull/images/common/default_house_list.png?_v=20240222174411
20240229,大兴,大兴新机场,101113981392,龙熙旭辉6號院  上下叠拼   市政统一供暖,275万,22466元/平,中楼层 (共4层) | 2016年 | 3室2厅 | 122.41平米 | 南 北,https://s1.ljcdn.com/pegasus/redskull/images/common/default_house_list.png?_v=20240222174411
20240229,大兴,大兴新机场,101113235185,龙熙旭辉6號院 上下叠 南北通透 有车库,468万,35353元/平,底层 (共4层) | 2017年 | 3室2厅 | 132.38平米 | 南 北,https://s1.ljcdn.com/pegasus/redskull/images/common/default_house_list.png?_v=20240222174411
20240229,大兴,大兴新机场,101112640311,龙熙旭辉6號院 精装修 50年商办,120万,24974元/平,中楼层 (共9层) | 2017年 | 1室1厅 | 48.05平米 | 东,https://s1.ljcdn.com/pegasus/redskull/images/common/default_house_list.png?_v=20240222174411
20240229,大兴,大兴新机场,101112063172,龙熙旭辉6號院 人车分流 24小时安保,149万,25195元/平,高楼层 (共9层) | 2017年 | 1室1厅 | 59.14平米 | 东,https://s1.ljcdn.com/pegasus/redskull/images/common/default_house_list.png?_v=20240222174411
20240229,大兴,大兴新机场,101111585985,天恒旭辉7号院上下两层精装商品房,200万,33819元/平,底层 (共10层) | 2018年 | 2室2厅 | 59.14平米 | 西 东,https://s1.ljcdn.com/pegasus/redskull/images/common/default_house_list.png?_v=20240222174411
20240229,大兴,大兴新机场,101111305245,龙熙瓦德拉玛庄园 独栋别墅 诚心出售,1250万,25893元/平,底层 (共2层) 5室2厅 | 482.77平米 | 南 北 东 西,https://s1.ljcdn.com/pegasus/redskull/images/common/default_house_list.png?_v=20240222174411
20240229,大兴,大兴新机场,101110096894,天恒旭辉7号院 商业办公精装两层挑空7.2米,80万,21746元/平,顶层 (共7层) | 2018年 | 1室1厅 | 36.79平米 | 西,https://s1.ljcdn.com/pegasus/redskull/images/common/default_house_list.png?_v=20240222174411
20240229,大兴,大兴新机场,101109274255,商品房上下两层房本是单层面积视野好,170万,28746元/平,高楼层 (共7层) | 2018年 | 3室1厅 | 59.14平米 | 东 西,https://s1.ljcdn.com/pegasus/redskull/images/common/default_house_list.png?_v=20240222174411
20240229,大兴,大兴新机场,101105649573,富力飞常HAOS办公低楼层精装修房主自荐,145万,14549元/平,低楼层 (共6层) | 2015年 | 3室1厅 | 99.67平米 | 南,https://s1.ljcdn.com/pegasus/redskull/images/common/default_house_list.png?_v=20240222174411
