20240723,门头沟,冯村,101125405156,欣六园 南向两居室 户型方正必看好房,179万,24997元/平,中楼层 (共5层) | 2012年 | 2室1厅 | 71.61平米 | 南 北,https://ke-image.ljcdn.com/110000-inspection/ec3a28b1-8b75-4412-8d6f-c4239be4d4e5_1000.jpg!m_fill,w_280,h_210,f_jpg?from=ke.com
20240723,门头沟,冯村,101125389223,北京城建上悦居东区优质三居室通透户型必看好房,339万,38523元/平,中楼层 (共21层) 3室1厅 | 88平米 | 南 北,https://ke-image.ljcdn.com/110000-inspection/da52f5f8-55a7-44f5-8bd4-03064e7f0e05_1000.jpg!m_fill,w_280,h_210,f_jpg?from=ke.com
20240723,门头沟,冯村,101125326993,满五唯一商品房 南向两居 精装修 拎包入住必看好房,279万,36333元/平,低楼层 (共21层) | 2018年 | 2室1厅 | 76.79平米 | 南,https://ke-image.ljcdn.com/110000-inspection/8c9dc344-60ad-4b0f-b2a0-1033ae1fb735_1000.jpg!m_fill,w_280,h_210,f_jpg?from=ke.com
20240723,门头沟,冯村,101125141413,四季怡园北区满五年中楼层视野开阔必看好房,290万,33159元/平,中楼层 (共20层) 3室1厅 | 87.46平米 | 南 西,https://ke-image.ljcdn.com/110000-inspection/pc1_7QWEEITDj.jpg!m_fill,w_280,h_210,f_jpg?from=ke.com
20240723,门头沟,冯村,101124938266,北京城建上悦居 3室1厅 南 北必看好房,329万,36621元/平,高楼层 (共21层) 3室1厅 | 89.84平米 | 南 北,https://ke-image.ljcdn.com/110000-inspection/pc1_I6MCQ4VCC.jpg!m_fill,w_280,h_210,f_jpg?from=ke.com
20240723,门头沟,冯村,101125237929,和苑 正南一居室 双飘窗 南向阳台,268万,34729元/平,中楼层 (共28层) | 2012年 | 1室1厅 | 77.17平米 | 南,https://ke-image.ljcdn.com/110000-inspection/1b49ed14-5717-4db5-a6a6-d050b4ff1e2d_1000.jpg!m_fill,w_280,h_210,f_jpg?from=ke.com
20240723,门头沟,冯村,101125166769,四季怡园北区高楼层满五唯一看房方便,260万,37394元/平,高楼层 (共20层) | 2018年 | 2室1厅 | 69.53平米 | 东南,https://ke-image.ljcdn.com/110000-inspection/bf65c43e-fd34-4a44-945b-4392ca3245a1_1000.jpg!m_fill,w_280,h_210,f_jpg?from=ke.com
20240723,门头沟,冯村,101125111591,四季怡园北区两居室东边户中高楼层采光好必看好房,239万,34374元/平,中楼层 (共20层) | 2018年 | 2室1厅 | 69.53平米 | 东 南 北,https://ke-image.ljcdn.com/110000-inspection/pc1_7SWjMdyTZ_1.jpg!m_fill,w_280,h_210,f_jpg?from=ke.com
20240723,门头沟,冯村,101125002460,北京城建上悦居东区 2室1厅 南,285万,37115元/平,低楼层 (共21层) | 2018年 | 2室1厅 | 76.79平米 | 南,https://ke-image.ljcdn.com/110000-inspection/6928a6e4-5044-4b85-945e-e85bd1420c82_1000.jpg!m_fill,w_280,h_210,f_jpg?from=ke.com
20240723,门头沟,冯村,101124944105,欣六园电梯中间层采光充足视野开阔南北通透舒适大两居,230万,25162元/平,中楼层 (共11层) | 2012年 | 2室1厅 | 91.41平米 | 南 北,https://ke-image.ljcdn.com/110000-inspection/pc1_GNCfA5La9_1.jpg!m_fill,w_280,h_210,f_jpg?from=ke.com
20240723,门头沟,冯村,101124841400,四季怡园南区南向三居室随时可看必看好房,296万,33308元/平,中楼层 (共20层) 3室1厅 | 88.87平米 | 南,https://ke-image.ljcdn.com/110000-inspection/7a6b0cf6-35b9-43e4-b2f5-9e12476b7fe0_1000.jpg!m_fill,w_280,h_210,f_jpg?from=ke.com
20240723,门头沟,冯村,101124715928,四季怡园南区南北三居室户型方正随时看必看好房,309万,34677元/平,低楼层 (共20层) 3室1厅 | 89.11平米 | 南 北,https://ke-image.ljcdn.com/110000-inspection/fb8a4857-71af-48e0-a283-c0d20bf23900_1000.jpg!m_fill,w_280,h_210,f_jpg?from=ke.com
20240723,门头沟,冯村,101124652656,丽景长安像公园一样的小区 业主静待有缘人必看好房,318万,35819元/平,低楼层 (共26层) 2室1厅 | 88.78平米 | 南,https://ke-image.ljcdn.com/110000-inspection/pc1_37uBC7URf.jpg!m_fill,w_280,h_210,f_jpg?from=ke.com
20240723,门头沟,冯村,101124468828,北京城建上悦居 2室1厅 南必看好房,260万,35102元/平,低楼层 (共21层) 2室1厅 | 74.07平米 | 南,https://ke-image.ljcdn.com/110000-inspection/72fc3696-f8c0-40a4-a75d-5c995cd0e1c6_1000.jpg!m_fill,w_280,h_210,f_jpg?from=ke.com
20240723,门头沟,冯村,101124386746,丽景长安 3室1厅 南 西 北必看好房,520万,37154元/平,低楼层 (共10层) | 2012年 | 3室1厅 | 139.96平米 | 南 西 北,https://ke-image.ljcdn.com/110000-inspection/pc1_PHaYQdBHc.jpg!m_fill,w_280,h_210,f_jpg?from=ke.com
20240723,门头沟,冯村,101124269686,润西山 南北通透 低楼层 三居室必看好房,518万,40422元/平,低楼层 (共10层) | 2014年 | 3室2厅 | 128.15平米 | 南 北,https://ke-image.ljcdn.com/110000-inspection/pc1_22Gf3NOxf_1.jpg!m_fill,w_280,h_210,f_jpg?from=ke.com
20240723,门头沟,冯村,101124216842,冯村信园精装修两居室 中间楼层 进出方便必看好房,235万,32635元/平,中楼层 (共6层) 2室1厅 | 72.01平米 | 南 北,https://ke-image.ljcdn.com/110000-inspection/pc1_yJ5d7lOWz_1.jpg!m_fill,w_280,h_210,f_jpg?from=ke.com
20240723,门头沟,冯村,101124025986,四季怡园北区精装修看房方便采光好必看好房,285万,32587元/平,底层 (共20层) 3室1厅 | 87.46平米 | 东 南,https://ke-image.ljcdn.com/110000-inspection/pc1_rE9qzSoZ1.jpg!m_fill,w_280,h_210,f_jpg?from=ke.com
20240723,门头沟,冯村,101123711528,丽景长安一期 南北通透两居室  高楼层  采光好,319万,34302元/平,中楼层 (共26层) | 2014年 | 2室1厅 | 93平米 | 南 北,https://ke-image.ljcdn.com/110000-inspection/a1743bd7-25c2-425c-b48c-11a2ced621a7_1000.jpg!m_fill,w_280,h_210,f_jpg?from=ke.com
20240723,门头沟,冯村,101123536271,此房精装修满五唯一自如装修 全套家具必看好房,305万,34336元/平,顶层 (共26层) 2室1厅 | 88.83平米 | 南,https://ke-image.ljcdn.com/110000-inspection/pc1_HlG8Yya6r.jpg!m_fill,w_280,h_210,f_jpg?from=ke.com
20240723,门头沟,冯村,101123409985,此楼地势高楼层好采光好诚心出售视野开阔配套全,625万,41141元/平,中楼层 (共18层) | 2016年 | 4室2厅 | 151.92平米 | 南 北,https://ke-image.ljcdn.com/110000-inspection/pc1_rjUHyxd07_1.jpg!m_fill,w_280,h_210,f_jpg?from=ke.com
20240723,门头沟,冯村,101123354189,和苑 2室1厅 南 北必看好房,258万,29048元/平,底层 (共28层) | 2012年 | 2室1厅 | 88.82平米 | 南 北,https://ke-image.ljcdn.com/110000-inspection/pc1_KGhkS5EwQ.jpg!m_fill,w_280,h_210,f_jpg?from=ke.com
20240723,门头沟,冯村,101122787655,四季怡园北区南北通透三居室楼间距大,330万,37125元/平,低楼层 (共20层) 3室1厅 | 88.89平米 | 南 北,https://ke-image.ljcdn.com/110000-inspection/pc1_Gi0ARwxNu_1.jpg!m_fill,w_280,h_210,f_jpg?from=ke.com
20240723,门头沟,冯村,101122507819,丽景一期南北通透不临街无遮挡无抵押两居室必看好房,320万,34817元/平,低楼层 (共23层) 2室1厅 | 91.91平米 | 南 北,https://ke-image.ljcdn.com/110000-inspection/pc1_pUJl5xbGa.jpg!m_fill,w_280,h_210,f_jpg?from=ke.com
20240723,门头沟,冯村,101120283838,中间位置一天未住全新两居！高楼层视野采光好！,379万,43509元/平,高楼层 (共23层) 2室1厅 | 87.11平米 | 南,https://ke-image.ljcdn.com/110000-inspection/pc1_RhIGcyhdA.jpg!m_fill,w_280,h_210,f_jpg?from=ke.com
20240723,门头沟,冯村,101124420446,丽景长安一期 纯商品房 南北通透好楼层 视野采光好必看好房,315万,34199元/平,中楼层 (共23层) 2室1厅 | 92.11平米 | 南 北,https://ke-image.ljcdn.com/110000-inspection/pc1_QyRts9FPi_1.jpg!m_fill,w_280,h_210,f_jpg?from=ke.com
20240723,门头沟,冯村,101123500924,和苑 2室1厅 南 北必看好房,256万,28794元/平,低楼层 (共28层) | 2012年 | 2室1厅 | 88.91平米 | 南 北,https://ke-image.ljcdn.com/110000-inspection/pc1_jmVNH4Nnk.jpg!m_fill,w_280,h_210,f_jpg?from=ke.com
20240723,门头沟,冯村,101122508907,丽景长安一期洋房社区高楼层无抵押看房方便必看好房,500万,39161元/平,顶层 (共11层) 3室1厅 | 127.68平米 | 南 北,https://ke-image.ljcdn.com/110000-inspection/pc1_pqGNZ6nhU.jpg!m_fill,w_280,h_210,f_jpg?from=ke.com
20240723,门头沟,冯村,101122322078,保利首开四季怡园北区 紧凑两居室 高楼层视野开阔必看好房,239万,34104元/平,高楼层 (共20层) 2室1厅 | 70.08平米 | 南 北 西,https://ke-image.ljcdn.com/110000-inspection/pc1_jXBphBt3N_1.jpg!m_fill,w_280,h_210,f_jpg?from=ke.com
20240723,门头沟,冯村,101120948800,丽景长安一期纯南向两居室中间楼层精装修必看好房,308万,34709元/平,中楼层 (共26层) 2室1厅 | 88.74平米 | 南,https://ke-image.ljcdn.com/110000-inspection/pc1_sR8mdxTra.jpg!m_fill,w_280,h_210,f_jpg?from=ke.com
20240723,门头沟,冯村,101125548408,丽景长安 2室1厅 南新上,315万,35497元/平,中楼层 (共26层) | 2014年 | 2室1厅 | 88.74平米 | 南,https://ke-image.ljcdn.com/110000-inspection/430e4f11-ad13-43a7-883f-ed80c1a12975_1000.jpg!m_fill,w_280,h_210,f_jpg?from=ke.com
20240723,门头沟,冯村,101125519225,城建上悦居 2018建成电梯房 高楼层采光棒 视野新上,320万,35564元/平,高楼层 (共21层) 3室1厅 | 89.98平米 | 南 北,https://ke-image.ljcdn.com/110000-inspection/pc1_5KPDCDKYx_1.jpg!m_fill,w_280,h_210,f_jpg?from=ke.com
20240723,门头沟,冯村,101125504116,首付五十多万西长安街沿线上岸站南北通透大三居新上,248万,25966元/平,高楼层 (共6层) | 1997年 | 3室2厅 | 95.51平米 | 南 北,https://ke-image.ljcdn.com/110000-inspection/430c81c9-4051-4542-8bc4-98d82a618185_1000.jpg!m_fill,w_280,h_210,f_jpg?from=ke.com
20240723,门头沟,冯村,101125491318,润景公馆 2室1厅 东南 西北新上,399万,39861元/平,低楼层 (共20层) 2室1厅 | 100.1平米 | 东南 西北,https://ke-image.ljcdn.com/110000-inspection/pc1_Rrd0ceeNB.jpg!m_fill,w_280,h_210,f_jpg?from=ke.com
20240723,门头沟,冯村,101125471232,丽景二期 精装拎包入住 高层视野风景好,350万,38773元/平,顶层 (共27层) | 2015年 | 2室1厅 | 90.27平米 | 南 北,https://ke-image.ljcdn.com/110000-inspection/pc1_jZaQn1CvB_1.jpg!m_fill,w_280,h_210,f_jpg?from=ke.com
20240723,门头沟,冯村,101125458638,丽景长安 3室1厅 南 北,558万,39789元/平,高楼层 (共10层) 3室1厅 | 140.24平米 | 南 北,https://ke-image.ljcdn.com/110000-inspection/pc1_pRCVqrlOq_1.jpg!m_fill,w_280,h_210,f_jpg?from=ke.com
20240723,门头沟,冯村,101125441332,欣六园 2室1厅 南 北,235万,26340元/平,中楼层 (共5层) | 2012年 | 2室1厅 | 89.22平米 | 南 北,https://ke-image.ljcdn.com/110000-inspection/pc1_N7xpobS6N.jpg!m_fill,w_280,h_210,f_jpg?from=ke.com
20240723,门头沟,冯村,101125420073,北京城建·西山南北三室两卫双明卫有飘窗,548万,46020元/平,低楼层 (共18层) | 2018年 | 3室1厅 | 119.08平米 | 南 北,https://ke-image.ljcdn.com/110000-inspection/pc1_bLWB3VjII_1.jpg!m_fill,w_280,h_210,f_jpg?from=ke.com
20240723,门头沟,冯村,101125418329,丽景长安二期 3室2厅 南 北,549万,40047元/平,高楼层 (共25层) | 2016年 | 3室2厅 | 137.09平米 | 南 北,https://ke-image.ljcdn.com/110000-inspection/01c1dcc0-f9f2-4b55-9485-50d058e2819d_1000.jpg!m_fill,w_280,h_210,f_jpg?from=ke.com
20240723,门头沟,冯村,101125415812,四季怡园南区南北通透3居室户型方正布局合理,318万,35687元/平,低楼层 (共20层) 3室1厅 | 89.11平米 | 南 北,https://ke-image.ljcdn.com/110000-inspection/pc1_s1qc74nms_1.jpg!m_fill,w_280,h_210,f_jpg?from=ke.com
20240723,门头沟,冯村,101125348899,丽景长安 满五唯一视野开阔小区人车分流,455万,38168元/平,底层 (共25层) 2室2厅 | 119.21平米 | 南 北,https://ke-image.ljcdn.com/110000-inspection/pc1_8eUSNBT4G_1.jpg!m_fill,w_280,h_210,f_jpg?from=ke.com
20240723,门头沟,冯村,101125324112,北京城建上悦居南北通透三居 2018年建成 有电梯,330万,36732元/平,低楼层 (共21层) 3室1厅 | 89.84平米 | 南 北,https://ke-image.ljcdn.com/110000-inspection/pc1_Ji9l80FXl_1.jpg!m_fill,w_280,h_210,f_jpg?from=ke.com
20240723,门头沟,冯村,101125300641,北京城建上悦居南北三居室全明格局婚房装修,330万,37552元/平,低楼层 (共21层) 3室1厅 | 87.88平米 | 南 北,https://ke-image.ljcdn.com/110000-inspection/dce0cbbe-e0d8-4e1a-a40c-d67dd6414261_1000.jpg!m_fill,w_280,h_210,f_jpg?from=ke.com
20240723,门头沟,冯村,101125268384,北京城建上悦居南北通透三居室。,340万,37846元/平,低楼层 (共21层) 3室1厅 | 89.84平米 | 南 北,https://ke-image.ljcdn.com/110000-inspection/pc1_a2C1bAVZY_1.jpg!m_fill,w_280,h_210,f_jpg?from=ke.com
20240723,门头沟,冯村,101125267582,四季怡园北区南北通透三居室户型优质,305万,34316元/平,底层 (共25层) | 2018年 | 3室1厅 | 88.88平米 | 南 北,https://ke-image.ljcdn.com/110000-inspection/pc1_E60NLacWc_1.jpg!m_fill,w_280,h_210,f_jpg?from=ke.com
20240723,门头沟,冯村,101125265072,四季怡园北区 卫生间有窗户 双通透经典三居室户型,342万,38479元/平,中楼层 (共25层) | 2018年 | 3室1厅 | 88.88平米 | 南 北,https://ke-image.ljcdn.com/110000-inspection/pc1_qIYqIbPsL_1.jpg!m_fill,w_280,h_210,f_jpg?from=ke.com
20240723,门头沟,冯村,101125238886,上悦居满五唯一商品房 精装修现状好,316万,35174元/平,底层 (共21层) | 2018年 | 3室1厅 | 89.84平米 | 南 北,https://ke-image.ljcdn.com/110000-inspection/pc1_GHuXJlh2q_1.jpg!m_fill,w_280,h_210,f_jpg?from=ke.com
20240723,门头沟,冯村,101125223051,北京城建上悦居 3室1厅 南 北,355万,40549元/平,高楼层 (共21层) 3室1厅 | 87.55平米 | 南 北,https://ke-image.ljcdn.com/110000-inspection/ef6788bd-6a13-49e0-a0c5-e59350672840_1000.jpg!m_fill,w_280,h_210,f_jpg?from=ke.com
20240723,门头沟,冯村,101125167231,北京城建·龙樾西山 3室1厅 南 北,629万,53117元/平,高楼层 (共18层) | 2018年 | 3室1厅 | 118.42平米 | 南 北,https://ke-image.ljcdn.com/110000-inspection/pc1_wOU5JvpC8.jpg!m_fill,w_280,h_210,f_jpg?from=ke.com
20240723,门头沟,冯村,101125152987,丽景长安二期高楼层无遮挡南北通透精装三居,645万,47108元/平,高楼层 (共27层) 3室2厅 | 136.92平米 | 南 北,https://ke-image.ljcdn.com/110000-inspection/pc1_5gyQbKoT1.jpg!m_fill,w_280,h_210,f_jpg?from=ke.com
20240723,门头沟,冯村,101125132211,润西山苑  精装南北 通透 洋房大三居房主自荐,529万,41615元/平,中楼层 (共9层) 3室2厅 | 127.12平米 | 南 北,https://ke-image.ljcdn.com/110000-inspection/pc1_ZEU5cxrqs.jpg!m_fill,w_280,h_210,f_jpg?from=ke.com
20240723,门头沟,冯村,101125126901,四季怡园北区满五唯一中间楼层视野开阔看房方便,315万,36207元/平,中楼层 (共20层) | 2018年 | 3室1厅 | 87平米 | 东 南,https://ke-image.ljcdn.com/110000-inspection/pc1_e0tSBOVHA.jpg!m_fill,w_280,h_210,f_jpg?from=ke.com
20240723,门头沟,冯村,101125098457,永定新城12年电梯中间层南北两居好房,230万,25162元/平,低楼层 (共11层) | 2012年 | 2室1厅 | 91.41平米 | 南 北,https://ke-image.ljcdn.com/110000-inspection/pc1_kbnILhjK5.jpg!m_fill,w_280,h_210,f_jpg?from=ke.com
20240723,门头沟,冯村,101125066713,丽景一期 满五唯一 精装拎包入住看房方便业主痛快,515万,40269元/平,低楼层 (共11层) 3室2厅 | 127.89平米 | 南 北,https://ke-image.ljcdn.com/110000-inspection/a7236bfd-2194-468e-a8f9-f1e9ceb86608_1000.jpg!m_fill,w_280,h_210,f_jpg?from=ke.com
20240723,门头沟,冯村,101125051699,北京城建上悦居东区 3室1厅 南 北,358万,40585元/平,低楼层 (共21层) 3室1厅 | 88.21平米 | 南 北,https://ke-image.ljcdn.com/110000-inspection/9515b9cc-2e1a-4dde-b6d7-2582641d30bb_1000.jpg!m_fill,w_280,h_210,f_jpg?from=ke.com
20240723,门头沟,冯村,101125029475,丽景长安二期 4室1厅 南 北,798万,41844元/平,高楼层 (共23层) | 2016年 | 4室1厅 | 190.71平米 | 南 北,https://ke-image.ljcdn.com/110000-inspection/475d310b-4c10-4f8c-bb35-2ba0ce5f4d4c_1000.jpg!m_fill,w_280,h_210,f_jpg?from=ke.com
20240723,门头沟,冯村,101125000806,丽景长安二期 楼层位置好 采光视野无遮挡 看水系,293万,33679元/平,中楼层 (共27层) | 2015年 | 2室1厅 | 87平米 | 南,https://ke-image.ljcdn.com/110000-inspection/pc1_LJefULSCJ.jpg!m_fill,w_280,h_210,f_jpg?from=ke.com
20240723,门头沟,冯村,101125000412,丽景长安二期 正中间位置 可看水系 看山 采光好,800万,44302元/平,中楼层 (共18层) 4室2厅 | 180.58平米 | 南 北,https://ke-image.ljcdn.com/110000-inspection/c16d79e9-78b4-4775-bdd8-c51ca8400861_1000.jpg!m_fill,w_280,h_210,f_jpg?from=ke.com
20240723,门头沟,冯村,101124954403,丽景长安二期中低楼层满五唯一 精装修房主自荐,308万,34120元/平,低楼层 (共27层) | 2015年 | 2室1厅 | 90.27平米 | 南 北,https://ke-image.ljcdn.com/110000-inspection/pc1_ktUoRQQm8.jpg!m_fill,w_280,h_210,f_jpg?from=ke.com
20240723,门头沟,冯村,101124895518,丽景长安二期高楼层南向精装两居室,338万,39593元/平,高楼层 (共27层) | 2015年 | 2室1厅 | 85.37平米 | 南,https://ke-image.ljcdn.com/110000-inspection/pc1_nLNoiia2Z.jpg!m_fill,w_280,h_210,f_jpg?from=ke.com
20240723,门头沟,冯村,101124888097,丽景长安边户卫生间带窗户四居 精美装修 现状一级棒,650万,41828元/平,高楼层 (共25层) | 2016年 | 4室2厅 | 155.4平米 | 南 北,https://ke-image.ljcdn.com/110000-inspection/pc1_LcL0xk9ni.jpg!m_fill,w_280,h_210,f_jpg?from=ke.com
20240723,门头沟,冯村,101124856973,北京城建上悦居客厅朝南的南北通透三居 业主诚心出售,340万,38747元/平,低楼层 (共21层) 3室2厅 | 87.75平米 | 南 北,https://ke-image.ljcdn.com/110000-inspection/pc1_R1bGcUvMo_1.jpg!m_fill,w_280,h_210,f_jpg?from=ke.com
20240723,门头沟,冯村,101124834230,丽景长安二期 好的位置 现状好 采光好 产权清晰,750万,48444元/平,低楼层 (共24层) 4室2厅 | 154.82平米 | 北 南,https://ke-image.ljcdn.com/110000-inspection/pc1_y82e8jgRN.jpg!m_fill,w_280,h_210,f_jpg?from=ke.com
20240723,门头沟,冯村,101124834101,信园 满五唯一高楼层 西南北三面采光三居室房主自荐,247万,25480元/平,顶层 (共6层) 3室1厅 | 96.94平米 | 南 西 北,https://ke-image.ljcdn.com/110000-inspection/89fa875a-7ea5-45a6-b7c1-0bec10324978_1000.jpg!m_fill,w_280,h_210,f_jpg?from=ke.com
20240723,门头沟,冯村,101124830182,北京城建上悦居 户型方正 无浪费面积,300万,40503元/平,中楼层 (共21层) 2室1厅 | 74.07平米 | 南,https://ke-image.ljcdn.com/110000-inspection/b4ce824b-ff1d-49c6-85d6-8914c7dfcaa8_1000.jpg!m_fill,w_280,h_210,f_jpg?from=ke.com
20240723,门头沟,冯村,101124815283,丽景长安二期 3室2厅 南 北,530万,38661元/平,低楼层 (共25层) | 2016年 | 3室2厅 | 137.09平米 | 南 北,https://ke-image.ljcdn.com/110000-inspection/eb7c2e8f-cf7f-42de-bc2d-b2a252e14fcd_1000.jpg!m_fill,w_280,h_210,f_jpg?from=ke.com
20240723,门头沟,冯村,101124791212,丽景二期中间楼座四居室不临街高楼层采光视野棒棒的,650万,42143元/平,高楼层 (共24层) | 2016年 | 4室2厅 | 154.24平米 | 南 北,https://ke-image.ljcdn.com/110000-inspection/pc1_ZeEoCrGqh.jpg!m_fill,w_280,h_210,f_jpg?from=ke.com
20240723,门头沟,冯村,101124775204,润西山 南北通透 四居室 低楼层无遮挡,750万,45219元/平,低楼层 (共10层) 4室2厅 | 165.86平米 | 南 北,https://ke-image.ljcdn.com/110000-inspection/0cacbdde-09be-4edc-a3c4-1b9a7908411f_1000.jpg!m_fill,w_280,h_210,f_jpg?from=ke.com
20240723,门头沟,冯村,101124720074,丽景长安二期 精装修 南向两居室房主自荐,313万,35978元/平,高楼层 (共27层) | 2015年 | 2室1厅 | 87平米 | 南,https://ke-image.ljcdn.com/110000-inspection/7869dba6-b642-4aef-bd8b-68e776d28023_1000.jpg!m_fill,w_280,h_210,f_jpg?from=ke.com
20240723,门头沟,冯村,101124707742,上悦居东区 满五唯一 精装南北通透三居 采光视野好房主自荐,376万,42728元/平,低楼层 (共21层) 3室1厅 | 88平米 | 南 北,https://ke-image.ljcdn.com/110000-inspection/ff7fa0bd-6095-4640-9a75-f6440849684c_1000.jpg!m_fill,w_280,h_210,f_jpg?from=ke.com
20240723,门头沟,冯村,101124705155,西长安街沿线北200米上岸站板楼低楼层通透三居,345万,38695元/平,底层 (共6层) | 2002年 | 3室1厅 | 89.16平米 | 南 北,https://ke-image.ljcdn.com/110000-inspection/pc1_7e8nR1uUH.jpg!m_fill,w_280,h_210,f_jpg?from=ke.com
20240723,门头沟,冯村,101124701846,丽景长安 精装修南北通透通风效果好采光充足,315万,33871元/平,顶层 (共26层) | 2014年 | 2室1厅 | 93平米 | 南 北,https://ke-image.ljcdn.com/110000-inspection/f307614c-2d18-4ee8-aa3c-85010735d2ca_1000.jpg!m_fill,w_280,h_210,f_jpg?from=ke.com
20240723,门头沟,冯村,101124623569,丽景长安南北通透三居室满五唯一不临街无抵押,549万,44129元/平,中楼层 (共11层) 3室1厅 | 124.41平米 | 南 北,https://ke-image.ljcdn.com/110000-inspection/121e8f1a-cf19-4bbe-9a24-fdcc9316ac5e_1000.jpg!m_fill,w_280,h_210,f_jpg?from=ke.com
20240723,门头沟,冯村,101124513919,宜居小区房龄新 电梯高层观风景,295万,33909元/平,顶层 (共27层) | 2015年 | 2室1厅 | 87平米 | 南,https://ke-image.ljcdn.com/110000-inspection/pc1_g7O3lxh8C.jpg!m_fill,w_280,h_210,f_jpg?from=ke.com
20240723,门头沟,冯村,101124503802,四季怡园南区 3室1厅 南,303万,34199元/平,低楼层 (共20层) 3室1厅 | 88.6平米 | 南,https://ke-image.ljcdn.com/110000-inspection/pc1_qrlWlA3Xs.jpg!m_fill,w_280,h_210,f_jpg?from=ke.com
20240723,门头沟,冯村,101124493232,四季怡园北区南北通透三居室诚意出售房主自荐,346万,39136元/平,高楼层 (共20层) | 2018年 | 3室1厅 | 88.41平米 | 南 北,https://ke-image.ljcdn.com/110000-inspection/pc1_CydCyXbWQ_1.jpg!m_fill,w_280,h_210,f_jpg?from=ke.com
20240723,门头沟,冯村,101124425232,嘉园二区 满五唯一 简装177平双明卫大三居,550万,31069元/平,顶层 (共6层) | 2003年 | 3室1厅 | 177.03平米 | 南 北 西,https://ke-image.ljcdn.com/110000-inspection/eef96b0d-7c7e-42e1-a66c-6ce442e32648_1000.jpg!m_fill,w_280,h_210,f_jpg?from=ke.com
20240723,门头沟,冯村,101124365859,润西山苑 满五唯一高楼层 无遮挡 精装四居,720万,43405元/平,高楼层 (共10层) 4室2厅 | 165.88平米 | 南 北,https://ke-image.ljcdn.com/110000-inspection/pc1_Kwmyb5jLQ_1.jpg!m_fill,w_280,h_210,f_jpg?from=ke.com
20240723,门头沟,冯村,101124352062,和苑 365Plus后面 华润开发 管理 方便,269万,34859元/平,中楼层 (共28层) | 2012年 | 1室1厅 | 77.17平米 | 南,https://ke-image.ljcdn.com/110000-inspection/pc1_1uvtg3rzY.jpg!m_fill,w_280,h_210,f_jpg?from=ke.com
20240723,门头沟,冯村,101124326495,长安街西延线旁坐拥门头沟新南城观山看景配套成熟房主自荐,245万,26803元/平,中楼层 (共11层) | 2012年 | 2室1厅 | 91.41平米 | 南 北,https://ke-image.ljcdn.com/110000-inspection/c13effd4-2890-46ae-baa3-4c1928e8557f_1000.jpg!m_fill,w_280,h_210,f_jpg?from=ke.com
20240723,门头沟,冯村,101124301847,和苑 2014年建成 华润建设 管理 电梯高层,285万,36932元/平,高楼层 (共28层) | 2012年 | 1室1厅 | 77.17平米 | 南,https://ke-image.ljcdn.com/110000-inspection/pc1_SCxaFIBwX.jpg!m_fill,w_280,h_210,f_jpg?from=ke.com
20240723,门头沟,冯村,101124233117,四季怡园南区高楼层视野好纯南向三居室满五唯一,316万,35558元/平,高楼层 (共20层) 3室1厅 | 88.87平米 | 南 西,https://ke-image.ljcdn.com/110000-inspection/pc1_4J8Zff9E4_1.jpg!m_fill,w_280,h_210,f_jpg?from=ke.com
20240723,门头沟,冯村,101124231497,丽景长安 4室1厅 南 北,599万,41448元/平,顶层 (共11层) 4室1厅 | 144.52平米 | 南 北,https://ke-image.ljcdn.com/110000-inspection/e1512dd1-68d2-4394-85ce-669909b73cbc_1000.jpg!m_fill,w_280,h_210,f_jpg?from=ke.com
20240723,门头沟,冯村,101124231033,润西山苑 中间位置 南北通透 电梯3居室,525万,40086元/平,低楼层 (共10层) | 2014年 | 3室2厅 | 130.97平米 | 南 北,https://ke-image.ljcdn.com/110000-inspection/475b1330-bde1-4396-931c-621c8ded9cc3_1000.jpg!m_fill,w_280,h_210,f_jpg?from=ke.com
20240723,门头沟,冯村,101124211091,冯村信园南北通透两居室 满五唯一,268万,33597元/平,中楼层 (共6层) 2室1厅 | 79.77平米 | 南 北,https://ke-image.ljcdn.com/110000-inspection/24e59932-78b1-477f-b703-fe25885970c6_1000.jpg!m_fill,w_280,h_210,f_jpg?from=ke.com
20240723,门头沟,冯村,101124134535,四季怡园北区 3室1厅 南 西,315万,35922元/平,高楼层 (共20层) 3室1厅 | 87.69平米 | 南 西,https://ke-image.ljcdn.com/110000-inspection/4771ac00-5b0b-4600-b7b3-0ff7f582eee4_1000.jpg!m_fill,w_280,h_210,f_jpg?from=ke.com
20240723,门头沟,冯村,101124123614,北京城建·龙樾西山 3室2厅 南 北,620万,52357元/平,高楼层 (共18层) | 2018年 | 3室2厅 | 118.42平米 | 南 北,https://ke-image.ljcdn.com/110000-inspection/4cb68bb0-bfc0-4d14-b940-76f572eb0251_1000.jpg!m_fill,w_280,h_210,f_jpg?from=ke.com
20240723,门头沟,冯村,101124118440,北京城建上悦居东区南北通透3居室户型精装修采光好,339万,38432元/平,中楼层 (共21层) 3室1厅 | 88.21平米 | 南 北,https://ke-image.ljcdn.com/110000-inspection/fe86b885-77d3-4fd4-9d8b-1b1fd64e9b2a_1000.jpg!m_fill,w_280,h_210,f_jpg?from=ke.com
20240723,门头沟,冯村,101124102930,润西山精装修电梯洋房拎包入住三居室满五唯一,445万,40532元/平,低楼层 (共10层) 3室1厅 | 109.79平米 | 西 东,https://ke-image.ljcdn.com/110000-inspection/pc1_R58i8hjbq_1.jpg!m_fill,w_280,h_210,f_jpg?from=ke.com
20240723,门头沟,冯村,101124046280,四季怡园北区两居室西边户高楼层采光好,232万,33106元/平,顶层 (共20层) 2室1厅 | 70.08平米 | 南 西 北,https://ke-image.ljcdn.com/110000-inspection/pc1_NFShh2okg.jpg!m_fill,w_280,h_210,f_jpg?from=ke.com
20240723,门头沟,冯村,101123992921,丽景长安二期南向两室正对小区花园水系看房有钥匙,315万,36207元/平,中楼层 (共27层) | 2015年 | 2室1厅 | 87平米 | 南,https://ke-image.ljcdn.com/110000-inspection/10bd8b06-e388-4df9-aa69-63e9a98dc8a8_1000.jpg!m_fill,w_280,h_210,f_jpg?from=ke.com
20240723,门头沟,冯村,101123947781,四季怡园北区 3室1厅 南 北,350万,39589元/平,低楼层 (共20层) | 2018年 | 3室1厅 | 88.41平米 | 南 北,https://ke-image.ljcdn.com/110000-inspection/70cc355e-0476-4b81-93b5-cb163781faa6_1000.jpg!m_fill,w_280,h_210,f_jpg?from=ke.com
20240723,门头沟,冯村,101123939176,四季怡园北区南北通透三居带阳台,345万,39023元/平,高楼层 (共20层) | 2018年 | 3室2厅 | 88.41平米 | 南 北,https://ke-image.ljcdn.com/110000-inspection/pc1_BucD4vtPa.jpg!m_fill,w_280,h_210,f_jpg?from=ke.com
20240723,门头沟,冯村,101123934732,冯村信园精装修两居室  满五唯一 南北通透,246万,34158元/平,中楼层 (共6层) | 1997年 | 2室1厅 | 72.02平米 | 南 北,https://ke-image.ljcdn.com/110000-inspection/pc1_1Oyua0gnG.jpg!m_fill,w_280,h_210,f_jpg?from=ke.com
20240723,门头沟,冯村,101123909896,丽景长安卫生间带窗户的高楼层南北朝向二居 品质社区,360万,38590元/平,高楼层 (共23层) 2室2厅 | 93.29平米 | 南 北,https://ke-image.ljcdn.com/110000-inspection/pc1_fKfbmD01w.jpg!m_fill,w_280,h_210,f_jpg?from=ke.com
20240723,门头沟,冯村,101123844675,润西山苑 高楼层 东西通透 精装打两居房主自荐,375万,39128元/平,高楼层 (共10层) | 2014年 | 2室1厅 | 95.84平米 | 东 西,https://ke-image.ljcdn.com/110000-inspection/7e2dc2b6-02f1-46fc-97d7-98b69751bea0_1000.jpg!m_fill,w_280,h_210,f_jpg?from=ke.com
20240723,门头沟,冯村,101123838893,四季怡园北区 3室1厅 南,318万,36265元/平,中楼层 (共20层) 3室1厅 | 87.69平米 | 南,https://ke-image.ljcdn.com/110000-inspection/a03c0b90-f8a4-49f7-96c1-b7b35e323491_1000.jpg!m_fill,w_280,h_210,f_jpg?from=ke.com
20240723,门头沟,冯村,101123785052,丽景长安经典南向两居室精装修,335万,37730元/平,顶层 (共26层) | 2014年 | 2室1厅 | 88.79平米 | 南,https://ke-image.ljcdn.com/110000-inspection/e3e5cadf-204c-40d7-a16c-817b94ec4d26_1000.jpg!m_fill,w_280,h_210,f_jpg?from=ke.com
20240723,门头沟,冯村,101123769534,北京城建上悦居东区 满五唯一 诚心出售,285万,37168元/平,底层 (共21层) 2室1厅 | 76.68平米 | 南,https://ke-image.ljcdn.com/110000-inspection/pc1_f5vOcPMnh.jpg!m_fill,w_280,h_210,f_jpg?from=ke.com
20240723,门头沟,冯村,101123768240,丽景长安二期中高层大四居南北通透明卫,760万,48963元/平,中楼层 (共27层) 4室2厅 | 155.22平米 | 南 北,https://ke-image.ljcdn.com/110000-inspection/9507606c-95e6-405b-bd45-299430a1747e_1000.jpg!m_fill,w_280,h_210,f_jpg?from=ke.com
20240723,门头沟,冯村,101123739840,保利开发 南北通透三居室 业主诚心出售 2018年的房子,335万,37443元/平,底层 (共20层) 3室2厅 | 89.47平米 | 南 北,https://ke-image.ljcdn.com/110000-inspection/e30d5bc8-d4df-4af2-bf94-66044869abef_1000.jpg!m_fill,w_280,h_210,f_jpg?from=ke.com
20240723,门头沟,冯村,101123734276,润西山苑 精装交房 南北通透 电梯入户,530万,41358元/平,低楼层 (共10层) | 2014年 | 3室1厅 | 128.15平米 | 南 北,https://ke-image.ljcdn.com/110000-inspection/pc1_QLQTKHUcJ.jpg!m_fill,w_280,h_210,f_jpg?from=ke.com
20240723,门头沟,冯村,101123707196,丽景长安二期中间楼座南北通透大四居,750万,41690元/平,低楼层 (共18层) | 2016年 | 4室2厅 | 179.9平米 | 南 北,https://ke-image.ljcdn.com/110000-inspection/e2be814e-1f1b-413e-a111-858f8b24471f_1000.jpg!m_fill,w_280,h_210,f_jpg?from=ke.com
20240723,门头沟,冯村,101123686530,冯村嘉园一区精装修两居室 南北通透,388万,32240元/平,底层 (共11层) 2室1厅 | 120.35平米 | 南 北,https://ke-image.ljcdn.com/110000-inspection/cdd110a4-130a-41e4-8981-d9f38c2b315b_1000.jpg!m_fill,w_280,h_210,f_jpg?from=ke.com
20240723,门头沟,冯村,101123618855,丽景长安二期 低楼层 满两年 诚心出售,630万,40659元/平,低楼层 (共23层) | 2016年 | 4室2厅 | 154.95平米 | 南 北,https://ke-image.ljcdn.com/110000-inspection/pc1_z8i7vTnWU.jpg!m_fill,w_280,h_210,f_jpg?from=ke.com
20240723,门头沟,冯村,101123603766,丽景长安商品房高楼层房间明亮视野开阔,365万,41090元/平,高楼层 (共26层) 2室1厅 | 88.83平米 | 南,https://ke-image.ljcdn.com/110000-inspection/pc1_yWSBRzMcw.jpg!m_fill,w_280,h_210,f_jpg?from=ke.com
20240723,门头沟,冯村,101123400140,润西山苑 3室2厅 南 北,625万,49039元/平,中楼层 (共9层) 3室2厅 | 127.45平米 | 南 北,https://ke-image.ljcdn.com/110000-inspection/938b812a-b31d-4e3b-a8ec-02b8aa9b3a45_1000.jpg!m_fill,w_280,h_210,f_jpg?from=ke.com
20240723,门头沟,冯村,101123317605,冯村嘉园 低楼层 精装修 南北通透 两居室,305万,37264元/平,低楼层 (共6层) | 2002年 | 2室1厅 | 81.85平米 | 南 北,https://ke-image.ljcdn.com/110000-inspection/pc1_MkxF2g5ag.jpg!m_fill,w_280,h_210,f_jpg?from=ke.com
20240723,门头沟,冯村,101123134399,四季怡园北区户型方正 三居室满五唯一,289万,33219元/平,顶层 (共20层) | 2018年 | 3室1厅 | 87平米 | 西南,https://ke-image.ljcdn.com/110000-inspection/bc56d8bc-89b4-44c3-9220-e1240a1a4600_1000.jpg!m_fill,w_280,h_210,f_jpg?from=ke.com
20240723,门头沟,冯村,101123111318,丽景长安二期 标准一居室 精装修 满五唯一,229万,36729元/平,低楼层 (共27层) | 2015年 | 1室1厅 | 62.35平米 | 西,https://ke-image.ljcdn.com/110000-inspection/67bdb215-fbd7-440f-9bce-ee7b4bf138e1_1000.jpg!m_fill,w_280,h_210,f_jpg?from=ke.com
20240723,门头沟,冯村,101123048632,丽景长安二期 南北四居室 户型好 无遮挡,630万,41228元/平,低楼层 (共18层) | 2016年 | 4室2厅 | 152.81平米 | 北 南,https://ke-image.ljcdn.com/110000-inspection/6d868c8f-1c64-4a31-8c3b-e66c35c29951_1000.jpg!m_fill,w_280,h_210,f_jpg?from=ke.com
20240723,门头沟,冯村,101122947922,冯村信园 低楼层 精装修 两居室房主自荐,248万,34431元/平,低楼层 (共6层) | 1997年 | 2室1厅 | 72.03平米 | 南 北,https://ke-image.ljcdn.com/110000-inspection/pc1_Pme9zLRUv_1.jpg!m_fill,w_280,h_210,f_jpg?from=ke.com
20240723,门头沟,冯村,101122765650,此房南北通透、中间楼层、采光好、无遮挡、户型方正。,379万,36605元/平,中楼层 (共6层) 2室1厅 | 103.54平米 | 南 北,https://ke-image.ljcdn.com/110000-inspection/fe38aa15-b522-4538-bf38-8989c1858624_1000.jpg!m_fill,w_280,h_210,f_jpg?from=ke.com
20240723,门头沟,冯村,101122750387,四季怡园北区南北通透88.89平三室两厅一卫,343万,38588元/平,高楼层 (共20层) | 2018年 | 3室1厅 | 88.89平米 | 南 北,https://ke-image.ljcdn.com/110000-inspection/6dd33037-7ed0-4770-91dd-39c31023e9b6_1000.jpg!m_fill,w_280,h_210,f_jpg?from=ke.com
20240723,门头沟,冯村,101122683438,冯村嘉园二区 2室1厅 南 北,279万,35770元/平,高楼层 (共6层) 2室1厅 | 78平米 | 南 北,https://ke-image.ljcdn.com/110000-inspection/913d1274-54db-4d64-bbd0-f640208b0ac1_1000.jpg!m_fill,w_280,h_210,f_jpg?from=ke.com
20240723,门头沟,冯村,101122491743,润西山苑 满五年 高楼层 精装四居室 明厨明卫,830万,47302元/平,高楼层 (共10层) | 2014年 | 4室2厅 | 175.47平米 | 南 北,https://ke-image.ljcdn.com/110000-inspection/953fd8a8-3aaa-45d2-9522-23807d742dce_1000.jpg!m_fill,w_280,h_210,f_jpg?from=ke.com
20240723,门头沟,冯村,101122490800,长安街沿线冯村信园南北二居交通便利,215万,29845元/平,顶层 (共6层) 2室1厅 | 72.04平米 | 南 北,https://ke-image.ljcdn.com/110000-inspection/pc1_gTybJ7eNY.jpg!m_fill,w_280,h_210,f_jpg?from=ke.com
20240723,门头沟,冯村,101122468180,四季怡园北区东南向三居室简单装修,295万,33730元/平,底层 (共20层) 3室1厅 | 87.46平米 | 南,https://ke-image.ljcdn.com/110000-inspection/pc1_348EbDRj8.jpg!m_fill,w_280,h_210,f_jpg?from=ke.com
20240723,门头沟,冯村,101122430035,四季怡园南区 3室2厅 南 北房主自荐,346万,38738元/平,中楼层 (共20层) 3室2厅 | 89.32平米 | 南 北,https://ke-image.ljcdn.com/110000-inspection/pc1_Ta4qyW9op.jpg!m_fill,w_280,h_210,f_jpg?from=ke.com
20240723,门头沟,冯村,101122351596,丽景长安二期 3室1厅 南 西 北,361万,39274元/平,低楼层 (共27层) | 2015年 | 3室1厅 | 91.92平米 | 南 西 北,https://ke-image.ljcdn.com/110000-inspection/07c2b9bb-7503-4646-a756-f26656b56b9c_1000.jpg!m_fill,w_280,h_210,f_jpg?from=ke.com
20240723,门头沟,冯村,101122341633,北京城建开发 高楼层 精装眼镜户型三居室,600万,50668元/平,高楼层 (共18层) 3室2厅 | 118.42平米 | 南 北,https://ke-image.ljcdn.com/110000-inspection/pc1_Vc7Jiwv2d_1.jpg!m_fill,w_280,h_210,f_jpg?from=ke.com
20240723,门头沟,冯村,101122151490,丽景长安二期南北两居全明格局视野开阔,336万,37783元/平,高楼层 (共27层) | 2015年 | 2室1厅 | 88.93平米 | 南 北,https://ke-image.ljcdn.com/110000-inspection/pc1_qnzy4wmYx.jpg!m_fill,w_280,h_210,f_jpg?from=ke.com
20240723,门头沟,冯村,101121885416,丽景长安二期中间层一室一厅精装干净可随时入住,256万,41059元/平,低楼层 (共27层) | 2015年 | 1室1厅 | 62.35平米 | 西,https://ke-image.ljcdn.com/110000-inspection/pc1_1qJrHD8qc.jpg!m_fill,w_280,h_210,f_jpg?from=ke.com
20240723,门头沟,冯村,101120921776,冯村嘉园一区 满五唯一大平层精装修  采光视野好,530万,31601元/平,高楼层 (共6层) | 2002年 | 3室1厅 | 167.72平米 | 南 北,https://ke-image.ljcdn.com/110000-inspection/pc1_olQZcOYi0.jpg!m_fill,w_280,h_210,f_jpg?from=ke.com
20240723,门头沟,冯村,101120061744,丽景南向两居二次精装修温馨舒适,390万,47417元/平,顶层 (共11层) 2室1厅 | 82.25平米 | 南,https://ke-image.ljcdn.com/110000-inspection/53cbdb7b-b691-42cd-b184-1144a18b8c0e_1000.jpg!m_fill,w_280,h_210,f_jpg?from=ke.com
20240723,门头沟,冯村,101119289911,丽景长安一期高楼层南北通透两居室满五唯一,360万,39084元/平,高楼层 (共23层) 2室1厅 | 92.11平米 | 南 北,https://ke-image.ljcdn.com/110000-inspection/2d906fe3-6ab3-424f-a65b-b77fbecb7681_1000.jpg!m_fill,w_280,h_210,f_jpg?from=ke.com
20240723,门头沟,冯村,101118687717,丽景长安二期前后不临街的中高层 采光视野不遮挡,860万,47625元/平,中楼层 (共18层) 4室2厅 | 180.58平米 | 南 北,https://ke-image.ljcdn.com/110000-inspection/b76b5d33-3396-45c4-b8f1-f27bb03345bf_1000.jpg!m_fill,w_280,h_210,f_jpg?from=ke.com
20240723,门头沟,冯村,101118355838,丽景长安二期人车分流南向两居室,327万,38458元/平,低楼层 (共27层) 2室1厅 | 85.03平米 | 南,https://ke-image.ljcdn.com/110000-inspection/pc1_MRM6Bsaal.jpg!m_fill,w_280,h_210,f_jpg?from=ke.com
20240723,门头沟,冯村,101118159970,丽景长安一期全南向两居室中高楼层采光视野好,359万,41213元/平,中楼层 (共23层) 2室1厅 | 87.11平米 | 南,https://ke-image.ljcdn.com/110000-inspection/6b664246-181b-49ce-bb51-95fc85df62ad_1000.jpg!m_fill,w_280,h_210,f_jpg?from=ke.com
20240723,门头沟,冯村,101117933845,丽景长安二期精装修高楼层 四居,665万,42843元/平,高楼层 (共27层) | 2016年 | 4室2厅 | 155.22平米 | 南 北,https://ke-image.ljcdn.com/110000-inspection/pc1_12WTjo5zT.jpg!m_fill,w_280,h_210,f_jpg?from=ke.com
20240723,门头沟,冯村,101125584943,华润西山墅 4室3厅 南 北新上,1700万,41524元/平,底层 (共5层) 4室3厅 | 409.41平米 | 南 北,https://ke-image.ljcdn.com/110000-inspection/pc1_axOReJjat_1.jpg!m_fill,w_280,h_210,f_jpg?from=ke.com
20240723,门头沟,冯村,101125573899,华润西山墅 4室1厅 南 北新上,799万,50300元/平,低楼层 (共6层) | 2020年 | 4室1厅 | 158.85平米 | 南 北,https://ke-image.ljcdn.com/110000-inspection/pc1_19IUN3WKe_1.jpg!m_fill,w_280,h_210,f_jpg?from=ke.com
20240723,门头沟,冯村,101125570393,华润西山墅 高楼层有电梯 洋房社区新上,990万,57041元/平,顶层 (共6层) 4室4厅 | 173.56平米 | 南 北 西,https://ke-image.ljcdn.com/110000-inspection/pc1_rYuhcNX7c_1.jpg!m_fill,w_280,h_210,f_jpg?from=ke.com
20240723,门头沟,冯村,101125537499,门头沟南北主路交汇处老商集中地有稳定租户。新上,380万,39407元/平,底层 (共6层) | 2002年 | 3室1厅 | 96.43平米 | 南 北,https://ke-image.ljcdn.com/110000-inspection/pc1_CFb1uA5YP.jpg!m_fill,w_280,h_210,f_jpg?from=ke.com
20240723,门头沟,冯村,101125537302,和苑 2室1厅 南 北新上,310万,35160元/平,中楼层 (共28层) | 2012年 | 2室1厅 | 88.17平米 | 南 北,https://ke-image.ljcdn.com/110000-inspection/pc1_UTzzIKN3M.jpg!m_fill,w_280,h_210,f_jpg?from=ke.com
20240723,门头沟,冯村,101125518714,华润西山墅 5室4厅 南 北新上,2000万,29623元/平,底层 (共5层) 5室4厅 | 675.16平米 | 南 北,https://ke-image.ljcdn.com/110000-inspection/pc1_ANvSocPMz.jpg!m_fill,w_280,h_210,f_jpg?from=ke.com
20240723,门头沟,冯村,101125510740,和苑 2室1厅 南 北新上,305万,34593元/平,高楼层 (共28层) | 2012年 | 2室1厅 | 88.17平米 | 南 北,https://ke-image.ljcdn.com/110000-inspection/a6e0f0d6-5774-4b3f-bf45-85d69d418a0e_1000.jpg!m_fill,w_280,h_210,f_jpg?from=ke.com
20240723,门头沟,冯村,101125510641,华润西山墅 4室2厅 北 南新上,1660万,49246元/平,底层 (共6层) | 2018年 | 4室2厅 | 337.09平米 | 北 南,https://ke-image.ljcdn.com/110000-inspection/pc1_sRnCqD5dX_1.jpg!m_fill,w_280,h_210,f_jpg?from=ke.com
20240723,门头沟,冯村,101125504232,华润西山墅 4室3厅 南 北新上,1460万,35674元/平,底层 (共6层) | 2019年 | 4室3厅 | 409.27平米 | 南 北,https://ke-image.ljcdn.com/110000-inspection/pc1_m8ZmVEFiJ.jpg!m_fill,w_280,h_210,f_jpg?from=ke.com
20240723,门头沟,冯村,101125494148,丽景长安二期 3室1厅 北 南新上,549万,40056元/平,中楼层 (共25层) 3室1厅 | 137.06平米 | 北 南,https://ke-image.ljcdn.com/110000-inspection/pc1_4knym4Kst_1.jpg!m_fill,w_280,h_210,f_jpg?from=ke.com
20240723,门头沟,冯村,101125456299,和苑 2室1厅 南,279万,36154元/平,顶层 (共28层) | 2012年 | 2室1厅 | 77.17平米 | 南,https://ke-image.ljcdn.com/110000-inspection/pc1_5WmNCfavG.jpg!m_fill,w_280,h_210,f_jpg?from=ke.com
20240723,门头沟,冯村,101125455501,此房满五为之一 户型方正 精装修 采光好,585万,42683元/平,中楼层 (共25层) 3室2厅 | 137.06平米 | 南 北,https://ke-image.ljcdn.com/110000-inspection/pc1_O6PIdvdHF_1.jpg!m_fill,w_280,h_210,f_jpg?from=ke.com
20240723,门头沟,冯村,101125307196,北京城建上悦居东区 车位,15万,4922元/平,地下室 1室0厅 | 30.48平米 | 西,https://ke-image.ljcdn.com/110000-inspection/pc1_VZdBnVlCt.jpg!m_fill,w_280,h_210,f_jpg?from=ke.com
20240723,门头沟,冯村,101125265177,润西山苑 4室2厅 南 北,999万,47063元/平,顶层 (共10层) | 2014年 | 4室2厅 | 212.27平米 | 南 北,https://ke-image.ljcdn.com/110000-inspection/pc1_vEs6KSD9y.jpg!m_fill,w_280,h_210,f_jpg?from=ke.com
20240723,门头沟,冯村,101124946898,华润西山墅 5室2厅 东南 西北,2600万,43335元/平,顶层 (共5层) 5室2厅 | 599.99平米 | 东南 西北,https://ke-image.ljcdn.com/110000-inspection/pc1_RVEZPjBmT_1.jpg!m_fill,w_280,h_210,f_jpg?from=ke.com
20240723,门头沟,冯村,101124847220,双卧朝南南北通透南北双向阳台,400万,31385元/平,中楼层 (共6层) 3室1厅 | 127.45平米 | 南 北,https://ke-image.ljcdn.com/110000-inspection/b6879ffd-2e83-46de-931d-9e577f9292ab_1000.jpg!m_fill,w_280,h_210,f_jpg?from=ke.com
20240723,门头沟,冯村,101124806278,润西山苑带电梯洋房南北通透四居室 格局合理,768万,46796元/平,低楼层 (共10层) 4室2厅 | 164.12平米 | 南 北,https://ke-image.ljcdn.com/110000-inspection/pc1_DgEKz84GL.jpg!m_fill,w_280,h_210,f_jpg?from=ke.com
20240723,门头沟,冯村,101124798364,丽景长安二期 已经转商 只有契税 净高2.7米,280万,33148元/平,顶层 (共27层) | 2015年 | 2室1厅 | 84.47平米 | 南,https://ke-image.ljcdn.com/110000-inspection/pc1_AiBwG2YmR.jpg!m_fill,w_280,h_210,f_jpg?from=ke.com
20240723,门头沟,冯村,101124736984,华润西山墅私有电梯24小时管家,1750万,42203元/平,底层 (共3层) | 2020年 | 5室3厅 | 414.67平米 | 东 南 西 北,https://ke-image.ljcdn.com/110000-inspection/pc1_a9GQdQXcm_1.jpg!m_fill,w_280,h_210,f_jpg?from=ke.com
20240723,门头沟,冯村,101124577125,丽景长安二期 两居室 现状好 采光视野无遮挡,289万,33219元/平,底层 (共27层) | 2015年 | 2室1厅 | 87平米 | 南,https://ke-image.ljcdn.com/110000-inspection/pc1_oKcsk2tuE.jpg!m_fill,w_280,h_210,f_jpg?from=ke.com
20240723,门头沟,冯村,101124432845,信园小区 采光充足  视野开阔 满五唯一,238万,29840元/平,顶层 (共6层) | 1997年 | 2室1厅 | 79.76平米 | 南 北,https://ke-image.ljcdn.com/110000-inspection/4a3321c6-63f2-4141-8cae-ae5bb4ecbef2_1000.jpg!m_fill,w_280,h_210,f_jpg?from=ke.com
20240723,门头沟,冯村,101124415922,华润开发半山别墅私家电梯南北花园24小时管家,980万,56235元/平,顶层 (共6层) | 2020年 | 3室1厅 | 174.27平米 | 南 北,https://ke-image.ljcdn.com/110000-inspection/7d52b216-1788-433f-81ca-517dc787f849_1000.jpg!m_fill,w_280,h_210,f_jpg?from=ke.com
20240723,门头沟,冯村,101124383523,华润西山墅 5室3厅 东 南 北,1890万,42172元/平,中楼层 (共5层) 5室3厅 | 448.17平米 | 东 南 北,https://ke-image.ljcdn.com/110000-inspection/pc1_ucx6idiI2.jpg!m_fill,w_280,h_210,f_jpg?from=ke.com
20240723,门头沟,冯村,101124369902,小区人车分流 南北通透 户型方正 没有浪费,880万,68934元/平,底层 (共10层) 3室1厅 | 127.66平米 | 南 北,https://ke-image.ljcdn.com/110000-inspection/pc1_I3f2ioDnj.jpg!m_fill,w_280,h_210,f_jpg?from=ke.com
20240723,门头沟,冯村,101124368659,此房满五年唯一精装修南北通透楼下就是物美超市房主自荐,293万,33232元/平,中楼层 (共28层) | 2012年 | 2室1厅 | 88.17平米 | 南 北,https://ke-image.ljcdn.com/110000-inspection/pc1_eaHZRSnEe.jpg!m_fill,w_280,h_210,f_jpg?from=ke.com
20240723,门头沟,冯村,101124327661,和苑 带电梯一居 全南向 看房方便,269万,34859元/平,低楼层 (共28层) | 2012年 | 2室1厅 | 77.17平米 | 南,https://ke-image.ljcdn.com/110000-inspection/pc1_C08OBsia7.jpg!m_fill,w_280,h_210,f_jpg?from=ke.com
20240723,门头沟,冯村,101124312781,润景公馆 精装修 中高楼层人车分流社区,385万,38698元/平,中楼层 (共20层) 2室1厅 | 99.49平米 | 西南,https://ke-image.ljcdn.com/110000-inspection/d5f87b9f-e019-4447-af31-5314d9c84076_1000.jpg!m_fill,w_280,h_210,f_jpg?from=ke.com
20240723,门头沟,冯村,101124215157,润景公馆 满五唯一 商品房 精装修,375万,36968元/平,低楼层 (共20层) 2室1厅 | 101.44平米 | 东 西 南 北,https://ke-image.ljcdn.com/110000-inspection/pc1_dztsPUIKS.jpg!m_fill,w_280,h_210,f_jpg?from=ke.com
20240723,门头沟,冯村,101124188227,华润西山墅 叠拼产品 上叠  精装修,1330万,52429元/平,中楼层 (共5层) | 2014年 | 4室2厅 | 253.68平米 | 南 北,https://ke-image.ljcdn.com/110000-inspection/pc1_aNrVJJFyy.jpg!m_fill,w_280,h_210,f_jpg?from=ke.com
20240723,门头沟,冯村,101124121914,丽景长安一期南北通透高楼层洋房三居室,585万,45448元/平,顶层 (共11层) 3室1厅 | 128.72平米 | 南 北,https://ke-image.ljcdn.com/110000-inspection/pc1_woRFoeVYT.jpg!m_fill,w_280,h_210,f_jpg?from=ke.com
20240723,门头沟,冯村,101124120877,丽景长安 精装修 大平层四居室 采光充足  视野开阔,918万,39969元/平,高楼层 (共25层) 4室2厅 | 229.68平米 | 东 南 北,https://ke-image.ljcdn.com/110000-inspection/22183e53-956f-43d4-9943-e8a94484411e_1000.jpg!m_fill,w_280,h_210,f_jpg?from=ke.com
20240723,门头沟,冯村,101124092667,丽景长安中高层南北通透自住二居 业主诚信出售,386万,41488元/平,中楼层 (共26层) 2室2厅 | 93.04平米 | 南 北,https://ke-image.ljcdn.com/110000-inspection/pc1_DVX3EidJc.jpg!m_fill,w_280,h_210,f_jpg?from=ke.com
20240723,门头沟,冯村,101124085803,丽景长安中间位置二居 精装现状好 业主诚信出售,359万,40438元/平,低楼层 (共26层) | 2014年 | 2室1厅 | 88.78平米 | 南,https://ke-image.ljcdn.com/110000-inspection/fee7099d-2c68-442e-9229-8260d0eac87b_1000.jpg!m_fill,w_280,h_210,f_jpg?from=ke.com
20240723,门头沟,冯村,101123922470,满五年唯一南北通透采光充足 配套设施齐全。,425万,38483元/平,中楼层 (共11层) 2室2厅 | 110.44平米 | 南 北,https://ke-image.ljcdn.com/110000-inspection/789242b8-3dbf-4973-9b70-47e237b197b4_1000.jpg!m_fill,w_280,h_210,f_jpg?from=ke.com
20240723,门头沟,冯村,101123889543,信园小区 低楼层 采光充足 南北朝向  满五唯一,259万,32473元/平,低楼层 (共6层) | 1997年 | 2室2厅 | 79.76平米 | 南 北,https://ke-image.ljcdn.com/110000-inspection/pc1_cxyEkNeAt.jpg!m_fill,w_280,h_210,f_jpg?from=ke.com
20240723,门头沟,冯村,101123723492,润西山苑经典户型三居室户型方正没有浪费空间,556万,43330元/平,中楼层 (共10层) | 2014年 | 3室2厅 | 128.32平米 | 南 北,https://ke-image.ljcdn.com/110000-inspection/2d3b1617-58f2-4b29-bd6b-7e99b47fcf14_1000.jpg!m_fill,w_280,h_210,f_jpg?from=ke.com
20240723,门头沟,冯村,101123545996,华润西山墅 下叠 毛坯房 有车位,1680万,49016元/平,底层 (共5层) 4室2厅 | 342.75平米 | 南 北,https://ke-image.ljcdn.com/110000-inspection/pc1_oWNTM7GfK_1.jpg!m_fill,w_280,h_210,f_jpg?from=ke.com
20240723,门头沟,冯村,101123502344,丽景长安二期 边户大平层 看房方便诚心出售,760万,39852元/平,低楼层 (共23层) | 2016年 | 4室1厅 | 190.71平米 | 南 东 北,https://ke-image.ljcdn.com/110000-inspection/2caf7a13-f016-4399-9083-647d5ddb628c_1000.jpg!m_fill,w_280,h_210,f_jpg?from=ke.com
20240723,门头沟,冯村,101123444044,丽景长安二期 高楼层 开阔视野  看房方便,565万,41211元/平,顶层 (共25层) | 2016年 | 3室2厅 | 137.1平米 | 南 北,https://ke-image.ljcdn.com/110000-inspection/pc1_knRNhDwhT.jpg!m_fill,w_280,h_210,f_jpg?from=ke.com
20240723,门头沟,冯村,101123420468,丽景长安二期 观景大平层 精装修交付 两梯两户,830万,43522元/平,高楼层 (共23层) | 2016年 | 4室2厅 | 190.71平米 | 东 北 南,https://ke-image.ljcdn.com/110000-inspection/e12e7667-f1d6-4375-9ebf-da75e6c2b940_1000.jpg!m_fill,w_280,h_210,f_jpg?from=ke.com
20240723,门头沟,冯村,101123416841,丽景长安正规南北通透四居室 满五唯一,630万,43970元/平,低楼层 (共11层) 4室1厅 | 143.28平米 | 南 北,https://ke-image.ljcdn.com/110000-inspection/pc1_BxqPABFg7.jpg!m_fill,w_280,h_210,f_jpg?from=ke.com
20240723,门头沟,冯村,101123374182,丽景长安二期 中间楼层 视野开阔 看房方便 诚心出售,670万,43165元/平,中楼层 (共27层) 4室2厅 | 155.22平米 | 南 西 北,https://ke-image.ljcdn.com/110000-inspection/118ae5ac-749f-48dd-8241-ebaa4519eebe_1000.jpg!m_fill,w_280,h_210,f_jpg?from=ke.com
20240723,门头沟,冯村,101123280166,丽景长安小高层三居 江南园林景观 品质改善社区,579万,45274元/平,中楼层 (共11层) 3室2厅 | 127.89平米 | 南 北,https://ke-image.ljcdn.com/110000-inspection/pc1_HWgE0ueOv.jpg!m_fill,w_280,h_210,f_jpg?from=ke.com
20240723,门头沟,冯村,101123165673,此房南北通透房本日期满五年看房方便,475万,43324元/平,底层 (共11层) 3室1厅 | 109.64平米 | 北 南,https://ke-image.ljcdn.com/110000-inspection/pc1_n81YZCxiQ.jpg!m_fill,w_280,h_210,f_jpg?from=ke.com
20240723,门头沟,冯村,101123114999,北京城建 毛坯新房高楼层全明三居 视野开阔三面采光房主自荐,548万,46020元/平,高楼层 (共18层) | 2018年 | 3室2厅 | 119.08平米 | 南 北,https://ke-image.ljcdn.com/110000-inspection/cb282903-d097-435c-8ef0-d5aa63108505_1000.jpg!m_fill,w_280,h_210,f_jpg?from=ke.com
20240723,门头沟,冯村,101123076206,润西山苑南北通透 采光好 精装修 一层带下跃,1259万,45958元/平,底层 (共10层) 7室2厅 | 273.95平米 | 南 北,https://ke-image.ljcdn.com/110000-inspection/4110de17-3b12-4486-8dfe-512c014bd243_1000.jpg!m_fill,w_280,h_210,f_jpg?from=ke.com
20240723,门头沟,冯村,101123022448,丽景长安二期 2室1厅 南 北,360万,39881元/平,中楼层 (共27层) | 2015年 | 2室1厅 | 90.27平米 | 南 北,https://ke-image.ljcdn.com/110000-inspection/d2b7384a-0ec4-497f-8f5a-2bdd76ea71ee_1000.jpg!m_fill,w_280,h_210,f_jpg?from=ke.com
20240723,门头沟,冯村,101122981761,华润西山墅 单层177平米地上两层 有附加 华润产品,1180万,66487元/平,底层 (共6层) | 2019年 | 4室3厅 | 177.48平米 | 南 北,https://ke-image.ljcdn.com/110000-inspection/pc1_v6EGqWMhC.jpg!m_fill,w_280,h_210,f_jpg?from=ke.com
20240723,门头沟,冯村,101122958339,冯村信园小区南北通透三居室看房方便,268万,28060元/平,高楼层 (共6层) | 1997年 | 3室2厅 | 95.51平米 | 南 北,https://ke-image.ljcdn.com/110000-inspection/5735cd54-fad3-4ee8-940b-651a68e44b04_1000.jpg!m_fill,w_280,h_210,f_jpg?from=ke.com
20240723,门头沟,冯村,101122863611,南北通透精装4居楼层好采光充足配套设施齐全,699万,45033元/平,低楼层 (共27层) 4室2厅 | 155.22平米 | 南 北,https://ke-image.ljcdn.com/110000-inspection/39bf5c33-a792-4073-95fa-7b2090f8f6e1_1000.jpg!m_fill,w_280,h_210,f_jpg?from=ke.com
20240723,门头沟,冯村,101122848902,华润西山墅上叠毛坯随时可看房诚意出售,1888万,42102元/平,中楼层 (共5层) | 2019年 | 4室2厅 | 448.44平米 | 南 北,https://ke-image.ljcdn.com/110000-inspection/07541d3c-0583-496b-92cb-5a647e6edccf_1000.jpg!m_fill,w_280,h_210,f_jpg?from=ke.com
20240723,门头沟,冯村,101122845497,华润西山墅上叠东边户三面采光视野开阔,1880万,41469元/平,中楼层 (共5层) 4室2厅 | 453.36平米 | 南 北,https://ke-image.ljcdn.com/110000-inspection/a09b492b-9776-4d46-9b22-b119195bde7a_1000.jpg!m_fill,w_280,h_210,f_jpg?from=ke.com
20240723,门头沟,冯村,101122721417,润西山苑 小区人车分流、南北通透  精装四居室,1068万,50935元/平,中楼层 (共10层) 4室2厅 | 209.68平米 | 南 西 北,https://ke-image.ljcdn.com/110000-inspection/pc1_D80xmSML4_1.jpg!m_fill,w_280,h_210,f_jpg?from=ke.com
20240723,门头沟,冯村,101122707717,冯村信园南北通透两居室  低楼层 进出方便,262万,30441元/平,低楼层 (共6层) | 1997年 | 2室1厅 | 86.07平米 | 南 北,https://ke-image.ljcdn.com/110000-inspection/pc1_jNeI40lTX.jpg!m_fill,w_280,h_210,f_jpg?from=ke.com
20240723,门头沟,冯村,101122686543,华润西山墅 精装修 双拼 带有两个产权车位,2580万,39990元/平,底层 (共2层) | 2013年 | 6室4厅 | 645.17平米 | 南 北,https://ke-image.ljcdn.com/110000-inspection/pc1_kY4nkfVsT.jpg!m_fill,w_280,h_210,f_jpg?from=ke.com
20240723,门头沟,冯村,101122644330,华润西山墅洋房一层下跃南北通透户型,1200万,67763元/平,底层 (共6层) | 2019年 | 4室1厅 | 177.09平米 | 南 北,https://ke-image.ljcdn.com/110000-inspection/pc1_TinP4xf2J.jpg!m_fill,w_280,h_210,f_jpg?from=ke.com
20240723,门头沟,冯村,101122387772,信园 低楼层 精装两居室 满五年唯一住房,248万,31094元/平,底层 (共6层) 2室1厅 | 79.76平米 | 南 北,https://ke-image.ljcdn.com/110000-inspection/pc1_lnvOKpRpu.jpg!m_fill,w_280,h_210,f_jpg?from=ke.com
20240723,门头沟,冯村,101122082904,丽景长安小区 下跃户型 精装修 拎包入住,1399万,99958元/平,底层 (共10层) 3室2厅 | 139.96平米 | 南 北,https://ke-image.ljcdn.com/110000-inspection/da879eb2-5b2c-4f86-a10d-c079eb0d5f0b_1000.jpg!m_fill,w_280,h_210,f_jpg?from=ke.com
20240723,门头沟,冯村,101122036009,润西山苑 高楼层 南北通透 满五年唯一 洋房社区,750万,57362元/平,顶层 (共10层) | 2014年 | 3室1厅 | 130.75平米 | 南 北,https://ke-image.ljcdn.com/110000-inspection/pc1_wo8rxH7v1_1.jpg!m_fill,w_280,h_210,f_jpg?from=ke.com
20240723,门头沟,冯村,101121838827,华润西山墅半山别墅下叠有室内电梯,1760万,43108元/平,底层 (共3层) | 2019年 | 4室2厅 | 408.28平米 | 南 北,https://ke-image.ljcdn.com/110000-inspection/pc1_NciWUCWzv.jpg!m_fill,w_280,h_210,f_jpg?from=ke.com
20240723,门头沟,冯村,101121563060,华润西山墅 精装修 东边户 华润物业,2790万,42528元/平,底层 (共1层) | 2013年 | 10室7厅 | 656.04平米 | 南 东 北,https://ke-image.ljcdn.com/110000-inspection/pc1_wsgVVJiCi.jpg!m_fill,w_280,h_210,f_jpg?from=ke.com
20240723,门头沟,冯村,101121532178,华润西山墅 别墅 京西高品质别墅区,1590万,35782元/平,中楼层 (共5层) 4室4厅 | 444.36平米 | 南 北,https://ke-image.ljcdn.com/110000-inspection/pc1_lwxdPtEFF.jpg!m_fill,w_280,h_210,f_jpg?from=ke.com
20240723,门头沟,冯村,101121521247,润西山苑精装修南北通透四居室人车分流浅山洋房,980万,49485元/平,低楼层 (共10层) 4室2厅 | 198.04平米 | 南 北,https://ke-image.ljcdn.com/110000-inspection/29b9ae9c-1873-4bfe-bd72-a62d7d4d47fb_1000.jpg!m_fill,w_280,h_210,f_jpg?from=ke.com
20240723,门头沟,冯村,101121510851,华润西山墅 华润物业 精装修 管家服务,2230万,42404元/平,底层 (共3层) | 2013年 | 7室3厅 | 525.9平米 | 南 北,https://ke-image.ljcdn.com/110000-inspection/fc1ad315-e076-41b2-8fe5-2ae84828b24c_1000.jpg!m_fill,w_280,h_210,f_jpg?from=ke.com
20240723,门头沟,冯村,101121147489,华润西山墅二期精装修上叠有室内私人电梯,1999万,44447元/平,中楼层 (共5层) 5室3厅 | 449.75平米 | 南 北,https://ke-image.ljcdn.com/110000-inspection/8b2dbdad-d470-48bc-91e1-ddccb27ffa79_1000.jpg!m_fill,w_280,h_210,f_jpg?from=ke.com
20240723,门头沟,冯村,101121068701,中骏绿洲庄园 长安街西边一号住宅,10800万,59697元/平,底层 (共2层) 5室6厅 | 1809.16平米 | 东 南 西 北,https://ke-image.ljcdn.com/110000-inspection/pc1_cdoJbRPcq.jpg!m_fill,w_280,h_210,f_jpg?from=ke.com
20240723,门头沟,冯村,101121068665,长安壹号 又名 中骏绿洲庄园 法式独栋,13300万,59924元/平,底层 (共2层) 9室6厅 | 2219.48平米 | 东 南 西 北,https://ke-image.ljcdn.com/110000-inspection/pc1_tXgLTxRGz.jpg!m_fill,w_280,h_210,f_jpg?from=ke.com
20240723,门头沟,冯村,101121068612,长安壹号 9室6厅 东 南 西 北,13700万,61727元/平,底层 (共2层) | 2015年 | 9室6厅 | 2219.48平米 | 东 南 西 北,https://ke-image.ljcdn.com/110000-inspection/pc1_sAUMCpH4s.jpg!m_fill,w_280,h_210,f_jpg?from=ke.com
20240723,门头沟,冯村,101120988857,丽景长安商品房人车分流品质社区南北通透精装两居,349万,38076元/平,低楼层 (共26层) 2室1厅 | 91.66平米 | 南 北,https://ke-image.ljcdn.com/110000-inspection/81d8c20d-e6dc-4589-aeee-34e0f4e606e0_1000.jpg!m_fill,w_280,h_210,f_jpg?from=ke.com
20240723,门头沟,冯村,101120949524,润西山苑精装下跃6室3厅4卫302平洋房加大平层加别墅房主自荐,1388万,45894元/平,底层 (共10层) 6室2厅 | 302.44平米 | 南 北,https://ke-image.ljcdn.com/110000-inspection/pc1_Z2vWulgJd_1.jpg!m_fill,w_280,h_210,f_jpg?from=ke.com
20240723,门头沟,冯村,101120947533,冯村信园小区 边户两居室出售 价格可以商量,259万,32457元/平,高楼层 (共6层) 2室2厅 | 79.8平米 | 东 南 北,https://ke-image.ljcdn.com/110000-inspection/83198e13-1970-4066-967c-102a38160ef1_1000.jpg!m_fill,w_280,h_210,f_jpg?from=ke.com
20240723,门头沟,冯村,101120531281,润西山苑 出售  南北通透 精装修   两居室,460万,41127元/平,底层 (共10层) | 2014年 | 2室1厅 | 111.85平米 | 南 北,https://ke-image.ljcdn.com/110000-inspection/pc1_HkyM7oKfy_1.jpg!m_fill,w_280,h_210,f_jpg?from=ke.com
20240723,门头沟,冯村,101118167776,龙越西山优质房源视野好开阔无遮挡三面采光。,568万,47965元/平,高楼层 (共18层) 3室2厅 | 118.42平米 | 南 北,https://ke-image.ljcdn.com/110000-inspection/d11e2f9a-2108-4e0c-87e0-b5663782cae7_1000.jpg!m_fill,w_280,h_210,f_jpg?from=ke.com
20240723,门头沟,冯村,101125631990,丽景长安中间楼座高楼层正向两居产权清晰诚意出售,330万,37150元/平,高楼层 (共26层) | 2014年 | 2室1厅 | 88.83平米 | 南,https://s1.ljcdn.com/pegasus/redskull/images/common/default_house_list.png?_v=20240717115829
20240723,门头沟,冯村,101125596018,和苑 1室1厅 南新上,248万,32137元/平,低楼层 (共28层) | 2012年 | 1室1厅 | 77.17平米 | 南,https://s1.ljcdn.com/pegasus/redskull/images/common/default_house_list.png?_v=20240717115829
20240723,门头沟,冯村,101125574300,华润西山墅 6室3厅 南 北 西新上,2900万,44942元/平,底层 (共5层) | 2013年 | 6室3厅 | 645.28平米 | 南 北 西,https://ke-image.ljcdn.com/110000-inspection/40ac011c-7805-410d-8807-a0aa549856ad.jpg!m_fill,w_280,h_210,f_jpg?from=ke.com
20240723,门头沟,冯村,101125424841,北京城建上悦居 2室1厅 南,239万,32198元/平,底层 (共21层) 2室1厅 | 74.23平米 | 南,https://s1.ljcdn.com/pegasus/redskull/images/common/default_house_list.png?_v=20240717115829
20240723,门头沟,冯村,101125367422,何各庄西街2号院中间楼层两居室,265万,35777元/平,中楼层 (共21层) 2室1厅 | 74.07平米 | 南,https://s1.ljcdn.com/pegasus/redskull/images/common/default_house_list.png?_v=20240717115829
20240723,门头沟,冯村,101125225782,丽景长安二期 3室1厅 南 北,580万,42361元/平,低楼层 (共27层) 3室1厅 | 136.92平米 | 南 北,https://s1.ljcdn.com/pegasus/redskull/images/common/default_house_list.png?_v=20240717115829
20240723,门头沟,冯村,101124925328,丽景长安 车位,19万,5197元/平,地下室 (共11层) | 2013年 | 1室1厅 | 36.56平米 | 南,https://s1.ljcdn.com/pegasus/redskull/images/common/default_house_list.png?_v=20240717115829
20240723,门头沟,冯村,101124880905,北京城建上悦居 2室1厅 南,308万,41583元/平,中楼层 (共21层) 2室1厅 | 74.07平米 | 南,https://s1.ljcdn.com/pegasus/redskull/images/common/default_house_list.png?_v=20240717115829
20240723,门头沟,冯村,101124606697,丽景长安 3室1厅 北 南,569万,40927元/平,中楼层 (共10层) 3室1厅 | 139.03平米 | 北 南,https://s1.ljcdn.com/pegasus/redskull/images/common/default_house_list.png?_v=20240717115829
20240723,门头沟,冯村,101124151717,丽景长安二期 车位,18万,5629元/平,地下室 (共25层) | 2016年 | 1室0厅 | 31.98平米 | 南,https://ke-image.ljcdn.com/110000-inspection/c0b650fb2ba59027ad8c3c55c89e38d1-019.jpg!m_fill,w_280,h_210,f_jpg?from=ke.com
20240723,门头沟,冯村,101123835640,丽景长安 车位,19万,4186元/平,地下室 (共11层) | 2013年 | 1室1厅 | 45.39平米 | 南 北,https://ke-image.ljcdn.com/110000-inspection/92139f9344036c392a16ec7b2f68e96a-027.jpg!m_fill,w_280,h_210,f_jpg?from=ke.com
20240723,门头沟,冯村,101119822830,丽景长安 车位,19万,5197元/平,地下室 (共11层) | 2013年 | 1室0厅 | 36.56平米 | 南,https://ke-image.ljcdn.com/110000-inspection/199e7a05-248e-45c3-8b37-74eb772edea5.jpg!m_fill,w_280,h_210,f_jpg?from=ke.com
20240723,门头沟,冯村,101116971873,丽景长安诚心出售的车位 咨询有惊喜 产权的车位,18万,4924元/平,地下室 (共11层) | 2013年 | 1室0厅 | 36.56平米 | 南,https://ke-image.ljcdn.com/110000-inspection/eabd45daaf700576678f67792c7803c6-080.jpg!m_fill,w_280,h_210,f_jpg?from=ke.com
20240723,门头沟,冯村,101114791042,丽景长安 车位,22万,5899元/平,地下室 (共11层) | 2013年 | 1室0厅 | 37.3平米 | 南,https://ke-image.ljcdn.com/110000-inspection/bf2cf59c33118722adcf823516d58b05-039.jpg!m_fill,w_280,h_210,f_jpg?from=ke.com
20240723,门头沟,冯村,101112569109,丽景长安 产权车位 位于8号楼和9号楼之间,16万,4471元/平,地下室 (共11层) | 2013年 | 1室0厅 | 35.79平米 | 南,https://ke-image.ljcdn.com/110000-inspection/c973cbc94329c187094e2167fb8e57ff-085.jpg!m_fill,w_280,h_210,f_jpg?from=ke.com
20240723,门头沟,冯村,101112518632,丽景长安有产权的车位 人车分流 随时使用,17万,4558元/平,地下室 (共11层) | 2013年 | 1室0厅 | 37.3平米 | 南,https://ke-image.ljcdn.com/110000-inspection/d39f49abf238af327510710609c5bae5-069.jpg!m_fill,w_280,h_210,f_jpg?from=ke.com
