20240423,昌平,西关环岛,101123868339,西环里 2室1厅 南 北必看好房,175万,28883元/平,中楼层 (共6层) 2室1厅 | 60.59平米 | 南 北,https://ke-image.ljcdn.com/110000-inspection/20d2776f-c0f2-4c67-bff8-0f233110f925_1000.jpg!m_fill,w_280,h_210,f_jpg?from=ke.com
20240423,昌平,西关环岛,101123593402,林场宿舍 2室1厅 南 北必看好房,149万,23818元/平,中楼层 (共5层) | 2001年 | 2室1厅 | 62.56平米 | 南 北,https://ke-image.ljcdn.com/110000-inspection/pc1_vcOwlbkuR.jpg!m_fill,w_280,h_210,f_jpg?from=ke.com
20240423,昌平,西关环岛,101123411318,郝庄家园西区 2室1厅 南 北必看好房,210万,25595元/平,高楼层 (共6层) 2室1厅 | 82.05平米 | 南 北,https://ke-image.ljcdn.com/110000-inspection/7f81da81-581f-4e67-ab82-7a1f4d545f87_1000.jpg!m_fill,w_280,h_210,f_jpg?from=ke.com
20240423,昌平,西关环岛,101122972112,郝庄家园东区 2层 精装 满五唯一 无抵押必看好房,153万,25500元/平,低楼层 (共6层) 2室1厅 | 60平米 | 南,https://ke-image.ljcdn.com/110000-inspection/830c3e94-b588-4de8-9d33-ae5ecb797d9e_1000.jpg!m_fill,w_280,h_210,f_jpg?from=ke.com
20240423,昌平,西关环岛,101119356945,随时可看有钥匙 郝庄家园西区 满五唯一 全明格局一居必看好房,149万,25345元/平,中楼层 (共6层) 1室1厅 | 58.79平米 | 南 北,https://ke-image.ljcdn.com/110000-inspection/pc1_69niXNUgi.jpg!m_fill,w_280,h_210,f_jpg?from=ke.com
20240423,昌平,西关环岛,101123338550,水屯家园+急售首付60万+南北通透+2003年建成+出行方便房主自荐,185万,22773元/平,顶层 (共6层) 2室1厅 | 81.24平米 | 南 北,https://ke-image.ljcdn.com/110000-inspection/pc1_C0L55T9n4.jpg!m_fill,w_280,h_210,f_jpg?from=ke.com
20240423,昌平,西关环岛,101123271181,建明里 聚焦房源 精装修 中间层距离地铁1000米房主自荐,221万,39192元/平,中楼层 (共5层) | 2003年 | 2室1厅 | 56.39平米 | 南,https://ke-image.ljcdn.com/110000-inspection/6f03e49f-988d-4228-88d5-10c7edb81ba2_1000.jpg!m_fill,w_280,h_210,f_jpg?from=ke.com
20240423,昌平,西关环岛,101123185568,水屯家园 低楼层 两居南北朝向 满五年唯一,230万,25662元/平,中楼层 (共4层) | 2003年 | 2室1厅 | 89.63平米 | 南 北,https://ke-image.ljcdn.com/110000-inspection/pc1_NeqBtlmRz.jpg!m_fill,w_280,h_210,f_jpg?from=ke.com
20240423,昌平,西关环岛,101122946234,建明里小区 2室2厅 南 北,279万,26378元/平,低楼层 (共7层) 2室2厅 | 105.77平米 | 南 北,https://ke-image.ljcdn.com/110000-inspection/6a2fceff-cf73-4de6-91a8-82c5f0eb8dd8_1000.jpg!m_fill,w_280,h_210,f_jpg?from=ke.com
20240423,昌平,西关环岛,101122931113,水屯家园 3室1厅 南 北,249万,24005元/平,中楼层 (共5层) 3室1厅 | 103.73平米 | 南 北,https://ke-image.ljcdn.com/110000-inspection/pc1_uDW0s9664.jpg!m_fill,w_280,h_210,f_jpg?from=ke.com
20240423,昌平,西关环岛,101122703802,总监推荐 西环里 两居室  3层  看房随时,169万,29346元/平,中楼层 (共5层) 2室1厅 | 57.59平米 | 南 北,https://ke-image.ljcdn.com/110000-inspection/74bb61a8-2006-4dea-ac7f-8cc61aeb72fb_1000.jpg!m_fill,w_280,h_210,f_jpg?from=ke.com
20240423,昌平,西关环岛,101122098870,郝庄家园北区 家春秋 郝庄家园,195万,23315元/平,底层 (共6层) | 2004年 | 2室1厅 | 83.64平米 | 南 北,https://ke-image.ljcdn.com/110000-inspection/3ac18206-8912-4217-b5f1-c6fb1259787b_1000.jpg!m_fill,w_280,h_210,f_jpg?from=ke.com
20240423,昌平,西关环岛,101121420203,水屯家园满五唯一中间楼层一居室,132万,26327元/平,中楼层 (共6层) 1室1厅 | 50.14平米 | 南,https://ke-image.ljcdn.com/110000-inspection/a0e370ba-0ecb-404f-a292-49a310ad722b_1000.jpg!m_fill,w_280,h_210,f_jpg?from=ke.com
20240423,昌平,西关环岛,101121277078,西环里新区   中间楼层  满五年唯一,210万,30091元/平,中楼层 (共6层) 2室1厅 | 69.79平米 | 南,https://ke-image.ljcdn.com/110000-inspection/af7955bc-a76c-4188-8599-1651ba058e46_1000.jpg!m_fill,w_280,h_210,f_jpg?from=ke.com
20240423,昌平,西关环岛,101121011299,郝庄家园西区 低楼层 精装修 满五唯一必看好房,135万,28896元/平,低楼层 (共6层) | 2000年 | 1室1厅 | 46.72平米 | 南,https://ke-image.ljcdn.com/110000-inspection/8d86294f-dfb2-46c3-92da-d42d3f980827_1000.jpg!m_fill,w_280,h_210,f_jpg?from=ke.com
20240423,昌平,西关环岛,101120613944,静心苑南北通透视野开阔无遮挡满五唯一,229万,22427元/平,顶层 (共6层) | 2001年 | 2室2厅 | 102.11平米 | 南 北,https://ke-image.ljcdn.com/110000-inspection/18df8ade-d30a-4563-a763-dd68c646faf3_1000.jpg!m_fill,w_280,h_210,f_jpg?from=ke.com
20240423,昌平,西关环岛,101117460071,过年可看郝庄家园东区 南北通透三居室带客厅 满五唯一,229万,25630元/平,中楼层 (共6层) 3室1厅 | 89.35平米 | 南 北,https://ke-image.ljcdn.com/110000-inspection/0bcbaa22-18c3-4334-b970-27b772d79788_1000.jpg!m_fill,w_280,h_210,f_jpg?from=ke.com
20240423,昌平,西关环岛,101111259596,低楼层出行方便南北两居室带客厅建成1992年房主自荐,230万,38780元/平,低楼层 (共6层) | 1990年 | 2室2厅 | 59.31平米 | 南 北,https://ke-image.ljcdn.com/110000-inspection/cd52e77f-6e38-4d9c-bd3a-82af42e48dca_1000.jpg!m_fill,w_280,h_210,f_jpg?from=ke.com
20240423,昌平,西关环岛,101123927319,总监推荐 建明里小区 南北通透两居 中间楼层 满五唯一必看好房,238万,28891元/平,中楼层 (共6层) 2室1厅 | 82.38平米 | 南 北,https://ke-image.ljcdn.com/110000-inspection/pc1_3pLYwO9jL.jpg!m_fill,w_280,h_210,f_jpg?from=ke.com
20240423,昌平,西关环岛,101123536580,西环里 3室0厅 南 北,169万,28313元/平,低楼层 (共6层) 3室0厅 | 59.69平米 | 南 北,https://ke-image.ljcdn.com/110000-inspection/d955733c-342f-4f54-99cb-0d2a759f87a6_1000.jpg!m_fill,w_280,h_210,f_jpg?from=ke.com
20240423,昌平,西关环岛,101123270477,优质好房 西环里 精装修一居室 低楼层 有燃气,115万,41517元/平,中楼层 (共5层) | 1982年 | 1室1厅 | 27.7平米 | 南,https://ke-image.ljcdn.com/110000-inspection/b69e15a8-4be7-4f25-999f-a9074bb37944_1000.jpg!m_fill,w_280,h_210,f_jpg?from=ke.com
20240423,昌平,西关环岛,101123051043,建明里小区  华尔森  满五唯一 中间层必看好房,314万,29800元/平,中楼层 (共7层) 2室2厅 | 105.37平米 | 南 北,https://ke-image.ljcdn.com/110000-inspection/0a035dc6-786a-48b3-8f7d-cf91b9780635_1000.jpg!m_fill,w_280,h_210,f_jpg?from=ke.com
20240423,昌平,西关环岛,101122091230,蓝郡国际花园 精装修 东向 距离地铁500米房主自荐,179万,28998元/平,高楼层 (共15层) | 2009年 | 1室1厅 | 61.73平米 | 东,https://ke-image.ljcdn.com/110000-inspection/6f090aa6-1d85-4ce2-ad39-500d2ac80255_1000.jpg!m_fill,w_280,h_210,f_jpg?from=ke.com
20240423,昌平,西关环岛,101121573510,西环里 2室1厅 南 西必看好房,220万,39342元/平,底层 (共6层) 2室1厅 | 55.92平米 | 南 西,https://ke-image.ljcdn.com/110000-inspection/b280127e-0553-422a-920f-e20bd7093118_1000.jpg!m_fill,w_280,h_210,f_jpg?from=ke.com
20240423,昌平,西关环岛,101121286706,水屯家园新上中间层两居室满五年唯一南北向,199万,24496元/平,中楼层 (共6层) | 2002年 | 2室1厅 | 81.24平米 | 南 北,https://ke-image.ljcdn.com/110000-inspection/4ea0b075-2a60-46ec-aba3-fe776d266608_1000.jpg!m_fill,w_280,h_210,f_jpg?from=ke.com
20240423,昌平,西关环岛,101123983599,西环里 1室1厅 南新上,125万,37504元/平,底层 (共5层) 1室1厅 | 33.33平米 | 南,https://ke-image.ljcdn.com/110000-inspection/e417ac2e-4cee-47b5-aad1-e54b065f3e99_1000.jpg!m_fill,w_280,h_210,f_jpg?from=ke.com
20240423,昌平,西关环岛,101123962520,郝庄家园东区 1室1厅 南 北新上,158万,31097元/平,中楼层 (共6层) 1室1厅 | 50.81平米 | 南 北,https://ke-image.ljcdn.com/110000-inspection/218e5b61-9168-44b5-980d-60504b9f453c_1000.jpg!m_fill,w_280,h_210,f_jpg?from=ke.com
20240423,昌平,西关环岛,101123910805,郝庄家园西区 3室2厅 南 北,239万,23753元/平,中楼层 (共6层) | 2000年 | 3室2厅 | 100.62平米 | 南 北,https://ke-image.ljcdn.com/110000-inspection/e6afcbe5-457b-46d0-8c78-e935fdf5f07b_1000.jpg!m_fill,w_280,h_210,f_jpg?from=ke.com
20240423,昌平,西关环岛,101123910783,总监推荐  西环里  正规一居室  明厨明卫新上,139万,33559元/平,高楼层 (共6层) | 1984年 | 1室1厅 | 41.42平米 | 南,https://ke-image.ljcdn.com/110000-inspection/c6542a54-b59a-4697-9fe9-b737b0162880_1000.jpg!m_fill,w_280,h_210,f_jpg?from=ke.com
20240423,昌平,西关环岛,101123900838,西环里 1室1厅 南,168万,43513元/平,底层 (共5层) 1室1厅 | 38.61平米 | 南,https://ke-image.ljcdn.com/110000-inspection/31f7568e-f909-4e1a-83e7-467cdcecb117_1000.jpg!m_fill,w_280,h_210,f_jpg?from=ke.com
20240423,昌平,西关环岛,101123819346,西环里 2室1厅 南,215万,30807元/平,中楼层 (共6层) 2室1厅 | 69.79平米 | 南,https://ke-image.ljcdn.com/110000-inspection/e69d6e9b-dee9-486e-9d27-7d9306159ec1_1000.jpg!m_fill,w_280,h_210,f_jpg?from=ke.com
20240423,昌平,西关环岛,101123810890,御路园 2室1厅 南 北,310万,35021元/平,中楼层 (共6层) 2室1厅 | 88.52平米 | 南 北,https://ke-image.ljcdn.com/110000-inspection/81cd2eb5-ad1b-41b1-8475-9d030bc08c6e_1000.jpg!m_fill,w_280,h_210,f_jpg?from=ke.com
20240423,昌平,西关环岛,101123810491,郝庄家园 2室1厅 南 北,179万,22882元/平,高楼层 (共6层) 2室1厅 | 78.23平米 | 南 北,https://ke-image.ljcdn.com/110000-inspection/2154edb8-c3a7-4684-be78-53927ca6b5ad_1000.jpg!m_fill,w_280,h_210,f_jpg?from=ke.com
20240423,昌平,西关环岛,101123795735,西环里 2室1厅 南 北,188万,31784元/平,中楼层 (共6层) 2室1厅 | 59.15平米 | 南 北,https://ke-image.ljcdn.com/110000-inspection/7eb02f78-30a8-4b33-b717-6503c3c8e713_1000.jpg!m_fill,w_280,h_210,f_jpg?from=ke.com
20240423,昌平,西关环岛,101123783592,蓝郡国际花园 2室2厅 南 北,410万,47111元/平,顶层 (共10层) | 2007年 | 2室2厅 | 87.03平米 | 南 北,https://ke-image.ljcdn.com/110000-inspection/2d0457ec-0aee-432a-9f7b-38a93c575f59_1000.jpg!m_fill,w_280,h_210,f_jpg?from=ke.com
20240423,昌平,西关环岛,101123776884,西环里 1室1厅 南,125万,32176元/平,底层 (共5层) | 1984年 | 1室1厅 | 38.85平米 | 南,https://ke-image.ljcdn.com/110000-inspection/bf66ee88-3c78-4673-bf85-4e0658779bbe_1000.jpg!m_fill,w_280,h_210,f_jpg?from=ke.com
20240423,昌平,西关环岛,101123775892,郝庄家园东区 精装修 全南向三居室,228万,24628元/平,高楼层 (共6层) | 1998年 | 3室1厅 | 92.58平米 | 南 北,https://ke-image.ljcdn.com/110000-inspection/01c6af78-af72-4d19-9657-5e57bb29926d_1000.jpg!m_fill,w_280,h_210,f_jpg?from=ke.com
20240423,昌平,西关环岛,101123693505,郝庄家园东区 2室1厅 南 北,196万,25145元/平,中楼层 (共6层) | 1995年 | 2室1厅 | 77.95平米 | 南 北,https://ke-image.ljcdn.com/110000-inspection/c0589ed1-3aad-4e73-abe4-ddabaf79f0b8_1000.jpg!m_fill,w_280,h_210,f_jpg?from=ke.com
20240423,昌平,西关环岛,101123686255,御路园 2室1厅 南 北,280万,35733元/平,中楼层 (共5层) 2室1厅 | 78.36平米 | 南 北,https://ke-image.ljcdn.com/110000-inspection/98153e8b-fd83-4744-842c-423eb121bd40_1000.jpg!m_fill,w_280,h_210,f_jpg?from=ke.com
20240423,昌平,西关环岛,101123677891,西环里 二层小两居 南北通透 无遮挡,175万,32217元/平,中楼层 (共5层) 2室1厅 | 54.32平米 | 南 北,https://ke-image.ljcdn.com/110000-inspection/7f06c83b-ce63-4ede-a1de-51cd0a58e6e0_1000.jpg!m_fill,w_280,h_210,f_jpg?from=ke.com
20240423,昌平,西关环岛,101123677613,郝庄家园东区 1室1厅 南 北,150万,29470元/平,高楼层 (共6层) 1室1厅 | 50.9平米 | 南 北,https://ke-image.ljcdn.com/110000-inspection/1e8c32ce-701c-4338-86b6-f1cafa4bd9c7_1000.jpg!m_fill,w_280,h_210,f_jpg?from=ke.com
20240423,昌平,西关环岛,101123673825,建明里小区 2室2厅 东 西房主自荐,320万,34159元/平,中楼层 (共6层) 2室2厅 | 93.68平米 | 东 西,https://ke-image.ljcdn.com/110000-inspection/8f849ce0-db8b-4fab-a607-16a55ad5ed4f_1000.jpg!m_fill,w_280,h_210,f_jpg?from=ke.com
20240423,昌平,西关环岛,101123664215,郝庄家园南区 南北通透 全明格局 满五唯一 看房随时,170万,24179元/平,高楼层 (共6层) | 1999年 | 3室1厅 | 70.31平米 | 南 北,https://ke-image.ljcdn.com/110000-inspection/53a22e22-43d6-4a14-a3f4-1ad3d4425016_1000.jpg!m_fill,w_280,h_210,f_jpg?from=ke.com
20240423,昌平,西关环岛,101123612908,郝庄家园东区 精装修 两居室 南北通透,195万,25763元/平,高楼层 (共6层) 2室1厅 | 75.69平米 | 南 北,https://ke-image.ljcdn.com/110000-inspection/9a62c81d-f021-47ca-9188-ce42803aff3f_1000.jpg!m_fill,w_280,h_210,f_jpg?from=ke.com
20240423,昌平,西关环岛,101123595683,西环里 2室1厅 南 北,175万,30876元/平,顶层 (共6层) | 1984年 | 2室1厅 | 56.68平米 | 南 北,https://ke-image.ljcdn.com/110000-inspection/e60281c5-6032-475c-8c83-bd9528d71602_1000.jpg!m_fill,w_280,h_210,f_jpg?from=ke.com
20240423,昌平,西关环岛,101123589956,西环里35号院 2室2厅 南 北,275万,33607元/平,底层 (共5层) 2室2厅 | 81.83平米 | 南 北,https://ke-image.ljcdn.com/110000-inspection/632984ae-889a-491d-96d2-a95924e805e2_1000.jpg!m_fill,w_280,h_210,f_jpg?from=ke.com
20240423,昌平,西关环岛,101123579822,西关北路 2室1厅 南 北,218万,33385元/平,低楼层 (共6层) | 1992年 | 2室1厅 | 65.3平米 | 南 北,https://ke-image.ljcdn.com/110000-inspection/3d97d4f3-026b-4fe3-b2aa-222deb1d4fcb_1000.jpg!m_fill,w_280,h_210,f_jpg?from=ke.com
20240423,昌平,西关环岛,101123571513,环卫宿舍 2室1厅 南 北,215万,34193元/平,中楼层 (共5层) 2室1厅 | 62.88平米 | 南 北,https://ke-image.ljcdn.com/110000-inspection/717abaea-cdb8-4849-bd9c-146466e514cd_1000.jpg!m_fill,w_280,h_210,f_jpg?from=ke.com
20240423,昌平,西关环岛,101123558449,郝庄家园东区 2室1厅 南 北,205万,26401元/平,高楼层 (共6层) 2室1厅 | 77.65平米 | 南 北,https://ke-image.ljcdn.com/110000-inspection/d01156ab-fd6d-48b5-9619-212da10f4040_1000.jpg!m_fill,w_280,h_210,f_jpg?from=ke.com
20240423,昌平,西关环岛,101123468943,郝庄家园西区 3室2厅 南 北房主自荐,235万,23437元/平,高楼层 (共6层) | 2001年 | 3室2厅 | 100.27平米 | 南 北,https://ke-image.ljcdn.com/110000-inspection/ae208f1f-3599-45a5-b165-49fe0249bcfc_1000.jpg!m_fill,w_280,h_210,f_jpg?from=ke.com
20240423,昌平,西关环岛,101123462973,西环里 2室1厅 南 北,242万,32070元/平,低楼层 (共6层) 2室1厅 | 75.46平米 | 南 北,https://ke-image.ljcdn.com/110000-inspection/pc1_LruEX3dbN.jpg!m_fill,w_280,h_210,f_jpg?from=ke.com
20240423,昌平,西关环岛,101123460905,静心苑 2室1厅 北,239万,35371元/平,底层 (共3层) 2室1厅 | 67.57平米 | 北,https://ke-image.ljcdn.com/110000-inspection/f1a8f7b6-2aa9-449c-a7fd-c6fbe5138877_1000.jpg!m_fill,w_280,h_210,f_jpg?from=ke.com
20240423,昌平,西关环岛,101123424270,建明里小区 2室1厅 南,209万,37064元/平,中楼层 (共5层) | 2003年 | 2室1厅 | 56.39平米 | 南,https://ke-image.ljcdn.com/110000-inspection/fe111916-ad56-4d51-9be8-78b70f7d1387_1000.jpg!m_fill,w_280,h_210,f_jpg?from=ke.com
20240423,昌平,西关环岛,101123423529,蓝郡国际花园 3室1厅 南 北,680万,51457元/平,中楼层 (共9层) | 2005年 | 3室1厅 | 132.15平米 | 南 北,https://ke-image.ljcdn.com/110000-inspection/pc1_RfHihV6VF.jpg!m_fill,w_280,h_210,f_jpg?from=ke.com
20240423,昌平,西关环岛,101123418279,水屯家园精装自住南北通透3居2卫交通便利,286万,23658元/平,顶层 (共6层) 3室1厅 | 120.89平米 | 南 北,https://ke-image.ljcdn.com/110000-inspection/pc1_w6558aQMt.jpg!m_fill,w_280,h_210,f_jpg?from=ke.com
20240423,昌平,西关环岛,101123403620,城角西路11号院南向采光好没有遮挡生活配套齐全,175万,29662元/平,高楼层 (共6层) | 1990年 | 2室1厅 | 59平米 | 南,https://ke-image.ljcdn.com/110000-inspection/4ca85137-fead-4c5a-8ea6-bac726a8d9ab_1000.jpg!m_fill,w_280,h_210,f_jpg?from=ke.com
20240423,昌平,西关环岛,101123403404,建明里小区次顶层正规大一居室满五年唯一,156万,28416元/平,高楼层 (共6层) | 1997年 | 1室1厅 | 54.9平米 | 南,https://ke-image.ljcdn.com/110000-inspection/a2944a01-eb1a-4570-b7f2-fbb285730271_1000.jpg!m_fill,w_280,h_210,f_jpg?from=ke.com
20240423,昌平,西关环岛,101123390127,西关北路 3室1厅 南 北,278万,29233元/平,中楼层 (共6层) | 1995年 | 3室1厅 | 95.1平米 | 南 北,https://ke-image.ljcdn.com/110000-inspection/aaf0637d-556b-4cea-bc57-85c5d6eec64b_1000.jpg!m_fill,w_280,h_210,f_jpg?from=ke.com
20240423,昌平,西关环岛,101123385416,西环里 3室1厅 南 北房主自荐,185万,32617元/平,中楼层 (共6层) 3室1厅 | 56.72平米 | 南 北,https://ke-image.ljcdn.com/110000-inspection/cc0f444c-4845-4964-a9c4-e54e4748d632_1000.jpg!m_fill,w_280,h_210,f_jpg?from=ke.com
20240423,昌平,西关环岛,101123337719,西关北路 精装修中间楼层南北通透全明户型满五年唯一房主自荐,210万,32160元/平,中楼层 (共6层) | 1992年 | 2室1厅 | 65.3平米 | 南 北,https://ke-image.ljcdn.com/110000-inspection/11f140f2-0cf5-4855-8bfd-da9390bb4639_1000.jpg!m_fill,w_280,h_210,f_jpg?from=ke.com
20240423,昌平,西关环岛,101123333182,西关北路 2室1厅 南 北,240万,31996元/平,中楼层 (共6层) | 1995年 | 2室1厅 | 75.01平米 | 南 北,https://ke-image.ljcdn.com/110000-inspection/bb01ebab-81ff-4f67-8a62-c05861d9f7ad_1000.jpg!m_fill,w_280,h_210,f_jpg?from=ke.com
20240423,昌平,西关环岛,101123323422,城角西路 3室1厅 东 西,220万,27923元/平,低楼层 (共6层) | 1995年 | 3室1厅 | 78.79平米 | 东 西,https://ke-image.ljcdn.com/110000-inspection/0bb482f6-cd39-467b-9422-7ad78c46df10_1000.jpg!m_fill,w_280,h_210,f_jpg?from=ke.com
20240423,昌平,西关环岛,101123315158,西环里 3室1厅 南 北,277万,32068元/平,中楼层 (共4层) 3室1厅 | 86.38平米 | 南 北,https://ke-image.ljcdn.com/110000-inspection/1c30c7ba-a8f9-4c9a-945d-cd4f1eed3e91_1000.jpg!m_fill,w_280,h_210,f_jpg?from=ke.com
20240423,昌平,西关环岛,101123311503,西环里 1室1厅 南,168万,46192元/平,中楼层 (共5层) 1室1厅 | 36.37平米 | 南,https://ke-image.ljcdn.com/110000-inspection/8ac8e22e-05a1-4d0b-bf9f-7bba0e0db561_1000.jpg!m_fill,w_280,h_210,f_jpg?from=ke.com
20240423,昌平,西关环岛,101123307824,商圈推荐：95后 装修干净整洁 满五唯一 业主诚心出售,229万,35172元/平,中楼层 (共6层) 2室1厅 | 65.11平米 | 南 东,https://ke-image.ljcdn.com/110000-inspection/43d1a1f9-e9e6-472c-b9d3-e0dc71d75d0a_1000.jpg!m_fill,w_280,h_210,f_jpg?from=ke.com
20240423,昌平,西关环岛,101123305021,经理推荐建明里小区2004年建成精装修配套齐全,285万,33152元/平,中楼层 (共6层) | 2004年 | 2室2厅 | 85.97平米 | 南 北,https://ke-image.ljcdn.com/110000-inspection/eba2ba62-cb61-436c-a445-fc6aa54bc9cc_1000.jpg!m_fill,w_280,h_210,f_jpg?from=ke.com
20240423,昌平,西关环岛,101123287883,秋实家园 3室2厅 南 北,310万,24219元/平,底层 (共6层) 3室2厅 | 128平米 | 南 北,https://ke-image.ljcdn.com/110000-inspection/1ffe14c0-c865-4b59-ba0d-ae73ac947e83_1000.jpg!m_fill,w_280,h_210,f_jpg?from=ke.com
20240423,昌平,西关环岛,101123256968,郝庄家园 2室1厅 南 北,222万,24482元/平,中楼层 (共6层) 2室1厅 | 90.68平米 | 南 北,https://ke-image.ljcdn.com/110000-inspection/5089ad6d-9738-44f0-b4e5-6bf8671c404d_1000.jpg!m_fill,w_280,h_210,f_jpg?from=ke.com
20240423,昌平,西关环岛,101123255475,城角西路 2室1厅 南,179万,30263元/平,低楼层 (共6层) | 1995年 | 2室1厅 | 59.15平米 | 南,https://ke-image.ljcdn.com/110000-inspection/652480d1-dcb5-4c50-83f4-311b75db0131_1000.jpg!m_fill,w_280,h_210,f_jpg?from=ke.com
20240423,昌平,西关环岛,101123244335,水屯家园 低楼层三居室安静宜居,258万,24873元/平,中楼层 (共5层) 3室1厅 | 103.73平米 | 南 北,https://ke-image.ljcdn.com/110000-inspection/pc1_6xKvUMX5v.jpg!m_fill,w_280,h_210,f_jpg?from=ke.com
20240423,昌平,西关环岛,101123243040,御路园 2室1厅 南 北,275万,32649元/平,底层 (共6层) | 2008年 | 2室1厅 | 84.23平米 | 南 北,https://ke-image.ljcdn.com/110000-inspection/444eef59-85d7-446e-9bde-d043e967e0a9_1000.jpg!m_fill,w_280,h_210,f_jpg?from=ke.com
20240423,昌平,西关环岛,101123241427,建明里小区 2室1厅 南 北,185万,31875元/平,底层 (共6层) | 1992年 | 2室1厅 | 58.04平米 | 南 北,https://ke-image.ljcdn.com/110000-inspection/562110a2-f436-4a38-a642-38e3e55216b0_1000.jpg!m_fill,w_280,h_210,f_jpg?from=ke.com
20240423,昌平,西关环岛,101123226441,郝庄家园西区 2室1厅 南 北,222万,27886元/平,中楼层 (共6层) | 2000年 | 2室1厅 | 79.61平米 | 南 北,https://ke-image.ljcdn.com/110000-inspection/1cc843b1-f4cc-4cc2-a806-4671ccdfd736_1000.jpg!m_fill,w_280,h_210,f_jpg?from=ke.com
20240423,昌平,西关环岛,101123207232,西环里 3室1厅 南 北,195万,32446元/平,中楼层 (共4层) 3室1厅 | 60.1平米 | 南 北,https://ke-image.ljcdn.com/110000-inspection/82cd1f51-29b5-4f79-ad5a-f54ca582cc64_1000.jpg!m_fill,w_280,h_210,f_jpg?from=ke.com
20240423,昌平,西关环岛,101123183143,瑞明路6号院 2室1厅 南 北,199万,22864元/平,顶层 (共6层) | 2001年 | 2室1厅 | 87.04平米 | 南 北,https://ke-image.ljcdn.com/110000-inspection/22f6d650-e061-4ded-8290-1a0c6a34ac28_1000.jpg!m_fill,w_280,h_210,f_jpg?from=ke.com
20240423,昌平,西关环岛,101123163732,推荐郝庄家园北区 2004年 一层 两居室,239万,28188元/平,底层 (共6层) | 2004年 | 2室1厅 | 84.79平米 | 南 北,https://ke-image.ljcdn.com/110000-inspection/c232fa0b-5b3c-4239-8e0f-55b407d4d56e_1000.jpg!m_fill,w_280,h_210,f_jpg?from=ke.com
20240423,昌平,西关环岛,101123150477,西环里 2室1厅 南 北,185万,30927元/平,中楼层 (共6层) 2室1厅 | 59.82平米 | 南 北,https://ke-image.ljcdn.com/110000-inspection/4bf20b46-0e79-400f-87f9-6f7adc50ceb2_1000.jpg!m_fill,w_280,h_210,f_jpg?from=ke.com
20240423,昌平,西关环岛,101123125908,静心苑精装修  全明格局   采光好,321万,26853元/平,顶层 (共6层) | 1996年 | 3室2厅 | 119.54平米 | 南 北,https://ke-image.ljcdn.com/110000-inspection/88978d5f-5adb-4602-87bd-3dbd63774d90_1000.jpg!m_fill,w_280,h_210,f_jpg?from=ke.com
20240423,昌平,西关环岛,101123118657,城角西路11号院 2室1厅 南 北,200万,30235元/平,高楼层 (共6层) | 1990年 | 2室1厅 | 66.15平米 | 南 北,https://ke-image.ljcdn.com/110000-inspection/6266b260-df08-4a6e-984e-f094db881c3a_1000.jpg!m_fill,w_280,h_210,f_jpg?from=ke.com
20240423,昌平,西关环岛,101123100870,总监推荐  静心苑 满五唯一  南北通透  两居室,225万,23428元/平,顶层 (共6层) 2室2厅 | 96.04平米 | 南 北,https://ke-image.ljcdn.com/110000-inspection/5e449ffc-7e89-45bf-999d-b00ff54b0a51_1000.jpg!m_fill,w_280,h_210,f_jpg?from=ke.com
20240423,昌平,西关环岛,101123071903,西环里 2室2厅 南 北,283万,26209元/平,顶层 (共6层) 2室2厅 | 107.98平米 | 南 北,https://ke-image.ljcdn.com/110000-inspection/77c5a513-eed0-461d-b406-0891e83517ba_1000.jpg!m_fill,w_280,h_210,f_jpg?from=ke.com
20240423,昌平,西关环岛,101123068464,静心苑 2室1厅 南 北,339万,39346元/平,中楼层 (共6层) 2室1厅 | 86.16平米 | 南 北,https://ke-image.ljcdn.com/110000-inspection/a7129d9a-4185-4b35-8b15-c3a8b5ee6582_1000.jpg!m_fill,w_280,h_210,f_jpg?from=ke.com
20240423,昌平,西关环岛,101123049102,郝庄家园 2室1厅 南,185万,27493元/平,中楼层 (共6层) 2室1厅 | 67.29平米 | 南,https://ke-image.ljcdn.com/110000-inspection/pc1_08eLW4fKX.jpg!m_fill,w_280,h_210,f_jpg?from=ke.com
20240423,昌平,西关环岛,101123046711,建明里小区 2室1厅 南 北,230万,35266元/平,高楼层 (共6层) | 2001年 | 2室1厅 | 65.22平米 | 南 北,https://ke-image.ljcdn.com/110000-inspection/1bd45ca0-8eaa-441d-b9b8-f50e015f3cf2_1000.jpg!m_fill,w_280,h_210,f_jpg?from=ke.com
20240423,昌平,西关环岛,101123046119,商圈推荐：西环里 三层三居室  随时可签,180万,31663元/平,中楼层 (共5层) 3室1厅 | 56.85平米 | 南 北,https://ke-image.ljcdn.com/110000-inspection/202af884-3fa0-47aa-b8aa-33fc04e18800_1000.jpg!m_fill,w_280,h_210,f_jpg?from=ke.com
20240423,昌平,西关环岛,101123033281,郝庄家园东区精装修南北通透两居室满五唯一随时可看,213万,27326元/平,低楼层 (共6层) | 1995年 | 2室1厅 | 77.95平米 | 南 北,https://ke-image.ljcdn.com/110000-inspection/0709c86f-900c-4eb3-b899-14db79591f58_1000.jpg!m_fill,w_280,h_210,f_jpg?from=ke.com
20240423,昌平,西关环岛,101122986602,郝庄家园南区 3室2厅 南 北,280万,22936元/平,中楼层 (共6层) | 2002年 | 3室2厅 | 122.08平米 | 南 北,https://ke-image.ljcdn.com/110000-inspection/686c9b0d-b80c-41f0-b15d-d56dac0a20d4_1000.jpg!m_fill,w_280,h_210,f_jpg?from=ke.com
20240423,昌平,西关环岛,101122972216,建明里 聚焦房源 精装修 近地铁两居房主自荐,229万,40675元/平,中楼层 (共6层) | 2003年 | 2室1厅 | 56.3平米 | 南,https://ke-image.ljcdn.com/110000-inspection/pc1_jKA8kIgAM.jpg!m_fill,w_280,h_210,f_jpg?from=ke.com
20240423,昌平,西关环岛,101122966575,112.19平米大三居1999年建成单价2万7,305万,27187元/平,顶层 (共6层) 3室1厅 | 112.19平米 | 南 北,https://ke-image.ljcdn.com/110000-inspection/2d245334-cf7e-4b36-8b06-6c9f2b8925cb_1000.jpg!m_fill,w_280,h_210,f_jpg?from=ke.com
20240423,昌平,西关环岛,101122952921,建明里小区 2室2厅 南 北,350万,36266元/平,高楼层 (共6层) | 1999年 | 2室2厅 | 96.51平米 | 南 北,https://ke-image.ljcdn.com/110000-inspection/bf5c0664-8da4-4dc9-9955-1b7b7acacba1_1000.jpg!m_fill,w_280,h_210,f_jpg?from=ke.com
20240423,昌平,西关环岛,101122928152,二建宿舍 1室1厅 南 北房主自荐,160万,30558元/平,顶层 (共6层) 1室1厅 | 52.36平米 | 南 北,https://ke-image.ljcdn.com/110000-inspection/503eef44-28ba-44db-9b45-58455e940794_1000.jpg!m_fill,w_280,h_210,f_jpg?from=ke.com
20240423,昌平,西关环岛,101122927420,精装修 三层 南向一居室 采光好,149万,40811元/平,中楼层 (共6层) 1室1厅 | 36.51平米 | 南,https://ke-image.ljcdn.com/110000-inspection/8cb4581d-b31f-465f-99eb-159bcc399bb9_1000.jpg!m_fill,w_280,h_210,f_jpg?from=ke.com
20240423,昌平,西关环岛,101122893112,建明里小区 2室1厅 南 北,275万,30108元/平,高楼层 (共6层) | 2002年 | 2室1厅 | 91.34平米 | 南 北,https://ke-image.ljcdn.com/110000-inspection/fe5b0763-98db-4a95-b32d-986c65f738a5_1000.jpg!m_fill,w_280,h_210,f_jpg?from=ke.com
20240423,昌平,西关环岛,101122887479,郝庄家园南区 3室2厅 南 北,269万,19868元/平,高楼层 (共6层) 3室2厅 | 135.4平米 | 南 北,https://ke-image.ljcdn.com/110000-inspection/c55c5130-f13d-40b5-971d-26ffd0dc28c5_1000.jpg!m_fill,w_280,h_210,f_jpg?from=ke.com
20240423,昌平,西关环岛,101122879355,西环里 2室1厅 南,202万,38982元/平,中楼层 (共5层) 2室1厅 | 51.82平米 | 南,https://ke-image.ljcdn.com/110000-inspection/0d21ea9a-bdc1-488a-9c0c-dacd317a3ec2_1000.jpg!m_fill,w_280,h_210,f_jpg?from=ke.com
20240423,昌平,西关环岛,101122788338,三阳开泰一层适合家有老人家庭居住精装修拎包入住,456万,34248元/平,底层 (共6层) | 2001年 | 3室1厅 | 133.15平米 | 南 北,https://ke-image.ljcdn.com/110000-inspection/88db338b-0f49-408a-b4a8-4c40e52d431f_1000.jpg!m_fill,w_280,h_210,f_jpg?from=ke.com
20240423,昌平,西关环岛,101122759210,西环里 2室1厅 南 北,189万,35098元/平,底层 (共5层) | 1981年 | 2室1厅 | 53.85平米 | 南 北,https://ke-image.ljcdn.com/110000-inspection/eccee285-7dc0-4976-baf9-656c39bba617_1000.jpg!m_fill,w_280,h_210,f_jpg?from=ke.com
20240423,昌平,西关环岛,101122757449,水屯家园 南北朝向两居  精装修 拎包入住,245万,27296元/平,顶层 (共4层) 2室1厅 | 89.76平米 | 南 北,https://ke-image.ljcdn.com/110000-inspection/71a12d61-0a23-421e-b5dc-774f8a13bfef_1000.jpg!m_fill,w_280,h_210,f_jpg?from=ke.com
20240423,昌平,西关环岛,101122742654,总监推荐 静心苑南向三居室   精装修房主自荐,375万,29857元/平,高楼层 (共6层) | 2001年 | 3室2厅 | 125.6平米 | 南 北,https://ke-image.ljcdn.com/110000-inspection/38a4dd12-ebcc-46d9-86e0-52b8868d1f32_1000.jpg!m_fill,w_280,h_210,f_jpg?from=ke.com
20240423,昌平,西关环岛,101122741295,秋实家园 2室1厅 南 北,199万,24547元/平,中楼层 (共5层) 2室1厅 | 81.07平米 | 南 北,https://ke-image.ljcdn.com/110000-inspection/c31c70f0-fdcb-46b1-82af-d6e6ecdd9b8c_1000.jpg!m_fill,w_280,h_210,f_jpg?from=ke.com
20240423,昌平,西关环岛,101122740491,秋实家园 精装修低楼层 南北通透两居室,199万,34193元/平,底层 (共5层) | 1993年 | 2室1厅 | 58.2平米 | 南 北,https://ke-image.ljcdn.com/110000-inspection/74ab3aeb-ace0-42f0-90c6-4e86dbca7be1_1000.jpg!m_fill,w_280,h_210,f_jpg?from=ke.com
20240423,昌平,西关环岛,101122683834,建明里小区 2室1厅 南 北,290万,33721元/平,中楼层 (共6层) | 2004年 | 2室1厅 | 86平米 | 南 北,https://ke-image.ljcdn.com/110000-inspection/pc1_uzAFbbM9Z.jpg!m_fill,w_280,h_210,f_jpg?from=ke.com
20240423,昌平,西关环岛,101122675472,建明里小区 2室1厅 东 南 北,278万,36531元/平,中楼层 (共7层) 2室1厅 | 76.1平米 | 东 南 北,https://ke-image.ljcdn.com/110000-inspection/e385f9a9-2666-4f94-a72f-10989d755404_1000.jpg!m_fill,w_280,h_210,f_jpg?from=ke.com
20240423,昌平,西关环岛,101122659180,建明里小区  精装修  拎包入住  地暖  价格可谈房主自荐,206万,41458元/平,底层 (共5层) 2室1厅 | 49.69平米 | 南 北,https://ke-image.ljcdn.com/110000-inspection/64b906e1-937c-4e14-8559-4eb562ea08c0_1000.jpg!m_fill,w_280,h_210,f_jpg?from=ke.com
20240423,昌平,西关环岛,101122593059,建明里小区 2室1厅 南,180万,33633元/平,顶层 (共5层) 2室1厅 | 53.52平米 | 南,https://ke-image.ljcdn.com/110000-inspection/9d43f95b-e743-4897-a0d3-de909a6ed789_1000.jpg!m_fill,w_280,h_210,f_jpg?from=ke.com
20240423,昌平,西关环岛,101122572066,林场宿舍精装修南北通透三居室采光好购房成本低。,249万,20437元/平,顶层 (共5层) 3室2厅 | 121.84平米 | 南 北,https://ke-image.ljcdn.com/110000-inspection/60181e53-613a-44e8-a77d-605acc9e13d8_1000.jpg!m_fill,w_280,h_210,f_jpg?from=ke.com
20240423,昌平,西关环岛,101122559217,西环里新区房子建成1999年南北通透三居室,315万,25237元/平,顶层 (共6层) 3室2厅 | 124.82平米 | 南 北,https://ke-image.ljcdn.com/110000-inspection/dd1589ea-5a7e-4e5b-83b5-354aa455e1d0_1000.jpg!m_fill,w_280,h_210,f_jpg?from=ke.com
20240423,昌平,西关环岛,101122550466,郝庄家园西区南北通透三居室楼龄新满五唯一。,190万,22189元/平,顶层 (共6层) 3室1厅 | 85.63平米 | 东 南 北,https://ke-image.ljcdn.com/110000-inspection/a6da4bae-231b-4ef1-bbe9-39eebad0175b_1000.jpg!m_fill,w_280,h_210,f_jpg?from=ke.com
20240423,昌平,西关环岛,101122511421,西环里-精装修-正规两居室-明厨明卫-南北通透房主自荐,183万,31149元/平,中楼层 (共6层) 2室1厅 | 58.75平米 | 南 北,https://ke-image.ljcdn.com/110000-inspection/c8136ff8-dd9e-4e03-a5d1-53063277b458_1000.jpg!m_fill,w_280,h_210,f_jpg?from=ke.com
20240423,昌平,西关环岛,101122507888,建明里小区 1室1厅 东,150万,36145元/平,中楼层 (共5层) | 1983年 | 1室1厅 | 41.5平米 | 东,https://ke-image.ljcdn.com/110000-inspection/af346c53-0c11-4d76-aa29-c526a2e7fb8a_1000.jpg!m_fill,w_280,h_210,f_jpg?from=ke.com
20240423,昌平,西关环岛,101122487343,建明里小区 3室1厅 南 北,330万,24409元/平,顶层 (共6层) | 2002年 | 3室1厅 | 135.2平米 | 南 北,https://ke-image.ljcdn.com/110000-inspection/pc1_Swc0LXgEQ.jpg!m_fill,w_280,h_210,f_jpg?from=ke.com
20240423,昌平,西关环岛,101122463545,蓝郡国际花园 中间楼层 距离地铁600米 全明格局房主自荐,445万,42499元/平,中楼层 (共9层) | 2005年 | 2室2厅 | 104.71平米 | 南 西 北,https://ke-image.ljcdn.com/110000-inspection/2f15d89f-44a5-4aab-b2a1-c526f03fe182_1000.jpg!m_fill,w_280,h_210,f_jpg?from=ke.com
20240423,昌平,西关环岛,101122440755,店长推荐中间楼层三居室郝庄家园满五年唯一,267万,25429元/平,中楼层 (共6层) 3室1厅 | 105平米 | 南 西 北,https://ke-image.ljcdn.com/110000-inspection/6758ecaf-6b89-486c-b15d-88cfcb499b02_1000.jpg!m_fill,w_280,h_210,f_jpg?from=ke.com
20240423,昌平,西关环岛,101122415715,秋实家园 2室2厅 南 北,225万,24433元/平,中楼层 (共6层) 2室2厅 | 92.09平米 | 南 北,https://ke-image.ljcdn.com/110000-inspection/cdfb42a7-f3de-4fd1-a334-ae01cc34062f_1000.jpg!m_fill,w_280,h_210,f_jpg?from=ke.com
20240423,昌平,西关环岛,101122410612,郝庄家园 2室1厅 南 北,208万,26589元/平,高楼层 (共6层) 2室1厅 | 78.23平米 | 南 北,https://ke-image.ljcdn.com/110000-inspection/1e31194e-6e00-443d-9d5e-3bf280d4a7a8_1000.jpg!m_fill,w_280,h_210,f_jpg?from=ke.com
20240423,昌平,西关环岛,101122361050,西关北路 满五年唯一 精装修两居,199万,33200元/平,高楼层 (共6层) | 1991年 | 2室1厅 | 59.94平米 | 南 北,https://ke-image.ljcdn.com/110000-inspection/913b7e51-c6b3-4fde-af08-828d9603dd68_1000.jpg!m_fill,w_280,h_210,f_jpg?from=ke.com
20240423,昌平,西关环岛,101122358597,婚房装修 西环里小区 南北通透 明厨明卫采光好。,190万,32122元/平,低楼层 (共6层) | 1984年 | 2室1厅 | 59.15平米 | 南 北,https://ke-image.ljcdn.com/110000-inspection/bca48fcd-db45-4602-ae25-d6fd41d7933c_1000.jpg!m_fill,w_280,h_210,f_jpg?from=ke.com
20240423,昌平,西关环岛,101122348485,郝庄家园西区南北通透方正一居室满五唯一视野开阔,138万,23474元/平,高楼层 (共6层) 1室1厅 | 58.79平米 | 南 北,https://ke-image.ljcdn.com/110000-inspection/f85384fc-ca39-4704-8b74-ad9ae81f1488_1000.jpg!m_fill,w_280,h_210,f_jpg?from=ke.com
20240423,昌平,西关环岛,101122335142,西环里 南北通透小两居 双阳台 1994年建成,199万,29434元/平,顶层 (共6层) 2室1厅 | 67.61平米 | 南 北,https://ke-image.ljcdn.com/110000-inspection/2a734fd0-a08a-46e9-88a4-3433db65dcc8_1000.jpg!m_fill,w_280,h_210,f_jpg?from=ke.com
20240423,昌平,西关环岛,101122327801,建明里小区 3室1厅 南 北,275万,29759元/平,高楼层 (共6层) 3室1厅 | 92.41平米 | 南 北,https://ke-image.ljcdn.com/110000-inspection/6e9aa9d5-2b01-4783-bee9-8806738b3602_1000.jpg!m_fill,w_280,h_210,f_jpg?from=ke.com
20240423,昌平,西关环岛,101122293798,三阳开泰南北双通透户型三居室 中楼层 郝庄家园南区,275万,27564元/平,中楼层 (共6层) 3室2厅 | 99.77平米 | 南 北,https://ke-image.ljcdn.com/110000-inspection/6b32257f-e6dd-453d-a3f5-25fb8305e79c_1000.jpg!m_fill,w_280,h_210,f_jpg?from=ke.com
20240423,昌平,西关环岛,101122186478,郝庄家园西区 2室1厅 南 北,219万,26692元/平,中楼层 (共6层) 2室1厅 | 82.05平米 | 南 北,https://ke-image.ljcdn.com/110000-inspection/347d6040-4339-452d-9ac8-c93d1fb61133_1000.jpg!m_fill,w_280,h_210,f_jpg?from=ke.com
20240423,昌平,西关环岛,101122180841,瑞明路6号院 3室1厅 南 北,279万,21105元/平,顶层 (共6层) 3室1厅 | 132.2平米 | 南 北,https://ke-image.ljcdn.com/110000-inspection/f98a86fe-e701-49ad-aa28-b1f184e6171a_1000.jpg!m_fill,w_280,h_210,f_jpg?from=ke.com
20240423,昌平,西关环岛,101122089457,御路园 2室1厅 南 北,280万,35728元/平,中楼层 (共5层) 2室1厅 | 78.37平米 | 南 北,https://ke-image.ljcdn.com/110000-inspection/52773897-37c9-476b-ac9c-7b733b21cc20_1000.jpg!m_fill,w_280,h_210,f_jpg?from=ke.com
20240423,昌平,西关环岛,101122070000,灰厂路 1室1厅 南,198万,42490元/平,底层 (共3层) 1室1厅 | 46.6平米 | 南,https://ke-image.ljcdn.com/110000-inspection/fe64d7ae-db9c-4b7c-b7fb-503378ac17ee_1000.jpg!m_fill,w_280,h_210,f_jpg?from=ke.com
20240423,昌平,西关环岛,101122036927,急售正规一居室纯南向精装修采光好房主自荐,145万,40267元/平,高楼层 (共6层) 1室1厅 | 36.01平米 | 南,https://ke-image.ljcdn.com/110000-inspection/bf1f4471-fd72-4131-9e33-4dfad7fada72_1000.jpg!m_fill,w_280,h_210,f_jpg?from=ke.com
20240423,昌平,西关环岛,101122032805,水屯家园 满五唯一低楼层 双卧朝南两居室,218万,27332元/平,底层 (共6层) 2室2厅 | 79.76平米 | 南 北,https://ke-image.ljcdn.com/110000-inspection/pc1_2twKfTOZ6.jpg!m_fill,w_280,h_210,f_jpg?from=ke.com
20240423,昌平,西关环岛,101121992098,御路园 2室1厅 南 北,285万,33905元/平,低楼层 (共6层) 2室1厅 | 84.06平米 | 南 北,https://ke-image.ljcdn.com/110000-inspection/83286b61-a80c-4e82-8a34-a61988230ecb_1000.jpg!m_fill,w_280,h_210,f_jpg?from=ke.com
20240423,昌平,西关环岛,101121990704,静心苑 2室2厅 南 北,268万,27906元/平,底层 (共6层) 2室2厅 | 96.04平米 | 南 北,https://ke-image.ljcdn.com/110000-inspection/b9ecda20-3eb1-4926-995f-c0f3c598957a_1000.jpg!m_fill,w_280,h_210,f_jpg?from=ke.com
20240423,昌平,西关环岛,101121989738,总监推荐  满五唯一   南北通透  两居室 中楼层,176万,29755元/平,中楼层 (共6层) 2室1厅 | 59.15平米 | 南 北,https://ke-image.ljcdn.com/110000-inspection/c5708059-ca0c-4a59-a22b-21974acdcd1c_1000.jpg!m_fill,w_280,h_210,f_jpg?from=ke.com
20240423,昌平,西关环岛,101121949155,西关北路 4室2厅 南 北房主自荐,399万,28171元/平,顶层 (共3层) 4室2厅 | 141.64平米 | 南 北,https://ke-image.ljcdn.com/110000-inspection/daaecc4f-fe1c-4141-8d45-20cf5f5e2e64_1000.jpg!m_fill,w_280,h_210,f_jpg?from=ke.com
20240423,昌平,西关环岛,101121900266,瑞明路6号院 2室1厅 南 北房主自荐,198万,23194元/平,顶层 (共6层) 2室1厅 | 85.37平米 | 南 北,https://ke-image.ljcdn.com/110000-inspection/pc1_3oY2aXN9Z.jpg!m_fill,w_280,h_210,f_jpg?from=ke.com
20240423,昌平,西关环岛,101121845229,秋实家园 2室2厅 北 南,225万,24433元/平,中楼层 (共6层) 2室2厅 | 92.09平米 | 北 南,https://ke-image.ljcdn.com/110000-inspection/1826d782-1c80-49b7-a3a3-2e3be02337f0_1000.jpg!m_fill,w_280,h_210,f_jpg?from=ke.com
20240423,昌平,西关环岛,101121841963,郝庄家园东区 2室1厅 南 北,180万,23092元/平,顶层 (共6层) | 1995年 | 2室1厅 | 77.95平米 | 南 北,https://ke-image.ljcdn.com/110000-inspection/b21fe2df-20f2-4bb5-9cce-494ed65907b5_1000.jpg!m_fill,w_280,h_210,f_jpg?from=ke.com
20240423,昌平,西关环岛,101121839077,1999年年建成满五唯一精装修公积金可贷款25年,286万,26630元/平,顶层 (共6层) 2室1厅 | 107.4平米 | 南 北,https://ke-image.ljcdn.com/110000-inspection/60cf825b-5e92-4f1d-a6aa-baad2ab03838_1000.jpg!m_fill,w_280,h_210,f_jpg?from=ke.com
20240423,昌平,西关环岛,101121806481,郝庄家园东区 2室1厅 南 北房主自荐,188万,24119元/平,顶层 (共6层) 2室1厅 | 77.95平米 | 南 北,https://ke-image.ljcdn.com/110000-inspection/3100136c-0395-4ec6-855d-e4405989e11e_1000.jpg!m_fill,w_280,h_210,f_jpg?from=ke.com
20240423,昌平,西关环岛,101121777539,城角西路11号院 南北通透两居室 有独立客厅,235万,30760元/平,中楼层 (共6层) | 1990年 | 2室1厅 | 76.4平米 | 南 北,https://ke-image.ljcdn.com/110000-inspection/c30b78cd-0e8b-43de-b00d-f343f3c64c49_1000.jpg!m_fill,w_280,h_210,f_jpg?from=ke.com
20240423,昌平,西关环岛,101121766964,水屯家园 三居室 精装修 中间楼层,268万,25819元/平,中楼层 (共5层) 3室1厅 | 103.8平米 | 南 北,https://ke-image.ljcdn.com/110000-inspection/pc1_IkFOgYH8M.jpg!m_fill,w_280,h_210,f_jpg?from=ke.com
20240423,昌平,西关环岛,101121758474,珺璟家园静心苑小区满五唯一无抵押无户口,320万,31466元/平,高楼层 (共6层) 2室1厅 | 101.7平米 | 南 北,https://ke-image.ljcdn.com/110000-inspection/39024d6d-0b3e-4fe6-87dd-903ecc9b3857_1000.jpg!m_fill,w_280,h_210,f_jpg?from=ke.com
20240423,昌平,西关环岛,101121726821,西环里35号院 2室1厅 南,220万,32368元/平,底层 (共5层) 2室1厅 | 67.97平米 | 南,https://ke-image.ljcdn.com/110000-inspection/7b84057c-f486-4222-bb78-6c51c0e0623e_1000.jpg!m_fill,w_280,h_210,f_jpg?from=ke.com
20240423,昌平,西关环岛,101121726495,郝庄家园 3室2厅 南 北房主自荐,258万,24593元/平,低楼层 (共6层) 3室2厅 | 104.91平米 | 南 北,https://ke-image.ljcdn.com/110000-inspection/dc05cfa7-c435-4efb-b37c-312130e11e34_1000.jpg!m_fill,w_280,h_210,f_jpg?from=ke.com
20240423,昌平,西关环岛,101121677072,财贸干校宿舍楼 2室1厅 南房主自荐,159万,25339元/平,低楼层 (共6层) | 1995年 | 2室1厅 | 62.75平米 | 南,https://ke-image.ljcdn.com/110000-inspection/704d8e67-65fc-436d-9bc0-f1f2315f8e54_1000.jpg!m_fill,w_280,h_210,f_jpg?from=ke.com
20240423,昌平,西关环岛,101121606801,总监推荐 西环里新区 有独立客厅 明厨明卫 两居室,260万,32874元/平,中楼层 (共6层) | 1999年 | 2室1厅 | 79.09平米 | 南 北,https://ke-image.ljcdn.com/110000-inspection/24480a62-8e22-4909-9d12-c7dd0058cf80_1000.jpg!m_fill,w_280,h_210,f_jpg?from=ke.com
20240423,昌平,西关环岛,101121605748,瑞明路6号院 3室1厅 东 西,240万,22849元/平,高楼层 (共6层) 3室1厅 | 105.04平米 | 东 西,https://ke-image.ljcdn.com/110000-inspection/336b252c-6a50-46e8-8d29-020a493682c1_1000.jpg!m_fill,w_280,h_210,f_jpg?from=ke.com
20240423,昌平,西关环岛,101121578373,西环里 2室1厅 南 北,230万,39371元/平,中楼层 (共6层) | 1984年 | 2室1厅 | 58.42平米 | 南 北,https://ke-image.ljcdn.com/110000-inspection/18008304-2b53-4af3-8e20-f3b4ff0904cb_1000.jpg!m_fill,w_280,h_210,f_jpg?from=ke.com
20240423,昌平,西关环岛,101121544551,水屯家园+满五唯一+单价低+楼层好+中低层+采光好,360万,29780元/平,中楼层 (共6层) 3室2厅 | 120.89平米 | 南 北,https://ke-image.ljcdn.com/110000-inspection/pc1_STQs78JC1.jpg!m_fill,w_280,h_210,f_jpg?from=ke.com
20240423,昌平,西关环岛,101121535320,西环里 2室1厅 西 北,175万,27525元/平,中楼层 (共6层) 2室1厅 | 63.58平米 | 西 北,https://ke-image.ljcdn.com/110000-inspection/1b1359cb-47d1-4501-9403-158591dff92c_1000.jpg!m_fill,w_280,h_210,f_jpg?from=ke.com
20240423,昌平,西关环岛,101121523805,西环里小区 满五唯一 明厨明卫 两居室,210万,34723元/平,顶层 (共5层) 2室1厅 | 60.48平米 | 南,https://ke-image.ljcdn.com/110000-inspection/e57ed8ae-c2a4-426d-8845-c5ca1e65231c_1000.jpg!m_fill,w_280,h_210,f_jpg?from=ke.com
20240423,昌平,西关环岛,101121502341,郝庄家园西区 南北通透两居室 满五唯一 次顶层随时看,203万,25999元/平,高楼层 (共6层) 2室1厅 | 78.08平米 | 南 北,https://ke-image.ljcdn.com/110000-inspection/3d6d08a0-fda7-4ea6-9b00-7911a78a253f_1000.jpg!m_fill,w_280,h_210,f_jpg?from=ke.com
20240423,昌平,西关环岛,101121501189,郝庄家园 2室1厅 南 北,188万,19869元/平,顶层 (共6层) 2室1厅 | 94.62平米 | 南 北,https://ke-image.ljcdn.com/110000-inspection/417689ab-42f9-4429-8790-8e3f47d592ee_1000.jpg!m_fill,w_280,h_210,f_jpg?from=ke.com
20240423,昌平,西关环岛,101121500299,郝庄家园东区 南北通透 全明格局 满五唯一 随时可看房主自荐,139万,27357元/平,高楼层 (共6层) 1室1厅 | 50.81平米 | 南 北,https://ke-image.ljcdn.com/110000-inspection/736a23ef-cd38-4b9a-b57e-e9413d5fc215_1000.jpg!m_fill,w_280,h_210,f_jpg?from=ke.com
20240423,昌平,西关环岛,101121494930,郝庄家园南区 2室1厅 南 北,216万,25912元/平,中楼层 (共6层) 2室1厅 | 83.36平米 | 南 北,https://ke-image.ljcdn.com/110000-inspection/d0583a34-9716-4751-9dfc-89ba94a69f81_1000.jpg!m_fill,w_280,h_210,f_jpg?from=ke.com
20240423,昌平,西关环岛,101121490444,西关北路 2室1厅 南,210万,32962元/平,中楼层 (共6层) | 1992年 | 2室1厅 | 63.71平米 | 南,https://ke-image.ljcdn.com/110000-inspection/677844d2-ab31-449f-adb7-aa00da6ecfc5_1000.jpg!m_fill,w_280,h_210,f_jpg?from=ke.com
20240423,昌平,西关环岛,101121444935,建明里小区满五唯一带阳台东北三居室,398万,30611元/平,低楼层 (共12层) 3室2厅 | 130.02平米 | 东北,https://ke-image.ljcdn.com/110000-inspection/3aabb674-49b3-460b-a04d-e567b71cdcd6_1000.jpg!m_fill,w_280,h_210,f_jpg?from=ke.com
20240423,昌平,西关环岛,101121423523,城角西路13号院 3室1厅 南 北,260万,28992元/平,中楼层 (共6层) | 1989年 | 3室1厅 | 89.68平米 | 南 北,https://ke-image.ljcdn.com/110000-inspection/d2651b10-3c8c-413d-b919-546fa477c38d_1000.jpg!m_fill,w_280,h_210,f_jpg?from=ke.com
20240423,昌平,西关环岛,101121411620,建明里小区2001年建成一层距离地铁站1100米,229万,37382元/平,底层 (共6层) | 2001年 | 2室1厅 | 61.26平米 | 南 北,https://ke-image.ljcdn.com/110000-inspection/pc1_uD1w8YTMl.jpg!m_fill,w_280,h_210,f_jpg?from=ke.com
20240423,昌平,西关环岛,101121402045,城角西路13号院 2室1厅 南 北房主自荐,205万,32613元/平,高楼层 (共6层) | 1989年 | 2室1厅 | 62.86平米 | 南 北,https://ke-image.ljcdn.com/110000-inspection/eaeadf3b-052c-482e-b75f-6282860a507c_1000.jpg!m_fill,w_280,h_210,f_jpg?from=ke.com
20240423,昌平,西关环岛,101121391507,总监推荐 西环里南向一居室 明厨明卫,158万,38146元/平,中楼层 (共6层) | 1984年 | 1室1厅 | 41.42平米 | 南,https://ke-image.ljcdn.com/110000-inspection/aa7e8f94-adc8-439c-b89c-2a51e7397e0d_1000.jpg!m_fill,w_280,h_210,f_jpg?from=ke.com
20240423,昌平,西关环岛,101121381597,城角西路 2室1厅 南 北,228万,34421元/平,中楼层 (共6层) | 1995年 | 2室1厅 | 66.24平米 | 南 北,https://ke-image.ljcdn.com/110000-inspection/b3f7b4c2-0c16-42d4-9d90-37cd1f71beba_1000.jpg!m_fill,w_280,h_210,f_jpg?from=ke.com
20240423,昌平,西关环岛,101121380049,西环里 2室1厅 南 北,168万,31633元/平,中楼层 (共5层) | 1982年 | 2室1厅 | 53.11平米 | 南 北,https://ke-image.ljcdn.com/110000-inspection/53da606d-18b2-4ae5-a288-2639ec0aba3f_1000.jpg!m_fill,w_280,h_210,f_jpg?from=ke.com
20240423,昌平,西关环岛,101121310514,西关北路 3室1厅 北 南,229万,28981元/平,顶层 (共6层) | 1991年 | 3室1厅 | 79.02平米 | 北 南,https://ke-image.ljcdn.com/110000-inspection/f7062d3d-ad12-493d-80b5-41e1eeef940a_1000.jpg!m_fill,w_280,h_210,f_jpg?from=ke.com
20240423,昌平,西关环岛,101121294193,秋实家园 2室2厅 南 北,220万,27470元/平,中楼层 (共5层) | 1993年 | 2室2厅 | 80.09平米 | 南 北,https://ke-image.ljcdn.com/110000-inspection/75db40a8-84f6-4764-bc2e-b0f08fb7bdca_1000.jpg!m_fill,w_280,h_210,f_jpg?from=ke.com
20240423,昌平,西关环岛,101121274669,西环里 南北三居室 三层 满五唯一成本价,208万,31397元/平,中楼层 (共6层) 3室1厅 | 66.25平米 | 北 南,https://ke-image.ljcdn.com/110000-inspection/9b3370fb-f523-4a6c-84f4-a570f6029a6a_1000.jpg!m_fill,w_280,h_210,f_jpg?from=ke.com
20240423,昌平,西关环岛,101121262708,西环里 3室1厅 南 北,335万,33547元/平,中楼层 (共6层) | 2001年 | 3室1厅 | 99.86平米 | 南 北,https://ke-image.ljcdn.com/110000-inspection/pc1_KhbIlIQz0.jpg!m_fill,w_280,h_210,f_jpg?from=ke.com
20240423,昌平,西关环岛,101121259910,西关北路小区  满五年唯一  明厨明卫,250万,32109元/平,顶层 (共6层) | 1993年 | 2室1厅 | 77.86平米 | 南,https://ke-image.ljcdn.com/110000-inspection/5cd1a809-949a-4f29-8b83-cda563e09bd2_1000.jpg!m_fill,w_280,h_210,f_jpg?from=ke.com
20240423,昌平,西关环岛,101121169815,御路园 精装修两居室距离地铁965米看房方便,315万,33568元/平,顶层 (共7层) 2室1厅 | 93.84平米 | 南 北,https://ke-image.ljcdn.com/110000-inspection/732e47be-3f1f-4b49-a412-823d8befbad5_1000.jpg!m_fill,w_280,h_210,f_jpg?from=ke.com
20240423,昌平,西关环岛,101121152192,西环里 2室1厅 南 北,230万,44652元/平,底层 (共5层) 2室1厅 | 51.51平米 | 南 北,https://ke-image.ljcdn.com/110000-inspection/pc1_E3SikCjqy.jpg!m_fill,w_280,h_210,f_jpg?from=ke.com
20240423,昌平,西关环岛,101121147919,西环里小区 已加固 正规一居 低楼层,170万,45946元/平,中楼层 (共5层) | 1979年 | 1室1厅 | 37平米 | 南,https://ke-image.ljcdn.com/110000-inspection/pc1_PMhaE2B26.jpg!m_fill,w_280,h_210,f_jpg?from=ke.com
20240423,昌平,西关环岛,101121142439,西环里新区 带电梯 精装三居室楼龄新1999年,299万,27840元/平,中楼层 (共6层) 3室1厅 | 107.4平米 | 东 西,https://ke-image.ljcdn.com/110000-inspection/pc1_XiLAnOMTB_1.jpg!m_fill,w_280,h_210,f_jpg?from=ke.com
20240423,昌平,西关环岛,101121130892,水屯家园三居室中间层客厅带西窗有阳台,245万,24127元/平,中楼层 (共6层) 3室1厅 | 101.55平米 | 南 北,https://ke-image.ljcdn.com/110000-inspection/ebae247a-ef00-451a-875c-bdf04d7659e9_1000.jpg!m_fill,w_280,h_210,f_jpg?from=ke.com
20240423,昌平,西关环岛,101121124560,西关北路小区 精装修两居 建成1995年房主自荐,238万,31730元/平,高楼层 (共6层) | 1995年 | 2室1厅 | 75.01平米 | 南 北,https://ke-image.ljcdn.com/110000-inspection/94354b6e-409d-4fe2-8580-938becb6f1b2_1000.jpg!m_fill,w_280,h_210,f_jpg?from=ke.com
20240423,昌平,西关环岛,101121052318,西环里 2室1厅 南 北,170万,30153元/平,中楼层 (共5层) | 1992年 | 2室1厅 | 56.38平米 | 南 北,https://ke-image.ljcdn.com/110000-inspection/7ec6507f-7bf7-46eb-baf3-727a7e490796_1000.jpg!m_fill,w_280,h_210,f_jpg?from=ke.com
20240423,昌平,西关环岛,101121048739,西环里小区 南北通透小两居 满五年唯一 诚意出售,160万,27207元/平,顶层 (共6层) | 1984年 | 2室1厅 | 58.81平米 | 南 北,https://ke-image.ljcdn.com/110000-inspection/acedde09-9023-4191-ac92-ab9bf518de7d_1000.jpg!m_fill,w_280,h_210,f_jpg?from=ke.com
20240423,昌平,西关环岛,101121024639,郝庄家园（郝庄家园北区家春秋）房主自荐,189万,27234元/平,顶层 (共6层) | 2004年 | 2室1厅 | 69.4平米 | 南,https://ke-image.ljcdn.com/110000-inspection/9d324e1b-68ff-48a4-9297-71baac4caf5d_1000.jpg!m_fill,w_280,h_210,f_jpg?from=ke.com
20240423,昌平,西关环岛,101120966811,蓝郡国际花园  南北通透  电梯房,568万,43582元/平,顶层 (共9层) 3室2厅 | 130.33平米 | 南 北,https://ke-image.ljcdn.com/110000-inspection/76c8691e-17fc-4de2-8cf3-a7bfcdbf92d1_1000.jpg!m_fill,w_280,h_210,f_jpg?from=ke.com
20240423,昌平,西关环岛,101120966220,郝庄家园东区 精装修 三层两居室 只有契税 随时看房,218万,27967元/平,中楼层 (共6层) 2室1厅 | 77.95平米 | 南 北,https://ke-image.ljcdn.com/110000-inspection/8dd4916b-98bb-447e-b146-28517aa8ce6d_1000.jpg!m_fill,w_280,h_210,f_jpg?from=ke.com
20240423,昌平,西关环岛,101120954466,西环里 2室1厅 南 北,235万,41697元/平,中楼层 (共5层) 2室1厅 | 56.36平米 | 南 北,https://ke-image.ljcdn.com/110000-inspection/1a3ba8ef-6f80-4b2e-a645-81e2dea07c5f_1000.jpg!m_fill,w_280,h_210,f_jpg?from=ke.com
20240423,昌平,西关环岛,101120946818,郝庄家园南区 2室2厅 南 北房主自荐,219万,25570元/平,顶层 (共6层) 2室2厅 | 85.65平米 | 南 北,https://ke-image.ljcdn.com/110000-inspection/1bf27f66-d9b7-4973-b904-3816ab2cf99a_1000.jpg!m_fill,w_280,h_210,f_jpg?from=ke.com
20240423,昌平,西关环岛,101120941148,郝庄家园东区 2室1厅 南 北,205万,26299元/平,高楼层 (共6层) | 1995年 | 2室1厅 | 77.95平米 | 南 北,https://ke-image.ljcdn.com/110000-inspection/ee7914d6-6068-4730-82cc-531ce79c7900_1000.jpg!m_fill,w_280,h_210,f_jpg?from=ke.com
20240423,昌平,西关环岛,101120930416,总监推荐 精装修婚房 有独立客厅 楼层好房主自荐,185万,35543元/平,低楼层 (共6层) 2室1厅 | 52.05平米 | 南 北,https://ke-image.ljcdn.com/110000-inspection/3b2146a3-982a-4cee-99e0-b0d1094e7457_1000.jpg!m_fill,w_280,h_210,f_jpg?from=ke.com
20240423,昌平,西关环岛,101120930416,总监推荐 精装修婚房 有独立客厅 楼层好房主自荐,185万,35543元/平,低楼层 (共6层) 2室1厅 | 52.05平米 | 南 北,https://ke-image.ljcdn.com/110000-inspection/3b2146a3-982a-4cee-99e0-b0d1094e7457_1000.jpg!m_fill,w_280,h_210,f_jpg?from=ke.com
20240423,昌平,西关环岛,101120930190,御路园南北通透视野好无遮挡满五唯一三面采光房主自荐,303万,27347元/平,高楼层 (共6层) 3室2厅 | 110.8平米 | 东 南 北,https://ke-image.ljcdn.com/110000-inspection/8ea09f4f-c03d-441b-a473-495f03e3f541_1000.jpg!m_fill,w_280,h_210,f_jpg?from=ke.com
20240423,昌平,西关环岛,101120925596,西关北路 3室1厅 南 北,245万,27766元/平,高楼层 (共6层) | 1992年 | 3室1厅 | 88.24平米 | 南 北,https://ke-image.ljcdn.com/110000-inspection/a69c799d-6e58-4096-87ce-3cf924a5e7a3_1000.jpg!m_fill,w_280,h_210,f_jpg?from=ke.com
20240423,昌平,西关环岛,101120907048,建明里小区 精装修 次顶层观景房房主自荐,360万,36453元/平,高楼层 (共6层) 3室1厅 | 98.76平米 | 东 南 北,https://ke-image.ljcdn.com/110000-inspection/8fa98c54-5213-4722-ba66-1d4e53717b62_1000.jpg!m_fill,w_280,h_210,f_jpg?from=ke.com
20240423,昌平,西关环岛,101120900682,西关北路 2室1厅 南,289万,40290元/平,中楼层 (共6层) 2室1厅 | 71.73平米 | 南,https://ke-image.ljcdn.com/110000-inspection/b1a36ef4-4adb-48f0-b1eb-0deaebaf5d13_1000.jpg!m_fill,w_280,h_210,f_jpg?from=ke.com
20240423,昌平,西关环岛,101120890681,南北两居室满二年 业主随时可签约房主自荐,175万,31040元/平,顶层 (共5层) | 1992年 | 2室1厅 | 56.38平米 | 南 北,https://ke-image.ljcdn.com/110000-inspection/65133eee-ca92-41f2-bfa8-d2e0989fa087_1000.jpg!m_fill,w_280,h_210,f_jpg?from=ke.com
20240423,昌平,西关环岛,101120886169,水屯家园大院内两居室看房方便满五唯一房主自荐,220万,24461元/平,顶层 (共4层) 2室1厅 | 89.94平米 | 南 北,https://ke-image.ljcdn.com/110000-inspection/3d7bc4f3-5242-4db5-b1cf-a893cdee8a7a_1000.jpg!m_fill,w_280,h_210,f_jpg?from=ke.com
20240423,昌平,西关环岛,101120883253,西环里 2室1厅 南,216万,36358元/平,低楼层 (共6层) 2室1厅 | 59.41平米 | 南,https://ke-image.ljcdn.com/110000-inspection/pc1_zjtumtSAk.jpg!m_fill,w_280,h_210,f_jpg?from=ke.com
20240423,昌平,西关环岛,101120875215,郝庄家园西区 2室1厅 南 北,183万,24660元/平,中楼层 (共6层) 2室1厅 | 74.21平米 | 南 北,https://ke-image.ljcdn.com/110000-inspection/dea74de5-85ee-4225-b474-354be86568ed_1000.jpg!m_fill,w_280,h_210,f_jpg?from=ke.com
20240423,昌平,西关环岛,101120870828,建明里小区 2室1厅 南,225万,36267元/平,高楼层 (共6层) | 2001年 | 2室1厅 | 62.04平米 | 南,https://ke-image.ljcdn.com/110000-inspection/f84c5a65-6a4a-4731-b643-f572e751ac3f_1000.jpg!m_fill,w_280,h_210,f_jpg?from=ke.com
20240423,昌平,西关环岛,101120854854,聚焦房源 建明里 精装修 中间楼层距离地铁800米房主自荐,239万,40897元/平,中楼层 (共5层) | 1983年 | 2室1厅 | 58.44平米 | 东 西,https://ke-image.ljcdn.com/110000-inspection/88a45cd7-fcd2-4d93-bdae-4eaf6b37191f_1000.jpg!m_fill,w_280,h_210,f_jpg?from=ke.com
20240423,昌平,西关环岛,101120844851,郝庄家园东区 3室1厅 南 北,210万,23504元/平,中楼层 (共6层) | 1995年 | 3室1厅 | 89.35平米 | 南 北,https://ke-image.ljcdn.com/110000-inspection/5f3c329c-8dfe-4fe0-82c2-1cfc5ab52dd9_1000.jpg!m_fill,w_280,h_210,f_jpg?from=ke.com
20240423,昌平,西关环岛,101120842601,正规三居室每个功能间有窗户采光好,289万,26997元/平,顶层 (共6层) | 1995年 | 3室2厅 | 107.05平米 | 北 南,https://ke-image.ljcdn.com/110000-inspection/73faeece-b5f5-4bce-8459-eb7954f0c557_1000.jpg!m_fill,w_280,h_210,f_jpg?from=ke.com
20240423,昌平,西关环岛,101120812749,西环里95年精装修南北通透两居室,185万,27194元/平,顶层 (共6层) 2室1厅 | 68.03平米 | 南 北,https://ke-image.ljcdn.com/110000-inspection/fd64b4fe-0153-418d-90e7-2fe9f2a455b9_1000.jpg!m_fill,w_280,h_210,f_jpg?from=ke.com
20240423,昌平,西关环岛,101120807224,西环里小区南北通透明厨明卫格局中间楼层,179万,31082元/平,中楼层 (共5层) 2室1厅 | 57.59平米 | 南 北,https://ke-image.ljcdn.com/110000-inspection/7ffb76f4-cfdf-4abe-99d5-086c9f98f02e_1000.jpg!m_fill,w_280,h_210,f_jpg?from=ke.com
20240423,昌平,西关环岛,101120776135,秋实家园 3室2厅 南 北,311万,24400元/平,中楼层 (共6层) | 2001年 | 3室2厅 | 127.46平米 | 南 北,https://ke-image.ljcdn.com/110000-inspection/43408b05-11e6-4e2f-a2e2-0e82277dfd9f_1000.jpg!m_fill,w_280,h_210,f_jpg?from=ke.com
20240423,昌平,西关环岛,101120732626,郝庄家园 2室1厅 南 北,229万,24987元/平,中楼层 (共6层) 2室1厅 | 91.65平米 | 南 北,https://ke-image.ljcdn.com/110000-inspection/3714d5b9-2b10-41ad-97fb-1ec4ccb20804_1000.jpg!m_fill,w_280,h_210,f_jpg?from=ke.com
20240423,昌平,西关环岛,101120709850,昌平总监推荐 郝庄家园 三层南北通透 满五年唯一房主自荐,229万,27419元/平,中楼层 (共6层) 2室1厅 | 83.52平米 | 南 北,https://ke-image.ljcdn.com/110000-inspection/38e442a1-226d-4c3e-aee9-d8e2432a2a09_1000.jpg!m_fill,w_280,h_210,f_jpg?from=ke.com
20240423,昌平,西关环岛,101120704086,西关路 3室1厅 南 北房主自荐,275万,29558元/平,低楼层 (共6层) 3室1厅 | 93.04平米 | 南 北,https://ke-image.ljcdn.com/110000-inspection/a3d2a106-9025-4b43-888b-e3597caeefcb_1000.jpg!m_fill,w_280,h_210,f_jpg?from=ke.com
20240423,昌平,西关环岛,101120630567,西环里新区大户型两居室单价2万+,300万,27057元/平,高楼层 (共6层) | 2000年 | 2室2厅 | 110.88平米 | 南 北,https://ke-image.ljcdn.com/110000-inspection/c05b7973-2459-4bd9-9b0d-91d7f101d55b_1000.jpg!m_fill,w_280,h_210,f_jpg?from=ke.com
20240423,昌平,西关环岛,101120616492,满五唯一 南向两居室 无遮挡 明厨明卫采光好,195万,34199元/平,高楼层 (共6层) | 1984年 | 2室1厅 | 57.02平米 | 南,https://ke-image.ljcdn.com/110000-inspection/af061f7b-756e-456a-a295-a5b80b792f62_1000.jpg!m_fill,w_280,h_210,f_jpg?from=ke.com
20240423,昌平,西关环岛,101120465741,大三尖 2室1厅 南 北,215万,26933元/平,顶层 (共6层) 2室1厅 | 79.83平米 | 南 北,https://ke-image.ljcdn.com/110000-inspection/6292794e-2801-477e-b3f0-9d0a927bf3bf_1000.jpg!m_fill,w_280,h_210,f_jpg?from=ke.com
20240423,昌平,西关环岛,101120465131,二建宿舍 3室1厅 南 北,213万,28972元/平,高楼层 (共6层) | 1993年 | 3室1厅 | 73.52平米 | 南 北,https://ke-image.ljcdn.com/110000-inspection/b568cb34-3898-404b-ad53-ba4e6d41e307_1000.jpg!m_fill,w_280,h_210,f_jpg?from=ke.com
20240423,昌平,西关环岛,101120429103,郝庄家园西区 2室1厅 南 北,219万,28193元/平,高楼层 (共6层) | 2000年 | 2室1厅 | 77.68平米 | 南 北,https://ke-image.ljcdn.com/110000-inspection/fe0219af-9cc0-4a23-82ef-a7680255ac2a_1000.jpg!m_fill,w_280,h_210,f_jpg?from=ke.com
20240423,昌平,西关环岛,101120355819,西环里 3室1厅 南 北,260万,35288元/平,高楼层 (共6层) | 1984年 | 3室1厅 | 73.68平米 | 南 北,https://ke-image.ljcdn.com/110000-inspection/4e1a768a-a4ff-4515-bf31-8872f917f822_1000.jpg!m_fill,w_280,h_210,f_jpg?from=ke.com
20240423,昌平,西关环岛,101120353363,西环里小区中间楼层满五唯一。,175万,28883元/平,中楼层 (共5层) | 1984年 | 2室1厅 | 60.59平米 | 南 北,https://ke-image.ljcdn.com/110000-inspection/c4b514a4-b774-4e30-897a-da978a541b7d_1000.jpg!m_fill,w_280,h_210,f_jpg?from=ke.com
20240423,昌平,西关环岛,101120299426,郝庄家园西区 1室1厅 南 北,135万,22964元/平,顶层 (共6层) 1室1厅 | 58.79平米 | 南 北,https://ke-image.ljcdn.com/110000-inspection/64da225a-0a31-40ac-bf1f-e542d7b3e3bf_1000.jpg!m_fill,w_280,h_210,f_jpg?from=ke.com
20240423,昌平,西关环岛,101120260910,西关北路南向两居室明厨明卫,172万,26998元/平,中楼层 (共6层) | 1992年 | 2室1厅 | 63.71平米 | 南,https://ke-image.ljcdn.com/110000-inspection/a82215bc-228a-48e8-a62d-f09dbb8f2eef_1000.jpg!m_fill,w_280,h_210,f_jpg?from=ke.com
20240423,昌平,西关环岛,101120191038,西关北路小区 精装修 楼龄新 总监推荐好房房主自荐,193万,32199元/平,高楼层 (共6层) | 1991年 | 2室1厅 | 59.94平米 | 南,https://ke-image.ljcdn.com/110000-inspection/a676479f-2b48-4255-8994-9a871a301ccd_1000.jpg!m_fill,w_280,h_210,f_jpg?from=ke.com
20240423,昌平,西关环岛,101120183784,西环里新区 精装修 南北通透两居室 楼龄新1999年,248万,32866元/平,顶层 (共6层) 2室1厅 | 75.46平米 | 南 北,https://ke-image.ljcdn.com/110000-inspection/b34d9991-be32-475e-aebe-fbb1aec20909_1000.jpg!m_fill,w_280,h_210,f_jpg?from=ke.com
20240423,昌平,西关环岛,101120149714,70年大产权商品房 郝庄家园西区房主自荐,157万,33298元/平,高楼层 (共6层) 1室1厅 | 47.15平米 | 南,https://ke-image.ljcdn.com/110000-inspection/ebd76647-5dd9-4456-800f-740b59024fc6_1000.jpg!m_fill,w_280,h_210,f_jpg?from=ke.com
20240423,昌平,西关环岛,101120069457,西关北路正规南向两居室明厨明卫采光好,180万,28254元/平,顶层 (共6层) | 1992年 | 2室1厅 | 63.71平米 | 南,https://ke-image.ljcdn.com/110000-inspection/88b523c1-e3f0-4333-9310-dba5fcf65e08_1000.jpg!m_fill,w_280,h_210,f_jpg?from=ke.com
20240423,昌平,西关环岛,101119926427,店长推荐西环里小区满五唯一精装修。,248万,33660元/平,高楼层 (共6层) | 1984年 | 3室1厅 | 73.68平米 | 南 北,https://ke-image.ljcdn.com/110000-inspection/f13ccf7d-8a39-4c8f-babf-8e4aafb18ce3_1000.jpg!m_fill,w_280,h_210,f_jpg?from=ke.com
20240423,昌平,西关环岛,101119922854,120.26平米南北三居室 郝庄家园东区 70年大产权,299万,24863元/平,中楼层 (共6层) 3室2厅 | 120.26平米 | 南 北,https://ke-image.ljcdn.com/110000-inspection/633f7b36-e8a4-4af5-96a3-71939c2c5399_1000.jpg!m_fill,w_280,h_210,f_jpg?from=ke.com
20240423,昌平,西关环岛,101119920153,郝庄家园西区 2室2厅 南 北,235万,28642元/平,底层 (共6层) 2室2厅 | 82.05平米 | 南 北,https://ke-image.ljcdn.com/110000-inspection/5857e11f-aed2-48dd-839f-8d45bc51e22b_1000.jpg!m_fill,w_280,h_210,f_jpg?from=ke.com
20240423,昌平,西关环岛,101119889064,御路园 2室2厅 南 北,325万,31566元/平,底层 (共6层) 2室2厅 | 102.96平米 | 南 北,https://ke-image.ljcdn.com/110000-inspection/82930d70-3376-4c0a-ad5c-413be7705507_1000.jpg!m_fill,w_280,h_210,f_jpg?from=ke.com
20240423,昌平,西关环岛,101119818363,西环里小区中间楼层小两居楼龄新,240万,36447元/平,中楼层 (共6层) 2室1厅 | 65.85平米 | 东,https://ke-image.ljcdn.com/110000-inspection/d85613c0-2225-475c-93e7-f9c6f1172e5c_1000.jpg!m_fill,w_280,h_210,f_jpg?from=ke.com
20240423,昌平,西关环岛,101119797891,蓝郡国际花园 3室1厅 东 南 北,648万,50374元/平,中楼层 (共9层) | 2007年 | 3室1厅 | 128.64平米 | 东 南 北,https://ke-image.ljcdn.com/110000-inspection/1271ecc2-1ae3-4c4a-bb3b-702ebe8eaae4_1000.jpg!m_fill,w_280,h_210,f_jpg?from=ke.com
20240423,昌平,西关环岛,101119711758,水屯家园顶层两局价格便宜看房方便,227万,28461元/平,顶层 (共6层) 2室1厅 | 79.76平米 | 南 北,https://ke-image.ljcdn.com/110000-inspection/470e5410-92bb-4845-b977-ebc3f5d1966c_1000.jpg!m_fill,w_280,h_210,f_jpg?from=ke.com
20240423,昌平,西关环岛,101119597673,御路园  次顶层  业主诚意出售  价格可谈  满屋年唯一,259万,34205元/平,高楼层 (共6层) | 2000年 | 2室1厅 | 75.72平米 | 南,https://ke-image.ljcdn.com/110000-inspection/45ce4016-ad2f-4b52-8b8f-8af159c1c172_1000.jpg!m_fill,w_280,h_210,f_jpg?from=ke.com
20240423,昌平,西关环岛,101119592601,郝庄家园 3室2厅 南 北,299万,22986元/平,中楼层 (共6层) | 2003年 | 3室2厅 | 130.08平米 | 南 北,https://ke-image.ljcdn.com/110000-inspection/pc1_vG1tgPzmc.jpg!m_fill,w_280,h_210,f_jpg?from=ke.com
20240423,昌平,西关环岛,101119586759,郝庄家园 2室1厅 南 北,185万,21819元/平,顶层 (共6层) | 2004年 | 2室1厅 | 84.79平米 | 南 北,https://ke-image.ljcdn.com/110000-inspection/0a89b94e-9e77-41df-a805-9f1119e7acec_1000.jpg!m_fill,w_280,h_210,f_jpg?from=ke.com
20240423,昌平,西关环岛,101119552440,此房满五唯一中间楼层双阳台采光充足配套齐全,234万,34926元/平,中楼层 (共5层) | 1987年 | 2室1厅 | 67平米 | 南,https://ke-image.ljcdn.com/110000-inspection/pc1_OGcdEMnIO_1.jpg!m_fill,w_280,h_210,f_jpg?from=ke.com
20240423,昌平,西关环岛,101119542089,西环里新区 楼龄新1999年 南北通透 中间楼层,235万,29713元/平,中楼层 (共6层) 2室1厅 | 79.09平米 | 南 北,https://ke-image.ljcdn.com/110000-inspection/f931341a-383e-4e47-aed8-7687820809dc_1000.jpg!m_fill,w_280,h_210,f_jpg?from=ke.com
20240423,昌平,西关环岛,101119473161,水屯家园 满五唯一 70年住宅,140万,15333元/平,地下室 (共4层) | 2002年 | 2室1厅 | 91.31平米 | 南 北,https://ke-image.ljcdn.com/110000-inspection/e7d18433-0b43-4c30-9149-44a0975eb77b_1000.jpg!m_fill,w_280,h_210,f_jpg?from=ke.com
20240423,昌平,西关环岛,101119393944,建明里小区距离地铁1100米精装修房主自荐,199万,34222元/平,中楼层 (共6层) | 1992年 | 2室1厅 | 58.15平米 | 北 南,https://ke-image.ljcdn.com/110000-inspection/f3381d06-96ca-444a-ac94-b4b360cfd2c4_1000.jpg!m_fill,w_280,h_210,f_jpg?from=ke.com
20240423,昌平,西关环岛,101119315399,水屯家园 南北朝向两居 精装修  满五年唯一,225万,26979元/平,顶层 (共6层) 2室1厅 | 83.4平米 | 南 北,https://ke-image.ljcdn.com/110000-inspection/beee0745-6e9e-48d7-98da-45850fc0c62f_1000.jpg!m_fill,w_280,h_210,f_jpg?from=ke.com
20240423,昌平,西关环岛,101119293118,蓝郡国际花园 1室1厅 南,320万,38555元/平,高楼层 (共15层) 1室1厅 | 83平米 | 南,https://ke-image.ljcdn.com/110000-inspection/2a0e4e69-313c-492c-a927-46820889d634_1000.jpg!m_fill,w_280,h_210,f_jpg?from=ke.com
20240423,昌平,西关环岛,101119111758,郝庄家园 2室2厅 南 北,185万,27127元/平,低楼层 (共6层) 2室2厅 | 68.2平米 | 南 北,https://ke-image.ljcdn.com/110000-inspection/0367b5f7-9bae-47dc-92ce-ffd16ebe158e_1000.jpg!m_fill,w_280,h_210,f_jpg?from=ke.com
20240423,昌平,西关环岛,101119019238,西关北路 2室1厅 南,195万,30816元/平,底层 (共6层) | 1992年 | 2室1厅 | 63.28平米 | 南,https://ke-image.ljcdn.com/110000-inspection/0acdd155-b9f6-4063-859a-3e55897ff3f8_1000.jpg!m_fill,w_280,h_210,f_jpg?from=ke.com
20240423,昌平,西关环岛,101119000767,总监推荐首套首付90万南北两居室带独立客厅,244万,27552元/平,顶层 (共6层) 2室1厅 | 88.56平米 | 南 北,https://ke-image.ljcdn.com/110000-inspection/pc1_Y8vwtdH6d.jpg!m_fill,w_280,h_210,f_jpg?from=ke.com
20240423,昌平,西关环岛,101118967445,首套首付105万 1999年楼龄 南向2居精装修 独立客厅,209万,29947元/平,高楼层 (共6层) 2室1厅 | 69.79平米 | 南,https://ke-image.ljcdn.com/110000-inspection/pc1_J6n2XQMkN.jpg!m_fill,w_280,h_210,f_jpg?from=ke.com
20240423,昌平,西关环岛,101118965915,建明里小区 2室1厅 东南 南 北,295万,36779元/平,中楼层 (共6层) 2室1厅 | 80.21平米 | 东南 南 北,https://ke-image.ljcdn.com/110000-inspection/191a68f8-3e7a-4bd7-8e90-9d91ca49649a_1000.jpg!m_fill,w_280,h_210,f_jpg?from=ke.com
20240423,昌平,西关环岛,101118960510,大三尖 2室1厅 南,237万,26440元/平,高楼层 (共6层) 2室1厅 | 89.64平米 | 南,https://ke-image.ljcdn.com/110000-inspection/4122698a-6265-4952-b6de-c467436efca0_1000.jpg!m_fill,w_280,h_210,f_jpg?from=ke.com
20240423,昌平,西关环岛,101118940635,过年可看 百泉庄 南北两居室 满五唯一有钥匙,110万,21162元/平,顶层 (共3层) | 1980年 | 2室1厅 | 51.98平米 | 南 北,https://ke-image.ljcdn.com/110000-inspection/9b548318-42d3-4706-94dd-ec25f8aa03bb_1000.jpg!m_fill,w_280,h_210,f_jpg?from=ke.com
20240423,昌平,西关环岛,101118912427,建明里小区70年商品房  精装修 电梯房民水民电房主自荐,196万,41809元/平,高楼层 (共12层) | 2005年 | 1室1厅 | 46.88平米 | 西 北,https://ke-image.ljcdn.com/110000-inspection/392f709d-cab3-4693-80ee-617526305a4d_1000.jpg!m_fill,w_280,h_210,f_jpg?from=ke.com
20240423,昌平,西关环岛,101118906133,西关北路 2室1厅 南,220万,32588元/平,高楼层 (共6层) | 1992年 | 2室1厅 | 67.51平米 | 南,https://ke-image.ljcdn.com/110000-inspection/62853a5d-89cc-4865-a024-8614aeefb7a9_1000.jpg!m_fill,w_280,h_210,f_jpg?from=ke.com
20240423,昌平,西关环岛,101118758264,1999年楼龄 次顶层 满五唯一 有独立客厅西环里,235万,31351元/平,高楼层 (共6层) 2室1厅 | 74.96平米 | 南 北,https://ke-image.ljcdn.com/110000-inspection/ff10324e-bf7d-4111-b984-56cab2f1578c_1000.jpg!m_fill,w_280,h_210,f_jpg?from=ke.com
20240423,昌平,西关环岛,101118742527,全明格局南北通透家庭名下唯一住房,248万,25626元/平,顶层 (共6层) | 2001年 | 2室2厅 | 96.78平米 | 南 北,https://ke-image.ljcdn.com/110000-inspection/23539e2d-7518-4ae3-818e-4284bd402844_1000.jpg!m_fill,w_280,h_210,f_jpg?from=ke.com
20240423,昌平,西关环岛,101118685423,郝庄家园西区 1室1厅 南 北,150万,25515元/平,高楼层 (共6层) 1室1厅 | 58.79平米 | 南 北,https://ke-image.ljcdn.com/110000-inspection/540f8b6a-a6bd-44a6-bdf5-e0afad5f77db_1000.jpg!m_fill,w_280,h_210,f_jpg?from=ke.com
20240423,昌平,西关环岛,101118680459,婚房精装修 南向两居室 满五唯一 种花种菜,240万,42842元/平,底层 (共5层) 2室1厅 | 56.02平米 | 南,https://ke-image.ljcdn.com/110000-inspection/pc1_4yLDf3IJf.jpg!m_fill,w_280,h_210,f_jpg?from=ke.com
20240423,昌平,西关环岛,101118673116,过年可看 郝庄家园东区 一层南北通透两居室 有钥匙,177万,22707元/平,底层 (共6层) | 1995年 | 2室1厅 | 77.95平米 | 南 北,https://ke-image.ljcdn.com/110000-inspection/pc1_K8s7imp9A.jpg!m_fill,w_280,h_210,f_jpg?from=ke.com
20240423,昌平,西关环岛,101118604376,建明里精装两居室诚意出售精装修两居室,178万,31775元/平,顶层 (共6层) | 1992年 | 2室1厅 | 56.02平米 | 南 北,https://ke-image.ljcdn.com/110000-inspection/7500d1c5-973b-4092-be56-a604f4699028_1000.jpg!m_fill,w_280,h_210,f_jpg?from=ke.com
20240423,昌平,西关环岛,101118552966,御路园 3室1厅 南 北,355万,33150元/平,中楼层 (共6层) 3室1厅 | 107.09平米 | 南 北,https://ke-image.ljcdn.com/110000-inspection/pc1_UWiDGHncI.jpg!m_fill,w_280,h_210,f_jpg?from=ke.com
20240423,昌平,西关环岛,101118550051,郝庄家园西区 2室2厅 南 北,265万,30948元/平,中楼层 (共6层) 2室2厅 | 85.63平米 | 南 北,https://ke-image.ljcdn.com/110000-inspection/813a7492-5f49-437b-a109-365a14a60aae_1000.jpg!m_fill,w_280,h_210,f_jpg?from=ke.com
20240423,昌平,西关环岛,101118473441,2001年楼龄首套纯首付154万南北两居室成本价,259万,31756元/平,低楼层 (共6层) | 2001年 | 2室1厅 | 81.56平米 | 南 北,https://ke-image.ljcdn.com/110000-inspection/pc1_BGztfw32W.jpg!m_fill,w_280,h_210,f_jpg?from=ke.com
20240423,昌平,西关环岛,101118468957,此房南北通透 三阳开泰的格局满五年唯一,309万,29449元/平,高楼层 (共6层) 3室2厅 | 104.93平米 | 南 北,https://ke-image.ljcdn.com/110000-inspection/6d1cb08a-32a2-4d03-a4e0-77c90014a66c_1000.jpg!m_fill,w_280,h_210,f_jpg?from=ke.com
20240423,昌平,西关环岛,101118414629,建明里小区 2室1厅 南 北,309万,34334元/平,中楼层 (共6层) | 2002年 | 2室1厅 | 90平米 | 南 北,https://ke-image.ljcdn.com/110000-inspection/prod-12d31798-e7db-49e6-aec5-55e475c38fd0.jpg!m_fill,w_280,h_210,f_jpg?from=ke.com
20240423,昌平,西关环岛,101118330048,郝庄家园南区 1室1厅 南 北,143万,27187元/平,顶层 (共6层) | 2002年 | 1室1厅 | 52.6平米 | 南 北,https://ke-image.ljcdn.com/110000-inspection/11c9f8ff-66b8-4a91-91a3-046e03e93835_1000.jpg!m_fill,w_280,h_210,f_jpg?from=ke.com
20240423,昌平,西关环岛,101118270076,郝庄家园东区 南向一层精装修两居室 满五唯一随时看房房主自荐,195万,32500元/平,底层 (共6层) 2室1厅 | 60平米 | 南,https://ke-image.ljcdn.com/110000-inspection/pc1_YRDCtzoHK.jpg!m_fill,w_280,h_210,f_jpg?from=ke.com
20240423,昌平,西关环岛,101118254733,西环里南向正规一居中间楼层采光好,132万,36596元/平,中楼层 (共5层) | 1986年 | 1室1厅 | 36.07平米 | 南,https://ke-image.ljcdn.com/110000-inspection/pc1_w59b7SLaj.jpg!m_fill,w_280,h_210,f_jpg?from=ke.com
20240423,昌平,西关环岛,101118239424,建明里小区带电梯大三居前后没有遮挡视野好,468万,32792元/平,高楼层 (共12层) 3室2厅 | 142.72平米 | 南 北,https://ke-image.ljcdn.com/110000-inspection/ff66d215-8056-4d92-9eb8-f1dc9584f904_1000.jpg!m_fill,w_280,h_210,f_jpg?from=ke.com
20240423,昌平,西关环岛,101118154461,西环里正规两居室南北通透采光好,210万,30869元/平,高楼层 (共6层) 2室1厅 | 68.03平米 | 南 北,https://ke-image.ljcdn.com/110000-inspection/pc1_hAMFgMIza.jpg!m_fill,w_280,h_210,f_jpg?from=ke.com
20240423,昌平,西关环岛,101118142033,西环里新区满五唯一楼龄新看房提前联系。,299万,30003元/平,顶层 (共6层) | 2001年 | 3室1厅 | 99.66平米 | 南 北,https://ke-image.ljcdn.com/110000-inspection/3588abb3-9ede-4c19-b470-c057218bdb70_1000.jpg!m_fill,w_280,h_210,f_jpg?from=ke.com
20240423,昌平,西关环岛,101118136187,西环里 3室1厅 南 北,299万,34016元/平,顶层 (共6层) 3室1厅 | 87.9平米 | 南 北,https://ke-image.ljcdn.com/110000-inspection/c1097a31-d419-4bee-a3cd-88762ecf2107_1000.jpg!m_fill,w_280,h_210,f_jpg?from=ke.com
20240423,昌平,西关环岛,101118119098,精装修大三居使用面积大于房本面积满五年唯一。房主自荐,325万,36517元/平,中楼层 (共6层) 3室1厅 | 89平米 | 南 北,https://ke-image.ljcdn.com/110000-inspection/pc1_yXuI5AkLm.jpg!m_fill,w_280,h_210,f_jpg?from=ke.com
20240423,昌平,西关环岛,101118108442,城角西路13号院诚心出售多多带看,320万,35683元/平,高楼层 (共6层) 2室1厅 | 89.68平米 | 南 北,https://ke-image.ljcdn.com/110000-inspection/pc1_O57QcEnCh.jpg!m_fill,w_280,h_210,f_jpg?from=ke.com
20240423,昌平,西关环岛,101118043350,西关燕大宿舍满五唯一南北通透自住精装修视野开阔,209万,25142元/平,顶层 (共5层) 3室1厅 | 83.13平米 | 南 北,https://ke-image.ljcdn.com/110000-inspection/c0cdebbc-c5f7-409a-9f6d-7fa74fbb4bd8_1000.jpg!m_fill,w_280,h_210,f_jpg?from=ke.com
20240423,昌平,西关环岛,101118035774,水屯家园半地下三居室有产权,159万,17387元/平,地下室 (共4层) 3室1厅 | 91.45平米 | 南 北,https://ke-image.ljcdn.com/110000-inspection/dd8c4066-d47d-4d3a-994b-e89c84359ee9_1000.jpg!m_fill,w_280,h_210,f_jpg?from=ke.com
20240423,昌平,西关环岛,101118019980,西环里35号院 2室1厅 南 北,195万,24461元/平,顶层 (共6层) | 1997年 | 2室1厅 | 79.72平米 | 南 北,https://ke-image.ljcdn.com/110000-inspection/pc1_Pu9WSUbv7.jpg!m_fill,w_280,h_210,f_jpg?from=ke.com
20240423,昌平,西关环岛,101118019582,水屯家园 南北朝向两居室 商品房满五年唯一,208万,25604元/平,中楼层 (共6层) 2室1厅 | 81.24平米 | 南 北,https://ke-image.ljcdn.com/110000-inspection/8ae86850-65e0-4800-8cf8-b66bc9ba55dc_1000.jpg!m_fill,w_280,h_210,f_jpg?from=ke.com
20240423,昌平,西关环岛,101118003004,大三尖 2室1厅 南 北,225万,31368元/平,中楼层 (共6层) | 1996年 | 2室1厅 | 71.73平米 | 南 北,https://ke-image.ljcdn.com/110000-inspection/1c80d03b-b644-4188-a200-5ceacb512ea5_1000.jpg!m_fill,w_280,h_210,f_jpg?from=ke.com
20240423,昌平,西关环岛,101117982106,此房西环里新区正规南向两居室采光充足,218万,32699元/平,顶层 (共6层) 2室1厅 | 66.67平米 | 南,https://ke-image.ljcdn.com/110000-inspection/ed2517ad-1a41-4182-a0a9-bd44d49e4949_1000.jpg!m_fill,w_280,h_210,f_jpg?from=ke.com
20240423,昌平,西关环岛,101117959430,水屯家园小区+半地下+两居室+可贷款 70年不动产权证,130万,14216元/平,地下室 (共4层) 2室1厅 | 91.45平米 | 南 北,https://ke-image.ljcdn.com/110000-inspection/ef8dce46-7b1e-439b-9553-90228f476f83_1000.jpg!m_fill,w_280,h_210,f_jpg?from=ke.com
20240423,昌平,西关环岛,101117923146,西环里小区 大飘窗 满五年 采光好 看房方便,214万,41401元/平,顶层 (共5层) 2室1厅 | 51.69平米 | 南,https://ke-image.ljcdn.com/110000-inspection/pc1_4K8kxDyii.jpg!m_fill,w_280,h_210,f_jpg?from=ke.com
20240423,昌平,西关环岛,101117920365,城角西路  三面采光   中间楼层  正规两居,220万,38665元/平,中楼层 (共5层) 2室1厅 | 56.9平米 | 南 北,https://ke-image.ljcdn.com/110000-inspection/f4edee77-ef62-4f77-a58d-329914457844_1000.jpg!m_fill,w_280,h_210,f_jpg?from=ke.com
20240423,昌平,西关环岛,101117872600,郝庄家园西区 2室1厅 南 北,202万,23590元/平,顶层 (共6层) 2室1厅 | 85.63平米 | 南 北,https://ke-image.ljcdn.com/110000-inspection/2fe8002d-6ea9-42ae-9034-4af020c56557_1000.jpg!m_fill,w_280,h_210,f_jpg?from=ke.com
20240423,昌平,西关环岛,101117801207,总监推荐 郝庄家园西区精装修两居室70年大产权商品房,268万,29895元/平,底层 (共6层) 2室1厅 | 89.65平米 | 南 北,https://ke-image.ljcdn.com/110000-inspection/pc1_wwzJR7WhG.jpg!m_fill,w_280,h_210,f_jpg?from=ke.com
20240423,昌平,西关环岛,101117741064,西环里 一层  建成1994年 满五唯一 装修好房主自荐,230万,36062元/平,底层 (共6层) | 1994年 | 2室1厅 | 63.78平米 | 西 东,https://ke-image.ljcdn.com/110000-inspection/pc1_yusinvTBu.jpg!m_fill,w_280,h_210,f_jpg?from=ke.com
20240423,昌平,西关环岛,101117575692,御路园 2室1厅 南 北,192万,27718元/平,顶层 (共6层) 2室1厅 | 69.27平米 | 南 北,https://ke-image.ljcdn.com/110000-inspection/pc1_JQoVV1DOY.jpg!m_fill,w_280,h_210,f_jpg?from=ke.com
20240423,昌平,西关环岛,101117544719,郝庄家园南区 2室1厅 南 北,197万,23613元/平,顶层 (共6层) | 2002年 | 2室1厅 | 83.43平米 | 南 北,https://ke-image.ljcdn.com/110000-inspection/d5ca9c2e-d855-4220-86fa-ecfcb9564f26_1000.jpg!m_fill,w_280,h_210,f_jpg?from=ke.com
20240423,昌平,西关环岛,101117507013,满五唯一   低楼层   靠着北山空气好,309万,38621元/平,低楼层 (共6层) | 1997年 | 2室1厅 | 80.01平米 | 南 北,https://ke-image.ljcdn.com/110000-inspection/b5348c83-d3e2-4a6b-807d-29e692fbdcd9_1000.jpg!m_fill,w_280,h_210,f_jpg?from=ke.com
20240423,昌平,西关环岛,101117402919,总监推荐 珺璟家园小区业主自住南北通透两居室,360万,41581元/平,底层 (共6层) 2室1厅 | 86.58平米 | 南 北,https://ke-image.ljcdn.com/110000-inspection/pc1_KdD5rCave.jpg!m_fill,w_280,h_210,f_jpg?from=ke.com
20240423,昌平,西关环岛,101117223354,郝庄家园西区优质唯一四居室户型,379万,24781元/平,中楼层 (共6层) 4室2厅 | 152.94平米 | 南 北,https://ke-image.ljcdn.com/110000-inspection/pc1_Z4J8FBvXu.jpg!m_fill,w_280,h_210,f_jpg?from=ke.com
20240423,昌平,西关环岛,101117121478,静心苑两居室南北通透户型采光好,280万,27422元/平,顶层 (共6层) | 2001年 | 2室2厅 | 102.11平米 | 南 北,https://ke-image.ljcdn.com/110000-inspection/d35ecdf4-3a3a-47b7-8da0-6078b0f2e1e7_1000.jpg!m_fill,w_280,h_210,f_jpg?from=ke.com
20240423,昌平,西关环岛,101117046667,西环里全南向两居室采光充足无遮挡,230万,31242元/平,顶层 (共6层) | 1995年 | 2室1厅 | 73.62平米 | 南,https://ke-image.ljcdn.com/110000-inspection/18a7f277-957d-4e13-8e5d-28cab77c5fc8_1000.jpg!m_fill,w_280,h_210,f_jpg?from=ke.com
20240423,昌平,西关环岛,101116928762,工业经委宿舍楼   南北3居 诚意出售 看房随时,300万,33561元/平,顶层 (共4层) | 1980年 | 3室1厅 | 89.39平米 | 南 北,https://ke-image.ljcdn.com/110000-inspection/34f23a24-f959-4f1b-80f8-628e11dd7ab7_1000.jpg!m_fill,w_280,h_210,f_jpg?from=ke.com
20240423,昌平,西关环岛,101116916888,建明里小区 南向两居室  满五年唯一  电梯房,340万,29540元/平,中楼层 (共12层) | 2005年 | 2室1厅 | 115.1平米 | 南,https://ke-image.ljcdn.com/110000-inspection/43398bae-d9a9-4e38-9629-236480bda62a_1000.jpg!m_fill,w_280,h_210,f_jpg?from=ke.com
20240423,昌平,西关环岛,101116819674,御路园 满五年 南北通透三居室距离地铁900米,330万,29650元/平,高楼层 (共6层) | 2001年 | 3室2厅 | 111.3平米 | 南 北,https://ke-image.ljcdn.com/110000-inspection/775fab0b-a041-4cab-a5da-6503b690324a_1000.jpg!m_fill,w_280,h_210,f_jpg?from=ke.com
20240423,昌平,西关环岛,101116788760,南北通透三居室装修好看房方便。,338万,36828元/平,底层 (共4层) | 1992年 | 3室1厅 | 91.78平米 | 南 北,https://ke-image.ljcdn.com/110000-inspection/211dda6c-6be2-4c4f-9c3c-136ada16fb00_1000.jpg!m_fill,w_280,h_210,f_jpg?from=ke.com
20240423,昌平,西关环岛,101116783272,秋实家园南北通透三居室   视野开阔  采光好房主自荐,288万,22596元/平,高楼层 (共6层) | 2001年 | 3室2厅 | 127.46平米 | 南 北,https://ke-image.ljcdn.com/110000-inspection/pc1_4tZ8HvsVn.jpg!m_fill,w_280,h_210,f_jpg?from=ke.com
20240423,昌平,西关环岛,101116752010,蓝郡国际花园 3室1厅 东 北,225万,26252元/平,中楼层 (共15层) | 2009年 | 3室1厅 | 85.71平米 | 东 北,https://ke-image.ljcdn.com/110000-inspection/pc1_Ix4KTATx1_1.jpg!m_fill,w_280,h_210,f_jpg?from=ke.com
20240423,昌平,西关环岛,101116699677,御路园 2室1厅 南 北房主自荐,275万,29412元/平,顶层 (共7层) | 2007年 | 2室1厅 | 93.5平米 | 南 北,https://ke-image.ljcdn.com/110000-inspection/fa4c3da8-968d-4003-a8f3-1401daf13d4d_1000.jpg!m_fill,w_280,h_210,f_jpg?from=ke.com
20240423,昌平,西关环岛,101116644751,静心苑三居室全明格局独立车库房主自荐,320万,24772元/平,顶层 (共6层) | 1995年 | 3室1厅 | 129.18平米 | 东 南 北,https://ke-image.ljcdn.com/110000-inspection/b344a1c0-f969-4a86-9a96-fc30a4f38956_1000.jpg!m_fill,w_280,h_210,f_jpg?from=ke.com
20240423,昌平,西关环岛,101116613734,郝庄家园东区 3室2厅 南 北,285万,23699元/平,顶层 (共6层) 3室2厅 | 120.26平米 | 南 北,https://ke-image.ljcdn.com/110000-inspection/4c792bc4-93c1-415c-96a2-dbc3ae3a96e4_1000.jpg!m_fill,w_280,h_210,f_jpg?from=ke.com
20240423,昌平,西关环岛,101116601459,西环里满五年中间层南向有加固双阳台装修好,160万,47819元/平,中楼层 (共5层) | 1979年 | 1室1厅 | 33.46平米 | 南,https://ke-image.ljcdn.com/110000-inspection/pc1_Q9csezW4t.jpg!m_fill,w_280,h_210,f_jpg?from=ke.com
20240423,昌平,西关环岛,101116599171,西环里小区南北通透高楼层视野无遮挡,160万,30658元/平,顶层 (共5层) | 1981年 | 2室1厅 | 52.19平米 | 南 北,https://ke-image.ljcdn.com/110000-inspection/80769a39-4b69-4a99-9c57-5b499d8b1725_1000.jpg!m_fill,w_280,h_210,f_jpg?from=ke.com
20240423,昌平,西关环岛,101116551839,水屯家园 精装修南向一居室 拎包入住,190万,37894元/平,高楼层 (共6层) | 2001年 | 1室1厅 | 50.14平米 | 南,https://ke-image.ljcdn.com/110000-inspection/610c24d7-30b4-4def-94e0-ce968b6edb33_1000.jpg!m_fill,w_280,h_210,f_jpg?from=ke.com
20240423,昌平,西关环岛,101116129813,西环里正规一居室  满五唯一  采光视野好  小区环境好,158万,43503元/平,顶层 (共5层) | 1983年 | 1室1厅 | 36.32平米 | 南,https://ke-image.ljcdn.com/110000-inspection/81e21414-d544-44b0-ad3a-245f1acf64d2_1000.jpg!m_fill,w_280,h_210,f_jpg?from=ke.com
20240423,昌平,西关环岛,101115903663,西环里小区高楼层装修好采光好房主自荐,145万,25651元/平,顶层 (共6层) 1室1厅 | 56.53平米 | 东 西,https://ke-image.ljcdn.com/110000-inspection/f0af5f25-33ef-49a1-ae81-4086d60ec0ec_1000.jpg!m_fill,w_280,h_210,f_jpg?from=ke.com
20240423,昌平,西关环岛,101115893794,店长推荐静心苑小区正规三居室南北通透采光好,320万,24743元/平,顶层 (共6层) 3室1厅 | 129.33平米 | 南 北,https://ke-image.ljcdn.com/110000-inspection/c1d601d4-4117-4e4e-ab2b-c20b672df52c_1000.jpg!m_fill,w_280,h_210,f_jpg?from=ke.com
20240423,昌平,西关环岛,101115818407,大三尖小区 南北通透    高层视野广阔,255万,24151元/平,顶层 (共6层) | 1996年 | 2室2厅 | 105.59平米 | 南 北,https://ke-image.ljcdn.com/110000-inspection/e55b9705-2852-4e35-8a97-eafaf41fb2b5_1000.jpg!m_fill,w_280,h_210,f_jpg?from=ke.com
20240423,昌平,西关环岛,101115676206,郝庄家园 2室1厅 南 北,155万,22728元/平,顶层 (共6层) | 2002年 | 2室1厅 | 68.2平米 | 南 北,https://ke-image.ljcdn.com/110000-inspection/1a5aee7d-3ac5-4383-8df3-02db578d9370_1000.jpg!m_fill,w_280,h_210,f_jpg?from=ke.com
20240423,昌平,西关环岛,101115607158,百泉庄  正规一居室 南北通透 诚心出售,105万,26509元/平,顶层 (共3层) 1室1厅 | 39.61平米 | 南 北,https://ke-image.ljcdn.com/110000-inspection/pc1_cp8FuL1XX.jpg!m_fill,w_280,h_210,f_jpg?from=ke.com
20240423,昌平,西关环岛,101115593614,毛纺厂宿舍中间楼层南北通透房主自荐,225万,36461元/平,中楼层 (共4层) | 1994年 | 3室1厅 | 61.71平米 | 南 北,https://ke-image.ljcdn.com/110000-inspection/pc1_Imfjto7KG_1.jpg!m_fill,w_280,h_210,f_jpg?from=ke.com
20240423,昌平,西关环岛,101115456698,郝庄家园东区 2室1厅 南 北,225万,28828元/平,顶层 (共6层) 2室1厅 | 78.05平米 | 南 北,https://ke-image.ljcdn.com/110000-inspection/fa79b6cd-cd10-49a4-9997-9c22dbfd63d8_1000.jpg!m_fill,w_280,h_210,f_jpg?from=ke.com
20240423,昌平,西关环岛,101114901012,林场宿舍 2室1厅 南 北,180万,33483元/平,中楼层 (共5层) | 2001年 | 2室1厅 | 53.76平米 | 南 北,https://ke-image.ljcdn.com/110000-inspection/47bb9c37-d535-46a9-8abe-add6cbe976e2_1000.jpg!m_fill,w_280,h_210,f_jpg?from=ke.com
20240423,昌平,西关环岛,101114886418,瑞明路 两居户型 成本价满五年唯一,206万,22628元/平,中楼层 (共6层) | 2001年 | 2室1厅 | 91.04平米 | 东 西,https://ke-image.ljcdn.com/110000-inspection/pc1_mcsKTzwvx.jpg!m_fill,w_280,h_210,f_jpg?from=ke.com
20240423,昌平,西关环岛,101114628133,店长推荐 点开看看 秋实家园 适合宜居房主自荐,199万,32082元/平,中楼层 (共5层) 2室1厅 | 62.03平米 | 南 北,https://ke-image.ljcdn.com/110000-inspection/pc1_QiVuZD2Zx.jpg!m_fill,w_280,h_210,f_jpg?from=ke.com
20240423,昌平,西关环岛,101114622857,郝庄家园东区 2室1厅 南 北房主自荐,180万,23063元/平,中楼层 (共6层) 2室1厅 | 78.05平米 | 南 北,https://ke-image.ljcdn.com/110000-inspection/34dbb09c-3b59-49da-808d-493df8afd3c8_1000.jpg!m_fill,w_280,h_210,f_jpg?from=ke.com
20240423,昌平,西关环岛,101114590395,二建宿舍  纯南向  明厨明卫   中间楼层,150万,28648元/平,中楼层 (共6层) | 1993年 | 1室1厅 | 52.36平米 | 南,https://ke-image.ljcdn.com/110000-inspection/ce5d15ed-aae8-44a8-ba2a-0d8bc5b86dfb_1000.jpg!m_fill,w_280,h_210,f_jpg?from=ke.com
20240423,昌平,西关环岛,101114572966,蓝郡国际花园 满五唯一 正规一居室,290万,34781元/平,高楼层 (共15层) | 2009年 | 1室1厅 | 83.38平米 | 南,https://ke-image.ljcdn.com/110000-inspection/pc1_lYFy5NImU.jpg!m_fill,w_280,h_210,f_jpg?from=ke.com
20240423,昌平,西关环岛,101114568820,御路园 满五年 南北通透 三居室 精装修,358万,27463元/平,高楼层 (共6层) | 2001年 | 3室2厅 | 130.36平米 | 南 北,https://ke-image.ljcdn.com/110000-inspection/prod-abd519b9-af3b-463d-ad68-c7d3d9f7612e.jpg!m_fill,w_280,h_210,f_jpg?from=ke.com
20240423,昌平,西关环岛,101114170602,西关路小区新上三居室出售店长推荐！房主自荐,385万,38014元/平,顶层 (共6层) 3室2厅 | 101.28平米 | 南 北,https://ke-image.ljcdn.com/110000-inspection/7f7f957a-d5d3-41a0-923d-bef44d3eb904_1000.jpg!m_fill,w_280,h_210,f_jpg?from=ke.com
20240423,昌平,西关环岛,101114089024,西环里小区 低楼层 南北通透正规两居室,195万,33119元/平,低楼层 (共6层) | 1984年 | 2室1厅 | 58.88平米 | 南 北,https://ke-image.ljcdn.com/110000-inspection/d94cd15c-c8ff-4400-8004-a2a13c327639_1000.jpg!m_fill,w_280,h_210,f_jpg?from=ke.com
20240423,昌平,西关环岛,101114074555,御路园正规两居室楼龄新建成年代2008年采光好,282万,35242元/平,高楼层 (共6层) | 2008年 | 2室1厅 | 80.02平米 | 东 西,https://ke-image.ljcdn.com/110000-inspection/19542d12-8160-4ef6-a7e6-6bfbc97c1c30_1000.jpg!m_fill,w_280,h_210,f_jpg?from=ke.com
20240423,昌平,西关环岛,101114068642,业主诚心出售    御路园优质两居室  中高楼层,298万,31100元/平,高楼层 (共7层) | 2007年 | 2室2厅 | 95.82平米 | 南 北,https://ke-image.ljcdn.com/110000-inspection/pc1_vrxiKj8xx_1.jpg!m_fill,w_280,h_210,f_jpg?from=ke.com
20240423,昌平,西关环岛,101113902727,西关北路   纯南向两居室低楼层  明厨明卫,238万,30568元/平,低楼层 (共6层) | 1992年 | 2室1厅 | 77.86平米 | 南 北,https://ke-image.ljcdn.com/110000-inspection/1b8f1a03-1e4b-4089-b73c-6e63f1c57709_1000.jpg!m_fill,w_280,h_210,f_jpg?from=ke.com
20240423,昌平,西关环岛,101113422911,【店长推荐】 建明里小区  一室一厅,239万,34493元/平,顶层 (共6层) | 2004年 | 1室1厅 | 69.29平米 | 南 北,https://ke-image.ljcdn.com/110000-inspection/pc1_A8HmnUB7k_1.jpg!m_fill,w_280,h_210,f_jpg?from=ke.com
20240423,昌平,西关环岛,101113406798,建明里小区  精装修复式  南北通透,450万,25916元/平,高楼层 (共7层) | 2002年 | 4室2厅 | 173.64平米 | 北 南,https://ke-image.ljcdn.com/110000-inspection/pc1_kX9mYqFhF_1.jpg!m_fill,w_280,h_210,f_jpg?from=ke.com
20240423,昌平,西关环岛,101113142436,店长推荐  秋实家园   精装修三居室  看房随时,305万,23093元/平,顶层 (共5层) | 2001年 | 3室2厅 | 132.08平米 | 南 北,https://ke-image.ljcdn.com/110000-inspection/11d88bb4-c874-4bd4-a3d8-ef08f81db234_1000.jpg!m_fill,w_280,h_210,f_jpg?from=ke.com
20240423,昌平,西关环岛,101113021497,郝庄家园西区 中间楼层 户型方正 采光好,238万,30482元/平,中楼层 (共6层) | 2003年 | 2室1厅 | 78.08平米 | 南 北,https://ke-image.ljcdn.com/110000-inspection/51a74a3f-fc79-4434-bd9e-e5ccc313973a_1000.jpg!m_fill,w_280,h_210,f_jpg?from=ke.com
20240423,昌平,西关环岛,101111896593,西环里小区 精装修 看房方便 正规两居 配合签约,179万,35167元/平,顶层 (共5层) | 1981年 | 2室1厅 | 50.9平米 | 南,https://ke-image.ljcdn.com/110000-inspection/pc1_nsfyq1qDa_1.jpg!m_fill,w_280,h_210,f_jpg?from=ke.com
20240423,昌平,西关环岛,101111308969,西环里新区可贷款25年20万装修拎包入住诚心卖房主自荐,300万,27933元/平,顶层 (共6层) 2室1厅 | 107.4平米 | 东 西,https://ke-image.ljcdn.com/110000-inspection/4ad5d4dd-814b-4925-a49e-f232e047d3fd_1000.jpg!m_fill,w_280,h_210,f_jpg?from=ke.com
20240423,昌平,西关环岛,101110825548,西环里  70年产权商品房 南北通透,250万,42554元/平,高楼层 (共6层) | 1984年 | 2室1厅 | 58.75平米 | 南 北,https://ke-image.ljcdn.com/110000-inspection/pc1_EcnS2sRHA_1.jpg!m_fill,w_280,h_210,f_jpg?from=ke.com
20240423,昌平,西关环岛,101110622120,华尔森电梯房2002年楼龄满五唯一带租赁车位,399万,30690元/平,中楼层 (共7层) | 2002年 | 3室2厅 | 130.01平米 | 南 北,https://ke-image.ljcdn.com/110000-inspection/39862b04-3feb-42ca-8e40-af9ff3a6b7d7_1000.jpg!m_fill,w_280,h_210,f_jpg?from=ke.com
20240423,昌平,西关环岛,101110413059,水屯家园 板楼低楼层 南北通透两室,216万,24100元/平,顶层 (共4层) 2室1厅 | 89.63平米 | 南 北,https://ke-image.ljcdn.com/110000-inspection/pc1_0myLetjyt_1.jpg!m_fill,w_280,h_210,f_jpg?from=ke.com
20240423,昌平,西关环岛,101109675266,西环里小区 满五唯一 纯南向  采光好,135万,36487元/平,顶层 (共5层) | 1986年 | 1室1厅 | 37平米 | 南,https://ke-image.ljcdn.com/110000-inspection/f488986e-a998-4b2a-8af6-d151370508d3_1000.jpg!m_fill,w_280,h_210,f_jpg?from=ke.com
20240423,昌平,西关环岛,101105462893,昌平低密度电梯房社区靠近地铁社区绿化做的好。,530万,48884元/平,中楼层 (共10层) | 2007年 | 2室2厅 | 108.42平米 | 南 北,https://ke-image.ljcdn.com/110000-inspection/prod-0c3f1726-fc90-4ebf-9275-28a604968164.jpg!m_fill,w_280,h_210,f_jpg?from=ke.com
20240423,昌平,西关环岛,101124045166,胜利嘉园 2室1厅 南 北,230万,23714元/平,中楼层 (共6层) 2室1厅 | 96.99平米 | 南 北,https://ke-image.ljcdn.com/110000-inspection/20c6d39c-9640-45ed-b8c1-e586a11a9c85_1000.jpg!m_fill,w_280,h_210,f_jpg?from=ke.com
20240423,昌平,西关环岛,101123975682,静心苑 3室2厅 南 北新上,310万,30360元/平,中楼层 (共6层) | 2001年 | 3室2厅 | 102.11平米 | 南 北,https://ke-image.ljcdn.com/110000-inspection/8587d54d-139b-4c52-9fd0-7acf1a35a69c_1000.jpg!m_fill,w_280,h_210,f_jpg?from=ke.com
20240423,昌平,西关环岛,101123951891,建明里小区 2室1厅 南 北新上,200万,30419元/平,顶层 (共6层) 2室1厅 | 65.75平米 | 南 北,https://ke-image.ljcdn.com/110000-inspection/b2a144ac-9805-4ebd-a55d-a9abeed7e2ac_1000.jpg!m_fill,w_280,h_210,f_jpg?from=ke.com
20240423,昌平,西关环岛,101123884094,西关北路 满五年唯一  南北通透小两居 1993年建成,187万,29863元/平,高楼层 (共6层) | 1991年 | 2室1厅 | 62.62平米 | 南 北,https://ke-image.ljcdn.com/110000-inspection/b98232e8-1fe6-495e-ae58-3af2c533cd95_1000.jpg!m_fill,w_280,h_210,f_jpg?from=ke.com
20240423,昌平,西关环岛,101123803425,秋实家园 3室2厅 南 北,279万,21890元/平,高楼层 (共6层) | 2001年 | 3室2厅 | 127.46平米 | 南 北,https://ke-image.ljcdn.com/110000-inspection/pc1_uBKN4DKPO.jpg!m_fill,w_280,h_210,f_jpg?from=ke.com
20240423,昌平,西关环岛,101123769661,郝庄家园西区 2室1厅 南 北,219万,24429元/平,中楼层 (共6层) 2室1厅 | 89.65平米 | 南 北,https://ke-image.ljcdn.com/110000-inspection/ec03de14-623d-401d-97ed-beffae09ad9d_1000.jpg!m_fill,w_280,h_210,f_jpg?from=ke.com
20240423,昌平,西关环岛,101123748618,西环里 3室1厅 南 北,210万,29611元/平,底层 (共6层) 3室1厅 | 70.92平米 | 南 北,https://ke-image.ljcdn.com/110000-inspection/e5063df6-6e45-406a-8105-ff25f3a11a84_1000.jpg!m_fill,w_280,h_210,f_jpg?from=ke.com
20240423,昌平,西关环岛,101123702757,店长推荐珺璟家园满五唯一看房随时。,295万,34038元/平,高楼层 (共6层) 3室1厅 | 86.67平米 | 南 北,https://ke-image.ljcdn.com/110000-inspection/pc1_QmOygASFu.jpg!m_fill,w_280,h_210,f_jpg?from=ke.com
20240423,昌平,西关环岛,101123700250,蓝郡国际花园 1室0厅 南房主自荐,190万,35843元/平,顶层 (共15层) 1室0厅 | 53.01平米 | 南,https://ke-image.ljcdn.com/110000-inspection/d01a11b3-69d1-44a7-97bd-f2ff669da815_1000.jpg!m_fill,w_280,h_210,f_jpg?from=ke.com
20240423,昌平,西关环岛,101123669022,西环里 2室1厅 东 西,330万,30727元/平,顶层 (共6层) 2室1厅 | 107.4平米 | 东 西,https://ke-image.ljcdn.com/110000-inspection/65fd270e-ecbd-4264-baeb-ba98a7770127_1000.jpg!m_fill,w_280,h_210,f_jpg?from=ke.com
20240423,昌平,西关环岛,101123664574,瑞明路6号院 2室1厅 南 北房主自荐,224万,25736元/平,中楼层 (共6层) 2室1厅 | 87.04平米 | 南 北,https://ke-image.ljcdn.com/110000-inspection/02e43af9-6af4-438a-8ea8-1be92d12720b_1000.jpg!m_fill,w_280,h_210,f_jpg?from=ke.com
20240423,昌平,西关环岛,101123595336,建明里小区 2室1厅 南,322万,29120元/平,低楼层 (共12层) | 2005年 | 2室1厅 | 110.58平米 | 南,https://ke-image.ljcdn.com/110000-inspection/4ef0c8d8-9d1b-4dc6-81f9-7d6a50974975_1000.jpg!m_fill,w_280,h_210,f_jpg?from=ke.com
20240423,昌平,西关环岛,101123589192,蓝郡国际花园 1室1厅 东,180万,29193元/平,高楼层 (共15层) | 2009年 | 1室1厅 | 61.66平米 | 东,https://ke-image.ljcdn.com/110000-inspection/f34fd57e-3fa9-48c8-8b47-ef9cca16eddc_1000.jpg!m_fill,w_280,h_210,f_jpg?from=ke.com
20240423,昌平,西关环岛,101123507658,郝庄家园 3室2厅 南 北,301万,23140元/平,中楼层 (共6层) 3室2厅 | 130.08平米 | 南 北,https://ke-image.ljcdn.com/110000-inspection/pc1_GuSfrnoIa.jpg!m_fill,w_280,h_210,f_jpg?from=ke.com
20240423,昌平,西关环岛,101123494727,蓝郡国际花园 1室0厅 东,172万,32731元/平,顶层 (共15层) | 2009年 | 1室0厅 | 52.55平米 | 东,https://ke-image.ljcdn.com/110000-inspection/cffc9ba0-d78a-4a3e-a359-941a5a20046a_1000.jpg!m_fill,w_280,h_210,f_jpg?from=ke.com
20240423,昌平,西关环岛,101123330576,蓝郡国际花园满五唯一南北通透高楼层视野好,570万,43150元/平,高楼层 (共8层) | 2005年 | 3室2厅 | 132.1平米 | 南 北,https://ke-image.ljcdn.com/110000-inspection/4752dd05-5f1a-4686-87a4-c4c69eff9470_1000.jpg!m_fill,w_280,h_210,f_jpg?from=ke.com
20240423,昌平,西关环岛,101123325489,西关北路 2室1厅 南 北,229万,30530元/平,中楼层 (共6层) | 1995年 | 2室1厅 | 75.01平米 | 南 北,https://ke-image.ljcdn.com/110000-inspection/fcfffbd5-5f0b-4d03-8f56-8c2b5e29bfd6_1000.jpg!m_fill,w_280,h_210,f_jpg?from=ke.com
20240423,昌平,西关环岛,101123304625,城角西路11号院 2室1厅 南 北,205万,37416元/平,底层 (共6层) | 1990年 | 2室1厅 | 54.79平米 | 南 北,https://ke-image.ljcdn.com/110000-inspection/e6be4586-b32e-41d8-aae4-3edac2982587_1000.jpg!m_fill,w_280,h_210,f_jpg?from=ke.com
20240423,昌平,西关环岛,101123304043,蓝郡国际花园 1室1厅 东,200万,37594元/平,中楼层 (共15层) 1室1厅 | 53.2平米 | 东,https://ke-image.ljcdn.com/110000-inspection/00dfe441-ada4-4a0c-b0fa-d45c690d3a97_1000.jpg!m_fill,w_280,h_210,f_jpg?from=ke.com
20240423,昌平,西关环岛,101123175216,蓝郡国际花园   精装修 满五唯一 距离地铁500米,238万,33442元/平,高楼层 (共15层) 1室0厅 | 71.17平米 | 东北,https://ke-image.ljcdn.com/110000-inspection/c3e45908-b09b-4504-9f13-dbdbcac13de3_1000.jpg!m_fill,w_280,h_210,f_jpg?from=ke.com
20240423,昌平,西关环岛,101123152240,珺璟家园   低楼层  南北通透  明厨明卫  三阳开泰,469万,39645元/平,底层 (共6层) 3室1厅 | 118.3平米 | 南 北,https://ke-image.ljcdn.com/110000-inspection/61d731bc-47b3-4ed3-9174-b470f963b2e7_1000.jpg!m_fill,w_280,h_210,f_jpg?from=ke.com
20240423,昌平,西关环岛,101123082031,静心苑 2室1厅 南 北,330万,38310元/平,高楼层 (共6层) 2室1厅 | 86.14平米 | 南 北,https://ke-image.ljcdn.com/110000-inspection/pc1_DPlew9yCt.jpg!m_fill,w_280,h_210,f_jpg?from=ke.com
20240423,昌平,西关环岛,101123006367,水屯家园G6G7国道满五唯一南北两居,230万,28837元/平,中楼层 (共6层) 2室1厅 | 79.76平米 | 南 北,https://ke-image.ljcdn.com/110000-inspection/1b8e307c-873e-4805-9f7b-e746ddbc6e31_1000.jpg!m_fill,w_280,h_210,f_jpg?from=ke.com
20240423,昌平,西关环岛,101122958513,西环里 3室1厅 南 北,180万,32161元/平,中楼层 (共5层) | 1982年 | 3室1厅 | 55.97平米 | 南 北,https://ke-image.ljcdn.com/110000-inspection/9e3d1ca1-3904-41c0-b789-866738268e1b_1000.jpg!m_fill,w_280,h_210,f_jpg?from=ke.com
20240423,昌平,西关环岛,101122925972,建明里华尔森 复式南北通透板楼满五唯一视野开阔,439万,26872元/平,高楼层 (共7层) 4室2厅 | 163.37平米 | 南 北,https://ke-image.ljcdn.com/110000-inspection/pc1_tJzwaYHEi.jpg!m_fill,w_280,h_210,f_jpg?from=ke.com
20240423,昌平,西关环岛,101122730611,郝庄家园东区 2室1厅 南 北,192万,24632元/平,低楼层 (共6层) 2室1厅 | 77.95平米 | 南 北,https://ke-image.ljcdn.com/110000-inspection/a4149666-7ecd-4778-996f-81b36d6b67fa_1000.jpg!m_fill,w_280,h_210,f_jpg?from=ke.com
20240423,昌平,西关环岛,101122710781,店长推荐胜利嘉园 满五唯一 两居室 南北通透 带地下室房主自荐,190万,19854元/平,顶层 (共6层) 2室1厅 | 95.7平米 | 南 北,https://ke-image.ljcdn.com/110000-inspection/34cdae99-bf0b-4408-a32d-365ecfb5be05_1000.jpg!m_fill,w_280,h_210,f_jpg?from=ke.com
20240423,昌平,西关环岛,101122706847,秋实家园  低楼层  交通便利 安静,165万,28302元/平,中楼层 (共5层) | 1993年 | 2室1厅 | 58.3平米 | 南,https://ke-image.ljcdn.com/110000-inspection/fd40bc21-e34d-4e11-b684-c5e5ffb1450d_1000.jpg!m_fill,w_280,h_210,f_jpg?from=ke.com
20240423,昌平,西关环岛,101122656002,郝庄家园南区 3室1厅 南 北 东,183万,26028元/平,高楼层 (共6层) | 1999年 | 3室1厅 | 70.31平米 | 南 北 东,https://ke-image.ljcdn.com/110000-inspection/12c36b12-87e1-4b14-81f3-e1ea466af806_1000.jpg!m_fill,w_280,h_210,f_jpg?from=ke.com
20240423,昌平,西关环岛,101122572769,蓝郡国际花园 2室1厅 东 南 北,465万,43256元/平,高楼层 (共9层) 2室1厅 | 107.5平米 | 东 南 北,https://ke-image.ljcdn.com/110000-inspection/72c030f2-d713-4ee3-85b6-ae79d436e4ed_1000.jpg!m_fill,w_280,h_210,f_jpg?from=ke.com
20240423,昌平,西关环岛,101122563926,郝庄家园西区 2室1厅 南 北房主自荐,239万,25680元/平,中楼层 (共6层) 2室1厅 | 93.07平米 | 南 北,https://ke-image.ljcdn.com/110000-inspection/b711e5b2-89dc-4095-a443-8cb8065d7476_1000.jpg!m_fill,w_280,h_210,f_jpg?from=ke.com
20240423,昌平,西关环岛,101122538945,蓝郡国际花园 满五唯一 落地窗  距离地铁500米房主自荐,167万,33261元/平,中楼层 (共15层) 1室0厅 | 50.21平米 | 北,https://ke-image.ljcdn.com/110000-inspection/05858c9d-514d-43e0-94ad-5e4995eb68c4_1000.jpg!m_fill,w_280,h_210,f_jpg?from=ke.com
20240423,昌平,西关环岛,101122508472,店长推荐郝庄家园东区精装修两居室房主自荐,198万,27608元/平,中楼层 (共6层) 2室1厅 | 71.72平米 | 南 北,https://ke-image.ljcdn.com/110000-inspection/adf497a3-3e26-444f-a8ef-de46dd5d4b8e_1000.jpg!m_fill,w_280,h_210,f_jpg?from=ke.com
20240423,昌平,西关环岛,101122437494,店长推荐   建明里小区 精装修,226万,32617元/平,顶层 (共6层) | 2004年 | 1室1厅 | 69.29平米 | 南 北,https://ke-image.ljcdn.com/110000-inspection/4b621c6d-b811-4ef8-93af-552b50f441c9_1000.jpg!m_fill,w_280,h_210,f_jpg?from=ke.com
20240423,昌平,西关环岛,101122378755,有天然气南北通透中间楼层,169万,30717元/平,中楼层 (共6层) | 1984年 | 2室1厅 | 55.02平米 | 南 北,https://ke-image.ljcdn.com/110000-inspection/64100b6b-c103-43c1-9c5a-30d2cd8c700d_1000.jpg!m_fill,w_280,h_210,f_jpg?from=ke.com
20240423,昌平,西关环岛,101122329525,总监推荐  西环里 东西通透   两居室 明厨明卫,179万,30412元/平,中楼层 (共4层) 2室1厅 | 58.86平米 | 东 西,https://ke-image.ljcdn.com/110000-inspection/891474cc-c064-4c8d-89ef-e7487e9d5dfc_1000.jpg!m_fill,w_280,h_210,f_jpg?from=ke.com
20240423,昌平,西关环岛,101122285220,胜利嘉园 2室1厅 南 北房主自荐,229万,25022元/平,底层 (共6层) | 2005年 | 2室1厅 | 91.52平米 | 南 北,https://ke-image.ljcdn.com/110000-inspection/0936a955-b740-4586-ad88-a4e4223a0ef2_1000.jpg!m_fill,w_280,h_210,f_jpg?from=ke.com
20240423,昌平,西关环岛,101122239003,御路园 1室1厅 南 北,215万,31862元/平,顶层 (共6层) | 2008年 | 1室1厅 | 67.48平米 | 南 北,https://ke-image.ljcdn.com/110000-inspection/81fbd21c-09a6-4e7e-8bf9-24f561bf8c78_1000.jpg!m_fill,w_280,h_210,f_jpg?from=ke.com
20240423,昌平,西关环岛,101121962131,郝庄家园北区中间楼层精装修3居室房主自荐,279万,26595元/平,中楼层 (共6层) | 2004年 | 3室1厅 | 104.91平米 | 南 北,https://ke-image.ljcdn.com/110000-inspection/c5081458-5cbf-4052-909f-0bb8d1b038a2_1000.jpg!m_fill,w_280,h_210,f_jpg?from=ke.com
20240423,昌平,西关环岛,101121926920,西环里 2室1厅 南 北,209万,27882元/平,高楼层 (共6层) 2室1厅 | 74.96平米 | 南 北,https://ke-image.ljcdn.com/110000-inspection/712bea36-8433-4207-84dd-1d20d022f73b_1000.jpg!m_fill,w_280,h_210,f_jpg?from=ke.com
20240423,昌平,西关环岛,101121886187,郝庄家园西区 2室1厅 南 北,215万,26204元/平,中楼层 (共6层) 2室1厅 | 82.05平米 | 南 北,https://ke-image.ljcdn.com/110000-inspection/12ddf1ba-e036-47f2-a7fd-7f653ef9cd4e_1000.jpg!m_fill,w_280,h_210,f_jpg?from=ke.com
20240423,昌平,西关环岛,101121831840,西关北路 1室1厅 南,175万,34771元/平,中楼层 (共6层) | 1995年 | 1室1厅 | 50.33平米 | 南,https://ke-image.ljcdn.com/110000-inspection/6017f3e6-e7cc-4d8d-a9dd-759bd62949ad_1000.jpg!m_fill,w_280,h_210,f_jpg?from=ke.com
20240423,昌平,西关环岛,101121683246,胜利嘉园 3室1厅 南 北,310万,26474元/平,中楼层 (共6层) | 2005年 | 3室1厅 | 117.1平米 | 南 北,https://ke-image.ljcdn.com/110000-inspection/f218b84d-4ee0-4be7-904b-c01265c3c88b_1000.jpg!m_fill,w_280,h_210,f_jpg?from=ke.com
20240423,昌平,西关环岛,101121660178,蓝郡国际花园 1室0厅 东房主自荐,210万,34058元/平,中楼层 (共15层) | 2009年 | 1室0厅 | 61.66平米 | 东,https://ke-image.ljcdn.com/110000-inspection/1d3b9b33-80c8-439b-9d3e-f83abac30723_1000.jpg!m_fill,w_280,h_210,f_jpg?from=ke.com
20240423,昌平,西关环岛,101121575500,蓝郡国际花园 1室0厅 西房主自荐,182万,43583元/平,中楼层 (共15层) | 2009年 | 1室0厅 | 41.76平米 | 西,https://ke-image.ljcdn.com/110000-inspection/3b01e420-bdfe-4af3-a7b8-7164519f84fc_1000.jpg!m_fill,w_280,h_210,f_jpg?from=ke.com
20240423,昌平,西关环岛,101121429712,本房南北通透10层板楼带电梯楼龄新近地铁大平层,1030万,30405元/平,高楼层 (共8层) | 2005年 | 6室3厅 | 338.77平米 | 南 北,https://ke-image.ljcdn.com/110000-inspection/35d6b632-5c31-42e9-bafc-bfb191f12b9d_1000.jpg!m_fill,w_280,h_210,f_jpg?from=ke.com
20240423,昌平,西关环岛,101121398689,静心苑 珺璟家园  一层 满五唯一商品房,465万,39211元/平,底层 (共6层) 3室2厅 | 118.59平米 | 南 北,https://ke-image.ljcdn.com/110000-inspection/5f772634-27df-4247-b5ba-3c9a6f08cbbf_1000.jpg!m_fill,w_280,h_210,f_jpg?from=ke.com
20240423,昌平,西关环岛,101121336246,郝庄家园 满五唯一 中间楼层 南北通透 全明格局随时看房主自荐,172万,25220元/平,中楼层 (共6层) | 2005年 | 2室1厅 | 68.2平米 | 南 北,https://ke-image.ljcdn.com/110000-inspection/pc1_ZPjLymnWM_1.jpg!m_fill,w_280,h_210,f_jpg?from=ke.com
20240423,昌平,西关环岛,101121270971,郝庄家园西区 1室1厅 南 北,158万,34016元/平,中楼层 (共6层) | 2000年 | 1室1厅 | 46.45平米 | 南 北,https://ke-image.ljcdn.com/110000-inspection/pc1_6YIkHhxYi_1.jpg!m_fill,w_280,h_210,f_jpg?from=ke.com
20240423,昌平,西关环岛,101121256458,蓝郡国际花园 4室2厅 南 北,760万,42738元/平,低楼层 (共9层) 4室2厅 | 177.83平米 | 南 北,https://ke-image.ljcdn.com/110000-inspection/083091f6-86bc-4831-ae3b-7258f2b063ec_1000.jpg!m_fill,w_280,h_210,f_jpg?from=ke.com
20240423,昌平,西关环岛,101121125322,蓝郡国际花园 1室1厅 东房主自荐,205万,33247元/平,中楼层 (共15层) 1室1厅 | 61.66平米 | 东,https://ke-image.ljcdn.com/110000-inspection/83e46c61-146c-4a63-9983-b6110e2fcfc7_1000.jpg!m_fill,w_280,h_210,f_jpg?from=ke.com
20240423,昌平,西关环岛,101121019944,蓝郡国际花园 1室1厅 东,198万,37219元/平,低楼层 (共15层) 1室1厅 | 53.2平米 | 东,https://ke-image.ljcdn.com/110000-inspection/66fb7fae-9d6b-4c71-89c3-a4db16c11f94_1000.jpg!m_fill,w_280,h_210,f_jpg?from=ke.com
20240423,昌平,西关环岛,101120998472,郝庄家园东区 2室1厅 南 北,228万,29250元/平,底层 (共6层) | 1995年 | 2室1厅 | 77.95平米 | 南 北,https://ke-image.ljcdn.com/110000-inspection/pc1_3SQdTrfQj_1.jpg!m_fill,w_280,h_210,f_jpg?from=ke.com
20240423,昌平,西关环岛,101120915056,总监推荐 田字格南北双通透两居室 独立客厅,190万,27609元/平,顶层 (共5层) | 1983年 | 2室2厅 | 68.82平米 | 南 北,https://ke-image.ljcdn.com/110000-inspection/a0f6d931-924a-4504-82d4-06f1462e1381_1000.jpg!m_fill,w_280,h_210,f_jpg?from=ke.com
20240423,昌平,西关环岛,101120912148,西环里 2室1厅 西北,190万,29884元/平,顶层 (共6层) 2室1厅 | 63.58平米 | 西北,https://ke-image.ljcdn.com/110000-inspection/8cb01e09-bbc2-4645-a756-bfb732fb71b3_1000.jpg!m_fill,w_280,h_210,f_jpg?from=ke.com
20240423,昌平,西关环岛,101120888091,蓝郡国际花园 1室1厅 西,174万,41667元/平,中楼层 (共15层) | 2009年 | 1室1厅 | 41.76平米 | 西,https://ke-image.ljcdn.com/110000-inspection/af194ebe-fb8c-473c-84a3-5ed8b8530a53_1000.jpg!m_fill,w_280,h_210,f_jpg?from=ke.com
20240423,昌平,西关环岛,101120331208,过年可看有钥匙 郝庄家园南区 南北三居室 全明格局,248万,23854元/平,高楼层 (共6层) 3室2厅 | 103.97平米 | 南 北,https://ke-image.ljcdn.com/110000-inspection/850cdd8b-7512-49f5-b0d4-e1a3d547a93d_1000.jpg!m_fill,w_280,h_210,f_jpg?from=ke.com
20240423,昌平,西关环岛,101120163753,建明里小区 2室2厅 南,258万,28133元/平,顶层 (共6层) | 2001年 | 2室2厅 | 91.71平米 | 南,https://ke-image.ljcdn.com/110000-inspection/61cfddc4-5dc7-45e8-ac8d-209f5c522461_1000.jpg!m_fill,w_280,h_210,f_jpg?from=ke.com
20240423,昌平,西关环岛,101120150341,郝庄家园 2室1厅 南 北,210万,29779元/平,高楼层 (共6层) 2室1厅 | 70.52平米 | 南 北,https://ke-image.ljcdn.com/110000-inspection/5271b224-4212-4e36-9ba7-070876ea5e28_1000.jpg!m_fill,w_280,h_210,f_jpg?from=ke.com
20240423,昌平,西关环岛,101120123601,蓝郡国际花园  2009年电梯房,190万,35675元/平,中楼层 (共15层) 1室1厅 | 53.26平米 | 南,https://ke-image.ljcdn.com/110000-inspection/10043055-a3ae-45d4-9b6f-85b9db5310de_1000.jpg!m_fill,w_280,h_210,f_jpg?from=ke.com
20240423,昌平,西关环岛,101119736298,70年大产权商品房 郝庄家园西区南向精装一居室房主自荐,148万,31679元/平,顶层 (共6层) | 2003年 | 1室1厅 | 46.72平米 | 南,https://ke-image.ljcdn.com/110000-inspection/7446c2fc-6ac1-4a03-b4f7-ec10c5f77d11_1000.jpg!m_fill,w_280,h_210,f_jpg?from=ke.com
20240423,昌平,西关环岛,101119626789,郝庄家园西区 2室1厅 南 北,233万,25035元/平,中楼层 (共6层) 2室1厅 | 93.07平米 | 南 北,https://ke-image.ljcdn.com/110000-inspection/957da890-5ed3-4370-b70a-8ef5357318d0_1000.jpg!m_fill,w_280,h_210,f_jpg?from=ke.com
20240423,昌平,西关环岛,101119535698,御路园 满五唯一 南北通透 精装修距离地铁965米,289万,32823元/平,高楼层 (共6层) 3室1厅 | 88.05平米 | 南 北,https://ke-image.ljcdn.com/110000-inspection/0e983854-cdaf-411c-a584-4fcae962ac02_1000.jpg!m_fill,w_280,h_210,f_jpg?from=ke.com
20240423,昌平,西关环岛,101119371560,水屯家园 满五年唯一 采光充足,218万,26706元/平,高楼层 (共6层) | 2004年 | 2室1厅 | 81.63平米 | 南 北,https://ke-image.ljcdn.com/110000-inspection/pc1_ovgD91Dxj_1.jpg!m_fill,w_280,h_210,f_jpg?from=ke.com
20240423,昌平,西关环岛,101118914430,总监推荐 建明里小区 南北通透三居室距离地铁965米房主自荐,299万,24865元/平,顶层 (共6层) | 1999年 | 3室1厅 | 120.25平米 | 南 北,https://ke-image.ljcdn.com/110000-inspection/f2655b03-78c2-4730-837b-4e0b66d9d57f_1000.jpg!m_fill,w_280,h_210,f_jpg?from=ke.com
20240423,昌平,西关环岛,101118136388,郝庄家园西区 2室1厅 南 北,216万,25225元/平,高楼层 (共6层) | 2004年 | 2室1厅 | 85.63平米 | 南 北,https://ke-image.ljcdn.com/110000-inspection/855ce8d2-f296-4e56-997b-d442080b0c85_1000.jpg!m_fill,w_280,h_210,f_jpg?from=ke.com
20240423,昌平,西关环岛,101117816564,珺璟家园 正规三居室 户型好 采光充足 看房方便,368万,36264元/平,顶层 (共6层) 3室2厅 | 101.48平米 | 南 北,https://ke-image.ljcdn.com/110000-inspection/pc1_raSOuek8x.jpg!m_fill,w_280,h_210,f_jpg?from=ke.com
20240423,昌平,西关环岛,101117719950,店长推荐  秋实家园  南北两居  中间楼层,180万,28227元/平,中楼层 (共5层) | 1993年 | 2室1厅 | 63.77平米 | 南 北,https://ke-image.ljcdn.com/110000-inspection/pc1_NbSLv0ZSM_1.jpg!m_fill,w_280,h_210,f_jpg?from=ke.com
20240423,昌平,西关环岛,101117418452,蓝郡国际花园 近地铁 电梯观景房,182万,36248元/平,中楼层 (共15层) | 2009年 | 1室0厅 | 50.21平米 | 北,https://ke-image.ljcdn.com/110000-inspection/9074250c-a92f-40c2-95f8-b9b6291fb84b_1000.jpg!m_fill,w_280,h_210,f_jpg?from=ke.com
20240423,昌平,西关环岛,101116656758,建明里小区 满五唯一 低楼层距离地铁900米房主自荐,420万,24007元/平,底层 (共6层) | 2002年 | 4室2厅 | 174.95平米 | 南 北,https://ke-image.ljcdn.com/110000-inspection/99102017-3e29-492f-a945-c7baf6121e8f_1000.jpg!m_fill,w_280,h_210,f_jpg?from=ke.com
20240423,昌平,西关环岛,101116152480,蓝郡国际花园 1室1厅 东房主自荐,188万,30456元/平,中楼层 (共15层) | 2009年 | 1室1厅 | 61.73平米 | 东,https://ke-image.ljcdn.com/110000-inspection/39cfb9f4-62ac-4d51-871b-d2a88f5fc047_1000.jpg!m_fill,w_280,h_210,f_jpg?from=ke.com
20240423,昌平,西关环岛,101114153198,蓝郡国际花园 东向开间 视野好 采光好,190万,35715元/平,高楼层 (共15层) | 2009年 | 1室0厅 | 53.2平米 | 东,https://ke-image.ljcdn.com/110000-inspection/0ecdeb95-ed70-4bda-82c4-300eaeb62cad_1000.jpg!m_fill,w_280,h_210,f_jpg?from=ke.com
20240423,昌平,西关环岛,101113429536,蓝郡国际花园 2009年电梯房 距离地铁600米,260万,30975元/平,高楼层 (共15层) | 2009年 | 1室1厅 | 83.94平米 | 东 北,https://ke-image.ljcdn.com/110000-inspection/pc1_5fSZQLsdC.jpg!m_fill,w_280,h_210,f_jpg?from=ke.com
20240423,昌平,西关环岛,101113089953,店长推荐 精装修 电梯房 交通便利 配套齐全,199万,37407元/平,中楼层 (共15层) | 2009年 | 1室0厅 | 53.2平米 | 东,https://ke-image.ljcdn.com/110000-inspection/pc1_POB8476Wo_1.jpg!m_fill,w_280,h_210,f_jpg?from=ke.com
20240423,昌平,西关环岛,101124059730,西关北路 2室1厅 南 北,198万,30322元/平,高楼层 (共6层) | 1992年 | 2室1厅 | 65.3平米 | 南 北,https://s1.ljcdn.com/pegasus/redskull/images/common/default_house_list.png?_v=20240411140708
20240423,昌平,西关环岛,101124027279,西环里 3室1厅 南 北新上,210万,32229元/平,中楼层 (共6层) 3室1厅 | 65.16平米 | 南 北,https://s1.ljcdn.com/pegasus/redskull/images/common/default_house_list.png?_v=20240411140708
20240423,昌平,西关环岛,101123962864,蓝郡国际花园 3室2厅 南 北新上,650万,48646元/平,中楼层 (共8层) 3室2厅 | 133.62平米 | 南 北,https://s1.ljcdn.com/pegasus/redskull/images/common/default_house_list.png?_v=20240411140708
20240423,昌平,西关环岛,101123906539,琥珀郡 1室1厅 东,125万,18243元/平,中楼层 (共16层) 1室1厅 | 68.52平米 | 东,https://s1.ljcdn.com/pegasus/redskull/images/common/default_house_list.png?_v=20240411140708
20240423,昌平,西关环岛,101123299889,西环里精装修南北通透两居室小区停车方便,180万,33495元/平,中楼层 (共5层) | 1982年 | 2室1厅 | 53.74平米 | 南 北,https://s1.ljcdn.com/pegasus/redskull/images/common/default_house_list.png?_v=20240411140708
20240423,昌平,西关环岛,101122326002,琥珀郡   带电梯  诚意出售 价格能商量,71万,14863元/平,高楼层 (共18层) | 2012年 | 1室0厅 | 47.77平米 | 西,https://s1.ljcdn.com/pegasus/redskull/images/common/default_house_list.png?_v=20240411140708
20240423,昌平,西关环岛,101122111508,琥珀郡北向开间 带电梯 视野无遮挡,75万,15461元/平,低楼层 (共9层) 1室0厅 | 48.51平米 | 北,https://s1.ljcdn.com/pegasus/redskull/images/common/default_house_list.png?_v=20240411140708
20240423,昌平,西关环岛,101121798752,琥珀郡 2室1厅 东,172.5万,20000元/平,顶层 (共13层) 2室1厅 | 86.25平米 | 东,https://s1.ljcdn.com/pegasus/redskull/images/common/default_house_list.png?_v=20240411140708
20240423,昌平,西关环岛,101121186610,琥珀郡高楼层 视野开阔 无遮挡,79万,13699元/平,中楼层 (共18层) 1室0厅 | 57.67平米 | 北,https://s1.ljcdn.com/pegasus/redskull/images/common/default_house_list.png?_v=20240411140708
20240423,昌平,西关环岛,101119021947,满五年唯一 南北通透精装两居室 明厨明卫  随时看房房主自荐,223万,38257元/平,顶层 (共6层) 2室1厅 | 58.29平米 | 南 北,https://ke-image.ljcdn.com/110000-inspection/bc4f8187-2062-4f70-9274-9d5ee2f50e2f_1000.jpg!m_fill,w_280,h_210,f_jpg?from=ke.com
20240423,昌平,西关环岛,101118399465,琥珀郡 1室1厅 东,114万,14169元/平,顶层 (共18层) | 2012年 | 1室1厅 | 80.46平米 | 东,https://s1.ljcdn.com/pegasus/redskull/images/common/default_house_list.png?_v=20240411140708
20240423,昌平,西关环岛,101114220178,店长推荐  琥珀郡  电梯房 交通便利,160万,16162元/平,中楼层 (共9层) | 2012年 | 2室1厅 | 99平米 | 南 北,https://s1.ljcdn.com/pegasus/redskull/images/common/default_house_list.png?_v=20240411140708
20240423,昌平,西关环岛,101112217196,琥珀郡 1室1厅 西,80万,16747元/平,中楼层 (共18层) | 2012年 | 1室1厅 | 47.77平米 | 西,https://s1.ljcdn.com/pegasus/redskull/images/common/default_house_list.png?_v=20240411140708
20240423,昌平,西关环岛,101110122390,琥珀郡 电梯房 楼层高 采光视野好,85万,15672元/平,顶层 (共16层) | 2012年 | 1室0厅 | 54.24平米 | 西,https://s1.ljcdn.com/pegasus/redskull/images/common/default_house_list.png?_v=20240411140708
20240423,昌平,西关环岛,101102798541,西环里南北通透两居室高楼层采光好无遮挡,152万,25075元/平,顶层 (共5层) | 1983年 | 2室1厅 | 60.62平米 | 南 北,https://ke-image.ljcdn.com/110000-inspection/6a08bcba-ab3c-4dd5-a345-4df0ca715a4e.jpg!m_fill,w_280,h_210,f_jpg?from=ke.com
