20230523,朝阳,芍药居,101119152921,芍药居北里+2008年次新房+东西通透必看好房,920万,86175元/平,中楼层 (共11层) | 2008年建 | 3室1厅 | 106.76平米 | 东 西,https://ke-image.ljcdn.com/110000-inspection/pc1_DlHBlCHnx.jpg!m_fill,w_280,h_210,f_jpg?from=ke.com
20230523,朝阳,芍药居,101119063045,育慧街2号院 南北通透 看房方便必看好房,515万,89302元/平,中楼层 (共6层) | 1988年建 | 2室1厅 | 57.67平米 | 南 北,https://ke-image.ljcdn.com/110000-inspection/pc1_a1TMGfQ5V.jpg!m_fill,w_280,h_210,f_jpg?from=ke.com
20230523,朝阳,芍药居,101118969328,芍药居北里满五唯一 精装修 采光好必看好房,768万,87622元/平,低楼层 (共24层) 2室1厅 | 87.65平米 | 东,https://ke-image.ljcdn.com/110000-inspection/pc1_735uLoYaF.jpg!m_fill,w_280,h_210,f_jpg?from=ke.com
20230523,朝阳,芍药居,101118792732,【链家优选】精装明厅 户型方正 好楼层视野开阔价可谈必看好房,468万,73000元/平,高楼层 (共24层) 1室1厅 | 64.11平米 | 东北,https://ke-image.ljcdn.com/110000-inspection/pc1_ggPXaOYCZ.jpg!m_fill,w_280,h_210,f_jpg?from=ke.com
20230523,朝阳,芍药居,101118778896,芍药居2号院南北通透3层精装修满五唯一随时看房必看好房,535万,93385元/平,低楼层 (共6层) 2室1厅 | 57.29平米 | 南 北,https://ke-image.ljcdn.com/110000-inspection/pc1_m98QSX3F2.jpg!m_fill,w_280,h_210,f_jpg?from=ke.com
20230523,朝阳,芍药居,101119299758,芍药居20号院东南向三居高楼层无遮挡采光好新上,1190万,84958元/平,高楼层 (共24层) | 2000年建 | 3室1厅 | 140.07平米 | 东南,https://ke-image.ljcdn.com/110000-inspection/pc1_9dfu4MTW3.jpg!m_fill,w_280,h_210,f_jpg?from=ke.com
20230523,朝阳,芍药居,101119270013,芍药居北里【店长推荐】南北两居室双阳台 高楼层房主自荐,738万,77530元/平,高楼层 (共24层) 2室1厅 | 95.19平米 | 东南 北,https://ke-image.ljcdn.com/110000-inspection/pc1_JAGCmGn7d.jpg!m_fill,w_280,h_210,f_jpg?from=ke.com
20230523,朝阳,芍药居,101119162886,芍药居北里 正规一居满五年唯一商品房有电梯格局方正房主自荐,485万,87027元/平,低楼层 (共24层) | 1997年建 | 1室1厅 | 55.73平米 | 东北,https://ke-image.ljcdn.com/110000-inspection/44c9363b-dc40-4b32-ac9b-4deadd4ebef2_1000.jpg!m_fill,w_280,h_210,f_jpg?from=ke.com
20230523,朝阳,芍药居,101119089328,芍药居精装修南北通透两居室采光好通风好。房主自荐,530万,91490元/平,低楼层 (共6层) | 1991年建 | 2室1厅 | 57.93平米 | 南 北,https://ke-image.ljcdn.com/110000-inspection/0987f0d5-4adb-4dc0-91d1-ae2202796a1d_1000.jpg!m_fill,w_280,h_210,f_jpg?from=ke.com
20230523,朝阳,芍药居,101119067755,芍药居20号院~小区环境好~24小时热水~户型方正大三居,1040万,69081元/平,低楼层 (共20层) | 2001年建 | 3室2厅 | 150.55平米 | 西北,https://ke-image.ljcdn.com/110000-inspection/44c016bd-6ca4-449b-9666-94e1832ce053_1000.jpg!m_fill,w_280,h_210,f_jpg?from=ke.com
20230523,朝阳,芍药居,101119059153,芍药居 楼龄新 满五年唯一 近地铁,638万,94463元/平,低楼层 (共7层) | 1997年建 | 2室1厅 | 67.54平米 | 南 北,https://ke-image.ljcdn.com/110000-inspection/94ee4b02-3c01-4be9-b9db-d666fd3cb591_1000.jpg!m_fill,w_280,h_210,f_jpg?from=ke.com
20230523,朝阳,芍药居,101118801011,芍药居北里 带电梯 南北通透 精装修三居室 满五年唯一房主自荐,899万,93559元/平,中楼层 (共14层) 3室1厅 | 96.09平米 | 南 北,https://ke-image.ljcdn.com/110000-inspection/pc1_sdciBm2TB.jpg!m_fill,w_280,h_210,f_jpg?from=ke.com
20230523,朝阳,芍药居,101118740740,芍药居北里满五唯一中间楼层双卧朝南居住舒服,775万,94976元/平,中楼层 (共14层) | 1997年建 | 3室1厅 | 81.6平米 | 西南,https://ke-image.ljcdn.com/110000-inspection/pc1_Pd5DfqRmx.jpg!m_fill,w_280,h_210,f_jpg?from=ke.com
20230523,朝阳,芍药居,101118709510,北四环芍药居北里精装两居室2022年装修的拎包即可入住必看好房,670万,78053元/平,中楼层 (共24层) | 1996年建 | 2室1厅 | 85.84平米 | 东南,https://ke-image.ljcdn.com/110000-inspection/pc1_yFS1h1Ubv.jpg!m_fill,w_280,h_210,f_jpg?from=ke.com
20230523,朝阳,芍药居,101118705321,【好房来了】芍药居北里  南北2居室  满五唯一商品房,638万,80638元/平,低楼层 (共24层) | 1998年建 | 2室1厅 | 79.12平米 | 南 北,https://ke-image.ljcdn.com/110000-inspection/pc1_0uzMEwTtF.jpg!m_fill,w_280,h_210,f_jpg?from=ke.com
20230523,朝阳,芍药居,101118687836,芍药居甲2号院满五唯一全南向两居必看好房,656万,94321元/平,中楼层 (共18层) | 1996年建 | 2室1厅 | 69.55平米 | 南,https://ke-image.ljcdn.com/110000-inspection/8bba81c1-0893-4240-92fa-d39cae975154_1000.jpg!m_fill,w_280,h_210,f_jpg?from=ke.com
20230523,朝阳,芍药居,101118620035,芍药居中高层电梯房视野好采光好精装修,1280万,84467元/平,中楼层 (共14层) 3室1厅 | 151.54平米 | 东 南,https://ke-image.ljcdn.com/110000-inspection/pc1_OiOkr7Z0Z.jpg!m_fill,w_280,h_210,f_jpg?from=ke.com
20230523,朝阳,芍药居,101118594211,【大区优推】满五单位分房 楼龄新精装修 安静不临街房主自荐,418万,100288元/平,高楼层 (共6层) | 1992年建 | 1室1厅 | 41.68平米 | 东,https://ke-image.ljcdn.com/110000-inspection/pc1_BHpq5EIH6.jpg!m_fill,w_280,h_210,f_jpg?from=ke.com
20230523,朝阳,芍药居,101118584000,【店长推荐】芍药居北里西南三居室层高3.1米诚心售必看好房,1058万,90863元/平,中楼层 (共24层) 3室1厅 | 116.44平米 | 西南,https://ke-image.ljcdn.com/110000-inspection/pc1_MLKGBgp2z.jpg!m_fill,w_280,h_210,f_jpg?from=ke.com
20230523,朝阳,芍药居,101118531821,芍药居北里绿雅阁2000年商品房 满五唯一南向一居室必看好房,455万,75720元/平,低楼层 (共25层) 1室1厅 | 60.09平米 | 西南,https://ke-image.ljcdn.com/110000-inspection/pc1_uYBBtTkhT.jpg!m_fill,w_280,h_210,f_jpg?from=ke.com
20230523,朝阳,芍药居,101118493454,大区聚焦房视野好 采光好 满五唯一,888万,81334元/平,高楼层 (共24层) | 2000年建 | 2室1厅 | 109.18平米 | 南,https://ke-image.ljcdn.com/110000-inspection/813ebfcd-fe85-4d3d-a4ee-a10e09d7ca5d_1000.jpg!m_fill,w_280,h_210,f_jpg?from=ke.com
20230523,朝阳,芍药居,101118452426,芍药居北里 2004年楼龄 三部电梯 西南一居必看好房,551万,92311元/平,低楼层 (共24层) | 2004年建 | 1室1厅 | 59.69平米 | 西 南,https://ke-image.ljcdn.com/110000-inspection/pc1_WaHteG9F7.jpg!m_fill,w_280,h_210,f_jpg?from=ke.com
20230523,朝阳,芍药居,101118448226,芍药居2号院经典80住2格局板楼2层满五唯一,529万,91318元/平,底层 (共6层) 2室1厅 | 57.93平米 | 南 北,https://ke-image.ljcdn.com/110000-inspection/pc1_O5cqSxvWu.jpg!m_fill,w_280,h_210,f_jpg?from=ke.com
20230523,朝阳,芍药居,101118415991,芍药居北里 楼龄新 3层 南北通透 明厅边户 全天采光必看好房,688万,99279元/平,中楼层 (共6层) | 1997年建 | 2室1厅 | 69.3平米 | 南 北,https://ke-image.ljcdn.com/110000-inspection/pc1_N0l3FFeJd.jpg!m_fill,w_280,h_210,f_jpg?from=ke.com
20230523,朝阳,芍药居,101118383124,高原街7号院 3室1厅 南 北,695万,92667元/平,低楼层 (共6层) | 1987年建 | 3室1厅 | 75平米 | 南 北,https://ke-image.ljcdn.com/110000-inspection/pc1_o2uNR9rtm.jpg!m_fill,w_280,h_210,f_jpg?from=ke.com
20230523,朝阳,芍药居,101118363595,店长推荐  芍药居北里 精装修 满五唯一 户型好必看好房,630万,77520元/平,低楼层 (共24层) 2室1厅 | 81.27平米 | 南,https://ke-image.ljcdn.com/110000-inspection/pc1_w9PoWgDsU.jpg!m_fill,w_280,h_210,f_jpg?from=ke.com
20230523,朝阳,芍药居,101118206165,芍药居北里2008年楼满五唯一不临街2梯6户必看好房,955万,81153元/平,中楼层 (共20层) | 2008年建 | 3室1厅 | 117.68平米 | 南 北,https://ke-image.ljcdn.com/110000-inspection/pc1_JzpfLHrJL.jpg!m_fill,w_280,h_210,f_jpg?from=ke.com
20230523,朝阳,芍药居,101118183559,芍药居南北通透精装修两居室客厅可放沙发电视。,555万,93059元/平,高楼层 (共6层) | 1990年建 | 2室1厅 | 59.64平米 | 南 北,https://ke-image.ljcdn.com/110000-inspection/pc1_TQbcQArx7.jpg!m_fill,w_280,h_210,f_jpg?from=ke.com
20230523,朝阳,芍药居,101118139527,芍药居板楼两居东西向 98年电梯楼高楼层 楼道干净整洁必看好房,550万,82385元/平,顶层 (共14层) | 1998年建 | 2室1厅 | 66.76平米 | 东南,https://ke-image.ljcdn.com/110000-inspection/pc1_tduXKhM2y.jpg!m_fill,w_280,h_210,f_jpg?from=ke.com
20230523,朝阳,芍药居,101118054101,芍药居2号院安静不临街满五年唯一必看好房,520万,91037元/平,中楼层 (共6层) | 1991年建 | 2室1厅 | 57.12平米 | 南 北,https://ke-image.ljcdn.com/110000-inspection/pc1_hxbNqcexG.jpg!m_fill,w_280,h_210,f_jpg?from=ke.com
20230523,朝阳,芍药居,101118048958,芍药居2号院 板楼五层 客厅宽敞 地铁便利 元大都公园必看好房,555万,91600元/平,顶层 (共5层) | 1991年建 | 2室1厅 | 60.59平米 | 南 北,https://ke-image.ljcdn.com/110000-inspection/dbc51ffc-e93b-4aaf-82ca-86710ffd14c4_1000.jpg!m_fill,w_280,h_210,f_jpg?from=ke.com
20230523,朝阳,芍药居,101117914000,芍药居北里新上板楼两居室 98年电梯楼 楼道干净整洁,595万,89126元/平,中楼层 (共14层) 2室1厅 | 66.76平米 | 东 西南,https://ke-image.ljcdn.com/110000-inspection/pc1_okTkpVc1m.jpg!m_fill,w_280,h_210,f_jpg?from=ke.com
20230523,朝阳,芍药居,101117871272,芍药居南北通透三居室中煤单位楼。,1188万,100593元/平,中楼层 (共14层) 3室1厅 | 118.1平米 | 南 北,https://ke-image.ljcdn.com/110000-inspection/pc1_hVcLasPW3.jpg!m_fill,w_280,h_210,f_jpg?from=ke.com
20230523,朝阳,芍药居,101117841117,芍药居北里南北通透全新装修无遮挡不临街楼下花园必看好房,750万,84679元/平,中楼层 (共16层) 2室1厅 | 88.57平米 | 南 北,https://ke-image.ljcdn.com/110000-inspection/pc1_pj2CDGSi1.jpg!m_fill,w_280,h_210,f_jpg?from=ke.com
20230523,朝阳,芍药居,101117800742,【店长推荐】芍药居北里精装修南北通透视野开阔 优推必看好房,648万,75027元/平,高楼层 (共24层) 2室1厅 | 86.37平米 | 南 北,https://ke-image.ljcdn.com/110000-inspection/pc1_BJPWB9zED.jpg!m_fill,w_280,h_210,f_jpg?from=ke.com
20230523,朝阳,芍药居,101117621463,芍药居 高原街 示范街道 安静小区 管理好必看好房,473万,82290元/平,顶层 (共6层) | 1989年建 | 2室1厅 | 57.48平米 | 南 北,https://ke-image.ljcdn.com/110000-inspection/pc1_B40SytjWy.jpg!m_fill,w_280,h_210,f_jpg?from=ke.com
20230523,朝阳,芍药居,101117564665,芍药居【好房来了】优推三居室好房三居室满五唯一,679万,90800元/平,顶层 (共5层) 3室1厅 | 74.78平米 | 南 北,https://ke-image.ljcdn.com/110000-inspection/3acd8cdf-f19c-4cee-bff2-e44db8add3e6_1000.jpg!m_fill,w_280,h_210,f_jpg?from=ke.com
20230523,朝阳,芍药居,101117398157,芍药居北里08年建成楼层高视野采光好精装修两居室房主自荐,718万,81554元/平,低楼层 (共22层) 2室1厅 | 88.04平米 | 西,https://ke-image.ljcdn.com/110000-inspection/pc1_pua9Vmb3A.jpg!m_fill,w_280,h_210,f_jpg?from=ke.com
20230523,朝阳,芍药居,101117264550,【店长推荐】芍药居北里东向大两居楼道瓷砖 诚心售房主自荐,760万,84974元/平,中楼层 (共24层) | 1999年建 | 2室1厅 | 89.44平米 | 东 南,https://ke-image.ljcdn.com/110000-inspection/pc1_DnJSjurzZ.jpg!m_fill,w_280,h_210,f_jpg?from=ke.com
20230523,朝阳,芍药居,101117041223,【好房来了】芍药居东南一居室业主诚售优质推荐,465万,75146元/平,中楼层 (共18层) | 1991年建 | 1室1厅 | 61.88平米 | 东南,https://ke-image.ljcdn.com/110000-inspection/pc1_8mt8mJHTu.jpg!m_fill,w_280,h_210,f_jpg?from=ke.com
20230523,朝阳,芍药居,101115214134,05年新楼南北通透看房提前联系.,780万,77589元/平,中楼层 (共24层) | 2005年建 | 2室1厅 | 100.53平米 | 南 北,https://ke-image.ljcdn.com/110000-inspection/pc1_PqJsbabmX.jpg!m_fill,w_280,h_210,f_jpg?from=ke.com
20230523,朝阳,芍药居,101114756749,惠新东街南北朝向两居室 诚意出售房主自荐,398万,75666元/平,底层 (共7层) | 1990年建 | 2室1厅 | 52.6平米 | 南 北,https://ke-image.ljcdn.com/110000-inspection/pc1_W8tszsoWR.jpg!m_fill,w_280,h_210,f_jpg?from=ke.com
20230523,朝阳,芍药居,101119294107,芍药居 安静小区 满五年唯一非顶层新上,500万,86701元/平,高楼层 (共6层) 2室1厅 | 57.67平米 | 南 北,https://ke-image.ljcdn.com/110000-inspection/pc1_TURPkjWi9.jpg!m_fill,w_280,h_210,f_jpg?from=ke.com
20230523,朝阳,芍药居,101119270471,芍药居北里 2室1厅 南 北 东必看好房,710万,83836元/平,高楼层 (共24层) | 1995年建 | 2室1厅 | 84.69平米 | 南 北 东,https://ke-image.ljcdn.com/110000-inspection/48bf6351-ebc8-446d-b12a-e6c71e1cba88_1000.jpg!m_fill,w_280,h_210,f_jpg?from=ke.com
20230523,朝阳,芍药居,101119017400,芍药居北里 2008年建成 南北通透 满五年唯一,983万,79991元/平,中楼层 (共11层) | 2008年建 | 3室1厅 | 122.89平米 | 南 北,https://ke-image.ljcdn.com/110000-inspection/pc1_uOhWnQN0q.jpg!m_fill,w_280,h_210,f_jpg?from=ke.com
20230523,朝阳,芍药居,101118627284,芍药居北里+精装1居+热卖户型+满五年唯一+业主诚心卖必看好房,436万,72234元/平,中楼层 (共24层) | 1997年建 | 1室1厅 | 60.36平米 | 北,https://ke-image.ljcdn.com/110000-inspection/pc1_a8nRhf6Lx.jpg!m_fill,w_280,h_210,f_jpg?from=ke.com
20230523,朝阳,芍药居,101118557931,芍药居北里 南北通透 有电梯  满五年 安静不临街必看好房,678万,101044元/平,低楼层 (共12层) | 1997年建 | 2室1厅 | 67.1平米 | 南 北,https://ke-image.ljcdn.com/110000-inspection/f6af22de-a5dd-49a8-b816-68c63a724b21_1000.jpg!m_fill,w_280,h_210,f_jpg?from=ke.com
20230523,朝阳,芍药居,101117961970,2008年住宅南北通透楼下有小区花园满五唯一必看好房,1020万,82312元/平,低楼层 (共19层) | 2008年建 | 3室1厅 | 123.92平米 | 南 北 东 西,https://ke-image.ljcdn.com/110000-inspection/pc1_irLXoi4VN.jpg!m_fill,w_280,h_210,f_jpg?from=ke.com
20230523,朝阳,芍药居,101118917172,芍药居北里 东西通透 采光视野好房主自荐,760万,57651元/平,高楼层 (共7层) | 1995年建 | 4室2厅 | 131.83平米 | 东 西,https://ke-image.ljcdn.com/110000-inspection/f066b103-1019-4016-8624-298bf1a9fcff.png!m_fill,w_280,h_210,f_jpg?from=ke.com
20230523,朝阳,芍药居,101119360920,芍药居北里 2室1厅 东 南新上,640万,81343元/平,高楼层 (共24层) 2室1厅 | 78.68平米 | 东 南,https://ke-image.ljcdn.com/110000-inspection/pc1_pzRyvJZbw.jpg!m_fill,w_280,h_210,f_jpg?from=ke.com
20230523,朝阳,芍药居,101119311953,芍药居北里 1室1厅 东北新上,480万,87273元/平,低楼层 (共24层) | 1997年建 | 1室1厅 | 55平米 | 东北,https://ke-image.ljcdn.com/110000-inspection/pc1_C0qnsHBuS.jpg!m_fill,w_280,h_210,f_jpg?from=ke.com
20230523,朝阳,芍药居,101119310335,芍药居北里一居室 无遮挡  产权清晰新上,340万,77379元/平,地下室 (共7层) 1室1厅 | 43.94平米 | 东,https://ke-image.ljcdn.com/110000-inspection/pc1_3WtRVFL5I.jpg!m_fill,w_280,h_210,f_jpg?from=ke.com
20230523,朝阳,芍药居,101119297449,南北通透随时签约诚心出售。新上,605万,100000元/平,中楼层 (共7层) 2室1厅 | 60.5平米 | 南 北,https://ke-image.ljcdn.com/110000-inspection/pc1_85E1cj82g_1.jpg!m_fill,w_280,h_210,f_jpg?from=ke.com
20230523,朝阳,芍药居,101119277948,总监推荐满五唯一明厨明卫正规三局带电梯,790万,80147元/平,低楼层 (共18层) 3室2厅 | 98.57平米 | 西 南 北,https://ke-image.ljcdn.com/110000-inspection/pc1_qS1RId7Xr.jpg!m_fill,w_280,h_210,f_jpg?from=ke.com
20230523,朝阳,芍药居,101119275163,芍药居2号院 正规两居室有客厅 近地铁芍药居站,850万,109382元/平,底层 (共7层) | 1999年建 | 2室1厅 | 77.71平米 | 南 北,https://ke-image.ljcdn.com/110000-inspection/pc1_k0zz9ciur_1.jpg!m_fill,w_280,h_210,f_jpg?from=ke.com
20230523,朝阳,芍药居,101119265387,芍药居4号院  小区中间位置  安静房主自荐,680万,86647元/平,底层 (共18层) 2室1厅 | 78.48平米 | 东南,https://ke-image.ljcdn.com/110000-inspection/pc1_8V0zD4c2V.jpg!m_fill,w_280,h_210,f_jpg?from=ke.com
20230523,朝阳,芍药居,101119241996,南北通透格局采光好前后无遮挡小区中间位置,618万,108005元/平,底层 (共7层) 2室1厅 | 57.22平米 | 南 北,https://ke-image.ljcdn.com/110000-inspection/pc1_m9Dix2nR3.jpg!m_fill,w_280,h_210,f_jpg?from=ke.com
20230523,朝阳,芍药居,101119217892,芍药居北里全南两居室满五唯一采光好无遮挡房主自荐,745万,100540元/平,高楼层 (共24层) | 1997年建 | 2室1厅 | 74.1平米 | 南,https://ke-image.ljcdn.com/110000-inspection/ba979fcd-6235-41cf-a05f-db5cc9f30d24_1000.jpg!m_fill,w_280,h_210,f_jpg?from=ke.com
20230523,朝阳,芍药居,101119208142,芍药居北里 南北通透 有电梯  精装修 安静不临街,680万,101191元/平,低楼层 (共12层) | 1997年建 | 2室1厅 | 67.2平米 | 南 北,https://ke-image.ljcdn.com/110000-inspection/pc1_tSJOXnvXb.jpg!m_fill,w_280,h_210,f_jpg?from=ke.com
20230523,朝阳,芍药居,101119207909,芍药居北里 西南三居 有电梯  满五年 安静不临街房主自荐,785万,89276元/平,低楼层 (共24层) | 1998年建 | 3室1厅 | 87.93平米 | 西南,https://ke-image.ljcdn.com/110000-inspection/pc1_A21bWCjWi.jpg!m_fill,w_280,h_210,f_jpg?from=ke.com
20230523,朝阳,芍药居,101119190379,芍药居5号院南北通透精装一居室。,455万,107009元/平,高楼层 (共6层) | 1986年建 | 1室1厅 | 42.52平米 | 南 北,https://ke-image.ljcdn.com/110000-inspection/a459252f-df95-41a9-af2e-d22749b559f6_1000.jpg!m_fill,w_280,h_210,f_jpg?from=ke.com
20230523,朝阳,芍药居,101119186189,芍药居北里 靠谱出售 南北通透 户型好 大阳台,400万,67284元/平,地下室 (共7层) | 1994年建 | 2室1厅 | 59.45平米 | 南 北,https://ke-image.ljcdn.com/110000-inspection/pc1_QUNoWt8Os.jpg!m_fill,w_280,h_210,f_jpg?from=ke.com
20230523,朝阳,芍药居,101119180638,芍药居北 总价合适70年产权无抵押产权清晰诚心出售,375万,62365元/平,地下室 (共7层) | 1994年建 | 2室1厅 | 60.13平米 | 东南 北,https://ke-image.ljcdn.com/110000-inspection/pc1_ib8VKWBRQ.jpg!m_fill,w_280,h_210,f_jpg?from=ke.com
20230523,朝阳,芍药居,101119179911,芍药居北里2008年精装商品房好格局两居景观视野好,950万,89094元/平,中楼层 (共26层) | 2008年建 | 2室1厅 | 106.63平米 | 西南,https://ke-image.ljcdn.com/110000-inspection/pc1_MH8En1z1p.jpg!m_fill,w_280,h_210,f_jpg?from=ke.com
20230523,朝阳,芍药居,101119166462,全南向两居室没有任何遮挡视野好采光好,740万,99866元/平,高楼层 (共24层) | 1997年建 | 2室1厅 | 74.1平米 | 南,https://ke-image.ljcdn.com/110000-inspection/pc1_Nb9nA6M4T.jpg!m_fill,w_280,h_210,f_jpg?from=ke.com
20230523,朝阳,芍药居,101119151170,惠新东街14号院 精装2居 南北通透视野采光好 位置安静,469万,78363元/平,顶层 (共6层) | 1987年建 | 2室1厅 | 59.85平米 | 南 北,https://ke-image.ljcdn.com/110000-inspection/pc1_0MemEcO2y.jpg!m_fill,w_280,h_210,f_jpg?from=ke.com
20230523,朝阳,芍药居,101119149738,南北全明格局2居小区中间位置安静,628万,104319元/平,底层 (共7层) 2室1厅 | 60.2平米 | 南 北,https://ke-image.ljcdn.com/110000-inspection/pc1_sGhTkK2Am.jpg!m_fill,w_280,h_210,f_jpg?from=ke.com
20230523,朝阳,芍药居,101119145469,芍药居北里正规一居室 房子采光视野好,488万,84298元/平,中楼层 (共24层) | 1997年建 | 1室1厅 | 57.89平米 | 西北,https://ke-image.ljcdn.com/110000-inspection/cdb50b5c-a588-453b-a6f5-72f9da3c3574_1000.jpg!m_fill,w_280,h_210,f_jpg?from=ke.com
20230523,朝阳,芍药居,101119135089,芍药居北里 西向有电梯两居室 精装修,730万,90002元/平,低楼层 (共14层) 2室1厅 | 81.11平米 | 西南,https://ke-image.ljcdn.com/110000-inspection/pc1_1iYkCMnzt.jpg!m_fill,w_280,h_210,f_jpg?from=ke.com
20230523,朝阳,芍药居,101119129613,芍药居北里 1室1厅 东南,547万,87144元/平,低楼层 (共24层) 1室1厅 | 62.77平米 | 东南,https://ke-image.ljcdn.com/110000-inspection/663ed58b-ee84-48ba-a64c-c45d02112fc6_1000.jpg!m_fill,w_280,h_210,f_jpg?from=ke.com
20230523,朝阳,芍药居,101119122857,芍药居北里2008年全南两居满五唯一落地窗采光视野俱佳,880万,91600元/平,高楼层 (共27层) 2室1厅 | 96.07平米 | 南,https://ke-image.ljcdn.com/110000-inspection/pc1_AFxfihBhr_1.jpg!m_fill,w_280,h_210,f_jpg?from=ke.com
20230523,朝阳,芍药居,101119109626,芍药居北里南北通透 满五年楼层 采光好,698万,87076元/平,中楼层 (共14层) 2室1厅 | 80.16平米 | 南 北,https://ke-image.ljcdn.com/110000-inspection/3ab7533c-a35f-49db-88d3-8cf8f92e41a2_1000.jpg!m_fill,w_280,h_210,f_jpg?from=ke.com
20230523,朝阳,芍药居,101119094129,精装两居室 南北通透 小区干净安静好人文素质高,535万,92609元/平,中楼层 (共6层) | 1989年建 | 2室1厅 | 57.77平米 | 南 北,https://ke-image.ljcdn.com/110000-inspection/bf416cd7-9aed-44e8-b98d-2cc6ee707c0f_1000.jpg!m_fill,w_280,h_210,f_jpg?from=ke.com
20230523,朝阳,芍药居,101119075015,芍药居北里塔楼南北通通 精装两居室 满五年,720万,90624元/平,高楼层 (共24层) 2室2厅 | 79.45平米 | 南 北,https://ke-image.ljcdn.com/110000-inspection/b726986d-fdf1-4231-9265-3c8c86fb9c0c_1000.jpg!m_fill,w_280,h_210,f_jpg?from=ke.com
20230523,朝阳,芍药居,101119072205,芍药居北里 南北通透 一居室 诚心出售,455万,100887元/平,高楼层 (共7层) | 1994年建 | 1室1厅 | 45.1平米 | 南 北,https://ke-image.ljcdn.com/110000-inspection/a00e73a0-5314-4791-8454-397007034aa2_1000.jpg!m_fill,w_280,h_210,f_jpg?from=ke.com
20230523,朝阳,芍药居,101119068565,精装修楼层低双卧朝南采光好,550万,90164元/平,底层 (共6层) | 1987年建 | 2室1厅 | 61平米 | 南 北,https://ke-image.ljcdn.com/110000-inspection/pc1_zqD0JTbTF.jpg!m_fill,w_280,h_210,f_jpg?from=ke.com
20230523,朝阳,芍药居,101119050922,芍药居北里 1室1厅 南,660万,88555元/平,中楼层 (共16层) 1室1厅 | 74.53平米 | 南,https://ke-image.ljcdn.com/110000-inspection/pc1_w8m88M9YH.jpg!m_fill,w_280,h_210,f_jpg?from=ke.com
20230523,朝阳,芍药居,101119024738,[聚焦好房] 南北通透 满五唯一商品 精装修 安静不临街房主自荐,430万,108889元/平,高楼层 (共6层) 1室1厅 | 39.49平米 | 南 北,https://ke-image.ljcdn.com/110000-inspection/pc1_x8w2rQfKd.jpg!m_fill,w_280,h_210,f_jpg?from=ke.com
20230523,朝阳,芍药居,101119010599,芍药居北里08年大两居室满五唯一商品房,780万,82768元/平,高楼层 (共24层) | 2008年建 | 2室1厅 | 94.24平米 | 西,https://ke-image.ljcdn.com/110000-inspection/8e8d8076-3bb5-4dac-94ca-61c8f00871f9_1000.jpg!m_fill,w_280,h_210,f_jpg?from=ke.com
20230523,朝阳,芍药居,101119006082,樱花中路 3室1厅 东 北,550万,84447元/平,低楼层 (共16层) 3室1厅 | 65.13平米 | 东 北,https://ke-image.ljcdn.com/110000-inspection/78746883-3fe5-47bd-a29a-7c87318d2a9f_1000.jpg!m_fill,w_280,h_210,f_jpg?from=ke.com
20230523,朝阳,芍药居,101119001952,芍药居北里 满五唯一 2008年楼龄 采光良好 视野开阔,900万,94548元/平,高楼层 (共24层) 2室1厅 | 95.19平米 | 东,https://ke-image.ljcdn.com/110000-inspection/bc61721e-a632-4d46-9784-21fdb18cc914_1000.jpg!m_fill,w_280,h_210,f_jpg?from=ke.com
20230523,朝阳,芍药居,101118991669,芍药居 双南向 低楼层 采光好,520万,88331元/平,底层 (共18层) 2室1厅 | 58.87平米 | 南,https://ke-image.ljcdn.com/110000-inspection/pc1_cW1eyI6Ab.jpg!m_fill,w_280,h_210,f_jpg?from=ke.com
20230523,朝阳,芍药居,101118975630,芍药居北里 2室1厅 南 北,460万,71429元/平,低楼层 (共24层) | 1996年建 | 2室1厅 | 64.4平米 | 南 北,https://ke-image.ljcdn.com/110000-inspection/pc1_W7Pad6pTU.jpg!m_fill,w_280,h_210,f_jpg?from=ke.com
20230523,朝阳,芍药居,101118953286,芍药居甲2号院 朝南1居 明厨明卫 位置安静 交通方便房主自荐,460万,102817元/平,底层 (共6层) | 1993年建 | 1室1厅 | 44.74平米 | 南,https://ke-image.ljcdn.com/110000-inspection/pc1_EZ4VVB84v.jpg!m_fill,w_280,h_210,f_jpg?from=ke.com
20230523,朝阳,芍药居,101118951976,芍药居14号院 2室1厅 南 北,549万,92053元/平,底层 (共6层) | 1990年建 | 2室1厅 | 59.64平米 | 南 北,https://ke-image.ljcdn.com/110000-inspection/pc1_ukG8emtDI.jpg!m_fill,w_280,h_210,f_jpg?from=ke.com
20230523,朝阳,芍药居,101118941157,芍药居北里西南三居室满五唯一高楼层采光视野俱佳,795万,97427元/平,高楼层 (共14层) | 1997年建 | 3室1厅 | 81.6平米 | 南 西,https://ke-image.ljcdn.com/110000-inspection/pc1_5ToAkSAUj.jpg!m_fill,w_280,h_210,f_jpg?from=ke.com
20230523,朝阳,芍药居,101118924918,惠新东街 南北两居客厅带大窗户精装修 近地铁,560万,93365元/平,中楼层 (共6层) | 1991年建 | 2室1厅 | 59.98平米 | 南 北,https://ke-image.ljcdn.com/110000-inspection/pc1_bwwYB6MQK.jpg!m_fill,w_280,h_210,f_jpg?from=ke.com
20230523,朝阳,芍药居,101118896315,芍药居北里 东南向大2居 精装修 看房随时 随时签约,810万,84043元/平,顶层 (共8层) | 2008年建 | 2室1厅 | 96.38平米 | 东南,https://ke-image.ljcdn.com/110000-inspection/pc1_9PXuvV4mI.jpg!m_fill,w_280,h_210,f_jpg?from=ke.com
20230523,朝阳,芍药居,101118895523,芍药居甲2号院 田字格3居 南北通透 两卧朝南 明厨明卫房主自荐,700万,91241元/平,中楼层 (共6层) 3室1厅 | 76.72平米 | 南 北,https://ke-image.ljcdn.com/110000-inspection/pc1_WVksWzIJm.jpg!m_fill,w_280,h_210,f_jpg?from=ke.com
20230523,朝阳,芍药居,101118872644,店长推荐芍药居精装修一居室近地铁10/13号线拎包入住,448万,100494元/平,中楼层 (共6层) | 1991年建 | 1室1厅 | 44.58平米 | 西,https://ke-image.ljcdn.com/110000-inspection/pc1_giekTBreA.jpg!m_fill,w_280,h_210,f_jpg?from=ke.com
20230523,朝阳,芍药居,101118870519,芍药居北里 楼道管理好 商品房,780万,77822元/平,底层 (共25层) | 2000年建 | 2室1厅 | 100.23平米 | 北,https://ke-image.ljcdn.com/110000-inspection/pc1_WiTFfV2pP.jpg!m_fill,w_280,h_210,f_jpg?from=ke.com
20230523,朝阳,芍药居,101118864951,此房满五年唯一采光好单位福利分房楼层好,568万,87750元/平,中楼层 (共14层) 2室1厅 | 64.73平米 | 东北,https://ke-image.ljcdn.com/110000-inspection/pc1_oeduHPrYM.jpg!m_fill,w_280,h_210,f_jpg?from=ke.com
20230523,朝阳,芍药居,101118851386,芍药居北里 新上房源 南北通透 边户 楼下花园,565万,93389元/平,中楼层 (共7层) | 1994年建 | 2室1厅 | 60.5平米 | 西南 北,https://ke-image.ljcdn.com/110000-inspection/pc1_ZaTgjfIRb.jpg!m_fill,w_280,h_210,f_jpg?from=ke.com
20230523,朝阳,芍药居,101118850720,有电梯大客厅满5年家庭唯一住房产权清晰房主自荐,598万,83520元/平,中楼层 (共14层) 2室1厅 | 71.6平米 | 东 西 北,https://ke-image.ljcdn.com/110000-inspection/pc1_uL0e14sHE.jpg!m_fill,w_280,h_210,f_jpg?from=ke.com
20230523,朝阳,芍药居,101118818263,板楼带电梯东西向无遮挡 两居带客厅满五年好房,610万,91373元/平,低楼层 (共14层) | 1998年建 | 2室1厅 | 66.76平米 | 东 西,https://ke-image.ljcdn.com/110000-inspection/pc1_ALiJT67E3.jpg!m_fill,w_280,h_210,f_jpg?from=ke.com
20230523,朝阳,芍药居,101118775394,高原街4号院  经典南向一居室 诚心出售,415万,102520元/平,底层 (共6层) | 1991年建 | 1室1厅 | 40.48平米 | 南,https://ke-image.ljcdn.com/110000-inspection/pc1_GMgMIkNdr.jpg!m_fill,w_280,h_210,f_jpg?from=ke.com
20230523,朝阳,芍药居,101118773450,精装修两居室中间层满五年采光好,568万,98697元/平,中楼层 (共6层) | 1991年建 | 2室1厅 | 57.55平米 | 南 北,https://ke-image.ljcdn.com/110000-inspection/59a40c9c-9150-417a-a99b-1eee73014661_1000.jpg!m_fill,w_280,h_210,f_jpg?from=ke.com
20230523,朝阳,芍药居,101118771874,此房满2年高楼层视野无遮挡安静不临街。,485万,87974元/平,顶层 (共24层) | 1997年建 | 1室1厅 | 55.13平米 | 西北,https://ke-image.ljcdn.com/110000-inspection/pc1_tpOyqRlWU.jpg!m_fill,w_280,h_210,f_jpg?from=ke.com
20230523,朝阳,芍药居,101118771340,此房子满五年唯一商品房 精装修 南北通透带东窗,510万,84284元/平,低楼层 (共7层) | 1989年建 | 2室1厅 | 60.51平米 | 南 北,https://ke-image.ljcdn.com/110000-inspection/pc1_WpF1KFRyU.jpg!m_fill,w_280,h_210,f_jpg?from=ke.com
20230523,朝阳,芍药居,101118770319,芍药居 高原街小区 管理好 视野采光无遮挡,495万,85685元/平,顶层 (共6层) | 1989年建 | 2室1厅 | 57.77平米 | 南 北,https://ke-image.ljcdn.com/110000-inspection/pc1_kU0hvZOoZ.jpg!m_fill,w_280,h_210,f_jpg?from=ke.com
20230523,朝阳,芍药居,101118764506,四环里芍药居北里南向两居室精装修。房主自荐,620万,81089元/平,低楼层 (共24层) 2室1厅 | 76.46平米 | 西南,https://ke-image.ljcdn.com/110000-inspection/pc1_0qA0rKah9.jpg!m_fill,w_280,h_210,f_jpg?from=ke.com
20230523,朝阳,芍药居,101118764170,大三居两卫东南向朝向好采光好视野开阔,1150万,88619元/平,顶层 (共24层) 3室1厅 | 129.77平米 | 东南,https://ke-image.ljcdn.com/110000-inspection/pc1_8xQBpw7MY.jpg!m_fill,w_280,h_210,f_jpg?from=ke.com
20230523,朝阳,芍药居,101118740699,芍药居北里 2室1厅 南 北,770万,76595元/平,中楼层 (共24层) 2室1厅 | 100.53平米 | 南 北,https://ke-image.ljcdn.com/110000-inspection/pc1_tpPPwSEdE.jpg!m_fill,w_280,h_210,f_jpg?from=ke.com
20230523,朝阳,芍药居,101118730648,芍药居甲2号院满五唯一4层全南向两居安静不临街,589万,96164元/平,中楼层 (共6层) | 1993年建 | 2室1厅 | 61.25平米 | 南,https://ke-image.ljcdn.com/110000-inspection/pc1_JETyQc8l0.jpg!m_fill,w_280,h_210,f_jpg?from=ke.com
20230523,朝阳,芍药居,101118724770,芍药居9号院精装修小三居+带电梯近地铁房主自荐,725万,85809元/平,中楼层 (共14层) 3室1厅 | 84.49平米 | 东,https://ke-image.ljcdn.com/110000-inspection/pc1_ymvy4RXzt.jpg!m_fill,w_280,h_210,f_jpg?from=ke.com
20230523,朝阳,芍药居,101118724519,芍药居 25万精装修 高楼层 电梯房 双地铁400米,575万,89999元/平,高楼层 (共18层) 2室1厅 | 63.89平米 | 南,https://ke-image.ljcdn.com/110000-inspection/pc1_2zH72Vp88.jpg!m_fill,w_280,h_210,f_jpg?from=ke.com
20230523,朝阳,芍药居,101118711482,芍药居北里 正规两居室 随时签约,625万,95713元/平,低楼层 (共7层) 2室1厅 | 65.3平米 | 东 西,https://ke-image.ljcdn.com/110000-inspection/pc1_gfvJA0qWn.jpg!m_fill,w_280,h_210,f_jpg?from=ke.com
20230523,朝阳,芍药居,101118705118,芍药居北里 精装三居 南北通透 满五年商品房房主自荐,1250万,104629元/平,中楼层 (共11层) 3室1厅 | 119.47平米 | 南 北,https://ke-image.ljcdn.com/110000-inspection/pc1_TbSLKzQSg.jpg!m_fill,w_280,h_210,f_jpg?from=ke.com
20230523,朝阳,芍药居,101118686709,芍药居北里新楼满五唯一高楼层视野开阔诚心出售,550万,75821元/平,高楼层 (共28层) | 2005年建 | 2室1厅 | 72.54平米 | 东北,https://ke-image.ljcdn.com/110000-inspection/pc1_BrwYdCC13.jpg!m_fill,w_280,h_210,f_jpg?from=ke.com
20230523,朝阳,芍药居,101118673689,2000年商品房满5唯一全明格局通透性好采光无遮挡,900万,87244元/平,低楼层 (共25层) 2室1厅 | 103.16平米 | 东南,https://ke-image.ljcdn.com/110000-inspection/pc1_421coJpSK.jpg!m_fill,w_280,h_210,f_jpg?from=ke.com
20230523,朝阳,芍药居,101118664315,芍药居北里南北通透2居 全明格局 使用率高,384万,60416元/平,地下室 (共7层) 2室1厅 | 63.56平米 | 南 北,https://ke-image.ljcdn.com/110000-inspection/pc1_lAIXI2AWk.jpg!m_fill,w_280,h_210,f_jpg?from=ke.com
20230523,朝阳,芍药居,101118657978,芍药居满五唯一2居近地铁看房方便房主自荐,433万,94707元/平,顶层 (共6层) | 1990年建 | 2室1厅 | 45.72平米 | 西南,https://ke-image.ljcdn.com/110000-inspection/pc1_wH0Ml6ulc.jpg!m_fill,w_280,h_210,f_jpg?from=ke.com
20230523,朝阳,芍药居,101118621645,芍药居北里03年商品楼精装采光视野棒带电梯,740万,80707元/平,中楼层 (共24层) | 2003年建 | 2室1厅 | 91.69平米 | 西,https://ke-image.ljcdn.com/110000-inspection/pc1_OAs5YCBbD.jpg!m_fill,w_280,h_210,f_jpg?from=ke.com
20230523,朝阳,芍药居,101118599144,【店长推荐】芍药居北里精装东向大两居室诚心售,690万,80075元/平,低楼层 (共24层) 2室1厅 | 86.17平米 | 东南,https://ke-image.ljcdn.com/110000-inspection/pc1_7RziwgDno.jpg!m_fill,w_280,h_210,f_jpg?from=ke.com
20230523,朝阳,芍药居,101118588828,芍药居北里2000年商品房 满5唯一 得房率82% 看房方便,798万,82353元/平,中楼层 (共25层) | 2000年建 | 2室1厅 | 96.9平米 | 东,https://ke-image.ljcdn.com/110000-inspection/pc1_2bSPLEhJP.jpg!m_fill,w_280,h_210,f_jpg?from=ke.com
20230523,朝阳,芍药居,101118571616,芍药居+老客户委托满五唯一带电梯3居+精装修+独立小区房主自荐,736万,89910元/平,低楼层 (共18层) | 1991年建 | 3室1厅 | 81.86平米 | 西南,https://ke-image.ljcdn.com/110000-inspection/pc1_QbpmQmEQa.jpg!m_fill,w_280,h_210,f_jpg?from=ke.com
20230523,朝阳,芍药居,101118566825,芍药居北里 全南户型 中高层 采光充足2008年新楼,825万,93421元/平,中楼层 (共15层) | 2008年建 | 3室1厅 | 88.31平米 | 南,https://ke-image.ljcdn.com/110000-inspection/pc1_ujbwMe2nQ.jpg!m_fill,w_280,h_210,f_jpg?from=ke.com
20230523,朝阳,芍药居,101118557936,业主诚心出售东西通透明厨明卫,445万,97375元/平,中楼层 (共7层) | 1994年建 | 1室1厅 | 45.7平米 | 东 西,https://ke-image.ljcdn.com/110000-inspection/pc1_y0IPQqxjT.jpg!m_fill,w_280,h_210,f_jpg?from=ke.com
20230523,朝阳,芍药居,101118556870,芍药居北里 02年商品房 满5唯一两居室 单独物业管理,750万,81780元/平,高楼层 (共14层) | 2002年建 | 2室2厅 | 91.71平米 | 东南 北,https://ke-image.ljcdn.com/110000-inspection/prod-2ca28551-ded3-4d76-b179-d07caec9d938.jpg!m_fill,w_280,h_210,f_jpg?from=ke.com
20230523,朝阳,芍药居,101118532912,主力户型1居室 产权清晰 看房提前联系 靠谱签约,485万,75984元/平,中楼层 (共24层) 1室1厅 | 63.83平米 | 西北,https://ke-image.ljcdn.com/110000-inspection/pc1_tWl9SULhR.jpg!m_fill,w_280,h_210,f_jpg?from=ke.com
20230523,朝阳,芍药居,101118510373,【店长推荐】  西南三居室 户型方正好利用 采光充足,850万,87838元/平,低楼层 (共24层) | 1998年建 | 3室1厅 | 96.77平米 | 南 西,https://ke-image.ljcdn.com/110000-inspection/pc1_pA6p7Wgew.jpg!m_fill,w_280,h_210,f_jpg?from=ke.com
20230523,朝阳,芍药居,101118497134,芍药居北里 满五唯一 2008年楼龄 采光良好 视野开阔房主自荐,709万,83177元/平,顶层 (共24层) | 2008年建 | 2室1厅 | 85.24平米 | 西,https://ke-image.ljcdn.com/110000-inspection/pc1_4yj6vbHK4.jpg!m_fill,w_280,h_210,f_jpg?from=ke.com
20230523,朝阳,芍药居,101118479992,芍药居北里 2室1厅 西南,830万,92562元/平,顶层 (共20层) | 2008年建 | 2室1厅 | 89.67平米 | 西南,https://ke-image.ljcdn.com/110000-inspection/pc1_CLOilQiPR.jpg!m_fill,w_280,h_210,f_jpg?from=ke.com
20230523,朝阳,芍药居,101118463515,芍药居甲2号院 南北通透户型方正满五年唯一,710万,91755元/平,高楼层 (共6层) | 1992年建 | 2室1厅 | 77.38平米 | 南 北,https://ke-image.ljcdn.com/110000-inspection/pc1_vpUj0TV4A.jpg!m_fill,w_280,h_210,f_jpg?from=ke.com
20230523,朝阳,芍药居,101118459332,芍药居北里 2室1厅 南 北,588万,97675元/平,中楼层 (共7层) | 1994年建 | 2室1厅 | 60.2平米 | 南 北,https://ke-image.ljcdn.com/110000-inspection/pc1_L3VcatCNg.jpg!m_fill,w_280,h_210,f_jpg?from=ke.com
20230523,朝阳,芍药居,101118456671,08年商品房住宅安静独栋管理,697万,100913元/平,低楼层 (共15层) | 2008年建 | 1室1厅 | 69.07平米 | 东 南,https://ke-image.ljcdn.com/110000-inspection/pc1_ejnwsPzxq.jpg!m_fill,w_280,h_210,f_jpg?from=ke.com
20230523,朝阳,芍药居,101118446052,店长推荐 芍药居精装一居 近地铁10/13号线 明厨明卫,470万,105052元/平,高楼层 (共6层) | 1993年建 | 1室1厅 | 44.74平米 | 南,https://ke-image.ljcdn.com/110000-inspection/pc1_KqhiRXhvf.jpg!m_fill,w_280,h_210,f_jpg?from=ke.com
20230523,朝阳,芍药居,101118441997,芍药居北里西南向2005年房落地阳台,790万,91563元/平,中楼层 (共24层) 2室1厅 | 86.28平米 | 西南,https://ke-image.ljcdn.com/110000-inspection/pc1_7f7Uf630W.jpg!m_fill,w_280,h_210,f_jpg?from=ke.com
20230523,朝阳,芍药居,101118430846,芍药居北里 店长推荐 次顶层 户型方正 满五年,480万,87115元/平,高楼层 (共24层) 1室1厅 | 55.1平米 | 西北,https://ke-image.ljcdn.com/110000-inspection/pc1_ekajzWgXy.jpg!m_fill,w_280,h_210,f_jpg?from=ke.com
20230523,朝阳,芍药居,101118430621,芍药居北里 东西一居室 精装修 可直接拎包入住房主自荐,380万,83151元/平,底层 (共7层) | 1994年建 | 1室1厅 | 45.7平米 | 东 西,https://ke-image.ljcdn.com/110000-inspection/pc1_DWO4NLvtz.jpg!m_fill,w_280,h_210,f_jpg?from=ke.com
20230523,朝阳,芍药居,101118423423,芍药居 高原街4号院 随时看房随时签约,475万,99352元/平,中楼层 (共6层) | 1990年建 | 1室1厅 | 47.81平米 | 南 北,https://ke-image.ljcdn.com/110000-inspection/pc1_q3sytHBAa.jpg!m_fill,w_280,h_210,f_jpg?from=ke.com
20230523,朝阳,芍药居,101118418227,芍药居甲2号院 眼睛户型 空间宽敞 交通便利 配套全,830万,79716元/平,底层 (共20层) | 1998年建 | 2室0厅 | 104.12平米 | 西,https://ke-image.ljcdn.com/110000-inspection/pc1_gJibnZfVs.jpg!m_fill,w_280,h_210,f_jpg?from=ke.com
20230523,朝阳,芍药居,101118413312,芍药居北里南向一居室板楼2层采光好没有遮挡,468万,103312元/平,低楼层 (共7层) | 1994年建 | 1室1厅 | 45.3平米 | 南,https://ke-image.ljcdn.com/110000-inspection/pc1_pzKJKmuSp.jpg!m_fill,w_280,h_210,f_jpg?from=ke.com
20230523,朝阳,芍药居,101118394357,店长优推芍药居北里阳光空间南北通透 满五年 独立管理,988万,83475元/平,中楼层 (共14层) | 2002年建 | 3室1厅 | 118.36平米 | 南 北,https://ke-image.ljcdn.com/110000-inspection/pc1_TFmCOCxBh.jpg!m_fill,w_280,h_210,f_jpg?from=ke.com
20230523,朝阳,芍药居,101118370570,北四环芍药居北里2016年装修的纯商品房随时签约房主自荐,1050万,89690元/平,中楼层 (共24层) 3室1厅 | 117.07平米 | 东南,https://ke-image.ljcdn.com/110000-inspection/pc1_8j8GEUfvP.jpg!m_fill,w_280,h_210,f_jpg?from=ke.com
20230523,朝阳,芍药居,101118364434,芍药居北里南北通透 明厨明卫户型 前后不临街,535万,102806元/平,中楼层 (共7层) | 1994年建 | 1室1厅 | 52.04平米 | 南 北,https://ke-image.ljcdn.com/110000-inspection/pc1_ts8On6Scf.jpg!m_fill,w_280,h_210,f_jpg?from=ke.com
20230523,朝阳,芍药居,101118338087,芍药居北里  户型方正3居室户型东南朝向,890万,93557元/平,低楼层 (共24层) 3室1厅 | 95.13平米 | 东南,https://ke-image.ljcdn.com/110000-inspection/pc1_UkJXRPF2n.jpg!m_fill,w_280,h_210,f_jpg?from=ke.com
20230523,朝阳,芍药居,101118333868,芍药居北里新上优质三居 东西通透 使用率高 满五年,465万,47949元/平,地下室 (共7层) 3室1厅 | 96.98平米 | 东 西,https://ke-image.ljcdn.com/110000-inspection/pc1_DKFxWfpb5.jpg!m_fill,w_280,h_210,f_jpg?from=ke.com
20230523,朝阳,芍药居,101118307451,芍药居 适合贷款南北通透随时签约,608万,93395元/平,底层 (共6层) | 1993年建 | 2室1厅 | 65.1平米 | 南 北,https://ke-image.ljcdn.com/110000-inspection/pc1_aOpkWNf6F.jpg!m_fill,w_280,h_210,f_jpg?from=ke.com
20230523,朝阳,芍药居,101118304721,新上罕见户型！芍药居2号院满五年唯一精装修,615万,103362元/平,中楼层 (共5层) | 1993年建 | 2室1厅 | 59.5平米 | 南 北,https://ke-image.ljcdn.com/110000-inspection/pc1_s03MFECqu.jpg!m_fill,w_280,h_210,f_jpg?from=ke.com
20230523,朝阳,芍药居,101118302164,芍药居北里2008年新楼南北通透不临街。房主自荐,985万,83596元/平,低楼层 (共28层) 3室2厅 | 117.83平米 | 南 北,https://ke-image.ljcdn.com/110000-inspection/pc1_9AVU2FFMw.jpg!m_fill,w_280,h_210,f_jpg?from=ke.com
20230523,朝阳,芍药居,101118299542,芍药居2号院 交通部家属楼 距离芍药居地铁站500米,1080万,114809元/平,底层 (共7层) 3室1厅 | 94.07平米 | 南 北,https://ke-image.ljcdn.com/110000-inspection/pc1_MXodL4D4g.jpg!m_fill,w_280,h_210,f_jpg?from=ke.com
20230523,朝阳,芍药居,101118287273,芍药居北里99年楼龄有电梯双卧朝南房主自荐,615万,77937元/平,底层 (共24层) 2室1厅 | 78.91平米 | 东南 南,https://ke-image.ljcdn.com/110000-inspection/pc1_SiFQdWQsB.jpg!m_fill,w_280,h_210,f_jpg?from=ke.com
20230523,朝阳,芍药居,101118282279,隆远阁 新上带电梯 正规一居室房主自荐,616万,97039元/平,低楼层 (共15层) | 2008年建 | 1室1厅 | 63.48平米 | 西北,https://ke-image.ljcdn.com/110000-inspection/pc1_IJZtJQN1Z.jpg!m_fill,w_280,h_210,f_jpg?from=ke.com
20230523,朝阳,芍药居,101118282165,芍药居北里 正规一居室 明厨明卫 随时看房,435万,95186元/平,低楼层 (共7层) | 1994年建 | 1室1厅 | 45.7平米 | 东 西,https://ke-image.ljcdn.com/110000-inspection/pc1_WLVX2P5Fe.jpg!m_fill,w_280,h_210,f_jpg?from=ke.com
20230523,朝阳,芍药居,101118264800,芍药居北里  双卧朝南 客厅朝南 全天采光 精装修房主自荐,835万,93016元/平,低楼层 (共15层) 2室1厅 | 89.77平米 | 南,https://ke-image.ljcdn.com/110000-inspection/pc1_Kas0BdTBi.jpg!m_fill,w_280,h_210,f_jpg?from=ke.com
20230523,朝阳,芍药居,101118261348,2003年楼龄满五唯一不临街高楼层视野开阔房主自荐,808万,85985元/平,中楼层 (共24层) | 2003年建 | 2室1厅 | 93.97平米 | 西北,https://ke-image.ljcdn.com/110000-inspection/pc1_1phtpRDh6.jpg!m_fill,w_280,h_210,f_jpg?from=ke.com
20230523,朝阳,芍药居,101118260498,芍药居 南北通透 中间楼层 安静不临街  满五年唯一2居,560万,93897元/平,中楼层 (共6层) | 1990年建 | 2室1厅 | 59.64平米 | 南 北,https://ke-image.ljcdn.com/110000-inspection/pc1_IrukxZqzk.jpg!m_fill,w_280,h_210,f_jpg?from=ke.com
20230523,朝阳,芍药居,101118258197,芍药居东南两居中高层视野开阔采光好满五央产房,650万,100557元/平,中楼层 (共18层) | 1991年建 | 2室1厅 | 64.64平米 | 东南,https://ke-image.ljcdn.com/110000-inspection/pc1_nYC8ydqUb.jpg!m_fill,w_280,h_210,f_jpg?from=ke.com
20230523,朝阳,芍药居,101118253761,商品房社区 精装满五唯一大一居 中高楼层 视野采光好房主自荐,650万,87237元/平,中楼层 (共14层) 1室1厅 | 74.51平米 | 东 南,https://ke-image.ljcdn.com/110000-inspection/pc1_iGilOf8dn.jpg!m_fill,w_280,h_210,f_jpg?from=ke.com
20230523,朝阳,芍药居,101118252015,《店长推荐》芍药居北里明厅2居 精装 诚心出售,588万,108910元/平,低楼层 (共7层) | 1995年建 | 2室1厅 | 53.99平米 | 南 北,https://ke-image.ljcdn.com/110000-inspection/pc1_f3BhivCeX.jpg!m_fill,w_280,h_210,f_jpg?from=ke.com
20230523,朝阳,芍药居,101118240790,满五年唯一 没有遮挡 芍药居北里 楼道干净,630万,99953元/平,低楼层 (共24层) | 1997年建 | 2室1厅 | 63.03平米 | 西,https://ke-image.ljcdn.com/110000-inspection/pc1_8KMzdYxFu.jpg!m_fill,w_280,h_210,f_jpg?from=ke.com
20230523,朝阳,芍药居,101118237183,芍药居甲2号院 全明格局 朝南 近地铁,390万,99111元/平,顶层 (共6层) | 1985年建 | 1室1厅 | 39.35平米 | 南,https://ke-image.ljcdn.com/110000-inspection/pc1_rup77wZpK.jpg!m_fill,w_280,h_210,f_jpg?from=ke.com
20230523,朝阳,芍药居,101118224086,芍药居北里两居室南北通透   业主自住看房方便,430万,63970元/平,地下室 (共7层) | 1994年建 | 2室1厅 | 67.22平米 | 南 北,https://ke-image.ljcdn.com/110000-inspection/pc1_5JVLjkSbj.jpg!m_fill,w_280,h_210,f_jpg?from=ke.com
20230523,朝阳,芍药居,101118214504,樱花中路 2室1厅 南,475万,75147元/平,中楼层 (共16层) 2室1厅 | 63.21平米 | 南,https://ke-image.ljcdn.com/110000-inspection/pc1_mRwD69iXL.jpg!m_fill,w_280,h_210,f_jpg?from=ke.com
20230523,朝阳,芍药居,101118207393,芍药居北里 2008年的新楼 两梯5户 全南无遮挡 诚心卖,555万,94084元/平,高楼层 (共19层) 1室1厅 | 58.99平米 | 南,https://ke-image.ljcdn.com/110000-inspection/pc1_SpJBmlBMe.jpg!m_fill,w_280,h_210,f_jpg?from=ke.com
20230523,朝阳,芍药居,101118202432,芍药居甲2号院 店长优推 户型方正 正规三居室房主自荐,690万,89938元/平,中楼层 (共6层) | 1985年建 | 3室1厅 | 76.72平米 | 南 北,https://ke-image.ljcdn.com/110000-inspection/pc1_me6N5hNHY.jpg!m_fill,w_280,h_210,f_jpg?from=ke.com
20230523,朝阳,芍药居,101118198570,芍药居精装修2居室安静不临街房主自荐,807万,74139元/平,中楼层 (共20层) | 1998年建 | 2室1厅 | 108.85平米 | 西北,https://ke-image.ljcdn.com/110000-inspection/pc1_SHiouJvuq.jpg!m_fill,w_280,h_210,f_jpg?from=ke.com
20230523,朝阳,芍药居,101118192289,精装修南北通透两居室靠谱签约,555万,94549元/平,中楼层 (共6层) | 1989年建 | 2室1厅 | 58.7平米 | 南 北,https://ke-image.ljcdn.com/110000-inspection/pc1_v6XhxCAmi.jpg!m_fill,w_280,h_210,f_jpg?from=ke.com
20230523,朝阳,芍药居,101118188952,芍药居北里南北通透一居室 全明格局 满五年唯一,520万,115070元/平,低楼层 (共7层) | 1995年建 | 1室1厅 | 45.19平米 | 南 北,https://ke-image.ljcdn.com/110000-inspection/pc1_dNlwtNrvN.jpg!m_fill,w_280,h_210,f_jpg?from=ke.com
20230523,朝阳,芍药居,101118183513,隆远阁2008年独立小区 落地飘窗 集中地采暖 近地铁,598万,92057元/平,低楼层 (共15层) | 2008年建 | 1室1厅 | 64.96平米 | 南 西,https://ke-image.ljcdn.com/110000-inspection/pc1_8KnErnY3I.jpg!m_fill,w_280,h_210,f_jpg?from=ke.com
20230523,朝阳,芍药居,101118172139,芍药居北里 南北通透4层 明厨明卫明厅 钥匙随时可看房主自荐,616万,101819元/平,中楼层 (共7层) 2室1厅 | 60.5平米 | 南 北,https://ke-image.ljcdn.com/110000-inspection/pc1_oD0AKZSm1.jpg!m_fill,w_280,h_210,f_jpg?from=ke.com
20230523,朝阳,芍药居,101118148571,芍药居5号院一居室 城建集团家属楼 安静不临街,375万,74464元/平,地下室 (共7层) | 1997年建 | 1室1厅 | 50.36平米 | 南 北,https://ke-image.ljcdn.com/110000-inspection/pc1_bVqO2SnPk.jpg!m_fill,w_280,h_210,f_jpg?from=ke.com
20230523,朝阳,芍药居,101118129935,《店长推荐》带电梯两居管理好无遮挡看房方便房主自荐,750万,96662元/平,低楼层 (共18层) | 1998年建 | 2室1厅 | 77.59平米 | 东,https://ke-image.ljcdn.com/110000-inspection/pc1_arpXzh2sv.jpg!m_fill,w_280,h_210,f_jpg?from=ke.com
20230523,朝阳,芍药居,101118107044,2000年商品房 全明格局2居高楼层视野开阔满5唯一,905万,88354元/平,高楼层 (共24层) | 2000年建 | 2室1厅 | 102.43平米 | 南,https://ke-image.ljcdn.com/110000-inspection/pc1_aQInM76Ne.jpg!m_fill,w_280,h_210,f_jpg?from=ke.com
20230523,朝阳,芍药居,101118103901,新上 芍药居2号院 交通部单位 正规两居,515万,89894元/平,高楼层 (共6层) 2室1厅 | 57.29平米 | 南 北,https://ke-image.ljcdn.com/110000-inspection/pc1_ySKynoDhu.jpg!m_fill,w_280,h_210,f_jpg?from=ke.com
20230523,朝阳,芍药居,101118101457,满五年唯一总价合适适合刚需为宝宝入学房主自荐,450万,99010元/平,高楼层 (共7层) | 1994年建 | 1室1厅 | 45.45平米 | 东,https://ke-image.ljcdn.com/110000-inspection/pc1_72hxrINVW.jpg!m_fill,w_280,h_210,f_jpg?from=ke.com
20230523,朝阳,芍药居,101118090984,芍药居北里西南向3居中间层阳光充足,876万,90552元/平,中楼层 (共24层) | 1997年建 | 3室1厅 | 96.74平米 | 东南,https://ke-image.ljcdn.com/110000-inspection/pc1_R4GLa7fDj.jpg!m_fill,w_280,h_210,f_jpg?from=ke.com
20230523,朝阳,芍药居,101118071107,大区聚焦房东向三居室满五年唯一格局好,749万,87246元/平,中楼层 (共24层) | 1997年建 | 3室1厅 | 85.85平米 | 东,https://ke-image.ljcdn.com/110000-inspection/pc1_hrTYStPV4.jpg!m_fill,w_280,h_210,f_jpg?from=ke.com
20230523,朝阳,芍药居,101118070913,芍药居北里安静不临街产权清晰随时可签正规一居室房主自荐,485万,100290元/平,高楼层 (共14层) 1室1厅 | 48.36平米 | 东南,https://ke-image.ljcdn.com/110000-inspection/pc1_sfbNH4cjF.jpg!m_fill,w_280,h_210,f_jpg?from=ke.com
20230523,朝阳,芍药居,101118070839,南北通透两居室客厅带窗诚意出售,760万,84361元/平,低楼层 (共24层) 2室1厅 | 90.09平米 | 南 北,https://ke-image.ljcdn.com/110000-inspection/pc1_BNgACllnZ.jpg!m_fill,w_280,h_210,f_jpg?from=ke.com
20230523,朝阳,芍药居,101118069585,芍药居北里 东北大一居 视野好 业主诚心卖,570万,78578元/平,中楼层 (共28层) | 2005年建 | 1室1厅 | 72.54平米 | 北 东,https://ke-image.ljcdn.com/110000-inspection/pc1_SPc6Tz1j1.jpg!m_fill,w_280,h_210,f_jpg?from=ke.com
20230523,朝阳,芍药居,101118067871,芍药居满五单位分房 一层好利用  诚心出售,540万,106363元/平,底层 (共6层) | 1991年建 | 2室1厅 | 50.77平米 | 北 南,https://ke-image.ljcdn.com/110000-inspection/pc1_RXf5GM0Lw.jpg!m_fill,w_280,h_210,f_jpg?from=ke.com
20230523,朝阳,芍药居,101118040601,1999年板楼 中间层 南北通透大三居 双地铁 满五唯一,960万,95780元/平,中楼层 (共7层) | 1999年建 | 3室1厅 | 100.23平米 | 南 北,https://ke-image.ljcdn.com/110000-inspection/958efa82-735f-4276-8a1a-b0a6379243ab_1000.jpg!m_fill,w_280,h_210,f_jpg?from=ke.com
20230523,朝阳,芍药居,101118038307,高原街田字3居 南北通透 全明格局 次顶层采光好房主自荐,699万,93200元/平,高楼层 (共6层) | 1987年建 | 3室1厅 | 75平米 | 南 北,https://ke-image.ljcdn.com/110000-inspection/pc1_4HeCLMIOe.jpg!m_fill,w_280,h_210,f_jpg?from=ke.com
20230523,朝阳,芍药居,101118034269,育慧街2号院 3室1厅 南 北,1060万,96592元/平,中楼层 (共6层) 3室1厅 | 109.74平米 | 南 北,https://ke-image.ljcdn.com/110000-inspection/pc1_RY0BQGWwW.jpg!m_fill,w_280,h_210,f_jpg?from=ke.com
20230523,朝阳,芍药居,101118025523,店长推荐 新上芍药居2号院两居室 近地铁 楼层好房主自荐,555万,96808元/平,中楼层 (共6层) | 1991年建 | 2室1厅 | 57.33平米 | 南 北,https://ke-image.ljcdn.com/110000-inspection/f917a9bf-a68d-44d7-8b52-857b7dee26b8_1000.jpg!m_fill,w_280,h_210,f_jpg?from=ke.com
20230523,朝阳,芍药居,101118020410,芍药居4号院全明户型格局好精装修。,899万,77527元/平,底层 (共18层) 4室1厅 | 115.96平米 | 东北,https://ke-image.ljcdn.com/110000-inspection/pc1_vVDnopfw6.jpg!m_fill,w_280,h_210,f_jpg?from=ke.com
20230523,朝阳,芍药居,101118017958,芍药居北里 满五唯一 店长推荐,469万,72827元/平,高楼层 (共24层) | 1998年建 | 1室1厅 | 64.4平米 | 北,https://ke-image.ljcdn.com/110000-inspection/pc1_p9DZJ57k0.jpg!m_fill,w_280,h_210,f_jpg?from=ke.com
20230523,朝阳,芍药居,101118013192,芍药居北里 全明格局两居室 业主诚意出售,588万,96095元/平,高楼层 (共7层) | 1994年建 | 3室0厅 | 61.19平米 | 东 西,https://ke-image.ljcdn.com/110000-inspection/pc1_UGbpYGs49.jpg!m_fill,w_280,h_210,f_jpg?from=ke.com
20230523,朝阳,芍药居,101118012612,芍药居5号院 精装修 优质两居室 楼龄新 看房方便,530万,91680元/平,中楼层 (共6层) | 1992年建 | 2室1厅 | 57.81平米 | 东 西,https://ke-image.ljcdn.com/110000-inspection/pc1_V74IWpCX9.jpg!m_fill,w_280,h_210,f_jpg?from=ke.com
20230523,朝阳,芍药居,101117968257,育慧街2号院 院内安静户型方正诚意出售采光好,492万,106448元/平,底层 (共6层) 1室1厅 | 46.22平米 | 南,https://ke-image.ljcdn.com/110000-inspection/pc1_ZGoZnqJLo.jpg!m_fill,w_280,h_210,f_jpg?from=ke.com
20230523,朝阳,芍药居,101117950616,【链家优推】精装好楼层位置安静 适合群体广配套完善,530万,88408元/平,中楼层 (共7层) | 1990年建 | 2室1厅 | 59.95平米 | 南 北,https://ke-image.ljcdn.com/110000-inspection/pc1_Sx0BDx3Pz.jpg!m_fill,w_280,h_210,f_jpg?from=ke.com
20230523,朝阳,芍药居,101117942035,精装修满五唯一商品房南北通透房主自荐,526万,88359元/平,顶层 (共6层) 2室1厅 | 59.53平米 | 南 北,https://ke-image.ljcdn.com/110000-inspection/pc1_tBBpt8egQ.jpg!m_fill,w_280,h_210,f_jpg?from=ke.com
20230523,朝阳,芍药居,101117941592,【店长推荐】精装修 南北通透 前后不临街房主自荐,685万,102900元/平,底层 (共7层) | 1997年建 | 2室1厅 | 66.57平米 | 南 北,https://ke-image.ljcdn.com/110000-inspection/pc1_WjT0WFexh.jpg!m_fill,w_280,h_210,f_jpg?from=ke.com
20230523,朝阳,芍药居,101117893617,2008年 满五唯一 朝向好 采光好楼前后花园,808万,90553元/平,低楼层 (共20层) | 2008年建 | 2室1厅 | 89.23平米 | 西南,https://ke-image.ljcdn.com/110000-inspection/pc1_ZoiYVZoJQ.jpg!m_fill,w_280,h_210,f_jpg?from=ke.com
20230523,朝阳,芍药居,101117877150,中高层视野好阳光好即将满二看房方便随时签约,694万,92645元/平,高楼层 (共18层) | 1998年建 | 2室1厅 | 74.91平米 | 西南,https://ke-image.ljcdn.com/110000-inspection/pc1_olA6nc85w.jpg!m_fill,w_280,h_210,f_jpg?from=ke.com
20230523,朝阳,芍药居,101117871836,隆远阁2008年独立小区 落地飘窗 出门芍药居地铁站,1000万,104037元/平,中楼层 (共15层) | 2008年建 | 2室1厅 | 96.12平米 | 南 北,https://ke-image.ljcdn.com/110000-inspection/pc1_BDTKf0fJ5.jpg!m_fill,w_280,h_210,f_jpg?from=ke.com
20230523,朝阳,芍药居,101117859759,芍药居北里 精装南向大一居 业主诚心出售 看房方便,650万,82993元/平,顶层 (共20层) 1室1厅 | 78.32平米 | 南,https://ke-image.ljcdn.com/110000-inspection/pc1_zkGBkdr33.jpg!m_fill,w_280,h_210,f_jpg?from=ke.com
20230523,朝阳,芍药居,101117827748,芍药居北里板楼两居 客厅带窗户 不临街 随时签约,485万,83621元/平,高楼层 (共7层) 2室1厅 | 58平米 | 东 南 西,https://ke-image.ljcdn.com/110000-inspection/pc1_KwwRZmFnc.jpg!m_fill,w_280,h_210,f_jpg?from=ke.com
20230523,朝阳,芍药居,101117815566,芍药居二号院一居室诚意出售。,428万,94922元/平,低楼层 (共6层) | 1997年建 | 1室1厅 | 45.09平米 | 东 西 西南,https://ke-image.ljcdn.com/110000-inspection/pc1_eiVOWbf7v.jpg!m_fill,w_280,h_210,f_jpg?from=ke.com
20230523,朝阳,芍药居,101117813985,朝南一居室无遮挡位置安静诚意出售房主自荐,440万,97131元/平,高楼层 (共7层) | 1994年建 | 1室1厅 | 45.3平米 | 南,https://ke-image.ljcdn.com/110000-inspection/pc1_Sqzyshw1k.jpg!m_fill,w_280,h_210,f_jpg?from=ke.com
20230523,朝阳,芍药居,101117804751,此房一手业主诚心出售南北通透中间楼层,450万,105833元/平,中楼层 (共5层) | 1986年建 | 1室1厅 | 42.52平米 | 南 北,https://ke-image.ljcdn.com/110000-inspection/pc1_aeU0YRW95.jpg!m_fill,w_280,h_210,f_jpg?from=ke.com
20230523,朝阳,芍药居,101117796852,芍药居 钢混电梯房 地铁400米 安静不临街,560万,91849元/平,中楼层 (共18层) | 1991年建 | 2室1厅 | 60.97平米 | 西南,https://ke-image.ljcdn.com/110000-inspection/pc1_DPqi9sP97.jpg!m_fill,w_280,h_210,f_jpg?from=ke.com
20230523,朝阳,芍药居,101117796020,芍药居14号院 南北通透 随时签约,538万,90208元/平,底层 (共6层) | 1990年建 | 2室1厅 | 59.64平米 | 南 北,https://ke-image.ljcdn.com/110000-inspection/pc1_qZhQkHXGo.jpg!m_fill,w_280,h_210,f_jpg?from=ke.com
20230523,朝阳,芍药居,101117791678,30万精装2居变3居 满五唯一商品房,650万,75723元/平,底层 (共24层) | 1996年建 | 2室1厅 | 85.84平米 | 西,https://ke-image.ljcdn.com/110000-inspection/pc1_cxj1ihvT8.jpg!m_fill,w_280,h_210,f_jpg?from=ke.com
20230523,朝阳,芍药居,101117789896,芍药居中煤单位楼管理好有电梯正规一居室。房主自荐,445万,99553元/平,高楼层 (共18层) | 1991年建 | 1室1厅 | 44.7平米 | 南 北,https://ke-image.ljcdn.com/110000-inspection/pc1_wHc4qJ2vf.jpg!m_fill,w_280,h_210,f_jpg?from=ke.com
20230523,朝阳,芍药居,101117784605,芍药居北里 朝南正规一居室 精装修 诚意出售,500万,101400元/平,中楼层 (共24层) 1室1厅 | 49.31平米 | 南,https://ke-image.ljcdn.com/110000-inspection/pc1_b3OuocywN.jpg!m_fill,w_280,h_210,f_jpg?from=ke.com
20230523,朝阳,芍药居,101117782276,【店长推荐】3层！3层！ 芍药居  两居 近地铁  精装修房主自荐,475万,95941元/平,中楼层 (共6层) | 1985年建 | 2室1厅 | 49.51平米 | 南 西 西北,https://ke-image.ljcdn.com/110000-inspection/pc1_VFaT09yWq.jpg!m_fill,w_280,h_210,f_jpg?from=ke.com
20230523,朝阳,芍药居,101117773097,芍药居北里 2室1厅 南 北,720万,98617元/平,低楼层 (共24层) | 1997年建 | 2室1厅 | 73.01平米 | 南 北,https://ke-image.ljcdn.com/110000-inspection/pc1_FkB2b4Jm8.jpg!m_fill,w_280,h_210,f_jpg?from=ke.com
20230523,朝阳,芍药居,101117772244,芍药居北里 朝南正规一居室 诚心出售 随时签约房主自荐,476万,103031元/平,中楼层 (共7层) | 1994年建 | 1室1厅 | 46.2平米 | 南,https://ke-image.ljcdn.com/110000-inspection/pc1_bdctlgDGa.jpg!m_fill,w_280,h_210,f_jpg?from=ke.com
20230523,朝阳,芍药居,101117770686,芍药居北里 南向一居室 看房方便,345万,67017元/平,地下室 (共7层) | 1994年建 | 1室1厅 | 51.48平米 | 南 北,https://ke-image.ljcdn.com/110000-inspection/pc1_tMADebdSj.jpg!m_fill,w_280,h_210,f_jpg?from=ke.com
20230523,朝阳,芍药居,101117757403,《店长推荐》高原街4号院  南向正规一居室 诚售,479万,106492元/平,中楼层 (共6层) | 1991年建 | 1室1厅 | 44.98平米 | 南,https://ke-image.ljcdn.com/110000-inspection/pc1_a2mfoi8sU.jpg!m_fill,w_280,h_210,f_jpg?from=ke.com
20230523,朝阳,芍药居,101117745529,芍药居北里08年东南两居 电梯板楼 精装修 高层视野好,850万,96198元/平,高楼层 (共28层) | 2008年建 | 2室1厅 | 88.36平米 | 东南,https://ke-image.ljcdn.com/110000-inspection/pc1_Lj5YgDpb3.jpg!m_fill,w_280,h_210,f_jpg?from=ke.com
20230523,朝阳,芍药居,101117732906,【店长推荐】优质两居 南北通透明厅 老幼皆宜 诚售房主自荐,645万,89212元/平,低楼层 (共24层) | 1997年建 | 2室1厅 | 72.3平米 | 南 北,https://ke-image.ljcdn.com/110000-inspection/pc1_P9j93WsS8.jpg!m_fill,w_280,h_210,f_jpg?from=ke.com
20230523,朝阳,芍药居,101117730338,经理推荐芍药居北里中间层小区改造完毕不临街房主自荐,440万,97131元/平,中楼层 (共7层) | 1994年建 | 1室1厅 | 45.3平米 | 南,https://ke-image.ljcdn.com/110000-inspection/pc1_y3xfHnNEr.jpg!m_fill,w_280,h_210,f_jpg?from=ke.com
20230523,朝阳,芍药居,101117727393,芍药居北里2008年南北通透全明格局三居随时看房,998万,81139元/平,中楼层 (共26层) 3室1厅 | 123平米 | 南 北,https://ke-image.ljcdn.com/110000-inspection/pc1_px6gRygEd.jpg!m_fill,w_280,h_210,f_jpg?from=ke.com
20230523,朝阳,芍药居,101117720316,新上芍药居南北通透两居室满五唯一单位分房,530万,90290元/平,中楼层 (共6层) 2室1厅 | 58.7平米 | 南 北,https://ke-image.ljcdn.com/110000-inspection/pc1_MXdfUH7bB.jpg!m_fill,w_280,h_210,f_jpg?from=ke.com
20230523,朝阳,芍药居,101117711590,芍药居5号院精装修一居室有正规客厅,498万,99680元/平,中楼层 (共7层) | 1997年建 | 1室1厅 | 49.96平米 | 南,https://ke-image.ljcdn.com/110000-inspection/8e6781a8-0c57-43bb-bea8-8b04294eb71e_1000.jpg!m_fill,w_280,h_210,f_jpg?from=ke.com
20230523,朝阳,芍药居,101117676264,南北通透满五唯一精装修视野采光好,525万,87720元/平,低楼层 (共6层) | 1987年建 | 2室1厅 | 59.85平米 | 南 北,https://ke-image.ljcdn.com/110000-inspection/pc1_MDt3PNV7l.jpg!m_fill,w_280,h_210,f_jpg?from=ke.com
20230523,朝阳,芍药居,101117675634,芍药居北里 东向两居 早上阳光明媚 户型方正房主自荐,749万,83744元/平,中楼层 (共24层) 2室1厅 | 89.44平米 | 东南,https://ke-image.ljcdn.com/110000-inspection/pc1_Ljkjc5eNX.jpg!m_fill,w_280,h_210,f_jpg?from=ke.com
20230523,朝阳,芍药居,101117674270,满五唯一精装 东西板楼四层 明厅户型方正 视野采光好房主自荐,588万,95517元/平,中楼层 (共7层) | 1994年建 | 2室1厅 | 61.56平米 | 东 西,https://ke-image.ljcdn.com/110000-inspection/pc1_7PT2hvMIm.jpg!m_fill,w_280,h_210,f_jpg?from=ke.com
20230523,朝阳,芍药居,101117660934,芍药居北里 精装小两居 南北朝向 中间楼层,596万,98513元/平,中楼层 (共7层) | 1994年建 | 2室1厅 | 60.5平米 | 南 北,https://ke-image.ljcdn.com/110000-inspection/pc1_90wPujm6N.jpg!m_fill,w_280,h_210,f_jpg?from=ke.com
20230523,朝阳,芍药居,101117648734,隆远阁2008年飘窗满五年唯一靠谱出售,458万,108841元/平,低楼层 (共15层) | 2008年建 | 1室0厅 | 42.08平米 | 东,https://ke-image.ljcdn.com/110000-inspection/pc1_aCeTG7uR1.jpg!m_fill,w_280,h_210,f_jpg?from=ke.com
20230523,朝阳,芍药居,101117647596,经理推荐隆远阁2008年落地飘窗正对花园视野好,428万,101712元/平,低楼层 (共15层) | 2008年建 | 1室0厅 | 42.08平米 | 东,https://ke-image.ljcdn.com/110000-inspection/pc1_weyiPR6dd.jpg!m_fill,w_280,h_210,f_jpg?from=ke.com
20230523,朝阳,芍药居,101117622222,高原街4号院 3室1厅 南 北,610万,80795元/平,顶层 (共6层) | 1991年建 | 3室1厅 | 75.5平米 | 南 北,https://ke-image.ljcdn.com/110000-inspection/pc1_HfEZ2yrlD.jpg!m_fill,w_280,h_210,f_jpg?from=ke.com
20230523,朝阳,芍药居,101117607470,芍药居甲2号院大两居室格局好利用业主诚意出售,792万,73198元/平,低楼层 (共20层) | 1998年建 | 2室1厅 | 108.2平米 | 西北,https://ke-image.ljcdn.com/110000-inspection/pc1_CCg4getXo.jpg!m_fill,w_280,h_210,f_jpg?from=ke.com
20230523,朝阳,芍药居,101117601706,芍药居隆远阁2008年商品房东向距地铁站300米房主自荐,440万,105238元/平,中楼层 (共15层) | 2008年建 | 1室0厅 | 41.81平米 | 东,https://ke-image.ljcdn.com/110000-inspection/pc1_7HFEeVnKC.jpg!m_fill,w_280,h_210,f_jpg?from=ke.com
20230523,朝阳,芍药居,101117601358,满5年成本价西北一居户型方正视野好产权清晰。,493万,89006元/平,低楼层 (共24层) | 1997年建 | 1室1厅 | 55.39平米 | 西北,https://ke-image.ljcdn.com/110000-inspection/pc1_zGrvKt82C.jpg!m_fill,w_280,h_210,f_jpg?from=ke.com
20230523,朝阳,芍药居,101117598792,芍药居北里三居室高楼层满五唯一居家精装修,965万,78379元/平,中楼层 (共28层) | 2005年建 | 3室1厅 | 123.12平米 | 西南 西 北,https://ke-image.ljcdn.com/110000-inspection/pc1_ckKTkIiUL.jpg!m_fill,w_280,h_210,f_jpg?from=ke.com
20230523,朝阳,芍药居,101117583133,北四环内芍药居甲2号院大两居室格局好诚意出售房主自荐,750万,69317元/平,底层 (共20层) | 1998年建 | 2室2厅 | 108.2平米 | 西北,https://ke-image.ljcdn.com/110000-inspection/097bd253-8086-485f-b764-c95e1a32e8e7_1000.jpg!m_fill,w_280,h_210,f_jpg?from=ke.com
20230523,朝阳,芍药居,101117491441,芍药居北里西南向3居室采光无遮挡不临街。房主自荐,885万,93880元/平,低楼层 (共24层) | 1997年建 | 3室1厅 | 94.27平米 | 西南,https://ke-image.ljcdn.com/110000-inspection/pc1_e3t5upLXi.jpg!m_fill,w_280,h_210,f_jpg?from=ke.com
20230523,朝阳,芍药居,101117486138,芍药居北里 2005年楼龄新 全南两居采光好 满五年唯一,660万,77040元/平,低楼层 (共24层) | 2005年建 | 2室1厅 | 85.67平米 | 东南 南,https://ke-image.ljcdn.com/110000-inspection/pc1_ufi1gHYOs.jpg!m_fill,w_280,h_210,f_jpg?from=ke.com
20230523,朝阳,芍药居,101117418246,芍药居北里满五年2居户型好业主诚心出售房主自荐,379万,54291元/平,地下室 (共7层) 2室1厅 | 69.81平米 | 南 西 北,https://ke-image.ljcdn.com/110000-inspection/pc1_oBBbjNG6k.jpg!m_fill,w_280,h_210,f_jpg?from=ke.com
20230523,朝阳,芍药居,101117366404,惠新东街14号院 南北两居 满五唯一,428万,71513元/平,顶层 (共6层) | 1987年建 | 2室1厅 | 59.85平米 | 南 北,https://ke-image.ljcdn.com/110000-inspection/pc1_cOi81XSje.jpg!m_fill,w_280,h_210,f_jpg?from=ke.com
20230523,朝阳,芍药居,101117362836,有钥匙吉利家园 东南3居采光好视野好24小时安保,1119万,86745元/平,高楼层 (共24层) | 2000年建 | 3室1厅 | 129平米 | 东 南,https://ke-image.ljcdn.com/110000-inspection/pc1_VHNMguqjQ.jpg!m_fill,w_280,h_210,f_jpg?from=ke.com
20230523,朝阳,芍药居,101117319535,芍药居二号院全明两居卫生间带窗干湿分离无遮挡,750万,95033元/平,高楼层 (共7层) | 1999年建 | 2室1厅 | 78.92平米 | 南 北,https://ke-image.ljcdn.com/110000-inspection/pc1_h9dsVPvtz.jpg!m_fill,w_280,h_210,f_jpg?from=ke.com
20230523,朝阳,芍药居,101117300598,店长推荐芍药居北里全南向两居 高楼层无遮挡,725万,97709元/平,高楼层 (共24层) 2室1厅 | 74.2平米 | 东 南,https://ke-image.ljcdn.com/110000-inspection/pc1_i1RM95eLG.jpg!m_fill,w_280,h_210,f_jpg?from=ke.com
20230523,朝阳,芍药居,101117297489,芍药居北里 精装2居 08年新房 视野采光好 随时可看房主自荐,948万,91834元/平,中楼层 (共20层) | 2008年建 | 2室1厅 | 103.23平米 | 东 南 西,https://ke-image.ljcdn.com/110000-inspection/pc1_Z1zu4zpA2.jpg!m_fill,w_280,h_210,f_jpg?from=ke.com
20230523,朝阳,芍药居,101117217646,南北通透三居室 前后不临街 24小时门禁管理,670万,82962元/平,中楼层 (共6层) | 1990年建 | 3室1厅 | 80.76平米 | 南 北,https://ke-image.ljcdn.com/110000-inspection/pc1_hSeBsx7Rm.jpg!m_fill,w_280,h_210,f_jpg?from=ke.com
20230523,朝阳,芍药居,101117192724,芍药居北里方正一居室 位置安静,480万,84612元/平,低楼层 (共24层) | 1997年建 | 1室1厅 | 56.73平米 | 东北,https://ke-image.ljcdn.com/110000-inspection/pc1_8Z3sR01D5.jpg!m_fill,w_280,h_210,f_jpg?from=ke.com
20230523,朝阳,芍药居,101117189924,优质三居！满五年唯一 不临街 接受换房 居住舒适,730万,78428元/平,低楼层 (共24层) | 1997年建 | 3室1厅 | 93.08平米 | 东 南,https://ke-image.ljcdn.com/110000-inspection/pc1_YNcOg56xv.jpg!m_fill,w_280,h_210,f_jpg?from=ke.com
20230523,朝阳,芍药居,101117180746,芍药居北里 2008年新楼 两梯4户 精装 拎包入住,839万,77880元/平,低楼层 (共21层) | 2008年建 | 2室1厅 | 107.73平米 | 东 西,https://ke-image.ljcdn.com/110000-inspection/pc1_EbYSzaBgu.jpg!m_fill,w_280,h_210,f_jpg?from=ke.com
20230523,朝阳,芍药居,101117169405,芍药居 电梯房 2002年 南北通透精装三居室房主自荐,1100万,80640元/平,中楼层 (共14层) | 2000年建 | 3室1厅 | 136.41平米 | 南 北,https://ke-image.ljcdn.com/110000-inspection/pc1_sRIZi16oL.jpg!m_fill,w_280,h_210,f_jpg?from=ke.com
20230523,朝阳,芍药居,101117160901,南北通透楼层好视野开阔采光充足配套齐全。,766万,96901元/平,低楼层 (共6层) | 1988年建 | 3室1厅 | 79.05平米 | 南 北,https://ke-image.ljcdn.com/110000-inspection/a1395c91-eabb-4f06-9a0a-4b814cdfc97b_1000.jpg!m_fill,w_280,h_210,f_jpg?from=ke.com
20230523,朝阳,芍药居,101117154379,【好房】芍药居 东南一居 满五唯一  有钥匙 品质楼盘,479万,77408元/平,高楼层 (共18层) 1室1厅 | 61.88平米 | 东南,https://ke-image.ljcdn.com/110000-inspection/pc1_Sv5yDALsE.jpg!m_fill,w_280,h_210,f_jpg?from=ke.com
20230523,朝阳,芍药居,101117127565,店长推荐 芍药居5号院 全南两居室 户型方正 明厨明卫房主自荐,468万,101563元/平,顶层 (共5层) | 1991年建 | 2室1厅 | 46.08平米 | 南,https://ke-image.ljcdn.com/110000-inspection/pc1_tc7HDZUoz.jpg!m_fill,w_280,h_210,f_jpg?from=ke.com
20230523,朝阳,芍药居,101117097115,芍药居5号院南向一居中间层新装修诚心出售,460万,115318元/平,中楼层 (共6层) | 1986年建 | 1室1厅 | 39.89平米 | 南,https://ke-image.ljcdn.com/110000-inspection/pc1_0uIpzZl24.jpg!m_fill,w_280,h_210,f_jpg?from=ke.com
20230523,朝阳,芍药居,101116996364,芍药居北里 2005年楼龄 3部电梯 满五唯一大两居,790万,85093元/平,低楼层 (共24层) | 2005年建 | 2室1厅 | 92.84平米 | 东南,https://ke-image.ljcdn.com/110000-inspection/pc1_fx115Tf2a.jpg!m_fill,w_280,h_210,f_jpg?from=ke.com
20230523,朝阳,芍药居,101116976087,全明一居室南北通透产权清晰价格可以协商,465万,103105元/平,高楼层 (共7层) | 1994年建 | 1室1厅 | 45.1平米 | 南 北,https://ke-image.ljcdn.com/110000-inspection/pc1_KIurHP7ca.jpg!m_fill,w_280,h_210,f_jpg?from=ke.com
20230523,朝阳,芍药居,101116962260,此房满5年南向一居全天采光无遮挡安静不临街。,445万,98234元/平,高楼层 (共7层) | 1994年建 | 1室1厅 | 45.3平米 | 南,https://ke-image.ljcdn.com/110000-inspection/pc1_3bFZUld1K.jpg!m_fill,w_280,h_210,f_jpg?from=ke.com
20230523,朝阳,芍药居,101116952111,南北通透精装修带电梯管理好位置好,920万,99859元/平,低楼层 (共16层) | 1986年建 | 3室2厅 | 92.13平米 | 南 北,https://ke-image.ljcdn.com/110000-inspection/8a71e938-f9fa-4b2b-b387-b7a990d47236_1000.jpg!m_fill,w_280,h_210,f_jpg?from=ke.com
20230523,朝阳,芍药居,101116918094,芍药居北里 经典北向一居室 带电梯,475万,74417元/平,低楼层 (共24层) | 1998年建 | 1室1厅 | 63.83平米 | 西北,https://ke-image.ljcdn.com/110000-inspection/pc1_MbYUNnFEz.jpg!m_fill,w_280,h_210,f_jpg?from=ke.com
20230523,朝阳,芍药居,101116915592,业主诚心出售 户型方正动静分离  小区管理好,1020万,70374元/平,低楼层 (共24层) | 2000年建 | 3室1厅 | 144.94平米 | 东北,https://ke-image.ljcdn.com/110000-inspection/pc1_v6kb2zcod.jpg!m_fill,w_280,h_210,f_jpg?from=ke.com
20230523,朝阳,芍药居,101116857278,隆远阁 2008年新小区 临近地铁,640万,100899元/平,低楼层 (共15层) | 2008年建 | 1室1厅 | 63.43平米 | 东,https://ke-image.ljcdn.com/110000-inspection/pc1_mkoG26vBz.jpg!m_fill,w_280,h_210,f_jpg?from=ke.com
20230523,朝阳,芍药居,101116839837,芍药居甲2号院 08年楼龄 朝南开间 户型方正 近地铁站,445万,105877元/平,中楼层 (共15层) | 2008年建 | 1室0厅 | 42.03平米 | 南,https://ke-image.ljcdn.com/110000-inspection/abe1c3c5-d1d1-4a99-ab0d-b4473d5262bf_1000.jpg!m_fill,w_280,h_210,f_jpg?from=ke.com
20230523,朝阳,芍药居,101116834817,芍药居北里 5室2厅 南 北,1100万,67320元/平,高楼层 (共7层) | 1994年建 | 5室2厅 | 163.4平米 | 南 北,https://ke-image.ljcdn.com/110000-inspection/pc1_ze36ODucO.jpg!m_fill,w_280,h_210,f_jpg?from=ke.com
20230523,朝阳,芍药居,101116827884,芍药居北里小区中间位置全南向两居 户型方正 诚心出售房主自荐,899万,99414元/平,低楼层 (共28层) | 2005年建 | 2室1厅 | 90.43平米 | 南,https://ke-image.ljcdn.com/110000-inspection/pc1_rkxVcjMWQ.jpg!m_fill,w_280,h_210,f_jpg?from=ke.com
20230523,朝阳,芍药居,101116820295,隆远阁2008年商品房东向距离地铁站300米,430万,102847元/平,中楼层 (共15层) | 2008年建 | 1室0厅 | 41.81平米 | 东,https://ke-image.ljcdn.com/110000-inspection/pc1_j99LXtxLz.jpg!m_fill,w_280,h_210,f_jpg?from=ke.com
20230523,朝阳,芍药居,101116794746,芍药居北里南向一居室楼层低满两年房改房,485万,107065元/平,底层 (共7层) | 1994年建 | 1室1厅 | 45.3平米 | 南,https://ke-image.ljcdn.com/110000-inspection/pc1_ElE9z771j_1.jpg!m_fill,w_280,h_210,f_jpg?from=ke.com
20230523,朝阳,芍药居,101116784561,芍药居北里 正规2居 带电梯 户型方正 交通便利,535万,74254元/平,底层 (共24层) 3室1厅 | 72.05平米 | 南,https://ke-image.ljcdn.com/110000-inspection/2a826be0-11c3-49a1-b96a-10f1d0e34b21_1000.jpg!m_fill,w_280,h_210,f_jpg?from=ke.com
20230523,朝阳,芍药居,101116748505,不临街 南北通透 精装修两居室 没有遮挡,558万,91177元/平,低楼层 (共6层) 2室1厅 | 61.2平米 | 南 北,https://ke-image.ljcdn.com/110000-inspection/f421cb0f-7e78-43c2-b60d-2b8dc2bcd826_1000.jpg!m_fill,w_280,h_210,f_jpg?from=ke.com
20230523,朝阳,芍药居,101116669285,满五年 一居 电梯房 随时可签约 诚心出售房主自荐,530万,83835元/平,中楼层 (共24层) | 1997年建 | 1室1厅 | 63.22平米 | 西北,https://ke-image.ljcdn.com/110000-inspection/pc1_wuqDTnHan.jpg!m_fill,w_280,h_210,f_jpg?from=ke.com
20230523,朝阳,芍药居,101116623022,高楼层视野开阔采光很好有门禁,1216万,86814元/平,高楼层 (共24层) | 2000年建 | 3室1厅 | 140.07平米 | 东南,https://ke-image.ljcdn.com/110000-inspection/pc1_QcW5UCXxb.jpg!m_fill,w_280,h_210,f_jpg?from=ke.com
20230523,朝阳,芍药居,101116596473,满五年唯一中日友好医院央产房电梯直达采光好,472万,74672元/平,高楼层 (共16层) 2室1厅 | 63.21平米 | 南,https://ke-image.ljcdn.com/110000-inspection/a9764a76-8a54-4c60-b0df-2562bd71a9dc_1000.jpg!m_fill,w_280,h_210,f_jpg?from=ke.com
20230523,朝阳,芍药居,101116548751,满五唯一板楼平层业主诚意出售,780万,79682元/平,顶层 (共7层) | 1994年建 | 3室1厅 | 97.89平米 | 东 西,https://ke-image.ljcdn.com/110000-inspection/pc1_ztsBZb3iz.jpg!m_fill,w_280,h_210,f_jpg?from=ke.com
20230523,朝阳,芍药居,101116507726,芍药居 中高层带电梯 好房推荐房主自荐,600万,98410元/平,中楼层 (共18层) 2室1厅 | 60.97平米 | 西南,https://ke-image.ljcdn.com/110000-inspection/pc1_rw6NWPyj0_1.jpg!m_fill,w_280,h_210,f_jpg?from=ke.com
20230523,朝阳,芍药居,101116486906,店长推荐 芍药居北里精装修一居 业主诚意出售,490万,84717元/平,顶层 (共24层) | 1996年建 | 1室1厅 | 57.84平米 | 东北,https://ke-image.ljcdn.com/110000-inspection/pc1_otjgxYTaX.jpg!m_fill,w_280,h_210,f_jpg?from=ke.com
20230523,朝阳,芍药居,101116394436,芍药居甲2号院新上大两居室  格局好利用,758万,70062元/平,底层 (共20层) | 1998年建 | 2室1厅 | 108.19平米 | 东北,https://ke-image.ljcdn.com/110000-inspection/pc1_tzJeKqKw6.jpg!m_fill,w_280,h_210,f_jpg?from=ke.com
20230523,朝阳,芍药居,101116371004,08年南北三居室毛坯房随时入住房主自荐,1000万,86081元/平,中楼层 (共27层) | 2008年建 | 3室1厅 | 116.17平米 | 南 北,https://ke-image.ljcdn.com/110000-inspection/pc1_Fsd61XFyS.jpg!m_fill,w_280,h_210,f_jpg?from=ke.com
20230523,朝阳,芍药居,101116341847,芍药居 通透2居 独立小区有地库 物业管理好 交通便利,885万,74760元/平,低楼层 (共14层) | 2001年建 | 2室1厅 | 118.38平米 | 东 西,https://ke-image.ljcdn.com/110000-inspection/pc1_uJWFN7QAk.jpg!m_fill,w_280,h_210,f_jpg?from=ke.com
20230523,朝阳,芍药居,101116327492,芍药居北里 2003年商品房满五唯一 不临街 诚心出售房主自荐,860万,91519元/平,中楼层 (共24层) | 2003年建 | 2室1厅 | 93.97平米 | 西北 南,https://ke-image.ljcdn.com/110000-inspection/pc1_Nl1hGi9iR.jpg!m_fill,w_280,h_210,f_jpg?from=ke.com
20230523,朝阳,芍药居,101116295908,芍药居北里 南北通透 满五唯一 诚售,698万,80816元/平,高楼层 (共24层) | 1996年建 | 2室1厅 | 86.37平米 | 南 北,https://ke-image.ljcdn.com/110000-inspection/549dd4d3-f211-44ac-8cac-c627bcfbc01b_1000.jpg!m_fill,w_280,h_210,f_jpg?from=ke.com
20230523,朝阳,芍药居,101116234775,芍药居北里 双卧朝南 高楼层无遮挡 满五唯一只有契税房主自荐,639万,78051元/平,高楼层 (共24层) | 1998年建 | 2室1厅 | 81.87平米 | 东南,https://ke-image.ljcdn.com/110000-inspection/pc1_oCl1oF1st.jpg!m_fill,w_280,h_210,f_jpg?from=ke.com
20230523,朝阳,芍药居,101116213963,芍药居北里南北通透两居全楼正在改造中房主自荐,580万,88821元/平,高楼层 (共7层) | 1994年建 | 2室1厅 | 65.3平米 | 南 北,https://ke-image.ljcdn.com/110000-inspection/pc1_f3NWOFxC6.jpg!m_fill,w_280,h_210,f_jpg?from=ke.com
20230523,朝阳,芍药居,101116152230,干净整洁的小区独立管理南北通透精装修看房方便,978万,79005元/平,中楼层 (共14层) | 2002年建 | 3室1厅 | 123.79平米 | 南 北,https://ke-image.ljcdn.com/110000-inspection/84c2b169-116d-4b5c-987b-73c3aec74306_1000.jpg!m_fill,w_280,h_210,f_jpg?from=ke.com
20230523,朝阳,芍药居,101116118508,正规三居室 不临街 无遮挡 满五年房改房,760万,87862元/平,低楼层 (共24层) | 1997年建 | 3室1厅 | 86.5平米 | 西南,https://ke-image.ljcdn.com/110000-inspection/pc1_WpjYzFBSK.jpg!m_fill,w_280,h_210,f_jpg?from=ke.com
20230523,朝阳,芍药居,101115951794,芍药居甲2号院 东向一居室 满五唯一 诚意出售,435万,97578元/平,顶层 (共6层) | 1988年建 | 1室1厅 | 44.58平米 | 东,https://ke-image.ljcdn.com/110000-inspection/pc1_1JB8E7BAE.jpg!m_fill,w_280,h_210,f_jpg?from=ke.com
20230523,朝阳,芍药居,101115912101,05年房子 4部电梯 户型没有浪费面积,720万,82731元/平,低楼层 (共28层) | 2005年建 | 2室1厅 | 87.03平米 | 西,https://ke-image.ljcdn.com/110000-inspection/pc1_14Y3qMMsW.jpg!m_fill,w_280,h_210,f_jpg?from=ke.com
20230523,朝阳,芍药居,101115879843,北四环内芍药居高楼层采光棒视野好小区安静干净,885万,89821元/平,中楼层 (共24层) | 1999年建 | 2室1厅 | 98.53平米 | 西南,https://ke-image.ljcdn.com/110000-inspection/pc1_ig3yHBwWS.jpg!m_fill,w_280,h_210,f_jpg?from=ke.com
20230523,朝阳,芍药居,101115844580,明厨明卫 不临街 采光充足无遮挡 满五年 唯一,575万,88056元/平,高楼层 (共7层) | 1994年建 | 2室1厅 | 65.3平米 | 东 西,https://ke-image.ljcdn.com/110000-inspection/pc1_4N7r9XCLo.jpg!m_fill,w_280,h_210,f_jpg?from=ke.com
20230523,朝阳,芍药居,101115770135,芍药居甲2号院 东南2居 两卧朝南 视野采光好 看房方便房主自荐,720万,92928元/平,中楼层 (共18层) | 1996年建 | 2室1厅 | 77.48平米 | 东南,https://ke-image.ljcdn.com/110000-inspection/pc1_JPwIymxnB.jpg!m_fill,w_280,h_210,f_jpg?from=ke.com
20230523,朝阳,芍药居,101115687822,芍药居北里 2室1厅 西,850万,90091元/平,中楼层 (共11层) | 2008年建 | 2室1厅 | 94.35平米 | 西,https://ke-image.ljcdn.com/110000-inspection/pc1_nJDsFv5As.jpg!m_fill,w_280,h_210,f_jpg?from=ke.com
20230523,朝阳,芍药居,101115680719,芍药居北里 精装修两居 满五年无遮挡诚心出售房主自荐,680万,79006元/平,低楼层 (共24层) | 1998年建 | 2室1厅 | 86.07平米 | 东,https://ke-image.ljcdn.com/110000-inspection/pc1_kntYO6BH0.jpg!m_fill,w_280,h_210,f_jpg?from=ke.com
20230523,朝阳,芍药居,101115676945,芍药居北里满五唯一客厅朝南大一居,489万,97044元/平,中楼层 (共7层) | 1995年建 | 1室1厅 | 50.39平米 | 东 南,https://ke-image.ljcdn.com/110000-inspection/pc1_vnnBMOi66.jpg!m_fill,w_280,h_210,f_jpg?from=ke.com
20230523,朝阳,芍药居,101115596373,芍药居 满五年 双地铁500米 精装修 环境好车位足,799万,91325元/平,高楼层 (共18层) | 1997年建 | 3室1厅 | 87.49平米 | 东 西北,https://ke-image.ljcdn.com/110000-inspection/pc1_bar1yyWAM.jpg!m_fill,w_280,h_210,f_jpg?from=ke.com
20230523,朝阳,芍药居,101115588545,芍药居北里全南带电梯一居室,488万,96063元/平,顶层 (共14层) | 1997年建 | 1室1厅 | 50.8平米 | 南,https://ke-image.ljcdn.com/110000-inspection/pc1_6shF7YeOj.jpg!m_fill,w_280,h_210,f_jpg?from=ke.com
20230523,朝阳,芍药居,101115439216,芍药居北里2000年大三居业主诚心出售,1050万,72851元/平,中楼层 (共24层) | 2000年建 | 3室1厅 | 144.13平米 | 南 北,https://ke-image.ljcdn.com/110000-inspection/pc1_hGQlldNNy.jpg!m_fill,w_280,h_210,f_jpg?from=ke.com
20230523,朝阳,芍药居,101115370787,大区聚焦房 有电梯 采光好 视野好 满五唯一,868万,76605元/平,高楼层 (共14层) | 2002年建 | 2室1厅 | 113.31平米 | 东,https://ke-image.ljcdn.com/110000-inspection/pc1_KeyaQ4r6A.jpg!m_fill,w_280,h_210,f_jpg?from=ke.com
20230523,朝阳,芍药居,101115339483,芍药居北里2008年西南大两居三阳台户型没有浪费,950万,89094元/平,中楼层 (共26层) | 2008年建 | 2室2厅 | 106.63平米 | 西南,https://ke-image.ljcdn.com/110000-inspection/f21db589-1ec6-4a2c-880c-0bd2f92c5cbe_1000.jpg!m_fill,w_280,h_210,f_jpg?from=ke.com
20230523,朝阳,芍药居,101115181509,08年商品房 新换物业 落地窗东向开间,495万,103861元/平,低楼层 (共15层) | 2008年建 | 1室0厅 | 47.66平米 | 东,https://ke-image.ljcdn.com/110000-inspection/pc1_JjarEZmCR.jpg!m_fill,w_280,h_210,f_jpg?from=ke.com
20230523,朝阳,芍药居,101115166341,芍药居北里 三居室 户型方正  诚意出售,426万,49455元/平,地下室 (共7层) | 1994年建 | 3室1厅 | 86.14平米 | 南 北,https://ke-image.ljcdn.com/110000-inspection/pc1_hrPdsXb6V.jpg!m_fill,w_280,h_210,f_jpg?from=ke.com
20230523,朝阳,芍药居,101114863517,三面朝南没遮挡 双卫 芍药居北里,1380万,96999元/平,低楼层 (共24层) | 2000年建 | 3室1厅 | 142.27平米 | 东南 南,https://ke-image.ljcdn.com/110000-inspection/pc1_KJAPKxjNe.jpg!m_fill,w_280,h_210,f_jpg?from=ke.com
20230523,朝阳,芍药居,101114835436,高原街4号院明厨明卫2居精装修小区管理好,550万,99873元/平,高楼层 (共6层) | 1991年建 | 2室1厅 | 55.07平米 | 南 北,https://ke-image.ljcdn.com/110000-inspection/pc1_UHA6hZc6i.jpg!m_fill,w_280,h_210,f_jpg?from=ke.com
20230523,朝阳,芍药居,101114830611,芍药居北里 东南向两居室 满五唯一,780万,84016元/平,中楼层 (共24层) | 2005年建 | 2室1厅 | 92.84平米 | 东南,https://ke-image.ljcdn.com/110000-inspection/f6778cd6-35c8-47de-8fcf-c1c78d6dbf66_1000.jpg!m_fill,w_280,h_210,f_jpg?from=ke.com
20230523,朝阳,芍药居,101114801635,芍药居甲2号院东南向精装修带电梯两居室,730万,94218元/平,中楼层 (共18层) | 1997年建 | 2室1厅 | 77.48平米 | 东南 南,https://ke-image.ljcdn.com/110000-inspection/pc1_Hz4aUWBat_1.jpg!m_fill,w_280,h_210,f_jpg?from=ke.com
20230523,朝阳,芍药居,101114752239,芍药居北里 实用小三居 中间楼层 满五唯一 诚心出售,945万,118824元/平,中楼层 (共12层) | 1997年建 | 3室1厅 | 79.53平米 | 东 西,https://ke-image.ljcdn.com/110000-inspection/pc1_OZIbD3DjL.jpg!m_fill,w_280,h_210,f_jpg?from=ke.com
20230523,朝阳,芍药居,101114698767,芍药居北里08年两居楼层高视野采光好满五年唯一,728万,82690元/平,高楼层 (共22层) | 2008年建 | 2室1厅 | 88.04平米 | 西,https://ke-image.ljcdn.com/110000-inspection/pc1_zOFgZXZmU.jpg!m_fill,w_280,h_210,f_jpg?from=ke.com
20230523,朝阳,芍药居,101114693379,房子是2008年建成户型方正楼下花园房主自荐,580万,84561元/平,中楼层 (共27层) | 2008年建 | 1室1厅 | 68.59平米 | 北,https://ke-image.ljcdn.com/110000-inspection/pc1_yUQLjdoS6.jpg!m_fill,w_280,h_210,f_jpg?from=ke.com
20230523,朝阳,芍药居,101114596392,芍药居甲2正规大一居室南北双阳台户型方正利用率高,530万,93409元/平,中楼层 (共6层) | 1992年建 | 1室1厅 | 56.74平米 | 南 北,https://ke-image.ljcdn.com/110000-inspection/pc1_nGAcyLBmG.jpg!m_fill,w_280,h_210,f_jpg?from=ke.com
20230523,朝阳,芍药居,101114560004,芍药居北里 东南向两居室  精装修 满5年 业主诚售,840万,95836元/平,中楼层 (共24层) | 1999年建 | 2室1厅 | 87.65平米 | 东 南,https://ke-image.ljcdn.com/110000-inspection/fc3c45f9-a87b-4003-b40b-eafbc9ec9790_1000.jpg!m_fill,w_280,h_210,f_jpg?from=ke.com
20230523,朝阳,芍药居,101114516558,芍药居北里朝南一居满五年精装修看房方便,525万,110480元/平,低楼层 (共24层) | 1997年建 | 1室1厅 | 47.52平米 | 南,https://ke-image.ljcdn.com/110000-inspection/pc1_e39DT6F1d.jpg!m_fill,w_280,h_210,f_jpg?from=ke.com
20230523,朝阳,芍药居,101114374472,芍药居北里 05年新楼一居 明厨明卫房主自荐,570万,78959元/平,低楼层 (共28层) | 2005年建 | 1室1厅 | 72.19平米 | 北,https://ke-image.ljcdn.com/110000-inspection/pc1_iPMskD9z6.jpg!m_fill,w_280,h_210,f_jpg?from=ke.com
20230523,朝阳,芍药居,101114211313,南北通透小两居业主诚意出售看房方便采光好房主自荐,498万,111685元/平,高楼层 (共6层) | 1988年建 | 2室1厅 | 44.59平米 | 南 北,https://ke-image.ljcdn.com/110000-inspection/pc1_v9DbUnoQz_1.jpg!m_fill,w_280,h_210,f_jpg?from=ke.com
20230523,朝阳,芍药居,101114178240,芍药居北里2000年1居满五年商品房精装修,500万,94877元/平,中楼层 (共25层) | 2000年建 | 1室1厅 | 52.7平米 | 北 东,https://ke-image.ljcdn.com/110000-inspection/pc1_BxXrKNHJL_1.jpg!m_fill,w_280,h_210,f_jpg?from=ke.com
20230523,朝阳,芍药居,101114163807,育慧街2号院南北通透前后花园,579万,90173元/平,中楼层 (共6层) | 1988年建 | 2室1厅 | 64.21平米 | 南 北,https://ke-image.ljcdn.com/110000-inspection/pc1_R7QnMS3sa.jpg!m_fill,w_280,h_210,f_jpg?from=ke.com
20230523,朝阳,芍药居,101114135294,南北通透户型好 单独物业管理强 满五唯一,1295万,85406元/平,低楼层 (共14层) | 2002年建 | 3室1厅 | 151.63平米 | 南 北,https://ke-image.ljcdn.com/110000-inspection/pc1_yWJ4Mh14c.jpg!m_fill,w_280,h_210,f_jpg?from=ke.com
20230523,朝阳,芍药居,101114072500,芍药居20号院 2000年东南向环境好不遮挡,1190万,84958元/平,底层 (共24层) | 2000年建 | 3室1厅 | 140.07平米 | 东南,https://ke-image.ljcdn.com/110000-inspection/pc1_r7mtUjqVp_1.jpg!m_fill,w_280,h_210,f_jpg?from=ke.com
20230523,朝阳,芍药居,101114069577,芍药居5号院  满五唯一  南北通透一居室房主自荐,480万,112889元/平,顶层 (共6层) | 1986年建 | 1室1厅 | 42.52平米 | 南 北,https://ke-image.ljcdn.com/110000-inspection/pc1_bHjuqluz4.jpg!m_fill,w_280,h_210,f_jpg?from=ke.com
20230523,朝阳,芍药居,101113989581,芍药居北里110北向一居室诚意出售高楼层视野好房主自荐,520万,94374元/平,中楼层 (共24层) | 1997年建 | 1室1厅 | 55.1平米 | 北,https://ke-image.ljcdn.com/110000-inspection/c2a353e5-ee9c-4690-92b6-046baaeb53a2_1000.jpg!m_fill,w_280,h_210,f_jpg?from=ke.com
20230523,朝阳,芍药居,101113527906,芍药居 整规大两居 诚心出售 随时签约,830万,70114元/平,低楼层 (共14层) | 2000年建 | 2室1厅 | 118.38平米 | 南 北,https://ke-image.ljcdn.com/110000-inspection/pc1_xq5ieSxhG.jpg!m_fill,w_280,h_210,f_jpg?from=ke.com
20230523,朝阳,芍药居,101113470131,芍药居北里 电梯大一居 安静不临街,530万,83034元/平,低楼层 (共24层) | 1998年建 | 1室1厅 | 63.83平米 | 东北,https://ke-image.ljcdn.com/110000-inspection/pc1_7hjb33wXM_1.jpg!m_fill,w_280,h_210,f_jpg?from=ke.com
20230523,朝阳,芍药居,101113441019,芍药居北里 2008年建成 朝东向 楼下花园一居室房主自荐,620万,83989元/平,中楼层 (共20层) | 2008年建 | 1室1厅 | 73.82平米 | 东,https://ke-image.ljcdn.com/110000-inspection/4bbe517b-cdb8-4ac7-b793-c5a63485cd1a_1000.jpg!m_fill,w_280,h_210,f_jpg?from=ke.com
20230523,朝阳,芍药居,101113415323,芍药居北里  满五唯一商品房  南北朝向,375万,62952元/平,地下室 (共7层) 2室1厅 | 59.57平米 | 南 北,https://ke-image.ljcdn.com/110000-inspection/b76f13cb-b9ac-4c53-8532-f94290f68892_1000.jpg!m_fill,w_280,h_210,f_jpg?from=ke.com
20230523,朝阳,芍药居,101113221838,芍药居北里 满五年唯一商品房 产权清晰房主自荐,385万,87860元/平,地下室 (共7层) 1室1厅 | 43.82平米 | 东,https://ke-image.ljcdn.com/110000-inspection/2eeb3cf4-5cc7-4dd0-894f-841818e29d36_1000.jpg!m_fill,w_280,h_210,f_jpg?from=ke.com
20230523,朝阳,芍药居,101113067622,芍药居北里小区电梯房不临街安静,772万,95486元/平,中楼层 (共14层) 2室1厅 | 80.85平米 | 西,https://ke-image.ljcdn.com/110000-inspection/ed4fc5a7-c8b3-42a5-8776-e882b6150926_1000.jpg!m_fill,w_280,h_210,f_jpg?from=ke.com
20230523,朝阳,芍药居,101113060930,南北通透  2005年建成  精装修 户型方正 双阳台房主自荐,869万,86442元/平,高楼层 (共24层) | 2005年建 | 2室1厅 | 100.53平米 | 南 北,https://ke-image.ljcdn.com/110000-inspection/pc1_1o88BkbgH_1.jpg!m_fill,w_280,h_210,f_jpg?from=ke.com
20230523,朝阳,芍药居,101113039771,芍药居北里东南向一居落地飘窗无户口无抵押。,525万,104395元/平,中楼层 (共22层) | 2008年建 | 1室1厅 | 50.29平米 | 东南,https://ke-image.ljcdn.com/110000-inspection/pc1_OiSJbdO5W_1.jpg!m_fill,w_280,h_210,f_jpg?from=ke.com
20230523,朝阳,芍药居,101112898692,芍药居北里 满五唯一 精装修 安静 正规两居室,658万,92287元/平,中楼层 (共24层) | 1998年建 | 2室1厅 | 71.3平米 | 南 西,https://ke-image.ljcdn.com/110000-inspection/78daeffa-d8a3-4d5e-a2d1-ab30aa785d2f_1000.jpg!m_fill,w_280,h_210,f_jpg?from=ke.com
20230523,朝阳,芍药居,101112693947,2000年商品房楼道管理好三梯九户东南向两居室房主自荐,920万,84598元/平,低楼层 (共24层) | 2000年建 | 2室1厅 | 108.75平米 | 东南,https://ke-image.ljcdn.com/110000-inspection/pc1_sZ5O82a8K_1.jpg!m_fill,w_280,h_210,f_jpg?from=ke.com
20230523,朝阳,芍药居,101112504502,精装修 朝南落地飘窗 地暖 近地铁,455万,107718元/平,高楼层 (共15层) | 2008年建 | 1室0厅 | 42.24平米 | 南,https://ke-image.ljcdn.com/110000-inspection/pc1_ZrxsiDa2z.jpg!m_fill,w_280,h_210,f_jpg?from=ke.com
20230523,朝阳,芍药居,101112076255,满五年唯一看房随时随时可签,435万,97578元/平,顶层 (共6层) | 1990年建 | 1室1厅 | 44.58平米 | 东,https://ke-image.ljcdn.com/110000-inspection/pc1_WkakqTF6U.jpg!m_fill,w_280,h_210,f_jpg?from=ke.com
20230523,朝阳,芍药居,101111999574,芍药居北里优质房源优质好楼两居,640万,81106元/平,低楼层 (共24层) | 1999年建 | 2室1厅 | 78.91平米 | 东 东南 南,https://ke-image.ljcdn.com/110000-inspection/pc1_Z0LD98dFE.jpg!m_fill,w_280,h_210,f_jpg?from=ke.com
20230523,朝阳,芍药居,101110977918,芍药居甲2号院 2008年商品房 朝南开间 诚意出售,483万,114918元/平,低楼层 (共15层) | 2008年建 | 1室0厅 | 42.03平米 | 南,https://ke-image.ljcdn.com/110000-inspection/pc1_IK6g16soL_1.jpg!m_fill,w_280,h_210,f_jpg?from=ke.com
20230523,朝阳,芍药居,101110554756,芍药居北里两居室南北通透满五唯一,689万,102683元/平,低楼层 (共12层) | 1997年建 | 2室1厅 | 67.1平米 | 南 北,https://ke-image.ljcdn.com/110000-inspection/pc1_Ss034przM_1.jpg!m_fill,w_280,h_210,f_jpg?from=ke.com
20230523,朝阳,芍药居,101110410639,芍药居北里 南向一居室 户型方正 采光好,560万,110020元/平,底层 (共7层) | 2001年建 | 1室1厅 | 50.9平米 | 南,https://ke-image.ljcdn.com/110000-inspection/pc1_AEqEMRA2I_1.jpg!m_fill,w_280,h_210,f_jpg?from=ke.com
20230523,朝阳,芍药居,101110127686,芍药居北里 南北三居室 满五唯一,480万,79300元/平,地下室 (共7层) | 2012年建 | 3室1厅 | 60.53平米 | 南 北,https://ke-image.ljcdn.com/110000-inspection/pc1_IzBNKg75D_1.jpg!m_fill,w_280,h_210,f_jpg?from=ke.com
20230523,朝阳,芍药居,101106499037,吉利家园24小时热水24小时保安房主自荐,910万,78980元/平,底层 (共24层) | 2002年建 | 2室1厅 | 115.22平米 | 西,https://ke-image.ljcdn.com/110000-inspection/pc1_kAXVSq6np.jpg!m_fill,w_280,h_210,f_jpg?from=ke.com
20230523,朝阳,芍药居,101119372454,芍药居北里 1室1厅 东北新上,475万,86207元/平,顶层 (共24层) | 1997年建 | 1室1厅 | 55.1平米 | 东北,https://ke-image.ljcdn.com/110000-inspection/pc1_n8WkUlve3.jpg!m_fill,w_280,h_210,f_jpg?from=ke.com
20230523,朝阳,芍药居,101119365874,精装修朝东向两居室满五年唯一新上,620万,86532元/平,低楼层 (共24层) 2室1厅 | 71.65平米 | 东,https://ke-image.ljcdn.com/110000-inspection/pc1_jMrCoLXkG.jpg!m_fill,w_280,h_210,f_jpg?from=ke.com
20230523,朝阳,芍药居,101119346483,2008年南北3居明厨明卫楼下小区花园不临街新上,936万,80711元/平,低楼层 (共12层) | 2008年建 | 3室1厅 | 115.97平米 | 南 北,https://ke-image.ljcdn.com/110000-inspection/a4edc074-81de-4520-b497-6f300f189fed_1000.jpg!m_fill,w_280,h_210,f_jpg?from=ke.com
20230523,朝阳,芍药居,101119324710,芍药居 把边户型  全明格局 精装修  中间楼层新上,539万,92820元/平,中楼层 (共6层) | 1985年建 | 2室1厅 | 58.07平米 | 南 北 东,https://ke-image.ljcdn.com/110000-inspection/pc1_m1ZnI6eiA.jpg!m_fill,w_280,h_210,f_jpg?from=ke.com
20230523,朝阳,芍药居,101119318320,芍药居 2室1厅 南新上,770万,100680元/平,中楼层 (共18层) | 1997年建 | 2室1厅 | 76.48平米 | 南,https://ke-image.ljcdn.com/110000-inspection/pc1_QZIo5lPNF.jpg!m_fill,w_280,h_210,f_jpg?from=ke.com
20230523,朝阳,芍药居,101119318142,芍药居甲2号院 2室2厅 西北新上,765万,70281元/平,顶层 (共20层) 2室2厅 | 108.85平米 | 西北,https://ke-image.ljcdn.com/110000-inspection/pc1_LWDKU3aqm.jpg!m_fill,w_280,h_210,f_jpg?from=ke.com
20230523,朝阳,芍药居,101119311874,芍药居北里满5唯一  高楼层视野好 无户口无抵押 急售新上,460万,77940元/平,顶层 (共24层) | 1997年建 | 1室1厅 | 59.02平米 | 北,https://ke-image.ljcdn.com/110000-inspection/69bc32be-79f1-4c3d-a7e2-56de586c7e42_1000.jpg!m_fill,w_280,h_210,f_jpg?from=ke.com
20230523,朝阳,芍药居,101119310752,芍药居14号院 2室1厅 南 北新上,580万,97234元/平,中楼层 (共6层) 2室1厅 | 59.65平米 | 南 北,https://ke-image.ljcdn.com/110000-inspection/pc1_ZX6qIWKQc.jpg!m_fill,w_280,h_210,f_jpg?from=ke.com
20230523,朝阳,芍药居,101119297930,房子满五年户型好南北朝向全明户型采光好新上,584万,97010元/平,中楼层 (共7层) 2室1厅 | 60.2平米 | 南 西 北,https://ke-image.ljcdn.com/110000-inspection/pc1_jO6a9q24S.jpg!m_fill,w_280,h_210,f_jpg?from=ke.com
20230523,朝阳,芍药居,101119239645,芍药居北里 把边南北两居室 南北双阳台 不临街,715万,83803元/平,低楼层 (共24层) | 1996年建 | 2室1厅 | 85.32平米 | 西 南 北,https://ke-image.ljcdn.com/110000-inspection/pc1_FJVvp0WNq.jpg!m_fill,w_280,h_210,f_jpg?from=ke.com
20230523,朝阳,芍药居,101119181368,惠新东街14号院 精装修 采光充足 位置安静 配套齐全房主自荐,680万,82705元/平,高楼层 (共6层) | 1992年建 | 2室1厅 | 82.22平米 | 南 西,https://ke-image.ljcdn.com/110000-inspection/pc1_mLKn3Btfo.jpg!m_fill,w_280,h_210,f_jpg?from=ke.com
20230523,朝阳,芍药居,101119178038,满五唯一南北通透格局楼层好视野宽阔采光充足,890万,80275元/平,低楼层 (共14层) 3室2厅 | 110.87平米 | 南 北,https://ke-image.ljcdn.com/110000-inspection/pc1_0M5yNpztK.jpg!m_fill,w_280,h_210,f_jpg?from=ke.com
20230523,朝阳,芍药居,101119161053,芍药居5号院南北向2居室安静不临街,475万,106527元/平,高楼层 (共6层) | 1988年建 | 2室0厅 | 44.59平米 | 南 北,https://ke-image.ljcdn.com/110000-inspection/pc1_LwGGthZAZ.jpg!m_fill,w_280,h_210,f_jpg?from=ke.com
20230523,朝阳,芍药居,101119156908,芍药居北里三居室格局方正采光好,930万,78988元/平,中楼层 (共24层) | 2005年建 | 3室1厅 | 117.74平米 | 西北,https://ke-image.ljcdn.com/110000-inspection/pc1_DSsq9An2D.jpg!m_fill,w_280,h_210,f_jpg?from=ke.com
20230523,朝阳,芍药居,101119064447,北四环芍药居4号院带车  满五年唯一 可以随时签约,730万,89714元/平,高楼层 (共18层) | 1998年建 | 2室1厅 | 81.37平米 | 东南,https://ke-image.ljcdn.com/110000-inspection/pc1_cUD0RnHBK_1.jpg!m_fill,w_280,h_210,f_jpg?from=ke.com
20230523,朝阳,芍药居,101119060465,芍药居北里08年新楼720度飘窗全明格局看花园,860万,79066元/平,低楼层 (共20层) | 2008年建 | 2室1厅 | 108.77平米 | 东 南 北,https://ke-image.ljcdn.com/110000-inspection/pc1_wiI1uuNOm.jpg!m_fill,w_280,h_210,f_jpg?from=ke.com
20230523,朝阳,芍药居,101119034695,芍药居北里带平台南北通透3居复式采光好,835万,72014元/平,高楼层 (共7层) 3室2厅 | 115.95平米 | 南 北,https://ke-image.ljcdn.com/110000-inspection/pc1_RsdqROR6S.jpg!m_fill,w_280,h_210,f_jpg?from=ke.com
20230523,朝阳,芍药居,101119014856,芍药居北里塔楼大两居 满五年唯一 无遮挡诚意出售,677万,107410元/平,中楼层 (共24层) | 1997年建 | 2室1厅 | 63.03平米 | 西,https://ke-image.ljcdn.com/110000-inspection/pc1_zf6UOf9nr_1.jpg!m_fill,w_280,h_210,f_jpg?from=ke.com
20230523,朝阳,芍药居,101119004111,总监推荐芍药居北里南北两居双卧朝南大阳台,599万,89711元/平,中楼层 (共7层) | 1994年建 | 2室1厅 | 66.77平米 | 南 北,https://ke-image.ljcdn.com/110000-inspection/pc1_K7EoDUqQZ.jpg!m_fill,w_280,h_210,f_jpg?from=ke.com
20230523,朝阳,芍药居,101118994456,采光好 无遮挡 南北通透 刚改造,615万,94326元/平,中楼层 (共7层) 2室1厅 | 65.2平米 | 南 北,https://ke-image.ljcdn.com/110000-inspection/pc1_gARCwfpl5.jpg!m_fill,w_280,h_210,f_jpg?from=ke.com
20230523,朝阳,芍药居,101118960194,芍药居2号院 1室1厅 西 东,435万,96474元/平,高楼层 (共6层) | 1997年建 | 1室1厅 | 45.09平米 | 西 东,https://ke-image.ljcdn.com/110000-inspection/pc1_WOECrKCnc.jpg!m_fill,w_280,h_210,f_jpg?from=ke.com
20230523,朝阳,芍药居,101118949036,芍药居近地铁电梯两居！有钥匙随时看！二套可多贷,539万,91996元/平,中楼层 (共18层) | 1991年建 | 2室1厅 | 58.59平米 | 南,https://ke-image.ljcdn.com/110000-inspection/pc1_NsoXPm3B7.jpg!m_fill,w_280,h_210,f_jpg?from=ke.com
20230523,朝阳,芍药居,101118929050,芍药居  东向一居室  视野无遮挡 采光好,500万,107021元/平,高楼层 (共18层) | 1997年建 | 1室1厅 | 46.72平米 | 东,https://ke-image.ljcdn.com/110000-inspection/pc1_f6DYoxmys.jpg!m_fill,w_280,h_210,f_jpg?from=ke.com
20230523,朝阳,芍药居,101118872219,芍药居北里 东西通透   无抵押 东西通透 产权清晰,360万,61835元/平,地下室 (共7层) 2室1厅 | 58.22平米 | 东 西,https://ke-image.ljcdn.com/110000-inspection/pc1_VjRotdlow_1.jpg!m_fill,w_280,h_210,f_jpg?from=ke.com
20230523,朝阳,芍药居,101118863468,芍药居北里2005年楼龄户型方正诚意出售,766万,81334元/平,低楼层 (共24层) | 2005年建 | 2室1厅 | 94.18平米 | 东北,https://ke-image.ljcdn.com/110000-inspection/pc1_hOMcKxYHR_1.jpg!m_fill,w_280,h_210,f_jpg?from=ke.com
20230523,朝阳,芍药居,101118824683,高原街4号院  芍药居南北通透两居室,550万,105709元/平,底层 (共6层) | 1990年建 | 2室1厅 | 52.03平米 | 南 北,https://ke-image.ljcdn.com/110000-inspection/pc1_VRhAs5pAh.jpg!m_fill,w_280,h_210,f_jpg?from=ke.com
20230523,朝阳,芍药居,101118815375,芍药居北里2008年新楼满五唯一2梯6户户型方正房主自荐,935万,86096元/平,低楼层 (共27层) | 2008年建 | 3室1厅 | 108.6平米 | 东 西,https://ke-image.ljcdn.com/110000-inspection/pc1_nG4sMNbaB.jpg!m_fill,w_280,h_210,f_jpg?from=ke.com
20230523,朝阳,芍药居,101118811439,芍药居北里+满五唯一+精装修+采光好,775万,98077元/平,中楼层 (共14层) | 1996年建 | 2室1厅 | 79.02平米 | 东 南 西,https://ke-image.ljcdn.com/110000-inspection/pc1_QRQT2kAaP_1.jpg!m_fill,w_280,h_210,f_jpg?from=ke.com
20230523,朝阳,芍药居,101118802941,芍药居北里南北通透3居满5唯一二套可贷300万,760万,80663元/平,高楼层 (共7层) | 1995年建 | 3室1厅 | 94.22平米 | 南 北,https://ke-image.ljcdn.com/110000-inspection/pc1_w45RjJoxV_1.jpg!m_fill,w_280,h_210,f_jpg?from=ke.com
20230523,朝阳,芍药居,101118762222,芍药居北里 南向一居室  业主诚心出售 随时签约,345万,79038元/平,地下室 (共7层) | 1994年建 | 1室1厅 | 43.65平米 | 南,https://ke-image.ljcdn.com/110000-inspection/c62afbde-fa1c-497b-89e6-fa8841a91c66_1000.jpg!m_fill,w_280,h_210,f_jpg?from=ke.com
20230523,朝阳,芍药居,101118683322,芍药居中石化三居室 客厅卧室朝南双阳台有门禁门卫房主自荐,935万,92740元/平,中楼层 (共12层) 3室1厅 | 100.82平米 | 南 北,https://ke-image.ljcdn.com/110000-inspection/pc1_HPYjTRI63.jpg!m_fill,w_280,h_210,f_jpg?from=ke.com
20230523,朝阳,芍药居,101118671280,芍药居北里 30万精装 朝南一居室 不临街 无遮挡采光好房主自荐,470万,104213元/平,低楼层 (共7层) 1室1厅 | 45.1平米 | 南,https://ke-image.ljcdn.com/110000-inspection/pc1_B3ZLp3LJA.jpg!m_fill,w_280,h_210,f_jpg?from=ke.com
20230523,朝阳,芍药居,101118669637,店长优推 精装！南向三居 小区中间 安静 采光视野棒房主自荐,799万,89836元/平,高楼层 (共7层) | 1994年建 | 3室1厅 | 88.94平米 | 南,https://ke-image.ljcdn.com/110000-inspection/pc1_FPpfAIoiX.jpg!m_fill,w_280,h_210,f_jpg?from=ke.com
20230523,朝阳,芍药居,101118622138,芍药居北里 2008年 精装一居室,510万,79070元/平,顶层 (共11层) | 2008年建 | 1室1厅 | 64.5平米 | 西,https://ke-image.ljcdn.com/110000-inspection/pc1_oJzqdXxUK.jpg!m_fill,w_280,h_210,f_jpg?from=ke.com
20230523,朝阳,芍药居,101118609111,芍药居北里 满五年 户型方正 客厅带明窗,495万,83264元/平,高楼层 (共24层) | 1997年建 | 1室1厅 | 59.45平米 | 西北,https://ke-image.ljcdn.com/110000-inspection/pc1_i7LZqurgm_1.jpg!m_fill,w_280,h_210,f_jpg?from=ke.com
20230523,朝阳,芍药居,101118594799,芍药居北里精装修拎包入住户型布局合理无浪费,489万,82254元/平,低楼层 (共24层) | 1997年建 | 2室1厅 | 59.45平米 | 西北,https://ke-image.ljcdn.com/110000-inspection/pc1_GrOGSjmSM.jpg!m_fill,w_280,h_210,f_jpg?from=ke.com
20230523,朝阳,芍药居,101118559486,芍药居北里 全南向两居 户型方正 满五年唯一,630万,84941元/平,顶层 (共24层) | 1997年建 | 2室1厅 | 74.17平米 | 东南,https://ke-image.ljcdn.com/110000-inspection/pc1_6J8Jzxbx0.jpg!m_fill,w_280,h_210,f_jpg?from=ke.com
20230523,朝阳,芍药居,101118557010,芍药居正规南向一居室   精装修 无遮挡 视野开阔,515万,102468元/平,高楼层 (共18层) | 1989年建 | 1室1厅 | 50.26平米 | 南,https://ke-image.ljcdn.com/110000-inspection/7043168f-d2d1-48b0-955b-01f791dddb05_1000.jpg!m_fill,w_280,h_210,f_jpg?from=ke.com
20230523,朝阳,芍药居,101118554854,芍药居 3室2厅 南 北,938万,76026元/平,低楼层 (共14层) | 2002年建 | 3室2厅 | 123.38平米 | 南 北,https://ke-image.ljcdn.com/110000-inspection/pc1_iFC6boC4l_1.jpg!m_fill,w_280,h_210,f_jpg?from=ke.com
20230523,朝阳,芍药居,101118539905,【店长推荐】南北通透两居室中间层  诚心出售,610万,101329元/平,中楼层 (共7层) | 1994年建 | 2室1厅 | 60.2平米 | 南 北,https://ke-image.ljcdn.com/110000-inspection/pc1_ul9lRlyT8.jpg!m_fill,w_280,h_210,f_jpg?from=ke.com
20230523,朝阳,芍药居,101118536972,2008年楼盘 楼下花园 朝东采光充足 安静舒适,710万,72881元/平,顶层 (共11层) | 2008年建 | 2室1厅 | 97.42平米 | 东,https://ke-image.ljcdn.com/110000-inspection/pc1_5WnPVuUyq.jpg!m_fill,w_280,h_210,f_jpg?from=ke.com
20230523,朝阳,芍药居,101118532706,高原街  南北通透 全明户型 满五唯一 产权清晰,518万,89481元/平,顶层 (共6层) | 1989年建 | 2室1厅 | 57.89平米 | 南 北,https://ke-image.ljcdn.com/110000-inspection/pc1_jEAuOCALf.jpg!m_fill,w_280,h_210,f_jpg?from=ke.com
20230523,朝阳,芍药居,101118528210,《店长推荐》芍药居北里 南向两居室 诚心出售,630万,74486元/平,低楼层 (共24层) | 1998年建 | 2室1厅 | 84.58平米 | 西南,https://ke-image.ljcdn.com/110000-inspection/pc1_19Rh1zwV4.jpg!m_fill,w_280,h_210,f_jpg?from=ke.com
20230523,朝阳,芍药居,101118512455,芍药居2号院 正规南北三居室 距离芍药居地铁站300米,950万,100989元/平,中楼层 (共7层) | 1999年建 | 3室1厅 | 94.07平米 | 南 西 北,https://ke-image.ljcdn.com/110000-inspection/pc1_L67YqV7N6.jpg!m_fill,w_280,h_210,f_jpg?from=ke.com
20230523,朝阳,芍药居,101118499908,芍药居北里 精装两居室 视野开阔,660万,76593元/平,低楼层 (共24层) 2室1厅 | 86.17平米 | 东,https://ke-image.ljcdn.com/110000-inspection/632c084b-3518-4c97-b09c-8b77dc37a6b9_1000.jpg!m_fill,w_280,h_210,f_jpg?from=ke.com
20230523,朝阳,芍药居,101118455594,芍药居北里优质一居室诚心出售无浪费面积,480万,87115元/平,底层 (共24层) | 1997年建 | 1室1厅 | 55.1平米 | 东北,https://ke-image.ljcdn.com/110000-inspection/pc1_8RE1bAbgU.jpg!m_fill,w_280,h_210,f_jpg?from=ke.com
20230523,朝阳,芍药居,101118425503,芍药居2号院 板楼低密适合居住 安静 地铁出行便利,910万,98603元/平,高楼层 (共7层) 3室1厅 | 92.29平米 | 南 北,https://ke-image.ljcdn.com/110000-inspection/pc1_5kCDoRTvL.jpg!m_fill,w_280,h_210,f_jpg?from=ke.com
20230523,朝阳,芍药居,101118398701,芍药居北里满五唯一商品房东西通透采光好房主自荐,563万,93259元/平,中楼层 (共7层) | 1995年建 | 2室1厅 | 60.37平米 | 东 西,https://ke-image.ljcdn.com/110000-inspection/6a0a20eb-0f64-4d1d-8b09-38bd2b294c81_1000.jpg!m_fill,w_280,h_210,f_jpg?from=ke.com
20230523,朝阳,芍药居,101118389215,芍药居北里 2000年商品房 满5唯一 视野好看望京商圈,777万,76102元/平,高楼层 (共24层) | 2000年建 | 2室1厅 | 102.1平米 | 东,https://ke-image.ljcdn.com/110000-inspection/pc1_a92slFWqn.jpg!m_fill,w_280,h_210,f_jpg?from=ke.com
20230523,朝阳,芍药居,101118347513,芍药居北里 南北通透两居室 业主诚意出售 随时签约,620万,67502元/平,低楼层 (共24层) 2室1厅 | 91.85平米 | 北 南,https://ke-image.ljcdn.com/110000-inspection/pc1_JaWNjscUY_1.jpg!m_fill,w_280,h_210,f_jpg?from=ke.com
20230523,朝阳,芍药居,101118343805,复式南北透  采光充足 业主诚心出售 满5年唯一房主自荐,650万,67365元/平,高楼层 (共7层) | 1995年建 | 2室2厅 | 96.49平米 | 南 北,https://ke-image.ljcdn.com/110000-inspection/16c87a7e-f6e4-47a7-9283-2ca9151f44b6_1000.jpg!m_fill,w_280,h_210,f_jpg?from=ke.com
20230523,朝阳,芍药居,101118342620,芍药居全南向一居室临近地铁。,520万,103462元/平,顶层 (共18层) | 1991年建 | 1室1厅 | 50.26平米 | 南,https://ke-image.ljcdn.com/110000-inspection/pc1_yLVYbJdT9.jpg!m_fill,w_280,h_210,f_jpg?from=ke.com
20230523,朝阳,芍药居,101118318586,芍药居北里两居室南北通透满五唯一客厅带阳台新上,580万,90063元/平,中楼层 (共7层) | 1994年建 | 2室1厅 | 64.4平米 | 南 北,https://ke-image.ljcdn.com/110000-inspection/pc1_CRGGJSSOX_1.jpg!m_fill,w_280,h_210,f_jpg?from=ke.com
20230523,朝阳,芍药居,101118299248,房子满五年唯一业主诚心出售南北通透双卧室朝南,670万,91281元/平,中楼层 (共12层) 2室1厅 | 73.4平米 | 南 北,https://ke-image.ljcdn.com/110000-inspection/pc1_CP7dXSJUx.jpg!m_fill,w_280,h_210,f_jpg?from=ke.com
20230523,朝阳,芍药居,101118290457,芍药居北里2000年商品楼1居5年唯一高层不临街房主自荐,520万,86537元/平,高楼层 (共25层) | 2000年建 | 1室1厅 | 60.09平米 | 西南,https://ke-image.ljcdn.com/110000-inspection/pc1_SDeI4B1wd.jpg!m_fill,w_280,h_210,f_jpg?from=ke.com
20230523,朝阳,芍药居,101118286906,芍药居北里 2008年东南两居室  满五唯一,839万,94953元/平,高楼层 (共28层) | 2008年建 | 2室1厅 | 88.36平米 | 东南,https://ke-image.ljcdn.com/110000-inspection/pc1_kkjtwKb7l.jpg!m_fill,w_280,h_210,f_jpg?from=ke.com
20230523,朝阳,芍药居,101118237018,芍药居北里南北通透三居室 满五唯一采光好,699万,88841元/平,中楼层 (共7层) | 1995年建 | 3室1厅 | 78.68平米 | 南 北,https://ke-image.ljcdn.com/110000-inspection/e7891f56-d0fd-4ae5-bb84-d30a7ea44e89_1000.jpg!m_fill,w_280,h_210,f_jpg?from=ke.com
20230523,朝阳,芍药居,101118236110,高楼层视野好产权清晰稳定签约,650万,79981元/平,高楼层 (共24层) | 1998年建 | 2室1厅 | 81.27平米 | 东南,https://ke-image.ljcdn.com/110000-inspection/fd638008-3305-4255-8e5d-9e8a69e0fdd0_1000.jpg!m_fill,w_280,h_210,f_jpg?from=ke.com
20230523,朝阳,芍药居,101118232608,芍药居北里 2005年商品房 正规三居室 户型方正 格局好,958万,77811元/平,中楼层 (共28层) | 2005年建 | 3室1厅 | 123.12平米 | 东南 北,https://ke-image.ljcdn.com/110000-inspection/pc1_A0l7ppOPo_1.jpg!m_fill,w_280,h_210,f_jpg?from=ke.com
20230523,朝阳,芍药居,101118229298,芍药居北里08年东南次顶层大两居视野阳光充足,930万,86536元/平,高楼层 (共19层) | 2008年建 | 2室2厅 | 107.47平米 | 东南,https://ke-image.ljcdn.com/110000-inspection/b662a2fe-a469-42df-af8e-45915ec3b61a_1000.jpg!m_fill,w_280,h_210,f_jpg?from=ke.com
20230523,朝阳,芍药居,101118209931,高原街4号院 朝南一居室  随时签约,389万,92642元/平,底层 (共6层) | 1990年建 | 1室1厅 | 41.99平米 | 南,https://ke-image.ljcdn.com/110000-inspection/pc1_yCRlok6bg.jpg!m_fill,w_280,h_210,f_jpg?from=ke.com
20230523,朝阳,芍药居,101118197335,芍药居甲2号院 田字格3居 南北通透 两卧朝南 明厨明卫房主自荐,685万,92995元/平,中楼层 (共6层) | 1985年建 | 3室1厅 | 73.66平米 | 南 北,https://ke-image.ljcdn.com/110000-inspection/pc1_4ly3m9sN0.jpg!m_fill,w_280,h_210,f_jpg?from=ke.com
20230523,朝阳,芍药居,101118195888,全南的一居室2008年楼龄商品房,550万,97277元/平,顶层 (共11层) 1室1厅 | 56.54平米 | 南,https://ke-image.ljcdn.com/110000-inspection/pc1_9X7HnfV0h.jpg!m_fill,w_280,h_210,f_jpg?from=ke.com
20230523,朝阳,芍药居,101118144004,芍药居北里2008年商品房楼下小区花园业主诚心出售,599万,87331元/平,中楼层 (共27层) | 2008年建 | 1室1厅 | 68.59平米 | 北,https://ke-image.ljcdn.com/110000-inspection/pc1_DfUtJU4Ao.jpg!m_fill,w_280,h_210,f_jpg?from=ke.com
20230523,朝阳,芍药居,101118142667,芍药居北里南向一居室前后不临街采光无遮挡,450万,99338元/平,高楼层 (共7层) | 1994年建 | 1室1厅 | 45.3平米 | 南,https://ke-image.ljcdn.com/110000-inspection/pc1_yT9xXe0O5.jpg!m_fill,w_280,h_210,f_jpg?from=ke.com
20230523,朝阳,芍药居,101118125201,店长推荐 新上房源 无抵押 随时签约房主自荐,525万,87065元/平,中楼层 (共7层) | 1994年建 | 2室1厅 | 60.3平米 | 东 西,https://ke-image.ljcdn.com/110000-inspection/afb49a2c-7a09-4ca3-9331-38d16c95126e_1000.jpg!m_fill,w_280,h_210,f_jpg?from=ke.com
20230523,朝阳,芍药居,101118111109,芍药居北里 [店长推荐】南北通透高楼层采光充足,680万,78081元/平,高楼层 (共24层) | 1997年建 | 2室1厅 | 87.09平米 | 南 北,https://ke-image.ljcdn.com/110000-inspection/pc1_Be044uPq3.jpg!m_fill,w_280,h_210,f_jpg?from=ke.com
20230523,朝阳,芍药居,101118044669,芍药居北里08年建成大两居满五唯一,855万,98412元/平,中楼层 (共15层) | 2008年建 | 2室1厅 | 86.88平米 | 东南,https://ke-image.ljcdn.com/110000-inspection/pc1_t22uE0oA0.jpg!m_fill,w_280,h_210,f_jpg?from=ke.com
20230523,朝阳,芍药居,101117999135,四环里芍药居北里楼龄2008 年新房两梯6户,720万,75974元/平,中楼层 (共11层) | 2008年建 | 2室1厅 | 94.77平米 | 西,https://ke-image.ljcdn.com/110000-inspection/bab3de6f-b4ad-4df8-98b1-f47330ee0e11_1000.jpg!m_fill,w_280,h_210,f_jpg?from=ke.com
20230523,朝阳,芍药居,101117990893,吉利家园~24小时热水~小区安静有门禁~管理好,1038万,71616元/平,低楼层 (共24层) | 2000年建 | 3室1厅 | 144.94平米 | 西北,https://ke-image.ljcdn.com/110000-inspection/pc1_TidjztQAJ.jpg!m_fill,w_280,h_210,f_jpg?from=ke.com
20230523,朝阳,芍药居,101117990565,芍药居甲2号院全南向两居室低楼层,448万,110727元/平,中楼层 (共5层) 2室1厅 | 40.46平米 | 南,https://ke-image.ljcdn.com/110000-inspection/pc1_XSVOEkara_1.jpg!m_fill,w_280,h_210,f_jpg?from=ke.com
20230523,朝阳,芍药居,101117971686,2008年楼龄朝东向无遮挡采光和视野好,655万,90784元/平,中楼层 (共18层) | 2008年建 | 1室1厅 | 72.15平米 | 东,https://ke-image.ljcdn.com/110000-inspection/pc1_rwUjkvXvu.jpg!m_fill,w_280,h_210,f_jpg?from=ke.com
20230523,朝阳,芍药居,101117967131,芍药居北里 满五唯一 业主人好 随时腾房 配合签约房主自荐,530万,87894元/平,高楼层 (共7层) | 1994年建 | 2室1厅 | 60.3平米 | 东 西,https://ke-image.ljcdn.com/110000-inspection/pc1_9tpI95gXc.jpg!m_fill,w_280,h_210,f_jpg?from=ke.com
20230523,朝阳,芍药居,101117963919,芍药居14号院 南北通透 中间层 看房有钥匙 随时签约,550万,92220元/平,中楼层 (共6层) | 1990年建 | 2室1厅 | 59.64平米 | 南 北,https://ke-image.ljcdn.com/110000-inspection/pc1_acQx4qN9Z.jpg!m_fill,w_280,h_210,f_jpg?from=ke.com
20230523,朝阳,芍药居,101117961332,芍药居甲2号院 新上 正规一居 视野好 采光好,705万,96325元/平,中楼层 (共15层) | 2008年建 | 1室1厅 | 73.19平米 | 西,https://ke-image.ljcdn.com/110000-inspection/pc1_4GHT99P7r.jpg!m_fill,w_280,h_210,f_jpg?from=ke.com
20230523,朝阳,芍药居,101117957160,芍药居5号院 3室1厅 南 北,549万,85822元/平,顶层 (共7层) | 1997年建 | 3室1厅 | 63.97平米 | 南 北,https://ke-image.ljcdn.com/110000-inspection/pc1_AzwPxa3Pr.jpg!m_fill,w_280,h_210,f_jpg?from=ke.com
20230523,朝阳,芍药居,101117950438,芍药居 南北通透两居 全明格局 次顶层 产权清晰,530万,90290元/平,高楼层 (共6层) | 1989年建 | 2室1厅 | 58.7平米 | 南 北,https://ke-image.ljcdn.com/110000-inspection/pc1_t0WpuaHmC.jpg!m_fill,w_280,h_210,f_jpg?from=ke.com
20230523,朝阳,芍药居,101117941177,芍药居北里 满五唯一 商品房 带电梯,475万,73839元/平,中楼层 (共24层) | 1998年建 | 1室1厅 | 64.33平米 | 北,https://ke-image.ljcdn.com/110000-inspection/pc1_QU3ftXj2K_1.jpg!m_fill,w_280,h_210,f_jpg?from=ke.com
20230523,朝阳,芍药居,101117913023,芍药居北里02年板楼带电梯 独立小区 物业管理好房主自荐,705万,82698元/平,高楼层 (共14层) | 2002年建 | 2室1厅 | 85.25平米 | 西北,https://ke-image.ljcdn.com/110000-inspection/pc1_izn8dg6LZ.jpg!m_fill,w_280,h_210,f_jpg?from=ke.com
20230523,朝阳,芍药居,101117906925,芍药居 3室2厅 南 北,997万,80808元/平,低楼层 (共14层) | 2002年建 | 3室2厅 | 123.38平米 | 南 北,https://ke-image.ljcdn.com/110000-inspection/pc1_UFN08Ew4F.jpg!m_fill,w_280,h_210,f_jpg?from=ke.com
20230523,朝阳,芍药居,101117896658,芍药居北里 5室2厅 南 北,1050万,70470元/平,高楼层 (共7层) 5室2厅 | 149平米 | 南 北,https://ke-image.ljcdn.com/110000-inspection/pc1_usUXySiGv.jpg!m_fill,w_280,h_210,f_jpg?from=ke.com
20230523,朝阳,芍药居,101117878365,店长推荐 芍药居北里 满五唯一 业主诚意出售 楼层好,660万,76888元/平,中楼层 (共24层) | 1998年建 | 3室1厅 | 85.84平米 | 东,https://ke-image.ljcdn.com/110000-inspection/pc1_kHYkd5XbL.jpg!m_fill,w_280,h_210,f_jpg?from=ke.com
20230523,朝阳,芍药居,101117876901,芍药居北里精装修两居不临街 西南朝向 高楼层,630万,88298元/平,高楼层 (共24层) | 1998年建 | 2室1厅 | 71.35平米 | 南 西,https://ke-image.ljcdn.com/110000-inspection/pc1_IRk9FO91M.jpg!m_fill,w_280,h_210,f_jpg?from=ke.com
20230523,朝阳,芍药居,101117875775,芍药居北里318号楼西向一居室诚意出售,640万,85368元/平,低楼层 (共11层) 2室1厅 | 74.97平米 | 西,https://ke-image.ljcdn.com/110000-inspection/pc1_X3TH7lh2m.jpg!m_fill,w_280,h_210,f_jpg?from=ke.com
20230523,朝阳,芍药居,101117872179,东南两居房子格局方正双卧朝南视野开阔,698万,83623元/平,高楼层 (共24层) | 1996年建 | 2室1厅 | 83.47平米 | 东南,https://ke-image.ljcdn.com/110000-inspection/4166bfae-8a1a-42df-800d-318748fc6187_1000.jpg!m_fill,w_280,h_210,f_jpg?from=ke.com
20230523,朝阳,芍药居,101117871397,此房满五唯一 只有契税 双卧朝南,680万,83059元/平,低楼层 (共24层) | 1998年建 | 2室1厅 | 81.87平米 | 西南,https://ke-image.ljcdn.com/110000-inspection/pc1_JfinF9ePx.jpg!m_fill,w_280,h_210,f_jpg?from=ke.com
20230523,朝阳,芍药居,101117869230,芍药居北里板楼一居满两年商品房东西通透房主自荐,440万,96365元/平,中楼层 (共7层) | 1995年建 | 1室1厅 | 45.66平米 | 东 西,https://ke-image.ljcdn.com/110000-inspection/pc1_dtwOFYSDu.jpg!m_fill,w_280,h_210,f_jpg?from=ke.com
20230523,朝阳,芍药居,101117862449,芍药居北里+东向没遮挡+视野好风景佳+格局方正没浪费,615万,85441元/平,高楼层 (共24层) | 1995年建 | 2室1厅 | 71.98平米 | 东,https://ke-image.ljcdn.com/110000-inspection/f08b3b9e-964d-4e67-bcdd-43e5c80171cc_1000.jpg!m_fill,w_280,h_210,f_jpg?from=ke.com
20230523,朝阳,芍药居,101117858900,芍药居单价低 大复式 单独管理 近地铁,1398万,55452元/平,顶层 (共14层) | 2001年建 | 4室2厅 | 252.11平米 | 南 北,https://ke-image.ljcdn.com/110000-inspection/pc1_Vl83km5Oj_1.jpg!m_fill,w_280,h_210,f_jpg?from=ke.com
20230523,朝阳,芍药居,101117852729,新上楼层高视野开阔精装修全南向采光好房主自荐,370万,76892元/平,顶层 (共6层) | 1987年建 | 1室1厅 | 48.12平米 | 南,https://ke-image.ljcdn.com/110000-inspection/pc1_c7LFxINcj.jpg!m_fill,w_280,h_210,f_jpg?from=ke.com
20230523,朝阳,芍药居,101117834403,芍药居北里 南北通透的两居室  户型方正 看房方便,698万,82467元/平,低楼层 (共24层) 2室1厅 | 84.64平米 | 南 北,https://ke-image.ljcdn.com/110000-inspection/pc1_5mYWUVkrx.jpg!m_fill,w_280,h_210,f_jpg?from=ke.com
20230523,朝阳,芍药居,101117823788,聚焦好房 芍药居甲2号院大两居室 格局好利用,757万,69964元/平,低楼层 (共20层) | 1998年建 | 2室1厅 | 108.2平米 | 东北,https://ke-image.ljcdn.com/110000-inspection/pc1_uL8MeFwcu.jpg!m_fill,w_280,h_210,f_jpg?from=ke.com
20230523,朝阳,芍药居,101117817402,全南1居 客厅朝南 采光好 业主诚心出售 满5年唯一房主自荐,485万,102559元/平,中楼层 (共7层) | 1995年建 | 1室1厅 | 47.29平米 | 南,https://ke-image.ljcdn.com/110000-inspection/pc1_zSbKPQUGG.jpg!m_fill,w_280,h_210,f_jpg?from=ke.com
20230523,朝阳,芍药居,101117796264,芍药居北里  精装一居  随时看房  随时签约  优质推荐,486万,82026元/平,低楼层 (共24层) | 1998年建 | 1室1厅 | 59.25平米 | 北,https://ke-image.ljcdn.com/110000-inspection/pc1_T9loQxVLQ_1.jpg!m_fill,w_280,h_210,f_jpg?from=ke.com
20230523,朝阳,芍药居,101117792650,板楼低楼层房子朝小区里边安静不临街,416万,102011元/平,底层 (共6层) | 1991年建 | 1室1厅 | 40.78平米 | 东,https://ke-image.ljcdn.com/110000-inspection/c5278f90-a182-4496-a4f6-27f55ba709b6_1000.jpg!m_fill,w_280,h_210,f_jpg?from=ke.com
20230523,朝阳,芍药居,101117790984,刚调价！还能谈！旭风苑02年商品房！2梯4户精装随时看,1118万,74193元/平,低楼层 (共14层) | 2002年建 | 3室1厅 | 150.69平米 | 南,https://ke-image.ljcdn.com/110000-inspection/pc1_ex7c0IoVT.jpg!m_fill,w_280,h_210,f_jpg?from=ke.com
20230523,朝阳,芍药居,101117784796,芍药居北里 2室1厅 南 北,930万,78574元/平,中楼层 (共14层) | 2002年建 | 2室1厅 | 118.36平米 | 南 北,https://ke-image.ljcdn.com/110000-inspection/pc1_T0gVJTNi7.jpg!m_fill,w_280,h_210,f_jpg?from=ke.com
20230523,朝阳,芍药居,101117761179,芍药居甲2号院 近芍药居地铁 对外经贸大学 元大都公园,476万,79746元/平,底层 (共6层) | 1991年建 | 2室1厅 | 59.69平米 | 西,https://ke-image.ljcdn.com/110000-inspection/pc1_Q59ECvAJn_1.jpg!m_fill,w_280,h_210,f_jpg?from=ke.com
20230523,朝阳,芍药居,101117723532,芍药居北里 精装全南两居 高楼层采光好 看房随时房主自荐,732万,98786元/平,高楼层 (共24层) | 1997年建 | 2室1厅 | 74.1平米 | 南,https://ke-image.ljcdn.com/110000-inspection/90414e87-5dc2-4765-8a5f-626d92438808_1000.jpg!m_fill,w_280,h_210,f_jpg?from=ke.com
20230523,朝阳,芍药居,101117704724,芍药居2号院 南北向两居室 看房方便,570万,98395元/平,低楼层 (共6层) 2室1厅 | 57.93平米 | 东 南 北,https://ke-image.ljcdn.com/110000-inspection/93960aa8-ad20-4953-be2b-683b82e8cc8f_1000.jpg!m_fill,w_280,h_210,f_jpg?from=ke.com
20230523,朝阳,芍药居,101117700584,芍药居北里明厅大一居精装修经典户型看房方便,478万,74887元/平,高楼层 (共24层) | 1998年建 | 1室1厅 | 63.83平米 | 西北,https://ke-image.ljcdn.com/110000-inspection/pc1_FisHIW8DE.jpg!m_fill,w_280,h_210,f_jpg?from=ke.com
20230523,朝阳,芍药居,101117694935,商品房满五唯一南北通透全明格局随时看房,630万,89261元/平,中楼层 (共16层) | 1995年建 | 1室1厅 | 70.58平米 | 东 南 北,https://ke-image.ljcdn.com/110000-inspection/pc1_bWw6MeYQA.jpg!m_fill,w_280,h_210,f_jpg?from=ke.com
20230523,朝阳,芍药居,101117660081,芍药居北里满五唯一看房随时精装修拎包入住,695万,68480元/平,高楼层 (共7层) | 1995年建 | 3室2厅 | 101.49平米 | 东南,https://ke-image.ljcdn.com/110000-inspection/pc1_nJpygXFoD.jpg!m_fill,w_280,h_210,f_jpg?from=ke.com
20230523,朝阳,芍药居,101117658111,芍药居 育慧街2号院小区 南北通透两居室 采光无遮挡,510万,88435元/平,高楼层 (共6层) | 1988年建 | 2室1厅 | 57.67平米 | 南 北,https://ke-image.ljcdn.com/110000-inspection/pc1_U2VUxzZh3_1.jpg!m_fill,w_280,h_210,f_jpg?from=ke.com
20230523,朝阳,芍药居,101117544252,芍药居北里 六居室 南北通透 随时签约,927万,69989元/平,高楼层 (共7层) | 1994年建 | 6室3厅 | 132.45平米 | 南 北,https://ke-image.ljcdn.com/110000-inspection/pc1_idn1MhnYn.jpg!m_fill,w_280,h_210,f_jpg?from=ke.com
20230523,朝阳,芍药居,101117533725,芍药居北里2008年通透三居室50万精装修随时签约,1066万,89116元/平,中楼层 (共18层) | 2008年建 | 3室1厅 | 119.62平米 | 东 西,https://ke-image.ljcdn.com/110000-inspection/3895eedb-2d99-4df1-a331-0c04176b29c5_1000.jpg!m_fill,w_280,h_210,f_jpg?from=ke.com
20230523,朝阳,芍药居,101117218416,全明格局 三居二卫 无遮挡 客厅敞亮 商品房 楼道干净,1049万,72782元/平,低楼层 (共24层) | 2000年建 | 3室1厅 | 144.13平米 | 东南 北,https://ke-image.ljcdn.com/110000-inspection/pc1_3MC3k8COS_1.jpg!m_fill,w_280,h_210,f_jpg?from=ke.com
20230523,朝阳,芍药居,101117187689,芍药居北里02年商品房2居室单独物业管理安静不临街,698万,81877元/平,中楼层 (共14层) | 2002年建 | 2室1厅 | 85.25平米 | 西北,https://ke-image.ljcdn.com/110000-inspection/pc1_ALQ5r4YbY.jpg!m_fill,w_280,h_210,f_jpg?from=ke.com
20230523,朝阳,芍药居,101117063771,芍药居甲2号院 全南向 采光充足 满五唯一 小区安静,660万,86763元/平,低楼层 (共20层) | 1998年建 | 2室1厅 | 76.07平米 | 南,https://ke-image.ljcdn.com/110000-inspection/pc1_aap3cppkB.jpg!m_fill,w_280,h_210,f_jpg?from=ke.com
20230523,朝阳,芍药居,101117031265,芍药居北里 楼层适中 产权清晰 店长优推 采光好房主自荐,639万,81174元/平,高楼层 (共24层) | 1996年建 | 2室1厅 | 78.72平米 | 西南 西,https://ke-image.ljcdn.com/110000-inspection/pc1_aEZ7viRT4.jpg!m_fill,w_280,h_210,f_jpg?from=ke.com
20230523,朝阳,芍药居,101116438876,05年新楼业主诚意出售看房提前预约,750万,80785元/平,底层 (共24层) | 2005年建 | 2室1厅 | 92.84平米 | 西南,https://ke-image.ljcdn.com/110000-inspection/pc1_5q0J90oRo.jpg!m_fill,w_280,h_210,f_jpg?from=ke.com
20230523,朝阳,芍药居,101116331187,芍药居~南北通透大三居~小区管理好房主自荐,996万,70489元/平,中楼层 (共14层) | 2003年建 | 3室2厅 | 141.3平米 | 南 北,https://ke-image.ljcdn.com/110000-inspection/pc1_1R4iJrFnZ.jpg!m_fill,w_280,h_210,f_jpg?from=ke.com
20230523,朝阳,芍药居,101115444908,芍药居北里正规南向一居室看房有钥匙随时可看,435万,96027元/平,高楼层 (共7层) | 1994年建 | 1室1厅 | 45.3平米 | 南,https://ke-image.ljcdn.com/110000-inspection/pc1_sxPOUqNBS.jpg!m_fill,w_280,h_210,f_jpg?from=ke.com
20230523,朝阳,芍药居,101114851770,芍药居5号院满五唯一南北通透格局好,1380万,61525元/平,底层 (共5层) | 1996年建 | 5室2厅 | 224.3平米 | 南 北,https://ke-image.ljcdn.com/110000-inspection/ffc9acc4-1146-4f08-9445-3f6e6354a2d4_1000.jpg!m_fill,w_280,h_210,f_jpg?from=ke.com
20230523,朝阳,芍药居,101114326373,芍药居北里南北通透大复式 2年前全新装修 拎包入住,850万,71065元/平,高楼层 (共7层) 3室3厅 | 119.61平米 | 南 北,https://ke-image.ljcdn.com/110000-inspection/828629cd-7c43-49b9-8772-3c05432a7d94_1000.jpg!m_fill,w_280,h_210,f_jpg?from=ke.com
20230523,朝阳,芍药居,101114197420,三居 南北通透格局中间楼层采光好,558万,86231元/平,低楼层 (共6层) | 1982年建 | 3室1厅 | 64.71平米 | 南 北,https://ke-image.ljcdn.com/110000-inspection/6e1f8086-9800-4614-bd3b-c20cecfb85b3_1000.jpg!m_fill,w_280,h_210,f_jpg?from=ke.com
20230523,朝阳,芍药居,101119381165,芍药居北里 2室1厅 南 北新上,565万,99123元/平,中楼层 (共7层) | 1994年建 | 2室1厅 | 57平米 | 南 北,https://s1.ljcdn.com/pegasus/redskull/images/common/default_house_list.png?_v=20230517173317
20230523,朝阳,芍药居,101119372692,芍药居北里 南北2居室 满五年唯一商品房 靠谱出售新上,680万,78732元/平,低楼层 (共24层) 2室1厅 | 86.37平米 | 南 北,https://s1.ljcdn.com/pegasus/redskull/images/common/default_house_list.png?_v=20230517173317
20230523,朝阳,芍药居,101119362194,芍药居北里满五年唯一东南三居格局好视野开阔新上,888万,86652元/平,中楼层 (共24层) | 1997年建 | 3室1厅 | 102.48平米 | 东南,https://s1.ljcdn.com/pegasus/redskull/images/common/default_house_list.png?_v=20230517173317
20230523,朝阳,芍药居,101119284666,芍药居北里 2000年精装3居2卫全明格局满5唯一,1090万,78092元/平,低楼层 (共25层) | 2000年建 | 3室1厅 | 139.58平米 | 北 南,https://s1.ljcdn.com/pegasus/redskull/images/common/default_house_list.png?_v=20230517173317
20230523,朝阳,芍药居,101119234637,樱花中路 2室1厅 南,470万,74356元/平,低楼层 (共16层) 2室1厅 | 63.21平米 | 南,https://s1.ljcdn.com/pegasus/redskull/images/common/default_house_list.png?_v=20230517173317
20230523,朝阳,芍药居,101119200417,板楼一居室户型方正位置安静诚意出售,410万,100540元/平,底层 (共6层) | 1990年建 | 1室1厅 | 40.78平米 | 西,https://s1.ljcdn.com/pegasus/redskull/images/common/default_house_list.png?_v=20230517173317
20230523,朝阳,芍药居,101119178362,【聚焦好房】单位分房 南北通透 中间楼层 环境清幽,539万,97894元/平,中楼层 (共6层) | 1991年建 | 2室1厅 | 55.06平米 | 南 北,https://s1.ljcdn.com/pegasus/redskull/images/common/default_house_list.png?_v=20230517173317
20230523,朝阳,芍药居,101119153814,育慧南路 3室2厅 西南,1168万,81833元/平,低楼层 (共20层) 3室2厅 | 142.73平米 | 西南,https://s1.ljcdn.com/pegasus/redskull/images/common/default_house_list.png?_v=20230517173317
20230523,朝阳,芍药居,101119152287,芍药居北里 2室1厅 南 北房主自荐,585万,97177元/平,中楼层 (共7层) 2室1厅 | 60.2平米 | 南 北,https://s1.ljcdn.com/pegasus/redskull/images/common/default_house_list.png?_v=20230517173317
20230523,朝阳,芍药居,101119121903,芍药居 3室1厅 东 西 南 北,628万,88915元/平,顶层 (共18层) 3室1厅 | 70.63平米 | 东 西 南 北,https://s1.ljcdn.com/pegasus/redskull/images/common/default_house_list.png?_v=20230517173317
20230523,朝阳,芍药居,101119119799,芍药居5号院 1室0厅 北,370万,162924元/平,顶层 (共5层) | 1991年建 | 1室0厅 | 22.71平米 | 北,https://s1.ljcdn.com/pegasus/redskull/images/common/default_house_list.png?_v=20230517173317
20230523,朝阳,芍药居,101119061560,惠新东街14号院 1室1厅 全南一居室,380万,80068元/平,顶层 (共6层) | 1992年建 | 1室1厅 | 47.46平米 | 南 北,https://s1.ljcdn.com/pegasus/redskull/images/common/default_house_list.png?_v=20230517173317
20230523,朝阳,芍药居,101119053729,世奥国际中心楼层高视野好靠谱出售,210万,32209元/平,高楼层 (共25层) | 2008年建 | 1室0厅 | 65.2平米 | 北,https://s1.ljcdn.com/pegasus/redskull/images/common/default_house_list.png?_v=20230517173317
20230523,朝阳,芍药居,101119033163,芍药居北里 2008年楼盘 东西两居室 满两年商品房,808万,81898元/平,中楼层 (共18层) | 2008年建 | 2室1厅 | 98.66平米 | 东 西,https://s1.ljcdn.com/pegasus/redskull/images/common/default_house_list.png?_v=20230517173317
20230523,朝阳,芍药居,101118998204,芍药居2号院 3室1厅 南 北,648万,94461元/平,高楼层 (共6层) | 1985年建 | 3室1厅 | 68.6平米 | 南 北,https://s1.ljcdn.com/pegasus/redskull/images/common/default_house_list.png?_v=20230517173317
20230523,朝阳,芍药居,101118946892,芍药居2号院2000年新楼全南复式无抵押环境好,1250万,83590元/平,高楼层 (共7层) 4室2厅 | 149.54平米 | 南,https://s1.ljcdn.com/pegasus/redskull/images/common/default_house_list.png?_v=20230517173317
20230523,朝阳,芍药居,101118849211,芍药居北里 *眼镜户型” 采光视野好 正规2居 无遮挡,550万,89156元/平,中楼层 (共14层) | 1998年建 | 2室1厅 | 61.69平米 | 东 东南,https://s1.ljcdn.com/pegasus/redskull/images/common/default_house_list.png?_v=20230517173317
20230523,朝阳,芍药居,101118818743,芍药居北里 房子装修好 满五年接受换房周期有电梯,454万,70497元/平,底层 (共24层) | 1996年建 | 1室2厅 | 64.4平米 | 北,https://s1.ljcdn.com/pegasus/redskull/images/common/default_house_list.png?_v=20230517173317
20230523,朝阳,芍药居,101118742048,芍药居北里 2008年 东向大两居室采光好 业主诚售,815万,84562元/平,低楼层 (共8层) 2室1厅 | 96.38平米 | 东,https://s1.ljcdn.com/pegasus/redskull/images/common/default_house_list.png?_v=20230517173317
20230523,朝阳,芍药居,101118728445,3居2卫  南北通透  满5年唯一 阳光充足,1106万,81080元/平,中楼层 (共14层) | 2000年建 | 3室1厅 | 136.41平米 | 南 北,https://s1.ljcdn.com/pegasus/redskull/images/common/default_house_list.png?_v=20230517173317
20230523,朝阳,芍药居,101118690475,芍药居北里 2室1厅 南 北,600万,91884元/平,低楼层 (共7层) 2室1厅 | 65.3平米 | 南 北,https://s1.ljcdn.com/pegasus/redskull/images/common/default_house_list.png?_v=20230517173317
20230523,朝阳,芍药居,101118644274,芍药居北里 2008年楼盘  无户口无抵押。,770万,79040元/平,低楼层 (共11层) | 2008年建 | 2室1厅 | 97.42平米 | 东,https://s1.ljcdn.com/pegasus/redskull/images/common/default_house_list.png?_v=20230517173317
20230523,朝阳,芍药居,101118590384,南北通透小三居 小区中间位置 不临街,618万,101829元/平,中楼层 (共5层) | 1986年建 | 3室1厅 | 60.69平米 | 南 北,https://s1.ljcdn.com/pegasus/redskull/images/common/default_house_list.png?_v=20230517173317
20230523,朝阳,芍药居,101117960745,新上房源精装修 适合人群广 采光好视野开阔,680万,78732元/平,低楼层 (共24层) | 1998年建 | 2室1厅 | 86.37平米 | 南 北,https://s1.ljcdn.com/pegasus/redskull/images/common/default_house_list.png?_v=20230517173317
20230523,朝阳,芍药居,101117916708,世奥国际中心 中间层无遮挡 采光好 视野好,320万,38388元/平,低楼层 (共25层) | 2008年建 | 1室1厅 | 83.36平米 | 南,https://s1.ljcdn.com/pegasus/redskull/images/common/default_house_list.png?_v=20230517173317
20230523,朝阳,芍药居,101117296710,可注册办公08年商办类用房管理好环境好,330万,39645元/平,高楼层 (共25层) | 2008年建 | 1室1厅 | 83.24平米 | 南,https://s1.ljcdn.com/pegasus/redskull/images/common/default_house_list.png?_v=20230517173317
20230523,朝阳,芍药居,101117201607,世奥国际08年建成物业环境管理好朝东南视野好,388万,38257元/平,高楼层 (共25层) | 2009年建 | 2室1厅 | 101.42平米 | 东南,https://s1.ljcdn.com/pegasus/redskull/images/common/default_house_list.png?_v=20230517173317
20230523,朝阳,芍药居,101117173319,店长推荐@隆远阁2008年 南北通透 满五唯一 近地铁站,950万,97357元/平,中楼层 (共15层) | 2008年建 | 2室1厅 | 97.58平米 | 南 北,https://s1.ljcdn.com/pegasus/redskull/images/common/default_house_list.png?_v=20230517173317
20230523,朝阳,芍药居,101116998086,可注册办公08年商办类用房独立物业管理好环境好,430万,34318元/平,中楼层 (共25层) | 2008年建 | 2室1厅 | 125.3平米 | 西 西北,https://s1.ljcdn.com/pegasus/redskull/images/common/default_house_list.png?_v=20230517173317
20230523,朝阳,芍药居,101116891861,芍药居5号院 四室南北通透 50万硬装  一梯一户房主自荐,955万,108412元/平,顶层 (共5层) | 1996年建 | 4室3厅 | 88.09平米 | 南 北,https://ke-image.ljcdn.com/110000-inspection/0497ba221de04819000f79e38e131a1d-075.jpg!m_fill,w_280,h_210,f_jpg?from=ke.com
20230523,朝阳,芍药居,101116889815,芍药居5号院 户型方正 有燃气开间   91年楼龄,360万,158521元/平,中楼层 (共5层) | 1991年建 | 1室0厅 | 22.71平米 | 北,https://s1.ljcdn.com/pegasus/redskull/images/common/default_house_list.png?_v=20230517173317
20230523,朝阳,芍药居,101116740000,世奥国际08年建成物业环境管理好朝南视野好,413万,32961元/平,中楼层 (共25层) | 2008年建 | 3室1厅 | 125.3平米 | 西北,https://s1.ljcdn.com/pegasus/redskull/images/common/default_house_list.png?_v=20230517173317
20230523,朝阳,芍药居,101116739947,世奥国际08年建成物业环境管理好朝南视野好,413万,32961元/平,高楼层 (共25层) | 2009年建 | 3室1厅 | 125.3平米 | 西北,https://s1.ljcdn.com/pegasus/redskull/images/common/default_house_list.png?_v=20230517173317
20230523,朝阳,芍药居,101115686838,芍药居田字格户型三居室 全明格局 业主诚心出售,630万,85067元/平,顶层 (共6层) | 1989年建 | 3室1厅 | 74.06平米 | 南 北,https://s1.ljcdn.com/pegasus/redskull/images/common/default_house_list.png?_v=20230517173317
20230523,朝阳,芍药居,101115624822,世奥国际08年建成物业环境管理好朝南视野好,209万,30799元/平,中楼层 (共25层) | 2009年建 | 1室0厅 | 67.86平米 | 南,https://s1.ljcdn.com/pegasus/redskull/images/common/default_house_list.png?_v=20230517173317
20230523,朝阳,芍药居,101115525905,可注册办公08年商办类用房楼龄新管理好环境好,410万,32722元/平,中楼层 (共25层) | 2009年建 | 2室1厅 | 125.3平米 | 西北,https://s1.ljcdn.com/pegasus/redskull/images/common/default_house_list.png?_v=20230517173317
20230523,朝阳,芍药居,101114345036,芍药居5号院 户型方正 南北通透房主自荐,950万,106395元/平,顶层 (共5层) | 1996年建 | 3室2厅 | 89.29平米 | 北 南,https://ke-image.ljcdn.com/110000-inspection/fb3fe3962b78b07a31e3b11c4fe74df6-086.jpg!m_fill,w_280,h_210,f_jpg?from=ke.com
20230523,朝阳,芍药居,101114140909,芍药居南北通透三居室电梯复式满五唯一商品房房主自荐,950万,94566元/平,顶层 (共12层) | 1995年建 | 3室2厅 | 100.46平米 | 南 北,https://ke-image.ljcdn.com/110000-inspection/6a9adfad-0622-4f7c-9d93-aac85d92f3b0.jpg!m_fill,w_280,h_210,f_jpg?from=ke.com
20230523,朝阳,芍药居,101112288116,世奥国际中心房子是商业用房08年建成物业管理好,245万,34147元/平,中楼层 (共25层) | 2009年建 | 1室0厅 | 71.75平米 | 南,https://s1.ljcdn.com/pegasus/redskull/images/common/default_house_list.png?_v=20230517173317
20230523,朝阳,芍药居,101111815667,2008年东南向三居室两卫正对花园视野开阔,1530万,113267元/平,中楼层 (共20层) | 2008年建 | 3室1厅 | 135.08平米 | 东 南 东南,https://ke-image.ljcdn.com/110000-inspection/9df7e7bf-9856-47cc-a8c3-7fd21e302bb2.jpg!m_fill,w_280,h_210,f_jpg?from=ke.com
20230523,朝阳,芍药居,101110088414,世奥国际中心注册办公精装修,220万,32273元/平,中楼层 (共25层) | 2009年建 | 1室0厅 | 68.17平米 | 东,https://s1.ljcdn.com/pegasus/redskull/images/common/default_house_list.png?_v=20230517173317
20230523,朝阳,芍药居,101106187933,可注册办公08年商办类用房独立物业安保管理好,210万,30304元/平,高楼层 (共25层) | 2008年建 | 1室0厅 | 69.3平米 | 南,https://s1.ljcdn.com/pegasus/redskull/images/common/default_house_list.png?_v=20230517173317
20230523,朝阳,芍药居,101106187915,可注册办公08年商办类用房独立物业安保管理好,212万,30592元/平,中楼层 (共25层) | 2008年建 | 1室0厅 | 69.3平米 | 南,https://s1.ljcdn.com/pegasus/redskull/images/common/default_house_list.png?_v=20230517173317
20230523,朝阳,芍药居,101106103020,房子是2008年建成管理不错业主诚心卖,220万,30663元/平,中楼层 (共25层) | 2009年建 | 1室1厅 | 71.75平米 | 南,https://s1.ljcdn.com/pegasus/redskull/images/common/default_house_list.png?_v=20230517173317
20230523,朝阳,芍药居,101103734716,四环内 交通方便 可注册 楼龄新 管理好房主自荐,230万,35798元/平,低楼层 (共25层) | 2009年建 | 1室0厅 | 64.25平米 | 北,https://s1.ljcdn.com/pegasus/redskull/images/common/default_house_list.png?_v=20230517173317
20230523,朝阳,芍药居,101102272630,2008年建成  6部电梯  管理好  楼道干净,300万,43291元/平,中楼层 (共25层) | 2009年建 | 1室0厅 | 69.3平米 | 南,https://s1.ljcdn.com/pegasus/redskull/images/common/default_house_list.png?_v=20230517173317
