20230527,朝阳,垡头,101119337919,【店长推荐】满五唯一商品房 南向采光好 交通便利必看好房,460万,50115元/平,中楼层 (共18层) | 2008年建 | 2室2厅 | 91.79平米 | 南,https://ke-image.ljcdn.com/110000-inspection/pc1_g4VrqCHUX.jpg!m_fill,w_280,h_210,f_jpg?from=ke.com
20230527,朝阳,垡头,101119329589,翠成馨园两居室楼层好精装修业主靠谱出售随时签约必看好房,328万,45740元/平,中楼层 (共28层) 2室1厅 | 71.71平米 | 南,https://ke-image.ljcdn.com/110000-inspection/pc1_oJ64ikTJU.jpg!m_fill,w_280,h_210,f_jpg?from=ke.com
20230527,朝阳,垡头,101119310970,燕保祈东家园二期 2室1厅 南 北必看好房,322万,41651元/平,底层 (共28层) 2室1厅 | 77.31平米 | 南 北,https://ke-image.ljcdn.com/110000-inspection/pc1_3UVUhk4pE.jpg!m_fill,w_280,h_210,f_jpg?from=ke.com
20230527,朝阳,垡头,101119310386,燕保祈东家园 1室1厅 南必看好房,278万,46211元/平,中楼层 (共28层) 1室1厅 | 60.16平米 | 南,https://ke-image.ljcdn.com/110000-inspection/fff7e2aa-4fe7-456e-8e6a-09cdbc88bda4_1000.jpg!m_fill,w_280,h_210,f_jpg?from=ke.com
20230527,朝阳,垡头,101119287352,翠成馨园A区板楼有电梯南北双向通透两居室 精装修必看好房,559万,63523元/平,中楼层 (共11层) | 2007年建 | 2室2厅 | 88平米 | 南 北,https://ke-image.ljcdn.com/110000-inspection/pc1_tgwQsh59f.jpg!m_fill,w_280,h_210,f_jpg?from=ke.com
20230527,朝阳,垡头,101119247117,燕保祈东家园 全明格局 卫生间带窗户 中高楼层必看好房,345万,43142元/平,中楼层 (共28层) 2室1厅 | 79.97平米 | 南 北,https://ke-image.ljcdn.com/110000-inspection/1173418d-1529-4a4b-aadf-c44796fd34e8_1000.jpg!m_fill,w_280,h_210,f_jpg?from=ke.com
20230527,朝阳,垡头,101119215606,明厨明卫看房随时客厅带阳台人车分流楼龄新必看好房,349万,44245元/平,低楼层 (共28层) | 2017年建 | 2室1厅 | 78.88平米 | 南 北,https://ke-image.ljcdn.com/110000-inspection/pc1_tzxBmJoXJ.jpg!m_fill,w_280,h_210,f_jpg?from=ke.com
20230527,朝阳,垡头,101119211894,双合家园精装大一居精装修没住过业主诚意出售满五唯一必看好房,330万,46407元/平,中楼层 (共22层) | 2013年建 | 1室1厅 | 71.11平米 | 东北,https://ke-image.ljcdn.com/110000-inspection/pc1_NJmFvxRBv.jpg!m_fill,w_280,h_210,f_jpg?from=ke.com
20230527,朝阳,垡头,101119200819,满五唯一高楼层视野佳采光好房型方正随时可看必看好房,275万,49187元/平,高楼层 (共28层) 1室1厅 | 55.91平米 | 东南,https://ke-image.ljcdn.com/110000-inspection/pc1_kyTc4D4IJ.jpg!m_fill,w_280,h_210,f_jpg?from=ke.com
20230527,朝阳,垡头,101119194291,翠成馨园E区 2室1厅 西南必看好房,358万,49462元/平,高楼层 (共20层) | 2014年建 | 2室1厅 | 72.38平米 | 西南,https://ke-image.ljcdn.com/110000-inspection/41eb91c3-4ee8-468d-ac61-3e8f39d11c66_1000.jpg!m_fill,w_280,h_210,f_jpg?from=ke.com
20230527,朝阳,垡头,101119193113,双合家园满五唯一看房方便诚意出售必看好房,370万,42849元/平,顶层 (共22层) | 2013年建 | 2室1厅 | 86.35平米 | 南,https://ke-image.ljcdn.com/110000-inspection/pc1_QqXVmLih9.jpg!m_fill,w_280,h_210,f_jpg?from=ke.com
20230527,朝阳,垡头,101119182177,双合家园 2室2厅 南 北必看好房,410万,45597元/平,中楼层 (共22层) | 2013年建 | 2室2厅 | 89.92平米 | 南 北,https://ke-image.ljcdn.com/110000-inspection/pc1_48Go9L6BG_1.jpg!m_fill,w_280,h_210,f_jpg?from=ke.com
20230527,朝阳,垡头,101119117017,商品房 精装修一年 双合家园 随时签约 南向 高层必看好房,405万,47291元/平,高楼层 (共22层) | 2013年建 | 2室1厅 | 85.64平米 | 南,https://ke-image.ljcdn.com/110000-inspection/961ced96-c749-45ad-a548-43f6ee76db5b_1000.jpg!m_fill,w_280,h_210,f_jpg?from=ke.com
20230527,朝阳,垡头,101119115566,垡头西里三区精装修全南两居室楼层高视野采光好,256万,45912元/平,高楼层 (共6层) | 1984年建 | 2室1厅 | 55.76平米 | 南,https://ke-image.ljcdn.com/110000-inspection/pc1_2kiKdmQKk.jpg!m_fill,w_280,h_210,f_jpg?from=ke.com
20230527,朝阳,垡头,101119109898,翠成馨园E区 2室1厅 东南必看好房,428万,46946元/平,高楼层 (共28层) | 2009年建 | 2室1厅 | 91.17平米 | 东南,https://ke-image.ljcdn.com/110000-inspection/pc1_UaWqjWrgu.jpg!m_fill,w_280,h_210,f_jpg?from=ke.com
20230527,朝阳,垡头,101119105921,垡头地铁口+满五年家庭唯一+小区中间中高层采光充足。,660万,46966元/平,中楼层 (共14层) | 2009年建 | 3室2厅 | 140.53平米 | 南 北,https://ke-image.ljcdn.com/110000-inspection/pc1_44ixxlz0M.jpg!m_fill,w_280,h_210,f_jpg?from=ke.com
20230527,朝阳,垡头,101119099231,精装修三居视野好楼层好格局好满五唯一欢乐谷,480万,43185元/平,高楼层 (共28层) | 2009年建 | 3室1厅 | 111.15平米 | 东 南 北,https://ke-image.ljcdn.com/110000-inspection/pc1_BCceYkAUr_2.jpg!m_fill,w_280,h_210,f_jpg?from=ke.com
20230527,朝阳,垡头,101119098435,翠成馨园E区 3室1厅 东南 北,399万,41101元/平,中楼层 (共28层) | 2011年建 | 3室1厅 | 97.08平米 | 东南 北,https://ke-image.ljcdn.com/110000-inspection/pc1_3R4tSBnpW.jpg!m_fill,w_280,h_210,f_jpg?from=ke.com
20230527,朝阳,垡头,101119075963,满五年唯一业主诚意出售房子位置好距离地铁站近必看好房,490万,55368元/平,高楼层 (共16层) | 2005年建 | 2室1厅 | 88.5平米 | 南,https://ke-image.ljcdn.com/110000-inspection/4c0e83bb-5e2b-43c7-83e5-c46ac86d680e_1000.jpg!m_fill,w_280,h_210,f_jpg?from=ke.com
20230527,朝阳,垡头,101119025020,翠成馨园A区满五年唯一随时签约看房有钥匙房主自荐,499万,54263元/平,中楼层 (共18层) 2室1厅 | 91.96平米 | 南,https://ke-image.ljcdn.com/110000-inspection/pc1_VyZpeUSmz.jpg!m_fill,w_280,h_210,f_jpg?from=ke.com
20230527,朝阳,垡头,101118989717,商品房精装修近地铁落地阳台必看好房,505万,51447元/平,中楼层 (共14层) | 2007年建 | 2室1厅 | 98.16平米 | 东 西,https://ke-image.ljcdn.com/110000-inspection/pc1_wJyzt7qUT.jpg!m_fill,w_280,h_210,f_jpg?from=ke.com
20230527,朝阳,垡头,101118969299,2017年的次新房小区环境好人车分流电梯入库必看好房,359万,44569元/平,中楼层 (共28层) 2室1厅 | 80.55平米 | 北 南,https://ke-image.ljcdn.com/110000-inspection/pc1_aNeuWtWTo.jpg!m_fill,w_280,h_210,f_jpg?from=ke.com
20230527,朝阳,垡头,101118956968,双合家园 中高楼层 诚意出售 满五年唯一,390万,45087元/平,高楼层 (共22层) | 2013年建 | 2室1厅 | 86.5平米 | 南,https://ke-image.ljcdn.com/110000-inspection/pc1_ie23BOx7T.jpg!m_fill,w_280,h_210,f_jpg?from=ke.com
20230527,朝阳,垡头,101118923805,翠成馨园C区 1室1厅 西,236万,43599元/平,中楼层 (共13层) | 2009年建 | 1室1厅 | 54.13平米 | 西,https://ke-image.ljcdn.com/110000-inspection/pc1_mO1PXEZMj.jpg!m_fill,w_280,h_210,f_jpg?from=ke.com
20230527,朝阳,垡头,101118916382,东南四环 满五年唯一 精装修 中间楼层两居 随时可看必看好房,319万,46556元/平,中楼层 (共20层) 2室1厅 | 68.52平米 | 西南,https://ke-image.ljcdn.com/110000-inspection/pc1_0IcvBxpwm.jpg!m_fill,w_280,h_210,f_jpg?from=ke.com
20230527,朝阳,垡头,101118915031,垡头西里一区 南北通透三居室 满五年 近地铁 钢混结构,289万,46174元/平,低楼层 (共6层) | 1984年建 | 3室1厅 | 62.59平米 | 南 北,https://ke-image.ljcdn.com/110000-inspection/pc1_YkSAoYs6f.jpg!m_fill,w_280,h_210,f_jpg?from=ke.com
20230527,朝阳,垡头,101118909780,燕保祈东家园二期 全南采光两居 户型方正 高视野必看好房,337万,42422元/平,高楼层 (共28层) 2室1厅 | 79.44平米 | 南,https://ke-image.ljcdn.com/110000-inspection/73febf84-d7bc-4f18-b5c6-0691b8e3d7bf_1000.jpg!m_fill,w_280,h_210,f_jpg?from=ke.com
20230527,朝阳,垡头,101118864338,视野开阔、河景房冬暖夏凉采光充足很亮堂。房主自荐,260万,46429元/平,中楼层 (共28层) 1室1厅 | 56平米 | 东南,https://ke-image.ljcdn.com/110000-inspection/fb98a5b2-2335-4383-b9d2-e332d5aed5ef_1000.jpg!m_fill,w_280,h_210,f_jpg?from=ke.com
20230527,朝阳,垡头,101118857802,双合家园 高楼层 满五唯一 诚意出售,385万,45215元/平,高楼层 (共22层) | 2013年建 | 2室1厅 | 85.15平米 | 东南,https://ke-image.ljcdn.com/110000-inspection/pc1_kOHWLzOwj.jpg!m_fill,w_280,h_210,f_jpg?from=ke.com
20230527,朝阳,垡头,101118820929,欢乐谷 垡头 翠成馨园C区 南北通透全明格局三居,653万,46431元/平,中楼层 (共14层) | 2009年建 | 3室2厅 | 140.64平米 | 南 北,https://ke-image.ljcdn.com/110000-inspection/pc1_xOpj1hFvN.jpg!m_fill,w_280,h_210,f_jpg?from=ke.com
20230527,朝阳,垡头,101118817397,金蝉北里 1室1厅 南必看好房,236万,47153元/平,底层 (共6层) | 1994年建 | 1室1厅 | 50.05平米 | 南,https://ke-image.ljcdn.com/110000-inspection/pc1_LJx0VO5Ot.jpg!m_fill,w_280,h_210,f_jpg?from=ke.com
20230527,朝阳,垡头,101118793877,垡头三区 满五年精装修 南向两居 95年适合公积金贷款必看好房,258万,42442元/平,高楼层 (共6层) | 1995年建 | 2室1厅 | 60.79平米 | 南,https://ke-image.ljcdn.com/110000-inspection/pc1_1fy2XBtev.jpg!m_fill,w_280,h_210,f_jpg?from=ke.com
20230527,朝阳,垡头,101118772287,自住精装修 全南向两居 高层采光好 满五唯一必看好房,479万,52247元/平,高楼层 (共18层) | 2008年建 | 2室1厅 | 91.68平米 | 南,https://ke-image.ljcdn.com/110000-inspection/pc1_a4mIYwpsT.jpg!m_fill,w_280,h_210,f_jpg?from=ke.com
20230527,朝阳,垡头,101118722229,翠成馨园C区东向一居室视野开阔无遮挡必看好房,238万,43799元/平,中楼层 (共16层) | 2009年建 | 1室0厅 | 54.34平米 | 东,https://ke-image.ljcdn.com/110000-inspection/pc1_KaeGCp6RA.jpg!m_fill,w_280,h_210,f_jpg?from=ke.com
20230527,朝阳,垡头,101118703406,东四环 垡头北里  朝南一居室 满五唯一必看好房,195万,47631元/平,高楼层 (共6层) 1室1厅 | 40.94平米 | 南,https://ke-image.ljcdn.com/110000-inspection/pc1_cNPa1kLKn.jpg!m_fill,w_280,h_210,f_jpg?from=ke.com
20230527,朝阳,垡头,101118692373,房子满五唯一中楼层采光好南北通透必看好房,279万,44777元/平,中楼层 (共6层) | 1984年建 | 3室1厅 | 62.31平米 | 南 北,https://ke-image.ljcdn.com/110000-inspection/pc1_5XN5TkHUV.jpg!m_fill,w_280,h_210,f_jpg?from=ke.com
20230527,朝阳,垡头,101118681201,燕保祈东家园  南北通透 明厨明卫 阳台两居必看好房,355万,44364元/平,高楼层 (共28层) 2室2厅 | 80.02平米 | 南 北,https://ke-image.ljcdn.com/110000-inspection/pc1_wSF2T22vv_1.jpg!m_fill,w_280,h_210,f_jpg?from=ke.com
20230527,朝阳,垡头,101118675218,近地铁 精装修中间楼层 满五唯一纯南两居室必看好房,522万,50256元/平,中楼层 (共14层) | 2009年建 | 2室1厅 | 103.87平米 | 南,https://ke-image.ljcdn.com/110000-inspection/pc1_ezyUTgCls.jpg!m_fill,w_280,h_210,f_jpg?from=ke.com
20230527,朝阳,垡头,101118659889,翠成馨园D区满五年唯一+高层采光视野好无遮挡+户型正必看好房,333万,46122元/平,高楼层 (共24层) 2室1厅 | 72.2平米 | 东南,https://ke-image.ljcdn.com/110000-inspection/0d0ecb3d-4b9c-49b0-a995-ba5c49587de6_1000.jpg!m_fill,w_280,h_210,f_jpg?from=ke.com
20230527,朝阳,垡头,101118649176,欢乐谷垡头路南翠城D区楼龄新业主诚意出售首付205万够,449.9万,44865元/平,高楼层 (共28层) 3室1厅 | 100.28平米 | 西南,https://ke-image.ljcdn.com/110000-inspection/pc1_Z3yWusCq4.jpg!m_fill,w_280,h_210,f_jpg?from=ke.com
20230527,朝阳,垡头,101118645028,垡头西里三区南北带客厅高楼层采光好,310万,48152元/平,顶层 (共6层) | 1999年建 | 2室1厅 | 64.38平米 | 南 北,https://ke-image.ljcdn.com/110000-inspection/pc1_hpOChyO3Z.jpg!m_fill,w_280,h_210,f_jpg?from=ke.com
20230527,朝阳,垡头,101118635705,垡头西里 南北通透两居室 满五年唯一 无遮挡 可商贷必看好房,228万,41178元/平,顶层 (共4层) | 1971年建 | 2室1厅 | 55.37平米 | 东南 北,https://ke-image.ljcdn.com/110000-inspection/pc1_t6s6zVSYA.jpg!m_fill,w_280,h_210,f_jpg?from=ke.com
20230527,朝阳,垡头,101118627987,翠成馨园C区 1室1厅 东必看好房,249万,52766元/平,高楼层 (共16层) | 2005年建 | 1室1厅 | 47.19平米 | 东,https://ke-image.ljcdn.com/110000-inspection/pc1_9gHi4j8MQ.jpg!m_fill,w_280,h_210,f_jpg?from=ke.com
20230527,朝阳,垡头,101118614239,金蝉北里南北通透中楼层采光好房主自荐,330万,58584元/平,中楼层 (共6层) | 1993年建 | 2室1厅 | 56.33平米 | 南 北,https://ke-image.ljcdn.com/110000-inspection/pc1_VspZgaHdv.jpg!m_fill,w_280,h_210,f_jpg?from=ke.com
20230527,朝阳,垡头,101118599066,燕保祈东家园2017年次新房 人车分流 南北通透两居室,350万,42851元/平,中楼层 (共28层) 2室1厅 | 81.68平米 | 南 北,https://ke-image.ljcdn.com/110000-inspection/pc1_iqVhuumSC.jpg!m_fill,w_280,h_210,f_jpg?from=ke.com
20230527,朝阳,垡头,101118576117,垡头西里一区低楼层满五年唯一住房户型方正必看好房,379万,47134元/平,底层 (共6层) | 1984年建 | 3室1厅 | 80.41平米 | 南 北,https://ke-image.ljcdn.com/110000-inspection/pc1_Lqu9zJmYq.jpg!m_fill,w_280,h_210,f_jpg?from=ke.com
20230527,朝阳,垡头,101118571334,垡头翠成馨园  翠成馨园C区 垡头翠城馨园必看好房,660万,46703元/平,中楼层 (共17层) | 2005年建 | 3室1厅 | 141.32平米 | 南 北,https://ke-image.ljcdn.com/110000-inspection/pc1_NPnvCASSw.jpg!m_fill,w_280,h_210,f_jpg?from=ke.com
20230527,朝阳,垡头,101118566868,垡头翠成馨园 东南向 大两居 满五年唯一 精装修必看好房,375万,47517元/平,高楼层 (共28层) 2室1厅 | 78.92平米 | 东南,https://ke-image.ljcdn.com/110000-inspection/pc1_vFrQnNBEi.jpg!m_fill,w_280,h_210,f_jpg?from=ke.com
20230527,朝阳,垡头,101118563857,翠成馨园D区 2室1厅 西南必看好房,366万,45928元/平,中楼层 (共28层) 2室1厅 | 79.69平米 | 西南,https://ke-image.ljcdn.com/110000-inspection/pc1_Hw6XdaXQz.jpg!m_fill,w_280,h_210,f_jpg?from=ke.com
20230527,朝阳,垡头,101118491157,店长推荐房子满五年高楼层全明格局采光好有钥匙必看好房,436万,48792元/平,高楼层 (共28层) | 2009年建 | 2室1厅 | 89.36平米 | 南,https://ke-image.ljcdn.com/110000-inspection/3a335635-e78c-4e2b-9283-49330b20d383_1000.jpg!m_fill,w_280,h_210,f_jpg?from=ke.com
20230527,朝阳,垡头,101118468474,精装西南向的三居室 满五年唯一的商品房 高楼层视野好必看好房,506万,45309元/平,顶层 (共22层) | 2009年建 | 3室1厅 | 111.68平米 | 西南,https://ke-image.ljcdn.com/110000-inspection/pc1_BPXLnFTou.jpg!m_fill,w_280,h_210,f_jpg?from=ke.com
20230527,朝阳,垡头,101118422880,欢乐谷旁 南向三层一居室 产权干净 采光好房主自荐,212万,50974元/平,中楼层 (共6层) | 1986年建 | 1室1厅 | 41.59平米 | 南,https://ke-image.ljcdn.com/110000-inspection/pc1_BR1TnniAp.jpg!m_fill,w_280,h_210,f_jpg?from=ke.com
20230527,朝阳,垡头,101118399497,南北通透3居 满五年唯一2梯3户 双卫 高楼层 不临街,649万,51264元/平,中楼层 (共14层) | 2007年建 | 3室2厅 | 126.6平米 | 南 北,https://ke-image.ljcdn.com/110000-inspection/pc1_dGxjA8xat.jpg!m_fill,w_280,h_210,f_jpg?from=ke.com
20230527,朝阳,垡头,101118369028,垡头翠成馨园  东西通透两居室 商品房满五年必看好房,315万,46591元/平,顶层 (共6层) | 2004年建 | 2室1厅 | 67.61平米 | 东 西,https://ke-image.ljcdn.com/110000-inspection/pc1_62KgbF3e4.jpg!m_fill,w_280,h_210,f_jpg?from=ke.com
20230527,朝阳,垡头,101118360738,东南四环外燕保祈东家园次新房人车分流环境好近地铁必看好房,338万,43971元/平,高楼层 (共20层) 2室1厅 | 76.87平米 | 南 北,https://ke-image.ljcdn.com/110000-inspection/pc1_cmFO7KQr7.jpg!m_fill,w_280,h_210,f_jpg?from=ke.com
20230527,朝阳,垡头,101118342869,商品房南北通透 采光通风好 精装修配套齐全,750万,61115元/平,底层 (共6层) | 2004年建 | 3室2厅 | 122.72平米 | 南 北,https://ke-image.ljcdn.com/110000-inspection/pc1_unRl2vs2E.jpg!m_fill,w_280,h_210,f_jpg?from=ke.com
20230527,朝阳,垡头,101118324211,翠成馨园C区 满五唯一 东向一居 采光好 首套首付100万必看好房,232万,42860元/平,中楼层 (共13层) | 2009年建 | 1室1厅 | 54.13平米 | 东,https://ke-image.ljcdn.com/110000-inspection/pc1_nZLYq7IES.jpg!m_fill,w_280,h_210,f_jpg?from=ke.com
20230527,朝阳,垡头,101118288527,高楼层 视野好无遮挡全南户型业主随时签约必看好房,268万,43670元/平,高楼层 (共27层) 1室1厅 | 61.37平米 | 南,https://ke-image.ljcdn.com/110000-inspection/c88dc941-f4e9-4c80-80ad-7cde65ef2486_1000.jpg!m_fill,w_280,h_210,f_jpg?from=ke.com
20230527,朝阳,垡头,101118237941,南向正规一居室精装修商品房看房随时诚心出售必看好房,283万,51699元/平,低楼层 (共22层) | 2013年建 | 1室1厅 | 54.74平米 | 南,https://ke-image.ljcdn.com/110000-inspection/pc1_VDl5enNWl.jpg!m_fill,w_280,h_210,f_jpg?from=ke.com
20230527,朝阳,垡头,101118230128,朝南正规一居室前后楼间距大看房方便诚意出售必看好房,249万,45207元/平,低楼层 (共22层) | 2013年建 | 1室1厅 | 55.08平米 | 南,https://ke-image.ljcdn.com/110000-inspection/pc1_gvspRBszC.jpg!m_fill,w_280,h_210,f_jpg?from=ke.com
20230527,朝阳,垡头,101118200434,翠成馨园顶层南北一居室电梯房2梯4户诚意出售。,285万,52151元/平,顶层 (共13层) | 2007年建 | 1室1厅 | 54.65平米 | 南 北,https://ke-image.ljcdn.com/110000-inspection/1ec0f8f3-db77-4c12-b1b2-4581a78f37b4_1000.jpg!m_fill,w_280,h_210,f_jpg?from=ke.com
20230527,朝阳,垡头,101118189034,翠成馨园小两居 采光好 视野好  随时可看必看好房,325万,45083元/平,低楼层 (共28层) 2室1厅 | 72.09平米 | 东南,https://ke-image.ljcdn.com/110000-inspection/pc1_QqIGE69w5.jpg!m_fill,w_280,h_210,f_jpg?from=ke.com
20230527,朝阳,垡头,101118184244,东南向精装两居室带车位 可拎包入住 省时省心省力必看好房,419万,46039元/平,高楼层 (共22层) | 2009年建 | 2室1厅 | 91.01平米 | 东 东南,https://ke-image.ljcdn.com/110000-inspection/b5f4d5da-f4ec-4dee-a839-30d32cbe89cf_1000.jpg!m_fill,w_280,h_210,f_jpg?from=ke.com
20230527,朝阳,垡头,101118161812,翠成馨园E区满五年唯一全南户型高楼层采光通风好必看好房,329万,46014元/平,高楼层 (共28层) | 2011年建 | 2室1厅 | 71.5平米 | 南,https://ke-image.ljcdn.com/110000-inspection/pc1_0LOmcFlM4.jpg!m_fill,w_280,h_210,f_jpg?from=ke.com
20230527,朝阳,垡头,101118155698,垡头西里三区 2室1厅 南,255万,45732元/平,中楼层 (共6层) | 1983年建 | 2室1厅 | 55.76平米 | 南,https://ke-image.ljcdn.com/110000-inspection/pc1_6nyAyufy2_1.jpg!m_fill,w_280,h_210,f_jpg?from=ke.com
20230527,朝阳,垡头,101118122656,近地铁正规三居南北通透楼龄新业主诚意出售,388万,42289元/平,低楼层 (共28层) | 2021年建 | 3室1厅 | 91.75平米 | 北 南 西,https://ke-image.ljcdn.com/110000-inspection/pc1_bgQ8mIWVd.jpg!m_fill,w_280,h_210,f_jpg?from=ke.com
20230527,朝阳,垡头,101118105216,店长推荐 翠城馨园南北通透3居室 高楼层 采光充足,625万,47710元/平,中楼层 (共14层) 3室2厅 | 131平米 | 南 北,https://ke-image.ljcdn.com/110000-inspection/pc1_jz1y1OGUL.jpg!m_fill,w_280,h_210,f_jpg?from=ke.com
20230527,朝阳,垡头,101118090966,翠成馨园B区 精装2居室 满五年唯一的商品房房主自荐,348万,48361元/平,低楼层 (共6层) | 2004年建 | 2室1厅 | 71.96平米 | 西 东,https://ke-image.ljcdn.com/110000-inspection/pc1_BqPI60FOS.jpg!m_fill,w_280,h_210,f_jpg?from=ke.com
20230527,朝阳,垡头,101118045340,双合家园西边户三居南北通透采光无遮挡明厨明卫必看好房,409万,45219元/平,低楼层 (共22层) | 2013年建 | 3室1厅 | 90.45平米 | 北 南 西,https://ke-image.ljcdn.com/110000-inspection/pc1_jPeqAVmkv.jpg!m_fill,w_280,h_210,f_jpg?from=ke.com
20230527,朝阳,垡头,101118042696,垡头西里二区南北通透两居室中间楼层。必看好房,269万,43144元/平,中楼层 (共6层) | 1983年建 | 2室1厅 | 62.35平米 | 南 北,https://ke-image.ljcdn.com/110000-inspection/pc1_6pIZW3oFk.jpg!m_fill,w_280,h_210,f_jpg?from=ke.com
20230527,朝阳,垡头,101117994996,翠成馨园正规一居满五唯一把东南角采光通风好,275万,49195元/平,高楼层 (共28层) 1室1厅 | 55.9平米 | 东南,https://ke-image.ljcdn.com/110000-inspection/pc1_QkHnp75kD.jpg!m_fill,w_280,h_210,f_jpg?from=ke.com
20230527,朝阳,垡头,101117979713,翠成馨园D区  正规两居室 西南无遮挡,350万,48829元/平,中楼层 (共28层) 2室1厅 | 71.68平米 | 西 南,https://ke-image.ljcdn.com/110000-inspection/pc1_ZGPKH2Q8W.jpg!m_fill,w_280,h_210,f_jpg?from=ke.com
20230527,朝阳,垡头,101117977981,建工·双合家园高楼层 视野开阔 采光无遮挡必看好房,369万,42843元/平,高楼层 (共20层) | 2013年建 | 2室1厅 | 86.13平米 | 南,https://ke-image.ljcdn.com/110000-inspection/pc1_R6T9XB2Dk.jpg!m_fill,w_280,h_210,f_jpg?from=ke.com
20230527,朝阳,垡头,101117972709,商品房本 7号线垡头地铁站（百度查询200米）一居室必看好房,248万,45749元/平,高楼层 (共13层) | 2009年建 | 1室1厅 | 54.21平米 | 西,https://ke-image.ljcdn.com/110000-inspection/da94a5d2-37cc-46b4-bd75-43b00e76f1bb_1000.jpg!m_fill,w_280,h_210,f_jpg?from=ke.com
20230527,朝阳,垡头,101117872588,近地铁 全南两居 次新房 人车分流 交通便利必看好房,312万,41584元/平,中楼层 (共28层) 2室1厅 | 75.03平米 | 南,https://ke-image.ljcdn.com/110000-inspection/pc1_DptCIfas6.jpg!m_fill,w_280,h_210,f_jpg?from=ke.com
20230527,朝阳,垡头,101117812069,商品房 近地铁焦化厂 南向 高层 一居室 人车分流必看好房,266万,45108元/平,高楼层 (共28层) | 2021年建 | 1室1厅 | 58.97平米 | 南,https://ke-image.ljcdn.com/110000-inspection/pc1_fNCExAhmU.jpg!m_fill,w_280,h_210,f_jpg?from=ke.com
20230527,朝阳,垡头,101117685635,落地窗前后不临街视野采光好产权清晰看房方便必看好房,525万,59734元/平,中楼层 (共11层) | 2007年建 | 2室1厅 | 87.89平米 | 南 北,https://ke-image.ljcdn.com/110000-inspection/pc1_0RhbIXAT5.jpg!m_fill,w_280,h_210,f_jpg?from=ke.com
20230527,朝阳,垡头,101117679372,满五唯一采光好视野棒楼层位置好必看好房,395万,45628元/平,高楼层 (共22层) | 2013年建 | 2室1厅 | 86.57平米 | 南,https://ke-image.ljcdn.com/110000-inspection/pc1_c1fgJ2L5j.jpg!m_fill,w_280,h_210,f_jpg?from=ke.com
20230527,朝阳,垡头,101117612176,7号线双合焦化厂 南北通透 明厨明卫阳台两居必看好房,338万,42266元/平,中楼层 (共28层) 2室1厅 | 79.97平米 | 南 北,https://ke-image.ljcdn.com/110000-inspection/pc1_0F3wvqcWS.jpg!m_fill,w_280,h_210,f_jpg?from=ke.com
20230527,朝阳,垡头,101117483729,燕保祈东家园南北两居室全明格局17年小区,330万,41266元/平,低楼层 (共28层) 2室1厅 | 79.97平米 | 南 北,https://ke-image.ljcdn.com/110000-inspection/pc1_zH7doDW4y.jpg!m_fill,w_280,h_210,f_jpg?from=ke.com
20230527,朝阳,垡头,101117378384,翠成馨园C区近地铁南北通透次顶层落地窗三居室,616万,47987元/平,高楼层 (共18层) | 2008年建 | 3室2厅 | 128.37平米 | 东 南 北,https://ke-image.ljcdn.com/110000-inspection/pc1_KDIpnXsdj.jpg!m_fill,w_280,h_210,f_jpg?from=ke.com
20230527,朝阳,垡头,101117262921,双合家园南北通透两居室户型方正,420万,46709元/平,低楼层 (共22层) | 2013年建 | 2室1厅 | 89.92平米 | 南 北,https://ke-image.ljcdn.com/110000-inspection/pc1_AB9sBPWQF.jpg!m_fill,w_280,h_210,f_jpg?from=ke.com
20230527,朝阳,垡头,101116944441,全南朝向视野开阔无遮挡满五唯一,395万,45676元/平,中楼层 (共22层) | 2013年建 | 2室1厅 | 86.48平米 | 南,https://ke-image.ljcdn.com/110000-inspection/d700c84c-c753-494a-a79e-c499a5038c70_1000.jpg!m_fill,w_280,h_210,f_jpg?from=ke.com
20230527,朝阳,垡头,101116645079,垡头翠成馨园C区此房满五年唯一两梯四户全南无遮挡,478万,52076元/平,中楼层 (共18层) | 2007年建 | 2室1厅 | 91.79平米 | 南,https://ke-image.ljcdn.com/110000-inspection/pc1_JJhcYcD7o.jpg!m_fill,w_280,h_210,f_jpg?from=ke.com
20230527,朝阳,垡头,101116605263,双合家园小两居近地铁视野好无遮挡必看好房,313万,44216元/平,低楼层 (共20层) | 2013年建 | 2室1厅 | 70.79平米 | 东北,https://ke-image.ljcdn.com/110000-inspection/pc1_3wn5Isfzt.jpg!m_fill,w_280,h_210,f_jpg?from=ke.com
20230527,朝阳,垡头,101116451814,燕保祈东家园二期全南向采光好视野佳户型方正两居室,360万,45392元/平,中楼层 (共28层) 2室1厅 | 79.31平米 | 南,https://ke-image.ljcdn.com/110000-inspection/pc1_o0pY5KlrF.jpg!m_fill,w_280,h_210,f_jpg?from=ke.com
20230527,朝阳,垡头,101116357072,翠成馨园E区 东南向两居室 业主诚意出售,360万,49738元/平,中楼层 (共20层) | 2011年建 | 2室1厅 | 72.38平米 | 东南,https://ke-image.ljcdn.com/110000-inspection/pc1_jRztkag64.jpg!m_fill,w_280,h_210,f_jpg?from=ke.com
20230527,朝阳,垡头,101116330119,翠成馨园C区 南北通透三居 视野开阔 采光充足必看好房,685万,47729元/平,高楼层 (共16层) | 2006年建 | 3室1厅 | 143.52平米 | 南 北,https://ke-image.ljcdn.com/110000-inspection/pc1_Gn9WsoY0k.jpg!m_fill,w_280,h_210,f_jpg?from=ke.com
20230527,朝阳,垡头,101116048248,燕保祈东家园一期精装修高层两居室必看好房,365万,45455元/平,中楼层 (共28层) | 2021年建 | 2室1厅 | 80.3平米 | 南 北,https://ke-image.ljcdn.com/110000-inspection/feb3e80b-4e7a-45c8-8379-898af2bd21c1_1000.jpg!m_fill,w_280,h_210,f_jpg?from=ke.com
20230527,朝阳,垡头,101115829886,近地铁 精装修  南北向两居  视野好,410万,45857元/平,中楼层 (共22层) | 2013年建 | 2室1厅 | 89.41平米 | 南 北,https://ke-image.ljcdn.com/110000-inspection/pc1_ccIC2pGAe.jpg!m_fill,w_280,h_210,f_jpg?from=ke.com
20230527,朝阳,垡头,101115652382,燕保祈东家园南北通透底层便利三居室房主自荐,385万,40587元/平,底层 (共28层) | 2021年建 | 3室1厅 | 94.86平米 | 南 北,https://ke-image.ljcdn.com/110000-inspection/pc1_L1QnKnNbI.jpg!m_fill,w_280,h_210,f_jpg?from=ke.com
20230527,朝阳,垡头,101115615588,燕保祈东家园 南向一居室 业主诚心出售 可随时签约必看好房,268万,44787元/平,低楼层 (共28层) 1室1厅 | 59.84平米 | 南,https://ke-image.ljcdn.com/110000-inspection/pc1_w9pmNE5mE.jpg!m_fill,w_280,h_210,f_jpg?from=ke.com
20230527,朝阳,垡头,101115526755,满五唯一中高楼层业主诚意出售,379万,44287元/平,高楼层 (共22层) | 2012年建 | 2室1厅 | 85.58平米 | 南,https://ke-image.ljcdn.com/110000-inspection/pc1_uyCQpmoxv.jpg!m_fill,w_280,h_210,f_jpg?from=ke.com
20230527,朝阳,垡头,101114634274,金蝉北里21号院南北通透两居中间楼层。必看好房,280万,47107元/平,中楼层 (共6层) | 1992年建 | 2室1厅 | 59.44平米 | 南 北,https://ke-image.ljcdn.com/110000-inspection/pc1_1IhRAq3ec.jpg!m_fill,w_280,h_210,f_jpg?from=ke.com
20230527,朝阳,垡头,101113128017,垡头翠成馨园 满五年唯一  全明格局 业主诚意出售必看好房,595万,48070元/平,中楼层 (共28层) | 2017年建 | 3室1厅 | 123.78平米 | 北 西 南,https://ke-image.ljcdn.com/110000-inspection/pc1_Td9Wlpcag_2.jpg!m_fill,w_280,h_210,f_jpg?from=ke.com
20230527,朝阳,垡头,101119343208,7号线双合焦化厂 南北通透 明厨明卫阳台两居必看好房,320万,39996元/平,顶层 (共28层) | 2021年建 | 2室1厅 | 80.01平米 | 南 北,https://ke-image.ljcdn.com/110000-inspection/pc1_DisPekl2t.jpg!m_fill,w_280,h_210,f_jpg?from=ke.com
20230527,朝阳,垡头,101119211622,金蝉北里东南两居前后不临街带电梯采光充足。,409万,49100元/平,低楼层 (共18层) 2室1厅 | 83.3平米 | 东南,https://ke-image.ljcdn.com/110000-inspection/pc1_lI3SIZe2K.jpg!m_fill,w_280,h_210,f_jpg?from=ke.com
20230527,朝阳,垡头,101119081036,欢乐谷金蝉北里精装修东南两居室带电梯必看好房,379万,49823元/平,低楼层 (共18层) | 1997年建 | 2室1厅 | 76.07平米 | 东南,https://ke-image.ljcdn.com/110000-inspection/pc1_5Whe9r0Ii.jpg!m_fill,w_280,h_210,f_jpg?from=ke.com
20230527,朝阳,垡头,101119016451,燕保祈东家园二期次新房社区 人车分流 南向两居环境好必看好房,329万,41709元/平,低楼层 (共28层) 2室1厅 | 78.88平米 | 南,https://ke-image.ljcdn.com/110000-inspection/pc1_kSNLpVIkl.jpg!m_fill,w_280,h_210,f_jpg?from=ke.com
20230527,朝阳,垡头,101119013776,垡头北里 1室1厅 南 北必看好房,185万,45189元/平,顶层 (共6层) | 1987年建 | 1室1厅 | 40.94平米 | 南 北,https://ke-image.ljcdn.com/110000-inspection/3f77b50a-42dc-4515-9c43-24db71b0e061_1000.jpg!m_fill,w_280,h_210,f_jpg?from=ke.com
20230527,朝阳,垡头,101118901570,精装修两居室商品房高楼层视野采光好。,510万,53443元/平,高楼层 (共14层) | 2007年建 | 2室1厅 | 95.43平米 | 东,https://ke-image.ljcdn.com/110000-inspection/pc1_bMsm4qiv9.jpg!m_fill,w_280,h_210,f_jpg?from=ke.com
20230527,朝阳,垡头,101118845261,翠成馨园A区板楼商品房本满五年唯一 南北通透,424万,47770元/平,顶层 (共6层) | 2003年建 | 2室2厅 | 88.76平米 | 南 北,https://ke-image.ljcdn.com/110000-inspection/pc1_JEYJc8z9v_2.jpg!m_fill,w_280,h_210,f_jpg?from=ke.com
20230527,朝阳,垡头,101118669482,垡头北里此房南北通透格局采光好必看好房,266万,38044元/平,高楼层 (共6层) | 1987年建 | 2室1厅 | 69.92平米 | 南 北,https://ke-image.ljcdn.com/110000-inspection/pc1_9tmWCymQt.jpg!m_fill,w_280,h_210,f_jpg?from=ke.com
20230527,朝阳,垡头,101118392361,翠成馨园C区  垡头翠城馨园  垄头翠成馨园必看好房,485万,45285元/平,低楼层 (共13层) | 2009年建 | 2室1厅 | 107.1平米 | 南 北,https://ke-image.ljcdn.com/110000-inspection/42a7e05e-2404-4703-9098-b68c472954cc_1000.jpg!m_fill,w_280,h_210,f_jpg?from=ke.com
20230527,朝阳,垡头,101118241365,翠成馨园C区中间楼层采光无遮挡精装修可领包入住,512万,49632元/平,中楼层 (共16层) | 2009年建 | 2室1厅 | 103.16平米 | 南,https://ke-image.ljcdn.com/110000-inspection/pc1_6GVp7AnqO.jpg!m_fill,w_280,h_210,f_jpg?from=ke.com
20230527,朝阳,垡头,101118166552,翠成D区 2室1厅朝东向格局方正+大阳台  中间层必看好房,349万,43762元/平,中楼层 (共24层) 2室1厅 | 79.75平米 | 东,https://ke-image.ljcdn.com/110000-inspection/pc1_Ac3uRQLuM.jpg!m_fill,w_280,h_210,f_jpg?from=ke.com
20230527,朝阳,垡头,101117943279,南北通透户型户型好采光充足诚意出售,875万,66485元/平,顶层 (共17层) | 2009年建 | 2室2厅 | 131.61平米 | 南 北,https://ke-image.ljcdn.com/110000-inspection/pc1_KPRymKxTb.jpg!m_fill,w_280,h_210,f_jpg?from=ke.com
20230527,朝阳,垡头,101117903034,欢乐谷垡头西里二区 电梯直达三居室视野无遮挡必看好房,296万,47104元/平,中楼层 (共13层) | 1984年建 | 3室1厅 | 62.84平米 | 西北,https://ke-image.ljcdn.com/110000-inspection/pc1_I0REZZn0B_3.jpg!m_fill,w_280,h_210,f_jpg?from=ke.com
20230527,朝阳,垡头,101117694359,金蝉北里21号院两居室南北朝向中层必看好房,266万,44752元/平,中楼层 (共6层) | 1992年建 | 2室1厅 | 59.44平米 | 南 北,https://ke-image.ljcdn.com/110000-inspection/pc1_aJzOA3jUx.jpg!m_fill,w_280,h_210,f_jpg?from=ke.com
20230527,朝阳,垡头,101117651793,东四环南北两居 电梯跃层 精装修 视野开阔,429万,36783元/平,高楼层 (共24层) | 2009年建 | 2室1厅 | 116.63平米 | 南 北,https://ke-image.ljcdn.com/110000-inspection/pc1_0SD9eLwhq.jpg!m_fill,w_280,h_210,f_jpg?from=ke.com
20230527,朝阳,垡头,101119360333,垡头北里中间楼层南北通透采光好新上,330万,47813元/平,中楼层 (共6层) | 1990年建 | 3室1厅 | 69.02平米 | 南 北,https://s1.ljcdn.com/pegasus/redskull/images/common/default_house_list.png?_v=20230517173317
20230527,朝阳,垡头,101117631446,燕保祈东家园南北通透三居室近地铁必看好房,403万,42213元/平,高楼层 (共28层) 3室1厅 | 95.47平米 | 南 北,https://ke-image.ljcdn.com/110000-inspection/9490e8ce-1d93-4472-923d-2092b03b5fc5.png!m_fill,w_280,h_210,f_jpg?from=ke.com
20230527,朝阳,垡头,101119396737,此房精装修满五唯一小区楼龄新价格可谈新上,343万,45192元/平,中楼层 (共28层) | 2012年建 | 2室1厅 | 75.9平米 | 南,https://ke-image.ljcdn.com/110000-inspection/3c433282-8a47-403a-acd6-0d1bd38acdee_1000.jpg!m_fill,w_280,h_210,f_jpg?from=ke.com
20230527,朝阳,垡头,101119374991,垡头北里 2室1厅 南 北新上,255万,44225元/平,中楼层 (共6层) | 1988年建 | 2室1厅 | 57.66平米 | 南 北,https://ke-image.ljcdn.com/110000-inspection/pc1_sjj3VxupI.jpg!m_fill,w_280,h_210,f_jpg?from=ke.com
20230527,朝阳,垡头,101119363669,此房是南北通透居室高层采光无遮挡视野开阔新上,350万,43468元/平,高楼层 (共28层) 2室1厅 | 80.52平米 | 南 北,https://ke-image.ljcdn.com/110000-inspection/pc1_8tVD8DiIJ.jpg!m_fill,w_280,h_210,f_jpg?from=ke.com
20230527,朝阳,垡头,101119357401,此房是满五年唯一南向产权清晰 没有抵押新上,349万,45982元/平,中楼层 (共28层) | 2014年建 | 2室1厅 | 75.9平米 | 南,https://ke-image.ljcdn.com/110000-inspection/pc1_UcMNfLoQq.jpg!m_fill,w_280,h_210,f_jpg?from=ke.com
20230527,朝阳,垡头,101119341827,垡头北里 2室1厅 南 北新上,260万,46346元/平,高楼层 (共6层) | 1987年建 | 2室1厅 | 56.1平米 | 南 北,https://ke-image.ljcdn.com/110000-inspection/pc1_b9pfteXxg.jpg!m_fill,w_280,h_210,f_jpg?from=ke.com
20230527,朝阳,垡头,101119336583,【店长推荐】商品房两居室 南北通透 地铁站400米新上,465万,52401元/平,顶层 (共6层) | 2004年建 | 2室1厅 | 88.74平米 | 南 北,https://ke-image.ljcdn.com/110000-inspection/pc1_9C8RMMIxl.jpg!m_fill,w_280,h_210,f_jpg?from=ke.com
20230527,朝阳,垡头,101119334939,燕保祈东家园 3室1厅 南 北新上,430万,45330元/平,低楼层 (共28层) | 2021年建 | 3室1厅 | 94.86平米 | 南 北,https://ke-image.ljcdn.com/110000-inspection/pc1_bWg8sQswa.jpg!m_fill,w_280,h_210,f_jpg?from=ke.com
20230527,朝阳,垡头,101119325466,垡头西里一区 2室1厅 南 北新上,287万,44476元/平,中楼层 (共6层) | 1983年建 | 2室1厅 | 64.53平米 | 南 北,https://ke-image.ljcdn.com/110000-inspection/pc1_O9qTFRMpZ.jpg!m_fill,w_280,h_210,f_jpg?from=ke.com
20230527,朝阳,垡头,101119314489,金蝉北里21号院 精装通透三居室 房龄新新上,599万,45618元/平,中楼层 (共6层) | 2000年建 | 3室2厅 | 131.31平米 | 东 西,https://ke-image.ljcdn.com/110000-inspection/pc1_vMmSficzr.jpg!m_fill,w_280,h_210,f_jpg?from=ke.com
20230527,朝阳,垡头,101119306822,翠成馨园E区 2室1厅 南,326万,45512元/平,低楼层 (共20层) 2室1厅 | 71.63平米 | 南,https://ke-image.ljcdn.com/110000-inspection/89a7f102-b69d-4950-ab76-ca31eebdeb92_1000.jpg!m_fill,w_280,h_210,f_jpg?from=ke.com
20230527,朝阳,垡头,101119305210,翠成馨园A区 2室2厅 南,509万,55514元/平,低楼层 (共18层) | 2007年建 | 2室2厅 | 91.69平米 | 南,https://ke-image.ljcdn.com/110000-inspection/pc1_Nfzhpxy3u.jpg!m_fill,w_280,h_210,f_jpg?from=ke.com
20230527,朝阳,垡头,101119304484,翠成馨园E区 2室1厅 东南,375万,47559元/平,低楼层 (共28层) 2室1厅 | 78.85平米 | 东南,https://ke-image.ljcdn.com/110000-inspection/pc1_AF3jk85Xz.jpg!m_fill,w_280,h_210,f_jpg?from=ke.com
20230527,朝阳,垡头,101119301359,垡头西里 2室1厅 南,215万,40075元/平,顶层 (共4层) | 1959年建 | 2室1厅 | 53.65平米 | 南,https://ke-image.ljcdn.com/110000-inspection/pc1_iCZEIffOU.jpg!m_fill,w_280,h_210,f_jpg?from=ke.com
20230527,朝阳,垡头,101119300533,南北通透  观花园 满2年 费少房主自荐,776万,70739元/平,高楼层 (共12层) | 2009年建 | 2室1厅 | 109.7平米 | 南 北,https://ke-image.ljcdn.com/110000-inspection/pc1_jZ39nt7NI.jpg!m_fill,w_280,h_210,f_jpg?from=ke.com
20230527,朝阳,垡头,101119289384,本房南北通透正规三居室小区绿化环境好,430万,44445元/平,中楼层 (共27层) 3室2厅 | 96.75平米 | 北 南,https://ke-image.ljcdn.com/110000-inspection/pc1_2elvOej48.jpg!m_fill,w_280,h_210,f_jpg?from=ke.com
20230527,朝阳,垡头,101119287573,金蝉里  精装修 采光好 诚意出售,215万,52059元/平,顶层 (共6层) | 1986年建 | 1室1厅 | 41.3平米 | 南,https://ke-image.ljcdn.com/110000-inspection/pc1_6bIMjtjZT.jpg!m_fill,w_280,h_210,f_jpg?from=ke.com
20230527,朝阳,垡头,101119285449,翠成馨园A区满五唯一南北通透一居室,395万,59876元/平,中楼层 (共11层) | 2007年建 | 1室1厅 | 65.97平米 | 南 北,https://ke-image.ljcdn.com/110000-inspection/pc1_mmLivcxyu.jpg!m_fill,w_280,h_210,f_jpg?from=ke.com
20230527,朝阳,垡头,101119280204,此房满五年唯一高楼层楼前无遮挡视野好采光好,345万,48565元/平,顶层 (共28层) | 2011年建 | 2室1厅 | 71.04平米 | 西南,https://ke-image.ljcdn.com/110000-inspection/pc1_KZrBVu198.jpg!m_fill,w_280,h_210,f_jpg?from=ke.com
20230527,朝阳,垡头,101119278555,翠成馨园C区 2室1厅 南 北,475万,53498元/平,顶层 (共11层) | 2008年建 | 2室1厅 | 88.79平米 | 南 北,https://ke-image.ljcdn.com/110000-inspection/pc1_9aCgPOl7z.jpg!m_fill,w_280,h_210,f_jpg?from=ke.com
20230527,朝阳,垡头,101119276112,双合家园 3室1厅 南 北,460万,50835元/平,中楼层 (共22层) | 2013年建 | 3室1厅 | 90.49平米 | 南 北,https://ke-image.ljcdn.com/110000-inspection/pc1_A7u4SyNUG.jpg!m_fill,w_280,h_210,f_jpg?from=ke.com
20230527,朝阳,垡头,101119275577,翠成馨园E区 2室1厅 西南,359万,46026元/平,中楼层 (共28层) 2室1厅 | 78平米 | 西南,https://ke-image.ljcdn.com/110000-inspection/f0996de4-45b3-43d7-b475-939be652c2da_1000.jpg!m_fill,w_280,h_210,f_jpg?from=ke.com
20230527,朝阳,垡头,101119255971,翠成馨园E区 2室1厅 南,338万,47273元/平,低楼层 (共28层) 2室1厅 | 71.5平米 | 南,https://ke-image.ljcdn.com/110000-inspection/pc1_KnQZmEIwi_1.jpg!m_fill,w_280,h_210,f_jpg?from=ke.com
20230527,朝阳,垡头,101119253267,燕保祈东家园2017年次新房 南北三居室 小区环境好,410万,44450元/平,中楼层 (共20层) | 2021年建 | 3室1厅 | 92.24平米 | 南 西 北,https://ke-image.ljcdn.com/110000-inspection/72a54e36-a7b6-4e45-a58b-14d17bac2dde_1000.jpg!m_fill,w_280,h_210,f_jpg?from=ke.com
20230527,朝阳,垡头,101119250068,垡头西里 1室1厅 东 北 东北,230万,53865元/平,中楼层 (共5层) | 1981年建 | 1室1厅 | 42.7平米 | 东 北 东北,https://ke-image.ljcdn.com/110000-inspection/2c7cd0c5-483e-4243-9ca8-2a6ed6288150_1000.jpg!m_fill,w_280,h_210,f_jpg?from=ke.com
20230527,朝阳,垡头,101119219603,双合家园全南向精装修两居室中间楼层采光好户型方正,410万,47132元/平,中楼层 (共22层) | 2013年建 | 2室2厅 | 86.99平米 | 南,https://ke-image.ljcdn.com/110000-inspection/pc1_pHKDI5lnS.jpg!m_fill,w_280,h_210,f_jpg?from=ke.com
20230527,朝阳,垡头,101119204842,此房满五唯一全南格局高楼层采光好,235万,42666元/平,顶层 (共6层) | 1984年建 | 2室1厅 | 55.08平米 | 南,https://ke-image.ljcdn.com/110000-inspection/pc1_JNWaQXFal.jpg!m_fill,w_280,h_210,f_jpg?from=ke.com
20230527,朝阳,垡头,101119194393,翠成馨园A区板楼精装修商品房本满五年唯一三居室,690万,54503元/平,中楼层 (共14层) | 2007年建 | 3室2厅 | 126.6平米 | 南 北,https://ke-image.ljcdn.com/110000-inspection/1a4880f0-08a8-4517-9536-1714f18be099_1000.jpg!m_fill,w_280,h_210,f_jpg?from=ke.com
20230527,朝阳,垡头,101119194216,翠成馨园E区 3室2厅 西南,468万,46342元/平,高楼层 (共20层) | 2014年建 | 3室2厅 | 100.99平米 | 西南,https://ke-image.ljcdn.com/110000-inspection/pc1_WlK5UhlOo.jpg!m_fill,w_280,h_210,f_jpg?from=ke.com
20230527,朝阳,垡头,101119186111,翠成馨园D区 2室1厅 南,320万,44687元/平,高楼层 (共28层) | 2013年建 | 2室1厅 | 71.61平米 | 南,https://ke-image.ljcdn.com/110000-inspection/pc1_bx02JX8AX.jpg!m_fill,w_280,h_210,f_jpg?from=ke.com
20230527,朝阳,垡头,101119176490,金蝉北里 1室1厅 南,239万,49709元/平,中楼层 (共7层) | 1993年建 | 1室1厅 | 48.08平米 | 南,https://ke-image.ljcdn.com/110000-inspection/pc1_kBnaPNH2G.jpg!m_fill,w_280,h_210,f_jpg?from=ke.com
20230527,朝阳,垡头,101119164711,翠成馨园优质4居室 房子精装修 业主诚意出售,750万,51636元/平,中楼层 (共7层) | 2003年建 | 4室2厅 | 145.25平米 | 东 南 西,https://ke-image.ljcdn.com/110000-inspection/pc1_w8VsHNq6Z.jpg!m_fill,w_280,h_210,f_jpg?from=ke.com
20230527,朝阳,垡头,101119145956,翠成馨园优质两居室户型 南北通透 一梯两户 H户型,545万,62010元/平,高楼层 (共11层) | 2007年建 | 2室2厅 | 87.89平米 | 北 南,https://ke-image.ljcdn.com/110000-inspection/pc1_Y5Azubcjg.jpg!m_fill,w_280,h_210,f_jpg?from=ke.com
20230527,朝阳,垡头,101119140942,房子商品房好楼层优质三居室！无遮挡！,438万,45192元/平,高楼层 (共28层) 3室1厅 | 96.92平米 | 西南 北,https://ke-image.ljcdn.com/110000-inspection/ac0e44dc-e438-4dd9-81df-4857fbb26156_1000.jpg!m_fill,w_280,h_210,f_jpg?from=ke.com
20230527,朝阳,垡头,101119136534,满五唯一西南户型户型方正高楼层采光好视野开阔,365万,46676元/平,高楼层 (共28层) 2室1厅 | 78.2平米 | 西南,https://ke-image.ljcdn.com/110000-inspection/pc1_OYFUYgjo0.jpg!m_fill,w_280,h_210,f_jpg?from=ke.com
20230527,朝阳,垡头,101119125380,垡头西里一区 2室1厅 南,256万,46177元/平,中楼层 (共6层) 2室1厅 | 55.44平米 | 南,https://ke-image.ljcdn.com/110000-inspection/9949c5f1-9f6d-4bb3-87c9-381e6509b843_1000.jpg!m_fill,w_280,h_210,f_jpg?from=ke.com
20230527,朝阳,垡头,101119118719,翠成馨园A区4室2厅2卫南北通透 边户南边花园 安静明亮,780万,56027元/平,中楼层 (共6层) 4室2厅 | 139.22平米 | 南 北,https://ke-image.ljcdn.com/110000-inspection/pc1_ouRZCDzfi.jpg!m_fill,w_280,h_210,f_jpg?from=ke.com
20230527,朝阳,垡头,101119116476,翠成馨园A区 3室2厅2卫 自住装修 南北通透 小区中间,658万,52078元/平,低楼层 (共14层) | 2007年建 | 3室2厅 | 126.35平米 | 南 北,https://ke-image.ljcdn.com/110000-inspection/pc1_tfFJ08hpw.jpg!m_fill,w_280,h_210,f_jpg?from=ke.com
20230527,朝阳,垡头,101119107414,垡头北里低楼层南北通透配套齐全,280万,54264元/平,底层 (共6层) | 1987年建 | 2室1厅 | 51.6平米 | 南 北,https://ke-image.ljcdn.com/110000-inspection/pc1_AZOuCxbyJ.jpg!m_fill,w_280,h_210,f_jpg?from=ke.com
20230527,朝阳,垡头,101119099077,垡头西里二区 1室0厅 南房主自荐,212万,52895元/平,高楼层 (共6层) | 1984年建 | 1室0厅 | 40.08平米 | 南,https://ke-image.ljcdn.com/110000-inspection/pc1_Wf3b03TR5.jpg!m_fill,w_280,h_210,f_jpg?from=ke.com
20230527,朝阳,垡头,101119080567,此房商品房眼镜户型三居室好户型好楼层,488万,48317元/平,高楼层 (共20层) | 2014年建 | 3室1厅 | 101平米 | 东南,https://ke-image.ljcdn.com/110000-inspection/pc1_L1ptC3gy3.jpg!m_fill,w_280,h_210,f_jpg?from=ke.com
20230527,朝阳,垡头,101119071928,翠成馨园D区 2室1厅 南,475万,48894元/平,中楼层 (共28层) | 2017年建 | 2室1厅 | 97.15平米 | 南,https://ke-image.ljcdn.com/110000-inspection/aca4e8fc-2375-4a86-af53-d140ec74e3eb_1000.jpg!m_fill,w_280,h_210,f_jpg?from=ke.com
20230527,朝阳,垡头,101119057240,金蝉北里精装修两居室高楼层采光通透性好。,315万,43527元/平,顶层 (共7层) | 1995年建 | 2室1厅 | 72.37平米 | 东 西,https://ke-image.ljcdn.com/110000-inspection/pc1_Cx7twohwV.jpg!m_fill,w_280,h_210,f_jpg?from=ke.com
20230527,朝阳,垡头,101119056416,翠成馨园B区 2室1厅 南,480万,51647元/平,低楼层 (共18层) 2室1厅 | 92.94平米 | 南,https://ke-image.ljcdn.com/110000-inspection/pc1_XA80SHoXh.jpg!m_fill,w_280,h_210,f_jpg?from=ke.com
20230527,朝阳,垡头,101119045528,南北向 7号线垡头双合 满五唯一 诚意出售 随时签约,389万,43518元/平,低楼层 (共20层) | 2013年建 | 2室1厅 | 89.39平米 | 南 北,https://ke-image.ljcdn.com/110000-inspection/pc1_vfGF0sNn7.jpg!m_fill,w_280,h_210,f_jpg?from=ke.com
20230527,朝阳,垡头,101119032203,金蝉北里 1室1厅 南,350万,52887元/平,高楼层 (共18层) | 2003年建 | 1室1厅 | 66.18平米 | 南,https://ke-image.ljcdn.com/110000-inspection/pc1_Q7hyggKIK.jpg!m_fill,w_280,h_210,f_jpg?from=ke.com
20230527,朝阳,垡头,101119030018,金蝉北里21号院满五唯一看房方便业主诚意,299万,50303元/平,中楼层 (共6层) | 1992年建 | 2室1厅 | 59.44平米 | 南 北,https://ke-image.ljcdn.com/110000-inspection/pc1_x4s7oqyKI.jpg!m_fill,w_280,h_210,f_jpg?from=ke.com
20230527,朝阳,垡头,101119019363,双合家园 满五唯一 精装修 全朝南,386万,44625元/平,底层 (共22层) | 2013年建 | 2室1厅 | 86.5平米 | 南,https://ke-image.ljcdn.com/110000-inspection/pc1_5Z1Px3CLE.jpg!m_fill,w_280,h_210,f_jpg?from=ke.com
20230527,朝阳,垡头,101118995245,满五唯一 装修好 阳面三居室 每间房采光都没遮挡,465万,47146元/平,中楼层 (共28层) 3室1厅 | 98.63平米 | 西南,https://ke-image.ljcdn.com/110000-inspection/f16e420e-93bb-44ca-9b44-43e7434b348b_1000.jpg!m_fill,w_280,h_210,f_jpg?from=ke.com
20230527,朝阳,垡头,101118995187,翠成馨园D区 南向两居室 中间楼层 视野开阔 阳光好,335万,44138元/平,中楼层 (共28层) | 2013年建 | 2室1厅 | 75.9平米 | 南,https://ke-image.ljcdn.com/110000-inspection/pc1_DBKrtzAY0.jpg!m_fill,w_280,h_210,f_jpg?from=ke.com
20230527,朝阳,垡头,101118993569,翠成馨园B区中间楼层精装大两居室,534万,43836元/平,中楼层 (共6层) | 2004年建 | 2室1厅 | 121.82平米 | 南 北,https://ke-image.ljcdn.com/110000-inspection/pc1_c9qm74wQH.jpg!m_fill,w_280,h_210,f_jpg?from=ke.com
20230527,朝阳,垡头,101118991797,翠成馨园C区南北通透全明格局双卫三居 有电梯中间楼层,628万,48811元/平,中楼层 (共18层) | 2007年建 | 3室2厅 | 128.66平米 | 南 北,https://ke-image.ljcdn.com/110000-inspection/pc1_RmIiNsJMF.jpg!m_fill,w_280,h_210,f_jpg?from=ke.com
20230527,朝阳,垡头,101118989028,垡头北里两居室高楼层采光好没有遮挡,219万,43871元/平,顶层 (共6层) | 1987年建 | 2室1厅 | 49.92平米 | 西北,https://ke-image.ljcdn.com/110000-inspection/pc1_NEIdSkVgN.jpg!m_fill,w_280,h_210,f_jpg?from=ke.com
20230527,朝阳,垡头,101118988446,垡头西里 2室1厅 南 北,245万,44248元/平,顶层 (共4层) | 1971年建 | 2室1厅 | 55.37平米 | 南 北,https://ke-image.ljcdn.com/110000-inspection/pc1_4HkMdp5UN.jpg!m_fill,w_280,h_210,f_jpg?from=ke.com
20230527,朝阳,垡头,101118979016,金蝉里 板楼全南向一居 采光好 楼层好,210万,50848元/平,中楼层 (共6层) | 1986年建 | 1室1厅 | 41.3平米 | 南,https://ke-image.ljcdn.com/110000-inspection/pc1_Pjany3j2N.jpg!m_fill,w_280,h_210,f_jpg?from=ke.com
20230527,朝阳,垡头,101118978947,金蝉北里 2室1厅 东南,409万,51164元/平,中楼层 (共18层) 2室1厅 | 79.94平米 | 东南,https://ke-image.ljcdn.com/110000-inspection/pc1_cUYb229i5.jpg!m_fill,w_280,h_210,f_jpg?from=ke.com
20230527,朝阳,垡头,101118977224,金蝉北里南北朝向通风比较好两居室明厨明卫,298万,39665元/平,顶层 (共6层) | 1994年建 | 2室1厅 | 75.13平米 | 南 北,https://ke-image.ljcdn.com/110000-inspection/pc1_2qIkpTmQi.jpg!m_fill,w_280,h_210,f_jpg?from=ke.com
20230527,朝阳,垡头,101118976087,翠成馨园C区 2室1厅 南房主自荐,575万,55610元/平,中楼层 (共14层) | 2009年建 | 2室1厅 | 103.4平米 | 南,https://ke-image.ljcdn.com/110000-inspection/pc1_oUmmRM2Go.jpg!m_fill,w_280,h_210,f_jpg?from=ke.com
20230527,朝阳,垡头,101118974003,双合家园 中高楼层 诚意出售 满五年唯一,420万,46996元/平,中楼层 (共22层) | 2013年建 | 2室2厅 | 89.37平米 | 南 北,https://ke-image.ljcdn.com/110000-inspection/pc1_7mVEX6WK9.jpg!m_fill,w_280,h_210,f_jpg?from=ke.com
20230527,朝阳,垡头,101118973182,燕保祈东家园二期大面宽采光好中低层全南两居房主自荐,358万,45026元/平,低楼层 (共28层) 2室1厅 | 79.51平米 | 南,https://ke-image.ljcdn.com/110000-inspection/pc1_T8GpzFUVb.jpg!m_fill,w_280,h_210,f_jpg?from=ke.com
20230527,朝阳,垡头,101118969496,满五唯一 自住精装修 高层视野好 正规三居室,423万,43568元/平,中楼层 (共28层) 3室2厅 | 97.09平米 | 西 南,https://ke-image.ljcdn.com/110000-inspection/pc1_5rkPTfPgd.jpg!m_fill,w_280,h_210,f_jpg?from=ke.com
20230527,朝阳,垡头,101118966296,垡头西里南北朝向两居室交通便利生活方便,237万,41247元/平,顶层 (共5层) | 1980年建 | 2室1厅 | 57.46平米 | 南 北,https://ke-image.ljcdn.com/110000-inspection/pc1_CDHE5dgPR.jpg!m_fill,w_280,h_210,f_jpg?from=ke.com
20230527,朝阳,垡头,101118959695,翠成馨园一层全南一居满五年唯一住房业主诚意出售,295万,47035元/平,底层 (共18层) | 2007年建 | 1室1厅 | 62.72平米 | 南,https://ke-image.ljcdn.com/110000-inspection/pc1_oYmxyvICB.jpg!m_fill,w_280,h_210,f_jpg?from=ke.com
20230527,朝阳,垡头,101118949537,欢乐谷垡头西里二区 全南两居室 满五年高楼层,275万,46985元/平,高楼层 (共13层) | 1984年建 | 2室0厅 | 58.53平米 | 南,https://ke-image.ljcdn.com/110000-inspection/pc1_g6PrcqpJn.jpg!m_fill,w_280,h_210,f_jpg?from=ke.com
20230527,朝阳,垡头,101118945756,双合中路  南北通透 楼层高 位置好  间距大,435万,48425元/平,中楼层 (共22层) | 2013年建 | 2室2厅 | 89.83平米 | 南 北,https://ke-image.ljcdn.com/110000-inspection/pc1_KvQ9lSGqS.jpg!m_fill,w_280,h_210,f_jpg?from=ke.com
20230527,朝阳,垡头,101118930199,金蝉里出入方便采光充足配套设施齐全,385万,48047元/平,底层 (共21层) 2室1厅 | 80.13平米 | 东,https://ke-image.ljcdn.com/110000-inspection/pc1_509gzYIkn.jpg!m_fill,w_280,h_210,f_jpg?from=ke.com
20230527,朝阳,垡头,101118928799,垡头三区视野好采光充足居住舒适。,420万,47853元/平,高楼层 (共6层) | 1996年建 | 3室1厅 | 87.77平米 | 南 北,https://ke-image.ljcdn.com/110000-inspection/pc1_J3rx1vt14.jpg!m_fill,w_280,h_210,f_jpg?from=ke.com
20230527,朝阳,垡头,101118917574,翠成馨园B区 南北通透大两居 满五年唯一 精装修,535万,44186元/平,高楼层 (共6层) | 2004年建 | 2室1厅 | 121.08平米 | 南 北,https://ke-image.ljcdn.com/110000-inspection/pc1_k8SF6cghh.jpg!m_fill,w_280,h_210,f_jpg?from=ke.com
20230527,朝阳,垡头,101118915772,2017年的次新房小区环境好人车分流电梯入库,318万,42389元/平,高楼层 (共28层) | 2017年建 | 2室1厅 | 75.02平米 | 南,https://ke-image.ljcdn.com/110000-inspection/pc1_ySl5Zz5Nq.jpg!m_fill,w_280,h_210,f_jpg?from=ke.com
20230527,朝阳,垡头,101118915249,金蝉北里21号院低楼层装修较好业主诚意出售,310万,55606元/平,低楼层 (共6层) | 1992年建 | 2室1厅 | 55.75平米 | 南,https://ke-image.ljcdn.com/110000-inspection/pc1_OA2V1NyLA.jpg!m_fill,w_280,h_210,f_jpg?from=ke.com
20230527,朝阳,垡头,101118910572,翠成馨园B区 3室1厅 西南,616万,52601元/平,中楼层 (共6层) | 2004年建 | 3室1厅 | 117.11平米 | 西南,https://ke-image.ljcdn.com/110000-inspection/pc1_jMuz0oGCO.jpg!m_fill,w_280,h_210,f_jpg?from=ke.com
20230527,朝阳,垡头,101118906203,欢乐谷满五唯一景观好视野好楼层居中,272万,48659元/平,低楼层 (共28层) 1室1厅 | 55.9平米 | 南 西,https://ke-image.ljcdn.com/110000-inspection/pc1_hA52YRMw2.jpg!m_fill,w_280,h_210,f_jpg?from=ke.com
20230527,朝阳,垡头,101118902580,双合家园 中间楼层南侧无遮挡 满五年唯一,385万,44794元/平,中楼层 (共22层) | 2013年建 | 2室1厅 | 85.95平米 | 南,https://ke-image.ljcdn.com/110000-inspection/pc1_NrwegyIUd.jpg!m_fill,w_280,h_210,f_jpg?from=ke.com
20230527,朝阳,垡头,101118902279,东四环欢乐谷垡头路南走心精装修拎包入住全明格局,499万,47344元/平,低楼层 (共14层) 2室1厅 | 105.4平米 | 东 西,https://ke-image.ljcdn.com/110000-inspection/pc1_KWjPP6WZz.jpg!m_fill,w_280,h_210,f_jpg?from=ke.com
20230527,朝阳,垡头,101118889328,翠成馨园D区 满五年唯一 正规三居室 楼层好,420万,43259元/平,高楼层 (共28层) | 2013年建 | 3室2厅 | 97.09平米 | 西北,https://ke-image.ljcdn.com/110000-inspection/29af4fbe-c1b9-45ae-91d1-f63de382ea60_1000.jpg!m_fill,w_280,h_210,f_jpg?from=ke.com
20230527,朝阳,垡头,101118883613,东南四环 优质三居 板楼 地铁垡头,750万,60489元/平,高楼层 (共11层) 3室2厅 | 123.99平米 | 南 北,https://ke-image.ljcdn.com/110000-inspection/pc1_vBZe4MjwV.jpg!m_fill,w_280,h_210,f_jpg?from=ke.com
20230527,朝阳,垡头,101118879573,金蝉里 2室1厅 南 北,268万,46699元/平,中楼层 (共6层) 2室1厅 | 57.39平米 | 南 北,https://ke-image.ljcdn.com/110000-inspection/pc1_AONUJFKaT.jpg!m_fill,w_280,h_210,f_jpg?from=ke.com
20230527,朝阳,垡头,101118876928,店长推荐 正规东南北向三居 精装修 带车位,435万,44883元/平,低楼层 (共28层) 3室1厅 | 96.92平米 | 东 南 北,https://ke-image.ljcdn.com/110000-inspection/pc1_SteMXyzUD_1.jpg!m_fill,w_280,h_210,f_jpg?from=ke.com
20230527,朝阳,垡头,101118864464,垡头西里 2室1厅 南,245万,47936元/平,中楼层 (共5层) | 1978年建 | 2室1厅 | 51.11平米 | 南,https://ke-image.ljcdn.com/110000-inspection/d5f8e2c8-e428-4af3-be3a-4ec5349a082a_1000.jpg!m_fill,w_280,h_210,f_jpg?from=ke.com
20230527,朝阳,垡头,101118854275,2017年交房的次新房全南两居室采光好封闭式管理,483万,49717元/平,中楼层 (共28层) | 2017年建 | 2室1厅 | 97.15平米 | 南,https://ke-image.ljcdn.com/110000-inspection/pc1_B48KvitV9.jpg!m_fill,w_280,h_210,f_jpg?from=ke.com
20230527,朝阳,垡头,101118836378,垡头西里高楼层采光好全明格局,230万,55758元/平,中楼层 (共5层) | 1974年建 | 2室1厅 | 41.25平米 | 南 北,https://ke-image.ljcdn.com/110000-inspection/pc1_k8PNtHN5i.jpg!m_fill,w_280,h_210,f_jpg?from=ke.com
20230527,朝阳,垡头,101118831128,金蝉北里满五唯一南北通透两居室,315万,55921元/平,底层 (共6层) | 1993年建 | 2室1厅 | 56.33平米 | 南 北,https://ke-image.ljcdn.com/110000-inspection/pc1_s2idFLyzs.jpg!m_fill,w_280,h_210,f_jpg?from=ke.com
20230527,朝阳,垡头,101118830349,金蝉北里21号院南北通透精装修两居室房主自荐,205万,34322元/平,地下室 (共6层) | 1996年建 | 2室1厅 | 59.73平米 | 南 北,https://ke-image.ljcdn.com/110000-inspection/pc1_iIHiLz4tK.jpg!m_fill,w_280,h_210,f_jpg?from=ke.com
20230527,朝阳,垡头,101118822223,垡头翠成馨园 满五年 东向一居室 首套首付90万,258万,48333元/平,中楼层 (共13层) | 2009年建 | 1室1厅 | 53.38平米 | 东,https://ke-image.ljcdn.com/110000-inspection/pc1_g9TOJM4ku.jpg!m_fill,w_280,h_210,f_jpg?from=ke.com
20230527,朝阳,垡头,101118817723,垡头翠成馨园  精装三居室 户型方正,645万,49823元/平,中楼层 (共18层) 3室2厅 | 129.46平米 | 南 北,https://ke-image.ljcdn.com/110000-inspection/pc1_IMhK2U3lX.jpg!m_fill,w_280,h_210,f_jpg?from=ke.com
20230527,朝阳,垡头,101118813457,金蝉北里南北通透两居室高楼层采光好,265万,45952元/平,顶层 (共6层) | 1993年建 | 2室1厅 | 57.67平米 | 南 北,https://ke-image.ljcdn.com/110000-inspection/pc1_YIJ5LCkCX.jpg!m_fill,w_280,h_210,f_jpg?from=ke.com
20230527,朝阳,垡头,101118806355,翠成馨园C区 3室2厅 南 北房主自荐,860万,59922元/平,低楼层 (共16层) | 2005年建 | 3室2厅 | 143.52平米 | 南 北,https://ke-image.ljcdn.com/110000-inspection/pc1_eXbQ9l7xT.jpg!m_fill,w_280,h_210,f_jpg?from=ke.com
20230527,朝阳,垡头,101118800607,双合家园  南北通透  中间楼层   采光好  楼间距大,416万,46310元/平,低楼层 (共22层) | 2013年建 | 2室1厅 | 89.83平米 | 南 北,https://ke-image.ljcdn.com/110000-inspection/bb867892-0f66-42df-9458-5d6a11d27a42_1000.jpg!m_fill,w_280,h_210,f_jpg?from=ke.com
20230527,朝阳,垡头,101118793637,翠成C区  南北两居   开窗看绿化,530万,60676元/平,底层 (共11层) | 2007年建 | 2室1厅 | 87.35平米 | 南 北,https://ke-image.ljcdn.com/110000-inspection/pc1_Sef4lW3C9.jpg!m_fill,w_280,h_210,f_jpg?from=ke.com
20230527,朝阳,垡头,101118789063,双合家园 商品房 精装修 楼间距大 采光好,288万,52345元/平,底层 (共22层) | 2013年建 | 1室1厅 | 55.02平米 | 南,https://ke-image.ljcdn.com/110000-inspection/pc1_fhwSrqHX7.jpg!m_fill,w_280,h_210,f_jpg?from=ke.com
20230527,朝阳,垡头,101118766988,双合家园 高楼层 间距大 采光好 业主诚意出售,425万,47291元/平,高楼层 (共22层) | 2013年建 | 2室1厅 | 89.87平米 | 南 北,https://ke-image.ljcdn.com/110000-inspection/pc1_cFDwIlPwu.jpg!m_fill,w_280,h_210,f_jpg?from=ke.com
20230527,朝阳,垡头,101118764178,【店长推荐】2013年 精装修两居室 满五唯一+地暖,380万,48495元/平,低楼层 (共28层) 2室1厅 | 78.36平米 | 西南,https://ke-image.ljcdn.com/110000-inspection/ad29a3ed-f8b9-4962-bf93-da10b273cbad_1000.jpg!m_fill,w_280,h_210,f_jpg?from=ke.com
20230527,朝阳,垡头,101118761945,垡头翠成馨园 店长推荐两居室 步行到地铁垡头站600米,529万,58577元/平,顶层 (共11层) | 2007年建 | 2室2厅 | 90.31平米 | 北 南,https://ke-image.ljcdn.com/110000-inspection/pc1_LHxMaXLAy.jpg!m_fill,w_280,h_210,f_jpg?from=ke.com
20230527,朝阳,垡头,101118752929,燕保祈东家园 2室1厅 南 西 北,350万,44372元/平,底层 (共28层) 2室1厅 | 78.88平米 | 南 西 北,https://ke-image.ljcdn.com/110000-inspection/pc1_Q53nEFgT8.jpg!m_fill,w_280,h_210,f_jpg?from=ke.com
20230527,朝阳,垡头,101118749348,商品房满五年家庭一套房自住可拎包入住,565万,54395元/平,中楼层 (共14层) | 2009年建 | 2室2厅 | 103.87平米 | 南,https://ke-image.ljcdn.com/110000-inspection/pc1_kW12Jqlk6.jpg!m_fill,w_280,h_210,f_jpg?from=ke.com
20230527,朝阳,垡头,101118742787,垡头西里二区 西北向小三居双阳台 高楼层视野好 精装,301万,47900元/平,中楼层 (共13层) | 1984年建 | 3室0厅 | 62.84平米 | 西北,https://ke-image.ljcdn.com/110000-inspection/pc1_Z8qmNeiMt.jpg!m_fill,w_280,h_210,f_jpg?from=ke.com
20230527,朝阳,垡头,101118733430,金蝉里东南朝向三居户型好楼层好采光充足,620万,48408元/平,高楼层 (共21层) | 2006年建 | 3室1厅 | 128.08平米 | 东南,https://ke-image.ljcdn.com/110000-inspection/pc1_jjtth76nR.jpg!m_fill,w_280,h_210,f_jpg?from=ke.com
20230527,朝阳,垡头,101118732905,翠成馨园D区两居室高楼层视野好采光好,328万,43215元/平,高楼层 (共28层) | 2011年建 | 2室1厅 | 75.9平米 | 南,https://ke-image.ljcdn.com/110000-inspection/pc1_ZMQxYQsi5.jpg!m_fill,w_280,h_210,f_jpg?from=ke.com
20230527,朝阳,垡头,101118723596,翠成馨园A区板楼有电梯南北通透两居室明厨明卫。,399万,60263元/平,低楼层 (共11层) | 2007年建 | 2室1厅 | 66.21平米 | 南 北,https://ke-image.ljcdn.com/110000-inspection/pc1_oKstlz3CU.jpg!m_fill,w_280,h_210,f_jpg?from=ke.com
20230527,朝阳,垡头,101118716232,建工·双合家园 南向两居室 次顶层,415万,48000元/平,高楼层 (共22层) | 2013年建 | 2室1厅 | 86.46平米 | 南,https://ke-image.ljcdn.com/110000-inspection/pc1_NvpDGl6QX.jpg!m_fill,w_280,h_210,f_jpg?from=ke.com
20230527,朝阳,垡头,101118716136,地铁7号线双合站 双合家园全南向两居 诚意出售,400万,45983元/平,低楼层 (共22层) | 2013年建 | 2室1厅 | 86.99平米 | 南,https://ke-image.ljcdn.com/110000-inspection/9b2abec0-955f-47d7-9491-3a95b66ab68f_1000.jpg!m_fill,w_280,h_210,f_jpg?from=ke.com
20230527,朝阳,垡头,101118710496,翠成馨园C区 2室1厅 东北,445万,47006元/平,中楼层 (共16层) | 2005年建 | 2室1厅 | 94.67平米 | 东北,https://ke-image.ljcdn.com/110000-inspection/pc1_zqbiVfvXH.jpg!m_fill,w_280,h_210,f_jpg?from=ke.com
20230527,朝阳,垡头,101118701376,双合家园 1室1厅 南,239万,43392元/平,低楼层 (共22层) | 2013年建 | 1室1厅 | 55.08平米 | 南,https://ke-image.ljcdn.com/110000-inspection/pc1_R0wbThstn.jpg!m_fill,w_280,h_210,f_jpg?from=ke.com
20230527,朝阳,垡头,101118697057,翠成馨园A区板楼有电梯南向两居室 高楼层视野开阔。,442万,56263元/平,高楼层 (共16层) | 2005年建 | 2室1厅 | 78.56平米 | 南,https://ke-image.ljcdn.com/110000-inspection/pc1_3LJADSHn8.jpg!m_fill,w_280,h_210,f_jpg?from=ke.com
20230527,朝阳,垡头,101118688020,燕保祈东家园 2室1厅 南 北,432万,46835元/平,低楼层 (共20层) 2室1厅 | 92.24平米 | 南 北,https://ke-image.ljcdn.com/110000-inspection/pc1_f5BIDa7Wc.jpg!m_fill,w_280,h_210,f_jpg?from=ke.com
20230527,朝阳,垡头,101118687410,【店长推荐】南北通透两居室 满五唯一 地铁300米,422万,44885元/平,顶层 (共6层) | 2004年建 | 2室2厅 | 94.02平米 | 南 北,https://ke-image.ljcdn.com/110000-inspection/f1925039-90c8-4c15-adee-c3c25ef10fa8_1000.jpg!m_fill,w_280,h_210,f_jpg?from=ke.com
20230527,朝阳,垡头,101118686320,垡头翠成馨园高楼层满五唯一随时签约,340万,47480元/平,高楼层 (共28层) | 2005年建 | 2室1厅 | 71.61平米 | 南,https://ke-image.ljcdn.com/110000-inspection/pc1_1fwHivvgN.jpg!m_fill,w_280,h_210,f_jpg?from=ke.com
20230527,朝阳,垡头,101118684341,垡头西里三区 3室1厅 南 北,443万,54316元/平,低楼层 (共6层) 3室1厅 | 81.56平米 | 南 北,https://ke-image.ljcdn.com/110000-inspection/1b11c499-304d-43b6-843f-cc0bfeed5bc0_1000.jpg!m_fill,w_280,h_210,f_jpg?from=ke.com
20230527,朝阳,垡头,101118680639,户型方正视野好采光充足配套齐全,410万,49643元/平,低楼层 (共28层) | 2009年建 | 2室1厅 | 82.59平米 | 东南,https://ke-image.ljcdn.com/110000-inspection/pc1_b96gl7rUR.jpg!m_fill,w_280,h_210,f_jpg?from=ke.com
20230527,朝阳,垡头,101118673472,垡头西里 1室1厅 南,180万,52895元/平,中楼层 (共4层) | 1977年建 | 1室1厅 | 34.03平米 | 南,https://ke-image.ljcdn.com/110000-inspection/pc1_9i9bXON6t.jpg!m_fill,w_280,h_210,f_jpg?from=ke.com
20230527,朝阳,垡头,101118670103,南向小一居  视野好  采光好   地理位置好,215万,53205元/平,高楼层 (共24层) | 2009年建 | 1室1厅 | 40.41平米 | 南,https://ke-image.ljcdn.com/110000-inspection/pc1_Eotnv7edz.jpg!m_fill,w_280,h_210,f_jpg?from=ke.com
20230527,朝阳,垡头,101118669667,金蝉里 全南向两居室 满五年唯一 视野开阔,455万,51494元/平,低楼层 (共21层) 2室1厅 | 88.36平米 | 南,https://ke-image.ljcdn.com/110000-inspection/pc1_2h5GwZ2Xv.jpg!m_fill,w_280,h_210,f_jpg?from=ke.com
20230527,朝阳,垡头,101118656228,翠成馨园E区 3室1厅 西南,548万,49923元/平,低楼层 (共28层) | 2009年建 | 3室1厅 | 109.77平米 | 西南,https://ke-image.ljcdn.com/110000-inspection/pc1_6dDKVwGIK.jpg!m_fill,w_280,h_210,f_jpg?from=ke.com
20230527,朝阳,垡头,101118640080,翠成馨园C区双卧室朝南三居室眼睛户型明厨明卫,725万,58033元/平,中楼层 (共11层) | 2007年建 | 3室2厅 | 124.93平米 | 南 北,https://ke-image.ljcdn.com/110000-inspection/pc1_TsMOCAmL9.jpg!m_fill,w_280,h_210,f_jpg?from=ke.com
20230527,朝阳,垡头,101118640046,燕保南北通透两居 近地铁中间楼层,350万,45343元/平,中楼层 (共28层) 2室1厅 | 77.19平米 | 南 北,https://ke-image.ljcdn.com/110000-inspection/pc1_O4Ex3wQKW.jpg!m_fill,w_280,h_210,f_jpg?from=ke.com
20230527,朝阳,垡头,101118626689,垡头西里三区 3室1厅 东 南 北,479万,41490元/平,顶层 (共6层) | 1996年建 | 3室1厅 | 115.45平米 | 东 南 北,https://ke-image.ljcdn.com/110000-inspection/pc1_JaJgrjUVp_1.jpg!m_fill,w_280,h_210,f_jpg?from=ke.com
20230527,朝阳,垡头,101118598731,满五唯一 眼睛户型私密性好 双明卫 视野开阔,698万,55389元/平,中楼层 (共11层) 3室2厅 | 126.02平米 | 南 北,https://ke-image.ljcdn.com/110000-inspection/pc1_cjGt91aXv.jpg!m_fill,w_280,h_210,f_jpg?from=ke.com
20230527,朝阳,垡头,101118589424,金蝉北里满五年唯一住房精装修两居室朝东向,385万,47118元/平,顶层 (共18层) | 1993年建 | 2室1厅 | 81.71平米 | 东,https://ke-image.ljcdn.com/110000-inspection/pc1_AkvSUO7Od.jpg!m_fill,w_280,h_210,f_jpg?from=ke.com
20230527,朝阳,垡头,101118587755,翠成馨园E区 东南向2居 高楼层视野好 无遮挡采光足,370万,51141元/平,高楼层 (共22层) | 2005年建 | 2室1厅 | 72.35平米 | 东南,https://ke-image.ljcdn.com/110000-inspection/pc1_vl2W0CJql.jpg!m_fill,w_280,h_210,f_jpg?from=ke.com
20230527,朝阳,垡头,101118584276,南北通透三居室 户型房正 两梯四户,448万,46305元/平,低楼层 (共27层) 3室1厅 | 96.75平米 | 南 北,https://ke-image.ljcdn.com/110000-inspection/pc1_o1wpuVVKl.jpg!m_fill,w_280,h_210,f_jpg?from=ke.com
20230527,朝阳,垡头,101118578924,金蝉北里 2室1厅 西北,455万,48456元/平,低楼层 (共18层) | 1998年建 | 2室1厅 | 93.9平米 | 西北,https://ke-image.ljcdn.com/110000-inspection/pc1_fR4FEjSz2.jpg!m_fill,w_280,h_210,f_jpg?from=ke.com
20230527,朝阳,垡头,101118575116,精装商品房 垡头双合 满五唯一 诚意出售 随时签约。房主自荐,439万,49122元/平,中楼层 (共22层) | 2013年建 | 2室1厅 | 89.37平米 | 南 北,https://ke-image.ljcdn.com/110000-inspection/pc1_pGYpqIB9A.jpg!m_fill,w_280,h_210,f_jpg?from=ke.com
20230527,朝阳,垡头,101118571673,商品房满五唯一电梯房朝南采光充足,285万,51445元/平,低楼层 (共12层) | 1990年建 | 2室1厅 | 55.4平米 | 南,https://ke-image.ljcdn.com/110000-inspection/pc1_wrgXJLhTf.jpg!m_fill,w_280,h_210,f_jpg?from=ke.com
20230527,朝阳,垡头,101118571438,垡头翠成馨园 东向正规一居 高楼层采光好 看房随时,260万,52188元/平,高楼层 (共16层) | 2005年建 | 1室1厅 | 49.82平米 | 东,https://ke-image.ljcdn.com/110000-inspection/pc1_9fpBm1i3P.jpg!m_fill,w_280,h_210,f_jpg?from=ke.com
20230527,朝阳,垡头,101118564029,翠成馨园  户型方正 落地窗 大一居户型 近地铁房主自荐,418万,51421元/平,中楼层 (共13层) | 2006年建 | 1室1厅 | 81.29平米 | 东,https://ke-image.ljcdn.com/110000-inspection/pc1_EFtO6VzzT.jpg!m_fill,w_280,h_210,f_jpg?from=ke.com
20230527,朝阳,垡头,101118562484,翠成馨园C区 2室1厅 南 北,550万,61847元/平,顶层 (共11层) | 2007年建 | 2室1厅 | 88.93平米 | 南 北,https://ke-image.ljcdn.com/110000-inspection/pc1_otnPJLuaZ.jpg!m_fill,w_280,h_210,f_jpg?from=ke.com
20230527,朝阳,垡头,101118557756,翠成馨园C区 3室2厅 南 北,686万,47799元/平,中楼层 (共16层) | 2005年建 | 3室2厅 | 143.52平米 | 南 北,https://ke-image.ljcdn.com/110000-inspection/0993fbf6-d510-4716-870a-d9d20e9588e9_1000.jpg!m_fill,w_280,h_210,f_jpg?from=ke.com
20230527,朝阳,垡头,101118556172,欢乐谷 垡头 翠成馨园C区 南北通透 三居房主自荐,639万,49686元/平,低楼层 (共18层) | 2006年建 | 3室2厅 | 128.61平米 | 东南 北,https://ke-image.ljcdn.com/110000-inspection/pc1_Z2FiV9Jkr.jpg!m_fill,w_280,h_210,f_jpg?from=ke.com
20230527,朝阳,垡头,101118555975,7号线近地铁 满五唯一 中高楼层 精装修 客厅主卧朝南,393万,45178元/平,高楼层 (共22层) | 2013年建 | 2室1厅 | 86.99平米 | 南,https://ke-image.ljcdn.com/110000-inspection/pc1_qgRC9dvk5.jpg!m_fill,w_280,h_210,f_jpg?from=ke.com
20230527,朝阳,垡头,101118538014,燕保祈东家园 南北通透三居室 高层 业主诚心卖,411万,43055元/平,中楼层 (共28层) 3室1厅 | 95.46平米 | 南 北,https://ke-image.ljcdn.com/110000-inspection/pc1_barDwQyXX.jpg!m_fill,w_280,h_210,f_jpg?from=ke.com
20230527,朝阳,垡头,101118534916,翠成馨园C区 1室1厅 西,251万,50677元/平,顶层 (共16层) | 2009年建 | 1室1厅 | 49.53平米 | 西,https://ke-image.ljcdn.com/110000-inspection/pc1_oE5ivoYoz.jpg!m_fill,w_280,h_210,f_jpg?from=ke.com
20230527,朝阳,垡头,101118528256,翠成馨园D区 正规小两居 中高楼层 无遮挡 回迁本,335万,46697元/平,中楼层 (共24层) 2室1厅 | 71.74平米 | 西南,https://ke-image.ljcdn.com/110000-inspection/pc1_pwY6rIQ05.jpg!m_fill,w_280,h_210,f_jpg?from=ke.com
20230527,朝阳,垡头,101118500298,燕保祈东家园二期 南向两居室 业主诚心出售,350万,44020元/平,中楼层 (共28层) 2室1厅 | 79.51平米 | 南,https://ke-image.ljcdn.com/110000-inspection/c0355c2c-eb6b-4d10-b1ea-4ccd1335cc5b_1000.jpg!m_fill,w_280,h_210,f_jpg?from=ke.com
20230527,朝阳,垡头,101118499635,【店长推荐】大三居 满五年唯一 楼层好 采光充足,680万,53038元/平,顶层 (共18层) | 2006年建 | 3室2厅 | 128.21平米 | 南 北,https://ke-image.ljcdn.com/110000-inspection/pc1_HzrzqDLAg.jpg!m_fill,w_280,h_210,f_jpg?from=ke.com
20230527,朝阳,垡头,101118497651,双合家园满五唯一中间层朝南两居诚意出售,395万,45936元/平,中楼层 (共20层) | 2013年建 | 2室1厅 | 85.99平米 | 南,https://ke-image.ljcdn.com/110000-inspection/pc1_JYVn4SPF4.jpg!m_fill,w_280,h_210,f_jpg?from=ke.com
20230527,朝阳,垡头,101118488139,翠城馨园E区 高层视野开阔 采光好 满五唯一,430万,44413元/平,顶层 (共20层) | 2011年建 | 3室1厅 | 96.82平米 | 南 西 北,https://ke-image.ljcdn.com/110000-inspection/5dafc17a-4170-499c-bbe7-3dc3a98eb18b_1000.jpg!m_fill,w_280,h_210,f_jpg?from=ke.com
20230527,朝阳,垡头,101118483423,翠成馨园E区+满五唯一+精装修+可贷款,455万,45068元/平,低楼层 (共22层) | 2011年建 | 3室2厅 | 100.96平米 | 东 南,https://ke-image.ljcdn.com/110000-inspection/pc1_qvCNsaaGJ.jpg!m_fill,w_280,h_210,f_jpg?from=ke.com
20230527,朝阳,垡头,101118474972,精装修三居室中间楼层诚意出售观花园不临街房主自荐,412万,42571元/平,低楼层 (共22层) | 2005年建 | 3室2厅 | 96.78平米 | 东 南 北,https://ke-image.ljcdn.com/110000-inspection/pc1_NkWRmarzF.jpg!m_fill,w_280,h_210,f_jpg?from=ke.com
20230527,朝阳,垡头,101118467431,翠成馨园C区 3室2厅 南 北,740万,52812元/平,低楼层 (共13层) | 2007年建 | 3室2厅 | 140.12平米 | 南 北,https://ke-image.ljcdn.com/110000-inspection/cbe144d8-b42c-468c-a47a-6a3285515e5d_1000.jpg!m_fill,w_280,h_210,f_jpg?from=ke.com
20230527,朝阳,垡头,101118466119,翠成馨园A区优质南北通透两居室 业主诚意出售,539万,60184元/平,中楼层 (共11层) 2室1厅 | 89.56平米 | 南 北,https://ke-image.ljcdn.com/110000-inspection/0f22a408-db07-4196-83df-880d97c277c2_1000.jpg!m_fill,w_280,h_210,f_jpg?from=ke.com
20230527,朝阳,垡头,101118461714,垡头北里 2室1厅 南 北房主自荐,251万,43767元/平,高楼层 (共6层) 2室1厅 | 57.35平米 | 南 北,https://ke-image.ljcdn.com/110000-inspection/pc1_Kte2Hw62W.jpg!m_fill,w_280,h_210,f_jpg?from=ke.com
20230527,朝阳,垡头,101118457494,燕保祈东家园二期  南北两居商品本,356万,44809元/平,顶层 (共28层) | 2021年建 | 2室1厅 | 79.45平米 | 北 南,https://ke-image.ljcdn.com/110000-inspection/pc1_LMSRvs9qj.jpg!m_fill,w_280,h_210,f_jpg?from=ke.com
20230527,朝阳,垡头,101118449931,满五年唯一 南北通透 不临街 位置好 近地铁  有电梯,510万,50113元/平,低楼层 (共13层) | 2007年建 | 2室1厅 | 101.77平米 | 南 北,https://ke-image.ljcdn.com/110000-inspection/pc1_vloob9pjr.jpg!m_fill,w_280,h_210,f_jpg?from=ke.com
20230527,朝阳,垡头,101118442416,翠成馨园A区前后不临街随时看房南北通透诚意签约,728万,59997元/平,低楼层 (共6层) | 2003年建 | 2室1厅 | 121.34平米 | 南 北,https://ke-image.ljcdn.com/110000-inspection/pc1_bvEIROoIN.jpg!m_fill,w_280,h_210,f_jpg?from=ke.com
20230527,朝阳,垡头,101118435381,双合家园正规一居室 随时签约 精装修 高楼层采光好,288万,52431元/平,高楼层 (共22层) | 2013年建 | 1室1厅 | 54.93平米 | 南,https://ke-image.ljcdn.com/110000-inspection/pc1_khjn5Hbpg.jpg!m_fill,w_280,h_210,f_jpg?from=ke.com
20230527,朝阳,垡头,101118415523,双合家园 商品房 精装修 采光好房主自荐,388万,44856元/平,低楼层 (共22层) | 2013年建 | 2室1厅 | 86.5平米 | 南,https://ke-image.ljcdn.com/110000-inspection/pc1_K5nLgi2ZQ.jpg!m_fill,w_280,h_210,f_jpg?from=ke.com
20230527,朝阳,垡头,101118415322,翠成馨园D区 2室1厅 南 西 北,420万,52705元/平,底层 (共28层) | 2005年建 | 2室1厅 | 79.69平米 | 南 西 北,https://ke-image.ljcdn.com/110000-inspection/pc1_TvZIQruQk.jpg!m_fill,w_280,h_210,f_jpg?from=ke.com
20230527,朝阳,垡头,101118413842,2017年的次新房小区环境好人车分流电梯入库,355万,45006元/平,高楼层 (共28层) 2室1厅 | 78.88平米 | 南 北,https://ke-image.ljcdn.com/110000-inspection/pc1_o0bmpZsOT.jpg!m_fill,w_280,h_210,f_jpg?from=ke.com
20230527,朝阳,垡头,101118411847,翠成馨园C区板楼有电梯一梯两户 精装修 明卫,545万,61764元/平,中楼层 (共11层) | 2008年建 | 2室2厅 | 88.24平米 | 南 北,https://ke-image.ljcdn.com/110000-inspection/pc1_Q1k0Zqxcf.jpg!m_fill,w_280,h_210,f_jpg?from=ke.com
20230527,朝阳,垡头,101118408029,近地铁 全南两居 次新房 人车分流 交通便利,260万,53686元/平,顶层 (共13层) | 2009年建 | 1室0厅 | 48.43平米 | 东,https://ke-image.ljcdn.com/110000-inspection/pc1_aEFMKwjYS.jpg!m_fill,w_280,h_210,f_jpg?from=ke.com
20230527,朝阳,垡头,101118406149,欢乐谷金蝉北里 全南正规一居室,236万,46779元/平,中楼层 (共7层) | 1993年建 | 1室1厅 | 50.45平米 | 南,https://ke-image.ljcdn.com/110000-inspection/pc1_q4IWrTf5u.jpg!m_fill,w_280,h_210,f_jpg?from=ke.com
20230527,朝阳,垡头,101118405917,翠成馨园C区南北通透 户型方正 采光视野好,530万,60139元/平,中楼层 (共11层) | 2008年建 | 2室1厅 | 88.13平米 | 南 北,https://ke-image.ljcdn.com/110000-inspection/pc1_vv8uFPwKb.jpg!m_fill,w_280,h_210,f_jpg?from=ke.com
20230527,朝阳,垡头,101118401369,双合家园 南向高层一居室 满五年唯一,255万,46297元/平,高楼层 (共22层) | 2013年建 | 1室1厅 | 55.08平米 | 南,https://ke-image.ljcdn.com/110000-inspection/pc1_d9HDnkY5Z.jpg!m_fill,w_280,h_210,f_jpg?from=ke.com
20230527,朝阳,垡头,101118389237,双合家园商品房 高楼层 采光好 视野好 位置好 精装修房主自荐,430万,49798元/平,高楼层 (共22层) | 2013年建 | 2室1厅 | 86.35平米 | 南,https://ke-image.ljcdn.com/110000-inspection/ac80ac9f-9863-40b8-b4d7-c1a700d8382b_1000.jpg!m_fill,w_280,h_210,f_jpg?from=ke.com
20230527,朝阳,垡头,101118385916,燕保祈东家园精装三居双卧朝南近地铁,409万,43085元/平,低楼层 (共28层) 3室1厅 | 94.93平米 | 南 北,https://ke-image.ljcdn.com/110000-inspection/pc1_IiQgnjKhJ.jpg!m_fill,w_280,h_210,f_jpg?from=ke.com
20230527,朝阳,垡头,101118375887,垡头西里南向一居室采光充足中间楼层,169万,49809元/平,中楼层 (共4层) | 1977年建 | 1室0厅 | 33.93平米 | 南,https://ke-image.ljcdn.com/110000-inspection/pc1_ZybbQ1B8X.jpg!m_fill,w_280,h_210,f_jpg?from=ke.com
20230527,朝阳,垡头,101118375613,翠成馨园C区南北通透两居室中高楼层满五唯一房主自荐,528万,60041元/平,中楼层 (共11层) | 2007年建 | 2室1厅 | 87.94平米 | 南 北,https://ke-image.ljcdn.com/110000-inspection/pc1_NWJ2o9yK4.jpg!m_fill,w_280,h_210,f_jpg?from=ke.com
20230527,朝阳,垡头,101118359231,金蝉里  南北向小两居 明厨明卫房主自荐,258万,44568元/平,高楼层 (共6层) | 1988年建 | 2室1厅 | 57.89平米 | 南 北,https://ke-image.ljcdn.com/110000-inspection/pc1_r8zNNXtU7.jpg!m_fill,w_280,h_210,f_jpg?from=ke.com
20230527,朝阳,垡头,101118351815,此房满五年唯一户型方正视野开阔采光充足低楼层,334万,46733元/平,低楼层 (共28层) 2室1厅 | 71.47平米 | 东南,https://ke-image.ljcdn.com/110000-inspection/pc1_RIH8mYmtp.jpg!m_fill,w_280,h_210,f_jpg?from=ke.com
20230527,朝阳,垡头,101118328746,双合家园纯南两居满五唯一诚意出售 看房方便,388万,44934元/平,中楼层 (共22层) | 2013年建 | 2室1厅 | 86.35平米 | 南,https://ke-image.ljcdn.com/110000-inspection/pc1_ZjxyBjWmv.jpg!m_fill,w_280,h_210,f_jpg?from=ke.com
20230527,朝阳,垡头,101118316927,东南四环边 满五年唯一 东南向两居 诚意出售房主自荐,330万,45942元/平,低楼层 (共21层) | 2011年建 | 2室1厅 | 71.83平米 | 东南,https://ke-image.ljcdn.com/110000-inspection/pc1_QkPGXgsMf.jpg!m_fill,w_280,h_210,f_jpg?from=ke.com
20230527,朝阳,垡头,101118313952,总监推荐翠成馨园满五年唯一两居高楼层采光好,430万,47762元/平,高楼层 (共28层) | 2009年建 | 2室1厅 | 90.03平米 | 东,https://ke-image.ljcdn.com/110000-inspection/pc1_kP1LgzBAI.jpg!m_fill,w_280,h_210,f_jpg?from=ke.com
20230527,朝阳,垡头,101118304177,翠成馨园D区高层精品两居室,333万,43874元/平,高楼层 (共28层) 2室1厅 | 75.9平米 | 南,https://ke-image.ljcdn.com/110000-inspection/pc1_kyyEXmr9S.jpg!m_fill,w_280,h_210,f_jpg?from=ke.com
20230527,朝阳,垡头,101118299178,翠成馨园D区 正规三居室 产权清晰 没有抵押,405万,43224元/平,中楼层 (共28层) | 2013年建 | 3室1厅 | 93.7平米 | 西南,https://ke-image.ljcdn.com/110000-inspection/pc1_dWUWGUHxI.jpg!m_fill,w_280,h_210,f_jpg?from=ke.com
20230527,朝阳,垡头,101118289535,垡头西里二区 全南朝向两居 精装 高楼层 采光好视野好房主自荐,246万,46068元/平,顶层 (共6层) | 1984年建 | 2室1厅 | 53.4平米 | 南,https://ke-image.ljcdn.com/110000-inspection/pc1_rdJ6v62xr.jpg!m_fill,w_280,h_210,f_jpg?from=ke.com
20230527,朝阳,垡头,101118287984,燕保祈东家园二期  业主诚意出售,340万,42231元/平,底层 (共28层) 2室1厅 | 80.51平米 | 北 南,https://ke-image.ljcdn.com/110000-inspection/pc1_dsxfky2W1.jpg!m_fill,w_280,h_210,f_jpg?from=ke.com
20230527,朝阳,垡头,101118275020,此房是满五不唯一装修好无遮挡不临街房主自荐,410万,44648元/平,中楼层 (共18层) 2室1厅 | 91.83平米 | 西北,https://ke-image.ljcdn.com/110000-inspection/pc1_IfQTIphhK.jpg!m_fill,w_280,h_210,f_jpg?from=ke.com
20230527,朝阳,垡头,101118270593,翠成馨园D区 正规东南向两居室 满五唯一,365万,47744元/平,低楼层 (共28层) 2室1厅 | 76.45平米 | 东南,https://ke-image.ljcdn.com/110000-inspection/pc1_goKIJYZcq.jpg!m_fill,w_280,h_210,f_jpg?from=ke.com
20230527,朝阳,垡头,101118268741,燕保祈东家园二期 南向两居室 随时可以看 随时可签约,350万,44209元/平,高楼层 (共28层) 2室1厅 | 79.17平米 | 南,https://ke-image.ljcdn.com/110000-inspection/pc1_H7EHwvhD7.jpg!m_fill,w_280,h_210,f_jpg?from=ke.com
20230527,朝阳,垡头,101118257430,翠成馨园E区 1室1厅 西南,275万,49125元/平,低楼层 (共28层) | 2011年建 | 1室1厅 | 55.98平米 | 西南,https://ke-image.ljcdn.com/110000-inspection/pc1_FXFa1uwAM.jpg!m_fill,w_280,h_210,f_jpg?from=ke.com
20230527,朝阳,垡头,101118245234,翠成馨园D区 精装修  无遮挡 西南向三居室,465万,47146元/平,中楼层 (共28层) 3室2厅 | 98.63平米 | 西南,https://ke-image.ljcdn.com/110000-inspection/c46b6423-f883-486c-8edc-b4f6b3b33b88_1000.jpg!m_fill,w_280,h_210,f_jpg?from=ke.com
20230527,朝阳,垡头,101118229951,满五年唯一商品房一梯两户视野好楼层高,620万,59627元/平,高楼层 (共11层) | 2007年建 | 2室2厅 | 103.98平米 | 南 北,https://ke-image.ljcdn.com/110000-inspection/pc1_XR3Nz8un5.jpg!m_fill,w_280,h_210,f_jpg?from=ke.com
20230527,朝阳,垡头,101118222343,金蝉北里 2室1厅 南 北,288万,44118元/平,顶层 (共6层) | 1994年建 | 2室1厅 | 65.28平米 | 南 北,https://ke-image.ljcdn.com/110000-inspection/pc1_Y8AkhIKR4.jpg!m_fill,w_280,h_210,f_jpg?from=ke.com
20230527,朝阳,垡头,101118205259,翠成馨园D区  无遮挡 正规两居室 看房方便,329万,43347元/平,中楼层 (共28层) 2室1厅 | 75.9平米 | 南,https://ke-image.ljcdn.com/110000-inspection/pc1_jiAq0qx7I.jpg!m_fill,w_280,h_210,f_jpg?from=ke.com
20230527,朝阳,垡头,101118196083,垡头翠成馨园 正规西南向 两居室 楼层高采光好,335万,46697元/平,中楼层 (共24层) 2室1厅 | 71.74平米 | 西南,https://ke-image.ljcdn.com/110000-inspection/pc1_mVWAR1Cd7.jpg!m_fill,w_280,h_210,f_jpg?from=ke.com
20230527,朝阳,垡头,101118192767,翠成馨园E区 2室1厅 东南,429万,46886元/平,低楼层 (共28层) | 2009年建 | 2室1厅 | 91.5平米 | 东南,https://ke-image.ljcdn.com/110000-inspection/5c7a45e3-1fff-428d-a918-6e25c8cecda0_1000.jpg!m_fill,w_280,h_210,f_jpg?from=ke.com
20230527,朝阳,垡头,101118184589,金蝉里 精装 南北通透 三居室,377万,54496元/平,高楼层 (共6层) | 1986年建 | 3室1厅 | 69.18平米 | 南 北,https://ke-image.ljcdn.com/110000-inspection/pc1_DHKFTiBQt.jpg!m_fill,w_280,h_210,f_jpg?from=ke.com
20230527,朝阳,垡头,101118183180,翠成馨园E区 3室1厅 西北,545万,47883元/平,中楼层 (共22层) | 2009年建 | 3室1厅 | 113.82平米 | 西北,https://ke-image.ljcdn.com/110000-inspection/pc1_WtcrwfrYn.jpg!m_fill,w_280,h_210,f_jpg?from=ke.com
20230527,朝阳,垡头,101118178741,商品房 精装修落地窗 高层视野好房主自荐,348万,48795元/平,中楼层 (共21层) | 2004年建 | 1室1厅 | 71.32平米 | 西北,https://ke-image.ljcdn.com/110000-inspection/pc1_mWzLv0ime.jpg!m_fill,w_280,h_210,f_jpg?from=ke.com
20230527,朝阳,垡头,101118176706,翠成馨园A区大落地窗两居室随时签约诚意出售,520万,52798元/平,中楼层 (共13层) | 2007年建 | 2室1厅 | 98.49平米 | 南,https://ke-image.ljcdn.com/110000-inspection/e233fa88-645c-43d6-aea9-9aff0432d9cd_1000.jpg!m_fill,w_280,h_210,f_jpg?from=ke.com
20230527,朝阳,垡头,101118160279,翠成C 2室1厅 南北双通透 落地窗+飘窗 有钥匙 商品房房主自荐,569万,64741元/平,中楼层 (共11层) | 2007年建 | 2室2厅 | 87.89平米 | 南 北,https://ke-image.ljcdn.com/110000-inspection/pc1_7du5zFton.jpg!m_fill,w_280,h_210,f_jpg?from=ke.com
20230527,朝阳,垡头,101118156248,金蝉北里21号院 南北通透 全明格局 高楼层视野采光好,244万,41050元/平,顶层 (共6层) | 1992年建 | 2室1厅 | 59.44平米 | 南 北,https://ke-image.ljcdn.com/110000-inspection/7f0a62bf-4c2a-4b92-a43e-5b5e31c16d70_1000.jpg!m_fill,w_280,h_210,f_jpg?from=ke.com
20230527,朝阳,垡头,101118148373,商品房 满五年唯一 南北通透三居 看房随时 随时可签,669万,51677元/平,中楼层 (共18层) | 2006年建 | 3室2厅 | 129.46平米 | 南 北,https://ke-image.ljcdn.com/110000-inspection/dbe0ab0c-67d4-4805-99fd-37702d26bc09_1000.jpg!m_fill,w_280,h_210,f_jpg?from=ke.com
20230527,朝阳,垡头,101118141671,翠成馨园D区  眼镜户型 中间层  靠谱卖,339万,42540元/平,中楼层 (共28层) | 2013年建 | 2室1厅 | 79.69平米 | 西,https://ke-image.ljcdn.com/110000-inspection/pc1_i39b00iwt.jpg!m_fill,w_280,h_210,f_jpg?from=ke.com
20230527,朝阳,垡头,101118141451,翠成馨园E区 2室1厅 西南,439万,52911元/平,低楼层 (共28层) | 2009年建 | 2室1厅 | 82.97平米 | 西南,https://ke-image.ljcdn.com/110000-inspection/a6b4e7a5-b551-4d64-b3f0-449f88aced71_1000.jpg!m_fill,w_280,h_210,f_jpg?from=ke.com
20230527,朝阳,垡头,101118137500,金蝉里 楼龄新2006年 两栋楼安静,350万,48210元/平,底层 (共21层) 3室1厅 | 72.6平米 | 西北,https://ke-image.ljcdn.com/110000-inspection/6df60974-fb7b-48fa-9abd-1a02bfa65dd5_1000.jpg!m_fill,w_280,h_210,f_jpg?from=ke.com
20230527,朝阳,垡头,101118133782,翠成馨园A区 南北通透大2居 双卫 不临街 带2个车位,580万,47998元/平,高楼层 (共6层) | 2003年建 | 2室2厅 | 120.84平米 | 南 北,https://ke-image.ljcdn.com/110000-inspection/pc1_gkbPFDqTp.jpg!m_fill,w_280,h_210,f_jpg?from=ke.com
20230527,朝阳,垡头,101118129937,双合家园 正规两室一厅 大客厅 满五年,395万,45750元/平,低楼层 (共22层) | 2013年建 | 2室1厅 | 86.34平米 | 南,https://ke-image.ljcdn.com/110000-inspection/pc1_lCHzQ9YbL.jpg!m_fill,w_280,h_210,f_jpg?from=ke.com
20230527,朝阳,垡头,101118129750,双合家园 3室1厅 南 北,460万,51541元/平,中楼层 (共22层) | 2013年建 | 3室1厅 | 89.25平米 | 南 北,https://ke-image.ljcdn.com/110000-inspection/pc1_OayNbET7x.jpg!m_fill,w_280,h_210,f_jpg?from=ke.com
20230527,朝阳,垡头,101118129441,金蝉北里 满五唯一 有电梯 中楼层 二室一厅楼龄新房主自荐,328万,53325元/平,中楼层 (共18层) 2室1厅 | 61.51平米 | 西,https://ke-image.ljcdn.com/110000-inspection/pc1_eDPSPe7z0.jpg!m_fill,w_280,h_210,f_jpg?from=ke.com
20230527,朝阳,垡头,101118124744,翠成馨园B区 南北通透3居室 全明格局 采光充足,635万,48926元/平,中楼层 (共18层) | 2006年建 | 3室2厅 | 129.79平米 | 南 北,https://ke-image.ljcdn.com/110000-inspection/pc1_3z8TuHrA1.jpg!m_fill,w_280,h_210,f_jpg?from=ke.com
20230527,朝阳,垡头,101118119883,金蝉北里 全南向 一室一厅 高楼层 视野好 采光好,295万,49764元/平,中楼层 (共18层) | 2007年建 | 1室1厅 | 59.28平米 | 南,https://ke-image.ljcdn.com/110000-inspection/pc1_m9o9pt46x.jpg!m_fill,w_280,h_210,f_jpg?from=ke.com
20230527,朝阳,垡头,101118119250,东南向三居 格局方正 双卫双阳台 高楼层采光好视野好,645万,50039元/平,中楼层 (共21层) | 2006年建 | 3室2厅 | 128.9平米 | 东 南,https://ke-image.ljcdn.com/110000-inspection/pc1_ItpK8KXbe.jpg!m_fill,w_280,h_210,f_jpg?from=ke.com
20230527,朝阳,垡头,101118099923,视野采光好无遮挡满五唯一全南向正规一居室,260万,47515元/平,中楼层 (共20层) | 2013年建 | 1室1厅 | 54.72平米 | 南,https://ke-image.ljcdn.com/110000-inspection/394e1eba-2092-4448-92ef-af38710e1070_1000.jpg!m_fill,w_280,h_210,f_jpg?from=ke.com
20230527,朝阳,垡头,101118080502,垡头翠成馨园 商品房 南北通透双卫大三居,659万,50787元/平,低楼层 (共18层) | 2006年建 | 3室2厅 | 129.76平米 | 南 北,https://ke-image.ljcdn.com/110000-inspection/pc1_vYc3X3q9G.jpg!m_fill,w_280,h_210,f_jpg?from=ke.com
20230527,朝阳,垡头,101118080023,翠成馨园E区满五年唯一看房方便随时签约房主自荐,406万,41843元/平,低楼层 (共21层) | 2011年建 | 3室1厅 | 97.03平米 | 西南 北,https://ke-image.ljcdn.com/110000-inspection/pc1_Y6JQiT5U6.jpg!m_fill,w_280,h_210,f_jpg?from=ke.com
20230527,朝阳,垡头,101118074596,翠成馨园E区满五唯一商品房无遮挡视野好！,549万,48184元/平,顶层 (共22层) | 2009年建 | 3室1厅 | 113.94平米 | 东南 北,https://ke-image.ljcdn.com/110000-inspection/1b233997-8d77-4388-9dc9-5bd23f56d885_1000.jpg!m_fill,w_280,h_210,f_jpg?from=ke.com
20230527,朝阳,垡头,101118068010,翠成馨园商品房本大两居视野开阔房主自荐,440万,47150元/平,低楼层 (共28层) | 2009年建 | 2室1厅 | 93.32平米 | 东 南 北,https://ke-image.ljcdn.com/110000-inspection/pc1_0r55VvG6M.jpg!m_fill,w_280,h_210,f_jpg?from=ke.com
20230527,朝阳,垡头,101118063793,翠成馨园E区南向两居室中高楼层 满五唯一,336万,46994元/平,中楼层 (共28层) | 2011年建 | 2室1厅 | 71.5平米 | 南,https://ke-image.ljcdn.com/110000-inspection/pc1_evb5s2UXm.jpg!m_fill,w_280,h_210,f_jpg?from=ke.com
20230527,朝阳,垡头,101118057632,金蝉里精装修拎包入住配套设施齐全交通便利。房主自荐,380万,52005元/平,底层 (共21层) | 2006年建 | 2室1厅 | 73.07平米 | 东南,https://ke-image.ljcdn.com/110000-inspection/pc1_byZPavGJA.jpg!m_fill,w_280,h_210,f_jpg?from=ke.com
20230527,朝阳,垡头,101118056221,燕保祈东家园 2室1厅 南 北,330万,41266元/平,底层 (共28层) | 2017年建 | 2室1厅 | 79.97平米 | 南 北,https://ke-image.ljcdn.com/110000-inspection/pc1_g3Zo5E05s.jpg!m_fill,w_280,h_210,f_jpg?from=ke.com
20230527,朝阳,垡头,101118051249,翠成馨园C区   落地窗 全南两户 户型方正  落地窗,559万,51933元/平,低楼层 (共13层) | 2005年建 | 2室2厅 | 107.64平米 | 南,https://ke-image.ljcdn.com/110000-inspection/pc1_I4RLqyS17.jpg!m_fill,w_280,h_210,f_jpg?from=ke.com
20230527,朝阳,垡头,101118035551,双合家园  诚意出售 满五年 精装修,423万,47089元/平,低楼层 (共22层) | 2013年建 | 2室2厅 | 89.83平米 | 南 北,https://ke-image.ljcdn.com/110000-inspection/pc1_9nvW0irWk.jpg!m_fill,w_280,h_210,f_jpg?from=ke.com
20230527,朝阳,垡头,101118030228,翠成三居房子满五年唯一看房提前联系,531万,47547元/平,高楼层 (共22层) | 2009年建 | 3室1厅 | 111.68平米 | 西南,https://ke-image.ljcdn.com/110000-inspection/pc1_knTRzVIhn.jpg!m_fill,w_280,h_210,f_jpg?from=ke.com
20230527,朝阳,垡头,101118020932,垡头翠成馨园落地窗 南向两居 中间楼层 无遮挡,576万,53832元/平,中楼层 (共16层) | 2005年建 | 2室1厅 | 107平米 | 南,https://ke-image.ljcdn.com/110000-inspection/341a6469-89ad-46e5-805a-58a9814cd2ea_1000.jpg!m_fill,w_280,h_210,f_jpg?from=ke.com
20230527,朝阳,垡头,101118017757,欢乐谷垡头西里二区 小三居 南北通透没有遮挡,285万,45820元/平,中楼层 (共6层) | 1983年建 | 3室0厅 | 62.2平米 | 南 北,https://ke-image.ljcdn.com/110000-inspection/pc1_jYPUfqxCj.jpg!m_fill,w_280,h_210,f_jpg?from=ke.com
20230527,朝阳,垡头,101118015575,满五唯一 明厨明卫 中间层视野好,639万,49747元/平,中楼层 (共18层) | 2006年建 | 3室2厅 | 128.45平米 | 南 北,https://ke-image.ljcdn.com/110000-inspection/pc1_0zQj09Grt_1.jpg!m_fill,w_280,h_210,f_jpg?from=ke.com
20230527,朝阳,垡头,101117993969,高楼层 位置好业主随时签约看房随时,348万,43220元/平,高楼层 (共28层) | 2021年建 | 2室1厅 | 80.52平米 | 南 北,https://ke-image.ljcdn.com/110000-inspection/pc1_qlLyIYQvl_1.jpg!m_fill,w_280,h_210,f_jpg?from=ke.com
20230527,朝阳,垡头,101117993224,双合家园3号院 满五年 3居室 近地铁,418万,46507元/平,底层 (共22层) | 2013年建 | 3室2厅 | 89.88平米 | 南 西 北,https://ke-image.ljcdn.com/110000-inspection/82a0cc55-6fbd-4e6d-a379-74bc5e43feec_1000.jpg!m_fill,w_280,h_210,f_jpg?from=ke.com
20230527,朝阳,垡头,101117983563,翠成馨园C区南北通透三居室全明格局中高层,618万,48101元/平,高楼层 (共18层) | 2009年建 | 3室2厅 | 128.48平米 | 南 北,https://ke-image.ljcdn.com/110000-inspection/pc1_znIMxAIFW.jpg!m_fill,w_280,h_210,f_jpg?from=ke.com
20230527,朝阳,垡头,101117973532,双合家园南北通透楼层高视野开阔业主诚意出售,405万,45308元/平,高楼层 (共20层) | 2013年建 | 2室1厅 | 89.39平米 | 南 北,https://ke-image.ljcdn.com/110000-inspection/pc1_bBTEjA8If.jpg!m_fill,w_280,h_210,f_jpg?from=ke.com
20230527,朝阳,垡头,101117949818,翠成馨园A区 商品房满两年 朝南小两居 交通便利,419万,53336元/平,低楼层 (共16层) | 2006年建 | 2室1厅 | 78.56平米 | 南,https://ke-image.ljcdn.com/110000-inspection/pc1_qH40crmRi.jpg!m_fill,w_280,h_210,f_jpg?from=ke.com
20230527,朝阳,垡头,101117947529,燕保祈东家园精装修两居可等满两年无增值税,338万,42516元/平,底层 (共28层) 2室1厅 | 79.5平米 | 南 北,https://ke-image.ljcdn.com/110000-inspection/pc1_TTJHIsARr.jpg!m_fill,w_280,h_210,f_jpg?from=ke.com
20230527,朝阳,垡头,101117943852,翠成馨园E区 1室1厅 西南,319万,43843元/平,低楼层 (共22层) | 2009年建 | 1室1厅 | 72.76平米 | 西南,https://ke-image.ljcdn.com/110000-inspection/pc1_5n7bOuIM3.jpg!m_fill,w_280,h_210,f_jpg?from=ke.com
20230527,朝阳,垡头,101117934233,金蝉里 西南向两居室低楼层满五唯一配套齐全,344万,51062元/平,底层 (共21层) | 2006年建 | 2室1厅 | 67.37平米 | 西,https://ke-image.ljcdn.com/110000-inspection/pc1_QOi2sUx0m_1.jpg!m_fill,w_280,h_210,f_jpg?from=ke.com
20230527,朝阳,垡头,101117927460,翠成馨园C区小区中间位置南北通透大两居商品房本,610万,50539元/平,中楼层 (共5层) | 2005年建 | 2室2厅 | 120.7平米 | 南 北,https://ke-image.ljcdn.com/110000-inspection/pc1_4PGL4JdkW.jpg!m_fill,w_280,h_210,f_jpg?from=ke.com
20230527,朝阳,垡头,101117925657,翠成馨园A区 中间楼层 精装修 商品房,555万,56351元/平,中楼层 (共13层) | 2007年建 | 2室1厅 | 98.49平米 | 南,https://ke-image.ljcdn.com/110000-inspection/pc1_tNm0KJHGw.jpg!m_fill,w_280,h_210,f_jpg?from=ke.com
20230527,朝阳,垡头,101117924712,翠成馨园A区 朝南2居 商品房 不临街 交通方便,418万,54491元/平,低楼层 (共16层) | 2006年建 | 2室1厅 | 76.71平米 | 南,https://ke-image.ljcdn.com/110000-inspection/pc1_p522fqRGr.jpg!m_fill,w_280,h_210,f_jpg?from=ke.com
20230527,朝阳,垡头,101117915706,翠成馨园C区  双南向   采光充足,536万,51603元/平,中楼层 (共14层) | 2009年建 | 2室1厅 | 103.87平米 | 南,https://ke-image.ljcdn.com/110000-inspection/pc1_dqwTUMSDc.jpg!m_fill,w_280,h_210,f_jpg?from=ke.com
20230527,朝阳,垡头,101117893015,翠成馨园D区 正规三居室  产权清晰 无抵押,415万,44291元/平,高楼层 (共28层) | 2011年建 | 3室1厅 | 93.7平米 | 西南 北,https://ke-image.ljcdn.com/110000-inspection/pc1_NuMCvPVWh.jpg!m_fill,w_280,h_210,f_jpg?from=ke.com
20230527,朝阳,垡头,101117888202,东南朝向三居室采光好楼层高视野好业主诚意出售,470万,46489元/平,高楼层 (共28层) 3室1厅 | 101.1平米 | 东南,https://ke-image.ljcdn.com/110000-inspection/pc1_Qj1wtkjAt.jpg!m_fill,w_280,h_210,f_jpg?from=ke.com
20230527,朝阳,垡头,101117876677,翠成馨园 商品房满五年唯一  好楼层交通方便 配套齐全房主自荐,373万,53531元/平,中楼层 (共16层) | 2006年建 | 2室1厅 | 69.68平米 | 西,https://ke-image.ljcdn.com/110000-inspection/pc1_0JeOjAkbv.jpg!m_fill,w_280,h_210,f_jpg?from=ke.com
20230527,朝阳,垡头,101117872520,店长推荐翠成馨园E区东南朝向一居室满五唯一采光好！,275万,49187元/平,中楼层 (共28层) 1室1厅 | 55.91平米 | 东南,https://ke-image.ljcdn.com/110000-inspection/pc1_CiPYVWOpp.jpg!m_fill,w_280,h_210,f_jpg?from=ke.com
20230527,朝阳,垡头,101117871803,7号线垡头地铁站（100米百度地图查询）正规大一居室,402万,49484元/平,中楼层 (共13层) | 2005年建 | 1室1厅 | 81.24平米 | 东,https://ke-image.ljcdn.com/110000-inspection/pc1_jXOhU7MLt.jpg!m_fill,w_280,h_210,f_jpg?from=ke.com
20230527,朝阳,垡头,101117871437,双合家园 东北朝向 视野好 楼间距大 满五唯一,319万,45159元/平,低楼层 (共22层) | 2013年建 | 2室1厅 | 70.64平米 | 东北,https://ke-image.ljcdn.com/110000-inspection/pc1_ciLpBb6sd.jpg!m_fill,w_280,h_210,f_jpg?from=ke.com
20230527,朝阳,垡头,101117871091,垡头西里三区中间层楼龄新两居室,329万,47523元/平,中楼层 (共6层) | 1999年建 | 2室1厅 | 69.23平米 | 东北,https://ke-image.ljcdn.com/110000-inspection/5393f917-5964-4a8a-a40e-732316d965f0_1000.jpg!m_fill,w_280,h_210,f_jpg?from=ke.com
20230527,朝阳,垡头,101117850516,满五唯一电梯楼楼层好采光好。,385万,40841元/平,中楼层 (共18层) 2室1厅 | 94.27平米 | 西北,https://ke-image.ljcdn.com/110000-inspection/pc1_DkjQCEMKB.jpg!m_fill,w_280,h_210,f_jpg?from=ke.com
20230527,朝阳,垡头,101117842129,翠成馨园A区  东西通透 商品房本 诚意出售 出行方便,355万,52137元/平,中楼层 (共6层) | 2003年建 | 1室1厅 | 68.09平米 | 东 西,https://ke-image.ljcdn.com/110000-inspection/pc1_VQsnja4KW.jpg!m_fill,w_280,h_210,f_jpg?from=ke.com
20230527,朝阳,垡头,101117842094,【店长推荐】2013年 正规三居室 满五唯一 交通便利,388万,40079元/平,低楼层 (共28层) 3室1厅 | 96.81平米 | 东 南 北,https://ke-image.ljcdn.com/110000-inspection/pc1_fG4lOB9vT.jpg!m_fill,w_280,h_210,f_jpg?from=ke.com
20230527,朝阳,垡头,101117813588,垡头西里二区 双卧朝南 带电梯塔楼 满五唯一房主自荐,269万,48618元/平,中楼层 (共13层) | 1982年建 | 2室1厅 | 55.33平米 | 南,https://ke-image.ljcdn.com/110000-inspection/pc1_CeH49dAPt.jpg!m_fill,w_280,h_210,f_jpg?from=ke.com
20230527,朝阳,垡头,101117804443,燕保祈东家园二期 房龄新 次顶层 南北通透 次新房,336万,43294元/平,高楼层 (共28层) 2室1厅 | 77.61平米 | 南 北,https://ke-image.ljcdn.com/110000-inspection/pc1_EjeKfOij8.jpg!m_fill,w_280,h_210,f_jpg?from=ke.com
20230527,朝阳,垡头,101117797527,地铁7号线双合站 南北通透两居 商品房中间楼层,445万,49177元/平,中楼层 (共22层) | 2013年建 | 2室1厅 | 90.49平米 | 南 北,https://ke-image.ljcdn.com/110000-inspection/pc1_sKQ9dG2cz.jpg!m_fill,w_280,h_210,f_jpg?from=ke.com
20230527,朝阳,垡头,101117793444,翠成馨园C区东南四环外近地铁配套齐全商品房,230万,46796元/平,顶层 (共13层) | 2009年建 | 1室0厅 | 49.15平米 | 西,https://ke-image.ljcdn.com/110000-inspection/pc1_q0uVjC7H5.jpg!m_fill,w_280,h_210,f_jpg?from=ke.com
20230527,朝阳,垡头,101117792484,此房满五年唯一 西南精装2居室 高楼层视野采光充足,366万,46732元/平,低楼层 (共28层) | 2011年建 | 2室1厅 | 78.32平米 | 西南,https://ke-image.ljcdn.com/110000-inspection/pc1_xOzueFkHX.jpg!m_fill,w_280,h_210,f_jpg?from=ke.com
20230527,朝阳,垡头,101117789563,满二商品房 视野采光好 精装修 带车位,430万,50816元/平,低楼层 (共28层) | 2009年建 | 2室1厅 | 84.62平米 | 西南,https://ke-image.ljcdn.com/110000-inspection/pc1_NmanityTv.jpg!m_fill,w_280,h_210,f_jpg?from=ke.com
20230527,朝阳,垡头,101117782289,格林莱雅南北三居 一层 采光好,1020万,69592元/平,底层 (共17层) | 2009年建 | 3室2厅 | 146.57平米 | 南 北,https://ke-image.ljcdn.com/110000-inspection/cb452fb2-6132-42bf-b3fa-2826b552698a_1000.jpg!m_fill,w_280,h_210,f_jpg?from=ke.com
20230527,朝阳,垡头,101117776628,翠成馨园E区 西南北三居 近地铁 配套齐全,419万,43308元/平,低楼层 (共28层) 3室1厅 | 96.75平米 | 西北,https://ke-image.ljcdn.com/110000-inspection/pc1_Ztfzx7m68.jpg!m_fill,w_280,h_210,f_jpg?from=ke.com
20230527,朝阳,垡头,101117775544,金蝉里正规两居室一层出行便捷,328万,61206元/平,底层 (共6层) | 1987年建 | 2室1厅 | 53.59平米 | 南 北,https://ke-image.ljcdn.com/110000-inspection/pc1_7GA29qsf2.jpg!m_fill,w_280,h_210,f_jpg?from=ke.com
20230527,朝阳,垡头,101117765266,垡头西里二区满五唯一商品房采光好,220万,44562元/平,顶层 (共6层) | 1980年建 | 2室1厅 | 49.37平米 | 南,https://ke-image.ljcdn.com/110000-inspection/pc1_KY0KiTxSP.jpg!m_fill,w_280,h_210,f_jpg?from=ke.com
20230527,朝阳,垡头,101117760968,垡头西里三区 2室1厅 南 北,319万,47884元/平,顶层 (共6层) | 1999年建 | 2室1厅 | 66.62平米 | 南 北,https://ke-image.ljcdn.com/110000-inspection/pc1_U1mKnKWxU.jpg!m_fill,w_280,h_210,f_jpg?from=ke.com
20230527,朝阳,垡头,101117756277,欢乐谷金蝉北里南北通透两居室 满五年唯一,298万,45650元/平,高楼层 (共6层) | 1994年建 | 2室1厅 | 65.28平米 | 南 北,https://ke-image.ljcdn.com/110000-inspection/37331b92-d9eb-4e85-a4d9-0ad1966709d0_1000.jpg!m_fill,w_280,h_210,f_jpg?from=ke.com
20230527,朝阳,垡头,101117731531,翠成馨园C区 南北通透全明格局 一梯两户 自住精装,686万,54911元/平,中楼层 (共11层) | 2007年建 | 3室2厅 | 124.93平米 | 南 北,https://ke-image.ljcdn.com/110000-inspection/pc1_Onx1pBrX5.jpg!m_fill,w_280,h_210,f_jpg?from=ke.com
20230527,朝阳,垡头,101117719977,垡头西里一区高楼层采光好南北通透。,249万,40357元/平,顶层 (共6层) | 1985年建 | 3室1厅 | 61.7平米 | 南 北,https://ke-image.ljcdn.com/110000-inspection/pc1_KUGPDhGJ1.jpg!m_fill,w_280,h_210,f_jpg?from=ke.com
20230527,朝阳,垡头,101117701724,东南四环边 满五年唯一两居 高层视野好无遮挡随时签约,420万,44824元/平,顶层 (共28层) | 2009年建 | 2室1厅 | 93.7平米 | 南 西 北,https://ke-image.ljcdn.com/110000-inspection/pc1_BnBBh39z3.jpg!m_fill,w_280,h_210,f_jpg?from=ke.com
20230527,朝阳,垡头,101117688510,此房满五唯一西南中间楼层 采光好无遮挡 适合老人居住,450万,49593元/平,中楼层 (共28层) | 2009年建 | 2室1厅 | 90.74平米 | 西南,https://ke-image.ljcdn.com/110000-inspection/45d6e14f-7997-419d-b757-12e5c9d84b12_1000.jpg!m_fill,w_280,h_210,f_jpg?from=ke.com
20230527,朝阳,垡头,101117648613,翠成馨园E区 2室1厅 西南,429万,47651元/平,低楼层 (共28层) | 2009年建 | 2室1厅 | 90.03平米 | 西南,https://ke-image.ljcdn.com/110000-inspection/pc1_sn9idDggW.jpg!m_fill,w_280,h_210,f_jpg?from=ke.com
20230527,朝阳,垡头,101117641038,此房满五年唯一近地铁全南向2居中间层,261万,46808元/平,中楼层 (共6层) | 1984年建 | 2室1厅 | 55.76平米 | 南,https://ke-image.ljcdn.com/110000-inspection/pc1_zDq7K7R1M.jpg!m_fill,w_280,h_210,f_jpg?from=ke.com
20230527,朝阳,垡头,101117618626,翠成馨园C区两梯7户 落地窗 业主自住精装 距离地铁近,245万,45129元/平,高楼层 (共16层) | 2005年建 | 1室0厅 | 54.29平米 | 东,https://ke-image.ljcdn.com/110000-inspection/pc1_VWyO2QKoP.jpg!m_fill,w_280,h_210,f_jpg?from=ke.com
20230527,朝阳,垡头,101117617683,高楼层 采光时间长  视野好  报价低  满五唯一,248万,45026元/平,顶层 (共22层) | 2013年建 | 1室1厅 | 55.08平米 | 南,https://ke-image.ljcdn.com/110000-inspection/pc1_tIqrYE9h0.jpg!m_fill,w_280,h_210,f_jpg?from=ke.com
20230527,朝阳,垡头,101117606965,高楼层采光充足。配套设施齐全交通便利。,390万,48358元/平,中楼层 (共21层) | 2006年建 | 2室1厅 | 80.65平米 | 东,https://ke-image.ljcdn.com/110000-inspection/pc1_MnIM7haiI.jpg!m_fill,w_280,h_210,f_jpg?from=ke.com
20230527,朝阳,垡头,101117598619,翠成馨园顶层南北一居室诚意出售,275万,49266元/平,顶层 (共14层) | 2006年建 | 1室1厅 | 55.82平米 | 南 北,https://ke-image.ljcdn.com/110000-inspection/pc1_q3QudD0e9.jpg!m_fill,w_280,h_210,f_jpg?from=ke.com
20230527,朝阳,垡头,101117598386,燕保祈东家园二期 南北通透 明厨明卫阳台两居,359万,44569元/平,中楼层 (共28层) | 2021年建 | 2室1厅 | 80.55平米 | 南 北,https://ke-image.ljcdn.com/110000-inspection/pc1_llS3K3N1z.jpg!m_fill,w_280,h_210,f_jpg?from=ke.com
20230527,朝阳,垡头,101117585088,欢乐谷翠成满五唯一精装修楼层好无遮挡视野好,325万,47432元/平,高楼层 (共20层) 2室1厅 | 68.52平米 | 西南,https://ke-image.ljcdn.com/110000-inspection/pc1_rxrrAcnbF.jpg!m_fill,w_280,h_210,f_jpg?from=ke.com
20230527,朝阳,垡头,101117571556,垡头翠成馨园 南北通透三居室 到地铁垡头站100米,658万,46783元/平,中楼层 (共14层) | 2009年建 | 3室2厅 | 140.65平米 | 南 北,https://ke-image.ljcdn.com/110000-inspection/pc1_tnq7NXkPm.jpg!m_fill,w_280,h_210,f_jpg?from=ke.com
20230527,朝阳,垡头,101117565143,双卧室朝南户型方正楼栋位置属于小区中间。,440万,46122元/平,高楼层 (共28层) 3室1厅 | 95.4平米 | 东 南 北,https://ke-image.ljcdn.com/110000-inspection/pc1_KNGNSY28N.jpg!m_fill,w_280,h_210,f_jpg?from=ke.com
20230527,朝阳,垡头,101117550837,建工·双合家园  高楼层 采光无遮挡 视野开阔,330万,46434元/平,高楼层 (共22层) | 2013年建 | 1室1厅 | 71.07平米 | 东北,https://ke-image.ljcdn.com/110000-inspection/pc1_GO4jyrse0.jpg!m_fill,w_280,h_210,f_jpg?from=ke.com
20230527,朝阳,垡头,101117521485,东南四环 欢乐谷 垡头 翠成馨园C区 朝西开间,249万,50518元/平,中楼层 (共16层) | 2009年建 | 1室1厅 | 49.29平米 | 西,https://ke-image.ljcdn.com/110000-inspection/pc1_ssiOgftyC.jpg!m_fill,w_280,h_210,f_jpg?from=ke.com
20230527,朝阳,垡头,101117520876,翠成馨园C区  落地窗 两梯7户 采光好,275万,54017元/平,低楼层 (共16层) | 2005年建 | 1室1厅 | 50.91平米 | 东,https://ke-image.ljcdn.com/110000-inspection/pc1_MCH9zP0NR.jpg!m_fill,w_280,h_210,f_jpg?from=ke.com
20230527,朝阳,垡头,101117496539,翠成馨园D区  优质小三居  随时签约,480万,48667元/平,中楼层 (共28层) | 2014年建 | 3室1厅 | 98.63平米 | 东南,https://ke-image.ljcdn.com/110000-inspection/pc1_wwV0Yu2Ab.jpg!m_fill,w_280,h_210,f_jpg?from=ke.com
20230527,朝阳,垡头,101117416811,翠成馨园A区 满五唯一 板楼落地窗两居室 出行方便,458万,51653元/平,高楼层 (共14层) | 2007年建 | 2室1厅 | 88.67平米 | 西 北,https://ke-image.ljcdn.com/110000-inspection/868a1e37-94ae-41a9-8e0d-65cfdbb01f1f_1000.jpg!m_fill,w_280,h_210,f_jpg?from=ke.com
20230527,朝阳,垡头,101117354445,人车分流高层电梯直达地下车库。,360万,44710元/平,高楼层 (共28层) 2室1厅 | 80.52平米 | 南 北,https://ke-image.ljcdn.com/110000-inspection/pc1_HqbxRNbnL.jpg!m_fill,w_280,h_210,f_jpg?from=ke.com
20230527,朝阳,垡头,101117322126,金蝉里 1室1厅 北,268万,49557元/平,低楼层 (共21层) | 2006年建 | 1室1厅 | 54.08平米 | 北,https://ke-image.ljcdn.com/110000-inspection/pc1_VMKwgyk9S.jpg!m_fill,w_280,h_210,f_jpg?from=ke.com
20230527,朝阳,垡头,101117270356,双合家园满五唯一南北通透。,375万,41727元/平,底层 (共22层) | 2013年建 | 2室1厅 | 89.87平米 | 南 北,https://ke-image.ljcdn.com/110000-inspection/pc1_4vX81eowm.jpg!m_fill,w_280,h_210,f_jpg?from=ke.com
20230527,朝阳,垡头,101117246510,满五唯一中楼层朝南向采光日照充足垡头双合,254万,46166元/平,高楼层 (共22层) | 2013年建 | 1室1厅 | 55.02平米 | 南,https://ke-image.ljcdn.com/110000-inspection/pc1_YCZ62Sdg1.jpg!m_fill,w_280,h_210,f_jpg?from=ke.com
20230527,朝阳,垡头,101117245428,【店长推荐】全南两居 满五唯一 首付145万全下来,335万,44138元/平,中楼层 (共28层) | 2014年建 | 2室1厅 | 75.9平米 | 南,https://ke-image.ljcdn.com/110000-inspection/pc1_2G95tMfBv.jpg!m_fill,w_280,h_210,f_jpg?from=ke.com
20230527,朝阳,垡头,101117245011,此房满五唯一高楼层无遮挡出行方便交通便利。,422万,43542元/平,中楼层 (共28层) 3室1厅 | 96.92平米 | 南 西 北,https://ke-image.ljcdn.com/110000-inspection/pc1_CYxQF8kU3.jpg!m_fill,w_280,h_210,f_jpg?from=ke.com
20230527,朝阳,垡头,101117244891,【店长推荐】2013年 精装修三居室 满五唯一 高楼层,428万,44083元/平,高楼层 (共28层) | 2012年建 | 3室2厅 | 97.09平米 | 东南 北,https://ke-image.ljcdn.com/110000-inspection/678ececf-2d1e-41ea-b4d4-215e403a83d4_1000.jpg!m_fill,w_280,h_210,f_jpg?from=ke.com
20230527,朝阳,垡头,101117244343,垡头翠成馨园+满五唯一+可贷款+有电梯,468万,42106元/平,低楼层 (共28层) | 2009年建 | 3室1厅 | 111.15平米 | 西南 北,https://ke-image.ljcdn.com/110000-inspection/pc1_Em7s2LfIE.jpg!m_fill,w_280,h_210,f_jpg?from=ke.com
20230527,朝阳,垡头,101117237391,翠成馨园C区 板楼南向大两居室 双卫商品房,560万,52026元/平,中楼层 (共13层) | 2005年建 | 2室1厅 | 107.64平米 | 南,https://ke-image.ljcdn.com/110000-inspection/pc1_7jqyQGr23.jpg!m_fill,w_280,h_210,f_jpg?from=ke.com
20230527,朝阳,垡头,101117236532,欢乐谷垡头北里 中间楼层南北通透两居室,269万,46653元/平,中楼层 (共6层) | 1988年建 | 2室1厅 | 57.66平米 | 南 北,https://ke-image.ljcdn.com/110000-inspection/pc1_ZqwrvEvHG.jpg!m_fill,w_280,h_210,f_jpg?from=ke.com
20230527,朝阳,垡头,101117215154,满五年唯一看房提前联系可以随时签约,271万,48419元/平,底层 (共21层) | 2011年建 | 1室1厅 | 55.97平米 | 西南,https://ke-image.ljcdn.com/110000-inspection/pc1_qXTbQb3oh.jpg!m_fill,w_280,h_210,f_jpg?from=ke.com
20230527,朝阳,垡头,101117203005,四环外 近地铁两居室 诚意出售,343万,48168元/平,高楼层 (共28层) 2室1厅 | 71.21平米 | 南 西,https://ke-image.ljcdn.com/110000-inspection/pc1_gvpCcuc3I.jpg!m_fill,w_280,h_210,f_jpg?from=ke.com
20230527,朝阳,垡头,101117187130,垡头西里一区全明格局一居室满五年,194万,47725元/平,高楼层 (共6层) | 1983年建 | 1室1厅 | 40.65平米 | 东北,https://ke-image.ljcdn.com/110000-inspection/pc1_pEmFiHGfc.jpg!m_fill,w_280,h_210,f_jpg?from=ke.com
20230527,朝阳,垡头,101117181824,此房满五年唯一眼镜户型三居室好户型好楼层,446万,44163元/平,中楼层 (共20层) 3室1厅 | 100.99平米 | 西南,https://ke-image.ljcdn.com/110000-inspection/pc1_IZCh9smUO.jpg!m_fill,w_280,h_210,f_jpg?from=ke.com
20230527,朝阳,垡头,101117178495,翠成馨园B区板楼南北通透三居室,459万,48981元/平,顶层 (共6层) | 2004年建 | 3室2厅 | 93.71平米 | 南 北,https://ke-image.ljcdn.com/110000-inspection/pc1_BxQqNYuYn.jpg!m_fill,w_280,h_210,f_jpg?from=ke.com
20230527,朝阳,垡头,101117142392,翠成馨园A区 板楼南向 落地窗大阳台 商品房满五唯一,345万,56327元/平,高楼层 (共11层) | 2007年建 | 1室0厅 | 61.25平米 | 南,https://ke-image.ljcdn.com/110000-inspection/pc1_rSvqyFfPL.jpg!m_fill,w_280,h_210,f_jpg?from=ke.com
20230527,朝阳,垡头,101117137913,商品房板楼全南一居室 朝小区里安静高层采光视野很好,440万,59873元/平,高楼层 (共16层) | 2006年建 | 1室1厅 | 73.49平米 | 南,https://ke-image.ljcdn.com/110000-inspection/pc1_P49hyX9ur.jpg!m_fill,w_280,h_210,f_jpg?from=ke.com
20230527,朝阳,垡头,101117136944,金蝉里 2室1厅 东 西 北,283万,44943元/平,顶层 (共12层) | 1990年建 | 2室1厅 | 62.97平米 | 东 西 北,https://ke-image.ljcdn.com/110000-inspection/pc1_MTbc4XxF2.jpg!m_fill,w_280,h_210,f_jpg?from=ke.com
20230527,朝阳,垡头,101117130385,店长推荐翠成馨园E区大两居精装修满五唯一商品房！,445万,48528元/平,中楼层 (共28层) | 2009年建 | 2室1厅 | 91.7平米 | 西南,https://ke-image.ljcdn.com/110000-inspection/pc1_5VNLS8841.jpg!m_fill,w_280,h_210,f_jpg?from=ke.com
20230527,朝阳,垡头,101117129890,翠成馨园E区南向两居室有电梯房龄新不临高压线,328万,45740元/平,低楼层 (共28层) | 2011年建 | 2室1厅 | 71.71平米 | 南,https://ke-image.ljcdn.com/110000-inspection/pc1_Ib7UcW1CO.jpg!m_fill,w_280,h_210,f_jpg?from=ke.com
20230527,朝阳,垡头,101117127612,A区 商品房满五唯一 高层 板楼南北一居室 明厨明卫,410万,62150元/平,高楼层 (共11层) | 2007年建 | 1室1厅 | 65.97平米 | 南 北,https://ke-image.ljcdn.com/110000-inspection/pc1_wVzws2Jtw.jpg!m_fill,w_280,h_210,f_jpg?from=ke.com
20230527,朝阳,垡头,101117124953,商品房  高楼层 视野好 采光充足 温馨舒适,330万,43479元/平,高楼层 (共28层) | 2014年建 | 2室1厅 | 75.9平米 | 南,https://ke-image.ljcdn.com/110000-inspection/pc1_ahSGgvvhI.jpg!m_fill,w_280,h_210,f_jpg?from=ke.com
20230527,朝阳,垡头,101117119574,双合家园精装南北通透两居室近地铁,420万,46435元/平,低楼层 (共22层) | 2013年建 | 2室1厅 | 90.45平米 | 南 北,https://ke-image.ljcdn.com/110000-inspection/pc1_6g1GXOE89.jpg!m_fill,w_280,h_210,f_jpg?from=ke.com
20230527,朝阳,垡头,101117098268,此房板楼一梯两户公摊面积小南北大两居室,550万,45594元/平,高楼层 (共6层) | 2004年建 | 2室2厅 | 120.63平米 | 南 北,https://ke-image.ljcdn.com/110000-inspection/pc1_VTygQAGfV.jpg!m_fill,w_280,h_210,f_jpg?from=ke.com
20230527,朝阳,垡头,101117092139,双合家园 南向两居室 中间层 无遮挡,400万,46265元/平,中楼层 (共22层) | 2013年建 | 2室1厅 | 86.46平米 | 南,https://ke-image.ljcdn.com/110000-inspection/8c792af4-d316-4db9-bbcb-f8bee5fe76b3_1000.jpg!m_fill,w_280,h_210,f_jpg?from=ke.com
20230527,朝阳,垡头,101117090972,店长推荐 满五唯一 两梯四户 高楼层采光好大一居,415万,51084元/平,高楼层 (共13层) | 2005年建 | 1室1厅 | 81.24平米 | 东,https://ke-image.ljcdn.com/110000-inspection/6f87ed4f-4b5a-41cc-a930-36f484a4d2fb_1000.jpg!m_fill,w_280,h_210,f_jpg?from=ke.com
20230527,朝阳,垡头,101117066775,燕保南北通透精装修楼龄新近地铁房主自荐,329万,42392元/平,中楼层 (共28层) | 2021年建 | 2室1厅 | 77.61平米 | 南 北,https://ke-image.ljcdn.com/110000-inspection/pc1_QZhNwXXt0.jpg!m_fill,w_280,h_210,f_jpg?from=ke.com
20230527,朝阳,垡头,101117064258,房子商品房精装修业主自己住看房方便房主自荐,355万,57203元/平,高楼层 (共11层) | 2007年建 | 1室1厅 | 62.06平米 | 南,https://ke-image.ljcdn.com/110000-inspection/pc1_3mhpYgVxE.jpg!m_fill,w_280,h_210,f_jpg?from=ke.com
20230527,朝阳,垡头,101117054575,东南四环外次新房燕保祈东家园人车分流环境好楼龄新,370万,46465元/平,高楼层 (共28层) 2室1厅 | 79.63平米 | 南,https://ke-image.ljcdn.com/110000-inspection/pc1_l2NAz9LKj.jpg!m_fill,w_280,h_210,f_jpg?from=ke.com
20230527,朝阳,垡头,101117020925,双合家园 精装修 采光好 高楼层,378万,44393元/平,顶层 (共22层) | 2013年建 | 2室1厅 | 85.15平米 | 东南,https://ke-image.ljcdn.com/110000-inspection/6e07c21f-da0a-47c8-9edc-5a8d7d4fd21a_1000.jpg!m_fill,w_280,h_210,f_jpg?from=ke.com
20230527,朝阳,垡头,101117018229,翠城馨园B区 小区安静 不临街 近公园 近地铁,309万,42941元/平,中楼层 (共6层) | 2004年建 | 1室1厅 | 71.96平米 | 东 西,https://ke-image.ljcdn.com/110000-inspection/26d9d75f-c43b-4c3c-bf2e-0c455c9005af_1000.jpg!m_fill,w_280,h_210,f_jpg?from=ke.com
20230527,朝阳,垡头,101117016523,金蝉里 西南向三居室 高楼层 满五唯一 户型方正,615万,48017元/平,高楼层 (共21层) 3室2厅 | 128.08平米 | 南,https://ke-image.ljcdn.com/110000-inspection/pc1_096H6a0ml.jpg!m_fill,w_280,h_210,f_jpg?from=ke.com
20230527,朝阳,垡头,101117006345,双合家园满五唯一南北通透。房主自荐,415万,45862元/平,低楼层 (共22层) 3室1厅 | 90.49平米 | 南 北,https://ke-image.ljcdn.com/110000-inspection/pc1_bZ9VfL1wX.jpg!m_fill,w_280,h_210,f_jpg?from=ke.com
20230527,朝阳,垡头,101117003140,格林莱雅南北通透三居 中间楼层采光视野好,950万,63588元/平,中楼层 (共12层) | 2009年建 | 4室1厅 | 149.4平米 | 南 北,https://ke-image.ljcdn.com/110000-inspection/pc1_RKaMhBbt4.jpg!m_fill,w_280,h_210,f_jpg?from=ke.com
20230527,朝阳,垡头,101116993192,欢乐谷垡头北里 精装修两居室 有电梯,289万,47215元/平,低楼层 (共6层) | 1987年建 | 2室1厅 | 61.21平米 | 南 北,https://ke-image.ljcdn.com/110000-inspection/pc1_KKC0omwFc.jpg!m_fill,w_280,h_210,f_jpg?from=ke.com
20230527,朝阳,垡头,101116988035,2017年小区楼龄新人车分流环境好高楼层视野不错房主自荐,355万,44548元/平,高楼层 (共28层) | 2021年建 | 2室1厅 | 79.69平米 | 南,https://ke-image.ljcdn.com/110000-inspection/pc1_p5rdElLT0.jpg!m_fill,w_280,h_210,f_jpg?from=ke.com
20230527,朝阳,垡头,101116958856,双合家园 中高楼层 诚意出售 满五年唯一,398万,45975元/平,高楼层 (共22层) | 2013年建 | 2室1厅 | 86.57平米 | 南,https://ke-image.ljcdn.com/110000-inspection/pc1_OxWE6T230.jpg!m_fill,w_280,h_210,f_jpg?from=ke.com
20230527,朝阳,垡头,101116958393,本房满五唯一南向大客厅采光充足,515万,45950元/平,底层 (共28层) | 2009年建 | 3室1厅 | 112.08平米 | 东南,https://ke-image.ljcdn.com/110000-inspection/pc1_wsppVifRz.jpg!m_fill,w_280,h_210,f_jpg?from=ke.com
20230527,朝阳,垡头,101116915218,翠成馨园E区东南向三居室 楼间距大采光好 看房随时,539万,47704元/平,低楼层 (共22层) | 2009年建 | 3室1厅 | 112.99平米 | 东南,https://ke-image.ljcdn.com/110000-inspection/pc1_lqNpEggA8.jpg!m_fill,w_280,h_210,f_jpg?from=ke.com
20230527,朝阳,垡头,101116886977,金蝉北里正规一居室低楼层业主诚意出售,252万,49951元/平,低楼层 (共7层) | 1993年建 | 1室1厅 | 50.45平米 | 南,https://ke-image.ljcdn.com/110000-inspection/pc1_4qI2FoLIu.jpg!m_fill,w_280,h_210,f_jpg?from=ke.com
20230527,朝阳,垡头,101116886244,燕保祈东家园二期南向户型方正视野好无遮挡采光佳两居,353万,44509元/平,高楼层 (共28层) 2室1厅 | 79.31平米 | 南,https://ke-image.ljcdn.com/110000-inspection/pc1_YuJIJHlIv.jpg!m_fill,w_280,h_210,f_jpg?from=ke.com
20230527,朝阳,垡头,101116876895,翠成馨园大两居满五年唯一看房提前约房主自荐,379万,48060元/平,中楼层 (共28层) 2室1厅 | 78.86平米 | 东南,https://ke-image.ljcdn.com/110000-inspection/cc6d1c8f-4563-4e4c-ab3b-9a6d916ee71b_1000.jpg!m_fill,w_280,h_210,f_jpg?from=ke.com
20230527,朝阳,垡头,101116851153,翠成馨园C区 南北通透两居小区中间前后不临街房主自荐,515万,58683元/平,低楼层 (共11层) | 2008年建 | 2室1厅 | 87.76平米 | 南 北,https://ke-image.ljcdn.com/110000-inspection/pc1_ne5UZuyjw.jpg!m_fill,w_280,h_210,f_jpg?from=ke.com
20230527,朝阳,垡头,101116811326,此房满五唯一低楼层无遮挡出行方便交通便利。,405万,41727元/平,底层 (共24层) | 2014年建 | 3室1厅 | 97.06平米 | 东 北,https://ke-image.ljcdn.com/110000-inspection/pc1_hwsqd8UJC.jpg!m_fill,w_280,h_210,f_jpg?from=ke.com
20230527,朝阳,垡头,101116792683,垡头北里 2室1厅 南 北,275万,41045元/平,高楼层 (共6层) | 1990年建 | 2室1厅 | 67平米 | 南 北,https://ke-image.ljcdn.com/110000-inspection/df062a27-7425-44e8-8950-fb55d5e6fcee_1000.jpg!m_fill,w_280,h_210,f_jpg?from=ke.com
20230527,朝阳,垡头,101116791869,满五年唯一业主诚意出售看房方便,553万,48874元/平,高楼层 (共22层) | 2009年建 | 3室1厅 | 113.15平米 | 南,https://ke-image.ljcdn.com/110000-inspection/e9c9257d-ccf2-41f7-80c8-9076428f7f1b_1000.jpg!m_fill,w_280,h_210,f_jpg?from=ke.com
20230527,朝阳,垡头,101116761982,翠成馨园D区 正规南向一居室 满五年唯一,300万,50143元/平,高楼层 (共28层) | 2012年建 | 1室1厅 | 59.83平米 | 东南,https://ke-image.ljcdn.com/110000-inspection/pc1_HmTUzaODV.jpg!m_fill,w_280,h_210,f_jpg?from=ke.com
20230527,朝阳,垡头,101116722728,欢乐谷垡头金蝉北里南北通透精装两居室,290万,42011元/平,顶层 (共7层) | 1993年建 | 2室1厅 | 69.03平米 | 南 北,https://ke-image.ljcdn.com/110000-inspection/pc1_2hkqnJwnh_3.jpg!m_fill,w_280,h_210,f_jpg?from=ke.com
20230527,朝阳,垡头,101116718824,垡头翠成馨园+满五唯一+精装修+高楼层,285万,50893元/平,高楼层 (共28层) | 2011年建 | 1室1厅 | 56平米 | 东南,https://ke-image.ljcdn.com/110000-inspection/pc1_yZQf8su0R.jpg!m_fill,w_280,h_210,f_jpg?from=ke.com
20230527,朝阳,垡头,101116711265,翠成馨园A区新上三居室 工大教师楼 业主诚意出售,596万,46621元/平,高楼层 (共21层) | 2004年建 | 3室1厅 | 127.84平米 | 东 南,https://ke-image.ljcdn.com/110000-inspection/pc1_5WmfXPcKj.jpg!m_fill,w_280,h_210,f_jpg?from=ke.com
20230527,朝阳,垡头,101116707193,翠成馨园E区高楼层 东南向格局好 视野开阔,415万,46112元/平,中楼层 (共28层) | 2009年建 | 2室1厅 | 90平米 | 东南,https://ke-image.ljcdn.com/110000-inspection/pc1_SbwMQ8wLu.jpg!m_fill,w_280,h_210,f_jpg?from=ke.com
20230527,朝阳,垡头,101116701679,双合家园4号院 中楼层 精装修,389万,45050元/平,中楼层 (共22层) | 2013年建 | 2室1厅 | 86.35平米 | 南,https://ke-image.ljcdn.com/110000-inspection/pc1_DtKbaxz9Z.jpg!m_fill,w_280,h_210,f_jpg?from=ke.com
20230527,朝阳,垡头,101116696997,金蝉北里21号院正规两居室  全明格局,199万,42028元/平,地下室 (共6层) | 1992年建 | 2室1厅 | 47.35平米 | 南,https://ke-image.ljcdn.com/110000-inspection/pc1_hg9V2X70v.jpg!m_fill,w_280,h_210,f_jpg?from=ke.com
20230527,朝阳,垡头,101116690280,满五年家庭名下唯一住房高楼层采光好视野开阔,415万,45821元/平,顶层 (共28层) | 2009年建 | 2室1厅 | 90.57平米 | 南 西,https://ke-image.ljcdn.com/110000-inspection/pc1_vbPAhMvsn.jpg!m_fill,w_280,h_210,f_jpg?from=ke.com
20230527,朝阳,垡头,101116592466,金蝉北里东向一室一厅中间楼层。电梯房,285万,44819元/平,中楼层 (共18层) 1室1厅 | 63.59平米 | 东,https://ke-image.ljcdn.com/110000-inspection/15311e10-4bbe-4092-b24f-6db2dccefb42_1000.jpg!m_fill,w_280,h_210,f_jpg?from=ke.com
20230527,朝阳,垡头,101116578344,7号线近地铁 满五年 中高楼层 精装 客厅主卧朝南,365万,42207元/平,高楼层 (共22层) | 2013年建 | 2室1厅 | 86.48平米 | 南,https://ke-image.ljcdn.com/110000-inspection/pc1_5pXbkxI5a.jpg!m_fill,w_280,h_210,f_jpg?from=ke.com
20230527,朝阳,垡头,101116576590,金蝉北里精装修两居室可以拎包入住2005年的房子,399万,46235元/平,顶层 (共18层) 2室1厅 | 86.3平米 | 西,https://ke-image.ljcdn.com/110000-inspection/f4fe457e-1cd8-460d-bfeb-ec5ac1712f86_1000.jpg!m_fill,w_280,h_210,f_jpg?from=ke.com
20230527,朝阳,垡头,101116570713,满五唯一两居室看房方便精装修。房主自荐,545万,55336元/平,中楼层 (共13层) | 2007年建 | 2室1厅 | 98.49平米 | 南 北,https://ke-image.ljcdn.com/110000-inspection/pc1_LVrlWj1jd.jpg!m_fill,w_280,h_210,f_jpg?from=ke.com
20230527,朝阳,垡头,101116542255,翠成馨园B区 东北向大一居 落地窗 满五唯一 诚意出售,305万,42766元/平,低楼层 (共21层) | 2004年建 | 1室1厅 | 71.32平米 | 东 北,https://ke-image.ljcdn.com/110000-inspection/pc1_LDme8rQKb.jpg!m_fill,w_280,h_210,f_jpg?from=ke.com
20230527,朝阳,垡头,101116530917,翠成馨园E区 高层采光好 视野开阔 满五唯一,400万,55843元/平,顶层 (共20层) 2室1厅 | 71.63平米 | 南,https://ke-image.ljcdn.com/110000-inspection/pc1_KV79PWkMP.jpg!m_fill,w_280,h_210,f_jpg?from=ke.com
20230527,朝阳,垡头,101116488036,金蝉北里21号院 2室1厅 南,269万,49088元/平,中楼层 (共6层) | 1993年建 | 2室1厅 | 54.8平米 | 南,https://ke-image.ljcdn.com/110000-inspection/16ef02ae-07bc-48d6-8db7-984975641c94_1000.jpg!m_fill,w_280,h_210,f_jpg?from=ke.com
20230527,朝阳,垡头,101116475178,全朝南格局采光好简装正规两居室,278万,50610元/平,底层 (共6层) | 1992年建 | 2室1厅 | 54.93平米 | 南,https://ke-image.ljcdn.com/110000-inspection/pc1_aIpnkHmYu.jpg!m_fill,w_280,h_210,f_jpg?from=ke.com
20230527,朝阳,垡头,101116449412,翠成馨园D区 3室1厅 东 南 北,435万,46425元/平,低楼层 (共28层) | 2012年建 | 3室1厅 | 93.7平米 | 东 南 北,https://ke-image.ljcdn.com/110000-inspection/pc1_DsU2wVDEy.jpg!m_fill,w_280,h_210,f_jpg?from=ke.com
20230527,朝阳,垡头,101116442369,东南四环垡头高楼层满五年两居室带电梯采光充足,336万,49059元/平,高楼层 (共22层) | 2011年建 | 2室1厅 | 68.49平米 | 西南,https://ke-image.ljcdn.com/110000-inspection/pc1_aZ94lv9hu.jpg!m_fill,w_280,h_210,f_jpg?from=ke.com
20230527,朝阳,垡头,101116439589,建工·双合家园 南北通透 两梯四户 精装修房主自荐,413万,45641元/平,低楼层 (共22层) | 2013年建 | 3室1厅 | 90.49平米 | 南 北,https://ke-image.ljcdn.com/110000-inspection/52a7d469-6fd3-4d21-854a-070aef40dc25_1000.jpg!m_fill,w_280,h_210,f_jpg?from=ke.com
20230527,朝阳,垡头,101116435902,【店长推荐】2013年 翠成馨园三居室 满五唯一商品房,399万,41202元/平,底层 (共28层) 3室2厅 | 96.84平米 | 东南 北,https://ke-image.ljcdn.com/110000-inspection/59c7c3fd-b975-4dea-ad31-656a266693be_1000.jpg!m_fill,w_280,h_210,f_jpg?from=ke.com
20230527,朝阳,垡头,101116425035,房子是南北通透的室内面积大满五年唯一业主诚意出售房主自荐,470万,53349元/平,顶层 (共6层) 2室1厅 | 88.1平米 | 南 北,https://ke-image.ljcdn.com/110000-inspection/pc1_a9A0bHKO2.jpg!m_fill,w_280,h_210,f_jpg?from=ke.com
20230527,朝阳,垡头,101116418838,7号线近地铁 满五唯一 中高楼层 精装修 客厅主卧朝南,370万,42849元/平,顶层 (共22层) | 2013年建 | 2室1厅 | 86.35平米 | 南,https://ke-image.ljcdn.com/110000-inspection/pc1_T7ynJAVp4.jpg!m_fill,w_280,h_210,f_jpg?from=ke.com
20230527,朝阳,垡头,101116409837,翠成馨园A区商品房满五年唯一户型好,538万,51573元/平,高楼层 (共6层) | 2003年建 | 2室1厅 | 104.32平米 | 南 北,https://ke-image.ljcdn.com/110000-inspection/pc1_eZmGyTaxU.jpg!m_fill,w_280,h_210,f_jpg?from=ke.com
20230527,朝阳,垡头,101116346243,建工·双合家园 商品房 中高楼层 诚意出售,403万,47091元/平,高楼层 (共22层) | 2012年建 | 2室1厅 | 85.58平米 | 南,https://ke-image.ljcdn.com/110000-inspection/pc1_IBgjJT5dt.jpg!m_fill,w_280,h_210,f_jpg?from=ke.com
20230527,朝阳,垡头,101116340987,2017年的次新房小区环境好人车分流电梯入库板楼,366万,46430元/平,低楼层 (共21层) | 2021年建 | 2室1厅 | 78.83平米 | 南,https://ke-image.ljcdn.com/110000-inspection/pc1_z3wdgpTnC.jpg!m_fill,w_280,h_210,f_jpg?from=ke.com
20230527,朝阳,垡头,101116308182,翠成馨园C区7号线地铁垡头站50米无遮挡精装,290万,53417元/平,低楼层 (共16层) | 2005年建 | 1室1厅 | 54.29平米 | 东,https://ke-image.ljcdn.com/110000-inspection/c814fb6d-0df9-473d-836d-9588cf4bc873_1000.jpg!m_fill,w_280,h_210,f_jpg?from=ke.com
20230527,朝阳,垡头,101116298498,金蝉里 精装两居室 户型方正 2室1厅,470万,49298元/平,高楼层 (共21层) | 2006年建 | 2室1厅 | 95.34平米 | 西南,https://ke-image.ljcdn.com/110000-inspection/3762b408-56a8-47a7-a1ad-821ab650f360_1000.jpg!m_fill,w_280,h_210,f_jpg?from=ke.com
20230527,朝阳,垡头,101116263409,商品房南北通透格局装修好楼层好视野宽阔房主自荐,465万,55187元/平,顶层 (共6层) | 2004年建 | 2室1厅 | 84.26平米 | 南 北,https://ke-image.ljcdn.com/110000-inspection/pc1_IH8Ga2wqS.jpg!m_fill,w_280,h_210,f_jpg?from=ke.com
20230527,朝阳,垡头,101116229243,房子满五年精装修采光好高楼层,275万,43783元/平,高楼层 (共6层) | 1980年建 | 2室1厅 | 62.81平米 | 南 北,https://ke-image.ljcdn.com/110000-inspection/pc1_cfS8EY4Wm_3.jpg!m_fill,w_280,h_210,f_jpg?from=ke.com
20230527,朝阳,垡头,101116199891,垡头西里二区电梯房交通和生活比较方便两居室,255万,46415元/平,低楼层 (共13层) | 1984年建 | 2室1厅 | 54.94平米 | 南,https://ke-image.ljcdn.com/110000-inspection/f70c8e5a-33be-446f-94d7-33dc68f3fa77_1000.jpg!m_fill,w_280,h_210,f_jpg?from=ke.com
20230527,朝阳,垡头,101116194851,2017年交房的次新房封闭式管理,422万,45696元/平,低楼层 (共28层) | 2017年建 | 2室1厅 | 92.35平米 | 南 北,https://ke-image.ljcdn.com/110000-inspection/pc1_IOPRhZ41B.jpg!m_fill,w_280,h_210,f_jpg?from=ke.com
20230527,朝阳,垡头,101116187588,翠成馨园A区 南向正规一居室 高楼层视野好,295万,51592元/平,高楼层 (共16层) | 2007年建 | 1室1厅 | 57.18平米 | 南,https://ke-image.ljcdn.com/110000-inspection/pc1_U8egnZlcw.jpg!m_fill,w_280,h_210,f_jpg?from=ke.com
20230527,朝阳,垡头,101116179769,垈头西里二区小三居满五唯一采光充足,285万,46110元/平,高楼层 (共6层) | 1983年建 | 3室1厅 | 61.81平米 | 东 南 北,https://ke-image.ljcdn.com/110000-inspection/pc1_Ehb96Yy9g.jpg!m_fill,w_280,h_210,f_jpg?from=ke.com
20230527,朝阳,垡头,101116136382,【店长推荐】2013年 正规三居室 满五唯一 交通便利房主自荐,427万,43980元/平,中楼层 (共28层) | 2013年建 | 3室1厅 | 97.09平米 | 东 南 北,https://ke-image.ljcdn.com/110000-inspection/pc1_ZYyqnUqgX.jpg!m_fill,w_280,h_210,f_jpg?from=ke.com
20230527,朝阳,垡头,101116111114,翠成馨园A区 东西通透两居室 商品房满五唯一,520万,53154元/平,底层 (共14层) | 2007年建 | 2室1厅 | 97.83平米 | 东 西,https://ke-image.ljcdn.com/110000-inspection/pc1_QUJM62JeG.jpg!m_fill,w_280,h_210,f_jpg?from=ke.com
20230527,朝阳,垡头,101116052878,近地铁 双合南向两居 高楼层 无遮挡 诚意出售 满五年,410万,47692元/平,中楼层 (共22层) | 2013年建 | 2室1厅 | 85.97平米 | 南,https://ke-image.ljcdn.com/110000-inspection/pc1_f1aaVFaPI.jpg!m_fill,w_280,h_210,f_jpg?from=ke.com
20230527,朝阳,垡头,101116020672,燕保祈东家园 正规两居室 业主诚意出售,353万,43994元/平,中楼层 (共28层) | 2021年建 | 2室1厅 | 80.24平米 | 南,https://ke-image.ljcdn.com/110000-inspection/pc1_yGOxPV2JG.jpg!m_fill,w_280,h_210,f_jpg?from=ke.com
20230527,朝阳,垡头,101115983488,翠成馨园C区南北通透不临街落地窗,649万,44744元/平,低楼层 (共13层) | 2005年建 | 3室1厅 | 145.05平米 | 南 北,https://ke-image.ljcdn.com/110000-inspection/pc1_q3uYahtgy.jpg!m_fill,w_280,h_210,f_jpg?from=ke.com
20230527,朝阳,垡头,101115976195,翠成馨园E区+满五唯一+精装修+高楼层,488万,45098元/平,顶层 (共28层) | 2009年建 | 3室1厅 | 108.21平米 | 南 西南,https://ke-image.ljcdn.com/110000-inspection/c0634b5d-768e-4195-b087-66fe9ce1719c_1000.jpg!m_fill,w_280,h_210,f_jpg?from=ke.com
20230527,朝阳,垡头,101115975336,格林莱雅 满五年唯一 南北三居室房主自荐,850万,56895元/平,低楼层 (共12层) | 2009年建 | 3室2厅 | 149.4平米 | 南 北,https://ke-image.ljcdn.com/110000-inspection/955e6ed5-b82a-47ac-80af-18df89031cf8_1000.jpg!m_fill,w_280,h_210,f_jpg?from=ke.com
20230527,朝阳,垡头,101115923868,燕保祈东家园南北通透人车分流电梯入库,330万,42964元/平,低楼层 (共21层) | 2021年建 | 2室1厅 | 76.81平米 | 南 北,https://ke-image.ljcdn.com/110000-inspection/pc1_bywvEP9uB.jpg!m_fill,w_280,h_210,f_jpg?from=ke.com
20230527,朝阳,垡头,101115901961,金蝉北里21号院南北通透  两居室,185万,36765元/平,地下室 (共6层) | 1992年建 | 2室1厅 | 50.32平米 | 南 北,https://ke-image.ljcdn.com/110000-inspection/pc1_HkxkXQ7nH.jpg!m_fill,w_280,h_210,f_jpg?from=ke.com
20230527,朝阳,垡头,101115894734,垡头翠成馨园中间楼层商品房三居室,418万,43129元/平,中楼层 (共28层) | 2011年建 | 3室1厅 | 96.92平米 | 东 南 北,https://ke-image.ljcdn.com/110000-inspection/pc1_f3xLchXPi.jpg!m_fill,w_280,h_210,f_jpg?from=ke.com
20230527,朝阳,垡头,101115868485,翠成馨园C区  南北大两居  双通透  拎包入住,570万,54792元/平,低楼层 (共11层) | 2008年建 | 2室2厅 | 104.03平米 | 南 北,https://ke-image.ljcdn.com/110000-inspection/pc1_VSmv0WY7m.jpg!m_fill,w_280,h_210,f_jpg?from=ke.com
20230527,朝阳,垡头,101115846967,满五唯一 无遮挡自住精装修三梯十户,420万,43470元/平,低楼层 (共22层) | 2011年建 | 3室1厅 | 96.62平米 | 东 北,https://ke-image.ljcdn.com/110000-inspection/pc1_NwYyxsHzV.jpg!m_fill,w_280,h_210,f_jpg?from=ke.com
20230527,朝阳,垡头,101115834599,商品房满五年唯一适合贷款东南向采光好看房随时,438万,48233元/平,低楼层 (共22层) | 2009年建 | 2室1厅 | 90.81平米 | 东南,https://ke-image.ljcdn.com/110000-inspection/pc1_aBZMo1GvL_3.jpg!m_fill,w_280,h_210,f_jpg?from=ke.com
20230527,朝阳,垡头,101115832681,燕保祈东家园二期南北通透近地铁三居室,405万,44142元/平,低楼层 (共28层) | 2021年建 | 3室1厅 | 91.75平米 | 东 南 北,https://ke-image.ljcdn.com/110000-inspection/0245e3ff-5090-4ed6-abb4-2feb9cdd9544_1000.jpg!m_fill,w_280,h_210,f_jpg?from=ke.com
20230527,朝阳,垡头,101115826709,户型方正 采光充足 视野宽阔 楼层好,273万,50810元/平,中楼层 (共21层) | 2006年建 | 1室1厅 | 53.73平米 | 北,https://ke-image.ljcdn.com/110000-inspection/pc1_klbdZwsT7.jpg!m_fill,w_280,h_210,f_jpg?from=ke.com
20230527,朝阳,垡头,101115774722,格林莱雅南北通透三居室业主诚意出售房主自荐,860万,57917元/平,低楼层 (共12层) | 2009年建 | 3室2厅 | 148.49平米 | 南 北,https://ke-image.ljcdn.com/110000-inspection/pc1_xjyZkjl45.jpg!m_fill,w_280,h_210,f_jpg?from=ke.com
20230527,朝阳,垡头,101115711311,此房子为2018年交房的小区人车分流,345万,43539元/平,低楼层 (共28层) | 2021年建 | 2室1厅 | 79.24平米 | 南,https://ke-image.ljcdn.com/110000-inspection/pc1_a4v7CqGsA.jpg!m_fill,w_280,h_210,f_jpg?from=ke.com
20230527,朝阳,垡头,101115676328,燕保祈东家园二期南北通透三居室,405万,44142元/平,中楼层 (共28层) | 2021年建 | 3室1厅 | 91.75平米 | 南 北,https://ke-image.ljcdn.com/110000-inspection/pc1_ckr9QF1mK.jpg!m_fill,w_280,h_210,f_jpg?from=ke.com
20230527,朝阳,垡头,101115645932,燕保祈东家园 南向两居室 业主诚心出售,335万,44655元/平,高楼层 (共28层) | 2021年建 | 2室1厅 | 75.02平米 | 南,https://ke-image.ljcdn.com/110000-inspection/pc1_VhzLMhNDd.jpg!m_fill,w_280,h_210,f_jpg?from=ke.com
20230527,朝阳,垡头,101115617032,燕保祈东家园大三居南北户型交通便利通风采光好,458万,48282元/平,中楼层 (共28层) | 2021年建 | 3室1厅 | 94.86平米 | 南 北,https://ke-image.ljcdn.com/110000-inspection/pc1_tEde8tFvF.jpg!m_fill,w_280,h_210,f_jpg?from=ke.com
20230527,朝阳,垡头,101115599895,垡头翠城馨园A区满两年商品房业主诚意出售房主自荐,339万,59287元/平,高楼层 (共16层) | 2007年建 | 1室1厅 | 57.18平米 | 南,https://ke-image.ljcdn.com/110000-inspection/pc1_BRn4mLzC4.jpg!m_fill,w_280,h_210,f_jpg?from=ke.com
20230527,朝阳,垡头,101115584189,燕保祈东家园小区环境好人车分流电梯入库板楼,358万,44617元/平,中楼层 (共28层) | 2021年建 | 2室1厅 | 80.24平米 | 南 北,https://ke-image.ljcdn.com/110000-inspection/pc1_B3D3iq0NU.jpg!m_fill,w_280,h_210,f_jpg?from=ke.com
20230527,朝阳,垡头,101115567300,双合家园 2室1厅 南,399万,46128元/平,中楼层 (共22层) | 2013年建 | 2室1厅 | 86.5平米 | 南,https://ke-image.ljcdn.com/110000-inspection/pc1_zXzwhx5Jl.jpg!m_fill,w_280,h_210,f_jpg?from=ke.com
20230527,朝阳,垡头,101115453916,四环边 大面积 南北通透 满五唯一,439万,35899元/平,低楼层 (共24层) | 2010年建 | 2室2厅 | 122.29平米 | 南 北,https://ke-image.ljcdn.com/110000-inspection/pc1_0auA2qJrd.jpg!m_fill,w_280,h_210,f_jpg?from=ke.com
20230527,朝阳,垡头,101115445951,翠成馨园C区南北通透眼镜户型一层三居观前后花园,708万,56987元/平,底层 (共11层) | 2008年建 | 3室1厅 | 124.24平米 | 南 北,https://ke-image.ljcdn.com/110000-inspection/pc1_bOdNYivMb_2.jpg!m_fill,w_280,h_210,f_jpg?from=ke.com
20230527,朝阳,垡头,101115424090,翠城馨园A区南向一居室离小区门口进出行方便。房主自荐,315万,55090元/平,低楼层 (共16层) | 2007年建 | 1室1厅 | 57.18平米 | 南,https://ke-image.ljcdn.com/110000-inspection/pc1_HhddEWMaw.jpg!m_fill,w_280,h_210,f_jpg?from=ke.com
20230527,朝阳,垡头,101115384186,翠成馨园A区 小板楼一层 商品房满五唯一,815万,58161元/平,底层 (共6层) | 2003年建 | 3室1厅 | 140.13平米 | 南 北,https://ke-image.ljcdn.com/110000-inspection/pc1_ZxTnS7cuG.jpg!m_fill,w_280,h_210,f_jpg?from=ke.com
20230527,朝阳,垡头,101115178007,建工·双合家园 2室1厅 精装修 高楼层 采光无遮挡房主自荐,450万,52024元/平,高楼层 (共22层) | 2013年建 | 2室1厅 | 86.5平米 | 南,https://ke-image.ljcdn.com/110000-inspection/6a40b077-b815-4d66-904b-e0a4274d97da_1000.jpg!m_fill,w_280,h_210,f_jpg?from=ke.com
20230527,朝阳,垡头,101115155087,金蝉北里21号院满五唯一大两居室,400万,42859元/平,高楼层 (共6层) | 2001年建 | 2室1厅 | 93.33平米 | 东 西,https://ke-image.ljcdn.com/110000-inspection/pc1_zuibwmpBH.jpg!m_fill,w_280,h_210,f_jpg?from=ke.com
20230527,朝阳,垡头,101115075389,店长推荐  翠成馨园C区 商品房 大三居,625万,48458元/平,低楼层 (共18层) | 2008年建 | 3室2厅 | 128.98平米 | 南 北,https://ke-image.ljcdn.com/110000-inspection/78535008-1119-4f5d-bd6a-7be3ca856dda_1000.jpg!m_fill,w_280,h_210,f_jpg?from=ke.com
20230527,朝阳,垡头,101115046119,双合家园 正规南向一居室 商品房,279万,50737元/平,高楼层 (共22层) | 2013年建 | 1室1厅 | 54.99平米 | 南,https://ke-image.ljcdn.com/110000-inspection/pc1_8xDPXsjTS.jpg!m_fill,w_280,h_210,f_jpg?from=ke.com
20230527,朝阳,垡头,101115038519,翠成馨园C区精装修商品房双卫全南一层,499万,47529元/平,底层 (共17层) | 2006年建 | 2室1厅 | 104.99平米 | 南,https://ke-image.ljcdn.com/110000-inspection/pc1_xnRrse6rS.jpg!m_fill,w_280,h_210,f_jpg?from=ke.com
20230527,朝阳,垡头,101114940614,次新房小区环境好人车分流电梯入库板楼,349万,43642元/平,中楼层 (共28层) 2室1厅 | 79.97平米 | 南 北,https://ke-image.ljcdn.com/110000-inspection/pc1_k08dqZbkI.jpg!m_fill,w_280,h_210,f_jpg?from=ke.com
20230527,朝阳,垡头,101114928373,前后不临街视野好商品房带电梯,560万,55059元/平,中楼层 (共14层) | 2006年建 | 2室1厅 | 101.71平米 | 南 北,https://ke-image.ljcdn.com/110000-inspection/pc1_1p5aJHUDA.jpg!m_fill,w_280,h_210,f_jpg?from=ke.com
20230527,朝阳,垡头,101114914503,东南四环外欢乐谷附近翠成馨园C区近地铁商品房,285万,52652元/平,高楼层 (共13层) | 2009年建 | 1室1厅 | 54.13平米 | 西,https://ke-image.ljcdn.com/110000-inspection/pc1_zvmWxjCzq.jpg!m_fill,w_280,h_210,f_jpg?from=ke.com
20230527,朝阳,垡头,101114782593,此房子南向两居室2018年建成入住小区绿化环境好。,365万,45090元/平,中楼层 (共27层) | 2021年建 | 2室1厅 | 80.95平米 | 南,https://ke-image.ljcdn.com/110000-inspection/pc1_ajUIqDaRN.jpg!m_fill,w_280,h_210,f_jpg?from=ke.com
20230527,朝阳,垡头,101114768335,小区是2017年的小区环境优美人车分流板楼采光充足,325万,43537元/平,中楼层 (共28层) | 2021年建 | 2室1厅 | 74.65平米 | 南,https://ke-image.ljcdn.com/110000-inspection/47817a3c-40a3-471a-9860-172b0d463002_1000.jpg!m_fill,w_280,h_210,f_jpg?from=ke.com
20230527,朝阳,垡头,101114719621,双合家园东南两居保持好满五唯一房主自荐,392万,46037元/平,中楼层 (共22层) | 2013年建 | 2室1厅 | 85.15平米 | 东南,https://ke-image.ljcdn.com/110000-inspection/pc1_7K8GgVmN7.jpg!m_fill,w_280,h_210,f_jpg?from=ke.com
20230527,朝阳,垡头,101114709342,垡头西里一区南向一居室 低楼层,205万,53372元/平,低楼层 (共6层) | 1983年建 | 1室1厅 | 38.41平米 | 南,https://ke-image.ljcdn.com/110000-inspection/pc1_KIlZTt9gw.jpg!m_fill,w_280,h_210,f_jpg?from=ke.com
20230527,朝阳,垡头,101114702082,格林莱雅 南北通透三居室楼层好采光充足房主自荐,900万,60241元/平,低楼层 (共12层) | 2009年建 | 3室2厅 | 149.4平米 | 南 北,https://ke-image.ljcdn.com/110000-inspection/pc1_MtxOJogRI.jpg!m_fill,w_280,h_210,f_jpg?from=ke.com
20230527,朝阳,垡头,101114685757,店长推荐 2017年的次新房 南北通透两居室 全明格局,450万,48728元/平,中楼层 (共28层) | 2017年建 | 2室2厅 | 92.35平米 | 南 北,https://ke-image.ljcdn.com/110000-inspection/pc1_MwakUnOyp.jpg!m_fill,w_280,h_210,f_jpg?from=ke.com
20230527,朝阳,垡头,101114630690,燕保祈东家园南北通透的两居室全明格局房主自荐,358万,44767元/平,中楼层 (共28层) | 2021年建 | 2室1厅 | 79.97平米 | 南 北,https://ke-image.ljcdn.com/110000-inspection/pc1_Gw94ggIbX.jpg!m_fill,w_280,h_210,f_jpg?from=ke.com
20230527,朝阳,垡头,101114629448,金蝉里 有钥匙 高楼层 西南向三居室 满5唯一,640万,49651元/平,高楼层 (共21层) | 2006年建 | 3室2厅 | 128.9平米 | 西南,https://ke-image.ljcdn.com/110000-inspection/pc1_ZMaoIfIzY.jpg!m_fill,w_280,h_210,f_jpg?from=ke.com
20230527,朝阳,垡头,101114620539,建工·双合家园 南向一居室 业主诚心出售,280万,50891元/平,低楼层 (共22层) | 2013年建 | 1室1厅 | 55.02平米 | 南,https://ke-image.ljcdn.com/110000-inspection/pc1_FEEovbBMz.jpg!m_fill,w_280,h_210,f_jpg?from=ke.com
20230527,朝阳,垡头,101114544310,翠成馨园C区南北通透三阳台两居室一梯两户高楼层房主自荐,505万,55307元/平,顶层 (共11层) | 2008年建 | 2室1厅 | 91.31平米 | 南 北,https://ke-image.ljcdn.com/110000-inspection/82acc9b1-2756-484e-87dc-7dd8fe67f6da_1000.jpg!m_fill,w_280,h_210,f_jpg?from=ke.com
20230527,朝阳,垡头,101114537844,店长推荐  2011年的楼 西南北向三居室 业主诚意出售,396万,40813元/平,低楼层 (共21层) | 2011年建 | 3室1厅 | 97.03平米 | 西南 北,https://ke-image.ljcdn.com/110000-inspection/pc1_KdzByl5Oy_1.jpg!m_fill,w_280,h_210,f_jpg?from=ke.com
20230527,朝阳,垡头,101114521485,金蝉北里21号院南北通透两居室,189万,35980元/平,地下室 (共6层) | 1993年建 | 2室1厅 | 52.53平米 | 南 北,https://ke-image.ljcdn.com/110000-inspection/pc1_tziVMpbYZ_2.jpg!m_fill,w_280,h_210,f_jpg?from=ke.com
20230527,朝阳,垡头,101114502057,燕保祈东家园南北通透三居室户型好交通便利房主自荐,420万,45772元/平,低楼层 (共21层) 3室1厅 | 91.76平米 | 南 北,https://ke-image.ljcdn.com/110000-inspection/pc1_igsN5ifZK_1.jpg!m_fill,w_280,h_210,f_jpg?from=ke.com
20230527,朝阳,垡头,101114499098,燕保祈东家园二期交通方便楼层好优质三居,439万,45017元/平,高楼层 (共27层) | 2021年建 | 3室1厅 | 97.52平米 | 南 北,https://ke-image.ljcdn.com/110000-inspection/b3550bd5-ec36-4514-b167-70664fe33bcb_1000.jpg!m_fill,w_280,h_210,f_jpg?from=ke.com
20230527,朝阳,垡头,101114418720,房子是满五唯一的板楼全南户型中高楼层采光好房主自荐,248万,45083元/平,中楼层 (共22层) | 2013年建 | 1室1厅 | 55.01平米 | 南,https://ke-image.ljcdn.com/110000-inspection/pc1_iSMAiCNu2.jpg!m_fill,w_280,h_210,f_jpg?from=ke.com
20230527,朝阳,垡头,101114399397,燕保祈东家园南北通透三居室人车分流,450万,47170元/平,高楼层 (共28层) 3室2厅 | 95.4平米 | 南 北,https://ke-image.ljcdn.com/110000-inspection/pc1_tqMjR71rb.jpg!m_fill,w_280,h_210,f_jpg?from=ke.com
20230527,朝阳,垡头,101114381454,近地铁次新房 板楼电梯高层南向两居采光好 人车分流,368万,45154元/平,顶层 (共27层) | 2021年建 | 2室1厅 | 81.5平米 | 南,https://ke-image.ljcdn.com/110000-inspection/561dff79-8d27-499a-a7f7-df3334f7ed16_1000.jpg!m_fill,w_280,h_210,f_jpg?from=ke.com
20230527,朝阳,垡头,101114202169,双合家园 满五唯一 中楼层 采光好,325万,45872元/平,中楼层 (共22层) | 2013年建 | 2室1厅 | 70.85平米 | 东北,https://ke-image.ljcdn.com/110000-inspection/pc1_fTu6cNfCL_3.jpg!m_fill,w_280,h_210,f_jpg?from=ke.com
20230527,朝阳,垡头,101114151580,正规三居室 商品房 精装修 观景房,420万,43286元/平,顶层 (共28层) | 2011年建 | 3室1厅 | 97.03平米 | 南 西 北,https://ke-image.ljcdn.com/110000-inspection/pc1_E86cGgqMc_2.jpg!m_fill,w_280,h_210,f_jpg?from=ke.com
20230527,朝阳,垡头,101114084324,翠成馨园 南北通透三居室 满五唯一 邻地铁,648万,50425元/平,低楼层 (共18层) | 2006年建 | 3室2厅 | 128.51平米 | 南 北,https://ke-image.ljcdn.com/110000-inspection/pc1_sAME8o3o1.jpg!m_fill,w_280,h_210,f_jpg?from=ke.com
20230527,朝阳,垡头,101114055298,翠成馨园D区 高楼层 视野好 居住舒适,438万,45441元/平,高楼层 (共28层) | 2012年建 | 3室1厅 | 96.39平米 | 南 西 北,https://ke-image.ljcdn.com/110000-inspection/e23b4e44-d1c4-4a50-91c1-93ef444d48da_1000.jpg!m_fill,w_280,h_210,f_jpg?from=ke.com
20230527,朝阳,垡头,101114047104,房子格局方正近7号线双合站业主诚意随时签约,259万,47436元/平,高楼层 (共22层) | 2013年建 | 1室1厅 | 54.6平米 | 南,https://ke-image.ljcdn.com/110000-inspection/pc1_Ajp6SxSmq_3.jpg!m_fill,w_280,h_210,f_jpg?from=ke.com
20230527,朝阳,垡头,101114036163,翠成馨园E区永辉 楼上复式 满五唯一,465万,41009元/平,中楼层 (共24层) | 2010年建 | 2室1厅 | 113.39平米 | 南 北,https://ke-image.ljcdn.com/110000-inspection/pc1_4E7dIhe7o_3.jpg!m_fill,w_280,h_210,f_jpg?from=ke.com
20230527,朝阳,垡头,101113814574,翠成馨园A区南北两居室  业主诚意出售 随时签约,610万,57809元/平,底层 (共11层) | 2007年建 | 2室1厅 | 105.52平米 | 南 北,https://ke-image.ljcdn.com/110000-inspection/pc1_ht4jldjm8_2.jpg!m_fill,w_280,h_210,f_jpg?from=ke.com
20230527,朝阳,垡头,101113217011,翠成馨园C区7号线地铁垡头站80米观小区花园精装修房主自荐,283万,51870元/平,高楼层 (共16层) | 2009年建 | 1室1厅 | 54.56平米 | 西,https://ke-image.ljcdn.com/110000-inspection/pc1_UOrFjtlH0_3.jpg!m_fill,w_280,h_210,f_jpg?from=ke.com
20230527,朝阳,垡头,101113060815,翠成馨园A区在售南向两居室  诚心出售,530万,54165元/平,低楼层 (共14层) | 2006年建 | 2室1厅 | 97.85平米 | 南,https://ke-image.ljcdn.com/110000-inspection/pc1_HfG4nTpGt_3.jpg!m_fill,w_280,h_210,f_jpg?from=ke.com
20230527,朝阳,垡头,101113041765,翠成馨园 带装修的一居 满五唯一 无抵押无户口房主自荐,267万,49326元/平,中楼层 (共13层) | 2009年建 | 1室1厅 | 54.13平米 | 西,https://ke-image.ljcdn.com/110000-inspection/pc1_B8sywICSR_3.jpg!m_fill,w_280,h_210,f_jpg?from=ke.com
20230527,朝阳,垡头,101112929440,翠成馨园E区全南向两居满五年唯一业主诚意出售,345万,48118元/平,中楼层 (共20层) | 2011年建 | 2室1厅 | 71.7平米 | 南,https://ke-image.ljcdn.com/110000-inspection/pc1_4WQkBcrBA_1.jpg!m_fill,w_280,h_210,f_jpg?from=ke.com
20230527,朝阳,垡头,101112512861,满五唯一随时签约业主自住装修较好。,322万,44488元/平,底层 (共20层) 2室1厅 | 72.38平米 | 东南,https://ke-image.ljcdn.com/110000-inspection/pc1_vuohGVFEC_3.jpg!m_fill,w_280,h_210,f_jpg?from=ke.com
20230527,朝阳,垡头,101112434392,翠成馨园B区  东南三居室   高层采光好 小区里安静,482万,42363元/平,顶层 (共6层) | 2004年建 | 3室2厅 | 113.78平米 | 东南,https://ke-image.ljcdn.com/110000-inspection/pc1_bGnPk3Lqd_2.jpg!m_fill,w_280,h_210,f_jpg?from=ke.com
20230527,朝阳,垡头,101112400709,翠成馨园精装一居室高楼层采光好业主诚意出售,390万,54684元/平,顶层 (共21层) | 2005年建 | 1室1厅 | 71.32平米 | 西北,https://ke-image.ljcdn.com/110000-inspection/pc1_bqywjNIaI_3.jpg!m_fill,w_280,h_210,f_jpg?from=ke.com
20230527,朝阳,垡头,101112395899,翠成馨园A区 小区第一排楼 出行方便 商品房,466万,52656元/平,中楼层 (共16层) | 2007年建 | 2室2厅 | 88.5平米 | 东北,https://ke-image.ljcdn.com/110000-inspection/pc1_uDLa3Vr2u_3.jpg!m_fill,w_280,h_210,f_jpg?from=ke.com
20230527,朝阳,垡头,101112302541,翠成馨园E区 全南两居 精装修 无遮挡 诚意出售！,315万,43927元/平,底层 (共21层) | 2011年建 | 2室1厅 | 71.71平米 | 南,https://ke-image.ljcdn.com/110000-inspection/81de51af-8caa-476a-9b57-2b761422abb9_1000.jpg!m_fill,w_280,h_210,f_jpg?from=ke.com
20230527,朝阳,垡头,101112195530,满五唯一两梯四户楼间距大高层视野采光好。,398万,46237元/平,中楼层 (共20层) | 2013年建 | 2室1厅 | 86.08平米 | 南,https://ke-image.ljcdn.com/110000-inspection/pc1_WEceRowQP.jpg!m_fill,w_280,h_210,f_jpg?from=ke.com
20230527,朝阳,垡头,101112058681,南北通透精装修业主诚意出售。,460万,51157元/平,中楼层 (共22层) | 2013年建 | 2室1厅 | 89.92平米 | 南 北,https://ke-image.ljcdn.com/110000-inspection/pc1_P0QBVrfiV_2.jpg!m_fill,w_280,h_210,f_jpg?from=ke.com
20230527,朝阳,垡头,101111835921,翠成馨园E区一层 西南三居 精装修 保养好,558万,49263元/平,底层 (共22层) | 2009年建 | 3室1厅 | 113.27平米 | 西南,https://ke-image.ljcdn.com/110000-inspection/fe3bfea9-f8d8-4c25-9d14-b66805173d59_1000.jpg!m_fill,w_280,h_210,f_jpg?from=ke.com
20230527,朝阳,垡头,101111755912,翠成馨园B区南北通透大两居满五唯一业主诚意出售,612万,50806元/平,中楼层 (共6层) 2室2厅 | 120.46平米 | 南 北,https://ke-image.ljcdn.com/110000-inspection/pc1_6gzNSmb70_2.jpg!m_fill,w_280,h_210,f_jpg?from=ke.com
20230527,朝阳,垡头,101111696334,翠成馨园C区边户地铁口旁边满五唯一,262万,47353元/平,中楼层 (共13层) | 2009年建 | 1室0厅 | 55.33平米 | 东,https://ke-image.ljcdn.com/110000-inspection/pc1_0pItui2cq_2.jpg!m_fill,w_280,h_210,f_jpg?from=ke.com
20230527,朝阳,垡头,101111690624,翠成馨园A区 精装商品房本 满五年唯一 有电梯 无遮挡房主自荐,359万,53848元/平,低楼层 (共14层) | 2007年建 | 1室1厅 | 66.67平米 | 西,https://ke-image.ljcdn.com/110000-inspection/pc1_G51MonfAO_2.jpg!m_fill,w_280,h_210,f_jpg?from=ke.com
20230527,朝阳,垡头,101111654223,金蝉里 满五年唯一 一层东南向两居室,287万,53257元/平,底层 (共12层) | 1991年建 | 2室1厅 | 53.89平米 | 西南,https://ke-image.ljcdn.com/110000-inspection/pc1_pyvISpmSx_1.jpg!m_fill,w_280,h_210,f_jpg?from=ke.com
20230527,朝阳,垡头,101111585259,户型方正 采光充足 视野宽阔  楼层好,295万,54905元/平,低楼层 (共21层) | 2006年建 | 1室1厅 | 53.73平米 | 北,https://ke-image.ljcdn.com/110000-inspection/pc1_o4nULbynG_2.jpg!m_fill,w_280,h_210,f_jpg?from=ke.com
20230527,朝阳,垡头,101109524926,双合家园 南北通透 精装修 高层视野开阔 诚意出售,410万,45821元/平,顶层 (共20层) | 2013年建 | 2室2厅 | 89.48平米 | 南 北,https://ke-image.ljcdn.com/110000-inspection/prod-3b24f7af-e4fb-4a74-88c0-cde804108fbd.jpg!m_fill,w_280,h_210,f_jpg?from=ke.com
20230527,朝阳,垡头,101109324093,满五年唯一 双阳台 全南向两居 看房随时,351万,46246元/平,低楼层 (共28层) 2室1厅 | 75.9平米 | 南,https://ke-image.ljcdn.com/110000-inspection/711bf64d-c440-45bd-a7de-fe61d8e93f17_1000.jpg!m_fill,w_280,h_210,f_jpg?from=ke.com
20230527,朝阳,垡头,101104139546,翠成馨园东西向正规一居位置好楼层好。,345万,50923元/平,中楼层 (共6层) | 2003年建 | 1室1厅 | 67.75平米 | 东 西,https://ke-image.ljcdn.com/110000-inspection/prod-da8a4e1b-efde-470c-bc16-4692086a74fd.jpg!m_fill,w_280,h_210,f_jpg?from=ke.com
20230527,朝阳,垡头,101103357823,全明格局三居 西南北向采光 房型方正 无遮挡,650万,52513元/平,低楼层 (共28层) | 2017年建 | 3室2厅 | 123.78平米 | 南 北 西,https://ke-image.ljcdn.com/110000-inspection/prod-b514b3ba-2693-49d4-80e5-53f9df47fabd.jpg!m_fill,w_280,h_210,f_jpg?from=ke.com
20230527,朝阳,垡头,101119431636,燕保祈东家园 2室1厅 南 北,359万,45513元/平,低楼层 (共28层) 2室1厅 | 78.88平米 | 南 北,https://ke-image.ljcdn.com/110000-inspection/pc1_Ff2EqzyuK.jpg!m_fill,w_280,h_210,f_jpg?from=ke.com
20230527,朝阳,垡头,101119417929,双合家园 2室2厅 南 北,410万,45622元/平,低楼层 (共22层) | 2013年建 | 2室2厅 | 89.87平米 | 南 北,https://ke-image.ljcdn.com/110000-inspection/pc1_Ej0LNC4so.jpg!m_fill,w_280,h_210,f_jpg?from=ke.com
20230527,朝阳,垡头,101119412149,翠成馨园A区 1室1厅 南,292万,51067元/平,顶层 (共16层) | 2007年建 | 1室1厅 | 57.18平米 | 南,https://ke-image.ljcdn.com/110000-inspection/pc1_flVCyyVOG.jpg!m_fill,w_280,h_210,f_jpg?from=ke.com
20230527,朝阳,垡头,101119404417,地铁7号线双合站 南向两居 诚意出售新上,450万,52120元/平,中楼层 (共22层) | 2013年建 | 2室1厅 | 86.34平米 | 南,https://ke-image.ljcdn.com/110000-inspection/pc1_OyyWZ3ELW.jpg!m_fill,w_280,h_210,f_jpg?from=ke.com
20230527,朝阳,垡头,101119394066,翠成馨园C区 2室2厅 南 北新上,519万,59980元/平,中楼层 (共11层) | 2008年建 | 2室2厅 | 86.53平米 | 南 北,https://ke-image.ljcdn.com/110000-inspection/pc1_eIoCngEl7.jpg!m_fill,w_280,h_210,f_jpg?from=ke.com
20230527,朝阳,垡头,101119389181,垡头西里二区满五唯一带电梯两居室。新上,255万,44620元/平,中楼层 (共13层) | 1983年建 | 2室1厅 | 57.15平米 | 东 南,https://ke-image.ljcdn.com/110000-inspection/pc1_y1pFaMxl2.jpg!m_fill,w_280,h_210,f_jpg?from=ke.com
20230527,朝阳,垡头,101119387735,翠成馨园C区 3室2厅 南 北新上,658万,46830元/平,中楼层 (共14层) | 2009年建 | 3室2厅 | 140.51平米 | 南 北,https://ke-image.ljcdn.com/110000-inspection/pc1_Dz7g6TX6y.jpg!m_fill,w_280,h_210,f_jpg?from=ke.com
20230527,朝阳,垡头,101119382409,翠成馨园C区 2室2厅 南 北新上,540万,61441元/平,中楼层 (共11层) | 2007年建 | 2室2厅 | 87.89平米 | 南 北,https://ke-image.ljcdn.com/110000-inspection/pc1_x4P87Koef.jpg!m_fill,w_280,h_210,f_jpg?from=ke.com
20230527,朝阳,垡头,101119366766,地铁精装 南北通透 7号线垡头双合 满五唯一  随时签约新上,418万,46512元/平,中楼层 (共22层) | 2013年建 | 2室1厅 | 89.87平米 | 南 北,https://ke-image.ljcdn.com/110000-inspection/pc1_kvhVyGOJ1.jpg!m_fill,w_280,h_210,f_jpg?from=ke.com
20230527,朝阳,垡头,101119363602,此房是南向一居室高层采光无遮挡视野开阔新上,275万,45742元/平,高楼层 (共28层) 1室1厅 | 60.12平米 | 南,https://ke-image.ljcdn.com/110000-inspection/pc1_5HrGFWdom.jpg!m_fill,w_280,h_210,f_jpg?from=ke.com
20230527,朝阳,垡头,101119361141,通透户型离地铁口近平时采光通风效果好配套齐全新上,725万,57531元/平,高楼层 (共11层) 3室1厅 | 126.02平米 | 南 北,https://ke-image.ljcdn.com/110000-inspection/pc1_Hw9qZxt95.jpg!m_fill,w_280,h_210,f_jpg?from=ke.com
20230527,朝阳,垡头,101119339721,满5唯一 精装修 板楼一梯两户 南北通透大三居新上,653万,46794元/平,中楼层 (共5层) | 2006年建 | 3室2厅 | 139.55平米 | 南 北,https://ke-image.ljcdn.com/110000-inspection/pc1_1g2wqiZjP.jpg!m_fill,w_280,h_210,f_jpg?from=ke.com
20230527,朝阳,垡头,101119334851,垡头北里南北朝向两居室有装修中间楼层新上,270万,47104元/平,中楼层 (共6层) | 1989年建 | 2室1厅 | 57.32平米 | 南 北,https://ke-image.ljcdn.com/110000-inspection/pc1_17R5VnPr3_2.jpg!m_fill,w_280,h_210,f_jpg?from=ke.com
20230527,朝阳,垡头,101119321035,燕保祈东家园 3室1厅 南 北新上,420万,44276元/平,中楼层 (共28层) 3室1厅 | 94.86平米 | 南 北,https://ke-image.ljcdn.com/110000-inspection/pc1_VYXaBG47H.jpg!m_fill,w_280,h_210,f_jpg?from=ke.com
20230527,朝阳,垡头,101119286507,近地铁+精装修+家具家电可协商+只有契税+有电梯+三居,459万,47359元/平,低楼层 (共28层) | 2011年建 | 3室1厅 | 96.92平米 | 东 东南 北,https://ke-image.ljcdn.com/110000-inspection/5bcbd88d-1a53-45ba-a503-27c8123175e4_1000.jpg!m_fill,w_280,h_210,f_jpg?from=ke.com
20230527,朝阳,垡头,101119270006,满五家庭唯一高楼层带电梯采光好视野好,280万,47234元/平,顶层 (共18层) | 2007年建 | 1室1厅 | 59.28平米 | 南,https://ke-image.ljcdn.com/110000-inspection/pc1_LtFRwcdL2.jpg!m_fill,w_280,h_210,f_jpg?from=ke.com
20230527,朝阳,垡头,101119208437,金蝉北里东向两居室满五年住房业主诚意出售房主自荐,385万,48168元/平,低楼层 (共18层) | 2003年建 | 2室1厅 | 79.93平米 | 东,https://ke-image.ljcdn.com/110000-inspection/pc1_WQrkyQjid.jpg!m_fill,w_280,h_210,f_jpg?from=ke.com
20230527,朝阳,垡头,101119159938,垡头翠成馨园   翠成馨园C区,575万,55615元/平,顶层 (共11层) 2室1厅 | 103.39平米 | 南 北,https://ke-image.ljcdn.com/110000-inspection/pc1_hCuxNmOqF.jpg!m_fill,w_280,h_210,f_jpg?from=ke.com
20230527,朝阳,垡头,101119137458,翠成馨园A区优质三居室 业主诚意出售,699万,50015元/平,高楼层 (共6层) | 2003年建 | 3室2厅 | 139.76平米 | 南 北 西,https://ke-image.ljcdn.com/110000-inspection/pc1_Ywx8Y6CM2.jpg!m_fill,w_280,h_210,f_jpg?from=ke.com
20230527,朝阳,垡头,101119134508,翠成馨园C区 3室2厅 东 南 北,636万,49529元/平,中楼层 (共18层) | 2007年建 | 3室2厅 | 128.41平米 | 东 南 北,https://ke-image.ljcdn.com/110000-inspection/pc1_iXk8aRFi9.jpg!m_fill,w_280,h_210,f_jpg?from=ke.com
20230527,朝阳,垡头,101119118159,商品房满五年唯一 适合老人居住 只有契税,448万,44908元/平,底层 (共28层) | 2009年建 | 2室2厅 | 99.76平米 | 东南,https://ke-image.ljcdn.com/110000-inspection/pc1_00IUsUlY8.jpg!m_fill,w_280,h_210,f_jpg?from=ke.com
20230527,朝阳,垡头,101119044600,南北通透两梯四户前后不临街视野好,550万,54150元/平,中楼层 (共14层) | 2006年建 | 2室1厅 | 101.57平米 | 南 北,https://ke-image.ljcdn.com/110000-inspection/pc1_hcDhjlOX6.jpg!m_fill,w_280,h_210,f_jpg?from=ke.com
20230527,朝阳,垡头,101119018005,燕保祈东家园 商品房 南北通透两居室 随时可签约,342万,42623元/平,低楼层 (共28层) | 2021年建 | 2室1厅 | 80.24平米 | 南 北,https://ke-image.ljcdn.com/110000-inspection/pc1_9myuGvIbQ.jpg!m_fill,w_280,h_210,f_jpg?from=ke.com
20230527,朝阳,垡头,101118959699,翠成馨园E区中间楼层 随时可看 业主诚意出售,350万,47581元/平,中楼层 (共28层) | 2011年建 | 2室1厅 | 73.56平米 | 东 南,https://ke-image.ljcdn.com/110000-inspection/pc1_zjlMz7rGO.jpg!m_fill,w_280,h_210,f_jpg?from=ke.com
20230527,朝阳,垡头,101118929289,金蝉里全明格局一居户型方正视野好,260万,48391元/平,高楼层 (共21层) | 2006年建 | 1室1厅 | 53.73平米 | 西 北,https://ke-image.ljcdn.com/110000-inspection/pc1_B9TgaPGnD.jpg!m_fill,w_280,h_210,f_jpg?from=ke.com
20230527,朝阳,垡头,101118924933,房子满五年全南格局全明格局采光好。,299万,49726元/平,高楼层 (共6层) | 1993年建 | 2室1厅 | 60.13平米 | 南,https://ke-image.ljcdn.com/110000-inspection/pc1_16yeCkYsB_2.jpg!m_fill,w_280,h_210,f_jpg?from=ke.com
20230527,朝阳,垡头,101118888148,翠成馨园B区  一层位置好  商品房 靠谱卖,780万,56567元/平,底层 (共6层) | 2004年建 | 3室2厅 | 137.89平米 | 南 北,https://ke-image.ljcdn.com/110000-inspection/pc1_QppuLegWl.jpg!m_fill,w_280,h_210,f_jpg?from=ke.com
20230527,朝阳,垡头,101118863995,翠成馨园C区  中高楼层   落地窗 两梯三户,683万,48331元/平,中楼层 (共17层) | 2006年建 | 3室2厅 | 141.32平米 | 南 北,https://ke-image.ljcdn.com/110000-inspection/pc1_HzL2cI3g7.jpg!m_fill,w_280,h_210,f_jpg?from=ke.com
20230527,朝阳,垡头,101118846603,翠成馨园D区 2室1厅 西南,458万,46437元/平,低楼层 (共28层) 2室1厅 | 98.63平米 | 西南,https://ke-image.ljcdn.com/110000-inspection/pc1_UjoAVkQl7.jpg!m_fill,w_280,h_210,f_jpg?from=ke.com
20230527,朝阳,垡头,101118791970,翠成馨园D区 2室1厅 西 南,350万,48829元/平,低楼层 (共28层) | 2014年建 | 2室1厅 | 71.68平米 | 西 南,https://ke-image.ljcdn.com/110000-inspection/7ed313d8-8ed5-4641-b5b4-048eba9d0db5_1000.jpg!m_fill,w_280,h_210,f_jpg?from=ke.com
20230527,朝阳,垡头,101118770121,地铁7号线双合家园南北通透 中高楼层 满五唯一,417万,46083元/平,中楼层 (共22层) | 2013年建 | 2室2厅 | 90.49平米 | 南 北,https://ke-image.ljcdn.com/110000-inspection/pc1_2p0NYqHQA.jpg!m_fill,w_280,h_210,f_jpg?from=ke.com
20230527,朝阳,垡头,101118769344,垡头西里 精装修两居室 南北通透全明格局,265万,45635元/平,顶层 (共4层) | 1977年建 | 2室1厅 | 58.07平米 | 南 北,https://ke-image.ljcdn.com/110000-inspection/pc1_YHJ7MSXWL.jpg!m_fill,w_280,h_210,f_jpg?from=ke.com
20230527,朝阳,垡头,101118706906,此房满五唯一商品房南北通透全明格局有电梯,281万,48659元/平,顶层 (共6层) | 1987年建 | 2室1厅 | 57.75平米 | 南 北,https://ke-image.ljcdn.com/110000-inspection/a62fc9f7-1571-4092-999e-1a268fee91a6_1000.jpg!m_fill,w_280,h_210,f_jpg?from=ke.com
20230527,朝阳,垡头,101118680161,金蝉北里21号院全明格局楼层高采光好,255万,43338元/平,顶层 (共6层) | 1996年建 | 2室1厅 | 58.84平米 | 南 北,https://ke-image.ljcdn.com/110000-inspection/pc1_tV3LbgZeW.jpg!m_fill,w_280,h_210,f_jpg?from=ke.com
20230527,朝阳,垡头,101118677171,金蝉北里满五年唯一住房大两居室带电梯,389万,41428元/平,中楼层 (共18层) | 1998年建 | 2室1厅 | 93.9平米 | 东北,https://ke-image.ljcdn.com/110000-inspection/pc1_HhYO3xp9g.jpg!m_fill,w_280,h_210,f_jpg?from=ke.com
20230527,朝阳,垡头,101118659089,金蝉北里21号院全南向精装修采光好户型方正,298万,47123元/平,高楼层 (共6层) | 1992年建 | 2室1厅 | 63.24平米 | 南,https://ke-image.ljcdn.com/110000-inspection/pc1_qYcxTshVv.jpg!m_fill,w_280,h_210,f_jpg?from=ke.com
20230527,朝阳,垡头,101118637322,金蝉里 1室1厅 北,289万,53440元/平,低楼层 (共21层) | 2006年建 | 1室1厅 | 54.08平米 | 北,https://ke-image.ljcdn.com/110000-inspection/pc1_ieeZK1ZQR_3.jpg!m_fill,w_280,h_210,f_jpg?from=ke.com
20230527,朝阳,垡头,101118561395,垡头北里全明三居室户型方正南北通透,363万,46936元/平,底层 (共6层) | 1987年建 | 3室1厅 | 77.34平米 | 南 北,https://ke-image.ljcdn.com/110000-inspection/066b3589-3845-4c1b-b727-0765a4396144_1000.jpg!m_fill,w_280,h_210,f_jpg?from=ke.com
20230527,朝阳,垡头,101118555866,地铁精装南北 垡头双合 满五唯一 诚意出售 随时签约。,408万,45420元/平,顶层 (共22层) | 2013年建 | 2室2厅 | 89.83平米 | 南 北,https://ke-image.ljcdn.com/110000-inspection/pc1_Y06ehnzLZ.jpg!m_fill,w_280,h_210,f_jpg?from=ke.com
20230527,朝阳,垡头,101118544590,欢乐谷垡头西里三区 南北通透带客厅两居室,305万,52137元/平,高楼层 (共6层) | 1997年建 | 2室1厅 | 58.5平米 | 南 北,https://ke-image.ljcdn.com/110000-inspection/pc1_8flDdf1v4.jpg!m_fill,w_280,h_210,f_jpg?from=ke.com
20230527,朝阳,垡头,101118524193,金蝉北里商品房满五唯一带电梯,388万,41159元/平,低楼层 (共18层) 2室1厅 | 94.27平米 | 西北,https://ke-image.ljcdn.com/110000-inspection/pc1_6GgHplB6h_3.jpg!m_fill,w_280,h_210,f_jpg?from=ke.com
20230527,朝阳,垡头,101118497882,金蝉北里西南两居室低楼层出行方便,345万,45672元/平,底层 (共18层) | 1993年建 | 2室1厅 | 75.54平米 | 南 西,https://ke-image.ljcdn.com/110000-inspection/pc1_yGtoFv04i_1.jpg!m_fill,w_280,h_210,f_jpg?from=ke.com
20230527,朝阳,垡头,101118497531,金蝉里 南北向两居室 全明格局 满五唯一,236万,41008元/平,顶层 (共6层) | 1987年建 | 2室1厅 | 57.55平米 | 南 北,https://ke-image.ljcdn.com/110000-inspection/2170c6c9-1f18-45e0-adfc-438007aa1895_1000.jpg!m_fill,w_280,h_210,f_jpg?from=ke.com
20230527,朝阳,垡头,101118398441,2017年新建的小区小区环境优美楼龄新两梯四户房主自荐,625万,50493元/平,低楼层 (共28层) | 2017年建 | 3室1厅 | 123.78平米 | 南 西 北,https://ke-image.ljcdn.com/110000-inspection/pc1_5giRxtHSu.jpg!m_fill,w_280,h_210,f_jpg?from=ke.com
20230527,朝阳,垡头,101118386012,垡头西里 2室1厅 南 北,287万,43824元/平,顶层 (共6层) | 1993年建 | 2室1厅 | 65.49平米 | 南 北,https://ke-image.ljcdn.com/110000-inspection/pc1_GcxEOGA5W_2.jpg!m_fill,w_280,h_210,f_jpg?from=ke.com
20230527,朝阳,垡头,101118376228,商品房户型方正一居室精装修可以拎包入住。房主自荐,368万,53134元/平,中楼层 (共16层) | 2006年建 | 1室1厅 | 69.26平米 | 西,https://ke-image.ljcdn.com/110000-inspection/pc1_kBFiUd3lG_3.jpg!m_fill,w_280,h_210,f_jpg?from=ke.com
20230527,朝阳,垡头,101118356924,翠成馨园A区南北通透两居室全明格局有电梯,495万,48692元/平,低楼层 (共14层) | 2006年建 | 2室1厅 | 101.66平米 | 南 北,https://ke-image.ljcdn.com/110000-inspection/pc1_RRbFqFnXF.jpg!m_fill,w_280,h_210,f_jpg?from=ke.com
20230527,朝阳,垡头,101118346256,【店长推荐】西南一居室 满五唯一 首付118万全下来,272万,48598元/平,中楼层 (共28层) 1室1厅 | 55.97平米 | 西南,https://ke-image.ljcdn.com/110000-inspection/pc1_W1tfLwxC0.jpg!m_fill,w_280,h_210,f_jpg?from=ke.com
20230527,朝阳,垡头,101118340488,翠成馨园A区 朝南2居 满五年唯一 高楼层 不临街位置好,529万,53942元/平,中楼层 (共14层) | 2006年建 | 2室1厅 | 98.07平米 | 南,https://ke-image.ljcdn.com/110000-inspection/pc1_aWZuns1EG.jpg!m_fill,w_280,h_210,f_jpg?from=ke.com
20230527,朝阳,垡头,101118284146,翠成馨园C区近地铁南北通透三居室商品本,730万,50864元/平,低楼层 (共16层) | 2005年建 | 3室2厅 | 143.52平米 | 南 北,https://ke-image.ljcdn.com/110000-inspection/58b044fa-fbf0-4aaf-9674-84636a59777b_1000.jpg!m_fill,w_280,h_210,f_jpg?from=ke.com
20230527,朝阳,垡头,101118268690,金蝉北里21号院南向两居室满五年唯一住房,259万,46458元/平,顶层 (共6层) | 1992年建 | 2室1厅 | 55.75平米 | 南,https://ke-image.ljcdn.com/110000-inspection/pc1_nyB7O6TIc.jpg!m_fill,w_280,h_210,f_jpg?from=ke.com
20230527,朝阳,垡头,101118239758,金蝉北里低楼层大客厅无抵押,399万,49615元/平,低楼层 (共6层) | 1999年建 | 2室1厅 | 80.42平米 | 东 南 西,https://ke-image.ljcdn.com/110000-inspection/pc1_98KjE0Rqu.jpg!m_fill,w_280,h_210,f_jpg?from=ke.com
20230527,朝阳,垡头,101118198339,金蝉里经典一居室商品房 户型方正,275万,51182元/平,高楼层 (共21层) | 2006年建 | 1室1厅 | 53.73平米 | 西北,https://ke-image.ljcdn.com/110000-inspection/pc1_1Z0grdmPf.jpg!m_fill,w_280,h_210,f_jpg?from=ke.com
20230527,朝阳,垡头,101118168512,燕保祈东家园高楼层南向两居无遮挡房主自荐,358万,45220元/平,高楼层 (共21层) 2室1厅 | 79.17平米 | 南,https://ke-image.ljcdn.com/110000-inspection/d231fb71-b965-4b32-96ad-d048f88a18dd_1000.jpg!m_fill,w_280,h_210,f_jpg?from=ke.com
20230527,朝阳,垡头,101118141452,金蝉里 3室1厅 南 北,390万,56083元/平,中楼层 (共6层) | 1987年建 | 3室1厅 | 69.54平米 | 南 北,https://ke-image.ljcdn.com/110000-inspection/0141c9ae-70c2-41b7-a48a-96a8fdbc671c_1000.jpg!m_fill,w_280,h_210,f_jpg?from=ke.com
20230527,朝阳,垡头,101118112026,满五唯一中楼层采光好无遮挡。,268万,46609元/平,中楼层 (共6层) | 1985年建 | 2室1厅 | 57.5平米 | 南 北,https://ke-image.ljcdn.com/110000-inspection/pc1_CoB4zoBFU.jpg!m_fill,w_280,h_210,f_jpg?from=ke.com
20230527,朝阳,垡头,101118107000,金蝉北里21号院三居室南北朝向楼龄较新,389万,52075元/平,高楼层 (共6层) | 1992年建 | 3室1厅 | 74.7平米 | 南 北,https://ke-image.ljcdn.com/110000-inspection/pc1_tl16ibPEf.jpg!m_fill,w_280,h_210,f_jpg?from=ke.com
20230527,朝阳,垡头,101118105762,垡头西里三区 南北通透两居 高楼层视野好采光好,280万,44887元/平,高楼层 (共6层) 2室1厅 | 62.38平米 | 南 北,https://ke-image.ljcdn.com/110000-inspection/pc1_856UiqCut.jpg!m_fill,w_280,h_210,f_jpg?from=ke.com
20230527,朝阳,垡头,101118087441,西南向两居室 客厅有阳台 满五年,323万,45056元/平,低楼层 (共28层) | 2013年建 | 2室1厅 | 71.69平米 | 西南,https://ke-image.ljcdn.com/110000-inspection/27aa7ebb-b266-4da0-9542-a37acdd46f66_1000.jpg!m_fill,w_280,h_210,f_jpg?from=ke.com
20230527,朝阳,垡头,101118083653,金蝉北里 满五年唯一 低楼层 随时可签房主自荐,435万,47593元/平,低楼层 (共6层) | 1999年建 | 2室2厅 | 91.4平米 | 东 西,https://ke-image.ljcdn.com/110000-inspection/pc1_yig0xC071.jpg!m_fill,w_280,h_210,f_jpg?from=ke.com
20230527,朝阳,垡头,101118078066,【店长推荐】全明户型 楼层高采光好 满五唯一,342万,48027元/平,顶层 (共28层) | 2012年建 | 2室1厅 | 71.21平米 | 南,https://ke-image.ljcdn.com/110000-inspection/pc1_PkxVgDPPf.jpg!m_fill,w_280,h_210,f_jpg?from=ke.com
20230527,朝阳,垡头,101118074916,垡头北里南北通透两居室 楼龄新,265万,48759元/平,中楼层 (共6层) | 1990年建 | 2室1厅 | 54.35平米 | 南 北,https://ke-image.ljcdn.com/110000-inspection/pc1_udZYCiusu_3.jpg!m_fill,w_280,h_210,f_jpg?from=ke.com
20230527,朝阳,垡头,101118057464,金蝉北里 2室1厅 南 北,315万,54622元/平,中楼层 (共6层) | 1993年建 | 2室1厅 | 57.67平米 | 南 北,https://ke-image.ljcdn.com/110000-inspection/pc1_w0sn8IstC.jpg!m_fill,w_280,h_210,f_jpg?from=ke.com
20230527,朝阳,垡头,101118048485,视野开阔 客厅面4米居住舒适 商品房只有契税,429万,45952元/平,高楼层 (共28层) | 2009年建 | 2室1厅 | 93.36平米 | 西北,https://ke-image.ljcdn.com/110000-inspection/pc1_6CkqoWLjD.jpg!m_fill,w_280,h_210,f_jpg?from=ke.com
20230527,朝阳,垡头,101118042060,金蝉里正规三居室 二层出行便捷房主自荐,345万,49870元/平,低楼层 (共6层) | 1992年建 | 3室1厅 | 69.18平米 | 南 北,https://ke-image.ljcdn.com/110000-inspection/pc1_4Wm9OysjS.jpg!m_fill,w_280,h_210,f_jpg?from=ke.com
20230527,朝阳,垡头,101118010003,金蝉北里 正东向 大一居 户型方正,280万,44033元/平,底层 (共18层) | 2005年建 | 1室1厅 | 63.59平米 | 东,https://ke-image.ljcdn.com/110000-inspection/pc1_Dx7NXOsZx_1.jpg!m_fill,w_280,h_210,f_jpg?from=ke.com
20230527,朝阳,垡头,101118009442,垡头北里低楼层南北朝向全明格局,284万,46398元/平,底层 (共6层) | 1987年建 | 2室1厅 | 61.21平米 | 南 北,https://ke-image.ljcdn.com/110000-inspection/pc1_wOR7Qje7d.jpg!m_fill,w_280,h_210,f_jpg?from=ke.com
20230527,朝阳,垡头,101117991706,翠成馨园B区 满五年唯一商品房 南北通透正规两居房主自荐,405万,51844元/平,顶层 (共6层) | 2004年建 | 2室1厅 | 78.12平米 | 北 南,https://ke-image.ljcdn.com/110000-inspection/pc1_o4zwu6XH6.jpg!m_fill,w_280,h_210,f_jpg?from=ke.com
20230527,朝阳,垡头,101117989963,双合家园 南向无遮挡两居室 业主随时签约,406万,47237元/平,低楼层 (共22层) | 2013年建 | 2室1厅 | 85.95平米 | 南,https://ke-image.ljcdn.com/110000-inspection/pc1_GUGR46Huc.jpg!m_fill,w_280,h_210,f_jpg?from=ke.com
20230527,朝阳,垡头,101117969730,双合家园 南北通透两居室 业主随时可以签约。,389万,43305元/平,底层 (共22层) | 2013年建 | 2室2厅 | 89.83平米 | 南 北,https://ke-image.ljcdn.com/110000-inspection/pc1_Q8ZFmybiW.jpg!m_fill,w_280,h_210,f_jpg?from=ke.com
20230527,朝阳,垡头,101117937518,燕保祈东家园南北通透3居室看房字方便,410万,44682元/平,底层 (共21层) | 2021年建 | 2室1厅 | 91.76平米 | 南 北,https://ke-image.ljcdn.com/110000-inspection/pc1_687CRvTz0.jpg!m_fill,w_280,h_210,f_jpg?from=ke.com
20230527,朝阳,垡头,101117906801,满五唯一商品房 南北通透 精装修  一梯两户 近地铁,699万,48201元/平,中楼层 (共7层) | 2003年建 | 3室2厅 | 145.02平米 | 南 北,https://ke-image.ljcdn.com/110000-inspection/pc1_hLz8o2RTb_3.jpg!m_fill,w_280,h_210,f_jpg?from=ke.com
20230527,朝阳,垡头,101117904726,满五唯一份额转商视野采光好产权清晰随时签约,439万,45446元/平,中楼层 (共7层) | 2003年建 | 2室1厅 | 96.6平米 | 西 北,https://ke-image.ljcdn.com/110000-inspection/39f6b61d-2d9a-41c8-986c-aa2472295242_1000.jpg!m_fill,w_280,h_210,f_jpg?from=ke.com
20230527,朝阳,垡头,101117904081,东西通透  户型方正 配套齐全 随时签约房主自荐,336万,46429元/平,低楼层 (共6层) | 2004年建 | 1室1厅 | 72.37平米 | 东 西,https://ke-image.ljcdn.com/110000-inspection/1c5d9bd5-692c-4662-a473-21e92bfec679_1000.jpg!m_fill,w_280,h_210,f_jpg?from=ke.com
20230527,朝阳,垡头,101117903933,垡头翠成馨园A 大复式业主诚意出售,730万,39313元/平,高楼层 (共7层) | 2003年建 | 3室2厅 | 185.69平米 | 南 北,https://ke-image.ljcdn.com/110000-inspection/pc1_umxRTpXgY.jpg!m_fill,w_280,h_210,f_jpg?from=ke.com
20230527,朝阳,垡头,101117891284,东四环地铁垡头站翠成馨园满五年西南两居室有电梯,343万,46788元/平,低楼层 (共28层) | 2011年建 | 2室1厅 | 73.31平米 | 西南,https://ke-image.ljcdn.com/110000-inspection/pc1_pgCLhXwPk.jpg!m_fill,w_280,h_210,f_jpg?from=ke.com
20230527,朝阳,垡头,101117891063,东南四环边 精装修两居 满五年唯一 看房随时方便,385万,46549元/平,底层 (共28层) | 2009年建 | 2室1厅 | 82.71平米 | 东南,https://ke-image.ljcdn.com/110000-inspection/1e29cc84-8513-42af-9893-a03c58965cf7_1000.jpg!m_fill,w_280,h_210,f_jpg?from=ke.com
20230527,朝阳,垡头,101117885932,翠成馨园 精装南北两居拎包住 高楼层采光好一梯两户,565万,64285元/平,中楼层 (共11层) | 2007年建 | 2室1厅 | 87.89平米 | 南 北,https://ke-image.ljcdn.com/110000-inspection/pc1_eCXhmQzaL.jpg!m_fill,w_280,h_210,f_jpg?from=ke.com
20230527,朝阳,垡头,101117881515,东南四环 朝阳区 欢乐谷 西南两居,365万,50380元/平,底层 (共28层) | 2011年建 | 2室1厅 | 72.45平米 | 西南,https://ke-image.ljcdn.com/110000-inspection/08680e68-fb89-46da-966e-27887bc43da6_1000.jpg!m_fill,w_280,h_210,f_jpg?from=ke.com
20230527,朝阳,垡头,101117879172,燕保祈东家园 南北通透三居室 业主诚心出售 商品房,410万,43195元/平,中楼层 (共28层) 3室1厅 | 94.92平米 | 南 北,https://ke-image.ljcdn.com/110000-inspection/pc1_agTpMBm3w.jpg!m_fill,w_280,h_210,f_jpg?from=ke.com
20230527,朝阳,垡头,101117875861,金蝉北里21号院全南向精装修采光好户型方正,276万,49507元/平,高楼层 (共6层) | 1992年建 | 2室1厅 | 55.75平米 | 南,https://ke-image.ljcdn.com/110000-inspection/pc1_qbqSEGuYr.jpg!m_fill,w_280,h_210,f_jpg?from=ke.com
20230527,朝阳,垡头,101117875695,焦化厂大院满五唯一中间层。,290万,48921元/平,中楼层 (共18层) | 1998年建 | 1室1厅 | 59.28平米 | 南,https://ke-image.ljcdn.com/110000-inspection/pc1_Z1uVJ159o_3.jpg!m_fill,w_280,h_210,f_jpg?from=ke.com
20230527,朝阳,垡头,101117872152,翠成馨园A区 满五唯一商品房 一层 明厨明卫 南北通透,684万,52942元/平,底层 (共14层) | 2007年建 | 3室1厅 | 129.2平米 | 南 北,https://ke-image.ljcdn.com/110000-inspection/pc1_QOo3Z8rg5_3.jpg!m_fill,w_280,h_210,f_jpg?from=ke.com
20230527,朝阳,垡头,101117871356,垡头西里二区 东南向 带电梯 大两居 视野无遮挡,280万,48654元/平,低楼层 (共13层) | 1983年建 | 2室1厅 | 57.55平米 | 东南,https://ke-image.ljcdn.com/110000-inspection/pc1_6cFMxLDG8_2.jpg!m_fill,w_280,h_210,f_jpg?from=ke.com
20230527,朝阳,垡头,101117870428,垡头二区小三居低楼层配套齐全,305万,49170元/平,低楼层 (共6层) | 1983年建 | 3室1厅 | 62.03平米 | 南 北,https://ke-image.ljcdn.com/110000-inspection/pc1_OvN8ScyP3.jpg!m_fill,w_280,h_210,f_jpg?from=ke.com
20230527,朝阳,垡头,101117855332,金蝉里  正规一居室  中间楼层 视野开阔 房龄新,285万,53043元/平,中楼层 (共21层) 1室1厅 | 53.73平米 | 北,https://ke-image.ljcdn.com/110000-inspection/9a8b018f-049b-4cd1-9ffb-96d28c7d25d9_1000.jpg!m_fill,w_280,h_210,f_jpg?from=ke.com
20230527,朝阳,垡头,101117825844,7号线垡头地铁站（百度查询100米）南北通透大两居,489万,56967元/平,中楼层 (共16层) | 2009年建 | 2室1厅 | 85.84平米 | 南 北,https://ke-image.ljcdn.com/110000-inspection/pc1_tRUhlRcmk.jpg!m_fill,w_280,h_210,f_jpg?from=ke.com
20230527,朝阳,垡头,101117800594,金蝉北里精装修满五年唯一商品房房主自荐,309万,42237元/平,顶层 (共7层) | 1995年建 | 2室1厅 | 73.16平米 | 南 北,https://ke-image.ljcdn.com/110000-inspection/pc1_EuKi0n7yV.jpg!m_fill,w_280,h_210,f_jpg?from=ke.com
20230527,朝阳,垡头,101117790000,垡头翠成馨园正规两居室  商品房本,470万,49647元/平,中楼层 (共16层) | 2005年建 | 2室1厅 | 94.67平米 | 东北,https://ke-image.ljcdn.com/110000-inspection/pc1_xCJ7uZSmT.jpg!m_fill,w_280,h_210,f_jpg?from=ke.com
20230527,朝阳,垡头,101117784368,垡头西里一区满五唯一中间楼层三居室。,400万,49746元/平,中楼层 (共6层) | 1984年建 | 3室1厅 | 80.41平米 | 南 北,https://ke-image.ljcdn.com/110000-inspection/pc1_1A2ViW2Gv.jpg!m_fill,w_280,h_210,f_jpg?from=ke.com
20230527,朝阳,垡头,101117782527,金蝉里全明格局小户型一居室精装婚房装修,268万,49603元/平,高楼层 (共21层) | 2006年建 | 1室1厅 | 54.03平米 | 西南 北,https://ke-image.ljcdn.com/110000-inspection/pc1_ioyhEplje_3.jpg!m_fill,w_280,h_210,f_jpg?from=ke.com
20230527,朝阳,垡头,101117739078,金蝉里南向一居室业主诚意出售,195万,49368元/平,顶层 (共6层) | 1986年建 | 1室1厅 | 39.5平米 | 南,https://ke-image.ljcdn.com/110000-inspection/4a025620-ec64-4da1-85a7-c1f6bcad5e32_1000.jpg!m_fill,w_280,h_210,f_jpg?from=ke.com
20230527,朝阳,垡头,101117724563,金蝉北里西南两居室中间楼层有电梯,359万,45652元/平,中楼层 (共18层) | 1993年建 | 2室1厅 | 78.64平米 | 西南,https://ke-image.ljcdn.com/110000-inspection/pc1_gmMDfo19T_3.jpg!m_fill,w_280,h_210,f_jpg?from=ke.com
20230527,朝阳,垡头,101117695515,房子是2006年的楼龄比较新小区安静。,430万,45102元/平,低楼层 (共21层) | 2006年建 | 2室2厅 | 95.34平米 | 西南,https://ke-image.ljcdn.com/110000-inspection/ad85cfc3-e78a-4739-b00e-07b85764f1a0_1000.jpg!m_fill,w_280,h_210,f_jpg?from=ke.com
20230527,朝阳,垡头,101117139581,翠成馨园B区商品房位置好近公园交通便利,499万,48518元/平,低楼层 (共21层) | 2004年建 | 2室1厅 | 102.85平米 | 东南,https://ke-image.ljcdn.com/110000-inspection/pc1_LBWELyZGh.jpg!m_fill,w_280,h_210,f_jpg?from=ke.com
20230527,朝阳,垡头,101117122048,金蝉北里两居带电梯满五唯一,343万,49346元/平,低楼层 (共18层) | 1998年建 | 2室1厅 | 69.51平米 | 西 北,https://ke-image.ljcdn.com/110000-inspection/pc1_XSJayCycZ_1.jpg!m_fill,w_280,h_210,f_jpg?from=ke.com
20230527,朝阳,垡头,101117074928,翠成馨园A区 南北两居室 中间层 位置好,518万,51000元/平,中楼层 (共14层) | 2006年建 | 2室1厅 | 101.57平米 | 南 北,https://ke-image.ljcdn.com/110000-inspection/pc1_SCiDLicXZ.jpg!m_fill,w_280,h_210,f_jpg?from=ke.com
20230527,朝阳,垡头,101116986566,垡头北里小区高楼层采光好无遮挡南北通透,263万,45613元/平,高楼层 (共6层) | 1988年建 | 2室1厅 | 57.66平米 | 南 北,https://ke-image.ljcdn.com/110000-inspection/pc1_rXwX6LGcH.jpg!m_fill,w_280,h_210,f_jpg?from=ke.com
20230527,朝阳,垡头,101116386463,双合家园 中高楼层 诚意出售 满五年唯一,390万,44833元/平,中楼层 (共22层) | 2013年建 | 2室1厅 | 86.99平米 | 南,https://ke-image.ljcdn.com/110000-inspection/e35a25c0-af08-40c5-bd51-f3b473475466_1000.jpg!m_fill,w_280,h_210,f_jpg?from=ke.com
20230527,朝阳,垡头,101116269249,房子户型东西南北 满五年 采光好,312万,45950元/平,中楼层 (共6层) | 1984年建 | 2室1厅 | 67.9平米 | 东 南 西 北,https://ke-image.ljcdn.com/110000-inspection/pc1_KhrtqWKdO_3.jpg!m_fill,w_280,h_210,f_jpg?from=ke.com
20230527,朝阳,垡头,101115416521,店长推荐 精装南北复式大两居 南向客厅 双卫,440万,37727元/平,低楼层 (共24层) | 2009年建 | 2室2厅 | 116.63平米 | 南 北,https://ke-image.ljcdn.com/110000-inspection/prod-5e75d7fe-a8f4-426f-818a-a4909737afc1.jpg!m_fill,w_280,h_210,f_jpg?from=ke.com
20230527,朝阳,垡头,101115224735,翠成馨园  南北通透2居室 高层采光视野好,430万,50816元/平,顶层 (共16层) | 2006年建 | 2室1厅 | 84.62平米 | 南 北,https://ke-image.ljcdn.com/110000-inspection/pc1_1hcE2ygmx_2.jpg!m_fill,w_280,h_210,f_jpg?from=ke.com
20230527,朝阳,垡头,101113629930,翠成馨园B区 落地窗一居 中间楼层 采光好房主自荐,334万,46832元/平,低楼层 (共21层) | 2004年建 | 1室1厅 | 71.32平米 | 东北,https://ke-image.ljcdn.com/110000-inspection/pc1_yjxASJa6d_3.jpg!m_fill,w_280,h_210,f_jpg?from=ke.com
20230527,朝阳,垡头,101119455845,翠成馨园B区 2室2厅 南 北,405万,52057元/平,顶层 (共6层) | 2004年建 | 2室2厅 | 77.8平米 | 南 北,https://s1.ljcdn.com/pegasus/redskull/images/common/default_house_list.png?_v=20230517173317
20230527,朝阳,垡头,101119444536,垡头西里 2室1厅 南,190万,43026元/平,中楼层 (共4层) | 1957年建 | 2室1厅 | 44.16平米 | 南,https://s1.ljcdn.com/pegasus/redskull/images/common/default_house_list.png?_v=20230517173317
20230527,朝阳,垡头,101119429314,双合家园南向透两居室户型方正随时签约新上,389万,45160元/平,中楼层 (共20层) | 2013年建 | 2室1厅 | 86.14平米 | 南,https://s1.ljcdn.com/pegasus/redskull/images/common/default_house_list.png?_v=20230517173317
20230527,朝阳,垡头,101119410143,楼龄新带电梯满五唯一前后不临街新上,315万,43891元/平,低楼层 (共24层) | 2014年建 | 2室1厅 | 71.77平米 | 南,https://s1.ljcdn.com/pegasus/redskull/images/common/default_house_list.png?_v=20230517173317
20230527,朝阳,垡头,101119408272,燕保祈东家园 2室1厅 南新上,350万,43954元/平,中楼层 (共28层) | 2021年建 | 2室1厅 | 79.63平米 | 南,https://s1.ljcdn.com/pegasus/redskull/images/common/default_house_list.png?_v=20230517173317
20230527,朝阳,垡头,101119396876,格林莱雅满五唯一南北通透3室2厅2卫前后不临街新上,970万,65634元/平,中楼层 (共17层) | 2009年建 | 3室1厅 | 147.79平米 | 南 北,https://s1.ljcdn.com/pegasus/redskull/images/common/default_house_list.png?_v=20230517173317
20230527,朝阳,垡头,101119355763,建工·双合家园满五唯一南北通透全明格局三居室新上,419万,46324元/平,中楼层 (共22层) | 2013年建 | 3室1厅 | 90.45平米 | 北 南,https://s1.ljcdn.com/pegasus/redskull/images/common/default_house_list.png?_v=20230517173317
20230527,朝阳,垡头,101119346661,翠成馨园D区 2室1厅 西南新上,380万,53014元/平,高楼层 (共28层) | 2014年建 | 2室1厅 | 71.68平米 | 西南,https://s1.ljcdn.com/pegasus/redskull/images/common/default_house_list.png?_v=20230517173317
20230527,朝阳,垡头,101119342401,南向一居室中层采光无遮挡视野开阔新上,275万,45956元/平,中楼层 (共28层) 1室1厅 | 59.84平米 | 南,https://s1.ljcdn.com/pegasus/redskull/images/common/default_house_list.png?_v=20230517173317
20230527,朝阳,垡头,101119338251,翠成馨园A区满北通透三居小区中间无遮挡新上,580万,46741元/平,中楼层 (共6层) | 2003年建 | 3室2厅 | 124.09平米 | 南 北,https://s1.ljcdn.com/pegasus/redskull/images/common/default_house_list.png?_v=20230517173317
20230527,朝阳,垡头,101119296664,燕保祈东家园二期 全南向采光视野好,375万,47614元/平,中楼层 (共28层) 2室2厅 | 78.76平米 | 南 北,https://s1.ljcdn.com/pegasus/redskull/images/common/default_house_list.png?_v=20230517173317
20230527,朝阳,垡头,101119289314,本房南北通透正规三居室小区绿化环境好,425万,43924元/平,中楼层 (共27层) 3室2厅 | 96.76平米 | 南 北,https://s1.ljcdn.com/pegasus/redskull/images/common/default_house_list.png?_v=20230517173317
20230527,朝阳,垡头,101119283488,垡头翠成馨园A区板楼南北通透两居室前后不临街。房主自荐,409万,51675元/平,顶层 (共6层) | 2003年建 | 2室1厅 | 79.15平米 | 南 北,https://ke-image.ljcdn.com/110000-inspection/5ae9bfd3-cf6a-4914-afb4-88ba266b97ae.png!m_fill,w_280,h_210,f_jpg?from=ke.com
20230527,朝阳,垡头,101119253944,近地铁业主靠谱出售随时签约,319万,44842元/平,低楼层 (共22层) | 2013年建 | 1室1厅 | 71.14平米 | 东 北,https://s1.ljcdn.com/pegasus/redskull/images/common/default_house_list.png?_v=20230517173317
20230527,朝阳,垡头,101119201423,翠成馨园B区 南北通透大两居 满五年唯一 精装修,620万,51397元/平,中楼层 (共6层) | 2004年建 | 2室2厅 | 120.63平米 | 南 北,https://s1.ljcdn.com/pegasus/redskull/images/common/default_house_list.png?_v=20230517173317
20230527,朝阳,垡头,101119186019,翠成馨园A区 1室1厅 西,380万,53454元/平,底层 (共14层) | 2007年建 | 1室1厅 | 71.09平米 | 西,https://s1.ljcdn.com/pegasus/redskull/images/common/default_house_list.png?_v=20230517173317
20230527,朝阳,垡头,101119172178,燕保祈东家园 高楼层 视野好 正规一室一厅,279万,46408元/平,高楼层 (共28层) 1室1厅 | 60.12平米 | 南,https://s1.ljcdn.com/pegasus/redskull/images/common/default_house_list.png?_v=20230517173317
20230527,朝阳,垡头,101119172118,燕保祈东家园 高楼层 视野好 诚意出售,379万,47070元/平,高楼层 (共28层) 2室1厅 | 80.52平米 | 南 北,https://s1.ljcdn.com/pegasus/redskull/images/common/default_house_list.png?_v=20230517173317
20230527,朝阳,垡头,101119138005,燕保祈东家园二期 人车分流 2017次新房 通透格局,356万,44197元/平,低楼层 (共28层) 2室1厅 | 80.55平米 | 南 北,https://s1.ljcdn.com/pegasus/redskull/images/common/default_house_list.png?_v=20230517173317
20230527,朝阳,垡头,101119126438,7号线 南北通透 高楼层 高视野 明厨明卫南北两居,388万,48494元/平,中楼层 (共28层) 2室1厅 | 80.01平米 | 南 北,https://s1.ljcdn.com/pegasus/redskull/images/common/default_house_list.png?_v=20230517173317
20230527,朝阳,垡头,101119098246,2017年的次新房小区环境好人车分流电梯入库板楼,350万,43745元/平,顶层 (共28层) 2室1厅 | 80.01平米 | 南 北,https://s1.ljcdn.com/pegasus/redskull/images/common/default_house_list.png?_v=20230517173317
20230527,朝阳,垡头,101119039274,高楼层采光充足视野好无遮挡小区环境好,327万,43583元/平,高楼层 (共28层) 2室1厅 | 75.03平米 | 南,https://s1.ljcdn.com/pegasus/redskull/images/common/default_house_list.png?_v=20230517173317
20230527,朝阳,垡头,101118974005,双合家园全南向 商品房 精装修无遮挡房主自荐,288万,52431元/平,中楼层 (共22层) | 2013年建 | 1室1厅 | 54.93平米 | 南,https://s1.ljcdn.com/pegasus/redskull/images/common/default_house_list.png?_v=20230517173317
20230527,朝阳,垡头,101118961601,商品房 高层视野好 一梯两户 南北通透,550万,63813元/平,高楼层 (共11层) | 2007年建 | 2室2厅 | 86.19平米 | 南 北,https://s1.ljcdn.com/pegasus/redskull/images/common/default_house_list.png?_v=20230517173317
20230527,朝阳,垡头,101118942270,欢乐谷 焦化厂 燕保祈东家园 南北两居,355万,44243元/平,低楼层 (共28层) | 2021年建 | 2室1厅 | 80.24平米 | 南 北,https://s1.ljcdn.com/pegasus/redskull/images/common/default_house_list.png?_v=20230517173317
20230527,朝阳,垡头,101118935717,翠成馨园E区 精装三居 满五唯一 诚意出售,420万,43210元/平,低楼层 (共21层) 3室1厅 | 97.2平米 | 南 西 北,https://s1.ljcdn.com/pegasus/redskull/images/common/default_house_list.png?_v=20230517173317
20230527,朝阳,垡头,101118929319,垡头西里三区中间楼层南北通透两居室,290万,47588元/平,中楼层 (共6层) | 1983年建 | 2室1厅 | 60.94平米 | 南 北,https://s1.ljcdn.com/pegasus/redskull/images/common/default_house_list.png?_v=20230517173317
20230527,朝阳,垡头,101118866885,欢乐谷垡头西里两居室 中间楼层,299万,52818元/平,中楼层 (共6层) | 1983年建 | 2室1厅 | 56.61平米 | 南,https://s1.ljcdn.com/pegasus/redskull/images/common/default_house_list.png?_v=20230517173317
20230527,朝阳,垡头,101118828379,房子全南向没有遮挡小区内安静。,359万,45306元/平,低楼层 (共28层) 2室1厅 | 79.24平米 | 南,https://s1.ljcdn.com/pegasus/redskull/images/common/default_house_list.png?_v=20230517173317
20230527,朝阳,垡头,101118819122,店长推荐翠成馨园E区三居室好楼层！满五唯一！,429万,44264元/平,中楼层 (共28层) 3室1厅 | 96.92平米 | 西 北,https://s1.ljcdn.com/pegasus/redskull/images/common/default_house_list.png?_v=20230517173317
20230527,朝阳,垡头,101118774113,东南向两居室 业主急售 楼层佳视野好,280万,47218元/平,低楼层 (共28层) 1室1厅 | 59.3平米 | 东 南,https://s1.ljcdn.com/pegasus/redskull/images/common/default_house_list.png?_v=20230517173317
20230527,朝阳,垡头,101118734337,次新房人车分流 南向正规一居 高楼层 采光好环境好,262万,43755元/平,低楼层 (共28层) 1室1厅 | 59.88平米 | 南,https://s1.ljcdn.com/pegasus/redskull/images/common/default_house_list.png?_v=20230517173317
20230527,朝阳,垡头,101118650390,翠成馨园C区 3室2厅 南 北,675万,52485元/平,中楼层 (共18层) | 2006年建 | 3室2厅 | 128.61平米 | 南 北,https://ke-image.ljcdn.com/110000-inspection/b2a18116-330c-4c74-8c00-86bbd5a646c4.jpeg!m_fill,w_280,h_210,f_jpg?from=ke.com
20230527,朝阳,垡头,101118639122,格林莱雅地下车位诚意出售进出方便,28万,5123元/平,地下室 (共1层) 1室0厅 | 54.66平米 | 西,https://s1.ljcdn.com/pegasus/redskull/images/common/default_house_list.png?_v=20230517173317
20230527,朝阳,垡头,101118575155,欢乐谷垡头西里二区 带电梯两居室,259万,45005元/平,低楼层 (共13层) | 1983年建 | 2室1厅 | 57.55平米 | 西南,https://s1.ljcdn.com/pegasus/redskull/images/common/default_house_list.png?_v=20230517173317
20230527,朝阳,垡头,101118378306,翠成馨园B区 东边户明卫 安静不临街 满五唯一,570万,46293元/平,高楼层 (共6层) | 2004年建 | 3室2厅 | 123.13平米 | 南 北,https://ke-image.ljcdn.com/110000-inspection/6d4c31b0-a3e3-4680-81ff-ae133dc05a1d.png!m_fill,w_280,h_210,f_jpg?from=ke.com
20230527,朝阳,垡头,101117910868,房子是翠成馨园的三居回迁房本户型好价格低,383万,39396元/平,中楼层 (共24层) 3室1厅 | 97.22平米 | 南 西北,https://s1.ljcdn.com/pegasus/redskull/images/common/default_house_list.png?_v=20230517173317
20230527,朝阳,垡头,101117879810,近地铁 双合南向两居室  无遮挡 诚意出售 满五年,370万,43029元/平,低楼层 (共20层) | 2013年建 | 2室1厅 | 85.99平米 | 南,https://s1.ljcdn.com/pegasus/redskull/images/common/default_house_list.png?_v=20230517173317
20230527,朝阳,垡头,101117798581,7号线双合 南北通透 近地铁 满五年唯一 随时签约,380万,42511元/平,低楼层 (共20层) | 2013年建 | 2室1厅 | 89.39平米 | 南 北,https://s1.ljcdn.com/pegasus/redskull/images/common/default_house_list.png?_v=20230517173317
20230527,朝阳,垡头,101117625314,格林莱雅 南北通透 两居两卫 高楼层,780万,72789元/平,高楼层 (共17层) | 2009年建 | 2室1厅 | 107.16平米 | 南 北,https://s1.ljcdn.com/pegasus/redskull/images/common/default_house_list.png?_v=20230517173317
20230527,朝阳,垡头,101117003459,格林莱雅 车位,32万,6107元/平,地下室 (共1层) | 2009年建 | 1室0厅 | 52.4平米 | 东 西,https://s1.ljcdn.com/pegasus/redskull/images/common/default_house_list.png?_v=20230517173317
20230527,朝阳,垡头,101116220472,翠成馨园C区 南向落地窗两居 满五唯一 到地铁300米,486万,52867元/平,中楼层 (共18层) | 2006年建 | 2室1厅 | 91.93平米 | 南,https://ke-image.ljcdn.com/110000-inspection/c89b6b08-4cc7-438b-b2c0-ccb4e0926d54.png!m_fill,w_280,h_210,f_jpg?from=ke.com
20230527,朝阳,垡头,101116212141,格林莱雅 南北通透三居高楼层 采光好视野好,970万,65594元/平,高楼层 (共17层) | 2009年建 | 3室1厅 | 147.88平米 | 南 北,https://s1.ljcdn.com/pegasus/redskull/images/common/default_house_list.png?_v=20230517173317
