20230527,朝阳,亮马桥,101119377409,顺源里小区 南北通透田字格三居室 低楼层满五年必看好房,570万,82789元/平,低楼层 (共6层) 3室1厅 | 68.85平米 | 南 北,https://ke-image.ljcdn.com/110000-inspection/018b4ea1-2367-4b96-be88-e3c503da2ff3_1000.jpg!m_fill,w_280,h_210,f_jpg?from=ke.com
20230527,朝阳,亮马桥,101119356045,新源南路 高层南向两居 大阳台 采光充足 满五唯一必看好房,489万,77620元/平,中楼层 (共17层) 2室1厅 | 63平米 | 南,https://ke-image.ljcdn.com/110000-inspection/708a70f9-2985-4a8a-b7d5-156ddf8c33f2_1000.jpg!m_fill,w_280,h_210,f_jpg?from=ke.com
20230527,朝阳,亮马桥,101119318696,三源里南小街 中粮家属楼 精装修满五年必看好房,477万,76235元/平,高楼层 (共6层) | 1983年建 | 2室1厅 | 62.57平米 | 南 北,https://ke-image.ljcdn.com/110000-inspection/29152905-c592-468a-a036-389bab4ad0ed_1000.jpg!m_fill,w_280,h_210,f_jpg?from=ke.com
20230527,朝阳,亮马桥,101118929967,三源里生态小区电梯中楼层南向小两居带电梯采光佳必看好房,395万,74249元/平,中楼层 (共12层) 2室1厅 | 53.2平米 | 东南,https://ke-image.ljcdn.com/110000-inspection/c6f219c4-798b-4850-93dc-b8ef4edd5bc9_1000.jpg!m_fill,w_280,h_210,f_jpg?from=ke.com
20230527,朝阳,亮马桥,101118836657,三源里街 化工部家属楼 三层 南北通透必看好房,475万,80742元/平,中楼层 (共6层) | 1983年建 | 2室1厅 | 58.83平米 | 南 北,https://ke-image.ljcdn.com/110000-inspection/pc1_A8QwXRcRF.jpg!m_fill,w_280,h_210,f_jpg?from=ke.com
20230527,朝阳,亮马桥,101119262632,双南向采光充足面对公园交通便利。必看好房,365万,65156元/平,顶层 (共6层) | 1983年建 | 2室1厅 | 56.02平米 | 东南,https://ke-image.ljcdn.com/110000-inspection/pc1_JNEPOmBLp_2.jpg!m_fill,w_280,h_210,f_jpg?from=ke.com
20230527,朝阳,亮马桥,101119175482,新源里西 1994年  楼龄新  看房方便,438万,78863元/平,高楼层 (共6层) | 1994年建 | 2室1厅 | 55.54平米 | 西南 东北,https://ke-image.ljcdn.com/110000-inspection/pc1_v5mfSKMP1.jpg!m_fill,w_280,h_210,f_jpg?from=ke.com
20230527,朝阳,亮马桥,101119066515,三源里街新上带电梯两居室楼层视野无遮挡看房方便必看好房,490万,74753元/平,高楼层 (共12层) 2室1厅 | 65.55平米 | 南 北,https://ke-image.ljcdn.com/110000-inspection/pc1_avw5MWExA_2.jpg!m_fill,w_280,h_210,f_jpg?from=ke.com
20230527,朝阳,亮马桥,101119030418,中间楼层南北通透配套设施齐全交通便利。必看好房,470万,75418元/平,低楼层 (共6层) 3室1厅 | 62.32平米 | 南 北,https://ke-image.ljcdn.com/110000-inspection/pc1_KL976N3lZ.jpg!m_fill,w_280,h_210,f_jpg?from=ke.com
20230527,朝阳,亮马桥,101118670475,三源里南小街 带电梯通透两居室 配套齐全 交通便利必看好房,408万,76405元/平,中楼层 (共12层) 2室1厅 | 53.4平米 | 西南,https://ke-image.ljcdn.com/110000-inspection/pc1_C6Ne7RFhH_2.jpg!m_fill,w_280,h_210,f_jpg?from=ke.com
20230527,朝阳,亮马桥,101118552493,新源街 低楼层一居室 配套齐全 交通便利必看好房,306万,82838元/平,低楼层 (共6层) | 1980年建 | 1室1厅 | 36.94平米 | 西南,https://ke-image.ljcdn.com/110000-inspection/pc1_mfZf5jO4T_2.jpg!m_fill,w_280,h_210,f_jpg?from=ke.com
20230527,朝阳,亮马桥,101118546298,亮马桥 中间楼层两居室  小区新改造 不临街,370万,73239元/平,中楼层 (共5层) 2室1厅 | 50.52平米 | 南 北,https://ke-image.ljcdn.com/110000-inspection/8c488b4d-3887-4a33-9de0-0bf27c77c116_1000.jpg!m_fill,w_280,h_210,f_jpg?from=ke.com
20230527,朝阳,亮马桥,101118374349,正南正北 精装修 近地铁  亮马河 管理好必看好房,470万,83556元/平,高楼层 (共6层) | 1980年建 | 2室1厅 | 56.25平米 | 南 北,https://ke-image.ljcdn.com/110000-inspection/pc1_PcHARHyxo.jpg!m_fill,w_280,h_210,f_jpg?from=ke.com
20230527,朝阳,亮马桥,101118291680,南向一居室采光充足配套设施齐全交通便利,314万,85816元/平,低楼层 (共6层) | 1983年建 | 1室1厅 | 36.59平米 | 南,https://ke-image.ljcdn.com/110000-inspection/9dd6dc38-77cf-4b43-b5e1-74df7c0a0061_1000.jpg!m_fill,w_280,h_210,f_jpg?from=ke.com
20230527,朝阳,亮马桥,101118285608,1991年 独门独院管理好 明厨明卫 双阳台房主自荐,489万,77215元/平,顶层 (共6层) | 1991年建 | 2室1厅 | 63.33平米 | 西南,https://ke-image.ljcdn.com/110000-inspection/pc1_ELGPprirk.jpg!m_fill,w_280,h_210,f_jpg?from=ke.com
20230527,朝阳,亮马桥,101118121935,新源街 1室1厅 东南必看好房,308万,84177元/平,中楼层 (共6层) 1室1厅 | 36.59平米 | 东南,https://ke-image.ljcdn.com/110000-inspection/5ce4b353-2c79-4dcf-9496-dbd73e25581b_1000.jpg!m_fill,w_280,h_210,f_jpg?from=ke.com
20230527,朝阳,亮马桥,101117668542,亮马桥中间层南北通透两居室满五唯一房主自荐,455万,85000元/平,中楼层 (共6层) | 1982年建 | 2室1厅 | 53.53平米 | 南 北,https://ke-image.ljcdn.com/110000-inspection/c3f79521-d20c-4552-b35b-0d2e573c5c1d_1000.jpg!m_fill,w_280,h_210,f_jpg?from=ke.com
20230527,朝阳,亮马桥,101117578143,三源里街 南北通透三居室  视野开阔 采光充足房主自荐,563万,69843元/平,顶层 (共6层) 3室1厅 | 80.61平米 | 南 北,https://ke-image.ljcdn.com/110000-inspection/pc1_nVCPWz9h6.jpg!m_fill,w_280,h_210,f_jpg?from=ke.com
20230527,朝阳,亮马桥,101117489407,新源里西 南北通透两居室 明厨明卫低楼层房主自荐,469万,80585元/平,底层 (共6层) 2室1厅 | 58.2平米 | 南 北,https://ke-image.ljcdn.com/110000-inspection/pc1_t0Z7qVT0d.jpg!m_fill,w_280,h_210,f_jpg?from=ke.com
20230527,朝阳,亮马桥,101117384621,此房满五年南北通透带电梯的中楼层。,495万,76154元/平,中楼层 (共12层) 2室1厅 | 65平米 | 南 北,https://ke-image.ljcdn.com/110000-inspection/d6e11a56-4bad-4627-9dcc-05b7a49e94fd_1000.jpg!m_fill,w_280,h_210,f_jpg?from=ke.com
20230527,朝阳,亮马桥,101116465526,三环里 三元桥 低楼层央产 牛王庙两居必看好房,360万,72479元/平,中楼层 (共5层) | 1977年建 | 2室1厅 | 49.67平米 | 东南,https://ke-image.ljcdn.com/110000-inspection/pc1_cXvhR62PX_2.jpg!m_fill,w_280,h_210,f_jpg?from=ke.com
20230527,朝阳,亮马桥,101114892141,北京公馆 方正两居室 全景落地窗房主自荐,1480万,74023元/平,低楼层 (共29层) | 2008年建 | 2室1厅 | 199.94平米 | 西,https://ke-image.ljcdn.com/110000-inspection/pc1_7wfPSBHXp_1.jpg!m_fill,w_280,h_210,f_jpg?from=ke.com
20230527,朝阳,亮马桥,101112310826,满五年唯一住房南北通透楼层好配套设施齐全。必看好房,1399万,74829元/平,高楼层 (共7层) | 2008年建 | 3室2厅 | 186.96平米 | 南 北,https://ke-image.ljcdn.com/110000-inspection/87619bf7-3b2f-4b5b-ab11-fd4d9209ab3e_1000.jpg!m_fill,w_280,h_210,f_jpg?from=ke.com
20230527,朝阳,亮马桥,101118603670,带电梯 近地铁 满五年唯一 户型方正必看好房,480万,73824元/平,低楼层 (共12层) | 1984年建 | 2室1厅 | 65.02平米 | 南 北,https://ke-image.ljcdn.com/110000-inspection/173ebe03-d477-4655-aef0-80490d5346ee_1000.jpg!m_fill,w_280,h_210,f_jpg?from=ke.com
20230527,朝阳,亮马桥,101118234377,世方豪庭 精装修 西南朝向采光充足,1250万,78935元/平,低楼层 (共20层) 3室1厅 | 158.36平米 | 西南,https://ke-image.ljcdn.com/110000-inspection/pc1_yMEXOcthb_2.jpg!m_fill,w_280,h_210,f_jpg?from=ke.com
20230527,朝阳,亮马桥,101116124397,燕莎区域  08年商品房  全景落地窗 高楼层 视野好,2200万,74327元/平,中楼层 (共29层) | 2008年建 | 3室1厅 | 295.99平米 | 东 西 北,https://ke-image.ljcdn.com/110000-inspection/pc1_fCJWyHG0v_2.jpg!m_fill,w_280,h_210,f_jpg?from=ke.com
20230527,朝阳,亮马桥,101115389784,北京公馆  高层 精装  两室  带大阳台房主自荐,1650万,106390元/平,中楼层 (共29层) 2室1厅 | 155.09平米 | 西,https://ke-image.ljcdn.com/110000-inspection/pc1_ckUKoI5Dr_2.jpg!m_fill,w_280,h_210,f_jpg?from=ke.com
20230527,朝阳,亮马桥,101114857178,北京公馆 超大平层 居住舒适 精装修 一层一户房主自荐,2700万,118261元/平,高楼层 (共29层) 3室2厅 | 228.31平米 | 东 南 西,https://ke-image.ljcdn.com/110000-inspection/pc1_xoE3tE9v1.jpg!m_fill,w_280,h_210,f_jpg?from=ke.com
20230527,朝阳,亮马桥,101114743010,北京公馆 大两居室 落地窗  大阳台,1660万,104851元/平,低楼层 (共29层) | 2008年建 | 2室1厅 | 158.32平米 | 西,https://ke-image.ljcdn.com/110000-inspection/a81fa02b-f688-4f13-9469-b5841e57e2a7_1000.jpg!m_fill,w_280,h_210,f_jpg?from=ke.com
20230527,朝阳,亮马桥,101119312139,新源南路 大两居 有电梯 满五年 配套齐全,480万,74732元/平,低楼层 (共16层) 2室1厅 | 64.23平米 | 东北,https://ke-image.ljcdn.com/110000-inspection/fbea609d-93ea-4fe0-b2b5-cf13101ca3c0_1000.jpg!m_fill,w_280,h_210,f_jpg?from=ke.com
20230527,朝阳,亮马桥,101119263120,三源里街小区 交通便利 居住舒适,415万,81693元/平,低楼层 (共12层) 2室1厅 | 50.8平米 | 南 北,https://ke-image.ljcdn.com/110000-inspection/de031923-4f38-4052-92d0-5d587b5642df_1000.jpg!m_fill,w_280,h_210,f_jpg?from=ke.com
20230527,朝阳,亮马桥,101119257591,三源里街 两居室 化工部管理好  有电梯 不临街,396万,89593元/平,底层 (共12层) 2室1厅 | 44.2平米 | 南,https://ke-image.ljcdn.com/110000-inspection/pc1_knB5iAoEC.jpg!m_fill,w_280,h_210,f_jpg?from=ke.com
20230527,朝阳,亮马桥,101119247225,新源街小区 满五唯一商品房 中间层南北通透,462万,80699元/平,中楼层 (共6层) | 1982年建 | 3室1厅 | 57.25平米 | 西南 东北,https://ke-image.ljcdn.com/110000-inspection/pc1_YAJMNwBKp_1.jpg!m_fill,w_280,h_210,f_jpg?from=ke.com
20230527,朝阳,亮马桥,101119220355,三源里生态小区中间层一居室不临街！无遮挡！,355万,84004元/平,中楼层 (共6层) | 1994年建 | 1室1厅 | 42.26平米 | 南,https://ke-image.ljcdn.com/110000-inspection/pc1_Iqvgblqt2.jpg!m_fill,w_280,h_210,f_jpg?from=ke.com
20230527,朝阳,亮马桥,101119168874,顺源里小区南向一居室 满五年中间层 可以看房,309万,86193元/平,中楼层 (共6层) 1室1厅 | 35.85平米 | 南,https://ke-image.ljcdn.com/110000-inspection/pc1_4mIJdvWYU_2.jpg!m_fill,w_280,h_210,f_jpg?from=ke.com
20230527,朝阳,亮马桥,101119147653,新源里西 1991 清朝 三居 三层 干休所,960万,91342元/平,中楼层 (共6层) | 1991年建 | 3室2厅 | 105.1平米 | 南 北,https://ke-image.ljcdn.com/110000-inspection/cdb93a18-afb6-4a5d-a26e-9e10639e5a2d_1000.jpg!m_fill,w_280,h_210,f_jpg?from=ke.com
20230527,朝阳,亮马桥,101119107879,顺源里东西通透三居室 满五年 高楼层采光无遮挡,549万,80053元/平,顶层 (共6层) | 1984年建 | 3室1厅 | 68.58平米 | 东 西,https://ke-image.ljcdn.com/110000-inspection/5390e9dd-f97a-4c66-9b65-571e87c86ba9_1000.jpg!m_fill,w_280,h_210,f_jpg?from=ke.com
20230527,朝阳,亮马桥,101119059841,新源南路 带电梯北向三居室 看房方便 配套齐全,485万,74858元/平,顶层 (共16层) | 1985年建 | 3室1厅 | 64.79平米 | 东 北,https://ke-image.ljcdn.com/110000-inspection/pc1_ASDoRv8jb_1.jpg!m_fill,w_280,h_210,f_jpg?from=ke.com
20230527,朝阳,亮马桥,101119048624,牛王庙南区环境优美 三环里 双朝南两居室,400万,78865元/平,顶层 (共5层) 2室1厅 | 50.72平米 | 东南,https://ke-image.ljcdn.com/110000-inspection/pc1_UA5kH76PM.jpg!m_fill,w_280,h_210,f_jpg?from=ke.com
20230527,朝阳,亮马桥,101119021221,牛王庙 2室1厅 南,460万,74051元/平,低楼层 (共6层) 2室1厅 | 62.12平米 | 南,https://ke-image.ljcdn.com/110000-inspection/pc1_rMdwkX00D.jpg!m_fill,w_280,h_210,f_jpg?from=ke.com
20230527,朝阳,亮马桥,101119009781,顺源里通透三居室 满五年 高楼层看房有钥匙,465万,82564元/平,顶层 (共6层) 3室1厅 | 56.32平米 | 东 西,https://ke-image.ljcdn.com/110000-inspection/pc1_IZkDLjmOF_2.jpg!m_fill,w_280,h_210,f_jpg?from=ke.com
20230527,朝阳,亮马桥,101118926995,新源里西 2室1厅 东南,450万,78879元/平,中楼层 (共6层) 2室1厅 | 57.05平米 | 东南,https://ke-image.ljcdn.com/110000-inspection/fb26af9d-253d-4a6d-9625-cd38e3b7ce89_1000.jpg!m_fill,w_280,h_210,f_jpg?from=ke.com
20230527,朝阳,亮马桥,101118909251,顺源里南北通透三居室2022年新装修无遮挡,608万,94293元/平,底层 (共6层) | 1981年建 | 3室1厅 | 64.48平米 | 南 北,https://ke-image.ljcdn.com/110000-inspection/c1801f3a-fd0d-4314-aa25-17c98c960f02_1000.jpg!m_fill,w_280,h_210,f_jpg?from=ke.com
20230527,朝阳,亮马桥,101118860114,新源里东 南北通透 中间楼层 4居室 看房方便,790万,80580元/平,中楼层 (共5层) 4室1厅 | 98.04平米 | 南 北,https://ke-image.ljcdn.com/110000-inspection/pc1_cbpQnU6j2.jpg!m_fill,w_280,h_210,f_jpg?from=ke.com
20230527,朝阳,亮马桥,101118836599,三源里街 化工部家属楼 三层 不临街,445万,74602元/平,中楼层 (共6层) | 1983年建 | 2室1厅 | 59.65平米 | 南,https://ke-image.ljcdn.com/110000-inspection/pc1_g0jijj7Mi.jpg!m_fill,w_280,h_210,f_jpg?from=ke.com
20230527,朝阳,亮马桥,101118816237,牛王庙 3室1厅 南 北,720万,69646元/平,中楼层 (共4层) | 1961年建 | 3室1厅 | 103.38平米 | 南 北,https://ke-image.ljcdn.com/110000-inspection/4f96d04e-68f5-43eb-b513-dfbd6bec5e53_1000.jpg!m_fill,w_280,h_210,f_jpg?from=ke.com
20230527,朝阳,亮马桥,101118782290,昆仑公寓平层单独一户两梯观景房,5300万,123572元/平,中楼层 (共22层) 4室2厅 | 428.9平米 | 东 南 西 北,https://ke-image.ljcdn.com/110000-inspection/14272453-1f5e-46d1-9ef7-7479db44faa3_1000.jpg!m_fill,w_280,h_210,f_jpg?from=ke.com
20230527,朝阳,亮马桥,101118730958,新源街  南北通透  精装修  带双车位房主自荐,515万,80356元/平,顶层 (共12层) | 1980年建 | 2室1厅 | 64.09平米 | 南 北,https://ke-image.ljcdn.com/110000-inspection/dcd8d417-d5bc-4557-aa87-c4884817aad7_1000.jpg!m_fill,w_280,h_210,f_jpg?from=ke.com
20230527,朝阳,亮马桥,101118726098,顺源里 带电梯南北通透两居室  配套齐全 交通方便,488万,75402元/平,低楼层 (共12层) | 1984年建 | 2室1厅 | 64.72平米 | 南 北,https://ke-image.ljcdn.com/110000-inspection/pc1_jOHba7AuQ.jpg!m_fill,w_280,h_210,f_jpg?from=ke.com
20230527,朝阳,亮马桥,101118696449,三源里 化工部家属楼 南北带客厅,460万,78338元/平,中楼层 (共6层) 2室1厅 | 58.72平米 | 南 北,https://ke-image.ljcdn.com/110000-inspection/pc1_taZfJooqq.jpg!m_fill,w_280,h_210,f_jpg?from=ke.com
20230527,朝阳,亮马桥,101118617869,三元桥 三源里南小街 花园式社区 观小区花园 诚售,413万,73358元/平,高楼层 (共6层) | 1982年建 | 2室1厅 | 56.3平米 | 东南,https://ke-image.ljcdn.com/110000-inspection/pc1_tVRqorECI.jpg!m_fill,w_280,h_210,f_jpg?from=ke.com
20230527,朝阳,亮马桥,101118602819,新东路老业主委托新源南路高层三居诚意出售,610万,78447元/平,高楼层 (共16层) 3室1厅 | 77.76平米 | 东 北,https://ke-image.ljcdn.com/110000-inspection/pc1_ooMTHOq8X_2.jpg!m_fill,w_280,h_210,f_jpg?from=ke.com
20230527,朝阳,亮马桥,101118583316,三源里南小街 满五年唯一 商品房 看房方便,430万,69896元/平,顶层 (共6层) 3室1厅 | 61.52平米 | 东南 西北,https://ke-image.ljcdn.com/110000-inspection/bf3b7751-aa91-47ee-a9f7-6d41ab5c6770_1000.jpg!m_fill,w_280,h_210,f_jpg?from=ke.com
20230527,朝阳,亮马桥,101118578243,三源里南小街 南北通透两居室 诚意出售,423万,67465元/平,顶层 (共6层) | 1983年建 | 2室1厅 | 62.7平米 | 南 北,https://ke-image.ljcdn.com/110000-inspection/pc1_Uz3iyBms7_2.jpg!m_fill,w_280,h_210,f_jpg?from=ke.com
20230527,朝阳,亮马桥,101118564241,带电梯 钢混结构 楼下就是花园 视野开阔,520万,83214元/平,顶层 (共12层) | 1984年建 | 3室1厅 | 62.49平米 | 南 北,https://ke-image.ljcdn.com/110000-inspection/25de6732-2507-4a20-b348-fbd7dd2a69c3_1000.jpg!m_fill,w_280,h_210,f_jpg?from=ke.com
20230527,朝阳,亮马桥,101118527246,三元桥 新源里西 91年房龄 独立管理 满五唯一 诚售,473万,99684元/平,低楼层 (共6层) | 1991年建 | 1室1厅 | 47.45平米 | 南 北,https://ke-image.ljcdn.com/110000-inspection/86767610-a300-4720-9027-8025f9b267e7_1000.jpg!m_fill,w_280,h_210,f_jpg?from=ke.com
20230527,朝阳,亮马桥,101118513969,新源南路  满五年  有电梯 看房方便,496万,77223元/平,中楼层 (共16层) 2室1厅 | 64.23平米 | 东 北,https://ke-image.ljcdn.com/110000-inspection/513ac750-00c5-4a79-b095-5872cfec330f_1000.jpg!m_fill,w_280,h_210,f_jpg?from=ke.com
20230527,朝阳,亮马桥,101118504925,新源里 三居室 航空部301所家属楼 单独管理,478万,84215元/平,底层 (共5层) | 1979年建 | 3室1厅 | 56.76平米 | 南 北,https://ke-image.ljcdn.com/110000-inspection/pc1_pQleQZMfZ.jpg!m_fill,w_280,h_210,f_jpg?from=ke.com
20230527,朝阳,亮马桥,101118504206,新源街 电梯三居室 小区中间位置,560万,73491元/平,低楼层 (共16层) 3室1厅 | 76.2平米 | 西北,https://ke-image.ljcdn.com/110000-inspection/pc1_JNpXJntvK.jpg!m_fill,w_280,h_210,f_jpg?from=ke.com
20230527,朝阳,亮马桥,101118499313,新源街南北精装两居拎包住诚意出售房主自荐,415万,76217元/平,顶层 (共6层) | 1982年建 | 2室1厅 | 54.45平米 | 南 北,https://ke-image.ljcdn.com/110000-inspection/pc1_y3Y4MyMD3.jpg!m_fill,w_280,h_210,f_jpg?from=ke.com
20230527,朝阳,亮马桥,101118356472,三源里南小街 精装修双南两居室 中楼层,470万,84502元/平,中楼层 (共6层) | 1983年建 | 2室1厅 | 55.62平米 | 南,https://ke-image.ljcdn.com/110000-inspection/pc1_SjlH8wSDU_2.jpg!m_fill,w_280,h_210,f_jpg?from=ke.com
20230527,朝阳,亮马桥,101118332123,三源里街 1994年房龄一居室 满五唯一,355万,68441元/平,高楼层 (共6层) 1室1厅 | 51.87平米 | 东南 西北,https://ke-image.ljcdn.com/110000-inspection/bedda81f-05bb-4732-a36f-3e7b733331c2_1000.jpg!m_fill,w_280,h_210,f_jpg?from=ke.com
20230527,朝阳,亮马桥,101118291792,牛王庙 2室1厅 南 北,750万,89403元/平,中楼层 (共6层) | 1987年建 | 2室1厅 | 83.89平米 | 南 北,https://ke-image.ljcdn.com/110000-inspection/4e731bd0-fbea-443f-9028-477d41ffcad4_1000.jpg!m_fill,w_280,h_210,f_jpg?from=ke.com
20230527,朝阳,亮马桥,101118273850,亮马桥地铁站顺源里 南北通透小三居 中间层 不临街,470万,84915元/平,中楼层 (共6层) | 1982年建 | 3室1厅 | 55.35平米 | 南 北,https://ke-image.ljcdn.com/110000-inspection/pc1_2yBTIxvz0_2.jpg!m_fill,w_280,h_210,f_jpg?from=ke.com
20230527,朝阳,亮马桥,101118261672,东北三环 南北通透 采光无遮挡 满五年 唯一 诚售房主自荐,475万,75577元/平,高楼层 (共6层) | 1983年建 | 3室1厅 | 62.85平米 | 南 北,https://ke-image.ljcdn.com/110000-inspection/82210804-7633-4a2c-960d-932727a6cf8f_1000.jpg!m_fill,w_280,h_210,f_jpg?from=ke.com
20230527,朝阳,亮马桥,101118260897,顺源里南向一居室 满五年中间层 小区中间有管理房主自荐,323万,88591元/平,中楼层 (共6层) 1室1厅 | 36.46平米 | 南,https://ke-image.ljcdn.com/110000-inspection/1a88cdd7-b8b2-4ce4-bc1a-7073d1e66777_1000.jpg!m_fill,w_280,h_210,f_jpg?from=ke.com
20230527,朝阳,亮马桥,101118226471,新源街 南北通透 三居室位置好,488万,69795元/平,顶层 (共6层) | 1983年建 | 3室2厅 | 69.92平米 | 南 北,https://ke-image.ljcdn.com/110000-inspection/pc1_PiS61dGZo_2.jpg!m_fill,w_280,h_210,f_jpg?from=ke.com
20230527,朝阳,亮马桥,101118174063,新源里西 清朝 明厨明卫南北两居 采光好,460万,81344元/平,中楼层 (共5层) | 1966年建 | 2室1厅 | 56.55平米 | 南 北,https://ke-image.ljcdn.com/110000-inspection/112b1538-4f8e-4164-9033-cb3ee028a6bc_1000.jpg!m_fill,w_280,h_210,f_jpg?from=ke.com
20230527,朝阳,亮马桥,101118174056,新源里西 清朝 中间层 明厨明卫两居室,460万,80986元/平,中楼层 (共5层) 2室1厅 | 56.8平米 | 南 北,https://ke-image.ljcdn.com/110000-inspection/0e4ab109-277b-4fef-9489-94b6bb71dbbb_1000.jpg!m_fill,w_280,h_210,f_jpg?from=ke.com
20230527,朝阳,亮马桥,101118126834,三源里南北两居化工部家属楼楼下公园采光视野好房主自荐,430万,73229元/平,顶层 (共6层) 2室1厅 | 58.72平米 | 南 北,https://ke-image.ljcdn.com/110000-inspection/pc1_Vg2eecaVk_2.jpg!m_fill,w_280,h_210,f_jpg?from=ke.com
20230527,朝阳,亮马桥,101118110228,农业部家属楼 管理好 西南西北向 三居室 满五唯一,545万,73116元/平,低楼层 (共16层) | 1981年建 | 3室1厅 | 74.54平米 | 西南 西北,https://ke-image.ljcdn.com/110000-inspection/pc1_NrHlsPigB_2.jpg!m_fill,w_280,h_210,f_jpg?from=ke.com
20230527,朝阳,亮马桥,101118041412,顺源里 正南向一居室 户型方正 近地铁,300万,84746元/平,顶层 (共6层) 1室1厅 | 35.4平米 | 南,https://ke-image.ljcdn.com/110000-inspection/pc1_Wapzlil2s.jpg!m_fill,w_280,h_210,f_jpg?from=ke.com
20230527,朝阳,亮马桥,101118041378,新源南路 2室1厅 南 北,420万,74455元/平,底层 (共6层) | 1982年建 | 2室1厅 | 56.41平米 | 南 北,https://ke-image.ljcdn.com/110000-inspection/9151c0fa-d64c-4484-900c-93f9dc846b3d_1000.jpg!m_fill,w_280,h_210,f_jpg?from=ke.com
20230527,朝阳,亮马桥,101118025010,小区中间不临街钢混结构满2年高原·值只有契税房主自荐,289万,78235元/平,顶层 (共6层) | 1980年建 | 1室1厅 | 36.94平米 | 南,https://ke-image.ljcdn.com/110000-inspection/pc1_DgagPBqWJ_1.jpg!m_fill,w_280,h_210,f_jpg?from=ke.com
20230527,朝阳,亮马桥,101118009173,新源里东 3室1厅 东南 西北房主自荐,638万,84717元/平,中楼层 (共5层) 3室1厅 | 75.31平米 | 东南 西北,https://ke-image.ljcdn.com/110000-inspection/dd82f3a6-8d29-4cf9-aa94-da973b1520ad_1000.jpg!m_fill,w_280,h_210,f_jpg?from=ke.com
20230527,朝阳,亮马桥,101117996895,世方豪庭 正南正北 三居室 满五家庭一套房主自荐,1400万,80069元/平,低楼层 (共22层) 3室2厅 | 174.85平米 | 南 北,https://ke-image.ljcdn.com/110000-inspection/03057084-2ee3-4a49-a55b-a825960f79d3_1000.jpg!m_fill,w_280,h_210,f_jpg?from=ke.com
20230527,朝阳,亮马桥,101117979547,三元桥 三源里南小街 精装南北两居 楼下即花园 诚售,480万,78049元/平,中楼层 (共6层) | 1983年建 | 2室1厅 | 61.5平米 | 南 北,https://ke-image.ljcdn.com/110000-inspection/445d446a-1d68-46f2-8afe-b523fd0d3175_1000.jpg!m_fill,w_280,h_210,f_jpg?from=ke.com
20230527,朝阳,亮马桥,101117968747,三源里街 中间层  方正户型 无遮挡 采光好 满五唯一房主自荐,310万,82755元/平,中楼层 (共6层) | 1982年建 | 1室1厅 | 37.46平米 | 南,https://ke-image.ljcdn.com/110000-inspection/e1a6a835-e3fb-4bf2-9422-30167be9e2b1_1000.jpg!m_fill,w_280,h_210,f_jpg?from=ke.com
20230527,朝阳,亮马桥,101117931232,新源南路  高楼层 两居室 可直观国贸 亮马河,485万,82751元/平,高楼层 (共17层) | 1985年建 | 2室1厅 | 58.61平米 | 南,https://ke-image.ljcdn.com/110000-inspection/pc1_URMUk9le3.jpg!m_fill,w_280,h_210,f_jpg?from=ke.com
20230527,朝阳,亮马桥,101117928624,亮马桥 燕莎区域 正南向 采光好  精装修两居室房主自荐,397万,79084元/平,高楼层 (共6层) 2室1厅 | 50.2平米 | 南,https://ke-image.ljcdn.com/110000-inspection/pc1_Oeyn8MBS3_2.jpg!m_fill,w_280,h_210,f_jpg?from=ke.com
20230527,朝阳,亮马桥,101117853087,顺源里高楼层两居室 南北通透 采光无遮挡房主自荐,449万,79709元/平,顶层 (共6层) | 1982年建 | 2室1厅 | 56.33平米 | 南 北,https://ke-image.ljcdn.com/110000-inspection/bced9d51-0214-449c-89a1-604590f9008a_1000.jpg!m_fill,w_280,h_210,f_jpg?from=ke.com
20230527,朝阳,亮马桥,101117773882,三源里街 满五唯一 带客厅两居室房主自荐,418万,70312元/平,顶层 (共6层) | 1983年建 | 2室1厅 | 59.45平米 | 南 北,https://ke-image.ljcdn.com/110000-inspection/pc1_uRNUvVIeS_2.jpg!m_fill,w_280,h_210,f_jpg?from=ke.com
20230527,朝阳,亮马桥,101117721218,三源里街生态小区南北三居室带客厅1994年楼龄！,512万,74311元/平,中楼层 (共6层) | 1994年建 | 3室1厅 | 68.9平米 | 南 北,https://ke-image.ljcdn.com/110000-inspection/pc1_xJow69IgN.jpg!m_fill,w_280,h_210,f_jpg?from=ke.com
20230527,朝阳,亮马桥,101117712258,新源街小区 两居室 小区安静 居住舒适房主自荐,438万,80162元/平,低楼层 (共6层) | 1980年建 | 2室1厅 | 54.64平米 | 西南,https://ke-image.ljcdn.com/110000-inspection/pc1_PbDzAH0q8.jpg!m_fill,w_280,h_210,f_jpg?from=ke.com
20230527,朝阳,亮马桥,101117706681,三源里南小街 3室1厅 南 北 东房主自荐,460万,73132元/平,顶层 (共6层) | 1983年建 | 3室1厅 | 62.9平米 | 南 北 东,https://ke-image.ljcdn.com/110000-inspection/pc1_x45PJRmJ3_2.jpg!m_fill,w_280,h_210,f_jpg?from=ke.com
20230527,朝阳,亮马桥,101117662739,顺源里 满五年唯一 近地铁 诚意卖。,399万,73821元/平,高楼层 (共6层) | 1984年建 | 2室1厅 | 54.05平米 | 东 西,https://ke-image.ljcdn.com/110000-inspection/pc1_ZL56I5VrW_2.jpg!m_fill,w_280,h_210,f_jpg?from=ke.com
20230527,朝阳,亮马桥,101117561958,新源街小区中楼层南南向一居室采光佳！,307万,84202元/平,低楼层 (共6层) | 1982年建 | 1室1厅 | 36.46平米 | 东南,https://ke-image.ljcdn.com/110000-inspection/ecc25b1b-0755-4336-9b09-44c8ea870514_1000.jpg!m_fill,w_280,h_210,f_jpg?from=ke.com
20230527,朝阳,亮马桥,101117388247,三元桥 三源里1995年楼龄 全明两居室 有钥匙,435万,64426元/平,高楼层 (共6层) | 1995年建 | 2室1厅 | 67.52平米 | 东北 西,https://ke-image.ljcdn.com/110000-inspection/adfbdec0-8310-4f4f-81df-602148aa8f5d_1000.jpg!m_fill,w_280,h_210,f_jpg?from=ke.com
20230527,朝阳,亮马桥,101117377633,三源里街 1995年 南北两居 不临街房主自荐,480万,78011元/平,低楼层 (共6层) | 1995年建 | 2室1厅 | 61.53平米 | 南 北,https://ke-image.ljcdn.com/110000-inspection/307caceb-0259-4fcf-8076-2122b85c8154_1000.jpg!m_fill,w_280,h_210,f_jpg?from=ke.com
20230527,朝阳,亮马桥,101117226290,新源里精装南北通透两居层高更高视野更好房主自荐,478万,81459元/平,顶层 (共5层) | 1965年建 | 2室1厅 | 58.68平米 | 南 北,https://ke-image.ljcdn.com/110000-inspection/pc1_tybiIYEZj_2.jpg!m_fill,w_280,h_210,f_jpg?from=ke.com
20230527,朝阳,亮马桥,101117208330,三源里南小街 2室1厅 东南房主自荐,410万,72838元/平,顶层 (共6层) | 1982年建 | 2室1厅 | 56.29平米 | 东南,https://ke-image.ljcdn.com/110000-inspection/0ce00f91-9b9f-4e9f-ab67-7d721d869085_1000.jpg!m_fill,w_280,h_210,f_jpg?from=ke.com
20230527,朝阳,亮马桥,101117160347,顺源里小区 南北通透两居室 高楼层采光无遮挡房主自荐,465万,81795元/平,高楼层 (共6层) | 1984年建 | 2室1厅 | 56.85平米 | 南 北,https://ke-image.ljcdn.com/110000-inspection/pc1_O9Uwp52bd_2.jpg!m_fill,w_280,h_210,f_jpg?from=ke.com
20230527,朝阳,亮马桥,101117116671,三源里街 1室1厅 东南,300万,80386元/平,顶层 (共6层) | 1980年建 | 1室1厅 | 37.32平米 | 东南,https://ke-image.ljcdn.com/110000-inspection/7f866688-4632-4659-9ea7-ba61fecdfea8_1000.jpg!m_fill,w_280,h_210,f_jpg?from=ke.com
20230527,朝阳,亮马桥,101117084422,满五年唯一住房南北通透格局采光充足交通便利。,435万,67338元/平,顶层 (共6层) | 1994年建 | 2室1厅 | 64.6平米 | 南 北,https://ke-image.ljcdn.com/110000-inspection/e6d2c87d-5e84-457f-984f-6ea73f0bcdfd_1000.jpg!m_fill,w_280,h_210,f_jpg?from=ke.com
20230527,朝阳,亮马桥,101117034520,新源街林业部次顶层采光视野好独门独院管理好,418万,81339元/平,高楼层 (共12层) | 1980年建 | 2室1厅 | 51.39平米 | 东南,https://ke-image.ljcdn.com/110000-inspection/pc1_nOD2ESVbI_2.jpg!m_fill,w_280,h_210,f_jpg?from=ke.com
20230527,朝阳,亮马桥,101116985553,新源里东小区 小区独立管理 居住安静房主自荐,425万,70052元/平,顶层 (共5层) | 1979年建 | 2室1厅 | 60.67平米 | 南 北,https://ke-image.ljcdn.com/110000-inspection/pc1_ir2aPNzrr.jpg!m_fill,w_280,h_210,f_jpg?from=ke.com
20230527,朝阳,亮马桥,101116983372,新源南路 3室1厅 东北,562万,74814元/平,中楼层 (共16层) | 1984年建 | 3室1厅 | 75.12平米 | 东北,https://ke-image.ljcdn.com/110000-inspection/b05b084a-2f78-44fc-aa3a-4c832ed2ec4f_1000.jpg!m_fill,w_280,h_210,f_jpg?from=ke.com
20230527,朝阳,亮马桥,101116939127,南北通透三居室采光充足配套设施齐全交通便利房主自荐,610万,76442元/平,顶层 (共6层) 3室1厅 | 79.8平米 | 南 北,https://ke-image.ljcdn.com/110000-inspection/8dbcdd0c-ca86-45ce-8473-7b7279e418fb_1000.jpg!m_fill,w_280,h_210,f_jpg?from=ke.com
20230527,朝阳,亮马桥,101116923340,亮马河畔 满五年 低楼层南向一居室近地铁,285万,78535元/平,低楼层 (共6层) | 1981年建 | 1室1厅 | 36.29平米 | 南,https://ke-image.ljcdn.com/110000-inspection/pc1_n4xzKR35o_2.jpg!m_fill,w_280,h_210,f_jpg?from=ke.com
20230527,朝阳,亮马桥,101116923310,亮马河畔 满五年 低楼层通透三居近地铁,550万,81748元/平,低楼层 (共6层) | 1981年建 | 3室1厅 | 67.28平米 | 南 北,https://ke-image.ljcdn.com/110000-inspection/1f192754-0a66-4c0b-91c9-95f54c809556_1000.jpg!m_fill,w_280,h_210,f_jpg?from=ke.com
20230527,朝阳,亮马桥,101116727505,三元桥、亮马桥、钢混结构2居室 随时签约房主自荐,399万,70883元/平,顶层 (共6层) | 1982年建 | 2室1厅 | 56.29平米 | 南,https://ke-image.ljcdn.com/110000-inspection/pc1_CeFop6JAD.jpg!m_fill,w_280,h_210,f_jpg?from=ke.com
20230527,朝阳,亮马桥,101116666013,新源街  南北通透小三居  满五年  次顶层不临街,445万,77365元/平,高楼层 (共6层) | 1982年建 | 3室1厅 | 57.52平米 | 东南 西北,https://ke-image.ljcdn.com/110000-inspection/30dbdcd4-b05d-41c9-ad09-ce27e049b157_1000.jpg!m_fill,w_280,h_210,f_jpg?from=ke.com
20230527,朝阳,亮马桥,101116661116,世方豪庭  南向双卫 卫生间带窗户,1030万,80526元/平,低楼层 (共22层) | 2000年建 | 2室1厅 | 127.91平米 | 南 东南,https://ke-image.ljcdn.com/110000-inspection/pc1_byE6sSD1p_1.jpg!m_fill,w_280,h_210,f_jpg?from=ke.com
20230527,朝阳,亮马桥,101116582503,三源里南北通透田字格三居室 高楼层采光无遮挡房主自荐,599万,75054元/平,高楼层 (共6层) | 1982年建 | 3室1厅 | 79.81平米 | 南 北,https://ke-image.ljcdn.com/110000-inspection/pc1_D13RxtiA1.jpg!m_fill,w_280,h_210,f_jpg?from=ke.com
20230527,朝阳,亮马桥,101116543219,1995年三源里街精装修1居室、采光视野好、靠谱卖,348万,68830元/平,顶层 (共6层) | 1995年建 | 1室1厅 | 50.56平米 | 南,https://ke-image.ljcdn.com/110000-inspection/ca194daf-0e27-4d2f-9269-7621ce11d452_1000.jpg!m_fill,w_280,h_210,f_jpg?from=ke.com
20230527,朝阳,亮马桥,101116387517,三源里生态小区南北通透两居室！小区中间位置！采光好,458万,77040元/平,高楼层 (共6层) | 1983年建 | 2室1厅 | 59.45平米 | 南 北,https://ke-image.ljcdn.com/110000-inspection/66e6b347-ee1c-4629-963f-576a7b2e6193_1000.jpg!m_fill,w_280,h_210,f_jpg?from=ke.com
20230527,朝阳,亮马桥,101116376798,新源街 3室1厅 南 北,490万,86390元/平,低楼层 (共6层) | 1982年建 | 3室1厅 | 56.72平米 | 南 北,https://ke-image.ljcdn.com/110000-inspection/pc1_RmvXAYTan.jpg!m_fill,w_280,h_210,f_jpg?from=ke.com
20230527,朝阳,亮马桥,101116359332,新源街 小区中间位置两居室 拐角阳台房主自荐,445万,70759元/平,低楼层 (共16层) 2室1厅 | 62.89平米 | 西南,https://ke-image.ljcdn.com/110000-inspection/pc1_1bb4y20kS.jpg!m_fill,w_280,h_210,f_jpg?from=ke.com
20230527,朝阳,亮马桥,101116325033,三源里生态小区1994年楼龄南北通透三居室！中间楼层！房主自荐,580万,74820元/平,中楼层 (共6层) | 1994年建 | 3室1厅 | 77.52平米 | 南 北,https://ke-image.ljcdn.com/110000-inspection/pc1_iqDXzRfbS_1.jpg!m_fill,w_280,h_210,f_jpg?from=ke.com
20230527,朝阳,亮马桥,101116257953,亮马河畔 新源南路小区  南北通透两居室 随时签约房主自荐,430万,70365元/平,高楼层 (共6层) | 1982年建 | 2室1厅 | 61.11平米 | 南 北,https://ke-image.ljcdn.com/110000-inspection/59f60dae-f1f4-4dbf-916a-6279ac4504ad_1000.jpg!m_fill,w_280,h_210,f_jpg?from=ke.com
20230527,朝阳,亮马桥,101116255565,楼龄新7层板楼带电梯一梯两户小区有车位。,1320万,70442元/平,中楼层 (共7层) 3室2厅 | 187.39平米 | 南 北,https://ke-image.ljcdn.com/110000-inspection/prod-60e27253-448f-44de-bc93-c5f5aba179e7.jpg!m_fill,w_280,h_210,f_jpg?from=ke.com
20230527,朝阳,亮马桥,101116242646,牛王庙 双南向两居室 低楼层 明厨明卫,380万,76505元/平,中楼层 (共5层) | 1977年建 | 2室1厅 | 49.67平米 | 南,https://ke-image.ljcdn.com/110000-inspection/pc1_2aIceoJxq.jpg!m_fill,w_280,h_210,f_jpg?from=ke.com
20230527,朝阳,亮马桥,101116195794,三元桥、新源街、林业部家属楼、格局方正精装修,365万,83793元/平,中楼层 (共12层) | 1980年建 | 1室1厅 | 43.56平米 | 东南,https://ke-image.ljcdn.com/110000-inspection/pc1_ULxiN05Vu.jpg!m_fill,w_280,h_210,f_jpg?from=ke.com
20230527,朝阳,亮马桥,101116114151,南向套间户型楼层高有电梯采光好。,389万,73675元/平,顶层 (共12层) 2室1厅 | 52.8平米 | 西南,https://ke-image.ljcdn.com/110000-inspection/pc1_RI5cZjBRg_2.jpg!m_fill,w_280,h_210,f_jpg?from=ke.com
20230527,朝阳,亮马桥,101116109318,新源里东 满两年 商品房 中间楼层 视野开阔 无遮挡,430万,79219元/平,中楼层 (共5层) | 1979年建 | 2室1厅 | 54.28平米 | 南,https://ke-image.ljcdn.com/110000-inspection/pc1_h69DVK1Nm.jpg!m_fill,w_280,h_210,f_jpg?from=ke.com
20230527,朝阳,亮马桥,101115953917,嘉里*星源汇正规全明格局一居室精装修采光充足,835万,97127元/平,低楼层 (共18层) | 2009年建 | 1室1厅 | 85.97平米 | 东北,https://ke-image.ljcdn.com/110000-inspection/pc1_27m8HEJKk_1.jpg!m_fill,w_280,h_210,f_jpg?from=ke.com
20230527,朝阳,亮马桥,101115936182,三源里街 1995年 东南西南  明厨明卫 双阳台 满五唯一房主自荐,515万,63487元/平,顶层 (共6层) | 1995年建 | 2室1厅 | 81.12平米 | 东南 西南,https://ke-image.ljcdn.com/110000-inspection/pc1_CXKY80BXZ_2.jpg!m_fill,w_280,h_210,f_jpg?from=ke.com
20230527,朝阳,亮马桥,101115843578,新源里西南北通透两居室 楼龄新有客厅 看房方便房主自荐,540万,79752元/平,顶层 (共6层) | 1994年建 | 2室1厅 | 67.71平米 | 东南 西北,https://ke-image.ljcdn.com/110000-inspection/pc1_g3pWMgRK3_2.jpg!m_fill,w_280,h_210,f_jpg?from=ke.com
20230527,朝阳,亮马桥,101115617923,三元桥 亮马桥新上田字格三居南北通透不临街,587万,72847元/平,顶层 (共6层) | 1981年建 | 3室1厅 | 80.58平米 | 东南 西北,https://ke-image.ljcdn.com/110000-inspection/pc1_ZycDeMNa0_1.jpg!m_fill,w_280,h_210,f_jpg?from=ke.com
20230527,朝阳,亮马桥,101115613382,三源里街 林业部 一居室管理好。,297万,86539元/平,底层 (共6层) | 1980年建 | 1室1厅 | 34.32平米 | 南,https://ke-image.ljcdn.com/110000-inspection/pc1_X9rstOblO_1.jpg!m_fill,w_280,h_210,f_jpg?from=ke.com
20230527,朝阳,亮马桥,101115463823,三源里街小区 1995年楼龄 大一居室 小区安静房主自荐,349.5万,68908元/平,高楼层 (共6层) | 1995年建 | 1室1厅 | 50.72平米 | 西南,https://ke-image.ljcdn.com/110000-inspection/pc1_hdmK1Gtlc_2.jpg!m_fill,w_280,h_210,f_jpg?from=ke.com
20230527,朝阳,亮马桥,101114503249,儒林苑 总高七层 带电梯 一梯两户 通透户型,1110万,84540元/平,高楼层 (共7层) 2室1厅 | 131.3平米 | 东南 西北,https://ke-image.ljcdn.com/110000-inspection/f1e51b58-c495-4716-b9a8-83e32293874e_1000.jpg!m_fill,w_280,h_210,f_jpg?from=ke.com
20230527,朝阳,亮马桥,101114283183,新源里东小区南北通透三居室带阳台满五年！,645万,84557元/平,底层 (共5层) | 1966年建 | 3室1厅 | 76.28平米 | 南 北,https://ke-image.ljcdn.com/110000-inspection/pc1_DLZIcXDTg.jpg!m_fill,w_280,h_210,f_jpg?from=ke.com
20230527,朝阳,亮马桥,101111443492,三元桥、亮马桥新源街朝南一居室高楼层采光棒,300万,81104元/平,顶层 (共6层) | 1982年建 | 1室1厅 | 36.99平米 | 东南,https://ke-image.ljcdn.com/110000-inspection/pc1_kubhQ1FUa_2.jpg!m_fill,w_280,h_210,f_jpg?from=ke.com
20230527,朝阳,亮马桥,101111053288,满五年唯一住房南北通透三居室一层有半地下。,426万,71333元/平,底层 (共12层) | 1983年建 | 3室1厅 | 59.72平米 | 西南 东北,https://ke-image.ljcdn.com/110000-inspection/pc1_4WosQY0OZ.jpg!m_fill,w_280,h_210,f_jpg?from=ke.com
20230527,朝阳,亮马桥,101119417068,新源街 2室1厅 南 北新上,395万,69311元/平,顶层 (共6层) | 1982年建 | 2室1厅 | 56.99平米 | 南 北,https://ke-image.ljcdn.com/110000-inspection/929fe51f-a17b-442c-ab76-6eabefb1502f_1000.jpg!m_fill,w_280,h_210,f_jpg?from=ke.com
20230527,朝阳,亮马桥,101119351558,70年产权的写字楼   满五年 商品房新上,726万,44974元/平,中楼层 (共24层) | 2006年建 | 1室1厅 | 161.43平米 | 东南,https://ke-image.ljcdn.com/110000-inspection/pc1_SZnglXfGS_2.jpg!m_fill,w_280,h_210,f_jpg?from=ke.com
20230527,朝阳,亮马桥,101119346581,亮马桥地铁、满5唯一随时看房急售新上,279万,83061元/平,底层 (共6层) | 1984年建 | 1室1厅 | 33.59平米 | 东,https://ke-image.ljcdn.com/110000-inspection/23bd9faa-7aac-46f7-82cf-97990fb6a5e9_1000.jpg!m_fill,w_280,h_210,f_jpg?from=ke.com
20230527,朝阳,亮马桥,101119303846,三源里南小街 2室1厅 南新上,428万,76579元/平,中楼层 (共6层) 2室1厅 | 55.89平米 | 南,https://ke-image.ljcdn.com/110000-inspection/68c53a59-2ec3-44fd-a605-1b759ea8514e_1000.jpg!m_fill,w_280,h_210,f_jpg?from=ke.com
20230527,朝阳,亮马桥,101119228154,星源汇 1室1厅 东,820万,101235元/平,低楼层 (共16层) | 2009年建 | 1室1厅 | 81平米 | 东,https://ke-image.ljcdn.com/110000-inspection/pc1_sLcd8rDP5.jpg!m_fill,w_280,h_210,f_jpg?from=ke.com
20230527,朝阳,亮马桥,101119228184,星源汇 管理好户型方正 中间层无遮挡 看房方便,770万,95062元/平,低楼层 (共16层) | 2009年建 | 1室1厅 | 81平米 | 东,https://ke-image.ljcdn.com/110000-inspection/fab2c5c5-f154-4cc9-b05f-2142a204186c_1000.jpg!m_fill,w_280,h_210,f_jpg?from=ke.com
20230527,朝阳,亮马桥,101119223765,SOHO北京公馆 东向两居室 高楼层 视野好 看房方便,1600万,112171元/平,高楼层 (共26层) | 2008年建 | 2室1厅 | 142.64平米 | 东,https://ke-image.ljcdn.com/110000-inspection/a71deca0-7614-49d2-98e7-15fccdb21952_1000.jpg!m_fill,w_280,h_210,f_jpg?from=ke.com
20230527,朝阳,亮马桥,101119207539,牛王庙小区 南北通透两居室 中间层满五年 全明格局,366万,72447元/平,中楼层 (共5层) | 1977年建 | 2室1厅 | 50.52平米 | 南 北,https://ke-image.ljcdn.com/110000-inspection/82f34af9-8a17-4093-bc64-82d641978dd0_1000.jpg!m_fill,w_280,h_210,f_jpg?from=ke.com
20230527,朝阳,亮马桥,101119202120,嘉里星源汇 品质社区 高层观景一居,780万,106660元/平,中楼层 (共16层) | 2009年建 | 1室1厅 | 73.13平米 | 西,https://ke-image.ljcdn.com/110000-inspection/pc1_UWSUjHiAY.jpg!m_fill,w_280,h_210,f_jpg?from=ke.com
20230527,朝阳,亮马桥,101119046793,燕莎商圈星源汇品质社区保养新管理好免费会所,756万,98644元/平,低楼层 (共18层) | 2009年建 | 1室1厅 | 76.64平米 | 西,https://ke-image.ljcdn.com/110000-inspection/2232d7d2-c8d9-45b6-979d-6ee7e9ee2f34_1000.jpg!m_fill,w_280,h_210,f_jpg?from=ke.com
20230527,朝阳,亮马桥,101118977964,世方豪庭 经典大两居 满五唯一 小区中的好房房主自荐,1035万,65358元/平,低楼层 (共20层) | 2000年建 | 2室2厅 | 158.36平米 | 西南,https://ke-image.ljcdn.com/110000-inspection/pc1_q6FfRfBy7_1.jpg!m_fill,w_280,h_210,f_jpg?from=ke.com
20230527,朝阳,亮马桥,101118943559,星源汇中间层优质好房采光好视野棒居住舒适,815万,100618元/平,中楼层 (共16层) | 2009年建 | 1室1厅 | 81平米 | 东,https://ke-image.ljcdn.com/110000-inspection/b60b85c6-433a-4dac-9403-57758b4d6eb3_1000.jpg!m_fill,w_280,h_210,f_jpg?from=ke.com
20230527,朝阳,亮马桥,101118874480,三元桥 新源街 南北两居室 双阳台 随时可看,456万,71474元/平,高楼层 (共6层) | 1980年建 | 2室1厅 | 63.8平米 | 西南 东北,https://ke-image.ljcdn.com/110000-inspection/pc1_Oai8y9nCG.jpg!m_fill,w_280,h_210,f_jpg?from=ke.com
20230527,朝阳,亮马桥,101118868570,钢混结构 户型方正 采光充足 视野开阔 楼下就是花园,415万,79472元/平,高楼层 (共12层) | 1984年建 | 2室1厅 | 52.22平米 | 南,https://ke-image.ljcdn.com/110000-inspection/7095b634-fd7f-4330-8e68-027a09b1250e_1000.jpg!m_fill,w_280,h_210,f_jpg?from=ke.com
20230527,朝阳,亮马桥,101118711151,三元桥 三源里小区 带电梯一居室 随时签约看房方便,339万,73393元/平,低楼层 (共16层) | 1983年建 | 1室1厅 | 46.19平米 | 东南,https://ke-image.ljcdn.com/110000-inspection/pc1_62JbCMYX4_1.jpg!m_fill,w_280,h_210,f_jpg?from=ke.com
20230527,朝阳,亮马桥,101118626135,新源街 带电梯东南向两居室 管理好 配套齐全,405万,78810元/平,低楼层 (共12层) | 1980年建 | 2室1厅 | 51.39平米 | 东南,https://ke-image.ljcdn.com/110000-inspection/pc1_ADTqcXhL3.jpg!m_fill,w_280,h_210,f_jpg?from=ke.com
20230527,朝阳,亮马桥,101118610846,三源里街 双南两居室 满五唯一 配套齐全,430万,69467元/平,高楼层 (共6层) | 1983年建 | 2室1厅 | 61.9平米 | 东南,https://ke-image.ljcdn.com/110000-inspection/pc1_USORuVUwl.jpg!m_fill,w_280,h_210,f_jpg?from=ke.com
20230527,朝阳,亮马桥,101118601399,三源里南小街 南北通透两居室 配套齐全 交通方便。,442万,72638元/平,顶层 (共5层) | 1982年建 | 2室1厅 | 60.85平米 | 南 北,https://ke-image.ljcdn.com/110000-inspection/pc1_d2V4c78xg.jpg!m_fill,w_280,h_210,f_jpg?from=ke.com
20230527,朝阳,亮马桥,101118570745,三源里街 化工部央产楼 南北通透一居室房主自荐,300万,76963元/平,底层 (共12层) | 1982年建 | 1室1厅 | 38.98平米 | 南 北,https://ke-image.ljcdn.com/110000-inspection/pc1_rDbwIidVZ.jpg!m_fill,w_280,h_210,f_jpg?from=ke.com
20230527,朝阳,亮马桥,101118525030,星源汇 高楼层视野开阔开发商精装有会所,2880万,112146元/平,顶层 (共18层) | 2009年建 | 3室2厅 | 256.81平米 | 东北,https://ke-image.ljcdn.com/110000-inspection/pc1_pbvRHMMWu.jpg!m_fill,w_280,h_210,f_jpg?from=ke.com
20230527,朝阳,亮马桥,101118467156,新源街一层采光好没有遮挡家庭就一套房子,309万,90910元/平,底层 (共6层) | 1982年建 | 1室1厅 | 33.99平米 | 南,https://ke-image.ljcdn.com/110000-inspection/pc1_ZvqdzorKP.jpg!m_fill,w_280,h_210,f_jpg?from=ke.com
20230527,朝阳,亮马桥,101118460588,全新装修一层全南向看房方便小区中间位置。,450万,86789元/平,底层 (共6层) | 1984年建 | 2室1厅 | 51.85平米 | 南,https://ke-image.ljcdn.com/110000-inspection/pc1_iLmFF6HK2.jpg!m_fill,w_280,h_210,f_jpg?from=ke.com
20230527,朝阳,亮马桥,101118451610,三源里街小区 南北两居室 采光通风好,405万,66700元/平,顶层 (共6层) | 1982年建 | 2室1厅 | 60.72平米 | 南 北,https://ke-image.ljcdn.com/110000-inspection/6250d494-bc40-4e78-904d-b032ac6124ed_1000.jpg!m_fill,w_280,h_210,f_jpg?from=ke.com
20230527,朝阳,亮马桥,101118253008,三源里街 精装 钢混结构 满五年唯一 全南一居室房主自荐,285万,76572元/平,顶层 (共6层) | 1982年建 | 1室1厅 | 37.22平米 | 东南,https://ke-image.ljcdn.com/110000-inspection/pc1_HL4YT2ssB_2.jpg!m_fill,w_280,h_210,f_jpg?from=ke.com
20230527,朝阳,亮马桥,101118225402,三元桥两居室满五年唯一化工部家属楼环境好,445万,74602元/平,中楼层 (共6层) | 1983年建 | 2室1厅 | 59.65平米 | 东南 西北,https://ke-image.ljcdn.com/110000-inspection/pc1_GPyklR1su.jpg!m_fill,w_280,h_210,f_jpg?from=ke.com
20230527,朝阳,亮马桥,101118109291,星源汇 高楼层视野开阔 品质物业 满五年唯一,1660万,103511元/平,高楼层 (共16层) 2室1厅 | 160.37平米 | 东北,https://ke-image.ljcdn.com/110000-inspection/4ca8f2c2-9bca-49d5-a74b-926a9a278be8_1000.jpg!m_fill,w_280,h_210,f_jpg?from=ke.com
20230527,朝阳,亮马桥,101118067083,高层景观房国际一线精装修品质社区,890万,106536元/平,高楼层 (共18层) | 2009年建 | 1室1厅 | 83.54平米 | 东,https://ke-image.ljcdn.com/110000-inspection/6ecbf05f-534f-46c5-b949-ac940c78d2e7_1000.jpg!m_fill,w_280,h_210,f_jpg?from=ke.com
20230527,朝阳,亮马桥,101118044449,三源里街小区南向两居室！不临街！无遮挡！采光佳！,410万,66290元/平,高楼层 (共6层) | 1983年建 | 2室1厅 | 61.85平米 | 东南,https://ke-image.ljcdn.com/110000-inspection/pc1_4gOjVOuCw.jpg!m_fill,w_280,h_210,f_jpg?from=ke.com
20230527,朝阳,亮马桥,101118012291,新源里东  安静怡人 配套齐全 中间楼层两居室,435万,80141元/平,中楼层 (共5层) | 1979年建 | 2室1厅 | 54.28平米 | 东南,https://ke-image.ljcdn.com/110000-inspection/5c292cf4-018f-422d-9c97-8125934fb0b0_1000.jpg!m_fill,w_280,h_210,f_jpg?from=ke.com
20230527,朝阳,亮马桥,101118007972,1995年楼龄 三源里精装修 满五唯一 采光视野好房主自荐,355万,70214元/平,顶层 (共6层) | 1995年建 | 1室1厅 | 50.56平米 | 西南,https://ke-image.ljcdn.com/110000-inspection/a01f57fc-c1be-44a0-a155-688c87335dc0_1000.jpg!m_fill,w_280,h_210,f_jpg?from=ke.com
20230527,朝阳,亮马桥,101117983843,三源里南小街南向两居室视野佳采光好带电梯！,435万,73356元/平,顶层 (共16层) | 1984年建 | 2室1厅 | 59.3平米 | 南 东,https://ke-image.ljcdn.com/110000-inspection/pc1_fK1QqAr8W_2.jpg!m_fill,w_280,h_210,f_jpg?from=ke.com
20230527,朝阳,亮马桥,101117797175,三源里南小街南北通透两居室 高楼层采光无遮挡房主自荐,455万,72395元/平,顶层 (共6层) | 1983年建 | 3室1厅 | 62.85平米 | 南 北,https://ke-image.ljcdn.com/110000-inspection/pc1_4iAurhAsH_2.jpg!m_fill,w_280,h_210,f_jpg?from=ke.com
20230527,朝阳,亮马桥,101117748018,新源街小区 朝南两居室 小区安静,423万,77758元/平,底层 (共16层) | 1983年建 | 2室1厅 | 54.4平米 | 南,https://ke-image.ljcdn.com/110000-inspection/01ed3148-59b4-461f-87a4-f20e8e95569f_1000.jpg!m_fill,w_280,h_210,f_jpg?from=ke.com
20230527,朝阳,亮马桥,101117735636,顺源里南向两居室 满五年中间楼层 可以看房房主自荐,410万,81269元/平,中楼层 (共6层) | 1984年建 | 2室1厅 | 50.45平米 | 南,https://ke-image.ljcdn.com/110000-inspection/a9960a0c-3181-4725-b7de-a7462b47c406_1000.jpg!m_fill,w_280,h_210,f_jpg?from=ke.com
20230527,朝阳,亮马桥,101117726906,牛王庙小区两居室 南北向中间层 满五年有装修房主自荐,528万,68430元/平,中楼层 (共4层) | 1961年建 | 2室1厅 | 77.16平米 | 南 北,https://ke-image.ljcdn.com/110000-inspection/pc1_wtsDv7NML.jpg!m_fill,w_280,h_210,f_jpg?from=ke.com
20230527,朝阳,亮马桥,101117625594,星源汇 精装修 户型方正 满五年,772万,105035元/平,低楼层 (共18层) 1室1厅 | 73.5平米 | 东,https://ke-image.ljcdn.com/110000-inspection/pc1_P1cv1VuwH.jpg!m_fill,w_280,h_210,f_jpg?from=ke.com
20230527,朝阳,亮马桥,101117615242,房子朝南向满五年、高楼层采光通风好无遮挡,382万,77928元/平,顶层 (共12层) | 1984年建 | 2室1厅 | 49.02平米 | 东南,https://ke-image.ljcdn.com/110000-inspection/38a27535-45c2-4def-bedc-ee06ee4ac008_1000.jpg!m_fill,w_280,h_210,f_jpg?from=ke.com
20230527,朝阳,亮马桥,101117533263,小区中间位置好无遮挡采光好精装修田字格三居房主自荐,480万,70073元/平,顶层 (共6层) | 1984年建 | 3室1厅 | 68.5平米 | 南 北,https://ke-image.ljcdn.com/110000-inspection/1592dff3-02d0-4d3c-bb72-f5cd97ab29e0_1000.jpg!m_fill,w_280,h_210,f_jpg?from=ke.com
20230527,朝阳,亮马桥,101117503241,新源南路 精装三居室 满五年家庭一套住宅房主自荐,548万,70829元/平,低楼层 (共16层) | 1984年建 | 3室1厅 | 77.37平米 | 西北,https://ke-image.ljcdn.com/110000-inspection/5ab561e6-7967-4098-9b6b-71e36dc7aff3_1000.jpg!m_fill,w_280,h_210,f_jpg?from=ke.com
20230527,朝阳,亮马桥,101117411581,双南卧室  中间楼层 诚意出售 看房方便房主自荐,450万,76779元/平,中楼层 (共16层) | 1985年建 | 2室1厅 | 58.61平米 | 南,https://ke-image.ljcdn.com/110000-inspection/pc1_ET7tLEjMn_1.jpg!m_fill,w_280,h_210,f_jpg?from=ke.com
20230527,朝阳,亮马桥,101117286947,新源里西 双南向 采光好  视野无遮挡  诚意出售房主自荐,430万,75307元/平,高楼层 (共6层) | 1966年建 | 2室0厅 | 57.1平米 | 南,https://ke-image.ljcdn.com/110000-inspection/8634b143-9141-4c0d-bc52-89f8dc1ef1bb_1000.jpg!m_fill,w_280,h_210,f_jpg?from=ke.com
20230527,朝阳,亮马桥,101117281964,新源街 满五唯一 中间楼层 随时签约房主自荐,435万,76869元/平,中楼层 (共6层) | 1982年建 | 3室0厅 | 56.59平米 | 南 北,https://ke-image.ljcdn.com/110000-inspection/d6b75b55-b557-4e90-b6dd-acb8fe19bd64_1000.jpg!m_fill,w_280,h_210,f_jpg?from=ke.com
20230527,朝阳,亮马桥,101117263522,三元桥 亮马桥 新源街 低楼层3居室房主自荐,379万,70591元/平,底层 (共6层) | 1981年建 | 3室0厅 | 53.69平米 | 东南,https://ke-image.ljcdn.com/110000-inspection/pc1_lQTqWRLeH_1.jpg!m_fill,w_280,h_210,f_jpg?from=ke.com
20230527,朝阳,亮马桥,101117139363,星源汇 正规一居室 全景落地窗 采光充足  舒适通透,795万,95657元/平,低楼层 (共16层) | 2009年建 | 1室1厅 | 83.11平米 | 西,https://ke-image.ljcdn.com/110000-inspection/pc1_07NW9Baxr_2.jpg!m_fill,w_280,h_210,f_jpg?from=ke.com
20230527,朝阳,亮马桥,101117036752,小区管理严格配套齐全下沉式花园车位充足。房主自荐,745万,103660元/平,低楼层 (共18层) 1室1厅 | 71.87平米 | 东,https://ke-image.ljcdn.com/110000-inspection/pc1_gBlYjpnfn.jpg!m_fill,w_280,h_210,f_jpg?from=ke.com
20230527,朝阳,亮马桥,101117021354,星源汇老业主委托品质社区免费会所管家服务,848万,99718元/平,低楼层 (共18层) 1室1厅 | 85.04平米 | 南,https://ke-image.ljcdn.com/110000-inspection/854b2930-98ec-465e-b351-89850c39c688_1000.jpg!m_fill,w_280,h_210,f_jpg?from=ke.com
20230527,朝阳,亮马桥,101116988896,星源汇南向一居管家式服务免费会所欢迎咨询,1025万,109897元/平,中楼层 (共18层) | 2009年建 | 1室1厅 | 93.27平米 | 南,https://ke-image.ljcdn.com/110000-inspection/pc1_BCcIzkQdZ.jpg!m_fill,w_280,h_210,f_jpg?from=ke.com
20230527,朝阳,亮马桥,101116975506,新源里东 南北通透两居室 满五年 随时签约房主自荐,425万,74159元/平,顶层 (共5层) | 1965年建 | 2室1厅 | 57.31平米 | 南 北,https://ke-image.ljcdn.com/110000-inspection/1e40d6aa-a3fc-41b5-bcd1-ba406a21f48c_1000.jpg!m_fill,w_280,h_210,f_jpg?from=ke.com
20230527,朝阳,亮马桥,101116896225,世方豪庭 2+1户型 高楼层精装修 满五年唯一 随时签约,1250万,75139元/平,中楼层 (共20层) | 2000年建 | 2室2厅 | 166.36平米 | 东南 西南,https://ke-image.ljcdn.com/110000-inspection/084aad8e-10f0-405d-b6b2-a7cfe4d22673_1000.jpg!m_fill,w_280,h_210,f_jpg?from=ke.com
20230527,朝阳,亮马桥,101116886773,牛王庙 双南向两居室 户型方正 采光充足,390万,76893元/平,中楼层 (共5层) | 1980年建 | 2室1厅 | 50.72平米 | 南,https://ke-image.ljcdn.com/110000-inspection/5bc863c3-f14d-4d88-bacb-64076bc3309b_1000.jpg!m_fill,w_280,h_210,f_jpg?from=ke.com
20230527,朝阳,亮马桥,101116375721,高楼层无遮挡采光好楼龄新独立管理,1660万,103511元/平,高楼层 (共16层) | 2009年建 | 2室2厅 | 160.37平米 | 东 北,https://ke-image.ljcdn.com/110000-inspection/pc1_Z8bUT54rB.jpg!m_fill,w_280,h_210,f_jpg?from=ke.com
20230527,朝阳,亮马桥,101115967400,嘉里星源汇 朝小区外 满五唯一 开发商精装 有会所,718万,98182元/平,低楼层 (共16层) | 2009年建 | 1室1厅 | 73.13平米 | 西,https://ke-image.ljcdn.com/110000-inspection/pc1_KhZPUX0FB.jpg!m_fill,w_280,h_210,f_jpg?from=ke.com
20230527,朝阳,亮马桥,101115918912,南向两居室楼层高无遮挡视野开阔配套齐全。,429万,72320元/平,低楼层 (共16层) | 1984年建 | 2室1厅 | 59.32平米 | 南,https://ke-image.ljcdn.com/110000-inspection/pc1_i8OKYYHas_2.jpg!m_fill,w_280,h_210,f_jpg?from=ke.com
20230527,朝阳,亮马桥,101115851458,三源里南小街 南北通透大两居室,480万,78560元/平,顶层 (共6层) | 1983年建 | 2室1厅 | 61.1平米 | 东南 西北,https://ke-image.ljcdn.com/110000-inspection/pc1_AWWAy29N9_2.jpg!m_fill,w_280,h_210,f_jpg?from=ke.com
20230527,朝阳,亮马桥,101115124808,嘉里星源汇 精装一居 朝小区内 满五唯一 有会所,750万,96775元/平,低楼层 (共16层) | 2009年建 | 1室1厅 | 77.5平米 | 东,https://ke-image.ljcdn.com/110000-inspection/pc1_Z95BVRmHt.jpg!m_fill,w_280,h_210,f_jpg?from=ke.com
20230527,朝阳,亮马桥,101114857288,北京公馆整层打通出售 全新精装 看房方便 有大阳台,1550万,99717元/平,高楼层 (共29层) 2室1厅 | 155.44平米 | 西,https://ke-image.ljcdn.com/110000-inspection/pc1_NwKXOTRBT.jpg!m_fill,w_280,h_210,f_jpg?from=ke.com
20230527,朝阳,亮马桥,101114857084,东三环 亮马桥 平层大宅 居住舒适房主自荐,3050万,108310元/平,高楼层 (共29层) | 2008年建 | 3室1厅 | 281.6平米 | 东 西 北,https://ke-image.ljcdn.com/110000-inspection/1d2655da-54cb-4e1c-ab3c-a65796bab64f_1000.jpg!m_fill,w_280,h_210,f_jpg?from=ke.com
20230527,朝阳,亮马桥,101119349590,新源里东 2室1厅 东南新上,420万,77377元/平,顶层 (共5层) | 1979年建 | 2室1厅 | 54.28平米 | 东南,https://s1.ljcdn.com/pegasus/redskull/images/common/default_house_list.png?_v=20230517173317
20230527,朝阳,亮马桥,101119331567,顺源里 2室1厅 南新上,410万,82745元/平,中楼层 (共6层) | 1980年建 | 2室1厅 | 49.55平米 | 南,https://s1.ljcdn.com/pegasus/redskull/images/common/default_house_list.png?_v=20230517173317
20230527,朝阳,亮马桥,101119303932,新源街 田字格三居 南北通透 不临街,540万,77531元/平,高楼层 (共6层) 3室1厅 | 69.65平米 | 南 北,https://s1.ljcdn.com/pegasus/redskull/images/common/default_house_list.png?_v=20230517173317
20230527,朝阳,亮马桥,101119173963,顺源里南向一居室 低楼层采光无遮挡 满五年有装修,300万,90091元/平,底层 (共6层) | 1982年建 | 1室1厅 | 33.3平米 | 南,https://s1.ljcdn.com/pegasus/redskull/images/common/default_house_list.png?_v=20230517173317
20230527,朝阳,亮马桥,101119062694,新源街 林业部 南北通透小三居 视野采光好,555万,90347元/平,中楼层 (共12层) | 1980年建 | 3室1厅 | 61.43平米 | 南 北,https://s1.ljcdn.com/pegasus/redskull/images/common/default_house_list.png?_v=20230517173317
20230527,朝阳,亮马桥,101118984690,新源街 2室1厅 南,405万,78948元/平,高楼层 (共6层) 2室1厅 | 51.3平米 | 南,https://s1.ljcdn.com/pegasus/redskull/images/common/default_house_list.png?_v=20230517173317
20230527,朝阳,亮马桥,101118980783,新源里东 明厨明卫 南北通透 低楼层,465万,83007元/平,中楼层 (共5层) 2室1厅 | 56.02平米 | 南 北,https://s1.ljcdn.com/pegasus/redskull/images/common/default_house_list.png?_v=20230517173317
20230527,朝阳,亮马桥,101118910953,三元桥 三源里南小街 板楼二层 南北两居室,475万,78813元/平,低楼层 (共6层) | 1981年建 | 2室1厅 | 60.27平米 | 南 北,https://s1.ljcdn.com/pegasus/redskull/images/common/default_house_list.png?_v=20230517173317
20230527,朝阳,亮马桥,101118711926,格纳斯 1室0厅 南,160万,31385元/平,中楼层 (共7层) | 2006年建 | 1室0厅 | 50.98平米 | 南,https://s1.ljcdn.com/pegasus/redskull/images/common/default_house_list.png?_v=20230517173317
20230527,朝阳,亮马桥,101116754968,新源街通透田字格三居 满五年 中间层采光无遮挡房主自荐,510万,73935元/平,中楼层 (共6层) | 1982年建 | 3室1厅 | 68.98平米 | 南 北,https://s1.ljcdn.com/pegasus/redskull/images/common/default_house_list.png?_v=20230517173317
20230527,朝阳,亮马桥,101113873900,新源街63号院星源汇的一个车位,40万,6674元/平,地下室 (共1层) | 2009年建 | 1室0厅 | 59.94平米 | 西,https://s1.ljcdn.com/pegasus/redskull/images/common/default_house_list.png?_v=20230517173317
20230527,朝阳,亮马桥,101112960593,嘉里星源汇  大两居  小区独立管理,1600万,100032元/平,高楼层 (共16层) | 2009年建 | 2室2厅 | 159.95平米 | 东,https://ke-image.ljcdn.com/110000-inspection/5cf63811-5227-4411-a1f6-9cc0deb4ad96.JPG!m_fill,w_280,h_210,f_jpg?from=ke.com
