20230807,海淀,海淀北部新区,101120357736,海淀上郡 2021年 万科物业 有电梯 精装修 交通方便必看好房,430万,47949元/平,底层 (共21层) 2室1厅 | 89.68平米 | 南,https://ke-image.ljcdn.com/110000-inspection/f5dd4900-996c-4ec8-b5e6-1520b0e6c559_1000.jpg!m_fill,w_280,h_210,f_jpg?from=ke.com
20230807,海淀,海淀北部新区,101120355383,海淀嘉郡 万科物业 精装修 楼层采光好必看好房,456万,57186元/平,高楼层 (共16层) 2室1厅 | 79.74平米 | 南 北,https://ke-image.ljcdn.com/110000-inspection/058339ff-4199-4a3e-9c0a-96f796c7aad1_1000.jpg!m_fill,w_280,h_210,f_jpg?from=ke.com
20230807,海淀,海淀北部新区,101119948838,三嘉信苑南北通透正规两居室中间楼层看房方便,305万,48699元/平,低楼层 (共6层) | 2011年建 | 2室1厅 | 62.63平米 | 南 北,https://ke-image.ljcdn.com/110000-inspection/pc1_iQ25PqgPN_1.jpg!m_fill,w_280,h_210,f_jpg?from=ke.com
20230807,海淀,海淀北部新区,101119890444,海淀北环保园区内婚房装修两居室满五年唯一必看好房,580万,63905元/平,中楼层 (共7层) | 2015年建 | 2室2厅 | 90.76平米 | 南 北,https://ke-image.ljcdn.com/110000-inspection/pc1_AifxKaESW.jpg!m_fill,w_280,h_210,f_jpg?from=ke.com
20230807,海淀,海淀北部新区,101119852588,海淀北部新区海淀嘉郡 三居室必看好房,550万,57853元/平,高楼层 (共16层) 3室1厅 | 95.07平米 | 南 北,https://ke-image.ljcdn.com/110000-inspection/pc1_r92i7IbBL.jpg!m_fill,w_280,h_210,f_jpg?from=ke.com
20230807,海淀,海淀北部新区,101120327771,中间楼层 直通地库 房子靠谱出售 价格可谈 满五唯一房主自荐,558万,61774元/平,中楼层 (共8层) | 2010年建 | 2室1厅 | 90.33平米 | 南 北,https://ke-image.ljcdn.com/110000-inspection/pc1_SVsMfk3gr.jpg!m_fill,w_280,h_210,f_jpg?from=ke.com
20230807,海淀,海淀北部新区,101119622746,海淀嘉郡 满五唯一 精装修带电梯 全南向2室1厅必看好房,465万,54533元/平,低楼层 (共16层) 2室1厅 | 85.27平米 | 南,https://ke-image.ljcdn.com/110000-inspection/pc1_YkmA8G5ii.jpg!m_fill,w_280,h_210,f_jpg?from=ke.com
20230807,海淀,海淀北部新区,101119263148,北分厂南向两居室 视野好 位置安静 楼下停车方便,326万,52496元/平,顶层 (共4层) 2室1厅 | 62.1平米 | 南,https://ke-image.ljcdn.com/110000-inspection/8c50769b-5b6a-41c9-95d4-0e0604195f48_1000.jpg!m_fill,w_280,h_210,f_jpg?from=ke.com
20230807,海淀,海淀北部新区,101119035278,精装修南北通透户型方正两居室低楼层业主诚售必看好房,379万,62132元/平,底层 (共5层) 2室1厅 | 61平米 | 北 南,https://ke-image.ljcdn.com/110000-inspection/pc1_aRR9W4YFh.jpg!m_fill,w_280,h_210,f_jpg?from=ke.com
20230807,海淀,海淀北部新区,101119029419,商品房 满五唯一 诚意出售  提前预约 随时可看必看好房,460万,47743元/平,高楼层 (共6层) 3室1厅 | 96.35平米 | 南 北,https://ke-image.ljcdn.com/110000-inspection/pc1_appz1DY1C.jpg!m_fill,w_280,h_210,f_jpg?from=ke.com
20230807,海淀,海淀北部新区,101118851991,环保嘉苑高楼层两居室满五年有钥匙看房随时必看好房,530万,57861元/平,高楼层 (共9层) | 2015年建 | 2室1厅 | 91.6平米 | 东,https://ke-image.ljcdn.com/110000-inspection/ca7b53dd-234f-47bc-b7d1-422a9f77bf7c_1000.jpg!m_fill,w_280,h_210,f_jpg?from=ke.com
20230807,海淀,海淀北部新区,101118842072,海淀北部新区洋房品质满五唯一平层大四居诚意出售房主自荐,1045万,62029元/平,低楼层 (共8层) 4室2厅 | 168.47平米 | 南 北,https://ke-image.ljcdn.com/110000-inspection/pc1_kBttMB1hU.jpg!m_fill,w_280,h_210,f_jpg?from=ke.com
20230807,海淀,海淀北部新区,101118673654,林语公馆  次顶层采光好  精装修南北双通透必看好房,888万,61659元/平,高楼层 (共8层) 3室2厅 | 144.02平米 | 南 北,https://ke-image.ljcdn.com/110000-inspection/689621fc-ce7e-410b-bb68-8e498c9e1096_1000.jpg!m_fill,w_280,h_210,f_jpg?from=ke.com
20230807,海淀,海淀北部新区,101118618478,保利西山林语 2室1厅 西南必看好房,560万,61552元/平,高楼层 (共7层) | 2010年建 | 2室1厅 | 90.98平米 | 西南,https://ke-image.ljcdn.com/110000-inspection/6a470ccd-631e-496f-8d5f-1c6c594ae10e_1000.jpg!m_fill,w_280,h_210,f_jpg?from=ke.com
20230807,海淀,海淀北部新区,101118544382,海淀嘉郡 商品房 精装修 有电梯 万科物业 满五唯一房主自荐,480.88万,56701元/平,顶层 (共16层) 2室2厅 | 84.81平米 | 南,https://ke-image.ljcdn.com/110000-inspection/9068bca2-4e16-4eb2-8325-ade5202c4e63_1000.jpg!m_fill,w_280,h_210,f_jpg?from=ke.com
20230807,海淀,海淀北部新区,101118404956,海淀北部新区  五环外  两居室     区域环境好必看好房,288万,45985元/平,顶层 (共6层) | 2011年建 | 2室1厅 | 62.63平米 | 南 北,https://ke-image.ljcdn.com/110000-inspection/pc1_uQQfBRRRz.jpg!m_fill,w_280,h_210,f_jpg?from=ke.com
20230807,海淀,海淀北部新区,101118306543,南北通透 满五唯一 中间楼层 看房方便,349.8万,52562元/平,中楼层 (共15层) 1室1厅 | 66.55平米 | 南 北,https://ke-image.ljcdn.com/110000-inspection/pc1_Om02r3FtH_1.jpg!m_fill,w_280,h_210,f_jpg?from=ke.com
20230807,海淀,海淀北部新区,101117602851,环山村主动南北两居室户型方正业主配合签约必看好房,309万,51159元/平,高楼层 (共6层) 2室1厅 | 60.4平米 | 南 北,https://ke-image.ljcdn.com/110000-inspection/pc1_kFDxngGEU.jpg!m_fill,w_280,h_210,f_jpg?from=ke.com
20230807,海淀,海淀北部新区,101117278221,业主诚意出售 满五年  中间楼层  随时签约,460万,66092元/平,低楼层 (共11层) | 2007年建 | 1室1厅 | 69.6平米 | 东,https://ke-image.ljcdn.com/110000-inspection/8b9fc5a7-5dbe-4305-bc70-c489f9bdc063_1000.jpg!m_fill,w_280,h_210,f_jpg?from=ke.com
20230807,海淀,海淀北部新区,101116847657,满五唯一两居室小区中间位置精装修必看好房,550万,61166元/平,低楼层 (共8层) 2室1厅 | 89.92平米 | 南 北,https://ke-image.ljcdn.com/110000-inspection/fccdb62e-b103-417f-b151-9af6ff0c1535_1000.jpg!m_fill,w_280,h_210,f_jpg?from=ke.com
20230807,海淀,海淀北部新区,101119953604,保利西山林语 3室2厅 南 北必看好房,899万,61265元/平,中楼层 (共7层) 3室2厅 | 146.74平米 | 南 北,https://ke-image.ljcdn.com/110000-inspection/pc1_2XYkjXDkG.jpg!m_fill,w_280,h_210,f_jpg?from=ke.com
20230807,海淀,海淀北部新区,101119764972,保利西山林语 两居室 中间楼层  看房有钥匙必看好房,539万,59526元/平,中楼层 (共8层) | 2011年建 | 2室1厅 | 90.55平米 | 南 北,https://ke-image.ljcdn.com/110000-inspection/pc1_Z59c6kfp8_1.jpg!m_fill,w_280,h_210,f_jpg?from=ke.com
20230807,海淀,海淀北部新区,101119603475,林语公馆 南北大三居 精装修 中间层 看房方便有钥匙,940万,64397元/平,中楼层 (共8层) 3室2厅 | 145.97平米 | 南 北,https://ke-image.ljcdn.com/110000-inspection/0d6ae794-c600-4372-bff0-6cb2dd39eb7c_1000.jpg!m_fill,w_280,h_210,f_jpg?from=ke.com
20230807,海淀,海淀北部新区,101118532220,百旺府南北两居室 中间位置 诚意出售 看房方便,613万,65759元/平,低楼层 (共11层) | 2009年建 | 2室1厅 | 93.22平米 | 南 北,https://ke-image.ljcdn.com/110000-inspection/ef362e0b-7394-482f-b03b-3d7538a8534c_1000.jpg!m_fill,w_280,h_210,f_jpg?from=ke.com
20230807,海淀,海淀北部新区,101118385532,海淀北部新区品质生活区临近环保科技园房主自荐,1288万,54457元/平,中楼层 (共5层) 4室2厅 | 236.52平米 | 南 北,https://ke-image.ljcdn.com/110000-inspection/pc1_hoHwG2vaa.jpg!m_fill,w_280,h_210,f_jpg?from=ke.com
20230807,海淀,海淀北部新区,101114763020,冠城大通百旺府 精装修下跃 有车位 次新房,1499万,58958元/平,底层 (共7层) | 2018年建 | 5室2厅 | 254.25平米 | 南 北,https://ke-image.ljcdn.com/110000-inspection/pc1_Obo332Z31.jpg!m_fill,w_280,h_210,f_jpg?from=ke.com
20230807,海淀,海淀北部新区,101120279622,正源尚峰尚水 2室1厅 南必看好房,240万,30110元/平,低楼层 (共10层) 2室1厅 | 79.71平米 | 南,https://s1.ljcdn.com/pegasus/redskull/images/common/default_house_list.png?_v=20230724175852780
20230807,海淀,海淀北部新区,101120120300,海淀嘉郡 2016 万科物业 南北通透 有地下车位,475万,59102元/平,中楼层 (共16层) 2室2厅 | 80.37平米 | 南 北,https://s1.ljcdn.com/pegasus/redskull/images/common/default_house_list.png?_v=20230724175852780
20230807,海淀,海淀北部新区,101119869398,好房推荐 正源尚峰尚水尚品园 精装修 随时能看房必看好房,208万,39157元/平,中楼层 (共5层) 4室1厅 | 53.12平米 | 东,https://s1.ljcdn.com/pegasus/redskull/images/common/default_house_list.png?_v=20230724175852780
20230807,海淀,海淀北部新区,101120410312,西山林场家属院 3室1厅 南 北新上,426万,65238元/平,中楼层 (共4层) | 1986年建 | 3室1厅 | 65.3平米 | 南 北,https://ke-image.ljcdn.com/110000-inspection/51b3ada8-82d8-49db-b825-90e95b2d8e90_1000.jpg!m_fill,w_280,h_210,f_jpg?from=ke.com
20230807,海淀,海淀北部新区,101120379793,海淀嘉郡 次新小区2016年 万科物业 卫生间带窗户新上,612万,63904元/平,中楼层 (共16层) 3室2厅 | 95.77平米 | 南 北,https://ke-image.ljcdn.com/110000-inspection/eba0ab58-1117-4995-9384-e01d5dd8624f_1000.jpg!m_fill,w_280,h_210,f_jpg?from=ke.com
20230807,海淀,海淀北部新区,101120372009,首创天阅西山优质房源位置好中高楼层自住精装修。新上,1850万,102431元/平,高楼层 (共25层) 4室2厅 | 180.61平米 | 南 北,https://ke-image.ljcdn.com/110000-inspection/b1689db3-8d8f-4845-9d75-6f7324ae676c_1000.jpg!m_fill,w_280,h_210,f_jpg?from=ke.com
20230807,海淀,海淀北部新区,101120331513,上庄馨瑞嘉园 1室1厅 南,360万,52647元/平,中楼层 (共16层) | 2013年建 | 1室1厅 | 68.38平米 | 南,https://ke-image.ljcdn.com/110000-inspection/7947f0fa-7744-4230-9920-ffaf1f2263fb_1000.jpg!m_fill,w_280,h_210,f_jpg?from=ke.com
20230807,海淀,海淀北部新区,101120320122,2016年小区海淀嘉郡万科物业,450万,56491元/平,高楼层 (共16层) 2室1厅 | 79.66平米 | 南 北,https://ke-image.ljcdn.com/110000-inspection/8c6604ff-277e-45b4-9a2f-f628d30e2916_1000.jpg!m_fill,w_280,h_210,f_jpg?from=ke.com
20230807,海淀,海淀北部新区,101120312531,海淀嘉郡南北通透中高采光好户型好参考户型图。房主自荐,558万,58694元/平,高楼层 (共16层) 3室2厅 | 95.07平米 | 南 北,https://ke-image.ljcdn.com/110000-inspection/pc1_w7wOrpbFV.jpg!m_fill,w_280,h_210,f_jpg?from=ke.com
20230807,海淀,海淀北部新区,101120294327,海淀嘉郡 2室1厅 南 北,456万,57186元/平,中楼层 (共16层) 2室1厅 | 79.74平米 | 南 北,https://ke-image.ljcdn.com/110000-inspection/7e98a731-7a16-4663-a3c2-ad6d7d9c6fbb_1000.jpg!m_fill,w_280,h_210,f_jpg?from=ke.com
20230807,海淀,海淀北部新区,101120260068,纯南向两居室 低楼层 物业负责 八毛物业费 居住成本低,360万,68966元/平,中楼层 (共4层) | 1982年建 | 2室1厅 | 52.2平米 | 南,https://ke-image.ljcdn.com/110000-inspection/26000c76-1a3e-4bbd-94fa-88ecfbb5705d_1000.jpg!m_fill,w_280,h_210,f_jpg?from=ke.com
20230807,海淀,海淀北部新区,101120256504,保利·西山林语  小区中间位置 精装修 南北通透两居室房主自荐,590万,65614元/平,顶层 (共8层) 2室1厅 | 89.92平米 | 南 北,https://ke-image.ljcdn.com/110000-inspection/pc1_w8JYaoVMe.jpg!m_fill,w_280,h_210,f_jpg?from=ke.com
20230807,海淀,海淀北部新区,101120247451,北分厂 2室1厅 南,370万,65372元/平,顶层 (共4层) | 1993年建 | 2室1厅 | 56.6平米 | 南,https://ke-image.ljcdn.com/110000-inspection/ad875f7b-f08d-436a-8edd-9d13dce0e957_1000.jpg!m_fill,w_280,h_210,f_jpg?from=ke.com
20230807,海淀,海淀北部新区,101120246379,海淀北部新区三嘉信苑现在是商品房房本房主自荐,278万,75936元/平,中楼层 (共6层) | 2011年建 | 1室1厅 | 36.61平米 | 西,https://ke-image.ljcdn.com/110000-inspection/b0a9a790-9fb7-4c49-a55c-d08016b95cdc_1000.jpg!m_fill,w_280,h_210,f_jpg?from=ke.com
20230807,海淀,海淀北部新区,101120209206,保利西山林语  视野好 小区好位置 不临街,368万,76238元/平,顶层 (共8层) | 2010年建 | 1室1厅 | 48.27平米 | 南,https://ke-image.ljcdn.com/110000-inspection/8f7fa75b-09df-4e06-9379-60b4dfb8e0e7_1000.jpg!m_fill,w_280,h_210,f_jpg?from=ke.com
20230807,海淀,海淀北部新区,101120206940,保利三期 满五唯一 南北通透 精装两居 看房方便房主自荐,555万,60643元/平,底层 (共8层) | 2011年建 | 2室1厅 | 91.52平米 | 南 北,https://ke-image.ljcdn.com/110000-inspection/pc1_oviTwm9Vb.jpg!m_fill,w_280,h_210,f_jpg?from=ke.com
20230807,海淀,海淀北部新区,101120127250,海淀嘉郡南北通透满五唯一出行方便物业管理好房主自荐,460万,59601元/平,底层 (共11层) 2室1厅 | 77.18平米 | 南 北,https://ke-image.ljcdn.com/110000-inspection/pc1_W3TlibTrN.jpg!m_fill,w_280,h_210,f_jpg?from=ke.com
20230807,海淀,海淀北部新区,101120120036,南北向三居室户型方正精装修业主诚意出售房主自荐,600万,65296元/平,高楼层 (共6层) 3室1厅 | 91.89平米 | 南 北,https://ke-image.ljcdn.com/110000-inspection/fcd74047-a13f-4ab9-ab3c-3ce079f778c4_1000.jpg!m_fill,w_280,h_210,f_jpg?from=ke.com
20230807,海淀,海淀北部新区,101120112385,海淀嘉郡 南北通透 满五唯一 楼层好,468万,58166元/平,中楼层 (共16层) 2室1厅 | 80.46平米 | 南 北,https://ke-image.ljcdn.com/110000-inspection/c7a69335-ac7f-4a78-ad31-c10b00507e52_1000.jpg!m_fill,w_280,h_210,f_jpg?from=ke.com
20230807,海淀,海淀北部新区,101120107224,海淀嘉郡 2室1厅 南,490万,54682元/平,低楼层 (共16层) 2室1厅 | 89.61平米 | 南,https://ke-image.ljcdn.com/110000-inspection/pc1_qKW6hJJ5M_1.jpg!m_fill,w_280,h_210,f_jpg?from=ke.com
20230807,海淀,海淀北部新区,101120090354,海淀北部新区  上庄镇  海淀嘉郡 两居室房主自荐,508万,56754元/平,中楼层 (共16层) 2室1厅 | 89.51平米 | 南,https://ke-image.ljcdn.com/110000-inspection/pc1_hcRRHJOJO.jpg!m_fill,w_280,h_210,f_jpg?from=ke.com
20230807,海淀,海淀北部新区,101120084936,北分厂南北通透两居中间楼层无遮挡 近地铁诚意出售,309万,64510元/平,低楼层 (共3层) 2室1厅 | 47.9平米 | 南 北,https://ke-image.ljcdn.com/110000-inspection/pc1_1Ru7H6cdy.jpg!m_fill,w_280,h_210,f_jpg?from=ke.com
20230807,海淀,海淀北部新区,101120074592,保利西山林语 3室2厅 南 北,1100万,74080元/平,低楼层 (共8层) 3室2厅 | 148.49平米 | 南 北,https://ke-image.ljcdn.com/110000-inspection/pc1_VcBfKkue3.jpg!m_fill,w_280,h_210,f_jpg?from=ke.com
20230807,海淀,海淀北部新区,101120033386,海淀嘉郡 2室1厅 南 北,460万,55183元/平,顶层 (共11层) 2室1厅 | 83.36平米 | 南 北,https://ke-image.ljcdn.com/110000-inspection/9a2b830e-d7b3-4c85-b737-c340d1790fae_1000.jpg!m_fill,w_280,h_210,f_jpg?from=ke.com
20230807,海淀,海淀北部新区,101120012918,海淀嘉郡 满五唯一 南北通透 采光好,525万,58910元/平,高楼层 (共16层) 3室1厅 | 89.12平米 | 东 南 北,https://ke-image.ljcdn.com/110000-inspection/pc1_hnm9nbglc.jpg!m_fill,w_280,h_210,f_jpg?from=ke.com
20230807,海淀,海淀北部新区,101119966318,北京温泉北京分析仪器厂家属宿舍,350万,62057元/平,低楼层 (共6层) | 1965年建 | 2室1厅 | 56.4平米 | 南 北,https://ke-image.ljcdn.com/110000-inspection/pc1_RV5w6ie4i.jpg!m_fill,w_280,h_210,f_jpg?from=ke.com
20230807,海淀,海淀北部新区,101119958041,首创天阅西山 南北四居 四面宽朝南 精装修 全明格局,1880万,104098元/平,低楼层 (共18层) 4室2厅 | 180.6平米 | 南 北,https://ke-image.ljcdn.com/110000-inspection/0362c4d3-b7d3-4df8-9157-43e5a15c3016_1000.jpg!m_fill,w_280,h_210,f_jpg?from=ke.com
20230807,海淀,海淀北部新区,101119941915,冷泉林语山庄二区 中间楼层 大一居,435万,77804元/平,中楼层 (共8层) 1室1厅 | 55.91平米 | 东 西 北,https://ke-image.ljcdn.com/110000-inspection/pc1_5QlLboA6q.jpg!m_fill,w_280,h_210,f_jpg?from=ke.com
20230807,海淀,海淀北部新区,101119936842,海淀嘉郡 2016年 万科物业 带电梯 南北通透房主自荐,595万,62422元/平,中楼层 (共16层) | 2016年建 | 3室1厅 | 95.32平米 | 南 北,https://ke-image.ljcdn.com/110000-inspection/pc1_dmzIg5qPx.jpg!m_fill,w_280,h_210,f_jpg?from=ke.com
20230807,海淀,海淀北部新区,101119928179,海淀嘉郡 2016 万科物业 满五唯一 有电梯 南北三居,550万,57114元/平,低楼层 (共16层) 3室2厅 | 96.3平米 | 南 北,https://ke-image.ljcdn.com/110000-inspection/pc1_nf8vLKHZC.jpg!m_fill,w_280,h_210,f_jpg?from=ke.com
20230807,海淀,海淀北部新区,101119919062,海淀北部新区  五环外   上庄馨瑞嘉园  南向一居室,385万,54899元/平,中楼层 (共15层) 1室1厅 | 70.13平米 | 南,https://ke-image.ljcdn.com/110000-inspection/pc1_bNBwv583c.jpg!m_fill,w_280,h_210,f_jpg?from=ke.com
20230807,海淀,海淀北部新区,101119916872,海淀嘉郡 2016 万科物业 高楼层 有电梯 两梯三户,540万,60329元/平,顶层 (共16层) 2室1厅 | 89.51平米 | 南,https://ke-image.ljcdn.com/110000-inspection/b0cdc5c7-51e1-4944-9a3d-bc537cc54bcd_1000.jpg!m_fill,w_280,h_210,f_jpg?from=ke.com
20230807,海淀,海淀北部新区,101119900707,上庄家园 满五年唯一 低楼层 采光好,345万,56281元/平,低楼层 (共6层) | 1984年建 | 3室1厅 | 61.3平米 | 南 北,https://ke-image.ljcdn.com/110000-inspection/pc1_m71QlQ9yA.jpg!m_fill,w_280,h_210,f_jpg?from=ke.com
20230807,海淀,海淀北部新区,101119887874,南北向两居室满五年唯一精装修业主诚意出售,450万,58503元/平,高楼层 (共6层) 2室1厅 | 76.92平米 | 南 北,https://ke-image.ljcdn.com/110000-inspection/c74d44a4-b196-4caf-b2cc-9302a0df9c13_1000.jpg!m_fill,w_280,h_210,f_jpg?from=ke.com
20230807,海淀,海淀北部新区,101119882014,保利西山林语  南北通透 低楼层 诚售,520万,57031元/平,底层 (共8层) | 2010年建 | 2室1厅 | 91.18平米 | 南 北,https://ke-image.ljcdn.com/110000-inspection/pc1_AcPmQ2UKw.jpg!m_fill,w_280,h_210,f_jpg?from=ke.com
20230807,海淀,海淀北部新区,101119879270,北分厂 2室1厅 南 北,335万,59188元/平,中楼层 (共6层) 2室1厅 | 56.6平米 | 南 北,https://ke-image.ljcdn.com/110000-inspection/pc1_dI7I0KZo8.jpg!m_fill,w_280,h_210,f_jpg?from=ke.com
20230807,海淀,海淀北部新区,101119872062,保利西山林语 南向一居室 中间楼层 随时签字,388万,79541元/平,中楼层 (共8层) | 2011年建 | 1室1厅 | 48.78平米 | 南,https://ke-image.ljcdn.com/110000-inspection/pc1_V81baLP7U.jpg!m_fill,w_280,h_210,f_jpg?from=ke.com
20230807,海淀,海淀北部新区,101119857652,北分厂 2室1厅 南 北,355万,62721元/平,顶层 (共4层) | 1959年建 | 2室1厅 | 56.6平米 | 南 北,https://ke-image.ljcdn.com/110000-inspection/6e438187-005c-437e-8db7-8bd7cd7af32f_1000.jpg!m_fill,w_280,h_210,f_jpg?from=ke.com
20230807,海淀,海淀北部新区,101119857259,海淀嘉郡 2室1厅 南 北,475.6万,59133元/平,高楼层 (共16层) 2室1厅 | 80.43平米 | 南 北,https://ke-image.ljcdn.com/110000-inspection/4e80d854-5609-4457-bd17-647aa81d4886_1000.jpg!m_fill,w_280,h_210,f_jpg?from=ke.com
20230807,海淀,海淀北部新区,101119850726,上庄馨瑞嘉园 1室1厅 南,365万,53891元/平,高楼层 (共16层) | 2013年建 | 1室1厅 | 67.73平米 | 南,https://ke-image.ljcdn.com/110000-inspection/pc1_vmO7BkfC5.jpg!m_fill,w_280,h_210,f_jpg?from=ke.com
20230807,海淀,海淀北部新区,101119827538,三嘉信苑 2室1厅 东 西,345万,49655元/平,中楼层 (共9层) | 2011年建 | 2室1厅 | 69.48平米 | 东 西,https://ke-image.ljcdn.com/110000-inspection/pc1_ziYA59ybr_1.jpg!m_fill,w_280,h_210,f_jpg?from=ke.com
20230807,海淀,海淀北部新区,101119825057,海淀嘉郡 2室1厅 南,495万,58011元/平,中楼层 (共16层) 2室1厅 | 85.33平米 | 南,https://ke-image.ljcdn.com/110000-inspection/9a9ea417-b939-420c-a86f-3e7fb6d0c4d7_1000.jpg!m_fill,w_280,h_210,f_jpg?from=ke.com
20230807,海淀,海淀北部新区,101119819101,上庄馨瑞嘉园 1室1厅 南,368万,52118元/平,低楼层 (共15层) 1室1厅 | 70.61平米 | 南,https://ke-image.ljcdn.com/110000-inspection/129eaeec-b384-4561-a9c6-1b11c65c9f13_1000.jpg!m_fill,w_280,h_210,f_jpg?from=ke.com
20230807,海淀,海淀北部新区,101119806870,靠谱签约 诚意出售 中间楼层 可以贷款,365万,53891元/平,中楼层 (共16层) | 2013年建 | 2室1厅 | 67.73平米 | 南,https://ke-image.ljcdn.com/110000-inspection/pc1_P2shTmQMG.jpg!m_fill,w_280,h_210,f_jpg?from=ke.com
20230807,海淀,海淀北部新区,101119790837,海淀北部新区  五环外  海淀嘉郡  楼龄新  物业好,460万,57236元/平,顶层 (共16层) 2室1厅 | 80.37平米 | 南 北,https://ke-image.ljcdn.com/110000-inspection/pc1_r74SvEYc0.jpg!m_fill,w_280,h_210,f_jpg?from=ke.com
20230807,海淀,海淀北部新区,101119769270,首创天阅西山中间楼层不临街不把边采光视野好,1830万,101324元/平,中楼层 (共25层) 4室2厅 | 180.61平米 | 南 北,https://ke-image.ljcdn.com/110000-inspection/283aced9-64da-45ea-bd58-083391b7523f_1000.jpg!m_fill,w_280,h_210,f_jpg?from=ke.com
20230807,海淀,海淀北部新区,101119762442,海淀70年产权 中铁环保嘉苑 全南向 中间楼层 精装修,555万,64423元/平,中楼层 (共7层) 2室1厅 | 86.15平米 | 南,https://ke-image.ljcdn.com/110000-inspection/785a8da8-ddd3-4e9d-a70c-696db4b271db_1000.jpg!m_fill,w_280,h_210,f_jpg?from=ke.com
20230807,海淀,海淀北部新区,101119757707,西山林场家属院 2室1厅 南 北,370万,67396元/平,底层 (共4层) 2室1厅 | 54.9平米 | 南 北,https://ke-image.ljcdn.com/110000-inspection/1837bc80-3757-4607-9c4b-c07e991deb65_1000.jpg!m_fill,w_280,h_210,f_jpg?from=ke.com
20230807,海淀,海淀北部新区,101119756819,海淀北部新区 五环外  小户型  这种房源少,278万,75936元/平,底层 (共6层) | 2011年建 | 1室0厅 | 36.61平米 | 西,https://ke-image.ljcdn.com/110000-inspection/pc1_zWF6O52fY.jpg!m_fill,w_280,h_210,f_jpg?from=ke.com
20230807,海淀,海淀北部新区,101119729309,海淀嘉郡 2016 万科物业 小三居 带电梯 视野好房主自荐,511万,56943元/平,顶层 (共16层) | 2016年建 | 3室2厅 | 89.74平米 | 东 南 北,https://ke-image.ljcdn.com/110000-inspection/4dffa084-53ca-4202-92db-2de5b55c4d7a_1000.jpg!m_fill,w_280,h_210,f_jpg?from=ke.com
20230807,海淀,海淀北部新区,101119717259,30万精装修 满五唯一两居室 配套齐全 客厅两面采光,458万,59543元/平,高楼层 (共6层) 2室1厅 | 76.92平米 | 西南 北,https://ke-image.ljcdn.com/110000-inspection/pc1_nvS4rkXd4.jpg!m_fill,w_280,h_210,f_jpg?from=ke.com
20230807,海淀,海淀北部新区,101119706116,中关村环保园区内方正户型三居室满五唯一,650万,65591元/平,低楼层 (共9层) | 2015年建 | 3室1厅 | 99.1平米 | 东 北,https://ke-image.ljcdn.com/110000-inspection/pc1_RcCjxIumD.jpg!m_fill,w_280,h_210,f_jpg?from=ke.com
20230807,海淀,海淀北部新区,101119700731,海淀嘉郡 2室1厅 南,485万,56712元/平,高楼层 (共16层) 2室1厅 | 85.52平米 | 南,https://ke-image.ljcdn.com/110000-inspection/337842f0-49d2-449a-bf33-c894f52aacbb_1000.jpg!m_fill,w_280,h_210,f_jpg?from=ke.com
20230807,海淀,海淀北部新区,101119689434,正源尚峰尚水 2室1厅 南 北,765万,71710元/平,高楼层 (共9层) 2室1厅 | 106.68平米 | 南 北,https://ke-image.ljcdn.com/110000-inspection/pc1_O80vJ4F2O.jpg!m_fill,w_280,h_210,f_jpg?from=ke.com
20230807,海淀,海淀北部新区,101119685001,馨瑞嘉园商品房位置好诚意出售2部电梯4户。,349万,50979元/平,低楼层 (共13层) | 2013年建 | 1室1厅 | 68.46平米 | 南,https://ke-image.ljcdn.com/110000-inspection/55be5358-b1db-496b-a902-3d29518e06c6_1000.jpg!m_fill,w_280,h_210,f_jpg?from=ke.com
20230807,海淀,海淀北部新区,101119682856,环保园区内全东向两居中间楼层方正户型观景房房主自荐,600万,67265元/平,中楼层 (共7层) | 2015年建 | 3室1厅 | 89.2平米 | 东,https://ke-image.ljcdn.com/110000-inspection/pc1_8yoQssYFx.jpg!m_fill,w_280,h_210,f_jpg?from=ke.com
20230807,海淀,海淀北部新区,101119646491,保利西山林语 2室1厅 南 北,650万,68944元/平,中楼层 (共8层) | 2010年建 | 2室1厅 | 94.28平米 | 南 北,https://ke-image.ljcdn.com/110000-inspection/8a13661e-a162-4397-ba9d-a68e06a5ac6e_1000.jpg!m_fill,w_280,h_210,f_jpg?from=ke.com
20230807,海淀,海淀北部新区,101119635943,首付148万即可 满五年唯一 南北通透 客厅朝南 采光好房主自荐,365万,53685元/平,顶层 (共6层) | 2000年建 | 2室1厅 | 67.99平米 | 南 北,https://ke-image.ljcdn.com/110000-inspection/8343caf6-0690-4566-9c1c-e364563c9882_1000.jpg!m_fill,w_280,h_210,f_jpg?from=ke.com
20230807,海淀,海淀北部新区,101119622525,海淀嘉郡 2016年 万科物业 全南两居 两梯三户 可贷款,475万,53383元/平,顶层 (共16层) | 2016年建 | 2室1厅 | 88.98平米 | 南,https://ke-image.ljcdn.com/110000-inspection/6ea7d602-3562-417d-b6b0-c2fdfcf83994_1000.jpg!m_fill,w_280,h_210,f_jpg?from=ke.com
20230807,海淀,海淀北部新区,101119610749,保利三期 主打南向一居 中高楼层 精装修 看房方便,378万,77555元/平,中楼层 (共8层) | 2010年建 | 1室1厅 | 48.74平米 | 南,https://ke-image.ljcdn.com/110000-inspection/pc1_SKNVKokEs.jpg!m_fill,w_280,h_210,f_jpg?from=ke.com
20230807,海淀,海淀北部新区,101119581226,保利西山林语   精装三居室  业主诚意出售,660万,69089元/平,中楼层 (共8层) | 2010年建 | 3室1厅 | 95.53平米 | 南 北,https://ke-image.ljcdn.com/110000-inspection/8d7ee8c8-16e3-4c10-acba-45db308c940a_1000.jpg!m_fill,w_280,h_210,f_jpg?from=ke.com
20230807,海淀,海淀北部新区,101119572071,海淀北部新区  五环外   海淀上郡  楼龄新有电梯,330万,49159元/平,中楼层 (共21层) 1室2厅 | 67.13平米 | 东 西,https://ke-image.ljcdn.com/110000-inspection/pc1_GEjrLZp67_1.jpg!m_fill,w_280,h_210,f_jpg?from=ke.com
20230807,海淀,海淀北部新区,101119544918,中间楼层  满五唯一  海淀产权 南北通透,320万,50553元/平,中楼层 (共6层) | 2011年建 | 2室1厅 | 63.3平米 | 南 北,https://ke-image.ljcdn.com/110000-inspection/d6bc67c4-3740-4912-8c10-401ac7a3c968_1000.jpg!m_fill,w_280,h_210,f_jpg?from=ke.com
20230807,海淀,海淀北部新区,101119511552,北分厂 北清路上 地铁温阳路站 97年的房子,410万,70984元/平,底层 (共6层) 2室1厅 | 57.76平米 | 南 北,https://ke-image.ljcdn.com/110000-inspection/8616b447-523a-4c1a-a880-e2dd5bb35450_1000.jpg!m_fill,w_280,h_210,f_jpg?from=ke.com
20230807,海淀,海淀北部新区,101119505002,环保嘉苑 全明三居室 凯盛旁 小区楼龄新 看房方便,645万,59207元/平,低楼层 (共9层) | 2015年建 | 3室1厅 | 108.94平米 | 东 南 北,https://ke-image.ljcdn.com/110000-inspection/pc1_phpZtoryC.jpg!m_fill,w_280,h_210,f_jpg?from=ke.com
20230807,海淀,海淀北部新区,101119465353,海淀北部新区  五环外  物业好   楼间距大,450万,56194元/平,低楼层 (共16层) 2室1厅 | 80.08平米 | 北 南,https://ke-image.ljcdn.com/110000-inspection/168fb997-0fa2-44fd-b76b-653b303c239f_1000.jpg!m_fill,w_280,h_210,f_jpg?from=ke.com
20230807,海淀,海淀北部新区,101119450063,海淀产权 上庄馨瑞嘉园 南北通透 两居 高楼层 带电梯,465万,52495元/平,高楼层 (共15层) 2室2厅 | 88.58平米 | 南 北,https://ke-image.ljcdn.com/110000-inspection/pc1_MUAcXhnYG.jpg!m_fill,w_280,h_210,f_jpg?from=ke.com
20230807,海淀,海淀北部新区,101119417258,老年医院家属楼 2室0厅 南 北,350万,63521元/平,中楼层 (共4层) | 1983年建 | 2室0厅 | 55.1平米 | 南 北,https://ke-image.ljcdn.com/110000-inspection/pc1_KI1hbdclO.jpg!m_fill,w_280,h_210,f_jpg?from=ke.com
20230807,海淀,海淀北部新区,101119416600,保利西山林语 3室2厅 南 北,940万,64038元/平,低楼层 (共8层) | 2009年建 | 3室2厅 | 146.79平米 | 南 北,https://ke-image.ljcdn.com/110000-inspection/pc1_bw5PsBGdr.jpg!m_fill,w_280,h_210,f_jpg?from=ke.com
20230807,海淀,海淀北部新区,101119398449,满五唯一 中高楼层 诚意出售 看房方便,360万,50985元/平,高楼层 (共13层) | 2013年建 | 1室1厅 | 70.61平米 | 南,https://ke-image.ljcdn.com/110000-inspection/pc1_60U6NiPPe.jpg!m_fill,w_280,h_210,f_jpg?from=ke.com
20230807,海淀,海淀北部新区,101119396684,保利·西山林语  南向一居  满五唯一  业主诚意出售,328万,98381元/平,底层 (共8层) 1室1厅 | 33.34平米 | 南,https://ke-image.ljcdn.com/110000-inspection/7ce6e240-7c78-4d92-97b3-dc98b5bbc61e_1000.jpg!m_fill,w_280,h_210,f_jpg?from=ke.com
20230807,海淀,海淀北部新区,101119387480,环山村 满五唯一 南北二居室 有钥匙随时看,350万,53930元/平,中楼层 (共6层) 2室1厅 | 64.9平米 | 南 北,https://ke-image.ljcdn.com/110000-inspection/107eac0d-4eed-4e6d-bde3-cac2bcd03fdf_1000.jpg!m_fill,w_280,h_210,f_jpg?from=ke.com
20230807,海淀,海淀北部新区,101119370337,海淀北部新区环保科技示范园区地铁16号线沿线,310万,64719元/平,低楼层 (共3层) 2室1厅 | 47.9平米 | 南 北,https://ke-image.ljcdn.com/110000-inspection/852f00f9-6a29-48b9-9e51-a3862b390508_1000.jpg!m_fill,w_280,h_210,f_jpg?from=ke.com
20230807,海淀,海淀北部新区,101119327958,满五唯一 商品房 楼龄新 一梯两户 南北通透,499万,53398元/平,高楼层 (共6层) 3室1厅 | 93.45平米 | 南 北,https://ke-image.ljcdn.com/110000-inspection/pc1_kz4MgPtmZ.jpg!m_fill,w_280,h_210,f_jpg?from=ke.com
20230807,海淀,海淀北部新区,101119275473,三嘉信苑满五唯一视野好采光充足诚意出售。,305万,48699元/平,高楼层 (共7层) 2室1厅 | 62.63平米 | 南 北,https://ke-image.ljcdn.com/110000-inspection/pc1_hbRCWGrfj.jpg!m_fill,w_280,h_210,f_jpg?from=ke.com
20230807,海淀,海淀北部新区,101119275221,冷泉林语山庄二区 高楼层 视野好 全明格局,676万,69785元/平,高楼层 (共8层) | 2010年建 | 2室1厅 | 96.87平米 | 南 北,https://ke-image.ljcdn.com/110000-inspection/pc1_n6TYjncEm.jpg!m_fill,w_280,h_210,f_jpg?from=ke.com
20230807,海淀,海淀北部新区,101119266967,海淀北环保园区内婚房装修两居室满五年唯一,598万,65889元/平,中楼层 (共7层) | 2015年建 | 2室2厅 | 90.76平米 | 南 北,https://ke-image.ljcdn.com/110000-inspection/pc1_veSS2heio.jpg!m_fill,w_280,h_210,f_jpg?from=ke.com
20230807,海淀,海淀北部新区,101119263086,海淀北部新区  海淀上郡   楼龄新   区域环境好,360万,54463元/平,高楼层 (共21层) 1室1厅 | 66.1平米 | 西,https://ke-image.ljcdn.com/110000-inspection/3381ef4b-857b-44c2-abbf-1c56912416c1_1000.jpg!m_fill,w_280,h_210,f_jpg?from=ke.com
20230807,海淀,海淀北部新区,101119260830,上庄馨瑞嘉园满五唯一中高层两部电梯四户。,355万,51742元/平,顶层 (共13层) | 2013年建 | 1室1厅 | 68.61平米 | 南,https://ke-image.ljcdn.com/110000-inspection/836b7e5a-003e-4e8b-af74-b04dfa7e0c23_1000.jpg!m_fill,w_280,h_210,f_jpg?from=ke.com
20230807,海淀,海淀北部新区,101119258070,保利西山林语 2室1厅 南 北,590万,65614元/平,低楼层 (共8层) | 2010年建 | 2室1厅 | 89.92平米 | 南 北,https://ke-image.ljcdn.com/110000-inspection/c9dfd680-55b8-44db-94bd-bf94ef49f4d5_1000.jpg!m_fill,w_280,h_210,f_jpg?from=ke.com
20230807,海淀,海淀北部新区,101119248318,中低楼层南北通透三居室简单装修居住氛围好房主自荐,578万,62902元/平,低楼层 (共6层) 3室2厅 | 91.89平米 | 南 北,https://ke-image.ljcdn.com/110000-inspection/pc1_bROis3CYu.jpg!m_fill,w_280,h_210,f_jpg?from=ke.com
20230807,海淀,海淀北部新区,101119233630,保利西山林语  满五唯一  业主着急出售  看房随时,580万,61034元/平,底层 (共8层) 2室1厅 | 95.03平米 | 南 北,https://ke-image.ljcdn.com/110000-inspection/bd3629a6-a5fe-4264-a727-26aa6d252c66_1000.jpg!m_fill,w_280,h_210,f_jpg?from=ke.com
20230807,海淀,海淀北部新区,101119214426,环保园区内全南向两居中间楼层方正户型观景房,570万,63638元/平,中楼层 (共9层) | 2015年建 | 2室1厅 | 89.57平米 | 南,https://ke-image.ljcdn.com/110000-inspection/pc1_TpeTMzoNm.jpg!m_fill,w_280,h_210,f_jpg?from=ke.com
20230807,海淀,海淀北部新区,101119207421,保利西山林语二期 人车分离 满五唯一 直通车库房主自荐,586万,69506元/平,底层 (共8层) | 2010年建 | 2室1厅 | 84.31平米 | 南 北,https://ke-image.ljcdn.com/110000-inspection/cbfee315-3da9-4003-8c04-74eacf1a8640_1000.jpg!m_fill,w_280,h_210,f_jpg?from=ke.com
20230807,海淀,海淀北部新区,101119205084,上庄馨瑞嘉园 1室1厅 南,390万,55320元/平,中楼层 (共14层) 1室1厅 | 70.5平米 | 南,https://ke-image.ljcdn.com/110000-inspection/7d594c56-b1fa-4954-bd7f-1dc1e351ef91_1000.jpg!m_fill,w_280,h_210,f_jpg?from=ke.com
20230807,海淀,海淀北部新区,101119204791,正源尚峰尚水 花园洋房 低密度园区 新风系统 人车分流,1080万,69615元/平,中楼层 (共8层) 3室2厅 | 155.14平米 | 南 北,https://ke-image.ljcdn.com/110000-inspection/pc1_YKv4t3M0E.jpg!m_fill,w_280,h_210,f_jpg?from=ke.com
20230807,海淀,海淀北部新区,101119200936,上庄馨瑞嘉园 2室2厅 南,335万,49520元/平,顶层 (共16层) | 2013年建 | 2室2厅 | 67.65平米 | 南,https://ke-image.ljcdn.com/110000-inspection/pc1_JT7yOa6L4_2.jpg!m_fill,w_280,h_210,f_jpg?from=ke.com
20230807,海淀,海淀北部新区,101119197244,三嘉信苑 2室1厅 南,335万,51515元/平,高楼层 (共10层) | 2011年建 | 2室1厅 | 65.03平米 | 南,https://ke-image.ljcdn.com/110000-inspection/97fc0cd2-9d78-4caf-8b50-ed98942d4bb2_1000.jpg!m_fill,w_280,h_210,f_jpg?from=ke.com
20230807,海淀,海淀北部新区,101119185558,首创天阅西山 中间楼层 精装修四居室,2090万,98912元/平,中楼层 (共25层) 4室2厅 | 211.3平米 | 南 北,https://ke-image.ljcdn.com/110000-inspection/40ca0477-992d-49ab-9b2b-672ae19bdbd4_1000.jpg!m_fill,w_280,h_210,f_jpg?from=ke.com
20230807,海淀,海淀北部新区,101119183692,保利西山林语 人车分离 观山  通风好 前面没有遮挡,658万,67913元/平,中楼层 (共8层) | 2010年建 | 2室1厅 | 96.89平米 | 南 北,https://ke-image.ljcdn.com/110000-inspection/dc2ebd67-e913-4203-b02d-df07a94d38af_1000.jpg!m_fill,w_280,h_210,f_jpg?from=ke.com
20230807,海淀,海淀北部新区,101119177111,中部位置 中高楼层南北双通透三居精致装修拎包入住房主自荐,898万,70020元/平,中楼层 (共10层) | 2012年建 | 3室2厅 | 128.25平米 | 南 北,https://ke-image.ljcdn.com/110000-inspection/7e172bac-ae93-4947-a7a3-8c4974a7b4c0_1000.jpg!m_fill,w_280,h_210,f_jpg?from=ke.com
20230807,海淀,海淀北部新区,101119175518,正源尚峰尚水尚居园 低密度 精装修 南北通透 中央空调,1050万,67395元/平,中楼层 (共8层) 3室2厅 | 155.8平米 | 南 北,https://ke-image.ljcdn.com/110000-inspection/pc1_nAaZoH07T.jpg!m_fill,w_280,h_210,f_jpg?from=ke.com
20230807,海淀,海淀北部新区,101119170461,保利西山林语 3室1厅 西南,650万,70783元/平,高楼层 (共8层) | 2010年建 | 3室1厅 | 91.83平米 | 西南,https://ke-image.ljcdn.com/110000-inspection/pc1_gbGhrW6p7.jpg!m_fill,w_280,h_210,f_jpg?from=ke.com
20230807,海淀,海淀北部新区,101119128939,海淀产权 满五唯一 居家装修 高楼层 靠谱签约 带电梯,339万,50052元/平,顶层 (共16层) | 2013年建 | 1室1厅 | 67.73平米 | 南,https://ke-image.ljcdn.com/110000-inspection/04f15a97-1a83-4d48-bda0-99691dacad18_1000.jpg!m_fill,w_280,h_210,f_jpg?from=ke.com
20230807,海淀,海淀北部新区,101119125746,楼龄新 南北通透 一梯两户  产权清晰 无抵押 商品房,498万,54846元/平,顶层 (共6层) 3室2厅 | 90.8平米 | 南 北,https://ke-image.ljcdn.com/110000-inspection/24da2a51-8035-44e8-862a-3db38ac3b0c4_1000.jpg!m_fill,w_280,h_210,f_jpg?from=ke.com
20230807,海淀,海淀北部新区,101119117556,房龄是97年的不影响组合贷款小区中间位置。,410万,64153元/平,低楼层 (共6层) 2室1厅 | 63.91平米 | 南 北,https://ke-image.ljcdn.com/110000-inspection/pc1_1LK4tIUtG.jpg!m_fill,w_280,h_210,f_jpg?from=ke.com
20230807,海淀,海淀北部新区,101119113917,保利西山林语  南北双通透  满五唯一  业主诚意出售,620万,64624元/平,中楼层 (共8层) | 2010年建 | 2室1厅 | 95.94平米 | 南 北,https://ke-image.ljcdn.com/110000-inspection/0664c2cc-887a-438f-b571-ca9ab29363fd_1000.jpg!m_fill,w_280,h_210,f_jpg?from=ke.com
20230807,海淀,海淀北部新区,101119103870,海淀北部新区五环外  海淀嘉郡   楼龄新  物业好,488万,57190元/平,中楼层 (共16层) 2室1厅 | 85.33平米 | 南,https://ke-image.ljcdn.com/110000-inspection/pc1_c4a34JJCq.jpg!m_fill,w_280,h_210,f_jpg?from=ke.com
20230807,海淀,海淀北部新区,101119074851,馨瑞嘉园商品房位置好诚意出售看房提前约,478万,54968元/平,高楼层 (共16层) 2室1厅 | 86.96平米 | 南 北,https://ke-image.ljcdn.com/110000-inspection/7e291c54-4fbc-4768-87ab-eeb9a3dbfe84_1000.jpg!m_fill,w_280,h_210,f_jpg?from=ke.com
20230807,海淀,海淀北部新区,101119043032,三嘉信苑 2室1厅 南 北,322万,50685元/平,高楼层 (共6层) | 2011年建 | 2室1厅 | 63.53平米 | 南 北,https://ke-image.ljcdn.com/110000-inspection/2250cc77-4657-45b5-b5ac-285ecc6dab3e_1000.jpg!m_fill,w_280,h_210,f_jpg?from=ke.com
20230807,海淀,海淀北部新区,101119040895,林语公馆  南北通透  满五唯一,640万,68538元/平,高楼层 (共7层) 3室1厅 | 93.38平米 | 南 北,https://ke-image.ljcdn.com/110000-inspection/19a41a21-0993-4ee8-860c-7ef3424b1533_1000.jpg!m_fill,w_280,h_210,f_jpg?from=ke.com
20230807,海淀,海淀北部新区,101118999311,环山村 2室1厅 南,330万,60219元/平,中楼层 (共4层) 2室1厅 | 54.8平米 | 南,https://ke-image.ljcdn.com/110000-inspection/cd2b77ed-1879-4695-ac69-2fb708bc25a8_1000.jpg!m_fill,w_280,h_210,f_jpg?from=ke.com
20230807,海淀,海淀北部新区,101118963436,中国铁建环保嘉苑 2室1厅 南,650万,74816元/平,中楼层 (共7层) | 2015年建 | 2室1厅 | 86.88平米 | 南,https://ke-image.ljcdn.com/110000-inspection/pc1_gcgQHCqRK.jpg!m_fill,w_280,h_210,f_jpg?from=ke.com
20230807,海淀,海淀北部新区,101118930176,保利西山林语 1室1厅 南,382万,78376元/平,低楼层 (共8层) | 2010年建 | 1室1厅 | 48.74平米 | 南,https://ke-image.ljcdn.com/110000-inspection/pc1_A7HyPrVlD.jpg!m_fill,w_280,h_210,f_jpg?from=ke.com
20230807,海淀,海淀北部新区,101118910040,全南向一居室自住精装修拎包可以入住看房方便,395万,80613元/平,底层 (共8层) | 2010年建 | 1室1厅 | 49平米 | 南,https://ke-image.ljcdn.com/110000-inspection/e7595d6f-1afc-4c60-adc6-e454da08c4e0_1000.jpg!m_fill,w_280,h_210,f_jpg?from=ke.com
20230807,海淀,海淀北部新区,101118887603,保利西山林语 1室1厅 东北,355万,71472元/平,中楼层 (共8层) | 2011年建 | 1室1厅 | 49.67平米 | 东北,https://ke-image.ljcdn.com/110000-inspection/pc1_dYnyq23Ew.jpg!m_fill,w_280,h_210,f_jpg?from=ke.com
20230807,海淀,海淀北部新区,101118886712,保利西山林语 全南一居室 中间楼层,379万,78517元/平,低楼层 (共8层) | 2010年建 | 1室1厅 | 48.27平米 | 南,https://ke-image.ljcdn.com/110000-inspection/pc1_K0onugOZr.jpg!m_fill,w_280,h_210,f_jpg?from=ke.com
20230807,海淀,海淀北部新区,101118879704,老年医院家属楼 2室1厅 南 北,386万,58574元/平,中楼层 (共4层) 2室1厅 | 65.9平米 | 南 北,https://ke-image.ljcdn.com/110000-inspection/d271092a-2650-4727-8126-d5c52047f995_1000.jpg!m_fill,w_280,h_210,f_jpg?from=ke.com
20230807,海淀,海淀北部新区,101118876072,海淀产权 馨瑞嘉园 商品房 2013建成 全南向 有电梯,355万,50391元/平,低楼层 (共14层) | 2013年建 | 1室1厅 | 70.45平米 | 南,https://ke-image.ljcdn.com/110000-inspection/pc1_QN5pzVjpy.jpg!m_fill,w_280,h_210,f_jpg?from=ke.com
20230807,海淀,海淀北部新区,101118873664,上庄馨瑞嘉园中高层精装修满五唯一可随时看房,395万,55942元/平,高楼层 (共13层) | 2013年建 | 1室1厅 | 70.61平米 | 南,https://ke-image.ljcdn.com/110000-inspection/2d2fba76-d2de-4ee8-b1a7-9a439258dc18_1000.jpg!m_fill,w_280,h_210,f_jpg?from=ke.com
20230807,海淀,海淀北部新区,101118829169,保利西山林语 南向一居室 采光好视野好,375万,76876元/平,顶层 (共8层) | 2010年建 | 1室1厅 | 48.78平米 | 南,https://ke-image.ljcdn.com/110000-inspection/c42c8685-fcd0-4f06-ba18-97e97c088f66_1000.jpg!m_fill,w_280,h_210,f_jpg?from=ke.com
20230807,海淀,海淀北部新区,101118822973,保利西山林语 满五年唯一 中间楼层 直通车库 诚意出售,558万,61740元/平,中楼层 (共8层) 2室1厅 | 90.38平米 | 南 北,https://ke-image.ljcdn.com/110000-inspection/b866e5df-832f-49a0-ab80-a871d1d9af52_1000.jpg!m_fill,w_280,h_210,f_jpg?from=ke.com
20230807,海淀,海淀北部新区,101118822638,西山林语南北两居室落地大阳台随时看房满五唯一,545万,59924元/平,底层 (共8层) | 2010年建 | 2室1厅 | 90.95平米 | 南 北,https://ke-image.ljcdn.com/110000-inspection/pc1_gPZthFZqT.jpg!m_fill,w_280,h_210,f_jpg?from=ke.com
20230807,海淀,海淀北部新区,101118808103,满五唯一 中间楼层 自住装修  客厅卧室都朝南  采光好,360万,53153元/平,低楼层 (共16层) | 2013年建 | 2室1厅 | 67.73平米 | 南,https://ke-image.ljcdn.com/110000-inspection/edc83518-007b-48f9-8ad9-71fa8fec0fb3_1000.jpg!m_fill,w_280,h_210,f_jpg?from=ke.com
20230807,海淀,海淀北部新区,101118786554,温泉路45号院  南北向两居室  高楼层视野好,370万,60065元/平,顶层 (共6层) 2室1厅 | 61.6平米 | 南 北,https://ke-image.ljcdn.com/110000-inspection/pc1_awu16q4hT.jpg!m_fill,w_280,h_210,f_jpg?from=ke.com
20230807,海淀,海淀北部新区,101118769858,上庄家园 3室2厅 东 南 北,660万,59990元/平,高楼层 (共6层) | 1997年建 | 3室2厅 | 110.02平米 | 东 南 北,https://ke-image.ljcdn.com/110000-inspection/pc1_EwZsWA1bi.jpg!m_fill,w_280,h_210,f_jpg?from=ke.com
20230807,海淀,海淀北部新区,101118769779,中高楼层 看房方便 靠谱签约 价格可谈 全款优先,370万,54597元/平,高楼层 (共16层) | 2013年建 | 1室1厅 | 67.77平米 | 南,https://ke-image.ljcdn.com/110000-inspection/b488b5d5-9bee-46b9-805e-7356e871c987_1000.jpg!m_fill,w_280,h_210,f_jpg?from=ke.com
20230807,海淀,海淀北部新区,101118733099,上庄家园 2室1厅 南 北,406万,59601元/平,中楼层 (共6层) 2室1厅 | 68.12平米 | 南 北,https://ke-image.ljcdn.com/110000-inspection/pc1_D68RqD8Pb.jpg!m_fill,w_280,h_210,f_jpg?from=ke.com
20230807,海淀,海淀北部新区,101118675285,上庄馨瑞嘉园满五唯一户型方正诚意出售。,358万,53093元/平,低楼层 (共16层) | 2013年建 | 1室1厅 | 67.43平米 | 南,https://ke-image.ljcdn.com/110000-inspection/debc36dd-b763-4e4b-91e3-b42429c065dd_1000.jpg!m_fill,w_280,h_210,f_jpg?from=ke.com
20230807,海淀,海淀北部新区,101118668858,满五年唯一  中间楼层 南北通透 业主诚售  看房方便,456万,63947元/平,低楼层 (共3层) 2室1厅 | 71.31平米 | 南 北,https://ke-image.ljcdn.com/110000-inspection/24ed72b2-1d53-4210-bbe0-cd18ed7c42a6_1000.jpg!m_fill,w_280,h_210,f_jpg?from=ke.com
20230807,海淀,海淀北部新区,101118641385,保利西山林语 视野好 满五唯一二居室成本低,593万,65649元/平,高楼层 (共8层) | 2010年建 | 2室1厅 | 90.33平米 | 南 北,https://ke-image.ljcdn.com/110000-inspection/9c80c6a8-0031-47e5-ba87-2b8454e35ea6_1000.jpg!m_fill,w_280,h_210,f_jpg?from=ke.com
20230807,海淀,海淀北部新区,101118638629,天阅西山南北四居室科技住宅眼镜户型拎包入住,2200万,104118元/平,高楼层 (共25层) 4室2厅 | 211.3平米 | 南 北,https://ke-image.ljcdn.com/110000-inspection/cbd394bf-14cd-4c49-8f3c-5973031529c4_1000.jpg!m_fill,w_280,h_210,f_jpg?from=ke.com
20230807,海淀,海淀北部新区,101118631486,老年医院家属楼 凯盛家园旁 都有在售 看房方便,329万,63760元/平,中楼层 (共4层) 2室1厅 | 51.6平米 | 南,https://ke-image.ljcdn.com/110000-inspection/pc1_Amio70bjk.jpg!m_fill,w_280,h_210,f_jpg?from=ke.com
20230807,海淀,海淀北部新区,101118608175,三嘉信苑 2室1厅 南,326万,51575元/平,底层 (共10层) | 2011年建 | 2室1厅 | 63.21平米 | 南,https://ke-image.ljcdn.com/110000-inspection/25749786-3092-4625-bde1-11e58f064cde_1000.jpg!m_fill,w_280,h_210,f_jpg?from=ke.com
20230807,海淀,海淀北部新区,101118554402,海淀北部新区  五环外  楼龄新  小区环境好   装修好,485万,55953元/平,中楼层 (共16层) 2室1厅 | 86.68平米 | 南 北,https://ke-image.ljcdn.com/110000-inspection/ac148d6e-9aed-4924-84df-40443c1ab011_1000.jpg!m_fill,w_280,h_210,f_jpg?from=ke.com
20230807,海淀,海淀北部新区,101118551796,满五年唯一  南北通透精装修  环保园,598万,66489元/平,底层 (共7层) 2室1厅 | 89.94平米 | 南 北,https://ke-image.ljcdn.com/110000-inspection/00505e40-f360-40f7-978c-910e5695c2f9_1000.jpg!m_fill,w_280,h_210,f_jpg?from=ke.com
20230807,海淀,海淀北部新区,101118514728,保利西山林语  明厨明卫 诚意出售 满五年 价格可谈,390万,79690元/平,中楼层 (共8层) 1室1厅 | 48.94平米 | 西北,https://ke-image.ljcdn.com/110000-inspection/633c8717-9eb2-4056-a726-0956ece8fab5_1000.jpg!m_fill,w_280,h_210,f_jpg?from=ke.com
20230807,海淀,海淀北部新区,101118496597,商品房 看房方便 中高楼层 诚意出售,365万,53780元/平,高楼层 (共16层) | 2013年建 | 1室1厅 | 67.87平米 | 南,https://ke-image.ljcdn.com/110000-inspection/a79a3768-6745-471d-8cb3-cf332fa3d9c3_1000.jpg!m_fill,w_280,h_210,f_jpg?from=ke.com
20230807,海淀,海淀北部新区,101118488583,海淀上郡纯南两居户型日照采光好。,486.6万,54266元/平,低楼层 (共21层) 2室1厅 | 89.67平米 | 南,https://ke-image.ljcdn.com/110000-inspection/f28fd26a-68e0-4149-a1fa-a0bf3380d87d_1000.jpg!m_fill,w_280,h_210,f_jpg?from=ke.com
20230807,海淀,海淀北部新区,101118475263,环山村 3室1厅 南 北,538万,59448元/平,顶层 (共6层) 3室1厅 | 90.5平米 | 南 北,https://ke-image.ljcdn.com/110000-inspection/pc1_q5NCIx2Yb.jpg!m_fill,w_280,h_210,f_jpg?from=ke.com
20230807,海淀,海淀北部新区,101118431458,冷泉林语山庄  南北双通透  精装修采光好房主自荐,648万,72801元/平,低楼层 (共8层) | 2010年建 | 2室1厅 | 89.01平米 | 南 北,https://ke-image.ljcdn.com/110000-inspection/pc1_apJGJbVyt.jpg!m_fill,w_280,h_210,f_jpg?from=ke.com
20230807,海淀,海淀北部新区,101118427301,保利西山林语  南北双通透  满五唯一  看房随时,580万,64423元/平,底层 (共8层) | 2010年建 | 2室1厅 | 90.03平米 | 南 北,https://ke-image.ljcdn.com/110000-inspection/pc1_4auX5DCKH.jpg!m_fill,w_280,h_210,f_jpg?from=ke.com
20230807,海淀,海淀北部新区,101118426082,林语公馆 人车分流区域 业主诚意出售 看房方便房主自荐,588万,66895元/平,低楼层 (共8层) | 2009年建 | 2室1厅 | 87.9平米 | 南 北,https://ke-image.ljcdn.com/110000-inspection/bf878ac5-642c-48f6-8fe0-4b7ce0489b39_1000.jpg!m_fill,w_280,h_210,f_jpg?from=ke.com
20230807,海淀,海淀北部新区,101118398277,海淀嘉郡满五唯一2梯3户万科物业17年新小区。房主自荐,465万,52413元/平,低楼层 (共16层) | 2015年建 | 2室1厅 | 88.72平米 | 南 北,https://ke-image.ljcdn.com/110000-inspection/pc1_XVxi07xhi.jpg!m_fill,w_280,h_210,f_jpg?from=ke.com
20230807,海淀,海淀北部新区,101118384656,满五唯一户型方正卧室、客厅双朝南、自住装修,360万,52076元/平,顶层 (共14层) | 2013年建 | 1室1厅 | 69.13平米 | 南,https://ke-image.ljcdn.com/110000-inspection/pc1_YiJ9t2nm3.jpg!m_fill,w_280,h_210,f_jpg?from=ke.com
20230807,海淀,海淀北部新区,101118379565,保利西山林语  满五唯一 明厨明卫 视野好 二居室,595万,65378元/平,顶层 (共7层) | 2011年建 | 2室1厅 | 91.01平米 | 南 北,https://ke-image.ljcdn.com/110000-inspection/5589a938-5c40-4d25-bf26-8f3607aed2e2_1000.jpg!m_fill,w_280,h_210,f_jpg?from=ke.com
20230807,海淀,海淀北部新区,101118378515,保利林语公馆 中间楼层 南北西户型 业主诚意出售,595万,66511元/平,低楼层 (共7层) | 2009年建 | 2室1厅 | 89.46平米 | 南 西 北,https://ke-image.ljcdn.com/110000-inspection/pc1_pH5Vb65Ml.jpg!m_fill,w_280,h_210,f_jpg?from=ke.com
20230807,海淀,海淀北部新区,101118377237,满五唯一商品房 中高楼层 自住 看房方便 价格能谈,385万,56148元/平,中楼层 (共14层) 1室1厅 | 68.57平米 | 南,https://ke-image.ljcdn.com/110000-inspection/64fcb8a7-359b-4eae-822a-2aaec9264962_1000.jpg!m_fill,w_280,h_210,f_jpg?from=ke.com
20230807,海淀,海淀北部新区,101118374002,中国铁建环保嘉苑 2室1厅 东,550万,61405元/平,中楼层 (共9层) | 2015年建 | 2室1厅 | 89.57平米 | 东,https://ke-image.ljcdn.com/110000-inspection/pc1_g6t1xJyHX.jpg!m_fill,w_280,h_210,f_jpg?from=ke.com
20230807,海淀,海淀北部新区,101118354468,保利西山林语  满五唯一 双卧朝南二居室  有钥匙,616万,70088元/平,低楼层 (共8层) 2室1厅 | 87.89平米 | 南 北,https://ke-image.ljcdn.com/110000-inspection/pc1_qqw1b8U06.jpg!m_fill,w_280,h_210,f_jpg?from=ke.com
20230807,海淀,海淀北部新区,101118332900,上庄家园西区 正规小三居 永丰北 业主自住 诚意出售,360万,58728元/平,中楼层 (共6层) | 1984年建 | 3室1厅 | 61.3平米 | 南 北,https://ke-image.ljcdn.com/110000-inspection/pc1_nudw9Taic.jpg!m_fill,w_280,h_210,f_jpg?from=ke.com
20230807,海淀,海淀北部新区,101118327734,满五唯一户型方正卧室、客厅双朝南、自住装修,358万,52748元/平,低楼层 (共16层) 1室1厅 | 67.87平米 | 南,https://ke-image.ljcdn.com/110000-inspection/pc1_coe04cDEG.jpg!m_fill,w_280,h_210,f_jpg?from=ke.com
20230807,海淀,海淀北部新区,101118324767,海淀上郡少有南北两居户型空气流通性好日照采光好,550万,61064元/平,中楼层 (共21层) 2室1厅 | 90.07平米 | 南 北,https://ke-image.ljcdn.com/110000-inspection/d06bc492-9b67-4c2b-9280-925ae467de61_1000.jpg!m_fill,w_280,h_210,f_jpg?from=ke.com
20230807,海淀,海淀北部新区,101118303220,海淀北部新区 五环外  楼龄新  户型方正   环境好,366万,53927元/平,高楼层 (共16层) | 2013年建 | 1室1厅 | 67.87平米 | 南,https://ke-image.ljcdn.com/110000-inspection/ef0116c6-6b7a-4190-89ae-5e0bd3446f8e_1000.jpg!m_fill,w_280,h_210,f_jpg?from=ke.com
20230807,海淀,海淀北部新区,101118294567,保利西山林语 满五唯一 双卧朝南 人车分离,626万,68200元/平,中楼层 (共8层) | 2010年建 | 3室1厅 | 91.79平米 | 东 南,https://ke-image.ljcdn.com/110000-inspection/pc1_HPJGdt5NH.jpg!m_fill,w_280,h_210,f_jpg?from=ke.com
20230807,海淀,海淀北部新区,101118287527,保利西山林语 2室1厅 南 北,515万,56982元/平,底层 (共8层) | 2010年建 | 2室1厅 | 90.38平米 | 南 北,https://ke-image.ljcdn.com/110000-inspection/39e6e116-f819-43d3-a88d-27b0a0d485df_1000.jpg!m_fill,w_280,h_210,f_jpg?from=ke.com
20230807,海淀,海淀北部新区,101118287195,保利西山林语 2室1厅 南 北,620万,61078元/平,顶层 (共8层) 2室1厅 | 101.51平米 | 南 北,https://ke-image.ljcdn.com/110000-inspection/eb3a259b-cdbc-4d62-a1ca-692a5a162352_1000.jpg!m_fill,w_280,h_210,f_jpg?from=ke.com
20230807,海淀,海淀北部新区,101118280326,海淀嘉郡 3室1厅 南 北,615万,64203元/平,中楼层 (共16层) | 2016年建 | 3室1厅 | 95.79平米 | 南 北,https://ke-image.ljcdn.com/110000-inspection/pc1_vA7LCeCLg.jpg!m_fill,w_280,h_210,f_jpg?from=ke.com
20230807,海淀,海淀北部新区,101118272619,保利西山林语 南向一居 采光无遮挡 看房方便 诚意出售,390万,79869元/平,低楼层 (共8层) | 2010年建 | 1室1厅 | 48.83平米 | 南,https://ke-image.ljcdn.com/110000-inspection/14b904ac-2191-46e9-b1b1-a5f53e7de228_1000.jpg!m_fill,w_280,h_210,f_jpg?from=ke.com
20230807,海淀,海淀北部新区,101118269161,保利西山林语 2室1厅 南 北,600万,66131元/平,高楼层 (共8层) | 2011年建 | 2室1厅 | 90.73平米 | 南 北,https://ke-image.ljcdn.com/110000-inspection/8d1d6694-bf1b-47b9-a4bb-56ff022bcb58_1000.jpg!m_fill,w_280,h_210,f_jpg?from=ke.com
20230807,海淀,海淀北部新区,101118263449,满五唯一商品房 带电梯 精装修 客厅大 卧室大  视野好,345万,49655元/平,顶层 (共9层) | 2011年建 | 2室1厅 | 69.48平米 | 东 西,https://ke-image.ljcdn.com/110000-inspection/pc1_aWhRZSJeI.jpg!m_fill,w_280,h_210,f_jpg?from=ke.com
20230807,海淀,海淀北部新区,101118245990,西六砖瓦厂家属楼 三层两居室 业主稳定卖 采光好,469万,54561元/平,中楼层 (共6层) 2室1厅 | 85.96平米 | 南 北,https://ke-image.ljcdn.com/110000-inspection/pc1_c3LpRsh8W.jpg!m_fill,w_280,h_210,f_jpg?from=ke.com
20230807,海淀,海淀北部新区,101118210704,精装修 满五唯一 看房方便 靠谱签约,390万,56877元/平,低楼层 (共14层) 1室1厅 | 68.57平米 | 南,https://ke-image.ljcdn.com/110000-inspection/pc1_Y3ry2hHjY.jpg!m_fill,w_280,h_210,f_jpg?from=ke.com
20230807,海淀,海淀北部新区,101118208929,保利西山林语 3室2厅 南 北,702万,74721元/平,顶层 (共6层) | 2009年建 | 3室2厅 | 93.95平米 | 南 北,https://ke-image.ljcdn.com/110000-inspection/bbac3c9f-1b1c-417c-9264-0e8b1873ea2c_1000.jpg!m_fill,w_280,h_210,f_jpg?from=ke.com
20230807,海淀,海淀北部新区,101118206958,环山村 满五唯一商品房 南北通透大两居 楼龄新,449万,62318元/平,高楼层 (共6层) 2室1厅 | 72.05平米 | 南 北,https://ke-image.ljcdn.com/110000-inspection/pc1_9ANKVNljD.jpg!m_fill,w_280,h_210,f_jpg?from=ke.com
20230807,海淀,海淀北部新区,101118203153,航天城 低楼层 小区中间位置 全明格局,1260万,85627元/平,底层 (共6层) | 2003年建 | 3室2厅 | 147.15平米 | 南 北,https://ke-image.ljcdn.com/110000-inspection/b6a6bf2a-f9b8-45c1-8b41-56080d911033_1000.jpg!m_fill,w_280,h_210,f_jpg?from=ke.com
20230807,海淀,海淀北部新区,101118186753,上庄馨瑞嘉园 2室1厅 南,390万,55320元/平,中楼层 (共14层) 2室1厅 | 70.5平米 | 南,https://ke-image.ljcdn.com/110000-inspection/pc1_HEAZuCUuD.jpg!m_fill,w_280,h_210,f_jpg?from=ke.com
20230807,海淀,海淀北部新区,101118169652,上庄馨瑞嘉园 业主自住 看房方便。,350万,50806元/平,底层 (共16层) | 2013年建 | 1室1厅 | 68.89平米 | 南,https://ke-image.ljcdn.com/110000-inspection/pc1_CeKK22Ojc.jpg!m_fill,w_280,h_210,f_jpg?from=ke.com
20230807,海淀,海淀北部新区,101118169396,三嘉信苑南北通透正规两居室满五唯一精装修。,323万,51043元/平,高楼层 (共6层) 2室1厅 | 63.28平米 | 南 北,https://ke-image.ljcdn.com/110000-inspection/pc1_r1gr8Tbg8.jpg!m_fill,w_280,h_210,f_jpg?from=ke.com
20230807,海淀,海淀北部新区,101118137959,正源尚峰尚水 4室1厅 南 北,1200万,71365元/平,中楼层 (共8层) | 2012年建 | 4室1厅 | 168.15平米 | 南 北,https://ke-image.ljcdn.com/110000-inspection/pc1_O0ENm9FHR.jpg!m_fill,w_280,h_210,f_jpg?from=ke.com
20230807,海淀,海淀北部新区,101118136622,保利西山林语  二期南北双通透两居室  业主诚意出售,630万,70549元/平,低楼层 (共8层) | 2010年建 | 2室1厅 | 89.3平米 | 南 北,https://ke-image.ljcdn.com/110000-inspection/pc1_s5jx6f9GY.jpg!m_fill,w_280,h_210,f_jpg?from=ke.com
20230807,海淀,海淀北部新区,101118119874,海淀产权 满五唯一  中高楼层 靠谱签约 带电梯,365万,51693元/平,高楼层 (共13层) | 2013年建 | 2室1厅 | 70.61平米 | 南,https://ke-image.ljcdn.com/110000-inspection/9faf4623-57e3-4092-a7a8-1b429d15d5cd_1000.jpg!m_fill,w_280,h_210,f_jpg?from=ke.com
20230807,海淀,海淀北部新区,101118107816,海淀温泉路45号院南北向两居室业主诚意出售,446万,57983元/平,低楼层 (共6层) 2室1厅 | 76.92平米 | 南 北,https://ke-image.ljcdn.com/110000-inspection/pc1_TmJd9LKIo.jpg!m_fill,w_280,h_210,f_jpg?from=ke.com
20230807,海淀,海淀北部新区,101118079201,保利西山林语 1室1厅 东 北,390万,79333元/平,中楼层 (共8层) | 2010年建 | 1室1厅 | 49.16平米 | 东 北,https://ke-image.ljcdn.com/110000-inspection/pc1_JBRDTG7x8.jpg!m_fill,w_280,h_210,f_jpg?from=ke.com
20230807,海淀,海淀北部新区,101118072196,房子满两年 精装修 南北通透 户型方正,359万,57440元/平,顶层 (共4层) | 1983年建 | 2室1厅 | 62.5平米 | 南 北,https://ke-image.ljcdn.com/110000-inspection/pc1_AC7jtCpSK.jpg!m_fill,w_280,h_210,f_jpg?from=ke.com
20230807,海淀,海淀北部新区,101118071876,精装修 商品房 可贷款 没转商费 全明格局 面积大,340万,51036元/平,低楼层 (共6层) 2室1厅 | 66.62平米 | 东 西,https://ke-image.ljcdn.com/110000-inspection/cec389ef-bf07-4b3f-836d-8164ea296901_1000.jpg!m_fill,w_280,h_210,f_jpg?from=ke.com
20230807,海淀,海淀北部新区,101118053883,宏丰西路1号院 直观西山 南北两通透居室,450万,52223元/平,高楼层 (共6层) 2室1厅 | 86.17平米 | 南 北,https://ke-image.ljcdn.com/110000-inspection/d2b9ebd3-1e08-419e-844f-4e140ae9810d_1000.jpg!m_fill,w_280,h_210,f_jpg?from=ke.com
20230807,海淀,海淀北部新区,101118035138,满五唯一中楼层优质90平两居室紧挨齐物潭公园,529万,58538元/平,中楼层 (共9层) | 2015年建 | 2室2厅 | 90.37平米 | 东 西,https://ke-image.ljcdn.com/110000-inspection/pc1_d6Q165qdH.jpg!m_fill,w_280,h_210,f_jpg?from=ke.com
20230807,海淀,海淀北部新区,101118029404,保利西山林语 东南向三居室 业主诚意出售,570万,62072元/平,低楼层 (共8层) | 2010年建 | 3室1厅 | 91.83平米 | 东南,https://ke-image.ljcdn.com/110000-inspection/pc1_8cxrnWylA.jpg!m_fill,w_280,h_210,f_jpg?from=ke.com
20230807,海淀,海淀北部新区,101117973452,西山林语卧室有平台两居室明厨明卫采光好。看房方便,589万,64563元/平,低楼层 (共8层) | 2010年建 | 2室1厅 | 91.23平米 | 南 北,https://ke-image.ljcdn.com/110000-inspection/75359bd9-2d80-4950-998e-760164d8bd13_1000.jpg!m_fill,w_280,h_210,f_jpg?from=ke.com
20230807,海淀,海淀北部新区,101117972749,中国铁建环保嘉苑 1室1厅 南房主自荐,462万,63936元/平,底层 (共9层) | 2015年建 | 1室1厅 | 72.26平米 | 南,https://ke-image.ljcdn.com/110000-inspection/pc1_IFZK4HSa3.jpg!m_fill,w_280,h_210,f_jpg?from=ke.com
20230807,海淀,海淀北部新区,101117967932,海淀北部商品房满五唯一近华为中关村环保园房主自荐,719万,69624元/平,高楼层 (共9层) | 2012年建 | 2室1厅 | 103.27平米 | 东南,https://ke-image.ljcdn.com/110000-inspection/pc1_BtchzPa25.jpg!m_fill,w_280,h_210,f_jpg?from=ke.com
20230807,海淀,海淀北部新区,101117946338,海淀上庄-三嘉信苑、满五唯一、电梯高层、南北通透,355万,50809元/平,高楼层 (共10层) | 2011年建 | 2室1厅 | 69.87平米 | 南 北,https://ke-image.ljcdn.com/110000-inspection/pc1_OERQsmLem.jpg!m_fill,w_280,h_210,f_jpg?from=ke.com
20230807,海淀,海淀北部新区,101117933020,上庄馨瑞嘉园 满五唯一 看房方便 价格可谈！房主自荐,368万,53637元/平,低楼层 (共13层) | 2013年建 | 1室1厅 | 68.61平米 | 南,https://ke-image.ljcdn.com/110000-inspection/c6022e9e-b663-438c-b5ce-f013f107efd2_1000.jpg!m_fill,w_280,h_210,f_jpg?from=ke.com
20230807,海淀,海淀北部新区,101117900165,北分厂南北通透三居室 带电梯 位置好 户型好房主自荐,468万,67728元/平,中楼层 (共6层) | 1986年建 | 3室1厅 | 69.1平米 | 南 北,https://ke-image.ljcdn.com/110000-inspection/pc1_OkFLUU378.jpg!m_fill,w_280,h_210,f_jpg?from=ke.com
20230807,海淀,海淀北部新区,101117827788,正源尚峰尚水 商品房 满五唯一 眼镜户型 有电梯房主自荐,1000万,66169元/平,中楼层 (共10层) | 2012年建 | 3室2厅 | 151.13平米 | 南 北,https://ke-image.ljcdn.com/110000-inspection/pc1_ynDOQoIbz.jpg!m_fill,w_280,h_210,f_jpg?from=ke.com
20230807,海淀,海淀北部新区,101117777608,此房满五唯一电梯房楼层好视野开阔。,335万,48216元/平,高楼层 (共9层) | 2011年建 | 2室1厅 | 69.48平米 | 西 东,https://ke-image.ljcdn.com/110000-inspection/pc1_Ck9N7byim.jpg!m_fill,w_280,h_210,f_jpg?from=ke.com
20230807,海淀,海淀北部新区,101117765044,保利·西山林语 业主自住精装修  南向一居室,450万,91837元/平,顶层 (共7层) | 2010年建 | 1室1厅 | 49平米 | 南,https://ke-image.ljcdn.com/110000-inspection/pc1_7CYssglIZ.jpg!m_fill,w_280,h_210,f_jpg?from=ke.com
20230807,海淀,海淀北部新区,101117756847,中国铁建环保嘉苑 2室2厅 南 北,630万,67976元/平,中楼层 (共9层) | 2015年建 | 2室2厅 | 92.68平米 | 南 北,https://ke-image.ljcdn.com/110000-inspection/882c14e2-bf3e-4cd8-92bd-07c994a82f10_1000.jpg!m_fill,w_280,h_210,f_jpg?from=ke.com
20230807,海淀,海淀北部新区,101117749999,中国铁建环保嘉苑中间楼层自住型商品房,620万,70160元/平,中楼层 (共9层) | 2015年建 | 2室2厅 | 88.37平米 | 南 北,https://ke-image.ljcdn.com/110000-inspection/pc1_qtQIhYFPS.jpg!m_fill,w_280,h_210,f_jpg?from=ke.com
20230807,海淀,海淀北部新区,101117736741,海淀上庄-三嘉信苑、板楼中间层、满五唯一、看房方便,310万,48866元/平,中楼层 (共6层) | 2011年建 | 2室1厅 | 63.44平米 | 东 西,https://ke-image.ljcdn.com/110000-inspection/pc1_c8Ujfek38.jpg!m_fill,w_280,h_210,f_jpg?from=ke.com
20230807,海淀,海淀北部新区,101117727765,海淀上郡 高楼层一居室 适合少贷款或者全款,320万,48412元/平,高楼层 (共21层) 1室2厅 | 66.1平米 | 西,https://ke-image.ljcdn.com/110000-inspection/pc1_ROhIDb4Qp.jpg!m_fill,w_280,h_210,f_jpg?from=ke.com
20230807,海淀,海淀北部新区,101117717716,颐丰庄园西区 2016年商品房 2022年百万装修 人车分流,1110万,72716元/平,顶层 (共5层) 3室2厅 | 152.65平米 | 南 北,https://ke-image.ljcdn.com/110000-inspection/49ec95e0-1a98-4a72-8dbf-4cc3eba3e799_1000.jpg!m_fill,w_280,h_210,f_jpg?from=ke.com
20230807,海淀,海淀北部新区,101117716097,海淀区、三嘉信苑、满五唯一、南北通透、精装修房主自荐,298万,47864元/平,顶层 (共6层) | 2011年建 | 2室1厅 | 62.26平米 | 南 北,https://ke-image.ljcdn.com/110000-inspection/pc1_mVXdUEivw.jpg!m_fill,w_280,h_210,f_jpg?from=ke.com
20230807,海淀,海淀北部新区,101117709936,保利西山林语 2室1厅 南 北,599万,66262元/平,中楼层 (共8层) | 2010年建 | 2室1厅 | 90.4平米 | 南 北,https://ke-image.ljcdn.com/110000-inspection/45366f3c-9c98-47ae-b1de-df3382c2dd4f_1000.jpg!m_fill,w_280,h_210,f_jpg?from=ke.com
20230807,海淀,海淀北部新区,101117695905,商品房满五唯一视野开阔产权清晰看房方便。,326万,51878元/平,高楼层 (共6层) | 2011年建 | 2室1厅 | 62.84平米 | 东 西,https://ke-image.ljcdn.com/110000-inspection/pc1_u0V4R7xv9.jpg!m_fill,w_280,h_210,f_jpg?from=ke.com
20230807,海淀,海淀北部新区,101117675189,精装修 中高楼层 商品房 看房方便,370万,53960元/平,中楼层 (共14层) | 2013年建 | 1室1厅 | 68.57平米 | 南,https://ke-image.ljcdn.com/110000-inspection/pc1_X1DiXNaAj.jpg!m_fill,w_280,h_210,f_jpg?from=ke.com
20230807,海淀,海淀北部新区,101117654508,环山村  商品房 可以对外出售  业主稳定出售 看房随时,330万,55092元/平,顶层 (共6层) 2室1厅 | 59.9平米 | 南,https://ke-image.ljcdn.com/110000-inspection/pc1_xwq93uME1.jpg!m_fill,w_280,h_210,f_jpg?from=ke.com
20230807,海淀,海淀北部新区,101117603677,中国铁建环保嘉苑满五年唯一自住型商品房诚意出售,660万,73017元/平,中楼层 (共9层) | 2015年建 | 2室1厅 | 90.39平米 | 东,https://ke-image.ljcdn.com/110000-inspection/a5c4daf3-01d3-4c82-88a6-fd0ae99843e2_1000.jpg!m_fill,w_280,h_210,f_jpg?from=ke.com
20230807,海淀,海淀北部新区,101117452873,海淀北部新区  馨瑞嘉园  有电梯  两居室  高楼层房主自荐,478万,55178元/平,高楼层 (共16层) | 2013年建 | 2室1厅 | 86.63平米 | 南 北,https://ke-image.ljcdn.com/110000-inspection/c475b327-7aae-4090-b478-76628b1de6c5_1000.jpg!m_fill,w_280,h_210,f_jpg?from=ke.com
20230807,海淀,海淀北部新区,101117357599,海淀上庄-馨瑞嘉园、满五唯一、电梯南向一居室,370万,52760元/平,低楼层 (共15层) | 2013年建 | 1室1厅 | 70.13平米 | 南,https://ke-image.ljcdn.com/110000-inspection/21494f3d-6581-4fb4-a9c6-d9c71f0ebac5_1000.jpg!m_fill,w_280,h_210,f_jpg?from=ke.com
20230807,海淀,海淀北部新区,101117355972,林语公馆  满五唯一 看房方便 价格可谈 高楼层 通车库,640万,68538元/平,中楼层 (共8层) | 2009年建 | 3室1厅 | 93.38平米 | 南 北,https://ke-image.ljcdn.com/110000-inspection/73f87385-3281-442d-8970-883f4c9e0639_1000.jpg!m_fill,w_280,h_210,f_jpg?from=ke.com
20230807,海淀,海淀北部新区,101117305962,上庄馨瑞嘉园 2室1厅 南 北,530万,59598元/平,中楼层 (共16层) | 2013年建 | 2室1厅 | 88.93平米 | 南 北,https://ke-image.ljcdn.com/110000-inspection/4af154f1-7c80-43b1-b435-cbd52e0f1fa6_1000.jpg!m_fill,w_280,h_210,f_jpg?from=ke.com
20230807,海淀,海淀北部新区,101117164731,满五唯一 精装修 带电梯 边户视野好 全明格局房主自荐,350万,68763元/平,顶层 (共5层) | 1985年建 | 2室1厅 | 50.9平米 | 北 东,https://ke-image.ljcdn.com/110000-inspection/8dbd4158-f815-4f07-8d58-52e51ef19a1a_1000.jpg!m_fill,w_280,h_210,f_jpg?from=ke.com
20230807,海淀,海淀北部新区,101117157940,北分厂近地铁 南北向两居室 低楼层 满五年,346万,61348元/平,低楼层 (共6层) | 1965年建 | 2室1厅 | 56.4平米 | 南 北,https://ke-image.ljcdn.com/110000-inspection/92ac5e1f-0aca-4379-82f3-c0086e43d808_1000.jpg!m_fill,w_280,h_210,f_jpg?from=ke.com
20230807,海淀,海淀北部新区,101117149269,保利西山林语 1室1厅 南,415万,86766元/平,中楼层 (共8层) | 2010年建 | 1室1厅 | 47.83平米 | 南,https://ke-image.ljcdn.com/110000-inspection/d12834e7-7106-4cd9-9c73-865167ae10c3_1000.jpg!m_fill,w_280,h_210,f_jpg?from=ke.com
20230807,海淀,海淀北部新区,101117140908,宏丰西路1号院 2004年房龄 精装修 楼层好 满五唯一,575万,58029元/平,低楼层 (共6层) | 2003年建 | 3室1厅 | 99.09平米 | 南,https://ke-image.ljcdn.com/110000-inspection/pc1_cgu1eMGMj.jpg!m_fill,w_280,h_210,f_jpg?from=ke.com
20230807,海淀,海淀北部新区,101117071033,海淀北部新区北分厂精装全南向两居,340万,54751元/平,顶层 (共4层) | 1970年建 | 2室1厅 | 62.1平米 | 南,https://ke-image.ljcdn.com/110000-inspection/b699b4a3-d5a6-486e-9517-7f95021f6417_1000.jpg!m_fill,w_280,h_210,f_jpg?from=ke.com
20230807,海淀,海淀北部新区,101116975010,海淀产权 客厅带窗两居室 满五年唯一,345万,63072元/平,顶层 (共6层) 2室1厅 | 54.7平米 | 南 西 北,https://ke-image.ljcdn.com/110000-inspection/65fa82d5-d299-4fb8-8eea-9be4ab32d793_1000.jpg!m_fill,w_280,h_210,f_jpg?from=ke.com
20230807,海淀,海淀北部新区,101116936971,海淀近地铁 凯盛家园旁 一层两居室 40万装修 拎包入住,435万,80111元/平,底层 (共5层) | 1980年建 | 2室2厅 | 54.3平米 | 南 北,https://ke-image.ljcdn.com/110000-inspection/pc1_yQCkv55X0.jpg!m_fill,w_280,h_210,f_jpg?from=ke.com
20230807,海淀,海淀北部新区,101116925681,保利西山林语 精装修两居室  看房方便,598万,67434元/平,中楼层 (共8层) | 2010年建 | 2室1厅 | 88.68平米 | 东南,https://ke-image.ljcdn.com/110000-inspection/dd1bf434-cc0c-4077-a2b3-abae8352652c_1000.jpg!m_fill,w_280,h_210,f_jpg?from=ke.com
20230807,海淀,海淀北部新区,101116918417,保利西山林语三期南北向大客厅两居室房主自荐,535万,59182元/平,底层 (共8层) | 2010年建 | 2室1厅 | 90.4平米 | 南 北,https://ke-image.ljcdn.com/110000-inspection/40e7a451-57c6-4c6c-a476-0a367c020df4_1000.jpg!m_fill,w_280,h_210,f_jpg?from=ke.com
20230807,海淀,海淀北部新区,101116872855,中国铁建环保嘉苑满五唯一17号院全南向三居室,680万,65373元/平,高楼层 (共9层) | 2015年建 | 3室1厅 | 104.02平米 | 南,https://ke-image.ljcdn.com/110000-inspection/pc1_uy4TDinL3.jpg!m_fill,w_280,h_210,f_jpg?from=ke.com
20230807,海淀,海淀北部新区,101116846999,西山林场家属院  业主诚售  看房方便   南北通透,345万,66603元/平,顶层 (共4层) | 1992年建 | 2室1厅 | 51.8平米 | 南 北,https://ke-image.ljcdn.com/110000-inspection/pc1_UQn42dx8c.jpg!m_fill,w_280,h_210,f_jpg?from=ke.com
20230807,海淀,海淀北部新区,101116843759,宏丰西路1号院唯一带电梯中间层精装修采光好房主自荐,420万,73427元/平,中楼层 (共5层) 2室1厅 | 57.2平米 | 南 北,https://ke-image.ljcdn.com/110000-inspection/eb77c699-f70a-440a-b68b-494967c0c280_1000.jpg!m_fill,w_280,h_210,f_jpg?from=ke.com
20230807,海淀,海淀北部新区,101116828609,商品房高楼层采光视野好户型方正无浪费。房主自荐,668万,65761元/平,高楼层 (共11层) | 2009年建 | 2室1厅 | 101.58平米 | 东南,https://ke-image.ljcdn.com/110000-inspection/pc1_26o65ZsbL_1.jpg!m_fill,w_280,h_210,f_jpg?from=ke.com
20230807,海淀,海淀北部新区,101116816510,颐丰庄园新出大平层360度采光楼层高视野开阔房主自荐,1900万,63595元/平,高楼层 (共6层) 4室2厅 | 298.77平米 | 东 南 西 北,https://ke-image.ljcdn.com/110000-inspection/pc1_6foGExxWE.jpg!m_fill,w_280,h_210,f_jpg?from=ke.com
20230807,海淀,海淀北部新区,101116815540,满五唯一 中高楼层 看房方便 诚意出售 价格可谈,595万,65256元/平,中楼层 (共8层) | 2010年建 | 2室1厅 | 91.18平米 | 南 北,https://ke-image.ljcdn.com/110000-inspection/fe3ea6fa-19c0-42b0-a698-bc718e44d415_1000.jpg!m_fill,w_280,h_210,f_jpg?from=ke.com
20230807,海淀,海淀北部新区,101116803835,中国铁建环保嘉苑  南北通透三居  带电梯  中楼层,693万,66751元/平,低楼层 (共9层) | 2015年建 | 3室1厅 | 103.82平米 | 南 北,https://ke-image.ljcdn.com/110000-inspection/pc1_WEbkKsbIM.jpg!m_fill,w_280,h_210,f_jpg?from=ke.com
20230807,海淀,海淀北部新区,101116733818,保利西山林语 满五唯一 随时可以签字房主自荐,498万,68192元/平,低楼层 (共7层) | 2009年建 | 1室1厅 | 73.03平米 | 南,https://ke-image.ljcdn.com/110000-inspection/pc1_ID7TDJ1El.jpg!m_fill,w_280,h_210,f_jpg?from=ke.com
20230807,海淀,海淀北部新区,101116699594,保利三期全南一居 中间楼层  户型方正,370万,75511元/平,中楼层 (共7层) | 2010年建 | 1室1厅 | 49平米 | 南 北,https://ke-image.ljcdn.com/110000-inspection/db21567d-c6e5-4d0b-8368-4a77a5a4f707_1000.jpg!m_fill,w_280,h_210,f_jpg?from=ke.com
20230807,海淀,海淀北部新区,101116697237,三嘉信苑 商品房 看房提前联系！,365万,52534元/平,高楼层 (共9层) | 2011年建 | 2室1厅 | 69.48平米 | 东 西,https://ke-image.ljcdn.com/110000-inspection/c36a3819-5169-4b2d-9171-bff06e75c9f7_1000.jpg!m_fill,w_280,h_210,f_jpg?from=ke.com
20230807,海淀,海淀北部新区,101116663561,中国铁建环保嘉苑 南北通透 格局方正 电梯房,586万,66313元/平,高楼层 (共9层) | 2015年建 | 2室1厅 | 88.37平米 | 南 北,https://ke-image.ljcdn.com/110000-inspection/pc1_J3EYOsSk5_1.jpg!m_fill,w_280,h_210,f_jpg?from=ke.com
20230807,海淀,海淀北部新区,101116662302,老年医院家属楼凯盛家园旁 都有在售 明厅 价格低房主自荐,408万,58203元/平,中楼层 (共4层) | 1983年建 | 2室2厅 | 70.1平米 | 东 南 北,https://ke-image.ljcdn.com/110000-inspection/pc1_prfMkmpR6.jpg!m_fill,w_280,h_210,f_jpg?from=ke.com
20230807,海淀,海淀北部新区,101116508328,三嘉信苑 南北通透 正规两居 一梯两户,310万,49474元/平,顶层 (共6层) | 2011年建 | 2室1厅 | 62.66平米 | 南 北,https://ke-image.ljcdn.com/110000-inspection/pc1_OeGx5v7Uw_1.jpg!m_fill,w_280,h_210,f_jpg?from=ke.com
20230807,海淀,海淀北部新区,101116490994,中国铁建环保嘉苑南北通透大两居房主自荐,578万,63685元/平,中楼层 (共7层) | 2015年建 | 2室2厅 | 90.76平米 | 南 北,https://ke-image.ljcdn.com/110000-inspection/pc1_Gycs8nkrc_1.jpg!m_fill,w_280,h_210,f_jpg?from=ke.com
20230807,海淀,海淀北部新区,101116469206,保利西山林语 宽厅两居室 中间楼层 户型方正,610万,65199元/平,中楼层 (共8层) | 2010年建 | 2室1厅 | 93.56平米 | 南 北,https://ke-image.ljcdn.com/110000-inspection/pc1_OhYesOE2l.jpg!m_fill,w_280,h_210,f_jpg?from=ke.com
20230807,海淀,海淀北部新区,101116462021,保利二区南北通透直通车库精装修两居室可以给周期,670万,70393元/平,顶层 (共8层) | 2010年建 | 2室1厅 | 95.18平米 | 南 北,https://ke-image.ljcdn.com/110000-inspection/pc1_JRH11xvV1_1.jpg!m_fill,w_280,h_210,f_jpg?from=ke.com
20230807,海淀,海淀北部新区,101116419114,保利西山林语 南北通透2居 双阳台 中高楼层 看房方便,565万,61966元/平,中楼层 (共8层) | 2010年建 | 2室1厅 | 91.18平米 | 南 北,https://ke-image.ljcdn.com/110000-inspection/9594febf-86cf-4f03-9848-36defeb491a2_1000.jpg!m_fill,w_280,h_210,f_jpg?from=ke.com
20230807,海淀,海淀北部新区,101116404480,冷泉林语山庄       满五唯一,575万,64412元/平,底层 (共8层) | 2010年建 | 3室2厅 | 89.27平米 | 南 北,https://ke-image.ljcdn.com/110000-inspection/pc1_R55QViRBr.jpg!m_fill,w_280,h_210,f_jpg?from=ke.com
20230807,海淀,海淀北部新区,101116389164,保利二期 人车分流 南北通透三居室,655万,68038元/平,低楼层 (共8层) | 2010年建 | 3室1厅 | 96.27平米 | 南 北,https://ke-image.ljcdn.com/110000-inspection/ec5e7b72-8a3a-4054-8551-352e70c10ead_1000.jpg!m_fill,w_280,h_210,f_jpg?from=ke.com
20230807,海淀,海淀北部新区,101116338481,满二商品房  可贷款 中高楼层,360万,51101元/平,中楼层 (共14层) | 2013年建 | 1室1厅 | 70.45平米 | 南,https://ke-image.ljcdn.com/110000-inspection/pc1_J3KT5g6i8.jpg!m_fill,w_280,h_210,f_jpg?from=ke.com
20230807,海淀,海淀北部新区,101116333748,中关村环保园区内精装修三居室直观公园满五唯一,650万,62615元/平,高楼层 (共7层) | 2015年建 | 3室2厅 | 103.81平米 | 东北,https://ke-image.ljcdn.com/110000-inspection/0d902ee4-945c-4fec-8a86-bafdf1fb17ea_1000.jpg!m_fill,w_280,h_210,f_jpg?from=ke.com
20230807,海淀,海淀北部新区,101116299482,海淀北部新区 中关村环保科技园华为 品质社区,1300万,77312元/平,中楼层 (共8层) 4室2厅 | 168.15平米 | 南 北,https://ke-image.ljcdn.com/110000-inspection/pc1_exbOtqHxY.jpg!m_fill,w_280,h_210,f_jpg?from=ke.com
20230807,海淀,海淀北部新区,101116204740,保利西山林语 南北通透大三居室 中高楼层 位置采光好,938万,64164元/平,中楼层 (共8层) | 2009年建 | 3室2厅 | 146.19平米 | 南 北,https://ke-image.ljcdn.com/110000-inspection/f924a2aa-79cc-4107-86dc-3a8631892cdb_1000.jpg!m_fill,w_280,h_210,f_jpg?from=ke.com
20230807,海淀,海淀北部新区,101116185177,上庄馨瑞嘉园  高楼层 简装修 商品房诚意出售。,375万,54223元/平,高楼层 (共16层) | 2013年建 | 1室1厅 | 69.16平米 | 南,https://ke-image.ljcdn.com/110000-inspection/pc1_G4AhMl1ez.jpg!m_fill,w_280,h_210,f_jpg?from=ke.com
20230807,海淀,海淀北部新区,101116154881,三嘉信苑、电梯两居室、南北通透、高楼层,350万,50094元/平,顶层 (共10层) | 2011年建 | 2室1厅 | 69.87平米 | 南 北,https://ke-image.ljcdn.com/110000-inspection/ed5938ce-aac1-4e72-b79a-3115c4d2db78_1000.jpg!m_fill,w_280,h_210,f_jpg?from=ke.com
20230807,海淀,海淀北部新区,101116143406,北辰香麓 平层四居 精装修 低密度 一梯一户 人车分流,1600万,57117元/平,低楼层 (共6层) | 2010年建 | 5室1厅 | 280.13平米 | 南 北,https://ke-image.ljcdn.com/110000-inspection/pc1_6UinjT4qx_1.jpg!m_fill,w_280,h_210,f_jpg?from=ke.com
20230807,海淀,海淀北部新区,101116040559,三嘉信苑、高楼层、电梯两居、满五唯一,330万,51060元/平,高楼层 (共9层) | 2011年建 | 2室1厅 | 64.63平米 | 东,https://ke-image.ljcdn.com/110000-inspection/eb8dd4d9-ed62-419c-a2a8-7a24ec42a690_1000.jpg!m_fill,w_280,h_210,f_jpg?from=ke.com
20230807,海淀,海淀北部新区,101116036465,保利西山林语顶层带楼阁四居室自住装修,1160万,74160元/平,顶层 (共7层) | 2009年建 | 4室2厅 | 156.42平米 | 南 北,https://ke-image.ljcdn.com/110000-inspection/pc1_jdULY9pRj_1.jpg!m_fill,w_280,h_210,f_jpg?from=ke.com
20230807,海淀,海淀北部新区,101115961104,上庄家园西区 上庄水库生态区 小三居 满五年,365万,59544元/平,中楼层 (共6层) | 1984年建 | 3室1厅 | 61.3平米 | 南 北,https://ke-image.ljcdn.com/110000-inspection/fc921c69-958d-4d12-b6b8-daf41e7f4257_1000.jpg!m_fill,w_280,h_210,f_jpg?from=ke.com
20230807,海淀,海淀北部新区,101115882685,保利二期 人车分流 满五唯一 中间层 双通透 精装修房主自荐,645万,71200元/平,低楼层 (共8层) | 2010年建 | 2室1厅 | 90.59平米 | 南 北,https://ke-image.ljcdn.com/110000-inspection/b4983323-5439-432d-af69-05e9b34af80c_1000.jpg!m_fill,w_280,h_210,f_jpg?from=ke.com
20230807,海淀,海淀北部新区,101115829300,林语公馆 满五唯一 西南北三面采光 大阳台 看房方便,688万,78918元/平,低楼层 (共8层) 2室1厅 | 87.18平米 | 南 北 西南,https://ke-image.ljcdn.com/110000-inspection/7105d7a0-a3e8-43c9-a664-c2455e9a8422_1000.jpg!m_fill,w_280,h_210,f_jpg?from=ke.com
20230807,海淀,海淀北部新区,101115804821,保利西山林语 精装修  可拎包入住,680万,74399元/平,中楼层 (共8层) | 2010年建 | 2室1厅 | 91.4平米 | 西南,https://ke-image.ljcdn.com/110000-inspection/89c7c84b-f6d8-4a91-a65a-1f0faca41057_1000.jpg!m_fill,w_280,h_210,f_jpg?from=ke.com
20230807,海淀,海淀北部新区,101115786519,温泉地区2015年小区 中国铁建环保嘉苑 全南向,600万,67989元/平,中楼层 (共9层) | 2015年建 | 2室1厅 | 88.25平米 | 南,https://ke-image.ljcdn.com/110000-inspection/f8981bf0-da1a-4196-ba9a-a688bb0df0a7_1000.jpg!m_fill,w_280,h_210,f_jpg?from=ke.com
20230807,海淀,海淀北部新区,101115567541,中国铁建环保嘉苑低楼层房子出售满五年配套齐全,603万,64465元/平,底层 (共9层) | 2015年建 | 2室1厅 | 93.54平米 | 南 北,https://ke-image.ljcdn.com/110000-inspection/pc1_EqnUKSNLk.jpg!m_fill,w_280,h_210,f_jpg?from=ke.com
20230807,海淀,海淀北部新区,101115348726,北清路科技住宅、恒温恒湿恒、南北通透、交通便利,2599万,123001元/平,顶层 (共25层) | 2018年建 | 4室2厅 | 211.3平米 | 南 北,https://ke-image.ljcdn.com/110000-inspection/pc1_TpjfdwyUP_1.jpg!m_fill,w_280,h_210,f_jpg?from=ke.com
20230807,海淀,海淀北部新区,101115343675,环保嘉苑三居室 新小区 有电梯 满五年 业主诚意出售,727万,67944元/平,中楼层 (共9层) | 2015年建 | 3室1厅 | 107平米 | 东 西,https://ke-image.ljcdn.com/110000-inspection/pc1_BDXVHrdvp.jpg!m_fill,w_280,h_210,f_jpg?from=ke.com
20230807,海淀,海淀北部新区,101115335767,西山林语 中高楼层 精装 看房方便房主自荐,450万,80057元/平,高楼层 (共8层) | 2010年建 | 2室1厅 | 56.21平米 | 西北,https://ke-image.ljcdn.com/110000-inspection/pc1_2EdgGOEEE_2.jpg!m_fill,w_280,h_210,f_jpg?from=ke.com
20230807,海淀,海淀北部新区,101115168545,保利西山林语  满五年唯一 南北通透 高楼层 采光好房主自荐,598万,67229元/平,中楼层 (共8层) | 2010年建 | 3室1厅 | 88.95平米 | 南 北,https://ke-image.ljcdn.com/110000-inspection/pc1_83uDGLjHm.jpg!m_fill,w_280,h_210,f_jpg?from=ke.com
20230807,海淀,海淀北部新区,101115035985,首创天阅西山 精装修平层四居室 朝中庭观景效果好,2560万,120188元/平,顶层 (共25层) | 2018年建 | 4室2厅 | 213平米 | 南 北,https://ke-image.ljcdn.com/110000-inspection/127cd55d-532f-4a28-8cb1-16e9771ba15f_1000.jpg!m_fill,w_280,h_210,f_jpg?from=ke.com
20230807,海淀,海淀北部新区,101114926179,保利西山林语 东南小三居 精装修 看房方便 业主诚售,588万,64074元/平,底层 (共8层) | 2010年建 | 3室1厅 | 91.77平米 | 东南,https://ke-image.ljcdn.com/110000-inspection/dc0a657c-a108-45d7-9f40-a62615838d7e_1000.jpg!m_fill,w_280,h_210,f_jpg?from=ke.com
20230807,海淀,海淀北部新区,101114650343,保利西山林语 南向一居室中间层,399万,81863元/平,中楼层 (共8层) | 2010年建 | 1室1厅 | 48.74平米 | 南,https://ke-image.ljcdn.com/110000-inspection/pc1_OWyrZDLir.jpg!m_fill,w_280,h_210,f_jpg?from=ke.com
20230807,海淀,海淀北部新区,101114586458,满五年唯一 精装 双卧朝南 采光好,590万,66682元/平,中楼层 (共8层) | 2009年建 | 2室1厅 | 88.48平米 | 南 北,https://ke-image.ljcdn.com/110000-inspection/pc1_owCklgT4O_2.jpg!m_fill,w_280,h_210,f_jpg?from=ke.com
20230807,海淀,海淀北部新区,101114556005,冷泉林语山庄二区  南向一居室 看房提前联系,535万,72641元/平,中楼层 (共7层) | 2009年建 | 1室1厅 | 73.65平米 | 南,https://ke-image.ljcdn.com/110000-inspection/60062a6d-a73e-49ca-b26d-2220334b05dd_1000.jpg!m_fill,w_280,h_210,f_jpg?from=ke.com
20230807,海淀,海淀北部新区,101114502019,保利·西山林语。南北通透三居 方正户型 精装修诚出售,630万,70827元/平,高楼层 (共8层) | 2010年建 | 3室1厅 | 88.95平米 | 南 北,https://ke-image.ljcdn.com/110000-inspection/672c1034-1fc6-49ee-8ff2-e07d9e323793_1000.jpg!m_fill,w_280,h_210,f_jpg?from=ke.com
20230807,海淀,海淀北部新区,101114487921,保利西山林语 一层下跃 小区中间位置诚意出售,900万,61104元/平,底层 (共8层) | 2009年建 | 3室2厅 | 147.29平米 | 南 北,https://ke-image.ljcdn.com/110000-inspection/pc1_5k921ffgH.jpg!m_fill,w_280,h_210,f_jpg?from=ke.com
20230807,海淀,海淀北部新区,101114427061,位置安静 南北通透 采光充足 产权清晰 无抵押 商品房,345万,56558元/平,顶层 (共5层) | 2000年建 | 2室1厅 | 61平米 | 南 北,https://ke-image.ljcdn.com/110000-inspection/daa8769e-0367-4875-a3d5-18b1dcb30013_1000.jpg!m_fill,w_280,h_210,f_jpg?from=ke.com
20230807,海淀,海淀北部新区,101114373208,上庄三嘉信苑 有电梯 高楼层 南向两居室,358万,56637元/平,高楼层 (共10层) | 2011年建 | 2室1厅 | 63.21平米 | 南,https://ke-image.ljcdn.com/110000-inspection/8873de52-eb6e-4384-81ac-adbca4291105_1000.jpg!m_fill,w_280,h_210,f_jpg?from=ke.com
20230807,海淀,海淀北部新区,101114287960,上庄家园西区 中间楼层两居室 精装修 诚意出售,390万,71560元/平,中楼层 (共4层) 2室1厅 | 54.5平米 | 南,https://ke-image.ljcdn.com/110000-inspection/3677d504-9875-4ad2-bcbe-863d354c3003_1000.jpg!m_fill,w_280,h_210,f_jpg?from=ke.com
20230807,海淀,海淀北部新区,101114098022,冷泉林语山庄二区 三居室 精装修 诚意出售房主自荐,648万,69394元/平,中楼层 (共8层) | 2009年建 | 3室1厅 | 93.38平米 | 南 北,https://ke-image.ljcdn.com/110000-inspection/pc1_ltyN9UZFd.jpg!m_fill,w_280,h_210,f_jpg?from=ke.com
20230807,海淀,海淀北部新区,101114056747,三期全明格局 两居明卫 满五年唯一 靠谱出售,565万,62205元/平,底层 (共8层) | 2010年建 | 2室1厅 | 90.83平米 | 南 北,https://ke-image.ljcdn.com/110000-inspection/pc1_YQgpRAT9V_1.jpg!m_fill,w_280,h_210,f_jpg?from=ke.com
20230807,海淀,海淀北部新区,101114051873,北辰香麓低密度洋房高楼层可观山,1210万,52573元/平,高楼层 (共6层) 4室3厅 | 230.16平米 | 南 北,https://ke-image.ljcdn.com/110000-inspection/8e25e367-b36e-415d-a7ee-7edfce95570f_1000.jpg!m_fill,w_280,h_210,f_jpg?from=ke.com
20230807,海淀,海淀北部新区,101113888265,保利西山林语南向一居高楼层采光好位置好不临街,400万,82069元/平,顶层 (共8层) | 2010年建 | 1室1厅 | 48.74平米 | 南,https://ke-image.ljcdn.com/110000-inspection/dda7b7de-32f1-403f-94b8-117dd3c18668_1000.jpg!m_fill,w_280,h_210,f_jpg?from=ke.com
20230807,海淀,海淀北部新区,101113885338,此房满五唯一南北双通透采光足配套设施齐全房主自荐,415万,85076元/平,中楼层 (共8层) | 2011年建 | 1室1厅 | 48.78平米 | 南,https://ke-image.ljcdn.com/110000-inspection/pc1_xhZboPeeJ_1.jpg!m_fill,w_280,h_210,f_jpg?from=ke.com
20230807,海淀,海淀北部新区,101113602573,首创天阅西山中高楼层大平层精装修,2580万,121127元/平,中楼层 (共25层) | 2018年建 | 4室2厅 | 213平米 | 南 北,https://ke-image.ljcdn.com/110000-inspection/6b455d4c-6226-4699-a2dc-0567263b6598_1000.jpg!m_fill,w_280,h_210,f_jpg?from=ke.com
20230807,海淀,海淀北部新区,101113395840,北京温泉北京分析仪器厂家属宿舍房主自荐,368万,59260元/平,中楼层 (共4层) 2室1厅 | 62.1平米 | 南,https://ke-image.ljcdn.com/110000-inspection/pc1_rZVHbqFAE_2.jpg!m_fill,w_280,h_210,f_jpg?from=ke.com
20230807,海淀,海淀北部新区,101113337588,保利西山林语 三期 中高楼层 两居室 有钥匙 诚意出售,583万,64420元/平,中楼层 (共8层) | 2011年建 | 2室1厅 | 90.5平米 | 南 北,https://ke-image.ljcdn.com/110000-inspection/154284c4-7a0e-4359-9187-535cb81bc37d_1000.jpg!m_fill,w_280,h_210,f_jpg?from=ke.com
20230807,海淀,海淀北部新区,101112527524,环山村  低楼层  全明格局  南北通透两居室,409万,63021元/平,底层 (共6层) 2室1厅 | 64.9平米 | 南 北,https://ke-image.ljcdn.com/110000-inspection/e6a7aae3-5391-4a85-8b88-98acf46e5ea8_1000.jpg!m_fill,w_280,h_210,f_jpg?from=ke.com
20230807,海淀,海淀北部新区,101112284169,海淀北部新区温泉镇老年医院家属楼 精装修房主自荐,445万,78346元/平,中楼层 (共4层) | 1978年建 | 3室1厅 | 56.8平米 | 南 北,https://ke-image.ljcdn.com/110000-inspection/0ce060c2-49d5-41b6-bfcc-a577985c162a_1000.jpg!m_fill,w_280,h_210,f_jpg?from=ke.com
20230807,海淀,海淀北部新区,101111768627,保利·西山林语  一梯两户  业主诚意出售房主自荐,1080万,62324元/平,底层 (共7层) 4室2厅 | 173.29平米 | 南 北,https://ke-image.ljcdn.com/110000-inspection/pc1_t86FYQ6bJ_1.jpg!m_fill,w_280,h_210,f_jpg?from=ke.com
20230807,海淀,海淀北部新区,101111489135,航天城小区 少有大面积复式 诚心出售,1620万,79584元/平,顶层 (共6层) | 2001年建 | 5室3厅 | 203.56平米 | 南 北,https://ke-image.ljcdn.com/110000-inspection/pc1_xYuRWwSuE_1.jpg!m_fill,w_280,h_210,f_jpg?from=ke.com
20230807,海淀,海淀北部新区,101106156779,满五年唯一 南北通透 视野开阔 人车分流 低密度板楼,680万,67035元/平,顶层 (共8层) 2室1厅 | 101.44平米 | 南 北,https://ke-image.ljcdn.com/110000-inspection/pc1_VRJIEThGT_2.jpg!m_fill,w_280,h_210,f_jpg?from=ke.com
20230807,海淀,海淀北部新区,101102561774,业主诚心出售 随时可看 客厅双卧南 小区中间位置大3居,885万,61802元/平,顶层 (共8层) | 2010年建 | 3室1厅 | 143.2平米 | 南 北,https://ke-image.ljcdn.com/110000-inspection/pc1_WrM7J8B7d_1.jpg!m_fill,w_280,h_210,f_jpg?from=ke.com
20230807,海淀,海淀北部新区,101120445245,海淀嘉郡 南北通透 中高楼层 精装修 满五唯一新上,470万,58942元/平,中楼层 (共16层) 2室1厅 | 79.74平米 | 南 北,https://ke-image.ljcdn.com/110000-inspection/6bd9d466-67e7-41a9-9cb4-5b0ea7a14258_1000.jpg!m_fill,w_280,h_210,f_jpg?from=ke.com
20230807,海淀,海淀北部新区,101120442241,北辰香麓中叠四居室 一家三代空间独立 前后视野好新上,1280万,58703元/平,中楼层 (共7层) 4室2厅 | 218.05平米 | 南 北,https://ke-image.ljcdn.com/110000-inspection/3e4e7145-58c6-438e-bde9-b1bf15d69e04_1000.jpg!m_fill,w_280,h_210,f_jpg?from=ke.com
20230807,海淀,海淀北部新区,101120440011,海淀产权2015年社区高科技产业园区内南向两居室新上,559万,64342元/平,中楼层 (共7层) | 2015年建 | 2室1厅 | 86.88平米 | 南,https://ke-image.ljcdn.com/110000-inspection/9efe0367-88c8-429a-ab3e-62ca85c7b3a6_1000.jpg!m_fill,w_280,h_210,f_jpg?from=ke.com
20230807,海淀,海淀北部新区,101120422716,保利西山林语 3室1厅 东南新上,658万,72031元/平,中楼层 (共8层) | 2010年建 | 3室1厅 | 91.35平米 | 东南,https://ke-image.ljcdn.com/110000-inspection/527d2e9d-a085-4085-9dd7-9a28444b6e38_1000.jpg!m_fill,w_280,h_210,f_jpg?from=ke.com
20230807,海淀,海淀北部新区,101120358300,保利西山林语 3室2厅 东 北新上,720万,60709元/平,底层 (共8层) 3室2厅 | 118.6平米 | 东 北,https://ke-image.ljcdn.com/110000-inspection/pc1_sB5CHkXkX.jpg!m_fill,w_280,h_210,f_jpg?from=ke.com
20230807,海淀,海淀北部新区,101120356609,正源尚峰尚水 一层带地下带黑土地 南北通透 全明格局新上,1180万,81848元/平,底层 (共9层) 6室3厅 | 144.17平米 | 南 北,https://ke-image.ljcdn.com/110000-inspection/pc1_eTZzzbh4h.jpg!m_fill,w_280,h_210,f_jpg?from=ke.com
20230807,海淀,海淀北部新区,101120346751,西六砖瓦厂家属楼 两居室 业主稳定卖 通透性好,348万,60936元/平,顶层 (共6层) | 2005年建 | 2室1厅 | 57.11平米 | 东 西,https://ke-image.ljcdn.com/110000-inspection/pc1_fUwO4E6Rr.jpg!m_fill,w_280,h_210,f_jpg?from=ke.com
20230807,海淀,海淀北部新区,101120267397,保利二期弧形阳台两居室精装修看房随时房主自荐,668万,73739元/平,中楼层 (共8层) 2室1厅 | 90.59平米 | 南 北,https://ke-image.ljcdn.com/110000-inspection/pc1_NfjrrfdVn.jpg!m_fill,w_280,h_210,f_jpg?from=ke.com
20230807,海淀,海淀北部新区,101120243595,满五唯一采光视野很好  单价低 看房方便,1580万,52017元/平,顶层 (共7层) 6室2厅 | 303.75平米 | 南 北,https://ke-image.ljcdn.com/110000-inspection/1c644193-11d2-4b13-953c-a0e40be44c48_1000.jpg!m_fill,w_280,h_210,f_jpg?from=ke.com
20230807,海淀,海淀北部新区,101120153681,三嘉信苑 2室1厅 南 北,320万,49767元/平,中楼层 (共6层) | 2011年建 | 2室1厅 | 64.3平米 | 南 北,https://ke-image.ljcdn.com/110000-inspection/pc1_Chl1DwhVI_1.jpg!m_fill,w_280,h_210,f_jpg?from=ke.com
20230807,海淀,海淀北部新区,101120133788,首创天阅西山 南北四居室 三卧朝南 精装修,1870万,102799元/平,中楼层 (共18层) 4室2厅 | 181.91平米 | 南 北,https://ke-image.ljcdn.com/110000-inspection/a897a153-6060-4211-8dea-f2bdd90091f1_1000.jpg!m_fill,w_280,h_210,f_jpg?from=ke.com
20230807,海淀,海淀北部新区,101120069290,次顶层  明厨明卫  精装修  业主诚意出售,590万,64829元/平,高楼层 (共7层) | 2010年建 | 2室1厅 | 91.01平米 | 南 北,https://ke-image.ljcdn.com/110000-inspection/2b67d091-78f5-453d-9c59-96b392705185_1000.jpg!m_fill,w_280,h_210,f_jpg?from=ke.com
20230807,海淀,海淀北部新区,101120046498,海淀北部新区品质社区环保科技园旁,1800万,60727元/平,顶层 (共3层) | 2009年建 | 4室3厅 | 296.41平米 | 南 北,https://ke-image.ljcdn.com/110000-inspection/pc1_F4ofm8bN2.jpg!m_fill,w_280,h_210,f_jpg?from=ke.com
20230807,海淀,海淀北部新区,101119928223,海淀嘉郡 满五唯一 中间位置 中高楼层 南北通透,565万,58873元/平,中楼层 (共16层) 3室2厅 | 95.97平米 | 南 北,https://ke-image.ljcdn.com/110000-inspection/0d880d17-0e46-4e79-91f1-c0503828e2d8_1000.jpg!m_fill,w_280,h_210,f_jpg?from=ke.com
20230807,海淀,海淀北部新区,101119926864,保利公馆 品质低密度洋房 明亮户型 高楼层 大阳台,529万,77092元/平,中楼层 (共8层) 1室1厅 | 68.62平米 | 南,https://ke-image.ljcdn.com/110000-inspection/1bed679c-9572-4f53-9692-d366960ea7e0_1000.jpg!m_fill,w_280,h_210,f_jpg?from=ke.com
20230807,海淀,海淀北部新区,101119732148,次顶层南向一居室观景住宅精装修拎包入住,386万,80703元/平,高楼层 (共8层) | 2010年建 | 1室1厅 | 47.83平米 | 南,https://ke-image.ljcdn.com/110000-inspection/5376dd7a-2146-4f30-af3d-249594b16c8f_1000.jpg!m_fill,w_280,h_210,f_jpg?from=ke.com
20230807,海淀,海淀北部新区,101119729486,正源尚峰尚水 南北西通透 三面采光 带阳台 带飘窗房主自荐,950万,69177元/平,低楼层 (共9层) 3室1厅 | 137.33平米 | 南 西 北,https://ke-image.ljcdn.com/110000-inspection/e5ba4867-1446-4c2e-a628-849afa2bfde1_1000.jpg!m_fill,w_280,h_210,f_jpg?from=ke.com
20230807,海淀,海淀北部新区,101119710569,保利林语南北通透大三居精装 附40平跃层满五唯一,990万,69675元/平,顶层 (共8层) | 2009年建 | 3室2厅 | 142.09平米 | 南 北,https://ke-image.ljcdn.com/110000-inspection/9ff83b20-4f8a-4ef5-811b-491683f333d6_1000.jpg!m_fill,w_280,h_210,f_jpg?from=ke.com
20230807,海淀,海淀北部新区,101119686348,满五唯一商品房   次顶层  精装修 南北通透  看房方便,335万,52599元/平,高楼层 (共6层) | 2011年建 | 2室1厅 | 63.69平米 | 南 北,https://ke-image.ljcdn.com/110000-inspection/d2c4a608-da26-4032-86a2-d8ce62485959_1000.jpg!m_fill,w_280,h_210,f_jpg?from=ke.com
20230807,海淀,海淀北部新区,101119598247,馨瑞嘉园满五唯一楼层好视野宽阔采光充足！,365万,51774元/平,中楼层 (共14层) 1室1厅 | 70.5平米 | 南,https://ke-image.ljcdn.com/110000-inspection/pc1_9oP7Goj3L_1.jpg!m_fill,w_280,h_210,f_jpg?from=ke.com
20230807,海淀,海淀北部新区,101119587906,冷泉林语山庄  满五唯一  业主诚意出售,908万,37110元/平,底层 (共8层) | 2009年建 | 2室2厅 | 244.68平米 | 南 北,https://ke-image.ljcdn.com/110000-inspection/pc1_mfJlhm122_1.jpg!m_fill,w_280,h_210,f_jpg?from=ke.com
20230807,海淀,海淀北部新区,101119530841,首创天阅西山 房本满两年 南北四居室 眼睛户型房主自荐,2130万,100996元/平,低楼层 (共25层) 4室2厅 | 210.9平米 | 南 北,https://ke-image.ljcdn.com/110000-inspection/23b45226-3690-492a-ace0-80cd2558c495_1000.jpg!m_fill,w_280,h_210,f_jpg?from=ke.com
20230807,海淀,海淀北部新区,101119526772,正源尚峰尚水正规一居室精装修中间层诚意出售,558万,70831元/平,中楼层 (共9层) 1室1厅 | 78.78平米 | 西南,https://ke-image.ljcdn.com/110000-inspection/9d06e097-2007-4e91-afc4-4a0082831c4d_1000.jpg!m_fill,w_280,h_210,f_jpg?from=ke.com
20230807,海淀,海淀北部新区,101119510572,保利公馆大四居 精装修 满五唯一 中间层 看房方便,1150万,67636元/平,低楼层 (共9层) 4室2厅 | 170.03平米 | 南 北,https://ke-image.ljcdn.com/110000-inspection/pc1_bSPSAHEIR.jpg!m_fill,w_280,h_210,f_jpg?from=ke.com
20230807,海淀,海淀北部新区,101119451497,上庄馨瑞嘉园 1室1厅 南,368万,52199元/平,低楼层 (共14层) 1室1厅 | 70.5平米 | 南,https://ke-image.ljcdn.com/110000-inspection/pc1_VmeGiZdws.jpg!m_fill,w_280,h_210,f_jpg?from=ke.com
20230807,海淀,海淀北部新区,101119411479,海淀产权 商品房 中高楼层 南北通透 干湿分离,325万,51868元/平,高楼层 (共6层) | 2011年建 | 2室1厅 | 62.66平米 | 南 北,https://ke-image.ljcdn.com/110000-inspection/pc1_qbSOV5Mhe_1.jpg!m_fill,w_280,h_210,f_jpg?from=ke.com
20230807,海淀,海淀北部新区,101119398959,冠城大通百旺府一层下跃 满两年精装修随时看房房主自荐,1520万,59740元/平,底层 (共7层) | 2019年建 | 5室2厅 | 254.44平米 | 南 北,https://ke-image.ljcdn.com/110000-inspection/pc1_mejA3J6kg.jpg!m_fill,w_280,h_210,f_jpg?from=ke.com
20230807,海淀,海淀北部新区,101119396402,楼龄新 商品房 海淀产权 视野好 带电梯房主自荐,329万,49010元/平,高楼层 (共21层) 1室1厅 | 67.13平米 | 东 西,https://ke-image.ljcdn.com/110000-inspection/pc1_9qgAqf5vf.jpg!m_fill,w_280,h_210,f_jpg?from=ke.com
20230807,海淀,海淀北部新区,101119273712,海淀产权 带电梯 满五唯一 可贷款 通透户型 两居,315万,47412元/平,低楼层 (共9层) 2室1厅 | 66.44平米 | 东 西,https://ke-image.ljcdn.com/110000-inspection/pc1_IV8wzDk57.jpg!m_fill,w_280,h_210,f_jpg?from=ke.com
20230807,海淀,海淀北部新区,101119252814,正源尚峰尚水 南北通透 户型方正 满五唯一 靠谱出售,799万,72889元/平,低楼层 (共9层) 3室2厅 | 109.62平米 | 南 北,https://ke-image.ljcdn.com/110000-inspection/pc1_q9hoAHZSC.jpg!m_fill,w_280,h_210,f_jpg?from=ke.com
20230807,海淀,海淀北部新区,101119251838,正源尚峰尚水 4室2厅2卫 观景房 视野开阔 随时能看房,740万,81150元/平,顶层 (共9层) 2室1厅 | 91.19平米 | 西南,https://ke-image.ljcdn.com/110000-inspection/pc1_SjjSLICj6.jpg!m_fill,w_280,h_210,f_jpg?from=ke.com
20230807,海淀,海淀北部新区,101119142673,海淀北部新区叠拼社区满五唯一看房方便迷你墅房主自荐,1370万,57780元/平,中楼层 (共4层) | 2010年建 | 4室2厅 | 237.11平米 | 南 北,https://ke-image.ljcdn.com/110000-inspection/pc1_hWZjywm9J.jpg!m_fill,w_280,h_210,f_jpg?from=ke.com
20230807,海淀,海淀北部新区,101119098067,海淀产权 馨瑞嘉园 满五唯一 全南一居 中高层 有电梯,350万,51661元/平,中楼层 (共16层) 1室1厅 | 67.75平米 | 南,https://ke-image.ljcdn.com/110000-inspection/c11f37d8-4f34-495d-a130-97afc0151471_1000.jpg!m_fill,w_280,h_210,f_jpg?from=ke.com
20230807,海淀,海淀北部新区,101119054814,三嘉信苑 2室1厅 南,355万,54591元/平,中楼层 (共10层) | 2011年建 | 2室1厅 | 65.03平米 | 南,https://ke-image.ljcdn.com/110000-inspection/930994b0-4ac5-46ba-8a0b-512ea1d42d6e_1000.jpg!m_fill,w_280,h_210,f_jpg?from=ke.com
20230807,海淀,海淀北部新区,101119040083,海淀北部 2013年的小区  高楼层  视野开阔,360万,52502元/平,高楼层 (共14层) 1室1厅 | 68.57平米 | 南,https://ke-image.ljcdn.com/110000-inspection/23990f6f-48c5-4dac-9269-806b89662e70_1000.jpg!m_fill,w_280,h_210,f_jpg?from=ke.com
20230807,海淀,海淀北部新区,101119039123,西六砖瓦厂家属楼 南北通透两居室 看房方便,345万,64607元/平,底层 (共5层) | 1985年建 | 2室1厅 | 53.4平米 | 南 北,https://ke-image.ljcdn.com/110000-inspection/pc1_ipEObMIJS.jpg!m_fill,w_280,h_210,f_jpg?from=ke.com
20230807,海淀,海淀北部新区,101118952540,法式独栋观景现房别墅毛坯现房随时可看可签,2590万,57339元/平,底层 (共2层) 6室2厅 | 451.7平米 | 南,https://ke-image.ljcdn.com/110000-inspection/pc1_qSfooAuM5.jpg!m_fill,w_280,h_210,f_jpg?from=ke.com
20230807,海淀,海淀北部新区,101118906610,高楼层观景房南北双通透视野好自住精装修房主自荐,1050万,77640元/平,顶层 (共8层) 5室3厅 | 135.24平米 | 南 北,https://ke-image.ljcdn.com/110000-inspection/3d6b692a-5566-46b2-96cb-9a58f3d43a81_1000.jpg!m_fill,w_280,h_210,f_jpg?from=ke.com
20230807,海淀,海淀北部新区,101118902391,南北通透  满五年  中间位置  业主诚售  看房方便,370万,62500元/平,顶层 (共4层) 2室1厅 | 59.2平米 | 南 北,https://ke-image.ljcdn.com/110000-inspection/13ea10e0-7361-4dee-98f8-98319371ba92_1000.jpg!m_fill,w_280,h_210,f_jpg?from=ke.com
20230807,海淀,海淀北部新区,101118859793,三嘉信苑商品房南北通透建成年代新诚意出售。,320万,50553元/平,顶层 (共6层) | 2011年建 | 2室1厅 | 63.3平米 | 南 北,https://ke-image.ljcdn.com/110000-inspection/pc1_AlvPolW9u.jpg!m_fill,w_280,h_210,f_jpg?from=ke.com
20230807,海淀,海淀北部新区,101118832354,商品房 满五唯一 诚意出售 随时可看房 精装修,505万,53047元/平,顶层 (共5层) | 1996年建 | 3室1厅 | 95.2平米 | 南 北,https://ke-image.ljcdn.com/110000-inspection/pc1_CAVGF2rYL.jpg!m_fill,w_280,h_210,f_jpg?from=ke.com
20230807,海淀,海淀北部新区,101118820233,半山枫林香山85号院 7室2厅 南 北,3200万,70230元/平,底层 (共3层) | 2003年建 | 7室2厅 | 455.65平米 | 南 北,https://ke-image.ljcdn.com/110000-inspection/5206da02-a65e-4320-a92e-f389e9555af3_1000.jpg!m_fill,w_280,h_210,f_jpg?from=ke.com
20230807,海淀,海淀北部新区,101118496224,保利西山林语 2室1厅 南 北,640万,66062元/平,中楼层 (共7层) | 2010年建 | 2室1厅 | 96.88平米 | 南 北,https://ke-image.ljcdn.com/110000-inspection/6c3f5c0d-1d30-4365-bda7-5ae4fcb92a43_1000.jpg!m_fill,w_280,h_210,f_jpg?from=ke.com
20230807,海淀,海淀北部新区,101118489993,北辰香麓低密度花园洋房次顶层可观山精装房次新房,1380万,58776元/平,中楼层 (共5层) 4室2厅 | 234.79平米 | 南 北,https://ke-image.ljcdn.com/110000-inspection/pc1_Gqh1Q6SRP.jpg!m_fill,w_280,h_210,f_jpg?from=ke.com
20230807,海淀,海淀北部新区,101118424002,低成本海淀产权南向2层交通便利环境好满五唯一,310万,89338元/平,中楼层 (共4层) | 1992年建 | 2室1厅 | 34.7平米 | 南,https://ke-image.ljcdn.com/110000-inspection/pc1_fqEAP8Rms_1.jpg!m_fill,w_280,h_210,f_jpg?from=ke.com
20230807,海淀,海淀北部新区,101118369566,保利西山林语 精装修 一居室 诚意出售,385万,78316元/平,低楼层 (共8层) | 2010年建 | 1室1厅 | 49.16平米 | 西 北,https://ke-image.ljcdn.com/110000-inspection/abe0d81b-02b7-4408-b6cd-05cf7e91ded3_1000.jpg!m_fill,w_280,h_210,f_jpg?from=ke.com
20230807,海淀,海淀北部新区,101118257193,保利西山林语别墅  精装修  自己住 诚意出售房主自荐,2680万,60529元/平,底层 (共2层) | 2009年建 | 8室4厅 | 442.77平米 | 北 东 南 西,https://ke-image.ljcdn.com/110000-inspection/145a1dd2-6712-4db7-aefe-03b9be7993e2_1000.jpg!m_fill,w_280,h_210,f_jpg?from=ke.com
20230807,海淀,海淀北部新区,101118153270,环保嘉苑 精装修大两居拎包入住 挨着公园水系房主自荐,631万,69525元/平,高楼层 (共7层) | 2015年建 | 2室2厅 | 90.76平米 | 南 北,https://ke-image.ljcdn.com/110000-inspection/pc1_ZsIYjTRNH.jpg!m_fill,w_280,h_210,f_jpg?from=ke.com
20230807,海淀,海淀北部新区,101118147289,正源尚峰尚水 4室2厅 南 北,1450万,77330元/平,顶层 (共3层) 4室2厅 | 187.51平米 | 南 北,https://ke-image.ljcdn.com/110000-inspection/pc1_ZOAAOSFyd.jpg!m_fill,w_280,h_210,f_jpg?from=ke.com
20230807,海淀,海淀北部新区,101118112819,首创天阅西山 恒湿恒温恒氧 科技住宅 私家电梯,2250万,105634元/平,低楼层 (共25层) 4室2厅 | 213平米 | 南 北,https://ke-image.ljcdn.com/110000-inspection/f2d07ad5-ccbb-4f0b-823a-f0c7c2ef70a2_1000.jpg!m_fill,w_280,h_210,f_jpg?from=ke.com
20230807,海淀,海淀北部新区,101118046273,正源尚峰尚水 南北三居室 满五年唯一 视野好,990万,77266元/平,高楼层 (共10层) 3室2厅 | 128.13平米 | 南 北,https://ke-image.ljcdn.com/110000-inspection/a6ef6d52-45bc-47a7-b35c-83d206ed7238_1000.jpg!m_fill,w_280,h_210,f_jpg?from=ke.com
20230807,海淀,海淀北部新区,101118013343,海淀上庄-馨瑞嘉园、满五唯一、电梯南向一居室,365万,53254元/平,中楼层 (共15层) | 2013年建 | 1室1厅 | 68.54平米 | 南,https://ke-image.ljcdn.com/110000-inspection/047e817c-099c-4a7a-98fd-654c4363c3dd_1000.jpg!m_fill,w_280,h_210,f_jpg?from=ke.com
20230807,海淀,海淀北部新区,101118010194,海淀北部新区南北两居室居家装修中间楼层,315万,50272元/平,中楼层 (共6层) | 2011年建 | 2室1厅 | 62.66平米 | 南 北,https://ke-image.ljcdn.com/110000-inspection/1897999d-8cef-4065-9c4e-a70cf7f49b4f_1000.jpg!m_fill,w_280,h_210,f_jpg?from=ke.com
20230807,海淀,海淀北部新区,101117977793,动静分离户型 2015年自住精装修标准 收拾的很干净,1236万,54211元/平,中楼层 (共5层) 5室2厅 | 228平米 | 南 北,https://ke-image.ljcdn.com/110000-inspection/595403cc-fa8b-4f3e-80c6-34855e8c4f74_1000.jpg!m_fill,w_280,h_210,f_jpg?from=ke.com
20230807,海淀,海淀北部新区,101117815989,林语公馆全明双卫  精装修顶层挑空 南北通透三居室,836万,75289元/平,顶层 (共8层) | 2009年建 | 3室1厅 | 111.04平米 | 南 北,https://ke-image.ljcdn.com/110000-inspection/9d1b6829-1a4e-42bc-b32b-df9a6d2907fa_1000.jpg!m_fill,w_280,h_210,f_jpg?from=ke.com
20230807,海淀,海淀北部新区,101117814867,英式精装独栋 直观山间 三面园林带车库 业主诚售,2450万,61724元/平,底层 (共2层) 5室2厅 | 396.93平米 | 南 北,https://ke-image.ljcdn.com/110000-inspection/pc1_La1hZ5OGG.jpg!m_fill,w_280,h_210,f_jpg?from=ke.com
20230807,海淀,海淀北部新区,101117302237,尚居园精装叠拼别墅 视野好无遮挡 高档装修,1850万,74528元/平,顶层 (共2层) 6室2厅 | 248.23平米 | 南 北,https://ke-image.ljcdn.com/110000-inspection/2198fc17-20f5-43ed-91c5-eb1cd62a4b46_1000.jpg!m_fill,w_280,h_210,f_jpg?from=ke.com
20230807,海淀,海淀北部新区,101117289876,冷泉林语山庄二区  南向一居室  诚意出售房主自荐,368万,75364元/平,底层 (共8层) | 2011年建 | 1室1厅 | 48.83平米 | 南,https://ke-image.ljcdn.com/110000-inspection/a975c879-341f-4d4f-b8c6-09a0540fac7b_1000.jpg!m_fill,w_280,h_210,f_jpg?from=ke.com
20230807,海淀,海淀北部新区,101117247560,海淀北部新区三嘉信苑三居室有电梯精装修拎包入住,446万,48776元/平,高楼层 (共9层) | 2011年建 | 3室1厅 | 91.44平米 | 东 西,https://ke-image.ljcdn.com/110000-inspection/c27367fc-15e1-4b95-9377-76c1e1f52893_1000.jpg!m_fill,w_280,h_210,f_jpg?from=ke.com
20230807,海淀,海淀北部新区,101117127238,首创天阅西山 南北四居室  三卧朝南 一梯一户,2580万,104243元/平,高楼层 (共25层) 4室2厅 | 247.5平米 | 南 北,https://ke-image.ljcdn.com/110000-inspection/7575e50f-1f7f-4729-acbe-527373468c76_1000.jpg!m_fill,w_280,h_210,f_jpg?from=ke.com
20230807,海淀,海淀北部新区,101117035244,保利西山林语东南向顶层两居室。,800万,91023元/平,顶层 (共8层) 2室1厅 | 87.89平米 | 东南,https://ke-image.ljcdn.com/110000-inspection/pc1_oiRtzPAZO.jpg!m_fill,w_280,h_210,f_jpg?from=ke.com
20230807,海淀,海淀北部新区,101116800169,保利西山林语一期一层带下跃楼上两居楼下两居。,1160万,97553元/平,底层 (共7层) | 2009年建 | 4室2厅 | 118.91平米 | 南 北,https://ke-image.ljcdn.com/110000-inspection/pc1_5sb8pj0Qk.jpg!m_fill,w_280,h_210,f_jpg?from=ke.com
20230807,海淀,海淀北部新区,101116623282,保利西山林语   南北通透   观景大阳台房主自荐,680万,74018元/平,高楼层 (共8层) | 2010年建 | 2室1厅 | 91.87平米 | 南 北,https://ke-image.ljcdn.com/110000-inspection/pc1_XId6j7ciK.jpg!m_fill,w_280,h_210,f_jpg?from=ke.com
20230807,海淀,海淀北部新区,101116403313,北辰香麓三期  五居室    户型方正,1680万,55510元/平,低楼层 (共3层) | 2010年建 | 5室3厅 | 302.65平米 | 南 北,https://ke-image.ljcdn.com/110000-inspection/pc1_PsvVGXZ48_1.jpg!m_fill,w_280,h_210,f_jpg?from=ke.com
20230807,海淀,海淀北部新区,101116375242,上庄家园西区 满五唯一商品房 精装修拎包入住,432万,70855元/平,底层 (共6层) 2室1厅 | 60.97平米 | 南 北,https://ke-image.ljcdn.com/110000-inspection/7e19c08e-3d4b-47dd-9756-98852387c67e_1000.jpg!m_fill,w_280,h_210,f_jpg?from=ke.com
20230807,海淀,海淀北部新区,101115493110,北辰香麓 低密度洋房 满五唯一房主自荐,1380万,58761元/平,中楼层 (共6层) | 2010年建 | 4室2厅 | 234.85平米 | 南 北,https://ke-image.ljcdn.com/110000-inspection/pc1_SAWe1pzVo.jpg!m_fill,w_280,h_210,f_jpg?from=ke.com
20230807,海淀,海淀北部新区,101115485281,北辰香麓大五居室  看房随时 小区中间位置房主自荐,1850万,51317元/平,顶层 (共4层) | 2010年建 | 5室1厅 | 360.51平米 | 南 北,https://ke-image.ljcdn.com/110000-inspection/pc1_IF8qLtomY_2.jpg!m_fill,w_280,h_210,f_jpg?from=ke.com
20230807,海淀,海淀北部新区,101115210185,首创天阅西山 南北通透  上下三层  精装修 恒湿恒温,2288万,60168元/平,底层 (共18层) | 2018年建 | 5室2厅 | 380.27平米 | 南 北,https://ke-image.ljcdn.com/110000-inspection/281167a5-75d4-46f3-87e6-287dc0dee979_1000.jpg!m_fill,w_280,h_210,f_jpg?from=ke.com
20230807,海淀,海淀北部新区,101109655919,冠城大通百旺府平层四居室一梯一户有钥匙随时看,1580万,66120元/平,中楼层 (共5层) | 2015年建 | 4室2厅 | 238.96平米 | 南 北,https://ke-image.ljcdn.com/110000-inspection/pc1_bSXuVfSnF_1.jpg!m_fill,w_280,h_210,f_jpg?from=ke.com
20230807,海淀,海淀北部新区,101106599554,海淀保利西山林语精装修自住,900万,52982元/平,底层 (共9层) 4室2厅 | 169.87平米 | 南 北,https://ke-image.ljcdn.com/110000-inspection/pc1_JW9rz2eQG_1.jpg!m_fill,w_280,h_210,f_jpg?from=ke.com
20230807,海淀,海淀北部新区,101120254403,海淀嘉郡 2016年 万科物业 南北通透 中间层 满五唯一,450万,56455元/平,低楼层 (共16层) 2室1厅 | 79.71平米 | 南 北,https://s1.ljcdn.com/pegasus/redskull/images/common/default_house_list.png?_v=20230724175852780
20230807,海淀,海淀北部新区,101120161259,正源尚峰尚水 车位,25万,8633元/平,地下室 (共10层) 1室0厅 | 28.96平米 | 南,https://s1.ljcdn.com/pegasus/redskull/images/common/default_house_list.png?_v=20230724175852780
20230807,海淀,海淀北部新区,101120134907,正源尚峰尚水北向两室中高层精装修诚意出售,210万,30887元/平,中楼层 (共10层) 2室1厅 | 67.99平米 | 北,https://s1.ljcdn.com/pegasus/redskull/images/common/default_house_list.png?_v=20230724175852780
20230807,海淀,海淀北部新区,101120131177,保利西山林语 车位,23万,7427元/平,地下室 (共9层) | 2010年建 | 1室0厅 | 30.97平米 | 北,https://s1.ljcdn.com/pegasus/redskull/images/common/default_house_list.png?_v=20230724175852780
20230807,海淀,海淀北部新区,101120125600,精装业主诚意出售采光好配套齐全,310万,44798元/平,顶层 (共5层) | 2016年建 | 2室1厅 | 69.2平米 | 东,https://s1.ljcdn.com/pegasus/redskull/images/common/default_house_list.png?_v=20230724175852780
20230807,海淀,海淀北部新区,101119998818,正源尚峰尚水 1室1厅 北,305万,42344元/平,底层 (共10层) 1室1厅 | 72.03平米 | 北,https://s1.ljcdn.com/pegasus/redskull/images/common/default_house_list.png?_v=20230724175852780
20230807,海淀,海淀北部新区,101119967523,海淀北部新区老年医院家属院环境优美,460万,69592元/平,中楼层 (共4层) 2室1厅 | 66.1平米 | 南 北,https://s1.ljcdn.com/pegasus/redskull/images/common/default_house_list.png?_v=20230724175852780
20230807,海淀,海淀北部新区,101119918592,法式精装独栋  三面花园 业主诚售,2999万,60183元/平,底层 (共2层) 5室2厅 | 498.32平米 | 东 南 西 北,https://s1.ljcdn.com/pegasus/redskull/images/common/default_house_list.png?_v=20230724175852780
20230807,海淀,海淀北部新区,101119906535,正源尚峰尚水 2室1厅 东 南,320万,33674元/平,低楼层 (共10层) 2室1厅 | 95.03平米 | 东 南,https://s1.ljcdn.com/pegasus/redskull/images/common/default_house_list.png?_v=20230724175852780
20230807,海淀,海淀北部新区,101119835841,海淀嘉郡 车位,25万,7606元/平,地下室 1室0厅 | 32.87平米 | 北 南,https://s1.ljcdn.com/pegasus/redskull/images/common/default_house_list.png?_v=20230724175852780
20230807,海淀,海淀北部新区,101119814962,尚峰尚水三室精装修带租约收入稳定带挑空,215万,40135元/平,中楼层 (共5层) 2室1厅 | 53.57平米 | 北,https://s1.ljcdn.com/pegasus/redskull/images/common/default_house_list.png?_v=20230724175852780
20230807,海淀,海淀北部新区,101119620540,颐丰庄园电梯三居次顶层 采光视野好,765万,76839元/平,中楼层 (共5层) 3室1厅 | 99.56平米 | 南 北,https://s1.ljcdn.com/pegasus/redskull/images/common/default_house_list.png?_v=20230724175852780
20230807,海淀,海淀北部新区,101119314744,海淀温泉   正源尚峰尚水   复式,236万,38989元/平,中楼层 (共5层) | 2016年建 | 3室1厅 | 60.53平米 | 南,https://s1.ljcdn.com/pegasus/redskull/images/common/default_house_list.png?_v=20230724175852780
20230807,海淀,海淀北部新区,101119238596,海淀嘉郡 地下1层 把边 可安装充电桩,26万,7910元/平,地下室 1室1厅 | 32.87平米 | 西 东,https://s1.ljcdn.com/pegasus/redskull/images/common/default_house_list.png?_v=20230724175852780
20230807,海淀,海淀北部新区,101119223853,正源尚峰尚水 精装修 动静分离 靠谱签约,258万,31498元/平,低楼层 (共10层) 2室1厅 | 81.91平米 | 西,https://s1.ljcdn.com/pegasus/redskull/images/common/default_house_list.png?_v=20230724175852780
20230807,海淀,海淀北部新区,101119139928,正源尚峰尚水西北向一室诚意出售,185万,25674元/平,低楼层 (共10层) 1室1厅 | 72.06平米 | 西北,https://s1.ljcdn.com/pegasus/redskull/images/common/default_house_list.png?_v=20230724175852780
20230807,海淀,海淀北部新区,101119035388,正源尚峰尚水 尚水园车位出售 把边位置 随时能看,21万,6697元/平,地下室 1室0厅 | 31.36平米 | 南,https://s1.ljcdn.com/pegasus/redskull/images/common/default_house_list.png?_v=20230724175852780
20230807,海淀,海淀北部新区,101118967477,绿地中央广场 北部新区大型综合体 小面积商务办公空间,128万,23975元/平,中楼层 (共9层) 1室0厅 | 53.39平米 | 北,https://s1.ljcdn.com/pegasus/redskull/images/common/default_house_list.png?_v=20230724175852780
20230807,海淀,海淀北部新区,101118943824,翠湖别墅C区 4室3厅 东 西 北,2150万,98120元/平,底层 (共2层) | 1999年建 | 4室3厅 | 219.12平米 | 东 西 北,https://s1.ljcdn.com/pegasus/redskull/images/common/default_house_list.png?_v=20230724175852780
20230807,海淀,海淀北部新区,101118499269,正源尚峰尚水大开间  中间楼层 朝西向 户型方正,146万,30122元/平,中楼层 (共10层) 1室0厅 | 48.47平米 | 西,https://s1.ljcdn.com/pegasus/redskull/images/common/default_house_list.png?_v=20230724175852780
20230807,海淀,海淀北部新区,101118410595,保利西山林语 车位,24万,8169元/平,地下室 1室0厅 | 29.38平米 | 北,https://ke-image.ljcdn.com/110000-inspection/6386caf325e28ec2bd08e57fe4be9d66-018.jpg!m_fill,w_280,h_210,f_jpg?from=ke.com
20230807,海淀,海淀北部新区,101118367659,正源尚峰尚水 有电梯 户型方正 高楼层 靠谱出售,175万,27196元/平,中楼层 (共10层) 2室1厅 | 64.35平米 | 北,https://s1.ljcdn.com/pegasus/redskull/images/common/default_house_list.png?_v=20230724175852780
20230807,海淀,海淀北部新区,101118352086,正源尚峰尚水 1室1厅 西北,160万,25782元/平,中楼层 (共10层) | 2012年建 | 1室1厅 | 62.06平米 | 西北,https://s1.ljcdn.com/pegasus/redskull/images/common/default_house_list.png?_v=20230724175852780
20230807,海淀,海淀北部新区,101118324308,正源尚峰尚水西向两室带窗户观景,255万,42736元/平,顶层 (共5层) | 2012年建 | 3室2厅 | 59.67平米 | 西,https://s1.ljcdn.com/pegasus/redskull/images/common/default_house_list.png?_v=20230724175852780
20230807,海淀,海淀北部新区,101118240619,海淀北部华为旁可注册办公出行方便,210万,30734元/平,中楼层 (共7层) 1室0厅 | 68.33平米 | 南,https://s1.ljcdn.com/pegasus/redskull/images/common/default_house_list.png?_v=20230724175852780
20230807,海淀,海淀北部新区,101118213551,海淀温泉   正源尚峰尚水   复式,238万,39800元/平,顶层 (共5层) 3室1厅 | 59.8平米 | 西,https://s1.ljcdn.com/pegasus/redskull/images/common/default_house_list.png?_v=20230724175852780
20230807,海淀,海淀北部新区,101118203250,正源尚峰尚水 朝南向  采光好 无遮挡 诚意出售,260万,44203元/平,中楼层 (共5层) 2室2厅 | 58.82平米 | 南,https://s1.ljcdn.com/pegasus/redskull/images/common/default_house_list.png?_v=20230724175852780
20230807,海淀,海淀北部新区,101118093108,新增房源 正源尚峰尚水大开间 高楼层 靠谱出售,140万,33469元/平,高楼层 (共10层) | 2012年建 | 1室0厅 | 41.83平米 | 北,https://s1.ljcdn.com/pegasus/redskull/images/common/default_house_list.png?_v=20230724175852780
20230807,海淀,海淀北部新区,101117976858,正源尚峰尚水东南向三室业主诚意出售,298万,31013元/平,低楼层 (共10层) | 2014年建 | 2室1厅 | 96.09平米 | 东南,https://s1.ljcdn.com/pegasus/redskull/images/common/default_house_list.png?_v=20230724175852780
20230807,海淀,海淀北部新区,101117924139,海淀温泉    正源尚峰尚水    全南向电梯房 诚意出售,265万,34380元/平,中楼层 (共10层) | 2012年建 | 2室1厅 | 77.08平米 | 南,https://s1.ljcdn.com/pegasus/redskull/images/common/default_house_list.png?_v=20230724175852780
20230807,海淀,海淀北部新区,101117646576,保利三期车位 把边可以安装充电桩,26万,8396元/平,地下室 1室0厅 | 30.97平米 | 南,https://ke-image.ljcdn.com/110000-inspection/32d4c8b42e377ed2847b79581d5fa39b-069.jpg!m_fill,w_280,h_210,f_jpg?from=ke.com
20230807,海淀,海淀北部新区,101117603144,正源尚峰尚水 车位,25万,8639元/平,地下室 1室0厅 | 28.94平米 | 北,https://s1.ljcdn.com/pegasus/redskull/images/common/default_house_list.png?_v=20230724175852780
20230807,海淀,海淀北部新区,101117344088,首创天阅西山 南北四居 四面宽朝南 精装修 全明格局,1880万,104098元/平,中楼层 (共18层) 4室2厅 | 180.6平米 | 南 北,https://s1.ljcdn.com/pegasus/redskull/images/common/default_house_list.png?_v=20230724175852780
20230807,海淀,海淀北部新区,101117181879,海淀北部新区香麓雅庭带电梯可注册办公,200万,25459元/平,中楼层 (共7层) | 2009年建 | 2室1厅 | 78.56平米 | 南,https://s1.ljcdn.com/pegasus/redskull/images/common/default_house_list.png?_v=20230724175852780
20230807,海淀,海淀北部新区,101117138167,正源尚峰尚水商办房  有电梯 高楼层 带飘窗 精装修,188万,28301元/平,高楼层 (共10层) 2室1厅 | 66.43平米 | 北,https://s1.ljcdn.com/pegasus/redskull/images/common/default_house_list.png?_v=20230724175852780
20230807,海淀,海淀北部新区,101117113232,五星好房推荐 正源尚峰尚水尚品园 朝南向 不临街,198万,33560元/平,低楼层 (共6层) | 2014年建 | 2室1厅 | 59平米 | 南,https://s1.ljcdn.com/pegasus/redskull/images/common/default_house_list.png?_v=20230724175852780
20230807,海淀,海淀北部新区,101117109379,颐丰庄园电梯房楼间距大视野开阔一梯两户 环境好,1079万,70685元/平,中楼层 (共5层) 3室2厅 | 152.65平米 | 南 北,https://s1.ljcdn.com/pegasus/redskull/images/common/default_house_list.png?_v=20230724175852780
20230807,海淀,海淀北部新区,101117083695,尚品园西向中间层业主稳定出售,198万,36955元/平,中楼层 (共5层) | 2012年建 | 2室1厅 | 53.58平米 | 北,https://s1.ljcdn.com/pegasus/redskull/images/common/default_house_list.png?_v=20230724175852780
20230807,海淀,海淀北部新区,101116954777,保利三区21-22、25、27、29-30、32-34号楼地下车库,21万,7148元/平,地下室 (共8层) | 2010年建 | 1室0厅 | 29.38平米 | 北,https://s1.ljcdn.com/pegasus/redskull/images/common/default_house_list.png?_v=20230724175852780
20230807,海淀,海淀北部新区,101116858667,正源尚峰尚水 西南朝向 位置好 中间楼层 有电梯,310万,34422元/平,中楼层 (共10层) 2室1厅 | 90.06平米 | 西南,https://s1.ljcdn.com/pegasus/redskull/images/common/default_house_list.png?_v=20230724175852780
20230807,海淀,海淀北部新区,101116689958,正源尚峰尚水 2室2厅 东,238万,34127元/平,中楼层 (共5层) 2室2厅 | 69.74平米 | 东,https://s1.ljcdn.com/pegasus/redskull/images/common/default_house_list.png?_v=20230724175852780
20230807,海淀,海淀北部新区,101116220849,正源尚峰尚水西向两室中间层,199万,33345元/平,中楼层 (共5层) | 2012年建 | 2室2厅 | 59.68平米 | 西,https://s1.ljcdn.com/pegasus/redskull/images/common/default_house_list.png?_v=20230724175852780
20230807,海淀,海淀北部新区,101115970419,复式三居、有电梯、南北通透、视野开阔、诚意出售,1410万,83044元/平,高楼层 (共7层) 3室2厅 | 169.79平米 | 南 北,https://s1.ljcdn.com/pegasus/redskull/images/common/default_house_list.png?_v=20230724175852780
20230807,海淀,海淀北部新区,101115800046,保利西山林语 车位,21万,7148元/平,地下室 (共8层) | 2012年建 | 厅室未知 | 29.38平米 | 南,https://ke-image.ljcdn.com/110000-inspection/8fbf5e2f27d7dc6c377cf47b07b96f66-021.jpg!m_fill,w_280,h_210,f_jpg?from=ke.com
20230807,海淀,海淀北部新区,101114939653,香麓雅庭可注册办公带电梯看房便利诚意出售,255万,25750元/平,高楼层 (共7层) 2室1厅 | 99.03平米 | 南,https://s1.ljcdn.com/pegasus/redskull/images/common/default_house_list.png?_v=20230724175852780
