20240626,海淀,万柳,101124503577,小南庄怡秀园小区 户型方正 临地铁10-12-16必看好房,777万,89837元/平,中楼层 (共18层) 2室1厅 | 86.49平米 | 东北,https://ke-image.ljcdn.com/110000-inspection/pc1_PHjDOLq0K_2.jpg!m_fill,w_280,h_210,f_jpg?from=ke.com
20240626,海淀,万柳,101123838487,新起点东南两居室 2卫+3阳台 高楼层 视野采光好必看好房,1260万,104504元/平,高楼层 (共18层) 2室2厅 | 120.57平米 | 东南,https://ke-image.ljcdn.com/110000-inspection/pc1_y5Pvvtwvg_2.jpg!m_fill,w_280,h_210,f_jpg?from=ke.com
20240626,海淀,万柳,101123746065,万柳 全南两居室  视野开阔 采光无遮挡 看房方便必看好房,718万,106655元/平,低楼层 (共18层) | 1998年 | 2室1厅 | 67.32平米 | 南,https://ke-image.ljcdn.com/110000-inspection/pc1_fhBjVsq7k.jpg!m_fill,w_280,h_210,f_jpg?from=ke.com
20240626,海淀,万柳,101123339413,万柳蜂鸟家园户型方正一居室 诚意出售必看好房,550万,115401元/平,低楼层 (共16层) | 2004年 | 1室0厅 | 47.66平米 | 北,https://ke-image.ljcdn.com/110000-inspection/fa8fddc1-791c-4e02-92ee-9372539f2e1d_1000.jpg!m_fill,w_280,h_210,f_jpg?from=ke.com
20240626,海淀,万柳,101122897905,康桥水郡不临街两居  新装修未入住必看好房,1450万,146806元/平,中楼层 (共15层) 2室1厅 | 98.77平米 | 东 西,https://ke-image.ljcdn.com/110000-inspection/8a9f9dc2-79c3-41a4-b886-8f860fefbebf_1000.jpg!m_fill,w_280,h_210,f_jpg?from=ke.com
20240626,海淀,万柳,101124344919,万柳锋尚名居 人车分流 电梯直通地下车位 品质两居,1300万,117968元/平,低楼层 (共18层) 2室2厅 | 110.2平米 | 东南,https://ke-image.ljcdn.com/110000-inspection/fdbef705-ddcd-4576-b191-115b232978e5_1000.jpg!m_fill,w_280,h_210,f_jpg?from=ke.com
20240626,海淀,万柳,101124114879,新纪元高层3居室对小区水系诚心出售。,2590万,159917元/平,中楼层 (共14层) 3室2厅 | 161.96平米 | 南 北,https://ke-image.ljcdn.com/110000-inspection/pc1_s8dp9O0hS_2.jpg!m_fill,w_280,h_210,f_jpg?from=ke.com
20240626,海淀,万柳,101123645109,阳春光华枫树园 新出西南三居 精装修 有钥匙 拎包入住,1689万,121555元/平,中楼层 (共16层) 3室1厅 | 138.95平米 | 西南,https://ke-image.ljcdn.com/110000-inspection/eb70f5e1-30c4-408f-b810-85bcaafb184c_1000.jpg!m_fill,w_280,h_210,f_jpg?from=ke.com
20240626,海淀,万柳,101123549305,光大西园 高层观景 南北三居 正对花园有车位 诚意出售,2300万,153119元/平,顶层 (共16层) 3室2厅 | 150.21平米 | 南 北,https://ke-image.ljcdn.com/110000-inspection/pc1_15E7FtBb7_2.jpg!m_fill,w_280,h_210,f_jpg?from=ke.com
20240626,海淀,万柳,101121298836,万柳蜂鸟家园  西南向 精装修 采光充足必看好房,520万,120762元/平,低楼层 (共16层) 1室0厅 | 43.06平米 | 西南,https://ke-image.ljcdn.com/110000-inspection/8c151b70-ccca-417c-b594-654df8086365_1000.jpg!m_fill,w_280,h_210,f_jpg?from=ke.com
20240626,海淀,万柳,101121263369,锋尚国际二期 恒温恒湿 高品质 人车分流 户型方正必看好房,1200万,128000元/平,低楼层 (共18层) 2室1厅 | 93.75平米 | 西 北,https://ke-image.ljcdn.com/110000-inspection/a756ab50-7167-4bee-8154-fcbea4c13cb1_1000.jpg!m_fill,w_280,h_210,f_jpg?from=ke.com
20240626,海淀,万柳,101120408915,【聚焦推荐】万柳蜂鸟家园 南向两居 朝向好 面积大房主自荐,896万,114637元/平,低楼层 (共16层) 2室1厅 | 78.16平米 | 东南 南,https://ke-image.ljcdn.com/110000-inspection/pc1_cdy5U09QA.jpg!m_fill,w_280,h_210,f_jpg?from=ke.com
20240626,海淀,万柳,101117037107,碧水云天观景两居 次顶层采光好,1600万,163349元/平,高楼层 (共16层) | 2003年 | 2室2厅 | 97.95平米 | 西,https://ke-image.ljcdn.com/110000-inspection/62893b27-2094-4923-8bc2-f804d69c2198_1000.jpg!m_fill,w_280,h_210,f_jpg?from=ke.com
20240626,海淀,万柳,101124684146,万柳康桥水郡南北通透两居室 无遮挡 产权清晰必看好房,1780万,139630元/平,底层 (共16层) 2室2厅 | 127.48平米 | 南 北,https://ke-image.ljcdn.com/110000-inspection/pc1_T9JNP8luz_2.jpg!m_fill,w_280,h_210,f_jpg?from=ke.com
20240626,海淀,万柳,101124602571,新起点嘉园 万科物业 电梯商品房 精装两居室,1198万,118556元/平,中楼层 (共20层) 2室1厅 | 101.05平米 | 西北,https://ke-image.ljcdn.com/110000-inspection/pc1_SbK83lDj8.jpg!m_fill,w_280,h_210,f_jpg?from=ke.com
20240626,海淀,万柳,101124410718,海淀万柳万泉新新家园精装修满五年唯一必看好房,755万,120319元/平,中楼层 (共10层) | 2003年 | 1室1厅 | 62.75平米 | 西,https://ke-image.ljcdn.com/110000-inspection/pc1_QMCBHhuw1.jpg!m_fill,w_280,h_210,f_jpg?from=ke.com
20240626,海淀,万柳,101124148365,万柳新起点嘉园正规一居室精装修拎包入住没遮挡必看好房,640万,102565元/平,低楼层 (共20层) 1室1厅 | 62.4平米 | 东 北,https://ke-image.ljcdn.com/110000-inspection/pc1_tpW517mCO_2.jpg!m_fill,w_280,h_210,f_jpg?from=ke.com
20240626,海淀,万柳,101124043068,西北三环 三居室 北京银行家属楼单独管理 随时看必看好房,858万,95866元/平,低楼层 (共18层) | 1998年 | 3室1厅 | 89.5平米 | 东 南 北,https://ke-image.ljcdn.com/110000-inspection/df3cea6c-4b08-45ec-bbab-0dff8e896d08_1000.jpg!m_fill,w_280,h_210,f_jpg?from=ke.com
20240626,海淀,万柳,101123017792,万柳碧水云天二期 高层弧形观景四居 精装修 直接住,2650万,132899元/平,中楼层 (共14层) 5室2厅 | 199.4平米 | 西南 东北,https://ke-image.ljcdn.com/110000-inspection/b2fdb188-3beb-4247-af78-afc2ee8a4667_1000.jpg!m_fill,w_280,h_210,f_jpg?from=ke.com
20240626,海淀,万柳,101122388132,万柳万泉新新家园 南北通透 不临街  满五年唯一必看好房,1020万,117988元/平,低楼层 (共6层) | 2000年 | 2室1厅 | 86.45平米 | 北 南,https://ke-image.ljcdn.com/110000-inspection/pc1_i3RmqGs05_1.jpg!m_fill,w_280,h_210,f_jpg?from=ke.com
20240626,海淀,万柳,101117996273,万泉新新家园 官邸大复式 中间位置 车储齐全 看房随时,4680万,173084元/平,中楼层 (共5层) | 2001年 | 4室3厅 | 270.39平米 | 南 北,https://ke-image.ljcdn.com/110000-inspection/85512896-6a2b-4b4c-967a-26d4dbc17d42_1000.jpg!m_fill,w_280,h_210,f_jpg?from=ke.com
20240626,海淀,万柳,101125057389,光大水墨风景 4室2厅 东 南 西新上,3600万,167864元/平,中楼层 (共16层) 4室2厅 | 214.46平米 | 东 南 西,https://ke-image.ljcdn.com/110000-inspection/pc1_Nbakd2Drl.jpg!m_fill,w_280,h_210,f_jpg?from=ke.com
20240626,海淀,万柳,101125025130,万柳 汇新家园 精装修 高层 三居新上,1150万,114886元/平,中楼层 (共16层) | 2004年 | 3室1厅 | 100.1平米 | 东北,https://ke-image.ljcdn.com/110000-inspection/pc1_ca87Xk3Q9_2.jpg!m_fill,w_280,h_210,f_jpg?from=ke.com
20240626,海淀,万柳,101124909110,万柳康桥水郡高楼层观景两居安静不临街！,1450万,177436元/平,顶层 (共15层) | 2003年 | 3室1厅 | 81.72平米 | 东 西,https://ke-image.ljcdn.com/110000-inspection/00f8f055-040a-4058-9619-e3c59a9bfc36_1000.jpg!m_fill,w_280,h_210,f_jpg?from=ke.com
20240626,海淀,万柳,101124892188,光大水墨风景 边户型 精装 观景 四居,3500万,161918元/平,中楼层 (共16层) | 2005年 | 4室1厅 | 216.16平米 | 南 北,https://ke-image.ljcdn.com/110000-inspection/4880f9b2-215c-484a-842f-b3388fc0648c_1000.jpg!m_fill,w_280,h_210,f_jpg?from=ke.com
20240626,海淀,万柳,101124887180,新起点高层精装2居室诚心出售可拎包入住。,1100万,108858元/平,高楼层 (共20层) | 2001年 | 2室1厅 | 101.05平米 | 东北,https://ke-image.ljcdn.com/110000-inspection/f0857356-c321-4797-9721-93111391ed29_1000.jpg!m_fill,w_280,h_210,f_jpg?from=ke.com
20240626,海淀,万柳,101124848391,蜂鸟家园 3室1厅 西北,1015万,122098元/平,低楼层 (共16层) | 2004年 | 3室1厅 | 83.13平米 | 西北,https://ke-image.ljcdn.com/110000-inspection/b8180a54-5e94-4be2-a9b5-a6eb1db27982_1000.jpg!m_fill,w_280,h_210,f_jpg?from=ke.com
20240626,海淀,万柳,101124801357,新上蜂鸟家园 精装修主力户型 卧室厨房双阳台设计,590万,115982元/平,低楼层 (共16层) 1室0厅 | 50.87平米 | 北,https://ke-image.ljcdn.com/110000-inspection/3ee3a5f6-9fc2-4c10-86df-a20e19708a34_1000.jpg!m_fill,w_280,h_210,f_jpg?from=ke.com
20240626,海淀,万柳,101124781061,汇新家园  正规两居室 满五年唯一 看房方便,990万,100508元/平,中楼层 (共16层) 2室1厅 | 98.5平米 | 东北,https://ke-image.ljcdn.com/110000-inspection/pc1_l1SqZMMRa_2.jpg!m_fill,w_280,h_210,f_jpg?from=ke.com
20240626,海淀,万柳,101124777387,东院高层两居室采光视野好全新装修可拎包入住。,1180万,139053元/平,中楼层 (共16层) 2室1厅 | 84.86平米 | 西南,https://ke-image.ljcdn.com/110000-inspection/efbd72b4-8782-4b51-af67-7cb7bdb9b906_1000.jpg!m_fill,w_280,h_210,f_jpg?from=ke.com
20240626,海淀,万柳,101124673783,万柳碧水云天 小区中间 南北通透三居 有配套车位,2450万,176577元/平,低楼层 (共12层) 3室2厅 | 138.75平米 | 南 北,https://ke-image.ljcdn.com/110000-inspection/405424b8-b460-4f22-8582-17ecaa72ddcd_1000.jpg!m_fill,w_280,h_210,f_jpg?from=ke.com
20240626,海淀,万柳,101124623685,万柳万泉新新家园洋房社区小区环境好满五年唯一,660万,112379元/平,低楼层 (共10层) | 2003年 | 1室1厅 | 58.73平米 | 东,https://ke-image.ljcdn.com/110000-inspection/pc1_Bm67AkFYU_2.jpg!m_fill,w_280,h_210,f_jpg?from=ke.com
20240626,海淀,万柳,101124539382,新起点嘉园 四居大平层 南向面宽15米精装修,1910万,83574元/平,中楼层 (共20层) 4室2厅 | 228.54平米 | 西南,https://ke-image.ljcdn.com/110000-inspection/ac050c93-af2a-4430-a9fe-b6253da19e45_1000.jpg!m_fill,w_280,h_210,f_jpg?from=ke.com
20240626,海淀,万柳,101124522273,海淀万柳万泉新新家园南北通透三居室户型方正好房,2580万,158399元/平,中楼层 (共6层) 3室1厅 | 162.88平米 | 南 北,https://ke-image.ljcdn.com/110000-inspection/pc1_4EDPsrOTd_2.jpg!m_fill,w_280,h_210,f_jpg?from=ke.com
20240626,海淀,万柳,101124439586,万柳锋尚国际恒温恒湿经典品质两居室 人车分流社区,1690万,153903元/平,中楼层 (共18层) 2室2厅 | 109.81平米 | 东 北,https://ke-image.ljcdn.com/110000-inspection/6ac691ae-fc74-445a-9a51-808ebd2c1568_1000.jpg!m_fill,w_280,h_210,f_jpg?from=ke.com
20240626,海淀,万柳,101124429409,汇新家园 东南两居 无遮挡 无天井 可以看小区花园,1200万,135181元/平,中楼层 (共16层) 2室2厅 | 88.77平米 | 东南,https://ke-image.ljcdn.com/110000-inspection/pc1_4MUTGa1TQ_2.jpg!m_fill,w_280,h_210,f_jpg?from=ke.com
20240626,海淀,万柳,101124390602,阳春光华3居室不临街精装修,1800万,113709元/平,低楼层 (共16层) 3室1厅 | 158.3平米 | 南 东北,https://ke-image.ljcdn.com/110000-inspection/379db935-567f-4380-8f98-314620fcce53_1000.jpg!m_fill,w_280,h_210,f_jpg?from=ke.com
20240626,海淀,万柳,101124350988,万柳蜂鸟家园 南向一居室 满二年成本低 次顶层房主自荐,570万,122845元/平,高楼层 (共16层) 1室1厅 | 46.4平米 | 南,https://ke-image.ljcdn.com/110000-inspection/pc1_b8q884eUk_1.jpg!m_fill,w_280,h_210,f_jpg?from=ke.com
20240626,海淀,万柳,101124310351,汇新家园 2室1厅 西南,1110万,129492元/平,中楼层 (共16层) 2室1厅 | 85.72平米 | 西南,https://ke-image.ljcdn.com/110000-inspection/pc1_45wkL3IGC_2.jpg!m_fill,w_280,h_210,f_jpg?from=ke.com
20240626,海淀,万柳,101124285848,万城华府 龙园 西边户大平层 中间位置中间层,7350万,239375元/平,中楼层 (共6层) 4室3厅 | 307.05平米 | 南 西 北,https://ke-image.ljcdn.com/110000-inspection/c2526c0f-2b01-448f-9573-8e80ba21d5a4_1000.jpg!m_fill,w_280,h_210,f_jpg?from=ke.com
20240626,海淀,万柳,101124278670,蜂鸟家园 面积大单价低 楼层高无遮挡,590万,112962元/平,中楼层 (共16层) 1室0厅 | 52.23平米 | 北,https://ke-image.ljcdn.com/110000-inspection/fdc0f305-10a2-4c64-8760-687c46046a50_1000.jpg!m_fill,w_280,h_210,f_jpg?from=ke.com
20240626,海淀,万柳,101124057355,万柳蜂鸟家园南向一居满五年唯一精装修拎包入住,688万,131449元/平,低楼层 (共16层) 1室1厅 | 52.34平米 | 南,https://ke-image.ljcdn.com/110000-inspection/pc1_TEJitQNjk_2.jpg!m_fill,w_280,h_210,f_jpg?from=ke.com
20240626,海淀,万柳,101124046398,中关村附近   怡秀园小区精装两居室  拎包入住,850万,103659元/平,中楼层 (共10层) 2室1厅 | 82平米 | 西,https://ke-image.ljcdn.com/110000-inspection/9d093489-c72a-4cc9-abd1-f550f2cf2a27_1000.jpg!m_fill,w_280,h_210,f_jpg?from=ke.com
20240626,海淀,万柳,101124032449,万柳蜂鸟家园大D户型西向高层视野好,630万,125774元/平,顶层 (共9层) | 2004年 | 1室0厅 | 50.09平米 | 西,https://ke-image.ljcdn.com/110000-inspection/pc1_8Jc3OTMmK.jpg!m_fill,w_280,h_210,f_jpg?from=ke.com
20240626,海淀,万柳,101124011667,万柳一居满两年朝南向采光好精装修拎包入住。,710万,113710元/平,低楼层 (共16层) | 2004年 | 1室1厅 | 62.44平米 | 南,https://ke-image.ljcdn.com/110000-inspection/4730de5b-e275-4ef9-a4f1-29a132e166f3_1000.jpg!m_fill,w_280,h_210,f_jpg?from=ke.com
20240626,海淀,万柳,101124010047,碧水云天 二期 小三居   明卫 看房方便,1880万,161596元/平,低楼层 (共16层) 3室2厅 | 116.34平米 | 东北,https://ke-image.ljcdn.com/110000-inspection/0c20ea06-18c1-4fcd-a1b3-e5d6675760bd_1000.jpg!m_fill,w_280,h_210,f_jpg?from=ke.com
20240626,海淀,万柳,101123995729,蜂鸟家园诚意出售精装修看房方便,690万,144776元/平,高楼层 (共16层) 1室1厅 | 47.66平米 | 北,https://ke-image.ljcdn.com/110000-inspection/pc1_zAA53V6vb_1.jpg!m_fill,w_280,h_210,f_jpg?from=ke.com
20240626,海淀,万柳,101123985365,新上涧桥泊屋 居家三居产权清晰 看房方便房主自荐,2399万,172939元/平,中楼层 (共9层) | 2002年 | 3室1厅 | 138.72平米 | 南 北,https://ke-image.ljcdn.com/110000-inspection/dfcff806-de72-41ee-b9b1-8b47c4e4cb04_1000.jpg!m_fill,w_280,h_210,f_jpg?from=ke.com
20240626,海淀,万柳,101123961863,康桥水郡落地窗观景大两居现代轻奢通透绿茵楼层,1550万,131837元/平,低楼层 (共16层) 2室1厅 | 117.57平米 | 东 西,https://ke-image.ljcdn.com/110000-inspection/pc1_51Ugie23W_2.jpg!m_fill,w_280,h_210,f_jpg?from=ke.com
20240626,海淀,万柳,101123945188,通透 落地窗 物业好环境优美房主自荐,1594万,131205元/平,低楼层 (共14层) 2室2厅 | 121.49平米 | 东 西,https://ke-image.ljcdn.com/110000-inspection/b973cb66-0c30-45fc-9e5a-5ad72cab2f93_1000.jpg!m_fill,w_280,h_210,f_jpg?from=ke.com
20240626,海淀,万柳,101123934337,万柳阳春光华家园 新装修 高楼层 五居室 带车位,2500万,157580元/平,高楼层 (共12层) 5室2厅 | 158.65平米 | 东 南 北,https://ke-image.ljcdn.com/110000-inspection/eff29b39-406d-4713-9dc5-801899ccfeeb_1000.jpg!m_fill,w_280,h_210,f_jpg?from=ke.com
20240626,海淀,万柳,101123930584,新起点嘉园 2003年商品房 万科物业 地铁12/16双规交汇,1280万,104695元/平,中楼层 (共20层) 2室1厅 | 122.26平米 | 西南,https://ke-image.ljcdn.com/110000-inspection/db5522aa-08fa-4ffd-a4ca-365aaa3b410b_1000.jpg!m_fill,w_280,h_210,f_jpg?from=ke.com
20240626,海淀,万柳,101123927121,高品质小区全新装修一天没住过看房方便。,3598万,179999元/平,中楼层 (共9层) 4室2厅 | 199.89平米 | 南 北,https://ke-image.ljcdn.com/110000-inspection/152c4327-5ea5-43c6-9f24-d6843b733788_1000.jpg!m_fill,w_280,h_210,f_jpg?from=ke.com
20240626,海淀,万柳,101123888485,万柳新起点嘉园地铁双轨交汇全新婚房博洛尼装修,1250万,123702元/平,高楼层 (共20层) 2室1厅 | 101.05平米 | 西北,https://ke-image.ljcdn.com/110000-inspection/pc1_mLC4RysvN_2.jpg!m_fill,w_280,h_210,f_jpg?from=ke.com
20240626,海淀,万柳,101123821360,光大花园 800多万 两居室  西南向 阳光充足,899万,117548元/平,底层 (共17层) 2室1厅 | 76.48平米 | 西南,https://ke-image.ljcdn.com/110000-inspection/pc1_vzVMJyNTH.jpg!m_fill,w_280,h_210,f_jpg?from=ke.com
20240626,海淀,万柳,101123805554,万柳怡秀园小区  全朝东阳光充足  精装修拎包入住,660万,131737元/平,中楼层 (共18层) | 1998年 | 2室1厅 | 50.1平米 | 东,https://ke-image.ljcdn.com/110000-inspection/7919893a-19af-4573-8e9c-7d57120ebe40_1000.jpg!m_fill,w_280,h_210,f_jpg?from=ke.com
20240626,海淀,万柳,101123764301,蜂鸟家园 1室0厅 东,640万,134454元/平,中楼层 (共9层) 1室0厅 | 47.6平米 | 东,https://ke-image.ljcdn.com/110000-inspection/pc1_QEiaYbk66_2.jpg!m_fill,w_280,h_210,f_jpg?from=ke.com
20240626,海淀,万柳,101123745749,万柳蜂鸟家园南向双阳台A户型 满五唯一 有车位,700万,134126元/平,低楼层 (共14层) 1室1厅 | 52.19平米 | 南,https://ke-image.ljcdn.com/110000-inspection/742330b8-70ec-4b49-a9d2-4a659890625e_1000.jpg!m_fill,w_280,h_210,f_jpg?from=ke.com
20240626,海淀,万柳,101123685829,万柳南北两居室精装修拎包入住只有契税,1580万,168050元/平,中楼层 (共13层) 2室2厅 | 94.02平米 | 南 北,https://ke-image.ljcdn.com/110000-inspection/pc1_6EgEOFc8t_2.jpg!m_fill,w_280,h_210,f_jpg?from=ke.com
20240626,海淀,万柳,101123682492,新上 万柳 万泉新新 6层带电梯洋房 观西山 含产权车位,2280万,166631元/平,中楼层 (共6层) 3室2厅 | 136.83平米 | 南 北,https://ke-image.ljcdn.com/110000-inspection/pc1_b36JS9FZC_2.jpg!m_fill,w_280,h_210,f_jpg?from=ke.com
20240626,海淀,万柳,101123672253,万柳 新起点嘉园 精装修 高层2居 视野采光一级棒,730万,116502元/平,高楼层 (共19层) 2室1厅 | 62.66平米 | 西北,https://ke-image.ljcdn.com/110000-inspection/pc1_4GDK5KvBf_2.jpg!m_fill,w_280,h_210,f_jpg?from=ke.com
20240626,海淀,万柳,101123642587,小南庄怡秀园小区 万柳中关村附近 地铁双轨 央产房,980万,113690元/平,低楼层 (共18层) 3室2厅 | 86.2平米 | 西北,https://ke-image.ljcdn.com/110000-inspection/pc1_T2V21vap7_2.jpg!m_fill,w_280,h_210,f_jpg?from=ke.com
20240626,海淀,万柳,101123574436,此房满五年唯一三面采光大平层 东边户,6000万,195300元/平,中楼层 (共6层) 4室3厅 | 307.22平米 | 东 南 北,https://ke-image.ljcdn.com/110000-inspection/prod-89dcbbc1-de60-4764-a37e-510ca79a7c3f.jpg!m_fill,w_280,h_210,f_jpg?from=ke.com
20240626,海淀,万柳,101123566603,万柳书院南北通透三居室 装修保养好,5730万,262387元/平,中楼层 (共7层) 3室1厅 | 218.38平米 | 南 北,https://ke-image.ljcdn.com/110000-inspection/pc1_nBWiudUUI.jpg!m_fill,w_280,h_210,f_jpg?from=ke.com
20240626,海淀,万柳,101123551886,西三环万柳 新起点嘉园 地铁10-12-16号线,1980万,82339元/平,低楼层 (共18层) 4室2厅 | 240.47平米 | 西北,https://ke-image.ljcdn.com/110000-inspection/pc1_amgKhEYnU_2.jpg!m_fill,w_280,h_210,f_jpg?from=ke.com
20240626,海淀,万柳,101123528233,中关村苏州桥旁 万柳新起点嘉园 落地飘窗采光很好,999万,91425元/平,中楼层 (共18层) 1室1厅 | 109.27平米 | 北,https://ke-image.ljcdn.com/110000-inspection/aa3342ef-69e2-441f-a1a0-c69a02408d7d_1000.jpg!m_fill,w_280,h_210,f_jpg?from=ke.com
20240626,海淀,万柳,101123518886,万柳蜂鸟家园 南向采光好 高楼层 视野很棒,680万,146552元/平,高楼层 (共16层) 1室1厅 | 46.4平米 | 南,https://ke-image.ljcdn.com/110000-inspection/pc1_dmFTlecF9_2.jpg!m_fill,w_280,h_210,f_jpg?from=ke.com
20240626,海淀,万柳,101123473781,阳春光华 中层精装修三居室  高得房率 看房方便,1650万,129149元/平,中楼层 (共16层) 3室1厅 | 127.76平米 | 南 西北,https://ke-image.ljcdn.com/110000-inspection/pc1_wrNP5XJhU_2.jpg!m_fill,w_280,h_210,f_jpg?from=ke.com
20240626,海淀,万柳,101123471668,新起点嘉园 2室1厅 东北,900万,144231元/平,中楼层 (共20层) | 2001年 | 2室1厅 | 62.4平米 | 东北,https://ke-image.ljcdn.com/110000-inspection/pc1_7I62WGhqZ_2.jpg!m_fill,w_280,h_210,f_jpg?from=ke.com
20240626,海淀,万柳,101123470995,阳春光华家园 高层观景 视野开阔 采光好 全明格局,1670万,122237元/平,高楼层 (共16层) 3室2厅 | 136.62平米 | 东 北,https://ke-image.ljcdn.com/110000-inspection/pc1_1jrRs9EwC_2.jpg!m_fill,w_280,h_210,f_jpg?from=ke.com
20240626,海淀,万柳,101123411699,新起点嘉园 随时可以用 高楼层 不临街 诚意出售,750万,129155元/平,高楼层 (共18层) 1室1厅 | 58.07平米 | 东,https://ke-image.ljcdn.com/110000-inspection/pc1_itJrduL9f_2.jpg!m_fill,w_280,h_210,f_jpg?from=ke.com
20240626,海淀,万柳,101123399940,康桥水郡 高层 一居  无遮挡,750万,152812元/平,高楼层 (共15层) | 2003年 | 1室0厅 | 49.08平米 | 西,https://ke-image.ljcdn.com/110000-inspection/240509cd-6869-4d39-8156-688861149f6b_1000.jpg!m_fill,w_280,h_210,f_jpg?from=ke.com
20240626,海淀,万柳,101123388119,蜂鸟家园 1室1厅 西,750万,169799元/平,中楼层 (共9层) | 2004年 | 1室1厅 | 44.17平米 | 西,https://ke-image.ljcdn.com/110000-inspection/pc1_dfpPM1XG5_2.jpg!m_fill,w_280,h_210,f_jpg?from=ke.com
20240626,海淀,万柳,101123363094,星标家园 双卧朝南 正规四居 中间层 满五唯一 诚意卖,2850万,158009元/平,中楼层 (共12层) 4室1厅 | 180.37平米 | 南 北,https://ke-image.ljcdn.com/110000-inspection/pc1_EA6LaYxk4_2.jpg!m_fill,w_280,h_210,f_jpg?from=ke.com
20240626,海淀,万柳,101123358455,西北三环边 万柳商圈 精装修东西通透 带租赁车位房主自荐,995万,109101元/平,中楼层 (共10层) | 1996年 | 3室1厅 | 91.2平米 | 东 西,https://ke-image.ljcdn.com/110000-inspection/ff4b2a57-1d38-442d-9313-34583f4dcc81_1000.jpg!m_fill,w_280,h_210,f_jpg?from=ke.com
20240626,海淀,万柳,101123346990,汇新家园 2室1厅 西南,1080万,123911元/平,高楼层 (共16层) | 2004年 | 2室1厅 | 87.16平米 | 西南,https://ke-image.ljcdn.com/110000-inspection/203f1a06-cbba-4bf3-848d-8e630c5312a5_1000.jpg!m_fill,w_280,h_210,f_jpg?from=ke.com
20240626,海淀,万柳,101123335972,海淀万柳万泉新新家园 南北通透两居室 一层主卧朝南,1100万,127242元/平,底层 (共6层) 2室1厅 | 86.45平米 | 南 北,https://ke-image.ljcdn.com/110000-inspection/pc1_KULD3Kk0I.jpg!m_fill,w_280,h_210,f_jpg?from=ke.com
20240626,海淀,万柳,101123250107,新起点嘉园 1室0厅 北,790万,155850元/平,中楼层 (共18层) | 2003年 | 1室0厅 | 50.69平米 | 北,https://ke-image.ljcdn.com/110000-inspection/52251334-ee30-4950-957a-349b52c66c0a_1000.jpg!m_fill,w_280,h_210,f_jpg?from=ke.com
20240626,海淀,万柳,101123243010,万城华府尚园2008年纯别墅社区16年新装修看房方便,8400万,281785元/平,中楼层 (共5层) 4室2厅 | 298.1平米 | 南 北,https://ke-image.ljcdn.com/110000-inspection/pc1_aY5ADx8ng.jpg!m_fill,w_280,h_210,f_jpg?from=ke.com
20240626,海淀,万柳,101123205024,中关村附近 地铁双轨 万柳新起点嘉园精装一居室 可用房主自荐,630万,118779元/平,中楼层 (共18层) 1室1厅 | 53.04平米 | 北,https://ke-image.ljcdn.com/110000-inspection/pc1_8rbgf4Byc.jpg!m_fill,w_280,h_210,f_jpg?from=ke.com
20240626,海淀,万柳,101123193889,万柳蜂鸟家园满五年唯一适合贷款空房随时可看,547万,109686元/平,中楼层 (共14层) | 2004年 | 1室0厅 | 49.87平米 | 北,https://ke-image.ljcdn.com/110000-inspection/pc1_nixC7BsJR_2.jpg!m_fill,w_280,h_210,f_jpg?from=ke.com
20240626,海淀,万柳,101123172713,万柳新起点落地窗精装修高楼层采光好,1080万,103687元/平,低楼层 (共18层) 2室1厅 | 104.16平米 | 西北,https://ke-image.ljcdn.com/110000-inspection/519f65fb-4dcb-4591-b9e4-02c1fdd10895_1000.jpg!m_fill,w_280,h_210,f_jpg?from=ke.com
20240626,海淀,万柳,101123124485,小南庄怡秀园小区 万柳板块正规一室一厅 看房随时房主自荐,700万,139721元/平,高楼层 (共18层) | 1998年 | 1室1厅 | 50.1平米 | 西,https://ke-image.ljcdn.com/110000-inspection/fcc058a1-3ce6-403d-a52e-54a1af4364c9_1000.jpg!m_fill,w_280,h_210,f_jpg?from=ke.com
20240626,海淀,万柳,101123121237,万柳阳春光华高楼层的东南两居室,1250万,138031元/平,中楼层 (共16层) 2室1厅 | 90.56平米 | 东南,https://ke-image.ljcdn.com/110000-inspection/pc1_xUTUzn4UJ_2.jpg!m_fill,w_280,h_210,f_jpg?from=ke.com
20240626,海淀,万柳,101123113917,阳春光华 精装修高层三居 层高3米 视野开阔 只有契税房主自荐,1650万,125333元/平,顶层 (共16层) 3室1厅 | 131.65平米 | 西北,https://ke-image.ljcdn.com/110000-inspection/pc1_hlQ3sxNkG_2.jpg!m_fill,w_280,h_210,f_jpg?from=ke.com
20240626,海淀,万柳,101123038928,中关村万柳怡秀园小区小两居稳定出售,630万,101679元/平,底层 (共18层) 2室1厅 | 61.96平米 | 西,https://ke-image.ljcdn.com/110000-inspection/7f4cbc04-bf14-46ec-ae5e-5c61fbb8cd08_1000.jpg!m_fill,w_280,h_210,f_jpg?from=ke.com
20240626,海淀,万柳,101123007331,康桥水郡 4室2厅 东 南 北,3518万,174159元/平,中楼层 (共15层) 4室2厅 | 202平米 | 东 南 北,https://ke-image.ljcdn.com/110000-inspection/4a376ed7-0eca-431a-944e-9625415a1a2c_1000.jpg!m_fill,w_280,h_210,f_jpg?from=ke.com
20240626,海淀,万柳,101122995138,蜂鸟家园 1室0厅 北,760万,172806元/平,顶层 (共14层) | 2004年 | 1室0厅 | 43.98平米 | 北,https://ke-image.ljcdn.com/110000-inspection/pc1_pdSmKVjEu_2.jpg!m_fill,w_280,h_210,f_jpg?from=ke.com
20240626,海淀,万柳,101122980818,中关村苏州桥附近 地铁双轨 万柳新起点嘉园大三居,1780万,113782元/平,低楼层 (共20层) 3室2厅 | 156.44平米 | 东南,https://ke-image.ljcdn.com/110000-inspection/3318cfc9-ce09-4bea-a25a-5bd67e6bb807_1000.jpg!m_fill,w_280,h_210,f_jpg?from=ke.com
20240626,海淀,万柳,101122962665,万柳汇新家园 精装修两居近地铁不临街,1220万,116302元/平,高楼层 (共16层) 2室2厅 | 104.9平米 | 南,https://ke-image.ljcdn.com/110000-inspection/pc1_K8uNRNUHl_2.jpg!m_fill,w_280,h_210,f_jpg?from=ke.com
20240626,海淀,万柳,101122959591,碧水云天 2室1厅 东,1600万,161846元/平,中楼层 (共16层) 2室1厅 | 98.86平米 | 东,https://ke-image.ljcdn.com/110000-inspection/ef654726-d415-4519-b1d0-3ea8c7f20505_1000.jpg!m_fill,w_280,h_210,f_jpg?from=ke.com
20240626,海淀,万柳,101122878828,：万柳 碧水云天 新上房源 高层观景,2580万,176242元/平,中楼层 (共14层) 3室2厅 | 146.39平米 | 南,https://ke-image.ljcdn.com/110000-inspection/pc1_zK9Xrs6Za_2.jpg!m_fill,w_280,h_210,f_jpg?from=ke.com
20240626,海淀,万柳,101122873224,蜂鸟家园 朝小区不临街 E户型 面积大 单价低,590万,113331元/平,低楼层 (共16层) | 2004年 | 1室0厅 | 52.06平米 | 西,https://ke-image.ljcdn.com/110000-inspection/99e48fb4-98fe-4e16-811f-40ed8a35579e_1000.jpg!m_fill,w_280,h_210,f_jpg?from=ke.com
20240626,海淀,万柳,101122844690,万柳汇新家园 精装修 朝东南 拎包入住,850万,137898元/平,中楼层 (共16层) | 2004年 | 2室1厅 | 61.64平米 | 东南,https://ke-image.ljcdn.com/110000-inspection/pc1_adxikh53L_1.jpg!m_fill,w_280,h_210,f_jpg?from=ke.com
20240626,海淀,万柳,101122776331,这个栋楼是小区的位置比较居住安静舒适楼层也高,843万,134536元/平,高楼层 (共19层) 1室0厅 | 62.66平米 | 北,https://ke-image.ljcdn.com/110000-inspection/pc1_VGhYOkFJu.jpg!m_fill,w_280,h_210,f_jpg?from=ke.com
20240626,海淀,万柳,101122710629,碧水云天南北通透三居 采光好、视野好、购房成本低,2250万,158798元/平,低楼层 (共12层) 3室2厅 | 141.69平米 | 南 北,https://ke-image.ljcdn.com/110000-inspection/pc1_SdVq8BCtI.jpg!m_fill,w_280,h_210,f_jpg?from=ke.com
20240626,海淀,万柳,101122681706,万柳新起点嘉园大一居  精装修 高层视野好,680万,127485元/平,高楼层 (共18层) | 2003年 | 1室0厅 | 53.34平米 | 北,https://ke-image.ljcdn.com/110000-inspection/pc1_DjlcXA5DN_2.jpg!m_fill,w_280,h_210,f_jpg?from=ke.com
20240626,海淀,万柳,101122665258,诚心出售蜂鸟家园东南朝向2居室房主自荐,980万,125384元/平,高楼层 (共16层) | 2004年 | 2室1厅 | 78.16平米 | 东南,https://ke-image.ljcdn.com/110000-inspection/pc1_mJffG6FC8_2.jpg!m_fill,w_280,h_210,f_jpg?from=ke.com
20240626,海淀,万柳,101122661863,蜂鸟家园南向B户型一居室对小区里面,670万,128255元/平,低楼层 (共14层) 1室0厅 | 52.24平米 | 南,https://ke-image.ljcdn.com/110000-inspection/54ee1455-9bf2-4fd3-8b10-7ff18872d6ce_1000.jpg!m_fill,w_280,h_210,f_jpg?from=ke.com
20240626,海淀,万柳,101122645706,万柳阳春光华高楼层装修保养好的三居室,1760万,139351元/平,高楼层 (共16层) 3室1厅 | 126.3平米 | 东 北,https://ke-image.ljcdn.com/110000-inspection/9d5028d0-0858-47c9-bd16-efbcd5a64545_1000.jpg!m_fill,w_280,h_210,f_jpg?from=ke.com
20240626,海淀,万柳,101122631458,全新装修、满2年购房成本少、高层视野好有储物间,2380万,160248元/平,中楼层 (共18层) | 2002年 | 3室1厅 | 148.52平米 | 南 北,https://ke-image.ljcdn.com/110000-inspection/ece2e84e-6207-4c6d-8adb-72ca880dbbbb_1000.jpg!m_fill,w_280,h_210,f_jpg?from=ke.com
20240626,海淀,万柳,101122620500,万柳 碧水云天 新上房源 高层观景,2600万,179882元/平,高楼层 (共14层) 3室1厅 | 144.54平米 | 南,https://ke-image.ljcdn.com/110000-inspection/pc1_y264XzZX7_2.jpg!m_fill,w_280,h_210,f_jpg?from=ke.com
20240626,海淀,万柳,101122575758,中关村苏州桥旁 万柳新起点嘉园 精装修2居室 户型好房主自荐,1170万,100344元/平,中楼层 (共18层) | 2003年 | 2室1厅 | 116.6平米 | 东北,https://ke-image.ljcdn.com/110000-inspection/pc1_MZtjVP0x0.jpg!m_fill,w_280,h_210,f_jpg?from=ke.com
20240626,海淀,万柳,101122557961,万柳品质小区 大面宽一居 户型实用  小区有水系游泳馆,790万,115684元/平,顶层 (共8层) 1室1厅 | 68.29平米 | 北,https://ke-image.ljcdn.com/110000-inspection/pc1_8x04DJkSK_2.jpg!m_fill,w_280,h_210,f_jpg?from=ke.com
20240626,海淀,万柳,101122460582,高层正规一居  正对小区 视野开阔,1120万,185677元/平,高楼层 (共16层) 1室1厅 | 60.32平米 | 西 北 南,https://ke-image.ljcdn.com/110000-inspection/pc1_eVU0bjegU_2.jpg!m_fill,w_280,h_210,f_jpg?from=ke.com
20240626,海淀,万柳,101122452879,蜂鸟家园此房带阳台高楼层对小区内部视野好,640万,134596元/平,中楼层 (共16层) | 2004年 | 1室0厅 | 47.55平米 | 北,https://ke-image.ljcdn.com/110000-inspection/pc1_JLkgnU75p_2.jpg!m_fill,w_280,h_210,f_jpg?from=ke.com
20240626,海淀,万柳,101122381151,万柳碧水云天 高层三居 满五唯一 2016年婚房精装修,1980万,174742元/平,高楼层 (共16层) 3室2厅 | 113.31平米 | 东北,https://ke-image.ljcdn.com/110000-inspection/pc1_qaTeiCj46_2.jpg!m_fill,w_280,h_210,f_jpg?from=ke.com
20240626,海淀,万柳,101122345602,康桥水郡 眼镜四居室 中高层 满5年唯一,3050万,150425元/平,中楼层 (共15层) | 2003年 | 4室2厅 | 202.76平米 | 南 北,https://ke-image.ljcdn.com/110000-inspection/e7123b03-18d8-46ec-873a-09ebfa3d3c62_1000.jpg!m_fill,w_280,h_210,f_jpg?from=ke.com
20240626,海淀,万柳,101122280869,满五年唯一中间楼层采光和视野好朝小区花园。,1150万,129944元/平,低楼层 (共16层) | 2004年 | 2室2厅 | 88.5平米 | 西南,https://ke-image.ljcdn.com/110000-inspection/pc1_geVk0EThP_2.jpg!m_fill,w_280,h_210,f_jpg?from=ke.com
20240626,海淀,万柳,101122271626,怡秀园小区次顶层位置好楼层好视野好,1025万,152258元/平,高楼层 (共18层) | 1998年 | 2室1厅 | 67.32平米 | 东南,https://ke-image.ljcdn.com/110000-inspection/pc1_wzBXj08TG.jpg!m_fill,w_280,h_210,f_jpg?from=ke.com
20240626,海淀,万柳,101122219474,光大西园 百万精装 3面采光四居 带车位 不临街！安静,2950万,179049元/平,低楼层 (共15层) | 2005年 | 4室2厅 | 164.76平米 | 南 西 北,https://ke-image.ljcdn.com/110000-inspection/pc1_emZNAFccH_1.jpg!m_fill,w_280,h_210,f_jpg?from=ke.com
20240626,海淀,万柳,101122208165,万柳汇新家园 精装两居 视野好通透房主自荐,1150万,117684元/平,顶层 (共16层) 2室2厅 | 97.72平米 | 东南 北,https://ke-image.ljcdn.com/110000-inspection/pc1_ds83DPy9d_1.jpg!m_fill,w_280,h_210,f_jpg?from=ke.com
20240626,海淀,万柳,101122199146,新起点嘉园 高层观景 视野好 不临街,1300万,91737元/平,中楼层 (共20层) 3室1厅 | 141.71平米 | 东北,https://ke-image.ljcdn.com/110000-inspection/4b95ba7f-5678-4394-b550-d9af2be36732_1000.jpg!m_fill,w_280,h_210,f_jpg?from=ke.com
20240626,海淀,万柳,101122169782,枫树园4号楼能直通地库高层可观西山美景全明格局,1850万,116867元/平,高楼层 (共16层) | 2001年 | 3室1厅 | 158.3平米 | 南 西北,https://ke-image.ljcdn.com/110000-inspection/pc1_pd8ovvHgL_2.jpg!m_fill,w_280,h_210,f_jpg?from=ke.com
20240626,海淀,万柳,101122149080,光大花园 高层两居  采光好 不临街,1270万,146889元/平,高楼层 (共17层) | 2001年 | 2室1厅 | 86.46平米 | 西南,https://ke-image.ljcdn.com/110000-inspection/04c4e94b-8688-4011-b76a-bdab81df3056_1000.jpg!m_fill,w_280,h_210,f_jpg?from=ke.com
20240626,海淀,万柳,101122142769,涧桥泊屋馆 居家五居室 产权清晰 南北通透 落地飘窗,3965万,179868元/平,中楼层 (共14层) 5室2厅 | 220.44平米 | 南 北,https://ke-image.ljcdn.com/110000-inspection/pc1_yGaMSlXWD_2.jpg!m_fill,w_280,h_210,f_jpg?from=ke.com
20240626,海淀,万柳,101121995582,中关村苏州桥旁 万柳新起点嘉园 高层观景精装大两居房主自荐,1298万,104771元/平,高楼层 (共20层) 2室2厅 | 123.89平米 | 东南,https://ke-image.ljcdn.com/110000-inspection/pc1_56aqI2Lbj.jpg!m_fill,w_280,h_210,f_jpg?from=ke.com
20240626,海淀,万柳,101121985922,此房满2年唯一只有契税。业主诚心出售。,590万,135945元/平,低楼层 (共18层) | 1999年 | 1室1厅 | 43.4平米 | 北,https://ke-image.ljcdn.com/110000-inspection/9ccdef92-286b-4bd0-8bce-e10013bf453f_1000.jpg!m_fill,w_280,h_210,f_jpg?from=ke.com
20240626,海淀,万柳,101121979829,万柳汇新家园南向3居室 不临街 南向观景 双阳台 满五,1335万,126289元/平,中楼层 (共16层) 3室1厅 | 105.71平米 | 南,https://ke-image.ljcdn.com/110000-inspection/pc1_XfvQ9h1Eu_2.jpg!m_fill,w_280,h_210,f_jpg?from=ke.com
20240626,海淀,万柳,101121976608,怡秀园小区东西通透正规三居室满五年唯一,930万,104144元/平,中楼层 (共10层) 3室1厅 | 89.3平米 | 东 西,https://ke-image.ljcdn.com/110000-inspection/ca4abe3b-71eb-4b7c-8fba-2a63e1860ad6_1000.jpg!m_fill,w_280,h_210,f_jpg?from=ke.com
20240626,海淀,万柳,101121798378,万柳光大家园 精装修两居 采光好 不临街,1380万,145371元/平,中楼层 (共17层) 2室1厅 | 94.93平米 | 西南,https://ke-image.ljcdn.com/110000-inspection/pc1_W3GbejtoT.jpg!m_fill,w_280,h_210,f_jpg?from=ke.com
20240626,海淀,万柳,101121762619,西南朝向格局好户型方正视野开阔采光充足,2100万,94298元/平,低楼层 (共20层) 3室2厅 | 222.7平米 | 西南,https://ke-image.ljcdn.com/110000-inspection/pc1_tCwih2qfP_2.jpg!m_fill,w_280,h_210,f_jpg?from=ke.com
20240626,海淀,万柳,101121743659,新起点嘉园   楼层高视野好  朝向好采光充足,1570万,84962元/平,高楼层 (共18层) 1室0厅 | 184.79平米 | 东南,https://ke-image.ljcdn.com/110000-inspection/pc1_fiVx8Hef4_2.jpg!m_fill,w_280,h_210,f_jpg?from=ke.com
20240626,海淀,万柳,101121681958,新起点嘉园 精装修 高楼层 不临街房主自荐,1100万,113111元/平,中楼层 (共18层) | 2003年 | 2室2厅 | 97.25平米 | 东 北,https://ke-image.ljcdn.com/110000-inspection/2d8bc40f-c5af-41e7-b4d4-8f6ca33dd15e_1000.jpg!m_fill,w_280,h_210,f_jpg?from=ke.com
20240626,海淀,万柳,101121520799,新起点嘉园6号楼不临街中间楼层精装2居室。,1250万,110895元/平,中楼层 (共20层) 2室1厅 | 112.72平米 | 西南,https://ke-image.ljcdn.com/110000-inspection/e74ef664-490f-4d35-ac4a-785f2a4e042f_1000.jpg!m_fill,w_280,h_210,f_jpg?from=ke.com
20240626,海淀,万柳,101121504368,怡秀园小区 双卧朝南四居室 有车位 只有契税 不临街,1598万,103164元/平,中楼层 (共18层) 3室1厅 | 154.9平米 | 西南,https://ke-image.ljcdn.com/110000-inspection/pc1_DFqkI5ynm.jpg!m_fill,w_280,h_210,f_jpg?from=ke.com
20240626,海淀,万柳,101121498929,康桥水郡 中间层 不临街 业主稳定 随时签约,1690万,136865元/平,中楼层 (共15层) 3室1厅 | 123.48平米 | 东 西,https://ke-image.ljcdn.com/110000-inspection/pc1_iv24uHfX6_2.jpg!m_fill,w_280,h_210,f_jpg?from=ke.com
20240626,海淀,万柳,101121414599,万柳蜂鸟家园通透B户型  满五唯一,665万,140207元/平,底层 (共9层) 1室0厅 | 47.43平米 | 东,https://ke-image.ljcdn.com/110000-inspection/d47c8e45-1875-46ce-b19f-1a12baec988c_1000.jpg!m_fill,w_280,h_210,f_jpg?from=ke.com
20240626,海淀,万柳,101121377440,阳春光华橡树园 不临街 三面采光 满五年唯一,3000万,149738元/平,中楼层 (共13层) 4室2厅 | 200.35平米 | 南 北,https://ke-image.ljcdn.com/110000-inspection/pc1_hxQxIavOV_2.jpg!m_fill,w_280,h_210,f_jpg?from=ke.com
20240626,海淀,万柳,101121365811,新起点嘉园 高层观景 户型方正 价格低 业主稳定签约房主自荐,1650万,107081元/平,高楼层 (共18层) 3室2厅 | 154.09平米 | 西北,https://ke-image.ljcdn.com/110000-inspection/pc1_RcRapOjRb_2.jpg!m_fill,w_280,h_210,f_jpg?from=ke.com
20240626,海淀,万柳,101121347654,碧水云天三个车位  临河观景园区中间南北通透四居,2600万,145839元/平,中楼层 (共12层) 4室2厅 | 178.28平米 | 南 北,https://ke-image.ljcdn.com/110000-inspection/pc1_yDH2D6GB4_2.jpg!m_fill,w_280,h_210,f_jpg?from=ke.com
20240626,海淀,万柳,101121223494,万柳蜂鸟家园中高楼层满五唯一优质两居室房主自荐,1028万,129049元/平,中楼层 (共16层) | 2004年 | 2室1厅 | 79.66平米 | 西,https://ke-image.ljcdn.com/110000-inspection/42ed7a28-c09d-4638-b405-3c79ffd4fc92_1000.jpg!m_fill,w_280,h_210,f_jpg?from=ke.com
20240626,海淀,万柳,101121188353,万柳蜂鸟家园价格低带阳台租户稳定,580万,133181元/平,低楼层 (共14层) | 2004年 | 1室0厅 | 43.55平米 | 北,https://ke-image.ljcdn.com/110000-inspection/pc1_JfDFjTG0I_1.jpg!m_fill,w_280,h_210,f_jpg?from=ke.com
20240626,海淀,万柳,101121156200,碧水云天一期 全南2居室 精装修,1285万,192654元/平,低楼层 (共16层) | 2003年 | 2室1厅 | 66.7平米 | 南,https://ke-image.ljcdn.com/110000-inspection/1c4c1b20-7315-496d-ac38-d16f504111dd_1000.jpg!m_fill,w_280,h_210,f_jpg?from=ke.com
20240626,海淀,万柳,101121140462,万柳 涧桥泊屋 小区中间位置不临街,3880万,213316元/平,中楼层 (共14层) | 2002年 | 4室2厅 | 181.89平米 | 南 北,https://ke-image.ljcdn.com/110000-inspection/pc1_M39BAvgNm.jpg!m_fill,w_280,h_210,f_jpg?from=ke.com
20240626,海淀,万柳,101121115844,万柳阳春光华家园 全南两居  新装修可拎包入住,899万,85359元/平,底层 (共16层) | 2000年 | 2室1厅 | 105.32平米 | 南,https://ke-image.ljcdn.com/110000-inspection/pc1_Ybl3FCNtc_2.jpg!m_fill,w_280,h_210,f_jpg?from=ke.com
20240626,海淀,万柳,101121105719,万柳 蜂鸟家园 中高楼层  西向 优质小户型,650万,141674元/平,中楼层 (共9层) 1室1厅 | 45.88平米 | 西,https://ke-image.ljcdn.com/110000-inspection/f9a23dc2-3741-4159-9179-8b208a9ab4a1_1000.jpg!m_fill,w_280,h_210,f_jpg?from=ke.com
20240626,海淀,万柳,101121039321,万柳碧水云天 正规一室一厅出售 安静不临街,1299万,220544元/平,低楼层 (共16层) | 2004年 | 1室1厅 | 58.9平米 | 西南 北,https://ke-image.ljcdn.com/110000-inspection/caa59374-e5c8-4ea1-bb3b-3b0a2cd13fb9_1000.jpg!m_fill,w_280,h_210,f_jpg?from=ke.com
20240626,海淀,万柳,101121024998,蜂鸟家园1号楼 南向对花园 A户型。,700万,145138元/平,中楼层 (共14层) 1室0厅 | 48.23平米 | 南,https://ke-image.ljcdn.com/110000-inspection/bf2a0cb5-fb61-4c2a-9aa9-a10966e744a0_1000.jpg!m_fill,w_280,h_210,f_jpg?from=ke.com
20240626,海淀,万柳,101120994780,蜂鸟家园 总价不高  费用少 价钱可谈 高层观景,630万,137555元/平,顶层 (共14层) | 2004年 | 1室0厅 | 45.8平米 | 北,https://ke-image.ljcdn.com/110000-inspection/4b645b29-523d-43b7-8560-e8e3fdd930b3_1000.jpg!m_fill,w_280,h_210,f_jpg?from=ke.com
20240626,海淀,万柳,101120993163,锋尚国际高楼层两居室采光好满五年格局方正,1500万,136117元/平,高楼层 (共18层) 2室2厅 | 110.2平米 | 东,https://ke-image.ljcdn.com/110000-inspection/pc1_l0v3tFTi2_2.jpg!m_fill,w_280,h_210,f_jpg?from=ke.com
20240626,海淀,万柳,101120991860,蜂鸟家园 满五只有契税高楼层景观好双阳台 A户型,780万,157895元/平,中楼层 (共16层) 1室0厅 | 49.4平米 | 北,https://ke-image.ljcdn.com/110000-inspection/pc1_2wtj9NxMG_2.jpg!m_fill,w_280,h_210,f_jpg?from=ke.com
20240626,海淀,万柳,101120973455,万柳精装一居室高楼层落地窗拎包入住,635万,119721元/平,中楼层 (共18层) | 2003年 | 1室0厅 | 53.04平米 | 北,https://ke-image.ljcdn.com/110000-inspection/pc1_eZAeuuzwy.jpg!m_fill,w_280,h_210,f_jpg?from=ke.com
20240626,海淀,万柳,101120971461,万柳汇新家园正规三居室房源户型方正大面宽,1190万,103479元/平,低楼层 (共16层) 3室1厅 | 115平米 | 东 南 北,https://ke-image.ljcdn.com/110000-inspection/bff73f2d-8462-4454-b97a-af61dbb8ab39_1000.jpg!m_fill,w_280,h_210,f_jpg?from=ke.com
20240626,海淀,万柳,101120958483,碧水云天新装修3+1板楼三居  观景房俯瞰公园,2600万,177608元/平,中楼层 (共14层) | 2004年 | 3室2厅 | 146.39平米 | 南,https://ke-image.ljcdn.com/110000-inspection/pc1_zhNzlkUsk.jpg!m_fill,w_280,h_210,f_jpg?from=ke.com
20240626,海淀,万柳,101120920305,新起点嘉园高层南向正规一居 精装修业主诚意出售,840万,124593元/平,中楼层 (共18层) 1室1厅 | 67.42平米 | 南,https://ke-image.ljcdn.com/110000-inspection/pc1_J3JO53qYA_1.jpg!m_fill,w_280,h_210,f_jpg?from=ke.com
20240626,海淀,万柳,101120905089,碧水云天在售 中间楼层正规一居,980万,162467元/平,中楼层 (共16层) 1室1厅 | 60.32平米 | 东 北,https://ke-image.ljcdn.com/110000-inspection/pc1_tnpcIB6Xs_1.jpg!m_fill,w_280,h_210,f_jpg?from=ke.com
20240626,海淀,万柳,101120904915,万柳怡水园三居诚心出售随时看房,1760万,107024元/平,顶层 (共12层) | 2003年 | 4室1厅 | 164.45平米 | 东 北,https://ke-image.ljcdn.com/110000-inspection/pc1_2JnguLTWi_2.jpg!m_fill,w_280,h_210,f_jpg?from=ke.com
20240626,海淀,万柳,101120904096,新起点 小区中间位置 高层 观景房 双卧南 主卧带明卫,1700万,107561元/平,高楼层 (共20层) 3室2厅 | 158.05平米 | 西南,https://ke-image.ljcdn.com/110000-inspection/pc1_WoYCPahzx_2.jpg!m_fill,w_280,h_210,f_jpg?from=ke.com
20240626,海淀,万柳,101120903187,蜂鸟家园  正规一室一厅  朝向好  高楼层,720万,104273元/平,高楼层 (共16层) 1室1厅 | 69.05平米 | 东南,https://ke-image.ljcdn.com/110000-inspection/31579b75-18c1-4aa3-9cfd-fcc61725bd79_1000.jpg!m_fill,w_280,h_210,f_jpg?from=ke.com
20240626,海淀,万柳,101120896348,碧水云天  西向两居室  精装修,1500万,153140元/平,中楼层 (共16层) 2室1厅 | 97.95平米 | 西,https://ke-image.ljcdn.com/110000-inspection/pc1_tvvKvWdZz_2.jpg!m_fill,w_280,h_210,f_jpg?from=ke.com
20240626,海淀,万柳,101120890710,康桥水郡高层精装一居业主自主诚意出售随时签约房主自荐,760万,154850元/平,高楼层 (共15层) 1室1厅 | 49.08平米 | 西,https://ke-image.ljcdn.com/110000-inspection/bf4a6cfb-7f86-403e-bd40-20802b295abe_1000.jpg!m_fill,w_280,h_210,f_jpg?from=ke.com
20240626,海淀,万柳,101120878440,万柳 蜂鸟家园  东向开间 价格不高,740万,160347元/平,低楼层 (共16层) | 2004年 | 1室0厅 | 46.15平米 | 东,https://ke-image.ljcdn.com/110000-inspection/e2aae6bf-650f-43b8-926c-453610cd46b2_1000.jpg!m_fill,w_280,h_210,f_jpg?from=ke.com
20240626,海淀,万柳,101120838887,万柳蜂鸟家园正对小区花园中高楼层视野好,795万,167193元/平,中楼层 (共16层) 1室0厅 | 47.55平米 | 北,https://ke-image.ljcdn.com/110000-inspection/1258401d-d306-4007-9861-0bd8cfa77aab_1000.jpg!m_fill,w_280,h_210,f_jpg?from=ke.com
20240626,海淀,万柳,101120829089,蜂鸟社区 次顶层精装修不临街看花园,705万,135084元/平,高楼层 (共9层) 1室1厅 | 52.19平米 | 东,https://ke-image.ljcdn.com/110000-inspection/0ad28475-d601-4bf9-aa3d-e47f9b4ec1fe_1000.jpg!m_fill,w_280,h_210,f_jpg?from=ke.com
20240626,海淀,万柳,101120766529,万柳蜂鸟家园精装一居室 中间楼层 无遮挡,798万,167437元/平,低楼层 (共16层) 1室1厅 | 47.66平米 | 北,https://ke-image.ljcdn.com/110000-inspection/pc1_LVzE02Nm4.jpg!m_fill,w_280,h_210,f_jpg?from=ke.com
20240626,海淀,万柳,101120722594,新起点嘉园 小三居 精装修 带电梯,800万,112883元/平,低楼层 (共18层) 3室1厅 | 70.87平米 | 西,https://ke-image.ljcdn.com/110000-inspection/pc1_qvneDZQXy.jpg!m_fill,w_280,h_210,f_jpg?from=ke.com
20240626,海淀,万柳,101120708230,万柳锋尚国际二期恒温恒湿南北通透四居室精装修,2680万,173666元/平,低楼层 (共9层) 4室2厅 | 154.32平米 | 南 北,https://ke-image.ljcdn.com/110000-inspection/pc1_UGVnkTuGY_2.jpg!m_fill,w_280,h_210,f_jpg?from=ke.com
20240626,海淀,万柳,101120692559,蜂鸟家园 D户型一居室 楼层好 装修好 看房方便,750万,150392元/平,高楼层 (共14层) | 2004年 | 1室1厅 | 49.87平米 | 北,https://ke-image.ljcdn.com/110000-inspection/pc1_94sqnqV6I.jpg!m_fill,w_280,h_210,f_jpg?from=ke.com
20240626,海淀,万柳,101120580327,万柳阳春光华高楼层的两居室户型方正,1430万,157959元/平,中楼层 (共16层) 2室1厅 | 90.53平米 | 西南,https://ke-image.ljcdn.com/110000-inspection/pc1_yYKybnZJp.jpg!m_fill,w_280,h_210,f_jpg?from=ke.com
20240626,海淀,万柳,101120549392,4号楼东南三居室 位置好不临街 可直通地下车库房主自荐,1920万,127203元/平,底层 (共16层) | 2001年 | 4室2厅 | 150.94平米 | 东南,https://ke-image.ljcdn.com/110000-inspection/227dd30c-be7b-4386-9b29-ddd72123de83_1000.jpg!m_fill,w_280,h_210,f_jpg?from=ke.com
20240626,海淀,万柳,101120533767,新起点嘉园正规四居室 格局方正 楼层视野好,2050万,87949元/平,高楼层 (共20层) 4室2厅 | 233.09平米 | 西南,https://ke-image.ljcdn.com/110000-inspection/pc1_6G0gziMnO.jpg!m_fill,w_280,h_210,f_jpg?from=ke.com
20240626,海淀,万柳,101120486357,万城华府龙园 平层四居室 EC户型,7800万,258116元/平,中楼层 (共6层) 4室2厅 | 302.19平米 | 东 南 北,https://ke-image.ljcdn.com/110000-inspection/pc1_z9GeyRola.jpg!m_fill,w_280,h_210,f_jpg?from=ke.com
20240626,海淀,万柳,101120451531,怡秀园小区 3室2厅 西南,1970万,127179元/平,低楼层 (共18层) 3室2厅 | 154.9平米 | 西南,https://ke-image.ljcdn.com/110000-inspection/pc1_2cgs1X4a3.jpg!m_fill,w_280,h_210,f_jpg?from=ke.com
20240626,海淀,万柳,101120392295,万柳蜂鸟家园满五年唯一装修好业主诚意出售,740万,160035元/平,中楼层 (共16层) 1室0厅 | 46.24平米 | 东,https://ke-image.ljcdn.com/110000-inspection/pc1_sg5zqCAYp.jpg!m_fill,w_280,h_210,f_jpg?from=ke.com
20240626,海淀,万柳,101120266967,万柳新起点嘉园 全南向大两居室 居家自住业主诚意出售房主自荐,1080万,91720元/平,低楼层 (共20层) 2室1厅 | 117.75平米 | 南,https://ke-image.ljcdn.com/110000-inspection/pc1_w4CiGtlx3.jpg!m_fill,w_280,h_210,f_jpg?from=ke.com
20240626,海淀,万柳,101120244365,万柳新起点嘉园 精装全明格局一居室 双轨交汇 聚焦房房主自荐,830万,142931元/平,中楼层 (共18层) 1室1厅 | 58.07平米 | 东,https://ke-image.ljcdn.com/110000-inspection/pc1_XmeXGiRFd_2.jpg!m_fill,w_280,h_210,f_jpg?from=ke.com
20240626,海淀,万柳,101120194448,怡秀园小区双卧朝南单独管理业主在京随时签约,780万,116592元/平,低楼层 (共18层) 2室1厅 | 66.9平米 | 南,https://ke-image.ljcdn.com/110000-inspection/pc1_cjh4vSrKN.jpg!m_fill,w_280,h_210,f_jpg?from=ke.com
20240626,海淀,万柳,101120090580,万柳精装修可拎包入住高楼层视野开阔正对小区花园,2399万,166771元/平,中楼层 (共16层) | 2000年 | 3室1厅 | 143.85平米 | 东南,https://ke-image.ljcdn.com/110000-inspection/pc1_uTkESsc4U_2.jpg!m_fill,w_280,h_210,f_jpg?from=ke.com
20240626,海淀,万柳,101120086878,锋尚国际二期恒湿恒温 全新精装正对小区水系观景好房主自荐,1430万,145134元/平,高楼层 (共18层) 2室1厅 | 98.53平米 | 东北,https://ke-image.ljcdn.com/110000-inspection/pc1_0IotdCw3f.jpg!m_fill,w_280,h_210,f_jpg?from=ke.com
20240626,海淀,万柳,101120078952,碧水云天 高层 正规一居室 稳定在售,1070万,177388元/平,顶层 (共16层) 1室1厅 | 60.32平米 | 东 南 北,https://ke-image.ljcdn.com/110000-inspection/pc1_jwUaXozjS_2.jpg!m_fill,w_280,h_210,f_jpg?from=ke.com
20240626,海淀,万柳,101119999135,蜂鸟家园1号楼朝南A户型 采光好带阳台满5唯一,820万,157119元/平,低楼层 (共14层) 1室1厅 | 52.19平米 | 南,https://ke-image.ljcdn.com/110000-inspection/pc1_RQeWbdDry.jpg!m_fill,w_280,h_210,f_jpg?from=ke.com
20240626,海淀,万柳,101119957403,涧桥泊屋  低密度  园林绿化高  户型方正 三面采光房主自荐,2800万,173418元/平,中楼层 (共14层) 3室2厅 | 161.46平米 | 东南 北,https://ke-image.ljcdn.com/110000-inspection/9f765209-52ba-4ae1-aaeb-c8dcf1519643_1000.jpg!m_fill,w_280,h_210,f_jpg?from=ke.com
20240626,海淀,万柳,101119908803,正对小区花园水系中高楼层采光好户型方正,2988万,189282元/平,中楼层 (共14层) | 2002年 | 3室2厅 | 157.86平米 | 南 北,https://ke-image.ljcdn.com/110000-inspection/1b02a9f0-1b26-40e9-a22b-e3acbf102753_1000.jpg!m_fill,w_280,h_210,f_jpg?from=ke.com
20240626,海淀,万柳,101119908283,万柳锋尚国际 园区中间位置 高楼层 观景四居室,2495万,161950元/平,高楼层 (共18层) 4室2厅 | 154.06平米 | 东 东南,https://ke-image.ljcdn.com/110000-inspection/pc1_wmOpdHUbQ.jpg!m_fill,w_280,h_210,f_jpg?from=ke.com
20240626,海淀,万柳,101119822643,万柳万泉新新 25号楼经典3+1有车储,2780万,163213元/平,中楼层 (共6层) 3室1厅 | 170.33平米 | 南 北,https://ke-image.ljcdn.com/110000-inspection/bc2d9820-0870-4dfc-91ec-a81a0b517ed1_1000.jpg!m_fill,w_280,h_210,f_jpg?from=ke.com
20240626,海淀,万柳,101119820269,汇新家园 两居室 满五年唯一住宅 高楼层视野好,1050万,116758元/平,高楼层 (共16层) 2室1厅 | 89.93平米 | 西南,https://ke-image.ljcdn.com/110000-inspection/pc1_RnRaSOEYZ.jpg!m_fill,w_280,h_210,f_jpg?from=ke.com
20240626,海淀,万柳,101119789395,锋尚国际公寓高楼层恒温恒湿四居室满五年唯一稳定签约,2340万,150842元/平,高楼层 (共18层) 4室1厅 | 155.13平米 | 东,https://ke-image.ljcdn.com/110000-inspection/pc1_3aEgadmjZ.jpg!m_fill,w_280,h_210,f_jpg?from=ke.com
20240626,海淀,万柳,101119703535,万柳万泉新新家园 洋房社区 满五年唯一 只有契税,650万,117350元/平,低楼层 (共10层) | 2003年 | 1室1厅 | 55.39平米 | 东,https://ke-image.ljcdn.com/110000-inspection/5c7b7a1c-4f85-4747-a845-7e617f6cd063_1000.jpg!m_fill,w_280,h_210,f_jpg?from=ke.com
20240626,海淀,万柳,101119683800,蜂鸟家园东向大D户型 采光好 户型方正 业主诚售,880万,143067元/平,中楼层 (共16层) 1室1厅 | 61.51平米 | 东,https://ke-image.ljcdn.com/110000-inspection/a4c1f259-a5bc-4dbc-89ba-b26445aa6d1c_1000.jpg!m_fill,w_280,h_210,f_jpg?from=ke.com
20240626,海淀,万柳,101119681667,北理工分房二套可贷600万只交契税高层双卧南带大阳台,1770万,145992元/平,中楼层 (共17层) 3室1厅 | 121.24平米 | 东南,https://ke-image.ljcdn.com/110000-inspection/pc1_biMv1wiex.jpg!m_fill,w_280,h_210,f_jpg?from=ke.com
20240626,海淀,万柳,101119669969,精装修拎包入住 人车分流 绿化40% 很适宜生活居住,1799万,129472元/平,低楼层 (共16层) 3室1厅 | 138.95平米 | 东南,https://ke-image.ljcdn.com/110000-inspection/pc1_bBt5m1A31.jpg!m_fill,w_280,h_210,f_jpg?from=ke.com
20240626,海淀,万柳,101119653209,万柳蜂鸟家园满五年唯一东向一居室精装修拎包入住房主自荐,745万,156513元/平,中楼层 (共9层) | 2004年 | 1室0厅 | 47.6平米 | 东,https://ke-image.ljcdn.com/110000-inspection/423359d7-a83e-4fca-94e4-58250cd958b7_1000.jpg!m_fill,w_280,h_210,f_jpg?from=ke.com
20240626,海淀,万柳,101119611818,光大花园 南向三居 前后不临街,1750万,116041元/平,低楼层 (共17层) 3室1厅 | 150.81平米 | 西南,https://ke-image.ljcdn.com/110000-inspection/pc1_uqA2p2O9u.jpg!m_fill,w_280,h_210,f_jpg?from=ke.com
20240626,海淀,万柳,101119606502,万柳蜂鸟家园 朝南高楼层 视野开阔采光好 双阳台,660万,126147元/平,高楼层 (共16层) 1室1厅 | 52.32平米 | 南,https://ke-image.ljcdn.com/110000-inspection/1ee52c7e-7257-46a7-a7dc-c9059f2e7dac_1000.jpg!m_fill,w_280,h_210,f_jpg?from=ke.com
20240626,海淀,万柳,101119519762,万柳蜂鸟家园 东南向两居 满五唯一 新精装修,980万,125384元/平,中楼层 (共16层) 2室1厅 | 78.16平米 | 东南,https://ke-image.ljcdn.com/110000-inspection/pc1_uts79ajm2.jpg!m_fill,w_280,h_210,f_jpg?from=ke.com
20240626,海淀,万柳,101119407957,便宜两居  光大花园环境好 管理不错,1188万,137405元/平,底层 (共17层) | 2000年 | 2室2厅 | 86.46平米 | 东南,https://ke-image.ljcdn.com/110000-inspection/pc1_3wwCjfebs_2.jpg!m_fill,w_280,h_210,f_jpg?from=ke.com
20240626,海淀,万柳,101119246893,锋尚国际 高楼层 南北通透 视野好,1620万,167097元/平,高楼层 (共18层) 2室2厅 | 96.95平米 | 南 北,https://ke-image.ljcdn.com/110000-inspection/pc1_xOaT0PA6V_1.jpg!m_fill,w_280,h_210,f_jpg?from=ke.com
20240626,海淀,万柳,101119188133,万柳锋尚名居二期精装四居室高层采光好视野好恒温恒湿,2500万,161156元/平,高楼层 (共18层) 4室2厅 | 155.13平米 | 东南,https://ke-image.ljcdn.com/110000-inspection/pc1_84o4spsmv.jpg!m_fill,w_280,h_210,f_jpg?from=ke.com
20240626,海淀,万柳,101118973712,万柳蜂鸟家园精装修一居室 满五年,530万,121700元/平,低楼层 (共14层) 1室1厅 | 43.55平米 | 北,https://ke-image.ljcdn.com/110000-inspection/pc1_bG2k4of41.jpg!m_fill,w_280,h_210,f_jpg?from=ke.com
20240626,海淀,万柳,101118888742,汇新家园 全南居家二居室、产权清晰  看房有钥匙,1380万,128420元/平,中楼层 (共16层) | 2004年 | 2室1厅 | 107.46平米 | 南,https://ke-image.ljcdn.com/110000-inspection/pc1_KJkh8QGUg.jpg!m_fill,w_280,h_210,f_jpg?from=ke.com
20240626,海淀,万柳,101118879495,西南北户型不临街位置很好两梯七户诚意出售,1980万,134393元/平,底层 (共18层) 3室2厅 | 147.33平米 | 东北,https://ke-image.ljcdn.com/110000-inspection/pc1_IpVAXuReh.jpg!m_fill,w_280,h_210,f_jpg?from=ke.com
20240626,海淀,万柳,101118744975,万柳锋尚国际 园区中间位置  高楼层 观景四居室,2883万,153466元/平,中楼层 (共18层) 4室2厅 | 187.86平米 | 西南,https://ke-image.ljcdn.com/110000-inspection/pc1_oF2dOeaPI.jpg!m_fill,w_280,h_210,f_jpg?from=ke.com
20240626,海淀,万柳,101118665204,汇新家园高层两居室马上满2年有钥匙随时来看,1149万,134042元/平,高楼层 (共16层) 2室1厅 | 85.72平米 | 西南,https://ke-image.ljcdn.com/110000-inspection/pc1_TGsteaDLR.jpg!m_fill,w_280,h_210,f_jpg?from=ke.com
20240626,海淀,万柳,101118602867,前后左右不临街视野好平视小区花园舒适惬意,2700万,164304元/平,低楼层 (共14层) 3室2厅 | 164.33平米 | 南 北,https://ke-image.ljcdn.com/110000-inspection/pc1_rJXw88uys.jpg!m_fill,w_280,h_210,f_jpg?from=ke.com
20240626,海淀,万柳,101118440942,碧水二期次顶层四居室中间位置三南两北户型。,3500万,192319元/平,高楼层 (共12层) 4室2厅 | 181.99平米 | 南 北,https://ke-image.ljcdn.com/110000-inspection/pc1_ni2aawEoL.jpg!m_fill,w_280,h_210,f_jpg?from=ke.com
20240626,海淀,万柳,101118318214,万泉新新家园带电梯板楼2居室全新装修未住过,1088万,157385元/平,中楼层 (共10层) | 2003年 | 2室1厅 | 69.13平米 | 西,https://ke-image.ljcdn.com/110000-inspection/pc1_B2mo8zOAa.jpg!m_fill,w_280,h_210,f_jpg?from=ke.com
20240626,海淀,万柳,101118269996,蜂鸟家园南向户型好精装修拎包入住,775万,152951元/平,低楼层 (共16层) | 2004年 | 1室1厅 | 50.67平米 | 南,https://ke-image.ljcdn.com/110000-inspection/pc1_W4piBFRKB.jpg!m_fill,w_280,h_210,f_jpg?from=ke.com
20240626,海淀,万柳,101118213176,蜂鸟家园三居室中间楼层自住佳选看房方便,1150万,120030元/平,低楼层 (共14层) 3室2厅 | 95.81平米 | 南 西北,https://ke-image.ljcdn.com/110000-inspection/e3bc2a5f-1d98-496d-8437-f02a783d1901_1000.jpg!m_fill,w_280,h_210,f_jpg?from=ke.com
20240626,海淀,万柳,101117832283,万柳商圈 单位分房 婚房精装修 98年楼龄带电梯,990万,116608元/平,中楼层 (共10层) 2室1厅 | 84.9平米 | 东北,https://ke-image.ljcdn.com/110000-inspection/pc1_Eq8OMzBt1.jpg!m_fill,w_280,h_210,f_jpg?from=ke.com
20240626,海淀,万柳,101117805220,万柳精装两居室拎包入住稳定出售,860万,110540元/平,中楼层 (共10层) | 1998年 | 2室1厅 | 77.8平米 | 东 西,https://ke-image.ljcdn.com/110000-inspection/pc1_c3wUvAde5_1.jpg!m_fill,w_280,h_210,f_jpg?from=ke.com
20240626,海淀,万柳,101117747278,万柳万泉新新家园 双卧南向四居室 有车位和储物间,4100万,172306元/平,低楼层 (共6层) 4室2厅 | 237.95平米 | 南 北,https://ke-image.ljcdn.com/110000-inspection/pc1_GyPausNuF.jpg!m_fill,w_280,h_210,f_jpg?from=ke.com
20240626,海淀,万柳,101117676874,南北三居室满五年唯一只有契税不临街,2350万,171296元/平,低楼层 (共13层) 3室2厅 | 137.19平米 | 南 北,https://ke-image.ljcdn.com/110000-inspection/d7855d68-27ec-4e71-8cc2-110d06369aea_1000.jpg!m_fill,w_280,h_210,f_jpg?from=ke.com
20240626,海淀,万柳,101117080274,新起点嘉园地铁16号线长春桥10号线,1360万,134587元/平,中楼层 (共20层) | 2001年 | 2室1厅 | 101.05平米 | 西北,https://ke-image.ljcdn.com/110000-inspection/ca9e0352-8579-4d09-9e33-15b5b83b56e2_1000.jpg!m_fill,w_280,h_210,f_jpg?from=ke.com
20240626,海淀,万柳,101117060464,万柳万泉新新家园 次顶层精装修1车位1储物间。,3000万,154839元/平,高楼层 (共6层) 4室2厅 | 193.75平米 | 南 北,https://ke-image.ljcdn.com/110000-inspection/7dfea86d-5d92-41e0-bfe1-988274768ad1_1000.jpg!m_fill,w_280,h_210,f_jpg?from=ke.com
20240626,海淀,万柳,101116991400,南北眼镜四居室装修好拎包入住,2650万,167035元/平,低楼层 (共12层) | 2000年 | 4室1厅 | 158.65平米 | 南 北,https://ke-image.ljcdn.com/110000-inspection/fc6c3328-b135-4544-b044-e7dfa2daec33_1000.jpg!m_fill,w_280,h_210,f_jpg?from=ke.com
20240626,海淀,万柳,101116856868,碧水云天·颐园二期 南北4居室 不临街 精装修,3280万,181436元/平,低楼层 (共12层) | 2004年 | 4室2厅 | 180.78平米 | 南 北,https://ke-image.ljcdn.com/110000-inspection/pc1_i8j9bMKN2.jpg!m_fill,w_280,h_210,f_jpg?from=ke.com
20240626,海淀,万柳,101116820056,怡秀园小区 3室1厅 西 北,1150万,128492元/平,中楼层 (共18层) 3室1厅 | 89.5平米 | 西 北,https://ke-image.ljcdn.com/110000-inspection/96aafa97-b87e-499c-b453-7570448bcc67_1000.jpg!m_fill,w_280,h_210,f_jpg?from=ke.com
20240626,海淀,万柳,101116688742,涧桥泊屋经典两居室  精装修可拎包入住,1950万,160508元/平,低楼层 (共14层) | 2002年 | 2室1厅 | 121.49平米 | 东 西,https://ke-image.ljcdn.com/110000-inspection/35dfb4b5-924a-4511-94ff-f8dd3fc956ef_1000.jpg!m_fill,w_280,h_210,f_jpg?from=ke.com
20240626,海淀,万柳,101116626806,蜂鸟家园    面积大  落地窗对小区花园,759万,145794元/平,中楼层 (共16层) | 2004年 | 1室0厅 | 52.06平米 | 西北,https://ke-image.ljcdn.com/110000-inspection/42641c5e-c34d-4d67-afcf-0a2e102b9f3e_1000.jpg!m_fill,w_280,h_210,f_jpg?from=ke.com
20240626,海淀,万柳,101116564459,万柳蜂鸟家高楼层视野好 精装修,699万,135256元/平,高楼层 (共14层) | 2004年 | 1室1厅 | 51.68平米 | 北,https://ke-image.ljcdn.com/110000-inspection/499e2cc0-21ce-4e64-9230-ca8d34ab7b4a_1000.jpg!m_fill,w_280,h_210,f_jpg?from=ke.com
20240626,海淀,万柳,101116336678,锋尚国际 二期恒温恒湿  高层东南三居室 接受换房客群,2280万,162997元/平,高楼层 (共18层) 3室1厅 | 139.88平米 | 东南,https://ke-image.ljcdn.com/110000-inspection/65b8d10e-547f-4492-bf46-e9fcaf3cb6c5_1000.jpg!m_fill,w_280,h_210,f_jpg?from=ke.com
20240626,海淀,万柳,101116061180,万柳蜂鸟家园高楼层一居室满两年,668万,151234元/平,顶层 (共9层) | 2004年 | 1室1厅 | 44.17平米 | 西,https://ke-image.ljcdn.com/110000-inspection/pc1_ks6utyIOi.jpg!m_fill,w_280,h_210,f_jpg?from=ke.com
20240626,海淀,万柳,101115904320,万柳碧水云天二期 正规一室一厅  精装修 仅契税。,1050万,178269元/平,低楼层 (共16层) 1室1厅 | 58.9平米 | 东北,https://ke-image.ljcdn.com/110000-inspection/374e4095-f175-4a1c-9bd6-1ac67db35f41_1000.jpg!m_fill,w_280,h_210,f_jpg?from=ke.com
20240626,海淀,万柳,101114665475,怡秀园小区大两居 户型格局好 没有浪费面积 灵动性强房主自荐,1100万,101533元/平,低楼层 (共18层) | 1999年 | 2室1厅 | 108.34平米 | 西南 北,https://ke-image.ljcdn.com/110000-inspection/8230b789-b726-4f48-b5e7-6cb0d5c408be_1000.jpg!m_fill,w_280,h_210,f_jpg?from=ke.com
20240626,海淀,万柳,101114012093,海淀万柳 单价低  单位分房 精装两居 业主稳定 随时签房主自荐,1290万,119070元/平,中楼层 (共18层) 2室1厅 | 108.34平米 | 南 西北,https://ke-image.ljcdn.com/110000-inspection/c8cd3549-63f0-4224-97e4-51419bc7abef_1000.jpg!m_fill,w_280,h_210,f_jpg?from=ke.com
20240626,海淀,万柳,101113487702,碧水云天东南三居室户型方正正对小区花园比较安静,2430万,178980元/平,中楼层 (共16层) | 2003年 | 3室1厅 | 135.77平米 | 东南,https://ke-image.ljcdn.com/110000-inspection/2a5c2258-15a4-4cae-8eee-c9782f98ce1a_1000.jpg!m_fill,w_280,h_210,f_jpg?from=ke.com
20240626,海淀,万柳,101112731589,新起点嘉园 高层两居室 采光好 精装修 业主诚意出售,1180万,101201元/平,中楼层 (共18层) 2室1厅 | 116.6平米 | 东北,https://ke-image.ljcdn.com/110000-inspection/414dc94b-781f-4a09-87fe-ea8c5e22f7c7_1000.jpg!m_fill,w_280,h_210,f_jpg?from=ke.com
20240626,海淀,万柳,101112476258,新起点嘉园 平层大六居 精装修 出租中 可适宜三代同堂,2350万,78546元/平,低楼层 (共18层) 6室2厅 | 299.19平米 | 南,https://ke-image.ljcdn.com/110000-inspection/23ec775f-f1d8-45d7-91a4-40c9918590cc_1000.jpg!m_fill,w_280,h_210,f_jpg?from=ke.com
20240626,海淀,万柳,101112205004,万柳万泉新新家园优质平层四居室有车位储物间,3510万,170695元/平,中楼层 (共6层) | 2001年 | 4室2厅 | 205.63平米 | 南 北,https://ke-image.ljcdn.com/110000-inspection/b0014463-7325-40c2-ad95-ae73ead2e297_1000.jpg!m_fill,w_280,h_210,f_jpg?from=ke.com
20240626,海淀,万柳,101125089967,万柳蜂鸟家园 南向采光好 面积大 视野开阔新上,670万,128059元/平,低楼层 (共16层) 1室1厅 | 52.32平米 | 南,https://ke-image.ljcdn.com/110000-inspection/pc1_D54cJotqh.jpg!m_fill,w_280,h_210,f_jpg?from=ke.com
20240626,海淀,万柳,101125073298,康桥水郡  格局方正 采光好 南北通透  看房方便新上,3150万,166800元/平,高楼层 (共15层) 5室2厅 | 188.85平米 | 南 北,https://ke-image.ljcdn.com/110000-inspection/pc1_CuBsjLWeK.jpg!m_fill,w_280,h_210,f_jpg?from=ke.com
20240626,海淀,万柳,101125054131,万柳蜂鸟家园南向高层视野好光照时间长新上,640万,137932元/平,中楼层 (共16层) | 2004年 | 1室0厅 | 46.4平米 | 南,https://ke-image.ljcdn.com/110000-inspection/9d128711-8ac5-4d87-9900-f626b55602c6_1000.jpg!m_fill,w_280,h_210,f_jpg?from=ke.com
20240626,海淀,万柳,101124992130,万柳 户型方正  采光好 诚意卖新上,1050万,154412元/平,低楼层 (共18层) | 1998年 | 2室1厅 | 68平米 | 西南,https://ke-image.ljcdn.com/110000-inspection/6092a301-567c-4340-84c9-5ed8f496ebce_1000.jpg!m_fill,w_280,h_210,f_jpg?from=ke.com
20240626,海淀,万柳,101124962221,碧水云天 样板间装修 南北四居双线通透 拎包入住,3600万,199138元/平,底层 (共12层) | 2004年 | 4室1厅 | 180.78平米 | 南 北,https://ke-image.ljcdn.com/110000-inspection/b4a5c8bc-0691-4b10-8483-ddb7f24f710b_1000.jpg!m_fill,w_280,h_210,f_jpg?from=ke.com
20240626,海淀,万柳,101124958181,新起点嘉园东南向三居室 万科品质物业 诚意出售,1130万,101047元/平,底层 (共20层) 3室1厅 | 111.83平米 | 东南,https://ke-image.ljcdn.com/110000-inspection/fe4830b3-6f79-47d2-bff8-fb873f1fad62_1000.jpg!m_fill,w_280,h_210,f_jpg?from=ke.com
20240626,海淀,万柳,101124926970,新起点嘉园 落地窗大三居 视野开阔 全新环保精装房,1750万,104954元/平,中楼层 (共18层) | 2003年 | 3室2厅 | 166.74平米 | 西南,https://ke-image.ljcdn.com/110000-inspection/decd3c50-ba6f-4c85-83ad-dae245516c5b_1000.jpg!m_fill,w_280,h_210,f_jpg?from=ke.com
20240626,海淀,万柳,101124924543,万泉新新家园 南向四居室复式 四卧朝南,1490万,92553元/平,顶层 (共6层) 4室2厅 | 160.99平米 | 南,https://ke-image.ljcdn.com/110000-inspection/pc1_nydFHhz4p.jpg!m_fill,w_280,h_210,f_jpg?from=ke.com
20240626,海淀,万柳,101124867979,一层带绿地三居室看房方便南侧观小区绿化,2800万,185677元/平,底层 (共12层) | 2005年 | 3室2厅 | 150.8平米 | 南 北,https://ke-image.ljcdn.com/110000-inspection/pc1_lZk2rjinA_2.jpg!m_fill,w_280,h_210,f_jpg?from=ke.com
20240626,海淀,万柳,101124859832,山水倾城高层3居室诚意出售观景视野好,1780万,110450元/平,高楼层 (共15层) 3室2厅 | 161.16平米 | 东北,https://ke-image.ljcdn.com/110000-inspection/125a6f63-2477-401b-96ec-507b5fcae19c_1000.jpg!m_fill,w_280,h_210,f_jpg?from=ke.com
20240626,海淀,万柳,101124853439,中关村万柳怡秀园小区全南两居室,685万,101753元/平,低楼层 (共18层) | 1998年 | 2室1厅 | 67.32平米 | 南,https://ke-image.ljcdn.com/110000-inspection/7f5c96e3-05e0-4955-8653-3b15149bb166_1000.jpg!m_fill,w_280,h_210,f_jpg?from=ke.com
20240626,海淀,万柳,101124852623,光大花园 明厨明卫 方正户型 双卫大三居,1420万,107009元/平,底层 (共17层) 3室2厅 | 132.7平米 | 东 南 北,https://ke-image.ljcdn.com/110000-inspection/pc1_KkkC789uu_2.jpg!m_fill,w_280,h_210,f_jpg?from=ke.com
20240626,海淀,万柳,101124848552,新起点嘉园 1室1厅 东,1160万,110298元/平,高楼层 (共18层) 1室1厅 | 105.17平米 | 东,https://ke-image.ljcdn.com/110000-inspection/pc1_sEMZVK2AD_2.jpg!m_fill,w_280,h_210,f_jpg?from=ke.com
20240626,海淀,万柳,101124818664,品质轻奢大三居 百万全新精装 可远眺西山 碧水云天,2598万,152752元/平,中楼层 (共12层) 3室1厅 | 170.08平米 | 南 北,https://ke-image.ljcdn.com/110000-inspection/pc1_J9IkuIA8V_2.jpg!m_fill,w_280,h_210,f_jpg?from=ke.com
20240626,海淀,万柳,101124815382,蜂鸟家园 1室0厅 南,780万,161726元/平,高楼层 (共14层) | 2004年 | 1室0厅 | 48.23平米 | 南,https://ke-image.ljcdn.com/110000-inspection/pc1_Wjm4LzjDy.jpg!m_fill,w_280,h_210,f_jpg?from=ke.com
20240626,海淀,万柳,101124801648,万柳南北三居室精装修拎包入住只有契税房子还有,2260万,162077元/平,中楼层 (共12层) 3室2厅 | 139.44平米 | 南 北,https://ke-image.ljcdn.com/110000-inspection/c12a9721-ceb6-496f-bbee-0d5feb141996_1000.jpg!m_fill,w_280,h_210,f_jpg?from=ke.com
20240626,海淀,万柳,101124782960,蜂鸟家园 1室0厅 北,690万,144776元/平,中楼层 (共16层) 1室0厅 | 47.66平米 | 北,https://ke-image.ljcdn.com/110000-inspection/e49ba73f-8d94-4bd9-92f3-0b54e4717d19_1000.jpg!m_fill,w_280,h_210,f_jpg?from=ke.com
20240626,海淀,万柳,101124774198,万泉新新家园 好位置 四居室 带车位和储物间,2850万,138599元/平,中楼层 (共6层) 4室2厅 | 205.63平米 | 南 北,https://ke-image.ljcdn.com/110000-inspection/pc1_kGjFemAMM_2.jpg!m_fill,w_280,h_210,f_jpg?from=ke.com
20240626,海淀,万柳,101124684703,华府三期 尚园 2008年社区 一层带绿地 接地气,7400万,233395元/平,底层 (共5层) 5室2厅 | 317.06平米 | 南 北,https://ke-image.ljcdn.com/110000-inspection/pc1_i2a1P6Niv_2.jpg!m_fill,w_280,h_210,f_jpg?from=ke.com
20240626,海淀,万柳,101124682369,光大花园 总价比较低的2居室带大阳台,1100万,120667元/平,低楼层 (共17层) 2室2厅 | 91.16平米 | 西南,https://ke-image.ljcdn.com/110000-inspection/f56109cb-2dce-473e-aa87-3f5d25d59750_1000.jpg!m_fill,w_280,h_210,f_jpg?from=ke.com
20240626,海淀,万柳,101124637201,万柳万泉新新家园三期 南北通透四居 精装修,2850万,167993元/平,低楼层 (共7层) 4室1厅 | 169.65平米 | 南 北,https://ke-image.ljcdn.com/110000-inspection/c2981fbe-73b1-47fe-9ffe-11089f207676_1000.jpg!m_fill,w_280,h_210,f_jpg?from=ke.com
20240626,海淀,万柳,101124635655,阳春光华橡树园 全明格局 精装修板楼三居室房主自荐,2120万,162615元/平,高楼层 (共13层) 3室1厅 | 130.37平米 | 南 西 北,https://ke-image.ljcdn.com/110000-inspection/pc1_WWH0FfIBz_2.jpg!m_fill,w_280,h_210,f_jpg?from=ke.com
20240626,海淀,万柳,101124568010,万柳怡秀园小区东南三居 不临街 动静分离 管理好,1760万,118775元/平,中楼层 (共18层) | 1999年 | 3室2厅 | 148.18平米 | 东南,https://ke-image.ljcdn.com/110000-inspection/pc1_xSzaqsJgf.jpg!m_fill,w_280,h_210,f_jpg?from=ke.com
20240626,海淀,万柳,101124511820,房子高楼层 全南向 全景落地窗采光好 视野开阔,1400万,82305元/平,高楼层 (共18层) | 2003年 | 3室2厅 | 170.1平米 | 南,https://ke-image.ljcdn.com/110000-inspection/eb3dd327-9d4f-4c25-9a94-d08da6198887_1000.jpg!m_fill,w_280,h_210,f_jpg?from=ke.com
20240626,海淀,万柳,101124492765,万柳万泉新新家园二期大复式 车储配套齐全,4500万,157338元/平,顶层 (共6层) 5室2厅 | 286.01平米 | 南 北,https://ke-image.ljcdn.com/110000-inspection/a83d5d8d-20d7-4e07-92ba-d0ee7d2e26f6_1000.jpg!m_fill,w_280,h_210,f_jpg?from=ke.com
20240626,海淀,万柳,101124441027,南北通透四居室+保姆间 双卧朝南 中间层 采光好,2580万,137125元/平,中楼层 (共13层) 4室2厅 | 188.15平米 | 南 北,https://ke-image.ljcdn.com/110000-inspection/pc1_YosoCnP0F_2.jpg!m_fill,w_280,h_210,f_jpg?from=ke.com
20240626,海淀,万柳,101124433473,就和入住别墅的感觉一样 客厅高4米,2700万,123114元/平,中楼层 (共12层) | 2003年 | 4室1厅 | 219.31平米 | 南 西,https://ke-image.ljcdn.com/110000-inspection/4e8dcffd-2285-4a39-95f1-ba5a34e9d7e7_1000.jpg!m_fill,w_280,h_210,f_jpg?from=ke.com
20240626,海淀,万柳,101124315425,碧水云天21年装修全朝南采光好带车位,2400万,166806元/平,低楼层 (共13层) 3室1厅 | 143.88平米 | 南,https://ke-image.ljcdn.com/110000-inspection/pc1_lttw3IXfj_2.jpg!m_fill,w_280,h_210,f_jpg?from=ke.com
20240626,海淀,万柳,101124304199,万泉新新家园 私人定制户型 客厅挑高4.1米,3270万,136296元/平,底层 (共6层) 4室1厅 | 239.92平米 | 南 北,https://ke-image.ljcdn.com/110000-inspection/pc1_BNu6XOf78.jpg!m_fill,w_280,h_210,f_jpg?from=ke.com
20240626,海淀,万柳,101124292580,光大水墨风景 西南四居 高层观景 诚心售 看房方便,3780万,174871元/平,中楼层 (共16层) 4室2厅 | 216.16平米 | 南 东 西 北,https://ke-image.ljcdn.com/110000-inspection/c127cc00-dd4a-47b9-94f6-72efeece200d_1000.jpg!m_fill,w_280,h_210,f_jpg?from=ke.com
20240626,海淀,万柳,101124288394,阳春光华枫树园 西南两居室 对园区花园,1250万,139915元/平,底层 (共16层) | 2000年 | 2室1厅 | 89.34平米 | 西南,https://ke-image.ljcdn.com/110000-inspection/78b59bc6-c85b-42f1-be7f-23917c5e09b2_1000.jpg!m_fill,w_280,h_210,f_jpg?from=ke.com
20240626,海淀,万柳,101124286258,碧水云天二期 中间层东南三居 视野开阔 带1个车位,1980万,158034元/平,中楼层 (共16层) 3室1厅 | 125.29平米 | 东南,https://ke-image.ljcdn.com/110000-inspection/7eb9bc01-4bc2-42e2-ad36-18f2686dd459_1000.jpg!m_fill,w_280,h_210,f_jpg?from=ke.com
20240626,海淀,万柳,101124282581,新新家园花园洋房 中间楼层落地窗三居 带车位,2480万,149669元/平,中楼层 (共6层) 3室1厅 | 165.7平米 | 南 北,https://ke-image.ljcdn.com/110000-inspection/pc1_P5oLXjQwX.jpg!m_fill,w_280,h_210,f_jpg?from=ke.com
20240626,海淀,万柳,101124271541,万柳阳春光华家园 南北三居满五年唯一 不临街,2150万,156717元/平,底层 (共13层) 3室2厅 | 137.19平米 | 南 北,https://ke-image.ljcdn.com/110000-inspection/c97fa387-135a-42d5-af37-d50b3c7c34e3_1000.jpg!m_fill,w_280,h_210,f_jpg?from=ke.com
20240626,海淀,万柳,101124234208,万泉新新家园 满五唯一 电梯3层 不临街 3+1户型装修好,2980万,172374元/平,中楼层 (共7层) 3室2厅 | 172.88平米 | 南 北,https://ke-image.ljcdn.com/110000-inspection/896c46a1-fb83-46ab-861a-3f0682abc6fe_1000.jpg!m_fill,w_280,h_210,f_jpg?from=ke.com
20240626,海淀,万柳,101124193094,万柳万泉新新家园  观景洋房 次顶层 有车位和储物间,2480万,150577元/平,高楼层 (共6层) 3室1厅 | 164.7平米 | 南 北,https://ke-image.ljcdn.com/110000-inspection/pc1_zQBMugPqz_2.jpg!m_fill,w_280,h_210,f_jpg?from=ke.com
20240626,海淀,万柳,101124184082,海园大平层 大面宽 短进深 户型格局方正 采光好,9800万,260493元/平,顶层 (共5层) 7室1厅 | 376.21平米 | 南 北,https://ke-image.ljcdn.com/110000-inspection/pc1_ArWmvYMjp.jpg!m_fill,w_280,h_210,f_jpg?from=ke.com
20240626,海淀,万柳,101124184059,海园大平层 大面宽 短进深 户型格局方正 采光好,9800万,266254元/平,顶层 (共5层) 5室2厅 | 368.07平米 | 东 南 北,https://ke-image.ljcdn.com/110000-inspection/pc1_Ac5SrmDat.jpg!m_fill,w_280,h_210,f_jpg?from=ke.com
20240626,海淀,万柳,101124167094,万柳 涧桥泊屋 眼镜户型 双卧客厅朝南 安静面花园房主自荐,2997万,170838元/平,低楼层 (共14层) 3室2厅 | 175.43平米 | 南 北,https://ke-image.ljcdn.com/110000-inspection/b7333b2b-2595-4d2e-aff7-8682c0179753_1000.jpg!m_fill,w_280,h_210,f_jpg?from=ke.com
20240626,海淀,万柳,101124123436,锋尚国际全新装修高层采光视野好。,1560万,157274元/平,中楼层 (共18层) 2室1厅 | 99.19平米 | 南 北,https://ke-image.ljcdn.com/110000-inspection/ddba4532-d845-41ff-a2f8-3bb769f39c83_1000.jpg!m_fill,w_280,h_210,f_jpg?from=ke.com
20240626,海淀,万柳,101124024914,万泉新新家园 洋房社区 边户 带明卫 位置好 精装修,3200万,159961元/平,底层 (共4层) | 2001年 | 4室2厅 | 200.05平米 | 南 北,https://ke-image.ljcdn.com/110000-inspection/65b8dd4b-670a-46f7-8308-010cc10f29f2_1000.jpg!m_fill,w_280,h_210,f_jpg?from=ke.com
20240626,海淀,万柳,101123921418,万柳万泉新新边户型 双主卧朝南,3799万,152436元/平,高楼层 (共6层) 4室3厅 | 249.22平米 | 南 北,https://ke-image.ljcdn.com/110000-inspection/pc1_LA1hey4zV_2.jpg!m_fill,w_280,h_210,f_jpg?from=ke.com
20240626,海淀,万柳,101123909019,万泉新新家园 单价12万 带车位 储物间 南北阳台房主自荐,3980万,122113元/平,顶层 (共6层) 5室2厅 | 325.93平米 | 南 北,https://ke-image.ljcdn.com/110000-inspection/bda6632a-0d8f-4ad0-91f9-65122b01a494_1000.jpg!m_fill,w_280,h_210,f_jpg?from=ke.com
20240626,海淀,万柳,101123866117,万柳亿城中心70年产权 可以注册公司 看房随时 采光好,958万,45390元/平,低楼层 (共22层) | 2004年 | 1室1厅 | 211.06平米 | 西,https://ke-image.ljcdn.com/110000-inspection/pc1_Lsz2dc4ln.jpg!m_fill,w_280,h_210,f_jpg?from=ke.com
20240626,海淀,万柳,101123866030,光大花园全南3居 次顶层 采光充足 一个楼层只有一套房主自荐,1500万,142749元/平,高楼层 (共17层) | 2000年 | 3室1厅 | 105.08平米 | 南,https://ke-image.ljcdn.com/110000-inspection/86d79ecf-9fee-4f6d-95b3-8ff1b385b2cc_1000.jpg!m_fill,w_280,h_210,f_jpg?from=ke.com
20240626,海淀,万柳,101123864156,新纪元家园 全明格局 边户型四居 三个卫生间 只此一套,3300万,171652元/平,中楼层 (共9层) 4室2厅 | 192.25平米 | 南 北,https://ke-image.ljcdn.com/110000-inspection/c3f0c503-d5b8-4181-b238-ae2a726654bd_1000.jpg!m_fill,w_280,h_210,f_jpg?from=ke.com
20240626,海淀,万柳,101123827495,万柳蜂鸟家园D户型 30万精装修 原始467万,590万,114275元/平,低楼层 (共14层) | 2004年 | 1室0厅 | 51.63平米 | 北,https://ke-image.ljcdn.com/110000-inspection/pc1_6cfq0Hysb.jpg!m_fill,w_280,h_210,f_jpg?from=ke.com
20240626,海淀,万柳,101123810804,万柳万泉新新家园三期边户优质四居室,2998万,152780元/平,中楼层 (共7层) 4室1厅 | 196.23平米 | 南 北,https://ke-image.ljcdn.com/110000-inspection/pc1_ygVFC3xH1.jpg!m_fill,w_280,h_210,f_jpg?from=ke.com
20240626,海淀,万柳,101123808666,万柳新纪元家园 轻奢改善大三居,2950万,166601元/平,中楼层 (共14层) 3室2厅 | 177.07平米 | 南 北,https://ke-image.ljcdn.com/110000-inspection/b17ed287-8552-4c41-ae5c-50917558fbfa_1000.jpg!m_fill,w_280,h_210,f_jpg?from=ke.com
20240626,海淀,万柳,101123808552,阳春光华家园  两室双卫 西南向 精装修,1510万,140964元/平,低楼层 (共16层) 2室1厅 | 107.12平米 | 西南,https://ke-image.ljcdn.com/110000-inspection/6596dd5d-38a3-434e-9356-db6109a82856_1000.jpg!m_fill,w_280,h_210,f_jpg?from=ke.com
20240626,海淀,万柳,101123808234,蜂鸟家园1号楼 南向一居室 精装修 看房提前联系,830万,158883元/平,低楼层 (共14层) 1室1厅 | 52.24平米 | 南,https://ke-image.ljcdn.com/110000-inspection/pc1_xIDZD34Dd.jpg!m_fill,w_280,h_210,f_jpg?from=ke.com
20240626,海淀,万柳,101123807350,蜂鸟家园 南向一居室 精装修 看房有钥匙,718万,151862元/平,中楼层 (共14层) 1室1厅 | 47.28平米 | 南,https://ke-image.ljcdn.com/110000-inspection/effbea60-d816-43a8-8bcd-ca70a7dd4ce8_1000.jpg!m_fill,w_280,h_210,f_jpg?from=ke.com
20240626,海淀,万柳,101123805394,碧水云天新出 全南两居 两年前全新精装修 带观景阳台,1180万,161689元/平,低楼层 (共16层) | 2003年 | 2室1厅 | 72.98平米 | 南,https://ke-image.ljcdn.com/110000-inspection/4db4ec2a-2894-4522-bfd7-db3e1c63b76b_1000.jpg!m_fill,w_280,h_210,f_jpg?from=ke.com
20240626,海淀,万柳,101123760905,怡秀园小区 2室2厅 南 西,820万,120589元/平,中楼层 (共18层) | 1998年 | 2室2厅 | 68平米 | 南 西,https://ke-image.ljcdn.com/110000-inspection/pc1_1aLxb86v7.jpg!m_fill,w_280,h_210,f_jpg?from=ke.com
20240626,海淀,万柳,101123708352,海淀万柳怡秀园小区 全明三居室 高楼层视野很棒,1300万,129431元/平,高楼层 (共18层) 3室1厅 | 100.44平米 | 东 南 西 北,https://ke-image.ljcdn.com/110000-inspection/pc1_gi1zNJ7KJ_2.jpg!m_fill,w_280,h_210,f_jpg?from=ke.com
20240626,海淀,万柳,101123706355,万柳新起点嘉园 单价八万跃层复式 框架结构 眺望西山,2100万,81113元/平,顶层 (共20层) 5室3厅 | 258.9平米 | 西南,https://ke-image.ljcdn.com/110000-inspection/c9506d0a-9b97-417a-8dd4-c5a2d5827c0d_1000.jpg!m_fill,w_280,h_210,f_jpg?from=ke.com
20240626,海淀,万柳,101123667326,万泉新新家园 精装修 边户四居  诚心出售价格可谈,3010万,156600元/平,低楼层 (共7层) 4室2厅 | 192.21平米 | 东 南 北,https://ke-image.ljcdn.com/110000-inspection/pc1_SnGYVgOr2_2.jpg!m_fill,w_280,h_210,f_jpg?from=ke.com
20240626,海淀,万柳,101123642153,新起点嘉园 西三环边地铁10-12-16号线三轨交汇,1380万,115772元/平,中楼层 (共20层) 2室1厅 | 119.2平米 | 南,https://ke-image.ljcdn.com/110000-inspection/pc1_0lNJ5j9hx_2.jpg!m_fill,w_280,h_210,f_jpg?from=ke.com
20240626,海淀,万柳,101123635832,新上南向一居  只有契税 采光好 诚意出售 看房方便,640万,135364元/平,中楼层 (共14层) 1室1厅 | 47.28平米 | 南,https://ke-image.ljcdn.com/110000-inspection/f33449af-4516-4b91-9e92-fb206d2e8035_1000.jpg!m_fill,w_280,h_210,f_jpg?from=ke.com
20240626,海淀,万柳,101123613250,光大花园百万装修 东南3居 双卧室朝南 采光充足中楼层房主自荐,1650万,135380元/平,中楼层 (共17层) 3室1厅 | 121.88平米 | 东南,https://ke-image.ljcdn.com/110000-inspection/pc1_c9wvV0d6p.jpg!m_fill,w_280,h_210,f_jpg?from=ke.com
20240626,海淀,万柳,101123597449,光大家园高层18年装修地暖定制家具就契税,1288万,114418元/平,中楼层 (共17层) 3室1厅 | 112.57平米 | 东 北 南,https://ke-image.ljcdn.com/110000-inspection/pc1_tsr7b3411.jpg!m_fill,w_280,h_210,f_jpg?from=ke.com
20240626,海淀,万柳,101123573434,小区中间位置 不临街 大三居三卫 空房 未住人,7000万,265494元/平,低楼层 (共7层) 3室2厅 | 263.66平米 | 南 北,https://ke-image.ljcdn.com/110000-inspection/ef79e172-f858-42dd-8ce4-b5d5401f6818_1000.jpg!m_fill,w_280,h_210,f_jpg?from=ke.com
20240626,海淀,万柳,101123572870,万柳阳春光华东南高层三居 精装修满五唯一 层高3米,1750万,125945元/平,顶层 (共16层) 3室2厅 | 138.95平米 | 东南,https://ke-image.ljcdn.com/110000-inspection/pc1_zRJrkjo6R_1.jpg!m_fill,w_280,h_210,f_jpg?from=ke.com
20240626,海淀,万柳,101123566927,碧水云天 中间位置双明卫三居 满五年唯一 有产权车位,2500万,153658元/平,底层 (共12层) 3室1厅 | 162.7平米 | 南 北,https://ke-image.ljcdn.com/110000-inspection/pc1_nhosjhMLW_2.jpg!m_fill,w_280,h_210,f_jpg?from=ke.com
20240626,海淀,万柳,101123555428,海淀万柳万泉新新家园小户型一居室无抵押随时签约过户,630万,115132元/平,高楼层 (共10层) | 2003年 | 1室1厅 | 54.72平米 | 东,https://ke-image.ljcdn.com/110000-inspection/b1ac749f-322a-4925-81ae-d5546baa3c2f_1000.jpg!m_fill,w_280,h_210,f_jpg?from=ke.com
20240626,海淀,万柳,101123542644,碧水云天居家二居室朝东向 精装修看房随时,1550万,156788元/平,低楼层 (共16层) | 2003年 | 2室1厅 | 98.86平米 | 东,https://ke-image.ljcdn.com/110000-inspection/pc1_oT73hdIBR_1.jpg!m_fill,w_280,h_210,f_jpg?from=ke.com
20240626,海淀,万柳,101123539898,新起点嘉园 西三环 苏州桥地铁站10号线,1800万,113889元/平,中楼层 (共20层) 3室1厅 | 158.05平米 | 东南,https://ke-image.ljcdn.com/110000-inspection/pc1_DyEJId4Hm_2.jpg!m_fill,w_280,h_210,f_jpg?from=ke.com
20240626,海淀,万柳,101123474932,汇新家园西南三居室无遮当方便看房,1168万,127026元/平,低楼层 (共16层) 3室2厅 | 91.95平米 | 西南,https://ke-image.ljcdn.com/110000-inspection/pc1_DxNcxKq7Q.jpg!m_fill,w_280,h_210,f_jpg?from=ke.com
20240626,海淀,万柳,101123473275,阳春光华 西南向双卫大两居 单价低 无遮挡,1175万,109691元/平,底层 (共16层) | 1999年 | 2室1厅 | 107.12平米 | 西南,https://ke-image.ljcdn.com/110000-inspection/e8b8cc79-0cb2-421b-8c2a-2e407b3ed034_1000.jpg!m_fill,w_280,h_210,f_jpg?from=ke.com
20240626,海淀,万柳,101123462275,万柳 万泉新新 观西山 温馨一居,900万,133710元/平,中楼层 (共10层) | 2003年 | 1室1厅 | 67.31平米 | 西,https://ke-image.ljcdn.com/110000-inspection/f629085b-a6d4-4222-abc8-800d21721026_1000.jpg!m_fill,w_280,h_210,f_jpg?from=ke.com
20240626,海淀,万柳,101123459409,万柳阳春光华四个卧室都朝阳的四居室而且客厅也朝南,2500万,141315元/平,中楼层 (共16层) 4室2厅 | 176.91平米 | 东南,https://ke-image.ljcdn.com/110000-inspection/pc1_Y53iGHVQo_2.jpg!m_fill,w_280,h_210,f_jpg?from=ke.com
20240626,海淀,万柳,101123453542,海淀万柳万泉新新家园带电梯一梯三户此房满五唯一,1130万,128483元/平,中楼层 (共9层) | 2000年 | 2室1厅 | 87.95平米 | 南,https://ke-image.ljcdn.com/110000-inspection/fbc577c0-ad55-4183-af87-64f1ee3bd93e_1000.jpg!m_fill,w_280,h_210,f_jpg?from=ke.com
20240626,海淀,万柳,101123442322,万柳光大家园 新出中间位置 精装三居 总价 低方便看房主自荐,1280万,113708元/平,低楼层 (共17层) 3室1厅 | 112.57平米 | 西南 北,https://ke-image.ljcdn.com/110000-inspection/a0e15029-e86e-4803-a4be-ae5d7c755a7c_1000.jpg!m_fill,w_280,h_210,f_jpg?from=ke.com
20240626,海淀,万柳,101123431041,光大花园 2室1厅 东南,1380万,145371元/平,高楼层 (共17层) 2室1厅 | 94.93平米 | 东南,https://ke-image.ljcdn.com/110000-inspection/pc1_PT9jey9mq_2.jpg!m_fill,w_280,h_210,f_jpg?from=ke.com
20240626,海淀,万柳,101123424135,万柳万泉新新家园 边户四居室 不临街 只有契税 精装修,2900万,167854元/平,底层 (共6层) 4室2厅 | 172.77平米 | 南 西 北,https://ke-image.ljcdn.com/110000-inspection/pc1_JekYvjSjf.jpg!m_fill,w_280,h_210,f_jpg?from=ke.com
20240626,海淀,万柳,101123423780,阳春光华家园 6室3厅 西 南 北,4179万,179982元/平,高楼层 (共13层) 6室3厅 | 232.19平米 | 西 南 北,https://ke-image.ljcdn.com/110000-inspection/pc1_PYFXF3Rht_2.jpg!m_fill,w_280,h_210,f_jpg?from=ke.com
20240626,海淀,万柳,101123417097,万柳万泉新新家园 南北通透 不临街 中间楼层 视野好,1795万,141674元/平,中楼层 (共9层) 3室1厅 | 126.7平米 | 北 南,https://ke-image.ljcdn.com/110000-inspection/c89eb4ce-1900-4c3b-8988-60600fdc80cf_1000.jpg!m_fill,w_280,h_210,f_jpg?from=ke.com
20240626,海淀,万柳,101123408796,中关村附近   万柳怡秀园小区东南三居,1350万,100845元/平,低楼层 (共18层) 3室2厅 | 133.87平米 | 东 南,https://ke-image.ljcdn.com/110000-inspection/d79b956e-c4de-4370-b5be-bad466f38b62_1000.jpg!m_fill,w_280,h_210,f_jpg?from=ke.com
20240626,海淀,万柳,101123392317,万柳碧水云天 高层弧形观景四居室 270°采光,2800万,140106元/平,中楼层 (共14层) 4室2厅 | 199.85平米 | 西南 东北,https://ke-image.ljcdn.com/110000-inspection/pc1_Si5oeFgVr_2.jpg!m_fill,w_280,h_210,f_jpg?from=ke.com
20240626,海淀,万柳,101123390791,山水倾城南向眼镜户型中间位置不临街全天采光,2200万,138296元/平,顶层 (共12层) 5室2厅 | 159.08平米 | 西南,https://ke-image.ljcdn.com/110000-inspection/pc1_swUhAWOuL_2.jpg!m_fill,w_280,h_210,f_jpg?from=ke.com
20240626,海淀,万柳,101123380455,万柳汇新家园精装修高楼层三居室 视野开阔,1099万,143137元/平,高楼层 (共16层) 3室1厅 | 76.78平米 | 西南,https://ke-image.ljcdn.com/110000-inspection/pc1_tDp71DYIi.jpg!m_fill,w_280,h_210,f_jpg?from=ke.com
20240626,海淀,万柳,101123297902,万泉新新家园经典舒适朝东小户型,680万,120803元/平,高楼层 (共10层) | 2003年 | 1室1厅 | 56.29平米 | 东,https://ke-image.ljcdn.com/110000-inspection/pc1_qVJen5uzU_1.jpg!m_fill,w_280,h_210,f_jpg?from=ke.com
20240626,海淀,万柳,101123189201,碧水云天双卧南采光好  层高3米 2梯3户 有车位,1780万,137803元/平,低楼层 (共16层) 3室2厅 | 129.17平米 | 西南,https://ke-image.ljcdn.com/110000-inspection/1335ffb1-4f6d-4e20-9a1d-36b23991c184_1000.jpg!m_fill,w_280,h_210,f_jpg?from=ke.com
20240626,海淀,万柳,101123172484,万柳山水倾城、怡水园 客厅挑高4.2米 满五年 成本低,1995万,119354元/平,低楼层 (共12层) 3室2厅 | 167.15平米 | 东南,https://ke-image.ljcdn.com/110000-inspection/pc1_Q58BD3Wed.jpg!m_fill,w_280,h_210,f_jpg?from=ke.com
20240626,海淀,万柳,101123160605,万柳万泉新新家园经典3+1户型,2750万,171790元/平,底层 (共6层) 3室2厅 | 160.08平米 | 南 北,https://ke-image.ljcdn.com/110000-inspection/pc1_5v6HPI760.jpg!m_fill,w_280,h_210,f_jpg?from=ke.com
20240626,海淀,万柳,101123159096,新起点正规四居室 无天井 视野好  单价低 装修保养好,1980万,84946元/平,中楼层 (共20层) | 2003年 | 4室2厅 | 233.09平米 | 西南,https://ke-image.ljcdn.com/110000-inspection/e66bb4c9-eb24-46cf-819e-c63f14b0dd9b_1000.jpg!m_fill,w_280,h_210,f_jpg?from=ke.com
20240626,海淀,万柳,101123129792,万柳万泉新新家园 订制四居室 观景西山 不临街 有车储,2980万,148326元/平,高楼层 (共6层) 4室2厅 | 200.91平米 | 南 北,https://ke-image.ljcdn.com/110000-inspection/pc1_iFlvPEnVH_2.jpg!m_fill,w_280,h_210,f_jpg?from=ke.com
20240626,海淀,万柳,101123108562,汇新家园西南向精装修两居室 近地铁 小区内有花园绿化房主自荐,699万,115538元/平,底层 (共16层) 2室1厅 | 60.5平米 | 西 南,https://ke-image.ljcdn.com/110000-inspection/pc1_atzOxI9hb_1.jpg!m_fill,w_280,h_210,f_jpg?from=ke.com
20240626,海淀,万柳,101123036112,碧水云天 1室1厅 东,1050万,178269元/平,低楼层 (共16层) | 2004年 | 1室1厅 | 58.9平米 | 东,https://ke-image.ljcdn.com/110000-inspection/8aab55e0-6ee2-43db-964a-c4c108dfc4f2_1000.jpg!m_fill,w_280,h_210,f_jpg?from=ke.com
20240626,海淀,万柳,101123025762,安静不临街带南北花园智能全新装修一天没住过。,3498万,209111元/平,底层 (共14层) 3室2厅 | 167.28平米 | 南 北,https://ke-image.ljcdn.com/110000-inspection/bf03e386-7a85-4032-8a68-dbc3eb579a17_1000.jpg!m_fill,w_280,h_210,f_jpg?from=ke.com
20240626,海淀,万柳,101123001493,二期全南向采光好满五唯一,1230万,112319元/平,低楼层 (共16层) 3室1厅 | 109.51平米 | 南,https://ke-image.ljcdn.com/110000-inspection/92c6f35c-8569-4a25-9e6e-d30c4168c2a5_1000.jpg!m_fill,w_280,h_210,f_jpg?from=ke.com
20240626,海淀,万柳,101122996844,光大花园顶层复式客厅挑高西南角采光好。,3388万,109904元/平,顶层 (共17层) 8室2厅 | 308.27平米 | 西南,https://ke-image.ljcdn.com/110000-inspection/pc1_mHb4G7JGI.jpg!m_fill,w_280,h_210,f_jpg?from=ke.com
20240626,海淀,万柳,101122993899,新起点嘉园全新装修双卫户型西南朝向急售房主自荐,1390万,120087元/平,低楼层 (共18层) | 2003年 | 2室1厅 | 115.75平米 | 西南,https://ke-image.ljcdn.com/110000-inspection/pc1_FE7jA3zvd_2.jpg!m_fill,w_280,h_210,f_jpg?from=ke.com
20240626,海淀,万柳,101122954923,万柳万泉新新家园三期 满五年唯一 一层下跃户型,3100万,187959元/平,底层 (共7层) 3室2厅 | 164.93平米 | 南 北,https://ke-image.ljcdn.com/110000-inspection/pc1_rmSzfAf6o_2.jpg!m_fill,w_280,h_210,f_jpg?from=ke.com
20240626,海淀,万柳,101122841581,中关村附近 万柳新起点嘉园 南向落地窗 日照采光很好房主自荐,1565万,92005元/平,高楼层 (共18层) 3室2厅 | 170.1平米 | 南,https://ke-image.ljcdn.com/110000-inspection/pc1_CJw96AatN_2.jpg!m_fill,w_280,h_210,f_jpg?from=ke.com
20240626,海淀,万柳,101122824119,万城华府海园 复式南北大四居室 格局方正  位置不临街,7700万,241660元/平,中楼层 (共5层) 5室2厅 | 318.63平米 | 南 北,https://ke-image.ljcdn.com/110000-inspection/54694861-fffe-4c44-83d0-c9103d81e43b_1000.jpg!m_fill,w_280,h_210,f_jpg?from=ke.com
20240626,海淀,万柳,101122792622,碧水云天 中间位置 板楼南北通透 三面有窗 仅有8户房主自荐,1298万,156840元/平,低楼层 (共12层) 2室1厅 | 82.76平米 | 南 北,https://ke-image.ljcdn.com/110000-inspection/63df3e61-2ea9-46d6-bdf1-6cb21d52fa9f_1000.jpg!m_fill,w_280,h_210,f_jpg?from=ke.com
20240626,海淀,万柳,101122770929,万柳万泉新新家园 边户四居室 次顶层 满五年唯一车储,3280万,166043元/平,高楼层 (共7层) 4室2厅 | 197.54平米 | 东 南 北,https://ke-image.ljcdn.com/110000-inspection/pc1_6TXxvJmKd.jpg!m_fill,w_280,h_210,f_jpg?from=ke.com
20240626,海淀,万柳,101122694044,碧水云天 带双车位四居 弧形飘窗 采光视野好,2900万,145437元/平,中楼层 (共14层) 4室1厅 | 199.4平米 | 南 北,https://ke-image.ljcdn.com/110000-inspection/bbc98da8-b9e3-4763-bbc9-42eca11dcc57_1000.jpg!m_fill,w_280,h_210,f_jpg?from=ke.com
20240626,海淀,万柳,101122665340,万柳临公园社区安静不临街仅契税适合自住,690万,140587元/平,低楼层 (共15层) | 2003年 | 1室0厅 | 49.08平米 | 西,https://ke-image.ljcdn.com/110000-inspection/pc1_2XkVqteaM.jpg!m_fill,w_280,h_210,f_jpg?from=ke.com
20240626,海淀,万柳,101122609093,万柳万泉新新家园边户四居室有车位有储物间,3000万,171586元/平,中楼层 (共6层) 4室2厅 | 174.84平米 | 南 北,https://ke-image.ljcdn.com/110000-inspection/pc1_gyp4EDxC3_2.jpg!m_fill,w_280,h_210,f_jpg?from=ke.com
20240626,海淀,万柳,101122604402,此房满五年唯一小区中间位置精装修有车位,2950万,147596元/平,中楼层 (共14层) 4室2厅 | 199.87平米 | 东 南 西 北,https://ke-image.ljcdn.com/110000-inspection/pc1_A3arNsIcd_2.jpg!m_fill,w_280,h_210,f_jpg?from=ke.com
20240626,海淀,万柳,101122593099,万柳万泉新新家园2003年高层采光好,730万,126803元/平,高楼层 (共10层) | 2003年 | 1室1厅 | 57.57平米 | 东,https://ke-image.ljcdn.com/110000-inspection/80010b3b-6b6e-449c-85dd-21bf4f4cb486_1000.jpg!m_fill,w_280,h_210,f_jpg?from=ke.com
20240626,海淀,万柳,101122524980,新起点嘉园 2室1厅 西南,930万,142159元/平,中楼层 (共18层) | 2003年 | 2室1厅 | 65.42平米 | 西南,https://ke-image.ljcdn.com/110000-inspection/pc1_s36siEKJi_2.jpg!m_fill,w_280,h_210,f_jpg?from=ke.com
20240626,海淀,万柳,101122524060,一室一厅一厨一卫居家实用空间宽阔业主诚意出售,750万,123967元/平,低楼层 (共16层) 1室1厅 | 60.5平米 | 东南,https://ke-image.ljcdn.com/110000-inspection/pc1_0lj8LiSF8.jpg!m_fill,w_280,h_210,f_jpg?from=ke.com
20240626,海淀,万柳,101122521844,万泉新新家园3期经典放大版3+1户型,2880万,166590元/平,中楼层 (共7层) 3室1厅 | 172.88平米 | 南 北,https://ke-image.ljcdn.com/110000-inspection/pc1_7G8Gk66WW_2.jpg!m_fill,w_280,h_210,f_jpg?from=ke.com
20240626,海淀,万柳,101122504040,龙园南北通透两居室 顶层 层高高,2750万,240028元/平,顶层 (共6层) 2室2厅 | 114.57平米 | 南 北,https://ke-image.ljcdn.com/110000-inspection/pc1_XEqAABxgW_2.jpg!m_fill,w_280,h_210,f_jpg?from=ke.com
20240626,海淀,万柳,101122498838,光大花园全南向2居室高楼层采光好诚心出售。,1480万,143439元/平,中楼层 (共17层) | 2000年 | 2室1厅 | 103.18平米 | 南,https://ke-image.ljcdn.com/110000-inspection/pc1_VfCnvsjTy_2.jpg!m_fill,w_280,h_210,f_jpg?from=ke.com
20240626,海淀,万柳,101122374616,南北三居【次顶层11/12层】 不临街  带车位,2600万,181831元/平,高楼层 (共12层) 3室2厅 | 142.99平米 | 南 北,https://ke-image.ljcdn.com/110000-inspection/pc1_HNf5ookhN_2.jpg!m_fill,w_280,h_210,f_jpg?from=ke.com
20240626,海淀,万柳,101122348832,碧水云天 二期 四居室 精装修  看房方便,2690万,134413元/平,低楼层 (共14层) | 2004年 | 4室2厅 | 200.13平米 | 南 北,https://ke-image.ljcdn.com/110000-inspection/7d7380bc-2871-4390-ad96-f6b404933807_1000.jpg!m_fill,w_280,h_210,f_jpg?from=ke.com
20240626,海淀,万柳,101122287307,万柳西南大三居落地窗高楼层视野开阔,1700万,101956元/平,中楼层 (共18层) | 2003年 | 3室1厅 | 166.74平米 | 西南,https://ke-image.ljcdn.com/110000-inspection/0d05f8ce-3fad-4bba-a85c-380fed4a9607_1000.jpg!m_fill,w_280,h_210,f_jpg?from=ke.com
20240626,海淀,万柳,101122212283,万泉新新家园 精装复式 带电梯 北侧可观景公园,3200万,137334元/平,顶层 (共6层) | 1999年 | 5室2厅 | 233.01平米 | 南 北,https://ke-image.ljcdn.com/110000-inspection/pc1_3RbNXMqLY_2.jpg!m_fill,w_280,h_210,f_jpg?from=ke.com
20240626,海淀,万柳,101122207941,汇新家园 2室1厅 东北房主自荐,1260万,125875元/平,中楼层 (共16层) | 2004年 | 2室1厅 | 100.1平米 | 东北,https://ke-image.ljcdn.com/110000-inspection/66de2c04-b900-4828-b81c-0798c3f298a9_1000.jpg!m_fill,w_280,h_210,f_jpg?from=ke.com
20240626,海淀,万柳,101122175394,万柳汇新家园  高楼层大两居全南向,1380万,124012元/平,高楼层 (共16层) | 2004年 | 2室1厅 | 111.28平米 | 南,https://ke-image.ljcdn.com/110000-inspection/43ccb286-7f6d-4365-9ece-59f7155ae015_1000.jpg!m_fill,w_280,h_210,f_jpg?from=ke.com
20240626,海淀,万柳,101122170698,万城华府海园3/4层复式西南北三面采光,8000万,232376元/平,中楼层 (共5层) 5室3厅 | 344.27平米 | 南 西 北,https://ke-image.ljcdn.com/110000-inspection/pc1_xvLiCU1mN.jpg!m_fill,w_280,h_210,f_jpg?from=ke.com
20240626,海淀,万柳,101122107188,光大花园南向大一居室 采光好 户型方正 适合老人,1080万,137074元/平,低楼层 (共17层) | 2000年 | 1室1厅 | 78.79平米 | 南,https://ke-image.ljcdn.com/110000-inspection/3b4b57cb-ccc2-4374-b07d-a5c6a59288a2_1000.jpg!m_fill,w_280,h_210,f_jpg?from=ke.com
20240626,海淀,万柳,101122099000,万泉新新一层花园 精装四居室 价钱可谈 有钥匙随时看,3050万,152462元/平,底层 (共6层) 4室2厅 | 200.05平米 | 南 北,https://ke-image.ljcdn.com/110000-inspection/pc1_VRXcVMJuN_2.jpg!m_fill,w_280,h_210,f_jpg?from=ke.com
20240626,海淀,万柳,101122053581,康桥水郡 4室2厅 南 北,3200万,161445元/平,高楼层 (共16层) 4室2厅 | 198.21平米 | 南 北,https://ke-image.ljcdn.com/110000-inspection/ca9bd5e0-2550-4824-ab9d-bb38b54df7fb_1000.jpg!m_fill,w_280,h_210,f_jpg?from=ke.com
20240626,海淀,万柳,101122008362,光大花园对小区花园两居室 户型方正 满五唯一房主自荐,1265万,146548元/平,低楼层 (共17层) | 2000年 | 2室1厅 | 86.32平米 | 西南,https://ke-image.ljcdn.com/110000-inspection/554d25db-b81e-4b8e-8492-0e7ad8146870_1000.jpg!m_fill,w_280,h_210,f_jpg?from=ke.com
20240626,海淀,万柳,101121916255,锋尚国际 居家二居室 恒温恒湿科技系统 看房随时,1500万,152238元/平,低楼层 (共18层) 2室1厅 | 98.53平米 | 东北,https://ke-image.ljcdn.com/110000-inspection/pc1_N1j3gNfWe.jpg!m_fill,w_280,h_210,f_jpg?from=ke.com
20240626,海淀,万柳,101121915650,万柳商圈 新出全南两居室 高楼层5号楼不临街,1060万,157061元/平,中楼层 (共18层) 2室1厅 | 67.49平米 | 东南,https://ke-image.ljcdn.com/110000-inspection/pc1_B6rv5gjQF.jpg!m_fill,w_280,h_210,f_jpg?from=ke.com
20240626,海淀,万柳,101121907771,万柳全明一居室高楼层视野开阔对小区花园,738万,128326元/平,高楼层 (共18层) 1室0厅 | 57.51平米 | 东,https://ke-image.ljcdn.com/110000-inspection/pc1_A0yWitgtM_2.jpg!m_fill,w_280,h_210,f_jpg?from=ke.com
20240626,海淀,万柳,101121816958,万柳锋尚名居 正南向 双卫大两居 高层采光好不临街,1800万,131608元/平,中楼层 (共18层) 2室1厅 | 136.77平米 | 南,https://ke-image.ljcdn.com/110000-inspection/485fe6f7-6aa2-48d1-b973-578cfa0d6e5f_1000.jpg!m_fill,w_280,h_210,f_jpg?from=ke.com
20240626,海淀,万柳,101121753588,涧桥泊屋 南北三居室 采光通风好 不临街 人车分流,2850万,175883元/平,中楼层 (共14层) 3室2厅 | 162.04平米 | 南 北,https://ke-image.ljcdn.com/110000-inspection/pc1_JJ3Z22ADu_1.jpg!m_fill,w_280,h_210,f_jpg?from=ke.com
20240626,海淀,万柳,101121713154,万柳蜂鸟家园正南向对小区B户型,730万,153072元/平,底层 (共14层) | 2004年 | 1室1厅 | 47.69平米 | 南,https://ke-image.ljcdn.com/110000-inspection/pc1_ITzYFiEgo.jpg!m_fill,w_280,h_210,f_jpg?from=ke.com
20240626,海淀,万柳,101121692014,急售 新起点嘉园 精装四居室 全屋定制 带家具家电房主自荐,1582万,99154元/平,中楼层 (共20层) 4室2厅 | 159.55平米 | 东南,https://ke-image.ljcdn.com/110000-inspection/612d300a-c728-4cdd-a25f-a9f2e37a599e_1000.jpg!m_fill,w_280,h_210,f_jpg?from=ke.com
20240626,海淀,万柳,101121637901,新上万泉新新家园  二期  精装修复式五居,5120万,179015元/平,顶层 (共6层) 5室2厅 | 286.01平米 | 南 北,https://ke-image.ljcdn.com/110000-inspection/04f0411a-fafa-4aa7-bcd9-573b7b3230e5_1000.jpg!m_fill,w_280,h_210,f_jpg?from=ke.com
20240626,海淀,万柳,101121594577,万泉新新家园业主诚售四居室 带车位和储物间 看房方便,2950万,143462元/平,低楼层 (共6层) 4室2厅 | 205.63平米 | 南 北,https://ke-image.ljcdn.com/110000-inspection/pc1_0Gev062AO.jpg!m_fill,w_280,h_210,f_jpg?from=ke.com
20240626,海淀,万柳,101121528499,涧桥泊屋 高楼层视野好 东南北三面采光 不临街,2800万,171464元/平,高楼层 (共14层) | 2002年 | 3室2厅 | 163.3平米 | 东 南 北,https://ke-image.ljcdn.com/110000-inspection/pc1_T2tD4Du3a_1.jpg!m_fill,w_280,h_210,f_jpg?from=ke.com
20240626,海淀,万柳,101121502765,万柳西侧 公园旁 观景两居 小区带水系 可以看西山,1680万,179737元/平,顶层 (共16层) 2室1厅 | 93.47平米 | 东北,https://ke-image.ljcdn.com/110000-inspection/pc1_OP4VXVGn8_2.jpg!m_fill,w_280,h_210,f_jpg?from=ke.com
20240626,海淀,万柳,101121479013,优质好房 东南向 高层 无户 层高高 随时签约,1780万,113782元/平,中楼层 (共20层) | 2002年 | 3室1厅 | 156.44平米 | 东南,https://ke-image.ljcdn.com/110000-inspection/2d5cff7b-206e-43ee-9b6d-1d6e8ff7af97_1000.jpg!m_fill,w_280,h_210,f_jpg?from=ke.com
20240626,海淀,万柳,101121436162,碧水云天 二期 复式 7居室 带2个车位,4600万,167048元/平,顶层 (共12层) 6室3厅 | 275.37平米 | 南 北,https://ke-image.ljcdn.com/110000-inspection/pc1_6t2yw32Dz_1.jpg!m_fill,w_280,h_210,f_jpg?from=ke.com
20240626,海淀,万柳,101121430845,万柳 万泉新新 官邸上叠拼 视野好 车储齐全,4500万,166427元/平,中楼层 (共5层) 4室1厅 | 270.39平米 | 南 北,https://ke-image.ljcdn.com/110000-inspection/c96b8a95-cb3a-402e-a452-c827f303e936_1000.jpg!m_fill,w_280,h_210,f_jpg?from=ke.com
20240626,海淀,万柳,101121417515,万柳锋尚国际南北通透三居室 二期恒温恒湿 双明卫,2460万,169960元/平,高楼层 (共18层) | 2003年 | 3室2厅 | 144.74平米 | 南 北,https://ke-image.ljcdn.com/110000-inspection/pc1_nGc3YKwu3.jpg!m_fill,w_280,h_210,f_jpg?from=ke.com
20240626,海淀,万柳,101121417281,万泉新新家园 三期 西边户 三面采光 三个阳台,4000万,152993元/平,中楼层 (共7层) 4室2厅 | 261.45平米 | 南 西 北,https://ke-image.ljcdn.com/110000-inspection/pc1_omgp5IJZ8.jpg!m_fill,w_280,h_210,f_jpg?from=ke.com
20240626,海淀,万柳,101121393430,碧水一期 挑空南北复式边户双明卫有4个阳台,3200万,137028元/平,高楼层 (共13层) 5室3厅 | 233.53平米 | 南 北,https://ke-image.ljcdn.com/110000-inspection/d4828b36-7978-4379-b940-cfb1b93fa7d2_1000.jpg!m_fill,w_280,h_210,f_jpg?from=ke.com
20240626,海淀,万柳,101121319228,万泉新新家园 中间位置居 2001年建成 电梯洋房,2900万,170258元/平,高楼层 (共6层) 3室1厅 | 170.33平米 | 南 北,https://ke-image.ljcdn.com/110000-inspection/pc1_HQNxGW0YR_2.jpg!m_fill,w_280,h_210,f_jpg?from=ke.com
20240626,海淀,万柳,101121260800,中关村 万柳新起点嘉园 落地飘窗大三居 有钥匙随时看房主自荐,1600万,87932元/平,高楼层 (共18层) 3室2厅 | 181.96平米 | 西北,https://ke-image.ljcdn.com/110000-inspection/pc1_p9UMT8ouq.jpg!m_fill,w_280,h_210,f_jpg?from=ke.com
20240626,海淀,万柳,101121174565,万泉新新家园2期样板间小区经典3+1主力户型,2700万,164044元/平,中楼层 (共6层) | 2001年 | 3室1厅 | 164.59平米 | 南 北,https://ke-image.ljcdn.com/110000-inspection/20d9cac7-c3ad-483e-8a55-8168db617a37_1000.jpg!m_fill,w_280,h_210,f_jpg?from=ke.com
20240626,海淀,万柳,101121142939,碧水云天二期 西向两居 满五年唯一 不临街安静 价位低,1580万,161274元/平,低楼层 (共16层) 2室1厅 | 97.97平米 | 西,https://ke-image.ljcdn.com/110000-inspection/50e538fe-eb49-42b9-a343-6700d0c314fd_1000.jpg!m_fill,w_280,h_210,f_jpg?from=ke.com
20240626,海淀,万柳,101121098512,汇新家园 正规一居 高层观景采光 诚心出售价可谈原始,740万,122416元/平,顶层 (共16层) | 2002年 | 1室1厅 | 60.45平米 | 西 南,https://ke-image.ljcdn.com/110000-inspection/9dd9f18c-85a0-44ef-8fb2-883669b40e09_1000.jpg!m_fill,w_280,h_210,f_jpg?from=ke.com
20240626,海淀,万柳,101121049554,万柳光大花园 东南向 三居室满五年 有钥匙 好房随时签房主自荐,1950万,129302元/平,中楼层 (共17层) 3室1厅 | 150.81平米 | 东南,https://ke-image.ljcdn.com/110000-inspection/pc1_f4an5j2AJ.jpg!m_fill,w_280,h_210,f_jpg?from=ke.com
20240626,海淀,万柳,101121002302,万柳万泉新新家园 顶层边户复式 不临街 有车位储物间,3980万,165986元/平,顶层 (共6层) 5室2厅 | 239.78平米 | 南 北 东,https://ke-image.ljcdn.com/110000-inspection/pc1_7EvfgpY4s_2.jpg!m_fill,w_280,h_210,f_jpg?from=ke.com
20240626,海淀,万柳,101120996916,光大家园 中间楼层 采光好 没有遮挡 安静宜居不临街,1500万,133251元/平,中楼层 (共17层) 3室2厅 | 112.57平米 | 西 南 北,https://ke-image.ljcdn.com/110000-inspection/pc1_oUEJof5HD.jpg!m_fill,w_280,h_210,f_jpg?from=ke.com
20240626,海淀,万柳,101120965575,万泉南北两居可看房源提前约就行,760万,138889元/平,高楼层 (共10层) | 2003年 | 1室1厅 | 54.72平米 | 东,https://ke-image.ljcdn.com/110000-inspection/7329adb3-ae80-46cc-b0d6-4928772e7735_1000.jpg!m_fill,w_280,h_210,f_jpg?from=ke.com
20240626,海淀,万柳,101120959797,新起点嘉园 1室1厅 东,750万,129155元/平,高楼层 (共18层) | 2003年 | 1室1厅 | 58.07平米 | 东,https://ke-image.ljcdn.com/110000-inspection/pc1_2JiuTKtdY_1.jpg!m_fill,w_280,h_210,f_jpg?from=ke.com
20240626,海淀,万柳,101120809397,万泉新新大两居带燃气客厅挑高5米一梯两户,1200万,120737元/平,顶层 (共10层) | 2003年 | 3室1厅 | 99.39平米 | 东 西 北,https://ke-image.ljcdn.com/110000-inspection/pc1_2a2f3Zps3_1.jpg!m_fill,w_280,h_210,f_jpg?from=ke.com
20240626,海淀,万柳,101120802571,康桥水郡 满五唯一 看房提前联系,1400万,142118元/平,低楼层 (共15层) 2室1厅 | 98.51平米 | 东 西,https://ke-image.ljcdn.com/110000-inspection/4f539883-fe41-4160-8293-f6173a91f739_1000.jpg!m_fill,w_280,h_210,f_jpg?from=ke.com
20240626,海淀,万柳,101120789398,涧桥泊屋 满五年唯一 中楼层4居室  有车位,3088万,154764元/平,中楼层 (共14层) 4室2厅 | 199.53平米 | 东 西南,https://ke-image.ljcdn.com/110000-inspection/pc1_JYgC9HuSL.jpg!m_fill,w_280,h_210,f_jpg?from=ke.com
20240626,海淀,万柳,101120680560,万泉新新家园  官邸 下叠  地下一层 地上二层  带车位,5280万,168287元/平,底层 (共5层) 5室3厅 | 313.75平米 | 南 北,https://ke-image.ljcdn.com/110000-inspection/pc1_40Yg4Jjs3.jpg!m_fill,w_280,h_210,f_jpg?from=ke.com
20240626,海淀,万柳,101120652935,万柳蜂鸟家园 高楼层采光视野好 适合自住 单价低,898万,145993元/平,中楼层 (共16层) | 2004年 | 1室0厅 | 61.51平米 | 东,https://ke-image.ljcdn.com/110000-inspection/pc1_y8RtRIg4Q.jpg!m_fill,w_280,h_210,f_jpg?from=ke.com
20240626,海淀,万柳,101120507738,万柳 万泉新新家园 全新精装修 有花园,3200万,157040元/平,底层 (共6层) 5室2厅 | 203.77平米 | 南 北,https://ke-image.ljcdn.com/110000-inspection/pc1_dP4sTYz10.jpg!m_fill,w_280,h_210,f_jpg?from=ke.com
20240626,海淀,万柳,101120300757,碧水云天 层高2.9米 双卧室朝南 采光充足无遮挡,1890万,140500元/平,底层 (共16层) | 2003年 | 3室1厅 | 134.52平米 | 东南,https://ke-image.ljcdn.com/110000-inspection/157c2384-65ee-4120-a3d5-6aeac884d3d9_1000.jpg!m_fill,w_280,h_210,f_jpg?from=ke.com
20240626,海淀,万柳,101119985953,园区中间位置  双车位东南朝向采光好光大超棒三居,1768万,117234元/平,低楼层 (共17层) 3室1厅 | 150.81平米 | 东南,https://ke-image.ljcdn.com/110000-inspection/pc1_zmE2jbm5O.jpg!m_fill,w_280,h_210,f_jpg?from=ke.com
20240626,海淀,万柳,101119959081,万柳蜂鸟家园 正对小区花园 安静 户型方正,860万,169059元/平,低楼层 (共16层) | 2004年 | 1室1厅 | 50.87平米 | 北,https://ke-image.ljcdn.com/110000-inspection/b0a1e0a7-5125-47d7-b596-e9ca4d7a0cbe_1000.jpg!m_fill,w_280,h_210,f_jpg?from=ke.com
20240626,海淀,万柳,101119861248,万泉新新家园南北通透三居单位分房满五唯一,1220万,141861元/平,底层 (共9层) 3室2厅 | 86平米 | 南 北,https://ke-image.ljcdn.com/110000-inspection/pc1_eMyIab9AZ.jpg!m_fill,w_280,h_210,f_jpg?from=ke.com
20240626,海淀,万柳,101119784398,涧桥泊屋南北通透顶层复式格局 5居室,5027万,176362元/平,顶层 (共14层) 5室2厅 | 285.04平米 | 南 北,https://ke-image.ljcdn.com/110000-inspection/pc1_4Yb3zk4i2.jpg!m_fill,w_280,h_210,f_jpg?from=ke.com
20240626,海淀,万柳,101119773302,万柳新起点全南三居 前后不临街小区中间位置,1280万,106101元/平,低楼层 (共19层) | 2002年 | 3室2厅 | 120.64平米 | 东南,https://ke-image.ljcdn.com/110000-inspection/5a864254-7494-43e6-b463-926060e46f7b_1000.jpg!m_fill,w_280,h_210,f_jpg?from=ke.com
20240626,海淀,万柳,101119646791,万柳万泉新新家园 精装修 一二层复式满五唯一,4790万,179765元/平,底层 (共5层) 4室2厅 | 266.46平米 | 南 北,https://ke-image.ljcdn.com/110000-inspection/pc1_0KSNAch6j.jpg!m_fill,w_280,h_210,f_jpg?from=ke.com
20240626,海淀,万柳,101119584215,光大西园、南北通透三居新装修、有南向花园、,2480万,168536元/平,底层 (共10层) 3室2厅 | 147.15平米 | 南 北,https://ke-image.ljcdn.com/110000-inspection/pc1_kHvOknPIs.jpg!m_fill,w_280,h_210,f_jpg?from=ke.com
20240626,海淀,万柳,101119519773,万柳万泉新新家园 六层花园洋房 定制四居室 看房方便,4080万,158109元/平,底层 (共6层) 4室1厅 | 258.05平米 | 南 北,https://ke-image.ljcdn.com/110000-inspection/pc1_r3VPC6LH7.jpg!m_fill,w_280,h_210,f_jpg?from=ke.com
20240626,海淀,万柳,101119298569,房子是小区4号楼位置好不临街直通地下车库,1980万,125079元/平,中楼层 (共16层) | 2001年 | 3室2厅 | 158.3平米 | 东北,https://ke-image.ljcdn.com/110000-inspection/6bf975d8-72e6-4517-9dd8-d6ae1fbc215c_1000.jpg!m_fill,w_280,h_210,f_jpg?from=ke.com
20240626,海淀,万柳,101119231787,碧水云天二期 高层观景 采光好精装修 满五年高原 值,1700万,173523元/平,高楼层 (共16层) 2室1厅 | 97.97平米 | 西,https://ke-image.ljcdn.com/110000-inspection/84ca7799-6df2-461b-b770-2b216521ba30_1000.jpg!m_fill,w_280,h_210,f_jpg?from=ke.com
20240626,海淀,万柳,101119184913,次次顶层 视野好 采光好 满五年唯一,1680万,131497元/平,高楼层 (共16层) 3室1厅 | 127.76平米 | 东北 南,https://ke-image.ljcdn.com/110000-inspection/1a33f3c1-086d-4bf0-8e73-b536b3aac080_1000.jpg!m_fill,w_280,h_210,f_jpg?from=ke.com
20240626,海淀,万柳,101118865738,万泉新新家园二期跃层四居挑空4.2,4100万,179857元/平,中楼层 (共6层) 4室2厅 | 227.96平米 | 南 北,https://ke-image.ljcdn.com/110000-inspection/pc1_7iHx6b1RT_2.jpg!m_fill,w_280,h_210,f_jpg?from=ke.com
20240626,海淀,万柳,101118706850,锋尚国际 东南北三面采光 视野好 可四居房主自荐,2200万,142802元/平,低楼层 (共18层) 4室2厅 | 154.06平米 | 东 南 北,https://ke-image.ljcdn.com/110000-inspection/152faca2-99bb-47ee-a0ac-6260db50d884_1000.jpg!m_fill,w_280,h_210,f_jpg?from=ke.com
20240626,海淀,万柳,101118641096,万泉新新家园 低密六层洋房 成本低 诚意出售,1890万,118883元/平,顶层 (共6层) 3室2厅 | 158.98平米 | 南 北,https://ke-image.ljcdn.com/110000-inspection/pc1_XFptQoD6Q_1.jpg!m_fill,w_280,h_210,f_jpg?from=ke.com
20240626,海淀,万柳,101118628199,怡水园跃层三居室人车分流挑高4.2米 单价低,2080万,123560元/平,中楼层 (共12层) 2室2厅 | 168.34平米 | 东南,https://ke-image.ljcdn.com/110000-inspection/pc1_2G00jmWTC.jpg!m_fill,w_280,h_210,f_jpg?from=ke.com
20240626,海淀,万柳,101118495416,万柳蜂鸟家园西向C户型 高层视野好  诚心出售,580万,126417元/平,高楼层 (共9层) | 2004年 | 1室0厅 | 45.88平米 | 西,https://ke-image.ljcdn.com/110000-inspection/5203a9af-f5bb-44a8-81b0-8e3937227a02_1000.jpg!m_fill,w_280,h_210,f_jpg?from=ke.com
20240626,海淀,万柳,101118347622,南北通透 四居室 小区中间位置 前后花园,3400万,188826元/平,低楼层 (共12层) 4室2厅 | 180.06平米 | 南 北,https://ke-image.ljcdn.com/110000-inspection/pc1_urnffusCh.jpg!m_fill,w_280,h_210,f_jpg?from=ke.com
20240626,海淀,万柳,101118259412,万柳蜂鸟家园单价低的一居室明年可用正对小区花园房主自荐,750万,146228元/平,低楼层 (共16层) | 2004年 | 1室0厅 | 51.29平米 | 南 北,https://ke-image.ljcdn.com/110000-inspection/pc1_pdC6rIZjX_1.jpg!m_fill,w_280,h_210,f_jpg?from=ke.com
20240626,海淀,万柳,101118253923,碧水云天二期 中间位置精装三居 满五年唯一 有车位,2550万,175186元/平,中楼层 (共12层) 3室1厅 | 145.56平米 | 南 北,https://ke-image.ljcdn.com/110000-inspection/pc1_Tpx9ySMKk.jpg!m_fill,w_280,h_210,f_jpg?from=ke.com
20240626,海淀,万柳,101118232074,位置安静不临街  中楼层平视出去的视野舒服,1150万,127030元/平,中楼层 (共16层) 2室1厅 | 90.53平米 | 西南,https://ke-image.ljcdn.com/110000-inspection/pc1_ixpcakJMP.jpg!m_fill,w_280,h_210,f_jpg?from=ke.com
20240626,海淀,万柳,101117982128,万泉新新官邸CEO定制户型一梯一户大平层,5580万,178870元/平,中楼层 (共5层) | 2001年 | 5室2厅 | 311.96平米 | 南 北,https://ke-image.ljcdn.com/110000-inspection/ab9d1115-3d2e-49d9-b557-506a20bab6ce_1000.jpg!m_fill,w_280,h_210,f_jpg?from=ke.com
20240626,海淀,万柳,101117883253,万柳汇新家园高楼层两居室东院有小区花园,1346万,137741元/平,高楼层 (共16层) 2室2厅 | 97.72平米 | 东 北 南,https://ke-image.ljcdn.com/110000-inspection/30c14e33-1a7c-424b-81a7-d426fa5f4d7d_1000.jpg!m_fill,w_280,h_210,f_jpg?from=ke.com
20240626,海淀,万柳,101117862164,康桥水郡经典三居双花园人车分流公园地产,1790万,145659元/平,底层 (共15层) | 2003年 | 3室1厅 | 122.89平米 | 东 西,https://ke-image.ljcdn.com/110000-inspection/pc1_XzIdsX9DN_2.jpg!m_fill,w_280,h_210,f_jpg?from=ke.com
20240626,海淀,万柳,101117839837,新起点  平层四居 业主家庭名下无其他房子 单价低,2180万,81630元/平,低楼层 (共20层) | 2002年 | 4室2厅 | 267.06平米 | 南 西 东,https://ke-image.ljcdn.com/110000-inspection/53d8e39e-3b9d-43d7-9db6-b5ecd3289f5a_1000.jpg!m_fill,w_280,h_210,f_jpg?from=ke.com
20240626,海淀,万柳,101117837439,蜂鸟家园 面积大 单价低  满五唯一,750万,143596元/平,低楼层 (共16层) | 2004年 | 1室0厅 | 52.23平米 | 北,https://ke-image.ljcdn.com/110000-inspection/31bdfe00-b7ea-4ebe-9bb4-052feb5dd76c_1000.jpg!m_fill,w_280,h_210,f_jpg?from=ke.com
20240626,海淀,万柳,101117813874,南北三居 正对小区中间 中间楼层,2900万,192461元/平,中楼层 (共12层) | 2005年 | 3室2厅 | 150.68平米 | 南 北,https://ke-image.ljcdn.com/110000-inspection/pc1_dVywDkMl9.jpg!m_fill,w_280,h_210,f_jpg?from=ke.com
20240626,海淀,万柳,101117659664,康桥水郡一居室自住房精装修安静不临街,750万,152812元/平,低楼层 (共15层) | 2003年 | 1室0厅 | 49.08平米 | 西,https://ke-image.ljcdn.com/110000-inspection/d7f395aa-9f0e-43b7-a6d8-a7d6b981eaef_1000.jpg!m_fill,w_280,h_210,f_jpg?from=ke.com
20240626,海淀,万柳,101116972600,万泉新新家园 二期 位置好  临近花园  顶层复式,4800万,167827元/平,顶层 (共6层) | 2001年 | 6室2厅 | 286.01平米 | 南 北,https://ke-image.ljcdn.com/110000-inspection/5563447b-833c-4915-890f-162a785a4a3d_1000.jpg!m_fill,w_280,h_210,f_jpg?from=ke.com
20240626,海淀,万柳,101125119342,阳春光华家园 3室2厅 东北 南新上,1780万,140935元/平,中楼层 (共16层) 3室2厅 | 126.3平米 | 东北 南,https://s1.ljcdn.com/pegasus/redskull/images/common/default_house_list.png?_v=20240624162946
20240626,海淀,万柳,101125108169,蜂鸟家园 1室0厅 北新上,520万,115453元/平,底层 (共16层) 1室0厅 | 45.04平米 | 北,https://s1.ljcdn.com/pegasus/redskull/images/common/default_house_list.png?_v=20240624162946
20240626,海淀,万柳,101125081250,光大花园 4室2厅 西南新上,2200万,123791元/平,中楼层 (共17层) 4室2厅 | 177.72平米 | 西南,https://s1.ljcdn.com/pegasus/redskull/images/common/default_house_list.png?_v=20240624162946
20240626,海淀,万柳,101125057656,万柳新纪元家园 双卧朝南大四居 双明卫  位置好新上,3600万,188987元/平,中楼层 (共14层) 4室2厅 | 190.49平米 | 西 南 北,https://s1.ljcdn.com/pegasus/redskull/images/common/default_house_list.png?_v=20240624162946
20240626,海淀,万柳,101125049141,万泉新新家园 高楼层 大三居 位置好  视野开阔新上,2630万,150209元/平,高楼层 (共6层) 3室3厅 | 175.09平米 | 南 北,https://s1.ljcdn.com/pegasus/redskull/images/common/default_house_list.png?_v=20240624162946
20240626,海淀,万柳,101125020913,碧水云天一期地下产权车位诚意出售,115万,38334元/平,地下室 1室0厅 | 30平米 | 南,https://ke-image.ljcdn.com/110000-inspection/fa30197091bd30b45ac2b6677cdf696f-022.jpg!m_fill,w_280,h_210,f_jpg?from=ke.com
20240626,海淀,万柳,101124911481,玺园大平层 超大面宽25.6米 新中式高档精装房主自荐,8200万,231032元/平,顶层 (共5层) 5室2厅 | 354.93平米 | 南 北,https://s1.ljcdn.com/pegasus/redskull/images/common/default_house_list.png?_v=20240624162946
20240626,海淀,万柳,101124890139,万柳万泉新新家园次顶层 南向正对大花园 视野好,2580万,180420元/平,高楼层 (共6层) 3室2厅 | 143平米 | 南 北,https://s1.ljcdn.com/pegasus/redskull/images/common/default_house_list.png?_v=20240624162946
20240626,海淀,万柳,101124884302,阳春光华橡树园 南北通透两居 前后不临街 五年唯一,1599万,154047元/平,底层 (共13层) 2室2厅 | 103.8平米 | 南 北,https://s1.ljcdn.com/pegasus/redskull/images/common/default_house_list.png?_v=20240624162946
20240626,海淀,万柳,101124779414,蜂鸟家园 2室1厅 东,1200万,146128元/平,低楼层 (共16层) 2室1厅 | 82.12平米 | 东,https://s1.ljcdn.com/pegasus/redskull/images/common/default_house_list.png?_v=20240624162946
20240626,海淀,万柳,101124726535,怡秀园小区 业主想近期出售 随时能见面签约,570万,113773元/平,中楼层 (共18层) | 1998年 | 2室1厅 | 50.1平米 | 西南,https://s1.ljcdn.com/pegasus/redskull/images/common/default_house_list.png?_v=20240624162946
20240626,海淀,万柳,101124621464,碧水云天 眼睛户型 西南三居 高楼层 采光好 满五,1850万,153400元/平,高楼层 (共16层) 3室2厅 | 120.6平米 | 西南,https://s1.ljcdn.com/pegasus/redskull/images/common/default_house_list.png?_v=20240624162946
20240626,海淀,万柳,101124567104,南北三居 【2卧朝南  2017年精装修 含车位】,2300万,156452元/平,低楼层 (共16层) 3室2厅 | 147.01平米 | 南 北,https://s1.ljcdn.com/pegasus/redskull/images/common/default_house_list.png?_v=20240624162946
20240626,海淀,万柳,101124544725,万柳蜂鸟家园东南向两居室精装修适合居住,845万,122376元/平,中楼层 (共16层) 2室1厅 | 69.05平米 | 东南,https://s1.ljcdn.com/pegasus/redskull/images/common/default_house_list.png?_v=20240624162946
20240626,海淀,万柳,101124450969,碧水云天·颐园 观景南北3居室,2600万,155336元/平,中楼层 (共12层) 3室2厅 | 167.38平米 | 南 北,https://s1.ljcdn.com/pegasus/redskull/images/common/default_house_list.png?_v=20240624162946
20240626,海淀,万柳,101124421744,碧水云天·颐园总成本低1梯2户南北通透3居室,2200万,155269元/平,底层 (共12层) 3室2厅 | 141.69平米 | 南 北,https://s1.ljcdn.com/pegasus/redskull/images/common/default_house_list.png?_v=20240624162946
20240626,海淀,万柳,101124338678,新起点嘉园 2室1厅 南,1400万,116048元/平,中楼层 (共19层) 2室1厅 | 120.64平米 | 南,https://s1.ljcdn.com/pegasus/redskull/images/common/default_house_list.png?_v=20240624162946
20240626,海淀,万柳,101123923530,南北通透三居室 自住 可拎包入住 安静 看园区景观,5900万,276866元/平,低楼层 (共7层) 3室2厅 | 213.1平米 | 南 北,https://s1.ljcdn.com/pegasus/redskull/images/common/default_house_list.png?_v=20240624162946
20240626,海淀,万柳,101123866505,碧水云天  车位  可以安装充电桩,140万,47234元/平,地下室 1室0厅 | 29.64平米 | 南,https://ke-image.ljcdn.com/110000-inspection/cf838106-c4d5-4596-9834-8844f4d40ee5.jpg!m_fill,w_280,h_210,f_jpg?from=ke.com
20240626,海淀,万柳,101123781088,万柳书院 高层 南北通透三居 精装修,6200万,283909元/平,高楼层 (共7层) | 2014年 | 3室2厅 | 218.38平米 | 南 北,https://s1.ljcdn.com/pegasus/redskull/images/common/default_house_list.png?_v=20240624162946
20240626,海淀,万柳,101123351184,万柳书院 中高层 东边户 4居室 看房方便,9200万,287186元/平,中楼层 (共7层) 4室2厅 | 320.35平米 | 东 南 北,https://s1.ljcdn.com/pegasus/redskull/images/common/default_house_list.png?_v=20240624162946
