20231116,朝阳,三元桥,101121691329,太阳宫 金星园 板楼高层 全南向大两居 采光好必看好房,1170万,104961元/平,高楼层 (共14层) | 2004年 | 2室1厅 | 111.47平米 | 南,https://ke-image.ljcdn.com/110000-inspection/fa5e1066-1ac1-4696-b47f-f9cf65f18be4_1000.jpg!m_fill,w_280,h_210,f_jpg?from=ke.com
20231116,朝阳,三元桥,101121445196,曙光里东南向两居室有客厅 98年楼龄必看好房,435万,76103元/平,中楼层 (共6层) 2室1厅 | 57.16平米 | 南,https://ke-image.ljcdn.com/110000-inspection/pc1_PjkEsr9f0_2.jpg!m_fill,w_280,h_210,f_jpg?from=ke.com
20231116,朝阳,三元桥,101120707249,凤凰城一期 公园社区 西北向两居 看小区园林必看好房,950万,91637元/平,中楼层 (共34层) 2室1厅 | 103.67平米 | 西北,https://ke-image.ljcdn.com/110000-inspection/141a8b01-6937-4a24-8579-458623fdbd12_1000.jpg!m_fill,w_280,h_210,f_jpg?from=ke.com
20231116,朝阳,三元桥,101120656332,凤凰城三期大两居 两卫 三阳台 视野好 双卧朝南必看好房,1530万,115883元/平,中楼层 (共31层) | 2006年 | 2室1厅 | 132.03平米 | 西南,https://ke-image.ljcdn.com/110000-inspection/pc1_ubItjuOZ8.jpg!m_fill,w_280,h_210,f_jpg?from=ke.com
20231116,朝阳,三元桥,101120059579,管理环境好、中间楼层满5年公·房近10号线太阳宫站必看好房,430万,65790元/平,中楼层 (共6层) | 1988年 | 2室1厅 | 65.36平米 | 南 北,https://ke-image.ljcdn.com/110000-inspection/f0f3a1b2-c94b-4a65-b2f9-218e6be26960_1000.jpg!m_fill,w_280,h_210,f_jpg?from=ke.com
20231116,朝阳,三元桥,101121717137,凤凰城三期 南北通透 双卧朝南 带双阳台两居室必看好房,1660万,124944元/平,中楼层 (共31层) 2室2厅 | 132.86平米 | 南 北,https://ke-image.ljcdn.com/110000-inspection/43001c9a-91d8-4010-a9e0-8841516a4f66_1000.jpg!m_fill,w_280,h_210,f_jpg?from=ke.com
20231116,朝阳,三元桥,101121664274,金星园 东南向两居室 位置安静  满五年唯一,1100万,111348元/平,低楼层 (共21层) | 2005年 | 2室2厅 | 98.79平米 | 东南,https://ke-image.ljcdn.com/110000-inspection/pc1_ta0rWZ6V4.jpg!m_fill,w_280,h_210,f_jpg?from=ke.com
20231116,朝阳,三元桥,101120938584,南北通透 带客厅 97年钢混有电梯,538万,76573元/平,低楼层 (共12层) 2室1厅 | 70.26平米 | 南 北,https://ke-image.ljcdn.com/110000-inspection/fdfaf791-03c9-42c7-81cd-b480ad89bc72_1000.jpg!m_fill,w_280,h_210,f_jpg?from=ke.com
20231116,朝阳,三元桥,101120933381,外服务局满五年成本价管理好配套齐全房主自荐,495万,78986元/平,中楼层 (共18层) | 1991年 | 2室1厅 | 62.67平米 | 西南 东南,https://ke-image.ljcdn.com/110000-inspection/c834fcf2-a117-47bb-bcfa-578503ca7396_1000.jpg!m_fill,w_280,h_210,f_jpg?from=ke.com
20231116,朝阳,三元桥,101120920773,裘马都 全南向两居室 采光视野俱佳 满五唯一必看好房,1099万,108415元/平,中楼层 (共17层) 2室1厅 | 101.37平米 | 南,https://ke-image.ljcdn.com/110000-inspection/182a67d4-fbeb-4cc0-aa6b-6346d609564b_1000.jpg!m_fill,w_280,h_210,f_jpg?from=ke.com
20231116,朝阳,三元桥,101120855325,三源里北小街*户型方正*不临街*精装,350万,62826元/平,高楼层 (共6层) 2室1厅 | 55.71平米 | 南,https://ke-image.ljcdn.com/110000-inspection/pc1_KH2oM4Jki.jpg!m_fill,w_280,h_210,f_jpg?from=ke.com
20231116,朝阳,三元桥,101120762475,时间国际正规一居室次顶层带阳台,600万,93736元/平,高楼层 (共18层) | 2005年 | 1室1厅 | 64.01平米 | 北,https://ke-image.ljcdn.com/110000-inspection/c9607202-f5dd-4f6e-bf40-009887d278c0_1000.jpg!m_fill,w_280,h_210,f_jpg?from=ke.com
20231116,朝阳,三元桥,101120757526,国际村中间位置三居 四面不临街 前后观景 全明格局,1638万,107206元/平,中楼层 (共28层) | 2004年 | 3室2厅 | 152.79平米 | 南 北,https://ke-image.ljcdn.com/110000-inspection/pc1_AelxefuoJ.jpg!m_fill,w_280,h_210,f_jpg?from=ke.com
20231116,朝阳,三元桥,101120681628,三源里北小街 2室1厅 西南 东北必看好房,375万,76143元/平,高楼层 (共12层) | 1982年 | 2室1厅 | 49.25平米 | 西南 东北,https://ke-image.ljcdn.com/110000-inspection/7aff8ceb-64ea-4cdf-be00-46e37aecea16_1000.jpg!m_fill,w_280,h_210,f_jpg?from=ke.com
20231116,朝阳,三元桥,101120012134,金星园 3居室 方正户型 全屋落地窗设计,1790万,122628元/平,中楼层 (共13层) | 2004年 | 3室2厅 | 145.97平米 | 南 北,https://ke-image.ljcdn.com/110000-inspection/3abfc273-c2c4-42c3-97d3-37d099b935f9_1000.jpg!m_fill,w_280,h_210,f_jpg?from=ke.com
20231116,朝阳,三元桥,101119942577,曙光里 1999年楼龄新两居室 诚心出售 看房方便必看好房,385万,62899元/平,底层 (共6层) 2室1厅 | 61.21平米 | 南 北,https://ke-image.ljcdn.com/110000-inspection/f7b64f74-07de-47c6-af30-a82d129e5e06_1000.jpg!m_fill,w_280,h_210,f_jpg?from=ke.com
20231116,朝阳,三元桥,101119576364,裘马都 太阳宫  满五唯一 一居 明卫 精装修落地窗必看好房,755万,97483元/平,高楼层 (共17层) 1室1厅 | 77.45平米 | 东 西 北,https://ke-image.ljcdn.com/110000-inspection/pc1_IomHJ83sv_2.jpg!m_fill,w_280,h_210,f_jpg?from=ke.com
20231116,朝阳,三元桥,101119550165,曙光里 2室1厅 东南 西北,395万,68316元/平,低楼层 (共6层) 2室1厅 | 57.82平米 | 东南 西北,https://ke-image.ljcdn.com/110000-inspection/81990078-ef48-41d7-b2f2-e49b25354fde_1000.jpg!m_fill,w_280,h_210,f_jpg?from=ke.com
20231116,朝阳,三元桥,101119241196,国际村精装三居 板楼两梯三户 南北通透 双明卫,1730万,97202元/平,中楼层 (共28层) 3室2厅 | 177.98平米 | 南 北,https://ke-image.ljcdn.com/110000-inspection/6d9d16e0-6534-4c79-bee7-3c4126b23f08_1000.jpg!m_fill,w_280,h_210,f_jpg?from=ke.com
20231116,朝阳,三元桥,101118940217,国际村 南北通透大两居 高层 采光好 看花园 只有契税必看好房,1250万,109391元/平,高楼层 (共28层) 2室1厅 | 114.27平米 | 南 北,https://ke-image.ljcdn.com/110000-inspection/8fff2c2c-5572-4091-9f0d-9b3de295fd63_1000.jpg!m_fill,w_280,h_210,f_jpg?from=ke.com
20231116,朝阳,三元桥,101118901890,凤凰城一期 东边户 南北通透 高层观景房 次新房采光好,1620万,111748元/平,高楼层 (共34层) 3室2厅 | 144.97平米 | 东 南 北,https://ke-image.ljcdn.com/110000-inspection/8ec22ab7-36a8-49cb-9834-99e8db700935_1000.jpg!m_fill,w_280,h_210,f_jpg?from=ke.com
20231116,朝阳,三元桥,101117704574,曙光里 南北通透两居室 看房随时房主自荐,388万,66920元/平,中楼层 (共4层) | 1986年 | 2室1厅 | 57.98平米 | 南 北,https://ke-image.ljcdn.com/110000-inspection/3b8caafb-1111-4087-b2c1-bbb4089710e5_1000.jpg!m_fill,w_280,h_210,f_jpg?from=ke.com
20231116,朝阳,三元桥,101116062643,南北通透这个户型很少出诚意出售。,1880万,131423元/平,中楼层 (共32层) | 2005年 | 3室1厅 | 143.05平米 | 南 北,https://ke-image.ljcdn.com/110000-inspection/pc1_jI6A5SJIp.jpg!m_fill,w_280,h_210,f_jpg?from=ke.com
20231116,朝阳,三元桥,101121849294,曙光里精装修满五年有客厅朝向好新上,500万,79783元/平,中楼层 (共18层) | 1991年 | 2室1厅 | 62.67平米 | 东南 西南,https://ke-image.ljcdn.com/110000-inspection/1c4ffbc2-e455-4a1a-af0d-10e176ea0fa2_1000.jpg!m_fill,w_280,h_210,f_jpg?from=ke.com
20231116,朝阳,三元桥,101121828285,尚家楼 高层 全明格局 南北通透三居必看好房,737万,83712元/平,高楼层 (共12层) 3室2厅 | 88.04平米 | 南 西 北,https://ke-image.ljcdn.com/110000-inspection/pc1_qPYNyWNm5_2.jpg!m_fill,w_280,h_210,f_jpg?from=ke.com
20231116,朝阳,三元桥,101121656821,国际村高层正规一居室 高层视野开阔全天采光无遮挡必看好房,620万,89973元/平,高楼层 (共28层) 1室1厅 | 68.91平米 | 南,https://ke-image.ljcdn.com/110000-inspection/pc1_c8EW722gG.jpg!m_fill,w_280,h_210,f_jpg?from=ke.com
20231116,朝阳,三元桥,101121583528,时间国际中间层一居室全新精装修只有契税,690万,94560元/平,中楼层 (共12层) | 2005年 | 1室1厅 | 72.97平米 | 西北,https://ke-image.ljcdn.com/110000-inspection/cb823649-7ee5-40e7-96a1-6e3d64deec45_1000.jpg!m_fill,w_280,h_210,f_jpg?from=ke.com
20231116,朝阳,三元桥,101121565973,满五唯一 高层 景观好 视野好 户型好 两梯三户必看好房,765万,112849元/平,高楼层 (共32层) | 2005年 | 1室1厅 | 67.79平米 | 西 北,https://ke-image.ljcdn.com/110000-inspection/e0bb6b51-5480-40b7-9a29-1038bc6d7757_1000.jpg!m_fill,w_280,h_210,f_jpg?from=ke.com
20231116,朝阳,三元桥,101121512370,新上急售随时看装修好视野好必看好房,760万,112111元/平,高楼层 (共32层) | 2005年 | 1室1厅 | 67.79平米 | 西 北,https://ke-image.ljcdn.com/110000-inspection/c10aea69-2ffa-41d4-8890-462ea84188f1_1000.jpg!m_fill,w_280,h_210,f_jpg?from=ke.com
20231116,朝阳,三元桥,101121469189,曙光西里1居  中间楼层 满五年有钥匙安静不临街,296万,75013元/平,中楼层 (共6层) | 1983年 | 1室1厅 | 39.46平米 | 南,https://ke-image.ljcdn.com/110000-inspection/pc1_ZuheYN5YC.jpg!m_fill,w_280,h_210,f_jpg?from=ke.com
20231116,朝阳,三元桥,101121447215,曙光西里精装小两居业主诚意出售精装修带客厅房主自荐,319万,67229元/平,底层 (共6层) | 1983年 | 2室1厅 | 47.45平米 | 东南,https://ke-image.ljcdn.com/110000-inspection/pc1_y6Pr6ICxx.jpg!m_fill,w_280,h_210,f_jpg?from=ke.com
20231116,朝阳,三元桥,101121393790,曙光里2居 正规客厅 94年钢混 可公积金组合贷 精装修必看好房,456万,72577元/平,高楼层 (共18层) 2室1厅 | 62.83平米 | 东南,https://ke-image.ljcdn.com/110000-inspection/pc1_dVuBOlacx.jpg!m_fill,w_280,h_210,f_jpg?from=ke.com
20231116,朝阳,三元桥,101120816906,曙光里1993年满五唯一小区管理好房主自荐,288万,63479元/平,顶层 (共6层) | 1993年 | 1室1厅 | 45.37平米 | 东南,https://ke-image.ljcdn.com/110000-inspection/3333e6ef-34cd-4bbd-b62a-90ab961170a1_1000.jpg!m_fill,w_280,h_210,f_jpg?from=ke.com
20231116,朝阳,三元桥,101120640027,第三置业两面采光  户型方正费用少,620万,36478元/平,低楼层 (共28层) | 2004年 | 3室1厅 | 169.97平米 | 南 西 北,https://ke-image.ljcdn.com/110000-inspection/c3359be4-ce08-4f7b-a72e-bf3ee1f2ce70_1000.jpg!m_fill,w_280,h_210,f_jpg?from=ke.com
20231116,朝阳,三元桥,101120573046,此房满五年唯一 高楼层 产权清晰 无抵押 随时签约必看好房,1680万,87848元/平,高楼层 (共34层) | 2002年 | 3室1厅 | 191.24平米 | 南 北,https://ke-image.ljcdn.com/110000-inspection/82dceadc-7b1b-45fd-9555-b0f567b4de36_1000.jpg!m_fill,w_280,h_210,f_jpg?from=ke.com
20231116,朝阳,三元桥,101120571114,外交部家属楼 楼道铺砖 可组合贷款 随时看房房主自荐,310万,76544元/平,低楼层 (共18层) 1室1厅 | 40.5平米 | 西南,https://ke-image.ljcdn.com/110000-inspection/pc1_24kFksin4_1.jpg!m_fill,w_280,h_210,f_jpg?from=ke.com
20231116,朝阳,三元桥,101120074595,太阳星城金星园 3居室 全屋精装 新家的开启房主自荐,1650万,113629元/平,低楼层 (共14层) | 2004年 | 3室1厅 | 145.21平米 | 南 北,https://ke-image.ljcdn.com/110000-inspection/pc1_aupxdPsre_2.jpg!m_fill,w_280,h_210,f_jpg?from=ke.com
20231116,朝阳,三元桥,101119745291,三源里北小街 带电梯通透两居室 满五唯一 配套齐全,450万,69391元/平,中楼层 (共12层) | 1982年 | 2室1厅 | 64.85平米 | 东北 西南,https://ke-image.ljcdn.com/110000-inspection/df9e81c9-a322-4edf-930a-9543bb0e6ead_1000.jpg!m_fill,w_280,h_210,f_jpg?from=ke.com
20231116,朝阳,三元桥,101119080030,裘马都 高层观景  东西通透 明卫设计必看好房,775万,100065元/平,高楼层 (共17层) 1室1厅 | 77.45平米 | 东 西 北,https://ke-image.ljcdn.com/110000-inspection/pc1_kYtinUvdb_2.jpg!m_fill,w_280,h_210,f_jpg?from=ke.com
20231116,朝阳,三元桥,101118958443,次新房 精装修 南北通透 全天采光 满五唯一 全明格局房主自荐,472万,79946元/平,顶层 (共12层) | 1997年 | 2室1厅 | 59.04平米 | 南 北,https://ke-image.ljcdn.com/110000-inspection/0c1aacbf-236b-48f9-84c4-85910385b194_1000.jpg!m_fill,w_280,h_210,f_jpg?from=ke.com
20231116,朝阳,三元桥,101118952591,金星园 正规四居室 看房随时有钥匙,1699万,69172元/平,中楼层 (共28层) | 2007年 | 4室2厅 | 245.62平米 | 西北,https://ke-image.ljcdn.com/110000-inspection/pc1_3n81iA0cq_1.jpg!m_fill,w_280,h_210,f_jpg?from=ke.com
20231116,朝阳,三元桥,101118948215,曙光里1994年钢混满五年住房电梯楼必看好房,325万,76833元/平,高楼层 (共18层) 1室1厅 | 42.3平米 | 东南 西北,https://ke-image.ljcdn.com/110000-inspection/pc1_im7NfjzCK_2.jpg!m_fill,w_280,h_210,f_jpg?from=ke.com
20231116,朝阳,三元桥,101118932219,裘马都 东边户 三面采光观景 私家电梯必看好房,2680万,91772元/平,低楼层 (共23层) 4室1厅 | 292.03平米 | 东 南 北,https://ke-image.ljcdn.com/110000-inspection/pc1_aFSQfxliJ_2.jpg!m_fill,w_280,h_210,f_jpg?from=ke.com
20231116,朝阳,三元桥,101121835529,房子看小区花园精装修前边没有遮挡采光很好；必看好房,980万,124698元/平,低楼层 (共31层) | 2006年 | 1室1厅 | 78.59平米 | 南,https://s1.ljcdn.com/pegasus/redskull/images/common/default_house_list.png?_v=202311081228217
20231116,朝阳,三元桥,101121802611,曙光里1994年钢混全明电梯楼一居室,320万,78087元/平,中楼层 (共18层) | 1994年 | 1室1厅 | 40.98平米 | 西北,https://ke-image.ljcdn.com/110000-inspection/a1345063-5796-4c7e-a7ee-283822eb301a_1000.jpg!m_fill,w_280,h_210,f_jpg?from=ke.com
20231116,朝阳,三元桥,101121788398,南北通透高楼层精装修采光足视野好,380万,71375元/平,顶层 (共6层) 2室1厅 | 53.24平米 | 南 北,https://ke-image.ljcdn.com/110000-inspection/1c7563dc-7884-498f-873d-75a4016a5ae6_1000.jpg!m_fill,w_280,h_210,f_jpg?from=ke.com
20231116,朝阳,三元桥,101121766415,裘马都 高层观西山四居室 享优质空间尺度 前后观景,3750万,102412元/平,高楼层 (共23层) 4室2厅 | 366.17平米 | 西 南 北,https://ke-image.ljcdn.com/110000-inspection/pc1_g7kUdyTCh_2.jpg!m_fill,w_280,h_210,f_jpg?from=ke.com
20231116,朝阳,三元桥,101121760272,曙光里 南北通透 全明格局三居 小区安静 看房有钥匙房主自荐,535万,69122元/平,中楼层 (共6层) | 1987年 | 3室1厅 | 77.4平米 | 南 北,https://ke-image.ljcdn.com/110000-inspection/0677c482-f002-421b-86b9-39b42fd96705_1000.jpg!m_fill,w_280,h_210,f_jpg?from=ke.com
20231116,朝阳,三元桥,101121756875,三期全南两居优质急售高层视野开阔满五唯一！,1440万,124946元/平,高楼层 (共31层) | 2006年 | 2室1厅 | 115.25平米 | 南,https://ke-image.ljcdn.com/110000-inspection/pc1_TRBBnZGWQ.jpg!m_fill,w_280,h_210,f_jpg?from=ke.com
20231116,朝阳,三元桥,101121690684,满五唯一 给周期 南向 户型方正,560万,95596元/平,低楼层 (共27层) | 2007年 | 1室1厅 | 58.58平米 | 南,https://ke-image.ljcdn.com/110000-inspection/pc1_aCrAsw6n4.jpg!m_fill,w_280,h_210,f_jpg?from=ke.com
20231116,朝阳,三元桥,101121688994,位置景观好 看河景 南北通透 落地飘窗 采光通风好,1585万,104960元/平,低楼层 (共28层) | 2003年 | 3室1厅 | 151.01平米 | 南 北,https://ke-image.ljcdn.com/110000-inspection/pc1_PNsfQp9cg_2.jpg!m_fill,w_280,h_210,f_jpg?from=ke.com
20231116,朝阳,三元桥,101121679156,曙光里 92年楼龄 户型方正 采光好,328万,74058元/平,低楼层 (共18层) | 1992年 | 1室1厅 | 44.29平米 | 南,https://ke-image.ljcdn.com/110000-inspection/cce8d60d-b2bf-4ffe-9a4f-ab52f231a708_1000.jpg!m_fill,w_280,h_210,f_jpg?from=ke.com
20231116,朝阳,三元桥,101121656998,尚家楼48号院 2室1厅 南 北,610万,76250元/平,顶层 (共6层) | 1997年 | 2室1厅 | 80平米 | 南 北,https://ke-image.ljcdn.com/110000-inspection/pc1_LWxUpcU9P_1.jpg!m_fill,w_280,h_210,f_jpg?from=ke.com
20231116,朝阳,三元桥,101121656932,华远裘马都方正东向一居室 中间楼层,790万,104998元/平,中楼层 (共21层) | 2008年 | 1室1厅 | 75.24平米 | 东,https://ke-image.ljcdn.com/110000-inspection/pc1_5R4s18Zpb.jpg!m_fill,w_280,h_210,f_jpg?from=ke.com
20231116,朝阳,三元桥,101121633832,双卧客厅朝南眼镜户型前后观景房南北通透格局,2600万,116723元/平,高楼层 (共24层) | 2008年 | 4室2厅 | 222.75平米 | 南 北,https://ke-image.ljcdn.com/110000-inspection/fce058c7-6272-4f7e-92b7-54e2a8758343_1000.jpg!m_fill,w_280,h_210,f_jpg?from=ke.com
20231116,朝阳,三元桥,101121592071,时间国际70年产权住宅可贷款户型好,446万,40173元/平,低楼层 (共19层) 2室0厅 | 111.02平米 | 北,https://ke-image.ljcdn.com/110000-inspection/pc1_VOD6I5b6X.jpg!m_fill,w_280,h_210,f_jpg?from=ke.com
20231116,朝阳,三元桥,101121591958,时间国际中心70年产权住宅南北向户型方正,965万,40112元/平,低楼层 (共19层) 2室0厅 | 240.58平米 | 南 北,https://ke-image.ljcdn.com/110000-inspection/pc1_zQzK2SaDM_2.jpg!m_fill,w_280,h_210,f_jpg?from=ke.com
20231116,朝阳,三元桥,101121547678,曙光里1991年全明三居室满五唯一,535万,69880元/平,顶层 (共6层) | 1991年 | 3室1厅 | 76.56平米 | 东南 西北,https://ke-image.ljcdn.com/110000-inspection/8fd5fcb1-e1c0-4e6b-b2f5-fae7dd5777f2_1000.jpg!m_fill,w_280,h_210,f_jpg?from=ke.com
20231116,朝阳,三元桥,101121496873,曙光里 1室1厅 南,317万,78041元/平,高楼层 (共6层) | 1991年 | 1室1厅 | 40.62平米 | 南,https://ke-image.ljcdn.com/110000-inspection/84311759-23e2-4ab6-90ca-5d4219784d9c_1000.jpg!m_fill,w_280,h_210,f_jpg?from=ke.com
20231116,朝阳,三元桥,101121465392,外交部家属楼 单独管理 可组合贷款 高楼层视野好,300万,74075元/平,顶层 (共18层) 1室1厅 | 40.5平米 | 东南,https://ke-image.ljcdn.com/110000-inspection/pc1_bRUUL1z69_2.jpg!m_fill,w_280,h_210,f_jpg?from=ke.com
20231116,朝阳,三元桥,101121396970,东南一居室视野无遮挡钢混结构双开电梯,323万,76360元/平,高楼层 (共18层) | 1998年 | 1室1厅 | 42.3平米 | 东南,https://ke-image.ljcdn.com/110000-inspection/4eba92e3-3f5b-40a2-a5c5-46471e1679f6_1000.jpg!m_fill,w_280,h_210,f_jpg?from=ke.com
20231116,朝阳,三元桥,101121365049,南北通透 单独院落 不临街 层高高 看房方便,359万,63105元/平,顶层 (共5层) 2室1厅 | 56.89平米 | 南 北,https://ke-image.ljcdn.com/110000-inspection/c187fc72-b352-442f-831b-5ab9042ae275_1000.jpg!m_fill,w_280,h_210,f_jpg?from=ke.com
20231116,朝阳,三元桥,101121343153,凤凰城一期 正南北通透 精装3+1 视野佳,1890万,97730元/平,高楼层 (共34层) 3室2厅 | 193.39平米 | 南 北,https://ke-image.ljcdn.com/110000-inspection/5ea52a60-8fd7-4310-865c-55b0220b78eb_1000.jpg!m_fill,w_280,h_210,f_jpg?from=ke.com
20231116,朝阳,三元桥,101121291741,UHN国际村 南北通透 高层视野好 双卧室朝南,1820万,94458元/平,高楼层 (共28层) | 2006年 | 4室2厅 | 192.68平米 | 南 北,https://ke-image.ljcdn.com/110000-inspection/152709c8-f925-4c65-965a-7b758682f487_1000.jpg!m_fill,w_280,h_210,f_jpg?from=ke.com
20231116,朝阳,三元桥,101121236711,凤凰城三期前后不临街的三居室业主二次精装修满五唯一,2550万,131342元/平,低楼层 (共31层) 3室2厅 | 194.15平米 | 南 北,https://ke-image.ljcdn.com/110000-inspection/1545204c-6aa4-4e90-9d64-519a7cc758f6_1000.jpg!m_fill,w_280,h_210,f_jpg?from=ke.com
20231116,朝阳,三元桥,101121234367,曙光里 南北两居室 1993年板楼 精装修,437万,77828元/平,顶层 (共6层) 2室1厅 | 56.15平米 | 东南 西北,https://ke-image.ljcdn.com/110000-inspection/pc1_EeGdvBKfX.jpg!m_fill,w_280,h_210,f_jpg?from=ke.com
20231116,朝阳,三元桥,101121211419,国际村新出好房楼层高视野好！,499万,95339元/平,高楼层 (共28层) 1室0厅 | 52.34平米 | 西北,https://ke-image.ljcdn.com/110000-inspection/pc1_I5B0TSkNM_1.jpg!m_fill,w_280,h_210,f_jpg?from=ke.com
20231116,朝阳,三元桥,101121187198,凤凰城三期 双卧朝南两居室 双阳台 高层 无遮挡,1580万,119670元/平,高楼层 (共31层) | 2006年 | 2室2厅 | 132.03平米 | 西南,https://ke-image.ljcdn.com/110000-inspection/d204b9b3-abe6-401a-8091-93bb0881c4c9_1000.jpg!m_fill,w_280,h_210,f_jpg?from=ke.com
20231116,朝阳,三元桥,101121186078,金星园东南两居 明厨明卫 户型方正 观景户型诚意出售,1100万,112498元/平,低楼层 (共27层) | 2005年 | 2室1厅 | 97.78平米 | 东南,https://ke-image.ljcdn.com/110000-inspection/pc1_TkEHdqf8B_1.jpg!m_fill,w_280,h_210,f_jpg?from=ke.com
20231116,朝阳,三元桥,101121179616,曙光里 301所南北通透 中高楼层三居室 看房方便,690万,76855元/平,高楼层 (共12层) 3室1厅 | 89.78平米 | 东南 西北,https://ke-image.ljcdn.com/110000-inspection/d47c0dc1-9ee7-4590-9392-b8db297c06fd_1000.jpg!m_fill,w_280,h_210,f_jpg?from=ke.com
20231116,朝阳,三元桥,101121175138,板楼中间层满五唯一精装修不临街,415万,73000元/平,中楼层 (共6层) | 1989年 | 2室1厅 | 56.85平米 | 西南 东北,https://ke-image.ljcdn.com/110000-inspection/pc1_NZahLPujp_2.jpg!m_fill,w_280,h_210,f_jpg?from=ke.com
20231116,朝阳,三元桥,101121167794,曙光西里中间楼层双南两居室满五唯一,360万,68729元/平,中楼层 (共6层) 2室1厅 | 52.38平米 | 东南,https://ke-image.ljcdn.com/110000-inspection/2f785bd3-422b-493e-be57-80376fb51b61_1000.jpg!m_fill,w_280,h_210,f_jpg?from=ke.com
20231116,朝阳,三元桥,101121140611,曙光西里   低楼层   采光好   户型方正,296万,73286元/平,低楼层 (共6层) 1室1厅 | 40.39平米 | 南,https://ke-image.ljcdn.com/110000-inspection/pc1_eUcE8CSNE.jpg!m_fill,w_280,h_210,f_jpg?from=ke.com
20231116,朝阳,三元桥,101121135409,满五唯一 精装修南向一居室 301所独院管理好 中间楼层,380万,83775元/平,中楼层 (共6层) 1室1厅 | 45.36平米 | 南,https://ke-image.ljcdn.com/110000-inspection/fe0f7bec-739b-4a41-a1cf-b8db2f05f0e7_1000.jpg!m_fill,w_280,h_210,f_jpg?from=ke.com
20231116,朝阳,三元桥,101121123075,UHN国际村 付款方式不限 正对花园,472万,89598元/平,低楼层 (共28层) | 2006年 | 1室1厅 | 52.68平米 | 西北,https://ke-image.ljcdn.com/110000-inspection/491e2c5c-5bf7-4600-acc3-57ad693fbcb2_1000.jpg!m_fill,w_280,h_210,f_jpg?from=ke.com
20231116,朝阳,三元桥,101121122063,凤凰城三期唯一在卖四居 满五唯一 户型很少 可看房,2600万,113103元/平,低楼层 (共31层) | 2006年 | 4室2厅 | 229.88平米 | 南 北,https://ke-image.ljcdn.com/110000-inspection/e30fcf36-7002-4c77-9b57-59987d66ec1c_1000.jpg!m_fill,w_280,h_210,f_jpg?from=ke.com
20231116,朝阳,三元桥,101121121391,尚家楼48号院 改造完毕南北两居 楼层好,630万,78398元/平,中楼层 (共6层) | 1997年 | 2室1厅 | 80.36平米 | 西南,https://ke-image.ljcdn.com/110000-inspection/pc1_Z3FC5iVZk_2.jpg!m_fill,w_280,h_210,f_jpg?from=ke.com
20231116,朝阳,三元桥,101121106185,凤凰城二期 观景小区园林 南北通透 保持好 中层三居室,2400万,103587元/平,低楼层 (共31层) 3室2厅 | 231.69平米 | 南 北,https://ke-image.ljcdn.com/110000-inspection/c0e3d6bc-d580-4935-93b9-ba503a8ef472_1000.jpg!m_fill,w_280,h_210,f_jpg?from=ke.com
20231116,朝阳,三元桥,101121103884,太阳星城 金星园 四居室 诚意出售,1750万,101040元/平,低楼层 (共27层) | 2005年 | 4室2厅 | 173.2平米 | 西南 东北,https://ke-image.ljcdn.com/110000-inspection/349c616e-86f3-42ed-97b6-789000c92e9a_1000.jpg!m_fill,w_280,h_210,f_jpg?from=ke.com
20231116,朝阳,三元桥,101121087404,三源里北小街全南向两居室 满五年 高楼层采光无遮挡,375万,68034元/平,顶层 (共6层) | 1981年 | 2室1厅 | 55.12平米 | 南,https://ke-image.ljcdn.com/110000-inspection/6160d909-eb28-4435-85c8-631e5c9bd71d_1000.jpg!m_fill,w_280,h_210,f_jpg?from=ke.com
20231116,朝阳,三元桥,101121068483,UHN国际村户型方正 前后观水系满五年唯一得房率82%。,2100万,110813元/平,低楼层 (共21层) 4室2厅 | 189.51平米 | 南 北,https://ke-image.ljcdn.com/110000-inspection/pc1_GGCAb7VKp.jpg!m_fill,w_280,h_210,f_jpg?from=ke.com
20231116,朝阳,三元桥,101121065821,花园社区小户型不临街三轨交汇（101712）,518万,103975元/平,中楼层 (共6层) | 2004年 | 1室0厅 | 49.82平米 | 北,https://ke-image.ljcdn.com/110000-inspection/ba10a449-4d7f-4f81-b9ca-584dc9626ffe_1000.jpg!m_fill,w_280,h_210,f_jpg?from=ke.com
20231116,朝阳,三元桥,101121001803,华远裘马都 西南向正规一居室 采光充足 无遮挡,780万,103462元/平,低楼层 (共17层) | 2008年 | 1室1厅 | 75.39平米 | 南 西,https://ke-image.ljcdn.com/110000-inspection/3b8cb3e0-ca96-4001-9fd9-d4a8309b1f58_1000.jpg!m_fill,w_280,h_210,f_jpg?from=ke.com
20231116,朝阳,三元桥,101120994961,房子满五年且是业主家庭在京唯一住房 视野好无遮挡,1230万,109959元/平,低楼层 (共14层) | 2004年 | 2室1厅 | 111.86平米 | 南,https://ke-image.ljcdn.com/110000-inspection/5e9a3f53-0c7c-4215-a8ff-087e6d9520af_1000.jpg!m_fill,w_280,h_210,f_jpg?from=ke.com
20231116,朝阳,三元桥,101120994063,UHN国际村 大三居 双明卫 南北通透 独立餐厅 中高层,1790万,100574元/平,高楼层 (共28层) 3室2厅 | 177.98平米 | 北 南 西,https://ke-image.ljcdn.com/110000-inspection/bdcdf466-e565-454f-baa5-6e58c6253289_1000.jpg!m_fill,w_280,h_210,f_jpg?from=ke.com
20231116,朝阳,三元桥,101120990862,不临街 明厨明卫户型方正落地飘窗 北观坝河 南观园林,1900万,97642元/平,中楼层 (共28层) 3室2厅 | 194.59平米 | 南 北,https://ke-image.ljcdn.com/110000-inspection/a04e1851-6ff7-4bcb-8b2d-a5b73c63cae8_1000.jpg!m_fill,w_280,h_210,f_jpg?from=ke.com
20231116,朝阳,三元桥,101120986684,新上房源景观好诚意卖带车位,1210万,110746元/平,顶层 (共32层) | 2005年 | 2室1厅 | 109.26平米 | 东 北,https://ke-image.ljcdn.com/110000-inspection/3f3eae4d-a7dc-4423-8b1d-9a578388f09c_1000.jpg!m_fill,w_280,h_210,f_jpg?from=ke.com
20231116,朝阳,三元桥,101120962865,曙光西里 2室1厅 南,360万,65971元/平,中楼层 (共6层) 2室1厅 | 54.57平米 | 南,https://ke-image.ljcdn.com/110000-inspection/fa8bf261-18c1-4979-abe2-bf68aef05190_1000.jpg!m_fill,w_280,h_210,f_jpg?from=ke.com
20231116,朝阳,三元桥,101120914759,曙光里 2室1厅 南 北,750万,87139元/平,中楼层 (共9层) | 1998年 | 2室1厅 | 86.07平米 | 南 北,https://ke-image.ljcdn.com/110000-inspection/6e2760f5-7bdc-40b8-8b2b-5776bab31aa5_1000.jpg!m_fill,w_280,h_210,f_jpg?from=ke.com
20231116,朝阳,三元桥,101120913695,曙光里 2室1厅 南 北,480万,82745元/平,中楼层 (共4层) | 1988年 | 2室1厅 | 58.01平米 | 南 北,https://ke-image.ljcdn.com/110000-inspection/e9269e9c-ee50-415b-8b4f-c27f106fb400_1000.jpg!m_fill,w_280,h_210,f_jpg?from=ke.com
20231116,朝阳,三元桥,101120905138,凤凰城三期精装三居  带车位 南北通透 户型好,2380万,143903元/平,高楼层 (共31层) | 2006年 | 3室2厅 | 165.39平米 | 南 北,https://ke-image.ljcdn.com/110000-inspection/pc1_WfLtEAbx8.jpg!m_fill,w_280,h_210,f_jpg?from=ke.com
20231116,朝阳,三元桥,101120901304,曙光里 2室1厅 西南,639万,77324元/平,中楼层 (共18层) 2室1厅 | 82.64平米 | 西南,https://ke-image.ljcdn.com/110000-inspection/pc1_0VUIcK9v2_2.jpg!m_fill,w_280,h_210,f_jpg?from=ke.com
20231116,朝阳,三元桥,101120897160,金星园精装四居前后观小区园林满五唯一安静舒适,2650万,127539元/平,低楼层 (共15层) | 2004年 | 4室2厅 | 207.78平米 | 东 南 北,https://ke-image.ljcdn.com/110000-inspection/0b6e988a-f3cd-42cb-86a0-e4ea1cf10e55_1000.jpg!m_fill,w_280,h_210,f_jpg?from=ke.com
20231116,朝阳,三元桥,101120853115,三源里北小街三居室有电梯出行便利配套齐全,458万,70117元/平,底层 (共16层) 3室1厅 | 65.32平米 | 西北,https://ke-image.ljcdn.com/110000-inspection/e4d69484-4ed4-4606-943d-ed143191961e_1000.jpg!m_fill,w_280,h_210,f_jpg?from=ke.com
20231116,朝阳,三元桥,101120840471,UHN国际村南北通透户型方正高楼层观景大三居,1530万,107990元/平,中楼层 (共28层) | 2003年 | 3室2厅 | 141.68平米 | 南 北,https://ke-image.ljcdn.com/110000-inspection/pc1_RDnUoBLaZ.jpg!m_fill,w_280,h_210,f_jpg?from=ke.com
20231116,朝阳,三元桥,101120727058,三元桥 三源里北小街 南北通透 满五年唯一 安静不临街,445万,73276元/平,低楼层 (共6层) 2室1厅 | 60.73平米 | 南 北,https://ke-image.ljcdn.com/110000-inspection/1ad417b9-849c-469b-b042-e3296a9e883b_1000.jpg!m_fill,w_280,h_210,f_jpg?from=ke.com
20231116,朝阳,三元桥,101120718533,国际村眼镜户型 南向双卫  落地大窗 采光无遮挡,1090万,108275元/平,低楼层 (共28层) | 2006年 | 2室1厅 | 100.67平米 | 南,https://ke-image.ljcdn.com/110000-inspection/8349718d-7e16-44fb-95ca-854aaab13b91_1000.jpg!m_fill,w_280,h_210,f_jpg?from=ke.com
20231116,朝阳,三元桥,101120714030,此房是满五年唯一东南北眼镜户型格局合理居住舒适,2600万,116723元/平,低楼层 (共24层) 4室2厅 | 222.75平米 | 东 南 北,https://ke-image.ljcdn.com/110000-inspection/528fe75d-9cfe-4c90-80f5-4b7d353a4cd4_1000.jpg!m_fill,w_280,h_210,f_jpg?from=ke.com
20231116,朝阳,三元桥,101120660495,曙光西里    全明格局    户型好    采光充足,389万,63099元/平,高楼层 (共6层) | 1983年 | 2室1厅 | 61.65平米 | 南,https://ke-image.ljcdn.com/110000-inspection/4ce8db39-b562-45ee-8da3-ca07efff00bb_1000.jpg!m_fill,w_280,h_210,f_jpg?from=ke.com
20231116,朝阳,三元桥,101120644793,曙光里小区南北两居室 精装修 看房方便,420万,73724元/平,高楼层 (共6层) | 1987年 | 2室1厅 | 56.97平米 | 东南 西北,https://ke-image.ljcdn.com/110000-inspection/6540f748-1bb0-4872-a934-4fae9f288786_1000.jpg!m_fill,w_280,h_210,f_jpg?from=ke.com
20231116,朝阳,三元桥,101120625592,尚家楼48号院明厨明卫 装修好不挡光房主自荐,557万,79277元/平,低楼层 (共12层) | 1997年 | 2室1厅 | 70.26平米 | 南 北,https://ke-image.ljcdn.com/110000-inspection/pc1_2V46YmV8z_1.jpg!m_fill,w_280,h_210,f_jpg?from=ke.com
20231116,朝阳,三元桥,101120622020,UHN国际村 高层南北三居 视野开阔 观景房 安静,1600万,116925元/平,高楼层 (共28层) 3室1厅 | 136.84平米 | 南 北,https://ke-image.ljcdn.com/110000-inspection/pc1_OztW7oFSy.jpg!m_fill,w_280,h_210,f_jpg?from=ke.com
20231116,朝阳,三元桥,101120574525,时间国际三居双明卫三面采光高层视野好,1760万,92574元/平,高楼层 (共18层) 3室2厅 | 190.12平米 | 南 西 北,https://ke-image.ljcdn.com/110000-inspection/pc1_WFkHGPrKU.jpg!m_fill,w_280,h_210,f_jpg?from=ke.com
20231116,朝阳,三元桥,101120523493,满五唯一精装修户型通透次顶层采光足视野好房主自荐,415万,69018元/平,高楼层 (共6层) | 1989年 | 2室1厅 | 60.13平米 | 东南 西北,https://ke-image.ljcdn.com/110000-inspection/pc1_VosPsW5ZQ.jpg!m_fill,w_280,h_210,f_jpg?from=ke.com
20231116,朝阳,三元桥,101120520081,曙光里 南北通透 满五年唯一 看房预约,338万,59686元/平,顶层 (共6层) | 1987年 | 2室1厅 | 56.63平米 | 南 北,https://ke-image.ljcdn.com/110000-inspection/pc1_VVHvR05ye.jpg!m_fill,w_280,h_210,f_jpg?from=ke.com
20231116,朝阳,三元桥,101120503352,2007年纯商品房 南北通透 双卧朝南 高楼层视野棒,2030万,105357元/平,中楼层 (共28层) 4室2厅 | 192.68平米 | 南 北,https://ke-image.ljcdn.com/110000-inspection/0720c07f-a7a7-428b-aba3-4f8ae8b291aa_1000.jpg!m_fill,w_280,h_210,f_jpg?from=ke.com
20231116,朝阳,三元桥,101120478290,曙光里 南北通透两居室 板楼中间层,390万,68458元/平,中楼层 (共6层) | 1986年 | 2室1厅 | 56.97平米 | 东南 西北,https://ke-image.ljcdn.com/110000-inspection/pc1_WAlGKxOd9.jpg!m_fill,w_280,h_210,f_jpg?from=ke.com
20231116,朝阳,三元桥,101120473746,曙光西里 4室0厅 南 北,630万,83048元/平,底层 (共6层) 4室0厅 | 75.86平米 | 南 北,https://ke-image.ljcdn.com/110000-inspection/pc1_iyB2kCQW0_1.jpg!m_fill,w_280,h_210,f_jpg?from=ke.com
20231116,朝阳,三元桥,101120470613,曙光里2000房龄 管理好 高楼层视野开阔,690万,83495元/平,高楼层 (共18层) | 2000年 | 2室1厅 | 82.64平米 | 南,https://ke-image.ljcdn.com/110000-inspection/239de9e4-c84f-46b6-9402-e53f856f0653_1000.jpg!m_fill,w_280,h_210,f_jpg?from=ke.com
20231116,朝阳,三元桥,101120451031,UHN国际村 普通住宅满五年唯一南北通透户型方正不临街,1650万,118800元/平,低楼层 (共28层) 3室1厅 | 138.89平米 | 南 北,https://ke-image.ljcdn.com/110000-inspection/a7b5bb38-45bb-420b-bcfd-a28401a136bd_1000.jpg!m_fill,w_280,h_210,f_jpg?from=ke.com
20231116,朝阳,三元桥,101120444103,UHN国际村全南两居室 眼镜户型 落地飘窗 高层观景,1020万,114543元/平,高楼层 (共28层) 2室1厅 | 89.05平米 | 南,https://ke-image.ljcdn.com/110000-inspection/3c54293c-68bd-4df9-b129-c478f0eba5cd_1000.jpg!m_fill,w_280,h_210,f_jpg?from=ke.com
20231116,朝阳,三元桥,101120391704,三元桥、亮马桥带电梯双南2居室户型方正,410万,69117元/平,中楼层 (共16层) | 1983年 | 2室1厅 | 59.32平米 | 东南,https://ke-image.ljcdn.com/110000-inspection/2131828b-e838-42dc-8bdb-e088bc6dd763_1000.jpg!m_fill,w_280,h_210,f_jpg?from=ke.com
20231116,朝阳,三元桥,101120375679,中间楼层 前后不临街 视野好 无遮挡,1686万,112102元/平,中楼层 (共28层) | 2003年 | 3室1厅 | 150.4平米 | 南 北,https://ke-image.ljcdn.com/110000-inspection/7cfbd945-0942-4e7c-b180-973decd5f72a_1000.jpg!m_fill,w_280,h_210,f_jpg?from=ke.com
20231116,朝阳,三元桥,101120302312,曙光西里 板楼 三层  双南 两居  看房方便 诚意出售,375万,72088元/平,中楼层 (共6层) 2室1厅 | 52.02平米 | 东南,https://ke-image.ljcdn.com/110000-inspection/4c9a07fa-eb15-4f72-bc88-af73a9ced8fa_1000.jpg!m_fill,w_280,h_210,f_jpg?from=ke.com
20231116,朝阳,三元桥,101120291982,凤凰城二期  南北通透 全明格局 全景国贸 三居室,2499万,105805元/平,高楼层 (共31层) 3室2厅 | 236.19平米 | 南 北,https://ke-image.ljcdn.com/110000-inspection/d6a93552-821f-47f5-a60f-16cab152b8b7_1000.jpg!m_fill,w_280,h_210,f_jpg?from=ke.com
20231116,朝阳,三元桥,101120266222,满五年唯一 1992年钢混 两居室带客厅 电梯房,448万,71304元/平,高楼层 (共18层) | 1992年 | 2室1厅 | 62.83平米 | 西南 东南,https://ke-image.ljcdn.com/110000-inspection/77841f9f-0761-4b8d-9270-fd2f9010450b_1000.jpg!m_fill,w_280,h_210,f_jpg?from=ke.com
20231116,朝阳,三元桥,101120255730,曙光里 南北两居室 中间楼层 采光明亮,415万,72846元/平,中楼层 (共6层) 2室1厅 | 56.97平米 | 南 北,https://ke-image.ljcdn.com/110000-inspection/0af4d5c2-bce9-415d-9eaf-56c497ed7f3a_1000.jpg!m_fill,w_280,h_210,f_jpg?from=ke.com
20231116,朝阳,三元桥,101120239072,国际村高层精装一居 全新装修 视野开阔 观景户型,520万,94357元/平,顶层 (共26层) 1室0厅 | 55.11平米 | 西 北,https://ke-image.ljcdn.com/110000-inspection/20bb1238-8371-413d-b40d-ac3b41b33dec_1000.jpg!m_fill,w_280,h_210,f_jpg?from=ke.com
20231116,朝阳,三元桥,101120237604,裘马都 中间层正规四居室 业主诚售,3300万,111562元/平,中楼层 (共24层) 4室3厅 | 295.8平米 | 西南 北,https://ke-image.ljcdn.com/110000-inspection/41239d1e-5e36-4ccf-80aa-b42a5f087b89_1000.jpg!m_fill,w_280,h_210,f_jpg?from=ke.com
20231116,朝阳,三元桥,101120223125,曙光里 南向两居室 明厨明卫 1995年建成房主自荐,359万,59566元/平,顶层 (共5层) 2室1厅 | 60.27平米 | 东南,https://ke-image.ljcdn.com/110000-inspection/2e224a2b-ad06-4c4b-9545-f92a47ac3991_1000.jpg!m_fill,w_280,h_210,f_jpg?from=ke.com
20231116,朝阳,三元桥,101120201836,金星园太阳宫三元桥高楼层采光好大二居10号13地铁近,1100万,111348元/平,中楼层 (共21层) | 2005年 | 2室1厅 | 98.79平米 | 西南,https://ke-image.ljcdn.com/110000-inspection/890e9d10-0364-4a59-8823-c3e9b46848bb_1000.jpg!m_fill,w_280,h_210,f_jpg?from=ke.com
20231116,朝阳,三元桥,101120172300,曙光里南北通透中间楼层满五唯一房主自荐,365万,64284元/平,中楼层 (共5层) | 1980年 | 2室1厅 | 56.78平米 | 南 北,https://ke-image.ljcdn.com/110000-inspection/pc1_aggFLP5oH.jpg!m_fill,w_280,h_210,f_jpg?from=ke.com
20231116,朝阳,三元桥,101120145159,凤凰城三期 2室1厅 南,1500万,136327元/平,高楼层 (共31层) 2室1厅 | 110.03平米 | 南,https://ke-image.ljcdn.com/110000-inspection/04ad1dcd-c75f-4412-9814-b8e3c894fe67_1000.jpg!m_fill,w_280,h_210,f_jpg?from=ke.com
20231116,朝阳,三元桥,101120144335,凤凰城三期 全南两居 二次精装修 视野好,1450万,123584元/平,中楼层 (共31层) | 2006年 | 2室1厅 | 117.33平米 | 南,https://ke-image.ljcdn.com/110000-inspection/pc1_fFGYyIDiw.jpg!m_fill,w_280,h_210,f_jpg?from=ke.com
20231116,朝阳,三元桥,101120076514,UHN国际村南向两居室 户型方正 高层观景采光视野好,1240万,111833元/平,高楼层 (共14层) 2室2厅 | 110.88平米 | 南,https://ke-image.ljcdn.com/110000-inspection/ed7552b8-0e07-4e85-a103-4dea1ff45f7e_1000.jpg!m_fill,w_280,h_210,f_jpg?from=ke.com
20231116,朝阳,三元桥,101120076406,凤凰城三期 全南向2居 精装修 仅契税,1570万,136226元/平,中楼层 (共31层) | 2006年 | 2室1厅 | 115.25平米 | 南,https://ke-image.ljcdn.com/110000-inspection/pc1_HE2sNoXYL.jpg!m_fill,w_280,h_210,f_jpg?from=ke.com
20231116,朝阳,三元桥,101120074621,曙光里 1998年 钢混板楼 通透三居 满五年 有钥匙,850万,77308元/平,低楼层 (共6层) 3室2厅 | 109.95平米 | 东南 西北,https://ke-image.ljcdn.com/110000-inspection/74ad0903-26aa-4ca4-94fa-6cce7795432d_1000.jpg!m_fill,w_280,h_210,f_jpg?from=ke.com
20231116,朝阳,三元桥,101120049637,凤凰城三期 精装修大两居 双卧朝南  双阳台,1610万,121942元/平,高楼层 (共31层) | 2006年 | 2室2厅 | 132.03平米 | 西南,https://ke-image.ljcdn.com/110000-inspection/f6bab3eb-337e-4e49-856d-bef198471533_1000.jpg!m_fill,w_280,h_210,f_jpg?from=ke.com
20231116,朝阳,三元桥,101120029655,国际村全南一居室 小区中间位置  户型方正 不临街,530万,94340元/平,中楼层 (共8层) 1室1厅 | 56.18平米 | 南,https://ke-image.ljcdn.com/110000-inspection/5e4f0730-deba-4282-99ba-decea3a08d34_1000.jpg!m_fill,w_280,h_210,f_jpg?from=ke.com
20231116,朝阳,三元桥,101119960442,曙光里2000年满五年住房钢混管理好房主自荐,680万,82285元/平,低楼层 (共18层) | 2000年 | 3室1厅 | 82.64平米 | 西南,https://ke-image.ljcdn.com/110000-inspection/dafc9729-d25a-4762-8a96-4ed9f1035095_1000.jpg!m_fill,w_280,h_210,f_jpg?from=ke.com
20231116,朝阳,三元桥,101119900004,凤凰城 高层观景大四居 南北西边户 看房随时 有车位房主自荐,2980万,117383元/平,顶层 (共31层) 4室2厅 | 253.87平米 | 南 北 西,https://ke-image.ljcdn.com/110000-inspection/8c8af560-f39a-412a-a2d6-2ee11817423c_1000.jpg!m_fill,w_280,h_210,f_jpg?from=ke.com
20231116,朝阳,三元桥,101119857209,前后不临街出房少很安静采光跟视野都很不错。,1480万,128417元/平,低楼层 (共31层) | 2006年 | 2室2厅 | 115.25平米 | 南,https://ke-image.ljcdn.com/110000-inspection/c44d71d4-0cc3-48ee-8859-bccea5db674e_1000.jpg!m_fill,w_280,h_210,f_jpg?from=ke.com
20231116,朝阳,三元桥,101119783934,凤凰城三期 东南向 两梯三户 带阳台 两居室,1558万,121189元/平,低楼层 (共31层) | 2006年 | 2室2厅 | 128.56平米 | 东南,https://ke-image.ljcdn.com/110000-inspection/2bddb4fd-2ddc-49a1-afee-0fcfcb83a323_1000.jpg!m_fill,w_280,h_210,f_jpg?from=ke.com
20231116,朝阳,三元桥,101119774905,满五唯一 带电梯中高楼层 1992年钢混结构,329万,77778元/平,中楼层 (共18层) 1室1厅 | 42.3平米 | 东南,https://ke-image.ljcdn.com/110000-inspection/c08871a0-3eaf-4b2b-ada3-f8bcec9a5817_1000.jpg!m_fill,w_280,h_210,f_jpg?from=ke.com
20231116,朝阳,三元桥,101119774583,太阳宫金星园花园洋房得房率82.5%南北通透三居房主自荐,1860万,128117元/平,高楼层 (共14层) | 2004年 | 3室2厅 | 145.18平米 | 南 北,https://ke-image.ljcdn.com/110000-inspection/pc1_C97bhFLjX.jpg!m_fill,w_280,h_210,f_jpg?from=ke.com
20231116,朝阳,三元桥,101119759310,凤凰城精装两居 业主诚意出售 看房随时,1198万,108959元/平,低楼层 (共32层) | 2005年 | 2室2厅 | 109.95平米 | 东北,https://ke-image.ljcdn.com/110000-inspection/94989a49-4089-4f1b-be23-5ea8655393d5_1000.jpg!m_fill,w_280,h_210,f_jpg?from=ke.com
20231116,朝阳,三元桥,101119730522,曙光里外交服务局   楼道干净,518万,82275元/平,低楼层 (共18层) | 1991年 | 2室1厅 | 62.96平米 | 东南 南,https://ke-image.ljcdn.com/110000-inspection/35cf9702-1797-4898-9082-f77ac369100e_1000.jpg!m_fill,w_280,h_210,f_jpg?from=ke.com
20231116,朝阳,三元桥,101119664874,UHN国际村 高层精装一居  户型方正 小区正中间位置,500万,107666元/平,高楼层 (共21层) 1室0厅 | 46.44平米 | 西北,https://ke-image.ljcdn.com/110000-inspection/2a74edac-455a-491d-a1bf-9bea91ba73ff_1000.jpg!m_fill,w_280,h_210,f_jpg?from=ke.com
20231116,朝阳,三元桥,101119659480,裘马都 西南一居户型方正装修好满两年只有契税,835万,111082元/平,低楼层 (共21层) | 2008年 | 1室1厅 | 75.17平米 | 南 西,https://ke-image.ljcdn.com/110000-inspection/12b04581-ec58-4c7e-b9a8-2844386d0806_1000.jpg!m_fill,w_280,h_210,f_jpg?from=ke.com
20231116,朝阳,三元桥,101119640506,曙光西里 2室1厅 东南,358万,70445元/平,顶层 (共6层) | 1983年 | 2室1厅 | 50.82平米 | 东南,https://ke-image.ljcdn.com/110000-inspection/59eaf67d-d31c-4c5d-899a-2c3026cc7b7c_1000.jpg!m_fill,w_280,h_210,f_jpg?from=ke.com
20231116,朝阳,三元桥,101119592737,此房满五唯一1991年建成钢混双电梯运行有管理房主自荐,518万,79742元/平,高楼层 (共18层) | 1991年 | 2室1厅 | 64.96平米 | 东南,https://ke-image.ljcdn.com/110000-inspection/7ffa563d-44cd-4025-a66c-5c01492193b0_1000.jpg!m_fill,w_280,h_210,f_jpg?from=ke.com
20231116,朝阳,三元桥,101119559941,182平米大三居 南北通透次顶层视野采光好 欢迎看房房主自荐,1680万,92207元/平,低楼层 (共28层) | 2005年 | 3室2厅 | 182.2平米 | 南 北,https://ke-image.ljcdn.com/110000-inspection/a847355a-00ae-4c1c-b51f-1bd3888489a6_1000.jpg!m_fill,w_280,h_210,f_jpg?from=ke.com
20231116,朝阳,三元桥,101119494921,曙光西里 南北通透 精装修自住,370万,61534元/平,顶层 (共6层) | 1989年 | 2室1厅 | 60.13平米 | 南 北,https://ke-image.ljcdn.com/110000-inspection/81d31ab1-9b77-4843-87aa-f8f95962f4b5_1000.jpg!m_fill,w_280,h_210,f_jpg?from=ke.com
20231116,朝阳,三元桥,101119463767,凤凰城二期 满五唯一 只有契税 高层 采光视野好,2810万,110630元/平,中楼层 (共31层) | 2005年 | 3室2厅 | 254平米 | 南 北,https://ke-image.ljcdn.com/110000-inspection/75ff6dc5-14af-4c1c-a428-05580c173733_1000.jpg!m_fill,w_280,h_210,f_jpg?from=ke.com
20231116,朝阳,三元桥,101119444583,曙光里2居中间楼层南北通透精装修拎包入住房主自荐,387万,72690元/平,中楼层 (共6层) 2室1厅 | 53.24平米 | 东南 西北,https://ke-image.ljcdn.com/110000-inspection/27b9591f-15b3-4092-b5c1-32f50b19c792_1000.jpg!m_fill,w_280,h_210,f_jpg?from=ke.com
20231116,朝阳,三元桥,101119433504,曙光里 满五唯一 301所独院管理 24小时保安执勤房主自荐,396万,64865元/平,顶层 (共6层) 2室1厅 | 61.05平米 | 东南,https://ke-image.ljcdn.com/110000-inspection/pc1_4hpjczrIO.jpg!m_fill,w_280,h_210,f_jpg?from=ke.com
20231116,朝阳,三元桥,101119395307,曙光里 明厨明卫 低楼层 楼龄新 有钥匙 随时看房主自荐,425万,69547元/平,低楼层 (共6层) 2室1厅 | 61.11平米 | 南,https://ke-image.ljcdn.com/110000-inspection/pc1_AZs7zAh5M_1.jpg!m_fill,w_280,h_210,f_jpg?from=ke.com
20231116,朝阳,三元桥,101119351803,金星园观景三居室满五年唯一购房成本低,1499万,99430元/平,中楼层 (共27层) | 2005年 | 3室2厅 | 150.76平米 | 东南 西北 东北,https://ke-image.ljcdn.com/110000-inspection/925dcc6b-1705-4877-9767-32c6b5bebda6_1000.jpg!m_fill,w_280,h_210,f_jpg?from=ke.com
20231116,朝阳,三元桥,101119346989,裘马都小区户型方正无面积浪费,730万,96728元/平,中楼层 (共17层) 1室1厅 | 75.47平米 | 西,https://ke-image.ljcdn.com/110000-inspection/pc1_cgy2v0j0t.jpg!m_fill,w_280,h_210,f_jpg?from=ke.com
20231116,朝阳,三元桥,101119334143,曙光西里  南北通透 好楼层 位置好,410万,69504元/平,低楼层 (共6层) 2室1厅 | 58.99平米 | 南 北,https://ke-image.ljcdn.com/110000-inspection/pc1_TNhccGkrE.jpg!m_fill,w_280,h_210,f_jpg?from=ke.com
20231116,朝阳,三元桥,101119302775,裘马都 太阳宫 三元桥 满五唯一 精装修   全南落地窗,1150万,113446元/平,低楼层 (共17层) 2室1厅 | 101.37平米 | 南,https://ke-image.ljcdn.com/110000-inspection/051ea9f3-36eb-4b33-b9ec-99eb41f81573_1000.jpg!m_fill,w_280,h_210,f_jpg?from=ke.com
20231116,朝阳,三元桥,101119294766,金星园 双主卧夹客厅朝南大三居 前后观景,1998万,113659元/平,顶层 (共16层) | 2006年 | 3室2厅 | 175.79平米 | 南 北,https://ke-image.ljcdn.com/110000-inspection/cb68a281-8680-41d6-98ce-5d89dd372e1a_1000.jpg!m_fill,w_280,h_210,f_jpg?from=ke.com
20231116,朝阳,三元桥,101119289891,三元桥曙光西里高层双阳两居室户型好,340万,63233元/平,顶层 (共6层) | 1984年 | 2室1厅 | 53.77平米 | 西南,https://ke-image.ljcdn.com/110000-inspection/dbfa9ef4-175a-499d-a103-49fd76cc4d92_1000.jpg!m_fill,w_280,h_210,f_jpg?from=ke.com
20231116,朝阳,三元桥,101119262225,三元桥曙光西里明厨明卫一居室朝向好,304万,69280元/平,低楼层 (共6层) | 1989年 | 1室1厅 | 43.88平米 | 东南,https://ke-image.ljcdn.com/110000-inspection/9e860e76-6f91-4a34-8bdc-c84bfb3298dd_1000.jpg!m_fill,w_280,h_210,f_jpg?from=ke.com
20231116,朝阳,三元桥,101119245637,凤凰城二期 东西向 有门厅 通透 两居室,1390万,129786元/平,高楼层 (共32层) | 2005年 | 2室1厅 | 107.1平米 | 东 西,https://ke-image.ljcdn.com/110000-inspection/pc1_tWXknp8oa.jpg!m_fill,w_280,h_210,f_jpg?from=ke.com
20231116,朝阳,三元桥,101119233586,三元桥 曙光里 1998年 钢混板楼 带客厅三居 三面采光,760万,79992元/平,高楼层 (共6层) 3室1厅 | 95.01平米 | 南 西 北,https://ke-image.ljcdn.com/110000-inspection/pc1_MoCz3rgO7_2.jpg!m_fill,w_280,h_210,f_jpg?from=ke.com
20231116,朝阳,三元桥,101119177108,裘马都 景观好方正一居室楼层好,830万,109978元/平,低楼层 (共17层) | 2008年 | 1室1厅 | 75.47平米 | 东,https://ke-image.ljcdn.com/110000-inspection/pc1_A3FvMLWEW_1.jpg!m_fill,w_280,h_210,f_jpg?from=ke.com
20231116,朝阳,三元桥,101119143139,金星园  4居 看房提前联系哦,1590万,91223元/平,中楼层 (共27层) | 2005年 | 4室2厅 | 174.3平米 | 西南 东北,https://ke-image.ljcdn.com/110000-inspection/pc1_rVlES7ACO_2.jpg!m_fill,w_280,h_210,f_jpg?from=ke.com
20231116,朝阳,三元桥,101119121695,国际村精装全南两居 眼镜户型 两梯三户 全天采光无挡,998万,111671元/平,低楼层 (共28层) | 2006年 | 2室1厅 | 89.37平米 | 南,https://ke-image.ljcdn.com/110000-inspection/1682121f-5aac-477e-aebc-4bf08f2f8837_1000.jpg!m_fill,w_280,h_210,f_jpg?from=ke.com
20231116,朝阳,三元桥,101119076306,国际村高层精装一居视野开阔观景户型拎包入住,445万,85022元/平,高楼层 (共28层) 1室1厅 | 52.34平米 | 西 北,https://ke-image.ljcdn.com/110000-inspection/pc1_0AoYZs4HH.jpg!m_fill,w_280,h_210,f_jpg?from=ke.com
20231116,朝阳,三元桥,101119052880,曙光里正规两居是业主诚意出售满五年唯,430万,75162元/平,中楼层 (共6层) 2室1厅 | 57.21平米 | 东南 西北,https://ke-image.ljcdn.com/110000-inspection/bd453348-86e5-4f37-a7fc-9e94a00d3ce8_1000.jpg!m_fill,w_280,h_210,f_jpg?from=ke.com
20231116,朝阳,三元桥,101119015564,凤凰城一期总价合适户型好装修好满五唯一两居室,1050万,101283元/平,低楼层 (共34层) 2室2厅 | 103.67平米 | 西北,https://ke-image.ljcdn.com/110000-inspection/pc1_LnjFlB6Ek_2.jpg!m_fill,w_280,h_210,f_jpg?from=ke.com
20231116,朝阳,三元桥,101118969088,国际村精装全南两居 双卧朝南眼镜户型 看小区花园,1250万,123751元/平,中楼层 (共26层) 2室1厅 | 101.01平米 | 南,https://ke-image.ljcdn.com/110000-inspection/pc1_sFMpxGcxO.jpg!m_fill,w_280,h_210,f_jpg?from=ke.com
20231116,朝阳,三元桥,101118952413,曙光里 南北通透 1999年楼龄 可贷款 看房随时房主自荐,575万,75312元/平,顶层 (共6层) 3室1厅 | 76.35平米 | 南 北,https://ke-image.ljcdn.com/110000-inspection/pc1_FdJtYIhZE_2.jpg!m_fill,w_280,h_210,f_jpg?from=ke.com
20231116,朝阳,三元桥,101118939396,满五年、钢混结构、精装修 诚心出售 带车位,445万,73639元/平,低楼层 (共6层) 2室1厅 | 60.43平米 | 南 北,https://ke-image.ljcdn.com/110000-inspection/pc1_FZYj73wx8.jpg!m_fill,w_280,h_210,f_jpg?from=ke.com
20231116,朝阳,三元桥,101118932306,南北通透 带客厅 97年钢混有电梯房主自荐,769万,80982元/平,高楼层 (共12层) | 1998年 | 3室1厅 | 94.96平米 | 西南 东北,https://ke-image.ljcdn.com/110000-inspection/pc1_4x7IE6C0q_2.jpg!m_fill,w_280,h_210,f_jpg?from=ke.com
20231116,朝阳,三元桥,101118927865,满五唯一 板楼高层 视野开阔 诚意出售 稳定签约,695万,108679元/平,高楼层 (共14层) | 2004年 | 1室1厅 | 63.95平米 | 北,https://ke-image.ljcdn.com/110000-inspection/pc1_XPwjaONEQ.jpg!m_fill,w_280,h_210,f_jpg?from=ke.com
20231116,朝阳,三元桥,101118839841,UHN国际村 正南向户型方正满五年唯一精装修,605万,102909元/平,低楼层 (共28层) 1室1厅 | 58.79平米 | 南,https://ke-image.ljcdn.com/110000-inspection/pc1_A8zZpWVuF_2.jpg!m_fill,w_280,h_210,f_jpg?from=ke.com
20231116,朝阳,三元桥,101118827175,裘马都 太阳宫 三元桥 满五唯一 精装 东向观景,780万,103669元/平,低楼层 (共21层) | 2008年 | 1室1厅 | 75.24平米 | 东,https://ke-image.ljcdn.com/110000-inspection/pc1_PGNf4gv4Q.jpg!m_fill,w_280,h_210,f_jpg?from=ke.com
20231116,朝阳,三元桥,101118815198,国际村南北通透观景大四居满五年唯一,1850万,112142元/平,低楼层 (共28层) | 2003年 | 4室2厅 | 164.97平米 | 南 北,https://ke-image.ljcdn.com/110000-inspection/5c9936bf-4958-4585-b1da-3e0a34e3710f_1000.jpg!m_fill,w_280,h_210,f_jpg?from=ke.com
20231116,朝阳,三元桥,101118759180,曙光里 南北两居 精装修 低楼层适合老人,422万,80427元/平,底层 (共6层) 2室1厅 | 52.47平米 | 南 北,https://ke-image.ljcdn.com/110000-inspection/357ed107-5264-403c-9bc9-586d1c9c71dc_1000.jpg!m_fill,w_280,h_210,f_jpg?from=ke.com
20231116,朝阳,三元桥,101118714727,曙光里1991年建成钢混结构一居室业主诚意出售,335万,82717元/平,高楼层 (共18层) | 1991年 | 1室1厅 | 40.5平米 | 西南,https://ke-image.ljcdn.com/110000-inspection/pc1_WcN3qPgcQ_2.jpg!m_fill,w_280,h_210,f_jpg?from=ke.com
20231116,朝阳,三元桥,101118701566,裘马都高层四居 有保姆间 有私家电梯厅 有车位,3600万,98315元/平,顶层 (共23层) 4室2厅 | 366.17平米 | 南 西 北,https://ke-image.ljcdn.com/110000-inspection/f04b083e-b6db-4c3a-b161-132b2c143ce6_1000.jpg!m_fill,w_280,h_210,f_jpg?from=ke.com
20231116,朝阳,三元桥,101118671138,凤凰城二期 样板间出售 两梯两户 二次装修 满五年唯一,2500万,106984元/平,低楼层 (共31层) 3室2厅 | 233.68平米 | 南 北,https://ke-image.ljcdn.com/110000-inspection/0e87c045-34c8-43a6-be37-afde133dc900_1000.jpg!m_fill,w_280,h_210,f_jpg?from=ke.com
20231116,朝阳,三元桥,101118619865,满五唯一低 总价南北通透三居室,1610万,120123元/平,中楼层 (共13层) 3室1厅 | 134.03平米 | 南 北,https://ke-image.ljcdn.com/110000-inspection/pc1_EU84l5Wng_2.jpg!m_fill,w_280,h_210,f_jpg?from=ke.com
20231116,朝阳,三元桥,101118572022,三元桥 改善 精装修 拎包入住 随时签约,838万,79871元/平,高楼层 (共9层) 3室1厅 | 104.92平米 | 东南,https://ke-image.ljcdn.com/110000-inspection/064e7eb5-12c5-49ee-833c-08f40b327313_1000.jpg!m_fill,w_280,h_210,f_jpg?from=ke.com
20231116,朝阳,三元桥,101118542847,凤凰城三期南向一居采光好视野好,1070万,134829元/平,中楼层 (共31层) | 2006年 | 1室1厅 | 79.36平米 | 南,https://ke-image.ljcdn.com/110000-inspection/pc1_EfBlNJz6f.jpg!m_fill,w_280,h_210,f_jpg?from=ke.com
20231116,朝阳,三元桥,101118509806,全明格局满五年唯一南北通透格局视野开阔看花园,1750万,104534元/平,低楼层 (共28层) 3室1厅 | 167.41平米 | 南 北,https://ke-image.ljcdn.com/110000-inspection/pc1_Ws0RHMTur.jpg!m_fill,w_280,h_210,f_jpg?from=ke.com
20231116,朝阳,三元桥,101118504879,国际村精装南向开间 两梯三户 户型方正  业主诚意出售,625万,106311元/平,低楼层 (共28层) 1室0厅 | 58.79平米 | 南,https://ke-image.ljcdn.com/110000-inspection/bda0f491-bbca-4b25-9c74-c35fb7cd9131_1000.jpg!m_fill,w_280,h_210,f_jpg?from=ke.com
20231116,朝阳,三元桥,101118469410,高层景观一居 全明格局 业主二次装修 看房方便；,940万,118463元/平,高楼层 (共31层) | 2006年 | 1室1厅 | 79.35平米 | 东 西,https://ke-image.ljcdn.com/110000-inspection/068497fb-ca2f-4c50-8494-890362d76f2e_1000.jpg!m_fill,w_280,h_210,f_jpg?from=ke.com
20231116,朝阳,三元桥,101118405588,金星园南北通透四居客厅餐厅直线通透,2550万,123320元/平,高楼层 (共15层) | 2004年 | 4室2厅 | 206.78平米 | 北 南,https://ke-image.ljcdn.com/110000-inspection/pc1_Wr2iHHb8w.jpg!m_fill,w_280,h_210,f_jpg?from=ke.com
20231116,朝阳,三元桥,101118371721,国际村 板楼南北通透 户型方正 满五唯一 安静看花园,1495万,109252元/平,底层 (共28层) | 2003年 | 3室2厅 | 136.84平米 | 南 北,https://ke-image.ljcdn.com/110000-inspection/pc1_S7e6tNoaR_2.jpg!m_fill,w_280,h_210,f_jpg?from=ke.com
20231116,朝阳,三元桥,101118333861,金星园 高层观景 四居 视野开阔 二次装修 三梯四户,1800万,73133元/平,高楼层 (共28层) | 2007年 | 4室2厅 | 246.13平米 | 东 北,https://ke-image.ljcdn.com/110000-inspection/pc1_25rp6LJ26_1.jpg!m_fill,w_280,h_210,f_jpg?from=ke.com
20231116,朝阳,三元桥,101118295053,三元桥曙光西里精装满五唯一两居室房主自荐,355万,67774元/平,顶层 (共6层) | 1982年 | 2室1厅 | 52.38平米 | 东南,https://ke-image.ljcdn.com/110000-inspection/30c67e3e-1417-42dd-90af-0b2405bec578_1000.jpg!m_fill,w_280,h_210,f_jpg?from=ke.com
20231116,朝阳,三元桥,101118262952,国际村新上 安静看花园  满五唯一   可贷款房主自荐,525万,99659元/平,低楼层 (共28层) 1室0厅 | 52.68平米 | 西北,https://ke-image.ljcdn.com/110000-inspection/0d9fccf6-781a-4327-8f02-033b733b2ea1_1000.jpg!m_fill,w_280,h_210,f_jpg?from=ke.com
20231116,朝阳,三元桥,101118244107,曙光西里 全明两居 业主诚意出售,390万,67440元/平,高楼层 (共6层) | 1982年 | 2室1厅 | 57.83平米 | 南 北,https://ke-image.ljcdn.com/110000-inspection/f951f8c6-f3db-490c-8c62-1dd7490526a7_1000.jpg!m_fill,w_280,h_210,f_jpg?from=ke.com
20231116,朝阳,三元桥,101118214308,曙光里 2室1厅 东南,412万,71256元/平,中楼层 (共6层) | 1986年 | 2室1厅 | 57.82平米 | 东南,https://ke-image.ljcdn.com/110000-inspection/424c2f98-92bf-453f-97ff-d651099d67e6_1000.jpg!m_fill,w_280,h_210,f_jpg?from=ke.com
20231116,朝阳,三元桥,101118173677,全明户型南北通透三居 地铁太阳宫站 低楼层 精装修,628万,81137元/平,低楼层 (共6层) | 1987年 | 3室1厅 | 77.4平米 | 南 北,https://ke-image.ljcdn.com/110000-inspection/60a7d135-5045-4067-a4f2-d5160a8e3b8c_1000.jpg!m_fill,w_280,h_210,f_jpg?from=ke.com
20231116,朝阳,三元桥,101118157019,三元桥 曙光里 3室1厅 2000年建成 管理好,769万,85255元/平,低楼层 (共18层) 3室1厅 | 90.2平米 | 西北,https://ke-image.ljcdn.com/110000-inspection/348ec2ce-208b-4548-bc25-cb0ab43b0fa6_1000.jpg!m_fill,w_280,h_210,f_jpg?from=ke.com
20231116,朝阳,三元桥,101118074112,UHN国际村 西北向一居室 看小区安静不临街,500万,95530元/平,中楼层 (共28层) 1室0厅 | 52.34平米 | 西北,https://ke-image.ljcdn.com/110000-inspection/68bd435a-6265-4580-9ad7-98dc6b6c3adc_1000.jpg!m_fill,w_280,h_210,f_jpg?from=ke.com
20231116,朝阳,三元桥,101118073510,金星园 客厅和两卧室都朝南 采光充足  视野开阔,1250万,119173元/平,中楼层 (共13层) | 2004年 | 2室1厅 | 104.89平米 | 东 南,https://ke-image.ljcdn.com/110000-inspection/8000658d-6368-413a-a7a1-0dd762e678d4_1000.jpg!m_fill,w_280,h_210,f_jpg?from=ke.com
20231116,朝阳,三元桥,101118014763,裘马都全明格局一居通透户型格局好采光好。,805万,103939元/平,低楼层 (共17层) 1室1厅 | 77.45平米 | 东 西 北,https://ke-image.ljcdn.com/110000-inspection/pc1_fGi6ARGER_2.jpg!m_fill,w_280,h_210,f_jpg?from=ke.com
20231116,朝阳,三元桥,101117926177,满五年唯一田字格大三居户型好小区中间无遮挡,640万,79702元/平,高楼层 (共6层) 3室1厅 | 80.3平米 | 南 北,https://ke-image.ljcdn.com/110000-inspection/pc1_OXdzCB8EB_2.jpg!m_fill,w_280,h_210,f_jpg?from=ke.com
20231116,朝阳,三元桥,101117924814,凤凰城三期精装一居 东西通透 明厨明卫 观景户型,999万,119199元/平,低楼层 (共31层) | 2006年 | 1室1厅 | 83.81平米 | 东 西,https://ke-image.ljcdn.com/110000-inspection/pc1_6vdiTgx3d.jpg!m_fill,w_280,h_210,f_jpg?from=ke.com
20231116,朝阳,三元桥,101117920219,曙光西里明厨明卫三居室满五唯一,625万,76980元/平,底层 (共6层) | 1984年 | 3室1厅 | 81.19平米 | 西南 东北,https://ke-image.ljcdn.com/110000-inspection/pc1_kALYPzDi1_1.jpg!m_fill,w_280,h_210,f_jpg?from=ke.com
20231116,朝阳,三元桥,101117900031,曙光里1991年建成钢混结构满五年唯一住宅。看房方便房主自荐,490万,75432元/平,底层 (共18层) | 1991年 | 2室1厅 | 64.96平米 | 东南 东北,https://ke-image.ljcdn.com/110000-inspection/64a33f3a-b3f0-4bcc-bb38-ac91cd2c0e8e_1000.jpg!m_fill,w_280,h_210,f_jpg?from=ke.com
20231116,朝阳,三元桥,101117879205,曙光西里 2室1厅 南房主自荐,390万,73738元/平,高楼层 (共6层) | 1982年 | 2室1厅 | 52.89平米 | 南,https://ke-image.ljcdn.com/110000-inspection/7c1e7e3a-42f8-431c-bf67-094cf8bed573_1000.jpg!m_fill,w_280,h_210,f_jpg?from=ke.com
20231116,朝阳,三元桥,101117852443,国际村三期南向开间观小区花园安静不吵视野好,540万,104713元/平,高楼层 (共28层) 1室1厅 | 51.57平米 | 南,https://ke-image.ljcdn.com/110000-inspection/2c2b98b3-0196-4589-b358-2b4035059562_1000.jpg!m_fill,w_280,h_210,f_jpg?from=ke.com
20231116,朝阳,三元桥,101117828907,曙光西里 全明格局一居室 采光好,288万,66977元/平,顶层 (共6层) | 1989年 | 1室1厅 | 43平米 | 南,https://ke-image.ljcdn.com/110000-inspection/747b7d73-4488-4ae4-a551-4d7ae1c69204_1000.jpg!m_fill,w_280,h_210,f_jpg?from=ke.com
20231116,朝阳,三元桥,101117674472,曙光里 外交部服务局单位宿舍 两居室 中间层,480万,79894元/平,中楼层 (共6层) 2室1厅 | 60.08平米 | 东南 西北,https://ke-image.ljcdn.com/110000-inspection/pc1_CjdU0ivo5_2.jpg!m_fill,w_280,h_210,f_jpg?from=ke.com
20231116,朝阳,三元桥,101117502254,曙光西里 中间楼层  精装 南向一居室 满2年 看房方便,320万,79208元/平,中楼层 (共6层) 1室1厅 | 40.4平米 | 南,https://ke-image.ljcdn.com/110000-inspection/pc1_yJUwrFimY.jpg!m_fill,w_280,h_210,f_jpg?from=ke.com
20231116,朝阳,三元桥,101117335637,全明格局精装修中高楼层视野好94年楼龄新,340万,82968元/平,高楼层 (共18层) | 1994年 | 1室1厅 | 40.98平米 | 西北,https://ke-image.ljcdn.com/110000-inspection/pc1_AMv5y66LJ_2.jpg!m_fill,w_280,h_210,f_jpg?from=ke.com
20231116,朝阳,三元桥,101117159317,满五年央产房  明厨明卫  南北通透  中间楼层,410万,70898元/平,中楼层 (共6层) 2室1厅 | 57.83平米 | 西南 东北,https://ke-image.ljcdn.com/110000-inspection/e9051513-96ba-4dd6-a1f9-c8c965bc0852_1000.jpg!m_fill,w_280,h_210,f_jpg?from=ke.com
20231116,朝阳,三元桥,101117141244,裘马都东南北三面采光 落地窗 大面宽 精装修 双通透,2750万,94402元/平,低楼层 (共24层) 4室1厅 | 291.31平米 | 东 南 北,https://ke-image.ljcdn.com/110000-inspection/pc1_pCzBIjtup_1.jpg!m_fill,w_280,h_210,f_jpg?from=ke.com
20231116,朝阳,三元桥,101117067200,曙光里2室2厅  楼龄新  户型棒房主自荐,695万,80070元/平,底层 (共6层) | 1998年 | 2室2厅 | 86.8平米 | 南 北,https://ke-image.ljcdn.com/110000-inspection/pc1_AjCnYXl8f.jpg!m_fill,w_280,h_210,f_jpg?from=ke.com
20231116,朝阳,三元桥,101117046700,中间楼层 南北通透两居室 小区内部不临街房主自荐,410万,76507元/平,中楼层 (共5层) | 1981年 | 2室1厅 | 53.59平米 | 东南 西北,https://ke-image.ljcdn.com/110000-inspection/pc1_F9HCYL93R.jpg!m_fill,w_280,h_210,f_jpg?from=ke.com
20231116,朝阳,三元桥,101116987841,面宽5.14米 阳台8.1㎡ 舒适宜居,420万,77292元/平,顶层 (共6层) | 1999年 | 1室1厅 | 54.34平米 | 南,https://ke-image.ljcdn.com/110000-inspection/pc1_Vxvx1obag.jpg!m_fill,w_280,h_210,f_jpg?from=ke.com
20231116,朝阳,三元桥,101116958772,凤凰城二期 正南向1居 户型方正采光好,1060万,120346元/平,顶层 (共32层) | 2005年 | 1室1厅 | 88.08平米 | 南,https://ke-image.ljcdn.com/110000-inspection/pc1_MtBv75663.jpg!m_fill,w_280,h_210,f_jpg?from=ke.com
20231116,朝阳,三元桥,101116890399,凤凰城三期 东西向 全明格局 诚意出售 看房有钥匙,1019万,128419元/平,中楼层 (共31层) | 2006年 | 1室1厅 | 79.35平米 | 东 西,https://ke-image.ljcdn.com/110000-inspection/89ced075-aa6c-407a-aea7-994807a52faf_1000.jpg!m_fill,w_280,h_210,f_jpg?from=ke.com
20231116,朝阳,三元桥,101116703164,正规一居室高层采光视野好不临街,750万,96228元/平,顶层 (共28层) 1室1厅 | 77.94平米 | 北,https://ke-image.ljcdn.com/110000-inspection/62387135-76f2-4bbc-ab68-8ce532c3e100_1000.jpg!m_fill,w_280,h_210,f_jpg?from=ke.com
20231116,朝阳,三元桥,101116651216,此房满五年 南北通透 明厨明卫 近三元桥地铁站,550万,74953元/平,顶层 (共6层) 3室1厅 | 73.38平米 | 东南 西北,https://ke-image.ljcdn.com/110000-inspection/13c3835b-139e-432f-8055-f403196e7699_1000.jpg!m_fill,w_280,h_210,f_jpg?from=ke.com
20231116,朝阳,三元桥,101116602943,全南向三居室高楼层视野宽阔采光充足,1860万,100184元/平,中楼层 (共34层) | 2002年 | 3室2厅 | 185.66平米 | 南,https://ke-image.ljcdn.com/110000-inspection/f165dd37-2750-42dc-94b0-e85c1d08a0ac_1000.jpg!m_fill,w_280,h_210,f_jpg?from=ke.com
20231116,朝阳,三元桥,101116599661,满五唯一精装修不临街采光足视野好房主自荐,410万,70910元/平,高楼层 (共6层) | 1986年 | 2室1厅 | 57.82平米 | 东南 西北,https://ke-image.ljcdn.com/110000-inspection/ed857254-c738-4fc7-a40c-96c83580d480_1000.jpg!m_fill,w_280,h_210,f_jpg?from=ke.com
20231116,朝阳,三元桥,101116573014,管理好的央产房拎包入住看房方便房主自荐,387万,67812元/平,低楼层 (共12层) | 1991年 | 1室1厅 | 57.07平米 | 南,https://ke-image.ljcdn.com/110000-inspection/pc1_m8LsG5JtE.jpg!m_fill,w_280,h_210,f_jpg?from=ke.com
20231116,朝阳,三元桥,101116438584,国际村复式四居南北通透高层视野无遮挡景观好,2650万,87639元/平,高楼层 (共28层) | 2003年 | 5室3厅 | 302.38平米 | 南 北,https://ke-image.ljcdn.com/110000-inspection/pc1_9D23sQvrg.jpg!m_fill,w_280,h_210,f_jpg?from=ke.com
20231116,朝阳,三元桥,101116337412,三源里北小街 钢混 带电梯 视野开阔 采光好 满五唯一房主自荐,330万,71646元/平,中楼层 (共16层) | 1983年 | 1室1厅 | 46.06平米 | 南,https://ke-image.ljcdn.com/110000-inspection/55fd9e9d-ff15-4f76-85c7-72ec0b2f2279_1000.jpg!m_fill,w_280,h_210,f_jpg?from=ke.com
20231116,朝阳,三元桥,101116301556,满五年唯一保持好全明格局采光无影响,1450万,96455元/平,底层 (共27层) | 2005年 | 3室2厅 | 150.33平米 | 东南 东北 西北,https://ke-image.ljcdn.com/110000-inspection/pc1_qoi5KvZlF.jpg!m_fill,w_280,h_210,f_jpg?from=ke.com
20231116,朝阳,三元桥,101115973258,曙光里带电梯两居精装修客厅可放沙发电视,520万,80050元/平,低楼层 (共18层) | 1992年 | 2室1厅 | 64.96平米 | 东 南,https://ke-image.ljcdn.com/110000-inspection/dea8324c-093c-4806-96c4-bd9567f094ff_1000.jpg!m_fill,w_280,h_210,f_jpg?from=ke.com
20231116,朝阳,三元桥,101115531365,国际村  中间楼层  不临街 看小区绿化,566万,102704元/平,中楼层 (共26层) | 2004年 | 1室0厅 | 55.11平米 | 西北,https://ke-image.ljcdn.com/110000-inspection/pc1_JwikKUYZc_1.jpg!m_fill,w_280,h_210,f_jpg?from=ke.com
20231116,朝阳,三元桥,101115522963,太阳星城金星园板楼南向两居室 1200万,1170万,111984元/平,低楼层 (共13层) | 2004年 | 2室1厅 | 104.48平米 | 南,https://ke-image.ljcdn.com/110000-inspection/pc1_pp3vQ8A5s.jpg!m_fill,w_280,h_210,f_jpg?from=ke.com
20231116,朝阳,三元桥,101114308291,曙光西里东南向小两居诚售随时签约。,360万,70839元/平,低楼层 (共6层) | 1983年 | 2室1厅 | 50.82平米 | 东南,https://ke-image.ljcdn.com/110000-inspection/2ffcb82d-f517-468e-ad6d-6aa9990d0886_1000.jpg!m_fill,w_280,h_210,f_jpg?from=ke.com
20231116,朝阳,三元桥,101114098347,曙光里1991年建成一居室带客厅管理好业主诚意出售,343万,80441元/平,底层 (共18层) | 1991年 | 1室1厅 | 42.64平米 | 东南,https://ke-image.ljcdn.com/110000-inspection/pc1_fT7IPdSwN_1.jpg!m_fill,w_280,h_210,f_jpg?from=ke.com
20231116,朝阳,三元桥,101113733639,三元桥曙光西里精装修两居室中间楼层,350万,64636元/平,中楼层 (共6层) | 1983年 | 2室1厅 | 54.15平米 | 西北 东北,https://ke-image.ljcdn.com/110000-inspection/33b7e3ba-07cb-450f-9575-47b23c5645ef_1000.jpg!m_fill,w_280,h_210,f_jpg?from=ke.com
20231116,朝阳,三元桥,101121937948,三源里北小街 1室1厅 南,305万,72637元/平,底层 (共16层) | 1983年 | 1室1厅 | 41.99平米 | 南,https://ke-image.ljcdn.com/110000-inspection/983c703b-bbeb-45df-b3e5-660861106fb4_1000.jpg!m_fill,w_280,h_210,f_jpg?from=ke.com
20231116,朝阳,三元桥,101121930287,凤凰城二期三居安静不临街公共花园绿地,1300万,70496元/平,底层 (共32层) | 2005年 | 3室1厅 | 184.41平米 | 东,https://ke-image.ljcdn.com/110000-inspection/pc1_JvZo37cQT_1.jpg!m_fill,w_280,h_210,f_jpg?from=ke.com
20231116,朝阳,三元桥,101121918454,凤凰城一期LOFTEL南向 挑空百万精装仅契税,2300万,100389元/平,中楼层 (共34层) | 2002年 | 4室1厅 | 229.11平米 | 南,https://ke-image.ljcdn.com/110000-inspection/b0d4fa63-3032-4716-81cf-99ede4cb144d_1000.jpg!m_fill,w_280,h_210,f_jpg?from=ke.com
20231116,朝阳,三元桥,101121914512,曙光里 2室1厅 南 北新上,439万,70285元/平,低楼层 (共6层) 2室1厅 | 62.46平米 | 南 北,https://ke-image.ljcdn.com/110000-inspection/501ac58b-a863-4689-96fe-bab947ba2c75_1000.jpg!m_fill,w_280,h_210,f_jpg?from=ke.com
20231116,朝阳,三元桥,101121907596,曙光里 1室1厅 东南新上,335万,73854元/平,低楼层 (共6层) 1室1厅 | 45.36平米 | 东南,https://ke-image.ljcdn.com/110000-inspection/pc1_nXb8LIeml.jpg!m_fill,w_280,h_210,f_jpg?from=ke.com
20231116,朝阳,三元桥,101121891860,太阳星城优质两居全明格局满五唯一中层采光新上,1199万,122522元/平,中楼层 (共27层) | 2005年 | 2室1厅 | 97.86平米 | 南 西,https://ke-image.ljcdn.com/110000-inspection/db122843-9efb-4931-9c18-9ff8e80e1d27_1000.jpg!m_fill,w_280,h_210,f_jpg?from=ke.com
20231116,朝阳,三元桥,101121890617,UHN国际村 满五年唯一 户型方正 前后不临街 正南正北新上,1680万,107942元/平,中楼层 (共23层) | 2007年 | 3室2厅 | 155.64平米 | 南 北,https://ke-image.ljcdn.com/110000-inspection/13ff1e69-46b1-403e-888b-f9c9ec842ddf_1000.jpg!m_fill,w_280,h_210,f_jpg?from=ke.com
20231116,朝阳,三元桥,101121877475,裘马都明厨明卫南向一居室 户型好新上,835万,111082元/平,中楼层 (共21层) | 2008年 | 1室1厅 | 75.17平米 | 东南,https://ke-image.ljcdn.com/110000-inspection/d2688ce7-98f3-4bdd-83d0-1e259d786fb7_1000.jpg!m_fill,w_280,h_210,f_jpg?from=ke.com
20231116,朝阳,三元桥,101121858346,三元桥优质复式两居高层观景视野开阔急售！！新上,1150万,88653元/平,高楼层 (共34层) | 2002年 | 2室1厅 | 129.72平米 | 东 西,https://ke-image.ljcdn.com/110000-inspection/pc1_ZNVXddHh7.jpg!m_fill,w_280,h_210,f_jpg?from=ke.com
20231116,朝阳,三元桥,101121848258,曙光里1992年精装修电梯楼满五年住房新上,305万,74646元/平,低楼层 (共18层) 1室1厅 | 40.86平米 | 东南 西南,https://ke-image.ljcdn.com/110000-inspection/pc1_65a9viA4k_2.jpg!m_fill,w_280,h_210,f_jpg?from=ke.com
20231116,朝阳,三元桥,101121838880,金星园 全明格局 中间位置 不临街 精装修 业主急售新上,1150万,118119元/平,低楼层 (共27层) | 2005年 | 2室1厅 | 97.36平米 | 南 西,https://ke-image.ljcdn.com/110000-inspection/bc7fcdfb-f99d-4af5-9a50-4d4916242858_1000.jpg!m_fill,w_280,h_210,f_jpg?from=ke.com
20231116,朝阳,三元桥,101121836513,UHN国际村 1室0厅 东南新上,500万,94358元/平,中楼层 (共28层) | 2006年 | 1室0厅 | 52.99平米 | 东南,https://ke-image.ljcdn.com/110000-inspection/pc1_GJf3jFUoh_1.jpg!m_fill,w_280,h_210,f_jpg?from=ke.com
20231116,朝阳,三元桥,101121812719,曙光里 南北通透两居 中间楼层 采光明亮房主自荐,380万,66702元/平,高楼层 (共6层) | 1987年 | 2室1厅 | 56.97平米 | 南 北,https://ke-image.ljcdn.com/110000-inspection/926c9fba-b419-457c-b46b-dfdd4e49c3b2_1000.jpg!m_fill,w_280,h_210,f_jpg?from=ke.com
20231116,朝阳,三元桥,101121797319,曙光里 1室1厅 南,316万,74705元/平,底层 (共18层) 1室1厅 | 42.3平米 | 南,https://ke-image.ljcdn.com/110000-inspection/ae250f47-e105-4da2-8b74-f5b4ecbbb898_1000.jpg!m_fill,w_280,h_210,f_jpg?from=ke.com
20231116,朝阳,三元桥,101121749667,尚家楼48号院 2室1厅 东北 西南,570万,81128元/平,低楼层 (共12层) 2室1厅 | 70.26平米 | 东北 西南,https://ke-image.ljcdn.com/110000-inspection/63a5a86d-d7a8-4df0-a3f3-5a40f9cd7e4f_1000.jpg!m_fill,w_280,h_210,f_jpg?from=ke.com
20231116,朝阳,三元桥,101121695953,时间国际小区落地窗大窗户面宽5米朝南,1150万,85860元/平,中楼层 (共18层) 2室2厅 | 133.94平米 | 南,https://ke-image.ljcdn.com/110000-inspection/c434622f-dd62-4c4c-9c11-2978aabd563b_1000.jpg!m_fill,w_280,h_210,f_jpg?from=ke.com
20231116,朝阳,三元桥,101121685190,关注大平层看重居住品质300万+的装修拎包入住,3100万,106416元/平,高楼层 (共24层) | 2008年 | 4室1厅 | 291.31平米 | 南 西 北,https://ke-image.ljcdn.com/110000-inspection/pc1_EItr1Ifp0_2.jpg!m_fill,w_280,h_210,f_jpg?from=ke.com
20231116,朝阳,三元桥,101121655077,时间国际 高层东边户 满五年唯一 全明格局 稳定签约,1750万,91638元/平,高楼层 (共18层) | 2005年 | 3室2厅 | 190.97平米 | 东 南 北,https://ke-image.ljcdn.com/110000-inspection/pc1_AhtUy1oGE.jpg!m_fill,w_280,h_210,f_jpg?from=ke.com
20231116,朝阳,三元桥,101121632297,金星园 高层东南向四居室诚意出售采光无遮挡,1960万,79633元/平,高楼层 (共28层) | 2007年 | 4室2厅 | 246.13平米 | 西南,https://ke-image.ljcdn.com/110000-inspection/pc1_o5ZOWLSY3_1.jpg!m_fill,w_280,h_210,f_jpg?from=ke.com
20231116,朝阳,三元桥,101121628262,新装修三居 做成了四居 南向采光好 保养好 shui费少,1750万,94259元/平,低楼层 (共34层) | 2002年 | 3室1厅 | 185.66平米 | 南,https://ke-image.ljcdn.com/110000-inspection/pc1_JHs2rRYYh_1.jpg!m_fill,w_280,h_210,f_jpg?from=ke.com
20231116,朝阳,三元桥,101121588296,时间国际 三元桥 商品房社区 小区安静全新精装修,1550万,84756元/平,底层 (共18层) 3室1厅 | 182.88平米 | 东 南 北,https://ke-image.ljcdn.com/110000-inspection/9acf0503-e2b2-41bb-9db9-7eb8b1d6d418_1000.jpg!m_fill,w_280,h_210,f_jpg?from=ke.com
20231116,朝阳,三元桥,101121572110,时间国际住宅小区双明卫三面采光面宽5米,1600万,84158元/平,低楼层 (共18层) 3室2厅 | 190.12平米 | 南 西 北,https://ke-image.ljcdn.com/110000-inspection/pc1_HWQxbjjY6_2.jpg!m_fill,w_280,h_210,f_jpg?from=ke.com
20231116,朝阳,三元桥,101121557518,时间国际带阳台正规一居室有燃气,678万,92915元/平,中楼层 (共13层) 1室1厅 | 72.97平米 | 东北,https://ke-image.ljcdn.com/110000-inspection/15ca78b9-89c2-4ff2-96db-57bedcf8af77_1000.jpg!m_fill,w_280,h_210,f_jpg?from=ke.com
20231116,朝阳,三元桥,101121544889,UHN国际村不临街 户型方正三居室满五年唯一 靠谱出售,1450万,103676元/平,低楼层 (共21层) | 2007年 | 3室2厅 | 139.86平米 | 南,https://ke-image.ljcdn.com/110000-inspection/pc1_HjIoTGW9x.jpg!m_fill,w_280,h_210,f_jpg?from=ke.com
20231116,朝阳,三元桥,101121497106,观景户型安静不临街诚意出售,1560万,121072元/平,低楼层 (共31层) | 2006年 | 2室2厅 | 128.85平米 | 东南,https://ke-image.ljcdn.com/110000-inspection/c70d906d-be47-442b-9dd9-28d5366548d1_1000.jpg!m_fill,w_280,h_210,f_jpg?from=ke.com
20231116,朝阳,三元桥,101121413755,凤凰城二期中间位置满五年唯一高楼层视野好,2560万,100772元/平,中楼层 (共31层) 4室2厅 | 254.04平米 | 南 西 北,https://ke-image.ljcdn.com/110000-inspection/pc1_BCt8jOB7n_2.jpg!m_fill,w_280,h_210,f_jpg?from=ke.com
20231116,朝阳,三元桥,101121392893,金星园 南北4居室 全明格局 户型分布合理 满五年唯一,1570万,90720元/平,低楼层 (共27层) | 2005年 | 4室1厅 | 173.06平米 | 东 南 西 北,https://ke-image.ljcdn.com/110000-inspection/e6784835-fae5-4ee8-bc0c-4f36918ec5ac_1000.jpg!m_fill,w_280,h_210,f_jpg?from=ke.com
20231116,朝阳,三元桥,101121385960,三元桥 曙光里 南北通透 明厨明卫 93年建成 精装修,435万,76036元/平,低楼层 (共6层) | 1993年 | 2室1厅 | 57.21平米 | 南 北,https://ke-image.ljcdn.com/110000-inspection/pc1_DRX84Y7Mu.jpg!m_fill,w_280,h_210,f_jpg?from=ke.com
20231116,朝阳,三元桥,101121379314,裘马都 高层东向观景 户型方正 精装小户型,765万,101675元/平,高楼层 (共21层) | 2008年 | 1室1厅 | 75.24平米 | 东,https://ke-image.ljcdn.com/110000-inspection/pc1_9utRZqLE3_2.jpg!m_fill,w_280,h_210,f_jpg?from=ke.com
20231116,朝阳,三元桥,101121372689,尚家楼新上南北两居高层视野无遮挡,610万,75966元/平,顶层 (共6层) 2室1厅 | 80.3平米 | 南 北,https://ke-image.ljcdn.com/110000-inspection/pc1_oeBC4TnFk_2.jpg!m_fill,w_280,h_210,f_jpg?from=ke.com
20231116,朝阳,三元桥,101121370822,满五唯一 明厨明卫 高楼层采光好无遮挡房主自荐,338万,62076元/平,顶层 (共6层) | 1982年 | 2室1厅 | 54.45平米 | 西南,https://ke-image.ljcdn.com/110000-inspection/pc1_gz9VtANZJ_2.jpg!m_fill,w_280,h_210,f_jpg?from=ke.com
20231116,朝阳,三元桥,101121302870,凤凰城一期复式三居 诚意出售 看房方便,1700万,98380元/平,低楼层 (共34层) | 2002年 | 3室1厅 | 172.8平米 | 东 西,https://ke-image.ljcdn.com/110000-inspection/pc1_vmTEJO6Nb_2.jpg!m_fill,w_280,h_210,f_jpg?from=ke.com
20231116,朝阳,三元桥,101121281182,凤凰城一期 正南北3+1 通透 方正 看国贸 没遮挡房主自荐,1938万,100213元/平,中楼层 (共34层) | 2002年 | 3室2厅 | 193.39平米 | 南 北,https://ke-image.ljcdn.com/110000-inspection/pc1_ibAB1IWYE_2.jpg!m_fill,w_280,h_210,f_jpg?from=ke.com
20231116,朝阳,三元桥,101121267411,曙光西里2居 中间楼层 明厨明卫 安静不临街房主自荐,350万,67412元/平,中楼层 (共6层) | 1984年 | 2室1厅 | 51.92平米 | 西南,https://ke-image.ljcdn.com/110000-inspection/7476c8d0-4dae-47dc-a230-a7e11ba66414_1000.jpg!m_fill,w_280,h_210,f_jpg?from=ke.com
20231116,朝阳,三元桥,101121258105,曙光里1991年建成钢混结构带电梯正规三居室带客厅房主自荐,730万,80335元/平,高楼层 (共12层) 3室1厅 | 90.87平米 | 南 北,https://ke-image.ljcdn.com/110000-inspection/pc1_rqPUPQtv3.jpg!m_fill,w_280,h_210,f_jpg?from=ke.com
20231116,朝阳,三元桥,101121216260,南北西三面落地窗明厨双明卫客厅面宽5米边户型,1710万,89944元/平,中楼层 (共18层) 3室2厅 | 190.12平米 | 南 西 北,https://ke-image.ljcdn.com/110000-inspection/pc1_rwDvLorho.jpg!m_fill,w_280,h_210,f_jpg?from=ke.com
20231116,朝阳,三元桥,101121202720,凤凰城二期 通透全明两居室 观景户型 不临街,1350万,117433元/平,中楼层 (共32层) | 2005年 | 2室1厅 | 114.96平米 | 东 西 北,https://ke-image.ljcdn.com/110000-inspection/pc1_Z5aGui1LC.jpg!m_fill,w_280,h_210,f_jpg?from=ke.com
20231116,朝阳,三元桥,101121193845,新上超有品位的小户型 精装舒适 满五唯一 南向观花园,615万,104185元/平,低楼层 (共28层) | 2003年 | 1室1厅 | 59.03平米 | 南,https://ke-image.ljcdn.com/110000-inspection/pc1_HHnrWhRwd.jpg!m_fill,w_280,h_210,f_jpg?from=ke.com
20231116,朝阳,三元桥,101121190089,UHN国际村户型方正前后不临街得房率81.2%二次装修,475万,102283元/平,中楼层 (共21层) | 2007年 | 1室0厅 | 46.44平米 | 西北,https://ke-image.ljcdn.com/110000-inspection/pc1_hWs2QRGBZ.jpg!m_fill,w_280,h_210,f_jpg?from=ke.com
20231116,朝阳,三元桥,101121186386,畜牧局家属院 南北通透精装修拎包入住房主自荐,351万,61257元/平,顶层 (共6层) | 1987年 | 2室1厅 | 57.3平米 | 南 北,https://ke-image.ljcdn.com/110000-inspection/pc1_l68idWZls_2.jpg!m_fill,w_280,h_210,f_jpg?from=ke.com
20231116,朝阳,三元桥,101121180835,太阳星城一期金星园两居室随时签约户型方正,1060万,107713元/平,低楼层 (共21层) | 2005年 | 2室1厅 | 98.41平米 | 东 东南,https://ke-image.ljcdn.com/110000-inspection/38ce5803-353a-41fb-96a6-49b8f8c21491_1000.jpg!m_fill,w_280,h_210,f_jpg?from=ke.com
20231116,朝阳,三元桥,101121159020,满五年唯一商品房 两面朝阳明厨明卫24小时保安执勤房主自荐,450万,73711元/平,中楼层 (共6层) | 1988年 | 2室1厅 | 61.05平米 | 东南,https://ke-image.ljcdn.com/110000-inspection/pc1_E6O252X6T_2.jpg!m_fill,w_280,h_210,f_jpg?from=ke.com
20231116,朝阳,三元桥,101121123758,金星园东南两居户型方正采光无遮挡,1150万,116740元/平,低楼层 (共22层) | 2006年 | 2室2厅 | 98.51平米 | 东南,https://ke-image.ljcdn.com/110000-inspection/7e779c61-c843-4ad0-90d9-9781f93c5745_1000.jpg!m_fill,w_280,h_210,f_jpg?from=ke.com
20231116,朝阳,三元桥,101121110030,金星园东南三居随时看房子户型方正,1399万,95125元/平,底层 (共27层) | 2005年 | 3室1厅 | 147.07平米 | 东南,https://ke-image.ljcdn.com/110000-inspection/pc1_425ys9276.jpg!m_fill,w_280,h_210,f_jpg?from=ke.com
20231116,朝阳,三元桥,101121096518,金星园太阳宫 复式南北四居 小板楼 明卫 边户,3000万,138390元/平,高楼层 (共13层) 4室2厅 | 216.78平米 | 南 北,https://ke-image.ljcdn.com/110000-inspection/ef88c213-b0c0-40fc-8ca5-f1705e247da6_1000.jpg!m_fill,w_280,h_210,f_jpg?from=ke.com
20231116,朝阳,三元桥,101121086926,二期9号楼南向对花园落地窗视野和采光很好,1049万,95747元/平,低楼层 (共28层) 2室1厅 | 109.56平米 | 南,https://ke-image.ljcdn.com/110000-inspection/pc1_879jimZhW.jpg!m_fill,w_280,h_210,f_jpg?from=ke.com
20231116,朝阳,三元桥,101121076840,曙光里  精装两居 有电梯 配套齐全,520万,82764元/平,低楼层 (共18层) | 1992年 | 2室1厅 | 62.83平米 | 南,https://ke-image.ljcdn.com/110000-inspection/pc1_TQDNJTYyo_1.jpg!m_fill,w_280,h_210,f_jpg?from=ke.com
20231116,朝阳,三元桥,101121064487,曙光里 301航空部单位宿舍 板楼二层,369万,61944元/平,低楼层 (共6层) | 1990年 | 2室1厅 | 59.57平米 | 西南 东北,https://ke-image.ljcdn.com/110000-inspection/pc1_Yp0sYl5ew.jpg!m_fill,w_280,h_210,f_jpg?from=ke.com
20231116,朝阳,三元桥,101121062297,凤凰城二期 精装修 安静不临街 南向 一居室,1080万,122798元/平,低楼层 (共32层) | 2005年 | 1室1厅 | 87.95平米 | 南,https://ke-image.ljcdn.com/110000-inspection/pc1_MxFHZ8vXM.jpg!m_fill,w_280,h_210,f_jpg?from=ke.com
20231116,朝阳,三元桥,101121060768,凤凰城二期 高层观景三居 两梯两户 满五年唯一；,2410万,104019元/平,中楼层 (共31层) 3室2厅 | 231.69平米 | 北 南,https://ke-image.ljcdn.com/110000-inspection/03e3f951-1334-468e-9ac5-c098794d5889_1000.jpg!m_fill,w_280,h_210,f_jpg?from=ke.com
20231116,朝阳,三元桥,101121048040,此房满五年唯一 高层东西通透 视野佳,1220万,87368元/平,中楼层 (共34层) | 2002年 | 2室1厅 | 139.64平米 | 东 西,https://ke-image.ljcdn.com/110000-inspection/97687473-0b4c-45f9-adbf-334db5905be3_1000.jpg!m_fill,w_280,h_210,f_jpg?from=ke.com
20231116,朝阳,三元桥,101121024167,金星园 3室2厅 南 西,1620万,109920元/平,高楼层 (共27层) | 2005年 | 3室2厅 | 147.38平米 | 南 西,https://ke-image.ljcdn.com/110000-inspection/2b0e9b4f-ca1e-43c2-8376-159070a0d502_1000.jpg!m_fill,w_280,h_210,f_jpg?from=ke.com
20231116,朝阳,三元桥,101121017941,曙光西里 精装修中间楼层 全明格局 南北通透房主自荐,418万,68739元/平,中楼层 (共6层) | 1981年 | 2室1厅 | 60.81平米 | 南 北,https://ke-image.ljcdn.com/110000-inspection/8db15402-932c-4d86-b7e0-a802c97caefe_1000.jpg!m_fill,w_280,h_210,f_jpg?from=ke.com
20231116,朝阳,三元桥,101120987617,凤凰城一期 高层两居 满五年唯一 全新装修 方便看,1130万,105381元/平,中楼层 (共34层) 2室2厅 | 107.23平米 | 西 北,https://ke-image.ljcdn.com/110000-inspection/2818d79f-dbb6-4169-b545-9e1e606ba7a3_1000.jpg!m_fill,w_280,h_210,f_jpg?from=ke.com
20231116,朝阳,三元桥,101120971591,凤凰城二期 东南北 采光好 满五唯一 三居室,2060万,91442元/平,低楼层 (共31层) | 2005年 | 3室2厅 | 225.28平米 | 东 南 北,https://ke-image.ljcdn.com/110000-inspection/a74f8e23-6251-401d-acd1-b7c4c7d3d7c4_1000.jpg!m_fill,w_280,h_210,f_jpg?from=ke.com
20231116,朝阳,三元桥,101120959727,曙光里1993年建成双南向两居室满五年唯一住宅。房主自荐,420万,68752元/平,底层 (共6层) | 1993年 | 2室2厅 | 61.09平米 | 南,https://ke-image.ljcdn.com/110000-inspection/pc1_R7U3SgxeP.jpg!m_fill,w_280,h_210,f_jpg?from=ke.com
20231116,朝阳,三元桥,101120950666,裘马都 5室2厅 东 南 北,4100万,111970元/平,低楼层 (共23层) | 2008年 | 5室2厅 | 366.17平米 | 东 南 北,https://ke-image.ljcdn.com/110000-inspection/pc1_dRWAcqOCj_1.jpg!m_fill,w_280,h_210,f_jpg?from=ke.com
20231116,朝阳,三元桥,101120924106,凤凰城三期南北通透高层三居室采光好,2350万,125736元/平,高楼层 (共31层) | 2006年 | 3室2厅 | 186.9平米 | 南 北,https://ke-image.ljcdn.com/110000-inspection/9f04890d-3f6e-401c-be7a-500a4bdce375_1000.jpg!m_fill,w_280,h_210,f_jpg?from=ke.com
20231116,朝阳,三元桥,101120890608,尚家楼48号院 南北两居室  次顶层  满五年唯一,652万,81500元/平,高楼层 (共6层) 2室2厅 | 80平米 | 南 北,https://ke-image.ljcdn.com/110000-inspection/pc1_FZLfQppPY.jpg!m_fill,w_280,h_210,f_jpg?from=ke.com
20231116,朝阳,三元桥,101120877620,华远裘马都 南向方正两居室 没有遮挡 无浪费,1165万,115279元/平,低楼层 (共21层) | 2008年 | 2室1厅 | 101.06平米 | 南,https://ke-image.ljcdn.com/110000-inspection/a0eecb13-0fc7-4955-9d9d-c2cc2cd1bc57_1000.jpg!m_fill,w_280,h_210,f_jpg?from=ke.com
20231116,朝阳,三元桥,101120858819,曙光里婚房装修双南户型厨房卫生间带窗户有钥匙房主自荐,369万,60403元/平,顶层 (共6层) | 1993年 | 2室1厅 | 61.09平米 | 南,https://ke-image.ljcdn.com/110000-inspection/2b744f6c-a46b-409a-8a62-bd1cad66de6a_1000.jpg!m_fill,w_280,h_210,f_jpg?from=ke.com
20231116,朝阳,三元桥,101120833280,太阳星城金星园南北通透三居室高层视野好满五年,1390万,122922元/平,顶层 (共15层) | 2004年 | 3室2厅 | 113.08平米 | 南 北,https://ke-image.ljcdn.com/110000-inspection/pc1_SGWnLbiB8.jpg!m_fill,w_280,h_210,f_jpg?from=ke.com
20231116,朝阳,三元桥,101120833101,裘马都 东户五居室 二次精装修 采光观景俱佳,3950万,107874元/平,中楼层 (共23层) 5室2厅 | 366.17平米 | 东 南 北,https://ke-image.ljcdn.com/110000-inspection/86f43bad-65ea-44e3-8733-bfa54a1e2a6c_1000.jpg!m_fill,w_280,h_210,f_jpg?from=ke.com
20231116,朝阳,三元桥,101120829321,西北向不临街落地窗视野开阔无遮挡,590万,86765元/平,高楼层 (共28层) | 2006年 | 1室1厅 | 68平米 | 西北,https://ke-image.ljcdn.com/110000-inspection/pc1_VWSGb61Fb.jpg!m_fill,w_280,h_210,f_jpg?from=ke.com
20231116,朝阳,三元桥,101120814960,太阳宫 国际村 朝南向一居室 满五唯一 好租房主自荐,510万,96281元/平,高楼层 (共28层) | 2006年 | 1室0厅 | 52.97平米 | 南,https://ke-image.ljcdn.com/110000-inspection/pc1_jCOrDx6Bw.jpg!m_fill,w_280,h_210,f_jpg?from=ke.com
20231116,朝阳,三元桥,101120741849,曙光里 南北通透 中间层 不临街 精装修房主自荐,415万,71540元/平,中楼层 (共4层) | 1988年 | 2室1厅 | 58.01平米 | 南 北,https://ke-image.ljcdn.com/110000-inspection/246da2cf-c95d-4b43-8039-250bd693b4d0_1000.jpg!m_fill,w_280,h_210,f_jpg?from=ke.com
20231116,朝阳,三元桥,101120717191,凤凰城一期 正南向三居 有新风 景观视野佳 两梯四户,1900万,102069元/平,高楼层 (共34层) 3室1厅 | 186.15平米 | 南,https://ke-image.ljcdn.com/110000-inspection/11b7a275-a804-4ddb-8aa2-89253d09d4c3_1000.jpg!m_fill,w_280,h_210,f_jpg?from=ke.com
20231116,朝阳,三元桥,101120625395,凤凰城四期 南北通透 带保姆间 观景小区园林 四居室房主自荐,3480万,131819元/平,中楼层 (共8层) | 2006年 | 4室2厅 | 264平米 | 南 北,https://ke-image.ljcdn.com/110000-inspection/760352d2-74eb-4f46-a50d-069302383a45_1000.jpg!m_fill,w_280,h_210,f_jpg?from=ke.com
20231116,朝阳,三元桥,101120592686,UHN国际村 南向二居 房况保持好 金地物业,1150万,100472元/平,中楼层 (共13层) | 2007年 | 2室1厅 | 114.46平米 | 东南,https://ke-image.ljcdn.com/110000-inspection/pc1_OpxSFoqc6_1.jpg!m_fill,w_280,h_210,f_jpg?from=ke.com
20231116,朝阳,三元桥,101120571971,凤凰城一期 南北通透 带储物间 诚意出售三居室,1750万,91509元/平,高楼层 (共34层) | 2002年 | 3室1厅 | 191.24平米 | 南 北,https://ke-image.ljcdn.com/110000-inspection/d5693fc5-4f32-473e-a229-be3037a38f51_1000.jpg!m_fill,w_280,h_210,f_jpg?from=ke.com
20231116,朝阳,三元桥,101120569215,曙光里301所中航院满五年精装修有电梯房主自荐,450万,78851元/平,高楼层 (共12层) | 1991年 | 1室1厅 | 57.07平米 | 东南,https://ke-image.ljcdn.com/110000-inspection/3e53d091-97d1-4a77-bee7-2b48130aa357_1000.jpg!m_fill,w_280,h_210,f_jpg?from=ke.com
20231116,朝阳,三元桥,101120565361,UHN国际村 南向 中高层 不临街 方正户型,580万,98657元/平,中楼层 (共28层) 1室1厅 | 58.79平米 | 南,https://ke-image.ljcdn.com/110000-inspection/9669747d-c7eb-480d-b3b1-c95f905ab4ed_1000.jpg!m_fill,w_280,h_210,f_jpg?from=ke.com
20231116,朝阳,三元桥,101120534172,凤凰城一期 新装修大三居 保养好 看房提前约,1780万,88642元/平,底层 (共34层) | 2002年 | 3室2厅 | 200.81平米 | 西南,https://ke-image.ljcdn.com/110000-inspection/pc1_QRivXAcxK.jpg!m_fill,w_280,h_210,f_jpg?from=ke.com
20231116,朝阳,三元桥,101120533529,凤凰城一期 3室3厅2卫2阳台 中间层视野好 看中国尊,1888万,113653元/平,中楼层 (共34层) 3室3厅 | 166.12平米 | 西南,https://ke-image.ljcdn.com/110000-inspection/pc1_BBdxEqGO4_2.jpg!m_fill,w_280,h_210,f_jpg?from=ke.com
20231116,朝阳,三元桥,101120532998,凤凰城一期 正规1居 格局合理得房高 看房随时,795万,107129元/平,低楼层 (共34层) | 2002年 | 1室1厅 | 74.21平米 | 西北,https://ke-image.ljcdn.com/110000-inspection/7b10131f-0674-4e19-bc33-a2d114654c18_1000.jpg!m_fill,w_280,h_210,f_jpg?from=ke.com
20231116,朝阳,三元桥,101120516473,凤凰城一期两居带阳台满五唯一视野好无遮挡,1100万,102584元/平,中楼层 (共34层) 2室1厅 | 107.23平米 | 西 北,https://ke-image.ljcdn.com/110000-inspection/pc1_wH8EJzKmh_1.jpg!m_fill,w_280,h_210,f_jpg?from=ke.com
20231116,朝阳,三元桥,101120505157,凤凰城二期 正规四居 南北通透 东边户 两梯两户,2900万,117667元/平,高楼层 (共31层) 4室2厅 | 246.46平米 | 南 东 北,https://ke-image.ljcdn.com/110000-inspection/47c07c4f-464e-447a-bb9f-8698bcb35e1a_1000.jpg!m_fill,w_280,h_210,f_jpg?from=ke.com
20231116,朝阳,三元桥,101120503644,凤凰城一期精装修一居室安静舒适不临街,749万,100930元/平,低楼层 (共34层) | 2002年 | 1室1厅 | 74.21平米 | 西北,https://ke-image.ljcdn.com/110000-inspection/pc1_4j9UWPU5r.jpg!m_fill,w_280,h_210,f_jpg?from=ke.com
20231116,朝阳,三元桥,101120453147,华润凤凰城 南北通透精装三居 可以拎包入住的家,2468万,115037元/平,低楼层 (共31层) | 2005年 | 3室2厅 | 214.54平米 | 南 北,https://ke-image.ljcdn.com/110000-inspection/pc1_EYHMtr8mo.jpg!m_fill,w_280,h_210,f_jpg?from=ke.com
20231116,朝阳,三元桥,101120451406,UHN国际村户型方正 三面采光南北通透落地飘窗房主自荐,1650万,107373元/平,中楼层 (共14层) 3室2厅 | 153.67平米 | 南 西 北,https://ke-image.ljcdn.com/110000-inspection/7a3cf1cd-a483-41f1-a6a3-87cb67e5618a_1000.jpg!m_fill,w_280,h_210,f_jpg?from=ke.com
20231116,朝阳,三元桥,101120447202,三期通透一居明厨明卫满五唯一独门独户,910万,108579元/平,中楼层 (共31层) 1室1厅 | 83.81平米 | 东 西,https://ke-image.ljcdn.com/110000-inspection/pc1_DBYSCKBh1_2.jpg!m_fill,w_280,h_210,f_jpg?from=ke.com
20231116,朝阳,三元桥,101120436451,裘马都 5室2厅 南 西 北,3700万,75563元/平,底层 (共24层) | 2008年 | 5室2厅 | 489.66平米 | 南 西 北,https://ke-image.ljcdn.com/110000-inspection/prod-9d9a388e-3891-4bd8-894e-56f0e883a5ef.jpg!m_fill,w_280,h_210,f_jpg?from=ke.com
20231116,朝阳,三元桥,101120427075,国际村 南北通透户型方正满五年唯一高层观景两梯两户,1480万,104094元/平,顶层 (共27层) | 2007年 | 3室1厅 | 142.18平米 | 南 北,https://ke-image.ljcdn.com/110000-inspection/a34d677b-ed28-461d-b595-1b347014acbb_1000.jpg!m_fill,w_280,h_210,f_jpg?from=ke.com
20231116,朝阳,三元桥,101120426759,精装修全新三层中空玻璃卫生间管道都换过。,1550万,132107元/平,高楼层 (共31层) | 2006年 | 2室1厅 | 117.33平米 | 南,https://ke-image.ljcdn.com/110000-inspection/7c1733ed-b7c6-473d-b50b-ab18ce2e2247_1000.jpg!m_fill,w_280,h_210,f_jpg?from=ke.com
20231116,朝阳,三元桥,101120422896,南向复式落地窗户无遮挡高楼层。,1060万,90917元/平,中楼层 (共28层) | 2005年 | 2室1厅 | 116.59平米 | 南,https://ke-image.ljcdn.com/110000-inspection/5197f31f-7c62-407d-a08c-d6b2bc143cd3_1000.jpg!m_fill,w_280,h_210,f_jpg?from=ke.com
20231116,朝阳,三元桥,101120357301,曙光里小区九o年由客厅南北向 两居室满五年唯一,399万,66981元/平,低楼层 (共6层) 2室1厅 | 59.57平米 | 南 北,https://ke-image.ljcdn.com/110000-inspection/1710ae6d-bc76-4aa7-8595-ddfa92363a9d_1000.jpg!m_fill,w_280,h_210,f_jpg?from=ke.com
20231116,朝阳,三元桥,101120339427,凤凰城三期 全南向2居 高层视野好,1470万,125288元/平,中楼层 (共31层) | 2006年 | 2室2厅 | 117.33平米 | 南,https://ke-image.ljcdn.com/110000-inspection/pc1_2Fw1p0Y0A.jpg!m_fill,w_280,h_210,f_jpg?from=ke.com
20231116,朝阳,三元桥,101120301324,金星园 东南小三居 观景无遮挡,1455万,126270元/平,低楼层 (共14层) | 2004年 | 3室1厅 | 115.23平米 | 东南,https://ke-image.ljcdn.com/110000-inspection/pc1_xSq30yamJ.jpg!m_fill,w_280,h_210,f_jpg?from=ke.com
20231116,朝阳,三元桥,101120259835,金星园板楼精装东南向两居无遮挡,1200万,116055元/平,中楼层 (共13层) | 2004年 | 2室2厅 | 103.4平米 | 东南,https://ke-image.ljcdn.com/110000-inspection/pc1_Gu2Q1Knnu.jpg!m_fill,w_280,h_210,f_jpg?from=ke.com
20231116,朝阳,三元桥,101120041027,此房满五年看房方便有装修诚意出售一居室,780万,115062元/平,高楼层 (共32层) | 2005年 | 1室1厅 | 67.79平米 | 西北,https://ke-image.ljcdn.com/110000-inspection/7a68041d-58be-40bb-9463-4b42880ab0a6_1000.jpg!m_fill,w_280,h_210,f_jpg?from=ke.com
20231116,朝阳,三元桥,101119955661,华润凤凰城 三环品质正规一居 交通便捷 诚心出售,1200万,136240元/平,中楼层 (共32层) | 2005年 | 1室1厅 | 88.08平米 | 南,https://ke-image.ljcdn.com/110000-inspection/pc1_wBTx4AOrG_1.jpg!m_fill,w_280,h_210,f_jpg?from=ke.com
20231116,朝阳,三元桥,101119949673,三元桥裘马都东西通透观景房 精装空置随时可看可签,820万,106425元/平,中楼层 (共21层) | 2008年 | 1室1厅 | 77.05平米 | 东 西 北,https://ke-image.ljcdn.com/110000-inspection/a387b4ec-4cc6-4e71-a6d9-4c3c8731f659_1000.jpg!m_fill,w_280,h_210,f_jpg?from=ke.com
20231116,朝阳,三元桥,101119940652,小区中间不临街满5唯一楼龄新近地铁,440万,76910元/平,高楼层 (共6层) 2室1厅 | 57.21平米 | 南 北,https://ke-image.ljcdn.com/110000-inspection/7195b4f0-756b-4a5c-9c2c-e2c8e49a6f9f_1000.jpg!m_fill,w_280,h_210,f_jpg?from=ke.com
20231116,朝阳,三元桥,101119857471,户型方正两卧朝南楼下公园采光好高档小区房主自荐,1110万,109836元/平,低楼层 (共21层) | 2008年 | 2室1厅 | 101.06平米 | 南,https://ke-image.ljcdn.com/110000-inspection/4727fb41-eced-4154-a822-b408706f37e3_1000.jpg!m_fill,w_280,h_210,f_jpg?from=ke.com
20231116,朝阳,三元桥,101119751891,金星园南向两居室小区中间位置中间层满五年。,1275万,113982元/平,中楼层 (共14层) | 2004年 | 2室1厅 | 111.86平米 | 南,https://ke-image.ljcdn.com/110000-inspection/bf5563cc-b3d0-4007-afc4-300b270a0ffc_1000.jpg!m_fill,w_280,h_210,f_jpg?from=ke.com
20231116,朝阳,三元桥,101119693766,曙光里 南北两居 中间层采光明亮,385万,66957元/平,中楼层 (共6层) | 1986年 | 2室1厅 | 57.5平米 | 南 北,https://ke-image.ljcdn.com/110000-inspection/pc1_nXduNF6Pz_2.jpg!m_fill,w_280,h_210,f_jpg?from=ke.com
20231116,朝阳,三元桥,101119416743,曙光里 人社部 管理好 不临街 中间层 楼道干净,320万,78278元/平,中楼层 (共4层) 1室1厅 | 40.88平米 | 东南,https://ke-image.ljcdn.com/110000-inspection/pc1_ZkrHU6jE2_1.jpg!m_fill,w_280,h_210,f_jpg?from=ke.com
20231116,朝阳,三元桥,101119416433,新出国际村大三居精装修随时看房子,1700万,101173元/平,高楼层 (共28层) | 2005年 | 3室1厅 | 168.03平米 | 南 北,https://ke-image.ljcdn.com/110000-inspection/007b2d89-916f-464e-a8d5-123b8299fcbb_1000.jpg!m_fill,w_280,h_210,f_jpg?from=ke.com
20231116,朝阳,三元桥,101119267314,UHN国际村 满五年 不临街 观景户型 诚意出售,530万,100608元/平,中楼层 (共28层) | 2005年 | 1室1厅 | 52.68平米 | 西北,https://ke-image.ljcdn.com/110000-inspection/98f92022-2269-4b2a-abf4-02504b9cfd46_1000.jpg!m_fill,w_280,h_210,f_jpg?from=ke.com
20231116,朝阳,三元桥,101119255323,曙光里 2室1厅 南,490万,77815元/平,高楼层 (共18层) | 1992年 | 2室1厅 | 62.97平米 | 南,https://ke-image.ljcdn.com/110000-inspection/pc1_Dwn1BC5Ca_2.jpg!m_fill,w_280,h_210,f_jpg?from=ke.com
20231116,朝阳,三元桥,101119225544,凤凰城二期 户型方正 带阳台 全明格局 一居室,810万,120357元/平,低楼层 (共32层) | 2005年 | 1室1厅 | 67.3平米 | 西 北,https://ke-image.ljcdn.com/110000-inspection/7c0e5bda-7e21-4762-9c29-cadc34c1f160_1000.jpg!m_fill,w_280,h_210,f_jpg?from=ke.com
20231116,朝阳,三元桥,101119176233,国际村一居 采光视野好 远眺中国尊 满五唯一产权清晰,645万,97198元/平,高楼层 (共28层) | 2006年 | 1室1厅 | 66.36平米 | 南,https://ke-image.ljcdn.com/110000-inspection/pc1_reGhicVdy.jpg!m_fill,w_280,h_210,f_jpg?from=ke.com
20231116,朝阳,三元桥,101119098331,南北通透两居室户型方正全景落地窗采光视野好,1400万,120213元/平,中楼层 (共28层) | 2004年 | 2室1厅 | 116.46平米 | 南 北,https://ke-image.ljcdn.com/110000-inspection/6efd29fa-1ca0-4a95-9604-44a543a17cce_1000.jpg!m_fill,w_280,h_210,f_jpg?from=ke.com
20231116,朝阳,三元桥,101119092364,裘马都 边户 带产权车位  满五年唯一  景观房,3100万,106416元/平,低楼层 (共24层) | 2008年 | 4室1厅 | 291.31平米 | 南 西 北,https://ke-image.ljcdn.com/110000-inspection/pc1_OWzZ92f6t_2.jpg!m_fill,w_280,h_210,f_jpg?from=ke.com
20231116,朝阳,三元桥,101118974101,UHN国际村 正南向三居室安静不临街 满五年唯一,1350万,100372元/平,中楼层 (共28层) | 2006年 | 3室2厅 | 134.5平米 | 南,https://ke-image.ljcdn.com/110000-inspection/235debda-afda-4576-9ccc-8b28bec213db_1000.jpg!m_fill,w_280,h_210,f_jpg?from=ke.com
20231116,朝阳,三元桥,101118918474,凤凰城一期 东南向 带明卫 诚意出售 三居室,1485万,90208元/平,中楼层 (共34层) | 2002年 | 3室1厅 | 164.62平米 | 东南,https://ke-image.ljcdn.com/110000-inspection/006fca89-21a8-4023-9f77-8a3e2bf822ef_1000.jpg!m_fill,w_280,h_210,f_jpg?from=ke.com
20231116,朝阳,三元桥,101118780307,凤凰城一期 西北向 安静 不临街 高层 精装 两居室房主自荐,999万,95947元/平,高楼层 (共34层) | 2002年 | 2室1厅 | 104.12平米 | 西北,https://ke-image.ljcdn.com/110000-inspection/pc1_CxDo4C5rK.jpg!m_fill,w_280,h_210,f_jpg?from=ke.com
20231116,朝阳,三元桥,101118756487,凤凰城四期 南北通透  样板间装修 保持好 五居室,5800万,155592元/平,底层 (共7层) | 2006年 | 5室2厅 | 372.77平米 | 南 北,https://ke-image.ljcdn.com/110000-inspection/fe24f878-b95b-4326-aeba-901e99185daf_1000.jpg!m_fill,w_280,h_210,f_jpg?from=ke.com
20231116,朝阳,三元桥,101118668097,凤凰城四期 4室2厅 南 北,4500万,129404元/平,底层 (共8层) | 2007年 | 4室2厅 | 347.75平米 | 南 北,https://ke-image.ljcdn.com/110000-inspection/fb4026ab-ccad-464b-97cd-5c1cd9466c7c_1000.jpg!m_fill,w_280,h_210,f_jpg?from=ke.com
20231116,朝阳,三元桥,101118577985,凤凰城三期 通透一居 高楼层装修好 满五唯一 诚心卖,990万,124764元/平,中楼层 (共31层) | 2006年 | 1室1厅 | 79.35平米 | 东 西,https://ke-image.ljcdn.com/110000-inspection/pc1_1UlvJjqhf.jpg!m_fill,w_280,h_210,f_jpg?from=ke.com
20231116,朝阳,三元桥,101118526041,曙光西里 贸促会家属楼 南北通透 明厨明卫 可视门禁房主自荐,415万,68630元/平,高楼层 (共6层) | 1984年 | 2室1厅 | 60.47平米 | 南 北,https://ke-image.ljcdn.com/110000-inspection/329fa1d0-8323-4f42-98f9-4a19e7b0af3b_1000.jpg!m_fill,w_280,h_210,f_jpg?from=ke.com
20231116,朝阳,三元桥,101118517374,金星园下跃南北通透四居室精装修。满五唯一。,2280万,99755元/平,底层 (共14层) | 2004年 | 4室2厅 | 228.56平米 | 南 北,https://ke-image.ljcdn.com/110000-inspection/pc1_phQcHA2Qi_1.jpg!m_fill,w_280,h_210,f_jpg?from=ke.com
20231116,朝阳,三元桥,101118491003,国际村南北三居室 采光视野好 眺望中国尊 随时看房,1790万,106694元/平,高楼层 (共28层) 3室2厅 | 167.77平米 | 南 北,https://ke-image.ljcdn.com/110000-inspection/16777e7d-7bbb-4a52-9b7c-5393f6972d50_1000.jpg!m_fill,w_280,h_210,f_jpg?from=ke.com
20231116,朝阳,三元桥,101118440258,满五唯一南向一居全明格局。,790万,105096元/平,低楼层 (共21层) | 2008年 | 1室1厅 | 75.17平米 | 南,https://ke-image.ljcdn.com/110000-inspection/pc1_i3yfyNQut.jpg!m_fill,w_280,h_210,f_jpg?from=ke.com
20231116,朝阳,三元桥,101118365088,三元桥 三源里北小街 花园式社区 满五唯一 诚售两居,389万,69826元/平,中楼层 (共6层) | 1979年 | 2室1厅 | 55.71平米 | 南,https://ke-image.ljcdn.com/110000-inspection/f1f2666c-e073-4a95-a7ad-d9e349e6bfcb_1000.jpg!m_fill,w_280,h_210,f_jpg?from=ke.com
20231116,朝阳,三元桥,101118335948,三环边曙光里三室两厅 满五唯一 1998年钢混 精装修房主自荐,739万,66219元/平,顶层 (共6层) | 1998年 | 3室2厅 | 111.6平米 | 东南 西北,https://ke-image.ljcdn.com/110000-inspection/pc1_pqWP0VrdB.jpg!m_fill,w_280,h_210,f_jpg?from=ke.com
20231116,朝阳,三元桥,101117860680,满五年唯一带电梯高层两居室精装修管理好。,375万,72213元/平,中楼层 (共12层) | 1982年 | 2室1厅 | 51.93平米 | 西南,https://ke-image.ljcdn.com/110000-inspection/pc1_WpyXEqaU8_1.jpg!m_fill,w_280,h_210,f_jpg?from=ke.com
20231116,朝阳,三元桥,101117586655,板楼不临街三居室仅契税独立花园赏四季风景房主自荐,1799万,104545元/平,底层 (共14层) | 2004年 | 3室2厅 | 172.08平米 | 南,https://ke-image.ljcdn.com/110000-inspection/36c1e121-d8c6-4257-a32d-6a5479d9f4d6_1000.jpg!m_fill,w_280,h_210,f_jpg?from=ke.com
20231116,朝阳,三元桥,101117551268,曙光里精装修高层两居室采光好居住安静,395万,68936元/平,顶层 (共6层) | 1987年 | 2室1厅 | 57.3平米 | 西南 东北,https://ke-image.ljcdn.com/110000-inspection/pc1_5OTH80QzM_2.jpg!m_fill,w_280,h_210,f_jpg?from=ke.com
20231116,朝阳,三元桥,101117310758,房子19年买的二手房。重新装修过保养好拎包入住,3470万,69039元/平,底层 (共23层) | 2008年 | 4室3厅 | 502.62平米 | 东 南 北,https://ke-image.ljcdn.com/110000-inspection/pc1_5LKApGZlv_2.jpg!m_fill,w_280,h_210,f_jpg?from=ke.com
20231116,朝阳,三元桥,101117263980,本房是满五年唯一 全明格局 东西通透一居室,835万,107812元/平,中楼层 (共17层) | 2008年 | 1室1厅 | 77.45平米 | 东 西,https://ke-image.ljcdn.com/110000-inspection/ddb93a37-b6ea-4e8f-a9f7-12d887fc77ad_1000.jpg!m_fill,w_280,h_210,f_jpg?from=ke.com
20231116,朝阳,三元桥,101117064979,裘马都 精装观景五居室 私家入户花厅,3900万,106508元/平,中楼层 (共23层) 5室3厅 | 366.17平米 | 北 南 西,https://ke-image.ljcdn.com/110000-inspection/pc1_6t98Rh8ql_1.jpg!m_fill,w_280,h_210,f_jpg?from=ke.com
20231116,朝阳,三元桥,101116988352,金星园新上花园板楼社区稳定出售 靠谱签约,1890万,93352元/平,底层 (共15层) | 2004年 | 4室2厅 | 202.46平米 | 南 北,https://ke-image.ljcdn.com/110000-inspection/694bacb9-f731-4271-b46d-bacb0a002061_1000.jpg!m_fill,w_280,h_210,f_jpg?from=ke.com
20231116,朝阳,三元桥,101116685170,UHN国际村 中间位置 满五年唯一,480万,126250元/平,中楼层 (共6层) | 2007年 | 1室0厅 | 38.02平米 | 西北,https://ke-image.ljcdn.com/110000-inspection/test-03b00652-a017-477a-9abb-d97374a3d4ca.png!m_fill,w_280,h_210,f_jpg?from=ke.com
20231116,朝阳,三元桥,101116430791,2002年商品房产权清晰无抵押满五年北京一套。,1745万,112610元/平,底层 (共34层) | 2002年 | 3室1厅 | 154.96平米 | 东南,https://ke-image.ljcdn.com/110000-inspection/pc1_hNxwISgA4.jpg!m_fill,w_280,h_210,f_jpg?from=ke.com
20231116,朝阳,三元桥,101116371372,曙光西里精装两居室双南向业主诚意出售房主自荐,389万,74736元/平,高楼层 (共6层) | 1983年 | 2室1厅 | 52.05平米 | 东南,https://ke-image.ljcdn.com/110000-inspection/pc1_ADoUr2TEM_1.jpg!m_fill,w_280,h_210,f_jpg?from=ke.com
20231116,朝阳,三元桥,101116319286,裘马都 精装下跃四居 满五唯一 净高3.27米 三面采光,3400万,76113元/平,底层 (共24层) 4室2厅 | 446.71平米 | 南 西 北,https://ke-image.ljcdn.com/110000-inspection/pc1_z1rHg2do2.jpg!m_fill,w_280,h_210,f_jpg?from=ke.com
20231116,朝阳,三元桥,101116163814,房子满五年 南北通透 精装修 小区高层户型,1800万,91334元/平,高楼层 (共34层) | 2002年 | 3室2厅 | 197.08平米 | 南 北,https://ke-image.ljcdn.com/110000-inspection/b16814fe-1913-4231-a2de-51b8e38ed958_1000.jpg!m_fill,w_280,h_210,f_jpg?from=ke.com
20231116,朝阳,三元桥,101121851615,全明格局 户型方正高层视野好 赏喷泉景观 满五唯一新上,1550万,113479元/平,高楼层 (共21层) | 2005年 | 3室1厅 | 136.59平米 | 南 西,https://s1.ljcdn.com/pegasus/redskull/images/common/default_house_list.png?_v=202311081228217
20231116,朝阳,三元桥,101121732681,时间国际 3室2厅 南 北,1700万,89418元/平,高楼层 (共18层) 3室2厅 | 190.12平米 | 南 北,https://s1.ljcdn.com/pegasus/redskull/images/common/default_house_list.png?_v=202311081228217
20231116,朝阳,三元桥,101121570058,曙光西里 全明格局 朝南 满五年房主自荐,270万,61532元/平,顶层 (共6层) | 1989年 | 1室1厅 | 43.88平米 | 东南,https://s1.ljcdn.com/pegasus/redskull/images/common/default_house_list.png?_v=202311081228217
20231116,朝阳,三元桥,101121528081,裘马都太阳宫 东西一居 精装修 落地窗 不临街,730万,94462元/平,中楼层 (共17层) | 2008年 | 1室1厅 | 77.28平米 | 东 西 北,https://s1.ljcdn.com/pegasus/redskull/images/common/default_house_list.png?_v=202311081228217
20231116,朝阳,三元桥,101121483918,UHN国际村 满五唯一 南向 采光好 视野好,620万,92621元/平,高楼层 (共28层) | 2006年 | 1室1厅 | 66.94平米 | 南,https://s1.ljcdn.com/pegasus/redskull/images/common/default_house_list.png?_v=202311081228217
20231116,朝阳,三元桥,101121377142,中间楼层 前边无遮挡 看小区园林跟里巷 视野很棒；,1045万,132969元/平,中楼层 (共31层) | 2006年 | 1室1厅 | 78.59平米 | 南,https://s1.ljcdn.com/pegasus/redskull/images/common/default_house_list.png?_v=202311081228217
20231116,朝阳,三元桥,101121345641,曙光里 南北两居室 通透户型 中间层采光明亮,400万,69193元/平,中楼层 (共4层) 2室1厅 | 57.81平米 | 南 北,https://s1.ljcdn.com/pegasus/redskull/images/common/default_house_list.png?_v=202311081228217
20231116,朝阳,三元桥,101121343082,裘马都 三卧朝南 观景四居 满五唯一 诚意出售,2650万,90745元/平,低楼层 (共23层) | 2008年 | 4室1厅 | 292.03平米 | 西 南 北,https://s1.ljcdn.com/pegasus/redskull/images/common/default_house_list.png?_v=202311081228217
20231116,朝阳,三元桥,101121191728,曙光里2居 南北通透 一层出入方便,325万,66098元/平,底层 (共4层) | 1988年 | 2室1厅 | 49.17平米 | 东南 西北,https://ke-image.ljcdn.com/110000-inspection/pc1_Md4rAdG80_1.jpg!m_fill,w_280,h_210,f_jpg?from=ke.com
20231116,朝阳,三元桥,101121044184,金星园南向两居满五唯一前后观小区园林安静舒适,1230万,109959元/平,低楼层 (共14层) | 2004年 | 2室1厅 | 111.86平米 | 南,https://s1.ljcdn.com/pegasus/redskull/images/common/default_house_list.png?_v=202311081228217
20231116,朝阳,三元桥,101120616565,UHN国际村 充电车位 可装充电桩,28万,8171元/平,地下室 (共1层) 1室0厅 | 34.27平米 | 南,https://ke-image.ljcdn.com/110000-inspection/9dab74b2824bc0e03902f9cc5dd44def-009.jpg!m_fill,w_280,h_210,f_jpg?from=ke.com
20231116,朝阳,三元桥,101119565853,阳光三室 户型方正 双通透 宜居选择,1950万,109903元/平,中楼层 (共16层) | 2006年 | 3室2厅 | 177.43平米 | 南 北,https://ke-image.ljcdn.com/110000-inspection/a1247a06-b908-4753-a0cb-f7e0143d9830.jpg!m_fill,w_280,h_210,f_jpg?from=ke.com
20231116,朝阳,三元桥,101118942374,凤凰城二期 车位,38万,11354元/平,地下室 1室0厅 | 33.47平米 | 南,https://ke-image.ljcdn.com/110000-inspection/1000165c-d35d-4452-ac69-55e1e789c535.jpg!m_fill,w_280,h_210,f_jpg?from=ke.com
20231116,朝阳,三元桥,101117929310,9号楼下B1车位车库入口。停车方便,33万,9884元/平,地下室 (共2层) 1室0厅 | 33.39平米 | 南,https://ke-image.ljcdn.com/110000-inspection/af9f152836b2e8e666fb1ac2bc5b5aba-050.jpg!m_fill,w_280,h_210,f_jpg?from=ke.com
20231116,朝阳,三元桥,101117876888,一期产权车位 位置好 停车方便,50万,13485元/平,地下室 (共13层) 1室0厅 | 37.08平米 | 南,https://ke-image.ljcdn.com/110000-inspection/fcfda5bfae67550b6b0bb048c698a8c4-088.jpg!m_fill,w_280,h_210,f_jpg?from=ke.com
20231116,朝阳,三元桥,101117162865,UHN国际村产权车位  业主诚意出售 价格可谈,27万,7879元/平,地下室 1室0厅 | 34.27平米 | 南,https://s1.ljcdn.com/pegasus/redskull/images/common/default_house_list.png?_v=202311081228217
20231116,朝阳,三元桥,101115826523,UHN国际村 10号楼 电梯直达 位置好,30万,6484元/平,地下室 (共2层) | 2007年 | 1室0厅 | 46.27平米 | 南,https://ke-image.ljcdn.com/110000-inspection/fc1171c8-0902-4389-a128-96345015fac8.jpg!m_fill,w_280,h_210,f_jpg?from=ke.com
20231116,朝阳,三元桥,101114728456,太阳星城金星园地下一层车库可以装充电桩,46.6万,12568元/平,地下室 (共13层) | 2005年 | 1室0厅 | 37.08平米 | 南,https://ke-image.ljcdn.com/110000-inspection/5d10e2dc-f1cb-4623-8bed-af1b3e21e477.jpg!m_fill,w_280,h_210,f_jpg?from=ke.com
