20230913,东城,安定门,101120947178,东城区满五年央产房净层高2.7米带电梯户型好必看好房,518万,126342元/平,中楼层 (共12层) 1室1厅 | 41平米 | 东,https://ke-image.ljcdn.com/110000-inspection/0ddd209e-7835-4453-a4e3-dbe05abf719b_1000.jpg!m_fill,w_280,h_210,f_jpg?from=ke.com
20230913,东城,安定门,101119678544,青年湖东里 田字格户型 满五年唯一 低楼层 户型方正必看好房,818万,105196元/平,底层 (共5层) 3室1厅 | 77.76平米 | 南 北,https://ke-image.ljcdn.com/110000-inspection/8fd6f4f2-5652-46a2-b66f-f2bd2473356e_1000.jpg!m_fill,w_280,h_210,f_jpg?from=ke.com
20230913,东城,安定门,101119082484,商务部央产满五唯一南北通透板楼双阳台必看好房,1199万,124095元/平,中楼层 (共7层) | 1998年建 | 3室1厅 | 96.62平米 | 南 北,https://ke-image.ljcdn.com/110000-inspection/0a33a57b-bcb6-4ab5-8ae0-ac2c9ce32927_1000.jpg!m_fill,w_280,h_210,f_jpg?from=ke.com
20230913,东城,安定门,101118979389,青年湖 双南两居室 高楼层 电梯直达 采光好必看好房,640万,112995元/平,高楼层 (共12层) 2室1厅 | 56.64平米 | 南,https://ke-image.ljcdn.com/110000-inspection/c8f72276-9dfc-41c4-9133-a87d2d7bd428_1000.jpg!m_fill,w_280,h_210,f_jpg?from=ke.com
20230913,东城,安定门,101118762600,东城 安定门 青年湖公园北门 大2居 中间层 满2年必看好房,610万,95016元/平,中楼层 (共6层) 2室1厅 | 64.2平米 | 东 西,https://ke-image.ljcdn.com/110000-inspection/pc1_r7kYbzZyb.jpg!m_fill,w_280,h_210,f_jpg?from=ke.com
20230913,东城,安定门,101120744885,青年湖公园东门 满五年单位分的 南北通透 户型楼层好,865万,110572元/平,中楼层 (共18层) 3室1厅 | 78.23平米 | 南 北,https://ke-image.ljcdn.com/110000-inspection/44ddbe7c-e851-488a-819f-f3e9b37bcc6e_1000.jpg!m_fill,w_280,h_210,f_jpg?from=ke.com
20230913,东城,安定门,101120715246,安外西河沿路1号院 1室1厅 东,850万,126169元/平,高楼层 (共21层) 1室1厅 | 67.37平米 | 东,https://ke-image.ljcdn.com/110000-inspection/656ef7af-9bf3-4c41-854a-44e8aaaac83d_1000.jpg!m_fill,w_280,h_210,f_jpg?from=ke.com
20230913,东城,安定门,101120663422,安德里北街24号院 南北通透 无遮挡 满五唯一两居房主自荐,699万,114609元/平,顶层 (共6层) | 1983年建 | 2室1厅 | 60.99平米 | 南 北,https://ke-image.ljcdn.com/110000-inspection/2839a868-4894-416d-b980-dcea6e21021a_1000.jpg!m_fill,w_280,h_210,f_jpg?from=ke.com
20230913,东城,安定门,101120553229,本房满五年业主名下唯一住房无遮挡两居户型方正必看好房,1040万,114892元/平,中楼层 (共24层) 2室1厅 | 90.52平米 | 西南 西北,https://ke-image.ljcdn.com/110000-inspection/pc1_zP9oPTi6J.jpg!m_fill,w_280,h_210,f_jpg?from=ke.com
20230913,东城,安定门,101120552723,六铺炕 业主精装自住楼层高视野好。,620万,143486元/平,高楼层 (共16层) | 1992年建 | 1室1厅 | 43.21平米 | 西,https://ke-image.ljcdn.com/110000-inspection/pc1_rabTsSZzf.jpg!m_fill,w_280,h_210,f_jpg?from=ke.com
20230913,东城,安定门,101120479511,工行家属院 户型方正 通透性好 阳光充足一手业主,630万,113575元/平,顶层 (共18层) 2室1厅 | 55.47平米 | 西南,https://ke-image.ljcdn.com/110000-inspection/pc1_HMu7lZFA5.jpg!m_fill,w_280,h_210,f_jpg?from=ke.com
20230913,东城,安定门,101120369923,六铺炕两居室=石油部高职楼=鼓楼大街地铁站向北走,680万,127175元/平,中楼层 (共5层) 2室1厅 | 53.47平米 | 东 西,https://ke-image.ljcdn.com/110000-inspection/pc1_uz9vTUNMU.jpg!m_fill,w_280,h_210,f_jpg?from=ke.com
20230913,东城,安定门,101119740676,青年湖公园南门正规一室一厅满五年唯一成本价,518万,133026元/平,底层 (共6层) 1室1厅 | 38.94平米 | 东 西,https://ke-image.ljcdn.com/110000-inspection/2fffdaf6-7e9c-4960-b23d-c3cf6b30a6bd_1000.jpg!m_fill,w_280,h_210,f_jpg?from=ke.com
20230913,东城,安定门,101119591216,安德路社区 南北通透两居室  满五唯一 交通便利,649万,111169元/平,中楼层 (共6层) | 1990年建 | 2室1厅 | 58.38平米 | 南 北,https://ke-image.ljcdn.com/110000-inspection/pc1_DxuyZPC2U.jpg!m_fill,w_280,h_210,f_jpg?from=ke.com
20230913,东城,安定门,101119586228,安定门满五年唯一商品房楼龄新看房方便。必看好房,489.8万,132058元/平,低楼层 (共17层) 1室0厅 | 37.09平米 | 东北,https://ke-image.ljcdn.com/110000-inspection/6431f4d4-6044-4f30-abc2-925ec457d267_1000.jpg!m_fill,w_280,h_210,f_jpg?from=ke.com
20230913,东城,安定门,101119418045,湖景苑 背靠青年湖公园 花园社区 没遮挡正对小区,972万,121425元/平,中楼层 (共10层) | 2003年建 | 2室1厅 | 80.05平米 | 东 西,https://ke-image.ljcdn.com/110000-inspection/pc1_FQRXuIkpW.jpg!m_fill,w_280,h_210,f_jpg?from=ke.com
20230913,东城,安定门,101119250550,和平里街道 湖景苑 有品质 总价不高 2居室 满五年唯一必看好房,860万,112023元/平,低楼层 (共10层) 2室1厅 | 76.77平米 | 南,https://ke-image.ljcdn.com/110000-inspection/ce4bc465-29fe-4af2-b5f3-501112a4ba13_1000.jpg!m_fill,w_280,h_210,f_jpg?from=ke.com
20230913,东城,安定门,101118683657,东城安定门外 安外西河沿 一居室 满五年唯一必看好房,515万,118691元/平,中楼层 (共6层) 1室1厅 | 43.39平米 | 南,https://ke-image.ljcdn.com/110000-inspection/1cb39cef-52bc-46df-b50c-23e83c969fa9_1000.jpg!m_fill,w_280,h_210,f_jpg?from=ke.com
20230913,东城,安定门,101118634476,青年湖北里精装两居产权清晰采光视野无遮挡必看好房,536万,106455元/平,低楼层 (共6层) | 1988年建 | 2室1厅 | 50.35平米 | 西北,https://ke-image.ljcdn.com/110000-inspection/pc1_pTwWiWOAY.jpg!m_fill,w_280,h_210,f_jpg?from=ke.com
20230913,东城,安定门,101118539796,青年湖东里双满五唯一业主诚心出售采光好。,750万,108132元/平,中楼层 (共18层) 2室1厅 | 69.36平米 | 南,https://ke-image.ljcdn.com/110000-inspection/pc1_kmCaToEEG.jpg!m_fill,w_280,h_210,f_jpg?from=ke.com
20230913,东城,安定门,101118508858,和平里六铺炕 中石油管理 小区安静 户型方正,1030万,120299元/平,中楼层 (共12层) 3室1厅 | 85.62平米 | 南,https://ke-image.ljcdn.com/110000-inspection/pc1_f6VfU05Dp.jpg!m_fill,w_280,h_210,f_jpg?from=ke.com
20230913,东城,安定门,101118237311,和平里 青年湖 巷上嘉园 东南两居 安静宜居 近地铁,1050万,105687元/平,中楼层 (共12层) 2室1厅 | 99.35平米 | 东南,https://ke-image.ljcdn.com/110000-inspection/3940601e-2890-4bd1-8b4e-86b22bb1069c_1000.jpg!m_fill,w_280,h_210,f_jpg?from=ke.com
20230913,东城,安定门,101118220330,满五年中低楼层正规客厅明厨明卫精装修,730万,109528元/平,中楼层 (共5层) 2室1厅 | 66.65平米 | 南 北,https://ke-image.ljcdn.com/110000-inspection/6041cbd2-f5dc-4372-b70f-0853db035740_1000.jpg!m_fill,w_280,h_210,f_jpg?from=ke.com
20230913,东城,安定门,101118193132,冶金部央产房 管理好 采光无遮挡  满五唯一,628万,123114元/平,底层 (共6层) 2室1厅 | 51.01平米 | 东 西,https://ke-image.ljcdn.com/110000-inspection/02ea829c-12f8-4a19-8a6e-9a8fa7724c35_1000.jpg!m_fill,w_280,h_210,f_jpg?from=ke.com
20230913,东城,安定门,101118090818,满五年唯一 精装修 带电梯 楼龄新必看好房,835万,108414元/平,中楼层 (共14层) | 1991年建 | 3室1厅 | 77.02平米 | 东,https://ke-image.ljcdn.com/110000-inspection/811f7197-b2f5-47ce-b0e3-db62a634089e_1000.jpg!m_fill,w_280,h_210,f_jpg?from=ke.com
20230913,东城,安定门,101117163127,安定门 精装大一居室 无遮挡 视野好 交通便利,558万,99732元/平,中楼层 (共19层) 1室1厅 | 55.95平米 | 西,https://ke-image.ljcdn.com/110000-inspection/pc1_GtvI1Dcp5.jpg!m_fill,w_280,h_210,f_jpg?from=ke.com
20230913,东城,安定门,101116936790,北二环安定门2019年小区人车分流有地下车位,1280万,138125元/平,高楼层 (共15层) | 2019年建 | 2室1厅 | 92.67平米 | 南 北,https://ke-image.ljcdn.com/110000-inspection/f212291a-ee23-4ed0-954a-1d1c7508425b_1000.jpg!m_fill,w_280,h_210,f_jpg?from=ke.com
20230913,东城,安定门,101114655390,青年湖 南北通透满五年 老少皆宜楼层,655万,107766元/平,底层 (共6层) 2室1厅 | 60.78平米 | 南 北,https://ke-image.ljcdn.com/110000-inspection/pc1_yHDb5BZFg.jpg!m_fill,w_280,h_210,f_jpg?from=ke.com
20230913,东城,安定门,101112865811,外馆东街50号院 柳荫公园 带电梯 管理好 东南两居室房主自荐,520万,87557元/平,顶层 (共20层) | 1985年建 | 2室1厅 | 59.39平米 | 东南,https://ke-image.ljcdn.com/110000-inspection/pc1_wVo6e7Gpi.jpg!m_fill,w_280,h_210,f_jpg?from=ke.com
20230913,东城,安定门,101120870586,东城安定门青年湖两居室中间层可贷款必看好房,620万,101590元/平,中楼层 (共17层) 2室1厅 | 61.03平米 | 西北,https://ke-image.ljcdn.com/110000-inspection/pc1_jxnBvA95O.jpg!m_fill,w_280,h_210,f_jpg?from=ke.com
20230913,东城,安定门,101120849314,东城北二环安定门有电梯05年小区一居室,506万,139356元/平,低楼层 (共17层) 1室0厅 | 36.31平米 | 北,https://ke-image.ljcdn.com/110000-inspection/pc1_hkLpuKBax_1.jpg!m_fill,w_280,h_210,f_jpg?from=ke.com
20230913,东城,安定门,101120847649,东城安定门 公园门口一居室带电梯,630万,119590元/平,中楼层 (共18层) 1室1厅 | 52.68平米 | 东 南,https://ke-image.ljcdn.com/110000-inspection/2758281d-f33e-4d4c-ada7-b3baeaf36eb4_1000.jpg!m_fill,w_280,h_210,f_jpg?from=ke.com
20230913,东城,安定门,101120597276,青年湖东里 中间层三居室  采光好 层高较高 敞亮舒服必看好房,768万,108246元/平,中楼层 (共6层) 3室1厅 | 70.95平米 | 南 北,https://ke-image.ljcdn.com/110000-inspection/431d35e3-cb07-461f-909e-53a429226cbf_1000.jpg!m_fill,w_280,h_210,f_jpg?from=ke.com
20230913,东城,安定门,101120464711,六铺炕石油分房管理好地铁8号线20米格局方正不缺角4居必看好房,1050万,123894元/平,底层 (共12层) 4室1厅 | 84.75平米 | 南 北,https://ke-image.ljcdn.com/110000-inspection/pc1_sqSSGqysY.jpg!m_fill,w_280,h_210,f_jpg?from=ke.com
20230913,东城,安定门,101120430099,北二环 2019年社区 南北两居 精装 带车位 观景二环内,1280万,143547元/平,中楼层 (共21层) 2室1厅 | 89.17平米 | 南 西 北,https://ke-image.ljcdn.com/110000-inspection/pc1_Z1yZ0a2V4.jpg!m_fill,w_280,h_210,f_jpg?from=ke.com
20230913,东城,安定门,101119624699,青年湖 满五唯一南北通透 随时签约 随时能看必看好房,650万,112031元/平,高楼层 (共6层) | 1990年建 | 2室1厅 | 58.02平米 | 南 北,https://ke-image.ljcdn.com/110000-inspection/c61a4fdf-a9cd-40ff-9b4c-d3d413866b4b_1000.jpg!m_fill,w_280,h_210,f_jpg?from=ke.com
20230913,东城,安定门,101119373564,黄寺大街28号院 满五年电梯直达,580万,94417元/平,高楼层 (共15层) 2室1厅 | 61.43平米 | 西南 北,https://ke-image.ljcdn.com/110000-inspection/pc1_aFLblowPH_1.jpg!m_fill,w_280,h_210,f_jpg?from=ke.com
20230913,东城,安定门,101119138185,青年湖有电梯精装修小两居。必看好房,600万,111545元/平,中楼层 (共17层) 2室1厅 | 53.79平米 | 东,https://ke-image.ljcdn.com/110000-inspection/pc1_uNqj6dRzV.jpg!m_fill,w_280,h_210,f_jpg?from=ke.com
20230913,东城,安定门,101118575457,总监推荐：青年湖171价低两居室有钥匙看房约我方便,600万,102740元/平,底层 (共17层) | 1988年建 | 2室1厅 | 58.4平米 | 西 西北,https://ke-image.ljcdn.com/110000-inspection/pc1_VjWkpLwjs_1.jpg!m_fill,w_280,h_210,f_jpg?from=ke.com
20230913,东城,安定门,101118319923,京宝花园  上下复式 1994年商品房社区,1036万,63857元/平,低楼层 (共12层) | 1994年建 | 2室2厅 | 162.24平米 | 东 西,https://ke-image.ljcdn.com/110000-inspection/pc1_r656bkX68.jpg!m_fill,w_280,h_210,f_jpg?from=ke.com
20230913,东城,安定门,101118219326,新上 安交 带后花园 全南两居室 明厨明卫 业主诚售房主自荐,710万,132463元/平,底层 (共6层) | 1977年建 | 2室1厅 | 53.6平米 | 南,https://ke-image.ljcdn.com/110000-inspection/pc1_lDA8GXqxv.jpg!m_fill,w_280,h_210,f_jpg?from=ke.com
20230913,东城,安定门,101118895477,安德路乙61号院精装小2居诚心签约房主自荐,599万,129123元/平,中楼层 (共14层) | 1989年建 | 2室1厅 | 46.39平米 | 东,https://ke-image.ljcdn.com/110000-inspection/9506e5db-3928-4572-97e3-89718023d67b.jpeg!m_fill,w_280,h_210,f_jpg?from=ke.com
20230913,东城,安定门,101120983027,华府景园 4室2厅 南 北新上,2000万,94056元/平,低楼层 (共12层) 4室2厅 | 212.64平米 | 南 北,https://ke-image.ljcdn.com/110000-inspection/pc1_c6Wlq9c8C.jpg!m_fill,w_280,h_210,f_jpg?from=ke.com
20230913,东城,安定门,101120929711,安定门 公园边上  满五年唯一住房 南北通透  中间楼层新上,680万,120078元/平,中楼层 (共6层) 2室1厅 | 56.63平米 | 南 北,https://ke-image.ljcdn.com/110000-inspection/pc1_gA1UqTROc.jpg!m_fill,w_280,h_210,f_jpg?from=ke.com
20230913,东城,安定门,101120924702,户型方正业主随时能签约上下水管道更换新上,800万,115009元/平,低楼层 (共6层) 3室1厅 | 69.56平米 | 南 北,https://ke-image.ljcdn.com/110000-inspection/d0ae51bf-d812-4300-afb7-db84ca5022fb_1000.jpg!m_fill,w_280,h_210,f_jpg?from=ke.com
20230913,东城,安定门,101120920667,安外东河沿 南北通透2居室  低楼层,825万,135446元/平,低楼层 (共6层) 2室1厅 | 60.91平米 | 南 北,https://ke-image.ljcdn.com/110000-inspection/1149c06c-e6b9-49fd-9d7a-1fd9d78338dc_1000.jpg!m_fill,w_280,h_210,f_jpg?from=ke.com
20230913,东城,安定门,101120919846,东城安定门 交道口 03年楼龄 低楼层 满五年,890万,132678元/平,底层 (共7层) 2室1厅 | 67.08平米 | 东 西,https://ke-image.ljcdn.com/110000-inspection/80e53e38-e3cf-4c23-8a0f-eb0dac45fa3a_1000.jpg!m_fill,w_280,h_210,f_jpg?from=ke.com
20230913,东城,安定门,101120916875,青年湖东里 1室1厅 南,548万,118564元/平,中楼层 (共18层) 1室1厅 | 46.22平米 | 南,https://ke-image.ljcdn.com/110000-inspection/pc1_9B1xmQ9QU.jpg!m_fill,w_280,h_210,f_jpg?from=ke.com
20230913,东城,安定门,101120874360,店长力荐安德路乙61号院工人日报社家属院。,900万,146580元/平,高楼层 (共14层) | 1989年建 | 2室1厅 | 61.4平米 | 东北,https://ke-image.ljcdn.com/110000-inspection/pc1_NZXa1gFTY.jpg!m_fill,w_280,h_210,f_jpg?from=ke.com
20230913,东城,安定门,101120844000,东城 安定门 地坛西门 1994年社区 朝东大一居 满五年,600万,78772元/平,中楼层 (共12层) | 1994年建 | 1室1厅 | 76.17平米 | 东,https://ke-image.ljcdn.com/110000-inspection/8dec1b5a-3e37-4343-9857-e475a0e862a3_1000.jpg!m_fill,w_280,h_210,f_jpg?from=ke.com
20230913,东城,安定门,101120775001,安交永康胡同1号院精装修三居室中间楼层,1250万,147929元/平,中楼层 (共7层) | 2002年建 | 3室1厅 | 84.5平米 | 北 南,https://ke-image.ljcdn.com/110000-inspection/6fec5f2e-53ce-4174-8304-4278b5f079c4_1000.jpg!m_fill,w_280,h_210,f_jpg?from=ke.com
20230913,东城,安定门,101120757394,安定门 安德路 新上南北3居室 精装修 满五年唯一房主自荐,750万,112613元/平,高楼层 (共6层) | 1979年建 | 3室1厅 | 66.6平米 | 南 北,https://ke-image.ljcdn.com/110000-inspection/pc1_BDlAgcSiH.jpg!m_fill,w_280,h_210,f_jpg?from=ke.com
20230913,东城,安定门,101120715153,安外西河沿路1号院 1室1厅 东,850万,126169元/平,中楼层 (共21层) 1室1厅 | 67.37平米 | 东,https://ke-image.ljcdn.com/110000-inspection/cdc11202-8adf-4c2c-9106-bf64b737af21_1000.jpg!m_fill,w_280,h_210,f_jpg?from=ke.com
20230913,东城,安定门,101120713929,永康胡同1号院 1室1厅 东 西房主自荐,720万,154906元/平,中楼层 (共7层) | 2002年建 | 1室1厅 | 46.48平米 | 东 西,https://ke-image.ljcdn.com/110000-inspection/6d898b65-0797-475f-8f62-89c02d63d1b9_1000.jpg!m_fill,w_280,h_210,f_jpg?from=ke.com
20230913,东城,安定门,101120690319,青年湖北里 三秀涵雅  可观青年湖 满5唯一 商品房,700万,105121元/平,高楼层 (共18层) 1室1厅 | 66.59平米 | 西,https://ke-image.ljcdn.com/110000-inspection/4e03c090-6bcb-446d-b1b4-6345ae781a8d_1000.jpg!m_fill,w_280,h_210,f_jpg?from=ke.com
20230913,东城,安定门,101120681873,宝钞胡同 3室1厅 南 北,790万,134081元/平,中楼层 (共6层) | 1981年建 | 3室1厅 | 58.92平米 | 南 北,https://ke-image.ljcdn.com/110000-inspection/2e8f0354-63a7-49b9-a75e-8103ef47d27f_1000.jpg!m_fill,w_280,h_210,f_jpg?from=ke.com
20230913,东城,安定门,101120676428,正规两居 南北通透 采光好 看房方便,820万,133204元/平,低楼层 (共6层) 2室1厅 | 61.56平米 | 南 北,https://ke-image.ljcdn.com/110000-inspection/33015a5d-4ce1-48c7-a33d-52408d51216a_1000.jpg!m_fill,w_280,h_210,f_jpg?from=ke.com
20230913,东城,安定门,101120671908,青年湖东里 临公园采光好安静不临街年代新,649万,106779元/平,底层 (共6层) 2室1厅 | 60.78平米 | 南 北,https://ke-image.ljcdn.com/110000-inspection/c277affd-6a73-46e8-b5d6-371e6773f1c9_1000.jpg!m_fill,w_280,h_210,f_jpg?from=ke.com
20230913,东城,安定门,101120663361,安德路乙61号院 2居室 电梯直达 2居室,771万,129974元/平,中楼层 (共12层) 2室1厅 | 59.32平米 | 东,https://ke-image.ljcdn.com/110000-inspection/pc1_YLeOnzJbe.jpg!m_fill,w_280,h_210,f_jpg?from=ke.com
20230913,东城,安定门,101120656004,外馆东街50号院 南向正对公园 视野好 房子格局合理,445万,88277元/平,底层 (共6层) 2室1厅 | 50.41平米 | 南,https://ke-image.ljcdn.com/110000-inspection/14118764-e047-417b-834f-68789bb04670_1000.jpg!m_fill,w_280,h_210,f_jpg?from=ke.com
20230913,东城,安定门,101120638524,上龙西里精装修两居室业主诚心出售。,710万,122732元/平,低楼层 (共6层) 2室1厅 | 57.85平米 | 南 北,https://ke-image.ljcdn.com/110000-inspection/pc1_6zwPlNyUO.jpg!m_fill,w_280,h_210,f_jpg?from=ke.com
20230913,东城,安定门,101120619630,青年湖西里  低楼层  南北通透三居室房主自荐,960万,130276元/平,底层 (共5层) 3室1厅 | 73.69平米 | 南 北,https://ke-image.ljcdn.com/110000-inspection/pc1_QX5zpfVtY.jpg!m_fill,w_280,h_210,f_jpg?from=ke.com
20230913,东城,安定门,101120600437,和平里 2006年楼龄新 精装修 诚心卖,520万,143212元/平,中楼层 (共17层) | 2006年建 | 1室0厅 | 36.31平米 | 北,https://ke-image.ljcdn.com/110000-inspection/pc1_2EQ4Cqf7S.jpg!m_fill,w_280,h_210,f_jpg?from=ke.com
20230913,东城,安定门,101120591651,东城六铺炕满五年唯一两居室诚心出售,679万,124863元/平,顶层 (共6层) | 1980年建 | 2室1厅 | 54.38平米 | 东 西,https://ke-image.ljcdn.com/110000-inspection/pc1_DAXMG8wp1.jpg!m_fill,w_280,h_210,f_jpg?from=ke.com
20230913,东城,安定门,101120572297,六铺炕电梯楼 中水电家属院 管理好 居住人群素质高房主自荐,690万,125478元/平,高楼层 (共16层) | 1992年建 | 2室1厅 | 54.99平米 | 东,https://ke-image.ljcdn.com/110000-inspection/pc1_1UBN8YbvV.jpg!m_fill,w_280,h_210,f_jpg?from=ke.com
20230913,东城,安定门,101120557521,安德里北街25号 东城和平里 带电梯 诚心卖看房方便,815万,100792元/平,高楼层 (共17层) 3室1厅 | 80.86平米 | 东 北,https://ke-image.ljcdn.com/110000-inspection/pc1_oV96vnanZ.jpg!m_fill,w_280,h_210,f_jpg?from=ke.com
20230913,东城,安定门,101120524465,安德路47号院 2室1厅 南 北,650万,120415元/平,高楼层 (共6层) | 1986年建 | 2室1厅 | 53.98平米 | 南 北,https://ke-image.ljcdn.com/110000-inspection/pc1_1B40PNRrb.jpg!m_fill,w_280,h_210,f_jpg?from=ke.com
20230913,东城,安定门,101120502723,青年湖西里 2室1厅 南 北房主自荐,830万,136066元/平,高楼层 (共6层) 2室1厅 | 61平米 | 南 北,https://ke-image.ljcdn.com/110000-inspection/2c111371-d6d3-4bb6-9e0a-de78da5dbf72_1000.jpg!m_fill,w_280,h_210,f_jpg?from=ke.com
20230913,东城,安定门,101120494844,东城青年湖北里东西通透全明格局临公园无遮挡房主自荐,799万,103324元/平,中楼层 (共6层) 3室1厅 | 77.33平米 | 东 西,https://ke-image.ljcdn.com/110000-inspection/debd049d-1595-402d-887d-183f5540a30f_1000.jpg!m_fill,w_280,h_210,f_jpg?from=ke.com
20230913,东城,安定门,101120427371,北二环 满五唯一 2006年社区 交通便利,550万,100494元/平,高楼层 (共16层) 1室1厅 | 54.73平米 | 东,https://ke-image.ljcdn.com/110000-inspection/5fb1b4c0-b993-48a5-ac0e-83973fe1826b_1000.jpg!m_fill,w_280,h_210,f_jpg?from=ke.com
20230913,东城,安定门,101120379230,安德里北街25号院 1室1厅 西,540万,147703元/平,底层 (共17层) | 1990年建 | 1室1厅 | 36.56平米 | 西,https://ke-image.ljcdn.com/110000-inspection/pc1_D7iuz039F.jpg!m_fill,w_280,h_210,f_jpg?from=ke.com
20230913,东城,安定门,101120377636,安德路47号院冶金部家属楼东西两居,760万,148991元/平,底层 (共6层) | 1985年建 | 2室1厅 | 51.01平米 | 东 西,https://ke-image.ljcdn.com/110000-inspection/pc1_6uUQDv2tX.jpg!m_fill,w_280,h_210,f_jpg?from=ke.com
20230913,东城,安定门,101120363652,观景房-婚房-随时可看的两居室。,450万,79506元/平,顶层 (共6层) 2室1厅 | 56.6平米 | 南 北,https://ke-image.ljcdn.com/110000-inspection/pc1_z8A8gcaTc.jpg!m_fill,w_280,h_210,f_jpg?from=ke.com
20230913,东城,安定门,101120340099,上龙西里优质两居室业主诚心出售无抵押。,780万,111191元/平,低楼层 (共18层) 2室1厅 | 70.15平米 | 南,https://ke-image.ljcdn.com/110000-inspection/781f64e6-19c4-418c-b853-d7ebc7cb0434_1000.jpg!m_fill,w_280,h_210,f_jpg?from=ke.com
20230913,东城,安定门,101120333649,六铺炕新登记三居室 田字格户型,840万,120327元/平,底层 (共6层) 3室1厅 | 69.81平米 | 东 西,https://ke-image.ljcdn.com/110000-inspection/8aabafa2-6291-4c5c-a091-5771b5ef96fe_1000.jpg!m_fill,w_280,h_210,f_jpg?from=ke.com
20230913,东城,安定门,101120315080,北二环外  新上朝东一居室  中间楼层  诚意出售,525万,143052元/平,中楼层 (共6层) | 1990年建 | 1室1厅 | 36.7平米 | 东,https://ke-image.ljcdn.com/110000-inspection/f024c367-3851-4315-9117-160d632b6380_1000.jpg!m_fill,w_280,h_210,f_jpg?from=ke.com
20230913,东城,安定门,101120297466,东城六铺炕小区南北通透带电梯2居室,918万,134921元/平,低楼层 (共12层) 3室1厅 | 68.04平米 | 南 北,https://ke-image.ljcdn.com/110000-inspection/pc1_QDhaPBXjY.jpg!m_fill,w_280,h_210,f_jpg?from=ke.com
20230913,东城,安定门,101120283408,安定门 公园边上 南北通透 满五年唯一住房,850万,122408元/平,中楼层 (共6层) 3室1厅 | 69.44平米 | 南 北,https://ke-image.ljcdn.com/110000-inspection/c9612f28-09db-4907-826c-d7341b0ae039_1000.jpg!m_fill,w_280,h_210,f_jpg?from=ke.com
20230913,东城,安定门,101120264869,青年湖西里新上南向一居室看房方便,610万,159686元/平,中楼层 (共6层) 1室1厅 | 38.2平米 | 南,https://ke-image.ljcdn.com/110000-inspection/pc1_z3inmGZzU.jpg!m_fill,w_280,h_210,f_jpg?from=ke.com
20230913,东城,安定门,101120260518,青年湖西里 双南两居室 青年湖公园后身,716万,141307元/平,顶层 (共5层) 2室1厅 | 50.67平米 | 南,https://ke-image.ljcdn.com/110000-inspection/pc1_wCWK4cdzA.jpg!m_fill,w_280,h_210,f_jpg?from=ke.com
20230913,东城,安定门,101120240319,总监力荐二环边视野好采光佳,640万,118147元/平,中楼层 (共12层) 2室1厅 | 54.17平米 | 南,https://ke-image.ljcdn.com/110000-inspection/d2fea770-3275-457d-b73f-f321a84a2701_1000.jpg!m_fill,w_280,h_210,f_jpg?from=ke.com
20230913,东城,安定门,101120225805,安定门 安外东河沿两居室 视野好采光充足,745万,126336元/平,顶层 (共20层) 2室1厅 | 58.97平米 | 南,https://ke-image.ljcdn.com/110000-inspection/pc1_Zzfl7l7ns.jpg!m_fill,w_280,h_210,f_jpg?from=ke.com
20230913,东城,安定门,101120213622,安定门 永康胡同1号院 高楼层 精装一居 随时签约,745万,152290元/平,高楼层 (共7层) 1室1厅 | 48.92平米 | 南 西,https://ke-image.ljcdn.com/110000-inspection/pc1_TcA65iIeO.jpg!m_fill,w_280,h_210,f_jpg?from=ke.com
20230913,东城,安定门,101120207732,总监力荐低密度社区小区正在改造好停车户型好,520万,139224元/平,高楼层 (共6层) 1室1厅 | 37.35平米 | 东,https://ke-image.ljcdn.com/110000-inspection/pc1_zTwXDg5a7.jpg!m_fill,w_280,h_210,f_jpg?from=ke.com
20230913,东城,安定门,101120190954,东城安交 教师楼 低楼层 南向一居室 精装修,660万,165000元/平,底层 (共6层) 1室1厅 | 40平米 | 南,https://ke-image.ljcdn.com/110000-inspection/f548dd0d-f61c-48b8-a4d4-fbb8b5f2f9f1_1000.jpg!m_fill,w_280,h_210,f_jpg?from=ke.com
20230913,东城,安定门,101120188410,上龙西里业主诚心出售无抵押精装修。,578万,115370元/平,低楼层 (共18层) 1室1厅 | 50.1平米 | 南,https://ke-image.ljcdn.com/110000-inspection/pc1_WyKPqgPos.jpg!m_fill,w_280,h_210,f_jpg?from=ke.com
20230913,东城,安定门,101120173985,精装修朝南一居室  中高楼层  精装修,605万,120207元/平,中楼层 (共18层) 1室1厅 | 50.33平米 | 南,https://ke-image.ljcdn.com/110000-inspection/8cf4b321-e926-4a16-b10c-3e8c9631f95b_1000.jpg!m_fill,w_280,h_210,f_jpg?from=ke.com
20230913,东城,安定门,101120147806,安德路47号院 南北通透两居室,640万,109515元/平,顶层 (共6层) | 1990年建 | 2室1厅 | 58.44平米 | 南 北,https://ke-image.ljcdn.com/110000-inspection/pc1_KvczXOp43.jpg!m_fill,w_280,h_210,f_jpg?from=ke.com
20230913,东城,安定门,101120145029,黄寺大街28号院 政协家属楼 精致一局,420万,97584元/平,低楼层 (共15层) 1室1厅 | 43.04平米 | 西,https://ke-image.ljcdn.com/110000-inspection/pc1_GJ8138tQ2.jpg!m_fill,w_280,h_210,f_jpg?from=ke.com
20230913,东城,安定门,101120138238,西营房 1室0厅 北,500万,137704元/平,中楼层 (共17层) 1室0厅 | 36.31平米 | 北,https://ke-image.ljcdn.com/110000-inspection/a6cf9cb1-750d-43f9-8ac8-eda631df01c2_1000.jpg!m_fill,w_280,h_210,f_jpg?from=ke.com
20230913,东城,安定门,101120127508,安外东河沿正南向两居室小区管理好,735万,122317元/平,低楼层 (共12层) 2室1厅 | 60.09平米 | 南 北,https://ke-image.ljcdn.com/110000-inspection/pc1_A1VEqsUrF.jpg!m_fill,w_280,h_210,f_jpg?from=ke.com
20230913,东城,安定门,101120123763,新上 六铺炕东西通透全明两居  看房很方便  随时签约,660万,123434元/平,顶层 (共5层) | 1980年建 | 2室1厅 | 53.47平米 | 东 西,https://ke-image.ljcdn.com/110000-inspection/pc1_ahwVt0L3b.jpg!m_fill,w_280,h_210,f_jpg?from=ke.com
20230913,东城,安定门,101120076468,东城安交洋房式商品房板楼带电梯封闭式管理,2450万,175276元/平,中楼层 (共6层) 2室2厅 | 139.78平米 | 南 北,https://ke-image.ljcdn.com/110000-inspection/30f8f784-a305-4a07-b218-914fcbc25410_1000.jpg!m_fill,w_280,h_210,f_jpg?from=ke.com
20230913,东城,安定门,101120064861,安外西河沿路1号院 地下车位 商品房 精装无遮挡,1198万,133200元/平,低楼层 (共18层) | 2019年建 | 2室1厅 | 89.94平米 | 东 西,https://ke-image.ljcdn.com/110000-inspection/06ecefed-7907-4ce0-b2ae-a353a01114fb_1000.jpg!m_fill,w_280,h_210,f_jpg?from=ke.com
20230913,东城,安定门,101120060712,东城 安定门 精装修 东南3居 有电梯 满五唯一,800万,110148元/平,中楼层 (共11层) 3室1厅 | 72.63平米 | 东南,https://ke-image.ljcdn.com/110000-inspection/878d56bd-df1c-4ae9-bd3c-7a2d19ce120e_1000.jpg!m_fill,w_280,h_210,f_jpg?from=ke.com
20230913,东城,安定门,101120054791,南北通透中间层一居室 满五年唯一 看房随时房主自荐,555万,112782元/平,中楼层 (共5层) 1室1厅 | 49.21平米 | 南 北,https://ke-image.ljcdn.com/110000-inspection/8391d092-9d97-47de-99f7-2bea304ed2b1_1000.jpg!m_fill,w_280,h_210,f_jpg?from=ke.com
20230913,东城,安定门,101120049788,永康胡同18号院 安交-方家 低。总价一居 少有南向户型,699万,159955元/平,中楼层 (共6层) 1室1厅 | 43.7平米 | 南,https://ke-image.ljcdn.com/110000-inspection/pc1_UgU29NclL.jpg!m_fill,w_280,h_210,f_jpg?from=ke.com
20230913,东城,安定门,101120043508,安交片花园8号院三居南北满五年产权清晰房主自荐,810万,137010元/平,底层 (共6层) 3室1厅 | 59.12平米 | 南 北,https://ke-image.ljcdn.com/110000-inspection/72b03ade-2bb2-453f-9a3f-3f3770b59e67_1000.jpg!m_fill,w_280,h_210,f_jpg?from=ke.com
20230913,东城,安定门,101120038469,京宝花园 格局好 户型方正 采光视野没有遮挡,1100万,93857元/平,顶层 (共12层) | 1994年建 | 3室1厅 | 117.2平米 | 东 北,https://ke-image.ljcdn.com/110000-inspection/pc1_e0EBjY2BH.jpg!m_fill,w_280,h_210,f_jpg?from=ke.com
20230913,东城,安定门,101120024211,东城安定门鼓楼大街中间楼层两居室,710万,124235元/平,低楼层 (共6层) 2室1厅 | 57.15平米 | 东 西,https://ke-image.ljcdn.com/110000-inspection/pc1_4yTtFO75R.jpg!m_fill,w_280,h_210,f_jpg?from=ke.com
20230913,东城,安定门,101120002222,冶金部大院 楼已全面改造 可贷款 光线视野好,519万,138956元/平,高楼层 (共6层) | 1986年建 | 1室1厅 | 37.35平米 | 东,https://ke-image.ljcdn.com/110000-inspection/45c7d10e-afe9-4f09-b6a1-12e4c4f96c57_1000.jpg!m_fill,w_280,h_210,f_jpg?from=ke.com
20230913,东城,安定门,101119986514,郎家胡同13号院精装修中间楼层两居室,750万,148280元/平,中楼层 (共4层) 2室1厅 | 50.58平米 | 南,https://ke-image.ljcdn.com/110000-inspection/c30fdec7-ad58-42a0-8247-52a7979a1b0c_1000.jpg!m_fill,w_280,h_210,f_jpg?from=ke.com
20230913,东城,安定门,101119965531,国祥胡同、央产房小区、1204bing工厂单位分房,650万,128079元/平,中楼层 (共5层) | 1958年建 | 2室1厅 | 50.75平米 | 南 北,https://ke-image.ljcdn.com/110000-inspection/5aebd283-dbc0-4bcc-90c8-352f24dd6932_1000.jpg!m_fill,w_280,h_210,f_jpg?from=ke.com
20230913,东城,安定门,101119964818,北二环 南北通透 电梯直达 管理好 交通便利,695万,110283元/平,顶层 (共11层) | 1983年建 | 2室1厅 | 63.02平米 | 南 北,https://ke-image.ljcdn.com/110000-inspection/pc1_v66V55o7K.jpg!m_fill,w_280,h_210,f_jpg?from=ke.com
20230913,东城,安定门,101119956615,安德路55号院 2室1厅 东 南 北,630万,111131元/平,顶层 (共3层) | 1958年建 | 2室1厅 | 56.69平米 | 东 南 北,https://ke-image.ljcdn.com/110000-inspection/pc1_x7vv3wHj1.jpg!m_fill,w_280,h_210,f_jpg?from=ke.com
20230913,东城,安定门,101119950714,总监力荐青年湖低楼层两居室诚意出售,750万,137590元/平,底层 (共5层) 2室1厅 | 54.51平米 | 北 南,https://ke-image.ljcdn.com/110000-inspection/pc1_N6Jj29opx.jpg!m_fill,w_280,h_210,f_jpg?from=ke.com
20230913,东城,安定门,101119942550,东城 安德里北街24号院  青年湖 一居房主自荐,630万,161746元/平,底层 (共6层) 1室1厅 | 38.95平米 | 南,https://ke-image.ljcdn.com/110000-inspection/pc1_9KhgtR6kZ.jpg!m_fill,w_280,h_210,f_jpg?from=ke.com
20230913,东城,安定门,101119932018,田字格 板楼 南北通透位置好采光好无遮挡 不临街 安静,850万,111301元/平,底层 (共5层) 3室1厅 | 76.37平米 | 南 北,https://ke-image.ljcdn.com/110000-inspection/f9325ab4-20d5-4d9a-a1b1-871b24476bc6_1000.jpg!m_fill,w_280,h_210,f_jpg?from=ke.com
20230913,东城,安定门,101119908707,冶金部大院 西南朝向两居室  无遮挡 交通便利,590万,128289元/平,顶层 (共3层) 2室1厅 | 45.99平米 | 西南,https://ke-image.ljcdn.com/110000-inspection/51dcf1f1-f178-40d7-a8d6-63e92dd45061_1000.jpg!m_fill,w_280,h_210,f_jpg?from=ke.com
20230913,东城,安定门,101119899382,北三环内黄寺大街28号院楼龄新有电梯,555万,90347元/平,低楼层 (共15层) 2室1厅 | 61.43平米 | 西北,https://ke-image.ljcdn.com/110000-inspection/pc1_uKv9WWJnk.jpg!m_fill,w_280,h_210,f_jpg?from=ke.com
20230913,东城,安定门,101119897030,中景濠庭 2室1厅 南 北,1450万,119440元/平,中楼层 (共22层) 2室1厅 | 121.4平米 | 南 北,https://ke-image.ljcdn.com/110000-inspection/pc1_sKa0pBjJ3.jpg!m_fill,w_280,h_210,f_jpg?from=ke.com
20230913,东城,安定门,101119887282,安外东河沿 二环近地铁 精装三居 采光通风好 带电梯房主自荐,1028万,133855元/平,低楼层 (共20层) 3室1厅 | 76.8平米 | 南 西 北,https://ke-image.ljcdn.com/110000-inspection/ff968e61-546e-4fda-9981-80ba28201557_1000.jpg!m_fill,w_280,h_210,f_jpg?from=ke.com
20230913,东城,安定门,101119877452,此房满五唯一商品房看房比较方便中间层,648万,114306元/平,低楼层 (共3层) 2室1厅 | 56.69平米 | 南 北,https://ke-image.ljcdn.com/110000-inspection/27edef1a-2690-4729-ae1f-a376764421be_1000.jpg!m_fill,w_280,h_210,f_jpg?from=ke.com
20230913,东城,安定门,101119876092,安德路47号院 临近青年湖 明厨明卫一居室 满五年唯一,520万,115096元/平,顶层 (共6层) 1室1厅 | 45.18平米 | 东,https://ke-image.ljcdn.com/110000-inspection/2c4f7768-fccb-47fa-a159-932e0a63cd11_1000.jpg!m_fill,w_280,h_210,f_jpg?from=ke.com
20230913,东城,安定门,101119872918,上龙西里精装修一居室业主诚心出售。,520万,121156元/平,低楼层 (共6层) 1室1厅 | 42.92平米 | 东,https://ke-image.ljcdn.com/110000-inspection/pc1_1Ognsv9N0.jpg!m_fill,w_280,h_210,f_jpg?from=ke.com
20230913,东城,安定门,101119864537,安外东河沿  有电梯 央产房 可贷款 年代新,1038万,136508元/平,中楼层 (共20层) | 1982年建 | 3室1厅 | 76.04平米 | 西南,https://ke-image.ljcdn.com/110000-inspection/pc1_oqF6G2rBt.jpg!m_fill,w_280,h_210,f_jpg?from=ke.com
20230913,东城,安定门,101119845050,安德里北街25号院 1室1厅 西,570万,138048元/平,中楼层 (共17层) 1室1厅 | 41.29平米 | 西,https://ke-image.ljcdn.com/110000-inspection/pc1_IOr6gFh46.jpg!m_fill,w_280,h_210,f_jpg?from=ke.com
20230913,东城,安定门,101119840502,安外东河沿    正南向两居室   护城河畔景色优美,758万,127717元/平,中楼层 (共12层) 2室1厅 | 59.35平米 | 南,https://ke-image.ljcdn.com/110000-inspection/pc1_10aupEpv3.jpg!m_fill,w_280,h_210,f_jpg?from=ke.com
20230913,东城,安定门,101119824524,精装修可多贷款业主诚心卖。南向一居,528万,138112元/平,底层 (共6层) | 1988年建 | 1室1厅 | 38.23平米 | 南,https://ke-image.ljcdn.com/110000-inspection/6ca05a1a-9ac2-42aa-b4be-b73db7e42472_1000.jpg!m_fill,w_280,h_210,f_jpg?from=ke.com
20230913,东城,安定门,101119787452,青年湖东里满五唯一业主诚心出售随时签约。房主自荐,508万,124602元/平,顶层 (共6层) 1室1厅 | 40.77平米 | 南,https://ke-image.ljcdn.com/110000-inspection/69286abd-bdab-4ba7-aa8a-1732b8a85801_1000.jpg!m_fill,w_280,h_210,f_jpg?from=ke.com
20230913,东城,安定门,101119785130,观景房-地铁、交通便利-封闭管理社区进出需要刷门禁,630万,113473元/平,高楼层 (共6层) 2室1厅 | 55.52平米 | 南,https://ke-image.ljcdn.com/110000-inspection/804b3a2a-0175-4ab2-b874-3da0ad51b624_1000.jpg!m_fill,w_280,h_210,f_jpg?from=ke.com
20230913,东城,安定门,101119777007,东城 安定门 青年湖公园东门 朝南一居 房改房 满五年房主自荐,490万,116890元/平,顶层 (共6层) 1室1厅 | 41.92平米 | 南,https://ke-image.ljcdn.com/110000-inspection/pc1_TJZepd3NP.jpg!m_fill,w_280,h_210,f_jpg?from=ke.com
20230913,东城,安定门,101119746951,经典两居室 中间楼层 产权清晰随时签约,838万,149590元/平,中楼层 (共6层) 2室1厅 | 56.02平米 | 南 北,https://ke-image.ljcdn.com/110000-inspection/pc1_frYs6kaeN.jpg!m_fill,w_280,h_210,f_jpg?from=ke.com
20230913,东城,安定门,101119735572,东城和平里  安德路47号院  小一居,369万,88046元/平,地下室 (共6层) | 1994年建 | 1室1厅 | 41.91平米 | 南 北,https://ke-image.ljcdn.com/110000-inspection/a2613a21-1945-403e-a114-9c0a9c694979_1000.jpg!m_fill,w_280,h_210,f_jpg?from=ke.com
20230913,东城,安定门,101119723061,商务部央产 满五唯一 正规两居室 南北通透 得房率80.3,780万,137688元/平,底层 (共7层) | 1998年建 | 2室1厅 | 56.65平米 | 南 北,https://ke-image.ljcdn.com/110000-inspection/pc1_R4RuhwE5Y.jpg!m_fill,w_280,h_210,f_jpg?from=ke.com
20230913,东城,安定门,101119722719,六铺炕2008年带电梯有地下停车库的小区。,1020万,150288元/平,中楼层 (共11层) 1室1厅 | 67.87平米 | 南,https://ke-image.ljcdn.com/110000-inspection/pc1_8sQUHySPJ.jpg!m_fill,w_280,h_210,f_jpg?from=ke.com
20230913,东城,安定门,101119720487,黄寺大街28号院电梯直达一居室,439万,101999元/平,中楼层 (共15层) 1室1厅 | 43.04平米 | 西,https://ke-image.ljcdn.com/110000-inspection/pc1_W34jhutcE.jpg!m_fill,w_280,h_210,f_jpg?from=ke.com
20230913,东城,安定门,101119714300,青年湖南里 2室1厅 南,680万,120057元/平,低楼层 (共12层) 2室1厅 | 56.64平米 | 南,https://ke-image.ljcdn.com/110000-inspection/ebe98c76-637e-4cfd-8b46-3298ea6e0e78_1000.jpg!m_fill,w_280,h_210,f_jpg?from=ke.com
20230913,东城,安定门,101119693566,安外东河沿 南北通透 两居带厅 双阳台 诚心出售房主自荐,595万,81608元/平,地下室 (共6层) | 1998年建 | 2室1厅 | 72.91平米 | 南 北,https://ke-image.ljcdn.com/110000-inspection/2db1f303-de1a-4ec6-9137-bb232dd3074e_1000.jpg!m_fill,w_280,h_210,f_jpg?from=ke.com
20230913,东城,安定门,101119656743,黄寺大街2号院  南北通透三居室 中间楼层 无遮挡,1050万,126873元/平,中楼层 (共6层) | 1990年建 | 3室1厅 | 82.76平米 | 南 北,https://ke-image.ljcdn.com/110000-inspection/1cdf0591-c62c-4edd-bc8d-5e12b701f8a6_1000.jpg!m_fill,w_280,h_210,f_jpg?from=ke.com
20230913,东城,安定门,101119654269,安德路47号院 正规一居室  成本低 管理好,548万,127739元/平,中楼层 (共6层) | 1985年建 | 1室1厅 | 42.9平米 | 东,https://ke-image.ljcdn.com/110000-inspection/pc1_fST3PD7n7.jpg!m_fill,w_280,h_210,f_jpg?from=ke.com
20230913,东城,安定门,101119643596,安定门满五年唯一商品房楼龄新看房方便。,503万,126989元/平,中楼层 (共17层) 1室0厅 | 39.61平米 | 北,https://ke-image.ljcdn.com/110000-inspection/0a02c224-5965-4d04-baff-3d45ae67e3c3_1000.jpg!m_fill,w_280,h_210,f_jpg?from=ke.com
20230913,东城,安定门,101119642190,鼓楼桥北=六铺炕一区对面=工人日报家属院,800万,134862元/平,高楼层 (共12层) | 1989年建 | 2室1厅 | 59.32平米 | 南,https://ke-image.ljcdn.com/110000-inspection/pc1_hZVpbfCWz.jpg!m_fill,w_280,h_210,f_jpg?from=ke.com
20230913,东城,安定门,101119613822,凯景铭座西南2居可观整个柳荫湖公园看房方便。,1250万,90982元/平,中楼层 (共19层) | 2001年建 | 2室1厅 | 137.39平米 | 西南,https://ke-image.ljcdn.com/110000-inspection/6e69fc32-e72b-4ef9-902d-321f780c8693_1000.jpg!m_fill,w_280,h_210,f_jpg?from=ke.com
20230913,东城,安定门,101119610482,冶金部大院中间楼层两居满五唯一央产房,589万,103899元/平,低楼层 (共3层) 2室1厅 | 56.69平米 | 东 西,https://ke-image.ljcdn.com/110000-inspection/pc1_Bg0wzG8YU.jpg!m_fill,w_280,h_210,f_jpg?from=ke.com
20230913,东城,安定门,101119594799,青年湖 3层南北通透 满五年唯一 随时签约,688万,117849元/平,中楼层 (共6层) 2室1厅 | 58.38平米 | 南 北,https://ke-image.ljcdn.com/110000-inspection/d935f5e2-8a31-4abb-9973-15327771a63b_1000.jpg!m_fill,w_280,h_210,f_jpg?from=ke.com
20230913,东城,安定门,101119585565,安外地兴居 轻工部央产 中间层 单独管理两居室房主自荐,735万,120138元/平,中楼层 (共6层) | 1997年建 | 2室1厅 | 61.18平米 | 东 西,https://ke-image.ljcdn.com/110000-inspection/1d01fe7c-27da-4df9-9c0e-ee9073a7a2ef_1000.jpg!m_fill,w_280,h_210,f_jpg?from=ke.com
20230913,东城,安定门,101119550534,安外西河沿路1号院  2019年社区 带地下车位 全南向,1409万,123510元/平,低楼层 (共21层) 3室1厅 | 114.08平米 | 南,https://ke-image.ljcdn.com/110000-inspection/pc1_IUMfMINxa.jpg!m_fill,w_280,h_210,f_jpg?from=ke.com
20230913,东城,安定门,101119546582,黄寺大街2号院朝南一居室满五唯一精装修房主自荐,565万,136738元/平,高楼层 (共6层) 1室0厅 | 41.32平米 | 南,https://ke-image.ljcdn.com/110000-inspection/pc1_ZjfFhALD6.jpg!m_fill,w_280,h_210,f_jpg?from=ke.com
20230913,东城,安定门,101119523374,永康胡同18号院 方家 南北必看两居,859万,153339元/平,高楼层 (共6层) 2室1厅 | 56.02平米 | 南 北,https://ke-image.ljcdn.com/110000-inspection/11209606-7342-40e7-8352-85f7ae346d97_1000.jpg!m_fill,w_280,h_210,f_jpg?from=ke.com
20230913,东城,安定门,101119511224,安德路47号院优质两居东城两居上车不要错过。,390万,73934元/平,地下室 (共6层) 2室1厅 | 52.75平米 | 西 东,https://ke-image.ljcdn.com/110000-inspection/cc89a056-7552-4504-9604-cd34fae9f9d8_1000.jpg!m_fill,w_280,h_210,f_jpg?from=ke.com
20230913,东城,安定门,101119500386,安定门 交道口 北二环内 南向一居室 中间楼层,630万,173938元/平,中楼层 (共5层) | 1988年建 | 1室1厅 | 36.22平米 | 南,https://ke-image.ljcdn.com/110000-inspection/pc1_QR3V3wqKm.jpg!m_fill,w_280,h_210,f_jpg?from=ke.com
20230913,东城,安定门,101119460480,户型方正 布局合理 带电梯 位置好 管理好 年代新,1100万,133156元/平,中楼层 (共18层) 3室1厅 | 82.61平米 | 东 南 北,https://ke-image.ljcdn.com/110000-inspection/9047286d-547a-4945-842a-c647fdd86a75_1000.jpg!m_fill,w_280,h_210,f_jpg?from=ke.com
20230913,东城,安定门,101119432793,安定门交道口邻地铁2号线安定门站价格低一居室,710万,179248元/平,中楼层 (共5层) | 1986年建 | 1室1厅 | 39.61平米 | 东 西 北,https://ke-image.ljcdn.com/110000-inspection/94a98e5d-3b2c-41de-8a08-d25b03f1896b_1000.jpg!m_fill,w_280,h_210,f_jpg?from=ke.com
20230913,东城,安定门,101119405400,东城安外大街3号院 正规两居 不临街,550万,108911元/平,顶层 (共6层) 2室1厅 | 50.5平米 | 东北,https://ke-image.ljcdn.com/110000-inspection/c48a0011-95e6-4da3-8338-cd1909362d6f_1000.jpg!m_fill,w_280,h_210,f_jpg?from=ke.com
20230913,东城,安定门,101119342244,安外东河沿三居室 户型方正 管理好,998万,129948元/平,低楼层 (共20层) 3室1厅 | 76.8平米 | 西南,https://ke-image.ljcdn.com/110000-inspection/pc1_6A6cEsVf2.jpg!m_fill,w_280,h_210,f_jpg?from=ke.com
20230913,东城,安定门,101119303407,东城两居室交通方便业主诚意出售,580万,89798元/平,顶层 (共6层) | 1988年建 | 2室1厅 | 64.59平米 | 东 西,https://ke-image.ljcdn.com/110000-inspection/pc1_JMvA7C3OP.jpg!m_fill,w_280,h_210,f_jpg?from=ke.com
20230913,东城,安定门,101119256985,此房满五年 视野宽阔无遮挡 采光充足,725万,161470元/平,低楼层 (共7层) 1室1厅 | 44.9平米 | 南 西,https://ke-image.ljcdn.com/110000-inspection/pc1_2CyM91WyG_1.jpg!m_fill,w_280,h_210,f_jpg?from=ke.com
20230913,东城,安定门,101119250721,安外西河沿  护城河旁 电梯房 户型方正,768万,121867元/平,中楼层 (共12层) 2室1厅 | 63.02平米 | 南 北,https://ke-image.ljcdn.com/110000-inspection/pc1_22RuWsBLl.jpg!m_fill,w_280,h_210,f_jpg?from=ke.com
20230913,东城,安定门,101119209216,黄寺大街全明格局两居室 满五唯一,590万,97360元/平,高楼层 (共14层) | 1991年建 | 2室1厅 | 60.6平米 | 东 西,https://ke-image.ljcdn.com/110000-inspection/pc1_bRaFeM2Lv.jpg!m_fill,w_280,h_210,f_jpg?from=ke.com
20230913,东城,安定门,101119206681,安外西河沿路1号院  2019年建成  有地下停车库,1490万,130611元/平,低楼层 (共21层) 3室1厅 | 114.08平米 | 南,https://ke-image.ljcdn.com/110000-inspection/359ad6e8-3479-4ea5-b7ae-3988e99cdd34_1000.jpg!m_fill,w_280,h_210,f_jpg?from=ke.com
20230913,东城,安定门,101119171429,青年湖东里 中间楼层   小两居 使用面积大,610万,147166元/平,中楼层 (共6层) 2室1厅 | 41.45平米 | 东 北,https://ke-image.ljcdn.com/110000-inspection/f651ceac-e15f-49a0-b065-638cb6ca4d80_1000.jpg!m_fill,w_280,h_210,f_jpg?from=ke.com
20230913,东城,安定门,101119150370,花园胡同8号院  中间楼层2居室,698万,141611元/平,中楼层 (共5层) 2室1厅 | 49.29平米 | 东,https://ke-image.ljcdn.com/110000-inspection/f4806aa8-c911-44c0-9905-024ccf39bf5c_1000.jpg!m_fill,w_280,h_210,f_jpg?from=ke.com
20230913,东城,安定门,101119123035,青年湖东里 3室1厅 东 西,866万,119962元/平,中楼层 (共5层) 3室1厅 | 72.19平米 | 东 西,https://ke-image.ljcdn.com/110000-inspection/pc1_uEhoVsRlM.jpg!m_fill,w_280,h_210,f_jpg?from=ke.com
20230913,东城,安定门,101119119525,青年湖公园旁中间楼层2居南北通透,670万,118312元/平,中楼层 (共6层) 2室1厅 | 56.63平米 | 南 北,https://ke-image.ljcdn.com/110000-inspection/pc1_FHZ2Z37kj.jpg!m_fill,w_280,h_210,f_jpg?from=ke.com
20230913,东城,安定门,101119108610,青年湖南街 有电梯 单独管理   下楼就是花园房主自荐,728万,138694元/平,低楼层 (共14层) | 1996年建 | 1室1厅 | 52.49平米 | 东 西,https://ke-image.ljcdn.com/110000-inspection/pc1_mT91k3vry.jpg!m_fill,w_280,h_210,f_jpg?from=ke.com
20230913,东城,安定门,101119097142,东城区户型方正正规2居室随时签约,550万,136173元/平,低楼层 (共6层) | 1988年建 | 2室1厅 | 40.39平米 | 北,https://ke-image.ljcdn.com/110000-inspection/pc1_QalG1ESrE.jpg!m_fill,w_280,h_210,f_jpg?from=ke.com
20230913,东城,安定门,101119078182,安德里北街25号院 1室1厅 西,570万,135941元/平,高楼层 (共17层) | 1990年建 | 1室1厅 | 41.93平米 | 西,https://ke-image.ljcdn.com/110000-inspection/pc1_UYrMT7MON.jpg!m_fill,w_280,h_210,f_jpg?from=ke.com
20230913,东城,安定门,101119071585,青年湖  国管局的家属楼 管理好 户型好 楼层好房主自荐,770万,143872元/平,中楼层 (共14层) 2室1厅 | 53.52平米 | 南 北,https://ke-image.ljcdn.com/110000-inspection/82450fdb-6c64-4946-84e3-21e622796dd0_1000.jpg!m_fill,w_280,h_210,f_jpg?from=ke.com
20230913,东城,安定门,101119070377,安交板块 花园胡同 田字格三居 东西通透 看房方便房主自荐,898万,125210元/平,底层 (共6层) 3室1厅 | 71.72平米 | 东 西,https://ke-image.ljcdn.com/110000-inspection/1e5f5974-2c5d-4a1c-963f-34d48e923911_1000.jpg!m_fill,w_280,h_210,f_jpg?from=ke.com
20230913,东城,安定门,101119069032,府上嘉园08年商品房社区落地窗有电梯,1080万,159128元/平,中楼层 (共11层) | 2008年建 | 1室1厅 | 67.87平米 | 南,https://ke-image.ljcdn.com/110000-inspection/pc1_E8nIXKXBh.jpg!m_fill,w_280,h_210,f_jpg?from=ke.com
20230913,东城,安定门,101119058545,安外东河沿 环境好 临公园地铁 不临街 满五央产 诚售,750万,135087元/平,低楼层 (共6层) 2室1厅 | 55.52平米 | 南,https://ke-image.ljcdn.com/110000-inspection/c820ff21-a354-448a-984d-cce3a9f59130_1000.jpg!m_fill,w_280,h_210,f_jpg?from=ke.com
20230913,东城,安定门,101119044715,青年湖东里 小区管道更换 业主随时签约房主自荐,518万,144693元/平,顶层 (共6层) | 1982年建 | 1室1厅 | 35.8平米 | 东 西,https://ke-image.ljcdn.com/110000-inspection/6258b6d7-d0ec-4270-8577-b5d5f01ad6e2_1000.jpg!m_fill,w_280,h_210,f_jpg?from=ke.com
20230913,东城,安定门,101119026626,正规一居室 业主诚心出售 随时可以签约,679万,168487元/平,顶层 (共6层) 1室1厅 | 40.3平米 | 南,https://ke-image.ljcdn.com/110000-inspection/6ec685c3-d8de-4b00-b05e-b447a4fc8999_1000.jpg!m_fill,w_280,h_210,f_jpg?from=ke.com
20230913,东城,安定门,101119011507,青年湖东里 2层方正户型 看房方便房主自荐,535万,131386元/平,低楼层 (共6层) 1室1厅 | 40.72平米 | 南,https://ke-image.ljcdn.com/110000-inspection/fcc9d018-3b2a-4fdd-9780-5e1a2fb898cc_1000.jpg!m_fill,w_280,h_210,f_jpg?from=ke.com
20230913,东城,安定门,101118985256,安外西河沿 小两居 有电梯 随时签约,650万,119993元/平,中楼层 (共11层) 2室1厅 | 54.17平米 | 东 西,https://ke-image.ljcdn.com/110000-inspection/954d5827-55a7-41cd-8c27-2e183e75dd5c_1000.jpg!m_fill,w_280,h_210,f_jpg?from=ke.com
20230913,东城,安定门,101118981134,安定门  青年湖公园边上 精装全南2居室 楼层好 户型好,800万,115993元/平,中楼层 (共18层) 2室1厅 | 68.97平米 | 南,https://ke-image.ljcdn.com/110000-inspection/831b66be-694e-4df2-a6c4-90023089581d_1000.jpg!m_fill,w_280,h_210,f_jpg?from=ke.com
20230913,东城,安定门,101118941288,东城六铺炕 东向2居室 诚心出售,699万,134838元/平,中楼层 (共6层) 2室1厅 | 51.84平米 | 东,https://ke-image.ljcdn.com/110000-inspection/pc1_F1WSgeq6l.jpg!m_fill,w_280,h_210,f_jpg?from=ke.com
20230913,东城,安定门,101118930157,东城区安外东河沿带电梯一居室朝南向采光好,589万,152552元/平,低楼层 (共12层) | 1985年建 | 1室1厅 | 38.61平米 | 南,https://ke-image.ljcdn.com/110000-inspection/e3d409d0-7524-425d-a0dc-b1790855367c_1000.jpg!m_fill,w_280,h_210,f_jpg?from=ke.com
20230913,东城,安定门,101118923530,上龙西里满五唯一有大客厅带电梯的两居室,1080万,118487元/平,高楼层 (共11层) 2室1厅 | 91.15平米 | 东,https://ke-image.ljcdn.com/110000-inspection/c46b4c77-763c-41b6-9b5a-e92b2dc93bdd_1000.jpg!m_fill,w_280,h_210,f_jpg?from=ke.com
20230913,东城,安定门,101118917266,南北通透 楼龄新 管理好 央产房 交通便利,806万,130189元/平,顶层 (共5层) 2室1厅 | 61.91平米 | 南 北,https://ke-image.ljcdn.com/110000-inspection/pc1_11S5C6pEq.jpg!m_fill,w_280,h_210,f_jpg?from=ke.com
20230913,东城,安定门,101118901283,青年湖东里 格局好 中楼层 采光好没有遮挡 三个公园,580万,114129元/平,中楼层 (共18层) 1室1厅 | 50.82平米 | 南,https://ke-image.ljcdn.com/110000-inspection/pc1_8Tv5IozcL.jpg!m_fill,w_280,h_210,f_jpg?from=ke.com
20230913,东城,安定门,101118889048,东城区 和平里 安定门2006年电梯房停车方便,520万,143212元/平,低楼层 (共17层) 1室1厅 | 36.31平米 | 北,https://ke-image.ljcdn.com/110000-inspection/pc1_jkNo8QmHK.jpg!m_fill,w_280,h_210,f_jpg?from=ke.com
20230913,东城,安定门,101118845545,国祥胡同4号院、安定门、交道口房主自荐,749万,166964元/平,中楼层 (共5层) | 1988年建 | 2室1厅 | 44.86平米 | 南 北,https://ke-image.ljcdn.com/110000-inspection/ef91990d-fbdf-4549-8065-7e76c205d894_1000.jpg!m_fill,w_280,h_210,f_jpg?from=ke.com
20230913,东城,安定门,101118839152,2019年建成小区2梯4户有电梯有地下车库人车分流,1490万,141932元/平,中楼层 (共21层) 3室1厅 | 104.98平米 | 南 北,https://ke-image.ljcdn.com/110000-inspection/9b7c8d54-aeca-43e3-bb1a-11e1075bf4aa_1000.jpg!m_fill,w_280,h_210,f_jpg?from=ke.com
20230913,东城,安定门,101118803690,东城区华府景园两室两卫满五年一手业主诚心出售房主自荐,1068万,93627元/平,低楼层 (共12层) 2室1厅 | 114.07平米 | 西北,https://ke-image.ljcdn.com/110000-inspection/379f535d-e465-428c-abe5-d44be02683fb_1000.jpg!m_fill,w_280,h_210,f_jpg?from=ke.com
20230913,东城,安定门,101118786820,安交 方家 2002年楼龄新 一居 采光好视野无遮挡,780万,159444元/平,高楼层 (共7层) 1室1厅 | 48.92平米 | 西北,https://ke-image.ljcdn.com/110000-inspection/pc1_Bm1FteqsB.jpg!m_fill,w_280,h_210,f_jpg?from=ke.com
20230913,东城,安定门,101118775134,安定门  青年湖公园边上  板楼  带电梯   视野楼层好房主自荐,899万,125946元/平,高楼层 (共6层) | 1990年建 | 3室1厅 | 71.38平米 | 南 北,https://ke-image.ljcdn.com/110000-inspection/a8dd99ae-5764-4f16-932e-a14a2af45ade_1000.jpg!m_fill,w_280,h_210,f_jpg?from=ke.com
20230913,东城,安定门,101118775034,青年湖东里 南北通透格局方正 采光好,698万,109714元/平,顶层 (共6层) 2室1厅 | 63.62平米 | 南 西 北,https://ke-image.ljcdn.com/110000-inspection/pc1_uNdBK27dV.jpg!m_fill,w_280,h_210,f_jpg?from=ke.com
20230913,东城,安定门,101118762944,店长推荐安德路乙61号院工人日报家属楼 楼层好 有电梯,860万,129033元/平,低楼层 (共12层) 3室1厅 | 66.65平米 | 南 北,https://ke-image.ljcdn.com/110000-inspection/pc1_fiie5omQV.jpg!m_fill,w_280,h_210,f_jpg?from=ke.com
20230913,东城,安定门,101118759967,青年湖公园南 户型方正 电梯房朝南正规一室一厅,578万,119447元/平,低楼层 (共18层) 1室1厅 | 48.39平米 | 南,https://ke-image.ljcdn.com/110000-inspection/pc1_DB1Nb8R0E.jpg!m_fill,w_280,h_210,f_jpg?from=ke.com
20230913,东城,安定门,101118757578,安外东河沿 业主诚售 随时签约,895万,138567元/平,中楼层 (共16层) 2室1厅 | 64.59平米 | 南,https://ke-image.ljcdn.com/110000-inspection/d433bd03-5364-4a38-8104-55ba12b7df4a_1000.jpg!m_fill,w_280,h_210,f_jpg?from=ke.com
20230913,东城,安定门,101118702255,花园胡同8号院、东城卫生局家属楼房主自荐,830万,124252元/平,顶层 (共6层) | 1985年建 | 3室1厅 | 66.8平米 | 南 北,https://ke-image.ljcdn.com/110000-inspection/12f366c0-b7cd-4ecf-88ae-b46c904757c0_1000.jpg!m_fill,w_280,h_210,f_jpg?from=ke.com
20230913,东城,安定门,101118671832,安外大街3号院 南北两居采光无遮挡 中间楼层,658万,105669元/平,中楼层 (共6层) 2室1厅 | 62.27平米 | 南 北,https://ke-image.ljcdn.com/110000-inspection/35dde1c8-1d56-4e6b-861e-61f9e5796779_1000.jpg!m_fill,w_280,h_210,f_jpg?from=ke.com
20230913,东城,安定门,101118669512,安交国祥胡同南北两居室诚意出售。,668万,133148元/平,中楼层 (共5层) | 1958年建 | 2室1厅 | 50.17平米 | 南 北,https://ke-image.ljcdn.com/110000-inspection/bdc9c38f-5652-42d5-940d-c6af3279856e_1000.jpg!m_fill,w_280,h_210,f_jpg?from=ke.com
20230913,东城,安定门,101118647199,安定门   建于1997年 管理好的小区  公园边上  2居室,980万,135528元/平,低楼层 (共18层) 2室1厅 | 72.31平米 | 南,https://ke-image.ljcdn.com/110000-inspection/pc1_Q0lbuJfI8.jpg!m_fill,w_280,h_210,f_jpg?from=ke.com
20230913,东城,安定门,101118647155,安定门   建于1997年 管理好  公园边上  2居室带客厅,980万,132792元/平,低楼层 (共18层) 2室1厅 | 73.8平米 | 东南,https://ke-image.ljcdn.com/110000-inspection/1507db86-b60a-43f5-ab62-46aacb4b5bb6_1000.jpg!m_fill,w_280,h_210,f_jpg?from=ke.com
20230913,东城,安定门,101118644343,黄寺大街2号院南北通透两居室小区环境好,645万,111169元/平,顶层 (共6层) | 1990年建 | 2室1厅 | 58.02平米 | 南 北,https://ke-image.ljcdn.com/110000-inspection/8b4494c2-1c1c-42e5-9e29-bfaf65fd1074_1000.jpg!m_fill,w_280,h_210,f_jpg?from=ke.com
20230913,东城,安定门,101118616234,东城安交 方家 低楼层 通透两居室 可贷款 03年楼龄房主自荐,915万,136405元/平,底层 (共7层) 2室1厅 | 67.08平米 | 东 西,https://ke-image.ljcdn.com/110000-inspection/pc1_Dj1hh6b5l.jpg!m_fill,w_280,h_210,f_jpg?from=ke.com
20230913,东城,安定门,101118533232,安外东河沿 临地铁 有电梯 南北通透 高层观景房,770万,141389元/平,顶层 (共9层) | 1985年建 | 2室1厅 | 54.46平米 | 南 北,https://ke-image.ljcdn.com/110000-inspection/pc1_KZhPDdJJM.jpg!m_fill,w_280,h_210,f_jpg?from=ke.com
20230913,东城,安定门,101118532317,东城区安外大街3号院小三居5楼满五唯一看房方便可谈价,680万,94880元/平,高楼层 (共6层) | 1988年建 | 3室1厅 | 71.67平米 | 西北,https://ke-image.ljcdn.com/110000-inspection/fbab4533-a9e2-46fb-ba2d-2aba801bdd79_1000.jpg!m_fill,w_280,h_210,f_jpg?from=ke.com
20230913,东城,安定门,101118514418,总监力荐安定门面积大  屋里可看见地坛公园  住宅立项,880万,74926元/平,低楼层 (共12层) | 1994年建 | 2室1厅 | 117.45平米 | 东,https://ke-image.ljcdn.com/110000-inspection/pc1_Tn6Tu9CZZ.jpg!m_fill,w_280,h_210,f_jpg?from=ke.com
20230913,东城,安定门,101118505246,安交区域 中间层南北两居室   满五唯一可贷款,935万,166905元/平,中楼层 (共6层) | 1984年建 | 2室1厅 | 56.02平米 | 南 北,https://ke-image.ljcdn.com/110000-inspection/684fc31e-af37-4fc4-bf92-2db3aca85150_1000.jpg!m_fill,w_280,h_210,f_jpg?from=ke.com
20230913,东城,安定门,101118472312,青年湖 南北通透 管理好 低楼层 交通便利,730万,136910元/平,底层 (共5层) | 1985年建 | 2室1厅 | 53.32平米 | 南 北,https://ke-image.ljcdn.com/110000-inspection/pc1_7PhUgTsJv.jpg!m_fill,w_280,h_210,f_jpg?from=ke.com
20230913,东城,安定门,101118469760,青年湖东里 青年湖公园旁 南北通透 全明格局,679万,134137元/平,底层 (共5层) 2室1厅 | 50.62平米 | 南 北,https://ke-image.ljcdn.com/110000-inspection/a68f25dc-7039-47fd-b929-a3b24a3b5a7c_1000.jpg!m_fill,w_280,h_210,f_jpg?from=ke.com
20230913,东城,安定门,101118469080,上龙西里 2012年楼龄 精装修带电梯 满五年唯一商品房房主自荐,790万,109434元/平,中楼层 (共11层) 2室1厅 | 72.19平米 | 西,https://ke-image.ljcdn.com/110000-inspection/413215b9-869b-48d9-aa1a-fae559aee5c4_1000.jpg!m_fill,w_280,h_210,f_jpg?from=ke.com
20230913,东城,安定门,101118463190,北二环 中景濠庭 高楼层 视野好 精装修 诚心出售,810万,109150元/平,高楼层 (共22层) | 2001年建 | 1室1厅 | 74.21平米 | 北,https://ke-image.ljcdn.com/110000-inspection/0ff74f74-f8af-42e3-8c12-175aacb8ea7f_1000.jpg!m_fill,w_280,h_210,f_jpg?from=ke.com
20230913,东城,安定门,101118449697,上龙嘉园精装满五唯一 看房随时  业主靠谱出售,1500万,115849元/平,低楼层 (共14层) | 1999年建 | 2室2厅 | 129.48平米 | 东 西,https://ke-image.ljcdn.com/110000-inspection/cb483194-8272-4cb0-929c-09272963433e_1000.jpg!m_fill,w_280,h_210,f_jpg?from=ke.com
20230913,东城,安定门,101118440807,花园东巷 四合院 独门独院  北房三间 西房两间,2260万,160284元/平,底层 (共1层) 5室1厅 | 141平米 | 东 南 西 北,https://ke-image.ljcdn.com/110000-inspection/80549f17-af3d-4263-9a7b-7a993cb5b8d0_1000.jpg!m_fill,w_280,h_210,f_jpg?from=ke.com
20230913,东城,安定门,101118413658,冶金部安德路55号院南北通透两居室楼层高视野好,608万,105118元/平,顶层 (共7层) 2室1厅 | 57.84平米 | 南 北,https://ke-image.ljcdn.com/110000-inspection/pc1_oU4n9DcMa.jpg!m_fill,w_280,h_210,f_jpg?from=ke.com
20230913,东城,安定门,101118395437,本房双南户型中间楼层电梯直达采光好视野好。,775万,135136元/平,中楼层 (共11层) | 1985年建 | 2室1厅 | 57.35平米 | 南 北,https://ke-image.ljcdn.com/110000-inspection/pc1_IhDR1ta4L.jpg!m_fill,w_280,h_210,f_jpg?from=ke.com
20230913,东城,安定门,101118391369,安定门和平里东西向两居室安德路47号院房主自荐,598万,108001元/平,高楼层 (共6层) 2室1厅 | 55.37平米 | 东 西,https://ke-image.ljcdn.com/110000-inspection/0a05214c-c425-458e-8570-7dfe0d5594ff_1000.jpg!m_fill,w_280,h_210,f_jpg?from=ke.com
20230913,东城,安定门,101118375510,西营房 满五年 单价低 正规两室 带一个大客厅 楼龄新,865万,101622元/平,低楼层 (共19层) 2室1厅 | 85.12平米 | 东,https://ke-image.ljcdn.com/110000-inspection/pc1_fkFHAxICX.jpg!m_fill,w_280,h_210,f_jpg?from=ke.com
20230913,东城,安定门,101118372410,东城 安定门 1992年板楼 南北大2居 精装修 满五唯一房主自荐,750万,112546元/平,中楼层 (共6层) 2室1厅 | 66.64平米 | 南 北,https://ke-image.ljcdn.com/110000-inspection/pc1_poEtVvD91.jpg!m_fill,w_280,h_210,f_jpg?from=ke.com
20230913,东城,安定门,101118364934,此房满五年 南北通透精装两居 无遮挡 安交板块房主自荐,738万,138410元/平,高楼层 (共6层) | 1977年建 | 2室1厅 | 53.32平米 | 南 北,https://ke-image.ljcdn.com/110000-inspection/8282210f-5f80-423c-bf90-8f9db92089d0_1000.jpg!m_fill,w_280,h_210,f_jpg?from=ke.com
20230913,东城,安定门,101118346017,安外东河沿 中高楼层 正规两居室有客厅 南北通透,880万,135053元/平,高楼层 (共6层) | 1998年建 | 2室1厅 | 65.16平米 | 南 北,https://ke-image.ljcdn.com/110000-inspection/327578d2-86e1-4b31-b2b9-2407ea8c37e2_1000.jpg!m_fill,w_280,h_210,f_jpg?from=ke.com
20230913,东城,安定门,101118338836,楼龄新 电梯房 一居室满五年 交通便利 配套设施齐全,499万,137428元/平,中楼层 (共17层) 1室1厅 | 36.31平米 | 北,https://ke-image.ljcdn.com/110000-inspection/a9474740-2b70-4419-b13e-10eeecce5ec2_1000.jpg!m_fill,w_280,h_210,f_jpg?from=ke.com
20230913,东城,安定门,101118308046,安定门安交 户型方正三居 采光好视野宽阔 诚心卖,850万,117925元/平,顶层 (共6层) 3室1厅 | 72.08平米 | 东 西,https://ke-image.ljcdn.com/110000-inspection/71e9281f-7182-4a35-8015-6d3bb84e5435_1000.jpg!m_fill,w_280,h_210,f_jpg?from=ke.com
20230913,东城,安定门,101118292393,精装2居室南北通透中间楼层采光好无遮挡房主自荐,690万,110808元/平,中楼层 (共6层) 2室1厅 | 62.27平米 | 南 北,https://ke-image.ljcdn.com/110000-inspection/pc1_X9AU7UBeA.jpg!m_fill,w_280,h_210,f_jpg?from=ke.com
20230913,东城,安定门,101118263716,六铺炕 石油家属楼 管理好 满五年,749万,123577元/平,中楼层 (共10层) 2室1厅 | 60.61平米 | 东 南 西,https://ke-image.ljcdn.com/110000-inspection/pc1_zoLqGD4Ve.jpg!m_fill,w_280,h_210,f_jpg?from=ke.com
20230913,东城,安定门,101118263199,安德路47号院 全明户型大一居室  中间楼层 南北通透,630万,128023元/平,顶层 (共5层) 1室1厅 | 49.21平米 | 南 北,https://ke-image.ljcdn.com/110000-inspection/pc1_LqnCOkPnB.jpg!m_fill,w_280,h_210,f_jpg?from=ke.com
20230913,东城,安定门,101118263007,青年湖 南北通透 中间楼层 管理好 交通便利,780万,143199元/平,中楼层 (共5层) 2室1厅 | 54.47平米 | 南 北,https://ke-image.ljcdn.com/110000-inspection/pc1_0fIxrKAy3.jpg!m_fill,w_280,h_210,f_jpg?from=ke.com
20230913,东城,安定门,101118255080,东城和平里六铺炕精装近地铁2居室房主自荐,750万,120347元/平,低楼层 (共16层) | 1992年建 | 2室1厅 | 62.32平米 | 西北,https://ke-image.ljcdn.com/110000-inspection/pc1_r4nI9APSE.jpg!m_fill,w_280,h_210,f_jpg?from=ke.com
20230913,东城,安定门,101118245827,青年湖东里 满五年唯一 全明格局房主自荐,620万,105929元/平,底层 (共6层) 2室1厅 | 58.53平米 | 东 西 北,https://ke-image.ljcdn.com/110000-inspection/98ee3650-371b-494b-a82e-93ce2fb42280_1000.jpg!m_fill,w_280,h_210,f_jpg?from=ke.com
20230913,东城,安定门,101118241017,本房是满五年全南向中间楼层采光好视野好。,775万,135018元/平,低楼层 (共11层) | 1985年建 | 2室1厅 | 57.4平米 | 南,https://ke-image.ljcdn.com/110000-inspection/c2b7ba1e-e101-436e-90e7-9d6f55d6afdd_1000.jpg!m_fill,w_280,h_210,f_jpg?from=ke.com
20230913,东城,安定门,101118240954,本房是满五年单位房中间楼层采光好视野好。,637万,133824元/平,低楼层 (共11层) | 1985年建 | 2室1厅 | 47.6平米 | 东 西 北,https://ke-image.ljcdn.com/110000-inspection/pc1_bQxRmQA6o.jpg!m_fill,w_280,h_210,f_jpg?from=ke.com
20230913,东城,安定门,101118225165,安德路乙61号院 南北通透三居 电梯高层 满五唯一,890万,133534元/平,高楼层 (共12层) 3室1厅 | 66.65平米 | 南 北,https://ke-image.ljcdn.com/110000-inspection/pc1_h2XlEA3Vk.jpg!m_fill,w_280,h_210,f_jpg?from=ke.com
20230913,东城,安定门,101118191647,安交永康胡同1号院正规一室一厅诚意出售。,712万,151168元/平,高楼层 (共7层) 1室0厅 | 47.1平米 | 西北,https://ke-image.ljcdn.com/110000-inspection/pc1_qPk3ke55t.jpg!m_fill,w_280,h_210,f_jpg?from=ke.com
20230913,东城,安定门,101118186376,青年湖西里 南北通透三居室  满五年唯一 航天部家属楼,960万,132854元/平,顶层 (共6层) 3室1厅 | 72.26平米 | 南 北,https://ke-image.ljcdn.com/110000-inspection/beb353de-73fe-4a41-b9d3-96c3b07fc245_1000.jpg!m_fill,w_280,h_210,f_jpg?from=ke.com
20230913,东城,安定门,101118184168,东城六铺炕 带电梯高楼层 正规三居室格局 石油家属院,850万,124890元/平,顶层 (共10层) 3室1厅 | 68.06平米 | 东 西,https://ke-image.ljcdn.com/110000-inspection/pc1_ijiGGlNPI.jpg!m_fill,w_280,h_210,f_jpg?from=ke.com
20230913,东城,安定门,101118180871,东城  北二环外   南北通透精装两居室  业主诚售房主自荐,710万,123457元/平,顶层 (共5层) 2室1厅 | 57.51平米 | 南 北,https://ke-image.ljcdn.com/110000-inspection/bb0ef4ad-ee63-4f9e-a06f-896b6e64b140_1000.jpg!m_fill,w_280,h_210,f_jpg?from=ke.com
20230913,东城,安定门,101118153196,六铺炕 地铁8号线安德里北街站 三居室,730万,128907元/平,顶层 (共5层) 3室1厅 | 56.63平米 | 南 北 东,https://ke-image.ljcdn.com/110000-inspection/fc54c5b0-7d02-40b8-a7f3-b59919bd2d77_1000.jpg!m_fill,w_280,h_210,f_jpg?from=ke.com
20230913,东城,安定门,101118138800,安定门  南北通透3居室  采光视野好   无遮挡 诚意卖,878万,124841元/平,顶层 (共6层) 3室1厅 | 70.33平米 | 南 北,https://ke-image.ljcdn.com/110000-inspection/5715bcc8-7047-4b30-91e6-6d3527b0b701_1000.jpg!m_fill,w_280,h_210,f_jpg?from=ke.com
20230913,东城,安定门,101118137405,满五年商品房 南北通透 近公园房主自荐,2200万,103462元/平,中楼层 (共12层) 4室2厅 | 212.64平米 | 南 北,https://ke-image.ljcdn.com/110000-inspection/pc1_0VP279NCR.jpg!m_fill,w_280,h_210,f_jpg?from=ke.com
20230913,东城,安定门,101118132990,安定门 青年湖 双南两居当三居,700万,134797元/平,底层 (共6层) 2室1厅 | 51.93平米 | 南 北,https://ke-image.ljcdn.com/110000-inspection/46077008-0547-48a2-8393-7076c7e5970d_1000.jpg!m_fill,w_280,h_210,f_jpg?from=ke.com
20230913,东城,安定门,101118122677,安定门   双南2居室  不临街 满五年  好楼层  好位置,595万,131842元/平,中楼层 (共5层) | 1980年建 | 2室1厅 | 45.13平米 | 南,https://ke-image.ljcdn.com/110000-inspection/pc1_3vP89ZFJJ.jpg!m_fill,w_280,h_210,f_jpg?from=ke.com
20230913,东城,安定门,101118110547,六铺炕=水电部高职楼=小区有管理=中轴路西侧,675万,129933元/平,底层 (共16层) | 1992年建 | 2室1厅 | 51.95平米 | 南 西,https://ke-image.ljcdn.com/110000-inspection/pc1_uDpv8LPHK.jpg!m_fill,w_280,h_210,f_jpg?from=ke.com
20230913,东城,安定门,101118101221,总监力荐东城房本青年湖旁两居室,489万,111568元/平,底层 (共3层) 1室1厅 | 43.83平米 | 东,https://ke-image.ljcdn.com/110000-inspection/pc1_6F6fsD0Z2.jpg!m_fill,w_280,h_210,f_jpg?from=ke.com
20230913,东城,安定门,101118092128,官书院 南北四居室136平米 中楼层 央产房 满五年唯一,1930万,159333元/平,中楼层 (共6层) | 2000年建 | 4室2厅 | 121.13平米 | 南 北,https://ke-image.ljcdn.com/110000-inspection/d062055a-55f8-4ed4-8e7d-dcb71aa4f50e_1000.jpg!m_fill,w_280,h_210,f_jpg?from=ke.com
20230913,东城,安定门,101118065316,人定湖公园旁正规三居室中高楼层电梯直达环境安静,850万,107773元/平,高楼层 (共17层) 3室1厅 | 78.87平米 | 东北,https://ke-image.ljcdn.com/110000-inspection/pc1_tQ3jcDMsy.jpg!m_fill,w_280,h_210,f_jpg?from=ke.com
20230913,东城,安定门,101118063957,东城区 安定门 青年湖南北两居 精装修 产权清晰,708万,115687元/平,高楼层 (共6层) 2室1厅 | 61.2平米 | 南 北,https://ke-image.ljcdn.com/110000-inspection/daf75c21-ee12-4bc4-8288-b2ea73ab72ad_1000.jpg!m_fill,w_280,h_210,f_jpg?from=ke.com
20230913,东城,安定门,101118040179,青年湖公园湖景尽收眼底 三居室格局 中间层电梯房主自荐,741万,111883元/平,中楼层 (共18层) 3室1厅 | 66.23平米 | 东北,https://ke-image.ljcdn.com/110000-inspection/ba86ca8d-9e65-4ff5-a491-cdc6aabd5220_1000.jpg!m_fill,w_280,h_210,f_jpg?from=ke.com
20230913,东城,安定门,101118032058,青年湖南里 双南向2居室 有电梯下楼就是青年湖公园,728万,128532元/平,中楼层 (共12层) 2室1厅 | 56.64平米 | 南,https://ke-image.ljcdn.com/110000-inspection/pc1_93NYGZpIY.jpg!m_fill,w_280,h_210,f_jpg?from=ke.com
20230913,东城,安定门,101118017867,花园胡同一层小三居 商品房满五年唯一 业主诚售,750万,132182元/平,底层 (共6层) 3室0厅 | 56.74平米 | 东 西 北,https://ke-image.ljcdn.com/110000-inspection/d89e8b1b-f264-496c-9f6b-979f096e05c9_1000.jpg!m_fill,w_280,h_210,f_jpg?from=ke.com
20230913,东城,安定门,101118014878,满五年唯一朝东南带电梯高楼层视野宽阔管理好,580万,97660元/平,中楼层 (共20层) | 1985年建 | 2室1厅 | 59.39平米 | 东 南,https://ke-image.ljcdn.com/110000-inspection/01a44980-2c88-4bd5-ab34-27676b9fe7f4_1000.jpg!m_fill,w_280,h_210,f_jpg?from=ke.com
20230913,东城,安定门,101118003063,临近地铁 交通方便 精装一居 拎包入住,580万,103553元/平,低楼层 (共16层) 1室1厅 | 56.01平米 | 西,https://ke-image.ljcdn.com/110000-inspection/06e069aa-6a60-49ff-9525-31c38fbb8650_1000.jpg!m_fill,w_280,h_210,f_jpg?from=ke.com
20230913,东城,安定门,101117998034,商品房满五年唯一南北通透视野好。出行方便。,1238万,179942元/平,中楼层 (共5层) 3室1厅 | 68.8平米 | 南 北,https://ke-image.ljcdn.com/110000-inspection/34386647-e55b-4e2b-9a44-3662569f30e2_1000.jpg!m_fill,w_280,h_210,f_jpg?from=ke.com
20230913,东城,安定门,101117962830,中景濠庭 3室2厅 南 西 北,1983万,122734元/平,高楼层 (共22层) | 2001年建 | 3室2厅 | 161.57平米 | 南 西 北,https://ke-image.ljcdn.com/110000-inspection/pc1_BtcjyjdZ5.jpg!m_fill,w_280,h_210,f_jpg?from=ke.com
20230913,东城,安定门,101117956653,上龙西里 工行家属院 高楼层采光棒 满五年,650万,118268元/平,高楼层 (共18层) 1室1厅 | 54.96平米 | 南 西,https://ke-image.ljcdn.com/110000-inspection/d2151738-2c3f-4f0a-b8c2-3c3cf08afa1e_1000.jpg!m_fill,w_280,h_210,f_jpg?from=ke.com
20230913,东城,安定门,101117935208,青年湖北里 全明3居室 户型方正 三大公园环绕,776万,100350元/平,底层 (共6层) 3室1厅 | 77.33平米 | 东 西,https://ke-image.ljcdn.com/110000-inspection/pc1_rJoYDPvn6.jpg!m_fill,w_280,h_210,f_jpg?from=ke.com
20230913,东城,安定门,101117908927,安定门    公园边上    南北通透3居室   诚意出售,830万,132822元/平,中楼层 (共6层) | 1990年建 | 3室1厅 | 62.49平米 | 南 北,https://ke-image.ljcdn.com/110000-inspection/pc1_KP2nVv097.jpg!m_fill,w_280,h_210,f_jpg?from=ke.com
20230913,东城,安定门,101117897188,安德路47号院 3室1厅 东 西,635万,112390元/平,高楼层 (共6层) 3室1厅 | 56.5平米 | 东 西,https://ke-image.ljcdn.com/110000-inspection/ba10bfc5-ae0b-4a93-9fcf-274127ba6382_1000.jpg!m_fill,w_280,h_210,f_jpg?from=ke.com
20230913,东城,安定门,101117895567,安德里北街25号院 3室1厅 东北,820万,103969元/平,中楼层 (共17层) 3室1厅 | 78.87平米 | 东北,https://ke-image.ljcdn.com/110000-inspection/pc1_YN8ZIM2Cz.jpg!m_fill,w_280,h_210,f_jpg?from=ke.com
20230913,东城,安定门,101117895135,青年湖东里 中间楼层 单价低 价格可以谈,570万,113163元/平,中楼层 (共6层) | 1992年建 | 1室1厅 | 50.37平米 | 东,https://ke-image.ljcdn.com/110000-inspection/pc1_TXfJXsBqq.jpg!m_fill,w_280,h_210,f_jpg?from=ke.com
20230913,东城,安定门,101117882721,安定门    精装修    南北通透    3居室    拎包入住,788万,107372元/平,顶层 (共6层) 3室1厅 | 73.39平米 | 南 北,https://ke-image.ljcdn.com/110000-inspection/125a3fca-cfb2-4582-943b-5479eb19ddc5_1000.jpg!m_fill,w_280,h_210,f_jpg?from=ke.com
20230913,东城,安定门,101117882627,宝钞苑 安定门交道口 商品房小区,1373万,132032元/平,高楼层 (共7层) 3室2厅 | 103.99平米 | 东 西,https://ke-image.ljcdn.com/110000-inspection/44058ab1-50ee-4ec9-ad9b-115a24b9af40_1000.jpg!m_fill,w_280,h_210,f_jpg?from=ke.com
20230913,东城,安定门,101117875085,青年湖 南北通透 精装修 中间楼层 交通便利房主自荐,678万,124610元/平,中楼层 (共6层) 2室1厅 | 54.41平米 | 南 北,https://ke-image.ljcdn.com/110000-inspection/pc1_XaQPojFWW.jpg!m_fill,w_280,h_210,f_jpg?from=ke.com
20230913,东城,安定门,101117841846,安定门次新房楼盘 —— 上龙嘉园,1800万,117979元/平,高楼层 (共14层) | 1999年建 | 3室1厅 | 152.57平米 | 东 西,https://ke-image.ljcdn.com/110000-inspection/acbb039c-93d8-46d8-afdb-4ba9569916d0_1000.jpg!m_fill,w_280,h_210,f_jpg?from=ke.com
20230913,东城,安定门,101117834904,安定门 安德里北街25号院 带电梯三居室,875万,99455元/平,低楼层 (共17层) 3室1厅 | 87.98平米 | 南,https://ke-image.ljcdn.com/110000-inspection/pc1_Zc3LUxUxZ.jpg!m_fill,w_280,h_210,f_jpg?from=ke.com
20230913,东城,安定门,101117815482,店长推荐：业主诚心出售中间楼层南北通透三居室房主自荐,930万,112401元/平,中楼层 (共6层) 3室1厅 | 82.74平米 | 南 北,https://ke-image.ljcdn.com/110000-inspection/pc1_l18X2Z21Q.jpg!m_fill,w_280,h_210,f_jpg?from=ke.com
20230913,东城,安定门,101117767137,六铺炕小区带电梯近地铁满五唯一,950万,154196元/平,中楼层 (共16层) | 1992年建 | 2室1厅 | 61.61平米 | 南 西,https://ke-image.ljcdn.com/110000-inspection/pc1_nor9F99T3.jpg!m_fill,w_280,h_210,f_jpg?from=ke.com
20230913,东城,安定门,101117742453,电梯直达东西通透小两居室工人日报社央产管理好房主自荐,627万,132755元/平,中楼层 (共12层) | 1989年建 | 2室1厅 | 47.23平米 | 东 西,https://ke-image.ljcdn.com/110000-inspection/pc1_b4DBY6Imd.jpg!m_fill,w_280,h_210,f_jpg?from=ke.com
20230913,东城,安定门,101117737550,东城和平里南向一居室无遮挡满五唯一,565万,124532元/平,高楼层 (共6层) | 1990年建 | 1室1厅 | 45.37平米 | 南,https://ke-image.ljcdn.com/110000-inspection/8574530d-450a-4c2e-b8d7-ad40509295ea_1000.jpg!m_fill,w_280,h_210,f_jpg?from=ke.com
20230913,东城,安定门,101117735066,房子是满五年精装修2012年社区24小时物业和安保,875万,109815元/平,低楼层 (共11层) | 2012年建 | 2室1厅 | 79.68平米 | 西北,https://ke-image.ljcdn.com/110000-inspection/0f138f60-7804-4085-b335-6b2170de2211_1000.jpg!m_fill,w_280,h_210,f_jpg?from=ke.com
20230913,东城,安定门,101117733326,安德路47号院 1室1厅 南 北,380万,100053元/平,地下室 (共6层) 1室1厅 | 37.98平米 | 南 北,https://ke-image.ljcdn.com/110000-inspection/86b87333-4669-44f5-8095-b49a34e86148_1000.jpg!m_fill,w_280,h_210,f_jpg?from=ke.com
20230913,东城,安定门,101117716594,青年湖东里南北通透老少皆宜楼层,680万,126819元/平,底层 (共6层) 2室1厅 | 53.62平米 | 南 北,https://ke-image.ljcdn.com/110000-inspection/pc1_yBGHlF1Wk.jpg!m_fill,w_280,h_210,f_jpg?from=ke.com
20230913,东城,安定门,101117709105,满五年单位分房户型好南北双阳台前后无遮挡,796万,127381元/平,顶层 (共6层) 3室1厅 | 62.49平米 | 南 北,https://ke-image.ljcdn.com/110000-inspection/2b8f4526-76b8-4944-a7eb-904d5f721999_1000.jpg!m_fill,w_280,h_210,f_jpg?from=ke.com
20230913,东城,安定门,101117708508,东城安定门  巷上嘉园  2005年电梯房房主自荐,1158万,116652元/平,中楼层 (共24层) 2室1厅 | 99.27平米 | 西南,https://ke-image.ljcdn.com/110000-inspection/pc1_KPLOxvRqf.jpg!m_fill,w_280,h_210,f_jpg?from=ke.com
20230913,东城,安定门,101117701108,安定门 华府景园 商品房小区 精装大三居 可以看柳荫湖,1849万,106633元/平,中楼层 (共16层) | 2001年建 | 3室2厅 | 173.4平米 | 南 东 西南,https://ke-image.ljcdn.com/110000-inspection/pc1_Z6C8Zsm52.jpg!m_fill,w_280,h_210,f_jpg?from=ke.com
20230913,东城,安定门,101117673536,六铺炕 2室1厅 东,660万,119113元/平,顶层 (共5层) 2室1厅 | 55.41平米 | 东,https://ke-image.ljcdn.com/110000-inspection/pc1_1Zt4bus3q.jpg!m_fill,w_280,h_210,f_jpg?from=ke.com
20230913,东城,安定门,101117666365,京宝花园 管理好 三室一厅两卫 满五年唯一,985万,66925元/平,中楼层 (共12层) | 1994年建 | 3室1厅 | 147.18平米 | 东 西 北,https://ke-image.ljcdn.com/110000-inspection/pc1_vjvFKsfzr.jpg!m_fill,w_280,h_210,f_jpg?from=ke.com
20230913,东城,安定门,101117638313,安德里北街25号院 2室1厅 西北,670万,109783元/平,低楼层 (共17层) 2室1厅 | 61.03平米 | 西北,https://ke-image.ljcdn.com/110000-inspection/pc1_Vy2uVIsRs.jpg!m_fill,w_280,h_210,f_jpg?from=ke.com
20230913,东城,安定门,101117612168,黄寺大街28号院 满五年唯一 东西通透 电梯两居室,600万,96837元/平,中楼层 (共14层) | 1991年建 | 2室1厅 | 61.96平米 | 东 西,https://ke-image.ljcdn.com/110000-inspection/pc1_2h8lvjkoL.jpg!m_fill,w_280,h_210,f_jpg?from=ke.com
20230913,东城,安定门,101117610406,全明格局 采光好 无任何遮挡 管理好,779万,139481元/平,中楼层 (共5层) 2室1厅 | 55.85平米 | 南,https://ke-image.ljcdn.com/110000-inspection/pc1_vlb3ZeOwB.jpg!m_fill,w_280,h_210,f_jpg?from=ke.com
20230913,东城,安定门,101117594924,安定门   公园边上南北通透   好户型   全明格局,705万,139274元/平,底层 (共5层) 2室1厅 | 50.62平米 | 南 北,https://ke-image.ljcdn.com/110000-inspection/pc1_tU3CL0zaN.jpg!m_fill,w_280,h_210,f_jpg?from=ke.com
20230913,东城,安定门,101117578044,此房满五年唯一东向一室一厅2006年钢混。房主自荐,615万,109920元/平,中楼层 (共19层) 1室1厅 | 55.95平米 | 东南,https://ke-image.ljcdn.com/110000-inspection/ecb7fccc-435b-4e43-8999-b95605381c61_1000.jpg!m_fill,w_280,h_210,f_jpg?from=ke.com
20230913,东城,安定门,101117534514,东城安定门 朝南电梯三居、满五年家庭唯一住房,880万,100023元/平,高楼层 (共17层) 3室1厅 | 87.98平米 | 南,https://ke-image.ljcdn.com/110000-inspection/08a763cd-2b39-42ed-8a1e-50c7b634c15d_1000.jpg!m_fill,w_280,h_210,f_jpg?from=ke.com
20230913,东城,安定门,101117348695,中绦胡同甲2号院、东城区教委宿舍、有管理、能停车,735万,142719元/平,底层 (共6层) 2室1厅 | 51.5平米 | 南,https://ke-image.ljcdn.com/110000-inspection/953fa85d-e220-47e8-8278-cad8a4c55b10_1000.jpg!m_fill,w_280,h_210,f_jpg?from=ke.com
20230913,东城,安定门,101117183820,东城六铺炕 3居室 南北通透 满五年唯一,1170万,128304元/平,高楼层 (共12层) 3室1厅 | 91.19平米 | 南 北,https://ke-image.ljcdn.com/110000-inspection/pc1_3vFCb8OWb.jpg!m_fill,w_280,h_210,f_jpg?from=ke.com
20230913,东城,安定门,101117179810,青年湖南里电梯直达三居室户型好随时签约,735万,120197元/平,中楼层 (共12层) | 1990年建 | 3室1厅 | 61.15平米 | 西北,https://ke-image.ljcdn.com/110000-inspection/cf104936-ebd7-4fe9-8f5b-9b86f41df7a5_1000.jpg!m_fill,w_280,h_210,f_jpg?from=ke.com
20230913,东城,安定门,101117150327,东城 安定门 东西朝向3居  无遮挡 满五年唯一,845万,106343元/平,高楼层 (共6层) 3室2厅 | 79.46平米 | 东 西,https://ke-image.ljcdn.com/110000-inspection/pc1_5hn735UAU_1.jpg!m_fill,w_280,h_210,f_jpg?from=ke.com
20230913,东城,安定门,101117108064,青年湖公园旁边工人日报家属楼全明户型两居,950万,120026元/平,高楼层 (共6层) 2室1厅 | 79.15平米 | 南 北,https://ke-image.ljcdn.com/110000-inspection/pc1_D0RjGrvHy.jpg!m_fill,w_280,h_210,f_jpg?from=ke.com
20230913,东城,安定门,101117051187,安外东河沿朝南向次顶层三居室诚售,1035万,127010元/平,高楼层 (共20层) 3室1厅 | 81.49平米 | 南,https://ke-image.ljcdn.com/110000-inspection/986cf6d2-0926-4e2b-8b2b-8dc083f94d45_1000.jpg!m_fill,w_280,h_210,f_jpg?from=ke.com
20230913,东城,安定门,101116890143,此房满五唯一南北通透户型方正采光视野好,730万,128363元/平,顶层 (共5层) 3室1厅 | 56.87平米 | 南 北 东,https://ke-image.ljcdn.com/110000-inspection/pc1_lohGqi3W8.jpg!m_fill,w_280,h_210,f_jpg?from=ke.com
20230913,东城,安定门,101116830683,精致小三居 青年湖板块样板间 兼顾采光通风 户型棒,730万,128816元/平,顶层 (共5层) 3室1厅 | 56.67平米 | 南 北,https://ke-image.ljcdn.com/110000-inspection/68edfc39-f7ab-4d01-af96-faabef78beb9_1000.jpg!m_fill,w_280,h_210,f_jpg?from=ke.com
20230913,东城,安定门,101116807412,青年湖公园安德路社区南北通透两居室,669万,103931元/平,底层 (共4层) 2室1厅 | 64.37平米 | 南 北,https://ke-image.ljcdn.com/110000-inspection/pc1_1IQTU4ROb_1.jpg!m_fill,w_280,h_210,f_jpg?from=ke.com
20230913,东城,安定门,101116794438,安德路47号院 中间层 小两居 可组合贷,658万,112441元/平,中楼层 (共6层) 2室1厅 | 58.52平米 | 东 西,https://ke-image.ljcdn.com/110000-inspection/f5e84ae7-bdcd-4f28-bac1-a40ba029bf87_1000.jpg!m_fill,w_280,h_210,f_jpg?from=ke.com
20230913,东城,安定门,101116764501,二环边近地铁满五唯一中间楼层采光好视野好。,798万,119052元/平,低楼层 (共20层) 2室1厅 | 67.03平米 | 西南,https://ke-image.ljcdn.com/110000-inspection/pc1_KXwLJDT0I.jpg!m_fill,w_280,h_210,f_jpg?from=ke.com
20230913,东城,安定门,101116754647,安德路47号院中间层南北通透看房随时,838万,118345元/平,中楼层 (共6层) 3室1厅 | 70.81平米 | 南 北,https://ke-image.ljcdn.com/110000-inspection/bd217409-4888-4252-bec8-1b45cee3f647_1000.jpg!m_fill,w_280,h_210,f_jpg?from=ke.com
20230913,东城,安定门,101116747681,青年湖北里低楼层南北通透两居安静采光好房主自荐,649万,120925元/平,低楼层 (共6层) 2室1厅 | 53.67平米 | 南 北,https://ke-image.ljcdn.com/110000-inspection/pc1_My6yIfNg2.jpg!m_fill,w_280,h_210,f_jpg?from=ke.com
20230913,东城,安定门,101116709298,北二环边 朝南向 采光好 交通便利 青年湖公园,610万,120316元/平,高楼层 (共6层) | 1979年建 | 2室1厅 | 50.7平米 | 南 北,https://ke-image.ljcdn.com/110000-inspection/c4283dc1-4ed2-4e3a-bf8d-e44cb71de6fb_1000.jpg!m_fill,w_280,h_210,f_jpg?from=ke.com
20230913,东城,安定门,101116615935,东城和平里 巷上嘉园   2005年电梯房,1130万,113740元/平,中楼层 (共12层) | 2005年建 | 2室1厅 | 99.35平米 | 西南,https://ke-image.ljcdn.com/110000-inspection/pc1_uXrFib4qS.jpg!m_fill,w_280,h_210,f_jpg?from=ke.com
20230913,东城,安定门,101116610653,东城区安定门外大街3号院东南三居室有装修,1095万,132391元/平,中楼层 (共12层) 3室1厅 | 82.71平米 | 东 南,https://ke-image.ljcdn.com/110000-inspection/pc1_Jab1vjGgY.jpg!m_fill,w_280,h_210,f_jpg?from=ke.com
20230913,东城,安定门,101116504681,东城六铺炕小区 诚心出售 东西朝向,850万,124890元/平,顶层 (共10层) 3室1厅 | 68.06平米 | 东 西,https://ke-image.ljcdn.com/110000-inspection/pc1_imfctKKc8.jpg!m_fill,w_280,h_210,f_jpg?from=ke.com
20230913,东城,安定门,101116482627,安德路47号院新上满五唯一精装修两居室,710万,116033元/平,中楼层 (共6层) 2室1厅 | 61.19平米 | 东 西,https://ke-image.ljcdn.com/110000-inspection/967ff348-e896-49d5-9e61-66270ad61580_1000.jpg!m_fill,w_280,h_210,f_jpg?from=ke.com
20230913,东城,安定门,101116478473,东城安外大街3号院南北三居室满五唯一看房方便。房主自荐,690万,98473元/平,顶层 (共6层) 3室1厅 | 70.07平米 | 南 北,https://ke-image.ljcdn.com/110000-inspection/pc1_eUcH5wxeQ.jpg!m_fill,w_280,h_210,f_jpg?from=ke.com
20230913,东城,安定门,101116417383,上龙西里中化集团管理好电梯直达,1425万,132276元/平,高楼层 (共18层) 2室1厅 | 107.73平米 | 南 北,https://ke-image.ljcdn.com/110000-inspection/b4ecfb30-e0f4-4b4f-a14e-ff0d8c6ed774_1000.jpg!m_fill,w_280,h_210,f_jpg?from=ke.com
20230913,东城,安定门,101116328256,永康胡同1号院 精装修 大一居室 诚意出售,748万,152903元/平,高楼层 (共7层) 1室1厅 | 48.92平米 | 西,https://ke-image.ljcdn.com/110000-inspection/pc1_4JleFMohz.jpg!m_fill,w_280,h_210,f_jpg?from=ke.com
20230913,东城,安定门,101116310086,安定门外西河沿小区  小两居 有电梯,520万,109084元/平,高楼层 (共12层) 2室1厅 | 47.67平米 | 东 西,https://ke-image.ljcdn.com/110000-inspection/3bc405ac-622d-4bd9-9ba6-80680a739104_1000.jpg!m_fill,w_280,h_210,f_jpg?from=ke.com
20230913,东城,安定门,101116163528,：华府景园带电梯的中间层采光充足,1075万,106194元/平,中楼层 (共16层) 2室1厅 | 101.23平米 | 西,https://ke-image.ljcdn.com/110000-inspection/pc1_8YIqPfH1W.jpg!m_fill,w_280,h_210,f_jpg?from=ke.com
20230913,东城,安定门,101116012184,三秀涵雅 东城 楼龄新 精装一居视野好,750万,102292元/平,高楼层 (共18层) 2室1厅 | 73.32平米 | 北,https://ke-image.ljcdn.com/110000-inspection/76897ecb-1032-467b-a08d-26ab2947272a_1000.jpg!m_fill,w_280,h_210,f_jpg?from=ke.com
20230913,东城,安定门,101115965014,安德路47号院 中间层 南北通透 采光通风好 不临街,730万,126080元/平,中楼层 (共6层) | 1990年建 | 2室1厅 | 57.9平米 | 南 北,https://ke-image.ljcdn.com/110000-inspection/af549a05-b541-4c2d-a3b6-f23bd479dc00_1000.jpg!m_fill,w_280,h_210,f_jpg?from=ke.com
20230913,东城,安定门,101115954496,安定门  青年湖公园 地铁边上   电梯房2居室   户型好,780万,121156元/平,低楼层 (共18层) 2室1厅 | 64.38平米 | 南,https://ke-image.ljcdn.com/110000-inspection/pc1_fZit0I6TA.jpg!m_fill,w_280,h_210,f_jpg?from=ke.com
20230913,东城,安定门,101115954448,安定门   公园边上  电梯房2居室  卧室全朝南 带客厅,830万,119666元/平,低楼层 (共18层) 2室1厅 | 69.36平米 | 南,https://ke-image.ljcdn.com/110000-inspection/f00ebf47-e0a9-41d6-b67a-3947a2c2c1bb_1000.jpg!m_fill,w_280,h_210,f_jpg?from=ke.com
20230913,东城,安定门,101115874605,西营房 带电梯 价格可谈 能随时签 看房方便 满五年房主自荐,605万,108017元/平,高楼层 (共16层) 1室1厅 | 56.01平米 | 东,https://ke-image.ljcdn.com/110000-inspection/pc1_o6adkwxgD.jpg!m_fill,w_280,h_210,f_jpg?from=ke.com
20230913,东城,安定门,101115831644,湖景苑 4室2厅 东 西,1820万,99841元/平,中楼层 (共8层) 4室2厅 | 182.29平米 | 东 西,https://ke-image.ljcdn.com/110000-inspection/pc1_oVqkb1wts.jpg!m_fill,w_280,h_210,f_jpg?from=ke.com
20230913,东城,安定门,101115775488,府上嘉园 08年小区 有地下车位 中轴路旁 地铁2号线,1099万,118517元/平,顶层 (共5层) | 2008年建 | 2室1厅 | 92.73平米 | 西,https://ke-image.ljcdn.com/110000-inspection/pc1_B3PN7cFtN_1.jpg!m_fill,w_280,h_210,f_jpg?from=ke.com
20230913,东城,安定门,101115675531,满五年唯一  楼层好 南向 采光好无遮挡,569万,148681元/平,中楼层 (共5层) | 1980年建 | 1室1厅 | 38.27平米 | 南,https://ke-image.ljcdn.com/110000-inspection/pc1_8VUFYfyTX.jpg!m_fill,w_280,h_210,f_jpg?from=ke.com
20230913,东城,安定门,101115437639,东城区和平里  安德路47号院 全明三居,805万,125429元/平,高楼层 (共6层) 3室1厅 | 64.18平米 | 东 南 西,https://ke-image.ljcdn.com/110000-inspection/pc1_RnBhV4NGl.jpg!m_fill,w_280,h_210,f_jpg?from=ke.com
20230913,东城,安定门,101115435842,2005年电梯房 安定门地铁附近 正规1室1厅,608万,106183元/平,中楼层 (共19层) | 2006年建 | 1室1厅 | 57.26平米 | 西,https://ke-image.ljcdn.com/110000-inspection/ef5e6ead-ffc3-48a0-8e0d-c90e996e0fe2_1000.jpg!m_fill,w_280,h_210,f_jpg?from=ke.com
20230913,东城,安定门,101115429978,青年湖东里 南北中间层 小三居室 靠谱出售,900万,124327元/平,低楼层 (共6层) 3室1厅 | 72.39平米 | 南 北,https://ke-image.ljcdn.com/110000-inspection/373b8e04-3a18-4279-a384-0a08ebdce528_1000.jpg!m_fill,w_280,h_210,f_jpg?from=ke.com
20230913,东城,安定门,101115404830,中景濠庭 北二环安定门楼龄新精装视野好,830万,111845元/平,高楼层 (共22层) 1室1厅 | 74.21平米 | 北,https://ke-image.ljcdn.com/110000-inspection/pc1_Ld4R8P0CK.jpg!m_fill,w_280,h_210,f_jpg?from=ke.com
20230913,东城,安定门,101114997700,官书院商品房小区   低楼层   东西大三居室,1700万,135168元/平,底层 (共6层) | 1998年建 | 3室1厅 | 125.77平米 | 东 西,https://ke-image.ljcdn.com/110000-inspection/ac230ace-14d3-4138-8982-e19d4d6e84df_1000.jpg!m_fill,w_280,h_210,f_jpg?from=ke.com
20230913,东城,安定门,101114986986,东向两居 中间楼层 采光好 无遮挡 交通便利,900万,105796元/平,中楼层 (共19层) 2室1厅 | 85.07平米 | 东,https://ke-image.ljcdn.com/110000-inspection/pc1_PBWTrx8N3.jpg!m_fill,w_280,h_210,f_jpg?from=ke.com
20230913,东城,安定门,101114945361,安德路47号院三居精装修商品房房主自荐,490万,75711元/平,地下室 (共6层) | 1994年建 | 3室1厅 | 64.72平米 | 南 北,https://ke-image.ljcdn.com/110000-inspection/0eec13d7-16c5-4f9b-ac55-164d6652542d_1000.jpg!m_fill,w_280,h_210,f_jpg?from=ke.com
20230913,东城,安定门,101114854207,东城区和平里青年湖公园门口经典一居房主自荐,525万,143052元/平,高楼层 (共6层) | 1990年建 | 1室1厅 | 36.7平米 | 东,https://ke-image.ljcdn.com/110000-inspection/a8404427-a9d2-498c-8b08-c74a87a66bed_1000.jpg!m_fill,w_280,h_210,f_jpg?from=ke.com
20230913,东城,安定门,101114848640,南北通透两居室低楼层明厨明卫房本满五年,566万,99299元/平,底层 (共6层) 2室1厅 | 57平米 | 南 北,https://ke-image.ljcdn.com/110000-inspection/pc1_ztPamOD6r.jpg!m_fill,w_280,h_210,f_jpg?from=ke.com
20230913,东城,安定门,101114739186,青年湖 高层双南两居室观景房满五年 诚意卖,850万,126376元/平,高楼层 (共18层) 2室1厅 | 67.26平米 | 南,https://ke-image.ljcdn.com/110000-inspection/6eec1b3c-2421-42cf-b455-2160797348ab_1000.jpg!m_fill,w_280,h_210,f_jpg?from=ke.com
20230913,东城,安定门,101114706825,青年湖 房子满五年唯一 中间层 靠谱出售房主自荐,630万,116754元/平,中楼层 (共6层) 2室1厅 | 53.96平米 | 西北,https://ke-image.ljcdn.com/110000-inspection/f0274b76-7b1d-4fb2-a849-870037e21c11_1000.jpg!m_fill,w_280,h_210,f_jpg?from=ke.com
20230913,东城,安定门,101114701632,地兴居三居室此房是满五年唯一只有契税。房主自荐,787万,127864元/平,低楼层 (共6层) 3室1厅 | 61.55平米 | 南 北,https://ke-image.ljcdn.com/110000-inspection/pc1_VcXA1UhFC.jpg!m_fill,w_280,h_210,f_jpg?from=ke.com
20230913,东城,安定门,101114678658,东城区安定门朝南向小三居满五年,820万,114414元/平,顶层 (共6层) | 1988年建 | 3室1厅 | 71.67平米 | 南 西,https://ke-image.ljcdn.com/110000-inspection/pc1_ngacCI2oe.jpg!m_fill,w_280,h_210,f_jpg?from=ke.com
20230913,东城,安定门,101114660602,东城区两居室交通方便中间楼层临公园,600万,118812元/平,中楼层 (共6层) 2室1厅 | 50.5平米 | 东北,https://ke-image.ljcdn.com/110000-inspection/pc1_pSvmXWo1r.jpg!m_fill,w_280,h_210,f_jpg?from=ke.com
20230913,东城,安定门,101114520477,东城北二环安定门2019年小区有电梯有地库,1570万,137623元/平,低楼层 (共21层) 3室2厅 | 114.08平米 | 南,https://ke-image.ljcdn.com/110000-inspection/pc1_MZhoDyfuX.jpg!m_fill,w_280,h_210,f_jpg?from=ke.com
20230913,东城,安定门,101114496252,安德路 双南两居 诚心出售 采光好 无遮挡,745万,109174元/平,顶层 (共4层) 2室1厅 | 68.24平米 | 南,https://ke-image.ljcdn.com/110000-inspection/pc1_iSK34nFnB.jpg!m_fill,w_280,h_210,f_jpg?from=ke.com
20230913,东城,安定门,101114386418,满五年唯一商品房业主随时签约户型方正房主自荐,860万,125000元/平,底层 (共5层) 3室1厅 | 68.8平米 | 东 西,https://ke-image.ljcdn.com/110000-inspection/pc1_apRwmDAz6_1.jpg!m_fill,w_280,h_210,f_jpg?from=ke.com
20230913,东城,安定门,101114221845,业主诚心出售。满五年央产房购房成本低！,780万,154824元/平,低楼层 (共6层) 2室0厅 | 50.38平米 | 南,https://ke-image.ljcdn.com/110000-inspection/pc1_Lf9eKyY50.jpg!m_fill,w_280,h_210,f_jpg?from=ke.com
20230913,东城,安定门,101114152450,2005年商品房带电梯正规3居室带2个卫生间！,1028万,100381元/平,中楼层 (共19层) 3室1厅 | 102.41平米 | 南 西 北,https://ke-image.ljcdn.com/110000-inspection/pc1_uSKr9tCuF.jpg!m_fill,w_280,h_210,f_jpg?from=ke.com
20230913,东城,安定门,101113996953,3居 5层 南北通透 开间大  有钥匙,799万,109738元/平,高楼层 (共6层) 3室1厅 | 72.81平米 | 南 北,https://ke-image.ljcdn.com/110000-inspection/pc1_MdCeiBJp8.jpg!m_fill,w_280,h_210,f_jpg?from=ke.com
20230913,东城,安定门,101113964029,北二环 2006年社区 满五唯一 正规一居室,630万,115639元/平,中楼层 (共19层) | 2006年建 | 1室1厅 | 54.48平米 | 西,https://ke-image.ljcdn.com/110000-inspection/pc1_I5yZCBsXS.jpg!m_fill,w_280,h_210,f_jpg?from=ke.com
20230913,东城,安定门,101113865274,东城安定门 精装通透两居 满五年唯一 非顶层,630万,110877元/平,高楼层 (共6层) | 1988年建 | 2室1厅 | 56.82平米 | 东 西,https://ke-image.ljcdn.com/110000-inspection/pc1_w66C3uIty_1.jpg!m_fill,w_280,h_210,f_jpg?from=ke.com
20230913,东城,安定门,101113098787,小区新物业管理好 不认识进不去小区 商品房 户型方正,800万,91618元/平,中楼层 (共18层) 1室1厅 | 87.32平米 | 东,https://ke-image.ljcdn.com/110000-inspection/0627c1c8-8ab9-4f0f-884d-6079b2276180_1000.jpg!m_fill,w_280,h_210,f_jpg?from=ke.com
20230913,东城,安定门,101112770540,小区新物业管理好不认识进不去小区商品房户型好,1690万,102649元/平,低楼层 (共18层) 3室1厅 | 164.64平米 | 南,https://ke-image.ljcdn.com/110000-inspection/pc1_Rc9OvkqdI_1.jpg!m_fill,w_280,h_210,f_jpg?from=ke.com
20230913,东城,安定门,101112530655,安外西河沿1988年板楼南北通透两居室,585万,106987元/平,顶层 (共6层) 2室1厅 | 54.68平米 | 南 北,https://ke-image.ljcdn.com/110000-inspection/pc1_IknUmYL8B_1.jpg!m_fill,w_280,h_210,f_jpg?from=ke.com
20230913,东城,安定门,101112394174,安德路47号院南北通透两居室,540万,108325元/平,地下室 (共7层) 2室1厅 | 49.85平米 | 南 北,https://ke-image.ljcdn.com/110000-inspection/pc1_Pp98QDqYx_1.jpg!m_fill,w_280,h_210,f_jpg?from=ke.com
20230913,东城,安定门,101112315323,青年湖东里中间楼层南北朝向两居室,715万,116831元/平,中楼层 (共6层) 2室1厅 | 61.2平米 | 南 北,https://ke-image.ljcdn.com/110000-inspection/pc1_16lK97ms5_1.jpg!m_fill,w_280,h_210,f_jpg?from=ke.com
20230913,东城,安定门,101112210267,东城区安外大街3号院南北向三居室,739万,118127元/平,高楼层 (共6层) 3室1厅 | 62.56平米 | 南 北,https://ke-image.ljcdn.com/110000-inspection/pc1_PS9QSu6VN_1.jpg!m_fill,w_280,h_210,f_jpg?from=ke.com
20230913,东城,安定门,101109393844,东城区2008年电梯商品房 府上嘉园 中高层 满五年,1245万,170900元/平,高楼层 (共11层) | 2008年建 | 2室1厅 | 72.85平米 | 东南,https://ke-image.ljcdn.com/110000-inspection/pc1_fOapjOheM_1.jpg!m_fill,w_280,h_210,f_jpg?from=ke.com
20230913,东城,安定门,101106419050,安定门   商品房管理   较新小区  3居2卫大落地窗,1618万,97553元/平,低楼层 (共18层) 3室1厅 | 165.86平米 | 南,https://ke-image.ljcdn.com/110000-inspection/prod-a6df23b9-11de-4350-9201-fcb7acea4b4e.jpg!m_fill,w_280,h_210,f_jpg?from=ke.com
20230913,东城,安定门,101102413773,南北通透三居室户型方正低楼层房主自荐,1170万,145000元/平,低楼层 (共6层) 3室1厅 | 80.69平米 | 南 北,https://ke-image.ljcdn.com/110000-inspection/pc1_jRTtcEt93_1.jpg!m_fill,w_280,h_210,f_jpg?from=ke.com
20230913,东城,安定门,101121047094,安德路47号院 3室1厅 南 北新上,1020万,100434元/平,顶层 (共6层) 3室1厅 | 101.56平米 | 南 北,https://ke-image.ljcdn.com/110000-inspection/pc1_3EV7QGSag.jpg!m_fill,w_280,h_210,f_jpg?from=ke.com
20230913,东城,安定门,101121015099,安定门商圈一居室东西通透周边配套齐全。新上,698万,150173元/平,高楼层 (共7层) 1室1厅 | 46.48平米 | 东 西,https://ke-image.ljcdn.com/110000-inspection/7a164aa1-a8bd-4cbc-b650-9a5c68b77146_1000.jpg!m_fill,w_280,h_210,f_jpg?from=ke.com
20230913,东城,安定门,101121009924,北二环东城安定门05年小区有电梯双卫三居室新上,1058万,103311元/平,高楼层 (共19层) 3室1厅 | 102.41平米 | 西北 南,https://ke-image.ljcdn.com/110000-inspection/62ba8af9-34a0-4ad2-81f7-3ed797ddf2ba_1000.jpg!m_fill,w_280,h_210,f_jpg?from=ke.com
20230913,东城,安定门,101121008861,东城区安定门安外大街3号院低楼层通透两居室新上,710万,109925元/平,低楼层 (共6层) | 1988年建 | 2室1厅 | 64.59平米 | 东 西,https://ke-image.ljcdn.com/110000-inspection/pc1_kj2yi3LaY.jpg!m_fill,w_280,h_210,f_jpg?from=ke.com
20230913,东城,安定门,101120997818,东城 安定门 2001年社区 高层视野好 精装修 满五唯一新上,820万,110498元/平,中楼层 (共22层) 2室1厅 | 74.21平米 | 北,https://ke-image.ljcdn.com/110000-inspection/pc1_AgUoCWXsp.jpg!m_fill,w_280,h_210,f_jpg?from=ke.com
20230913,东城,安定门,101120972720,安德里北街25号院 2室1厅 南 东南新上,760万,107133元/平,中楼层 (共17层) 2室1厅 | 70.94平米 | 南 东南,https://ke-image.ljcdn.com/110000-inspection/pc1_FVDB0WVMv.jpg!m_fill,w_280,h_210,f_jpg?from=ke.com
20230913,东城,安定门,101120972371,安外东河沿 满五年商务部  有车位 50万博诺 精装修新上,1280万,128502元/平,中楼层 (共7层) | 1998年建 | 3室1厅 | 99.61平米 | 南 北,https://ke-image.ljcdn.com/110000-inspection/pc1_ix1QCKvkI_1.jpg!m_fill,w_280,h_210,f_jpg?from=ke.com
20230913,东城,安定门,101120959553,安德路47号院满五年央产房 看房提前联系新上,665万,120102元/平,中楼层 (共6层) 2室1厅 | 55.37平米 | 东 西,https://ke-image.ljcdn.com/110000-inspection/5fba657c-223d-471d-9439-6835badca5d8_1000.jpg!m_fill,w_280,h_210,f_jpg?from=ke.com
20230913,东城,安定门,101120937744,中石油家属楼  东城六铺炕  随时可看新上,665万,132102元/平,顶层 (共6层) 2室1厅 | 50.34平米 | 东,https://ke-image.ljcdn.com/110000-inspection/2230dadd-3581-44f2-a696-7a9c4d23d472_1000.jpg!m_fill,w_280,h_210,f_jpg?from=ke.com
20230913,东城,安定门,101120936076,总监力推  精装修  三层采光很好  南北通透  单独管理新上,798万,117371元/平,中楼层 (共5层) 3室1厅 | 67.99平米 | 南 北,https://ke-image.ljcdn.com/110000-inspection/pc1_Es2xXRINn.jpg!m_fill,w_280,h_210,f_jpg?from=ke.com
20230913,东城,安定门,101120926987,总监力推  安定门 南北通透 视野开阔 采光好 精装修新上,628万,97668元/平,高楼层 (共6层) 2室1厅 | 64.3平米 | 南 北,https://ke-image.ljcdn.com/110000-inspection/pc1_FXdDKUEcg.jpg!m_fill,w_280,h_210,f_jpg?from=ke.com
20230913,东城,安定门,101120910695,青年湖北里 一层  田字格户型  适合大部分群体,1049万,127585元/平,底层 (共5层) 3室0厅 | 82.22平米 | 南 北,https://ke-image.ljcdn.com/110000-inspection/ab3f56f9-52c4-4aac-887d-48e956b77593_1000.jpg!m_fill,w_280,h_210,f_jpg?from=ke.com
20230913,东城,安定门,101120876161,青年湖北里 1室1厅 东,508万,123873元/平,顶层 (共6层) 1室1厅 | 41.01平米 | 东,https://ke-image.ljcdn.com/110000-inspection/97604cce-dec7-44f0-aba4-14368abb83d1_1000.jpg!m_fill,w_280,h_210,f_jpg?from=ke.com
20230913,东城,安定门,101120875381,安外东河沿 3室1厅 南 北,1200万,156250元/平,底层 (共20层) 3室1厅 | 76.8平米 | 南 北,https://ke-image.ljcdn.com/110000-inspection/pc1_vKf9tYmk7.jpg!m_fill,w_280,h_210,f_jpg?from=ke.com
20230913,东城,安定门,101120845998,满五年央产房全朝南楼层好视野宽阔采光充足,650万,117904元/平,底层 (共10层) 2室1厅 | 55.13平米 | 南,https://ke-image.ljcdn.com/110000-inspection/b0d302b9-cecb-4d50-b3e8-55bcd200f9c1_1000.jpg!m_fill,w_280,h_210,f_jpg?from=ke.com
20230913,东城,安定门,101120841196,北二环内 安交板块 方家 官书院 商品房小区 环境好,2000万,112467元/平,顶层 (共6层) | 1998年建 | 5室3厅 | 177.83平米 | 南 北,https://ke-image.ljcdn.com/110000-inspection/f96cfe45-d869-4fff-a1c1-db9f27df5eb0_1000.jpg!m_fill,w_280,h_210,f_jpg?from=ke.com
20230913,东城,安定门,101120836349,六铺炕青年湖全明格局2居室。,680万,136904元/平,中楼层 (共6层) | 1975年建 | 2室1厅 | 49.67平米 | 南 北,https://ke-image.ljcdn.com/110000-inspection/pc1_jbZTSxqF9.jpg!m_fill,w_280,h_210,f_jpg?from=ke.com
20230913,东城,安定门,101120827051,安定门 安德路55号院  精装修 大客厅两居 满五年唯一,660万,96718元/平,顶层 (共4层) 2室1厅 | 68.24平米 | 南,https://ke-image.ljcdn.com/110000-inspection/pc1_mSoZ7skld.jpg!m_fill,w_280,h_210,f_jpg?from=ke.com
20230913,东城,安定门,101120813309,安外大街3号院 2室1厅 南 北,618万,111957元/平,顶层 (共6层) 2室1厅 | 55.2平米 | 南 北,https://ke-image.ljcdn.com/110000-inspection/a057a8aa-6907-4f3c-b6e6-e988d0aaa27a_1000.jpg!m_fill,w_280,h_210,f_jpg?from=ke.com
20230913,东城,安定门,101120807871,北二环外  精装带客厅两居  诚意出售,658万,109212元/平,中楼层 (共6层) | 1990年建 | 2室1厅 | 60.25平米 | 东 西,https://ke-image.ljcdn.com/110000-inspection/pc1_R0kOV7nda.jpg!m_fill,w_280,h_210,f_jpg?from=ke.com
20230913,东城,安定门,101120765345,安定门 和平里 精装修 南北三居室 交易成本低 近地铁,809万,115953元/平,高楼层 (共6层) | 1983年建 | 3室1厅 | 69.77平米 | 南 北,https://ke-image.ljcdn.com/110000-inspection/pc1_iUqt9hrCe.jpg!m_fill,w_280,h_210,f_jpg?from=ke.com
20230913,东城,安定门,101120684296,青年湖东里 精装修 小三居室  层高较高  南北通透全明,698万,118045元/平,顶层 (共5层) 3室1厅 | 59.13平米 | 东 南 北,https://ke-image.ljcdn.com/110000-inspection/pc1_JsHrMmeWq.jpg!m_fill,w_280,h_210,f_jpg?from=ke.com
20230913,东城,安定门,101120670192,安定门交道口片 通透两居 满五年 有钥匙,698万,128074元/平,底层 (共6层) 2室1厅 | 54.5平米 | 东 西,https://ke-image.ljcdn.com/110000-inspection/6ef03b97-719b-4383-9d97-3f5ab2d3609f_1000.jpg!m_fill,w_280,h_210,f_jpg?from=ke.com
20230913,东城,安定门,101120648339,安外东河沿1998年楼龄护城河边公园旁,689万,121625元/平,中楼层 (共7层) | 1998年建 | 2室1厅 | 56.65平米 | 南 北,https://ke-image.ljcdn.com/110000-inspection/3a836a7c-345e-4a44-92c5-c9400ab40fff_1000.jpg!m_fill,w_280,h_210,f_jpg?from=ke.com
20230913,东城,安定门,101120567529,青年湖公园 安定门地铁 和平里 可接受24年4月过户,678万,119873元/平,低楼层 (共12层) | 1990年建 | 2室0厅 | 56.56平米 | 南,https://ke-image.ljcdn.com/110000-inspection/pc1_w9WHSiJtg.jpg!m_fill,w_280,h_210,f_jpg?from=ke.com
20230913,东城,安定门,101120521462,安定门 和平里 安德路55号院 两居室,648万,94959元/平,顶层 (共4层) 2室1厅 | 68.24平米 | 南 北,https://ke-image.ljcdn.com/110000-inspection/pc1_wVdS314Fr.jpg!m_fill,w_280,h_210,f_jpg?from=ke.com
20230913,东城,安定门,101120378066,好停车房子挑高2.8米空较大采光好还安静,518万,138689元/平,中楼层 (共6层) | 1985年建 | 1室1厅 | 37.35平米 | 东,https://ke-image.ljcdn.com/110000-inspection/pc1_DOz1yzW8p.jpg!m_fill,w_280,h_210,f_jpg?from=ke.com
20230913,东城,安定门,101120326308,和平里青年湖公园旁全明户型两室两厅两卫房主自荐,896万,113203元/平,顶层 (共6层) 2室2厅 | 79.15平米 | 南 北,https://ke-image.ljcdn.com/110000-inspection/f09b244c-c4bd-4dea-93e4-d2016282b838_1000.jpg!m_fill,w_280,h_210,f_jpg?from=ke.com
20230913,东城,安定门,101120235081,刚刚改造完南北通透两居室看房方便。房主自荐,665万,103358元/平,顶层 (共4层) 2室1厅 | 64.34平米 | 南 北,https://ke-image.ljcdn.com/110000-inspection/pc1_5s83KyUDY_1.jpg!m_fill,w_280,h_210,f_jpg?from=ke.com
20230913,东城,安定门,101120202687,安德路乙61号院 1室1厅 东,550万,138609元/平,底层 (共14层) | 1989年建 | 1室1厅 | 39.68平米 | 东,https://ke-image.ljcdn.com/110000-inspection/pc1_lvV8eoRvL.jpg!m_fill,w_280,h_210,f_jpg?from=ke.com
20230913,东城,安定门,101120007970,永康胡同2号院    官书院小区,1560万,162331元/平,中楼层 (共6层) | 2000年建 | 2室2厅 | 96.1平米 | 南 北,https://ke-image.ljcdn.com/110000-inspection/6703fc89-0c6b-443b-ab2f-f9c629780dab_1000.jpg!m_fill,w_280,h_210,f_jpg?from=ke.com
20230913,东城,安定门,101120003637,二环内电梯洋房大平层格局合理采光面大,2476万,129478元/平,中楼层 (共7层) 4室2厅 | 191.23平米 | 东 西 北,https://ke-image.ljcdn.com/110000-inspection/a149cf37-5f39-4ebc-9a2e-c4623237b998_1000.jpg!m_fill,w_280,h_210,f_jpg?from=ke.com
20230913,东城,安定门,101119936973,安德里北街25号院安德里北街25号院,891万,99978元/平,高楼层 (共17层) 3室2厅 | 89.12平米 | 西南,https://ke-image.ljcdn.com/110000-inspection/pc1_VjGtq6LzA.jpg!m_fill,w_280,h_210,f_jpg?from=ke.com
20230913,东城,安定门,101119922241,安交-邮电部家属院只有契税全南两居环境好,779万,154258元/平,顶层 (共6层) | 1985年建 | 2室1厅 | 50.5平米 | 南,https://ke-image.ljcdn.com/110000-inspection/53f5c6b8-bfec-4cd7-b026-85fae2ae4e91_1000.jpg!m_fill,w_280,h_210,f_jpg?from=ke.com
20230913,东城,安定门,101119784611,2003年回迁房 环内楼龄新 安定门2号地铁站,736万,155735元/平,中楼层 (共7层) 1室1厅 | 47.26平米 | 东 西,https://ke-image.ljcdn.com/110000-inspection/a526930a-667d-4899-a07e-21714ec9d1f6_1000.jpg!m_fill,w_280,h_210,f_jpg?from=ke.com
20230913,东城,安定门,101119680525,安交分S厅价格低小区环境好价格可议,568万,57143元/平,地下室 (共7层) 2室1厅 | 99.4平米 | 西 东,https://ke-image.ljcdn.com/110000-inspection/pc1_5pvyY6InQ.jpg!m_fill,w_280,h_210,f_jpg?from=ke.com
20230913,东城,安定门,101119580103,安德路47号院南北通透三居室楼层好视野宽阔采光充足,830万,116885元/平,高楼层 (共6层) | 1990年建 | 3室1厅 | 71.01平米 | 南 北,https://ke-image.ljcdn.com/110000-inspection/pc1_ihX3LdGyP.jpg!m_fill,w_280,h_210,f_jpg?from=ke.com
20230913,东城,安定门,101119505111,青年湖东里 业主诚意出售户型好,900万,152208元/平,底层 (共5层) 3室1厅 | 59.13平米 | 南 西 北,https://ke-image.ljcdn.com/110000-inspection/pc1_16wD4YvTm.jpg!m_fill,w_280,h_210,f_jpg?from=ke.com
20230913,东城,安定门,101119449256,东城 和平里 青年湖 独院管理 南北通透 格局方正,910万,116294元/平,顶层 (共6层) | 1980年建 | 3室1厅 | 78.25平米 | 南 北,https://ke-image.ljcdn.com/110000-inspection/ab1ff3bc-92bd-46c0-ba96-c43b77224f2c_1000.jpg!m_fill,w_280,h_210,f_jpg?from=ke.com
20230913,东城,安定门,101119346628,北二环 楼龄新 带电梯  视野好 停车便利,1180万,130071元/平,高楼层 (共16层) 2室1厅 | 90.72平米 | 西,https://ke-image.ljcdn.com/110000-inspection/2f030dfb-86f8-4a77-8589-a9866a74263a_1000.jpg!m_fill,w_280,h_210,f_jpg?from=ke.com
20230913,东城,安定门,101119281195,安外东河沿双南向两居室满五唯一诚售,800万,136846元/平,低楼层 (共11层) | 1985年建 | 2室1厅 | 58.46平米 | 南 北,https://ke-image.ljcdn.com/110000-inspection/pc1_2QJDy1mLH.jpg!m_fill,w_280,h_210,f_jpg?from=ke.com
20230913,东城,安定门,101119276213,安交  满五唯一商品房  成本低 随时签约,580万,151634元/平,底层 (共5层) 1室1厅 | 38.25平米 | 南,https://ke-image.ljcdn.com/110000-inspection/3a580209-536f-4b6b-8590-0032e22243bc_1000.jpg!m_fill,w_280,h_210,f_jpg?from=ke.com
20230913,东城,安定门,101119260754,黄寺大街28号楼电梯板楼两居室,525万,86691元/平,低楼层 (共14层) | 1991年建 | 2室1厅 | 60.56平米 | 东 西,https://ke-image.ljcdn.com/110000-inspection/pc1_aX0UZKid3_1.jpg!m_fill,w_280,h_210,f_jpg?from=ke.com
20230913,东城,安定门,101119216713,安定门  青年湖公园边上   南北通透  中楼层   2居室,668万,127725元/平,中楼层 (共5层) 2室1厅 | 52.3平米 | 南 北,https://ke-image.ljcdn.com/110000-inspection/pc1_fmViW0fJF_1.jpg!m_fill,w_280,h_210,f_jpg?from=ke.com
20230913,东城,安定门,101119124587,安交宝钞胡同  南北通透大两居室,770万,130288元/平,高楼层 (共6层) | 1981年建 | 2室1厅 | 59.1平米 | 南 北,https://ke-image.ljcdn.com/110000-inspection/202271de-9e91-4c29-a4ee-89a349356bcb_1000.jpg!m_fill,w_280,h_210,f_jpg?from=ke.com
20230913,东城,安定门,101119065673,新上 东城 花园胡同8号院 南北通透 全明格局 两居,865万,135665元/平,底层 (共5层) | 1992年建 | 2室1厅 | 63.76平米 | 南 北,https://ke-image.ljcdn.com/110000-inspection/d60ad6da-9035-45a6-b239-3c4e2720d0fa_1000.jpg!m_fill,w_280,h_210,f_jpg?from=ke.com
20230913,东城,安定门,101119058355,北2环 安定门 地铁站朝南正规一居室,548万,134976元/平,中楼层 (共7层) 1室1厅 | 40.6平米 | 南,https://ke-image.ljcdn.com/110000-inspection/pc1_hujc8yh2e.jpg!m_fill,w_280,h_210,f_jpg?from=ke.com
20230913,东城,安定门,101119052364,安外东河沿 新上双南 精装带电梯大两居 交通部管理房主自荐,848万,131189元/平,低楼层 (共16层) 2室1厅 | 64.64平米 | 南 北,https://ke-image.ljcdn.com/110000-inspection/pc1_T5rl0WSKC.jpg!m_fill,w_280,h_210,f_jpg?from=ke.com
20230913,东城,安定门,101119048966,安外东河沿带客厅户型方正无浪费面积,850万,128148元/平,低楼层 (共16层) 2室1厅 | 66.33平米 | 东 西 北,https://ke-image.ljcdn.com/110000-inspection/7d166eb7-1e50-49da-8b9e-6b1f770e4c98_1000.jpg!m_fill,w_280,h_210,f_jpg?from=ke.com
20230913,东城,安定门,101118950495,2019年社区 朝南一居 精装修 有地下停车位,860万,137578元/平,底层 (共21层) | 2019年建 | 1室1厅 | 62.51平米 | 南,https://ke-image.ljcdn.com/110000-inspection/pc1_OcPjwOwXN.jpg!m_fill,w_280,h_210,f_jpg?from=ke.com
20230913,东城,安定门,101118746331,永康胡同1号院中间楼层配套好,920万,139691元/平,中楼层 (共7层) | 2002年建 | 2室1厅 | 65.86平米 | 南 北,https://ke-image.ljcdn.com/110000-inspection/7dc5a972-0c71-4174-9505-c529d40514ce_1000.jpg!m_fill,w_280,h_210,f_jpg?from=ke.com
20230913,东城,安定门,101118582448,带电梯 北二环安定门 三大公园环绕 南北通透3居房主自荐,835万,120422元/平,中楼层 (共6层) 3室1厅 | 69.34平米 | 南 北,https://ke-image.ljcdn.com/110000-inspection/pc1_ZlNez5L1S.jpg!m_fill,w_280,h_210,f_jpg?from=ke.com
20230913,东城,安定门,101118510102,此房是中石化的家属院满五年并且家庭唯一住房,845万,103175元/平,中楼层 (共17层) 3室1厅 | 81.9平米 | 东北,https://ke-image.ljcdn.com/110000-inspection/prod-a9da2203-02db-4eb6-9879-d0eb34bc5703.jpg!m_fill,w_280,h_210,f_jpg?from=ke.com
20230913,东城,安定门,101118452423,凯景铭座 精装修 东南朝向 临近公园产权清晰 随时签约房主自荐,1258万,91206元/平,低楼层 (共19层) | 2001年建 | 2室1厅 | 137.93平米 | 东南,https://ke-image.ljcdn.com/110000-inspection/pc1_PTowYNz6O.jpg!m_fill,w_280,h_210,f_jpg?from=ke.com
20230913,东城,安定门,101118238383,东城湖景苑 2000年电梯房 南北通透,1025万,126061元/平,中楼层 (共10层) 2室1厅 | 81.31平米 | 南 北,https://ke-image.ljcdn.com/110000-inspection/4d18750d-8fb2-4d41-a73e-c19504b91f95_1000.jpg!m_fill,w_280,h_210,f_jpg?from=ke.com
20230913,东城,安定门,101118120166,安外大街3号院次顶层 满五年唯一  靠谱出售,615万,108237元/平,高楼层 (共6层) | 1988年建 | 2室1厅 | 56.82平米 | 东 西,https://ke-image.ljcdn.com/110000-inspection/pc1_01Qpxz5FO.jpg!m_fill,w_280,h_210,f_jpg?from=ke.com
20230913,东城,安定门,101118053779,鼓楼大街安德路乙61号院 电梯直达前后不临街东南两居,845万,131375元/平,低楼层 (共14层) | 1989年建 | 2室0厅 | 64.32平米 | 东南,https://ke-image.ljcdn.com/110000-inspection/pc1_WvtLDdQXF.jpg!m_fill,w_280,h_210,f_jpg?from=ke.com
20230913,东城,安定门,101118013543,中轴线 护城河 俯瞰二环 远眺西山 中景濠庭也,1790万,110788元/平,高楼层 (共22层) 3室2厅 | 161.57平米 | 南 北,https://ke-image.ljcdn.com/110000-inspection/pc1_LEMkCUuqw.jpg!m_fill,w_280,h_210,f_jpg?from=ke.com
20230913,东城,安定门,101118013463,青年湖 六铺炕 双南两居 低楼层 精装修 随时签约,730万,142245元/平,中楼层 (共5层) 2室1厅 | 51.32平米 | 南,https://ke-image.ljcdn.com/110000-inspection/pc1_rCpCrrIUg.jpg!m_fill,w_280,h_210,f_jpg?from=ke.com
20230913,东城,安定门,101117987155,和平里 青年湖公园旁边  全明户型三居房主自荐,798万,101064元/平,顶层 (共18层) 3室0厅 | 78.96平米 | 南 北,https://ke-image.ljcdn.com/110000-inspection/69d4561e-8291-4621-91e2-a5a931e7b781_1000.jpg!m_fill,w_280,h_210,f_jpg?from=ke.com
20230913,东城,安定门,101117982481,西营房 1室1厅 西,545万,100037元/平,低楼层 (共19层) 1室1厅 | 54.48平米 | 西,https://ke-image.ljcdn.com/110000-inspection/pc1_gwxWHVH8l.jpg!m_fill,w_280,h_210,f_jpg?from=ke.com
20230913,东城,安定门,101117919726,青年湖北里 东西通透 精装拎包住 产权清晰房主自荐,638万,104283元/平,顶层 (共6层) 2室1厅 | 61.18平米 | 东 西,https://ke-image.ljcdn.com/110000-inspection/05fa5578-0659-46d3-a737-e7f5db28ea16_1000.jpg!m_fill,w_280,h_210,f_jpg?from=ke.com
20230913,东城,安定门,101117903875,满五唯一 精装修 靠近公园 楼龄新,1680万,105941元/平,低楼层 (共16层) | 2001年建 | 3室1厅 | 158.58平米 | 西 东 南,https://ke-image.ljcdn.com/110000-inspection/pc1_NAsduBTy1_1.jpg!m_fill,w_280,h_210,f_jpg?from=ke.com
20230913,东城,安定门,101117891440,让你感到惊喜的青年湖西里两居室,768万,136026元/平,顶层 (共5层) 2室1厅 | 56.46平米 | 南 北,https://ke-image.ljcdn.com/110000-inspection/pc1_L4OKdeZKG_1.jpg!m_fill,w_280,h_210,f_jpg?from=ke.com
20230913,东城,安定门,101117876470,东城安定门青年湖东里中间层双南两居室不临街无遮挡,643万,121551元/平,中楼层 (共5层) 2室1厅 | 52.9平米 | 南,https://ke-image.ljcdn.com/110000-inspection/pc1_A7ERBoHyG.jpg!m_fill,w_280,h_210,f_jpg?from=ke.com
20230913,东城,安定门,101117829920,安德里北街 电梯塔楼 大户型 公摊少,1170万,106606元/平,低楼层 (共17层) 4室1厅 | 109.75平米 | 东 南 北,https://ke-image.ljcdn.com/110000-inspection/3c9fdd5f-dc22-437f-aefe-27899f9ee634_1000.jpg!m_fill,w_280,h_210,f_jpg?from=ke.com
20230913,东城,安定门,101117728894,两卧朝南 楼下两大公园 距离地铁2号线近,825万,128146元/平,高楼层 (共18层) 2室1厅 | 64.38平米 | 西南,https://ke-image.ljcdn.com/110000-inspection/pc1_KCeLcvd7y.jpg!m_fill,w_280,h_210,f_jpg?from=ke.com
20230913,东城,安定门,101117723171,郎家胡同24号  朗家胡同24号院 安交,860万,139407元/平,低楼层 (共6层) | 1977年建 | 3室1厅 | 61.69平米 | 东 南 北,https://ke-image.ljcdn.com/110000-inspection/pc1_dXmbnK7fT.jpg!m_fill,w_280,h_210,f_jpg?from=ke.com
20230913,东城,安定门,101117717700,安德路47号院南北通透两居室中间楼层,660万,115993元/平,中楼层 (共5层) | 1980年建 | 2室1厅 | 56.9平米 | 北 南,https://ke-image.ljcdn.com/110000-inspection/pc1_cwdlz8S8R.jpg!m_fill,w_280,h_210,f_jpg?from=ke.com
20230913,东城,安定门,101117697774,安定门 青年湖东里 精装电梯一居室 楼下就有公园,580万,125162元/平,低楼层 (共18层) 1室1厅 | 46.34平米 | 南,https://ke-image.ljcdn.com/110000-inspection/pc1_REEiSv47J_1.jpg!m_fill,w_280,h_210,f_jpg?from=ke.com
20230913,东城,安定门,101117575387,安定门 西营房小区 正规三居室 交通便利,1149万,104001元/平,高楼层 (共19层) 3室1厅 | 110.48平米 | 西,https://ke-image.ljcdn.com/110000-inspection/pc1_e8gK3UlnH_1.jpg!m_fill,w_280,h_210,f_jpg?from=ke.com
20230913,东城,安定门,101117498129,东城和平里带电梯两居室业主诚意出售随时签约房主自荐,599万,115504元/平,高楼层 (共12层) 2室1厅 | 51.86平米 | 东 西,https://ke-image.ljcdn.com/110000-inspection/pc1_bOubZFeZl_1.jpg!m_fill,w_280,h_210,f_jpg?from=ke.com
20230913,东城,安定门,101117273175,北二环内 安交板块 永康胡同 方家 南北三居 低楼层,1095万,154858元/平,底层 (共6层) | 1984年建 | 2室1厅 | 70.71平米 | 南 北,https://ke-image.ljcdn.com/110000-inspection/pc1_csJ9mr6Cl_1.jpg!m_fill,w_280,h_210,f_jpg?from=ke.com
20230913,东城,安定门,101116919184,东城和平里商圈双地铁交汇 小区单独管理 能随时签约,599万,107754元/平,顶层 (共6层) 2室1厅 | 55.59平米 | 南 北,https://ke-image.ljcdn.com/110000-inspection/pc1_SR7Gaj5mQ.jpg!m_fill,w_280,h_210,f_jpg?from=ke.com
20230913,东城,安定门,101105971516,2003年商品房  官书院小区 精装修 户型好,1800万,123729元/平,顶层 (共6层) | 2000年建 | 3室2厅 | 145.48平米 | 东 西,https://ke-image.ljcdn.com/110000-inspection/21073210-debd-44fc-9119-8fef9adb38b6_1000.jpg!m_fill,w_280,h_210,f_jpg?from=ke.com
20230913,东城,安定门,101121048234,东城北二环护城河边19年小区有电梯有地下车库全南两居新上,1240万,144556元/平,高楼层 (共15层) 2室1厅 | 85.78平米 | 南,https://s1.ljcdn.com/pegasus/redskull/images/common/default_house_list.png?_v=20230816111335
20230913,东城,安定门,101121036403,六铺炕 2室1厅 南新上,698万,134542元/平,中楼层 (共5层) 2室1厅 | 51.88平米 | 南,https://s1.ljcdn.com/pegasus/redskull/images/common/default_house_list.png?_v=20230816111335
20230913,东城,安定门,101121034633,安定门 和平里  南北通透2居 满五年单位分房 随时看房新上,658万,105669元/平,顶层 (共6层) 2室1厅 | 62.27平米 | 南 北,https://s1.ljcdn.com/pegasus/redskull/images/common/default_house_list.png?_v=20230816111335
20230913,东城,安定门,101121033175,总监力推  安定门 带电梯三居室 采光好 视野好 不临街新上,828万,118540元/平,高楼层 (共11层) 3室1厅 | 69.85平米 | 南 北 西南,https://s1.ljcdn.com/pegasus/redskull/images/common/default_house_list.png?_v=20230816111335
20230913,东城,安定门,101121014817,西营房胡同9号院 满五唯一商品房 交通便利新上,1100万,107349元/平,中楼层 (共19层) | 2006年建 | 3室1厅 | 102.47平米 | 东北 南,https://s1.ljcdn.com/pegasus/redskull/images/common/default_house_list.png?_v=20230816111335
20230913,东城,安定门,101121010736,中间楼层采光和视野好户型方正精装修新上,550万,126992元/平,高楼层 (共6层) | 1990年建 | 1室1厅 | 43.31平米 | 西,https://s1.ljcdn.com/pegasus/redskull/images/common/default_house_list.png?_v=20230816111335
20230913,东城,安定门,101120959622,安定门  3居室  格局好 户型方正 建于1997年  管理好新上,1100万,134788元/平,中楼层 (共18层) 3室1厅 | 81.61平米 | 东南 北,https://s1.ljcdn.com/pegasus/redskull/images/common/default_house_list.png?_v=20230816111335
20230913,东城,安定门,101120958473,青年湖东里 2室1厅 南 北新上,610万,109007元/平,顶层 (共6层) | 1982年建 | 2室1厅 | 55.96平米 | 南 北,https://s1.ljcdn.com/pegasus/redskull/images/common/default_house_list.png?_v=20230816111335
20230913,东城,安定门,101120945561,中绦胡同甲2号院 2室1厅 南新上,880万,161320元/平,中楼层 (共6层) 2室1厅 | 54.55平米 | 南,https://s1.ljcdn.com/pegasus/redskull/images/common/default_house_list.png?_v=20230816111335
20230913,东城,安定门,101120942040,东城北二环冶金部大院中间层全南三居新上,795万,97035元/平,中楼层 (共4层) 3室1厅 | 81.93平米 | 南,https://s1.ljcdn.com/pegasus/redskull/images/common/default_house_list.png?_v=20230816111335
20230913,东城,安定门,101120935833,青年湖东里 南北通透  采光好 户型好 近公园新上,720万,113172元/平,高楼层 (共6层) 2室1厅 | 63.62平米 | 南 北,https://s1.ljcdn.com/pegasus/redskull/images/common/default_house_list.png?_v=20230816111335
20230913,东城,安定门,101120933478,青年湖东里 2室1厅 西新上,625万,97353元/平,底层 (共6层) 2室1厅 | 64.2平米 | 西,https://s1.ljcdn.com/pegasus/redskull/images/common/default_house_list.png?_v=20230816111335
20230913,东城,安定门,101120887876,安交 中绦胡同甲2号 满五年 低楼层 采光充足无遮挡,879万,166006元/平,底层 (共6层) 2室1厅 | 52.95平米 | 南,https://s1.ljcdn.com/pegasus/redskull/images/common/default_house_list.png?_v=20230816111335
20230913,东城,安定门,101120859939,安德路47号院 冶金部央产房 管理好 正规小三居 新改造,845万,117902元/平,中楼层 (共7层) | 1989年建 | 3室1厅 | 71.67平米 | 南 北,https://s1.ljcdn.com/pegasus/redskull/images/common/default_house_list.png?_v=20230816111335
20230913,东城,安定门,101120857994,永康胡同1号院 2室1厅 南 北,900万,133611元/平,高楼层 (共7层) 2室1厅 | 67.36平米 | 南 北,https://s1.ljcdn.com/pegasus/redskull/images/common/default_house_list.png?_v=20230816111335
20230913,东城,安定门,101120843409,安定门 2019年楼龄 南北通透两居室 环境好,1200万,130634元/平,底层 (共21层) 2室1厅 | 91.86平米 | 南 北,https://s1.ljcdn.com/pegasus/redskull/images/common/default_house_list.png?_v=20230816111335
20230913,东城,安定门,101120834833,楼龄新 观地坛公园景观  视野好 采光好 市政新改造,855万,131216元/平,高楼层 (共6层) | 1998年建 | 2室1厅 | 65.16平米 | 南 北,https://s1.ljcdn.com/pegasus/redskull/images/common/default_house_list.png?_v=20230816111335
20230913,东城,安定门,101120736807,东城区青年湖东里1居中间楼层满五唯一诚心出售,550万,109192元/平,中楼层 (共6层) 1室1厅 | 50.37平米 | 东,https://s1.ljcdn.com/pegasus/redskull/images/common/default_house_list.png?_v=20230816111335
20230913,东城,安定门,101120569857,和平里 安外西河沿   随时签约 没有户口 南北中间层,700万,125561元/平,中楼层 (共6层) 2室1厅 | 55.75平米 | 南 北,https://s1.ljcdn.com/pegasus/redskull/images/common/default_house_list.png?_v=20230816111335
20230913,东城,安定门,101120531270,东城区安外大街3号院电梯两居室楼龄新诚心卖,585万,120470元/平,低楼层 (共12层) 2室1厅 | 48.56平米 | 东 西,https://s1.ljcdn.com/pegasus/redskull/images/common/default_house_list.png?_v=20230816111335
20230913,东城,安定门,101120483429,六铺炕水电二局单位分房诚心出售,900万,110688元/平,低楼层 (共16层) | 1992年建 | 3室1厅 | 81.31平米 | 东北,https://s1.ljcdn.com/pegasus/redskull/images/common/default_house_list.png?_v=20230816111335
20230913,东城,安定门,101120271832,安德路47号院 南北通透三居室 交通便利,950万,127176元/平,中楼层 (共6层) 3室1厅 | 74.7平米 | 南 北,https://s1.ljcdn.com/pegasus/redskull/images/common/default_house_list.png?_v=20230816111335
20230913,东城,安定门,101120252197,东城六铺炕 2居室 诚心卖 满五唯一,660万,105906元/平,低楼层 (共16层) | 1992年建 | 2室1厅 | 62.32平米 | 西北,https://s1.ljcdn.com/pegasus/redskull/images/common/default_house_list.png?_v=20230816111335
20230913,东城,安定门,101119969626,安德路47号院 2室1厅 东 西,638万,109023元/平,底层 (共6层) 2室1厅 | 58.52平米 | 东 西,https://s1.ljcdn.com/pegasus/redskull/images/common/default_house_list.png?_v=20230816111335
20230913,东城,安定门,101119776280,东城 青年湖 朝南一居 中间层 采光好 明厨明卫,590万,160545元/平,中楼层 (共5层) | 1986年建 | 1室1厅 | 36.75平米 | 南,https://s1.ljcdn.com/pegasus/redskull/images/common/default_house_list.png?_v=20230816111335
20230913,东城,安定门,101119749024,中间楼层两居室 南北通透 满五年,846万,137427元/平,中楼层 (共6层) 2室1厅 | 61.56平米 | 南 北,https://s1.ljcdn.com/pegasus/redskull/images/common/default_house_list.png?_v=20230816111335
20230913,东城,安定门,101119430647,工人日报社央产社区满五唯一诚心出售一居室房主自荐,550万,125600元/平,低楼层 (共14层) | 1989年建 | 1室1厅 | 43.79平米 | 东,https://s1.ljcdn.com/pegasus/redskull/images/common/default_house_list.png?_v=20230816111335
20230913,东城,安定门,101119006598,东城区 安定门 两个卧室朝南 一间卧室朝东 中间楼层,670万,107321元/平,中楼层 (共6层) | 1988年建 | 3室1厅 | 62.43平米 | 东 南,https://s1.ljcdn.com/pegasus/redskull/images/common/default_house_list.png?_v=20230816111335
20230913,东城,安定门,101118976188,巷上嘉园  2005年商品房  电梯房  格局好,768万,115855元/平,中楼层 (共12层) 1室1厅 | 66.29平米 | 北,https://s1.ljcdn.com/pegasus/redskull/images/common/default_house_list.png?_v=20230816111335
20230913,东城,安定门,101118041425,官书院小区 南北通透三居室 无遮挡 视野采光好,1670万,135905元/平,高楼层 (共6层) | 2000年建 | 3室1厅 | 122.88平米 | 南 北,https://s1.ljcdn.com/pegasus/redskull/images/common/default_house_list.png?_v=20230816111335
20230913,东城,安定门,101116423194,安外东河沿 带电梯两居室 电梯直达,795万,130693元/平,顶层 (共20层) 2室1厅 | 60.83平米 | 南 西,https://ke-image.ljcdn.com/110000-inspection/1d3404b1-2279-42c4-9bb7-d9f55a0baa73.jpg!m_fill,w_280,h_210,f_jpg?from=ke.com
20230913,东城,安定门,101111233072,此房楼龄是2008年建成高楼层视野好电梯房商品房,2500万,112436元/平,顶层 (共11层) | 2008年建 | 4室2厅 | 222.35平米 | 南 北,https://s1.ljcdn.com/pegasus/redskull/images/common/default_house_list.png?_v=20230816111335
20230913,东城,安定门,101110476254,凯景铭座 三环内  能注册办公,750万,37651元/平,中楼层 (共4层) | 2001年建 | 1室1厅 | 199.2平米 | 西北,https://s1.ljcdn.com/pegasus/redskull/images/common/default_house_list.png?_v=20230816111335
