20230913,西城,长椿街,101120841047,新登记 南北向 全明格局 中间层 没遮挡 不临街必看好房,989万,109975元/平,中楼层 (共6层) | 1984年建 | 3室1厅 | 89.93平米 | 南 北,https://ke-image.ljcdn.com/110000-inspection/pc1_y3hLvn0YK_1.jpg!m_fill,w_280,h_210,f_jpg?from=ke.com
20230913,西城,长椿街,101120538619,宣武门西大街 南北三居 楼层好 视野开阔 交通配套齐全必看好房,799万,121595元/平,中楼层 (共10层) | 1979年建 | 3室0厅 | 65.71平米 | 南 北,https://ke-image.ljcdn.com/110000-inspection/pc1_DsRCVhBzg_1.jpg!m_fill,w_280,h_210,f_jpg?from=ke.com
20230913,西城,长椿街,101120106151,康乐里 两居室带客厅 明厨明卫 楼层高 视野好必看好房,1350万,128817元/平,顶层 (共14层) | 1999年建 | 2室1厅 | 104.8平米 | 南 西北,https://ke-image.ljcdn.com/110000-inspection/pc1_mUozbGgy3_2.jpg!m_fill,w_280,h_210,f_jpg?from=ke.com
20230913,西城,长椿街,101120096503,长椿街 宣武门 槐柏树街南里 一居室业主诚心出售必看好房,459万,113110元/平,顶层 (共6层) | 1992年建 | 1室1厅 | 40.58平米 | 南 北,https://ke-image.ljcdn.com/110000-inspection/e948320b-cfd6-4c5c-b227-0e456e8f0512_1000.jpg!m_fill,w_280,h_210,f_jpg?from=ke.com
20230913,西城,长椿街,101120067016,长椿街 相来家园 小高层社区 板楼带电梯 满五唯一必看好房,1270万,129460元/平,中楼层 (共14层) 2室1厅 | 98.1平米 | 东 西,https://ke-image.ljcdn.com/110000-inspection/pc1_IfchwLPoE_1.jpg!m_fill,w_280,h_210,f_jpg?from=ke.com
20230913,西城,长椿街,101120751192,国资委家属院 满五年 楼龄新 电梯直达 板楼两居,1110万,129886元/平,低楼层 (共14层) 2室1厅 | 85.46平米 | 南 北,https://ke-image.ljcdn.com/110000-inspection/pc1_yGkxcn6Bk_1.jpg!m_fill,w_280,h_210,f_jpg?from=ke.com
20230913,西城,长椿街,101120570151,核桃园 双南向两居室 业主诚意出售,519万,98876元/平,中楼层 (共5层) 2室1厅 | 52.49平米 | 南,https://ke-image.ljcdn.com/110000-inspection/pc1_xkirSymqu_1.jpg!m_fill,w_280,h_210,f_jpg?from=ke.com
20230913,西城,长椿街,101120464332,西城区二环内满五年唯一精装修 南北通透 近地铁采光好必看好房,640万,103796元/平,中楼层 (共6层) 3室1厅 | 61.66平米 | 南 北,https://ke-image.ljcdn.com/110000-inspection/pc1_vHUdZy1x5.jpg!m_fill,w_280,h_210,f_jpg?from=ke.com
20230913,西城,长椿街,101120239264,长椿街 广安门 楼龄新板楼 南北两居室 可随时签约房主自荐,690万,115675元/平,底层 (共6层) 2室1厅 | 59.65平米 | 南 北,https://ke-image.ljcdn.com/110000-inspection/pc1_pbArSveiS_1.jpg!m_fill,w_280,h_210,f_jpg?from=ke.com
20230913,西城,长椿街,101120179454,三庙大院 双南向两居室 明厨明卫 中间层 诚意出售,600万,116167元/平,中楼层 (共6层) | 1992年建 | 2室1厅 | 51.65平米 | 南,https://ke-image.ljcdn.com/110000-inspection/pc1_UN7qeZTvh_1.jpg!m_fill,w_280,h_210,f_jpg?from=ke.com
20230913,西城,长椿街,101120123583,长椿街地铁口 央行家属院  人车分流 有健身房 游泳池必看好房,2068万,143224元/平,高楼层 (共16层) | 1999年建 | 3室1厅 | 144.39平米 | 南 西,https://ke-image.ljcdn.com/110000-inspection/pc1_LhSNXCaaN_1.jpg!m_fill,w_280,h_210,f_jpg?from=ke.com
20230913,西城,长椿街,101119950028,兵器五院 满五年唯一 层高3米3 南北通透三居室,740万,96067元/平,顶层 (共4层) 3室1厅 | 77.03平米 | 南 北,https://ke-image.ljcdn.com/110000-inspection/pc1_c25ewoGvm_1.jpg!m_fill,w_280,h_210,f_jpg?from=ke.com
20230913,西城,长椿街,101119766181,满五年商品发 小区环境好 楼龄新 高楼层 视野开阔必看好房,500万,71460元/平,顶层 (共16层) | 2007年建 | 1室2厅 | 69.97平米 | 北,https://ke-image.ljcdn.com/110000-inspection/pc1_jYP13ZLjm_1.jpg!m_fill,w_280,h_210,f_jpg?from=ke.com
20230913,西城,长椿街,101119730390,长椿街 感化胡同 正规三居 小区安静 近地铁,659万,92143元/平,底层 (共6层) | 1983年建 | 3室1厅 | 71.52平米 | 东北,https://ke-image.ljcdn.com/110000-inspection/pc1_JN7HtIL1m_1.jpg!m_fill,w_280,h_210,f_jpg?from=ke.com
20230913,西城,长椿街,101119668696,宣武门西大街 双南朝向 户型方正 精装修两居室,570万,109933元/平,底层 (共12层) | 1970年建 | 2室0厅 | 51.85平米 | 南,https://ke-image.ljcdn.com/110000-inspection/pc1_H6ofHV1fK_1.jpg!m_fill,w_280,h_210,f_jpg?from=ke.com
20230913,西城,长椿街,101119661644,长椿街  槐柏树南里 满五唯一 精装修两居 安静不临街,710万,117434元/平,底层 (共6层) | 1991年建 | 2室1厅 | 60.46平米 | 南 北,https://ke-image.ljcdn.com/110000-inspection/pc1_BcAPlZU0S_1.jpg!m_fill,w_280,h_210,f_jpg?from=ke.com
20230913,西城,长椿街,101119518536,长椿街地铁 精装修  中高楼层 电梯直达 东南三居室房主自荐,1200万,136581元/平,中楼层 (共18层) | 1987年建 | 3室1厅 | 87.86平米 | 东 南,https://ke-image.ljcdn.com/110000-inspection/pc1_o9eKT3Yt3_1.jpg!m_fill,w_280,h_210,f_jpg?from=ke.com
20230913,西城,长椿街,101119501568,宣武门西大街双南户型方正采光好近地铁  费用少必看好房,599万,120548元/平,高楼层 (共12层) | 1970年建 | 2室1厅 | 49.69平米 | 南,https://ke-image.ljcdn.com/110000-inspection/pc1_KA6WmqFgl_1.jpg!m_fill,w_280,h_210,f_jpg?from=ke.com
20230913,西城,长椿街,101119451939,长椿街 3室1厅 南 北,835万,112915元/平,中楼层 (共6层) | 1981年建 | 3室1厅 | 73.95平米 | 南 北,https://ke-image.ljcdn.com/110000-inspection/pc1_4Xxji2sd4_1.jpg!m_fill,w_280,h_210,f_jpg?from=ke.com
20230913,西城,长椿街,101119375688,西城区二环内 高层安静 采光好 近地铁 使用率90.51%必看好房,560万,91654元/平,顶层 (共6层) | 1987年建 | 3室1厅 | 61.1平米 | 东 西,https://ke-image.ljcdn.com/110000-inspection/pc1_LS7MsyrWu_1.jpg!m_fill,w_280,h_210,f_jpg?from=ke.com
20230913,西城,长椿街,101119277783,长椿街 广安门 2002年商品房社区 满五年唯一房主自荐,1000万,89929元/平,低楼层 (共21层) | 2002年建 | 2室2厅 | 111.2平米 | 西北,https://ke-image.ljcdn.com/110000-inspection/pc1_Ugqe1cEju.jpg!m_fill,w_280,h_210,f_jpg?from=ke.com
20230913,西城,长椿街,101119052795,长椿街核桃园低楼层田字格户型满五唯一广安门内地铁,750万,99682元/平,底层 (共6层) | 1983年建 | 3室1厅 | 75.24平米 | 南 北,https://ke-image.ljcdn.com/110000-inspection/pc1_ankFUYd97.jpg!m_fill,w_280,h_210,f_jpg?from=ke.com
20230913,西城,长椿街,101118933950,西城区二环内 环境好 楼龄新 近地铁 低楼层 车位免费必看好房,670万,103412元/平,底层 (共6层) 2室1厅 | 64.79平米 | 南,https://ke-image.ljcdn.com/110000-inspection/pc1_zcZdU9Dsd_1.jpg!m_fill,w_280,h_210,f_jpg?from=ke.com
20230913,西城,长椿街,101118583477,长椿街 三庙街 朝南一居 格局方正 采光好 近地铁必看好房,502万,119953元/平,底层 (共6层) | 1990年建 | 1室1厅 | 41.85平米 | 南,https://ke-image.ljcdn.com/110000-inspection/pc1_oInLoMZsR_1.jpg!m_fill,w_280,h_210,f_jpg?from=ke.com
20230913,西城,长椿街,101118282963,国资委家属院 满五唯一 楼龄新 电梯直达 单独管理,1180万,137883元/平,高楼层 (共14层) 2室1厅 | 85.58平米 | 南 北,https://ke-image.ljcdn.com/110000-inspection/pc1_Z3wQB5XeV_1.jpg!m_fill,w_280,h_210,f_jpg?from=ke.com
20230913,西城,长椿街,101118164361,有钥匙1992年 长椿街 中间层 近地铁 采光好 无遮挡,539万,122167元/平,低楼层 (共6层) | 1992年建 | 1室1厅 | 44.12平米 | 南 西,https://ke-image.ljcdn.com/110000-inspection/pc1_7QuqNwjyj_1.jpg!m_fill,w_280,h_210,f_jpg?from=ke.com
20230913,西城,长椿街,101117781846,宣西大街满五年商品房 采光充足必看好房,560万,110128元/平,顶层 (共12层) | 1977年建 | 2室1厅 | 50.85平米 | 南 北,https://ke-image.ljcdn.com/110000-inspection/pc1_BNzTfTXFN_1.jpg!m_fill,w_280,h_210,f_jpg?from=ke.com
20230913,西城,长椿街,101115936546,槐柏树街南里 南北通透 两室一厅 中高楼层,730万,118507元/平,高楼层 (共6层) | 1992年建 | 2室1厅 | 61.6平米 | 南 北,https://ke-image.ljcdn.com/110000-inspection/pc1_FEPsfywGv_1.jpg!m_fill,w_280,h_210,f_jpg?from=ke.com
20230913,西城,长椿街,101114542136,宣武门西大街 电梯直达 双南朝向 诚心出售 看房方便,773万,130026元/平,中楼层 (共12层) | 1970年建 | 2室1厅 | 59.45平米 | 南,https://ke-image.ljcdn.com/110000-inspection/b7de3ce3-81e3-480c-8036-24b465c301a0_1000.jpg!m_fill,w_280,h_210,f_jpg?from=ke.com
20230913,西城,长椿街,101120626514,长椿街  广内地铁附近 满五唯一 三居室低楼层全明格局,830万,112604元/平,底层 (共6层) | 1984年建 | 3室1厅 | 73.71平米 | 南 北,https://s1.ljcdn.com/pegasus/redskull/images/common/default_house_list.png?_v=20230816111335
20230913,西城,长椿街,101120946706,长椿街 南向一居 有电梯 采光充足 视野开阔 钢混结构新上,600万,95618元/平,中楼层 (共14层) 2室1厅 | 62.75平米 | 南 西,https://ke-image.ljcdn.com/110000-inspection/pc1_jVpFrRinC_1.jpg!m_fill,w_280,h_210,f_jpg?from=ke.com
20230913,西城,长椿街,101120929808,西城区二环内中间层 环境好层高3米 近公园医院 户型好新上,645万,105617元/平,中楼层 (共4层) 2室1厅 | 61.07平米 | 东南 西,https://ke-image.ljcdn.com/110000-inspection/pc1_6whCxfdMr_1.jpg!m_fill,w_280,h_210,f_jpg?from=ke.com
20230913,西城,长椿街,101120909729,西城区二环内 二层安静南向采光好 近地铁 满五年唯一,520万,142388元/平,低楼层 (共6层) | 1984年建 | 1室1厅 | 36.52平米 | 南,https://ke-image.ljcdn.com/110000-inspection/pc1_NxjgN3Sop.jpg!m_fill,w_280,h_210,f_jpg?from=ke.com
20230913,西城,长椿街,101120889831,西便门内大街97号院 1室0厅 南 北,530万,146531元/平,顶层 (共6层) | 1984年建 | 1室0厅 | 36.17平米 | 南 北,https://ke-image.ljcdn.com/110000-inspection/pc1_XGgJItvcV_1.jpg!m_fill,w_280,h_210,f_jpg?from=ke.com
20230913,西城,长椿街,101120888680,西城区二环内 环境好 层高3米 近公园医院 可贷款25年房主自荐,638万,104147元/平,中楼层 (共4层) | 1956年建 | 2室1厅 | 61.26平米 | 东,https://ke-image.ljcdn.com/110000-inspection/pc1_BJXLd7NcD_1.jpg!m_fill,w_280,h_210,f_jpg?from=ke.com
20230913,西城,长椿街,101120867350,长椿街地铁口 层高3.3米 商业部家属院 满五唯一,790万,111946元/平,底层 (共4层) 3室1厅 | 70.57平米 | 南 北,https://ke-image.ljcdn.com/110000-inspection/pc1_xtLcJ7h3v_1.jpg!m_fill,w_280,h_210,f_jpg?from=ke.com
20230913,西城,长椿街,101120756426,长椿街西里 2室1厅 南 北,650万,129612元/平,中楼层 (共5层) | 1973年建 | 2室1厅 | 50.15平米 | 南 北,https://ke-image.ljcdn.com/110000-inspection/pc1_wPb7rCKml_1.jpg!m_fill,w_280,h_210,f_jpg?from=ke.com
20230913,西城,长椿街,101120755857,西便门内大街79号院 2室1厅 南 北,620万,106365元/平,顶层 (共6层) 2室1厅 | 58.29平米 | 南 北,https://ke-image.ljcdn.com/110000-inspection/pc1_aToTCa2ZZ_1.jpg!m_fill,w_280,h_210,f_jpg?from=ke.com
20230913,西城,长椿街,101120691937,房子满五年 南北一居 诚心出售产权清晰,530万,132966元/平,底层 (共12层) | 1977年建 | 1室1厅 | 39.86平米 | 南,https://ke-image.ljcdn.com/110000-inspection/pc1_pSKg6cNQA_1.jpg!m_fill,w_280,h_210,f_jpg?from=ke.com
20230913,西城,长椿街,101120688240,长椿街片低楼层东西通透满五年唯一,650万,115679元/平,低楼层 (共6层) | 1983年建 | 2室1厅 | 56.19平米 | 东 西,https://ke-image.ljcdn.com/110000-inspection/pc1_kQaZzw4aG_1.jpg!m_fill,w_280,h_210,f_jpg?from=ke.com
20230913,西城,长椿街,101120540862,长椿街 92年楼龄 4条地铁 低楼层 配套齐全房主自荐,525万,118994元/平,底层 (共6层) | 1992年建 | 1室1厅 | 44.12平米 | 南,https://ke-image.ljcdn.com/110000-inspection/pc1_aphDCwasm_1.jpg!m_fill,w_280,h_210,f_jpg?from=ke.com
20230913,西城,长椿街,101120481740,广义里小区 广安门内7号线 中间楼层2居室 业主诚心卖,685万,138693元/平,中楼层 (共5层) | 1975年建 | 2室1厅 | 49.39平米 | 东,https://ke-image.ljcdn.com/110000-inspection/pc1_mS6twku6R.jpg!m_fill,w_280,h_210,f_jpg?from=ke.com
20230913,西城,长椿街,101120303638,西城长椿街南北通透两居10平阳台不算面积精装修,410万,74115元/平,地下室 (共6层) | 1991年建 | 2室1厅 | 55.32平米 | 南 北,https://ke-image.ljcdn.com/110000-inspection/pc1_OHN336ltk_1.jpg!m_fill,w_280,h_210,f_jpg?from=ke.com
20230913,西城,长椿街,101120270737,核桃园 2室1厅 南 北,660万,116341元/平,中楼层 (共6层) 2室1厅 | 56.73平米 | 南 北,https://ke-image.ljcdn.com/110000-inspection/f1d84960-9eda-40e3-805c-0b7642f43533_1000.jpg!m_fill,w_280,h_210,f_jpg?from=ke.com
20230913,西城,长椿街,101120251720,宣西大街 双南 电梯 满五年 精装两居,750万,124193元/平,中楼层 (共12层) | 1970年建 | 2室1厅 | 60.39平米 | 南 北,https://ke-image.ljcdn.com/110000-inspection/pc1_ETawiKy8S_1.jpg!m_fill,w_280,h_210,f_jpg?from=ke.com
20230913,西城,长椿街,101120215445,西城长椿街广安门南北三居满五唯一02年新房,1400万,95459元/平,高楼层 (共18层) | 2002年建 | 3室2厅 | 146.66平米 | 南 北,https://ke-image.ljcdn.com/110000-inspection/pc1_7iGK47L1e_1.jpg!m_fill,w_280,h_210,f_jpg?from=ke.com
20230913,西城,长椿街,101120188992,报国寺西夹道32号院 近地铁 南北通透两居室,519万,95616元/平,顶层 (共5层) | 1984年建 | 2室1厅 | 54.28平米 | 南 北,https://ke-image.ljcdn.com/110000-inspection/pc1_Vp8a8wHVO_1.jpg!m_fill,w_280,h_210,f_jpg?from=ke.com
20230913,西城,长椿街,101120083265,思源胡同28号院 2室1厅 南 北房主自荐,660万,115446元/平,高楼层 (共6层) 2室1厅 | 57.17平米 | 南 北,https://ke-image.ljcdn.com/110000-inspection/pc1_QvrL8GRWE.jpg!m_fill,w_280,h_210,f_jpg?from=ke.com
20230913,西城,长椿街,101120031143,报国寺东夹道 满五唯一  7号线广安门内 三居室,598万,92685元/平,顶层 (共6层) | 1982年建 | 3室0厅 | 64.52平米 | 东 西,https://ke-image.ljcdn.com/110000-inspection/pc1_bQba1P7Dd_1.jpg!m_fill,w_280,h_210,f_jpg?from=ke.com
20230913,西城,长椿街,101120025124,西南二环 长椿街商圈 电梯直达 带车位 位置好诚心出售房主自荐,495万,97518元/平,高楼层 (共16层) | 2008年建 | 1室0厅 | 50.76平米 | 西,https://ke-image.ljcdn.com/110000-inspection/pc1_2hY2ygOPn_1.jpg!m_fill,w_280,h_210,f_jpg?from=ke.com
20230913,西城,长椿街,101120016333,2号线长椿街站 东南向2居室 带客厅 满五年唯一商品房,706万,119682元/平,中楼层 (共12层) 2室1厅 | 58.99平米 | 东 南,https://ke-image.ljcdn.com/110000-inspection/pc1_DMB69DYuR_1.jpg!m_fill,w_280,h_210,f_jpg?from=ke.com
20230913,西城,长椿街,101120006133,宣武门西大街 南向两居室  高楼层 无遮挡,610万,119843元/平,高楼层 (共10层) 2室0厅 | 50.9平米 | 南,https://ke-image.ljcdn.com/110000-inspection/pc1_OsBtIninh_1.jpg!m_fill,w_280,h_210,f_jpg?from=ke.com
20230913,西城,长椿街,101119878379,长椿街附近长椿里小区南北两居室,700万,108360元/平,中楼层 (共5层) | 1956年建 | 2室1厅 | 64.6平米 | 南 北,https://ke-image.ljcdn.com/110000-inspection/de9aa1da-7116-4efc-92e9-cc5a077512cb_1000.jpg!m_fill,w_280,h_210,f_jpg?from=ke.com
20230913,西城,长椿街,101119872330,广义街10号院 视野开阔 采光充足,900万,92803元/平,顶层 (共6层) | 1997年建 | 2室2厅 | 96.98平米 | 东 西,https://ke-image.ljcdn.com/110000-inspection/pc1_pOS0RaxOa_1.jpg!m_fill,w_280,h_210,f_jpg?from=ke.com
20230913,西城,长椿街,101119863026,长椿街 广安门 91年 满五年唯一成本价 精装修,465万,114986元/平,高楼层 (共6层) | 1991年建 | 1室1厅 | 40.44平米 | 东 西,https://ke-image.ljcdn.com/110000-inspection/pc1_z7xmGNGr3_1.jpg!m_fill,w_280,h_210,f_jpg?from=ke.com
20230913,西城,长椿街,101119841955,长椿街 市府家属院 正规一居 格局方正 近地铁,520万,128332元/平,中楼层 (共6层) | 1981年建 | 1室1厅 | 40.52平米 | 东,https://ke-image.ljcdn.com/110000-inspection/pc1_3jI3JZEcU.jpg!m_fill,w_280,h_210,f_jpg?from=ke.com
20230913,西城,长椿街,101119827756,金融街 长椿街 相来家园 高品质三居 近地铁房主自荐,2080万,146583元/平,中楼层 (共14层) | 2004年建 | 3室1厅 | 141.9平米 | 东 西,https://ke-image.ljcdn.com/110000-inspection/pc1_031PJ0w3i_1.jpg!m_fill,w_280,h_210,f_jpg?from=ke.com
20230913,西城,长椿街,101119817085,长椿里 两居室中间层诚意出售。,640万,93677元/平,中楼层 (共5层) | 1956年建 | 2室0厅 | 68.32平米 | 西,https://ke-image.ljcdn.com/110000-inspection/pc1_bOQZL3XU8_1.jpg!m_fill,w_280,h_210,f_jpg?from=ke.com
20230913,西城,长椿街,101119762899,宣武门西大街 电梯直达 南向不临街 不遮挡房主自荐,625万,121525元/平,中楼层 (共13层) 2室1厅 | 51.43平米 | 南 北,https://ke-image.ljcdn.com/110000-inspection/776bf255-a20c-4bab-b10d-c876fc2d0d61_1000.jpg!m_fill,w_280,h_210,f_jpg?from=ke.com
20230913,西城,长椿街,101119749925,长椿街西里 2号线长椿街地铁口 精装修 采光好二居室,592万,123180元/平,顶层 (共5层) | 1973年建 | 2室1厅 | 48.06平米 | 南,https://ke-image.ljcdn.com/110000-inspection/pc1_zh9v3o91g.jpg!m_fill,w_280,h_210,f_jpg?from=ke.com
20230913,西城,长椿街,101119730440,思源胡同28号院 2室1厅 南 北,680万,118944元/平,中楼层 (共6层) 2室1厅 | 57.17平米 | 南 北,https://ke-image.ljcdn.com/110000-inspection/pc1_WhTSe8ZqE_1.jpg!m_fill,w_280,h_210,f_jpg?from=ke.com
20230913,西城,长椿街,101119726301,宣武门西大街、精装修拎包入住、商品房、采光视野很好房主自荐,528万,143401元/平,中楼层 (共10层) | 1970年建 | 2室1厅 | 36.82平米 | 南,https://ke-image.ljcdn.com/110000-inspection/pc1_N2ptStMx4_1.jpg!m_fill,w_280,h_210,f_jpg?from=ke.com
20230913,西城,长椿街,101119704557,槐柏树街南里 地理位置好 近宣武公园 地铁等 配套齐全房主自荐,645万,110088元/平,中楼层 (共6层) | 1992年建 | 2室1厅 | 58.59平米 | 东 西,https://ke-image.ljcdn.com/110000-inspection/47f246f1-4417-464c-b80c-a1884ad97b6a_1000.jpg!m_fill,w_280,h_210,f_jpg?from=ke.com
20230913,西城,长椿街,101119703859,长椿街低楼层精装修三居室周边配套齐全,585万,96471元/平,底层 (共6层) | 1982年建 | 3室1厅 | 60.64平米 | 西 东,https://ke-image.ljcdn.com/110000-inspection/pc1_5OPojtKCj_1.jpg!m_fill,w_280,h_210,f_jpg?from=ke.com
20230913,西城,长椿街,101119656372,长椿街 有电梯 采光充足 视野开阔 有钥匙 随时看房房主自荐,599万,110415元/平,中楼层 (共12层) | 1970年建 | 2室1厅 | 54.25平米 | 西,https://ke-image.ljcdn.com/110000-inspection/pc1_xCHWbd2Cp_1.jpg!m_fill,w_280,h_210,f_jpg?from=ke.com
20230913,西城,长椿街,101119653338,宣武门西大街 南北向 两居室 电梯直达,750万,124710元/平,高楼层 (共13层) 2室1厅 | 60.14平米 | 南,https://ke-image.ljcdn.com/110000-inspection/pc1_KNHl2VHfA_1.jpg!m_fill,w_280,h_210,f_jpg?from=ke.com
20230913,西城,长椿街,101119650858,长椿街 三庙街 楼龄92年 可贷款,668万,114718元/平,高楼层 (共6层) 2室1厅 | 58.23平米 | 东 西,https://ke-image.ljcdn.com/110000-inspection/pc1_weOzBF54t_1.jpg!m_fill,w_280,h_210,f_jpg?from=ke.com
20230913,西城,长椿街,101119504809,宣武门西大街 双南向两居室 满五年唯一,710万,123350元/平,高楼层 (共13层) 2室1厅 | 57.56平米 | 南,https://ke-image.ljcdn.com/110000-inspection/pc1_2vxhhXRhu_1.jpg!m_fill,w_280,h_210,f_jpg?from=ke.com
20230913,西城,长椿街,101119487016,广信嘉园 2室1厅 西 北,1041万,80059元/平,中楼层 (共22层) | 2002年建 | 2室1厅 | 130.03平米 | 西 北,https://ke-image.ljcdn.com/110000-inspection/pc1_I6HXLIerO_1.jpg!m_fill,w_280,h_210,f_jpg?from=ke.com
20230913,西城,长椿街,101119487075,广信嘉园 3室1厅 西,1267万,80008元/平,中楼层 (共22层) | 2002年建 | 3室1厅 | 158.36平米 | 西,https://ke-image.ljcdn.com/110000-inspection/pc1_kBa8Va7wh_1.jpg!m_fill,w_280,h_210,f_jpg?from=ke.com
20230913,西城,长椿街,101119486499,报国寺东夹道 中间楼层 东西通透,599万,92840元/平,中楼层 (共6层) | 1982年建 | 3室1厅 | 64.52平米 | 东 西,https://ke-image.ljcdn.com/110000-inspection/pc1_BqGkjROf8_1.jpg!m_fill,w_280,h_210,f_jpg?from=ke.com
20230913,西城,长椿街,101119398761,报国寺 地铁7号线 精装三居室 拎包入住 宣武医院分房,690万,106944元/平,中楼层 (共6层) | 1982年建 | 3室1厅 | 64.52平米 | 东 西 北,https://ke-image.ljcdn.com/110000-inspection/pc1_gnNm9O80r_1.jpg!m_fill,w_280,h_210,f_jpg?from=ke.com
20230913,西城,长椿街,101119376004,广义街甲6号院 2室1厅 南 北,590万,103910元/平,顶层 (共6层) | 1986年建 | 2室1厅 | 56.78平米 | 南 北,https://ke-image.ljcdn.com/110000-inspection/pc1_eT2PCCMOF_1.jpg!m_fill,w_280,h_210,f_jpg?from=ke.com
20230913,西城,长椿街,101119344152,感化胡同3号院 精装两居室 中间楼层 每层两户,725万,126971元/平,中楼层 (共6层) | 1992年建 | 2室1厅 | 57.1平米 | 南 北,https://ke-image.ljcdn.com/110000-inspection/pc1_3Y0C30LH0_1.jpg!m_fill,w_280,h_210,f_jpg?from=ke.com
20230913,西城,长椿街,101119318905,长椿街 锦上国际公寓 70年产权住宅 有地下车库,568万,92403元/平,中楼层 (共16层) | 2007年建 | 1室1厅 | 61.47平米 | 南,https://ke-image.ljcdn.com/110000-inspection/b011ad78-863b-4b61-a82e-8ee24b01916e_1000.jpg!m_fill,w_280,h_210,f_jpg?from=ke.com
20230913,西城,长椿街,101119288431,长椿街8号楼  两居室 长椿街央企小区,499万,89991元/平,顶层 (共4层) 2室1厅 | 55.45平米 | 南 北,https://ke-image.ljcdn.com/110000-inspection/pc1_wE53FuFPS.jpg!m_fill,w_280,h_210,f_jpg?from=ke.com
20230913,西城,长椿街,101119286413,长椿街2023年精装修全屋定制家具二层业主诚心出售随时房主自荐,665万,113501元/平,低楼层 (共6层) | 1992年建 | 2室1厅 | 58.59平米 | 东 西,https://ke-image.ljcdn.com/110000-inspection/pc1_Ya7OO8wZ9_1.jpg!m_fill,w_280,h_210,f_jpg?from=ke.com
20230913,西城,长椿街,101119286349,宣武门西大街 两室一厅 产权清晰,668万,121477元/平,高楼层 (共12层) | 1977年建 | 2室1厅 | 54.99平米 | 南,https://ke-image.ljcdn.com/110000-inspection/pc1_Hg7hiZBWL.jpg!m_fill,w_280,h_210,f_jpg?from=ke.com
20230913,西城,长椿街,101119244253,长椿街宣武公园苏式建筑三居室业主诚心出售看房方便,970万,103888元/平,中楼层 (共5层) 3室1厅 | 93.37平米 | 东 南 西,https://ke-image.ljcdn.com/110000-inspection/pc1_irF6Uui0C_1.jpg!m_fill,w_280,h_210,f_jpg?from=ke.com
20230913,西城,长椿街,101119208049,三条地铁围绕 广安门内 南北通透3居室 无遮挡,825万,119635元/平,高楼层 (共6层) | 1984年建 | 3室1厅 | 68.96平米 | 南 北,https://ke-image.ljcdn.com/110000-inspection/pc1_0bbTVCpwZ.jpg!m_fill,w_280,h_210,f_jpg?from=ke.com
20230913,西城,长椿街,101119203947,康乐里小区 长椿街商圈 99年住宅 带电梯,725万,140996元/平,中楼层 (共14层) | 1999年建 | 1室1厅 | 51.42平米 | 西,https://ke-image.ljcdn.com/110000-inspection/pc1_MGPR7ISCw_1.jpg!m_fill,w_280,h_210,f_jpg?from=ke.com
20230913,西城,长椿街,101119192131,报国寺东夹道1号院 低楼层一居室 近宣武公园近地铁房主自荐,455万,124590元/平,低楼层 (共6层) | 1980年建 | 1室1厅 | 36.52平米 | 南,https://ke-image.ljcdn.com/110000-inspection/02131d0d-8ce0-42d4-98a5-9a382e8805f5_1000.jpg!m_fill,w_280,h_210,f_jpg?from=ke.com
20230913,西城,长椿街,101119172679,老墙根129号院 中楼层采光好 满五年 随时可签约,620万,117603元/平,中楼层 (共6层) | 1984年建 | 2室1厅 | 52.72平米 | 南,https://ke-image.ljcdn.com/110000-inspection/pc1_kQQWwcwpB_1.jpg!m_fill,w_280,h_210,f_jpg?from=ke.com
20230913,西城,长椿街,101119111326,宣武门西大街 长椿街地铁附近 电梯房 两居室,630万,119659元/平,底层 (共12层) | 1977年建 | 2室1厅 | 52.65平米 | 南,https://ke-image.ljcdn.com/110000-inspection/pc1_IVtsJUdsI_1.jpg!m_fill,w_280,h_210,f_jpg?from=ke.com
20230913,西城,长椿街,101119110217,长椿街 朝南向 一居室 户型方正,525万,118994元/平,底层 (共6层) | 1992年建 | 1室1厅 | 44.12平米 | 南,https://ke-image.ljcdn.com/110000-inspection/pc1_hVJJzVhLF_1.jpg!m_fill,w_280,h_210,f_jpg?from=ke.com
20230913,西城,长椿街,101119110169,长椿街 朝南向 一居室 格局合理,535万,121261元/平,底层 (共6层) | 1992年建 | 1室1厅 | 44.12平米 | 南,https://ke-image.ljcdn.com/110000-inspection/pc1_06HfRpqt6_1.jpg!m_fill,w_280,h_210,f_jpg?from=ke.com
20230913,西城,长椿街,101119098717,粮食局分房 报国寺东夹道1号院 田字格南北通透三居,720万,109623元/平,底层 (共5层) | 1985年建 | 3室1厅 | 65.68平米 | 南 北,https://ke-image.ljcdn.com/110000-inspection/pc1_N1e3FBy7G_1.jpg!m_fill,w_280,h_210,f_jpg?from=ke.com
20230913,西城,长椿街,101119080155,宣武门西大街 新装修 领包入住 价格能谈 只有契税,490万,153847元/平,底层 (共13层) 1室0厅 | 31.85平米 | 南 北,https://ke-image.ljcdn.com/110000-inspection/pc1_ehVNGYfgS_1.jpg!m_fill,w_280,h_210,f_jpg?from=ke.com
20230913,西城,长椿街,101119017430,南北通透三居室 田字格户性无浪费 粮食局分房封闭管理,827万,119925元/平,低楼层 (共6层) | 1984年建 | 3室1厅 | 68.96平米 | 南 北,https://ke-image.ljcdn.com/110000-inspection/pc1_Rr0MXDjNj_1.jpg!m_fill,w_280,h_210,f_jpg?from=ke.com
20230913,西城,长椿街,101118997629,长椿街 市府家属院 长椿里 中间楼层 正规两室一厅,710万,103665元/平,中楼层 (共5层) | 1956年建 | 2室1厅 | 68.49平米 | 西北,https://ke-image.ljcdn.com/110000-inspection/pc1_qPTq6kvLc_1.jpg!m_fill,w_280,h_210,f_jpg?from=ke.com
20230913,西城,长椿街,101118974456,长椿街 有色金属家属院 优质社区 楼间距宽 精装修,825万,129717元/平,高楼层 (共6层) | 1984年建 | 2室1厅 | 63.6平米 | 南 西 北,https://ke-image.ljcdn.com/110000-inspection/pc1_aOxqOlNdQ.jpg!m_fill,w_280,h_210,f_jpg?from=ke.com
20230913,西城,长椿街,101118920866,槐柏树街南里 南北通透两居室 满五年唯一 诚心卖,756万,131593元/平,底层 (共6层) | 1992年建 | 2室1厅 | 57.45平米 | 南 北,https://ke-image.ljcdn.com/110000-inspection/pc1_4qmy3cAlc_1.jpg!m_fill,w_280,h_210,f_jpg?from=ke.com
20230913,西城,长椿街,101118884714,槐柏树街北里 2室1厅 西南,850万,126866元/平,高楼层 (共6层) 2室1厅 | 67平米 | 西南,https://ke-image.ljcdn.com/110000-inspection/cde5a2a7-7dc5-4ed7-94ee-70394ea0e534_1000.jpg!m_fill,w_280,h_210,f_jpg?from=ke.com
20230913,西城,长椿街,101118845310,宣武门西大街 2室1厅 东南,735万,124598元/平,中楼层 (共12层) 2室1厅 | 58.99平米 | 东南,https://ke-image.ljcdn.com/110000-inspection/pc1_uelfqRATO_1.jpg!m_fill,w_280,h_210,f_jpg?from=ke.com
20230913,西城,长椿街,101118832096,长椿街南北通透两居室满五年看房方便,810万,118630元/平,底层 (共6层) | 1992年建 | 2室1厅 | 68.28平米 | 南 北,https://ke-image.ljcdn.com/110000-inspection/pc1_EPnqCxPQK_1.jpg!m_fill,w_280,h_210,f_jpg?from=ke.com
20230913,西城,长椿街,101118798051,房本满五年中低楼层采光无遮挡 随时可签。,550万,99278元/平,低楼层 (共6层) | 1982年建 | 2室1厅 | 55.4平米 | 东 西,https://ke-image.ljcdn.com/110000-inspection/pc1_RVjni0fc4_1.jpg!m_fill,w_280,h_210,f_jpg?from=ke.com
20230913,西城,长椿街,101118780231,报国寺东夹道 南北通透三居室 粮食局分房独院管理,860万,117599元/平,底层 (共5层) | 1980年建 | 3室1厅 | 73.13平米 | 南 北,https://ke-image.ljcdn.com/110000-inspection/pc1_h7dV3j5UN_1.jpg!m_fill,w_280,h_210,f_jpg?from=ke.com
20230913,西城,长椿街,101118761116,长椿街12号院 精装两居室带客厅房主自荐,862万,141266元/平,高楼层 (共12层) | 2000年建 | 2室1厅 | 61.02平米 | 东 西,https://ke-image.ljcdn.com/110000-inspection/pc1_67hoxJVw4_1.jpg!m_fill,w_280,h_210,f_jpg?from=ke.com
20230913,西城,长椿街,101118727520,长椿街 感化胡同 南北通透 两室一厅 采光好房主自荐,759万,109556元/平,顶层 (共6层) | 1992年建 | 2室1厅 | 69.28平米 | 南 北,https://ke-image.ljcdn.com/110000-inspection/pc1_ytV2gwRXX_1.jpg!m_fill,w_280,h_210,f_jpg?from=ke.com
20230913,西城,长椿街,101118691976,长椿街 三庙街 小两居 明厨明卫 中间楼层 看房方便,600万,119642元/平,中楼层 (共5层) | 1976年建 | 2室1厅 | 50.15平米 | 南 北,https://ke-image.ljcdn.com/110000-inspection/pc1_ZJegbTF42_1.jpg!m_fill,w_280,h_210,f_jpg?from=ke.com
20230913,西城,长椿街,101118683237,长椿街 槐柏树街南里 南北通透一居室,498万,122510元/平,顶层 (共6层) 1室1厅 | 40.65平米 | 南 北,https://ke-image.ljcdn.com/110000-inspection/pc1_v0bY4rwmM_1.jpg!m_fill,w_280,h_210,f_jpg?from=ke.com
20230913,西城,长椿街,101118663770,长椿街 2室1厅 南,680万,124292元/平,中楼层 (共6层) | 1980年建 | 2室1厅 | 54.71平米 | 南,https://ke-image.ljcdn.com/110000-inspection/pc1_7aYIqhcDo.jpg!m_fill,w_280,h_210,f_jpg?from=ke.com
20230913,西城,长椿街,101118663618,长椿街 南北通透 2居室 精装修 看房方便！,599万,103544元/平,高楼层 (共6层) 2室1厅 | 57.85平米 | 南 北,https://ke-image.ljcdn.com/110000-inspection/pc1_mDqBy6LwP_1.jpg!m_fill,w_280,h_210,f_jpg?from=ke.com
20230913,西城,长椿街,101118658768,宣武门西大街 东北向两居室 格局合理,658万,121336元/平,中楼层 (共13层) | 1979年建 | 2室1厅 | 54.23平米 | 东北,https://ke-image.ljcdn.com/110000-inspection/pc1_G2XCLUCqX_1.jpg!m_fill,w_280,h_210,f_jpg?from=ke.com
20230913,西城,长椿街,101118654898,央行家属院 康乐里小区 正规三居室 高楼层 采光好房主自荐,1866万,135375元/平,顶层 (共16层) | 2001年建 | 3室2厅 | 137.84平米 | 西北,https://ke-image.ljcdn.com/110000-inspection/pc1_pxbc95Ui7_1.jpg!m_fill,w_280,h_210,f_jpg?from=ke.com
20230913,西城,长椿街,101118653850,报国寺东夹道 东西向3居室 中间楼层 业主诚心出售,698万,97637元/平,中楼层 (共6层) | 1982年建 | 3室1厅 | 71.49平米 | 东 西,https://ke-image.ljcdn.com/110000-inspection/5bc6eed1-c550-4194-8740-0016bc534711_1000.jpg!m_fill,w_280,h_210,f_jpg?from=ke.com
20230913,西城,长椿街,101118610671,南北通透 满五唯一两居 92年房龄适宜组合贷款,750万,129266元/平,中楼层 (共5层) | 1992年建 | 2室1厅 | 58.02平米 | 南 北,https://ke-image.ljcdn.com/110000-inspection/pc1_Ld2cdRF6v_1.jpg!m_fill,w_280,h_210,f_jpg?from=ke.com
20230913,西城,长椿街,101118602304,房子满五年唯一 带电梯 无遮挡 西南 2002年小区,1260万,95651元/平,低楼层 (共18层) | 2002年建 | 2室1厅 | 131.73平米 | 西南,https://ke-image.ljcdn.com/110000-inspection/pc1_KtbuGntDv_1.jpg!m_fill,w_280,h_210,f_jpg?from=ke.com
20230913,西城,长椿街,101118596582,宣武门西大街 带电梯 三居室 户型方正 格局合理房主自荐,755万,119463元/平,低楼层 (共14层) | 1979年建 | 3室1厅 | 63.2平米 | 西北,https://ke-image.ljcdn.com/110000-inspection/pc1_ZoQtMtzNb_1.jpg!m_fill,w_280,h_210,f_jpg?from=ke.com
20230913,西城,长椿街,101118568627,长椿街 大四居 满五年 南北通透挂东窗,910万,118367元/平,高楼层 (共6层) | 1982年建 | 4室1厅 | 76.88平米 | 东南 北,https://ke-image.ljcdn.com/110000-inspection/88c85b8f-dcf8-4123-bf9c-6d4007289297_1000.jpg!m_fill,w_280,h_210,f_jpg?from=ke.com
20230913,西城,长椿街,101118561732,报国寺东夹道 两居室 布局合理 看房方便 诚心出售,610万,110109元/平,低楼层 (共6层) | 1982年建 | 2室1厅 | 55.4平米 | 东 西,https://ke-image.ljcdn.com/110000-inspection/pc1_J3nKrLC42_1.jpg!m_fill,w_280,h_210,f_jpg?from=ke.com
20230913,西城,长椿街,101118514785,西城区二环内采光好 近地铁 加扩15㎡ 使用率106.97%房主自荐,570万,115408元/平,顶层 (共5层) 2室1厅 | 49.39平米 | 东,https://ke-image.ljcdn.com/110000-inspection/pc1_HkAGnnews.jpg!m_fill,w_280,h_210,f_jpg?from=ke.com
20230913,西城,长椿街,101118484459,槐柏树街北里 一居室 南北通透 满五唯一,485万,120438元/平,顶层 (共6层) 1室1厅 | 40.27平米 | 南 北,https://ke-image.ljcdn.com/110000-inspection/pc1_ysXbqcVqj_1.jpg!m_fill,w_280,h_210,f_jpg?from=ke.com
20230913,西城,长椿街,101118461250,长椿街 三庙街 全明格局 一居室,590万,136701元/平,顶层 (共5层) 1室1厅 | 43.16平米 | 南,https://ke-image.ljcdn.com/110000-inspection/pc1_FqJMrN8zN_1.jpg!m_fill,w_280,h_210,f_jpg?from=ke.com
20230913,西城,长椿街,101118455798,广安门北街20号楼精装一居室随时签约房主自荐,510万,122244元/平,中楼层 (共14层) 1室1厅 | 41.72平米 | 南 北,https://ke-image.ljcdn.com/110000-inspection/pc1_jmFt3ZgpN.jpg!m_fill,w_280,h_210,f_jpg?from=ke.com
20230913,西城,长椿街,101118454485,宣武门西大街 双卧室朝南 电梯直达 诚意出售,706万,119865元/平,高楼层 (共10层) | 1979年建 | 2室1厅 | 58.9平米 | 南,https://ke-image.ljcdn.com/110000-inspection/pc1_Foj5jsLaC_1.jpg!m_fill,w_280,h_210,f_jpg?from=ke.com
20230913,西城,长椿街,101118449852,长椿街 联通家属院 通透两居 楼龄新 近地铁,1220万,143260元/平,低楼层 (共12层) | 2000年建 | 2室1厅 | 85.16平米 | 东 西,https://ke-image.ljcdn.com/110000-inspection/pc1_Nz0IUDU7k_1.jpg!m_fill,w_280,h_210,f_jpg?from=ke.com
20230913,西城,长椿街,101118447522,三庙大院 近长椿街地铁 中间层 可签约,525万,129438元/平,中楼层 (共6层) | 1992年建 | 1室1厅 | 40.56平米 | 东,https://ke-image.ljcdn.com/110000-inspection/pc1_l6AQoYIWE.jpg!m_fill,w_280,h_210,f_jpg?from=ke.com
20230913,西城,长椿街,101118415551,长椿街 天泽园 小区建成于2001年 采光充足 视野开阔,2600万,148998元/平,底层 (共7层) | 2001年建 | 3室2厅 | 174.5平米 | 东 北,https://ke-image.ljcdn.com/110000-inspection/pc1_kMXouybcq_1.jpg!m_fill,w_280,h_210,f_jpg?from=ke.com
20230913,西城,长椿街,101118393526,槐柏树街北里 中间层 一居室 诚心出售,498万,104185元/平,中楼层 (共6层) 1室1厅 | 47.8平米 | 东南,https://ke-image.ljcdn.com/110000-inspection/pc1_QwB1HGDcg_1.jpg!m_fill,w_280,h_210,f_jpg?from=ke.com
20230913,西城,长椿街,101118331804,西城区二环内 70年产权住宅 正规一室一厅 视野开阔,695万,89551元/平,高楼层 (共16层) | 2008年建 | 1室1厅 | 77.61平米 | 南,https://ke-image.ljcdn.com/110000-inspection/pc1_HvjNBPd0l_1.jpg!m_fill,w_280,h_210,f_jpg?from=ke.com
20230913,西城,长椿街,101118330983,兵器五院 半地下正规两居室 业主诚心出售 好出租,378万,83077元/平,地下室 (共5层) 2室1厅 | 45.5平米 | 东,https://ke-image.ljcdn.com/110000-inspection/pc1_UukjneeQF_1.jpg!m_fill,w_280,h_210,f_jpg?from=ke.com
20230913,西城,长椿街,101118318647,长椿街24号卫生局家属楼14中旁边,790万,117543元/平,底层 (共6层) | 1992年建 | 2室1厅 | 67.21平米 | 南,https://ke-image.ljcdn.com/110000-inspection/pc1_HYCDFNfuy.jpg!m_fill,w_280,h_210,f_jpg?from=ke.com
20230913,西城,长椿街,101118288648,槐柏树街南里 满五年 户型方正 业主诚心出售房主自荐,650万,106803元/平,中楼层 (共6层) 2室1厅 | 60.86平米 | 东 西,https://ke-image.ljcdn.com/110000-inspection/pc1_rJKNHAcL7_1.jpg!m_fill,w_280,h_210,f_jpg?from=ke.com
20230913,西城,长椿街,101118230446,兵器五院 中间层两居室 采光好 可贷款 诚心卖,619万,106194元/平,中楼层 (共6层) 2室1厅 | 58.29平米 | 南 北,https://ke-image.ljcdn.com/110000-inspection/cb707756-6773-4638-af22-8298a7e88f38_1000.jpg!m_fill,w_280,h_210,f_jpg?from=ke.com
20230913,西城,长椿街,101118193402,宣武门西大街 双南向 无遮挡视野好,699万,128517元/平,低楼层 (共12层) | 1977年建 | 2室1厅 | 54.39平米 | 南,https://ke-image.ljcdn.com/110000-inspection/pc1_gyZ3flPNg_1.jpg!m_fill,w_280,h_210,f_jpg?from=ke.com
20230913,西城,长椿街,101118192733,西城区二环内 南北通透 精装修 环境好 近地铁全明格局房主自荐,710万,124192元/平,顶层 (共6层) 2室1厅 | 57.17平米 | 南 北,https://ke-image.ljcdn.com/110000-inspection/pc1_jogWVjcJ8.jpg!m_fill,w_280,h_210,f_jpg?from=ke.com
20230913,西城,长椿街,101118107719,兵器五院 西便门内大街79号院 南北通透 中楼层,648万,111169元/平,中楼层 (共6层) 2室1厅 | 58.29平米 | 南 北,https://ke-image.ljcdn.com/110000-inspection/pc1_KoJxYj4AJ.jpg!m_fill,w_280,h_210,f_jpg?from=ke.com
20230913,西城,长椿街,101118066017,长椿街 长椿里家属院 小区可停车,600万,97864元/平,高楼层 (共6层) | 1982年建 | 2室1厅 | 61.31平米 | 东 西,https://ke-image.ljcdn.com/110000-inspection/pc1_bv7ovsrub_1.jpg!m_fill,w_280,h_210,f_jpg?from=ke.com
20230913,西城,长椿街,101118060844,长椿街 西便门内大街 正规三居 满五年 无遮挡,645万,107197元/平,顶层 (共6层) | 1984年建 | 3室1厅 | 60.17平米 | 东 西,https://ke-image.ljcdn.com/110000-inspection/pc1_MPgluiv2a_1.jpg!m_fill,w_280,h_210,f_jpg?from=ke.com
20230913,西城,长椿街,101118035836,报国寺东夹道 精装修 3居室 看房方便,700万,97916元/平,顶层 (共6层) | 1982年建 | 3室1厅 | 71.49平米 | 东 西,https://ke-image.ljcdn.com/110000-inspection/pc1_iBmpEWb6c_1.jpg!m_fill,w_280,h_210,f_jpg?from=ke.com
20230913,西城,长椿街,101118013400,槐柏树后街南北通透两居室,880万,132851元/平,中楼层 (共6层) | 1999年建 | 2室1厅 | 66.24平米 | 南 北,https://ke-image.ljcdn.com/110000-inspection/pc1_bCNtEdT72_1.jpg!m_fill,w_280,h_210,f_jpg?from=ke.com
20230913,西城,长椿街,101117991067,感化胡同3号院 无遮挡 小区环境好 停车方便,550万,121979元/平,高楼层 (共6层) | 1984年建 | 1室1厅 | 45.09平米 | 南,https://ke-image.ljcdn.com/110000-inspection/a316f05d-3da6-4e03-9f88-ac45d3093d0c_1000.jpg!m_fill,w_280,h_210,f_jpg?from=ke.com
20230913,西城,长椿街,101117980293,满五年唯一  东西通透 无遮挡房主自荐,715万,129906元/平,底层 (共6层) | 1992年建 | 4室1厅 | 55.04平米 | 东 西,https://ke-image.ljcdn.com/110000-inspection/pc1_yxaCzYlmz_1.jpg!m_fill,w_280,h_210,f_jpg?from=ke.com
20230913,西城,长椿街,101117970163,西便门内大街97号院 南北通透两居室楼层好 无遮挡,650万,115679元/平,低楼层 (共6层) | 1992年建 | 2室1厅 | 56.19平米 | 南 北,https://ke-image.ljcdn.com/110000-inspection/pc1_tY69ncNlB.jpg!m_fill,w_280,h_210,f_jpg?from=ke.com
20230913,西城,长椿街,101117953616,思源胡同28号院 2室1厅 南 北,650万,113936元/平,顶层 (共6层) 2室1厅 | 57.05平米 | 南 北,https://ke-image.ljcdn.com/110000-inspection/pc1_vFCySEYvd_1.jpg!m_fill,w_280,h_210,f_jpg?from=ke.com
20230913,西城,长椿街,101117915715,三庙街 南北通透两居室  可以多贷款,595万,118645元/平,顶层 (共5层) | 1976年建 | 2室1厅 | 50.15平米 | 南 北,https://ke-image.ljcdn.com/110000-inspection/pc1_iq89ylHeO_1.jpg!m_fill,w_280,h_210,f_jpg?from=ke.com
20230913,西城,长椿街,101117879699,西便门内大街97号院精装全南向一居室户型好。,558万,134783元/平,中楼层 (共6层) | 1992年建 | 1室1厅 | 41.4平米 | 南,https://ke-image.ljcdn.com/110000-inspection/pc1_7HZswkeao_1.jpg!m_fill,w_280,h_210,f_jpg?from=ke.com
20230913,西城,长椿街,101117838575,西城区二环内 东向没遮挡 全明格局 近地铁  电梯直达房主自荐,510万,120057元/平,低楼层 (共14层) 1室1厅 | 42.48平米 | 东,https://ke-image.ljcdn.com/110000-inspection/pc1_7ITanib0Q_1.jpg!m_fill,w_280,h_210,f_jpg?from=ke.com
20230913,西城,长椿街,101117831851,二环里长椿街2007建 70年住宅民水民电有燃气 集中供暖房主自荐,530万,75747元/平,中楼层 (共16层) | 2007年建 | 1室2厅 | 69.97平米 | 北,https://ke-image.ljcdn.com/110000-inspection/pc1_nDm7ECvJU_1.jpg!m_fill,w_280,h_210,f_jpg?from=ke.com
20230913,西城,长椿街,101117821844,宣武门西大街  三居室  产权清晰 随时签约,768万,112085元/平,低楼层 (共12层) | 1977年建 | 3室1厅 | 68.52平米 | 西南,https://ke-image.ljcdn.com/110000-inspection/pc1_Vv5VJs9Yt_1.jpg!m_fill,w_280,h_210,f_jpg?from=ke.com
20230913,西城,长椿街,101117724412,长椿街 核桃园 南北两居 诚意出售,655万,115480元/平,中楼层 (共6层) | 1989年建 | 2室1厅 | 56.72平米 | 南 北,https://ke-image.ljcdn.com/110000-inspection/pc1_4wvQzqzQN.jpg!m_fill,w_280,h_210,f_jpg?from=ke.com
20230913,西城,长椿街,101117673459,槐柏树街中间层东北向两居室明厨房主自荐,620万,102142元/平,中楼层 (共6层) | 1982年建 | 2室0厅 | 60.7平米 | 东北,https://ke-image.ljcdn.com/110000-inspection/pc1_utjRKxUWL_1.jpg!m_fill,w_280,h_210,f_jpg?from=ke.com
20230913,西城,长椿街,101117670536,广义街10号院华北电力跟工商银行家属院东西向三居室,1210万,102050元/平,中楼层 (共6层) | 1997年建 | 3室2厅 | 118.57平米 | 东 西,https://ke-image.ljcdn.com/110000-inspection/pc1_onTnBzVPe_1.jpg!m_fill,w_280,h_210,f_jpg?from=ke.com
20230913,西城,长椿街,101117637279,报国寺东夹道 东西通透两居室 布局合理 出行方便,560万,99983元/平,顶层 (共6层) | 1982年建 | 2室1厅 | 56.01平米 | 东 西,https://ke-image.ljcdn.com/110000-inspection/pc1_DS6vv1ey5_1.jpg!m_fill,w_280,h_210,f_jpg?from=ke.com
20230913,西城,长椿街,101117601148,兵器五院 南北通透三居室 适合三代人住,780万,104348元/平,中楼层 (共4层) | 1953年建 | 3室1厅 | 74.75平米 | 南 北,https://ke-image.ljcdn.com/110000-inspection/pc1_qzpKY1VkM_1.jpg!m_fill,w_280,h_210,f_jpg?from=ke.com
20230913,西城,长椿街,101117527107,槐柏树街北里 精装一居 采光充足 交通便利,499万,104394元/平,中楼层 (共6层) 1室1厅 | 47.8平米 | 东南,https://ke-image.ljcdn.com/110000-inspection/pc1_0BhKMa2tg.jpg!m_fill,w_280,h_210,f_jpg?from=ke.com
20230913,西城,长椿街,101117520236,金融街  精装修  双南向 高楼层 采光好 无遮挡,999万,177128元/平,顶层 (共16层) | 1985年建 | 2室1厅 | 56.4平米 | 南,https://ke-image.ljcdn.com/110000-inspection/pc1_jc5KScnH7_1.jpg!m_fill,w_280,h_210,f_jpg?from=ke.com
20230913,西城,长椿街,101117424090,长椿街 宣武医院旁 苏式建筑 宣武艺园边,608万,94719元/平,顶层 (共4层) 2室1厅 | 64.19平米 | 西北,https://ke-image.ljcdn.com/110000-inspection/pc1_CjqyMz1Fv_1.jpg!m_fill,w_280,h_210,f_jpg?from=ke.com
20230913,西城,长椿街,101117262358,宣武门西大街 长椿街地铁 电梯直达 不临街,655万,120738元/平,中楼层 (共12层) | 1977年建 | 2室1厅 | 54.25平米 | 南 北,https://ke-image.ljcdn.com/110000-inspection/pc1_m3YUzYJbk.jpg!m_fill,w_280,h_210,f_jpg?from=ke.com
20230913,西城,长椿街,101117246138,7号线菜百南北通透两居次顶层家庭唯一,648万,114125元/平,高楼层 (共6层) | 1986年建 | 2室1厅 | 56.78平米 | 南 北,https://ke-image.ljcdn.com/110000-inspection/884137b8-edac-430c-a5bb-331a1746722c_1000.jpg!m_fill,w_280,h_210,f_jpg?from=ke.com
20230913,西城,长椿街,101116972690,长椿里 东向大两居 层高3米 院内可停车,720万,105387元/平,顶层 (共4层) | 1956年建 | 2室1厅 | 68.32平米 | 东南,https://ke-image.ljcdn.com/110000-inspection/pc1_8FOVwdrdf_1.jpg!m_fill,w_280,h_210,f_jpg?from=ke.com
20230913,西城,长椿街,101116965779,下斜街 双南两居室 中间楼层 无遮挡 粮食局分房,570万,117429元/平,低楼层 (共6层) | 1972年建 | 2室1厅 | 48.54平米 | 南,https://ke-image.ljcdn.com/110000-inspection/pc1_QvNvTjD04_1.jpg!m_fill,w_280,h_210,f_jpg?from=ke.com
20230913,西城,长椿街,101116956959,锦上国际公寓 民水民电 有天然气 70年产权,620万,100863元/平,中楼层 (共16层) | 2007年建 | 1室1厅 | 61.47平米 | 南,https://ke-image.ljcdn.com/110000-inspection/pc1_4e0XuiP7G.jpg!m_fill,w_280,h_210,f_jpg?from=ke.com
20230913,西城,长椿街,101116924479,兵器五院 全明格局两居室 随时签约 可贷款 诚心卖,559万,105095元/平,中楼层 (共5层) | 1977年建 | 2室1厅 | 53.19平米 | 东 西 北,https://ke-image.ljcdn.com/110000-inspection/pc1_TJPZQHmZQ.jpg!m_fill,w_280,h_210,f_jpg?from=ke.com
20230913,西城,长椿街,101116778164,西南二环 长椿街商圈 锦上国际公寓 楼龄新 电梯直达,520万,74318元/平,低楼层 (共16层) | 2007年建 | 1室1厅 | 69.97平米 | 北,https://ke-image.ljcdn.com/110000-inspection/pc1_a7hu9yJFa_1.jpg!m_fill,w_280,h_210,f_jpg?from=ke.com
20230913,西城,长椿街,101116703867,兵器五院 全明格局 两居室 交易成本低房主自荐,530万,87851元/平,顶层 (共4层) | 1953年建 | 2室1厅 | 60.33平米 | 东 南 西,https://ke-image.ljcdn.com/110000-inspection/pc1_7Hr3iojdz.jpg!m_fill,w_280,h_210,f_jpg?from=ke.com
20230913,西城,长椿街,101116627745,满五年商品房 小区管理好 人车分流 小区有地下车位,598万,97284元/平,低楼层 (共16层) | 2007年建 | 1室1厅 | 61.47平米 | 南,https://ke-image.ljcdn.com/110000-inspection/pc1_lS4n0FlTt.jpg!m_fill,w_280,h_210,f_jpg?from=ke.com
20230913,西城,长椿街,101116542349,宣武门西大街 2号线长椿街地铁站 满五唯一商品房,680万,121755元/平,底层 (共12层) | 1970年建 | 2室1厅 | 55.85平米 | 南 北,https://ke-image.ljcdn.com/110000-inspection/pc1_EJinpbCvY.jpg!m_fill,w_280,h_210,f_jpg?from=ke.com
20230913,西城,长椿街,101116515257,长椿街 槐柏树南里 精装修两居室 随时看房！业主诚售,560万,124169元/平,中楼层 (共6层) | 1991年建 | 2室1厅 | 45.1平米 | 东 西,https://ke-image.ljcdn.com/110000-inspection/pc1_ravMDbv03_1.jpg!m_fill,w_280,h_210,f_jpg?from=ke.com
20230913,西城,长椿街,101116468807,宣武门西大街 南北向两居室 电梯直达 采光好,625万,124354元/平,高楼层 (共12层) | 1970年建 | 2室1厅 | 50.26平米 | 南 北,https://ke-image.ljcdn.com/110000-inspection/pc1_xHOwf7zer_1.jpg!m_fill,w_280,h_210,f_jpg?from=ke.com
20230913,西城,长椿街,101116401603,房子精装修 东西通透 可拎包入住 电梯直达 采光好,1050万,115145元/平,高楼层 (共14层) | 1992年建 | 3室1厅 | 91.19平米 | 东 西,https://ke-image.ljcdn.com/110000-inspection/pc1_DWqsQyvUh_1.jpg!m_fill,w_280,h_210,f_jpg?from=ke.com
20230913,西城,长椿街,101116297581,兵器五院 小一居 满五唯一 业主诚心出售,455万,116667元/平,顶层 (共4层) | 1953年建 | 1室1厅 | 39平米 | 西,https://ke-image.ljcdn.com/110000-inspection/pc1_zZe5SEpMi_1.jpg!m_fill,w_280,h_210,f_jpg?from=ke.com
20230913,西城,长椿街,101116184120,宣西大街地铁2号4号线宣武门站旁精装修南向带阳台两居,650万,141090元/平,底层 (共10层) | 1970年建 | 2室1厅 | 46.07平米 | 南,https://ke-image.ljcdn.com/110000-inspection/pc1_wx8TSn6yt_1.jpg!m_fill,w_280,h_210,f_jpg?from=ke.com
20230913,西城,长椿街,101116157108,广义街10号院 两室一厅 工商银行央产房,910万,94664元/平,底层 (共6层) | 1997年建 | 2室1厅 | 96.13平米 | 东 西,https://ke-image.ljcdn.com/110000-inspection/pc1_x62rVgGTI.jpg!m_fill,w_280,h_210,f_jpg?from=ke.com
20230913,西城,长椿街,101116042676,长椿街 宣武艺园 槐柏树南里 低层南北通透三居室,938万,123405元/平,低楼层 (共6层) | 1992年建 | 3室1厅 | 76.01平米 | 北 南,https://ke-image.ljcdn.com/110000-inspection/pc1_bZvjJHdbz.jpg!m_fill,w_280,h_210,f_jpg?from=ke.com
20230913,西城,长椿街,101116030546,长椿街 核桃园南北通透四居室满五年唯一,830万,101505元/平,底层 (共6层) | 1983年建 | 4室0厅 | 81.77平米 | 南 北,https://ke-image.ljcdn.com/110000-inspection/pc1_9faOHkg6l.jpg!m_fill,w_280,h_210,f_jpg?from=ke.com
20230913,西城,长椿街,101115777799,长椿街 宣武门西大街 满五唯一 南北通透 停车方便,745万,123406元/平,中楼层 (共14层) 2室1厅 | 60.37平米 | 南 北,https://ke-image.ljcdn.com/110000-inspection/pc1_SqjrwpUf5.jpg!m_fill,w_280,h_210,f_jpg?from=ke.com
20230913,西城,长椿街,101115651794,锦上国际公寓 1室1厅 北房主自荐,598万,85466元/平,中楼层 (共16层) | 2007年建 | 1室1厅 | 69.97平米 | 北,https://ke-image.ljcdn.com/110000-inspection/pc1_FRFnzhxX4.jpg!m_fill,w_280,h_210,f_jpg?from=ke.com
20230913,西城,长椿街,101115541614,善果胡同2号院 2室1厅 南 西,688万,120407元/平,高楼层 (共6层) | 1998年建 | 2室1厅 | 57.14平米 | 南 西,https://ke-image.ljcdn.com/110000-inspection/pc1_f1V624z4R_1.jpg!m_fill,w_280,h_210,f_jpg?from=ke.com
20230913,西城,长椿街,101115328626,核桃园南北通透两居室临近地铁！满五年唯一房主自荐,565万,90633元/平,顶层 (共6层) | 1983年建 | 2室1厅 | 62.34平米 | 南 北,https://ke-image.ljcdn.com/110000-inspection/pc1_kWJFqCVg0.jpg!m_fill,w_280,h_210,f_jpg?from=ke.com
20230913,西城,长椿街,101115191177,长椿街 锦上国际公寓 视野开阔 建成于2007年 有电梯房主自荐,570万,79277元/平,中楼层 (共16层) | 2007年建 | 1室1厅 | 71.9平米 | 北,https://ke-image.ljcdn.com/110000-inspection/pc1_gv7z45OtU_1.jpg!m_fill,w_280,h_210,f_jpg?from=ke.com
20230913,西城,长椿街,101114958249,西便门内大街97号院 二环内 南北2居,680万,119993元/平,底层 (共6层) | 1984年建 | 2室1厅 | 56.67平米 | 南 北,https://ke-image.ljcdn.com/110000-inspection/pc1_emHfSWPIi_1.jpg!m_fill,w_280,h_210,f_jpg?from=ke.com
20230913,西城,长椿街,101114767899,南北通透 板楼二层 近2号线长椿街 1992年房主自荐,985万,121127元/平,低楼层 (共6层) | 1992年建 | 2室1厅 | 81.32平米 | 南 北,https://ke-image.ljcdn.com/110000-inspection/pc1_imrkloU66_1.jpg!m_fill,w_280,h_210,f_jpg?from=ke.com
20230913,西城,长椿街,101114082742,三庙街南北通透两居室 诚心出售,985万,120152元/平,高楼层 (共6层) 2室2厅 | 81.98平米 | 南 北,https://ke-image.ljcdn.com/110000-inspection/pc1_46I4gM5iQ_1.jpg!m_fill,w_280,h_210,f_jpg?from=ke.com
20230913,西城,长椿街,101113893864,长椿街 三庙大院 双南向 两居室,530万,102614元/平,地下室 (共6层) | 1992年建 | 2室1厅 | 51.65平米 | 南,https://ke-image.ljcdn.com/110000-inspection/pc1_FyfxlAnVv.jpg!m_fill,w_280,h_210,f_jpg?from=ke.com
20230913,西城,长椿街,101113707502,此房满五年唯一央产房中楼层户型好视野开阔。房主自荐,685万,119110元/平,中楼层 (共6层) | 1984年建 | 2室1厅 | 57.51平米 | 东 西,https://ke-image.ljcdn.com/110000-inspection/pc1_6sbZzPJbt_1.jpg!m_fill,w_280,h_210,f_jpg?from=ke.com
20230913,西城,长椿街,101113386746,槐柏树街南里 无抵押 业主诚心出售,650万,105247元/平,底层 (共6层) | 1991年建 | 2室1厅 | 61.76平米 | 东 西,https://ke-image.ljcdn.com/110000-inspection/pc1_JbJG3LgGM_1.jpg!m_fill,w_280,h_210,f_jpg?from=ke.com
20230913,西城,长椿街,101112192062,长椿街 地铁口 三庙街 中间楼层 大客厅 满五唯一,938万,115347元/平,中楼层 (共6层) | 1992年建 | 2室1厅 | 81.32平米 | 南 北,https://ke-image.ljcdn.com/110000-inspection/pc1_OsTUHvxnr.jpg!m_fill,w_280,h_210,f_jpg?from=ke.com
20230913,西城,长椿街,101121041149,西便门内大街79号院 2室1厅 南 北新上,630万,117428元/平,底层 (共6层) 2室1厅 | 53.65平米 | 南 北,https://ke-image.ljcdn.com/110000-inspection/pc1_iMX4VuqBm_1.jpg!m_fill,w_280,h_210,f_jpg?from=ke.com
20230913,西城,长椿街,101120962768,满五年 朝南一居室中间层 诚意出售新上,539万,122057元/平,中楼层 (共6层) | 1992年建 | 1室1厅 | 44.16平米 | 南,https://ke-image.ljcdn.com/110000-inspection/pc1_2h7fTgDUR_1.jpg!m_fill,w_280,h_210,f_jpg?from=ke.com
20230913,西城,长椿街,101120899074,长椿街 岳峰园 满五年 可贷款 东向大三居 诚心出售,1745万,130059元/平,中楼层 (共18层) | 1998年建 | 3室2厅 | 134.17平米 | 东,https://ke-image.ljcdn.com/110000-inspection/pc1_6LVx7DGRq.jpg!m_fill,w_280,h_210,f_jpg?from=ke.com
20230913,西城,长椿街,101120894014,南北通透两居室 中间楼层 采光好,555万,98580元/平,中楼层 (共5层) | 1979年建 | 2室1厅 | 56.3平米 | 南 北,https://ke-image.ljcdn.com/110000-inspection/pc1_D6qvp4MsN_1.jpg!m_fill,w_280,h_210,f_jpg?from=ke.com
20230913,西城,长椿街,101120892585,长椿街 思源胡同28号院 南北通透 两居室,649万,113522元/平,顶层 (共6层) 2室1厅 | 57.17平米 | 南 北,https://ke-image.ljcdn.com/110000-inspection/pc1_EuJaKp8dA_1.jpg!m_fill,w_280,h_210,f_jpg?from=ke.com
20230913,西城,长椿街,101120879764,康乐里小区  有电梯采光充足视野开阔.,1126万,134964元/平,中楼层 (共14层) | 1999年建 | 3室1厅 | 83.43平米 | 东 西 北,https://ke-image.ljcdn.com/110000-inspection/pc1_CBXavwOOa_1.jpg!m_fill,w_280,h_210,f_jpg?from=ke.com
20230913,西城,长椿街,101120876045,长椿街 三庙街 精装 南北两居 近地铁房主自荐,715万,130095元/平,中楼层 (共5层) 2室1厅 | 54.96平米 | 南 北,https://ke-image.ljcdn.com/110000-inspection/pc1_BKW66PWEn_1.jpg!m_fill,w_280,h_210,f_jpg?from=ke.com
20230913,西城,长椿街,101120870442,宣武门西大街 双南向2居室 精装修 随时入住 地铁2号线,650万,127152元/平,低楼层 (共12层) | 1977年建 | 2室0厅 | 51.12平米 | 南,https://ke-image.ljcdn.com/110000-inspection/pc1_SeYwcqIKv.jpg!m_fill,w_280,h_210,f_jpg?from=ke.com
20230913,西城,长椿街,101120866927,康乐里小区 央行家属院 封闭式管理 人车分流 电梯直达,1580万,155650元/平,低楼层 (共14层) | 1999年建 | 2室2厅 | 101.51平米 | 西,https://ke-image.ljcdn.com/110000-inspection/pc1_sNzbb8ksm_1.jpg!m_fill,w_280,h_210,f_jpg?from=ke.com
20230913,西城,长椿街,101120866504,长椿街 金融街 康乐里 东南四居 环境优美,2360万,129479元/平,底层 (共16层) | 2001年建 | 4室2厅 | 182.27平米 | 东南,https://ke-image.ljcdn.com/110000-inspection/pc1_R2y1SX5Ur.jpg!m_fill,w_280,h_210,f_jpg?from=ke.com
20230913,西城,长椿街,101120772785,长椿街 南北通透 采光充足 视野开阔 2008年建成,1280万,99930元/平,中楼层 (共16层) 3室1厅 | 128.09平米 | 南 北,https://ke-image.ljcdn.com/110000-inspection/pc1_a9L20MkuL_1.jpg!m_fill,w_280,h_210,f_jpg?from=ke.com
20230913,西城,长椿街,101120734498,长椿街 精装修 采光充足 视野开阔 东西通透,480万,118285元/平,高楼层 (共6层) | 1992年建 | 1室1厅 | 40.58平米 | 东 西,https://ke-image.ljcdn.com/110000-inspection/pc1_rOXeIOcE6_1.jpg!m_fill,w_280,h_210,f_jpg?from=ke.com
20230913,西城,长椿街,101120670853,长椿街 东南西三居 平改坡 小区已经改造房主自荐,648万,91578元/平,顶层 (共6层) | 1984年建 | 3室1厅 | 70.76平米 | 东 南 西,https://ke-image.ljcdn.com/110000-inspection/pc1_H6Drk1a3C_1.jpg!m_fill,w_280,h_210,f_jpg?from=ke.com
20230913,西城,长椿街,101120669921,西城 二环内 长椿街 思源胡同 南北通透 两居室,658万,114078元/平,中楼层 (共6层) 2室1厅 | 57.68平米 | 南 北,https://ke-image.ljcdn.com/110000-inspection/pc1_KgVgKyaGw_1.jpg!m_fill,w_280,h_210,f_jpg?from=ke.com
20230913,西城,长椿街,101120664217,槐柏树街北里 精装修 全明格局 有市政统一加固面积,695万,141146元/平,中楼层 (共5层) | 1980年建 | 2室1厅 | 49.24平米 | 南 北,https://ke-image.ljcdn.com/110000-inspection/aa8de1e7-2574-456e-8cf3-b3fbf0a6c6a1_1000.jpg!m_fill,w_280,h_210,f_jpg?from=ke.com
20230913,西城,长椿街,101120648705,宣武门西大街 三居室 满五唯一商品房 南北挂西窗,789万,124941元/平,高楼层 (共12层) 3室1厅 | 63.15平米 | 南 北,https://ke-image.ljcdn.com/110000-inspection/pc1_IaQtcZ0yT_1.jpg!m_fill,w_280,h_210,f_jpg?from=ke.com
20230913,西城,长椿街,101120645126,核桃园广安门内婚房步梯南北大两居,558万,98188元/平,顶层 (共5层) | 1979年建 | 2室1厅 | 56.83平米 | 南 北,https://ke-image.ljcdn.com/110000-inspection/pc1_E06RFNoAf_1.jpg!m_fill,w_280,h_210,f_jpg?from=ke.com
20230913,西城,长椿街,101120643123,报国寺东夹道宣武门长椿街广安门业主诚心卖看房随时,670万,99451元/平,高楼层 (共6层) | 1982年建 | 2室1厅 | 67.37平米 | 东南,https://ke-image.ljcdn.com/110000-inspection/pc1_KpPRWOXTE_1.jpg!m_fill,w_280,h_210,f_jpg?from=ke.com
20230913,西城,长椿街,101120643120,长椿街 正规两室一厅 南北通透 采光好 近地铁,715万,104716元/平,顶层 (共6层) | 1992年建 | 2室1厅 | 68.28平米 | 南 北,https://ke-image.ljcdn.com/110000-inspection/pc1_QCqwWp0a3.jpg!m_fill,w_280,h_210,f_jpg?from=ke.com
20230913,西城,长椿街,101120640862,宣武门西大街 2室1厅 南,635万,115476元/平,顶层 (共12层) | 1977年建 | 2室1厅 | 54.99平米 | 南,https://ke-image.ljcdn.com/110000-inspection/pc1_pFqKnWRdX_1.jpg!m_fill,w_280,h_210,f_jpg?from=ke.com
20230913,西城,长椿街,101120626225,西城区二环内 南向全明格局 近地铁公园 精装修 有电梯房主自荐,530万,137806元/平,中楼层 (共18层) | 1987年建 | 1室1厅 | 38.46平米 | 南,https://ke-image.ljcdn.com/110000-inspection/pc1_QuMACHRNP_1.jpg!m_fill,w_280,h_210,f_jpg?from=ke.com
20230913,西城,长椿街,101120597916,宣武门西大街 新华社家属楼  精装修两居,1120万,168930元/平,中楼层 (共16层) | 1987年建 | 2室1厅 | 66.3平米 | 北 东,https://ke-image.ljcdn.com/110000-inspection/pc1_9PEmzHAMr_1.jpg!m_fill,w_280,h_210,f_jpg?from=ke.com
20230913,西城,长椿街,101120461366,西便门内大街79号院 正规两居室 东北向,558万,92970元/平,中楼层 (共4层) | 1953年建 | 2室1厅 | 60.02平米 | 东北,https://ke-image.ljcdn.com/110000-inspection/pc1_POy5oJiGE_1.jpg!m_fill,w_280,h_210,f_jpg?from=ke.com
20230913,西城,长椿街,101120391911,槐柏树街南里中楼层南北通透两居室 宣武公园旁 近地铁,730万,119301元/平,中楼层 (共6层) | 1992年建 | 2室1厅 | 61.19平米 | 南 北,https://ke-image.ljcdn.com/110000-inspection/pc1_Pxe4IJ5ZT_1.jpg!m_fill,w_280,h_210,f_jpg?from=ke.com
20230913,西城,长椿街,101120341608,长椿街 槐柏树街南里社区 满五唯一 复式结构三居,980万,120202元/平,中楼层 (共6层) | 1991年建 | 3室1厅 | 81.53平米 | 南 北,https://ke-image.ljcdn.com/110000-inspection/pc1_kUnazsyAG_1.jpg!m_fill,w_280,h_210,f_jpg?from=ke.com
20230913,西城,长椿街,101120337170,婚房装修 长椿街地铁 南北通透 满五唯一 三庙,909万,111781元/平,顶层 (共6层) 2室2厅 | 81.32平米 | 南 北,https://ke-image.ljcdn.com/110000-inspection/pc1_EUc5O6tQq_1.jpg!m_fill,w_280,h_210,f_jpg?from=ke.com
20230913,西城,长椿街,101120310827,槐柏树后街精装顶层复式三居室带天窗,1150万,113301元/平,顶层 (共6层) | 1999年建 | 3室1厅 | 101.5平米 | 南 北,https://ke-image.ljcdn.com/110000-inspection/pc1_pVfmdHQTt_1.jpg!m_fill,w_280,h_210,f_jpg?from=ke.com
20230913,西城,长椿街,101120225168,长椿街 精装修 南向 产权清晰 层高3米 视野开阔采光好,550万,103794元/平,顶层 (共4层) | 1950年建 | 2室1厅 | 52.99平米 | 南,https://ke-image.ljcdn.com/110000-inspection/pc1_S6NslT6Zy_1.jpg!m_fill,w_280,h_210,f_jpg?from=ke.com
20230913,西城,长椿街,101120185211,宣武门西大街 3室1厅 南 北房主自荐,886万,129684元/平,中楼层 (共12层) | 1977年建 | 3室1厅 | 68.32平米 | 南 北,https://ke-image.ljcdn.com/110000-inspection/pc1_VZnsjCL63_1.jpg!m_fill,w_280,h_210,f_jpg?from=ke.com
20230913,西城,长椿街,101120160334,善果胡同2号院 2室1厅 南 西北,615万,115126元/平,中楼层 (共6层) | 1994年建 | 2室1厅 | 53.42平米 | 南 西北,https://ke-image.ljcdn.com/110000-inspection/pc1_mNAYwCQdk_1.jpg!m_fill,w_280,h_210,f_jpg?from=ke.com
20230913,西城,长椿街,101120083934,广安门北街 满五年唯一  正规一室一厅一厨一卫,469万,96721元/平,低楼层 (共14层) 1室1厅 | 48.49平米 | 西,https://ke-image.ljcdn.com/110000-inspection/pc1_hLKkeTIAU_1.jpg!m_fill,w_280,h_210,f_jpg?from=ke.com
20230913,西城,长椿街,101120033181,槐柏树街南里 南北通透 复式 近公园地铁 配套齐全,930万,118006元/平,中楼层 (共5层) | 1991年建 | 3室1厅 | 78.81平米 | 南 西 北,https://ke-image.ljcdn.com/110000-inspection/pc1_Cgfg62kM4_1.jpg!m_fill,w_280,h_210,f_jpg?from=ke.com
20230913,西城,长椿街,101119992933,长椿街西里、长西小区、单位房可多贷款、二层精装二居,580万,122029元/平,低楼层 (共6层) 2室1厅 | 47.53平米 | 东,https://ke-image.ljcdn.com/110000-inspection/pc1_9lNCSn1QC_2.jpg!m_fill,w_280,h_210,f_jpg?from=ke.com
20230913,西城,长椿街,101119965310,长椿街优质户型视野采光好周边配套齐全,750万,125000元/平,中楼层 (共6层) | 1984年建 | 2室1厅 | 60平米 | 南,https://ke-image.ljcdn.com/110000-inspection/pc1_Xt21VQAO2_1.jpg!m_fill,w_280,h_210,f_jpg?from=ke.com
20230913,西城,长椿街,101119879419,核桃园 地铁小三居室 满五唯一 近地铁医院 配套齐全,608万,102686元/平,顶层 (共5层) | 1979年建 | 3室1厅 | 59.21平米 | 南 北 西,https://ke-image.ljcdn.com/110000-inspection/pc1_e6YSqeCbx_1.jpg!m_fill,w_280,h_210,f_jpg?from=ke.com
20230913,西城,长椿街,101119565911,宣武门西大街 近地铁二环内带 电梯刚需一居室,516万,136545元/平,顶层 (共12层) | 1979年建 | 1室1厅 | 37.79平米 | 南,https://ke-image.ljcdn.com/110000-inspection/pc1_Lx35YEBj5_1.jpg!m_fill,w_280,h_210,f_jpg?from=ke.com
20230913,西城,长椿街,101119539727,槐柏树街南里 南北通透 正规两居室,679万,116347元/平,低楼层 (共6层) | 1991年建 | 2室1厅 | 58.36平米 | 南 北,https://ke-image.ljcdn.com/110000-inspection/pc1_L6LwZusm7_1.jpg!m_fill,w_280,h_210,f_jpg?from=ke.com
20230913,西城,长椿街,101119438036,长椿街 天泽园 2001年建成 正规五居室 视野开阔,1980万,96846元/平,高楼层 (共7层) 5室2厅 | 204.45平米 | 东 西,https://ke-image.ljcdn.com/110000-inspection/pc1_E3fk1fum1_1.jpg!m_fill,w_280,h_210,f_jpg?from=ke.com
20230913,西城,长椿街,101119401187,满五唯一南北通透无遮挡独立院 精装修环境好近地铁,595万,104791元/平,顶层 (共6层) | 1986年建 | 2室1厅 | 56.78平米 | 南 北,https://ke-image.ljcdn.com/110000-inspection/pc1_0Q5t5QJbw_1.jpg!m_fill,w_280,h_210,f_jpg?from=ke.com
20230913,西城,长椿街,101119317248,房子精装修 东西通透 无遮挡 采光好 上下错层,850万,110361元/平,高楼层 (共14层) | 1992年建 | 2室1厅 | 77.02平米 | 东 西,https://ke-image.ljcdn.com/110000-inspection/pc1_WfjBgz60K_1.jpg!m_fill,w_280,h_210,f_jpg?from=ke.com
20230913,西城,长椿街,101119277278,长椿街 木樨地 槐柏树街南里 93年房改房社区 有车位,700万,111572元/平,高楼层 (共6层) 2室1厅 | 62.74平米 | 南 北,https://ke-image.ljcdn.com/110000-inspection/pc1_WSPI3NemF_1.jpg!m_fill,w_280,h_210,f_jpg?from=ke.com
20230913,西城,长椿街,101119059538,长椿街 广安门 2007年商品房 70年住宅 精装 有燃气房主自荐,580万,82893元/平,中楼层 (共16层) | 2007年建 | 2室1厅 | 69.97平米 | 北,https://ke-image.ljcdn.com/110000-inspection/pc1_6O4eSPwbY_1.jpg!m_fill,w_280,h_210,f_jpg?from=ke.com
20230913,西城,长椿街,101119054552,广义里小区 满五唯一  两居室朝东,599万,116856元/平,顶层 (共5层) 2室1厅 | 51.26平米 | 东,https://ke-image.ljcdn.com/110000-inspection/pc1_ueBSqabUm_1.jpg!m_fill,w_280,h_210,f_jpg?from=ke.com
20230913,西城,长椿街,101119034079,西便门内大街97号院 2室1厅 东 西,620万,107808元/平,中楼层 (共6层) | 1984年建 | 2室1厅 | 57.51平米 | 东 西,https://ke-image.ljcdn.com/110000-inspection/pc1_qpMU0glLu_1.jpg!m_fill,w_280,h_210,f_jpg?from=ke.com
20230913,西城,长椿街,101118990180,长椿街 满五年唯一 南北通透两居室,525万,96721元/平,顶层 (共5层) | 1984年建 | 2室1厅 | 54.28平米 | 南 北,https://ke-image.ljcdn.com/110000-inspection/pc1_xkywplCMR.jpg!m_fill,w_280,h_210,f_jpg?from=ke.com
20230913,西城,长椿街,101118957932,西便门 长椿街 3居 全明格局 央产房诚心出售,860万,110811元/平,中楼层 (共6层) | 1984年建 | 3室1厅 | 77.61平米 | 北 南 西,https://ke-image.ljcdn.com/110000-inspection/pc1_SL2Godn6C_1.jpg!m_fill,w_280,h_210,f_jpg?from=ke.com
20230913,西城,长椿街,101118944948,长椿街 宣武门 中间层 满五唯一 19号线地铁口,708万,116199元/平,中楼层 (共6层) | 1981年建 | 2室1厅 | 60.93平米 | 南 北,https://ke-image.ljcdn.com/110000-inspection/803bde48-665e-4439-a4c1-d50494dbbcec_1000.jpg!m_fill,w_280,h_210,f_jpg?from=ke.com
20230913,西城,长椿街,101118917746,长椿街  央行家属院 康乐里小区 人车分流 环境优美,1620万,154169元/平,高楼层 (共14层) 2室1厅 | 105.08平米 | 东 南 北,https://ke-image.ljcdn.com/110000-inspection/pc1_JsISzyPtg_1.jpg!m_fill,w_280,h_210,f_jpg?from=ke.com
20230913,西城,长椿街,101118867845,满五唯一宣武门西大街马路北面 金融街 电梯直达。,1090万,157743元/平,低楼层 (共16层) | 1985年建 | 3室1厅 | 69.1平米 | 西北,https://ke-image.ljcdn.com/110000-inspection/pc1_anyW8Ut71_1.jpg!m_fill,w_280,h_210,f_jpg?from=ke.com
20230913,西城,长椿街,101118860012,新上！长椿街地铁200米 不临街 南北向 中间楼层无遮挡,650万,133718元/平,中楼层 (共5层) | 1973年建 | 2室1厅 | 48.61平米 | 南 北,https://ke-image.ljcdn.com/110000-inspection/pc1_fs1nLWo3o_1.jpg!m_fill,w_280,h_210,f_jpg?from=ke.com
20230913,西城,长椿街,101118829507,西城区 长椿街 1993年建成温馨舒适一居室 中间层房主自荐,535万,116660元/平,中楼层 (共6层) | 1993年建 | 1室1厅 | 45.86平米 | 西,https://ke-image.ljcdn.com/110000-inspection/pc1_Tr7gzz5K7_1.jpg!m_fill,w_280,h_210,f_jpg?from=ke.com
20230913,西城,长椿街,101118760213,槐柏树街南里 东西向复式格局 大三居室房主自荐,799万,101204元/平,高楼层 (共6层) | 1992年建 | 3室1厅 | 78.95平米 | 东 西,https://ke-image.ljcdn.com/110000-inspection/pc1_RrymX4TPP_1.jpg!m_fill,w_280,h_210,f_jpg?from=ke.com
20230913,西城,长椿街,101118750260,91年建成 教育局家属院 南北通透 2居室 满五唯一,690万,119792元/平,中楼层 (共6层) | 1991年建 | 2室1厅 | 57.6平米 | 南 北,https://ke-image.ljcdn.com/110000-inspection/pc1_OfGkpuRHa_1.jpg!m_fill,w_280,h_210,f_jpg?from=ke.com
20230913,西城,长椿街,101118743537,满五年唯一商品房 南北通透 中间层 采光充足 配套齐全,628万,108557元/平,中楼层 (共6层) | 1983年建 | 2室1厅 | 57.85平米 | 南 北,https://ke-image.ljcdn.com/110000-inspection/pc1_wZPa64Vkv_1.jpg!m_fill,w_280,h_210,f_jpg?from=ke.com
20230913,西城,长椿街,101118722237,槐柏树街南里 3室1厅 东 西,830万,104785元/平,高楼层 (共6层) 3室1厅 | 79.21平米 | 东 西,https://ke-image.ljcdn.com/110000-inspection/pc1_p8y0EPwaK_1.jpg!m_fill,w_280,h_210,f_jpg?from=ke.com
20230913,西城,长椿街,101118700040,满五年唯一商品房有小区环境精装修随时可看可签约,1080万,102128元/平,中楼层 (共6层) | 1997年建 | 2室1厅 | 105.75平米 | 东 北,https://ke-image.ljcdn.com/110000-inspection/pc1_6G7SOJIuh_1.jpg!m_fill,w_280,h_210,f_jpg?from=ke.com
20230913,西城,长椿街,101118661754,感化胡同14号院 低楼层 精装带厅两居 诚心出售,636万,111736元/平,低楼层 (共6层) 2室1厅 | 56.92平米 | 西南,https://ke-image.ljcdn.com/110000-inspection/pc1_wUzCZhiIp_1.jpg!m_fill,w_280,h_210,f_jpg?from=ke.com
20230913,西城,长椿街,101118476922,长椿街 三居室 采光充足 视野开阔 满五年 精装修,725万,101755元/平,顶层 (共6层) | 1982年建 | 3室1厅 | 71.25平米 | 东 西,https://ke-image.ljcdn.com/110000-inspection/pc1_KPkM4LgD5_1.jpg!m_fill,w_280,h_210,f_jpg?from=ke.com
20230913,西城,长椿街,101118436646,康乐里 三居室户型方正 两侧对花园 满五唯一央产,1980万,143604元/平,中楼层 (共16层) | 2001年建 | 3室1厅 | 137.88平米 | 东北,https://ke-image.ljcdn.com/110000-inspection/pc1_HK4UP2oPt_1.jpg!m_fill,w_280,h_210,f_jpg?from=ke.com
20230913,西城,长椿街,101118434676,三庙街 正规一室一厅 有钥匙随时看 诚意出售,510万,103072元/平,顶层 (共6层) 1室1厅 | 49.48平米 | 西,https://ke-image.ljcdn.com/110000-inspection/pc1_ZLGWipdva_1.jpg!m_fill,w_280,h_210,f_jpg?from=ke.com
20230913,西城,长椿街,101118405211,广安门北街 3室1厅 西北,650万,89054元/平,中楼层 (共14层) 3室1厅 | 72.99平米 | 西北,https://ke-image.ljcdn.com/110000-inspection/pc1_bI1DVTeHY_1.jpg!m_fill,w_280,h_210,f_jpg?from=ke.com
20230913,西城,长椿街,101118332107,长椿街 槐柏树街南里 中间楼层 满五年唯一,695万,118723元/平,中楼层 (共6层) | 1992年建 | 2室1厅 | 58.54平米 | 南 北,https://ke-image.ljcdn.com/110000-inspection/pc1_6LA5mehez_1.jpg!m_fill,w_280,h_210,f_jpg?from=ke.com
20230913,西城,长椿街,101118235305,广安门北街 3室1厅 东 西,990万,92915元/平,高楼层 (共14层) 3室1厅 | 106.55平米 | 东 西,https://ke-image.ljcdn.com/110000-inspection/pc1_4cfYX4uBd_1.jpg!m_fill,w_280,h_210,f_jpg?from=ke.com
20230913,西城,长椿街,101118227919,长椿街   两室一厅   满五唯一,750万,96019元/平,低楼层 (共14层) 2室1厅 | 78.11平米 | 东,https://ke-image.ljcdn.com/110000-inspection/pc1_QuL2kSeY9_1.jpg!m_fill,w_280,h_210,f_jpg?from=ke.com
20230913,西城,长椿街,101118160626,2008年建成 满五年唯一 精装修 5个电梯,570万,79277元/平,低楼层 (共16层) | 2007年建 | 1室1厅 | 71.9平米 | 北,https://ke-image.ljcdn.com/110000-inspection/pc1_XIvzr2x4r.jpg!m_fill,w_280,h_210,f_jpg?from=ke.com
20230913,西城,长椿街,101118153800,西城区二环内 采光好 近地铁 加扩15㎡ 使用率106.97%房主自荐,610万,148527元/平,中楼层 (共5层) | 1974年建 | 2室1厅 | 41.07平米 | 东,https://ke-image.ljcdn.com/110000-inspection/pc1_sp4hdiXMA.jpg!m_fill,w_280,h_210,f_jpg?from=ke.com
20230913,西城,长椿街,101118137465,07年商品房住宅性质 民水电气集中供暖 喷泉健身房地库,560万,77681元/平,中楼层 (共16层) | 2008年建 | 2室1厅 | 72.09平米 | 北,https://ke-image.ljcdn.com/110000-inspection/pc1_6J6bs3ogQ_1.jpg!m_fill,w_280,h_210,f_jpg?from=ke.com
20230913,西城,长椿街,101118137452,宣武门、长椿街中间楼层兵器五院家属院、可贷款,598万,104986元/平,中楼层 (共5层) | 1977年建 | 2室1厅 | 56.96平米 | 东 西,https://ke-image.ljcdn.com/110000-inspection/pc1_RoCMG4Exh.jpg!m_fill,w_280,h_210,f_jpg?from=ke.com
20230913,西城,长椿街,101118121496,长椿街 4室0厅 南 北,1190万,109870元/平,顶层 (共4层) | 1953年建 | 4室0厅 | 108.31平米 | 南 北,https://ke-image.ljcdn.com/110000-inspection/pc1_2ku0yNI84_1.jpg!m_fill,w_280,h_210,f_jpg?from=ke.com
20230913,西城,长椿街,101118117770,槐柏树街南里南北三居室 宣武公园旁 长椿街,898万,120150元/平,中楼层 (共6层) | 1991年建 | 3室1厅 | 74.74平米 | 南 北,https://ke-image.ljcdn.com/110000-inspection/pc1_ifARrGv7y_1.jpg!m_fill,w_280,h_210,f_jpg?from=ke.com
20230913,西城,长椿街,101118105861,长椿街西里 南北朝向 中间楼层 三居室房主自荐,729万,117222元/平,中楼层 (共6层) 3室0厅 | 62.19平米 | 南 北,https://ke-image.ljcdn.com/110000-inspection/pc1_uuEc2OoG2.jpg!m_fill,w_280,h_210,f_jpg?from=ke.com
20230913,西城,长椿街,101118025703,西城长椿街商圈 宣西两居室 满五唯一 电梯直达诚心售,618万,107125元/平,中楼层 (共12层) | 1979年建 | 2室1厅 | 57.69平米 | 西北,https://ke-image.ljcdn.com/110000-inspection/pc1_Ea1xKMYWC.jpg!m_fill,w_280,h_210,f_jpg?from=ke.com
20230913,西城,长椿街,101117997844,长椿街 核桃园西街37号院 普通住宅 有车位 有电梯,545万,77891元/平,中楼层 (共16层) | 2008年建 | 2室1厅 | 69.97平米 | 北,https://ke-image.ljcdn.com/110000-inspection/pc1_uG6M1Sffs_1.jpg!m_fill,w_280,h_210,f_jpg?from=ke.com
20230913,西城,长椿街,101117901620,2007年商品房小区本房中间楼层视野好精装修..,895万,87480元/平,中楼层 (共16层) | 2007年建 | 3室1厅 | 102.31平米 | 北,https://ke-image.ljcdn.com/110000-inspection/pc1_E2A0THIHX_1.jpg!m_fill,w_280,h_210,f_jpg?from=ke.com
20230913,西城,长椿街,101117863875,核桃园 3室1厅 南 北,608万,102117元/平,中楼层 (共5层) | 1979年建 | 3室1厅 | 59.54平米 | 南 北,https://ke-image.ljcdn.com/110000-inspection/pc1_TqiM6m9yP_1.jpg!m_fill,w_280,h_210,f_jpg?from=ke.com
20230913,西城,长椿街,101117754399,长椿街 西便门内大街97号院 南北通透,648万,120379元/平,底层 (共6层) | 1984年建 | 2室1厅 | 53.83平米 | 南 北,https://ke-image.ljcdn.com/110000-inspection/pc1_tTYiNMPbJ_1.jpg!m_fill,w_280,h_210,f_jpg?from=ke.com
20230913,西城,长椿街,101117703699,西便门内大街97号院 兵器五院 采光好 视野好,685万,112075元/平,高楼层 (共6层) | 1979年建 | 2室1厅 | 61.12平米 | 东 西,https://ke-image.ljcdn.com/110000-inspection/pc1_s77ce0VD5_1.jpg!m_fill,w_280,h_210,f_jpg?from=ke.com
20230913,西城,长椿街,101117490539,两广路 西城二环内 广义街10号院 南北通透两室一厅,965万,107593元/平,高楼层 (共6层) | 1997年建 | 2室1厅 | 89.69平米 | 南 北,https://ke-image.ljcdn.com/110000-inspection/pc1_aJj2leZsS_1.jpg!m_fill,w_280,h_210,f_jpg?from=ke.com
20230913,西城,长椿街,101117281044,广义街 满五唯一  随时签约 地铁七号线,549万,94379元/平,顶层 (共6层) | 1987年建 | 2室1厅 | 58.17平米 | 东 西,https://ke-image.ljcdn.com/110000-inspection/pc1_baA8F8W2O_1.jpg!m_fill,w_280,h_210,f_jpg?from=ke.com
20230913,西城,长椿街,101117248784,宣武门西大街 三居室 商品房 产权清晰,812万,131286元/平,底层 (共10层) | 1970年建 | 3室0厅 | 61.85平米 | 南 北,https://ke-image.ljcdn.com/110000-inspection/2ed62267-18fd-4e92-87e1-9e7fb85630f3_1000.jpg!m_fill,w_280,h_210,f_jpg?from=ke.com
20230913,西城,长椿街,101117165944,长椿街 天泽园 2001年建成 采光充足 视野开阔,1780万,97529元/平,高楼层 (共7层) 5室3厅 | 182.51平米 | 东 西,https://ke-image.ljcdn.com/110000-inspection/pc1_weklXYAYf_1.jpg!m_fill,w_280,h_210,f_jpg?from=ke.com
20230913,西城,长椿街,101116896900,宣武门西大街 南北通透三居室  电梯直达,930万,121840元/平,中楼层 (共14层) 3室1厅 | 76.33平米 | 南 北,https://ke-image.ljcdn.com/110000-inspection/pc1_HuJMHGtdC_1.jpg!m_fill,w_280,h_210,f_jpg?from=ke.com
20230913,西城,长椿街,101116626276,槐柏树街南里 精装修 复式 双卫 拎包入住房主自荐,853万,100852元/平,高楼层 (共6层) | 1992年建 | 2室2厅 | 84.58平米 | 东 西,https://ke-image.ljcdn.com/110000-inspection/pc1_g3AS9BeiW_1.jpg!m_fill,w_280,h_210,f_jpg?from=ke.com
20230913,西城,长椿街,101104389892,长椿街双南两居室低楼层产权清晰,588万,105283元/平,底层 (共14层) 2室1厅 | 55.85平米 | 南,https://ke-image.ljcdn.com/110000-inspection/prod-8d4b0791-5df7-492c-8f1f-9d26a7cdb365.jpg!m_fill,w_280,h_210,f_jpg?from=ke.com
20230913,西城,长椿街,101121040348,槐柏树街北里 1室1厅 南 北新上,610万,120864元/平,中楼层 (共6层) | 1990年建 | 1室1厅 | 50.47平米 | 南 北,https://s1.ljcdn.com/pegasus/redskull/images/common/default_house_list.png?_v=20230816111335
20230913,西城,长椿街,101121023382,长椿街地铁 有色金属家属院 优质社区 满五唯一 低楼层新上,795万,124824元/平,低楼层 (共6层) | 1987年建 | 2室1厅 | 63.69平米 | 南 北,https://s1.ljcdn.com/pegasus/redskull/images/common/default_house_list.png?_v=20230816111335
20230913,西城,长椿街,101121021461,槐柏树街 宣武艺园 满五唯一 苏式三居南北通透新上,1086万,109986元/平,顶层 (共5层) 3室1厅 | 98.74平米 | 东南 北,https://s1.ljcdn.com/pegasus/redskull/images/common/default_house_list.png?_v=20230816111335
20230913,西城,长椿街,101121010186,西城区二环里 满五年央产房 小区人口密度低 近地铁新上,1096万,116795元/平,低楼层 (共6层) 2室1厅 | 93.84平米 | 东 西,https://s1.ljcdn.com/pegasus/redskull/images/common/default_house_list.png?_v=20230816111335
20230913,西城,长椿街,101120995663,核桃园 3室1厅 南 北新上,460万,67797元/平,底层 (共6层) 3室1厅 | 67.85平米 | 南 北,https://s1.ljcdn.com/pegasus/redskull/images/common/default_house_list.png?_v=20230816111335
20230913,西城,长椿街,101120963115,长椿里 2室1厅 西新上,680万,99532元/平,中楼层 (共4层) 2室1厅 | 68.32平米 | 西,https://s1.ljcdn.com/pegasus/redskull/images/common/default_house_list.png?_v=20230816111335
20230913,西城,长椿街,101120960047,满五年不唯一 全南向  采光充足 配套齐全新上,528万,102465元/平,高楼层 (共6层) | 1980年建 | 2室1厅 | 51.53平米 | 南,https://s1.ljcdn.com/pegasus/redskull/images/common/default_house_list.png?_v=20230816111335
20230913,西城,长椿街,101120911163,广益大厦 1室0厅 南,1390万,39944元/平,低楼层 (共16层) | 2008年建 | 1室0厅 | 347.99平米 | 南,https://s1.ljcdn.com/pegasus/redskull/images/common/default_house_list.png?_v=20230816111335
20230913,西城,长椿街,101120908642,槐柏树街南里 业主诚意出售 南北通透两居室,720万,119741元/平,中楼层 (共6层) | 1992年建 | 2室1厅 | 60.13平米 | 南 北,https://s1.ljcdn.com/pegasus/redskull/images/common/default_house_list.png?_v=20230816111335
20230913,西城,长椿街,101120889917,槐柏树街北里 满五年唯一  产权清晰 随时可以签约,495万,103557元/平,中楼层 (共6层) | 1992年建 | 1室1厅 | 47.8平米 | 西南,https://s1.ljcdn.com/pegasus/redskull/images/common/default_house_list.png?_v=20230816111335
20230913,西城,长椿街,101120887966,感化胡同3号院 2室1厅 南,610万,123783元/平,低楼层 (共6层) | 1978年建 | 2室1厅 | 49.28平米 | 南,https://s1.ljcdn.com/pegasus/redskull/images/common/default_house_list.png?_v=20230816111335
20230913,西城,长椿街,101120790490,锦上国际公寓 07年小区 楼龄新 满五只有一套房产,570万,81464元/平,中楼层 (共16层) | 2007年建 | 1室1厅 | 69.97平米 | 北,https://s1.ljcdn.com/pegasus/redskull/images/common/default_house_list.png?_v=20230816111335
20230913,西城,长椿街,101120516228,三庙街 1室1厅 东,600万,128645元/平,高楼层 (共6层) 1室1厅 | 46.64平米 | 东,https://s1.ljcdn.com/pegasus/redskull/images/common/default_house_list.png?_v=20230816111335
20230913,西城,长椿街,101119661845,槐柏树街满五唯一临近公园三居室,850万,118138元/平,低楼层 (共6层) | 1982年建 | 3室1厅 | 71.95平米 | 西南 西北,https://s1.ljcdn.com/pegasus/redskull/images/common/default_house_list.png?_v=20230816111335
20230913,西城,长椿街,101119270951,锦上国际公寓 07年商品房 满五年,490万,70031元/平,中楼层 (共16层) | 2007年建 | 1室0厅 | 69.97平米 | 北,https://s1.ljcdn.com/pegasus/redskull/images/common/default_house_list.png?_v=20230816111335
20230913,西城,长椿街,101114937524,广益大厦大面积40年产权办公用房,730万,45241元/平,低楼层 (共16层) | 2008年建 | 1室0厅 | 161.36平米 | 东南,https://s1.ljcdn.com/pegasus/redskull/images/common/default_house_list.png?_v=20230816111335
20230913,西城,长椿街,101113000584,长椿街 广安门 广义街5号 诚心出售  楼龄新,320万,44749元/平,低楼层 (共16层) | 2008年建 | 1室0厅 | 71.51平米 | 西,https://s1.ljcdn.com/pegasus/redskull/images/common/default_house_list.png?_v=20230816111335
