20230810,丰台,五里店,101120196818,商品房小区 2008年建成 和风四季 满五唯一 东向两居必看好房,328万,47147元/平,顶层 (共9层) | 2007年建 | 2室1厅 | 69.57平米 | 东,https://ke-image.ljcdn.com/110000-inspection/pc1_JGMf56Uyv_1.jpg!m_fill,w_280,h_210,f_jpg?from=ke.com
20230810,丰台,五里店,101119675214,南五里店45号院  精装两居室必看好房,252万,45219元/平,低楼层 (共6层) 2室1厅 | 55.73平米 | 南 北,https://ke-image.ljcdn.com/110000-inspection/pc1_5IZKc0mZf_1.jpg!m_fill,w_280,h_210,f_jpg?from=ke.com
20230810,丰台,五里店,101118100414,五里店南里中间楼层采光充足诚心出售必看好房,266万,35874元/平,中楼层 (共6层) 3室1厅 | 74.15平米 | 南 北,https://ke-image.ljcdn.com/110000-inspection/pc1_yU4ZRdgu0_1.jpg!m_fill,w_280,h_210,f_jpg?from=ke.com
20230810,丰台,五里店,101118284609,程庄路3号院南北通透双阳台。必看好房,277万,42420元/平,中楼层 (共6层) | 1989年建 | 2室1厅 | 65.3平米 | 南 北,https://ke-image.ljcdn.com/110000-inspection/pc1_zYVUxs4jc.jpg!m_fill,w_280,h_210,f_jpg?from=ke.com
20230810,丰台,五里店,101118132122,程庄路3号院 南北两居 高楼层 视野好必看好房,236万,36141元/平,顶层 (共6层) | 1989年建 | 2室1厅 | 65.3平米 | 南 北,https://ke-image.ljcdn.com/110000-inspection/pc1_sDu2GlzEM.jpg!m_fill,w_280,h_210,f_jpg?from=ke.com
20230810,丰台,五里店,101120224087,和光里小区精装修落地飘窗南北两居室。必看好房,475万,55641元/平,中楼层 (共12层) 2室1厅 | 85.37平米 | 南 北,https://ke-image.ljcdn.com/110000-inspection/pc1_QAHIoE7x5_1.jpg!m_fill,w_280,h_210,f_jpg?from=ke.com
20230810,丰台,五里店,101119686238,丰西北里   精装两居室   低楼层上下楼方便,216万,40602元/平,低楼层 (共6层) 2室1厅 | 53.2平米 | 南,https://ke-image.ljcdn.com/110000-inspection/pc1_sNqoVPf6a_1.jpg!m_fill,w_280,h_210,f_jpg?from=ke.com
20230810,丰台,五里店,101119575822,丰西北里 低楼层 精装修 满五唯一必看好房,215万,40391元/平,低楼层 (共6层) 2室1厅 | 53.23平米 | 南 北,https://ke-image.ljcdn.com/110000-inspection/7081e4aa-5134-4646-aeff-34c4d92211bc_1000.jpg!m_fill,w_280,h_210,f_jpg?from=ke.com
20230810,丰台,五里店,101119461733,丰西北里   三居室户型   南北通透  一层  满五唯一,249万,38545元/平,底层 (共5层) 3室1厅 | 64.6平米 | 南 北,https://ke-image.ljcdn.com/110000-inspection/pc1_BQkEVhmIn_1.jpg!m_fill,w_280,h_210,f_jpg?from=ke.com
20230810,丰台,五里店,101119441211,丰卉家园 3室2厅 南 北,699万,48324元/平,中楼层 (共7层) | 2001年建 | 3室2厅 | 144.65平米 | 南 北,https://ke-image.ljcdn.com/110000-inspection/pc1_sMcPaFqXF_1.jpg!m_fill,w_280,h_210,f_jpg?from=ke.com
20230810,丰台,五里店,101119360761,五里店9号院 南北通透 中间楼层 全明格局 两居室必看好房,205万,34518元/平,中楼层 (共6层) 2室2厅 | 59.39平米 | 南 北,https://ke-image.ljcdn.com/110000-inspection/pc1_2ce0pNgKr_1.jpg!m_fill,w_280,h_210,f_jpg?from=ke.com
20230810,丰台,五里店,101118859577,丰西北里 南北通透 看房提前约,218万,40311元/平,中楼层 (共6层) | 1991年建 | 2室1厅 | 54.08平米 | 南 北,https://ke-image.ljcdn.com/110000-inspection/pc1_BzjVBMSFm_1.jpg!m_fill,w_280,h_210,f_jpg?from=ke.com
20230810,丰台,五里店,101118132944,五里店南里 视野开阔采光充足非顶层,268万,37389元/平,高楼层 (共6层) 3室1厅 | 71.68平米 | 南 北,https://ke-image.ljcdn.com/110000-inspection/pc1_1gdWd5bDg.jpg!m_fill,w_280,h_210,f_jpg?from=ke.com
20230810,丰台,五里店,101120451569,彩虹家园 2室1厅 南 北新上,369万,57684元/平,高楼层 (共13层) 2室1厅 | 63.97平米 | 南 北,https://ke-image.ljcdn.com/110000-inspection/pc1_LyBySn4cZ_1.jpg!m_fill,w_280,h_210,f_jpg?from=ke.com
20230810,丰台,五里店,101120431947,程庄路6号院 3室1厅 南 北新上,292万,42381元/平,中楼层 (共6层) | 1993年建 | 3室1厅 | 68.9平米 | 南 北,https://ke-image.ljcdn.com/110000-inspection/pc1_rmj4EuQDL_1.jpg!m_fill,w_280,h_210,f_jpg?from=ke.com
20230810,丰台,五里店,101120329895,程庄路6号院 小两居 业主诚意出售,170万,33912元/平,顶层 (共6层) | 1993年建 | 2室1厅 | 50.13平米 | 东北,https://ke-image.ljcdn.com/110000-inspection/pc1_dw8fPgcem_1.jpg!m_fill,w_280,h_210,f_jpg?from=ke.com
20230810,丰台,五里店,101120322150,南五里店45号院 2室1厅 南 北,265万,47449元/平,中楼层 (共6层) | 1994年建 | 2室1厅 | 55.85平米 | 南 北,https://ke-image.ljcdn.com/110000-inspection/pc1_sDdS475j6_1.jpg!m_fill,w_280,h_210,f_jpg?from=ke.com
20230810,丰台,五里店,101120301794,此房满五年唯一业主诚心出售户型方正低楼层。,298万,41807元/平,底层 (共6层) | 2000年建 | 2室1厅 | 71.28平米 | 南 北,https://ke-image.ljcdn.com/110000-inspection/pc1_Dkrnmsdew.jpg!m_fill,w_280,h_210,f_jpg?from=ke.com
20230810,丰台,五里店,101120282206,五里店9号院 2室1厅 东 西,242万,41024元/平,中楼层 (共6层) 2室1厅 | 58.99平米 | 东 西,https://ke-image.ljcdn.com/110000-inspection/pc1_zKoTFlodA_1.jpg!m_fill,w_280,h_210,f_jpg?from=ke.com
20230810,丰台,五里店,101120265851,丰西北里  低楼层一居室  精装修,209万,52672元/平,底层 (共6层) | 1995年建 | 1室1厅 | 39.68平米 | 东,https://ke-image.ljcdn.com/110000-inspection/pc1_lF450eOg8_1.jpg!m_fill,w_280,h_210,f_jpg?from=ke.com
20230810,丰台,五里店,101120244084,房子是满五唯一视野宽阔前后无遮挡南北通透。,220万,41214元/平,顶层 (共6层) 2室1厅 | 53.38平米 | 南,https://ke-image.ljcdn.com/110000-inspection/pc1_1HxucckAA_1.jpg!m_fill,w_280,h_210,f_jpg?from=ke.com
20230810,丰台,五里店,101120196163,丰西北里   正规两居室  南北通透  采光足,215万,40023元/平,中楼层 (共6层) | 1990年建 | 2室1厅 | 53.72平米 | 南 北,https://ke-image.ljcdn.com/110000-inspection/pc1_nWMaBV1N9_1.jpg!m_fill,w_280,h_210,f_jpg?from=ke.com
20230810,丰台,五里店,101120175995,丰西精装三居室精装修！无遮挡！采光足！业主诚心,328万,42361元/平,低楼层 (共6层) 3室1厅 | 77.43平米 | 东 西,https://ke-image.ljcdn.com/110000-inspection/pc1_7Wch0qIcD.jpg!m_fill,w_280,h_210,f_jpg?from=ke.com
20230810,丰台,五里店,101120107921,丰西北里  南北大两居  楼层高视野好,248万,36131元/平,顶层 (共6层) 2室1厅 | 68.64平米 | 南 北,https://ke-image.ljcdn.com/110000-inspection/pc1_0hgu9IYNd_1.jpg!m_fill,w_280,h_210,f_jpg?from=ke.com
20230810,丰台,五里店,101120086767,房子是满五年唯一前后无遮挡正规2居室南北通透。,249万,36298元/平,顶层 (共6层) | 1999年建 | 3室1厅 | 68.6平米 | 南 北,https://ke-image.ljcdn.com/110000-inspection/a67e978d-c846-45d0-a24d-76c9bdb6df39_1000.jpg!m_fill,w_280,h_210,f_jpg?from=ke.com
20230810,丰台,五里店,101120066701,满五年唯一商品房南北通透中间楼层一梯两户,455万,49382元/平,中楼层 (共6层) 2室1厅 | 92.14平米 | 南 北,https://ke-image.ljcdn.com/110000-inspection/pc1_qktTYkf5E_1.jpg!m_fill,w_280,h_210,f_jpg?from=ke.com
20230810,丰台,五里店,101120065759,五里店南里 2室1厅 南 北,225万,42230元/平,底层 (共6层) | 1999年建 | 2室1厅 | 53.28平米 | 南 北,https://ke-image.ljcdn.com/110000-inspection/pc1_ralzHgT6j_1.jpg!m_fill,w_280,h_210,f_jpg?from=ke.com
20230810,丰台,五里店,101120041858,五里店北里南北两居室总价合适。,479万,58802元/平,低楼层 (共10层) 2室1厅 | 81.46平米 | 南 北,https://ke-image.ljcdn.com/110000-inspection/pc1_8qlRtsLR7_1.jpg!m_fill,w_280,h_210,f_jpg?from=ke.com
20230810,丰台,五里店,101120042479,此房满五年业主诚心出售户型方正采光充足,258万,36196元/平,顶层 (共6层) | 2000年建 | 2室1厅 | 71.28平米 | 南 北,https://ke-image.ljcdn.com/110000-inspection/pc1_RbAQ6bdOt_1.jpg!m_fill,w_280,h_210,f_jpg?from=ke.com
20230810,丰台,五里店,101120020640,新兴家园 正规西向两居 中高楼层 采光无遮挡,349万,48540元/平,中楼层 (共22层) | 2000年建 | 2室1厅 | 71.9平米 | 西,https://ke-image.ljcdn.com/110000-inspection/pc1_gk7qg4W8p_1.jpg!m_fill,w_280,h_210,f_jpg?from=ke.com
20230810,丰台,五里店,101120014440,南北通透格局视野无遮挡采光通风好。,204万,38571元/平,中楼层 (共6层) 2室1厅 | 52.89平米 | 南 北,https://ke-image.ljcdn.com/110000-inspection/pc1_k8lwjuwNk_1.jpg!m_fill,w_280,h_210,f_jpg?from=ke.com
20230810,丰台,五里店,101119989648,丰西北里 2室1厅 南 北,190万,35134元/平,顶层 (共6层) 2室1厅 | 54.08平米 | 南 北,https://ke-image.ljcdn.com/110000-inspection/pc1_rFADJUXAK_1.jpg!m_fill,w_280,h_210,f_jpg?from=ke.com
20230810,丰台,五里店,101119988689,程庄路68号院生活方便保持干净整齐看房方便房主自荐,225万,44590元/平,底层 (共6层) 1室1厅 | 50.46平米 | 南 北,https://ke-image.ljcdn.com/110000-inspection/pc1_K5R2kuZMB_1.jpg!m_fill,w_280,h_210,f_jpg?from=ke.com
20230810,丰台,五里店,101119913784,丰卉家园 南北通透 满五年唯一 诚心出售 价格可谈,499万,54465元/平,中楼层 (共7层) | 2006年建 | 2室1厅 | 91.62平米 | 南 北,https://ke-image.ljcdn.com/110000-inspection/pc1_dQEkYQWre_1.jpg!m_fill,w_280,h_210,f_jpg?from=ke.com
20230810,丰台,五里店,101119904861,五里店南里客厅有明窗宽敞明亮诚心出售,298万,41505元/平,中楼层 (共6层) | 1990年建 | 3室1厅 | 71.8平米 | 南 北,https://ke-image.ljcdn.com/110000-inspection/pc1_EB7EN82DX_1.jpg!m_fill,w_280,h_210,f_jpg?from=ke.com
20230810,丰台,五里店,101119899784,南五里店45号院 2室1厅 东 南 西,265万,47809元/平,中楼层 (共6层) 2室1厅 | 55.43平米 | 东 南 西,https://ke-image.ljcdn.com/110000-inspection/pc1_AhqKbvHER_1.jpg!m_fill,w_280,h_210,f_jpg?from=ke.com
20230810,丰台,五里店,101119889542,小区自带大公园2005年的社区电梯房,395万,44031元/平,低楼层 (共21层) | 2005年建 | 2室1厅 | 89.71平米 | 西,https://ke-image.ljcdn.com/110000-inspection/pc1_YYb0wHuYB.jpg!m_fill,w_280,h_210,f_jpg?from=ke.com
20230810,丰台,五里店,101119877078,两室一厅中楼层精装修满五年唯一交通便利！房主自荐,267万,48388元/平,中楼层 (共6层) | 1995年建 | 2室1厅 | 55.18平米 | 东 西,https://ke-image.ljcdn.com/110000-inspection/pc1_vzIcIHo9C_1.jpg!m_fill,w_280,h_210,f_jpg?from=ke.com
20230810,丰台,五里店,101119848395,程庄南里满五唯一中楼层大两居采光通风好,430万,47933元/平,中楼层 (共21层) | 2005年建 | 2室1厅 | 89.71平米 | 西,https://ke-image.ljcdn.com/110000-inspection/pc1_MvC1DvkPz_1.jpg!m_fill,w_280,h_210,f_jpg?from=ke.com
20230810,丰台,五里店,101119843130,程庄路3号院南北通透两居室采光好,260万,44674元/平,高楼层 (共6层) 2室1厅 | 58.2平米 | 南 北,https://ke-image.ljcdn.com/110000-inspection/pc1_SucG3m6U9_1.jpg!m_fill,w_280,h_210,f_jpg?from=ke.com
20230810,丰台,五里店,101119825090,新兴家园 2室1厅 南 东,333万,43990元/平,低楼层 (共22层) | 2000年建 | 2室1厅 | 75.7平米 | 南 东,https://ke-image.ljcdn.com/110000-inspection/pc1_0rIsnwljt_1.jpg!m_fill,w_280,h_210,f_jpg?from=ke.com
20230810,丰台,五里店,101119797713,五里店南里 1室1厅 南,198万,45497元/平,中楼层 (共6层) 1室1厅 | 43.52平米 | 南,https://ke-image.ljcdn.com/110000-inspection/pc1_ZFR8VQqry_1.jpg!m_fill,w_280,h_210,f_jpg?from=ke.com
20230810,丰台,五里店,101119694286,程庄路68号院 2室1厅 南 北,310万,40683元/平,高楼层 (共6层) | 1995年建 | 2室1厅 | 76.2平米 | 南 北,https://ke-image.ljcdn.com/110000-inspection/pc1_KNgrcxqFI_1.jpg!m_fill,w_280,h_210,f_jpg?from=ke.com
20230810,丰台,五里店,101119685794,五里店南里 精装修 两居室 看房方便,219万,44740元/平,底层 (共6层) | 1999年建 | 2室1厅 | 48.95平米 | 东南 北,https://ke-image.ljcdn.com/110000-inspection/pc1_TPVPRn4jW_1.jpg!m_fill,w_280,h_210,f_jpg?from=ke.com
20230810,丰台,五里店,101119673678,丰西北里 低楼层南向两居室 急售,225万,42294元/平,低楼层 (共6层) 2室1厅 | 53.2平米 | 东 南,https://ke-image.ljcdn.com/110000-inspection/pc1_GGvoJasQq_1.jpg!m_fill,w_280,h_210,f_jpg?from=ke.com
20230810,丰台,五里店,101119655417,丰西北里 正规两居室 高楼层 采光足,205万,40165元/平,顶层 (共5层) | 1980年建 | 2室1厅 | 51.04平米 | 南,https://ke-image.ljcdn.com/110000-inspection/pc1_mNLA7P7jb_1.jpg!m_fill,w_280,h_210,f_jpg?from=ke.com
20230810,丰台,五里店,101119647788,丰卉家园 2室2厅 南 北,450万,47329元/平,顶层 (共6层) | 2005年建 | 2室2厅 | 95.08平米 | 南 北,https://ke-image.ljcdn.com/110000-inspection/pc1_QrtvrVV4V_1.jpg!m_fill,w_280,h_210,f_jpg?from=ke.com
20230810,丰台,五里店,101119624235,丰西北里 2室1厅 南 北,243万,38837元/平,顶层 (共6层) 2室1厅 | 62.57平米 | 南 北,https://ke-image.ljcdn.com/110000-inspection/pc1_BHuEjzhAC_1.jpg!m_fill,w_280,h_210,f_jpg?from=ke.com
20230810,丰台,五里店,101119620328,五里店南里三居室采光好业主诚心卖,298万,43779元/平,中楼层 (共6层) | 1990年建 | 3室1厅 | 68.07平米 | 南,https://ke-image.ljcdn.com/110000-inspection/pc1_NNpXSHwQN_1.jpg!m_fill,w_280,h_210,f_jpg?from=ke.com
20230810,丰台,五里店,101119486514,程庄小区满五唯一商品房精装修全南向大两居,430万,47196元/平,顶层 (共21层) 2室1厅 | 91.11平米 | 南,https://ke-image.ljcdn.com/110000-inspection/pc1_CGjwzbK9J_1.jpg!m_fill,w_280,h_210,f_jpg?from=ke.com
20230810,丰台,五里店,101119481664,新兴家园 次顶层正规两居 业主诚心出售 价格可谈,365万,50765元/平,高楼层 (共22层) | 2000年建 | 2室1厅 | 71.9平米 | 东,https://ke-image.ljcdn.com/110000-inspection/pc1_lzW6NyB6m_1.jpg!m_fill,w_280,h_210,f_jpg?from=ke.com
20230810,丰台,五里店,101119480909,四环2002年电梯房大三居小区停车方便带公园,565万,39218元/平,高楼层 (共19层) 3室1厅 | 144.07平米 | 西南,https://ke-image.ljcdn.com/110000-inspection/pc1_MTYbUnn89.jpg!m_fill,w_280,h_210,f_jpg?from=ke.com
20230810,丰台,五里店,101119462173,和光里小区南北通透三居室落地飘窗。,636万,59842元/平,高楼层 (共16层) | 2005年建 | 3室1厅 | 106.28平米 | 南 北,https://ke-image.ljcdn.com/110000-inspection/pc1_LUBaWcmvP_1.jpg!m_fill,w_280,h_210,f_jpg?from=ke.com
20230810,丰台,五里店,101119437200,五里店南里板楼南北两居有客厅。,252万,42325元/平,顶层 (共6层) | 1998年建 | 2室1厅 | 59.54平米 | 南 北,https://ke-image.ljcdn.com/110000-inspection/pc1_WhdWGdjuH_1.jpg!m_fill,w_280,h_210,f_jpg?from=ke.com
20230810,丰台,五里店,101119345739,五里店北里一区 3室1厅 南 北,655万,59341元/平,中楼层 (共10层) | 2003年建 | 3室1厅 | 110.38平米 | 南 北,https://ke-image.ljcdn.com/110000-inspection/pc1_QURlek2Hk.jpg!m_fill,w_280,h_210,f_jpg?from=ke.com
20230810,丰台,五里店,101119332519,程庄路3号院 2室1厅 南,238万,44075元/平,中楼层 (共6层) | 1979年建 | 2室1厅 | 54平米 | 南,https://ke-image.ljcdn.com/110000-inspection/pc1_JdkRxlIW6.jpg!m_fill,w_280,h_210,f_jpg?from=ke.com
20230810,丰台,五里店,101119331839,程庄路68号院 2室1厅 南 北,189万,35328元/平,顶层 (共6层) | 1980年建 | 2室1厅 | 53.5平米 | 南 北,https://ke-image.ljcdn.com/110000-inspection/pc1_QkUa7LLs3.jpg!m_fill,w_280,h_210,f_jpg?from=ke.com
20230810,丰台,五里店,101119319980,楼层好视野开阔前方无遮挡布局合理。,278万,50749元/平,中楼层 (共16层) | 2005年建 | 1室1厅 | 54.78平米 | 北,https://ke-image.ljcdn.com/110000-inspection/pc1_PSW1kbDBZ_1.jpg!m_fill,w_280,h_210,f_jpg?from=ke.com
20230810,丰台,五里店,101119317474,五里店南里低楼层2居室靠谱出售看房提前约。,229万,40828元/平,中楼层 (共5层) 2室1厅 | 56.09平米 | 东南,https://ke-image.ljcdn.com/110000-inspection/pc1_JCaVGDxHT.jpg!m_fill,w_280,h_210,f_jpg?from=ke.com
20230810,丰台,五里店,101119312195,程庄路6号院 南北两居 高楼层 采光不错,253万,46852元/平,高楼层 (共6层) 2室1厅 | 54平米 | 南 北,https://ke-image.ljcdn.com/110000-inspection/fe406449-0e38-4077-8527-ff7eab7ccef3_1000.jpg!m_fill,w_280,h_210,f_jpg?from=ke.com
20230810,丰台,五里店,101119266521,程庄路68号院 2室1厅 南 北,258万,44522元/平,底层 (共6层) | 1990年建 | 2室1厅 | 57.95平米 | 南 北,https://ke-image.ljcdn.com/110000-inspection/pc1_hMcR6rLAg_1.jpg!m_fill,w_280,h_210,f_jpg?from=ke.com
20230810,丰台,五里店,101119238644,带电梯满五年诚心出售 户型方正价格可谈,238万,44156元/平,顶层 (共6层) 2室1厅 | 53.9平米 | 南,https://ke-image.ljcdn.com/110000-inspection/pc1_3yPshoo6j_1.jpg!m_fill,w_280,h_210,f_jpg?from=ke.com
20230810,丰台,五里店,101119231981,程庄路3号院 南北通透 满五年 交通便利,280万,42880元/平,高楼层 (共6层) | 1989年建 | 2室1厅 | 65.3平米 | 南 北,https://ke-image.ljcdn.com/110000-inspection/pc1_6WDd4r2cB_1.jpg!m_fill,w_280,h_210,f_jpg?from=ke.com
20230810,丰台,五里店,101119229130,程庄路6号院 2室1厅 南 北,258万,40998元/平,顶层 (共6层) 2室1厅 | 62.93平米 | 南 北,https://ke-image.ljcdn.com/110000-inspection/pc1_KqZSEOmwo.jpg!m_fill,w_280,h_210,f_jpg?from=ke.com
20230810,丰台,五里店,101119205696,丰卉家园 2室1厅 东 西,360万,56294元/平,高楼层 (共6层) | 2006年建 | 2室1厅 | 63.95平米 | 东 西,https://ke-image.ljcdn.com/110000-inspection/pc1_pLZf3B3Yb_1.jpg!m_fill,w_280,h_210,f_jpg?from=ke.com
20230810,丰台,五里店,101119168459,丰卉家园 2室1厅 南 北,410万,45359元/平,顶层 (共6层) | 2005年建 | 2室1厅 | 90.39平米 | 南 北,https://ke-image.ljcdn.com/110000-inspection/pc1_prBJvK13s_1.jpg!m_fill,w_280,h_210,f_jpg?from=ke.com
20230810,丰台,五里店,101119163023,地铁16号线榆树庄站精装修看房随时,249万,36277元/平,顶层 (共6层) | 1990年建 | 2室1厅 | 68.64平米 | 南 北,https://ke-image.ljcdn.com/110000-inspection/pc1_OFYYy0lQs_1.jpg!m_fill,w_280,h_210,f_jpg?from=ke.com
20230810,丰台,五里店,101119130864,南北通透户型采光视野好交通便利。,252万,41653元/平,顶层 (共6层) | 1979年建 | 2室1厅 | 60.5平米 | 南 北,https://ke-image.ljcdn.com/110000-inspection/pc1_vCuBPKxz0.jpg!m_fill,w_280,h_210,f_jpg?from=ke.com
20230810,丰台,五里店,101119098428,丰西北里 低楼层  采光好 无遮挡   看房方便,249万,42204元/平,低楼层 (共6层) | 1990年建 | 2室1厅 | 59平米 | 南 北,https://ke-image.ljcdn.com/110000-inspection/pc1_fbvuuEhI8_1.jpg!m_fill,w_280,h_210,f_jpg?from=ke.com
20230810,丰台,五里店,101119026849,五里店9号院 正规南北两居 视野开阔 独立客厅,199万,33508元/平,顶层 (共6层) 2室1厅 | 59.39平米 | 南 北,https://ke-image.ljcdn.com/110000-inspection/pc1_WKh3Gc0KG_1.jpg!m_fill,w_280,h_210,f_jpg?from=ke.com
20230810,丰台,五里店,101119015833,和光里 3室1厅 南 北,660万,57637元/平,中楼层 (共10层) 3室1厅 | 114.51平米 | 南 北,https://ke-image.ljcdn.com/110000-inspection/pc1_5FyAYOEVh.jpg!m_fill,w_280,h_210,f_jpg?from=ke.com
20230810,丰台,五里店,101118990794,新兴家园 正规西南向两居  满五年唯一 价格可谈房主自荐,420万,50860元/平,低楼层 (共22层) | 1998年建 | 2室1厅 | 82.58平米 | 南 西,https://ke-image.ljcdn.com/110000-inspection/pc1_uOMFkGACK_1.jpg!m_fill,w_280,h_210,f_jpg?from=ke.com
20230810,丰台,五里店,101118967388,一层出入方便格局方正看房方便,209万,57418元/平,底层 (共6层) 1室1厅 | 36.4平米 | 南,https://ke-image.ljcdn.com/110000-inspection/b1a49372-a727-4bd0-a4d8-892bbdff0289_1000.jpg!m_fill,w_280,h_210,f_jpg?from=ke.com
20230810,丰台,五里店,101118933872,和光里小区高楼层一居室视野开阔。房主自荐,280万,51114元/平,高楼层 (共16层) | 2005年建 | 1室1厅 | 54.78平米 | 北,https://ke-image.ljcdn.com/110000-inspection/pc1_r5sPZrNgb_1.jpg!m_fill,w_280,h_210,f_jpg?from=ke.com
20230810,丰台,五里店,101118929182,程庄路3号院 2室1厅 南 北,280万,43344元/平,顶层 (共6层) | 1990年建 | 2室1厅 | 64.6平米 | 南 北,https://ke-image.ljcdn.com/110000-inspection/pc1_HeVMXaFpo_1.jpg!m_fill,w_280,h_210,f_jpg?from=ke.com
20230810,丰台,五里店,101118918937,此房是满五唯一南北通透精装修业主诚心出售。,235万,40028元/平,高楼层 (共6层) | 1995年建 | 2室1厅 | 58.71平米 | 南 北,https://ke-image.ljcdn.com/110000-inspection/pc1_aWhD20qmz_1.jpg!m_fill,w_280,h_210,f_jpg?from=ke.com
20230810,丰台,五里店,101118893928,丰西北里三居室 精装修 南北通透,241万,35111元/平,顶层 (共6层) 3室1厅 | 68.64平米 | 南 北,https://ke-image.ljcdn.com/110000-inspection/pc1_U4aWyq1xK.jpg!m_fill,w_280,h_210,f_jpg?from=ke.com
20230810,丰台,五里店,101118886340,和光里商品房全南户型方正2室客厅主卧朝南看房方便,482万,51359元/平,底层 (共12层) 2室1厅 | 93.85平米 | 南,https://ke-image.ljcdn.com/110000-inspection/pc1_lgbI6NmSa_1.jpg!m_fill,w_280,h_210,f_jpg?from=ke.com
20230810,丰台,五里店,101118878311,丰西北里  正规一居室    低楼层  上下楼方便,190万,47572元/平,低楼层 (共6层) 1室1厅 | 39.94平米 | 东,https://ke-image.ljcdn.com/110000-inspection/pc1_DkB2kkFE6_1.jpg!m_fill,w_280,h_210,f_jpg?from=ke.com
20230810,丰台,五里店,101118871042,丰西北里甲7号院 正规两居室 南北通透 双卧朝南,268万,37982元/平,高楼层 (共6层) | 1998年建 | 2室1厅 | 70.56平米 | 南 北,https://ke-image.ljcdn.com/110000-inspection/pc1_jetS9A5WJ_1.jpg!m_fill,w_280,h_210,f_jpg?from=ke.com
20230810,丰台,五里店,101118867442,程庄路3号 满五年 有电梯 精装修 中间层,198万,49749元/平,中楼层 (共6层) 1室1厅 | 39.8平米 | 南,https://ke-image.ljcdn.com/110000-inspection/pc1_aSixaiDS2.jpg!m_fill,w_280,h_210,f_jpg?from=ke.com
20230810,丰台,五里店,101118860156,满五唯一2个卧室朝南一个朝北采光好无遮挡。,253万,36881元/平,顶层 (共6层) 3室1厅 | 68.6平米 | 南 北,https://ke-image.ljcdn.com/110000-inspection/pc1_iWFcsngsF_1.jpg!m_fill,w_280,h_210,f_jpg?from=ke.com
20230810,丰台,五里店,101118829231,新兴家园三室一厅精装修满五唯一房主自荐,349万,46702元/平,低楼层 (共22层) | 2000年建 | 3室1厅 | 74.73平米 | 西 东北,https://ke-image.ljcdn.com/110000-inspection/pc1_Qs8g8qcLL_1.jpg!m_fill,w_280,h_210,f_jpg?from=ke.com
20230810,丰台,五里店,101118829173,丰卉家园 交通便利 南北通透 双阳台 两居室,408万,44508元/平,顶层 (共6层) 2室1厅 | 91.67平米 | 南 北,https://ke-image.ljcdn.com/110000-inspection/pc1_hf3UzCYZo.jpg!m_fill,w_280,h_210,f_jpg?from=ke.com
20230810,丰台,五里店,101118822232,新兴家园2居满五年唯一 业主诚意出售房主自荐,326万,45341元/平,低楼层 (共22层) | 2000年建 | 2室1厅 | 71.9平米 | 西,https://ke-image.ljcdn.com/110000-inspection/pc1_uYzjgDAFE_1.jpg!m_fill,w_280,h_210,f_jpg?from=ke.com
20230810,丰台,五里店,101118805157,程庄路68号院 2室1厅 南 北,209万,35788元/平,顶层 (共6层) | 1990年建 | 2室1厅 | 58.4平米 | 南 北,https://ke-image.ljcdn.com/110000-inspection/pc1_STlxIzihQ_1.jpg!m_fill,w_280,h_210,f_jpg?from=ke.com
20230810,丰台,五里店,101118803020,丰西北里 高楼层  采光好  装修好房主自荐,248万,36131元/平,顶层 (共6层) | 1990年建 | 2室1厅 | 68.64平米 | 南 北,https://ke-image.ljcdn.com/110000-inspection/pc1_C6vn52PQf_1.jpg!m_fill,w_280,h_210,f_jpg?from=ke.com
20230810,丰台,五里店,101118783798,丰卉家园 2室1厅 南 北,550万,61460元/平,底层 (共7层) | 2006年建 | 2室1厅 | 89.49平米 | 南 北,https://ke-image.ljcdn.com/110000-inspection/pc1_AZqy0WteV_1.jpg!m_fill,w_280,h_210,f_jpg?from=ke.com
20230810,丰台,五里店,101118778737,南五里店45号院视野好高楼层房主自荐,209万,49597元/平,顶层 (共6层) | 1993年建 | 2室1厅 | 42.14平米 | 南 北,https://ke-image.ljcdn.com/110000-inspection/pc1_Fq3gDW0nc_1.jpg!m_fill,w_280,h_210,f_jpg?from=ke.com
20230810,丰台,五里店,101118760970,程庄路68号院 2室1厅 南 北,220万,41573元/平,高楼层 (共6层) | 1980年建 | 2室1厅 | 52.92平米 | 南 北,https://ke-image.ljcdn.com/110000-inspection/pc1_wVpIpWCXB_1.jpg!m_fill,w_280,h_210,f_jpg?from=ke.com
20230810,丰台,五里店,101118757265,五里店南里正规三居室布局合理。,266万,37360元/平,顶层 (共6层) 3室1厅 | 71.2平米 | 东 南 西,https://ke-image.ljcdn.com/110000-inspection/prod-e4cb0785-3db2-451f-bf3c-0e04a043bfce.jpg!m_fill,w_280,h_210,f_jpg?from=ke.com
20230810,丰台,五里店,101118720272,南五里店45号院 2室1厅 东 西 北,246万,44381元/平,中楼层 (共6层) 2室1厅 | 55.43平米 | 东 西 北,https://ke-image.ljcdn.com/110000-inspection/pc1_GRl8cSuqo_1.jpg!m_fill,w_280,h_210,f_jpg?from=ke.com
20230810,丰台,五里店,101118710334,满五唯一中楼层户型方正无遮挡采光好,690万,63205元/平,低楼层 (共7层) 3室2厅 | 109.17平米 | 南 北,https://ke-image.ljcdn.com/110000-inspection/pc1_0jHoSRNwz_1.jpg!m_fill,w_280,h_210,f_jpg?from=ke.com
20230810,丰台,五里店,101118667184,五里店南里小区  南北通透两居室,225万,35897元/平,高楼层 (共6层) 2室1厅 | 62.68平米 | 南 北,https://ke-image.ljcdn.com/110000-inspection/pc1_GokBv89Oy_1.jpg!m_fill,w_280,h_210,f_jpg?from=ke.com
20230810,丰台,五里店,101118657802,程庄路3号院 南北通透三居 中间楼层  满五年,365万,50485元/平,中楼层 (共6层) 3室1厅 | 72.3平米 | 南 北,https://ke-image.ljcdn.com/110000-inspection/pc1_LbzhyxJp3_1.jpg!m_fill,w_280,h_210,f_jpg?from=ke.com
20230810,丰台,五里店,101118605384,业主诚心出售满五唯一低楼层,340万,62478元/平,底层 (共15层) 1室1厅 | 54.42平米 | 北,https://ke-image.ljcdn.com/110000-inspection/pc1_lfOOjcUQG.jpg!m_fill,w_280,h_210,f_jpg?from=ke.com
20230810,丰台,五里店,101118604220,五里店南里中楼层全明格局看房方便！随时签约。,185万,43571元/平,中楼层 (共5层) | 2000年建 | 1室1厅 | 42.46平米 | 西南,https://ke-image.ljcdn.com/110000-inspection/pc1_LscouPSii_1.jpg!m_fill,w_280,h_210,f_jpg?from=ke.com
20230810,丰台,五里店,101118600572,满五唯一   宜居宜教    生活便利,178万,42141元/平,中楼层 (共6层) | 2013年建 | 1室1厅 | 42.24平米 | 南 北,https://ke-image.ljcdn.com/110000-inspection/pc1_fWDGmhueg_1.jpg!m_fill,w_280,h_210,f_jpg?from=ke.com
20230810,丰台,五里店,101118577175,程庄路68号院 楼层好 户型不错,213万,40250元/平,中楼层 (共6层) | 1980年建 | 2室1厅 | 52.92平米 | 南 北,https://ke-image.ljcdn.com/110000-inspection/pc1_C3E3rkhUh_1.jpg!m_fill,w_280,h_210,f_jpg?from=ke.com
20230810,丰台,五里店,101118560611,五里店南里小区 实用三居 业主诚意出售,269万,37771元/平,高楼层 (共6层) 3室1厅 | 71.22平米 | 南 西 北,https://ke-image.ljcdn.com/110000-inspection/pc1_Kgh5PajQS_1.jpg!m_fill,w_280,h_210,f_jpg?from=ke.com
20230810,丰台,五里店,101118503057,南五里店45号院 3室1厅 南 北,350万,53249元/平,高楼层 (共6层) | 1996年建 | 3室1厅 | 65.73平米 | 南 北,https://ke-image.ljcdn.com/110000-inspection/1e74afe5-ca4b-40b0-9fa8-24583470270a_1000.jpg!m_fill,w_280,h_210,f_jpg?from=ke.com
20230810,丰台,五里店,101118471597,五里店南里南北两居室楼层合适。房主自荐,260万,42764元/平,中楼层 (共6层) 2室1厅 | 60.8平米 | 南 北,https://ke-image.ljcdn.com/110000-inspection/pc1_ziL3NNG1K_1.jpg!m_fill,w_280,h_210,f_jpg?from=ke.com
20230810,丰台,五里店,101118485755,业主诚心出售有意向价格都可以商量,258万,46245元/平,中楼层 (共6层) | 1993年建 | 2室1厅 | 55.79平米 | 南 北,https://ke-image.ljcdn.com/110000-inspection/pc1_eNpsggHmy_1.jpg!m_fill,w_280,h_210,f_jpg?from=ke.com
20230810,丰台,五里店,101118462366,五里店南里 3室1厅 南 北,289万,39139元/平,中楼层 (共6层) 3室1厅 | 73.84平米 | 南 北,https://ke-image.ljcdn.com/110000-inspection/pc1_GuPA2Tw3y_1.jpg!m_fill,w_280,h_210,f_jpg?from=ke.com
20230810,丰台,五里店,101118440675,程庄路3号院 满五年唯一 3层 三居 明厨明卫房主自荐,388万,48259元/平,中楼层 (共6层) 3室1厅 | 80.4平米 | 东 西 北,https://ke-image.ljcdn.com/110000-inspection/pc1_lFm5IBDO9_1.jpg!m_fill,w_280,h_210,f_jpg?from=ke.com
20230810,丰台,五里店,101118430318,五里店南里  2居室 交通便利 生活配套全,149万,43632元/平,高楼层 (共6层) 1室1厅 | 34.15平米 | 北,https://ke-image.ljcdn.com/110000-inspection/pc1_H9VA1Mlv8_1.jpg!m_fill,w_280,h_210,f_jpg?from=ke.com
20230810,丰台,五里店,101118428418,此房南北通透格局好采光充足,260万,36517元/平,顶层 (共6层) | 1990年建 | 3室1厅 | 71.2平米 | 南 北,https://ke-image.ljcdn.com/110000-inspection/pc1_Nlr1IoicC_1.jpg!m_fill,w_280,h_210,f_jpg?from=ke.com
20230810,丰台,五里店,101118396531,五里店南里 南北三居 满五唯一 高楼层,253万,37163元/平,顶层 (共6层) | 2000年建 | 3室1厅 | 68.08平米 | 南 北,https://ke-image.ljcdn.com/110000-inspection/pc1_T5NrsQPSw_1.jpg!m_fill,w_280,h_210,f_jpg?from=ke.com
20230810,丰台,五里店,101118356241,商品房精装修3居2卫有钥匙满五年不唯一看房方便,640万,54842元/平,底层 (共10层) | 2005年建 | 3室1厅 | 116.7平米 | 南 北,https://ke-image.ljcdn.com/110000-inspection/pc1_x7kQgaewf_1.jpg!m_fill,w_280,h_210,f_jpg?from=ke.com
20230810,丰台,五里店,101118349551,和光里小区正规一室 高层 视野好,277万,49333元/平,顶层 (共16层) | 2005年建 | 1室1厅 | 56.15平米 | 北,https://ke-image.ljcdn.com/110000-inspection/prod-518df06a-f1ec-4056-9543-0573105935f6.jpg!m_fill,w_280,h_210,f_jpg?from=ke.com
20230810,丰台,五里店,101118341366,丰西北里 南北通透 满五唯一 地铁16号线,255万,40755元/平,高楼层 (共6层) 2室1厅 | 62.57平米 | 南 北,https://ke-image.ljcdn.com/110000-inspection/pc1_9Ts6IzjOa.jpg!m_fill,w_280,h_210,f_jpg?from=ke.com
20230810,丰台,五里店,101118324078,程庄路新兴家园 高楼层 满五唯一 诚心出售,360万,47557元/平,高楼层 (共22层) | 2000年建 | 2室1厅 | 75.7平米 | 东南,https://ke-image.ljcdn.com/110000-inspection/pc1_QY2UCEIBV.jpg!m_fill,w_280,h_210,f_jpg?from=ke.com
20230810,丰台,五里店,101118273703,丰西北里甲7号院  南北通透 户型方正,293万,41106元/平,低楼层 (共6层) | 2000年建 | 2室1厅 | 71.28平米 | 南 北,https://ke-image.ljcdn.com/110000-inspection/pc1_33AeVXneJ_1.jpg!m_fill,w_280,h_210,f_jpg?from=ke.com
20230810,丰台,五里店,101118244366,丰卉家园 2室1厅 南 北,530万,54628元/平,中楼层 (共7层) | 2006年建 | 2室1厅 | 97.02平米 | 南 北,https://ke-image.ljcdn.com/110000-inspection/pc1_70pWWTB8e.jpg!m_fill,w_280,h_210,f_jpg?from=ke.com
20230810,丰台,五里店,101118181933,五里店南里 满五年唯一 客厅有窗 南北通透 业主诚售,265万,49202元/平,顶层 (共6层) | 1990年建 | 2室1厅 | 53.86平米 | 南 北,https://ke-image.ljcdn.com/110000-inspection/pc1_JXQJGjkaG_1.jpg!m_fill,w_280,h_210,f_jpg?from=ke.com
20230810,丰台,五里店,101118168530,丰西北里 南北户型 高楼层视野好,239万,38198元/平,高楼层 (共6层) | 1990年建 | 2室1厅 | 62.57平米 | 南 北,https://ke-image.ljcdn.com/110000-inspection/671b0732-0a35-4909-aea6-07974cbd2388_1000.jpg!m_fill,w_280,h_210,f_jpg?from=ke.com
20230810,丰台,五里店,101118153145,和光里 精装修 高层 南向 两居室,530万,56270元/平,顶层 (共12层) 2室1厅 | 94.19平米 | 南,https://ke-image.ljcdn.com/110000-inspection/pc1_nC3uNJWAg.jpg!m_fill,w_280,h_210,f_jpg?from=ke.com
20230810,丰台,五里店,101118132809,程庄南里满五唯一采光好户型规整正规一居,246万,46884元/平,低楼层 (共21层) | 2005年建 | 1室1厅 | 52.47平米 | 西,https://ke-image.ljcdn.com/110000-inspection/pc1_7gZ9tnmqH_1.jpg!m_fill,w_280,h_210,f_jpg?from=ke.com
20230810,丰台,五里店,101118072303,程庄南里 全南朝向大两居 户型很好,469万,42333元/平,低楼层 (共21层) | 2005年建 | 2室1厅 | 110.79平米 | 南,https://ke-image.ljcdn.com/110000-inspection/pc1_SYQSlMihP.jpg!m_fill,w_280,h_210,f_jpg?from=ke.com
20230810,丰台,五里店,101118058576,五里店南里 2室1厅 南 北,238万,41413元/平,高楼层 (共6层) | 2013年建 | 2室1厅 | 57.47平米 | 南 北,https://ke-image.ljcdn.com/110000-inspection/pc1_xw4zDZgMI.jpg!m_fill,w_280,h_210,f_jpg?from=ke.com
20230810,丰台,五里店,101117979181,满五年唯一南北 通透格局采光好视野宽阔。,245万,35694元/平,高楼层 (共6层) | 1990年建 | 2室1厅 | 68.64平米 | 南 北,https://ke-image.ljcdn.com/110000-inspection/pc1_kFUg2EStd_1.jpg!m_fill,w_280,h_210,f_jpg?from=ke.com
20230810,丰台,五里店,101117969845,彩虹家园 满两年 商品房 采光好业主诚意出售,379万,57538元/平,高楼层 (共20层) | 2012年建 | 2室1厅 | 65.87平米 | 南,https://ke-image.ljcdn.com/110000-inspection/pc1_jWmUr0Q7t_1.jpg!m_fill,w_280,h_210,f_jpg?from=ke.com
20230810,丰台,五里店,101117947685,满五年的商品房2005年的社区小区自带公园,415万,45550元/平,中楼层 (共21层) | 2005年建 | 2室1厅 | 91.11平米 | 南,https://ke-image.ljcdn.com/110000-inspection/pc1_uRxsm96hR.jpg!m_fill,w_280,h_210,f_jpg?from=ke.com
20230810,丰台,五里店,101117903300,丰西北里 2室1厅 南 北房主自荐,345万,58764元/平,底层 (共6层) | 1995年建 | 2室1厅 | 58.71平米 | 南 北,https://ke-image.ljcdn.com/110000-inspection/ec4bb7af-c207-4e18-8dc4-5f0e6436dc1c_1000.jpg!m_fill,w_280,h_210,f_jpg?from=ke.com
20230810,丰台,五里店,101117892430,丰卉家园南北通透大两居看房方便诚心出售,405万,43846元/平,高楼层 (共6层) 2室1厅 | 92.37平米 | 南 北,https://ke-image.ljcdn.com/110000-inspection/pc1_jao30kUUR.jpg!m_fill,w_280,h_210,f_jpg?from=ke.com
20230810,丰台,五里店,101117831608,和光里 精装南向两居 落地飘窗 业主诚心出售,540万,56069元/平,高楼层 (共16层) | 2005年建 | 2室1厅 | 96.31平米 | 南,https://ke-image.ljcdn.com/110000-inspection/pc1_Tmjo2rPwg_1.jpg!m_fill,w_280,h_210,f_jpg?from=ke.com
20230810,丰台,五里店,101117819522,程庄路3号院 2室1厅 南 北房主自荐,275万,42114元/平,高楼层 (共6层) | 1989年建 | 2室1厅 | 65.3平米 | 南 北,https://ke-image.ljcdn.com/110000-inspection/pc1_jKM1UYFyG.jpg!m_fill,w_280,h_210,f_jpg?from=ke.com
20230810,丰台,五里店,101117816844,程庄路68号院 2室1厅 南 北,219万,41384元/平,低楼层 (共6层) | 1980年建 | 2室1厅 | 52.92平米 | 南 北,https://ke-image.ljcdn.com/110000-inspection/pc1_VyigSzEdZ.jpg!m_fill,w_280,h_210,f_jpg?from=ke.com
20230810,丰台,五里店,101117775187,小区环境好停车方便居住舒适度高。,575万,39931元/平,低楼层 (共19层) | 2002年建 | 3室1厅 | 144平米 | 西北,https://ke-image.ljcdn.com/110000-inspection/pc1_05DbIyXmI.jpg!m_fill,w_280,h_210,f_jpg?from=ke.com
20230810,丰台,五里店,101117768295,丰西北里   正规两居室   南北通透   看房提前约,195万,36300元/平,高楼层 (共6层) 2室1厅 | 53.72平米 | 南 北,https://ke-image.ljcdn.com/110000-inspection/70880783-e4ca-4cb1-bd2e-c3e093cbb186_1000.jpg!m_fill,w_280,h_210,f_jpg?from=ke.com
20230810,丰台,五里店,101117752143,此房楼层好采光视野宽广前后无遮挡。房主自荐,193万,39046元/平,顶层 (共6层) | 1999年建 | 2室1厅 | 49.43平米 | 东北,https://ke-image.ljcdn.com/110000-inspection/pc1_q3xFHPsxG.jpg!m_fill,w_280,h_210,f_jpg?from=ke.com
20230810,丰台,五里店,101117713414,程庄子68号院南北通透一层两居方便上下楼诚心出售房主自荐,248万,42796元/平,底层 (共6层) | 1990年建 | 2室1厅 | 57.95平米 | 南 北,https://ke-image.ljcdn.com/110000-inspection/pc1_HcBKm2rJM.jpg!m_fill,w_280,h_210,f_jpg?from=ke.com
20230810,丰台,五里店,101117637276,新兴家园 2室1厅 东,368万,51183元/平,中楼层 (共22层) | 1998年建 | 2室1厅 | 71.9平米 | 东,https://ke-image.ljcdn.com/110000-inspection/pc1_HI7SCcUL0.jpg!m_fill,w_280,h_210,f_jpg?from=ke.com
20230810,丰台,五里店,101117628915,南五里店45号院精装修两居室诚心出售看房方便,251万,44991元/平,高楼层 (共6层) | 1993年建 | 2室1厅 | 55.79平米 | 南 北,https://ke-image.ljcdn.com/110000-inspection/pc1_bsxLlhC63.jpg!m_fill,w_280,h_210,f_jpg?from=ke.com
20230810,丰台,五里店,101117598241,此房 南北通透户型方正视野好采光无遮挡,303万,39639元/平,中楼层 (共6层) 3室1厅 | 76.44平米 | 南 北,https://ke-image.ljcdn.com/110000-inspection/pc1_jX5BLfpdF.jpg!m_fill,w_280,h_210,f_jpg?from=ke.com
20230810,丰台,五里店,101117543597,丰卉家园精装修视野好业主诚心出售,320万,50040元/平,高楼层 (共6层) | 2006年建 | 2室1厅 | 63.95平米 | 东 西,https://ke-image.ljcdn.com/110000-inspection/pc1_mwF5ZsLOb.jpg!m_fill,w_280,h_210,f_jpg?from=ke.com
20230810,丰台,五里店,101117521395,南五里店45号院 满五唯一 商品房 低楼层,273万,49574元/平,低楼层 (共6层) 2室1厅 | 55.07平米 | 南 北,https://ke-image.ljcdn.com/110000-inspection/pc1_Pp7OHJqdo.jpg!m_fill,w_280,h_210,f_jpg?from=ke.com
20230810,丰台,五里店,101117397462,五里店南里小区 南北通透 采光通风 生活方便,220万,40961元/平,顶层 (共6层) | 2000年建 | 2室1厅 | 53.71平米 | 南 北,https://ke-image.ljcdn.com/110000-inspection/40128ef5-86c9-4c71-afa5-b8153c0e5539_1000.jpg!m_fill,w_280,h_210,f_jpg?from=ke.com
20230810,丰台,五里店,101117388925,南五里店45号院 满五唯一视野好,245万,43915元/平,高楼层 (共6层) | 1993年建 | 2室1厅 | 55.79平米 | 南 北,https://ke-image.ljcdn.com/110000-inspection/pc1_e6Nh6KWyn.jpg!m_fill,w_280,h_210,f_jpg?from=ke.com
20230810,丰台,五里店,101117328178,此房满五年唯一楼层合适无遮挡采光好,239万,39741元/平,中楼层 (共6层) 2室1厅 | 60.14平米 | 南 北,https://ke-image.ljcdn.com/110000-inspection/pc1_dGPE5djgB.jpg!m_fill,w_280,h_210,f_jpg?from=ke.com
20230810,丰台,五里店,101117176799,此房看房方便交通便利配套齐全诚意售房,294万,52360元/平,低楼层 (共16层) | 2005年建 | 1室1厅 | 56.15平米 | 北,https://ke-image.ljcdn.com/110000-inspection/pc1_0UOGxAwF2.jpg!m_fill,w_280,h_210,f_jpg?from=ke.com
20230810,丰台,五里店,101117157841,新兴家园 精装修两居 全明格局 高层无遮挡 采光好,370万,51461元/平,顶层 (共22层) | 2000年建 | 2室1厅 | 71.9平米 | 西,https://ke-image.ljcdn.com/110000-inspection/pc1_dUn8XDWIP.jpg!m_fill,w_280,h_210,f_jpg?from=ke.com
20230810,丰台,五里店,101117147726,丰西北里 满五唯一 格局好 采光视野好,195万,36655元/平,顶层 (共6层) 2室1厅 | 53.2平米 | 西南,https://ke-image.ljcdn.com/110000-inspection/891d12c8-dd86-41ed-8191-bf96ae9b5c97_1000.jpg!m_fill,w_280,h_210,f_jpg?from=ke.com
20230810,丰台,五里店,101117130124,丰西北里 2室1厅 南 北,200万,38293元/平,中楼层 (共5层) 2室1厅 | 52.23平米 | 南 北,https://ke-image.ljcdn.com/110000-inspection/pc1_9pRHL5rnj.jpg!m_fill,w_280,h_210,f_jpg?from=ke.com
20230810,丰台,五里店,101117113196,南五里店45号院 精装修 两居室 诚心出售,260万,46847元/平,高楼层 (共6层) | 1993年建 | 2室1厅 | 55.5平米 | 东 南 北,https://ke-image.ljcdn.com/110000-inspection/pc1_l20CTaBQs.jpg!m_fill,w_280,h_210,f_jpg?from=ke.com
20230810,丰台,五里店,101117108962,五里店南里小区楼层2层南北通透优质2居室,270万,42320元/平,低楼层 (共6层) 2室1厅 | 63.8平米 | 南 北,https://ke-image.ljcdn.com/110000-inspection/pc1_JBRM3nogu.jpg!m_fill,w_280,h_210,f_jpg?from=ke.com
20230810,丰台,五里店,101117062035,丰西北里 南北通透两居室 楼层低 业主诚售,270万,39636元/平,低楼层 (共6层) | 1986年建 | 3室1厅 | 68.12平米 | 南 北,https://ke-image.ljcdn.com/110000-inspection/5585981f-c6d0-4a81-b04a-fc34d1c7cb4f_1000.jpg!m_fill,w_280,h_210,f_jpg?from=ke.com
20230810,丰台,五里店,101116938497,和光里 全南向 高楼层 大一居 电梯房,408万,60053元/平,中楼层 (共10层) | 2005年建 | 1室1厅 | 67.94平米 | 南,https://ke-image.ljcdn.com/110000-inspection/pc1_HoyxpNkgC.jpg!m_fill,w_280,h_210,f_jpg?from=ke.com
20230810,丰台,五里店,101116891687,五里店南里 位置优越 视野开阔 无遮挡 诚心出售房主自荐,268万,35292元/平,顶层 (共6层) 3室1厅 | 75.94平米 | 南 北,https://ke-image.ljcdn.com/110000-inspection/pc1_rRqoIEKYa.jpg!m_fill,w_280,h_210,f_jpg?from=ke.com
20230810,丰台,五里店,101116874355,满五年唯一 精装修采光好诚意出售 随时签约。房主自荐,265万,37178元/平,顶层 (共6层) 2室2厅 | 71.28平米 | 南 北,https://ke-image.ljcdn.com/110000-inspection/41b74187-b1d8-43c3-b930-4f516189162d_1000.jpg!m_fill,w_280,h_210,f_jpg?from=ke.com
20230810,丰台,五里店,101116794739,五里店南里 低楼层两居 视野开阔 采光充足房主自荐,250万,46547元/平,低楼层 (共6层) | 2000年建 | 2室1厅 | 53.71平米 | 南 北,https://ke-image.ljcdn.com/110000-inspection/pc1_PmNR9UjEA.jpg!m_fill,w_280,h_210,f_jpg?from=ke.com
20230810,丰台,五里店,101116764456,和风四季2008年带电梯朝南两居采光充足诚心出售房主自荐,560万,45264元/平,低楼层 (共21层) | 2007年建 | 2室1厅 | 123.72平米 | 南,https://ke-image.ljcdn.com/110000-inspection/pc1_RAkAVH3g8.jpg!m_fill,w_280,h_210,f_jpg?from=ke.com
20230810,丰台,五里店,101116667611,和风四季 2室1厅 西北,475万,48490元/平,高楼层 (共21层) | 2007年建 | 2室1厅 | 97.96平米 | 西北,https://ke-image.ljcdn.com/110000-inspection/pc1_KtABrdg0y.jpg!m_fill,w_280,h_210,f_jpg?from=ke.com
20230810,丰台,五里店,101116645855,程庄路3号院 2室1厅 南,214万,39777元/平,顶层 (共6层) 2室1厅 | 53.8平米 | 南,https://ke-image.ljcdn.com/110000-inspection/pc1_hYfUuLjBy_1.jpg!m_fill,w_280,h_210,f_jpg?from=ke.com
20230810,丰台,五里店,101116638433,五里店南里户型方正布局合理。,184万,37767元/平,中楼层 (共6层) 1室1厅 | 48.72平米 | 南,https://ke-image.ljcdn.com/110000-inspection/pc1_KWZ0Grx1r.jpg!m_fill,w_280,h_210,f_jpg?from=ke.com
20230810,丰台,五里店,101116618319,程庄南里朝南向两居室中间楼层视野好小区有花园,431万,47306元/平,中楼层 (共21层) 2室1厅 | 91.11平米 | 南,https://ke-image.ljcdn.com/110000-inspection/pc1_X5UFVHKYz.jpg!m_fill,w_280,h_210,f_jpg?from=ke.com
20230810,丰台,五里店,101116578499,程庄路3号院南北通透两居室看房方便,275万,45305元/平,高楼层 (共6层) | 1980年建 | 2室1厅 | 60.7平米 | 南 北,https://ke-image.ljcdn.com/110000-inspection/pc1_1uwJ6dVav.jpg!m_fill,w_280,h_210,f_jpg?from=ke.com
20230810,丰台,五里店,101116575781,丰西北里 2室1厅 南 北,230万,42530元/平,高楼层 (共6层) 2室1厅 | 54.08平米 | 南 北,https://ke-image.ljcdn.com/110000-inspection/3fe43df7-5c04-42a8-b430-e0a41ca682d9_1000.jpg!m_fill,w_280,h_210,f_jpg?from=ke.com
20230810,丰台,五里店,101116485183,和光里经典北向一居户型好配套齐全,259万,50765元/平,底层 (共16层) | 2005年建 | 1室1厅 | 51.02平米 | 北,https://ke-image.ljcdn.com/110000-inspection/pc1_9lJyohHMV.jpg!m_fill,w_280,h_210,f_jpg?from=ke.com
20230810,丰台,五里店,101116208444,程庄南里正规一室一厅商品房满五年唯一住房,236万,44979元/平,中楼层 (共21层) | 2005年建 | 1室1厅 | 52.47平米 | 西,https://ke-image.ljcdn.com/110000-inspection/pc1_c3qCuUogG.jpg!m_fill,w_280,h_210,f_jpg?from=ke.com
20230810,丰台,五里店,101115861486,和光里三居太阳花社区南北通透,619万,58254元/平,低楼层 (共15层) 3室1厅 | 106.26平米 | 南 北,https://ke-image.ljcdn.com/110000-inspection/pc1_L9RMMHzzD.jpg!m_fill,w_280,h_210,f_jpg?from=ke.com
20230810,丰台,五里店,101115842016,五里店南里一居室交通便利生活方便,160万,39831元/平,中楼层 (共5层) | 2015年建 | 1室1厅 | 40.17平米 | 南,https://ke-image.ljcdn.com/110000-inspection/pc1_Niq1dzxNf.jpg!m_fill,w_280,h_210,f_jpg?from=ke.com
20230810,丰台,五里店,101115391589,满五唯一精装保持干净整洁南北向业主诚心出售房主自荐,246万,40662元/平,顶层 (共6层) | 1979年建 | 2室1厅 | 60.5平米 | 南 北,https://ke-image.ljcdn.com/110000-inspection/75b710c9-5943-46b3-a042-a56baa3471dc_1000.jpg!m_fill,w_280,h_210,f_jpg?from=ke.com
20230810,丰台,五里店,101115063752,五里店南里三居室交通便利生活方便,288万,46266元/平,中楼层 (共6层) | 1995年建 | 3室1厅 | 62.25平米 | 南 北,https://ke-image.ljcdn.com/110000-inspection/a4443e65-62b5-42e8-a5e0-ab7683d86e8c_1000.jpg!m_fill,w_280,h_210,f_jpg?from=ke.com
20230810,丰台,五里店,101114803425,丰西北里满五年唯一精装修正规一居,196万,46623元/平,低楼层 (共6层) 1室1厅 | 42.04平米 | 南,https://ke-image.ljcdn.com/110000-inspection/357efef3-b084-4648-bbf3-066b89ec8a29_1000.jpg!m_fill,w_280,h_210,f_jpg?from=ke.com
20230810,丰台,五里店,101114803356,丰西北里 南北通透 满五唯一 精装修 采光好,269万,39190元/平,顶层 (共6层) 3室1厅 | 68.64平米 | 南 北,https://ke-image.ljcdn.com/110000-inspection/a99075bf-0fb2-492b-a7bf-5dd4da919ffb_1000.jpg!m_fill,w_280,h_210,f_jpg?from=ke.com
20230810,丰台,五里店,101114744674,四环边五里店南里小区 南北通透三居室,300万,42006元/平,高楼层 (共6层) 3室1厅 | 71.42平米 | 北 南,https://ke-image.ljcdn.com/110000-inspection/pc1_4j7We0Plp_1.jpg!m_fill,w_280,h_210,f_jpg?from=ke.com
20230810,丰台,五里店,101114690862,程庄南里小区精装修满五唯一商品房,560万,41053元/平,中楼层 (共21层) | 2005年建 | 3室2厅 | 136.41平米 | 西北,https://ke-image.ljcdn.com/110000-inspection/pc1_wcTiSBmC3.jpg!m_fill,w_280,h_210,f_jpg?from=ke.com
20230810,丰台,五里店,101114580203,五里店南里小区   客厅带窗户 采光好  等有缘人,225万,41659元/平,顶层 (共6层) | 1990年建 | 2室1厅 | 54.01平米 | 南 北,https://ke-image.ljcdn.com/110000-inspection/pc1_o99NdT7xk.jpg!m_fill,w_280,h_210,f_jpg?from=ke.com
20230810,丰台,五里店,101114391340,房子是满五唯一的采光好诚心出售随时签约,256万,43105元/平,顶层 (共6层) 2室1厅 | 59.39平米 | 南 北,https://ke-image.ljcdn.com/110000-inspection/82c425a1-d1a5-412a-adc4-101740dfcdf6_1000.jpg!m_fill,w_280,h_210,f_jpg?from=ke.com
20230810,丰台,五里店,101113731723,程庄小区 满五唯一 楼层高 视野好,540万,39674元/平,顶层 (共21层) 3室1厅 | 136.11平米 | 南 西 北,https://ke-image.ljcdn.com/110000-inspection/e4ee79c3-cacd-4e71-af35-86dd84f3a745_1000.jpg!m_fill,w_280,h_210,f_jpg?from=ke.com
20230810,丰台,五里店,101113699558,满五唯一 南向大两居 户型方正 落地阳台 采光好,495万,52682元/平,低楼层 (共16层) | 2005年建 | 2室1厅 | 93.96平米 | 南,https://ke-image.ljcdn.com/110000-inspection/pc1_5PfAnQ9Rg_1.jpg!m_fill,w_280,h_210,f_jpg?from=ke.com
20230810,丰台,五里店,101113661597,和光里南北通透中间楼层采光好无遮挡,715万,56751元/平,中楼层 (共10层) | 2005年建 | 3室2厅 | 125.99平米 | 南 北,https://ke-image.ljcdn.com/110000-inspection/pc1_3QIupNKyr.jpg!m_fill,w_280,h_210,f_jpg?from=ke.com
20230810,丰台,五里店,101113430928,程庄南里 满五唯一  中间层大一居,250万,47985元/平,中楼层 (共21层) | 2006年建 | 1室1厅 | 52.1平米 | 东,https://ke-image.ljcdn.com/110000-inspection/pc1_ShH61M8HB.jpg!m_fill,w_280,h_210,f_jpg?from=ke.com
20230810,丰台,五里店,101112065271,五里店南里南北通透两居室交通便利配套齐全,225万,40143元/平,高楼层 (共6层) | 1990年建 | 2室1厅 | 56.05平米 | 南 北,https://ke-image.ljcdn.com/110000-inspection/pc1_2eeYpPg1w_1.jpg!m_fill,w_280,h_210,f_jpg?from=ke.com
20230810,丰台,五里店,101112026411,房子满五年唯一四层南北通透户型方正靠谱出售房主自荐,322万,42258元/平,中楼层 (共6层) 2室1厅 | 76.2平米 | 东 南 北,https://ke-image.ljcdn.com/110000-inspection/test-40712e60-a616-42be-a65a-88a5d90e4fb9.png!m_fill,w_280,h_210,f_jpg?from=ke.com
20230810,丰台,五里店,101112005396,丰西北里南北通透两居室户型方正格局合理房主自荐,252万,36714元/平,顶层 (共6层) 3室1厅 | 68.64平米 | 南 北,https://ke-image.ljcdn.com/110000-inspection/pc1_RGC6O3Myw_2.jpg!m_fill,w_280,h_210,f_jpg?from=ke.com
20230810,丰台,五里店,101108078221,程庄南里大三居小区带公园停车位充足,550万,40409元/平,底层 (共21层) | 2006年建 | 3室1厅 | 136.11平米 | 西北 南,https://ke-image.ljcdn.com/110000-inspection/prod-eea2dda7-5a9c-4792-b72c-fabb4d9c7f74.jpg!m_fill,w_280,h_210,f_jpg?from=ke.com
20230810,丰台,五里店,101120475473,程庄路3号院 低楼层 精装全南两居室 满五唯一 商品房新上,236万,43785元/平,低楼层 (共6层) 2室1厅 | 53.9平米 | 南,https://ke-image.ljcdn.com/110000-inspection/pc1_vS5KRxo6I_1.jpg!m_fill,w_280,h_210,f_jpg?from=ke.com
20230810,丰台,五里店,101120391131,五里店南里精装修低楼层南北两居室新上,288万,44254元/平,中楼层 (共6层) | 1990年建 | 2室1厅 | 65.08平米 | 南 北,https://ke-image.ljcdn.com/110000-inspection/pc1_k6vfWO95m_1.jpg!m_fill,w_280,h_210,f_jpg?from=ke.com
20230810,丰台,五里店,101120369867,五里店南里小区 2居室生活配套全视野好采光无遮挡,220万,40847元/平,顶层 (共6层) | 1990年建 | 2室1厅 | 53.86平米 | 南 北,https://ke-image.ljcdn.com/110000-inspection/pc1_xVLNXCOjZ_1.jpg!m_fill,w_280,h_210,f_jpg?from=ke.com
20230810,丰台,五里店,101120229805,新兴家园 2室1厅 东南,392万,51784元/平,中楼层 (共22层) | 2000年建 | 2室1厅 | 75.7平米 | 东南,https://ke-image.ljcdn.com/110000-inspection/pc1_Gsej8L5Jr.jpg!m_fill,w_280,h_210,f_jpg?from=ke.com
20230810,丰台,五里店,101119868756,2005年大格局三居室小区有公园停车方便,564万,39167元/平,底层 (共21层) | 2006年建 | 3室1厅 | 144平米 | 西南 西北 北,https://ke-image.ljcdn.com/110000-inspection/pc1_AjAYqB6ZX.jpg!m_fill,w_280,h_210,f_jpg?from=ke.com
20230810,丰台,五里店,101119868726,五里店南里 3室1厅 南 北,259万,37888元/平,高楼层 (共6层) | 1990年建 | 3室1厅 | 68.36平米 | 南 北,https://ke-image.ljcdn.com/110000-inspection/pc1_ip2G3RgiP.jpg!m_fill,w_280,h_210,f_jpg?from=ke.com
20230810,丰台,五里店,101119828831,和光里 南向两居 满五年 采光好 低楼层,475万,51502元/平,低楼层 (共16层) | 2005年建 | 2室1厅 | 92.23平米 | 南,https://ke-image.ljcdn.com/110000-inspection/pc1_y43XcR4iZ.jpg!m_fill,w_280,h_210,f_jpg?from=ke.com
20230810,丰台,五里店,101119740113,五里店南里 南向两居 满五年 高楼层 没有遮挡,206万,40149元/平,顶层 (共6层) | 1990年建 | 2室1厅 | 51.31平米 | 南,https://ke-image.ljcdn.com/110000-inspection/pc1_udHeZdqR3.jpg!m_fill,w_280,h_210,f_jpg?from=ke.com
20230810,丰台,五里店,101119704996,五里店南里 正规的一居 业主诚意出售,149万,35511元/平,中楼层 (共5层) 1室1厅 | 41.96平米 | 西南,https://ke-image.ljcdn.com/110000-inspection/pc1_aSnHUael3.jpg!m_fill,w_280,h_210,f_jpg?from=ke.com
20230810,丰台,五里店,101119596036,五里店南里 可以满两年过户  中间楼层 朝向好房主自荐,204.8万,37870元/平,中楼层 (共6层) 2室1厅 | 54.08平米 | 南 东,https://ke-image.ljcdn.com/110000-inspection/pc1_bBY33Ycwn.jpg!m_fill,w_280,h_210,f_jpg?from=ke.com
20230810,丰台,五里店,101119520507,小区环境好小区后边有公园电梯房楼龄新,228万,42858元/平,底层 (共21层) | 2005年建 | 1室1厅 | 53.2平米 | 东,https://ke-image.ljcdn.com/110000-inspection/pc1_wDxfBcCMo.jpg!m_fill,w_280,h_210,f_jpg?from=ke.com
20230810,丰台,五里店,101119493280,丰卉家园 四居 满五年 精装修 复式结构 很少出的户型房主自荐,528万,61553元/平,顶层 (共6层) | 2006年建 | 4室2厅 | 85.78平米 | 东 西,https://ke-image.ljcdn.com/110000-inspection/pc1_AYoobH7ut.jpg!m_fill,w_280,h_210,f_jpg?from=ke.com
20230810,丰台,五里店,101119374430,丰卉家园 2室1厅 南 北,460万,50180元/平,低楼层 (共6层) | 2003年建 | 2室1厅 | 91.67平米 | 南 北,https://ke-image.ljcdn.com/110000-inspection/pc1_XPyCEkf07.jpg!m_fill,w_280,h_210,f_jpg?from=ke.com
20230810,丰台,五里店,101119288872,东南北户型 采光无遮挡 2居室 近地铁 南五里店45号院,222万,53276元/平,顶层 (共6层) | 1993年建 | 2室1厅 | 41.67平米 | 北 南 东,https://ke-image.ljcdn.com/110000-inspection/pc1_6UUzBCjxz.jpg!m_fill,w_280,h_210,f_jpg?from=ke.com
20230810,丰台,五里店,101119194704,丰西北里小区  低楼层 楼龄新 南北两居室房主自荐,251万,42753元/平,低楼层 (共6层) | 1995年建 | 2室1厅 | 58.71平米 | 南 北,https://ke-image.ljcdn.com/110000-inspection/pc1_eTUMaFqRK.jpg!m_fill,w_280,h_210,f_jpg?from=ke.com
20230810,丰台,五里店,101118959109,程庄路6号院 南北通透 两居室 采光充足 无遮挡,219万,40556元/平,顶层 (共6层) 2室1厅 | 54平米 | 南 北,https://ke-image.ljcdn.com/110000-inspection/pc1_CWiFez1t8_1.jpg!m_fill,w_280,h_210,f_jpg?from=ke.com
20230810,丰台,五里店,101118950893,程庄路3号院房子是满五年南向两居室楼层好。,265万,44167元/平,低楼层 (共6层) | 1990年建 | 2室1厅 | 60平米 | 南,https://ke-image.ljcdn.com/110000-inspection/239d22f9-e49b-46d5-bded-f4d27dd31d30_1000.jpg!m_fill,w_280,h_210,f_jpg?from=ke.com
20230810,丰台,五里店,101118601333,此房采光好 视野宽广 前后都无遮挡。,256万,36164元/平,顶层 (共6层) | 1990年建 | 3室1厅 | 70.79平米 | 南,https://ke-image.ljcdn.com/110000-inspection/e0992147-7168-48a9-8d7a-44cff80556bf_1000.jpg!m_fill,w_280,h_210,f_jpg?from=ke.com
20230810,丰台,五里店,101118573832,五里店南里 低楼层 南北通透3居 布局合理,325万,45557元/平,低楼层 (共6层) 3室1厅 | 71.34平米 | 南 北,https://ke-image.ljcdn.com/110000-inspection/pc1_qlFNkUGXT.jpg!m_fill,w_280,h_210,f_jpg?from=ke.com
20230810,丰台,五里店,101118530732,新兴家园 2室1厅 东 南,393万,49867元/平,低楼层 (共22层) | 2002年建 | 2室1厅 | 78.81平米 | 东 南,https://ke-image.ljcdn.com/110000-inspection/pc1_ZFQOfj2fw.jpg!m_fill,w_280,h_210,f_jpg?from=ke.com
20230810,丰台,五里店,101118450777,和风四季 2室1厅 西北,469万,47877元/平,高楼层 (共21层) | 2008年建 | 2室1厅 | 97.96平米 | 西北,https://ke-image.ljcdn.com/110000-inspection/test-f9823dd4-497b-4ed6-929a-d563183015ed.png!m_fill,w_280,h_210,f_jpg?from=ke.com
20230810,丰台,五里店,101118450175,五里店南里小区  精装修  全南户型采光好无遮挡,199万,47517元/平,高楼层 (共6层) 1室1厅 | 41.88平米 | 南,https://ke-image.ljcdn.com/110000-inspection/pc1_ih5hgsHtG.jpg!m_fill,w_280,h_210,f_jpg?from=ke.com
20230810,丰台,五里店,101118435528,南北通透3居室 全明格局 中楼层 电梯房 落地飘窗,666万,62500元/平,低楼层 (共15层) | 2005年建 | 3室1厅 | 106.56平米 | 南 北,https://ke-image.ljcdn.com/110000-inspection/pc1_oIMdDp1ax_1.jpg!m_fill,w_280,h_210,f_jpg?from=ke.com
20230810,丰台,五里店,101118432820,精装修 正规2居室 有独立客厅 近地铁公交成熟社区,240万,43150元/平,高楼层 (共6层) | 1995年建 | 2室1厅 | 55.62平米 | 东 西,https://ke-image.ljcdn.com/110000-inspection/pc1_JffYlJpq4.jpg!m_fill,w_280,h_210,f_jpg?from=ke.com
20230810,丰台,五里店,101118411470,五里店南里南北两居室采光好户型好,223万,39428元/平,顶层 (共6层) 2室1厅 | 56.56平米 | 北 南,https://ke-image.ljcdn.com/110000-inspection/pc1_WC941vKwd.jpg!m_fill,w_280,h_210,f_jpg?from=ke.com
20230810,丰台,五里店,101118367064,南北通透低楼层采光充足 全明格局。,249万,40620元/平,低楼层 (共6层) | 2000年建 | 2室1厅 | 61.3平米 | 南 北,https://ke-image.ljcdn.com/110000-inspection/pc1_dMZ2br3dj.jpg!m_fill,w_280,h_210,f_jpg?from=ke.com
20230810,丰台,五里店,101118365912,程庄路3号院 1室1厅 东,198万,53659元/平,低楼层 (共6层) | 1990年建 | 1室1厅 | 36.9平米 | 东,https://ke-image.ljcdn.com/110000-inspection/pc1_QLT9UJ0o9.jpg!m_fill,w_280,h_210,f_jpg?from=ke.com
20230810,丰台,五里店,101118351264,和风四季 2室1厅 西北,458万,46754元/平,低楼层 (共21层) | 2008年建 | 2室1厅 | 97.96平米 | 西北,https://ke-image.ljcdn.com/110000-inspection/pc1_zB5KPv0ZJ.jpg!m_fill,w_280,h_210,f_jpg?from=ke.com
20230810,丰台,五里店,101118349625,五里店南里 南北通透户型方正视野好采光无遮挡,283万,39094元/平,中楼层 (共6层) 3室1厅 | 72.39平米 | 南 北,https://ke-image.ljcdn.com/110000-inspection/pc1_IYdukMhKa.jpg!m_fill,w_280,h_210,f_jpg?from=ke.com
20230810,丰台,五里店,101118287263,新兴家园精装两居室采光好。,380万,52852元/平,高楼层 (共22层) | 1998年建 | 2室1厅 | 71.9平米 | 西,https://ke-image.ljcdn.com/110000-inspection/pc1_tru84lC93.jpg!m_fill,w_280,h_210,f_jpg?from=ke.com
20230810,丰台,五里店,101118281410,商品房性质中间楼层朝向好采光充足。,246万,46884元/平,中楼层 (共21层) | 2005年建 | 1室1厅 | 52.47平米 | 东,https://ke-image.ljcdn.com/110000-inspection/pc1_2QLR1sWPr_1.jpg!m_fill,w_280,h_210,f_jpg?from=ke.com
20230810,丰台,五里店,101118188343,五里店南里两居满五年唯一 南北通透 低楼层 诚心出售,248万,45231元/平,底层 (共6层) 2室1厅 | 54.83平米 | 南 北,https://ke-image.ljcdn.com/110000-inspection/pc1_6gf3KT1Sn.jpg!m_fill,w_280,h_210,f_jpg?from=ke.com
20230810,丰台,五里店,101118114646,丰西北里 2室1厅 南 北,205万,37907元/平,顶层 (共6层) 2室1厅 | 54.08平米 | 南 北,https://ke-image.ljcdn.com/110000-inspection/pc1_vZyrfBBwa_1.jpg!m_fill,w_280,h_210,f_jpg?from=ke.com
20230810,丰台,五里店,101118097996,满五唯一的商品房中间楼层全明格局采光充足房主自荐,278万,42547元/平,中楼层 (共6层) | 1993年建 | 3室1厅 | 65.34平米 | 东 西,https://ke-image.ljcdn.com/110000-inspection/pc1_mBCEpN0sd_1.jpg!m_fill,w_280,h_210,f_jpg?from=ke.com
20230810,丰台,五里店,101118084498,满五年唯一商品房视野开阔看房方便诚心出售,455万,46448元/平,中楼层 (共21层) | 2007年建 | 2室1厅 | 97.96平米 | 西北,https://ke-image.ljcdn.com/110000-inspection/pc1_javNTKTgd.jpg!m_fill,w_280,h_210,f_jpg?from=ke.com
20230810,丰台,五里店,101118067594,彩虹家园正规两居室。户型方正。,345万,53789元/平,顶层 (共13层) 2室1厅 | 64.14平米 | 西,https://ke-image.ljcdn.com/110000-inspection/pc1_GfoNhJYrN_1.jpg!m_fill,w_280,h_210,f_jpg?from=ke.com
20230810,丰台,五里店,101118054740,带正规客厅两居南北通透无遮挡采光好诚心出售,259万,46375元/平,高楼层 (共6层) | 1996年建 | 2室1厅 | 55.85平米 | 南 北,https://ke-image.ljcdn.com/110000-inspection/pc1_UzTorUejE.jpg!m_fill,w_280,h_210,f_jpg?from=ke.com
20230810,丰台,五里店,101118053942,五里店南里 低楼层  拎包入住房主自荐,226万,40271元/平,低楼层 (共6层) | 1990年建 | 2室1厅 | 56.12平米 | 东 西,https://ke-image.ljcdn.com/110000-inspection/pc1_bkVEMKorw.jpg!m_fill,w_280,h_210,f_jpg?from=ke.com
20230810,丰台,五里店,101118051097,和光里小区正规一居室布局合理房主自荐,283万,50491元/平,低楼层 (共16层) | 2006年建 | 1室1厅 | 56.05平米 | 北,https://ke-image.ljcdn.com/110000-inspection/pc1_6MzxIOHsH_1.jpg!m_fill,w_280,h_210,f_jpg?from=ke.com
20230810,丰台,五里店,101118050324,程庄路3号院 有电梯南向小两居业主诚售价格能谈,229万,42566元/平,顶层 (共6层) | 1980年建 | 2室1厅 | 53.8平米 | 南,https://ke-image.ljcdn.com/110000-inspection/pc1_cRF1qY05J.jpg!m_fill,w_280,h_210,f_jpg?from=ke.com
20230810,丰台,五里店,101118047777,丰西北里   满五唯一  一居室   视野好,151万,38055元/平,顶层 (共6层) | 1995年建 | 1室1厅 | 39.68平米 | 东,https://ke-image.ljcdn.com/110000-inspection/5cff33a0-bd6c-4a1e-b572-4409c79498f6_1000.jpg!m_fill,w_280,h_210,f_jpg?from=ke.com
20230810,丰台,五里店,101118047085,程庄路3号院 南北通透 精装修 有电梯房主自荐,308万,50826元/平,顶层 (共6层) | 1980年建 | 2室1厅 | 60.6平米 | 南 北,https://ke-image.ljcdn.com/110000-inspection/pc1_TYtPoMAap_1.jpg!m_fill,w_280,h_210,f_jpg?from=ke.com
20230810,丰台,五里店,101118015623,五里店南里小区 正规一居 南北通透 业主诚售,170万,40114元/平,顶层 (共6层) 1室1厅 | 42.38平米 | 南 北,https://ke-image.ljcdn.com/110000-inspection/pc1_iW316PuI7.jpg!m_fill,w_280,h_210,f_jpg?from=ke.com
20230810,丰台,五里店,101117967617,店长推荐 新兴家园 西向 两居室 看房方便,352万,48957元/平,中楼层 (共22层) | 1998年建 | 2室1厅 | 71.9平米 | 西,https://ke-image.ljcdn.com/110000-inspection/pc1_TcujaVVqa_1.jpg!m_fill,w_280,h_210,f_jpg?from=ke.com
20230810,丰台,五里店,101117903639,楼层好总价合适看房方便交通便利,158万,35174元/平,中楼层 (共6层) | 1990年建 | 1室1厅 | 44.92平米 | 西南,https://ke-image.ljcdn.com/110000-inspection/pc1_738ergNht.jpg!m_fill,w_280,h_210,f_jpg?from=ke.com
20230810,丰台,五里店,101117900335,五里店南里满五唯一非顶层。,220万,40992元/平,高楼层 (共6层) 2室1厅 | 53.67平米 | 南 北,https://ke-image.ljcdn.com/110000-inspection/pc1_rFDI0h7fH.jpg!m_fill,w_280,h_210,f_jpg?from=ke.com
20230810,丰台,五里店,101117633979,程庄路3号院 2室1厅 南,243万,40704元/平,高楼层 (共6层) | 1990年建 | 2室1厅 | 59.7平米 | 南,https://ke-image.ljcdn.com/110000-inspection/pc1_wiRlJrY1i.jpg!m_fill,w_280,h_210,f_jpg?from=ke.com
20230810,丰台,五里店,101116910716,丰西北里 南北通透 采光好 没有遮挡 业主诚心出售,210万,39092元/平,高楼层 (共6层) 2室1厅 | 53.72平米 | 南 北,https://ke-image.ljcdn.com/110000-inspection/pc1_04awlnMvA.jpg!m_fill,w_280,h_210,f_jpg?from=ke.com
20230810,丰台,五里店,101114456495,房本满五年唯一首套客户1%契税二套客户3%契税。,237万,37878元/平,顶层 (共6层) 2室1厅 | 62.57平米 | 南 北,https://ke-image.ljcdn.com/110000-inspection/pc1_wnR94zXJx_1.jpg!m_fill,w_280,h_210,f_jpg?from=ke.com
20230810,丰台,五里店,101120497877,和光里 2室1厅 南新上,536万,56558元/平,低楼层 (共16层) 2室1厅 | 94.77平米 | 南,https://s1.ljcdn.com/pegasus/redskull/images/common/default_house_list.png?_v=20230809162934892
20230810,丰台,五里店,101120497204,程庄路68号院 2室1厅 南 北新上,255万,42212元/平,中楼层 (共6层) | 1995年建 | 2室1厅 | 60.41平米 | 南 北,https://s1.ljcdn.com/pegasus/redskull/images/common/default_house_list.png?_v=20230809162934892
20230810,丰台,五里店,101120487274,五里店南里 2室1厅 南新上,210万,40928元/平,中楼层 (共6层) 2室1厅 | 51.31平米 | 南,https://s1.ljcdn.com/pegasus/redskull/images/common/default_house_list.png?_v=20230809162934892
20230810,丰台,五里店,101120309230,和光里精装修布局合理正规一居室。房主自荐,270万,49343元/平,中楼层 (共15层) | 2005年建 | 1室1厅 | 54.72平米 | 北,https://s1.ljcdn.com/pegasus/redskull/images/common/default_house_list.png?_v=20230809162934892
20230810,丰台,五里店,101119977628,新兴家园电梯房2室1厅高楼层采光好。,345万,47984元/平,顶层 (共22层) | 1998年建 | 2室1厅 | 71.9平米 | 西,https://s1.ljcdn.com/pegasus/redskull/images/common/default_house_list.png?_v=20230809162934892
20230810,丰台,五里店,101119905487,丰西北里甲7号院 满五唯一精装修两居室,265万,37557元/平,顶层 (共6层) | 1998年建 | 2室1厅 | 70.56平米 | 南 北,https://s1.ljcdn.com/pegasus/redskull/images/common/default_house_list.png?_v=20230809162934892
20230810,丰台,五里店,101119578538,丰卉家园满五年唯一南向2居室低楼层户型好。,550万,61405元/平,底层 (共7层) | 2006年建 | 2室1厅 | 89.57平米 | 南 北,https://s1.ljcdn.com/pegasus/redskull/images/common/default_house_list.png?_v=20230809162934892
20230810,丰台,五里店,101119442367,丰卉家园 1室1厅 南 北 东,278万,54276元/平,中楼层 (共7层) | 2006年建 | 1室1厅 | 51.22平米 | 南 北 东,https://s1.ljcdn.com/pegasus/redskull/images/common/default_house_list.png?_v=20230809162934892
