20230705,石景山,古城,101119950520,中海长安雅苑*必看好房,457万,60554元/平,高楼层 (共20层) | 2017年建 | 2室1厅 | 75.47平米 | 南,https://ke-image.ljcdn.com/110000-inspection/pc1_zMdziVqmO_1.jpg!m_fill,w_280,h_210,f_jpg?from=ke.com
20230705,石景山,古城,101119797726,中海长安雅苑*必看好房,494万,61890元/平,中楼层 (共20层) | 2017年建 | 2室1厅 | 79.82平米 | 南 北,https://ke-image.ljcdn.com/110000-inspection/pc1_hgdbFs42z_1.jpg!m_fill,w_280,h_210,f_jpg?from=ke.com
20230705,石景山,古城,101119787263,中海长安雅苑南北二居室户型好采光佳必看好房,492万,61965元/平,低楼层 (共13层) | 2017年建 | 2室1厅 | 79.4平米 | 南 北,https://ke-image.ljcdn.com/110000-inspection/pc1_U6Ijf87QZ.jpg!m_fill,w_280,h_210,f_jpg?from=ke.com
20230705,石景山,古城,101119776226,古城南里 1室1厅 南必看好房,239万,50074元/平,中楼层 (共16层) | 1984年建 | 1室1厅 | 47.73平米 | 南,https://ke-image.ljcdn.com/110000-inspection/pc1_RAzkwWx8H_1.jpg!m_fill,w_280,h_210,f_jpg?from=ke.com
20230705,石景山,古城,101119764711,古城路两居室明厨明卫通透两居室诚心出售必看好房,209万,37116元/平,中楼层 (共6层) | 1986年建 | 2室1厅 | 56.31平米 | 东 西,https://ke-image.ljcdn.com/110000-inspection/71ea4f60-0d36-4589-8749-6ae29f3fd430_1000.jpg!m_fill,w_280,h_210,f_jpg?from=ke.com
20230705,石景山,古城,101119736978,十万坪 2室1厅 东必看好房,188万,38438元/平,中楼层 (共5层) 2室1厅 | 48.91平米 | 东,https://ke-image.ljcdn.com/110000-inspection/bba603bd-5d3a-41e9-a442-349ba1af70f9_1000.jpg!m_fill,w_280,h_210,f_jpg?from=ke.com
20230705,石景山,古城,101119703637,栌韵苑 3室2厅 南 北必看好房,630万,62021元/平,高楼层 (共28层) | 2019年建 | 3室2厅 | 101.58平米 | 南 北,https://ke-image.ljcdn.com/110000-inspection/e6a0de59-eb04-4689-8f6f-25808197d23b_1000.jpg!m_fill,w_280,h_210,f_jpg?from=ke.com
20230705,石景山,古城,101119673878,栌韵苑南北通透全明格局精装修有房本无抵押必看好房,450万,59188元/平,低楼层 (共25层) | 2019年建 | 2室1厅 | 76.03平米 | 北 南,https://ke-image.ljcdn.com/110000-inspection/82351833-cd0a-4a17-87cb-f6216e804563_1000.jpg!m_fill,w_280,h_210,f_jpg?from=ke.com
20230705,石景山,古城,101119652862,古城路小三居 户型方正 精装修 拎包入住房主自荐,279万,45828元/平,顶层 (共6层) | 1980年建 | 3室1厅 | 60.88平米 | 南 北,https://ke-image.ljcdn.com/110000-inspection/fb7a1824-e0b7-43f8-9269-285be189a202_1000.jpg!m_fill,w_280,h_210,f_jpg?from=ke.com
20230705,石景山,古城,101119650242,中海长安雅苑*必看好房,325万,54312元/平,中楼层 (共22层) 1室1厅 | 59.84平米 | 南,https://ke-image.ljcdn.com/110000-inspection/697f8866-04a3-4c40-a22e-0162a02c2254_1000.jpg!m_fill,w_280,h_210,f_jpg?from=ke.com
20230705,石景山,古城,101119631171,十万坪 2室1厅 南 北,208万,44626元/平,中楼层 (共5层) 2室1厅 | 46.61平米 | 南 北,https://ke-image.ljcdn.com/110000-inspection/e307d147-0a37-4167-9cd6-bfb2d9f4548d_1000.jpg!m_fill,w_280,h_210,f_jpg?from=ke.com
20230705,石景山,古城,101119629678,*古城副食楼*,229万,39682元/平,中楼层 (共6层) | 1993年建 | 2室1厅 | 57.71平米 | 北 南,https://ke-image.ljcdn.com/110000-inspection/de18d877-84ee-4a3f-a107-6f83c63947e3_1000.jpg!m_fill,w_280,h_210,f_jpg?from=ke.com
20230705,石景山,古城,101119624185,中海长安雅苑 中海物业 满五唯一 随时可看 高层采光好,467万,61879元/平,高楼层 (共13层) | 2017年建 | 2室1厅 | 75.47平米 | 南,https://ke-image.ljcdn.com/110000-inspection/pc1_zcY4LBbnu_1.jpg!m_fill,w_280,h_210,f_jpg?from=ke.com
20230705,石景山,古城,101119622905,十万坪 南北三居室 低楼层 满五唯一必看好房,262万,44079元/平,底层 (共5层) | 1979年建 | 3室1厅 | 59.44平米 | 南 北,https://ke-image.ljcdn.com/110000-inspection/pc1_ZICCaqQtZ.jpg!m_fill,w_280,h_210,f_jpg?from=ke.com
20230705,石景山,古城,101119515087,古城南路 2室1厅 南 北,195万,44900元/平,顶层 (共5层) | 1971年建 | 2室1厅 | 43.43平米 | 南 北,https://ke-image.ljcdn.com/110000-inspection/d353e134-bafb-4c1d-b7ac-ff70540ce8a2_1000.jpg!m_fill,w_280,h_210,f_jpg?from=ke.com
20230705,石景山,古城,101119434508,古城特钢楼 *  *  *必看好房,241万,43843元/平,中楼层 (共6层) | 1981年建 | 2室1厅 | 54.97平米 | 南 北,https://ke-image.ljcdn.com/110000-inspection/pc1_BiTX2uZHX_1.jpg!m_fill,w_280,h_210,f_jpg?from=ke.com
20230705,石景山,古城,101119396518,古城北路 2室1厅 南,223万,44494元/平,中楼层 (共5层) | 1983年建 | 2室1厅 | 50.12平米 | 南,https://ke-image.ljcdn.com/110000-inspection/c78a8048-fcec-4127-aa09-39ebc60c2b4a_1000.jpg!m_fill,w_280,h_210,f_jpg?from=ke.com
20230705,石景山,古城,101119391821,古城路小区 3室1厅 南 北必看好房,242万,40789元/平,中楼层 (共6层) | 1980年建 | 3室1厅 | 59.33平米 | 南 北,https://ke-image.ljcdn.com/110000-inspection/pc1_tVHVLEbYx.jpg!m_fill,w_280,h_210,f_jpg?from=ke.com
20230705,石景山,古城,101119390620,栌韵苑 2室1厅 南 北必看好房,379万,56140元/平,中楼层 (共28层) | 2019年建 | 2室1厅 | 67.51平米 | 南 北,https://ke-image.ljcdn.com/110000-inspection/b3cd36e9-d97d-47c1-9ede-8e0bd36e74b1_1000.jpg!m_fill,w_280,h_210,f_jpg?from=ke.com
20230705,石景山,古城,101119366630,店长推荐明厨明卫无遮挡采光好交通方便,172万,42375元/平,底层 (共5层) | 1974年建 | 2室1厅 | 40.59平米 | 东,https://ke-image.ljcdn.com/110000-inspection/b4712f7e-324d-41cf-a015-296593fa3402_1000.jpg!m_fill,w_280,h_210,f_jpg?from=ke.com
20230705,石景山,古城,101119342684,古城西路  中间楼层  随时可看  楼龄新必看好房,236万,43664元/平,中楼层 (共6层) | 1989年建 | 2室1厅 | 54.05平米 | 南 北,https://ke-image.ljcdn.com/110000-inspection/f96a75ac-4ff4-44bc-93e0-0ac3b20724fc_1000.jpg!m_fill,w_280,h_210,f_jpg?from=ke.com
20230705,石景山,古城,101119290342,新上古城地铁口 古城南里南北精装两居室必看好房,299万,49340元/平,中楼层 (共11层) | 1984年建 | 2室1厅 | 60.6平米 | 南 北,https://ke-image.ljcdn.com/110000-inspection/51cab8dc-ddd8-46e9-a8f7-e8ceea6eae12_1000.jpg!m_fill,w_280,h_210,f_jpg?from=ke.com
20230705,石景山,古城,101119248637,中海金玺公馆*必看好房,479万,66565元/平,中楼层 (共20层) | 2017年建 | 2室1厅 | 71.96平米 | 南,https://ke-image.ljcdn.com/110000-inspection/34938af9-974d-427a-a1c0-b05fd4104b7e_1000.jpg!m_fill,w_280,h_210,f_jpg?from=ke.com
20230705,石景山,古城,101119245264,古城路小区 2室1厅 南 北必看好房,268万,42513元/平,高楼层 (共6层) | 1998年建 | 2室1厅 | 63.04平米 | 南 北,https://ke-image.ljcdn.com/110000-inspection/be87a1f1-6a28-4da8-b5b8-5bcfcf7364ef_1000.jpg!m_fill,w_280,h_210,f_jpg?from=ke.com
20230705,石景山,古城,101119192046,长安街首排  距离地铁站385米 电梯中间层 满五年唯一房主自荐,438万,42900元/平,中楼层 (共28层) | 2000年建 | 2室1厅 | 102.1平米 | 东南 西南,https://ke-image.ljcdn.com/110000-inspection/b158025b-7ada-4711-99a6-caccf9c314d4_1000.jpg!m_fill,w_280,h_210,f_jpg?from=ke.com
20230705,石景山,古城,101119182202,中海熙山府交通便利精装修小三居必看好房,728万,75992元/平,低楼层 (共26层) | 2021年建 | 3室1厅 | 95.8平米 | 南,https://ke-image.ljcdn.com/110000-inspection/39acfb67-567b-43cc-8f14-a4d9aa06c628_1000.jpg!m_fill,w_280,h_210,f_jpg?from=ke.com
20230705,石景山,古城,101119119238,此房满五年唯一商品房南北通透格局交通便利。必看好房,209万,36216元/平,顶层 (共6层) | 1993年建 | 2室1厅 | 57.71平米 | 南 北,https://ke-image.ljcdn.com/110000-inspection/pc1_jEWgRyir3_1.jpg!m_fill,w_280,h_210,f_jpg?from=ke.com
20230705,石景山,古城,101119099645,*长安家园*必看好房,405万,43483元/平,低楼层 (共28层) | 2000年建 | 2室1厅 | 93.14平米 | 南 西,https://ke-image.ljcdn.com/110000-inspection/f70ea2e7-9eb4-4032-ab19-469cb1419e3d_1000.jpg!m_fill,w_280,h_210,f_jpg?from=ke.com
20230705,石景山,古城,101119085645,古城南路 古城地铁500米 全明格局 中间层 满五年必看好房,205万,47203元/平,中楼层 (共5层) 2室1厅 | 43.43平米 | 南 北,https://ke-image.ljcdn.com/110000-inspection/7494d816-609e-4124-ab43-08e34970cfcd_1000.jpg!m_fill,w_280,h_210,f_jpg?from=ke.com
20230705,石景山,古城,101119073559,中海金玺公馆南北三居室户型好采光佳,874万,77960元/平,低楼层 (共20层) | 2017年建 | 3室2厅 | 112.11平米 | 南 北,https://ke-image.ljcdn.com/110000-inspection/pc1_E3mMPzE4c_1.jpg!m_fill,w_280,h_210,f_jpg?from=ke.com
20230705,石景山,古城,101119002516,古城北路*必看好房,315万,41706元/平,底层 (共6层) | 1996年建 | 2室1厅 | 75.53平米 | 东 西,https://ke-image.ljcdn.com/110000-inspection/043d7eaa-633f-4d60-92c2-1ed20a294033_1000.jpg!m_fill,w_280,h_210,f_jpg?from=ke.com
20230705,石景山,古城,101118988832,古城北路*必看好房,205万,39822元/平,顶层 (共6层) | 1977年建 | 3室1厅 | 51.48平米 | 南 北,https://ke-image.ljcdn.com/110000-inspection/62ffbac4-cb4c-4461-8e27-59d06b9465df_1000.jpg!m_fill,w_280,h_210,f_jpg?from=ke.com
20230705,石景山,古城,101118914497,中海长安雅苑*,467万,61879元/平,高楼层 (共13层) | 2017年建 | 2室1厅 | 75.47平米 | 南,https://ke-image.ljcdn.com/110000-inspection/pc1_zb5iL3dOe.jpg!m_fill,w_280,h_210,f_jpg?from=ke.com
20230705,石景山,古城,101118817753,中海寰宇天下御山府*必看好房,778万,75940元/平,高楼层 (共26层) 3室2厅 | 102.45平米 | 南,https://ke-image.ljcdn.com/110000-inspection/pc1_WhICQxUZl_1.jpg!m_fill,w_280,h_210,f_jpg?from=ke.com
20230705,石景山,古城,101118789683,古城北路社区 南北向两居室 低楼层必看好房,255万,43294元/平,中楼层 (共5层) | 1983年建 | 2室1厅 | 58.9平米 | 南 北,https://ke-image.ljcdn.com/110000-inspection/75fcd3fb-f727-4f07-9bdb-4b63468c928d_1000.jpg!m_fill,w_280,h_210,f_jpg?from=ke.com
20230705,石景山,古城,101118766135,古城西路小区 看房方便诚心卖,238万,38794元/平,中楼层 (共6层) | 1989年建 | 2室1厅 | 61.35平米 | 东 西,https://ke-image.ljcdn.com/110000-inspection/pc1_Ke3TMlShz_1.jpg!m_fill,w_280,h_210,f_jpg?from=ke.com
20230705,石景山,古城,101118729990,中海寰宇天下熙山府 4室2厅 南 北,1106万,74239元/平,低楼层 (共26层) | 2021年建 | 4室2厅 | 148.98平米 | 南 北,https://ke-image.ljcdn.com/110000-inspection/pc1_cHVgzScZa_1.jpg!m_fill,w_280,h_210,f_jpg?from=ke.com
20230705,石景山,古城,101118677283,中海寰宇天下熙山府 3室2厅 南必看好房,769万,75275元/平,中楼层 (共18层) | 2021年建 | 3室2厅 | 102.16平米 | 南,https://ke-image.ljcdn.com/110000-inspection/pc1_xKexbRcEv_1.jpg!m_fill,w_280,h_210,f_jpg?from=ke.com
20230705,石景山,古城,101118622837,中海寰宇天下御山府 2室1厅 南,605万,73369元/平,低楼层 (共26层) | 2021年建 | 2室1厅 | 82.46平米 | 南,https://ke-image.ljcdn.com/110000-inspection/pc1_Rz0QhduhW_1.jpg!m_fill,w_280,h_210,f_jpg?from=ke.com
20230705,石景山,古城,101118349338,古城南里  南北两居室  满五年  电梯房  近地铁,299万,49340元/平,高楼层 (共11层) | 1984年建 | 2室1厅 | 60.6平米 | 南 北,https://ke-image.ljcdn.com/110000-inspection/dd6a444a-5668-42f6-bcee-674efe9a30fe_1000.jpg!m_fill,w_280,h_210,f_jpg?from=ke.com
20230705,石景山,古城,101118275440,古城路小区 南向 一居室  近地铁  采光好必看好房,138万,51861元/平,中楼层 (共4层) 1室1厅 | 26.61平米 | 南,https://ke-image.ljcdn.com/110000-inspection/pc1_qOwob8b8U.jpg!m_fill,w_280,h_210,f_jpg?from=ke.com
20230705,石景山,古城,101118264566,首钢十万坪居民区 房子南北通透 低楼层 出入方便,209万,44841元/平,底层 (共5层) 2室1厅 | 46.61平米 | 南 北,https://ke-image.ljcdn.com/110000-inspection/pc1_uharjiN0s_1.jpg!m_fill,w_280,h_210,f_jpg?from=ke.com
20230705,石景山,古城,101118192427,古城西路小区*必看好房,309万,49071元/平,高楼层 (共16层) | 1986年建 | 2室1厅 | 62.97平米 | 东南,https://ke-image.ljcdn.com/110000-inspection/pc1_ZHYzT8Wb1.jpg!m_fill,w_280,h_210,f_jpg?from=ke.com
20230705,石景山,古城,101117830706,中海长安雅苑*必看好房,320万,53476元/平,顶层 (共22层) 1室1厅 | 59.84平米 | 南,https://ke-image.ljcdn.com/110000-inspection/pc1_PBSmGkusc.jpg!m_fill,w_280,h_210,f_jpg?from=ke.com
20230705,石景山,古城,101117705211,古城北路 * * *必看好房,319万,48246元/平,底层 (共6层) | 2004年建 | 2室1厅 | 66.12平米 | 南,https://ke-image.ljcdn.com/110000-inspection/pc1_8W2dYV374.jpg!m_fill,w_280,h_210,f_jpg?from=ke.com
20230705,石景山,古城,101117588732,中海寰宇天下景山府 2室1厅 南必看好房,575万,75948元/平,低楼层 (共26层) | 2020年建 | 2室1厅 | 75.71平米 | 南,https://ke-image.ljcdn.com/110000-inspection/61d2d429-e661-4e20-9b65-c3e2a44f323c_1000.jpg!m_fill,w_280,h_210,f_jpg?from=ke.com
20230705,石景山,古城,101117089387,樱花苑 2室2厅 南 北必看好房,569万,64128元/平,高楼层 (共28层) | 2019年建 | 2室2厅 | 88.73平米 | 南 北,https://ke-image.ljcdn.com/110000-inspection/pc1_WtzaUcJSt.jpg!m_fill,w_280,h_210,f_jpg?from=ke.com
20230705,石景山,古城,101117024514,古城南里 * * * *房主自荐,269万,48286元/平,中楼层 (共14层) | 1984年建 | 2室1厅 | 55.71平米 | 南,https://ke-image.ljcdn.com/110000-inspection/pc1_192wis99h.jpg!m_fill,w_280,h_210,f_jpg?from=ke.com
20230705,石景山,古城,101116906425,古城南里 3室0厅 西北必看好房,268万,42212元/平,底层 (共16层) | 1984年建 | 3室0厅 | 63.49平米 | 西北,https://ke-image.ljcdn.com/110000-inspection/pc1_NZu4lgg1f.jpg!m_fill,w_280,h_210,f_jpg?from=ke.com
20230705,石景山,古城,101116699971,中海寰宇天下御山府*必看好房,627万,75991元/平,低楼层 (共24层) 2室1厅 | 82.51平米 | 南,https://ke-image.ljcdn.com/110000-inspection/pc1_gW0sbEXSo.jpg!m_fill,w_280,h_210,f_jpg?from=ke.com
20230705,石景山,古城,101115916137,古城南里 * *必看好房,333万,42174元/平,顶层 (共16层) | 1984年建 | 3室1厅 | 78.96平米 | 西 北,https://ke-image.ljcdn.com/110000-inspection/pc1_WC0IHIPF6_1.jpg!m_fill,w_280,h_210,f_jpg?from=ke.com
20230705,石景山,古城,101119794780,古城南路 2室1厅 南必看好房,202万,49173元/平,中楼层 (共5层) | 1975年建 | 2室1厅 | 41.08平米 | 南,https://ke-image.ljcdn.com/110000-inspection/pc1_PU199cvTd.jpg!m_fill,w_280,h_210,f_jpg?from=ke.com
20230705,石景山,古城,101119742749,中海金石公馆 2014年人车分流小区必看好房,668万,77901元/平,中楼层 (共18层) | 2014年建 | 2室1厅 | 85.75平米 | 南,https://ke-image.ljcdn.com/110000-inspection/58290263-b2f1-414a-9ad0-c907f187f7df_1000.jpg!m_fill,w_280,h_210,f_jpg?from=ke.com
20230705,石景山,古城,101119570935,经理推荐古城南路中间层两居室满五年唯一纯商品房必看好房,272万,50278元/平,中楼层 (共5层) | 1980年建 | 2室1厅 | 54.1平米 | 南 北,https://ke-image.ljcdn.com/110000-inspection/pc1_5LUtjYFfK_1.jpg!m_fill,w_280,h_210,f_jpg?from=ke.com
20230705,石景山,古城,101119565129,* 古城南里* *必看好房,223万,49822元/平,中楼层 (共16层) | 1983年建 | 1室1厅 | 44.76平米 | 北,https://ke-image.ljcdn.com/110000-inspection/36132b7c-b088-4d8c-bcf2-61e95953a3c5_1000.jpg!m_fill,w_280,h_210,f_jpg?from=ke.com
20230705,石景山,古城,101119247080,宏鑫家园南向精装修一居室 距离地铁200米必看好房,455万,66912元/平,中楼层 (共14层) | 2005年建 | 1室2厅 | 68平米 | 南,https://ke-image.ljcdn.com/110000-inspection/pc1_NDcAOVOHQ_1.jpg!m_fill,w_280,h_210,f_jpg?from=ke.com
20230705,石景山,古城,101119223584,*中海金玺公馆*必看好房,626万,69945元/平,高楼层 (共20层) | 2017年建 | 2室1厅 | 89.5平米 | 南,https://ke-image.ljcdn.com/110000-inspection/pc1_StlzyTCvh_1.jpg!m_fill,w_280,h_210,f_jpg?from=ke.com
20230705,石景山,古城,101118982964,中海寰宇天下熙山府 4室2厅 南 北,1160万,77863元/平,高楼层 (共26层) | 2021年建 | 4室2厅 | 148.98平米 | 南 北,https://ke-image.ljcdn.com/110000-inspection/f5b7afbb-aed9-49c3-8b2d-50c90efa021c_1000.jpg!m_fill,w_280,h_210,f_jpg?from=ke.com
20230705,石景山,古城,101118279682,店长推荐  长安街南侧 复式住宅 顶部一览西部美景房主自荐,670万,42360元/平,高楼层 (共28层) | 2000年建 | 3室2厅 | 158.17平米 | 东南 西南,https://ke-image.ljcdn.com/110000-inspection/pc1_59hPN0hBe_1.jpg!m_fill,w_280,h_210,f_jpg?from=ke.com
20230705,石景山,古城,101118196489,新上 古城路南北两居室 有钥匙必看好房,187万,38878元/平,顶层 (共5层) | 1976年建 | 2室0厅 | 48.1平米 | 北 南,https://ke-image.ljcdn.com/110000-inspection/pc1_Is8a2BKIZ_1.jpg!m_fill,w_280,h_210,f_jpg?from=ke.com
20230705,石景山,古城,101119969663,古城西路 2室1厅 东 西新上,235万,47029元/平,顶层 (共6层) | 1984年建 | 2室1厅 | 49.97平米 | 东 西,https://ke-image.ljcdn.com/110000-inspection/pc1_NNE1D54d3.jpg!m_fill,w_280,h_210,f_jpg?from=ke.com
20230705,石景山,古城,101119956859,古城北路 2室1厅 东 西新上,255万,41667元/平,顶层 (共6层) | 1993年建 | 2室1厅 | 61.2平米 | 东 西,https://ke-image.ljcdn.com/110000-inspection/1ffbb64e-172e-4d0d-8300-679ab710fc64_1000.jpg!m_fill,w_280,h_210,f_jpg?from=ke.com
20230705,石景山,古城,101119948965,古城南里 * * *新上,264万,50267元/平,底层 (共14层) | 1984年建 | 2室1厅 | 52.52平米 | 南,https://ke-image.ljcdn.com/110000-inspection/pc1_B0MvPXant_1.jpg!m_fill,w_280,h_210,f_jpg?from=ke.com
20230705,石景山,古城,101119874371,中海长安雅苑*,463万,61349元/平,低楼层 (共20层) | 2017年建 | 2室1厅 | 75.47平米 | 南,https://ke-image.ljcdn.com/110000-inspection/ffc75ef3-f7c8-418c-b2ce-8288d68c8018_1000.jpg!m_fill,w_280,h_210,f_jpg?from=ke.com
20230705,石景山,古城,101119862561,古城南里 * * *,220万,54108元/平,中楼层 (共14层) | 1984年建 | 1室1厅 | 40.66平米 | 南,https://ke-image.ljcdn.com/110000-inspection/3814efd3-e1ba-456d-bd08-787daaef802c_1000.jpg!m_fill,w_280,h_210,f_jpg?from=ke.com
20230705,石景山,古城,101119808650,古城南路 三居室 明厨明卫 地铁一号线古城站367米,279万,47209元/平,中楼层 (共5层) | 1975年建 | 3室1厅 | 59.1平米 | 东南 北,https://ke-image.ljcdn.com/110000-inspection/pc1_Jvjr06zNG.jpg!m_fill,w_280,h_210,f_jpg?from=ke.com
20230705,石景山,古城,101119762053,古城南路 朝东两居室 1975年楼龄,200万,45106元/平,顶层 (共5层) | 1975年建 | 2室1厅 | 44.34平米 | 东,https://ke-image.ljcdn.com/110000-inspection/pc1_sHE90jGlV_1.jpg!m_fill,w_280,h_210,f_jpg?from=ke.com
20230705,石景山,古城,101119734503,中海金石公馆 2室1厅 南,660万,76968元/平,中楼层 (共18层) | 2014年建 | 2室1厅 | 85.75平米 | 南,https://ke-image.ljcdn.com/110000-inspection/07548725-32b1-48ff-905b-33af22e991bb_1000.jpg!m_fill,w_280,h_210,f_jpg?from=ke.com
20230705,石景山,古城,101119732160,古城南路 1994年钢混结构  南北两居室房主自荐,358万,54309元/平,中楼层 (共9层) | 1994年建 | 2室1厅 | 65.92平米 | 南 北,https://ke-image.ljcdn.com/110000-inspection/pc1_0h7GYJoqC_1.jpg!m_fill,w_280,h_210,f_jpg?from=ke.com
20230705,石景山,古城,101119728916,古城南路 2室0厅 南,225万,51618元/平,中楼层 (共5层) | 1973年建 | 2室0厅 | 43.59平米 | 南,https://ke-image.ljcdn.com/110000-inspection/cc31e0aa-e27f-4d6a-be60-1f0960b170e1_1000.jpg!m_fill,w_280,h_210,f_jpg?from=ke.com
20230705,石景山,古城,101119712118,古城路小区 2室1厅 南 北,220万,42504元/平,中楼层 (共6层) | 1983年建 | 2室1厅 | 51.76平米 | 南 北,https://ke-image.ljcdn.com/110000-inspection/pc1_ojWlNWrjF.jpg!m_fill,w_280,h_210,f_jpg?from=ke.com
20230705,石景山,古城,101119705367,古城南里 1室1厅 南,233万,51164元/平,中楼层 (共16层) | 1985年建 | 1室1厅 | 45.54平米 | 南,https://ke-image.ljcdn.com/110000-inspection/pc1_lhWgCT9WH.jpg!m_fill,w_280,h_210,f_jpg?from=ke.com
20230705,石景山,古城,101119694684,中海寰宇天下熙山府*,786万,76939元/平,高楼层 (共18层) | 2021年建 | 3室1厅 | 102.16平米 | 南,https://ke-image.ljcdn.com/110000-inspection/8fdf72b3-28c1-4b20-b0e2-52fa2e39cda9_1000.jpg!m_fill,w_280,h_210,f_jpg?from=ke.com
20230705,石景山,古城,101119634562,中海寰宇天下景山府中高楼层前后无挡大四居满2年,1108万,77036元/平,中楼层 (共13层) | 2020年建 | 4室2厅 | 143.83平米 | 南 北,https://ke-image.ljcdn.com/110000-inspection/pc1_v9sfI3ygY_1.jpg!m_fill,w_280,h_210,f_jpg?from=ke.com
20230705,石景山,古城,101119626106,古城南路 2室1厅 东南,370万,48209元/平,中楼层 (共9层) | 1994年建 | 2室1厅 | 76.75平米 | 东南,https://ke-image.ljcdn.com/110000-inspection/pc1_J2syX9mjG_1.jpg!m_fill,w_280,h_210,f_jpg?from=ke.com
20230705,石景山,古城,101119601289,古城路小区 一居室 低楼层  满五年   诚心出售房主自荐,148万,55619元/平,底层 (共4层) | 1958年建 | 1室0厅 | 26.61平米 | 东,https://ke-image.ljcdn.com/110000-inspection/pc1_HILXXVweC.jpg!m_fill,w_280,h_210,f_jpg?from=ke.com
20230705,石景山,古城,101119560850,中海寰宇天下景山府高楼层全南三居室,768万,75815元/平,高楼层 (共26层) | 2020年建 | 3室1厅 | 101.3平米 | 南,https://ke-image.ljcdn.com/110000-inspection/f90b915d-88a9-4a47-870f-815538a8c5c5_1000.jpg!m_fill,w_280,h_210,f_jpg?from=ke.com
20230705,石景山,古城,101119528214,古城北路南北通透两居室停车方便,265万,49084元/平,底层 (共5层) | 1983年建 | 3室1厅 | 53.99平米 | 南 北,https://ke-image.ljcdn.com/110000-inspection/99767c36-9e9e-4db4-b69a-1bdc71499382_1000.jpg!m_fill,w_280,h_210,f_jpg?from=ke.com
20230705,石景山,古城,101119463772,古城北路 低楼层 南向两居室 看房方便,220万,45843元/平,底层 (共5层) | 1983年建 | 2室1厅 | 47.99平米 | 南,https://ke-image.ljcdn.com/110000-inspection/pc1_YLIRgYXpn.jpg!m_fill,w_280,h_210,f_jpg?from=ke.com
20230705,石景山,古城,101119459587,中海寰宇天下熙山府*,1109万,74440元/平,中楼层 (共26层) | 2021年建 | 4室2厅 | 148.98平米 | 南 北,https://ke-image.ljcdn.com/110000-inspection/6d0423e1-7311-45a9-9b83-81ab19616f14_1000.jpg!m_fill,w_280,h_210,f_jpg?from=ke.com
20230705,石景山,古城,101119442406,北京锅炉厂宿舍区 *  *,306万,49862元/平,底层 (共4层) | 1958年建 | 3室1厅 | 61.37平米 | 南 北,https://ke-image.ljcdn.com/110000-inspection/pc1_k9BvHK1c4_1.jpg!m_fill,w_280,h_210,f_jpg?from=ke.com
20230705,石景山,古城,101119432235,古城路小区 2室1厅 南 北房主自荐,220万,45483元/平,低楼层 (共6层) | 1984年建 | 2室1厅 | 48.37平米 | 南 北,https://ke-image.ljcdn.com/110000-inspection/pc1_2DvGzarCA.jpg!m_fill,w_280,h_210,f_jpg?from=ke.com
20230705,石景山,古城,101119406075,中海金玺公馆花园小区精装两居管家物业人车分流房主自荐,476万,66250元/平,低楼层 (共20层) | 2017年建 | 2室1厅 | 71.85平米 | 南,https://ke-image.ljcdn.com/110000-inspection/03c911e4-0c47-440f-9558-8813d38fb213_1000.jpg!m_fill,w_280,h_210,f_jpg?from=ke.com
20230705,石景山,古城,101119397772,本房距离地铁一号线古城站770米 精装修 低楼层房主自荐,295万,49012元/平,低楼层 (共6层) | 1988年建 | 2室1厅 | 60.19平米 | 东 西,https://ke-image.ljcdn.com/110000-inspection/f86b6d4f-d257-4c96-b08f-79a493560336_1000.jpg!m_fill,w_280,h_210,f_jpg?from=ke.com
20230705,石景山,古城,101119376346,首钢古南居民区 两居室 南向无遮挡 已经改造。,206万,47259元/平,中楼层 (共5层) | 1973年建 | 2室1厅 | 43.59平米 | 南,https://ke-image.ljcdn.com/110000-inspection/pc1_RVLWNpp8U.jpg!m_fill,w_280,h_210,f_jpg?from=ke.com
20230705,石景山,古城,101119374330,十万坪南北通透精装满五年两居室,193万,41408元/平,顶层 (共6层) 2室1厅 | 46.61平米 | 南 北,https://ke-image.ljcdn.com/110000-inspection/57f1fe10-8e4c-431a-8370-02d22c47528e_1000.jpg!m_fill,w_280,h_210,f_jpg?from=ke.com
20230705,石景山,古城,101119342417,中海金玺公馆 * * * *,635万,70911元/平,低楼层 (共15层) | 2017年建 | 2室1厅 | 89.55平米 | 南,https://ke-image.ljcdn.com/110000-inspection/pc1_9QUPbOS90.jpg!m_fill,w_280,h_210,f_jpg?from=ke.com
20230705,石景山,古城,101119321990,中海金石公馆 3室2厅 南 北,963万,71456元/平,高楼层 (共18层) | 2014年建 | 3室2厅 | 134.77平米 | 南 北,https://ke-image.ljcdn.com/110000-inspection/335863e7-d03e-4206-8d9e-2a34bf35c1d3_1000.jpg!m_fill,w_280,h_210,f_jpg?from=ke.com
20230705,石景山,古城,101119277336,长安家园 东南两居室 满五年唯一,418万,44812元/平,高楼层 (共28层) | 2000年建 | 2室1厅 | 93.28平米 | 东南,https://ke-image.ljcdn.com/110000-inspection/d907660a-f7f9-400a-b7de-1b35a3e964c7_1000.jpg!m_fill,w_280,h_210,f_jpg?from=ke.com
20230705,石景山,古城,101119262233,古城西路 2室1厅 东 西房主自荐,305万,45838元/平,底层 (共6层) | 1997年建 | 2室1厅 | 66.54平米 | 东 西,https://ke-image.ljcdn.com/110000-inspection/pc1_BZNrx6X5x.jpg!m_fill,w_280,h_210,f_jpg?from=ke.com
20230705,石景山,古城,101119239276,古城路小区 * *  *  * *房主自荐,178万,46331元/平,低楼层 (共6层) | 1986年建 | 1室1厅 | 38.42平米 | 西,https://ke-image.ljcdn.com/110000-inspection/bc0e1a9f-2271-4e06-a30d-72059a740d71_1000.jpg!m_fill,w_280,h_210,f_jpg?from=ke.com
20230705,石景山,古城,101119221004,古城西路 3室1厅 东 西房主自荐,305万,48723元/平,底层 (共6层) | 1984年建 | 3室1厅 | 62.6平米 | 东 西,https://ke-image.ljcdn.com/110000-inspection/836c17f3-9e7f-4528-8dc7-fa85a80ad4c5_1000.jpg!m_fill,w_280,h_210,f_jpg?from=ke.com
20230705,石景山,古城,101119214164,古城路小区 2室1厅 东 西,202万,35873元/平,顶层 (共6层) | 1986年建 | 2室1厅 | 56.31平米 | 东 西,https://ke-image.ljcdn.com/110000-inspection/85e581f1-5618-4711-90ba-2d673b5e67e4_1000.jpg!m_fill,w_280,h_210,f_jpg?from=ke.com
20230705,石景山,古城,101119198867,古城南路 2室1厅 东,218万,43254元/平,中楼层 (共5层) 2室1厅 | 50.4平米 | 东,https://ke-image.ljcdn.com/110000-inspection/c40b6d8c-32ba-4e4a-bfcd-cbae041c59d4_1000.jpg!m_fill,w_280,h_210,f_jpg?from=ke.com
20230705,石景山,古城,101119138681,古城南路小区 南北向 明厨明卫两居,215万,49505元/平,中楼层 (共5层) | 1973年建 | 2室1厅 | 43.43平米 | 南 北,https://ke-image.ljcdn.com/110000-inspection/pc1_DXg80yeXR.jpg!m_fill,w_280,h_210,f_jpg?from=ke.com
20230705,石景山,古城,101119116779,古城北路 1室1厅 南,320万,48397元/平,高楼层 (共6层) | 2004年建 | 1室1厅 | 66.12平米 | 南,https://ke-image.ljcdn.com/110000-inspection/30067118-f3c1-4cb7-8460-55b155fdafed_1000.jpg!m_fill,w_280,h_210,f_jpg?from=ke.com
20230705,石景山,古城,101119105263,古城特钢楼 2室1厅 东 西,210万,38203元/平,顶层 (共6层) | 1981年建 | 2室1厅 | 54.97平米 | 东 西,https://ke-image.ljcdn.com/110000-inspection/a9e0a9f0-ed56-4285-a716-737705c94374_1000.jpg!m_fill,w_280,h_210,f_jpg?from=ke.com
20230705,石景山,古城,101119104080,中海长安雅苑*,430万,58953元/平,底层 (共22层) 2室1厅 | 72.94平米 | 南 北,https://ke-image.ljcdn.com/110000-inspection/ce4153ba-df0a-42f3-b1b1-a54a19b6fb96_1000.jpg!m_fill,w_280,h_210,f_jpg?from=ke.com
20230705,石景山,古城,101119102068,古城北路 南北通透精装修两居室,226万,50856元/平,中楼层 (共6层) | 1977年建 | 2室1厅 | 44.44平米 | 南 北,https://ke-image.ljcdn.com/110000-inspection/ce021f56-d2a9-4be1-b7a2-3ef85489c643_1000.jpg!m_fill,w_280,h_210,f_jpg?from=ke.com
20230705,石景山,古城,101119100395,古城南路 2室1厅 南,230万,45635元/平,底层 (共5层) 2室1厅 | 50.4平米 | 南,https://ke-image.ljcdn.com/110000-inspection/de800909-478d-43f0-823b-ce3e51980ff5_1000.jpg!m_fill,w_280,h_210,f_jpg?from=ke.com
20230705,石景山,古城,101119094941,十万坪 2室1厅 南 北,210万,38596元/平,顶层 (共5层) | 1979年建 | 2室1厅 | 54.41平米 | 南 北,https://ke-image.ljcdn.com/110000-inspection/pc1_zoC6NxHwg.jpg!m_fill,w_280,h_210,f_jpg?from=ke.com
20230705,石景山,古城,101119086609,十万坪 2室1厅 南,220万,45862元/平,中楼层 (共5层) 2室1厅 | 47.97平米 | 南,https://ke-image.ljcdn.com/110000-inspection/pc1_IgbevTDml.jpg!m_fill,w_280,h_210,f_jpg?from=ke.com
20230705,石景山,古城,101119065060,古城北路小区 南北通透三居室 户型方正看房方便,275万,46540元/平,低楼层 (共6层) | 1977年建 | 3室1厅 | 59.09平米 | 南 北,https://ke-image.ljcdn.com/110000-inspection/pc1_7aR1b697S.jpg!m_fill,w_280,h_210,f_jpg?from=ke.com
20230705,石景山,古城,101119058191,*古城南路*,265万,47070元/平,顶层 (共6层) | 1981年建 | 3室1厅 | 56.3平米 | 南 北,https://ke-image.ljcdn.com/110000-inspection/d9dc66ab-bf3c-471b-82ae-f3eb2ab1cc0f_1000.jpg!m_fill,w_280,h_210,f_jpg?from=ke.com
20230705,石景山,古城,101119004107,古城特钢楼 2室1厅 西 东,175万,37538元/平,顶层 (共5层) | 1978年建 | 2室1厅 | 46.62平米 | 西 东,https://ke-image.ljcdn.com/110000-inspection/pc1_hOUTM7Rlg_1.jpg!m_fill,w_280,h_210,f_jpg?from=ke.com
20230705,石景山,古城,101118996632,古城西路 2室1厅 南 北,342万,44578元/平,顶层 (共6层) | 2001年建 | 2室1厅 | 76.72平米 | 南 北,https://ke-image.ljcdn.com/110000-inspection/de9b0915-0f71-4330-830e-23386ce67aab_1000.jpg!m_fill,w_280,h_210,f_jpg?from=ke.com
20230705,石景山,古城,101118956828,古城西路 一层东西两室一厅 1998年楼龄,298万,43466元/平,底层 (共6层) | 1998年建 | 2室1厅 | 68.56平米 | 西 东,https://ke-image.ljcdn.com/110000-inspection/fd0f16e6-4686-4134-aeba-7cc8b9685062_1000.jpg!m_fill,w_280,h_210,f_jpg?from=ke.com
20230705,石景山,古城,101118956405,古城西路 *  *  *,189万,39607元/平,中楼层 (共5层) 2室1厅 | 47.72平米 | 东 西,https://ke-image.ljcdn.com/110000-inspection/pc1_gvuKjcHV5.jpg!m_fill,w_280,h_210,f_jpg?from=ke.com
20230705,石景山,古城,101118952402,十万坪正规两居室钢混结构南北通透靠谱出售,240万,40734元/平,高楼层 (共6层) 2室1厅 | 58.92平米 | 北 南,https://ke-image.ljcdn.com/110000-inspection/pc1_FmPYpPMKc.jpg!m_fill,w_280,h_210,f_jpg?from=ke.com
20230705,石景山,古城,101118897208,古城西路 全南向两居室 看房方便 诚心卖,200万,46286元/平,中楼层 (共5层) | 1973年建 | 2室0厅 | 43.21平米 | 南,https://ke-image.ljcdn.com/110000-inspection/pc1_7yMuA6qt5_1.jpg!m_fill,w_280,h_210,f_jpg?from=ke.com
20230705,石景山,古城,101118890653,古城西路两居室靠谱出售看房方便价格可谈,280万,44915元/平,中楼层 (共16层) | 1986年建 | 2室0厅 | 62.34平米 | 南,https://ke-image.ljcdn.com/110000-inspection/fe9033c2-03fa-4243-bfbb-6499f716401a_1000.jpg!m_fill,w_280,h_210,f_jpg?from=ke.com
20230705,石景山,古城,101118867784,首钢十万坪居民区   *,220万,38753元/平,中楼层 (共5层) 2室1厅 | 56.77平米 | 东 西,https://ke-image.ljcdn.com/110000-inspection/pc1_XDcw8DYu3_1.jpg!m_fill,w_280,h_210,f_jpg?from=ke.com
20230705,石景山,古城,101118807299,古城路小区 2室1厅 南,215万,48975元/平,中楼层 (共5层) | 1979年建 | 2室1厅 | 43.9平米 | 南,https://ke-image.ljcdn.com/110000-inspection/pc1_Uf6lHA8WV.jpg!m_fill,w_280,h_210,f_jpg?from=ke.com
20230705,石景山,古城,101118799773,房子楼层好户型好居住舒适度高生活配套齐全,290万,48093元/平,低楼层 (共16层) | 1986年建 | 2室1厅 | 60.3平米 | 南,https://ke-image.ljcdn.com/110000-inspection/pc1_nzOUOnjQa.jpg!m_fill,w_280,h_210,f_jpg?from=ke.com
20230705,石景山,古城,101118722982,古城路小区 3室1厅 南 北,277万,46689元/平,中楼层 (共6层) | 1980年建 | 3室1厅 | 59.33平米 | 南 北,https://ke-image.ljcdn.com/110000-inspection/c4cd936e-32c6-4cdb-a73b-ef0db0fb3e66_1000.jpg!m_fill,w_280,h_210,f_jpg?from=ke.com
20230705,石景山,古城,101118722927,古城西路 电梯房南向两居室 精装修 满五唯一房主自荐,275万,47033元/平,低楼层 (共16层) | 1986年建 | 2室1厅 | 58.47平米 | 南,https://ke-image.ljcdn.com/110000-inspection/pc1_YRToPk6R5_1.jpg!m_fill,w_280,h_210,f_jpg?from=ke.com
20230705,石景山,古城,101118707754,宏鑫家园 南向一居室 距离地铁6号线200米,429万,62049元/平,低楼层 (共14层) 1室1厅 | 69.14平米 | 南,https://ke-image.ljcdn.com/110000-inspection/pc1_b8hPCOnx0_1.jpg!m_fill,w_280,h_210,f_jpg?from=ke.com
20230705,石景山,古城,101118624773,店长推荐 高楼层视野好 满五年唯一 距离地铁站432米房主自荐,301万,43472元/平,高楼层 (共28层) | 2000年建 | 1室1厅 | 69.24平米 | 西南 北,https://ke-image.ljcdn.com/110000-inspection/62e0299e-a420-4755-9e46-971856051f79_1000.jpg!m_fill,w_280,h_210,f_jpg?from=ke.com
20230705,石景山,古城,101118604850,古城服务楼南北两居室视野开阔精装修近地铁。,238万,47449元/平,高楼层 (共6层) | 1989年建 | 2室1厅 | 50.16平米 | 南 北,https://ke-image.ljcdn.com/110000-inspection/pc1_OySXRUgpu_1.jpg!m_fill,w_280,h_210,f_jpg?from=ke.com
20230705,石景山,古城,101118575625,古城路小区  两室一厅  精装修  采光好,273万,37352元/平,顶层 (共6层) | 1976年建 | 2室1厅 | 73.09平米 | 南 西 北,https://ke-image.ljcdn.com/110000-inspection/pc1_WfgkQrnQZ.jpg!m_fill,w_280,h_210,f_jpg?from=ke.com
20230705,石景山,古城,101118496250,古城西路 3室1厅 东 西,242万,38659元/平,顶层 (共6层) | 1984年建 | 3室1厅 | 62.6平米 | 东 西,https://ke-image.ljcdn.com/110000-inspection/ac53c54c-7fb6-4ed8-912d-556846917979_1000.jpg!m_fill,w_280,h_210,f_jpg?from=ke.com
20230705,石景山,古城,101118489440,古城南路小区  改善三居 距离古城地铁100米房主自荐,379万,47340元/平,底层 (共6层) | 1981年建 | 3室0厅 | 80.06平米 | 南 北,https://ke-image.ljcdn.com/110000-inspection/pc1_ml97n1FPK.jpg!m_fill,w_280,h_210,f_jpg?from=ke.com
20230705,石景山,古城,101118447021,古城南路 3层  562米到古城地铁B口（高德地图显示）房主自荐,249万,49572元/平,中楼层 (共5层) | 1981年建 | 2室1厅 | 50.23平米 | 东,https://ke-image.ljcdn.com/110000-inspection/pc1_j7UaoPnBe.jpg!m_fill,w_280,h_210,f_jpg?from=ke.com
20230705,石景山,古城,101118415880,古城北路低楼层正规一居室带客厅精装,205万,56165元/平,底层 (共6层) | 1987年建 | 1室1厅 | 36.5平米 | 南,https://ke-image.ljcdn.com/110000-inspection/pc1_3IhvsaW1Q_1.jpg!m_fill,w_280,h_210,f_jpg?from=ke.com
20230705,石景山,古城,101118394270,古城南路 一层  南北通透两居室,265万,51768元/平,底层 (共5层) 2室1厅 | 51.19平米 | 南 北,https://ke-image.ljcdn.com/110000-inspection/pc1_aTaNKxkTY.jpg!m_fill,w_280,h_210,f_jpg?from=ke.com
20230705,石景山,古城,101118385590,古城南路小区 近地铁  随时可看,206万,46428元/平,顶层 (共6层) | 1977年建 | 2室1厅 | 44.37平米 | 东 西,https://ke-image.ljcdn.com/110000-inspection/2735bf2f-11b5-4a63-94fb-6a0e76252bab_1000.jpg!m_fill,w_280,h_210,f_jpg?from=ke.com
20230705,石景山,古城,101118352253,古城路小区  南北两居室  精装修  满五年  诚心出售,218万,49580元/平,中楼层 (共5层) | 1976年建 | 2室1厅 | 43.97平米 | 南 北,https://ke-image.ljcdn.com/110000-inspection/pc1_WKNhAD37o.jpg!m_fill,w_280,h_210,f_jpg?from=ke.com
20230705,石景山,古城,101118322888,古城南里 精装修南北两室一厅 满五年,368万,53149元/平,顶层 (共14层) | 1984年建 | 2室1厅 | 69.24平米 | 南 北,https://ke-image.ljcdn.com/110000-inspection/pc1_waAqsAdRA.jpg!m_fill,w_280,h_210,f_jpg?from=ke.com
20230705,石景山,古城,101118300724,中海寰宇天下熙山府*,1117万,75873元/平,中楼层 (共26层) | 2021年建 | 4室2厅 | 147.22平米 | 南 北,https://ke-image.ljcdn.com/110000-inspection/pc1_WYclhynp4_1.jpg!m_fill,w_280,h_210,f_jpg?from=ke.com
20230705,石景山,古城,101118285241,房子楼层好户型好居住舒适度高生活配套齐全,430万,44216元/平,低楼层 (共16层) | 1986年建 | 3室1厅 | 97.25平米 | 南,https://ke-image.ljcdn.com/110000-inspection/pc1_J7ok9xmDK.jpg!m_fill,w_280,h_210,f_jpg?from=ke.com
20230705,石景山,古城,101118269458,古城北路小区中间楼层实用小三居,234万,40193元/平,中楼层 (共6层) | 1976年建 | 2室1厅 | 58.22平米 | 东 西,https://ke-image.ljcdn.com/110000-inspection/pc1_UDffZD0fe_1.jpg!m_fill,w_280,h_210,f_jpg?from=ke.com
20230705,石景山,古城,101118268446,古城北路低楼层南北通透房本满五年带正规客厅,315万,49969元/平,低楼层 (共6层) | 1995年建 | 2室1厅 | 63.04平米 | 南 北,https://ke-image.ljcdn.com/110000-inspection/pc1_xvmxB9yqu.jpg!m_fill,w_280,h_210,f_jpg?from=ke.com
20230705,石景山,古城,101118260208,古城路住宅小区 精装修 两居室房主自荐,236万,49096元/平,高楼层 (共6层) | 1976年建 | 2室1厅 | 48.07平米 | 东 西,https://ke-image.ljcdn.com/110000-inspection/pc1_P9X6hnjW8.jpg!m_fill,w_280,h_210,f_jpg?from=ke.com
20230705,石景山,古城,101118254296,古城北路 2004年 落地飘窗 婚房2居 满5年家庭一套,490万,51765元/平,顶层 (共6层) | 2004年建 | 2室1厅 | 94.66平米 | 西,https://ke-image.ljcdn.com/110000-inspection/cb372c72-e78e-4e96-b839-5f400326ccd4_1000.jpg!m_fill,w_280,h_210,f_jpg?from=ke.com
20230705,石景山,古城,101118227098,北京锅炉厂宿舍区 随时可以看房 价格可以沟通,302万,49460元/平,顶层 (共4层) | 1958年建 | 2室1厅 | 61.06平米 | 南 北,https://ke-image.ljcdn.com/110000-inspection/pc1_gsQs0zau1.jpg!m_fill,w_280,h_210,f_jpg?from=ke.com
20230705,石景山,古城,101118184405,古城北路  标准两居大客厅带明窗房主自荐,245万,42082元/平,高楼层 (共6层) | 1976年建 | 2室1厅 | 58.22平米 | 东 西,https://ke-image.ljcdn.com/110000-inspection/3b03760c-35b1-4c51-b022-acfc358931cf_1000.jpg!m_fill,w_280,h_210,f_jpg?from=ke.com
20230705,石景山,古城,101118183912,十万坪 3室1厅 南 北,267万,44920元/平,中楼层 (共5层) 3室1厅 | 59.44平米 | 南 北,https://ke-image.ljcdn.com/110000-inspection/pc1_k1LjewmPP_1.jpg!m_fill,w_280,h_210,f_jpg?from=ke.com
20230705,石景山,古城,101118148332,古城南路 总高5层有坡顶 独立独院 好停车房主自荐,273万,47208元/平,顶层 (共5层) | 1981年建 | 2室1厅 | 57.83平米 | 东 南 西,https://ke-image.ljcdn.com/110000-inspection/pc1_R39odITGM.jpg!m_fill,w_280,h_210,f_jpg?from=ke.com
20230705,石景山,古城,101118102405,古城路中间二层 带装修 采光好！,203万,49731元/平,中楼层 (共5层) | 1978年建 | 2室1厅 | 40.82平米 | 南,https://ke-image.ljcdn.com/110000-inspection/pc1_woOBlmVrn.jpg!m_fill,w_280,h_210,f_jpg?from=ke.com
20230705,石景山,古城,101118095160,店长推荐 古城北路 南向正规两居室 采光好 视野好房主自荐,255万,48758元/平,高楼层 (共6层) | 1990年建 | 2室1厅 | 52.3平米 | 南,https://ke-image.ljcdn.com/110000-inspection/pc1_T0SdSyX7F.jpg!m_fill,w_280,h_210,f_jpg?from=ke.com
20230705,石景山,古城,101118050599,古城特钢楼 2室1厅 东,200万,49481元/平,中楼层 (共5层) | 1978年建 | 2室1厅 | 40.42平米 | 东,https://ke-image.ljcdn.com/110000-inspection/pc1_TvwgGLDMn_1.jpg!m_fill,w_280,h_210,f_jpg?from=ke.com
20230705,石景山,古城,101118045253,古城路小区  南北两居室  满五年 采光好  诚心出售,209万,42776元/平,高楼层 (共6层) 2室1厅 | 48.86平米 | 南 北,https://ke-image.ljcdn.com/110000-inspection/5e111822-d83b-4737-ac18-8ba6df2a076c_1000.jpg!m_fill,w_280,h_210,f_jpg?from=ke.com
20230705,石景山,古城,101118042997,古城北路 中间层 93年楼龄 满五唯一！房主自荐,274万,47488元/平,中楼层 (共6层) | 1993年建 | 2室1厅 | 57.7平米 | 南 北,https://ke-image.ljcdn.com/110000-inspection/98dd26d6-9272-48f6-8768-8cba8e3b810a_1000.jpg!m_fill,w_280,h_210,f_jpg?from=ke.com
20230705,石景山,古城,101118037571,古城路小区 2室1厅 南 北,220万,49097元/平,底层 (共4层) | 1958年建 | 2室1厅 | 44.81平米 | 南 北,https://ke-image.ljcdn.com/110000-inspection/pc1_loqDuOT27.jpg!m_fill,w_280,h_210,f_jpg?from=ke.com
20230705,石景山,古城,101118035013,古城北路 南向小两居室 户型方正,210万,40619元/平,顶层 (共6层) | 1981年建 | 2室1厅 | 51.7平米 | 东南,https://ke-image.ljcdn.com/110000-inspection/pc1_OHL0e9lTS.jpg!m_fill,w_280,h_210,f_jpg?from=ke.com
20230705,石景山,古城,101118018080,古城北路*,315万,49969元/平,低楼层 (共6层) | 1995年建 | 2室1厅 | 63.04平米 | 南 北,https://ke-image.ljcdn.com/110000-inspection/pc1_5xjilHdjP.jpg!m_fill,w_280,h_210,f_jpg?from=ke.com
20230705,石景山,古城,101118014408,古城西路 2室1厅 东南,375万,47409元/平,高楼层 (共16层) | 1997年建 | 2室1厅 | 79.1平米 | 东南,https://ke-image.ljcdn.com/110000-inspection/b475ce4b-ff5e-4e67-8df6-ac4052d60b61_1000.jpg!m_fill,w_280,h_210,f_jpg?from=ke.com
20230705,石景山,古城,101118004967,六月 好房推荐 古城南路小区 近古城地铁站,287万,50088元/平,中楼层 (共5层) | 1980年建 | 2室1厅 | 57.3平米 | 东 西,https://ke-image.ljcdn.com/110000-inspection/pc1_KuXRT7nSh.jpg!m_fill,w_280,h_210,f_jpg?from=ke.com
20230705,石景山,古城,101117996161,古城南路小区两居室诚心出售看房有钥匙,199万,44851元/平,顶层 (共6层) | 1977年建 | 2室1厅 | 44.37平米 | 东 南 西,https://ke-image.ljcdn.com/110000-inspection/pc1_dVvdHCE8f.jpg!m_fill,w_280,h_210,f_jpg?from=ke.com
20230705,石景山,古城,101117984755,二月好房推荐  长安家园   精装一居,316万,47763元/平,中楼层 (共28层) | 2000年建 | 1室1厅 | 66.16平米 | 西南,https://ke-image.ljcdn.com/110000-inspection/pc1_wWDnoVr8R.jpg!m_fill,w_280,h_210,f_jpg?from=ke.com
20230705,石景山,古城,101117984454,店长推荐 石景山区古城北路小区两居室停车方便,248万,45256元/平,高楼层 (共6层) | 1990年建 | 2室1厅 | 54.8平米 | 南 西,https://ke-image.ljcdn.com/110000-inspection/pc1_20cjuxuPs.jpg!m_fill,w_280,h_210,f_jpg?from=ke.com
20230705,石景山,古城,101117951481,中海长安雅苑南向一居室满五唯一,348万,58156元/平,中楼层 (共22层) 1室1厅 | 59.84平米 | 南,https://ke-image.ljcdn.com/110000-inspection/pc1_ogwBW6KBR_1.jpg!m_fill,w_280,h_210,f_jpg?from=ke.com
20230705,石景山,古城,101117925423,新上 古城路小区 南北小两居 近地铁 近公园,206万,47807元/平,顶层 (共5层) | 1978年建 | 2室1厅 | 43.09平米 | 南 北,https://ke-image.ljcdn.com/110000-inspection/pc1_r9dNHRO90.jpg!m_fill,w_280,h_210,f_jpg?from=ke.com
20230705,石景山,古城,101117899713,古城南路 * *房主自荐,222万,65837元/平,底层 (共5层) | 1980年建 | 1室1厅 | 33.72平米 | 南,https://ke-image.ljcdn.com/110000-inspection/pc1_ETvBevMy6.jpg!m_fill,w_280,h_210,f_jpg?from=ke.com
20230705,石景山,古城,101117879500,古城地铁两居钢混结构看房方便有钥匙,204万,40825元/平,低楼层 (共6层) | 1984年建 | 2室1厅 | 49.97平米 | 东 西,https://ke-image.ljcdn.com/110000-inspection/0c0e31e1-94eb-41fd-940e-ba6d53598e1d_1000.jpg!m_fill,w_280,h_210,f_jpg?from=ke.com
20230705,石景山,古城,101117866179,十万坪  中间楼层 近地铁 满五年,224万,40158元/平,中楼层 (共5层) 2室1厅 | 55.78平米 | 东 西,https://ke-image.ljcdn.com/110000-inspection/pc1_qjUHt8JCo.jpg!m_fill,w_280,h_210,f_jpg?from=ke.com
20230705,石景山,古城,101117866072,古城南路 朝南向 两居室  中间楼层 近地铁,225万,45172元/平,中楼层 (共6层) | 1987年建 | 2室1厅 | 49.81平米 | 南,https://ke-image.ljcdn.com/110000-inspection/pc1_UfaZx9mno.jpg!m_fill,w_280,h_210,f_jpg?from=ke.com
20230705,石景山,古城,101117859809,中海金玺公馆挑高5.4米南向户型方正,730万,81556元/平,顶层 (共20层) | 2017年建 | 2室1厅 | 89.51平米 | 南,https://ke-image.ljcdn.com/110000-inspection/c84d6dc8-9913-42e3-b125-c163de2ea80f_1000.jpg!m_fill,w_280,h_210,f_jpg?from=ke.com
20230705,石景山,古城,101117840918,店长推荐 古城北路小区南北通透中间层 诚心出售房主自荐,245万,45354元/平,中楼层 (共5层) | 1982年建 | 2室1厅 | 54.02平米 | 南 北,https://ke-image.ljcdn.com/110000-inspection/pc1_cMT7vLbCo.jpg!m_fill,w_280,h_210,f_jpg?from=ke.com
20230705,石景山,古城,101117834093,曦景长安 地铁口 楼龄新格局方正满五年唯一,619万,49703元/平,中楼层 (共16层) 2室2厅 | 124.54平米 | 东 西,https://ke-image.ljcdn.com/110000-inspection/3adda69a-7a41-4351-8d8c-0624079a1140_1000.jpg!m_fill,w_280,h_210,f_jpg?from=ke.com
20230705,石景山,古城,101117829066,古城地铁 古城西路小区  低楼层  两室一厅一厨一卫,243万,42064元/平,低楼层 (共6层) | 1989年建 | 2室1厅 | 57.77平米 | 西北,https://ke-image.ljcdn.com/110000-inspection/prod-0eb3209f-95a2-4912-a3e0-80ac2eeeaa70.jpg!m_fill,w_280,h_210,f_jpg?from=ke.com
20230705,石景山,古城,101117818349,中海寰宇天下熙山府 * * *,978万,74193元/平,中楼层 (共26层) | 2021年建 | 3室2厅 | 131.82平米 | 南 北,https://ke-image.ljcdn.com/110000-inspection/pc1_246ZXTpCq_1.jpg!m_fill,w_280,h_210,f_jpg?from=ke.com
20230705,石景山,古城,101117769540,中海金石公馆 * * * *,940万,69858元/平,中楼层 (共18层) | 2014年建 | 3室2厅 | 134.56平米 | 南 北,https://ke-image.ljcdn.com/110000-inspection/d46819b2-4b84-4cb6-9bee-0caa2c15e02a_1000.jpg!m_fill,w_280,h_210,f_jpg?from=ke.com
20230705,石景山,古城,101117760127,古城特钢楼 2室1厅 东 南 西,200万,49274元/平,中楼层 (共5层) | 1974年建 | 2室1厅 | 40.59平米 | 东 南 西,https://ke-image.ljcdn.com/110000-inspection/pc1_4aERZRVnn_1.jpg!m_fill,w_280,h_210,f_jpg?from=ke.com
20230705,石景山,古城,101117726540,中海长安雅苑 业主诚心出售 高楼层,330万,55148元/平,高楼层 (共22层) 1室1厅 | 59.84平米 | 南,https://ke-image.ljcdn.com/110000-inspection/pc1_YC3QSmHw9_1.jpg!m_fill,w_280,h_210,f_jpg?from=ke.com
20230705,石景山,古城,101117705743,古城西路 精装修 楼层好诚心卖,238万,41198元/平,低楼层 (共6层) | 1989年建 | 2室1厅 | 57.77平米 | 东 西,https://ke-image.ljcdn.com/110000-inspection/pc1_Zzwbzb0d9.jpg!m_fill,w_280,h_210,f_jpg?from=ke.com
20230705,石景山,古城,101117699558,古城北路 满五唯一 93年楼龄 非顶层！,235万,36266元/平,高楼层 (共6层) | 1993年建 | 2室1厅 | 64.8平米 | 西,https://ke-image.ljcdn.com/110000-inspection/pc1_5x9M1V6p2.jpg!m_fill,w_280,h_210,f_jpg?from=ke.com
20230705,石景山,古城,101117691734,古城西路 两室一厅 距离古城地铁950米 2023年新上好房,295万,44335元/平,顶层 (共6层) | 1997年建 | 2室1厅 | 66.54平米 | 东 西,https://ke-image.ljcdn.com/110000-inspection/pc1_kZpoAZKnQ.jpg!m_fill,w_280,h_210,f_jpg?from=ke.com
20230705,石景山,古城,101117687260,楼龄新 朝南向正规一居室 环境好 满五唯一房主自荐,316万,52808元/平,底层 (共22层) | 2017年建 | 1室1厅 | 59.84平米 | 南,https://ke-image.ljcdn.com/110000-inspection/pc1_0jqTFHcbW_1.jpg!m_fill,w_280,h_210,f_jpg?from=ke.com
20230705,石景山,古城,101117680987,中海金石公馆134正规南北三居室双明卫,965万,71716元/平,低楼层 (共18层) | 2014年建 | 3室2厅 | 134.56平米 | 南 北,https://ke-image.ljcdn.com/110000-inspection/pc1_m4pDTztAZ_1.jpg!m_fill,w_280,h_210,f_jpg?from=ke.com
20230705,石景山,古城,101117662999,古城路一层精装修 采光好 看房提前预约！,209万,50169元/平,底层 (共4层) 2室1厅 | 41.66平米 | 南,https://ke-image.ljcdn.com/110000-inspection/0e5ebdbb-b98e-4353-b72b-9cc3e2777f52_1000.jpg!m_fill,w_280,h_210,f_jpg?from=ke.com
20230705,石景山,古城,101117640613,古城北路 南北通透两室一厅一厨一卫户型中间层采光好,245万,47289元/平,中楼层 (共6层) | 1977年建 | 3室1厅 | 51.81平米 | 南 北,https://ke-image.ljcdn.com/110000-inspection/pc1_Kz9bKnBHY_1.jpg!m_fill,w_280,h_210,f_jpg?from=ke.com
20230705,石景山,古城,101117486948,古城路新上南北通透低楼层小两居,225万,46050元/平,低楼层 (共6层) 2室1厅 | 48.86平米 | 南 北,https://ke-image.ljcdn.com/110000-inspection/pc1_OfIklz3FM.jpg!m_fill,w_280,h_210,f_jpg?from=ke.com
20230705,石景山,古城,101117440210,古城路小区 东西通透三居室 自如装修,270万,37527元/平,顶层 (共6层) | 1976年建 | 3室1厅 | 71.95平米 | 东 南 西,https://ke-image.ljcdn.com/110000-inspection/pc1_U5DCVIC1Q.jpg!m_fill,w_280,h_210,f_jpg?from=ke.com
20230705,石景山,古城,101117400655,中海金石公馆满五唯一楼层好采光佳,969万,71943元/平,高楼层 (共18层) | 2014年建 | 3室1厅 | 134.69平米 | 南 北,https://ke-image.ljcdn.com/110000-inspection/pc1_gPy6N6feA.jpg!m_fill,w_280,h_210,f_jpg?from=ke.com
20230705,石景山,古城,101117383452,古城地铁附近 新上南北小两居 低楼层上下楼方便,206万,40955元/平,底层 (共4层) | 1958年建 | 2室1厅 | 50.3平米 | 南 北,https://ke-image.ljcdn.com/110000-inspection/pc1_GCyN4gam1.jpg!m_fill,w_280,h_210,f_jpg?from=ke.com
20230705,石景山,古城,101117365698,古城南里 南边两居室  电梯房  满五年唯一  近地铁,288万,47525元/平,高楼层 (共11层) | 1984年建 | 2室1厅 | 60.6平米 | 南 北,https://ke-image.ljcdn.com/110000-inspection/9bf88fa5-9366-43c8-b8a6-ed9c352404d5_1000.jpg!m_fill,w_280,h_210,f_jpg?from=ke.com
20230705,石景山,古城,101117232741,古城南路双南向两居室近地铁全明格局非顶层,235万,46954元/平,高楼层 (共6层) | 1977年建 | 2室1厅 | 50.05平米 | 南,https://ke-image.ljcdn.com/110000-inspection/pc1_Qg4ifn7Tk.jpg!m_fill,w_280,h_210,f_jpg?from=ke.com
20230705,石景山,古城,101117215230,古城南路小区 距离地铁一号线古城站410米 两室一厅,285万,48347元/平,高楼层 (共6层) | 1977年建 | 3室1厅 | 58.95平米 | 东 西,https://ke-image.ljcdn.com/110000-inspection/pc1_YTjNrKQ9W.jpg!m_fill,w_280,h_210,f_jpg?from=ke.com
20230705,石景山,古城,101117151944,古城西路 2室1厅 西 东,258万,42054元/平,顶层 (共6层) | 1989年建 | 2室1厅 | 61.35平米 | 西 东,https://ke-image.ljcdn.com/110000-inspection/1907a7a0-82ca-4cd8-8806-f10433852315_1000.jpg!m_fill,w_280,h_210,f_jpg?from=ke.com
20230705,石景山,古城,101117110243,中海寰宇天下熙山府南北通透方正三居靠谱卖,979万,74156元/平,低楼层 (共26层) | 2021年建 | 3室2厅 | 132.02平米 | 南 北,https://ke-image.ljcdn.com/110000-inspection/pc1_WkS13xT9X.jpg!m_fill,w_280,h_210,f_jpg?from=ke.com
20230705,石景山,古城,101116966393,十万坪 正规两居室 近地铁 采光视野好房主自荐,220万,40066元/平,高楼层 (共6层) | 1979年建 | 2室1厅 | 54.91平米 | 南,https://ke-image.ljcdn.com/110000-inspection/7de0870e-a900-4b7e-ae37-a0139798bfd0_1000.jpg!m_fill,w_280,h_210,f_jpg?from=ke.com
20230705,石景山,古城,101116873787,古城南路小两居 南北向  通风好,224万,47691元/平,中楼层 (共5层) | 1975年建 | 2室1厅 | 46.97平米 | 南 北,https://ke-image.ljcdn.com/110000-inspection/pc1_zB35413jB.jpg!m_fill,w_280,h_210,f_jpg?from=ke.com
20230705,石景山,古城,101116868923,房子是东西向的两居室低楼层带客厅明厨明卫格局,225万,43054元/平,中楼层 (共5层) | 1975年建 | 2室1厅 | 52.26平米 | 东 西,https://ke-image.ljcdn.com/110000-inspection/pc1_qW6ltUBvc.jpg!m_fill,w_280,h_210,f_jpg?from=ke.com
20230705,石景山,古城,101116717248,古城特钢楼  朝东向中间楼层没有遮挡,222万,45013元/平,中楼层 (共6层) | 1981年建 | 2室1厅 | 49.32平米 | 东,https://ke-image.ljcdn.com/110000-inspection/pc1_e1awGbpU7.jpg!m_fill,w_280,h_210,f_jpg?from=ke.com
20230705,石景山,古城,101116638339,古城副食楼  南北两居 采光好,212万,36736元/平,顶层 (共6层) | 1993年建 | 2室1厅 | 57.71平米 | 南 北,https://ke-image.ljcdn.com/110000-inspection/3204e0b8-6ad4-47f1-875a-ba03c7351863_1000.jpg!m_fill,w_280,h_210,f_jpg?from=ke.com
20230705,石景山,古城,101116513002,古城特钢楼 朝南向 无遮挡 采光好 视野开阔,206万,42136元/平,顶层 (共5层) | 1978年建 | 2室1厅 | 48.89平米 | 南,https://ke-image.ljcdn.com/110000-inspection/pc1_hMWxKlxd5_1.jpg!m_fill,w_280,h_210,f_jpg?from=ke.com
20230705,石景山,古城,101116496538,古城北路满五年唯一南北通透精装修停车方便,225万,41652元/平,顶层 (共5层) | 1982年建 | 2室1厅 | 54.02平米 | 南 北,https://ke-image.ljcdn.com/110000-inspection/dda11968-cfe8-48fd-861e-6c8d72f13c3d_1000.jpg!m_fill,w_280,h_210,f_jpg?from=ke.com
20230705,石景山,古城,101116445425,古城特钢楼 东西向 两居室 精装修,238.9万,47496元/平,底层 (共6层) | 1981年建 | 3室1厅 | 50.3平米 | 东 西,https://ke-image.ljcdn.com/110000-inspection/pc1_gbDawxCTU_1.jpg!m_fill,w_280,h_210,f_jpg?from=ke.com
20230705,石景山,古城,101116302379,古城路小区 中间楼层 精装修 一室一厅,182万,47151元/平,中楼层 (共6层) | 1976年建 | 1室1厅 | 38.6平米 | 东 北,https://ke-image.ljcdn.com/110000-inspection/pc1_wYiUxIcgV_1.jpg!m_fill,w_280,h_210,f_jpg?from=ke.com
20230705,石景山,古城,101116262519,古城商圈古城北路南北通透两居室,265万,48043元/平,中楼层 (共6层) | 1985年建 | 2室1厅 | 55.16平米 | 南 北,https://ke-image.ljcdn.com/110000-inspection/bd4de877-b925-443a-ada8-34f5ca27e16b_1000.jpg!m_fill,w_280,h_210,f_jpg?from=ke.com
20230705,石景山,古城,101116056257,好房 长安家园精装修两居室满五年俯瞰长安街房主自荐,435万,46901元/平,高楼层 (共28层) | 2000年建 | 2室1厅 | 92.75平米 | 东南,https://ke-image.ljcdn.com/110000-inspection/1715dc09-e646-4f3a-8901-aa0836c30761_1000.jpg!m_fill,w_280,h_210,f_jpg?from=ke.com
20230705,石景山,古城,101116052273,中海寰宇天下御山府*,596万,72234元/平,低楼层 (共24层) 2室1厅 | 82.51平米 | 南,https://ke-image.ljcdn.com/110000-inspection/pc1_4dijO3hzc.jpg!m_fill,w_280,h_210,f_jpg?from=ke.com
20230705,石景山,古城,101116049015,古城北路低层精装修南北通透两居室停车免费,269万,46476元/平,中楼层 (共5层) | 1982年建 | 2室1厅 | 57.88平米 | 南 北,https://ke-image.ljcdn.com/110000-inspection/pc1_Ev1LRYEWe.jpg!m_fill,w_280,h_210,f_jpg?from=ke.com
20230705,石景山,古城,101116044231,古城北路 中间层 南北通透两居室 看房方便,280万,47426元/平,中楼层 (共6层) | 1987年建 | 2室1厅 | 59.04平米 | 南 北,https://ke-image.ljcdn.com/110000-inspection/80fc6520-1180-4c1f-8847-3e98b230ffc1_1000.jpg!m_fill,w_280,h_210,f_jpg?from=ke.com
20230705,石景山,古城,101115957721,古城南路 东西两居室 明厨明卫格局,220万,48889元/平,顶层 (共5层) | 1973年建 | 2室1厅 | 45平米 | 东 西,https://ke-image.ljcdn.com/110000-inspection/8ec289c8-c8f3-4e6d-8d83-c84b192118e9_1000.jpg!m_fill,w_280,h_210,f_jpg?from=ke.com
20230705,石景山,古城,101115851412,古城南路西社区改造完毕房本满五年不临街南向两居室,188万,43130元/平,顶层 (共5层) | 1974年建 | 2室1厅 | 43.59平米 | 东,https://ke-image.ljcdn.com/110000-inspection/pc1_QYFo4yfDo.jpg!m_fill,w_280,h_210,f_jpg?from=ke.com
20230705,石景山,古城,101115815490,古城路精装三居室 满五家庭唯一！采光棒！,295万,50316元/平,顶层 (共6层) | 1980年建 | 3室1厅 | 58.63平米 | 南 北 西,https://ke-image.ljcdn.com/110000-inspection/pc1_XpOvTI3I6.jpg!m_fill,w_280,h_210,f_jpg?from=ke.com
20230705,石景山,古城,101115772078,古城路小区 东西通透两居室 低楼层 交通方便,208万,41221元/平,中楼层 (共4层) | 1958年建 | 2室1厅 | 50.46平米 | 东 西,https://ke-image.ljcdn.com/110000-inspection/pc1_QLO4stgXi.jpg!m_fill,w_280,h_210,f_jpg?from=ke.com
20230705,石景山,古城,101115698893,古城北路二层南北通透带客厅精装修停车方便房主自荐,299万,52383元/平,中楼层 (共5层) | 1982年建 | 2室1厅 | 57.08平米 | 南 北,https://ke-image.ljcdn.com/110000-inspection/pc1_ayaEfcsvf.jpg!m_fill,w_280,h_210,f_jpg?from=ke.com
20230705,石景山,古城,101115423441,古城南路 3室1厅 南 北,288万,48049元/平,底层 (共5层) | 1978年建 | 3室1厅 | 59.94平米 | 南 北,https://ke-image.ljcdn.com/110000-inspection/pc1_cCUW7yHLq.jpg!m_fill,w_280,h_210,f_jpg?from=ke.com
20230705,石景山,古城,101115373888,古城北路楼层好看房随时欢迎咨询,280万,47774元/平,低楼层 (共6层) | 1977年建 | 3室1厅 | 58.61平米 | 南 北,https://ke-image.ljcdn.com/110000-inspection/76fd5621-3140-4cf3-b96b-fa13a1466769_1000.jpg!m_fill,w_280,h_210,f_jpg?from=ke.com
20230705,石景山,古城,101114242990,采光通风好户型合理中间层近地铁满五年唯一。,193万,43023元/平,中楼层 (共6层) | 1979年建 | 2室1厅 | 44.86平米 | 东 北,https://ke-image.ljcdn.com/110000-inspection/a0493016-f873-471e-9fa3-d04cedd84a9c_1000.jpg!m_fill,w_280,h_210,f_jpg?from=ke.com
20230705,石景山,古城,101113986282,古城特钢楼 正规两居室 户型好采光棒！房主自荐,225万,45621元/平,顶层 (共6层) | 1981年建 | 2室1厅 | 49.32平米 | 东,https://ke-image.ljcdn.com/110000-inspection/754fc3ad-2b74-4bc0-bd55-65973b6ae7e5_1000.jpg!m_fill,w_280,h_210,f_jpg?from=ke.com
20230705,石景山,古城,101113097152,古城西路 电梯房 三居室 双卫,465万,47815元/平,低楼层 (共16层) | 1986年建 | 3室2厅 | 97.25平米 | 南 北,https://ke-image.ljcdn.com/110000-inspection/72da2869-c1d2-47a0-852d-b6137c828dbd_1000.jpg!m_fill,w_280,h_210,f_jpg?from=ke.com
20230705,石景山,古城,101110116118,本房东西通透 正规三居室 户型方正 交通便利,336万,45186元/平,底层 (共6层) | 1988年建 | 3室1厅 | 74.36平米 | 东 西,https://ke-image.ljcdn.com/110000-inspection/pc1_C6ctKvkCj_1.jpg!m_fill,w_280,h_210,f_jpg?from=ke.com
20230705,石景山,古城,101108456586,地铁一号线古城站电梯2000年一层全南满五年唯一房主自荐,390万,43581元/平,底层 (共28层) | 2000年建 | 2室1厅 | 89.49平米 | 东南,https://ke-image.ljcdn.com/110000-inspection/pc1_8qt0By0HL_1.jpg!m_fill,w_280,h_210,f_jpg?from=ke.com
20230705,石景山,古城,101108380701,地铁一号线古城站2000年电梯房一层东南两居室房主自荐,385万,44248元/平,底层 (共28层) | 2000年建 | 2室1厅 | 87.01平米 | 东南,https://ke-image.ljcdn.com/110000-inspection/pc1_syseqLbY5_1.jpg!m_fill,w_280,h_210,f_jpg?from=ke.com
20230705,石景山,古城,101119994849,中海金玺公馆 6室2厅 北 南 西新上,1180万,69412元/平,底层 (共20层) | 2017年建 | 6室2厅 | 170平米 | 北 南 西,https://ke-image.ljcdn.com/110000-inspection/test-bbe0d4cf-b899-440b-87f0-ef0206308766.png!m_fill,w_280,h_210,f_jpg?from=ke.com
20230705,石景山,古城,101119967658,中海长安雅苑 2室1厅 南 北新上,499万,63093元/平,中楼层 (共20层) | 2017年建 | 2室1厅 | 79.09平米 | 南 北,https://ke-image.ljcdn.com/110000-inspection/pc1_WmrgLnEHV.jpg!m_fill,w_280,h_210,f_jpg?from=ke.com
20230705,石景山,古城,101119956843,精装修 满五唯一 小区环境优美 随时能看新上,318万,53142元/平,高楼层 (共22层) 1室1厅 | 59.84平米 | 南,https://ke-image.ljcdn.com/110000-inspection/pc1_trN3sYY1U.jpg!m_fill,w_280,h_210,f_jpg?from=ke.com
20230705,石景山,古城,101119940525,古城北路南北通透前后无遮挡装修干净新上,252万,46849元/平,中楼层 (共5层) | 1983年建 | 2室1厅 | 53.79平米 | 南 北,https://ke-image.ljcdn.com/110000-inspection/a6638240-0a7f-450e-a072-df7d338800a0_1000.jpg!m_fill,w_280,h_210,f_jpg?from=ke.com
20230705,石景山,古城,101119928842,古城南路 东西两居室 明厨明卫新上,199万,42368元/平,顶层 (共5层) | 1975年建 | 2室1厅 | 46.97平米 | 东 西,https://ke-image.ljcdn.com/110000-inspection/3ea897aa-5c48-43bc-b16d-069c2cddb710_1000.jpg!m_fill,w_280,h_210,f_jpg?from=ke.com
20230705,石景山,古城,101119869282,古城北路 复式结构 南北通透地铁900米,590万,46685元/平,高楼层 (共6层) | 1998年建 | 3室2厅 | 126.38平米 | 南 北,https://ke-image.ljcdn.com/110000-inspection/b015ac2d-c7e7-4e97-bed6-f0ea895e1f51_1000.jpg!m_fill,w_280,h_210,f_jpg?from=ke.com
20230705,石景山,古城,101119869264,古城北路 *,480万,50331元/平,顶层 (共6层) | 2004年建 | 2室1厅 | 95.37平米 | 南 北,https://ke-image.ljcdn.com/110000-inspection/pc1_gQ9mgH63v_1.jpg!m_fill,w_280,h_210,f_jpg?from=ke.com
20230705,石景山,古城,101119836149,曦景长安 *  * *,398万,53025元/平,中楼层 (共24层) 1室1厅 | 75.06平米 | 南,https://ke-image.ljcdn.com/110000-inspection/7f3d80ac-225a-4935-8841-c71f5d70fcff_1000.jpg!m_fill,w_280,h_210,f_jpg?from=ke.com
20230705,石景山,古城,101119836100,首钢十万坪居民区  低楼层  南向三居室,288万,43538元/平,低楼层 (共6层) | 1979年建 | 3室1厅 | 66.15平米 | 南 西南,https://ke-image.ljcdn.com/110000-inspection/pc1_RSamTmJFp.jpg!m_fill,w_280,h_210,f_jpg?from=ke.com
20230705,石景山,古城,101119623974,十万坪 低楼层 三居室 南北通透,288万,48396元/平,中楼层 (共5层) | 1979年建 | 3室1厅 | 59.51平米 | 南 北,https://ke-image.ljcdn.com/110000-inspection/pc1_IA8xStMrP_1.jpg!m_fill,w_280,h_210,f_jpg?from=ke.com
20230705,石景山,古城,101119615116,中海寰宇天下御山府 * * *,960万,77620元/平,高楼层 (共24层) 3室2厅 | 123.68平米 | 南 北,https://ke-image.ljcdn.com/110000-inspection/pc1_eV4IlH0o0_1.jpg!m_fill,w_280,h_210,f_jpg?from=ke.com
20230705,石景山,古城,101119536600,中海金玺公馆管家式服务园林绿化设计24小时安保,628万,71089元/平,低楼层 (共16层) | 2017年建 | 2室1厅 | 88.34平米 | 南,https://ke-image.ljcdn.com/110000-inspection/pc1_SGAsRVKcV_1.jpg!m_fill,w_280,h_210,f_jpg?from=ke.com
20230705,石景山,古城,101119453035,总监和店长推荐古城北路南北通透顶层价格可谈,203万,39144元/平,顶层 (共6层) | 1982年建 | 2室1厅 | 51.86平米 | 南 北,https://ke-image.ljcdn.com/110000-inspection/pc1_NLjoz7V68.jpg!m_fill,w_280,h_210,f_jpg?from=ke.com
20230705,石景山,古城,101119356201,南北通透明厨精装修2室1厅1卫,229万,46869元/平,中楼层 (共6层) | 1980年建 | 2室1厅 | 48.86平米 | 东 南 北,https://ke-image.ljcdn.com/110000-inspection/ad2fd4ab-6cdc-4638-8c27-643075248cd6_1000.jpg!m_fill,w_280,h_210,f_jpg?from=ke.com
20230705,石景山,古城,101119350031,十万坪南北通透中间层近地铁配套成熟满五年,220万,42001元/平,中楼层 (共5层) | 1979年建 | 2室1厅 | 52.38平米 | 南 北,https://ke-image.ljcdn.com/110000-inspection/pc1_jY4B7Jc3p_1.jpg!m_fill,w_280,h_210,f_jpg?from=ke.com
20230705,石景山,古城,101119344297,古城北路 南向正规两居室 单价低,205万,40339元/平,顶层 (共5层) | 1983年建 | 2室1厅 | 50.82平米 | 南,https://ke-image.ljcdn.com/110000-inspection/df663e54-f064-4081-be00-06d107eadb7a_1000.jpg!m_fill,w_280,h_210,f_jpg?from=ke.com
20230705,石景山,古城,101119262818,中海寰宇天下景山府*,1620万,92965元/平,底层 (共26层) | 2020年建 | 5室2厅 | 174.26平米 | 南 北,https://ke-image.ljcdn.com/110000-inspection/pc1_ImCXJvxAF_1.jpg!m_fill,w_280,h_210,f_jpg?from=ke.com
20230705,石景山,古城,101119224107,古城北路2004年楼龄南北通透大两居,480万,50532元/平,顶层 (共6层) | 2004年建 | 2室1厅 | 94.99平米 | 南 北,https://ke-image.ljcdn.com/110000-inspection/0d914c40-c207-4dda-b3bb-a7f4438fa072_1000.jpg!m_fill,w_280,h_210,f_jpg?from=ke.com
20230705,石景山,古城,101119205061,中海金玺公馆 4室2厅 南 北,1088万,81110元/平,底层 (共20层) 4室2厅 | 134.14平米 | 南 北,https://ke-image.ljcdn.com/110000-inspection/1eaf0a40-07c4-435a-bac8-60fcbb123d01_1000.jpg!m_fill,w_280,h_210,f_jpg?from=ke.com
20230705,石景山,古城,101119129087,长安家园小区2000年商品房上下两层两个卫生间,630万,40039元/平,高楼层 (共28层) | 2000年建 | 3室1厅 | 157.35平米 | 东南,https://ke-image.ljcdn.com/110000-inspection/3e9fb29d-e52b-47f6-8ec3-0c0f53a98e38_1000.jpg!m_fill,w_280,h_210,f_jpg?from=ke.com
20230705,石景山,古城,101119091566,中海金石公馆 3室2厅 南 北,968万,71827元/平,中楼层 (共18层) | 2014年建 | 3室2厅 | 134.77平米 | 南 北,https://ke-image.ljcdn.com/110000-inspection/pc1_uyz0kZKNJ.jpg!m_fill,w_280,h_210,f_jpg?from=ke.com
20230705,石景山,古城,101119036247,中海金石公馆低密度高品质大三居,866万,64115元/平,底层 (共18层) | 2014年建 | 3室2厅 | 135.07平米 | 南 北,https://ke-image.ljcdn.com/110000-inspection/7abb0002-d728-4482-bceb-f71108089d91_1000.jpg!m_fill,w_280,h_210,f_jpg?from=ke.com
20230705,石景山,古城,101119031578,长安家园  近地铁  视野采光好房主自荐,415万,44490元/平,高楼层 (共28层) | 2000年建 | 2室1厅 | 93.28平米 | 东南,https://ke-image.ljcdn.com/110000-inspection/18543b5f-a923-4fab-b3fb-961e059c3b07_1000.jpg!m_fill,w_280,h_210,f_jpg?from=ke.com
20230705,石景山,古城,101119018926,2006年钢混一居室公积金可以满贷落地窗视野好,338万,43845元/平,顶层 (共6层) | 2006年建 | 1室1厅 | 77.09平米 | 东 西北,https://ke-image.ljcdn.com/110000-inspection/cbd6406a-850c-4de2-af92-f131492d2a50_1000.jpg!m_fill,w_280,h_210,f_jpg?from=ke.com
20230705,石景山,古城,101118993689,十万坪 2室1厅 南 北,208万,39703元/平,顶层 (共5层) | 1979年建 | 2室1厅 | 52.39平米 | 南 北,https://ke-image.ljcdn.com/110000-inspection/pc1_KKRhqBetg.jpg!m_fill,w_280,h_210,f_jpg?from=ke.com
20230705,石景山,古城,101118850940,古城路小区 南向两居室 可商业贷款 满五年,183万,43928元/平,顶层 (共4层) | 1958年建 | 2室0厅 | 41.66平米 | 南,https://ke-image.ljcdn.com/110000-inspection/066717a7-f40e-4482-b4a6-880fbb30d6d8_1000.jpg!m_fill,w_280,h_210,f_jpg?from=ke.com
20230705,石景山,古城,101118848414,*  长安家园   *,539万,42176元/平,中楼层 (共28层) | 2000年建 | 3室1厅 | 127.8平米 | 东南 西北,https://ke-image.ljcdn.com/110000-inspection/21744f93-9703-4a85-a0b8-5627c344101c_1000.jpg!m_fill,w_280,h_210,f_jpg?from=ke.com
20230705,石景山,古城,101118831669,古城路小区*,219万,43367元/平,中楼层 (共5层) | 1979年建 | 2室1厅 | 50.5平米 | 南,https://ke-image.ljcdn.com/110000-inspection/pc1_eBxD6SEXA.jpg!m_fill,w_280,h_210,f_jpg?from=ke.com
20230705,石景山,古城,101118694572,古城特钢楼 *  *,204万,41363元/平,中楼层 (共6层) | 1981年建 | 2室1厅 | 49.32平米 | 东,https://ke-image.ljcdn.com/110000-inspection/pc1_xlGUACCAA_1.jpg!m_fill,w_280,h_210,f_jpg?from=ke.com
20230705,石景山,古城,101118664775,古城北路社区  中间楼层 两居室,196万,45214元/平,中楼层 (共6层) | 1976年建 | 2室1厅 | 43.35平米 | 东 西,https://ke-image.ljcdn.com/110000-inspection/3b5ac8b2-a491-4451-b400-3476c712f150_1000.jpg!m_fill,w_280,h_210,f_jpg?from=ke.com
20230705,石景山,古城,101118652259,曦景长安 地铁口 楼龄新采光好满五年唯一,650万,56724元/平,高楼层 (共16层) 2室1厅 | 114.59平米 | 东 南,https://ke-image.ljcdn.com/110000-inspection/pc1_2X7rK8SBw_1.jpg!m_fill,w_280,h_210,f_jpg?from=ke.com
20230705,石景山,古城,101118633157,此房满五年中间层近地铁采光好无遮挡,220万,41969元/平,中楼层 (共5层) | 1979年建 | 2室1厅 | 52.42平米 | 东 西,https://ke-image.ljcdn.com/110000-inspection/pc1_nsbO4jcXN_1.jpg!m_fill,w_280,h_210,f_jpg?from=ke.com
20230705,石景山,古城,101118587896,古城北路 明厨明卫2居 南向 满五唯一！,262万,45002元/平,高楼层 (共6层) | 1987年建 | 2室1厅 | 58.22平米 | 南,https://ke-image.ljcdn.com/110000-inspection/pc1_CXIjrYJqY.jpg!m_fill,w_280,h_210,f_jpg?from=ke.com
20230705,石景山,古城,101118525283,古城路小区 2室1厅 南,245万,45480元/平,中楼层 (共6层) | 1980年建 | 2室1厅 | 53.87平米 | 南,https://ke-image.ljcdn.com/110000-inspection/4791bd80-f87d-4878-9464-8b5fa7842992_1000.jpg!m_fill,w_280,h_210,f_jpg?from=ke.com
20230705,石景山,古城,101118444056,古城南路 两居室  全南向  中间楼层  小区环境好,186万,45278元/平,中楼层 (共5层) 2室1厅 | 41.08平米 | 南,https://ke-image.ljcdn.com/110000-inspection/pc1_07S5fo9cs_1.jpg!m_fill,w_280,h_210,f_jpg?from=ke.com
20230705,石景山,古城,101118410977,古城北路 * * *,240万,39216元/平,中楼层 (共6层) | 1993年建 | 2室1厅 | 61.2平米 | 东 西,https://ke-image.ljcdn.com/110000-inspection/7112297b-549d-4b5f-b5b7-9590a994d5de_1000.jpg!m_fill,w_280,h_210,f_jpg?from=ke.com
20230705,石景山,古城,101118378538,古城北路 三室两卫 1998年房龄 顶层复式 南北通透,550万,43637元/平,高楼层 (共6层) | 1998年建 | 3室2厅 | 126.04平米 | 南 北,https://ke-image.ljcdn.com/110000-inspection/043290a5-38b8-4bfd-b120-b9a1deeed603_1000.jpg!m_fill,w_280,h_210,f_jpg?from=ke.com
20230705,石景山,古城,101118342321,古城北路 93年楼龄 满五年 2居室,265万,40645元/平,高楼层 (共6层) | 1993年建 | 2室1厅 | 65.2平米 | 东 西,https://ke-image.ljcdn.com/110000-inspection/7ac03235-5aa5-4ebb-93db-2e8b02fd894f_1000.jpg!m_fill,w_280,h_210,f_jpg?from=ke.com
20230705,石景山,古城,101118239576,古城北路1990年中间楼层两居室,252万,45986元/平,中楼层 (共6层) | 1990年建 | 2室1厅 | 54.8平米 | 西 北,https://ke-image.ljcdn.com/110000-inspection/pc1_2DcsAfu3Z_1.jpg!m_fill,w_280,h_210,f_jpg?from=ke.com
20230705,石景山,古城,101118205252,古城地铁西侧楼龄新商品房社区人车分流车分流,699万,52435元/平,高楼层 (共24层) | 2007年建 | 3室1厅 | 133.31平米 | 东 南 北,https://ke-image.ljcdn.com/110000-inspection/pc1_aMCveFXFs_1.jpg!m_fill,w_280,h_210,f_jpg?from=ke.com
20230705,石景山,古城,101118196544,新上  古城路正规三居室  诚心卖,242万,43825元/平,中楼层 (共5层) | 1978年建 | 3室1厅 | 55.22平米 | 东 西,https://ke-image.ljcdn.com/110000-inspection/d85f1bc0-9405-4c74-8023-6b37eea9e0b4_1000.jpg!m_fill,w_280,h_210,f_jpg?from=ke.com
20230705,石景山,古城,101118192405,曦景长安 正规一室一厅 格局方正 满五年唯一,428万,59247元/平,低楼层 (共24层) | 2007年建 | 1室1厅 | 72.24平米 | 西,https://ke-image.ljcdn.com/110000-inspection/pc1_JsVn1dy2x.jpg!m_fill,w_280,h_210,f_jpg?from=ke.com
20230705,石景山,古城,101118189207,曦景长安 长安街边上 07年建成两居双卫,619万,51934元/平,底层 (共24层) 2室1厅 | 119.19平米 | 南,https://ke-image.ljcdn.com/110000-inspection/pc1_GzVl5V6WC_1.jpg!m_fill,w_280,h_210,f_jpg?from=ke.com
20230705,石景山,古城,101118127134,古城路小区 南北两居室 有装修  中间楼层  诚心出售,235万,46572元/平,中楼层 (共4层) | 1958年建 | 2室0厅 | 50.46平米 | 南 北,https://ke-image.ljcdn.com/110000-inspection/pc1_VoM8f0yWZ_1.jpg!m_fill,w_280,h_210,f_jpg?from=ke.com
20230705,石景山,古城,101118122140,古城南路 南北向 采光好 两居室房主自荐,208万,43552元/平,顶层 (共5层) | 1975年建 | 2室1厅 | 47.76平米 | 南 北,https://ke-image.ljcdn.com/110000-inspection/7fcf3e50-2c0e-4f6a-b37a-af260dedcbfa_1000.jpg!m_fill,w_280,h_210,f_jpg?from=ke.com
20230705,石景山,古城,101118090262,古城北路 满五唯一 93年楼龄  能用公积金！,218万,35049元/平,顶层 (共6层) | 1993年建 | 2室1厅 | 62.2平米 | 西北,https://ke-image.ljcdn.com/110000-inspection/pc1_AsSqe6XAU_1.jpg!m_fill,w_280,h_210,f_jpg?from=ke.com
20230705,石景山,古城,101118086073,古城路   *  *  *,206万,45038元/平,中楼层 (共6层) | 1983年建 | 2室1厅 | 45.74平米 | 西南,https://ke-image.ljcdn.com/110000-inspection/5df9ce96-4563-4e6d-8685-4c4c5d704fb3_1000.jpg!m_fill,w_280,h_210,f_jpg?from=ke.com
20230705,石景山,古城,101118083683,六月 好房推荐 古城南路 近古城地铁站 小三居室,260万,44226元/平,顶层 (共5层) | 1975年建 | 3室0厅 | 58.79平米 | 东 西,https://ke-image.ljcdn.com/110000-inspection/pc1_bnuOWyi5D_1.jpg!m_fill,w_280,h_210,f_jpg?from=ke.com
20230705,石景山,古城,101117954496,中海寰宇天下御山府 3室1厅 南 北,768万,75905元/平,中楼层 (共26层) 3室1厅 | 101.18平米 | 南 北,https://ke-image.ljcdn.com/110000-inspection/pc1_xGPyhXnFi.jpg!m_fill,w_280,h_210,f_jpg?from=ke.com
20230705,石景山,古城,101117947479,中海熙山府精装南向三居室下跃户型采光视野好。,875万,86004元/平,底层 (共26层) | 2021年建 | 3室1厅 | 101.74平米 | 南,https://ke-image.ljcdn.com/110000-inspection/pc1_THGescEtf_1.jpg!m_fill,w_280,h_210,f_jpg?from=ke.com
20230705,石景山,古城,101117945172,古城南路 两室一厅 非顶层 距离地铁一号线古城站360米,273万,46335元/平,高楼层 (共6层) | 1976年建 | 3室1厅 | 58.92平米 | 南 北,https://ke-image.ljcdn.com/110000-inspection/7dc71f86-0209-4688-9a2c-5c8eabf49192_1000.jpg!m_fill,w_280,h_210,f_jpg?from=ke.com
20230705,石景山,古城,101117924556,古城北路 南北通透两居室带客厅 明厨明卫 精装修,245万,47731元/平,高楼层 (共6层) | 1977年建 | 2室1厅 | 51.33平米 | 南 北,https://ke-image.ljcdn.com/110000-inspection/ebb47c09-1a63-43d5-bc48-3fe0ba468635_1000.jpg!m_fill,w_280,h_210,f_jpg?from=ke.com
20230705,石景山,古城,101117886993,古城路小区 精装修 南向 一居室,187万,47937元/平,顶层 (共6层) | 1976年建 | 1室1厅 | 39.01平米 | 东 南,https://ke-image.ljcdn.com/110000-inspection/pc1_EktfnyRi5.jpg!m_fill,w_280,h_210,f_jpg?from=ke.com
20230705,石景山,古城,101117857224,古城北路 东向一居室 楼龄新 户型方正,188万,44236元/平,顶层 (共6层) | 1993年建 | 1室1厅 | 42.5平米 | 东,https://ke-image.ljcdn.com/110000-inspection/pc1_eZkfHg4DB_1.jpg!m_fill,w_280,h_210,f_jpg?from=ke.com
20230705,石景山,古城,101117840541,古城北路便利楼层两居室1993年楼龄,257万,39661元/平,中楼层 (共6层) | 1993年建 | 2室1厅 | 64.8平米 | 西北,https://ke-image.ljcdn.com/110000-inspection/pc1_3MPMsu3nP.jpg!m_fill,w_280,h_210,f_jpg?from=ke.com
20230705,石景山,古城,101117840315,古城地铁 古城西路小区  低楼层两室一厅一厨一卫,229万,43110元/平,底层 (共6层) | 1989年建 | 2室1厅 | 53.12平米 | 南 西,https://ke-image.ljcdn.com/110000-inspection/pc1_8WMz9iq8z_1.jpg!m_fill,w_280,h_210,f_jpg?from=ke.com
20230705,石景山,古城,101117834432,地铁1号线古城站古城北路一层两居室,208万,52420元/平,底层 (共6层) | 1976年建 | 2室1厅 | 39.68平米 | 东 西,https://ke-image.ljcdn.com/110000-inspection/c83bafb4-c272-4c0e-ada3-5946af0597ac_1000.jpg!m_fill,w_280,h_210,f_jpg?from=ke.com
20230705,石景山,古城,101117833807,古城北路小区南北通透中间层两居室,356万,45853元/平,中楼层 (共6层) | 1996年建 | 2室2厅 | 77.64平米 | 南 北,https://ke-image.ljcdn.com/110000-inspection/pc1_lsZvvFPmf_1.jpg!m_fill,w_280,h_210,f_jpg?from=ke.com
20230705,石景山,古城,101117832712,古城北路全明报价198万。两居室,198万,43175元/平,顶层 (共6层) | 1987年建 | 2室1厅 | 45.86平米 | 西南,https://ke-image.ljcdn.com/110000-inspection/pc1_DhXPYlbbX_1.jpg!m_fill,w_280,h_210,f_jpg?from=ke.com
20230705,石景山,古城,101117832698,古城北路明厨明卫纯南两居室,240万,46967元/平,高楼层 (共6层) | 1987年建 | 2室1厅 | 51.1平米 | 南,https://ke-image.ljcdn.com/110000-inspection/pc1_52PkaYQFq_1.jpg!m_fill,w_280,h_210,f_jpg?from=ke.com
20230705,石景山,古城,101117830660,古城南里 精装修2年 地铁200米 诚心出售 看房方便,239万,52597元/平,中楼层 (共16层) | 1983年建 | 1室1厅 | 45.44平米 | 南,https://ke-image.ljcdn.com/110000-inspection/244f936d-6d39-4921-bcea-79d1e3f04593_1000.jpg!m_fill,w_280,h_210,f_jpg?from=ke.com
20230705,石景山,古城,101117829717,古城西路 钢混小两居 东西通透 满五唯一,227万,45428元/平,高楼层 (共6层) | 1984年建 | 2室1厅 | 49.97平米 | 东 西,https://ke-image.ljcdn.com/110000-inspection/2e32c372-e5d7-4e09-856f-c4f12bc7b6ca_1000.jpg!m_fill,w_280,h_210,f_jpg?from=ke.com
20230705,石景山,古城,101117829157,古城北路南向明初明卫带厅两居室,258万,46072元/平,顶层 (共5层) | 1983年建 | 2室1厅 | 56平米 | 南,https://ke-image.ljcdn.com/110000-inspection/7978fd60-ec08-4db1-9c77-852caab5f9c4_1000.jpg!m_fill,w_280,h_210,f_jpg?from=ke.com
20230705,石景山,古城,101117829011,古城北路*,188万,51241元/平,中楼层 (共5层) | 1983年建 | 1室1厅 | 36.69平米 | 南,https://ke-image.ljcdn.com/110000-inspection/pc1_MUuAkCTgP.jpg!m_fill,w_280,h_210,f_jpg?from=ke.com
20230705,石景山,古城,101117731080,古城北路田字格三居室 南北通透 单价低,310万,41836元/平,顶层 (共5层) | 1983年建 | 3室1厅 | 74.1平米 | 南 北,https://ke-image.ljcdn.com/110000-inspection/pc1_wvhq06Sdo.jpg!m_fill,w_280,h_210,f_jpg?from=ke.com
20230705,石景山,古城,101117660508,古城西路小区正规两室一厅一厨一卫格局精装修看房方便,305万,39452元/平,顶层 (共6层) | 1998年建 | 2室1厅 | 77.31平米 | 东 西,https://ke-image.ljcdn.com/110000-inspection/pc1_f3C4xLNi4_1.jpg!m_fill,w_280,h_210,f_jpg?from=ke.com
20230705,石景山,古城,101117658360,古城地铁 古城北路小区 正规两室一厅一厨一卫精装修,195万,44983元/平,顶层 (共6层) | 1976年建 | 2室0厅 | 43.35平米 | 东 西,https://ke-image.ljcdn.com/110000-inspection/pc1_rx3nQOqdb.jpg!m_fill,w_280,h_210,f_jpg?from=ke.com
20230705,石景山,古城,101117635803,古城特钢楼 优质两居室 看房提前联系,193万,39133元/平,高楼层 (共6层) | 1981年建 | 2室1厅 | 49.32平米 | 东,https://ke-image.ljcdn.com/110000-inspection/245e0887-3122-4a87-9a93-9e038b2dc1bf_1000.jpg!m_fill,w_280,h_210,f_jpg?from=ke.com
20230705,石景山,古城,101117634624,古城北路 中间层 温馨两居室 满五唯一 可看,209万,44620元/平,中楼层 (共6层) | 1983年建 | 2室1厅 | 46.84平米 | 西南,https://ke-image.ljcdn.com/110000-inspection/pc1_lQ5yCMQep.jpg!m_fill,w_280,h_210,f_jpg?from=ke.com
20230705,石景山,古城,101117597323,古城北路 南北通透 客厅有窗户 93年楼龄！,249万,43155元/平,顶层 (共6层) | 1993年建 | 2室1厅 | 57.7平米 | 南 北,https://ke-image.ljcdn.com/110000-inspection/pc1_judthbziR_1.jpg!m_fill,w_280,h_210,f_jpg?from=ke.com
20230705,石景山,古城,101115725854,古城西路 有电梯 全南向距离地铁一号线古城1.1千米,298万,47803元/平,中楼层 (共16层) | 1986年建 | 2室0厅 | 62.34平米 | 南 北,https://ke-image.ljcdn.com/110000-inspection/1dffd315-c736-4711-9b50-14045b42f810_1000.jpg!m_fill,w_280,h_210,f_jpg?from=ke.com
20230705,石景山,古城,101119990941,中海寰宇天下御山府*新上,630万,77539元/平,高楼层 (共16层) 2室1厅 | 81.25平米 | 南,https://s1.ljcdn.com/pegasus/redskull/images/common/default_house_list.png?_v=20230627184713780
20230705,石景山,古城,101119979913,古城现代嘉园 2室1厅 南 北新上,456万,57883元/平,中楼层 (共21层) 2室1厅 | 78.78平米 | 南 北,https://s1.ljcdn.com/pegasus/redskull/images/common/default_house_list.png?_v=20230627184713780
20230705,石景山,古城,101119979599,中海金鑫阁 1室1厅 南新上,166万,41284元/平,中楼层 (共14层) 1室1厅 | 40.21平米 | 南,https://s1.ljcdn.com/pegasus/redskull/images/common/default_house_list.png?_v=20230627184713780
20230705,石景山,古城,101119979387,新上古城南里 南向两居室 满五年 近地铁新上,318万,51184元/平,高楼层 (共16层) | 1983年建 | 2室1厅 | 62.13平米 | 东南,https://s1.ljcdn.com/pegasus/redskull/images/common/default_house_list.png?_v=20230627184713780
20230705,石景山,古城,101119927284,古城南路 3室1厅 西南 北新上,280万,47378元/平,中楼层 (共5层) | 1975年建 | 3室1厅 | 59.1平米 | 西南 北,https://s1.ljcdn.com/pegasus/redskull/images/common/default_house_list.png?_v=20230627184713780
20230705,石景山,古城,101119887500,中海长安雅苑 2室1厅 南 北,437万,61942元/平,低楼层 (共7层) | 2017年建 | 2室1厅 | 70.55平米 | 南 北,https://s1.ljcdn.com/pegasus/redskull/images/common/default_house_list.png?_v=20230627184713780
20230705,石景山,古城,101119870157,中海金鑫阁 1室1厅 北,160万,42250元/平,中楼层 (共14层) 1室1厅 | 37.87平米 | 北,https://s1.ljcdn.com/pegasus/redskull/images/common/default_house_list.png?_v=20230627184713780
20230705,石景山,古城,101119791618,中海金玺公馆电梯直达车位靠谱卖,28万,8532元/平,地下室 (共20层) | 2017年建 | 1室0厅 | 32.82平米 | 南,https://ke-image.ljcdn.com/110000-inspection/a7249656dbc1081507a38d5072ed4f2d-054.jpg!m_fill,w_280,h_210,f_jpg?from=ke.com
20230705,石景山,古城,101119660032,金融街长安石景山古城靠谱出售价格可议,397万,36848元/平,低楼层 (共31层) 2室2厅 | 107.74平米 | 南,https://s1.ljcdn.com/pegasus/redskull/images/common/default_house_list.png?_v=20230627184713780
20230705,石景山,古城,101119576796,有电梯1室1厅1卫北中海金鑫阁,129万,34373元/平,低楼层 (共14层) 1室1厅 | 37.53平米 | 北,https://s1.ljcdn.com/pegasus/redskull/images/common/default_house_list.png?_v=20230627184713780
20230705,石景山,古城,101119541854,中海金鑫阁 2室1厅 东,175万,35519元/平,低楼层 (共14层) 2室1厅 | 49.27平米 | 东,https://s1.ljcdn.com/pegasus/redskull/images/common/default_house_list.png?_v=20230627184713780
20230705,石景山,古城,101119394886,长安街沿线一号线地铁精装大户型时尚小区采光好,510万,47175元/平,高楼层 (共31层) 2室1厅 | 108.11平米 | 南,https://s1.ljcdn.com/pegasus/redskull/images/common/default_house_list.png?_v=20230627184713780
20230705,石景山,古城,101119322272,金融街长安中心 1室0厅 西,110万,28005元/平,高楼层 (共31层) | 2016年建 | 1室0厅 | 39.28平米 | 西,https://s1.ljcdn.com/pegasus/redskull/images/common/default_house_list.png?_v=20230627184713780
20230705,石景山,古城,101119277266,中海熙山府车位管家式服务24小时高清监控和安保,30万,10239元/平,地下室 | 2021年建 | 1室0厅 | 29.3平米 | 东,https://ke-image.ljcdn.com/110000-inspection/7a617b18-a206-4b81-bedd-0100b8454062.jpg!m_fill,w_280,h_210,f_jpg?from=ke.com
20230705,石景山,古城,101119226595,中海金鑫阁 2室1厅 西北,220万,41486元/平,中楼层 (共14层) 2室1厅 | 53.03平米 | 西北,https://s1.ljcdn.com/pegasus/redskull/images/common/default_house_list.png?_v=20230627184713780
20230705,石景山,古城,101119193623,中海金玺公馆 中间层四居室 业主诚心出售,980万,73058元/平,低楼层 (共20层) 4室2厅 | 134.14平米 | 南 北,https://s1.ljcdn.com/pegasus/redskull/images/common/default_house_list.png?_v=20230627184713780
20230705,石景山,古城,101119095186,古城北路 南北通透落地飘窗 大客厅两居室,496万,52228元/平,高楼层 (共6层) | 2004年建 | 2室1厅 | 94.97平米 | 南 北,https://s1.ljcdn.com/pegasus/redskull/images/common/default_house_list.png?_v=20230627184713780
20230705,石景山,古城,101119085506,明厨卧室朝南有电梯1室1厅1卫,238万,52262元/平,中楼层 (共16层) | 1985年建 | 1室1厅 | 45.54平米 | 南,https://s1.ljcdn.com/pegasus/redskull/images/common/default_house_list.png?_v=20230627184713780
20230705,石景山,古城,101119039457,中海寰宇天下熙山府 车位,34万,11605元/平,地下室 (共2层) 1室0厅 | 29.3平米 | 南,https://ke-image.ljcdn.com/110000-inspection/a55a4705-df1d-4f55-a3af-e47e09bec33b.jpg!m_fill,w_280,h_210,f_jpg?from=ke.com
20230705,石景山,古城,101119018087,中海金石公馆 车位,26万,9414元/平,地下室 (共3层) 1室1厅 | 27.62平米 | 南,https://ke-image.ljcdn.com/110000-inspection/f812f1424632f36791c4ab1a102584fc-056.jpg!m_fill,w_280,h_210,f_jpg?from=ke.com
20230705,石景山,古城,101118907921,房本满五年唯一住宅距离1号线古城地铁站约300米,215万,41047元/平,中楼层 (共5层) | 1979年建 | 2室1厅 | 52.38平米 | 南 北,https://s1.ljcdn.com/pegasus/redskull/images/common/default_house_list.png?_v=20230627184713780
20230705,石景山,古城,101118852029,金融街长安中小户型西向舒适小户型,120万,30707元/平,中楼层 (共31层) 1室1厅 | 39.08平米 | 西,https://s1.ljcdn.com/pegasus/redskull/images/common/default_house_list.png?_v=20230627184713780
20230705,石景山,古城,101118838383,中海金鑫阁管家式服务有园林绿化设计景观。,338万,46487元/平,中楼层 (共14层) | 2017年建 | 3室1厅 | 72.71平米 | 西南,https://s1.ljcdn.com/pegasus/redskull/images/common/default_house_list.png?_v=20230627184713780
20230705,石景山,古城,101118803629,金融街长安中心 1室1厅 西,150万,38383元/平,中楼层 (共31层) | 2016年建 | 1室1厅 | 39.08平米 | 西,https://s1.ljcdn.com/pegasus/redskull/images/common/default_house_list.png?_v=20230627184713780
20230705,石景山,古城,101118797952,中海金玺公馆独立停车库管家式服务24小时安保。,30万,8694元/平,地下室 (共20层) | 2017年建 | 1室0厅 | 34.51平米 | 南,https://ke-image.ljcdn.com/110000-inspection/9bf88ebd-a9fc-4481-adfe-f10e2f45a51b.jpg!m_fill,w_280,h_210,f_jpg?from=ke.com
20230705,石景山,古城,101118778595,金融街长安中心 1室1厅 东,230万,45063元/平,低楼层 (共31层) 1室1厅 | 51.04平米 | 东,https://s1.ljcdn.com/pegasus/redskull/images/common/default_house_list.png?_v=20230627184713780
20230705,石景山,古城,101118494461,中海金鑫阁 商办类 上下层 有装修,174万,44107元/平,中楼层 (共14层) | 2017年建 | 1室1厅 | 39.45平米 | 东,https://s1.ljcdn.com/pegasus/redskull/images/common/default_house_list.png?_v=20230627184713780
20230705,石景山,古城,101118285988,金融街长安中心 古城地铁边 南向 随时看 全款购买,450万,41659元/平,中楼层 (共31层) 3室1厅 | 108.02平米 | 南,https://s1.ljcdn.com/pegasus/redskull/images/common/default_house_list.png?_v=20230627184713780
20230705,石景山,古城,101118275208,中海金鑫阁 * *房主自荐,175万,35519元/平,中楼层 (共14层) | 2017年建 | 2室1厅 | 49.27平米 | 东,https://s1.ljcdn.com/pegasus/redskull/images/common/default_house_list.png?_v=20230627184713780
20230705,石景山,古城,101118258903,中海寰宇天下御山府车库出售靠近单元电梯位置。,35万,11983元/平,地下室 | 2021年建 | 1室0厅 | 29.21平米 | 南,https://s1.ljcdn.com/pegasus/redskull/images/common/default_house_list.png?_v=20230627184713780
20230705,石景山,古城,101118213634,中海寰宇天下熙山府电梯直达车位,32万,10922元/平,地下室 (共2层) | 2021年建 | 1室0厅 | 29.3平米 | 南,https://ke-image.ljcdn.com/110000-inspection/05a2ad18b598ca353be184163bea4335-059.jpg!m_fill,w_280,h_210,f_jpg?from=ke.com
20230705,石景山,古城,101118184515,中海金鑫阁  上下两层结构 精装修,300万,56562元/平,中楼层 (共14层) 2室1厅 | 53.04平米 | 东北,https://s1.ljcdn.com/pegasus/redskull/images/common/default_house_list.png?_v=20230627184713780
20230705,石景山,古城,101118146057,古城北路小区中间楼层价格可以谈 正规三居室,270万,45694元/平,中楼层 (共6层) | 1977年建 | 3室1厅 | 59.09平米 | 南 北,https://s1.ljcdn.com/pegasus/redskull/images/common/default_house_list.png?_v=20230627184713780
20230705,石景山,古城,101118100475,金融街长安中心 2室2厅 南,430万,45809元/平,高楼层 (共31层) 2室2厅 | 93.87平米 | 南,https://s1.ljcdn.com/pegasus/redskull/images/common/default_house_list.png?_v=20230627184713780
20230705,石景山,古城,101118048403,中海金玺公馆 带下跃四居室 对着小区花园 诚心出售,1030万,76786元/平,底层 (共20层) 4室2厅 | 134.14平米 | 南 北,https://s1.ljcdn.com/pegasus/redskull/images/common/default_house_list.png?_v=20230627184713780
20230705,石景山,古城,101118042110,中海金鑫阁离一号线古城地铁站近精装修,199万,40580元/平,中楼层 (共14层) | 2017年建 | 2室1厅 | 49.04平米 | 东,https://s1.ljcdn.com/pegasus/redskull/images/common/default_house_list.png?_v=20230627184713780
20230705,石景山,古城,101117972066,中海寰宇天下熙山府*,29.5万,10069元/平,地下室 (共2层) 1室0厅 | 29.3平米 | 南,https://ke-image.ljcdn.com/110000-inspection/75cbb6d2bb9a31188b238f455ea10325-079.jpg!m_fill,w_280,h_210,f_jpg?from=ke.com
20230705,石景山,古城,101117957259,中海寰宇天下御山府 中楼层 采光视野好,955万,76757元/平,中楼层 (共24层) | 2021年建 | 3室2厅 | 124.42平米 | 南 北,https://s1.ljcdn.com/pegasus/redskull/images/common/default_house_list.png?_v=20230627184713780
20230705,石景山,古城,101117945709,中海金石公馆地下车位四四方方无障碍,28万,9486元/平,地下室 (共3层) 1室1厅 | 29.52平米 | 东,https://s1.ljcdn.com/pegasus/redskull/images/common/default_house_list.png?_v=20230627184713780
20230705,石景山,古城,101117945384,中海金石公馆地下二层车位出口边上,38万,12856元/平,地下室 (共3层) 1室1厅 | 29.56平米 | 东,https://s1.ljcdn.com/pegasus/redskull/images/common/default_house_list.png?_v=20230627184713780
20230705,石景山,古城,101117919429,中海金玺公馆 车位,29万,8578元/平,地下室 (共20层) 1室0厅 | 33.81平米 | 南,https://ke-image.ljcdn.com/110000-inspection/0687512fe6180223cdb8856b4490e4ff-049.jpg!m_fill,w_280,h_210,f_jpg?from=ke.com
20230705,石景山,古城,101117871245,中海寰宇天下熙山府 车位,35万,11946元/平,地下室 (共2层) 1室0厅 | 29.3平米 | 东,https://ke-image.ljcdn.com/110000-inspection/68c3d699833203d938b4809b5c915f51-053.jpg!m_fill,w_280,h_210,f_jpg?from=ke.com
20230705,石景山,古城,101117742974,中海金石公馆 3室2厅 南 北,965万,71647元/平,低楼层 (共18层) 3室2厅 | 134.69平米 | 南 北,https://s1.ljcdn.com/pegasus/redskull/images/common/default_house_list.png?_v=20230627184713780
20230705,石景山,古城,101117715165,中海金石公馆 车位,40万,13798元/平,地下室 1室0厅 | 28.99平米 | 南,https://ke-image.ljcdn.com/110000-inspection/ae9d17af731f70f4d2cdd33024744e16-095.jpg!m_fill,w_280,h_210,f_jpg?from=ke.com
20230705,石景山,古城,101117721455,金融街长安中心 2室2厅 东南,365万,40493元/平,低楼层 (共31层) | 2016年建 | 2室2厅 | 90.14平米 | 东南,https://s1.ljcdn.com/pegasus/redskull/images/common/default_house_list.png?_v=20230627184713780
20230705,石景山,古城,101117622649,有电梯1室1厅1卫南景山财富中心,220万,31696元/平,中楼层 (共8层) | 2014年建 | 1室1厅 | 69.41平米 | 南,https://s1.ljcdn.com/pegasus/redskull/images/common/default_house_list.png?_v=20230627184713780
20230705,石景山,古城,101117408211,中海金鑫阁楼层好位置好总价好,140万,37304元/平,顶层 (共14层) 1室1厅 | 37.53平米 | 北,https://s1.ljcdn.com/pegasus/redskull/images/common/default_house_list.png?_v=20230627184713780
20230705,石景山,古城,101117404528,中海金石公馆车位车位车位位置佳,40万,13085元/平,地下室 | 2014年建 | 1室0厅 | 30.57平米 | 东,https://ke-image.ljcdn.com/110000-inspection/d2d302b4e514ed2d8a1e861573c82f7c-061.jpg!m_fill,w_280,h_210,f_jpg?from=ke.com
20230705,石景山,古城,101117366551,中海金玺公馆单独车位位置好。,30万,8953元/平,地下室 | 2017年建 | 1室0厅 | 33.51平米 | 南,https://ke-image.ljcdn.com/110000-inspection/343f07dd98117d41189d6c2eb81c2af9-037.jpg!m_fill,w_280,h_210,f_jpg?from=ke.com
20230705,石景山,古城,101117339847,中海金玺公馆 地下一层车位 诚心出售,26万,7759元/平,地下室 (共20层) 1室0厅 | 33.51平米 | 南,https://ke-image.ljcdn.com/110000-inspection/eab83fc912fcdf9d24bb171114ddfd56-078.jpg!m_fill,w_280,h_210,f_jpg?from=ke.com
20230705,石景山,古城,101117274003,中海寰宇天下熙山府电梯直达车位,32万,10922元/平,地下室 (共2层) | 2021年建 | 1室1厅 | 29.3平米 | 东,https://ke-image.ljcdn.com/110000-inspection/0ff0b216985883a8b9e67021616f8275-083.jpg!m_fill,w_280,h_210,f_jpg?from=ke.com
20230705,石景山,古城,101117080572,中海金鑫阁小户型业主急售靠谱签约,133万,35439元/平,中楼层 (共14层) 1室1厅 | 37.53平米 | 北,https://s1.ljcdn.com/pegasus/redskull/images/common/default_house_list.png?_v=20230627184713780
20230705,石景山,古城,101116914834,中海寰宇天下御山府 车位,40万,13694元/平,地下室 1室0厅 | 29.21平米 | 南,https://ke-image.ljcdn.com/110000-inspection/725af71d99a7fa32c67cc7faa5d4f846-077.jpg!m_fill,w_280,h_210,f_jpg?from=ke.com
20230705,石景山,古城,101116865337,中海金玺公馆 车位,33万,9563元/平,地下室 (共20层) | 2017年建 | 1室0厅 | 34.51平米 | 南,https://ke-image.ljcdn.com/110000-inspection/c5f50e8614d7d3179e2a2f22aa79276d-032.jpg!m_fill,w_280,h_210,f_jpg?from=ke.com
20230705,石景山,古城,101116877807,楼龄新位置好交通便利上下两层,150万,34475元/平,中楼层 (共14层) 1室1厅 | 43.51平米 | 东,https://s1.ljcdn.com/pegasus/redskull/images/common/default_house_list.png?_v=20230627184713780
20230705,石景山,古城,101116865231,中海金玺公馆 车位,30万,8953元/平,地下室 (共20层) 1室0厅 | 33.51平米 | 南,https://ke-image.ljcdn.com/110000-inspection/b6bb48f52c8f69cb8e20c3b5a2d7f251-040.jpg!m_fill,w_280,h_210,f_jpg?from=ke.com
20230705,石景山,古城,101116851916,中海金玺公馆负一层车位电梯直达,32万,9273元/平,地下室 (共20层) | 2017年建 | 1室1厅 | 34.51平米 | 南,https://ke-image.ljcdn.com/110000-inspection/6c1cb97100d0c2f3b6df4aec6ff7d37f-011.jpg!m_fill,w_280,h_210,f_jpg?from=ke.com
20230705,石景山,古城,101116695927,中海寰宇天下景山府 车位,28万,10190元/平,地下室 (共26层) | 2020年建 | 1室0厅 | 27.48平米 | 南,https://s1.ljcdn.com/pegasus/redskull/images/common/default_house_list.png?_v=20230627184713780
20230705,石景山,古城,101116641574,交通便利配套齐全上下两层环境不错。...,130万,34639元/平,低楼层 (共14层) 1室1厅 | 37.53平米 | 北,https://s1.ljcdn.com/pegasus/redskull/images/common/default_house_list.png?_v=20230627184713780
20230705,石景山,古城,101116413864,中海金玺公馆 地下一层车位 业主诚心出售,32万,9751元/平,地下室 (共20层) 1室0厅 | 32.82平米 | 南,https://ke-image.ljcdn.com/110000-inspection/a31e2dad86525d52d9da8c1d10f5aa57-008.jpg!m_fill,w_280,h_210,f_jpg?from=ke.com
20230705,石景山,古城,101116264287,中海金石公馆 车位,40万,13334元/平,地下室 (共3层) | 2014年建 | 1室0厅 | 30平米 | 南,https://ke-image.ljcdn.com/110000-inspection/a59d505b67860d254b1fe9735e0f764a-008.jpg!m_fill,w_280,h_210,f_jpg?from=ke.com
20230705,石景山,古城,101116232965,2022新上中海金玺公馆产权车位业主诚心出售,27万,8227元/平,地下室 (共20层) | 2017年建 | 1室0厅 | 32.82平米 | 南,https://ke-image.ljcdn.com/110000-inspection/143c8b8ff269d6b7e5cfd2a6c0565eb9-015.jpg!m_fill,w_280,h_210,f_jpg?from=ke.com
20230705,石景山,古城,101115983946,古城村中街33号院少有带仓储间车位,36万,12093元/平,地下室 | 2014年建 | 1室0厅 | 29.77平米 | 北,https://ke-image.ljcdn.com/110000-inspection/e3193514-ff59-4af1-9baa-3c5f70a4391c.jpg!m_fill,w_280,h_210,f_jpg?from=ke.com
20230705,石景山,古城,101115918883,金融街长安中心靠谱出售随时可看,180万,32120元/平,中楼层 (共31层) | 2016年建 | 1室1厅 | 56.04平米 | 南 北,https://s1.ljcdn.com/pegasus/redskull/images/common/default_house_list.png?_v=20230627184713780
20230705,石景山,古城,101115867921,交通便利配套齐全上下两层环境不错。,135万,35933元/平,低楼层 (共14层) | 2017年建 | 1室1厅 | 37.57平米 | 北,https://s1.ljcdn.com/pegasus/redskull/images/common/default_house_list.png?_v=20230627184713780
20230705,石景山,古城,101115721287,中海金石公馆  靠谱车位 诚心出售,35万,11517元/平,地下室 (共3层) | 2014年建 | 1室0厅 | 30.39平米 | 南,https://s1.ljcdn.com/pegasus/redskull/images/common/default_house_list.png?_v=20230627184713780
20230705,石景山,古城,101115721352,中海金石公馆 车位出售 随时可签,40万,14095元/平,地下室 (共3层) | 2014年建 | 1室0厅 | 28.38平米 | 南,https://ke-image.ljcdn.com/110000-inspection/06f897321b0082260f658d4cef4f01f3-053.jpg!m_fill,w_280,h_210,f_jpg?from=ke.com
20230705,石景山,古城,101115692560,中海金鑫阁    楼龄新 近地铁,242万,41213元/平,高楼层 (共14层) | 2017年建 | 3室1厅 | 58.72平米 | 南,https://s1.ljcdn.com/pegasus/redskull/images/common/default_house_list.png?_v=20230627184713780
20230705,石景山,古城,101115652073,中海金石公馆不错少有价格便宜的车位,30万,10571元/平,地下室 | 2014年建 | 1室0厅 | 28.38平米 | 东,https://ke-image.ljcdn.com/110000-inspection/3b3cdae02f53ddb5c046c1e499e6f70f-014.jpg!m_fill,w_280,h_210,f_jpg?from=ke.com
20230705,石景山,古城,101115639107,中海寰宇天下景山府 车位靠谱出售,27万,9826元/平,地下室 (共26层) | 2020年建 | 1室0厅 | 27.48平米 | 南,https://s1.ljcdn.com/pegasus/redskull/images/common/default_house_list.png?_v=20230627184713780
20230705,石景山,古城,101115608293,中海金玺公馆 车位,30万,8874元/平,地下室 (共20层) | 2017年建 | 1室0厅 | 33.81平米 | 南,https://ke-image.ljcdn.com/110000-inspection/b722745b741c816c956625a83ea1a8f0-037.jpg!m_fill,w_280,h_210,f_jpg?from=ke.com
20230705,石景山,古城,101115464688,近地铁 中海物业 电梯房 管理好,239万,40744元/平,中楼层 (共14层) | 2017年建 | 3室1厅 | 58.66平米 | 南,https://s1.ljcdn.com/pegasus/redskull/images/common/default_house_list.png?_v=20230627184713780
20230705,石景山,古城,101115374722,中海金石公馆 地下一层产权车位 业主诚心出售,40万,12392元/平,地下室 (共3层) | 2014年建 | 1室0厅 | 32.28平米 | 南,https://ke-image.ljcdn.com/110000-inspection/31f1ba5d675c62ff5d21418d6bda2368-011.jpg!m_fill,w_280,h_210,f_jpg?from=ke.com
20230705,石景山,古城,101115138201,中海寰宇天下熙山府 车位,32万,10922元/平,地下室 (共2层) | 2021年建 | 1室0厅 | 29.3平米 | 南,https://ke-image.ljcdn.com/110000-inspection/871ee9768ad2baa1078d0cca265fcb75-064.jpg!m_fill,w_280,h_210,f_jpg?from=ke.com
20230705,石景山,古城,101115138260,中海寰宇天下熙山府 车位,35万,11946元/平,地下室 (共2层) | 2021年建 | 1室0厅 | 29.3平米 | 南,https://ke-image.ljcdn.com/110000-inspection/5eff61b429b3b7b567a3b28c8c90cdda-016.jpg!m_fill,w_280,h_210,f_jpg?from=ke.com
20230705,石景山,古城,101114998119,近地铁楼龄新三室*物业管理好电梯房,307万,42223元/平,中楼层 (共14层) | 2017年建 | 3室1厅 | 72.71平米 | 东南,https://s1.ljcdn.com/pegasus/redskull/images/common/default_house_list.png?_v=20230627184713780
20230705,石景山,古城,101114837133,交通便利配套齐全上下两层环境不错。,140万,37264元/平,高楼层 (共14层) 1室1厅 | 37.57平米 | 北,https://s1.ljcdn.com/pegasus/redskull/images/common/default_house_list.png?_v=20230627184713780
20230705,石景山,古城,101114714217,中海金玺公馆 地下一层车位 业主诚心出售,32万,9273元/平,地下室 (共20层) 1室0厅 | 34.51平米 | 南,https://ke-image.ljcdn.com/110000-inspection/f65bc6cc68f69bc9d4a0746f9fb3887a-045.jpg!m_fill,w_280,h_210,f_jpg?from=ke.com
20230705,石景山,古城,101114524243,位置好交通便利周边配套齐全。,550万,38831元/平,低楼层 (共8层) 3室1厅 | 141.64平米 | 南,https://s1.ljcdn.com/pegasus/redskull/images/common/default_house_list.png?_v=20230627184713780
20230705,石景山,古城,101114402709,中海金石公馆产权车位出售封闭小区管家式服务。,40万,14220元/平,地下室 (共3层) | 2014年建 | 1室0厅 | 28.13平米 | 南,https://ke-image.ljcdn.com/110000-inspection/94cd6d49e5f7376865968dc55136b73d-021.jpg!m_fill,w_280,h_210,f_jpg?from=ke.com
20230705,石景山,古城,101114298027,交通便利配套齐全平层环境不错。,338万,36201元/平,低楼层 (共31层) 2室2厅 | 93.37平米 | 东南,https://s1.ljcdn.com/pegasus/redskull/images/common/default_house_list.png?_v=20230627184713780
20230705,石景山,古城,101114245880,金融街长安中心 商业办公 人车分流 封闭式社区房主自荐,260万,33025元/平,中楼层 (共31层) | 2016年建 | 2室1厅 | 78.73平米 | 西北,https://s1.ljcdn.com/pegasus/redskull/images/common/default_house_list.png?_v=20230627184713780
20230705,石景山,古城,101114087445,交通便利配套齐全上下两层环境不错。,135万,33491元/平,中楼层 (共14层) | 2017年建 | 1室1厅 | 40.31平米 | 北,https://s1.ljcdn.com/pegasus/redskull/images/common/default_house_list.png?_v=20230627184713780
20230705,石景山,古城,101114054469,交通便利配套齐全上下两层人车分流,239万,40744元/平,中楼层 (共14层) | 2017年建 | 3室1厅 | 58.66平米 | 南,https://s1.ljcdn.com/pegasus/redskull/images/common/default_house_list.png?_v=20230627184713780
20230705,石景山,古城,101113352898,中海金鑫阁   好楼层   视野好,165万,41826元/平,高楼层 (共14层) | 2017年建 | 1室1厅 | 39.45平米 | 北,https://s1.ljcdn.com/pegasus/redskull/images/common/default_house_list.png?_v=20230627184713780
20230705,石景山,古城,101113343860,中海金鑫阁房本满两年房产不临街可以办公房主自荐,148万,39394元/平,中楼层 (共14层) | 2017年建 | 1室1厅 | 37.57平米 | 北,https://s1.ljcdn.com/pegasus/redskull/images/common/default_house_list.png?_v=20230627184713780
20230705,石景山,古城,101112480802,交通方便中海物业小区管理好近地铁配套齐全,245万,41674元/平,高楼层 (共14层) | 2017年建 | 3室1厅 | 58.79平米 | 南,https://s1.ljcdn.com/pegasus/redskull/images/common/default_house_list.png?_v=20230627184713780
20230705,石景山,古城,101111905395,中海金鑫阁  近地铁  中海物业  配套齐全,120万,31941元/平,低楼层 (共14层) 1室1厅 | 37.57平米 | 北,https://s1.ljcdn.com/pegasus/redskull/images/common/default_house_list.png?_v=20230627184713780
20230705,石景山,古城,101111791952,房子真好自用价格可以谈看房随时请联系,255万,29137元/平,中楼层 (共8层) | 2014年建 | 3室1厅 | 87.52平米 | 东南,https://s1.ljcdn.com/pegasus/redskull/images/common/default_house_list.png?_v=20230627184713780
20230705,石景山,古城,101110729123,古城地铁西侧精装修 带有地下车位,230万,45019元/平,高楼层 (共31层) | 2016年建 | 1室1厅 | 51.09平米 | 西,https://s1.ljcdn.com/pegasus/redskull/images/common/default_house_list.png?_v=20230627184713780
20230705,石景山,古城,101110361323,中海大厦 一号线古城地铁站300米,160万,39693元/平,低楼层 (共14层) | 2017年建 | 1室1厅 | 40.31平米 | 南,https://s1.ljcdn.com/pegasus/redskull/images/common/default_house_list.png?_v=20230627184713780
20230705,石景山,古城,101110099528,金融街长安中心 精装修商业办公类配套齐全,259万,40118元/平,低楼层 (共31层) | 2016年建 | 2室1厅 | 64.56平米 | 东北,https://s1.ljcdn.com/pegasus/redskull/images/common/default_house_list.png?_v=20230627184713780
