20231212,丰台,岳各庄,101122029210,丰体时代花园 东向两居室商品房无综合地价款。必看好房,456万,49485元/平,高楼层 (共29层) | 2009年 | 2室1厅 | 92.15平米 | 东,https://ke-image.ljcdn.com/110000-inspection/pc1_mvO4CKJVZ_1.jpg!m_fill,w_280,h_210,f_jpg?from=ke.com
20231212,丰台,岳各庄,101121919407,西四环五棵松南 万科紫台 商品房社区 双卧客厅正南必看好房,1300万,77548元/平,中楼层 (共18层) | 2006年 | 3室2厅 | 167.64平米 | 南 北,https://ke-image.ljcdn.com/110000-inspection/14ff3ab0-85b8-4ba4-8aa3-9ba0d84cd571_1000.jpg!m_fill,w_280,h_210,f_jpg?from=ke.com
20231212,丰台,岳各庄,101121892057,珠江峰景 风景无边两居室 满五年唯一住房必看好房,609万,55124元/平,低楼层 (共21层) 2室2厅 | 110.48平米 | 西南 东北,https://ke-image.ljcdn.com/110000-inspection/pc1_f1pcEGgxl_1.jpg!m_fill,w_280,h_210,f_jpg?from=ke.com
20231212,丰台,岳各庄,101121799059,满五年唯一南北通透采光好视野开阔明厨明卫必看好房,700万,58583元/平,中楼层 (共23层) 3室1厅 | 119.49平米 | 北 南,https://ke-image.ljcdn.com/110000-inspection/aef50e73-7c34-469b-b217-f46bfd596968_1000.jpg!m_fill,w_280,h_210,f_jpg?from=ke.com
20231212,丰台,岳各庄,101121722668,西府颐园 两梯四户 南向 楼龄新 光线好 得房高 绿化好必看好房,515万,56223元/平,中楼层 (共17层) | 2010年 | 2室1厅 | 91.6平米 | 东南,https://ke-image.ljcdn.com/110000-inspection/d2913f0f-6ec8-4579-8406-8d5cedafca05_1000.jpg!m_fill,w_280,h_210,f_jpg?from=ke.com
20231212,丰台,岳各庄,101122029274,正规南向三居 采光好 双卫设计 落地大阳台 满五年唯一,730万,60192元/平,低楼层 (共23层) | 2007年 | 3室2厅 | 121.28平米 | 南,https://ke-image.ljcdn.com/110000-inspection/pc1_mbgMs7KCq_1.jpg!m_fill,w_280,h_210,f_jpg?from=ke.com
20231212,丰台,岳各庄,101121768882,西四环岳各庄桥珠江峰景小区明厨明卫两居必看好房,640万,54837元/平,中楼层 (共21层) 2室1厅 | 116.71平米 | 西南,https://ke-image.ljcdn.com/110000-inspection/0216039c-caee-4ff6-812d-fb654850004e_1000.jpg!m_fill,w_280,h_210,f_jpg?from=ke.com
20231212,丰台,岳各庄,101121723702,丰台区青塔西路58号院珠江峰景小区,730万,57576元/平,顶层 (共21层) | 2006年 | 3室1厅 | 126.79平米 | 东南,https://ke-image.ljcdn.com/110000-inspection/ef6bcfd3-7e18-4887-a756-df79b1a51c50_1000.jpg!m_fill,w_280,h_210,f_jpg?from=ke.com
20231212,丰台,岳各庄,101121707572,西四环岳各庄北桥珠江峰景正南向三居出售,759万,60081元/平,高楼层 (共21层) 3室2厅 | 126.33平米 | 南,https://ke-image.ljcdn.com/110000-inspection/pc1_7000R3SRc_1.jpg!m_fill,w_280,h_210,f_jpg?from=ke.com
20231212,丰台,岳各庄,101121613327,大井南里 小区C位 无遮挡 近地铁必看好房,286万,55871元/平,中楼层 (共6层) 2室1厅 | 51.19平米 | 南 北,https://ke-image.ljcdn.com/110000-inspection/pc1_TssJpygHl_1.jpg!m_fill,w_280,h_210,f_jpg?from=ke.com
20231212,丰台,岳各庄,101121610275,精装修仅契税保持好视野好看房方便价可谈,615万,54243元/平,低楼层 (共13层) 2室1厅 | 113.38平米 | 南 北,https://ke-image.ljcdn.com/110000-inspection/fce6e40d-2eb1-43a1-bb50-b4a5f7e88dfb_1000.jpg!m_fill,w_280,h_210,f_jpg?from=ke.com
20231212,丰台,岳各庄,101121409131,万科紫台 南北通透三居 高层 有产权车位必看好房,1270万,75758元/平,中楼层 (共18层) | 2006年 | 3室2厅 | 167.64平米 | 南 北,https://ke-image.ljcdn.com/110000-inspection/pc1_hgYWQl0sK_1.jpg!m_fill,w_280,h_210,f_jpg?from=ke.com
20231212,丰台,岳各庄,101121340852,五棵松南高层观景中堂2011年建成南北通透业主诚售必看好房,690万,59870元/平,高楼层 (共17层) | 2011年 | 2室2厅 | 115.25平米 | 南 北,https://ke-image.ljcdn.com/110000-inspection/pc1_nfXEKb6y5_1.jpg!m_fill,w_280,h_210,f_jpg?from=ke.com
20231212,丰台,岳各庄,101121304821,西府颐园万和园 商品房社区 安静 人车分流 综合价优必看好房,580万,63842元/平,中楼层 (共21层) 2室1厅 | 90.85平米 | 南,https://ke-image.ljcdn.com/110000-inspection/pc1_Ph2Z8mw3Y_1.jpg!m_fill,w_280,h_210,f_jpg?from=ke.com
20231212,丰台,岳各庄,101121298188,中堂南北两居室前后花园公园社区。,760万,66896元/平,中楼层 (共25层) 2室1厅 | 113.61平米 | 南 北,https://ke-image.ljcdn.com/110000-inspection/675d9d32-091d-4b2e-9e92-cb3e555562b2_1000.jpg!m_fill,w_280,h_210,f_jpg?from=ke.com
20231212,丰台,岳各庄,101121153056,丰体时代花园 一期朝南两居室  户型方正采光好,449万,49045元/平,中楼层 (共28层) | 2005年 | 2室1厅 | 91.55平米 | 南,https://ke-image.ljcdn.com/110000-inspection/pc1_lePTZy6iz_1.jpg!m_fill,w_280,h_210,f_jpg?from=ke.com
20231212,丰台,岳各庄,101121079745,大井北里南向一居室不临街交通便利！,185万,44622元/平,高楼层 (共6层) | 1990年 | 1室1厅 | 41.46平米 | 南,https://ke-image.ljcdn.com/110000-inspection/pc1_mTT3RGLPU_1.jpg!m_fill,w_280,h_210,f_jpg?from=ke.com
20231212,丰台,岳各庄,101121034529,民岳家园 优质两居室 中间楼层 带落地阳台必看好房,469万,50038元/平,中楼层 (共23层) | 2007年 | 2室1厅 | 93.73平米 | 西南,https://ke-image.ljcdn.com/110000-inspection/f3bd7488-4f48-4479-b90a-7d2b693d174c_1000.jpg!m_fill,w_280,h_210,f_jpg?from=ke.com
20231212,丰台,岳各庄,101121010159,西四环 民岳家园舒适大两居 商品房 满五年唯一 有车位,500万,48054元/平,中楼层 (共22层) | 2003年 | 2室2厅 | 104.05平米 | 西南,https://ke-image.ljcdn.com/110000-inspection/069d2361-327e-4af2-91ab-fa7c33ca498e_1000.jpg!m_fill,w_280,h_210,f_jpg?from=ke.com
20231212,丰台,岳各庄,101120877669,西四环珠江峰景优质三居 满五唯一精装 视野开阔,718万,59384元/平,高楼层 (共21层) | 2006年 | 3室2厅 | 120.91平米 | 东南,https://ke-image.ljcdn.com/110000-inspection/pc1_BK0SlkQKY_1.jpg!m_fill,w_280,h_210,f_jpg?from=ke.com
20231212,丰台,岳各庄,101120066245,丰体时代花园 南向2居室 高层无遮挡。必看好房,498万,53405元/平,高楼层 (共28层) | 2008年 | 2室1厅 | 93.25平米 | 南,https://ke-image.ljcdn.com/110000-inspection/pc1_3pcO6DTve_1.jpg!m_fill,w_280,h_210,f_jpg?from=ke.com
20231212,丰台,岳各庄,101120057535,楼层好 视野好 不临街 诚心出售 看房方便 优质好房,308万,58422元/平,中楼层 (共21层) 1室1厅 | 52.72平米 | 东,https://ke-image.ljcdn.com/110000-inspection/pc1_lpRy7AqmO_1.jpg!m_fill,w_280,h_210,f_jpg?from=ke.com
20231212,丰台,岳各庄,101120019783,靛厂锦园 正规一居室 南北通透 看房方便房主自荐,339万,55520元/平,中楼层 (共6层) 1室1厅 | 61.06平米 | 南 北,https://ke-image.ljcdn.com/110000-inspection/pc1_98BKeqWFQ_1.jpg!m_fill,w_280,h_210,f_jpg?from=ke.com
20231212,丰台,岳各庄,101119778984,大井东里低楼层满五唯一14号地铁线大井站必看好房,299万,50465元/平,底层 (共6层) 2室1厅 | 59.25平米 | 南 北,https://ke-image.ljcdn.com/110000-inspection/02b9c4b4-ebc2-4aee-9295-48d6688a12bc_1000.jpg!m_fill,w_280,h_210,f_jpg?from=ke.com
20231212,丰台,岳各庄,101119603833,珠江峰景 精装两居 满五年唯一 正对花园必看好房,597万,52461元/平,高楼层 (共13层) 2室1厅 | 113.8平米 | 东南 西北,https://ke-image.ljcdn.com/110000-inspection/61dde009-c213-4f73-a1b6-3738bda9a305_1000.jpg!m_fill,w_280,h_210,f_jpg?from=ke.com
20231212,丰台,岳各庄,101119375717,梅市口路11号院 东西通透两居室 满五年,249万,43380元/平,顶层 (共5层) | 1996年 | 2室1厅 | 57.4平米 | 东 西,https://ke-image.ljcdn.com/110000-inspection/38d75965-9d2c-4837-a6dc-1a435cab4ce0_1000.jpg!m_fill,w_280,h_210,f_jpg?from=ke.com
20231212,丰台,岳各庄,101119347095,满五唯一 南向两居 业主诚心出售,528万,58042元/平,高楼层 (共23层) | 2004年 | 2室2厅 | 90.97平米 | 南,https://ke-image.ljcdn.com/110000-inspection/pc1_3FFTBN7Es_1.jpg!m_fill,w_280,h_210,f_jpg?from=ke.com
20231212,丰台,岳各庄,101118546546,大成郡低密社区经典南北通透三居室户型可观花园房主自荐,1390万,102034元/平,中楼层 (共7层) | 2011年 | 3室2厅 | 136.23平米 | 南 北,https://ke-image.ljcdn.com/110000-inspection/66645b3d-ccad-43b9-b830-230373501018_1000.jpg!m_fill,w_280,h_210,f_jpg?from=ke.com
20231212,丰台,岳各庄,101117882766,小区中间位置前后花园看房方便价格可谈诚心卖必看好房,830万,56582元/平,低楼层 (共21层) 4室2厅 | 146.69平米 | 南,https://ke-image.ljcdn.com/110000-inspection/pc1_B90UzmnZj_1.jpg!m_fill,w_280,h_210,f_jpg?from=ke.com
20231212,丰台,岳各庄,101122170853,民岳家园 满五年唯一 精装修 诚心出售 高楼层两居必看好房,486万,46695元/平,高楼层 (共22层) | 2003年 | 2室2厅 | 104.08平米 | 东南,https://ke-image.ljcdn.com/110000-inspection/pc1_oPUKouH4u_1.jpg!m_fill,w_280,h_210,f_jpg?from=ke.com
20231212,丰台,岳各庄,101121928230,大成郡 3室2厅 东 南 北必看好房,1138万,72273元/平,低楼层 (共8层) | 2010年 | 3室2厅 | 157.46平米 | 东 南 北,https://ke-image.ljcdn.com/110000-inspection/65ef8ae0-4af4-41d9-bf76-8c22ec777345_1000.jpg!m_fill,w_280,h_210,f_jpg?from=ke.com
20231212,丰台,岳各庄,101121820594,客厅主卧朝南户型合理阳光充足。视野开阔必看好房,670万,63780元/平,顶层 (共18层) | 2007年 | 2室1厅 | 105.05平米 | 东 南,https://ke-image.ljcdn.com/110000-inspection/7ba7e904-243d-4c66-bf00-ff53b6c4bf27_1000.jpg!m_fill,w_280,h_210,f_jpg?from=ke.com
20231212,丰台,岳各庄,101121781529,南北通透户型优质一层花 园采光无遮挡,499万,66864元/平,底层 (共15层) | 2004年 | 2室1厅 | 74.63平米 | 南 北,https://ke-image.ljcdn.com/110000-inspection/pc1_agoDeAs1o.jpg!m_fill,w_280,h_210,f_jpg?from=ke.com
20231212,丰台,岳各庄,101121657596,珠江峰景西四环附近大两居精装修看房方便必看好房,525万,51431元/平,低楼层 (共21层) 2室1厅 | 102.08平米 | 东北,https://ke-image.ljcdn.com/110000-inspection/pc1_9Cvdgfcih_1.jpg!m_fill,w_280,h_210,f_jpg?from=ke.com
20231212,丰台,岳各庄,101121409615,中堂南向大两居 正对花园 不临街 视野好 适合居住必看好房,650万,66078元/平,中楼层 (共18层) | 2004年 | 2室2厅 | 98.37平米 | 南,https://ke-image.ljcdn.com/110000-inspection/pc1_iGmqcXQIv.jpg!m_fill,w_280,h_210,f_jpg?from=ke.com
20231212,丰台,岳各庄,101121290759,大成郡带独立餐厅南北两居室只有契税必看好房,836万,81841元/平,低楼层 (共7层) | 2012年 | 2室1厅 | 102.15平米 | 南 北,https://ke-image.ljcdn.com/110000-inspection/pc1_uITfE7wce.jpg!m_fill,w_280,h_210,f_jpg?from=ke.com
20231212,丰台,岳各庄,101121273105,东向正规一居满五唯一节省客户购房成本,348万,41062元/平,高楼层 (共27层) | 2011年 | 1室1厅 | 84.75平米 | 东,https://ke-image.ljcdn.com/110000-inspection/pc1_hHik4mYyA.jpg!m_fill,w_280,h_210,f_jpg?from=ke.com
20231212,丰台,岳各庄,101121189311,店长力荐 西府景园南北通透三居 满五年唯一 两梯四户,705万,58996元/平,高楼层 (共23层) 3室2厅 | 119.5平米 | 南 北,https://ke-image.ljcdn.com/110000-inspection/pc1_VAFTCuLgS.jpg!m_fill,w_280,h_210,f_jpg?from=ke.com
20231212,丰台,岳各庄,101121104918,西四环 大成时代中心 2010年 正规一居 满五年房主自荐,309万,37794元/平,低楼层 (共27层) | 2010年 | 1室2厅 | 81.76平米 | 东,https://ke-image.ljcdn.com/110000-inspection/pc1_chYbjLfJG_1.jpg!m_fill,w_280,h_210,f_jpg?from=ke.com
20231212,丰台,岳各庄,101121059672,民岳家园 两居室 商品房 满五年唯一 东向诚意售必看好房,379万,51010元/平,低楼层 (共22层) | 2003年 | 2室1厅 | 74.3平米 | 东,https://ke-image.ljcdn.com/110000-inspection/b407f14b-dc0c-439c-8089-870539a383b6_1000.jpg!m_fill,w_280,h_210,f_jpg?from=ke.com
20231212,丰台,岳各庄,101121041912,西府景园 高楼层 东西通透三居 有钥匙 随时看房,656万,55750元/平,高楼层 (共23层) 3室2厅 | 117.67平米 | 东 西,https://ke-image.ljcdn.com/110000-inspection/pc1_RXk2nsGrz_1.jpg!m_fill,w_280,h_210,f_jpg?from=ke.com
20231212,丰台,岳各庄,101120887602,大成郡 3室1厅 东 南 西必看好房,1110万,83799元/平,中楼层 (共8层) | 2010年 | 3室1厅 | 132.46平米 | 东 南 西,https://ke-image.ljcdn.com/110000-inspection/pc1_Aw65GZZPv_1.jpg!m_fill,w_280,h_210,f_jpg?from=ke.com
20231212,丰台,岳各庄,101119161609,户型好采光好正对小区花园位置安静双阳台必看好房,598万,58149元/平,低楼层 (共11层) | 2007年 | 2室2厅 | 102.84平米 | 南,https://ke-image.ljcdn.com/110000-inspection/62f3bea8-7849-4b65-bf08-16bd2403e17b_1000.jpg!m_fill,w_280,h_210,f_jpg?from=ke.com
20231212,丰台,岳各庄,101118056640,珠江峰景 板楼洋房 一梯两户 满五唯一必看好房,840万,59571元/平,底层 (共7层) 3室2厅 | 141.01平米 | 南 北,https://ke-image.ljcdn.com/110000-inspection/5282c7fb-7ffa-43c7-a8ce-8cad99756963_1000.jpg!m_fill,w_280,h_210,f_jpg?from=ke.com
20231212,丰台,岳各庄,101117292650,西四环内 封闭小区绿化45% 人车分流 满五唯一,285万,57927元/平,底层 (共18层) | 2004年 | 1室1厅 | 49.2平米 | 西北,https://ke-image.ljcdn.com/110000-inspection/pc1_bqkq1QhXW_1.jpg!m_fill,w_280,h_210,f_jpg?from=ke.com
20231212,丰台,岳各庄,101121787571,珠江峰景 商品房 落地窗 东南视野好,635万,57131元/平,高楼层 (共21层) | 2006年 | 2室2厅 | 111.15平米 | 东南,https://s1.ljcdn.com/pegasus/redskull/images/common/default_house_list.png?_v=20231208163226
20231212,丰台,岳各庄,101109164486,大成时代公馆可以注册公司办公。,174万,23520元/平,低楼层 (共27层) | 2010年 | 1室1厅 | 73.98平米 | 西,https://s1.ljcdn.com/pegasus/redskull/images/common/default_house_list.png?_v=20231208163226
20231212,丰台,岳各庄,101122185223,民岳家园正南向两居室小区中间位置采光佳安静新上,520万,56041元/平,底层 (共22层) 2室1厅 | 92.79平米 | 西南,https://ke-image.ljcdn.com/110000-inspection/5514182d-8871-43e1-97ad-76cf6a772dab_1000.jpg!m_fill,w_280,h_210,f_jpg?from=ke.com
20231212,丰台,岳各庄,101122092779,大井北里 中间层 三居室 精装修 交通便利 满五唯一,300万,46584元/平,中楼层 (共6层) 3室1厅 | 64.4平米 | 南 北,https://ke-image.ljcdn.com/110000-inspection/pc1_WjXkmRlRo_1.jpg!m_fill,w_280,h_210,f_jpg?from=ke.com
20231212,丰台,岳各庄,101122083734,民岳家园  正南向三居室  满五年唯一  精装修,660万,57698元/平,低楼层 (共22层) 3室1厅 | 114.39平米 | 南,https://ke-image.ljcdn.com/110000-inspection/pc1_2VYkiG4Jg.jpg!m_fill,w_280,h_210,f_jpg?from=ke.com
20231212,丰台,岳各庄,101122051001,丰体时代西向两居室 低楼层 户型方正 格局好,480万,51586元/平,低楼层 (共29层) | 2009年 | 2室2厅 | 93.05平米 | 西南,https://ke-image.ljcdn.com/110000-inspection/pc1_dSnw5ognM_1.jpg!m_fill,w_280,h_210,f_jpg?from=ke.com
20231212,丰台,岳各庄,101122033834,丰体时代花园 店长推荐电梯房 电梯直达地库 方便停车,610万,51373元/平,中楼层 (共29层) | 2008年 | 3室1厅 | 118.74平米 | 西北,https://ke-image.ljcdn.com/110000-inspection/pc1_EGIpnUREC_1.jpg!m_fill,w_280,h_210,f_jpg?from=ke.com
20231212,丰台,岳各庄,101121958291,大井北里 高楼层 南北两居 明厨明卫房主自荐,268万,44079元/平,顶层 (共6层) | 1989年 | 2室1厅 | 60.8平米 | 南 北,https://ke-image.ljcdn.com/110000-inspection/pc1_GCJWMAjgW_1.jpg!m_fill,w_280,h_210,f_jpg?from=ke.com
20231212,丰台,岳各庄,101121941496,靛厂锦园 2室2厅 南 北,520万,60283元/平,中楼层 (共9层) | 2011年 | 2室2厅 | 86.26平米 | 南 北,https://ke-image.ljcdn.com/110000-inspection/pc1_KrSOmKjxM_1.jpg!m_fill,w_280,h_210,f_jpg?from=ke.com
20231212,丰台,岳各庄,101121936970,大井北里 精装修两居 全南向视野采光无遮挡 方便看房,265万,45084元/平,顶层 (共6层) 2室1厅 | 58.78平米 | 南,https://ke-image.ljcdn.com/110000-inspection/test-da8ba8ce-e0b0-4cd3-8d6e-d057cdcdda95.png!m_fill,w_280,h_210,f_jpg?from=ke.com
20231212,丰台,岳各庄,101121930041,民岳家园 精装拎包入住 优质两居室 商品房,515万,49311元/平,中楼层 (共22层) | 2003年 | 2室1厅 | 104.44平米 | 西南,https://ke-image.ljcdn.com/110000-inspection/pc1_AXxrKgrQY_1.jpg!m_fill,w_280,h_210,f_jpg?from=ke.com
20231212,丰台,岳各庄,101121882723,西府颐园 西南向三居 户型方正 采光充足,650万,55081元/平,顶层 (共26层) 3室2厅 | 118.01平米 | 南,https://ke-image.ljcdn.com/110000-inspection/pc1_X018M8kC3.jpg!m_fill,w_280,h_210,f_jpg?from=ke.com
20231212,丰台,岳各庄,101121881368,中堂 1室1厅 西北,315万,61440元/平,中楼层 (共15层) | 2004年 | 1室1厅 | 51.27平米 | 西北,https://ke-image.ljcdn.com/110000-inspection/pc1_xtPeJ4YXY_1.jpg!m_fill,w_280,h_210,f_jpg?from=ke.com
20231212,丰台,岳各庄,101121821605,西府颐园 南北通透两居室  高楼层 视野好房主自荐,528万,56260元/平,顶层 (共26层) | 2010年 | 2室1厅 | 93.85平米 | 南 北,https://ke-image.ljcdn.com/110000-inspection/4fe43819-f3bc-4e91-b06b-d46baed4e153_1000.jpg!m_fill,w_280,h_210,f_jpg?from=ke.com
20231212,丰台,岳各庄,101121783475,西府颐园 正南向两居 户型方正,540万,58696元/平,中楼层 (共26层) | 2010年 | 2室1厅 | 92平米 | 南,https://ke-image.ljcdn.com/110000-inspection/bdf1e4ea-5aa5-4d2b-b9da-8dc07b244181_1000.jpg!m_fill,w_280,h_210,f_jpg?from=ke.com
20231212,丰台,岳各庄,101121769642,紫辰院 商品房 次顶层 满两年只有契税 看房方便,1380万,123457元/平,高楼层 (共22层) | 2017年 | 3室1厅 | 111.78平米 | 南 北,https://ke-image.ljcdn.com/110000-inspection/pc1_cYaHWM3sQ_1.jpg!m_fill,w_280,h_210,f_jpg?from=ke.com
20231212,丰台,岳各庄,101121744338,民岳家园新上东南两居带落地窗和落地阳台  业主诚售,475万,50797元/平,低楼层 (共23层) | 2007年 | 2室1厅 | 93.51平米 | 东南,https://ke-image.ljcdn.com/110000-inspection/pc1_PLTcMf4nS_1.jpg!m_fill,w_280,h_210,f_jpg?from=ke.com
20231212,丰台,岳各庄,101121731497,紫辰院南北通透三居室小区中间安静楼龄新有车位储物间,1232万,92230元/平,底层 (共22层) | 2017年 | 3室2厅 | 133.58平米 | 南 北,https://ke-image.ljcdn.com/110000-inspection/f94cf98b-c28e-4f22-bff7-945b11f91e5e_1000.jpg!m_fill,w_280,h_210,f_jpg?from=ke.com
20231212,丰台,岳各庄,101121701322,珠江峰景 满五年且唯一  可贷款  落地窗房主自荐,555万,61915元/平,低楼层 (共21层) 2室1厅 | 89.64平米 | 东南,https://ke-image.ljcdn.com/110000-inspection/pc1_2QgRUayGe_1.jpg!m_fill,w_280,h_210,f_jpg?from=ke.com
20231212,丰台,岳各庄,101121692823,大井北里 南北向两居 中楼层 满五唯一 近地铁,299万,49178元/平,中楼层 (共6层) 2室1厅 | 60.8平米 | 南 北,https://ke-image.ljcdn.com/110000-inspection/pc1_vxJnOjFmL_1.jpg!m_fill,w_280,h_210,f_jpg?from=ke.com
20231212,丰台,岳各庄,101121684479,丰体时代商品房  电梯房 中间楼层 大一居 地铁大井站,299万,47886元/平,高楼层 (共28层) | 2005年 | 1室0厅 | 62.44平米 | 北,https://ke-image.ljcdn.com/110000-inspection/pc1_0rDDaNoIX_1.jpg!m_fill,w_280,h_210,f_jpg?from=ke.com
20231212,丰台,岳各庄,101121671791,五棵松 青塔 珠江峰景精装优质两居 满五唯一诚意出售,560万,54859元/平,中楼层 (共21层) 2室1厅 | 102.08平米 | 西北,https://ke-image.ljcdn.com/110000-inspection/pc1_n2Ujc4Nxq_1.jpg!m_fill,w_280,h_210,f_jpg?from=ke.com
20231212,丰台,岳各庄,101121623696,丰体时代花园 1室0厅 南,220万,65672元/平,低楼层 (共28层) | 2005年 | 1室0厅 | 33.5平米 | 南,https://ke-image.ljcdn.com/110000-inspection/pc1_ggySswixu_1.jpg!m_fill,w_280,h_210,f_jpg?from=ke.com
20231212,丰台,岳各庄,101121507592,丰体时代花园 商品房 西向两居室 户型方正 近地铁房主自荐,415万,50310元/平,低楼层 (共29层) | 2009年 | 2室1厅 | 82.49平米 | 西,https://ke-image.ljcdn.com/110000-inspection/pc1_HCPDnCAeK_1.jpg!m_fill,w_280,h_210,f_jpg?from=ke.com
20231212,丰台,岳各庄,101121473300,西四环内天然氧吧带车位满五唯一,730万,70308元/平,中楼层 (共17层) | 2011年 | 2室2厅 | 103.83平米 | 南,https://ke-image.ljcdn.com/110000-inspection/42e8de37-84ab-40c2-a7e0-ba281a8363ed_1000.jpg!m_fill,w_280,h_210,f_jpg?from=ke.com
20231212,丰台,岳各庄,101121469376,大井南里 3室1厅 东 西,350万,47723元/平,高楼层 (共6层) | 1991年 | 3室1厅 | 73.34平米 | 东 西,https://ke-image.ljcdn.com/110000-inspection/pc1_GjW8u26FA_1.jpg!m_fill,w_280,h_210,f_jpg?from=ke.com
20231212,丰台,岳各庄,101121443016,店长推荐 西府景园通透三居 有车位 满五唯一,620万,52690元/平,顶层 (共23层) 3室2厅 | 117.67平米 | 东南 北,https://ke-image.ljcdn.com/110000-inspection/pc1_CBohipgVF_1.jpg!m_fill,w_280,h_210,f_jpg?from=ke.com
20231212,丰台,岳各庄,101121424371,大井中里 南北通透两居室 户型方正格局好,328万,49697元/平,中楼层 (共6层) 2室1厅 | 66平米 | 南 北,https://ke-image.ljcdn.com/110000-inspection/pc1_pVi3j5zzR.jpg!m_fill,w_280,h_210,f_jpg?from=ke.com
20231212,丰台,岳各庄,101121399190,中堂 1室1厅 西北房主自荐,313万,61050元/平,中楼层 (共15层) | 2004年 | 1室1厅 | 51.27平米 | 西北,https://ke-image.ljcdn.com/110000-inspection/pc1_BkSAXOG2t_1.jpg!m_fill,w_280,h_210,f_jpg?from=ke.com
20231212,丰台,岳各庄,101121371978,大井东里 南北两居 满五年 中间楼层,299万,51077元/平,中楼层 (共6层) | 1992年 | 2室1厅 | 58.54平米 | 南 北,https://ke-image.ljcdn.com/110000-inspection/pc1_YneiQIsCT_1.jpg!m_fill,w_280,h_210,f_jpg?from=ke.com
20231212,丰台,岳各庄,101121334398,西府景园 南北通透三居 有车位 户型方正 采光好,710万,59469元/平,中楼层 (共23层) | 2004年 | 3室1厅 | 119.39平米 | 南 北,https://ke-image.ljcdn.com/110000-inspection/pc1_Awq1S9MkK_1.jpg!m_fill,w_280,h_210,f_jpg?from=ke.com
20231212,丰台,岳各庄,101121331323,四环边500米西府景园精装修两居室满两年诚心出售,365万,54115元/平,底层 (共23层) | 2004年 | 2室1厅 | 67.45平米 | 西,https://ke-image.ljcdn.com/110000-inspection/pc1_EroTpL5VX_1.jpg!m_fill,w_280,h_210,f_jpg?from=ke.com
20231212,丰台,岳各庄,101121272233,新上 民岳家园 东南向两居室 商品房 满五唯一 落地窗房主自荐,550万,58963元/平,中楼层 (共23层) | 2007年 | 2室1厅 | 93.28平米 | 东南,https://ke-image.ljcdn.com/110000-inspection/pc1_mH99WLfcQ.jpg!m_fill,w_280,h_210,f_jpg?from=ke.com
20231212,丰台,岳各庄,101121259035,大井南里 近地铁 低楼层 全南向 明厨明卫,276万,47867元/平,低楼层 (共6层) | 1991年 | 2室1厅 | 57.66平米 | 南,https://ke-image.ljcdn.com/110000-inspection/3453f429-f7fd-49c9-9e50-93936fcac1f8_1000.jpg!m_fill,w_280,h_210,f_jpg?from=ke.com
20231212,丰台,岳各庄,101121252150,民岳家园舒适大两居客厅带落地大阳台 正对小区花园,520万,52037元/平,低楼层 (共23层) | 2007年 | 2室1厅 | 99.93平米 | 西南,https://ke-image.ljcdn.com/110000-inspection/pc1_FQS6Fci0C.jpg!m_fill,w_280,h_210,f_jpg?from=ke.com
20231212,丰台,岳各庄,101121213012,珠江峰景 东南向三居室 满五年唯一住房 随时可看,722万,60540元/平,中楼层 (共21层) 3室2厅 | 119.26平米 | 东南,https://ke-image.ljcdn.com/110000-inspection/pc1_zhiaNxVBr_1.jpg!m_fill,w_280,h_210,f_jpg?from=ke.com
20231212,丰台,岳各庄,101121200791,珠江峰景 满五年唯一 高层 商品房 视野好,629万,56307元/平,中楼层 (共21层) | 2006年 | 2室2厅 | 111.71平米 | 东南 西北,https://ke-image.ljcdn.com/110000-inspection/pc1_r9TSZze7q_1.jpg!m_fill,w_280,h_210,f_jpg?from=ke.com
20231212,丰台,岳各庄,101121200298,丰体时代花园 朝西俯瞰公园两居室 户型方正 看房方便,425万,51385元/平,中楼层 (共29层) | 2009年 | 2室1厅 | 82.71平米 | 西,https://ke-image.ljcdn.com/110000-inspection/pc1_nmjVtj8fK_1.jpg!m_fill,w_280,h_210,f_jpg?from=ke.com
20231212,丰台,岳各庄,101121178270,中堂三居南北通透眼睛户型远观西山小区水系净高2.9米,1450万,80262元/平,高楼层 (共30层) 3室2厅 | 180.66平米 | 南 北,https://ke-image.ljcdn.com/110000-inspection/pc1_FSgxm6KPy_1.jpg!m_fill,w_280,h_210,f_jpg?from=ke.com
20231212,丰台,岳各庄,101121175489,满五唯一 板楼带电梯 一层两户两部电梯 南北 精装。,1350万,92682元/平,中楼层 (共18层) | 2007年 | 3室2厅 | 145.66平米 | 南 北,https://ke-image.ljcdn.com/110000-inspection/pc1_vLcJRmnKb.jpg!m_fill,w_280,h_210,f_jpg?from=ke.com
20231212,丰台,岳各庄,101121153013,大井东里 精装 南北两居 全明格局 中楼层 满五年唯一房主自荐,289万,46012元/平,高楼层 (共6层) 2室1厅 | 62.81平米 | 南 北,https://ke-image.ljcdn.com/110000-inspection/pc1_wH6rDBdIc_1.jpg!m_fill,w_280,h_210,f_jpg?from=ke.com
20231212,丰台,岳各庄,101121132955,商品房 房子总高九层房子 视野宽阔卧室和客厅南向,520万,59998元/平,顶层 (共9层) 2室1厅 | 86.67平米 | 南 北,https://ke-image.ljcdn.com/110000-inspection/pc1_Jftl01qYx.jpg!m_fill,w_280,h_210,f_jpg?from=ke.com
20231212,丰台,岳各庄,101121109182,丰体时代花园 东向两居 满五唯一 商品房,485万,54655元/平,低楼层 (共29层) | 2009年 | 2室1厅 | 88.74平米 | 东 南,https://ke-image.ljcdn.com/110000-inspection/pc1_tuKizI0SL.jpg!m_fill,w_280,h_210,f_jpg?from=ke.com
20231212,丰台,岳各庄,101121106784,大井东里中楼层南北通透两居室满五唯一。地铁大井站房主自荐,320万,54664元/平,中楼层 (共6层) 2室1厅 | 58.54平米 | 南 北,https://ke-image.ljcdn.com/110000-inspection/pc1_k9SqnYBOS_1.jpg!m_fill,w_280,h_210,f_jpg?from=ke.com
20231212,丰台,岳各庄,101121102332,丰体时代花园户型方正一居室 满五年唯一俯瞰小区花园,270万,43235元/平,中楼层 (共28层) | 2005年 | 1室1厅 | 62.45平米 | 北,https://ke-image.ljcdn.com/110000-inspection/pc1_3x3PXvWS6_1.jpg!m_fill,w_280,h_210,f_jpg?from=ke.com
20231212,丰台,岳各庄,101121098086,中堂 1室1厅 西 北,325万,63390元/平,低楼层 (共17层) | 2004年 | 1室1厅 | 51.27平米 | 西 北,https://ke-image.ljcdn.com/110000-inspection/pc1_tnBEUUnXf_1.jpg!m_fill,w_280,h_210,f_jpg?from=ke.com
20231212,丰台,岳各庄,101121082850,大井南里 不临街 满五唯一 低楼层 大井地铁站,273万,51656元/平,低楼层 (共6层) | 1990年 | 2室1厅 | 52.85平米 | 南 北,https://ke-image.ljcdn.com/110000-inspection/1a9d0a0f-e846-4459-ac49-98519b3f758e_1000.jpg!m_fill,w_280,h_210,f_jpg?from=ke.com
20231212,丰台,岳各庄,101121062130,大井北里 房本已经满五年 户型方正采光很好,269万,44222元/平,高楼层 (共6层) | 1990年 | 2室1厅 | 60.83平米 | 南 北,https://ke-image.ljcdn.com/110000-inspection/pc1_1ivvAierI_1.jpg!m_fill,w_280,h_210,f_jpg?from=ke.com
20231212,丰台,岳各庄,101121055855,民岳家园 三居室 满五年 西南北朝向 无遮挡 诚意售,630万,56880元/平,底层 (共11层) | 2005年 | 3室2厅 | 110.76平米 | 北 南 西,https://ke-image.ljcdn.com/110000-inspection/pc1_8YE65Lri3.jpg!m_fill,w_280,h_210,f_jpg?from=ke.com
20231212,丰台,岳各庄,101121021881,万科紫台 南北通透三居 三面朝阳 满五唯一 诚心出售,1350万,77757元/平,中楼层 (共11层) | 2008年 | 3室2厅 | 173.62平米 | 南 北,https://ke-image.ljcdn.com/110000-inspection/b8ac7c3a-70ee-455e-958e-dc1ef5484e54_1000.jpg!m_fill,w_280,h_210,f_jpg?from=ke.com
20231212,丰台,岳各庄,101121018717,西府景园 正对花园 南北通透三居 满五年唯一,710万,59634元/平,低楼层 (共23层) 3室2厅 | 119.06平米 | 南 北,https://ke-image.ljcdn.com/110000-inspection/1ef02bdc-2eb0-450e-a844-79be1f104a72_1000.jpg!m_fill,w_280,h_210,f_jpg?from=ke.com
20231212,丰台,岳各庄,101120981476,民岳家园  商品房 落地窗 采光视野好 诚心出售,509万,54433元/平,中楼层 (共23层) | 2007年 | 2室1厅 | 93.51平米 | 东南,https://ke-image.ljcdn.com/110000-inspection/pc1_8iVsDDU4A_1.jpg!m_fill,w_280,h_210,f_jpg?from=ke.com
20231212,丰台,岳各庄,101120980804,西府景园商品房 满五年唯一 高楼层 视野开阔 诚意出售,518万,56942元/平,顶层 (共23层) 2室2厅 | 90.97平米 | 南,https://ke-image.ljcdn.com/110000-inspection/pc1_RTpscoRHw_1.jpg!m_fill,w_280,h_210,f_jpg?from=ke.com
20231212,丰台,岳各庄,101120980538,丰体时代花园 商品房 全东向两居室 邻近地铁 业主诚售,469万,51386元/平,低楼层 (共28层) 2室1厅 | 91.27平米 | 东,https://ke-image.ljcdn.com/110000-inspection/pc1_t9UcWSw08_1.jpg!m_fill,w_280,h_210,f_jpg?from=ke.com
20231212,丰台,岳各庄,101120966568,民岳家园 正南向三居 满五年唯一 诚心出售房主自荐,750万,61841元/平,高楼层 (共23层) | 2007年 | 3室2厅 | 121.28平米 | 西南,https://ke-image.ljcdn.com/110000-inspection/843f06c5-812c-4117-8128-b1c147b71946_1000.jpg!m_fill,w_280,h_210,f_jpg?from=ke.com
20231212,丰台,岳各庄,101120965862,民岳家园 正规两居 中高楼层视野好 采光充足 商品房房主自荐,495万,53010元/平,中楼层 (共23层) | 2007年 | 2室1厅 | 93.38平米 | 西南,https://ke-image.ljcdn.com/110000-inspection/pc1_jWnzccw06_1.jpg!m_fill,w_280,h_210,f_jpg?from=ke.com
20231212,丰台,岳各庄,101120964905,民岳家园 全明格局两居 满五唯一 商品房 诚心出售房主自荐,515万,51614元/平,中楼层 (共23层) | 2007年 | 2室1厅 | 99.78平米 | 西北,https://ke-image.ljcdn.com/110000-inspection/pc1_rnTfBYt0i_1.jpg!m_fill,w_280,h_210,f_jpg?from=ke.com
20231212,丰台,岳各庄,101120963016,丰体时代花园 3室1厅 东 东南 南,570万,46592元/平,中楼层 (共28层) 3室1厅 | 122.34平米 | 东 东南 南,https://ke-image.ljcdn.com/110000-inspection/pc1_f3VDKrITR_1.jpg!m_fill,w_280,h_210,f_jpg?from=ke.com
20231212,丰台,岳各庄,101120940947,两梯四户正对小区花园东西通透满五唯一精装,650万,55240元/平,低楼层 (共23层) 3室2厅 | 117.67平米 | 东 西,https://ke-image.ljcdn.com/110000-inspection/pc1_PGKQVzF2r_1.jpg!m_fill,w_280,h_210,f_jpg?from=ke.com
20231212,丰台,岳各庄,101120938422,商品房 中等装修 高楼层 满五年唯一诚心卖,475万,53618元/平,高楼层 (共29层) | 2009年 | 2室1厅 | 88.59平米 | 西北,https://ke-image.ljcdn.com/110000-inspection/pc1_4hbAWhucm_1.jpg!m_fill,w_280,h_210,f_jpg?from=ke.com
20231212,丰台,岳各庄,101120936343,丰体时代花园朝南两居室户型方正视野无遮挡,499万,53513元/平,高楼层 (共28层) | 2005年 | 2室1厅 | 93.25平米 | 南,https://ke-image.ljcdn.com/110000-inspection/pc1_uYYlq3yhk_1.jpg!m_fill,w_280,h_210,f_jpg?from=ke.com
20231212,丰台,岳各庄,101120917742,西府景园 正规两居室 商品房 精装修,520万,58218元/平,中楼层 (共23层) | 2004年 | 2室1厅 | 89.32平米 | 西南,https://ke-image.ljcdn.com/110000-inspection/pc1_d3Xt7jxTL_1.jpg!m_fill,w_280,h_210,f_jpg?from=ke.com
20231212,丰台,岳各庄,101120913371,中堂 南北通透  中间层 满5年带地下室 拎包入住房主自荐,980万,70106元/平,低楼层 (共25层) 3室1厅 | 139.79平米 | 南 北,https://ke-image.ljcdn.com/110000-inspection/pc1_3A2wX42kx.jpg!m_fill,w_280,h_210,f_jpg?from=ke.com
20231212,丰台,岳各庄,101120910369,民政局单位用房 一居 适宜居住,251万,45720元/平,底层 (共23层) | 2007年 | 1室0厅 | 54.9平米 | 东,https://ke-image.ljcdn.com/110000-inspection/pc1_QRmYSeTYN.jpg!m_fill,w_280,h_210,f_jpg?from=ke.com
20231212,丰台,岳各庄,101120901800,大井东里南北通透精装修2居室诚心出售房主自荐,340万,53943元/平,低楼层 (共6层) | 1992年 | 2室1厅 | 63.03平米 | 南 北,https://ke-image.ljcdn.com/110000-inspection/pc1_Mla3nZ958_1.jpg!m_fill,w_280,h_210,f_jpg?from=ke.com
20231212,丰台,岳各庄,101120900024,民岳家园 精装一居室 满五年唯一 商品房 诚心出售房主自荐,285万,58558元/平,低楼层 (共23层) | 2007年 | 1室1厅 | 48.67平米 | 西,https://ke-image.ljcdn.com/110000-inspection/pc1_sSz1tWzKK_1.jpg!m_fill,w_280,h_210,f_jpg?from=ke.com
20231212,丰台,岳各庄,101120890499,丰体时代花园 1室0厅 南,198万,59193元/平,低楼层 (共28层) 1室0厅 | 33.45平米 | 南,https://ke-image.ljcdn.com/110000-inspection/pc1_okXrpMQK7_1.jpg!m_fill,w_280,h_210,f_jpg?from=ke.com
20231212,丰台,岳各庄,101120883154,丰体时代花园 满五唯一两居室  近地铁 高楼层,450万,51754元/平,高楼层 (共28层) | 2005年 | 2室1厅 | 86.95平米 | 西,https://ke-image.ljcdn.com/110000-inspection/pc1_84AeYj0Fq_1.jpg!m_fill,w_280,h_210,f_jpg?from=ke.com
20231212,丰台,岳各庄,101120877298,大井东里 南向两居 精装修 明厨明卫 中间楼层房主自荐,339万,57206元/平,中楼层 (共6层) 2室1厅 | 59.26平米 | 南,https://ke-image.ljcdn.com/110000-inspection/pc1_mDj4PPRqa_1.jpg!m_fill,w_280,h_210,f_jpg?from=ke.com
20231212,丰台,岳各庄,101120872210,丰体时代花园 3室1厅 西北房主自荐,549万,47295元/平,顶层 (共29层) | 2009年 | 3室1厅 | 116.08平米 | 西北,https://ke-image.ljcdn.com/110000-inspection/pc1_oSD63hX3R_1.jpg!m_fill,w_280,h_210,f_jpg?from=ke.com
20231212,丰台,岳各庄,101120742534,西四环 民岳家园全明格局 优质两居,473万,51053元/平,底层 (共22层) 2室1厅 | 92.65平米 | 东北,https://ke-image.ljcdn.com/110000-inspection/pc1_fyettLGRb_1.jpg!m_fill,w_280,h_210,f_jpg?from=ke.com
20231212,丰台,岳各庄,101120597817,中堂西四环内大一居室高层视野好可以看西山电视塔,450万,62190元/平,高楼层 (共25层) | 2004年 | 1室1厅 | 72.36平米 | 北,https://ke-image.ljcdn.com/110000-inspection/pc1_qwFFDuQoG.jpg!m_fill,w_280,h_210,f_jpg?from=ke.com
20231212,丰台,岳各庄,101120593624,西四环2010年社区 西府颐园 南北通透两居室 户型方正房主自荐,520万,55408元/平,低楼层 (共26层) | 2010年 | 2室1厅 | 93.85平米 | 南 北,https://ke-image.ljcdn.com/110000-inspection/pc1_P4cUCbLdN.jpg!m_fill,w_280,h_210,f_jpg?from=ke.com
20231212,丰台,岳各庄,101120590133,西四环珠江峰景小区东西南北户型诚心卖,600万,53434元/平,低楼层 (共21层) | 2006年 | 2室2厅 | 112.29平米 | 东南 西北,https://ke-image.ljcdn.com/110000-inspection/pc1_EHqB5SEqR_1.jpg!m_fill,w_280,h_210,f_jpg?from=ke.com
20231212,丰台,岳各庄,101120559539,中堂 1室0厅 南房主自荐,402万,65655元/平,顶层 (共17层) | 2011年 | 1室0厅 | 61.23平米 | 南,https://ke-image.ljcdn.com/110000-inspection/pc1_jOuc0gU1C.jpg!m_fill,w_280,h_210,f_jpg?from=ke.com
20231212,丰台,岳各庄,101120539687,民岳家园西南两居 2007年建成 落地窗视野好采光充足房主自荐,482万,51425元/平,中楼层 (共23层) 2室1厅 | 93.73平米 | 西南,https://ke-image.ljcdn.com/110000-inspection/pc1_wgzEFZCmV_1.jpg!m_fill,w_280,h_210,f_jpg?from=ke.com
20231212,丰台,岳各庄,101120520986,民岳家园二期 2007年建成 落地窗 楼层高视野开阔,295万,54348元/平,中楼层 (共23层) 1室1厅 | 54.28平米 | 东,https://ke-image.ljcdn.com/110000-inspection/45c78151-514f-43e8-8e64-3c2359f8d880_1000.jpg!m_fill,w_280,h_210,f_jpg?from=ke.com
20231212,丰台,岳各庄,101120515447,有电梯集中供暖西四环内两居室南北通透中间楼层,510万,58919元/平,中楼层 (共9层) | 2005年 | 2室1厅 | 86.56平米 | 南 北,https://ke-image.ljcdn.com/110000-inspection/pc1_ZVSR1N8xG_1.jpg!m_fill,w_280,h_210,f_jpg?from=ke.com
20231212,丰台,岳各庄,101120412057,珠江峰景 视野好 满五年唯一 可贷款,760万,60213元/平,顶层 (共21层) 3室2厅 | 126.22平米 | 西南,https://ke-image.ljcdn.com/110000-inspection/aa0be350-15f9-4d33-92c5-729f5404a792_1000.jpg!m_fill,w_280,h_210,f_jpg?from=ke.com
20231212,丰台,岳各庄,101120395734,大井南里精装修两居有客厅满五年唯一,299万,51033元/平,高楼层 (共6层) | 1990年 | 2室1厅 | 58.59平米 | 东 南 西,https://ke-image.ljcdn.com/110000-inspection/pc1_fqCcz396A_1.jpg!m_fill,w_280,h_210,f_jpg?from=ke.com
20231212,丰台,岳各庄,101120302151,丰体时代花园 商品房 精装修 近地铁 诚心出售房主自荐,568万,49080元/平,中楼层 (共29层) | 2009年 | 3室1厅 | 115.73平米 | 西 北,https://ke-image.ljcdn.com/110000-inspection/pc1_dzQGkLtlM_1.jpg!m_fill,w_280,h_210,f_jpg?from=ke.com
20231212,丰台,岳各庄,101120267922,四环边两居室 中间楼层  诚心出售,490万,52452元/平,中楼层 (共23层) 2室1厅 | 93.42平米 | 南 西,https://ke-image.ljcdn.com/110000-inspection/pc1_irMRzvo61_1.jpg!m_fill,w_280,h_210,f_jpg?from=ke.com
20231212,丰台,岳各庄,101120242358,大成郡 3室2厅 南 北,1349万,84961元/平,中楼层 (共7层) | 2012年 | 3室2厅 | 158.78平米 | 南 北,https://ke-image.ljcdn.com/110000-inspection/pc1_HucJ7xWQM_1.jpg!m_fill,w_280,h_210,f_jpg?from=ke.com
20231212,丰台,岳各庄,101120229219,靛厂锦园两居室南北通透户型好西四环内,485万,55837元/平,低楼层 (共9层) | 2005年 | 2室1厅 | 86.86平米 | 南 北,https://ke-image.ljcdn.com/110000-inspection/pc1_oxxlLDJUC.jpg!m_fill,w_280,h_210,f_jpg?from=ke.com
20231212,丰台,岳各庄,101120222020,大井中里 2室1厅 西,285万,52458元/平,中楼层 (共6层) 2室1厅 | 54.33平米 | 西,https://ke-image.ljcdn.com/110000-inspection/pc1_fHvsduGy1_1.jpg!m_fill,w_280,h_210,f_jpg?from=ke.com
20231212,丰台,岳各庄,101120221253,大成郡南北三居双明卫次顶层采光好视野好,1060万,94770元/平,高楼层 (共7层) 3室2厅 | 111.85平米 | 南 北,https://ke-image.ljcdn.com/110000-inspection/pc1_vNqRV6ovt_1.jpg!m_fill,w_280,h_210,f_jpg?from=ke.com
20231212,丰台,岳各庄,101120190560,靛厂锦园两居室南北通透户型方正中间楼层,485万,55960元/平,中楼层 (共9层) 2室1厅 | 86.67平米 | 南 北,https://ke-image.ljcdn.com/110000-inspection/pc1_KoxXaRdjG_1.jpg!m_fill,w_280,h_210,f_jpg?from=ke.com
20231212,丰台,岳各庄,101120185713,中堂 南北大两居 满五年唯一 中间层 采光好 地暖,750万,69535元/平,中楼层 (共15层) | 2004年 | 2室2厅 | 107.86平米 | 南 北,https://ke-image.ljcdn.com/110000-inspection/pc1_rDEtQHO84.jpg!m_fill,w_280,h_210,f_jpg?from=ke.com
20231212,丰台,岳各庄,101120161905,圆梦园 正规三居室 明卫 满五唯一,950万,68459元/平,中楼层 (共14层) 3室2厅 | 138.77平米 | 东 西,https://ke-image.ljcdn.com/110000-inspection/pc1_Gsgogpwy2.jpg!m_fill,w_280,h_210,f_jpg?from=ke.com
20231212,丰台,岳各庄,101120107044,大井北里南北通透中间楼层户型方正14号线大井地铁站,420万,54745元/平,中楼层 (共6层) 3室1厅 | 76.72平米 | 南 北,https://ke-image.ljcdn.com/110000-inspection/pc1_0npMtl8no_1.jpg!m_fill,w_280,h_210,f_jpg?from=ke.com
20231212,丰台,岳各庄,101120074719,丰体时代花园满五唯一电梯房精装修中高楼层视野好,499万,52950元/平,高楼层 (共29层) | 2009年 | 2室1厅 | 94.24平米 | 南,https://ke-image.ljcdn.com/110000-inspection/pc1_EC8Q5EBSK_1.jpg!m_fill,w_280,h_210,f_jpg?from=ke.com
20231212,丰台,岳各庄,101120073393,中堂 正规三居室 精装修南北通透 看房方便房主自荐,1160万,84211元/平,中楼层 (共17层) | 2011年 | 3室1厅 | 137.75平米 | 南 北,https://ke-image.ljcdn.com/110000-inspection/pc1_oei0usc9z.jpg!m_fill,w_280,h_210,f_jpg?from=ke.com
20231212,丰台,岳各庄,101120060080,2010年小区 纯人车分流 南北双通透 地暖 小区,640万,71112元/平,中楼层 (共21层) 2室1厅 | 90平米 | 南 北,https://ke-image.ljcdn.com/110000-inspection/pc1_66BW7xs8O_1.jpg!m_fill,w_280,h_210,f_jpg?from=ke.com
20231212,丰台,岳各庄,101120036122,满五唯一 中间楼层正规两居室正对小区花园,528万,65951元/平,中楼层 (共18层) | 2004年 | 2室1厅 | 80.06平米 | 北,https://ke-image.ljcdn.com/110000-inspection/pc1_abTRy8fD0.jpg!m_fill,w_280,h_210,f_jpg?from=ke.com
20231212,丰台,岳各庄,101119924539,大成郡中间位置看花园平层大三居,1900万,96262元/平,中楼层 (共9层) | 2012年 | 3室2厅 | 197.38平米 | 东 南 西,https://ke-image.ljcdn.com/110000-inspection/pc1_VuGeeMP5D_1.jpg!m_fill,w_280,h_210,f_jpg?from=ke.com
20231212,丰台,岳各庄,101119864564,西四环 大成郡 南北一居 精装修 2012年房主自荐,698万,93830元/平,中楼层 (共7层) | 2012年 | 1室1厅 | 74.39平米 | 南 北,https://ke-image.ljcdn.com/110000-inspection/1f62cfef-d4c9-437d-adb3-b648500f63bc_1000.jpg!m_fill,w_280,h_210,f_jpg?from=ke.com
20231212,丰台,岳各庄,101119846750,丰体时代花园 商品房 双卫 落地大阳台,750万,54325元/平,低楼层 (共28层) | 2005年 | 3室1厅 | 138.06平米 | 东南,https://ke-image.ljcdn.com/110000-inspection/pc1_slwl7KdHM_1.jpg!m_fill,w_280,h_210,f_jpg?from=ke.com
20231212,丰台,岳各庄,101119811030,大井南里 南北精装两居 不临路 近地铁,269万,50318元/平,高楼层 (共6层) | 1989年 | 2室1厅 | 53.46平米 | 南 北,https://ke-image.ljcdn.com/110000-inspection/pc1_WFD0AnevJ_1.jpg!m_fill,w_280,h_210,f_jpg?from=ke.com
20231212,丰台,岳各庄,101119728065,靛厂锦园南北通透得房率百分之八十六采光好,520万,59998元/平,低楼层 (共9层) 2室1厅 | 86.67平米 | 南 北,https://ke-image.ljcdn.com/110000-inspection/pc1_89sRp1c8r_1.jpg!m_fill,w_280,h_210,f_jpg?from=ke.com
20231212,丰台,岳各庄,101119713484,西府颐园畅和园全南两居业主包shui诚售,535万,58039元/平,低楼层 (共26层) | 2010年 | 2室1厅 | 92.18平米 | 南,https://ke-image.ljcdn.com/110000-inspection/pc1_ItjJCDZLt_1.jpg!m_fill,w_280,h_210,f_jpg?from=ke.com
20231212,丰台,岳各庄,101119569297,新上满五唯一 三面采光 双卫三居室,648万,55070元/平,高楼层 (共23层) | 2004年 | 3室2厅 | 117.67平米 | 东 南 西,https://ke-image.ljcdn.com/110000-inspection/pc1_V23UIPsuS_1.jpg!m_fill,w_280,h_210,f_jpg?from=ke.com
20231212,丰台,岳各庄,101119560222,丰体时代花园 2室1厅 东,492万,50555元/平,高楼层 (共29层) | 2009年 | 2室1厅 | 97.32平米 | 东,https://ke-image.ljcdn.com/110000-inspection/e7fec9a0-828f-48e9-8ef7-798a15996f3a_1000.jpg!m_fill,w_280,h_210,f_jpg?from=ke.com
20231212,丰台,岳各庄,101119539642,德式低密度花园洋房大成南里四区,1300万,98010元/平,中楼层 (共7层) | 2012年 | 3室2厅 | 132.64平米 | 南 北,https://ke-image.ljcdn.com/110000-inspection/pc1_78GxF3Plr.jpg!m_fill,w_280,h_210,f_jpg?from=ke.com
20231212,丰台,岳各庄,101119523285,靛厂锦园 2室1厅 南 北,508万,58838元/平,高楼层 (共9层) | 2011年 | 2室1厅 | 86.34平米 | 南 北,https://ke-image.ljcdn.com/110000-inspection/pc1_08C1Dm4Wi_1.jpg!m_fill,w_280,h_210,f_jpg?from=ke.com
20231212,丰台,岳各庄,101119471720,丰体时代花园 商品房 精装修 近地铁,459万,52783元/平,中楼层 (共28层) 2室1厅 | 86.96平米 | 西北,https://ke-image.ljcdn.com/110000-inspection/pc1_XoxN7iZNM_1.jpg!m_fill,w_280,h_210,f_jpg?from=ke.com
20231212,丰台,岳各庄,101119456598,西府兰庭 正规三居室 精装修 南北通透,1230万,80330元/平,顶层 (共18层) | 2006年 | 3室1厅 | 153.12平米 | 南 北,https://ke-image.ljcdn.com/110000-inspection/pc1_o5PDGfVSi_1.jpg!m_fill,w_280,h_210,f_jpg?from=ke.com
20231212,丰台,岳各庄,101119386262,珠江峰景 小区中间位置前后花园 南北通透,890万,68779元/平,中楼层 (共11层) | 2007年 | 3室2厅 | 129.4平米 | 南 北,https://ke-image.ljcdn.com/110000-inspection/pc1_9jjsFu6kI_1.jpg!m_fill,w_280,h_210,f_jpg?from=ke.com
20231212,丰台,岳各庄,101119376805,西四环珠江峰景优质三居 高楼层 满五唯一,799万,63248元/平,高楼层 (共21层) | 2006年 | 3室1厅 | 126.33平米 | 西南,https://ke-image.ljcdn.com/110000-inspection/b5e3ef20-3e54-4903-b7f1-6a0552135005_1000.jpg!m_fill,w_280,h_210,f_jpg?from=ke.com
20231212,丰台,岳各庄,101119360760,中高楼层南北通透小区中间花园社区满五唯一。,1050万,75928元/平,高楼层 (共15层) | 2004年 | 3室1厅 | 138.29平米 | 南 北,https://ke-image.ljcdn.com/110000-inspection/769ef465-7816-48d6-a1e2-90a27c519e32_1000.jpg!m_fill,w_280,h_210,f_jpg?from=ke.com
20231212,丰台,岳各庄,101119357733,西府兰庭 3室1厅 南 北,1200万,80858元/平,顶层 (共18层) | 2007年 | 3室1厅 | 148.41平米 | 南 北,https://ke-image.ljcdn.com/110000-inspection/pc1_dc9UJHwML_1.jpg!m_fill,w_280,h_210,f_jpg?from=ke.com
20231212,丰台,岳各庄,101119333351,满五年唯一 中间层 全南两居 采光好 精装婚房出售,750万,72234元/平,中楼层 (共17层) | 2011年 | 2室2厅 | 103.83平米 | 南,https://ke-image.ljcdn.com/110000-inspection/pc1_qW4GBU4TW_1.jpg!m_fill,w_280,h_210,f_jpg?from=ke.com
20231212,丰台,岳各庄,101119319061,西府景园 南向正规两居 户型方正 诚心出售,518万,56942元/平,底层 (共23层) | 2004年 | 2室1厅 | 90.97平米 | 东南,https://ke-image.ljcdn.com/110000-inspection/pc1_5pjg5nePt_1.jpg!m_fill,w_280,h_210,f_jpg?from=ke.com
20231212,丰台,岳各庄,101119303388,中堂 1室1厅 西 北,315万,61440元/平,中楼层 (共17层) | 2004年 | 1室1厅 | 51.27平米 | 西 北,https://ke-image.ljcdn.com/110000-inspection/pc1_LvjCbiaUw_1.jpg!m_fill,w_280,h_210,f_jpg?from=ke.com
20231212,丰台,岳各庄,101119299440,2021年花园洋房中间层中间位置方正两居室,860万,82337元/平,中楼层 (共9层) | 2012年 | 2室1厅 | 104.45平米 | 东,https://ke-image.ljcdn.com/110000-inspection/pc1_IkI29okUK.jpg!m_fill,w_280,h_210,f_jpg?from=ke.com
20231212,丰台,岳各庄,101119259317,中堂 精装修 全南向 视野好 70年产权,220万,86005元/平,低楼层 (共30层) | 2011年 | 1室0厅 | 25.58平米 | 南,https://ke-image.ljcdn.com/110000-inspection/pc1_7zKTtIHXj_1.jpg!m_fill,w_280,h_210,f_jpg?from=ke.com
20231212,丰台,岳各庄,101119248283,中堂 南北四居室 小区中间  精装修 满5唯一,1750万,89041元/平,低楼层 (共30层) | 2011年 | 4室2厅 | 196.54平米 | 南 北,https://ke-image.ljcdn.com/110000-inspection/pc1_NYUXygFce.jpg!m_fill,w_280,h_210,f_jpg?from=ke.com
20231212,丰台,岳各庄,101119227018,西府颐园 万和园 商品房 满五唯一 人车分流 新风地暖,565万,64661元/平,顶层 (共21层) | 2010年 | 2室1厅 | 87.38平米 | 东南,https://ke-image.ljcdn.com/110000-inspection/pc1_hIEHyE7YJ.jpg!m_fill,w_280,h_210,f_jpg?from=ke.com
20231212,丰台,岳各庄,101119107810,丰体时代花园满五年商品房 地铁周边 刚需小户型,200万,59791元/平,中楼层 (共28层) | 2005年 | 1室1厅 | 33.45平米 | 南,https://ke-image.ljcdn.com/110000-inspection/pc1_d5YdIw9n9.jpg!m_fill,w_280,h_210,f_jpg?from=ke.com
20231212,丰台,岳各庄,101118908476,大井北里 2室1厅 南,308万,55546元/平,底层 (共6层) | 1989年 | 2室1厅 | 55.45平米 | 南,https://ke-image.ljcdn.com/110000-inspection/pc1_7iYNZHszs_1.jpg!m_fill,w_280,h_210,f_jpg?from=ke.com
20231212,丰台,岳各庄,101118900716,丰体时代花园东向一居室 满五唯一商品房 视野采光好,320万,57617元/平,中楼层 (共29层) | 2008年 | 1室1厅 | 55.54平米 | 东,https://ke-image.ljcdn.com/110000-inspection/pc1_TiZnMkZV8.jpg!m_fill,w_280,h_210,f_jpg?from=ke.com
20231212,丰台,岳各庄,101118879683,满五唯一小区中间前后花园视野开阔！,240万,93824元/平,中楼层 (共30层) 1室1厅 | 25.58平米 | 南,https://ke-image.ljcdn.com/110000-inspection/pc1_mB6eqzjoD.jpg!m_fill,w_280,h_210,f_jpg?from=ke.com
20231212,丰台,岳各庄,101118879597,满五唯一视野开阔前后花园市政供暖！,960万,73010元/平,中楼层 (共30层) 2室1厅 | 131.49平米 | 南 北,https://ke-image.ljcdn.com/110000-inspection/pc1_7PAJ3t7He.jpg!m_fill,w_280,h_210,f_jpg?from=ke.com
20231212,丰台,岳各庄,101118849449,靛厂锦园两居室南北通透户型好采光好房主自荐,380万,61970元/平,中楼层 (共9层) | 2005年 | 2室1厅 | 61.32平米 | 南 北,https://ke-image.ljcdn.com/110000-inspection/pc1_YRF4Mh8Pw.jpg!m_fill,w_280,h_210,f_jpg?from=ke.com
20231212,丰台,岳各庄,101118776983,丰体时代小区满五唯一电梯房地铁14号线大井站,425万,47759元/平,中楼层 (共29层) | 2008年 | 2室1厅 | 88.99平米 | 东北,https://ke-image.ljcdn.com/110000-inspection/pc1_nH7eLEsc3_1.jpg!m_fill,w_280,h_210,f_jpg?from=ke.com
20231212,丰台,岳各庄,101118772238,花园洋房中间位置方正户型观景三居前后三阳台,1170万,89704元/平,中楼层 (共8层) | 2012年 | 3室2厅 | 130.43平米 | 东 西 北,https://ke-image.ljcdn.com/110000-inspection/pc1_25Oav6Pqm_1.jpg!m_fill,w_280,h_210,f_jpg?from=ke.com
20231212,丰台,岳各庄,101118754008,精装南北通透四居室  有地下会所 高档住宅 看房方便,2630万,99659元/平,高楼层 (共21层) | 2017年 | 4室2厅 | 263.9平米 | 南 北,https://ke-image.ljcdn.com/110000-inspection/pc1_VMbl5YVF0.jpg!m_fill,w_280,h_210,f_jpg?from=ke.com
20231212,丰台,岳各庄,101118620812,丰体时代花园 南向两居 商品房 高楼层,505万,55162元/平,顶层 (共28层) | 2005年 | 2室1厅 | 91.55平米 | 南,https://ke-image.ljcdn.com/110000-inspection/pc1_TvUz1CgdL_1.jpg!m_fill,w_280,h_210,f_jpg?from=ke.com
20231212,丰台,岳各庄,101118576665,大成郡 1室1厅 南 北,620万,100357元/平,顶层 (共7层) | 2012年 | 1室1厅 | 61.78平米 | 南 北,https://ke-image.ljcdn.com/110000-inspection/pc1_aNUHD47gz_1.jpg!m_fill,w_280,h_210,f_jpg?from=ke.com
20231212,丰台,岳各庄,101118519694,西四环大成郡南北三居满五年唯一,1250万,90837元/平,中楼层 (共7层) 3室2厅 | 137.61平米 | 南 北,https://ke-image.ljcdn.com/110000-inspection/pc1_CLgQXiWj0_1.jpg!m_fill,w_280,h_210,f_jpg?from=ke.com
20231212,丰台,岳各庄,101118517977,精装现房 采光充裕无遮挡 随时签约 诚心出售,600万,57693元/平,底层 (共23层) | 2008年 | 2室1厅 | 104平米 | 南,https://ke-image.ljcdn.com/110000-inspection/0b96cbd3-badc-4a52-aac8-f8545ffbbde4_1000.jpg!m_fill,w_280,h_210,f_jpg?from=ke.com
20231212,丰台,岳各庄,101118466497,小区中间位置正对水系满五唯一,980万,66986元/平,低楼层 (共25层) 3室2厅 | 146.3平米 | 东南,https://ke-image.ljcdn.com/110000-inspection/pc1_kBuCZazz1.jpg!m_fill,w_280,h_210,f_jpg?from=ke.com
20231212,丰台,岳各庄,101118463631,大井南里南北通透一居室房子装修好,251万,63416元/平,中楼层 (共6层) 1室1厅 | 39.58平米 | 南 北,https://ke-image.ljcdn.com/110000-inspection/pc1_USPQcPYaW.jpg!m_fill,w_280,h_210,f_jpg?from=ke.com
20231212,丰台,岳各庄,101118453601,满五唯一自住保持良好居住舒适正对小区绿化,700万,70204元/平,中楼层 (共18层) | 2004年 | 2室2厅 | 99.71平米 | 南,https://ke-image.ljcdn.com/110000-inspection/pc1_AKITM4wHz.jpg!m_fill,w_280,h_210,f_jpg?from=ke.com
20231212,丰台,岳各庄,101118442441,大井东里 南北通透两居室 诚心出售。,268万,47679元/平,中楼层 (共6层) | 1990年 | 2室1厅 | 56.21平米 | 南 北,https://ke-image.ljcdn.com/110000-inspection/pc1_bx6Kit8Nv.jpg!m_fill,w_280,h_210,f_jpg?from=ke.com
20231212,丰台,岳各庄,101118379076,珠江峰景正南向三居大面宽落地飘窗采光好！房主自荐,769万,61173元/平,底层 (共21层) | 2006年 | 3室1厅 | 125.71平米 | 南,https://ke-image.ljcdn.com/110000-inspection/f263d3ea-c7b4-4788-be9b-291561a407b0_1000.jpg!m_fill,w_280,h_210,f_jpg?from=ke.com
20231212,丰台,岳各庄,101118377684,中堂 4室2厅 南 北,1530万,77426元/平,中楼层 (共30层) | 2011年 | 4室2厅 | 197.61平米 | 南 北,https://ke-image.ljcdn.com/110000-inspection/pc1_nTlD1V7hg.jpg!m_fill,w_280,h_210,f_jpg?from=ke.com
20231212,丰台,岳各庄,101118345994,西府景园 南向三居 高楼层 视野开阔 满五年唯一,686万,57619元/平,顶层 (共23层) | 2004年 | 3室2厅 | 119.06平米 | 南,https://ke-image.ljcdn.com/110000-inspection/pc1_zSINPtEPs_1.jpg!m_fill,w_280,h_210,f_jpg?from=ke.com
20231212,丰台,岳各庄,101118266581,满五年大3居格局方正采光充足视野开阔！,1135万,74125元/平,低楼层 (共18层) | 2006年 | 3室1厅 | 153.12平米 | 南 北,https://ke-image.ljcdn.com/110000-inspection/pc1_8c7q490Wy.jpg!m_fill,w_280,h_210,f_jpg?from=ke.com
20231212,丰台,岳各庄,101118193553,万科紫台 小区正中间 前后花园,1340万,78326元/平,中楼层 (共11层) | 2007年 | 3室2厅 | 171.08平米 | 南 北,https://ke-image.ljcdn.com/110000-inspection/pc1_illTOVgfV.jpg!m_fill,w_280,h_210,f_jpg?from=ke.com
20231212,丰台,岳各庄,101118154107,万科紫台 南北三居 客厅双卧南 高层视野好 前后不遮挡房主自荐,1360万,79677元/平,中楼层 (共18层) | 2006年 | 3室2厅 | 170.69平米 | 南 北,https://ke-image.ljcdn.com/110000-inspection/pc1_arLgdRM6x_1.jpg!m_fill,w_280,h_210,f_jpg?from=ke.com
20231212,丰台,岳各庄,101118151728,西四环 大成郡 满五年唯一 两居室 位置不临街,1030万,95957元/平,底层 (共6层) | 2010年 | 2室1厅 | 107.34平米 | 东南,https://ke-image.ljcdn.com/110000-inspection/pc1_AfSPLSWKv_1.jpg!m_fill,w_280,h_210,f_jpg?from=ke.com
20231212,丰台,岳各庄,101118144022,中堂 1室1厅 北,400万,76864元/平,低楼层 (共18层) 1室1厅 | 52.04平米 | 北,https://ke-image.ljcdn.com/110000-inspection/pc1_imuFeSMUF_1.jpg!m_fill,w_280,h_210,f_jpg?from=ke.com
20231212,丰台,岳各庄,101118083285,满五年唯一三居室 看房提前联系 诚心出售 中间层,1050万,76303元/平,中楼层 (共13层) | 2004年 | 3室2厅 | 137.61平米 | 南 北,https://ke-image.ljcdn.com/110000-inspection/pc1_wA9hLWyux.jpg!m_fill,w_280,h_210,f_jpg?from=ke.com
20231212,丰台,岳各庄,101118070300,丰体时代花园 东北向两居室 满五唯一 近地铁,400万,52172元/平,高楼层 (共29层) | 2008年 | 2室1厅 | 76.67平米 | 东 北,https://ke-image.ljcdn.com/110000-inspection/pc1_TlSKsdqrj.jpg!m_fill,w_280,h_210,f_jpg?from=ke.com
20231212,丰台,岳各庄,101118053157,大井地铁站满五唯一全南向两居室,239万,42384元/平,顶层 (共6层) 2室1厅 | 56.39平米 | 南,https://ke-image.ljcdn.com/110000-inspection/3120f676-15d9-4181-b879-ae925be8ff37_1000.jpg!m_fill,w_280,h_210,f_jpg?from=ke.com
20231212,丰台,岳各庄,101118051155,南北通透  高楼层 楼间距大 采光充足 户型方正,1038万,75060元/平,高楼层 (共16层) | 2004年 | 3室2厅 | 138.29平米 | 南 北,https://ke-image.ljcdn.com/110000-inspection/pc1_0KyeOUvwG.jpg!m_fill,w_280,h_210,f_jpg?from=ke.com
20231212,丰台,岳各庄,101118042527,紫辰院南北通透三居室精装修采光好两梯两户,1380万,123457元/平,高楼层 (共22层) | 2016年 | 3室2厅 | 111.78平米 | 南 北,https://ke-image.ljcdn.com/110000-inspection/pc1_ILr5QIRQZ_1.jpg!m_fill,w_280,h_210,f_jpg?from=ke.com
20231212,丰台,岳各庄,101118004337,西府景园精装三居  四环周边拎包入住,705万,59914元/平,低楼层 (共23层) | 2004年 | 3室1厅 | 117.67平米 | 东 南 西,https://ke-image.ljcdn.com/110000-inspection/31b7178a-19e3-4c06-92cc-f37e31c4ed0d_1000.jpg!m_fill,w_280,h_210,f_jpg?from=ke.com
20231212,丰台,岳各庄,101117970277,民岳家园 朝东向一居 商品房 精装修 采光充足,315万,58033元/平,低楼层 (共23层) 1室0厅 | 54.28平米 | 东,https://ke-image.ljcdn.com/110000-inspection/pc1_sIc4gcBmb_1.jpg!m_fill,w_280,h_210,f_jpg?from=ke.com
20231212,丰台,岳各庄,101117940907,丰体时代花园 西向两居室 格局方正 采光充足 近地铁,420万,44915元/平,顶层 (共29层) 2室1厅 | 93.51平米 | 西,https://ke-image.ljcdn.com/110000-inspection/pc1_MxgetuTOH.jpg!m_fill,w_280,h_210,f_jpg?from=ke.com
20231212,丰台,岳各庄,101117937133,中堂  2室1厅 精装修    有地下室  满两年可多贷款房主自荐,565万,72800元/平,顶层 (共18层) | 2004年 | 2室1厅 | 77.61平米 | 东北,https://ke-image.ljcdn.com/110000-inspection/pc1_SQXkcAqLj.jpg!m_fill,w_280,h_210,f_jpg?from=ke.com
20231212,丰台,岳各庄,101117891959,丰体时代花园 东向2居室满五唯一 商品房 。房主自荐,475万,52371元/平,低楼层 (共28层) 2室1厅 | 90.7平米 | 东,https://ke-image.ljcdn.com/110000-inspection/pc1_sLw3k2Yw9_1.jpg!m_fill,w_280,h_210,f_jpg?from=ke.com
20231212,丰台,岳各庄,101117871452,大成郡低密电梯洋房社区足不出小区享受绿色生活！,798万,76872元/平,底层 (共9层) 2室1厅 | 103.81平米 | 东,https://ke-image.ljcdn.com/110000-inspection/pc1_3n2CwRVeo.jpg!m_fill,w_280,h_210,f_jpg?from=ke.com
20231212,丰台,岳各庄,101117860064,丰体时代 商品房满五唯一 近地铁 双阳台 楼层高视野好,494万,55889元/平,高楼层 (共28层) 2室1厅 | 88.39平米 | 西 北,https://ke-image.ljcdn.com/110000-inspection/pc1_0qxol97xQ_1.jpg!m_fill,w_280,h_210,f_jpg?from=ke.com
20231212,丰台,岳各庄,101117820467,民岳家园 满五年商品房 视野开阔无遮挡,498万,47683元/平,低楼层 (共22层) | 2003年 | 2室1厅 | 104.44平米 | 西南,https://ke-image.ljcdn.com/110000-inspection/pc1_nsbiJHbVQ_1.jpg!m_fill,w_280,h_210,f_jpg?from=ke.com
20231212,丰台,岳各庄,101117820352,本房业主诚心出售 精装一居随时签约,268万,49374元/平,低楼层 (共23层) 1室0厅 | 54.28平米 | 西,https://ke-image.ljcdn.com/110000-inspection/pc1_vdsriz3HR.jpg!m_fill,w_280,h_210,f_jpg?from=ke.com
20231212,丰台,岳各庄,101117752302,大井南里 精装婚房两居 南北通透,298万,55598元/平,高楼层 (共6层) | 1990年 | 2室1厅 | 53.6平米 | 南 北,https://ke-image.ljcdn.com/110000-inspection/pc1_pyd6wvPaR.jpg!m_fill,w_280,h_210,f_jpg?from=ke.com
20231212,丰台,岳各庄,101117606313,2007年建成满五年唯一精装修房间布局合理,314万,57849元/平,中楼层 (共23层) | 2007年 | 1室0厅 | 54.28平米 | 西,https://ke-image.ljcdn.com/110000-inspection/9e8bc001-4015-4d6d-a86c-8b9b559fbf65_1000.jpg!m_fill,w_280,h_210,f_jpg?from=ke.com
20231212,丰台,岳各庄,101117566215,全明格局满五唯一交通便利配套齐全,322万,66147元/平,中楼层 (共17层) | 2004年 | 1室1厅 | 48.68平米 | 东北,https://ke-image.ljcdn.com/110000-inspection/pc1_xuak2e9zZ.jpg!m_fill,w_280,h_210,f_jpg?from=ke.com
20231212,丰台,岳各庄,101117549897,靛厂锦园 2室1厅 南 北,505万,58899元/平,中楼层 (共9层) | 2005年 | 2室1厅 | 85.74平米 | 南 北,https://ke-image.ljcdn.com/110000-inspection/pc1_o9plHQwZe_1.jpg!m_fill,w_280,h_210,f_jpg?from=ke.com
20231212,丰台,岳各庄,101117533800,大井南里 2室1厅 东,279万,47620元/平,高楼层 (共6层) | 1990年 | 2室1厅 | 58.59平米 | 东,https://ke-image.ljcdn.com/110000-inspection/pc1_IHJNErcfX.jpg!m_fill,w_280,h_210,f_jpg?from=ke.com
20231212,丰台,岳各庄,101117442305,丰体时代 南向两居室 满五唯一 近地铁,538万,54278元/平,低楼层 (共29层) | 2009年 | 2室1厅 | 99.12平米 | 南,https://ke-image.ljcdn.com/110000-inspection/pc1_lRcb9Jjgt.jpg!m_fill,w_280,h_210,f_jpg?from=ke.com
20231212,丰台,岳各庄,101117387563,南向 采光好 无遮挡 格局好 带卫生间,200万,78463元/平,高楼层 (共30层) 1室0厅 | 25.49平米 | 南,https://ke-image.ljcdn.com/110000-inspection/52fa8a68-e405-474c-93f6-fea32263deaf_1000.jpg!m_fill,w_280,h_210,f_jpg?from=ke.com
20231212,丰台,岳各庄,101117387530,南北通透 2+1两居室 明卫 2012年楼 有车位 随时可看,990万,75354元/平,高楼层 (共30层) | 2012年 | 2室2厅 | 131.38平米 | 南 北,https://ke-image.ljcdn.com/110000-inspection/a9117476-2adc-4b87-97f7-368eb6a400cf_1000.jpg!m_fill,w_280,h_210,f_jpg?from=ke.com
20231212,丰台,岳各庄,101117139373,西四环内两居室南北通透得房率百分之八十六户型好房主自荐,510万,58844元/平,高楼层 (共9层) | 2005年 | 2室1厅 | 86.67平米 | 南 北,https://ke-image.ljcdn.com/110000-inspection/pc1_nmpoTstC2.jpg!m_fill,w_280,h_210,f_jpg?from=ke.com
20231212,丰台,岳各庄,101117058504,中堂 南向一居 满5年 四环内 封闭式管理,405万,66145元/平,中楼层 (共17层) | 2011年 | 1室1厅 | 61.23平米 | 南,https://ke-image.ljcdn.com/110000-inspection/pc1_iwPfV9P2Z_1.jpg!m_fill,w_280,h_210,f_jpg?from=ke.com
20231212,丰台,岳各庄,101117049266,西四环中堂 南向三居室 观景房 精装带车位 随时可看房主自荐,1060万,73170元/平,中楼层 (共25层) | 2004年 | 3室2厅 | 144.87平米 | 东南,https://ke-image.ljcdn.com/110000-inspection/pc1_kqufzfSCb.jpg!m_fill,w_280,h_210,f_jpg?from=ke.com
20231212,丰台,岳各庄,101117039823,丰体时代花园 朝东的2居室 高楼层 采光好。,475万,51772元/平,高楼层 (共28层) | 2005年 | 2室1厅 | 91.75平米 | 东,https://ke-image.ljcdn.com/110000-inspection/pc1_r4qxUMqtC.jpg!m_fill,w_280,h_210,f_jpg?from=ke.com
20231212,丰台,岳各庄,101116999496,商圈强推：西府景园观山两居室 全西向日观西山,509万,56443元/平,中楼层 (共23层) 2室1厅 | 90.18平米 | 西,https://ke-image.ljcdn.com/110000-inspection/pc1_vjFIQz3xD_1.jpg!m_fill,w_280,h_210,f_jpg?from=ke.com
20231212,丰台,岳各庄,101116933076,业主装修保持的好南北通透户型方正！前后观景。,1045万,79474元/平,低楼层 (共30层) | 2012年 | 2室2厅 | 131.49平米 | 南 北,https://ke-image.ljcdn.com/110000-inspection/pc1_jxwbVAZRI.jpg!m_fill,w_280,h_210,f_jpg?from=ke.com
20231212,丰台,岳各庄,101116933063,西四环内 全南一居 采光好 无遮挡  得房率81.7%,215万,84051元/平,低楼层 (共30层) 1室0厅 | 25.58平米 | 南,https://ke-image.ljcdn.com/110000-inspection/pc1_86IxRu0h1.jpg!m_fill,w_280,h_210,f_jpg?from=ke.com
20231212,丰台,岳各庄,101116895733,紫辰院 精装 南北通透三居室 带车位 有会所 高档商品.,2300万,99714元/平,低楼层 (共22层) | 2017年 | 3室2厅 | 230.66平米 | 南 北,https://ke-image.ljcdn.com/110000-inspection/pc1_Ac6UTVTwO.jpg!m_fill,w_280,h_210,f_jpg?from=ke.com
20231212,丰台,岳各庄,101116747476,大井北里 南北向两居 邻近地铁 业主诚售,318万,52303元/平,高楼层 (共6层) 2室1厅 | 60.8平米 | 南 北,https://ke-image.ljcdn.com/110000-inspection/pc1_6i7RAsgZP.jpg!m_fill,w_280,h_210,f_jpg?from=ke.com
20231212,丰台,岳各庄,101116725207,阅园二区 前后花园 毛坯没住过 明厨明卫,800万,81384元/平,低楼层 (共30层) 2室1厅 | 98.3平米 | 南,https://ke-image.ljcdn.com/110000-inspection/pc1_A6afVnN75.jpg!m_fill,w_280,h_210,f_jpg?from=ke.com
20231212,丰台,岳各庄,101116410226,14号线大井地铁站低楼层精装修可拎包入住,285万,53744元/平,低楼层 (共6层) | 1990年 | 2室1厅 | 53.03平米 | 南 北,https://ke-image.ljcdn.com/110000-inspection/pc1_njSCmZ08G.jpg!m_fill,w_280,h_210,f_jpg?from=ke.com
20231212,丰台,岳各庄,101116282472,中堂正规一居室 南北通透 精装修,505万,73831元/平,中楼层 (共18层) | 2004年 | 1室1厅 | 68.4平米 | 南 北,https://ke-image.ljcdn.com/110000-inspection/pc1_nOugHeGoN.jpg!m_fill,w_280,h_210,f_jpg?from=ke.com
20231212,丰台,岳各庄,101115991145,大井北里 南北通透两居室 楼层好 近地铁,300万,49343元/平,中楼层 (共6层) 2室1厅 | 60.8平米 | 南 北,https://ke-image.ljcdn.com/110000-inspection/pc1_tIHqsVx8X.jpg!m_fill,w_280,h_210,f_jpg?from=ke.com
20231212,丰台,岳各庄,101115973559,丰体时代花园 朝南向 通风好 中间楼层 满五唯一商品房,499万,52208元/平,中楼层 (共29层) | 2008年 | 2室1厅 | 95.58平米 | 南,https://ke-image.ljcdn.com/110000-inspection/pc1_CAEQrhLac_1.jpg!m_fill,w_280,h_210,f_jpg?from=ke.com
20231212,丰台,岳各庄,101115830364,丰体时代 商品房 东南双卫大三居 满五年唯一,736万,53311元/平,中楼层 (共28层) | 2005年 | 3室2厅 | 138.06平米 | 东南,https://ke-image.ljcdn.com/110000-inspection/pc1_ZoLJth03e.jpg!m_fill,w_280,h_210,f_jpg?from=ke.com
20231212,丰台,岳各庄,101115613738,珠江峰景 满五唯一 精装修 诚心出售,315万,59716元/平,顶层 (共21层) 1室1厅 | 52.75平米 | 东,https://ke-image.ljcdn.com/110000-inspection/a711c01d-aed2-497b-be8f-b1fa461b553e_1000.jpg!m_fill,w_280,h_210,f_jpg?from=ke.com
20231212,丰台,岳各庄,101114916008,大井北里 南北精装两居室 客厅有明窗 满五年,285万,49138元/平,顶层 (共6层) | 1993年 | 2室1厅 | 58平米 | 南 北,https://ke-image.ljcdn.com/110000-inspection/pc1_HwLxDXg1o.jpg!m_fill,w_280,h_210,f_jpg?from=ke.com
20231212,丰台,岳各庄,101114514515,大井北里 商品房 南北通透 邻近地铁,283万,46137元/平,顶层 (共6层) | 1990年 | 2室1厅 | 61.34平米 | 北 南,https://ke-image.ljcdn.com/110000-inspection/pc1_QKAgmomaq_1.jpg!m_fill,w_280,h_210,f_jpg?from=ke.com
20231212,丰台,岳各庄,101113848250,大井南里 南北向两居室 明厨明卫 临近地铁,350万,47523元/平,高楼层 (共6层) 2室1厅 | 73.65平米 | 南 北,https://ke-image.ljcdn.com/110000-inspection/pc1_2AHap0ZAq_1.jpg!m_fill,w_280,h_210,f_jpg?from=ke.com
20231212,丰台,岳各庄,101113469600,大井东里 满五唯一商品房 南北通透 双阳台,300万,48513元/平,高楼层 (共6层) 2室1厅 | 61.84平米 | 南 北,https://ke-image.ljcdn.com/110000-inspection/pc1_GwYur6nSB_1.jpg!m_fill,w_280,h_210,f_jpg?from=ke.com
20231212,丰台,岳各庄,101111619098,丰体时代花园 东向 两居室 满五年唯一  诚心出售,470万,51502元/平,中楼层 (共28层) | 2005年 | 2室1厅 | 91.26平米 | 东,https://ke-image.ljcdn.com/110000-inspection/pc1_HzD8ssMUX_1.jpg!m_fill,w_280,h_210,f_jpg?from=ke.com
20231212,丰台,岳各庄,101109820127,大井东里 南北通透两居室 近地铁 业主诚售房主自荐,300万,53372元/平,高楼层 (共6层) | 1990年 | 2室1厅 | 56.21平米 | 南 北,https://ke-image.ljcdn.com/110000-inspection/pc1_aXQo8yrYk.jpg!m_fill,w_280,h_210,f_jpg?from=ke.com
20231212,丰台,岳各庄,101122258161,西四环低密度花园电梯洋房 大成郡 配套齐全新上,765万,79177元/平,高楼层 (共8层) | 2012年 | 2室1厅 | 96.62平米 | 东 西,https://ke-image.ljcdn.com/110000-inspection/pc1_amipV1YLH_1.jpg!m_fill,w_280,h_210,f_jpg?from=ke.com
20231212,丰台,岳各庄,101122233702,丰体时代花园 东南三居室 双卫 无遮挡 采光充足近地铁新上,698万,50768元/平,低楼层 (共28层) | 2008年 | 3室1厅 | 137.49平米 | 东南,https://ke-image.ljcdn.com/110000-inspection/pc1_ZMxSuqxu7.jpg!m_fill,w_280,h_210,f_jpg?from=ke.com
20231212,丰台,岳各庄,101122232185,丰体东南三居 出房少 180°全景落地窗 朝向好 视野佳新上,768万,55624元/平,中楼层 (共28层) | 2005年 | 3室2厅 | 138.07平米 | 东 南,https://ke-image.ljcdn.com/110000-inspection/pc1_X0aLKAKXa_1.jpg!m_fill,w_280,h_210,f_jpg?from=ke.com
20231212,丰台,岳各庄,101122171840,五棵松延线 民岳家园东南向两居 精装满五年 价钱可谈,508万,49785元/平,低楼层 (共22层) | 2003年 | 2室2厅 | 102.04平米 | 东南,https://ke-image.ljcdn.com/110000-inspection/pc1_C8n4VouxR.jpg!m_fill,w_280,h_210,f_jpg?from=ke.com
20231212,丰台,岳各庄,101122163164,大成郡南北两居满五唯一诚心卖新上,875万,93643元/平,中楼层 (共7层) | 2010年 | 2室1厅 | 93.44平米 | 南 北,https://ke-image.ljcdn.com/110000-inspection/35638613-bd0e-48b7-89ac-235d5892ff5c_1000.jpg!m_fill,w_280,h_210,f_jpg?from=ke.com
20231212,丰台,岳各庄,101122148078,丰体时代花园 2室1厅 西,445万,47824元/平,低楼层 (共29层) | 2009年 | 2室1厅 | 93.05平米 | 西,https://ke-image.ljcdn.com/110000-inspection/pc1_OJGAbKKLH.jpg!m_fill,w_280,h_210,f_jpg?from=ke.com
20231212,丰台,岳各庄,101122144485,满五唯一精装修层高2.9米正南向诚意出售！,690万,58194元/平,底层 (共13层) | 2007年 | 2室2厅 | 118.57平米 | 南,https://ke-image.ljcdn.com/110000-inspection/aa102d34-ebda-423e-9a2c-c7b20aa13a7a_1000.jpg!m_fill,w_280,h_210,f_jpg?from=ke.com
20231212,丰台,岳各庄,101122108825,大成郡 4室2厅 南 北,2200万,99616元/平,顶层 (共7层) | 2010年 | 4室2厅 | 220.85平米 | 南 北,https://ke-image.ljcdn.com/110000-inspection/e8afc76c-a976-41df-8bdb-c5879f7b94f3_1000.jpg!m_fill,w_280,h_210,f_jpg?from=ke.com
20231212,丰台,岳各庄,101122095019,丰体时代新上高楼层视野好 新上,431万,48362元/平,高楼层 (共28层) 2室1厅 | 89.12平米 | 西,https://ke-image.ljcdn.com/110000-inspection/pc1_8mM000s6Y.jpg!m_fill,w_280,h_210,f_jpg?from=ke.com
20231212,丰台,岳各庄,101122086503,有车位 西府景园商品房两居 满五年唯一 正对小区花园,533万,59674元/平,低楼层 (共23层) 2室2厅 | 89.32平米 | 西,https://ke-image.ljcdn.com/110000-inspection/9b5afeb4-76e1-483b-847d-66879979c957_1000.jpg!m_fill,w_280,h_210,f_jpg?from=ke.com
20231212,丰台,岳各庄,101122045601,紫辰院6居室小区中间上下两层有花园挑高3米,3120万,78094元/平,底层 (共21层) | 2017年 | 6室2厅 | 399.52平米 | 南 北,https://ke-image.ljcdn.com/110000-inspection/pc1_q5K8TNJ3C.jpg!m_fill,w_280,h_210,f_jpg?from=ke.com
20231212,丰台,岳各庄,101122045444,西四环精装一居 采光好无遮挡 拎包入住,297万,54777元/平,中楼层 (共23层) | 2007年 | 1室0厅 | 54.22平米 | 西,https://ke-image.ljcdn.com/110000-inspection/pc1_QElpmNRE0_1.jpg!m_fill,w_280,h_210,f_jpg?from=ke.com
20231212,丰台,岳各庄,101122042510,民岳家园西区新上明厨明卫大两居 满五唯一 业主诚售,520万,52115元/平,高楼层 (共23层) | 2007年 | 2室1厅 | 99.78平米 | 西南 北,https://ke-image.ljcdn.com/110000-inspection/pc1_oVpOpzbZi_1.jpg!m_fill,w_280,h_210,f_jpg?from=ke.com
20231212,丰台,岳各庄,101122003248,中堂正规一居室落地窗满五唯一视野好房主自荐,399万,55141元/平,低楼层 (共25层) | 2004年 | 1室1厅 | 72.36平米 | 北,https://ke-image.ljcdn.com/110000-inspection/pc1_oDu6JTJi9.jpg!m_fill,w_280,h_210,f_jpg?from=ke.com
20231212,丰台,岳各庄,101121989227,民岳家园 一梯两户 板楼南北三居 满五年唯一商品房,680万,61196元/平,低楼层 (共12层) | 2005年 | 3室2厅 | 111.12平米 | 南 北,https://ke-image.ljcdn.com/110000-inspection/pc1_RUeXjJNKF.jpg!m_fill,w_280,h_210,f_jpg?from=ke.com
20231212,丰台,岳各庄,101121988760,梅市口路11号院 低楼层板楼两居 满五年唯一商品房,293万,51046元/平,中楼层 (共5层) 2室1厅 | 57.4平米 | 东 西,https://ke-image.ljcdn.com/110000-inspection/pc1_uBZZaNU7i_1.jpg!m_fill,w_280,h_210,f_jpg?from=ke.com
20231212,丰台,岳各庄,101121971898,南向两居室 一层有花 园   户型方正 采光好 拎包入住,815万,86537元/平,底层 (共18层) | 2004年 | 2室2厅 | 94.18平米 | 南 北,https://ke-image.ljcdn.com/110000-inspection/pc1_ki5wW5YRs_1.jpg!m_fill,w_280,h_210,f_jpg?from=ke.com
20231212,丰台,岳各庄,101121968866,中堂小区中间花园洋房南北通透大一居室落地窗,429万,65687元/平,中楼层 (共18层) | 2004年 | 1室1厅 | 65.31平米 | 南 北,https://ke-image.ljcdn.com/110000-inspection/pc1_0RE0RVcoj.jpg!m_fill,w_280,h_210,f_jpg?from=ke.com
20231212,丰台,岳各庄,101121938165,大井北里*商品房*南向*采光充足*无遮挡*近地铁房主自荐,229万,50165元/平,高楼层 (共6层) | 1993年 | 1室1厅 | 45.65平米 | 南 北,https://ke-image.ljcdn.com/110000-inspection/pc1_N99E81tpi_1.jpg!m_fill,w_280,h_210,f_jpg?from=ke.com
20231212,丰台,岳各庄,101121903583,位置好采光好无遮挡安静拎包入住保持好价可谈,560万,54886元/平,中楼层 (共21层) | 2007年 | 2室1厅 | 102.03平米 | 西北 东北,https://ke-image.ljcdn.com/110000-inspection/pc1_AUhdW7v7S_1.jpg!m_fill,w_280,h_210,f_jpg?from=ke.com
20231212,丰台,岳各庄,101121857678,大井东里户型方正一居室 满五年唯一商品房,210万,46750元/平,顶层 (共6层) | 1992年 | 1室1厅 | 44.92平米 | 南,https://ke-image.ljcdn.com/110000-inspection/pc1_hqhJmLBzR.jpg!m_fill,w_280,h_210,f_jpg?from=ke.com
20231212,丰台,岳各庄,101121843535,大成郡双位大两居不临街视野采光很好,998万,79962元/平,高楼层 (共9层) | 2010年 | 2室1厅 | 124.81平米 | 西 北,https://ke-image.ljcdn.com/110000-inspection/pc1_qlfJFbSj2_1.jpg!m_fill,w_280,h_210,f_jpg?from=ke.com
20231212,丰台,岳各庄,101121828436,西府景园 南北通透 两梯三户 满五年唯一,670万,60766元/平,底层 (共23层) | 2004年 | 3室1厅 | 110.26平米 | 南 北,https://ke-image.ljcdn.com/110000-inspection/pc1_1NFcXvdEG.jpg!m_fill,w_280,h_210,f_jpg?from=ke.com
20231212,丰台,岳各庄,101121815489,西府景园正规三居 商品房满五年唯一 精装修 适合贷款,666万,56599元/平,顶层 (共23层) | 2004年 | 3室1厅 | 117.67平米 | 东 西,https://ke-image.ljcdn.com/110000-inspection/pc1_vQFRENoYk_1.jpg!m_fill,w_280,h_210,f_jpg?from=ke.com
20231212,丰台,岳各庄,101121810991,西四环珠江峰景 精装两居 有钥匙,568万,63365元/平,高楼层 (共21层) 2室1厅 | 89.64平米 | 东南,https://ke-image.ljcdn.com/110000-inspection/pc1_26SwxmZPv_1.jpg!m_fill,w_280,h_210,f_jpg?from=ke.com
20231212,丰台,岳各庄,101121769456,西四环 珠江峰景 南北通透 7层带电梯板楼 小区中间,930万,63305元/平,低楼层 (共7层) | 2007年 | 3室2厅 | 146.91平米 | 南 北,https://ke-image.ljcdn.com/110000-inspection/pc1_iUEmIL2Xk.jpg!m_fill,w_280,h_210,f_jpg?from=ke.com
20231212,丰台,岳各庄,101121735095,大井南里 2室1厅 南 北,275万,51192元/平,低楼层 (共6层) | 1990年 | 2室1厅 | 53.72平米 | 南 北,https://ke-image.ljcdn.com/110000-inspection/pc1_ynzYlj9mz_1.jpg!m_fill,w_280,h_210,f_jpg?from=ke.com
20231212,丰台,岳各庄,101121707093,此房满五年唯一 商品房 无遮挡 诚意出售 有钥匙,508万,55843元/平,底层 (共23层) | 2004年 | 2室1厅 | 90.97平米 | 西南,https://ke-image.ljcdn.com/110000-inspection/pc1_kFKTy18ZR_1.jpg!m_fill,w_280,h_210,f_jpg?from=ke.com
20231212,丰台,岳各庄,101121671376,店长力荐 民岳家园高楼层两居室 视野开阔 满五年唯一,508万,51843元/平,高楼层 (共22层) 2室2厅 | 97.99平米 | 西南,https://ke-image.ljcdn.com/110000-inspection/52bd1f90-a023-4372-8eff-a028d1bcc648_1000.jpg!m_fill,w_280,h_210,f_jpg?from=ke.com
20231212,丰台,岳各庄,101121670396,岳各庄珠江峰景商品房社区花园小区落地窗。房主自荐,289万,54222元/平,低楼层 (共21层) | 2006年 | 1室1厅 | 53.3平米 | 东,https://ke-image.ljcdn.com/110000-inspection/pc1_eTqxR3NfP_1.jpg!m_fill,w_280,h_210,f_jpg?from=ke.com
20231212,丰台,岳各庄,101121657450,精装一居室 满五年唯一 诚心出售,216万,48737元/平,底层 (共21层) | 2006年 | 1室0厅 | 44.32平米 | 东北,https://ke-image.ljcdn.com/110000-inspection/37f38c51-5fbc-45cc-b4be-ccbe23a51e3b_1000.jpg!m_fill,w_280,h_210,f_jpg?from=ke.com
20231212,丰台,岳各庄,101121640469,全明格局 满五唯一 业主诚心出售,505万,50430元/平,中楼层 (共23层) 2室2厅 | 100.14平米 | 东 南 北,https://ke-image.ljcdn.com/110000-inspection/pc1_xFCBPAoff_1.jpg!m_fill,w_280,h_210,f_jpg?from=ke.com
20231212,丰台,岳各庄,101121606051,大成郡 3室2厅 南 北,1750万,103142元/平,顶层 (共7层) | 2010年 | 3室2厅 | 169.67平米 | 南 北,https://ke-image.ljcdn.com/110000-inspection/bd2f5b8f-8c78-4837-b806-75b522afe37c_1000.jpg!m_fill,w_280,h_210,f_jpg?from=ke.com
20231212,丰台,岳各庄,101121604927,大成郡 3室2厅 南 北,1245万,92566元/平,中楼层 (共7层) 3室2厅 | 134.5平米 | 南 北,https://s1.ljcdn.com/pegasus/redskull/images/common/default_house_list.png?_v=20231208163226
20231212,丰台,岳各庄,101121604409,西四环外 珠江峰景南北通透 跃层5居 小区中间位置,1650万,69509元/平,高楼层 (共11层) 5室2厅 | 237.38平米 | 南 北,https://ke-image.ljcdn.com/110000-inspection/pc1_Xa5X6tyYe_1.jpg!m_fill,w_280,h_210,f_jpg?from=ke.com
20231212,丰台,岳各庄,101121579847,大井东里 商品房 南北通透 全明格局 近地铁,239万,41537元/平,顶层 (共6层) | 1990年 | 2室1厅 | 57.54平米 | 南 北,https://ke-image.ljcdn.com/110000-inspection/pc1_MqaBghqjQ.jpg!m_fill,w_280,h_210,f_jpg?from=ke.com
20231212,丰台,岳各庄,101121568714,中堂 西南两居室 小区中间  满5唯一 有车位 随时可看,820万,78059元/平,低楼层 (共18层) | 2007年 | 2室1厅 | 105.05平米 | 西南,https://ke-image.ljcdn.com/110000-inspection/c64d1769-359f-4406-a2b8-cb08d4b0b9b2_1000.jpg!m_fill,w_280,h_210,f_jpg?from=ke.com
20231212,丰台,岳各庄,101121490669,中堂 南北 精装 满五年 业主诚心出售,720万,63375元/平,中楼层 (共25层) | 2004年 | 2室2厅 | 113.61平米 | 南 北,https://ke-image.ljcdn.com/110000-inspection/pc1_M1H6AnLDj.jpg!m_fill,w_280,h_210,f_jpg?from=ke.com
20231212,丰台,岳各庄,101121478688,丰体时代花园 2室1厅 南,490万,53523元/平,高楼层 (共28层) | 2005年 | 2室1厅 | 91.55平米 | 南,https://ke-image.ljcdn.com/110000-inspection/pc1_wf9HQQJ4A_1.jpg!m_fill,w_280,h_210,f_jpg?from=ke.com
20231212,丰台,岳各庄,101121446045,五棵松沿线南北通透两居室明厨明卫满五年唯一,650万,72223元/平,高楼层 (共21层) | 2010年 | 2室2厅 | 90平米 | 南 北,https://ke-image.ljcdn.com/110000-inspection/d413d0c5-b241-4931-a2fc-20c838681a04_1000.jpg!m_fill,w_280,h_210,f_jpg?from=ke.com
20231212,丰台,岳各庄,101121443619,中堂小区 正规三居 一层花园 满五唯一 精装 含车位房主自荐,1180万,90833元/平,底层 (共13层) | 2004年 | 3室2厅 | 129.91平米 | 南 北,https://ke-image.ljcdn.com/110000-inspection/7b57f501-1748-44f4-8ce5-c6dc020654f4_1000.jpg!m_fill,w_280,h_210,f_jpg?from=ke.com
20231212,丰台,岳各庄,101121432126,中堂 3室1厅 南 北,915万,70105元/平,高楼层 (共18层) | 2004年 | 3室1厅 | 130.52平米 | 南 北,https://ke-image.ljcdn.com/110000-inspection/pc1_dRkxXmEc5_1.jpg!m_fill,w_280,h_210,f_jpg?from=ke.com
20231212,丰台,岳各庄,101121413894,圆梦园 3室2厅 南 北,910万,65501元/平,高楼层 (共13层) | 2003年 | 3室2厅 | 138.93平米 | 南 北,https://ke-image.ljcdn.com/110000-inspection/pc1_qVIjQnF8a.jpg!m_fill,w_280,h_210,f_jpg?from=ke.com
20231212,丰台,岳各庄,101121409592,阅园一区  一层大两居 满5年 全明格局 随时可看,630万,58660元/平,底层 (共18层) | 2007年 | 2室1厅 | 107.4平米 | 西北,https://ke-image.ljcdn.com/110000-inspection/pc1_nCX6huw20.jpg!m_fill,w_280,h_210,f_jpg?from=ke.com
20231212,丰台,岳各庄,101121404001,精装 全明格局大两居 满五唯一 落地窗视野好 采光好,700万,59433元/平,中楼层 (共21层) | 2006年 | 2室2厅 | 117.78平米 | 西 东,https://ke-image.ljcdn.com/110000-inspection/pc1_bJvEjxAYM.jpg!m_fill,w_280,h_210,f_jpg?from=ke.com
20231212,丰台,岳各庄,101121340071,西府颐园 正南向两居 对着小区花园 采光充足,520万,54934元/平,低楼层 (共26层) | 2010年 | 2室1厅 | 94.66平米 | 南,https://ke-image.ljcdn.com/110000-inspection/9a0b5271-6bf0-42f6-abd3-2ded86d6fc40_1000.jpg!m_fill,w_280,h_210,f_jpg?from=ke.com
20231212,丰台,岳各庄,101121335993,紫辰院精装修南北通透新风系统双卧室南向,3180万,79596元/平,底层 (共21层) | 2017年 | 6室3厅 | 399.52平米 | 南 北,https://ke-image.ljcdn.com/110000-inspection/pc1_FPOBEDWEN.jpg!m_fill,w_280,h_210,f_jpg?from=ke.com
20231212,丰台,岳各庄,101121333153,中堂 2室1厅 南,699万,69928元/平,高楼层 (共18层) | 2004年 | 2室1厅 | 99.96平米 | 南,https://ke-image.ljcdn.com/110000-inspection/pc1_beAVX6sOd_1.jpg!m_fill,w_280,h_210,f_jpg?from=ke.com
20231212,丰台,岳各庄,101121332258,房本满五年家庭唯一住房小区环境好市政地采暖。,715万,69009元/平,低楼层 (共17层) | 2011年 | 2室1厅 | 103.61平米 | 南,https://ke-image.ljcdn.com/110000-inspection/pc1_RR5zfgRtR.jpg!m_fill,w_280,h_210,f_jpg?from=ke.com
20231212,丰台,岳各庄,101121280221,五棵松沿线 民岳家园明厨明卫两居室 满五年 价钱可谈,512万,51063元/平,中楼层 (共22层) 2室2厅 | 100.27平米 | 西北,https://ke-image.ljcdn.com/110000-inspection/67f7945d-8352-437c-88ee-60078e58e35c_1000.jpg!m_fill,w_280,h_210,f_jpg?from=ke.com
20231212,丰台,岳各庄,101121198234,大成时代中心 1室1厅 西,360万,44905元/平,高楼层 (共27层) | 2010年 | 1室1厅 | 80.17平米 | 西,https://ke-image.ljcdn.com/110000-inspection/pc1_Dt7AlahUB_1.jpg!m_fill,w_280,h_210,f_jpg?from=ke.com
20231212,丰台,岳各庄,101121163587,板楼南北通透两居室 精装修 带有独立阳台落地飘窗,608万,64482元/平,底层 (共11层) | 2006年 | 2室2厅 | 94.29平米 | 南 北,https://ke-image.ljcdn.com/110000-inspection/pc1_rMknU0PCw_1.jpg!m_fill,w_280,h_210,f_jpg?from=ke.com
20231212,丰台,岳各庄,101121124729,中堂 南北通透 位置好 满五唯一 采光充足 地下车位,1280万,98530元/平,底层 (共15层) | 2004年 | 3室1厅 | 129.91平米 | 南 北,https://ke-image.ljcdn.com/110000-inspection/pc1_k1LSjadek.jpg!m_fill,w_280,h_210,f_jpg?from=ke.com
20231212,丰台,岳各庄,101121116437,大成郡 2室1厅 东 南 西 北,1166万,92123元/平,高楼层 (共8层) | 2010年 | 2室1厅 | 126.57平米 | 东 南 西 北,https://ke-image.ljcdn.com/110000-inspection/pc1_nP2ZTQVWW_1.jpg!m_fill,w_280,h_210,f_jpg?from=ke.com
20231212,丰台,岳各庄,101121079954,中堂  南向精装修一居 不临街 随时看房房主自荐,422万,71562元/平,低楼层 (共16层) | 2004年 | 1室1厅 | 58.97平米 | 南,https://ke-image.ljcdn.com/110000-inspection/pc1_Dlh4HHTLI.jpg!m_fill,w_280,h_210,f_jpg?from=ke.com
20231212,丰台,岳各庄,101121071947,丰体时代花园 三居 双卫 双卧朝南 空间利用合理,740万,53600元/平,低楼层 (共28层) | 2005年 | 3室1厅 | 138.06平米 | 西南,https://ke-image.ljcdn.com/110000-inspection/pc1_AdtYWPsL7.jpg!m_fill,w_280,h_210,f_jpg?from=ke.com
20231212,丰台,岳各庄,101121067453,民岳家园 精精装修商品房 满二年 可贷款房主自荐,525万,52669元/平,低楼层 (共23层) | 2007年 | 2室1厅 | 99.68平米 | 西南,https://ke-image.ljcdn.com/110000-inspection/349a8a7d-a517-48ef-8e1a-316202e9e692_1000.jpg!m_fill,w_280,h_210,f_jpg?from=ke.com
20231212,丰台,岳各庄,101121046430,大成时代中心 1室1厅 东,385万,45428元/平,高楼层 (共27层) | 2010年 | 1室1厅 | 84.75平米 | 东,https://ke-image.ljcdn.com/110000-inspection/pc1_8gj5KMTXz_1.jpg!m_fill,w_280,h_210,f_jpg?from=ke.com
20231212,丰台,岳各庄,101121025539,中堂 正规两居室 精装修 南北通透 满五唯一,698万,68071元/平,高楼层 (共15层) | 2004年 | 2室1厅 | 102.54平米 | 南 北,https://ke-image.ljcdn.com/110000-inspection/ee2d9320-f787-47fd-84b9-952b9cf8d3ae_1000.jpg!m_fill,w_280,h_210,f_jpg?from=ke.com
20231212,丰台,岳各庄,101121012972,丰体时代 东南向三居 户型方正 不临街 近地铁,609万,52514元/平,低楼层 (共29层) | 2009年 | 3室1厅 | 115.97平米 | 南 东,https://ke-image.ljcdn.com/110000-inspection/pc1_m4ToDSros_1.jpg!m_fill,w_280,h_210,f_jpg?from=ke.com
20231212,丰台,岳各庄,101120998458,大井北里 商品房满五唯一 明厨明卫 近地铁,220万,53064元/平,高楼层 (共6层) 1室1厅 | 41.46平米 | 南,https://ke-image.ljcdn.com/110000-inspection/pc1_y8QI38lrF.jpg!m_fill,w_280,h_210,f_jpg?from=ke.com
20231212,丰台,岳各庄,101120984707,中堂 此房满五年满五唯一  视野宽阔  户型方正,325万,72063元/平,高楼层 (共15层) | 2004年 | 1室1厅 | 45.1平米 | 北,https://ke-image.ljcdn.com/110000-inspection/pc1_qHKgLrYoX_1.jpg!m_fill,w_280,h_210,f_jpg?from=ke.com
20231212,丰台,岳各庄,101120947137,西四环精装两居 拎包入住 满五年唯一商品房,410万,55182元/平,低楼层 (共22层) 2室1厅 | 74.3平米 | 东,https://ke-image.ljcdn.com/110000-inspection/pc1_J5TXyfD2g_1.jpg!m_fill,w_280,h_210,f_jpg?from=ke.com
20231212,丰台,岳各庄,101120900336,万科紫台 前后花园 南北通透 精装自住,1330万,78043元/平,中楼层 (共15层) | 2007年 | 3室2厅 | 170.42平米 | 南 北,https://ke-image.ljcdn.com/110000-inspection/pc1_mpzp9f7vi.jpg!m_fill,w_280,h_210,f_jpg?from=ke.com
20231212,丰台,岳各庄,101120870711,丰体时代花园123.65平米的三居室格局好采光好房主自荐,633万,51193元/平,中楼层 (共28层) | 2005年 | 3室1厅 | 123.65平米 | 西北,https://ke-image.ljcdn.com/110000-inspection/pc1_n3wHi7AM5.jpg!m_fill,w_280,h_210,f_jpg?from=ke.com
20231212,丰台,岳各庄,101120798582,西府景园 正规三居 户型方正 满五唯一诚心出售房主自荐,650万,55240元/平,中楼层 (共23层) | 2004年 | 3室2厅 | 117.67平米 | 东南 北,https://ke-image.ljcdn.com/110000-inspection/pc1_xLmLR98kO_1.jpg!m_fill,w_280,h_210,f_jpg?from=ke.com
20231212,丰台,岳各庄,101120790976,店长力荐 五棵松沿线南向三居室 商品房 满五年唯一房主自荐,682万,59830元/平,低楼层 (共22层) | 2003年 | 3室2厅 | 113.99平米 | 东南,https://ke-image.ljcdn.com/110000-inspection/pc1_NpSgmigRy.jpg!m_fill,w_280,h_210,f_jpg?from=ke.com
20231212,丰台,岳各庄,101120772063,丰体时代花园 2室1厅 南,525万,56301元/平,中楼层 (共28层) | 2006年 | 2室1厅 | 93.25平米 | 南,https://ke-image.ljcdn.com/110000-inspection/pc1_Iu4urtAoL_1.jpg!m_fill,w_280,h_210,f_jpg?from=ke.com
20231212,丰台,岳各庄,101120689856,珠江峰景85-120米楼间距 三面朝南户型,750万,59728元/平,低楼层 (共21层) 3室1厅 | 125.57平米 | 南,https://ke-image.ljcdn.com/110000-inspection/pc1_e62Is6hPO.jpg!m_fill,w_280,h_210,f_jpg?from=ke.com
20231212,丰台,岳各庄,101120670360,丰体时代 精装修 次顶层 商品房满五唯一 邻近地铁,605万,53347元/平,高楼层 (共28层) | 2005年 | 3室1厅 | 113.41平米 | 西北,https://ke-image.ljcdn.com/110000-inspection/pc1_p51HQ4c5C.jpg!m_fill,w_280,h_210,f_jpg?from=ke.com
20231212,丰台,岳各庄,101120663399,中堂西四环内一层正规三居室一层三居室不挡光,1260万,96434元/平,底层 (共13层) | 2004年 | 3室1厅 | 130.66平米 | 南 北,https://ke-image.ljcdn.com/110000-inspection/pc1_FrR7Xq1Px.jpg!m_fill,w_280,h_210,f_jpg?from=ke.com
20231212,丰台,岳各庄,101120662036,民岳家园三期  满五唯一两居 东西通透 小区中间位置,348万,49552元/平,高楼层 (共7层) | 2003年 | 2室1厅 | 70.23平米 | 东 西,https://ke-image.ljcdn.com/110000-inspection/9157a235-a8c3-4ca8-9e3e-341324f8042a_1000.jpg!m_fill,w_280,h_210,f_jpg?from=ke.com
20231212,丰台,岳各庄,101120487948,精装修一居室 一层出行方便 低单价 随时签约,355万,48339元/平,底层 (共21层) | 2006年 | 1室1厅 | 73.44平米 | 东南,https://ke-image.ljcdn.com/110000-inspection/pc1_KvivPPadE_1.jpg!m_fill,w_280,h_210,f_jpg?from=ke.com
20231212,丰台,岳各庄,101120471892,大成郡 一居室  户型好 满五年唯一 只有契税,389万,71653元/平,底层 (共9层) | 2011年 | 1室0厅 | 54.29平米 | 西,https://ke-image.ljcdn.com/110000-inspection/ef7ad161-074b-4729-acf9-ae693172e1a1_1000.jpg!m_fill,w_280,h_210,f_jpg?from=ke.com
20231212,丰台,岳各庄,101120405406,大成郡 一居室 南北通透 装修好 户型规整,636万,96175元/平,顶层 (共9层) | 2012年 | 1室1厅 | 66.13平米 | 南 北,https://ke-image.ljcdn.com/110000-inspection/pc1_tc7WhbSt2_1.jpg!m_fill,w_280,h_210,f_jpg?from=ke.com
20231212,丰台,岳各庄,101120301134,万科紫台 大复式  无遮挡 视野开阔,1860万,94561元/平,高楼层 (共18层) | 2006年 | 5室3厅 | 196.7平米 | 南 北,https://ke-image.ljcdn.com/110000-inspection/pc1_nAiWO5JtZ_1.jpg!m_fill,w_280,h_210,f_jpg?from=ke.com
20231212,丰台,岳各庄,101120280400,西府兰庭5-2-1-4 154.28m²一层带下跃 南北通透,1550万,100467元/平,底层 (共18层) | 2007年 | 5室2厅 | 154.28平米 | 南 北,https://ke-image.ljcdn.com/110000-inspection/pc1_Zk1OE6OKs.jpg!m_fill,w_280,h_210,f_jpg?from=ke.com
20231212,丰台,岳各庄,101120186225,正南向三居四面朝南采光充足业主诚心出售,810万,58983元/平,低楼层 (共13层) | 2007年 | 3室1厅 | 137.33平米 | 南,https://ke-image.ljcdn.com/110000-inspection/005f2595-590e-4251-8d5c-2c6ace860657_1000.jpg!m_fill,w_280,h_210,f_jpg?from=ke.com
20231212,丰台,岳各庄,101120141306,丰体时代一居室朝南向高楼层房主自荐,196万,58595元/平,高楼层 (共28层) 1室0厅 | 33.45平米 | 南,https://ke-image.ljcdn.com/110000-inspection/pc1_1oHFlpTRm.jpg!m_fill,w_280,h_210,f_jpg?from=ke.com
20231212,丰台,岳各庄,101120062096,丰体时代满五年唯一商品房仅有契税 停车位充足 落地窗房主自荐,485万,53239元/平,高楼层 (共28层) | 2006年 | 2室1厅 | 91.1平米 | 西,https://ke-image.ljcdn.com/110000-inspection/pc1_1b10B1M5x.jpg!m_fill,w_280,h_210,f_jpg?from=ke.com
20231212,丰台,岳各庄,101120037113,四环边  精装小户型 业主诚心出售,296万,54694元/平,高楼层 (共23层) | 2007年 | 1室0厅 | 54.12平米 | 西,https://ke-image.ljcdn.com/110000-inspection/pc1_TBt9h634b_1.jpg!m_fill,w_280,h_210,f_jpg?from=ke.com
20231212,丰台,岳各庄,101119980887,珠江峰景 两居室 满五年唯一 两个卧室有阳台 落地飘窗,611万,59867元/平,底层 (共21层) | 2006年 | 2室1厅 | 102.06平米 | 东南,https://ke-image.ljcdn.com/110000-inspection/89face3d-d36c-4e13-97c9-602dfd6e4f3f_1000.jpg!m_fill,w_280,h_210,f_jpg?from=ke.com
20231212,丰台,岳各庄,101119980021,大成郡复式四居室南北通透可观星空,2150万,84710元/平,顶层 (共7层) | 2012年 | 4室2厅 | 253.81平米 | 南 北,https://ke-image.ljcdn.com/110000-inspection/pc1_VFGVQSuPg.jpg!m_fill,w_280,h_210,f_jpg?from=ke.com
20231212,丰台,岳各庄,101119958050,满五年唯一 南北通透 不临街 无遮挡 看房随时,599万,52544元/平,低楼层 (共21层) | 2006年 | 2室2厅 | 114平米 | 西南 东北,https://ke-image.ljcdn.com/110000-inspection/pc1_D8c1wtcjl_1.jpg!m_fill,w_280,h_210,f_jpg?from=ke.com
20231212,丰台,岳各庄,101119875428,明厨 明卫 格局 落地窗 两居室,522万,52128元/平,顶层 (共23层) | 2007年 | 2室1厅 | 100.14平米 | 南 西 北,https://ke-image.ljcdn.com/110000-inspection/pc1_g0dFkBluP.jpg!m_fill,w_280,h_210,f_jpg?from=ke.com
20231212,丰台,岳各庄,101119828827,丰体时代花园南向两居不临街次顶层视野好,485万,51465元/平,高楼层 (共29层) 2室1厅 | 94.24平米 | 南,https://ke-image.ljcdn.com/110000-inspection/pc1_AROsh1RYM.jpg!m_fill,w_280,h_210,f_jpg?from=ke.com
20231212,丰台,岳各庄,101119698689,丰台大井北里满五年唯一南北向交通方便,290万,47698元/平,顶层 (共6层) | 1990年 | 2室1厅 | 60.8平米 | 南 北,https://ke-image.ljcdn.com/110000-inspection/8df15f36-940f-4197-a4a0-e4cd7f3127d5_1000.jpg!m_fill,w_280,h_210,f_jpg?from=ke.com
20231212,丰台,岳各庄,101119698533,大井北里 南北双阳台两居 全明格局 满五年唯一,289万,47533元/平,高楼层 (共6层) | 1990年 | 2室1厅 | 60.8平米 | 南 北,https://ke-image.ljcdn.com/110000-inspection/pc1_BhNbZyo6q.jpg!m_fill,w_280,h_210,f_jpg?from=ke.com
20231212,丰台,岳各庄,101119667412,大成郡南北通体阳台明厨明卫全明格局房主自荐,900万,84018元/平,顶层 (共7层) | 2010年 | 2室1厅 | 107.12平米 | 南 北,https://ke-image.ljcdn.com/110000-inspection/pc1_wUyUr9JDq.jpg!m_fill,w_280,h_210,f_jpg?from=ke.com
20231212,丰台,岳各庄,101119630463,丰体时代 西南三居 视野好 观西山 商品房满五唯一,548万,47051元/平,高楼层 (共29层) | 2009年 | 3室1厅 | 116.47平米 | 南 西,https://ke-image.ljcdn.com/110000-inspection/pc1_XCiDFRzn1_1.jpg!m_fill,w_280,h_210,f_jpg?from=ke.com
20231212,丰台,岳各庄,101119588885,岳各庄 珠江峰景 满五唯一 精装南北两居 可拎包入住房主自荐,639万,56866元/平,低楼层 (共13层) | 2007年 | 2室2厅 | 112.37平米 | 东南 西北,https://ke-image.ljcdn.com/110000-inspection/9c5960d3-6745-4a42-a2e2-13f203bac70b_1000.jpg!m_fill,w_280,h_210,f_jpg?from=ke.com
20231212,丰台,岳各庄,101119566182,中堂 2室1厅 南 北,850万,68219元/平,低楼层 (共18层) | 2004年 | 2室1厅 | 124.6平米 | 南 北,https://ke-image.ljcdn.com/110000-inspection/pc1_YiECrBO3x_1.jpg!m_fill,w_280,h_210,f_jpg?from=ke.com
20231212,丰台,岳各庄,101119484197,丰体时代花园 商品房 满五唯一 电梯通车库 近地铁,193万,57699元/平,高楼层 (共28层) | 2006年 | 1室0厅 | 33.45平米 | 南,https://ke-image.ljcdn.com/110000-inspection/pc1_CrYJCran1.jpg!m_fill,w_280,h_210,f_jpg?from=ke.com
20231212,丰台,岳各庄,101119429442,丰体时代花园 满五年唯一商品房 停车位充足 人车分流,580万,48847元/平,中楼层 (共29层) | 2008年 | 3室1厅 | 118.74平米 | 西 北,https://ke-image.ljcdn.com/110000-inspection/pc1_An35Pk4dM_1.jpg!m_fill,w_280,h_210,f_jpg?from=ke.com
20231212,丰台,岳各庄,101119364946,丰体时代花园 西向2居室 商品房,439万,50717元/平,低楼层 (共28层) | 2008年 | 2室1厅 | 86.56平米 | 西,https://ke-image.ljcdn.com/110000-inspection/pc1_mSoR3ZyaJ.jpg!m_fill,w_280,h_210,f_jpg?from=ke.com
20231212,丰台,岳各庄,101119257418,大成时代中心 1室1厅 西北房主自荐,320万,44888元/平,中楼层 (共27层) | 2010年 | 1室1厅 | 71.29平米 | 西北,https://ke-image.ljcdn.com/110000-inspection/160662fe-d5b9-44e8-ae14-d41f6a3e8616_1000.jpg!m_fill,w_280,h_210,f_jpg?from=ke.com
20231212,丰台,岳各庄,101119249286,大成郡中间位置客厅挑空5.4米正规四居室,2520万,115433元/平,底层 (共7层) | 2012年 | 4室2厅 | 218.31平米 | 南 北,https://ke-image.ljcdn.com/110000-inspection/pc1_k2zz5MSsv.jpg!m_fill,w_280,h_210,f_jpg?from=ke.com
20231212,丰台,岳各庄,101119098148,一居室 全明格局 落地窗 西北朝向,360万,70217元/平,低楼层 (共15层) | 2004年 | 1室1厅 | 51.27平米 | 西北,https://ke-image.ljcdn.com/110000-inspection/pc1_7DvtK6yYz.jpg!m_fill,w_280,h_210,f_jpg?from=ke.com
20231212,丰台,岳各庄,101119052850,珠江满五唯一复式小区仅12套小区中间前后花园,1780万,74879元/平,高楼层 (共11层) 5室2厅 | 237.72平米 | 南 北,https://ke-image.ljcdn.com/110000-inspection/pc1_uGMTDLY9n_1.jpg!m_fill,w_280,h_210,f_jpg?from=ke.com
20231212,丰台,岳各庄,101118950288,丰体时代花园 东北三居 满五唯一 高楼层,550万,46060元/平,中楼层 (共29层) | 2009年 | 3室1厅 | 119.41平米 | 东 北,https://ke-image.ljcdn.com/110000-inspection/df18a226-328b-4b32-a332-ba8173ee9212_1000.jpg!m_fill,w_280,h_210,f_jpg?from=ke.com
20231212,丰台,岳各庄,101118929587,丰体时代全南向满五唯一电梯房精装修地铁大井站,558万,53903元/平,高楼层 (共29层) | 2009年 | 2室1厅 | 103.52平米 | 南,https://ke-image.ljcdn.com/110000-inspection/pc1_CLPH9v0Tp.jpg!m_fill,w_280,h_210,f_jpg?from=ke.com
20231212,丰台,岳各庄,101118896718,中堂 3室1厅 东 南 北,1050万,76226元/平,中楼层 (共17层) | 2011年 | 3室1厅 | 137.75平米 | 东 南 北,https://ke-image.ljcdn.com/110000-inspection/pc1_Ay8h8M1LF_1.jpg!m_fill,w_280,h_210,f_jpg?from=ke.com
20231212,丰台,岳各庄,101118857825,中堂正规三居室南北通透正对花园,1040万,79596元/平,低楼层 (共16层) | 2004年 | 3室2厅 | 130.66平米 | 南 北,https://ke-image.ljcdn.com/110000-inspection/pc1_8bkOAc1Oq.jpg!m_fill,w_280,h_210,f_jpg?from=ke.com
20231212,丰台,岳各庄,101118856838,四环边花园洋房小户型中间位置安静不临街,432万,76030元/平,中楼层 (共8层) 1室1厅 | 56.82平米 | 东,https://ke-image.ljcdn.com/110000-inspection/pc1_EK1knddiG_1.jpg!m_fill,w_280,h_210,f_jpg?from=ke.com
20231212,丰台,岳各庄,101118768719,大成郡 2室1厅 东,699万,77238元/平,低楼层 (共8层) | 2010年 | 2室1厅 | 90.5平米 | 东,https://ke-image.ljcdn.com/110000-inspection/pc1_zGTJhX3oJ_1.jpg!m_fill,w_280,h_210,f_jpg?from=ke.com
20231212,丰台,岳各庄,101118756894,大成郡 1室1厅 西,543万,83513元/平,中楼层 (共9层) | 2012年 | 1室1厅 | 65.02平米 | 西,https://ke-image.ljcdn.com/110000-inspection/582dc8e4-ca73-4534-97f5-72b701941d8e_1000.jpg!m_fill,w_280,h_210,f_jpg?from=ke.com
20231212,丰台,岳各庄,101118557181,西四环 南北通透 满五年唯一 商品房户型方正,310万,52154元/平,中楼层 (共5层) | 1996年 | 2室1厅 | 59.44平米 | 南 北,https://ke-image.ljcdn.com/110000-inspection/pc1_9XmugJPoM_1.jpg!m_fill,w_280,h_210,f_jpg?from=ke.com
20231212,丰台,岳各庄,101118475937,大成时代中心民宅大一居室东向采光佳,360万,42478元/平,中楼层 (共27层) | 2011年 | 1室1厅 | 84.75平米 | 东,https://ke-image.ljcdn.com/110000-inspection/pc1_P0Nx7Xzag.jpg!m_fill,w_280,h_210,f_jpg?from=ke.com
20231212,丰台,岳各庄,101118382074,西四环内 封闭小区绿化45% 人车分流 全明格局,320万,66806元/平,底层 (共15层) | 2004年 | 1室1厅 | 47.9平米 | 西北,https://ke-image.ljcdn.com/110000-inspection/pc1_lynCBY2mD.jpg!m_fill,w_280,h_210,f_jpg?from=ke.com
20231212,丰台,岳各庄,101118380816,丰体时代花园 精装一居 近地铁 满五年唯一 诚心售,365万,54405元/平,低楼层 (共29层) 1室2厅 | 67.09平米 | 东北,https://ke-image.ljcdn.com/110000-inspection/pc1_RVZeljXO8.jpg!m_fill,w_280,h_210,f_jpg?from=ke.com
20231212,丰台,岳各庄,101118376895,丰体时代花园 满五年唯一 近地铁 诚心出售 价格可谈,355万,52914元/平,低楼层 (共29层) 1室2厅 | 67.09平米 | 东北,https://ke-image.ljcdn.com/110000-inspection/pc1_4e5yWfImG_1.jpg!m_fill,w_280,h_210,f_jpg?from=ke.com
20231212,丰台,岳各庄,101118269674,西四环中堂紫辰院南向两居室公园社区。,690万,70144元/平,中楼层 (共18层) | 2004年 | 2室1厅 | 98.37平米 | 南,https://ke-image.ljcdn.com/110000-inspection/pc1_Ff1TVtilM.jpg!m_fill,w_280,h_210,f_jpg?from=ke.com
20231212,丰台,岳各庄,101118236206,西四环 大成郡 南北三居 费用少 精装修 不临街,1378万,103805元/平,中楼层 (共7层) 3室1厅 | 132.75平米 | 南 北,https://ke-image.ljcdn.com/110000-inspection/pc1_eUlPDd6MA.jpg!m_fill,w_280,h_210,f_jpg?from=ke.com
20231212,丰台,岳各庄,101118232150,4环内2011年的楼前后花园景观！,250万,97239元/平,中楼层 (共30层) | 2012年 | 1室0厅 | 25.71平米 | 南,https://ke-image.ljcdn.com/110000-inspection/pc1_MGxJH5FQm.jpg!m_fill,w_280,h_210,f_jpg?from=ke.com
20231212,丰台,岳各庄,101118232144,视野开阔花园社区阳光充足户型方正！,1110万,84837元/平,中楼层 (共30层) | 2012年 | 2室1厅 | 130.84平米 | 南 北,https://ke-image.ljcdn.com/110000-inspection/pc1_NZYItil4q.jpg!m_fill,w_280,h_210,f_jpg?from=ke.com
20231212,丰台,岳各庄,101118110929,南北通透前后不临街花园社区无遮挡！,980万,70907元/平,中楼层 (共13层) | 2004年 | 3室1厅 | 138.21平米 | 南 北,https://ke-image.ljcdn.com/110000-inspection/pc1_MOOZjxWaj.jpg!m_fill,w_280,h_210,f_jpg?from=ke.com
20231212,丰台,岳各庄,101118091634,紫辰院 南北通透三居室 精装交房 层高3米 视野好,1180万,105565元/平,顶层 (共22层) | 2017年 | 3室2厅 | 111.78平米 | 南 北,https://ke-image.ljcdn.com/110000-inspection/pc1_hmfcaMw7Z_1.jpg!m_fill,w_280,h_210,f_jpg?from=ke.com
20231212,丰台,岳各庄,101118062180,大成时代中心商品房一居室出售,360万,46821元/平,低楼层 (共27层) | 2010年 | 1室1厅 | 76.89平米 | 东,https://ke-image.ljcdn.com/110000-inspection/pc1_5pm9tJnsT_1.jpg!m_fill,w_280,h_210,f_jpg?from=ke.com
20231212,丰台,岳各庄,101118052744,中堂 南北四居室 满五年唯一 有钥匙 地下有车位,1750万,89127元/平,低楼层 (共30层) | 2011年 | 4室2厅 | 196.35平米 | 北 南,https://ke-image.ljcdn.com/110000-inspection/pc1_WraUGQZXb.jpg!m_fill,w_280,h_210,f_jpg?from=ke.com
20231212,丰台,岳各庄,101118051950,中堂 2室1厅 西北,565万,73225元/平,底层 (共18层) 2室1厅 | 77.16平米 | 西北,https://ke-image.ljcdn.com/110000-inspection/pc1_ksE4inSRD_1.jpg!m_fill,w_280,h_210,f_jpg?from=ke.com
20231212,丰台,岳各庄,101118048616,紫辰院 精装修 看房方便 小区有会所,2399万,90906元/平,高楼层 (共21层) | 2017年 | 4室1厅 | 263.9平米 | 南 北,https://ke-image.ljcdn.com/110000-inspection/pc1_NA6lHVx40.jpg!m_fill,w_280,h_210,f_jpg?from=ke.com
20231212,丰台,岳各庄,101118018846,中堂全明格局1居室采光好西四环内花园洋房小区,339万,69639元/平,中楼层 (共17层) | 2004年 | 1室0厅 | 48.68平米 | 东北,https://ke-image.ljcdn.com/110000-inspection/prod-613b976c-9f4b-44b4-ad16-31fc7d2bd4ee.jpg!m_fill,w_280,h_210,f_jpg?from=ke.com
20231212,丰台,岳各庄,101118017624,西四环中路大成郡电梯花园洋房！房主自荐,1350万,84901元/平,中楼层 (共7层) | 2011年 | 3室2厅 | 159.01平米 | 南 北,https://ke-image.ljcdn.com/110000-inspection/0b8270cc-d290-4556-a45e-12937b44cef5_1000.jpg!m_fill,w_280,h_210,f_jpg?from=ke.com
20231212,丰台,岳各庄,101117947527,大井中里 商品房满五唯一 近地铁 一层两居室,280万,56441元/平,底层 (共6层) 2室1厅 | 49.61平米 | 西,https://ke-image.ljcdn.com/110000-inspection/pc1_KFTFS4Vha_1.jpg!m_fill,w_280,h_210,f_jpg?from=ke.com
20231212,丰台,岳各庄,101117886997,大井北里 2室1厅 南 北,298万,48789元/平,中楼层 (共6层) | 1993年 | 2室1厅 | 61.08平米 | 南 北,https://ke-image.ljcdn.com/110000-inspection/pc1_8ajkj7ChP.jpg!m_fill,w_280,h_210,f_jpg?from=ke.com
20231212,丰台,岳各庄,101117878034,大成时代中心 1室1厅 东,355万,41765元/平,高楼层 (共27层) | 2011年 | 1室1厅 | 85平米 | 东,https://ke-image.ljcdn.com/110000-inspection/pc1_ROkJgUjVo.jpg!m_fill,w_280,h_210,f_jpg?from=ke.com
20231212,丰台,岳各庄,101117864992,西四环岳各庄 美凯龙南侧 不临街  低楼层 双卫 得房高,299万,53884元/平,底层 (共5层) 2室1厅 | 55.49平米 | 西 东,https://ke-image.ljcdn.com/110000-inspection/pc1_s9t3LB0Z7_1.jpg!m_fill,w_280,h_210,f_jpg?from=ke.com
20231212,丰台,岳各庄,101117845071,此房满五年唯一南北通透自住保持良好。,505万,74189元/平,顶层 (共18层) | 2004年 | 1室1厅 | 68.07平米 | 南 北,https://ke-image.ljcdn.com/110000-inspection/pc1_etaY0AI43.jpg!m_fill,w_280,h_210,f_jpg?from=ke.com
20231212,丰台,岳各庄,101117837454,满五唯一商品房没遮挡视野开阔,302万,57252元/平,低楼层 (共21层) | 2006年 | 1室1厅 | 52.75平米 | 东,https://ke-image.ljcdn.com/110000-inspection/pc1_W7mlUE3O4.jpg!m_fill,w_280,h_210,f_jpg?from=ke.com
20231212,丰台,岳各庄,101117571921,中堂满五年唯一 南向两居室 诚心出售 装修好 对花园,730万,71151元/平,低楼层 (共18层) | 2004年 | 2室2厅 | 102.6平米 | 南,https://ke-image.ljcdn.com/110000-inspection/pc1_ZOUR5ivIt.jpg!m_fill,w_280,h_210,f_jpg?from=ke.com
20231212,丰台,岳各庄,101117221619,丰体时代花园 1室1厅 北,288万,53039元/平,低楼层 (共28层) | 2005年 | 1室1厅 | 54.3平米 | 北,https://ke-image.ljcdn.com/110000-inspection/pc1_8HfzQM4Pz.jpg!m_fill,w_280,h_210,f_jpg?from=ke.com
20231212,丰台,岳各庄,101122181570,大井南里高楼层两居室采光好 坡顶 近地铁新上,280万,51968元/平,顶层 (共6层) | 1990年 | 2室1厅 | 53.88平米 | 南 北,https://s1.ljcdn.com/pegasus/redskull/images/common/default_house_list.png?_v=20231208163226
20231212,丰台,岳各庄,101122116184,青塔西路58号院珠江峰景商品房社区大两居,625万,55799元/平,低楼层 (共21层) 3室1厅 | 112.01平米 | 南 北,https://s1.ljcdn.com/pegasus/redskull/images/common/default_house_list.png?_v=20231208163226
20231212,丰台,岳各庄,101122090114,满五唯一价格可谈小区低价2居方便看诚意卖房主自荐,510万,49621元/平,底层 (共21层) | 2008年 | 2室1厅 | 102.78平米 | 西南,https://s1.ljcdn.com/pegasus/redskull/images/common/default_house_list.png?_v=20231208163226
20231212,丰台,岳各庄,101122070912,西四环内 中堂 正规大三居出售 前后观景挑高2.9米,1550万,85311元/平,高楼层 (共30层) 3室2厅 | 181.69平米 | 南 北,https://s1.ljcdn.com/pegasus/redskull/images/common/default_house_list.png?_v=20231208163226
20231212,丰台,岳各庄,101121996074,大井南里 南北两居室 诚意出售 精装修 近地铁,308万,60169元/平,中楼层 (共6层) 2室1厅 | 51.19平米 | 南 北,https://s1.ljcdn.com/pegasus/redskull/images/common/default_house_list.png?_v=20231208163226
20231212,丰台,岳各庄,101121968729,珠江峰景 满五唯一 仅契税 远看公园房主自荐,649万,53495元/平,低楼层 (共21层) 3室2厅 | 121.32平米 | 西南,https://s1.ljcdn.com/pegasus/redskull/images/common/default_house_list.png?_v=20231208163226
20231212,丰台,岳各庄,101121956477,紫熙台 精装 可以办公 可以注册公司,1050万,35533元/平,低楼层 (共26层) 5室2厅 | 295.5平米 | 西南,https://s1.ljcdn.com/pegasus/redskull/images/common/default_house_list.png?_v=20231208163226
20231212,丰台,岳各庄,101121941687,大井南里 2室1厅 东 西,275万,52693元/平,顶层 (共6层) | 1990年 | 2室1厅 | 52.19平米 | 东 西,https://s1.ljcdn.com/pegasus/redskull/images/common/default_house_list.png?_v=20231208163226
20231212,丰台,岳各庄,101121895355,中堂 1室0厅 西北,320万,61515元/平,中楼层 (共18层) | 2004年 | 1室0厅 | 52.02平米 | 西北,https://s1.ljcdn.com/pegasus/redskull/images/common/default_house_list.png?_v=20231208163226
20231212,丰台,岳各庄,101121815966,大成郡 3室2厅 东 西 北,1020万,78203元/平,低楼层 (共8层) | 2012年 | 3室2厅 | 130.43平米 | 东 西 北,https://s1.ljcdn.com/pegasus/redskull/images/common/default_house_list.png?_v=20231208163226
20231212,丰台,岳各庄,101121779766,紫熙台 4室2厅 西南,1150万,42148元/平,中楼层 (共22层) 4室2厅 | 272.85平米 | 西南,https://s1.ljcdn.com/pegasus/redskull/images/common/default_house_list.png?_v=20231208163226
20231212,丰台,岳各庄,101121753695,紫熙台 5室2厅 南 西 北,950万,32149元/平,中楼层 (共26层) 5室2厅 | 295.5平米 | 南 西 北,https://s1.ljcdn.com/pegasus/redskull/images/common/default_house_list.png?_v=20231208163226
20231212,丰台,岳各庄,101121743674,紫熙台 可以办公可以注册公司 精装房主自荐,1350万,39648元/平,中楼层 (共26层) 5室1厅 | 340.5平米 | 西南,https://s1.ljcdn.com/pegasus/redskull/images/common/default_house_list.png?_v=20231208163226
20231212,丰台,岳各庄,101121696105,精装修户型方正可注册公司有地下车位,800万,34627元/平,低楼层 (共26层) 4室1厅 | 231.04平米 | 西北,https://s1.ljcdn.com/pegasus/redskull/images/common/default_house_list.png?_v=20231208163226
20231212,丰台,岳各庄,101121589446,大成时代公馆可注册交通方便。,190万,23891元/平,中楼层 (共27层) 1室0厅 | 79.53平米 | 东北,https://s1.ljcdn.com/pegasus/redskull/images/common/default_house_list.png?_v=20231208163226
20231212,丰台,岳各庄,101121589367,大成时代公馆可注册交通方便。,240万,25095元/平,中楼层 (共27层) 1室0厅 | 95.64平米 | 东,https://s1.ljcdn.com/pegasus/redskull/images/common/default_house_list.png?_v=20231208163226
20231212,丰台,岳各庄,101121522120,大成时代公馆四环边商业办公出入方便,165万,22304元/平,高楼层 (共27层) | 2010年 | 1室1厅 | 73.98平米 | 西,https://s1.ljcdn.com/pegasus/redskull/images/common/default_house_list.png?_v=20231208163226
20231212,丰台,岳各庄,101121521256,大井北里 2室1厅 南,268万,45594元/平,高楼层 (共6层) 2室1厅 | 58.78平米 | 南,https://s1.ljcdn.com/pegasus/redskull/images/common/default_house_list.png?_v=20231208163226
20231212,丰台,岳各庄,101121506063,满五唯一 中高层 大客厅落地窗  三个生活阳台,850万,57725元/平,高楼层 (共21层) 4室2厅 | 147.25平米 | 南,https://s1.ljcdn.com/pegasus/redskull/images/common/default_house_list.png?_v=20231208163226
20231212,丰台,岳各庄,101121342210,紫辰院  新房未用过随时可看房,318万,56403元/平,顶层 (共15层) | 2017年 | 1室1厅 | 56.38平米 | 北,https://s1.ljcdn.com/pegasus/redskull/images/common/default_house_list.png?_v=20231208163226
20231212,丰台,岳各庄,101121341738,正朝南户型视野开阔花园社区！,320万,54645元/平,中楼层 (共15层) | 2017年 | 1室1厅 | 58.56平米 | 南,https://s1.ljcdn.com/pegasus/redskull/images/common/default_house_list.png?_v=20231208163226
20231212,丰台,岳各庄,101121269722,红庭 此房是上下两层的上跃结构两层高5.5米格局方正,260万,50506元/平,中楼层 (共8层) | 2010年 | 1室1厅 | 51.48平米 | 西北,https://s1.ljcdn.com/pegasus/redskull/images/common/default_house_list.png?_v=20231208163226
20231212,丰台,岳各庄,101121269110,紫熙台 4室2厅 西 北,850万,37492元/平,中楼层 (共26层) | 2014年 | 4室2厅 | 226.72平米 | 西 北,https://s1.ljcdn.com/pegasus/redskull/images/common/default_house_list.png?_v=20231208163226
20231212,丰台,岳各庄,101121205621,满五年只有契税户型方正前后观景,1050万,30838元/平,低楼层 (共26层) | 2015年 | 6室2厅 | 340.5平米 | 西南 北,https://s1.ljcdn.com/pegasus/redskull/images/common/default_house_list.png?_v=20231208163226
20231212,丰台,岳各庄,101121105953,紫辰院 2室1厅 南,486万,60038元/平,低楼层 (共15层) | 2017年 | 2室1厅 | 80.95平米 | 南,https://s1.ljcdn.com/pegasus/redskull/images/common/default_house_list.png?_v=20231208163226
20231212,丰台,岳各庄,101120890435,南北通透前后花园满五唯一采光充足！,700万,60950元/平,低楼层 (共25层) 3室1厅 | 114.85平米 | 南 北,https://s1.ljcdn.com/pegasus/redskull/images/common/default_house_list.png?_v=20231208163226
20231212,丰台,岳各庄,101120753058,满二年只有契税户型方正前后观景,1000万,39086元/平,中楼层 (共26层) | 2014年 | 5室1厅 | 255.85平米 | 东 西北,https://s1.ljcdn.com/pegasus/redskull/images/common/default_house_list.png?_v=20231208163226
20231212,丰台,岳各庄,101120438845,紫熙台 2室2厅 西北,350万,33716元/平,高楼层 (共26层) | 2014年 | 2室2厅 | 103.81平米 | 西北,https://s1.ljcdn.com/pegasus/redskull/images/common/default_house_list.png?_v=20231208163226
20231212,丰台,岳各庄,101120249593,珠江峰景 车位,40万,15164元/平,地下室 (共21层) | 2006年 | 1室0厅 | 26.38平米 | 南,https://s1.ljcdn.com/pegasus/redskull/images/common/default_house_list.png?_v=20231208163226
20231212,丰台,岳各庄,101120033981,小区中间位置前后观景户型方正,699万,44300元/平,低楼层 (共26层) | 2014年 | 4室2厅 | 157.79平米 | 东南,https://s1.ljcdn.com/pegasus/redskull/images/common/default_house_list.png?_v=20231208163226
20231212,丰台,岳各庄,101119618710,珠江峰景 车位,40万,14696元/平,地下室 (共21层) 1室0厅 | 27.22平米 | 南,https://s1.ljcdn.com/pegasus/redskull/images/common/default_house_list.png?_v=20231208163226
20231212,丰台,岳各庄,101119415181,大成郡四区地下车位出入方便诚心出售,32万,7257元/平,地下室 (共7层) 1室0厅 | 44.1平米 | 东,https://s1.ljcdn.com/pegasus/redskull/images/common/default_house_list.png?_v=20231208163226
20231212,丰台,岳各庄,101119294803,紫辰院正南朝向户型采光好集中供暖社区环境好,350万,59768元/平,中楼层 (共15层) | 2017年 | 1室1厅 | 58.56平米 | 南,https://s1.ljcdn.com/pegasus/redskull/images/common/default_house_list.png?_v=20231208163226
20231212,丰台,岳各庄,101118860115,大成时代公馆 1室0厅 西,160万,21823元/平,中楼层 (共27层) 1室0厅 | 73.32平米 | 西,https://s1.ljcdn.com/pegasus/redskull/images/common/default_house_list.png?_v=20231208163226
20231212,丰台,岳各庄,101118655016,此房是上下两层的上跃结构两层高5.5米格局好利用,168万,37193元/平,中楼层 (共8层) 2室1厅 | 45.17平米 | 东 西,https://s1.ljcdn.com/pegasus/redskull/images/common/default_house_list.png?_v=20231208163226
20231212,丰台,岳各庄,101118330924,紫熙台 目前出租 看放方便 诚意出售新上,510万,47522元/平,底层 (共26层) | 2014年 | 2室1厅 | 107.32平米 | 西北,https://s1.ljcdn.com/pegasus/redskull/images/common/default_house_list.png?_v=20231208163226
20231212,丰台,岳各庄,101118080785,紫熙台 商业办公 高楼层  有车位,1080万,42515元/平,低楼层 (共22层) | 2014年 | 5室2厅 | 254.03平米 | 西南,https://s1.ljcdn.com/pegasus/redskull/images/common/default_house_list.png?_v=20231208163226
20231212,丰台,岳各庄,101118058063,此房小区环境好人车分流50年大产权,790万,30878元/平,低楼层 (共26层) 5室1厅 | 255.85平米 | 东 南,https://s1.ljcdn.com/pegasus/redskull/images/common/default_house_list.png?_v=20231208163226
20231212,丰台,岳各庄,101118055554,紫熙台 5室1厅 东 南,1050万,40872元/平,中楼层 (共26层) | 2015年 | 5室1厅 | 256.9平米 | 东 南,https://s1.ljcdn.com/pegasus/redskull/images/common/default_house_list.png?_v=20231208163226
20231212,丰台,岳各庄,101118049066,房子是一层的底商配套完善朝南向总价合理,286万,29403元/平,底层 (共8层) | 2010年 | 1室1厅 | 97.27平米 | 南 北,https://s1.ljcdn.com/pegasus/redskull/images/common/default_house_list.png?_v=20231208163226
20231212,丰台,岳各庄,101118042414,紫辰院 开发商精装修  随时可看,910万,73697元/平,高楼层 (共15层) | 2017年 | 3室1厅 | 123.48平米 | 南,https://s1.ljcdn.com/pegasus/redskull/images/common/default_house_list.png?_v=20231208163226
20231212,丰台,岳各庄,101117669687,办公类 看房方便 业主诚心出售 精装,355万,35000元/平,中楼层 (共26层) | 2014年 | 2室1厅 | 101.43平米 | 西北,https://s1.ljcdn.com/pegasus/redskull/images/common/default_house_list.png?_v=20231208163226
20231212,丰台,岳各庄,101117073521,珠江峰景 车位,38万,14405元/平,地下室 (共21层) | 2006年 | 1室0厅 | 26.38平米 | 北,https://s1.ljcdn.com/pegasus/redskull/images/common/default_house_list.png?_v=20231208163226
20231212,丰台,岳各庄,101116840878,红庭 底商出售 价格可谈 看房方便,300万,30893元/平,低楼层 (共8层) | 2010年 | 1室0厅 | 97.11平米 | 南,https://s1.ljcdn.com/pegasus/redskull/images/common/default_house_list.png?_v=20231208163226
20231212,丰台,岳各庄,101114608080,大成郡 车位,32万,7257元/平,地下室 (共1层) 1室0厅 | 44.1平米 | 北,https://ke-image.ljcdn.com/110000-inspection/69ee481c9dee97fe5a849322bcf024a7-058.jpg!m_fill,w_280,h_210,f_jpg?from=ke.com
20231212,丰台,岳各庄,101114253262,大成时代公馆可以注册公司交通便利。,200万,27035元/平,中楼层 (共27层) | 2010年 | 1室1厅 | 73.98平米 | 西,https://s1.ljcdn.com/pegasus/redskull/images/common/default_house_list.png?_v=20231208163226
20231212,丰台,岳各庄,101113524169,西府颐园地下二层产权车位诚意出售随时签约,30万,8686元/平,地下室 (共21层) 1室0厅 | 34.54平米 | 东,https://ke-image.ljcdn.com/110000-inspection/a5e6d3ac8e8fac87c48f1cb265e06ca3-074.jpg!m_fill,w_280,h_210,f_jpg?from=ke.com
20231212,丰台,岳各庄,101110722789,紫辰院开发商精装 采光好 随时看房 有房本,650万,65677元/平,顶层 (共15层) | 2017年 | 3室1厅 | 98.97平米 | 南 北,https://s1.ljcdn.com/pegasus/redskull/images/common/default_house_list.png?_v=20231208163226
20231212,丰台,岳各庄,101107452207,西四环内 青塔 复式大房子 红庭,175万,39150元/平,中楼层 (共8层) 2室1厅 | 44.7平米 | 南 北,https://s1.ljcdn.com/pegasus/redskull/images/common/default_house_list.png?_v=20231208163226
20231212,丰台,岳各庄,101105985812,西四环内2014年新小区精装,1296万,45132元/平,低楼层 (共22层) 6室1厅 | 287.16平米 | 东南,https://s1.ljcdn.com/pegasus/redskull/images/common/default_house_list.png?_v=20231208163226
