20240814,朝阳,常营,101125973575,首付50万中间楼层采光充足不临街视野好必看好房,188万,36210元/平,中楼层 (共26层) | 2010年 | 1室1厅 | 51.92平米 | 南,https://ke-image.ljcdn.com/110000-inspection/pc1_kHBbblv21_1.jpg!m_fill,w_280,h_210,f_jpg?from=ke.com
20240814,朝阳,常营,101125828890,常营地铁站附近 精装自住一居室高楼层视野好必看好房,325万,48249元/平,高楼层 (共17层) | 2006年 | 1室1厅 | 67.36平米 | 东北,https://ke-image.ljcdn.com/110000-inspection/21d3663d-8b61-4d62-bcc9-7691722910ed_1000.jpg!m_fill,w_280,h_210,f_jpg?from=ke.com
20240814,朝阳,常营,101125791593,富力阳光美园方正小两居视野好不临街。必看好房,379万,49569元/平,中楼层 (共27层) | 2010年 | 2室1厅 | 76.46平米 | 西,https://ke-image.ljcdn.com/110000-inspection/pc1_nLPThyCLw_2.jpg!m_fill,w_280,h_210,f_jpg?from=ke.com
20240814,朝阳,常营,101125782249,柏林爱乐二期   正规两居  楼层高 视野佳必看好房,429万,45201元/平,中楼层 (共22层) 2室1厅 | 94.91平米 | 西南,https://ke-image.ljcdn.com/110000-inspection/a3315cc4-eb38-4a89-8430-7545f824ce6f_1000.jpg!m_fill,w_280,h_210,f_jpg?from=ke.com
20240814,朝阳,常营,101125716117,北辰福第中区六号线常营地铁站400米必看好房,400万,46318元/平,高楼层 (共27层) 2室1厅 | 86.36平米 | 南 北,https://ke-image.ljcdn.com/110000-inspection/67c205c7-6a53-4cb6-bb2f-951e672dd677_1000.jpg!m_fill,w_280,h_210,f_jpg?from=ke.com
20240814,朝阳,常营,101125973433,苹果派满五年唯一业主诚心出售看房提前约随时签必看好房,522万,54415元/平,中楼层 (共12层) | 2007年 | 2室1厅 | 95.93平米 | 南 北,https://ke-image.ljcdn.com/110000-inspection/pc1_HFvIQGB6L_1.jpg!m_fill,w_280,h_210,f_jpg?from=ke.com
20240814,朝阳,常营,101125881469,柏林爱乐二期 前后不临街 近地铁 双南向 明卫两居必看好房,498万,48024元/平,中楼层 (共21层) 2室1厅 | 103.7平米 | 南,https://ke-image.ljcdn.com/110000-inspection/pc1_Od3fjEsqM_1.jpg!m_fill,w_280,h_210,f_jpg?from=ke.com
20240814,朝阳,常营,101125732786,保利嘉园三号院 2室1厅 东南必看好房,339万,38488元/平,高楼层 (共29层) | 2010年 | 2室1厅 | 88.08平米 | 东南,https://ke-image.ljcdn.com/110000-inspection/pc1_BEwiBR8sC_2.jpg!m_fill,w_280,h_210,f_jpg?from=ke.com
20240814,朝阳,常营,101125700555,北京新天地明星社区主力成交户型诚心出售必看好房,475万,47448元/平,高楼层 (共28层) | 2007年 | 2室1厅 | 100.11平米 | 南,https://ke-image.ljcdn.com/110000-inspection/pc1_gllci89xQ_1.jpg!m_fill,w_280,h_210,f_jpg?from=ke.com
20240814,朝阳,常营,101125700239,房子满五年唯一精装修电梯板楼必看好房,218万,50405元/平,中楼层 (共11层) | 2007年 | 1室0厅 | 43.25平米 | 北,https://ke-image.ljcdn.com/110000-inspection/da8b56f9-cc6e-4c8c-a234-7469d1d7d860_1000.jpg!m_fill,w_280,h_210,f_jpg?from=ke.com
20240814,朝阳,常营,101125695862,满五唯一限价房东南朝向楼间距大视野采光好必看好房,385万,43114元/平,低楼层 (共29层) | 2010年 | 2室1厅 | 89.3平米 | 东南,https://ke-image.ljcdn.com/110000-inspection/pc1_k02SV5iMK_2.jpg!m_fill,w_280,h_210,f_jpg?from=ke.com
20240814,朝阳,常营,101125688532,北辰福第六号院 1室1厅 南必看好房,219万,47848元/平,高楼层 (共23层) | 2010年 | 1室1厅 | 45.77平米 | 南,https://ke-image.ljcdn.com/110000-inspection/pc1_NKwhDPyd5_2.jpg!m_fill,w_280,h_210,f_jpg?from=ke.com
20240814,朝阳,常营,101125674039,北京新天地明星社区主打大面积两居观景房,509万,50834元/平,高楼层 (共28层) | 2007年 | 2室1厅 | 100.13平米 | 南,https://ke-image.ljcdn.com/110000-inspection/29f8d225-59a1-4dd9-ad8f-797934c9216b_1000.jpg!m_fill,w_280,h_210,f_jpg?from=ke.com
20240814,朝阳,常营,101125646799,店长：6号线/1号线/22号线常营龙湖天街 新天地,520万,51369元/平,高楼层 (共28层) 2室2厅 | 101.23平米 | 东南,https://ke-image.ljcdn.com/110000-inspection/953a06f7-1f02-4cad-8b9d-653f161985ee_1000.jpg!m_fill,w_280,h_210,f_jpg?from=ke.com
20240814,朝阳,常营,101125644139,北京新天地二期 高层楼 俯瞰常营商圈美景必看好房,277万,44939元/平,高楼层 (共28层) 1室1厅 | 61.64平米 | 北,https://ke-image.ljcdn.com/110000-inspection/pc1_yU5PSg59r.jpg!m_fill,w_280,h_210,f_jpg?from=ke.com
20240814,朝阳,常营,101125605877,精装修 业主诚心出售看房方便必看好房,208万,42311元/平,中楼层 (共21层) | 2005年 | 1室0厅 | 49.16平米 | 北,https://ke-image.ljcdn.com/110000-inspection/pc1_MwbcgsJ4d.jpg!m_fill,w_280,h_210,f_jpg?from=ke.com
20240814,朝阳,常营,101125560181,小区中间位置满五唯一 南北高楼层 板楼 一梯两户必看好房,592万,57870元/平,中楼层 (共8层) 2室1厅 | 102.3平米 | 南 北,https://ke-image.ljcdn.com/110000-inspection/pc1_Ipk6myu0p.jpg!m_fill,w_280,h_210,f_jpg?from=ke.com
20240814,朝阳,常营,101125556295,苹果派 3室1厅 南 北必看好房,595万,52922元/平,中楼层 (共12层) 3室1厅 | 112.43平米 | 南 北,https://ke-image.ljcdn.com/110000-inspection/0294aa5b-73c2-4402-a06e-a4855d0b4b3e_1000.jpg!m_fill,w_280,h_210,f_jpg?from=ke.com
20240814,朝阳,常营,101125536771,北京新天地小区明星社区主力户型一居居住舒适,279万,46177元/平,高楼层 (共28层) | 2007年 | 1室1厅 | 60.42平米 | 北,https://ke-image.ljcdn.com/110000-inspection/pc1_kHipqRgO0_1.jpg!m_fill,w_280,h_210,f_jpg?from=ke.com
20240814,朝阳,常营,101125527774,常营住欣家园 地铁一居室西南向 户型方正必看好房,185万,37329元/平,低楼层 (共28层) | 2010年 | 1室1厅 | 49.56平米 | 西,https://ke-image.ljcdn.com/110000-inspection/pc1_fLkFu6YN9_1.jpg!m_fill,w_280,h_210,f_jpg?from=ke.com
20240814,朝阳,常营,101125445792,万象新天四区 1室1厅 东北,339万,50134元/平,中楼层 (共15层) | 2006年 | 1室1厅 | 67.62平米 | 东北,https://ke-image.ljcdn.com/110000-inspection/pc1_t5jztVWV6_2.jpg!m_fill,w_280,h_210,f_jpg?from=ke.com
20240814,朝阳,常营,101125440291,保利嘉园三号院西南两居适合居住必看好房,328万,37239元/平,低楼层 (共29层) | 2010年 | 2室1厅 | 88.08平米 | 南 西南 西,https://ke-image.ljcdn.com/110000-inspection/pc1_AeWsuHf4O_1.jpg!m_fill,w_280,h_210,f_jpg?from=ke.com
20240814,朝阳,常营,101125431849,北京新天地四期满五年唯一 精装不临街高楼层南向两居必看好房,453万,46987元/平,顶层 (共26层) | 2009年 | 2室1厅 | 96.41平米 | 南,https://ke-image.ljcdn.com/110000-inspection/pc1_E8SLALILH_3.jpg!m_fill,w_280,h_210,f_jpg?from=ke.com
20240814,朝阳,常营,101125417738,住欣家园 1室1厅 南必看好房,192万,38812元/平,低楼层 (共26层) | 2010年 | 1室1厅 | 49.47平米 | 南,https://ke-image.ljcdn.com/110000-inspection/pc1_vdB7qjgfN_1.jpg!m_fill,w_280,h_210,f_jpg?from=ke.com
20240814,朝阳,常营,101125389948,北京新天地明星社区主力户型诚心出售房主自荐,315万,48455元/平,中楼层 (共28层) | 2007年 | 1室1厅 | 65.01平米 | 东北,https://ke-image.ljcdn.com/110000-inspection/d83f173f-0954-4079-b360-b60e84afc28a_1000.jpg!m_fill,w_280,h_210,f_jpg?from=ke.com
20240814,朝阳,常营,101125356119,6号线区间始发站  草房   西北向三居室房主自荐,300万,33864元/平,低楼层 (共28层) | 2010年 | 3室1厅 | 88.59平米 | 西北,https://ke-image.ljcdn.com/110000-inspection/pc1_CXdL5sxRc_1.jpg!m_fill,w_280,h_210,f_jpg?from=ke.com
20240814,朝阳,常营,101125318808,柏林爱乐一期 南北通透一居 一梯两户 满五唯一必看好房,238万,48552元/平,低楼层 (共10层) 1室1厅 | 49.02平米 | 南 北,https://ke-image.ljcdn.com/110000-inspection/bd39e747-4f8d-4d54-8ff1-18fdfdff1c8b_1000.jpg!m_fill,w_280,h_210,f_jpg?from=ke.com
20240814,朝阳,常营,101125314566,满五年唯一南北通透格局明厨明卫采光好必看好房,470万,49710元/平,低楼层 (共10层) 2室1厅 | 94.55平米 | 南 北,https://ke-image.ljcdn.com/110000-inspection/pc1_5e1knY3qE.jpg!m_fill,w_280,h_210,f_jpg?from=ke.com
20240814,朝阳,常营,101125303592,富力阳光美园 正规小三居 聚焦房 满五唯一必看好房,433万,48510元/平,中楼层 (共27层) | 2010年 | 3室1厅 | 89.26平米 | 东 北,https://ke-image.ljcdn.com/110000-inspection/pc1_dhv97uQrx_1.jpg!m_fill,w_280,h_210,f_jpg?from=ke.com
20240814,朝阳,常营,101125287858,北京新天地明星社区双卫观景房,558万,52351元/平,中楼层 (共28层) | 2009年 | 2室2厅 | 106.59平米 | 东 东南,https://ke-image.ljcdn.com/110000-inspection/pc1_OUhSWNaOT_3.jpg!m_fill,w_280,h_210,f_jpg?from=ke.com
20240814,朝阳,常营,101125222957,房子是商品房业主家庭名下无其他住房首付20%必看好房,343万,51103元/平,低楼层 (共28层) 1室1厅 | 67.12平米 | 东北,https://ke-image.ljcdn.com/110000-inspection/pc1_NqC2vzOrD.jpg!m_fill,w_280,h_210,f_jpg?from=ke.com
20240814,朝阳,常营,101125183117,此房商品房  业主诚意出售 采光视野好 随时可签必看好房,298万,42718元/平,中楼层 (共26层) | 2010年 | 2室1厅 | 69.76平米 | 东,https://ke-image.ljcdn.com/110000-inspection/70f023a8-841b-43a4-8fd1-7af2b70bd3a0_1000.jpg!m_fill,w_280,h_210,f_jpg?from=ke.com
20240814,朝阳,常营,101125119895,苹果派满五唯一低成本正规一居看房随时,240万,45969元/平,底层 (共10层) | 2007年 | 1室1厅 | 52.21平米 | 北,https://ke-image.ljcdn.com/110000-inspection/pc1_5i08VbdkO_1.jpg!m_fill,w_280,h_210,f_jpg?from=ke.com
20240814,朝阳,常营,101125067003,首付52万中间楼层采光充足不临街视野好,195万,38296元/平,中楼层 (共29层) 1室1厅 | 50.92平米 | 南,https://ke-image.ljcdn.com/110000-inspection/9d9d8665-ccea-408f-955f-a90557bb284d_1000.jpg!m_fill,w_280,h_210,f_jpg?from=ke.com
20240814,朝阳,常营,101125029279,店长主荐：6号线/1号线/22号线常营龙湖天街必看好房,508万,49981元/平,中楼层 (共28层) 2室1厅 | 101.64平米 | 南,https://ke-image.ljcdn.com/110000-inspection/pc1_QKAJcij6v.jpg!m_fill,w_280,h_210,f_jpg?from=ke.com
20240814,朝阳,常营,101124981941,南北通透大三居次顶层采光视野好2021年,820万,75044元/平,中楼层 (共5层) 3室1厅 | 109.27平米 | 南 北,https://ke-image.ljcdn.com/110000-inspection/1666e3e7-ae27-4d36-a61d-a96e365c0267_1000.jpg!m_fill,w_280,h_210,f_jpg?from=ke.com
20240814,朝阳,常营,101124958734,天际高尔夫 南北三居 满五唯一 新装修  拎包入住必看好房,818万,51331元/平,中楼层 (共19层) 3室2厅 | 159.36平米 | 南 北,https://ke-image.ljcdn.com/110000-inspection/580e5ed5-d742-43bb-b4b4-e4974265fb48_1000.jpg!m_fill,w_280,h_210,f_jpg?from=ke.com
20240814,朝阳,常营,101124936773,塔楼东北两居全明格局户型方正全天无遮挡必看好房,362万,44725元/平,中楼层 (共22层) | 2010年 | 2室1厅 | 80.94平米 | 东 北,https://ke-image.ljcdn.com/110000-inspection/pc1_AWvPRY5JF_1.jpg!m_fill,w_280,h_210,f_jpg?from=ke.com
20240814,朝阳,常营,101124858693,荟康苑 满五年唯一 看房方便 卫生间带窗户,299万,44647元/平,中楼层 (共7层) 2室1厅 | 66.97平米 | 南 北,https://ke-image.ljcdn.com/110000-inspection/8b0ed8f9-326e-4db5-b419-9874141a951d_1000.jpg!m_fill,w_280,h_210,f_jpg?from=ke.com
20240814,朝阳,常营,101124821014,北京新天地四期 不临街中楼层 满五年唯一东南一居必看好房,319万,51921元/平,低楼层 (共28层) 1室1厅 | 61.44平米 | 东南,https://ke-image.ljcdn.com/110000-inspection/56670f8f-7167-44d3-a57b-5fcdd33ffd88_1000.jpg!m_fill,w_280,h_210,f_jpg?from=ke.com
20240814,朝阳,常营,101124820401,万象新天天际高尔夫南北通透三居室边户全明格局必看好房,880万,50912元/平,中楼层 (共16层) 3室2厅 | 172.85平米 | 南 北,https://ke-image.ljcdn.com/110000-inspection/580aaec3-c389-4421-a455-9e04aa385f08_1000.jpg!m_fill,w_280,h_210,f_jpg?from=ke.com
20240814,朝阳,常营,101124676801,六号线 常营西南两居室 总价合适 采光视野好,261万,37876元/平,中楼层 (共26层) | 2010年 | 2室1厅 | 68.91平米 | 西南,https://ke-image.ljcdn.com/110000-inspection/pc1_LFNxa15mp_1.jpg!m_fill,w_280,h_210,f_jpg?from=ke.com
20240814,朝阳,常营,101124622032,小区南向两居优质房源格局好实用面积大诚意出售必看好房,478万,51997元/平,低楼层 (共10层) 2室1厅 | 91.93平米 | 南,https://ke-image.ljcdn.com/110000-inspection/pc1_ZRYf5RZ2C_1.jpg!m_fill,w_280,h_210,f_jpg?from=ke.com
20240814,朝阳,常营,101124588828,六号线 常营正规精装一居室 总价合适 配套齐全,168万,35162元/平,高楼层 (共28层) | 2009年 | 1室1厅 | 47.78平米 | 东,https://ke-image.ljcdn.com/110000-inspection/c4a1fe00-4f00-4cab-a72c-ea6bd0ae5f4e_1000.jpg!m_fill,w_280,h_210,f_jpg?from=ke.com
20240814,朝阳,常营,101124434374,五期楼龄新正对小区花园户型方正诚心出售必看好房,275万,45053元/平,低楼层 (共28层) 1室1厅 | 61.04平米 | 北,https://ke-image.ljcdn.com/110000-inspection/pc1_eS5bWvoSn.jpg!m_fill,w_280,h_210,f_jpg?from=ke.com
20240814,朝阳,常营,101124361853,柏林爱乐 南向一居 满五唯一 诚意出售,358万,52195元/平,高楼层 (共15层) 1室1厅 | 68.59平米 | 南,https://ke-image.ljcdn.com/110000-inspection/pc1_eTGF3DxJj_1.jpg!m_fill,w_280,h_210,f_jpg?from=ke.com
20240814,朝阳,常营,101124330221,管庄常营北向开间大社区六号线一号线必看好房,217万,41925元/平,低楼层 (共20层) | 2009年 | 1室0厅 | 51.76平米 | 北,https://ke-image.ljcdn.com/110000-inspection/34946be8-d611-44c6-8655-6017a37f1480_1000.jpg!m_fill,w_280,h_210,f_jpg?from=ke.com
20240814,朝阳,常营,101124007790,丽景园东向一居室 无遮挡 诚心出售必看好房,168万,35162元/平,高楼层 (共28层) | 2009年 | 1室1厅 | 47.78平米 | 东,https://ke-image.ljcdn.com/110000-inspection/pc1_l6bHI2JON_1.jpg!m_fill,w_280,h_210,f_jpg?from=ke.com
20240814,朝阳,常营,101123946923,老业主  诚心卖  价格能谈  采光好  视野好房主自荐,440万,51426元/平,中楼层 (共15层) | 2010年 | 2室1厅 | 85.56平米 | 南 北,https://ke-image.ljcdn.com/110000-inspection/4e2a867a-2ce7-4a56-9174-ae83c4c03750_1000.jpg!m_fill,w_280,h_210,f_jpg?from=ke.com
20240814,朝阳,常营,101123907451,北京新天地二区南北通透三居室业主诚心出售,735万,53242元/平,高楼层 (共15层) 3室2厅 | 138.05平米 | 北 南,https://ke-image.ljcdn.com/110000-inspection/86a9cd3c-d020-4084-8653-24729c9ba53d_1000.jpg!m_fill,w_280,h_210,f_jpg?from=ke.com
20240814,朝阳,常营,101123769644,总监推荐！！ 丽景园满五唯一落地窗必看好房,215万,32429元/平,低楼层 (共28层) | 2009年 | 2室1厅 | 66.3平米 | 西,https://ke-image.ljcdn.com/110000-inspection/pc1_7goNGdL5r_1.jpg!m_fill,w_280,h_210,f_jpg?from=ke.com
20240814,朝阳,常营,101123681610,柏林爱乐高楼层南向一居视野采光好只有契税,338万,50683元/平,高楼层 (共21层) | 2008年 | 1室1厅 | 66.69平米 | 南,https://ke-image.ljcdn.com/110000-inspection/pc1_eyqTJwTkY_1.jpg!m_fill,w_280,h_210,f_jpg?from=ke.com
20240814,朝阳,常营,101123519357,30万精装婚房 刚住了两年 满五唯一 有钥匙随时看房房主自荐,399万,54124元/平,中楼层 (共27层) | 2011年 | 1室1厅 | 73.72平米 | 南,https://ke-image.ljcdn.com/110000-inspection/pc1_eVLRMN9Fy.jpg!m_fill,w_280,h_210,f_jpg?from=ke.com
20240814,朝阳,常营,101123462841,常楹公元 小区中间位置 南向两居 开发商精装房主自荐,648万,77726元/平,中楼层 (共25层) 2室1厅 | 83.37平米 | 南,https://ke-image.ljcdn.com/110000-inspection/88241371-e7b1-4975-a886-40fbe70e046d_1000.jpg!m_fill,w_280,h_210,f_jpg?from=ke.com
20240814,朝阳,常营,101123457014,富力阳光美园全明两居南北通透业主诚售！必看好房,445万,50012元/平,低楼层 (共20层) | 2010年 | 2室1厅 | 88.98平米 | 南 北,https://ke-image.ljcdn.com/110000-inspection/pc1_2oTs4T2G3_2.jpg!m_fill,w_280,h_210,f_jpg?from=ke.com
20240814,朝阳,常营,101123354221,万象新天二区 精装修 业主诚意出售房主自荐,759万,57671元/平,中楼层 (共15层) | 2005年 | 3室1厅 | 131.61平米 | 南 西 北,https://ke-image.ljcdn.com/110000-inspection/f4b1252c-acf7-4265-b3fc-1f56e1721022_1000.jpg!m_fill,w_280,h_210,f_jpg?from=ke.com
20240814,朝阳,常营,101123255706,龙湖天街优质三居 满五唯一 南北通透精装修,899万,63782元/平,低楼层 (共18层) 3室1厅 | 140.95平米 | 南 北,https://ke-image.ljcdn.com/110000-inspection/c33095d4-2a18-4892-89e7-a47ce80c4588_1000.jpg!m_fill,w_280,h_210,f_jpg?from=ke.com
20240814,朝阳,常营,101123197020,保利高层两居首套首付150万视野好采光好,389万,43990元/平,高楼层 (共29层) | 2010年 | 2室2厅 | 88.43平米 | 东 东南,https://ke-image.ljcdn.com/110000-inspection/5fcde8c4-1e9d-42a2-be1e-62de062d024e_1000.jpg!m_fill,w_280,h_210,f_jpg?from=ke.com
20240814,朝阳,常营,101123089498,北京新天地 满五唯一商品房 地铁常营管庄站 诚意出售必看好房,325万,52898元/平,中楼层 (共28层) 1室1厅 | 61.44平米 | 西南,https://ke-image.ljcdn.com/110000-inspection/106afa6f-9b27-4848-9084-20e9a9d9c175_1000.jpg!m_fill,w_280,h_210,f_jpg?from=ke.com
20240814,朝阳,常营,101123088748,常营住欣家园 满五年住宅 高楼层 户型方正,195万,39347元/平,高楼层 (共28层) | 2010年 | 1室1厅 | 49.56平米 | 东南,https://ke-image.ljcdn.com/110000-inspection/pc1_bMuRDWdra.jpg!m_fill,w_280,h_210,f_jpg?from=ke.com
20240814,朝阳,常营,101123021340,北京新天地全南两居 中间楼层 采光好无遮挡 正对花园,498万,49191元/平,中楼层 (共15层) 2室1厅 | 101.24平米 | 南,https://ke-image.ljcdn.com/110000-inspection/pc1_EkrhUIM31_1.jpg!m_fill,w_280,h_210,f_jpg?from=ke.com
20240814,朝阳,常营,101122916159,管庄北二里 两室一厅一卫 南向好房必看好房,355万,52539元/平,高楼层 (共28层) | 2013年 | 2室1厅 | 67.57平米 | 南,https://ke-image.ljcdn.com/110000-inspection/d33537ed-9496-4e14-b429-0169cc5de9f5_1000.jpg!m_fill,w_280,h_210,f_jpg?from=ke.com
20240814,朝阳,常营,101125989420,北京新天地五期 1室1厅 东必看好房,323万,49716元/平,低楼层 (共28层) | 2011年 | 1室1厅 | 64.97平米 | 东,https://ke-image.ljcdn.com/110000-inspection/pc1_BcWzHQ5Nr_1.jpg!m_fill,w_280,h_210,f_jpg?from=ke.com
20240814,朝阳,常营,101125983164,北京新天地明星社区有露tai观景房新上,498万,57613元/平,低楼层 (共28层) | 2009年 | 2室1厅 | 86.44平米 | 东南,https://ke-image.ljcdn.com/110000-inspection/pc1_pFvriy0Pz_1.jpg!m_fill,w_280,h_210,f_jpg?from=ke.com
20240814,朝阳,常营,101125922437,不临街 中间层 得房率79.99必看好房,279万,45995元/平,中楼层 (共28层) | 2008年 | 1室1厅 | 60.66平米 | 北,https://ke-image.ljcdn.com/110000-inspection/pc1_SOmB5aWot.jpg!m_fill,w_280,h_210,f_jpg?from=ke.com
20240814,朝阳,常营,101125883859,北辰福第 精装边户套间户型北边视野开阔必看好房,399万,45778元/平,高楼层 (共27层) | 2008年 | 3室1厅 | 87.16平米 | 南 西 北,https://ke-image.ljcdn.com/110000-inspection/fcd7eabb-ff92-4b17-9bc1-5b07b743fb20_1000.jpg!m_fill,w_280,h_210,f_jpg?from=ke.com
20240814,朝阳,常营,101125767613,北京新天地正规一居室明星社区主力户型必看好房,199万,35498元/平,底层 (共28层) | 2007年 | 1室1厅 | 56.06平米 | 北,https://ke-image.ljcdn.com/110000-inspection/bbb497bf-b825-4f21-9bd0-38a89c48acbb_1000.jpg!m_fill,w_280,h_210,f_jpg?from=ke.com
20240814,朝阳,常营,101125727061,满五唯一大两居室双卫生间高楼层视野好必看好房,479万,43625元/平,高楼层 (共22层) | 2004年 | 2室1厅 | 109.8平米 | 西北,https://ke-image.ljcdn.com/110000-inspection/pc1_DAjb80Hk4_1.jpg!m_fill,w_280,h_210,f_jpg?from=ke.com
20240814,朝阳,常营,101125709598,北京新天地五期2013年社区明星社区诚心出售房主自荐,486万,54583元/平,低楼层 (共27层) 2室1厅 | 89.04平米 | 西北,https://ke-image.ljcdn.com/110000-inspection/pc1_mqGx1MqJ9_2.jpg!m_fill,w_280,h_210,f_jpg?from=ke.com
20240814,朝阳,常营,101125643971,苹果派新上南北通透精装两居满五唯一,539万,55175元/平,中楼层 (共11层) | 2007年 | 2室1厅 | 97.69平米 | 南 北,https://ke-image.ljcdn.com/110000-inspection/pc1_ijw4bdo4e.jpg!m_fill,w_280,h_210,f_jpg?from=ke.com
20240814,朝阳,常营,101125637535,【常营商圈 】住欣家园 正规一居室 看房随时,198万,39952元/平,中楼层 (共28层) | 2010年 | 1室1厅 | 49.56平米 | 西,https://ke-image.ljcdn.com/110000-inspection/8f75c6a2-394f-482d-bd4a-b4389cae7090_1000.jpg!m_fill,w_280,h_210,f_jpg?from=ke.com
20240814,朝阳,常营,101125626338,楼层好 视野开阔 采光充足 配套齐全 交通便利必看好房,238万,52034元/平,中楼层 (共27层) | 2010年 | 1室1厅 | 45.74平米 | 南,https://ke-image.ljcdn.com/110000-inspection/pc1_b0xgFXLlO_1.jpg!m_fill,w_280,h_210,f_jpg?from=ke.com
20240814,朝阳,常营,101125590744,长楹天街东区 2室2厅 南 北必看好房,770万,59811元/平,高楼层 (共18层) 2室2厅 | 128.74平米 | 南 北,https://ke-image.ljcdn.com/110000-inspection/b5dbbb52-a651-48cc-93aa-85dbe007801d_1000.jpg!m_fill,w_280,h_210,f_jpg?from=ke.com
20240814,朝阳,常营,101125587059,柏林爱乐复式三居一梯两户满五唯一看房方便必看好房,699万,53658元/平,高楼层 (共11层) 3室1厅 | 130.27平米 | 南 北,https://ke-image.ljcdn.com/110000-inspection/pc1_C4OCKbQLz.jpg!m_fill,w_280,h_210,f_jpg?from=ke.com
20240814,朝阳,常营,101125537770,首开畅心园 西南向三居室 自住 看房基本随时,338万,38847元/平,顶层 (共29层) 3室1厅 | 87.01平米 | 南 西,https://ke-image.ljcdn.com/110000-inspection/pc1_b6iwcWKWo_2.jpg!m_fill,w_280,h_210,f_jpg?from=ke.com
20240814,朝阳,常营,101125523026,北京新天地 中间楼层经典一居 业主诚意出售随时可看必看好房,317万,46393元/平,中楼层 (共28层) | 2009年 | 1室1厅 | 68.33平米 | 西 西北,https://ke-image.ljcdn.com/110000-inspection/c668d560-24dd-4a9b-93d6-22621f2a41c4_1000.jpg!m_fill,w_280,h_210,f_jpg?from=ke.com
20240814,朝阳,常营,101125501989,长楹天街西区 高楼层三居室 拎包入住,935万,66074元/平,中楼层 (共18层) | 2013年 | 3室1厅 | 141.51平米 | 南 北,https://ke-image.ljcdn.com/110000-inspection/pc1_CMdB9btOn.jpg!m_fill,w_280,h_210,f_jpg?from=ke.com
20240814,朝阳,常营,101125467247,北京新天地五期明星社区主力户型必看好房,345万,51378元/平,中楼层 (共27层) 1室1厅 | 67.15平米 | 东,https://ke-image.ljcdn.com/110000-inspection/pc1_SefgHPBNy.jpg!m_fill,w_280,h_210,f_jpg?from=ke.com
20240814,朝阳,常营,101125432729,柏林爱乐 双卧客厅朝南 南北双通透 大阳台钥匙必看好房,699万,46249元/平,中楼层 (共8层) | 2002年 | 3室2厅 | 151.14平米 | 南 北,https://ke-image.ljcdn.com/110000-inspection/pc1_oQNPHTpEl.jpg!m_fill,w_280,h_210,f_jpg?from=ke.com
20240814,朝阳,常营,101125414056,商品房三居无增值税 精装修没住过 视野好必看好房,409万,46743元/平,中楼层 (共27层) 3室1厅 | 87.5平米 | 南 西 北,https://ke-image.ljcdn.com/110000-inspection/pc1_6RWUQeL6M_2.jpg!m_fill,w_280,h_210,f_jpg?from=ke.com
20240814,朝阳,常营,101125404738,满五唯一 中楼层 采光好 不临街 正对小区花园必看好房,458万,51392元/平,中楼层 (共20层) | 2010年 | 2室1厅 | 89.12平米 | 南,https://ke-image.ljcdn.com/110000-inspection/pc1_YmxqL62rc.jpg!m_fill,w_280,h_210,f_jpg?from=ke.com
20240814,朝阳,常营,101125234377,北京新天地三期 1室1厅 北必看好房,275万,46328元/平,高楼层 (共28层) | 2009年 | 1室1厅 | 59.36平米 | 北,https://ke-image.ljcdn.com/110000-inspection/pc1_1pvcFIFdW.jpg!m_fill,w_280,h_210,f_jpg?from=ke.com
20240814,朝阳,常营,101124965017,柏林爱乐正规一居满五年唯一高楼层明厨明卫必看好房,299万,44983元/平,中楼层 (共21层) | 2007年 | 1室1厅 | 66.47平米 | 西北,https://ke-image.ljcdn.com/110000-inspection/8ee1669a-7627-43e8-a1e5-7c427f5248cb_1000.jpg!m_fill,w_280,h_210,f_jpg?from=ke.com
20240814,朝阳,常营,101124958664,万象新天罗兰大道 南北四居室 满五唯一 精装修必看好房,845万,57118元/平,低楼层 (共15层) | 2009年 | 4室1厅 | 147.94平米 | 南 西 北,https://ke-image.ljcdn.com/110000-inspection/b0eba797-9ce1-49dc-9f8f-699c8e92bfd5_1000.jpg!m_fill,w_280,h_210,f_jpg?from=ke.com
20240814,朝阳,常营,101124830696,东向两居 中间楼层 总价合适 近地铁必看好房,220万,31903元/平,中楼层 (共28层) | 2009年 | 2室1厅 | 68.96平米 | 东,https://ke-image.ljcdn.com/110000-inspection/c9c47d6a-6f26-4caf-925a-4997c9ced917_1000.jpg!m_fill,w_280,h_210,f_jpg?from=ke.com
20240814,朝阳,常营,101124625004,中层精装修满五唯一  诚心出售带储物间必看好房,319万,46686元/平,中楼层 (共28层) | 2009年 | 1室1厅 | 68.33平米 | 西北,https://ke-image.ljcdn.com/110000-inspection/d4a24feb-6367-47c3-85a9-4163ffca0c81_1000.jpg!m_fill,w_280,h_210,f_jpg?from=ke.com
20240814,朝阳,常营,101124511702,房子满五年唯一高楼层无遮挡视野好。安静位置必看好房,456万,55013元/平,顶层 (共11层) | 2007年 | 2室1厅 | 82.89平米 | 南,https://ke-image.ljcdn.com/110000-inspection/pc1_6r02yEUbx_1.jpg!m_fill,w_280,h_210,f_jpg?from=ke.com
20240814,朝阳,常营,101124282828,住欣家园 满五唯一 业主诚意出售 不临街 随时可签必看好房,215万,32790元/平,低楼层 (共28层) | 2010年 | 2室1厅 | 65.57平米 | 东南,https://ke-image.ljcdn.com/110000-inspection/pc1_Hj79Golm1.jpg!m_fill,w_280,h_210,f_jpg?from=ke.com
20240814,朝阳,常营,101124270969,户型方正 南向两居 配套好 交通方便,225万,33001元/平,低楼层 (共29层) 2室1厅 | 68.18平米 | 南,https://ke-image.ljcdn.com/110000-inspection/7c2af438-8f6d-4e32-9777-2cdbef822d59_1000.jpg!m_fill,w_280,h_210,f_jpg?from=ke.com
20240814,朝阳,常营,101124243988,满五年唯一经典两居小区中间位置安静临小广场必看好房,375万,48677元/平,中楼层 (共10层) | 2007年 | 2室1厅 | 77.04平米 | 西北,https://ke-image.ljcdn.com/110000-inspection/be40d130-57f2-4eb9-b23b-adfac1364f59_1000.jpg!m_fill,w_280,h_210,f_jpg?from=ke.com
20240814,朝阳,常营,101124242833,住欣家园  此房满五年 南向一居室  没遮挡  采光好必看好房,195万,39418元/平,中楼层 (共26层) | 2010年 | 1室1厅 | 49.47平米 | 南,https://ke-image.ljcdn.com/110000-inspection/e3e9e222-fbcc-412e-ade2-36d7e9462d31_1000.jpg!m_fill,w_280,h_210,f_jpg?from=ke.com
20240814,朝阳,常营,101124173252,常营 朝阳医院旁 南北通透 明卫一居急售  随时看,399万,55363元/平,中楼层 (共20层) | 2009年 | 1室2厅 | 72.07平米 | 南 北,https://ke-image.ljcdn.com/110000-inspection/pc1_YiOUdz6B0_1.jpg!m_fill,w_280,h_210,f_jpg?from=ke.com
20240814,朝阳,常营,101124163504,常营南路45号院南向两居户型好,330万,47272元/平,中楼层 (共28层) | 2013年 | 2室1厅 | 69.81平米 | 南,https://ke-image.ljcdn.com/110000-inspection/02c0ca65-14a1-4ffa-b871-147a7b294145_1000.jpg!m_fill,w_280,h_210,f_jpg?from=ke.com
20240814,朝阳,常营,101124090002,天际高尔夫花园  一梯一户 平层四居室  诚意出售必看好房,1180万,52227元/平,中楼层 (共15层) 4室2厅 | 225.94平米 | 南 北 西,https://ke-image.ljcdn.com/110000-inspection/7aca8510-f958-48ad-95d6-7c71109499f0_1000.jpg!m_fill,w_280,h_210,f_jpg?from=ke.com
20240814,朝阳,常营,101123890822,总监推荐好房 新天地三期 高层视野采光好,470万,50038元/平,高楼层 (共28层) | 2009年 | 2室1厅 | 93.93平米 | 南,https://ke-image.ljcdn.com/110000-inspection/pc1_LoXqNytDj.jpg!m_fill,w_280,h_210,f_jpg?from=ke.com
20240814,朝阳,常营,101123673889,满五年唯一南北通透业主自住精装一梯两户靠谱卖必看好房,590万,57697元/平,低楼层 (共8层) 2室1厅 | 102.26平米 | 南 北,https://ke-image.ljcdn.com/110000-inspection/7bb0b860-51da-4e8b-96ca-d723bf28e960_1000.jpg!m_fill,w_280,h_210,f_jpg?from=ke.com
20240814,朝阳,常营,101123451255,苹果派 南北两居 面积大 满五唯一房主自荐,490万,50185元/平,顶层 (共11层) | 2007年 | 2室2厅 | 97.64平米 | 南 北,https://ke-image.ljcdn.com/110000-inspection/pc1_Hmuylj5OG_1.jpg!m_fill,w_280,h_210,f_jpg?from=ke.com
20240814,朝阳,常营,101123415319,北京新天地朝阳明星社区高层观景房房主自荐,445万,44518元/平,顶层 (共28层) | 2009年 | 2室1厅 | 99.96平米 | 南,https://ke-image.ljcdn.com/110000-inspection/pc1_b6vT1tbtX.jpg!m_fill,w_280,h_210,f_jpg?from=ke.com
20240814,朝阳,常营,101123355359,住欣家园 3室1厅 南 西 北必看好房,260万,29044元/平,高楼层 (共26层) | 2010年 | 3室1厅 | 89.52平米 | 南 西 北,https://ke-image.ljcdn.com/110000-inspection/b841021b-735e-4380-8b94-eefe9950c0aa_1000.jpg!m_fill,w_280,h_210,f_jpg?from=ke.com
20240814,朝阳,常营,101123297960,【聚焦好房】满五年 南北通透采光好 楼层好房主自荐,403万,49766元/平,低楼层 (共7层) 3室2厅 | 80.98平米 | 南 北,https://ke-image.ljcdn.com/110000-inspection/f8d32ba5-9c46-47f4-8b56-a280111c4239_1000.jpg!m_fill,w_280,h_210,f_jpg?from=ke.com
20240814,朝阳,常营,101123227021,60万精装 西南三居 全明格局,650万,50400元/平,高楼层 (共21层) | 2005年 | 3室1厅 | 128.97平米 | 西南,https://ke-image.ljcdn.com/110000-inspection/0a853a59-ba3f-4484-8e48-2dd4854c630b_1000.jpg!m_fill,w_280,h_210,f_jpg?from=ke.com
20240814,朝阳,常营,101123179937,北京新天地五期  西南两居室 中高楼层 满五唯一,525万,55206元/平,中楼层 (共27层) | 2011年 | 2室1厅 | 95.1平米 | 西南,https://ke-image.ljcdn.com/110000-inspection/59d1c0e7-66b5-4fd7-8c5c-28ec983b9bfb_1000.jpg!m_fill,w_280,h_210,f_jpg?from=ke.com
20240814,朝阳,常营,101123033118,柏林爱乐板楼一居东向厨房有阳台电梯房落地窗,320万,48552元/平,中楼层 (共11层) | 2002年 | 1室1厅 | 65.91平米 | 东,https://ke-image.ljcdn.com/110000-inspection/dcb29117-57f8-4655-91f0-76583dbb9dfa_1000.jpg!m_fill,w_280,h_210,f_jpg?from=ke.com
20240814,朝阳,常营,101122963366,北京新天地四期  西南一居 中间楼层 满五唯一 不临街,329万,49879元/平,中楼层 (共26层) 1室1厅 | 65.96平米 | 西南,https://ke-image.ljcdn.com/110000-inspection/ec9f17f9-2d03-42a3-b981-dd192eb94e16_1000.jpg!m_fill,w_280,h_210,f_jpg?from=ke.com
20240814,朝阳,常营,101122878721,大区聚焦苹果派新上精装复式诚心出售必看好房,602万,48475元/平,高楼层 (共12层) 3室2厅 | 124.19平米 | 南 北,https://ke-image.ljcdn.com/110000-inspection/09a2f0c3-be08-48e1-a7dd-8bca4e25fa2f_1000.jpg!m_fill,w_280,h_210,f_jpg?from=ke.com
20240814,朝阳,常营,101122560245,柏林爱乐二期    东南复式    诚心出售  价钱可谈必看好房,580万,36705元/平,中楼层 (共22层) | 2004年 | 3室1厅 | 158.02平米 | 东南,https://ke-image.ljcdn.com/110000-inspection/27d656a3-50e5-4a62-92bd-7458b084ba48_1000.jpg!m_fill,w_280,h_210,f_jpg?from=ke.com
20240814,朝阳,常营,101122023910,福瑞四季 近褡裢坡 三阳台 全明格局 次新房 环境舒适必看好房,416万,41369元/平,低楼层 (共22层) 2室1厅 | 100.56平米 | 东南,https://ke-image.ljcdn.com/110000-inspection/pc1_BlngNCaIE_2.jpg!m_fill,w_280,h_210,f_jpg?from=ke.com
20240814,朝阳,常营,101120689048,满五年 唯一 南北通透  不临街 无遮挡,828万,54995元/平,高楼层 (共8层) 3室2厅 | 150.56平米 | 南 北,https://ke-image.ljcdn.com/110000-inspection/pc1_woUu1yQu5.jpg!m_fill,w_280,h_210,f_jpg?from=ke.com
20240814,朝阳,常营,101125873357,北京像素北区 2室1厅 西必看好房,135万,29253元/平,低楼层 (共17层) | 2011年 | 2室1厅 | 46.15平米 | 西,https://s1.ljcdn.com/pegasus/redskull/images/common/default_house_list.png?_v=20240807182020
20240814,朝阳,常营,101125780168,首开东都汇 常营商圈 精装修 5.48米挑高,175万,27761元/平,中楼层 (共14层) 2室2厅 | 63.04平米 | 西,https://s1.ljcdn.com/pegasus/redskull/images/common/default_house_list.png?_v=20240807182020
20240814,朝阳,常营,101125525757,北京像素北区 2室1厅 东南必看好房,129万,25935元/平,顶层 (共13层) | 2011年 | 2室1厅 | 49.74平米 | 东南,https://s1.ljcdn.com/pegasus/redskull/images/common/default_house_list.png?_v=20240807182020
20240814,朝阳,常营,101125330417,北京像素南区 近地铁 近商场 近医院,85万,17390元/平,高楼层 (共23层) | 2011年 | 1室0厅 | 48.88平米 | 东北,https://s1.ljcdn.com/pegasus/redskull/images/common/default_house_list.png?_v=20240807182020
20240814,朝阳,常营,101124978286,北京像素 3米2挑高 正南向 高楼层,99万,20764元/平,高楼层 (共23层) | 2011年 | 1室0厅 | 47.68平米 | 南,https://s1.ljcdn.com/pegasus/redskull/images/common/default_house_list.png?_v=20240807182020
20240814,朝阳,常营,101124936730,北京像素北区 2室1厅 西北必看好房,115万,28056元/平,底层 (共13层) | 2011年 | 2室1厅 | 40.99平米 | 西北,https://s1.ljcdn.com/pegasus/redskull/images/common/default_house_list.png?_v=20240807182020
20240814,朝阳,常营,101124789373,常楹公元自由派 1室1厅 西必看好房,92万,24672元/平,低楼层 (共23层) | 2016年 | 1室1厅 | 37.29平米 | 西,https://s1.ljcdn.com/pegasus/redskull/images/common/default_house_list.png?_v=20240807182020
20240814,朝阳,常营,101124691244,近地铁两居价格买正规三居室楼层好视野好配套全,272万,30507元/平,高楼层 (共26层) | 2010年 | 3室1厅 | 89.16平米 | 东北,https://s1.ljcdn.com/pegasus/redskull/images/common/default_house_list.png?_v=20240807182020
20240814,朝阳,常营,101123949553,北京像素北区 3室1厅 南,142万,28560元/平,高楼层 (共13层) | 2011年 | 3室1厅 | 49.72平米 | 南,https://s1.ljcdn.com/pegasus/redskull/images/common/default_house_list.png?_v=20240807182020
20240814,朝阳,常营,101123267770,北京像素南区  3米2挑高开间  户型方正 楼下地铁必看好房,85万,16987元/平,低楼层 (共23层) | 2011年 | 1室0厅 | 50.04平米 | 东北,https://s1.ljcdn.com/pegasus/redskull/images/common/default_house_list.png?_v=20240807182020
20240814,朝阳,常营,101123249925,北京像素北区 2室1厅 西南必看好房,162万,28106元/平,高楼层 (共14层) | 2011年 | 2室1厅 | 57.64平米 | 西南,https://s1.ljcdn.com/pegasus/redskull/images/common/default_house_list.png?_v=20240807182020
20240814,朝阳,常营,101126000308,北京新天地 优质改善大两居 全南双飘窗 精装不临街,560万,56435元/平,中楼层 (共20层) | 2009年 | 2室2厅 | 99.23平米 | 南,https://ke-image.ljcdn.com/110000-inspection/pc1_InJo5cv97_1.jpg!m_fill,w_280,h_210,f_jpg?from=ke.com
20240814,朝阳,常营,101125988123,常营 精装修 俯瞰体育公园  南向一居室新上,288万,51613元/平,中楼层 (共27层) | 2010年 | 1室1厅 | 55.8平米 | 南,https://ke-image.ljcdn.com/110000-inspection/pc1_sonJfwsYY_2.jpg!m_fill,w_280,h_210,f_jpg?from=ke.com
20240814,朝阳,常营,101125985351,高楼层视野好满五年唯一业主诚意出售新上,495万,53922元/平,高楼层 (共28层) | 2009年 | 2室1厅 | 91.8平米 | 西南 西,https://ke-image.ljcdn.com/110000-inspection/pc1_IcMjiuPJL_2.jpg!m_fill,w_280,h_210,f_jpg?from=ke.com
20240814,朝阳,常营,101125984770,万象新天四区 2室2厅 东 西 南新上,510万,65595元/平,中楼层 (共5层) 2室2厅 | 77.75平米 | 东 西 南,https://ke-image.ljcdn.com/110000-inspection/pc1_Eh43VvXrG_1.jpg!m_fill,w_280,h_210,f_jpg?from=ke.com
20240814,朝阳,常营,101125982513,北京新天地四期精装南北两居室高层视野无遮挡户型好新上,520万,57339元/平,中楼层 (共26层) | 2009年 | 2室1厅 | 90.69平米 | 南 北,https://ke-image.ljcdn.com/110000-inspection/pc1_eUWAnU7yn_1.jpg!m_fill,w_280,h_210,f_jpg?from=ke.com
20240814,朝阳,常营,101125966041,金隅丽景园 3室1厅 南新上,385万,43162元/平,低楼层 (共28层) | 2009年 | 3室1厅 | 89.2平米 | 南,https://ke-image.ljcdn.com/110000-inspection/pc1_NeOkVYwBv_1.jpg!m_fill,w_280,h_210,f_jpg?from=ke.com
20240814,朝阳,常营,101125965736,保持好精装修南北三居明卫采光充足新上,790万,81043元/平,低楼层 (共26层) | 2015年 | 3室1厅 | 97.48平米 | 南 北,https://ke-image.ljcdn.com/110000-inspection/pc1_eVHNBxRqr_1.jpg!m_fill,w_280,h_210,f_jpg?from=ke.com
20240814,朝阳,常营,101125935348,北京新天地五期 1室2厅 北新上,319万,52270元/平,低楼层 (共28层) | 2011年 | 1室2厅 | 61.03平米 | 北,https://ke-image.ljcdn.com/110000-inspection/pc1_NZ1QobXIN_1.jpg!m_fill,w_280,h_210,f_jpg?from=ke.com
20240814,朝阳,常营,101125907038,北京新天地三期 高楼层不临街一手业主放心居住新上,498万,54606元/平,高楼层 (共28层) | 2008年 | 2室1厅 | 91.2平米 | 南,https://ke-image.ljcdn.com/110000-inspection/pc1_7OUT5EP6M_1.jpg!m_fill,w_280,h_210,f_jpg?from=ke.com
20240814,朝阳,常营,101125879732,柏林爱乐 满五唯一 南北通透 诚意出售新上,620万,53643元/平,中楼层 (共8层) 3室1厅 | 115.58平米 | 南 北,https://ke-image.ljcdn.com/110000-inspection/b698b39c-f086-455f-a648-f67235786ba4_1000.jpg!m_fill,w_280,h_210,f_jpg?from=ke.com
20240814,朝阳,常营,101125872796,长楹天街西区 3室2厅 南 北新上,880万,72824元/平,顶层 (共18层) 3室2厅 | 120.84平米 | 南 北,https://ke-image.ljcdn.com/110000-inspection/pc1_uOFo0EXKP_1.jpg!m_fill,w_280,h_210,f_jpg?from=ke.com
20240814,朝阳,常营,101125871364,北京新天地四期 高楼层 不临街 满五年新上,332万,49963元/平,高楼层 (共28层) | 2009年 | 1室1厅 | 66.45平米 | 西北,https://ke-image.ljcdn.com/110000-inspection/pc1_vyGpWNXh1_2.jpg!m_fill,w_280,h_210,f_jpg?from=ke.com
20240814,朝阳,常营,101125867429,万象新天四区 3室2厅 南 北新上,730万,59119元/平,中楼层 (共5层) 3室2厅 | 123.48平米 | 南 北,https://ke-image.ljcdn.com/110000-inspection/pc1_UhNNTlv72_1.jpg!m_fill,w_280,h_210,f_jpg?from=ke.com
20240814,朝阳,常营,101125846318,首付55万南向一居室客厅带阳台,225万,45483元/平,低楼层 (共26层) | 2010年 | 1室1厅 | 49.47平米 | 南,https://ke-image.ljcdn.com/110000-inspection/pc1_uIrYJA96x_1.jpg!m_fill,w_280,h_210,f_jpg?from=ke.com
20240814,朝阳,常营,101125816665,柏林爱乐二期 2室1厅 南 北,550万,53305元/平,低楼层 (共7层) | 2004年 | 2室1厅 | 103.18平米 | 南 北,https://ke-image.ljcdn.com/110000-inspection/361dfad6-aca3-4ce5-a02a-90fb27f42fb6_1000.jpg!m_fill,w_280,h_210,f_jpg?from=ke.com
20240814,朝阳,常营,101125809364,万象新天二区 西南两居户型 楼层好 采光充足 交,589万,54745元/平,顶层 (共15层) | 2005年 | 2室1厅 | 107.59平米 | 南,https://ke-image.ljcdn.com/110000-inspection/pc1_W2jGZRs2Y_1.jpg!m_fill,w_280,h_210,f_jpg?from=ke.com
20240814,朝阳,常营,101125789971,北京新天地二期 1室1厅 北,259万,42019元/平,底层 (共28层) | 2008年 | 1室1厅 | 61.64平米 | 北,https://ke-image.ljcdn.com/110000-inspection/pc1_Av09ceWaL_1.jpg!m_fill,w_280,h_210,f_jpg?from=ke.com
20240814,朝阳,常营,101125785521,常楹公元 中高楼层 南北通透 明卫三居,810万,83094元/平,中楼层 (共26层) | 2015年 | 3室1厅 | 97.48平米 | 南 北,https://ke-image.ljcdn.com/110000-inspection/66141635-61f5-40f9-88db-d4a58bf82a6c_1000.jpg!m_fill,w_280,h_210,f_jpg?from=ke.com
20240814,朝阳,常营,101125785017,商品房西南三居室主卧朝南不临街居住舒适,429万,49040元/平,低楼层 (共28层) | 2010年 | 3室1厅 | 87.48平米 | 西南,https://ke-image.ljcdn.com/110000-inspection/pc1_VnUlygmBD_1.jpg!m_fill,w_280,h_210,f_jpg?from=ke.com
20240814,朝阳,常营,101125768097,北京新天地二期 1室1厅 南,390万,53935元/平,低楼层 (共15层) | 2008年 | 1室1厅 | 72.31平米 | 南,https://ke-image.ljcdn.com/110000-inspection/pc1_GFgq0mbAC_1.jpg!m_fill,w_280,h_210,f_jpg?from=ke.com
20240814,朝阳,常营,101125761838,富力阳光美园东南三居户型方正采光好,490万,55387元/平,低楼层 (共27层) | 2010年 | 3室1厅 | 88.47平米 | 东南,https://ke-image.ljcdn.com/110000-inspection/ef6d8a4e-def6-4b42-ac83-e0e258d7d97c_1000.jpg!m_fill,w_280,h_210,f_jpg?from=ke.com
20240814,朝阳,常营,101125750258,北京新天地四期 南向 看房随时 居家装修 随时签约,346万,45372元/平,低楼层 (共28层) | 2009年 | 1室1厅 | 76.26平米 | 南,https://ke-image.ljcdn.com/110000-inspection/e1b3abd6-40e7-43f4-86f5-9580a41267b6_1000.jpg!m_fill,w_280,h_210,f_jpg?from=ke.com
20240814,朝阳,常营,101125745523,常楹公元 经典小三居 中间楼层 自住精装,785万,79118元/平,中楼层 (共25层) 3室1厅 | 99.22平米 | 南 北,https://ke-image.ljcdn.com/110000-inspection/e1cb5fb2-03f3-4fd1-9690-74d018fb6c9f_1000.jpg!m_fill,w_280,h_210,f_jpg?from=ke.com
20240814,朝阳,常营,101125722089,六号线 常营南向一居室 商品房 配套齐全,275万,49038元/平,中楼层 (共22层) | 2010年 | 1室1厅 | 56.08平米 | 南,https://ke-image.ljcdn.com/110000-inspection/pc1_eSJPStNgf_1.jpg!m_fill,w_280,h_210,f_jpg?from=ke.com
20240814,朝阳,常营,101125721502,常营管庄新天地五期东南两居室前后花园。,538万,55568元/平,中楼层 (共28层) | 2011年 | 2室1厅 | 96.82平米 | 东南,https://ke-image.ljcdn.com/110000-inspection/375583de-9e82-4bc9-9133-4209c0c53f40_1000.jpg!m_fill,w_280,h_210,f_jpg?from=ke.com
20240814,朝阳,常营,101125720186,万方家园 满五唯一 南北通透 2室1厅房主自荐,480万,52106元/平,底层 (共6层) 2室1厅 | 92.12平米 | 南 北,https://ke-image.ljcdn.com/110000-inspection/36d1c9d0-3fc4-4d6c-87d6-61705496a9cf_1000.jpg!m_fill,w_280,h_210,f_jpg?from=ke.com
20240814,朝阳,常营,101125720002,新上丽景园 南向一居室 商品房 满五年 诚心出售房主自荐,270万,48388元/平,高楼层 (共27层) | 2010年 | 1室1厅 | 55.8平米 | 东南,https://ke-image.ljcdn.com/110000-inspection/pc1_NIzoZluIw_1.jpg!m_fill,w_280,h_210,f_jpg?from=ke.com
20240814,朝阳,常营,101125717897,柏林爱乐 南向一居 满五唯一 诚意出售,360万,52486元/平,中楼层 (共15层) 1室1厅 | 68.59平米 | 南,https://ke-image.ljcdn.com/110000-inspection/0745da05-6c60-4eaf-9ac9-7cc631510698_1000.jpg!m_fill,w_280,h_210,f_jpg?from=ke.com
20240814,朝阳,常营,101125712351,六号线 常营商圈 正规南北向两居室 商品房,340万,48921元/平,高楼层 (共22层) | 2010年 | 2室1厅 | 69.5平米 | 南 北,https://ke-image.ljcdn.com/110000-inspection/pc1_ZVX0iVJ8j_1.jpg!m_fill,w_280,h_210,f_jpg?from=ke.com
20240814,朝阳,常营,101125703756,柏林爱乐二期 高楼层 采光好,199万,40423元/平,中楼层 (共21层) | 2005年 | 1室0厅 | 49.23平米 | 北,https://ke-image.ljcdn.com/110000-inspection/pc1_DMpKHaBLz_1.jpg!m_fill,w_280,h_210,f_jpg?from=ke.com
20240814,朝阳,常营,101125699328,满五唯一购房只有契税带阳台无遮挡视野开阔,265万,50757元/平,高楼层 (共10层) | 2007年 | 1室1厅 | 52.21平米 | 北,https://ke-image.ljcdn.com/110000-inspection/pc1_h5DZ4tEqM.jpg!m_fill,w_280,h_210,f_jpg?from=ke.com
20240814,朝阳,常营,101125681648,常营首付50万 精装修 一居   看房随时,278万,47175元/平,高楼层 (共22层) | 2007年 | 1室1厅 | 58.93平米 | 东 北,https://ke-image.ljcdn.com/110000-inspection/0d90efa2-661b-4773-bd3d-76699094cb36_1000.jpg!m_fill,w_280,h_210,f_jpg?from=ke.com
20240814,朝阳,常营,101125681279,富力阳光美园  高楼层视野好  全南两居,445万,50136元/平,中楼层 (共27层) | 2010年 | 2室2厅 | 88.76平米 | 南,https://ke-image.ljcdn.com/110000-inspection/7cc0bcea-ebad-44fa-98e8-5eb6985b31c0_1000.jpg!m_fill,w_280,h_210,f_jpg?from=ke.com
20240814,朝阳,常营,101125662812,南向 采光好  一居室   诚心出售,185万,37397元/平,底层 (共26层) | 2010年 | 1室1厅 | 49.47平米 | 南,https://ke-image.ljcdn.com/110000-inspection/pc1_Pd5RifPJJ_1.jpg!m_fill,w_280,h_210,f_jpg?from=ke.com
20240814,朝阳,常营,101125661562,精装修 2年 南北通透格局明厨明卫采光好房主自荐,500万,52721元/平,高楼层 (共10层) | 2006年 | 2室2厅 | 94.84平米 | 南 北,https://ke-image.ljcdn.com/110000-inspection/24765c55-2258-427a-b141-d6307144e5a5_1000.jpg!m_fill,w_280,h_210,f_jpg?from=ke.com
20240814,朝阳,常营,101125651805,全南两居室 采光充足 视野开阔 配套齐全,435万,51990元/平,中楼层 (共15层) | 2010年 | 2室1厅 | 83.67平米 | 南,https://ke-image.ljcdn.com/110000-inspection/023d725a-3372-4ed5-8d38-9349d2f826b9_1000.jpg!m_fill,w_280,h_210,f_jpg?from=ke.com
20240814,朝阳,常营,101125646866,柏林爱乐二期   西北两居室   诚心出售,460万,49010元/平,中楼层 (共22层) 2室1厅 | 93.86平米 | 西 北,https://ke-image.ljcdn.com/110000-inspection/pc1_LfR6V1xHz.jpg!m_fill,w_280,h_210,f_jpg?from=ke.com
20240814,朝阳,常营,101125620521,近地铁 满五唯一 正对花园 卫生间干湿分离房主自荐,315万,51929元/平,中楼层 (共28层) | 2008年 | 1室1厅 | 60.66平米 | 北,https://ke-image.ljcdn.com/110000-inspection/pc1_TL0iXkeSt.jpg!m_fill,w_280,h_210,f_jpg?from=ke.com
20240814,朝阳,常营,101125620278,南向格局带阳台中间楼层可观天街,238万,52000元/平,中楼层 (共23层) | 2010年 | 1室1厅 | 45.77平米 | 南,https://ke-image.ljcdn.com/110000-inspection/d303b784-9196-497b-beb4-ed6f4984a70a_1000.jpg!m_fill,w_280,h_210,f_jpg?from=ke.com
20240814,朝阳,常营,101125615562,南向中楼层一居室全天采光视野开阔,350万,50954元/平,中楼层 (共27层) | 2010年 | 1室1厅 | 68.69平米 | 南,https://ke-image.ljcdn.com/110000-inspection/pc1_5ahAWCvXx_2.jpg!m_fill,w_280,h_210,f_jpg?from=ke.com
20240814,朝阳,常营,101125596675,柏林爱乐四期 满五年唯一 南北通透 没有遮挡 精装,510万,54221元/平,高楼层 (共15层) | 2008年 | 2室1厅 | 94.06平米 | 南 北,https://ke-image.ljcdn.com/110000-inspection/a06ebfc5-2021-4e52-ab51-de667c343c34_1000.jpg!m_fill,w_280,h_210,f_jpg?from=ke.com
20240814,朝阳,常营,101125587346,刚需必备 柏林爱乐 满五唯一 诚意出售,345万,51393元/平,高楼层 (共11层) | 2007年 | 1室1厅 | 67.13平米 | 东,https://ke-image.ljcdn.com/110000-inspection/dc8f7fbc-28da-4e67-b72b-b7725992dbe6_1000.jpg!m_fill,w_280,h_210,f_jpg?from=ke.com
20240814,朝阳,常营,101125582098,户型方正 落地窗 采光好 近地铁6号 南北通透,380万,56230元/平,低楼层 (共15层) | 2008年 | 1室1厅 | 67.58平米 | 南 北,https://ke-image.ljcdn.com/110000-inspection/4c3b7e5a-bc64-4939-a424-6fc16939c7cc_1000.jpg!m_fill,w_280,h_210,f_jpg?from=ke.com
20240814,朝阳,常营,101125576163,采光充足 中楼层 视野宽阔 业主诚心出售 看房方便,678万,78021元/平,中楼层 (共26层) | 2015年 | 2室1厅 | 86.9平米 | 南,https://ke-image.ljcdn.com/110000-inspection/029bc87b-6704-4ccf-a4d9-95a0ee0b71df_1000.jpg!m_fill,w_280,h_210,f_jpg?from=ke.com
20240814,朝阳,常营,101125565897,六号线常营站 柏林爱乐三期 全南向正规大一居室,322万,51136元/平,高楼层 (共21层) | 2007年 | 1室1厅 | 62.97平米 | 南,https://ke-image.ljcdn.com/110000-inspection/0a66ddae-c689-4a44-8951-2f895f119092_1000.jpg!m_fill,w_280,h_210,f_jpg?from=ke.com
20240814,朝阳,常营,101125560884,满五年家庭唯一住房户型方正带电梯南北通透,430万,49792元/平,低楼层 (共27层) | 2010年 | 2室1厅 | 86.36平米 | 南 北,https://ke-image.ljcdn.com/110000-inspection/pc1_Aue3Q3nDR_2.jpg!m_fill,w_280,h_210,f_jpg?from=ke.com
20240814,朝阳,常营,101125554138,新天地板楼南向一居满五年唯一 视野无遮挡,399万,55180元/平,高楼层 (共15层) 1室1厅 | 72.31平米 | 南,https://ke-image.ljcdn.com/110000-inspection/pc1_mu3MqcefO_1.jpg!m_fill,w_280,h_210,f_jpg?from=ke.com
20240814,朝阳,常营,101125551688,保利嘉园一号院 看房有钥匙 满五一套,415万,46209元/平,高楼层 (共26层) | 2010年 | 2室1厅 | 89.81平米 | 西南,https://ke-image.ljcdn.com/110000-inspection/53e92f8b-c54a-46c7-b4a4-2f70a1bff85c_1000.jpg!m_fill,w_280,h_210,f_jpg?from=ke.com
20240814,朝阳,常营,101125529533,住欣家园 1室1厅 南,230万,46493元/平,低楼层 (共26层) | 2010年 | 1室1厅 | 49.47平米 | 南,https://ke-image.ljcdn.com/110000-inspection/pc1_OnwFNphQ4_1.jpg!m_fill,w_280,h_210,f_jpg?from=ke.com
20240814,朝阳,常营,101125510528,柏林爱乐二期 全南三居室 精装修 高楼层视野佳,535万,47965元/平,中楼层 (共24层) | 2007年 | 3室1厅 | 111.54平米 | 南,https://ke-image.ljcdn.com/110000-inspection/pc1_VBH3esizs_1.jpg!m_fill,w_280,h_210,f_jpg?from=ke.com
20240814,朝阳,常营,101125504755,常营民族家园 南北双通透两居,409万,42152元/平,低楼层 (共6层) 2室1厅 | 97.03平米 | 南 北,https://ke-image.ljcdn.com/110000-inspection/74eba24f-ba6c-4d3b-821c-7783af370e3d_1000.jpg!m_fill,w_280,h_210,f_jpg?from=ke.com
20240814,朝阳,常营,101125482260,万象新天四区 3室1厅 南 北,699万,54572元/平,高楼层 (共20层) | 2006年 | 3室1厅 | 128.09平米 | 南 北,https://ke-image.ljcdn.com/110000-inspection/pc1_CHXWIzMn4_1.jpg!m_fill,w_280,h_210,f_jpg?from=ke.com
20240814,朝阳,常营,101125474359,优点社区满五年唯一采光充足视野开阔交通便利,306万,37671元/平,顶层 (共6层) 2室2厅 | 81.23平米 | 东 西,https://ke-image.ljcdn.com/110000-inspection/8ecac1bf-b7da-4c58-a770-e73f80db686f_1000.jpg!m_fill,w_280,h_210,f_jpg?from=ke.com
20240814,朝阳,常营,101125471820,万象新天四区通透两居室  满五年唯一  诚意出售房主自荐,485万,62124元/平,中楼层 (共5层) 2室1厅 | 78.07平米 | 东 西,https://ke-image.ljcdn.com/110000-inspection/pc1_2gCodOvRO_1.jpg!m_fill,w_280,h_210,f_jpg?from=ke.com
20240814,朝阳,常营,101125463612,常营保利嘉园板楼两居采光充足配套齐全满五唯一,388万,46098元/平,顶层 (共11层) | 2010年 | 2室1厅 | 84.17平米 | 西南 北,https://ke-image.ljcdn.com/110000-inspection/pc1_LvtBTqSUo_1.jpg!m_fill,w_280,h_210,f_jpg?from=ke.com
20240814,朝阳,常营,101125463296,常营丽景园 新上正规南向三居室  6号线草房站,365万,40225元/平,低楼层 (共28层) | 2010年 | 3室1厅 | 90.74平米 | 南,https://ke-image.ljcdn.com/110000-inspection/pc1_pP3SxSyYU_1.jpg!m_fill,w_280,h_210,f_jpg?from=ke.com
20240814,朝阳,常营,101125448667,新上精装东南两居高原价精装修拎包住,340万,38619元/平,顶层 (共24层) | 2010年 | 2室1厅 | 88.04平米 | 东南,https://ke-image.ljcdn.com/110000-inspection/pc1_cpcElefAr_1.jpg!m_fill,w_280,h_210,f_jpg?from=ke.com
20240814,朝阳,常营,101125439881,富力阳光美园 精装西向两居楼层高视野好,395万,51594元/平,高楼层 (共27层) | 2010年 | 2室1厅 | 76.56平米 | 西,https://ke-image.ljcdn.com/110000-inspection/pc1_0bdGU9ahJ_2.jpg!m_fill,w_280,h_210,f_jpg?from=ke.com
20240814,朝阳,常营,101125426689,低层板楼全明格局随时可看满五唯一产权清晰。,628万,50917元/平,中楼层 (共5层) 3室2厅 | 123.34平米 | 南 北,https://ke-image.ljcdn.com/110000-inspection/pc1_mAwMXxKBi_2.jpg!m_fill,w_280,h_210,f_jpg?from=ke.com
20240814,朝阳,常营,101125418947,地铁6号线 正对花园满五唯一全南向中间位置不临街,519万,57002元/平,中楼层 (共27层) | 2010年 | 2室1厅 | 91.05平米 | 南,https://ke-image.ljcdn.com/110000-inspection/pc1_owavvsZQZ_1.jpg!m_fill,w_280,h_210,f_jpg?from=ke.com
20240814,朝阳,常营,101125411054,2020年社区 近地铁 电梯房 大门对着公园,470万,53574元/平,高楼层 (共9层) | 2020年 | 2室1厅 | 87.73平米 | 南,https://ke-image.ljcdn.com/110000-inspection/pc1_rOI6JmpOS.jpg!m_fill,w_280,h_210,f_jpg?from=ke.com
20240814,朝阳,常营,101125407913,北京新天地五期 2梯4户 高楼层 视野好 采光好房主自荐,330万,50793元/平,高楼层 (共28层) | 2011年 | 1室1厅 | 64.97平米 | 东,https://ke-image.ljcdn.com/110000-inspection/pc1_QKza3TLbN_1.jpg!m_fill,w_280,h_210,f_jpg?from=ke.com
20240814,朝阳,常营,101125404680,常楹公元正规三居南北通透明厨明卫,810万,83094元/平,中楼层 (共26层) | 2015年 | 3室1厅 | 97.48平米 | 南 北,https://ke-image.ljcdn.com/110000-inspection/d5dc94df-3eb9-408f-bac5-8142778a6fae_1000.jpg!m_fill,w_280,h_210,f_jpg?from=ke.com
20240814,朝阳,常营,101125398019,万象新天二区高楼层双通透满五唯一随时看,790万,55918元/平,高楼层 (共12层) 3室2厅 | 141.28平米 | 南 北,https://ke-image.ljcdn.com/110000-inspection/pc1_jSiO2At2R_1.jpg!m_fill,w_280,h_210,f_jpg?from=ke.com
20240814,朝阳,常营,101125387715,万象新天一区 南北通透三居室 户型方正 全明格局,679万,54914元/平,中楼层 (共6层) 3室2厅 | 123.65平米 | 南 北,https://ke-image.ljcdn.com/110000-inspection/pc1_8fPA2lLey.jpg!m_fill,w_280,h_210,f_jpg?from=ke.com
20240814,朝阳,常营,101125356183,常意路3号院 常楹公元 ...,560万,94277元/平,高楼层 (共25层) 1室1厅 | 59.4平米 | 南,https://ke-image.ljcdn.com/110000-inspection/3df61933-4cb0-42e0-9c1d-5b5e852c22d1_1000.jpg!m_fill,w_280,h_210,f_jpg?from=ke.com
20240814,朝阳,常营,101125348052,常楹公元南北通透三居 全明格局 户型方正  采光好,952万,77753元/平,低楼层 (共27层) 3室1厅 | 122.44平米 | 南 北,https://ke-image.ljcdn.com/110000-inspection/0ddf5e49-1188-4c49-b602-6276e5743ccd_1000.jpg!m_fill,w_280,h_210,f_jpg?from=ke.com
20240814,朝阳,常营,101125337438,地铁1号线  不临街 精装修 南向 两室,510万,54511元/平,中楼层 (共28层) | 2008年 | 2室1厅 | 93.56平米 | 南,https://ke-image.ljcdn.com/110000-inspection/pc1_VPFFp6WIl.jpg!m_fill,w_280,h_210,f_jpg?from=ke.com
20240814,朝阳,常营,101125333040,精装修可拎包入住全明格局满五年唯一诚意出售,475万,54630元/平,中楼层 (共5层) | 2005年 | 2室2厅 | 86.95平米 | 东 西,https://ke-image.ljcdn.com/110000-inspection/pc1_EVRt3eCDc_2.jpg!m_fill,w_280,h_210,f_jpg?from=ke.com
20240814,朝阳,常营,101125332683,北辰福第中区 满唯一 不临街 视野开阔 采光充足,426万,50860元/平,中楼层 (共20层) 2室1厅 | 83.76平米 | 南,https://ke-image.ljcdn.com/110000-inspection/pc1_A3jyhFaq4_1.jpg!m_fill,w_280,h_210,f_jpg?from=ke.com
20240814,朝阳,常营,101125322943,长楹天街东区精装修三居 空房 无遮挡 业主诚心出售,898万,63522元/平,低楼层 (共18层) 3室2厅 | 141.37平米 | 南 北,https://ke-image.ljcdn.com/110000-inspection/c0232b96-a2a8-4965-bfdf-9d0841e3ff3c_1000.jpg!m_fill,w_280,h_210,f_jpg?from=ke.com
20240814,朝阳,常营,101125314052,北京新天地二期 满五年只有契税 中楼层方正北向一居,269万,43165元/平,低楼层 (共15层) 1室1厅 | 62.32平米 | 北,https://ke-image.ljcdn.com/110000-inspection/pc1_DITngGxI3_1.jpg!m_fill,w_280,h_210,f_jpg?from=ke.com
20240814,朝阳,常营,101125302792,柏林爱乐二期 一梯两户 板楼 总高11层,320万,49814元/平,中楼层 (共11层) | 2004年 | 1室1厅 | 64.24平米 | 东 西,https://ke-image.ljcdn.com/110000-inspection/996f0b7a-bdba-4603-91b6-1bdfef2fc4ba_1000.jpg!m_fill,w_280,h_210,f_jpg?from=ke.com
20240814,朝阳,常营,101125291797,柏林爱乐二期 全南向大两居 全明格局 满五年唯一,548万,48947元/平,高楼层 (共22层) | 2007年 | 2室1厅 | 111.96平米 | 南,https://ke-image.ljcdn.com/110000-inspection/pc1_tFzs1f0KO.jpg!m_fill,w_280,h_210,f_jpg?from=ke.com
20240814,朝阳,常营,101125287190,常营丽景园 56平米全南大一居室 紧俏户型,220万,39230元/平,高楼层 (共22层) | 2010年 | 1室1厅 | 56.08平米 | 南 北,https://ke-image.ljcdn.com/110000-inspection/pc1_GWSyDNAKA_2.jpg!m_fill,w_280,h_210,f_jpg?from=ke.com
20240814,朝阳,常营,101125286548,新上大一居客厅大大落地窗不临街诚意出售！,310万,45019元/平,低楼层 (共28层) | 2009年 | 1室1厅 | 68.86平米 | 东北,https://ke-image.ljcdn.com/110000-inspection/pc1_CXSPa2D6W_1.jpg!m_fill,w_280,h_210,f_jpg?from=ke.com
20240814,朝阳,常营,101125280892,北京新天地四期 中间层 正对花园 安静,455万,49624元/平,低楼层 (共26层) | 2009年 | 2室1厅 | 91.69平米 | 南,https://ke-image.ljcdn.com/110000-inspection/pc1_4d4ayUSa6_2.jpg!m_fill,w_280,h_210,f_jpg?from=ke.com
20240814,朝阳,常营,101125258660,柏林爱乐四期南北通透两居卧室采光好格局方正舒适房主自荐,520万,55586元/平,高楼层 (共21层) 2室1厅 | 93.55平米 | 南 北,https://ke-image.ljcdn.com/110000-inspection/a84f06b5-4cbc-40d3-a791-6ea85d56ad1d_1000.jpg!m_fill,w_280,h_210,f_jpg?from=ke.com
20240814,朝阳,常营,101125254938,地铁六号三居 满五年唯一 板楼三居精装修 龙湖天街房主自荐,725万,50689元/平,底层 (共15层) | 2009年 | 3室2厅 | 143.03平米 | 南 北,https://ke-image.ljcdn.com/110000-inspection/pc1_yoy0aQQrH_2.jpg!m_fill,w_280,h_210,f_jpg?from=ke.com
20240814,朝阳,常营,101125234051,首付65万 业主诚意出售 采光视野好 随时可签,238万,35006元/平,高楼层 (共28层) | 2010年 | 2室1厅 | 67.99平米 | 西南,https://ke-image.ljcdn.com/110000-inspection/03fe234f-91be-4fa9-9b74-d8e1c8f38713_1000.jpg!m_fill,w_280,h_210,f_jpg?from=ke.com
20240814,朝阳,常营,101125229524,住欣家园 2室1厅 西南,320万,46438元/平,低楼层 (共26层) | 2010年 | 2室1厅 | 68.91平米 | 西南,https://ke-image.ljcdn.com/110000-inspection/pc1_OpQF5yco9.jpg!m_fill,w_280,h_210,f_jpg?from=ke.com
20240814,朝阳,常营,101125228022,柏林爱乐一居室 装修干净业主诚心出售交通方便,338万,50531元/平,低楼层 (共11层) | 2007年 | 1室1厅 | 66.89平米 | 西,https://ke-image.ljcdn.com/110000-inspection/dac5afed-5806-48af-a124-09eb99e5ae77_1000.jpg!m_fill,w_280,h_210,f_jpg?from=ke.com
20240814,朝阳,常营,101125225108,北京新天地三期满五年唯一 精装修高楼层大窗西南两居,528万,56616元/平,中楼层 (共28层) | 2009年 | 2室1厅 | 93.26平米 | 西南,https://ke-image.ljcdn.com/110000-inspection/b23577eb-2631-4214-ae3f-94253e76d396_1000.jpg!m_fill,w_280,h_210,f_jpg?from=ke.com
20240814,朝阳,常营,101125217834,地铁6号线1号线首付60万无遮挡正对花园,310万,47700元/平,低楼层 (共28层) | 2007年 | 1室2厅 | 64.99平米 | 西北,https://ke-image.ljcdn.com/110000-inspection/a41e403e-eafd-483b-8914-d2c5ac6814d6_1000.jpg!m_fill,w_280,h_210,f_jpg?from=ke.com
20240814,朝阳,常营,101125216263,柏林爱乐四期南北通透两居室   高楼层视野,458万,48466元/平,顶层 (共15层) | 2008年 | 2室2厅 | 94.5平米 | 南 北,https://ke-image.ljcdn.com/110000-inspection/pc1_B5jnZPqfz.jpg!m_fill,w_280,h_210,f_jpg?from=ke.com
20240814,朝阳,常营,101125211809,阳光美园格局好南向一居采光好,350万,51006元/平,中楼层 (共27层) | 2010年 | 1室1厅 | 68.62平米 | 南,https://ke-image.ljcdn.com/110000-inspection/cdbecba6-ec4d-413a-8943-61e31ce27768_1000.jpg!m_fill,w_280,h_210,f_jpg?from=ke.com
20240814,朝阳,常营,101125208984,富力阳光美园 全南大两居户型方正,409万,45894元/平,底层 (共20层) | 2010年 | 2室1厅 | 89.12平米 | 南,https://ke-image.ljcdn.com/110000-inspection/pc1_2ceC53Lrj_1.jpg!m_fill,w_280,h_210,f_jpg?from=ke.com
20240814,朝阳,常营,101125203084,北京新天地三期 1室1厅 西北,386万,56040元/平,高楼层 (共28层) | 2009年 | 1室1厅 | 68.88平米 | 西北,https://ke-image.ljcdn.com/110000-inspection/fea36e3a-d8f8-47dd-b054-d21ce785d576_1000.jpg!m_fill,w_280,h_210,f_jpg?from=ke.com
20240814,朝阳,常营,101125201956,柏林爱乐二期 东南向正规两居室 方便看房,458万,46965元/平,低楼层 (共21层) | 2005年 | 2室1厅 | 97.52平米 | 东南,https://ke-image.ljcdn.com/110000-inspection/pc1_Aw17UZVFa.jpg!m_fill,w_280,h_210,f_jpg?from=ke.com
20240814,朝阳,常营,101125189185,不临街方正一居 满五唯一 诚心出售 无抵押无户口,272万,43660元/平,低楼层 (共27层) | 2010年 | 1室1厅 | 62.3平米 | 北,https://ke-image.ljcdn.com/110000-inspection/pc1_lZ3lNKDRi_1.jpg!m_fill,w_280,h_210,f_jpg?from=ke.com
20240814,朝阳,常营,101125166829,满五年唯一住房南向居室不临街诚意出售,399万,48358元/平,高楼层 (共27层) | 2010年 | 2室1厅 | 82.51平米 | 南,https://ke-image.ljcdn.com/110000-inspection/ef78cdb9-c1c0-44b5-818c-2a370ebd51b4_1000.jpg!m_fill,w_280,h_210,f_jpg?from=ke.com
20240814,朝阳,常营,101125165211,柏林爱乐四期 南北通透四居三卫 三面朝南 精装高层,1166万,54753元/平,高楼层 (共13层) 4室2厅 | 212.96平米 | 南 北,https://ke-image.ljcdn.com/110000-inspection/pc1_uS7NrvK8u.jpg!m_fill,w_280,h_210,f_jpg?from=ke.com
20240814,朝阳,常营,101125164674,北京新天地三期南北两居室看房方便前后花园。,460万,51254元/平,低楼层 (共28层) | 2009年 | 2室2厅 | 89.75平米 | 南 北,https://ke-image.ljcdn.com/110000-inspection/b4acac59-0ddf-4d7f-8c3c-b96eb27bbddf_1000.jpg!m_fill,w_280,h_210,f_jpg?from=ke.com
20240814,朝阳,常营,101125163560,此房满五年 业主诚意出售 采光视野好 随时可签,310万,35033元/平,低楼层 (共28层) | 2010年 | 3室1厅 | 88.49平米 | 东 北,https://ke-image.ljcdn.com/110000-inspection/1906ffeb-1beb-4491-b653-3286d2865005_1000.jpg!m_fill,w_280,h_210,f_jpg?from=ke.com
20240814,朝阳,常营,101125146643,苹果派 近地铁中间层 精装修 满五唯一视野开阔,258万,49616元/平,中楼层 (共12层) | 2007年 | 1室1厅 | 52平米 | 北,https://ke-image.ljcdn.com/110000-inspection/6582de19-80cc-4e5e-a780-dae993704abd_1000.jpg!m_fill,w_280,h_210,f_jpg?from=ke.com
20240814,朝阳,常营,101125143382,柏林爱乐二期塔楼大两居朝南户型,518万,51456元/平,高楼层 (共22层) | 2005年 | 2室1厅 | 100.67平米 | 南,https://ke-image.ljcdn.com/110000-inspection/064e2b15-f622-4b1b-ab4c-4c96c122489d_1000.jpg!m_fill,w_280,h_210,f_jpg?from=ke.com
20240814,朝阳,常营,101125138727,柏林爱乐四期 南北通透 满五唯一 诚意出售,495万,52604元/平,低楼层 (共15层) | 2008年 | 2室1厅 | 94.1平米 | 南 北,https://ke-image.ljcdn.com/110000-inspection/2aad2860-cdaf-40be-b475-02b8b14ee51e_1000.jpg!m_fill,w_280,h_210,f_jpg?from=ke.com
20240814,朝阳,常营,101125131104,南北通透板楼带电梯一梯两户小区近地铁近公,410万,44804元/平,中楼层 (共6层) 2室1厅 | 91.51平米 | 南 北,https://ke-image.ljcdn.com/110000-inspection/ad17637f-c6ae-41ed-bf1c-0ffb0992cdb9_1000.jpg!m_fill,w_280,h_210,f_jpg?from=ke.com
20240814,朝阳,常营,101125114874,阳光美园正规南北通透两居室通风效果好,388万,43606元/平,底层 (共20层) | 2010年 | 2室1厅 | 88.98平米 | 南 北,https://ke-image.ljcdn.com/110000-inspection/8ee19472-42ea-4c71-9a93-0d1c2b2ebb23_1000.jpg!m_fill,w_280,h_210,f_jpg?from=ke.com
20240814,朝阳,常营,101125111685,西军庄 2室1厅 南 北,400万,39604元/平,中楼层 (共6层) 2室1厅 | 101平米 | 南 北,https://ke-image.ljcdn.com/110000-inspection/e2bbb436-c874-4e0b-a757-85c076d80d97_1000.jpg!m_fill,w_280,h_210,f_jpg?from=ke.com
20240814,朝阳,常营,101125102853,万象新天四区满五年唯一东西方正两居室,518万,66770元/平,顶层 (共4层) 2室2厅 | 77.58平米 | 东 西,https://ke-image.ljcdn.com/110000-inspection/f5337416-7ea4-4010-8fbd-d825c0a0bb92_1000.jpg!m_fill,w_280,h_210,f_jpg?from=ke.com
20240814,朝阳,常营,101125098383,水系环绕楼间距大视野采光好户型方正,485万,54470元/平,高楼层 (共27层) 2室1厅 | 89.04平米 | 西北,https://ke-image.ljcdn.com/110000-inspection/9d6f12f3-bd8e-4673-8e1e-eb343ceb080f_1000.jpg!m_fill,w_280,h_210,f_jpg?from=ke.com
20240814,朝阳,常营,101125076340,管庄常营北京新天地三期南向两居室。,489万,52061元/平,中楼层 (共28层) | 2009年 | 2室2厅 | 93.93平米 | 南,https://ke-image.ljcdn.com/110000-inspection/1fb35d43-92a3-4ea3-996f-2e27af7fe3df_1000.jpg!m_fill,w_280,h_210,f_jpg?from=ke.com
20240814,朝阳,常营,101125063163,住欣家园 1室1厅 南,235万,47399元/平,底层 (共26层) | 2010年 | 1室1厅 | 49.58平米 | 南,https://ke-image.ljcdn.com/110000-inspection/pc1_wStfsgVYF_1.jpg!m_fill,w_280,h_210,f_jpg?from=ke.com
20240814,朝阳,常营,101125027081,万象新天天际高尔夫 高楼层 南北四居 婚房装修,1200万,54025元/平,高楼层 (共18层) 4室2厅 | 222.12平米 | 南 西 北,https://ke-image.ljcdn.com/110000-inspection/8beaa2a4-28bb-4cd1-bf6d-f4332bb30071_1000.jpg!m_fill,w_280,h_210,f_jpg?from=ke.com
20240814,朝阳,常营,101125021099,富力阳光美园 正规三居 精装修 高楼层,430万,47943元/平,高楼层 (共27层) | 2010年 | 3室1厅 | 89.69平米 | 西北,https://ke-image.ljcdn.com/110000-inspection/1f686228-c627-4990-9410-7e8e1bbbd7b8_1000.jpg!m_fill,w_280,h_210,f_jpg?from=ke.com
20240814,朝阳,常营,101125001537,苹果派地铁6号线黄渠站满五唯一高楼层视野好,190万,50093元/平,高楼层 (共12层) 1室0厅 | 37.93平米 | 北,https://ke-image.ljcdn.com/110000-inspection/3de1a8c3-e86e-4c7e-a38f-4da515c86a66_1000.jpg!m_fill,w_280,h_210,f_jpg?from=ke.com
20240814,朝阳,常营,101124995521,常营丽景园  东向一居室 商品房房主自荐,226万,47301元/平,中楼层 (共28层) | 2010年 | 1室1厅 | 47.78平米 | 东,https://ke-image.ljcdn.com/110000-inspection/pc1_Uc5Z98mH2_2.jpg!m_fill,w_280,h_210,f_jpg?from=ke.com
20240814,朝阳,常营,101124993691,柏林爱乐二期12号楼东西通透一居室,349万,54506元/平,中楼层 (共11层) | 2002年 | 1室1厅 | 64.03平米 | 东 西,https://ke-image.ljcdn.com/110000-inspection/0ca3c974-0bd6-44b6-8a26-7630d96dcc24_1000.jpg!m_fill,w_280,h_210,f_jpg?from=ke.com
20240814,朝阳,常营,101124984821,板楼西向大厨房一居室  满五年唯一 看房随时,255万,54851元/平,中楼层 (共11层) | 2004年 | 1室1厅 | 46.49平米 | 西,https://ke-image.ljcdn.com/110000-inspection/pc1_5tEobxTWx.jpg!m_fill,w_280,h_210,f_jpg?from=ke.com
20240814,朝阳,常营,101124974039,北京新天地三期 2室2厅 南,480万,51102元/平,高楼层 (共28层) | 2009年 | 2室2厅 | 93.93平米 | 南,https://ke-image.ljcdn.com/110000-inspection/a84de16f-aa71-4c9a-b449-6806886d052f_1000.jpg!m_fill,w_280,h_210,f_jpg?from=ke.com
20240814,朝阳,常营,101124964332,万象新天东区 精装一居室 高楼层视野好 近地铁,366万,55321元/平,中楼层 (共18层) | 2005年 | 1室1厅 | 66.16平米 | 西北,https://ke-image.ljcdn.com/110000-inspection/2434dec9-cebe-45de-b904-3643ae19aff9_1000.jpg!m_fill,w_280,h_210,f_jpg?from=ke.com
20240814,朝阳,常营,101124948733,保利嘉园三号院 2室1厅 西南,412万,46137元/平,低楼层 (共29层) | 2010年 | 2室1厅 | 89.3平米 | 西南,https://ke-image.ljcdn.com/110000-inspection/db2667d9-3923-42fa-804a-59aae58f7113_1000.jpg!m_fill,w_280,h_210,f_jpg?from=ke.com
20240814,朝阳,常营,101124945084,朝青知筑 2021年建成 近六号线,900万,74381元/平,底层 (共18层) 2室2厅 | 121平米 | 南 北,https://ke-image.ljcdn.com/110000-inspection/d801c73e-fe1b-497d-9fcd-191392fa91ea_1000.jpg!m_fill,w_280,h_210,f_jpg?from=ke.com
20240814,朝阳,常营,101124919258,店长；常营新天地板楼两居室总高15层不临街,520万,50624元/平,高楼层 (共15层) 2室1厅 | 102.72平米 | 南,https://ke-image.ljcdn.com/110000-inspection/e42000ce-656d-4320-9a0f-e9101e02c971_1000.jpg!m_fill,w_280,h_210,f_jpg?from=ke.com
20240814,朝阳,常营,101124910991,六号线常营站 柏林爱乐四期 户型方正 小两居,318万,47456元/平,低楼层 (共11层) | 2008年 | 2室1厅 | 67.01平米 | 西,https://ke-image.ljcdn.com/110000-inspection/7c10fcad-66d5-49c8-a268-3e8bef0a5353_1000.jpg!m_fill,w_280,h_210,f_jpg?from=ke.com
20240814,朝阳,常营,101124900464,北京新天地二期 南向 一室一厅 不临街 近地铁房主自荐,370万,52903元/平,高楼层 (共28层) 1室1厅 | 69.94平米 | 南,https://ke-image.ljcdn.com/110000-inspection/pc1_kefDQ6WkN.jpg!m_fill,w_280,h_210,f_jpg?from=ke.com
20240814,朝阳,常营,101124880830,满五年唯一不临街方便看一梯两户,295万,45546元/平,低楼层 (共28层) | 2007年 | 1室2厅 | 64.77平米 | 北,https://ke-image.ljcdn.com/110000-inspection/pc1_NDaugJHIG.jpg!m_fill,w_280,h_210,f_jpg?from=ke.com
20240814,朝阳,常营,101124873767,金隅丽景园 精装修东向一居室 商品房诚心出售。,223万,44726元/平,低楼层 (共28层) | 2010年 | 1室1厅 | 49.86平米 | 东,https://ke-image.ljcdn.com/110000-inspection/b8264bbf-da57-42f8-9ca6-9885f0735e0c_1000.jpg!m_fill,w_280,h_210,f_jpg?from=ke.com
20240814,朝阳,常营,101124869945,柏林爱乐三期南北通透小两居小区中间位置 安静采光好房主自荐,320万,53219元/平,低楼层 (共8层) 1室1厅 | 60.13平米 | 南 北,https://ke-image.ljcdn.com/110000-inspection/bb51657e-c5a7-40ae-9f50-3d248bfcbee0_1000.jpg!m_fill,w_280,h_210,f_jpg?from=ke.com
20240814,朝阳,常营,101124868359,管庄北二里 2室1厅 南房主自荐,379万,52004元/平,低楼层 (共28层) | 2013年 | 2室1厅 | 72.88平米 | 南,https://ke-image.ljcdn.com/110000-inspection/aa1e9990-a1cb-4c84-9066-0c87b5a13d80_1000.jpg!m_fill,w_280,h_210,f_jpg?from=ke.com
20240814,朝阳,常营,101124858695,新上正规三居室 6号线草房站 满五唯一 诚心出售,360万,39114元/平,中楼层 (共27层) | 2010年 | 3室1厅 | 92.04平米 | 南,https://ke-image.ljcdn.com/110000-inspection/60c533d7-64b5-4c65-a12d-bd2ca3f9703b_1000.jpg!m_fill,w_280,h_210,f_jpg?from=ke.com
20240814,朝阳,常营,101124848956,70年商品住房地下室可公积金贷款,100万,17174元/平,地下室 (共10层) | 2007年 | 1室1厅 | 58.23平米 | 北,https://ke-image.ljcdn.com/110000-inspection/c2960817-6fc0-497c-9c18-8ea074240249_1000.jpg!m_fill,w_280,h_210,f_jpg?from=ke.com
20240814,朝阳,常营,101124843391,北京新天地二期 3室2厅 南 北,747万,54111元/平,高楼层 (共15层) 3室2厅 | 138.05平米 | 南 北,https://ke-image.ljcdn.com/110000-inspection/9fff45f4-9cf8-4418-b311-96655026779a_1000.jpg!m_fill,w_280,h_210,f_jpg?from=ke.com
20240814,朝阳,常营,101124825161,柏林爱乐三期满五年唯一精装修南北通透采光,518万,54688元/平,中楼层 (共15层) 2室1厅 | 94.72平米 | 南 北,https://ke-image.ljcdn.com/110000-inspection/7848b517-7075-4568-a1f4-1138ed2376b5_1000.jpg!m_fill,w_280,h_210,f_jpg?from=ke.com
20240814,朝阳,常营,101124815078,店长：常营天街新天地板楼两居室 不临街,416万,44473元/平,底层 (共28层) | 2011年 | 2室1厅 | 93.54平米 | 南,https://ke-image.ljcdn.com/110000-inspection/c0509363-37bc-4049-94ed-fccd83adc677_1000.jpg!m_fill,w_280,h_210,f_jpg?from=ke.com
20240814,朝阳,常营,101124806527,富力阳光美园方正西南三居视野好临地铁周边龙湖天街,500万,56748元/平,高楼层 (共27层) | 2010年 | 3室1厅 | 88.11平米 | 西南,https://ke-image.ljcdn.com/110000-inspection/745ce3a3-05b6-4f03-822f-7a86b1e030c3_1000.jpg!m_fill,w_280,h_210,f_jpg?from=ke.com
20240814,朝阳,常营,101124798042,柏林爱乐二期东西正规一居室满五年唯一楼层视野好,320万,54898元/平,高楼层 (共11层) | 2004年 | 1室1厅 | 58.29平米 | 东 西,https://ke-image.ljcdn.com/110000-inspection/pc1_T1aJEMPEH.jpg!m_fill,w_280,h_210,f_jpg?from=ke.com
20240814,朝阳,常营,101124790330,70年大产权商品房 地下室 户型方正 小区环境好,90万,19289元/平,地下室 (共12层) | 2010年 | 1室1厅 | 46.66平米 | 北,https://ke-image.ljcdn.com/110000-inspection/pc1_7X9eVSC42.jpg!m_fill,w_280,h_210,f_jpg?from=ke.com
20240814,朝阳,常营,101124783099,满五唯一商品房 南北双通透大三居 位置好 安静舒适,720万,51591元/平,低楼层 (共28层) 3室2厅 | 139.56平米 | 南 北,https://ke-image.ljcdn.com/110000-inspection/pc1_zUuIGdZ9o.jpg!m_fill,w_280,h_210,f_jpg?from=ke.com
20240814,朝阳,常营,101124769887,小区环境好 商品房小区 生活方便 看房随时有钥匙,360万,58978元/平,中楼层 (共28层) 1室1厅 | 61.04平米 | 东北,https://ke-image.ljcdn.com/110000-inspection/pc1_f7NqWx5zJ_1.jpg!m_fill,w_280,h_210,f_jpg?from=ke.com
20240814,朝阳,常营,101124767038,北辰福第中区全南两居室业主诚售满五唯一,435万,51997元/平,低楼层 (共27层) 2室1厅 | 83.66平米 | 南,https://ke-image.ljcdn.com/110000-inspection/e1c857fc-f953-404f-a495-4380f111e533_1000.jpg!m_fill,w_280,h_210,f_jpg?from=ke.com
20240814,朝阳,常营,101124760236,北京新天地五期新房西向一居户型方正,318万,51607元/平,中楼层 (共27层) | 2011年 | 1室1厅 | 61.62平米 | 西,https://ke-image.ljcdn.com/110000-inspection/pc1_RQibFyfM1.jpg!m_fill,w_280,h_210,f_jpg?from=ke.com
20240814,朝阳,常营,101124753103,柏林爱乐二期 2室1厅 西北,505万,45993元/平,中楼层 (共22层) | 2004年 | 2室1厅 | 109.8平米 | 西北,https://ke-image.ljcdn.com/110000-inspection/pc1_eNhJfR82s.jpg!m_fill,w_280,h_210,f_jpg?from=ke.com
20240814,朝阳,常营,101124713624,北辰福第六号院南向满五唯一商品房,255万,55714元/平,低楼层 (共23层) | 2010年 | 1室1厅 | 45.77平米 | 南,https://ke-image.ljcdn.com/110000-inspection/pc1_Qc6l5mh0n_1.jpg!m_fill,w_280,h_210,f_jpg?from=ke.com
20240814,朝阳,常营,101124693920,万象新天四区 1室1厅 东 北,388万,57851元/平,高楼层 (共20层) | 2006年 | 1室1厅 | 67.07平米 | 东 北,https://ke-image.ljcdn.com/110000-inspection/pc1_wJoCRHhED_2.jpg!m_fill,w_280,h_210,f_jpg?from=ke.com
20240814,朝阳,常营,101124686329,北京新天地二期 不临街中楼层 精装修拎包入住的南向,545万,52836元/平,低楼层 (共28层) | 2008年 | 2室1厅 | 103.15平米 | 南,https://ke-image.ljcdn.com/110000-inspection/pc1_gmjFXOcyK.jpg!m_fill,w_280,h_210,f_jpg?from=ke.com
20240814,朝阳,常营,101124647914,精装修不临街  楼下花园水系  诚心出售看房随时,449万,57038元/平,顶层 (共26层) 1室2厅 | 78.72平米 | 南,https://ke-image.ljcdn.com/110000-inspection/pc1_VR1J4DQyU.jpg!m_fill,w_280,h_210,f_jpg?from=ke.com
20240814,朝阳,常营,101124632622,北京新天地一期 业主自己住 看房方便 随时配合,528万,52092元/平,中楼层 (共28层) 2室1厅 | 101.36平米 | 南,https://ke-image.ljcdn.com/110000-inspection/pc1_b47QvBdsX.jpg!m_fill,w_280,h_210,f_jpg?from=ke.com
20240814,朝阳,常营,101124623171,万象新天罗兰大道 南北通透2+1户型 满五唯一,665万,54661元/平,底层 (共14层) 2室2厅 | 121.66平米 | 南 北,https://ke-image.ljcdn.com/110000-inspection/6bd1fd97-5253-4435-937d-bb4e63b2c1d5_1000.jpg!m_fill,w_280,h_210,f_jpg?from=ke.com
20240814,朝阳,常营,101124623039,柏林爱乐三期 精装修 满五唯一 临地铁 看房方便,520万,55173元/平,高楼层 (共15层) 2室1厅 | 94.25平米 | 南 北,https://ke-image.ljcdn.com/110000-inspection/3fcc1566-6b43-4c19-b148-83a888063167_1000.jpg!m_fill,w_280,h_210,f_jpg?from=ke.com
20240814,朝阳,常营,101124613464,三阳开泰大三居高楼层不临街南北通业主自住装修房主自荐,779万,51651元/平,高楼层 (共27层) | 2013年 | 3室2厅 | 150.82平米 | 南 北,https://ke-image.ljcdn.com/110000-inspection/pc1_xkZvpH7Uq.jpg!m_fill,w_280,h_210,f_jpg?from=ke.com
20240814,朝阳,常营,101124605715,万象新天天际高尔夫 3室1厅 南 北,820万,57056元/平,中楼层 (共8层) 3室1厅 | 143.72平米 | 南 北,https://ke-image.ljcdn.com/110000-inspection/pc1_1yVD444e7.jpg!m_fill,w_280,h_210,f_jpg?from=ke.com
20240814,朝阳,常营,101124604887,北京新天地五期 满五唯一 精装修 不临街房主自荐,309万,50631元/平,低楼层 (共28层) | 2011年 | 1室1厅 | 61.03平米 | 北,https://ke-image.ljcdn.com/110000-inspection/325e52f2-d8de-4969-a8ec-8724b819c599_1000.jpg!m_fill,w_280,h_210,f_jpg?from=ke.com
20240814,朝阳,常营,101124594272,南北通透一居商品房无遮挡满五唯一,315万,49740元/平,低楼层 (共27层) | 2010年 | 1室1厅 | 63.33平米 | 南 北,https://ke-image.ljcdn.com/110000-inspection/pc1_EJNXM2weH.jpg!m_fill,w_280,h_210,f_jpg?from=ke.com
20240814,朝阳,常营,101124576569,朝青知筑 3室2厅 南,1118万,80121元/平,低楼层 (共18层) 3室2厅 | 139.54平米 | 南,https://ke-image.ljcdn.com/110000-inspection/pc1_453CFv9zS.jpg!m_fill,w_280,h_210,f_jpg?from=ke.com
20240814,朝阳,常营,101124565611,业主靠谱出售采光无遮挡看房随时,411万,46025元/平,低楼层 (共29层) | 2010年 | 2室1厅 | 89.3平米 | 东南,https://ke-image.ljcdn.com/110000-inspection/pc1_vCG0AsnPH_1.jpg!m_fill,w_280,h_210,f_jpg?from=ke.com
20240814,朝阳,常营,101124563841,住欣家园 3室1厅 东 北,300万,33864元/平,中楼层 (共28层) | 2010年 | 3室1厅 | 88.59平米 | 东 北,https://ke-image.ljcdn.com/110000-inspection/pc1_JWPFKi2w0_1.jpg!m_fill,w_280,h_210,f_jpg?from=ke.com
20240814,朝阳,常营,101124549380,金隅丽景园 1室1厅 西南,200万,41859元/平,中楼层 (共28层) | 2009年 | 1室1厅 | 47.78平米 | 西南,https://ke-image.ljcdn.com/110000-inspection/45ad1aa1-4c7e-4cee-9c34-0f5424c6a5ee_1000.jpg!m_fill,w_280,h_210,f_jpg?from=ke.com
20240814,朝阳,常营,101124546085,万象新天四区 满五唯一大两居  小板楼 大客厅房主自荐,450万,52948元/平,顶层 (共4层) 2室1厅 | 84.99平米 | 东 南 北,https://ke-image.ljcdn.com/110000-inspection/d3f84daa-3161-4d25-9cca-f698704077d9_1000.jpg!m_fill,w_280,h_210,f_jpg?from=ke.com
20240814,朝阳,常营,101124514223,北京新天地五期 通透三居 格局方正,679万,48483元/平,低楼层 (共27层) | 2011年 | 3室2厅 | 140.05平米 | 南 北,https://ke-image.ljcdn.com/110000-inspection/8065eec4-0dc2-4b65-b9b4-2846516ff6f1_1000.jpg!m_fill,w_280,h_210,f_jpg?from=ke.com
20240814,朝阳,常营,101124509470,北京新天地 朝阳路7号院 商品房社区 全南两居,499万,48922元/平,高楼层 (共28层) | 2008年 | 2室2厅 | 102平米 | 南,https://ke-image.ljcdn.com/110000-inspection/pc1_gQJq5Xi2t.jpg!m_fill,w_280,h_210,f_jpg?from=ke.com
20240814,朝阳,常营,101124508204,地铁1号线 6号线  落地窗 首付60万 正对花园,305万,46931元/平,中楼层 (共28层) | 2007年 | 1室1厅 | 64.99平米 | 东 东北,https://ke-image.ljcdn.com/110000-inspection/pc1_AKbsKWHzg.jpg!m_fill,w_280,h_210,f_jpg?from=ke.com
20240814,朝阳,常营,101124497436,北京新天地三期 居家装修 精装修 随时可以看,310万,47300元/平,中楼层 (共28层) | 2009年 | 1室1厅 | 65.54平米 | 北,https://ke-image.ljcdn.com/110000-inspection/pc1_N8wQfzzY5.jpg!m_fill,w_280,h_210,f_jpg?from=ke.com
20240814,朝阳,常营,101124493001,正规全南两居室楼层合适居住舒适视野开阔,495万,52930元/平,低楼层 (共28层) | 2008年 | 2室2厅 | 93.52平米 | 南,https://ke-image.ljcdn.com/110000-inspection/pc1_vef1DG55q.jpg!m_fill,w_280,h_210,f_jpg?from=ke.com
20240814,朝阳,常营,101124490665,住欣家园 1室1厅 西,239万,48225元/平,低楼层 (共28层) | 2010年 | 1室1厅 | 49.56平米 | 西,https://ke-image.ljcdn.com/110000-inspection/pc1_6Vv2nj3hq.jpg!m_fill,w_280,h_210,f_jpg?from=ke.com
20240814,朝阳,常营,101124476002,北京新天地一期 南北三居室 业主自己住 看房方便,757万,54242元/平,高楼层 (共28层) 3室2厅 | 139.56平米 | 南 北,https://ke-image.ljcdn.com/110000-inspection/fdf0405b-9264-4d7f-a617-ff6d21b0a41f_1000.jpg!m_fill,w_280,h_210,f_jpg?from=ke.com
20240814,朝阳,常营,101124450831,住欣家园 中间楼层一居室  近地铁 商品房房主自荐,225万,45400元/平,中楼层 (共28层) | 2010年 | 1室1厅 | 49.56平米 | 东南,https://ke-image.ljcdn.com/110000-inspection/6b959d17-d66f-4be8-a746-9c79d69111f2_1000.jpg!m_fill,w_280,h_210,f_jpg?from=ke.com
20240814,朝阳,常营,101124448723,中间层南向2006年钢混公积金可贷30年纯商品社区,199万,46366元/平,高楼层 (共6层) 1室1厅 | 42.92平米 | 南,https://ke-image.ljcdn.com/110000-inspection/61982b15-d85e-4ee1-9553-d601ec676c05_1000.jpg!m_fill,w_280,h_210,f_jpg?from=ke.com
20240814,朝阳,常营,101124443459,苹果派 小户型 正规一居 满五唯一,252万,48593元/平,底层 (共12层) | 2007年 | 1室1厅 | 51.86平米 | 北,https://ke-image.ljcdn.com/110000-inspection/pc1_okw8mc9NK.jpg!m_fill,w_280,h_210,f_jpg?from=ke.com
20240814,朝阳,常营,101124437028,北京新天地三期 双卧南向 中间层 精装修 通透三室房主自荐,779万,52184元/平,中楼层 (共28层) | 2008年 | 3室2厅 | 149.28平米 | 南 北,https://ke-image.ljcdn.com/110000-inspection/29ab3872-bc9f-4c10-9175-63e6d2ade2ce_1000.jpg!m_fill,w_280,h_210,f_jpg?from=ke.com
20240814,朝阳,常营,101124431881,住欣家园 2室1厅 西南,235万,34569元/平,低楼层 (共28层) | 2010年 | 2室1厅 | 67.98平米 | 西南,https://ke-image.ljcdn.com/110000-inspection/fdf8b32b-b648-4a3d-9978-da731ba540fd_1000.jpg!m_fill,w_280,h_210,f_jpg?from=ke.com
20240814,朝阳,常营,101124395339,保利嘉园三号院观景保利公园满五唯一两室两厅全明,446万,49883元/平,高楼层 (共24层) | 2010年 | 2室2厅 | 89.41平米 | 南 西 北,https://ke-image.ljcdn.com/110000-inspection/9e0209e1-7cbc-42d4-8e84-30f858c3d320_1000.jpg!m_fill,w_280,h_210,f_jpg?from=ke.com
20240814,朝阳,常营,101124392471,金隅丽景园 1室1厅 东,206万,40987元/平,低楼层 (共28层) | 2010年 | 1室1厅 | 50.26平米 | 东,https://ke-image.ljcdn.com/110000-inspection/d6b83960-a300-4fbc-9ae0-60655ee32d0e_1000.jpg!m_fill,w_280,h_210,f_jpg?from=ke.com
20240814,朝阳,常营,101124392153,住欣家园满五唯一正规东南向两居室,298万,42572元/平,中楼层 (共21层) | 2010年 | 2室1厅 | 70平米 | 南,https://ke-image.ljcdn.com/110000-inspection/pc1_4cFLSeHeA_1.jpg!m_fill,w_280,h_210,f_jpg?from=ke.com
20240814,朝阳,常营,101124380250,管庄常营北京新天地三期全南两居室满五唯一,483万,50688元/平,中楼层 (共28层) | 2009年 | 2室2厅 | 95.29平米 | 南,https://ke-image.ljcdn.com/110000-inspection/pc1_90TNvkTRy_2.jpg!m_fill,w_280,h_210,f_jpg?from=ke.com
20240814,朝阳,常营,101124379896,住欣家园 正规西南两居室 商品房,370万,52858元/平,高楼层 (共21层) | 2010年 | 2室1厅 | 70平米 | 西南,https://ke-image.ljcdn.com/110000-inspection/pc1_1AeKKyrK1_1.jpg!m_fill,w_280,h_210,f_jpg?from=ke.com
20240814,朝阳,常营,101124378832,朝青知筑 3室2厅 南 北,1099万,78675元/平,中楼层 (共18层) 3室2厅 | 139.69平米 | 南 北,https://ke-image.ljcdn.com/110000-inspection/8c31091b-1a6d-4f5a-b047-174a0008cde7_1000.jpg!m_fill,w_280,h_210,f_jpg?from=ke.com
20240814,朝阳,常营,101124376985,店长推荐：南北通透两居室格局方正无浪费随时可看,479万,52818元/平,低楼层 (共26层) | 2009年 | 2室1厅 | 90.69平米 | 南 北,https://ke-image.ljcdn.com/110000-inspection/pc1_YxFvATZja_1.jpg!m_fill,w_280,h_210,f_jpg?from=ke.com
20240814,朝阳,常营,101124324420,常楹公元全明格局三居室采光好,968万,78559元/平,中楼层 (共26层) | 2015年 | 3室1厅 | 123.22平米 | 南 北,https://ke-image.ljcdn.com/110000-inspection/96bebb8d-8452-44d9-95c2-6f94b4773ecb_1000.jpg!m_fill,w_280,h_210,f_jpg?from=ke.com
20240814,朝阳,常营,101124290902,万象新天罗兰大道南北三居满五唯一精装修,746万,62981元/平,低楼层 (共14层) 3室1厅 | 118.45平米 | 南 北,https://ke-image.ljcdn.com/110000-inspection/pc1_bTDMt0y80.jpg!m_fill,w_280,h_210,f_jpg?from=ke.com
20240814,朝阳,常营,101124280588,北京新天地四期南北通透明厨明卫满五唯一,430万,59665元/平,中楼层 (共20层) | 2009年 | 1室1厅 | 72.07平米 | 南 北,https://ke-image.ljcdn.com/110000-inspection/fa367a90-856d-4440-9285-8fb29764e534_1000.jpg!m_fill,w_280,h_210,f_jpg?from=ke.com
20240814,朝阳,常营,101124277889,北京新天地三期近地铁22号线  双卫大两居,446万,49087元/平,底层 (共28层) | 2009年 | 2室1厅 | 90.86平米 | 东北,https://ke-image.ljcdn.com/110000-inspection/2a87e265-b2cb-4831-b6be-6894f279f2f6_1000.jpg!m_fill,w_280,h_210,f_jpg?from=ke.com
20240814,朝阳,常营,101124277323,南北通透  采光视野好 精装修拎包入住房主自荐,644万,59273元/平,中楼层 (共12层) 2室1厅 | 108.65平米 | 南 北,https://ke-image.ljcdn.com/110000-inspection/pc1_gT4pPnx93_2.jpg!m_fill,w_280,h_210,f_jpg?from=ke.com
20240814,朝阳,常营,101124227690,北京新天地五期 满五年 居家装修 看房随时 急售,309万,50631元/平,中楼层 (共28层) | 2011年 | 1室1厅 | 61.03平米 | 北,https://ke-image.ljcdn.com/110000-inspection/28c075a9-abdc-47eb-b139-098789bec55f_1000.jpg!m_fill,w_280,h_210,f_jpg?from=ke.com
20240814,朝阳,常营,101124190469,优点社区 两居 满五唯一 采光好,378万,44503元/平,顶层 (共10层) 2室1厅 | 84.94平米 | 南 北,https://ke-image.ljcdn.com/110000-inspection/d009c0e7-0819-4712-913a-80b0d1c845cf_1000.jpg!m_fill,w_280,h_210,f_jpg?from=ke.com
20240814,朝阳,常营,101124189684,万象新天四区 3室2厅 南 西 北,688万,53700元/平,高楼层 (共11层) | 2005年 | 3室2厅 | 128.12平米 | 南 西 北,https://ke-image.ljcdn.com/110000-inspection/411f5e66-5e51-4263-a278-240c43cc4fb6_1000.jpg!m_fill,w_280,h_210,f_jpg?from=ke.com
20240814,朝阳,常营,101124165543,常楹公元新上南向两居30万精装正对小区花园,659万,75835元/平,低楼层 (共26层) | 2015年 | 2室1厅 | 86.9平米 | 南,https://ke-image.ljcdn.com/110000-inspection/2dcbed82-7746-4ad3-8d40-45931f028cf5_1000.jpg!m_fill,w_280,h_210,f_jpg?from=ke.com
20240814,朝阳,常营,101124156175,六号线草房站 龙湖天街 常营体育公园 朝阳医院东院,291万,48974元/平,高楼层 (共28层) | 2010年 | 2室1厅 | 59.42平米 | 南 北,https://ke-image.ljcdn.com/110000-inspection/1f12c2da-650f-4d71-b27f-a4cd63b0cc5e_1000.jpg!m_fill,w_280,h_210,f_jpg?from=ke.com
20240814,朝阳,常营,101124148880,中高层南向一居满五唯一采光充足靠谱出售,220万,43359元/平,中楼层 (共29层) 1室1厅 | 50.74平米 | 南,https://ke-image.ljcdn.com/110000-inspection/pc1_VwJdYkEjz_1.jpg!m_fill,w_280,h_210,f_jpg?from=ke.com
20240814,朝阳,常营,101124139809,常楹公元 南北通透三居室交通便利。,799万,81966元/平,低楼层 (共26层) | 2015年 | 3室2厅 | 97.48平米 | 南 北,https://ke-image.ljcdn.com/110000-inspection/76c160ba-380f-40f2-8ccd-9e28688cfa19_1000.jpg!m_fill,w_280,h_210,f_jpg?from=ke.com
20240814,朝阳,常营,101124136242,户型方正一居室 成熟配套 北靠森林公园 随时签约,243万,46543元/平,低楼层 (共10层) | 2007年 | 1室1厅 | 52.21平米 | 北,https://ke-image.ljcdn.com/110000-inspection/pc1_YwfDywG3N.jpg!m_fill,w_280,h_210,f_jpg?from=ke.com
20240814,朝阳,常营,101124130490,北京新天地四期南北正规三居看房方便,690万,48500元/平,低楼层 (共26层) 3室2厅 | 142.27平米 | 南 北,https://ke-image.ljcdn.com/110000-inspection/pc1_hSpe5p47e_1.jpg!m_fill,w_280,h_210,f_jpg?from=ke.com
20240814,朝阳,常营,101124125695,北京新天地四期 1室1厅 西南,399万,60547元/平,中楼层 (共26层) | 2009年 | 1室1厅 | 65.9平米 | 西南,https://ke-image.ljcdn.com/110000-inspection/pc1_h8BXjcNZv_1.jpg!m_fill,w_280,h_210,f_jpg?from=ke.com
20240814,朝阳,常营,101124124932,优点社区满五唯一南北通透高楼层采光好,475万,50297元/平,中楼层 (共10层) 2室1厅 | 94.44平米 | 南 北,https://ke-image.ljcdn.com/110000-inspection/pc1_a1N7qNUN3.jpg!m_fill,w_280,h_210,f_jpg?from=ke.com
20240814,朝阳,常营,101124104419,柏林爱乐一期板楼南北两居业主诚意出售房主自荐,518万,51166元/平,低楼层 (共11层) | 2002年 | 2室2厅 | 101.24平米 | 南 北,https://ke-image.ljcdn.com/110000-inspection/pc1_axTEoiFG6.jpg!m_fill,w_280,h_210,f_jpg?from=ke.com
20240814,朝阳,常营,101124076503,柏林爱乐二期   单纯变现  诚心出售  楼层高  视野佳,309万,53378元/平,高楼层 (共21层) | 2005年 | 1室1厅 | 57.89平米 | 西北,https://ke-image.ljcdn.com/110000-inspection/6d6ced08-3293-4935-aac2-ec82e7d163e8_1000.jpg!m_fill,w_280,h_210,f_jpg?from=ke.com
20240814,朝阳,常营,101124054869,万象新天 南北通透三居 满五唯一 不临街 高楼层,738万,57616元/平,中楼层 (共20层) 3室2厅 | 128.09平米 | 南 北,https://ke-image.ljcdn.com/110000-inspection/0b82cfa5-0263-4162-8d12-c578790b652e_1000.jpg!m_fill,w_280,h_210,f_jpg?from=ke.com
20240814,朝阳,常营,101124048698,柏林爱乐四期  全南一居  诚心出售  价钱可谈,375万,54769元/平,高楼层 (共15层) 1室1厅 | 68.47平米 | 南,https://ke-image.ljcdn.com/110000-inspection/b0a8c43b-e4a0-4a26-9803-a92a1ec6bb8b_1000.jpg!m_fill,w_280,h_210,f_jpg?from=ke.com
20240814,朝阳,常营,101124044689,住欣家园 2室1厅 东南,280万,41238元/平,底层 (共28层) | 2010年 | 2室1厅 | 67.9平米 | 东南,https://ke-image.ljcdn.com/110000-inspection/34dec140-b1de-4f5f-83e8-e59737c3c17e_1000.jpg!m_fill,w_280,h_210,f_jpg?from=ke.com
20240814,朝阳,常营,101124042636,北京新天地二期 满五年唯一方方正正中高楼层一居,285万,45732元/平,高楼层 (共15层) | 2008年 | 1室1厅 | 62.32平米 | 北,https://ke-image.ljcdn.com/110000-inspection/9d620469-3565-4438-8e0a-1b93c2e241f0_1000.jpg!m_fill,w_280,h_210,f_jpg?from=ke.com
20240814,朝阳,常营,101124039204,北京新天地五期 高层居家新装一居室 业主诚意出售,347万,49943元/平,高楼层 (共27层) 1室1厅 | 69.48平米 | 西北,https://ke-image.ljcdn.com/110000-inspection/cd228047-1fc0-4db4-9295-9af699bc7861_1000.jpg!m_fill,w_280,h_210,f_jpg?from=ke.com
20240814,朝阳,常营,101124036010,富力阳光美园 1室1厅 南,395万,57505元/平,高楼层 (共27层) | 2010年 | 1室1厅 | 68.69平米 | 南,https://ke-image.ljcdn.com/110000-inspection/pc1_WSquY98C4_1.jpg!m_fill,w_280,h_210,f_jpg?from=ke.com
20240814,朝阳,常营,101124017960,北京新天地二期精装修高层视野无遮挡大一居室,308万,46254元/平,高楼层 (共28层) | 2008年 | 1室1厅 | 66.59平米 | 西 北,https://ke-image.ljcdn.com/110000-inspection/pc1_pTJqDdrw7.jpg!m_fill,w_280,h_210,f_jpg?from=ke.com
20240814,朝阳,常营,101124011747,楼层好位置好精装修拎包入住2014年楼龄新,560万,57840元/平,高楼层 (共28层) | 2011年 | 2室2厅 | 96.82平米 | 东南,https://ke-image.ljcdn.com/110000-inspection/pc1_UCkIY0tAR.jpg!m_fill,w_280,h_210,f_jpg?from=ke.com
20240814,朝阳,常营,101124008504,万象新天四区常营商圈配套齐全宜居社区房主自荐,388万,43758元/平,低楼层 (共9层) 2室1厅 | 88.67平米 | 东南,https://ke-image.ljcdn.com/110000-inspection/pc1_bGSQeo9H9_1.jpg!m_fill,w_280,h_210,f_jpg?from=ke.com
20240814,朝阳,常营,101124007904,保利嘉园一号院 2室1厅 南 北,425万,47888元/平,低楼层 (共29层) | 2010年 | 2室1厅 | 88.75平米 | 南 北,https://ke-image.ljcdn.com/110000-inspection/pc1_73IWRH7Km_1.jpg!m_fill,w_280,h_210,f_jpg?from=ke.com
20240814,朝阳,常营,101123980619,阳光美园精致一居高楼层采光好居住舒适度高,368万,53257元/平,中楼层 (共27层) | 2010年 | 1室1厅 | 69.1平米 | 南,https://ke-image.ljcdn.com/110000-inspection/pc1_mBSK1qJMs_2.jpg!m_fill,w_280,h_210,f_jpg?from=ke.com
20240814,朝阳,常营,101123980142,北京新天地南向精装一居满五年唯一诚心出售房主自荐,370万,52128元/平,低楼层 (共28层) | 2007年 | 1室1厅 | 70.98平米 | 南,https://ke-image.ljcdn.com/110000-inspection/pc1_gaOBg6lId.jpg!m_fill,w_280,h_210,f_jpg?from=ke.com
20240814,朝阳,常营,101123975567,管庄北二里全南两居 交通方便 采光充足 配套齐全,365万,50055元/平,低楼层 (共28层) | 2013年 | 2室1厅 | 72.92平米 | 南,https://ke-image.ljcdn.com/110000-inspection/540196bf-55d5-4dc5-a459-b91b25723d03_1000.jpg!m_fill,w_280,h_210,f_jpg?from=ke.com
20240814,朝阳,常营,101123925815,南向方正户型  采光视野无遮挡  满五唯一诚心出售,309万,58324元/平,顶层 (共20层) | 2009年 | 1室0厅 | 52.98平米 | 南,https://ke-image.ljcdn.com/110000-inspection/pc1_9WtIAC0dx.jpg!m_fill,w_280,h_210,f_jpg?from=ke.com
20240814,朝阳,常营,101123920892,北京新天地一期 满五唯一 质量好  落地窗房主自荐,349万,53701元/平,低楼层 (共28层) | 2007年 | 1室1厅 | 64.99平米 | 东北,https://ke-image.ljcdn.com/110000-inspection/pc1_lWT5EVj8S_1.jpg!m_fill,w_280,h_210,f_jpg?from=ke.com
20240814,朝阳,常营,101123920848,此房南北双通透户型 精装修 2006年钢混结构 落地窗,409万,43706元/平,高楼层 (共6层) 2室2厅 | 93.58平米 | 南 北,https://ke-image.ljcdn.com/110000-inspection/pc1_jk22mANMt.jpg!m_fill,w_280,h_210,f_jpg?from=ke.com
20240814,朝阳,常营,101123918285,柏林爱乐四期满五年顶层安静视野好正对小区房主自荐,319万,47970元/平,顶层 (共11层) | 2008年 | 1室1厅 | 66.5平米 | 东,https://ke-image.ljcdn.com/110000-inspection/6313e98a-5713-43fd-92f6-f18a96cec699_1000.jpg!m_fill,w_280,h_210,f_jpg?from=ke.com
20240814,朝阳,常营,101123898389,新天地五期 精装修满五年一居对小区花园景观好,295万,48329元/平,中楼层 (共28层) 1室1厅 | 61.04平米 | 北,https://ke-image.ljcdn.com/110000-inspection/5a530784-bd52-44ec-bc9e-ac39f77372ba_1000.jpg!m_fill,w_280,h_210,f_jpg?from=ke.com
20240814,朝阳,常营,101123884802,北辰福第南区精装修满五唯一距地铁站233米房主自荐,469万,56054元/平,顶层 (共15层) | 2010年 | 2室1厅 | 83.67平米 | 南,https://ke-image.ljcdn.com/110000-inspection/pc1_RkCFkDAAu.jpg!m_fill,w_280,h_210,f_jpg?from=ke.com
20240814,朝阳,常营,101123874194,高品质商品房 大两居 南北通透 满五年唯一 精装修房主自荐,530万,51422元/平,低楼层 (共9层) 2室1厅 | 103.07平米 | 南 北,https://ke-image.ljcdn.com/110000-inspection/a306b52d-5a10-4257-9628-ec89e42714b7_1000.jpg!m_fill,w_280,h_210,f_jpg?from=ke.com
20240814,朝阳,常营,101123868650,南北通透装修保持好采光充足视野开阔！房主自荐,485万,54753元/平,中楼层 (共26层) | 2010年 | 2室1厅 | 88.58平米 | 南 北,https://ke-image.ljcdn.com/110000-inspection/pc1_SvQXEtVJh_1.jpg!m_fill,w_280,h_210,f_jpg?from=ke.com
20240814,朝阳,常营,101123868611,地铁6号线常营 新天地五期不临街首套首付60万房主自荐,266万,43578元/平,底层 (共28层) 1室1厅 | 61.04平米 | 北,https://ke-image.ljcdn.com/110000-inspection/7c2a4669-37f0-40ad-8c21-a05d2bb2b492_1000.jpg!m_fill,w_280,h_210,f_jpg?from=ke.com
20240814,朝阳,常营,101123856677,满五唯一商品房低楼层出行方便采光充足看房方便,218万,42737元/平,底层 (共29层) 1室1厅 | 51.01平米 | 南,https://ke-image.ljcdn.com/110000-inspection/pc1_30JuQ2HQG_1.jpg!m_fill,w_280,h_210,f_jpg?from=ke.com
20240814,朝阳,常营,101123850343,北京新天地五期 南北通透三居 中楼层 户型方正 随时看,747万,53339元/平,中楼层 (共27层) | 2011年 | 3室2厅 | 140.05平米 | 南 北,https://ke-image.ljcdn.com/110000-inspection/pc1_c9qPxrHIp_1.jpg!m_fill,w_280,h_210,f_jpg?from=ke.com
20240814,朝阳,常营,101123831633,六号线 常营商圈南向一居室 总价合适 配套齐全,198万,40025元/平,高楼层 (共26层) | 2010年 | 1室1厅 | 49.47平米 | 南,https://ke-image.ljcdn.com/110000-inspection/b44c6892-d6de-4565-bd5f-24a1b3c6f309_1000.jpg!m_fill,w_280,h_210,f_jpg?from=ke.com
20240814,朝阳,常营,101123824719,柏林爱乐二期 精装修 中高楼层 视野好 2005年,275万,45231元/平,中楼层 (共22层) | 2007年 | 1室1厅 | 60.8平米 | 西南,https://ke-image.ljcdn.com/110000-inspection/pc1_LGW3y5EjO_1.jpg!m_fill,w_280,h_210,f_jpg?from=ke.com
20240814,朝阳,常营,101123801944,北京新天地一期 两梯两户 110米大楼间距 方正北向一居,310万,51080元/平,低楼层 (共28层) | 2007年 | 1室1厅 | 60.69平米 | 北,https://ke-image.ljcdn.com/110000-inspection/943e8d15-edf7-4a7e-8591-1814badce802_1000.jpg!m_fill,w_280,h_210,f_jpg?from=ke.com
20240814,朝阳,常营,101123797951,带车位精装修南北通透全明格局视野好,512万,47355元/平,中楼层 (共10层) | 2006年 | 3室1厅 | 108.12平米 | 南 北,https://ke-image.ljcdn.com/110000-inspection/3a279fb9-b183-4579-8094-c6c749e71724_1000.jpg!m_fill,w_280,h_210,f_jpg?from=ke.com
20240814,朝阳,常营,101123793987,万象新天四区 南北通透正规三居 满五唯一 近地铁,660万,48871元/平,高楼层 (共20层) | 2006年 | 3室1厅 | 135.05平米 | 南 北,https://ke-image.ljcdn.com/110000-inspection/pc1_ndysuSgI2.jpg!m_fill,w_280,h_210,f_jpg?from=ke.com
20240814,朝阳,常营,101123789873,新上 柏林爱乐二期 精装修 东南一居 满五年唯一,285万,46875元/平,低楼层 (共22层) | 2007年 | 1室0厅 | 60.8平米 | 东南,https://ke-image.ljcdn.com/110000-inspection/ebde4ea2-559a-429c-b2be-be404bfd795c_1000.jpg!m_fill,w_280,h_210,f_jpg?from=ke.com
20240814,朝阳,常营,101123772392,柏林爱乐三期   东西通透  满五唯一   诚心出售房主自荐,350万,48856元/平,中楼层 (共11层) | 2007年 | 1室1厅 | 71.64平米 | 东 西,https://ke-image.ljcdn.com/110000-inspection/03ba23ca-f879-4d1e-9176-230ec53d8c19_1000.jpg!m_fill,w_280,h_210,f_jpg?from=ke.com
20240814,朝阳,常营,101123742753,满五唯一 中间位置不临街 装修保持好 正对花园水系,529万,52047元/平,中楼层 (共28层) 2室2厅 | 101.64平米 | 南,https://ke-image.ljcdn.com/110000-inspection/pc1_QJzThh6YY_2.jpg!m_fill,w_280,h_210,f_jpg?from=ke.com
20240814,朝阳,常营,101123737174,北京新天地二期 2室1厅 西南,590万,57969元/平,低楼层 (共28层) | 2008年 | 2室1厅 | 101.78平米 | 西南,https://ke-image.ljcdn.com/110000-inspection/pc1_qJFtLqmCD.jpg!m_fill,w_280,h_210,f_jpg?from=ke.com
20240814,朝阳,常营,101123735805,北辰福第二号院 南向开间 不临街 满五唯一,238万,51954元/平,中楼层 (共22层) | 2010年 | 1室0厅 | 45.81平米 | 南,https://ke-image.ljcdn.com/110000-inspection/pc1_Q5qeX9HSc_1.jpg!m_fill,w_280,h_210,f_jpg?from=ke.com
20240814,朝阳,常营,101123717645,优点社区通透两居  中间楼层 电梯直达 背靠公园；,382万,40479元/平,中楼层 (共10层) 2室2厅 | 94.37平米 | 东 西,https://ke-image.ljcdn.com/110000-inspection/ac305c6f-f2b7-48be-90a3-dd8370f98c9c_1000.jpg!m_fill,w_280,h_210,f_jpg?from=ke.com
20240814,朝阳,常营,101123707744,常营新天地 全南向30万精装经典一居 仅契税 22号线房主自荐,370万,52128元/平,低楼层 (共28层) | 2007年 | 1室1厅 | 70.98平米 | 南,https://ke-image.ljcdn.com/110000-inspection/30a5fead-0477-4cca-8b1d-998a42495c56_1000.jpg!m_fill,w_280,h_210,f_jpg?from=ke.com
20240814,朝阳,常营,101123678298,北京新天地三期对着小区水系稳定签约,335万,51114元/平,低楼层 (共28层) | 2009年 | 1室1厅 | 65.54平米 | 北,https://ke-image.ljcdn.com/110000-inspection/f70b25a8-634d-4b05-a02f-18a470d178b1_1000.jpg!m_fill,w_280,h_210,f_jpg?from=ke.com
20240814,朝阳,常营,101123669939,北京新天地四期满五年唯一 不临街能看到水系南向两居,475万,51772元/平,低楼层 (共28层) | 2009年 | 2室1厅 | 91.75平米 | 南,https://ke-image.ljcdn.com/110000-inspection/71f9e476-305e-481a-9972-69162b37a34a_1000.jpg!m_fill,w_280,h_210,f_jpg?from=ke.com
20240814,朝阳,常营,101123655915,首开畅心园 1室1厅 南,250万,48403元/平,低楼层 (共29层) | 2010年 | 1室1厅 | 51.65平米 | 南,https://ke-image.ljcdn.com/110000-inspection/51763249-0d6d-420e-bcb3-f17476c378b1_1000.jpg!m_fill,w_280,h_210,f_jpg?from=ke.com
20240814,朝阳,常营,101123653416,前年60w精装  高层不临街 诚心出售满五唯一房主自荐,639万,52378元/平,高楼层 (共28层) | 2008年 | 3室2厅 | 122平米 | 西南,https://ke-image.ljcdn.com/110000-inspection/pc1_pWwTAe4Cb_2.jpg!m_fill,w_280,h_210,f_jpg?from=ke.com
20240814,朝阳,常营,101123648253,北京新天地少有户型 东南向双卫两居 随时可看房,559万,52444元/平,高楼层 (共28层) | 2009年 | 2室2厅 | 106.59平米 | 东南,https://ke-image.ljcdn.com/110000-inspection/ec4b3f76-d453-45d8-b2d1-ca88ef004014_1000.jpg!m_fill,w_280,h_210,f_jpg?from=ke.com
20240814,朝阳,常营,101123632829,北京新天地一期 满五唯一 西南三居 采光好 视野开阔房主自荐,705万,58497元/平,高楼层 (共28层) 3室1厅 | 120.52平米 | 西南,https://ke-image.ljcdn.com/110000-inspection/dab412a6-a7f8-4630-b5f5-3c11179026bc_1000.jpg!m_fill,w_280,h_210,f_jpg?from=ke.com
20240814,朝阳,常营,101123619720,22号线 八通线 北京新天地三期 满五唯一   精装修房主自荐,505万,54150元/平,中楼层 (共28层) | 2009年 | 2室1厅 | 93.26平米 | 西南,https://ke-image.ljcdn.com/110000-inspection/00b30126-2525-4ae4-8cad-793039915dfb_1000.jpg!m_fill,w_280,h_210,f_jpg?from=ke.com
20240814,朝阳,常营,101123610395,北京新天地四期 安静不临街 精装 南北双通透两居房主自荐,505万,50500元/平,顶层 (共20层) 2室1厅 | 100平米 | 南 北,https://ke-image.ljcdn.com/110000-inspection/60ded80b-bb01-4ee9-bfea-f2db59aedc84_1000.jpg!m_fill,w_280,h_210,f_jpg?from=ke.com
20240814,朝阳,常营,101123605772,常楹公元 品质社区 南北三居室,933万,73091元/平,高楼层 (共24层) | 2015年 | 3室1厅 | 127.65平米 | 南 北,https://ke-image.ljcdn.com/110000-inspection/2b9ef211-9379-4c04-8ae8-43a3b96c77ed_1000.jpg!m_fill,w_280,h_210,f_jpg?from=ke.com
20240814,朝阳,常营,101123593493,柏林爱乐二期 1室1厅 西,369万,54659元/平,高楼层 (共11层) | 2004年 | 1室1厅 | 67.51平米 | 西,https://ke-image.ljcdn.com/110000-inspection/pc1_ezejSGFvI.jpg!m_fill,w_280,h_210,f_jpg?from=ke.com
20240814,朝阳,常营,101123573107,六号线草房站 龙湖天街 常营体育公园 朝阳医院东院,298万,42572元/平,高楼层 (共21层) | 2010年 | 2室1厅 | 70平米 | 东 南,https://ke-image.ljcdn.com/110000-inspection/pc1_PptCopNva.jpg!m_fill,w_280,h_210,f_jpg?from=ke.com
20240814,朝阳,常营,101123547939,柏林爱乐四期 南北通透二居 近地铁 近龙湖天街,500万,53135元/平,高楼层 (共15层) | 2008年 | 2室2厅 | 94.1平米 | 南 北,https://ke-image.ljcdn.com/110000-inspection/pc1_qEcd7N5kB.jpg!m_fill,w_280,h_210,f_jpg?from=ke.com
20240814,朝阳,常营,101123507060,【商圈推荐】满五唯一西朝向采光好诚心出售！房主自荐,320万,48803元/平,高楼层 (共28层) | 2010年 | 2室1厅 | 65.57平米 | 南 西,https://ke-image.ljcdn.com/110000-inspection/2c06eb9a-af9a-4153-80a3-fecacd34bfd7_1000.jpg!m_fill,w_280,h_210,f_jpg?from=ke.com
20240814,朝阳,常营,101123459249,荟康苑 中间楼层 临近六号线黄渠站,338万,50721元/平,中楼层 (共7层) 2室1厅 | 66.64平米 | 南 北,https://ke-image.ljcdn.com/110000-inspection/cc82fea4-f275-4aaf-9d05-3f89ba934b24_1000.jpg!m_fill,w_280,h_210,f_jpg?from=ke.com
20240814,朝阳,常营,101123457790,北京新天地 南北通透大两居 高层开阔 户型方正房主自荐,499万,50727元/平,高楼层 (共28层) 2室1厅 | 98.37平米 | 南 北,https://ke-image.ljcdn.com/110000-inspection/f324db68-ef75-4604-b257-eae93ae982de_1000.jpg!m_fill,w_280,h_210,f_jpg?from=ke.com
20240814,朝阳,常营,101123456301,万象新天天际高尔夫南北两居室  满五年唯一,660万,51124元/平,低楼层 (共17层) 2室1厅 | 129.1平米 | 南 北,https://ke-image.ljcdn.com/110000-inspection/d057af5d-0b16-4b3f-b2d2-cdb06361178f_1000.jpg!m_fill,w_280,h_210,f_jpg?from=ke.com
20240814,朝阳,常营,101123453726,三阳开泰大三居南北通透满五年唯一,818万,54237元/平,低楼层 (共27层) 3室2厅 | 150.82平米 | 南 北,https://ke-image.ljcdn.com/110000-inspection/pc1_sHRZYzEIB.jpg!m_fill,w_280,h_210,f_jpg?from=ke.com
20240814,朝阳,常营,101123419211,北京新天地四期 南向双飘窗 精装修 满五年 看房随时,552万,55629元/平,高楼层 (共20层) 2室1厅 | 99.23平米 | 南,https://ke-image.ljcdn.com/110000-inspection/pc1_2Nq5uUjzx.jpg!m_fill,w_280,h_210,f_jpg?from=ke.com
20240814,朝阳,常营,101123388532,柏林爱乐三期全明精装小两居满五唯一近地铁,340万,47014元/平,低楼层 (共21层) | 2007年 | 1室1厅 | 72.32平米 | 西南,https://ke-image.ljcdn.com/110000-inspection/8d5997c0-8be0-4f6a-aa03-a34c207edf06_1000.jpg!m_fill,w_280,h_210,f_jpg?from=ke.com
20240814,朝阳,常营,101123382750,六号线 常营正规一居室 总价合适 配套齐全,178万,34855元/平,高楼层 (共22层) | 2010年 | 1室1厅 | 51.07平米 | 西,https://ke-image.ljcdn.com/110000-inspection/pc1_7UJExBIbW_1.jpg!m_fill,w_280,h_210,f_jpg?from=ke.com
20240814,朝阳,常营,101123379860,北京新天地一期 西北向一居室 满五年唯一,346万,52995元/平,高楼层 (共28层) 1室1厅 | 65.29平米 | 西北,https://ke-image.ljcdn.com/110000-inspection/pc1_E1kSochNR.jpg!m_fill,w_280,h_210,f_jpg?from=ke.com
20240814,朝阳,常营,101123377221,柏林爱乐二期11层板楼 1+1户型 靠谱卖,340万,50551元/平,高楼层 (共11层) | 2004年 | 1室1厅 | 67.26平米 | 东,https://ke-image.ljcdn.com/110000-inspection/pc1_5KnE08oYl.jpg!m_fill,w_280,h_210,f_jpg?from=ke.com
20240814,朝阳,常营,101123362096,北京新天地三期 2室1厅 西南,479万,52179元/平,顶层 (共28层) | 2009年 | 2室1厅 | 91.8平米 | 西南,https://ke-image.ljcdn.com/110000-inspection/3de0a4ee-285f-4151-b663-dfd69f6a2fc0_1000.jpg!m_fill,w_280,h_210,f_jpg?from=ke.com
20240814,朝阳,常营,101123358710,南北双通透 全明格局 老客户 诚心卖房主自荐,499万,56118元/平,低楼层 (共11层) | 2010年 | 2室1厅 | 88.92平米 | 南 北,https://ke-image.ljcdn.com/110000-inspection/pc1_gbduY7nJ5.jpg!m_fill,w_280,h_210,f_jpg?from=ke.com
20240814,朝阳,常营,101123352753,住欣家园 2室1厅 东,235万,33687元/平,高楼层 (共26层) | 2010年 | 2室1厅 | 69.76平米 | 东,https://ke-image.ljcdn.com/110000-inspection/pc1_KrBJbjPbv_1.jpg!m_fill,w_280,h_210,f_jpg?from=ke.com
20240814,朝阳,常营,101123347368,精装修拎包入住业主诚心出售板楼得房率83.55%,400万,65381元/平,低楼层 (共11层) | 2002年 | 1室1厅 | 61.18平米 | 东 西,https://ke-image.ljcdn.com/110000-inspection/46cf90a5-9db9-4be0-b6de-b98c1cebca75_1000.jpg!m_fill,w_280,h_210,f_jpg?from=ke.com
20240814,朝阳,常营,101123343672,长楹天街西区 4室2厅 南 北,1320万,67975元/平,低楼层 (共18层) | 2013年 | 4室2厅 | 194.19平米 | 南 北,https://ke-image.ljcdn.com/110000-inspection/pc1_EM3Gkv1NH_2.jpg!m_fill,w_280,h_210,f_jpg?from=ke.com
20240814,朝阳,常营,101123342017,六号线 常营方正两居室 总价合适 配套齐全,238万,33870元/平,高楼层 (共29层) | 2010年 | 2室1厅 | 70.27平米 | 东,https://ke-image.ljcdn.com/110000-inspection/7ed75ff3-608d-4e7c-bc9d-a39c26b2ab46_1000.jpg!m_fill,w_280,h_210,f_jpg?from=ke.com
20240814,朝阳,常营,101123341217,柏林爱乐三期 南北通透两居 高楼层  布局合理 采光好,660万,61350元/平,中楼层 (共13层) 2室1厅 | 107.58平米 | 南 北,https://ke-image.ljcdn.com/110000-inspection/e7295795-ce27-4567-ae8b-1c70c543cc13_1000.jpg!m_fill,w_280,h_210,f_jpg?from=ke.com
20240814,朝阳,常营,101123335226,柏林爱乐二期 1室1厅 西北,345万,59586元/平,低楼层 (共21层) | 2005年 | 1室1厅 | 57.9平米 | 西北,https://ke-image.ljcdn.com/110000-inspection/77935188-316b-43da-b73b-e820f4abe070_1000.jpg!m_fill,w_280,h_210,f_jpg?from=ke.com
20240814,朝阳,常营,101123333741,丽景园方正南向两居采光视野好周边配套齐全,309万,44692元/平,中楼层 (共28层) | 2009年 | 2室1厅 | 69.14平米 | 南,https://ke-image.ljcdn.com/110000-inspection/1d6adfb6-49a2-484f-b091-07440c3996b0_1000.jpg!m_fill,w_280,h_210,f_jpg?from=ke.com
20240814,朝阳,常营,101123333692,北京新天地五期业主诚心卖的高层好房,405万,54938元/平,顶层 (共27层) | 2011年 | 1室1厅 | 73.72平米 | 南,https://ke-image.ljcdn.com/110000-inspection/25100d59-e199-452e-ae5b-7170420f87bc_1000.jpg!m_fill,w_280,h_210,f_jpg?from=ke.com
20240814,朝阳,常营,101123305866,柏林爱乐二期  不临街  精装南北两居 高楼层,559万,59204元/平,高楼层 (共7层) | 2004年 | 2室1厅 | 94.42平米 | 南 北,https://ke-image.ljcdn.com/110000-inspection/pc1_fps01yVt8.jpg!m_fill,w_280,h_210,f_jpg?from=ke.com
20240814,朝阳,常营,101123302679,房子满五年卫生间带窗户不临街没有遮挡,290万,42036元/平,中楼层 (共28层) | 2009年 | 2室1厅 | 68.99平米 | 西 北,https://ke-image.ljcdn.com/110000-inspection/86778314-6158-47bb-936d-3945a5a64f7e_1000.jpg!m_fill,w_280,h_210,f_jpg?from=ke.com
20240814,朝阳,常营,101123299529,六号线草房站 龙湖天街 常营体育公园 朝阳医院东院,280万,40633元/平,高楼层 (共26层) | 2010年 | 2室1厅 | 68.91平米 | 东 南,https://ke-image.ljcdn.com/110000-inspection/f5e35396-0f96-46b7-8878-1b5454b4929b_1000.jpg!m_fill,w_280,h_210,f_jpg?from=ke.com
20240814,朝阳,常营,101123284580,首付120万买常营正规一居室 满五唯一商品房 看房方便房主自荐,328万,57757元/平,高楼层 (共11层) | 2002年 | 1室1厅 | 56.79平米 | 西,https://ke-image.ljcdn.com/110000-inspection/7c2a8daf-3b3a-4e7c-8a20-1c4b81413ac2_1000.jpg!m_fill,w_280,h_210,f_jpg?from=ke.com
20240814,朝阳,常营,101123213690,六号线 常营商圈东向两居室 户型方正 总价合适,295万,41573元/平,中楼层 (共26层) | 2010年 | 2室1厅 | 70.96平米 | 东,https://ke-image.ljcdn.com/110000-inspection/00c3528e-0ead-4f61-b853-1f6be9b583ae_1000.jpg!m_fill,w_280,h_210,f_jpg?from=ke.com
20240814,朝阳,常营,101123203233,柏林爱乐二期 东南户型 满五唯一 诚意出售房主自荐,280万,46228元/平,中楼层 (共24层) | 2007年 | 1室0厅 | 60.57平米 | 东南,https://ke-image.ljcdn.com/110000-inspection/b475556b-0985-466d-bdd1-098e4ccce1de_1000.jpg!m_fill,w_280,h_210,f_jpg?from=ke.com
20240814,朝阳,常营,101123187943,全南两居室 高楼层 采光充足 视野开阔 配套齐全,455万,54531元/平,高楼层 (共16层) 2室1厅 | 83.44平米 | 南,https://ke-image.ljcdn.com/110000-inspection/c4cdfc15-2e2e-4a49-8e3c-4f305acfaee2_1000.jpg!m_fill,w_280,h_210,f_jpg?from=ke.com
20240814,朝阳,常营,101123187117,北京新天地二期 诚心出售 精装两居,540万,52571元/平,低楼层 (共15层) 2室1厅 | 102.72平米 | 南,https://ke-image.ljcdn.com/110000-inspection/pc1_wSZcwd8JQ.jpg!m_fill,w_280,h_210,f_jpg?from=ke.com
20240814,朝阳,常营,101123183975,六号线草房站 龙湖天街 常营体育公园 朝阳医院东院,265万,51467元/平,高楼层 (共29层) | 2010年 | 1室1厅 | 51.49平米 | 南,https://ke-image.ljcdn.com/110000-inspection/pc1_o28tU87bq_2.jpg!m_fill,w_280,h_210,f_jpg?from=ke.com
20240814,朝阳,常营,101123183382,住欣家园 2室1厅 东南房主自荐,399万,57902元/平,低楼层 (共26层) | 2010年 | 2室1厅 | 68.91平米 | 东南,https://ke-image.ljcdn.com/110000-inspection/604e14a6-e2a9-4af5-b913-fa6a1e60e7be_1000.jpg!m_fill,w_280,h_210,f_jpg?from=ke.com
20240814,朝阳,常营,101123167855,北京新天地五期 1室1厅 东北,435万,64781元/平,低楼层 (共27层) 1室1厅 | 67.15平米 | 东北,https://ke-image.ljcdn.com/110000-inspection/a9f64806-625e-418d-b85e-efb4623a17dc_1000.jpg!m_fill,w_280,h_210,f_jpg?from=ke.com
20240814,朝阳,常营,101123157039,常营新天地五期南北三居室 双卧朝南2013年拎包入住,770万,51055元/平,低楼层 (共27层) 3室1厅 | 150.82平米 | 南 北,https://ke-image.ljcdn.com/110000-inspection/d6722f25-a930-4ee3-8d02-ac72fd1f6d9b_1000.jpg!m_fill,w_280,h_210,f_jpg?from=ke.com
20240814,朝阳,常营,101123151863,柏林爱乐四期中间位置满五唯一南北通透一梯两户房主自荐,634万,62133元/平,中楼层 (共8层) 2室1厅 | 102.04平米 | 南 北,https://ke-image.ljcdn.com/110000-inspection/pc1_MFmrGY0BU.jpg!m_fill,w_280,h_210,f_jpg?from=ke.com
20240814,朝阳,常营,101123146767,双地铁新小区 满五唯一商品房 配套成熟 业主诚意出售,335万,54366元/平,低楼层 (共27层) 1室1厅 | 61.62平米 | 西,https://ke-image.ljcdn.com/110000-inspection/pc1_mqsxRs3eX.jpg!m_fill,w_280,h_210,f_jpg?from=ke.com
20240814,朝阳,常营,101123136127,6号线草房地铁 正规东南三居室,385万,42998元/平,中楼层 (共28层) | 2009年 | 3室1厅 | 89.54平米 | 东南,https://ke-image.ljcdn.com/110000-inspection/pc1_dWtT0qgUR_1.jpg!m_fill,w_280,h_210,f_jpg?from=ke.com
20240814,朝阳,常营,101123110567,北京新天地正规方正一居室前后无遮挡满五唯一,315万,51104元/平,中楼层 (共28层) | 2008年 | 1室1厅 | 61.64平米 | 北,https://ke-image.ljcdn.com/110000-inspection/pc1_tzbCG7shj_2.jpg!m_fill,w_280,h_210,f_jpg?from=ke.com
20240814,朝阳,常营,101123091733,长楹天街西区 精装方正四居 无遮挡 满5唯一,1350万,71535元/平,中楼层 (共18层) | 2013年 | 4室2厅 | 188.72平米 | 南 北,https://ke-image.ljcdn.com/110000-inspection/420d9405-3395-4772-acd6-29ebac0d3b32_1000.jpg!m_fill,w_280,h_210,f_jpg?from=ke.com
20240814,朝阳,常营,101123085233,房子满五唯一纯北一居室户型方正业主诚意出售。,290万,43098元/平,低楼层 (共15层) | 2008年 | 1室1厅 | 67.29平米 | 北,https://ke-image.ljcdn.com/110000-inspection/pc1_u05gqiWnF.jpg!m_fill,w_280,h_210,f_jpg?from=ke.com
20240814,朝阳,常营,101123073055,6号线婚房精装修小两居有电梯落地窗满五唯一房主自荐,361万,54780元/平,低楼层 (共11层) | 2002年 | 2室1厅 | 65.9平米 | 东,https://ke-image.ljcdn.com/110000-inspection/e1ae3906-e78e-4d18-ab20-8c37471b1622_1000.jpg!m_fill,w_280,h_210,f_jpg?from=ke.com
20240814,朝阳,常营,101123066107,6号线褡裢坡地铁 福瑞四季 定福家园北里4号院房主自荐,653万,61697元/平,高楼层 (共11层) 2室1厅 | 105.84平米 | 东 西,https://ke-image.ljcdn.com/110000-inspection/pc1_t7QzbnwIS.jpg!m_fill,w_280,h_210,f_jpg?from=ke.com
20240814,朝阳,常营,101123055532,商品房  住欣家园  正南一居室 高楼层 没遮挡,249万,50334元/平,高楼层 (共26层) | 2010年 | 1室1厅 | 49.47平米 | 南,https://ke-image.ljcdn.com/110000-inspection/pc1_7CKvjDHMT_2.jpg!m_fill,w_280,h_210,f_jpg?from=ke.com
20240814,朝阳,常营,101123050571,住欣家园 电梯三居 近地铁 诚心出售,298万,33424元/平,低楼层 (共26层) | 2010年 | 3室1厅 | 89.16平米 | 东 北,https://ke-image.ljcdn.com/110000-inspection/pc1_a1Bjw3aUn_1.jpg!m_fill,w_280,h_210,f_jpg?from=ke.com
20240814,朝阳,常营,101123048580,首开畅心园 3室1厅 西南,375万,42877元/平,底层 (共29层) 3室1厅 | 87.46平米 | 西南,https://ke-image.ljcdn.com/110000-inspection/pc1_hUBx8iveD_2.jpg!m_fill,w_280,h_210,f_jpg?from=ke.com
20240814,朝阳,常营,101123041732,北京新天地四期 满五年 精装修 看房随时 独立餐厅,355万,53224元/平,中楼层 (共28层) 1室1厅 | 66.7平米 | 西北,https://ke-image.ljcdn.com/110000-inspection/pc1_UXpoiygeV_1.jpg!m_fill,w_280,h_210,f_jpg?from=ke.com
20240814,朝阳,常营,101123039774,北京新天地五期 2室2厅 东南,549万,56704元/平,中楼层 (共28层) | 2011年 | 2室2厅 | 96.82平米 | 东南,https://ke-image.ljcdn.com/110000-inspection/pc1_Hu46oXliL_1.jpg!m_fill,w_280,h_210,f_jpg?from=ke.com
20240814,朝阳,常营,101123025355,朝阳北路22号院14号院柏林爱乐四期,195万,48054元/平,底层 (共11层) | 2008年 | 1室0厅 | 40.58平米 | 西,https://ke-image.ljcdn.com/110000-inspection/7e80f26a-77e5-439e-9344-6f2b26f358f0_1000.jpg!m_fill,w_280,h_210,f_jpg?from=ke.com
20240814,朝阳,常营,101123019782,西军庄小户型  精装修 满五唯一 近地铁,199万,56295元/平,顶层 (共6层) 1室0厅 | 35.35平米 | 东,https://ke-image.ljcdn.com/110000-inspection/2526a80b-ad5d-46c6-825a-88d00e4efc82_1000.jpg!m_fill,w_280,h_210,f_jpg?from=ke.com
20240814,朝阳,常营,101123000981,常营管庄双地铁小区 户型方正 位置好 诚意出售,325万,53253元/平,中楼层 (共28层) | 2011年 | 1室1厅 | 61.03平米 | 北,https://ke-image.ljcdn.com/110000-inspection/pc1_1mmpBUKaB_1.jpg!m_fill,w_280,h_210,f_jpg?from=ke.com
20240814,朝阳,常营,101122996071,地铁6号线 柏林爱乐四期  满五年唯一西向一居室,309万,45935元/平,底层 (共11层) | 2008年 | 1室1厅 | 67.27平米 | 西,https://ke-image.ljcdn.com/110000-inspection/467cad5c-4574-41f4-b782-6f987e520deb_1000.jpg!m_fill,w_280,h_210,f_jpg?from=ke.com
20240814,朝阳,常营,101122984267,全南一居室不临街居住安静正对花园景观好,390万,55763元/平,低楼层 (共28层) 1室1厅 | 69.94平米 | 南,https://ke-image.ljcdn.com/110000-inspection/9dad70f9-36b2-41c5-b605-f9c859be291f_1000.jpg!m_fill,w_280,h_210,f_jpg?from=ke.com
20240814,朝阳,常营,101122957073,满五唯一商品房诚心出售产权清晰房主自荐,332万,54967元/平,中楼层 (共28层) | 2007年 | 1室1厅 | 60.4平米 | 北,https://ke-image.ljcdn.com/110000-inspection/3004402e-7333-41f9-88ce-75038067e3e0_1000.jpg!m_fill,w_280,h_210,f_jpg?from=ke.com
20240814,朝阳,常营,101122895795,六号线草房站 龙湖天街 常营体育公园 朝阳医院东院,218万,43802元/平,中楼层 (共28层) | 2009年 | 1室1厅 | 49.77平米 | 西,https://ke-image.ljcdn.com/110000-inspection/pc1_orpGU8yNY_1.jpg!m_fill,w_280,h_210,f_jpg?from=ke.com
20240814,朝阳,常营,101122895354,北京新天地五期方正精装干净一居室,318万,52106元/平,中楼层 (共28层) | 2011年 | 1室1厅 | 61.03平米 | 北,https://ke-image.ljcdn.com/110000-inspection/pc1_NrHPAemiv.jpg!m_fill,w_280,h_210,f_jpg?from=ke.com
20240814,朝阳,常营,101122891894,长楹天街西区 唯一高楼层三居室  诚心卖,950万,67134元/平,中楼层 (共18层) | 2013年 | 3室2厅 | 141.51平米 | 南 北,https://ke-image.ljcdn.com/110000-inspection/pc1_4XJt5CoVh.jpg!m_fill,w_280,h_210,f_jpg?from=ke.com
20240814,朝阳,常营,101122885536,柏林爱乐四期 户型方正 落地窗 采光好 满五唯一,335万,50308元/平,顶层 (共11层) | 2008年 | 1室1厅 | 66.59平米 | 东,https://ke-image.ljcdn.com/110000-inspection/f635c902-584b-4c1e-b661-c84d65cbbfdf_1000.jpg!m_fill,w_280,h_210,f_jpg?from=ke.com
20240814,朝阳,常营,101122883127,住欣家园 2室1厅 西南,300万,44073元/平,高楼层 (共28层) | 2010年 | 2室1厅 | 68.07平米 | 西南,https://ke-image.ljcdn.com/110000-inspection/pc1_pcWtv46Fl_1.jpg!m_fill,w_280,h_210,f_jpg?from=ke.com
20240814,朝阳,常营,101122883066,北京新天地三期 高层开阔  居家装修 方正南向两居,485万,52913元/平,高楼层 (共28层) | 2009年 | 2室2厅 | 91.66平米 | 南,https://ke-image.ljcdn.com/110000-inspection/87abd6dd-b970-4dd6-b5b1-35d0ea0fd4e1_1000.jpg!m_fill,w_280,h_210,f_jpg?from=ke.com
20240814,朝阳,常营,101122879297,北京新天地主力成交户型中间位置诚心出售,315万,50168元/平,低楼层 (共28层) | 2007年 | 1室1厅 | 62.79平米 | 北,https://ke-image.ljcdn.com/110000-inspection/cf2dfc68-f517-4795-b162-0db9c02bb2b9_1000.jpg!m_fill,w_280,h_210,f_jpg?from=ke.com
20240814,朝阳,常营,101122860516,北辰福第二号院 3室1厅 南 西 北,455万,52006元/平,低楼层 (共27层) 3室1厅 | 87.49平米 | 南 西 北,https://ke-image.ljcdn.com/110000-inspection/05a3212c-557d-40fb-9312-3c6c88452ca7_1000.jpg!m_fill,w_280,h_210,f_jpg?from=ke.com
20240814,朝阳,常营,101122830509,万象新天四区 1室1厅 西北,336万,49174元/平,高楼层 (共10层) 1室1厅 | 68.33平米 | 西北,https://ke-image.ljcdn.com/110000-inspection/eafc61b4-d954-4b46-8fc3-2f4a4ae650fd_1000.jpg!m_fill,w_280,h_210,f_jpg?from=ke.com
20240814,朝阳,常营,101122799024,【商圈推荐】住欣家园 东南向两居室 满五唯一房主自荐,372万,53984元/平,高楼层 (共26层) | 2010年 | 2室1厅 | 68.91平米 | 东 南,https://ke-image.ljcdn.com/110000-inspection/62c10e62-c727-41a9-a517-3184a812c5cf_1000.jpg!m_fill,w_280,h_210,f_jpg?from=ke.com
20240814,朝阳,常营,101122790022,北京新天地两梯两户 北向一居 满五年唯一首付100万,280万,44594元/平,底层 (共28层) | 2007年 | 1室1厅 | 62.79平米 | 北,https://ke-image.ljcdn.com/110000-inspection/pc1_eGEYrsGU9_1.jpg!m_fill,w_280,h_210,f_jpg?from=ke.com
20240814,朝阳,常营,101122760567,北京新天地格局方正一居室高楼层满五唯一,325万,53253元/平,高楼层 (共28层) | 2011年 | 1室1厅 | 61.03平米 | 北,https://ke-image.ljcdn.com/110000-inspection/35526796-b025-43d4-9aae-46af29931f3b_1000.jpg!m_fill,w_280,h_210,f_jpg?from=ke.com
20240814,朝阳,常营,101122711180,全南无遮挡采光充足不临街格局方正,326万,46539元/平,高楼层 (共11层) 1室2厅 | 70.05平米 | 南,https://ke-image.ljcdn.com/110000-inspection/pc1_V3eg9kqwg.jpg!m_fill,w_280,h_210,f_jpg?from=ke.com
20240814,朝阳,常营,101122704602,万象新天一区 全南两居 户型方正 采光好,650万,63175元/平,中楼层 (共14层) | 2006年 | 2室1厅 | 102.89平米 | 南,https://ke-image.ljcdn.com/110000-inspection/pc1_59bfZce8V.jpg!m_fill,w_280,h_210,f_jpg?from=ke.com
20240814,朝阳,常营,101122703875,高楼层视野无遮挡采光充足正规三居,979万,72745元/平,高楼层 (共25层) 3室2厅 | 134.58平米 | 北 西南,https://ke-image.ljcdn.com/110000-inspection/pc1_ZG0X09jZg_1.jpg!m_fill,w_280,h_210,f_jpg?from=ke.com
20240814,朝阳,常营,101122636891,中间位置 小两居 精装修 只交契税,295万,41156元/平,高楼层 (共21层) 2室1厅 | 71.68平米 | 西北,https://ke-image.ljcdn.com/110000-inspection/a577f3f3-fa9c-4eb6-af2b-fda53ccb1e22_1000.jpg!m_fill,w_280,h_210,f_jpg?from=ke.com
20240814,朝阳,常营,101122627798,柏林爱乐 地铁6号线 明厨明卫大一居 满五唯一,295万,43415元/平,高楼层 (共11层) | 2007年 | 1室1厅 | 67.95平米 | 东北,https://ke-image.ljcdn.com/110000-inspection/pc1_y5GiTYT0J_2.jpg!m_fill,w_280,h_210,f_jpg?from=ke.com
20240814,朝阳,常营,101122592743,总监推荐 六号线草房站 好户型两居 有车位 精装修,280万,40000元/平,低楼层 (共21层) | 2010年 | 2室1厅 | 70平米 | 西南,https://ke-image.ljcdn.com/110000-inspection/654624c8-3657-4daf-8a97-c32781b8552e_1000.jpg!m_fill,w_280,h_210,f_jpg?from=ke.com
20240814,朝阳,常营,101122573690,常营经典南向一居室满五年唯一住房不临街,429万,60440元/平,低楼层 (共28层) | 2007年 | 1室1厅 | 70.98平米 | 南,https://ke-image.ljcdn.com/110000-inspection/pc1_jl0uj0rHZ.jpg!m_fill,w_280,h_210,f_jpg?from=ke.com
20240814,朝阳,常营,101122455229,朝青知筑 2021年新社区 次顶层 全明格局 视野开阔,1198万,85762元/平,高楼层 (共18层) 3室2厅 | 139.69平米 | 南 北,https://ke-image.ljcdn.com/110000-inspection/c6966f7b-2e2d-4fbd-be7f-fb53825cf70a_1000.jpg!m_fill,w_280,h_210,f_jpg?from=ke.com
20240814,朝阳,常营,101122407772,柏林爱乐二期 1室1厅 西北,230万,46720元/平,高楼层 (共21层) | 2005年 | 1室1厅 | 49.23平米 | 西北,https://ke-image.ljcdn.com/110000-inspection/27bf7720-d5c9-4d22-93a0-fc02e66b878a_1000.jpg!m_fill,w_280,h_210,f_jpg?from=ke.com
20240814,朝阳,常营,101122346314,北京新天地五期 空置看房方便 西南向落地窗,566万,59523元/平,低楼层 (共27层) 2室1厅 | 95.09平米 | 西南,https://ke-image.ljcdn.com/110000-inspection/pc1_0yVL8c1Op.jpg!m_fill,w_280,h_210,f_jpg?from=ke.com
20240814,朝阳,常营,101122345192,店长推荐优质精装修好房户型方正采光特好房主自荐,355万,44073元/平,高楼层 (共6层) 2室2厅 | 80.55平米 | 东 西,https://ke-image.ljcdn.com/110000-inspection/pc1_zxaM0fNqo.jpg!m_fill,w_280,h_210,f_jpg?from=ke.com
20240814,朝阳,常营,101122325894,柏林爱乐二期 16年精装修自住大两居 一直自住保持很好,496万,45174元/平,中楼层 (共22层) | 2004年 | 2室1厅 | 109.8平米 | 东 北,https://ke-image.ljcdn.com/110000-inspection/pc1_wr63kzxQ1.jpg!m_fill,w_280,h_210,f_jpg?from=ke.com
20240814,朝阳,常营,101122176926,六号线 常营商圈南向一居室 总价合适 配套齐全房主自荐,225万,43454元/平,高楼层 (共28层) | 2010年 | 1室1厅 | 51.78平米 | 南,https://ke-image.ljcdn.com/110000-inspection/pc1_GQR9t8Yf5.jpg!m_fill,w_280,h_210,f_jpg?from=ke.com
20240814,朝阳,常营,101122133251,满五年唯一户型方正不临街私密性好,295万,45532元/平,低楼层 (共28层) | 2007年 | 1室1厅 | 64.79平米 | 西北,https://ke-image.ljcdn.com/110000-inspection/bc1dfc69-b312-47d4-a261-5997fecd92db_1000.jpg!m_fill,w_280,h_210,f_jpg?from=ke.com
20240814,朝阳,常营,101121918059,万方家园 精装修拎包住 南北通透落地窗 看房方便房主自荐,448万,55051元/平,低楼层 (共6层) 2室1厅 | 81.38平米 | 南 西南 北,https://ke-image.ljcdn.com/110000-inspection/pc1_lDl9batIb_2.jpg!m_fill,w_280,h_210,f_jpg?from=ke.com
20240814,朝阳,常营,101121864796,【好房精选】高层明卫南北两居配套齐全出行方便房主自荐,485万,54039元/平,高楼层 (共26层) | 2010年 | 2室2厅 | 89.75平米 | 东 南 北,https://ke-image.ljcdn.com/110000-inspection/284fbcf3-adff-40c9-934a-4a16be2d1879_1000.jpg!m_fill,w_280,h_210,f_jpg?from=ke.com
20240814,朝阳,常营,101121748275,满五唯一 不临街很安静 一层独立下手 看房提前约,310万,50293元/平,底层 (共28层) | 2008年 | 1室1厅 | 61.64平米 | 北,https://ke-image.ljcdn.com/110000-inspection/d2da9348-a01b-4a0b-ab8b-4d4fee3c08f4_1000.jpg!m_fill,w_280,h_210,f_jpg?from=ke.com
20240814,朝阳,常营,101121729543,【店长推荐】商品房南北通透两居室业主诚心出售,445万,47599元/平,底层 (共6层) 2室1厅 | 93.49平米 | 南 北,https://ke-image.ljcdn.com/110000-inspection/pc1_327EupW0m.jpg!m_fill,w_280,h_210,f_jpg?from=ke.com
20240814,朝阳,常营,101121608477,房子动静分离  视野佳 满五年唯一,525万,53106元/平,低楼层 (共28层) 2室2厅 | 98.86平米 | 西南,https://ke-image.ljcdn.com/110000-inspection/pc1_KNkFRhqjV_1.jpg!m_fill,w_280,h_210,f_jpg?from=ke.com
20240814,朝阳,常营,101121606773,小区中间位置满五唯一 南北高楼层 板楼 一梯两户,618万,60276元/平,低楼层 (共8层) | 2008年 | 2室1厅 | 102.53平米 | 南 北,https://ke-image.ljcdn.com/110000-inspection/pc1_lUrPK9t2I.jpg!m_fill,w_280,h_210,f_jpg?from=ke.com
20240814,朝阳,常营,101121114742,此房东南向一居室精良装修中间层采光好视野开阔,223万,44996元/平,中楼层 (共28层) | 2010年 | 1室1厅 | 49.56平米 | 东南,https://ke-image.ljcdn.com/110000-inspection/90d5c0a4-b34f-4ab8-ba25-5a6f075fabac_1000.jpg!m_fill,w_280,h_210,f_jpg?from=ke.com
20240814,朝阳,常营,101121054857,板楼中间楼层 南北通透 保持干净 可以拎包入住,510万,54152元/平,中楼层 (共15层) 2室1厅 | 94.18平米 | 南 北,https://ke-image.ljcdn.com/110000-inspection/pc1_jw3SIj19W_2.jpg!m_fill,w_280,h_210,f_jpg?from=ke.com
20240814,朝阳,常营,101120964548,朝阳北路22号院02  柏林爱乐三期,359万,50908元/平,中楼层 (共11层) | 2007年 | 1室1厅 | 70.52平米 | 西,https://ke-image.ljcdn.com/110000-inspection/a0eaf89c-4e5e-4577-a10a-c2878b4459e7_1000.jpg!m_fill,w_280,h_210,f_jpg?from=ke.com
20240814,朝阳,常营,101120939914,柏林爱乐一期东向一居 精装自住装修拎包住房主自荐,375万,56905元/平,中楼层 (共11层) | 2002年 | 1室1厅 | 65.9平米 | 东,https://ke-image.ljcdn.com/110000-inspection/b19c44d1-b154-48ca-a89b-c36c5b1a05bf_1000.jpg!m_fill,w_280,h_210,f_jpg?from=ke.com
20240814,朝阳,常营,101120898029,地铁6号线 满五唯一 小两居格局 高楼层,380万,56861元/平,顶层 (共11层) | 2008年 | 1室1厅 | 66.83平米 | 东,https://ke-image.ljcdn.com/110000-inspection/9ba54f76-e21f-4ad5-be6e-55986da91c12_1000.jpg!m_fill,w_280,h_210,f_jpg?from=ke.com
20240814,朝阳,常营,101120840103,北京新天地四期 南北双通透 不临街 看房方便 南北两居房主自荐,550万,55083元/平,底层 (共20层) 2室2厅 | 99.85平米 | 南 北,https://ke-image.ljcdn.com/110000-inspection/pc1_vCRhvCCzD_1.jpg!m_fill,w_280,h_210,f_jpg?from=ke.com
20240814,朝阳,常营,101120685219,新上南北通透三居全明格局一梯两户精装修,780万,59826元/平,中楼层 (共8层) 3室1厅 | 130.38平米 | 南 北,https://ke-image.ljcdn.com/110000-inspection/pc1_XXCFpREA6.jpg!m_fill,w_280,h_210,f_jpg?from=ke.com
20240814,朝阳,常营,101120352866,北京新天地 南向一居 中高楼层 户型方正 配套齐全,432万,58237元/平,中楼层 (共28层) | 2009年 | 1室1厅 | 74.18平米 | 南,https://ke-image.ljcdn.com/110000-inspection/pc1_BKO9fnd27.jpg!m_fill,w_280,h_210,f_jpg?from=ke.com
20240814,朝阳,常营,101119479193,南北通透 满五唯一 六层板楼带电梯房主自荐,710万,72761元/平,低楼层 (共6层) | 2004年 | 2室1厅 | 97.58平米 | 南 北,https://ke-image.ljcdn.com/110000-inspection/12af71b4-99a9-4216-98fc-aa525e97072b_1000.jpg!m_fill,w_280,h_210,f_jpg?from=ke.com
20240814,朝阳,常营,101119069356,长楹天街西区 4室2厅 南 北,1440万,76304元/平,低楼层 (共18层) | 2013年 | 4室2厅 | 188.72平米 | 南 北,https://ke-image.ljcdn.com/110000-inspection/pc1_UJkWCX3HU.jpg!m_fill,w_280,h_210,f_jpg?from=ke.com
20240814,朝阳,常营,101118860868,万象新天四区 精装一居室 拎包入住 诚意出售,380万,56658元/平,低楼层 (共20层) 1室1厅 | 67.07平米 | 西北,https://ke-image.ljcdn.com/110000-inspection/pc1_03HDATERQ.jpg!m_fill,w_280,h_210,f_jpg?from=ke.com
20240814,朝阳,常营,101118832403,金隅丽景园满五唯一正规南向三居室,360万,39383元/平,中楼层 (共28层) | 2010年 | 3室1厅 | 91.41平米 | 南,https://ke-image.ljcdn.com/110000-inspection/pc1_ip7mtn0ik.jpg!m_fill,w_280,h_210,f_jpg?from=ke.com
20240814,朝阳,常营,101118492993,常营乡鑫兆佳园  柏林爱乐二期,585万,52448元/平,低楼层 (共24层) | 2007年 | 2室1厅 | 111.54平米 | 南,https://ke-image.ljcdn.com/110000-inspection/b93cedc4-5fe4-4c33-b4db-d2de5c6f0c38_1000.jpg!m_fill,w_280,h_210,f_jpg?from=ke.com
20240814,朝阳,常营,101117798818,柏林爱乐二期 满五年唯一 精装修 近地铁,260万,52889元/平,低楼层 (共21层) 1室1厅 | 49.16平米 | 东北,https://ke-image.ljcdn.com/110000-inspection/cb847cc3-d456-406a-9dd1-3ea211bdc50e_1000.jpg!m_fill,w_280,h_210,f_jpg?from=ke.com
20240814,朝阳,常营,101126023098,柏林爱乐二期 实木地板精装修大开间视野好 急售,216万,43876元/平,中楼层 (共21层) | 2005年 | 1室0厅 | 49.23平米 | 西北,https://ke-image.ljcdn.com/110000-inspection/64d7bf6f-146c-471d-b153-090926a476be_1000.jpg!m_fill,w_280,h_210,f_jpg?from=ke.com
20240814,朝阳,常营,101126008572,柏林爱乐大厨房一居室  正对小区花园  近地铁,332万,49925元/平,低楼层 (共11层) | 2008年 | 1室1厅 | 66.5平米 | 东,https://ke-image.ljcdn.com/110000-inspection/pc1_MamGY4JiL.jpg!m_fill,w_280,h_210,f_jpg?from=ke.com
20240814,朝阳,常营,101126006817,柏林爱乐三期 满五年唯一 东西通透 正对花园,328万,48130元/平,低楼层 (共11层) | 2007年 | 1室1厅 | 68.15平米 | 东 西,https://ke-image.ljcdn.com/110000-inspection/pc1_G8RyNS3NK.jpg!m_fill,w_280,h_210,f_jpg?from=ke.com
20240814,朝阳,常营,101126005822,万象新天一期 精装修拎包入住 板楼洋房,563万,57851元/平,中楼层 (共4层) | 2004年 | 2室1厅 | 97.32平米 | 东 西,https://ke-image.ljcdn.com/110000-inspection/pc1_9oefLj93w_2.jpg!m_fill,w_280,h_210,f_jpg?from=ke.com
20240814,朝阳,常营,101126004861,北辰福第北区 边户南北通透三居室 业主诚售,410万,47040元/平,低楼层 (共27层) | 2010年 | 3室1厅 | 87.16平米 | 东 南 北,https://ke-image.ljcdn.com/110000-inspection/805d144b-6495-434e-9761-9b9a1b2fa5af_1000.jpg!m_fill,w_280,h_210,f_jpg?from=ke.com
20240814,朝阳,常营,101126003403,柏林爱乐四期 1室1厅 南,318万,47684元/平,低楼层 (共21层) 1室1厅 | 66.69平米 | 南,https://ke-image.ljcdn.com/110000-inspection/5440fc61-769d-4391-b2e8-e0af9ff28f7c_1000.jpg!m_fill,w_280,h_210,f_jpg?from=ke.com
20240814,朝阳,常营,101126000956,常营丽景园 西北全明格局 周边配套齐全,280万,40381元/平,中楼层 (共28层) | 2010年 | 2室1厅 | 69.34平米 | 西北,https://ke-image.ljcdn.com/110000-inspection/pc1_Top2IWLi6_1.jpg!m_fill,w_280,h_210,f_jpg?from=ke.com
20240814,朝阳,常营,101125982071,住欣家园 1室1厅 南新上,199万,40227元/平,中楼层 (共26层) | 2010年 | 1室1厅 | 49.47平米 | 南,https://ke-image.ljcdn.com/110000-inspection/pc1_vLOnI3SqD_1.jpg!m_fill,w_280,h_210,f_jpg?from=ke.com
20240814,朝阳,常营,101125968472,北京新天地二期 2室1厅 南新上,449万,44176元/平,底层 (共28层) | 2008年 | 2室1厅 | 101.64平米 | 南,https://ke-image.ljcdn.com/110000-inspection/pc1_tQGrBoDlm_1.jpg!m_fill,w_280,h_210,f_jpg?from=ke.com
20240814,朝阳,常营,101125966764,北京新天地二期 1室1厅 西北新上,319万,47906元/平,高楼层 (共28层) | 2008年 | 1室1厅 | 66.59平米 | 西北,https://ke-image.ljcdn.com/110000-inspection/aae81948-f6e7-4d99-9a17-c05511849ee6_1000.jpg!m_fill,w_280,h_210,f_jpg?from=ke.com
20240814,朝阳,常营,101125948424,北京新天地经典一居 满五年唯一 无遮挡 诚意出售新上,299万,45414元/平,低楼层 (共28层) 1室1厅 | 65.84平米 | 东北,https://ke-image.ljcdn.com/110000-inspection/d98dadb7-6e94-4a38-b918-88ce73942119_1000.jpg!m_fill,w_280,h_210,f_jpg?from=ke.com
20240814,朝阳,常营,101125947543,常楹公元   婚房装修  绿化好  采光好新上,930万,67800元/平,底层 (共25层) 3室2厅 | 137.17平米 | 西南 北,https://ke-image.ljcdn.com/110000-inspection/pc1_3MOKoNBj2.jpg!m_fill,w_280,h_210,f_jpg?from=ke.com
20240814,朝阳,常营,101125939837,电梯 精装修  拎包入住三居室新上,429万,47923元/平,高楼层 (共26层) | 2010年 | 3室2厅 | 89.52平米 | 西北,https://ke-image.ljcdn.com/110000-inspection/pc1_yRxKbDxYt_1.jpg!m_fill,w_280,h_210,f_jpg?from=ke.com
20240814,朝阳,常营,101125937608,三阳开泰大三居高楼层不临街南北通透40万精装修新上,850万,56359元/平,高楼层 (共27层) 3室2厅 | 150.82平米 | 南 北,https://ke-image.ljcdn.com/110000-inspection/e8103d76-dbff-4ff0-a904-16775ab29bb5_1000.jpg!m_fill,w_280,h_210,f_jpg?from=ke.com
20240814,朝阳,常营,101125934098,常楹公元 高楼层南向两居 视野无遮挡新上,655万,75219元/平,高楼层 (共26层) 2室1厅 | 87.08平米 | 南,https://ke-image.ljcdn.com/110000-inspection/bd6c8423-1031-4122-b17a-86e797f91c86_1000.jpg!m_fill,w_280,h_210,f_jpg?from=ke.com
20240814,朝阳,常营,101125911703,柏林爱乐三期 南北通透 满五年唯一 近地铁新上,620万,57049元/平,底层 (共13层) 2室2厅 | 108.68平米 | 南 北,https://ke-image.ljcdn.com/110000-inspection/76d47fb4-21c6-4e25-af0b-829384eb24da_1000.jpg!m_fill,w_280,h_210,f_jpg?from=ke.com
20240814,朝阳,常营,101125882103,近地铁 常营民族家园 南北通透的一居室 户型方正新上,269万,42937元/平,底层 (共6层) 1室1厅 | 62.65平米 | 南 北,https://ke-image.ljcdn.com/110000-inspection/pc1_bmHeyu2L3.jpg!m_fill,w_280,h_210,f_jpg?from=ke.com
20240814,朝阳,常营,101125880314,北京新天地五期 东南大窗两居 双面采光 精装新上,566万,59523元/平,中楼层 (共27层) 2室1厅 | 95.09平米 | 东南 南,https://ke-image.ljcdn.com/110000-inspection/c182cece-0869-453f-b85f-e17405f2d0b5_1000.jpg!m_fill,w_280,h_210,f_jpg?from=ke.com
20240814,朝阳,常营,101125878188,北京新天地南北通透一居室 小区少有户型 看房随时新上,405万,57131元/平,低楼层 (共20层) 1室1厅 | 70.89平米 | 南 北,https://ke-image.ljcdn.com/110000-inspection/06a7456f-4ace-436b-a439-34b2cae53800_1000.jpg!m_fill,w_280,h_210,f_jpg?from=ke.com
20240814,朝阳,常营,101125812362,常营管庄北京新天地三期北向一居室。,330万,50351元/平,低楼层 (共28层) | 2009年 | 1室2厅 | 65.54平米 | 北,https://ke-image.ljcdn.com/110000-inspection/pc1_uZFmAjp0D.jpg!m_fill,w_280,h_210,f_jpg?from=ke.com
20240814,朝阳,常营,101125809103,柏林爱乐 西向一居室 满五唯一 看房方便,298万,53434元/平,底层 (共11层) | 2002年 | 1室1厅 | 55.77平米 | 西,https://ke-image.ljcdn.com/110000-inspection/pc1_aUKhfA2Sf_2.jpg!m_fill,w_280,h_210,f_jpg?from=ke.com
20240814,朝阳,常营,101125803799,北京新天地四期 35万装修 拎包入住 看房提前约,460万,62997元/平,低楼层 (共20层) | 2009年 | 1室1厅 | 73.02平米 | 南,https://ke-image.ljcdn.com/110000-inspection/pc1_yQyK6d8Lc_1.jpg!m_fill,w_280,h_210,f_jpg?from=ke.com
20240814,朝阳,常营,101125803201,北京新天地四期 居家装修 南北通透 明厨明卫,379万,53164元/平,高楼层 (共20层) | 2009年 | 2室1厅 | 71.29平米 | 东南 北,https://ke-image.ljcdn.com/110000-inspection/5886ca4d-20a8-4aee-a55a-dc087a042502_1000.jpg!m_fill,w_280,h_210,f_jpg?from=ke.com
20240814,朝阳,常营,101125801661,北京新天地三期 满五年精装修 看房随时 诚意出售,313万,46467元/平,高楼层 (共28层) | 2009年 | 1室1厅 | 67.36平米 | 西北,https://ke-image.ljcdn.com/110000-inspection/496e2edb-0f28-4916-90e6-9435a00bb597_1000.jpg!m_fill,w_280,h_210,f_jpg?from=ke.com
20240814,朝阳,常营,101125801385,北京新天地四期 自住装修 拎包入住 看房随时,405万,61457元/平,中楼层 (共26层) | 2009年 | 1室1厅 | 65.9平米 | 东南,https://ke-image.ljcdn.com/110000-inspection/813b5c74-534b-4e0a-b340-5baac3b293ea_1000.jpg!m_fill,w_280,h_210,f_jpg?from=ke.com
20240814,朝阳,常营,101125796042,柏林爱乐二期 1室0厅 东,266万,59682元/平,中楼层 (共11层) | 2004年 | 1室0厅 | 44.57平米 | 东,https://ke-image.ljcdn.com/110000-inspection/1e36bc1b-4407-4b83-99bf-09830719e310_1000.jpg!m_fill,w_280,h_210,f_jpg?from=ke.com
20240814,朝阳,常营,101125794328,柏林爱乐二期 满五唯一南向四居室 高楼层 复式三层房主自荐,1030万,37263元/平,顶层 (共19层) | 2004年 | 4室1厅 | 276.42平米 | 南,https://ke-image.ljcdn.com/110000-inspection/e17bcfb2-5600-47bb-b6f4-f4cfb8f41038_1000.jpg!m_fill,w_280,h_210,f_jpg?from=ke.com
20240814,朝阳,常营,101125791915,精装修 业主诚心出售看房方便,230万,46787元/平,中楼层 (共21层) | 2005年 | 1室0厅 | 49.16平米 | 北,https://ke-image.ljcdn.com/110000-inspection/pc1_e1DXl2g1a_1.jpg!m_fill,w_280,h_210,f_jpg?from=ke.com
20240814,朝阳,常营,101125790602,北京新天地四期 东北一居室 满五年 诚心出售,289万,42898元/平,低楼层 (共26层) | 2009年 | 1室1厅 | 67.37平米 | 东北,https://ke-image.ljcdn.com/110000-inspection/51df24d8-54a5-499d-9c34-ec5cd94cc482_1000.jpg!m_fill,w_280,h_210,f_jpg?from=ke.com
20240814,朝阳,常营,101125790364,柏林爱乐二期 2室1厅 南 北,580万,60989元/平,高楼层 (共7层) 2室1厅 | 95.1平米 | 南 北,https://ke-image.ljcdn.com/110000-inspection/3ffe2777-f484-47f9-ac7d-689240b6fc7c_1000.jpg!m_fill,w_280,h_210,f_jpg?from=ke.com
20240814,朝阳,常营,101125758713,柏林爱乐三期南北复式精装修前后临花园,998万,52058元/平,高楼层 (共8层) | 2007年 | 4室2厅 | 191.71平米 | 南 北,https://ke-image.ljcdn.com/110000-inspection/pc1_MQCJD16wr_1.jpg!m_fill,w_280,h_210,f_jpg?from=ke.com
20240814,朝阳,常营,101125752869,柏林爱乐四期 南北通透  不临街 近地铁,625万,61974元/平,底层 (共8层) | 2008年 | 2室1厅 | 100.85平米 | 南 北,https://ke-image.ljcdn.com/110000-inspection/84721bc5-1d30-4c8c-928d-cfd1cc806e0c_1000.jpg!m_fill,w_280,h_210,f_jpg?from=ke.com
20240814,朝阳,常营,101125741307,北京新天地 不临街 中间层 全南向 落地窗满五唯一房主自荐,489万,52266元/平,中楼层 (共28层) | 2008年 | 2室1厅 | 93.56平米 | 南,https://ke-image.ljcdn.com/110000-inspection/pc1_6XKdpX51g.jpg!m_fill,w_280,h_210,f_jpg?from=ke.com
20240814,朝阳,常营,101125717434,常楹公元正规三居视野好采光充足无遮挡,880万,69396元/平,中楼层 (共25层) 3室1厅 | 126.81平米 | 西南 北,https://ke-image.ljcdn.com/110000-inspection/c453853d-a397-4f5f-a5fd-a516b2d55a32_1000.jpg!m_fill,w_280,h_210,f_jpg?from=ke.com
20240814,朝阳,常营,101125713818,北京新天地五期 2室1厅 南,499万,55420元/平,高楼层 (共27层) | 2010年 | 2室1厅 | 90.04平米 | 南,https://ke-image.ljcdn.com/110000-inspection/pc1_AhLoYnKqr.jpg!m_fill,w_280,h_210,f_jpg?from=ke.com
20240814,朝阳,常营,101125669315,万象新天三区精装修南北三居室 满五年唯一 近地铁,750万,64163元/平,低楼层 (共16层) 3室2厅 | 116.89平米 | 南 北,https://ke-image.ljcdn.com/110000-inspection/pc1_EI1R0Q07n.jpg!m_fill,w_280,h_210,f_jpg?from=ke.com
20240814,朝阳,常营,101125660661,万象新天 精装东北一居 高楼层 诚意出售 看房方便,339万,50327元/平,高楼层 (共17层) | 2006年 | 1室1厅 | 67.36平米 | 东北,https://ke-image.ljcdn.com/110000-inspection/7ee11dd5-4ed0-4563-a019-48ec4138ef12_1000.jpg!m_fill,w_280,h_210,f_jpg?from=ke.com
20240814,朝阳,常营,101125658730,北辰福第北区 高楼层 视野开阔 采光充足 拎包入住,385万,44172元/平,中楼层 (共27层) | 2010年 | 2室1厅 | 87.16平米 | 南 北,https://ke-image.ljcdn.com/110000-inspection/pc1_MXnPGMTrS_1.jpg!m_fill,w_280,h_210,f_jpg?from=ke.com
20240814,朝阳,常营,101125648980,万象新天三区 南北通透大三居 明卫 边户,825万,54770元/平,低楼层 (共16层) 3室2厅 | 150.63平米 | 南 北,https://ke-image.ljcdn.com/110000-inspection/pc1_XUp2y6so5.jpg!m_fill,w_280,h_210,f_jpg?from=ke.com
20240814,朝阳,常营,101125639093,首开畅心园  西向两居室  中间楼层,255万,37189元/平,低楼层 (共29层) 2室1厅 | 68.57平米 | 西,https://ke-image.ljcdn.com/110000-inspection/pc1_H9e82FyJf_2.jpg!m_fill,w_280,h_210,f_jpg?from=ke.com
20240814,朝阳,常营,101125638523,金隅丽景园 2室1厅 南 西,336万,46635元/平,顶层 (共28层) | 2009年 | 2室1厅 | 72.05平米 | 南 西,https://ke-image.ljcdn.com/110000-inspection/pc1_2HrjyWDye.jpg!m_fill,w_280,h_210,f_jpg?from=ke.com
20240814,朝阳,常营,101125637454,首开畅心园 3室1厅 东南,330万,36513元/平,底层 (共29层) 3室1厅 | 90.38平米 | 东南,https://ke-image.ljcdn.com/110000-inspection/pc1_SLwAwtUUw_1.jpg!m_fill,w_280,h_210,f_jpg?from=ke.com
20240814,朝阳,常营,101125636288,金隅丽景园 采光好两居室 诚心出售,288万,39973元/平,中楼层 (共28层) | 2009年 | 2室1厅 | 72.05平米 | 西南,https://ke-image.ljcdn.com/110000-inspection/df38adbd-9412-41ca-8ebf-a914532cb6b7_1000.jpg!m_fill,w_280,h_210,f_jpg?from=ke.com
20240814,朝阳,常营,101125636246,住欣家园 2室1厅 东 南,290万,40262元/平,低楼层 (共21层) | 2010年 | 2室1厅 | 72.03平米 | 东 南,https://ke-image.ljcdn.com/110000-inspection/a8aabdc7-3338-452f-871a-b771309630fe_1000.jpg!m_fill,w_280,h_210,f_jpg?from=ke.com
20240814,朝阳,常营,101125636235,常营丽景园正规一居室 适合刚需 诚心出售,215万,42778元/平,中楼层 (共28层) | 2010年 | 1室1厅 | 50.26平米 | 东,https://ke-image.ljcdn.com/110000-inspection/237111e3-d23d-4fdf-a23b-6019198acfde_1000.jpg!m_fill,w_280,h_210,f_jpg?from=ke.com
20240814,朝阳,常营,101125636202,金隅丽景园 2室1厅 东 北,325万,46871元/平,高楼层 (共28层) | 2010年 | 2室1厅 | 69.34平米 | 东 北,https://ke-image.ljcdn.com/110000-inspection/d70e8253-9048-4fc7-9bfa-e631eff87e1d_1000.jpg!m_fill,w_280,h_210,f_jpg?from=ke.com
20240814,朝阳,常营,101125635798,六号线 常营商圈西南三居室 总价合适 采光视野好,289万,33040元/平,顶层 (共28层) | 2010年 | 3室1厅 | 87.47平米 | 西南,https://ke-image.ljcdn.com/110000-inspection/pc1_njUn452f5_1.jpg!m_fill,w_280,h_210,f_jpg?from=ke.com
20240814,朝阳,常营,101125596016,北京新天地三期 客厅宽敞明亮 卧室采光充足 值得看,525万,51562元/平,低楼层 (共28层) | 2009年 | 2室1厅 | 101.82平米 | 西北,https://ke-image.ljcdn.com/110000-inspection/pc1_q67ryR6sO_1.jpg!m_fill,w_280,h_210,f_jpg?from=ke.com
20240814,朝阳,常营,101125579467,北京新天地五期 1室1厅 西北,308万,49431元/平,低楼层 (共27层) 1室1厅 | 62.31平米 | 西北,https://ke-image.ljcdn.com/110000-inspection/pc1_ut4hQAsAp.jpg!m_fill,w_280,h_210,f_jpg?from=ke.com
20240814,朝阳,常营,101125556454,柏林爱乐一期 南北通透复式  挑空大客厅,1000万,50873元/平,高楼层 (共8层) | 2002年 | 4室1厅 | 196.57平米 | 南 北,https://ke-image.ljcdn.com/110000-inspection/39a92740-8406-4f63-bd71-ec8cedad7b89_1000.jpg!m_fill,w_280,h_210,f_jpg?from=ke.com
20240814,朝阳,常营,101125542604,富力阳光美园 精装南北通透两居楼层高视野好,469万,52774元/平,高楼层 (共27层) | 2010年 | 2室1厅 | 88.87平米 | 南 北,https://ke-image.ljcdn.com/110000-inspection/pc1_wJyc1FGUc_2.jpg!m_fill,w_280,h_210,f_jpg?from=ke.com
20240814,朝阳,常营,101125530473,万象新天天际高尔夫 3室1厅 南 北,980万,58655元/平,中楼层 (共5层) 3室1厅 | 167.08平米 | 南 北,https://ke-image.ljcdn.com/110000-inspection/pc1_jB1h9JlRY.jpg!m_fill,w_280,h_210,f_jpg?from=ke.com
20240814,朝阳,常营,101125523553,富力阳光美园 精装正规东向两居,399万,52116元/平,中楼层 (共27层) | 2010年 | 2室1厅 | 76.56平米 | 东,https://ke-image.ljcdn.com/110000-inspection/52156d16-0ef7-4e31-8600-7970818a6ee9_1000.jpg!m_fill,w_280,h_210,f_jpg?from=ke.com
20240814,朝阳,常营,101125522619,满五年唯一落地窗精装全南向一居室高楼层视野好,375万,54769元/平,中楼层 (共15层) | 2008年 | 1室1厅 | 68.47平米 | 南,https://ke-image.ljcdn.com/110000-inspection/pc1_iJKr35Zn2.jpg!m_fill,w_280,h_210,f_jpg?from=ke.com
20240814,朝阳,常营,101125514351,住欣家园 西南两居室  高楼层视野无遮挡,275万,41940元/平,中楼层 (共28层) | 2010年 | 2室1厅 | 65.57平米 | 西南,https://ke-image.ljcdn.com/110000-inspection/f79c3f5b-a7c7-4691-9c3e-2be5ee5fe575_1000.jpg!m_fill,w_280,h_210,f_jpg?from=ke.com
20240814,朝阳,常营,101125505646,常楹公元  满五年唯一  视野好 精装修,646万,72414元/平,顶层 (共24层) 2室1厅 | 89.21平米 | 南,https://ke-image.ljcdn.com/110000-inspection/pc1_RkZ7rN6sx.jpg!m_fill,w_280,h_210,f_jpg?from=ke.com
20240814,朝阳,常营,101125497818,长楹天街东区南北四居把边户型满五唯一。,1350万,69524元/平,低楼层 (共18层) 4室2厅 | 194.18平米 | 南 北,https://ke-image.ljcdn.com/110000-inspection/pc1_YUUYTfHpP.jpg!m_fill,w_280,h_210,f_jpg?from=ke.com
20240814,朝阳,常营,101125497733,南向大一居室业主诚心出售看房方便,339万,44454元/平,低楼层 (共28层) | 2009年 | 1室1厅 | 76.26平米 | 东南,https://ke-image.ljcdn.com/110000-inspection/pc1_0QUeBahwc_1.jpg!m_fill,w_280,h_210,f_jpg?from=ke.com
20240814,朝阳,常营,101125494971,苹果派南北通透复式满五年唯一高楼层小区中间,650万,45433元/平,高楼层 (共12层) | 2007年 | 3室2厅 | 143.07平米 | 南 北,https://ke-image.ljcdn.com/110000-inspection/pc1_MmJ839A5a_1.jpg!m_fill,w_280,h_210,f_jpg?from=ke.com
20240814,朝阳,常营,101125474625,北京新天地四期 正规一居室 满五唯一商品房 不临街,319万,48407元/平,低楼层 (共26层) | 2009年 | 1室1厅 | 65.9平米 | 东北,https://ke-image.ljcdn.com/110000-inspection/c7753d6e-135f-4b5f-a001-74f290021a80_1000.jpg!m_fill,w_280,h_210,f_jpg?from=ke.com
20240814,朝阳,常营,101125464954,北京新天地四期 全南向开间 户型方正 不临路,279万,52672元/平,底层 (共20层) | 2009年 | 1室0厅 | 52.97平米 | 南,https://ke-image.ljcdn.com/110000-inspection/49aec749-2c69-446b-8c42-2d13079a2aba_1000.jpg!m_fill,w_280,h_210,f_jpg?from=ke.com
20240814,朝阳,常营,101125463767,富力阳光美园 2室1厅 南 北,452万,51051元/平,低楼层 (共27层) | 2010年 | 2室1厅 | 88.54平米 | 南 北,https://ke-image.ljcdn.com/110000-inspection/pc1_7IPS9II7e_1.jpg!m_fill,w_280,h_210,f_jpg?from=ke.com
20240814,朝阳,常营,101125452897,北京新天地五期 不临街两居 大阳台 有钥匙方便看,569万,57140元/平,低楼层 (共28层) | 2011年 | 2室2厅 | 99.58平米 | 西南,https://ke-image.ljcdn.com/110000-inspection/e30e2105-961f-406f-8ed5-70a31527387f_1000.jpg!m_fill,w_280,h_210,f_jpg?from=ke.com
20240814,朝阳,常营,101125431235,通透一居一梯两户中高楼层中间位置,338万,52788元/平,中楼层 (共11层) | 2002年 | 1室1厅 | 64.03平米 | 东 西,https://ke-image.ljcdn.com/110000-inspection/0ebbf2c1-ccae-4a52-8bc9-3f7ae91456a1_1000.jpg!m_fill,w_280,h_210,f_jpg?from=ke.com
20240814,朝阳,常营,101125420201,福瑞四季 全明格局 近地铁 2020年次新社区房主自荐,485万,48534元/平,低楼层 (共22层) 2室1厅 | 99.93平米 | 东 南 北,https://ke-image.ljcdn.com/110000-inspection/pc1_cZPEOrltB.jpg!m_fill,w_280,h_210,f_jpg?from=ke.com
20240814,朝阳,常营,101125418746,柏林爱乐二期 4室2厅 东南,828万,39925元/平,高楼层 (共22层) | 2004年 | 4室2厅 | 207.39平米 | 东南,https://ke-image.ljcdn.com/110000-inspection/pc1_Qb6NVLsAS.jpg!m_fill,w_280,h_210,f_jpg?from=ke.com
20240814,朝阳,常营,101125366255,板楼南北双通透 冬暖夏凉 独立衣帽间大花园,868万,51566元/平,底层 (共8层) 3室2厅 | 168.33平米 | 南 北,https://ke-image.ljcdn.com/110000-inspection/a3027bf3-2724-4209-8a4d-3a40ff036a13_1000.jpg!m_fill,w_280,h_210,f_jpg?from=ke.com
20240814,朝阳,常营,101125356899,柏林爱乐一期 1室1厅 东房主自荐,289万,53292元/平,顶层 (共11层) | 2002年 | 1室1厅 | 54.23平米 | 东,https://ke-image.ljcdn.com/110000-inspection/a9cfae60-22de-43ab-b472-177230fb78c0_1000.jpg!m_fill,w_280,h_210,f_jpg?from=ke.com
20240814,朝阳,常营,101125331427,南向正规一居 带阳台 看房随时 高品质小区 楼龄新,368万,52617元/平,低楼层 (共28层) 1室1厅 | 69.94平米 | 南,https://ke-image.ljcdn.com/110000-inspection/pc1_BnIcyPBb8.jpg!m_fill,w_280,h_210,f_jpg?from=ke.com
20240814,朝阳,常营,101125310979,北京新天地 南北通透高楼层两梯三户,699万,51386元/平,高楼层 (共28层) 3室2厅 | 136.03平米 | 南 北,https://ke-image.ljcdn.com/110000-inspection/dfca4227-2442-4a14-a19c-beb1c800217a_1000.jpg!m_fill,w_280,h_210,f_jpg?from=ke.com
20240814,朝阳,常营,101125286129,满五年唯一中间楼层采光好无遮挡没有面积浪费,369万,44399元/平,中楼层 (共27层) 2室1厅 | 83.11平米 | 南 西,https://ke-image.ljcdn.com/110000-inspection/28d5c411-a22c-4b64-9c80-183899590791_1000.jpg!m_fill,w_280,h_210,f_jpg?from=ke.com
20240814,朝阳,常营,101125275227,南北通透  六层板楼带电梯 带大阳台,636万,69783元/平,底层 (共6层) 2室1厅 | 91.14平米 | 南 北,https://ke-image.ljcdn.com/110000-inspection/pc1_sMTuXa4Gb_1.jpg!m_fill,w_280,h_210,f_jpg?from=ke.com
20240814,朝阳,常营,101125247428,满五年唯一采光充足视野好随时看房,325万,49778元/平,中楼层 (共28层) 1室2厅 | 65.29平米 | 西北,https://ke-image.ljcdn.com/110000-inspection/pc1_qOJCfZ9cj.jpg!m_fill,w_280,h_210,f_jpg?from=ke.com
20240814,朝阳,常营,101125246905,柏林爱乐三期新上南向一居落地窗视野采光好,299万,46763元/平,顶层 (共11层) 1室1厅 | 63.94平米 | 南,https://ke-image.ljcdn.com/110000-inspection/c3683dcb-7659-4b02-82ac-edf98c769c22_1000.jpg!m_fill,w_280,h_210,f_jpg?from=ke.com
20240814,朝阳,常营,101125239480,金隅丽景园 1室1厅 东,223万,44726元/平,低楼层 (共28层) | 2009年 | 1室1厅 | 49.86平米 | 东,https://ke-image.ljcdn.com/110000-inspection/pc1_RWBVWRQWR.jpg!m_fill,w_280,h_210,f_jpg?from=ke.com
20240814,朝阳,常营,101125204126,柏林爱乐二期 1室1厅 东 西房主自荐,285万,48894元/平,顶层 (共11层) | 2004年 | 1室1厅 | 58.29平米 | 东 西,https://ke-image.ljcdn.com/110000-inspection/pc1_3qN95k9Tl_2.jpg!m_fill,w_280,h_210,f_jpg?from=ke.com
20240814,朝阳,常营,101125200744,万方家园户型方钢混公积金30年纯商品房落地窗双阳台房主自荐,189万,44036元/平,顶层 (共6层) 1室1厅 | 42.92平米 | 南,https://ke-image.ljcdn.com/110000-inspection/pc1_2uTgbM0bJ.jpg!m_fill,w_280,h_210,f_jpg?from=ke.com
20240814,朝阳,常营,101125199091,新小区临公园近地铁通透户型有车位,540万,51341元/平,低楼层 (共11层) 2室1厅 | 105.18平米 | 东 西,https://ke-image.ljcdn.com/110000-inspection/c27282e8-1c16-4b05-8fea-363043b490dd_1000.jpg!m_fill,w_280,h_210,f_jpg?from=ke.com
20240814,朝阳,常营,101125191817,万象新天家园 满五唯一 正规一居室 随时可看。,312万,44597元/平,低楼层 (共14层) 1室1厅 | 69.96平米 | 西北,https://ke-image.ljcdn.com/110000-inspection/0c49af90-4957-4110-be02-f30edcbd408f_1000.jpg!m_fill,w_280,h_210,f_jpg?from=ke.com
20240814,朝阳,常营,101125180898,柏林爱乐三期 户型方正 落地窗 采光好 满五唯一,320万,47840元/平,低楼层 (共11层) | 2007年 | 2室1厅 | 66.89平米 | 西,https://ke-image.ljcdn.com/110000-inspection/pc1_Xqy2Onb3a.jpg!m_fill,w_280,h_210,f_jpg?from=ke.com
20240814,朝阳,常营,101125169831,北京新天地三期 不临街 南向 高层 两居室 精装修,459万,50329元/平,顶层 (共28层) | 2008年 | 2室1厅 | 91.2平米 | 南,https://ke-image.ljcdn.com/110000-inspection/7b7a38a8-7a5d-4af7-935e-976d2b511f2e_1000.jpg!m_fill,w_280,h_210,f_jpg?from=ke.com
20240814,朝阳,常营,101125168653,朝阳区东五环叠拼别墅 独门独院 私家电梯,1760万,101935元/平,中楼层 (共6层) 4室1厅 | 172.66平米 | 南 北,https://ke-image.ljcdn.com/110000-inspection/pc1_c4T5Yr8ZJ_1.jpg!m_fill,w_280,h_210,f_jpg?from=ke.com
20240814,朝阳,常营,101125165799,北辰福第二号院 全明三居室 精装修 无遮挡采光好,429万,49057元/平,中楼层 (共27层) | 2010年 | 3室1厅 | 87.45平米 | 东 南 北,https://ke-image.ljcdn.com/110000-inspection/pc1_QjM7zBefi_2.jpg!m_fill,w_280,h_210,f_jpg?from=ke.com
20240814,朝阳,常营,101125140693,南北通透三卧朝南人车分流整体落地窗观景房。,860万,52700元/平,中楼层 (共18层) | 2008年 | 3室2厅 | 163.19平米 | 南 北,https://ke-image.ljcdn.com/110000-inspection/ef248fb1-f39f-4d23-bc06-02f66fb3b601_1000.jpg!m_fill,w_280,h_210,f_jpg?from=ke.com
20240814,朝阳,常营,101125123681,房子是70年住宅全地下室只能全款近地铁,68万,32061元/平,地下室 (共10层) | 2007年 | 1室0厅 | 21.21平米 | 东,https://ke-image.ljcdn.com/110000-inspection/c16c2db1-ae64-4874-bfd6-7d6af5db1bc9_1000.jpg!m_fill,w_280,h_210,f_jpg?from=ke.com
20240814,朝阳,常营,101125075336,长楹天街西区 精装修 满五年唯一 视野好 看房方便,965万,68300元/平,低楼层 (共18层) | 2013年 | 3室1厅 | 141.29平米 | 南 北,https://ke-image.ljcdn.com/110000-inspection/pc1_P7DQtAl2s.jpg!m_fill,w_280,h_210,f_jpg?from=ke.com
20240814,朝阳,常营,101125072650,满五年唯一购房只有契税；精装可拎包入住；高楼层,196万,41117元/平,顶层 (共6层) | 2006年 | 1室1厅 | 47.67平米 | 西,https://ke-image.ljcdn.com/110000-inspection/457f313e-2326-4f56-8828-a93110313016_1000.jpg!m_fill,w_280,h_210,f_jpg?from=ke.com
20240814,朝阳,常营,101125067510,柏林爱乐一期 4室2厅 南 北房主自荐,879万,53631元/平,高楼层 (共11层) 4室2厅 | 163.9平米 | 南 北,https://ke-image.ljcdn.com/110000-inspection/a06c25ac-7e0b-43de-a85f-c9ea654b4c3f_1000.jpg!m_fill,w_280,h_210,f_jpg?from=ke.com
20240814,朝阳,常营,101125049263,万象新天天际高尔夫 板楼三居室 精装修 落地窗,840万,55833元/平,中楼层 (共8层) | 2008年 | 3室2厅 | 150.45平米 | 北 南,https://ke-image.ljcdn.com/110000-inspection/673852e2-7e1c-4eb4-bf68-370463127739_1000.jpg!m_fill,w_280,h_210,f_jpg?from=ke.com
20240814,朝阳,常营,101125047749,北京新天地四期南向两居室中间位置前后不临街,510万,55586元/平,低楼层 (共28层) | 2009年 | 2室1厅 | 91.75平米 | 南,https://ke-image.ljcdn.com/110000-inspection/pc1_8lxI1Twn7.jpg!m_fill,w_280,h_210,f_jpg?from=ke.com
20240814,朝阳,常营,101125043971,苹果派 电梯板楼 小区中间位置 近地铁交通方便,238万,45577元/平,低楼层 (共10层) | 2007年 | 1室1厅 | 52.22平米 | 北,https://ke-image.ljcdn.com/110000-inspection/328cc3b7-4e3d-456a-9f1b-0aba1ae3847b_1000.jpg!m_fill,w_280,h_210,f_jpg?from=ke.com
20240814,朝阳,常营,101125029951,管庄常营新天地五期西南两居室看房方便。,415万,45903元/平,底层 (共28层) | 2011年 | 2室1厅 | 90.41平米 | 西南,https://ke-image.ljcdn.com/110000-inspection/0fb3dba4-83c7-4c61-a9cd-675e60116711_1000.jpg!m_fill,w_280,h_210,f_jpg?from=ke.com
20240814,朝阳,常营,101125027621,楼层高视野好采光充足满五年唯一两个飘窗精房主自荐,508万,48988元/平,高楼层 (共21层) 2室1厅 | 103.7平米 | 南,https://ke-image.ljcdn.com/110000-inspection/pc1_jIaMTCbuu_2.jpg!m_fill,w_280,h_210,f_jpg?from=ke.com
20240814,朝阳,常营,101124988782,万象新天二区 一层三居前后花园,878万,67711元/平,底层 (共6层) | 2004年 | 3室2厅 | 129.67平米 | 南 北,https://ke-image.ljcdn.com/110000-inspection/b433dda4-edb9-4592-ba7d-df14a66d1170_1000.jpg!m_fill,w_280,h_210,f_jpg?from=ke.com
20240814,朝阳,常营,101124937725,临公园 近地铁南北通透户型方正全新精装三居,588万,57761元/平,中楼层 (共9层) 3室1厅 | 101.8平米 | 南 北,https://ke-image.ljcdn.com/110000-inspection/pc1_fQGizL8jH_2.jpg!m_fill,w_280,h_210,f_jpg?from=ke.com
20240814,朝阳,常营,101124936798,新天地五期满二年南北通透三居。中楼层视野无遮,780万,55695元/平,低楼层 (共27层) | 2011年 | 3室2厅 | 140.05平米 | 南 北,https://ke-image.ljcdn.com/110000-inspection/e9d85cc7-a45f-4c1f-ae24-3ae199c9afe0_1000.jpg!m_fill,w_280,h_210,f_jpg?from=ke.com
20240814,朝阳,常营,101124904505,北京新天地一期 高层精装修 视野开阔 东北一居,350万,53838元/平,高楼层 (共28层) | 2007年 | 1室1厅 | 65.01平米 | 东北,https://ke-image.ljcdn.com/110000-inspection/pc1_dz7qoDvgI_1.jpg!m_fill,w_280,h_210,f_jpg?from=ke.com
20240814,朝阳,常营,101124861407,鑫兆佳园、阅读莱茵  地铁精装小二居采光好视野好,345万,47593元/平,高楼层 (共21层) | 2005年 | 2室1厅 | 72.49平米 | 西北,https://ke-image.ljcdn.com/110000-inspection/c6a6f58b-37a8-4cd7-bbcd-ddf4ea563b27_1000.jpg!m_fill,w_280,h_210,f_jpg?from=ke.com
20240814,朝阳,常营,101124830898,此房满五年唯一诚意出售采光好,298万,41286元/平,低楼层 (共27层) | 2010年 | 2室1厅 | 72.18平米 | 南 西,https://ke-image.ljcdn.com/110000-inspection/pc1_ap6TduRqm_1.jpg!m_fill,w_280,h_210,f_jpg?from=ke.com
20240814,朝阳,常营,101124830815,六号线 常营商品房南向一居室 总价合适 配套齐全,280万,50180元/平,高楼层 (共27层) | 2010年 | 1室1厅 | 55.8平米 | 南,https://ke-image.ljcdn.com/110000-inspection/e1ff6541-c8e4-4606-a856-1e365964d3a3_1000.jpg!m_fill,w_280,h_210,f_jpg?from=ke.com
20240814,朝阳,常营,101124817340,柏林爱乐二期高楼层 采光好视野好房主自荐,209万,42515元/平,高楼层 (共21层) | 2005年 | 1室1厅 | 49.16平米 | 西 北,https://ke-image.ljcdn.com/110000-inspection/pc1_x8bK24fnn_2.jpg!m_fill,w_280,h_210,f_jpg?from=ke.com
20240814,朝阳,常营,101124810684,北京新天地二期 不临街 中间层 满五唯一 落地窗房主自荐,479万,51018元/平,中楼层 (共28层) | 2008年 | 2室1厅 | 93.89平米 | 西南,https://ke-image.ljcdn.com/110000-inspection/b70f4019-f414-4ffc-852b-5876087229d2_1000.jpg!m_fill,w_280,h_210,f_jpg?from=ke.com
20240814,朝阳,常营,101124784319,万象新天 一梯四户两居近地铁 配套齐全 随时可看,460万,54214元/平,中楼层 (共9层) | 2005年 | 2室1厅 | 84.85平米 | 西北,https://ke-image.ljcdn.com/110000-inspection/c7bf3341-6674-42dc-91b0-6a363a648f43_1000.jpg!m_fill,w_280,h_210,f_jpg?from=ke.com
20240814,朝阳,常营,101124726428,柏林爱乐一期三阳面板楼三居室诚意出售,829万,54326元/平,中楼层 (共8层) 3室2厅 | 152.6平米 | 南 北,https://ke-image.ljcdn.com/110000-inspection/pc1_YeubLlOOC.jpg!m_fill,w_280,h_210,f_jpg?from=ke.com
20240814,朝阳,常营,101124726372,柏林爱乐一期板楼南北两居室诚意出售,560万,55633元/平,低楼层 (共8层) 2室1厅 | 100.66平米 | 南 北,https://ke-image.ljcdn.com/110000-inspection/pc1_rqzCYfTiu.jpg!m_fill,w_280,h_210,f_jpg?from=ke.com
20240814,朝阳,常营,101124675979,满五年唯一适合贷款南北通透户型好。板楼一梯两,479万,48103元/平,底层 (共6层) 2室2厅 | 99.58平米 | 南 北,https://ke-image.ljcdn.com/110000-inspection/b17a8204-f45d-4087-86f9-d31c136c4392_1000.jpg!m_fill,w_280,h_210,f_jpg?from=ke.com
20240814,朝阳,常营,101124663752,苹果派南北通透复式满五年唯一高楼层小区中间,658万,46247元/平,高楼层 (共12层) | 2007年 | 3室3厅 | 142.28平米 | 南 北,https://ke-image.ljcdn.com/110000-inspection/79797f2e-4fcf-44ab-b7ca-1516b5c92055_1000.jpg!m_fill,w_280,h_210,f_jpg?from=ke.com
20240814,朝阳,常营,101124641553,柏林爱乐四期 1室1厅 西房主自荐,389万,57982元/平,中楼层 (共11层) | 2008年 | 1室1厅 | 67.09平米 | 西,https://ke-image.ljcdn.com/110000-inspection/2cd9c636-78a5-4f26-bd34-4aff78c677f6_1000.jpg!m_fill,w_280,h_210,f_jpg?from=ke.com
20240814,朝阳,常营,101124626093,板楼户型公摊小业主诚意出售前后花园景观好。,630万,50889元/平,顶层 (共5层) | 2005年 | 3室1厅 | 123.8平米 | 南 北,https://ke-image.ljcdn.com/110000-inspection/pc1_00yhy0HgA.jpg!m_fill,w_280,h_210,f_jpg?from=ke.com
20240814,朝阳,常营,101124613251,常楹公元  精装修  方正三居 拎包入住,960万,72877元/平,低楼层 (共25层) 3室1厅 | 131.73平米 | 南 北,https://ke-image.ljcdn.com/110000-inspection/3f0e0e70-32f6-4480-8c0f-e39ec547378d_1000.jpg!m_fill,w_280,h_210,f_jpg?from=ke.com
20240814,朝阳,常营,101124597351,万象新天四区 4室1厅 南 北,1250万,77467元/平,顶层 (共9层) | 2005年 | 4室1厅 | 161.36平米 | 南 北,https://ke-image.ljcdn.com/110000-inspection/f189933b-1ec7-4c1d-afd3-010e40780873_1000.jpg!m_fill,w_280,h_210,f_jpg?from=ke.com
20240814,朝阳,常营,101124596079,6号线常营北京新天地五期户型方正不临街正对花园,315万,51606元/平,低楼层 (共28层) 1室1厅 | 61.04平米 | 北,https://ke-image.ljcdn.com/110000-inspection/pc1_3YnnrZSvt.jpg!m_fill,w_280,h_210,f_jpg?from=ke.com
20240814,朝阳,常营,101124596032,店长：常营新天地东北一居室6/1八通线地铁,330万,49042元/平,顶层 (共15层) 1室1厅 | 67.29平米 | 北,https://ke-image.ljcdn.com/110000-inspection/fe5aa7af-d992-4922-90ec-823dcd37d8e8_1000.jpg!m_fill,w_280,h_210,f_jpg?from=ke.com
20240814,朝阳,常营,101124593544,满五年唯一一梯两户南北通透布局合理落地窗,509万,52136元/平,顶层 (共6层) 2室1厅 | 97.63平米 | 南 北,https://ke-image.ljcdn.com/110000-inspection/pc1_GoE88rvrB.jpg!m_fill,w_280,h_210,f_jpg?from=ke.com
20240814,朝阳,常营,101124584304,常楹公元两梯三户方正三居室采光好,1050万,79691元/平,高楼层 (共25层) 3室1厅 | 131.76平米 | 南 北,https://ke-image.ljcdn.com/110000-inspection/pc1_XE74D7gjS_2.jpg!m_fill,w_280,h_210,f_jpg?from=ke.com
20240814,朝阳,常营,101124557681,万象新天一区 南北通透 满五唯一  业主诚心出售,960万,70792元/平,底层 (共6层) 3室2厅 | 135.61平米 | 南 北,https://ke-image.ljcdn.com/110000-inspection/pc1_7yIStWju3.jpg!m_fill,w_280,h_210,f_jpg?from=ke.com
20240814,朝阳,常营,101124547423,满五年唯一复式 使用面积大于建筑面积,399万,39412元/平,高楼层 (共7层) 4室2厅 | 101.24平米 | 南 北,https://ke-image.ljcdn.com/110000-inspection/pc1_yh4OtKmzp.jpg!m_fill,w_280,h_210,f_jpg?from=ke.com
20240814,朝阳,常营,101124505210,柏林爱乐二期 纯南向两居采光通风好。,505万,56998元/平,高楼层 (共24层) | 2007年 | 2室1厅 | 88.6平米 | 南,https://ke-image.ljcdn.com/110000-inspection/066529e5-f524-4d44-9d96-b76cabd3339a_1000.jpg!m_fill,w_280,h_210,f_jpg?from=ke.com
20240814,朝阳,常营,101124495362,万象新天二区 南北双通透 大三居 一梯两户,918万,63102元/平,顶层 (共6层) 3室2厅 | 145.48平米 | 南 北,https://ke-image.ljcdn.com/110000-inspection/39ad3ccc-2d41-421b-94d7-8d44762bf647_1000.jpg!m_fill,w_280,h_210,f_jpg?from=ke.com
20240814,朝阳,常营,101124484867,常楹公元 2室1厅 南,609万,69800元/平,底层 (共27层) 2室1厅 | 87.25平米 | 南,https://ke-image.ljcdn.com/110000-inspection/pc1_JGzQ14iXE.jpg!m_fill,w_280,h_210,f_jpg?from=ke.com
20240814,朝阳,常营,101124478670,柏林爱乐四期  满五唯一 价钱可谈  诚心出售,365万,54814元/平,中楼层 (共11层) | 2008年 | 2室1厅 | 66.59平米 | 东,https://ke-image.ljcdn.com/110000-inspection/4a2d0b83-c578-4f61-a419-ce9baef59eb4_1000.jpg!m_fill,w_280,h_210,f_jpg?from=ke.com
20240814,朝阳,常营,101124467912,北京新天地五期、中间层不临街的婚房,430万,58337元/平,中楼层 (共27层) 1室1厅 | 73.71平米 | 南,https://ke-image.ljcdn.com/110000-inspection/3ba5c976-041c-49f9-8e6b-4838e0e223ca_1000.jpg!m_fill,w_280,h_210,f_jpg?from=ke.com
20240814,朝阳,常营,101124462518,看过来！柏林爱乐特殊户型转角阳台大两居不临街房主自荐,625万,51415元/平,低楼层 (共10层) 2室1厅 | 121.56平米 | 南 北,https://ke-image.ljcdn.com/110000-inspection/28680c83-0fae-4213-8e04-18a212cb2b15_1000.jpg!m_fill,w_280,h_210,f_jpg?from=ke.com
20240814,朝阳,常营,101124430181,经典一居小户型 满五唯一诚心出售 高层视野开阔,279万,53799元/平,高楼层 (共20层) | 2009年 | 1室0厅 | 51.86平米 | 北,https://ke-image.ljcdn.com/110000-inspection/pc1_zqtwYqIGH_2.jpg!m_fill,w_280,h_210,f_jpg?from=ke.com
20240814,朝阳,常营,101124429406,北京新天地四期 南向一居室 户型方正 随时签约房主自荐,215万,52684元/平,底层 (共26层) 1室1厅 | 40.81平米 | 南,https://ke-image.ljcdn.com/110000-inspection/pc1_HNA2pKb87.jpg!m_fill,w_280,h_210,f_jpg?from=ke.com
20240814,朝阳,常营,101124426737,南北向三居室采光好视野开阔业主诚意出售！,798万,58664元/平,高楼层 (共28层) 3室2厅 | 136.03平米 | 南 北,https://ke-image.ljcdn.com/110000-inspection/6476888c-df48-40e5-954d-eb49b106f98b_1000.jpg!m_fill,w_280,h_210,f_jpg?from=ke.com
20240814,朝阳,常营,101124377229,万象新天四区 方正三居 一梯两户 小区环境好 诚意出售,595万,50903元/平,顶层 (共5层) 3室2厅 | 116.89平米 | 南 北,https://ke-image.ljcdn.com/110000-inspection/f7800161-0e20-47ef-8385-267db3790674_1000.jpg!m_fill,w_280,h_210,f_jpg?from=ke.com
20240814,朝阳,常营,101124339091,住欣家园满五唯一两居好户型配套齐全交通便利,252万,36570元/平,低楼层 (共26层) | 2010年 | 2室1厅 | 68.91平米 | 东南,https://ke-image.ljcdn.com/110000-inspection/6b72cc8c-2e0f-4183-bc36-77909c009d47_1000.jpg!m_fill,w_280,h_210,f_jpg?from=ke.com
20240814,朝阳,常营,101124302802,平层四居 中层不临街 诚心出售  精装修拎包入住,868万,49998元/平,低楼层 (共27层) | 2010年 | 4室2厅 | 173.61平米 | 南 北,https://ke-image.ljcdn.com/110000-inspection/pc1_4YNmJpGJg.jpg!m_fill,w_280,h_210,f_jpg?from=ke.com
20240814,朝阳,常营,101124298030,六号线草房站 龙湖天街 常营体育公园 朝阳医院东院房主自荐,230万,31932元/平,低楼层 (共21层) | 2010年 | 2室1厅 | 72.03平米 | 东 南,https://ke-image.ljcdn.com/110000-inspection/ceb4692a-273b-46ef-825b-8abf474d529d_1000.jpg!m_fill,w_280,h_210,f_jpg?from=ke.com
20240814,朝阳,常营,101124261193,西南三居室 客厅正对花园 楼下水系小亭 不临街,650万,53279元/平,高楼层 (共28层) | 2008年 | 3室1厅 | 122平米 | 西南,https://ke-image.ljcdn.com/110000-inspection/pc1_Osd4o73RS_1.jpg!m_fill,w_280,h_210,f_jpg?from=ke.com
20240814,朝阳,常营,101124199255,柏林爱乐二期 车位,15万,10998元/平,地下室 (共1层) 1室0厅 | 13.64平米 | 南,https://ke-image.ljcdn.com/110000-inspection/pc1_preNtjKF9.jpg!m_fill,w_280,h_210,f_jpg?from=ke.com
20240814,朝阳,常营,101124192236,万象新天二区 南北通透两居 满五唯一 方便看,620万,57149元/平,底层 (共12层) | 2004年 | 2室2厅 | 108.49平米 | 南 北,https://ke-image.ljcdn.com/110000-inspection/pc1_r7XGMnveN.jpg!m_fill,w_280,h_210,f_jpg?from=ke.com
20240814,朝阳,常营,101124191088,万象新天四区 1室1厅 东北,360万,51673元/平,中楼层 (共9层) 1室1厅 | 69.67平米 | 东北,https://ke-image.ljcdn.com/110000-inspection/76f7d45f-5ad0-437c-9bec-e3bda2fbbb8b_1000.jpg!m_fill,w_280,h_210,f_jpg?from=ke.com
20240814,朝阳,常营,101124183338,北京新天地四期高层西南两居不临街,485万,53432元/平,中楼层 (共28层) | 2009年 | 2室1厅 | 90.77平米 | 西南,https://ke-image.ljcdn.com/110000-inspection/pc1_FNlbBS6M4_1.jpg!m_fill,w_280,h_210,f_jpg?from=ke.com
20240814,朝阳,常营,101124163711,柏林爱乐二期 30万精装修 全明格局房主自荐,378万,58934元/平,高楼层 (共11层) | 2004年 | 2室1厅 | 64.14平米 | 东 西,https://ke-image.ljcdn.com/110000-inspection/c9e06994-8993-48f3-bce3-0702d566a4d1_1000.jpg!m_fill,w_280,h_210,f_jpg?from=ke.com
20240814,朝阳,常营,101124128478,苹果派东北向两居室双阳台设计满五年唯一,345万,43910元/平,中楼层 (共11层) | 2007年 | 2室1厅 | 78.57平米 | 东北,https://ke-image.ljcdn.com/110000-inspection/pc1_IkXMehwDm_1.jpg!m_fill,w_280,h_210,f_jpg?from=ke.com
20240814,朝阳,常营,101124095253,边户三居 一楼无遮挡 南北通透 满五唯一 诚售房主自荐,925万,68211元/平,底层 (共6层) | 2004年 | 3室2厅 | 135.61平米 | 南 北,https://ke-image.ljcdn.com/110000-inspection/9b4340f9-2162-40cd-8f98-6b2fda1ccb3d_1000.jpg!m_fill,w_280,h_210,f_jpg?from=ke.com
20240814,朝阳,常营,101124086064,北京新天地一期 中建一局建设 近地铁1号线 22号线,350万,53838元/平,中楼层 (共28层) | 2007年 | 1室1厅 | 65.01平米 | 东北,https://ke-image.ljcdn.com/110000-inspection/pc1_oJnTDyNxU_1.jpg!m_fill,w_280,h_210,f_jpg?from=ke.com
20240814,朝阳,常营,101124076402,管庄常营西南两居室满五唯一视野好。,525万,57190元/平,高楼层 (共28层) | 2009年 | 2室2厅 | 91.8平米 | 西南,https://ke-image.ljcdn.com/110000-inspection/pc1_OnZp6WPgN_3.jpg!m_fill,w_280,h_210,f_jpg?from=ke.com
20240814,朝阳,常营,101124052171,北京新天地一期南向正规一居室采光好视野宽阔,345万,48606元/平,顶层 (共28层) | 2007年 | 1室1厅 | 70.98平米 | 南,https://ke-image.ljcdn.com/110000-inspection/pc1_4mspMlLwp.jpg!m_fill,w_280,h_210,f_jpg?from=ke.com
20240814,朝阳,常营,101124040532,常楹公元 3室1厅 南 北,968万,79098元/平,低楼层 (共27层) 3室1厅 | 122.38平米 | 南 北,https://ke-image.ljcdn.com/110000-inspection/pc1_b5BbBr20V.jpg!m_fill,w_280,h_210,f_jpg?from=ke.com
20240814,朝阳,常营,101124028145,楼层好视野正看楼下花园不临街拎包入住,319万,51753元/平,中楼层 (共28层) 1室1厅 | 61.64平米 | 北,https://ke-image.ljcdn.com/110000-inspection/pc1_QEPqkFll4_1.jpg!m_fill,w_280,h_210,f_jpg?from=ke.com
20240814,朝阳,常营,101124019284,万象新天四区 3室1厅 南 北,735万,60604元/平,低楼层 (共15层) | 2006年 | 3室1厅 | 121.28平米 | 南 北,https://ke-image.ljcdn.com/110000-inspection/pc1_PK3sI2zBh.jpg!m_fill,w_280,h_210,f_jpg?from=ke.com
20240814,朝阳,常营,101124008724,万象新天四区花园洋房看房方便售房诚意度高,1089万,58458元/平,底层 (共5层) | 2005年 | 4室1厅 | 186.29平米 | 南 北,https://ke-image.ljcdn.com/110000-inspection/1fcab2e3-0d82-4b19-9d18-11e85fc41b1c_1000.jpg!m_fill,w_280,h_210,f_jpg?from=ke.com
20240814,朝阳,常营,101124006777,北京新天地四期不临街北向 精装修,315万,60741元/平,中楼层 (共20层) | 2009年 | 1室1厅 | 51.86平米 | 北,https://ke-image.ljcdn.com/110000-inspection/pc1_HakFtJiUP.jpg!m_fill,w_280,h_210,f_jpg?from=ke.com
20240814,朝阳,常营,101124005688,柏林爱乐四期南北通透格局方正舒适,488万,51860元/平,低楼层 (共15层) | 2008年 | 2室1厅 | 94.1平米 | 南 北,https://ke-image.ljcdn.com/110000-inspection/4e4a8c27-fff2-4bd1-9c0e-17d70d6baba3_1000.jpg!m_fill,w_280,h_210,f_jpg?from=ke.com
20240814,朝阳,常营,101124000254,【店长维护】低楼层南北通透一居  采光好,229万,45509元/平,底层 (共7层) 1室1厅 | 50.32平米 | 南 北,https://ke-image.ljcdn.com/110000-inspection/pc1_Vt9igzsgg.jpg!m_fill,w_280,h_210,f_jpg?from=ke.com
20240814,朝阳,常营,101123999394,北京新天地三期 临街底商 位置好 上下两层  随时看,699万,43239元/平,底层 (共28层) | 2009年 | 3室2厅 | 161.66平米 | 西南,https://ke-image.ljcdn.com/110000-inspection/pc1_kY2Z4MdU9.jpg!m_fill,w_280,h_210,f_jpg?from=ke.com
20240814,朝阳,常营,101123978389,金隅丽景园 1室1厅 南房主自荐,259万,56712元/平,高楼层 (共28层) | 2009年 | 1室1厅 | 45.67平米 | 南,https://ke-image.ljcdn.com/110000-inspection/pc1_kfsVj1BPN_1.jpg!m_fill,w_280,h_210,f_jpg?from=ke.com
20240814,朝阳,常营,101123976339,南北双通透 一梯两户高楼层自住精装,558万,55117元/平,中楼层 (共11层) | 2002年 | 2室1厅 | 101.24平米 | 南 北,https://ke-image.ljcdn.com/110000-inspection/2ff7fc88-19fe-4f7d-b2b9-8865ef10eb1c_1000.jpg!m_fill,w_280,h_210,f_jpg?from=ke.com
20240814,朝阳,常营,101123968079,常楹公元南北三居视野开阔采光充足！,949万,76762元/平,顶层 (共26层) 3室1厅 | 123.63平米 | 南 北,https://ke-image.ljcdn.com/110000-inspection/1fa16ae2-2756-4225-ae1a-de39341fb54c_1000.jpg!m_fill,w_280,h_210,f_jpg?from=ke.com
20240814,朝阳,常营,101123941747,管庄常营全南两居室空间大居住舒适看房方便,485万,48447元/平,低楼层 (共28层) | 2007年 | 2室1厅 | 100.11平米 | 南,https://ke-image.ljcdn.com/110000-inspection/4a0da634-b38b-4474-900a-93d69c8f3e6c_1000.jpg!m_fill,w_280,h_210,f_jpg?from=ke.com
20240814,朝阳,常营,101123940220,常楹公元南向两居视野开阔保持好,599万,68560元/平,底层 (共25层) 2室1厅 | 87.37平米 | 南,https://ke-image.ljcdn.com/110000-inspection/pc1_1Hn8vgv27.jpg!m_fill,w_280,h_210,f_jpg?from=ke.com
20240814,朝阳,常营,101123889072,首付120万 南北通透带电梯小高层 一号线22号线管庄,370万,42736元/平,低楼层 (共11层) 2室1厅 | 86.58平米 | 南 北,https://ke-image.ljcdn.com/110000-inspection/pc1_eQ5Wac6Kc.jpg!m_fill,w_280,h_210,f_jpg?from=ke.com
20240814,朝阳,常营,101123883760,两梯两户满五唯一商品房首套首付60万,305万,45462元/平,低楼层 (共28层) | 2009年 | 1室1厅 | 67.09平米 | 东北,https://ke-image.ljcdn.com/110000-inspection/pc1_yprlxDTyk.jpg!m_fill,w_280,h_210,f_jpg?from=ke.com
20240814,朝阳,常营,101123873503,万象新天天际高尔夫 2室1厅 西北,435万,64694元/平,低楼层 (共18层) 2室1厅 | 67.24平米 | 西北,https://ke-image.ljcdn.com/110000-inspection/486b6642-c895-4b24-8931-7012e730c330_1000.jpg!m_fill,w_280,h_210,f_jpg?from=ke.com
20240814,朝阳,常营,101123846904,30万精装婚房 家具家电齐全 直接拎包入住 看房方便,389万,59083元/平,中楼层 (共28层) | 2008年 | 1室1厅 | 65.84平米 | 东北,https://ke-image.ljcdn.com/110000-inspection/pc1_RJ0QQLEqh_1.jpg!m_fill,w_280,h_210,f_jpg?from=ke.com
20240814,朝阳,常营,101123846212,柏林爱乐一期板楼三阳面户型小区中间位置,879万,57602元/平,中楼层 (共8层) 3室2厅 | 152.6平米 | 南 北,https://ke-image.ljcdn.com/110000-inspection/99f0585f-70bb-4469-bb1a-0226742a87d0_1000.jpg!m_fill,w_280,h_210,f_jpg?from=ke.com
20240814,朝阳,常营,101123845784,2013年的房子 中间位置不临街 满五唯一 接受换房周期,539万,54128元/平,高楼层 (共28层) 2室1厅 | 99.58平米 | 西南,https://ke-image.ljcdn.com/110000-inspection/2c9eeb4b-7b68-4a7d-9c0a-18cba47e8f00_1000.jpg!m_fill,w_280,h_210,f_jpg?from=ke.com
20240814,朝阳,常营,101123816832,四期不临街 楼下水系/小区花园 满五唯一宜居,320万,48201元/平,低楼层 (共28层) | 2009年 | 1室1厅 | 66.39平米 | 东北,https://ke-image.ljcdn.com/110000-inspection/1fe4a3df-22ee-42fc-8582-26ce527090c0_1000.jpg!m_fill,w_280,h_210,f_jpg?from=ke.com
20240814,朝阳,常营,101123766067,满五唯一 大复式 户型好 落地窗,565万,36542元/平,顶层 (共6层) 4室1厅 | 154.62平米 | 南 北,https://ke-image.ljcdn.com/110000-inspection/pc1_oGXMk8pkW.jpg!m_fill,w_280,h_210,f_jpg?from=ke.com
20240814,朝阳,常营,101123712608,满五唯一拎包入住随时可看地铁6号线常营站南,289万,46027元/平,中楼层 (共28层) | 2007年 | 1室2厅 | 62.79平米 | 北,https://ke-image.ljcdn.com/110000-inspection/0644de1a-37af-4563-8927-790cacdf4bb7_1000.jpg!m_fill,w_280,h_210,f_jpg?from=ke.com
20240814,朝阳,常营,101123702848,柏林爱乐二期 采光好 无遮挡 业主自住 朝南正规两居房主自荐,512万,49374元/平,低楼层 (共21层) 2室1厅 | 103.7平米 | 南,https://ke-image.ljcdn.com/110000-inspection/60e6250d-0bbd-4387-ba7a-2815a67959a0_1000.jpg!m_fill,w_280,h_210,f_jpg?from=ke.com
20240814,朝阳,常营,101123702314,柏林爱乐二期 1室0厅 北 南,370万,62290元/平,底层 (共7层) | 2004年 | 1室0厅 | 59.4平米 | 北 南,https://ke-image.ljcdn.com/110000-inspection/f7f59132-7b53-46bf-b4e1-45cd2fc4d6e3_1000.jpg!m_fill,w_280,h_210,f_jpg?from=ke.com
20240814,朝阳,常营,101123689091,6号线/1号线/22号线常营龙湖天街不临街 全南高层,465万,51071元/平,顶层 (共27层) 2室1厅 | 91.05平米 | 南,https://ke-image.ljcdn.com/110000-inspection/pc1_v1W4uTKM0.jpg!m_fill,w_280,h_210,f_jpg?from=ke.com
20240814,朝阳,常营,101123688505,西南方正两居 高楼层视野开阔 没有遮挡 不临街,388万,44096元/平,高楼层 (共18层) | 2010年 | 2室1厅 | 87.99平米 | 西南,https://ke-image.ljcdn.com/110000-inspection/faf30341-8a1a-462a-8689-8cf3738a92fd_1000.jpg!m_fill,w_280,h_210,f_jpg?from=ke.com
20240814,朝阳,常营,101123682218,首开畅心园  南向一居室  不临街,225万,44187元/平,中楼层 (共29层) 1室1厅 | 50.92平米 | 南,https://ke-image.ljcdn.com/110000-inspection/4c6ac522-65a9-407f-b536-db29febe2268_1000.jpg!m_fill,w_280,h_210,f_jpg?from=ke.com
20240814,朝阳,常营,101123632528,馨岛苑    带电梯  满五年唯一商品房   有钥匙随时看,515万,41600元/平,中楼层 (共11层) 3室1厅 | 123.8平米 | 南 北,https://ke-image.ljcdn.com/110000-inspection/pc1_sJJXU3iBJ_1.jpg!m_fill,w_280,h_210,f_jpg?from=ke.com
20240814,朝阳,常营,101123597295,柏林爱乐 东西通透 满五唯一 诚意出售,369万,51508元/平,高楼层 (共11层) | 2007年 | 1室1厅 | 71.64平米 | 东 西,https://ke-image.ljcdn.com/110000-inspection/dab0dbc4-0757-42cf-8f34-65420ca31543_1000.jpg!m_fill,w_280,h_210,f_jpg?from=ke.com
20240814,朝阳,常营,101123551694,金隅丽景园 1室1厅 西,175万,35162元/平,高楼层 (共28层) | 2009年 | 1室1厅 | 49.77平米 | 西,https://ke-image.ljcdn.com/110000-inspection/713b6688-f9c0-402f-9bcf-94c973eddb97_1000.jpg!m_fill,w_280,h_210,f_jpg?from=ke.com
20240814,朝阳,常营,101123547218,万方家园  全南向  看房随时,349万,50267元/平,高楼层 (共6层) 1室1厅 | 69.43平米 | 南,https://ke-image.ljcdn.com/110000-inspection/pc1_jcLz5M5Ts.jpg!m_fill,w_280,h_210,f_jpg?from=ke.com
20240814,朝阳,常营,101123531747,南北三居 满五唯一 人车分流 一梯两户,850万,59143元/平,中楼层 (共8层) 3室2厅 | 143.72平米 | 南 北,https://ke-image.ljcdn.com/110000-inspection/1812dd1c-bf49-4b0b-828a-107bf10ba148_1000.jpg!m_fill,w_280,h_210,f_jpg?from=ke.com
20240814,朝阳,常营,101123529498,常楹公元  精装修三居室 物业好 环境好 户型好 高品质,888万,67396元/平,低楼层 (共25层) 3室1厅 | 131.76平米 | 南 北,https://ke-image.ljcdn.com/110000-inspection/pc1_S6icA2rAp.jpg!m_fill,w_280,h_210,f_jpg?from=ke.com
20240814,朝阳,常营,101123527399,总监推荐！！ 丽景园满五唯一,270万,40149元/平,中楼层 (共28层) | 2009年 | 2室1厅 | 67.25平米 | 南 北,https://ke-image.ljcdn.com/110000-inspection/7ac227a7-63e9-41d2-890e-9d81791f4bad_1000.jpg!m_fill,w_280,h_210,f_jpg?from=ke.com
20240814,朝阳,常营,101123487690,北京新天地五期 满五年唯一 精装修 看房方便,369万,60245元/平,底层 (共27层) | 2013年 | 1室1厅 | 61.25平米 | 东,https://ke-image.ljcdn.com/110000-inspection/pc1_wl74zWQbI.jpg!m_fill,w_280,h_210,f_jpg?from=ke.com
20240814,朝阳,常营,101123478353,满五年唯一 双卫设计的南北通透户型 交通方便,449万,46645元/平,底层 (共10层) | 2007年 | 2室1厅 | 96.26平米 | 南 北,https://ke-image.ljcdn.com/110000-inspection/4936d740-3df1-499f-ad7b-cf236c248039_1000.jpg!m_fill,w_280,h_210,f_jpg?from=ke.com
20240814,朝阳,常营,101123453315,北京新天地五期 正对五期花园 无遮挡,392万,56420元/平,中楼层 (共27层) 1室1厅 | 69.48平米 | 东北,https://ke-image.ljcdn.com/110000-inspection/042bc772-ca21-48f6-bdbf-212934f9f65f_1000.jpg!m_fill,w_280,h_210,f_jpg?from=ke.com
20240814,朝阳,常营,101123446773,北京新天地五期 南北四居室 户型方正 诚心出售,890万,51265元/平,底层 (共27层) 4室2厅 | 173.61平米 | 南 北,https://ke-image.ljcdn.com/110000-inspection/15387a60-25a8-4e48-9147-424ba54250ee_1000.jpg!m_fill,w_280,h_210,f_jpg?from=ke.com
20240814,朝阳,常营,101123430145,房子精装修高楼层没有遮挡采光好首付70万房主自荐,318万,46772元/平,中楼层 (共28层) | 2010年 | 2室1厅 | 67.99平米 | 东 南,https://ke-image.ljcdn.com/110000-inspection/pc1_GpJ4jG7Mz_1.jpg!m_fill,w_280,h_210,f_jpg?from=ke.com
20240814,朝阳,常营,101123385210,和锦薇棠叠拼别墅私家电梯入户有花园独门独院,2350万,82361元/平,底层 (共6层) | 2020年 | 4室2厅 | 285.33平米 | 南 北,https://ke-image.ljcdn.com/110000-inspection/e9fb1cf3-992e-4c67-bb14-e5430e03a52c_1000.jpg!m_fill,w_280,h_210,f_jpg?from=ke.com
20240814,朝阳,常营,101123353241,金隅丽景园 商品房  随时签约 诚心出售 方便看房,213万,42221元/平,低楼层 (共27层) | 2010年 | 1室1厅 | 50.45平米 | 东,https://ke-image.ljcdn.com/110000-inspection/213005d6-daaa-4ec5-9218-0d6c97ec6cd7_1000.jpg!m_fill,w_280,h_210,f_jpg?from=ke.com
20240814,朝阳,常营,101123341392,万象新天二区 3室2厅 南 北,998万,73801元/平,底层 (共6层) | 2004年 | 3室2厅 | 135.23平米 | 南 北,https://ke-image.ljcdn.com/110000-inspection/f385074d-1d75-4a0e-9257-ecae854b7053_1000.jpg!m_fill,w_280,h_210,f_jpg?from=ke.com
20240814,朝阳,常营,101123302489,住欣家园 2室1厅 西南,318万,46765元/平,低楼层 (共28层) | 2010年 | 2室1厅 | 68平米 | 西南,https://ke-image.ljcdn.com/110000-inspection/68c1824e-41a1-4a85-aa53-8cf17640ed65_1000.jpg!m_fill,w_280,h_210,f_jpg?from=ke.com
20240814,朝阳,常营,101123248488,万象新天天际高尔夫 经典一居室,489万,85700元/平,中楼层 (共18层) | 2011年 | 1室1厅 | 57.06平米 | 南,https://ke-image.ljcdn.com/110000-inspection/pc1_Lm9ur1j74.jpg!m_fill,w_280,h_210,f_jpg?from=ke.com
20240814,朝阳,常营,101123158355,住欣家园满五唯一两居采光好诚心出售,255万,38890元/平,低楼层 (共28层) | 2010年 | 2室1厅 | 65.57平米 | 东南,https://ke-image.ljcdn.com/110000-inspection/66620fa3-c255-4cfd-a8d0-071326c4f3d9_1000.jpg!m_fill,w_280,h_210,f_jpg?from=ke.com
20240814,朝阳,常营,101123157895,住欣家园 2室1厅 西,260万,36980元/平,低楼层 (共21层) | 2010年 | 2室1厅 | 70.31平米 | 西,https://ke-image.ljcdn.com/110000-inspection/28b9cc65-c5c6-4d9e-927d-b6d18a896563_1000.jpg!m_fill,w_280,h_210,f_jpg?from=ke.com
20240814,朝阳,常营,101123144577,苹果派业主诚心出售有钥匙随时看可做两套房子,760万,97100元/平,中楼层 (共11层) | 2007年 | 5室1厅 | 78.27平米 | 南,https://ke-image.ljcdn.com/110000-inspection/3dec2193-bb16-4441-894f-98beffa54170_1000.jpg!m_fill,w_280,h_210,f_jpg?from=ke.com
20240814,朝阳,常营,101123144329,长楹天街东区 精装三居 200平米,1350万,111276元/平,顶层 (共18层) 3室2厅 | 121.32平米 | 南 北,https://ke-image.ljcdn.com/110000-inspection/pc1_W61j2cXdx.jpg!m_fill,w_280,h_210,f_jpg?from=ke.com
20240814,朝阳,常营,101123138024,首开畅心园  6号线草房地铁 精装修南向一居室,280万,53930元/平,中楼层 (共26层) | 2010年 | 1室1厅 | 51.92平米 | 南,https://ke-image.ljcdn.com/110000-inspection/b6594ab5-7cff-407d-b983-57139cf3cc6e_1000.jpg!m_fill,w_280,h_210,f_jpg?from=ke.com
20240814,朝阳,常营,101123129553,柏林爱乐二期 柏林爱乐二期 满五年唯一 方便看房,385万,57887元/平,顶层 (共11层) | 2004年 | 1室1厅 | 66.51平米 | 东,https://ke-image.ljcdn.com/110000-inspection/064039fd-6468-4242-81b3-c91e13d5970e_1000.jpg!m_fill,w_280,h_210,f_jpg?from=ke.com
20240814,朝阳,常营,101123116885,北京新天地五期 不临街 高层观景 正对五期花园水系,369万,60453元/平,中楼层 (共28层) 1室1厅 | 61.04平米 | 北,https://ke-image.ljcdn.com/110000-inspection/d00e710a-f59c-495a-8569-e5dd90eebaba_1000.jpg!m_fill,w_280,h_210,f_jpg?from=ke.com
20240814,朝阳,常营,101123094729,地铁 22号线 八通线  6号线  不临街 高楼层 两居室,498万,54606元/平,高楼层 (共28层) | 2008年 | 2室1厅 | 91.2平米 | 南,https://ke-image.ljcdn.com/110000-inspection/pc1_HhHKu4q61.jpg!m_fill,w_280,h_210,f_jpg?from=ke.com
20240814,朝阳,常营,101123077216,六号线草房站 龙湖天街 常营体育公园 朝阳医院东院,310万,44676元/平,中楼层 (共28层) | 2009年 | 2室1厅 | 69.39平米 | 南 西,https://ke-image.ljcdn.com/110000-inspection/d08f8c5c-07d8-470f-924c-897d8d855336_1000.jpg!m_fill,w_280,h_210,f_jpg?from=ke.com
20240814,朝阳,常营,101123076103,柏林爱乐二期满五年唯一正规德式建筑户型方正,293万,50605元/平,低楼层 (共21层) | 2005年 | 1室1厅 | 57.9平米 | 东北,https://ke-image.ljcdn.com/110000-inspection/pc1_6gCNhFxY8_2.jpg!m_fill,w_280,h_210,f_jpg?from=ke.com
20240814,朝阳,常营,101123075641,柏林爱乐二期 小户型 正规一居室,313万,53985元/平,低楼层 (共21层) | 2005年 | 1室1厅 | 57.98平米 | 西北,https://ke-image.ljcdn.com/110000-inspection/e7dc765c-b1ff-4b97-9c10-97dc79792355_1000.jpg!m_fill,w_280,h_210,f_jpg?from=ke.com
20240814,朝阳,常营,101123049117,柏林爱乐满五唯一明厨明卫面宽4米6宽敞舒适,698万,56827元/平,中楼层 (共8层) 2室1厅 | 122.83平米 | 南 北,https://ke-image.ljcdn.com/110000-inspection/pc1_sQdC35vtP.jpg!m_fill,w_280,h_210,f_jpg?from=ke.com
20240814,朝阳,常营,101123034176,万象新天四区小区的通透两居室格局好实用面积大,480万,59858元/平,中楼层 (共5层) | 2005年 | 2室1厅 | 80.19平米 | 东 西,https://ke-image.ljcdn.com/110000-inspection/a5a07d07-2a6f-4f65-9d7d-a396d71b1abd_1000.jpg!m_fill,w_280,h_210,f_jpg?from=ke.com
20240814,朝阳,常营,101123032727,馨岛苑 正南向 精装修 在建22号线,319万,44924元/平,高楼层 (共11层) 1室1厅 | 71.01平米 | 南,https://ke-image.ljcdn.com/110000-inspection/ad080e26-2572-4154-9674-24b9a94b4b71_1000.jpg!m_fill,w_280,h_210,f_jpg?from=ke.com
20240814,朝阳,常营,101123017295,鑫兆佳园 精装修 中高楼层 诚心出售房主自荐,252万,51189元/平,高楼层 (共21层) | 2005年 | 1室0厅 | 49.23平米 | 北,https://ke-image.ljcdn.com/110000-inspection/pc1_7sluCJr6I.jpg!m_fill,w_280,h_210,f_jpg?from=ke.com
20240814,朝阳,常营,101123003845,和锦微棠上叠户型 精装修可拎包入住 商圈成熟 配套全,1950万,107385元/平,高楼层 (共6层) 4室3厅 | 181.59平米 | 南 北,https://ke-image.ljcdn.com/110000-inspection/pc1_MLJ3lS5OF.jpg!m_fill,w_280,h_210,f_jpg?from=ke.com
20240814,朝阳,常营,101122998154,地铁1号线 22 号线 北京新天地三期 精致装修 落地窗,348万,56275元/平,中楼层 (共28层) | 2009年 | 1室1厅 | 61.84平米 | 北,https://ke-image.ljcdn.com/110000-inspection/pc1_DYoaqODLy.jpg!m_fill,w_280,h_210,f_jpg?from=ke.com
20240814,朝阳,常营,101122988799,地铁6号线200米21年交房百年精工品质新风地暖中央空调,1169万,84113元/平,中楼层 (共18层) 3室2厅 | 138.98平米 | 南 北,https://ke-image.ljcdn.com/110000-inspection/9fb3857c-f65e-4e95-acd2-0771902ada58_1000.jpg!m_fill,w_280,h_210,f_jpg?from=ke.com
20240814,朝阳,常营,101122987500,北辰福第南区 商品房报价 满五唯一 着急卖看房方便！,460万,54484元/平,高楼层 (共16层) 2室1厅 | 84.43平米 | 南 北,https://ke-image.ljcdn.com/110000-inspection/a146b18e-c2fc-4371-90e6-ab98df90f53c_1000.jpg!m_fill,w_280,h_210,f_jpg?from=ke.com
20240814,朝阳,常营,101122969516,此房满5唯一南北通透精装修视野宽阔采光充足,739万,51535元/平,顶层 (共27层) | 2011年 | 3室1厅 | 143.4平米 | 南 北,https://ke-image.ljcdn.com/110000-inspection/e21f497a-7fb5-4922-9e6b-d8d6c5ceab0e_1000.jpg!m_fill,w_280,h_210,f_jpg?from=ke.com
20240814,朝阳,常营,101122961718,【商圈推荐】2010年次新小区近地铁适合刚需人群房主自荐,219万,42791元/平,低楼层 (共28层) | 2009年 | 1室1厅 | 51.18平米 | 西,https://ke-image.ljcdn.com/110000-inspection/99ed5a72-51d9-4774-93ab-3103a2bf42ea_1000.jpg!m_fill,w_280,h_210,f_jpg?from=ke.com
20240814,朝阳,常营,101122960717,房为满5唯一双飘窗南向户型格局好无浪费面积,500万,51911元/平,底层 (共26层) | 2009年 | 2室1厅 | 96.32平米 | 南,https://ke-image.ljcdn.com/110000-inspection/fb6a6de5-194b-4618-814d-7d22ce93a78e_1000.jpg!m_fill,w_280,h_210,f_jpg?from=ke.com
20240814,朝阳,常营,101122959240,北京新天地四期  南向开间 中高楼层 满五唯一 不临街房主自荐,309万,58324元/平,高楼层 (共20层) | 2009年 | 1室0厅 | 52.98平米 | 南,https://ke-image.ljcdn.com/110000-inspection/25d1842b-3bc2-4572-a3e5-03a635a587e9_1000.jpg!m_fill,w_280,h_210,f_jpg?from=ke.com
20240814,朝阳,常营,101122956607,房子满五年唯一无遮挡视野开阔不临路前后花园房主自荐,609万,59859元/平,高楼层 (共26层) 2室1厅 | 101.74平米 | 南,https://ke-image.ljcdn.com/110000-inspection/62cfd009-a58d-443d-8a5a-6c6478c7fe61_1000.jpg!m_fill,w_280,h_210,f_jpg?from=ke.com
20240814,朝阳,常营,101122955672,柏林爱乐 南向一居 满五唯一 诚意出售,325万,51612元/平,低楼层 (共21层) | 2007年 | 1室1厅 | 62.97平米 | 南,https://ke-image.ljcdn.com/110000-inspection/pc1_Qv4cTh4tn.jpg!m_fill,w_280,h_210,f_jpg?from=ke.com
20240814,朝阳,常营,101122952867,北京新天地五期精装南向两居室拎包入住,529万,58752元/平,低楼层 (共27层) 2室1厅 | 90.04平米 | 南,https://ke-image.ljcdn.com/110000-inspection/ba387134-8582-458b-9b26-91bc9b70bd5b_1000.jpg!m_fill,w_280,h_210,f_jpg?from=ke.com
20240814,朝阳,常营,101122931964,管庄常营北向看房方便诚意出售。房主自荐,246万,47436元/平,高楼层 (共20层) | 2009年 | 1室1厅 | 51.86平米 | 北,https://ke-image.ljcdn.com/110000-inspection/88e9ff61-2eee-4fa0-9ae2-45baf7d309fd_1000.jpg!m_fill,w_280,h_210,f_jpg?from=ke.com
20240814,朝阳,常营,101122880611,总监推荐优点社区刚需两居满五唯一中间楼层,345万,43994元/平,中楼层 (共6层) 2室1厅 | 78.42平米 | 东 西,https://ke-image.ljcdn.com/110000-inspection/pc1_7ohFLlKh1.jpg!m_fill,w_280,h_210,f_jpg?from=ke.com
20240814,朝阳,常营,101122880128,店长推荐 万方家园 满五年唯一 挑高高 看房方便,385万,41301元/平,顶层 (共6层) 2室1厅 | 93.22平米 | 北 南,https://ke-image.ljcdn.com/110000-inspection/8c858013-2cdb-4534-84c6-04eb627a4a53_1000.jpg!m_fill,w_280,h_210,f_jpg?from=ke.com
20240814,朝阳,常营,101122879305,南北通透两居室低楼层无遮挡,510万,54552元/平,底层 (共6层) | 2006年 | 2室1厅 | 93.49平米 | 南 北,https://ke-image.ljcdn.com/110000-inspection/6ea36d68-7533-42b2-9a99-c2ca8c8c0825_1000.jpg!m_fill,w_280,h_210,f_jpg?from=ke.com
20240814,朝阳,常营,101122851097,叠拼别墅有花园私家地库私家电梯配套齐全,1439万,81623元/平,中楼层 (共6层) 4室1厅 | 176.3平米 | 南 北,https://ke-image.ljcdn.com/110000-inspection/pc1_JEe9PJJzD.jpg!m_fill,w_280,h_210,f_jpg?from=ke.com
20240814,朝阳,常营,101122828452,叠拼别墅私家电梯私家车位独门独户,1526万,86558元/平,中楼层 (共6层) | 2020年 | 4室1厅 | 176.3平米 | 南 北,https://ke-image.ljcdn.com/110000-inspection/pc1_4Q6RHFyyh.jpg!m_fill,w_280,h_210,f_jpg?from=ke.com
20240814,朝阳,常营,101122828337,和锦薇棠 城中墅 是私家电梯保利自持的物业,1850万,104027元/平,高楼层 (共6层) 4室2厅 | 177.84平米 | 南 北,https://ke-image.ljcdn.com/110000-inspection/833fa18f-5792-47f0-85f0-7186e720ea97_1000.jpg!m_fill,w_280,h_210,f_jpg?from=ke.com
20240814,朝阳,常营,101122796088,首开畅心园 2室1厅 南,289万,42544元/平,中楼层 (共28层) | 2010年 | 2室1厅 | 67.93平米 | 南,https://ke-image.ljcdn.com/110000-inspection/pc1_YtsRb9Oer_1.jpg!m_fill,w_280,h_210,f_jpg?from=ke.com
20240814,朝阳,常营,101122690880,朝阳区东五环叠拼别墅 独门独院 私家电梯,1562万,85444元/平,中楼层 (共6层) 4室2厅 | 182.81平米 | 南 北,https://ke-image.ljcdn.com/110000-inspection/pc1_KLMM1Ljph.jpg!m_fill,w_280,h_210,f_jpg?from=ke.com
20240814,朝阳,常营,101122535108,店长推荐 满五年唯一 挑高高有夹层 看房方便 钢混,189万,44036元/平,顶层 (共6层) | 2006年 | 1室1厅 | 42.92平米 | 南,https://ke-image.ljcdn.com/110000-inspection/37246b68-3c1e-4dc0-82d0-eeaefbb17bbe_1000.jpg!m_fill,w_280,h_210,f_jpg?from=ke.com
20240814,朝阳,常营,101122420049,柏林爱乐二期 复式格局 动静分离 朝南向 近地铁6号线,880万,46931元/平,中楼层 (共22层) | 2004年 | 3室1厅 | 187.51平米 | 南,https://ke-image.ljcdn.com/110000-inspection/pc1_NVajQ9C0W_1.jpg!m_fill,w_280,h_210,f_jpg?from=ke.com
20240814,朝阳,常营,101122390023,鑫兆佳园、阅读莱茵 柏林爱乐二期 配套齐全 都不少,775万,55279元/平,顶层 (共7层) | 2004年 | 3室1厅 | 140.2平米 | 南 北,https://ke-image.ljcdn.com/110000-inspection/c03b791f-cd34-4306-aa1e-eb35b9b04ecb_1000.jpg!m_fill,w_280,h_210,f_jpg?from=ke.com
20240814,朝阳,常营,101122342887,万象新天二区 花园洋房 六层板楼 满五唯一,880万,68670元/平,底层 (共6层) 3室2厅 | 128.15平米 | 南 北,https://ke-image.ljcdn.com/110000-inspection/pc1_cOI9sCTEZ_1.jpg!m_fill,w_280,h_210,f_jpg?from=ke.com
20240814,朝阳,常营,101122139635,万象新天三区 人车分流小区 近地铁,1230万,73228元/平,低楼层 (共16层) 4室2厅 | 167.97平米 | 南 北,https://ke-image.ljcdn.com/110000-inspection/23e3b666-1aaa-4bf2-82e1-cd5d989dd390_1000.jpg!m_fill,w_280,h_210,f_jpg?from=ke.com
20240814,朝阳,常营,101121981760,北京新天地一期 西南北两居 中间层,495万,52431元/平,中楼层 (共28层) | 2007年 | 2室1厅 | 94.41平米 | 西南 北,https://ke-image.ljcdn.com/110000-inspection/31689483-aa23-4f25-98a3-f965e670bb30_1000.jpg!m_fill,w_280,h_210,f_jpg?from=ke.com
20240814,朝阳,常营,101121932995,北京新天地五期 3室1厅 东南,680万,54584元/平,顶层 (共27层) | 2010年 | 3室1厅 | 124.58平米 | 东南,https://ke-image.ljcdn.com/110000-inspection/pc1_Ng0OT1ap6_1.jpg!m_fill,w_280,h_210,f_jpg?from=ke.com
20240814,朝阳,常营,101121875846,满五年唯一不临街2梯4户居住安静。房主自荐,579万,61668元/平,中楼层 (共28层) 2室1厅 | 93.89平米 | 西南,https://ke-image.ljcdn.com/110000-inspection/pc1_05N9iQDan_1.jpg!m_fill,w_280,h_210,f_jpg?from=ke.com
20240814,朝阳,常营,101121866088,住欣家园 3室1厅 西北,339万,37869元/平,低楼层 (共26层) | 2010年 | 3室1厅 | 89.52平米 | 西北,https://ke-image.ljcdn.com/110000-inspection/1647bea0-567f-4915-aeb4-2ee54b37418d_1000.jpg!m_fill,w_280,h_210,f_jpg?from=ke.com
20240814,朝阳,常营,101121563360,柏林爱乐二期 高楼层三居 采光视野好,690万,44710元/平,中楼层 (共19层) | 2004年 | 3室2厅 | 154.33平米 | 南 西 北,https://ke-image.ljcdn.com/110000-inspection/pc1_2saE9KG8p.jpg!m_fill,w_280,h_210,f_jpg?from=ke.com
20240814,朝阳,常营,101121487057,荟康苑 3室1厅 南 北,429万,52977元/平,中楼层 (共7层) 3室1厅 | 80.98平米 | 南 北,https://ke-image.ljcdn.com/110000-inspection/pc1_DBwExAsgn_1.jpg!m_fill,w_280,h_210,f_jpg?from=ke.com
20240814,朝阳,常营,101121470260,装修精美可以拎包入住户型方正无遮挡业主诚意出售房主自荐,309万,51100元/平,低楼层 (共28层) | 2008年 | 1室1厅 | 60.47平米 | 北,https://ke-image.ljcdn.com/110000-inspection/e1696bbb-9f64-47b9-a5b4-79ae61fbc937_1000.jpg!m_fill,w_280,h_210,f_jpg?from=ke.com
20240814,朝阳,常营,101121278813,柏林爱乐二期新上一居中间位置视野采光好,305万,52678元/平,低楼层 (共21层) | 2005年 | 1室1厅 | 57.9平米 | 西北,https://ke-image.ljcdn.com/110000-inspection/pc1_Z3CcUd5r4_1.jpg!m_fill,w_280,h_210,f_jpg?from=ke.com
20240814,朝阳,常营,101121109620,柏林爱乐二期精装开间业主诚意出售,275万,55861元/平,低楼层 (共21层) | 2005年 | 1室0厅 | 49.23平米 | 北,https://ke-image.ljcdn.com/110000-inspection/pc1_CXganl1U7_1.jpg!m_fill,w_280,h_210,f_jpg?from=ke.com
20240814,朝阳,常营,101121080563,北京新天地 业主诚心出售一居室,362万,55445元/平,中楼层 (共28层) 1室1厅 | 65.29平米 | 西北,https://ke-image.ljcdn.com/110000-inspection/pc1_iWBVqzrZp.jpg!m_fill,w_280,h_210,f_jpg?from=ke.com
20240814,朝阳,常营,101121050882,此房是万象新天一区下叠带前后花园,1150万,63978元/平,底层 (共4层) 4室2厅 | 179.75平米 | 南 北,https://ke-image.ljcdn.com/110000-inspection/pc1_f0zy1dAxs_1.jpg!m_fill,w_280,h_210,f_jpg?from=ke.com
20240814,朝阳,常营,101121028450,顶层复式精装自己住保持的好看房方便房主自荐,520万,50208元/平,高楼层 (共7层) 3室2厅 | 103.57平米 | 南 北,https://ke-image.ljcdn.com/110000-inspection/1af9c63a-6cda-410c-a21e-ed71c1327985_1000.jpg!m_fill,w_280,h_210,f_jpg?from=ke.com
20240814,朝阳,常营,101120987709,住欣家园东南两居室业主坐等签约诚心出售 精装修,216万,30535元/平,底层 (共26层) | 2010年 | 2室1厅 | 70.74平米 | 东南,https://ke-image.ljcdn.com/110000-inspection/a08e6161-d375-4de8-bd55-fe293a8597ea_1000.jpg!m_fill,w_280,h_210,f_jpg?from=ke.com
20240814,朝阳,常营,101120744609,地铁6号200米 朝青知筑 2021年次新房 精装地暖新风,1250万,90039元/平,中楼层 (共18层) 3室2厅 | 138.83平米 | 南 北,https://ke-image.ljcdn.com/110000-inspection/pc1_HsVsO9QhQ.jpg!m_fill,w_280,h_210,f_jpg?from=ke.com
20240814,朝阳,常营,101120464791,柏林爱乐一期 南北通透 复式户型房主自荐,800万,61548元/平,高楼层 (共10层) | 2002年 | 3室2厅 | 129.98平米 | 南 北,https://ke-image.ljcdn.com/110000-inspection/b006d63a-bb8b-4de9-9aeb-31e73ce5364a_1000.jpg!m_fill,w_280,h_210,f_jpg?from=ke.com
20240814,朝阳,常营,101119939663,柏林爱乐 南北通透一居室 前后不临街 采光好,329万,55017元/平,低楼层 (共8层) 1室1厅 | 59.8平米 | 南 北,https://ke-image.ljcdn.com/110000-inspection/pc1_m0oE6Wcrt_1.jpg!m_fill,w_280,h_210,f_jpg?from=ke.com
20240814,朝阳,常营,101119349653,新天地五期 满五年 正对小区花园 全明格局,549万,61658元/平,高楼层 (共27层) | 2013年 | 2室1厅 | 89.04平米 | 西北,https://ke-image.ljcdn.com/110000-inspection/18c95b38-0fb6-495d-9eb5-fe86152c31b2_1000.jpg!m_fill,w_280,h_210,f_jpg?from=ke.com
20240814,朝阳,常营,101119149572,满五年唯一商品房大落地窗正对花园无遮挡房主自荐,210万,51750元/平,底层 (共11层) | 2008年 | 1室0厅 | 40.58平米 | 西,https://ke-image.ljcdn.com/110000-inspection/35e21b24-72e2-4c9e-8032-cd532de12247_1000.jpg!m_fill,w_280,h_210,f_jpg?from=ke.com
20240814,朝阳,常营,101117409415,和锦薇棠 5室1厅 南 北,2150万,120896元/平,高楼层 (共6层) 5室1厅 | 177.84平米 | 南 北,https://ke-image.ljcdn.com/110000-inspection/pc1_J9Pcfqpl4_1.jpg!m_fill,w_280,h_210,f_jpg?from=ke.com
20240814,朝阳,常营,101126012935,富力阳光中楼层视野好采光充足无遮挡,435万,48888元/平,中楼层 (共20层) | 2010年 | 2室1厅 | 88.98平米 | 南 北,https://s1.ljcdn.com/pegasus/redskull/images/common/default_house_list.png?_v=20240807182020
20240814,朝阳,常营,101125998292,北京像素南区 2室1厅 西南,175万,31334元/平,低楼层 (共16层) | 2011年 | 2室1厅 | 55.85平米 | 西南,https://s1.ljcdn.com/pegasus/redskull/images/common/default_house_list.png?_v=20240807182020
20240814,朝阳,常营,101125993360,保利嘉园一号院 2室2厅 东南新上,420万,46683元/平,低楼层 (共24层) | 2010年 | 2室2厅 | 89.97平米 | 东南,https://s1.ljcdn.com/pegasus/redskull/images/common/default_house_list.png?_v=20240807182020
20240814,朝阳,常营,101125987349,万象新天四区 1室1厅 东北新上,360万,51217元/平,中楼层 (共10层) | 2005年 | 1室1厅 | 70.29平米 | 东北,https://s1.ljcdn.com/pegasus/redskull/images/common/default_house_list.png?_v=20240807182020
20240814,朝阳,常营,101125986959,住欣家园 1室1厅 东新上,220万,44391元/平,中楼层 (共28层) | 2010年 | 1室1厅 | 49.56平米 | 东,https://s1.ljcdn.com/pegasus/redskull/images/common/default_house_list.png?_v=20240807182020
20240814,朝阳,常营,101125938846,常营保利嘉园东南方正两居业主诚心出售新上,385万,43114元/平,中楼层 (共29层) | 2010年 | 2室1厅 | 89.3平米 | 东南,https://s1.ljcdn.com/pegasus/redskull/images/common/default_house_list.png?_v=20240807182020
20240814,朝阳,常营,101125932602,北京像素南区 2室1厅 南 北新上,185万,33328元/平,中楼层 (共16层) | 2011年 | 2室1厅 | 55.51平米 | 南 北,https://s1.ljcdn.com/pegasus/redskull/images/common/default_house_list.png?_v=20240807182020
20240814,朝阳,常营,101125924646,新上 满五年 无遮挡 商品房 随时签约 诚心出售新上,219万,44189元/平,中楼层 (共28层) | 2010年 | 1室1厅 | 49.56平米 | 西,https://s1.ljcdn.com/pegasus/redskull/images/common/default_house_list.png?_v=20240807182020
20240814,朝阳,常营,101125905491,北京像素南区 2室1厅 北新上,158万,31091元/平,顶层 (共16层) | 2011年 | 2室1厅 | 50.82平米 | 北,https://s1.ljcdn.com/pegasus/redskull/images/common/default_house_list.png?_v=20240807182020
20240814,朝阳,常营,101125882428,北京像素北区 2室1厅 西南 东北新上,190万,31625元/平,中楼层 (共14层) | 2011年 | 2室1厅 | 60.08平米 | 西南 东北,https://s1.ljcdn.com/pegasus/redskull/images/common/default_house_list.png?_v=20240807182020
20240814,朝阳,常营,101125872231,常楹公元自由派商品房精装修业主城售看房方便新上,158万,27749元/平,高楼层 (共23层) | 2016年 | 1室0厅 | 56.94平米 | 北,https://s1.ljcdn.com/pegasus/redskull/images/common/default_house_list.png?_v=20240807182020
20240814,朝阳,常营,101125865410,富力阳光美园 两居室 俯瞰常营体育公园新上,470万,52928元/平,高楼层 (共26层) | 2010年 | 2室1厅 | 88.8平米 | 南,https://s1.ljcdn.com/pegasus/redskull/images/common/default_house_list.png?_v=20240807182020
20240814,朝阳,常营,101125828924,常楹公元自由派,94万,24634元/平,中楼层 (共23层) | 2016年 | 1室0厅 | 38.16平米 | 西北,https://s1.ljcdn.com/pegasus/redskull/images/common/default_house_list.png?_v=20240807182020
20240814,朝阳,常营,101125820058,常楹公元自由派近地铁周边龙湖天街常营体育公园,105万,28158元/平,中楼层 (共23层) | 2016年 | 1室0厅 | 37.29平米 | 西,https://s1.ljcdn.com/pegasus/redskull/images/common/default_house_list.png?_v=20240807182020
20240814,朝阳,常营,101125796307,上线6号 1室0厅 西,95万,20094元/平,低楼层 (共15层) | 2009年 | 1室0厅 | 47.28平米 | 西,https://s1.ljcdn.com/pegasus/redskull/images/common/default_house_list.png?_v=20240807182020
20240814,朝阳,常营,101125793887,北辰福第二号院 3室1厅 南 西 北,475万,54317元/平,高楼层 (共27层) | 2010年 | 3室1厅 | 87.45平米 | 南 西 北,https://s1.ljcdn.com/pegasus/redskull/images/common/default_house_list.png?_v=20240807182020
20240814,朝阳,常营,101125781252,北京像素北区 近地铁近商场近三甲医院,268万,67935元/平,中楼层 (共14层) | 2011年 | 3室1厅 | 39.45平米 | 西南,https://s1.ljcdn.com/pegasus/redskull/images/common/default_house_list.png?_v=20240807182020
20240814,朝阳,常营,101125760587,管庄北二里 商品房 两居室 近天街近地铁,345万,50506元/平,高楼层 (共28层) | 2013年 | 2室1厅 | 68.31平米 | 东,https://s1.ljcdn.com/pegasus/redskull/images/common/default_house_list.png?_v=20240807182020
20240814,朝阳,常营,101125753798,柏林爱乐四期 复式 满五年唯一,795万,52255元/平,高楼层 (共8层) 3室2厅 | 152.14平米 | 南 北,https://s1.ljcdn.com/pegasus/redskull/images/common/default_house_list.png?_v=20240807182020
20240814,朝阳,常营,101125748710,柏林爱乐三期 东西通透 满五唯一 近地铁,345万,50654元/平,底层 (共11层) | 2007年 | 1室2厅 | 68.11平米 | 东 西,https://s1.ljcdn.com/pegasus/redskull/images/common/default_house_list.png?_v=20240807182020
20240814,朝阳,常营,101125667377,常楹公元南向一居室高楼层视野开阔无遮挡,530万,88393元/平,高楼层 (共24层) | 2015年 | 1室1厅 | 59.96平米 | 南,https://s1.ljcdn.com/pegasus/redskull/images/common/default_house_list.png?_v=20240807182020
20240814,朝阳,常营,101125632410,北京新天地五期 2室1厅 西南,520万,54680元/平,中楼层 (共27层) | 2011年 | 2室1厅 | 95.1平米 | 西南,https://s1.ljcdn.com/pegasus/redskull/images/common/default_house_list.png?_v=20240807182020
20240814,朝阳,常营,101125596734,柏林爱乐三期 南北通透 满五唯一 精装修 近地铁,495万,52520元/平,中楼层 (共15层) 2室1厅 | 94.25平米 | 南 北,https://s1.ljcdn.com/pegasus/redskull/images/common/default_house_list.png?_v=20240807182020
20240814,朝阳,常营,101125594492,满五年唯一 经典两居 采光好 诚心出售,348万,44001元/平,低楼层 (共11层) | 2007年 | 2室1厅 | 79.09平米 | 西北,https://s1.ljcdn.com/pegasus/redskull/images/common/default_house_list.png?_v=20240807182020
20240814,朝阳,常营,101125572977,北京新天地三期 满五年唯一 双阳台高楼层 南向两居,455万,48612元/平,顶层 (共28层) | 2009年 | 2室1厅 | 93.6平米 | 南,https://s1.ljcdn.com/pegasus/redskull/images/common/default_house_list.png?_v=20240807182020
20240814,朝阳,常营,101125553249,六号线常营 柏林爱乐 东向一居 正对花园 满五唯一,326万,48628元/平,中楼层 (共11层) | 2007年 | 1室1厅 | 67.04平米 | 东,https://s1.ljcdn.com/pegasus/redskull/images/common/default_house_list.png?_v=20240807182020
20240814,朝阳,常营,101125515673,朝阳区东五环外低密城市墅保利物业楼间距宽房主自荐,2620万,89834元/平,底层 (共6层) | 2020年 | 4室3厅 | 291.65平米 | 南 北,https://s1.ljcdn.com/pegasus/redskull/images/common/default_house_list.png?_v=20240807182020
20240814,朝阳,常营,101125514013,北京像素北区 2室1厅 西北,113万,28005元/平,底层 (共13层) | 2011年 | 2室1厅 | 40.35平米 | 西北,https://s1.ljcdn.com/pegasus/redskull/images/common/default_house_list.png?_v=20240807182020
20240814,朝阳,常营,101125504963,柏林爱乐一期高楼层东西通透一居室诚意出售,328万,51226元/平,中楼层 (共11层) | 2002年 | 1室1厅 | 64.03平米 | 东 西,https://s1.ljcdn.com/pegasus/redskull/images/common/default_house_list.png?_v=20240807182020
20240814,朝阳,常营,101125492725,一梯两户板楼带电梯南北通透花园洋房 适宜居住,875万,60179元/平,中楼层 (共4层) 3室2厅 | 145.4平米 | 南 北,https://s1.ljcdn.com/pegasus/redskull/images/common/default_house_list.png?_v=20240807182020
20240814,朝阳,常营,101125486994,常楹公元自由派 1室0厅 东北,105万,28068元/平,中楼层 (共23层) 1室0厅 | 37.41平米 | 东北,https://s1.ljcdn.com/pegasus/redskull/images/common/default_house_list.png?_v=20240807182020
20240814,朝阳,常营,101125464216,常营新天地五期 明厨明卫 不临街 商场天街医院公园,489万,54920元/平,中楼层 (共27层) 2室1厅 | 89.04平米 | 西 西北,https://s1.ljcdn.com/pegasus/redskull/images/common/default_house_list.png?_v=20240807182020
20240814,朝阳,常营,101125453963,上线6号 1室1厅 东,106万,19263元/平,中楼层 (共15层) | 2009年 | 1室1厅 | 55.03平米 | 东,https://s1.ljcdn.com/pegasus/redskull/images/common/default_house_list.png?_v=20240807182020
20240814,朝阳,常营,101125453430,富力阳光美园 3室1厅 东南,485万,55208元/平,低楼层 (共27层) | 2010年 | 3室1厅 | 87.85平米 | 东南,https://s1.ljcdn.com/pegasus/redskull/images/common/default_house_list.png?_v=20240807182020
20240814,朝阳,常营,101125435251,北京像素北区 2室1厅 西北,115万,28707元/平,底层 (共13层) | 2011年 | 2室1厅 | 40.06平米 | 西北,https://s1.ljcdn.com/pegasus/redskull/images/common/default_house_list.png?_v=20240807182020
20240814,朝阳,常营,101125433385,北京像素南区 2室1厅 西,149万,28572元/平,中楼层 (共16层) | 2011年 | 2室1厅 | 52.15平米 | 西,https://s1.ljcdn.com/pegasus/redskull/images/common/default_house_list.png?_v=20240807182020
20240814,朝阳,常营,101125407897,万象新天一区 3室2厅 南 北,909万,62630元/平,高楼层 (共6层) 3室2厅 | 145.14平米 | 南 北,https://s1.ljcdn.com/pegasus/redskull/images/common/default_house_list.png?_v=20240807182020
20240814,朝阳,常营,101125407544,北京像素北区 2室1厅 西南,169万,28186元/平,中楼层 (共14层) | 2011年 | 2室1厅 | 59.96平米 | 西南,https://s1.ljcdn.com/pegasus/redskull/images/common/default_house_list.png?_v=20240807182020
20240814,朝阳,常营,101125396990,北京像素南区 中高楼层 视野好  大户型,286万,36016元/平,中楼层 (共16层) 2室1厅 | 79.41平米 | 南,https://s1.ljcdn.com/pegasus/redskull/images/common/default_house_list.png?_v=20240807182020
20240814,朝阳,常营,101125351704,常楹公元自由派 1室0厅 东,142万,24628元/平,低楼层 (共23层) | 2016年 | 1室0厅 | 57.66平米 | 东,https://s1.ljcdn.com/pegasus/redskull/images/common/default_house_list.png?_v=20240807182020
20240814,朝阳,常营,101125339405,丽景园南向两居室中间楼层无遮挡视野开阔采光好,299万,43836元/平,中楼层 (共28层) | 2009年 | 2室1厅 | 68.21平米 | 南,https://s1.ljcdn.com/pegasus/redskull/images/common/default_house_list.png?_v=20240807182020
20240814,朝阳,常营,101125244182,北京像素北区 5米48的错层 近地铁 近商场,200万,35537元/平,中楼层 (共14层) | 2011年 | 2室1厅 | 56.28平米 | 东南 西北,https://s1.ljcdn.com/pegasus/redskull/images/common/default_house_list.png?_v=20240807182020
20240814,朝阳,常营,101125225660,柏林爱乐 东西通透 满五唯一 诚意出售,355万,52091元/平,高楼层 (共11层) | 2008年 | 1室1厅 | 68.15平米 | 东 西,https://s1.ljcdn.com/pegasus/redskull/images/common/default_house_list.png?_v=20240807182020
20240814,朝阳,常营,101125223640,北京像素南区  近地铁 近医院近公园,135万,27887元/平,低楼层 (共16层) 2室1厅 | 48.41平米 | 北,https://s1.ljcdn.com/pegasus/redskull/images/common/default_house_list.png?_v=20240807182020
20240814,朝阳,常营,101125204995,管庄常营北京新天地四期南北一居室。,408万,56612元/平,顶层 (共20层) | 2009年 | 1室1厅 | 72.07平米 | 南 北,https://s1.ljcdn.com/pegasus/redskull/images/common/default_house_list.png?_v=20240807182020
20240814,朝阳,常营,101125174281,北京像素北区 5.48层高 楼层高 视野好,173万,28786元/平,顶层 (共14层) | 2011年 | 2室1厅 | 60.1平米 | 东北,https://s1.ljcdn.com/pegasus/redskull/images/common/default_house_list.png?_v=20240807182020
20240814,朝阳,常营,101125162275,北京像素北区 2室1厅 东南,149万,29956元/平,高楼层 (共13层) | 2011年 | 2室1厅 | 49.74平米 | 东南,https://s1.ljcdn.com/pegasus/redskull/images/common/default_house_list.png?_v=20240807182020
20240814,朝阳,常营,101125138688,优点社区 2室1厅 南 北,450万,51458元/平,中楼层 (共9层) | 2006年 | 2室1厅 | 87.45平米 | 南 北,https://s1.ljcdn.com/pegasus/redskull/images/common/default_house_list.png?_v=20240807182020
20240814,朝阳,常营,101125117534,北京新天地五期 满五年唯一中高楼层 不临街南向一居,388万,52632元/平,中楼层 (共27层) | 2011年 | 1室1厅 | 73.72平米 | 南,https://s1.ljcdn.com/pegasus/redskull/images/common/default_house_list.png?_v=20240807182020
20240814,朝阳,常营,101125090078,北京像素北区精装修5.48米户型,179万,31448元/平,高楼层 (共14层) | 2011年 | 2室1厅 | 56.92平米 | 西南 东北,https://s1.ljcdn.com/pegasus/redskull/images/common/default_house_list.png?_v=20240807182020
20240814,朝阳,常营,101125080209,北京像素北区  近地铁小区中间位置,140万,31646元/平,低楼层 (共17层) | 2011年 | 1室1厅 | 44.24平米 | 南,https://s1.ljcdn.com/pegasus/redskull/images/common/default_house_list.png?_v=20240807182020
20240814,朝阳,常营,101125067292,常楹公元自由派..................,155万,28029元/平,低楼层 (共23层) | 2016年 | 1室0厅 | 55.3平米 | 西,https://s1.ljcdn.com/pegasus/redskull/images/common/default_house_list.png?_v=20240807182020
20240814,朝阳,常营,101125047542,北京像素南区 1室0厅 西南,99万,19558元/平,高楼层 (共23层) | 2011年 | 1室0厅 | 50.62平米 | 西南,https://s1.ljcdn.com/pegasus/redskull/images/common/default_house_list.png?_v=20240807182020
20240814,朝阳,常营,101125022879,首开东都汇 2室1厅 南,185万,29333元/平,中楼层 (共14层) 2室1厅 | 63.07平米 | 南,https://s1.ljcdn.com/pegasus/redskull/images/common/default_house_list.png?_v=20240807182020
20240814,朝阳,常营,101124984107,北京像素北区 2室1厅 南,160万,31602元/平,低楼层 (共17层) | 2011年 | 2室1厅 | 50.63平米 | 南,https://s1.ljcdn.com/pegasus/redskull/images/common/default_house_list.png?_v=20240807182020
20240814,朝阳,常营,101124968792,柏林爱乐三期 2室1厅 东,320万,47705元/平,低楼层 (共11层) | 2007年 | 2室1厅 | 67.08平米 | 东,https://s1.ljcdn.com/pegasus/redskull/images/common/default_house_list.png?_v=20240807182020
20240814,朝阳,常营,101124968127,住欣家园 1室1厅 东南,245万,49436元/平,高楼层 (共28层) | 2010年 | 1室1厅 | 49.56平米 | 东南,https://s1.ljcdn.com/pegasus/redskull/images/common/default_house_list.png?_v=20240807182020
20240814,朝阳,常营,101124937113,像素北区4.75米挑高复式东南向中间层无遮挡房主自荐,140万,28181元/平,中楼层 (共13层) | 2011年 | 2室1厅 | 49.68平米 | 东南,https://s1.ljcdn.com/pegasus/redskull/images/common/default_house_list.png?_v=20240807182020
20240814,朝阳,常营,101124928310,北京像素南区 5室1厅 南,280万,35656元/平,中楼层 (共16层) | 2011年 | 5室1厅 | 78.53平米 | 南,https://s1.ljcdn.com/pegasus/redskull/images/common/default_house_list.png?_v=20240807182020
20240814,朝阳,常营,101124912216,北京像素南区高楼层复式视野开阔正对花园,140万,27679元/平,中楼层 (共16层) | 2011年 | 2室1厅 | 50.58平米 | 北,https://s1.ljcdn.com/pegasus/redskull/images/common/default_house_list.png?_v=20240807182020
20240814,朝阳,常营,101124910825,北京像素北区 2室1厅 西南,185万,32703元/平,中楼层 (共14层) | 2011年 | 2室1厅 | 56.57平米 | 西南,https://s1.ljcdn.com/pegasus/redskull/images/common/default_house_list.png?_v=20240807182020
20240814,朝阳,常营,101124907689,北京像素南区 楼层好 南向采光好,155万,31352元/平,中楼层 (共16层) | 2011年 | 2室1厅 | 49.44平米 | 南,https://s1.ljcdn.com/pegasus/redskull/images/common/default_house_list.png?_v=20240807182020
20240814,朝阳,常营,101124839198,北京像素北区 2室2厅 南 北,230万,37892元/平,低楼层 (共14层) | 2011年 | 2室2厅 | 60.7平米 | 南 北,https://s1.ljcdn.com/pegasus/redskull/images/common/default_house_list.png?_v=20240807182020
20240814,朝阳,常营,101124815642,北京像素南区 近地铁户型方正 视野好,140万,27619元/平,低楼层 (共16层) | 2011年 | 1室1厅 | 50.69平米 | 北,https://s1.ljcdn.com/pegasus/redskull/images/common/default_house_list.png?_v=20240807182020
20240814,朝阳,常营,101124789728,像素北区5.48米对跃 户型方正 中间层,175万,28783元/平,中楼层 (共14层) | 2011年 | 2室1厅 | 60.8平米 | 西南 东北,https://s1.ljcdn.com/pegasus/redskull/images/common/default_house_list.png?_v=20240807182020
20240814,朝阳,常营,101124735451,万象新天天际高尔夫 3室2厅 南 北,820万,53085元/平,中楼层 (共19层) | 2009年 | 3室2厅 | 154.47平米 | 南 北,https://s1.ljcdn.com/pegasus/redskull/images/common/default_house_list.png?_v=20240807182020
20240814,朝阳,常营,101124696266,北京像素北区 高楼层 视野好,185万,32726元/平,中楼层 (共14层) | 2011年 | 2室1厅 | 56.53平米 | 西南 东北,https://s1.ljcdn.com/pegasus/redskull/images/common/default_house_list.png?_v=20240807182020
20240814,朝阳,常营,101124666814,常营保利西南向两居采光充足配套齐全满五唯一,340万,38602元/平,高楼层 (共29层) | 2010年 | 2室1厅 | 88.08平米 | 西南,https://s1.ljcdn.com/pegasus/redskull/images/common/default_house_list.png?_v=20240807182020
20240814,朝阳,常营,101124659091,北京像素南区正南向中间楼层采光好视野无遮挡,189万,34104元/平,低楼层 (共16层) | 2012年 | 2室1厅 | 55.42平米 | 南,https://s1.ljcdn.com/pegasus/redskull/images/common/default_house_list.png?_v=20240807182020
20240814,朝阳,常营,101124642689,北京像素南区 2室1厅 南,215万,36306元/平,中楼层 (共16层) | 2011年 | 2室1厅 | 59.22平米 | 南,https://s1.ljcdn.com/pegasus/redskull/images/common/default_house_list.png?_v=20240807182020
20240814,朝阳,常营,101124619682,北京像素南区 2室1厅 西南,198万,35351元/平,高楼层 (共16层) | 2011年 | 2室1厅 | 56.01平米 | 西南,https://s1.ljcdn.com/pegasus/redskull/images/common/default_house_list.png?_v=20240807182020
20240814,朝阳,常营,101124471737,北京像素南区 2室1厅 西南,175万,32111元/平,中楼层 (共16层) | 2011年 | 2室1厅 | 54.5平米 | 西南,https://s1.ljcdn.com/pegasus/redskull/images/common/default_house_list.png?_v=20240807182020
20240814,朝阳,常营,101124451593,北京像素北区 2室1厅 西南 东北,195万,34392元/平,中楼层 (共14层) | 2011年 | 2室1厅 | 56.7平米 | 西南 东北,https://s1.ljcdn.com/pegasus/redskull/images/common/default_house_list.png?_v=20240807182020
20240814,朝阳,常营,101124432951,北京像素北区 1室1厅 东南,149万,30059元/平,低楼层 (共13层) | 2011年 | 1室1厅 | 49.57平米 | 东南,https://s1.ljcdn.com/pegasus/redskull/images/common/default_house_list.png?_v=20240807182020
20240814,朝阳,常营,101124381685,北京像素北区 2室1厅 南,155万,30518元/平,高楼层 (共17层) | 2011年 | 2室1厅 | 50.79平米 | 南,https://s1.ljcdn.com/pegasus/redskull/images/common/default_house_list.png?_v=20240807182020
20240814,朝阳,常营,101124375311,北京像素北区 3室2厅 西南 东北,180万,31652元/平,高楼层 (共14层) | 2011年 | 3室2厅 | 56.87平米 | 西南 东北,https://s1.ljcdn.com/pegasus/redskull/images/common/default_house_list.png?_v=20240807182020
20240814,朝阳,常营,101124327360,北京像素南区 高楼层 精装修 视野好,150万,30751元/平,高楼层 (共16层) | 2012年 | 1室1厅 | 48.78平米 | 东 北,https://s1.ljcdn.com/pegasus/redskull/images/common/default_house_list.png?_v=20240807182020
20240814,朝阳,常营,101124324963,北京像素南区 正南向 复式 不临街,178万,32399元/平,低楼层 (共16层) | 2011年 | 2室1厅 | 54.94平米 | 南,https://s1.ljcdn.com/pegasus/redskull/images/common/default_house_list.png?_v=20240807182020
20240814,朝阳,常营,101124323400,北京像素南区 1室1厅 南,195万,35129元/平,中楼层 (共16层) | 2011年 | 1室1厅 | 55.51平米 | 南,https://s1.ljcdn.com/pegasus/redskull/images/common/default_house_list.png?_v=20240807182020
20240814,朝阳,常营,101124210285,北京像素北区 中间楼层 精装修 视野开阔,150万,32524元/平,中楼层 (共17层) | 2011年 | 2室1厅 | 46.12平米 | 东,https://s1.ljcdn.com/pegasus/redskull/images/common/default_house_list.png?_v=20240807182020
20240814,朝阳,常营,101124144632,北京像素南区 4.89米挑高中间楼层视野很好,165万,32706元/平,中楼层 (共16层) | 2011年 | 2室1厅 | 50.45平米 | 东,https://s1.ljcdn.com/pegasus/redskull/images/common/default_house_list.png?_v=20240807182020
20240814,朝阳,常营,101124126260,北京像素北区 2室1厅 西南 东北,182万,32173元/平,中楼层 (共14层) | 2011年 | 2室1厅 | 56.57平米 | 西南 东北,https://s1.ljcdn.com/pegasus/redskull/images/common/default_house_list.png?_v=20240807182020
20240814,朝阳,常营,101124021746,北京像素北区 中高楼层 视野好,210万,34751元/平,高楼层 (共14层) | 2011年 | 2室1厅 | 60.43平米 | 南 北,https://s1.ljcdn.com/pegasus/redskull/images/common/default_house_list.png?_v=20240807182020
20240814,朝阳,常营,101124019771,北京像素南区 高楼层 采光好 视野好 近地铁,190万,34508元/平,顶层 (共16层) | 2011年 | 2室1厅 | 55.06平米 | 南,https://s1.ljcdn.com/pegasus/redskull/images/common/default_house_list.png?_v=20240807182020
20240814,朝阳,常营,101124003516,北京像素北区 高楼层 视野好 采光好,172万,28821元/平,高楼层 (共14层) | 2011年 | 2室1厅 | 59.68平米 | 西南,https://s1.ljcdn.com/pegasus/redskull/images/common/default_house_list.png?_v=20240807182020
20240814,朝阳,常营,101123992023,北京像素北区 1室1厅 南 北,206万,34067元/平,中楼层 (共14层) | 2011年 | 1室1厅 | 60.47平米 | 南 北,https://s1.ljcdn.com/pegasus/redskull/images/common/default_house_list.png?_v=20240807182020
20240814,朝阳,常营,101123985916,像素小区大开间价格合适业主诚心卖价格还能谈,86万,17595元/平,顶层 (共23层) | 2011年 | 1室0厅 | 48.88平米 | 东北,https://s1.ljcdn.com/pegasus/redskull/images/common/default_house_list.png?_v=20240807182020
20240814,朝阳,常营,101123877792,北京像素南区 2室1厅 西,150万,29223元/平,低楼层 (共16层) | 2011年 | 2室1厅 | 51.33平米 | 西,https://s1.ljcdn.com/pegasus/redskull/images/common/default_house_list.png?_v=20240807182020
20240814,朝阳,常营,101123867817,北京像素南区 2室1厅 北,175万,34409元/平,低楼层 (共16层) | 2011年 | 2室1厅 | 50.86平米 | 北,https://s1.ljcdn.com/pegasus/redskull/images/common/default_house_list.png?_v=20240807182020
20240814,朝阳,常营,101123769652,北京像素北区 2室1厅 西南 东北,173万,30772元/平,中楼层 (共14层) | 2011年 | 2室1厅 | 56.22平米 | 西南 东北,https://s1.ljcdn.com/pegasus/redskull/images/common/default_house_list.png?_v=20240807182020
20240814,朝阳,常营,101123729598,北京像素南区 2室1厅 西南,198万,35276元/平,底层 (共16层) | 2011年 | 2室1厅 | 56.13平米 | 西南,https://s1.ljcdn.com/pegasus/redskull/images/common/default_house_list.png?_v=20240807182020
20240814,朝阳,常营,101123566452,北京像素南区正南向高楼层装修还不错,200万,36213元/平,高楼层 (共16层) | 2012年 | 2室1厅 | 55.23平米 | 南,https://s1.ljcdn.com/pegasus/redskull/images/common/default_house_list.png?_v=20240807182020
20240814,朝阳,常营,101123535679,北京像素南区 1室0厅 南,99万,19546元/平,中楼层 (共23层) | 2011年 | 1室0厅 | 50.65平米 | 南,https://s1.ljcdn.com/pegasus/redskull/images/common/default_house_list.png?_v=20240807182020
20240814,朝阳,常营,101123516851,北京像素南区 近地铁 采光好视野好,102万,20151元/平,中楼层 (共23层) | 2011年 | 1室0厅 | 50.62平米 | 西南,https://s1.ljcdn.com/pegasus/redskull/images/common/default_house_list.png?_v=20240807182020
20240814,朝阳,常营,101123420259,像素南区次顶层视野开阔采光全天无遮挡,215万,38732元/平,高楼层 (共16层) | 2011年 | 2室1厅 | 55.51平米 | 南,https://s1.ljcdn.com/pegasus/redskull/images/common/default_house_list.png?_v=20240807182020
20240814,朝阳,常营,101123373325,北京像素北区 5.48层高 视野好 业主急售,170万,29215元/平,高楼层 (共14层) | 2011年 | 2室1厅 | 58.19平米 | 西南 东北,https://s1.ljcdn.com/pegasus/redskull/images/common/default_house_list.png?_v=20240807182020
20240814,朝阳,常营,101123240061,此房层高5.48米对跃户型西南东北向,165万,29065元/平,低楼层 (共14层) | 2011年 | 2室1厅 | 56.77平米 | 西南 东北,https://s1.ljcdn.com/pegasus/redskull/images/common/default_house_list.png?_v=20240807182020
20240814,朝阳,常营,101123218201,北京像素南区装修挺好的两房看房随时价格能谈,165万,29650元/平,中楼层 (共16层) | 2011年 | 2室1厅 | 55.65平米 | 东,https://s1.ljcdn.com/pegasus/redskull/images/common/default_house_list.png?_v=20240807182020
20240814,朝阳,常营,101123152264,北京像素南区 1室0厅 南,118万,23298元/平,高楼层 (共23层) | 2011年 | 1室0厅 | 50.65平米 | 南,https://s1.ljcdn.com/pegasus/redskull/images/common/default_house_list.png?_v=20240807182020
20240814,朝阳,常营,101123143456,北京像素北区 2室1厅 西南 东北,175万,30865元/平,底层 (共14层) | 2011年 | 2室1厅 | 56.7平米 | 西南 东北,https://s1.ljcdn.com/pegasus/redskull/images/common/default_house_list.png?_v=20240807182020
20240814,朝阳,常营,101123138310,北京像素北区 2室1厅 南 北,262万,43001元/平,中楼层 (共14层) | 2011年 | 2室1厅 | 60.93平米 | 南 北,https://s1.ljcdn.com/pegasus/redskull/images/common/default_house_list.png?_v=20240807182020
20240814,朝阳,常营,101123137173,北京像素南区 2室1厅 北,138万,36615元/平,低楼层 (共16层) | 2012年 | 2室1厅 | 37.69平米 | 北,https://s1.ljcdn.com/pegasus/redskull/images/common/default_house_list.png?_v=20240807182020
20240814,朝阳,常营,101123136424,北京像素北区 4米75挑高 东南向 视野采光好 业主诚售,155万,31200元/平,中楼层 (共13层) | 2011年 | 2室1厅 | 49.68平米 | 东南,https://s1.ljcdn.com/pegasus/redskull/images/common/default_house_list.png?_v=20240807182020
20240814,朝阳,常营,101123134525,此房满五唯一层高5.48米视野宽阔交通便利设备齐全,260万,42785元/平,中楼层 (共14层) | 2011年 | 1室1厅 | 60.77平米 | 南 北,https://s1.ljcdn.com/pegasus/redskull/images/common/default_house_list.png?_v=20240807182020
20240814,朝阳,常营,101123081779,北京像素北区 高楼层 视野好 采光棒,142万,31997元/平,高楼层 (共17层) | 2011年 | 2室1厅 | 44.38平米 | 西,https://s1.ljcdn.com/pegasus/redskull/images/common/default_house_list.png?_v=20240807182020
20240814,朝阳,常营,101123023447,北京像素南区 东向 视野好 中高楼层,165万,29650元/平,中楼层 (共16层) | 2011年 | 2室1厅 | 55.65平米 | 东,https://s1.ljcdn.com/pegasus/redskull/images/common/default_house_list.png?_v=20240807182020
20240814,朝阳,常营,101123007959,北京像素北区5.48米层高精装修定制家具诚意出售,175万,30865元/平,低楼层 (共14层) | 2011年 | 2室1厅 | 56.7平米 | 西南 东北,https://s1.ljcdn.com/pegasus/redskull/images/common/default_house_list.png?_v=20240807182020
20240814,朝阳,常营,101123000330,北京像素北区 挑高5米48对跃 采光通风好,185万,30762元/平,顶层 (共14层) | 2011年 | 2室1厅 | 60.14平米 | 西南 东北,https://s1.ljcdn.com/pegasus/redskull/images/common/default_house_list.png?_v=20240807182020
20240814,朝阳,常营,101122956389,北京像素 5米48挑高 复式 楼下西南,189万,32813元/平,中楼层 (共14层) | 2011年 | 2室1厅 | 57.6平米 | 西南 东北,https://s1.ljcdn.com/pegasus/redskull/images/common/default_house_list.png?_v=20240807182020
20240814,朝阳,常营,101122820726,上线6号商办类可以注册户型为开间房主自荐,104万,18899元/平,中楼层 (共15层) | 2009年 | 1室0厅 | 55.03平米 | 东,https://s1.ljcdn.com/pegasus/redskull/images/common/default_house_list.png?_v=20240807182020
20240814,朝阳,常营,101122819989,上线6号商办类可以注册户型为开间房主自荐,96万,20305元/平,低楼层 (共15层) | 2009年 | 1室0厅 | 47.28平米 | 西,https://s1.ljcdn.com/pegasus/redskull/images/common/default_house_list.png?_v=20240807182020
20240814,朝阳,常营,101122759961,北京像素南区 近地铁 3米2挑高 户型方正 采光充足,99万,19558元/平,中楼层 (共23层) | 2011年 | 1室0厅 | 50.62平米 | 西南,https://s1.ljcdn.com/pegasus/redskull/images/common/default_house_list.png?_v=20240807182020
20240814,朝阳,常营,101122621237,北京像素南区3.2米挑高西南向,126万,24946元/平,低楼层 (共23层) | 2011年 | 1室1厅 | 50.51平米 | 西南,https://s1.ljcdn.com/pegasus/redskull/images/common/default_house_list.png?_v=20240807182020
20240814,朝阳,常营,101122485638,北京像素南区业主诚心出售在京随时签约,149万,30371元/平,中楼层 (共16层) 1室1厅 | 49.06平米 | 北,https://s1.ljcdn.com/pegasus/redskull/images/common/default_house_list.png?_v=20240807182020
20240814,朝阳,常营,101122463841,北京像素北区 2室1厅 西南 东北,186万,30552元/平,中楼层 (共14层) | 2011年 | 2室1厅 | 60.88平米 | 西南 东北,https://s1.ljcdn.com/pegasus/redskull/images/common/default_house_list.png?_v=20240807182020
20240814,朝阳,常营,101122391679,北京像素南区 4.89米挑高南向中楼层采光好近地铁,180万,32380元/平,高楼层 (共16层) | 2012年 | 2室1厅 | 55.59平米 | 南,https://s1.ljcdn.com/pegasus/redskull/images/common/default_house_list.png?_v=20240807182020
20240814,朝阳,常营,101122268392,常营街道五里桥二街中弘北京像素南区,105万,21390元/平,高楼层 (共23层) | 2011年 | 1室0厅 | 49.09平米 | 东北,https://s1.ljcdn.com/pegasus/redskull/images/common/default_house_list.png?_v=20240807182020
20240814,朝阳,常营,101122173089,北京像素南区  高楼层 很亮堂 近地铁、商场,140万,27679元/平,高楼层 (共16层) | 2011年 | 2室1厅 | 50.58平米 | 北,https://s1.ljcdn.com/pegasus/redskull/images/common/default_house_list.png?_v=20240807182020
20240814,朝阳,常营,101122151047,北京像素南区 2室1厅 南,197万,35858元/平,底层 (共16层) | 2011年 | 2室1厅 | 54.94平米 | 南,https://s1.ljcdn.com/pegasus/redskull/images/common/default_house_list.png?_v=20240807182020
20240814,朝阳,常营,101122123571,北京像素北区低楼层精装修5.48米挑高,228万,37612元/平,中楼层 (共14层) | 2011年 | 2室1厅 | 60.62平米 | 南 北,https://s1.ljcdn.com/pegasus/redskull/images/common/default_house_list.png?_v=20240807182020
20240814,朝阳,常营,101122121337,北京像素北区 1室1厅 西,118万,25742元/平,顶层 (共17层) | 2011年 | 1室1厅 | 45.84平米 | 西,https://s1.ljcdn.com/pegasus/redskull/images/common/default_house_list.png?_v=20240807182020
20240814,朝阳,常营,101122009734,北京像素南区西南向采光好近地铁,120万,23153元/平,低楼层 (共23层) | 2011年 | 1室1厅 | 51.83平米 | 西南,https://s1.ljcdn.com/pegasus/redskull/images/common/default_house_list.png?_v=20240807182020
20240814,朝阳,常营,101121985259,北京像素南区 1室1厅 西南,115万,26751元/平,中楼层 (共23层) | 2011年 | 1室1厅 | 42.99平米 | 西南,https://s1.ljcdn.com/pegasus/redskull/images/common/default_house_list.png?_v=20240807182020
20240814,朝阳,常营,101121920495,上线6号 大开间户型 落地窗 可注册,105万,19921元/平,中楼层 (共15层) | 2009年 | 1室0厅 | 52.71平米 | 北,https://s1.ljcdn.com/pegasus/redskull/images/common/default_house_list.png?_v=20240807182020
20240814,朝阳,常营,101121855478,北京像素北区 人车分流 诚心出售 随时签约,115万,25878元/平,高楼层 (共17层) | 2011年 | 1室1厅 | 44.44平米 | 东,https://s1.ljcdn.com/pegasus/redskull/images/common/default_house_list.png?_v=20240807182020
20240814,朝阳,常营,101121793531,北京像素北区 4米75挑高  一层可做生意,173万,37487元/平,底层 (共17层) | 2011年 | 2室1厅 | 46.15平米 | 东,https://s1.ljcdn.com/pegasus/redskull/images/common/default_house_list.png?_v=20240807182020
20240814,朝阳,常营,101121712470,北京像素南区 1室0厅 东北,115万,21167元/平,中楼层 (共23层) | 2012年 | 1室0厅 | 54.33平米 | 东北,https://s1.ljcdn.com/pegasus/redskull/images/common/default_house_list.png?_v=20240807182020
20240814,朝阳,常营,101121664272,北京像素北区 高楼层视野好采光好精装修挑高5米48,360万,90841元/平,顶层 (共14层) | 2011年 | 2室1厅 | 39.63平米 | 西南,https://s1.ljcdn.com/pegasus/redskull/images/common/default_house_list.png?_v=20240807182020
20240814,朝阳,常营,101121572445,北京像素南区近地铁中间楼层无遮挡,95万,22244元/平,中楼层 (共23层) | 2011年 | 1室1厅 | 42.71平米 | 西南,https://s1.ljcdn.com/pegasus/redskull/images/common/default_house_list.png?_v=20240807182020
20240814,朝阳,常营,101121396781,北京像素南区 1室1厅 南,185万,33328元/平,中楼层 (共16层) | 2011年 | 1室1厅 | 55.51平米 | 南,https://s1.ljcdn.com/pegasus/redskull/images/common/default_house_list.png?_v=20240807182020
20240814,朝阳,常营,101119833541,【商圈推荐】首开东都汇 楼下两扇窗 采光好房主自荐,215万,30184元/平,高楼层 (共14层) | 2011年 | 3室1厅 | 71.23平米 | 南 西,https://s1.ljcdn.com/pegasus/redskull/images/common/default_house_list.png?_v=20240807182020
