20240131,房山,长阳,101122729751,加州南北观景房 婚房精装 满5唯一 位置好 出行便利必看好房,229万,27508元/平,顶层 (共14层) 2室1厅 | 83.25平米 | 南 北,https://ke-image.ljcdn.com/110000-inspection/pc1_YBaNZHImz_1.jpg!m_fill,w_280,h_210,f_jpg?from=ke.com
20240131,房山,长阳,101122700628,加州水郡三期全部二次装修 高楼层采光好必看好房,241万,27459元/平,中楼层 (共15层) | 2009年 | 2室1厅 | 87.77平米 | 西,https://ke-image.ljcdn.com/110000-inspection/pc1_DkwgV8FDo.jpg!m_fill,w_280,h_210,f_jpg?from=ke.com
20240131,房山,长阳,101122700583,店长推荐 长阳半岛怡和南路10号院 满五唯一精装两居必看好房,380万,43499元/平,高楼层 (共15层) | 2015年 | 2室1厅 | 87.36平米 | 南,https://ke-image.ljcdn.com/110000-inspection/pc1_dkIMkQVaB_2.jpg!m_fill,w_280,h_210,f_jpg?from=ke.com
20240131,房山,长阳,101122675649,国际花园2号院适合刚需客群居住必看好房,279万,37161元/平,高楼层 (共18层) | 2014年 | 2室1厅 | 75.08平米 | 南 北,https://ke-image.ljcdn.com/110000-inspection/pc1_yDS657hvq_2.jpg!m_fill,w_280,h_210,f_jpg?from=ke.com
20240131,房山,长阳,101122646513,中铁长阳国际城 楼间距大 采光好 满五唯一 南北双通透必看好房,369万,41555元/平,高楼层 (共20层) | 2012年 | 3室1厅 | 88.8平米 | 南 北,https://ke-image.ljcdn.com/110000-inspection/f4075355-5e3d-42a4-94be-1a5f7fdd6a75_1000.jpg!m_fill,w_280,h_210,f_jpg?from=ke.com
20240131,房山,长阳,101122721034,祥云街10号院 西悦雅居 全明格局 南北通透,279万,31701元/平,高楼层 (共15层) 2室1厅 | 88.01平米 | 南 北,https://ke-image.ljcdn.com/110000-inspection/pc1_IDmNHW6WX_2.jpg!m_fill,w_280,h_210,f_jpg?from=ke.com
20240131,房山,长阳,101122679921,合景领峰7号院 中高楼层 满五唯一双卫生间全明格局必看好房,398万,39924元/平,高楼层 (共15层) | 2015年 | 3室2厅 | 99.69平米 | 南 北,https://ke-image.ljcdn.com/110000-inspection/pc1_xE4SHF7Df_2.jpg!m_fill,w_280,h_210,f_jpg?from=ke.com
20240131,房山,长阳,101122679563,西悦雅居 南北通透两居室 满五唯一 位置好 全明格局必看好房,279万,31741元/平,中楼层 (共16层) | 2012年 | 2室1厅 | 87.9平米 | 南 北,https://ke-image.ljcdn.com/110000-inspection/pc1_ZSjVPqh32_1.jpg!m_fill,w_280,h_210,f_jpg?from=ke.com
20240131,房山,长阳,101122643347,翠林漫步全南两居精装楼层好满五唯一集中供暖必看好房,239万,35471元/平,中楼层 (共11层) 2室1厅 | 67.38平米 | 南,https://ke-image.ljcdn.com/110000-inspection/pc1_OKpCOzQBo_1.jpg!m_fill,w_280,h_210,f_jpg?from=ke.com
20240131,房山,长阳,101122618393,半岛4号院南向两居室二次装修诚意出售必看好房,388万,44614元/平,低楼层 (共16层) | 2012年 | 2室1厅 | 86.97平米 | 南,https://ke-image.ljcdn.com/110000-inspection/pc1_WN3hnINAM_2.jpg!m_fill,w_280,h_210,f_jpg?from=ke.com
20240131,房山,长阳,101122607857,芭蕾雨悦都南区 南北通透三居室必看好房,377万,41736元/平,中楼层 (共9层) 3室1厅 | 90.33平米 | 南 北,https://ke-image.ljcdn.com/110000-inspection/pc1_bNAMTJcdP.jpg!m_fill,w_280,h_210,f_jpg?from=ke.com
20240131,房山,长阳,101122604773,长龙苑小区 满五唯一 精装修 看房提前约必看好房,228万,26764元/平,中楼层 (共6层) | 2001年 | 2室2厅 | 85.19平米 | 南 北,https://ke-image.ljcdn.com/110000-inspection/pc1_YCyRMxGlq_1.jpg!m_fill,w_280,h_210,f_jpg?from=ke.com
20240131,房山,长阳,101122603077,西悦雅居 南北通透两居室 精装修 位置好 全明格局,275万,31286元/平,底层 (共18层) | 2012年 | 2室1厅 | 87.9平米 | 南 北,https://ke-image.ljcdn.com/110000-inspection/pc1_WVauYF336_1.jpg!m_fill,w_280,h_210,f_jpg?from=ke.com
20240131,房山,长阳,101122600086,全南户型采光好视野开阔中间位置看房方便,167万,28499元/平,中楼层 (共15层) | 2010年 | 1室1厅 | 58.6平米 | 南,https://ke-image.ljcdn.com/110000-inspection/pc1_QgB9FAsBP_1.jpg!m_fill,w_280,h_210,f_jpg?from=ke.com
20240131,房山,长阳,101122594688,拎包入住南北通透精装修三居室好必看好房,338万,38059元/平,中楼层 (共15层) 3室1厅 | 88.81平米 | 南 北,https://ke-image.ljcdn.com/110000-inspection/pc1_zvcMnz6vC.jpg!m_fill,w_280,h_210,f_jpg?from=ke.com
20240131,房山,长阳,101122575740,康泽佳苑南区精装1居户型方正采光好楼层佳满五唯一必看好房,145万,34030元/平,中楼层 (共28层) | 2014年 | 1室1厅 | 42.61平米 | 东北,https://ke-image.ljcdn.com/110000-inspection/pc1_IYAO0Jj1e.jpg!m_fill,w_280,h_210,f_jpg?from=ke.com
20240131,房山,长阳,101122573666,碧桂园小区C区 2室1厅 西北必看好房,229万,24854元/平,低楼层 (共16层) | 2007年 | 2室1厅 | 92.14平米 | 西北,https://ke-image.ljcdn.com/110000-inspection/pc1_dQLYdHdYA.jpg!m_fill,w_280,h_210,f_jpg?from=ke.com
20240131,房山,长阳,101122571327,西悦欣居 楼层好采光好大两居室必看好房,298万,33604元/平,中楼层 (共18层) | 2012年 | 2室1厅 | 88.68平米 | 南,https://ke-image.ljcdn.com/110000-inspection/pc1_K5SvthuwB.jpg!m_fill,w_280,h_210,f_jpg?from=ke.com
20240131,房山,长阳,101122564978,加州水郡三期全明格局一居室高楼层采光好,169万,29038元/平,中楼层 (共11层) 1室1厅 | 58.2平米 | 西北,https://ke-image.ljcdn.com/110000-inspection/pc1_w76w3PBvz.jpg!m_fill,w_280,h_210,f_jpg?from=ke.com
20240131,房山,长阳,101122560343,此房满五唯一位置佳不吵诚心出售随时看,123万,37194元/平,底层 (共28层) | 2014年 | 1室1厅 | 33.07平米 | 东南,https://ke-image.ljcdn.com/110000-inspection/pc1_gw8neGMCR_1.jpg!m_fill,w_280,h_210,f_jpg?from=ke.com
20240131,房山,长阳,101122554943,房山长阳 碧桂园小区C区三居两卫 南北通透双卫三居室必看好房,309万,25047元/平,中楼层 (共15层) 3室2厅 | 123.37平米 | 南 北,https://ke-image.ljcdn.com/110000-inspection/pc1_bPAxdodCK.jpg!m_fill,w_280,h_210,f_jpg?from=ke.com
20240131,房山,长阳,101122544857,康泽佳苑南区南北通透三居室业主诚心出售,249万,39195元/平,中楼层 (共18层) | 2014年 | 3室1厅 | 63.53平米 | 南 北,https://ke-image.ljcdn.com/110000-inspection/pc1_FnFlv0tar.jpg!m_fill,w_280,h_210,f_jpg?from=ke.com
20240131,房山,长阳,101122495530,建邦华庭东区南北通透两三居室精装修业主诚心出售房主自荐,389万,39457元/平,低楼层 (共7层) | 2013年 | 3室1厅 | 98.59平米 | 南 北,https://ke-image.ljcdn.com/110000-inspection/pc1_pe0j5CWGY.jpg!m_fill,w_280,h_210,f_jpg?from=ke.com
20240131,房山,长阳,101122487862,近地铁 满五唯一 南北通透 一梯两户必看好房,226万,25474元/平,顶层 (共6层) | 2008年 | 2室2厅 | 88.72平米 | 南 北,https://ke-image.ljcdn.com/110000-inspection/pc1_nWJ4VbCeq_1.jpg!m_fill,w_280,h_210,f_jpg?from=ke.com
20240131,房山,长阳,101122485777,此房满五唯一  纯南向   采光好  交通便利   近地铁必看好房,170万,30396元/平,高楼层 (共22层) | 2014年 | 2室1厅 | 55.93平米 | 南,https://ke-image.ljcdn.com/110000-inspection/pc1_BsjIwfyso_2.jpg!m_fill,w_280,h_210,f_jpg?from=ke.com
20240131,房山,长阳,101122483153,长阳半岛2号院 满五唯一采光充足店长推荐精装修,369万,42694元/平,高楼层 (共18层) | 2011年 | 2室1厅 | 86.43平米 | 南,https://ke-image.ljcdn.com/110000-inspection/pc1_o90ur3Ahy.jpg!m_fill,w_280,h_210,f_jpg?from=ke.com
20240131,房山,长阳,101122470353,加州水郡二期满五年唯一三居小区中间位置。,360万,24974元/平,中楼层 (共9层) | 2007年 | 3室2厅 | 144.15平米 | 南 北,https://ke-image.ljcdn.com/110000-inspection/pc1_GYfSgpJyi.jpg!m_fill,w_280,h_210,f_jpg?from=ke.com
20240131,房山,长阳,101122451800,长阳半岛2号院 满五唯一 采光充足万科精装必看好房,426万,41533元/平,中楼层 (共18层) 3室1厅 | 102.57平米 | 南 西 北,https://ke-image.ljcdn.com/110000-inspection/pc1_Fdi7eBql9_1.jpg!m_fill,w_280,h_210,f_jpg?from=ke.com
20240131,房山,长阳,101122426976,满五唯一 视野宽阔 采光充足 配套设施齐全 交通便利,330万,26026元/平,顶层 (共10层) 3室1厅 | 126.8平米 | 东 南 西,https://ke-image.ljcdn.com/110000-inspection/pc1_ia5ZTgQW5_1.jpg!m_fill,w_280,h_210,f_jpg?from=ke.com
20240131,房山,长阳,101122419116,近地铁 温馨三居双卫 改善户型必看好房,428万,42968元/平,高楼层 (共21层) | 2014年 | 3室1厅 | 99.61平米 | 南 西 北,https://ke-image.ljcdn.com/110000-inspection/pc1_HM4nzG9AY.jpg!m_fill,w_280,h_210,f_jpg?from=ke.com
20240131,房山,长阳,101122414340,西悦欣居 满五唯一  南向两居室  楼层好 采光好必看好房,299万,33717元/平,中楼层 (共18层) 2室2厅 | 88.68平米 | 南,https://ke-image.ljcdn.com/110000-inspection/pc1_nK55SNem3.jpg!m_fill,w_280,h_210,f_jpg?from=ke.com
20240131,房山,长阳,101122411200,满五唯一随时看房业主诚售优质两居,200万,23023元/平,底层 (共15层) | 2010年 | 2室1厅 | 86.87平米 | 西北,https://ke-image.ljcdn.com/110000-inspection/pc1_7SB5RUhL1_1.jpg!m_fill,w_280,h_210,f_jpg?from=ke.com
20240131,房山,长阳,101122390155,加州水郡四期 南北通通三居室 一梯二户 采光充足,265万,28921元/平,顶层 (共11层) 3室1厅 | 91.63平米 | 南 北,https://ke-image.ljcdn.com/110000-inspection/pc1_TF9VbXdwA_1.jpg!m_fill,w_280,h_210,f_jpg?from=ke.com
20240131,房山,长阳,101122387893,康泽佳苑东向一居室户型方正无浪费面积,149万,35101元/平,高楼层 (共28层) | 2014年 | 1室1厅 | 42.45平米 | 东,https://ke-image.ljcdn.com/110000-inspection/pc1_qZbWKS0Uk.jpg!m_fill,w_280,h_210,f_jpg?from=ke.com
20240131,房山,长阳,101122383676,金地朗悦悦园 2室1厅 南房主自荐,365万,45404元/平,高楼层 (共15层) 2室1厅 | 80.39平米 | 南,https://ke-image.ljcdn.com/110000-inspection/pc1_uP1xIODVT.jpg!m_fill,w_280,h_210,f_jpg?from=ke.com
20240131,房山,长阳,101122382472,万科.金域缇香 精装修 南向 中楼层 两居室必看好房,220万,35605元/平,中楼层 (共18层) | 2014年 | 2室1厅 | 61.79平米 | 南,https://ke-image.ljcdn.com/110000-inspection/pc1_62n18CIaw.jpg!m_fill,w_280,h_210,f_jpg?from=ke.com
20240131,房山,长阳,101122349251,一梯两户精装修好位置随时能看房价格可以优惠必看好房,336万,37821元/平,中楼层 (共15层) 3室1厅 | 88.84平米 | 南 北,https://ke-image.ljcdn.com/110000-inspection/pc1_KbIdRitPN.jpg!m_fill,w_280,h_210,f_jpg?from=ke.com
20240131,房山,长阳,101122345673,急售芭蕾雨悦都南区三居室 中间层 满五唯一必看好房,355万,39327元/平,高楼层 (共9层) 3室2厅 | 90.27平米 | 南 北,https://ke-image.ljcdn.com/110000-inspection/7e59e3bb-3720-4370-af22-0386a2fa18d8_1000.jpg!m_fill,w_280,h_210,f_jpg?from=ke.com
20240131,房山,长阳,101122338995,邑上公馆 洋房社区 地铁广阳城 满五唯一 只有契税,280万,33703元/平,中楼层 (共6层) | 2014年 | 2室2厅 | 83.08平米 | 南 北,https://ke-image.ljcdn.com/110000-inspection/pc1_nmkGZuWaA_1.jpg!m_fill,w_280,h_210,f_jpg?from=ke.com
20240131,房山,长阳,101122321315,长阳半岛2号院 满五唯一 采光充足 店长推荐,369万,42694元/平,低楼层 (共18层) | 2011年 | 2室1厅 | 86.43平米 | 南,https://ke-image.ljcdn.com/110000-inspection/1e2365cc-a599-472c-989f-9c8e7c39a6bd_1000.jpg!m_fill,w_280,h_210,f_jpg?from=ke.com
20240131,房山,长阳,101122283193,加州水郡四期 新装修 三居室 南北通透 诚心出售必看好房,260万,28394元/平,中楼层 (共11层) | 2011年 | 3室1厅 | 91.57平米 | 南 北,https://ke-image.ljcdn.com/110000-inspection/pc1_HuvNib9tw_1.jpg!m_fill,w_280,h_210,f_jpg?from=ke.com
20240131,房山,长阳,101122279569,天资华府 精装自住三居 高楼层视野开阔 诚心出售必看好房,355万,30252元/平,高楼层 (共18层) | 2015年 | 3室1厅 | 117.35平米 | 南 北,https://ke-image.ljcdn.com/110000-inspection/52131a8b-a77d-400b-8e09-7cfecd747239_1000.jpg!m_fill,w_280,h_210,f_jpg?from=ke.com
20240131,房山,长阳,101122263733,房山线长阳站南向一居方正格局有钥匙随时可看必看好房,218万,36147元/平,低楼层 (共25层) | 2015年 | 1室1厅 | 60.31平米 | 南,https://ke-image.ljcdn.com/110000-inspection/pc1_QrMePO0Rg.jpg!m_fill,w_280,h_210,f_jpg?from=ke.com
20240131,房山,长阳,101122255563,近地铁 南北通透 一梯两户 满五唯一必看好房,220万,24798元/平,顶层 (共6层) 2室1厅 | 88.72平米 | 南 北,https://ke-image.ljcdn.com/110000-inspection/pc1_zoXwY5fYh.jpg!m_fill,w_280,h_210,f_jpg?from=ke.com
20240131,房山,长阳,101122232690,长龙苑小区北区 南北通透 业主自住 近两年新装修,209万,25851元/平,底层 (共6层) | 2004年 | 2室1厅 | 80.85平米 | 南 北,https://ke-image.ljcdn.com/110000-inspection/pc1_eAHeBfKIW_1.jpg!m_fill,w_280,h_210,f_jpg?from=ke.com
20240131,房山,长阳,101122226927,首开熙悦山澜庭  精装修 保持状态好 采光好 视野开阔必看好房,290万,41584元/平,低楼层 (共21层) | 2014年 | 2室1厅 | 69.74平米 | 南,https://ke-image.ljcdn.com/110000-inspection/pc1_wa5mQZOEX.jpg!m_fill,w_280,h_210,f_jpg?from=ke.com
20240131,房山,长阳,101122216361,首开熙悦山澜庭 南向精装两居室 采光充足 视野开阔必看好房,296万,42444元/平,低楼层 (共21层) | 2014年 | 2室1厅 | 69.74平米 | 南,https://ke-image.ljcdn.com/110000-inspection/pc1_jU7RSh079_1.jpg!m_fill,w_280,h_210,f_jpg?from=ke.com
20240131,房山,长阳,101122192402,康泽佳苑南区 交通便利 配套齐全必看好房,182万,34327元/平,高楼层 (共18层) | 2014年 | 2室1厅 | 53.02平米 | 南 北,https://ke-image.ljcdn.com/110000-inspection/pc1_kUJM9N3d1_1.jpg!m_fill,w_280,h_210,f_jpg?from=ke.com
20240131,房山,长阳,101122171827,首开熙悦山澜庭 只有契税 精装修 好楼层好位置必看好房,360万,42534元/平,中楼层 (共21层) | 2014年 | 2室1厅 | 84.64平米 | 南,https://ke-image.ljcdn.com/110000-inspection/pc1_joTxC1h30.jpg!m_fill,w_280,h_210,f_jpg?from=ke.com
20240131,房山,长阳,101122158915,长龙家园南北通透一梯两户带电梯采光好两居室必看好房,218万,26077元/平,中楼层 (共11层) | 2015年 | 2室1厅 | 83.6平米 | 南 北,https://ke-image.ljcdn.com/110000-inspection/pc1_J9L3vhWnv.jpg!m_fill,w_280,h_210,f_jpg?from=ke.com
20240131,房山,长阳,101122138471,地铁广阳城站 6层洋房 邑上公馆小区 满五唯一诚心出售必看好房,278万,33458元/平,低楼层 (共6层) | 2014年 | 2室2厅 | 83.09平米 | 南 北,https://ke-image.ljcdn.com/110000-inspection/pc1_WLSSPZr32.jpg!m_fill,w_280,h_210,f_jpg?from=ke.com
20240131,房山,长阳,101122136677,加州水郡三期南向一居 高楼层采光好房主自荐,182万,31053元/平,顶层 (共11层) | 2010年 | 1室1厅 | 58.61平米 | 南,https://ke-image.ljcdn.com/110000-inspection/pc1_MuomsXetO.jpg!m_fill,w_280,h_210,f_jpg?from=ke.com
20240131,房山,长阳,101122133650,徜徉嘉园5号院 人车分流 中间层  边户  有阳台 精装修房主自荐,432万,43858元/平,中楼层 (共8层) 3室2厅 | 98.5平米 | 南 北,https://ke-image.ljcdn.com/110000-inspection/pc1_BlpgOMa6W_1.jpg!m_fill,w_280,h_210,f_jpg?from=ke.com
20240131,房山,长阳,101122119219,康泽佳苑南区 1室1厅 西南必看好房,138万,32717元/平,中楼层 (共28层) | 2014年 | 1室1厅 | 42.18平米 | 西南,https://ke-image.ljcdn.com/110000-inspection/pc1_M5FvU3GnM.jpg!m_fill,w_280,h_210,f_jpg?from=ke.com
20240131,房山,长阳,101122114155,店长推荐金域缇香全南向楼层好视野宽阔采光充足大一居,260万,34667元/平,高楼层 (共17层) | 2014年 | 1室1厅 | 75平米 | 南,https://ke-image.ljcdn.com/110000-inspection/pc1_HE7Bs6KFJ.jpg!m_fill,w_280,h_210,f_jpg?from=ke.com
20240131,房山,长阳,101122106754,康泽佳苑南区精装南向2居户型方正采光好楼层佳随时看必看好房,178万,34218元/平,高楼层 (共18层) | 2014年 | 2室1厅 | 52.02平米 | 南,https://ke-image.ljcdn.com/110000-inspection/pc1_8dwxevF4c.jpg!m_fill,w_280,h_210,f_jpg?from=ke.com
20240131,房山,长阳,101122097591,金隅畅和园9号院 精装修 满五唯一 高楼层 无遮挡,270万,32704元/平,高楼层 (共21层) | 2016年 | 2室1厅 | 82.56平米 | 南 北,https://ke-image.ljcdn.com/110000-inspection/pc1_grLnOGJBs_1.jpg!m_fill,w_280,h_210,f_jpg?from=ke.com
20240131,房山,长阳,101122050774,店长推荐长景新园南北通透高楼层采光好两居室必看好房,315万,34292元/平,中楼层 (共11层) 2室1厅 | 91.86平米 | 南 北,https://ke-image.ljcdn.com/110000-inspection/pc1_Yn0nls5qq.jpg!m_fill,w_280,h_210,f_jpg?from=ke.com
20240131,房山,长阳,101122024304,合景领峰8号院三居室别墅区洋房全明格局必看好房,340万,37715元/平,中楼层 (共8层) | 2015年 | 3室1厅 | 90.15平米 | 南,https://ke-image.ljcdn.com/110000-inspection/pc1_lRXe75rX9_1.jpg!m_fill,w_280,h_210,f_jpg?from=ke.com
20240131,房山,长阳,101122013070,碧波园 南北通透大三居双卫 无遮挡看房方便,310万,25705元/平,中楼层 (共6层) | 2005年 | 3室1厅 | 120.6平米 | 南 北,https://ke-image.ljcdn.com/110000-inspection/pc1_qMOlaaDXE.jpg!m_fill,w_280,h_210,f_jpg?from=ke.com
20240131,房山,长阳,101121992339,绿地花都苑满五唯一精装三居室出售有车位必看好房,330万,28344元/平,低楼层 (共12层) 3室1厅 | 116.43平米 | 南 北,https://ke-image.ljcdn.com/110000-inspection/pc1_rG4blw49G_1.jpg!m_fill,w_280,h_210,f_jpg?from=ke.com
20240131,房山,长阳,101121988127,天骄俊园 2室1厅 南 北,226万,25523元/平,顶层 (共6层) | 2008年 | 2室1厅 | 88.55平米 | 南 北,https://ke-image.ljcdn.com/110000-inspection/pc1_FnQuvkqob.jpg!m_fill,w_280,h_210,f_jpg?from=ke.com
20240131,房山,长阳,101121945575,中间位置精装修高楼层南北通透三居室！！房主自荐,399万,44113元/平,高楼层 (共9层) | 2012年 | 3室1厅 | 90.45平米 | 南 北,https://ke-image.ljcdn.com/110000-inspection/ad86cd47-fda9-48b3-8b15-634b0e03ccf1_1000.jpg!m_fill,w_280,h_210,f_jpg?from=ke.com
20240131,房山,长阳,101121926468,康泽佳苑南区 中间位置 南北两居室 诚心出售,189万,35407元/平,中楼层 (共18层) | 2014年 | 2室1厅 | 53.38平米 | 南 北,https://ke-image.ljcdn.com/110000-inspection/pc1_Tf0aKQ7UB.jpg!m_fill,w_280,h_210,f_jpg?from=ke.com
20240131,房山,长阳,101121915656,长阳半岛怡和路3号院100平精装修小三居必看好房,453万,45744元/平,中楼层 (共18层) | 2014年 | 3室1厅 | 99.03平米 | 东 南 北,https://ke-image.ljcdn.com/110000-inspection/pc1_9SDFvQgbt_1.jpg!m_fill,w_280,h_210,f_jpg?from=ke.com
20240131,房山,长阳,101121900016,明厨明卫高楼层南北通透看房方便必看好房,258万,32271元/平,中楼层 (共25层) | 2015年 | 2室1厅 | 79.95平米 | 南 西 北,https://ke-image.ljcdn.com/110000-inspection/pc1_kVP1U1Sli_1.jpg!m_fill,w_280,h_210,f_jpg?from=ke.com
20240131,房山,长阳,101121895207,{区域聚焦} （五星好房）金地朗悦悦园 精装两居必看好房,349万,42515元/平,低楼层 (共15层) | 2013年 | 2室1厅 | 82.09平米 | 南,https://ke-image.ljcdn.com/110000-inspection/pc1_xYFZ2kiwk.jpg!m_fill,w_280,h_210,f_jpg?from=ke.com
20240131,房山,长阳,101121888543,长阳半岛3号院南北通透聚焦房源位置好,648万,47397元/平,高楼层 (共9层) 4室1厅 | 136.72平米 | 南 西 北,https://ke-image.ljcdn.com/110000-inspection/pc1_i9vsiLaj4.jpg!m_fill,w_280,h_210,f_jpg?from=ke.com
20240131,房山,长阳,101121881343,原香小镇二区 3室1厅 南 北,290万,34308元/平,顶层 (共6层) | 2010年 | 3室1厅 | 84.53平米 | 南 北,https://ke-image.ljcdn.com/110000-inspection/pc1_N5jLb6QsG.jpg!m_fill,w_280,h_210,f_jpg?from=ke.com
20240131,房山,长阳,101121855735,铭品嘉苑   满五唯一 采光和视野充足必看好房,175万,24851元/平,高楼层 (共20层) 2室1厅 | 70.42平米 | 南,https://ke-image.ljcdn.com/110000-inspection/pc1_Qt1DM1f1L.jpg!m_fill,w_280,h_210,f_jpg?from=ke.com
20240131,房山,长阳,101121838105,万科金域缇香南北通透两居室满五唯一看房方便必看好房,298万,34124元/平,高楼层 (共17层) | 2014年 | 2室1厅 | 87.33平米 | 南 北,https://ke-image.ljcdn.com/110000-inspection/pc1_oCRVfNHOQ.jpg!m_fill,w_280,h_210,f_jpg?from=ke.com
20240131,房山,长阳,101121801245,西悦雅居 南向两居 中间层 满五唯一 精装修 停车方便必看好房,294万,33079元/平,中楼层 (共16层) | 2012年 | 2室1厅 | 88.88平米 | 南,https://ke-image.ljcdn.com/110000-inspection/pc1_WQqmgKOGz.jpg!m_fill,w_280,h_210,f_jpg?from=ke.com
20240131,房山,长阳,101121768865,加州水郡四期东向两居二次装修保持好采光足。必看好房,210万,23711元/平,高楼层 (共15层) | 2011年 | 2室1厅 | 88.57平米 | 东,https://ke-image.ljcdn.com/110000-inspection/pc1_yLUCvUX81.jpg!m_fill,w_280,h_210,f_jpg?from=ke.com
20240131,房山,长阳,101121762296,天资华府 南北通透大三居双卫 楼层好视野佳 人车分流,415万,30551元/平,高楼层 (共18层) | 2015年 | 3室2厅 | 135.84平米 | 南 北,https://ke-image.ljcdn.com/110000-inspection/pc1_EFt7wuJ19.jpg!m_fill,w_280,h_210,f_jpg?from=ke.com
20240131,房山,长阳,101121704732,国际花园3号院 急售 急售 满五唯一诚心出售 南北通透,315万,35121元/平,低楼层 (共18层) | 2014年 | 3室1厅 | 89.69平米 | 南 北,https://ke-image.ljcdn.com/110000-inspection/pc1_iSmnoRts0.jpg!m_fill,w_280,h_210,f_jpg?from=ke.com
20240131,房山,长阳,101121694933,绿地花都苑精装满五唯一东边户出售随时可看必看好房,248万,27866元/平,中楼层 (共11层) | 2012年 | 2室1厅 | 89平米 | 南 北,https://ke-image.ljcdn.com/110000-inspection/8fc9d9cd-3a00-421a-9233-a7ba94a1e513_1000.jpg!m_fill,w_280,h_210,f_jpg?from=ke.com
20240131,房山,长阳,101121683956,长阳 南北通透满五唯一 两居室 业主自住装修,238万,25573元/平,高楼层 (共11层) | 2006年 | 2室1厅 | 93.07平米 | 南 北,https://ke-image.ljcdn.com/110000-inspection/pc1_8VS8hSRtf_2.jpg!m_fill,w_280,h_210,f_jpg?from=ke.com
20240131,房山,长阳,101121657934,芭蕾雨悦都北区  满五唯一 大阳台南北通透户型必看好房,337万,41807元/平,中楼层 (共9层) 2室1厅 | 80.61平米 | 南 北,https://ke-image.ljcdn.com/110000-inspection/7ba40877-9da0-4211-876f-ccb9c03d453f_1000.jpg!m_fill,w_280,h_210,f_jpg?from=ke.com
20240131,房山,长阳,101121637328,精装修保持好南北通透小三居诚心出售！,359万,39525元/平,中楼层 (共9层) | 2012年 | 3室1厅 | 90.83平米 | 南 北,https://ke-image.ljcdn.com/110000-inspection/pc1_8ck7MBDG6.jpg!m_fill,w_280,h_210,f_jpg?from=ke.com
20240131,房山,长阳,101121620131,全款只有契税非顶层大两居采光视野很好,235万,25910元/平,高楼层 (共15层) 2室1厅 | 90.7平米 | 西南,https://ke-image.ljcdn.com/110000-inspection/38a14119-0af0-47eb-aa09-02881df07b88_1000.jpg!m_fill,w_280,h_210,f_jpg?from=ke.com
20240131,房山,长阳,101121614361,金域缇香 3室2厅 南 北,450万,39097元/平,高楼层 (共21层) | 2014年 | 3室2厅 | 115.1平米 | 南 北,https://ke-image.ljcdn.com/110000-inspection/da9142d2-23a6-41a5-8eef-7c532a468649_1000.jpg!m_fill,w_280,h_210,f_jpg?from=ke.com
20240131,房山,长阳,101121600557,国际花园2号院 新上房源 高楼层 满五唯一 诚心出售必看好房,313万,35106元/平,高楼层 (共18层) | 2014年 | 3室1厅 | 89.16平米 | 南 北,https://ke-image.ljcdn.com/110000-inspection/59be8421-44ce-4cfc-b045-904d8b39887e_1000.jpg!m_fill,w_280,h_210,f_jpg?from=ke.com
20240131,房山,长阳,101121582742,国际花园3号院 3室1厅 南 北,350万,39002元/平,中楼层 (共18层) | 2014年 | 3室1厅 | 89.74平米 | 南 北,https://ke-image.ljcdn.com/110000-inspection/pc1_9TmBSLqJW.jpg!m_fill,w_280,h_210,f_jpg?from=ke.com
20240131,房山,长阳,101121568264,长阳半岛怡和路8号院 诚心出售边户 看房方便,759万,46431元/平,中楼层 (共15层) | 2014年 | 3室1厅 | 163.47平米 | 南 北,https://ke-image.ljcdn.com/110000-inspection/pc1_VBAh76wy4.jpg!m_fill,w_280,h_210,f_jpg?from=ke.com
20240131,房山,长阳,101121557659,天泰新景 南北通透 3 房朝南 房主自住装修房主自荐,256万,23039元/平,顶层 (共6层) 3室2厅 | 111.12平米 | 南 北,https://ke-image.ljcdn.com/110000-inspection/pc1_ADqCm1IpM.jpg!m_fill,w_280,h_210,f_jpg?from=ke.com
20240131,房山,长阳,101121513503,长龙苑小区 满五唯一 南北通透  两居室必看好房,198万,24966元/平,高楼层 (共6层) | 2000年 | 2室2厅 | 79.31平米 | 南 北,https://ke-image.ljcdn.com/110000-inspection/pc1_EFZdYFQ1F.jpg!m_fill,w_280,h_210,f_jpg?from=ke.com
20240131,房山,长阳,101121503668,长阳半岛2号院明厨明卫满五唯一店长推荐,367万,41437元/平,低楼层 (共28层) 2室1厅 | 88.57平米 | 西南 北,https://ke-image.ljcdn.com/110000-inspection/pc1_XywI3xx4X_1.jpg!m_fill,w_280,h_210,f_jpg?from=ke.com
20240131,房山,长阳,101121496492,世茂维拉 通透两居 次顶层 明厨明卫 无遮挡 采光好必看好房,220万,27646元/平,高楼层 (共15层) | 2015年 | 2室1厅 | 79.58平米 | 东 南 西,https://ke-image.ljcdn.com/110000-inspection/pc1_dfNli9F0G_2.jpg!m_fill,w_280,h_210,f_jpg?from=ke.com
20240131,房山,长阳,101121407597,长阳半岛3号院 4室2厅 南 北,609万,44645元/平,顶层 (共9层) 4室2厅 | 136.41平米 | 南 北,https://ke-image.ljcdn.com/110000-inspection/pc1_qbu2blNtI_1.jpg!m_fill,w_280,h_210,f_jpg?from=ke.com
20240131,房山,长阳,101121404893,万科.金域缇香 满五唯一 中层 南向 采光好一居室必看好房,220万,34252元/平,中楼层 (共17层) | 2014年 | 1室1厅 | 64.23平米 | 南,https://ke-image.ljcdn.com/110000-inspection/pc1_pGovvdPKe.jpg!m_fill,w_280,h_210,f_jpg?from=ke.com
20240131,房山,长阳,101121383411,原香小镇一区 经典三居边户 精装出售必看好房,276万,29971元/平,低楼层 (共10层) 3室1厅 | 92.09平米 | 北 南,https://ke-image.ljcdn.com/110000-inspection/pc1_G6wx4RC77_1.jpg!m_fill,w_280,h_210,f_jpg?from=ke.com
20240131,房山,长阳,101121368810,天资华府 南北通透精装双卫三居室 观景房小区环境好,395万,29399元/平,低楼层 (共18层) | 2017年 | 3室1厅 | 134.36平米 | 南 北,https://ke-image.ljcdn.com/110000-inspection/5e5b9807-5855-4db9-89f8-c5a78246e392_1000.jpg!m_fill,w_280,h_210,f_jpg?from=ke.com
20240131,房山,长阳,101121265329,此房满五唯一节省买房成本二次装修看房方便,223万,25451元/平,顶层 (共15层) 2室1厅 | 87.62平米 | 西 南,https://ke-image.ljcdn.com/110000-inspection/pc1_db9Tui2XM_1.jpg!m_fill,w_280,h_210,f_jpg?from=ke.com
20240131,房山,长阳,101121247321,康泽佳苑北区 交通便利 配套齐全,279万,34906元/平,高楼层 (共25层) 2室1厅 | 79.93平米 | 南 北,https://ke-image.ljcdn.com/110000-inspection/3099ce9b-eaa9-44a7-9aba-8a6de1d4c3ea_1000.jpg!m_fill,w_280,h_210,f_jpg?from=ke.com
20240131,房山,长阳,101121243401,{区域聚焦}（五星好房）南向 明厨明卫 精装两居,359万,43733元/平,中楼层 (共15层) | 2013年 | 2室1厅 | 82.09平米 | 南,https://ke-image.ljcdn.com/110000-inspection/pc1_ytmjJgMlT.jpg!m_fill,w_280,h_210,f_jpg?from=ke.com
20240131,房山,长阳,101121239544,万科新里程北区 店长推荐满5年唯一 南向2居必看好房,295万,33561元/平,底层 (共8层) | 2013年 | 2室1厅 | 87.9平米 | 南,https://ke-image.ljcdn.com/110000-inspection/pc1_LeeJJmACu.jpg!m_fill,w_280,h_210,f_jpg?from=ke.com
20240131,房山,长阳,101121226869,此房满五年南北通透房屋安静交通便利！,428万,45712元/平,中楼层 (共9层) | 2011年 | 3室1厅 | 93.63平米 | 南 北,https://ke-image.ljcdn.com/110000-inspection/pc1_I9pMJauuz.jpg!m_fill,w_280,h_210,f_jpg?from=ke.com
20240131,房山,长阳,101121179799,万年广阳郡九号南北通透次顶层业主诚售必看好房,589万,42445元/平,高楼层 (共13层) | 2018年 | 3室2厅 | 138.77平米 | 北 南,https://ke-image.ljcdn.com/110000-inspection/pc1_ahxFxyYc7_1.jpg!m_fill,w_280,h_210,f_jpg?from=ke.com
20240131,房山,长阳,101121162539,首创新悦都一区 满五唯一精装修房主自荐,358万,40329元/平,高楼层 (共18层) | 2015年 | 3室1厅 | 88.77平米 | 南 北 东,https://ke-image.ljcdn.com/110000-inspection/pc1_v4tbcwIrD.jpg!m_fill,w_280,h_210,f_jpg?from=ke.com
20240131,房山,长阳,101121149556,南北户型交通便利配套齐全。必看好房,416万,43456元/平,顶层 (共9层) 3室2厅 | 95.73平米 | 南 北,https://ke-image.ljcdn.com/110000-inspection/pc1_7tuuDUHEs_1.jpg!m_fill,w_280,h_210,f_jpg?from=ke.com
20240131,房山,长阳,101121126876,碧桂园天资璟庭南北通透双卫两居室房主自荐,350万,31999元/平,中楼层 (共11层) | 2013年 | 2室1厅 | 109.38平米 | 南 北,https://ke-image.ljcdn.com/110000-inspection/f6673f2c-3d85-460d-a5a0-89e9cae07a86_1000.jpg!m_fill,w_280,h_210,f_jpg?from=ke.com
20240131,房山,长阳,101121115740,熙悦山澜庭南向精装两居室好位置满五年唯一必看好房,369万,43757元/平,高楼层 (共21层) 2室1厅 | 84.33平米 | 南,https://ke-image.ljcdn.com/110000-inspection/pc1_jUMW69RZ7.jpg!m_fill,w_280,h_210,f_jpg?from=ke.com
20240131,房山,长阳,101121113402,西悦欣居精装修南北通透两居满五唯一全明户型,309万,34880元/平,高楼层 (共21层) | 2012年 | 2室1厅 | 88.59平米 | 南 北,https://ke-image.ljcdn.com/110000-inspection/pc1_XOWRpyCJy.jpg!m_fill,w_280,h_210,f_jpg?from=ke.com
20240131,房山,长阳,101121110990,长阳半岛祥云街3号院  *长阳半岛3号院”,518万,43399元/平,顶层 (共9层) | 2013年 | 3室1厅 | 119.36平米 | 南 北,https://ke-image.ljcdn.com/110000-inspection/pc1_6fOiYIXkO_1.jpg!m_fill,w_280,h_210,f_jpg?from=ke.com
20240131,房山,长阳,101121097101,碧桂园小区C区南向一居室满五唯一采光好,169万,29634元/平,高楼层 (共11层) 1室0厅 | 57.03平米 | 南,https://ke-image.ljcdn.com/110000-inspection/pc1_BVsQ32C8c_2.jpg!m_fill,w_280,h_210,f_jpg?from=ke.com
20240131,房山,长阳,101121062427,西悦欣居 南北2居 满五唯一 诚心出售 随时看房房主自荐,285万,32350元/平,中楼层 (共21层) 2室1厅 | 88.1平米 | 南 北,https://ke-image.ljcdn.com/110000-inspection/pc1_Zs1XpFUbq.jpg!m_fill,w_280,h_210,f_jpg?from=ke.com
20240131,房山,长阳,101121058099,万科新里程57号院满五唯一看房随时必看好房,299万,33323元/平,底层 (共9层) | 2013年 | 2室1厅 | 89.73平米 | 南 北,https://ke-image.ljcdn.com/110000-inspection/pc1_1NwHinjPX_1.jpg!m_fill,w_280,h_210,f_jpg?from=ke.com
20240131,房山,长阳,101121055479,满五唯一西边户全明格局精装修。楼层适中采光佳必看好房,339万,38410元/平,高楼层 (共18层) 3室1厅 | 88.26平米 | 南 西 北,https://ke-image.ljcdn.com/110000-inspection/ee5477a0-8772-4303-a482-f30a3ea9c2ed_1000.jpg!m_fill,w_280,h_210,f_jpg?from=ke.com
20240131,房山,长阳,101121041244,金域缇香店长推荐高楼层视野采光无遮挡两居室,340万,40109元/平,高楼层 (共20层) | 2014年 | 2室1厅 | 84.77平米 | 南,https://ke-image.ljcdn.com/110000-inspection/pc1_EnyoLbO5Y_1.jpg!m_fill,w_280,h_210,f_jpg?from=ke.com
20240131,房山,长阳,101121035304,《店长推荐》世茂维拉高楼层精装修三居室必看好房,338万,33895元/平,高楼层 (共12层) 3室1厅 | 99.72平米 | 南 北,https://ke-image.ljcdn.com/110000-inspection/f574d746-b2f5-4c27-8cf1-9295f8602cc7_1000.jpg!m_fill,w_280,h_210,f_jpg?from=ke.com
20240131,房山,长阳,101121029158,西悦欣居南北向两居室明厨明卫随时可以看房必看好房,285万,32171元/平,低楼层 (共21层) | 2012年 | 2室1厅 | 88.59平米 | 南 北,https://ke-image.ljcdn.com/110000-inspection/pc1_iOksx1IKZ_1.jpg!m_fill,w_280,h_210,f_jpg?from=ke.com
20240131,房山,长阳,101121017498,中粮京西祥云 3室2厅 南 北,550万,47814元/平,中楼层 (共16层) 3室2厅 | 115.03平米 | 南 北,https://ke-image.ljcdn.com/110000-inspection/pc1_1pskiO9mu.jpg!m_fill,w_280,h_210,f_jpg?from=ke.com
20240131,房山,长阳,101121009696,金域缇香 2室1厅 南房主自荐,375万,40984元/平,低楼层 (共18层) | 2015年 | 2室1厅 | 91.5平米 | 南,https://ke-image.ljcdn.com/110000-inspection/pc1_tbYgGsYDC_1.jpg!m_fill,w_280,h_210,f_jpg?from=ke.com
20240131,房山,长阳,101121000333,首开熙悦山澜庭  全南  有装修  诚心出售必看好房,357万,41966元/平,高楼层 (共21层) | 2014年 | 2室1厅 | 85.07平米 | 南,https://ke-image.ljcdn.com/110000-inspection/pc1_y8MBZFimk.jpg!m_fill,w_280,h_210,f_jpg?from=ke.com
20240131,房山,长阳,101120959831,国际花园4号院满五年唯一业主诚心卖长阳三居室房主自荐,330万,36901元/平,低楼层 (共18层) | 2014年 | 3室1厅 | 89.43平米 | 南 北,https://ke-image.ljcdn.com/110000-inspection/pc1_0zYg47cDI.jpg!m_fill,w_280,h_210,f_jpg?from=ke.com
20240131,房山,长阳,101120939267,观景房高楼层采光视野无遮挡房主自荐,155万,28784元/平,中楼层 (共14层) | 2010年 | 1室1厅 | 53.85平米 | 南,https://ke-image.ljcdn.com/110000-inspection/pc1_xsFDPe0zj.jpg!m_fill,w_280,h_210,f_jpg?from=ke.com
20240131,房山,长阳,101120927223,南北通透中间位置高楼层不临路主卧带卫生间。必看好房,315万,27156元/平,高楼层 (共12层) 3室1厅 | 116平米 | 南 北,https://ke-image.ljcdn.com/110000-inspection/pc1_6Kq0VgMLl.jpg!m_fill,w_280,h_210,f_jpg?from=ke.com
20240131,房山,长阳,101120922592,万科金域缇香 精装修 中间楼层 边户明厨明卫 诚心出售,465万,40135元/平,中楼层 (共20层) | 2014年 | 3室2厅 | 115.86平米 | 南 北,https://ke-image.ljcdn.com/110000-inspection/pc1_T3ifmPglt.jpg!m_fill,w_280,h_210,f_jpg?from=ke.com
20240131,房山,长阳,101120921544,金隅畅和园 满五唯一 南向一居室 全屋定制必看好房,189万,28820元/平,低楼层 (共22层) | 2016年 | 1室1厅 | 65.58平米 | 南,https://ke-image.ljcdn.com/110000-inspection/a1d55d05-47ed-4aec-b650-d2410a278cd1_1000.jpg!m_fill,w_280,h_210,f_jpg?from=ke.com
20240131,房山,长阳,101120919729,首开熙悦山澜庭 南向两居 好位置 不临街 诚心卖必看好房,347万,41463元/平,低楼层 (共21层) | 2014年 | 2室1厅 | 83.69平米 | 南,https://ke-image.ljcdn.com/110000-inspection/pc1_Us5Nhj7hJ.jpg!m_fill,w_280,h_210,f_jpg?from=ke.com
20240131,房山,长阳,101120915280,长阳半岛祥云街2号院 诚心出售 南北通透,420万,49840元/平,中楼层 (共18层) | 2011年 | 2室1厅 | 84.27平米 | 南 北,https://ke-image.ljcdn.com/110000-inspection/pc1_geywNaojo.jpg!m_fill,w_280,h_210,f_jpg?from=ke.com
20240131,房山,长阳,101120913419,国际花园3号院 精装修 三居室 中高楼层必看好房,310万,35120元/平,高楼层 (共18层) | 2014年 | 3室2厅 | 88.27平米 | 南 北,https://ke-image.ljcdn.com/110000-inspection/pc1_HglYeMB4w.jpg!m_fill,w_280,h_210,f_jpg?from=ke.com
20240131,房山,长阳,101120904039,首创新悦都一区精装两居室成型出售必看好房,268万,35417元/平,顶层 (共17层) 2室1厅 | 75.67平米 | 南 北,https://ke-image.ljcdn.com/110000-inspection/pc1_nGuAtnchk_2.jpg!m_fill,w_280,h_210,f_jpg?from=ke.com
20240131,房山,长阳,101120890567,畅和园9号院 西向一室一厅一厨一卫 装修好,194万,29578元/平,低楼层 (共22层) 1室1厅 | 65.59平米 | 西,https://ke-image.ljcdn.com/110000-inspection/pc1_A65ehVYwq_1.jpg!m_fill,w_280,h_210,f_jpg?from=ke.com
20240131,房山,长阳,101120889369,长阳国际城一区全南向两居精装修业主诚意出售必看好房,332万,42116元/平,高楼层 (共20层) | 2012年 | 2室1厅 | 78.83平米 | 南,https://ke-image.ljcdn.com/110000-inspection/pc1_1dlLtWX3m.jpg!m_fill,w_280,h_210,f_jpg?from=ke.com
20240131,房山,长阳,101120888074,天资璟庭纯南两居室  双卫生间 大阳台采光好必看好房,305万,28910元/平,高楼层 (共18层) | 2013年 | 2室1厅 | 105.5平米 | 南,https://ke-image.ljcdn.com/110000-inspection/fd6a09f2-3cff-462f-9334-7922a7037fc0_1000.jpg!m_fill,w_280,h_210,f_jpg?from=ke.com
20240131,房山,长阳,101120886426,《精品2居》满五唯一采光无遮挡万科物业,328万,40590元/平,中楼层 (共21层) 2室1厅 | 80.81平米 | 南,https://ke-image.ljcdn.com/110000-inspection/7cffdb35-ef97-46d8-9815-e7857b098086_1000.jpg!m_fill,w_280,h_210,f_jpg?from=ke.com
20240131,房山,长阳,101120870752,近地铁 电梯洋房 通风流畅 交通便利必看好房,280万,34047元/平,低楼层 (共6层) | 2014年 | 2室1厅 | 82.24平米 | 南 北,https://ke-image.ljcdn.com/110000-inspection/pc1_myZuLAbA3.jpg!m_fill,w_280,h_210,f_jpg?from=ke.com
20240131,房山,长阳,101120870235,{店长推荐} 精装三居 满五唯一 诚心出售 采光好必看好房,469万,42116元/平,中楼层 (共11层) 3室1厅 | 111.36平米 | 南 北,https://ke-image.ljcdn.com/110000-inspection/pc1_Qg2xbOcy4.jpg!m_fill,w_280,h_210,f_jpg?from=ke.com
20240131,房山,长阳,101120869195,满五年唯一 婚房装修两居室 高层 南北通透 篱笆房地铁房主自荐,302万,39581元/平,高楼层 (共18层) | 2014年 | 2室1厅 | 76.3平米 | 南 北,https://ke-image.ljcdn.com/110000-inspection/pc1_GRUTkkNcE.jpg!m_fill,w_280,h_210,f_jpg?from=ke.com
20240131,房山,长阳,101120837584,加州水郡三期 近3号门  观小区 安静房主自荐,215万,24555元/平,低楼层 (共14层) | 2010年 | 2室1厅 | 87.56平米 | 西,https://ke-image.ljcdn.com/110000-inspection/pc1_GtlDA1gYZ.jpg!m_fill,w_280,h_210,f_jpg?from=ke.com
20240131,房山,长阳,101120818086,长阳半岛2号院    半岛家园   长阳半岛祥云街2号院,445万,47528元/平,高楼层 (共9层) 3室1厅 | 93.63平米 | 南 北,https://ke-image.ljcdn.com/110000-inspection/pc1_eoJwW1Qeh_1.jpg!m_fill,w_280,h_210,f_jpg?from=ke.com
20240131,房山,长阳,101120806966,碧桂园小区C区 精装自住 南北通透 出行方便 一梯两户,305万,25868元/平,低楼层 (共16层) | 2007年 | 3室1厅 | 117.91平米 | 南 北,https://ke-image.ljcdn.com/110000-inspection/pc1_2H1qmxdgv_2.jpg!m_fill,w_280,h_210,f_jpg?from=ke.com
20240131,房山,长阳,101120796595,大宁山庄 满五唯一 南北通透 普通住宅 三居室必看好房,375万,26905元/平,中楼层 (共5层) 3室2厅 | 139.38平米 | 南 北,https://ke-image.ljcdn.com/110000-inspection/3b12f54c-5d30-4d58-879c-877ae8a50033_1000.jpg!m_fill,w_280,h_210,f_jpg?from=ke.com
20240131,房山,长阳,101120795202,徜徉嘉园5号院集中供暖 人车分流 看房方便 采光无遮挡,568万,45180元/平,中楼层 (共9层) 3室2厅 | 125.72平米 | 南 北,https://ke-image.ljcdn.com/110000-inspection/pc1_RK9MHQJgK.jpg!m_fill,w_280,h_210,f_jpg?from=ke.com
20240131,房山,长阳,101120780700,世茂维拉精装修两居室 无遮挡   位置好,225万,28253元/平,低楼层 (共16层) | 2015年 | 2室1厅 | 79.64平米 | 东 西,https://ke-image.ljcdn.com/110000-inspection/c4160528-d3d0-42fc-98a0-212fda8f6402_1000.jpg!m_fill,w_280,h_210,f_jpg?from=ke.com
20240131,房山,长阳,101120777454,长阳半岛3号院 一览众山小 满五唯一 全明格局房主自荐,459万,46089元/平,高楼层 (共18层) 3室1厅 | 99.59平米 | 南 西 北,https://ke-image.ljcdn.com/110000-inspection/pc1_xGhIQj2GM_1.jpg!m_fill,w_280,h_210,f_jpg?from=ke.com
20240131,房山,长阳,101120773140,碧桂园小区A区正规南北通透眼镜户型采光好只有契税房主自荐,225万,24940元/平,中楼层 (共6层) | 2001年 | 2室2厅 | 90.22平米 | 南 北,https://ke-image.ljcdn.com/110000-inspection/pc1_Hj8CO0CCx.jpg!m_fill,w_280,h_210,f_jpg?from=ke.com
20240131,房山,长阳,101120767660,金地朗悦悦园 满五唯一  装修保持好 前后无遮挡房主自荐,408万,47130元/平,低楼层 (共7层) | 2014年 | 3室1厅 | 86.57平米 | 南 北,https://ke-image.ljcdn.com/110000-inspection/pc1_YAuGi0n15_1.jpg!m_fill,w_280,h_210,f_jpg?from=ke.com
20240131,房山,长阳,101120753389,万科精装！视野开阔无遮挡业主诚心卖必看好房,379万,43384元/平,低楼层 (共15层) | 2015年 | 2室1厅 | 87.36平米 | 南,https://ke-image.ljcdn.com/110000-inspection/pc1_8Chsxj0kq.jpg!m_fill,w_280,h_210,f_jpg?from=ke.com
20240131,房山,长阳,101120732764,天资华府 2室1厅 南房主自荐,316万,33550元/平,高楼层 (共18层) | 2015年 | 2室1厅 | 94.19平米 | 南,https://ke-image.ljcdn.com/110000-inspection/pc1_BaGgRnOd9_2.jpg!m_fill,w_280,h_210,f_jpg?from=ke.com
20240131,房山,长阳,101120612863,首创新悦都一区南北通透精装两居诚心出售房主自荐,275万,36242元/平,底层 (共18层) 2室1厅 | 75.88平米 | 南 北,https://ke-image.ljcdn.com/110000-inspection/pc1_NXZ62OeIR.jpg!m_fill,w_280,h_210,f_jpg?from=ke.com
20240131,房山,长阳,101120574470,翠林漫步南北通透两居室满五年唯一必看好房,279万,31985元/平,高楼层 (共9层) | 2012年 | 2室1厅 | 87.23平米 | 南 北,https://ke-image.ljcdn.com/110000-inspection/prod-6be129d2-5c8c-4901-96e5-a8420a5375e7.jpg!m_fill,w_280,h_210,f_jpg?from=ke.com
20240131,房山,长阳,101120504481,碧桂园小区C区南北通透三居室满五唯一高楼层视野好,296万,24923元/平,中楼层 (共16层) 3室2厅 | 118.77平米 | 南 北,https://ke-image.ljcdn.com/110000-inspection/pc1_kNZ1RjGQ6.jpg!m_fill,w_280,h_210,f_jpg?from=ke.com
20240131,房山,长阳,101120467424,建邦华庭东区 南北通透 看房方便 诚心出售,435万,38760元/平,底层 (共8层) 3室1厅 | 112.23平米 | 南 北,https://ke-image.ljcdn.com/110000-inspection/pc1_5MYVmJcOP.jpg!m_fill,w_280,h_210,f_jpg?from=ke.com
20240131,房山,长阳,101120460423,加州水郡北区满五唯一两居只有契税方正楼层好必看好房,208万,24038元/平,中楼层 (共15层) | 2010年 | 2室1厅 | 86.53平米 | 西北,https://ke-image.ljcdn.com/110000-inspection/pc1_y5dxgMoc3.jpg!m_fill,w_280,h_210,f_jpg?from=ke.com
20240131,房山,长阳,101120416704,加州水郡三期满五唯一 高楼层 视野好 采光好必看好房,206万,23471元/平,高楼层 (共15层) | 2009年 | 2室1厅 | 87.77平米 | 西,https://ke-image.ljcdn.com/110000-inspection/44a8acbb-3474-454d-bdb8-2f35bd962e4c_1000.jpg!m_fill,w_280,h_210,f_jpg?from=ke.com
20240131,房山,长阳,101120289660,万科金域缇香南北通透满五唯一两居室业主诚心出售必看好房,296万,33652元/平,中楼层 (共17层) | 2014年 | 2室1厅 | 87.96平米 | 南 北,https://ke-image.ljcdn.com/110000-inspection/pc1_MgOTZx22i_1.jpg!m_fill,w_280,h_210,f_jpg?from=ke.com
20240131,房山,长阳,101120264020,店长推荐 欣居高楼层南向两居室房主自荐,312万,36145元/平,高楼层 (共21层) | 2012年 | 2室1厅 | 86.32平米 | 南,https://ke-image.ljcdn.com/110000-inspection/pc1_ySHlUCFLc.jpg!m_fill,w_280,h_210,f_jpg?from=ke.com
20240131,房山,长阳,101120254195,长阳半岛3号院 通透户型 满五年唯一房主自荐,318万,37567元/平,底层 (共5层) | 2013年 | 2室1厅 | 84.65平米 | 东 西,https://ke-image.ljcdn.com/110000-inspection/pc1_W0etbao5i_1.jpg!m_fill,w_280,h_210,f_jpg?from=ke.com
20240131,房山,长阳,101120173408,首开熙悦山熹园1号院南北通透两居满五唯一必看好房,309万,35457元/平,低楼层 (共21层) 2室1厅 | 87.15平米 | 南 北,https://ke-image.ljcdn.com/110000-inspection/pc1_BXmdGa9zH_2.jpg!m_fill,w_280,h_210,f_jpg?from=ke.com
20240131,房山,长阳,101120152556,天资华府 高层精装三居室双卫 视野好 小区人车分流,399万,34004元/平,中楼层 (共18层) | 2015年 | 3室2厅 | 117.34平米 | 南 北,https://ke-image.ljcdn.com/110000-inspection/pc1_t5OZ2xQjE.jpg!m_fill,w_280,h_210,f_jpg?from=ke.com
20240131,房山,长阳,101120095845,金域缇香店长推荐高楼层视野采光无遮挡2居室,359万,42350元/平,中楼层 (共20层) | 2014年 | 2室1厅 | 84.77平米 | 南,https://ke-image.ljcdn.com/110000-inspection/pc1_K8Wcc8fEm_1.jpg!m_fill,w_280,h_210,f_jpg?from=ke.com
20240131,房山,长阳,101120090000,绿地花都苑南北三居室好楼层满五年唯一,306万,30518元/平,中楼层 (共14层) 3室1厅 | 100.27平米 | 南 北,https://ke-image.ljcdn.com/110000-inspection/81ec8d9d-53ba-4376-aa14-5e72aaf6ae92_1000.jpg!m_fill,w_280,h_210,f_jpg?from=ke.com
20240131,房山,长阳,101120063006,长景新园 通透两居室 满五唯一 精装修,282万,35365元/平,底层 (共6层) | 2012年 | 2室1厅 | 79.74平米 | 南 北,https://ke-image.ljcdn.com/110000-inspection/pc1_BjSeNlgji.jpg!m_fill,w_280,h_210,f_jpg?from=ke.com
20240131,房山,长阳,101120058480,天资华府南北通透高楼层三居室双卫视野开阔小区环境好,368万,31799元/平,高楼层 (共19层) | 2015年 | 3室2厅 | 115.73平米 | 南 北,https://ke-image.ljcdn.com/110000-inspection/pc1_EkgAo5OJZ.jpg!m_fill,w_280,h_210,f_jpg?from=ke.com
20240131,房山,长阳,101119979732,新上紫云家园中间楼层三居室  诚意出售,468万,45632元/平,中楼层 (共11层) | 2015年 | 3室2厅 | 102.56平米 | 南 北,https://ke-image.ljcdn.com/110000-inspection/pc1_SO0bHpUYg_1.jpg!m_fill,w_280,h_210,f_jpg?from=ke.com
20240131,房山,长阳,101119831665,原香小镇二区精装婚房双阳台两居室必看好房,300万,34994元/平,中楼层 (共6层) | 2010年 | 2室1厅 | 85.73平米 | 南 北,https://ke-image.ljcdn.com/110000-inspection/adb4cd8e-5c79-4c51-b89e-fe734b5f8e8c_1000.jpg!m_fill,w_280,h_210,f_jpg?from=ke.com
20240131,房山,长阳,101119827750,此房南北通透两居中间位置噪音小通气性好必看好房,345万,39085元/平,低楼层 (共28层) | 2012年 | 2室1厅 | 88.27平米 | 南 北,https://ke-image.ljcdn.com/110000-inspection/pc1_lYNdqhBS6_1.jpg!m_fill,w_280,h_210,f_jpg?from=ke.com
20240131,房山,长阳,101119777483,康泽佳苑南区  南北两居室 精装修 随时出售必看好房,169万,32051元/平,低楼层 (共18层) 2室1厅 | 52.73平米 | 南 北,https://ke-image.ljcdn.com/110000-inspection/pc1_9p3e4yyhf.jpg!m_fill,w_280,h_210,f_jpg?from=ke.com
20240131,房山,长阳,101119752747,首开熙悦山澜庭 新上房源 满五唯一,298万,40271元/平,高楼层 (共21层) | 2014年 | 2室2厅 | 74平米 | 南 北,https://ke-image.ljcdn.com/110000-inspection/pc1_EinLoyrYh_1.jpg!m_fill,w_280,h_210,f_jpg?from=ke.com
20240131,房山,长阳,101119728525,合景领峰8号院 满五唯一 自住精装修必看好房,360万,39934元/平,中楼层 (共8层) 3室1厅 | 90.15平米 | 南,https://ke-image.ljcdn.com/110000-inspection/pc1_NujwRhRvE.jpg!m_fill,w_280,h_210,f_jpg?from=ke.com
20240131,房山,长阳,101119723426,长阳国际城一区 满五唯一 采光好必看好房,298万,37803元/平,高楼层 (共20层) | 2012年 | 2室1厅 | 78.83平米 | 南,https://ke-image.ljcdn.com/110000-inspection/pc1_fgR6UlFTx.jpg!m_fill,w_280,h_210,f_jpg?from=ke.com
20240131,房山,长阳,101119695969,加州水郡三期 一梯一户 高楼层 位置安静 满五唯一必看好房,375万,25511元/平,高楼层 (共14层) 3室2厅 | 147平米 | 东 南 北,https://ke-image.ljcdn.com/110000-inspection/pc1_xgJu7CQQt_2.jpg!m_fill,w_280,h_210,f_jpg?from=ke.com
20240131,房山,长阳,101119528796,国际花园3号院 精装修 南北通透 采光无遮挡房主自荐,320万,36253元/平,低楼层 (共18层) | 2014年 | 3室1厅 | 88.27平米 | 南 北,https://ke-image.ljcdn.com/110000-inspection/pc1_7tn0ye5XR.jpg!m_fill,w_280,h_210,f_jpg?from=ke.com
20240131,房山,长阳,101119492400,万科新里程55号院  万科 龙湖天街 大学城北,329万,37429元/平,中楼层 (共8层) | 2013年 | 2室1厅 | 87.9平米 | 南,https://ke-image.ljcdn.com/110000-inspection/6656ede3-38d8-468a-93f2-84a99d05b024_1000.jpg!m_fill,w_280,h_210,f_jpg?from=ke.com
20240131,房山,长阳,101119489596,康泽佳苑北区南向两居室业主诚心出售,310万,39627元/平,中楼层 (共30层) 2室1厅 | 78.23平米 | 南,https://ke-image.ljcdn.com/110000-inspection/pc1_oaTmJmXl0.jpg!m_fill,w_280,h_210,f_jpg?from=ke.com
20240131,房山,长阳,101119478897,北京城建·广悦居 全明一居 高楼层 采光好 视野好必看好房,199万,28959元/平,高楼层 (共24层) | 2016年 | 1室1厅 | 68.72平米 | 东 西 北,https://ke-image.ljcdn.com/110000-inspection/pc1_cvBY0bALH_1.jpg!m_fill,w_280,h_210,f_jpg?from=ke.com
20240131,房山,长阳,101119409626,长阳半岛祥云街3号院全明户型随时可签约房源房主自荐,479万,48045元/平,中楼层 (共16层) | 2013年 | 3室1厅 | 99.7平米 | 西南 北,https://ke-image.ljcdn.com/110000-inspection/pc1_T9utzeZpa_1.jpg!m_fill,w_280,h_210,f_jpg?from=ke.com
20240131,房山,长阳,101119377115,满五年唯一中高楼层采光很好视线无遮挡。,226万,25557元/平,中楼层 (共14层) | 2011年 | 2室1厅 | 88.43平米 | 西,https://ke-image.ljcdn.com/110000-inspection/pc1_EU01BgeQU.jpg!m_fill,w_280,h_210,f_jpg?from=ke.com
20240131,房山,长阳,101119137523,满五唯一大三居室南北通透诚心出售,329万,26329元/平,顶层 (共15层) | 2007年 | 3室2厅 | 124.96平米 | 南 北,https://ke-image.ljcdn.com/110000-inspection/pc1_8Eu6qItWH.jpg!m_fill,w_280,h_210,f_jpg?from=ke.com
20240131,房山,长阳,101119117296,长阳半岛祥云街4号院 诚心出售 看房方便,405万,46649元/平,中楼层 (共17层) | 2012年 | 2室1厅 | 86.82平米 | 南,https://ke-image.ljcdn.com/110000-inspection/84826ce3-ee15-44f4-9112-06f186884a94_1000.jpg!m_fill,w_280,h_210,f_jpg?from=ke.com
20240131,房山,长阳,101119057396,万科南向两居万科物业好楼层无遮挡业主诚心出售房主自荐,388万,46016元/平,中楼层 (共20层) 2室1厅 | 84.32平米 | 南,https://ke-image.ljcdn.com/110000-inspection/pc1_3jK8x7iTG.jpg!m_fill,w_280,h_210,f_jpg?from=ke.com
20240131,房山,长阳,101119055267,万科.金域缇香 满五唯一 随时可看,365万,43058元/平,中楼层 (共20层) 2室2厅 | 84.77平米 | 南,https://ke-image.ljcdn.com/110000-inspection/pc1_dH7ikZ4v1.jpg!m_fill,w_280,h_210,f_jpg?from=ke.com
20240131,房山,长阳,101119011297,国际花园三居室 满五年唯一 业主诚心卖,313万,34961元/平,中楼层 (共18层) | 2014年 | 3室1厅 | 89.53平米 | 南 西 北,https://ke-image.ljcdn.com/110000-inspection/pc1_s97aTBh4y.jpg!m_fill,w_280,h_210,f_jpg?from=ke.com
20240131,房山,长阳,101118999479,国际花园2号院 精装修 位置好 采光充足 随时签约必看好房,272万,35626元/平,低楼层 (共18层) | 2014年 | 2室1厅 | 76.35平米 | 南 北,https://ke-image.ljcdn.com/110000-inspection/pc1_mzm0f48QI.jpg!m_fill,w_280,h_210,f_jpg?from=ke.com
20240131,房山,长阳,101118973101,万科.金域缇香南北通透户型方正视野开阔,319万,37429元/平,中楼层 (共18层) 2室1厅 | 85.23平米 | 南 北,https://ke-image.ljcdn.com/110000-inspection/pc1_qvH4PZHCv_1.jpg!m_fill,w_280,h_210,f_jpg?from=ke.com
20240131,房山,长阳,101118919757,五矿名品精装修中楼层好位置诚意出售,638万,45194元/平,中楼层 (共6层) | 2018年 | 3室1厅 | 141.17平米 | 南 北,https://ke-image.ljcdn.com/110000-inspection/pc1_Z1SyDQ1rc.jpg!m_fill,w_280,h_210,f_jpg?from=ke.com
20240131,房山,长阳,101118895506,清苑嘉园 两居 75.41m²必看好房,238万,31561元/平,中楼层 (共15层) 2室1厅 | 75.41平米 | 东 南 北,https://ke-image.ljcdn.com/110000-inspection/89509201-4d8b-4e1b-8ede-768db633fd3f_1000.jpg!m_fill,w_280,h_210,f_jpg?from=ke.com
20240131,房山,长阳,101118853295,长阳半岛2号院 南北通透 户型方正精装修,397万,44976元/平,高楼层 (共28层) | 2012年 | 2室1厅 | 88.27平米 | 南 北,https://ke-image.ljcdn.com/110000-inspection/pc1_7EE01ijKc_2.jpg!m_fill,w_280,h_210,f_jpg?from=ke.com
20240131,房山,长阳,101118592198,金隅畅和园9号院满五年户型方正精装修,289万,36564元/平,低楼层 (共21层) 2室1厅 | 79.04平米 | 东 北,https://ke-image.ljcdn.com/110000-inspection/pc1_awZw1BSqP.jpg!m_fill,w_280,h_210,f_jpg?from=ke.com
20240131,房山,长阳,101118443984,康泽佳苑南区西向一居室业主诚心出售必看好房,152万,36148元/平,低楼层 (共28层) 1室1厅 | 42.05平米 | 西,https://ke-image.ljcdn.com/110000-inspection/pc1_b1n1VGLWW.jpg!m_fill,w_280,h_210,f_jpg?from=ke.com
20240131,房山,长阳,101118396888,加州水郡三期西北向两居室满五年唯一房主自荐,216万,24963元/平,高楼层 (共15层) 2室1厅 | 86.53平米 | 西 北,https://ke-image.ljcdn.com/110000-inspection/pc1_TVhSRPAOD.jpg!m_fill,w_280,h_210,f_jpg?from=ke.com
20240131,房山,长阳,101118357897,长龙苑小区南北通透中间楼层满五唯一看房方便,238万,27727元/平,中楼层 (共6层) | 1999年 | 2室1厅 | 85.84平米 | 南 北,https://ke-image.ljcdn.com/110000-inspection/3853cb28-c4ce-480c-8453-2f4df235554a_1000.jpg!m_fill,w_280,h_210,f_jpg?from=ke.com
20240131,房山,长阳,101118216251,万科精装！视野开阔无遮挡基本没怎么住过,430万,49250元/平,中楼层 (共14层) 2室1厅 | 87.31平米 | 南,https://ke-image.ljcdn.com/110000-inspection/pc1_EjfW2Mc89_1.jpg!m_fill,w_280,h_210,f_jpg?from=ke.com
20240131,房山,长阳,101118190129,国际花园4号院  采光好 南北通透,265万,35049元/平,中楼层 (共18层) 2室1厅 | 75.61平米 | 南 北,https://ke-image.ljcdn.com/110000-inspection/pc1_dxuAQ6AMN.jpg!m_fill,w_280,h_210,f_jpg?from=ke.com
20240131,房山,长阳,101118076119,国际花园 精装三居 南北通透 满五唯一,340万,37951元/平,中楼层 (共18层) | 2014年 | 3室1厅 | 89.59平米 | 南 北,https://ke-image.ljcdn.com/110000-inspection/pc1_odGPsAQcj.jpg!m_fill,w_280,h_210,f_jpg?from=ke.com
20240131,房山,长阳,101118039791,畅和园4号院正对公园景观好全屋定制直接去住,199万,30410元/平,低楼层 (共22层) | 2016年 | 1室1厅 | 65.44平米 | 东,https://ke-image.ljcdn.com/110000-inspection/2e9dc026-284d-4856-a2e3-7b962da1a4aa_1000.jpg!m_fill,w_280,h_210,f_jpg?from=ke.com
20240131,房山,长阳,101118013036,碧桂园小区C区 南北通透两居 户型方正 配套齐全,208万,22419元/平,底层 (共11层) | 2007年 | 2室1厅 | 92.78平米 | 南 北,https://ke-image.ljcdn.com/110000-inspection/pc1_lj2sge5vA_1.jpg!m_fill,w_280,h_210,f_jpg?from=ke.com
20240131,房山,长阳,101117991733,高层一居室视野好无遮挡采光充足交通便利,163万,30434元/平,高楼层 (共11层) 1室1厅 | 53.56平米 | 西 北,https://ke-image.ljcdn.com/110000-inspection/pc1_csOfXpUw3.jpg!m_fill,w_280,h_210,f_jpg?from=ke.com
20240131,房山,长阳,101117945151,碧桂园小区C区 南北通透正规一居室 高楼层采光好,212万,30698元/平,中楼层 (共16层) | 2007年 | 2室1厅 | 69.06平米 | 南 北,https://ke-image.ljcdn.com/110000-inspection/pc1_ewHCoxXjE_1.jpg!m_fill,w_280,h_210,f_jpg?from=ke.com
20240131,房山,长阳,101117935563,大宁山庄 南北通透 全明格局 一层的,629万,43293元/平,底层 (共6层) 3室2厅 | 145.29平米 | 南 北,https://ke-image.ljcdn.com/110000-inspection/pc1_uwNcyCV7Q.jpg!m_fill,w_280,h_210,f_jpg?from=ke.com
20240131,房山,长阳,101117872171,五矿名品60万 精装修 带阳台 南北通透 方便看房,640万,42988元/平,低楼层 (共6层) 3室2厅 | 148.88平米 | 南 北,https://ke-image.ljcdn.com/110000-inspection/pc1_quPD0KDd8.jpg!m_fill,w_280,h_210,f_jpg?from=ke.com
20240131,房山,长阳,101117826236,长阳国际城三区一梯两户三居室必看好房,312万,34935元/平,低楼层 (共15层) 3室1厅 | 89.31平米 | 南 北,https://ke-image.ljcdn.com/110000-inspection/pc1_iDOVg8dF0_1.jpg!m_fill,w_280,h_210,f_jpg?from=ke.com
20240131,房山,长阳,101117719787,长阳半岛怡和路3号院南北通透大两居。,399万,44104元/平,顶层 (共18层) | 2014年 | 2室1厅 | 90.47平米 | 南 北,https://ke-image.ljcdn.com/110000-inspection/pc1_AhVPBjuXq_1.jpg!m_fill,w_280,h_210,f_jpg?from=ke.com
20240131,房山,长阳,101117697261,首开熙悦山澜庭 精装修 明厨明卫两居室,430万,47927元/平,中楼层 (共21层) | 2014年 | 2室1厅 | 89.72平米 | 南 北,https://ke-image.ljcdn.com/110000-inspection/pc1_lzkiY3qWe.jpg!m_fill,w_280,h_210,f_jpg?from=ke.com
20240131,房山,长阳,101117152350,长景新园 满五唯一 电梯房 精装修 一居室必看好房,189万,38778元/平,高楼层 (共11层) | 2011年 | 1室0厅 | 48.74平米 | 南,https://ke-image.ljcdn.com/110000-inspection/pc1_yASMyjpdx.jpg!m_fill,w_280,h_210,f_jpg?from=ke.com
20240131,房山,长阳,101117117560,满五唯一中间好楼层采光视野好 诚心出售两居室必看好房,223万,26006元/平,低楼层 (共15层) 2室1厅 | 85.75平米 | 南,https://ke-image.ljcdn.com/110000-inspection/pc1_I56tH6K0t.jpg!m_fill,w_280,h_210,f_jpg?from=ke.com
20240131,房山,长阳,101116936276,首开熙悦山澜庭 采光充足 户型方正 精装两居室,317万,45138元/平,中楼层 (共21层) | 2014年 | 2室1厅 | 70.23平米 | 南,https://ke-image.ljcdn.com/110000-inspection/bee9a92d-8b9f-44db-942d-bf6c07a70bbf_1000.jpg!m_fill,w_280,h_210,f_jpg?from=ke.com
20240131,房山,长阳,101116796795,长景新园小区 电梯 看房方便  诚心出售,320万,34368元/平,低楼层 (共11层) | 2016年 | 2室2厅 | 93.11平米 | 南 北,https://ke-image.ljcdn.com/110000-inspection/pc1_9ie7Rt7Ii.jpg!m_fill,w_280,h_210,f_jpg?from=ke.com
20240131,房山,长阳,101116481309,长景新园小区 两居室 满五唯一,279万,34250元/平,中楼层 (共6层) | 2011年 | 2室1厅 | 81.46平米 | 南 北,https://ke-image.ljcdn.com/110000-inspection/952d960b-a703-458b-b922-24691e99177a_1000.jpg!m_fill,w_280,h_210,f_jpg?from=ke.com
20240131,房山,长阳,101116369138,长景新园南北通透满五唯一精装修拎包入住诚心出售必看好房,328万,35228元/平,中楼层 (共11层) | 2016年 | 2室1厅 | 93.11平米 | 南 北,https://ke-image.ljcdn.com/110000-inspection/pc1_TInxersfY.jpg!m_fill,w_280,h_210,f_jpg?from=ke.com
20240131,房山,长阳,101116284423,碧桂园小区C区南北通透三居室楼层好视野佳观景房房主自荐,325万,27641元/平,中楼层 (共16层) 3室1厅 | 117.58平米 | 南 北,https://ke-image.ljcdn.com/110000-inspection/86c9bd6c-f3ed-44c5-accd-d073cf99981f_1000.jpg!m_fill,w_280,h_210,f_jpg?from=ke.com
20240131,房山,长阳,101116055084,万年广阳郡九号 南北通透 次顶层 采光好视野开阔房主自荐,858万,45137元/平,高楼层 (共7层) 4室2厅 | 190.09平米 | 南 北,https://ke-image.ljcdn.com/110000-inspection/pc1_qCPETiI8o_1.jpg!m_fill,w_280,h_210,f_jpg?from=ke.com
20240131,房山,长阳,101110904734,金地朗悦三期 南北三居室 毛坯房,430万,48131元/平,中楼层 (共6层) | 2014年 | 3室1厅 | 89.34平米 | 南 北,https://ke-image.ljcdn.com/110000-inspection/pc1_0xxZkxwjW_1.jpg!m_fill,w_280,h_210,f_jpg?from=ke.com
20240131,房山,长阳,101122802210,此房高楼层 南北通透 明厨明卫 户型方正 业主诚心卖必看好房,370万,31195元/平,中楼层 (共16层) | 2017年 | 3室1厅 | 118.61平米 | 南 北,https://ke-image.ljcdn.com/110000-inspection/pc1_LjN64vu9h.jpg!m_fill,w_280,h_210,f_jpg?from=ke.com
20240131,房山,长阳,101122797637,原香小镇二区南北通透全明格局预约可看价格能聊必看好房,229万,30376元/平,顶层 (共6层) | 2010年 | 2室1厅 | 75.39平米 | 南 北,https://ke-image.ljcdn.com/110000-inspection/pc1_t99qXRpay.jpg!m_fill,w_280,h_210,f_jpg?from=ke.com
20240131,房山,长阳,101122710600,长阳半岛2号院满五唯一南北通透不临街必看好房,346万,39198元/平,中楼层 (共28层) | 2012年 | 2室1厅 | 88.27平米 | 南 北,https://ke-image.ljcdn.com/110000-inspection/pc1_UKNrvdwjR_1.jpg!m_fill,w_280,h_210,f_jpg?from=ke.com
20240131,房山,长阳,101122710596,长阳半岛4号院满五唯一 南北通透店长推荐,435万,45351元/平,中楼层 (共9层) | 2012年 | 3室1厅 | 95.92平米 | 南 北,https://ke-image.ljcdn.com/110000-inspection/pc1_qCiza6gEr.jpg!m_fill,w_280,h_210,f_jpg?from=ke.com
20240131,房山,长阳,101122678135,长阳半岛怡和南路8号院 1室1厅 南,309万,44124元/平,底层 (共11层) 1室1厅 | 70.03平米 | 南,https://ke-image.ljcdn.com/110000-inspection/pc1_vgSwGACLc.jpg!m_fill,w_280,h_210,f_jpg?from=ke.com
20240131,房山,长阳,101122672358,急售 徜徉嘉园5号院 洋房社区 双卫全明  满五唯一房主自荐,559万,43806元/平,低楼层 (共9层) | 2012年 | 3室2厅 | 127.61平米 | 南 北,https://ke-image.ljcdn.com/110000-inspection/pc1_vbmuofErp.jpg!m_fill,w_280,h_210,f_jpg?from=ke.com
20240131,房山,长阳,101122670199,天资华府 新小区 临近公园 观景房 两梯两户必看好房,368万,27390元/平,低楼层 (共18层) | 2015年 | 3室1厅 | 134.36平米 | 南 北,https://ke-image.ljcdn.com/110000-inspection/d4880e77-2eb3-4163-84fb-48628af7f240_1000.jpg!m_fill,w_280,h_210,f_jpg?from=ke.com
20240131,房山,长阳,101122666968,带一个地下室！装修保持很好！业主诚心出售楼位置好必看好房,299万,35074元/平,中楼层 (共10层) 2室1厅 | 85.25平米 | 南 北,https://ke-image.ljcdn.com/110000-inspection/pc1_IyQ38NrfC_1.jpg!m_fill,w_280,h_210,f_jpg?from=ke.com
20240131,房山,长阳,101122648056,国际花园3号院房山长阳篱笆房,306万,34118元/平,低楼层 (共18层) | 2014年 | 3室1厅 | 89.69平米 | 南 北,https://ke-image.ljcdn.com/110000-inspection/pc1_oCiBaNqmJ.jpg!m_fill,w_280,h_210,f_jpg?from=ke.com
20240131,房山,长阳,101122639129,全明格局 满五唯一 有钥匙随时看房房主自荐,312万,34994元/平,中楼层 (共18层) | 2014年 | 3室1厅 | 89.16平米 | 南 北 东,https://ke-image.ljcdn.com/110000-inspection/pc1_BVb4oSDaK_1.jpg!m_fill,w_280,h_210,f_jpg?from=ke.com
20240131,房山,长阳,101122616038,金隅畅和园9号院 精装修 高楼层,218万,32886元/平,高楼层 (共21层) 2室1厅 | 66.29平米 | 南,https://ke-image.ljcdn.com/110000-inspection/5a402f1c-2af8-49a7-8716-e546902c4660_1000.jpg!m_fill,w_280,h_210,f_jpg?from=ke.com
20240131,房山,长阳,101122611867,店长推荐西悦欣居南北两居室中高楼层必看好房,293万,33074元/平,中楼层 (共21层) | 2012年 | 2室1厅 | 88.59平米 | 南 北,https://ke-image.ljcdn.com/110000-inspection/pc1_T2Cwpb9gV.jpg!m_fill,w_280,h_210,f_jpg?from=ke.com
20240131,房山,长阳,101122594977,国际花园2号院一居室南北通透房主自荐,179万,36877元/平,底层 (共18层) | 2014年 | 1室1厅 | 48.54平米 | 南 北,https://ke-image.ljcdn.com/110000-inspection/eee83dd3-06d0-4a37-869f-aaeaf13eb32c_1000.jpg!m_fill,w_280,h_210,f_jpg?from=ke.com
20240131,房山,长阳,101122576638,长阳南向双卫大两居室精装修 满五唯一必看好房,288万,24113元/平,中楼层 (共16层) 2室2厅 | 119.44平米 | 南,https://ke-image.ljcdn.com/110000-inspection/pc1_HuH3JdcVx_1.jpg!m_fill,w_280,h_210,f_jpg?from=ke.com
20240131,房山,长阳,101122573638,熹园1号院 满二 采光好 不临街安静 精装 看房有钥匙必看好房,444万,44004元/平,中楼层 (共9层) 3室2厅 | 100.9平米 | 南 北,https://ke-image.ljcdn.com/110000-inspection/pc1_HNqNNbkGr.jpg!m_fill,w_280,h_210,f_jpg?from=ke.com
20240131,房山,长阳,101122571665,此房满五唯一南北通透中间楼层直通地库必看好房,232万,25180元/平,低楼层 (共14层) | 2010年 | 2室1厅 | 92.14平米 | 南 北,https://ke-image.ljcdn.com/110000-inspection/pc1_sfv0MRjZJ.jpg!m_fill,w_280,h_210,f_jpg?from=ke.com
20240131,房山,长阳,101122570371,建邦华庭西区 3室1厅 南 北必看好房,475万,42743元/平,高楼层 (共10层) | 2014年 | 3室1厅 | 111.13平米 | 南 北,https://ke-image.ljcdn.com/110000-inspection/pc1_PEe1EBkC6.jpg!m_fill,w_280,h_210,f_jpg?from=ke.com
20240131,房山,长阳,101122538609,建邦华庭东区满五唯一双卫两居有地下室看房方便。必看好房,385万,39814元/平,中楼层 (共10层) 2室1厅 | 96.7平米 | 南,https://ke-image.ljcdn.com/110000-inspection/pc1_2ku7X9qFE_1.jpg!m_fill,w_280,h_210,f_jpg?from=ke.com
20240131,房山,长阳,101122515304,首开熙悦山熹园3号院中间位置两居室诚意出售,332万,39656元/平,高楼层 (共21层) | 2013年 | 2室1厅 | 83.72平米 | 南,https://ke-image.ljcdn.com/110000-inspection/pc1_HP9KmhE8J.jpg!m_fill,w_280,h_210,f_jpg?from=ke.com
20240131,房山,长阳,101122514156,万科物业集中供暖人车分流南北向两居采光充足必看好房,317万,36167元/平,高楼层 (共28层) | 2012年 | 2室1厅 | 87.65平米 | 南 北,https://ke-image.ljcdn.com/110000-inspection/pc1_8P5HJq8W8_2.jpg!m_fill,w_280,h_210,f_jpg?from=ke.com
20240131,房山,长阳,101122486217,康泽佳苑南区 2室1厅 南 西南 西必看好房,163万,30479元/平,高楼层 (共28层) | 2014年 | 2室1厅 | 53.48平米 | 南 西南 西,https://ke-image.ljcdn.com/110000-inspection/pc1_r9lVNWyto_1.jpg!m_fill,w_280,h_210,f_jpg?from=ke.com
20240131,房山,长阳,101122471305,首创新悦都二区 中高楼层 采光好视野好,243万,34705元/平,中楼层 (共9层) | 2014年 | 2室1厅 | 70.02平米 | 东 西,https://ke-image.ljcdn.com/110000-inspection/pc1_juDI3OSzd.jpg!m_fill,w_280,h_210,f_jpg?from=ke.com
20240131,房山,长阳,101122456394,徜徉嘉园8号院 南北3居 满五唯一 有钥匙 能商量,565万,44234元/平,高楼层 (共15层) | 2014年 | 3室1厅 | 127.73平米 | 南 北,https://ke-image.ljcdn.com/110000-inspection/pc1_s0WZQkfU3.jpg!m_fill,w_280,h_210,f_jpg?from=ke.com
20240131,房山,长阳,101122456359,紫云家园 南北U8系统 满五唯一 随时看房必看好房,666万,40010元/平,低楼层 (共15层) 3室2厅 | 166.46平米 | 南 北,https://ke-image.ljcdn.com/110000-inspection/pc1_gGGJlBWDR.jpg!m_fill,w_280,h_210,f_jpg?from=ke.com
20240131,房山,长阳,101122454204,紫云家园 南北通透格局好 位置安静  南北通透有花园,760万,45958元/平,底层 (共15层) | 2014年 | 3室1厅 | 165.37平米 | 南 北,https://ke-image.ljcdn.com/110000-inspection/pc1_SQHngTzQL_2.jpg!m_fill,w_280,h_210,f_jpg?from=ke.com
20240131,房山,长阳,101122440222,西悦欣居 南向 商品房 满五唯一 有钥匙,269万,30800元/平,底层 (共21层) | 2012年 | 2室1厅 | 87.34平米 | 南,https://ke-image.ljcdn.com/110000-inspection/pc1_KeseoTUwM.jpg!m_fill,w_280,h_210,f_jpg?from=ke.com
20240131,房山,长阳,101122418351,徜徉嘉园5号院 南北向三居室 中间楼层 采光充足,546万,42864元/平,中楼层 (共9层) | 2012年 | 3室1厅 | 127.38平米 | 南 北,https://ke-image.ljcdn.com/110000-inspection/pc1_itW1ZTOb8.jpg!m_fill,w_280,h_210,f_jpg?from=ke.com
20240131,房山,长阳,101122411168,此房满五年唯一南北通透格局视野开阔采光充足；必看好房,320万,36509元/平,低楼层 (共28层) 2室1厅 | 87.65平米 | 南 北,https://ke-image.ljcdn.com/110000-inspection/pc1_9irQJAphS_2.jpg!m_fill,w_280,h_210,f_jpg?from=ke.com
20240131,房山,长阳,101122407192,国际花园3号院  满五唯一 看房有钥匙必看好房,308万,34341元/平,低楼层 (共18层) | 2014年 | 3室1厅 | 89.69平米 | 南 北,https://ke-image.ljcdn.com/110000-inspection/pc1_BWyNxBiaj_1.jpg!m_fill,w_280,h_210,f_jpg?from=ke.com
20240131,房山,长阳,101122348422,长阳半岛3号院临公园精装修两居满五唯一房主自荐,298万,39247元/平,底层 (共5层) | 2013年 | 2室1厅 | 75.93平米 | 东 西,https://ke-image.ljcdn.com/110000-inspection/pc1_MKbWEsSad_1.jpg!m_fill,w_280,h_210,f_jpg?from=ke.com
20240131,房山,长阳,101122337733,近地铁 满五唯一 南北通透 免费使用两个车位,265万,24228元/平,顶层 (共6层) | 2005年 | 3室1厅 | 109.38平米 | 南 北,https://ke-image.ljcdn.com/110000-inspection/pc1_0XX3ZLRt3.jpg!m_fill,w_280,h_210,f_jpg?from=ke.com
20240131,房山,长阳,101122318103,芭蕾雨北区三居室、南北通透、高楼层、边户、全明,385万,38776元/平,高楼层 (共9层) | 2015年 | 3室2厅 | 99.29平米 | 南 北,https://ke-image.ljcdn.com/110000-inspection/pc1_C9OnrppkM.jpg!m_fill,w_280,h_210,f_jpg?from=ke.com
20240131,房山,长阳,101122308534,国际花园4号院 满五唯一精装修 装修五年 三居 诚心售必看好房,308万,34561元/平,高楼层 (共18层) | 2014年 | 3室1厅 | 89.12平米 | 南 北,https://ke-image.ljcdn.com/110000-inspection/pc1_eGGDBiEzs_2.jpg!m_fill,w_280,h_210,f_jpg?from=ke.com
20240131,房山,长阳,101122299393,康泽佳苑南区 2室1厅 南 北,175万,32920元/平,低楼层 (共18层) | 2014年 | 2室1厅 | 53.16平米 | 南 北,https://ke-image.ljcdn.com/110000-inspection/pc1_KBJWro8Wa.jpg!m_fill,w_280,h_210,f_jpg?from=ke.com
20240131,房山,长阳,101122153884,万科新里程59号院 万科精装 大学城北 熙悦天街,465万,45683元/平,高楼层 (共15层) 3室2厅 | 101.79平米 | 南 北,https://ke-image.ljcdn.com/110000-inspection/5b196807-9cfd-4ca2-9cef-e0fbf268fb2d_1000.jpg!m_fill,w_280,h_210,f_jpg?from=ke.com
20240131,房山,长阳,101122140161,长阳半岛怡和南路10号院 南北通透 高楼层采光好必看好房,419万,40378元/平,顶层 (共9层) | 2015年 | 3室1厅 | 103.77平米 | 南 北,https://ke-image.ljcdn.com/110000-inspection/pc1_jHHvEa2BY.jpg!m_fill,w_280,h_210,f_jpg?from=ke.com
20240131,房山,长阳,101122097047,原香小镇二区满五唯一南北通透小三居居住舒适环境优美必看好房,286万,33133元/平,高楼层 (共6层) 3室1厅 | 86.32平米 | 东 南 北,https://ke-image.ljcdn.com/110000-inspection/pc1_xOpCD7gIC.jpg!m_fill,w_280,h_210,f_jpg?from=ke.com
20240131,房山,长阳,101122087033,长阳国际城二区 南北双通透三居室 精装修 全明户型,365万,40815元/平,顶层 (共20层) | 2012年 | 3室2厅 | 89.43平米 | 南 北,https://ke-image.ljcdn.com/110000-inspection/pc1_4HdgakPzF.jpg!m_fill,w_280,h_210,f_jpg?from=ke.com
20240131,房山,长阳,101122043656,长阳半岛怡和路1号院南北通透诚心出售看房随时,449万,48161元/平,底层 (共12层) | 2014年 | 3室1厅 | 93.23平米 | 南 北,https://ke-image.ljcdn.com/110000-inspection/pc1_flSXiYbTY.jpg!m_fill,w_280,h_210,f_jpg?from=ke.com
20240131,房山,长阳,101122039017,万年广阳郡 房龄新 万科物业 配套齐全环境好房主自荐,675万,40446元/平,低楼层 (共7层) | 2018年 | 4室2厅 | 166.89平米 | 南 北,https://ke-image.ljcdn.com/110000-inspection/pc1_e2jW7vLDA_1.jpg!m_fill,w_280,h_210,f_jpg?from=ke.com
20240131,房山,长阳,101122015764,房子满五唯一位置好业主诚售南北通透全明格局,285万,32793元/平,低楼层 (共11层) 2室1厅 | 86.91平米 | 南 北,https://ke-image.ljcdn.com/110000-inspection/pc1_6KyWq8bQp.jpg!m_fill,w_280,h_210,f_jpg?from=ke.com
20240131,房山,长阳,101121972436,长阳半岛4号院 前后不临街 满五唯一 随时看房必看好房,428万,44584元/平,中楼层 (共9层) 3室1厅 | 96平米 | 南 北,https://ke-image.ljcdn.com/110000-inspection/pc1_ZFTRbj18d.jpg!m_fill,w_280,h_210,f_jpg?from=ke.com
20240131,房山,长阳,101121908590,五矿名品  通透大宅   经典三阳户型,574万,40785元/平,中楼层 (共9层) | 2016年 | 3室1厅 | 140.74平米 | 南 北,https://ke-image.ljcdn.com/110000-inspection/pc1_E5pb0ueRE_1.jpg!m_fill,w_280,h_210,f_jpg?from=ke.com
20240131,房山,长阳,101121894062,天资华府 高楼层视野开阔 南北通透 明厨明卫 户型优质必看好房,328万,27715元/平,顶层 (共18层) | 2017年 | 3室1厅 | 118.35平米 | 南 北,https://ke-image.ljcdn.com/110000-inspection/71901776-1dfb-4f48-8ae1-6f882e8094ee_1000.jpg!m_fill,w_280,h_210,f_jpg?from=ke.com
20240131,房山,长阳,101121886115,首创新悦都二区 高楼层 前方无遮挡！！！必看好房,309万,35058元/平,高楼层 (共18层) | 2014年 | 3室1厅 | 88.14平米 | 南 北,https://ke-image.ljcdn.com/110000-inspection/pc1_JnlFicvfg_1.jpg!m_fill,w_280,h_210,f_jpg?from=ke.com
20240131,房山,长阳,101121866987,康泽佳苑南区方正西北两居室业主诚心出售,165万,39240元/平,中楼层 (共28层) | 2014年 | 1室1厅 | 42.05平米 | 西北,https://ke-image.ljcdn.com/110000-inspection/pc1_BQCaF2Ewx_1.jpg!m_fill,w_280,h_210,f_jpg?from=ke.com
20240131,房山,长阳,101121850112,绿地花都苑 3室2厅 南 北,278万,31339元/平,底层 (共12层) | 2012年 | 3室2厅 | 88.71平米 | 南 北,https://ke-image.ljcdn.com/110000-inspection/pc1_iWGCzKNoy_1.jpg!m_fill,w_280,h_210,f_jpg?from=ke.com
20240131,房山,长阳,101121787828,西悦欣居 诚心出售 采光好 配套齐全,265万,29776元/平,中楼层 (共21层) | 2012年 | 2室1厅 | 89平米 | 西,https://ke-image.ljcdn.com/110000-inspection/pc1_1uCbd7erd_1.jpg!m_fill,w_280,h_210,f_jpg?from=ke.com
20240131,房山,长阳,101121773440,加州水郡二期价格含车位满五年唯一精装三居室,369万,25886元/平,中楼层 (共9层) | 2007年 | 3室2厅 | 142.55平米 | 东南 北,https://ke-image.ljcdn.com/110000-inspection/pc1_z06kZCQ3N_1.jpg!m_fill,w_280,h_210,f_jpg?from=ke.com
20240131,房山,长阳,101121755784,长阳半岛2号院满五年南北通透万科精装必看好房,308万,35140元/平,低楼层 (共28层) 2室1厅 | 87.65平米 | 南 北,https://ke-image.ljcdn.com/110000-inspection/pc1_QI29Ag0WS.jpg!m_fill,w_280,h_210,f_jpg?from=ke.com
20240131,房山,长阳,101121656790,天资华府 3室2厅 南 北,355万,29931元/平,高楼层 (共16层) | 2015年 | 3室2厅 | 118.61平米 | 南 北,https://ke-image.ljcdn.com/110000-inspection/pc1_PQclyL8IU_1.jpg!m_fill,w_280,h_210,f_jpg?from=ke.com
20240131,房山,长阳,101121647010,世茂维拉 洋房下跃 上下各100平 精装修 随时看房,510万,25167元/平,底层 (共12层) 4室2厅 | 202.65平米 | 南 北,https://ke-image.ljcdn.com/110000-inspection/pc1_GGafcETBh.jpg!m_fill,w_280,h_210,f_jpg?from=ke.com
20240131,房山,长阳,101121600667,《优质三居》满五年唯一3居双卫全明户型房主自荐,433万,42060元/平,低楼层 (共21层) 3室1厅 | 102.95平米 | 南 北,https://ke-image.ljcdn.com/110000-inspection/pc1_dIBepTtLv.jpg!m_fill,w_280,h_210,f_jpg?from=ke.com
20240131,房山,长阳,101121528665,万科长阳天地5号院 精装三居室 中间好楼层必看好房,388万,40860元/平,中楼层 (共11层) | 2016年 | 3室1厅 | 94.96平米 | 南 北,https://ke-image.ljcdn.com/110000-inspection/pc1_qVpqsuKfy_1.jpg!m_fill,w_280,h_210,f_jpg?from=ke.com
20240131,房山,长阳,101121474542,大宁山庄四区精装修南北通透楼层采光视野好2居,339万,33552元/平,中楼层 (共6层) | 2013年 | 2室2厅 | 101.04平米 | 北 南,https://ke-image.ljcdn.com/110000-inspection/pc1_7Mh30MSyQ.jpg!m_fill,w_280,h_210,f_jpg?from=ke.com
20240131,房山,长阳,101121469672,大宁山庄二区 精装修大两居 带电梯 次顶层  全明格局,450万,37373元/平,中楼层 (共5层) | 2008年 | 2室1厅 | 120.41平米 | 南 北,https://ke-image.ljcdn.com/110000-inspection/pc1_tvLc52YI8_1.jpg!m_fill,w_280,h_210,f_jpg?from=ke.com
20240131,房山,长阳,101121462535,近地铁 平顶复式 大阳台 满五唯一 南北通透 精装修必看好房,485万,59973元/平,顶层 (共9层) | 2011年 | 4室1厅 | 80.87平米 | 南 北,https://ke-image.ljcdn.com/110000-inspection/19125a99-3e1f-48b3-abb5-86aee0c9eff3_1000.jpg!m_fill,w_280,h_210,f_jpg?from=ke.com
20240131,房山,长阳,101121450416,南北通透 满五唯一观景房精装修房主自荐,399万,42506元/平,顶层 (共10层) | 2014年 | 3室1厅 | 93.87平米 | 南 北,https://ke-image.ljcdn.com/110000-inspection/pc1_s8FqiGzA8.jpg!m_fill,w_280,h_210,f_jpg?from=ke.com
20240131,房山,长阳,101121444823,碧桂园天资璟庭南北通透双卫两居室,349万,32508元/平,高楼层 (共12层) | 2013年 | 2室1厅 | 107.36平米 | 南 北,https://ke-image.ljcdn.com/110000-inspection/pc1_o5Dee4OOH_1.jpg!m_fill,w_280,h_210,f_jpg?from=ke.com
20240131,房山,长阳,101121418063,原香小镇二区大面积下跃户型南北通透,520万,39365元/平,底层 (共6层) | 2010年 | 6室2厅 | 132.1平米 | 南 北,https://ke-image.ljcdn.com/110000-inspection/pc1_XMHkjOgwK.jpg!m_fill,w_280,h_210,f_jpg?from=ke.com
20240131,房山,长阳,101121395769,《急售急售》满五年唯一精装修3居长阳篱笆房,326万,36348元/平,顶层 (共18层) | 2014年 | 3室1厅 | 89.69平米 | 南 北,https://ke-image.ljcdn.com/110000-inspection/pc1_m2eoIUjT7.jpg!m_fill,w_280,h_210,f_jpg?from=ke.com
20240131,房山,长阳,101121384023,建邦华庭东区 3室1厅 南 北必看好房,455万,41300元/平,中楼层 (共10层) 3室1厅 | 110.17平米 | 南 北,https://ke-image.ljcdn.com/110000-inspection/pc1_K9CUTfsTt_1.jpg!m_fill,w_280,h_210,f_jpg?from=ke.com
20240131,房山,长阳,101121382947,中粮京西祥云 精装修 中层 中间位置 边户全明 四居室,575万,47221元/平,中楼层 (共17层) 4室2厅 | 121.77平米 | 南 北,https://ke-image.ljcdn.com/110000-inspection/pc1_0XGIdFz4F.jpg!m_fill,w_280,h_210,f_jpg?from=ke.com
20240131,房山,长阳,101121370887,满五唯一南北通透边户两居室采光好。必看好房,329万,42873元/平,低楼层 (共9层) 2室1厅 | 76.74平米 | 南 北,https://ke-image.ljcdn.com/110000-inspection/d84aa04d-cfd2-412d-81fc-b36bd5d6c48c_1000.jpg!m_fill,w_280,h_210,f_jpg?from=ke.com
20240131,房山,长阳,101121364731,长景新园中间层有电梯只有契税明厨明卫！,269万,31312元/平,中楼层 (共11层) | 2019年 | 2室1厅 | 85.91平米 | 南 北,https://ke-image.ljcdn.com/110000-inspection/pc1_TmeOalMV6.jpg!m_fill,w_280,h_210,f_jpg?from=ke.com
20240131,房山,长阳,101121348437,长阳国际城三区满五唯一自住装修改地暖价格可谈必看好房,309万,34638元/平,低楼层 (共15层) 3室1厅 | 89.21平米 | 南 北,https://ke-image.ljcdn.com/110000-inspection/pc1_v7U9o9YYU_2.jpg!m_fill,w_280,h_210,f_jpg?from=ke.com
20240131,房山,长阳,101121261658,长阳半岛祥云街3号院 诚心出售 看房方便,309万,36078元/平,底层 (共5层) | 2013年 | 2室1厅 | 85.65平米 | 东 西,https://ke-image.ljcdn.com/110000-inspection/pc1_JHurBzM1p_1.jpg!m_fill,w_280,h_210,f_jpg?from=ke.com
20240131,房山,长阳,101121236404,{店长推荐}五星好房 精装修 南北通透  随时签约房主自荐,332万,43022元/平,顶层 (共12层) | 2015年 | 1室1厅 | 77.17平米 | 南 北,https://ke-image.ljcdn.com/110000-inspection/pc1_of9XF769G.jpg!m_fill,w_280,h_210,f_jpg?from=ke.com
20240131,房山,长阳,101121221241,长阳半岛2号院南向两居室看房随时必看好房,355万,39625元/平,低楼层 (共28层) | 2012年 | 2室1厅 | 89.59平米 | 南,https://ke-image.ljcdn.com/110000-inspection/pc1_24w09YWco.jpg!m_fill,w_280,h_210,f_jpg?from=ke.com
20240131,房山,长阳,101121075636,祥云街2号院 急售 满五唯一 不临街   视野采光好必看好房,338万,38292元/平,高楼层 (共28层) | 2010年 | 2室1厅 | 88.27平米 | 南 北,https://ke-image.ljcdn.com/110000-inspection/pc1_b3p8qbxbE_1.jpg!m_fill,w_280,h_210,f_jpg?from=ke.com
20240131,房山,长阳,101121028462,满五唯一 精装自住 户型方正 格局合理 随时可以签约房主自荐,240万,29448元/平,底层 (共8层) | 2012年 | 2室1厅 | 81.5平米 | 南,https://ke-image.ljcdn.com/110000-inspection/pc1_8edYCTjki.jpg!m_fill,w_280,h_210,f_jpg?from=ke.com
20240131,房山,长阳,101121010485,急售三居长阳半岛三居 东南北三面采光 好楼层 视野好房主自荐,428万,43621元/平,中楼层 (共18层) | 2014年 | 3室2厅 | 98.12平米 | 东南 北,https://ke-image.ljcdn.com/110000-inspection/pc1_xfwajdWff.jpg!m_fill,w_280,h_210,f_jpg?from=ke.com
20240131,房山,长阳,101120946597,西悦欣居集中供暖停车免费 采光视野无遮挡 可拎包入住房主自荐,280万,31461元/平,中楼层 (共21层) | 2012年 | 2室1厅 | 89平米 | 西,https://ke-image.ljcdn.com/110000-inspection/pc1_L5IG89QcU_1.jpg!m_fill,w_280,h_210,f_jpg?from=ke.com
20240131,房山,长阳,101120910505,首创新悦都二区 满五唯一精装修全明三居,358万,40443元/平,低楼层 (共17层) | 2014年 | 3室1厅 | 88.52平米 | 南 北,https://ke-image.ljcdn.com/110000-inspection/pc1_gL3nQCTA2.jpg!m_fill,w_280,h_210,f_jpg?from=ke.com
20240131,房山,长阳,101120908040,居住安静 精装修 保持状态好 诚心出售,345万,38406元/平,低楼层 (共18层) | 2014年 | 3室1厅 | 89.83平米 | 南 北,https://ke-image.ljcdn.com/110000-inspection/pc1_QrFbNfWQe.jpg!m_fill,w_280,h_210,f_jpg?from=ke.com
20240131,房山,长阳,101120874334,加州水郡三期 南向一居 中高楼层 采光视野好,149万,27846元/平,中楼层 (共14层) | 2010年 | 1室0厅 | 53.51平米 | 南,https://ke-image.ljcdn.com/110000-inspection/pc1_PhOISv5zh.jpg!m_fill,w_280,h_210,f_jpg?from=ke.com
20240131,房山,长阳,101120863165,长阳半岛怡和南路8号院 满五年唯一 次新房没住过必看好房,479万,46792元/平,中楼层 (共11层) | 2016年 | 3室1厅 | 102.37平米 | 南 北,https://ke-image.ljcdn.com/110000-inspection/pc1_ljYxkYFVN_1.jpg!m_fill,w_280,h_210,f_jpg?from=ke.com
20240131,房山,长阳,101120800827,康泽佳苑南区商品房南向两居室业主诚心出售必看好房,170万,30681元/平,低楼层 (共22层) | 2014年 | 2室1厅 | 55.41平米 | 南,https://ke-image.ljcdn.com/110000-inspection/pc1_nH5BvpwdJ.jpg!m_fill,w_280,h_210,f_jpg?from=ke.com
20240131,房山,长阳,101120787267,店长推荐大宁山庄四区低密度洋房电梯房南北通透大三居必看好房,488万,33232元/平,中楼层 (共6层) | 2010年 | 3室2厅 | 146.85平米 | 南 北,https://ke-image.ljcdn.com/110000-inspection/pc1_LRjmkWB5m.jpg!m_fill,w_280,h_210,f_jpg?from=ke.com
20240131,房山,长阳,101120736270,满五年唯一 南北通透 篱笆房地铁 长阳地铁 精装修必看好房,308万,40801元/平,低楼层 (共18层) 2室2厅 | 75.49平米 | 南 北,https://ke-image.ljcdn.com/110000-inspection/pc1_PC2pDTPJC.jpg!m_fill,w_280,h_210,f_jpg?from=ke.com
20240131,房山,长阳,101120655773,祥云街3号院满五唯一优质四居改善户型,628万,46140元/平,中楼层 (共9层) | 2013年 | 4室1厅 | 136.11平米 | 北 南,https://ke-image.ljcdn.com/110000-inspection/pc1_wQpmW8YJ4_1.jpg!m_fill,w_280,h_210,f_jpg?from=ke.com
20240131,房山,长阳,101120622204,绿地花都苑三居两卫满五唯一中间楼层不临街一梯两户必看好房,325万,28207元/平,中楼层 (共12层) 3室1厅 | 115.22平米 | 南 北,https://ke-image.ljcdn.com/110000-inspection/pc1_JARsMxX5H.jpg!m_fill,w_280,h_210,f_jpg?from=ke.com
20240131,房山,长阳,101120529027,近篱笆房地铁站 精装修+地暖 南向采光好 万科物业房主自荐,309万,38243元/平,低楼层 (共21层) | 2017年 | 2室2厅 | 80.8平米 | 南,https://ke-image.ljcdn.com/110000-inspection/pc1_fvxu4IIY6_1.jpg!m_fill,w_280,h_210,f_jpg?from=ke.com
20240131,房山,长阳,101120428094,业主诚意出售只有契税价格包含一个车位看房方便,369万,31904元/平,中楼层 (共12层) 3室1厅 | 115.66平米 | 南 北,https://ke-image.ljcdn.com/110000-inspection/c74b4b86-c3a9-43c6-927f-ffed1e4010ee_1000.jpg!m_fill,w_280,h_210,f_jpg?from=ke.com
20240131,房山,长阳,101120250547,此房满五唯一精装修南向两居室楼层好视野开阔必看好房,262万,32849元/平,高楼层 (共30层) 2室1厅 | 79.76平米 | 南,https://ke-image.ljcdn.com/110000-inspection/pc1_yiiPo3Vkj.jpg!m_fill,w_280,h_210,f_jpg?from=ke.com
20240131,房山,长阳,101120183982,芭蕾雨悦都北区 2室1厅 南 北必看好房,348万,42055元/平,中楼层 (共8层) 2室1厅 | 82.75平米 | 南 北,https://ke-image.ljcdn.com/110000-inspection/pc1_C4HoYkh3u.jpg!m_fill,w_280,h_210,f_jpg?from=ke.com
20240131,房山,长阳,101120099689,金地朗悦沁园 电梯洋房 小区中间位置 视野好 环境优美房主自荐,415万,46452元/平,中楼层 (共6层) | 2014年 | 3室1厅 | 89.34平米 | 南 北,https://ke-image.ljcdn.com/110000-inspection/pc1_44T09F6eo_1.jpg!m_fill,w_280,h_210,f_jpg?from=ke.com
20240131,房山,长阳,101119994404,碧桂园小区C区 一梯两户 南北三居 带电梯 临近公园必看好房,305万,26172元/平,中楼层 (共9层) | 2007年 | 3室1厅 | 116.54平米 | 南 北,https://ke-image.ljcdn.com/110000-inspection/pc1_9owERdCDF.jpg!m_fill,w_280,h_210,f_jpg?from=ke.com
20240131,房山,长阳,101119953881,长阳半岛3号院 满五年唯一四居室 位置好前后花园房主自荐,639万,46038元/平,低楼层 (共9层) | 2013年 | 4室1厅 | 138.8平米 | 南 北,https://ke-image.ljcdn.com/110000-inspection/pc1_RDEZmmp7w_1.jpg!m_fill,w_280,h_210,f_jpg?from=ke.com
20240131,房山,长阳,101119918102,金地朗悦朗园上跃户型中间位置看房方便,530万,47373元/平,顶层 (共8层) | 2014年 | 3室1厅 | 111.88平米 | 南 北,https://ke-image.ljcdn.com/110000-inspection/pc1_rFqCzkLU3_1.jpg!m_fill,w_280,h_210,f_jpg?from=ke.com
20240131,房山,长阳,101119860264,原香小镇二区一层带下跃的户型毛坯房装修方便必看好房,330万,37284元/平,底层 (共6层) 3室2厅 | 88.51平米 | 南 北,https://ke-image.ljcdn.com/110000-inspection/pc1_bTx34Uoc9.jpg!m_fill,w_280,h_210,f_jpg?from=ke.com
20240131,房山,长阳,101119769014,五矿名品学院墅   精品下跃  良乡大学城站,720万,42881元/平,底层 (共7层) | 2016年 | 5室2厅 | 167.91平米 | 南 北,https://ke-image.ljcdn.com/110000-inspection/pc1_DhXUvbf4w.jpg!m_fill,w_280,h_210,f_jpg?from=ke.com
20240131,房山,长阳,101119630324,长阳 世茂维拉 有电梯 高楼层一居室 满五唯一必看好房,168万,27945元/平,高楼层 (共14层) | 2015年 | 1室1厅 | 60.12平米 | 西,https://ke-image.ljcdn.com/110000-inspection/pc1_hvOZPUCvQ.jpg!m_fill,w_280,h_210,f_jpg?from=ke.com
20240131,房山,长阳,101119365071,国际花园3号院房山 长阳篱笆房,337万,37574元/平,底层 (共18层) | 2014年 | 3室1厅 | 89.69平米 | 南 北,https://ke-image.ljcdn.com/110000-inspection/pc1_yIwdYO9BU_1.jpg!m_fill,w_280,h_210,f_jpg?from=ke.com
20240131,房山,长阳,101119291337,长阳半岛2号院 满五唯一南北通透万科精装房主自荐,369万,42100元/平,中楼层 (共28层) | 2012年 | 2室1厅 | 87.65平米 | 南 北,https://ke-image.ljcdn.com/110000-inspection/pc1_aMIEvBEf8.jpg!m_fill,w_280,h_210,f_jpg?from=ke.com
20240131,房山,长阳,101119264206,长龙苑小区精装2居南北通透满五唯一中间楼层看房方便,235万,28666元/平,中楼层 (共6层) | 1999年 | 2室1厅 | 81.98平米 | 南 北,https://ke-image.ljcdn.com/110000-inspection/pc1_JALeYVufL_1.jpg!m_fill,w_280,h_210,f_jpg?from=ke.com
20240131,房山,长阳,101119225671,满五唯一 高楼层 视野好 精装修 拎包入住房主自荐,425万,34363元/平,中楼层 (共10层) | 2012年 | 3室2厅 | 123.68平米 | 南 北,https://ke-image.ljcdn.com/110000-inspection/372bd02c-859a-4bdc-b054-99351954b190_1000.jpg!m_fill,w_280,h_210,f_jpg?from=ke.com
20240131,房山,长阳,101119167751,合景领峰7号院 精装修满五唯一房主自荐,419万,42521元/平,低楼层 (共15层) | 2018年 | 3室2厅 | 98.54平米 | 南 北,https://ke-image.ljcdn.com/110000-inspection/0853d4ae-3f86-4283-b0a6-db6fd796d13a_1000.jpg!m_fill,w_280,h_210,f_jpg?from=ke.com
20240131,房山,长阳,101118928957,大宁山庄四区 小区环境好 看房提前约,330万,34268元/平,中楼层 (共6层) 2室1厅 | 96.3平米 | 东 南 北,https://ke-image.ljcdn.com/110000-inspection/pc1_AmWhh3s9e.jpg!m_fill,w_280,h_210,f_jpg?from=ke.com
20240131,房山,长阳,101118878154,邑上公馆户型方正近地铁产权清晰必看好房,290万,39754元/平,顶层 (共6层) | 2014年 | 2室1厅 | 72.95平米 | 南 北,https://ke-image.ljcdn.com/110000-inspection/21539c8d-e571-4c45-bea8-1c3f5a105360_1000.jpg!m_fill,w_280,h_210,f_jpg?from=ke.com
20240131,房山,长阳,101118320925,万科.金域缇香 高楼层 南向采光好 满五唯一 正规一居,245万,38426元/平,高楼层 (共17层) | 2014年 | 1室1厅 | 63.76平米 | 南,https://ke-image.ljcdn.com/110000-inspection/pc1_PhwBiWjaf.jpg!m_fill,w_280,h_210,f_jpg?from=ke.com
20240131,房山,长阳,101118037844,翠林漫步南北通透两居室全明格局满五年唯一必看好房,269万,29580元/平,高楼层 (共10层) | 2012年 | 2室1厅 | 90.94平米 | 南 北,https://ke-image.ljcdn.com/110000-inspection/pc1_f850sXCpg_1.jpg!m_fill,w_280,h_210,f_jpg?from=ke.com
20240131,房山,长阳,101118026350,康泽佳苑南区满五唯一南北通透随时可签约必看好房,185万,34606元/平,高楼层 (共18层) | 2014年 | 2室1厅 | 53.46平米 | 南 北,https://ke-image.ljcdn.com/110000-inspection/pc1_gOTMY2rJI.jpg!m_fill,w_280,h_210,f_jpg?from=ke.com
20240131,房山,长阳,101118001029,长景新园  南北通透  刚需开间  简装拎包入住,173万,31674元/平,中楼层 (共6层) | 2011年 | 1室0厅 | 54.62平米 | 北 南,https://ke-image.ljcdn.com/110000-inspection/pc1_P1DIAmlob.jpg!m_fill,w_280,h_210,f_jpg?from=ke.com
20240131,房山,长阳,101117275882,长阳半岛祥云街3号院精装南北两居业主诚心出售！,379万,43780元/平,中楼层 (共16层) | 2013年 | 2室1厅 | 86.57平米 | 南 北,https://ke-image.ljcdn.com/110000-inspection/e150b081-0f42-4124-951a-8e357cdfefa6_1000.jpg!m_fill,w_280,h_210,f_jpg?from=ke.com
20240131,房山,长阳,101122781576,半岛金街 2室1厅 西必看好房,98万,15563元/平,中楼层 (共11层) | 2015年 | 2室1厅 | 62.97平米 | 西,https://s1.ljcdn.com/pegasus/redskull/images/common/default_house_list.png?_v=202401081627157
20240131,房山,长阳,101122712824,五和万科长阳天地9号院房山 长阳 篱笆房必看好房,89万,19484元/平,中楼层 (共8层) | 2017年 | 1室1厅 | 45.68平米 | 西,https://s1.ljcdn.com/pegasus/redskull/images/common/default_house_list.png?_v=202401081627157
20240131,房山,长阳,101122702966,FCC中央城 2室1厅 东必看好房,110万,18999元/平,高楼层 (共24层) | 2016年 | 2室1厅 | 57.9平米 | 东,https://s1.ljcdn.com/pegasus/redskull/images/common/default_house_list.png?_v=202401081627157
20240131,房山,长阳,101122646921,合景领峰10号院 1室1厅 东南,75万,14756元/平,高楼层 (共8层) | 2017年 | 1室1厅 | 50.83平米 | 东南,https://s1.ljcdn.com/pegasus/redskull/images/common/default_house_list.png?_v=202401081627157
20240131,房山,长阳,101122616439,怡和南路11号院 1室1厅 东必看好房,57.5万,15849元/平,中楼层 (共8层) | 2016年 | 1室1厅 | 36.28平米 | 东,https://s1.ljcdn.com/pegasus/redskull/images/common/default_house_list.png?_v=202401081627157
20240131,房山,长阳,101122340845,《急售房》大窗户低台子中间楼层无遮挡必看好房,88万,19069元/平,中楼层 (共8层) | 2017年 | 1室1厅 | 46.15平米 | 西,https://s1.ljcdn.com/pegasus/redskull/images/common/default_house_list.png?_v=202401081627157
20240131,房山,长阳,101121662130,半岛金街南向两层采光视野好。看房有钥匙。必看好房,118万,19573元/平,中楼层 (共11层) | 2015年 | 2室1厅 | 60.29平米 | 南,https://s1.ljcdn.com/pegasus/redskull/images/common/default_house_list.png?_v=202401081627157
20240131,房山,长阳,101121359079,FCC中央城 此房采光充足 万科精装修 看房方便,145万,19932元/平,中楼层 (共30层) 4室1厅 | 72.75平米 | 西南,https://s1.ljcdn.com/pegasus/redskull/images/common/default_house_list.png?_v=202401081627157
20240131,房山,长阳,101120939111,首开熙悦广场 业主诚心出售 价格还能沟通必看好房,96万,18835元/平,中楼层 (共7层) 2室1厅 | 50.97平米 | 东南,https://s1.ljcdn.com/pegasus/redskull/images/common/default_house_list.png?_v=202401081627157
20240131,房山,长阳,101119816009,FCC中央城  福泽路4号院 西向 楼层好 采光好 密码钥匙必看好房,98万,19406元/平,低楼层 (共19层) | 2016年 | 1室1厅 | 50.5平米 | 西,https://s1.ljcdn.com/pegasus/redskull/images/common/default_house_list.png?_v=202401081627157
20240131,房山,长阳,101119299710,此房是2017年3月6日之前网签的可出售给企业或者个人,105万,18364元/平,中楼层 (共24层) | 2016年 | 2室1厅 | 57.18平米 | 北,https://s1.ljcdn.com/pegasus/redskull/images/common/default_house_list.png?_v=202401081627157
20240131,房山,长阳,101118665392,绿地启航国际三期 近地铁 近商场,60万,12600元/平,高楼层 (共13层) 1室1厅 | 47.62平米 | 北,https://s1.ljcdn.com/pegasus/redskull/images/common/default_house_list.png?_v=202401081627157
20240131,房山,长阳,101118125407,FCC中央城 交通方便 配套齐全必看好房,96万,19493元/平,高楼层 (共19层) | 2016年 | 1室1厅 | 49.25平米 | 南,https://s1.ljcdn.com/pegasus/redskull/images/common/default_house_list.png?_v=202401081627157
20240131,房山,长阳,101122796797,国际花园2号院两居室南北通透自住装修满五唯一新上,272万,35542元/平,低楼层 (共18层) 2室1厅 | 76.53平米 | 南 北,https://ke-image.ljcdn.com/110000-inspection/pc1_LbrCJBbDR_1.jpg!m_fill,w_280,h_210,f_jpg?from=ke.com
20240131,房山,长阳,101122794053,清苑嘉园 1室1厅 西新上,190万,31672元/平,中楼层 (共15层) | 2017年 | 1室1厅 | 59.99平米 | 西,https://ke-image.ljcdn.com/110000-inspection/pc1_7i7OE0Eht.jpg!m_fill,w_280,h_210,f_jpg?from=ke.com
20240131,房山,长阳,101122786687,加州水郡四期南北三居室高楼层采光好随时看。新上,266万,29052元/平,高楼层 (共11层) 3室1厅 | 91.56平米 | 南 北,https://ke-image.ljcdn.com/110000-inspection/pc1_UQaXatKiu.jpg!m_fill,w_280,h_210,f_jpg?from=ke.com
20240131,房山,长阳,101122757575,国际花园4号院房山 长阳 篱笆房新上,320万,35907元/平,中楼层 (共18层) | 2014年 | 3室2厅 | 89.12平米 | 南 北,https://ke-image.ljcdn.com/110000-inspection/9a75ec47-5ef6-404a-8c1e-9b7fcc29e160_1000.jpg!m_fill,w_280,h_210,f_jpg?from=ke.com
20240131,房山,长阳,101122743029,康泽佳苑北区 南向两居 中高楼层 位置好   全天有日照,270万,34594元/平,中楼层 (共25层) | 2015年 | 2室1厅 | 78.05平米 | 南,https://ke-image.ljcdn.com/110000-inspection/pc1_nUJRDsIRa.jpg!m_fill,w_280,h_210,f_jpg?from=ke.com
20240131,房山,长阳,101122742076,铭品嘉苑  南向两居室 采光好  布局合理 满5唯一,280万,30895元/平,中楼层 (共22层) 2室1厅 | 90.63平米 | 南,https://ke-image.ljcdn.com/110000-inspection/pc1_mhm8GOMk2.jpg!m_fill,w_280,h_210,f_jpg?from=ke.com
20240131,房山,长阳,101122741993,国际花园4号院南北通透三居室高楼层采光视野好,330万,36835元/平,高楼层 (共18层) | 2014年 | 3室1厅 | 89.59平米 | 南 北,https://ke-image.ljcdn.com/110000-inspection/144686e5-3e85-430e-a1a5-8e532dbf751e_1000.jpg!m_fill,w_280,h_210,f_jpg?from=ke.com
20240131,房山,长阳,101122729823,禾香雅园 2室2厅 南 北,310万,35029元/平,低楼层 (共11层) 2室2厅 | 88.5平米 | 南 北,https://ke-image.ljcdn.com/110000-inspection/pc1_93kDHonu2_2.jpg!m_fill,w_280,h_210,f_jpg?from=ke.com
20240131,房山,长阳,101122728113,长龙苑 满五唯一 低楼层 南北通透 两居室,235万,29631元/平,低楼层 (共6层) | 2000年 | 2室2厅 | 79.31平米 | 南 北,https://ke-image.ljcdn.com/110000-inspection/pc1_1sGHuIAsp.jpg!m_fill,w_280,h_210,f_jpg?from=ke.com
20240131,房山,长阳,101122723128,畅和园9号院 东北朝向两居高楼层,275万,35077元/平,高楼层 (共22层) | 2016年 | 2室1厅 | 78.4平米 | 东北,https://ke-image.ljcdn.com/110000-inspection/pc1_vnGmOOjP7_1.jpg!m_fill,w_280,h_210,f_jpg?from=ke.com
20240131,房山,长阳,101122721730,绿地花都苑南北通透经典两居二次精装拎包入住,245万,27479元/平,低楼层 (共11层) | 2012年 | 2室1厅 | 89.16平米 | 南 北,https://ke-image.ljcdn.com/110000-inspection/pc1_qn4AoqcLG_1.jpg!m_fill,w_280,h_210,f_jpg?from=ke.com
20240131,房山,长阳,101122706132,长景新园 稻田地铁口 南北通透 一梯两户 大两居,388万,34786元/平,中楼层 (共11层) | 2012年 | 2室2厅 | 111.54平米 | 南 北,https://ke-image.ljcdn.com/110000-inspection/pc1_UfPH6lOjB.jpg!m_fill,w_280,h_210,f_jpg?from=ke.com
20240131,房山,长阳,101122697573,户型方正南北通透高楼层视野好,305万,28192元/平,中楼层 (共14层) | 2009年 | 2室1厅 | 108.19平米 | 南 北,https://ke-image.ljcdn.com/110000-inspection/pc1_fMCop7yx6_1.jpg!m_fill,w_280,h_210,f_jpg?from=ke.com
20240131,房山,长阳,101122696734,金隅糖 2室2厅 南 北,365万,42891元/平,中楼层 (共16层) 2室2厅 | 85.1平米 | 南 北,https://ke-image.ljcdn.com/110000-inspection/pc1_ZEQ72Sbzz.jpg!m_fill,w_280,h_210,f_jpg?from=ke.com
20240131,房山,长阳,101122695618,康泽佳苑北区中高楼层 精装两居,280万,36573元/平,高楼层 (共18层) | 2015年 | 2室1厅 | 76.56平米 | 南,https://ke-image.ljcdn.com/110000-inspection/4578d11a-54d5-41d5-a853-c21b2c2c37e0_1000.jpg!m_fill,w_280,h_210,f_jpg?from=ke.com
20240131,房山,长阳,101122692887,铭品嘉苑 1室1厅 南,190万,26981元/平,高楼层 (共20层) | 2016年 | 1室1厅 | 70.42平米 | 南,https://ke-image.ljcdn.com/110000-inspection/pc1_6jhTdhTW6.jpg!m_fill,w_280,h_210,f_jpg?from=ke.com
20240131,房山,长阳,101122691971,{区域聚焦}（五星好房）金地朗悦朗园   南向 明厨明卫房主自荐,365万,45247元/平,高楼层 (共11层) | 2013年 | 2室1厅 | 80.67平米 | 南,https://ke-image.ljcdn.com/110000-inspection/1ee5ebe6-c168-4ad4-b2d6-042ac035fffd_1000.jpg!m_fill,w_280,h_210,f_jpg?from=ke.com
20240131,房山,长阳,101122686870,长阳国际城二区 2室1厅 南,330万,40686元/平,高楼层 (共20层) | 2012年 | 2室1厅 | 81.11平米 | 南,https://ke-image.ljcdn.com/110000-inspection/6e96e143-3e37-40c0-9962-d7d9615d61a3_1000.jpg!m_fill,w_280,h_210,f_jpg?from=ke.com
20240131,房山,长阳,101122686224,长阳半岛祥云街1号院 诚心出售 看房方便,349万,39289元/平,低楼层 (共21层) | 2012年 | 2室1厅 | 88.83平米 | 东 南,https://ke-image.ljcdn.com/110000-inspection/pc1_zyoc4zHvC_1.jpg!m_fill,w_280,h_210,f_jpg?from=ke.com
20240131,房山,长阳,101122679949,铭品嘉苑 1室1厅 南,190万,26981元/平,高楼层 (共20层) | 2016年 | 1室1厅 | 70.42平米 | 南,https://ke-image.ljcdn.com/110000-inspection/pc1_wtdSkf7rV_1.jpg!m_fill,w_280,h_210,f_jpg?from=ke.com
20240131,房山,长阳,101122678099,中铁长阳国际城 业主孩子学龄前 满五唯一 南北通透,318万,35795元/平,中楼层 (共15层) | 2012年 | 3室1厅 | 88.84平米 | 南 北,https://ke-image.ljcdn.com/110000-inspection/8acde11d-011f-46c9-b597-d618a14bdbf4_1000.jpg!m_fill,w_280,h_210,f_jpg?from=ke.com
20240131,房山,长阳,101122676639,建邦华庭西区 3室1厅 南 北,490万,44364元/平,低楼层 (共9层) 3室1厅 | 110.45平米 | 南 北,https://ke-image.ljcdn.com/110000-inspection/pc1_JE42b8w5e.jpg!m_fill,w_280,h_210,f_jpg?from=ke.com
20240131,房山,长阳,101122676222,长景新园 2室1厅 南 北,375万,33621元/平,顶层 (共11层) | 2012年 | 2室1厅 | 111.54平米 | 南 北,https://ke-image.ljcdn.com/110000-inspection/pc1_C65HAI49W.jpg!m_fill,w_280,h_210,f_jpg?from=ke.com
20240131,房山,长阳,101122673794,首开熙悦山澜庭满五唯一南北通透精装修户型方正房主自荐,320万,43244元/平,中楼层 (共21层) | 2014年 | 2室1厅 | 74平米 | 南 北,https://ke-image.ljcdn.com/110000-inspection/pc1_8MVO4wIMw_1.jpg!m_fill,w_280,h_210,f_jpg?from=ke.com
20240131,房山,长阳,101122670262,康泽佳苑北区 2室1厅 南 北,299万,39045元/平,中楼层 (共18层) | 2015年 | 2室1厅 | 76.58平米 | 南 北,https://ke-image.ljcdn.com/110000-inspection/pc1_9V8p0trhi.jpg!m_fill,w_280,h_210,f_jpg?from=ke.com
20240131,房山,长阳,101122668318,加州水郡四期 双阳台双飘窗 视野开阔 满五唯一,225万,25404元/平,高楼层 (共15层) | 2011年 | 2室1厅 | 88.57平米 | 西,https://ke-image.ljcdn.com/110000-inspection/pc1_pAYqRqzBB_1.jpg!m_fill,w_280,h_210,f_jpg?from=ke.com
20240131,房山,长阳,101122665171,原香小镇一区中间楼层双阳台满五唯一南北两居室,300万,33769元/平,中楼层 (共10层) | 2010年 | 2室1厅 | 88.84平米 | 南 北,https://ke-image.ljcdn.com/110000-inspection/pc1_8IJabW9qw_1.jpg!m_fill,w_280,h_210,f_jpg?from=ke.com
20240131,房山,长阳,101122664364,铭品嘉苑 南向一居室 原始格局,179万,25419元/平,低楼层 (共20层) | 2016年 | 1室1厅 | 70.42平米 | 南,https://ke-image.ljcdn.com/110000-inspection/b2d10312-0fb5-40c1-ae9a-65010a84a475_1000.jpg!m_fill,w_280,h_210,f_jpg?from=ke.com
20240131,房山,长阳,101122664018,绿地花都苑低楼层两居室业主诚意出售看房方便,322万,27614元/平,低楼层 (共15层) | 2012年 | 3室1厅 | 116.61平米 | 南 北,https://ke-image.ljcdn.com/110000-inspection/pc1_OV0GE9wmc_1.jpg!m_fill,w_280,h_210,f_jpg?from=ke.com
20240131,房山,长阳,101122658301,长阳半岛4号院 全明格局 位置好 三个卧室都宽敞,448万,44043元/平,低楼层 (共17层) | 2012年 | 3室2厅 | 101.72平米 | 南 西 北,https://ke-image.ljcdn.com/110000-inspection/pc1_BqaxITK3E_2.jpg!m_fill,w_280,h_210,f_jpg?from=ke.com
20240131,房山,长阳,101122657912,此房南北通透位置好。楼层好采光和视野都好,410万,31301元/平,低楼层 (共14层) | 2012年 | 3室1厅 | 130.99平米 | 南 北,https://ke-image.ljcdn.com/110000-inspection/pc1_6PHlZzgff_1.jpg!m_fill,w_280,h_210,f_jpg?from=ke.com
20240131,房山,长阳,101122657240,金隅畅和园4号院 东西朝向 高楼层 两居室,265万,32381元/平,高楼层 (共20层) | 2016年 | 2室1厅 | 81.84平米 | 东 西,https://ke-image.ljcdn.com/110000-inspection/pc1_LINduEUR6.jpg!m_fill,w_280,h_210,f_jpg?from=ke.com
20240131,房山,长阳,101122656233,满五年唯一格局方正位置好出行方便,220万,25083元/平,低楼层 (共14层) | 2011年 | 2室1厅 | 87.71平米 | 东北,https://ke-image.ljcdn.com/110000-inspection/pc1_QDMi2tdwt.jpg!m_fill,w_280,h_210,f_jpg?from=ke.com
20240131,房山,长阳,101122655358,加州水郡四期 2室1厅 东,249万,28117元/平,低楼层 (共15层) | 2011年 | 2室1厅 | 88.56平米 | 东,https://ke-image.ljcdn.com/110000-inspection/034f96bc-d972-405f-81ed-7be41512775e_1000.jpg!m_fill,w_280,h_210,f_jpg?from=ke.com
20240131,房山,长阳,101122654836,清苑嘉园 两居室 自住装修 近公园,235万,32272元/平,低楼层 (共15层) | 2017年 | 2室1厅 | 72.82平米 | 南 东南,https://ke-image.ljcdn.com/110000-inspection/pc1_V3uHli0lM_1.jpg!m_fill,w_280,h_210,f_jpg?from=ke.com
20240131,房山,长阳,101122653739,满五唯一小区中间视野好采光无遮挡房主自荐,193万,33271元/平,中楼层 (共11层) | 2009年 | 1室1厅 | 58.01平米 | 东北,https://ke-image.ljcdn.com/110000-inspection/pc1_ogV2WlDgN_1.jpg!m_fill,w_280,h_210,f_jpg?from=ke.com
20240131,房山,长阳,101122651086,商品房满五唯一中间楼层精装修随时签约。房主自荐,209万,27606元/平,中楼层 (共15层) 2室1厅 | 75.71平米 | 东 南 北,https://ke-image.ljcdn.com/110000-inspection/pc1_jxLIQDprz.jpg!m_fill,w_280,h_210,f_jpg?from=ke.com
20240131,房山,长阳,101122647240,西悦雅居 南北两居室 满五唯一 精装修 全明格局房主自荐,299万,34160元/平,中楼层 (共18层) | 2012年 | 2室1厅 | 87.53平米 | 南 北,https://ke-image.ljcdn.com/110000-inspection/pc1_Q07TzMzSa_1.jpg!m_fill,w_280,h_210,f_jpg?from=ke.com
20240131,房山,长阳,101122646532,碧桂园小区C区保持的很好采光无遮挡,245万,26602元/平,顶层 (共11层) | 2007年 | 2室1厅 | 92.1平米 | 南 北,https://ke-image.ljcdn.com/110000-inspection/pc1_KhDQLc4Dj.jpg!m_fill,w_280,h_210,f_jpg?from=ke.com
20240131,房山,长阳,101122645633,禾香雅园满五唯一精装修采光好店长推荐房主自荐,315万,35976元/平,高楼层 (共7层) | 2013年 | 2室1厅 | 87.56平米 | 南 北,https://ke-image.ljcdn.com/110000-inspection/pc1_t8XpfN9T7.jpg!m_fill,w_280,h_210,f_jpg?from=ke.com
20240131,房山,长阳,101122643479,碧桂园小区二区 2室1厅 南 北,230万,27091元/平,低楼层 (共6层) | 2007年 | 2室1厅 | 84.9平米 | 南 北,https://ke-image.ljcdn.com/110000-inspection/pc1_JguzJ3ptV_1.jpg!m_fill,w_280,h_210,f_jpg?from=ke.com
20240131,房山,长阳,101122643146,金隅畅和园9号院 1室1厅 东 西,220万,33542元/平,中楼层 (共22层) | 2016年 | 1室1厅 | 65.59平米 | 东 西,https://ke-image.ljcdn.com/110000-inspection/pc1_8uYZkZVZh_1.jpg!m_fill,w_280,h_210,f_jpg?from=ke.com
20240131,房山,长阳,101122641777,芭蕾雨北区大三居满五唯一近地铁可看公园精装修,500万,42427元/平,中楼层 (共9层) | 2011年 | 3室2厅 | 117.85平米 | 西南 北,https://ke-image.ljcdn.com/110000-inspection/pc1_CGezFcmJY_1.jpg!m_fill,w_280,h_210,f_jpg?from=ke.com
20240131,房山,长阳,101122641098,金域缇香 万科物业 正规一居室采光充足,210万,33302元/平,低楼层 (共17层) | 2014年 | 1室1厅 | 63.06平米 | 南,https://ke-image.ljcdn.com/110000-inspection/pc1_3DHe1rrWV_2.jpg!m_fill,w_280,h_210,f_jpg?from=ke.com
20240131,房山,长阳,101122640761,长阳半岛怡和南路8号院 满五唯一 万科精装修,489万,47430元/平,低楼层 (共9层) 3室1厅 | 103.1平米 | 南 北,https://ke-image.ljcdn.com/110000-inspection/pc1_b4hoC3rBa_1.jpg!m_fill,w_280,h_210,f_jpg?from=ke.com
20240131,房山,长阳,101122639023,国际花园2号院  全明格局 精装修房主自荐,325万,36366元/平,高楼层 (共18层) | 2014年 | 3室1厅 | 89.37平米 | 南 北,https://ke-image.ljcdn.com/110000-inspection/pc1_4zig7qPgH_1.jpg!m_fill,w_280,h_210,f_jpg?from=ke.com
20240131,房山,长阳,101122632885,加州水郡三期 2室1厅 西,209万,23813元/平,中楼层 (共15层) | 2010年 | 2室1厅 | 87.77平米 | 西,https://ke-image.ljcdn.com/110000-inspection/pc1_mrUxpAieD_1.jpg!m_fill,w_280,h_210,f_jpg?from=ke.com
20240131,房山,长阳,101122630537,加州水郡三期 3室2厅 南 北,448万,30450元/平,中楼层 (共14层) | 2010年 | 3室2厅 | 147.13平米 | 南 北,https://ke-image.ljcdn.com/110000-inspection/pc1_7QtNewiOe_1.jpg!m_fill,w_280,h_210,f_jpg?from=ke.com
20240131,房山,长阳,101122627920,首开熙悦山熹园3号院全明格局三居,490万,47080元/平,高楼层 (共9层) | 2013年 | 3室1厅 | 104.08平米 | 南 北,https://ke-image.ljcdn.com/110000-inspection/d1a9a49b-970a-4469-b566-bffc8744a8da_1000.jpg!m_fill,w_280,h_210,f_jpg?from=ke.com
20240131,房山,长阳,101122627467,长景新园 南向正规一居室 满五唯一房主自荐,235万,35862元/平,低楼层 (共11层) | 2011年 | 1室1厅 | 65.53平米 | 南,https://ke-image.ljcdn.com/110000-inspection/pc1_d07HUqh3R.jpg!m_fill,w_280,h_210,f_jpg?from=ke.com
20240131,房山,长阳,101122627050,绿地花都苑 户型好 采光好 诚心出售,260万,29429元/平,中楼层 (共11层) | 2012年 | 2室1厅 | 88.35平米 | 南 北,https://ke-image.ljcdn.com/110000-inspection/e760e4b5-2c3c-4dd6-bfdd-f9566b974e31_1000.jpg!m_fill,w_280,h_210,f_jpg?from=ke.com
20240131,房山,长阳,101122622555,长景新园 2室1厅 南 北,310万,34078元/平,低楼层 (共11层) | 2016年 | 2室1厅 | 90.97平米 | 南 北,https://ke-image.ljcdn.com/110000-inspection/pc1_slhHUZso6.jpg!m_fill,w_280,h_210,f_jpg?from=ke.com
20240131,房山,长阳,101122619105,天资璟庭 3室1厅 南 北,450万,31834元/平,中楼层 (共18层) | 2013年 | 3室1厅 | 141.36平米 | 南 北,https://ke-image.ljcdn.com/110000-inspection/pc1_Aeeha63XK_1.jpg!m_fill,w_280,h_210,f_jpg?from=ke.com
20240131,房山,长阳,101122618181,康泽佳苑南区精装南北向2居楼层好位置佳满五唯一,189万,35701元/平,中楼层 (共18层) | 2014年 | 2室1厅 | 52.94平米 | 北 南,https://ke-image.ljcdn.com/110000-inspection/pc1_OyB84D2Qe_1.jpg!m_fill,w_280,h_210,f_jpg?from=ke.com
20240131,房山,长阳,101122613689,首开熙悦山熹园1号院 2室1厅 南,358万,43066元/平,高楼层 (共21层) | 2013年 | 2室1厅 | 83.13平米 | 南,https://ke-image.ljcdn.com/110000-inspection/pc1_auwK9Rw9V_1.jpg!m_fill,w_280,h_210,f_jpg?from=ke.com
20240131,房山,长阳,101122612718,南向两居 新房无人住过 精装修 高楼层视野好,349万,43188元/平,高楼层 (共21层) 2室2厅 | 80.81平米 | 南,https://ke-image.ljcdn.com/110000-inspection/pc1_RLbju2xD1_2.jpg!m_fill,w_280,h_210,f_jpg?from=ke.com
20240131,房山,长阳,101122610906,满五唯一三居两个卫生间看房方便随时签约,325万,26344元/平,中楼层 (共15层) | 2007年 | 3室2厅 | 123.37平米 | 南 北,https://ke-image.ljcdn.com/110000-inspection/pc1_dYFaESD5a.jpg!m_fill,w_280,h_210,f_jpg?from=ke.com
20240131,房山,长阳,101122609733,熙悦山澜庭小三居室双卫生间满五年唯一高楼层,469万,47084元/平,中楼层 (共21层) | 2014年 | 3室1厅 | 99.61平米 | 东南 北,https://ke-image.ljcdn.com/110000-inspection/pc1_fARwI223G_1.jpg!m_fill,w_280,h_210,f_jpg?from=ke.com
20240131,房山,长阳,101122605908,翠林漫步 3室2厅 南 北,419万,33799元/平,低楼层 (共10层) | 2012年 | 3室2厅 | 123.97平米 | 南 北,https://ke-image.ljcdn.com/110000-inspection/pc1_QKWz9IoaL.jpg!m_fill,w_280,h_210,f_jpg?from=ke.com
20240131,房山,长阳,101122595962,一梯两户万科高品质南北通看房随时,605万,48830元/平,顶层 (共11层) | 2014年 | 3室2厅 | 123.9平米 | 南 北,https://ke-image.ljcdn.com/110000-inspection/pc1_z0nyOWBJe.jpg!m_fill,w_280,h_210,f_jpg?from=ke.com
20240131,房山,长阳,101122594911,首开熙悦山澜庭 2室2厅 南,375万,44633元/平,中楼层 (共21层) | 2014年 | 2室2厅 | 84.02平米 | 南,https://ke-image.ljcdn.com/110000-inspection/pc1_KpsxFIi80_2.jpg!m_fill,w_280,h_210,f_jpg?from=ke.com
20240131,房山,长阳,101122594769,首创新悦都一区 小区中间位置 高楼层 看房方便房主自荐,360万,40395元/平,高楼层 (共18层) 3室2厅 | 89.12平米 | 南 北,https://ke-image.ljcdn.com/110000-inspection/pc1_ww3I1NVg7.jpg!m_fill,w_280,h_210,f_jpg?from=ke.com
20240131,房山,长阳,101122590703,《店长推荐》世茂维拉精装修两居室,237万,29767元/平,高楼层 (共15层) | 2015年 | 2室1厅 | 79.62平米 | 东 西,https://ke-image.ljcdn.com/110000-inspection/pc1_iA7xOwuuq_1.jpg!m_fill,w_280,h_210,f_jpg?from=ke.com
20240131,房山,长阳,101122590468,长阳半岛3号院  边户 全明格局 动静分离  精装修,432万,43330元/平,中楼层 (共16层) | 2013年 | 3室1厅 | 99.7平米 | 东南 北,https://ke-image.ljcdn.com/110000-inspection/e24c373d-7def-4d34-be75-a9073042e08c_1000.jpg!m_fill,w_280,h_210,f_jpg?from=ke.com
20240131,房山,长阳,101122590321,满五唯一 次顶层 采光好 视野好 保持好 有充电桩车位,260万,28553元/平,高楼层 (共15层) | 2010年 | 2室1厅 | 91.06平米 | 南,https://ke-image.ljcdn.com/110000-inspection/pc1_pdjZPJPiZ_1.jpg!m_fill,w_280,h_210,f_jpg?from=ke.com
20240131,房山,长阳,101122587191,首开熙悦山熹园1号院通透两居室自住装修诚意出售,335万,38639元/平,中楼层 (共21层) | 2013年 | 2室1厅 | 86.7平米 | 南 北,https://ke-image.ljcdn.com/110000-inspection/222ad5fa-4902-4f8a-b5d6-0c1f764494c3_1000.jpg!m_fill,w_280,h_210,f_jpg?from=ke.com
20240131,房山,长阳,101122583773,九洲溪雅苑一区 精装修 位置好 不临近 出行方便,415万,31061元/平,中楼层 (共14层) | 2009年 | 3室1厅 | 133.61平米 | 南 北,https://ke-image.ljcdn.com/110000-inspection/pc1_0MWG5XQ8N_1.jpg!m_fill,w_280,h_210,f_jpg?from=ke.com
20240131,房山,长阳,101122577852,碧桂园小区C区 3室1厅 东南房主自荐,239万,27902元/平,中楼层 (共16层) 3室1厅 | 85.66平米 | 东南,https://ke-image.ljcdn.com/110000-inspection/pc1_UHLCKOxl7_1.jpg!m_fill,w_280,h_210,f_jpg?from=ke.com
20240131,房山,长阳,101122577229,万年广阳郡九号满两年精装修高楼层业主诚售,600万,43014元/平,高楼层 (共13层) | 2018年 | 3室2厅 | 139.49平米 | 南 北,https://ke-image.ljcdn.com/110000-inspection/pc1_UaoGJU5a4_1.jpg!m_fill,w_280,h_210,f_jpg?from=ke.com
20240131,房山,长阳,101122576587,加州水郡四期 满五唯一高楼层 无遮挡 两居室 诚心出售,225万,25390元/平,高楼层 (共11层) | 2011年 | 2室1厅 | 88.62平米 | 东北,https://ke-image.ljcdn.com/110000-inspection/pc1_MiE3dpBjX_1.jpg!m_fill,w_280,h_210,f_jpg?from=ke.com
20240131,房山,长阳,101122574219,长龙苑小区 2室1厅 南 北房主自荐,219万,27614元/平,中楼层 (共6层) | 2000年 | 2室1厅 | 79.31平米 | 南 北,https://ke-image.ljcdn.com/110000-inspection/pc1_q8o87GjVx_1.jpg!m_fill,w_280,h_210,f_jpg?from=ke.com
20240131,房山,长阳,101122574056,加州水郡三期 2室1厅 南 北,220万,26033元/平,低楼层 (共15层) | 2009年 | 2室1厅 | 84.51平米 | 南 北,https://ke-image.ljcdn.com/110000-inspection/pc1_6NxQsFXEv_1.jpg!m_fill,w_280,h_210,f_jpg?from=ke.com
20240131,房山,长阳,101122573988,首创新悦都二区满五唯一两居室诚心出售房主自荐,305万,40403元/平,中楼层 (共18层) 2室1厅 | 75.49平米 | 南 北,https://ke-image.ljcdn.com/110000-inspection/pc1_Yp1y2yl9N.jpg!m_fill,w_280,h_210,f_jpg?from=ke.com
20240131,房山,长阳,101122572137,碧桂园小区C区 2室1厅 东南,280万,29558元/平,高楼层 (共16层) | 2007年 | 2室1厅 | 94.73平米 | 东南,https://ke-image.ljcdn.com/110000-inspection/pc1_dQkJOtLQs_1.jpg!m_fill,w_280,h_210,f_jpg?from=ke.com
20240131,房山,长阳,101122570698,满五唯一装修新采光好明厨明卫户型方正通透房主自荐,350万,42384元/平,中楼层 (共9层) | 2011年 | 2室1厅 | 82.58平米 | 东 西,https://ke-image.ljcdn.com/110000-inspection/43f72ef7-5818-4a01-bbf1-e056981933d4_1000.jpg!m_fill,w_280,h_210,f_jpg?from=ke.com
20240131,房山,长阳,101122569748,禾香雅园 2室1厅 南,350万,39526元/平,中楼层 (共11层) 2室1厅 | 88.55平米 | 南,https://ke-image.ljcdn.com/110000-inspection/a69ad3db-69d4-4df2-8e61-34c90f327f7e_1000.jpg!m_fill,w_280,h_210,f_jpg?from=ke.com
20240131,房山,长阳,101122566463,首创新悦都一区 3室2厅 南 北,390万,44633元/平,高楼层 (共9层) 3室2厅 | 87.38平米 | 南 北,https://ke-image.ljcdn.com/110000-inspection/pc1_c5aS2zXhd_1.jpg!m_fill,w_280,h_210,f_jpg?from=ke.com
20240131,房山,长阳,101122563744,金地朗悦悦园 2室1厅 南,359万,43680元/平,中楼层 (共11层) | 2013年 | 2室1厅 | 82.19平米 | 南,https://ke-image.ljcdn.com/110000-inspection/pc1_BetIuhsri.jpg!m_fill,w_280,h_210,f_jpg?from=ke.com
20240131,房山,长阳,101122563170,绿地花都苑南北通透三居室一梯两户中高楼层只有契税,310万,30917元/平,中楼层 (共14层) | 2012年 | 3室1厅 | 100.27平米 | 南 北,https://ke-image.ljcdn.com/110000-inspection/pc1_sE8siXcJk.jpg!m_fill,w_280,h_210,f_jpg?from=ke.com
20240131,房山,长阳,101122562523,铭品嘉苑 2室1厅 南房主自荐,300万,33102元/平,低楼层 (共22层) 2室1厅 | 90.63平米 | 南,https://ke-image.ljcdn.com/110000-inspection/pc1_7sXtvBW7w_1.jpg!m_fill,w_280,h_210,f_jpg?from=ke.com
20240131,房山,长阳,101122555217,金域缇香 2室1厅 南,375万,42311元/平,低楼层 (共18层) | 2015年 | 2室1厅 | 88.63平米 | 南,https://ke-image.ljcdn.com/110000-inspection/f568b6ef-b1a0-470a-a42f-42c37c192169_1000.jpg!m_fill,w_280,h_210,f_jpg?from=ke.com
20240131,房山,长阳,101122553890,长阳半岛怡和南路8号院二次精装南北三居室满五方便看房主自荐,460万,44918元/平,低楼层 (共11层) | 2016年 | 3室1厅 | 102.41平米 | 南 北,https://ke-image.ljcdn.com/110000-inspection/pc1_INNpomciD_1.jpg!m_fill,w_280,h_210,f_jpg?from=ke.com
20240131,房山,长阳,101122547235,新悦都二区两居室满五唯一南北通透精装修,300万,39841元/平,中楼层 (共18层) | 2014年 | 2室1厅 | 75.3平米 | 南 北,https://ke-image.ljcdn.com/110000-inspection/pc1_sc9TmpFzw.jpg!m_fill,w_280,h_210,f_jpg?from=ke.com
20240131,房山,长阳,101122545236,康泽佳苑南区 1室1厅 西南,145万,34582元/平,低楼层 (共28层) | 2014年 | 1室1厅 | 41.93平米 | 西南,https://ke-image.ljcdn.com/110000-inspection/pc1_vCNM5rC99.jpg!m_fill,w_280,h_210,f_jpg?from=ke.com
20240131,房山,长阳,101122544982,加州水郡三期  三居室 精装修,388万,28378元/平,中楼层 (共10层) | 2010年 | 3室2厅 | 136.73平米 | 西北 东,https://ke-image.ljcdn.com/110000-inspection/pc1_0mzm2SWhd.jpg!m_fill,w_280,h_210,f_jpg?from=ke.com
20240131,房山,长阳,101122543494,此房满五唯一南北通透高楼层 视野开阔 不临街,449万,32217元/平,中楼层 (共12层) 4室2厅 | 139.37平米 | 南 北,https://ke-image.ljcdn.com/110000-inspection/pc1_9cqPBwpZB_1.jpg!m_fill,w_280,h_210,f_jpg?from=ke.com
20240131,房山,长阳,101122538817,长阳半岛怡和南路8号院 3室2厅 南 北,620万,51312元/平,高楼层 (共15层) | 2016年 | 3室2厅 | 120.83平米 | 南 北,https://ke-image.ljcdn.com/110000-inspection/pc1_UrwH7ekAb.jpg!m_fill,w_280,h_210,f_jpg?from=ke.com
20240131,房山,长阳,101122536873,铭品嘉苑 1室1厅 南,228万,32204元/平,低楼层 (共20层) | 2016年 | 1室1厅 | 70.8平米 | 南,https://ke-image.ljcdn.com/110000-inspection/pc1_axiGnzDVR_1.jpg!m_fill,w_280,h_210,f_jpg?from=ke.com
20240131,房山,长阳,101122534227,碧桂园小区A区 2室1厅 南 北,245万,26573元/平,低楼层 (共6层) | 2003年 | 2室1厅 | 92.2平米 | 南 北,https://ke-image.ljcdn.com/110000-inspection/pc1_3oqYt7SoM_1.jpg!m_fill,w_280,h_210,f_jpg?from=ke.com
20240131,房山,长阳,101122525194,国际花园2号院  全明格局 看房方便房主自荐,325万,36224元/平,底层 (共18层) | 2014年 | 3室1厅 | 89.72平米 | 南 北,https://ke-image.ljcdn.com/110000-inspection/pc1_wub5gx6RO.jpg!m_fill,w_280,h_210,f_jpg?from=ke.com
20240131,房山,长阳,101122520109,首开熙悦山熹园3号院  满五唯一  精装修,460万,44393元/平,中楼层 (共9层) 3室1厅 | 103.62平米 | 南 北,https://ke-image.ljcdn.com/110000-inspection/pc1_r2BHHk7g0_1.jpg!m_fill,w_280,h_210,f_jpg?from=ke.com
20240131,房山,长阳,101122519401,阜盛东街70号院中间楼栋中间楼层,180万,25561元/平,高楼层 (共20层) | 2016年 | 2室1厅 | 70.42平米 | 南 北,https://ke-image.ljcdn.com/110000-inspection/pc1_AZXSJwZ2A_1.jpg!m_fill,w_280,h_210,f_jpg?from=ke.com
20240131,房山,长阳,101122515296,加州水郡三期 3室2厅 南 北,385万,27111元/平,低楼层 (共14层) 3室2厅 | 142.01平米 | 南 北,https://ke-image.ljcdn.com/110000-inspection/pc1_keM0RHrWN.jpg!m_fill,w_280,h_210,f_jpg?from=ke.com
20240131,房山,长阳,101122512938,首创新悦都一区 精装修高楼层 南北通透房主自荐,328万,43227元/平,高楼层 (共18层) | 2015年 | 2室1厅 | 75.88平米 | 南 北,https://ke-image.ljcdn.com/110000-inspection/pc1_ilPM4HrqC.jpg!m_fill,w_280,h_210,f_jpg?from=ke.com
20240131,房山,长阳,101122505868,康泽佳苑南区精装1居户型方正采光好楼层佳满五唯一,150万,35470元/平,中楼层 (共28层) | 2014年 | 1室1厅 | 42.29平米 | 西,https://ke-image.ljcdn.com/110000-inspection/pc1_4We98cpJT.jpg!m_fill,w_280,h_210,f_jpg?from=ke.com
20240131,房山,长阳,101122498195,新悦都二区满五唯一南北通透近地铁小两居,290万,38381元/平,低楼层 (共18层) | 2014年 | 2室1厅 | 75.56平米 | 南 北,https://ke-image.ljcdn.com/110000-inspection/pc1_5Zd6LQ4Fu.jpg!m_fill,w_280,h_210,f_jpg?from=ke.com
20240131,房山,长阳,101122495422,加州水郡三期 1室1厅 西北,209万,35097元/平,中楼层 (共11层) | 2010年 | 1室1厅 | 59.55平米 | 西北,https://ke-image.ljcdn.com/110000-inspection/pc1_UZ1o30gcD_1.jpg!m_fill,w_280,h_210,f_jpg?from=ke.com
20240131,房山,长阳,101122490936,加州水郡四期 全明格局 户型方正 随时看房,270万,30406元/平,中楼层 (共11层) | 2011年 | 2室1厅 | 88.8平米 | 东南,https://ke-image.ljcdn.com/110000-inspection/pc1_XSlVmSkQJ.jpg!m_fill,w_280,h_210,f_jpg?from=ke.com
20240131,房山,长阳,101122481432,西悦欣居南北向两居室精装修安静满五年唯一,305万,35006元/平,底层 (共18层) 2室1厅 | 87.13平米 | 南 北,https://ke-image.ljcdn.com/110000-inspection/pc1_6GFXFbPjB.jpg!m_fill,w_280,h_210,f_jpg?from=ke.com
20240131,房山,长阳,101122477006,万科新里程59号院 3室1厅 西 南 北,458万,43216元/平,中楼层 (共15层) | 2015年 | 3室1厅 | 105.98平米 | 西 南 北,https://ke-image.ljcdn.com/110000-inspection/pc1_wVN3pbflF_1.jpg!m_fill,w_280,h_210,f_jpg?from=ke.com
20240131,房山,长阳,101122476521,首开熙悦山澜庭南向两居室户型方正楼层好,317万,45455元/平,高楼层 (共21层) | 2014年 | 2室1厅 | 69.74平米 | 南,https://ke-image.ljcdn.com/110000-inspection/pc1_RRDpMSEPl.jpg!m_fill,w_280,h_210,f_jpg?from=ke.com
20240131,房山,长阳,101122472971,长阳半岛怡和路8号院 2室1厅 东 西,380万,43549元/平,中楼层 (共5层) | 2013年 | 2室1厅 | 87.26平米 | 东 西,https://ke-image.ljcdn.com/110000-inspection/pc1_sZ7sBq0Qr_2.jpg!m_fill,w_280,h_210,f_jpg?from=ke.com
20240131,房山,长阳,101122469279,加州水郡四期 正规一居室 南向 采光好 无遮挡配套齐全,203万,30889元/平,低楼层 (共11层) 1室1厅 | 65.72平米 | 南,https://ke-image.ljcdn.com/110000-inspection/pc1_1N9dCXhkB.jpg!m_fill,w_280,h_210,f_jpg?from=ke.com
20240131,房山,长阳,101122464098,西悦欣居 满五年唯一诚心出售,299万,33566元/平,低楼层 (共21层) | 2012年 | 2室1厅 | 89.08平米 | 东 西,https://ke-image.ljcdn.com/110000-inspection/fbb8961f-f298-4f53-ac74-f1c29a240287_1000.jpg!m_fill,w_280,h_210,f_jpg?from=ke.com
20240131,房山,长阳,101122441216,碧桂园小区A区 2室2厅 南 北,236万,26061元/平,高楼层 (共6层) 2室2厅 | 90.56平米 | 南 北,https://ke-image.ljcdn.com/110000-inspection/pc1_XviUlc33g_1.jpg!m_fill,w_280,h_210,f_jpg?from=ke.com
20240131,房山,长阳,101122437991,金域缇香商品房精装修采光视野无遮挡自住保持好,365万,43104元/平,低楼层 (共21层) | 2014年 | 2室1厅 | 84.68平米 | 南,https://ke-image.ljcdn.com/110000-inspection/pc1_n6HEwdMF4_1.jpg!m_fill,w_280,h_210,f_jpg?from=ke.com
20240131,房山,长阳,101122437520,首开熙悦山熹园1号院 西南五环  地铁口  全明格局,446万,44387元/平,中楼层 (共9层) | 2013年 | 3室2厅 | 100.48平米 | 南 北,https://ke-image.ljcdn.com/110000-inspection/524af4a3-bfc7-437f-95db-74a2d8510ac0_1000.jpg!m_fill,w_280,h_210,f_jpg?from=ke.com
20240131,房山,长阳,101122435285,朝东向楼层好视野宽阔采光充足配套齐全,233万,26307元/平,顶层 (共15层) | 2011年 | 2室1厅 | 88.57平米 | 东,https://ke-image.ljcdn.com/110000-inspection/pc1_oCbhQ9ROx_1.jpg!m_fill,w_280,h_210,f_jpg?from=ke.com
20240131,房山,长阳,101122431789,五矿名品南北三居 高楼层采光好 安静不临街,645万,48435元/平,高楼层 (共7层) | 2016年 | 3室1厅 | 133.17平米 | 南 北,https://ke-image.ljcdn.com/110000-inspection/pc1_4oUG0hzn2.jpg!m_fill,w_280,h_210,f_jpg?from=ke.com
20240131,房山,长阳,101122428501,徜徉嘉园祥云街8号院洋房社区中高楼层采光视野好,560万,43843元/平,中楼层 (共15层) | 2014年 | 3室2厅 | 127.73平米 | 南 北,https://ke-image.ljcdn.com/110000-inspection/pc1_PyS9euai4.jpg!m_fill,w_280,h_210,f_jpg?from=ke.com
20240131,房山,长阳,101122425465,金域缇香 3室1厅 南 北,450万,41403元/平,高楼层 (共18层) | 2015年 | 3室1厅 | 108.69平米 | 南 北,https://ke-image.ljcdn.com/110000-inspection/pc1_77jK6f56e.jpg!m_fill,w_280,h_210,f_jpg?from=ke.com
20240131,房山,长阳,101122415004,首创新悦都二区 满五唯一 精装修全明格局房主自荐,355万,40277元/平,顶层 (共18层) | 2014年 | 3室2厅 | 88.14平米 | 南 北,https://ke-image.ljcdn.com/110000-inspection/pc1_HcEPMnd6y.jpg!m_fill,w_280,h_210,f_jpg?from=ke.com
20240131,房山,长阳,101122414135,满五唯一南北通透格局楼层视野好采光充足。,246万,27036元/平,中楼层 (共6层) | 2003年 | 2室1厅 | 90.99平米 | 南 北,https://ke-image.ljcdn.com/110000-inspection/pc1_cwPWMeEQL.jpg!m_fill,w_280,h_210,f_jpg?from=ke.com
20240131,房山,长阳,101122413547,铭品嘉苑 视野宽阔 楼层好 采光充足,275万,30344元/平,高楼层 (共22层) 2室1厅 | 90.63平米 | 南,https://ke-image.ljcdn.com/110000-inspection/pc1_grOlnMJVL_1.jpg!m_fill,w_280,h_210,f_jpg?from=ke.com
20240131,房山,长阳,101122411881,长阳半岛怡和路6号院南北大三居急售,689万,41519元/平,低楼层 (共15层) | 2015年 | 3室2厅 | 165.95平米 | 南 北,https://ke-image.ljcdn.com/110000-inspection/pc1_B8d4dFuJV.jpg!m_fill,w_280,h_210,f_jpg?from=ke.com
20240131,房山,长阳,101122410505,长阳半岛南向两居室客厅和两间卧室都很宽敞诚售房主自荐,349万,38956元/平,低楼层 (共28层) | 2012年 | 2室1厅 | 89.59平米 | 南,https://ke-image.ljcdn.com/110000-inspection/pc1_uWahYDFMc.jpg!m_fill,w_280,h_210,f_jpg?from=ke.com
20240131,房山,长阳,101122409915,长阳国际城一区 3室1厅 南 北,420万,47075元/平,低楼层 (共20层) 3室1厅 | 89.22平米 | 南 北,https://ke-image.ljcdn.com/110000-inspection/pc1_49YK7a26E_1.jpg!m_fill,w_280,h_210,f_jpg?from=ke.com
20240131,房山,长阳,101122408277,碧波园 3室2厅 南 北房主自荐,318万,23077元/平,高楼层 (共6层) | 2002年 | 3室2厅 | 137.8平米 | 南 北,https://ke-image.ljcdn.com/110000-inspection/pc1_J2lNTuZeC_1.jpg!m_fill,w_280,h_210,f_jpg?from=ke.com
20240131,房山,长阳,101122408195,双南采光业主诚心出售万科精装；,369万,42694元/平,低楼层 (共18层) | 2011年 | 2室1厅 | 86.43平米 | 南,https://ke-image.ljcdn.com/110000-inspection/pc1_6rt39Cc5t.jpg!m_fill,w_280,h_210,f_jpg?from=ke.com
20240131,房山,长阳,101122404894,此房满五唯一  户型方正 格局合理 随时可以签约,295万,33319元/平,底层 (共11层) 2室1厅 | 88.54平米 | 南 北,https://ke-image.ljcdn.com/110000-inspection/pc1_vDt7kxqWh.jpg!m_fill,w_280,h_210,f_jpg?from=ke.com
20240131,房山,长阳,101122404264,加州水郡三期 2室1厅 东北,235万,27118元/平,中楼层 (共14层) | 2010年 | 2室1厅 | 86.66平米 | 东北,https://ke-image.ljcdn.com/110000-inspection/pc1_oGkgBPtA1.jpg!m_fill,w_280,h_210,f_jpg?from=ke.com
20240131,房山,长阳,101122404238,此房满五唯一 无遮挡 南北通透 交通便利 全明格局,280万,35123元/平,低楼层 (共25层) 2室1厅 | 79.72平米 | 南 西 北,https://ke-image.ljcdn.com/110000-inspection/pc1_sP3cnXbAv.jpg!m_fill,w_280,h_210,f_jpg?from=ke.com
20240131,房山,长阳,101122404068,加州水郡四期 2室1厅 西北,230万,25954元/平,顶层 (共11层) | 2011年 | 2室1厅 | 88.62平米 | 西北,https://ke-image.ljcdn.com/110000-inspection/pc1_72UAuf636_1.jpg!m_fill,w_280,h_210,f_jpg?from=ke.com
20240131,房山,长阳,101122404018,加州水郡二期 方正三居室 高层 采光好,465万,32996元/平,高楼层 (共9层) | 2007年 | 3室2厅 | 140.93平米 | 南 北,https://ke-image.ljcdn.com/110000-inspection/pc1_K9s8nvHUz.jpg!m_fill,w_280,h_210,f_jpg?from=ke.com
20240131,房山,长阳,101122402266,铭品嘉苑 1室1厅 南 北,230万,32486元/平,低楼层 (共20层) | 2016年 | 1室1厅 | 70.8平米 | 南 北,https://ke-image.ljcdn.com/110000-inspection/pc1_S7P90bw42_1.jpg!m_fill,w_280,h_210,f_jpg?from=ke.com
20240131,房山,长阳,101122397817,金隅畅和园9号院 西向一居 精装修 高楼层 视野开阔,209万,31865元/平,高楼层 (共22层) 1室1厅 | 65.59平米 | 西,https://ke-image.ljcdn.com/110000-inspection/pc1_lE27nI5wW_1.jpg!m_fill,w_280,h_210,f_jpg?from=ke.com
20240131,房山,长阳,101122397585,新上诚售 熙悦山熹园3号院 随时看房 高楼层 位置好,338万,40640元/平,高楼层 (共21层) 2室1厅 | 83.17平米 | 南,https://ke-image.ljcdn.com/110000-inspection/pc1_0N0lLGfls.jpg!m_fill,w_280,h_210,f_jpg?from=ke.com
20240131,房山,长阳,101122393836,门口位置安静出行方便双卫生间采光无遮挡,380万,27815元/平,低楼层 (共10层) 3室2厅 | 136.62平米 | 东 西 北,https://ke-image.ljcdn.com/110000-inspection/pc1_30X1GP40G_1.jpg!m_fill,w_280,h_210,f_jpg?from=ke.com
20240131,房山,长阳,101122388772,加州水郡三期满五唯一看房方便房主自荐,256万,30974元/平,高楼层 (共11层) | 2010年 | 2室1厅 | 82.65平米 | 南 北,https://ke-image.ljcdn.com/110000-inspection/pc1_OhRXor2y5.jpg!m_fill,w_280,h_210,f_jpg?from=ke.com
20240131,房山,长阳,101122385065,加州水郡三期 中间层南向大两居 户型方正 满五唯一房主自荐,249万,27363元/平,中楼层 (共15层) | 2009年 | 2室1厅 | 91平米 | 西南,https://ke-image.ljcdn.com/110000-inspection/pc1_fnH3cS33I.jpg!m_fill,w_280,h_210,f_jpg?from=ke.com
20240131,房山,长阳,101122384751,邑上公馆 2室1厅 南 北,288万,34666元/平,中楼层 (共6层) | 2014年 | 2室1厅 | 83.08平米 | 南 北,https://ke-image.ljcdn.com/110000-inspection/pc1_VpL0hWE3m.jpg!m_fill,w_280,h_210,f_jpg?from=ke.com
20240131,房山,长阳,101122383792,首开熙悦山澜庭 中间位置 不临街 明厨明卫 南北通透房主自荐,415万,46050元/平,高楼层 (共21层) | 2014年 | 2室1厅 | 90.12平米 | 南 北,https://ke-image.ljcdn.com/110000-inspection/pc1_9wsV1pq3F.jpg!m_fill,w_280,h_210,f_jpg?from=ke.com
20240131,房山,长阳,101122382132,长阳国际城一区优质大三居南北通透业主诚意出售,510万,43031元/平,低楼层 (共20层) | 2012年 | 3室1厅 | 118.52平米 | 南 北,https://ke-image.ljcdn.com/110000-inspection/pc1_dxR9b5Bra.jpg!m_fill,w_280,h_210,f_jpg?from=ke.com
20240131,房山,长阳,101122373777,南北户型交通便利配套齐全。,459万,47694元/平,中楼层 (共9层) 3室1厅 | 96.24平米 | 南 北,https://ke-image.ljcdn.com/110000-inspection/pc1_ZiJhX4wjf.jpg!m_fill,w_280,h_210,f_jpg?from=ke.com
20240131,房山,长阳,101122371515,加州水郡三期 高楼层 视野开阔两居,225万,26006元/平,高楼层 (共15层) | 2009年 | 2室1厅 | 86.52平米 | 东北,https://ke-image.ljcdn.com/110000-inspection/pc1_LBsP65LoR_1.jpg!m_fill,w_280,h_210,f_jpg?from=ke.com
20240131,房山,长阳,101122366813,铭品嘉苑 1室1厅 南,175万,24851元/平,低楼层 (共20层) 1室1厅 | 70.42平米 | 南,https://ke-image.ljcdn.com/110000-inspection/pc1_iZhB9VLKt_1.jpg!m_fill,w_280,h_210,f_jpg?from=ke.com
20240131,房山,长阳,101122364602,业主诚心出售配套设施完善交通便利朝南向,178万,30376元/平,底层 (共15层) | 2010年 | 2室1厅 | 58.6平米 | 南,https://ke-image.ljcdn.com/110000-inspection/pc1_WXz0iQbzG.jpg!m_fill,w_280,h_210,f_jpg?from=ke.com
20240131,房山,长阳,101122364546,西悦欣居满五唯一业主诚心出售房主自荐,279万,31111元/平,底层 (共18层) | 2012年 | 2室1厅 | 89.68平米 | 南,https://ke-image.ljcdn.com/110000-inspection/pc1_GdRfIqNPH.jpg!m_fill,w_280,h_210,f_jpg?from=ke.com
20240131,房山,长阳,101122363957,温庄子家园 2室2厅 南,310万,29076元/平,中楼层 (共6层) 2室2厅 | 106.62平米 | 南,https://ke-image.ljcdn.com/110000-inspection/pc1_oZd4Q6C2e_1.jpg!m_fill,w_280,h_210,f_jpg?from=ke.com
20240131,房山,长阳,101122363161,康泽佳苑南区 四面朝南中高楼层两居,205万,38863元/平,高楼层 (共18层) | 2014年 | 2室1厅 | 52.75平米 | 南,https://ke-image.ljcdn.com/110000-inspection/pc1_uZpkOlGkF.jpg!m_fill,w_280,h_210,f_jpg?from=ke.com
20240131,房山,长阳,101122361153,首开熙悦山熹园1号院精装修全南两居拎包即住,320万,38494元/平,低楼层 (共21层) | 2013年 | 2室1厅 | 83.13平米 | 南,https://ke-image.ljcdn.com/110000-inspection/pc1_o76UyY6RZ.jpg!m_fill,w_280,h_210,f_jpg?from=ke.com
20240131,房山,长阳,101122360926,康泽佳苑南向两居室采光好无浪费面积,190万,36525元/平,顶层 (共18层) | 2014年 | 2室1厅 | 52.02平米 | 南,https://ke-image.ljcdn.com/110000-inspection/pc1_OjRdp8NQQ.jpg!m_fill,w_280,h_210,f_jpg?from=ke.com
20240131,房山,长阳,101122355328,芭蕾雨悦都北区——低层低密度洋房社区房主自荐,385万,42878元/平,高楼层 (共9层) 3室1厅 | 89.79平米 | 南 北,https://ke-image.ljcdn.com/110000-inspection/pc1_MEX9D0evi.jpg!m_fill,w_280,h_210,f_jpg?from=ke.com
20240131,房山,长阳,101122354929,康泽佳苑南区 3室2厅 南 北,230万,36136元/平,高楼层 (共18层) | 2014年 | 3室2厅 | 63.65平米 | 南 北,https://ke-image.ljcdn.com/110000-inspection/pc1_NdmKjGuzr_1.jpg!m_fill,w_280,h_210,f_jpg?from=ke.com
20240131,房山,长阳,101122351677,国际花园 南北通透两居 有钥匙随时看房,265万,34841元/平,底层 (共18层) | 2014年 | 2室1厅 | 76.06平米 | 南 北,https://ke-image.ljcdn.com/110000-inspection/pc1_kOHomP0Rf.jpg!m_fill,w_280,h_210,f_jpg?from=ke.com
20240131,房山,长阳,101122350024,长阳半岛怡和南路10号院 3室2厅 南 北,620万,51397元/平,中楼层 (共15层) | 2015年 | 3室2厅 | 120.63平米 | 南 北,https://ke-image.ljcdn.com/110000-inspection/pc1_ORrBi6Em1_2.jpg!m_fill,w_280,h_210,f_jpg?from=ke.com
20240131,房山,长阳,101122348179,南北通透面积不浪费明厨明卫小区安静,340万,35067元/平,中楼层 (共8层) | 2013年 | 3室1厅 | 96.96平米 | 南 北,https://ke-image.ljcdn.com/110000-inspection/pc1_9NtthgNcI_1.jpg!m_fill,w_280,h_210,f_jpg?from=ke.com
20240131,房山,长阳,101122347692,加州水郡四期 满五唯一  业主靠谱卖,312万,34196元/平,底层 (共14层) | 2011年 | 3室1厅 | 91.24平米 | 南 北,https://ke-image.ljcdn.com/110000-inspection/pc1_pzYixeo9n.jpg!m_fill,w_280,h_210,f_jpg?from=ke.com
20240131,房山,长阳,101122346277,首开熙悦山澜庭南向两居满五唯一高楼层视野好,305万,43734元/平,高楼层 (共21层) | 2014年 | 2室1厅 | 69.74平米 | 南,https://ke-image.ljcdn.com/110000-inspection/pc1_3Bx7OG7uN.jpg!m_fill,w_280,h_210,f_jpg?from=ke.com
20240131,房山,长阳,101122345894,绿地花都苑 2室1厅 南 北,262万,29699元/平,顶层 (共14层) | 2012年 | 2室1厅 | 88.22平米 | 南 北,https://ke-image.ljcdn.com/110000-inspection/pc1_7TVSGpgZ3_2.jpg!m_fill,w_280,h_210,f_jpg?from=ke.com
20240131,房山,长阳,101122344815,新悦都二区南北边户全明格局满五唯一,355万,40223元/平,中楼层 (共18层) | 2014年 | 3室1厅 | 88.26平米 | 南 西 北,https://ke-image.ljcdn.com/110000-inspection/pc1_q74ALvQui.jpg!m_fill,w_280,h_210,f_jpg?from=ke.com
20240131,房山,长阳,101122342979,铭品嘉苑满五唯一好楼层业主诚售,237万,33475元/平,中楼层 (共20层) 1室1厅 | 70.8平米 | 南,https://ke-image.ljcdn.com/110000-inspection/pc1_QytZEmmlI_1.jpg!m_fill,w_280,h_210,f_jpg?from=ke.com
20240131,房山,长阳,101122342340,铭品嘉苑 满五唯一 高楼层 采光好 精装修,195万,27691元/平,中楼层 (共20层) 1室1厅 | 70.42平米 | 南,https://ke-image.ljcdn.com/110000-inspection/0017e0f3-a0a4-42de-9fa5-04e22bb51f12_1000.jpg!m_fill,w_280,h_210,f_jpg?from=ke.com
20240131,房山,长阳,101122339557,金地朗悦沁园 精装修 南北通透三居 明厨明卫 边户,650万,53209元/平,高楼层 (共7层) | 2014年 | 3室2厅 | 122.16平米 | 南 北,https://ke-image.ljcdn.com/110000-inspection/pc1_sPgSLv8vs.jpg!m_fill,w_280,h_210,f_jpg?from=ke.com
20240131,房山,长阳,101122336219,康泽佳苑北区精装3居满五唯一全明格局电梯房高楼层房主自荐,360万,40882元/平,高楼层 (共25层) | 2015年 | 3室1厅 | 88.06平米 | 南 北,https://ke-image.ljcdn.com/110000-inspection/pc1_MLpdXhcOq.jpg!m_fill,w_280,h_210,f_jpg?from=ke.com
20240131,房山,长阳,101122331884,金地朗悦悦园 高楼层 装修保持好 前后无遮挡 私密性好,439万,50617元/平,高楼层 (共7层) | 2014年 | 3室1厅 | 86.73平米 | 南 北,https://ke-image.ljcdn.com/110000-inspection/pc1_kECMsUMXx.jpg!m_fill,w_280,h_210,f_jpg?from=ke.com
20240131,房山,长阳,101122331331,《长阳半岛云湾家园3号院南北四居室满五唯一》,660万,46743元/平,中楼层 (共11层) | 2014年 | 4室2厅 | 141.2平米 | 南 北,https://ke-image.ljcdn.com/110000-inspection/pc1_LeyqY8P46.jpg!m_fill,w_280,h_210,f_jpg?from=ke.com
20240131,房山,长阳,101122331162,碧桂园小区二区 2室1厅 南 北,236万,26755元/平,高楼层 (共6层) | 2004年 | 2室1厅 | 88.21平米 | 南 北,https://ke-image.ljcdn.com/110000-inspection/pc1_5g3PyeZZd_2.jpg!m_fill,w_280,h_210,f_jpg?from=ke.com
20240131,房山,长阳,101122326498,康泽佳苑南区 中间位置 商品房   优质三居室 诚心出售,225万,35350元/平,高楼层 (共18层) | 2014年 | 3室1厅 | 63.65平米 | 南 北,https://ke-image.ljcdn.com/110000-inspection/pc1_nhZI0194k_1.jpg!m_fill,w_280,h_210,f_jpg?from=ke.com
20240131,房山,长阳,101122324682,中高楼层全明格局满五唯一小区位置好诚心出售,420万,47075元/平,中楼层 (共20层) 3室1厅 | 89.22平米 | 南 北,https://ke-image.ljcdn.com/110000-inspection/pc1_M7zQCGs46.jpg!m_fill,w_280,h_210,f_jpg?from=ke.com
20240131,房山,长阳,101122323494,长阳国际城一区 满五唯一 采光好 中间楼层,420万,47075元/平,中楼层 (共20层) | 2012年 | 3室1厅 | 89.22平米 | 南 北,https://ke-image.ljcdn.com/110000-inspection/pc1_8zZKr6Fba.jpg!m_fill,w_280,h_210,f_jpg?from=ke.com
20240131,房山,长阳,101122322774,金隅畅和园9号院  中间楼层 满五唯一 看房方便,195万,29731元/平,低楼层 (共22层) 1室1厅 | 65.59平米 | 西,https://ke-image.ljcdn.com/110000-inspection/pc1_Jb1fUOvUc_1.jpg!m_fill,w_280,h_210,f_jpg?from=ke.com
20240131,房山,长阳,101122321898,万科长阳半岛怡和路3号院 长阳地铁站400米 精装三居室,485万,48976元/平,高楼层 (共18层) | 2014年 | 3室1厅 | 99.03平米 | 东 南 北,https://ke-image.ljcdn.com/110000-inspection/pc1_3DRfW6GqT_1.jpg!m_fill,w_280,h_210,f_jpg?from=ke.com
20240131,房山,长阳,101122318584,长阳国际城三区 2室1厅 南 北,349万,38878元/平,高楼层 (共15层) | 2012年 | 2室1厅 | 89.77平米 | 南 北,https://ke-image.ljcdn.com/110000-inspection/pc1_7X8vIYyUq.jpg!m_fill,w_280,h_210,f_jpg?from=ke.com
20240131,房山,长阳,101122318287,祥云街1号院 店长推荐房源 纯南向 满五唯一,358万,39831元/平,高楼层 (共21层) | 2012年 | 2室1厅 | 89.88平米 | 南,https://ke-image.ljcdn.com/110000-inspection/pc1_HBuCqUBV9_1.jpg!m_fill,w_280,h_210,f_jpg?from=ke.com
20240131,房山,长阳,101122315965,金地朗悦朗园 两居户型私密 明厨明卫 无遮挡 无噪音,385万,47821元/平,中楼层 (共12层) | 2013年 | 2室2厅 | 80.51平米 | 南,https://ke-image.ljcdn.com/110000-inspection/pc1_Ik6mHtBcw.jpg!m_fill,w_280,h_210,f_jpg?from=ke.com
20240131,房山,长阳,101122314773,金隅畅和园4号院 2室1厅 南 北,265万,32540元/平,顶层 (共22层) | 2016年 | 2室1厅 | 81.44平米 | 南 北,https://ke-image.ljcdn.com/110000-inspection/pc1_GpFdg0F8P_1.jpg!m_fill,w_280,h_210,f_jpg?from=ke.com
20240131,房山,长阳,101122314538,北京城建·广悦居南向一居室 次顶层精装修满五唯一,229万,34582元/平,高楼层 (共24层) 1室1厅 | 66.22平米 | 南,https://ke-image.ljcdn.com/110000-inspection/pc1_N7lxflABp_1.jpg!m_fill,w_280,h_210,f_jpg?from=ke.com
20240131,房山,长阳,101122309922,此房满五唯一 位置安静 精装修高层 拎包入住,435万,28787元/平,底层 (共9层) | 2007年 | 3室1厅 | 151.11平米 | 南 北,https://ke-image.ljcdn.com/110000-inspection/pc1_8vOb46kVD.jpg!m_fill,w_280,h_210,f_jpg?from=ke.com
20240131,房山,长阳,101122309491,芭蕾雨悦都南区近地铁大两居,320万,38205元/平,中楼层 (共8层) 2室1厅 | 83.76平米 | 东 西,https://ke-image.ljcdn.com/110000-inspection/pc1_Z7PUs0Arz.jpg!m_fill,w_280,h_210,f_jpg?from=ke.com
20240131,房山,长阳,101122306608,金隅畅和园9号院 精装修 中间楼层 随时签约,235万,35553元/平,中楼层 (共21层) | 2016年 | 2室1厅 | 66.1平米 | 南,https://ke-image.ljcdn.com/110000-inspection/pc1_NdjfZPd72_1.jpg!m_fill,w_280,h_210,f_jpg?from=ke.com
20240131,房山,长阳,101122304461,首开熙悦山澜南向安静视野宽阔交通便利房主自荐,294万,41863元/平,高楼层 (共21层) | 2014年 | 2室1厅 | 70.23平米 | 南,https://ke-image.ljcdn.com/110000-inspection/pc1_NTogst7rp.jpg!m_fill,w_280,h_210,f_jpg?from=ke.com
20240131,房山,长阳,101122304002,碧桂园小区二区 1室1厅 南,155万,26642元/平,高楼层 (共6层) | 2007年 | 1室1厅 | 58.18平米 | 南,https://ke-image.ljcdn.com/110000-inspection/pc1_VvPVEGfZ2_2.jpg!m_fill,w_280,h_210,f_jpg?from=ke.com
20240131,房山,长阳,101122303586,南北通透户型格局好配套设施齐全满五唯一房主自荐,498万,47079元/平,顶层 (共9层) 3室1厅 | 105.78平米 | 南 北,https://ke-image.ljcdn.com/110000-inspection/pc1_Evhg7uI4q_1.jpg!m_fill,w_280,h_210,f_jpg?from=ke.com
20240131,房山,长阳,101122293296,原香小镇一区 2室1厅 南 北,260万,29509元/平,低楼层 (共10层) | 2010年 | 2室1厅 | 88.11平米 | 南 北,https://ke-image.ljcdn.com/110000-inspection/pc1_coJSVKH7x_1.jpg!m_fill,w_280,h_210,f_jpg?from=ke.com
20240131,房山,长阳,101122287296,长阳半岛怡和路3号院精装全南两居业主诚意出售,410万,46949元/平,中楼层 (共18层) | 2014年 | 2室1厅 | 87.33平米 | 南,https://ke-image.ljcdn.com/110000-inspection/pc1_QQiHqFYI1_1.jpg!m_fill,w_280,h_210,f_jpg?from=ke.com
20240131,房山,长阳,101122284706,通透。格局好业主急售满五唯一。无遮挡,205万,38724元/平,低楼层 (共18层) | 2014年 | 2室1厅 | 52.94平米 | 南 北,https://ke-image.ljcdn.com/110000-inspection/pc1_iHg6j9q4s.jpg!m_fill,w_280,h_210,f_jpg?from=ke.com
20240131,房山,长阳,101122272616,视野好 楼层好 诚心卖 满五唯一 随时可看 采光充足,485万,46599元/平,高楼层 (共9层) 3室1厅 | 104.08平米 | 南 北,https://ke-image.ljcdn.com/110000-inspection/pc1_Ya73W7zKa.jpg!m_fill,w_280,h_210,f_jpg?from=ke.com
20240131,房山,长阳,101122269655,首创新悦都二区 南北通透 两居 高楼层 满五唯一,310万,41066元/平,高楼层 (共18层) | 2014年 | 2室1厅 | 75.49平米 | 南 北,https://ke-image.ljcdn.com/110000-inspection/pc1_od6t0RdWD.jpg!m_fill,w_280,h_210,f_jpg?from=ke.com
20240131,房山,长阳,101122269208,加州水郡东区南北三居客厅方正自住精装,410万,28793元/平,中楼层 (共9层) | 2006年 | 3室2厅 | 142.4平米 | 南 北,https://ke-image.ljcdn.com/110000-inspection/f43d5c72-9983-4aac-ab8b-70ea55def219_1000.jpg!m_fill,w_280,h_210,f_jpg?from=ke.com
20240131,房山,长阳,101122267980,首开熙悦山熹园1号院 满五年唯一 精装南北双卫3居,445万,44104元/平,低楼层 (共9层) | 2013年 | 3室1厅 | 100.9平米 | 南 北,https://ke-image.ljcdn.com/110000-inspection/pc1_68vAj5swZ.jpg!m_fill,w_280,h_210,f_jpg?from=ke.com
20240131,房山,长阳,101122264562,金地朗悦悦园 3室1厅 南 北房主自荐,418万,48163元/平,高楼层 (共7层) | 2014年 | 3室1厅 | 86.79平米 | 南 北,https://ke-image.ljcdn.com/110000-inspection/pc1_qrDsADoTl.jpg!m_fill,w_280,h_210,f_jpg?from=ke.com
20240131,房山,长阳,101122263978,北京城建·广悦居精装修一居看房方便,199万,30452元/平,低楼层 (共24层) | 2016年 | 1室1厅 | 65.35平米 | 东,https://ke-image.ljcdn.com/110000-inspection/pc1_aBRkl22u9_1.jpg!m_fill,w_280,h_210,f_jpg?from=ke.com
20240131,房山,长阳,101122261035,首开熙悦山熹园3号院 精装修 满五唯一,499万,48157元/平,低楼层 (共9层) 3室1厅 | 103.62平米 | 南 北,https://ke-image.ljcdn.com/110000-inspection/pc1_PU7a2KDUh.jpg!m_fill,w_280,h_210,f_jpg?from=ke.com
20240131,房山,长阳,101122258106,《长阳半岛云湾家园满五唯一南北通透业主诚售》,383万,44140元/平,高楼层 (共21层) | 2014年 | 2室1厅 | 86.77平米 | 南 北,https://ke-image.ljcdn.com/110000-inspection/pc1_uNnFQLkdg_1.jpg!m_fill,w_280,h_210,f_jpg?from=ke.com
20240131,房山,长阳,101122255241,万科新里程59号院3-1-1-1 101.79m²,480万,47156元/平,中楼层 (共15层) | 2015年 | 3室1厅 | 101.79平米 | 南 北,https://ke-image.ljcdn.com/110000-inspection/pc1_h92Z92D3j_1.jpg!m_fill,w_280,h_210,f_jpg?from=ke.com
20240131,房山,长阳,101122255073,此房全明格局西南北边户产权清晰诚心出售,379万,42427元/平,高楼层 (共28层) | 2012年 | 2室1厅 | 89.33平米 | 南 西 北,https://ke-image.ljcdn.com/110000-inspection/pc1_nVnZHL26c_1.jpg!m_fill,w_280,h_210,f_jpg?from=ke.com
20240131,房山,长阳,101122248369,好楼位置格局好正规一居室满五年唯一,195万,32779元/平,底层 (共11层) | 2010年 | 1室1厅 | 59.49平米 | 南,https://ke-image.ljcdn.com/110000-inspection/pc1_nBpP0s0as.jpg!m_fill,w_280,h_210,f_jpg?from=ke.com
20240131,房山,长阳,101122242849,加州水郡四期 位置好 楼层好 户型方正,259万,29072元/平,低楼层 (共14层) | 2011年 | 2室2厅 | 89.09平米 | 西南,https://ke-image.ljcdn.com/110000-inspection/pc1_QMkn71PPO.jpg!m_fill,w_280,h_210,f_jpg?from=ke.com
20240131,房山,长阳,101122241303,金地朗悦沁园 中间楼层 精装三居室 满五唯一,417万,46520元/平,中楼层 (共6层) | 2014年 | 3室1厅 | 89.64平米 | 南 北,https://ke-image.ljcdn.com/110000-inspection/pc1_DCx0WdmxR_1.jpg!m_fill,w_280,h_210,f_jpg?from=ke.com
20240131,房山,长阳,101122237744,建邦华庭西区 满五年 精装修 看房方便,380万,42289元/平,低楼层 (共16层) 2室1厅 | 89.86平米 | 南 北,https://ke-image.ljcdn.com/110000-inspection/pc1_ldT9oXLBw_1.jpg!m_fill,w_280,h_210,f_jpg?from=ke.com
20240131,房山,长阳,101122237511,近地铁 电梯洋房 满五唯一 拎包入住,262万,38701元/平,高楼层 (共6层) | 2014年 | 2室1厅 | 67.7平米 | 东 西 北,https://ke-image.ljcdn.com/110000-inspection/pc1_b13WwCJaM_2.jpg!m_fill,w_280,h_210,f_jpg?from=ke.com
20240131,房山,长阳,101122233405,康泽佳苑南区 满五唯一 商品房 采光好房主自荐,175万,32432元/平,顶层 (共18层) | 2014年 | 2室1厅 | 53.96平米 | 南 北,https://ke-image.ljcdn.com/110000-inspection/pc1_KvrPQwQRd_2.jpg!m_fill,w_280,h_210,f_jpg?from=ke.com
20240131,房山,长阳,101122233127,金隅畅和园9号院满五唯一无户口无抵押,210万,31915元/平,低楼层 (共22层) | 2016年 | 1室1厅 | 65.8平米 | 西,https://ke-image.ljcdn.com/110000-inspection/pc1_Ki6Ad3akL_1.jpg!m_fill,w_280,h_210,f_jpg?from=ke.com
20240131,房山,长阳,101122228620,金隅糖 3室1厅 南 北,388万,41076元/平,中楼层 (共12层) | 2016年 | 3室1厅 | 94.46平米 | 南 北,https://ke-image.ljcdn.com/110000-inspection/pc1_MdBh19W2q_1.jpg!m_fill,w_280,h_210,f_jpg?from=ke.com
20240131,房山,长阳,101122223818,长阳半岛怡和路1号院 南北三居室 明厨明卫 满五唯一,429万,44200元/平,顶层 (共12层) | 2014年 | 3室1厅 | 97.06平米 | 东南,https://ke-image.ljcdn.com/110000-inspection/pc1_4UmGxiGs5.jpg!m_fill,w_280,h_210,f_jpg?from=ke.com
20240131,房山,长阳,101122218674,长景新园 满五唯一 南北通透 商品房 中间楼层,275万,33759元/平,中楼层 (共6层) | 2011年 | 2室1厅 | 81.46平米 | 南 北,https://ke-image.ljcdn.com/110000-inspection/pc1_Eojmdl6CS_1.jpg!m_fill,w_280,h_210,f_jpg?from=ke.com
20240131,房山,长阳,101122218377,加州水郡四期西南2居看房方便中间楼层,249万,28419元/平,中楼层 (共15层) | 2012年 | 2室1厅 | 87.62平米 | 西 南,https://ke-image.ljcdn.com/110000-inspection/pc1_YKJkdEkwf_2.jpg!m_fill,w_280,h_210,f_jpg?from=ke.com
20240131,房山,长阳,101122218049,清苑嘉园满五唯一通透两居室业主诚售,260万,34162元/平,中楼层 (共15层) | 2017年 | 2室1厅 | 76.11平米 | 东 西,https://ke-image.ljcdn.com/110000-inspection/pc1_L9e14Zc1M_1.jpg!m_fill,w_280,h_210,f_jpg?from=ke.com
20240131,房山,长阳,101122205810,金域缇香 2室1厅 南,333万,39413元/平,低楼层 (共21层) | 2014年 | 2室1厅 | 84.49平米 | 南,https://ke-image.ljcdn.com/110000-inspection/pc1_ygJXaDboW_1.jpg!m_fill,w_280,h_210,f_jpg?from=ke.com
20240131,房山,长阳,101122205446,长阳半岛2号院 2室1厅 南,370万,41300元/平,高楼层 (共28层) | 2012年 | 2室1厅 | 89.59平米 | 南,https://ke-image.ljcdn.com/110000-inspection/pc1_DoBjdMs2N.jpg!m_fill,w_280,h_210,f_jpg?from=ke.com
20240131,房山,长阳,101122202592,金地朗悦润园 3室1厅 南 北,410万,45566元/平,中楼层 (共6层) | 2014年 | 3室1厅 | 89.98平米 | 南 北,https://ke-image.ljcdn.com/110000-inspection/pc1_b6iQ7Ii6r.jpg!m_fill,w_280,h_210,f_jpg?from=ke.com
20240131,房山,长阳,101122200217,此房精装修看房方便楼层位置好,294万,35367元/平,顶层 (共21层) | 2013年 | 2室1厅 | 83.13平米 | 南,https://ke-image.ljcdn.com/110000-inspection/pc1_GpVv9Pfb4.jpg!m_fill,w_280,h_210,f_jpg?from=ke.com
20240131,房山,长阳,101122195491,此房满五唯一、采光好视野好楼间距宽,285万,31447元/平,低楼层 (共22层) 2室1厅 | 90.63平米 | 南,https://ke-image.ljcdn.com/110000-inspection/pc1_BWDOuBmoR.jpg!m_fill,w_280,h_210,f_jpg?from=ke.com
20240131,房山,长阳,101122183512,铭品嘉苑.满五唯一、楼层好视野好没有遮挡,220万,29365元/平,低楼层 (共20层) 1室1厅 | 74.92平米 | 南,https://ke-image.ljcdn.com/110000-inspection/pc1_nYDCoR08b_1.jpg!m_fill,w_280,h_210,f_jpg?from=ke.com
20240131,房山,长阳,101122181452,碧桂园小区C区 南北三居室 中间位置 随时看房,318万,27122元/平,低楼层 (共9层) | 2007年 | 3室1厅 | 117.25平米 | 南 北,https://ke-image.ljcdn.com/110000-inspection/daedbde4-4b2f-4bae-b838-647f8bc5bf55_1000.jpg!m_fill,w_280,h_210,f_jpg?from=ke.com
20240131,房山,长阳,101122181394,首创新悦都一区 满五唯一精装修,369万,41728元/平,中楼层 (共17层) | 2012年 | 3室2厅 | 88.43平米 | 南 北,https://ke-image.ljcdn.com/110000-inspection/aeffd341-28ed-4121-8cac-4b7febe9db63_1000.jpg!m_fill,w_280,h_210,f_jpg?from=ke.com
20240131,房山,长阳,101122180581,加州水郡三期 全明格局两居室 南北通透 位置好,239万,27327元/平,中楼层 (共14层) 2室1厅 | 87.46平米 | 西南 北,https://ke-image.ljcdn.com/110000-inspection/pc1_HCjWMjjWs.jpg!m_fill,w_280,h_210,f_jpg?from=ke.com
20240131,房山,长阳,101122178528,西悦欣居 2室1厅 南 北,342万,39095元/平,中楼层 (共18层) | 2012年 | 2室1厅 | 87.48平米 | 南 北,https://ke-image.ljcdn.com/110000-inspection/pc1_etHOoCbuf.jpg!m_fill,w_280,h_210,f_jpg?from=ke.com
20240131,房山,长阳,101122176896,长阳半岛4号院 精装三居室 满五年唯一 视野好,458万,43778元/平,高楼层 (共17层) | 2012年 | 3室1厅 | 104.62平米 | 东南 北,https://ke-image.ljcdn.com/110000-inspection/pc1_eQ5F06Kil_1.jpg!m_fill,w_280,h_210,f_jpg?from=ke.com
20240131,房山,长阳,101122175008,天骄俊园 3室1厅 南 北,326万,27345元/平,顶层 (共6层) | 2008年 | 3室1厅 | 119.22平米 | 南 北,https://ke-image.ljcdn.com/110000-inspection/5231e7c6-b59b-4fec-a7d4-b5fe6c4677f7_1000.jpg!m_fill,w_280,h_210,f_jpg?from=ke.com
20240131,房山,长阳,101122162333,本房满五唯一基本随时看房保持的不错。房主自荐,350万,40184元/平,顶层 (共10层) | 2013年 | 2室1厅 | 87.1平米 | 南,https://ke-image.ljcdn.com/110000-inspection/pc1_JBziZGk5V_1.jpg!m_fill,w_280,h_210,f_jpg?from=ke.com
20240131,房山,长阳,101122159656,满五唯一 中高楼层 视野采光好,380万,42963元/平,高楼层 (共10层) | 2015年 | 2室1厅 | 88.45平米 | 南,https://ke-image.ljcdn.com/110000-inspection/pc1_ubrEa7zhq_1.jpg!m_fill,w_280,h_210,f_jpg?from=ke.com
20240131,房山,长阳,101122155344,铭品嘉苑2-2-1-1 90.63m²,288万,31778元/平,低楼层 (共22层) 2室1厅 | 90.63平米 | 南,https://ke-image.ljcdn.com/110000-inspection/pc1_fH3tyUBKG_1.jpg!m_fill,w_280,h_210,f_jpg?from=ke.com
20240131,房山,长阳,101122154593,康泽佳苑南区  南向两居采光充足,185万,33394元/平,高楼层 (共28层) | 2014年 | 2室1厅 | 55.4平米 | 南,https://ke-image.ljcdn.com/110000-inspection/pc1_K3KBpsF0K.jpg!m_fill,w_280,h_210,f_jpg?from=ke.com
20240131,房山,长阳,101122154123,康泽佳苑南区南北通透商品房诚心出售房主自荐,220万,41722元/平,低楼层 (共18层) | 2014年 | 2室1厅 | 52.73平米 | 南 北,https://ke-image.ljcdn.com/110000-inspection/pc1_hjZ0pVOWh.jpg!m_fill,w_280,h_210,f_jpg?from=ke.com
20240131,房山,长阳,101122153822,世茂维拉 2室1厅 东 西,225万,28417元/平,高楼层 (共14层) | 2015年 | 2室1厅 | 79.18平米 | 东 西,https://ke-image.ljcdn.com/110000-inspection/0552a373-a925-4fa8-b370-0abe56533efb_1000.jpg!m_fill,w_280,h_210,f_jpg?from=ke.com
20240131,房山,长阳,101122151683,长阳半岛怡和南路8号院  三室两卫 南北双通透,603万,49905元/平,高楼层 (共15层) | 2016年 | 3室1厅 | 120.83平米 | 南 北,https://ke-image.ljcdn.com/110000-inspection/pc1_aW1H4gr1X.jpg!m_fill,w_280,h_210,f_jpg?from=ke.com
20240131,房山,长阳,101122150036,芭蕾雨悦都北区 3室1厅 南 北,520万,43720元/平,中楼层 (共9层) | 2012年 | 3室1厅 | 118.94平米 | 南 北,https://ke-image.ljcdn.com/110000-inspection/8e53aa1f-1275-42cd-90d6-df1b869f3f2a_1000.jpg!m_fill,w_280,h_210,f_jpg?from=ke.com
20240131,房山,长阳,101122149948,铭品嘉苑阜盛东街70号院优质一居。,210万,29822元/平,中楼层 (共20层) | 2016年 | 1室1厅 | 70.42平米 | 南 北,https://ke-image.ljcdn.com/110000-inspection/pc1_xtcOJyYGt.jpg!m_fill,w_280,h_210,f_jpg?from=ke.com
20240131,房山,长阳,101122132091,万科品质低密洋房中间位置精装修,759万,46651元/平,中楼层 (共15层) 3室2厅 | 162.7平米 | 南 北,https://ke-image.ljcdn.com/110000-inspection/pc1_lzA1VE6NQ.jpg!m_fill,w_280,h_210,f_jpg?from=ke.com
20240131,房山,长阳,101122130866,全明户型采光好户型格局好配套设施齐全交通便利,385万,43099元/平,高楼层 (共28层) | 2012年 | 2室1厅 | 89.33平米 | 东南 北,https://ke-image.ljcdn.com/110000-inspection/pc1_ZVB0zeI7L_1.jpg!m_fill,w_280,h_210,f_jpg?from=ke.com
20240131,房山,长阳,101122128031,首开熙悦山澜庭  南北两居室 不临街 诚心出售,389万,43041元/平,低楼层 (共21层) | 2014年 | 2室2厅 | 90.38平米 | 南 北,https://ke-image.ljcdn.com/110000-inspection/pc1_jUznghUM5.jpg!m_fill,w_280,h_210,f_jpg?from=ke.com
20240131,房山,长阳,101122127763,金隅畅和园9号院 精装修 满五唯一 中间楼层 无遮挡,199.9万,30156元/平,中楼层 (共21层) 1室1厅 | 66.29平米 | 南,https://ke-image.ljcdn.com/110000-inspection/pc1_wXYMYMQ5c_1.jpg!m_fill,w_280,h_210,f_jpg?from=ke.com
20240131,房山,长阳,101122120422,康泽佳苑南区精装一居室满五唯一商品房楼层好位置佳,158万,37566元/平,低楼层 (共28层) | 2014年 | 1室1厅 | 42.06平米 | 西南,https://ke-image.ljcdn.com/110000-inspection/pc1_GtKdsjHrI.jpg!m_fill,w_280,h_210,f_jpg?from=ke.com
20240131,房山,长阳,101122120356,天泰新景 1室1厅 东南,160万,23488元/平,低楼层 (共6层) 1室1厅 | 68.12平米 | 东南,https://ke-image.ljcdn.com/110000-inspection/pc1_IpQLL9nD0_1.jpg!m_fill,w_280,h_210,f_jpg?from=ke.com
20240131,房山,长阳,101122118594,加州水郡三期 2室1厅 东南,248万,28444元/平,顶层 (共11层) | 2009年 | 2室1厅 | 87.19平米 | 东南,https://ke-image.ljcdn.com/110000-inspection/pc1_4AD5wGCVq.jpg!m_fill,w_280,h_210,f_jpg?from=ke.com
20240131,房山,长阳,101122110932,长阳国际城二区 满五唯一 中间楼层 采光好房主自荐,312万,38467元/平,中楼层 (共20层) 2室1厅 | 81.11平米 | 南,https://ke-image.ljcdn.com/110000-inspection/pc1_xXoTz7R9O.jpg!m_fill,w_280,h_210,f_jpg?from=ke.com
20240131,房山,长阳,101122107999,铭品嘉苑 满五唯一 高楼层 采光好 精装修,245万,32702元/平,低楼层 (共20层) | 2016年 | 2室1厅 | 74.92平米 | 南,https://ke-image.ljcdn.com/110000-inspection/pc1_d2lHVDlCT.jpg!m_fill,w_280,h_210,f_jpg?from=ke.com
20240131,房山,长阳,101122106715,均是大户型居住人群素质高视野好采光好,310万,36266元/平,中楼层 (共18层) | 2016年 | 2室1厅 | 85.48平米 | 南,https://ke-image.ljcdn.com/110000-inspection/pc1_0sHcr4d74.jpg!m_fill,w_280,h_210,f_jpg?from=ke.com
20240131,房山,长阳,101122106391,温庄子家园 3室1厅 南 北,310万,24980元/平,顶层 (共6层) | 2003年 | 3室1厅 | 124.1平米 | 南 北,https://ke-image.ljcdn.com/110000-inspection/pc1_7Zz6bkFW3_1.jpg!m_fill,w_280,h_210,f_jpg?from=ke.com
20240131,房山,长阳,101122105260,房山长阳站康泽佳苑南区精装两居随时签约,195万,36600元/平,中楼层 (共28层) | 2014年 | 1室1厅 | 53.28平米 | 南 北,https://ke-image.ljcdn.com/110000-inspection/pc1_kx6euijRg.jpg!m_fill,w_280,h_210,f_jpg?from=ke.com
20240131,房山,长阳,101122100964,国际花园3号院 精装自住南北通透三居 出行方便房主自荐,325万,36212元/平,低楼层 (共18层) | 2014年 | 3室1厅 | 89.75平米 | 南 北,https://ke-image.ljcdn.com/110000-inspection/pc1_1n8qD0HrV.jpg!m_fill,w_280,h_210,f_jpg?from=ke.com
20240131,房山,长阳,101122100882,万年广阳郡九号 4室2厅 南 北,1260万,54893元/平,中楼层 (共13层) | 2018年 | 4室2厅 | 229.54平米 | 南 北,https://ke-image.ljcdn.com/110000-inspection/pc1_BZ04SoiWf_1.jpg!m_fill,w_280,h_210,f_jpg?from=ke.com
20240131,房山,长阳,101122098393,加州水郡二期 中间层 精装修三居室 看房方便 诚意出售,368万,25929元/平,中楼层 (共9层) | 2007年 | 3室2厅 | 141.93平米 | 南 北,https://ke-image.ljcdn.com/110000-inspection/c55776a3-b517-439e-895b-95ab1115acf4_1000.jpg!m_fill,w_280,h_210,f_jpg?from=ke.com
20240131,房山,长阳,101122095929,碧桂园小区C区 3室1厅 南 北,380万,29137元/平,中楼层 (共15层) | 2007年 | 3室1厅 | 130.42平米 | 南 北,https://ke-image.ljcdn.com/110000-inspection/pc1_jT3LuJl2k_2.jpg!m_fill,w_280,h_210,f_jpg?from=ke.com
20240131,房山,长阳,101122095712,首开熙悦山熹园1号院 2室1厅 南,315万,37893元/平,低楼层 (共21层) 2室1厅 | 83.13平米 | 南,https://ke-image.ljcdn.com/110000-inspection/pc1_cJSLbPakx.jpg!m_fill,w_280,h_210,f_jpg?from=ke.com
20240131,房山,长阳,101122095409,铭品嘉苑 1室1厅 南,235万,31367元/平,中楼层 (共20层) | 2016年 | 1室1厅 | 74.92平米 | 南,https://ke-image.ljcdn.com/110000-inspection/pc1_yDXPVEOgR.jpg!m_fill,w_280,h_210,f_jpg?from=ke.com
20240131,房山,长阳,101122095092,首创新悦都二区精装两居诚心出售房主自荐,267万,37841元/平,中楼层 (共8层) | 2014年 | 2室1厅 | 70.56平米 | 东南 西北,https://ke-image.ljcdn.com/110000-inspection/pc1_AzJP6OG9P.jpg!m_fill,w_280,h_210,f_jpg?from=ke.com
20240131,房山,长阳,101122094440,万科新里程57号院满五年唯一看房随时,339万,37705元/平,底层 (共9层) | 2013年 | 2室1厅 | 89.91平米 | 南,https://ke-image.ljcdn.com/110000-inspection/pc1_6GgEUDgpO_1.jpg!m_fill,w_280,h_210,f_jpg?from=ke.com
20240131,房山,长阳,101122092610,绿地花都苑 3室1厅 南 北,379万,28619元/平,底层 (共14层) | 2012年 | 3室1厅 | 132.43平米 | 南 北,https://ke-image.ljcdn.com/110000-inspection/pc1_aVR6P0UWp.jpg!m_fill,w_280,h_210,f_jpg?from=ke.com
20240131,房山,长阳,101122091077,碧桂园小区C区 3室2厅 南 北,309万,25088元/平,底层 (共15层) | 2007年 | 3室2厅 | 123.17平米 | 南 北,https://ke-image.ljcdn.com/110000-inspection/pc1_wtirz0Wuz.jpg!m_fill,w_280,h_210,f_jpg?from=ke.com
20240131,房山,长阳,101122089132,首开熙悦山澜庭 南北通透精装两居室 采光充足,415万,45847元/平,高楼层 (共21层) | 2014年 | 2室1厅 | 90.52平米 | 北 南,https://ke-image.ljcdn.com/110000-inspection/pc1_3L7goaZLn.jpg!m_fill,w_280,h_210,f_jpg?from=ke.com
20240131,房山,长阳,101122088842,大宁山庄二区 精装修 南北通透大三居,430万,30592元/平,中楼层 (共5层) | 2013年 | 3室2厅 | 140.56平米 | 南 北,https://ke-image.ljcdn.com/110000-inspection/pc1_IbF6jpZHm.jpg!m_fill,w_280,h_210,f_jpg?from=ke.com
20240131,房山,长阳,101122082846,绿地花都苑中间楼层大三居诚意出售价格合适看房方便,410万,31293元/平,中楼层 (共14层) | 2012年 | 3室2厅 | 131.02平米 | 南 北,https://ke-image.ljcdn.com/110000-inspection/pc1_KLMDmtbmr.jpg!m_fill,w_280,h_210,f_jpg?from=ke.com
20240131,房山,长阳,101122073016,康泽佳苑南区 满五一套 诚心出售 装修保持不错房主自荐,182万,34032元/平,高楼层 (共28层) | 2014年 | 2室1厅 | 53.48平米 | 西南,https://ke-image.ljcdn.com/110000-inspection/pc1_fuYIITB9a.jpg!m_fill,w_280,h_210,f_jpg?from=ke.com
20240131,房山,长阳,101122071942,天泰新景温泉家园满五唯一两居室房主自荐,228万,23835元/平,高楼层 (共6层) | 2005年 | 2室1厅 | 95.66平米 | 北 南,https://ke-image.ljcdn.com/110000-inspection/pc1_BUZuQOSZG.jpg!m_fill,w_280,h_210,f_jpg?from=ke.com
20240131,房山,长阳,101122070374,康泽佳苑南区 中间位置 南北两居室 诚心出售,195万,36682元/平,低楼层 (共18层) | 2014年 | 2室1厅 | 53.16平米 | 南 北,https://ke-image.ljcdn.com/110000-inspection/pc1_CnxfAkS4M.jpg!m_fill,w_280,h_210,f_jpg?from=ke.com
20240131,房山,长阳,101122053211,加州水郡四期西向两居满五唯一自住保持干净。,249万,28158元/平,中楼层 (共14层) | 2011年 | 2室1厅 | 88.43平米 | 西,https://ke-image.ljcdn.com/110000-inspection/pc1_mat0TRJjc_2.jpg!m_fill,w_280,h_210,f_jpg?from=ke.com
20240131,房山,长阳,101122050637,店长推荐康泽佳苑南区 南向满五唯一 业主自住,205万,37712元/平,中楼层 (共28层) | 2014年 | 2室1厅 | 54.36平米 | 南,https://ke-image.ljcdn.com/110000-inspection/pc1_VR3nmocdx_1.jpg!m_fill,w_280,h_210,f_jpg?from=ke.com
20240131,房山,长阳,101122042218,康泽佳苑北区南向一居室满五唯一业主诚心出售,221万,36129元/平,低楼层 (共30层) 1室1厅 | 61.17平米 | 南,https://ke-image.ljcdn.com/110000-inspection/pc1_oiSXmreq5.jpg!m_fill,w_280,h_210,f_jpg?from=ke.com
20240131,房山,长阳,101122042051,原香小镇一区满五唯一三居室一梯两户全明格局,298万,33375元/平,中楼层 (共10层) | 2010年 | 3室1厅 | 89.29平米 | 南 北,https://ke-image.ljcdn.com/110000-inspection/85471ace-0351-4a97-a88b-c479907998bf_1000.jpg!m_fill,w_280,h_210,f_jpg?from=ke.com
20240131,房山,长阳,101122027877,建邦华庭东区 2室1厅 南,400万,41366元/平,高楼层 (共10层) | 2013年 | 2室1厅 | 96.7平米 | 南,https://ke-image.ljcdn.com/110000-inspection/pc1_NqwoyI84q.jpg!m_fill,w_280,h_210,f_jpg?from=ke.com
20240131,房山,长阳,101122026984,紫云家园3室2卫全明户型一梯两户随时看房,745万,45513元/平,中楼层 (共15层) | 2015年 | 3室2厅 | 163.69平米 | 南 北,https://ke-image.ljcdn.com/110000-inspection/pc1_C41TWbAPR_1.jpg!m_fill,w_280,h_210,f_jpg?from=ke.com
20240131,房山,长阳,101122020658,紫云家园精装修全明户型三居,770万,46434元/平,低楼层 (共15层) | 2014年 | 3室1厅 | 165.83平米 | 南 北,https://ke-image.ljcdn.com/110000-inspection/pc1_N1LKxvZCP_1.jpg!m_fill,w_280,h_210,f_jpg?from=ke.com
20240131,房山,长阳,101122018924,金域缇香 南向采光好万科物业一居室,238万,37316元/平,高楼层 (共17层) | 2014年 | 1室1厅 | 63.78平米 | 南,https://ke-image.ljcdn.com/110000-inspection/pc1_ji63tyxdg.jpg!m_fill,w_280,h_210,f_jpg?from=ke.com
20240131,房山,长阳,101122016823,满五年 水系旁 户型方正 次顶层 二次装修 拎包入住,375万,32068元/平,高楼层 (共11层) 3室1厅 | 116.94平米 | 南 北,https://ke-image.ljcdn.com/110000-inspection/pc1_KH9wNAjFT_2.jpg!m_fill,w_280,h_210,f_jpg?from=ke.com
20240131,房山,长阳,101122013974,康泽佳苑南区精装一居西向户型方正采光好楼层好佳诚售,159万,37456元/平,高楼层 (共28层) | 2013年 | 1室1厅 | 42.45平米 | 西,https://ke-image.ljcdn.com/110000-inspection/pc1_okV80krIR.jpg!m_fill,w_280,h_210,f_jpg?from=ke.com
20240131,房山,长阳,101122012739,大宁山庄四区 2室2厅 南 北,450万,40947元/平,中楼层 (共6层) 2室2厅 | 109.9平米 | 南 北,https://ke-image.ljcdn.com/110000-inspection/pc1_aN0168aXp.jpg!m_fill,w_280,h_210,f_jpg?from=ke.com
20240131,房山,长阳,101122008975,金域缇香 南北通透三居室边户精装修 满五唯一,425万,39160元/平,低楼层 (共18层) | 2015年 | 3室1厅 | 108.53平米 | 南 北,https://ke-image.ljcdn.com/110000-inspection/pc1_BI9E9mFmj_1.jpg!m_fill,w_280,h_210,f_jpg?from=ke.com
20240131,房山,长阳,101122008550,芭蕾雨悦都南区  南北通透诚心出售欢迎咨询,350万,38628元/平,低楼层 (共9层) | 2012年 | 3室1厅 | 90.61平米 | 南 北,https://ke-image.ljcdn.com/110000-inspection/66d3d7d4-b7ec-466f-a980-3b0f8962b1e6_1000.jpg!m_fill,w_280,h_210,f_jpg?from=ke.com
20240131,房山,长阳,101122001154,长阳半岛祥云街3号院 诚心出售房主自荐,373万,43137元/平,中楼层 (共18层) | 2013年 | 2室1厅 | 86.47平米 | 南 北,https://ke-image.ljcdn.com/110000-inspection/pc1_N68V5kDbA_1.jpg!m_fill,w_280,h_210,f_jpg?from=ke.com
20240131,房山,长阳,101122000799,金隅糖 3室2厅 南 北,490万,46547元/平,低楼层 (共16层) 3室2厅 | 105.27平米 | 南 北,https://ke-image.ljcdn.com/110000-inspection/pc1_vTgn6ky5b_1.jpg!m_fill,w_280,h_210,f_jpg?from=ke.com
20240131,房山,长阳,101121999762,原香小镇一区 南北通透二居 户型好 看房方便,279万,31405元/平,低楼层 (共10层) | 2010年 | 2室1厅 | 88.84平米 | 南 北,https://ke-image.ljcdn.com/110000-inspection/prod-999e20fd-cf71-4ef8-8a0c-cdcea7fd2c73.jpg!m_fill,w_280,h_210,f_jpg?from=ke.com
20240131,房山,长阳,101121992604,此房精装修业主诚心出售。采光好楼层好。房主自荐,210万,39668元/平,低楼层 (共18层) | 2014年 | 2室1厅 | 52.94平米 | 南 北,https://ke-image.ljcdn.com/110000-inspection/pc1_O3XTR7Npp.jpg!m_fill,w_280,h_210,f_jpg?from=ke.com
20240131,房山,长阳,101121991454,铭品嘉苑2-1-1-1 90.63m² 275 万,253万,27916元/平,低楼层 (共22层) 2室1厅 | 90.63平米 | 南,https://ke-image.ljcdn.com/110000-inspection/3980ebcb-1115-4a90-9cb5-d40fd494bf79_1000.jpg!m_fill,w_280,h_210,f_jpg?from=ke.com
20240131,房山,长阳,101121990974,绿地花都苑满五年南北通透两居业主自住二次装修,253万,27997元/平,低楼层 (共13层) | 2012年 | 2室1厅 | 90.37平米 | 南 北,https://ke-image.ljcdn.com/110000-inspection/prod-eca41546-9910-44cb-a67e-9116600ae315.jpg!m_fill,w_280,h_210,f_jpg?from=ke.com
20240131,房山,长阳,101121989352,国誉府 低密洋房大五居 中国风大宅,1200万,63540元/平,中楼层 (共8层) 3室2厅 | 188.86平米 | 南 北,https://ke-image.ljcdn.com/110000-inspection/pc1_4Tp1Glvdj_1.jpg!m_fill,w_280,h_210,f_jpg?from=ke.com
20240131,房山,长阳,101121987827,西悦欣居精装修南北通透两居满五唯一全明户型,293万,33494元/平,高楼层 (共18层) | 2012年 | 2室1厅 | 87.48平米 | 南 北,https://ke-image.ljcdn.com/110000-inspection/pc1_4GQzSrNHk.jpg!m_fill,w_280,h_210,f_jpg?from=ke.com
20240131,房山,长阳,101121987779,长阳半岛怡和路1号院 万科两居 中间层 满五年唯一,358万,42458元/平,中楼层 (共20层) | 2013年 | 2室1厅 | 84.32平米 | 南,https://ke-image.ljcdn.com/110000-inspection/pc1_74uJrrWjU_1.jpg!m_fill,w_280,h_210,f_jpg?from=ke.com
20240131,房山,长阳,101121987721,紫云家园精装修全明户型三居满五唯一房主自荐,658万,48554元/平,顶层 (共9层) | 2013年 | 3室2厅 | 135.52平米 | 南 北,https://ke-image.ljcdn.com/110000-inspection/pc1_FdTPUESrD_1.jpg!m_fill,w_280,h_210,f_jpg?from=ke.com
20240131,房山,长阳,101121987719,原香小镇一区满五年一套南北通透全明格局两居室,291万,32334元/平,低楼层 (共10层) 2室2厅 | 90平米 | 南 北,https://ke-image.ljcdn.com/110000-inspection/pc1_x2NjhnI9X_2.jpg!m_fill,w_280,h_210,f_jpg?from=ke.com
20240131,房山,长阳,101121984673,加州水郡 满五唯一正规两居室 配套齐全,218万,24600元/平,中楼层 (共11层) | 2011年 | 2室2厅 | 88.62平米 | 西北,https://ke-image.ljcdn.com/110000-inspection/79451779-fe13-47e0-bf3c-a038879b971a_1000.jpg!m_fill,w_280,h_210,f_jpg?from=ke.com
20240131,房山,长阳,101121981650,长阳半岛祥云街1号院 诚心出售 看房方便,359万,40036元/平,顶层 (共21层) | 2012年 | 2室1厅 | 89.67平米 | 南,https://ke-image.ljcdn.com/110000-inspection/pc1_Qqr63zGjy.jpg!m_fill,w_280,h_210,f_jpg?from=ke.com
20240131,房山,长阳,101121981454,芭蕾雨悦都南区——奥莱商圈底层低密度洋房社区,350万,44299元/平,低楼层 (共8层) | 2012年 | 2室1厅 | 79.01平米 | 西南,https://ke-image.ljcdn.com/110000-inspection/pc1_TXWJTO5uU.jpg!m_fill,w_280,h_210,f_jpg?from=ke.com
20240131,房山,长阳,101121976057,长阳国际城二区 满五唯一 保持干净,309万,38097元/平,低楼层 (共20层) | 2012年 | 2室1厅 | 81.11平米 | 南,https://ke-image.ljcdn.com/110000-inspection/pc1_NNc1MImj0.jpg!m_fill,w_280,h_210,f_jpg?from=ke.com
20240131,房山,长阳,101121975253,长阳半岛万科南向两居室满五年唯一装修保持好,348万,42465元/平,低楼层 (共18层) | 2014年 | 2室1厅 | 81.95平米 | 南,https://ke-image.ljcdn.com/110000-inspection/pc1_hMe9O0Ps6_1.jpg!m_fill,w_280,h_210,f_jpg?from=ke.com
20240131,房山,长阳,101121968817,铭品嘉苑  楼层好视野好 诚心出售,240万,34082元/平,低楼层 (共20层) 1室1厅 | 70.42平米 | 南,https://ke-image.ljcdn.com/110000-inspection/pc1_OZoiX8pfE_1.jpg!m_fill,w_280,h_210,f_jpg?from=ke.com
20240131,房山,长阳,101121964484,首付72万办齐不临路中层满五年唯一仅契税南北两居,219万,26307元/平,中楼层 (共14层) 2室1厅 | 83.25平米 | 北 南,https://ke-image.ljcdn.com/110000-inspection/pc1_PcRerpZPf.jpg!m_fill,w_280,h_210,f_jpg?from=ke.com
20240131,房山,长阳,101121951716,加州水郡四期 大客厅居住舒适 动静分离 户型方正,234万,25249元/平,顶层 (共15层) | 2011年 | 2室1厅 | 92.68平米 | 西北,https://ke-image.ljcdn.com/110000-inspection/68e55c8e-2438-4815-b08e-cd4fb443a934_1000.jpg!m_fill,w_280,h_210,f_jpg?from=ke.com
20240131,房山,长阳,101121947282,康泽佳苑北区精装南北通透2居满五唯一楼层好位置佳,283万,35828元/平,中楼层 (共30层) 2室1厅 | 78.99平米 | 南 北,https://ke-image.ljcdn.com/110000-inspection/pc1_IzLLw3uKK_1.jpg!m_fill,w_280,h_210,f_jpg?from=ke.com
20240131,房山,长阳,101121942840,绿地花都苑满五唯一南北通透两居室诚心出售,300万,30719元/平,低楼层 (共13层) 2室1厅 | 97.66平米 | 南 北,https://ke-image.ljcdn.com/110000-inspection/pc1_kjzNjkG9i.jpg!m_fill,w_280,h_210,f_jpg?from=ke.com
20240131,房山,长阳,101121935221,加州水郡四期 南向一居室 户型方正 出行方便配套齐全,200万,31467元/平,底层 (共11层) | 2011年 | 1室1厅 | 63.56平米 | 南,https://ke-image.ljcdn.com/110000-inspection/pc1_wADFG5upn.jpg!m_fill,w_280,h_210,f_jpg?from=ke.com
20240131,房山,长阳,101121934623,绿地花都苑  大三居 小区中间位置,355万,30795元/平,中楼层 (共12层) | 2012年 | 3室2厅 | 115.28平米 | 南 北,https://ke-image.ljcdn.com/110000-inspection/pc1_ohrwQp905.jpg!m_fill,w_280,h_210,f_jpg?from=ke.com
20240131,房山,长阳,101121931947,铭品嘉苑1-1-1-1 70.42m²已转商,218万,30958元/平,顶层 (共20层) | 2016年 | 1室1厅 | 70.42平米 | 南,https://ke-image.ljcdn.com/110000-inspection/pc1_rzyKfuVBQ_1.jpg!m_fill,w_280,h_210,f_jpg?from=ke.com
20240131,房山,长阳,101121931342,此房满五唯一、楼层好视野好没有遮挡房主自荐,265万,29240元/平,高楼层 (共22层) 2室1厅 | 90.63平米 | 南,https://ke-image.ljcdn.com/110000-inspection/pc1_vvd7DEphY.jpg!m_fill,w_280,h_210,f_jpg?from=ke.com
20240131,房山,长阳,101121930775,小区中间位置精装修满五唯一业主急售小三居！,374万,42222元/平,低楼层 (共9层) 3室1厅 | 88.58平米 | 南 北,https://ke-image.ljcdn.com/110000-inspection/pc1_JARofFrTs.jpg!m_fill,w_280,h_210,f_jpg?from=ke.com
20240131,房山,长阳,101121920542,《店长推荐》天骄俊园南北通透两居室房主自荐,279万,31426元/平,中楼层 (共6层) 2室1厅 | 88.78平米 | 南 北,https://ke-image.ljcdn.com/110000-inspection/pc1_fdj18vesM_2.jpg!m_fill,w_280,h_210,f_jpg?from=ke.com
20240131,房山,长阳,101121915303,康泽佳苑南区精装2居南北通透满五唯一楼层好位置佳房主自荐,208万,39290元/平,中楼层 (共18层) | 2014年 | 2室1厅 | 52.94平米 | 南 北,https://ke-image.ljcdn.com/110000-inspection/pc1_gsfKehCCh.jpg!m_fill,w_280,h_210,f_jpg?from=ke.com
20240131,房山,长阳,101121915250,天泰新景 1室1厅 南,220万,41253元/平,底层 (共6层) | 2008年 | 1室1厅 | 53.33平米 | 南,https://ke-image.ljcdn.com/110000-inspection/pc1_pk0jEjxhk.jpg!m_fill,w_280,h_210,f_jpg?from=ke.com
20240131,房山,长阳,101121914790,长阳半岛1号院明厨明卫采光充足万科精装,339万,38306元/平,高楼层 (共21层) | 2012年 | 2室1厅 | 88.5平米 | 西南 北,https://ke-image.ljcdn.com/110000-inspection/pc1_idEuXY1pf_1.jpg!m_fill,w_280,h_210,f_jpg?from=ke.com
20240131,房山,长阳,101121909878,铭品嘉苑 2室1厅 南,251万,27696元/平,中楼层 (共22层) 2室1厅 | 90.63平米 | 南,https://ke-image.ljcdn.com/110000-inspection/pc1_C7yFUOL4k.jpg!m_fill,w_280,h_210,f_jpg?from=ke.com
20240131,房山,长阳,101121905560,铭品嘉苑 1室1厅 南,199万,28260元/平,低楼层 (共20层) 1室1厅 | 70.42平米 | 南,https://ke-image.ljcdn.com/110000-inspection/pc1_onB3tx1m7_1.jpg!m_fill,w_280,h_210,f_jpg?from=ke.com
20240131,房山,长阳,101121905046,国际花园2号院房山长阳篱笆房,330万,36950元/平,高楼层 (共18层) | 2014年 | 3室1厅 | 89.31平米 | 南 北,https://ke-image.ljcdn.com/110000-inspection/pc1_6nycMRCJV.jpg!m_fill,w_280,h_210,f_jpg?from=ke.com
20240131,房山,长阳,101121904587,首创新悦都一区 精装修 南北东通透,383万,44064元/平,中楼层 (共9层) | 2015年 | 3室2厅 | 86.92平米 | 东 南 北,https://ke-image.ljcdn.com/110000-inspection/pc1_Zq8M9RzvC.jpg!m_fill,w_280,h_210,f_jpg?from=ke.com
20240131,房山,长阳,101121903226,碧波园 3室2厅 南 北,260万,20308元/平,顶层 (共6层) | 2004年 | 3室2厅 | 128.03平米 | 南 北,https://ke-image.ljcdn.com/110000-inspection/pc1_L8VOc7uGn_1.jpg!m_fill,w_280,h_210,f_jpg?from=ke.com
20240131,房山,长阳,101121901352,碧桂园小区C区 南北三居室双卫 一梯两户 满五年,359万,29020元/平,中楼层 (共15层) | 2007年 | 3室2厅 | 123.71平米 | 南 北,https://ke-image.ljcdn.com/110000-inspection/c1dea8dd-65e0-43d9-8e1a-ebe5b616b9c1_1000.jpg!m_fill,w_280,h_210,f_jpg?from=ke.com
20240131,房山,长阳,101121900829,首创新悦都一区 全明西边户  满五年唯一,375万,42402元/平,高楼层 (共17层) | 2012年 | 3室1厅 | 88.44平米 | 南 北,https://ke-image.ljcdn.com/110000-inspection/cce45203-54c8-4aff-a723-4bfaa82219bf_1000.jpg!m_fill,w_280,h_210,f_jpg?from=ke.com
20240131,房山,长阳,101121897984,铭品嘉苑  房龄新  楼间距大 配套齐全,360万,39722元/平,高楼层 (共22层) 2室1厅 | 90.63平米 | 南,https://ke-image.ljcdn.com/110000-inspection/pc1_UsC0fIzb6.jpg!m_fill,w_280,h_210,f_jpg?from=ke.com
20240131,房山,长阳,101121891831,加州水郡四期 2室1厅 东 南,255万,29103元/平,低楼层 (共15层) 2室1厅 | 87.62平米 | 东 南,https://ke-image.ljcdn.com/110000-inspection/dbc628d5-ccf7-4890-928b-1fc0c433c87e_1000.jpg!m_fill,w_280,h_210,f_jpg?from=ke.com
20240131,房山,长阳,101121890084,新上 长阳站 南向两居室 满五年 随时签约 价可谈,185万,33388元/平,低楼层 (共22层) | 2014年 | 2室1厅 | 55.41平米 | 南,https://ke-image.ljcdn.com/110000-inspection/pc1_XcOZH5Vr6_1.jpg!m_fill,w_280,h_210,f_jpg?from=ke.com
20240131,房山,长阳,101121889611,九洲溪雅苑一区 南北通透 户型方正 大客厅 无遮挡,425万,27194元/平,高楼层 (共12层) | 2009年 | 3室2厅 | 156.29平米 | 南 北,https://ke-image.ljcdn.com/110000-inspection/77b32b66-65a6-49d9-bb58-e968bfc2d443_1000.jpg!m_fill,w_280,h_210,f_jpg?from=ke.com
20240131,房山,长阳,101121888116,原香小镇一区南北全明两居 满五年唯一 不临街,285万,32295元/平,中楼层 (共10层) | 2010年 | 2室1厅 | 88.25平米 | 南 北,https://ke-image.ljcdn.com/110000-inspection/pc1_M6NXgT3im_2.jpg!m_fill,w_280,h_210,f_jpg?from=ke.com
20240131,房山,长阳,101121885284,长阳小户型交通便利商业配套齐全产权清晰房主自荐,200万,37930元/平,底层 (共18层) | 2014年 | 2室1厅 | 52.73平米 | 北 南,https://ke-image.ljcdn.com/110000-inspection/pc1_vyW8Mnojb_1.jpg!m_fill,w_280,h_210,f_jpg?from=ke.com
20240131,房山,长阳,101121880710,此房满五年全南2居室户型好小区地暖 精装修自住,375万,39920元/平,低楼层 (共16层) | 2014年 | 2室1厅 | 93.94平米 | 南,https://ke-image.ljcdn.com/110000-inspection/pc1_TVKZY72P1.jpg!m_fill,w_280,h_210,f_jpg?from=ke.com
20240131,房山,长阳,101121879765,九洲溪雅苑二区 南北通透 中间楼层 视野开阔 采光好,328万,30318元/平,高楼层 (共14层) | 2009年 | 2室1厅 | 108.19平米 | 南 北,https://ke-image.ljcdn.com/110000-inspection/pc1_to60fY63s.jpg!m_fill,w_280,h_210,f_jpg?from=ke.com
20240131,房山,长阳,101121879275,碧桂园小区二区 3室1厅 南 北,275万,26617元/平,中楼层 (共6层) | 2004年 | 3室1厅 | 103.32平米 | 南 北,https://ke-image.ljcdn.com/110000-inspection/pc1_SbWlhixwg.jpg!m_fill,w_280,h_210,f_jpg?from=ke.com
20240131,房山,长阳,101121877235,国际花园4号院  自住精装修 看房方便,330万,36860元/平,底层 (共18层) 3室1厅 | 89.53平米 | 南 北,https://ke-image.ljcdn.com/110000-inspection/pc1_JRX9VVanF.jpg!m_fill,w_280,h_210,f_jpg?from=ke.com
20240131,房山,长阳,101121876571,碧波园 优质两居室双明卫满五唯一诚心出售,249万,22314元/平,顶层 (共6层) | 2002年 | 2室1厅 | 111.59平米 | 南 北,https://ke-image.ljcdn.com/110000-inspection/pc1_GrUgSJfig.jpg!m_fill,w_280,h_210,f_jpg?from=ke.com
20240131,房山,长阳,101121870263,满五唯一全南一居高楼层采光视野好房主自荐,168万,28665元/平,中楼层 (共15层) | 2009年 | 1室1厅 | 58.61平米 | 南,https://ke-image.ljcdn.com/110000-inspection/pc1_SC9t6pbtg.jpg!m_fill,w_280,h_210,f_jpg?from=ke.com
20240131,房山,长阳,101121860807,南北通透自住装修看房提前联系楼层采光视野好,255万,27352元/平,高楼层 (共6层) | 2005年 | 2室2厅 | 93.23平米 | 南 北,https://ke-image.ljcdn.com/110000-inspection/pc1_JWEO2R4Jh.jpg!m_fill,w_280,h_210,f_jpg?from=ke.com
20240131,房山,长阳,101121859682,加州水郡三期 2室1厅 南 北,265万,31874元/平,低楼层 (共15层) 2室1厅 | 83.14平米 | 南 北,https://ke-image.ljcdn.com/110000-inspection/pc1_jH0EB9psW.jpg!m_fill,w_280,h_210,f_jpg?from=ke.com
20240131,房山,长阳,101121859085,全明正规一居方正好户型采光充足满五唯一,184万,32304元/平,中楼层 (共14层) | 2010年 | 1室1厅 | 56.96平米 | 西北,https://ke-image.ljcdn.com/110000-inspection/pc1_8PwfVw1xd.jpg!m_fill,w_280,h_210,f_jpg?from=ke.com
20240131,房山,长阳,101121856725,九洲溪雅苑二区南北三居满五唯一看房随时。,415万,26228元/平,低楼层 (共14层) 3室1厅 | 158.23平米 | 南 北,https://ke-image.ljcdn.com/110000-inspection/pc1_ICGJG9N2p.jpg!m_fill,w_280,h_210,f_jpg?from=ke.com
20240131,房山,长阳,101121848377,楼层好采光好靠近西门进出方便。,248万,36589元/平,高楼层 (共18层) | 2016年 | 1室1厅 | 67.78平米 | 南,https://ke-image.ljcdn.com/110000-inspection/pc1_F1YRa8Dru_1.jpg!m_fill,w_280,h_210,f_jpg?from=ke.com
20240131,房山,长阳,101121847447,万科物业满二年小区新看房方便,355万,40136元/平,低楼层 (共10层) | 2015年 | 2室1厅 | 88.45平米 | 南,https://ke-image.ljcdn.com/110000-inspection/pc1_S7yfH7hfg_2.jpg!m_fill,w_280,h_210,f_jpg?from=ke.com
20240131,房山,长阳,101121840125,金地朗悦朗园 3室1厅 东南 北,420万,46923元/平,中楼层 (共12层) | 2013年 | 3室1厅 | 89.51平米 | 东南 北,https://ke-image.ljcdn.com/110000-inspection/pc1_HLhOGBkwS_1.jpg!m_fill,w_280,h_210,f_jpg?from=ke.com
20240131,房山,长阳,101121839931,九洲溪雅苑一区 南北通透 户型好 无遮挡   配套齐全,295万,27325元/平,中楼层 (共14层) | 2009年 | 2室1厅 | 107.96平米 | 南 北,https://ke-image.ljcdn.com/110000-inspection/pc1_6m2WrX1WS.jpg!m_fill,w_280,h_210,f_jpg?from=ke.com
20240131,房山,长阳,101121834618,铭品嘉苑 1室1厅 南,215万,30532元/平,高楼层 (共20层) | 2016年 | 1室1厅 | 70.42平米 | 南,https://ke-image.ljcdn.com/110000-inspection/pc1_IuiLlnMMD.jpg!m_fill,w_280,h_210,f_jpg?from=ke.com
20240131,房山,长阳,101121832809,芭蕾雨悦都南区 3室1厅 南 北,398万,44735元/平,中楼层 (共9层) | 2012年 | 3室1厅 | 88.97平米 | 南 北,https://ke-image.ljcdn.com/110000-inspection/pc1_DfqD3pKkA.jpg!m_fill,w_280,h_210,f_jpg?from=ke.com
20240131,房山,长阳,101121830754,中海寰宇视界 五环 精装修 智能科技 新房 三居室,550万,57322元/平,中楼层 (共12层) | 2022年 | 3室2厅 | 95.95平米 | 南 北,https://ke-image.ljcdn.com/110000-inspection/pc1_Mqow59yYo.jpg!m_fill,w_280,h_210,f_jpg?from=ke.com
20240131,房山,长阳,101121824511,建邦华庭西区人车分流一梯一户改善型大三居业主随时,650万,46736元/平,中楼层 (共18层) | 2014年 | 3室2厅 | 139.08平米 | 南 北,https://ke-image.ljcdn.com/110000-inspection/pc1_Trg95TySh_1.jpg!m_fill,w_280,h_210,f_jpg?from=ke.com
20240131,房山,长阳,101121824466,铭品嘉苑小区好装修好楼层好位置,325万,35861元/平,高楼层 (共22层) | 2016年 | 2室1厅 | 90.63平米 | 南,https://ke-image.ljcdn.com/110000-inspection/pc1_ymbe3MhE0.jpg!m_fill,w_280,h_210,f_jpg?from=ke.com
20240131,房山,长阳,101121823702,万科长阳天地5号院 3室1厅 南 北,480万,46593元/平,高楼层 (共21层) | 2016年 | 3室1厅 | 103.02平米 | 南 北,https://ke-image.ljcdn.com/110000-inspection/pc1_p6ByMIuNi_1.jpg!m_fill,w_280,h_210,f_jpg?from=ke.com
20240131,房山,长阳,101121822350,万科新里程59号院3-1-1-1 102.58m²,465万,45331元/平,中楼层 (共12层) | 2015年 | 3室1厅 | 102.58平米 | 南 北,https://ke-image.ljcdn.com/110000-inspection/pc1_HRrHDphWz_1.jpg!m_fill,w_280,h_210,f_jpg?from=ke.com
20240131,房山,长阳,101121819179,加州水郡三期 满五唯一 位置安静 诚意出售 看房方便,195万,28584元/平,底层 (共11层) | 2010年 | 1室1厅 | 68.22平米 | 东 南,https://ke-image.ljcdn.com/110000-inspection/pc1_pEdiDsl5Z_1.jpg!m_fill,w_280,h_210,f_jpg?from=ke.com
20240131,房山,长阳,101121818370,此房满五唯一 无遮挡 南北通透 交通便利 全明格局,310万,35312元/平,中楼层 (共30层) 3室1厅 | 87.79平米 | 南 西 北,https://ke-image.ljcdn.com/110000-inspection/pc1_c0cscsYTj_1.jpg!m_fill,w_280,h_210,f_jpg?from=ke.com
20240131,房山,长阳,101121818253,长阳半岛1号院满五唯一采光充足万科精装,360万,40821元/平,高楼层 (共21层) | 2012年 | 2室1厅 | 88.19平米 | 南 西 北,https://ke-image.ljcdn.com/110000-inspection/pc1_BS8EpHigH.jpg!m_fill,w_280,h_210,f_jpg?from=ke.com
20240131,房山,长阳,101121812650,首开熙悦山澜庭 高楼层 南北两居,317万,42838元/平,高楼层 (共21层) | 2014年 | 2室1厅 | 74平米 | 南 北,https://ke-image.ljcdn.com/110000-inspection/pc1_C8iPZgsdx_1.jpg!m_fill,w_280,h_210,f_jpg?from=ke.com
20240131,房山,长阳,101121811485,金地朗悦悦园 高楼层两居室南向全明格局,365万,45449元/平,高楼层 (共15层) | 2013年 | 2室1厅 | 80.31平米 | 南,https://ke-image.ljcdn.com/110000-inspection/pc1_RUw5gtp4f.jpg!m_fill,w_280,h_210,f_jpg?from=ke.com
20240131,房山,长阳,101121810121,大宁山庄四区 带电梯 南北通透 大两居,430万,36974元/平,中楼层 (共6层) 2室1厅 | 116.3平米 | 南 北,https://ke-image.ljcdn.com/110000-inspection/pc1_T9nQuHFsH.jpg!m_fill,w_280,h_210,f_jpg?from=ke.com
20240131,房山,长阳,101121808147,加州水郡三期 2室1厅 南 北,255万,30182元/平,中楼层 (共15层) 2室1厅 | 84.49平米 | 南 北,https://ke-image.ljcdn.com/110000-inspection/pc1_AzAMyZDwS.jpg!m_fill,w_280,h_210,f_jpg?from=ke.com
20240131,房山,长阳,101121807880,满五唯一高楼层自住保持好看房随时,215万,39552元/平,高楼层 (共28层) | 2014年 | 2室1厅 | 54.36平米 | 南,https://ke-image.ljcdn.com/110000-inspection/pc1_BmV7LDvWG.jpg!m_fill,w_280,h_210,f_jpg?from=ke.com
20240131,房山,长阳,101121804602,长阳半岛怡和南路10号院 2室1厅 南房主自荐,420万,48077元/平,高楼层 (共15层) | 2015年 | 2室1厅 | 87.36平米 | 南,https://ke-image.ljcdn.com/110000-inspection/pc1_5lIFEyPA6.jpg!m_fill,w_280,h_210,f_jpg?from=ke.com
20240131,房山,长阳,101121803828,长阳半岛怡和路1号院 满五唯一 业主诚心出售,385万,46031元/平,底层 (共12层) | 2014年 | 2室1厅 | 83.64平米 | 南 北,https://ke-image.ljcdn.com/110000-inspection/pc1_LKfDyQqaY.jpg!m_fill,w_280,h_210,f_jpg?from=ke.com
20240131,房山,长阳,101121802023,长阳半岛怡和路3号院 采光好出行方便 经典两居室,410万,47443元/平,中楼层 (共18层) | 2014年 | 2室1厅 | 86.42平米 | 南,https://ke-image.ljcdn.com/110000-inspection/pc1_gv0yStHVk.jpg!m_fill,w_280,h_210,f_jpg?from=ke.com
20240131,房山,长阳,101121799011,国际花园2号院 新上房源 全明格局 满五唯一 随时看房,321万,36003元/平,高楼层 (共18层) | 2014年 | 3室1厅 | 89.16平米 | 南 北,https://ke-image.ljcdn.com/110000-inspection/3e14f4e0-07b5-4425-92db-9ccde1cceeed_1000.jpg!m_fill,w_280,h_210,f_jpg?from=ke.com
20240131,房山,长阳,101121798999,铭品嘉苑 精装 南北两居 全明格局,257.5万,29199元/平,低楼层 (共20层) | 2016年 | 2室1厅 | 88.19平米 | 南 北,https://ke-image.ljcdn.com/110000-inspection/pc1_WWCm97yvP_1.jpg!m_fill,w_280,h_210,f_jpg?from=ke.com
20240131,房山,长阳,101121798001,加州水郡三期南向2居自住 全部二次装修,249万,27345元/平,低楼层 (共15层) | 2010年 | 2室1厅 | 91.06平米 | 南,https://ke-image.ljcdn.com/110000-inspection/pc1_jXnWrbe9O.jpg!m_fill,w_280,h_210,f_jpg?from=ke.com
20240131,房山,长阳,101121796435,加州水郡两居小区好户型 南北全通透户型独立餐厅房主自荐,276万,31645元/平,中楼层 (共11层) | 2010年 | 2室2厅 | 87.22平米 | 南 北,https://ke-image.ljcdn.com/110000-inspection/pc1_SqRzZjS9m.jpg!m_fill,w_280,h_210,f_jpg?from=ke.com
20240131,房山,长阳,101121795382,碧桂园小区A区 低楼层南北通透两居室,236万,26061元/平,低楼层 (共6层) 2室1厅 | 90.56平米 | 南 北,https://ke-image.ljcdn.com/110000-inspection/7863b875-0bcf-4a55-b0b1-7a3030320714_1000.jpg!m_fill,w_280,h_210,f_jpg?from=ke.com
20240131,房山,长阳,101121794251,金地朗悦悦园 电梯洋房 南向户型 满五唯一 视野开阔,380万,46920元/平,中楼层 (共11层) | 2013年 | 2室1厅 | 80.99平米 | 南,https://ke-image.ljcdn.com/110000-inspection/pc1_Z6VY3K5pB_1.jpg!m_fill,w_280,h_210,f_jpg?from=ke.com
20240131,房山,长阳,101121791627,长阳半岛4号院 3室1厅 南 北,500万,51954元/平,低楼层 (共9层) 3室1厅 | 96.24平米 | 南 北,https://ke-image.ljcdn.com/110000-inspection/pc1_C0SCVQUKQ_1.jpg!m_fill,w_280,h_210,f_jpg?from=ke.com
20240131,房山,长阳,101121790398,双南采光好诚心出售万科精装；,374万,41746元/平,中楼层 (共28层) | 2012年 | 2室1厅 | 89.59平米 | 南,https://ke-image.ljcdn.com/110000-inspection/pc1_YEMjW5I6e_1.jpg!m_fill,w_280,h_210,f_jpg?from=ke.com
20240131,房山,长阳,101121786576,康泽佳苑南区毛坯2居西南向采光好楼层佳满五唯一诚售,170万,31907元/平,中楼层 (共28层) | 2014年 | 2室1厅 | 53.28平米 | 西南,https://ke-image.ljcdn.com/110000-inspection/pc1_snTc5zmlV.jpg!m_fill,w_280,h_210,f_jpg?from=ke.com
20240131,房山,长阳,101121781849,康泽佳苑南区精装2居南北通透满五唯一楼层好位置佳,178万,33346元/平,低楼层 (共18层) | 2014年 | 2室1厅 | 53.38平米 | 北 南,https://ke-image.ljcdn.com/110000-inspection/2e573213-a156-4f45-b559-dfde2edf83a0_1000.jpg!m_fill,w_280,h_210,f_jpg?from=ke.com
20240131,房山,长阳,101121780873,南北通透精装修保持好 楼层好 位置好 无遮挡采光好,310万,35013元/平,底层 (共11层) | 2016年 | 2室1厅 | 88.54平米 | 南 北,https://ke-image.ljcdn.com/110000-inspection/pc1_WlJo1zNLz.jpg!m_fill,w_280,h_210,f_jpg?from=ke.com
20240131,房山,长阳,101121780639,《长阳地铁站精装修高楼层南向两居室业主诚售》房主自荐,310万,39421元/平,高楼层 (共20层) | 2012年 | 2室1厅 | 78.64平米 | 南 北,https://ke-image.ljcdn.com/110000-inspection/pc1_GTbY21wvB.jpg!m_fill,w_280,h_210,f_jpg?from=ke.com
20240131,房山,长阳,101121776546,首开熙悦山澜庭 全明格局 南北通透带书房,395万,43889元/平,低楼层 (共21层) | 2014年 | 2室1厅 | 90平米 | 南 北,https://ke-image.ljcdn.com/110000-inspection/pc1_SYnNk2p0c.jpg!m_fill,w_280,h_210,f_jpg?from=ke.com
20240131,房山,长阳,101121774747,原香小镇一区南北通透两居一梯两户小区中间位置,248万,33541元/平,顶层 (共10层) | 2010年 | 2室1厅 | 73.94平米 | 南 北,https://ke-image.ljcdn.com/110000-inspection/pc1_d8mxkugD0_2.jpg!m_fill,w_280,h_210,f_jpg?from=ke.com
20240131,房山,长阳,101121767424,满五唯一商品房诚心出售全南向正规一居,170万,24141元/平,高楼层 (共20层) 1室1厅 | 70.42平米 | 南,https://ke-image.ljcdn.com/110000-inspection/pc1_urKz2pXMu.jpg!m_fill,w_280,h_210,f_jpg?from=ke.com
20240131,房山,长阳,101121760902,《聚焦房源》诚心出售 随时签约 随时看房,195万,36738元/平,低楼层 (共28层) | 2014年 | 2室1厅 | 53.08平米 | 南 北,https://ke-image.ljcdn.com/110000-inspection/pc1_cjklCMEOj_1.jpg!m_fill,w_280,h_210,f_jpg?from=ke.com
20240131,房山,长阳,101121757635,首开熙悦山澜庭 改善家庭大户型,623万,44060元/平,高楼层 (共18层) | 2015年 | 3室2厅 | 141.4平米 | 南 北,https://ke-image.ljcdn.com/110000-inspection/pc1_WD1XhY84v_2.jpg!m_fill,w_280,h_210,f_jpg?from=ke.com
20240131,房山,长阳,101121751974,长阳国际城二区 精装修 两居室 低楼层 出行方便房主自荐,350万,44507元/平,低楼层 (共20层) | 2012年 | 2室1厅 | 78.64平米 | 南,https://ke-image.ljcdn.com/110000-inspection/pc1_0V6slxzJ6.jpg!m_fill,w_280,h_210,f_jpg?from=ke.com
20240131,房山,长阳,101121745457,建邦西区三居室满五精装修唯一住房看房方便。,523万,47314元/平,低楼层 (共9层) | 2014年 | 3室1厅 | 110.54平米 | 南 北,https://ke-image.ljcdn.com/110000-inspection/pc1_k1VdRSPI5.jpg!m_fill,w_280,h_210,f_jpg?from=ke.com
20240131,房山,长阳,101121741411,正规3居南北通透户型格局好高楼层！,528万,51578元/平,中楼层 (共11层) | 2016年 | 3室1厅 | 102.37平米 | 南 北,https://ke-image.ljcdn.com/110000-inspection/pc1_5Ofhg6W1O.jpg!m_fill,w_280,h_210,f_jpg?from=ke.com
20240131,房山,长阳,101121740371,绿地花都苑南北高楼层三居室 满五年唯一,339万,33809元/平,中楼层 (共14层) | 2012年 | 3室1厅 | 100.27平米 | 南 北,https://ke-image.ljcdn.com/110000-inspection/7206394f-bdf5-4e7f-99da-0eb432eb6e45_1000.jpg!m_fill,w_280,h_210,f_jpg?from=ke.com
20240131,房山,长阳,101121733374,紫云家园  边户三居明厨明卫 看房随时,510万,47114元/平,中楼层 (共11层) | 2016年 | 3室1厅 | 108.25平米 | 南 北,https://ke-image.ljcdn.com/110000-inspection/pc1_gAoZiNrq9.jpg!m_fill,w_280,h_210,f_jpg?from=ke.com
20240131,房山,长阳,101121732902,北京城建·广悦居南北向两居室  诚意出售 看房随时,270万,33445元/平,高楼层 (共24层) | 2016年 | 2室1厅 | 80.73平米 | 南 北,https://ke-image.ljcdn.com/110000-inspection/pc1_tub8nqGNc_1.jpg!m_fill,w_280,h_210,f_jpg?from=ke.com
20240131,房山,长阳,101121730658,长阳半岛怡和路3号院精装四居业主诚意出售房主自荐,640万,45326元/平,低楼层 (共11层) | 2014年 | 4室1厅 | 141.2平米 | 南 北,https://ke-image.ljcdn.com/110000-inspection/pc1_HesqaOGrh.jpg!m_fill,w_280,h_210,f_jpg?from=ke.com
20240131,房山,长阳,101121730183,首开熙悦山澜庭 满五一套 三面朝阳精装修可直接入住,360万,42289元/平,低楼层 (共21层) | 2014年 | 2室1厅 | 85.13平米 | 南,https://ke-image.ljcdn.com/110000-inspection/pc1_vJ1df5bT2.jpg!m_fill,w_280,h_210,f_jpg?from=ke.com
20240131,房山,长阳,101121730011,此房满五唯一业主诚心出售。采光好楼层好,160万,37835元/平,中楼层 (共28层) | 2014年 | 1室1厅 | 42.29平米 | 西,https://ke-image.ljcdn.com/110000-inspection/pc1_6HAGUGKHC.jpg!m_fill,w_280,h_210,f_jpg?from=ke.com
20240131,房山,长阳,101121729964,建邦华庭东区 南北通透2居 满五年唯一 业主诚售,345万,39637元/平,中楼层 (共16层) 2室1厅 | 87.04平米 | 南 北,https://ke-image.ljcdn.com/110000-inspection/pc1_uNXidU6JA.jpg!m_fill,w_280,h_210,f_jpg?from=ke.com
20240131,房山,长阳,101121729736,（万科新里程59号院3-1-1-1 105.70m² 488 万）,488万,46169元/平,中楼层 (共15层) | 2015年 | 3室1厅 | 105.7平米 | 东南 北,https://ke-image.ljcdn.com/110000-inspection/pc1_xzBIB3kVS.jpg!m_fill,w_280,h_210,f_jpg?from=ke.com
20240131,房山,长阳,101121721828,长阳半岛祥云街3号院 诚心出售 看房方便房主自荐,316万,37357元/平,中楼层 (共5层) | 2013年 | 2室1厅 | 84.59平米 | 东,https://ke-image.ljcdn.com/110000-inspection/pc1_38eHjDNRQ_1.jpg!m_fill,w_280,h_210,f_jpg?from=ke.com
20240131,房山,长阳,101121718854,建邦华庭东区 2室2厅 东南房主自荐,380万,38959元/平,底层 (共7层) 2室2厅 | 97.54平米 | 东南,https://ke-image.ljcdn.com/110000-inspection/pc1_auYXgM1Pd.jpg!m_fill,w_280,h_210,f_jpg?from=ke.com
20240131,房山,长阳,101121713291,婚房精装修满五唯一无遮挡南北通透大两居,373万,41977元/平,低楼层 (共16层) 2室1厅 | 88.86平米 | 南 北,https://ke-image.ljcdn.com/110000-inspection/pc1_Trlm7Swi8.jpg!m_fill,w_280,h_210,f_jpg?from=ke.com
20240131,房山,长阳,101121712098,新悦都二区东西通透全明格局满五唯一拎包入住房主自荐,288万,41108元/平,中楼层 (共9层) 2室1厅 | 70.06平米 | 东 西,https://ke-image.ljcdn.com/110000-inspection/pc1_wYAfc9QqQ_1.jpg!m_fill,w_280,h_210,f_jpg?from=ke.com
20240131,房山,长阳,101121711769,原香小镇二区全明格局南北通透,305万,40489元/平,顶层 (共6层) | 2010年 | 2室1厅 | 75.33平米 | 南 北,https://ke-image.ljcdn.com/110000-inspection/pc1_XPxKwSNEn.jpg!m_fill,w_280,h_210,f_jpg?from=ke.com
20240131,房山,长阳,101121708768,康泽佳苑南区精装修两居中间楼层价格可谈,175万,32846元/平,中楼层 (共28层) | 2014年 | 2室1厅 | 53.28平米 | 东南,https://ke-image.ljcdn.com/110000-inspection/pc1_s7E0fx68z.jpg!m_fill,w_280,h_210,f_jpg?from=ke.com
20240131,房山,长阳,101121707273,满五年唯一  一梯一户 独立餐厅 位置好 无噪音房主自荐,356万,24551元/平,低楼层 (共14层) | 2009年 | 3室2厅 | 145.01平米 | 西南 北,https://ke-image.ljcdn.com/110000-inspection/pc1_Otm1RoEjN.jpg!m_fill,w_280,h_210,f_jpg?from=ke.com
20240131,房山,长阳,101121704474,长龙苑小区 满五唯一大三居 2层楼层好采光好,290万,25608元/平,低楼层 (共6层) | 2002年 | 3室1厅 | 113.25平米 | 南 北,https://ke-image.ljcdn.com/110000-inspection/pc1_vu1xbMJRr_1.jpg!m_fill,w_280,h_210,f_jpg?from=ke.com
20240131,房山,长阳,101121695750,世茂维拉 二次精装修 看房方便 只有一个契税 拎包入住房主自荐,225万,28460元/平,底层 (共16层) | 2015年 | 2室1厅 | 79.06平米 | 东 西,https://ke-image.ljcdn.com/110000-inspection/pc1_H0dmcTSg5_2.jpg!m_fill,w_280,h_210,f_jpg?from=ke.com
20240131,房山,长阳,101121694322,长阳地铁站满五唯一中国铁建南向两居室安静,335万,41246元/平,顶层 (共20层) 2室1厅 | 81.22平米 | 南 北,https://ke-image.ljcdn.com/110000-inspection/pc1_iM8UHkf2U.jpg!m_fill,w_280,h_210,f_jpg?from=ke.com
20240131,房山,长阳,101121691123,加州水郡三期 2室1厅 南 北,275万,32342元/平,中楼层 (共11层) | 2010年 | 2室1厅 | 85.03平米 | 南 北,https://ke-image.ljcdn.com/110000-inspection/a8baddfb-179f-4157-b435-cc37f13f5c60_1000.jpg!m_fill,w_280,h_210,f_jpg?from=ke.com
20240131,房山,长阳,101121686132,国际花园4号院 精装修三居室 视野开阔没遮挡,360万,40395元/平,中楼层 (共18层) | 2014年 | 3室1厅 | 89.12平米 | 南 北,https://ke-image.ljcdn.com/110000-inspection/pc1_cfb70PWFS.jpg!m_fill,w_280,h_210,f_jpg?from=ke.com
20240131,房山,长阳,101121685637,万科新里程59号院 南北2居 满5年唯一 良乡大学城北站,385万,43123元/平,低楼层 (共15层) | 2015年 | 2室1厅 | 89.28平米 | 南 北,https://ke-image.ljcdn.com/110000-inspection/pc1_P4HWAAp4H_2.jpg!m_fill,w_280,h_210,f_jpg?from=ke.com
20240131,房山,长阳,101121683688,长阳半岛4号院 南北通透 万科精装修,405万,46870元/平,低楼层 (共17层) | 2012年 | 2室1厅 | 86.41平米 | 南 北,https://ke-image.ljcdn.com/110000-inspection/pc1_JK6VVrlRT_1.jpg!m_fill,w_280,h_210,f_jpg?from=ke.com
20240131,房山,长阳,101121675655,人车分流 满五唯一 精装 楼层高 带八角窗采光亮,410万,44248元/平,高楼层 (共16层) 2室1厅 | 92.66平米 | 南,https://ke-image.ljcdn.com/110000-inspection/pc1_94OpTtnLj.jpg!m_fill,w_280,h_210,f_jpg?from=ke.com
20240131,房山,长阳,101121666404,此房满五唯一 南北通透 采光好 交通便利  近地铁,198万,37401元/平,中楼层 (共18层) 2室1厅 | 52.94平米 | 南 北,https://ke-image.ljcdn.com/110000-inspection/pc1_SQr66XU1D.jpg!m_fill,w_280,h_210,f_jpg?from=ke.com
20240131,房山,长阳,101121665825,首开熙悦山澜庭满五唯一婚房精装修楼层好位置好！,399万,47489元/平,中楼层 (共21层) | 2014年 | 2室1厅 | 84.02平米 | 南,https://ke-image.ljcdn.com/110000-inspection/pc1_yNDaM5Rk1.jpg!m_fill,w_280,h_210,f_jpg?from=ke.com
20240131,房山,长阳,101121660118,加州水郡三期 3室2厅 西南 北房主自荐,355万,24537元/平,底层 (共14层) 3室2厅 | 144.68平米 | 西南 北,https://ke-image.ljcdn.com/110000-inspection/95b2b0b2-036f-447c-905a-45d91e8e4fea_1000.jpg!m_fill,w_280,h_210,f_jpg?from=ke.com
20240131,房山,长阳,101121657743,店长推荐长景新园南北通透高楼层采光好两居室,284万,35492元/平,高楼层 (共11层) | 2011年 | 2室1厅 | 80.02平米 | 南 北,https://ke-image.ljcdn.com/110000-inspection/pc1_2s58ZLRy4.jpg!m_fill,w_280,h_210,f_jpg?from=ke.com
20240131,房山,长阳,101121650146,碧桂园温泉小区二期南北通透两居室,250万,28109元/平,中楼层 (共6层) | 2004年 | 2室1厅 | 88.94平米 | 南 北,https://ke-image.ljcdn.com/110000-inspection/pc1_Rcn0w9fFl.jpg!m_fill,w_280,h_210,f_jpg?from=ke.com
20240131,房山,长阳,101121649941,此房满五唯一采光好离地铁1.2公里市里通勤方便,189万,31856元/平,低楼层 (共15层) | 2017年 | 1室1厅 | 59.33平米 | 西,https://ke-image.ljcdn.com/110000-inspection/pc1_iTmE03sgf.jpg!m_fill,w_280,h_210,f_jpg?from=ke.com
20240131,房山,长阳,101121644093,长阳半岛怡和路1号院 精装修明厨明卫三居室 满五唯一,468万,46127元/平,低楼层 (共18层) 3室1厅 | 101.46平米 | 南 北,https://ke-image.ljcdn.com/110000-inspection/pc1_CpWODuYET_2.jpg!m_fill,w_280,h_210,f_jpg?from=ke.com
20240131,房山,长阳,101121643133,长阳半岛怡和路6号院 诚心出售 看房方便,718万,44071元/平,高楼层 (共15层) | 2014年 | 3室2厅 | 162.92平米 | 南 北,https://ke-image.ljcdn.com/110000-inspection/pc1_nyZN9SxJg_1.jpg!m_fill,w_280,h_210,f_jpg?from=ke.com
20240131,房山,长阳,101121638145,大宁山庄四区 1室1厅 南 北,218万,40649元/平,顶层 (共6层) | 2010年 | 1室1厅 | 53.63平米 | 南 北,https://ke-image.ljcdn.com/110000-inspection/pc1_Ds4fET15F.jpg!m_fill,w_280,h_210,f_jpg?from=ke.com
20240131,房山,长阳,101121631530,首创新悦都二区 满五年唯一 精装修 南北双通透 高楼层,310万,41169元/平,高楼层 (共18层) | 2014年 | 2室1厅 | 75.3平米 | 南 北,https://ke-image.ljcdn.com/110000-inspection/pc1_Y1ta6cSGa.jpg!m_fill,w_280,h_210,f_jpg?from=ke.com
20240131,房山,长阳,101121629120,康泽佳苑南区精装1居西向户型方正采光好楼层佳户型佳,160万,38050元/平,低楼层 (共28层) | 2014年 | 1室1厅 | 42.05平米 | 西,https://ke-image.ljcdn.com/110000-inspection/pc1_3T5TH578z.jpg!m_fill,w_280,h_210,f_jpg?from=ke.com
20240131,房山,长阳,101121627236,三期满五唯一中间楼《40w精装修》满五年唯一住房,492万,53789元/平,高楼层 (共6层) | 2014年 | 3室1厅 | 91.47平米 | 南 北,https://ke-image.ljcdn.com/110000-inspection/pc1_IQH3FQGR4_1.jpg!m_fill,w_280,h_210,f_jpg?from=ke.com
20240131,房山,长阳,101121623590,（国誉府3-2-1-2 143.37m² 669 万）,645万,44989元/平,中楼层 (共19层) | 2017年 | 3室2厅 | 143.37平米 | 南 北,https://ke-image.ljcdn.com/110000-inspection/pc1_nnmzwZFG5_1.jpg!m_fill,w_280,h_210,f_jpg?from=ke.com
20240131,房山,长阳,101121623569,康泽佳苑南区精装2居南北通透满五唯一楼层好位置佳,196万,37024元/平,中楼层 (共18层) | 2014年 | 2室1厅 | 52.94平米 | 南 北,https://ke-image.ljcdn.com/110000-inspection/pc1_1ZCJHxdVb.jpg!m_fill,w_280,h_210,f_jpg?from=ke.com
20240131,房山,长阳,101121621120,五矿名品精装修南北通透大三居,590万,41904元/平,中楼层 (共10层) | 2016年 | 3室1厅 | 140.8平米 | 南 北,https://ke-image.ljcdn.com/110000-inspection/pc1_asOfJMptb_1.jpg!m_fill,w_280,h_210,f_jpg?from=ke.com
20240131,房山,长阳,101121618973,《好房推荐》满五年唯一3居边户全明户型,315万,35469元/平,低楼层 (共18层) 3室1厅 | 88.81平米 | 南 北,https://ke-image.ljcdn.com/110000-inspection/pc1_zyHigBK0D.jpg!m_fill,w_280,h_210,f_jpg?from=ke.com
20240131,房山,长阳,101121618969,京投万科金域公园 2室1厅 南,365万,40879元/平,中楼层 (共10层) | 2015年 | 2室1厅 | 89.29平米 | 南,https://ke-image.ljcdn.com/110000-inspection/pc1_joL9V6rN0.jpg!m_fill,w_280,h_210,f_jpg?from=ke.com
20240131,房山,长阳,101121617192,天泰新景家园 业主诚心出售 看房方便房主自荐,256万,28135元/平,中楼层 (共6层) | 2002年 | 2室1厅 | 90.99平米 | 南 北,https://ke-image.ljcdn.com/110000-inspection/pc1_2XZVU77uq.jpg!m_fill,w_280,h_210,f_jpg?from=ke.com
20240131,房山,长阳,101121613053,长阳国际城一区 全明格局 楼间距大 采光好 满五唯一房主自荐,428万,47972元/平,低楼层 (共20层) 3室1厅 | 89.22平米 | 南 北 东,https://ke-image.ljcdn.com/110000-inspection/9abbebcc-5015-41df-b25b-da44f9bfd002_1000.jpg!m_fill,w_280,h_210,f_jpg?from=ke.com
20240131,房山,长阳,101121610180,加州水郡四期 户型方正 位置好 出行方便 配套齐全,207万,23590元/平,低楼层 (共14层) 2室1厅 | 87.75平米 | 西北,https://ke-image.ljcdn.com/110000-inspection/pc1_AiWNVuPgb_2.jpg!m_fill,w_280,h_210,f_jpg?from=ke.com
20240131,房山,长阳,101121600465,长阳半岛怡和路6号院  满五年唯一诚心出售,725万,44482元/平,中楼层 (共15层) | 2015年 | 3室2厅 | 162.99平米 | 南 北,https://ke-image.ljcdn.com/110000-inspection/pc1_3xn6Io2BI.jpg!m_fill,w_280,h_210,f_jpg?from=ke.com
20240131,房山,长阳,101121597609,业主诚心出售满五唯一配套设施完善交通便利房主自荐,233万,26822元/平,高楼层 (共11层) | 2010年 | 2室1厅 | 86.87平米 | 东,https://ke-image.ljcdn.com/110000-inspection/pc1_BAKIJNle3.jpg!m_fill,w_280,h_210,f_jpg?from=ke.com
20240131,房山,长阳,101121590615,万科长阳天地5号院 3室1厅 南 北,450万,47151元/平,中楼层 (共11层) 3室1厅 | 95.44平米 | 南 北,https://ke-image.ljcdn.com/110000-inspection/pc1_xBsRQiwHa.jpg!m_fill,w_280,h_210,f_jpg?from=ke.com
20240131,房山,长阳,101121594176,绿地花都苑南北全明两居室 满五年唯一房主自荐,260万,28896元/平,底层 (共13层) 2室1厅 | 89.98平米 | 东 南 北,https://ke-image.ljcdn.com/110000-inspection/055b1c3d-0d4b-4f1e-91ca-28341c4f36b0_1000.jpg!m_fill,w_280,h_210,f_jpg?from=ke.com
20240131,房山,长阳,101121576848,万科新里程59号院2-1-1-1 89.28m²,389万,43571元/平,中楼层 (共15层) | 2015年 | 2室1厅 | 89.28平米 | 南 北,https://ke-image.ljcdn.com/110000-inspection/pc1_CQrrfipdc_1.jpg!m_fill,w_280,h_210,f_jpg?from=ke.com
20240131,房山,长阳,101121572528,房子满五唯一通透两居采光好。,329万,36946元/平,底层 (共21层) 2室1厅 | 89.05平米 | 东 西,https://ke-image.ljcdn.com/110000-inspection/pc1_GZLtEc7hJ_1.jpg!m_fill,w_280,h_210,f_jpg?from=ke.com
20240131,房山,长阳,101121571700,天资华府 高楼层 观景位置 临近长阳公园和奥特莱斯,435万,32818元/平,高楼层 (共18层) | 2015年 | 3室2厅 | 132.55平米 | 南 北,https://ke-image.ljcdn.com/110000-inspection/pc1_MDYJEgadH.jpg!m_fill,w_280,h_210,f_jpg?from=ke.com
20240131,房山,长阳,101121571264,大宁山庄四区 2室1厅 南 北,350万,35269元/平,顶层 (共6层) | 2010年 | 2室1厅 | 99.24平米 | 南 北,https://ke-image.ljcdn.com/110000-inspection/e4b590bc-8774-4d1c-9758-cc0c105b2b62_1000.jpg!m_fill,w_280,h_210,f_jpg?from=ke.com
20240131,房山,长阳,101121568560,徜徉嘉园5号院 南北3居 满五唯一 诚心出售,435万,48061元/平,中楼层 (共8层) | 2012年 | 3室1厅 | 90.51平米 | 南 北,https://ke-image.ljcdn.com/110000-inspection/fd1f4add-06d0-4870-847e-9fecec16a0a7_1000.jpg!m_fill,w_280,h_210,f_jpg?from=ke.com
20240131,房山,长阳,101121563573,国际花园4号院 2室1厅 南 北,340万,39508元/平,高楼层 (共18层) | 2014年 | 2室1厅 | 86.06平米 | 南 北,https://ke-image.ljcdn.com/110000-inspection/pc1_O17HQvf8q.jpg!m_fill,w_280,h_210,f_jpg?from=ke.com
20240131,房山,长阳,101121558071,长景新园 2室1厅 南 北,280万,35137元/平,中楼层 (共6层) | 2011年 | 2室1厅 | 79.69平米 | 南 北,https://ke-image.ljcdn.com/110000-inspection/pc1_hzegZEjtQ_1.jpg!m_fill,w_280,h_210,f_jpg?from=ke.com
20240131,房山,长阳,101121557715,加州水郡三期 中间楼层 视野采光好房主自荐,220万,25163元/平,中楼层 (共15层) | 2010年 | 2室1厅 | 87.43平米 | 西,https://ke-image.ljcdn.com/110000-inspection/pc1_Brom5RjQd.jpg!m_fill,w_280,h_210,f_jpg?from=ke.com
20240131,房山,长阳,101121553746,碧桂园小区C区 南北一居室 装修好 全明格局,220万,31857元/平,低楼层 (共16层) | 2007年 | 1室1厅 | 69.06平米 | 南 北,https://ke-image.ljcdn.com/110000-inspection/fd54f35a-784c-459a-b7f6-9c39902f07ee_1000.jpg!m_fill,w_280,h_210,f_jpg?from=ke.com
20240131,房山,长阳,101121549516,加州水郡三期 门口位置 满五唯一 全明格局 看房随时,312万,36078元/平,中楼层 (共11层) | 2009年 | 2室2厅 | 86.48平米 | 南 北,https://ke-image.ljcdn.com/110000-inspection/707b6be6-62f7-4757-8581-8cfe885498fe_1000.jpg!m_fill,w_280,h_210,f_jpg?from=ke.com
20240131,房山,长阳,101121546461,加州水郡四期 全南两居 中间楼层 诚心出售,236万,27497元/平,中楼层 (共14层) | 2011年 | 2室2厅 | 85.83平米 | 南,https://ke-image.ljcdn.com/110000-inspection/pc1_SnQ6TLToD.jpg!m_fill,w_280,h_210,f_jpg?from=ke.com
20240131,房山,长阳,101121545449,此房满五唯一业主诚心出售。采光好楼层好,200万,35759元/平,中楼层 (共22层) | 2014年 | 2室1厅 | 55.93平米 | 南,https://ke-image.ljcdn.com/110000-inspection/pc1_NDHstNeZ5.jpg!m_fill,w_280,h_210,f_jpg?from=ke.com
20240131,房山,长阳,101121543175,长阳温庄子家园南北通透2室2厅南北通透业主诚心出售房主自荐,316万,29638元/平,底层 (共6层) | 2003年 | 2室2厅 | 106.62平米 | 南 北,https://ke-image.ljcdn.com/110000-inspection/pc1_SXrsfvjWu_1.jpg!m_fill,w_280,h_210,f_jpg?from=ke.com
20240131,房山,长阳,101121540976,熹园南北通透三居室 诚心出售 随时看房,450万,44599元/平,低楼层 (共9层) | 2013年 | 3室1厅 | 100.9平米 | 南 北,https://ke-image.ljcdn.com/110000-inspection/pc1_EzNKthMks.jpg!m_fill,w_280,h_210,f_jpg?from=ke.com
20240131,房山,长阳,101121540542,建邦华庭西区 南北通透 店长推荐 精装修 看房方便,588万,40942元/平,底层 (共18层) 3室1厅 | 143.62平米 | 南 北,https://ke-image.ljcdn.com/110000-inspection/pc1_5sIiPElCx.jpg!m_fill,w_280,h_210,f_jpg?from=ke.com
20240131,房山,长阳,101121538002,长景新园南北通透两居室 大H户型,310万,33294元/平,中楼层 (共11层) | 2016年 | 2室1厅 | 93.11平米 | 南 北,https://ke-image.ljcdn.com/110000-inspection/pc1_wxn9gEWB8.jpg!m_fill,w_280,h_210,f_jpg?from=ke.com
20240131,房山,长阳,101121537642,芭蕾雨悦都北区、满五唯一、高楼层位置好不临街不临路,385万,43775元/平,中楼层 (共9层) | 2012年 | 3室1厅 | 87.95平米 | 南 北,https://ke-image.ljcdn.com/110000-inspection/dd76cddf-6858-41d2-93ae-36e5ff9e1286_1000.jpg!m_fill,w_280,h_210,f_jpg?from=ke.com
20240131,房山,长阳,101121536306,康泽佳苑满五唯一毛坯南北通透两居室,175万,33063元/平,顶层 (共18层) | 2014年 | 2室1厅 | 52.93平米 | 南 北,https://ke-image.ljcdn.com/110000-inspection/pc1_eQNpLaeNR_2.jpg!m_fill,w_280,h_210,f_jpg?from=ke.com
20240131,房山,长阳,101121536007,碧桂园小区A区 3室1厅 南 北,260万,23517元/平,高楼层 (共6层) | 2002年 | 3室1厅 | 110.56平米 | 南 北,https://ke-image.ljcdn.com/110000-inspection/pc1_ZRZyWQHP6.jpg!m_fill,w_280,h_210,f_jpg?from=ke.com
20240131,房山,长阳,101121530590,长阳半岛怡和南路8号院明厨明卫南北通透三居室,499万,46153元/平,中楼层 (共11层) | 2016年 | 3室1厅 | 108.12平米 | 南 北,https://ke-image.ljcdn.com/110000-inspection/pc1_riliICxJH_1.jpg!m_fill,w_280,h_210,f_jpg?from=ke.com
20240131,房山,长阳,101121523785,原香小镇一区满五唯一中间位置一梯两户全明格局,282万,31955元/平,高楼层 (共10层) | 2010年 | 2室1厅 | 88.25平米 | 南 北,https://ke-image.ljcdn.com/110000-inspection/f842d79a-da7d-4b8f-8916-402571b92284_1000.jpg!m_fill,w_280,h_210,f_jpg?from=ke.com
20240131,房山,长阳,101121523346,新悦都二区次顶层全明户型东西向满五唯一精装修房主自荐,280万,39989元/平,高楼层 (共9层) | 2014年 | 2室1厅 | 70.02平米 | 东 西,https://ke-image.ljcdn.com/110000-inspection/pc1_TwYJ8FlSb_2.jpg!m_fill,w_280,h_210,f_jpg?from=ke.com
20240131,房山,长阳,101121523332,金域缇香 1室1厅 南,265万,41258元/平,高楼层 (共17层) | 2014年 | 1室1厅 | 64.23平米 | 南,https://ke-image.ljcdn.com/110000-inspection/b8905ac2-6e5b-4afe-9617-fc74e55d1d5e_1000.jpg!m_fill,w_280,h_210,f_jpg?from=ke.com
20240131,房山,长阳,101121518508,徜徉集南北向三居室户型方正餐客分离产权清晰,528万,49573元/平,低楼层 (共16层) | 2012年 | 3室2厅 | 106.51平米 | 南 北,https://ke-image.ljcdn.com/110000-inspection/pc1_hozgdNYrK.jpg!m_fill,w_280,h_210,f_jpg?from=ke.com
20240131,房山,长阳,101121517598,芭蕾雨悦都北区双卫大三居满五唯一位置好精装修,480万,40398元/平,低楼层 (共9层) | 2011年 | 3室1厅 | 118.82平米 | 南 北,https://ke-image.ljcdn.com/110000-inspection/1f2e4828-0766-4b1f-9224-8d7d9bc3fe7e_1000.jpg!m_fill,w_280,h_210,f_jpg?from=ke.com
20240131,房山,长阳,101121517378,万年广阳郡九号 五恒科技系统 京西南改善大宅！,690万,49297元/平,低楼层 (共13层) 3室2厅 | 139.97平米 | 南 北,https://ke-image.ljcdn.com/110000-inspection/pc1_LD6WdN74n_1.jpg!m_fill,w_280,h_210,f_jpg?from=ke.com
20240131,房山,长阳,101121511167,金地朗悦悦园《店长推荐》满五唯一 精装修 诚心出售,365万,45135元/平,低楼层 (共11层) | 2013年 | 2室1厅 | 80.87平米 | 南,https://ke-image.ljcdn.com/110000-inspection/pc1_zwzaL3ot8.jpg!m_fill,w_280,h_210,f_jpg?from=ke.com
20240131,房山,长阳,101121506473,碧桂园小区A区 高楼层 南北通透 两居室,230万,25494元/平,顶层 (共6层) | 2001年 | 2室1厅 | 90.22平米 | 南 北,https://ke-image.ljcdn.com/110000-inspection/pc1_OlZ0ou6qa.jpg!m_fill,w_280,h_210,f_jpg?from=ke.com
20240131,房山,长阳,101121505942,正规一居室 采光充足 楼层好  诚心出售 店长推荐,299万,43072元/平,高楼层 (共15层) | 2014年 | 1室1厅 | 69.42平米 | 南,https://ke-image.ljcdn.com/110000-inspection/pc1_6bR24VIde.jpg!m_fill,w_280,h_210,f_jpg?from=ke.com
20240131,房山,长阳,101121504011,翠林漫步 2室1厅 南 北房主自荐,298万,33749元/平,低楼层 (共11层) | 2012年 | 2室1厅 | 88.3平米 | 南 北,https://ke-image.ljcdn.com/110000-inspection/pc1_z5cN8o5mh_2.jpg!m_fill,w_280,h_210,f_jpg?from=ke.com
20240131,房山,长阳,101121503877,首创新悦都二区精装满五唯一两居室 南北通透,290万,38381元/平,低楼层 (共18层) | 2014年 | 2室1厅 | 75.56平米 | 南 北,https://ke-image.ljcdn.com/110000-inspection/pc1_coMiI5dA8.jpg!m_fill,w_280,h_210,f_jpg?from=ke.com
20240131,房山,长阳,101121502752,首开熙悦山澜庭 高楼层采光视野好 精装修自住看房方便,369万,44092元/平,高楼层 (共21层) | 2014年 | 2室1厅 | 83.69平米 | 南,https://ke-image.ljcdn.com/110000-inspection/1acffcb3-9434-4a20-af17-42f1f249c4a4_1000.jpg!m_fill,w_280,h_210,f_jpg?from=ke.com
20240131,房山,长阳,101121500373,首开熙悦山澜庭 2室1厅 南 北房主自荐,384万,42982元/平,中楼层 (共21层) | 2014年 | 2室1厅 | 89.34平米 | 南 北,https://ke-image.ljcdn.com/110000-inspection/pc1_a7U5UNqZR.jpg!m_fill,w_280,h_210,f_jpg?from=ke.com
20240131,房山,长阳,101121498887,长龙苑小区 满五唯一 南北通透 两居室,256万,31466元/平,中楼层 (共6层) 2室1厅 | 81.36平米 | 南 北,https://ke-image.ljcdn.com/110000-inspection/27b9390a-91bd-45d9-8b2c-48451e0c25b3_1000.jpg!m_fill,w_280,h_210,f_jpg?from=ke.com
20240131,房山,长阳,101121495718,碧桂园小区二区满五年唯一正规两居室不是顶层业主诚售,219万,24385元/平,高楼层 (共6层) | 2004年 | 2室1厅 | 89.81平米 | 南 北,https://ke-image.ljcdn.com/110000-inspection/pc1_FFeSxukP7.jpg!m_fill,w_280,h_210,f_jpg?from=ke.com
20240131,房山,长阳,101121488117,清苑嘉园 房龄新 物业好 采光视野充足,200万,33339元/平,中楼层 (共15层) | 2017年 | 1室1厅 | 59.99平米 | 西,https://ke-image.ljcdn.com/110000-inspection/pc1_AThXHzPWL_1.jpg!m_fill,w_280,h_210,f_jpg?from=ke.com
20240131,房山,长阳,101121485346,碧桂园小区C区 2室1厅 南 北,326万,31495元/平,中楼层 (共15层) | 2007年 | 2室1厅 | 103.51平米 | 南 北,https://ke-image.ljcdn.com/110000-inspection/3a7f0d6e-0a67-49ef-b67b-4a4e88cc94e6_1000.jpg!m_fill,w_280,h_210,f_jpg?from=ke.com
20240131,房山,长阳,101121485054,（万科新里程59号院3-1-1-1 107.55m² 530 万）房主自荐,510万,47420元/平,低楼层 (共15层) | 2015年 | 3室1厅 | 107.55平米 | 南 北,https://ke-image.ljcdn.com/110000-inspection/pc1_Pp1Q77wl1_1.jpg!m_fill,w_280,h_210,f_jpg?from=ke.com
20240131,房山,长阳,101121484325,芭蕾雨悦都南区 3室1厅 南 北,386万,42619元/平,中楼层 (共9层) | 2012年 | 3室1厅 | 90.57平米 | 南 北,https://ke-image.ljcdn.com/110000-inspection/pc1_l97TvvtXc.jpg!m_fill,w_280,h_210,f_jpg?from=ke.com
20240131,房山,长阳,101121483563,长阳半岛3号院精装明卫西南北三居室中间位置看房方便,437万,43683元/平,中楼层 (共17层) | 2013年 | 3室1厅 | 100.04平米 | 南 西南 西 北,https://ke-image.ljcdn.com/110000-inspection/pc1_2wqXb0oBd_1.jpg!m_fill,w_280,h_210,f_jpg?from=ke.com
20240131,房山,长阳,101121481719,长阳半岛怡和南路10号院 3室1厅 南 北,590万,48939元/平,中楼层 (共14层) 3室1厅 | 120.56平米 | 南 北,https://ke-image.ljcdn.com/110000-inspection/pc1_7VWL6F69f_1.jpg!m_fill,w_280,h_210,f_jpg?from=ke.com
20240131,房山,长阳,101121481146,长阳光合作用 低密度小区 满五年唯一 明厨明卫户型,315万,36009元/平,中楼层 (共7层) | 2013年 | 2室1厅 | 87.48平米 | 南 北,https://ke-image.ljcdn.com/110000-inspection/pc1_sFtq2gOq4_1.jpg!m_fill,w_280,h_210,f_jpg?from=ke.com
20240131,房山,长阳,101121480506,南北双通透满五唯一自住精装修诚心出售,400万,44185元/平,低楼层 (共21层) | 2014年 | 2室1厅 | 90.53平米 | 南 北,https://ke-image.ljcdn.com/110000-inspection/pc1_xtIfbPzOJ.jpg!m_fill,w_280,h_210,f_jpg?from=ke.com
20240131,房山,长阳,101121475829,禾香雅园户型好南北通透大两居低密度洋房社区,325万,34879元/平,低楼层 (共8层) | 2012年 | 3室1厅 | 93.18平米 | 南 北,https://ke-image.ljcdn.com/110000-inspection/pc1_ojZblzBWh.jpg!m_fill,w_280,h_210,f_jpg?from=ke.com
20240131,房山,长阳,101121475469,天资华府 3室1厅 南 北,380万,32861元/平,低楼层 (共18层) | 2015年 | 3室1厅 | 115.64平米 | 南 北,https://ke-image.ljcdn.com/110000-inspection/pc1_mPMOl7xzO.jpg!m_fill,w_280,h_210,f_jpg?from=ke.com
20240131,房山,长阳,101121472455,五矿名品3-1-1-1 141.37m²,660万,46687元/平,中楼层 (共6层) | 2016年 | 3室1厅 | 141.37平米 | 南 北,https://ke-image.ljcdn.com/110000-inspection/pc1_T4L6Tk7dd.jpg!m_fill,w_280,h_210,f_jpg?from=ke.com
20240131,房山,长阳,101121468254,长阳国际城一区 满五唯一 精装修房主自荐,450万,50631元/平,低楼层 (共20层) | 2012年 | 3室1厅 | 88.88平米 | 南 北,https://ke-image.ljcdn.com/110000-inspection/pc1_RawvdupA5.jpg!m_fill,w_280,h_210,f_jpg?from=ke.com
20240131,房山,长阳,101121463735,国际花园3号院 3室1厅 南 北,368万,41109元/平,中楼层 (共18层) | 2014年 | 3室1厅 | 89.52平米 | 南 北,https://ke-image.ljcdn.com/110000-inspection/pc1_Y9pPHmcBQ.jpg!m_fill,w_280,h_210,f_jpg?from=ke.com
20240131,房山,长阳,101121462733,《长阳半岛云湾家园南北通透三居室满五唯一》,640万,51539元/平,高楼层 (共12层) 3室1厅 | 124.18平米 | 南 北,https://ke-image.ljcdn.com/110000-inspection/pc1_TCYTti38R_1.jpg!m_fill,w_280,h_210,f_jpg?from=ke.com
20240131,房山,长阳,101121461106,加州水郡三期 二号门位置 全明格局 满五唯一 拎包入住,295万,34057元/平,高楼层 (共11层) | 2010年 | 2室1厅 | 86.62平米 | 西南,https://ke-image.ljcdn.com/110000-inspection/pc1_l7TdrDnP6_2.jpg!m_fill,w_280,h_210,f_jpg?from=ke.com
20240131,房山,长阳,101121460828,徜徉集人车分流净层高2.85米客厅和双卧室朝南,560万,41550元/平,中楼层 (共15层) 3室2厅 | 134.78平米 | 南 北,https://ke-image.ljcdn.com/110000-inspection/pc1_GOCMCiZX0_1.jpg!m_fill,w_280,h_210,f_jpg?from=ke.com
20240131,房山,长阳,101121460385,西悦欣居 高楼层 视野好 通透两居房主自荐,279万,31398元/平,中楼层 (共21层) | 2012年 | 2室1厅 | 88.86平米 | 东 西,https://ke-image.ljcdn.com/110000-inspection/pc1_i6NDRP87P_1.jpg!m_fill,w_280,h_210,f_jpg?from=ke.com
20240131,房山,长阳,101121453520,万科.金域缇香 南北通透 高层采光好,360万,40817元/平,高楼层 (共18层) | 2015年 | 2室1厅 | 88.2平米 | 南 西 北,https://ke-image.ljcdn.com/110000-inspection/pc1_4fehW0QY5_1.jpg!m_fill,w_280,h_210,f_jpg?from=ke.com
20240131,房山,长阳,101121450740,长阳国际城二区 精装修的两居室  位置安静 出行方便,325万,40070元/平,低楼层 (共20层) | 2012年 | 2室1厅 | 81.11平米 | 南,https://ke-image.ljcdn.com/110000-inspection/pc1_Eh3L5u6C0.jpg!m_fill,w_280,h_210,f_jpg?from=ke.com
20240131,房山,长阳,101121448964,首开熙悦山澜庭 全南两居 精装修 采光好不临街 诚心卖,375万,44306元/平,中楼层 (共21层) | 2014年 | 2室1厅 | 84.64平米 | 南,https://ke-image.ljcdn.com/110000-inspection/pc1_WBMNov2AJ.jpg!m_fill,w_280,h_210,f_jpg?from=ke.com
20240131,房山,长阳,101121442274,长阳半岛怡和路6号院 3室2厅 南 北,688万,49344元/平,高楼层 (共15层) | 2015年 | 3室2厅 | 139.43平米 | 南 北,https://ke-image.ljcdn.com/110000-inspection/pc1_EV6gUzcFY.jpg!m_fill,w_280,h_210,f_jpg?from=ke.com
20240131,房山,长阳,101121440635,万科新里程59号院 经理推荐 好楼层三居,492万,47963元/平,中楼层 (共12层) | 2015年 | 3室2厅 | 102.58平米 | 南 北,https://ke-image.ljcdn.com/110000-inspection/pc1_TSiyPXqk7.jpg!m_fill,w_280,h_210,f_jpg?from=ke.com
20240131,房山,长阳,101121438448,九洲溪雅苑一区 2室1厅 南 北,335万,30950元/平,中楼层 (共14层) 2室1厅 | 108.24平米 | 南 北,https://ke-image.ljcdn.com/110000-inspection/pc1_BmlcbvDsH.jpg!m_fill,w_280,h_210,f_jpg?from=ke.com
20240131,房山,长阳,101121437854,长龙苑小区南北通透户型方正看房方便,228万,28748元/平,底层 (共6层) | 2000年 | 2室1厅 | 79.31平米 | 南 北,https://ke-image.ljcdn.com/110000-inspection/pc1_GKqSq6Ltk.jpg!m_fill,w_280,h_210,f_jpg?from=ke.com
20240131,房山,长阳,101121437665,芭蕾雨悦都南区 3室2厅 南 北,420万,46307元/平,高楼层 (共9层) 3室2厅 | 90.7平米 | 南 北,https://ke-image.ljcdn.com/110000-inspection/pc1_YRi2uVyMb.jpg!m_fill,w_280,h_210,f_jpg?from=ke.com
20240131,房山,长阳,101121428307,原香小镇产权清晰 无抵押无户口 南北通透 双卧朝南,405万,33375元/平,中楼层 (共10层) | 2010年 | 3室2厅 | 121.35平米 | 南 北,https://ke-image.ljcdn.com/110000-inspection/pc1_bR9s3dKJJ.jpg!m_fill,w_280,h_210,f_jpg?from=ke.com
20240131,房山,长阳,101121427128,康泽佳苑南区精装3居南北通透满五唯一楼层好位置佳,228万,35072元/平,低楼层 (共28层) | 2014年 | 3室1厅 | 65.01平米 | 南 北,https://ke-image.ljcdn.com/110000-inspection/524d0e2f-8122-456b-9a62-e937663346a8_1000.jpg!m_fill,w_280,h_210,f_jpg?from=ke.com
20240131,房山,长阳,101121418733,金隅畅和园4号院 1室1厅 南,200万,30751元/平,底层 (共22层) | 2016年 | 1室1厅 | 65.04平米 | 南,https://ke-image.ljcdn.com/110000-inspection/pc1_T7pXkgvpp.jpg!m_fill,w_280,h_210,f_jpg?from=ke.com
20240131,房山,长阳,101121416800,万科新里程59号院 精装修边户 有钥匙 地铁 龙湖天街,505万,46955元/平,低楼层 (共15层) | 2015年 | 3室1厅 | 107.55平米 | 南 北,https://ke-image.ljcdn.com/110000-inspection/pc1_GnQ9L8IOc.jpg!m_fill,w_280,h_210,f_jpg?from=ke.com
20240131,房山,长阳,101121416213,长阳国际城三区一梯两户正规三居室,329万,36609元/平,底层 (共15层) | 2012年 | 3室1厅 | 89.87平米 | 南 北,https://ke-image.ljcdn.com/110000-inspection/pc1_8PMqF4Hyo.jpg!m_fill,w_280,h_210,f_jpg?from=ke.com
20240131,房山,长阳,101121412410,金地朗悦朗园 南向 精装 全明两居 诚心出售,370万,45980元/平,低楼层 (共11层) | 2011年 | 2室1厅 | 80.47平米 | 南,https://ke-image.ljcdn.com/110000-inspection/pc1_P2b9Jv1bz.jpg!m_fill,w_280,h_210,f_jpg?from=ke.com
20240131,房山,长阳,101121407838,天资华府 2室2厅 南,315万,33369元/平,中楼层 (共16层) | 2015年 | 2室2厅 | 94.4平米 | 南,https://ke-image.ljcdn.com/110000-inspection/a48e2088-9e8d-4a2f-bd11-7b3745929d4f_1000.jpg!m_fill,w_280,h_210,f_jpg?from=ke.com
20240131,房山,长阳,101121407818,万科.金域缇香 此房满五唯一精装修高楼层采光好,380万,43084元/平,中楼层 (共18层) | 2015年 | 2室1厅 | 88.2平米 | 南 西 北,https://ke-image.ljcdn.com/110000-inspection/fe7bcdc8-6103-4a04-8e4d-fe3ab32686ce_1000.jpg!m_fill,w_280,h_210,f_jpg?from=ke.com
20240131,房山,长阳,101121401383,碧桂园小区A区 3室1厅 南 北房主自荐,320万,26905元/平,中楼层 (共6层) | 2003年 | 3室1厅 | 118.94平米 | 南 北,https://ke-image.ljcdn.com/110000-inspection/pc1_q9PtSkErB.jpg!m_fill,w_280,h_210,f_jpg?from=ke.com
20240131,房山,长阳,101121399568,满五唯一 南北通透三居室 户型方正中间好楼层  采光好,299万,32653元/平,低楼层 (共11层) | 2011年 | 3室1厅 | 91.57平米 | 南 北,https://ke-image.ljcdn.com/110000-inspection/pc1_GDa7xq0Nx.jpg!m_fill,w_280,h_210,f_jpg?from=ke.com
20240131,房山,长阳,101121396075,天骄俊园 2室1厅 南 北,285万,32204元/平,中楼层 (共6层) 2室1厅 | 88.5平米 | 南 北,https://ke-image.ljcdn.com/110000-inspection/pc1_Pc5uTxprw.jpg!m_fill,w_280,h_210,f_jpg?from=ke.com
20240131,房山,长阳,101121395386,长阳半岛怡和路3号院一梯两户正规三居室,620万,50041元/平,中楼层 (共11层) | 2014年 | 3室1厅 | 123.9平米 | 南 北,https://ke-image.ljcdn.com/110000-inspection/pc1_FNJen9pZw.jpg!m_fill,w_280,h_210,f_jpg?from=ke.com
20240131,房山,长阳,101121395264,禾香雅园 2室2厅 南 北,305万,33606元/平,中楼层 (共8层) 2室2厅 | 90.76平米 | 南 北,https://ke-image.ljcdn.com/110000-inspection/pc1_fARHdqT3n.jpg!m_fill,w_280,h_210,f_jpg?from=ke.com
20240131,房山,长阳,101121383128,康泽佳苑南区 2室1厅 南,185万,34140元/平,中楼层 (共28层) 2室1厅 | 54.19平米 | 南,https://ke-image.ljcdn.com/110000-inspection/pc1_jxxzht5MH.jpg!m_fill,w_280,h_210,f_jpg?from=ke.com
20240131,房山,长阳,101121380084,国际花园3号院  全名格局  精装修,518万,40284元/平,中楼层 (共18层) | 2014年 | 3室1厅 | 128.59平米 | 南 北,https://ke-image.ljcdn.com/110000-inspection/pc1_lA2tNWi9i.jpg!m_fill,w_280,h_210,f_jpg?from=ke.com
20240131,房山,长阳,101121379609,金隅畅和园4号院 东向正规一居室 正对公园 视野开阔,195万,29831元/平,顶层 (共22层) | 2016年 | 1室1厅 | 65.37平米 | 东,https://ke-image.ljcdn.com/110000-inspection/pc1_nbALiPWX0.jpg!m_fill,w_280,h_210,f_jpg?from=ke.com
20240131,房山,长阳,101121379408,拱辰道天星街2号院  楼层好视野开阔,265万,31020元/平,高楼层 (共12层) | 2012年 | 2室1厅 | 85.43平米 | 南,https://ke-image.ljcdn.com/110000-inspection/pc1_vY5e0jOV4.jpg!m_fill,w_280,h_210,f_jpg?from=ke.com
20240131,房山,长阳,101121376622,徜徉嘉园5号院 南北3居 双卫 满五唯一 花园洋房,578万,45323元/平,中楼层 (共9层) | 2012年 | 3室2厅 | 127.53平米 | 南 北,https://ke-image.ljcdn.com/110000-inspection/pc1_gfa7N8lxc.jpg!m_fill,w_280,h_210,f_jpg?from=ke.com
20240131,房山,长阳,101121376218,绿地花都苑南北通透两居室诚心出售看房方便,276万,28195元/平,低楼层 (共12层) | 2012年 | 2室1厅 | 97.89平米 | 南 北,https://ke-image.ljcdn.com/110000-inspection/pc1_NQybGUK6u.jpg!m_fill,w_280,h_210,f_jpg?from=ke.com
20240131,房山,长阳,101121374728,九洲溪雅苑二区南北三居满五唯一看房随时,558万,31221元/平,中楼层 (共13层) | 2009年 | 3室2厅 | 178.73平米 | 南 北,https://ke-image.ljcdn.com/110000-inspection/pc1_VnxyLXPC1.jpg!m_fill,w_280,h_210,f_jpg?from=ke.com
20240131,房山,长阳,101121373968,中海寰宇视界 精装修 高楼层视野好,419万,57335元/平,高楼层 (共18层) | 2022年 | 2室2厅 | 73.08平米 | 北 南,https://ke-image.ljcdn.com/110000-inspection/pc1_2oYHAg8Xs_1.jpg!m_fill,w_280,h_210,f_jpg?from=ke.com
20240131,房山,长阳,101121367954,首创新悦都一区 南北通透 高楼层 满五唯一精装修 自住房主自荐,330万,43611元/平,高楼层 (共17层) | 2012年 | 2室1厅 | 75.67平米 | 南 北,https://ke-image.ljcdn.com/110000-inspection/10294563-174c-4a59-a8d8-3b3ee8c1a432_1000.jpg!m_fill,w_280,h_210,f_jpg?from=ke.com
20240131,房山,长阳,101121365137,南向采光好户型格局好配套设施齐全交通便利,415万,46323元/平,中楼层 (共28层) | 2012年 | 2室1厅 | 89.59平米 | 南,https://ke-image.ljcdn.com/110000-inspection/pc1_4De8eV2hy_1.jpg!m_fill,w_280,h_210,f_jpg?from=ke.com
20240131,房山,长阳,101121364557,长阳国际城三区一梯两户正规三居室,339万,37958元/平,底层 (共15层) | 2012年 | 3室1厅 | 89.31平米 | 南 北,https://ke-image.ljcdn.com/110000-inspection/pc1_ppaomBAz6.jpg!m_fill,w_280,h_210,f_jpg?from=ke.com
20240131,房山,长阳,101121364247,长阳国际城二区精装小三居业主诚意出售,398万,44609元/平,高楼层 (共20层) | 2012年 | 3室1厅 | 89.22平米 | 南 北,https://ke-image.ljcdn.com/110000-inspection/pc1_80yBihDIo_1.jpg!m_fill,w_280,h_210,f_jpg?from=ke.com
20240131,房山,长阳,101121363379,首开熙悦山熹园1号院高楼层精装修店长推荐,360万,42863元/平,高楼层 (共20层) | 2013年 | 2室1厅 | 83.99平米 | 南,https://ke-image.ljcdn.com/110000-inspection/pc1_w5Gv6eg0S_1.jpg!m_fill,w_280,h_210,f_jpg?from=ke.com
20240131,房山,长阳,101121361208,长阳半岛3号院南北向满五唯一随时看房,359万,41518元/平,中楼层 (共18层) 2室1厅 | 86.47平米 | 南 北,https://ke-image.ljcdn.com/110000-inspection/pc1_dZsM8hRuW_1.jpg!m_fill,w_280,h_210,f_jpg?from=ke.com
20240131,房山,长阳,101121357086,长阳半岛怡和南路8号院 3室1厅 南 北,515万,47576元/平,中楼层 (共11层) 3室1厅 | 108.25平米 | 南 北,https://ke-image.ljcdn.com/110000-inspection/pc1_ixm4DkwA1_1.jpg!m_fill,w_280,h_210,f_jpg?from=ke.com
20240131,房山,长阳,101121353031,天泰新景 诚心出售 南北通透 满五唯一房主自荐,249万,26893元/平,高楼层 (共6层) | 2008年 | 2室1厅 | 92.59平米 | 南 北,https://ke-image.ljcdn.com/110000-inspection/pc1_XsvP7L8gg.jpg!m_fill,w_280,h_210,f_jpg?from=ke.com
20240131,房山,长阳,101121352092,北京城建·广悦居 2室1厅 南 北,285万,35112元/平,中楼层 (共20层) | 2016年 | 2室1厅 | 81.17平米 | 南 北,https://ke-image.ljcdn.com/110000-inspection/pc1_M1kRAV6Rn_1.jpg!m_fill,w_280,h_210,f_jpg?from=ke.com
20240131,房山,长阳,101121348266,长阳半岛怡和南路10号院  中间位置 中高楼层 不临街,490万,47768元/平,高楼层 (共11层) | 2015年 | 3室1厅 | 102.58平米 | 南 北,https://ke-image.ljcdn.com/110000-inspection/pc1_F9NyvdFYp_1.jpg!m_fill,w_280,h_210,f_jpg?from=ke.com
20240131,房山,长阳,101121347950,五矿名品 3室2厅 南 北,715万,47740元/平,低楼层 (共6层) 3室2厅 | 149.77平米 | 南 北,https://ke-image.ljcdn.com/110000-inspection/pc1_rObMVw8OB_1.jpg!m_fill,w_280,h_210,f_jpg?from=ke.com
20240131,房山,长阳,101121347175,首开熙悦山熹园1号院 3室1厅 南 北,449万,44686元/平,中楼层 (共9层) | 2013年 | 3室1厅 | 100.48平米 | 南 北,https://ke-image.ljcdn.com/110000-inspection/pc1_VLmtWn4IK_1.jpg!m_fill,w_280,h_210,f_jpg?from=ke.com
20240131,房山,长阳,101121342931,满五唯一门口位置直通地下车位视野好采光无遮挡,329万,29683元/平,中楼层 (共14层) | 2010年 | 2室2厅 | 110.84平米 | 南 北,https://ke-image.ljcdn.com/110000-inspection/pc1_CpXgUjKpO_2.jpg!m_fill,w_280,h_210,f_jpg?from=ke.com
20240131,房山,长阳,101121341427,国际花园2号院 2室1厅 南 北房主自荐,290万,37983元/平,低楼层 (共18层) | 2014年 | 2室1厅 | 76.35平米 | 南 北,https://ke-image.ljcdn.com/110000-inspection/pc1_0EAAqB6rU.jpg!m_fill,w_280,h_210,f_jpg?from=ke.com
20240131,房山,长阳,101121341133,加州水郡四期 双卧朝向 户型方正中间位置中间楼层,238万,26724元/平,中楼层 (共14层) | 2011年 | 2室1厅 | 89.06平米 | 东南,https://ke-image.ljcdn.com/110000-inspection/pc1_nscvEY8nj.jpg!m_fill,w_280,h_210,f_jpg?from=ke.com
20240131,房山,长阳,101121338310,首创新悦都一区 3室1厅 南 西 北,370万,41875元/平,低楼层 (共18层) | 2012年 | 3室1厅 | 88.36平米 | 南 西 北,https://ke-image.ljcdn.com/110000-inspection/pc1_2yIm4fr5L.jpg!m_fill,w_280,h_210,f_jpg?from=ke.com
20240131,房山,长阳,101121331079,碧桂园天资璟庭南北通透三居室采光通风都不错,465万,32844元/平,高楼层 (共18层) | 2013年 | 3室1厅 | 141.58平米 | 南 北,https://ke-image.ljcdn.com/110000-inspection/pc1_EI02wYvYk.jpg!m_fill,w_280,h_210,f_jpg?from=ke.com
20240131,房山,长阳,101121329299,长阳半岛怡和南路8号院万科纯南向两居室自住保持良好,450万,51288元/平,低楼层 (共13层) | 2016年 | 2室1厅 | 87.74平米 | 南,https://ke-image.ljcdn.com/110000-inspection/pc1_Y7p8kG7zt_1.jpg!m_fill,w_280,h_210,f_jpg?from=ke.com
20240131,房山,长阳,101121327903,长景新园 南向一居室 带电梯 满五唯一房主自荐,198万,40591元/平,高楼层 (共11层) | 2011年 | 1室0厅 | 48.78平米 | 南,https://ke-image.ljcdn.com/110000-inspection/pc1_xm1m20QBA.jpg!m_fill,w_280,h_210,f_jpg?from=ke.com
20240131,房山,长阳,101121327147,金地朗悦朗园 精装修三居双卫户型诚意出售,500万,53706元/平,中楼层 (共9层) | 2013年 | 3室1厅 | 93.1平米 | 南 北,https://ke-image.ljcdn.com/110000-inspection/pc1_Pa0tdhD64_1.jpg!m_fill,w_280,h_210,f_jpg?from=ke.com
20240131,房山,长阳,101121326748,绿地花都苑满五年一套南北通透三居室中高楼层,323万,32214元/平,高楼层 (共14层) | 2012年 | 3室1厅 | 100.27平米 | 南 北,https://ke-image.ljcdn.com/110000-inspection/pc1_O1DVwsLC5.jpg!m_fill,w_280,h_210,f_jpg?from=ke.com
20240131,房山,长阳,101121322863,长阳国际城一区 大三居 中间楼层 装修好,529万,44657元/平,中楼层 (共20层) | 2012年 | 3室2厅 | 118.46平米 | 南 北,https://ke-image.ljcdn.com/110000-inspection/a2ad3e81-9a93-4298-8ca2-b42f36142b1f_1000.jpg!m_fill,w_280,h_210,f_jpg?from=ke.com
20240131,房山,长阳,101121322027,康泽佳苑南区精装南向2居户型方正采光好视野佳随时看,198万,35883元/平,中楼层 (共22层) | 2014年 | 2室1厅 | 55.18平米 | 南,https://ke-image.ljcdn.com/110000-inspection/pc1_fP6lTJwQS.jpg!m_fill,w_280,h_210,f_jpg?from=ke.com
20240131,房山,长阳,101121317007,芭蕾雨悦都南区中间楼层无遮挡采光好南北通透,405万,45136元/平,中楼层 (共9层) | 2012年 | 3室1厅 | 89.73平米 | 南 北,https://ke-image.ljcdn.com/110000-inspection/pc1_jE3aZAh7W_1.jpg!m_fill,w_280,h_210,f_jpg?from=ke.com
20240131,房山,长阳,101121315956,《长阳地铁站国际城南向两居中间楼层满五唯一》,340万,41883元/平,中楼层 (共20层) | 2012年 | 2室1厅 | 81.18平米 | 南,https://ke-image.ljcdn.com/110000-inspection/pc1_VutWKc6nb.jpg!m_fill,w_280,h_210,f_jpg?from=ke.com
20240131,房山,长阳,101121315262,正规3居南北通透户型格局好高楼层！,538万,52586元/平,中楼层 (共11层) 3室1厅 | 102.31平米 | 南 北,https://ke-image.ljcdn.com/110000-inspection/pc1_8f17F9jEy_1.jpg!m_fill,w_280,h_210,f_jpg?from=ke.com
20240131,房山,长阳,101121315218,芭蕾雨悦都南区 3室1厅 南 北,395万,44243元/平,低楼层 (共9层) | 2012年 | 3室1厅 | 89.28平米 | 南 北,https://ke-image.ljcdn.com/110000-inspection/pc1_O4YrW4jsq.jpg!m_fill,w_280,h_210,f_jpg?from=ke.com
20240131,房山,长阳,101121310151,长龙苑小区 方正户型 南北通透 看房方便,265万,29706元/平,顶层 (共5层) | 2004年 | 2室1厅 | 89.21平米 | 南 北,https://ke-image.ljcdn.com/110000-inspection/dad9b65f-82cd-4ef3-82a3-282409f6e3b0_1000.jpg!m_fill,w_280,h_210,f_jpg?from=ke.com
20240131,房山,长阳,101121305256,绿地花都苑精装自住满五唯一全南两居室出售,285万,33361元/平,中楼层 (共12层) | 2012年 | 2室1厅 | 85.43平米 | 南,https://ke-image.ljcdn.com/110000-inspection/3c099a47-e518-486d-9bb7-4c9e8c39a267_1000.jpg!m_fill,w_280,h_210,f_jpg?from=ke.com
20240131,房山,长阳,101121299906,碧桂园小区C区 2室1厅 南 北,266万,29002元/平,顶层 (共11层) | 2007年 | 2室1厅 | 91.72平米 | 南 北,https://ke-image.ljcdn.com/110000-inspection/pc1_GTAEGyDRN_2.jpg!m_fill,w_280,h_210,f_jpg?from=ke.com
20240131,房山,长阳,101121296425,长阳半岛怡和南路8号院  三室两卫 适合三代居住,580万,47875元/平,低楼层 (共13层) | 2016年 | 3室2厅 | 121.15平米 | 南 北,https://ke-image.ljcdn.com/110000-inspection/pc1_eHw4RIjfe.jpg!m_fill,w_280,h_210,f_jpg?from=ke.com
20240131,房山,长阳,101121292061,徜徉嘉园5号院 位置安静 精装修拎包入住 满五唯一,588万,43819元/平,底层 (共9层) | 2012年 | 3室2厅 | 134.19平米 | 南 北,https://ke-image.ljcdn.com/110000-inspection/3f6603a9-058b-4992-bcca-27ca66cafabb_1000.jpg!m_fill,w_280,h_210,f_jpg?from=ke.com
20240131,房山,长阳,101121288233,满五唯一门口位置中间楼层南北两居房主自荐,218万,25996元/平,中楼层 (共14层) | 2010年 | 2室1厅 | 83.86平米 | 南 北,https://ke-image.ljcdn.com/110000-inspection/pc1_xyysbG9T6.jpg!m_fill,w_280,h_210,f_jpg?from=ke.com
20240131,房山,长阳,101121286023,国际花园南北通透三居 中间户  业主想尽快出售,326万,36279元/平,低楼层 (共18层) | 2014年 | 3室1厅 | 89.86平米 | 南 北,https://ke-image.ljcdn.com/110000-inspection/pc1_MNLRoJhmm.jpg!m_fill,w_280,h_210,f_jpg?from=ke.com
20240131,房山,长阳,101121285008,长阳半岛怡和路3号院 高楼层 位置好,430万,47368元/平,高楼层 (共21层) | 2014年 | 2室1厅 | 90.78平米 | 南,https://ke-image.ljcdn.com/110000-inspection/pc1_nvXnCmzfg.jpg!m_fill,w_280,h_210,f_jpg?from=ke.com
20240131,房山,长阳,101121284518,世茂维拉 2室1厅 南 东,170万,33811元/平,底层 (共16层) | 2015年 | 2室1厅 | 50.28平米 | 南 东,https://ke-image.ljcdn.com/110000-inspection/pc1_ofgyQpvNw.jpg!m_fill,w_280,h_210,f_jpg?from=ke.com
20240131,房山,长阳,101121283732,长阳半岛4号院 南向2居 满五唯一 诚心出售,399万,45958元/平,中楼层 (共17层) | 2012年 | 2室1厅 | 86.82平米 | 南,https://ke-image.ljcdn.com/110000-inspection/pc1_CZiEsykFW_1.jpg!m_fill,w_280,h_210,f_jpg?from=ke.com
20240131,房山,长阳,101121282153,长阳半岛祥云街4号院南向两居室保持良好万科楼盘房主自荐,390万,44921元/平,中楼层 (共17层) | 2012年 | 2室1厅 | 86.82平米 | 南,https://ke-image.ljcdn.com/110000-inspection/a32c4cd5-c37b-4f53-bffd-0e48ccc3a0db_1000.jpg!m_fill,w_280,h_210,f_jpg?from=ke.com
20240131,房山,长阳,101121273671,南北通透样板间户型满五唯一 不临街 不临路有车位,288万,33361元/平,顶层 (共11层) | 2009年 | 2室2厅 | 86.33平米 | 南 北,https://ke-image.ljcdn.com/110000-inspection/d9270bdf-9b86-4c5b-8794-95aac9170dd8_1000.jpg!m_fill,w_280,h_210,f_jpg?from=ke.com
20240131,房山,长阳,101121270301,康泽佳苑南区精装2居南向采光好户型佳满五唯一随时看房主自荐,210万,37832元/平,低楼层 (共28层) | 2014年 | 2室1厅 | 55.51平米 | 南,https://ke-image.ljcdn.com/110000-inspection/21665b66-9a38-4cce-ad53-7b8a2afcc931_1000.jpg!m_fill,w_280,h_210,f_jpg?from=ke.com
20240131,房山,长阳,101121262164,康泽佳苑北区南向一居精装修满五唯一房主自荐,230万,37687元/平,低楼层 (共30层) 1室1厅 | 61.03平米 | 南,https://ke-image.ljcdn.com/110000-inspection/pc1_MCyOBXGNZ.jpg!m_fill,w_280,h_210,f_jpg?from=ke.com
20240131,房山,长阳,101121259877,国际花园4号院 满五唯一 精装修全明格局无遮挡房主自荐,360万,40798元/平,低楼层 (共18层) | 2014年 | 3室1厅 | 88.24平米 | 南 北 西,https://ke-image.ljcdn.com/110000-inspection/pc1_znrTDyyor_1.jpg!m_fill,w_280,h_210,f_jpg?from=ke.com
20240131,房山,长阳,101121248733,禾香雅园房子诚心出售看房方便店长推荐房主自荐,299万,32760元/平,中楼层 (共8层) | 2013年 | 2室1厅 | 91.27平米 | 南 北,https://ke-image.ljcdn.com/110000-inspection/pc1_Swny1nxWS.jpg!m_fill,w_280,h_210,f_jpg?from=ke.com
20240131,房山,长阳,101121246070,康泽佳苑北区 近地铁 精装南向两局,275万,34479元/平,顶层 (共30层) 2室1厅 | 79.76平米 | 南,https://ke-image.ljcdn.com/110000-inspection/pc1_DQKaxkEVz_1.jpg!m_fill,w_280,h_210,f_jpg?from=ke.com
20240131,房山,长阳,101121237523,长景新园中间位置中间楼层业主诚心出售,285万,35764元/平,中楼层 (共6层) 2室1厅 | 79.69平米 | 南 北,https://ke-image.ljcdn.com/110000-inspection/pc1_uUCFo5BtQ_1.jpg!m_fill,w_280,h_210,f_jpg?from=ke.com
20240131,房山,长阳,101121237168,国际花园4号院 3室2厅 南 北 西,355万,40232元/平,低楼层 (共18层) 3室2厅 | 88.24平米 | 南 北 西,https://ke-image.ljcdn.com/110000-inspection/pc1_XItiBf7Lj_1.jpg!m_fill,w_280,h_210,f_jpg?from=ke.com
20240131,房山,长阳,101121231327,别墅洋房 自住精装修 小户型价格合适 诚心出售靠谱卖,251万,30595元/平,底层 (共9层) | 2007年 | 2室1厅 | 82.04平米 | 东南,https://ke-image.ljcdn.com/110000-inspection/pc1_GKYuj1cX6_1.jpg!m_fill,w_280,h_210,f_jpg?from=ke.com
20240131,房山,长阳,101121228741,满五唯一 南北通透 一梯两户 诚心出售,388万,43479元/平,低楼层 (共9层) | 2011年 | 3室1厅 | 89.24平米 | 南 北,https://ke-image.ljcdn.com/110000-inspection/0ab2d0a7-0612-4fb7-accd-eeb6211f9860_1000.jpg!m_fill,w_280,h_210,f_jpg?from=ke.com
20240131,房山,长阳,101121226175,诚心出售全屋二次装修楼直接通地下车库配套完善房主自荐,185万,31067元/平,中楼层 (共11层) | 2010年 | 1室1厅 | 59.55平米 | 西北,https://ke-image.ljcdn.com/110000-inspection/pc1_7XoFkwl9G.jpg!m_fill,w_280,h_210,f_jpg?from=ke.com
20240131,房山,长阳,101121220065,户型方正 满五唯一  位置好 看房提前联系,230万,26798元/平,低楼层 (共14层) | 2011年 | 2室1厅 | 85.83平米 | 南,https://ke-image.ljcdn.com/110000-inspection/pc1_ujaM24nmu_1.jpg!m_fill,w_280,h_210,f_jpg?from=ke.com
20240131,房山,长阳,101121215176,长阳半岛怡和路1号院南向两居室自住房视野好,356万,43399元/平,顶层 (共18层) | 2014年 | 2室1厅 | 82.03平米 | 南,https://ke-image.ljcdn.com/110000-inspection/pc1_O54j4SZOO_1.jpg!m_fill,w_280,h_210,f_jpg?from=ke.com
20240131,房山,长阳,101121214223,清苑嘉园 此房精装修 满五唯一 采光充足,173万,28950元/平,中楼层 (共17层) 1室1厅 | 59.76平米 | 东南,https://ke-image.ljcdn.com/110000-inspection/pc1_KItVTZpkX.jpg!m_fill,w_280,h_210,f_jpg?from=ke.com
20240131,房山,长阳,101121212363,国誉府5居  大平层  毛坯可自主装修,1050万,55462元/平,高楼层 (共6层) 5室2厅 | 189.32平米 | 南 北,https://ke-image.ljcdn.com/110000-inspection/pc1_80nP4LkTb.jpg!m_fill,w_280,h_210,f_jpg?from=ke.com
20240131,房山,长阳,101121212212,首开熙悦山澜庭  南北通透   户型方正  急售房主自荐,325万,43919元/平,低楼层 (共21层) | 2014年 | 2室2厅 | 74平米 | 南 北,https://ke-image.ljcdn.com/110000-inspection/pc1_6JMd5LAS3.jpg!m_fill,w_280,h_210,f_jpg?from=ke.com
20240131,房山,长阳,101121210673,此房南北通透三居室户型好随时可签。房主自荐,498万,45950元/平,高楼层 (共12层) | 2015年 | 3室1厅 | 108.38平米 | 南 北,https://ke-image.ljcdn.com/110000-inspection/pc1_B4rzqm8Ge_1.jpg!m_fill,w_280,h_210,f_jpg?from=ke.com
20240131,房山,长阳,101121207918,此房满五唯一南北通透视野开阔,399万,47175元/平,低楼层 (共16层) 2室1厅 | 84.58平米 | 南 北,https://ke-image.ljcdn.com/110000-inspection/pc1_2pQKHXGoc_1.jpg!m_fill,w_280,h_210,f_jpg?from=ke.com
20240131,房山,长阳,101121204255,天泰新景 南北通透 看房方便 店长推荐 诚心出售房主自荐,258万,28228元/平,中楼层 (共6层) | 2010年 | 2室2厅 | 91.4平米 | 南 北,https://ke-image.ljcdn.com/110000-inspection/pc1_N0S6nZsb6.jpg!m_fill,w_280,h_210,f_jpg?from=ke.com
20240131,房山,长阳,101121203553,长阳地铁站长阳国际城南向两居室满五唯一诚售,300万,37065元/平,中楼层 (共20层) | 2012年 | 2室1厅 | 80.94平米 | 南,https://ke-image.ljcdn.com/110000-inspection/pc1_HOvIqTiff.jpg!m_fill,w_280,h_210,f_jpg?from=ke.com
20240131,房山,长阳,101121202138,西悦雅居 南北通透两居室 满五唯一 看房方便,310万,35053元/平,低楼层 (共12层) | 2012年 | 2室1厅 | 88.44平米 | 南 北,https://ke-image.ljcdn.com/110000-inspection/pc1_VUknDXJbV.jpg!m_fill,w_280,h_210,f_jpg?from=ke.com
20240131,房山,长阳,101121200556,户型方正 楼层好视野好   精装修  拎包入住房主自荐,251万,27112元/平,中楼层 (共14层) | 2011年 | 2室2厅 | 92.58平米 | 西北,https://ke-image.ljcdn.com/110000-inspection/pc1_NaoWN7pTh.jpg!m_fill,w_280,h_210,f_jpg?from=ke.com
20240131,房山,长阳,101121195589,加州水郡四期 正规两居室中间楼层 满五年唯一配套齐全,235万,26305元/平,中楼层 (共15层) 2室1厅 | 89.34平米 | 东北,https://ke-image.ljcdn.com/110000-inspection/pc1_9x7LjMNBI.jpg!m_fill,w_280,h_210,f_jpg?from=ke.com
20240131,房山,长阳,101121195412,近地铁  无遮挡  南北通透 交通便利,265万,33242元/平,低楼层 (共25层) | 2015年 | 2室1厅 | 79.72平米 | 北 南,https://ke-image.ljcdn.com/110000-inspection/pc1_MzBGjdDof_1.jpg!m_fill,w_280,h_210,f_jpg?from=ke.com
20240131,房山,长阳,101121194955,金地朗悦沁园经典三居室边户全明格局,435万,46886元/平,中楼层 (共6层) | 2014年 | 3室2厅 | 92.78平米 | 南 北,https://ke-image.ljcdn.com/110000-inspection/pc1_qty4cVmyF.jpg!m_fill,w_280,h_210,f_jpg?from=ke.com
20240131,房山,长阳,101121192043,碧桂园小区C区 2室2厅 南 北,296万,27618元/平,高楼层 (共11层) | 2006年 | 2室2厅 | 107.18平米 | 南 北,https://ke-image.ljcdn.com/110000-inspection/pc1_eSlyXjHAi.jpg!m_fill,w_280,h_210,f_jpg?from=ke.com
20240131,房山,长阳,101121189203,房满五唯一  中楼层 无遮挡 近地铁,239万,25719元/平,中楼层 (共6层) 2室2厅 | 92.93平米 | 西北,https://ke-image.ljcdn.com/110000-inspection/pc1_XGynQFQqQ.jpg!m_fill,w_280,h_210,f_jpg?from=ke.com
20240131,房山,长阳,101121188981,满五唯一精装 高楼层 带八角窗采光亮 双卫 带地下室房主自荐,399万,40898元/平,中楼层 (共7层) | 2014年 | 3室1厅 | 97.56平米 | 南,https://ke-image.ljcdn.com/110000-inspection/pc1_hKZgaa8tt_1.jpg!m_fill,w_280,h_210,f_jpg?from=ke.com
20240131,房山,长阳,101121187028,碧桂园小区C区 3室1厅 南 北,299万,25141元/平,中楼层 (共16层) 3室1厅 | 118.93平米 | 南 北,https://ke-image.ljcdn.com/110000-inspection/pc1_kiraMg1eI_2.jpg!m_fill,w_280,h_210,f_jpg?from=ke.com
20240131,房山,长阳,101121180747,康泽佳苑北区 满五年唯一 精装修 中间楼层 采光好,275万,35153元/平,中楼层 (共25层) 2室1厅 | 78.23平米 | 南,https://ke-image.ljcdn.com/110000-inspection/pc1_z35JLUD2s.jpg!m_fill,w_280,h_210,f_jpg?from=ke.com
20240131,房山,长阳,101121179243,徜徉嘉园6号院 人车分流 集中供暖 洋房使用面积大,456万,49555元/平,中楼层 (共11层) | 2014年 | 3室1厅 | 92.02平米 | 南 北,https://ke-image.ljcdn.com/110000-inspection/pc1_1HG1CfwH3.jpg!m_fill,w_280,h_210,f_jpg?from=ke.com
20240131,房山,长阳,101121176943,金隅畅和园9号院 满五唯一 南向正规一居室 中间层,215万,32825元/平,中楼层 (共21层) 1室1厅 | 65.5平米 | 南,https://ke-image.ljcdn.com/110000-inspection/pc1_mgZuKOBqo.jpg!m_fill,w_280,h_210,f_jpg?from=ke.com
20240131,房山,长阳,101121176488,九洲溪雅苑一区南北通透三居中间层有钥匙随时看,418万,31398元/平,中楼层 (共14层) | 2009年 | 3室1厅 | 133.13平米 | 南 北,https://ke-image.ljcdn.com/110000-inspection/c6fb005d-df32-4149-a79e-15385c1701b7_1000.jpg!m_fill,w_280,h_210,f_jpg?from=ke.com
20240131,房山,长阳,101121169960,加州水郡四期 正规南向一室一厅 采光充足 视野开阔,206万,32243元/平,高楼层 (共15层) | 2012年 | 1室1厅 | 63.89平米 | 南,https://ke-image.ljcdn.com/110000-inspection/pc1_PgEX8j6uU.jpg!m_fill,w_280,h_210,f_jpg?from=ke.com
20240131,房山,长阳,101121168352,康泽佳苑南区精装2居南向中间楼层采光好视野佳随时看,190万,34440元/平,高楼层 (共28层) | 2014年 | 2室1厅 | 55.17平米 | 南,https://ke-image.ljcdn.com/110000-inspection/pc1_gOJ4jqeIh_1.jpg!m_fill,w_280,h_210,f_jpg?from=ke.com
20240131,房山,长阳,101121165601,长阳半岛怡和路1号院 满五年唯一 只有契税,449万,46486元/平,低楼层 (共12层) | 2014年 | 3室1厅 | 96.59平米 | 南 北,https://ke-image.ljcdn.com/110000-inspection/pc1_1UJKLKGbs_1.jpg!m_fill,w_280,h_210,f_jpg?from=ke.com
20240131,房山,长阳,101121164495,此房满五唯一东边户采光好无遮挡视野好,390万,42872元/平,中楼层 (共9层) | 2013年 | 3室1厅 | 90.97平米 | 东 南 北,https://ke-image.ljcdn.com/110000-inspection/pc1_ThSownJ8f.jpg!m_fill,w_280,h_210,f_jpg?from=ke.com
20240131,房山,长阳,101121161726,首开熙悦山熹园1号院房子满五唯一精装自主,330万,36392元/平,底层 (共18层) 2室1厅 | 90.68平米 | 北 南,https://ke-image.ljcdn.com/110000-inspection/pc1_jzIcQv2T9_1.jpg!m_fill,w_280,h_210,f_jpg?from=ke.com
20240131,房山,长阳,101121160196,满五年唯一产权清晰中间楼层有钥匙随时可看房主自荐,296万,27340元/平,中楼层 (共14层) | 2009年 | 2室1厅 | 108.27平米 | 南 北,https://ke-image.ljcdn.com/110000-inspection/24e77fcc-8b56-49f7-8871-5ed76acb7caf_1000.jpg!m_fill,w_280,h_210,f_jpg?from=ke.com
20240131,房山,长阳,101121157811,康泽佳苑北区毛坯南向2居方便装修楼层好位置佳随时看,259万,33083元/平,顶层 (共30层) 2室1厅 | 78.29平米 | 南,https://ke-image.ljcdn.com/110000-inspection/pc1_j3YyUlFvO_1.jpg!m_fill,w_280,h_210,f_jpg?from=ke.com
20240131,房山,长阳,101121154972,金隅糖 3室2厅 南 北,399万,44666元/平,高楼层 (共10层) 3室2厅 | 89.33平米 | 南 北,https://ke-image.ljcdn.com/110000-inspection/pc1_tLj0s9KAo_1.jpg!m_fill,w_280,h_210,f_jpg?from=ke.com
20240131,房山,长阳,101121154658,满五唯一诚心出售大区聚焦房源婚房精装修位置安静,359万,42861元/平,高楼层 (共21层) | 2013年 | 2室1厅 | 83.76平米 | 南,https://ke-image.ljcdn.com/110000-inspection/pc1_HJBSvT5Gy.jpg!m_fill,w_280,h_210,f_jpg?from=ke.com
20240131,房山,长阳,101121149970,首开熙悦山熹园3号院南北通透两居室诚意出售,350万,40346元/平,低楼层 (共21层) 2室1厅 | 86.75平米 | 南 北,https://ke-image.ljcdn.com/110000-inspection/pc1_s5atLbd3r_1.jpg!m_fill,w_280,h_210,f_jpg?from=ke.com
20240131,房山,长阳,101121149643,长阳半岛怡和路6号院精装南北三居室诚心出售看房方便,750万,45130元/平,低楼层 (共15层) | 2015年 | 3室1厅 | 166.19平米 | 南 北,https://ke-image.ljcdn.com/110000-inspection/1b1d41d0-d1cd-4574-a9b8-712118a94348_1000.jpg!m_fill,w_280,h_210,f_jpg?from=ke.com
20240131,房山,长阳,101121139876,满五唯一大三居室高楼层南北通透诚心出售房主自荐,328万,26553元/平,中楼层 (共15层) | 2007年 | 3室2厅 | 123.53平米 | 南 北,https://ke-image.ljcdn.com/110000-inspection/pc1_tmGT5BX5r.jpg!m_fill,w_280,h_210,f_jpg?from=ke.com
20240131,房山,长阳,101121139565,碧桂园小区C区 满五唯一 高楼层视野棒 优质两居诚心卖,275万,29837元/平,高楼层 (共16层) | 2007年 | 2室1厅 | 92.17平米 | 东南 北,https://ke-image.ljcdn.com/110000-inspection/9234a0f1-4fa5-4865-b3d2-c4629fa88ab1_1000.jpg!m_fill,w_280,h_210,f_jpg?from=ke.com
20240131,房山,长阳,101121137870,半岛家园 满五唯一 南北通透 中间位置 电梯房一梯两户,437万,46748元/平,低楼层 (共9层) | 2011年 | 3室1厅 | 93.48平米 | 南 北,https://ke-image.ljcdn.com/110000-inspection/pc1_DrZ6pOlxV_1.jpg!m_fill,w_280,h_210,f_jpg?from=ke.com
20240131,房山,长阳,101121137158,房子自住精装修中间楼层可以拎包入住。,438万,28953元/平,低楼层 (共14层) | 2009年 | 3室2厅 | 151.28平米 | 南 北,https://ke-image.ljcdn.com/110000-inspection/pc1_43UWzidA1.jpg!m_fill,w_280,h_210,f_jpg?from=ke.com
20240131,房山,长阳,101121135910,长阳半岛怡和南路10号院 满五唯一 高楼层 精装修,439万,50252元/平,低楼层 (共15层) | 2015年 | 2室1厅 | 87.36平米 | 南,https://ke-image.ljcdn.com/110000-inspection/pc1_wYdqC7rPz_1.jpg!m_fill,w_280,h_210,f_jpg?from=ke.com
20240131,房山,长阳,101121132713,建邦华庭 精装南北2居 满五唯一 花园洋房 业主诚售,358万,43060元/平,高楼层 (共16层) 2室1厅 | 83.14平米 | 南 北,https://ke-image.ljcdn.com/110000-inspection/pc1_T1k6SSeoZ.jpg!m_fill,w_280,h_210,f_jpg?from=ke.com
20240131,房山,长阳,101121132594,首创新悦都二区精装两居室诚心出售,300万,39741元/平,顶层 (共18层) | 2012年 | 2室1厅 | 75.49平米 | 南 北,https://ke-image.ljcdn.com/110000-inspection/pc1_pj6qBawQm_1.jpg!m_fill,w_280,h_210,f_jpg?from=ke.com
20240131,房山,长阳,101121129252,万科两居  熙悦龙湖天街  大学城北地铁,378万,42630元/平,低楼层 (共15层) | 2015年 | 2室1厅 | 88.67平米 | 南,https://ke-image.ljcdn.com/110000-inspection/pc1_x2AAIGpLU.jpg!m_fill,w_280,h_210,f_jpg?from=ke.com
20240131,房山,长阳,101121126662,长阳半岛怡和南路8号院 建成2018年  精装修 满五唯一,428万,48909元/平,高楼层 (共14层) | 2016年 | 2室1厅 | 87.51平米 | 南,https://ke-image.ljcdn.com/110000-inspection/pc1_ZfatIaBqv.jpg!m_fill,w_280,h_210,f_jpg?from=ke.com
20240131,房山,长阳,101121121241,长龙苑小区南北通透自住精装修看房方便诚心出售房主自荐,249万,30452元/平,中楼层 (共6层) | 2002年 | 2室1厅 | 81.77平米 | 南 北,https://ke-image.ljcdn.com/110000-inspection/pc1_Zc50ZHrjS_1.jpg!m_fill,w_280,h_210,f_jpg?from=ke.com
20240131,房山,长阳,101121120386,金隅畅和园9号院 2室1厅 北 南,267万,32585元/平,高楼层 (共21层) | 2016年 | 2室1厅 | 81.94平米 | 北 南,https://ke-image.ljcdn.com/110000-inspection/pc1_oekzwACwY_1.jpg!m_fill,w_280,h_210,f_jpg?from=ke.com
20240131,房山,长阳,101121119971,首开熙悦山 南北精装修 满五唯一 到长阳地铁站近房主自荐,315万,36145元/平,底层 (共21层) | 2013年 | 2室1厅 | 87.15平米 | 南 北,https://ke-image.ljcdn.com/110000-inspection/pc1_BHyd8fhYU.jpg!m_fill,w_280,h_210,f_jpg?from=ke.com
20240131,房山,长阳,101121119606,首开熙悦山澜庭精装修满五唯一高楼层,385万,45257元/平,高楼层 (共21层) | 2014年 | 2室1厅 | 85.07平米 | 南,https://ke-image.ljcdn.com/110000-inspection/pc1_Nbl3EipUL.jpg!m_fill,w_280,h_210,f_jpg?from=ke.com
20240131,房山,长阳,101121113882,《长阳半岛云湾家园》《长阳地铁站》满五唯一诚售,510万,50451元/平,高楼层 (共18层) | 2014年 | 3室1厅 | 101.09平米 | 南 西 北,https://ke-image.ljcdn.com/110000-inspection/pc1_Rz6hfP1pn_1.jpg!m_fill,w_280,h_210,f_jpg?from=ke.com
20240131,房山,长阳,101121113514,首创新悦都二区 采光好 东西通透,280万,39785元/平,高楼层 (共9层) | 2014年 | 2室1厅 | 70.38平米 | 东 西,https://ke-image.ljcdn.com/110000-inspection/pc1_dtBCvI9bl_1.jpg!m_fill,w_280,h_210,f_jpg?from=ke.com
20240131,房山,长阳,101121111527,康泽佳苑南区 南北两居室 诚心出售 随时看房,180万,34059元/平,低楼层 (共18层) | 2014年 | 2室1厅 | 52.85平米 | 南 北,https://ke-image.ljcdn.com/110000-inspection/pc1_iXdWqEFVw.jpg!m_fill,w_280,h_210,f_jpg?from=ke.com
20240131,房山,长阳,101121111435,康泽佳苑南区 1室1厅 南房主自荐,195万,35404元/平,底层 (共28层) | 2014年 | 1室1厅 | 55.08平米 | 南,https://ke-image.ljcdn.com/110000-inspection/pc1_wpP7gH63o.jpg!m_fill,w_280,h_210,f_jpg?from=ke.com
20240131,房山,长阳,101121109966,中海寰宇视界 1室1厅 南,300万,55597元/平,高楼层 (共13层) | 2022年 | 1室1厅 | 53.96平米 | 南,https://ke-image.ljcdn.com/110000-inspection/pc1_2WTnMIjdH_1.jpg!m_fill,w_280,h_210,f_jpg?from=ke.com
20240131,房山,长阳,101121109888,不临街顶层无噪音南北通透视野好,375万,41492元/平,顶层 (共21层) | 2014年 | 2室1厅 | 90.38平米 | 南 北,https://ke-image.ljcdn.com/110000-inspection/pc1_PuYaL7hem_1.jpg!m_fill,w_280,h_210,f_jpg?from=ke.com
20240131,房山,长阳,101121107365,长阳半岛怡和路6号院 3室2厅 南 北,750万,53888元/平,低楼层 (共9层) | 2015年 | 3室2厅 | 139.18平米 | 南 北,https://ke-image.ljcdn.com/110000-inspection/pc1_vlGHvzNm1_1.jpg!m_fill,w_280,h_210,f_jpg?from=ke.com
20240131,房山,长阳,101121107360,天泰新景 南北通透精装修大两居 周末看房方便,290万,30812元/平,中楼层 (共6层) | 2005年 | 2室1厅 | 94.12平米 | 南 北,https://ke-image.ljcdn.com/110000-inspection/pc1_9MKCt2EHt.jpg!m_fill,w_280,h_210,f_jpg?from=ke.com
20240131,房山,长阳,101121107229,长阳半岛怡和路8号院 通透两居室 中间层 全明格局,385万,44122元/平,中楼层 (共5层) | 2013年 | 2室1厅 | 87.26平米 | 西 东,https://ke-image.ljcdn.com/110000-inspection/pc1_XgSoHf4Ew.jpg!m_fill,w_280,h_210,f_jpg?from=ke.com
20240131,房山,长阳,101121105615,纯南向两居室采光好楼前没遮挡小区好位置。,365万,42771元/平,低楼层 (共18层) | 2013年 | 2室1厅 | 85.34平米 | 南,https://ke-image.ljcdn.com/110000-inspection/pc1_Tao1kFCIA_1.jpg!m_fill,w_280,h_210,f_jpg?from=ke.com
20240131,房山,长阳,101121105527,加州水郡三期 1室1厅 南,168万,28694元/平,低楼层 (共15层) 1室1厅 | 58.55平米 | 南,https://ke-image.ljcdn.com/110000-inspection/pc1_LJglf4IuI.jpg!m_fill,w_280,h_210,f_jpg?from=ke.com
20240131,房山,长阳,101121104088,通透。格局好业主急售满五唯一。无遮挡,188万,35512元/平,低楼层 (共18层) | 2014年 | 2室1厅 | 52.94平米 | 南 北,https://ke-image.ljcdn.com/110000-inspection/pc1_JUU7C4MkK.jpg!m_fill,w_280,h_210,f_jpg?from=ke.com
20240131,房山,长阳,101121103787,长阳国际城一区南北通透118平米三居室双卫带窗户,535万,45141元/平,中楼层 (共20层) 3室2厅 | 118.52平米 | 南 北,https://ke-image.ljcdn.com/110000-inspection/pc1_KVhRTUb4d.jpg!m_fill,w_280,h_210,f_jpg?from=ke.com
20240131,房山,长阳,101121103771,建邦华庭西区 3室2厅 南 北,569万,47536元/平,低楼层 (共9层) | 2014年 | 3室2厅 | 119.7平米 | 南 北,https://ke-image.ljcdn.com/110000-inspection/pc1_rUgMJUECp_1.jpg!m_fill,w_280,h_210,f_jpg?from=ke.com
20240131,房山,长阳,101121101340,业主诚意出售长阳国际城二区正规南向两居室,315万,38918元/平,低楼层 (共20层) | 2012年 | 2室1厅 | 80.94平米 | 南,https://ke-image.ljcdn.com/110000-inspection/pc1_BK7BQpvYm.jpg!m_fill,w_280,h_210,f_jpg?from=ke.com
20240131,房山,长阳,101121099234,金隅糖  明厨明卫三居室 看房方便 诚意出售房主自荐,405万,42876元/平,中楼层 (共12层) | 2017年 | 3室1厅 | 94.46平米 | 南 北,https://ke-image.ljcdn.com/110000-inspection/pc1_H89S1Mlwj_1.jpg!m_fill,w_280,h_210,f_jpg?from=ke.com
20240131,房山,长阳,101121098190,合景领峰8号院别墅区洋房全明双卫三居室满五唯一,485万,41134元/平,中楼层 (共8层) | 2015年 | 3室2厅 | 117.91平米 | 南 北,https://ke-image.ljcdn.com/110000-inspection/pc1_vcE6YrRUI.jpg!m_fill,w_280,h_210,f_jpg?from=ke.com
20240131,房山,长阳,101121096548,芭蕾雨改善大三居 明厨 双卫 一梯两户,515万,42584元/平,低楼层 (共8层) | 2013年 | 3室2厅 | 120.94平米 | 东 南 北,https://ke-image.ljcdn.com/110000-inspection/pc1_1a6Mxtsw5.jpg!m_fill,w_280,h_210,f_jpg?from=ke.com
20240131,房山,长阳,101121096315,首开熙悦山熹园1号院高楼层采光好店长推荐,445万,44288元/平,高楼层 (共9层) | 2013年 | 3室2厅 | 100.48平米 | 南 北,https://ke-image.ljcdn.com/110000-inspection/pc1_ZEIsL5SY9.jpg!m_fill,w_280,h_210,f_jpg?from=ke.com
20240131,房山,长阳,101121093837,首开熙悦山澜庭 中间楼层 南向精装修两居室 满五唯一房主自荐,373万,43847元/平,中楼层 (共21层) | 2014年 | 2室1厅 | 85.07平米 | 南,https://ke-image.ljcdn.com/110000-inspection/0355e15b-cc44-4da2-8df2-316777e553e1_1000.jpg!m_fill,w_280,h_210,f_jpg?from=ke.com
20240131,房山,长阳,101121091343,长阳半岛怡和路3号院三居卫生间带窗户万科品质,500万,50490元/平,中楼层 (共18层) | 2014年 | 3室1厅 | 99.03平米 | 南 西 北,https://ke-image.ljcdn.com/110000-inspection/pc1_EtjfaCO1L_1.jpg!m_fill,w_280,h_210,f_jpg?from=ke.com
20240131,房山,长阳,101121085538,长阳国际城二区 满五唯一 采光好,298万,36741元/平,中楼层 (共20层) | 2012年 | 2室1厅 | 81.11平米 | 南,https://ke-image.ljcdn.com/110000-inspection/pc1_vGLqAib9S_1.jpg!m_fill,w_280,h_210,f_jpg?from=ke.com
20240131,房山,长阳,101121080501,长龙家园 商品房 南北通透 一梯两户 带电梯两居室,249万,29785元/平,中楼层 (共11层) | 2015年 | 2室1厅 | 83.6平米 | 南 北,https://ke-image.ljcdn.com/110000-inspection/pc1_Bdf2yoAyc.jpg!m_fill,w_280,h_210,f_jpg?from=ke.com
20240131,房山,长阳,101121077097,建邦华庭东区 南北通透 满五唯一 精装修 店长推荐房主自荐,497万,45609元/平,中楼层 (共11层) | 2013年 | 3室1厅 | 108.97平米 | 南 北,https://ke-image.ljcdn.com/110000-inspection/pc1_rL4vLItwz_1.jpg!m_fill,w_280,h_210,f_jpg?from=ke.com
20240131,房山,长阳,101121075256,商品房满两年高楼层采光好精装修拎包住。,320万,30520元/平,高楼层 (共15层) | 2009年 | 3室2厅 | 104.85平米 | 南,https://ke-image.ljcdn.com/110000-inspection/pc1_tbzB7tcEY.jpg!m_fill,w_280,h_210,f_jpg?from=ke.com
20240131,房山,长阳,101121074204,金隅糖 2室1厅 南 北,362万,42937元/平,中楼层 (共16层) | 2017年 | 2室1厅 | 84.31平米 | 南 北,https://ke-image.ljcdn.com/110000-inspection/pc1_yMzkQ3Kq5_1.jpg!m_fill,w_280,h_210,f_jpg?from=ke.com
20240131,房山,长阳,101121073959,长龙苑小区 2室1厅 南 北,229万,27040元/平,低楼层 (共6层) | 1999年 | 2室1厅 | 84.69平米 | 南 北,https://ke-image.ljcdn.com/110000-inspection/pc1_ax8uF4xVT.jpg!m_fill,w_280,h_210,f_jpg?from=ke.com
20240131,房山,长阳,101121067915,万科长阳天地5号院 南侧 采光没有影响,460万,48340元/平,低楼层 (共11层) 3室1厅 | 95.16平米 | 南 北,https://ke-image.ljcdn.com/110000-inspection/pc1_qgLdX8MSc.jpg!m_fill,w_280,h_210,f_jpg?from=ke.com
20240131,房山,长阳,101121067656,新悦都婚房精装修 篱笆房地铁 长阳地铁 长阳公园,295万,41047元/平,顶层 (共6层) | 2014年 | 2室1厅 | 71.87平米 | 东 西,https://ke-image.ljcdn.com/110000-inspection/pc1_R21f3m5E4_1.jpg!m_fill,w_280,h_210,f_jpg?from=ke.com
20240131,房山,长阳,101121067262,天泰新景低楼层 边户采光好 南北通透大三居,283万,26454元/平,中楼层 (共6层) | 2003年 | 3室1厅 | 106.98平米 | 南 北,https://ke-image.ljcdn.com/110000-inspection/pc1_KYUWWsTB3_1.jpg!m_fill,w_280,h_210,f_jpg?from=ke.com
20240131,房山,长阳,101121064880,国际城二区视野好精装修客户可以正常贷款,335万,41302元/平,高楼层 (共20层) | 2012年 | 2室1厅 | 81.11平米 | 南,https://ke-image.ljcdn.com/110000-inspection/pc1_HjlR75062.jpg!m_fill,w_280,h_210,f_jpg?from=ke.com
20240131,房山,长阳,101121057572,加州水郡三期 方正两居 满5唯一 视野开阔 看房方便房主自荐,229万,26368元/平,低楼层 (共15层) | 2009年 | 2室1厅 | 86.85平米 | 西北,https://ke-image.ljcdn.com/110000-inspection/pc1_33aqXDBg6.jpg!m_fill,w_280,h_210,f_jpg?from=ke.com
20240131,房山,长阳,101121053119,世茂维拉 1室1厅 西,179万,29884元/平,低楼层 (共15层) 1室1厅 | 59.9平米 | 西,https://ke-image.ljcdn.com/110000-inspection/pc1_fO8cHyFGD_2.jpg!m_fill,w_280,h_210,f_jpg?from=ke.com
20240131,房山,长阳,101121048231,万科长阳天地5号院 2室1厅 南房主自荐,330万,40837元/平,中楼层 (共21层) 2室1厅 | 80.81平米 | 南,https://ke-image.ljcdn.com/110000-inspection/pc1_PDLI4Xd48_1.jpg!m_fill,w_280,h_210,f_jpg?from=ke.com
20240131,房山,长阳,101121048138,加州水郡四期 西南朝向 阳光充足 双阳台 双飘窗,258万,29446元/平,顶层 (共15层) | 2011年 | 2室1厅 | 87.62平米 | 西南,https://ke-image.ljcdn.com/110000-inspection/31da8f66-df12-4111-bf7a-936389c08927_1000.jpg!m_fill,w_280,h_210,f_jpg?from=ke.com
20240131,房山,长阳,101121042457,天资华府 3室2厅 南 北,430万,31961元/平,中楼层 (共18层) | 2015年 | 3室2厅 | 134.54平米 | 南 北,https://ke-image.ljcdn.com/110000-inspection/pc1_vK1avau6A.jpg!m_fill,w_280,h_210,f_jpg?from=ke.com
20240131,房山,长阳,101121042153,加州水郡精装修满五年唯一价格可谈,169万,31425元/平,高楼层 (共14层) | 2010年 | 1室1厅 | 53.78平米 | 南,https://ke-image.ljcdn.com/110000-inspection/1bf39b27-5549-4112-976e-c21ff0ceb680_1000.jpg!m_fill,w_280,h_210,f_jpg?from=ke.com
20240131,房山,长阳,101121042112,满五唯一 只有契税三房朝南双明卫,459万,29876元/平,高楼层 (共14层) 3室2厅 | 153.64平米 | 南 北,https://ke-image.ljcdn.com/110000-inspection/pc1_stCSo8dIN.jpg!m_fill,w_280,h_210,f_jpg?from=ke.com
20240131,房山,长阳,101121041079,邑上公馆出行便捷道路宽阔电梯房！房主自荐,279万,34360元/平,低楼层 (共8层) | 2014年 | 2室1厅 | 81.2平米 | 南 北,https://ke-image.ljcdn.com/110000-inspection/pc1_vWEohVrm6_1.jpg!m_fill,w_280,h_210,f_jpg?from=ke.com
20240131,房山,长阳,101121040521,加州水郡四期 2室1厅 东北,219万,24969元/平,低楼层 (共14层) | 2011年 | 2室1厅 | 87.71平米 | 东北,https://ke-image.ljcdn.com/110000-inspection/pc1_DGhST4WgH.jpg!m_fill,w_280,h_210,f_jpg?from=ke.com
20240131,房山,长阳,101121034778,加州水郡三期 门口位置 全明格局 满五唯一 诚意出售,265万,30594元/平,中楼层 (共11层) | 2010年 | 2室1厅 | 86.62平米 | 西南,https://ke-image.ljcdn.com/110000-inspection/pc1_GH4xTgjxg.jpg!m_fill,w_280,h_210,f_jpg?from=ke.com
20240131,房山,长阳,101121034416,悦盛路5号院-花园洋房社区低密度低层房主自荐,395万,44293元/平,低楼层 (共9层) | 2012年 | 3室1厅 | 89.18平米 | 南 北,https://ke-image.ljcdn.com/110000-inspection/pc1_MUzqIsDOT.jpg!m_fill,w_280,h_210,f_jpg?from=ke.com
20240131,房山,长阳,101121034069,加州水郡四期满五唯一中间层门口位置出入方便,246万,27750元/平,中楼层 (共14层) | 2011年 | 2室1厅 | 88.65平米 | 东,https://ke-image.ljcdn.com/110000-inspection/a9545a75-a9c0-467e-84d0-80236da84e47_1000.jpg!m_fill,w_280,h_210,f_jpg?from=ke.com
20240131,房山,长阳,101121033622,碧波园 1室1厅 南 北,220万,26157元/平,中楼层 (共6层) | 2004年 | 1室1厅 | 84.11平米 | 南 北,https://ke-image.ljcdn.com/110000-inspection/pc1_LIPhI4hwt.jpg!m_fill,w_280,h_210,f_jpg?from=ke.com
20240131,房山,长阳,101121032152,满五唯一诚心出售二次精装修中间楼层配套完善,328万,29265元/平,中楼层 (共14层) | 2010年 | 2室2厅 | 112.08平米 | 南 北,https://ke-image.ljcdn.com/110000-inspection/pc1_VoUdvFeaB.jpg!m_fill,w_280,h_210,f_jpg?from=ke.com
20240131,房山,长阳,101121032100,加州水郡四期 正规一室一厅 全南向 阳光充足,210万,31954元/平,中楼层 (共11层) | 2011年 | 1室1厅 | 65.72平米 | 南,https://ke-image.ljcdn.com/110000-inspection/pc1_dowdYGQJi.jpg!m_fill,w_280,h_210,f_jpg?from=ke.com
20240131,房山,长阳,101121028701,碧桂园小区二区南北通透户型方正三居室诚心出售预约看,285万,24231元/平,中楼层 (共6层) | 2005年 | 3室1厅 | 117.62平米 | 南 北,https://ke-image.ljcdn.com/110000-inspection/pc1_vUQj5hxfR.jpg!m_fill,w_280,h_210,f_jpg?from=ke.com
20240131,房山,长阳,101121028323,北京城建·广悦居 满五唯一 精装两居 无遮挡诚意出售,279万,34146元/平,中楼层 (共24层) | 2016年 | 2室1厅 | 81.71平米 | 南 北,https://ke-image.ljcdn.com/110000-inspection/pc1_KUNFHF8XL.jpg!m_fill,w_280,h_210,f_jpg?from=ke.com
20240131,房山,长阳,101121024286,加州水郡4期 正规3居室 南北通透,316万,34703元/平,中楼层 (共14层) 3室1厅 | 91.06平米 | 南 北,https://ke-image.ljcdn.com/110000-inspection/b7a911d5-a7fb-4d43-b86d-488447f3bc13_1000.jpg!m_fill,w_280,h_210,f_jpg?from=ke.com
20240131,房山,长阳,101121022978,首创新悦都二区 采光好 东西通透,300万,42821元/平,中楼层 (共9层) 2室1厅 | 70.06平米 | 东 西,https://ke-image.ljcdn.com/110000-inspection/pc1_BtFsMW566.jpg!m_fill,w_280,h_210,f_jpg?from=ke.com
20240131,房山,长阳,101121022750,户型方正 满五唯一 无遮挡 诚意出售 看房方便,270万,30202元/平,低楼层 (共14层) | 2011年 | 2室1厅 | 89.4平米 | 东 南,https://ke-image.ljcdn.com/110000-inspection/pc1_sWeUKDTeG.jpg!m_fill,w_280,h_210,f_jpg?from=ke.com
20240131,房山,长阳,101121022291,万年广阳郡九号 采光充足 视野开阔 精装修 三居室,630万,45146元/平,低楼层 (共12层) 3室2厅 | 139.55平米 | 南 北,https://ke-image.ljcdn.com/110000-inspection/pc1_1C6bTdc6w.jpg!m_fill,w_280,h_210,f_jpg?from=ke.com
20240131,房山,长阳,101121019420,长阳国际城二区 2室2厅 南 北,318万,39207元/平,顶层 (共20层) | 2012年 | 2室2厅 | 81.11平米 | 南 北,https://ke-image.ljcdn.com/110000-inspection/pc1_BiAVk2xRy.jpg!m_fill,w_280,h_210,f_jpg?from=ke.com
20240131,房山,长阳,101121016117,国誉府经典南北四居满二年精装修,800万,49071元/平,高楼层 (共19层) | 2017年 | 4室2厅 | 163.03平米 | 南 北,https://ke-image.ljcdn.com/110000-inspection/pc1_cbB1BtDng_1.jpg!m_fill,w_280,h_210,f_jpg?from=ke.com
20240131,房山,长阳,101121015406,首创新悦都二区 高楼层 满五唯一 自住精装修,355万,43725元/平,高楼层 (共9层) 3室1厅 | 81.19平米 | 南 北,https://ke-image.ljcdn.com/110000-inspection/pc1_rFRqGHBXK.jpg!m_fill,w_280,h_210,f_jpg?from=ke.com
20240131,房山,长阳,101121013978,碧桂园小区C区 3室2厅 南 北,360万,28810元/平,高楼层 (共15层) | 2007年 | 3室2厅 | 124.96平米 | 南 北,https://ke-image.ljcdn.com/110000-inspection/ef9454ca-9a7b-46a6-83d6-d234468ee1bf_1000.jpg!m_fill,w_280,h_210,f_jpg?from=ke.com
20240131,房山,长阳,101121013187,金地朗悦润园 电梯洋房大三居 精装修 交通便利配套好,580万,46441元/平,中楼层 (共7层) | 2014年 | 3室2厅 | 124.89平米 | 南 北,https://ke-image.ljcdn.com/110000-inspection/pc1_6jPOIsWp3.jpg!m_fill,w_280,h_210,f_jpg?from=ke.com
20240131,房山,长阳,101121013053,金域缇香南向一居 万科物业精装修保持好拎包入住房主自荐,248万,39173元/平,中楼层 (共17层) | 2014年 | 1室1厅 | 63.31平米 | 南,https://ke-image.ljcdn.com/110000-inspection/pc1_tnu7YEvTP.jpg!m_fill,w_280,h_210,f_jpg?from=ke.com
20240131,房山,长阳,101121012830,北京城建·广悦居 西向一居室 小区中间位置 好楼层,200万,30657元/平,中楼层 (共20层) | 2016年 | 1室1厅 | 65.24平米 | 西,https://ke-image.ljcdn.com/110000-inspection/pc1_wvTea6BJD.jpg!m_fill,w_280,h_210,f_jpg?from=ke.com
20240131,房山,长阳,101121012171,徜徉嘉园8号院 3室1厅 南 北房主自荐,580万,47788元/平,低楼层 (共18层) | 2014年 | 3室1厅 | 121.37平米 | 南 北,https://ke-image.ljcdn.com/110000-inspection/pc1_wREjvndkp.jpg!m_fill,w_280,h_210,f_jpg?from=ke.com
20240131,房山,长阳,101121006955,万科长阳天地5号院 新上房源 精装修万科品质 分车分流,438万,46576元/平,低楼层 (共11层) 3室1厅 | 94.04平米 | 南 北,https://ke-image.ljcdn.com/110000-inspection/pc1_DCNeqDlaN.jpg!m_fill,w_280,h_210,f_jpg?from=ke.com
20240131,房山,长阳,101121005550,禾香雅园满五唯一中间位置店长推荐,325万,35037元/平,低楼层 (共8层) | 2013年 | 3室1厅 | 92.76平米 | 南 北,https://ke-image.ljcdn.com/110000-inspection/pc1_6NfP81ReN.jpg!m_fill,w_280,h_210,f_jpg?from=ke.com
20240131,房山,长阳,101121000130,万科.金域缇香 南北通透 满五唯一 看房方便,325万,38133元/平,高楼层 (共18层) | 2014年 | 2室1厅 | 85.23平米 | 南 北,https://ke-image.ljcdn.com/110000-inspection/pc1_EVZbOXU4L_1.jpg!m_fill,w_280,h_210,f_jpg?from=ke.com
20240131,房山,长阳,101120998618,加州水郡满五唯一两居二次精装位置好 门口近房主自荐,228万,26040元/平,顶层 (共14层) 2室1厅 | 87.56平米 | 西,https://ke-image.ljcdn.com/110000-inspection/6786cd0d-3a4d-459c-be78-063fd824e4ab_1000.jpg!m_fill,w_280,h_210,f_jpg?from=ke.com
20240131,房山,长阳,101120994632,加州四期 位置好 精装修拎包入住配套齐全交通方便房主自荐,255万,27414元/平,高楼层 (共14层) | 2011年 | 2室1厅 | 93.02平米 | 西 北,https://ke-image.ljcdn.com/110000-inspection/pc1_dXNulSO7a.jpg!m_fill,w_280,h_210,f_jpg?from=ke.com
20240131,房山,长阳,101120993714,碧桂园小区C区 南北一居室 高楼层 视野好,230万,33914元/平,高楼层 (共16层) | 2007年 | 1室2厅 | 67.82平米 | 南 北,https://ke-image.ljcdn.com/110000-inspection/80ae93af-e393-490d-9a83-28b09498fb9a_1000.jpg!m_fill,w_280,h_210,f_jpg?from=ke.com
20240131,房山,长阳,101120988483,精装修  中间楼层采光视野好 诚心出售两居室,240万,27098元/平,中楼层 (共15层) | 2011年 | 2室1厅 | 88.57平米 | 西,https://ke-image.ljcdn.com/110000-inspection/8307e248-0023-4bdf-a8e8-80c7103d14ac_1000.jpg!m_fill,w_280,h_210,f_jpg?from=ke.com
20240131,房山,长阳,101120987526,此房满五唯一楼层位置好采光好视野佳,198万,35554元/平,低楼层 (共28层) 2室1厅 | 55.69平米 | 南,https://ke-image.ljcdn.com/110000-inspection/pc1_fupjqPw1o_2.jpg!m_fill,w_280,h_210,f_jpg?from=ke.com
20240131,房山,长阳,101120986119,康泽佳苑南区南北两居室业主诚心出售,173万,32809元/平,底层 (共18层) | 2014年 | 2室1厅 | 52.73平米 | 南 北,https://ke-image.ljcdn.com/110000-inspection/pc1_iHPfmTxPw_1.jpg!m_fill,w_280,h_210,f_jpg?from=ke.com
20240131,房山,长阳,101120984788,近地铁 南北通透 全明格局 采光充足 视野开阔,275万,30827元/平,低楼层 (共6层) | 2008年 | 2室1厅 | 89.21平米 | 南 北,https://ke-image.ljcdn.com/110000-inspection/71ad1601-cfa2-4d9d-971d-fb15e21719f8_1000.jpg!m_fill,w_280,h_210,f_jpg?from=ke.com
20240131,房山,长阳,101120981056,国誉府5-2-1-3 189.00m²,1150万,61096元/平,低楼层 (共8层) 5室2厅 | 188.23平米 | 南 西 北,https://ke-image.ljcdn.com/110000-inspection/pc1_iw99aF3ya_1.jpg!m_fill,w_280,h_210,f_jpg?from=ke.com
20240131,房山,长阳,101120980012,碧桂园小区二区 3室1厅 南 北,278万,25073元/平,高楼层 (共6层) | 2004年 | 3室1厅 | 110.88平米 | 南 北,https://ke-image.ljcdn.com/110000-inspection/pc1_al5dAaHAd_2.jpg!m_fill,w_280,h_210,f_jpg?from=ke.com
20240131,房山,长阳,101120978926,世茂维拉 新上东西向两居室 有电梯,230万,29159元/平,低楼层 (共16层) | 2015年 | 2室1厅 | 78.88平米 | 东 西,https://ke-image.ljcdn.com/110000-inspection/pc1_ILMKn55qj_1.jpg!m_fill,w_280,h_210,f_jpg?from=ke.com
20240131,房山,长阳,101120974789,长阳国际城二区 3室1厅 南 北,395万,44482元/平,中楼层 (共20层) 3室1厅 | 88.8平米 | 南 北,https://ke-image.ljcdn.com/110000-inspection/pc1_fyOKv6Hl2.jpg!m_fill,w_280,h_210,f_jpg?from=ke.com
20240131,房山,长阳,101120972679,金隅畅和园9号院高楼层2居室采光好,270万,34160元/平,高楼层 (共21层) | 2016年 | 2室1厅 | 79.04平米 | 西北,https://ke-image.ljcdn.com/110000-inspection/pc1_ktOUvMjvj_1.jpg!m_fill,w_280,h_210,f_jpg?from=ke.com
20240131,房山,长阳,101120967943,此房满五唯一 南北通透 方正户型 采光好 配套齐全房主自荐,360万,40373元/平,高楼层 (共15层) | 2012年 | 3室1厅 | 89.17平米 | 南 北,https://ke-image.ljcdn.com/110000-inspection/pc1_GQRvzvFBG.jpg!m_fill,w_280,h_210,f_jpg?from=ke.com
20240131,房山,长阳,101120965725,金地朗悦朗园南向两居满五唯一看房方便,358万,45519元/平,低楼层 (共14层) | 2013年 | 2室1厅 | 78.65平米 | 南,https://ke-image.ljcdn.com/110000-inspection/pc1_mSaAA6kb9.jpg!m_fill,w_280,h_210,f_jpg?from=ke.com
20240131,房山,长阳,101120964826,满五年唯一篱笆房地铁南北三居近公园,375万,42484元/平,低楼层 (共9层) | 2011年 | 3室1厅 | 88.27平米 | 南 北,https://ke-image.ljcdn.com/110000-inspection/pc1_nJNXJS2OQ.jpg!m_fill,w_280,h_210,f_jpg?from=ke.com
20240131,房山,长阳,101120964051,金隅糖 2室1厅 南 北,365万,42075元/平,中楼层 (共16层) | 2017年 | 2室1厅 | 86.75平米 | 南 北,https://ke-image.ljcdn.com/110000-inspection/pc1_1jTP1WQSB_1.jpg!m_fill,w_280,h_210,f_jpg?from=ke.com
20240131,房山,长阳,101120964011,满五唯一楼层位置好南北通透无遮挡自住简装,398万,40382元/平,中楼层 (共10层) | 2015年 | 3室2厅 | 98.56平米 | 南 北,https://ke-image.ljcdn.com/110000-inspection/pc1_n1wZaVV3W.jpg!m_fill,w_280,h_210,f_jpg?from=ke.com
20240131,房山,长阳,101120960841,合景领峰7号院墅区 高楼层 采光视野好 南北向 安静,410万,41373元/平,高楼层 (共18层) | 2015年 | 3室2厅 | 99.1平米 | 南 北,https://ke-image.ljcdn.com/110000-inspection/pc1_KCdGszwY5_1.jpg!m_fill,w_280,h_210,f_jpg?from=ke.com
20240131,房山,长阳,101120960579,康泽佳苑南区 2室1厅 南,220万,41557元/平,中楼层 (共18层) | 2014年 | 2室1厅 | 52.94平米 | 南,https://ke-image.ljcdn.com/110000-inspection/pc1_XZpNeeBap.jpg!m_fill,w_280,h_210,f_jpg?from=ke.com
20240131,房山,长阳,101120960019,碧桂园小区二区一居室业主诚意出售精装修配套好。房主自荐,159万,27329元/平,高楼层 (共6层) | 2007年 | 1室1厅 | 58.18平米 | 南,https://ke-image.ljcdn.com/110000-inspection/dd9806cc-cfe1-403c-aa9b-8998427b7cee_1000.jpg!m_fill,w_280,h_210,f_jpg?from=ke.com
20240131,房山,长阳,101120959805,长阳国际城三区一梯两户小三居,349万,39302元/平,中楼层 (共15层) | 2012年 | 3室1厅 | 88.8平米 | 南 北,https://ke-image.ljcdn.com/110000-inspection/pc1_wyUcx2VKd.jpg!m_fill,w_280,h_210,f_jpg?from=ke.com
20240131,房山,长阳,101120959026,长阳半岛怡和路1号院  东南向  精装修  诚心出售房主自荐,493万,49002元/平,低楼层 (共20层) | 2013年 | 3室2厅 | 100.61平米 | 东南 北,https://ke-image.ljcdn.com/110000-inspection/pc1_SUuQnAgGA.jpg!m_fill,w_280,h_210,f_jpg?from=ke.com
20240131,房山,长阳,101120956529,万科金域公园高楼层南北两居、满五唯一、看公园,379万,40779元/平,高楼层 (共10层) | 2015年 | 2室1厅 | 92.94平米 | 南 北,https://ke-image.ljcdn.com/110000-inspection/38531001-38e2-45ef-8735-fe778a0307ab_1000.jpg!m_fill,w_280,h_210,f_jpg?from=ke.com
20240131,房山,长阳,101120956461,万年广阳郡精装修五恒系统科技住宅,616万,44390元/平,中楼层 (共12层) | 2017年 | 3室2厅 | 138.77平米 | 南 北,https://ke-image.ljcdn.com/110000-inspection/51529514-0152-4f76-a179-02a641c8eebf_1000.jpg!m_fill,w_280,h_210,f_jpg?from=ke.com
20240131,房山,长阳,101120955012,加州水郡四期 精装修一居室 全明格局拎包入住,200万,33974元/平,低楼层 (共11层) | 2011年 | 1室1厅 | 58.87平米 | 西北,https://ke-image.ljcdn.com/110000-inspection/pc1_H7eVz5aGo.jpg!m_fill,w_280,h_210,f_jpg?from=ke.com
20240131,房山,长阳,101120954355,万科金域缇香南北通透三居室满五唯一业主 诚心出售,460万,42323元/平,高楼层 (共18层) | 2015年 | 3室1厅 | 108.69平米 | 南 北,https://ke-image.ljcdn.com/110000-inspection/pc1_ZQmrdR8ii_1.jpg!m_fill,w_280,h_210,f_jpg?from=ke.com
20240131,房山,长阳,101120952902,长景新园 满五唯一 商品房 明厨明卫,290万,35918元/平,低楼层 (共6层) | 2011年 | 2室1厅 | 80.74平米 | 南 北,https://ke-image.ljcdn.com/110000-inspection/pc1_uYPG8Wgca.jpg!m_fill,w_280,h_210,f_jpg?from=ke.com
20240131,房山,长阳,101120951381,满五唯一业主诚心卖看房提前预约低楼层,515万,49952元/平,低楼层 (共9层) 3室2厅 | 103.1平米 | 南 北,https://ke-image.ljcdn.com/110000-inspection/pc1_lD8XElyJK_1.jpg!m_fill,w_280,h_210,f_jpg?from=ke.com
20240131,房山,长阳,101120947274,绿地花都苑 满五唯一南北通透大三居两卫,435万,32851元/平,底层 (共14层) | 2012年 | 3室1厅 | 132.42平米 | 南 北,https://ke-image.ljcdn.com/110000-inspection/873fc97a-3e4e-4b41-8e85-e80d9af2022e_1000.jpg!m_fill,w_280,h_210,f_jpg?from=ke.com
20240131,房山,长阳,101120944739,长阳半岛祥云街2号院 诚心出售,368万,41077元/平,顶层 (共28层) 2室1厅 | 89.59平米 | 南,https://ke-image.ljcdn.com/110000-inspection/pc1_n7EjXEERg_1.jpg!m_fill,w_280,h_210,f_jpg?from=ke.com
20240131,房山,长阳,101120944237,金隅糖 2室1厅 南 北,360万,43037元/平,低楼层 (共16层) 2室1厅 | 83.65平米 | 南 北,https://ke-image.ljcdn.com/110000-inspection/pc1_nVhS3skh7_1.jpg!m_fill,w_280,h_210,f_jpg?from=ke.com
20240131,房山,长阳,101120943533,房屋全明格局楼层高采光好业主诚心出售,535万,49341元/平,低楼层 (共11层) | 2015年 | 3室1厅 | 108.43平米 | 南 北,https://ke-image.ljcdn.com/110000-inspection/pc1_DAaDBpl0G.jpg!m_fill,w_280,h_210,f_jpg?from=ke.com
20240131,房山,长阳,101120941829,长龙苑小区 3室1厅 南 北,235万,23851元/平,顶层 (共6层) 3室1厅 | 98.53平米 | 南 北,https://ke-image.ljcdn.com/110000-inspection/pc1_qV3KAfDNr_1.jpg!m_fill,w_280,h_210,f_jpg?from=ke.com
20240131,房山,长阳,101120941283,满五唯一 边户采光好 位置安静 诚心出售,508万,37778元/平,低楼层 (共9层) 4室1厅 | 134.47平米 | 南 西 北,https://ke-image.ljcdn.com/110000-inspection/pc1_JmuAxC8mG.jpg!m_fill,w_280,h_210,f_jpg?from=ke.com
20240131,房山,长阳,101120939951,世茂维拉 新上南北两居室近地铁诚心出售,270万,39262元/平,高楼层 (共16层) | 2015年 | 2室1厅 | 68.77平米 | 南 北,https://ke-image.ljcdn.com/110000-inspection/09e673dd-3325-4913-a998-6dac174cb3d9_1000.jpg!m_fill,w_280,h_210,f_jpg?from=ke.com
20240131,房山,长阳,101120936736,此房精装修看房方便楼层位置好,335万,40299元/平,中楼层 (共21层) | 2013年 | 2室1厅 | 83.13平米 | 南,https://ke-image.ljcdn.com/110000-inspection/pc1_b8vrARRbn.jpg!m_fill,w_280,h_210,f_jpg?from=ke.com
20240131,房山,长阳,101120933616,中粮京西祥云 四室两厅三卫 拎包入住 东边户 一梯一户,850万,60889元/平,低楼层 (共16层) | 2018年 | 4室2厅 | 139.6平米 | 南 北,https://ke-image.ljcdn.com/110000-inspection/pc1_V1ANSBY0y.jpg!m_fill,w_280,h_210,f_jpg?from=ke.com
20240131,房山,长阳,101120933174,徜徉嘉园5号院 南北通透三居 全明格局 中间层采光充足,520万,46788元/平,高楼层 (共18层) | 2012年 | 3室1厅 | 111.14平米 | 南 北,https://ke-image.ljcdn.com/110000-inspection/pc1_7LUmL4PGl_1.jpg!m_fill,w_280,h_210,f_jpg?from=ke.com
20240131,房山,长阳,101120933154,金地朗悦朗园 两居户型私密明厨明卫无遮挡无噪音,355万,45172元/平,低楼层 (共14层) | 2013年 | 2室1厅 | 78.59平米 | 南,https://ke-image.ljcdn.com/110000-inspection/pc1_xR2qmmZm8.jpg!m_fill,w_280,h_210,f_jpg?from=ke.com
20240131,房山,长阳,101120931663,（店长推荐）熹园1号院满五唯一 精装修 阳台落地窗,409万,42061元/平,顶层 (共9层) | 2013年 | 3室2厅 | 97.24平米 | 南 北,https://ke-image.ljcdn.com/110000-inspection/pc1_OLrSnYED1_1.jpg!m_fill,w_280,h_210,f_jpg?from=ke.com
20240131,房山,长阳,101120930673,万年广阳郡九号 南北通透 精装修 采光好视野开阔,1000万,52607元/平,中楼层 (共7层) 4室2厅 | 190.09平米 | 南 北,https://ke-image.ljcdn.com/110000-inspection/pc1_B8CiV728o.jpg!m_fill,w_280,h_210,f_jpg?from=ke.com
20240131,房山,长阳,101120929234,万科金域缇香中间楼层满五唯一全明格局诚心出售房主自荐,426万,40326元/平,中楼层 (共18层) | 2015年 | 3室1厅 | 105.64平米 | 东 南 北,https://ke-image.ljcdn.com/110000-inspection/pc1_v305xwgeR_1.jpg!m_fill,w_280,h_210,f_jpg?from=ke.com
20240131,房山,长阳,101120928988,清苑嘉园  一居室  精装修  自住  诚意出售,168万,28317元/平,低楼层 (共17层) | 2017年 | 1室1厅 | 59.33平米 | 南,https://ke-image.ljcdn.com/110000-inspection/pc1_BEJIEC5ka.jpg!m_fill,w_280,h_210,f_jpg?from=ke.com
20240131,房山,长阳,101120924705,首开熙悦山熹园1号院 全南两居室 店长推荐 诚心出售房主自荐,339万,40362元/平,低楼层 (共20层) | 2013年 | 2室1厅 | 83.99平米 | 南,https://ke-image.ljcdn.com/110000-inspection/pc1_0qh3Q0WfK.jpg!m_fill,w_280,h_210,f_jpg?from=ke.com
20240131,房山,长阳,101120922806,万科新里程57号院 2室1厅 南,390万,43377元/平,中楼层 (共9层) | 2013年 | 2室1厅 | 89.91平米 | 南,https://ke-image.ljcdn.com/110000-inspection/pc1_Y8qYcNlrl_1.jpg!m_fill,w_280,h_210,f_jpg?from=ke.com
20240131,房山,长阳,101120919951,长龙苑小区南北通透满五唯一位置安静采光好。,209万,23428元/平,顶层 (共5层) | 2004年 | 2室1厅 | 89.21平米 | 南 北,https://ke-image.ljcdn.com/110000-inspection/pc1_nReIhaH9U.jpg!m_fill,w_280,h_210,f_jpg?from=ke.com
20240131,房山,长阳,101120919171,康泽佳苑北区南向一居室业主诚心出售,239万,39485元/平,高楼层 (共30层) 1室1厅 | 60.53平米 | 南,https://ke-image.ljcdn.com/110000-inspection/pc1_3uIkvgKze.jpg!m_fill,w_280,h_210,f_jpg?from=ke.com
20240131,房山,长阳,101120918708,康泽佳苑南区 3室1厅 南 北,236万,37148元/平,中楼层 (共18层) | 2014年 | 3室1厅 | 63.53平米 | 南 北,https://ke-image.ljcdn.com/110000-inspection/pc1_WtaqTfQjv_1.jpg!m_fill,w_280,h_210,f_jpg?from=ke.com
20240131,房山,长阳,101120917900,移民诚售改善大三居精装双卫采光充足双车位房主自荐,558万,40994元/平,中楼层 (共9层) | 2013年 | 3室1厅 | 136.12平米 | 南 北,https://ke-image.ljcdn.com/110000-inspection/dc697eb1-39f5-4f33-974a-ae9f4f26caee_1000.jpg!m_fill,w_280,h_210,f_jpg?from=ke.com
20240131,房山,长阳,101120916770,加州三期大两居南北通透大阳台大客厅只有契税,285万,30938元/平,中楼层 (共14层) | 2010年 | 2室2厅 | 92.12平米 | 南 北,https://ke-image.ljcdn.com/110000-inspection/pc1_nkXEFyVMS_2.jpg!m_fill,w_280,h_210,f_jpg?from=ke.com
20240131,房山,长阳,101120913598,天泰新景 2室1厅 南 北,270万,27552元/平,高楼层 (共6层) 2室1厅 | 98平米 | 南 北,https://ke-image.ljcdn.com/110000-inspection/pc1_34mc6s4QI_1.jpg!m_fill,w_280,h_210,f_jpg?from=ke.com
20240131,房山,长阳,101120912189,长阳半岛怡和南路8号院精装南向两居室16年年底交房,450万,51288元/平,中楼层 (共13层) | 2016年 | 2室1厅 | 87.74平米 | 南,https://ke-image.ljcdn.com/110000-inspection/pc1_jWvzCavW3_1.jpg!m_fill,w_280,h_210,f_jpg?from=ke.com
20240131,房山,长阳,101120911886,碧桂园小区A区优质三居室 户型方正,288万,23700元/平,底层 (共6层) | 2001年 | 3室2厅 | 121.52平米 | 南 北,https://ke-image.ljcdn.com/110000-inspection/pc1_ExhZDgfOm.jpg!m_fill,w_280,h_210,f_jpg?from=ke.com
20240131,房山,长阳,101120910941,金域缇香 3室2厅 南 北,410万,39942元/平,中楼层 (共18层) | 2015年 | 3室2厅 | 102.65平米 | 南 北,https://ke-image.ljcdn.com/110000-inspection/33a31465-3cd0-43e4-9e10-e14bd822e361_1000.jpg!m_fill,w_280,h_210,f_jpg?from=ke.com
20240131,房山,长阳,101120910471,徜徉嘉园6号院精装三居室 高楼层视野好 满五唯一,399万,45290元/平,顶层 (共11层) 3室1厅 | 88.1平米 | 南 北,https://ke-image.ljcdn.com/110000-inspection/pc1_DKxZ5F60J.jpg!m_fill,w_280,h_210,f_jpg?from=ke.com
20240131,房山,长阳,101120909673,长阳半岛怡和路1号院 诚心出售 靠谱签约,365万,44496元/平,高楼层 (共18层) | 2014年 | 2室1厅 | 82.03平米 | 南,https://ke-image.ljcdn.com/110000-inspection/pc1_sZ9YfRvtR.jpg!m_fill,w_280,h_210,f_jpg?from=ke.com
20240131,房山,长阳,101120908830,金地朗悦朗园 小区中间位置 电梯入户 视野好 配套成熟,439万,49128元/平,中楼层 (共8层) | 2013年 | 3室1厅 | 89.36平米 | 南 北,https://ke-image.ljcdn.com/110000-inspection/pc1_X7VIjJVUA_1.jpg!m_fill,w_280,h_210,f_jpg?from=ke.com
20240131,房山,长阳,101120908446,加州水郡三期 2室1厅 西房主自荐,280万,31979元/平,高楼层 (共14层) | 2010年 | 2室1厅 | 87.56平米 | 西,https://ke-image.ljcdn.com/110000-inspection/pc1_MdXRdIwcz_1.jpg!m_fill,w_280,h_210,f_jpg?from=ke.com
20240131,房山,长阳,101120908232,原香小镇一区南北全明格局两居 不临街 随时可看,310万,35076元/平,中楼层 (共10层) | 2010年 | 2室1厅 | 88.38平米 | 南 北,https://ke-image.ljcdn.com/110000-inspection/pc1_E2FxhfiYs.jpg!m_fill,w_280,h_210,f_jpg?from=ke.com
20240131,房山,长阳,101120907580,正规一居室西北向楼层好采光好户型方正 全明格局房主自荐,196万,33351元/平,低楼层 (共11层) | 2011年 | 1室1厅 | 58.77平米 | 西北,https://ke-image.ljcdn.com/110000-inspection/pc1_bhpQOsuvW.jpg!m_fill,w_280,h_210,f_jpg?from=ke.com
20240131,房山,长阳,101120906783,人车分流社区等同于满五唯一精装修可拎包入住带储藏间,410万,42400元/平,高楼层 (共10层) | 2013年 | 2室1厅 | 96.7平米 | 南,https://ke-image.ljcdn.com/110000-inspection/pc1_yWFne1lD1_1.jpg!m_fill,w_280,h_210,f_jpg?from=ke.com
20240131,房山,长阳,101120906543,楼层好位置好 南向视野宽阔 户型方正 精装修采光充足,273万,31383元/平,中楼层 (共14层) | 2011年 | 2室1厅 | 86.99平米 | 南,https://ke-image.ljcdn.com/110000-inspection/pc1_qTTtpj9UH.jpg!m_fill,w_280,h_210,f_jpg?from=ke.com
20240131,房山,长阳,101120905743,金隅糖 2室1厅 南 北,356万,40719元/平,中楼层 (共16层) | 2017年 | 2室1厅 | 87.43平米 | 南 北,https://ke-image.ljcdn.com/110000-inspection/pc1_xwCipANqT.jpg!m_fill,w_280,h_210,f_jpg?from=ke.com
20240131,房山,长阳,101120905710,距离小区门口近仅有契税出行方便楼通车库,280万,32318元/平,中楼层 (共11层) | 2010年 | 2室1厅 | 86.64平米 | 西,https://ke-image.ljcdn.com/110000-inspection/pc1_mfQqXSlQU.jpg!m_fill,w_280,h_210,f_jpg?from=ke.com
20240131,房山,长阳,101120903572,康泽佳苑南区 1室1厅 东 南,168万,39576元/平,高楼层 (共28层) | 2014年 | 1室1厅 | 42.45平米 | 东 南,https://ke-image.ljcdn.com/110000-inspection/pc1_nPS9sxDIW.jpg!m_fill,w_280,h_210,f_jpg?from=ke.com
20240131,房山,长阳,101120903020,《优质房源》满五年唯一高楼层采光好3居房主靠谱,410万,43177元/平,中楼层 (共11层) 3室1厅 | 94.96平米 | 南 北,https://ke-image.ljcdn.com/110000-inspection/pc1_kB34r8p2N_1.jpg!m_fill,w_280,h_210,f_jpg?from=ke.com
20240131,房山,长阳,101120902997,诚心卖位置好万科大两居室挨着长阳地铁站,445万,49047元/平,中楼层 (共21层) | 2014年 | 2室1厅 | 90.73平米 | 南,https://ke-image.ljcdn.com/110000-inspection/pc1_xxVdWEaDp.jpg!m_fill,w_280,h_210,f_jpg?from=ke.com
20240131,房山,长阳,101120901226,长阳 首开熙悦山熹园 精装2居 满五唯一 随时看房,348万,41843元/平,低楼层 (共21层) | 2013年 | 2室1厅 | 83.17平米 | 南,https://ke-image.ljcdn.com/110000-inspection/pc1_KQXgQqomA.jpg!m_fill,w_280,h_210,f_jpg?from=ke.com
20240131,房山,长阳,101120900225,满五唯一 小区中间位置 南北通透 二次装修 诚心出售,289万,33272元/平,低楼层 (共10层) | 2012年 | 2室1厅 | 86.86平米 | 南 北,https://ke-image.ljcdn.com/110000-inspection/pc1_dZsQKgpRG.jpg!m_fill,w_280,h_210,f_jpg?from=ke.com
20240131,房山,长阳,101120899928,金隅畅和园9号院  南向一居室  户型方正 看房方便,216万,33119元/平,中楼层 (共22层) 1室1厅 | 65.22平米 | 南,https://ke-image.ljcdn.com/110000-inspection/pc1_E5ToWh35S_1.jpg!m_fill,w_280,h_210,f_jpg?from=ke.com
20240131,房山,长阳,101120898384,诚心出售看房方便配套完善交通便利可拎包入住,276万,30430元/平,中楼层 (共15层) | 2010年 | 2室1厅 | 90.7平米 | 南,https://ke-image.ljcdn.com/110000-inspection/pc1_RcwGOqdrR.jpg!m_fill,w_280,h_210,f_jpg?from=ke.com
20240131,房山,长阳,101120896914,长阳光合作用 精装南北2居 满五唯一 带地暖 价格能谈房主自荐,300万,33883元/平,低楼层 (共11层) | 2016年 | 2室1厅 | 88.54平米 | 南 北,https://ke-image.ljcdn.com/110000-inspection/pc1_ZQPuKAHZf_1.jpg!m_fill,w_280,h_210,f_jpg?from=ke.com
20240131,房山,长阳,101120892248,金隅畅和园4号院  中间楼层  诚心出售  看房方便房主自荐,224万,34178元/平,中楼层 (共20层) | 2016年 | 1室1厅 | 65.54平米 | 东,https://ke-image.ljcdn.com/110000-inspection/pc1_1t9EmJ87w.jpg!m_fill,w_280,h_210,f_jpg?from=ke.com
20240131,房山,长阳,101120891610,馨然嘉园三区精装小三居业主诚意出售,400万,44859元/平,中楼层 (共15层) | 2012年 | 3室1厅 | 89.17平米 | 南 北,https://ke-image.ljcdn.com/110000-inspection/pc1_6tOSCvoMR_1.jpg!m_fill,w_280,h_210,f_jpg?from=ke.com
20240131,房山,长阳,101120890978,天资璟庭 满五唯一 高楼层三居室,415万,32010元/平,顶层 (共11层) | 2013年 | 3室1厅 | 129.65平米 | 南 北,https://ke-image.ljcdn.com/110000-inspection/6fea0e59-9dcc-4da0-8cc9-d46f97d6ae06_1000.jpg!m_fill,w_280,h_210,f_jpg?from=ke.com
20240131,房山,长阳,101120890832,康泽佳苑南区精装3居南北通透满五唯一楼层好位置佳,260万,39738元/平,顶层 (共28层) | 2014年 | 3室1厅 | 65.43平米 | 南 北,https://ke-image.ljcdn.com/110000-inspection/pc1_3bzvElEXX.jpg!m_fill,w_280,h_210,f_jpg?from=ke.com
20240131,房山,长阳,101120890615,南北通透视野好采光无遮挡装修好,293万,32981元/平,顶层 (共10层) | 2010年 | 2室1厅 | 88.84平米 | 北 南,https://ke-image.ljcdn.com/110000-inspection/pc1_iIs7nD9YG_2.jpg!m_fill,w_280,h_210,f_jpg?from=ke.com
20240131,房山,长阳,101120889567,加州水郡三期 南向大两居 看房方便 诚意出售 位置安静,239万,26264元/平,高楼层 (共15层) | 2009年 | 2室1厅 | 91平米 | 西南,https://ke-image.ljcdn.com/110000-inspection/pc1_hmzX9TNGb.jpg!m_fill,w_280,h_210,f_jpg?from=ke.com
20240131,房山,长阳,101120889335,加州水郡北区三居不临街通地库只有契税,375万,26042元/平,底层 (共14层) 3室2厅 | 144平米 | 东南 北,https://ke-image.ljcdn.com/110000-inspection/pc1_2uin2OhA7.jpg!m_fill,w_280,h_210,f_jpg?from=ke.com
20240131,房山,长阳,101120889226,长阳半岛怡和南路10号院 3室1厅 南 北,519万,47874元/平,中楼层 (共11层) | 2015年 | 3室1厅 | 108.41平米 | 南 北,https://ke-image.ljcdn.com/110000-inspection/pc1_xntz2L7yy.jpg!m_fill,w_280,h_210,f_jpg?from=ke.com
20240131,房山,长阳,101120884473,商品房满五唯一中间楼层精装修随时签约。房主自荐,199万,26285元/平,中楼层 (共15层) | 2009年 | 2室1厅 | 75.71平米 | 东 北,https://ke-image.ljcdn.com/110000-inspection/4638a9bf-4931-42da-b802-baa91ffbf6c0_1000.jpg!m_fill,w_280,h_210,f_jpg?from=ke.com
20240131,房山,长阳,101120882883,万科长阳天地5号院 精装修万科物业人车分流 环境好,380万,47024元/平,中楼层 (共21层) | 2016年 | 2室1厅 | 80.81平米 | 南,https://ke-image.ljcdn.com/110000-inspection/pc1_7gFa02h6S_1.jpg!m_fill,w_280,h_210,f_jpg?from=ke.com
20240131,房山,长阳,101120882471,长阳国际城二区 高楼层 视野好,335万,41405元/平,高楼层 (共20层) | 2012年 | 2室1厅 | 80.91平米 | 南,https://ke-image.ljcdn.com/110000-inspection/pc1_fbGfC7zXy.jpg!m_fill,w_280,h_210,f_jpg?from=ke.com
20240131,房山,长阳,101120880808,长阳国际城三区 满五唯一 中间楼层 没有遮挡房主自荐,339万,38198元/平,低楼层 (共15层) 3室2厅 | 88.75平米 | 南 北,https://ke-image.ljcdn.com/110000-inspection/pc1_4QCSL06MH.jpg!m_fill,w_280,h_210,f_jpg?from=ke.com
20240131,房山,长阳,101120880156,长阳半岛3号院 满五唯一 南北通透 精装修拎包入住,389万,44987元/平,低楼层 (共18层) | 2013年 | 2室1厅 | 86.47平米 | 南 北,https://ke-image.ljcdn.com/110000-inspection/pc1_IYkpWOoX6_1.jpg!m_fill,w_280,h_210,f_jpg?from=ke.com
20240131,房山,长阳,101120875969,精装修 业主没怎么住过 楼层好 采光充足 视野开阔,370万,39387元/平,高楼层 (共16层) | 2014年 | 2室1厅 | 93.94平米 | 南,https://ke-image.ljcdn.com/110000-inspection/pc1_YDniyNOfl.jpg!m_fill,w_280,h_210,f_jpg?from=ke.com
20240131,房山,长阳,101120875966,温庄子家园方正户型南北通透！,278万,25958元/平,高楼层 (共6层) | 2003年 | 2室1厅 | 107.1平米 | 南 北,https://ke-image.ljcdn.com/110000-inspection/pc1_PcqTF4PgF.jpg!m_fill,w_280,h_210,f_jpg?from=ke.com
20240131,房山,长阳,101120873103,满五唯一 南北通透 一梯两户 诚心出售,379万,41805元/平,低楼层 (共9层) | 2013年 | 3室1厅 | 90.66平米 | 南 北,https://ke-image.ljcdn.com/110000-inspection/pc1_lCCmoTkxm_2.jpg!m_fill,w_280,h_210,f_jpg?from=ke.com
20240131,房山,长阳,101120871505,三房朝南双明卫全通透好楼层出行方便,415万,27484元/平,中楼层 (共14层) 3室2厅 | 151平米 | 南 北,https://ke-image.ljcdn.com/110000-inspection/pc1_l93mgnK9l.jpg!m_fill,w_280,h_210,f_jpg?from=ke.com
20240131,房山,长阳,101120869491,国际花园2号院南北2居室满五年唯一房主自荐,299万,39426元/平,低楼层 (共18层) | 2014年 | 2室1厅 | 75.84平米 | 南 北,https://ke-image.ljcdn.com/110000-inspection/pc1_xYzGHF5y6.jpg!m_fill,w_280,h_210,f_jpg?from=ke.com
20240131,房山,长阳,101120868836,长景新园 满五年唯一 商品房 不临街 三居室,365万,35093元/平,底层 (共11层) | 2011年 | 3室1厅 | 104.01平米 | 南 北,https://ke-image.ljcdn.com/110000-inspection/pc1_3d3dsZtXo_1.jpg!m_fill,w_280,h_210,f_jpg?from=ke.com
20240131,房山,长阳,101120868770,精装修 中间楼层采光视野好 诚心出售两居室,249万,28158元/平,中楼层 (共14层) | 2011年 | 2室1厅 | 88.43平米 | 西,https://ke-image.ljcdn.com/110000-inspection/pc1_2SO0tzONI.jpg!m_fill,w_280,h_210,f_jpg?from=ke.com
20240131,房山,长阳,101120868399,国际花园3号院 3室1厅 南 北,335万,37331元/平,低楼层 (共18层) | 2014年 | 3室1厅 | 89.74平米 | 南 北,https://ke-image.ljcdn.com/110000-inspection/pc1_rL8vhqOHb_1.jpg!m_fill,w_280,h_210,f_jpg?from=ke.com
20240131,房山,长阳,101120867332,首开熙悦山澜庭    精装修  全南2居  诚心出售房主自荐,378万,45038元/平,低楼层 (共21层) | 2014年 | 2室1厅 | 83.93平米 | 南,https://ke-image.ljcdn.com/110000-inspection/pc1_ZYWDCroW1_1.jpg!m_fill,w_280,h_210,f_jpg?from=ke.com
20240131,房山,长阳,101120863548,徜徉嘉园5号院 3室2厅 南 北,639万,46288元/平,中楼层 (共16层) | 2012年 | 3室2厅 | 138.05平米 | 南 北,https://ke-image.ljcdn.com/110000-inspection/pc1_xPAQskVPE.jpg!m_fill,w_280,h_210,f_jpg?from=ke.com
20240131,房山,长阳,101120862633,碧桂园小区C区 1室1厅 南房主自荐,179万,31716元/平,低楼层 (共11层) | 2007年 | 1室1厅 | 56.44平米 | 南,https://ke-image.ljcdn.com/110000-inspection/pc1_Odtel8bqK.jpg!m_fill,w_280,h_210,f_jpg?from=ke.com
20240131,房山,长阳,101120849452,金隅畅和园4号院  南向  一居室  中间楼层,230万,34833元/平,中楼层 (共22层) 1室1厅 | 66.03平米 | 南,https://ke-image.ljcdn.com/110000-inspection/pc1_Y7igbm0pd.jpg!m_fill,w_280,h_210,f_jpg?from=ke.com
20240131,房山,长阳,101120848242,此房满五年业主诚意出售格局方正无浪费面积。房主自荐,299万,37217元/平,低楼层 (共30层) 2室1厅 | 80.34平米 | 东南 北,https://ke-image.ljcdn.com/110000-inspection/pc1_5leMcn5Lq_1.jpg!m_fill,w_280,h_210,f_jpg?from=ke.com
20240131,房山,长阳,101120836794,{店长推荐}畅和园9号院精装修一居室,210万,31771元/平,中楼层 (共21层) 1室1厅 | 66.1平米 | 南,https://ke-image.ljcdn.com/110000-inspection/pc1_9xWAYlHSx_1.jpg!m_fill,w_280,h_210,f_jpg?from=ke.com
20240131,房山,长阳,101120835605,金地朗园一期 明厨明卫 为数不多《东南北》精装好房,425万,47561元/平,中楼层 (共14层) 3室1厅 | 89.36平米 | 东南 北,https://ke-image.ljcdn.com/110000-inspection/pc1_Oennd7C6d.jpg!m_fill,w_280,h_210,f_jpg?from=ke.com
20240131,房山,长阳,101120828004,长阳国际城三区明卫边户满五唯一业主诚意出售房主自荐,345万,38660元/平,低楼层 (共15层) | 2009年 | 3室1厅 | 89.24平米 | 南 北,https://ke-image.ljcdn.com/110000-inspection/2237e399-8806-4f87-9899-799ff80f612e_1000.jpg!m_fill,w_280,h_210,f_jpg?from=ke.com
20240131,房山,长阳,101120821327,万科品质 满五唯一 价格可随便谈 南北通透  3居,425万,43183元/平,低楼层 (共10层) | 2014年 | 3室1厅 | 98.42平米 | 东 南 北,https://ke-image.ljcdn.com/110000-inspection/pc1_n0KMtBmEF.jpg!m_fill,w_280,h_210,f_jpg?from=ke.com
20240131,房山,长阳,101120819814,南北通透低楼层采光充足满五唯一,300万,30560元/平,低楼层 (共6层) 2室2厅 | 98.17平米 | 南 北,https://ke-image.ljcdn.com/110000-inspection/pc1_MiEzCwERC.jpg!m_fill,w_280,h_210,f_jpg?from=ke.com
20240131,房山,长阳,101120813909,西悦欣居 通透两居室 出行方便 全明格局 满五年唯一,288万,32400元/平,低楼层 (共21层) | 2012年 | 2室1厅 | 88.89平米 | 东 西,https://ke-image.ljcdn.com/110000-inspection/pc1_aPj20APb3.jpg!m_fill,w_280,h_210,f_jpg?from=ke.com
20240131,房山,长阳,101120806855,世茂维拉满五唯一正规一居中楼层,169万,28111元/平,中楼层 (共14层) | 2015年 | 1室1厅 | 60.12平米 | 西,https://ke-image.ljcdn.com/110000-inspection/pc1_a8tObBs9j_2.jpg!m_fill,w_280,h_210,f_jpg?from=ke.com
20240131,房山,长阳,101120805015,建邦华庭西区 精装修 满五唯一 看房子随时房主自荐,382万,44752元/平,高楼层 (共15层) 2室1厅 | 85.36平米 | 南 北,https://ke-image.ljcdn.com/110000-inspection/pc1_373FtTDss_1.jpg!m_fill,w_280,h_210,f_jpg?from=ke.com
20240131,房山,长阳,101120803591,此房南北通透三居室户型好随时可签。,458万,44649元/平,低楼层 (共12层) 3室1厅 | 102.58平米 | 南 北,https://ke-image.ljcdn.com/110000-inspection/pc1_ZmmLuJ6fw.jpg!m_fill,w_280,h_210,f_jpg?from=ke.com
20240131,房山,长阳,101120801879,碧桂园小区C区 2室2厅 南 北,301万,28918元/平,中楼层 (共11层) | 2006年 | 2室2厅 | 104.09平米 | 南 北,https://ke-image.ljcdn.com/110000-inspection/pc1_rdqb91373.jpg!m_fill,w_280,h_210,f_jpg?from=ke.com
20240131,房山,长阳,101120801691,满五唯一 精装 双卫户型 位置好 安静 出行方便 诚心卖,475万,45630元/平,低楼层 (共9层) | 2013年 | 3室2厅 | 104.1平米 | 南 北,https://ke-image.ljcdn.com/110000-inspection/pc1_16pPZvkeo.jpg!m_fill,w_280,h_210,f_jpg?from=ke.com
20240131,房山,长阳,101120797464,康泽北区 满五唯一 纯南向 两居,265万,33953元/平,底层 (共25层) 2室1厅 | 78.05平米 | 南,https://ke-image.ljcdn.com/110000-inspection/pc1_XjRbEWFdc.jpg!m_fill,w_280,h_210,f_jpg?from=ke.com
20240131,房山,长阳,101120795091,碧桂园小区C区 2室1厅 东 东南 南,253万,29536元/平,高楼层 (共16层) | 2007年 | 2室1厅 | 85.66平米 | 东 东南 南,https://ke-image.ljcdn.com/110000-inspection/b3d4a3b7-8a02-46d7-ab22-9ec603ad384a_1000.jpg!m_fill,w_280,h_210,f_jpg?from=ke.com
20240131,房山,长阳,101120794294,长阳半岛怡和路3号院万科精装两居室通风采光都好,413万,46141元/平,中楼层 (共21层) | 2014年 | 2室1厅 | 89.51平米 | 西南 北,https://ke-image.ljcdn.com/110000-inspection/pc1_bU10QHXde.jpg!m_fill,w_280,h_210,f_jpg?from=ke.com
20240131,房山,长阳,101120790415,加州水郡四期 西南朝向 户型方正 满五唯一,270万,30266元/平,中楼层 (共14层) | 2011年 | 2室1厅 | 89.21平米 | 西南,https://ke-image.ljcdn.com/110000-inspection/a0f8f055-e3e5-4e1b-b6e7-1e60e923f3e1_1000.jpg!m_fill,w_280,h_210,f_jpg?from=ke.com
20240131,房山,长阳,101120782290,长阳半岛4号院 南北通透 出行方便 保持好,459万,47973元/平,低楼层 (共9层) | 2012年 | 3室1厅 | 95.68平米 | 南 北,https://ke-image.ljcdn.com/110000-inspection/pc1_vgWa5HBzg.jpg!m_fill,w_280,h_210,f_jpg?from=ke.com
20240131,房山,长阳,101120781509,首开熙悦山澜庭 精装南向两居室  满五唯一,294万,42157元/平,高楼层 (共21层) | 2014年 | 2室1厅 | 69.74平米 | 南,https://ke-image.ljcdn.com/110000-inspection/pc1_zWboM3OGY.jpg!m_fill,w_280,h_210,f_jpg?from=ke.com
20240131,房山,长阳,101120778145,加州水郡四期  户型方正三居室 无遮挡 采光好配套齐全房主自荐,299万,32836元/平,中楼层 (共14层) 3室1厅 | 91.06平米 | 南 北,https://ke-image.ljcdn.com/110000-inspection/pc1_Sk6Ui2XsP.jpg!m_fill,w_280,h_210,f_jpg?from=ke.com
20240131,房山,长阳,101120769281,此房满五唯一业主诚心出售。采光好楼层好,232万,36450元/平,中楼层 (共18层) | 2014年 | 3室1厅 | 63.65平米 | 南 西 北,https://ke-image.ljcdn.com/110000-inspection/pc1_r64Gd4EFU_1.jpg!m_fill,w_280,h_210,f_jpg?from=ke.com
20240131,房山,长阳,101120766307,碧桂园小区C区 满五唯一 高楼层视野棒 优质两居诚心卖,265万,27895元/平,中楼层 (共16层) | 2007年 | 2室1厅 | 95平米 | 东南,https://ke-image.ljcdn.com/110000-inspection/a7778575-9868-4637-89bb-835577b683ce_1000.jpg!m_fill,w_280,h_210,f_jpg?from=ke.com
20240131,房山,长阳,101120766181,（店长推荐）精装三居 诚心出售  相当于满五唯一,298万,26386元/平,中楼层 (共6层) | 2007年 | 3室1厅 | 112.94平米 | 南 北,https://ke-image.ljcdn.com/110000-inspection/pc1_1L5EpmoOK.jpg!m_fill,w_280,h_210,f_jpg?from=ke.com
20240131,房山,长阳,101120760932,加州水郡三期南北两居室经典方正户型,290万,33193元/平,中楼层 (共11层) | 2010年 | 2室2厅 | 87.37平米 | 南 北,https://ke-image.ljcdn.com/110000-inspection/ba0bd185-4a72-4e12-81f6-fc4d77bb37ff_1000.jpg!m_fill,w_280,h_210,f_jpg?from=ke.com
20240131,房山,长阳,101120756240,长阳半岛怡和路8号院 高楼层保持好诚心出售,738万,45182元/平,高楼层 (共15层) | 2013年 | 3室1厅 | 163.34平米 | 南 北,https://ke-image.ljcdn.com/110000-inspection/pc1_MAmdjbr7e.jpg!m_fill,w_280,h_210,f_jpg?from=ke.com
20240131,房山,长阳,101120752039,金域缇香 边户小三居 明厨明卫 满五唯一,450万,41403元/平,高楼层 (共18层) | 2015年 | 3室2厅 | 108.69平米 | 南 北,https://ke-image.ljcdn.com/110000-inspection/pc1_aeF9jWgve_1.jpg!m_fill,w_280,h_210,f_jpg?from=ke.com
20240131,房山,长阳,101120751598,长景新园 精装修 全屋定制 南向 商品房 正规一居室房主自荐,268万,40551元/平,底层 (共11层) | 2019年 | 1室1厅 | 66.09平米 | 南,https://ke-image.ljcdn.com/110000-inspection/pc1_LjsgRYrWm_1.jpg!m_fill,w_280,h_210,f_jpg?from=ke.com
20240131,房山,长阳,101120750871,原香小镇一期 经典三居 精装修 出售,360万,39186元/平,中楼层 (共10层) | 2010年 | 3室1厅 | 91.87平米 | 南 北,https://ke-image.ljcdn.com/110000-inspection/40d041f6-0cfe-4386-8aa8-fe0bfafd93fe_1000.jpg!m_fill,w_280,h_210,f_jpg?from=ke.com
20240131,房山,长阳,101120749968,金隅糖南北通透三居室落地窗高楼层视野开阔房主自荐,419万,44900元/平,高楼层 (共10层) 3室2厅 | 93.32平米 | 南 北,https://ke-image.ljcdn.com/110000-inspection/pc1_bx9BZa1Ae_1.jpg!m_fill,w_280,h_210,f_jpg?from=ke.com
20240131,房山,长阳,101120749564,芭蕾雨悦都南区 3室1厅 南 北,408万,46275元/平,高楼层 (共9层) | 2013年 | 3室1厅 | 88.17平米 | 南 北,https://ke-image.ljcdn.com/110000-inspection/pc1_6NcDJyaaE_2.jpg!m_fill,w_280,h_210,f_jpg?from=ke.com
20240131,房山,长阳,101120737798,天资华府 3室1厅 南 北,395万,33376元/平,中楼层 (共18层) | 2015年 | 3室1厅 | 118.35平米 | 南 北,https://ke-image.ljcdn.com/110000-inspection/77e9952c-eed5-44ed-9f52-ec5b0b217219_1000.jpg!m_fill,w_280,h_210,f_jpg?from=ke.com
20240131,房山,长阳,101120732421,满五唯一南北双通透有电梯精装修可拎包入住！,309万,34212元/平,低楼层 (共11层) | 2011年 | 2室1厅 | 90.32平米 | 南 北,https://ke-image.ljcdn.com/110000-inspection/pc1_704ydosNq.jpg!m_fill,w_280,h_210,f_jpg?from=ke.com
20240131,房山,长阳,101120730192,中高楼层 采光好视野好 诚心出售 满五唯一,238万,26872元/平,中楼层 (共15层) | 2011年 | 2室1厅 | 88.57平米 | 西,https://ke-image.ljcdn.com/110000-inspection/pc1_NRkIIGxpt.jpg!m_fill,w_280,h_210,f_jpg?from=ke.com
20240131,房山,长阳,101120725544,万科金域缇香全南两居室满五唯一业主诚心出售,365万,43201元/平,低楼层 (共21层) | 2014年 | 2室1厅 | 84.49平米 | 南,https://ke-image.ljcdn.com/110000-inspection/pc1_6STL3ZRyD.jpg!m_fill,w_280,h_210,f_jpg?from=ke.com
20240131,房山,长阳,101120720335,建邦华庭西区中间位置满五唯一婚房精装修拎包入住,565万,51580元/平,底层 (共9层) | 2014年 | 3室1厅 | 109.54平米 | 南 北,https://ke-image.ljcdn.com/110000-inspection/7cbc4062-ff6b-43e8-b060-243f2ebea8aa_1000.jpg!m_fill,w_280,h_210,f_jpg?from=ke.com
20240131,房山,长阳,101120707320,本房满五唯一装修保持的不错诚心出售。,385万,42304元/平,中楼层 (共8层) | 2013年 | 2室1厅 | 91.01平米 | 南,https://ke-image.ljcdn.com/110000-inspection/pc1_3AjoxG70F_1.jpg!m_fill,w_280,h_210,f_jpg?from=ke.com
20240131,房山,长阳,101120706067,金域缇香 1室1厅 南,282万,44543元/平,高楼层 (共17层) 1室1厅 | 63.31平米 | 南,https://ke-image.ljcdn.com/110000-inspection/pc1_TtiYrpN6B.jpg!m_fill,w_280,h_210,f_jpg?from=ke.com
20240131,房山,长阳,101120700998,碧桂园小区C区 南北通透观景房三居室落地窗满五唯一,350万,29684元/平,中楼层 (共16层) | 2007年 | 3室1厅 | 117.91平米 | 南 北,https://ke-image.ljcdn.com/110000-inspection/6356e1fb-c6a9-44ea-bdd3-b92fa48bd702_1000.jpg!m_fill,w_280,h_210,f_jpg?from=ke.com
20240131,房山,长阳,101120691088,国际花园3号院 3室1厅 南 北,345万,38449元/平,中楼层 (共18层) | 2014年 | 3室1厅 | 89.73平米 | 南 北,https://ke-image.ljcdn.com/110000-inspection/pc1_NbRiJCcqJ.jpg!m_fill,w_280,h_210,f_jpg?from=ke.com
20240131,房山,长阳,101120687126,首开熙悦山澜庭满五年唯一南北两居明厨明卫随时看,350万,47298元/平,高楼层 (共21层) 2室1厅 | 74平米 | 南 北,https://ke-image.ljcdn.com/110000-inspection/pc1_lU6h6sMyd.jpg!m_fill,w_280,h_210,f_jpg?from=ke.com
20240131,房山,长阳,101120686891,国际花园2号院 优质三居室 采光视野好,345万,38847元/平,低楼层 (共18层) | 2014年 | 3室1厅 | 88.81平米 | 南 北,https://ke-image.ljcdn.com/110000-inspection/pc1_FNXiYBghc_1.jpg!m_fill,w_280,h_210,f_jpg?from=ke.com
20240131,房山,长阳,101120683935,次新房  楼层好   边户有单独餐厅小阳台 业主诚心出售房主自荐,439万,32318元/平,中楼层 (共18层) | 2015年 | 3室1厅 | 135.84平米 | 南 北,https://ke-image.ljcdn.com/110000-inspection/pc1_NjDhPOugc_2.jpg!m_fill,w_280,h_210,f_jpg?from=ke.com
20240131,房山,长阳,101120677031,康泽佳苑北区精装修保持好温馨南向两居房主自荐,260万,33961元/平,顶层 (共18层) | 2015年 | 2室1厅 | 76.56平米 | 南,https://ke-image.ljcdn.com/110000-inspection/pc1_HfO4kWERD.jpg!m_fill,w_280,h_210,f_jpg?from=ke.com
20240131,房山,长阳,101120671538,翠林漫步 3室1厅 南 北,449万,34534元/平,低楼层 (共10层) 3室1厅 | 130.02平米 | 南 北,https://ke-image.ljcdn.com/110000-inspection/03d42461-38d2-407b-94ae-dbb45051cbf9_1000.jpg!m_fill,w_280,h_210,f_jpg?from=ke.com
20240131,房山,长阳,101120670451,70年产权商品房 满五唯一 精心装修拎包入住 出入方便,275万,26164元/平,低楼层 (共15层) | 2009年 | 2室1厅 | 105.11平米 | 南,https://ke-image.ljcdn.com/110000-inspection/pc1_pP4OzkLyM.jpg!m_fill,w_280,h_210,f_jpg?from=ke.com
20240131,房山,长阳,101120664891,《长阳地铁站》国际城一区南向两居相当满五唯一房主自荐,335万,41246元/平,低楼层 (共20层) | 2012年 | 2室1厅 | 81.22平米 | 南,https://ke-image.ljcdn.com/110000-inspection/5d90e664-08cd-4ba7-ac3a-3554d5fbe49f_1000.jpg!m_fill,w_280,h_210,f_jpg?from=ke.com
20240131,房山,长阳,101120662290,金隅畅和园9号院 精装修 中间楼层 无遮挡 满五唯一,275万,33673元/平,低楼层 (共21层) 2室1厅 | 81.67平米 | 南 北,https://ke-image.ljcdn.com/110000-inspection/pc1_FWyPCDjCs_1.jpg!m_fill,w_280,h_210,f_jpg?from=ke.com
20240131,房山,长阳,101120661780,紫云家园东边户U8户型满五年,719万,43984元/平,中楼层 (共15层) | 2014年 | 3室1厅 | 163.47平米 | 南 北,https://ke-image.ljcdn.com/110000-inspection/pc1_8cK4ppRUv.jpg!m_fill,w_280,h_210,f_jpg?from=ke.com
20240131,房山,长阳,101120661182,原香小镇二区 2室1厅 南 北,328万,38269元/平,高楼层 (共6层) 2室1厅 | 85.71平米 | 南 北,https://ke-image.ljcdn.com/110000-inspection/pc1_NYUykyBqJ.jpg!m_fill,w_280,h_210,f_jpg?from=ke.com
20240131,房山,长阳,101120660477,徜徉嘉园5号院 电梯洋房三居 满五唯一,428万,46096元/平,低楼层 (共8层) 3室1厅 | 92.85平米 | 南 北,https://ke-image.ljcdn.com/110000-inspection/pc1_dZRYkZ5jr_1.jpg!m_fill,w_280,h_210,f_jpg?from=ke.com
20240131,房山,长阳,101120656316,大宁山庄 商品房 精装修 保持好 边户南北两居室,378万,34430元/平,中楼层 (共5层) | 2009年 | 2室2厅 | 109.79平米 | 南 北,https://ke-image.ljcdn.com/110000-inspection/pc1_c95CaYwrL.jpg!m_fill,w_280,h_210,f_jpg?from=ke.com
20240131,房山,长阳,101120655711,加州水郡四期东北两居户型方正楼层高视野好。,245万,26339元/平,高楼层 (共14层) 2室1厅 | 93.02平米 | 东北,https://ke-image.ljcdn.com/110000-inspection/64b0f92b-1236-457e-a812-8160bd950912_1000.jpg!m_fill,w_280,h_210,f_jpg?from=ke.com
20240131,房山,长阳,101120655091,长阳半岛2号院满五年 南北通透三居室 看房方便,459万,49102元/平,低楼层 (共9层) | 2011年 | 3室1厅 | 93.48平米 | 南 北,https://ke-image.ljcdn.com/110000-inspection/pc1_guhDrQgap.jpg!m_fill,w_280,h_210,f_jpg?from=ke.com
20240131,房山,长阳,101120653178,商品房满五年临近小区大门中间楼层采光好。,239万,26752元/平,低楼层 (共15层) | 2011年 | 2室1厅 | 89.34平米 | 西北,https://ke-image.ljcdn.com/110000-inspection/pc1_o30SH3tw0.jpg!m_fill,w_280,h_210,f_jpg?from=ke.com
20240131,房山,长阳,101120647969,满五唯一双南采光好业主诚心出售万科精装；,428万,48269元/平,中楼层 (共17层) | 2012年 | 2室1厅 | 88.67平米 | 南,https://ke-image.ljcdn.com/110000-inspection/pc1_peQbZNlKv.jpg!m_fill,w_280,h_210,f_jpg?from=ke.com
20240131,房山,长阳,101120644878,首开熙悦山澜庭刚需两居室满五唯一 配套齐全 看房方便房主自荐,298万,42731元/平,低楼层 (共21层) | 2014年 | 2室1厅 | 69.74平米 | 南,https://ke-image.ljcdn.com/110000-inspection/pc1_UuZ8uzxsG.jpg!m_fill,w_280,h_210,f_jpg?from=ke.com
20240131,房山,长阳,101120643509,首创新悦都二区南北两居室诚心出售,310万,41066元/平,中楼层 (共18层) | 2014年 | 2室1厅 | 75.49平米 | 南 北,https://ke-image.ljcdn.com/110000-inspection/pc1_03cBbIM9B.jpg!m_fill,w_280,h_210,f_jpg?from=ke.com
20240131,房山,长阳,101120640455,长阳地铁站长阳国际城二区满五唯一诚心出售房主自荐,306万,37820元/平,底层 (共20层) 2室1厅 | 80.91平米 | 南,https://ke-image.ljcdn.com/110000-inspection/pc1_W3p2ZC6fe.jpg!m_fill,w_280,h_210,f_jpg?from=ke.com
20240131,房山,长阳,101120638960,长阳半岛怡和路8号院 高楼层三居,650万,46393元/平,顶层 (共9层) | 2013年 | 3室2厅 | 140.11平米 | 南 北,https://ke-image.ljcdn.com/110000-inspection/pc1_e0EElXupQ_1.jpg!m_fill,w_280,h_210,f_jpg?from=ke.com
20240131,房山,长阳,101120636538,诚心出售南北双通透户型方正小区中间位置安静,359万,31040元/平,中楼层 (共12层) 3室2厅 | 115.66平米 | 南 北,https://ke-image.ljcdn.com/110000-inspection/18ae0e6e-c7bd-460c-a070-a686df3d736b_1000.jpg!m_fill,w_280,h_210,f_jpg?from=ke.com
20240131,房山,长阳,101120634449,碧桂园小区C区 满五唯一 高楼层视野棒 优质两居诚心卖,275万,28948元/平,高楼层 (共16层) | 2007年 | 2室1厅 | 95平米 | 东南,https://ke-image.ljcdn.com/110000-inspection/pc1_JblmsC2HU.jpg!m_fill,w_280,h_210,f_jpg?from=ke.com
20240131,房山,长阳,101120634072,金隅畅和园9号院满五唯一的精装修拎包入住,205万,31255元/平,底层 (共22层) 2室1厅 | 65.59平米 | 西,https://ke-image.ljcdn.com/110000-inspection/pc1_520NdmzMr.jpg!m_fill,w_280,h_210,f_jpg?from=ke.com
20240131,房山,长阳,101120632581,《长阳地铁站》《云湾家园3号院》满五唯一诚心出售,429万,49442元/平,低楼层 (共21层) | 2014年 | 2室1厅 | 86.77平米 | 南 北,https://ke-image.ljcdn.com/110000-inspection/pc1_UZRQOriAt_1.jpg!m_fill,w_280,h_210,f_jpg?from=ke.com
20240131,房山,长阳,101120629100,自住精装 南北大三居业主随时签约满五年唯一住房,256万,23948元/平,顶层 (共6层) 3室2厅 | 106.9平米 | 南 北,https://ke-image.ljcdn.com/110000-inspection/pc1_U1XpQd25i.jpg!m_fill,w_280,h_210,f_jpg?from=ke.com
20240131,房山,长阳,101120628668,满五唯一业主诚心出售一梯一户配套设施完善,420万,29030元/平,中楼层 (共14层) | 2009年 | 3室2厅 | 144.68平米 | 南 西 北,https://ke-image.ljcdn.com/110000-inspection/pc1_Nrbd4C8kr.jpg!m_fill,w_280,h_210,f_jpg?from=ke.com
20240131,房山,长阳,101120627107,天泰新景 南北两居室 楼层是4楼 满五唯一 诚心卖房主自荐,249万,27211元/平,中楼层 (共6层) | 2007年 | 2室1厅 | 91.51平米 | 南 北,https://ke-image.ljcdn.com/110000-inspection/pc1_nmd88wuv8.jpg!m_fill,w_280,h_210,f_jpg?from=ke.com
20240131,房山,长阳,101120623025,金隅畅和园9号院 精装修  高楼层  无遮挡,270万,34439元/平,中楼层 (共22层) 2室1厅 | 78.4平米 | 东北,https://ke-image.ljcdn.com/110000-inspection/pc1_uhPGzjBb0.jpg!m_fill,w_280,h_210,f_jpg?from=ke.com
20240131,房山,长阳,101120622887,徜徉嘉园5号院 三阳开泰户型  电梯入户 私密性好,598万,43929元/平,中楼层 (共16层) | 2012年 | 3室1厅 | 136.13平米 | 南 北,https://ke-image.ljcdn.com/110000-inspection/pc1_bQOFysz4I.jpg!m_fill,w_280,h_210,f_jpg?from=ke.com
20240131,房山,长阳,101120612262,长阳碧桂园小区C区 南北通透 一梯两户 精装修,249万,27148元/平,顶层 (共11层) | 2007年 | 2室1厅 | 91.72平米 | 南 北,https://ke-image.ljcdn.com/110000-inspection/e61557b8-3023-40ff-8093-655180d8ff84_1000.jpg!m_fill,w_280,h_210,f_jpg?from=ke.com
20240131,房山,长阳,101120611553,长阳半岛怡和路1号院南北通透格局 户型方正 精装修,450万,46599元/平,低楼层 (共12层) | 2014年 | 3室1厅 | 96.57平米 | 南 北,https://ke-image.ljcdn.com/110000-inspection/pc1_21oGAkgSA.jpg!m_fill,w_280,h_210,f_jpg?from=ke.com
20240131,房山,长阳,101120610011,长阳国际城三区 满五唯一 精装修,410万,46198元/平,中楼层 (共15层) | 2012年 | 3室1厅 | 88.75平米 | 南 北,https://ke-image.ljcdn.com/110000-inspection/pc1_QsHds8BJ5.jpg!m_fill,w_280,h_210,f_jpg?from=ke.com
20240131,房山,长阳,101120609288,绿地花都苑南北通透两居室诚意出售,296万,30760元/平,中楼层 (共13层) 2室1厅 | 96.23平米 | 南 北,https://ke-image.ljcdn.com/110000-inspection/26c9c96a-1f29-472a-a928-3970a29e612f_1000.jpg!m_fill,w_280,h_210,f_jpg?from=ke.com
20240131,房山,长阳,101120608645,碧桂园小区C区 3室1厅 南 北,350万,30033元/平,高楼层 (共9层) | 2007年 | 3室1厅 | 116.54平米 | 南 北,https://ke-image.ljcdn.com/110000-inspection/23137ff7-4bf6-4893-9140-c9a986f19e89_1000.jpg!m_fill,w_280,h_210,f_jpg?from=ke.com
20240131,房山,长阳,101120607248,满五唯一南北大两居室精装修诚信出售房主自荐,309万,28710元/平,高楼层 (共15层) | 2007年 | 2室1厅 | 107.63平米 | 南 北,https://ke-image.ljcdn.com/110000-inspection/pc1_CrWaVdAWj.jpg!m_fill,w_280,h_210,f_jpg?from=ke.com
20240131,房山,长阳,101120606659,建邦华庭西区满五年家庭名下唯一住房看房方便,645万,54021元/平,中楼层 (共9层) | 2014年 | 3室2厅 | 119.4平米 | 南 北,https://ke-image.ljcdn.com/110000-inspection/211c7c60-ed6b-47cb-b143-6cd759e221ed_1000.jpg!m_fill,w_280,h_210,f_jpg?from=ke.com
20240131,房山,长阳,101120603077,金域缇香全南向两居室全明格局高楼层视野采光好,369万,41634元/平,中楼层 (共18层) | 2015年 | 2室1厅 | 88.63平米 | 南,https://ke-image.ljcdn.com/110000-inspection/pc1_ZJp4oAvgl.jpg!m_fill,w_280,h_210,f_jpg?from=ke.com
20240131,房山,长阳,101120600276,长景新园 此房满五唯一 南北通透格局  配套设施齐全,289万,36339元/平,低楼层 (共11层) | 2011年 | 2室1厅 | 79.53平米 | 南 北,https://ke-image.ljcdn.com/110000-inspection/pc1_5A4QNYi0W.jpg!m_fill,w_280,h_210,f_jpg?from=ke.com
20240131,房山,长阳,101120598788,建邦华庭东区 好位置3居 满五唯一 南北通透 看房方便,535万,47649元/平,中楼层 (共11层) 3室1厅 | 112.28平米 | 南 北,https://ke-image.ljcdn.com/110000-inspection/pc1_XFBHm1aD3.jpg!m_fill,w_280,h_210,f_jpg?from=ke.com
20240131,房山,长阳,101120597244,中粮京西祥云 新风系统 中YANG空调 智能家居 人车分流房主自荐,620万,49067元/平,中楼层 (共18层) 3室2厅 | 126.36平米 | 南 北,https://ke-image.ljcdn.com/110000-inspection/pc1_fy0Vdw9nB_1.jpg!m_fill,w_280,h_210,f_jpg?from=ke.com
20240131,房山,长阳,101120595842,门口位置双卫生间直通地下车位,280万,24872元/平,低楼层 (共11层) 2室1厅 | 112.58平米 | 西北,https://ke-image.ljcdn.com/110000-inspection/9c29ba9d-78a3-4a08-a92b-02d1d2a20e37_1000.jpg!m_fill,w_280,h_210,f_jpg?from=ke.com
20240131,房山,长阳,101120593379,万科长阳天地5号院 两居 万科装修 中高楼层视野好,330万,40842元/平,高楼层 (共21层) 2室1厅 | 80.8平米 | 南,https://ke-image.ljcdn.com/110000-inspection/pc1_veE4MyDGU_1.jpg!m_fill,w_280,h_210,f_jpg?from=ke.com
20240131,房山,长阳,101120590703,长阳半岛2号院 满五唯一 南北通透 万科精装,378万,42824元/平,中楼层 (共28层) | 2012年 | 2室1厅 | 88.27平米 | 南 北,https://ke-image.ljcdn.com/110000-inspection/pc1_4W5LKtYB1.jpg!m_fill,w_280,h_210,f_jpg?from=ke.com
20240131,房山,长阳,101120588817,九洲溪雅苑二区  小区安静 位置好,279万,26544元/平,底层 (共15层) | 2009年 | 2室1厅 | 105.11平米 | 南,https://ke-image.ljcdn.com/110000-inspection/f69ec928-4c90-485c-9231-2aabb7e2ddc6_1000.jpg!m_fill,w_280,h_210,f_jpg?from=ke.com
20240131,房山,长阳,101120584230,长阳光合作用 小区安静 环境好 诚心出售 价格可以商量,410万,37118元/平,低楼层 (共8层) | 2012年 | 3室1厅 | 110.46平米 | 南 西 北,https://ke-image.ljcdn.com/110000-inspection/pc1_zRKImT7No_1.jpg!m_fill,w_280,h_210,f_jpg?from=ke.com
20240131,房山,长阳,101120577925,南向正规一居采光充足好位置满五唯一带储藏间,189万,31797元/平,顶层 (共11层) | 2010年 | 1室1厅 | 59.44平米 | 南,https://ke-image.ljcdn.com/110000-inspection/pc1_LQGgYVfvO.jpg!m_fill,w_280,h_210,f_jpg?from=ke.com
20240131,房山,长阳,101120577181,《长阳地铁站》南北双通透三居满五唯一诚心出售房主自荐,395万,44467元/平,高楼层 (共20层) | 2012年 | 3室1厅 | 88.83平米 | 南 北,https://ke-image.ljcdn.com/110000-inspection/a41f2d97-e708-431e-ba21-7e9b405cff67_1000.jpg!m_fill,w_280,h_210,f_jpg?from=ke.com
20240131,房山,长阳,101120575244,长阳半岛4号院 南北通透满五唯一两居室,390万,46111元/平,高楼层 (共16层) | 2012年 | 2室1厅 | 84.58平米 | 南 北,https://ke-image.ljcdn.com/110000-inspection/pc1_llThwPsrJ_1.jpg!m_fill,w_280,h_210,f_jpg?from=ke.com
20240131,房山,长阳,101120573505,首开熙悦山熹园1号院 南北通透 店长推荐 诚心出售房主自荐,460万,45663元/平,中楼层 (共9层) | 2013年 | 3室1厅 | 100.74平米 | 南 北,https://ke-image.ljcdn.com/110000-inspection/pc1_O0iIV4HSR.jpg!m_fill,w_280,h_210,f_jpg?from=ke.com
20240131,房山,长阳,101120572206,绿地花都苑6号楼中高楼层三居室满五年唯一位置好,360万,31240元/平,中楼层 (共15层) | 2012年 | 3室2厅 | 115.24平米 | 南 北,https://ke-image.ljcdn.com/110000-inspection/4bb15391-68af-4606-8354-30afcb149842_1000.jpg!m_fill,w_280,h_210,f_jpg?from=ke.com
20240131,房山,长阳,101120563495,金隅畅和园9号院 2室1厅 南,225万,34600元/平,低楼层 (共22层) 2室1厅 | 65.03平米 | 南,https://ke-image.ljcdn.com/110000-inspection/pc1_Xw35F4GSM_1.jpg!m_fill,w_280,h_210,f_jpg?from=ke.com
20240131,房山,长阳,101120562356,万科金域缇香精装修满五唯一全明格局诚心出售诚心出售,425万,40231元/平,低楼层 (共18层) | 2015年 | 3室2厅 | 105.64平米 | 东 南 北,https://ke-image.ljcdn.com/110000-inspection/pc1_UgBbjCUZV_1.jpg!m_fill,w_280,h_210,f_jpg?from=ke.com
20240131,房山,长阳,101120549547,长阳半岛1号院 户型方正 楼层好 位置好,378万,43449元/平,中楼层 (共21层) | 2012年 | 2室1厅 | 87平米 | 南,https://ke-image.ljcdn.com/110000-inspection/pc1_eY6JvBe02.jpg!m_fill,w_280,h_210,f_jpg?from=ke.com
20240131,房山,长阳,101120547909,大宁山庄四区精装修电梯洋房社区南北通透2居,499万,45110元/平,高楼层 (共6层) | 2010年 | 2室1厅 | 110.62平米 | 南 北,https://ke-image.ljcdn.com/110000-inspection/pc1_DTzaRU1gF.jpg!m_fill,w_280,h_210,f_jpg?from=ke.com
20240131,房山,长阳,101120542398,原香小镇一区满五唯一精装南北通透两居室出售,309万,34782元/平,中楼层 (共10层) | 2010年 | 2室1厅 | 88.84平米 | 南 北,https://ke-image.ljcdn.com/110000-inspection/pc1_XJVo093QM.jpg!m_fill,w_280,h_210,f_jpg?from=ke.com
20240131,房山,长阳,101120541488,国际花园4号院房山 长阳 篱笆房,370万,41932元/平,中楼层 (共18层) | 2014年 | 3室1厅 | 88.24平米 | 南 西 北,https://ke-image.ljcdn.com/110000-inspection/c2bd328f-992e-4e6b-b136-644fde9a9af9_1000.jpg!m_fill,w_280,h_210,f_jpg?from=ke.com
20240131,房山,长阳,101120536525,满五年唯一业主诚意出售格局方正无浪费面积。,278万,35280元/平,低楼层 (共25层) | 2015年 | 2室1厅 | 78.8平米 | 南 北,https://ke-image.ljcdn.com/110000-inspection/pc1_NovYZ2KB5.jpg!m_fill,w_280,h_210,f_jpg?from=ke.com
20240131,房山,长阳,101120520958,紫云家园三居室 2016年万科好社区,486万,46817元/平,中楼层 (共9层) | 2015年 | 3室1厅 | 103.81平米 | 南 北,https://ke-image.ljcdn.com/110000-inspection/pc1_WFmO1rHGd.jpg!m_fill,w_280,h_210,f_jpg?from=ke.com
20240131,房山,长阳,101120518415,自住精装修 采光好 不临街居住安静房主自荐,520万,40436元/平,低楼层 (共18层) | 2014年 | 3室1厅 | 128.6平米 | 南 北,https://ke-image.ljcdn.com/110000-inspection/pc1_pKB7DtJ1l.jpg!m_fill,w_280,h_210,f_jpg?from=ke.com
20240131,房山,长阳,101120510934,康泽佳苑南区 2室1厅 南,180万,32351元/平,底层 (共28层) | 2014年 | 2室1厅 | 55.64平米 | 南,https://ke-image.ljcdn.com/110000-inspection/pc1_edvGqs94V.jpg!m_fill,w_280,h_210,f_jpg?from=ke.com
20240131,房山,长阳,101120498710,首创新悦都一区 高楼层 视野采光好 东边户 满五唯一房主自荐,380万,42640元/平,高楼层 (共18层) | 2012年 | 3室2厅 | 89.12平米 | 东 南 北,https://ke-image.ljcdn.com/110000-inspection/pc1_Er5JdFYiC.jpg!m_fill,w_280,h_210,f_jpg?from=ke.com
20240131,房山,长阳,101120495598,高楼层 双卧朝南 户型方正 业主诚意出售,479万,40091元/平,高楼层 (共15层) 3室1厅 | 119.48平米 | 南 北,https://ke-image.ljcdn.com/110000-inspection/pc1_xx1NUkqeA.jpg!m_fill,w_280,h_210,f_jpg?from=ke.com
20240131,房山,长阳,101120486200,世茂维拉 2室1厅 东 西,225万,28428元/平,低楼层 (共15层) | 2015年 | 2室1厅 | 79.15平米 | 东 西,https://ke-image.ljcdn.com/110000-inspection/pc1_zGDhHF7b0.jpg!m_fill,w_280,h_210,f_jpg?from=ke.com
20240131,房山,长阳,101120469544,长阳半岛怡和南路8号院精装南向两居室楼层高满五唯一,450万,51288元/平,顶层 (共13层) 2室1厅 | 87.74平米 | 南,https://ke-image.ljcdn.com/110000-inspection/pc1_0opTuwSJJ_1.jpg!m_fill,w_280,h_210,f_jpg?from=ke.com
20240131,房山,长阳,101120463900,满五年唯一 精装修 小区中间位置 中间楼层 采光好房主自荐,280万,29810元/平,中楼层 (共15层) | 2009年 | 2室1厅 | 93.93平米 | 南,https://ke-image.ljcdn.com/110000-inspection/59217847-b8c9-4b2f-8cc5-cf7a7321dfe3_1000.jpg!m_fill,w_280,h_210,f_jpg?from=ke.com
20240131,房山,长阳,101120455586,直jiang20万 可面谈 精装修 南北通透 满五年唯一房主自荐,357万,40267元/平,中楼层 (共18层) | 2014年 | 3室2厅 | 88.66平米 | 南 北,https://ke-image.ljcdn.com/110000-inspection/pc1_evzSZQ79X.jpg!m_fill,w_280,h_210,f_jpg?from=ke.com
20240131,房山,长阳,101120450100,西悦欣居 精装南北通透两居 满五唯一,309万,35074元/平,高楼层 (共21层) | 2012年 | 2室1厅 | 88.1平米 | 南 北,https://ke-image.ljcdn.com/110000-inspection/pc1_B3tGxUA7z.jpg!m_fill,w_280,h_210,f_jpg?from=ke.com
20240131,房山,长阳,101120445918,长阳国际城二区 采光好 不遮挡房主自荐,299万,36864元/平,低楼层 (共20层) | 2012年 | 2室1厅 | 81.11平米 | 南,https://ke-image.ljcdn.com/110000-inspection/pc1_zHF0Iarwh.jpg!m_fill,w_280,h_210,f_jpg?from=ke.com
20240131,房山,长阳,101120442784,长阳半岛怡和路3号院 2室1厅 南,385万,42434元/平,低楼层 (共21层) | 2014年 | 2室1厅 | 90.73平米 | 南,https://ke-image.ljcdn.com/110000-inspection/f43bdf42-8f98-47c6-88c3-815a4ad5bc0c_1000.jpg!m_fill,w_280,h_210,f_jpg?from=ke.com
20240131,房山,长阳,101120439478,翠林漫步南北通透三居室满五年唯一三面朝阳采光好,435万,30059元/平,低楼层 (共11层) | 2012年 | 3室2厅 | 144.72平米 | 南 北,https://ke-image.ljcdn.com/110000-inspection/pc1_52XfipjFi.jpg!m_fill,w_280,h_210,f_jpg?from=ke.com
20240131,房山,长阳,101120437073,西悦欣居好位置的两居室南北向通透采光无遮挡,289万,32804元/平,高楼层 (共21层) | 2012年 | 2室1厅 | 88.1平米 | 南 北,https://ke-image.ljcdn.com/110000-inspection/pc1_m6mmBCfgo.jpg!m_fill,w_280,h_210,f_jpg?from=ke.com
20240131,房山,长阳,101120428169,满五唯一高楼层南向采光好装修保持好,165万,28129元/平,中楼层 (共15层) | 2009年 | 1室1厅 | 58.66平米 | 南,https://ke-image.ljcdn.com/110000-inspection/d5625420-fe6a-473a-921e-36397fc045e4_1000.jpg!m_fill,w_280,h_210,f_jpg?from=ke.com
20240131,房山,长阳,101120426445,万科新里程57号院   精装修  两居出售,375万,42102元/平,中楼层 (共10层) | 2013年 | 2室1厅 | 89.07平米 | 南 北,https://ke-image.ljcdn.com/110000-inspection/80643478-890b-42ed-8dce-6b4dc9873b19_1000.jpg!m_fill,w_280,h_210,f_jpg?from=ke.com
20240131,房山,长阳,101120420265,康泽佳苑南区 满五唯一 精装修,213万,39307元/平,低楼层 (共28层) | 2014年 | 2室2厅 | 54.19平米 | 南,https://ke-image.ljcdn.com/110000-inspection/pc1_Jh9xMSwUo.jpg!m_fill,w_280,h_210,f_jpg?from=ke.com
20240131,房山,长阳,101120409721,原香小镇二区 2室1厅 南 北,300万,35006元/平,中楼层 (共6层) 2室1厅 | 85.7平米 | 南 北,https://ke-image.ljcdn.com/110000-inspection/295bf982-0939-489e-9d42-ccc94a5074f5_1000.jpg!m_fill,w_280,h_210,f_jpg?from=ke.com
20240131,房山,长阳,101120407227,康泽佳苑北区满五唯一精装中高层看房方便。,221万,36554元/平,中楼层 (共25层) 1室1厅 | 60.46平米 | 南,https://ke-image.ljcdn.com/110000-inspection/pc1_fcbs2xuTH_1.jpg!m_fill,w_280,h_210,f_jpg?from=ke.com
20240131,房山,长阳,101120402488,金地朗悦悦园 满五年唯一精装修三居 中间楼层,442万,51205元/平,中楼层 (共7层) | 2014年 | 3室2厅 | 86.32平米 | 南 北,https://ke-image.ljcdn.com/110000-inspection/pc1_GZ6yErjoT_1.jpg!m_fill,w_280,h_210,f_jpg?from=ke.com
20240131,房山,长阳,101120400999,此房满五唯一无遮挡视野好南北通透,389万,42970元/平,低楼层 (共9层) | 2012年 | 3室1厅 | 90.53平米 | 南 北,https://ke-image.ljcdn.com/110000-inspection/pc1_j0tpayD5A.jpg!m_fill,w_280,h_210,f_jpg?from=ke.com
20240131,房山,长阳,101120390304,绿地花都苑全南两居室状态保持好可拎包入住房主自荐,262万,30143元/平,低楼层 (共12层) | 2012年 | 2室1厅 | 86.92平米 | 南,https://ke-image.ljcdn.com/110000-inspection/169a7cc5-eaa1-4031-8c6a-9779c20ba5db_1000.jpg!m_fill,w_280,h_210,f_jpg?from=ke.com
20240131,房山,长阳,101120377481,天资华府南北通透三居室双卫 观景房视野好采光棒房主自荐,365万,31534元/平,低楼层 (共19层) | 2015年 | 3室2厅 | 115.75平米 | 南 北,https://ke-image.ljcdn.com/110000-inspection/pc1_1ZrcJLGC3.jpg!m_fill,w_280,h_210,f_jpg?from=ke.com
20240131,房山,长阳,101120362035,本房满五唯一基本随时看房保持的不错。,380万,42621元/平,低楼层 (共9层) | 2013年 | 2室1厅 | 89.16平米 | 南 北,https://ke-image.ljcdn.com/110000-inspection/pc1_u1JUZpKCl.jpg!m_fill,w_280,h_210,f_jpg?from=ke.com
20240131,房山,长阳,101120359686,万科新里程57号院  南北2居  卫生间有窗,375万,41200元/平,中楼层 (共8层) | 2013年 | 2室1厅 | 91.02平米 | 南 北,https://ke-image.ljcdn.com/110000-inspection/pc1_OdeXfB8Sv.jpg!m_fill,w_280,h_210,f_jpg?from=ke.com
20240131,房山,长阳,101120359095,紫云家园 中间位置 高楼层 U8,765万,46132元/平,高楼层 (共15层) | 2014年 | 3室2厅 | 165.83平米 | 南 北,https://ke-image.ljcdn.com/110000-inspection/1185af40-2936-4f64-8ab0-2866c59a1556_1000.jpg!m_fill,w_280,h_210,f_jpg?from=ke.com
20240131,房山,长阳,101120355309,万科.金域缇香 纯南户型 采光好 满五唯一 看房方便！,340万,40607元/平,中楼层 (共18层) | 2014年 | 2室2厅 | 83.73平米 | 南,https://ke-image.ljcdn.com/110000-inspection/pc1_NRvzApiaD_1.jpg!m_fill,w_280,h_210,f_jpg?from=ke.com
20240131,房山,长阳,101120349002,国际城二区 满五唯一 自住装修诚心出售,299万,36864元/平,低楼层 (共20层) | 2012年 | 2室1厅 | 81.11平米 | 南,https://ke-image.ljcdn.com/110000-inspection/pc1_VaLPMRv6v.jpg!m_fill,w_280,h_210,f_jpg?from=ke.com
20240131,房山,长阳,101120344588,芭蕾雨北区南北通透三居室全明格局采光充足,390万,39546元/平,高楼层 (共10层) | 2015年 | 3室1厅 | 98.62平米 | 南 北,https://ke-image.ljcdn.com/110000-inspection/f5c3a129-d231-4afa-85f9-bec4a1590874_1000.jpg!m_fill,w_280,h_210,f_jpg?from=ke.com
20240131,房山,长阳,101120341338,天泰新景 南北通透出租装修楼层采光视野好,230万,24841元/平,高楼层 (共6层) | 2008年 | 2室1厅 | 92.59平米 | 南 北,https://ke-image.ljcdn.com/110000-inspection/pc1_Qw22apk0j.jpg!m_fill,w_280,h_210,f_jpg?from=ke.com
20240131,房山,长阳,101120335931,长龙苑小区次顶层东西向三居室,265万,25384元/平,高楼层 (共6层) | 2002年 | 3室2厅 | 104.4平米 | 东 西,https://ke-image.ljcdn.com/110000-inspection/pc1_Prp40JHfh.jpg!m_fill,w_280,h_210,f_jpg?from=ke.com
20240131,房山,长阳,101120334818,加州北区二次精装大两居通地库好位置满五唯一房主自荐,309万,27568元/平,底层 (共14层) | 2010年 | 2室1厅 | 112.09平米 | 南 北,https://ke-image.ljcdn.com/110000-inspection/d8034f1f-0f00-4193-bdfb-8b310c4d14fb_1000.jpg!m_fill,w_280,h_210,f_jpg?from=ke.com
20240131,房山,长阳,101120331882,位置好 户型方正  满五唯一 诚意出售,385万,44376元/平,中楼层 (共17层) 2室1厅 | 86.76平米 | 南 北,https://ke-image.ljcdn.com/110000-inspection/pc1_ubQhS5ZvD_1.jpg!m_fill,w_280,h_210,f_jpg?from=ke.com
20240131,房山,长阳,101120330665,《长阳地铁站》中国铁建两居室、满五唯一、诚售,325万,40070元/平,顶层 (共20层) | 2012年 | 2室1厅 | 81.11平米 | 南,https://ke-image.ljcdn.com/110000-inspection/pc1_AJUi552l8.jpg!m_fill,w_280,h_210,f_jpg?from=ke.com
20240131,房山,长阳,101120329461,绿地花都苑精装小三居诚心出售中间楼层,315万,31416元/平,中楼层 (共14层) | 2012年 | 3室1厅 | 100.27平米 | 南 北,https://ke-image.ljcdn.com/110000-inspection/b7651109-849c-4415-b40c-f1652d1e457c_1000.jpg!m_fill,w_280,h_210,f_jpg?from=ke.com
20240131,房山,长阳,101120327906,长景新园南向一居室带电梯满五唯一诚心出售,199万,40829元/平,中楼层 (共11层) | 2011年 | 1室1厅 | 48.74平米 | 南,https://ke-image.ljcdn.com/110000-inspection/pc1_UdohWJsgy.jpg!m_fill,w_280,h_210,f_jpg?from=ke.com
20240131,房山,长阳,101120324318,南北通透大三居室高楼层采光视野好,440万,31820元/平,中楼层 (共19层) | 2015年 | 3室2厅 | 138.28平米 | 南 北,https://ke-image.ljcdn.com/110000-inspection/pc1_acAD1ln5J.jpg!m_fill,w_280,h_210,f_jpg?from=ke.com
20240131,房山,长阳,101120320846,金地朗悦朗园 一期《双卫》小三居 精装保持好 方便看,505万,51971元/平,中楼层 (共8层) | 2013年 | 3室1厅 | 97.17平米 | 南 北,https://ke-image.ljcdn.com/110000-inspection/pc1_da3vBx0eL.jpg!m_fill,w_280,h_210,f_jpg?from=ke.com
20240131,房山,长阳,101120312759,长景新园方正户型采光充裕设施齐全交通便利,210万,38639元/平,中楼层 (共6层) | 2011年 | 1室1厅 | 54.35平米 | 南,https://ke-image.ljcdn.com/110000-inspection/pc1_jRrD9TYGo.jpg!m_fill,w_280,h_210,f_jpg?from=ke.com
20240131,房山,长阳,101120310436,拱辰道天星街2号院 精装修 满五唯一 无抵押,260万,29499元/平,低楼层 (共14层) | 2012年 | 2室1厅 | 88.14平米 | 南 北,https://ke-image.ljcdn.com/110000-inspection/5939f8b9-0f47-4f0a-a036-737137ba68bc_1000.jpg!m_fill,w_280,h_210,f_jpg?from=ke.com
20240131,房山,长阳,101120299688,店长推荐长龙苑小区方正户型南北通透居住舒适2居,235万,27654元/平,高楼层 (共6层) | 2002年 | 2室1厅 | 84.98平米 | 南 北,https://ke-image.ljcdn.com/110000-inspection/pc1_cyEwCJZZT.jpg!m_fill,w_280,h_210,f_jpg?from=ke.com
20240131,房山,长阳,101120299427,绿地花都苑二次装修全南两居室诚心出售好楼层,275万,31940元/平,中楼层 (共14层) | 2012年 | 2室1厅 | 86.1平米 | 南,https://ke-image.ljcdn.com/110000-inspection/pc1_USdnABUyK.jpg!m_fill,w_280,h_210,f_jpg?from=ke.com
20240131,房山,长阳,101120290525,首创新悦都一区 满五唯一 精装修 全明格局房主自荐,339万,39002元/平,低楼层 (共9层) 3室2厅 | 86.92平米 | 东 南 北,https://ke-image.ljcdn.com/110000-inspection/pc1_iFbsaZAYP.jpg!m_fill,w_280,h_210,f_jpg?from=ke.com
20240131,房山,长阳,101120289917,长景新园 方正户型 采光充裕 配套设施齐全 交通便利,175万,32199元/平,高楼层 (共6层) | 2011年 | 1室0厅 | 54.35平米 | 南,https://ke-image.ljcdn.com/110000-inspection/pc1_1NJCowCro.jpg!m_fill,w_280,h_210,f_jpg?from=ke.com
20240131,房山,长阳,101120289140,此房满五唯一位置好采光好视野佳,190万,34527元/平,中楼层 (共28层) | 2014年 | 2室1厅 | 55.03平米 | 南,https://ke-image.ljcdn.com/110000-inspection/pc1_Y3x8mxuQB.jpg!m_fill,w_280,h_210,f_jpg?from=ke.com
20240131,房山,长阳,101120287177,芭蕾雨悦都北区-长阳低密度底层舒适宜居小区,488万,41409元/平,高楼层 (共9层) | 2011年 | 3室1厅 | 117.85平米 | 东 南 北,https://ke-image.ljcdn.com/110000-inspection/pc1_wRIfURNxw.jpg!m_fill,w_280,h_210,f_jpg?from=ke.com
20240131,房山,长阳,101120284860,碧桂园小区C区 2室2厅 南 北,265万,28108元/平,顶层 (共11层) | 2006年 | 2室2厅 | 94.28平米 | 南 北,https://ke-image.ljcdn.com/110000-inspection/pc1_Pk2Lj5BUs_2.jpg!m_fill,w_280,h_210,f_jpg?from=ke.com
20240131,房山,长阳,101120273363,长龙苑小区  五环边 单价低 南北通透 户型方正,260万,25027元/平,顶层 (共6层) | 2001年 | 3室1厅 | 103.89平米 | 南 北,https://ke-image.ljcdn.com/110000-inspection/pc1_mTVqDBeVB.jpg!m_fill,w_280,h_210,f_jpg?from=ke.com
20240131,房山,长阳,101120269210,长阳地铁站中国铁建三居室南北双通透满五唯一,393万,44049元/平,中楼层 (共20层) 3室1厅 | 89.22平米 | 南 北,https://ke-image.ljcdn.com/110000-inspection/pc1_6wzLAEc99.jpg!m_fill,w_280,h_210,f_jpg?from=ke.com
20240131,房山,长阳,101120267113,九洲溪雅苑一区南北通透三居室有钥匙随时看。,380万,28955元/平,低楼层 (共13层) | 2009年 | 3室1厅 | 131.24平米 | 南 北,https://ke-image.ljcdn.com/110000-inspection/pc1_ptHGbWHir.jpg!m_fill,w_280,h_210,f_jpg?from=ke.com
20240131,房山,长阳,101120265700,长阳国际城二区南北通透三居室通风采光都很好,408万,45931元/平,中楼层 (共20层) | 2012年 | 3室1厅 | 88.83平米 | 南 北,https://ke-image.ljcdn.com/110000-inspection/pc1_mXrMdS3KF_1.jpg!m_fill,w_280,h_210,f_jpg?from=ke.com
20240131,房山,长阳,101120265576,碧桂园小区C区 1室1厅 南,195万,34550元/平,高楼层 (共11层) 1室1厅 | 56.44平米 | 南,https://ke-image.ljcdn.com/110000-inspection/pc1_JP7pZDa2j.jpg!m_fill,w_280,h_210,f_jpg?from=ke.com
20240131,房山,长阳,101120265374,首创新悦都二区精装三居室诚心出售房主自荐,345万,42609元/平,高楼层 (共9层) 3室1厅 | 80.97平米 | 南 北,https://ke-image.ljcdn.com/110000-inspection/pc1_9gtwHg1nX_1.jpg!m_fill,w_280,h_210,f_jpg?from=ke.com
20240131,房山,长阳,101120258131,业主自住精装修双卧朝南的眼睛户型位置不错,485万,46497元/平,高楼层 (共9层) 3室2厅 | 104.31平米 | 南 北,https://ke-image.ljcdn.com/110000-inspection/pc1_goMPOXlCm_1.jpg!m_fill,w_280,h_210,f_jpg?from=ke.com
20240131,房山,长阳,101120251571,熙悦山澜庭好位置精装南向两居室满五年唯一,362万,42524元/平,中楼层 (共21层) | 2014年 | 2室1厅 | 85.13平米 | 南,https://ke-image.ljcdn.com/110000-inspection/1571b75e-6454-495e-aedf-416084460813_1000.jpg!m_fill,w_280,h_210,f_jpg?from=ke.com
20240131,房山,长阳,101120251557,房子满五唯一户型方正楼层好位置好看房方便,149万,34789元/平,顶层 (共28层) | 2014年 | 1室1厅 | 42.83平米 | 东 北,https://ke-image.ljcdn.com/110000-inspection/pc1_wkN1uhFRi.jpg!m_fill,w_280,h_210,f_jpg?from=ke.com
20240131,房山,长阳,101120250266,万科金域缇香南向满五唯一诚心出售看房方便,335万,40010元/平,低楼层 (共18层) | 2014年 | 2室1厅 | 83.73平米 | 南,https://ke-image.ljcdn.com/110000-inspection/pc1_zkc2h58m9.jpg!m_fill,w_280,h_210,f_jpg?from=ke.com
20240131,房山,长阳,101120247350,万年广阳郡九号 南北通透 采光好,605万,43576元/平,中楼层 (共12层) | 2017年 | 3室1厅 | 138.84平米 | 南 北,https://ke-image.ljcdn.com/110000-inspection/pc1_D0XWBg8cJ.jpg!m_fill,w_280,h_210,f_jpg?from=ke.com
20240131,房山,长阳,101120245731,长阳半岛4号院南北通透满五年看房随时,412万,48885元/平,中楼层 (共17层) | 2012年 | 2室1厅 | 84.28平米 | 南 北,https://ke-image.ljcdn.com/110000-inspection/pc1_VEDg6sOXH_1.jpg!m_fill,w_280,h_210,f_jpg?from=ke.com
20240131,房山,长阳,101120244509,长龙家园   南北通透   精装修,238万,28469元/平,中楼层 (共11层) | 2015年 | 2室1厅 | 83.6平米 | 北 南,https://ke-image.ljcdn.com/110000-inspection/pc1_JYYygq3n4.jpg!m_fill,w_280,h_210,f_jpg?from=ke.com
20240131,房山,长阳,101120239141,世茂维拉 高楼层 精装两居室 拎包入住 无遮挡 视线好,260万,32717元/平,高楼层 (共16层) | 2015年 | 2室1厅 | 79.47平米 | 东 西,https://ke-image.ljcdn.com/110000-inspection/pc1_n04gjBWUu_1.jpg!m_fill,w_280,h_210,f_jpg?from=ke.com
20240131,房山,长阳,101120232658,禾香雅园精装自住3居满五年唯一楼层好业主诚售,350万,37781元/平,中楼层 (共8层) | 2013年 | 3室1厅 | 92.64平米 | 南 北,https://ke-image.ljcdn.com/110000-inspection/pc1_B8EUZ3n81.jpg!m_fill,w_280,h_210,f_jpg?from=ke.com
20240131,房山,长阳,101120216186,国誉府  洋房 中间位置 精装修没住过,1200万,63342元/平,中楼层 (共6层) 3室2厅 | 189.45平米 | 南 北,https://ke-image.ljcdn.com/110000-inspection/pc1_m1kaLKsa7.jpg!m_fill,w_280,h_210,f_jpg?from=ke.com
20240131,房山,长阳,101120215451,长景新园满五唯一一居室南向,195万,35715元/平,中楼层 (共6层) | 2011年 | 1室0厅 | 54.6平米 | 南,https://ke-image.ljcdn.com/110000-inspection/pc1_jbzW1uXq6.jpg!m_fill,w_280,h_210,f_jpg?from=ke.com
20240131,房山,长阳,101120210898,国际花园三居室 满五年唯一 业主诚心卖 中高楼层,335万,37281元/平,高楼层 (共18层) | 2014年 | 3室1厅 | 89.86平米 | 南 北,https://ke-image.ljcdn.com/110000-inspection/pc1_uU68KafJx.jpg!m_fill,w_280,h_210,f_jpg?from=ke.com
20240131,房山,长阳,101120208971,精装修自住明厨明卫近地铁奥莱和公园。满五唯一,330万,39640元/平,中楼层 (共9层) | 2012年 | 2室1厅 | 83.25平米 | 东 西,https://ke-image.ljcdn.com/110000-inspection/pc1_d3AxA8u8o.jpg!m_fill,w_280,h_210,f_jpg?from=ke.com
20240131,房山,长阳,101120195428,长阳半岛怡和路1号院 南向精装修两居室 满五唯一,346万,42221元/平,顶层 (共18层) | 2014年 | 2室1厅 | 81.95平米 | 南,https://ke-image.ljcdn.com/110000-inspection/pc1_t57oSaEUH_1.jpg!m_fill,w_280,h_210,f_jpg?from=ke.com
20240131,房山,长阳,101120193124,首开熙悦山澜庭全南两居装修保持好房主自荐,305万,43734元/平,低楼层 (共21层) | 2014年 | 2室1厅 | 69.74平米 | 南,https://ke-image.ljcdn.com/110000-inspection/pc1_wNkhuQrzO.jpg!m_fill,w_280,h_210,f_jpg?from=ke.com
20240131,房山,长阳,101120189245,碧桂园小区C区 3室1厅 南 北,360万,29143元/平,中楼层 (共15层) | 2007年 | 3室1厅 | 123.53平米 | 南 北,https://ke-image.ljcdn.com/110000-inspection/pc1_IEzx1UWLs.jpg!m_fill,w_280,h_210,f_jpg?from=ke.com
20240131,房山,长阳,101120185884,碧桂园小区C区 2室1厅 南 西 北,315万,30341元/平,高楼层 (共15层) 2室1厅 | 103.82平米 | 南 西 北,https://ke-image.ljcdn.com/110000-inspection/pc1_VKBspOIJG.jpg!m_fill,w_280,h_210,f_jpg?from=ke.com
20240131,房山,长阳,101120185808,紫云家园10号院全屋二次精装修三居室,514万,49619元/平,中楼层 (共9层) | 2015年 | 3室1厅 | 103.59平米 | 南 北,https://ke-image.ljcdn.com/110000-inspection/pc1_17ar0NAy2.jpg!m_fill,w_280,h_210,f_jpg?from=ke.com
20240131,房山,长阳,101120180482,此房满五年房屋安静交通便利！,480万,46885元/平,低楼层 (共16层) 3室1厅 | 102.38平米 | 东南 北,https://ke-image.ljcdn.com/110000-inspection/pc1_mVOGJFiC5_1.jpg!m_fill,w_280,h_210,f_jpg?from=ke.com
20240131,房山,长阳,101120176484,金隅畅和园9号院中高楼层两居诚心出售,265万,33802元/平,中楼层 (共22层) | 2016年 | 2室1厅 | 78.4平米 | 东北,https://ke-image.ljcdn.com/110000-inspection/pc1_yxwoyxjJ3_1.jpg!m_fill,w_280,h_210,f_jpg?from=ke.com
20240131,房山,长阳,101120175512,南北通透大三居诚心出售看房提前约,420万,30374元/平,中楼层 (共19层) | 2015年 | 3室2厅 | 138.28平米 | 南 北,https://ke-image.ljcdn.com/110000-inspection/7694f4e7-5047-4ccd-a4af-14e1dcfce2f5_1000.jpg!m_fill,w_280,h_210,f_jpg?from=ke.com
20240131,房山,长阳,101120160878,{店长推荐}诚心出售 价格能谈 看房随时 不临街,469万,45166元/平,低楼层 (共9层) | 2013年 | 3室1厅 | 103.84平米 | 南 北,https://ke-image.ljcdn.com/110000-inspection/pc1_d6TqHfYnw_1.jpg!m_fill,w_280,h_210,f_jpg?from=ke.com
20240131,房山,长阳,101120145219,长阳半岛怡和南路8号院 3室1厅 南 北,500万,48824元/平,低楼层 (共11层) 3室1厅 | 102.41平米 | 南 北,https://ke-image.ljcdn.com/110000-inspection/pc1_DAvmnREfh_1.jpg!m_fill,w_280,h_210,f_jpg?from=ke.com
20240131,房山,长阳,101120120616,长阳半岛3号院   满五年   精装修  万科物业,328万,38776元/平,中楼层 (共5层) | 2013年 | 2室1厅 | 84.59平米 | 东 南 西,https://ke-image.ljcdn.com/110000-inspection/pc1_Eq9bsZXxq.jpg!m_fill,w_280,h_210,f_jpg?from=ke.com
20240131,房山,长阳,101120119082,满五唯一 中间楼层 采光好 南北通透,380万,42354元/平,中楼层 (共9层) | 2012年 | 3室1厅 | 89.72平米 | 东 南 北,https://ke-image.ljcdn.com/110000-inspection/14c36639-cb3a-40ee-859f-374e885e9cf7_1000.jpg!m_fill,w_280,h_210,f_jpg?from=ke.com
20240131,房山,长阳,101120112346,首开熙悦山澜庭  南北通透  户型方正  满五唯一房主自荐,430万,47778元/平,中楼层 (共21层) | 2014年 | 2室1厅 | 90平米 | 南 北,https://ke-image.ljcdn.com/110000-inspection/pc1_QTO1Yogc0_1.jpg!m_fill,w_280,h_210,f_jpg?from=ke.com
20240131,房山,长阳,101120100321,新悦都二区三居室南北通透边户全明格局,325万,36861元/平,中楼层 (共18层) | 2012年 | 3室1厅 | 88.17平米 | 南 北,https://ke-image.ljcdn.com/110000-inspection/pc1_Bk6ocXpOH.jpg!m_fill,w_280,h_210,f_jpg?from=ke.com
20240131,房山,长阳,101120099565,绿地花都苑大两居 高楼层 客厅朝南 满五年唯一,290万,30418元/平,高楼层 (共11层) | 2012年 | 2室1厅 | 95.34平米 | 南 北,https://ke-image.ljcdn.com/110000-inspection/e3f511fd-fd69-4027-ad32-1fc82f4ae2fa_1000.jpg!m_fill,w_280,h_210,f_jpg?from=ke.com
20240131,房山,长阳,101120098133,满五年唯一 采光好视野无遮挡 小区中间位置三居,409万,28110元/平,底层 (共14层) | 2010年 | 3室1厅 | 145.5平米 | 南 北,https://ke-image.ljcdn.com/110000-inspection/pc1_1GUpFlgvD.jpg!m_fill,w_280,h_210,f_jpg?from=ke.com
20240131,房山,长阳,101120093901,碧波园 2室1厅 南 北,269万,27989元/平,低楼层 (共6层) | 2009年 | 2室1厅 | 96.11平米 | 南 北,https://ke-image.ljcdn.com/110000-inspection/89d0da77-11cf-4c80-bbcc-33477e24087b_1000.jpg!m_fill,w_280,h_210,f_jpg?from=ke.com
20240131,房山,长阳,101120088649,金隅畅和园9号院 南北朝向2居室 高楼层视野开阔,260万,32343元/平,顶层 (共21层) | 2016年 | 2室1厅 | 80.39平米 | 南 北,https://ke-image.ljcdn.com/110000-inspection/pc1_lE4Pu74KT.jpg!m_fill,w_280,h_210,f_jpg?from=ke.com
20240131,房山,长阳,101120087643,建邦满五唯一2卫三居中间位置中间楼层前后不临街,535万,44808元/平,低楼层 (共9层) | 2014年 | 3室2厅 | 119.4平米 | 南 北,https://ke-image.ljcdn.com/110000-inspection/pc1_K1eMbYytO.jpg!m_fill,w_280,h_210,f_jpg?from=ke.com
20240131,房山,长阳,101120086593,国际花园3号院 3室1厅 南 北,359万,39956元/平,中楼层 (共18层) | 2014年 | 3室1厅 | 89.85平米 | 南 北,https://ke-image.ljcdn.com/110000-inspection/pc1_M56cGmu6Q_1.jpg!m_fill,w_280,h_210,f_jpg?from=ke.com
20240131,房山,长阳,101120085648,徜徉嘉园5号院三居室  满五年唯一  高楼层视野好房主自荐,530万,47796元/平,高楼层 (共16层) 3室2厅 | 110.89平米 | 南 北,https://ke-image.ljcdn.com/110000-inspection/pc1_MngSTf4T2_2.jpg!m_fill,w_280,h_210,f_jpg?from=ke.com
20240131,房山,长阳,101120083311,满五唯一 楼层好视野开阔采光足 价格优质诚心出售可谈,230万,25942元/平,中楼层 (共15层) | 2009年 | 2室1厅 | 88.66平米 | 东 南 北,https://ke-image.ljcdn.com/110000-inspection/pc1_kQFhaGGvn.jpg!m_fill,w_280,h_210,f_jpg?from=ke.com
20240131,房山,长阳,101120077067,满五年唯一产权清晰中间楼层装修好位置好房主自荐,330万,30567元/平,中楼层 (共14层) | 2009年 | 2室2厅 | 107.96平米 | 南 北,https://ke-image.ljcdn.com/110000-inspection/c709f00e-b5e3-47d6-8566-d3ff228490f7_1000.jpg!m_fill,w_280,h_210,f_jpg?from=ke.com
20240131,房山,长阳,101120067262,康泽佳苑南区 2室1厅 南 北,216万,40405元/平,高楼层 (共18层) 2室1厅 | 53.46平米 | 南 北,https://ke-image.ljcdn.com/110000-inspection/pc1_4u42kpWth.jpg!m_fill,w_280,h_210,f_jpg?from=ke.com
20240131,房山,长阳,101120065913,首创新悦都一区 南北通透 精装修 电梯房 一梯两户房主自荐,305万,40350元/平,中楼层 (共18层) 2室1厅 | 75.59平米 | 南 北,https://ke-image.ljcdn.com/110000-inspection/pc1_mOe8VPv3R.jpg!m_fill,w_280,h_210,f_jpg?from=ke.com
20240131,房山,长阳,101120056201,天资华府 南向两居高楼层采光视野好人车分流。,329万,34934元/平,高楼层 (共18层) | 2015年 | 2室2厅 | 94.18平米 | 南,https://ke-image.ljcdn.com/110000-inspection/pc1_UxBEL3RR8.jpg!m_fill,w_280,h_210,f_jpg?from=ke.com
20240131,房山,长阳,101120055311,国誉府 毛坯 洋房平层 品质住宅,1090万,57535元/平,中楼层 (共6层) 5室2厅 | 189.45平米 | 南 北,https://ke-image.ljcdn.com/110000-inspection/pc1_UXH1skSol_1.jpg!m_fill,w_280,h_210,f_jpg?from=ke.com
20240131,房山,长阳,101120050750,中粮京西祥云精装修新风系统中央空调智能科技住宅,596万,47325元/平,高楼层 (共18层) | 2016年 | 3室2厅 | 125.94平米 | 南 北,https://ke-image.ljcdn.com/110000-inspection/pc1_tP3GPq7P7_1.jpg!m_fill,w_280,h_210,f_jpg?from=ke.com
20240131,房山,长阳,101120029934,首创新悦都二区 南北通透精装修,315万,41833元/平,中楼层 (共18层) | 2014年 | 2室1厅 | 75.3平米 | 南 北,https://ke-image.ljcdn.com/110000-inspection/pc1_4JfPWONYO.jpg!m_fill,w_280,h_210,f_jpg?from=ke.com
20240131,房山,长阳,101120023731,清苑嘉园 1室1厅 西,192万,32006元/平,低楼层 (共15层) | 2018年 | 1室1厅 | 59.99平米 | 西,https://ke-image.ljcdn.com/110000-inspection/pc1_5vyj0NhSf.jpg!m_fill,w_280,h_210,f_jpg?from=ke.com
20240131,房山,长阳,101120014991,长阳半岛4号院 长阳半岛4号院,398万,44886元/平,低楼层 (共17层) | 2012年 | 2室1厅 | 88.67平米 | 南,https://ke-image.ljcdn.com/110000-inspection/pc1_B8BdZQcNi.jpg!m_fill,w_280,h_210,f_jpg?from=ke.com
20240131,房山,长阳,101120011808,加州南北通透大一居 全明格局 满5唯一 看房方便房主自荐,190万,27657元/平,底层 (共15层) | 2009年 | 1室1厅 | 68.7平米 | 南 北,https://ke-image.ljcdn.com/110000-inspection/pc1_aXO3qEc1y_2.jpg!m_fill,w_280,h_210,f_jpg?from=ke.com
20240131,房山,长阳,101120010527,满五唯一自住精装。明厨明卫电梯洋房近地铁奥莱,330万,39870元/平,低楼层 (共9层) 2室2厅 | 82.77平米 | 东 西,https://ke-image.ljcdn.com/110000-inspection/pc1_BO8N322P4.jpg!m_fill,w_280,h_210,f_jpg?from=ke.com
20240131,房山,长阳,101119996647,合景领峰7号院 满五唯一 自住精装修房主自荐,429万,40180元/平,低楼层 (共18层) | 2015年 | 3室1厅 | 106.77平米 | 南 北,https://ke-image.ljcdn.com/110000-inspection/pc1_fK7XNLP3H_1.jpg!m_fill,w_280,h_210,f_jpg?from=ke.com
20240131,房山,长阳,101119993842,建邦华庭东区位置好高楼层店长推荐,510万,46038元/平,高楼层 (共9层) 3室1厅 | 110.78平米 | 南 北,https://ke-image.ljcdn.com/110000-inspection/pc1_SiAZQIydT.jpg!m_fill,w_280,h_210,f_jpg?from=ke.com
20240131,房山,长阳,101119993832,康泽佳苑北区南向满五唯一一居室诚心出售房主自荐,238万,39418元/平,中楼层 (共30层) 1室1厅 | 60.38平米 | 南,https://ke-image.ljcdn.com/110000-inspection/pc1_JaloM2XZn_1.jpg!m_fill,w_280,h_210,f_jpg?from=ke.com
20240131,房山,长阳,101119979699,首开熙悦山熹园1号院楼层高视野好精装修聚焦房源,325万,39096元/平,高楼层 (共21层) | 2013年 | 2室1厅 | 83.13平米 | 南,https://ke-image.ljcdn.com/110000-inspection/pc1_S0i5FqEES.jpg!m_fill,w_280,h_210,f_jpg?from=ke.com
20240131,房山,长阳,101119972034,金地朗悦悦园 东南北户型方正 270度采光 视野开阔,450万,50528元/平,中楼层 (共15层) | 2013年 | 3室1厅 | 89.06平米 | 东南 北,https://ke-image.ljcdn.com/110000-inspection/pc1_buDFWJlUW.jpg!m_fill,w_280,h_210,f_jpg?from=ke.com
20240131,房山,长阳,101119972025,康泽佳苑南区 2室1厅 南 北,193万,36306元/平,低楼层 (共18层) | 2014年 | 2室1厅 | 53.16平米 | 南 北,https://ke-image.ljcdn.com/110000-inspection/115d5dc1-cadd-49ee-8fe3-0c570004d47e_1000.jpg!m_fill,w_280,h_210,f_jpg?from=ke.com
20240131,房山,长阳,101119957888,徜徉嘉园8号院 满五唯一 全明格局 三面朝阳 诚心出售,630万,45869元/平,高楼层 (共18层) | 2014年 | 3室1厅 | 137.35平米 | 南 北,https://ke-image.ljcdn.com/110000-inspection/72fa4113-f37f-4dcb-a065-9ac5c8251097_1000.jpg!m_fill,w_280,h_210,f_jpg?from=ke.com
20240131,房山,长阳,101119955195,加州水郡四期中间楼层 位置好 视野好,163万,28148元/平,高楼层 (共14层) | 2011年 | 1室1厅 | 57.91平米 | 南,https://ke-image.ljcdn.com/110000-inspection/pc1_RrjNPYIzW.jpg!m_fill,w_280,h_210,f_jpg?from=ke.com
20240131,房山,长阳,101119938036,世茂维拉 3室1厅 南 北,359万,35772元/平,低楼层 (共12层) | 2015年 | 3室1厅 | 100.36平米 | 南 北,https://ke-image.ljcdn.com/110000-inspection/pc1_rukPOPEpf.jpg!m_fill,w_280,h_210,f_jpg?from=ke.com
20240131,房山,长阳,101119926350,康泽佳苑北区业主诚心出售满五唯一,290万,36520元/平,低楼层 (共30层) 2室1厅 | 79.41平米 | 南,https://ke-image.ljcdn.com/110000-inspection/pc1_gjSXwhIOv.jpg!m_fill,w_280,h_210,f_jpg?from=ke.com
20240131,房山,长阳,101119923466,此房满五唯一业主诚心出售。采光好楼层好。,219万,41517元/平,中楼层 (共18层) | 2014年 | 2室1厅 | 52.75平米 | 南,https://ke-image.ljcdn.com/110000-inspection/pc1_3uaIcF64O_1.jpg!m_fill,w_280,h_210,f_jpg?from=ke.com
20240131,房山,长阳,101119918757,万科新里程59号院东南北户型视野好,489万,47736元/平,高楼层 (共15层) | 2015年 | 3室1厅 | 102.44平米 | 东南 北,https://ke-image.ljcdn.com/110000-inspection/2fda3b32-cec8-4927-bfc2-79d752880347_1000.jpg!m_fill,w_280,h_210,f_jpg?from=ke.com
20240131,房山,长阳,101119904595,万科.金域缇香 满五唯一 业主诚心出售房主自荐,220万,34888元/平,底层 (共17层) | 2014年 | 1室1厅 | 63.06平米 | 南,https://ke-image.ljcdn.com/110000-inspection/pc1_ONzeSYa7f.jpg!m_fill,w_280,h_210,f_jpg?from=ke.com
20240131,房山,长阳,101119900886,首创新悦都二区 满五唯一 精装修,275万,39213元/平,中楼层 (共9层) | 2014年 | 2室1厅 | 70.13平米 | 东 西,https://ke-image.ljcdn.com/110000-inspection/6745142b-b357-4b06-a450-f4b5caf159c6_1000.jpg!m_fill,w_280,h_210,f_jpg?from=ke.com
20240131,房山,长阳,101119896768,《大区推荐》诚心出售 随时签约,168万,39726元/平,中楼层 (共28层) | 2013年 | 1室1厅 | 42.29平米 | 东,https://ke-image.ljcdn.com/110000-inspection/pc1_2NNKVqUfL.jpg!m_fill,w_280,h_210,f_jpg?from=ke.com
20240131,房山,长阳,101119895280,南北通透2居室全明格局户型方正看房方便。,360万,41509元/平,中楼层 (共16层) | 2017年 | 2室1厅 | 86.73平米 | 南 北,https://ke-image.ljcdn.com/110000-inspection/pc1_mpSKMAHkM.jpg!m_fill,w_280,h_210,f_jpg?from=ke.com
20240131,房山,长阳,101119893716,碧桂园小区C区 2室1厅 南 北,260万,27976元/平,中楼层 (共11层) | 2006年 | 2室1厅 | 92.94平米 | 南 北,https://ke-image.ljcdn.com/110000-inspection/pc1_1PLTV8LBR.jpg!m_fill,w_280,h_210,f_jpg?from=ke.com
20240131,房山,长阳,101119888330,芭蕾雨悦都北区 2室2厅 东 西,362万,43933元/平,中楼层 (共9层) | 2012年 | 2室2厅 | 82.4平米 | 东 西,https://ke-image.ljcdn.com/110000-inspection/475464fb-c544-44ab-b853-e914c60ea03b_1000.jpg!m_fill,w_280,h_210,f_jpg?from=ke.com
20240131,房山,长阳,101119887698,国际花园2号院  全明格局 看房方便房主自荐,309万,34794元/平,中楼层 (共18层) 3室1厅 | 88.81平米 | 南 北,https://ke-image.ljcdn.com/110000-inspection/pc1_RXeTI0TGW.jpg!m_fill,w_280,h_210,f_jpg?from=ke.com
20240131,房山,长阳,101119884131,云湾家园3号院南北两居室精装修,395万,43661元/平,低楼层 (共18层) | 2014年 | 2室1厅 | 90.47平米 | 南 北,https://ke-image.ljcdn.com/110000-inspection/pc1_jh08HHVBa_1.jpg!m_fill,w_280,h_210,f_jpg?from=ke.com
20240131,房山,长阳,101119883685,清苑嘉园 1室1厅 西,179万,29839元/平,中楼层 (共15层) 1室1厅 | 59.99平米 | 西,https://ke-image.ljcdn.com/110000-inspection/pc1_iK9JBTHEE.jpg!m_fill,w_280,h_210,f_jpg?from=ke.com
20240131,房山,长阳,101119878722,此房满五唯一南向格局视野开阔采光充足；,198万,37536元/平,高楼层 (共18层) | 2014年 | 2室1厅 | 52.75平米 | 南,https://ke-image.ljcdn.com/110000-inspection/pc1_64z55tqqC_1.jpg!m_fill,w_280,h_210,f_jpg?from=ke.com
20240131,房山,长阳,101119878035,长龙苑小区 满五唯一 南北通透 中层 两居室房主自荐,238万,27938元/平,中楼层 (共6层) | 2001年 | 2室1厅 | 85.19平米 | 南 北,https://ke-image.ljcdn.com/110000-inspection/pc1_6pb4iZOvY_1.jpg!m_fill,w_280,h_210,f_jpg?from=ke.com
20240131,房山,长阳,101119877022,首创新悦都一区 西边户全明格局,305万,34386元/平,底层 (共18层) | 2015年 | 3室1厅 | 88.7平米 | 南 北,https://ke-image.ljcdn.com/110000-inspection/pc1_SdbJc3YZN.jpg!m_fill,w_280,h_210,f_jpg?from=ke.com
20240131,房山,长阳,101119875063,长阳半岛4号院南北三居室诚意出售,415万,43041元/平,顶层 (共9层) | 2012年 | 3室1厅 | 96.42平米 | 南 北,https://ke-image.ljcdn.com/110000-inspection/pc1_bRqiMngPV_1.jpg!m_fill,w_280,h_210,f_jpg?from=ke.com
20240131,房山,长阳,101119872998,大宁山庄二区 低楼层 精装修 南北通透 三居室,580万,39659元/平,中楼层 (共5层) | 2009年 | 3室2厅 | 146.25平米 | 南 北,https://ke-image.ljcdn.com/110000-inspection/pc1_C5lZa6zLD_1.jpg!m_fill,w_280,h_210,f_jpg?from=ke.com
20240131,房山,长阳,101119870798,长阳半岛怡和南路10号院 全南两居室 看房方便！,397万,45377元/平,顶层 (共15层) | 2015年 | 2室1厅 | 87.49平米 | 南,https://ke-image.ljcdn.com/110000-inspection/pc1_GaQYuLsKN.jpg!m_fill,w_280,h_210,f_jpg?from=ke.com
20240131,房山,长阳,101119870648,首开熙悦山澜庭 南向通透格局 楼层好 视野宽阔,365万,43443元/平,高楼层 (共21层) | 2014年 | 2室1厅 | 84.02平米 | 南,https://ke-image.ljcdn.com/110000-inspection/pc1_rNxDc7b0p.jpg!m_fill,w_280,h_210,f_jpg?from=ke.com
20240131,房山,长阳,101119859996,加州水郡三期  小户型 一居室,150万,33906元/平,底层 (共15层) | 2009年 | 1室1厅 | 44.24平米 | 东,https://ke-image.ljcdn.com/110000-inspection/f299bc82-d35e-4c79-b7e1-f81564da9d88_1000.jpg!m_fill,w_280,h_210,f_jpg?from=ke.com
20240131,房山,长阳,101119856424,加州水郡四期 正规两居 满五年唯一 公摊小 诚心出售,225万,25185元/平,低楼层 (共15层) 2室1厅 | 89.34平米 | 东北,https://ke-image.ljcdn.com/110000-inspection/a637cee3-fa3b-4f33-b8d4-5e2947ffbc1d_1000.jpg!m_fill,w_280,h_210,f_jpg?from=ke.com
20240131,房山,长阳,101119850327,万科金域缇香精装修南北通透双卫诚心出售看房方便,485万,42090元/平,低楼层 (共20层) | 2014年 | 3室1厅 | 115.23平米 | 南 北,https://ke-image.ljcdn.com/110000-inspection/pc1_HRTgXlsqB_1.jpg!m_fill,w_280,h_210,f_jpg?from=ke.com
20240131,房山,长阳,101119848413,加州水郡四期二次精装满五唯一近门口出入方便,270万,30815元/平,低楼层 (共15层) | 2011年 | 2室1厅 | 87.62平米 | 东南,https://ke-image.ljcdn.com/110000-inspection/pc1_fjwpNGK73.jpg!m_fill,w_280,h_210,f_jpg?from=ke.com
20240131,房山,长阳,101119846865,万科.金域缇香 纯商品房 眼镜户型 明厨明卫 随时看房房主自荐,389万,43891元/平,低楼层 (共18层) | 2015年 | 2室1厅 | 88.63平米 | 南,https://ke-image.ljcdn.com/110000-inspection/pc1_ApDX3DQNX_1.jpg!m_fill,w_280,h_210,f_jpg?from=ke.com
20240131,房山,长阳,101119829903,加州水郡二期南北通透三居室精装修,381万,26728元/平,高楼层 (共9层) | 2007年 | 3室1厅 | 142.55平米 | 南 北,https://ke-image.ljcdn.com/110000-inspection/pc1_0ZUhPnKYV.jpg!m_fill,w_280,h_210,f_jpg?from=ke.com
20240131,房山,长阳,101119829513,万科.金域缇香 南北通透 高层采光好 观景 精装修三居,415万,40315元/平,高楼层 (共16层) | 2015年 | 3室1厅 | 102.94平米 | 南 北,https://ke-image.ljcdn.com/110000-inspection/pc1_Ls6xT8pux_1.jpg!m_fill,w_280,h_210,f_jpg?from=ke.com
20240131,房山,长阳,101119824589,首开熙悦山澜庭南北通透大两居室,419万,47047元/平,中楼层 (共21层) | 2014年 | 2室1厅 | 89.06平米 | 南 北,https://ke-image.ljcdn.com/110000-inspection/pc1_J8MrFZ7BE_1.jpg!m_fill,w_280,h_210,f_jpg?from=ke.com
20240131,房山,长阳,101119819678,清苑嘉园 广阳郡西侧  满五唯一 精装西向 一居 采光好,165万,27560元/平,顶层 (共15层) 1室1厅 | 59.87平米 | 西,https://ke-image.ljcdn.com/110000-inspection/57aa7be5-1f7a-4559-bade-41f30d6560d4_1000.jpg!m_fill,w_280,h_210,f_jpg?from=ke.com
20240131,房山,长阳,101119815623,世茂维拉 南北通透三居室 满五年 看房有钥匙,315万,31832元/平,低楼层 (共12层) 3室1厅 | 98.96平米 | 南 北,https://ke-image.ljcdn.com/110000-inspection/pc1_RQ32kZfoE.jpg!m_fill,w_280,h_210,f_jpg?from=ke.com
20240131,房山,长阳,101119814898,北京城建·广悦居 满五年唯一精装修 南北两居室,268万,33268元/平,中楼层 (共22层) 2室1厅 | 80.56平米 | 南 北,https://ke-image.ljcdn.com/110000-inspection/pc1_r1b3I5hpL.jpg!m_fill,w_280,h_210,f_jpg?from=ke.com
20240131,房山,长阳,101119812627,天资华府 南北通透边户三居室 次新房楼层佳视野好,480万,34713元/平,中楼层 (共19层) | 2015年 | 3室2厅 | 138.28平米 | 南 北,https://ke-image.ljcdn.com/110000-inspection/pc1_Mal9MqXvf.jpg!m_fill,w_280,h_210,f_jpg?from=ke.com
20240131,房山,长阳,101119812591,眼镜户型 高楼层 观景阳台 南北双通透 双卫 有车位房主自荐,419万,33794元/平,中楼层 (共10层) | 2012年 | 3室1厅 | 123.99平米 | 南 北,https://ke-image.ljcdn.com/110000-inspection/pc1_c16GEKfjc.jpg!m_fill,w_280,h_210,f_jpg?from=ke.com
20240131,房山,长阳,101119800147,正规3居南北通透户型格局好高楼层！,530万,51773元/平,中楼层 (共11层) | 2016年 | 3室1厅 | 102.37平米 | 南 北,https://ke-image.ljcdn.com/110000-inspection/pc1_BHFDYQFYb_1.jpg!m_fill,w_280,h_210,f_jpg?from=ke.com
20240131,房山,长阳,101119799331,万科精装三居室 南北通透 明厨明卫 业主诚心出售,525万,47863元/平,中楼层 (共9层) | 2015年 | 3室2厅 | 109.69平米 | 南 北,https://ke-image.ljcdn.com/110000-inspection/pc1_RSTKSZqom_1.jpg!m_fill,w_280,h_210,f_jpg?from=ke.com
20240131,房山,长阳,101119798874,金地朗悦朗园 精装保持好 南北通透 视野开阔,485万,49642元/平,中楼层 (共9层) | 2013年 | 3室1厅 | 97.7平米 | 南 北,https://ke-image.ljcdn.com/110000-inspection/pc1_w9ePcQhpS_1.jpg!m_fill,w_280,h_210,f_jpg?from=ke.com
20240131,房山,长阳,101119795942,绿地花都苑精装满五唯一大三居出售有车位一起卖,408万,31108元/平,低楼层 (共13层) | 2013年 | 3室1厅 | 131.16平米 | 南 北,https://ke-image.ljcdn.com/110000-inspection/pc1_LKx2Pujli.jpg!m_fill,w_280,h_210,f_jpg?from=ke.com
20240131,房山,长阳,101119795498,天泰新景 2室2厅 南 北,290万,29170元/平,中楼层 (共6层) | 2008年 | 2室2厅 | 99.42平米 | 南 北,https://ke-image.ljcdn.com/110000-inspection/pc1_AsG1lGLVc_2.jpg!m_fill,w_280,h_210,f_jpg?from=ke.com
20240131,房山,长阳,101119792285,业主诚心出售南北通透双明卫中楼层视野采光棒,528万,36334元/平,中楼层 (共10层) | 2012年 | 3室2厅 | 145.32平米 | 南 北,https://ke-image.ljcdn.com/110000-inspection/pc1_Vam9jQjHJ.jpg!m_fill,w_280,h_210,f_jpg?from=ke.com
20240131,房山,长阳,101119791318,加州两居 南北通透 楼前视野开阔 可观水系  满5唯一,225万,29739元/平,底层 (共10层) | 2009年 | 2室1厅 | 75.66平米 | 南 北,https://ke-image.ljcdn.com/110000-inspection/544c6bfe-c587-466f-a92b-3ccff5e199d9_1000.jpg!m_fill,w_280,h_210,f_jpg?from=ke.com
20240131,房山,长阳,101119789318,清苑嘉园 此房精装修 满五唯一 采光充足,195万,32506元/平,中楼层 (共15层) | 2017年 | 1室1厅 | 59.99平米 | 西,https://ke-image.ljcdn.com/110000-inspection/b82df3a9-47c2-45b7-8201-9274f07acf3e_1000.jpg!m_fill,w_280,h_210,f_jpg?from=ke.com
20240131,房山,长阳,101119788228,金地朗悦润园  南北通透 全明设计 精装修 次顶层,570万,45765元/平,高楼层 (共7层) | 2014年 | 3室2厅 | 124.55平米 | 南 北,https://ke-image.ljcdn.com/110000-inspection/pc1_UPyk0EttL.jpg!m_fill,w_280,h_210,f_jpg?from=ke.com
20240131,房山,长阳,101119787358,熙悦山3号院好位置好楼层满五唯一精装修两居房主自荐,319万,36663元/平,顶层 (共21层) | 2013年 | 2室1厅 | 87.01平米 | 南 北,https://ke-image.ljcdn.com/110000-inspection/pc1_JCdTj1V2I_1.jpg!m_fill,w_280,h_210,f_jpg?from=ke.com
20240131,房山,长阳,101119785478,万科.金域缇香南北通透3居室业主诚心出售,460万,44687元/平,中楼层 (共16层) | 2015年 | 3室1厅 | 102.94平米 | 南 北,https://ke-image.ljcdn.com/110000-inspection/pc1_Ndiu3LyOc_1.jpg!m_fill,w_280,h_210,f_jpg?from=ke.com
20240131,房山,长阳,101119779656,徜徉嘉园5号院 电梯入户 满五唯一 带家具家电人车分流,666万,48244元/平,低楼层 (共16层) 3室2厅 | 138.05平米 | 南 北,https://ke-image.ljcdn.com/110000-inspection/pc1_MsgNQggAB.jpg!m_fill,w_280,h_210,f_jpg?from=ke.com
20240131,房山,长阳,101119778011,长阳国际城一区 满五唯一  高楼层 精装修,379万,42385元/平,高楼层 (共9层) | 2012年 | 3室1厅 | 89.42平米 | 南 北,https://ke-image.ljcdn.com/110000-inspection/pc1_dlm7qKCjK_1.jpg!m_fill,w_280,h_210,f_jpg?from=ke.com
20240131,房山,长阳,101119776768,此房满五唯一看房很方便精装修近地铁,240万,39650元/平,高楼层 (共30层) | 2015年 | 1室1厅 | 60.53平米 | 南,https://ke-image.ljcdn.com/110000-inspection/pc1_gppsrawJf_1.jpg!m_fill,w_280,h_210,f_jpg?from=ke.com
20240131,房山,长阳,101119772986,长阳半岛1号院 明厨明卫 精装,373万,41991元/平,中楼层 (共21层) | 2012年 | 2室1厅 | 88.83平米 | 西南 北,https://ke-image.ljcdn.com/110000-inspection/pc1_rCdTSP82l_1.jpg!m_fill,w_280,h_210,f_jpg?from=ke.com
20240131,房山,长阳,101119770942,别墅区住宅密度低独立餐厅采光无遮挡,395万,28132元/平,低楼层 (共9层) | 2006年 | 3室2厅 | 140.41平米 | 南 北,https://ke-image.ljcdn.com/110000-inspection/pc1_UQJJ29GoS.jpg!m_fill,w_280,h_210,f_jpg?from=ke.com
20240131,房山,长阳,101119769608,徜徉集8号院南北向通透双明卫中央空调层高高,590万,47527元/平,低楼层 (共18层) | 2014年 | 3室1厅 | 124.14平米 | 南 北,https://ke-image.ljcdn.com/110000-inspection/pc1_m51HoHZcd.jpg!m_fill,w_280,h_210,f_jpg?from=ke.com
20240131,房山,长阳,101119764319,西悦欣居精装修全南户型全天采光,330万,37213元/平,低楼层 (共18层) | 2012年 | 2室1厅 | 88.68平米 | 南,https://ke-image.ljcdn.com/110000-inspection/pc1_t8neyeAGg.jpg!m_fill,w_280,h_210,f_jpg?from=ke.com
20240131,房山,长阳,101119764143,新中式精装修楼间距大无遮挡一览无余中粮品质,800万,58609元/平,中楼层 (共17层) 4室2厅 | 136.5平米 | 南 北,https://ke-image.ljcdn.com/110000-inspection/pc1_e1vF0MeJe_1.jpg!m_fill,w_280,h_210,f_jpg?from=ke.com
20240131,房山,长阳,101119756012,长阳半岛3号院  中间位置 南向两居 诚心出售 满五唯一,383万,44728元/平,中楼层 (共17层) 2室1厅 | 85.63平米 | 南,https://ke-image.ljcdn.com/110000-inspection/pc1_dCLt3Zc8x.jpg!m_fill,w_280,h_210,f_jpg?from=ke.com
20240131,房山,长阳,101119751692,世茂维拉 3室1厅 南 北,319万,31679元/平,顶层 (共12层) | 2015年 | 3室1厅 | 100.7平米 | 南 北,https://ke-image.ljcdn.com/110000-inspection/pc1_yZtMl4FDd.jpg!m_fill,w_280,h_210,f_jpg?from=ke.com
20240131,房山,长阳,101119748769,北京城建·广悦居  高楼层南向两居室  诚意出售,273万,33035元/平,中楼层 (共23层) | 2016年 | 2室1厅 | 82.64平米 | 南,https://ke-image.ljcdn.com/110000-inspection/pc1_1mBT6oLq1.jpg!m_fill,w_280,h_210,f_jpg?from=ke.com
20240131,房山,长阳,101119745500,长阳半岛4号院纯南向采光充足随时可签约房源,399万,45958元/平,顶层 (共17层) 2室1厅 | 86.82平米 | 南,https://ke-image.ljcdn.com/110000-inspection/908eccbc-9e2f-453f-94ee-45c3568e3300_1000.jpg!m_fill,w_280,h_210,f_jpg?from=ke.com
20240131,房山,长阳,101119734112,加州水郡三期双卫南北大两居室直通地库。,315万,28105元/平,中楼层 (共14层) | 2009年 | 3室2厅 | 112.08平米 | 南 北,https://ke-image.ljcdn.com/110000-inspection/pc1_luhU7x8JA.jpg!m_fill,w_280,h_210,f_jpg?from=ke.com
20240131,房山,长阳,101119732576,长阳半岛祥云街1号院南向两居室采光好不临街满五唯一,338万,37749元/平,低楼层 (共21层) | 2012年 | 2室1厅 | 89.54平米 | 南,https://ke-image.ljcdn.com/110000-inspection/pc1_qSRIN6Ruj.jpg!m_fill,w_280,h_210,f_jpg?from=ke.com
20240131,房山,长阳,101119731213,长龙苑小区方正户型南北通透精装修定制家具！房主自荐,263万,29481元/平,底层 (共5层) | 2004年 | 2室1厅 | 89.21平米 | 南 北,https://ke-image.ljcdn.com/110000-inspection/pc1_3YxJ69Xwv.jpg!m_fill,w_280,h_210,f_jpg?from=ke.com
20240131,房山,长阳,101119721261,北京城建·广悦居 东南两居 明厨明卫,275万,32142元/平,高楼层 (共24层) | 2016年 | 2室1厅 | 85.56平米 | 东南,https://ke-image.ljcdn.com/110000-inspection/pc1_R5N7hr5nc.jpg!m_fill,w_280,h_210,f_jpg?from=ke.com
20240131,房山,长阳,101119720447,长阳国际城二区 高楼层 户型方正,379万,42666元/平,高楼层 (共20层) | 2012年 | 3室1厅 | 88.83平米 | 南 北,https://ke-image.ljcdn.com/110000-inspection/pc1_VAEyknEsh_1.jpg!m_fill,w_280,h_210,f_jpg?from=ke.com
20240131,房山,长阳,101119720442,加州北区少有户型观景房满五唯一楼附近不走车房主自荐,309万,24800元/平,底层 (共14层) 3室2厅 | 124.6平米 | 南 北,https://ke-image.ljcdn.com/110000-inspection/ea0115cc-6a1d-4f9c-8e9b-ae6ba72f43f4_1000.jpg!m_fill,w_280,h_210,f_jpg?from=ke.com
20240131,房山,长阳,101119719523,徜徉嘉园8号院精装修三居室,635万,50032元/平,中楼层 (共6层) | 2014年 | 3室2厅 | 126.92平米 | 南 北,https://ke-image.ljcdn.com/110000-inspection/pc1_RfEnlxlmK.jpg!m_fill,w_280,h_210,f_jpg?from=ke.com
20240131,房山,长阳,101119714137,万科长阳天地5号院 高楼层 万科物业,455万,44171元/平,高楼层 (共21层) 3室2厅 | 103.01平米 | 南 北,https://ke-image.ljcdn.com/110000-inspection/pc1_dDZZQEG0i_1.jpg!m_fill,w_280,h_210,f_jpg?from=ke.com
20240131,房山,长阳,101119713924,加州水郡二期南北通透三居室户型精装修,420万,29194元/平,底层 (共9层) | 2006年 | 3室1厅 | 143.87平米 | 南 北,https://ke-image.ljcdn.com/110000-inspection/d140bdf1-eeef-4698-94c9-00319f82f31a_1000.jpg!m_fill,w_280,h_210,f_jpg?from=ke.com
20240131,房山,长阳,101119713641,加州水郡三期 2室1厅 南 北,290万,31254元/平,中楼层 (共14层) | 2010年 | 2室1厅 | 92.79平米 | 南 北,https://ke-image.ljcdn.com/110000-inspection/pc1_T4CzMynlC.jpg!m_fill,w_280,h_210,f_jpg?from=ke.com
20240131,房山,长阳,101119709834,首开熙悦山熹园3号院 3室1厅 南 北,470万,45110元/平,中楼层 (共9层) | 2013年 | 3室1厅 | 104.19平米 | 南 北,https://ke-image.ljcdn.com/110000-inspection/pc1_MRMLPcYLn_1.jpg!m_fill,w_280,h_210,f_jpg?from=ke.com
20240131,房山,长阳,101119709422,长阳半岛怡和南路8号院 3室1厅 南 北,528万,51558元/平,中楼层 (共11层) | 2016年 | 3室1厅 | 102.41平米 | 南 北,https://ke-image.ljcdn.com/110000-inspection/pc1_9dEXbBsE0_1.jpg!m_fill,w_280,h_210,f_jpg?from=ke.com
20240131,房山,长阳,101119700430,满五唯一诚心出售大区聚焦房南北通透位置安静,347万,39794元/平,中楼层 (共21层) | 2013年 | 2室1厅 | 87.2平米 | 南 北,https://ke-image.ljcdn.com/110000-inspection/pc1_ALXo6BSQ4.jpg!m_fill,w_280,h_210,f_jpg?from=ke.com
20240131,房山,长阳,101119698360,碧波园 2室1厅 南 北,280万,29265元/平,中楼层 (共6层) | 2009年 | 2室1厅 | 95.68平米 | 南 北,https://ke-image.ljcdn.com/110000-inspection/pc1_HP6zQDXOj.jpg!m_fill,w_280,h_210,f_jpg?from=ke.com
20240131,房山,长阳,101119696860,次顶层精装修中间位置阳台已封满五唯一小三居,418万,45146元/平,高楼层 (共10层) | 2015年 | 3室1厅 | 92.59平米 | 南 北,https://ke-image.ljcdn.com/110000-inspection/pc1_JvRx4BjeX.jpg!m_fill,w_280,h_210,f_jpg?from=ke.com
20240131,房山,长阳,101119696782,全明格局中间楼层看房方便满五唯一户型方正房主自荐,182万,32230元/平,低楼层 (共15层) | 2010年 | 1室1厅 | 56.47平米 | 东北,https://ke-image.ljcdn.com/110000-inspection/pc1_cBBO0HBnp.jpg!m_fill,w_280,h_210,f_jpg?from=ke.com
20240131,房山,长阳,101119695377,金地朗悦悦园 满五唯一南向两居,342万,42228元/平,低楼层 (共11层) | 2013年 | 2室1厅 | 80.99平米 | 南,https://ke-image.ljcdn.com/110000-inspection/pc1_8EKBAWzTD.jpg!m_fill,w_280,h_210,f_jpg?from=ke.com
20240131,房山,长阳,101119688040,中粮京西祥云 眼镜户型 双通透 欢迎随时看房,599万,47563元/平,低楼层 (共18层) | 2016年 | 4室2厅 | 125.94平米 | 南 北,https://ke-image.ljcdn.com/110000-inspection/pc1_1EKL8wnGr.jpg!m_fill,w_280,h_210,f_jpg?from=ke.com
20240131,房山,长阳,101119685598,落地窗满五年全明格局采光充足房主自荐,595万,44265元/平,低楼层 (共9层) 3室1厅 | 134.42平米 | 南 北,https://ke-image.ljcdn.com/110000-inspection/pc1_DcehKmMNv.jpg!m_fill,w_280,h_210,f_jpg?from=ke.com
20240131,房山,长阳,101119674139,碧波园小区南北通透两居室采光很好,230万,23996元/平,顶层 (共6层) | 2009年 | 2室1厅 | 95.85平米 | 南 北,https://ke-image.ljcdn.com/110000-inspection/c8ed1f63-928b-485e-bf49-1498a79b0038_1000.jpg!m_fill,w_280,h_210,f_jpg?from=ke.com
20240131,房山,长阳,101119662346,首开熙悦山澜庭满五唯一南向位置好,380万,45368元/平,低楼层 (共21层) | 2014年 | 2室1厅 | 83.76平米 | 南,https://ke-image.ljcdn.com/110000-inspection/pc1_jOdFPf6UV.jpg!m_fill,w_280,h_210,f_jpg?from=ke.com
20240131,房山,长阳,101119661832,万科.金域缇香 南北通透三居室 业主诚心出售,466万,42938元/平,高楼层 (共18层) | 2015年 | 3室2厅 | 108.53平米 | 南 北,https://ke-image.ljcdn.com/110000-inspection/pc1_pJhJy37eZ.jpg!m_fill,w_280,h_210,f_jpg?from=ke.com
20240131,房山,长阳,101119660853,东南北户型 高楼层采光好 两梯四户 交通方便,385万,43484元/平,高楼层 (共28层) | 2012年 | 2室1厅 | 88.54平米 | 东南 北,https://ke-image.ljcdn.com/110000-inspection/pc1_nkOqcOTLS_1.jpg!m_fill,w_280,h_210,f_jpg?from=ke.com
20240131,房山,长阳,101119659037,房子户型方正 满五唯一 卫生间有窗户 视野开阔 无遮挡,249万,28041元/平,低楼层 (共11层) | 2011年 | 2室1厅 | 88.8平米 | 南 西,https://ke-image.ljcdn.com/110000-inspection/pc1_hA5mgja20.jpg!m_fill,w_280,h_210,f_jpg?from=ke.com
20240131,房山,长阳,101119653828,首开熙悦山澜庭满五唯一采光充足南北通透房主自荐,423万,46964元/平,高楼层 (共21层) | 2014年 | 2室1厅 | 90.07平米 | 南 北,https://ke-image.ljcdn.com/110000-inspection/pc1_0c2nVVFbN_1.jpg!m_fill,w_280,h_210,f_jpg?from=ke.com
20240131,房山,长阳,101119649484,徜徉集5号院南北通透三居室明厨明卫看房方便,450万,48450元/平,中楼层 (共8层) | 2012年 | 3室1厅 | 92.88平米 | 南 北,https://ke-image.ljcdn.com/110000-inspection/pc1_QtMF2lR3V.jpg!m_fill,w_280,h_210,f_jpg?from=ke.com
20240131,房山,长阳,101119640263,天骄俊园 2室1厅 南 北,225万,25253元/平,顶层 (共6层) | 2008年 | 2室1厅 | 89.1平米 | 南 北,https://ke-image.ljcdn.com/110000-inspection/pc1_xfszvUIUt.jpg!m_fill,w_280,h_210,f_jpg?from=ke.com
20240131,房山,长阳,101119625134,长龙家园 带电梯 一梯两户 南北通透 停车方便,216万,25928元/平,低楼层 (共11层) | 2015年 | 2室1厅 | 83.31平米 | 南 北,https://ke-image.ljcdn.com/110000-inspection/54fc23de-e8fb-4717-b4cd-9b109a270e9f_1000.jpg!m_fill,w_280,h_210,f_jpg?from=ke.com
20240131,房山,长阳,101119616076,康泽佳苑南区 精装修 保持好 经理推荐好房,198万,35529元/平,中楼层 (共28层) 2室1厅 | 55.73平米 | 南,https://ke-image.ljcdn.com/110000-inspection/pc1_XxqLCQd6W.jpg!m_fill,w_280,h_210,f_jpg?from=ke.com
20240131,房山,长阳,101119602088,康泽佳苑南区精装东北向一居户型方正采光好楼层佳诚售,169万,39663元/平,中楼层 (共28层) | 2014年 | 1室1厅 | 42.61平米 | 东北,https://ke-image.ljcdn.com/110000-inspection/pc1_2wCi8YjUC_1.jpg!m_fill,w_280,h_210,f_jpg?from=ke.com
20240131,房山,长阳,101119599176,金地朗悦悦园 3室1厅 东 南 北,405万,45368元/平,底层 (共11层) | 2013年 | 3室1厅 | 89.27平米 | 东 南 北,https://ke-image.ljcdn.com/110000-inspection/pc1_EXIFKeSgl.jpg!m_fill,w_280,h_210,f_jpg?from=ke.com
20240131,房山,长阳,101119598385,《商圈推荐》康泽佳苑南区优质精装好房,173万,32562元/平,低楼层 (共28层) | 2014年 | 2室1厅 | 53.13平米 | 西南,https://ke-image.ljcdn.com/110000-inspection/pc1_L8Z7DfVJR.jpg!m_fill,w_280,h_210,f_jpg?from=ke.com
20240131,房山,长阳,101119592990,长阳地铁站满五唯一南北双通透诚心出售,400万,44985元/平,中楼层 (共20层) | 2012年 | 3室1厅 | 88.92平米 | 南 北,https://ke-image.ljcdn.com/110000-inspection/pc1_AQHPZIJ5i.jpg!m_fill,w_280,h_210,f_jpg?from=ke.com
20240131,房山,长阳,101119580113,样板间户型业主2019年重新装修一直自住保持好！,296万,33965元/平,中楼层 (共11层) | 2010年 | 2室1厅 | 87.15平米 | 南 北,https://ke-image.ljcdn.com/110000-inspection/pc1_5DDo763RT_1.jpg!m_fill,w_280,h_210,f_jpg?from=ke.com
20240131,房山,长阳,101119579928,长阳半岛怡和路3号院 2室1厅 南 北,398万,43993元/平,高楼层 (共18层) | 2014年 | 2室1厅 | 90.47平米 | 南 北,https://ke-image.ljcdn.com/110000-inspection/pc1_HWFcv38Kg_1.jpg!m_fill,w_280,h_210,f_jpg?from=ke.com
20240131,房山,长阳,101119576458,加州水郡三期南向一居室只有契税,178万,30329元/平,中楼层 (共14层) | 2009年 | 1室1厅 | 58.69平米 | 南,https://ke-image.ljcdn.com/110000-inspection/pc1_xZ3kZyWmZ.jpg!m_fill,w_280,h_210,f_jpg?from=ke.com
20240131,房山,长阳,101119560911,长龙家园 2室1厅 南 北,230万,27512元/平,顶层 (共11层) 2室1厅 | 83.6平米 | 南 北,https://ke-image.ljcdn.com/110000-inspection/pc1_A6WfduI43.jpg!m_fill,w_280,h_210,f_jpg?from=ke.com
20240131,房山,长阳,101119570155,加州水郡四期 东向两居室 配套齐全 出行方便,255万,28788元/平,中楼层 (共15层) 2室1厅 | 88.58平米 | 东,https://ke-image.ljcdn.com/110000-inspection/pc1_9zEn8SME8.jpg!m_fill,w_280,h_210,f_jpg?from=ke.com
20240131,房山,长阳,101119560950,首创新悦都二区 2室1厅 东南 西北,308万,43856元/平,中楼层 (共8层) | 2014年 | 2室1厅 | 70.23平米 | 东南 西北,https://ke-image.ljcdn.com/110000-inspection/pc1_MFzZp9f29_2.jpg!m_fill,w_280,h_210,f_jpg?from=ke.com
20240131,房山,长阳,101119551835,万科.金域缇香 三居室 全明格局   稳定签约,420万,39940元/平,低楼层 (共18层) | 2015年 | 3室2厅 | 105.16平米 | 东 南 北,https://ke-image.ljcdn.com/110000-inspection/pc1_MK2DtPAmg_1.jpg!m_fill,w_280,h_210,f_jpg?from=ke.com
20240131,房山,长阳,101119547058,门口位置 南北向两居 户型方正 诚意出售,258万,30766元/平,底层 (共14层) | 2010年 | 2室1厅 | 83.86平米 | 南 北,https://ke-image.ljcdn.com/110000-inspection/966b830d-1ce8-4e8a-ae5f-b1281ccde379_1000.jpg!m_fill,w_280,h_210,f_jpg?from=ke.com
20240131,房山,长阳,101119541196,建邦华庭西区 满五唯一 精装三居 南北双通透,655万,45639元/平,高楼层 (共18层) | 2013年 | 3室2厅 | 143.52平米 | 南 北,https://ke-image.ljcdn.com/110000-inspection/pc1_cmcOjIiwo.jpg!m_fill,w_280,h_210,f_jpg?from=ke.com
20240131,房山,长阳,101119531526,徜徉嘉园5号院 南北通透3居满五唯一给周期房主自荐,589万,44645元/平,底层 (共9层) 3室2厅 | 131.93平米 | 南 北,https://ke-image.ljcdn.com/110000-inspection/pc1_ITiUL5SpP.jpg!m_fill,w_280,h_210,f_jpg?from=ke.com
20240131,房山,长阳,101119526376,阜盛西街2号院 北京城建·广悦居,275万,34065元/平,低楼层 (共24层) 2室1厅 | 80.73平米 | 南 北,https://ke-image.ljcdn.com/110000-inspection/pc1_CVpQNIFJD.jpg!m_fill,w_280,h_210,f_jpg?from=ke.com
20240131,房山,长阳,101119520006,加州水郡四期 东北正规一居室 全明格局,179万,30406元/平,低楼层 (共11层) 1室1厅 | 58.87平米 | 东北,https://ke-image.ljcdn.com/110000-inspection/pc1_8v4VGiZ12.jpg!m_fill,w_280,h_210,f_jpg?from=ke.com
20240131,房山,长阳,101119519386,南北通透精装修三居室高楼层采光好无遮挡通风好,445万,46432元/平,顶层 (共11层) 3室1厅 | 95.84平米 | 南 西 北,https://ke-image.ljcdn.com/110000-inspection/pc1_PIpVHAptt_1.jpg!m_fill,w_280,h_210,f_jpg?from=ke.com
20240131,房山,长阳,101119518185,三居室边户南北通透明厨明卫采光通风好精装修房主自荐,417万,42370元/平,中楼层 (共10层) | 2014年 | 3室1厅 | 98.42平米 | 南 北 西,https://ke-image.ljcdn.com/110000-inspection/pc1_ntAHbgDM9.jpg!m_fill,w_280,h_210,f_jpg?from=ke.com
20240131,房山,长阳,101119510805,金地朗悦朗园 西南北 无遮挡 看房方便,440万,45667元/平,中楼层 (共11层) | 2013年 | 3室1厅 | 96.35平米 | 西 南 北,https://ke-image.ljcdn.com/110000-inspection/pc1_95TgQKj39_1.jpg!m_fill,w_280,h_210,f_jpg?from=ke.com
20240131,房山,长阳,101119506550,长阳半岛怡和路6号院 2室2厅 南 北,433万,48993元/平,低楼层 (共9层) | 2015年 | 2室2厅 | 88.38平米 | 南 北,https://ke-image.ljcdn.com/110000-inspection/pc1_KtUY6AidR.jpg!m_fill,w_280,h_210,f_jpg?from=ke.com
20240131,房山,长阳,101119501457,长阳半岛祥云街4号院 3居 次顶层,500万,48838元/平,高楼层 (共16层) | 2012年 | 3室1厅 | 102.38平米 | 南 西 北,https://ke-image.ljcdn.com/110000-inspection/pc1_YGHgsiRzW_1.jpg!m_fill,w_280,h_210,f_jpg?from=ke.com
20240131,房山,长阳,101119500895,碧桂园小区二区正规南北两居室装修好自住品质低楼层,235万,27056元/平,低楼层 (共6层) 2室1厅 | 86.86平米 | 南 北,https://ke-image.ljcdn.com/110000-inspection/pc1_8L6ILgMkm.jpg!m_fill,w_280,h_210,f_jpg?from=ke.com
20240131,房山,长阳,101119498070,满五年唯一 精装修 产权清晰 看房方便靠谱签约,285万,30342元/平,低楼层 (共15层) | 2009年 | 2室1厅 | 93.93平米 | 南,https://ke-image.ljcdn.com/110000-inspection/pc1_VJNUGfT07.jpg!m_fill,w_280,h_210,f_jpg?from=ke.com
20240131,房山,长阳,101119497045,有车位商品房  满五年  中高楼层 采光好无遮挡,255万,28791元/平,高楼层 (共15层) | 2011年 | 2室1厅 | 88.57平米 | 东,https://ke-image.ljcdn.com/110000-inspection/pc1_MVemHhebO.jpg!m_fill,w_280,h_210,f_jpg?from=ke.com
20240131,房山,长阳,101119496517,五矿名品   精装修三居  室出售,630万,47008元/平,高楼层 (共6层) | 2016年 | 3室2厅 | 134.02平米 | 南 北,https://ke-image.ljcdn.com/110000-inspection/pc1_xNjf2v5rC_2.jpg!m_fill,w_280,h_210,f_jpg?from=ke.com
20240131,房山,长阳,101119496475,此房满五唯一户型方正位置好诚心出售。,290万,36387元/平,低楼层 (共25层) 2室1厅 | 79.7平米 | 南 北,https://ke-image.ljcdn.com/110000-inspection/pc1_Mqmd3NS86.jpg!m_fill,w_280,h_210,f_jpg?from=ke.com
20240131,房山,长阳,101119495250,金隅畅和园9号院 精装二居 采光充足 视野开阔,265万,33528元/平,中楼层 (共21层) 2室1厅 | 79.04平米 | 东北,https://ke-image.ljcdn.com/110000-inspection/pc1_nD5zhVvov_1.jpg!m_fill,w_280,h_210,f_jpg?from=ke.com
20240131,房山,长阳,101119494570,五矿名品 3室2厅 南 北,730万,51847元/平,中楼层 (共10层) | 2016年 | 3室2厅 | 140.8平米 | 南 北,https://ke-image.ljcdn.com/110000-inspection/pc1_nhCbqPKy6.jpg!m_fill,w_280,h_210,f_jpg?from=ke.com
20240131,房山,长阳,101119492409,建邦华庭西区 2室1厅 南房主自荐,399万,43061元/平,高楼层 (共16层) | 2013年 | 2室1厅 | 92.66平米 | 南,https://ke-image.ljcdn.com/110000-inspection/pc1_Mzw7VvkxC.jpg!m_fill,w_280,h_210,f_jpg?from=ke.com
20240131,房山,长阳,101119488488,九洲溪雅苑一区 南北通透大三居 户型方正 采光好,430万,28374元/平,低楼层 (共14层) 3室1厅 | 151.55平米 | 南 北,https://ke-image.ljcdn.com/110000-inspection/pc1_rR6TXAxxD.jpg!m_fill,w_280,h_210,f_jpg?from=ke.com
20240131,房山,长阳,101119487430,金地朗悦润园  南北通透 全明设计 精装修 次顶层,580万,46419元/平,低楼层 (共7层) | 2014年 | 3室1厅 | 124.95平米 | 南 北,https://ke-image.ljcdn.com/110000-inspection/46fe30c5-ece8-41db-961e-ddf5077cbb2d_1000.jpg!m_fill,w_280,h_210,f_jpg?from=ke.com
20240131,房山,长阳,101119485912,满五唯一 一梯两户 南北通透 落地窗,389万,43586元/平,低楼层 (共8层) | 2012年 | 3室1厅 | 89.25平米 | 南 北,https://ke-image.ljcdn.com/110000-inspection/pc1_c3qwPi6WY.jpg!m_fill,w_280,h_210,f_jpg?from=ke.com
20240131,房山,长阳,101119483931,首创新悦都二区 精装修中高楼层,305万,43491元/平,高楼层 (共9层) | 2014年 | 2室1厅 | 70.13平米 | 东 西,https://ke-image.ljcdn.com/110000-inspection/pc1_qxIgDZO1q.jpg!m_fill,w_280,h_210,f_jpg?from=ke.com
20240131,房山,长阳,101119481823,次顶层大四居装修好拎包入住小区中间位置挨水系,519万,33980元/平,高楼层 (共11层) | 2012年 | 4室2厅 | 152.74平米 | 南 北,https://ke-image.ljcdn.com/110000-inspection/pc1_iAl0npLru.jpg!m_fill,w_280,h_210,f_jpg?from=ke.com
20240131,房山,长阳,101119479029,碧桂园小区C区 临近长阳公园 有电梯,415万,25993元/平,顶层 (共15层) | 2007年 | 3室2厅 | 159.66平米 | 东 南 北,https://ke-image.ljcdn.com/110000-inspection/pc1_3GNbipMhm_2.jpg!m_fill,w_280,h_210,f_jpg?from=ke.com
20240131,房山,长阳,101119478066,南北通透采光充足满五唯一看房方便,220万,23598元/平,顶层 (共6层) | 2005年 | 2室1厅 | 93.23平米 | 南 北,https://ke-image.ljcdn.com/110000-inspection/pc1_yVNoiGZfs.jpg!m_fill,w_280,h_210,f_jpg?from=ke.com
20240131,房山,长阳,101119474546,首开熙悦山熹园1号院 3室1厅 南 北房主自荐,460万,45590元/平,中楼层 (共9层) | 2013年 | 3室1厅 | 100.9平米 | 南 北,https://ke-image.ljcdn.com/110000-inspection/pc1_UIGSVs4Wb.jpg!m_fill,w_280,h_210,f_jpg?from=ke.com
20240131,房山,长阳,101119474318,九洲溪雅苑二区 优质2居  中间楼层,265万,28213元/平,中楼层 (共15层) 2室1厅 | 93.93平米 | 南,https://ke-image.ljcdn.com/110000-inspection/pc1_WdslJvEik.jpg!m_fill,w_280,h_210,f_jpg?from=ke.com
20240131,房山,长阳,101119473293,康泽佳苑南区优质一居室满五唯一诚心出售,175万,41470元/平,低楼层 (共28层) | 2014年 | 1室1厅 | 42.2平米 | 西,https://ke-image.ljcdn.com/110000-inspection/pc1_tz04i84Wr.jpg!m_fill,w_280,h_210,f_jpg?from=ke.com
20240131,房山,长阳,101119461753,大宁山庄三区C区南北通透中间楼层改善三居室！,428万,30948元/平,中楼层 (共5层) | 2004年 | 3室1厅 | 138.3平米 | 南 北,https://ke-image.ljcdn.com/110000-inspection/pc1_JSVOcmYjL.jpg!m_fill,w_280,h_210,f_jpg?from=ke.com
20240131,房山,长阳,101119460714,长阳地铁站 长阳国际城二区 精装修 业主诚售,299万,36955元/平,低楼层 (共20层) | 2012年 | 2室1厅 | 80.91平米 | 南,https://ke-image.ljcdn.com/110000-inspection/pc1_k3k2nllB2.jpg!m_fill,w_280,h_210,f_jpg?from=ke.com
20240131,房山,长阳,101119458054,加州水郡四期 户型方正 卫生间带窗通风好 满五年房主自荐,259万,29167元/平,低楼层 (共11层) 2室1厅 | 88.8平米 | 西南,https://ke-image.ljcdn.com/110000-inspection/pc1_wsm0BNFoA.jpg!m_fill,w_280,h_210,f_jpg?from=ke.com
20240131,房山,长阳,101119457226,国誉府 4室1厅 南 北,780万,48077元/平,中楼层 (共19层) | 2017年 | 4室1厅 | 162.24平米 | 南 北,https://ke-image.ljcdn.com/110000-inspection/9ffb0c8c-6afd-4d55-87e9-7240ed019e7d_1000.jpg!m_fill,w_280,h_210,f_jpg?from=ke.com
20240131,房山,长阳,101119450757,天泰新景 满五唯一 精装三居室 采光充足,275万,25706元/平,顶层 (共6层) | 2003年 | 3室1厅 | 106.98平米 | 南 北,https://ke-image.ljcdn.com/110000-inspection/pc1_FIU7TVqs0_1.jpg!m_fill,w_280,h_210,f_jpg?from=ke.com
20240131,房山,长阳,101119422942,国际花园2号院 精装修 南北通透,360万,40337元/平,高楼层 (共18层) | 2014年 | 3室1厅 | 89.25平米 | 南 北,https://ke-image.ljcdn.com/110000-inspection/pc1_MDdjVrpDb.jpg!m_fill,w_280,h_210,f_jpg?from=ke.com
20240131,房山,长阳,101119410479,首开熙悦山澜庭  南向  精装修 房山长阳地铁口房主自荐,372万,44276元/平,高楼层 (共21层) | 2014年 | 2室1厅 | 84.02平米 | 南,https://ke-image.ljcdn.com/110000-inspection/pc1_5O1QFiJZg.jpg!m_fill,w_280,h_210,f_jpg?from=ke.com
20240131,房山,长阳,101119396079,万科.金域缇香 满五唯一 诚心卖 看房约,378万,45000元/平,高楼层 (共21层) | 2014年 | 2室2厅 | 84平米 | 南,https://ke-image.ljcdn.com/110000-inspection/pc1_1YBJmAne6_1.jpg!m_fill,w_280,h_210,f_jpg?from=ke.com
20240131,房山,长阳,101119395063,（店长推荐）满五唯一 精装两居  高楼层 近地铁,249万,31448元/平,高楼层 (共14层) | 2015年 | 2室1厅 | 79.18平米 | 东 西,https://ke-image.ljcdn.com/110000-inspection/pc1_brNjLaL6K_2.jpg!m_fill,w_280,h_210,f_jpg?from=ke.com
20240131,房山,长阳,101119391594,《店长推荐》满五唯一 中楼层 明厨明卫 南北通透房主自荐,278万,31395元/平,中楼层 (共6层) 2室1厅 | 88.55平米 | 南 北,https://ke-image.ljcdn.com/110000-inspection/pc1_1IMWc6qCH.jpg!m_fill,w_280,h_210,f_jpg?from=ke.com
20240131,房山,长阳,101119371721,长阳半岛怡和路1号院 业主诚心出售 看房方便,499万,51662元/平,中楼层 (共12层) | 2014年 | 3室1厅 | 96.59平米 | 南 北,https://ke-image.ljcdn.com/110000-inspection/pc1_G4gJnEiSS.jpg!m_fill,w_280,h_210,f_jpg?from=ke.com
20240131,房山,长阳,101119371519,禾香雅园精装修两居室诚意出售随时签约,308万,35172元/平,底层 (共8层) | 2012年 | 2室1厅 | 87.57平米 | 南 北,https://ke-image.ljcdn.com/110000-inspection/pc1_s2b4SyjJj.jpg!m_fill,w_280,h_210,f_jpg?from=ke.com
20240131,房山,长阳,101119360108,高层观景 南北通透双阳台明厨明卫 看房方便,247万,28307元/平,高楼层 (共15层) 2室1厅 | 87.26平米 | 南 北,https://ke-image.ljcdn.com/110000-inspection/pc1_ksgSSEAdm.jpg!m_fill,w_280,h_210,f_jpg?from=ke.com
20240131,房山,长阳,101119357750,畅和园4号院 满五唯一 高楼层 装了2年 保持好 方便看,275万,34239元/平,高楼层 (共22层) | 2016年 | 2室2厅 | 80.32平米 | 东 西,https://ke-image.ljcdn.com/110000-inspection/pc1_fVp2Mqg8u_1.jpg!m_fill,w_280,h_210,f_jpg?from=ke.com
20240131,房山,长阳,101119356225,长阳半岛2号院位置好 中高楼层 满五唯一 二次装修,435万,48345元/平,中楼层 (共28层) 2室1厅 | 89.98平米 | 南,https://ke-image.ljcdn.com/110000-inspection/pc1_danCUFlgC.jpg!m_fill,w_280,h_210,f_jpg?from=ke.com
20240131,房山,长阳,101119355456,加州水郡四期东南两居全明格局户型方正满五唯一,258万,29074元/平,低楼层 (共11层) | 2011年 | 2室1厅 | 88.74平米 | 东南,https://ke-image.ljcdn.com/110000-inspection/pc1_htcBFNbZh.jpg!m_fill,w_280,h_210,f_jpg?from=ke.com
20240131,房山,长阳,101119354304,碧桂园小区C区 东南两居室 中间楼层 临近公园,225万,26157元/平,中楼层 (共16层) | 2006年 | 2室1厅 | 86.02平米 | 东南,https://ke-image.ljcdn.com/110000-inspection/pc1_dL3NlmNMP.jpg!m_fill,w_280,h_210,f_jpg?from=ke.com
20240131,房山,长阳,101119352030,长阳半岛祥云街4号院 诚心出售,405万,45650元/平,顶层 (共17层) | 2012年 | 2室1厅 | 88.72平米 | 南,https://ke-image.ljcdn.com/110000-inspection/pc1_QmbVUWb39.jpg!m_fill,w_280,h_210,f_jpg?from=ke.com
20240131,房山,长阳,101119349664,禾香雅园 2室1厅 南 北房主自荐,305万,35026元/平,低楼层 (共7层) | 2013年 | 2室1厅 | 87.08平米 | 南 北,https://ke-image.ljcdn.com/110000-inspection/pc1_38LzWaX4X_1.jpg!m_fill,w_280,h_210,f_jpg?from=ke.com
20240131,房山,长阳,101119349107,国际花园2号院 3室1厅 南 北,360万,40310元/平,低楼层 (共18层) | 2014年 | 3室1厅 | 89.31平米 | 南 北,https://ke-image.ljcdn.com/110000-inspection/pc1_NnEhpe1Ao.jpg!m_fill,w_280,h_210,f_jpg?from=ke.com
20240131,房山,长阳,101119342207,天泰新景满五唯一楼层好装修好店长推荐,214万,31448元/平,低楼层 (共6层) | 2010年 | 2室1厅 | 68.05平米 | 东 南,https://ke-image.ljcdn.com/110000-inspection/pc1_Xa6X2LNpT.jpg!m_fill,w_280,h_210,f_jpg?from=ke.com
20240131,房山,长阳,101119338478,金隅畅和园9号院  中高楼层  满五年唯一,220万,33831元/平,高楼层 (共22层) 1室1厅 | 65.03平米 | 南,https://ke-image.ljcdn.com/110000-inspection/pc1_9iGzz3mOC.jpg!m_fill,w_280,h_210,f_jpg?from=ke.com
20240131,房山,长阳,101119335916,《长阳地铁站满五唯一南北双通透业主诚售》,410万,46130元/平,中楼层 (共20层) | 2012年 | 3室1厅 | 88.88平米 | 南 北,https://ke-image.ljcdn.com/110000-inspection/pc1_WNpPvTFZS.jpg!m_fill,w_280,h_210,f_jpg?from=ke.com
20240131,房山,长阳,101119335792,万科.金域缇香 方正三居 中高楼层,488万,42398元/平,中楼层 (共21层) | 2014年 | 3室1厅 | 115.1平米 | 南 北,https://ke-image.ljcdn.com/110000-inspection/84db8f27-9f3c-4780-b4bf-7c3f40974060_1000.jpg!m_fill,w_280,h_210,f_jpg?from=ke.com
20240131,房山,长阳,101119335741,长阳国际城南北通透三居室一梯两户精装修,385万,43176元/平,中楼层 (共15层) | 2012年 | 3室1厅 | 89.17平米 | 南 北,https://ke-image.ljcdn.com/110000-inspection/pc1_QFvDInqgS.jpg!m_fill,w_280,h_210,f_jpg?from=ke.com
20240131,房山,长阳,101119327810,原香小镇二区 南北通透大两居 楼层好采光通风好,315万,36599元/平,高楼层 (共6层) | 2010年 | 2室1厅 | 86.07平米 | 南 北,https://ke-image.ljcdn.com/110000-inspection/pc1_rhRR6f1hp_2.jpg!m_fill,w_280,h_210,f_jpg?from=ke.com
20240131,房山,长阳,101119323778,中粮京西祥云环境优美 智慧社区 精装修 人文居室,808万,59195元/平,低楼层 (共17层) 4室1厅 | 136.5平米 | 南 北,https://ke-image.ljcdn.com/110000-inspection/pc1_RUfOGZJpe.jpg!m_fill,w_280,h_210,f_jpg?from=ke.com
20240131,房山,长阳,101119322880,此房楼层好视野开阔采光充足产权清晰,520万,54212元/平,高楼层 (共9层) | 2012年 | 3室2厅 | 95.92平米 | 南 北,https://ke-image.ljcdn.com/110000-inspection/pc1_QPfmaNKec.jpg!m_fill,w_280,h_210,f_jpg?from=ke.com
20240131,房山,长阳,101119312220,建邦华庭西区 南北通透 诚心出售 看房方便,550万,46064元/平,低楼层 (共9层) | 2014年 | 3室1厅 | 119.4平米 | 南 北,https://ke-image.ljcdn.com/110000-inspection/pc1_WZFl66lqG.jpg!m_fill,w_280,h_210,f_jpg?from=ke.com
20240131,房山,长阳,101119308564,长阳地铁站三居+长阳国际城一区+一梯两户+满五年唯一,375万,41937元/平,中楼层 (共9层) 3室1厅 | 89.42平米 | 南 北,https://ke-image.ljcdn.com/110000-inspection/pc1_VXlbEu9wJ.jpg!m_fill,w_280,h_210,f_jpg?from=ke.com
20240131,房山,长阳,101119303515,满五唯一 楼层好位置好 南向视野宽阔 精装修采光充足,295万,33846元/平,中楼层 (共14层) | 2011年 | 2室1厅 | 87.16平米 | 南,https://ke-image.ljcdn.com/110000-inspection/pc1_7ytRveghR.jpg!m_fill,w_280,h_210,f_jpg?from=ke.com
20240131,房山,长阳,101119296566,加州水郡三期次顶层 视野好看水系,415万,28619元/平,高楼层 (共14层) | 2009年 | 3室2厅 | 145.01平米 | 西南 北,https://ke-image.ljcdn.com/110000-inspection/5b501af3-8e73-4cbc-bd87-2d24abf67e9a_1000.jpg!m_fill,w_280,h_210,f_jpg?from=ke.com
20240131,房山,长阳,101119293685,长阳半岛怡和南路10号院91.93平米2居室房主自荐,385万,41880元/平,中楼层 (共4层) | 2015年 | 2室1厅 | 91.93平米 | 东 西,https://ke-image.ljcdn.com/110000-inspection/pc1_BnDHQ28Ma_1.jpg!m_fill,w_280,h_210,f_jpg?from=ke.com
20240131,房山,长阳,101119293387,天骄俊园 1室1厅 南 北,190万,32171元/平,中楼层 (共6层) 1室1厅 | 59.06平米 | 南 北,https://ke-image.ljcdn.com/110000-inspection/pc1_2Qz96DY2C.jpg!m_fill,w_280,h_210,f_jpg?from=ke.com
20240131,房山,长阳,101119292631,合景领峰7号院墅区 洋房  采光视野好 南北向 安静,460万,46418元/平,低楼层 (共18层) 3室1厅 | 99.1平米 | 南 北,https://ke-image.ljcdn.com/110000-inspection/pc1_EzpLxv214_2.jpg!m_fill,w_280,h_210,f_jpg?from=ke.com
20240131,房山,长阳,101119286138,长阳半岛2号院正规三居室采光通风好保持良好,415万,44395元/平,顶层 (共9层) | 2012年 | 3室1厅 | 93.48平米 | 南 北,https://ke-image.ljcdn.com/110000-inspection/pc1_tTFEUmBJc.jpg!m_fill,w_280,h_210,f_jpg?from=ke.com
20240131,房山,长阳,101119277059,方正三居两卫 中间位置 出行方便 看房方便 诚意出售,365万,31529元/平,低楼层 (共12层) | 2010年 | 3室1厅 | 115.77平米 | 南 北,https://ke-image.ljcdn.com/110000-inspection/prod-55fd978e-565f-4280-b32f-4dd56b9f083f.jpg!m_fill,w_280,h_210,f_jpg?from=ke.com
20240131,房山,长阳,101119265209,万科.金域缇香万科物业南北通透诚心出售,445万,41014元/平,底层 (共18层) | 2015年 | 3室1厅 | 108.5平米 | 南 北,https://ke-image.ljcdn.com/110000-inspection/pc1_7m7GRshhy_1.jpg!m_fill,w_280,h_210,f_jpg?from=ke.com
20240131,房山,长阳,101119264955,长阳国际城一区 满五唯一 中高楼层房主自荐,420万,47239元/平,中楼层 (共20层) 3室1厅 | 88.91平米 | 南 北,https://ke-image.ljcdn.com/110000-inspection/pc1_AcvhCF15X.jpg!m_fill,w_280,h_210,f_jpg?from=ke.com
20240131,房山,长阳,101119263129,碧桂园小区C区 1室1厅 南 北,199万,28917元/平,低楼层 (共16层) | 2007年 | 1室1厅 | 68.82平米 | 南 北,https://ke-image.ljcdn.com/110000-inspection/pc1_vznOpFqYW_2.jpg!m_fill,w_280,h_210,f_jpg?from=ke.com
20240131,房山,长阳,101119259801,中粮京西祥云 南北通透三居室 看房方便,559万,49148元/平,高楼层 (共14层) 3室2厅 | 113.74平米 | 南 北,https://ke-image.ljcdn.com/110000-inspection/pc1_2Ay73G0f6.jpg!m_fill,w_280,h_210,f_jpg?from=ke.com
20240131,房山,长阳,101119257253,40年产权 全款购买  视野开阔 交通便利 诚意出售,125万,25376元/平,高楼层 (共16层) | 2007年 | 1室1厅 | 49.26平米 | 西南,https://ke-image.ljcdn.com/110000-inspection/pc1_TgF1N99oM.jpg!m_fill,w_280,h_210,f_jpg?from=ke.com
20240131,房山,长阳,101119249777,长阳半岛2号院南北通透小区绿化好安保可靠,468万,49331元/平,低楼层 (共9层) 3室1厅 | 94.87平米 | 南 北,https://ke-image.ljcdn.com/110000-inspection/pc1_KYc5ubuZi.jpg!m_fill,w_280,h_210,f_jpg?from=ke.com
20240131,房山,长阳,101119247239,建邦华庭西区 南北通透 满五唯一 店长推荐 诚心出售,635万,45664元/平,低楼层 (共18层) | 2013年 | 3室2厅 | 139.06平米 | 南 北,https://ke-image.ljcdn.com/110000-inspection/pc1_ekgYugBRk.jpg!m_fill,w_280,h_210,f_jpg?from=ke.com
20240131,房山,长阳,101119246868,西悦欣居     祥云街7号院,283万,31945元/平,低楼层 (共21层) | 2012年 | 2室1厅 | 88.59平米 | 南 北,https://ke-image.ljcdn.com/110000-inspection/pc1_IiwNt31Mx.jpg!m_fill,w_280,h_210,f_jpg?from=ke.com
20240131,房山,长阳,101119245676,加州水郡四期 正规两居室 满五年唯一 配套齐全,209万,23603元/平,底层 (共11层) 2室1厅 | 88.55平米 | 西北,https://ke-image.ljcdn.com/110000-inspection/pc1_AlEdiDldD.jpg!m_fill,w_280,h_210,f_jpg?from=ke.com
20240131,房山,长阳,101119243403,天骄俊园 2室1厅 南 北,287万,32430元/平,底层 (共6层) 2室1厅 | 88.5平米 | 南 北,https://ke-image.ljcdn.com/110000-inspection/pc1_UxNaqoNZR.jpg!m_fill,w_280,h_210,f_jpg?from=ke.com
20240131,房山,长阳,101119240967,首创新悦都二区 满五唯一 高楼层,330万,40746元/平,顶层 (共9层) | 2014年 | 3室1厅 | 80.99平米 | 南 北,https://ke-image.ljcdn.com/110000-inspection/pc1_34eNT6aYD.jpg!m_fill,w_280,h_210,f_jpg?from=ke.com
20240131,房山,长阳,101119237760,10平米花园 金域公园 精装两居室 满五唯一 诚信出售房主自荐,361万,41390元/平,底层 (共10层) | 2014年 | 2室1厅 | 87.22平米 | 南 北,https://ke-image.ljcdn.com/110000-inspection/92399f65-03fb-4e90-b4b2-4b588d1e0131_1000.jpg!m_fill,w_280,h_210,f_jpg?from=ke.com
20240131,房山,长阳,101119221865,婚房精装修 满五年唯一 南北通透 高层 长阳地铁站,328万,43375元/平,高楼层 (共17层) 2室2厅 | 75.62平米 | 南 北,https://ke-image.ljcdn.com/110000-inspection/8c724f0d-ad8d-4796-843b-df41b63859db_1000.jpg!m_fill,w_280,h_210,f_jpg?from=ke.com
20240131,房山,长阳,101119218977,长景新园 南向开间 满五唯一商品房 中间楼层,225万,46126元/平,中楼层 (共11层) | 2011年 | 1室0厅 | 48.78平米 | 南,https://ke-image.ljcdn.com/110000-inspection/81540a6d-0f5e-43f4-860e-cc5c68f2a4f2_1000.jpg!m_fill,w_280,h_210,f_jpg?from=ke.com
20240131,房山,长阳,101119210035,首创新悦都一区 满五唯一 中间楼层,325万,42831元/平,中楼层 (共18层) | 2015年 | 2室1厅 | 75.88平米 | 南 北,https://ke-image.ljcdn.com/110000-inspection/pc1_WpXSC4TLk.jpg!m_fill,w_280,h_210,f_jpg?from=ke.com
20240131,房山,长阳,101119206413,绿地花都苑诚心出售三居室位置好带产权车位,355万,30662元/平,低楼层 (共15层) | 2012年 | 3室1厅 | 115.78平米 | 南 北,https://ke-image.ljcdn.com/110000-inspection/pc1_2lJCOf643.jpg!m_fill,w_280,h_210,f_jpg?from=ke.com
20240131,房山,长阳,101119204156,金地朗悦润园  南北通透三居室  精装修 诚心出售,419万,46561元/平,中楼层 (共6层) | 2014年 | 3室1厅 | 89.99平米 | 南 北,https://ke-image.ljcdn.com/110000-inspection/pc1_5eSnggxR1_1.jpg!m_fill,w_280,h_210,f_jpg?from=ke.com
20240131,房山,长阳,101119200923,建邦华庭西区 南北通透 诚心出售 店长推荐,488万,44477元/平,低楼层 (共10层) 3室1厅 | 109.72平米 | 南 北,https://ke-image.ljcdn.com/110000-inspection/pc1_GyJ6Pp9e7.jpg!m_fill,w_280,h_210,f_jpg?from=ke.com
20240131,房山,长阳,101119197546,金地朗悦沁园  南北通透前后无遮挡 明厨明卫 诚意出售房主自荐,455万,50759元/平,中楼层 (共6层) 3室1厅 | 89.64平米 | 南 北,https://ke-image.ljcdn.com/110000-inspection/56a1bab1-9540-4d82-8676-7646e30d194c_1000.jpg!m_fill,w_280,h_210,f_jpg?from=ke.com
20240131,房山,长阳,101119194834,碧桂园小区二区低楼层满五唯一两居室,245万,27569元/平,低楼层 (共6层) | 2004年 | 2室1厅 | 88.87平米 | 南 北,https://ke-image.ljcdn.com/110000-inspection/pc1_PLR9nbXtH.jpg!m_fill,w_280,h_210,f_jpg?from=ke.com
20240131,房山,长阳,101119191910,中粮京西祥云南北通透大四居小区中间位置顶层边户,660万,53633元/平,顶层 (共16层) 4室1厅 | 123.06平米 | 南 北,https://ke-image.ljcdn.com/110000-inspection/pc1_NyPS4Zlls.jpg!m_fill,w_280,h_210,f_jpg?from=ke.com
20240131,房山,长阳,101119191206,加州水郡四期满五唯一朝南两居二次装修无抵押,252万,29388元/平,底层 (共15层) | 2011年 | 2室1厅 | 85.75平米 | 南,https://ke-image.ljcdn.com/110000-inspection/pc1_U1mWUQFl7.jpg!m_fill,w_280,h_210,f_jpg?from=ke.com
20240131,房山,长阳,101119188939,万科精装四居室 高楼层 前后无遮挡 业主诚心出售,649万,47683元/平,高楼层 (共9层) | 2013年 | 4室1厅 | 136.11平米 | 南 北,https://ke-image.ljcdn.com/110000-inspection/pc1_K5n6n5FlV_1.jpg!m_fill,w_280,h_210,f_jpg?from=ke.com
20240131,房山,长阳,101119187863,万科新里程57号院 南向两居 毛坯 地铁 熙悦天街,380万,41736元/平,低楼层 (共8层) 2室1厅 | 91.05平米 | 南,https://ke-image.ljcdn.com/110000-inspection/pc1_ZSW5juvEB.jpg!m_fill,w_280,h_210,f_jpg?from=ke.com
20240131,房山,长阳,101119177200,长阳半岛怡和南路8号院102.37平三居室,548万,53532元/平,高楼层 (共11层) | 2016年 | 3室2厅 | 102.37平米 | 南 北,https://ke-image.ljcdn.com/110000-inspection/pc1_OxlR802MG.jpg!m_fill,w_280,h_210,f_jpg?from=ke.com
20240131,房山,长阳,101119174785,长阳半岛怡和南路10号院 不临街 不临路 南北通透三居,589万,48755元/平,顶层 (共15层) | 2015年 | 3室2厅 | 120.81平米 | 南 北,https://ke-image.ljcdn.com/110000-inspection/pc1_xQK7DTbwK_1.jpg!m_fill,w_280,h_210,f_jpg?from=ke.com
20240131,房山,长阳,101119172758,芭蕾雨悦都南区环境优美视野开阔,389万,43625元/平,高楼层 (共9层) 3室1厅 | 89.17平米 | 南 北,https://ke-image.ljcdn.com/110000-inspection/e30a9ed8-50c9-4a13-aa10-0b839b377bd5_1000.jpg!m_fill,w_280,h_210,f_jpg?from=ke.com
20240131,房山,长阳,101119168050,此房满两年适合贷款精装修方正格局新风系统。,630万,51183元/平,高楼层 (共17层) 3室1厅 | 123.09平米 | 南 北,https://ke-image.ljcdn.com/110000-inspection/pc1_ClfGfv8lN.jpg!m_fill,w_280,h_210,f_jpg?from=ke.com
20240131,房山,长阳,101119160057,九洲溪雅苑二区 顶层复式 二次精装 保养好 诚心出售,455万,30346元/平,顶层 (共14层) | 2009年 | 4室1厅 | 149.94平米 | 南 北,https://ke-image.ljcdn.com/110000-inspection/pc1_h3n9ByrE1_2.jpg!m_fill,w_280,h_210,f_jpg?from=ke.com
20240131,房山,长阳,101119159013,碧桂园温泉小区二期中间楼层方正两居,236万,26846元/平,中楼层 (共6层) | 2004年 | 2室1厅 | 87.91平米 | 北 南,https://ke-image.ljcdn.com/110000-inspection/pc1_HAhknnTOB.jpg!m_fill,w_280,h_210,f_jpg?from=ke.com
20240131,房山,长阳,101119156895,五矿名品学院墅小区环境优美洋房社区,748万,48184元/平,低楼层 (共10层) | 2016年 | 3室2厅 | 155.24平米 | 南 北,https://ke-image.ljcdn.com/110000-inspection/pc1_gA19jNfYh.jpg!m_fill,w_280,h_210,f_jpg?from=ke.com
20240131,房山,长阳,101119155278,金地朗悦悦园 精装洋房三居 采光好 无遮挡,435万,50290元/平,低楼层 (共7层) | 2014年 | 3室1厅 | 86.5平米 | 南 北,https://ke-image.ljcdn.com/110000-inspection/pc1_alr3x2WEd_1.jpg!m_fill,w_280,h_210,f_jpg?from=ke.com
20240131,房山,长阳,101119153228,芭蕾雨悦都南区、三居室、位置好,380万,42544元/平,中楼层 (共8层) 3室1厅 | 89.32平米 | 西南,https://ke-image.ljcdn.com/110000-inspection/pc1_TH0OV8Ckz_2.jpg!m_fill,w_280,h_210,f_jpg?from=ke.com
20240131,房山,长阳,101119147350,金隅畅和园9号院 南向 一居 高楼层 采光好,238万,35903元/平,中楼层 (共21层) 1室1厅 | 66.29平米 | 南,https://ke-image.ljcdn.com/110000-inspection/pc1_rZqkQmqTJ.jpg!m_fill,w_280,h_210,f_jpg?from=ke.com
20240131,房山,长阳,101119147254,五矿经典户型双卧朝南满二年随时可签约,575万,41667元/平,中楼层 (共6层) | 2018年 | 3室2厅 | 138平米 | 南 北,https://ke-image.ljcdn.com/110000-inspection/pc1_3xva4Lm4V.jpg!m_fill,w_280,h_210,f_jpg?from=ke.com
20240131,房山,长阳,101119144200,大宁山庄四区 诚心出售 看房方便,290万,28642元/平,高楼层 (共6层) | 2010年 | 2室1厅 | 101.25平米 | 南 北,https://ke-image.ljcdn.com/110000-inspection/pc1_UBDUfZWlN.jpg!m_fill,w_280,h_210,f_jpg?from=ke.com
20240131,房山,长阳,101119142971,南北通透户型格局好配套设施齐全满五唯一,445万,46510元/平,中楼层 (共9层) | 2012年 | 3室1厅 | 95.68平米 | 南 北,https://ke-image.ljcdn.com/110000-inspection/pc1_LJVPlkrdh.jpg!m_fill,w_280,h_210,f_jpg?from=ke.com
20240131,房山,长阳,101119135808,康泽佳苑南区 中间位置南北不临街满五唯一,193万,35616元/平,中楼层 (共28层) | 2014年 | 2室1厅 | 54.19平米 | 南,https://ke-image.ljcdn.com/110000-inspection/pc1_D7wzvhHlZ.jpg!m_fill,w_280,h_210,f_jpg?from=ke.com
20240131,房山,长阳,101119129095,金地朗悦朗园 南向两居室 精装修 好楼层,369万,46917元/平,高楼层 (共14层) | 2013年 | 2室1厅 | 78.65平米 | 南,https://ke-image.ljcdn.com/110000-inspection/pc1_ufyoTAOV5.jpg!m_fill,w_280,h_210,f_jpg?from=ke.com
20240131,房山,长阳,101119120064,此房满五年唯一看房很方便装修很不错产权很清晰,292万,37326元/平,高楼层 (共25层) 2室1厅 | 78.23平米 | 南,https://ke-image.ljcdn.com/110000-inspection/pc1_v1aVVHGLH_1.jpg!m_fill,w_280,h_210,f_jpg?from=ke.com
20240131,房山,长阳,101119115864,天泰新景  满五唯一  中间楼层   拎包入住房主自荐,279万,29926元/平,低楼层 (共6层) | 2005年 | 2室2厅 | 93.23平米 | 南 北,https://ke-image.ljcdn.com/110000-inspection/pc1_R9FKJj9dI_2.jpg!m_fill,w_280,h_210,f_jpg?from=ke.com
20240131,房山,长阳,101119109214,国际花园2号院  精装修 南北通透,305万,39901元/平,低楼层 (共18层) | 2014年 | 2室1厅 | 76.44平米 | 南 北,https://ke-image.ljcdn.com/110000-inspection/pc1_HpURlJByU.jpg!m_fill,w_280,h_210,f_jpg?from=ke.com
20240131,房山,长阳,101119104861,天骄俊园 南北通透 明厨明卫 精装修拎包入住 满五年,290万,32688元/平,中楼层 (共6层) | 2008年 | 2室1厅 | 88.72平米 | 南 北,https://ke-image.ljcdn.com/110000-inspection/pc1_o5LMhUJKn.jpg!m_fill,w_280,h_210,f_jpg?from=ke.com
20240131,房山,长阳,101119098602,加州水郡四期 南北通透的二居 精装修 满五年 随时看房,287万,33805元/平,低楼层 (共11层) | 2011年 | 2室2厅 | 84.9平米 | 南 北,https://ke-image.ljcdn.com/110000-inspection/b470d5f6-df67-4014-95ad-5d478c85f7d9_1000.jpg!m_fill,w_280,h_210,f_jpg?from=ke.com
20240131,房山,长阳,101119098530,满五年 三居室 双卫生间 边户 全明格局,519万,43824元/平,高楼层 (共20层) | 2012年 | 3室2厅 | 118.43平米 | 南 北,https://ke-image.ljcdn.com/110000-inspection/pc1_ieJmzDoTN_1.jpg!m_fill,w_280,h_210,f_jpg?from=ke.com
20240131,房山,长阳,101119097662,世茂维拉 通透两居室 明厨明卫 近地铁 满五年拎包入住,249万,31079元/平,低楼层 (共13层) 2室1厅 | 80.12平米 | 东 西,https://ke-image.ljcdn.com/110000-inspection/pc1_q4NwEF76T.jpg!m_fill,w_280,h_210,f_jpg?from=ke.com
20240131,房山,长阳,101119097402,天资华府 3室1厅 南 北,410万,34743元/平,高楼层 (共18层) | 2015年 | 3室1厅 | 118.01平米 | 南 北,https://ke-image.ljcdn.com/110000-inspection/pc1_OzrT3C4w3_2.jpg!m_fill,w_280,h_210,f_jpg?from=ke.com
20240131,房山,长阳,101119094008,加州水郡三期 南向一居室 满五唯一,178万,33228元/平,低楼层 (共14层) 1室1厅 | 53.57平米 | 南,https://ke-image.ljcdn.com/110000-inspection/pc1_FCfswsuwQ.jpg!m_fill,w_280,h_210,f_jpg?from=ke.com
20240131,房山,长阳,101119087662,长阳地铁站长阳国际城三区 次顶层南北双通透 满五唯一,530万,44345元/平,高楼层 (共15层) 3室1厅 | 119.52平米 | 南 北,https://ke-image.ljcdn.com/110000-inspection/pc1_jSq93xsz2_1.jpg!m_fill,w_280,h_210,f_jpg?from=ke.com
20240131,房山,长阳,101119076934,世茂维拉西门好装修随时看满五唯一,255万,32353元/平,低楼层 (共16层) | 2015年 | 2室1厅 | 78.82平米 | 东 南 西,https://ke-image.ljcdn.com/110000-inspection/pc1_rmuxowk6d.jpg!m_fill,w_280,h_210,f_jpg?from=ke.com
20240131,房山,长阳,101119073173,康泽北区精装 南北 干湿分离  视野开阔 前后无遮挡房主自荐,279万,35321元/平,中楼层 (共30层) 2室1厅 | 78.99平米 | 南 北,https://ke-image.ljcdn.com/110000-inspection/pc1_iFlTiSQx9_1.jpg!m_fill,w_280,h_210,f_jpg?from=ke.com
20240131,房山,长阳,101119067261,天资璟庭 中间楼层南北通透三居室,399万,30826元/平,中楼层 (共11层) 3室1厅 | 129.44平米 | 南 北,https://ke-image.ljcdn.com/110000-inspection/pc1_HQl2upd1c.jpg!m_fill,w_280,h_210,f_jpg?from=ke.com
20240131,房山,长阳,101119064317,此房满五年唯一南向一居室小区经典户型,142万,33562元/平,高楼层 (共28层) 1室1厅 | 42.31平米 | 东南,https://ke-image.ljcdn.com/110000-inspection/pc1_as77SeHK8.jpg!m_fill,w_280,h_210,f_jpg?from=ke.com
20240131,房山,长阳,101119063461,天资华府 新小区 南北三居室 全明格局 临近长阳公园,398万,33630元/平,中楼层 (共18层) | 2015年 | 3室1厅 | 118.35平米 | 南 北,https://ke-image.ljcdn.com/110000-inspection/pc1_DJlz8HQqk.jpg!m_fill,w_280,h_210,f_jpg?from=ke.com
20240131,房山,长阳,101119060159,清苑嘉园 全明格局 满五唯一 采光充足,248万,31722元/平,低楼层 (共15层) 2室1厅 | 78.18平米 | 东 南 西,https://ke-image.ljcdn.com/110000-inspection/pc1_2RsAei5MA.jpg!m_fill,w_280,h_210,f_jpg?from=ke.com
20240131,房山,长阳,101119057751,加州水郡四期 正规一居室户型方正房主自荐,200万,33997元/平,低楼层 (共11层) 1室1厅 | 58.83平米 | 西北,https://ke-image.ljcdn.com/110000-inspection/pc1_aAzlEd3z9.jpg!m_fill,w_280,h_210,f_jpg?from=ke.com
20240131,房山,长阳,101119054074,长阳半岛怡和路3号院 4室1厅 南 北,636万,44944元/平,顶层 (共12层) | 2014年 | 4室1厅 | 141.51平米 | 南 北,https://ke-image.ljcdn.com/110000-inspection/prod-18086e35-ddf4-41a2-813d-05095bdf2e7b.jpg!m_fill,w_280,h_210,f_jpg?from=ke.com
20240131,房山,长阳,101119047628,满五年唯一 精装修 无贷款产权清晰 看房方便靠谱签约,265万,28213元/平,低楼层 (共15层) | 2009年 | 2室1厅 | 93.93平米 | 南,https://ke-image.ljcdn.com/110000-inspection/pc1_rrd62YGrn_2.jpg!m_fill,w_280,h_210,f_jpg?from=ke.com
20240131,房山,长阳,101119045375,康泽佳苑南区 南向两居室 产权清晰,190万,34063元/平,中楼层 (共28层) | 2014年 | 2室1厅 | 55.78平米 | 南,https://ke-image.ljcdn.com/110000-inspection/pc1_VjFF2lZXJ.jpg!m_fill,w_280,h_210,f_jpg?from=ke.com
20240131,房山,长阳,101119028174,加州水郡四期  正规一居室  视野好,220万,33476元/平,顶层 (共11层) 1室1厅 | 65.72平米 | 南,https://ke-image.ljcdn.com/110000-inspection/pc1_HXClThFUs.jpg!m_fill,w_280,h_210,f_jpg?from=ke.com
20240131,房山,长阳,101119024233,万科.金域缇香 满五唯一 南向 高层 正规一居室,210万,33987元/平,顶层 (共18层) | 2014年 | 1室1厅 | 61.79平米 | 南,https://ke-image.ljcdn.com/110000-inspection/pc1_JP891KOgS.jpg!m_fill,w_280,h_210,f_jpg?from=ke.com
20240131,房山,长阳,101119022664,加州水郡四期 精装修三居室 看房方便房主自荐,279万,30506元/平,低楼层 (共11层) 3室1厅 | 91.46平米 | 南 北,https://ke-image.ljcdn.com/110000-inspection/pc1_hHhrHsSA1.jpg!m_fill,w_280,h_210,f_jpg?from=ke.com
20240131,房山,长阳,101119022263,首开熙悦山澜庭 精装两居室 视野开阔  采光充足,325万,46602元/平,高楼层 (共21层) | 2014年 | 2室1厅 | 69.74平米 | 南,https://ke-image.ljcdn.com/110000-inspection/pc1_OnXHnA4oq.jpg!m_fill,w_280,h_210,f_jpg?from=ke.com
20240131,房山,长阳,101119019636,绿地花都苑精装满五唯一南北通透次新房出售,316万,32358元/平,低楼层 (共13层) | 2012年 | 2室1厅 | 97.66平米 | 南 北,https://ke-image.ljcdn.com/110000-inspection/pc1_GrmeE8oyo.jpg!m_fill,w_280,h_210,f_jpg?from=ke.com
20240131,房山,长阳,101119019088,大宁山庄三区C区 3室2厅 南 北,415万,30167元/平,中楼层 (共5层) | 2004年 | 3室2厅 | 137.57平米 | 南 北,https://ke-image.ljcdn.com/110000-inspection/pc1_tDVxQ94Od_1.jpg!m_fill,w_280,h_210,f_jpg?from=ke.com
20240131,房山,长阳,101119014613,大三居中间户南北通透毛坯次新房,418万,31069元/平,中楼层 (共18层) | 2015年 | 3室2厅 | 134.54平米 | 南 北,https://ke-image.ljcdn.com/110000-inspection/pc1_ukCRe1vne.jpg!m_fill,w_280,h_210,f_jpg?from=ke.com
20240131,房山,长阳,101119011420,金隅畅和园9号院  中间楼层  南向一居室  诚心出售,203万,30712元/平,中楼层 (共21层) 1室1厅 | 66.1平米 | 南,https://ke-image.ljcdn.com/110000-inspection/pc1_k8KIjy6Kk.jpg!m_fill,w_280,h_210,f_jpg?from=ke.com
20240131,房山,长阳,101119009859,国际花园3号院 精装修 高楼层 采光视野无遮挡房主自荐,372万,41458元/平,高楼层 (共18层) 3室1厅 | 89.73平米 | 南 北,https://ke-image.ljcdn.com/110000-inspection/pc1_S5jqBtSzd.jpg!m_fill,w_280,h_210,f_jpg?from=ke.com
20240131,房山,长阳,101119000612,北京城建·广悦居 南北两居 近地铁,225万,32638元/平,底层 (共23层) 1室1厅 | 68.94平米 | 南 北,https://ke-image.ljcdn.com/110000-inspection/pc1_1L3vUpAhu_1.jpg!m_fill,w_280,h_210,f_jpg?from=ke.com
20240131,房山,长阳,101118984360,金隅畅和园9号院 一居室 南向房主自荐,219万,33677元/平,高楼层 (共22层) 1室1厅 | 65.03平米 | 南,https://ke-image.ljcdn.com/110000-inspection/pc1_CJUzdkGSA_1.jpg!m_fill,w_280,h_210,f_jpg?from=ke.com
20240131,房山,长阳,101118984136,西悦雅居纯南两居室中间楼层停车方便,319万,35956元/平,顶层 (共18层) | 2012年 | 2室1厅 | 88.72平米 | 南,https://ke-image.ljcdn.com/110000-inspection/pc1_xQbFrIZer.jpg!m_fill,w_280,h_210,f_jpg?from=ke.com
20240131,房山,长阳,101118983839,新悦都二区南北通透三居室边户全明格局,360万,40831元/平,低楼层 (共18层) | 2012年 | 3室1厅 | 88.17平米 | 南 北,https://ke-image.ljcdn.com/110000-inspection/pc1_SOKeMFhPd.jpg!m_fill,w_280,h_210,f_jpg?from=ke.com
20240131,房山,长阳,101118981591,长阳国际城三区满五唯一户型方正居住舒适,520万,43522元/平,低楼层 (共15层) | 2012年 | 3室2厅 | 119.48平米 | 南 北,https://ke-image.ljcdn.com/110000-inspection/pc1_0vercSlRl.jpg!m_fill,w_280,h_210,f_jpg?from=ke.com
20240131,房山,长阳,101118977487,首创新悦都一区精装三居诚心出售,365万,41150元/平,顶层 (共18层) 3室1厅 | 88.7平米 | 南 北,https://ke-image.ljcdn.com/110000-inspection/pc1_QKawxT465.jpg!m_fill,w_280,h_210,f_jpg?from=ke.com
20240131,房山,长阳,101118973396,长景新园  无抵押无贷款  户型方正,189万,38446元/平,中楼层 (共11层) 1室0厅 | 49.16平米 | 南,https://ke-image.ljcdn.com/110000-inspection/pc1_FOeDhuBTn.jpg!m_fill,w_280,h_210,f_jpg?from=ke.com
20240131,房山,长阳,101118967386,金隅畅和园9号院 高楼层 南向 采光好 无遮挡 一居房主自荐,220万,33732元/平,中楼层 (共22层) 1室1厅 | 65.22平米 | 南,https://ke-image.ljcdn.com/110000-inspection/pc1_aVNevjc71.jpg!m_fill,w_280,h_210,f_jpg?from=ke.com
20240131,房山,长阳,101118964761,翠林漫步 3室2厅 南 北,459万,36633元/平,低楼层 (共10层) | 2012年 | 3室2厅 | 125.3平米 | 南 北,https://ke-image.ljcdn.com/110000-inspection/pc1_lomRGyKTs.jpg!m_fill,w_280,h_210,f_jpg?from=ke.com
20240131,房山,长阳,101118951549,康泽佳苑南区正规三居室  首套首付92.967万房主自荐,228万,36054元/平,底层 (共18层) | 2014年 | 3室1厅 | 63.24平米 | 南 西 北,https://ke-image.ljcdn.com/110000-inspection/pc1_e2LE8EXvX.jpg!m_fill,w_280,h_210,f_jpg?from=ke.com
20240131,房山,长阳,101118948916,国际花园4号院3居室南北超朝向边户全明户型房主自荐,350万,39050元/平,高楼层 (共18层) | 2014年 | 3室1厅 | 89.63平米 | 南 北,https://ke-image.ljcdn.com/110000-inspection/pc1_FCZW0hzmu.jpg!m_fill,w_280,h_210,f_jpg?from=ke.com
20240131,房山,长阳,101118938587,长龙苑小区   南北通透   满五唯一,290万,27185元/平,中楼层 (共6层) | 2004年 | 3室0厅 | 106.68平米 | 南 北,https://ke-image.ljcdn.com/110000-inspection/pc1_h6mNRDDvp_1.jpg!m_fill,w_280,h_210,f_jpg?from=ke.com
20240131,房山,长阳,101118933169,万科.金域缇香 南北通透大三居 全明格局 中高楼层房主自荐,485万,41429元/平,高楼层 (共18层) | 2014年 | 3室2厅 | 117.07平米 | 南 北,https://ke-image.ljcdn.com/110000-inspection/pc1_msvxllW8d_2.jpg!m_fill,w_280,h_210,f_jpg?from=ke.com
20240131,房山,长阳,101118932805,紫云西边户三居室精装修小区中间位置,750万,44897元/平,低楼层 (共15层) | 2015年 | 3室2厅 | 167.05平米 | 南 北,https://ke-image.ljcdn.com/110000-inspection/pc1_8PyI5ZyHl.jpg!m_fill,w_280,h_210,f_jpg?from=ke.com
20240131,房山,长阳,101118926766,万年广阳郡九号 采光充足 视野开阔 精装修 三居室,628万,45216元/平,低楼层 (共13层) 3室1厅 | 138.89平米 | 南 北,https://ke-image.ljcdn.com/110000-inspection/pc1_9iSc2zMg4_1.jpg!m_fill,w_280,h_210,f_jpg?from=ke.com
20240131,房山,长阳,101118922465,新悦都二区两居室满五唯一精装修中间层采光好,299万,39452元/平,中楼层 (共17层) | 2014年 | 2室1厅 | 75.79平米 | 南 北,https://ke-image.ljcdn.com/110000-inspection/pc1_VGBNFGXrG.jpg!m_fill,w_280,h_210,f_jpg?from=ke.com
20240131,房山,长阳,101118921441,首创新悦都 南北 精装修 一梯两户 诚心出售 随时签约,325万,42451元/平,低楼层 (共18层) | 2014年 | 2室1厅 | 76.56平米 | 南 北,https://ke-image.ljcdn.com/110000-inspection/pc1_wiczBTkzS.jpg!m_fill,w_280,h_210,f_jpg?from=ke.com
20240131,房山,长阳,101118919662,碧桂园小区A区南北通透两居室满五唯一,245万,26637元/平,高楼层 (共6层) | 2003年 | 2室1厅 | 91.98平米 | 南 北,https://ke-image.ljcdn.com/110000-inspection/pc1_PAF5MuvTm.jpg!m_fill,w_280,h_210,f_jpg?from=ke.com
20240131,房山,长阳,101118915071,首创新悦都一区 位于小区中间位置 东边户全明格局,369万,42453元/平,低楼层 (共9层) | 2015年 | 3室1厅 | 86.92平米 | 东 南 北,https://ke-image.ljcdn.com/110000-inspection/pc1_KKYUP6OnR.jpg!m_fill,w_280,h_210,f_jpg?from=ke.com
20240131,房山,长阳,101118912737,满五唯一精装修大两居室诚心出售,316万,26640元/平,中楼层 (共16层) | 2007年 | 2室1厅 | 118.62平米 | 南,https://ke-image.ljcdn.com/110000-inspection/pc1_VCJUDqDZd.jpg!m_fill,w_280,h_210,f_jpg?from=ke.com
20240131,房山,长阳,101118909466,原香小镇东区精装修状态好低密度电梯洋房,288万,33594元/平,低楼层 (共6层) 2室1厅 | 85.73平米 | 南 北,https://ke-image.ljcdn.com/110000-inspection/pc1_I9HGramCp.jpg!m_fill,w_280,h_210,f_jpg?from=ke.com
20240131,房山,长阳,101118909001,邑上公馆7号楼好楼层随时能看房,350万,42851元/平,中楼层 (共6层) | 2014年 | 2室1厅 | 81.68平米 | 南 北,https://ke-image.ljcdn.com/110000-inspection/pc1_jQsQnpipQ.jpg!m_fill,w_280,h_210,f_jpg?from=ke.com
20240131,房山,长阳,101118899283,万科精装三居室 明厨明卫 满五唯一 业主诚心出售,530万,48301元/平,低楼层 (共9层) | 2015年 | 3室1厅 | 109.73平米 | 南 北,https://ke-image.ljcdn.com/110000-inspection/pc1_DJ2l2oP46.jpg!m_fill,w_280,h_210,f_jpg?from=ke.com
20240131,房山,长阳,101118898647,《店长推荐》户型方正南北通透近地铁房主自荐,429万,31126元/平,底层 (共6层) | 2005年 | 3室2厅 | 137.83平米 | 南 北,https://ke-image.ljcdn.com/110000-inspection/pc1_mUC6BJu2G.jpg!m_fill,w_280,h_210,f_jpg?from=ke.com
20240131,房山,长阳,101118897826,长阳半岛祥云街2号院 诚心出售 多多带看,389万,44382元/平,高楼层 (共28层) | 2011年 | 2室1厅 | 87.65平米 | 南 北,https://ke-image.ljcdn.com/110000-inspection/pc1_Q90g3Nh8z_1.jpg!m_fill,w_280,h_210,f_jpg?from=ke.com
20240131,房山,长阳,101118896696,近地铁 精装修 拎包入住 南北通透 全明格局 满五唯一,360万,25044元/平,顶层 (共6层) | 2005年 | 3室1厅 | 143.75平米 | 南 北,https://ke-image.ljcdn.com/110000-inspection/pc1_IJXGjUHVo.jpg!m_fill,w_280,h_210,f_jpg?from=ke.com
20240131,房山,长阳,101118887960,馨然嘉园三区 满五唯一  采光好没有遮挡,360万,40076元/平,低楼层 (共15层) 3室1厅 | 89.83平米 | 南 北,https://ke-image.ljcdn.com/110000-inspection/pc1_m6W7QJOml_1.jpg!m_fill,w_280,h_210,f_jpg?from=ke.com
20240131,房山,长阳,101118875433,碧桂园小区C区 南北三居 客厅朝南 一梯两户 有电梯,315万,26811元/平,低楼层 (共8层) 3室2厅 | 117.49平米 | 南 北,https://ke-image.ljcdn.com/110000-inspection/pc1_ULtbtZ3YW.jpg!m_fill,w_280,h_210,f_jpg?from=ke.com
20240131,房山,长阳,101118871944,天泰新景家园 南北三居室明厨明卫满五唯一自住房,298万,27373元/平,高楼层 (共6层) 3室2厅 | 108.87平米 | 南 北,https://ke-image.ljcdn.com/110000-inspection/pc1_sd5LndAUS_1.jpg!m_fill,w_280,h_210,f_jpg?from=ke.com
20240131,房山,长阳,101118870341,加州水郡四期 正规两居 户型方正 大客厅 配套齐全,228万,24681元/平,底层 (共14层) | 2011年 | 2室1厅 | 92.38平米 | 东 北,https://ke-image.ljcdn.com/110000-inspection/pc1_8gHr6Wstc.jpg!m_fill,w_280,h_210,f_jpg?from=ke.com
20240131,房山,长阳,101118865818,加州水郡四期满五唯一朝西采光好有钥匙随时看,249万,28114元/平,低楼层 (共15层) | 2011年 | 2室1厅 | 88.57平米 | 西,https://ke-image.ljcdn.com/110000-inspection/pc1_KrxnaX0iA.jpg!m_fill,w_280,h_210,f_jpg?from=ke.com
20240131,房山,长阳,101118864847,加州水郡四期 经典小户型 户型方正,189万,32609元/平,中楼层 (共14层) | 2011年 | 1室1厅 | 57.96平米 | 南,https://ke-image.ljcdn.com/110000-inspection/c7cd0ce2-2e0d-4e33-96be-5678c2eea1f2_1000.jpg!m_fill,w_280,h_210,f_jpg?from=ke.com
20240131,房山,长阳,101118864447,建邦华庭西区全明两居室诚意出售,380万,42289元/平,中楼层 (共16层) | 2013年 | 2室1厅 | 89.86平米 | 南 北,https://ke-image.ljcdn.com/110000-inspection/pc1_MoQbdJXup.jpg!m_fill,w_280,h_210,f_jpg?from=ke.com
20240131,房山,长阳,101118860485,《店长推荐》近地铁 精装修 南北通透 满五唯一,338万,28027元/平,中楼层 (共6层) | 2005年 | 3室2厅 | 120.6平米 | 南 北,https://ke-image.ljcdn.com/110000-inspection/pc1_gEUil0SEe.jpg!m_fill,w_280,h_210,f_jpg?from=ke.com
20240131,房山,长阳,101118860208,康泽佳苑南区 商品房 诚心出售 看房方便,243万,38178元/平,中楼层 (共18层) 3室1厅 | 63.65平米 | 南 北,https://ke-image.ljcdn.com/110000-inspection/pc1_0GoRGGN1t_1.jpg!m_fill,w_280,h_210,f_jpg?from=ke.com
20240131,房山,长阳,101118855993,万年广阳郡九号 楼层好 采光充足 精装修,638万,45739元/平,中楼层 (共12层) | 2017年 | 3室2厅 | 139.49平米 | 南 北 东,https://ke-image.ljcdn.com/110000-inspection/pc1_RhYHp2PGL.jpg!m_fill,w_280,h_210,f_jpg?from=ke.com
20240131,房山,长阳,101118852728,康泽佳苑北区推荐精装一居室中楼层南北,228万,36769元/平,中楼层 (共30层) 1室1厅 | 62.01平米 | 南 北,https://ke-image.ljcdn.com/110000-inspection/pc1_fWgCzqTur.jpg!m_fill,w_280,h_210,f_jpg?from=ke.com
20240131,房山,长阳,101118850399,原香小镇一区 次顶层 南北通透 商品房,290万,32643元/平,高楼层 (共10层) | 2010年 | 2室1厅 | 88.84平米 | 南 北,https://ke-image.ljcdn.com/110000-inspection/pc1_4YZmGZd8l.jpg!m_fill,w_280,h_210,f_jpg?from=ke.com
20240131,房山,长阳,101118849478,长阳半岛3号院精装南北通透三居室看房方便满五年,555万,46401元/平,低楼层 (共9层) | 2013年 | 3室1厅 | 119.61平米 | 南 北,https://ke-image.ljcdn.com/110000-inspection/pc1_BwM4BHAYq_2.jpg!m_fill,w_280,h_210,f_jpg?from=ke.com
20240131,房山,长阳,101118847463,加州水郡四期 南北通透小三居  位置好 配套齐全,275万,30068元/平,高楼层 (共11层) 3室1厅 | 91.46平米 | 南 北,https://ke-image.ljcdn.com/110000-inspection/pc1_KyMSG1boP.jpg!m_fill,w_280,h_210,f_jpg?from=ke.com
20240131,房山,长阳,101118838996,满五唯一户型方正南北通透近地铁交通便利。,318万,26567元/平,高楼层 (共6层) 3室1厅 | 119.7平米 | 南 北,https://ke-image.ljcdn.com/110000-inspection/pc1_KM2ZJzENk.jpg!m_fill,w_280,h_210,f_jpg?from=ke.com
20240131,房山,长阳,101118837791,合景南北三居 婚房精装修 靠近篱笆房地铁 长阳地铁,429万,43034元/平,高楼层 (共15层) | 2015年 | 3室2厅 | 99.69平米 | 南 北,https://ke-image.ljcdn.com/110000-inspection/pc1_A0gv14oMT.jpg!m_fill,w_280,h_210,f_jpg?from=ke.com
20240131,房山,长阳,101118827853,金地朗悦一期 中间楼层南北三居 满五唯一房主自荐,452万,50673元/平,中楼层 (共9层) | 2013年 | 3室1厅 | 89.2平米 | 南 北,https://ke-image.ljcdn.com/110000-inspection/pc1_ToVqc9WHm.jpg!m_fill,w_280,h_210,f_jpg?from=ke.com
20240131,房山,长阳,101118826257,长阳半岛2号院南北通透三居室中间楼层,470万,49542元/平,中楼层 (共9层) | 2011年 | 3室1厅 | 94.87平米 | 南 北,https://ke-image.ljcdn.com/110000-inspection/pc1_GH6QbSMDl_1.jpg!m_fill,w_280,h_210,f_jpg?from=ke.com
20240131,房山,长阳,101118810330,半岛2号院 中间位置 高楼层 满五唯一 诚意出售.,469万,50091元/平,高楼层 (共9层) | 2011年 | 3室1厅 | 93.63平米 | 南 北,https://ke-image.ljcdn.com/110000-inspection/pc1_5rzAn5dQD.jpg!m_fill,w_280,h_210,f_jpg?from=ke.com
20240131,房山,长阳,101118807383,天泰新景 落地窗两居 满五唯一  落地窗房主自荐,259万,29536元/平,高楼层 (共6层) | 2007年 | 2室2厅 | 87.69平米 | 南 北,https://ke-image.ljcdn.com/110000-inspection/pc1_aNZ8Ue8GD_1.jpg!m_fill,w_280,h_210,f_jpg?from=ke.com
20240131,房山,长阳,101118799219,绿地花都苑精装满五唯一小三居出售中高层采光视野好,338万,33709元/平,中楼层 (共14层) | 2012年 | 3室1厅 | 100.27平米 | 南 北,https://ke-image.ljcdn.com/110000-inspection/pc1_nNBqtxa99_2.jpg!m_fill,w_280,h_210,f_jpg?from=ke.com
20240131,房山,长阳,101118798249,此房满五年唯一业主诚意出售 看房方便 产权清晰。,188万,35154元/平,高楼层 (共28层) 2室1厅 | 53.48平米 | 东南,https://ke-image.ljcdn.com/110000-inspection/pc1_jeJvBPNIL.jpg!m_fill,w_280,h_210,f_jpg?from=ke.com
20240131,房山,长阳,101118791542,此房满五唯一适合贷款全明格局东北朝向,247万,32625元/平,低楼层 (共15层) 2室1厅 | 75.71平米 | 东 北,https://ke-image.ljcdn.com/110000-inspection/pc1_SDjPPB5Gt.jpg!m_fill,w_280,h_210,f_jpg?from=ke.com
20240131,房山,长阳,101118786835,金隅畅和园9号院 南向一居室 中间楼层无遮挡房主自荐,210万,32199元/平,中楼层 (共22层) 2室1厅 | 65.22平米 | 南,https://ke-image.ljcdn.com/110000-inspection/pc1_tC06CgglL.jpg!m_fill,w_280,h_210,f_jpg?from=ke.com
20240131,房山,长阳,101118786496,五和万科长阳天地5号院《店长推荐》精装修两居高楼层,348万,43064元/平,高楼层 (共21层) 2室1厅 | 80.81平米 | 南,https://ke-image.ljcdn.com/110000-inspection/pc1_T1j9JeVM5_1.jpg!m_fill,w_280,h_210,f_jpg?from=ke.com
20240131,房山,长阳,101118773984,康泽南区 楼层位置好  离地铁近,218万,40779元/平,高楼层 (共18层) | 2014年 | 2室1厅 | 53.46平米 | 北 南,https://ke-image.ljcdn.com/110000-inspection/pc1_gbAxrYlui_1.jpg!m_fill,w_280,h_210,f_jpg?from=ke.com
20240131,房山,长阳,101118771365,正规3居南北通透户型格局好高楼层！,499万,48745元/平,中楼层 (共11层) 3室1厅 | 102.37平米 | 南 北,https://ke-image.ljcdn.com/110000-inspection/pc1_5zlSdz4SZ.jpg!m_fill,w_280,h_210,f_jpg?from=ke.com
20240131,房山,长阳,101118767451,房子户型方正南北双通透；房子满五唯一,413万,46452元/平,低楼层 (共20层) | 2012年 | 3室1厅 | 88.91平米 | 南 北,https://ke-image.ljcdn.com/110000-inspection/pc1_iAPwDnFpH_1.jpg!m_fill,w_280,h_210,f_jpg?from=ke.com
20240131,房山,长阳,101118762648,长阳国际城一区精装小三居业主诚意出售,418万,46919元/平,底层 (共20层) | 2012年 | 3室1厅 | 89.09平米 | 南 北,https://ke-image.ljcdn.com/110000-inspection/pc1_tsazLkSff.jpg!m_fill,w_280,h_210,f_jpg?from=ke.com
20240131,房山,长阳,101118760448,国誉府 南北通透边户三阳户型低密洋房视野好。,760万,46106元/平,低楼层 (共19层) | 2017年 | 4室1厅 | 164.84平米 | 南 北,https://ke-image.ljcdn.com/110000-inspection/pc1_pFitxJWYN_1.jpg!m_fill,w_280,h_210,f_jpg?from=ke.com
20240131,房山,长阳,101118755056,原香小镇二区东边户大三居双卫生间房主自荐,540万,37686元/平,中楼层 (共6层) 3室1厅 | 143.29平米 | 南 北,https://ke-image.ljcdn.com/110000-inspection/pc1_erMbpdqgV.jpg!m_fill,w_280,h_210,f_jpg?from=ke.com
20240131,房山,长阳,101118754849,自住精装修 采光好 不临街居住安静,370万,41231元/平,中楼层 (共18层) | 2014年 | 3室1厅 | 89.74平米 | 南 北,https://ke-image.ljcdn.com/110000-inspection/pc1_LbSXhRjfh.jpg!m_fill,w_280,h_210,f_jpg?from=ke.com
20240131,房山,长阳,101118753340,金地朗悦悦园 两居 南向 无遮挡 采光好,365万,44179元/平,低楼层 (共11层) | 2013年 | 2室1厅 | 82.62平米 | 南,https://ke-image.ljcdn.com/110000-inspection/pc1_OTjBivh0e.jpg!m_fill,w_280,h_210,f_jpg?from=ke.com
20240131,房山,长阳,101118745783,康泽佳苑南区 2室1厅 东南,188万,35154元/平,高楼层 (共28层) 2室1厅 | 53.48平米 | 东南,https://ke-image.ljcdn.com/110000-inspection/pc1_P7RPfKqo5_1.jpg!m_fill,w_280,h_210,f_jpg?from=ke.com
20240131,房山,长阳,101118733841,碧桂园天资璟庭大三居户型方正南北通透业主急售,420万,29536元/平,低楼层 (共18层) | 2013年 | 3室2厅 | 142.2平米 | 南 北,https://ke-image.ljcdn.com/110000-inspection/pc1_JTruTVGgu.jpg!m_fill,w_280,h_210,f_jpg?from=ke.com
20240131,房山,长阳,101118732488,满五年唯一产权清晰中间楼层看房方便,325万,30026元/平,中楼层 (共14层) | 2009年 | 3室1厅 | 108.24平米 | 南 北,https://ke-image.ljcdn.com/110000-inspection/pc1_KPIkyHpZq.jpg!m_fill,w_280,h_210,f_jpg?from=ke.com
20240131,房山,长阳,101118726130,万科.金域缇香  南北通透大三居  业主自住 保持很好,465万,45300元/平,中楼层 (共18层) | 2015年 | 3室2厅 | 102.65平米 | 北 南,https://ke-image.ljcdn.com/110000-inspection/pc1_m3ZIf8NLj_1.jpg!m_fill,w_280,h_210,f_jpg?from=ke.com
20240131,房山,长阳,101118695472,金隅畅和园9号院 精装修 满五唯一 明厨明卫 无遮挡,269万,36195元/平,高楼层 (共22层) 2室1厅 | 74.32平米 | 东南 北,https://ke-image.ljcdn.com/110000-inspection/b3ea810a-2d8e-4bc0-9f16-1fdc5b55e414_1000.jpg!m_fill,w_280,h_210,f_jpg?from=ke.com
20240131,房山,长阳,101118693333,紫云家园 南北双通透三居 业主只住了两年 保持度好房主自荐,569万,47170元/平,低楼层 (共15层) | 2015年 | 3室2厅 | 120.63平米 | 南 北,https://ke-image.ljcdn.com/110000-inspection/pc1_ufq5c5pnu_1.jpg!m_fill,w_280,h_210,f_jpg?from=ke.com
20240131,房山,长阳,101118691731,天资华府南北通透三居室双卫楼层好采光好视野开阔,375万,32398元/平,高楼层 (共19层) | 2017年 | 3室2厅 | 115.75平米 | 南 北,https://ke-image.ljcdn.com/110000-inspection/pc1_P9EU8BL6p_2.jpg!m_fill,w_280,h_210,f_jpg?from=ke.com
20240131,房山,长阳,101118685392,长龙苑小区 诚心出售 看房方便,268万,29792元/平,顶层 (共5层) | 2004年 | 2室1厅 | 89.96平米 | 南 北,https://ke-image.ljcdn.com/110000-inspection/43ecfb9d-8e77-4399-af1b-a65bf638986a_1000.jpg!m_fill,w_280,h_210,f_jpg?from=ke.com
20240131,房山,长阳,101118682349,清苑嘉园 2室1厅 东 西 北房主自荐,229万,30706元/平,高楼层 (共15层) 2室1厅 | 74.58平米 | 东 西 北,https://ke-image.ljcdn.com/110000-inspection/201b1c3b-df88-471e-865a-e0641be8870c_1000.jpg!m_fill,w_280,h_210,f_jpg?from=ke.com
20240131,房山,长阳,101118678869,国际花园2号院 精装修两居室 诚心出售 高楼层 采光好房主自荐,297万,38809元/平,中楼层 (共18层) | 2014年 | 2室1厅 | 76.53平米 | 南 北,https://ke-image.ljcdn.com/110000-inspection/pc1_PU2XF28xR_1.jpg!m_fill,w_280,h_210,f_jpg?from=ke.com
20240131,房山,长阳,101118676213,两居室精装修可直接入住价格可谈房主自荐,239万,31568元/平,低楼层 (共15层) | 2009年 | 2室1厅 | 75.71平米 | 东北,https://ke-image.ljcdn.com/110000-inspection/d15a7af9-c074-433d-8d67-039a3c72f21f_1000.jpg!m_fill,w_280,h_210,f_jpg?from=ke.com
20240131,房山,长阳,101118671888,长阳半岛祥云街2号院全明格局两居室保持良好采光棒,379万,42806元/平,低楼层 (共28层) | 2011年 | 2室1厅 | 88.54平米 | 南 西 北,https://ke-image.ljcdn.com/110000-inspection/pc1_NrKqMNP5X_1.jpg!m_fill,w_280,h_210,f_jpg?from=ke.com
20240131,房山,长阳,101118671433,国际花园2号院  南北通透 精装修,292万,38503元/平,低楼层 (共18层) | 2014年 | 2室1厅 | 75.84平米 | 南 北,https://ke-image.ljcdn.com/110000-inspection/pc1_Sb12jmz7d.jpg!m_fill,w_280,h_210,f_jpg?from=ke.com
20240131,房山,长阳,101118668969,满五唯一户型南北通透东边户采光好,410万,46172元/平,低楼层 (共9层) 3室1厅 | 88.8平米 | 南 北,https://ke-image.ljcdn.com/110000-inspection/pc1_whZPO94Ah_2.jpg!m_fill,w_280,h_210,f_jpg?from=ke.com
20240131,房山,长阳,101118662699,首开熙悦山熹园1号院 精装修 店长推荐 诚心出售房主自荐,335万,39886元/平,顶层 (共20层) | 2013年 | 2室1厅 | 83.99平米 | 南,https://ke-image.ljcdn.com/110000-inspection/pc1_N8PzXPTV1.jpg!m_fill,w_280,h_210,f_jpg?from=ke.com
20240131,房山,长阳,101118662677,原香小镇一区 满五唯一 精装修 中间楼层 南北通透,345万,37554元/平,中楼层 (共10层) | 2010年 | 3室1厅 | 91.87平米 | 南 北,https://ke-image.ljcdn.com/110000-inspection/pc1_LhrBEwNrZ.jpg!m_fill,w_280,h_210,f_jpg?from=ke.com
20240131,房山,长阳,101118660953,长龙苑小区 3室2厅 南 北,300万,30285元/平,中楼层 (共6层) | 2000年 | 3室2厅 | 99.06平米 | 南 北,https://ke-image.ljcdn.com/110000-inspection/pc1_QBh2dHUjB_1.jpg!m_fill,w_280,h_210,f_jpg?from=ke.com
20240131,房山,长阳,101118655993,大宁山庄二区 满五唯一三居室 有电梯中间楼层 精装修,540万,37255元/平,中楼层 (共5层) 3室2厅 | 144.95平米 | 南 北,https://ke-image.ljcdn.com/110000-inspection/pc1_Mcjb86McS.jpg!m_fill,w_280,h_210,f_jpg?from=ke.com
20240131,房山,长阳,101118653448,碧桂园小区C区满五唯一南北通透 业主自住精装诚心出售,230万,33636元/平,中楼层 (共16层) | 2007年 | 1室1厅 | 68.38平米 | 南 北,https://ke-image.ljcdn.com/110000-inspection/pc1_MRAhrE5p8_2.jpg!m_fill,w_280,h_210,f_jpg?from=ke.com
20240131,房山,长阳,101118653068,金隅畅和园9号院 商品住房  高楼层 诚意出售,225万,34040元/平,中楼层 (共21层) 1室1厅 | 66.1平米 | 南,https://ke-image.ljcdn.com/110000-inspection/pc1_5qs44oRrF.jpg!m_fill,w_280,h_210,f_jpg?from=ke.com
20240131,房山,长阳,101118647558,大宁山庄 南北通透边户三居 精装修 有车位,560万,38309元/平,中楼层 (共5层) | 2013年 | 3室2厅 | 146.18平米 | 南 北 西,https://ke-image.ljcdn.com/110000-inspection/pc1_f60QE4sm1.jpg!m_fill,w_280,h_210,f_jpg?from=ke.com
20240131,房山,长阳,101118646335,加州三期南北通透两居采光无遮挡,229万,27308元/平,低楼层 (共14层) 2室1厅 | 83.86平米 | 南 北,https://ke-image.ljcdn.com/110000-inspection/pc1_pqvpRjrZB.jpg!m_fill,w_280,h_210,f_jpg?from=ke.com
20240131,房山,长阳,101118635697,近地铁温馨一居室 满五年唯一住房,170万,40544元/平,低楼层 (共28层) 1室1厅 | 41.93平米 | 东 东南,https://ke-image.ljcdn.com/110000-inspection/pc1_ka9Ced0CG.jpg!m_fill,w_280,h_210,f_jpg?from=ke.com
20240131,房山,长阳,101118634657,长阳半岛怡和南路10号院 南北通透 东边户 卫生间带窗,625万,51577元/平,中楼层 (共14层) | 2015年 | 3室1厅 | 121.18平米 | 南 北,https://ke-image.ljcdn.com/110000-inspection/pc1_9Tfl78Tel_1.jpg!m_fill,w_280,h_210,f_jpg?from=ke.com
20240131,房山,长阳,101118632490,康泽佳苑南区  满五唯一诚心卖,205万,39408元/平,高楼层 (共18层) | 2014年 | 2室1厅 | 52.02平米 | 南,https://ke-image.ljcdn.com/110000-inspection/pc1_O7lhOe5A7.jpg!m_fill,w_280,h_210,f_jpg?from=ke.com
20240131,房山,长阳,101118624506,加州水郡四期 南北通透三居室 位置好 出行方便,320万,34924元/平,中楼层 (共11层) 3室1厅 | 91.63平米 | 南 北,https://ke-image.ljcdn.com/110000-inspection/pc1_hxnI4hiKR.jpg!m_fill,w_280,h_210,f_jpg?from=ke.com
20240131,房山,长阳,101118619611,长景新园满五唯一 高楼层户型方正诚心出售！,198万,36431元/平,高楼层 (共6层) | 2011年 | 1室0厅 | 54.35平米 | 南,https://ke-image.ljcdn.com/110000-inspection/pc1_LWCgLPRtO.jpg!m_fill,w_280,h_210,f_jpg?from=ke.com
20240131,房山,长阳,101118613291,长阳国际城二区  适合年轻小两口,339万,41796元/平,低楼层 (共20层) | 2012年 | 2室1厅 | 81.11平米 | 南,https://ke-image.ljcdn.com/110000-inspection/pc1_97Yo4YuXQ.jpg!m_fill,w_280,h_210,f_jpg?from=ke.com
20240131,房山,长阳,101118611082,满五唯一样板间户型南北双通透直通地下车库。房主自荐,275万,31555元/平,中楼层 (共11层) 2室2厅 | 87.15平米 | 南 北,https://ke-image.ljcdn.com/110000-inspection/pc1_wEnm7VZD6.jpg!m_fill,w_280,h_210,f_jpg?from=ke.com
20240131,房山,长阳,101118608815,万科.金域缇香 满五唯一 南北通透 不临街 高层三居,440万,42744元/平,高楼层 (共16层) | 2015年 | 3室1厅 | 102.94平米 | 南 北,https://ke-image.ljcdn.com/110000-inspection/df969060-bd07-4453-a258-c2d0dd7f01d7_1000.jpg!m_fill,w_280,h_210,f_jpg?from=ke.com
20240131,房山,长阳,101118597164,康泽佳苑南区精装2居南向满五唯一中间楼层采光好房主自荐,210万,38490元/平,中楼层 (共22层) | 2014年 | 2室1厅 | 54.56平米 | 南,https://ke-image.ljcdn.com/110000-inspection/pc1_c61xjLWql.jpg!m_fill,w_280,h_210,f_jpg?from=ke.com
20240131,房山,长阳,101118595777,加州水郡四期全明格局正规一室一厅,203万,34483元/平,低楼层 (共11层) | 2011年 | 1室1厅 | 58.87平米 | 西北,https://ke-image.ljcdn.com/110000-inspection/pc1_4UnkeJ6Z0.jpg!m_fill,w_280,h_210,f_jpg?from=ke.com
20240131,房山,长阳,101118595668,加州水郡四期 满五唯一高楼层 视野好 无遮挡,255万,27512元/平,中楼层 (共15层) | 2011年 | 2室1厅 | 92.69平米 | 东北,https://ke-image.ljcdn.com/110000-inspection/pc1_aQ0lTs2V2.jpg!m_fill,w_280,h_210,f_jpg?from=ke.com
20240131,房山,长阳,101118592695,国际花园三居室 满五年唯一 业主诚心卖,339万,37907元/平,高楼层 (共18层) 3室1厅 | 89.43平米 | 南 北,https://ke-image.ljcdn.com/110000-inspection/pc1_wxb40oc61.jpg!m_fill,w_280,h_210,f_jpg?from=ke.com
20240131,房山,长阳,101118591965,长阳国际城三区 满五唯一 边户 高楼层,375万,41863元/平,高楼层 (共15层) 3室1厅 | 89.58平米 | 南 北,https://ke-image.ljcdn.com/110000-inspection/pc1_R7UxTM4Rc.jpg!m_fill,w_280,h_210,f_jpg?from=ke.com
20240131,房山,长阳,101118591421,金地朗悦朗园 中间楼层 视野好 满无唯一 配套成熟,430万,48191元/平,中楼层 (共14层) 3室1厅 | 89.23平米 | 东 南 北,https://ke-image.ljcdn.com/110000-inspection/pc1_kJJzCugRd_1.jpg!m_fill,w_280,h_210,f_jpg?from=ke.com
20240131,房山,长阳,101118591403,万科物业集中供暖人车分流西南北三居采光充足。,479万,50909元/平,高楼层 (共9层) | 2012年 | 3室2厅 | 94.09平米 | 南 西 北,https://ke-image.ljcdn.com/110000-inspection/pc1_tbE3ga04d.jpg!m_fill,w_280,h_210,f_jpg?from=ke.com
20240131,房山,长阳,101118589079,新里程59号院  有车位 有储物间 满五唯一 不临街,499万,48750元/平,低楼层 (共13层) | 2015年 | 3室2厅 | 102.36平米 | 南 北,https://ke-image.ljcdn.com/110000-inspection/pc1_eaBAiJrfp.jpg!m_fill,w_280,h_210,f_jpg?from=ke.com
20240131,房山,长阳,101118586652,金隅畅和园9号院 大一居 采光好 视野好房主自荐,230万,34796元/平,中楼层 (共21层) 1室1厅 | 66.1平米 | 南,https://ke-image.ljcdn.com/110000-inspection/pc1_JjetXrWhQ.jpg!m_fill,w_280,h_210,f_jpg?from=ke.com
20240131,房山,长阳,101118583247,天资华府 3室2厅 南 北,350万,29659元/平,顶层 (共18层) | 2015年 | 3室2厅 | 118.01平米 | 南 北,https://ke-image.ljcdn.com/110000-inspection/pc1_tCXAYPhaF.jpg!m_fill,w_280,h_210,f_jpg?from=ke.com
20240131,房山,长阳,101118580458,九洲溪雅苑二区 南北通透三居 满五唯一 中间楼层,420万,31511元/平,中楼层 (共14层) | 2009年 | 3室1厅 | 133.29平米 | 南 北,https://ke-image.ljcdn.com/110000-inspection/pc1_hdl8YUPP2.jpg!m_fill,w_280,h_210,f_jpg?from=ke.com
20240131,房山,长阳,101118580370,金地朗悦朗园东南北三面采光诚心出售,480万,53982元/平,底层 (共14层) 3室1厅 | 88.92平米 | 东 南 北,https://ke-image.ljcdn.com/110000-inspection/pc1_6qvJFM2Vq.jpg!m_fill,w_280,h_210,f_jpg?from=ke.com
20240131,房山,长阳,101118579171,金隅畅和园9号院 南向一居室 满五唯一 不临街,209万,32140元/平,低楼层 (共22层) 1室1厅 | 65.03平米 | 南,https://ke-image.ljcdn.com/110000-inspection/pc1_e0fMvaPcK.jpg!m_fill,w_280,h_210,f_jpg?from=ke.com
20240131,房山,长阳,101118577498,碧桂园小区A区 南北通透两居室,252万,27398元/平,低楼层 (共6层) | 2003年 | 2室2厅 | 91.98平米 | 南 北,https://ke-image.ljcdn.com/110000-inspection/pc1_MflqmPcwP.jpg!m_fill,w_280,h_210,f_jpg?from=ke.com
20240131,房山,长阳,101118577162,低密度花园洋房 带电梯 精装修 近地铁 交通方便,269万,32906元/平,低楼层 (共6层) | 2014年 | 2室1厅 | 81.75平米 | 南 北,https://ke-image.ljcdn.com/110000-inspection/pc1_0wC5URlak.jpg!m_fill,w_280,h_210,f_jpg?from=ke.com
20240131,房山,长阳,101118576842,业主诚售东北向正规一居双阳台高楼层视野好,199万,35240元/平,高楼层 (共15层) | 2010年 | 1室1厅 | 56.47平米 | 东 北,https://ke-image.ljcdn.com/110000-inspection/pc1_5rL06I9ox.jpg!m_fill,w_280,h_210,f_jpg?from=ke.com
20240131,房山,长阳,101118574969,南北通透格局客厅双卧室三面朝南  明厨明卫,520万,28923元/平,底层 (共13层) 3室2厅 | 179.79平米 | 南 北,https://ke-image.ljcdn.com/110000-inspection/pc1_BcYe94DQg_2.jpg!m_fill,w_280,h_210,f_jpg?from=ke.com
20240131,房山,长阳,101118573351,世茂维拉 1室1厅 西,194万,32388元/平,高楼层 (共15层) | 2015年 | 1室1厅 | 59.9平米 | 西,https://ke-image.ljcdn.com/110000-inspection/pc1_LnFv3WTKE.jpg!m_fill,w_280,h_210,f_jpg?from=ke.com
20240131,房山,长阳,101118572123,南向两居万科精装修低楼层无遮挡位置好房主自荐,355万,40387元/平,中楼层 (共8层) | 2013年 | 2室1厅 | 87.9平米 | 南,https://ke-image.ljcdn.com/110000-inspection/pc1_ZigZK34Xs_1.jpg!m_fill,w_280,h_210,f_jpg?from=ke.com
20240131,房山,长阳,101118571574,加州水郡四期 正规两居 方正户型 业主诚心出售,251万,28324元/平,高楼层 (共11层) 2室2厅 | 88.62平米 | 东北,https://ke-image.ljcdn.com/110000-inspection/pc1_ZbVLdwhP0.jpg!m_fill,w_280,h_210,f_jpg?from=ke.com
20240131,房山,长阳,101118570170,长阳半岛怡和南路10号院 3室1厅 南 北,519万,47298元/平,底层 (共9层) | 2015年 | 3室1厅 | 109.73平米 | 南 北,https://ke-image.ljcdn.com/110000-inspection/pc1_Q8h377eDf.jpg!m_fill,w_280,h_210,f_jpg?from=ke.com
20240131,房山,长阳,101118559299,西悦欣居满五唯一高楼层视野好通风好2居,315万,35382元/平,中楼层 (共21层) | 2012年 | 2室1厅 | 89.03平米 | 东,https://ke-image.ljcdn.com/110000-inspection/prod-cd8764e4-1c1b-44f0-a4c4-ddf9b660b0d2.jpg!m_fill,w_280,h_210,f_jpg?from=ke.com
20240131,房山,长阳,101118552475,长龙苑小区 南北通透 中间楼层 采光好 位置安静,240万,28339元/平,中楼层 (共6层) | 2002年 | 2室2厅 | 84.69平米 | 南 北,https://ke-image.ljcdn.com/110000-inspection/pc1_esqedyORW_1.jpg!m_fill,w_280,h_210,f_jpg?from=ke.com
20240131,房山,长阳,101118552235,此房不临街 东侧观小区水系花园。看房随时！次顶层,415万,28207元/平,高楼层 (共14层) | 2010年 | 3室2厅 | 147.13平米 | 东南 北,https://ke-image.ljcdn.com/110000-inspection/pc1_oIKzIKau4_1.jpg!m_fill,w_280,h_210,f_jpg?from=ke.com
20240131,房山,长阳,101118549760,首开熙悦山澜庭  南向两居室  自住精装修 诚心出售,309万,44308元/平,低楼层 (共21层) | 2014年 | 2室1厅 | 69.74平米 | 南,https://ke-image.ljcdn.com/110000-inspection/pc1_7wWofnECW.jpg!m_fill,w_280,h_210,f_jpg?from=ke.com
20240131,房山,长阳,101118548484,碧波园一期 三居室 南北通透 近地铁,269万,24594元/平,高楼层 (共6层) | 2005年 | 3室2厅 | 109.38平米 | 南 北,https://ke-image.ljcdn.com/110000-inspection/pc1_zCcGYHDm1.jpg!m_fill,w_280,h_210,f_jpg?from=ke.com
20240131,房山,长阳,101118540359,祥云街一号院  *长阳半岛1号院”  满五唯一,356万,40217元/平,中楼层 (共21层) 2室1厅 | 88.52平米 | 东 东南 北,https://ke-image.ljcdn.com/110000-inspection/pc1_Qizev1WFh.jpg!m_fill,w_280,h_210,f_jpg?from=ke.com
20240131,房山,长阳,101118540276,芭蕾雨悦都北区 南北通透两居室 满五唯一篱笆房地铁,358万,44851元/平,低楼层 (共9层) 2室1厅 | 79.82平米 | 南 北,https://ke-image.ljcdn.com/110000-inspection/pc1_JDRbVmHRL.jpg!m_fill,w_280,h_210,f_jpg?from=ke.com
20240131,房山,长阳,101118529387,碧桂园小区C区 2室1厅 南 北,260万,28024元/平,底层 (共11层) | 2006年 | 2室1厅 | 92.78平米 | 南 北,https://ke-image.ljcdn.com/110000-inspection/pc1_PcQZeBISO.jpg!m_fill,w_280,h_210,f_jpg?from=ke.com
20240131,房山,长阳,101118526981,长景新园业主诚心卖南北通透布局合理看房有密码方便,280万,34373元/平,高楼层 (共6层) | 2012年 | 2室1厅 | 81.46平米 | 南 北,https://ke-image.ljcdn.com/110000-inspection/pc1_MZJWJzJbi_1.jpg!m_fill,w_280,h_210,f_jpg?from=ke.com
20240131,房山,长阳,101118526777,正规一居室户型方正采光好 成熟社区配套齐全,204万,34677元/平,中楼层 (共11层) 1室1厅 | 58.83平米 | 东北,https://ke-image.ljcdn.com/110000-inspection/pc1_TXvA7CU9A_2.jpg!m_fill,w_280,h_210,f_jpg?from=ke.com
20240131,房山,长阳,101118521415,《店长推荐》户型方正明厨明卫南北通透,268万,30266元/平,底层 (共6层) 2室1厅 | 88.55平米 | 南 北,https://ke-image.ljcdn.com/110000-inspection/pc1_pn1hYnCtN.jpg!m_fill,w_280,h_210,f_jpg?from=ke.com
20240131,房山,长阳,101118514925,长阳半岛祥云街4号院3居室出售,520万,54320元/平,中楼层 (共9层) | 2012年 | 3室1厅 | 95.73平米 | 南 北,https://ke-image.ljcdn.com/110000-inspection/pc1_jRhBR0ss6_1.jpg!m_fill,w_280,h_210,f_jpg?from=ke.com
20240131,房山,长阳,101118512722,长景新园 业主诚心出售 看房预约,210万,38448元/平,中楼层 (共6层) | 2011年 | 1室1厅 | 54.62平米 | 南,https://ke-image.ljcdn.com/110000-inspection/pc1_XPxGfoTFh.jpg!m_fill,w_280,h_210,f_jpg?from=ke.com
20240131,房山,长阳,101118498067,金域缇香满五唯一中间楼层户型方正南北通透,305万,34147元/平,中楼层 (共17层) | 2014年 | 2室1厅 | 89.32平米 | 南 北,https://ke-image.ljcdn.com/110000-inspection/pc1_JNKnrJwCj.jpg!m_fill,w_280,h_210,f_jpg?from=ke.com
20240131,房山,长阳,101118497999,此房满五唯一南北通透格局采光通风好板楼精装,498万,53291元/平,高楼层 (共9层) | 2011年 | 3室1厅 | 93.45平米 | 南 北,https://ke-image.ljcdn.com/110000-inspection/pc1_vE2z06AMS_1.jpg!m_fill,w_280,h_210,f_jpg?from=ke.com
20240131,房山,长阳,101118493895,长阳半岛怡和路3号院 南北两居 满五唯一 看房方便,435万,48083元/平,低楼层 (共18层) | 2014年 | 2室1厅 | 90.47平米 | 南 北,https://ke-image.ljcdn.com/110000-inspection/pc1_z2wV0kin3_1.jpg!m_fill,w_280,h_210,f_jpg?from=ke.com
20240131,房山,长阳,101118493760,万科新里程59号院南北三居室保持的不错。,503万,46411元/平,低楼层 (共12层) | 2015年 | 3室2厅 | 108.38平米 | 南 北,https://ke-image.ljcdn.com/110000-inspection/pc1_z5NYWa8qB.jpg!m_fill,w_280,h_210,f_jpg?from=ke.com
20240131,房山,长阳,101118491921,业主自住 户型方正南北通透精装修,368万,41031元/平,中楼层 (共18层) 3室1厅 | 89.69平米 | 南 北,https://ke-image.ljcdn.com/110000-inspection/pc1_P1GnfzLYJ.jpg!m_fill,w_280,h_210,f_jpg?from=ke.com
20240131,房山,长阳,101118489003,光合作用3居室中间层南北通透随时看房靠谱签约,359万,38022元/平,中楼层 (共11层) | 2016年 | 3室1厅 | 94.42平米 | 南 北,https://ke-image.ljcdn.com/110000-inspection/pc1_WIQnAmim0.jpg!m_fill,w_280,h_210,f_jpg?from=ke.com
20240131,房山,长阳,101118484531,北京城建·广悦居  满五年唯一  南向两居室,265万,32961元/平,高楼层 (共22层) 2室1厅 | 80.4平米 | 南,https://ke-image.ljcdn.com/110000-inspection/pc1_QYxeBTzBh_1.jpg!m_fill,w_280,h_210,f_jpg?from=ke.com
20240131,房山,长阳,101118483581,《店长推荐》西南北三面采光满五唯一三居加一个保姆间,416万,24558元/平,低楼层 (共15层) | 2009年 | 3室2厅 | 169.4平米 | 南 北,https://ke-image.ljcdn.com/110000-inspection/pc1_kq2LwL6vD.jpg!m_fill,w_280,h_210,f_jpg?from=ke.com
20240131,房山,长阳,101118482881,万年广阳郡九号 采光充足 视野开阔,628万,45022元/平,高楼层 (共12层) | 2017年 | 3室2厅 | 139.49平米 | 南 北,https://ke-image.ljcdn.com/110000-inspection/418acb7d-58a6-46ab-9fd0-37a1788d17d0_1000.jpg!m_fill,w_280,h_210,f_jpg?from=ke.com
20240131,房山,长阳,101118482490,天资璟庭 3室1厅 南 北,415万,32191元/平,底层 (共11层) | 2013年 | 3室1厅 | 128.92平米 | 南 北,https://ke-image.ljcdn.com/110000-inspection/pc1_2ghDXwu72.jpg!m_fill,w_280,h_210,f_jpg?from=ke.com
20240131,房山,长阳,101118481490,翠林漫步南北通透三居 中间楼层 采光好,339万,35262元/平,中楼层 (共11层) 3室1厅 | 96.14平米 | 南 北,https://ke-image.ljcdn.com/110000-inspection/pc1_kjhqxJmU7.jpg!m_fill,w_280,h_210,f_jpg?from=ke.com
20240131,房山,长阳,101118477897,大宁山庄三区C区中间楼层南北通透满五唯一。,438万,33711元/平,中楼层 (共5层) | 2004年 | 3室2厅 | 129.93平米 | 南 北,https://ke-image.ljcdn.com/110000-inspection/pc1_qRD5JkXyG.jpg!m_fill,w_280,h_210,f_jpg?from=ke.com
20240131,房山,长阳,101118473526,碧波园小区优质一层南北两居室好装修,370万,33131元/平,底层 (共6层) | 2002年 | 2室1厅 | 111.68平米 | 南 北,https://ke-image.ljcdn.com/110000-inspection/ad19f1ca-abdf-4f25-aac4-d51e8b9234e0_1000.jpg!m_fill,w_280,h_210,f_jpg?from=ke.com
20240131,房山,长阳,101118464783,国际花园2号院 两居室 满五唯一 视野好 诚心出售,300万,39557元/平,低楼层 (共18层) | 2014年 | 2室1厅 | 75.84平米 | 南 北,https://ke-image.ljcdn.com/110000-inspection/pc1_kV7JAgFIY_1.jpg!m_fill,w_280,h_210,f_jpg?from=ke.com
20240131,房山,长阳,101118461756,中粮京西祥云新中式软装精装修楼间距大无遮挡房主自荐,780万,56711元/平,高楼层 (共17层) 4室2厅 | 137.54平米 | 南 北,https://ke-image.ljcdn.com/110000-inspection/pc1_JVFpG5ryU.jpg!m_fill,w_280,h_210,f_jpg?from=ke.com
20240131,房山,长阳,101118461671,首层花园南北通透户型格局好配套设施齐全,520万,55302元/平,底层 (共9层) 3室1厅 | 94.03平米 | 南 北,https://ke-image.ljcdn.com/110000-inspection/pc1_ZMj2dL28D_1.jpg!m_fill,w_280,h_210,f_jpg?from=ke.com
20240131,房山,长阳,101118461278,小区中间位置西边户全明格局诚心出售,650万,53472元/平,底层 (共13层) | 2016年 | 3室1厅 | 121.56平米 | 南 北,https://ke-image.ljcdn.com/110000-inspection/pc1_qrQm0nrJ2.jpg!m_fill,w_280,h_210,f_jpg?from=ke.com
20240131,房山,长阳,101118454226,满五年唯一 高楼层 婚房装修 采光好 视野好 有车位,252万,29364元/平,中楼层 (共14层) 2室1厅 | 85.82平米 | 南,https://ke-image.ljcdn.com/110000-inspection/73fc2e48-4e8c-47f4-b9f2-24430e225e10_1000.jpg!m_fill,w_280,h_210,f_jpg?from=ke.com
20240131,房山,长阳,101118451251,中铁馨然嘉园二区 满五唯一 南北双通透边户 明卫,398万,44609元/平,中楼层 (共20层) | 2012年 | 3室1厅 | 89.22平米 | 南 北,https://ke-image.ljcdn.com/110000-inspection/pc1_F0LsTf6CW.jpg!m_fill,w_280,h_210,f_jpg?from=ke.com
20240131,房山,长阳,101118427740,天资华府南北通透三居室双卫楼层好采光好视野开阔,379万,32775元/平,中楼层 (共18层) | 2015年 | 3室2厅 | 115.64平米 | 南 北,https://ke-image.ljcdn.com/110000-inspection/pc1_YIc530fYU.jpg!m_fill,w_280,h_210,f_jpg?from=ke.com
20240131,房山,长阳,101118423726,长景新园 南北通透两居室  大H户型,289万,31039元/平,低楼层 (共11层) | 2016年 | 2室2厅 | 93.11平米 | 南 北,https://ke-image.ljcdn.com/110000-inspection/pc1_UJes4Y7bW.jpg!m_fill,w_280,h_210,f_jpg?from=ke.com
20240131,房山,长阳,101118416681,国际花园3号院  视野好 三居室 南北通透 中间户房主自荐,359万,40059元/平,顶层 (共18层) 3室2厅 | 89.62平米 | 南 北,https://ke-image.ljcdn.com/110000-inspection/pc1_JlHX2zVwH_1.jpg!m_fill,w_280,h_210,f_jpg?from=ke.com
20240131,房山,长阳,101118414260,精装修 中高楼层 不临街居住安静,345万,38695元/平,中楼层 (共18层) | 2014年 | 3室1厅 | 89.16平米 | 南 北,https://ke-image.ljcdn.com/110000-inspection/pc1_FylY2POpz_1.jpg!m_fill,w_280,h_210,f_jpg?from=ke.com
20240131,房山,长阳,101118409888,万科.金域缇香 大一居 看房提前约,303万,40112元/平,中楼层 (共17层) | 2014年 | 1室1厅 | 75.54平米 | 南,https://ke-image.ljcdn.com/110000-inspection/pc1_MjGYhm2Vq.jpg!m_fill,w_280,h_210,f_jpg?from=ke.com
20240131,房山,长阳,101118400350,店长推荐 户型好 南北通透 精装  采光视野好,285万,29082元/平,高楼层 (共6层) | 2008年 | 2室1厅 | 98平米 | 南 北,https://ke-image.ljcdn.com/110000-inspection/pc1_hQnh36HQf.jpg!m_fill,w_280,h_210,f_jpg?from=ke.com
20240131,房山,长阳,101118379236,篱笆房地铁精装修三居中间楼层近地铁交通便利,399万,44606元/平,中楼层 (共8层) | 2012年 | 3室1厅 | 89.45平米 | 西南,https://ke-image.ljcdn.com/110000-inspection/pc1_KjtgGcDBO.jpg!m_fill,w_280,h_210,f_jpg?from=ke.com
20240131,房山,长阳,101118356111,长阳半岛怡和路1号院 2室2厅 南,390万,46253元/平,低楼层 (共20层) 2室2厅 | 84.32平米 | 南,https://ke-image.ljcdn.com/110000-inspection/pc1_3avY3dZr2_1.jpg!m_fill,w_280,h_210,f_jpg?from=ke.com
20240131,房山,长阳,101118346854,五和万科长阳天地5号院 满五唯一精装修人车分流全封闭,300万,37129元/平,低楼层 (共21层) | 2016年 | 2室1厅 | 80.8平米 | 南,https://ke-image.ljcdn.com/110000-inspection/pc1_J7Wxn1P1K.jpg!m_fill,w_280,h_210,f_jpg?from=ke.com
20240131,房山,长阳,101118337782,国誉府 5室2厅 南 北,1160万,61318元/平,中楼层 (共6层) 5室2厅 | 189.18平米 | 南 北,https://ke-image.ljcdn.com/110000-inspection/pc1_93oF71KIM.jpg!m_fill,w_280,h_210,f_jpg?from=ke.com
20240131,房山,长阳,101118335899,翠林漫步全明格局一居室户型方正,197万,36782元/平,低楼层 (共11层) | 2013年 | 1室1厅 | 53.56平米 | 西北,https://ke-image.ljcdn.com/110000-inspection/b327818a-e42b-4408-8cdf-17ce041a0636_1000.jpg!m_fill,w_280,h_210,f_jpg?from=ke.com
20240131,房山,长阳,101118323904,新里程59号院此房满5年唯一全明格局,479万,45317元/平,中楼层 (共15层) | 2015年 | 3室2厅 | 105.7平米 | 东 南 北,https://ke-image.ljcdn.com/110000-inspection/pc1_d7TQ2NSPV.jpg!m_fill,w_280,h_210,f_jpg?from=ke.com
20240131,房山,长阳,101118321054,首开熙悦山熹园1号院 2室1厅 南 北,345万,38046元/平,低楼层 (共18层) | 2013年 | 2室1厅 | 90.68平米 | 南 北,https://ke-image.ljcdn.com/110000-inspection/pc1_eqofhEv9e.jpg!m_fill,w_280,h_210,f_jpg?from=ke.com
20240131,房山,长阳,101118320960,中粮京西祥云  位置佳 边户多明卫  风景如画,800万,58373元/平,低楼层 (共17层) 4室2厅 | 137.05平米 | 南 北,https://ke-image.ljcdn.com/110000-inspection/pc1_lhUgyVvJR_1.jpg!m_fill,w_280,h_210,f_jpg?from=ke.com
20240131,房山,长阳,101118298419,此房满五唯一 低楼层 看房方便 产权清晰房主自荐,189万,29472元/平,低楼层 (共24层) 1室1厅 | 64.13平米 | 东,https://ke-image.ljcdn.com/110000-inspection/pc1_jCEezgzGl.jpg!m_fill,w_280,h_210,f_jpg?from=ke.com
20240131,房山,长阳,101118298234,加州水郡四期 南北通透三居室 中间楼层 位置好房主自荐,295万,32195元/平,中楼层 (共11层) | 2011年 | 3室1厅 | 91.63平米 | 南 北,https://ke-image.ljcdn.com/110000-inspection/pc1_khAEaPihp.jpg!m_fill,w_280,h_210,f_jpg?from=ke.com
20240131,房山,长阳,101118296276,万科.金域缇香 满五唯一 前后花园 观景楼层 一梯两户,410万,39830元/平,中楼层 (共16层) | 2015年 | 3室1厅 | 102.94平米 | 南 北,https://ke-image.ljcdn.com/110000-inspection/pc1_pGKYxSiSv.jpg!m_fill,w_280,h_210,f_jpg?from=ke.com
20240131,房山,长阳,101118295733,东南朝向高层两居室 门口位置出行方便 满五唯一房主自荐,269万,29616元/平,顶层 (共14层) | 2010年 | 2室2厅 | 90.83平米 | 东南,https://ke-image.ljcdn.com/110000-inspection/2999eaf6-e4ec-444b-a486-1e303e23ede5_1000.jpg!m_fill,w_280,h_210,f_jpg?from=ke.com
20240131,房山,长阳,101118293565,五和万科长阳天地5号院  精装修三居人车分流 满五唯一,429万,45527元/平,中楼层 (共10层) 3室2厅 | 94.23平米 | 南 北,https://ke-image.ljcdn.com/110000-inspection/pc1_RrdNcrnUK_1.jpg!m_fill,w_280,h_210,f_jpg?from=ke.com
20240131,房山,长阳,101118284501,紫云家园 全新 U8 西边户 高楼层视野好,758万,46370元/平,顶层 (共15层) | 2014年 | 3室2厅 | 163.47平米 | 南 北 西,https://ke-image.ljcdn.com/110000-inspection/pc1_xtaNWjASK_1.jpg!m_fill,w_280,h_210,f_jpg?from=ke.com
20240131,房山,长阳,101118282652,加州水郡四期 西北两居室 自住保持好 有产权车位,248万,26814元/平,底层 (共15层) 2室1厅 | 92.49平米 | 西北,https://ke-image.ljcdn.com/110000-inspection/pc1_bIl4bKfP3.jpg!m_fill,w_280,h_210,f_jpg?from=ke.com
20240131,房山,长阳,101118281237,国际花园2号院 中楼层 南北 长阳体育公园 篱笆房地铁,285万,37329元/平,低楼层 (共18层) | 2014年 | 2室1厅 | 76.35平米 | 南 北,https://ke-image.ljcdn.com/110000-inspection/pc1_gaUsjUSay_1.jpg!m_fill,w_280,h_210,f_jpg?from=ke.com
20240131,房山,长阳,101118276744,碧桂园小区二区南北通透采光视野好满五唯一,300万,29037元/平,高楼层 (共6层) | 2004年 | 3室1厅 | 103.32平米 | 南 北,https://ke-image.ljcdn.com/110000-inspection/pc1_UbmhE7TFn_1.jpg!m_fill,w_280,h_210,f_jpg?from=ke.com
20240131,房山,长阳,101118270644,翠林漫步满五唯一两居南北全通透明卫电梯通地库房主自荐,285万,31973元/平,中楼层 (共9层) 2室1厅 | 89.14平米 | 南 北,https://ke-image.ljcdn.com/110000-inspection/pc1_ZlGTzKkCf.jpg!m_fill,w_280,h_210,f_jpg?from=ke.com
20240131,房山,长阳,101118268328,万科.金域缇香 精装修 南北双通透 拎包入住 双卫三居,499万,42789元/平,低楼层 (共18层) | 2014年 | 3室2厅 | 116.62平米 | 南 北,https://ke-image.ljcdn.com/110000-inspection/pc1_FccqF3GSM.jpg!m_fill,w_280,h_210,f_jpg?from=ke.com
20240131,房山,长阳,101118266406,长阳半岛1号院明厨明卫东南北两居无遮挡采光好,389万,44110元/平,高楼层 (共21层) | 2012年 | 2室1厅 | 88.19平米 | 东南 北,https://ke-image.ljcdn.com/110000-inspection/pc1_wwX07Wewr_2.jpg!m_fill,w_280,h_210,f_jpg?from=ke.com
20240131,房山,长阳,101118253760,满五唯一 东向两居室  环境安静 两个卧室分开,230万,26223元/平,低楼层 (共15层) | 2009年 | 2室1厅 | 87.71平米 | 东,https://ke-image.ljcdn.com/110000-inspection/pc1_miTeuPXYu.jpg!m_fill,w_280,h_210,f_jpg?from=ke.com
20240131,房山,长阳,101118252919,碧桂园小区二区南北通透三居室诚心出售看房方便,282万,21159元/平,顶层 (共6层) 3室1厅 | 133.28平米 | 南 北,https://ke-image.ljcdn.com/110000-inspection/pc1_mBNp756tt.jpg!m_fill,w_280,h_210,f_jpg?from=ke.com
20240131,房山,长阳,101118250512,长阳半岛3号院 无遮挡无干扰 满五唯一,568万,47652元/平,顶层 (共9层) 3室1厅 | 119.2平米 | 南 北,https://ke-image.ljcdn.com/110000-inspection/pc1_NUkAEz6Dx.jpg!m_fill,w_280,h_210,f_jpg?from=ke.com
20240131,房山,长阳,101118249223,首创新悦都一区南北两居诚心出售,340万,44962元/平,高楼层 (共17层) 2室1厅 | 75.62平米 | 南 北,https://ke-image.ljcdn.com/110000-inspection/pc1_TEUWgfxpU.jpg!m_fill,w_280,h_210,f_jpg?from=ke.com
20240131,房山,长阳,101118248203,首创新悦都一区正对小区花园小区中间位置,363万,41064元/平,低楼层 (共18层) | 2012年 | 3室1厅 | 88.4平米 | 南 北,https://ke-image.ljcdn.com/110000-inspection/pc1_IwZwxtOwT.jpg!m_fill,w_280,h_210,f_jpg?from=ke.com
20240131,房山,长阳,101118245014,金域缇香南北通透中间层视野开阔采光没影响。,335万,38086元/平,中楼层 (共17层) 2室1厅 | 87.96平米 | 南 北,https://ke-image.ljcdn.com/110000-inspection/pc1_6go6tOD53.jpg!m_fill,w_280,h_210,f_jpg?from=ke.com
20240131,房山,长阳,101118241706,满五年唯一精装南北通透两居明厨明卫,300万,34416元/平,底层 (共9层) | 2012年 | 2室1厅 | 87.17平米 | 南 北,https://ke-image.ljcdn.com/110000-inspection/pc1_vHCE3Sm63.jpg!m_fill,w_280,h_210,f_jpg?from=ke.com
20240131,房山,长阳,101118239207,加州水郡四期 南北通透 正规三居 原始装修保养好,320万,34924元/平,中楼层 (共11层) 3室1厅 | 91.63平米 | 南 北,https://ke-image.ljcdn.com/110000-inspection/pc1_fnUyjDpb3.jpg!m_fill,w_280,h_210,f_jpg?from=ke.com
20240131,房山,长阳,101118236986,金隅畅和园9号院  南向一居  全明格局,205万,30556元/平,低楼层 (共22层) 1室1厅 | 67.09平米 | 东南,https://ke-image.ljcdn.com/110000-inspection/pc1_QUWBJYr3x.jpg!m_fill,w_280,h_210,f_jpg?from=ke.com
20240131,房山,长阳,101118234409,天泰新景温泉家园 满五唯一 南北向三居 中间楼层,295万,27529元/平,中楼层 (共6层) 3室2厅 | 107.16平米 | 南 北,https://ke-image.ljcdn.com/110000-inspection/pc1_0Goh87xOU.jpg!m_fill,w_280,h_210,f_jpg?from=ke.com
20240131,房山,长阳,101118222450,绿地花都苑 3室2厅 南 北,365万,31679元/平,中楼层 (共12层) | 2012年 | 3室2厅 | 115.22平米 | 南 北,https://ke-image.ljcdn.com/110000-inspection/pc1_OWTob4M8t.jpg!m_fill,w_280,h_210,f_jpg?from=ke.com
20240131,房山,长阳,101118221353,首创新悦都二区满五年唯一 户型方正格局好,305万,40489元/平,低楼层 (共18层) 2室1厅 | 75.33平米 | 南 北,https://ke-image.ljcdn.com/110000-inspection/pc1_Y7ktQaJRN.jpg!m_fill,w_280,h_210,f_jpg?from=ke.com
20240131,房山,长阳,101118221099,中粮京西祥云 精装修四居室 人车分流  一梯一户,599万,47646元/平,中楼层 (共18层) | 2016年 | 4室2厅 | 125.72平米 | 南 北,https://ke-image.ljcdn.com/110000-inspection/11387326-2a34-40ad-91dd-f1cf2690228d_1000.jpg!m_fill,w_280,h_210,f_jpg?from=ke.com
20240131,房山,长阳,101118215181,南北通透大两居满五唯一中高楼层视野开阔,330万,29846元/平,中楼层 (共14层) | 2010年 | 2室2厅 | 110.57平米 | 南 北,https://ke-image.ljcdn.com/110000-inspection/pc1_5VTuk7W8H_1.jpg!m_fill,w_280,h_210,f_jpg?from=ke.com
20240131,房山,长阳,101118186719,国际花园4号院   精装修视野好   诚心出售,353万,39610元/平,中楼层 (共18层) 3室2厅 | 89.12平米 | 南 北,https://ke-image.ljcdn.com/110000-inspection/pc1_bPUiqQHYc.jpg!m_fill,w_280,h_210,f_jpg?from=ke.com
20240131,房山,长阳,101118183014,加州水郡三期 3室2厅 南 北,470万,31815元/平,中楼层 (共14层) | 2010年 | 3室2厅 | 147.73平米 | 南 北,https://ke-image.ljcdn.com/110000-inspection/pc1_uImAB9hWJ.jpg!m_fill,w_280,h_210,f_jpg?from=ke.com
20240131,房山,长阳,101118180498,满两年业主换房诚心出售两明卫户型好,400万,30741元/平,底层 (共15层) | 2007年 | 3室2厅 | 130.12平米 | 南 北,https://ke-image.ljcdn.com/110000-inspection/pc1_aqWL9X7mK.jpg!m_fill,w_280,h_210,f_jpg?from=ke.com
20240131,房山,长阳,101118173315,近地铁 南北通透 全明格局 采光充足 视野开阔,253万,27349元/平,高楼层 (共6层) | 2009年 | 2室2厅 | 92.51平米 | 南 北,https://ke-image.ljcdn.com/110000-inspection/pc1_BSRO0loFS_2.jpg!m_fill,w_280,h_210,f_jpg?from=ke.com
20240131,房山,长阳,101118160518,万科.金域缇香 南北通透两居室 满五唯一 看房方便,315万,35521元/平,高楼层 (共17层) 2室1厅 | 88.68平米 | 南 北,https://ke-image.ljcdn.com/110000-inspection/pc1_06L82cmtu_1.jpg!m_fill,w_280,h_210,f_jpg?from=ke.com
20240131,房山,长阳,101118160247,艺林北街22号院 精装修  三居室,350万,35311元/平,低楼层 (共12层) | 2015年 | 3室1厅 | 99.12平米 | 南 北,https://ke-image.ljcdn.com/110000-inspection/pc1_Uu0VOvkI3.jpg!m_fill,w_280,h_210,f_jpg?from=ke.com
20240131,房山,长阳,101118154910,万科新里程59号院 3室1厅 南 北,498万,48548元/平,高楼层 (共12层) | 2015年 | 3室1厅 | 102.58平米 | 南 北,https://ke-image.ljcdn.com/110000-inspection/pc1_2HfXvRmXM.jpg!m_fill,w_280,h_210,f_jpg?from=ke.com
20240131,房山,长阳,101118148125,长阳地铁站南北通透三居室满五唯一业主诚售,385万,43109元/平,中楼层 (共15层) 3室2厅 | 89.31平米 | 南 北,https://ke-image.ljcdn.com/110000-inspection/pc1_pSn33z3k9.jpg!m_fill,w_280,h_210,f_jpg?from=ke.com
20240131,房山,长阳,101118145806,金地朗悦朗园 南北通透 前后无遮挡 明厨明卫 满五唯一,408万,45710元/平,低楼层 (共9层) | 2013年 | 3室1厅 | 89.26平米 | 南 北,https://ke-image.ljcdn.com/110000-inspection/pc1_vQZ3H8jyR.jpg!m_fill,w_280,h_210,f_jpg?from=ke.com
20240131,房山,长阳,101118145595,金隅糖南北通透全明户型高楼层有夹层房主自荐,405万,45046元/平,顶层 (共16层) 4室2厅 | 89.91平米 | 南 北,https://ke-image.ljcdn.com/110000-inspection/pc1_pZKuqXQAt.jpg!m_fill,w_280,h_210,f_jpg?from=ke.com
20240131,房山,长阳,101118144795,万科.金域缇香 满五唯一 大三居  东边户 全明格局房主自荐,465万,40135元/平,顶层 (共20层) | 2014年 | 3室2厅 | 115.86平米 | 南 北,https://ke-image.ljcdn.com/110000-inspection/pc1_f2ShrBVJQ_1.jpg!m_fill,w_280,h_210,f_jpg?from=ke.com
20240131,房山,长阳,101118144674,加州水郡二次装修户型方正三居带产权车位满五唯一房主自荐,323万,35472元/平,低楼层 (共14层) | 2011年 | 3室1厅 | 91.06平米 | 南 北,https://ke-image.ljcdn.com/110000-inspection/pc1_iptxxbsv8.jpg!m_fill,w_280,h_210,f_jpg?from=ke.com
20240131,房山,长阳,101118143609,金地朗悦悦园 南北通透 精装洋房三居,435万,49886元/平,中楼层 (共7层) | 2014年 | 3室1厅 | 87.2平米 | 南 北,https://ke-image.ljcdn.com/110000-inspection/pc1_vSwdk9yDM.jpg!m_fill,w_280,h_210,f_jpg?from=ke.com
20240131,房山,长阳,101118142955,万科金域缇香高楼层户型方正南北通透采光充足,345万,39862元/平,高楼层 (共18层) | 2014年 | 2室1厅 | 86.55平米 | 南 北,https://ke-image.ljcdn.com/110000-inspection/pc1_EOnjoIWw4.jpg!m_fill,w_280,h_210,f_jpg?from=ke.com
20240131,房山,长阳,101118139108,4期 正规3居室南北通透 高楼层 视野好,295万,32195元/平,顶层 (共11层) | 2011年 | 3室1厅 | 91.63平米 | 南 北,https://ke-image.ljcdn.com/110000-inspection/pc1_1d7AOpf7Y_1.jpg!m_fill,w_280,h_210,f_jpg?from=ke.com
20240131,房山,长阳,101118138654,九洲溪雅苑二区 户型方正 南北通透,294万,26626元/平,低楼层 (共14层) | 2009年 | 2室1厅 | 110.42平米 | 南 北,https://ke-image.ljcdn.com/110000-inspection/pc1_ZuQ8KF7b8_1.jpg!m_fill,w_280,h_210,f_jpg?from=ke.com
20240131,房山,长阳,101118137090,长阳国际城二区正规南向两居室采光好,345万,42625元/平,中楼层 (共20层) 2室2厅 | 80.94平米 | 南,https://ke-image.ljcdn.com/110000-inspection/pc1_KwL8jwnM4.jpg!m_fill,w_280,h_210,f_jpg?from=ke.com
20240131,房山,长阳,101118134450,加州样板间户型 南北通透 看房方便 诚意出售房主自荐,319万,36587元/平,中楼层 (共11层) | 2010年 | 3室1厅 | 87.19平米 | 南 北,https://ke-image.ljcdn.com/110000-inspection/pc1_XARkHAyXJ.jpg!m_fill,w_280,h_210,f_jpg?from=ke.com
20240131,房山,长阳,101118128448,格局好诚意出售满五唯一看房方便自住,217万,39920元/平,高楼层 (共28层) 2室1厅 | 54.36平米 | 南,https://ke-image.ljcdn.com/110000-inspection/pc1_zadPmLJ5k_1.jpg!m_fill,w_280,h_210,f_jpg?from=ke.com
20240131,房山,长阳,101118126017,长阳地铁站 长阳国际城二区 南向两居 满五唯一 诚售,300万,37065元/平,底层 (共20层) | 2012年 | 2室1厅 | 80.94平米 | 南,https://ke-image.ljcdn.com/110000-inspection/ef585c04-ca2c-4343-9da6-ec9fb68077b5_1000.jpg!m_fill,w_280,h_210,f_jpg?from=ke.com
20240131,房山,长阳,101118117570,长阳半岛2号院  店长推荐 满五年  南北通透,430万,46000元/平,低楼层 (共9层) 3室1厅 | 93.48平米 | 南 北,https://ke-image.ljcdn.com/110000-inspection/pc1_VuqPvgVfQ_1.jpg!m_fill,w_280,h_210,f_jpg?from=ke.com
20240131,房山,长阳,101118106753,长阳半岛怡和南路8号院...........................,450万,51294元/平,低楼层 (共13层) | 2016年 | 2室1厅 | 87.73平米 | 南,https://ke-image.ljcdn.com/110000-inspection/pc1_KeQ5RGvVq.jpg!m_fill,w_280,h_210,f_jpg?from=ke.com
20240131,房山,长阳,101118102740,长阳半岛怡和南路10号院 3室1厅 南 北,510万,49727元/平,中楼层 (共11层) | 2015年 | 3室1厅 | 102.56平米 | 南 北,https://ke-image.ljcdn.com/110000-inspection/prod-e1686523-1e12-4f59-9d8d-8b96870a3cb7.jpg!m_fill,w_280,h_210,f_jpg?from=ke.com
20240131,房山,长阳,101118096499,南向一居楼层好视野宽阔采光充足配套齐全,230万,34997元/平,中楼层 (共11层) 1室1厅 | 65.72平米 | 南,https://ke-image.ljcdn.com/110000-inspection/pc1_iNZlu3etu.jpg!m_fill,w_280,h_210,f_jpg?from=ke.com
20240131,房山,长阳,101118096173,康泽北区 满五唯一 南北通透两居  采光好 看房方便,279万,36385元/平,中楼层 (共18层) 2室1厅 | 76.68平米 | 南 北,https://ke-image.ljcdn.com/110000-inspection/pc1_ATdSoHf6s.jpg!m_fill,w_280,h_210,f_jpg?from=ke.com
20240131,房山,长阳,101118089868,中铁建 中高楼层 小区中间位置 精装修房主自荐,369万,41142元/平,中楼层 (共18层) | 2014年 | 3室1厅 | 89.69平米 | 南 北,https://ke-image.ljcdn.com/110000-inspection/pc1_ABe5kZvss.jpg!m_fill,w_280,h_210,f_jpg?from=ke.com
20240131,房山,长阳,101118082972,万科物业万科精装修！建成2015年！房龄新！,512万,49922元/平,高楼层 (共11层) | 2015年 | 3室1厅 | 102.56平米 | 南 北,https://ke-image.ljcdn.com/110000-inspection/pc1_ZFYT0RIjQ.jpg!m_fill,w_280,h_210,f_jpg?from=ke.com
20240131,房山,长阳,101118078421,长阳半岛怡和南路8号院 3室1厅 南 北,660万,54272元/平,中楼层 (共14层) | 2016年 | 3室1厅 | 121.61平米 | 南 北,https://ke-image.ljcdn.com/110000-inspection/pc1_GyXaCgH4f_1.jpg!m_fill,w_280,h_210,f_jpg?from=ke.com
20240131,房山,长阳,101118077195,长景新园 一居室 纯南朝向 看房约,215万,39363元/平,中楼层 (共6层) 1室1厅 | 54.62平米 | 南,https://ke-image.ljcdn.com/110000-inspection/pc1_yyKuB4CMp.jpg!m_fill,w_280,h_210,f_jpg?from=ke.com
20240131,房山,长阳,101118073167,此房诚心出售视野宽阔采光充足配套设施齐全,185万,31787元/平,中楼层 (共11层) | 2010年 | 1室1厅 | 58.2平米 | 西北,https://ke-image.ljcdn.com/110000-inspection/pc1_oAnWVJwH6.jpg!m_fill,w_280,h_210,f_jpg?from=ke.com
20240131,房山,长阳,101118073029,邑上公馆 近地铁  房龄新  配套齐全,316万,38688元/平,中楼层 (共6层) | 2014年 | 2室1厅 | 81.68平米 | 南 北,https://ke-image.ljcdn.com/110000-inspection/pc1_Ai23wi6qt.jpg!m_fill,w_280,h_210,f_jpg?from=ke.com
20240131,房山,长阳,101118066546,长阳半岛怡和南路8号院次顶层三居室,535万,52241元/平,高楼层 (共11层) | 2016年 | 3室1厅 | 102.41平米 | 南 北,https://ke-image.ljcdn.com/110000-inspection/pc1_9DX2M1U6F_2.jpg!m_fill,w_280,h_210,f_jpg?from=ke.com
20240131,房山,长阳,101118066310,满五唯一 精装修 全天无遮挡 视野好采光充足,369万,41119元/平,中楼层 (共18层) | 2014年 | 3室1厅 | 89.74平米 | 南 北,https://ke-image.ljcdn.com/110000-inspection/pc1_Tc3vvFuZB.jpg!m_fill,w_280,h_210,f_jpg?from=ke.com
20240131,房山,长阳,101118060426,长阳国际城一区 南向两居室 满五唯一 楼层好 无遮挡房主自荐,333万,41020元/平,低楼层 (共20层) | 2012年 | 2室1厅 | 81.18平米 | 南,https://ke-image.ljcdn.com/110000-inspection/pc1_uku3VT4GM.jpg!m_fill,w_280,h_210,f_jpg?from=ke.com
20240131,房山,长阳,101118054063,碧桂园小区A区  中楼层南北通透三居室,285万,27754元/平,中楼层 (共6层) | 2003年 | 3室2厅 | 102.69平米 | 南 北,https://ke-image.ljcdn.com/110000-inspection/prod-0e7e7682-c0ef-4271-9a77-9949404f8e9b.jpg!m_fill,w_280,h_210,f_jpg?from=ke.com
20240131,房山,长阳,101118053977,康泽佳苑南区两居室业主诚心出售,196万,36650元/平,中楼层 (共28层) | 2014年 | 2室1厅 | 53.48平米 | 西南,https://ke-image.ljcdn.com/110000-inspection/pc1_G1m4L0mlv_1.jpg!m_fill,w_280,h_210,f_jpg?from=ke.com
20240131,房山,长阳,101118051321,西悦欣居 南北通透 高楼层 采光好 视野好,340万,38867元/平,顶层 (共18层) | 2012年 | 2室1厅 | 87.48平米 | 南 北,https://ke-image.ljcdn.com/110000-inspection/pc1_UxcS11eFy_1.jpg!m_fill,w_280,h_210,f_jpg?from=ke.com
20240131,房山,长阳,101118049884,正规3居南北通透户型格局好次顶层！房主自荐,525万,51285元/平,高楼层 (共11层) | 2016年 | 3室1厅 | 102.37平米 | 南 北,https://ke-image.ljcdn.com/110000-inspection/pc1_670j5cmPC.jpg!m_fill,w_280,h_210,f_jpg?from=ke.com
20240131,房山,长阳,101118038916,碧桂园小区C区 视野开阔 诚心出售 户型方正 配套齐全,265万,28637元/平,高楼层 (共16层) | 2007年 | 2室1厅 | 92.54平米 | 南 西 北,https://ke-image.ljcdn.com/110000-inspection/pc1_iGYM7ljlM.jpg!m_fill,w_280,h_210,f_jpg?from=ke.com
20240131,房山,长阳,101118032987,长阳半岛祥云街1号院 明厨明卫居室,345万,38839元/平,低楼层 (共21层) 2室1厅 | 88.83平米 | 西南 北,https://ke-image.ljcdn.com/110000-inspection/pc1_5lzlCUcV2.jpg!m_fill,w_280,h_210,f_jpg?from=ke.com
20240131,房山,长阳,101118026309,长阳半岛怡和南路10号院 2室1厅 南,398万,45585元/平,顶层 (共14层) | 2015年 | 2室1厅 | 87.31平米 | 南,https://ke-image.ljcdn.com/110000-inspection/55a64572-30cf-4faf-afba-940f37c066b6_1000.jpg!m_fill,w_280,h_210,f_jpg?from=ke.com
20240131,房山,长阳,101118019610,满五唯一 精装修 中间楼层 不临街居住安静,332万,37174元/平,低楼层 (共18层) | 2014年 | 3室1厅 | 89.31平米 | 南 北,https://ke-image.ljcdn.com/110000-inspection/pc1_aXTTF8HPM_1.jpg!m_fill,w_280,h_210,f_jpg?from=ke.com
20240131,房山,长阳,101118019199,康泽佳苑南区 2室1厅 南,209万,37877元/平,高楼层 (共22层) 2室1厅 | 55.18平米 | 南,https://ke-image.ljcdn.com/110000-inspection/pc1_zReR4afmU.jpg!m_fill,w_280,h_210,f_jpg?from=ke.com
20240131,房山,长阳,101118011898,祥云街7号院 通透大两居 中高楼层,323万,36260元/平,高楼层 (共21层) | 2012年 | 2室1厅 | 89.08平米 | 东 西,https://ke-image.ljcdn.com/110000-inspection/pc1_7sbOvnjfG_1.jpg!m_fill,w_280,h_210,f_jpg?from=ke.com
20240131,房山,长阳,101118001618,大宁山庄三区C区 业主诚心出售 价格可谈,417万,29581元/平,中楼层 (共5层) | 2004年 | 3室2厅 | 140.97平米 | 南 北,https://ke-image.ljcdn.com/110000-inspection/pc1_Tdgx4DXk6_1.jpg!m_fill,w_280,h_210,f_jpg?from=ke.com
20240131,房山,长阳,101117999976,北京城建·广悦居精装修两居中楼层视野开阔,285万,36054元/平,中楼层 (共22层) 2室1厅 | 79.05平米 | 南,https://ke-image.ljcdn.com/110000-inspection/pc1_7yDXXAzja.jpg!m_fill,w_280,h_210,f_jpg?from=ke.com
20240131,房山,长阳,101117990179,长阳半岛2号院满五年南北通透三居万科开发,458万,48277元/平,高楼层 (共9层) 3室1厅 | 94.87平米 | 南 北,https://ke-image.ljcdn.com/110000-inspection/pc1_jKKBFPWsm_1.jpg!m_fill,w_280,h_210,f_jpg?from=ke.com
20240131,房山,长阳,101117987325,国际花园3号院精装三居室 南北通透房主自荐,325万,36236元/平,中楼层 (共18层) 3室1厅 | 89.69平米 | 南 北,https://ke-image.ljcdn.com/110000-inspection/pc1_5ag7NJysb.jpg!m_fill,w_280,h_210,f_jpg?from=ke.com
20240131,房山,长阳,101117984450,天资华府南北通透大三居双卫边户 看房随时次新房,419万,30902元/平,低楼层 (共19层) | 2015年 | 3室1厅 | 135.59平米 | 南 北,https://ke-image.ljcdn.com/110000-inspection/pc1_3tEaO4SkO_1.jpg!m_fill,w_280,h_210,f_jpg?from=ke.com
20240131,房山,长阳,101117984053,此房满五唯一 业主诚心卖 墅质感很强,470万,32172元/平,中楼层 (共5层) 3室2厅 | 146.09平米 | 南 北,https://ke-image.ljcdn.com/110000-inspection/pc1_cFP9z4Tws.jpg!m_fill,w_280,h_210,f_jpg?from=ke.com
20240131,房山,长阳,101117971700,店长推荐 万年广阳郡九号   好楼层 采光充足 视野开阔,635万,45484元/平,高楼层 (共13层) 3室2厅 | 139.61平米 | 南 北,https://ke-image.ljcdn.com/110000-inspection/pc1_gwzDOhrUo.jpg!m_fill,w_280,h_210,f_jpg?from=ke.com
20240131,房山,长阳,101117967980,碧桂园小区二区南向一居室无遮挡,155万,27299元/平,顶层 (共6层) | 2007年 | 1室1厅 | 56.78平米 | 南,https://ke-image.ljcdn.com/110000-inspection/pc1_WrAH1X04t.jpg!m_fill,w_280,h_210,f_jpg?from=ke.com
20240131,房山,长阳,101117933300,此房户型方正   装修保持好 全天采光  视野开阔房主自荐,418万,48146元/平,中楼层 (共17层) | 2012年 | 2室2厅 | 86.82平米 | 南,https://ke-image.ljcdn.com/110000-inspection/bfa36304-d62d-4f1d-a4cb-ebf31b3acd28_1000.jpg!m_fill,w_280,h_210,f_jpg?from=ke.com
20240131,房山,长阳,101117919515,碧桂园小区C区南北通透两居 满五唯一 落地窗采光好,208万,22492元/平,底层 (共11层) 2室1厅 | 92.48平米 | 南 北,https://ke-image.ljcdn.com/110000-inspection/pc1_YR9FiXFeu.jpg!m_fill,w_280,h_210,f_jpg?from=ke.com
20240131,房山,长阳,101117918850,加州水郡四期 东向两居 高楼层 视野宽阔 采光充足,215万,24275元/平,高楼层 (共15层) 2室1厅 | 88.57平米 | 东,https://ke-image.ljcdn.com/110000-inspection/pc1_tHuSyxr9U.jpg!m_fill,w_280,h_210,f_jpg?from=ke.com
20240131,房山,长阳,101117911196,天资华府 3室1厅 南 北,339万,29379元/平,低楼层 (共18层) | 2017年 | 3室1厅 | 115.39平米 | 南 北,https://ke-image.ljcdn.com/110000-inspection/d9b724cb-9f6b-4792-9c80-86519a49d723_1000.jpg!m_fill,w_280,h_210,f_jpg?from=ke.com
20240131,房山,长阳,101117910971,五矿名品三居室 楼层高 满两年房主自荐,730万,52830元/平,中楼层 (共6层) | 2016年 | 3室2厅 | 138.18平米 | 南 北,https://ke-image.ljcdn.com/110000-inspection/pc1_XAWqxTD4N.jpg!m_fill,w_280,h_210,f_jpg?from=ke.com
20240131,房山,长阳,101117908006,满五年大三居室精装修业主诚心出售看房提前联系,345万,27965元/平,低楼层 (共15层) | 2007年 | 3室2厅 | 123.37平米 | 北 南,https://ke-image.ljcdn.com/110000-inspection/pc1_T7MOlmYbr.jpg!m_fill,w_280,h_210,f_jpg?from=ke.com
20240131,房山,长阳,101117906077,精装一居室视野好无遮挡采光充足交通便利,175万,32705元/平,底层 (共11层) | 2013年 | 1室1厅 | 53.51平米 | 西北,https://ke-image.ljcdn.com/110000-inspection/pc1_tKByE5PoH.jpg!m_fill,w_280,h_210,f_jpg?from=ke.com
20240131,房山,长阳,101117902435,五矿名品上跃7.6米挑高业主诚意出售,710万,51973元/平,顶层 (共6层) 3室2厅 | 136.61平米 | 南 北,https://ke-image.ljcdn.com/110000-inspection/pc1_EfgPHihq8.jpg!m_fill,w_280,h_210,f_jpg?from=ke.com
20240131,房山,长阳,101117898735,万科品质 诚心出售  南北通透 高楼层视野好,415万,44211元/平,顶层 (共10层) | 2014年 | 3室1厅 | 93.87平米 | 南 北,https://ke-image.ljcdn.com/110000-inspection/pc1_F2sR15SqK_2.jpg!m_fill,w_280,h_210,f_jpg?from=ke.com
20240131,房山,长阳,101117898425,新里程 好位置 好楼层 无遮挡,506万,49328元/平,中楼层 (共12层) | 2015年 | 3室2厅 | 102.58平米 | 南 北,https://ke-image.ljcdn.com/110000-inspection/afc14156-b0bd-4c0e-9d8d-5f5253929252_1000.jpg!m_fill,w_280,h_210,f_jpg?from=ke.com
20240131,房山,长阳,101117893505,中粮京西祥云 满两年 全新房 一天没住过 精装修,589万,46769元/平,低楼层 (共18层) 3室1厅 | 125.94平米 | 南 北,https://ke-image.ljcdn.com/110000-inspection/pc1_mNMNqSmYF.jpg!m_fill,w_280,h_210,f_jpg?from=ke.com
20240131,房山,长阳,101117881497,加州水郡纯南向2居室 位置好 楼层好,237万,27642元/平,中楼层 (共15层) 2室1厅 | 85.74平米 | 南,https://ke-image.ljcdn.com/110000-inspection/pc1_JeS23su80.jpg!m_fill,w_280,h_210,f_jpg?from=ke.com
20240131,房山,长阳,101117878986,中粮京西祥云 4室1厅 南 北,800万,58609元/平,中楼层 (共17层) | 2018年 | 4室1厅 | 136.5平米 | 南 北,https://ke-image.ljcdn.com/110000-inspection/pc1_AamQItP8d_1.jpg!m_fill,w_280,h_210,f_jpg?from=ke.com
20240131,房山,长阳,101117878609,全南户型中高楼层采光无遮挡,269万,29561元/平,中楼层 (共15层) | 2009年 | 2室1厅 | 91平米 | 南,https://ke-image.ljcdn.com/110000-inspection/pc1_auk8wVG4l.jpg!m_fill,w_280,h_210,f_jpg?from=ke.com
20240131,房山,长阳,101117872097,九洲溪雅苑二区 精装修 大两居户型方正,323万,30117元/平,低楼层 (共14层) | 2009年 | 2室1厅 | 107.25平米 | 南 北,https://ke-image.ljcdn.com/110000-inspection/pc1_5GQLCWOBD_1.jpg!m_fill,w_280,h_210,f_jpg?from=ke.com
20240131,房山,长阳,101117870625,加州急售三居位置好方便看房,299万,23797元/平,底层 (共11层) 3室1厅 | 125.65平米 | 东 西 北,https://ke-image.ljcdn.com/110000-inspection/pc1_2F2lNBH8g.jpg!m_fill,w_280,h_210,f_jpg?from=ke.com
20240131,房山,长阳,101117863427,万科新里程55号院南向精装修自住,398万,45279元/平,低楼层 (共8层) 2室1厅 | 87.9平米 | 南,https://ke-image.ljcdn.com/110000-inspection/a31a5b8d-44f9-49e7-86d6-537811ddb40a_1000.jpg!m_fill,w_280,h_210,f_jpg?from=ke.com
20240131,房山,长阳,101117857916,建邦华庭西区 3室2厅 南 北房主自荐,542万,45261元/平,低楼层 (共9层) | 2014年 | 3室2厅 | 119.75平米 | 南 北,https://ke-image.ljcdn.com/110000-inspection/pc1_rbLu0VH33.jpg!m_fill,w_280,h_210,f_jpg?from=ke.com
20240131,房山,长阳,101117850081,长景新园 方正户型 采光充裕 设施齐全 交通便利,225万,46164元/平,中楼层 (共11层) | 2011年 | 1室0厅 | 48.74平米 | 南,https://ke-image.ljcdn.com/110000-inspection/pc1_U8JxstCuI.jpg!m_fill,w_280,h_210,f_jpg?from=ke.com
20240131,房山,长阳,101117846753,满五年看房方便小区中间位置,398万,45253元/平,低楼层 (共9层) 3室1厅 | 87.95平米 | 南 北,https://ke-image.ljcdn.com/110000-inspection/pc1_08NKn2EYu.jpg!m_fill,w_280,h_210,f_jpg?from=ke.com
20240131,房山,长阳,101117845012,东向一居室精装修高楼层视野好。,212万,32431元/平,高楼层 (共22层) 1室1厅 | 65.37平米 | 东,https://ke-image.ljcdn.com/110000-inspection/pc1_nNQNl7SNc.jpg!m_fill,w_280,h_210,f_jpg?from=ke.com
20240131,房山,长阳,101117844847,万科精装南北三居室高楼层 无遮挡 视野好 满五唯一,530万,51678元/平,中楼层 (共11层) | 2015年 | 3室1厅 | 102.56平米 | 南 北,https://ke-image.ljcdn.com/110000-inspection/prod-fe132c55-43e3-48df-a5a0-5ff60b0e6459.jpg!m_fill,w_280,h_210,f_jpg?from=ke.com
20240131,房山,长阳,101117839931,大宁山庄四区 南北通透 精装修 全明格局 可设计,285万,32091元/平,顶层 (共6层) | 2013年 | 2室2厅 | 88.81平米 | 南 北,https://ke-image.ljcdn.com/110000-inspection/pc1_nnYWiDehr_1.jpg!m_fill,w_280,h_210,f_jpg?from=ke.com
20240131,房山,长阳,101117837746,加州水郡四期 正规南向一居室 满五唯一 带电梯房主自荐,213万,32411元/平,低楼层 (共11层) | 2012年 | 1室1厅 | 65.72平米 | 南,https://ke-image.ljcdn.com/110000-inspection/pc1_dHIMit2To_1.jpg!m_fill,w_280,h_210,f_jpg?from=ke.com
20240131,房山,长阳,101117833233,万科金域缇香精装修南北双通透全明格局诚心出售,500万,43156元/平,中楼层 (共20层) | 2014年 | 3室1厅 | 115.86平米 | 南 北,https://ke-image.ljcdn.com/110000-inspection/prod-b13e16f0-2a7b-47df-84b8-5d62d870aae4.jpg!m_fill,w_280,h_210,f_jpg?from=ke.com
20240131,房山,长阳,101117831771,长阳半岛2号院 南北通透三居室 精装修,495万,53055元/平,中楼层 (共9层) 3室1厅 | 93.3平米 | 南 北,https://ke-image.ljcdn.com/110000-inspection/pc1_WbARSwzas_1.jpg!m_fill,w_280,h_210,f_jpg?from=ke.com
20240131,房山,长阳,101117827282,碧桂园小区C区 南北两居室 有电梯 一梯两户,296万,32046元/平,高楼层 (共11层) 2室1厅 | 92.37平米 | 南 北,https://ke-image.ljcdn.com/110000-inspection/prod-40c50450-6afe-49ee-8536-8ee02e4f74bc.jpg!m_fill,w_280,h_210,f_jpg?from=ke.com
20240131,房山,长阳,101117819778,加州水郡三期 2室1厅 南 北,256万,30300元/平,低楼层 (共15层) 2室1厅 | 84.49平米 | 南 北,https://ke-image.ljcdn.com/110000-inspection/pc1_HubLUCD5R.jpg!m_fill,w_280,h_210,f_jpg?from=ke.com
20240131,房山,长阳,101117806864,长景新园南北通透满五唯一低楼层诚心出售看房方便,280万,35101元/平,低楼层 (共6层) | 2011年 | 2室1厅 | 79.77平米 | 南 北,https://ke-image.ljcdn.com/110000-inspection/pc1_bS9WxYxYz_1.jpg!m_fill,w_280,h_210,f_jpg?from=ke.com
20240131,房山,长阳,101117793837,世茂维拉三居室 精装修 近地铁 满五唯一,372万,36942元/平,中楼层 (共12层) | 2015年 | 3室1厅 | 100.7平米 | 南 北,https://ke-image.ljcdn.com/110000-inspection/pc1_BxgCIxsfI.jpg!m_fill,w_280,h_210,f_jpg?from=ke.com
20240131,房山,长阳,101117774558,高层U8改善户型 边户 精装修 拎包入住,730万,44440元/平,高楼层 (共15层) 3室2厅 | 164.27平米 | 南 北,https://ke-image.ljcdn.com/110000-inspection/pc1_d7DeV6I0L.jpg!m_fill,w_280,h_210,f_jpg?from=ke.com
20240131,房山,长阳,101117772394,万科新里程57号院 地铁良乡大学城北  熙悦天街,365万,41127元/平,中楼层 (共9层) 2室1厅 | 88.75平米 | 南 北,https://ke-image.ljcdn.com/110000-inspection/00e0224f-dfd1-4817-b1b9-588c4b40bf66_1000.jpg!m_fill,w_280,h_210,f_jpg?from=ke.com
20240131,房山,长阳,101117766819,此房满五唯一 仅契税节省购房成本采光充足 南北两居室,273万,29642元/平,中楼层 (共11层) | 2007年 | 2室1厅 | 92.1平米 | 南 北,https://ke-image.ljcdn.com/110000-inspection/pc1_TeYXhHwrc.jpg!m_fill,w_280,h_210,f_jpg?from=ke.com
20240131,房山,长阳,101117762597,北京城建·广悦居 2室1厅 南 北,300万,35791元/平,高楼层 (共23层) | 2016年 | 2室1厅 | 83.82平米 | 南 北,https://ke-image.ljcdn.com/110000-inspection/pc1_uy5nuGOKP.jpg!m_fill,w_280,h_210,f_jpg?from=ke.com
20240131,房山,长阳,101117760669,国际花园2号院满五精装两居室诚心出售,289万,38147元/平,中楼层 (共18层) | 2014年 | 2室1厅 | 75.76平米 | 南 北,https://ke-image.ljcdn.com/110000-inspection/pc1_bZek71B4k.jpg!m_fill,w_280,h_210,f_jpg?from=ke.com
20240131,房山,长阳,101117757357,北京城建·广悦居 精装两居 无遮挡 诚意出售 保持好,253万,30571元/平,底层 (共23层) | 2016年 | 2室1厅 | 82.76平米 | 南 北,https://ke-image.ljcdn.com/110000-inspection/pc1_l0II6HBSE_1.jpg!m_fill,w_280,h_210,f_jpg?from=ke.com
20240131,房山,长阳,101117755761,店长推荐 精装科技住宅 五恒系统 全明格局 好楼层,680万,48729元/平,高楼层 (共12层) | 2017年 | 3室1厅 | 139.55平米 | 南 北,https://ke-image.ljcdn.com/110000-inspection/a6d7283c-2077-41a9-81f7-f183457a38a0_1000.jpg!m_fill,w_280,h_210,f_jpg?from=ke.com
20240131,房山,长阳,101117753133,天泰新景  精装修  低楼层三居室,328万,30660元/平,低楼层 (共6层) | 2003年 | 3室1厅 | 106.98平米 | 南 北,https://ke-image.ljcdn.com/110000-inspection/pc1_noop7C1pt_1.jpg!m_fill,w_280,h_210,f_jpg?from=ke.com
20240131,房山,长阳,101117752822,祥云街3号院   长阳半岛3号院,468万,45464元/平,低楼层 (共18层) | 2013年 | 3室1厅 | 102.94平米 | 东南,https://ke-image.ljcdn.com/110000-inspection/pc1_0WigN4E02.jpg!m_fill,w_280,h_210,f_jpg?from=ke.com
20240131,房山,长阳,101117746443,原香小镇二区 电梯洋房两居室 南北通透中间楼层,335万,39237元/平,中楼层 (共6层) | 2010年 | 2室1厅 | 85.38平米 | 南 北,https://ke-image.ljcdn.com/110000-inspection/4ae0c5f5-f895-481e-867f-55dc1fda848a_1000.jpg!m_fill,w_280,h_210,f_jpg?from=ke.com
20240131,房山,长阳,101117714219,加州水郡四期 南向正规一居 满五唯一 中间楼层 采光好,223万,34904元/平,中楼层 (共15层) | 2011年 | 1室1厅 | 63.89平米 | 南,https://ke-image.ljcdn.com/110000-inspection/pc1_W07h6nisd.jpg!m_fill,w_280,h_210,f_jpg?from=ke.com
20240131,房山,长阳,101117707208,原香小镇二区正规南北通透两居室双阳台只有契税随时看房主自荐,330万,38502元/平,中楼层 (共6层) | 2010年 | 2室1厅 | 85.71平米 | 南 北,https://ke-image.ljcdn.com/110000-inspection/pc1_ToQOovJaa.jpg!m_fill,w_280,h_210,f_jpg?from=ke.com
20240131,房山,长阳,101117699349,房山长阳篱笆房国际花园3号院,518万,40284元/平,低楼层 (共18层) 3室2厅 | 128.59平米 | 南 北,https://ke-image.ljcdn.com/110000-inspection/f94eec57-a598-4e4b-a405-39be791e87b9_1000.jpg!m_fill,w_280,h_210,f_jpg?from=ke.com
20240131,房山,长阳,101117696356,长阳半岛怡和南路10号院 3室1厅 南 北,485万,47239元/平,低楼层 (共11层) | 2015年 | 3室1厅 | 102.67平米 | 南 北,https://ke-image.ljcdn.com/110000-inspection/pc1_1hmiv65ue_1.jpg!m_fill,w_280,h_210,f_jpg?from=ke.com
20240131,房山,长阳,101117669602,长阳半岛怡和南路10号院 3室1厅 南 北,530万,51164元/平,高楼层 (共9层) | 2015年 | 3室1厅 | 103.59平米 | 南 北,https://ke-image.ljcdn.com/110000-inspection/pc1_CstigelWI_1.jpg!m_fill,w_280,h_210,f_jpg?from=ke.com
20240131,房山,长阳,101117662161,长景新园近地铁南北通透中间楼层落地窗采光好,330万,35446元/平,中楼层 (共11层) 2室1厅 | 93.1平米 | 南 北,https://ke-image.ljcdn.com/110000-inspection/pc1_5j9NKoMfF.jpg!m_fill,w_280,h_210,f_jpg?from=ke.com
20240131,房山,长阳,101117658205,金隅畅和园9号院 满五唯一 高楼层 精装两居 生活方便房主自荐,260万,32291元/平,高楼层 (共22层) 2室1厅 | 80.52平米 | 东 西,https://ke-image.ljcdn.com/110000-inspection/705c3372-2467-47f0-8a48-248cd12af22a_1000.jpg!m_fill,w_280,h_210,f_jpg?from=ke.com
20240131,房山,长阳,101117654819,长阳国际城三区 满五年 全明格局,369万,41322元/平,低楼层 (共15层) 3室1厅 | 89.3平米 | 南 北,https://ke-image.ljcdn.com/110000-inspection/pc1_zhXZsTpb8.jpg!m_fill,w_280,h_210,f_jpg?from=ke.com
20240131,房山,长阳,101117648158,万科金域缇香精装修明厨明卫两居室高楼层诚心出售,370万,40332元/平,高楼层 (共18层) | 2015年 | 2室1厅 | 91.74平米 | 南,https://ke-image.ljcdn.com/110000-inspection/pc1_cINMZBjLr_1.jpg!m_fill,w_280,h_210,f_jpg?from=ke.com
20240131,房山,长阳,101117618718,此房满五唯一南北户型精装修视野采光好,219万,25796元/平,顶层 (共6层) | 2007年 | 2室1厅 | 84.9平米 | 南 北,https://ke-image.ljcdn.com/110000-inspection/pc1_p2iO3p3V4.jpg!m_fill,w_280,h_210,f_jpg?from=ke.com
20240131,房山,长阳,101117591400,近地铁 交通方便 带电梯 满五唯一 户型方正,180万,29572元/平,中楼层 (共13层) | 2015年 | 1室1厅 | 60.87平米 | 西,https://ke-image.ljcdn.com/110000-inspection/pc1_emwDPeqcv.jpg!m_fill,w_280,h_210,f_jpg?from=ke.com
20240131,房山,长阳,101117587450,长景新园 1室1厅 南 北,259万,47436元/平,中楼层 (共6层) | 2011年 | 1室1厅 | 54.6平米 | 南 北,https://ke-image.ljcdn.com/110000-inspection/pc1_Au7CDzbW2.jpg!m_fill,w_280,h_210,f_jpg?from=ke.com
20240131,房山,长阳,101117581607,碧桂园小区C区 3室2厅 南 北,349万,28335元/平,低楼层 (共15层) 3室2厅 | 123.17平米 | 南 北,https://ke-image.ljcdn.com/110000-inspection/pc1_oD4PmwFJf_2.jpg!m_fill,w_280,h_210,f_jpg?from=ke.com
20240131,房山,长阳,101117580685,加州大两居 20万精装修 拎包入住 独享7.8平落地大阳台,305万,32870元/平,低楼层 (共14层) | 2010年 | 2室1厅 | 92.79平米 | 南 西,https://ke-image.ljcdn.com/110000-inspection/pc1_bi6ynHPJb.jpg!m_fill,w_280,h_210,f_jpg?from=ke.com
20240131,房山,长阳,101117575126,加州三期 二次装修精致一居 中高层明厨明卫 看房随时房主自荐,212万,37543元/平,高楼层 (共15层) | 2010年 | 1室1厅 | 56.47平米 | 东北,https://ke-image.ljcdn.com/110000-inspection/4d2fec60-ad51-4a24-b754-e9e4ba93ca19_1000.jpg!m_fill,w_280,h_210,f_jpg?from=ke.com
20240131,房山,长阳,101117574144,金地朗悦朗园南北通透中高楼层前后无遮挡,460万,51478元/平,中楼层 (共8层) | 2013年 | 3室1厅 | 89.36平米 | 南 北,https://ke-image.ljcdn.com/110000-inspection/2ade08d1-64b6-4966-8b3c-e0b09faebb21_1000.jpg!m_fill,w_280,h_210,f_jpg?from=ke.com
20240131,房山,长阳,101117571047,京投万科金域公园、精装修、明厨明卫两居室,380万,43835元/平,底层 (共10层) | 2015年 | 2室1厅 | 86.69平米 | 南 西 北,https://ke-image.ljcdn.com/110000-inspection/pc1_JZnBTadzn_2.jpg!m_fill,w_280,h_210,f_jpg?from=ke.com
20240131,房山,长阳,101117565109,九洲南北通透三居 满5唯一 全明格局视野开阔 看房方便,445万,26270元/平,中楼层 (共15层) 3室1厅 | 169.4平米 | 南 西 北,https://ke-image.ljcdn.com/110000-inspection/pc1_pCQxU49Jc_1.jpg!m_fill,w_280,h_210,f_jpg?from=ke.com
20240131,房山,长阳,101117563949,满五唯一诚心出售高楼层随时签约,252万,31169元/平,高楼层 (共14层) | 2015年 | 2室1厅 | 80.85平米 | 东 西,https://ke-image.ljcdn.com/110000-inspection/pc1_leZEadMIQ_2.jpg!m_fill,w_280,h_210,f_jpg?from=ke.com
20240131,房山,长阳,101117562844,长龙苑小区 南北通透 高层采光充足 两居室房主自荐,230万,28270元/平,顶层 (共6层) | 2006年 | 2室2厅 | 81.36平米 | 南 北,https://ke-image.ljcdn.com/110000-inspection/pc1_KjvdlygZ8.jpg!m_fill,w_280,h_210,f_jpg?from=ke.com
20240131,房山,长阳,101117557547,满五年唯一 有花园 地下室产权车位 二次装修 中间位置,399万,46837元/平,底层 (共10层) 2室1厅 | 85.19平米 | 南 北,https://ke-image.ljcdn.com/110000-inspection/c2a652cb-21ce-4586-9233-24de160a8089_1000.jpg!m_fill,w_280,h_210,f_jpg?from=ke.com
20240131,房山,长阳,101117555535,万科精装修一居室 诚心出售 随时可以看,340万,48378元/平,底层 (共11层) | 2015年 | 1室1厅 | 70.28平米 | 南,https://ke-image.ljcdn.com/110000-inspection/pc1_g3yohPM1m.jpg!m_fill,w_280,h_210,f_jpg?from=ke.com
20240131,房山,长阳,101117523809,邑上公馆 南北通透精装两居室 无遮挡 视线好只有契税房主自荐,275万,33867元/平,低楼层 (共6层) | 2014年 | 2室1厅 | 81.2平米 | 南 北,https://ke-image.ljcdn.com/110000-inspection/pc1_PzmvXSzHA.jpg!m_fill,w_280,h_210,f_jpg?from=ke.com
20240131,房山,长阳,101117509532,天资华府南北三居室 新小区 有电梯 临近长阳公园,416万,30921元/平,低楼层 (共18层) | 2015年 | 3室2厅 | 134.54平米 | 南 北,https://ke-image.ljcdn.com/110000-inspection/pc1_HSIR4DhwW.jpg!m_fill,w_280,h_210,f_jpg?from=ke.com
20240131,房山,长阳,101117493259,国际花园3号院  三居室 满五唯一 精装修 高楼层房主自荐,350万,38954元/平,顶层 (共18层) | 2014年 | 3室1厅 | 89.85平米 | 南 北,https://ke-image.ljcdn.com/110000-inspection/pc1_WIw3Zyu74.jpg!m_fill,w_280,h_210,f_jpg?from=ke.com
20240131,房山,长阳,101117469692,万年广阳郡九号 南北通透 中间楼层 采光好视野开阔,750万,44940元/平,中楼层 (共7层) 3室1厅 | 166.89平米 | 南 北,https://ke-image.ljcdn.com/110000-inspection/pc1_Wtsk4IqNp.jpg!m_fill,w_280,h_210,f_jpg?from=ke.com
20240131,房山,长阳,101117462760,长阳地铁站南北双通透三居室满五唯一自住精装房主自荐,385万,43298元/平,底层 (共20层) | 2012年 | 3室2厅 | 88.92平米 | 南 北,https://ke-image.ljcdn.com/110000-inspection/pc1_2foNzLyS0_1.jpg!m_fill,w_280,h_210,f_jpg?from=ke.com
20240131,房山,长阳,101117444582,加州水郡 高楼层 视野好 位置好,259万,29530元/平,高楼层 (共14层) 2室1厅 | 87.71平米 | 东北,https://ke-image.ljcdn.com/110000-inspection/pc1_HK0iummPm.jpg!m_fill,w_280,h_210,f_jpg?from=ke.com
20240131,房山,长阳,101117432645,金地朗悦悦园 经典西南北户型 精装三居,495万,50341元/平,中楼层 (共11层) 3室1厅 | 98.33平米 | 西 南 北,https://ke-image.ljcdn.com/110000-inspection/pc1_UZKEycRhn.jpg!m_fill,w_280,h_210,f_jpg?from=ke.com
20240131,房山,长阳,101117425755,大宁山庄四区电梯洋房近西门五环高速入口附近,530万,36407元/平,低楼层 (共6层) 3室2厅 | 145.58平米 | 南 北,https://ke-image.ljcdn.com/110000-inspection/pc1_zAK7sT31J.jpg!m_fill,w_280,h_210,f_jpg?from=ke.com
20240131,房山,长阳,101117409231,长龙苑小区 业主诚心出售 价格可以谈,216万,23385元/平,顶层 (共6层) | 2000年 | 3室1厅 | 92.37平米 | 南 北,https://ke-image.ljcdn.com/110000-inspection/pc1_93jXihVCn.jpg!m_fill,w_280,h_210,f_jpg?from=ke.com
20240131,房山,长阳,101117407040,天泰新景 3室1厅 南 西 北,320万,28871元/平,底层 (共6层) | 2005年 | 3室1厅 | 110.84平米 | 南 西 北,https://ke-image.ljcdn.com/110000-inspection/pc1_RBO3kWKNd.jpg!m_fill,w_280,h_210,f_jpg?from=ke.com
20240131,房山,长阳,101117389604,长阳国际城三区精装三居业主诚意出售,359万,40433元/平,低楼层 (共15层) | 2012年 | 3室1厅 | 88.79平米 | 南 北,https://ke-image.ljcdn.com/110000-inspection/pc1_IogJ8pDLY.jpg!m_fill,w_280,h_210,f_jpg?from=ke.com
20240131,房山,长阳,101117380634,金地朗悦朗园东南北三居室高楼层诚心出售,500万,51997元/平,中楼层 (共8层) | 2013年 | 3室1厅 | 96.16平米 | 南 北,https://ke-image.ljcdn.com/110000-inspection/pc1_1EcIvt5i4_1.jpg!m_fill,w_280,h_210,f_jpg?from=ke.com
20240131,房山,长阳,101117379245,万年广阳郡九号 采光充足 全明格局 五恒科技住宅,638万,45765元/平,低楼层 (共12层) | 2018年 | 3室1厅 | 139.41平米 | 南 北,https://ke-image.ljcdn.com/110000-inspection/pc1_Vm70pYCmO.jpg!m_fill,w_280,h_210,f_jpg?from=ke.com
20240131,房山,长阳,101117370261,中粮京西祥云 精装修 新风系统 中央空调 智能科技住宅,545万,47586元/平,低楼层 (共16层) 3室1厅 | 114.53平米 | 南 北,https://ke-image.ljcdn.com/110000-inspection/pc1_OEHvEmaa1.jpg!m_fill,w_280,h_210,f_jpg?from=ke.com
20240131,房山,长阳,101117370209,原香小镇二区 2室2厅 南 北,336万,39345元/平,顶层 (共6层) | 2011年 | 2室2厅 | 85.4平米 | 南 北,https://ke-image.ljcdn.com/110000-inspection/pc1_mTxtqZnaw_2.jpg!m_fill,w_280,h_210,f_jpg?from=ke.com
20240131,房山,长阳,101117365410,南北通透两居 视线好 满五唯一 只有契税 看房有钥匙房主自荐,223万,23174元/平,顶层 (共6层) | 2009年 | 2室1厅 | 96.23平米 | 南 北,https://ke-image.ljcdn.com/110000-inspection/pc1_BYBeWVwbN.jpg!m_fill,w_280,h_210,f_jpg?from=ke.com
20240131,房山,长阳,101117324896,长阳国际城三区满五唯一中高楼层采光视野好,340万,38113元/平,高楼层 (共15层) | 2012年 | 3室1厅 | 89.21平米 | 南 北,https://ke-image.ljcdn.com/110000-inspection/pc1_MJU2eOEOf.jpg!m_fill,w_280,h_210,f_jpg?from=ke.com
20240131,房山,长阳,101117304559,房山 长阳  篱笆房  首创新悦都二区,299万,42575元/平,顶层 (共8层) | 2014年 | 2室1厅 | 70.23平米 | 东南 西北,https://ke-image.ljcdn.com/110000-inspection/pc1_FYX1Vp4ku_1.jpg!m_fill,w_280,h_210,f_jpg?from=ke.com
20240131,房山,长阳,101117280867,长景新园南向一居室满两年有电梯户型方正,229万,34395元/平,低楼层 (共12层) 1室1厅 | 66.58平米 | 南,https://ke-image.ljcdn.com/110000-inspection/pc1_00tZbDPZN_1.jpg!m_fill,w_280,h_210,f_jpg?from=ke.com
20240131,房山,长阳,101117259507,适合改善 精装 国誉府 视野开阔 满两年,768万,47108元/平,顶层 (共19层) | 2017年 | 4室2厅 | 163.03平米 | 南 北,https://ke-image.ljcdn.com/110000-inspection/ac566bf2-fbdd-4dc6-8a31-8468ae9b363e_1000.jpg!m_fill,w_280,h_210,f_jpg?from=ke.com
20240131,房山,长阳,101117247615,加州水郡全南向一居室采光好业主诚心出售。,180万,30712元/平,顶层 (共15层) | 2009年 | 1室1厅 | 58.61平米 | 南,https://ke-image.ljcdn.com/110000-inspection/pc1_Ql2t96rw0.jpg!m_fill,w_280,h_210,f_jpg?from=ke.com
20240131,房山,长阳,101117235976,北京城建·广悦居 南北两居 诚心出售,255万,31634元/平,低楼层 (共24层) 2室1厅 | 80.61平米 | 南 北,https://ke-image.ljcdn.com/110000-inspection/a5cba7e8-9a99-4d26-840d-326c990ef1bb_1000.jpg!m_fill,w_280,h_210,f_jpg?from=ke.com
20240131,房山,长阳,101117234726,东西向一居 满五年唯一住宅距离地铁近,198万,30092元/平,低楼层 (共22层) | 2016年 | 1室1厅 | 65.8平米 | 西,https://ke-image.ljcdn.com/110000-inspection/pc1_vyn2VUxwk_1.jpg!m_fill,w_280,h_210,f_jpg?from=ke.com
20240131,房山,长阳,101117232327,近地铁 精装修 南北通透 一梯两户 采光充足,375万,31329元/平,中楼层 (共6层) | 2008年 | 3室2厅 | 119.7平米 | 南 北,https://ke-image.ljcdn.com/110000-inspection/pc1_sqsX2fEjt.jpg!m_fill,w_280,h_210,f_jpg?from=ke.com
20240131,房山,长阳,101117205341,邑上公馆 2室1厅 南 北,318万,38933元/平,低楼层 (共6层) | 2014年 | 2室1厅 | 81.68平米 | 南 北,https://ke-image.ljcdn.com/110000-inspection/pc1_Rg5CuGBTV.jpg!m_fill,w_280,h_210,f_jpg?from=ke.com
20240131,房山,长阳,101117187885,万科新里程57号院 2室1厅 南 北,360万,40757元/平,底层 (共10层) | 2013年 | 2室1厅 | 88.33平米 | 南 北,https://ke-image.ljcdn.com/110000-inspection/prod-3da89cd9-e829-4ea7-9d4f-25560459e3bd.jpg!m_fill,w_280,h_210,f_jpg?from=ke.com
20240131,房山,长阳,101117187002,国际花园3号院 南北通透 双卧朝南精装修  满五唯一,530万,40592元/平,底层 (共18层) | 2014年 | 3室1厅 | 130.57平米 | 北 南,https://ke-image.ljcdn.com/110000-inspection/prod-273d82f9-9cbc-4fb3-8f2b-0cef04f1d86d.jpg!m_fill,w_280,h_210,f_jpg?from=ke.com
20240131,房山,长阳,101117185756,万科.金域缇香 看房提前约 诚心出售房主自荐,229万,36315元/平,底层 (共17层) | 2014年 | 1室1厅 | 63.06平米 | 南,https://ke-image.ljcdn.com/110000-inspection/pc1_Rdi2ZFsNJ.jpg!m_fill,w_280,h_210,f_jpg?from=ke.com
20240131,房山,长阳,101117184125,大宁山庄四区低密洋房高楼层采光视野好精装修房主自荐,330万,32661元/平,高楼层 (共6层) | 2013年 | 2室1厅 | 101.04平米 | 南 北,https://ke-image.ljcdn.com/110000-inspection/pc1_6sQJP7n4u_2.jpg!m_fill,w_280,h_210,f_jpg?from=ke.com
20240131,房山,长阳,101117179682,合景领峰8号院 中间楼层 自住精装修,530万,44927元/平,高楼层 (共8层) | 2015年 | 4室1厅 | 117.97平米 | 南 北,https://ke-image.ljcdn.com/110000-inspection/pc1_0LIiRTngR.jpg!m_fill,w_280,h_210,f_jpg?from=ke.com
20240131,房山,长阳,101117165406,加州水郡三期 2016年业主精装修自住 拎包入住房主自荐,252万,30216元/平,底层 (共14层) | 2010年 | 2室1厅 | 83.4平米 | 南 北,https://ke-image.ljcdn.com/110000-inspection/pc1_z2orcmKm2_2.jpg!m_fill,w_280,h_210,f_jpg?from=ke.com
20240131,房山,长阳,101117164657,全明一梯一户大三居视野开阔采光足随时可看房房主自荐,448万,30895元/平,高楼层 (共14层) 3室2厅 | 145.01平米 | 西 南 北,https://ke-image.ljcdn.com/110000-inspection/e35a9cc1-7c60-42ae-8059-1420141c423a_1000.jpg!m_fill,w_280,h_210,f_jpg?from=ke.com
20240131,房山,长阳,101117156742,加州水郡四期 南向一居室 采光好 无遮挡 配套齐全,200万,30433元/平,底层 (共11层) | 2012年 | 1室1厅 | 65.72平米 | 南,https://ke-image.ljcdn.com/110000-inspection/pc1_HdFg1GBvb_2.jpg!m_fill,w_280,h_210,f_jpg?from=ke.com
20240131,房山,长阳,101117140577,邑上公馆 满五唯一 精装修南北通透两居室房主自荐,348万,37236元/平,中楼层 (共4层) | 2014年 | 2室1厅 | 93.46平米 | 南 北,https://ke-image.ljcdn.com/110000-inspection/pc1_zzvWsfyLO.jpg!m_fill,w_280,h_210,f_jpg?from=ke.com
20240131,房山,长阳,101117135850,金隅畅和园9号院 精装修两居室诚意出售,288万,36438元/平,高楼层 (共21层) 2室1厅 | 79.04平米 | 西 北,https://ke-image.ljcdn.com/110000-inspection/pc1_nCsnWLSAg.jpg!m_fill,w_280,h_210,f_jpg?from=ke.com
20240131,房山,长阳,101117127944,高楼层 精装修 南北通透 两居 满五唯一,275万,34209元/平,高楼层 (共21层) | 2016年 | 2室1厅 | 80.39平米 | 南 北,https://ke-image.ljcdn.com/110000-inspection/pc1_usr3Crm1h.jpg!m_fill,w_280,h_210,f_jpg?from=ke.com
20240131,房山,长阳,101117125884,金隅糖 精装全明三居室 南北通透 采光足 视野好房主自荐,415万,46333元/平,低楼层 (共10层) | 2017年 | 3室1厅 | 89.57平米 | 南 北,https://ke-image.ljcdn.com/110000-inspection/pc1_cUFF7L66n.jpg!m_fill,w_280,h_210,f_jpg?from=ke.com
20240131,房山,长阳,101117108827,此房满五唯一中高楼层视野好业主诚心出售,153万,36162元/平,高楼层 (共28层) | 2014年 | 1室1厅 | 42.31平米 | 西南,https://ke-image.ljcdn.com/110000-inspection/pc1_8oIH1eoxg.jpg!m_fill,w_280,h_210,f_jpg?from=ke.com
20240131,房山,长阳,101117095934,近地铁 南北通透两居室  高楼层视野开阔 阳光照射充足,345万,39587元/平,高楼层 (共21层) | 2013年 | 2室1厅 | 87.15平米 | 南 北,https://ke-image.ljcdn.com/110000-inspection/pc1_NmD89Afns.jpg!m_fill,w_280,h_210,f_jpg?from=ke.com
20240131,房山,长阳,101117094315,加州水郡四期 正规南向一居室 视野开阔 采光好,223万,33932元/平,顶层 (共11层) | 2011年 | 1室1厅 | 65.72平米 | 南,https://ke-image.ljcdn.com/110000-inspection/pc1_HRSvPe1jK.jpg!m_fill,w_280,h_210,f_jpg?from=ke.com
20240131,房山,长阳,101117081513,满五唯一九洲溪雅苑四居室。诚心出售..,610万,27735元/平,中楼层 (共13层) | 2009年 | 4室2厅 | 219.94平米 | 北 南,https://ke-image.ljcdn.com/110000-inspection/pc1_1py09SBbE.jpg!m_fill,w_280,h_210,f_jpg?from=ke.com
20240131,房山,长阳,101117080061,碧桂园小区二区南北精装自住两居室,248万,28552元/平,高楼层 (共6层) | 2007年 | 2室1厅 | 86.86平米 | 南 北,https://ke-image.ljcdn.com/110000-inspection/d17b210b-9469-43d6-ad6f-07bbe9150fb0_1000.jpg!m_fill,w_280,h_210,f_jpg?from=ke.com
20240131,房山,长阳,101117076374,北京城建·广悦居中间楼层视野开阔户型方正,315万,37367元/平,中楼层 (共24层) | 2016年 | 2室1厅 | 84.3平米 | 东 南 北,https://ke-image.ljcdn.com/110000-inspection/pc1_DnNymZ9Cj.jpg!m_fill,w_280,h_210,f_jpg?from=ke.com
20240131,房山,长阳,101117071001,原香小镇二区一层带下跃户型南北通透动静分离房主自荐,387万,43893元/平,底层 (共6层) | 2010年 | 3室1厅 | 88.17平米 | 南 北,https://ke-image.ljcdn.com/110000-inspection/pc1_CXDcCoI5y_1.jpg!m_fill,w_280,h_210,f_jpg?from=ke.com
20240131,房山,长阳,101117052436,金隅畅和园9号院 精装修 满五年唯一 一居室,239万,36725元/平,高楼层 (共21层) 1室1厅 | 65.08平米 | 南,https://ke-image.ljcdn.com/110000-inspection/pc1_b2AjuzRBi.jpg!m_fill,w_280,h_210,f_jpg?from=ke.com
20240131,房山,长阳,101117049514,长阳半岛怡和南路10号院 南北通透 高楼层 不遮挡,530万,48889元/平,高楼层 (共11层) | 2015年 | 3室1厅 | 108.41平米 | 南 北,https://ke-image.ljcdn.com/110000-inspection/pc1_KaWuJypp9_1.jpg!m_fill,w_280,h_210,f_jpg?from=ke.com
20240131,房山,长阳,101117043724,长阳半岛怡和南路10号院 南北通透 满五唯一 中间位置,500万,48743元/平,低楼层 (共11层) | 2015年 | 3室1厅 | 102.58平米 | 南 北,https://ke-image.ljcdn.com/110000-inspection/pc1_vcNeYeQQn.jpg!m_fill,w_280,h_210,f_jpg?from=ke.com
20240131,房山,长阳,101117041047,金隅畅和园9号院  满五年 两居室 南北房主自荐,263万,32203元/平,低楼层 (共21层) 2室1厅 | 81.67平米 | 南 北,https://ke-image.ljcdn.com/110000-inspection/pc1_SDf9T6iBq.jpg!m_fill,w_280,h_210,f_jpg?from=ke.com
20240131,房山,长阳,101117037771,金隅糖南北两居室落地窗诚心出售,354万,42574元/平,低楼层 (共16层) | 2017年 | 2室1厅 | 83.15平米 | 南 北,https://ke-image.ljcdn.com/110000-inspection/pc1_2OdEhg5uo.jpg!m_fill,w_280,h_210,f_jpg?from=ke.com
20240131,房山,长阳,101117033208,中粮京西祥云精装修四室三卫诚心出售看房方便,800万,57942元/平,低楼层 (共17层) 4室2厅 | 138.07平米 | 南 北,https://ke-image.ljcdn.com/110000-inspection/pc1_nTHi1sCuF.jpg!m_fill,w_280,h_210,f_jpg?from=ke.com
20240131,房山,长阳,101117029554,满5年唯一购房成本低保持好地铁良乡大学城北站,238万,36409元/平,中楼层 (共20层) 1室2厅 | 65.37平米 | 东,https://ke-image.ljcdn.com/110000-inspection/627f9697-7e9d-485f-a845-323bdbc02b57_1000.jpg!m_fill,w_280,h_210,f_jpg?from=ke.com
20240131,房山,长阳,101117023518,南北通透格局好诚意出售看房方便,210万,38099元/平,底层 (共22层) | 2014年 | 2室1厅 | 55.12平米 | 南 北,https://ke-image.ljcdn.com/110000-inspection/pc1_Lq8K0iyv3.jpg!m_fill,w_280,h_210,f_jpg?from=ke.com
20240131,房山,长阳,101117010336,碧波园 中楼层大三居 看房方便 三室两卫 无遮挡视线好,350万,28981元/平,中楼层 (共6层) | 2004年 | 3室1厅 | 120.77平米 | 南 北,https://ke-image.ljcdn.com/110000-inspection/pc1_Y2PDcWgYX.jpg!m_fill,w_280,h_210,f_jpg?from=ke.com
20240131,房山,长阳,101117009398,长阳半岛3号院南北通透三居室优质房源诚意出售,586万,49096元/平,低楼层 (共9层) | 2012年 | 3室1厅 | 119.36平米 | 南 北,https://ke-image.ljcdn.com/110000-inspection/pc1_betgf91Uk.jpg!m_fill,w_280,h_210,f_jpg?from=ke.com
20240131,房山,长阳,101117004586,合景领峰8号院 满五唯一 自住精装修,498万,42215元/平,中楼层 (共8层) 3室1厅 | 117.97平米 | 南 北,https://ke-image.ljcdn.com/110000-inspection/pc1_1a4ewGKP6_1.jpg!m_fill,w_280,h_210,f_jpg?from=ke.com
20240131,房山,长阳,101116995278,天资华府 南北三居室 两梯两户 新小区,433万,31841元/平,低楼层 (共19层) | 2015年 | 3室2厅 | 135.99平米 | 南 北,https://ke-image.ljcdn.com/110000-inspection/pc1_hc9VN6i0d.jpg!m_fill,w_280,h_210,f_jpg?from=ke.com
20240131,房山,长阳,101116978116,万科金域缇香精装修满五唯一南北通透全明格局房主自荐,489万,42207元/平,中楼层 (共20层) | 2014年 | 3室1厅 | 115.86平米 | 南 北,https://ke-image.ljcdn.com/110000-inspection/pc1_Kb1rujyd3_1.jpg!m_fill,w_280,h_210,f_jpg?from=ke.com
20240131,房山,长阳,101116962396,电梯通车库 卧室10平米 客厅8.6米长 卫生间带窗 河景,446万,43163元/平,中楼层 (共10层) | 2014年 | 3室1厅 | 103.33平米 | 南 西 北,https://ke-image.ljcdn.com/110000-inspection/pc1_BRDk8fm4m_2.jpg!m_fill,w_280,h_210,f_jpg?from=ke.com
20240131,房山,长阳,101116933109,店长推荐！紫云明厨明卫三居室！只住了两年保持好！,480万,44277元/平,低楼层 (共11层) | 2015年 | 3室1厅 | 108.41平米 | 南 北,https://ke-image.ljcdn.com/110000-inspection/pc1_miUcSWuMK.jpg!m_fill,w_280,h_210,f_jpg?from=ke.com
20240131,房山,长阳,101116925522,精装修 户型方正 生活方便 交通便利 南北通透,270万,39262元/平,低楼层 (共16层) | 2015年 | 2室1厅 | 68.77平米 | 南 北,https://ke-image.ljcdn.com/110000-inspection/pc1_vi2MRqal9_2.jpg!m_fill,w_280,h_210,f_jpg?from=ke.com
20240131,房山,长阳,101116916024,店长推荐九洲溪雅苑二区全明两居室,218万,24517元/平,高楼层 (共15层) | 2009年 | 2室1厅 | 88.92平米 | 北 南 东,https://ke-image.ljcdn.com/110000-inspection/pc1_IISgaEsFi_1.jpg!m_fill,w_280,h_210,f_jpg?from=ke.com
20240131,房山,长阳,101116904538,长阳半岛祥云街4号院 南北通透格局采光充足,450万,46875元/平,低楼层 (共9层) | 2012年 | 3室1厅 | 96平米 | 南 北,https://ke-image.ljcdn.com/110000-inspection/pc1_bD0tJrVhL_1.jpg!m_fill,w_280,h_210,f_jpg?from=ke.com
20240131,房山,长阳,101116890991,加州水郡三期南北通透两居满五唯一。,278万,30179元/平,中楼层 (共14层) | 2010年 | 2室1厅 | 92.12平米 | 南 北,https://ke-image.ljcdn.com/110000-inspection/pc1_WZssOcT1I.jpg!m_fill,w_280,h_210,f_jpg?from=ke.com
20240131,房山,长阳,101116861132,中楼层 正规一居室无抵押随时签约,190万,31604元/平,中楼层 (共14层) | 2015年 | 1室1厅 | 60.12平米 | 西,https://ke-image.ljcdn.com/110000-inspection/pc1_Ac4PBqeJy.jpg!m_fill,w_280,h_210,f_jpg?from=ke.com
20240131,房山,长阳,101116859088,中粮京西祥云精装修南北通透地暖新风系统诚心出售,598万,47240元/平,低楼层 (共18层) | 2018年 | 3室2厅 | 126.59平米 | 南 北,https://ke-image.ljcdn.com/110000-inspection/pc1_uzSDUKi4t.jpg!m_fill,w_280,h_210,f_jpg?from=ke.com
20240131,房山,长阳,101116851878,房子满五年唯一  业主自住精装修  中间楼层采光视野好,550万,38264元/平,中楼层 (共6层) | 2010年 | 3室2厅 | 143.74平米 | 南 北,https://ke-image.ljcdn.com/110000-inspection/pc1_ZrnBDIZnK_2.jpg!m_fill,w_280,h_210,f_jpg?from=ke.com
20240131,房山,长阳,101116842291,满五唯一南北通透大两居室诚心出售,249万,26755元/平,中楼层 (共11层) | 2006年 | 2室1厅 | 93.07平米 | 南 北,https://ke-image.ljcdn.com/110000-inspection/pc1_J5p21pCNB.jpg!m_fill,w_280,h_210,f_jpg?from=ke.com
20240131,房山,长阳,101116829212,长阳国际城一区 正规三居室 南北通透,390万,43860元/平,底层 (共20层) | 2012年 | 3室1厅 | 88.92平米 | 南 北,https://ke-image.ljcdn.com/110000-inspection/pc1_Wm1wvrnQE.jpg!m_fill,w_280,h_210,f_jpg?from=ke.com
20240131,房山,长阳,101116828866,南北通透双卫两居室   业主换房诚心出售,315万,30432元/平,中楼层 (共15层) | 2007年 | 2室1厅 | 103.51平米 | 南 北,https://ke-image.ljcdn.com/110000-inspection/pc1_VEf6givWg.jpg!m_fill,w_280,h_210,f_jpg?from=ke.com
20240131,房山,长阳,101116809154,《店长推荐》邑上公馆精装修两居室,299万,36473元/平,中楼层 (共6层) | 2014年 | 2室1厅 | 81.98平米 | 南 北,https://ke-image.ljcdn.com/110000-inspection/pc1_NV7UoDDLl.jpg!m_fill,w_280,h_210,f_jpg?from=ke.com
20240131,房山,长阳,101116798814,稻田一路1号院 诚心出售 看房方便,275万,34103元/平,低楼层 (共11层) | 2019年 | 2室1厅 | 80.64平米 | 南 北,https://ke-image.ljcdn.com/110000-inspection/pc1_Xx6pABoYw.jpg!m_fill,w_280,h_210,f_jpg?from=ke.com
20240131,房山,长阳,101116781730,可拎包入住远眺山景满五唯一诚心出售配套完善,230万,26477元/平,高楼层 (共15层) | 2010年 | 2室1厅 | 86.87平米 | 西北,https://ke-image.ljcdn.com/110000-inspection/pc1_tkKKIWDDj_2.jpg!m_fill,w_280,h_210,f_jpg?from=ke.com
20240131,房山,长阳,101116780830,近地铁 一梯两户 采光充足 南北通透 户型方正,254万,28630元/平,顶层 (共6层) 2室1厅 | 88.72平米 | 南 北,https://ke-image.ljcdn.com/110000-inspection/pc1_2v7uflax1_2.jpg!m_fill,w_280,h_210,f_jpg?from=ke.com
20240131,房山,长阳,101116778418,满五唯一南北大三居室高楼层诚心出售,390万,31210元/平,高楼层 (共15层) | 2007年 | 3室2厅 | 124.96平米 | 南 北,https://ke-image.ljcdn.com/110000-inspection/pc1_v3KgvklBc.jpg!m_fill,w_280,h_210,f_jpg?from=ke.com
20240131,房山,长阳,101116776768,碧波园 3室1厅 南 西房主自荐,260万,20014元/平,顶层 (共6层) | 2009年 | 3室1厅 | 129.91平米 | 南 西,https://ke-image.ljcdn.com/110000-inspection/pc1_WavpshYMA.jpg!m_fill,w_280,h_210,f_jpg?from=ke.com
20240131,房山,长阳,101116775179,国誉府楼层高视野好精装修次新房没住过,895万,54898元/平,高楼层 (共19层) | 2017年 | 4室2厅 | 163.03平米 | 南 北,https://ke-image.ljcdn.com/110000-inspection/996e9e2c-5dcf-482b-9dc5-a64ecf235dd8_1000.jpg!m_fill,w_280,h_210,f_jpg?from=ke.com
20240131,房山,长阳,101116766188,长龙苑小区南北通透一居室满五唯一中间楼层视野好,210万,28681元/平,中楼层 (共6层) | 2002年 | 1室1厅 | 73.22平米 | 南 北,https://ke-image.ljcdn.com/110000-inspection/pc1_FQbFgjvSJ_1.jpg!m_fill,w_280,h_210,f_jpg?from=ke.com
20240131,房山,长阳,101116765046,铭品嘉苑2-1-1-1 90.63m,302万,33323元/平,中楼层 (共22层) | 2017年 | 2室1厅 | 90.63平米 | 南,https://ke-image.ljcdn.com/110000-inspection/8371fe96-6e8a-4410-9723-d31185853e45_1000.jpg!m_fill,w_280,h_210,f_jpg?from=ke.com
20240131,房山,长阳,101116741491,满五唯一 装修好  高楼层  拎包入住,195万,32560元/平,中楼层 (共16层) | 2015年 | 1室1厅 | 59.89平米 | 西,https://ke-image.ljcdn.com/110000-inspection/pc1_IsoHjQGnq_2.jpg!m_fill,w_280,h_210,f_jpg?from=ke.com
20240131,房山,长阳,101116724635,满五唯一 楼层位置视野好 无遮挡 精装修保持好房主自荐,299.8万,33827元/平,中楼层 (共10层) 2室1厅 | 88.63平米 | 南 北,https://ke-image.ljcdn.com/110000-inspection/59626fb6-7299-4934-8921-64b62d7c542d_1000.jpg!m_fill,w_280,h_210,f_jpg?from=ke.com
20240131,房山,长阳,101116712378,翠林漫步中间位置一梯两户明卫小区中间,275万,32315元/平,低楼层 (共11层) 2室1厅 | 85.1平米 | 南 北,https://ke-image.ljcdn.com/110000-inspection/pc1_oWIFj3I2U.jpg!m_fill,w_280,h_210,f_jpg?from=ke.com
20240131,房山,长阳,101116712182,中粮京西祥云 南北通透 业主诚心出售,600万,47726元/平,中楼层 (共17层) 3室2厅 | 125.72平米 | 南 北,https://ke-image.ljcdn.com/110000-inspection/pc1_8RfStmZz3.jpg!m_fill,w_280,h_210,f_jpg?from=ke.com
20240131,房山,长阳,101116706047,满五年唯一 小区中间位置 二次装修 户型方正 诚心出售,345万,32001元/平,低楼层 (共10层) | 2010年 | 2室1厅 | 107.81平米 | 西北,https://ke-image.ljcdn.com/110000-inspection/pc1_e8tnGPZ63_1.jpg!m_fill,w_280,h_210,f_jpg?from=ke.com
20240131,房山,长阳,101116684888,北京城建·广悦居南向两居室诚意出售,273万,33977元/平,中楼层 (共22层) | 2016年 | 2室1厅 | 80.35平米 | 南,https://ke-image.ljcdn.com/110000-inspection/8aac377e-d263-483d-a454-0b0735331741_1000.jpg!m_fill,w_280,h_210,f_jpg?from=ke.com
20240131,房山,长阳,101116674213,建邦华庭东区 南向2居 无遮挡 视野好房主自荐,449万,49912元/平,高楼层 (共16层) | 2013年 | 2室1厅 | 89.96平米 | 南,https://ke-image.ljcdn.com/110000-inspection/adad5599-8fba-4780-8f8f-16e075a093e6_1000.jpg!m_fill,w_280,h_210,f_jpg?from=ke.com
20240131,房山,长阳,101116648140,南北通透中高楼层满五唯一精装修近门口,256万,30822元/平,中楼层 (共15层) | 2010年 | 2室1厅 | 83.06平米 | 南 北,https://ke-image.ljcdn.com/110000-inspection/pc1_e1rww4lxN.jpg!m_fill,w_280,h_210,f_jpg?from=ke.com
20240131,房山,长阳,101116640273,北京城建·广悦居南北通透两居诚心出售,285万,35378元/平,低楼层 (共22层) | 2016年 | 2室1厅 | 80.56平米 | 南 北,https://ke-image.ljcdn.com/110000-inspection/742cfbb8-ffe9-4a40-99f2-6c1ab876eec6_1000.jpg!m_fill,w_280,h_210,f_jpg?from=ke.com
20240131,房山,长阳,101116634532,金地朗悦润园 南北向 中楼层 采光好房主自荐,560万,44840元/平,中楼层 (共7层) | 2014年 | 3室1厅 | 124.89平米 | 南 北,https://ke-image.ljcdn.com/110000-inspection/pc1_R546YDySA.jpg!m_fill,w_280,h_210,f_jpg?from=ke.com
20240131,房山,长阳,101116631913,金地朗悦沁园 南北通透三居 中间楼层  安静不临街,580万,46714元/平,中楼层 (共7层) | 2014年 | 3室2厅 | 124.16平米 | 南 北,https://ke-image.ljcdn.com/110000-inspection/pc1_KJeoPmwPG.jpg!m_fill,w_280,h_210,f_jpg?from=ke.com
20240131,房山,长阳,101116616424,熹园满五唯一中楼层采光视野好精装自住优质两居,368万,42202元/平,中楼层 (共21层) 2室1厅 | 87.2平米 | 南 北,https://ke-image.ljcdn.com/110000-inspection/pc1_KYKFznFNk.jpg!m_fill,w_280,h_210,f_jpg?from=ke.com
20240131,房山,长阳,101116596032,五矿名品学院墅洋房小区环境优美,720万,48358元/平,低楼层 (共6层) | 2017年 | 3室2厅 | 148.89平米 | 南 北,https://ke-image.ljcdn.com/110000-inspection/1b499116-7b34-4f73-b188-5c3df382ba3c_1000.jpg!m_fill,w_280,h_210,f_jpg?from=ke.com
20240131,房山,长阳,101116592289,南北通透精装修大三居室诚心出售价格可以商量,388万,31050元/平,高楼层 (共15层) | 2007年 | 3室1厅 | 124.96平米 | 南 北,https://ke-image.ljcdn.com/110000-inspection/d6f63aa6-725d-4392-8f53-e16f7b73b79e_1000.jpg!m_fill,w_280,h_210,f_jpg?from=ke.com
20240131,房山,长阳,101116589969,长阳半岛4号院 3室1厅 南 北,460万,47957元/平,顶层 (共9层) | 2012年 | 3室1厅 | 95.92平米 | 南 北,https://ke-image.ljcdn.com/110000-inspection/pc1_phLPgwdYe_1.jpg!m_fill,w_280,h_210,f_jpg?from=ke.com
20240131,房山,长阳,101116588684,天资璟庭大三居户型方正满五唯一高楼层采光视野好,465万,32107元/平,高楼层 (共18层) | 2013年 | 3室1厅 | 144.83平米 | 南 北,https://ke-image.ljcdn.com/110000-inspection/72be3df8-9081-4585-acec-10b958bdab2b_1000.jpg!m_fill,w_280,h_210,f_jpg?from=ke.com
20240131,房山,长阳,101116579935,房山线广阳城站 世茂维拉一居室 满五唯一精装修,190万,31215元/平,中楼层 (共14层) | 2015年 | 1室1厅 | 60.87平米 | 西,https://ke-image.ljcdn.com/110000-inspection/pc1_YdXIfpzy6.jpg!m_fill,w_280,h_210,f_jpg?from=ke.com
20240131,房山,长阳,101116561725,碧桂园小区二区中间楼层精装修正规三居室业主诚意出售,285万,24135元/平,中楼层 (共6层) | 2005年 | 3室1厅 | 118.09平米 | 南 北,https://ke-image.ljcdn.com/110000-inspection/pc1_6IsUJtwOZ.jpg!m_fill,w_280,h_210,f_jpg?from=ke.com
20240131,房山,长阳,101116560348,碧桂园天资璟庭 满五唯一  南北通透双卫大两居,315万,29341元/平,低楼层 (共18层) | 2013年 | 2室1厅 | 107.36平米 | 南 北,https://ke-image.ljcdn.com/110000-inspection/226376a5-201d-4512-973b-8a84991a5b85_1000.jpg!m_fill,w_280,h_210,f_jpg?from=ke.com
20240131,房山,长阳,101116559260,康泽佳苑北区    中高层南向采光好,290万,37071元/平,中楼层 (共30层) 2室1厅 | 78.23平米 | 南,https://ke-image.ljcdn.com/110000-inspection/pc1_0V5Ui16Ld.jpg!m_fill,w_280,h_210,f_jpg?from=ke.com
20240131,房山,长阳,101116557061,碧桂园小区A区南北通透大三居业主诚售,295万,23080元/平,高楼层 (共6层) | 2003年 | 3室2厅 | 127.82平米 | 南 北,https://ke-image.ljcdn.com/110000-inspection/e0372740-58ff-405a-9194-709a993dae52_1000.jpg!m_fill,w_280,h_210,f_jpg?from=ke.com
20240131,房山,长阳,101116554343,长阳半岛2号院 纯南户型 采光充足 配套设施齐全,420万,46881元/平,中楼层 (共28层) | 2012年 | 2室1厅 | 89.59平米 | 南,https://ke-image.ljcdn.com/110000-inspection/pc1_6Ni8cxJRS.jpg!m_fill,w_280,h_210,f_jpg?from=ke.com
20240131,房山,长阳,101116529084,长阳半岛怡和南路8号院 3室1厅 南 北,510万,49820元/平,顶层 (共11层) 3室1厅 | 102.37平米 | 南 北,https://ke-image.ljcdn.com/110000-inspection/bb46465a-8797-4747-b72f-5682e7a6e933_1000.jpg!m_fill,w_280,h_210,f_jpg?from=ke.com
20240131,房山,长阳,101116473400,北京城建·广悦居 满五唯一南北通透两居室,265万,33142元/平,高楼层 (共22层) | 2016年 | 2室1厅 | 79.96平米 | 南 北,https://ke-image.ljcdn.com/110000-inspection/pc1_JfHw6cgbU.jpg!m_fill,w_280,h_210,f_jpg?from=ke.com
20240131,房山,长阳,101116413079,房子满五唯一装修好业主换房诚心出售随时签约,339万,26884元/平,顶层 (共15层) | 2007年 | 3室2厅 | 126.1平米 | 南 北,https://ke-image.ljcdn.com/110000-inspection/pc1_PEdhwv0fh_1.jpg!m_fill,w_280,h_210,f_jpg?from=ke.com
20240131,房山,长阳,101116406918,首创新悦都二区 精装三居室 业主诚心出售,365万,41482元/平,低楼层 (共18层) | 2012年 | 3室1厅 | 87.99平米 | 南 北,https://ke-image.ljcdn.com/110000-inspection/pc1_LmVVonIYm.jpg!m_fill,w_280,h_210,f_jpg?from=ke.com
20240131,房山,长阳,101116372113,万科新里程55号院 南向两居 满五唯一 熙悦龙湖,365万,41525元/平,中楼层 (共8层) 2室1厅 | 87.9平米 | 南,https://ke-image.ljcdn.com/110000-inspection/pc1_rKWGtuWPq.jpg!m_fill,w_280,h_210,f_jpg?from=ke.com
20240131,房山,长阳,101116365582,碧波园 南北通透三居 动静分开 视线好 满五年只有契税,306万,24994元/平,顶层 (共6层) 3室2厅 | 122.43平米 | 南 北,https://ke-image.ljcdn.com/110000-inspection/pc1_yvOQCMclx.jpg!m_fill,w_280,h_210,f_jpg?from=ke.com
20240131,房山,长阳,101116355295,别墅上叠 纯毛坯 采光好 诚心卖 随时签约房主自荐,718万,46419元/平,中楼层 (共5层) | 2015年 | 5室2厅 | 154.68平米 | 南 北,https://ke-image.ljcdn.com/110000-inspection/pc1_pOZeJSg32.jpg!m_fill,w_280,h_210,f_jpg?from=ke.com
20240131,房山,长阳,101116339494,长阳半岛怡和路3号院全南两居业主诚意出售,435万,52511元/平,底层 (共18层) | 2014年 | 2室1厅 | 82.84平米 | 南 北,https://ke-image.ljcdn.com/110000-inspection/pc1_em0pv8WIz_1.jpg!m_fill,w_280,h_210,f_jpg?from=ke.com
20240131,房山,长阳,101116325052,南向两居、花园洋房、人车分流、中高楼层采光无遮挡,410万,45016元/平,中楼层 (共18层) | 2012年 | 2室1厅 | 91.08平米 | 南,https://ke-image.ljcdn.com/110000-inspection/pc1_DMQgjo6C8.jpg!m_fill,w_280,h_210,f_jpg?from=ke.com
20240131,房山,长阳,101116294874,满五唯一南北通透大两居室全明格局,245万,26350元/平,中楼层 (共11层) | 2007年 | 2室2厅 | 92.98平米 | 南 北,https://ke-image.ljcdn.com/110000-inspection/pc1_2MgJwRb6t_2.jpg!m_fill,w_280,h_210,f_jpg?from=ke.com
20240131,房山,长阳,101116293651,五矿名品  一梯一户  英式学院墅,680万,45675元/平,低楼层 (共6层) | 2018年 | 3室2厅 | 148.88平米 | 南 北,https://ke-image.ljcdn.com/110000-inspection/9db9fa6b-d893-46b3-893b-fe8e6ce48d5e_1000.jpg!m_fill,w_280,h_210,f_jpg?from=ke.com
20240131,房山,长阳,101116289549,满五唯一精装修边全明格局大两居室诚心出售,249万,26566元/平,低楼层 (共11层) | 2007年 | 2室1厅 | 93.73平米 | 南 北,https://ke-image.ljcdn.com/110000-inspection/71d3af40-f1f2-4e03-9d3b-5c9949cfdd0c_1000.jpg!m_fill,w_280,h_210,f_jpg?from=ke.com
20240131,房山,长阳,101116208027,碧波园 近地铁 生活便利 配套齐全,315万,26083元/平,顶层 (共6层) | 2004年 | 3室2厅 | 120.77平米 | 南 北,https://ke-image.ljcdn.com/110000-inspection/pc1_Z1aYJyEHy.jpg!m_fill,w_280,h_210,f_jpg?from=ke.com
20240131,房山,长阳,101116204636,中粮京西祥云精装修南北通透一天没住过诚心出售,599万,47646元/平,低楼层 (共18层) 4室2厅 | 125.72平米 | 南 北,https://ke-image.ljcdn.com/110000-inspection/pc1_Tco08ABgF.jpg!m_fill,w_280,h_210,f_jpg?from=ke.com
20240131,房山,长阳,101116201618,首开熙悦山熹园1号院南北大两居业主随时配合签约,350万,39755元/平,低楼层 (共20层) | 2013年 | 2室1厅 | 88.04平米 | 南 北,https://ke-image.ljcdn.com/110000-inspection/pc1_E4hz6ZyCi_1.jpg!m_fill,w_280,h_210,f_jpg?from=ke.com
20240131,房山,长阳,101116134668,长阳半岛怡和南路10号院 中间位置 南北通透,625万,51466元/平,高楼层 (共15层) | 2015年 | 3室2厅 | 121.44平米 | 南 北,https://ke-image.ljcdn.com/110000-inspection/pc1_L8O7X6BeD_1.jpg!m_fill,w_280,h_210,f_jpg?from=ke.com
20240131,房山,长阳,101116123324,徜徉嘉园祥云街8号院  满五唯一  花园洋房  精装修,528万,42865元/平,底层 (共18层) | 2014年 | 2室1厅 | 123.18平米 | 南 北,https://ke-image.ljcdn.com/110000-inspection/pc1_RPBoW6BSh.jpg!m_fill,w_280,h_210,f_jpg?from=ke.com
20240131,房山,长阳,101116119835,万科.金域缇香 南北通透 满五唯一,360万,40928元/平,高楼层 (共17层) | 2014年 | 2室2厅 | 87.96平米 | 南 北,https://ke-image.ljcdn.com/110000-inspection/pc1_xJ8PI2Nop.jpg!m_fill,w_280,h_210,f_jpg?from=ke.com
20240131,房山,长阳,101116078537,广悦居一居室 满五年业主名下唯一住房,226万,33477元/平,高楼层 (共24层) | 2016年 | 1室1厅 | 67.51平米 | 东 西 北,https://ke-image.ljcdn.com/110000-inspection/pc1_SaN1gohjE.jpg!m_fill,w_280,h_210,f_jpg?from=ke.com
20240131,房山,长阳,101116066154,加州水郡四期 西北两居室 户型方正 高楼层 无遮挡,235万,26848元/平,高楼层 (共14层) | 2011年 | 2室1厅 | 87.53平米 | 西北,https://ke-image.ljcdn.com/110000-inspection/pc1_uidGdGX4D.jpg!m_fill,w_280,h_210,f_jpg?from=ke.com
20240131,房山,长阳,101116026449,万科新里程59号院3-2-1-1 102.58m²,485万,47281元/平,高楼层 (共12层) | 2015年 | 3室2厅 | 102.58平米 | 南 北,https://ke-image.ljcdn.com/110000-inspection/pc1_dcxVgmega.jpg!m_fill,w_280,h_210,f_jpg?from=ke.com
20240131,房山,长阳,101116017617,加州水郡一期 南北通透 中间楼层 户型方正 采光好房主自荐,850万,31630元/平,中楼层 (共4层) 4室2厅 | 268.74平米 | 南 北,https://ke-image.ljcdn.com/110000-inspection/pc1_QvOZb0YSx.jpg!m_fill,w_280,h_210,f_jpg?from=ke.com
20240131,房山,长阳,101116010382,位置好价格可谈看房请提前联系就好,279万,31275元/平,低楼层 (共14层) 2室1厅 | 89.21平米 | 西南,https://ke-image.ljcdn.com/110000-inspection/cea92cb6-75a5-4ffc-9853-83a2830cce58_1000.jpg!m_fill,w_280,h_210,f_jpg?from=ke.com
20240131,房山,长阳,101115971225,碧桂园小区C区 满五年 两居室 一梯两户,275万,26367元/平,低楼层 (共11层) | 2007年 | 2室1厅 | 104.3平米 | 南 北,https://ke-image.ljcdn.com/110000-inspection/pc1_erVSZQwmZ_1.jpg!m_fill,w_280,h_210,f_jpg?from=ke.com
20240131,房山,长阳,101115945090,金地朗悦悦园 南向2居 看房方便,365万,44136元/平,低楼层 (共11层) | 2013年 | 2室1厅 | 82.7平米 | 南,https://ke-image.ljcdn.com/110000-inspection/pc1_sFb4BQJfb.jpg!m_fill,w_280,h_210,f_jpg?from=ke.com
20240131,房山,长阳,101115916298,九洲南北通透大三居位置好不临路高楼层,500万,27825元/平,高楼层 (共12层) | 2009年 | 3室1厅 | 179.7平米 | 南 北,https://ke-image.ljcdn.com/110000-inspection/pc1_ecFsu6Hjg.jpg!m_fill,w_280,h_210,f_jpg?from=ke.com
20240131,房山,长阳,101115903496,碧波园 近地铁 近公园 生活便利,249万,21522元/平,顶层 (共6层) | 2005年 | 3室1厅 | 115.7平米 | 南 北,https://ke-image.ljcdn.com/110000-inspection/pc1_osF0TS2P6.jpg!m_fill,w_280,h_210,f_jpg?from=ke.com
20240131,房山,长阳,101115887003,世茂维拉 满五唯一 高楼层 视野好 正规一居,195万,32560元/平,高楼层 (共16层) | 2015年 | 1室1厅 | 59.89平米 | 西,https://ke-image.ljcdn.com/110000-inspection/pc1_VHDbHw7yu.jpg!m_fill,w_280,h_210,f_jpg?from=ke.com
20240131,房山,长阳,101115873299,金地朗悦悦园 上跃精装 南北通透 视野开阔 无遮挡,640万,49141元/平,顶层 (共7层) | 2014年 | 4室2厅 | 130.24平米 | 南 北,https://ke-image.ljcdn.com/110000-inspection/50bc6d82-a47d-41a6-b2b0-0335e1219866_1000.jpg!m_fill,w_280,h_210,f_jpg?from=ke.com
20240131,房山,长阳,101115873271,大宁山庄三区C区 看房方便 业主诚心出售,542万,33937元/平,中楼层 (共5层) | 2004年 | 4室2厅 | 159.71平米 | 南 北,https://ke-image.ljcdn.com/110000-inspection/pc1_jQ3dCZz1e.jpg!m_fill,w_280,h_210,f_jpg?from=ke.com
20240131,房山,长阳,101115864391,国誉府小区环境优美洋房社区,895万,55183元/平,中楼层 (共8层) 4室2厅 | 162.19平米 | 南 北,https://ke-image.ljcdn.com/110000-inspection/e1ac2ffd-2287-4fe3-b72c-f77bd2ce91d3_1000.jpg!m_fill,w_280,h_210,f_jpg?from=ke.com
20240131,房山,长阳,101115859034,万科长阳半岛怡和路3号院 满五唯一 采光好 诚心出售,430万,49758元/平,低楼层 (共18层) | 2014年 | 2室1厅 | 86.42平米 | 南,https://ke-image.ljcdn.com/110000-inspection/pc1_2XPYpnqyL_1.jpg!m_fill,w_280,h_210,f_jpg?from=ke.com
20240131,房山,长阳,101115830182,原香小镇二区 精装大三居 南北通透房主自荐,566万,41778元/平,中楼层 (共6层) | 2010年 | 3室2厅 | 135.48平米 | 南 北,https://ke-image.ljcdn.com/110000-inspection/pc1_vf6W2ECp4.jpg!m_fill,w_280,h_210,f_jpg?from=ke.com
20240131,房山,长阳,101115768124,加州水郡 全南向 满五唯一 高楼层 视野好 景观好,268万,29432元/平,中楼层 (共15层) | 2010年 | 2室1厅 | 91.06平米 | 南,https://ke-image.ljcdn.com/110000-inspection/pc1_HRPFiexeO.jpg!m_fill,w_280,h_210,f_jpg?from=ke.com
20240131,房山,长阳,101115724358,此房满两年。不遮挡不临街诚心卖,535万,52262元/平,高楼层 (共11层) | 2016年 | 3室1厅 | 102.37平米 | 南 北,https://ke-image.ljcdn.com/110000-inspection/pc1_lvkujmNHZ.jpg!m_fill,w_280,h_210,f_jpg?from=ke.com
20240131,房山,长阳,101115628272,金地朗悦朗园 花园式洋房 南北通透,488万,52322元/平,中楼层 (共8层) | 2014年 | 3室1厅 | 93.27平米 | 南 北,https://ke-image.ljcdn.com/110000-inspection/4742bde6-94cf-4382-855e-a376e8f8735f_1000.jpg!m_fill,w_280,h_210,f_jpg?from=ke.com
20240131,房山,长阳,101115615777,中楼层 正规一居室无抵押随时签约,195万,32555元/平,中楼层 (共15层) | 2015年 | 1室1厅 | 59.9平米 | 西,https://ke-image.ljcdn.com/110000-inspection/2659edbd-bdfc-4de4-82fe-d367408e8363_1000.jpg!m_fill,w_280,h_210,f_jpg?from=ke.com
20240131,房山,长阳,101115598700,金域缇香 满五唯一 大一居室  中间楼层  稳定签约,298万,39734元/平,低楼层 (共17层) | 2014年 | 1室1厅 | 75平米 | 南,https://ke-image.ljcdn.com/110000-inspection/pc1_ZPPSgyRev.jpg!m_fill,w_280,h_210,f_jpg?from=ke.com
20240131,房山,长阳,101115578467,近地铁 南北通透 明厨明卫 免费停两辆车,339万,29300元/平,中楼层 (共6层) | 2003年 | 3室1厅 | 115.7平米 | 南 北,https://ke-image.ljcdn.com/110000-inspection/64269de9-87a0-409e-87f4-0852b962f470_1000.jpg!m_fill,w_280,h_210,f_jpg?from=ke.com
20240131,房山,长阳,101115560497,店长推荐3居室看房方便户型好采光好随时可看,288万,25548元/平,高楼层 (共6层) | 2010年 | 3室1厅 | 112.73平米 | 南 北,https://ke-image.ljcdn.com/110000-inspection/pc1_9Q4qYn2AN.jpg!m_fill,w_280,h_210,f_jpg?from=ke.com
20240131,房山,长阳,101115488202,邑上公馆一层下跃精装修近地铁户型方正满五唯一,490万,42498元/平,底层 (共4层) | 2014年 | 4室2厅 | 115.3平米 | 南 北,https://ke-image.ljcdn.com/110000-inspection/pc1_LVXWyZdCC_1.jpg!m_fill,w_280,h_210,f_jpg?from=ke.com
20240131,房山,长阳,101115483962,精装三居室满两年没有增值税业主换房诚心出售,458万,33717元/平,中楼层 (共18层) | 2017年 | 3室2厅 | 135.84平米 | 南 北 东,https://ke-image.ljcdn.com/110000-inspection/pc1_vAY17d71E_1.jpg!m_fill,w_280,h_210,f_jpg?from=ke.com
20240131,房山,长阳,101115453015,金地朗悦沁园 下跃户型 私密性  装修保持好 满五唯一,529万,55849元/平,底层 (共6层) | 2014年 | 4室2厅 | 94.72平米 | 南 北,https://ke-image.ljcdn.com/110000-inspection/09dd8730-c3a9-4f77-a692-020df1bb0316_1000.jpg!m_fill,w_280,h_210,f_jpg?from=ke.com
20240131,房山,长阳,101115308932,万科.金域缇香 南北双通透 格局好 采光好,500万,43441元/平,中楼层 (共21层) | 2014年 | 3室1厅 | 115.1平米 | 南 北,https://ke-image.ljcdn.com/110000-inspection/prod-228a30fe-b9b2-4e60-996a-96da60db535d.jpg!m_fill,w_280,h_210,f_jpg?from=ke.com
20240131,房山,长阳,101115202440,满五年唯一南北通透两居。诚心出售,310万,28654元/平,低楼层 (共14层) | 2009年 | 2室1厅 | 108.19平米 | 南 北,https://ke-image.ljcdn.com/110000-inspection/facc42dc-5e7e-4ddd-873d-ee7c5c8f8255_1000.jpg!m_fill,w_280,h_210,f_jpg?from=ke.com
20240131,房山,长阳,101115192826,满五年唯一精装修 中高楼层 南北通透 明厨明卫,317万,29263元/平,中楼层 (共14层) 2室2厅 | 108.33平米 | 南 北,https://ke-image.ljcdn.com/110000-inspection/pc1_Qrs3M9Czj.jpg!m_fill,w_280,h_210,f_jpg?from=ke.com
20240131,房山,长阳,101115048891,国际花园4号院满五唯一精装修房主自荐,365万,40723元/平,低楼层 (共18层) | 2014年 | 3室1厅 | 89.63平米 | 南 北,https://ke-image.ljcdn.com/110000-inspection/pc1_Bg7AHAf54.jpg!m_fill,w_280,h_210,f_jpg?from=ke.com
20240131,房山,长阳,101114962945,金隅糖  南北向两居室  精装修 带地下车位,365万,43635元/平,低楼层 (共16层) 2室1厅 | 83.65平米 | 南 北,https://ke-image.ljcdn.com/110000-inspection/pc1_4tYuNUSCZ_1.jpg!m_fill,w_280,h_210,f_jpg?from=ke.com
20240131,房山,长阳,101114953784,原香小镇二区精装修正规大三居满五年唯一业主诚意出售,580万,39403元/平,中楼层 (共6层) | 2011年 | 3室2厅 | 147.2平米 | 南 北,https://ke-image.ljcdn.com/110000-inspection/pc1_NAuXcle47_1.jpg!m_fill,w_280,h_210,f_jpg?from=ke.com
20240131,房山,长阳,101114920770,广悦居精装修高楼层 满五年业主名下唯一住房出售,215万,32936元/平,高楼层 (共24层) | 2016年 | 1室1厅 | 65.28平米 | 西,https://ke-image.ljcdn.com/110000-inspection/pc1_nfzZc4gi1.jpg!m_fill,w_280,h_210,f_jpg?from=ke.com
20240131,房山,长阳,101114882631,加州水郡三期 普宅 大三居 满5唯一 看房方便 诚心出售房主自荐,369万,26966元/平,低楼层 (共10层) | 2010年 | 3室2厅 | 136.84平米 | 东 西 北,https://ke-image.ljcdn.com/110000-inspection/pc1_ZlKJdNSJC_1.jpg!m_fill,w_280,h_210,f_jpg?from=ke.com
20240131,房山,长阳,101114853703,首创新悦都二区 满五年唯一 中楼层 随时签约,366万,45202元/平,中楼层 (共9层) | 2014年 | 3室1厅 | 80.97平米 | 南 北,https://ke-image.ljcdn.com/110000-inspection/pc1_DzNfa3JEJ.jpg!m_fill,w_280,h_210,f_jpg?from=ke.com
20240131,房山,长阳,101114830893,碧桂园小区C区 东北正规两居室楼层佳视野好观景房,258万,28117元/平,高楼层 (共16层) | 2007年 | 2室1厅 | 91.76平米 | 东北,https://ke-image.ljcdn.com/110000-inspection/pc1_6w4atJtNk.jpg!m_fill,w_280,h_210,f_jpg?from=ke.com
20240131,房山,长阳,101114812139,昂内.天骄俊园    精装修三居室,375万,31329元/平,中楼层 (共6层) | 2009年 | 3室2厅 | 119.7平米 | 南 北,https://ke-image.ljcdn.com/110000-inspection/pc1_yhzWbxJzF_1.jpg!m_fill,w_280,h_210,f_jpg?from=ke.com
20240131,房山,长阳,101114774777,碧桂园小区A区阔景宽廷南北通透,236万,26159元/平,高楼层 (共6层) | 2001年 | 2室1厅 | 90.22平米 | 南 北,https://ke-image.ljcdn.com/110000-inspection/pc1_bUl2dEqpJ_1.jpg!m_fill,w_280,h_210,f_jpg?from=ke.com
20240131,房山,长阳,101114764468,碧*园三期精装两居室 满五唯一 视野好,260万,27369元/平,高楼层 (共16层) | 2007年 | 2室1厅 | 95平米 | 西南,https://ke-image.ljcdn.com/110000-inspection/b28d68da-33bb-436a-98f2-92e56abd5bb4_1000.jpg!m_fill,w_280,h_210,f_jpg?from=ke.com
20240131,房山,长阳,101114761148,【店长推荐】康泽佳苑南区  精装一居,168万,40067元/平,低楼层 (共28层) | 2014年 | 1室1厅 | 41.93平米 | 南,https://ke-image.ljcdn.com/110000-inspection/pc1_LmkkBpxdQ.jpg!m_fill,w_280,h_210,f_jpg?from=ke.com
20240131,房山,长阳,101114756059,加州水郡四期 南北通透 二次精装修 可以拎包入住房主自荐,320万,34946元/平,低楼层 (共11层) | 2011年 | 3室1厅 | 91.57平米 | 北 南,https://ke-image.ljcdn.com/110000-inspection/c730e245-f4a0-42f0-82a7-e3b980a04519_1000.jpg!m_fill,w_280,h_210,f_jpg?from=ke.com
20240131,房山,长阳,101114714257,碧波园大三居南北通透户型好近地铁配套齐全,305万,27885元/平,顶层 (共6层) | 2005年 | 3室1厅 | 109.38平米 | 南 北,https://ke-image.ljcdn.com/110000-inspection/pc1_ToXtCI8o2_1.jpg!m_fill,w_280,h_210,f_jpg?from=ke.com
20240131,房山,长阳,101114704883,满五年唯一正规南北一居室 精装修自住房主自荐,240万,49444元/平,底层 (共18层) | 2014年 | 1室1厅 | 48.54平米 | 南,https://ke-image.ljcdn.com/110000-inspection/pc1_SFJqKGk02_1.jpg!m_fill,w_280,h_210,f_jpg?from=ke.com
20240131,房山,长阳,101114677614,加州水郡四期 东向两居室 自住装修 拎包入住,245万,27659元/平,低楼层 (共15层) | 2011年 | 2室1厅 | 88.58平米 | 东,https://ke-image.ljcdn.com/110000-inspection/pc1_wwcKtCymd_1.jpg!m_fill,w_280,h_210,f_jpg?from=ke.com
20240131,房山,长阳,101114651760,万科   金域缇香   中间楼层一居室,288万,38126元/平,中楼层 (共17层) | 2014年 | 1室1厅 | 75.54平米 | 南,https://ke-image.ljcdn.com/110000-inspection/pc1_z0XUQc7T4.jpg!m_fill,w_280,h_210,f_jpg?from=ke.com
20240131,房山,长阳,101114648408,（店长推荐） 碧波园 高楼层 南北大三居 不临街,280万,21721元/平,顶层 (共6层) | 2002年 | 3室2厅 | 128.91平米 | 北 南,https://ke-image.ljcdn.com/110000-inspection/pc1_BzcA9uJuU.jpg!m_fill,w_280,h_210,f_jpg?from=ke.com
20240131,房山,长阳,101114593878,满五唯一 南北通透 采光好 中高层 全明格局,645万,46217元/平,高楼层 (共18层) | 2014年 | 3室1厅 | 139.56平米 | 南 北,https://ke-image.ljcdn.com/110000-inspection/pc1_Mq58xmFgB_1.jpg!m_fill,w_280,h_210,f_jpg?from=ke.com
20240131,房山,长阳,101114537787,长龙苑小区满五年唯一方正户型看房方便！,198万,24966元/平,顶层 (共6层) | 2000年 | 2室1厅 | 79.31平米 | 南 北,https://ke-image.ljcdn.com/110000-inspection/pc1_uvQAjvZuI.jpg!m_fill,w_280,h_210,f_jpg?from=ke.com
20240131,房山,长阳,101114505326,长阳地铁站长阳半岛万科精装四居室全明格局,675万,47529元/平,中楼层 (共12层) | 2014年 | 4室1厅 | 142.02平米 | 南 北,https://ke-image.ljcdn.com/110000-inspection/pc1_hsD0aXWJJ_1.jpg!m_fill,w_280,h_210,f_jpg?from=ke.com
20240131,房山,长阳,101114463844,长景新园  环境好交通方便 户型方正,238万,36012元/平,高楼层 (共11层) | 2019年 | 1室1厅 | 66.09平米 | 南,https://ke-image.ljcdn.com/110000-inspection/pc1_LHMRfFW3H.jpg!m_fill,w_280,h_210,f_jpg?from=ke.com
20240131,房山,长阳,101114229104,店长推荐九洲溪雅苑二区正规双卫三居,498万,27624元/平,低楼层 (共13层) | 2009年 | 3室2厅 | 180.28平米 | 南 北,https://ke-image.ljcdn.com/110000-inspection/pc1_UDN6zfy3c_1.jpg!m_fill,w_280,h_210,f_jpg?from=ke.com
20240131,房山,长阳,101114208968,碧桂园小区A区南北通透户型方正采光视野好房主自荐,316万,26569元/平,中楼层 (共6层) | 2003年 | 3室1厅 | 118.94平米 | 南 北,https://ke-image.ljcdn.com/110000-inspection/pc1_IKo9YukD7_2.jpg!m_fill,w_280,h_210,f_jpg?from=ke.com
20240131,房山,长阳,101114202068,国誉府低密洋房南北大三居改善您的居住环境,758万,52871元/平,高楼层 (共19层) | 2017年 | 3室2厅 | 143.37平米 | 南 北,https://ke-image.ljcdn.com/110000-inspection/fc16f7f2-8ab2-43d8-bb6c-bf702ac2171f_1000.jpg!m_fill,w_280,h_210,f_jpg?from=ke.com
20240131,房山,长阳,101114115961,加州水郡170号楼南向正规一居室,215万,36522元/平,低楼层 (共11层) | 2011年 | 1室1厅 | 58.87平米 | 南,https://ke-image.ljcdn.com/110000-inspection/72893357-0e39-49aa-be6c-2bdc16628ef1_1000.jpg!m_fill,w_280,h_210,f_jpg?from=ke.com
20240131,房山,长阳,101114101782,五矿名品   南北通透   低密板楼,640万,45455元/平,低楼层 (共10层) | 2016年 | 3室1厅 | 140.8平米 | 南 北,https://ke-image.ljcdn.com/110000-inspection/pc1_nijs8hjm2.jpg!m_fill,w_280,h_210,f_jpg?from=ke.com
20240131,房山,长阳,101114063897,城铁旁全明格局两居 南北通透 高楼层 采光视野俱佳,239万,27006元/平,顶层 (共6层) | 2009年 | 2室1厅 | 88.5平米 | 南 北,https://ke-image.ljcdn.com/110000-inspection/pc1_9tcLo1awD_1.jpg!m_fill,w_280,h_210,f_jpg?from=ke.com
20240131,房山,长阳,101114060383,首创新悦都全明两居满五唯一适合老人居住,296万,39493元/平,底层 (共18层) | 2014年 | 2室1厅 | 74.95平米 | 南 北,https://ke-image.ljcdn.com/110000-inspection/pc1_nnNaqD1Jq.jpg!m_fill,w_280,h_210,f_jpg?from=ke.com
20240131,房山,长阳,101114060214,碧桂园小区C区南北通透两居室没住过,305万,28338元/平,中楼层 (共15层) | 2007年 | 2室1厅 | 107.63平米 | 南 北,https://ke-image.ljcdn.com/110000-inspection/pc1_k2Fnc0M23_1.jpg!m_fill,w_280,h_210,f_jpg?from=ke.com
20240131,房山,长阳,101114058291,中粮京西祥云 环境优美 智慧社区 人文居室,650万,51703元/平,低楼层 (共18层) | 2018年 | 3室2厅 | 125.72平米 | 南 北,https://ke-image.ljcdn.com/110000-inspection/pc1_okxrCZJjS.jpg!m_fill,w_280,h_210,f_jpg?from=ke.com
20240131,房山,长阳,101114048401,长阳地铁站万科打造满五唯一万科精装四居室房主自荐,700万,49467元/平,顶层 (共12层) | 2014年 | 4室2厅 | 141.51平米 | 南 北,https://ke-image.ljcdn.com/110000-inspection/pc1_Sar6wEuOQ_1.jpg!m_fill,w_280,h_210,f_jpg?from=ke.com
20240131,房山,长阳,101114031040,长阳半岛云湾 精装修 一天没住过 位置好满五唯一,638万,51494元/平,中楼层 (共11层) | 2014年 | 3室1厅 | 123.9平米 | 南 北,https://ke-image.ljcdn.com/110000-inspection/pc1_xSGRKvISR.jpg!m_fill,w_280,h_210,f_jpg?from=ke.com
20240131,房山,长阳,101114009668,九洲溪雅苑二区南向明厨明卫正规一居室诚心出售,218万,29717元/平,中楼层 (共15层) | 2009年 | 1室1厅 | 73.36平米 | 南,https://ke-image.ljcdn.com/110000-inspection/pc1_reJpyxGLl.jpg!m_fill,w_280,h_210,f_jpg?from=ke.com
20240131,房山,长阳,101113976878,世茂维拉 正规南向一居室 中高楼层 视线好 采光好,210万,36453元/平,中楼层 (共16层) | 2015年 | 1室1厅 | 57.61平米 | 南,https://ke-image.ljcdn.com/110000-inspection/356643af-0446-4709-9106-be10e6b500b6_1000.jpg!m_fill,w_280,h_210,f_jpg?from=ke.com
20240131,房山,长阳,101113862354,国际花园2号院 边户三居室 明厨明卫,365万,40897元/平,中楼层 (共18层) | 2014年 | 3室1厅 | 89.25平米 | 东 南 北,https://ke-image.ljcdn.com/110000-inspection/pc1_p5zkQvRGH.jpg!m_fill,w_280,h_210,f_jpg?from=ke.com
20240131,房山,长阳,101113843212,碧桂园小区C区 南北通透大三居,480万,27615元/平,中楼层 (共9层) | 2007年 | 4室1厅 | 173.82平米 | 南 北,https://ke-image.ljcdn.com/110000-inspection/pc1_ZtgBAFh3D_1.jpg!m_fill,w_280,h_210,f_jpg?from=ke.com
20240131,房山,长阳,101113840206,此房满五唯一 高楼层 采光好 视线好 南北通透大两居房主自荐,263万,22537元/平,顶层 (共6层) | 2002年 | 2室2厅 | 116.7平米 | 南 北,https://ke-image.ljcdn.com/110000-inspection/c0fc8202-0c2c-4404-b36a-71165f222e4e_1000.jpg!m_fill,w_280,h_210,f_jpg?from=ke.com
20240131,房山,长阳,101113804165,大宁湾 大宁山庄四区 低密度洋房,766万,39900元/平,中楼层 (共6层) | 2013年 | 5室2厅 | 191.98平米 | 南 北,https://ke-image.ljcdn.com/110000-inspection/pc1_rDFvRI59O.jpg!m_fill,w_280,h_210,f_jpg?from=ke.com
20240131,房山,长阳,101113794321,世茂维拉 高楼层精装一居室 业主诚心出售 随时看房,199万,33223元/平,高楼层 (共15层) | 2015年 | 1室1厅 | 59.9平米 | 西,https://ke-image.ljcdn.com/110000-inspection/pc1_btiJkUm07_1.jpg!m_fill,w_280,h_210,f_jpg?from=ke.com
20240131,房山,长阳,101113699174,金地朗悦润园 南北 三居 诚意出售,420万,46522元/平,低楼层 (共6层) | 2014年 | 3室1厅 | 90.28平米 | 南 北,https://ke-image.ljcdn.com/110000-inspection/ce5c77a7-ded1-4969-b090-6e1d7dfc29eb_1000.jpg!m_fill,w_280,h_210,f_jpg?from=ke.com
20240131,房山,长阳,101113638734,碧波园小区高楼层精装三居室。,396万,27548元/平,高楼层 (共6层) | 2005年 | 3室2厅 | 143.75平米 | 南 北,https://ke-image.ljcdn.com/110000-inspection/pc1_mUjZlQmGT.jpg!m_fill,w_280,h_210,f_jpg?from=ke.com
20240131,房山,长阳,101113620845,万科新里程55号院南向精装修两居,365万,41662元/平,高楼层 (共9层) | 2013年 | 2室1厅 | 87.61平米 | 南,https://ke-image.ljcdn.com/110000-inspection/pc1_1ju9TYtUv_1.jpg!m_fill,w_280,h_210,f_jpg?from=ke.com
20240131,房山,长阳,101113577392,新里程55号院 南北通透 满五唯一 全明格局,359万,40063元/平,低楼层 (共9层) | 2013年 | 2室1厅 | 89.61平米 | 南 北,https://ke-image.ljcdn.com/110000-inspection/pc1_HamvTN3xm_1.jpg!m_fill,w_280,h_210,f_jpg?from=ke.com
20240131,房山,长阳,101113544060,天资华府南北通透精装三居室,385万,33262元/平,中楼层 (共19层) | 2017年 | 3室2厅 | 115.75平米 | 南 北,https://ke-image.ljcdn.com/110000-inspection/pc1_3uoeVpZKb.jpg!m_fill,w_280,h_210,f_jpg?from=ke.com
20240131,房山,长阳,101113535034,国际花园2号院  高楼层精装修,255万,33360元/平,顶层 (共18层) | 2014年 | 2室1厅 | 76.44平米 | 南 北,https://ke-image.ljcdn.com/110000-inspection/pc1_idQS7FQ1d.jpg!m_fill,w_280,h_210,f_jpg?from=ke.com
20240131,房山,长阳,101113498086,世茂维拉艺林北街22号院南北通透两居室,260万,37808元/平,高楼层 (共16层) | 2015年 | 2室1厅 | 68.77平米 | 南 北,https://ke-image.ljcdn.com/110000-inspection/pc1_QlddoMQOg_1.jpg!m_fill,w_280,h_210,f_jpg?from=ke.com
20240131,房山,长阳,101113437509,房子满五年业主在京名下无其他住宅中间层观景房,345万,29337元/平,低楼层 (共16层) | 2007年 | 3室2厅 | 117.6平米 | 南 北,https://ke-image.ljcdn.com/110000-inspection/pc1_D0wE3zet9_1.jpg!m_fill,w_280,h_210,f_jpg?from=ke.com
20240131,房山,长阳,101113410548,国际城满五唯一南北通透三居室。,410万,45954元/平,高楼层 (共20层) | 2012年 | 3室1厅 | 89.22平米 | 南 北,https://ke-image.ljcdn.com/110000-inspection/pc1_nTkdN7pzJ.jpg!m_fill,w_280,h_210,f_jpg?from=ke.com
20240131,房山,长阳,101113365758,世茂维拉 大一居 东西通透 看房方便 满五唯一房主自荐,179万,26147元/平,底层 (共15层) | 2015年 | 1室1厅 | 68.46平米 | 东 西,https://ke-image.ljcdn.com/110000-inspection/pc1_MTSDu2q0y.jpg!m_fill,w_280,h_210,f_jpg?from=ke.com
20240131,房山,长阳,101113321947,世茂维拉艺林北街22号院南向精装修一居室,210万,37927元/平,中楼层 (共16层) | 2015年 | 1室1厅 | 55.37平米 | 南,https://ke-image.ljcdn.com/110000-inspection/pc1_04pfEK2gS_1.jpg!m_fill,w_280,h_210,f_jpg?from=ke.com
20240131,房山,长阳,101113298399,万科新里程55号院精装修自住看房方便,359万,40397元/平,底层 (共9层) | 2013年 | 2室1厅 | 88.87平米 | 南 北,https://ke-image.ljcdn.com/110000-inspection/pc1_L2riQeRoB_1.jpg!m_fill,w_280,h_210,f_jpg?from=ke.com
20240131,房山,长阳,101113167840,世茂维拉 西向一居室 看房方便,175万,29138元/平,低楼层 (共15层) | 2015年 | 1室1厅 | 60.06平米 | 西,https://ke-image.ljcdn.com/110000-inspection/pc1_iFwsOeDyz_1.jpg!m_fill,w_280,h_210,f_jpg?from=ke.com
20240131,房山,长阳,101113077720,满五唯一南北通透客厅双卧室三面朝南明厨明卫,400万,29903元/平,底层 (共13层) | 2009年 | 3室2厅 | 133.77平米 | 南 北,https://ke-image.ljcdn.com/110000-inspection/pc1_Vg9AVxaNP_1.jpg!m_fill,w_280,h_210,f_jpg?from=ke.com
20240131,房山,长阳,101113074472,艺林北街22号院高楼层正规一居室,198万,33056元/平,高楼层 (共15层) | 2015年 | 1室1厅 | 59.9平米 | 西,https://ke-image.ljcdn.com/110000-inspection/pc1_F2T4nSgdF.jpg!m_fill,w_280,h_210,f_jpg?from=ke.com
20240131,房山,长阳,101112661808,长阳半岛2号院  业主诚心出售  看房方便,500万,54254元/平,底层 (共9层) | 2012年 | 3室1厅 | 92.16平米 | 南 北,https://ke-image.ljcdn.com/110000-inspection/pc1_4SiCSokzf_1.jpg!m_fill,w_280,h_210,f_jpg?from=ke.com
20240131,房山,长阳,101112390510,邑上公馆 临地铁 电梯洋房 南北通透 户型方正,450万,48149元/平,中楼层 (共4层) | 2014年 | 2室1厅 | 93.46平米 | 南 北,https://ke-image.ljcdn.com/110000-inspection/9c03f7f4-25c9-4d27-92ab-499e340010d1_1000.jpg!m_fill,w_280,h_210,f_jpg?from=ke.com
20240131,房山,长阳,101112067183,长阳光合作用精装修跃层满五唯一诚心出售,405万,44871元/平,顶层 (共8层) | 2013年 | 4室2厅 | 90.26平米 | 南 北,https://ke-image.ljcdn.com/110000-inspection/14a42eb9-08c7-4a05-ad24-20051214f699_1000.jpg!m_fill,w_280,h_210,f_jpg?from=ke.com
20240131,房山,长阳,101111990276,碧波园三居室 高楼层 视野好 南北通透 近地铁 满两年房主自荐,338万,27608元/平,高楼层 (共6层) | 2004年 | 3室2厅 | 122.43平米 | 南 北,https://ke-image.ljcdn.com/110000-inspection/pc1_4QKnAXzic_1.jpg!m_fill,w_280,h_210,f_jpg?from=ke.com
20240131,房山,长阳,101111862572,加州水郡三期 全南向一居室 户型方正 采光好,205万,34530元/平,低楼层 (共11层) 1室1厅 | 59.37平米 | 南,https://ke-image.ljcdn.com/110000-inspection/pc1_9vHbTNORq_1.jpg!m_fill,w_280,h_210,f_jpg?from=ke.com
20240131,房山,长阳,101111856152,满五年唯一南向正规一居室高楼层采光充足。,205万,38069元/平,中楼层 (共16层) | 2015年 | 1室1厅 | 53.85平米 | 南,https://ke-image.ljcdn.com/110000-inspection/pc1_EXOlqTJX5_1.jpg!m_fill,w_280,h_210,f_jpg?from=ke.com
20240131,房山,长阳,101111695843,世茂维拉 高楼层 视野开阔 满五年  业主自住 近地铁房主自荐,205万,34099元/平,高楼层 (共14层) | 2015年 | 2室1厅 | 60.12平米 | 西,https://ke-image.ljcdn.com/110000-inspection/pc1_n2fXkmUr9_1.jpg!m_fill,w_280,h_210,f_jpg?from=ke.com
20240131,房山,长阳,101111221385,中粮京西祥云 精装大四居室 科技品质住宅,705万,55714元/平,低楼层 (共18层) | 2019年 | 4室1厅 | 126.54平米 | 南 北,https://ke-image.ljcdn.com/110000-inspection/ec1e654b-d4cd-488a-9265-a02f26bb0e26_1000.jpg!m_fill,w_280,h_210,f_jpg?from=ke.com
20240131,房山,长阳,101110971100,满五唯一南向正规一居室近地铁,196万,34022元/平,低楼层 (共16层) | 2015年 | 1室1厅 | 57.61平米 | 南,https://ke-image.ljcdn.com/110000-inspection/pc1_r1NoO9fC9_1.jpg!m_fill,w_280,h_210,f_jpg?from=ke.com
20240131,房山,长阳,101110732256,天骄俊园双卫三居 高楼层 近地铁 满五年,370万,30911元/平,高楼层 (共6层) | 2008年 | 3室1厅 | 119.7平米 | 南 北,https://ke-image.ljcdn.com/110000-inspection/pc1_bXf89rqsp_1.jpg!m_fill,w_280,h_210,f_jpg?from=ke.com
20240131,房山,长阳,101110417047,五矿名品 经典南北通透 中间楼层 采光无遮挡房主自荐,655万,43081元/平,低楼层 (共10层) | 2016年 | 3室2厅 | 152.04平米 | 南 北,https://ke-image.ljcdn.com/110000-inspection/e9957b76-5a08-4cc7-8b42-01d3e52dde75_1000.jpg!m_fill,w_280,h_210,f_jpg?from=ke.com
20240131,房山,长阳,101110059863,大宁山庄三区C区  南北通透 三居室精装修,420万,32350元/平,中楼层 (共5层) | 2004年 | 3室2厅 | 129.83平米 | 南 北,https://ke-image.ljcdn.com/110000-inspection/pc1_WsUq4THbY_2.jpg!m_fill,w_280,h_210,f_jpg?from=ke.com
20240131,房山,长阳,101108572340,大宁山庄三区满五年唯一南北通透房主自荐,465万,35726元/平,中楼层 (共5层) | 2004年 | 3室2厅 | 130.16平米 | 南 北,https://ke-image.ljcdn.com/110000-inspection/prod-cdddaba6-d0aa-42ee-a633-0a6d65e41104.jpg!m_fill,w_280,h_210,f_jpg?from=ke.com
20240131,房山,长阳,101108472017,大宁山庄 南北通透 诚心出售 精装修,479万,29974元/平,中楼层 (共5层) | 2004年 | 4室2厅 | 159.81平米 | 南 北,https://ke-image.ljcdn.com/110000-inspection/pc1_72pXzWWp1.jpg!m_fill,w_280,h_210,f_jpg?from=ke.com
20240131,房山,长阳,101107827524,长阳半岛全南两居看房提前约即可,409万,46478元/平,底层 (共28层) | 2012年 | 2室1厅 | 88平米 | 南,https://ke-image.ljcdn.com/110000-inspection/pc1_o0W0cWnMs_1.jpg!m_fill,w_280,h_210,f_jpg?from=ke.com
20240131,房山,长阳,101107634150,天资华府精装三居室 南北通透观景房,409万,34821元/平,低楼层 (共19层) | 2017年 | 3室2厅 | 117.46平米 | 南 北,https://ke-image.ljcdn.com/110000-inspection/pc1_IvLfUCwyq_1.jpg!m_fill,w_280,h_210,f_jpg?from=ke.com
20240131,房山,长阳,101107514735,房子装修好楼间距大装修好就没有住过诚心出售,700万,55680元/平,低楼层 (共18层) | 2019年 | 3室2厅 | 125.72平米 | 南 北,https://ke-image.ljcdn.com/110000-inspection/pc1_1q0UuPUFJ_1.jpg!m_fill,w_280,h_210,f_jpg?from=ke.com
20240131,房山,长阳,101106694375,精装修下叠别墅 拎包入住 交通方便,1002万,39677元/平,底层 (共5层) | 2015年 | 5室2厅 | 252.54平米 | 南 北,https://ke-image.ljcdn.com/110000-inspection/pc1_9wxIaDM5o_1.jpg!m_fill,w_280,h_210,f_jpg?from=ke.com
20240131,房山,长阳,101106216299,南北双通透户型近地铁精装修。自住看房随时房主自荐,298万,42493元/平,低楼层 (共6层) | 2014年 | 2室1厅 | 70.13平米 | 南 北,https://ke-image.ljcdn.com/110000-inspection/pc1_shj5BFc9c_1.jpg!m_fill,w_280,h_210,f_jpg?from=ke.com
20240131,房山,长阳,101104568528,西棕榈滩次新房毛坯没住过南北全通透楼层好,365万,27417元/平,低楼层 (共14层) | 2009年 | 3室1厅 | 133.13平米 | 南 北,https://ke-image.ljcdn.com/110000-inspection/prod-a9c78179-ab92-48f6-9553-ed663072734b.jpg!m_fill,w_280,h_210,f_jpg?from=ke.com
20240131,房山,长阳,101122838506,{大区推荐}金地朗悦悦园三居室明厨明卫南北通透新上,405万,46323元/平,中楼层 (共7层) 3室1厅 | 87.43平米 | 南 北,https://ke-image.ljcdn.com/110000-inspection/pc1_oWLVa2hyo.jpg!m_fill,w_280,h_210,f_jpg?from=ke.com
20240131,房山,长阳,101122837888,金地朗悦润园  无遮挡 明厨明卫  满五唯一  精装修新上,430万,47789元/平,中楼层 (共6层) 3室1厅 | 89.98平米 | 南 北,https://ke-image.ljcdn.com/110000-inspection/pc1_jGlmLFtwd.jpg!m_fill,w_280,h_210,f_jpg?from=ke.com
20240131,房山,长阳,101122833611,康泽佳苑南区 2室1厅 南 北新上,206万,38534元/平,中楼层 (共18层) | 2014年 | 2室1厅 | 53.46平米 | 南 北,https://ke-image.ljcdn.com/110000-inspection/pc1_HYd4WRdxy_1.jpg!m_fill,w_280,h_210,f_jpg?from=ke.com
20240131,房山,长阳,101122830343,长阳 世茂维拉 精装自住下跃 上下各100平看房随时新上,510万,25189元/平,底层 (共12层) | 2015年 | 4室1厅 | 202.47平米 | 南 北,https://ke-image.ljcdn.com/110000-inspection/pc1_LsQFjITvJ.jpg!m_fill,w_280,h_210,f_jpg?from=ke.com
20240131,房山,长阳,101122830332,长阳半岛3号院 花园宽10米 长2.5米 满五唯一新上,528万,48057元/平,底层 (共9层) | 2013年 | 3室1厅 | 109.87平米 | 南 北,https://ke-image.ljcdn.com/110000-inspection/pc1_ys7CYdKGs.jpg!m_fill,w_280,h_210,f_jpg?from=ke.com
20240131,房山,长阳,101122830104,碧波园 2室2厅 南 北新上,278万,24875元/平,中楼层 (共6层) | 2002年 | 2室2厅 | 111.76平米 | 南 北,https://ke-image.ljcdn.com/110000-inspection/pc1_Fh0D3axdM.jpg!m_fill,w_280,h_210,f_jpg?from=ke.com
20240131,房山,长阳,101122829002,店长推荐半岛一号院 明厨明卫 满五唯一 随时签约房源新上,330万,37150元/平,高楼层 (共21层) 2室1厅 | 88.83平米 | 东南 北,https://ke-image.ljcdn.com/110000-inspection/pc1_CblFS457E_1.jpg!m_fill,w_280,h_210,f_jpg?from=ke.com
20240131,房山,长阳,101122828944,万科.金域缇香 精装修 南向采光好 只有契税 高层一居新上,220万,35348元/平,高楼层 (共18层) | 2014年 | 1室1厅 | 62.24平米 | 南,https://ke-image.ljcdn.com/110000-inspection/pc1_nUAi4daEu_1.jpg!m_fill,w_280,h_210,f_jpg?from=ke.com
20240131,房山,长阳,101122812767,金域缇香 3室1厅 东 南 北新上,398万,37848元/平,低楼层 (共18层) | 2015年 | 3室1厅 | 105.16平米 | 东 南 北,https://ke-image.ljcdn.com/110000-inspection/pc1_MJWlvUNYp_1.jpg!m_fill,w_280,h_210,f_jpg?from=ke.com
20240131,房山,长阳,101122809959,徜徉嘉园5号院南北三居电梯入户户型诚意出售新上,576万,41725元/平,中楼层 (共16层) | 2013年 | 3室2厅 | 138.05平米 | 南 北,https://ke-image.ljcdn.com/110000-inspection/pc1_gOfaNWdOT.jpg!m_fill,w_280,h_210,f_jpg?from=ke.com
20240131,房山,长阳,101122805553,加州水郡三期 3室2厅 南 北新上,388万,28893元/平,低楼层 (共12层) | 2010年 | 3室2厅 | 134.29平米 | 南 北,https://ke-image.ljcdn.com/110000-inspection/pc1_vQIe1Tyvl.jpg!m_fill,w_280,h_210,f_jpg?from=ke.com
20240131,房山,长阳,101122804538,加州水郡三期141号楼南向格局视野开阔装修好新上,252万,27693元/平,高楼层 (共15层) | 2009年 | 2室1厅 | 91平米 | 南,https://ke-image.ljcdn.com/110000-inspection/pc1_2C33diVJb_2.jpg!m_fill,w_280,h_210,f_jpg?from=ke.com
20240131,房山,长阳,101122796066,国际花园4号院 新上三居室 诚心出售 中高楼层 采光好新上,320万,35783元/平,中楼层 (共18层) | 2014年 | 3室1厅 | 89.43平米 | 南 北,https://ke-image.ljcdn.com/110000-inspection/pc1_0EiydfutS.jpg!m_fill,w_280,h_210,f_jpg?from=ke.com
20240131,房山,长阳,101122792376,满五唯一南北通透下跃户型格局舒适精装修新上,420万,61738元/平,底层 (共9层) 3室1厅 | 68.03平米 | 南 北,https://ke-image.ljcdn.com/110000-inspection/pc1_wuLh94vhq_1.jpg!m_fill,w_280,h_210,f_jpg?from=ke.com
20240131,房山,长阳,101122791408,《店长推荐》碧波园精装修三居室新上,300万,27428元/平,顶层 (共6层) | 2003年 | 3室1厅 | 109.38平米 | 南 北,https://ke-image.ljcdn.com/110000-inspection/pc1_uf4DNwpns.jpg!m_fill,w_280,h_210,f_jpg?from=ke.com
20240131,房山,长阳,101122790931,长阳光合作用 跃层 每层层高都一样 诚心卖 随时看房新上,470万,50419元/平,底层 (共8层) | 2012年 | 5室2厅 | 93.22平米 | 南 北,https://ke-image.ljcdn.com/110000-inspection/pc1_qRAVLnSRJ_1.jpg!m_fill,w_280,h_210,f_jpg?from=ke.com
20240131,房山,长阳,101122781773,长阳半岛怡和路6号院 3室2厅 南 北新上,697万,42001元/平,低楼层 (共15层) | 2015年 | 3室2厅 | 165.95平米 | 南 北,https://ke-image.ljcdn.com/110000-inspection/pc1_iu6ubfu8E.jpg!m_fill,w_280,h_210,f_jpg?from=ke.com
20240131,房山,长阳,101122779217,首开熙悦山澜庭 南北向两居室 业主诚心出售新上,300万,40204元/平,顶层 (共21层) | 2014年 | 2室1厅 | 74.62平米 | 南 北,https://ke-image.ljcdn.com/110000-inspection/pc1_nZEDiNQkR.jpg!m_fill,w_280,h_210,f_jpg?from=ke.com
20240131,房山,长阳,101122774850,加州水郡优质大三居二次精装好户型好采光好位置新上,411万,29857元/平,中楼层 (共14层) | 2010年 | 3室2厅 | 137.66平米 | 南 北,https://ke-image.ljcdn.com/110000-inspection/e9707a73-d37c-4926-aa6b-28792d1fc0a3_1000.jpg!m_fill,w_280,h_210,f_jpg?from=ke.com
20240131,房山,长阳,101122774016,近地铁 南北通透 电梯洋房 满五唯一 拎包入住新上,288万,34591元/平,低楼层 (共6层) | 2014年 | 2室1厅 | 83.26平米 | 东南 北,https://ke-image.ljcdn.com/110000-inspection/pc1_HG4m8Ghhr.jpg!m_fill,w_280,h_210,f_jpg?from=ke.com
20240131,房山,长阳,101122770668,长阳半岛怡和南路10号院102.58平米三居室新上,469万,45721元/平,低楼层 (共11层) | 2015年 | 3室1厅 | 102.58平米 | 南 北,https://ke-image.ljcdn.com/110000-inspection/pc1_Yq97JfaZ6.jpg!m_fill,w_280,h_210,f_jpg?from=ke.com
20240131,房山,长阳,101122768746,原香小镇一区南北通透三居室两卫中间位置高楼层新上,435万,35847元/平,高楼层 (共10层) | 2010年 | 3室1厅 | 121.35平米 | 南 北,https://ke-image.ljcdn.com/110000-inspection/a6a01d01-cbf4-4ca3-912d-a160445a7c0e_1000.jpg!m_fill,w_280,h_210,f_jpg?from=ke.com
20240131,房山,长阳,101122766244,《店长推荐》世茂维拉精装修三居室新上,350万,35152元/平,低楼层 (共12层) | 2015年 | 3室1厅 | 99.57平米 | 南 北,https://ke-image.ljcdn.com/110000-inspection/1aa9fdbe-a938-4e6b-8365-b553db99db33_1000.jpg!m_fill,w_280,h_210,f_jpg?from=ke.com
20240131,房山,长阳,101122755106,天资璟庭满五唯一南北通透户型方正诚心出售刷卡入住,320万,29946元/平,低楼层 (共12层) | 2013年 | 2室2厅 | 106.86平米 | 南 北,https://ke-image.ljcdn.com/110000-inspection/74fe6d0f-0262-43a9-8f87-9850af6792b6_1000.jpg!m_fill,w_280,h_210,f_jpg?from=ke.com
20240131,房山,长阳,101122754615,天资璟庭南北通透户型方正诚心出售刷卡入住,410万,31825元/平,中楼层 (共9层) | 2013年 | 3室1厅 | 128.83平米 | 南 北,https://ke-image.ljcdn.com/110000-inspection/pc1_gY03T755I_1.jpg!m_fill,w_280,h_210,f_jpg?from=ke.com
20240131,房山,长阳,101122754149,五矿名品学院墅  南北3居 前后花园 幽静居所,680万,49137元/平,中楼层 (共7层) | 2017年 | 3室2厅 | 138.39平米 | 南 北,https://ke-image.ljcdn.com/110000-inspection/pc1_YpULJKNL0.jpg!m_fill,w_280,h_210,f_jpg?from=ke.com
20240131,房山,长阳,101122752873,门口位置二次精装高楼层采光视野好,202万,34780元/平,中楼层 (共11层) | 2009年 | 1室1厅 | 58.08平米 | 东北 西北,https://ke-image.ljcdn.com/110000-inspection/26b5d4e7-5f14-47c9-a0e0-dee6d42e665a_1000.jpg!m_fill,w_280,h_210,f_jpg?from=ke.com
20240131,房山,长阳,101122751942,此房南北通透仅契税看房方便新上,229万,31366元/平,底层 (共14层) | 2010年 | 1室1厅 | 73.01平米 | 南 北,https://ke-image.ljcdn.com/110000-inspection/pc1_B7TzYRapr_2.jpg!m_fill,w_280,h_210,f_jpg?from=ke.com
20240131,房山,长阳,101122738140,康泽佳苑南区 好楼层 诚意出售 随时看房,185万,34946元/平,中楼层 (共18层) | 2014年 | 2室1厅 | 52.94平米 | 南 北,https://ke-image.ljcdn.com/110000-inspection/pc1_6OC68nlG4.jpg!m_fill,w_280,h_210,f_jpg?from=ke.com
20240131,房山,长阳,101122733782,此房满五唯一户型方正南北向双通透；高楼层,400万,44410元/平,高楼层 (共21层) | 2014年 | 2室1厅 | 90.07平米 | 南 北,https://ke-image.ljcdn.com/110000-inspection/pc1_w84UEJrdM.jpg!m_fill,w_280,h_210,f_jpg?from=ke.com
20240131,房山,长阳,101122732080,北京城建徜徉墅 6室7厅 南 北,1690万,48867元/平,底层 (共3层) | 2014年 | 6室7厅 | 345.84平米 | 南 北,https://ke-image.ljcdn.com/110000-inspection/pc1_rtMbSKjzt.jpg!m_fill,w_280,h_210,f_jpg?from=ke.com
20240131,房山,长阳,101122730472,首开熙悦山熹园3号院 2室1厅 南 北,350万,39941元/平,底层 (共21层) | 2013年 | 2室1厅 | 87.63平米 | 南 北,https://ke-image.ljcdn.com/110000-inspection/pc1_f3LnrmD9I_1.jpg!m_fill,w_280,h_210,f_jpg?from=ke.com
20240131,房山,长阳,101122729113,房子满五唯一装修好业主换房诚心出售随时签约,366万,29571元/平,中楼层 (共15层) | 2007年 | 3室2厅 | 123.77平米 | 南 北,https://ke-image.ljcdn.com/110000-inspection/pc1_1rcWR28EP.jpg!m_fill,w_280,h_210,f_jpg?from=ke.com
20240131,房山,长阳,101122723348,商品房顶层跃层客厅挑空6米100平米平台。,730万,25518元/平,顶层 (共13层) | 2009年 | 5室2厅 | 286.08平米 | 南 北,https://ke-image.ljcdn.com/110000-inspection/pc1_ch76jbzDL_1.jpg!m_fill,w_280,h_210,f_jpg?from=ke.com
20240131,房山,长阳,101122722525,康泽佳苑南区 1室1厅 南,206万,38022元/平,底层 (共28层) | 2014年 | 1室1厅 | 54.18平米 | 南,https://ke-image.ljcdn.com/110000-inspection/pc1_vPfjkdAi7.jpg!m_fill,w_280,h_210,f_jpg?from=ke.com
20240131,房山,长阳,101122722445,康泽佳苑北区 2室1厅 南,305万,39839元/平,中楼层 (共18层) 2室1厅 | 76.56平米 | 南,https://ke-image.ljcdn.com/110000-inspection/pc1_wvPajpRkI.jpg!m_fill,w_280,h_210,f_jpg?from=ke.com
20240131,房山,长阳,101122720250,康泽佳苑北区 3室1厅 南 西 北,320万,36208元/平,高楼层 (共30层) 3室1厅 | 88.38平米 | 南 西 北,https://ke-image.ljcdn.com/110000-inspection/pc1_U2Xx2gKEr_1.jpg!m_fill,w_280,h_210,f_jpg?from=ke.com
20240131,房山,长阳,101122720222,康泽佳苑北区 3室1厅 南 北,346万,39444元/平,低楼层 (共25层) 3室1厅 | 87.72平米 | 南 北,https://ke-image.ljcdn.com/110000-inspection/pc1_xUjpPLNOU_1.jpg!m_fill,w_280,h_210,f_jpg?from=ke.com
20240131,房山,长阳,101122719524,康泽佳苑北区 3室1厅 西 南 北,300万,38014元/平,低楼层 (共30层) | 2015年 | 3室1厅 | 78.92平米 | 西 南 北,https://ke-image.ljcdn.com/110000-inspection/pc1_wl0w69sKN_1.jpg!m_fill,w_280,h_210,f_jpg?from=ke.com
20240131,房山,长阳,101122719368,此房满五唯一商品房中高层视野好采光好,242万,38225元/平,高楼层 (共17层) | 2014年 | 1室1厅 | 63.31平米 | 南,https://ke-image.ljcdn.com/110000-inspection/pc1_x3DYqK8WV_1.jpg!m_fill,w_280,h_210,f_jpg?from=ke.com
20240131,房山,长阳,101122717733,康泽佳苑北区 2室1厅 南,285万,36432元/平,中楼层 (共30层) | 2015年 | 2室1厅 | 78.23平米 | 南,https://ke-image.ljcdn.com/110000-inspection/pc1_NaNTVC3un.jpg!m_fill,w_280,h_210,f_jpg?from=ke.com
20240131,房山,长阳,101122714862,康泽佳苑北区 2室1厅 南,289万,36316元/平,中楼层 (共30层) 2室1厅 | 79.58平米 | 南,https://ke-image.ljcdn.com/110000-inspection/pc1_IdcLHF6Je.jpg!m_fill,w_280,h_210,f_jpg?from=ke.com
20240131,房山,长阳,101122713114,康泽佳苑北区南北向精装2居满五唯一楼层好位置佳诚售,275万,34260元/平,高楼层 (共30层) 2室1厅 | 80.27平米 | 南 北,https://ke-image.ljcdn.com/110000-inspection/pc1_p45tXpHh4.jpg!m_fill,w_280,h_210,f_jpg?from=ke.com
20240131,房山,长阳,101122712416,康泽佳苑北区精装南向1居满五唯一楼层好位置佳随时看,235万,38224元/平,高楼层 (共30层) | 2015年 | 1室1厅 | 61.48平米 | 南,https://ke-image.ljcdn.com/110000-inspection/pc1_UACPIJ4Vi.jpg!m_fill,w_280,h_210,f_jpg?from=ke.com
20240131,房山,长阳,101122709354,康泽佳苑南区 2室1厅 南,183万,33622元/平,低楼层 (共22层) | 2014年 | 2室1厅 | 54.43平米 | 南,https://ke-image.ljcdn.com/110000-inspection/pc1_qBx2TvRTi.jpg!m_fill,w_280,h_210,f_jpg?from=ke.com
20240131,房山,长阳,101122709096,满五唯一全南户型一层视野开阔采光充足,378万,45439元/平,底层 (共18层) | 2013年 | 2室1厅 | 83.19平米 | 南,https://ke-image.ljcdn.com/110000-inspection/pc1_zcUlayLjV.jpg!m_fill,w_280,h_210,f_jpg?from=ke.com
20240131,房山,长阳,101122707441,加州水郡三期 门口位置 视野开阔 采光充足 仅契税房主自荐,191万,32544元/平,高楼层 (共14层) | 2009年 | 1室1厅 | 58.69平米 | 南,https://ke-image.ljcdn.com/110000-inspection/pc1_eSKZ8yFxL.jpg!m_fill,w_280,h_210,f_jpg?from=ke.com
20240131,房山,长阳,101122701160,康泽佳苑北区 南向两居室 满五唯一,295万,36899元/平,低楼层 (共25层) 2室0厅 | 79.95平米 | 南,https://ke-image.ljcdn.com/110000-inspection/pc1_mLX3vJDfS.jpg!m_fill,w_280,h_210,f_jpg?from=ke.com
20240131,房山,长阳,101122697771,店长推荐  万科新里程59号院 精装修房主自荐,360万,51224元/平,底层 (共13层) | 2015年 | 1室1厅 | 70.28平米 | 南,https://ke-image.ljcdn.com/110000-inspection/pc1_Dvc5yE5zX_1.jpg!m_fill,w_280,h_210,f_jpg?from=ke.com
20240131,房山,长阳,101122677282,禾香雅园满五唯一高楼层复式采光好店长推荐,400万,45720元/平,顶层 (共7层) | 2013年 | 3室1厅 | 87.49平米 | 南 北,https://ke-image.ljcdn.com/110000-inspection/pc1_BVfSHwpdG_1.jpg!m_fill,w_280,h_210,f_jpg?from=ke.com
20240131,房山,长阳,101122676760,天泰新景位置安静精装修店长推荐,186万,30388元/平,中楼层 (共6层) | 2007年 | 1室1厅 | 61.21平米 | 东南,https://ke-image.ljcdn.com/110000-inspection/pc1_sayHHbuom_1.jpg!m_fill,w_280,h_210,f_jpg?from=ke.com
20240131,房山,长阳,101122672669,康泽佳苑北区 2室1厅 南 北,228万,36870元/平,低楼层 (共25层) | 2015年 | 2室1厅 | 61.84平米 | 南 北,https://ke-image.ljcdn.com/110000-inspection/pc1_ycPnnjFh6.jpg!m_fill,w_280,h_210,f_jpg?from=ke.com
20240131,房山,长阳,101122665187,房子南北通透两居自住装修保持好看房方便,295万,33285元/平,中楼层 (共11层) 2室1厅 | 88.63平米 | 南 北,https://ke-image.ljcdn.com/110000-inspection/pc1_dbmC6zR68_1.jpg!m_fill,w_280,h_210,f_jpg?from=ke.com
20240131,房山,长阳,101122645457,畅和园9号院南向一居室高楼层满五唯一,233万,35573元/平,高楼层 (共21层) 1室1厅 | 65.5平米 | 南,https://ke-image.ljcdn.com/110000-inspection/pc1_XKqLGkXBn.jpg!m_fill,w_280,h_210,f_jpg?from=ke.com
20240131,房山,长阳,101122643165,世茂维拉 2室1厅 南 北,239万,34603元/平,高楼层 (共16层) | 2015年 | 2室1厅 | 69.07平米 | 南 北,https://ke-image.ljcdn.com/110000-inspection/0f425a89-40c6-4778-86a1-2f361c425655_1000.jpg!m_fill,w_280,h_210,f_jpg?from=ke.com
20240131,房山,长阳,101122638753,康泽佳苑南区 满五唯一 三居室 诚信出售,228万,34847元/平,顶层 (共28层) | 2014年 | 3室2厅 | 65.43平米 | 西南 北,https://ke-image.ljcdn.com/110000-inspection/pc1_grRkMIay9_1.jpg!m_fill,w_280,h_210,f_jpg?from=ke.com
20240131,房山,长阳,101122625709,首开熙悦山澜庭 三居室 楼层好 采光充足业主诚心出售,460万,46181元/平,低楼层 (共21层) | 2014年 | 3室2厅 | 99.61平米 | 东南 北,https://ke-image.ljcdn.com/110000-inspection/pc1_UCg1HSS1i_1.jpg!m_fill,w_280,h_210,f_jpg?from=ke.com
20240131,房山,长阳,101122624358,长阳半岛怡和路1号院 精装修全南向两居室业主诚心出售,386万,45778元/平,顶层 (共20层) | 2013年 | 2室1厅 | 84.32平米 | 南,https://ke-image.ljcdn.com/110000-inspection/pc1_auEttNYTG_1.jpg!m_fill,w_280,h_210,f_jpg?from=ke.com
20240131,房山,长阳,101122616995,北京城建徜徉墅联排别墅南北通透可装电梯,1490万,44736元/平,地下室 (共3层) | 2014年 | 5室2厅 | 333.07平米 | 东 南 西 北,https://ke-image.ljcdn.com/110000-inspection/pc1_8Dlba8YMN_2.jpg!m_fill,w_280,h_210,f_jpg?from=ke.com
20240131,房山,长阳,101122615578,金地朗悦沁园 4室2厅 南 北,660万,54028元/平,底层 (共7层) | 2014年 | 4室2厅 | 122.16平米 | 南 北,https://ke-image.ljcdn.com/110000-inspection/pc1_pPnMITVpX_1.jpg!m_fill,w_280,h_210,f_jpg?from=ke.com
20240131,房山,长阳,101122613173,首开熙悦山澜庭 2室1厅 南 北,319万,43109元/平,低楼层 (共21层) | 2014年 | 2室1厅 | 74平米 | 南 北,https://ke-image.ljcdn.com/110000-inspection/pc1_fU7wVEjCp.jpg!m_fill,w_280,h_210,f_jpg?from=ke.com
20240131,房山,长阳,101122612837,长阳半岛怡和路1号院 3室1厅 南 北,430万,44528元/平,顶层 (共12层) | 2014年 | 3室1厅 | 96.57平米 | 南 北,https://ke-image.ljcdn.com/110000-inspection/pc1_kxvRmpMtZ.jpg!m_fill,w_280,h_210,f_jpg?from=ke.com
20240131,房山,长阳,101122605830,清苑嘉园 高楼层 视野好 无遮挡,165万,27505元/平,高楼层 (共15层) | 2017年 | 1室1厅 | 59.99平米 | 西,https://ke-image.ljcdn.com/110000-inspection/pc1_FYpK1bXNM.jpg!m_fill,w_280,h_210,f_jpg?from=ke.com
20240131,房山,长阳,101122603472,碧桂园小区C区 2室1厅 南 北,245万,26712元/平,低楼层 (共11层) | 2007年 | 2室1厅 | 91.72平米 | 南 北,https://ke-image.ljcdn.com/110000-inspection/pc1_cnA63PeZM_1.jpg!m_fill,w_280,h_210,f_jpg?from=ke.com
20240131,房山,长阳,101122600966,万科.金域缇香 满五唯一 精装修 南北通透 边户 三居室,456万,41897元/平,高楼层 (共16层) | 2015年 | 3室1厅 | 108.84平米 | 南 北,https://ke-image.ljcdn.com/110000-inspection/pc1_G6hT94PrE_1.jpg!m_fill,w_280,h_210,f_jpg?from=ke.com
20240131,房山,长阳,101122598141,芭蕾雨悦都南区南北通透复式精装修,485万,59685元/平,顶层 (共8层) | 2012年 | 3室1厅 | 81.26平米 | 南 北,https://ke-image.ljcdn.com/110000-inspection/pc1_yTsKpQc4U_1.jpg!m_fill,w_280,h_210,f_jpg?from=ke.com
20240131,房山,长阳,101122593663,翠林漫步优质大三居比同户型大6平观景中间位置房主自荐,416万,32037元/平,中楼层 (共10层) | 2011年 | 3室2厅 | 129.85平米 | 东 南 北,https://ke-image.ljcdn.com/110000-inspection/pc1_xLsC79tZM.jpg!m_fill,w_280,h_210,f_jpg?from=ke.com
20240131,房山,长阳,101122586608,康泽佳苑北区 南北两居 中间楼层 业主诚心出售,279万,36443元/平,低楼层 (共18层) 2室1厅 | 76.56平米 | 南 北,https://ke-image.ljcdn.com/110000-inspection/pc1_FpUCDBBNo.jpg!m_fill,w_280,h_210,f_jpg?from=ke.com
20240131,房山,长阳,101122584533,碧桂园小区二区南北通透低楼层采光视野好诚心出售,180万,27093元/平,低楼层 (共6层) 1室1厅 | 66.44平米 | 南 北,https://ke-image.ljcdn.com/110000-inspection/pc1_w7L8x3gQ2.jpg!m_fill,w_280,h_210,f_jpg?from=ke.com
20240131,房山,长阳,101122581551,首开熙悦山澜庭  精装修  可以养绿植种花草  拎包入住房主自荐,348万,52993元/平,底层 (共21层) | 2014年 | 2室1厅 | 65.67平米 | 南,https://ke-image.ljcdn.com/110000-inspection/ec67d268-4bce-4d79-a672-1d85291d8515_1000.jpg!m_fill,w_280,h_210,f_jpg?from=ke.com
20240131,房山,长阳,101122581150,天泰新景 3室1厅 南 北,301万,27157元/平,低楼层 (共6层) | 2005年 | 3室1厅 | 110.84平米 | 南 北,https://ke-image.ljcdn.com/110000-inspection/pc1_kAk5LzcKG.jpg!m_fill,w_280,h_210,f_jpg?from=ke.com
20240131,房山,长阳,101122577306,芭蕾雨悦都南区精装大三居、高楼层、满五唯一,479万,39950元/平,中楼层 (共9层) | 2013年 | 3室1厅 | 119.9平米 | 西 南 北,https://ke-image.ljcdn.com/110000-inspection/pc1_ZTgndbxQw_1.jpg!m_fill,w_280,h_210,f_jpg?from=ke.com
20240131,房山,长阳,101122576452,首开熙悦山熹园1号院精装修三居室诚意出售,449万,44500元/平,高楼层 (共9层) | 2013年 | 3室2厅 | 100.9平米 | 南 北,https://ke-image.ljcdn.com/110000-inspection/pc1_qGAaDdX0B_2.jpg!m_fill,w_280,h_210,f_jpg?from=ke.com
20240131,房山,长阳,101122576253,金地朗悦沁园 5室2厅 南 北,690万,45371元/平,顶层 (共7层) | 2014年 | 5室2厅 | 152.08平米 | 南 北,https://ke-image.ljcdn.com/110000-inspection/pc1_I7tPs2O8c_2.jpg!m_fill,w_280,h_210,f_jpg?from=ke.com
20240131,房山,长阳,101122573747,长阳光合作用南北通透三居室诚意出售,335万,35480元/平,顶层 (共11层) | 2012年 | 3室1厅 | 94.42平米 | 南 北,https://ke-image.ljcdn.com/110000-inspection/pc1_tHrHE0UJy.jpg!m_fill,w_280,h_210,f_jpg?from=ke.com
20240131,房山,长阳,101122573691,建邦华庭东区 精装修 诚心出售 店长推荐,379万,42130元/平,中楼层 (共16层) | 2013年 | 2室1厅 | 89.96平米 | 南,https://ke-image.ljcdn.com/110000-inspection/pc1_yX5Px6HlY.jpg!m_fill,w_280,h_210,f_jpg?from=ke.com
20240131,房山,长阳,101122571302,康泽佳苑南区精装2居南北通透满五唯一楼层好位置佳,198万,37401元/平,中楼层 (共18层) | 2014年 | 2室1厅 | 52.94平米 | 南 北,https://ke-image.ljcdn.com/110000-inspection/pc1_oB6yvFVz6.jpg!m_fill,w_280,h_210,f_jpg?from=ke.com
20240131,房山,长阳,101122570394,长阳半岛怡和路1号院 精装修两居室 业主诚心出售,348万,41272元/平,顶层 (共20层) | 2013年 | 2室1厅 | 84.32平米 | 南,https://ke-image.ljcdn.com/110000-inspection/pc1_sqc1u5XQq.jpg!m_fill,w_280,h_210,f_jpg?from=ke.com
20240131,房山,长阳,101122570156,云湾三居 南北通透格局 户型方正 业主诚心出售,445万,46072元/平,低楼层 (共12层) | 2014年 | 3室1厅 | 96.59平米 | 南 北,https://ke-image.ljcdn.com/110000-inspection/pc1_1qOpTraEe_1.jpg!m_fill,w_280,h_210,f_jpg?from=ke.com
20240131,房山,长阳,101122569534,中粮京西祥云 5室2厅 南 北,850万,34817元/平,底层 (共17层) 5室2厅 | 244.14平米 | 南 北,https://ke-image.ljcdn.com/110000-inspection/pc1_6DK7neSF2.jpg!m_fill,w_280,h_210,f_jpg?from=ke.com
20240131,房山,长阳,101122559906,首开熙悦山澜庭 南北通透大两居带独立书房 精装修房主自荐,418万,46788元/平,高楼层 (共21层) | 2014年 | 2室1厅 | 89.34平米 | 南 北,https://ke-image.ljcdn.com/110000-inspection/pc1_2eLg404pb_1.jpg!m_fill,w_280,h_210,f_jpg?from=ke.com
20240131,房山,长阳,101122557872,碧桂园小区二区 3室1厅 南 北,300万,27288元/平,底层 (共6层) | 2004年 | 3室1厅 | 109.94平米 | 南 北,https://ke-image.ljcdn.com/110000-inspection/pc1_v3cyVB0RM_1.jpg!m_fill,w_280,h_210,f_jpg?from=ke.com
20240131,房山,长阳,101122556722,首开熙悦山澜庭 2室1厅 南,369万,43597元/平,低楼层 (共21层) | 2014年 | 2室1厅 | 84.64平米 | 南,https://ke-image.ljcdn.com/110000-inspection/pc1_C0trDrRNw_1.jpg!m_fill,w_280,h_210,f_jpg?from=ke.com
20240131,房山,长阳,101122550695,万年广阳郡九号 次顶层 中间户 采光好房主自荐,760万,45539元/平,高楼层 (共7层) | 2018年 | 3室2厅 | 166.89平米 | 南 北,https://ke-image.ljcdn.com/110000-inspection/pc1_R2NsYQuXR_1.jpg!m_fill,w_280,h_210,f_jpg?from=ke.com
20240131,房山,长阳,101122549438,天泰新景 3室2厅 南 北,259万,26429元/平,低楼层 (共6层) | 2008年 | 3室2厅 | 98平米 | 南 北,https://ke-image.ljcdn.com/110000-inspection/pc1_pj3DFbZQ0.jpg!m_fill,w_280,h_210,f_jpg?from=ke.com
20240131,房山,长阳,101122547303,此房满五唯一业主诚心出售。采光好楼层好。,212万,38462元/平,低楼层 (共22层) | 2014年 | 2室1厅 | 55.12平米 | 南 北,https://ke-image.ljcdn.com/110000-inspection/pc1_3fjt4Uj7I.jpg!m_fill,w_280,h_210,f_jpg?from=ke.com
20240131,房山,长阳,101122546647,康泽佳苑南区 满五唯一 近地铁全明格局 自住装修,235万,36149元/平,低楼层 (共28层) | 2014年 | 3室1厅 | 65.01平米 | 东南,https://ke-image.ljcdn.com/110000-inspection/pc1_2t2uokVxG.jpg!m_fill,w_280,h_210,f_jpg?from=ke.com
20240131,房山,长阳,101122543976,康泽佳苑南区精装南向2居户型方正采光好楼层佳随时看,214万,39477元/平,高楼层 (共28层) | 2014年 | 2室1厅 | 54.21平米 | 南,https://ke-image.ljcdn.com/110000-inspection/pc1_CiotK1Z3W.jpg!m_fill,w_280,h_210,f_jpg?from=ke.com
20240131,房山,长阳,101122543160,康泽佳苑南区精装1居东北向户型方正采光好楼层佳,160万,37357元/平,高楼层 (共28层) | 2014年 | 1室1厅 | 42.83平米 | 东北,https://ke-image.ljcdn.com/110000-inspection/pc1_X3gCm9AIY_1.jpg!m_fill,w_280,h_210,f_jpg?from=ke.com
20240131,房山,长阳,101122540871,康泽佳苑南区精装3居全明格局户型方正采光好随时看,265万,41634元/平,顶层 (共18层) | 2014年 | 3室1厅 | 63.65平米 | 南 北,https://ke-image.ljcdn.com/110000-inspection/pc1_zlZlTIMvi_2.jpg!m_fill,w_280,h_210,f_jpg?from=ke.com
20240131,房山,长阳,101122538139,禾香雅园满五唯一精装修店长推荐房主自荐,295万,33319元/平,低楼层 (共11层) 2室1厅 | 88.54平米 | 南 北,https://ke-image.ljcdn.com/110000-inspection/pc1_XCyj0XROl.jpg!m_fill,w_280,h_210,f_jpg?from=ke.com
20240131,房山,长阳,101122537602,天泰新景满五唯一精装修店长推荐,280万,22214元/平,顶层 (共6层) | 2010年 | 3室1厅 | 126.05平米 | 西 北 南,https://ke-image.ljcdn.com/110000-inspection/pc1_ntPHAFQY0_1.jpg!m_fill,w_280,h_210,f_jpg?from=ke.com
20240131,房山,长阳,101122536737,首开熙悦山熹园1号院双卫两居室 南北通透 户型好,330万,36477元/平,高楼层 (共18层) | 2013年 | 2室1厅 | 90.47平米 | 南 北,https://ke-image.ljcdn.com/110000-inspection/pc1_9cmb7QOMi.jpg!m_fill,w_280,h_210,f_jpg?from=ke.com
20240131,房山,长阳,101122531724,康泽佳苑南区一居室户型方正楼层好,160万,37835元/平,中楼层 (共28层) | 2014年 | 1室1厅 | 42.29平米 | 西,https://ke-image.ljcdn.com/110000-inspection/pc1_rYwiFkOQL.jpg!m_fill,w_280,h_210,f_jpg?from=ke.com
20240131,房山,长阳,101122530028,首创新悦都二区 3室2厅 南 北,339万,41677元/平,低楼层 (共9层) 3室2厅 | 81.34平米 | 南 北,https://ke-image.ljcdn.com/110000-inspection/pc1_bReA53txd.jpg!m_fill,w_280,h_210,f_jpg?from=ke.com
20240131,房山,长阳,101122529140,眼镜两居卧室分开互不打扰卧室面积大中高楼层,225万,25735元/平,高楼层 (共15层) | 2010年 | 2室1厅 | 87.43平米 | 东 东南,https://ke-image.ljcdn.com/110000-inspection/pc1_sZ1dWPfqY_1.jpg!m_fill,w_280,h_210,f_jpg?from=ke.com
20240131,房山,长阳,101122524928,康泽佳苑南区精装南向1居满五唯一户型方正采光好,236万,42980元/平,底层 (共28层) | 2014年 | 2室1厅 | 54.91平米 | 南,https://ke-image.ljcdn.com/110000-inspection/pc1_WAsaWzUFZ.jpg!m_fill,w_280,h_210,f_jpg?from=ke.com
20240131,房山,长阳,101122523761,康泽佳苑南区精装南北向2居经典户型全明格局满五唯一,188万,34108元/平,低楼层 (共22层) | 2014年 | 2室1厅 | 55.12平米 | 南 北,https://ke-image.ljcdn.com/110000-inspection/pc1_JU6Ld5ucS.jpg!m_fill,w_280,h_210,f_jpg?from=ke.com
20240131,房山,长阳,101122523479,首开熙悦山澜庭满五唯一精装修大三居,619万,43777元/平,低楼层 (共18层) | 2015年 | 3室2厅 | 141.4平米 | 南 北,https://ke-image.ljcdn.com/110000-inspection/pc1_ucM4ZbiAm.jpg!m_fill,w_280,h_210,f_jpg?from=ke.com
20240131,房山,长阳,101122519701,首开熙悦山澜庭  南向两居 装修好 可拎包入住,349万,41573元/平,低楼层 (共21层) | 2014年 | 2室1厅 | 83.95平米 | 南,https://ke-image.ljcdn.com/110000-inspection/pc1_0cHhPLjvH_1.jpg!m_fill,w_280,h_210,f_jpg?from=ke.com
20240131,房山,长阳,101122503007,长阳半岛怡和南路8号院 诚心出售,576万,53275元/平,底层 (共11层) 3室1厅 | 108.12平米 | 南 北,https://ke-image.ljcdn.com/110000-inspection/pc1_5ZeXUWvIA_2.jpg!m_fill,w_280,h_210,f_jpg?from=ke.com
20240131,房山,长阳,101122494129,满五唯一随时看房位置安静没有噪音,270万,31605元/平,底层 (共6层) | 2003年 | 2室1厅 | 85.43平米 | 南 北,https://ke-image.ljcdn.com/110000-inspection/pc1_8eVEL1NUC.jpg!m_fill,w_280,h_210,f_jpg?from=ke.com
20240131,房山,长阳,101122487839,长阳半岛4号院满五年唯一南北通透,355万,52229元/平,底层 (共9层) | 2012年 | 2室1厅 | 67.97平米 | 南 北,https://ke-image.ljcdn.com/110000-inspection/pc1_O6LrVQAPM_1.jpg!m_fill,w_280,h_210,f_jpg?from=ke.com
20240131,房山,长阳,101122487129,万科新里程59号院  西南北三居  临天街近地铁,472万,44655元/平,中楼层 (共15层) | 2015年 | 3室2厅 | 105.7平米 | 东南 北,https://ke-image.ljcdn.com/110000-inspection/05e23e87-77ce-4835-8e64-68df05784127_1000.jpg!m_fill,w_280,h_210,f_jpg?from=ke.com
20240131,房山,长阳,101122485426,绿地花都苑小区中间位置南北通透三居室中间层一梯两户,380万,32947元/平,中楼层 (共12层) | 2012年 | 3室1厅 | 115.34平米 | 南 北,https://ke-image.ljcdn.com/110000-inspection/pc1_BfexwsRC9_1.jpg!m_fill,w_280,h_210,f_jpg?from=ke.com
20240131,房山,长阳,101122484377,西悦欣居东西通透精装明厨明卫两居室看房方便,290万,32625元/平,低楼层 (共21层) | 2012年 | 2室1厅 | 88.89平米 | 东 西,https://ke-image.ljcdn.com/110000-inspection/pc1_bOBfRAtQZ_1.jpg!m_fill,w_280,h_210,f_jpg?from=ke.com
20240131,房山,长阳,101122481183,长阳半岛4号院中间位置好楼层户型明厨明卫采光通风好,475万,46396元/平,高楼层 (共16层) | 2012年 | 3室1厅 | 102.38平米 | 南 北,https://ke-image.ljcdn.com/110000-inspection/pc1_HhkkuJS7b.jpg!m_fill,w_280,h_210,f_jpg?from=ke.com
20240131,房山,长阳,101122476439,徜徉嘉园5号院顶层复式房源满五一套,790万,63064元/平,顶层 (共9层) 5室1厅 | 125.27平米 | 南 北,https://ke-image.ljcdn.com/110000-inspection/pc1_B5Arh7E7w.jpg!m_fill,w_280,h_210,f_jpg?from=ke.com
20240131,房山,长阳,101122474404,禾香雅园精装南北通透两居室 可拎包入住,308万,35012元/平,中楼层 (共8层) | 2012年 | 2室1厅 | 87.97平米 | 南 北,https://ke-image.ljcdn.com/110000-inspection/pc1_96s4c5Hpb.jpg!m_fill,w_280,h_210,f_jpg?from=ke.com
20240131,房山,长阳,101122472555,西悦欣居 南北通透精装两居出售,322万,37003元/平,中楼层 (共18层) | 2012年 | 2室1厅 | 87.02平米 | 南 北,https://ke-image.ljcdn.com/110000-inspection/pc1_5Tr2VbFje_1.jpg!m_fill,w_280,h_210,f_jpg?from=ke.com
20240131,房山,长阳,101122471976,房子满两年原始购买价高北面有河观景房,349万,29741元/平,低楼层 (共18层) | 2015年 | 3室1厅 | 117.35平米 | 南 北,https://ke-image.ljcdn.com/110000-inspection/pc1_iDdXQJoRa.jpg!m_fill,w_280,h_210,f_jpg?from=ke.com
20240131,房山,长阳,101122466751,加州水郡四期东北向正规一居室全明格局户型方正房主自荐,188万,32611元/平,高楼层 (共11层) | 2011年 | 1室1厅 | 57.65平米 | 东北,https://ke-image.ljcdn.com/110000-inspection/211883e3-5b3d-42f4-934a-1d50e565c98b_1000.jpg!m_fill,w_280,h_210,f_jpg?from=ke.com
20240131,房山,长阳,101122455876,五矿名品 1室1厅 南,260万,38360元/平,高楼层 (共18层) 1室1厅 | 67.78平米 | 南,https://ke-image.ljcdn.com/110000-inspection/pc1_iRQvDGqpj.jpg!m_fill,w_280,h_210,f_jpg?from=ke.com
20240131,房山,长阳,101122450682,祥云街7号院 满五唯一 南北通透 全明格局 位置安静,305万,34866元/平,低楼层 (共18层) | 2012年 | 2室1厅 | 87.48平米 | 东 南 北,https://ke-image.ljcdn.com/110000-inspection/pc1_smznkFo7Y_1.jpg!m_fill,w_280,h_210,f_jpg?from=ke.com
20240131,房山,长阳,101122445702,首开熙悦山澜庭 南北明厨明卫三居 户型方正 专梯入户,629万,44491元/平,高楼层 (共18层) | 2015年 | 3室2厅 | 141.38平米 | 南 北,https://ke-image.ljcdn.com/110000-inspection/pc1_OqVfIX0Wv.jpg!m_fill,w_280,h_210,f_jpg?from=ke.com
20240131,房山,长阳,101122442155,西悦雅居 南向2居 商品房 满五唯一,299万,33611元/平,低楼层 (共18层) 2室1厅 | 88.96平米 | 南,https://ke-image.ljcdn.com/110000-inspection/pc1_JlD6AbtQP.jpg!m_fill,w_280,h_210,f_jpg?from=ke.com
20240131,房山,长阳,101122442103,西悦欣居 南向2居 满五唯一 诚心出售,307万,35566元/平,中楼层 (共21层) | 2012年 | 2室1厅 | 86.32平米 | 南,https://ke-image.ljcdn.com/110000-inspection/pc1_tLyqxLWT9.jpg!m_fill,w_280,h_210,f_jpg?from=ke.com
20240131,房山,长阳,101122441785,铭品嘉苑  南向一居 新型社区,190万,26981元/平,低楼层 (共20层) 1室1厅 | 70.42平米 | 南,https://ke-image.ljcdn.com/110000-inspection/pc1_oVz5c0EWw_1.jpg!m_fill,w_280,h_210,f_jpg?from=ke.com
20240131,房山,长阳,101122440246,徜徉嘉园8号院 南北3居 双卫 满五唯一,588万,46003元/平,低楼层 (共15层) | 2014年 | 3室1厅 | 127.82平米 | 南 北,https://ke-image.ljcdn.com/110000-inspection/pc1_7ojbk6CnR.jpg!m_fill,w_280,h_210,f_jpg?from=ke.com
20240131,房山,长阳,101122439282,改善户型大面宽三个阳面采光且南北通透,608万,42999元/平,高楼层 (共18层) | 2015年 | 3室2厅 | 141.4平米 | 东 南 北,https://ke-image.ljcdn.com/110000-inspection/pc1_TSaayozJM.jpg!m_fill,w_280,h_210,f_jpg?from=ke.com
20240131,房山,长阳,101122437840,长阳半岛怡和路6号院 下跃户型 有钥匙 满五唯一,709万,56159元/平,底层 (共9层) | 2015年 | 5室1厅 | 126.25平米 | 南 北,https://ke-image.ljcdn.com/110000-inspection/pc1_maMuuL3r2_1.jpg!m_fill,w_280,h_210,f_jpg?from=ke.com
20240131,房山,长阳,101122437685,南北大两居精装修两个卫生间业主换房诚售房主自荐,299万,28887元/平,低楼层 (共15层) | 2007年 | 2室1厅 | 103.51平米 | 南 北,https://ke-image.ljcdn.com/110000-inspection/pc1_Pj5dmjlyV_2.jpg!m_fill,w_280,h_210,f_jpg?from=ke.com
20240131,房山,长阳,101122424268,新悦都二区两居室南北通透自住精装修看房方便,305万,40243元/平,高楼层 (共17层) | 2014年 | 2室1厅 | 75.79平米 | 南 北,https://ke-image.ljcdn.com/110000-inspection/pc1_M0zpawWU0.jpg!m_fill,w_280,h_210,f_jpg?from=ke.com
20240131,房山,长阳,101122415228,加州水郡三期 小区中间位置 出行方便 低楼层房主自荐,173万,29787元/平,底层 (共11层) | 2009年 | 1室1厅 | 58.08平米 | 西北,https://ke-image.ljcdn.com/110000-inspection/pc1_J9JmEZhxC.jpg!m_fill,w_280,h_210,f_jpg?from=ke.com
20240131,房山,长阳,101122413653,加州水郡三期 南北通透两居 近2号门 楼前无遮挡房主自荐,285万,32952元/平,低楼层 (共11层) | 2010年 | 2室2厅 | 86.49平米 | 南 北,https://ke-image.ljcdn.com/110000-inspection/pc1_AdQK7ZNnr.jpg!m_fill,w_280,h_210,f_jpg?from=ke.com
20240131,房山,长阳,101122413502,金地朗悦悦园 精装修跃层 南北朝向房主自荐,650万,49676元/平,顶层 (共7层) | 2014年 | 4室2厅 | 130.85平米 | 南 北,https://ke-image.ljcdn.com/110000-inspection/pc1_60T9I0qBR_1.jpg!m_fill,w_280,h_210,f_jpg?from=ke.com
20240131,房山,长阳,101122413220,加州二期 一梯两户 环境好户型优 满5唯一 诚意出售,327万,29075元/平,顶层 (共9层) | 2007年 | 2室2厅 | 112.47平米 | 南 北,https://ke-image.ljcdn.com/110000-inspection/pc1_Ybzzcp1HI_1.jpg!m_fill,w_280,h_210,f_jpg?from=ke.com
20240131,房山,长阳,101122413120,加州水郡二期 二次精装修 西南北朝向 低密度洋房社区,299万,27015元/平,底层 (共9层) | 2007年 | 3室1厅 | 110.68平米 | 西 南 北,https://ke-image.ljcdn.com/110000-inspection/pc1_kvWIfUIQX_1.jpg!m_fill,w_280,h_210,f_jpg?from=ke.com
20240131,房山,长阳,101122411303,此房满五年唯一南北通透格局视野开阔采光充足；,380万,43679元/平,高楼层 (共28层) 2室1厅 | 87平米 | 南 北,https://ke-image.ljcdn.com/110000-inspection/pc1_tvuAcNizJ_1.jpg!m_fill,w_280,h_210,f_jpg?from=ke.com
20240131,房山,长阳,101122411288,万科品质社区自持物业安全性高户型棒居住舒；,739万,45424元/平,高楼层 (共15层) | 2014年 | 3室2厅 | 162.69平米 | 南 北,https://ke-image.ljcdn.com/110000-inspection/pc1_Ve8Qolrop.jpg!m_fill,w_280,h_210,f_jpg?from=ke.com
20240131,房山,长阳,101122410632,原香小镇一区 2室1厅 南 北,279万,31651元/平,低楼层 (共10层) | 2010年 | 2室1厅 | 88.15平米 | 南 北,https://ke-image.ljcdn.com/110000-inspection/pc1_uRuNYLSHf_1.jpg!m_fill,w_280,h_210,f_jpg?from=ke.com
20240131,房山,长阳,101122407474,长阳半岛怡和路8号院  南北通透  全明三居室,510万,50054元/平,低楼层 (共9层) | 2013年 | 3室1厅 | 101.89平米 | 南 北,https://ke-image.ljcdn.com/110000-inspection/pc1_Y9N2ZRZah.jpg!m_fill,w_280,h_210,f_jpg?from=ke.com
20240131,房山,长阳,101122390236,加州水郡二期 3室1厅 南 北,385万,23826元/平,低楼层 (共9层) | 2007年 | 3室1厅 | 161.59平米 | 南 北,https://ke-image.ljcdn.com/110000-inspection/cd210ab3-9b81-47f3-82fd-30593171b28c_1000.jpg!m_fill,w_280,h_210,f_jpg?from=ke.com
20240131,房山,长阳,101122386553,康泽佳苑北区南北一居室业主诚心出售,235万,37800元/平,高楼层 (共30层) 1室1厅 | 62.17平米 | 南 北,https://ke-image.ljcdn.com/110000-inspection/pc1_MhLlZk7wZ.jpg!m_fill,w_280,h_210,f_jpg?from=ke.com
20240131,房山,长阳,101122382781,加州水郡西区三期满五唯一南北通透中间位置房主自荐,356万,30537元/平,中楼层 (共14层) | 2009年 | 2室2厅 | 116.58平米 | 南 北,https://ke-image.ljcdn.com/110000-inspection/pc1_F6w6mXTCO.jpg!m_fill,w_280,h_210,f_jpg?from=ke.com
20240131,房山,长阳,101122368127,满五唯一 精装 户型方正 落地窗 阳光充足 采光亮,269万,33067元/平,中楼层 (共7层) | 2013年 | 2室1厅 | 81.35平米 | 南,https://ke-image.ljcdn.com/110000-inspection/pc1_Z1UH9zpzO.jpg!m_fill,w_280,h_210,f_jpg?from=ke.com
20240131,房山,长阳,101122366323,国誉府 4室1厅 南 北,758万,46721元/平,高楼层 (共19层) | 2017年 | 4室1厅 | 162.24平米 | 南 北,https://ke-image.ljcdn.com/110000-inspection/pc1_95skWy1No_1.jpg!m_fill,w_280,h_210,f_jpg?from=ke.com
20240131,房山,长阳,101122366261,五矿名品 3室2厅 南 北,588万,44148元/平,高楼层 (共7层) | 2016年 | 3室2厅 | 133.19平米 | 南 北,https://ke-image.ljcdn.com/110000-inspection/pc1_0ltV9hsvK.jpg!m_fill,w_280,h_210,f_jpg?from=ke.com
20240131,房山,长阳,101122360316,九洲溪雅苑二区 南北通透 户型方正 无遮挡 采光好,498万,27504元/平,底层 (共13层) | 2009年 | 3室1厅 | 181.07平米 | 南 北,https://ke-image.ljcdn.com/110000-inspection/pc1_d1MOAQ419.jpg!m_fill,w_280,h_210,f_jpg?from=ke.com
20240131,房山,长阳,101122360110,长阳半岛怡和路3号院全南两居业主诚意出售,420万,49634元/平,低楼层 (共18层) | 2014年 | 2室1厅 | 84.62平米 | 南,https://ke-image.ljcdn.com/110000-inspection/pc1_4fyLWkAQf.jpg!m_fill,w_280,h_210,f_jpg?from=ke.com
20240131,房山,长阳,101122351956,长阳半岛祥云街2号院 诚心出售 多多推荐,365万,41643元/平,低楼层 (共28层) | 2012年 | 2室1厅 | 87.65平米 | 南 北,https://ke-image.ljcdn.com/110000-inspection/pc1_NqfsUvPYZ_2.jpg!m_fill,w_280,h_210,f_jpg?from=ke.com
20240131,房山,长阳,101122348113,长阳半岛怡和路1号院 2室1厅 南 北,430万,46079元/平,顶层 (共18层) | 2014年 | 2室1厅 | 93.32平米 | 南 北,https://ke-image.ljcdn.com/110000-inspection/pc1_CioFtO0IL_1.jpg!m_fill,w_280,h_210,f_jpg?from=ke.com
20240131,房山,长阳,101122342551,加州水郡四期 92.67平 首套首付30% 户型方正能看河景,259万,27949元/平,中楼层 (共15层) 2室2厅 | 92.67平米 | 东北,https://ke-image.ljcdn.com/110000-inspection/b98fe39b-50d9-43ab-8a65-44026287d02d_1000.jpg!m_fill,w_280,h_210,f_jpg?from=ke.com
20240131,房山,长阳,101122341703,康泽佳苑经典一居室无浪费面积格局方正,150万,35554元/平,低楼层 (共28层) | 2014年 | 1室1厅 | 42.19平米 | 东北,https://ke-image.ljcdn.com/110000-inspection/pc1_2SOBOkYXp.jpg!m_fill,w_280,h_210,f_jpg?from=ke.com
20240131,房山,长阳,101122341607,翠林漫步南北三居 自住装修保持好 中间楼层房主自荐,425万,33906元/平,中楼层 (共10层) 3室2厅 | 125.35平米 | 南 北,https://ke-image.ljcdn.com/110000-inspection/pc1_iScURyRSy.jpg!m_fill,w_280,h_210,f_jpg?from=ke.com
20240131,房山,长阳,101122341421,满五唯一 位置好 出入小区方便房主自荐,228万,26141元/平,底层 (共14层) 2室1厅 | 87.22平米 | 西北,https://ke-image.ljcdn.com/110000-inspection/pc1_hcGUxqMsf.jpg!m_fill,w_280,h_210,f_jpg?from=ke.com
20240131,房山,长阳,101122340736,绿地花都苑 3室2厅 南 北,389万,39833元/平,底层 (共13层) | 2012年 | 3室2厅 | 97.66平米 | 南 北,https://ke-image.ljcdn.com/110000-inspection/pc1_TUzLLUAea.jpg!m_fill,w_280,h_210,f_jpg?from=ke.com
20240131,房山,长阳,101122326255,金地朗悦润园南北通透格局中间楼层视野采光好,445万,49456元/平,中楼层 (共6层) | 2014年 | 3室1厅 | 89.98平米 | 南 北,https://ke-image.ljcdn.com/110000-inspection/pc1_gjehBo9Yv.jpg!m_fill,w_280,h_210,f_jpg?from=ke.com
20240131,房山,长阳,101122324778,九洲溪雅苑一区 方正户型三居室 一梯一户 有电梯,405万,30898元/平,中楼层 (共14层) 3室2厅 | 131.08平米 | 南 北,https://ke-image.ljcdn.com/110000-inspection/pc1_IVrjhpKev.jpg!m_fill,w_280,h_210,f_jpg?from=ke.com
20240131,房山,长阳,101122321286,金地朗悦悦园 精装上跃 满五唯一 看房方便,610万,46704元/平,顶层 (共7层) | 2014年 | 4室2厅 | 130.61平米 | 南 北,https://ke-image.ljcdn.com/110000-inspection/pc1_ZotSs9rdg.jpg!m_fill,w_280,h_210,f_jpg?from=ke.com
20240131,房山,长阳,101122314055,万科物业精装3居满五唯一小区里面不临街,460万,48817元/平,低楼层 (共10层) 3室1厅 | 94.23平米 | 北 南,https://ke-image.ljcdn.com/110000-inspection/pc1_pkAqMW9t2.jpg!m_fill,w_280,h_210,f_jpg?from=ke.com
20240131,房山,长阳,101122313354,康泽佳苑南区精装3居南北通透明厨明卫满五唯一随时看,238万,36375元/平,高楼层 (共28层) | 2014年 | 3室1厅 | 65.43平米 | 南 北,https://ke-image.ljcdn.com/110000-inspection/pc1_zACHAxj7u.jpg!m_fill,w_280,h_210,f_jpg?from=ke.com
20240131,房山,长阳,101122311999,绿地花都苑满五唯一03户单独入户南北通透两居室,246万,27709元/平,低楼层 (共11层) 2室1厅 | 88.78平米 | 南 北,https://ke-image.ljcdn.com/110000-inspection/36807a84-d017-444c-bc1d-755d9b945363_1000.jpg!m_fill,w_280,h_210,f_jpg?from=ke.com
20240131,房山,长阳,101122309867,天资璟庭全明格局三居室保持的很好随时看房,380万,29545元/平,低楼层 (共11层) | 2013年 | 3室1厅 | 128.62平米 | 南 北,https://ke-image.ljcdn.com/110000-inspection/pc1_BQc5m94Un.jpg!m_fill,w_280,h_210,f_jpg?from=ke.com
20240131,房山,长阳,101122304462,五矿名品4-1-1-2 133.78m²,600万,44860元/平,高楼层 (共6层) | 2016年 | 4室1厅 | 133.75平米 | 南 北,https://ke-image.ljcdn.com/110000-inspection/pc1_B42Euc0US.jpg!m_fill,w_280,h_210,f_jpg?from=ke.com
20240131,房山,长阳,101122300180,满五唯一 看房随时 价格能谈 南北通透 看房随时,152万,28502元/平,顶层 (共6层) | 2008年 | 2室1厅 | 53.33平米 | 南 北,https://ke-image.ljcdn.com/110000-inspection/pc1_o2rEcwVCo.jpg!m_fill,w_280,h_210,f_jpg?from=ke.com
20240131,房山,长阳,101122281812,原香小镇二区 2室1厅 南 北,279万,32552元/平,中楼层 (共6层) | 2010年 | 2室1厅 | 85.71平米 | 南 北,https://ke-image.ljcdn.com/110000-inspection/pc1_Fjw6xilNC.jpg!m_fill,w_280,h_210,f_jpg?from=ke.com
20240131,房山,长阳,101122275378,金隅畅和园9号院 2室1厅 南 北,265万,32448元/平,高楼层 (共21层) | 2016年 | 2室1厅 | 81.67平米 | 南 北,https://ke-image.ljcdn.com/110000-inspection/e422bb8e-4a3f-47ee-9028-0a6273c87812_1000.jpg!m_fill,w_280,h_210,f_jpg?from=ke.com
20240131,房山,长阳,101122275351,首开熙悦山熹园3号院 精装南向两居室 可拎包入住,342万,40851元/平,低楼层 (共21层) 2室1厅 | 83.72平米 | 南,https://ke-image.ljcdn.com/110000-inspection/pc1_Ghte4dgLW.jpg!m_fill,w_280,h_210,f_jpg?from=ke.com
20240131,房山,长阳,101122273233,合景领峰8号院联排别墅自住精装修满五唯一,1280万,74341元/平,底层 (共2层) 7室2厅 | 172.18平米 | 南 北,https://ke-image.ljcdn.com/110000-inspection/pc1_tbEacUrH5.jpg!m_fill,w_280,h_210,f_jpg?from=ke.com
20240131,房山,长阳,101122272860,国际花园2号院房山 长阳 篱笆房房主自荐,287万,37502元/平,低楼层 (共18层) | 2014年 | 2室1厅 | 76.53平米 | 南 北,https://ke-image.ljcdn.com/110000-inspection/pc1_UTbyU4ktD_1.jpg!m_fill,w_280,h_210,f_jpg?from=ke.com
20240131,房山,长阳,101122267977,绿地花都苑 3室1厅 南 北房主自荐,338万,28939元/平,低楼层 (共12层) | 2012年 | 3室1厅 | 116.8平米 | 南 北,https://ke-image.ljcdn.com/110000-inspection/1fbbffdc-9de3-4ba3-ac05-869dca7b693c_1000.jpg!m_fill,w_280,h_210,f_jpg?from=ke.com
20240131,房山,长阳,101122263231,铭品嘉苑 精装修 满五唯一 明厨明卫 无遮挡,270万,30616元/平,底层 (共20层) 2室1厅 | 88.19平米 | 西 南,https://ke-image.ljcdn.com/110000-inspection/pc1_FbSRgxW9b.jpg!m_fill,w_280,h_210,f_jpg?from=ke.com
20240131,房山,长阳,101122263107,金地朗悦悦园 3室1厅 南 北房主自荐,415万,48077元/平,中楼层 (共7层) | 2014年 | 3室1厅 | 86.32平米 | 南 北,https://ke-image.ljcdn.com/110000-inspection/pc1_SBF0eZ0Df_1.jpg!m_fill,w_280,h_210,f_jpg?from=ke.com
20240131,房山,长阳,101122260272,康泽佳苑北区 南北通透三居室 诚信出售,387万,43948元/平,高楼层 (共25层) 3室1厅 | 88.06平米 | 北 西南,https://ke-image.ljcdn.com/110000-inspection/pc1_xdbdS6rpF.jpg!m_fill,w_280,h_210,f_jpg?from=ke.com
20240131,房山,长阳,101122253281,近地铁 满五唯一 南北通透 免费使用两个车位,259万,27070元/平,中楼层 (共6层) 2室1厅 | 95.68平米 | 南 北,https://ke-image.ljcdn.com/110000-inspection/pc1_AMXURZor2.jpg!m_fill,w_280,h_210,f_jpg?from=ke.com
20240131,房山,长阳,101122249499,天泰新景 南北通透两居室 精装修,258万,28268元/平,中楼层 (共6层) 2室1厅 | 91.27平米 | 南 北,https://ke-image.ljcdn.com/110000-inspection/pc1_JzJdBa5Gw_1.jpg!m_fill,w_280,h_210,f_jpg?from=ke.com
20240131,房山,长阳,101122248156,碧桂园小区二区 3室1厅 南 北,370万,25602元/平,中楼层 (共6层) | 2005年 | 3室1厅 | 144.52平米 | 南 北,https://ke-image.ljcdn.com/110000-inspection/6ec2ed3b-c9ca-4753-87c2-fa493455a6eb_1000.jpg!m_fill,w_280,h_210,f_jpg?from=ke.com
20240131,房山,长阳,101122245080,南北双通透可种菜满五年唯一随时看房,409万,48329元/平,底层 (共21层) | 2014年 | 2室1厅 | 84.63平米 | 南 北,https://ke-image.ljcdn.com/110000-inspection/pc1_5XgkIivuf.jpg!m_fill,w_280,h_210,f_jpg?from=ke.com
20240131,房山,长阳,101122236021,满五唯一有钥匙随时看房门口位置直通车位,339万,23433元/平,顶层 (共11层) | 2010年 | 3室2厅 | 144.67平米 | 东 西 北,https://ke-image.ljcdn.com/110000-inspection/pc1_n2QyPIzxj_1.jpg!m_fill,w_280,h_210,f_jpg?from=ke.com
20240131,房山,长阳,101122235460,原香小镇二区六层低密度带电梯花园洋房居住舒适,285万,33155元/平,中楼层 (共6层) | 2010年 | 2室1厅 | 85.96平米 | 南 北,https://ke-image.ljcdn.com/110000-inspection/pc1_bMenDuXCu.jpg!m_fill,w_280,h_210,f_jpg?from=ke.com
20240131,房山,长阳,101122230116,南北通透精装修保持好 楼层好 位置好 无遮挡采光好,285万,31576元/平,底层 (共8层) 2室1厅 | 90.26平米 | 南 北,https://ke-image.ljcdn.com/110000-inspection/pc1_KPm7RzJQN.jpg!m_fill,w_280,h_210,f_jpg?from=ke.com
20240131,房山,长阳,101122224199,绿地花都苑南北通透两居室中间楼层无遮挡,259万,29316元/平,中楼层 (共11层) | 2012年 | 2室1厅 | 88.35平米 | 南 北,https://ke-image.ljcdn.com/110000-inspection/pc1_LpWWP7MBG_2.jpg!m_fill,w_280,h_210,f_jpg?from=ke.com
20240131,房山,长阳,101122211776,天骄俊园 2室1厅 南 北,268万,30266元/平,中楼层 (共6层) | 2008年 | 2室1厅 | 88.55平米 | 南 北,https://ke-image.ljcdn.com/110000-inspection/16b6d3c9-eae7-4280-92b4-2d9b7f888224_1000.jpg!m_fill,w_280,h_210,f_jpg?from=ke.com
20240131,房山,长阳,101122209208,万科.金域缇香 南北通透 双卫三居室 看房方便,438万,38054元/平,顶层 (共21层) | 2014年 | 3室2厅 | 115.1平米 | 南 北,https://ke-image.ljcdn.com/110000-inspection/pc1_zgTr2b49M_1.jpg!m_fill,w_280,h_210,f_jpg?from=ke.com
20240131,房山,长阳,101122205476,精装修错层设计南北通透满五唯一诚业出售,525万,64449元/平,顶层 (共8层) 3室2厅 | 81.46平米 | 南 北,https://ke-image.ljcdn.com/110000-inspection/e05142c9-0582-4bb2-a522-daf3ae827002_1000.jpg!m_fill,w_280,h_210,f_jpg?from=ke.com
20240131,房山,长阳,101122191441,加州水郡三期西向眼镜两居3号门口位置,220万,25126元/平,底层 (共14层) | 2010年 | 2室1厅 | 87.56平米 | 西,https://ke-image.ljcdn.com/110000-inspection/pc1_hZ2EZslgW_1.jpg!m_fill,w_280,h_210,f_jpg?from=ke.com
20240131,房山,长阳,101122190234,天资华府 高楼层 南向两居 视野开阔 采光好,350万,37163元/平,高楼层 (共18层) | 2015年 | 2室1厅 | 94.18平米 | 南,https://ke-image.ljcdn.com/110000-inspection/pc1_duUR3Ofmk.jpg!m_fill,w_280,h_210,f_jpg?from=ke.com
20240131,房山,长阳,101122186162,商品房小区中间位置中高楼层采光充足。精装修直接住,300万,28596元/平,高楼层 (共14层) | 2009年 | 2室1厅 | 104.91平米 | 南 北,https://ke-image.ljcdn.com/110000-inspection/pc1_Et0tW23FU_2.jpg!m_fill,w_280,h_210,f_jpg?from=ke.com
20240131,房山,长阳,101122186089,首开熙悦山熹园1号院下跃精装修诚意出售,585万,37424元/平,底层 (共9层) | 2013年 | 4室2厅 | 156.32平米 | 南 北,https://ke-image.ljcdn.com/110000-inspection/pc1_LByt4G0qs_1.jpg!m_fill,w_280,h_210,f_jpg?from=ke.com
20240131,房山,长阳,101122183233,天资华府 高楼层视野开阔南北通透精装修东边户带窗户,468万,34415元/平,低楼层 (共19层) | 2015年 | 3室2厅 | 135.99平米 | 南 北,https://ke-image.ljcdn.com/110000-inspection/pc1_pfRySyHKV_1.jpg!m_fill,w_280,h_210,f_jpg?from=ke.com
20240131,房山,长阳,101122162338,长阳半岛4号院精装南北两居室中间楼中间位置看房方便房主自荐,391万,45250元/平,中楼层 (共17层) 2室1厅 | 86.41平米 | 南 北,https://ke-image.ljcdn.com/110000-inspection/pc1_UKJrnLYAF.jpg!m_fill,w_280,h_210,f_jpg?from=ke.com
20240131,房山,长阳,101122161505,翠林优质两居花园有储藏间只有契税自住装修房主自荐,329万,37856元/平,底层 (共11层) | 2012年 | 2室1厅 | 86.91平米 | 南 北,https://ke-image.ljcdn.com/110000-inspection/pc1_58Ftd5JLg.jpg!m_fill,w_280,h_210,f_jpg?from=ke.com
20240131,房山,长阳,101122156984,（店长力荐）五星好房 金地朗悦朗园南向 满五唯一两居,345万,45330元/平,顶层 (共12层) | 2013年 | 2室1厅 | 76.11平米 | 南,https://ke-image.ljcdn.com/110000-inspection/pc1_Z8yDXr37N.jpg!m_fill,w_280,h_210,f_jpg?from=ke.com
20240131,房山,长阳,101122139748,绿地花都苑满五年一套中间位置南北通透两居室,268万,30184元/平,底层 (共14层) | 2012年 | 2室1厅 | 88.79平米 | 南 北,https://ke-image.ljcdn.com/110000-inspection/pc1_LgDIwJOZv.jpg!m_fill,w_280,h_210,f_jpg?from=ke.com
20240131,房山,长阳,101122131707,首创新悦都二区 2室1厅 东 西,289万,40212元/平,低楼层 (共18层) | 2014年 | 2室1厅 | 71.87平米 | 东 西,https://ke-image.ljcdn.com/110000-inspection/7fcb1e6d-c51a-4188-bf40-d41654bfffd8_1000.jpg!m_fill,w_280,h_210,f_jpg?from=ke.com
20240131,房山,长阳,101122127753,金隅畅和园9号院 精装修 满五唯一 明厨明卫 无遮挡,213万,31749元/平,中楼层 (共22层) | 2016年 | 1室1厅 | 67.09平米 | 东南,https://ke-image.ljcdn.com/110000-inspection/pc1_Dqm4TG9K5_1.jpg!m_fill,w_280,h_210,f_jpg?from=ke.com
20240131,房山,长阳,101122116858,首开熙悦山熹园3号院满五唯一精装修采光好,435万,43483元/平,顶层 (共9层) 3室2厅 | 100.04平米 | 北 南,https://ke-image.ljcdn.com/110000-inspection/3fac549d-1b78-4ce8-ae07-c4884b710bd9_1000.jpg!m_fill,w_280,h_210,f_jpg?from=ke.com
20240131,房山,长阳,101122116532,康泽佳苑南区精装2居户型方正采光好楼层佳满五唯一,180万,34001元/平,低楼层 (共28层) | 2014年 | 2室1厅 | 52.94平米 | 西南,https://ke-image.ljcdn.com/110000-inspection/pc1_Gp7ZT0lAO.jpg!m_fill,w_280,h_210,f_jpg?from=ke.com
20240131,房山,长阳,101122102235,康泽佳苑南区精装修两居中间楼层中间位置,230万,37038元/平,中楼层 (共30层) 1室1厅 | 62.1平米 | 南 北,https://ke-image.ljcdn.com/110000-inspection/pc1_gWmXZB9Jk_1.jpg!m_fill,w_280,h_210,f_jpg?from=ke.com
20240131,房山,长阳,101122095171,二次精装修 楼层视野好 方正阳台 小区园林景观好,425万,33656元/平,高楼层 (共10层) | 2012年 | 3室1厅 | 126.28平米 | 南 北,https://ke-image.ljcdn.com/110000-inspection/pc1_1O1YnmafY.jpg!m_fill,w_280,h_210,f_jpg?from=ke.com
20240131,房山,长阳,101122093278,原香小镇一区 南北通透 带下跃 看房方便,340万,38272元/平,底层 (共10层) | 2010年 | 2室1厅 | 88.84平米 | 南 北,https://ke-image.ljcdn.com/110000-inspection/pc1_bUSodGf9A.jpg!m_fill,w_280,h_210,f_jpg?from=ke.com
20240131,房山,长阳,101122092267,碧桂园小区二区南北通透户型方正居住舒适诚心出售房主自荐,240万,27301元/平,中楼层 (共6层) | 2004年 | 2室1厅 | 87.91平米 | 南 北,https://ke-image.ljcdn.com/110000-inspection/pc1_gGxo24jhn.jpg!m_fill,w_280,h_210,f_jpg?from=ke.com
20240131,房山,长阳,101122082952,店长推荐 南北通透三居室 户型方正 近地铁房主自荐,328万,27513元/平,高楼层 (共6层) | 2008年 | 3室2厅 | 119.22平米 | 南 北,https://ke-image.ljcdn.com/110000-inspection/pc1_t3LUEgJb4.jpg!m_fill,w_280,h_210,f_jpg?from=ke.com
20240131,房山,长阳,101122081990,满五唯一好位置高楼层采光视野好居住舒适,350万,40138元/平,高楼层 (共21层) | 2013年 | 2室1厅 | 87.2平米 | 南 北,https://ke-image.ljcdn.com/110000-inspection/pc1_NSmdIAx6G_1.jpg!m_fill,w_280,h_210,f_jpg?from=ke.com
20240131,房山,长阳,101122080685,长阳半岛怡和路1号院 2室1厅 南 北,405万,43358元/平,中楼层 (共18层) | 2014年 | 2室1厅 | 93.41平米 | 南 北,https://ke-image.ljcdn.com/110000-inspection/pc1_WYB6tkQQl_1.jpg!m_fill,w_280,h_210,f_jpg?from=ke.com
20240131,房山,长阳,101122079466,加州水郡二期 2室1厅 南 北,320万,28085元/平,顶层 (共9层) | 2007年 | 2室1厅 | 113.94平米 | 南 北,https://ke-image.ljcdn.com/110000-inspection/efe94820-cf74-44e8-ac37-d2c28510fff3_1000.jpg!m_fill,w_280,h_210,f_jpg?from=ke.com
20240131,房山,长阳,101122077684,金地朗悦朗园中间楼层中间位置边户满五唯一,419万,46774元/平,中楼层 (共8层) | 2013年 | 3室1厅 | 89.58平米 | 南 北,https://ke-image.ljcdn.com/110000-inspection/pc1_TrhZvA9Za_1.jpg!m_fill,w_280,h_210,f_jpg?from=ke.com
20240131,房山,长阳,101122069034,翠林漫步中间楼层南北通透 采光好装修保持好房主自荐,291万,32624元/平,中楼层 (共9层) 2室1厅 | 89.2平米 | 南 北,https://ke-image.ljcdn.com/110000-inspection/a59f050b-6f2b-4c8f-96c2-a4b80e8a4414_1000.jpg!m_fill,w_280,h_210,f_jpg?from=ke.com
20240131,房山,长阳,101122064704,原香小镇二区 2室1厅 南 北,275万,31992元/平,高楼层 (共6层) 2室1厅 | 85.96平米 | 南 北,https://ke-image.ljcdn.com/110000-inspection/pc1_UiU1wnRME_1.jpg!m_fill,w_280,h_210,f_jpg?from=ke.com
20240131,房山,长阳,101122059668,加州水郡三期 两居 南北通透 大阳台 采光好,269万,29747元/平,低楼层 (共11层) 2室2厅 | 90.43平米 | 南 北,https://ke-image.ljcdn.com/110000-inspection/pc1_q6O6JFCxP.jpg!m_fill,w_280,h_210,f_jpg?from=ke.com
20240131,房山,长阳,101122059040,首开熙悦山熹园1号院 2室2厅 南 北,300万,34424元/平,低楼层 (共21层) 2室2厅 | 87.15平米 | 南 北,https://ke-image.ljcdn.com/110000-inspection/pc1_haIAbzDEX.jpg!m_fill,w_280,h_210,f_jpg?from=ke.com
20240131,房山,长阳,101122050551,满五唯一一梯一户中高楼层采光视野无遮挡,410万,28339元/平,中楼层 (共14层) | 2010年 | 3室2厅 | 144.68平米 | 南 西 北,https://ke-image.ljcdn.com/110000-inspection/pc1_5Okn7zWLO_1.jpg!m_fill,w_280,h_210,f_jpg?from=ke.com
20240131,房山,长阳,101122050407,加州南向一居 状态好位置好 安静不临高速 看房方便,180万,30670元/平,低楼层 (共14层) | 2009年 | 1室1厅 | 58.69平米 | 南,https://ke-image.ljcdn.com/110000-inspection/pc1_G3iWS6f9G.jpg!m_fill,w_280,h_210,f_jpg?from=ke.com
20240131,房山,长阳,101122045487,国际花园3号院房山长阳篱笆房,502万,39039元/平,低楼层 (共18层) | 2014年 | 3室2厅 | 128.59平米 | 南 北,https://ke-image.ljcdn.com/110000-inspection/pc1_AgTjkzF9n_1.jpg!m_fill,w_280,h_210,f_jpg?from=ke.com
20240131,房山,长阳,101122042404,国誉府精装修  高楼层  南北通透户型,760万,46845元/平,中楼层 (共19层) | 2017年 | 3室2厅 | 162.24平米 | 南 北,https://ke-image.ljcdn.com/110000-inspection/pc1_bcMGltmuH_1.jpg!m_fill,w_280,h_210,f_jpg?from=ke.com
20240131,房山,长阳,101122042316,长阳半岛3号院一层精装修南北通透三居适合改善,555万,50127元/平,底层 (共9层) | 2013年 | 3室1厅 | 110.72平米 | 南 北,https://ke-image.ljcdn.com/110000-inspection/pc1_Tq2WAuORj_1.jpg!m_fill,w_280,h_210,f_jpg?from=ke.com
20240131,房山,长阳,101122036662,首开熙悦山熹园3号院 满五唯一 价格能谈 明厨明卫,325万,37271元/平,顶层 (共21层) | 2013年 | 2室1厅 | 87.2平米 | 南 北,https://ke-image.ljcdn.com/110000-inspection/pc1_wTIViP9Wb.jpg!m_fill,w_280,h_210,f_jpg?from=ke.com
20240131,房山,长阳,101122032280,首开熙悦山熹园3号院 精装修 视野好 店长推荐,368万,43936元/平,中楼层 (共21层) | 2013年 | 2室1厅 | 83.76平米 | 南,https://ke-image.ljcdn.com/110000-inspection/pc1_zc3ZYjxn7.jpg!m_fill,w_280,h_210,f_jpg?from=ke.com
20240131,房山,长阳,101122031599,国际花园2号院房山长阳篱笆房,270万,35499元/平,低楼层 (共18层) | 2014年 | 2室1厅 | 76.06平米 | 南 北,https://ke-image.ljcdn.com/110000-inspection/pc1_NwzBziqci.jpg!m_fill,w_280,h_210,f_jpg?from=ke.com
20240131,房山,长阳,101122030196,绿地花都苑 南北通透二居 业主诚意出售 有钥匙 随时看,265万,30224元/平,顶层 (共12层) 2室1厅 | 87.68平米 | 南 北,https://ke-image.ljcdn.com/110000-inspection/pc1_iwfssInLq_2.jpg!m_fill,w_280,h_210,f_jpg?from=ke.com
20240131,房山,长阳,101122017351,绿地花都苑中间楼层100.27平米三居室南侧无遮挡,310万,30917元/平,中楼层 (共14层) | 2012年 | 3室1厅 | 100.27平米 | 南 北,https://ke-image.ljcdn.com/110000-inspection/c54d2793-8c6d-43f1-8d26-def9b9c8b359_1000.jpg!m_fill,w_280,h_210,f_jpg?from=ke.com
20240131,房山,长阳,101122007541,加州一居 位置好 看房方便 满5唯一 诚意出售房主自荐,123万,27803元/平,底层 (共15层) 1室1厅 | 44.24平米 | 东,https://ke-image.ljcdn.com/110000-inspection/pc1_RvzwASNwt.jpg!m_fill,w_280,h_210,f_jpg?from=ke.com
20240131,房山,长阳,101122007284,建邦华庭 全南两居 楼层好 南门是公园 满五年唯一,368万,40908元/平,中楼层 (共16层) 2室1厅 | 89.96平米 | 南,https://ke-image.ljcdn.com/110000-inspection/pc1_qSHqEnG1A.jpg!m_fill,w_280,h_210,f_jpg?from=ke.com
20240131,房山,长阳,101122006370,康泽佳苑北区 2室1厅 南 北,289万,36587元/平,中楼层 (共30层) 2室1厅 | 78.99平米 | 南 北,https://ke-image.ljcdn.com/110000-inspection/pc1_ffG8Hd2Hf.jpg!m_fill,w_280,h_210,f_jpg?from=ke.com
20240131,房山,长阳,101121998600,长阳半岛2号院 满五唯一 全明格局 南北通透,373万,42128元/平,底层 (共28层) | 2011年 | 2室1厅 | 88.54平米 | 南 东 北,https://ke-image.ljcdn.com/110000-inspection/pc1_NJc6jOSFB_1.jpg!m_fill,w_280,h_210,f_jpg?from=ke.com
20240131,房山,长阳,101121994245,原香小镇 精装两居南北通透诚心出售,285万,32295元/平,高楼层 (共10层) | 2010年 | 2室1厅 | 88.25平米 | 北 南,https://ke-image.ljcdn.com/110000-inspection/2c846f0f-d5f6-4023-a4ff-7776c23c2ecd_1000.jpg!m_fill,w_280,h_210,f_jpg?from=ke.com
20240131,房山,长阳,101121992201,加州水郡四期朝西两居靠近5号门高楼层视野好,215万,24253元/平,顶层 (共14层) | 2011年 | 2室1厅 | 88.65平米 | 西,https://ke-image.ljcdn.com/110000-inspection/pc1_qqBB3hgIM.jpg!m_fill,w_280,h_210,f_jpg?from=ke.com
20240131,房山,长阳,101121989336,加州水郡二期南北通透精装修有阳台,293万,30901元/平,顶层 (共9层) | 2007年 | 2室1厅 | 94.82平米 | 南 北,https://ke-image.ljcdn.com/110000-inspection/f866f4b9-7544-4e35-a504-7c42565e300c_1000.jpg!m_fill,w_280,h_210,f_jpg?from=ke.com
20240131,房山,长阳,101121986140,原香小镇一区南北全明格局 满五年唯一 有钥匙随时可看,275万,31233元/平,低楼层 (共10层) | 2010年 | 2室1厅 | 88.05平米 | 南 北,https://ke-image.ljcdn.com/110000-inspection/pc1_1ZBrvOgfX.jpg!m_fill,w_280,h_210,f_jpg?from=ke.com
20240131,房山,长阳,101121984709,碧桂园小区二区 顶层复式满五唯一,309万,23055元/平,顶层 (共6层) | 2004年 | 3室2厅 | 134.03平米 | 南 北,https://ke-image.ljcdn.com/110000-inspection/07bcef1f-9945-4159-9375-c5cdf79e871c_1000.jpg!m_fill,w_280,h_210,f_jpg?from=ke.com
20240131,房山,长阳,101121984526,翠林漫步南北两居 中高楼层 采光好,283万,32552元/平,高楼层 (共9层) | 2012年 | 2室1厅 | 86.94平米 | 南 北,https://ke-image.ljcdn.com/110000-inspection/pc1_nMZAq1h2t_1.jpg!m_fill,w_280,h_210,f_jpg?from=ke.com
20240131,房山,长阳,101121982808,金地朗悦润园 5室2厅 南 北,626万,50953元/平,底层 (共7层) | 2014年 | 5室2厅 | 122.86平米 | 南 北,https://ke-image.ljcdn.com/110000-inspection/pc1_okjXfUV6f.jpg!m_fill,w_280,h_210,f_jpg?from=ke.com
20240131,房山,长阳,101121979293,建邦华庭西区 2室1厅 南,375万,39920元/平,高楼层 (共16层) 2室1厅 | 93.94平米 | 南,https://ke-image.ljcdn.com/110000-inspection/pc1_YNHN6xOv8.jpg!m_fill,w_280,h_210,f_jpg?from=ke.com
20240131,房山,长阳,101121978710,翠林漫步南北通透二居 中间楼层 自住装修+车位房主自荐,289万,32689元/平,中楼层 (共11层) | 2012年 | 2室1厅 | 88.41平米 | 南 北,https://ke-image.ljcdn.com/110000-inspection/pc1_iJgnjV0ea.jpg!m_fill,w_280,h_210,f_jpg?from=ke.com
20240131,房山,长阳,101121966745,加州水郡四期位置好户型方正自住诚心出售,255万,28543元/平,中楼层 (共15层) | 2011年 | 2室1厅 | 89.34平米 | 东 北,https://ke-image.ljcdn.com/110000-inspection/d082b64b-638c-4627-9991-0cfedb548d3f_1000.jpg!m_fill,w_280,h_210,f_jpg?from=ke.com
20240131,房山,长阳,101121965289,绿地花都苑一层下跃共三层满五唯一一梯两户南北通透,447万,45706元/平,底层 (共13层) | 2012年 | 5室1厅 | 97.8平米 | 南 北,https://ke-image.ljcdn.com/110000-inspection/9d813dc4-cfca-46e5-9253-f8aac2da1270_1000.jpg!m_fill,w_280,h_210,f_jpg?from=ke.com
20240131,房山,长阳,101121962327,长阳半岛1号院 全明格局 满五年唯一 自住房 保持好,370万,41898元/平,低楼层 (共21层) | 2012年 | 2室1厅 | 88.31平米 | 南 西 北,https://ke-image.ljcdn.com/110000-inspection/pc1_NkXE7S1DP_1.jpg!m_fill,w_280,h_210,f_jpg?from=ke.com
20240131,房山,长阳,101121962269,满五唯一 南北通透 一梯两户 落地窗,365万,45213元/平,中楼层 (共9层) | 2011年 | 2室1厅 | 80.73平米 | 南 北,https://ke-image.ljcdn.com/110000-inspection/pc1_www4ljVVX.jpg!m_fill,w_280,h_210,f_jpg?from=ke.com
20240131,房山,长阳,101121961544,铭品嘉苑 满五唯一 高楼层 采光好 精装修,257万,28358元/平,中楼层 (共22层) 2室1厅 | 90.63平米 | 南,https://ke-image.ljcdn.com/110000-inspection/pc1_BhyHO6xEN.jpg!m_fill,w_280,h_210,f_jpg?from=ke.com
20240131,房山,长阳,101121958949,康泽佳苑南区方正一居室采光充裕,162万,38163元/平,高楼层 (共28层) | 2013年 | 1室1厅 | 42.45平米 | 东,https://ke-image.ljcdn.com/110000-inspection/pc1_V9cvRPNY1.jpg!m_fill,w_280,h_210,f_jpg?from=ke.com
20240131,房山,长阳,101121958005,芭蕾雨悦都北区——低层低密度洋房社区,500万,80880元/平,底层 (共8层) | 2011年 | 4室2厅 | 61.82平米 | 南 北,https://ke-image.ljcdn.com/110000-inspection/pc1_8SGvq8kDl.jpg!m_fill,w_280,h_210,f_jpg?from=ke.com
20240131,房山,长阳,101121953021,南北通透户型 小区中间位置临水系位置好房主自荐,260万,30585元/平,高楼层 (共11层) 2室1厅 | 85.01平米 | 南 北,https://ke-image.ljcdn.com/110000-inspection/pc1_psTGx8gss.jpg!m_fill,w_280,h_210,f_jpg?from=ke.com
20240131,房山,长阳,101121952137,满五唯一精装修诚心出售随时签约,229万,28777元/平,低楼层 (共14层) | 2015年 | 2室1厅 | 79.58平米 | 东 西,https://ke-image.ljcdn.com/110000-inspection/pc1_2GJ4VxfFj.jpg!m_fill,w_280,h_210,f_jpg?from=ke.com
20240131,房山,长阳,101121949002,首创新悦都二区 满五唯一 全明格局！！！,327万,37181元/平,低楼层 (共18层) 3室1厅 | 87.95平米 | 南 北,https://ke-image.ljcdn.com/110000-inspection/pc1_DpksC2cl0.jpg!m_fill,w_280,h_210,f_jpg?from=ke.com
20240131,房山,长阳,101121948397,加州水郡4期 满五唯一户型方正无遮挡视野好,285万,32001元/平,高楼层 (共14层) | 2011年 | 2室1厅 | 89.06平米 | 东南,https://ke-image.ljcdn.com/110000-inspection/pc1_l3NpEN1vz.jpg!m_fill,w_280,h_210,f_jpg?from=ke.com
20240131,房山,长阳,101121947462,长阳半岛怡和路6号院 3室2厅 南 北,720万,43371元/平,低楼层 (共15层) | 2015年 | 3室2厅 | 166.01平米 | 南 北,https://ke-image.ljcdn.com/110000-inspection/pc1_5HjN12yRc.jpg!m_fill,w_280,h_210,f_jpg?from=ke.com
20240131,房山,长阳,101121945650,首开熙悦山 满五唯一 精装三居 电梯可以直通地下车库,470万,46804元/平,中楼层 (共9层) | 2013年 | 3室2厅 | 100.42平米 | 南 北,https://ke-image.ljcdn.com/110000-inspection/pc1_a669isYBa.jpg!m_fill,w_280,h_210,f_jpg?from=ke.com
20240131,房山,长阳,101121943931,长阳半岛怡和南路10号院精装南北通透中间楼层满五年,489万,47680元/平,中楼层 (共11层) | 2015年 | 3室1厅 | 102.56平米 | 南 北,https://ke-image.ljcdn.com/110000-inspection/95979969-93c0-4840-83d2-bb918ffb7c72_1000.jpg!m_fill,w_280,h_210,f_jpg?from=ke.com
20240131,房山,长阳,101121943414,满五唯一改地暖有车位小区中间高楼层采光好,398万,44510元/平,高楼层 (共8层) | 2013年 | 3室1厅 | 89.42平米 | 南 北,https://ke-image.ljcdn.com/110000-inspection/pc1_eaVbPEvfg.jpg!m_fill,w_280,h_210,f_jpg?from=ke.com
20240131,房山,长阳,101121943029,加州三期普宅大四居只有契税拎包入住标准。,420万,30617元/平,高楼层 (共11层) | 2010年 | 4室2厅 | 137.18平米 | 南 北,https://ke-image.ljcdn.com/110000-inspection/0615051c-44e5-484a-b770-556539485c7b_1000.jpg!m_fill,w_280,h_210,f_jpg?from=ke.com
20240131,房山,长阳,101121940680,别墅区大平层一梯一户精装修业主自住,760万,29859元/平,中楼层 (共4层) 5室1厅 | 254.53平米 | 东南 北,https://ke-image.ljcdn.com/110000-inspection/pc1_Atg9CPYNR_1.jpg!m_fill,w_280,h_210,f_jpg?from=ke.com
20240131,房山,长阳,101121934498,万科新里程59号院2-1-1-1 88.92m²,368万,41386元/平,低楼层 (共15层) | 2015年 | 2室1厅 | 88.92平米 | 南,https://ke-image.ljcdn.com/110000-inspection/pc1_QdZTAQZq1_1.jpg!m_fill,w_280,h_210,f_jpg?from=ke.com
20240131,房山,长阳,101121934222,祥云街1号院东南北满五唯一随时可签约房源,349万,39289元/平,低楼层 (共21层) 2室1厅 | 88.83平米 | 东南 北,https://ke-image.ljcdn.com/110000-inspection/pc1_V3rIZ7lzb_1.jpg!m_fill,w_280,h_210,f_jpg?from=ke.com
20240131,房山,长阳,101121933824,满五唯一一梯一户门口位置采光无遮挡,379万,25701元/平,低楼层 (共14层) 3室2厅 | 147.47平米 | 南 北,https://ke-image.ljcdn.com/110000-inspection/pc1_mRHqX83Kl_1.jpg!m_fill,w_280,h_210,f_jpg?from=ke.com
20240131,房山,长阳,101121933808,门口位置直通地下车位双卫生间次顶层采光无遮挡,389万,28259元/平,高楼层 (共14层) 3室2厅 | 137.66平米 | 南 北,https://ke-image.ljcdn.com/110000-inspection/e557ad38-285a-44d7-85bf-081506b3f599_1000.jpg!m_fill,w_280,h_210,f_jpg?from=ke.com
20240131,房山,长阳,101121930632,康泽佳苑南区 2室1厅 南 北,192万,35915元/平,高楼层 (共18层) | 2014年 | 2室1厅 | 53.46平米 | 南 北,https://ke-image.ljcdn.com/110000-inspection/pc1_SDm1x4vd9.jpg!m_fill,w_280,h_210,f_jpg?from=ke.com
20240131,房山,长阳,101121928968,芭蕾雨悦都南区——低层低密度洋房社区,490万,55112元/平,底层 (共9层) | 2013年 | 5室2厅 | 88.91平米 | 南 北,https://ke-image.ljcdn.com/110000-inspection/pc1_gQcz7tfY1.jpg!m_fill,w_280,h_210,f_jpg?from=ke.com
20240131,房山,长阳,101121913304,万科长阳半岛半岛怡和路1号院南北三居一层,530万,57106元/平,底层 (共12层) | 2014年 | 3室1厅 | 92.81平米 | 南 北,https://ke-image.ljcdn.com/110000-inspection/pc1_YDLjPmTbA_1.jpg!m_fill,w_280,h_210,f_jpg?from=ke.com
20240131,房山,长阳,101121911695,{店长推荐}北京城建·广悦居南向 两居室,260万,32303元/平,低楼层 (共24层) | 2016年 | 2室1厅 | 80.49平米 | 南,https://ke-image.ljcdn.com/110000-inspection/pc1_rvCoZqXmZ.jpg!m_fill,w_280,h_210,f_jpg?from=ke.com
20240131,房山,长阳,101121899801,祥云街5号院 全明格局 满五年唯一 南北通透房主自荐,579万,43828元/平,底层 (共9层) 3室2厅 | 132.11平米 | 南 北,https://ke-image.ljcdn.com/110000-inspection/pc1_BJeGlCM5s.jpg!m_fill,w_280,h_210,f_jpg?from=ke.com
20240131,房山,长阳,101121893716,康泽佳苑北区 南北通透 中间位置  中间楼层 满五唯一房主自荐,278万,35284元/平,低楼层 (共25层) 2室1厅 | 78.79平米 | 南 北,https://ke-image.ljcdn.com/110000-inspection/pc1_I2Puwqvze_1.jpg!m_fill,w_280,h_210,f_jpg?from=ke.com
20240131,房山,长阳,101121893314,合景领峰7号院 3室1厅 南 北,470万,47427元/平,中楼层 (共18层) | 2015年 | 3室1厅 | 99.1平米 | 南 北,https://ke-image.ljcdn.com/110000-inspection/7cc340fc-25f6-4e6b-9a9d-7c86cc9b5805_1000.jpg!m_fill,w_280,h_210,f_jpg?from=ke.com
20240131,房山,长阳,101121890156,国际花园 全明格局 南北通透小三居 满五唯一,325万,36301元/平,中楼层 (共18层) | 2014年 | 3室1厅 | 89.53平米 | 南 北,https://ke-image.ljcdn.com/110000-inspection/pc1_Um6jVBhFe.jpg!m_fill,w_280,h_210,f_jpg?from=ke.com
20240131,房山,长阳,101121874433,首开澜庭双卫生间三居室正对小区公园满五唯一,460万,46181元/平,高楼层 (共21层) | 2014年 | 3室2厅 | 99.61平米 | 西南 北,https://ke-image.ljcdn.com/110000-inspection/pc1_u8fjONcRZ_1.jpg!m_fill,w_280,h_210,f_jpg?from=ke.com
20240131,房山,长阳,101121872333,此房满五年全南2居室户型好小区地暖精装修自住,384万,42568元/平,低楼层 (共16层) | 2013年 | 2室1厅 | 90.21平米 | 南,https://ke-image.ljcdn.com/110000-inspection/pc1_ePVWDCpZM_1.jpg!m_fill,w_280,h_210,f_jpg?from=ke.com
20240131,房山,长阳,101121871248,天泰新景南向一居自住装修看房提前联系楼层采光视野,199万,29244元/平,高楼层 (共6层) 1室1厅 | 68.05平米 | 南,https://ke-image.ljcdn.com/110000-inspection/pc1_PPYF0vnXI_1.jpg!m_fill,w_280,h_210,f_jpg?from=ke.com
20240131,房山,长阳,101121871161,满五唯一 边户 真正的明厨明卫 采光亮 精装 好楼层,456万,45082元/平,中楼层 (共9层) | 2013年 | 3室2厅 | 101.15平米 | 南 北,https://ke-image.ljcdn.com/110000-inspection/pc1_TmrEsAS3F.jpg!m_fill,w_280,h_210,f_jpg?from=ke.com
20240131,房山,长阳,101121867830,康泽佳苑北区南北一居室业主诚心出售！,240万,38704元/平,中楼层 (共30层) | 2015年 | 1室1厅 | 62.01平米 | 南 北,https://ke-image.ljcdn.com/110000-inspection/pc1_EcjoZD5S8.jpg!m_fill,w_280,h_210,f_jpg?from=ke.com
20240131,房山,长阳,101121860722,国誉府 4室2厅 南 北,747万,46043元/平,高楼层 (共19层) | 2017年 | 4室2厅 | 162.24平米 | 南 北,https://ke-image.ljcdn.com/110000-inspection/pc1_7HEYjpC9c_1.jpg!m_fill,w_280,h_210,f_jpg?from=ke.com
20240131,房山,长阳,101121860576,南北通透 满五唯一 免费使用两个车位,227万,23619元/平,顶层 (共6层) | 2009年 | 2室1厅 | 96.11平米 | 南 北,https://ke-image.ljcdn.com/110000-inspection/be45fdb1-a309-4581-afd7-4b553d0b8649_1000.jpg!m_fill,w_280,h_210,f_jpg?from=ke.com
20240131,房山,长阳,101121859899,首开熙悦山熹园3号院 2室1厅 南 北,360万,41082元/平,底层 (共21层) | 2013年 | 2室1厅 | 87.63平米 | 南 北,https://ke-image.ljcdn.com/110000-inspection/pc1_knxSPbkjz_1.jpg!m_fill,w_280,h_210,f_jpg?from=ke.com
20240131,房山,长阳,101121858151,加州水郡四期 2室1厅 东北,215万,24541元/平,底层 (共14层) 2室1厅 | 87.61平米 | 东北,https://ke-image.ljcdn.com/110000-inspection/01c2e755-e5a0-4cfa-afab-4f0025a2662c_1000.jpg!m_fill,w_280,h_210,f_jpg?from=ke.com
20240131,房山,长阳,101121857383,南北双卫大两居满五年唯一诚心出售价格可协商,286万,25516元/平,低楼层 (共14层) 2室1厅 | 112.09平米 | 南 北,https://ke-image.ljcdn.com/110000-inspection/pc1_KcRjdUst6.jpg!m_fill,w_280,h_210,f_jpg?from=ke.com
20240131,房山,长阳,101121853824,北京城建·广悦居 2室1厅 南,280万,34774元/平,低楼层 (共22层) | 2016年 | 2室1厅 | 80.52平米 | 南,https://ke-image.ljcdn.com/110000-inspection/pc1_I2n8O7GPy.jpg!m_fill,w_280,h_210,f_jpg?from=ke.com
20240131,房山,长阳,101121850080,大宁山庄四区 2室1厅 南 北房主自荐,419万,37245元/平,顶层 (共6层) | 2013年 | 2室1厅 | 112.5平米 | 南 北,https://ke-image.ljcdn.com/110000-inspection/pc1_bpLuulimR.jpg!m_fill,w_280,h_210,f_jpg?from=ke.com
20240131,房山,长阳,101121848674,原香小镇二区一层带下跃的户型精装修房主自荐,445万,50192元/平,底层 (共6层) | 2010年 | 2室1厅 | 88.66平米 | 南 北,https://ke-image.ljcdn.com/110000-inspection/58f031d0-aa24-49a8-a004-91980caf59e9_1000.jpg!m_fill,w_280,h_210,f_jpg?from=ke.com
20240131,房山,长阳,101121848660,天骄俊园 2室1厅 南 北,218万,23204元/平,顶层 (共6层) | 2008年 | 2室1厅 | 93.95平米 | 南 北,https://ke-image.ljcdn.com/110000-inspection/pc1_a24aU0Keo_1.jpg!m_fill,w_280,h_210,f_jpg?from=ke.com
20240131,房山,长阳,101121839108,碧桂园小区C区 南北三居室 一梯两户 客厅朝南,350万,28039元/平,顶层 (共15层) | 2007年 | 3室1厅 | 124.83平米 | 南 北,https://ke-image.ljcdn.com/110000-inspection/pc1_afUVTv7ko.jpg!m_fill,w_280,h_210,f_jpg?from=ke.com
20240131,房山,长阳,101121835858,金隅畅和园4号院 2室1厅 南 北,268万,33026元/平,底层 (共22层) 2室1厅 | 81.15平米 | 南 北,https://ke-image.ljcdn.com/110000-inspection/pc1_G06Rpzapt.jpg!m_fill,w_280,h_210,f_jpg?from=ke.com
20240131,房山,长阳,101121826779,碧桂园小区C区 2室1厅 南 北,289万,31509元/平,中楼层 (共11层) | 2007年 | 2室1厅 | 91.72平米 | 南 北,https://ke-image.ljcdn.com/110000-inspection/pc1_a2nkyWlgL.jpg!m_fill,w_280,h_210,f_jpg?from=ke.com
20240131,房山,长阳,101121824565,碧桂园小区二区 3室2厅 南 北,318万,23889元/平,顶层 (共6层) | 2004年 | 3室2厅 | 133.12平米 | 南 北,https://ke-image.ljcdn.com/110000-inspection/pc1_GJMeWXI21.jpg!m_fill,w_280,h_210,f_jpg?from=ke.com
20240131,房山,长阳,101121824299,铭品嘉苑 南向大两居 采光充足 视野开阔 电梯房房主自荐,290万,31999元/平,中楼层 (共22层) | 2016年 | 2室1厅 | 90.63平米 | 南,https://ke-image.ljcdn.com/110000-inspection/pc1_SfyVZxeEE.jpg!m_fill,w_280,h_210,f_jpg?from=ke.com
20240131,房山,长阳,101121822323,国际花园3号院 3室2厅 南 北,480万,37328元/平,低楼层 (共18层) | 2014年 | 3室2厅 | 128.59平米 | 南 北,https://ke-image.ljcdn.com/110000-inspection/pc1_Zt5MvMixG.jpg!m_fill,w_280,h_210,f_jpg?from=ke.com
20240131,房山,长阳,101121819155,满五年唯一 南北通透  近篱笆房地铁站 高层采光无遮挡,295万,39177元/平,高楼层 (共18层) 2室2厅 | 75.3平米 | 南 北,https://ke-image.ljcdn.com/110000-inspection/pc1_dQaHAbu86.jpg!m_fill,w_280,h_210,f_jpg?from=ke.com
20240131,房山,长阳,101121805354,邑上公馆 3室2厅 南 北,475万,35488元/平,底层 (共6层) | 2014年 | 3室2厅 | 133.85平米 | 南 北,https://ke-image.ljcdn.com/110000-inspection/pc1_cKs6lLxcd.jpg!m_fill,w_280,h_210,f_jpg?from=ke.com
20240131,房山,长阳,101121803541,长阳半岛怡和南路10号院 南北三居  诚心出售房主自荐,476万,45854元/平,低楼层 (共9层) | 2015年 | 3室1厅 | 103.81平米 | 南 北,https://ke-image.ljcdn.com/110000-inspection/pc1_Q5Q9HMD2c.jpg!m_fill,w_280,h_210,f_jpg?from=ke.com
20240131,房山,长阳,101121798325,徜徉嘉园5号院 南北通透边户三居 电梯入户 满五唯一,629万,45564元/平,中楼层 (共16层) | 2012年 | 3室2厅 | 138.05平米 | 东 南 北,https://ke-image.ljcdn.com/110000-inspection/pc1_JlIa1Of4K.jpg!m_fill,w_280,h_210,f_jpg?from=ke.com
20240131,房山,长阳,101121797494,世茂维拉 4室1厅 南 北,650万,42058元/平,中楼层 (共5层) | 2015年 | 4室1厅 | 154.55平米 | 南 北,https://ke-image.ljcdn.com/110000-inspection/pc1_jLd75Mrkr.jpg!m_fill,w_280,h_210,f_jpg?from=ke.com
20240131,房山,长阳,101121797433,建邦满五唯一两居室南北通透精装修看房方便诚心出售,315万,36510元/平,低楼层 (共16层) | 2013年 | 2室1厅 | 86.28平米 | 南 北,https://ke-image.ljcdn.com/110000-inspection/pc1_8iHzLgj3r.jpg!m_fill,w_280,h_210,f_jpg?from=ke.com
20240131,房山,长阳,101121787703,国誉府 4室1厅 北 南,678万,41790元/平,低楼层 (共19层) 4室1厅 | 162.24平米 | 北 南,https://ke-image.ljcdn.com/110000-inspection/pc1_nzaRA3EtV.jpg!m_fill,w_280,h_210,f_jpg?from=ke.com
20240131,房山,长阳,101121785217,万科西边户小区中间位置全明户型 双卧客厅朝南,695万,41727元/平,低楼层 (共15层) | 2014年 | 3室2厅 | 166.56平米 | 南 北,https://ke-image.ljcdn.com/110000-inspection/pc1_o4ngh0dXh.jpg!m_fill,w_280,h_210,f_jpg?from=ke.com
20240131,房山,长阳,101121784278,建邦华庭东区 户型好 客厅卧室都朝南 和满五唯一一样房主自荐,350万,38907元/平,低楼层 (共16层) | 2013年 | 2室1厅 | 89.96平米 | 南,https://ke-image.ljcdn.com/110000-inspection/pc1_xrYBABrjp.jpg!m_fill,w_280,h_210,f_jpg?from=ke.com
20240131,房山,长阳,101121776469,加州水郡三期  南北通透三居室 二次装修房主自荐,388万,28870元/平,顶层 (共12层) 3室2厅 | 134.4平米 | 南 北,https://ke-image.ljcdn.com/110000-inspection/pc1_dVNjKkAcj_1.jpg!m_fill,w_280,h_210,f_jpg?from=ke.com
20240131,房山,长阳,101121770630,金地朗悦朗园 3室2厅 南 北,580万,51842元/平,顶层 (共8层) | 2013年 | 3室2厅 | 111.88平米 | 南 北,https://ke-image.ljcdn.com/110000-inspection/pc1_kVutNIV84_1.jpg!m_fill,w_280,h_210,f_jpg?from=ke.com
20240131,房山,长阳,101121768449,满五唯一户型方正餐客分离上下两层三个卫生间,580万,36946元/平,底层 (共9层) | 2013年 | 5室3厅 | 156.99平米 | 南 北,https://ke-image.ljcdn.com/110000-inspection/pc1_MX7By9IYO_1.jpg!m_fill,w_280,h_210,f_jpg?from=ke.com
20240131,房山,长阳,101121768427,紫云家园 南北通透 客厅朝南  一梯两户,418万,47142元/平,中楼层 (共9层) | 2013年 | 2室1厅 | 88.67平米 | 南 北,https://ke-image.ljcdn.com/110000-inspection/pc1_bZrVszpGa_1.jpg!m_fill,w_280,h_210,f_jpg?from=ke.com
20240131,房山,长阳,101121767562,南北通透样板间户型满五唯一 精装修不临街 不临路,298万,34285元/平,低楼层 (共11层) 2室2厅 | 86.92平米 | 南 北,https://ke-image.ljcdn.com/110000-inspection/pc1_E1TJjgDwW.jpg!m_fill,w_280,h_210,f_jpg?from=ke.com
20240131,房山,长阳,101121767468,《聚焦房源》满五唯一 诚心出售 随时签约,190万,34825元/平,中楼层 (共22层) | 2014年 | 2室1厅 | 54.56平米 | 南,https://ke-image.ljcdn.com/110000-inspection/pc1_LOg8ockZU.jpg!m_fill,w_280,h_210,f_jpg?from=ke.com
20240131,房山,长阳,101121764321,天资华府 3室1厅 南 北,389万,33639元/平,高楼层 (共18层) | 2015年 | 3室1厅 | 115.64平米 | 南 北,https://ke-image.ljcdn.com/110000-inspection/pc1_if5gLGKFj.jpg!m_fill,w_280,h_210,f_jpg?from=ke.com
20240131,房山,长阳,101121760714,康泽佳苑南区两居室 采光充足 随时看房,188万,35512元/平,底层 (共28层) | 2014年 | 2室1厅 | 52.94平米 | 西南,https://ke-image.ljcdn.com/110000-inspection/pc1_HHc7YEQnG.jpg!m_fill,w_280,h_210,f_jpg?from=ke.com
20240131,房山,长阳,101121758595,加州水郡三期 全明格局 西南朝向 两居 户型方正房主自荐,245万,27892元/平,中楼层 (共10层) 2室1厅 | 87.84平米 | 西南,https://ke-image.ljcdn.com/110000-inspection/pc1_t0zOjYbQn.jpg!m_fill,w_280,h_210,f_jpg?from=ke.com
20240131,房山,长阳,101121758360,首创新悦都二区 3室1厅 南 北,458万,26570元/平,底层 (共9层) | 2012年 | 3室1厅 | 172.38平米 | 南 北,https://ke-image.ljcdn.com/110000-inspection/pc1_N4xZkwF6h_1.jpg!m_fill,w_280,h_210,f_jpg?from=ke.com
20240131,房山,长阳,101121753226,芭蕾雨悦都北区 2室1厅 南 北,345万,43190元/平,低楼层 (共9层) 2室1厅 | 79.88平米 | 南 北,https://ke-image.ljcdn.com/110000-inspection/e8ee7dfe-9636-4f37-a591-6c551b78f1b4_1000.jpg!m_fill,w_280,h_210,f_jpg?from=ke.com
20240131,房山,长阳,101121740893,正规3居南北通透户型格局好高楼层！,510万,49849元/平,中楼层 (共11层) | 2016年 | 3室1厅 | 102.31平米 | 南 北,https://ke-image.ljcdn.com/110000-inspection/pc1_uCtWtn4tb_1.jpg!m_fill,w_280,h_210,f_jpg?from=ke.com
20240131,房山,长阳,101121734508,商品房满五唯一中间楼层精装修有地下车位房主自荐,278万,26512元/平,低楼层 (共15层) | 2009年 | 2室1厅 | 104.86平米 | 南,https://ke-image.ljcdn.com/110000-inspection/pc1_abLdM2gZC.jpg!m_fill,w_280,h_210,f_jpg?from=ke.com
20240131,房山,长阳,101121733807,九洲溪雅苑二区 南北通透 中间楼层 户型方正 无遮挡,415万,31068元/平,中楼层 (共13层) 3室1厅 | 133.58平米 | 南 北,https://ke-image.ljcdn.com/110000-inspection/pc1_3ySbS7ElO.jpg!m_fill,w_280,h_210,f_jpg?from=ke.com
20240131,房山,长阳,101121732772,长阳半岛怡和路8号院西边户双明卫高楼层视野好方便看房主自荐,650万,47964元/平,高楼层 (共9层) | 2013年 | 3室1厅 | 135.52平米 | 南 北,https://ke-image.ljcdn.com/110000-inspection/pc1_Xx6MmyLR0_2.jpg!m_fill,w_280,h_210,f_jpg?from=ke.com
20240131,房山,长阳,101121732154,碧波园 南北通透两居 明厨明卫 诚心卖 随时看房,259万,24047元/平,高楼层 (共6层) | 2004年 | 2室2厅 | 107.71平米 | 南 北,https://ke-image.ljcdn.com/110000-inspection/0fa2b77a-175a-4157-864c-4f74f406228d_1000.jpg!m_fill,w_280,h_210,f_jpg?from=ke.com
20240131,房山,长阳,101121731801,大宁山庄四区 满五唯一  南北通透大两居 一层房主自荐,530万,45541元/平,底层 (共6层) | 2010年 | 2室2厅 | 116.38平米 | 南 北,https://ke-image.ljcdn.com/110000-inspection/pc1_HRR22JanD.jpg!m_fill,w_280,h_210,f_jpg?from=ke.com
20240131,房山,长阳,101121724358,店长推荐碧桂园天资璟庭南北通透大三居室,390万,30273元/平,低楼层 (共9层) | 2013年 | 3室1厅 | 128.83平米 | 南 北,https://ke-image.ljcdn.com/110000-inspection/pc1_VJB9uDzET.jpg!m_fill,w_280,h_210,f_jpg?from=ke.com
20240131,房山,长阳,101121724355,店长推荐碧桂园温泉小区一期南北通透两居室,300万,32339元/平,底层 (共6层) | 2003年 | 2室1厅 | 92.77平米 | 南 北,https://ke-image.ljcdn.com/110000-inspection/71f7ad48-9d42-417c-8410-22de4336c253_1000.jpg!m_fill,w_280,h_210,f_jpg?from=ke.com
20240131,房山,长阳,101121719122,长阳半岛怡和南路10号院 2室1厅 南,468万,53492元/平,底层 (共15层) | 2015年 | 2室1厅 | 87.49平米 | 南,https://ke-image.ljcdn.com/110000-inspection/6043c322-49b6-4d40-bf77-2280be25eaa3_1000.jpg!m_fill,w_280,h_210,f_jpg?from=ke.com
20240131,房山,长阳,101121709154,加州水郡三期 中间位置三居室 户型方正 满五唯一房主自荐,330万,28527元/平,顶层 (共12层) | 2010年 | 3室1厅 | 115.68平米 | 南 北,https://ke-image.ljcdn.com/110000-inspection/pc1_J0i6GDNUa_1.jpg!m_fill,w_280,h_210,f_jpg?from=ke.com
20240131,房山,长阳,101121702693,首创新悦都一区 满五唯一精装修房主自荐,305万,40307元/平,中楼层 (共17层) 2室1厅 | 75.67平米 | 南 北,https://ke-image.ljcdn.com/110000-inspection/pc1_03smjTZGe.jpg!m_fill,w_280,h_210,f_jpg?from=ke.com
20240131,房山,长阳,101121695193,长阳原香小镇一区南北通透满五唯一明厨明卫,270万,30595元/平,中楼层 (共10层) | 2010年 | 2室2厅 | 88.25平米 | 北 南,https://ke-image.ljcdn.com/110000-inspection/9ced3a7e-c617-4d65-8db7-a9003d5283c5_1000.jpg!m_fill,w_280,h_210,f_jpg?from=ke.com
20240131,房山,长阳,101121679349,紫云家园 一层两居室  诚心出售,493万,56498元/平,底层 (共15层) | 2016年 | 2室1厅 | 87.26平米 | 南,https://ke-image.ljcdn.com/110000-inspection/pc1_5T0MfagfA.jpg!m_fill,w_280,h_210,f_jpg?from=ke.com
20240131,房山,长阳,101121676078,大宁山庄三区C区 3室2厅 南 北,630万,44875元/平,底层 (共5层) | 2005年 | 3室2厅 | 140.39平米 | 南 北,https://ke-image.ljcdn.com/110000-inspection/pc1_tFWJ27Zkq.jpg!m_fill,w_280,h_210,f_jpg?from=ke.com
20240131,房山,长阳,101121652092,万科紫云家园边户精装修改善型三居满五唯一,730万,44572元/平,顶层 (共15层) | 2015年 | 3室2厅 | 163.78平米 | 南 北,https://ke-image.ljcdn.com/110000-inspection/pc1_ESp6nZmT5_1.jpg!m_fill,w_280,h_210,f_jpg?from=ke.com
20240131,房山,长阳,101121636406,芭蕾雨悦都南区 5室2厅 南 北,730万,54075元/平,顶层 (共9层) | 2013年 | 5室2厅 | 135平米 | 南 北,https://ke-image.ljcdn.com/110000-inspection/pc1_2rFFCUYQj.jpg!m_fill,w_280,h_210,f_jpg?from=ke.com
20240131,房山,长阳,101121623986,首开熙悦山澜庭  全南   有装修  看房方便,369万,47479元/平,底层 (共21层) | 2014年 | 2室2厅 | 77.72平米 | 南,https://ke-image.ljcdn.com/110000-inspection/pc1_wApYLfm8e.jpg!m_fill,w_280,h_210,f_jpg?from=ke.com
20240131,房山,长阳,101121622940,大阳台满五唯一看房方便采光好无遮挡,385万,43147元/平,低楼层 (共9层) | 2013年 | 3室1厅 | 89.23平米 | 南 北,https://ke-image.ljcdn.com/110000-inspection/3c42c05e-8199-4224-a4ba-ea512ea4b4bc_1000.jpg!m_fill,w_280,h_210,f_jpg?from=ke.com
20240131,房山,长阳,101121620697,金隅畅和园4号院 2室1厅 东 西,259万,32043元/平,高楼层 (共22层) 2室1厅 | 80.83平米 | 东 西,https://ke-image.ljcdn.com/110000-inspection/pc1_wTkgEMdHJ_1.jpg!m_fill,w_280,h_210,f_jpg?from=ke.com
20240131,房山,长阳,101121620332,长龙苑小区  满五唯一   低楼层,199万,20631元/平,底层 (共6层) 2室1厅 | 96.46平米 | 东 东南 南,https://ke-image.ljcdn.com/110000-inspection/pc1_FZXvXizT3_1.jpg!m_fill,w_280,h_210,f_jpg?from=ke.com
20240131,房山,长阳,101121614912,碧桂园小区A区满五唯一南北通透户型方正居住舒适,242万,26248元/平,中楼层 (共6层) | 2003年 | 2室1厅 | 92.2平米 | 南 北,https://ke-image.ljcdn.com/110000-inspection/pc1_Ghfzg8SHC_2.jpg!m_fill,w_280,h_210,f_jpg?from=ke.com
20240131,房山,长阳,101121599474,康泽佳苑南区西北向一居室业主诚心出售。,155万,36199元/平,高楼层 (共28层) | 2014年 | 1室1厅 | 42.82平米 | 西北,https://ke-image.ljcdn.com/110000-inspection/pc1_iowVKrC0d.jpg!m_fill,w_280,h_210,f_jpg?from=ke.com
20240131,房山,长阳,101121597104,康泽佳苑南区 2室1厅 南 北,189万,35407元/平,中楼层 (共18层) | 2014年 | 2室1厅 | 53.38平米 | 南 北,https://ke-image.ljcdn.com/110000-inspection/pc1_8xrrk2rX2.jpg!m_fill,w_280,h_210,f_jpg?from=ke.com
20240131,房山,长阳,101121593707,康泽佳苑北区精装2居南向满五唯一采光好楼层佳随时看房主自荐,263万,34483元/平,低楼层 (共18层) | 2015年 | 2室1厅 | 76.27平米 | 南,https://ke-image.ljcdn.com/110000-inspection/pc1_XE0fXrg3k.jpg!m_fill,w_280,h_210,f_jpg?from=ke.com
20240131,房山,长阳,101121591826,原香小镇一区满五唯一一梯两户全明格局花园洋房,287万,32573元/平,中楼层 (共10层) | 2010年 | 2室1厅 | 88.11平米 | 南 北,https://ke-image.ljcdn.com/110000-inspection/pc1_Q1smdLtoT_2.jpg!m_fill,w_280,h_210,f_jpg?from=ke.com
20240131,房山,长阳,101121591268,原香小镇二区南北通透全明格局低密度六层花园洋房,415万,30323元/平,中楼层 (共6层) | 2010年 | 3室1厅 | 136.86平米 | 南 北,https://ke-image.ljcdn.com/110000-inspection/pc1_MieiZhYV1.jpg!m_fill,w_280,h_210,f_jpg?from=ke.com
20240131,房山,长阳,101121589967,康泽佳苑南区 精装  南向两居变一居室居住舒适度高,198万,36451元/平,低楼层 (共28层) | 2014年 | 2室1厅 | 54.32平米 | 南,https://ke-image.ljcdn.com/110000-inspection/pc1_2dy1HV7OW_1.jpg!m_fill,w_280,h_210,f_jpg?from=ke.com
20240131,房山,长阳,101121589023,国际花园2号院  高楼层自住精装修,316万,35383元/平,顶层 (共18层) | 2014年 | 3室1厅 | 89.31平米 | 南 北,https://ke-image.ljcdn.com/110000-inspection/pc1_sm4hJ9aUF_1.jpg!m_fill,w_280,h_210,f_jpg?from=ke.com
20240131,房山,长阳,101121588624,南北加州水郡三期 南北通透 两居室 精装修 户型方正,255万,30565元/平,中楼层 (共14层) | 2010年 | 2室1厅 | 83.43平米 | 南 北,https://ke-image.ljcdn.com/110000-inspection/pc1_6YM5XXC6u.jpg!m_fill,w_280,h_210,f_jpg?from=ke.com
20240131,房山,长阳,101121587566,长阳半岛2号院 五星推荐 满五唯一 位置好,380万,43050元/平,高楼层 (共28层) | 2012年 | 2室1厅 | 88.27平米 | 南 北,https://ke-image.ljcdn.com/110000-inspection/pc1_kMLAloJfw_1.jpg!m_fill,w_280,h_210,f_jpg?from=ke.com
20240131,房山,长阳,101121587440,长景新园满五唯一全南两居室中间层位置好采光好,290万,35914元/平,中楼层 (共8层) | 2012年 | 2室1厅 | 80.75平米 | 南,https://ke-image.ljcdn.com/110000-inspection/pc1_BcOzSBwnh.jpg!m_fill,w_280,h_210,f_jpg?from=ke.com
20240131,房山,长阳,101121582266,满五年唯一一层一户大平层小区中间位置。,850万,31315元/平,中楼层 (共4层) | 2006年 | 4室2厅 | 271.44平米 | 南 北,https://ke-image.ljcdn.com/110000-inspection/d4b7119f-669e-43e4-85f5-022cbba9140c_1000.jpg!m_fill,w_280,h_210,f_jpg?from=ke.com
20240131,房山,长阳,101121578235,北京城建·广悦居  精装修 南向 两居室 诚意出售,262万,32718元/平,低楼层 (共24层) 2室1厅 | 80.08平米 | 南,https://ke-image.ljcdn.com/110000-inspection/7f53fd2d-2e89-46a8-a7d0-7d542fc70627_1000.jpg!m_fill,w_280,h_210,f_jpg?from=ke.com
20240131,房山,长阳,101121568703,康泽佳苑北区南向两居室业主诚心出售,280万,36756元/平,底层 (共18层) 2室1厅 | 76.18平米 | 南,https://ke-image.ljcdn.com/110000-inspection/pc1_DXTtcfvwo.jpg!m_fill,w_280,h_210,f_jpg?from=ke.com
20240131,房山,长阳,101121567547,徜徉嘉园5号院 4室2厅 南 北,568万,62356元/平,顶层 (共8层) | 2012年 | 4室2厅 | 91.09平米 | 南 北,https://ke-image.ljcdn.com/110000-inspection/pc1_zEDObVeCm_1.jpg!m_fill,w_280,h_210,f_jpg?from=ke.com
20240131,房山,长阳,101121566987,建邦华庭东区 精装修 看房方便 诚心出售,415万,45923元/平,顶层 (共16层) | 2013年 | 2室1厅 | 90.37平米 | 南 北,https://ke-image.ljcdn.com/110000-inspection/pc1_BuZNdxdPh.jpg!m_fill,w_280,h_210,f_jpg?from=ke.com
20240131,房山,长阳,101121564852,金地朗悦朗园 南北通透 上跃户型 安静不临街,569万,49453元/平,顶层 (共8层) | 2011年 | 3室2厅 | 115.06平米 | 南 北,https://ke-image.ljcdn.com/110000-inspection/pc1_D5eWDFuS9_1.jpg!m_fill,w_280,h_210,f_jpg?from=ke.com
20240131,房山,长阳,101121561627,大宁山庄一区 联排别墅 南北通透 满五唯一,990万,40289元/平,底层 (共3层) | 2005年 | 5室4厅 | 245.73平米 | 南 北,https://ke-image.ljcdn.com/110000-inspection/pc1_iCzWjWXb4.jpg!m_fill,w_280,h_210,f_jpg?from=ke.com
20240131,房山,长阳,101121560442,万科新里程59号院 2室1厅 南 北,399万,44646元/平,底层 (共15层) | 2015年 | 2室1厅 | 89.37平米 | 南 北,https://ke-image.ljcdn.com/110000-inspection/dce43415-c9d1-4b5c-bf67-b7675ef4149c_1000.jpg!m_fill,w_280,h_210,f_jpg?from=ke.com
20240131,房山,长阳,101121557173,原香小镇一区花园洋房南北通透三居室一梯两户全明格局,360万,39259元/平,中楼层 (共10层) | 2010年 | 3室1厅 | 91.7平米 | 南 北,https://ke-image.ljcdn.com/110000-inspection/pc1_0OlPEtTVk_1.jpg!m_fill,w_280,h_210,f_jpg?from=ke.com
20240131,房山,长阳,101121555724,首创新悦都二区 2室1厅 东南,296万,41192元/平,底层 (共9层) | 2014年 | 2室1厅 | 71.86平米 | 东南,https://ke-image.ljcdn.com/110000-inspection/pc1_67a56fN61_1.jpg!m_fill,w_280,h_210,f_jpg?from=ke.com
20240131,房山,长阳,101121539855,康泽佳苑北区南北通透两居室业主诚心出售,263万,33107元/平,底层 (共25层) | 2015年 | 2室1厅 | 79.44平米 | 南 北,https://ke-image.ljcdn.com/110000-inspection/pc1_emDv9wFlj.jpg!m_fill,w_280,h_210,f_jpg?from=ke.com
20240131,房山,长阳,101121521238,首创新悦都二区南北通透满五唯一全明格局,365万,41225元/平,高楼层 (共18层) | 2014年 | 3室1厅 | 88.54平米 | 南 北,https://ke-image.ljcdn.com/110000-inspection/pc1_EJbcnCbo1_1.jpg!m_fill,w_280,h_210,f_jpg?from=ke.com
20240131,房山,长阳,101121514248,金地朗悦朗园  精装无遮挡满五唯一,343万,44043元/平,顶层 (共11层) | 2013年 | 2室1厅 | 77.88平米 | 南,https://ke-image.ljcdn.com/110000-inspection/pc1_fyDJ0i4Qw_1.jpg!m_fill,w_280,h_210,f_jpg?from=ke.com
20240131,房山,长阳,101121511913,此房南北通透格局户型好楼层好视野采光无遮挡,355万,46003元/平,顶层 (共12层) | 2015年 | 1室1厅 | 77.17平米 | 南 北,https://ke-image.ljcdn.com/110000-inspection/pc1_uCJ92kJQ8_1.jpg!m_fill,w_280,h_210,f_jpg?from=ke.com
20240131,房山,长阳,101121496192,大宁山庄四区 精装修 西边户 带电梯叠拼别墅,820万,43396元/平,顶层 (共5层) 4室3厅 | 188.96平米 | 南 北,https://ke-image.ljcdn.com/110000-inspection/pc1_tDqfqIlxj.jpg!m_fill,w_280,h_210,f_jpg?from=ke.com
20240131,房山,长阳,101121494399,满五一套 三面朝阳一层可种花种草采光无遮挡房主自荐,346万,44508元/平,底层 (共21层) 2室1厅 | 77.74平米 | 南,https://ke-image.ljcdn.com/110000-inspection/pc1_rycE1G5st.jpg!m_fill,w_280,h_210,f_jpg?from=ke.com
20240131,房山,长阳,101121493105,首创新悦都二区 满五唯一 西边户 高楼层房主自荐,339万,38558元/平,顶层 (共18层) | 2014年 | 3室1厅 | 87.92平米 | 南 西 北,https://ke-image.ljcdn.com/110000-inspection/32134c30-755f-4459-aa14-e58f601e19e7_1000.jpg!m_fill,w_280,h_210,f_jpg?from=ke.com
20240131,房山,长阳,101121489284,长阳半岛怡和路8号院 集中供暖 精装 下跃 看房随时,750万,53075元/平,底层 (共9层) | 2013年 | 3室2厅 | 141.31平米 | 南 北,https://ke-image.ljcdn.com/110000-inspection/pc1_SxLx3ZHsd_1.jpg!m_fill,w_280,h_210,f_jpg?from=ke.com
20240131,房山,长阳,101121485223,《长阳地铁站南北双通透三居室满五唯一诚售》,405万,45287元/平,中楼层 (共20层) | 2012年 | 3室1厅 | 89.43平米 | 南 北,https://ke-image.ljcdn.com/110000-inspection/pc1_FYyCipuap.jpg!m_fill,w_280,h_210,f_jpg?from=ke.com
20240131,房山,长阳,101121481006,长阳半岛怡和南路10号院精装明卫东边户南北通透三居室,529万,48788元/平,中楼层 (共11层) | 2015年 | 3室1厅 | 108.43平米 | 南 北,https://ke-image.ljcdn.com/110000-inspection/pc1_55qEg9DgU.jpg!m_fill,w_280,h_210,f_jpg?from=ke.com
20240131,房山,长阳,101121477769,新悦都二区满五唯一全明户型边户随时签约,315万,38928元/平,低楼层 (共9层) | 2014年 | 3室1厅 | 80.92平米 | 南 北 西,https://ke-image.ljcdn.com/110000-inspection/pc1_DVWM4jVk1.jpg!m_fill,w_280,h_210,f_jpg?from=ke.com
20240131,房山,长阳,101121457144,金隅糖 下跃边户 南北通透 中间位置 前后无遮挡,570万,36949元/平,底层 (共10层) 3室2厅 | 154.27平米 | 南 北,https://ke-image.ljcdn.com/110000-inspection/pc1_vFEDHy7Dt.jpg!m_fill,w_280,h_210,f_jpg?from=ke.com
20240131,房山,长阳,101121433600,长阳半岛祥云街2号院 诚心出售 看房方便,359万,40870元/平,低楼层 (共28层) 2室1厅 | 87.84平米 | 南 北,https://ke-image.ljcdn.com/110000-inspection/pc1_zOlxKfz6O_1.jpg!m_fill,w_280,h_210,f_jpg?from=ke.com
20240131,房山,长阳,101121431246,康泽佳苑南区 2室1厅 南 北,190万,35890元/平,低楼层 (共18层) | 2014年 | 2室1厅 | 52.94平米 | 南 北,https://ke-image.ljcdn.com/110000-inspection/pc1_eApmjwmVD_1.jpg!m_fill,w_280,h_210,f_jpg?from=ke.com
20240131,房山,长阳,101121430914,天泰新景 精装修2居 南北通透 无遮挡 采光好 低楼层房主自荐,295万,30026元/平,底层 (共6层) | 2008年 | 2室1厅 | 98.25平米 | 北 南,https://ke-image.ljcdn.com/110000-inspection/pc1_HgMM9TtWS.jpg!m_fill,w_280,h_210,f_jpg?from=ke.com
20240131,房山,长阳,101121428516,原香小镇一区满五唯一精装修小三居出售有车位,306万,33229元/平,中楼层 (共10层) 3室1厅 | 92.09平米 | 南 北,https://ke-image.ljcdn.com/110000-inspection/pc1_xbLTLNt3l.jpg!m_fill,w_280,h_210,f_jpg?from=ke.com
20240131,房山,长阳,101121419732,加州水郡四期 全南向两居 看房方便 满五唯一,249万,29038元/平,低楼层 (共15层) | 2011年 | 2室1厅 | 85.75平米 | 南,https://ke-image.ljcdn.com/110000-inspection/pc1_B8GI3NlIu.jpg!m_fill,w_280,h_210,f_jpg?from=ke.com
20240131,房山,长阳,101121404532,建邦华庭东区 2室1厅 南,369万,41019元/平,中楼层 (共16层) | 2013年 | 2室1厅 | 89.96平米 | 南,https://ke-image.ljcdn.com/110000-inspection/pc1_sTImU3V3g.jpg!m_fill,w_280,h_210,f_jpg?from=ke.com
20240131,房山,长阳,101121401968,康泽佳苑北区南北两居室明厨明卫,286万,35630元/平,高楼层 (共30层) | 2015年 | 2室1厅 | 80.27平米 | 南 北,https://ke-image.ljcdn.com/110000-inspection/pc1_YKVd1KikZ_1.jpg!m_fill,w_280,h_210,f_jpg?from=ke.com
20240131,房山,长阳,101121400134,长阳半岛4号院三居室有花园商圈好房,458万,48543元/平,底层 (共9层) | 2012年 | 3室1厅 | 94.35平米 | 南 北,https://ke-image.ljcdn.com/110000-inspection/pc1_c8lAr7E3j_1.jpg!m_fill,w_280,h_210,f_jpg?from=ke.com
20240131,房山,长阳,101121394456,禾香雅园 下跃户型 南北双花园 精装修 店长推荐房主自荐,499万,54673元/平,底层 (共8层) | 2012年 | 4室2厅 | 91.27平米 | 南 北,https://ke-image.ljcdn.com/110000-inspection/pc1_5prIRunz8.jpg!m_fill,w_280,h_210,f_jpg?from=ke.com
20240131,房山,长阳,101121384009,南向正规一居室低楼层位置小区门口,215万,33652元/平,低楼层 (共15层) | 2011年 | 1室1厅 | 63.89平米 | 南,https://ke-image.ljcdn.com/110000-inspection/08e9f75d-0bb7-4e14-be4c-6cd6bd45370d_1000.jpg!m_fill,w_280,h_210,f_jpg?from=ke.com
20240131,房山,长阳,101121376110,《万科长阳半岛云湾家园》长阳地铁站  满五唯一 精装,616万,49606元/平,低楼层 (共12层) | 2014年 | 3室1厅 | 124.18平米 | 南 北,https://ke-image.ljcdn.com/110000-inspection/pc1_aAGyCfkUs.jpg!m_fill,w_280,h_210,f_jpg?from=ke.com
20240131,房山,长阳,101121366964,中粮京西祥云 一梯一户 全明格局 中间楼层 业主自住,599万,48558元/平,中楼层 (共17层) | 2019年 | 4室2厅 | 123.36平米 | 南 西 北,https://ke-image.ljcdn.com/110000-inspection/pc1_ihlZUsw9Y.jpg!m_fill,w_280,h_210,f_jpg?from=ke.com
20240131,房山,长阳,101121366240,原香小镇二区顶层特殊户型精装修入住一年房主自荐,369万,44102元/平,顶层 (共6层) | 2010年 | 3室2厅 | 83.67平米 | 南 北,https://ke-image.ljcdn.com/110000-inspection/pc1_nZz8uXX2J_2.jpg!m_fill,w_280,h_210,f_jpg?from=ke.com
20240131,房山,长阳,101121359429,加州水郡四期满五唯一南向两居二次精装门口位置,245万,28545元/平,底层 (共14层) | 2011年 | 2室1厅 | 85.83平米 | 南,https://ke-image.ljcdn.com/110000-inspection/pc1_JBseo4MqF.jpg!m_fill,w_280,h_210,f_jpg?from=ke.com
20240131,房山,长阳,101121358354,大宁山庄四区 4室2厅 南 北,1150万,51900元/平,底层 (共6层) 4室2厅 | 221.58平米 | 南 北,https://ke-image.ljcdn.com/110000-inspection/pc1_KzplU81rZ.jpg!m_fill,w_280,h_210,f_jpg?from=ke.com
20240131,房山,长阳,101121351453,建邦华庭西区中间位置三居室两个卫生间,494万,44727元/平,中楼层 (共9层) | 2014年 | 3室1厅 | 110.45平米 | 南 北,https://ke-image.ljcdn.com/110000-inspection/pc1_IiN63NlI7_1.jpg!m_fill,w_280,h_210,f_jpg?from=ke.com
20240131,房山,长阳,101121346756,新悦都二区南北通透三居室中间楼层采光视野好,375万,42354元/平,中楼层 (共18层) | 2014年 | 3室1厅 | 88.54平米 | 南 北,https://ke-image.ljcdn.com/110000-inspection/pc1_4EQ9dOGJ4_1.jpg!m_fill,w_280,h_210,f_jpg?from=ke.com
20240131,房山,长阳,101121339024,五矿名品 经典南北通透 顶层复式 采光无遮挡,730万,53433元/平,顶层 (共5层) | 2016年 | 3室2厅 | 136.62平米 | 南 北,https://ke-image.ljcdn.com/110000-inspection/pc1_wtBhe8jp3_1.jpg!m_fill,w_280,h_210,f_jpg?from=ke.com
20240131,房山,长阳,101121338314,碧波园 3室1厅 南 北,345万,29819元/平,底层 (共6层) | 2003年 | 3室1厅 | 115.7平米 | 南 北,https://ke-image.ljcdn.com/110000-inspection/pc1_JH90p3l4K.jpg!m_fill,w_280,h_210,f_jpg?from=ke.com
20240131,房山,长阳,101121328314,长阳半岛1号院南向两居室中高楼层诚意出售,359万,39943元/平,中楼层 (共21层) 2室1厅 | 89.88平米 | 南,https://ke-image.ljcdn.com/110000-inspection/pc1_lzHw7Qqwr_1.jpg!m_fill,w_280,h_210,f_jpg?from=ke.com
20240131,房山,长阳,101121315230,金地朗悦朗园 两居户型私密明厨明卫无遮挡无噪音,400万,49870元/平,底层 (共14层) | 2013年 | 2室2厅 | 80.21平米 | 南,https://ke-image.ljcdn.com/110000-inspection/pc1_lziDqswAo.jpg!m_fill,w_280,h_210,f_jpg?from=ke.com
20240131,房山,长阳,101121305974,中粮京西祥云 南北通透 四居室 看房方便,615万,49931元/平,中楼层 (共18层) 3室2厅 | 123.17平米 | 南 北,https://ke-image.ljcdn.com/110000-inspection/pc1_BFenkCUqj.jpg!m_fill,w_280,h_210,f_jpg?from=ke.com
20240131,房山,长阳,101121305959,精装修 近地铁 南北通透  免费停两辆车,280万,30008元/平,中楼层 (共6层) | 2009年 | 2室1厅 | 93.31平米 | 南 北,https://ke-image.ljcdn.com/110000-inspection/pc1_k7V1Ti5To.jpg!m_fill,w_280,h_210,f_jpg?from=ke.com
20240131,房山,长阳,101121296099,邑上公馆 3室2厅 南 北,410万,32238元/平,底层 (共6层) | 2014年 | 3室2厅 | 127.18平米 | 南 北,https://ke-image.ljcdn.com/110000-inspection/2e042328-81df-40b2-a2c8-85804b9d452b_1000.jpg!m_fill,w_280,h_210,f_jpg?from=ke.com
20240131,房山,长阳,101121263575,电梯洋房人车分流精致装修东边户视野好动静分离老少宜,558万,49534元/平,顶层 (共6层) | 2014年 | 3室1厅 | 112.65平米 | 南 北,https://ke-image.ljcdn.com/110000-inspection/pc1_89hqV68uf.jpg!m_fill,w_280,h_210,f_jpg?from=ke.com
20240131,房山,长阳,101121261650,五矿名品 经典南北通透 顶层复式 采光无遮挡,720万,52701元/平,顶层 (共6层) | 2018年 | 3室2厅 | 136.62平米 | 南 北,https://ke-image.ljcdn.com/110000-inspection/pc1_Vou3XEzYT_1.jpg!m_fill,w_280,h_210,f_jpg?from=ke.com
20240131,房山,长阳,101121248898,满五唯一中间位置中间楼层。钥匙房随时可看。,333万,42415元/平,低楼层 (共9层) | 2011年 | 2室2厅 | 78.51平米 | 西南,https://ke-image.ljcdn.com/110000-inspection/pc1_kOsMDRJLv.jpg!m_fill,w_280,h_210,f_jpg?from=ke.com
20240131,房山,长阳,101121242778,康泽佳苑北区精装3居南北通透满五唯一全明格局随时看房主自荐,368万,41790元/平,顶层 (共25层) 3室1厅 | 88.06平米 | 北 南,https://ke-image.ljcdn.com/110000-inspection/pc1_deyO38LkD_1.jpg!m_fill,w_280,h_210,f_jpg?from=ke.com
20240131,房山,长阳,101121235463,加州水郡四期 一梯二户 满五唯一 看房随时 视野开阔房主自荐,289万,31565元/平,顶层 (共11层) | 2011年 | 3室1厅 | 91.56平米 | 南 北,https://ke-image.ljcdn.com/110000-inspection/11707e7a-f2bc-4023-aa8f-9c8c1291f0d2_1000.jpg!m_fill,w_280,h_210,f_jpg?from=ke.com
20240131,房山,长阳,101121219154,自住装修 业主诚心出售 户型好 提前预约 随时可看,348万,27609元/平,中楼层 (共6层) | 2010年 | 3室1厅 | 126.05平米 | 南 西 北,https://ke-image.ljcdn.com/110000-inspection/pc1_genzgfuTs_1.jpg!m_fill,w_280,h_210,f_jpg?from=ke.com
20240131,房山,长阳,101121209178,中粮京西祥云 5室4厅 南 北,920万,37876元/平,底层 (共17层) 5室4厅 | 242.9平米 | 南 北,https://ke-image.ljcdn.com/110000-inspection/pc1_AcafU1Jjb.jpg!m_fill,w_280,h_210,f_jpg?from=ke.com
20240131,房山,长阳,101121206406,首创新悦都二区满五唯一南北通透边户三居,355万,40264元/平,顶层 (共18层) | 2012年 | 3室1厅 | 88.17平米 | 南 西 北,https://ke-image.ljcdn.com/110000-inspection/pc1_bQpSlTJ1I_1.jpg!m_fill,w_280,h_210,f_jpg?from=ke.com
20240131,房山,长阳,101121204354,国际花园3号院满五唯一三居诚心出售房主自荐,338万,37627元/平,低楼层 (共18层) | 2014年 | 3室1厅 | 89.83平米 | 南 北,https://ke-image.ljcdn.com/110000-inspection/pc1_nV7TxOYRS.jpg!m_fill,w_280,h_210,f_jpg?from=ke.com
20240131,房山,长阳,101121191160,房山长阳站一居室 康泽佳苑南区 随时签约 价可谈,165万,38998元/平,顶层 (共28层) | 2014年 | 1室1厅 | 42.31平米 | 东南 南,https://ke-image.ljcdn.com/110000-inspection/pc1_g8vJm5Cna.jpg!m_fill,w_280,h_210,f_jpg?from=ke.com
20240131,房山,长阳,101121189841,（五矿名品3-1-1-2 137.90m² 660 万）房主自荐,660万,47861元/平,中楼层 (共6层) 3室1厅 | 137.9平米 | 南 北,https://ke-image.ljcdn.com/110000-inspection/pc1_t3t2dBnlY.jpg!m_fill,w_280,h_210,f_jpg?from=ke.com
20240131,房山,长阳,101121176884,碧波园 南北两居室 近地铁广阳城站房主自荐,276万,25836元/平,中楼层 (共6层) | 2004年 | 2室2厅 | 106.83平米 | 南 北,https://ke-image.ljcdn.com/110000-inspection/607d723a-70b8-47ff-a3d8-826cdee0447c_1000.jpg!m_fill,w_280,h_210,f_jpg?from=ke.com
20240131,房山,长阳,101121170641,靠山居艺墅南区  东边户  不临街 高挑空。,980万,44766元/平,底层 (共3层) | 2005年 | 5室2厅 | 218.92平米 | 东南 北,https://ke-image.ljcdn.com/110000-inspection/pc1_KLN71ISta_1.jpg!m_fill,w_280,h_210,f_jpg?from=ke.com
20240131,房山,长阳,101121168188,广阳郡九号 精装科技住宅 五恒系统 全明格局 四居室,685万,40767元/平,低楼层 (共7层) | 2018年 | 4室2厅 | 168.03平米 | 南 北,https://ke-image.ljcdn.com/110000-inspection/pc1_8c0HfgAv0_1.jpg!m_fill,w_280,h_210,f_jpg?from=ke.com
20240131,房山,长阳,101121151298,加州水郡一期 边户别墅 花园487平米 两个车库,1750万,42785元/平,地下室 (共3层) 5室2厅 | 409.03平米 | 东 南 西 北,https://ke-image.ljcdn.com/110000-inspection/17133ab7-ef77-4d4b-a53e-88f7a67eba54_1000.jpg!m_fill,w_280,h_210,f_jpg?from=ke.com
20240131,房山,长阳,101121142737,长阳半岛怡和南路8号院121.92平全明三室两卫,585万,47983元/平,顶层 (共13层) | 2016年 | 3室1厅 | 121.92平米 | 南 北,https://ke-image.ljcdn.com/110000-inspection/pc1_8fMBD7oEY.jpg!m_fill,w_280,h_210,f_jpg?from=ke.com
20240131,房山,长阳,101121135494,西悦欣居 南向 满五唯一 干干净净,319万,36956元/平,中楼层 (共21层) 2室1厅 | 86.32平米 | 南,https://ke-image.ljcdn.com/110000-inspection/pc1_YFZmAlk5N.jpg!m_fill,w_280,h_210,f_jpg?from=ke.com
20240131,房山,长阳,101121135171,加州水郡三期 2室2厅 南 北,309万,25936元/平,顶层 (共14层) | 2009年 | 2室2厅 | 119.14平米 | 南 北,https://ke-image.ljcdn.com/110000-inspection/21feff3f-8877-4fd1-9937-cf89d18e9a76_1000.jpg!m_fill,w_280,h_210,f_jpg?from=ke.com
20240131,房山,长阳,101121133753,首创新悦都二区 精装修 全明格局 满五唯一,289万,40959元/平,中楼层 (共8层) 2室1厅 | 70.56平米 | 东 西,https://ke-image.ljcdn.com/110000-inspection/pc1_psed3SfTI.jpg!m_fill,w_280,h_210,f_jpg?from=ke.com
20240131,房山,长阳,101121133616,精装自住高楼层视野好。近地铁奥莱和长阳公园。,420万,44753元/平,高楼层 (共10层) | 2015年 | 3室2厅 | 93.85平米 | 南 北,https://ke-image.ljcdn.com/110000-inspection/21e2452f-280b-484f-bbda-acba66f3ca69_1000.jpg!m_fill,w_280,h_210,f_jpg?from=ke.com
20240131,房山,长阳,101121115275,金地朗悦润园 南北朝向跃层 精装修,580万,48622元/平,顶层 (共6层) | 2014年 | 3室2厅 | 119.29平米 | 南 北,https://ke-image.ljcdn.com/110000-inspection/pc1_I3rJcclFT_1.jpg!m_fill,w_280,h_210,f_jpg?from=ke.com
20240131,房山,长阳,101121101300,康泽佳苑北区  南北通透两居室  满五唯一,285万,36122元/平,底层 (共30层) | 2015年 | 2室1厅 | 78.9平米 | 南 北,https://ke-image.ljcdn.com/110000-inspection/pc1_qH8c4jcvg_1.jpg!m_fill,w_280,h_210,f_jpg?from=ke.com
20240131,房山,长阳,101121096693,紫云家园 小区中间位置南向两居出售,399万,45481元/平,低楼层 (共13层) | 2016年 | 2室1厅 | 87.73平米 | 南,https://ke-image.ljcdn.com/110000-inspection/pc1_wz7dkbj3p_1.jpg!m_fill,w_280,h_210,f_jpg?from=ke.com
20240131,房山,长阳,101121089347,康泽佳苑南区 2室1厅 东南,193万,36089元/平,高楼层 (共28层) | 2014年 | 2室1厅 | 53.48平米 | 东南,https://ke-image.ljcdn.com/110000-inspection/pc1_gfZexFPB3.jpg!m_fill,w_280,h_210,f_jpg?from=ke.com
20240131,房山,长阳,101121083205,本房满五唯一高楼层南向采光好装修保持好,165万,28153元/平,中楼层 (共15层) 1室1厅 | 58.61平米 | 南,https://ke-image.ljcdn.com/110000-inspection/ced921df-7722-46d0-a418-b21d4ff57f17_1000.jpg!m_fill,w_280,h_210,f_jpg?from=ke.com
20240131,房山,长阳,101121075638,墅区洋房精装修婚房两居满五年唯一采光视野房主自荐,299万,31591元/平,顶层 (共9层) | 2007年 | 2室1厅 | 94.65平米 | 西南 北,https://ke-image.ljcdn.com/110000-inspection/pc1_jytYBdlda_2.jpg!m_fill,w_280,h_210,f_jpg?from=ke.com
20240131,房山,长阳,101121074309,芭蕾雨悦都北区 3室1厅 南 北,490万,60931元/平,底层 (共9层) | 2011年 | 3室1厅 | 80.42平米 | 南 北,https://ke-image.ljcdn.com/110000-inspection/91f05181-f6be-4640-8622-b123188a0d4c_1000.jpg!m_fill,w_280,h_210,f_jpg?from=ke.com
20240131,房山,长阳,101121072949,满五唯一 南北通透 明厨明卫 自住精装 洋房人车分流,425万,48045元/平,低楼层 (共8层) | 2012年 | 3室1厅 | 88.46平米 | 南 北,https://ke-image.ljcdn.com/110000-inspection/pc1_NlcNKe9ex.jpg!m_fill,w_280,h_210,f_jpg?from=ke.com
20240131,房山,长阳,101121070899,绿地花都苑精装满五唯一大三居出售状态楼层好,430万,32785元/平,中楼层 (共13层) | 2012年 | 3室1厅 | 131.16平米 | 南 北,https://ke-image.ljcdn.com/110000-inspection/pc1_3JzI7uu9i.jpg!m_fill,w_280,h_210,f_jpg?from=ke.com
20240131,房山,长阳,101121064531,建邦华庭西区南北通透两居室诚意出售房主自荐,330万,38660元/平,中楼层 (共15层) | 2014年 | 2室1厅 | 85.36平米 | 南 北,https://ke-image.ljcdn.com/110000-inspection/pc1_So0o8ZPJR_1.jpg!m_fill,w_280,h_210,f_jpg?from=ke.com
20240131,房山,长阳,101121059891,长阳半岛怡和南路8号院....,600万,49355元/平,底层 (共13层) | 2016年 | 3室1厅 | 121.57平米 | 南 北,https://ke-image.ljcdn.com/110000-inspection/pc1_ktO37cOgP_1.jpg!m_fill,w_280,h_210,f_jpg?from=ke.com
20240131,房山,长阳,101121059321,建邦华庭东区 双卫大三居 精装 满五唯一 随时签约,479万,40375元/平,底层 (共9层) | 2013年 | 3室2厅 | 118.64平米 | 南 北,https://ke-image.ljcdn.com/110000-inspection/pc1_nagAPC2Ax_1.jpg!m_fill,w_280,h_210,f_jpg?from=ke.com
20240131,房山,长阳,101121057562,北京城建·广悦居 南向二居 满五唯一 视野开阔,260万,32339元/平,高楼层 (共24层) 2室1厅 | 80.4平米 | 南,https://ke-image.ljcdn.com/110000-inspection/b171b63e-162c-403a-8a3f-cab435bd268b_1000.jpg!m_fill,w_280,h_210,f_jpg?from=ke.com
20240131,房山,长阳,101121048549,加州水郡三期东北向一居室全明格局,175万,30069元/平,底层 (共11层) | 2010年 | 1室1厅 | 58.2平米 | 东北,https://ke-image.ljcdn.com/110000-inspection/pc1_8UtNNzmEI.jpg!m_fill,w_280,h_210,f_jpg?from=ke.com
20240131,房山,长阳,101121048473,精装修平顶复式南北通透诚心出售！,598万,67343元/平,顶层 (共9层) | 2011年 | 3室1厅 | 88.8平米 | 南 北,https://ke-image.ljcdn.com/110000-inspection/pc1_rxJX9NLok.jpg!m_fill,w_280,h_210,f_jpg?from=ke.com
20240131,房山,长阳,101121035322,万科物业管理南北通透格局采光视野好满五唯一,438万,42661元/平,低楼层 (共11层) | 2015年 | 3室1厅 | 102.67平米 | 南 北,https://ke-image.ljcdn.com/110000-inspection/pc1_1tO1IY6Sx.jpg!m_fill,w_280,h_210,f_jpg?from=ke.com
20240131,房山,长阳,101121032846,大宁山庄 业主诚心出售 看房方便,636万,43506元/平,底层 (共5层) | 2013年 | 3室2厅 | 146.19平米 | 南 北,https://ke-image.ljcdn.com/110000-inspection/pc1_2jqu0weGX.jpg!m_fill,w_280,h_210,f_jpg?from=ke.com
20240131,房山,长阳,101121023339,长阳半岛1号院 满五唯一 高楼层 采光好,346万,38496元/平,高楼层 (共21层) 2室1厅 | 89.88平米 | 南,https://ke-image.ljcdn.com/110000-inspection/pc1_X1ZaTytMl_1.jpg!m_fill,w_280,h_210,f_jpg?from=ke.com
20240131,房山,长阳,101121019357,怡和路8号院  万科精装修大三居 满五唯一,750万,45228元/平,低楼层 (共15层) | 2014年 | 3室2厅 | 165.83平米 | 南 北,https://ke-image.ljcdn.com/110000-inspection/pc1_JsfQFnrkj.jpg!m_fill,w_280,h_210,f_jpg?from=ke.com
20240131,房山,长阳,101121018744,首创新悦都二区精装两居室诚心出售,283万,40297元/平,中楼层 (共8层) | 2014年 | 2室2厅 | 70.23平米 | 东 南 西 北,https://ke-image.ljcdn.com/110000-inspection/pc1_BxK2NjqE5.jpg!m_fill,w_280,h_210,f_jpg?from=ke.com
20240131,房山,长阳,101121015008,建邦华庭东区 满五唯一 精装南向2居 户型好 采光好,385万,42797元/平,低楼层 (共16层) 2室1厅 | 89.96平米 | 南,https://ke-image.ljcdn.com/110000-inspection/pc1_MNHYb1AA2.jpg!m_fill,w_280,h_210,f_jpg?from=ke.com
20240131,房山,长阳,101121006544,绿地花都苑满五一套全明格局边户随时能签约,257万,28452元/平,低楼层 (共11层) | 2012年 | 2室1厅 | 90.33平米 | 南 北,https://ke-image.ljcdn.com/110000-inspection/pc1_Payw4QvUh.jpg!m_fill,w_280,h_210,f_jpg?from=ke.com
20240131,房山,长阳,101121001518,加州水郡二期  方正三居室  看房方便 南北通透,420万,29727元/平,低楼层 (共9层) 3室1厅 | 141.29平米 | 南 北,https://ke-image.ljcdn.com/110000-inspection/pc1_eeyZtIOzP_2.jpg!m_fill,w_280,h_210,f_jpg?from=ke.com
20240131,房山,长阳,101120997203,满五年唯一位置好。自住保持好。诚心卖可以谈。,219万,25216元/平,中楼层 (共15层) | 2009年 | 2室1厅 | 86.85平米 | 东北,https://ke-image.ljcdn.com/110000-inspection/pc1_2lPF6YTHD_2.jpg!m_fill,w_280,h_210,f_jpg?from=ke.com
20240131,房山,长阳,101120995701,建邦华庭 精装修两居 南门是长阳地铁站和公园 带地暖房主自荐,415万,44178元/平,低楼层 (共16层) | 2013年 | 2室1厅 | 93.94平米 | 南,https://ke-image.ljcdn.com/110000-inspection/pc1_W7LV27iLH.jpg!m_fill,w_280,h_210,f_jpg?from=ke.com
20240131,房山,长阳,101120988378,西悦欣居 满五唯一 南北两居室,318万,36352元/平,底层 (共18层) 2室1厅 | 87.48平米 | 南 北,https://ke-image.ljcdn.com/110000-inspection/pc1_aAQ1MyEii_1.jpg!m_fill,w_280,h_210,f_jpg?from=ke.com
20240131,房山,长阳,101120974204,小区万科物业管理南北通透格局采光视野好诚心卖,435万,42369元/平,低楼层 (共11层) | 2015年 | 3室1厅 | 102.67平米 | 南 北,https://ke-image.ljcdn.com/110000-inspection/pc1_FBHFu4TeG.jpg!m_fill,w_280,h_210,f_jpg?from=ke.com
20240131,房山,长阳,101120966273,万科.金域缇香 采光充足 诚心出售,366万,40000元/平,底层 (共18层) | 2015年 | 2室1厅 | 91.5平米 | 南,https://ke-image.ljcdn.com/110000-inspection/pc1_XEkr4SVFT.jpg!m_fill,w_280,h_210,f_jpg?from=ke.com
20240131,房山,长阳,101120964276,碧桂园小区二区 精装修三居室 满五年唯一,310万,30004元/平,底层 (共6层) | 2004年 | 3室2厅 | 103.32平米 | 南 北,https://ke-image.ljcdn.com/110000-inspection/48c463ad-117d-45c3-84a9-13eaff49c57f_1000.jpg!m_fill,w_280,h_210,f_jpg?from=ke.com
20240131,房山,长阳,101120962756,绿地花都苑三居两卫南北通透不临街不把边满五年,349万,30325元/平,中楼层 (共15层) 3室1厅 | 115.09平米 | 南 北,https://ke-image.ljcdn.com/110000-inspection/pc1_JcJrqc3Yf.jpg!m_fill,w_280,h_210,f_jpg?from=ke.com
20240131,房山,长阳,101120956603,首开熙悦山熹园精装下跃近地铁户型好业主随时签约,610万,37534元/平,底层 (共9层) | 2013年 | 5室2厅 | 162.52平米 | 南 北,https://ke-image.ljcdn.com/110000-inspection/pc1_SQZa6X0k1_1.jpg!m_fill,w_280,h_210,f_jpg?from=ke.com
20240131,房山,长阳,101120956392,康泽佳苑南区 1室1厅 西南,149万,35217元/平,高楼层 (共28层) | 2014年 | 1室1厅 | 42.31平米 | 西南,https://ke-image.ljcdn.com/110000-inspection/pc1_eYFYSngDE.jpg!m_fill,w_280,h_210,f_jpg?from=ke.com
20240131,房山,长阳,101120955048,西悦欣居 南北通透 采光好 视野好,309万,35074元/平,高楼层 (共21层) | 2012年 | 2室1厅 | 88.1平米 | 南 北,https://ke-image.ljcdn.com/110000-inspection/pc1_6Zmbzf35j.jpg!m_fill,w_280,h_210,f_jpg?from=ke.com
20240131,房山,长阳,101120955035,徜徉嘉园5号院   电梯花园洋房房主自荐,549万,41947元/平,底层 (共9层) | 2012年 | 3室1厅 | 130.88平米 | 南 北,https://ke-image.ljcdn.com/110000-inspection/pc1_0dHD4rhDc.jpg!m_fill,w_280,h_210,f_jpg?from=ke.com
20240131,房山,长阳,101120954777,加州水郡四期满五唯一商品房高楼层采光好无遮挡房主自荐,225万,25384元/平,中楼层 (共14层) | 2011年 | 2室1厅 | 88.64平米 | 东,https://ke-image.ljcdn.com/110000-inspection/pc1_ajkfM2e7p.jpg!m_fill,w_280,h_210,f_jpg?from=ke.com
20240131,房山,长阳,101120952543,九洲溪雅苑二区 正规一室一厅 全明格局 看房方便,225万,30259元/平,底层 (共15层) | 2009年 | 1室1厅 | 74.36平米 | 东南,https://ke-image.ljcdn.com/110000-inspection/pc1_TsMo5Bu3N.jpg!m_fill,w_280,h_210,f_jpg?from=ke.com
20240131,房山,长阳,101120950112,全南户型交通便利配套齐全！,385万,45061元/平,低楼层 (共16层) | 2013年 | 2室1厅 | 85.44平米 | 南,https://ke-image.ljcdn.com/110000-inspection/da586863-7eff-4dcf-abfe-c72e40207ad2_1000.jpg!m_fill,w_280,h_210,f_jpg?from=ke.com
20240131,房山,长阳,101120942828,徜徉嘉园5号院 全明3居 次顶层 诚心出售房主自荐,445万,47376元/平,高楼层 (共8层) | 2012年 | 3室1厅 | 93.93平米 | 南 北,https://ke-image.ljcdn.com/110000-inspection/pc1_GbQ3sQzkO_1.jpg!m_fill,w_280,h_210,f_jpg?from=ke.com
20240131,房山,长阳,101120942803,徜徉嘉园5号院 满五唯一南北3居全明格局房主自荐,438万,48106元/平,中楼层 (共8层) | 2012年 | 3室1厅 | 91.05平米 | 南 北,https://ke-image.ljcdn.com/110000-inspection/pc1_ZnQHgjNty.jpg!m_fill,w_280,h_210,f_jpg?from=ke.com
20240131,房山,长阳,101120942773,徜徉嘉园5号院 满五唯一 花园洋房不临街,700万,57718元/平,顶层 (共9层) | 2012年 | 4室1厅 | 121.28平米 | 南 北,https://ke-image.ljcdn.com/110000-inspection/pc1_lKt3UYNmS.jpg!m_fill,w_280,h_210,f_jpg?from=ke.com
20240131,房山,长阳,101120941469,芭蕾雨悦都南区 3室2厅 南 北,459万,66148元/平,底层 (共9层) | 2012年 | 3室2厅 | 69.39平米 | 南 北,https://ke-image.ljcdn.com/110000-inspection/pc1_Cu1rQSPg0.jpg!m_fill,w_280,h_210,f_jpg?from=ke.com
20240131,房山,长阳,101120940046,万科 云湾家园房子采光很好产权清晰随时看房,398万,42649元/平,高楼层 (共18层) | 2014年 | 2室1厅 | 93.32平米 | 南 北,https://ke-image.ljcdn.com/110000-inspection/pc1_OQGPA9sfn_1.jpg!m_fill,w_280,h_210,f_jpg?from=ke.com
20240131,房山,长阳,101120934478,原香小镇二区 电梯洋房精装修 满五年唯一,420万,47218元/平,底层 (共6层) | 2010年 | 4室1厅 | 88.95平米 | 南 北,https://ke-image.ljcdn.com/110000-inspection/f730efa7-c41a-4a13-b397-777fb69d5220_1000.jpg!m_fill,w_280,h_210,f_jpg?from=ke.com
20240131,房山,长阳,101120931867,长阳半岛祥云街4号院 诚心出售,449万,46810元/平,中楼层 (共9层) | 2012年 | 3室1厅 | 95.92平米 | 南 北,https://ke-image.ljcdn.com/110000-inspection/pc1_3YDXd8WqE.jpg!m_fill,w_280,h_210,f_jpg?from=ke.com
20240131,房山,长阳,101120930773,长阳半岛祥云街2号院 诚心出售多多推荐,498万,48553元/平,高楼层 (共18层) | 2011年 | 3室1厅 | 102.57平米 | 东 南 北,https://ke-image.ljcdn.com/110000-inspection/pc1_KxmqVYHoA_1.jpg!m_fill,w_280,h_210,f_jpg?from=ke.com
20240131,房山,长阳,101120923620,九洲溪雅苑一区 南北通透 顶层复式 精装修 视野开阔,590万,32610元/平,顶层 (共14层) | 2009年 | 4室2厅 | 180.93平米 | 南 北,https://ke-image.ljcdn.com/110000-inspection/pc1_acGNsEFQP.jpg!m_fill,w_280,h_210,f_jpg?from=ke.com
20240131,房山,长阳,101120923410,五矿名品 3室2厅 南 北,639万,42029元/平,低楼层 (共10层) | 2016年 | 3室2厅 | 152.04平米 | 南 北,https://ke-image.ljcdn.com/110000-inspection/pc1_0IxM8PhIc.jpg!m_fill,w_280,h_210,f_jpg?from=ke.com
20240131,房山,长阳,101120921003,碧桂园小区二区南北通透三居室户型方正诚心出售,273万,26423元/平,中楼层 (共6层) | 2004年 | 3室1厅 | 103.32平米 | 南 北,https://ke-image.ljcdn.com/110000-inspection/pc1_UOX4br2zF.jpg!m_fill,w_280,h_210,f_jpg?from=ke.com
20240131,房山,长阳,101120918115,南北通透楼层高采光充足户型方正没浪费面积,423万,24971元/平,高楼层 (共15层) | 2009年 | 3室2厅 | 169.4平米 | 南 西 北,https://ke-image.ljcdn.com/110000-inspection/pc1_OIwhq2FrZ.jpg!m_fill,w_280,h_210,f_jpg?from=ke.com
20240131,房山,长阳,101120918097,金地朗悦悦园 上跃 诚心出售  看房方便,650万,49479元/平,顶层 (共7层) | 2014年 | 5室2厅 | 131.37平米 | 南 北,https://ke-image.ljcdn.com/110000-inspection/pc1_trrmHErGK_1.jpg!m_fill,w_280,h_210,f_jpg?from=ke.com
20240131,房山,长阳,101120915006,原香小镇二区六层带电梯低密度居住舒适花园洋房,498万,35140元/平,低楼层 (共6层) 3室1厅 | 141.72平米 | 南 北,https://ke-image.ljcdn.com/110000-inspection/pc1_vH36CsDGK_2.jpg!m_fill,w_280,h_210,f_jpg?from=ke.com
20240131,房山,长阳,101120914563,原香小镇二区六层带电梯低密度花园洋房居住舒适诚心卖,439万,32044元/平,中楼层 (共6层) 3室1厅 | 137平米 | 南 北,https://ke-image.ljcdn.com/110000-inspection/0c56e57a-9e82-45c0-8a00-a419e7d87212_1000.jpg!m_fill,w_280,h_210,f_jpg?from=ke.com
20240131,房山,长阳,101120911333,原香小镇二区六层带电梯低密度花园洋房居住舒适房主自荐,249万,33320元/平,顶层 (共6层) | 2010年 | 2室1厅 | 74.73平米 | 南 北,https://ke-image.ljcdn.com/110000-inspection/pc1_GmAqBT5xQ_1.jpg!m_fill,w_280,h_210,f_jpg?from=ke.com
20240131,房山,长阳,101120910105,康泽佳苑南区南北通透业主诚心出售,245万,38742元/平,底层 (共18层) | 2014年 | 3室1厅 | 63.24平米 | 南 北,https://ke-image.ljcdn.com/110000-inspection/pc1_EkTy0bfzq.jpg!m_fill,w_280,h_210,f_jpg?from=ke.com
20240131,房山,长阳,101120909482,原香小镇二区六层带电梯低密度居住舒适花园洋房房主自荐,520万,42353元/平,高楼层 (共6层) | 2010年 | 3室2厅 | 122.78平米 | 南 西 北,https://ke-image.ljcdn.com/110000-inspection/pc1_6M43XGku9.jpg!m_fill,w_280,h_210,f_jpg?from=ke.com
20240131,房山,长阳,101120908699,长阳半岛4号院 满五年唯一 南北通透 采光好房主自荐,478万,49834元/平,中楼层 (共9层) 3室2厅 | 95.92平米 | 南 北,https://ke-image.ljcdn.com/110000-inspection/pc1_hubUUSRuM_1.jpg!m_fill,w_280,h_210,f_jpg?from=ke.com
20240131,房山,长阳,101120905421,徜徉嘉园6号院顶层四居室满五唯一南北通透,446万,50544元/平,顶层 (共11层) | 2014年 | 3室1厅 | 88.24平米 | 南 北,https://ke-image.ljcdn.com/110000-inspection/pc1_lK2O84t1t_1.jpg!m_fill,w_280,h_210,f_jpg?from=ke.com
20240131,房山,长阳,101120895026,翠林漫步南北两居 中间楼层 视野开阔无遮挡,300万,35212元/平,中楼层 (共11层) | 2012年 | 2室1厅 | 85.2平米 | 南 北,https://ke-image.ljcdn.com/110000-inspection/pc1_KQPzoZSbJ.jpg!m_fill,w_280,h_210,f_jpg?from=ke.com
20240131,房山,长阳,101120888050,业主诚心出售满五唯一带车位和储藏间交通便利。,360万,37776元/平,高楼层 (共11层) | 2013年 | 3室1厅 | 95.3平米 | 南 北,https://ke-image.ljcdn.com/110000-inspection/3f548884-b4c6-4d4a-9e25-3890c2db0ff4_1000.jpg!m_fill,w_280,h_210,f_jpg?from=ke.com
20240131,房山,长阳,101120884371,一层 南北通透户型 小区中间位置 环境好 人车分流,535万,56483元/平,底层 (共6层) | 2014年 | 4室2厅 | 94.72平米 | 南 北,https://ke-image.ljcdn.com/110000-inspection/pc1_ykyPt9kFF.jpg!m_fill,w_280,h_210,f_jpg?from=ke.com
20240131,房山,长阳,101120883410,金地朗悦沁园  精装修  下跃户型 诚心出售房主自荐,700万,72569元/平,底层 (共7层) | 2014年 | 3室1厅 | 96.46平米 | 南 北,https://ke-image.ljcdn.com/110000-inspection/pc1_1mAMkpKmH.jpg!m_fill,w_280,h_210,f_jpg?from=ke.com
20240131,房山,长阳,101120882543,中粮京西祥云 4室1厅 南 北,820万,59228元/平,中楼层 (共17层) 4室1厅 | 138.45平米 | 南 北,https://ke-image.ljcdn.com/110000-inspection/pc1_0vwSwqB3a.jpg!m_fill,w_280,h_210,f_jpg?from=ke.com
20240131,房山,长阳,101120882201,大宁山庄二区 一层出入方便能种花草 明厨明卫,610万,44670元/平,底层 (共5层) 3室1厅 | 136.56平米 | 南 北,https://ke-image.ljcdn.com/110000-inspection/pc1_GYA5xB1pC.jpg!m_fill,w_280,h_210,f_jpg?from=ke.com
20240131,房山,长阳,101120880982,中粮京西祥云 精装修 独立电梯入户 新风系统 四居室,788万,56630元/平,低楼层 (共16层) 4室2厅 | 139.15平米 | 南 北,https://ke-image.ljcdn.com/110000-inspection/pc1_C1acMFRlR.jpg!m_fill,w_280,h_210,f_jpg?from=ke.com
20240131,房山,长阳,101120880169,天资璟庭南向两居室视野开阔满五唯一,330万,31280元/平,中楼层 (共18层) | 2013年 | 2室1厅 | 105.5平米 | 南,https://ke-image.ljcdn.com/110000-inspection/pc1_1FtCeeFfw.jpg!m_fill,w_280,h_210,f_jpg?from=ke.com
20240131,房山,长阳,101120878081,原香小镇二区六层带电梯低密度花园洋房户型方正,460万,39469元/平,高楼层 (共6层) | 2010年 | 3室1厅 | 116.55平米 | 南 北,https://ke-image.ljcdn.com/110000-inspection/pc1_Bv7hKn5f9.jpg!m_fill,w_280,h_210,f_jpg?from=ke.com
20240131,房山,长阳,101120872736,祥云街6号院 少有复式 南北通透 全明格局 长阳地铁站房主自荐,408万,46238元/平,顶层 (共11层) | 2014年 | 3室1厅 | 88.24平米 | 南 北,https://ke-image.ljcdn.com/110000-inspection/pc1_n1vfT54U5_1.jpg!m_fill,w_280,h_210,f_jpg?from=ke.com
20240131,房山,长阳,101120870827,碧波园 3室2厅 南 北,315万,26120元/平,顶层 (共6层) | 2005年 | 3室2厅 | 120.6平米 | 南 北,https://ke-image.ljcdn.com/110000-inspection/pc1_e930bXQk3.jpg!m_fill,w_280,h_210,f_jpg?from=ke.com
20240131,房山,长阳,101120870604,近地铁 电梯洋房 通风流畅 交通便利房主自荐,212万,31895元/平,底层 (共6层) | 2014年 | 1室1厅 | 66.47平米 | 南,https://ke-image.ljcdn.com/110000-inspection/pc1_BxubA41rO_1.jpg!m_fill,w_280,h_210,f_jpg?from=ke.com
20240131,房山,长阳,101120868422,加州三期 次顶层 南向一居 视野开阔无遮挡 满5唯一,178万,33055元/平,高楼层 (共14层) | 2010年 | 1室1厅 | 53.85平米 | 南,https://ke-image.ljcdn.com/110000-inspection/717ca36e-ccd9-4a41-88f0-e06e3afb957d_1000.jpg!m_fill,w_280,h_210,f_jpg?from=ke.com
20240131,房山,长阳,101120864346,长阳半岛祥云街4号院诚心出售 多多推荐,500万,52209元/平,中楼层 (共9层) 3室1厅 | 95.77平米 | 南 北,https://ke-image.ljcdn.com/110000-inspection/pc1_4PxI5drn6_1.jpg!m_fill,w_280,h_210,f_jpg?from=ke.com
20240131,房山,长阳,101120862003,合景领峰7号院 洋房 满五年唯一 采光视野好 南北向,406万,41202元/平,低楼层 (共15层) | 2015年 | 3室1厅 | 98.54平米 | 南 北,https://ke-image.ljcdn.com/110000-inspection/pc1_zzWsro6Dj.jpg!m_fill,w_280,h_210,f_jpg?from=ke.com
20240131,房山,长阳,101120857308,大宁山庄一区 现代化精装修 联排别墅,980万,39917元/平,底层 (共3层) | 2005年 | 5室2厅 | 245.51平米 | 南 北,https://ke-image.ljcdn.com/110000-inspection/pc1_rPWBgWapm.jpg!m_fill,w_280,h_210,f_jpg?from=ke.com
20240131,房山,长阳,101120855169,满五唯一优质三居位置好中间楼层精装修保持好,440万,34758元/平,中楼层 (共10层) 3室2厅 | 126.59平米 | 南 北,https://ke-image.ljcdn.com/110000-inspection/pc1_PjdYdvDzA.jpg!m_fill,w_280,h_210,f_jpg?from=ke.com
20240131,房山,长阳,101120853203,加州水郡四期南向正规一居室无遮挡采光足。,189万,32105元/平,顶层 (共11层) | 2011年 | 1室1厅 | 58.87平米 | 南,https://ke-image.ljcdn.com/110000-inspection/pc1_vFwS9UlsW.jpg!m_fill,w_280,h_210,f_jpg?from=ke.com
20240131,房山,长阳,101120842586,康泽佳苑南区南向一居室业主诚心出售,146万,34820元/平,低楼层 (共28层) | 2014年 | 1室1厅 | 41.93平米 | 西南,https://ke-image.ljcdn.com/110000-inspection/pc1_doXa6aHzE.jpg!m_fill,w_280,h_210,f_jpg?from=ke.com
20240131,房山,长阳,101120838464,徜徉嘉园8号院 电梯洋房 电梯入户顶层复式,828万,63595元/平,顶层 (共7层) | 2014年 | 5室1厅 | 130.2平米 | 南 北,https://ke-image.ljcdn.com/110000-inspection/pc1_sUsHFhFRB_1.jpg!m_fill,w_280,h_210,f_jpg?from=ke.com
20240131,房山,长阳,101120834375,芭蕾雨悦都南区 3室2厅 南 北,410万,67590元/平,顶层 (共8层) | 2012年 | 3室2厅 | 60.66平米 | 南 北,https://ke-image.ljcdn.com/110000-inspection/bea78c50-30e1-421b-9531-f50c4f6a0eca_1000.jpg!m_fill,w_280,h_210,f_jpg?from=ke.com
20240131,房山,长阳,101120833559,长阳半岛4号院满五唯一南北三居中间层不临街房主自荐,446万,46600元/平,高楼层 (共9层) | 2012年 | 3室1厅 | 95.71平米 | 南 北,https://ke-image.ljcdn.com/110000-inspection/pc1_KkmY9P65w.jpg!m_fill,w_280,h_210,f_jpg?from=ke.com
20240131,房山,长阳,101120833336,徜徉嘉园5号院 一览众山小 边户3居 全明格局房主自荐,499万,44899元/平,高楼层 (共18层) | 2012年 | 3室2厅 | 111.14平米 | 南 北,https://ke-image.ljcdn.com/110000-inspection/pc1_ELJQZlcxv_1.jpg!m_fill,w_280,h_210,f_jpg?from=ke.com
20240131,房山,长阳,101120831855,紫云家园一层可种花满五唯一精装修南北通透房主自荐,669万,47542元/平,底层 (共15层) 3室2厅 | 140.72平米 | 南 北,https://ke-image.ljcdn.com/110000-inspection/pc1_wbBbhjPJV_2.jpg!m_fill,w_280,h_210,f_jpg?from=ke.com
20240131,房山,长阳,101120824890,金地朗悦悦园 顶层上跃 满五唯一  采光充足 无遮挡,670万,51373元/平,顶层 (共7层) | 2014年 | 5室1厅 | 130.42平米 | 南 北,https://ke-image.ljcdn.com/110000-inspection/pc1_MYNLvrp7t_1.jpg!m_fill,w_280,h_210,f_jpg?from=ke.com
20240131,房山,长阳,101120822537,西棕榈滩九洲溪雅苑优质三居没遮挡普宅不临街,319万,23571元/平,底层 (共14层) | 2009年 | 3室1厅 | 135.34平米 | 南 西 北,https://ke-image.ljcdn.com/110000-inspection/pc1_PbdJD5dLk_1.jpg!m_fill,w_280,h_210,f_jpg?from=ke.com
20240131,房山,长阳,101120801173,紫云家园 U6户型有仓储间满五唯一东边户房主自荐,645万,45771元/平,低楼层 (共9层) | 2013年 | 3室2厅 | 140.92平米 | 南 北,https://ke-image.ljcdn.com/110000-inspection/pc1_rc6PodmvA_1.jpg!m_fill,w_280,h_210,f_jpg?from=ke.com
20240131,房山,长阳,101120797756,长阳半岛4号院东南北明厨明卫诚心出售,488万,47666元/平,中楼层 (共16层) | 2012年 | 3室1厅 | 102.38平米 | 东 南 北,https://ke-image.ljcdn.com/110000-inspection/pc1_s5QWnhgYZ_1.jpg!m_fill,w_280,h_210,f_jpg?from=ke.com
20240131,房山,长阳,101120795372,商品房满五唯一高楼层朝南向采光充足视线好。房主自荐,250万,29155元/平,高楼层 (共15层) | 2011年 | 2室1厅 | 85.75平米 | 南,https://ke-image.ljcdn.com/110000-inspection/pc1_5UqMKH3q2.jpg!m_fill,w_280,h_210,f_jpg?from=ke.com
20240131,房山,长阳,101120783709,首创新悦都二区 满五唯一 看房方便,366万,41338元/平,高楼层 (共18层) 3室1厅 | 88.54平米 | 南 北,https://ke-image.ljcdn.com/110000-inspection/pc1_TKbm10lKr.jpg!m_fill,w_280,h_210,f_jpg?from=ke.com
20240131,房山,长阳,101120783139,北京城建·广悦居 前后无遮挡 明厨明卫 满五唯一,212.6万,31464元/平,高楼层 (共22层) | 2016年 | 1室1厅 | 67.57平米 | 东 西北,https://ke-image.ljcdn.com/110000-inspection/pc1_ZNEZGFsIg_1.jpg!m_fill,w_280,h_210,f_jpg?from=ke.com
20240131,房山,长阳,101120777487,建邦华庭 三居室边户 精装修 保持很新 全屋新风系统,566万,51530元/平,顶层 (共7层) | 2013年 | 3室2厅 | 109.84平米 | 南 北,https://ke-image.ljcdn.com/110000-inspection/pc1_nbgMZGh87_1.jpg!m_fill,w_280,h_210,f_jpg?from=ke.com
20240131,房山,长阳,101120774505,首创新悦都一区满五唯一精装自住全明格局房主自荐,339万,39191元/平,顶层 (共16层) | 2012年 | 3室1厅 | 86.5平米 | 南 北,https://ke-image.ljcdn.com/110000-inspection/pc1_GdzQI5GsO_1.jpg!m_fill,w_280,h_210,f_jpg?from=ke.com
20240131,房山,长阳,101120768204,首创新悦都二区房山长阳篱笆房,328万,37422元/平,底层 (共18层) | 2014年 | 3室1厅 | 87.65平米 | 南 北,https://ke-image.ljcdn.com/110000-inspection/pc1_QscyNVwfo.jpg!m_fill,w_280,h_210,f_jpg?from=ke.com
20240131,房山,长阳,101120767219,金地朗悦润园 4室2厅 南 北,618万,49302元/平,底层 (共7层) | 2014年 | 4室2厅 | 125.35平米 | 南 北,https://ke-image.ljcdn.com/110000-inspection/pc1_hxX6ahjNi_1.jpg!m_fill,w_280,h_210,f_jpg?from=ke.com
20240131,房山,长阳,101120746906,天泰新景家园  把边户型  视野好  南北通透房主自荐,310万,28978元/平,低楼层 (共6层) | 2003年 | 3室1厅 | 106.98平米 | 南 北,https://ke-image.ljcdn.com/110000-inspection/pc1_0TTHCAV5X_1.jpg!m_fill,w_280,h_210,f_jpg?from=ke.com
20240131,房山,长阳,101120745411,加州水郡四期 双阳台双飘窗 满五唯一 看房方便房主自荐,249万,28648元/平,高楼层 (共11层) | 2011年 | 2室1厅 | 86.92平米 | 西南,https://ke-image.ljcdn.com/110000-inspection/4b46d964-6ab3-483d-9e1e-c90724f31e72_1000.jpg!m_fill,w_280,h_210,f_jpg?from=ke.com
20240131,房山,长阳,101120738323,徜徉嘉园8号院 满五年唯一 保持好 南北通透,739万,43816元/平,中楼层 (共7层) | 2014年 | 4室1厅 | 168.66平米 | 南 北,https://ke-image.ljcdn.com/110000-inspection/pc1_rvRTgo2wG_1.jpg!m_fill,w_280,h_210,f_jpg?from=ke.com
20240131,房山,长阳,101120736136,加州水郡三期 3室1厅 南 北,329万,29362元/平,底层 (共14层) | 2010年 | 3室1厅 | 112.05平米 | 南 北,https://ke-image.ljcdn.com/110000-inspection/pc1_Q1Vp8JAOW.jpg!m_fill,w_280,h_210,f_jpg?from=ke.com
20240131,房山,长阳,101120730830,国誉府 4室2厅 南 北,760万,46845元/平,中楼层 (共19层) 4室2厅 | 162.24平米 | 南 北,https://ke-image.ljcdn.com/110000-inspection/pc1_Bo5ve3KMP_1.jpg!m_fill,w_280,h_210,f_jpg?from=ke.com
20240131,房山,长阳,101120706891,加州水郡二期三居室不临路满五年唯一,426万,29973元/平,低楼层 (共9层) | 2006年 | 3室1厅 | 142.13平米 | 南 北,https://ke-image.ljcdn.com/110000-inspection/715f0fff-8d6e-44e6-a4c0-c7dbbc2979c7_1000.jpg!m_fill,w_280,h_210,f_jpg?from=ke.com
20240131,房山,长阳,101120690881,万科精装 次顶层 采光好视野无遮挡   明厨明卫,469万,47094元/平,高楼层 (共18层) 3室1厅 | 99.59平米 | 北 南 东南,https://ke-image.ljcdn.com/110000-inspection/pc1_7Eyi2wYw0.jpg!m_fill,w_280,h_210,f_jpg?from=ke.com
20240131,房山,长阳,101120687046,世茂维拉 6室1厅 南 北,669万,43159元/平,中楼层 (共5层) | 2015年 | 6室1厅 | 155.01平米 | 南 北,https://ke-image.ljcdn.com/110000-inspection/pc1_iqS3TLzZ1.jpg!m_fill,w_280,h_210,f_jpg?from=ke.com
20240131,房山,长阳,101120686697,长阳半岛祥云街4号院 诚心出售,489万,51082元/平,低楼层 (共9层) | 2012年 | 3室1厅 | 95.73平米 | 南 北,https://ke-image.ljcdn.com/110000-inspection/pc1_5fUAGY6ki.jpg!m_fill,w_280,h_210,f_jpg?from=ke.com
20240131,房山,长阳,101120681975,满五年唯一产权清晰中间楼层看房方便,310万,30230元/平,中楼层 (共14层) | 2009年 | 2室1厅 | 102.55平米 | 南 北,https://ke-image.ljcdn.com/110000-inspection/pc1_84xCY8IOQ.jpg!m_fill,w_280,h_210,f_jpg?from=ke.com
20240131,房山,长阳,101120681069,户型设计合理满五唯一楼层高视野好,270万,29190元/平,高楼层 (共15层) | 2011年 | 2室1厅 | 92.5平米 | 东北,https://ke-image.ljcdn.com/110000-inspection/pc1_gNtpMMGWT.jpg!m_fill,w_280,h_210,f_jpg?from=ke.com
20240131,房山,长阳,101120680281,金隅糖 精装修上跃 南北通透两居 两卫房主自荐,380万,52911元/平,顶层 (共10层) 2室1厅 | 71.82平米 | 南 北,https://ke-image.ljcdn.com/110000-inspection/pc1_0o75eyQpK.jpg!m_fill,w_280,h_210,f_jpg?from=ke.com
20240131,房山,长阳,101120673647,首创新悦都二区精装两居诚心出售,310万,41153元/平,底层 (共18层) 2室1厅 | 75.33平米 | 南 北,https://ke-image.ljcdn.com/110000-inspection/pc1_AxxiQEh1m_1.jpg!m_fill,w_280,h_210,f_jpg?from=ke.com
20240131,房山,长阳,101120670359,落地窗满二年大阳台视野宽阔采光充足,377万,41626元/平,中楼层 (共9层) | 2012年 | 3室1厅 | 90.57平米 | 南 北,https://ke-image.ljcdn.com/110000-inspection/pc1_oDh5JXSrM.jpg!m_fill,w_280,h_210,f_jpg?from=ke.com
20240131,房山,长阳,101120670189,满五唯一南北全通透明卫电梯通地库有花园,360万,41571元/平,底层 (共10层) 2室1厅 | 86.6平米 | 南 北,https://ke-image.ljcdn.com/110000-inspection/pc1_CBYS4Pg6f.jpg!m_fill,w_280,h_210,f_jpg?from=ke.com
20240131,房山,长阳,101120663449,长阳半岛3号院南北四居精装修满五唯一房主自荐,629万,46213元/平,低楼层 (共9层) | 2012年 | 4室1厅 | 136.11平米 | 南 北,https://ke-image.ljcdn.com/110000-inspection/pc1_lPwP2enKm.jpg!m_fill,w_280,h_210,f_jpg?from=ke.com
20240131,房山,长阳,101120660614,此房贷款购买有抵押房本在手随时签约。,800万,48891元/平,高楼层 (共15层) | 2015年 | 3室1厅 | 163.63平米 | 南 北,https://ke-image.ljcdn.com/110000-inspection/pc1_VWJdPORiQ_1.jpg!m_fill,w_280,h_210,f_jpg?from=ke.com
20240131,房山,长阳,101120655973,原香小镇一区  诚心出售 看房方便,298万,34977元/平,高楼层 (共10层) 2室1厅 | 85.2平米 | 南 北,https://ke-image.ljcdn.com/110000-inspection/pc1_MkLzZNmph.jpg!m_fill,w_280,h_210,f_jpg?from=ke.com
20240131,房山,长阳,101120653854,南向高采光户型格局好配套设施齐全交通便利,385万,42979元/平,中楼层 (共28层) | 2011年 | 2室1厅 | 89.58平米 | 南,https://ke-image.ljcdn.com/110000-inspection/pc1_8D7aKkfD8.jpg!m_fill,w_280,h_210,f_jpg?from=ke.com
20240131,房山,长阳,101120651257,五矿名品3-1-1-2 134.61m²房主自荐,640万,47545元/平,高楼层 (共6层) | 2018年 | 3室1厅 | 134.61平米 | 南 北,https://ke-image.ljcdn.com/110000-inspection/54ef8681-71bb-4d66-98f8-1e24a8cc8123_1000.jpg!m_fill,w_280,h_210,f_jpg?from=ke.com
20240131,房山,长阳,101120646152,徜徉集祥云街5号院优质便宜三居,439万,39614元/平,底层 (共18层) | 2012年 | 3室2厅 | 110.82平米 | 南 北,https://ke-image.ljcdn.com/110000-inspection/pc1_77mjKDQXl_1.jpg!m_fill,w_280,h_210,f_jpg?from=ke.com
20240131,房山,长阳,101120645862,徜徉嘉园8号院 南北通透2居 双卫 满五唯一,539万,44410元/平,底层 (共18层) | 2014年 | 2室1厅 | 121.37平米 | 南 北,https://ke-image.ljcdn.com/110000-inspection/pc1_33jogUe60_2.jpg!m_fill,w_280,h_210,f_jpg?from=ke.com
20240131,房山,长阳,101120621095,大宁山庄四区 全南户型 精装修,239万,44565元/平,顶层 (共6层) | 2010年 | 1室1厅 | 53.63平米 | 南,https://ke-image.ljcdn.com/110000-inspection/5fc70c86-31d6-4af7-a321-8dc94b1dfaec_1000.jpg!m_fill,w_280,h_210,f_jpg?from=ke.com
20240131,房山,长阳,101120591046,徜徉嘉园5号院 电梯入户 双卧朝南 位置安静 装修很好,640万,47014元/平,顶层 (共16层) | 2012年 | 4室1厅 | 136.13平米 | 南 北,https://ke-image.ljcdn.com/110000-inspection/0b7f5f72-3c41-4197-9342-dbec83e7ec25_1000.jpg!m_fill,w_280,h_210,f_jpg?from=ke.com
20240131,房山,长阳,101120588722,万年广阳郡九号南北两居室边户全明户型,617万,44214元/平,低楼层 (共12层) | 2018年 | 3室1厅 | 139.55平米 | 南 北,https://ke-image.ljcdn.com/110000-inspection/59d7a721-7771-4a38-8909-033e4b2ed80f_1000.jpg!m_fill,w_280,h_210,f_jpg?from=ke.com
20240131,房山,长阳,101120587775,此房满五唯一主朝东 格局方正中等楼层全明格局,185万,30594元/平,中楼层 (共6层) | 2007年 | 1室1厅 | 60.47平米 | 东南,https://ke-image.ljcdn.com/110000-inspection/pc1_HXmX1LzBQ.jpg!m_fill,w_280,h_210,f_jpg?from=ke.com
20240131,房山,长阳,101120574364,翠林漫步精装两居满五唯一采光好南北全通透明卫,270万,31254元/平,低楼层 (共11层) 2室1厅 | 86.39平米 | 南 北,https://ke-image.ljcdn.com/110000-inspection/pc1_U18iXp0lx.jpg!m_fill,w_280,h_210,f_jpg?from=ke.com
20240131,房山,长阳,101120573654,复式户型精装修视野宽阔适合家庭人口多居住,780万,57778元/平,顶层 (共9层) 5室2厅 | 135平米 | 南 北,https://ke-image.ljcdn.com/110000-inspection/e98c38cd-bb05-4893-864e-6db9cfb46c90_1000.jpg!m_fill,w_280,h_210,f_jpg?from=ke.com
20240131,房山,长阳,101120573354,加州水郡三期西南北三居满五唯一高楼层视野宽阔房主自荐,409万,28205元/平,高楼层 (共14层) | 2010年 | 3室2厅 | 145.01平米 | 西南 北,https://ke-image.ljcdn.com/110000-inspection/pc1_4PDoaJoKw_2.jpg!m_fill,w_280,h_210,f_jpg?from=ke.com
20240131,房山,长阳,101120554063,首创新悦都一区 精装修 满五唯一,272万,36306元/平,底层 (共16层) 2室1厅 | 74.92平米 | 南 北,https://ke-image.ljcdn.com/110000-inspection/60d87c9d-9d70-48cc-9b2f-027f0f42f60b_1000.jpg!m_fill,w_280,h_210,f_jpg?from=ke.com
20240131,房山,长阳,101120553280,北京城建·广悦居 2室1厅 南,265万,32227元/平,低楼层 (共23层) | 2016年 | 2室1厅 | 82.23平米 | 南,https://ke-image.ljcdn.com/110000-inspection/pc1_0BQDZikOJ_1.jpg!m_fill,w_280,h_210,f_jpg?from=ke.com
20240131,房山,长阳,101120545752,金隅畅和园9号院南向 满五唯一 精装 诚意出售,228万,34959元/平,高楼层 (共22层) 1室1厅 | 65.22平米 | 南,https://ke-image.ljcdn.com/110000-inspection/pc1_2fCSp3qp7.jpg!m_fill,w_280,h_210,f_jpg?from=ke.com
20240131,房山,长阳,101120534140,别墅区住宅密度低独立餐厅采光无遮挡,395万,27425元/平,低楼层 (共9层) | 2007年 | 3室1厅 | 144.03平米 | 南 北,https://ke-image.ljcdn.com/110000-inspection/1f4df4ec-7efc-4c54-983f-76085f90614c_1000.jpg!m_fill,w_280,h_210,f_jpg?from=ke.com
20240131,房山,长阳,101120530992,康泽佳苑南区 2室1厅 南,186万,35756元/平,中楼层 (共18层) | 2014年 | 2室1厅 | 52.02平米 | 南,https://ke-image.ljcdn.com/110000-inspection/pc1_HBDmjoGfE_1.jpg!m_fill,w_280,h_210,f_jpg?from=ke.com
20240131,房山,长阳,101120527408,此房满五唯一 南北通透客厅主卧室都是南向经典户型,420万,47544元/平,低楼层 (共9层) 2室1厅 | 88.34平米 | 南 北,https://ke-image.ljcdn.com/110000-inspection/pc1_EUGOguElV.jpg!m_fill,w_280,h_210,f_jpg?from=ke.com
20240131,房山,长阳,101120518728,原香小镇一区两居室诚意出售 视野好 无遮挡房主自荐,278万,31552元/平,中楼层 (共10层) 2室1厅 | 88.11平米 | 南 北,https://ke-image.ljcdn.com/110000-inspection/dd47013f-f6b5-46ae-a111-6d16cb360182_1000.jpg!m_fill,w_280,h_210,f_jpg?from=ke.com
20240131,房山,长阳,101120487556,南北通透明厨明卫高楼层业主诚意出售。,333万,37816元/平,高楼层 (共25层) 3室1厅 | 88.06平米 | 南 西 北,https://ke-image.ljcdn.com/110000-inspection/4ddc5b85-b63d-4379-b1b5-412faee28c82_1000.jpg!m_fill,w_280,h_210,f_jpg?from=ke.com
20240131,房山,长阳,101120482455,康泽佳苑南区南北三居室业主诚心出售看房方便,249万,37998元/平,中楼层 (共28层) | 2014年 | 3室1厅 | 65.53平米 | 南 北,https://ke-image.ljcdn.com/110000-inspection/pc1_PKTJljzax.jpg!m_fill,w_280,h_210,f_jpg?from=ke.com
20240131,房山,长阳,101120480542,金地朗悦朗园 127.94平精装修上跃 看房方便房主自荐,630万,49242元/平,高楼层 (共9层) | 2013年 | 3室1厅 | 127.94平米 | 南 北,https://ke-image.ljcdn.com/110000-inspection/pc1_B7r4bGi9V_1.jpg!m_fill,w_280,h_210,f_jpg?from=ke.com
20240131,房山,长阳,101120475065,满五唯一、采光好南北通透、户型方正、三居室房主自荐,460万,49036元/平,底层 (共9层) | 2012年 | 3室1厅 | 93.81平米 | 北 南,https://ke-image.ljcdn.com/110000-inspection/pc1_MiDHbuHi3.jpg!m_fill,w_280,h_210,f_jpg?from=ke.com
20240131,房山,长阳,101120471082,中粮京西祥云 全新房 一天没住过 中间楼层 看房随时,565万,44885元/平,中楼层 (共18层) 4室2厅 | 125.88平米 | 南 北,https://ke-image.ljcdn.com/110000-inspection/pc1_pajpfEmad.jpg!m_fill,w_280,h_210,f_jpg?from=ke.com
20240131,房山,长阳,101120462387,徜徉嘉园8号院  6层电梯洋房  西边户  顶层复式房主自荐,798万,60282元/平,顶层 (共6层) | 2014年 | 5室2厅 | 132.38平米 | 南 北,https://ke-image.ljcdn.com/110000-inspection/pc1_ZMiforD3v_1.jpg!m_fill,w_280,h_210,f_jpg?from=ke.com
20240131,房山,长阳,101120446540,广阳郡九号万年基业出品好房子随时看,610万,43731元/平,顶层 (共12层) | 2018年 | 3室2厅 | 139.49平米 | 南 北,https://ke-image.ljcdn.com/110000-inspection/pc1_o8rLbqHzh_1.jpg!m_fill,w_280,h_210,f_jpg?from=ke.com
20240131,房山,长阳,101120442880,23平米花园 满五唯一 南北通透,385万,43815元/平,底层 (共10层) | 2014年 | 2室1厅 | 87.87平米 | 南 北,https://ke-image.ljcdn.com/110000-inspection/pc1_pbTtTUxKl.jpg!m_fill,w_280,h_210,f_jpg?from=ke.com
20240131,房山,长阳,101120427786,万科长阳天地5号院 精装修三居室 满五唯一 诚心出售,449万,45423元/平,底层 (共21层) 3室1厅 | 98.85平米 | 南 北,https://ke-image.ljcdn.com/110000-inspection/pc1_hTcpaTB8s_1.jpg!m_fill,w_280,h_210,f_jpg?from=ke.com
20240131,房山,长阳,101120427697,10平米花园 金域公园 精装两居室 诚心出售,380万,42909元/平,底层 (共10层) | 2014年 | 2室1厅 | 88.56平米 | 南,https://ke-image.ljcdn.com/110000-inspection/f31fa01d-725a-4d1e-b955-bf541d86ca79_1000.jpg!m_fill,w_280,h_210,f_jpg?from=ke.com
20240131,房山,长阳,101120410561,此房满五年且家庭名下在京无其他住宅采光视野好,268万,30798元/平,顶层 (共18层) | 2012年 | 2室1厅 | 87.02平米 | 南 北,https://ke-image.ljcdn.com/110000-inspection/pc1_dOFC4CtAB.jpg!m_fill,w_280,h_210,f_jpg?from=ke.com
20240131,房山,长阳,101120393810,邑上公馆 2室1厅 南,260万,38456元/平,底层 (共6层) | 2014年 | 2室1厅 | 67.61平米 | 南,https://ke-image.ljcdn.com/110000-inspection/pc1_lcjs1UJbd.jpg!m_fill,w_280,h_210,f_jpg?from=ke.com
20240131,房山,长阳,101120384222,芭蕾雨悦都南区 2室2厅 南 北,610万,68287元/平,底层 (共9层) 2室2厅 | 89.33平米 | 南 北,https://ke-image.ljcdn.com/110000-inspection/pc1_o0Ohu7nyS.jpg!m_fill,w_280,h_210,f_jpg?from=ke.com
20240131,房山,长阳,101120380104,天泰新景  中间楼层  采光好  视野开阔  急售房主自荐,269万,28121元/平,中楼层 (共6层) | 2005年 | 2室2厅 | 95.66平米 | 南 北,https://ke-image.ljcdn.com/110000-inspection/pc1_8oj2Z413V_1.jpg!m_fill,w_280,h_210,f_jpg?from=ke.com
20240131,房山,长阳,101120375187,康泽佳苑南区精装2居南向满五唯一采光好楼层佳随时看房主自荐,185万,33382元/平,低楼层 (共28层) | 2014年 | 2室1厅 | 55.42平米 | 南,https://ke-image.ljcdn.com/110000-inspection/pc1_54jgPVW4p.jpg!m_fill,w_280,h_210,f_jpg?from=ke.com
20240131,房山,长阳,101120357946,碧桂园小区二区南向一居室精装修无遮挡,162万,28532元/平,高楼层 (共6层) | 2007年 | 1室1厅 | 56.78平米 | 南,https://ke-image.ljcdn.com/110000-inspection/pc1_Z3y2oVgPi.jpg!m_fill,w_280,h_210,f_jpg?from=ke.com
20240131,房山,长阳,101120351538,碧桂园小区二区 南北通透大两居室房主自荐,256万,29045元/平,底层 (共6层) | 2004年 | 2室2厅 | 88.14平米 | 南 北,https://ke-image.ljcdn.com/110000-inspection/pc1_nLam2W0af.jpg!m_fill,w_280,h_210,f_jpg?from=ke.com
20240131,房山,长阳,101120296599,世茂维拉 5室1厅 南 北,745万,29143元/平,中楼层 (共5层) | 2015年 | 5室1厅 | 255.64平米 | 南 北,https://ke-image.ljcdn.com/110000-inspection/pc1_uwiYT9EXR.jpg!m_fill,w_280,h_210,f_jpg?from=ke.com
20240131,房山,长阳,101120287278,金地朗悦悦园 下跃户型  装修保持好 前后无遮挡,598万,61202元/平,底层 (共7层) | 2014年 | 4室2厅 | 97.71平米 | 南 北,https://ke-image.ljcdn.com/110000-inspection/pc1_EmkELGdj9.jpg!m_fill,w_280,h_210,f_jpg?from=ke.com
20240131,房山,长阳,101120275378,商品房小区中间位置不临街南北通透采光好,403万,30235元/平,低楼层 (共14层) | 2009年 | 3室1厅 | 133.29平米 | 南 北,https://ke-image.ljcdn.com/110000-inspection/pc1_qGOwZDG4N.jpg!m_fill,w_280,h_210,f_jpg?from=ke.com
20240131,房山,长阳,101120272782,首开熙悦山熹园3号院南北通透满五唯一店长推荐,348万,39909元/平,低楼层 (共21层) | 2013年 | 2室1厅 | 87.2平米 | 南 北,https://ke-image.ljcdn.com/110000-inspection/pc1_1QevczH2f.jpg!m_fill,w_280,h_210,f_jpg?from=ke.com
20240131,房山,长阳,101120272220,康泽佳苑南区 2室1厅 南,210万,38148元/平,低楼层 (共22层) | 2014年 | 2室1厅 | 55.05平米 | 南,https://ke-image.ljcdn.com/110000-inspection/pc1_IBJayVE9i_1.jpg!m_fill,w_280,h_210,f_jpg?from=ke.com
20240131,房山,长阳,101120268840,金地朗悦朗园 下跃户型  装修保持好 前后无遮挡,650万,64780元/平,底层 (共9层) | 2013年 | 4室3厅 | 100.34平米 | 南 北,https://ke-image.ljcdn.com/110000-inspection/pc1_4lWbG0Fph.jpg!m_fill,w_280,h_210,f_jpg?from=ke.com
20240131,房山,长阳,101120268068,《店长推荐》全明户型 满五唯一 看房方便 装修保持好,430万,48120元/平,中楼层 (共8层) | 2011年 | 3室2厅 | 89.36平米 | 南 北,https://ke-image.ljcdn.com/110000-inspection/pc1_wCRITTAvE_1.jpg!m_fill,w_280,h_210,f_jpg?from=ke.com
20240131,房山,长阳,101120249607,金地朗悦朗园 一期 阜盛东街59号院 南向两居,378万,49568元/平,顶层 (共11层) | 2013年 | 2室2厅 | 76.26平米 | 南,https://ke-image.ljcdn.com/110000-inspection/pc1_0Ga4IVcoq_1.jpg!m_fill,w_280,h_210,f_jpg?from=ke.com
20240131,房山,长阳,101120234739,天资华府南向两居室 新小区 临近长阳公园 中间位置,289万,30745元/平,低楼层 (共18层) | 2015年 | 2室1厅 | 94平米 | 南,https://ke-image.ljcdn.com/110000-inspection/pc1_XR5eds3yg.jpg!m_fill,w_280,h_210,f_jpg?from=ke.com
20240131,房山,长阳,101120233912,世茂维拉 下叠别墅 南北通透 诚心出售 随时看房,686万,28721元/平,底层 (共5层) | 2015年 | 5室1厅 | 238.85平米 | 南 北,https://ke-image.ljcdn.com/110000-inspection/pc1_hVuR8hAfx.jpg!m_fill,w_280,h_210,f_jpg?from=ke.com
20240131,房山,长阳,101120215416,广阳郡九号 房龄新 万科物业 环境好 配套齐全,1399万,77251元/平,底层 (共7层) | 2018年 | 5室2厅 | 181.1平米 | 南 北,https://ke-image.ljcdn.com/110000-inspection/pc1_1TM3M9wP2_1.jpg!m_fill,w_280,h_210,f_jpg?from=ke.com
20240131,房山,长阳,101120185518,此房满五唯一采光视野好装修保持好周边配套齐全,470万,58025元/平,顶层 (共9层) | 2011年 | 4室1厅 | 81平米 | 南 北,https://ke-image.ljcdn.com/110000-inspection/pc1_NFDNuK2Hl.jpg!m_fill,w_280,h_210,f_jpg?from=ke.com
20240131,房山,长阳,101120183445,此房南北通透格局户型好楼层好视野采光无遮,479万,47058元/平,高楼层 (共15层) | 2015年 | 3室1厅 | 101.79平米 | 南 北,https://ke-image.ljcdn.com/110000-inspection/pc1_r51YlWs21_1.jpg!m_fill,w_280,h_210,f_jpg?from=ke.com
20240131,房山,长阳,101120172715,满五年唯一方正户型一梯两户三居。诚心出售,409万,28854元/平,低楼层 (共9层) | 2007年 | 3室2厅 | 141.75平米 | 南 北,https://ke-image.ljcdn.com/110000-inspection/pc1_OIl9W1sZm_2.jpg!m_fill,w_280,h_210,f_jpg?from=ke.com
20240131,房山,长阳,101120171197,首开熙悦山澜庭南向两居室满五唯一,394万,46512元/平,高楼层 (共21层) | 2014年 | 2室1厅 | 84.71平米 | 南,https://ke-image.ljcdn.com/110000-inspection/pc1_aHTrXPKR9.jpg!m_fill,w_280,h_210,f_jpg?from=ke.com
20240131,房山,长阳,101120153936,长阳国际城一区 全南两居室满五唯一,349万,44273元/平,中楼层 (共20层) | 2012年 | 2室1厅 | 78.83平米 | 南,https://ke-image.ljcdn.com/110000-inspection/pc1_K6OGy174N.jpg!m_fill,w_280,h_210,f_jpg?from=ke.com
20240131,房山,长阳,101120139550,此房南北通透格局户型好楼层好视野采光无遮挡,368万,47687元/平,高楼层 (共15层) | 2015年 | 1室1厅 | 77.17平米 | 南 北,https://ke-image.ljcdn.com/110000-inspection/pc1_F3FiKKgql_1.jpg!m_fill,w_280,h_210,f_jpg?from=ke.com
20240131,房山,长阳,101120131192,婚房精装修 拎包入住 南北通透 篱笆房地铁满五年唯一房主自荐,468万,46946元/平,高楼层 (共15层) | 2015年 | 3室2厅 | 99.69平米 | 南 北,https://ke-image.ljcdn.com/110000-inspection/pc1_7ePffQLJE_1.jpg!m_fill,w_280,h_210,f_jpg?from=ke.com
20240131,房山,长阳,101120130094,房山长阳温庄子家园三居室业主诚心出售,350万,28204元/平,低楼层 (共6层) | 2003年 | 3室2厅 | 124.1平米 | 南 北,https://ke-image.ljcdn.com/110000-inspection/pc1_lQFXe4tSD_1.jpg!m_fill,w_280,h_210,f_jpg?from=ke.com
20240131,房山,长阳,101120101513,万科长阳天地5号院 精装修 全南采光好诚心出售,315万,38986元/平,低楼层 (共21层) | 2017年 | 2室1厅 | 80.8平米 | 南,https://ke-image.ljcdn.com/110000-inspection/pc1_BKd80Yi87.jpg!m_fill,w_280,h_210,f_jpg?from=ke.com
20240131,房山,长阳,101120098444,满五唯一 位置好 楼层高 采光好 配套齐全,356万,40617元/平,中楼层 (共28层) | 2011年 | 2室1厅 | 87.65平米 | 北 南,https://ke-image.ljcdn.com/110000-inspection/pc1_tJBWRXVEq_1.jpg!m_fill,w_280,h_210,f_jpg?from=ke.com
20240131,房山,长阳,101120098061,满五唯一全南向好户型中高楼层视野采光好房主自荐,249万,29038元/平,中楼层 (共15层) | 2011年 | 2室1厅 | 85.75平米 | 南,https://ke-image.ljcdn.com/110000-inspection/pc1_nFQ30Tzm2.jpg!m_fill,w_280,h_210,f_jpg?from=ke.com
20240131,房山,长阳,101120085832,万科新里程57号院  南向2居  邻龙湖天街地铁,389万,43266元/平,低楼层 (共9层) 2室1厅 | 89.91平米 | 南,https://ke-image.ljcdn.com/110000-inspection/9ff5f437-8890-429f-9072-9d9d5febf84a_1000.jpg!m_fill,w_280,h_210,f_jpg?from=ke.com
20240131,房山,长阳,101120084811,翠林漫步 满五唯一 中间楼层 采光好  不临街,310万,32529元/平,中楼层 (共11层) | 2013年 | 3室1厅 | 95.3平米 | 南 北,https://ke-image.ljcdn.com/110000-inspection/pc1_bzRYoCp8C.jpg!m_fill,w_280,h_210,f_jpg?from=ke.com
20240131,房山,长阳,101120081875,金隅糖南北通透三居室中高楼层诚心出售,398万,42755元/平,高楼层 (共11层) | 2017年 | 3室2厅 | 93.09平米 | 南 北,https://ke-image.ljcdn.com/110000-inspection/pc1_l4UKN7jyD_1.jpg!m_fill,w_280,h_210,f_jpg?from=ke.com
20240131,房山,长阳,101120080461,金地朗悦悦园东南北户型中间楼层诚心出售,460万,51587元/平,中楼层 (共11层) | 2013年 | 3室1厅 | 89.17平米 | 东 南 北,https://ke-image.ljcdn.com/110000-inspection/pc1_buiHmC0h3_1.jpg!m_fill,w_280,h_210,f_jpg?from=ke.com
20240131,房山,长阳,101120075480,天资华府南北三居室两个卫生间 两梯两户 中间楼层房主自荐,458万,34553元/平,中楼层 (共18层) | 2015年 | 3室2厅 | 132.55平米 | 南 北,https://ke-image.ljcdn.com/110000-inspection/pc1_k2BjjZVLP.jpg!m_fill,w_280,h_210,f_jpg?from=ke.com
20240131,房山,长阳,101120071541,小区中间位置西边户全明格局诚心出售提前预约,529万,48788元/平,底层 (共11层) | 2015年 | 3室1厅 | 108.43平米 | 南 北,https://ke-image.ljcdn.com/110000-inspection/pc1_gjRd6AQC9.jpg!m_fill,w_280,h_210,f_jpg?from=ke.com
20240131,房山,长阳,101120056053,房子满五年不唯一南向高楼层采光好,408万,46913元/平,高楼层 (共16层) 2室1厅 | 86.97平米 | 南,https://ke-image.ljcdn.com/110000-inspection/0996f568-268d-43de-9682-8fd8e5b3ce37_1000.jpg!m_fill,w_280,h_210,f_jpg?from=ke.com
20240131,房山,长阳,101120046655,芭蕾雨悦都南区 3室3厅 南 北,560万,61845元/平,底层 (共9层) | 2012年 | 3室3厅 | 90.55平米 | 南 北,https://ke-image.ljcdn.com/110000-inspection/pc1_NUx7bdUdU.jpg!m_fill,w_280,h_210,f_jpg?from=ke.com
20240131,房山,长阳,101120017116,建邦华庭西区 3室1厅 南 北,610万,51188元/平,高楼层 (共9层) 3室1厅 | 119.17平米 | 南 北,https://ke-image.ljcdn.com/110000-inspection/pc1_uPiiOuhFg.jpg!m_fill,w_280,h_210,f_jpg?from=ke.com
20240131,房山,长阳,101119998976,长阳半岛祥云街1号院 诚心出售 满五唯一,362万,41090元/平,低楼层 (共21层) | 2012年 | 2室1厅 | 88.1平米 | 南,https://ke-image.ljcdn.com/110000-inspection/pc1_u06dmoJNq.jpg!m_fill,w_280,h_210,f_jpg?from=ke.com
20240131,房山,长阳,101119996558,广阳中路1号院二区楼栋位置好南北通透,420万,34611元/平,中楼层 (共10层) 3室2厅 | 121.35平米 | 南 北,https://ke-image.ljcdn.com/110000-inspection/pc1_yuhEd04Vh_1.jpg!m_fill,w_280,h_210,f_jpg?from=ke.com
20240131,房山,长阳,101119995525,金地朗悦润园 上跃 视野好 小区中间位置 明厨明卫,750万,48768元/平,顶层 (共7层) | 2014年 | 4室2厅 | 153.79平米 | 南 北,https://ke-image.ljcdn.com/110000-inspection/pc1_HkfBASmmw.jpg!m_fill,w_280,h_210,f_jpg?from=ke.com
20240131,房山,长阳,101119994383,新上世外桃源大宁山庄三居室南北通透采光视野无遮挡,415万,30154元/平,中楼层 (共5层) 3室2厅 | 137.63平米 | 南 北,https://ke-image.ljcdn.com/110000-inspection/pc1_OgjpuVxTh_1.jpg!m_fill,w_280,h_210,f_jpg?from=ke.com
20240131,房山,长阳,101119991251,原香小镇一区中间楼层全明格局诚心卖,330万,37454元/平,中楼层 (共10层) | 2010年 | 2室1厅 | 88.11平米 | 南 北,https://ke-image.ljcdn.com/110000-inspection/pc1_vWIeCvC2d.jpg!m_fill,w_280,h_210,f_jpg?from=ke.com
20240131,房山,长阳,101119983514,长龙苑小区 精装修 视野宽阔 采光充足 配套设施齐全,220万,22808元/平,顶层 (共6层) | 2002年 | 2室1厅 | 96.46平米 | 南 北,https://ke-image.ljcdn.com/110000-inspection/pc1_az6Z0BMJF_1.jpg!m_fill,w_280,h_210,f_jpg?from=ke.com
20240131,房山,长阳,101119954895,北京城建徜徉墅 精装别墅 拎包入住 位置安静 满两年,1550万,47198元/平,底层 (共3层) | 2014年 | 5室2厅 | 328.41平米 | 南 北,https://ke-image.ljcdn.com/110000-inspection/pc1_3xAApJuLw.jpg!m_fill,w_280,h_210,f_jpg?from=ke.com
20240131,房山,长阳,101119944903,长阳半岛怡和路8号院 3室1厅 南 北,650万,46356元/平,低楼层 (共9层) | 2013年 | 3室1厅 | 140.22平米 | 南 北,https://ke-image.ljcdn.com/110000-inspection/pc1_HTxTaXINp_1.jpg!m_fill,w_280,h_210,f_jpg?from=ke.com
20240131,房山,长阳,101119937071,长阳半岛怡和路8号院满五唯一边户一层带下跃精装修,850万,62940元/平,底层 (共9层) | 2013年 | 6室2厅 | 135.05平米 | 南 北,https://ke-image.ljcdn.com/110000-inspection/pc1_NAj5URhkW.jpg!m_fill,w_280,h_210,f_jpg?from=ke.com
20240131,房山,长阳,101119932818,天资璟庭 3室2厅 南 北房主自荐,440万,31127元/平,高楼层 (共18层) | 2013年 | 3室2厅 | 141.36平米 | 南 北,https://ke-image.ljcdn.com/110000-inspection/pc1_FauuqH8kz.jpg!m_fill,w_280,h_210,f_jpg?from=ke.com
20240131,房山,长阳,101119929309,国誉府 4室2厅 南 北,1560万,61626元/平,顶层 (共6层) | 2017年 | 4室2厅 | 253.14平米 | 南 北,https://ke-image.ljcdn.com/110000-inspection/d83ed3fa-24f0-4d36-9994-9bdd617e75bd_1000.jpg!m_fill,w_280,h_210,f_jpg?from=ke.com
20240131,房山,长阳,101119923300,长阳半岛祥云街1号院 诚心出售,378万,42057元/平,中楼层 (共21层) | 2012年 | 2室1厅 | 89.88平米 | 南,https://ke-image.ljcdn.com/110000-inspection/pc1_mCpkuk6zQ_1.jpg!m_fill,w_280,h_210,f_jpg?from=ke.com
20240131,房山,长阳,101119879412,首开熙悦山澜庭 精装三居室 明厨明卫 采光好视野好,466万,47315元/平,低楼层 (共21层) | 2014年 | 3室1厅 | 98.49平米 | 西南 北,https://ke-image.ljcdn.com/110000-inspection/pc1_ZsHIIScFH.jpg!m_fill,w_280,h_210,f_jpg?from=ke.com
20240131,房山,长阳,101119876427,南北通透两居室落地窗大阳台。近地铁奥莱和公园。,350万,43965元/平,低楼层 (共9层) 2室2厅 | 79.61平米 | 南 北,https://ke-image.ljcdn.com/110000-inspection/29dafd60-e723-442b-9022-556814e680b1_1000.jpg!m_fill,w_280,h_210,f_jpg?from=ke.com
20240131,房山,长阳,101119874111,北京城建精装修的好房子位置安静小区人车分流,730万,58275元/平,顶层 (共9层) | 2012年 | 4室2厅 | 125.27平米 | 南 北,https://ke-image.ljcdn.com/110000-inspection/pc1_zGfwJxoo4.jpg!m_fill,w_280,h_210,f_jpg?from=ke.com
20240131,房山,长阳,101119855694,大宁山庄二区 精装修 双层空间 南北通透 三居室,360万,36243元/平,顶层 (共5层) | 2014年 | 3室2厅 | 99.33平米 | 南 北,https://ke-image.ljcdn.com/110000-inspection/pc1_Gwr5iYnnS.jpg!m_fill,w_280,h_210,f_jpg?from=ke.com
20240131,房山,长阳,101119850457,世茂维拉 6室2厅 南 北,920万,37921元/平,底层 (共5层) | 2015年 | 6室2厅 | 242.61平米 | 南 北,https://ke-image.ljcdn.com/110000-inspection/pc1_ncqE1HWWA.jpg!m_fill,w_280,h_210,f_jpg?from=ke.com
20240131,房山,长阳,101119835300,天资华府 南北三居 卫生间有窗户 户型方正,390万,32879元/平,低楼层 (共16层) | 2015年 | 3室1厅 | 118.62平米 | 东 南 北,https://ke-image.ljcdn.com/110000-inspection/pc1_5JvIj1EHy.jpg!m_fill,w_280,h_210,f_jpg?from=ke.com
20240131,房山,长阳,101119831237,清苑嘉园 1室1厅 南,170万,28395元/平,高楼层 (共15层) | 2017年 | 1室1厅 | 59.87平米 | 南,https://ke-image.ljcdn.com/110000-inspection/pc1_Tn5Sx8WCx.jpg!m_fill,w_280,h_210,f_jpg?from=ke.com
20240131,房山,长阳,101119768747,绿地花都苑一层带下跃南北两居室出售满五唯一有车位,400万,44823元/平,底层 (共11层) | 2012年 | 2室1厅 | 89.24平米 | 南 北,https://ke-image.ljcdn.com/110000-inspection/pc1_quMU8jcH0.jpg!m_fill,w_280,h_210,f_jpg?from=ke.com
20240131,房山,长阳,101119766568,万科.金域缇香 南北通透户型 满五唯一 看房有钥匙,465万,40485元/平,低楼层 (共20层) | 2014年 | 3室2厅 | 114.86平米 | 南 北,https://ke-image.ljcdn.com/110000-inspection/pc1_NnKbcmfhf.jpg!m_fill,w_280,h_210,f_jpg?from=ke.com
20240131,房山,长阳,101119756993,北京城建·广悦居 精装一居 前后无遮挡  满五唯一,218万,33359元/平,中楼层 (共24层) | 2016年 | 1室1厅 | 65.35平米 | 东,https://ke-image.ljcdn.com/110000-inspection/b9e4df07-0f83-42ea-af56-8b8caac65555_1000.jpg!m_fill,w_280,h_210,f_jpg?from=ke.com
20240131,房山,长阳,101119745017,精装修一直未住过视野开阔诚心出售,739万,59955元/平,顶层 (共9层) 3室2厅 | 123.26平米 | 南 北,https://ke-image.ljcdn.com/110000-inspection/pc1_znCDlMtI2_1.jpg!m_fill,w_280,h_210,f_jpg?from=ke.com
20240131,房山,长阳,101119741169,广阳诚站 世茂维拉联排别墅 下叠+有三车位  挑空7.8米房主自荐,619万,25474元/平,地下室 (共5层) | 2016年 | 5室1厅 | 243平米 | 南 北,https://ke-image.ljcdn.com/110000-inspection/pc1_ILoxNcRB3_1.jpg!m_fill,w_280,h_210,f_jpg?from=ke.com
20240131,房山,长阳,101119738094,复式户型精装满五唯一看房方便视野好,415万,64262元/平,顶层 (共9层) 2室1厅 | 64.58平米 | 南,https://ke-image.ljcdn.com/110000-inspection/pc1_LD8nl4k7Y_2.jpg!m_fill,w_280,h_210,f_jpg?from=ke.com
20240131,房山,长阳,101119727709,复式户型满二年全明格局视野宽阔采光充足,680万,67307元/平,顶层 (共9层) | 2015年 | 5室1厅 | 101.03平米 | 南 北,https://ke-image.ljcdn.com/110000-inspection/pc1_4KikQb4HV_1.jpg!m_fill,w_280,h_210,f_jpg?from=ke.com
20240131,房山,长阳,101119714905,五矿下跃户型满二年视野好位置好,900万,54270元/平,底层 (共6层) | 2016年 | 5室2厅 | 165.84平米 | 南 北,https://ke-image.ljcdn.com/110000-inspection/pc1_G6905LfE0_1.jpg!m_fill,w_280,h_210,f_jpg?from=ke.com
20240131,房山,长阳,101119701854,长阳国际城二区 3室2厅 南 北,510万,43261元/平,高楼层 (共20层) | 2012年 | 3室2厅 | 117.89平米 | 南 北,https://ke-image.ljcdn.com/110000-inspection/pc1_WKDrKWXPh.jpg!m_fill,w_280,h_210,f_jpg?from=ke.com
20240131,房山,长阳,101119694535,加州水郡二期南北通透三居别墅区体验,409万,25880元/平,中楼层 (共9层) | 2007年 | 3室1厅 | 158.04平米 | 南 北,https://ke-image.ljcdn.com/110000-inspection/pc1_N0vPTV86a.jpg!m_fill,w_280,h_210,f_jpg?from=ke.com
20240131,房山,长阳,101119673537,此房满五唯一全天采光简装修业主诚心出售,310万,35913元/平,中楼层 (共21层) | 2012年 | 2室1厅 | 86.32平米 | 南,https://ke-image.ljcdn.com/110000-inspection/pc1_NDowm2QsU_1.jpg!m_fill,w_280,h_210,f_jpg?from=ke.com
20240131,房山,长阳,101119673465,东南北户型 高楼层采光好 两梯四户 交通方便,351万,39293元/平,顶层 (共28层) | 2012年 | 2室1厅 | 89.33平米 | 东南 北,https://ke-image.ljcdn.com/110000-inspection/pc1_lVJ8bP06f_1.jpg!m_fill,w_280,h_210,f_jpg?from=ke.com
20240131,房山,长阳,101119672362,满五唯一上跃户型双卫。高楼层视野好。近地铁奥莱,420万,66142元/平,顶层 (共9层) | 2011年 | 3室1厅 | 63.5平米 | 南,https://ke-image.ljcdn.com/110000-inspection/pc1_CADF1mQcf.jpg!m_fill,w_280,h_210,f_jpg?from=ke.com
20240131,房山,长阳,101119657389,长阳国际城三区 满五唯一 南北通透 小三居房主自荐,338万,38085元/平,低楼层 (共15层) | 2012年 | 3室1厅 | 88.75平米 | 南 北,https://ke-image.ljcdn.com/110000-inspection/pc1_p9Xcbpds8.jpg!m_fill,w_280,h_210,f_jpg?from=ke.com
20240131,房山,长阳,101119646560,国誉府 精装3居 边户全明格局,710万,49523元/平,低楼层 (共19层) | 2017年 | 3室1厅 | 143.37平米 | 南 北,https://ke-image.ljcdn.com/110000-inspection/pc1_RWDN2ni9H_1.jpg!m_fill,w_280,h_210,f_jpg?from=ke.com
20240131,房山,长阳,101119633410,碧桂园小区C区 3室1厅 南 北,375万,30010元/平,中楼层 (共15层) | 2007年 | 3室1厅 | 124.96平米 | 南 北,https://ke-image.ljcdn.com/110000-inspection/pc1_vgRGUHeZO.jpg!m_fill,w_280,h_210,f_jpg?from=ke.com
20240131,房山,长阳,101119629665,中粮京西祥云 精装修 智能科技 边户全明 视野开阔,600万,47398元/平,高楼层 (共18层) | 2016年 | 3室1厅 | 126.59平米 | 南 北,https://ke-image.ljcdn.com/110000-inspection/pc1_iGQsEAfuZ_1.jpg!m_fill,w_280,h_210,f_jpg?from=ke.com
20240131,房山,长阳,101119627453,大宁山庄三区 精装修 复式 南北通透,459万,42882元/平,顶层 (共5层) | 2004年 | 3室1厅 | 107.04平米 | 南 北,https://ke-image.ljcdn.com/110000-inspection/pc1_oi1ejJqoT.jpg!m_fill,w_280,h_210,f_jpg?from=ke.com
20240131,房山,长阳,101119615409,天资华府南北三居室有电梯临近长阳公园交通便利,361万,31250元/平,低楼层 (共19层) | 2017年 | 3室1厅 | 115.52平米 | 南 北,https://ke-image.ljcdn.com/110000-inspection/b8c3bb52-6f05-4501-be4c-179879a52085_1000.jpg!m_fill,w_280,h_210,f_jpg?from=ke.com
20240131,房山,长阳,101119591758,长龙苑小区 低楼层 不爬楼梯 。,275万,29717元/平,底层 (共6层) | 2006年 | 3室1厅 | 92.54平米 | 南 北,https://ke-image.ljcdn.com/110000-inspection/pc1_OTEQ11QDt_1.jpg!m_fill,w_280,h_210,f_jpg?from=ke.com
20240131,房山,长阳,101119586522,全南的户型阳光比较充足两个卧室带飘窗客厅阳台,259万,30180元/平,中楼层 (共14层) 2室1厅 | 85.82平米 | 南,https://ke-image.ljcdn.com/110000-inspection/pc1_ejBhtISpO.jpg!m_fill,w_280,h_210,f_jpg?from=ke.com
20240131,房山,长阳,101119575093,长景新园 满五唯一 南北通透两居室 看房提前约,323万,34874元/平,低楼层 (共11层) | 2012年 | 2室1厅 | 92.62平米 | 南 北,https://ke-image.ljcdn.com/110000-inspection/pc1_N6PhAZf7y.jpg!m_fill,w_280,h_210,f_jpg?from=ke.com
20240131,房山,长阳,101119566079,长龙苑小区 自住装修 诚心出售,251万,27174元/平,中楼层 (共6层) | 2000年 | 3室1厅 | 92.37平米 | 南 北,https://ke-image.ljcdn.com/110000-inspection/pc1_BrR16F9E7_1.jpg!m_fill,w_280,h_210,f_jpg?from=ke.com
20240131,房山,长阳,101119536140,中粮京西祥云精装修四居室次新房诚心出售,575万,45297元/平,低楼层 (共18层) | 2019年 | 4室1厅 | 126.94平米 | 南 北,https://ke-image.ljcdn.com/110000-inspection/pc1_U5E9rjZHW_1.jpg!m_fill,w_280,h_210,f_jpg?from=ke.com
20240131,房山,长阳,101119524640,加州东区平层别墅 精装修 四面采光 视野好 满5唯一,900万,38526元/平,顶层 (共4层) 4室2厅 | 233.61平米 | 东 西 北 南,https://ke-image.ljcdn.com/110000-inspection/pc1_akfMZNGFt.jpg!m_fill,w_280,h_210,f_jpg?from=ke.com
20240131,房山,长阳,101119522614,绿地花都苑满五年唯一两卫三居室局部二次装修,430万,32373元/平,低楼层 (共14层) | 2012年 | 3室1厅 | 132.83平米 | 南 北,https://ke-image.ljcdn.com/110000-inspection/pc1_agLhtwkqt_1.jpg!m_fill,w_280,h_210,f_jpg?from=ke.com
20240131,房山,长阳,101119500166,首创新悦都二区 3室1厅 南 北,355万,43736元/平,低楼层 (共9层) | 2014年 | 3室1厅 | 81.17平米 | 南 北,https://ke-image.ljcdn.com/110000-inspection/pc1_17pgOqRDJ.jpg!m_fill,w_280,h_210,f_jpg?from=ke.com
20240131,房山,长阳,101119496914,绿地花都苑 下跃户型 满五年 商品房,450万,51964元/平,底层 (共15层) | 2012年 | 2室1厅 | 86.6平米 | 南,https://ke-image.ljcdn.com/110000-inspection/pc1_Vc9Owfs97.jpg!m_fill,w_280,h_210,f_jpg?from=ke.com
20240131,房山,长阳,101119496161,长阳半岛4号院店长推荐南北通透满五唯一诚心出售,459万,47853元/平,低楼层 (共9层) | 2012年 | 3室1厅 | 95.92平米 | 南 北,https://ke-image.ljcdn.com/110000-inspection/pc1_Nt5xFi8Qx_1.jpg!m_fill,w_280,h_210,f_jpg?from=ke.com
20240131,房山,长阳,101119492699,芭蕾雨悦都南区精装修的跃层五居三卫,555万,61293元/平,底层 (共9层) 5室1厅 | 90.55平米 | 南 北,https://ke-image.ljcdn.com/110000-inspection/pc1_mzQ5OVtdZ.jpg!m_fill,w_280,h_210,f_jpg?from=ke.com
20240131,房山,长阳,101119475344,紫云家园  满五唯一    一层下跃户型,778万,64845元/平,底层 (共9层) | 2013年 | 5室2厅 | 119.98平米 | 南 北,https://ke-image.ljcdn.com/110000-inspection/pc1_6jNMWOXHW.jpg!m_fill,w_280,h_210,f_jpg?from=ke.com
20240131,房山,长阳,101119467389,碧桂园小区二区  南北通透复式五居室,299万,18500元/平,顶层 (共6层) | 2004年 | 3室2厅 | 161.63平米 | 南 北,https://ke-image.ljcdn.com/110000-inspection/pc1_BYcReikzB.jpg!m_fill,w_280,h_210,f_jpg?from=ke.com
20240131,房山,长阳,101119449137,满五唯一全天采光精装修全明格局次顶层房主自荐,302万,34523元/平,高楼层 (共18层) | 2012年 | 2室1厅 | 87.48平米 | 南 北,https://ke-image.ljcdn.com/110000-inspection/pc1_jiA51o3pJ.jpg!m_fill,w_280,h_210,f_jpg?from=ke.com
20240131,房山,长阳,101119430035,万科.金域缇香 精装修 高楼层 南北通透 全明 双卫三居,473万,40404元/平,顶层 (共18层) | 2014年 | 3室1厅 | 117.07平米 | 南 北,https://ke-image.ljcdn.com/110000-inspection/pc1_GVcNrSmdb_1.jpg!m_fill,w_280,h_210,f_jpg?from=ke.com
20240131,房山,长阳,101119428059,长阳碧桂园 南北通透四室两卫 视野好采光好,303万,20031元/平,顶层 (共6层) | 2001年 | 4室1厅 | 151.27平米 | 南 北,https://ke-image.ljcdn.com/110000-inspection/pc1_M58gZWpIV_1.jpg!m_fill,w_280,h_210,f_jpg?from=ke.com
20240131,房山,长阳,101119419386,原香小镇六层带电梯花园洋房低密度居住舒适诚心出售,280万,37706元/平,顶层 (共6层) | 2011年 | 2室1厅 | 74.26平米 | 南 北,https://ke-image.ljcdn.com/110000-inspection/pc1_j4ITGLUJr_1.jpg!m_fill,w_280,h_210,f_jpg?from=ke.com
20240131,房山,长阳,101119404389,正规一室一厅 户型方正 中间楼层 南向采光好视野充足,205万,31193元/平,中楼层 (共11层) 1室1厅 | 65.72平米 | 南,https://ke-image.ljcdn.com/110000-inspection/17357981-c281-41ab-92e6-4658d8c4b35a_1000.jpg!m_fill,w_280,h_210,f_jpg?from=ke.com
20240131,房山,长阳,101119386981,首开熙悦山熹园一号院满五唯一两居室业主随时签约,345万,38046元/平,低楼层 (共18层) | 2013年 | 2室1厅 | 90.68平米 | 南 北,https://ke-image.ljcdn.com/110000-inspection/pc1_BQ6g0HfK9_1.jpg!m_fill,w_280,h_210,f_jpg?from=ke.com
20240131,房山,长阳,101119371555,合景领峰8号院 3室2厅 南 北,880万,62696元/平,底层 (共4层) 3室2厅 | 140.36平米 | 南 北,https://ke-image.ljcdn.com/110000-inspection/pc1_0hYuWAOex.jpg!m_fill,w_280,h_210,f_jpg?from=ke.com
20240131,房山,长阳,101119368130,长阳半岛1号院   祥云街一号院   满五唯一,357万,40330元/平,低楼层 (共21层) | 2012年 | 2室1厅 | 88.52平米 | 东 东南,https://ke-image.ljcdn.com/110000-inspection/pc1_HpHz8XycR_1.jpg!m_fill,w_280,h_210,f_jpg?from=ke.com
20240131,房山,长阳,101119353014,金地朗悦 明厨明卫 精装三居室  方便看房房主自荐,415万,48077元/平,低楼层 (共7层) | 2014年 | 3室1厅 | 86.32平米 | 南 北,https://ke-image.ljcdn.com/110000-inspection/pc1_FlcN96lHD_1.jpg!m_fill,w_280,h_210,f_jpg?from=ke.com
20240131,房山,长阳,101119352800,天泰新景满五唯一精装修店长推荐,256万,28009元/平,高楼层 (共6层) 2室1厅 | 91.4平米 | 南 北,https://ke-image.ljcdn.com/110000-inspection/pc1_L4X8zWv6D.jpg!m_fill,w_280,h_210,f_jpg?from=ke.com
20240131,房山,长阳,101119339833,世茂维拉 5室2厅 南 北,930万,38553元/平,中楼层 (共5层) | 2015年 | 5室2厅 | 241.23平米 | 南 北,https://ke-image.ljcdn.com/110000-inspection/pc1_mkCnZGCwf.jpg!m_fill,w_280,h_210,f_jpg?from=ke.com
20240131,房山,长阳,101119337071,长阳半岛怡和南路10号院 2室1厅 南,435万,49823元/平,中楼层 (共14层) | 2015年 | 2室1厅 | 87.31平米 | 南,https://ke-image.ljcdn.com/110000-inspection/pc1_PuuVhDD8R_1.jpg!m_fill,w_280,h_210,f_jpg?from=ke.com
20240131,房山,长阳,101119328867,世茂维拉户型好明厨明卫业主急售房主自荐,386万,38332元/平,高楼层 (共12层) 3室1厅 | 100.7平米 | 南 北,https://ke-image.ljcdn.com/110000-inspection/72ba8ca3-e16b-40a6-9f21-8bfd6a6351a7_1000.jpg!m_fill,w_280,h_210,f_jpg?from=ke.com
20240131,房山,长阳,101119297845,南北通透三居保持好 楼层好 位置好 无遮挡采光好,325万,35609元/平,高楼层 (共8层) | 2013年 | 2室1厅 | 91.27平米 | 南 北,https://ke-image.ljcdn.com/110000-inspection/pc1_in8wOkEj0_1.jpg!m_fill,w_280,h_210,f_jpg?from=ke.com
20240131,房山,长阳,101119296719,国际花园3号院房山长阳篱笆房,529万,41139元/平,高楼层 (共18层) | 2014年 | 3室1厅 | 128.59平米 | 南 北,https://ke-image.ljcdn.com/110000-inspection/pc1_DEz18uw9g.jpg!m_fill,w_280,h_210,f_jpg?from=ke.com
20240131,房山,长阳,101119291349,长阳半岛2号院 满五唯一 万科精装,402万,44872元/平,低楼层 (共28层) 2室1厅 | 89.59平米 | 南,https://ke-image.ljcdn.com/110000-inspection/pc1_l6kPkitAs_1.jpg!m_fill,w_280,h_210,f_jpg?from=ke.com
20240131,房山,长阳,101119277334,大宁山庄四区精装修叠拼别墅户型方正看房方便,950万,42809元/平,底层 (共5层) | 2012年 | 4室2厅 | 221.92平米 | 南 北,https://ke-image.ljcdn.com/110000-inspection/pc1_vhlfvqSDg.jpg!m_fill,w_280,h_210,f_jpg?from=ke.com
20240131,房山,长阳,101119269694,康泽佳苑南区 首套首付83.391万,212万,38157元/平,中楼层 (共22层) | 2014年 | 2室1厅 | 55.56平米 | 南,https://ke-image.ljcdn.com/110000-inspection/pc1_ZYmnColSs.jpg!m_fill,w_280,h_210,f_jpg?from=ke.com
20240131,房山,长阳,101119263040,康泽佳苑南区精装2居四面朝南户型方正小区热门户型,210万,39691元/平,低楼层 (共18层) | 2014年 | 2室1厅 | 52.91平米 | 南,https://ke-image.ljcdn.com/110000-inspection/pc1_Uic29fliY_1.jpg!m_fill,w_280,h_210,f_jpg?from=ke.com
20240131,房山,长阳,101119256634,长阳半岛2号院 2室1厅 南 北,355万,40415元/平,高楼层 (共28层) | 2012年 | 2室1厅 | 87.84平米 | 南 北,https://ke-image.ljcdn.com/110000-inspection/pc1_dyP13XPrz_1.jpg!m_fill,w_280,h_210,f_jpg?from=ke.com
20240131,房山,长阳,101119254878,满五唯一东北向格局方正采光好楼层佳看房方便随时看,178万,41972元/平,低楼层 (共28层) | 2014年 | 1室1厅 | 42.41平米 | 东 北,https://ke-image.ljcdn.com/110000-inspection/pc1_7GFD9Rl5L_1.jpg!m_fill,w_280,h_210,f_jpg?from=ke.com
20240131,房山,长阳,101119254460,金隅糖 3室2厅 南 北,420万,30640元/平,底层 (共16层) 3室2厅 | 137.08平米 | 南 北,https://ke-image.ljcdn.com/110000-inspection/pc1_l1hGGahsa_1.jpg!m_fill,w_280,h_210,f_jpg?from=ke.com
20240131,房山,长阳,101119254159,大宁山庄一区 联排别墅 花园200平,1488万,60513元/平,底层 (共3层) | 2005年 | 7室2厅 | 245.9平米 | 南 北,https://ke-image.ljcdn.com/110000-inspection/5c407334-8ab3-41a0-8524-514daab905a8_1000.jpg!m_fill,w_280,h_210,f_jpg?from=ke.com
20240131,房山,长阳,101119254101,大宁山庄三区C区 南北通透双卧朝南 满五唯一,468万,33554元/平,中楼层 (共5层) | 2004年 | 3室2厅 | 139.48平米 | 南 北,https://ke-image.ljcdn.com/110000-inspection/pc1_3NGOtdrkv_1.jpg!m_fill,w_280,h_210,f_jpg?from=ke.com
20240131,房山,长阳,101119250371,长阳半岛4号院南北通透 随时签约房源,325万,47774元/平,底层 (共9层) | 2012年 | 2室1厅 | 68.03平米 | 南 北,https://ke-image.ljcdn.com/110000-inspection/pc1_yAB6XKrwT_1.jpg!m_fill,w_280,h_210,f_jpg?from=ke.com
20240131,房山,长阳,101119225077,康泽佳苑北区南北通透一居室满五唯一 店长推荐,243万,39519元/平,顶层 (共30层) | 2012年 | 1室1厅 | 61.49平米 | 南 北,https://ke-image.ljcdn.com/110000-inspection/pc1_kKuI8VBSf_1.jpg!m_fill,w_280,h_210,f_jpg?from=ke.com
20240131,房山,长阳,101119216323,长阳半岛2号院南北通透两居室只有契税,379万,43604元/平,底层 (共28层) | 2012年 | 2室1厅 | 86.92平米 | 南 北,https://ke-image.ljcdn.com/110000-inspection/pc1_g3i1i6XYk_1.jpg!m_fill,w_280,h_210,f_jpg?from=ke.com
20240131,房山,长阳,101119215491,芭蕾雨悦都北区 4室1厅 南 北,495万,64261元/平,底层 (共9层) | 2012年 | 4室1厅 | 77.03平米 | 南 北,https://ke-image.ljcdn.com/110000-inspection/pc1_PhkEUS4BL.jpg!m_fill,w_280,h_210,f_jpg?from=ke.com
20240131,房山,长阳,101119186205,满五唯一 精装修 南北通透  户型方正 交通便利,255万,37081元/平,中楼层 (共16层) | 2015年 | 2室1厅 | 68.77平米 | 南 北 东,https://ke-image.ljcdn.com/110000-inspection/pc1_TmRHawRt3_1.jpg!m_fill,w_280,h_210,f_jpg?from=ke.com
20240131,房山,长阳,101119161083,长阳半岛2号院南北通透3居室业主诚心出售,510万,54470元/平,高楼层 (共9层) | 2011年 | 3室1厅 | 93.63平米 | 南 北,https://ke-image.ljcdn.com/110000-inspection/pc1_Rp3LUqQFb_1.jpg!m_fill,w_280,h_210,f_jpg?from=ke.com
20240131,房山,长阳,101119160816,长阳国际城三区精装大三居业主诚意出售房主自荐,520万,43522元/平,高楼层 (共15层) 3室1厅 | 119.48平米 | 南 北,https://ke-image.ljcdn.com/110000-inspection/pc1_SRRoBsOg0_1.jpg!m_fill,w_280,h_210,f_jpg?from=ke.com
20240131,房山,长阳,101119160480,金隅畅和园9号院精装修南向一居室诚意出售,225万,33942元/平,高楼层 (共21层) 1室1厅 | 66.29平米 | 南,https://ke-image.ljcdn.com/110000-inspection/pc1_W3xoIvaLc.jpg!m_fill,w_280,h_210,f_jpg?from=ke.com
20240131,房山,长阳,101119147492,此房满五唯一东西通透格局楼层好视野开阔,380万,44367元/平,中楼层 (共5层) 2室1厅 | 85.65平米 | 东 西,https://ke-image.ljcdn.com/110000-inspection/pc1_YOIzjmkfI.jpg!m_fill,w_280,h_210,f_jpg?from=ke.com
20240131,房山,长阳,101119134917,建邦华庭西区改善大两居满五唯一精装修,450万,46036元/平,中楼层 (共10层) | 2014年 | 2室1厅 | 97.75平米 | 南 北,https://ke-image.ljcdn.com/110000-inspection/pc1_b82h9bUBq.jpg!m_fill,w_280,h_210,f_jpg?from=ke.com
20240131,房山,长阳,101119122749,天泰新景 1室1厅 东南 北,185万,30224元/平,高楼层 (共6层) | 2007年 | 1室1厅 | 61.21平米 | 东南 北,https://ke-image.ljcdn.com/110000-inspection/pc1_mtqEDcgNP_1.jpg!m_fill,w_280,h_210,f_jpg?from=ke.com
20240131,房山,长阳,101119108375,满五唯一、采光好南北通透、户型方正、三居室,515万,54770元/平,底层 (共9层) | 2012年 | 3室1厅 | 94.03平米 | 南 北,https://ke-image.ljcdn.com/110000-inspection/pc1_vcAlkdG3o_1.jpg!m_fill,w_280,h_210,f_jpg?from=ke.com
20240131,房山,长阳,101119107968,首开熙悦山澜庭  南北通透 户型方正  看房随时房主自荐,318万,42973元/平,低楼层 (共21层) | 2014年 | 2室1厅 | 74平米 | 南 北,https://ke-image.ljcdn.com/110000-inspection/pc1_LWQ2g6X0f_1.jpg!m_fill,w_280,h_210,f_jpg?from=ke.com
20240131,房山,长阳,101119085227,长阳国际城一区  中间楼层 采光好 没有遮挡,349万,44273元/平,中楼层 (共20层) | 2012年 | 2室1厅 | 78.83平米 | 南,https://ke-image.ljcdn.com/110000-inspection/pc1_1I9eoETte.jpg!m_fill,w_280,h_210,f_jpg?from=ke.com
20240131,房山,长阳,101119082229,祥云街4号院 满五唯一户型方正布局合理采光充足,398万,47057元/平,低楼层 (共16层) | 2012年 | 2室1厅 | 84.58平米 | 南 北,https://ke-image.ljcdn.com/110000-inspection/fef0ad6d-55f8-429d-b11a-2b1e3ef58cb5_1000.jpg!m_fill,w_280,h_210,f_jpg?from=ke.com
20240131,房山,长阳,101119069149,加州水郡四期 户型方正 采光好 无遮挡 出行方便,247万,27885元/平,低楼层 (共15层) 2室1厅 | 88.58平米 | 西,https://ke-image.ljcdn.com/110000-inspection/pc1_58vXMZrXW.jpg!m_fill,w_280,h_210,f_jpg?from=ke.com
20240131,房山,长阳,101119069048,国际花园三居室 满五年唯一 业主诚心卖房主自荐,328万,36612元/平,低楼层 (共18层) | 2014年 | 3室1厅 | 89.59平米 | 南 北,https://ke-image.ljcdn.com/110000-inspection/pc1_c4ZShwcP2.jpg!m_fill,w_280,h_210,f_jpg?from=ke.com
20240131,房山,长阳,101119065567,碧桂园小区A区 满五唯一  南北通透大五居,350万,19230元/平,顶层 (共6层) | 2003年 | 5室2厅 | 182.01平米 | 南 北,https://ke-image.ljcdn.com/110000-inspection/pc1_46DMYfrqO_1.jpg!m_fill,w_280,h_210,f_jpg?from=ke.com
20240131,房山,长阳,101119061823,加州水郡一期边户联排别墅带车库带地下室,1300万,43023元/平,底层 (共3层) | 2007年 | 3室2厅 | 302.17平米 | 南 北,https://ke-image.ljcdn.com/110000-inspection/pc1_ZFK6uELkq.jpg!m_fill,w_280,h_210,f_jpg?from=ke.com
20240131,房山,长阳,101119061230,加州水郡二期南北通透三居室装修不错,450万,27883元/平,底层 (共9层) | 2007年 | 3室2厅 | 161.39平米 | 南 北,https://ke-image.ljcdn.com/110000-inspection/pc1_RzOENwLHp_1.jpg!m_fill,w_280,h_210,f_jpg?from=ke.com
20240131,房山,长阳,101119060448,加州水郡东区别墅6室3厅精装修宽敞明亮面积大满五唯一,1480万,46687元/平,地下室 (共3层) | 2006年 | 6室3厅 | 317.01平米 | 南 北,https://ke-image.ljcdn.com/110000-inspection/pc1_g6sjG6CxT_1.jpg!m_fill,w_280,h_210,f_jpg?from=ke.com
20240131,房山,长阳,101119059413,国际花园3号院南北通透三居 位置好,345万,38466元/平,低楼层 (共18层) | 2014年 | 3室1厅 | 89.69平米 | 南 北,https://ke-image.ljcdn.com/110000-inspection/pc1_FR1aYFDYJ.jpg!m_fill,w_280,h_210,f_jpg?from=ke.com
20240131,房山,长阳,101119048592,徜徉嘉园5号院南北三居明厨明卫电梯入户！,625万,45912元/平,顶层 (共16层) | 2012年 | 3室1厅 | 136.13平米 | 南 北,https://ke-image.ljcdn.com/110000-inspection/pc1_ZFjekTq93_1.jpg!m_fill,w_280,h_210,f_jpg?from=ke.com
20240131,房山,长阳,101119043601,碧桂园小区二区南北通透采光视野好诚心出售看房方便,279万,25163元/平,中楼层 (共6层) | 2004年 | 3室2厅 | 110.88平米 | 南 北,https://ke-image.ljcdn.com/110000-inspection/pc1_tRtFoerVz_1.jpg!m_fill,w_280,h_210,f_jpg?from=ke.com
20240131,房山,长阳,101119041829,首创新悦都二区一层带下跃户型诚心出售,450万,26106元/平,底层 (共9层) | 2014年 | 4室2厅 | 172.38平米 | 南 北,https://ke-image.ljcdn.com/110000-inspection/pc1_be2ex1MKi.jpg!m_fill,w_280,h_210,f_jpg?from=ke.com
20240131,房山,长阳,101119037864,康泽佳苑南区南北通透两居室诚心出售,216万,40633元/平,底层 (共18层) | 2014年 | 2室1厅 | 53.16平米 | 南 北,https://ke-image.ljcdn.com/110000-inspection/pc1_gKs8THTHd_1.jpg!m_fill,w_280,h_210,f_jpg?from=ke.com
20240131,房山,长阳,101119020527,满五唯一 长阳半岛4号院  祥云街4号院 南北通透 三居,449万,47838元/平,底层 (共9层) | 2012年 | 3室1厅 | 93.86平米 | 南 北,https://ke-image.ljcdn.com/110000-inspection/pc1_For2IfI9M_1.jpg!m_fill,w_280,h_210,f_jpg?from=ke.com
20240131,房山,长阳,101119015370,大宁山庄四区电梯入户南北通透精装观景别墅。房主自荐,880万,48979元/平,顶层 (共5层) 4室2厅 | 179.67平米 | 南 北,https://ke-image.ljcdn.com/110000-inspection/pc1_r8zbOqO0r_1.jpg!m_fill,w_280,h_210,f_jpg?from=ke.com
20240131,房山,长阳,101119014906,碧桂园小区C区 南北两居室 一梯两居 临近长阳公园,284万,30964元/平,顶层 (共11层) | 2007年 | 2室1厅 | 91.72平米 | 南 北,https://ke-image.ljcdn.com/110000-inspection/pc1_v59NvahP1_1.jpg!m_fill,w_280,h_210,f_jpg?from=ke.com
20240131,房山,长阳,101119001276,首创新悦都二区一层下跃户型诚心出售,450万,26074元/平,底层 (共9层) | 2014年 | 4室2厅 | 172.59平米 | 南 北,https://ke-image.ljcdn.com/110000-inspection/pc1_YJlP2Y2Yv_1.jpg!m_fill,w_280,h_210,f_jpg?from=ke.com
20240131,房山,长阳,101118996421,国际花园2号院 高楼层满五唯一精装修房主自荐,309万,40787元/平,高楼层 (共18层) | 2014年 | 2室1厅 | 75.76平米 | 南 北,https://ke-image.ljcdn.com/110000-inspection/a209e1c2-2c93-4212-a518-d406abc9f8aa_1000.jpg!m_fill,w_280,h_210,f_jpg?from=ke.com
20240131,房山,长阳,101118996262,长阳地铁站 篱笆房地铁站 明厨明卫两居 满五年唯一,286万,39795元/平,高楼层 (共6层) | 2014年 | 2室1厅 | 71.87平米 | 东南 西北,https://ke-image.ljcdn.com/110000-inspection/pc1_ahOdRBhZL_1.jpg!m_fill,w_280,h_210,f_jpg?from=ke.com
20240131,房山,长阳,101118995390,长阳国际城三区一梯两户南北通透三居室,377万,42232元/平,底层 (共15层) | 2012年 | 3室1厅 | 89.27平米 | 南 北,https://ke-image.ljcdn.com/110000-inspection/pc1_8zdFDogQz_1.jpg!m_fill,w_280,h_210,f_jpg?from=ke.com
20240131,房山,长阳,101118990709,长阳国际城三区南北通透小三居业主诚意出售,380万,42549元/平,高楼层 (共15层) | 2012年 | 3室1厅 | 89.31平米 | 南 北,https://ke-image.ljcdn.com/110000-inspection/pc1_FVifbGCfU.jpg!m_fill,w_280,h_210,f_jpg?from=ke.com
20240131,房山,长阳,101118987838,长阳国际城三区精装小三居业主诚意出售,373万,41784元/平,中楼层 (共15层) | 2012年 | 3室1厅 | 89.27平米 | 南 北,https://ke-image.ljcdn.com/110000-inspection/pc1_ojvhOvYdL.jpg!m_fill,w_280,h_210,f_jpg?from=ke.com
20240131,房山,长阳,101118987080,长阳国际城一区全南向两居室业主诚意出售,350万,44400元/平,中楼层 (共20层) | 2012年 | 2室0厅 | 78.83平米 | 南,https://ke-image.ljcdn.com/110000-inspection/pc1_a6KH0Lg5M.jpg!m_fill,w_280,h_210,f_jpg?from=ke.com
20240131,房山,长阳,101118986511,长龙苑小区满五唯一南北通透户型方正看房方便,220万,28505元/平,顶层 (共4层) | 2004年 | 2室0厅 | 77.18平米 | 南 北,https://ke-image.ljcdn.com/110000-inspection/pc1_eZdYMvdCS.jpg!m_fill,w_280,h_210,f_jpg?from=ke.com
20240131,房山,长阳,101118985675,长阳国际城二区 户型方正 三居室,399万,44918元/平,中楼层 (共20层) | 2012年 | 3室1厅 | 88.83平米 | 南 北,https://ke-image.ljcdn.com/110000-inspection/pc1_bO3PyeHHI_1.jpg!m_fill,w_280,h_210,f_jpg?from=ke.com
20240131,房山,长阳,101118985594,长阳半岛怡和路3号院大四居业主诚意出售房主自荐,669万,47213元/平,低楼层 (共11层) | 2014年 | 4室1厅 | 141.7平米 | 南 北,https://ke-image.ljcdn.com/110000-inspection/pc1_iydSBNeiT_1.jpg!m_fill,w_280,h_210,f_jpg?from=ke.com
20240131,房山,长阳,101118985395,长阳地铁站长阳国际城南北双通透三居室满五唯一,399万,44918元/平,低楼层 (共20层) | 2012年 | 3室1厅 | 88.83平米 | 南 北,https://ke-image.ljcdn.com/110000-inspection/pc1_5luJ8v09y.jpg!m_fill,w_280,h_210,f_jpg?from=ke.com
20240131,房山,长阳,101118985078,长阳国际城三区精装修南北通透三居拎包入住,398万,44282元/平,低楼层 (共15层) | 2012年 | 3室1厅 | 89.88平米 | 南 北,https://ke-image.ljcdn.com/110000-inspection/pc1_wlj9zbvmy.jpg!m_fill,w_280,h_210,f_jpg?from=ke.com
20240131,房山,长阳,101118984878,云湾家园  南北通透四居室户型方正,980万,72793元/平,底层 (共12层) | 2014年 | 4室1厅 | 134.63平米 | 南 北,https://ke-image.ljcdn.com/110000-inspection/pc1_bCehrqoRM_1.jpg!m_fill,w_280,h_210,f_jpg?from=ke.com
20240131,房山,长阳,101118982895,通车库满二仅契税装修保持一梯三户南北两居,275万,31541元/平,低楼层 (共11层) | 2010年 | 2室2厅 | 87.19平米 | 南 北,https://ke-image.ljcdn.com/110000-inspection/pc1_ny8dTvuNB.jpg!m_fill,w_280,h_210,f_jpg?from=ke.com
20240131,房山,长阳,101118978477,样板间户型南北双通透户型有独立餐厅满五唯一,308万,35435元/平,中楼层 (共11层) 2室2厅 | 86.92平米 | 南 北,https://ke-image.ljcdn.com/110000-inspection/pc1_36Ke5BTtc.jpg!m_fill,w_280,h_210,f_jpg?from=ke.com
20240131,房山,长阳,101118976408,金地朗悦润园 下跃 4室 全屋精装房主自荐,710万,58092元/平,底层 (共7层) | 2014年 | 4室2厅 | 122.22平米 | 南 北,https://ke-image.ljcdn.com/110000-inspection/pc1_KDem5B8AX.jpg!m_fill,w_280,h_210,f_jpg?from=ke.com
20240131,房山,长阳,101118967765,绿地花都苑高层大三居室业主诚心出售,399万,30421元/平,顶层 (共13层) | 2012年 | 3室1厅 | 131.16平米 | 南 北,https://ke-image.ljcdn.com/110000-inspection/pc1_ObxUS7lrH_1.jpg!m_fill,w_280,h_210,f_jpg?from=ke.com
20240131,房山,长阳,101118963783,加州联排别墅 满5唯一 南客厅南花园 随时可看出行便利,1250万,41759元/平,地下室 (共3层) | 2006年 | 6室2厅 | 299.34平米 | 南 北,https://ke-image.ljcdn.com/110000-inspection/pc1_ylDjxTC3Z_1.jpg!m_fill,w_280,h_210,f_jpg?from=ke.com
20240131,房山,长阳,101118963669,中高楼层 不临街居住安静 诚心出售,352万,39291元/平,低楼层 (共18层) | 2014年 | 3室1厅 | 89.59平米 | 南 北,https://ke-image.ljcdn.com/110000-inspection/pc1_hFnnCOjU8.jpg!m_fill,w_280,h_210,f_jpg?from=ke.com
20240131,房山,长阳,101118958625,合景领峰7号院 自住精装修 看房方便,950万,67771元/平,底层 (共4层) | 2015年 | 4室2厅 | 140.18平米 | 南 北,https://ke-image.ljcdn.com/110000-inspection/pc1_8e7NG9rla.jpg!m_fill,w_280,h_210,f_jpg?from=ke.com
20240131,房山,长阳,101118956861,万科长阳半岛怡和路3号院南北通透两居室。房主自荐,379万,43679元/平,顶层 (共21层) | 2014年 | 2室1厅 | 86.77平米 | 南 北,https://ke-image.ljcdn.com/110000-inspection/pc1_W9okdQ6rf_1.jpg!m_fill,w_280,h_210,f_jpg?from=ke.com
20240131,房山,长阳,101118956791,万科.金域缇香  纯南向  高楼层采光好,309万,42219元/平,中楼层 (共18层) | 2014年 | 2室1厅 | 73.19平米 | 南,https://ke-image.ljcdn.com/110000-inspection/pc1_Ll9bdnZ6d.jpg!m_fill,w_280,h_210,f_jpg?from=ke.com
20240131,房山,长阳,101118955249,中粮京西祥云 高层 边户 精装修 视野开阔 四居室,652万,51505元/平,中楼层 (共18层) | 2018年 | 4室1厅 | 126.59平米 | 南 北,https://ke-image.ljcdn.com/110000-inspection/pc1_wRcGHFHnx_1.jpg!m_fill,w_280,h_210,f_jpg?from=ke.com
20240131,房山,长阳,101118954828,此房满五唯一南北通透精装修诚心出售,369万,41578元/平,顶层 (共15层) 3室1厅 | 88.75平米 | 南 北,https://ke-image.ljcdn.com/110000-inspection/pc1_jsjVpsIOv.jpg!m_fill,w_280,h_210,f_jpg?from=ke.com
20240131,房山,长阳,101118954370,大宁山庄三区C区  中间楼层 南北通透,438万,33708元/平,中楼层 (共5层) | 2004年 | 3室2厅 | 129.94平米 | 南 北,https://ke-image.ljcdn.com/110000-inspection/pc1_MryKeOdcP.jpg!m_fill,w_280,h_210,f_jpg?from=ke.com
20240131,房山,长阳,101118953963,大宁山庄三区C区顶层视野好看房方便,390万,27338元/平,顶层 (共5层) | 2004年 | 3室2厅 | 142.66平米 | 南 北,https://ke-image.ljcdn.com/110000-inspection/pc1_I1sxsDzqy.jpg!m_fill,w_280,h_210,f_jpg?from=ke.com
20240131,房山,长阳,101118949549,长阳国际城一区 三居两卫 满五唯一,520万,43897元/平,高楼层 (共20层) | 2012年 | 3室2厅 | 118.46平米 | 南 北,https://ke-image.ljcdn.com/110000-inspection/pc1_9ouDnvTm7.jpg!m_fill,w_280,h_210,f_jpg?from=ke.com
20240131,房山,长阳,101118948734,长阳地铁站南北通透三居室双卫精装业主诚售,640万,51655元/平,中楼层 (共11层) | 2014年 | 3室1厅 | 123.9平米 | 北 南,https://ke-image.ljcdn.com/110000-inspection/pc1_81q093597_1.jpg!m_fill,w_280,h_210,f_jpg?from=ke.com
20240131,房山,长阳,101118948281,满五唯一 万科全南两居室精装修。,369万,42699元/平,低楼层 (共18层) | 2014年 | 2室1厅 | 86.42平米 | 南,https://ke-image.ljcdn.com/110000-inspection/pc1_O8ejxPl1C.jpg!m_fill,w_280,h_210,f_jpg?from=ke.com
20240131,房山,长阳,101118948179,大宁山庄四区  看房提前约 户型方正,930万,41972元/平,底层 (共6层) | 2012年 | 5室2厅 | 221.58平米 | 南 北,https://ke-image.ljcdn.com/110000-inspection/pc1_RgDpRO7rI.jpg!m_fill,w_280,h_210,f_jpg?from=ke.com
20240131,房山,长阳,101118940817,长景新园      南北通透  交通方便,239万,43757元/平,中楼层 (共6层) | 2012年 | 1室0厅 | 54.62平米 | 南 北,https://ke-image.ljcdn.com/110000-inspection/pc1_msHGlna8f_1.jpg!m_fill,w_280,h_210,f_jpg?from=ke.com
20240131,房山,长阳,101118929849,碧桂园小区A区 4室1厅 南 北,340万,23206元/平,顶层 (共6层) | 2003年 | 4室1厅 | 146.52平米 | 南 北,https://ke-image.ljcdn.com/110000-inspection/5d0eb124-ad26-43dc-a6af-8f6489c6b77a_1000.jpg!m_fill,w_280,h_210,f_jpg?from=ke.com
20240131,房山,长阳,101118929694,万科.金域缇香  经典户型 全明格局 可观山景,455万,38866元/平,顶层 (共18层) | 2014年 | 3室2厅 | 117.07平米 | 南 北,https://ke-image.ljcdn.com/110000-inspection/pc1_rktBhilGy.jpg!m_fill,w_280,h_210,f_jpg?from=ke.com
20240131,房山,长阳,101118929684,万科.金域缇香 精装修 保持的好,350万,39683元/平,顶层 (共18层) | 2015年 | 2室1厅 | 88.2平米 | 西南 北,https://ke-image.ljcdn.com/110000-inspection/pc1_yXwYZFNVK.jpg!m_fill,w_280,h_210,f_jpg?from=ke.com
20240131,房山,长阳,101118929680,金域缇香 2室1厅 南,380万,45384元/平,中楼层 (共18层) | 2014年 | 2室1厅 | 83.73平米 | 南,https://ke-image.ljcdn.com/110000-inspection/pc1_osM02jUeG.jpg!m_fill,w_280,h_210,f_jpg?from=ke.com
20240131,房山,长阳,101118928783,长景新园南北通透位置好安静舒适诚心出售。,280万,35062元/平,高楼层 (共11层) | 2011年 | 2室1厅 | 79.86平米 | 南 北,https://ke-image.ljcdn.com/110000-inspection/pc1_Z7rDh6Zjy_1.jpg!m_fill,w_280,h_210,f_jpg?from=ke.com
20240131,房山,长阳,101118913749,西南双下沉 满五唯一 价格可谈 落地窗,543万,61649元/平,底层 (共9层) 3室2厅 | 88.08平米 | 西南,https://ke-image.ljcdn.com/110000-inspection/pc1_lcKFO5LdP.jpg!m_fill,w_280,h_210,f_jpg?from=ke.com
20240131,房山,长阳,101118904535,金隅糖 电梯入户 楼上楼下两层 距离地铁站800米,390万,55675元/平,顶层 (共10层) | 2017年 | 3室2厅 | 70.05平米 | 南 北,https://ke-image.ljcdn.com/110000-inspection/89be04e1-c076-4b0d-8fcb-3d1aeb6ddc9d_1000.jpg!m_fill,w_280,h_210,f_jpg?from=ke.com
20240131,房山,长阳,101118900497,碧桂园小区C区 南北两居室双卫 一梯两户 有电梯,299万,28643元/平,中楼层 (共11层) 2室1厅 | 104.39平米 | 南 北,https://ke-image.ljcdn.com/110000-inspection/pc1_0Z8S2wd0E.jpg!m_fill,w_280,h_210,f_jpg?from=ke.com
20240131,房山,长阳,101118897128,满五唯一 国际花园3号院 标准南北向3居居住安静,349万,38943元/平,顶层 (共18层) | 2014年 | 3室1厅 | 89.62平米 | 东 南 北,https://ke-image.ljcdn.com/110000-inspection/pc1_7jGmvLQiS.jpg!m_fill,w_280,h_210,f_jpg?from=ke.com
20240131,房山,长阳,101118895888,大宁山庄二区带电梯南北通透满五唯一洋房社区,484万,40150元/平,中楼层 (共5层) | 2008年 | 2室1厅 | 120.55平米 | 南 北,https://ke-image.ljcdn.com/110000-inspection/pc1_bemXXyER3_1.jpg!m_fill,w_280,h_210,f_jpg?from=ke.com
20240131,房山,长阳,101118894286,金域缇香正规三局两卫不临街视野无遮挡房主自荐,479万,41215元/平,低楼层 (共18层) | 2014年 | 3室2厅 | 116.22平米 | 南 北,https://ke-image.ljcdn.com/110000-inspection/pc1_yOLC3V4Vs_1.jpg!m_fill,w_280,h_210,f_jpg?from=ke.com
20240131,房山,长阳,101118888191,万科小区 高楼层 精装修 边户三居室,429万,44856元/平,高楼层 (共11层) | 2016年 | 3室1厅 | 95.64平米 | 南 北,https://ke-image.ljcdn.com/110000-inspection/pc1_mmLK3AhEA.jpg!m_fill,w_280,h_210,f_jpg?from=ke.com
20240131,房山,长阳,101118877326,大宁山庄四区 叠拼别墅 精装修 双入户门,1068万,48013元/平,底层 (共5层) | 2013年 | 4室2厅 | 222.44平米 | 南 北,https://ke-image.ljcdn.com/110000-inspection/pc1_B0OiJ24zg.jpg!m_fill,w_280,h_210,f_jpg?from=ke.com
20240131,房山,长阳,101118876164,金地朗悦润园 三室两厅一厨两卫 南北通透 高楼层 次顶,580万,47178元/平,中楼层 (共7层) 3室2厅 | 122.94平米 | 南 北,https://ke-image.ljcdn.com/110000-inspection/dccad3e7-4690-4bf3-8a88-0b546cbe0e5a_1000.jpg!m_fill,w_280,h_210,f_jpg?from=ke.com
20240131,房山,长阳,101118869266,康泽佳苑南区 2室1厅 南 北,175万,32920元/平,低楼层 (共18层) | 2014年 | 2室1厅 | 53.16平米 | 南 北,https://ke-image.ljcdn.com/110000-inspection/pc1_ZwqhTDt49.jpg!m_fill,w_280,h_210,f_jpg?from=ke.com
20240131,房山,长阳,101118867488,店长推荐出行方便采光无遮挡位置安静,256万,29298元/平,低楼层 (共15层) 2室1厅 | 87.38平米 | 西,https://ke-image.ljcdn.com/110000-inspection/72ef82ce-953c-46e3-ac6f-cf51a1fafea9_1000.jpg!m_fill,w_280,h_210,f_jpg?from=ke.com
20240131,房山,长阳,101118865009,合景领峰8号院精装三室两厅两卫诚心出售房主自荐,520万,44080元/平,中楼层 (共8层) | 2015年 | 3室2厅 | 117.97平米 | 南 北,https://ke-image.ljcdn.com/110000-inspection/pc1_77e8QYmev_1.jpg!m_fill,w_280,h_210,f_jpg?from=ke.com
20240131,房山,长阳,101118852350,此房满五唯一 采光好 交通便利 拎包入住,205万,36811元/平,中楼层 (共28层) | 2014年 | 2室1厅 | 55.69平米 | 南,https://ke-image.ljcdn.com/110000-inspection/pc1_Ye3cGTQ5f.jpg!m_fill,w_280,h_210,f_jpg?from=ke.com
20240131,房山,长阳,101118851963,京投万科金域公园、厨房卫生间有窗户、高楼层、视野好,437万,44402元/平,中楼层 (共10层) | 2014年 | 3室1厅 | 98.42平米 | 南 北,https://ke-image.ljcdn.com/110000-inspection/pc1_CjXnlkpl4_1.jpg!m_fill,w_280,h_210,f_jpg?from=ke.com
20240131,房山,长阳,101118844933,南北通透客厅主卧朝南高楼层采光通风好精装修,420万,42980元/平,中楼层 (共10层) | 2014年 | 3室1厅 | 97.72平米 | 南 北,https://ke-image.ljcdn.com/110000-inspection/pc1_M6UbvX3Hm.jpg!m_fill,w_280,h_210,f_jpg?from=ke.com
20240131,房山,长阳,101118834660,艺林北街22号院上叠好户型随时看房随时签约,670万,43366元/平,中楼层 (共5层) 5室3厅 | 154.5平米 | 南 北,https://ke-image.ljcdn.com/110000-inspection/pc1_9D2PkEB50.jpg!m_fill,w_280,h_210,f_jpg?from=ke.com
20240131,房山,长阳,101118832663,国际花园2号院 《店长推荐》满五唯一 高楼层 视野好,276万,36288元/平,高楼层 (共18层) | 2014年 | 2室1厅 | 76.06平米 | 南 北,https://ke-image.ljcdn.com/110000-inspection/pc1_ZYw92uGzJ.jpg!m_fill,w_280,h_210,f_jpg?from=ke.com
20240131,房山,长阳,101118825484,此房满五唯一 采光好 交通便利 拎包入住,195万,35932元/平,顶层 (共28层) | 2014年 | 2室1厅 | 54.27平米 | 南,https://ke-image.ljcdn.com/110000-inspection/pc1_wEp1WNID3_1.jpg!m_fill,w_280,h_210,f_jpg?from=ke.com
20240131,房山,长阳,101118817455,《店长推荐》奥莱商圈 正规三居室 明厨明卫精装修,323万,35973元/平,低楼层 (共18层) | 2014年 | 3室1厅 | 89.79平米 | 南 北,https://ke-image.ljcdn.com/110000-inspection/pc1_48QithzrZ_1.jpg!m_fill,w_280,h_210,f_jpg?from=ke.com
20240131,房山,长阳,101118798651,世茂维拉小区上叠好装修自住中近公园,749万,48461元/平,中楼层 (共5层) 4室2厅 | 154.56平米 | 南 北,https://ke-image.ljcdn.com/110000-inspection/pc1_btbIa6nw3.jpg!m_fill,w_280,h_210,f_jpg?from=ke.com
20240131,房山,长阳,101118796765,长景新园 满五唯一 南向开间 商品房 中间楼层,199万,40829元/平,中楼层 (共11层) | 2011年 | 1室0厅 | 48.74平米 | 南,https://ke-image.ljcdn.com/110000-inspection/pc1_J8hfUqECz.jpg!m_fill,w_280,h_210,f_jpg?from=ke.com
20240131,房山,长阳,101118789167,长景新园小区 户型方正 看房提前约,310万,38065元/平,高楼层 (共11层) | 2019年 | 2室1厅 | 81.44平米 | 南 北,https://ke-image.ljcdn.com/110000-inspection/pc1_pTjJ7kXNU.jpg!m_fill,w_280,h_210,f_jpg?from=ke.com
20240131,房山,长阳,101118784676,满五唯一 近地铁 精装修  电梯洋房 通风流畅 交通便利房主自荐,455万,34947元/平,底层 (共6层) | 2014年 | 4室2厅 | 130.2平米 | 南 北,https://ke-image.ljcdn.com/110000-inspection/pc1_AkktmEuwd.jpg!m_fill,w_280,h_210,f_jpg?from=ke.com
20240131,房山,长阳,101118754569,《紫云家园》好房出售  南北通透房主自荐,619万,50771元/平,中楼层 (共13层) 3室1厅 | 121.92平米 | 南 北,https://ke-image.ljcdn.com/110000-inspection/9a73a6a2-6ca6-4390-bf39-d25224517c99_1000.jpg!m_fill,w_280,h_210,f_jpg?from=ke.com
20240131,房山,长阳,101118744192,此房满五唯一南北通透视野采光很好。房主自荐,570万,64788元/平,顶层 (共8层) 5室1厅 | 87.98平米 | 南 北,https://ke-image.ljcdn.com/110000-inspection/pc1_yNwrtyyEj_1.jpg!m_fill,w_280,h_210,f_jpg?from=ke.com
20240131,房山,长阳,101118701918,满五唯一 下跃户型 南向采光房 不临路 南北通透,460万,56847元/平,底层 (共9层) | 2012年 | 4室2厅 | 80.92平米 | 南 北,https://ke-image.ljcdn.com/110000-inspection/pc1_5mpQ2s2sw_1.jpg!m_fill,w_280,h_210,f_jpg?from=ke.com
20240131,房山,长阳,101118688509,芭蕾雨悦都3号院平顶跃层视野开阔。,568万,70393元/平,顶层 (共9层) | 2011年 | 4室2厅 | 80.69平米 | 南 北,https://ke-image.ljcdn.com/110000-inspection/fe2745e3-8020-48cd-a753-80f33487e5de_1000.jpg!m_fill,w_280,h_210,f_jpg?from=ke.com
20240131,房山,长阳,101118683183,高层精装修客厅卧室大阳台落地窗南北通透明厨明卫,388万,42666元/平,中楼层 (共9层) | 2011年 | 3室1厅 | 90.94平米 | 南 北,https://ke-image.ljcdn.com/110000-inspection/pc1_Cqe2HvS02_1.jpg!m_fill,w_280,h_210,f_jpg?from=ke.com
20240131,房山,长阳,101118663986,南北通透双下沉户型格局舒适精装修房主自荐,565万,80738元/平,底层 (共9层) | 2012年 | 3室1厅 | 69.98平米 | 南 北,https://ke-image.ljcdn.com/110000-inspection/pc1_E5on50MNi_1.jpg!m_fill,w_280,h_210,f_jpg?from=ke.com
20240131,房山,长阳,101118646308,天泰新景温泉家园南北通透两室两厅,235万,24567元/平,高楼层 (共6层) | 2005年 | 2室2厅 | 95.66平米 | 南 北,https://ke-image.ljcdn.com/110000-inspection/pc1_mX7kQAyv7_1.jpg!m_fill,w_280,h_210,f_jpg?from=ke.com
20240131,房山,长阳,101118640440,邑上公馆 1室1厅 南,225万,33754元/平,底层 (共6层) | 2014年 | 1室1厅 | 66.66平米 | 南,https://ke-image.ljcdn.com/110000-inspection/pc1_UocWakUK0_1.jpg!m_fill,w_280,h_210,f_jpg?from=ke.com
20240131,房山,长阳,101118633951,芭蕾雨双卫大三居满五唯一位置好中高楼层,520万,43086元/平,中楼层 (共9层) | 2012年 | 3室1厅 | 120.69平米 | 南 北,https://ke-image.ljcdn.com/110000-inspection/pc1_gzyJpBMZQ_1.jpg!m_fill,w_280,h_210,f_jpg?from=ke.com
20240131,房山,长阳,101118620815,房子满五年唯一  自住装修 看房有钥匙 业主诚心出售,218万,41859元/平,低楼层 (共18层) | 2014年 | 2室1厅 | 52.08平米 | 南,https://ke-image.ljcdn.com/110000-inspection/pc1_2UQpTdlev.jpg!m_fill,w_280,h_210,f_jpg?from=ke.com
20240131,房山,长阳,101118604985,加州水郡正规一居 全明格局 视野好 出行便利 诚意出售,212万,37470元/平,中楼层 (共14层) | 2009年 | 1室1厅 | 56.58平米 | 东北,https://ke-image.ljcdn.com/110000-inspection/0e3cadaf-2ed2-4362-8a5b-cf311f1c2fc8_1000.jpg!m_fill,w_280,h_210,f_jpg?from=ke.com
20240131,房山,长阳,101118596926,满五唯一 近地铁 南北通透 免费停两辆车,285万,23599元/平,顶层 (共6层) | 2004年 | 3室2厅 | 120.77平米 | 南 北,https://ke-image.ljcdn.com/110000-inspection/pc1_wbp77d3sz.jpg!m_fill,w_280,h_210,f_jpg?from=ke.com
20240131,房山,长阳,101118592174,康泽路3号院下跃五居室无遮挡装修好拎包入住。,618万,38076元/平,底层 (共9层) | 2013年 | 5室3厅 | 162.31平米 | 南 北,https://ke-image.ljcdn.com/110000-inspection/pc1_ryia43Oqp_1.jpg!m_fill,w_280,h_210,f_jpg?from=ke.com
20240131,房山,长阳,101118575023,翠林漫步顶层复式可利用面积大,450万,47299元/平,顶层 (共11层) | 2013年 | 4室2厅 | 95.14平米 | 南 北,https://ke-image.ljcdn.com/110000-inspection/e846cd6e-fba2-4789-8696-d4835ff3f24b_1000.jpg!m_fill,w_280,h_210,f_jpg?from=ke.com
20240131,房山,长阳,101118568818,长景新园 精装修开间  满五唯一 诚心出售 稳定签约房主自荐,218万,39913元/平,低楼层 (共6层) | 2011年 | 1室1厅 | 54.62平米 | 南,https://ke-image.ljcdn.com/110000-inspection/pc1_k0v4H7Emj_1.jpg!m_fill,w_280,h_210,f_jpg?from=ke.com
20240131,房山,长阳,101118567612,碧桂园小区A区 4室2厅 南 北房主自荐,369万,23422元/平,顶层 (共6层) | 2003年 | 4室2厅 | 157.55平米 | 南 北,https://ke-image.ljcdn.com/110000-inspection/pc1_KGCvTiHL4.jpg!m_fill,w_280,h_210,f_jpg?from=ke.com
20240131,房山,长阳,101118557599,近地铁温馨两居南北通透满五年唯一住房,368万,42202元/平,低楼层 (共21层) | 2013年 | 2室1厅 | 87.2平米 | 南 北,https://ke-image.ljcdn.com/110000-inspection/pc1_RTS0lm8bs.jpg!m_fill,w_280,h_210,f_jpg?from=ke.com
20240131,房山,长阳,101118550534,五矿名品 三居室 精装修 边户 楼层好,616万,44713元/平,中楼层 (共7层) | 2016年 | 3室1厅 | 137.77平米 | 南 北,https://ke-image.ljcdn.com/110000-inspection/pc1_9zaSdrnBz_1.jpg!m_fill,w_280,h_210,f_jpg?from=ke.com
20240131,房山,长阳,101118541969,原香小镇二区南北通透全明格局三居室,472万,36718元/平,中楼层 (共6层) | 2011年 | 3室2厅 | 128.55平米 | 南 北,https://ke-image.ljcdn.com/110000-inspection/3b31632e-042f-4c54-b1ae-4874345499fe_1000.jpg!m_fill,w_280,h_210,f_jpg?from=ke.com
20240131,房山,长阳,101118539666,碧桂园小区A区 5室1厅 南 北,390万,21481元/平,顶层 (共6层) | 2003年 | 5室1厅 | 181.56平米 | 南 北,https://ke-image.ljcdn.com/110000-inspection/pc1_wKaqCFJlu.jpg!m_fill,w_280,h_210,f_jpg?from=ke.com
20240131,房山,长阳,101118536938,京投万科新里程南区二期 南北3居 有花园,560万,52069元/平,底层 (共15层) | 2015年 | 3室1厅 | 107.55平米 | 南 北,https://ke-image.ljcdn.com/110000-inspection/pc1_7CGgZo8v1.jpg!m_fill,w_280,h_210,f_jpg?from=ke.com
20240131,房山,长阳,101118531535,长阳半岛怡和南路8号院精装南北通透三居室交房未住,528万,51558元/平,低楼层 (共11层) | 2016年 | 3室1厅 | 102.41平米 | 南 北,https://ke-image.ljcdn.com/110000-inspection/pc1_E893uydBW.jpg!m_fill,w_280,h_210,f_jpg?from=ke.com
20240131,房山,长阳,101118531333,天资华府 3室1厅 南 北,339万,28751元/平,底层 (共18层) | 2017年 | 3室1厅 | 117.91平米 | 南 北,https://ke-image.ljcdn.com/110000-inspection/e7f5a256-51d2-47ea-9207-11afded36a4b_1000.jpg!m_fill,w_280,h_210,f_jpg?from=ke.com
20240131,房山,长阳,101118522386,九洲溪雅苑二区精装修中间楼层满五唯一两居室,330万,33050元/平,中楼层 (共14层) | 2009年 | 2室1厅 | 99.85平米 | 南 北,https://ke-image.ljcdn.com/110000-inspection/pc1_fGxkDoWbr.jpg!m_fill,w_280,h_210,f_jpg?from=ke.com
20240131,房山,长阳,101118513836,原香小镇二区南北大平层精装三居室,597万,38997元/平,低楼层 (共6层) | 2010年 | 3室2厅 | 153.09平米 | 南 北,https://ke-image.ljcdn.com/110000-inspection/pc1_MeeFM8spl_1.jpg!m_fill,w_280,h_210,f_jpg?from=ke.com
20240131,房山,长阳,101118491410,首创新悦都一区 中间楼层精装修,379万,42874元/平,中楼层 (共18层) 3室2厅 | 88.4平米 | 南 北,https://ke-image.ljcdn.com/110000-inspection/pc1_rVxyda8Jw.jpg!m_fill,w_280,h_210,f_jpg?from=ke.com
20240131,房山,长阳,101118473708,靠山居艺墅南区 联排别墅 8月份满2年,760万,44033元/平,底层 (共3层) | 2007年 | 3室2厅 | 172.6平米 | 南 北,https://ke-image.ljcdn.com/110000-inspection/pc1_IWZrCt3Wr.jpg!m_fill,w_280,h_210,f_jpg?from=ke.com
20240131,房山,长阳,101118473160,金地朗悦悦园  下跃 私密性好 装修保持好 前后无遮挡,615万,62942元/平,底层 (共7层) | 2014年 | 4室2厅 | 97.71平米 | 南 北,https://ke-image.ljcdn.com/110000-inspection/pc1_nKVTSAK7s_1.jpg!m_fill,w_280,h_210,f_jpg?from=ke.com
20240131,房山,长阳,101118469121,业主诚心出售东北向正规一居双阳台高楼层房主自荐,175万,30990元/平,高楼层 (共15层) | 2010年 | 1室1厅 | 56.47平米 | 东北,https://ke-image.ljcdn.com/110000-inspection/pc1_TCQ69dOtX_2.jpg!m_fill,w_280,h_210,f_jpg?from=ke.com
20240131,房山,长阳,101118433646,国际花园 南北通透精装三居 没住过,351万,39179元/平,高楼层 (共18层) | 2014年 | 3室1厅 | 89.59平米 | 南 北,https://ke-image.ljcdn.com/110000-inspection/pc1_rsLLVVnU4_1.jpg!m_fill,w_280,h_210,f_jpg?from=ke.com
20240131,房山,长阳,101118422533,碧桂园小区二区南北向两居室精装修,219万,32963元/平,高楼层 (共6层) | 2004年 | 2室2厅 | 66.44平米 | 南 北,https://ke-image.ljcdn.com/110000-inspection/pc1_5ALRkdPLQ_1.jpg!m_fill,w_280,h_210,f_jpg?from=ke.com
20240131,房山,长阳,101118400687,金隅畅和园4号院 66.03m纯南一居,260万,39377元/平,低楼层 (共22层) 1室1厅 | 66.03平米 | 南,https://ke-image.ljcdn.com/110000-inspection/eefdd3a4-eb85-45ed-a66f-a62e71731594_1000.jpg!m_fill,w_280,h_210,f_jpg?from=ke.com
20240131,房山,长阳,101118397684,碧桂园小区C区 中间楼层 采光充足 精装自住 诚心出售,360万,29782元/平,中楼层 (共12层) 3室1厅 | 120.88平米 | 南 北,https://ke-image.ljcdn.com/110000-inspection/pc1_4n4siAVQM.jpg!m_fill,w_280,h_210,f_jpg?from=ke.com
20240131,房山,长阳,101118393132,原香小镇二区六层带电梯花园洋房低密度居住舒适诚心卖,380万,42861元/平,底层 (共6层) | 2011年 | 3室2厅 | 88.66平米 | 南 北,https://ke-image.ljcdn.com/110000-inspection/pc1_QYdSRIgik_1.jpg!m_fill,w_280,h_210,f_jpg?from=ke.com
20240131,房山,长阳,101118386378,康泽佳苑南区 满五唯一 楼层好 采光好,188万,34585元/平,高楼层 (共28层) | 2014年 | 2室1厅 | 54.36平米 | 南,https://ke-image.ljcdn.com/110000-inspection/pc1_HetcAusq4.jpg!m_fill,w_280,h_210,f_jpg?from=ke.com
20240131,房山,长阳,101118382608,加州水郡四期 正规三居 方正户型 方正户型 满五唯一,305万,33429元/平,中楼层 (共14层) | 2012年 | 3室1厅 | 91.24平米 | 南 北,https://ke-image.ljcdn.com/110000-inspection/a1dceaf8-27dc-40e4-9a7e-1dab91c9be9f_1000.jpg!m_fill,w_280,h_210,f_jpg?from=ke.com
20240131,房山,长阳,101118377993,近地铁南北通透布局合理舒适宜居棒棒哒！,218万,40680元/平,中楼层 (共28层) | 2014年 | 2室1厅 | 53.59平米 | 南 北,https://ke-image.ljcdn.com/110000-inspection/pc1_yJj77mqzp.jpg!m_fill,w_280,h_210,f_jpg?from=ke.com
20240131,房山,长阳,101118372540,原香小镇一区中间位置满五年一梯两户全明洋房社区,290万,32914元/平,顶层 (共10层) 2室1厅 | 88.11平米 | 西南 北,https://ke-image.ljcdn.com/110000-inspection/pc1_8rmKF5rGV_1.jpg!m_fill,w_280,h_210,f_jpg?from=ke.com
20240131,房山,长阳,101118363584,绿地花都苑东边户全明格局中高楼层两居室,270万,30341元/平,中楼层 (共12层) | 2012年 | 2室1厅 | 88.99平米 | 南 北,https://ke-image.ljcdn.com/110000-inspection/pc1_QGpbrfB4Y_1.jpg!m_fill,w_280,h_210,f_jpg?from=ke.com
20240131,房山,长阳,101118361637,万科新里程59号院  满五年  龙湖天街 大学城北,399万,44762元/平,底层 (共15层) | 2015年 | 2室1厅 | 89.14平米 | 东南 北,https://ke-image.ljcdn.com/110000-inspection/pc1_rWYX81SIZ_1.jpg!m_fill,w_280,h_210,f_jpg?from=ke.com
20240131,房山,长阳,101118357647,（五矿名品3-2-1-2 155.24m² 630 万）,630万,40583元/平,低楼层 (共10层) | 2016年 | 3室2厅 | 155.24平米 | 南 北,https://ke-image.ljcdn.com/110000-inspection/pc1_K3Emsbhec_1.jpg!m_fill,w_280,h_210,f_jpg?from=ke.com
20240131,房山,长阳,101118354164,天泰新景温泉家园三居室南北通透房主自荐,298万,27877元/平,中楼层 (共6层) | 2003年 | 3室2厅 | 106.9平米 | 南 北,https://ke-image.ljcdn.com/110000-inspection/pc1_YjkhNk7tQ.jpg!m_fill,w_280,h_210,f_jpg?from=ke.com
20240131,房山,长阳,101118348350,长阳半岛1号院明厨明卫东南北两居无遮挡采光好,395万,44729元/平,高楼层 (共21层) | 2012年 | 2室1厅 | 88.31平米 | 东南 北,https://ke-image.ljcdn.com/110000-inspection/pc1_JN4jeiJk3_1.jpg!m_fill,w_280,h_210,f_jpg?from=ke.com
20240131,房山,长阳,101118348287,《优质三居》万科精装修满五年唯一全明户型,439万,45806元/平,顶层 (共11层) 3室1厅 | 95.84平米 | 南 北,https://ke-image.ljcdn.com/110000-inspection/pc1_yL96J1bzP_2.jpg!m_fill,w_280,h_210,f_jpg?from=ke.com
20240131,房山,长阳,101118347001,天泰新景温泉家园满五唯一南北通透装修保持好,283万,26454元/平,低楼层 (共6层) 3室1厅 | 106.98平米 | 南 北,https://ke-image.ljcdn.com/110000-inspection/pc1_wYG6kN5II.jpg!m_fill,w_280,h_210,f_jpg?from=ke.com
20240131,房山,长阳,101118346644,建邦华庭西区南北通透两居室业主随时签约,329万,42299元/平,高楼层 (共16层) | 2014年 | 2室1厅 | 77.78平米 | 南 北,https://ke-image.ljcdn.com/110000-inspection/pc1_OZzN5qcPF_1.jpg!m_fill,w_280,h_210,f_jpg?from=ke.com
20240131,房山,长阳,101118336919,五矿名品上跃三层设计 面积可达300平,750万,55099元/平,顶层 (共7层) | 2016年 | 3室2厅 | 136.12平米 | 南 北,https://ke-image.ljcdn.com/110000-inspection/pc1_2gARMpKpt.jpg!m_fill,w_280,h_210,f_jpg?from=ke.com
20240131,房山,长阳,101118332498,国际花园4号院 明厨明卫 精装修 南北通透三居室房主自荐,354万,39496元/平,低楼层 (共18层) | 2014年 | 3室1厅 | 89.63平米 | 南 北,https://ke-image.ljcdn.com/110000-inspection/pc1_6NpGE4pku_1.jpg!m_fill,w_280,h_210,f_jpg?from=ke.com
20240131,房山,长阳,101118332184,国际花园3号院  高楼层 视野好 看房方便,344万,39931元/平,高楼层 (共18层) | 2014年 | 2室1厅 | 86.15平米 | 南 北,https://ke-image.ljcdn.com/110000-inspection/pc1_a6TWAU8dH_1.jpg!m_fill,w_280,h_210,f_jpg?from=ke.com
20240131,房山,长阳,101118326954,国际花园2号院房山长阳篱笆房,375万,41989元/平,高楼层 (共18层) 3室1厅 | 89.31平米 | 南 北,https://ke-image.ljcdn.com/110000-inspection/pc1_P3RCtCL2t_1.jpg!m_fill,w_280,h_210,f_jpg?from=ke.com
20240131,房山,长阳,101118324543,万科物业南北通透小区中间位置看房方便,600万,45266元/平,中楼层 (共10层) | 2015年 | 3室1厅 | 132.55平米 | 南 北,https://ke-image.ljcdn.com/110000-inspection/pc1_twyT7TPxD_1.jpg!m_fill,w_280,h_210,f_jpg?from=ke.com
20240131,房山,长阳,101118320997,大宁山庄四区 南北通透 带电梯 精装修 三居室,550万,37729元/平,低楼层 (共6层) | 2010年 | 3室2厅 | 145.78平米 | 南 北,https://ke-image.ljcdn.com/110000-inspection/pc1_QEDs0jjlS.jpg!m_fill,w_280,h_210,f_jpg?from=ke.com
20240131,房山,长阳,101118307167,稻田一路1号院 近地铁 带电梯 高楼层 一居室,220万,45101元/平,高楼层 (共11层) | 2011年 | 1室1厅 | 48.78平米 | 南,https://ke-image.ljcdn.com/110000-inspection/pc1_EpcGRkWwu_2.jpg!m_fill,w_280,h_210,f_jpg?from=ke.com
20240131,房山,长阳,101118306409,北京城建徜徉墅 5室2厅 南 北,1420万,43233元/平,底层 (共3层) | 2014年 | 5室2厅 | 328.46平米 | 南 北,https://ke-image.ljcdn.com/110000-inspection/pc1_rIFEI5k4B_1.jpg!m_fill,w_280,h_210,f_jpg?from=ke.com
20240131,房山,长阳,101118296709,国际花园3号院满五唯一 精装修 小区中间位置,339万,37776元/平,底层 (共18层) | 2014年 | 3室1厅 | 89.74平米 | 南 北,https://ke-image.ljcdn.com/110000-inspection/pc1_Y1UcmvEOR.jpg!m_fill,w_280,h_210,f_jpg?from=ke.com
20240131,房山,长阳,101118278994,九洲溪雅苑二区 南北高楼层 大三居 随时看房,410万,26686元/平,中楼层 (共15层) | 2009年 | 3室2厅 | 153.64平米 | 南 北,https://ke-image.ljcdn.com/110000-inspection/pc1_W0KB0GBIR.jpg!m_fill,w_280,h_210,f_jpg?from=ke.com
20240131,房山,长阳,101118258226,长阳半岛怡和南路8号院 南北通透 随时签约 看房随时,520万,50797元/平,中楼层 (共11层) | 2016年 | 3室1厅 | 102.37平米 | 南 北,https://ke-image.ljcdn.com/110000-inspection/pc1_8Wd0ZtuFv_2.jpg!m_fill,w_280,h_210,f_jpg?from=ke.com
20240131,房山,长阳,101118258131,万科精装修三居室南北通透满五年,429万,43589元/平,底层 (共10层) | 2014年 | 3室1厅 | 98.42平米 | 南 北,https://ke-image.ljcdn.com/110000-inspection/pc1_9sT4cd1K0_1.jpg!m_fill,w_280,h_210,f_jpg?from=ke.com
20240131,房山,长阳,101118250957,合景领峰 联排东边户 高挑四层半 400平 南北院120平房主自荐,1291万,74928元/平,底层 (共2层) | 2015年 | 6室5厅 | 172.3平米 | 东 南 北,https://ke-image.ljcdn.com/110000-inspection/6b34135f-9f6d-4965-890d-e78247805611_1000.jpg!m_fill,w_280,h_210,f_jpg?from=ke.com
20240131,房山,长阳,101118248088,金域缇香大一居室户型方正高楼层精装修。,279万,36935元/平,顶层 (共17层) | 2014年 | 1室1厅 | 75.54平米 | 南,https://ke-image.ljcdn.com/110000-inspection/pc1_SPLgpSagH.jpg!m_fill,w_280,h_210,f_jpg?from=ke.com
20240131,房山,长阳,101118215317,南北通透三居室房子装修好业主自住,380万,32827元/平,低楼层 (共19层) | 2017年 | 3室1厅 | 115.76平米 | 南 北,https://ke-image.ljcdn.com/110000-inspection/pc1_H4brN6eP9_1.jpg!m_fill,w_280,h_210,f_jpg?from=ke.com
20240131,房山,长阳,101118214639,中粮京西祥云满两年没住过有钥匙新中式装修！,645万,52143元/平,中楼层 (共17层) | 2018年 | 4室1厅 | 123.7平米 | 南 北 东,https://ke-image.ljcdn.com/110000-inspection/14898afe-807f-4203-8388-b97c7825ca95_1000.jpg!m_fill,w_280,h_210,f_jpg?from=ke.com
20240131,房山,长阳,101118212793,合景领峰7号院 洋房精装修南向 满五年唯一,369万,42293元/平,低楼层 (共15层) | 2015年 | 3室1厅 | 87.25平米 | 南,https://ke-image.ljcdn.com/110000-inspection/pc1_GtrEZRNXa.jpg!m_fill,w_280,h_210,f_jpg?from=ke.com
20240131,房山,长阳,101118211721,合景领峰7号院 下叠 南北三居室 满五年唯一 精装修,890万,63490元/平,底层 (共4层) | 2015年 | 3室2厅 | 140.18平米 | 南 北,https://ke-image.ljcdn.com/110000-inspection/pc1_0cXzOxDmV_1.jpg!m_fill,w_280,h_210,f_jpg?from=ke.com
20240131,房山,长阳,101118211122,此房高楼层全南向三局明厨明卫视野采光好,350万,40351元/平,顶层 (共18层) | 2015年 | 3室1厅 | 86.74平米 | 南,https://ke-image.ljcdn.com/110000-inspection/pc1_CHESAJPHi_1.jpg!m_fill,w_280,h_210,f_jpg?from=ke.com
20240131,房山,长阳,101118210846,首创一区 楼栋位置较好南北通透 采光通风效果好,308万,40747元/平,底层 (共18层) | 2015年 | 2室1厅 | 75.59平米 | 南 北,https://ke-image.ljcdn.com/110000-inspection/prod-00887aef-60e8-4085-afce-1945a28cbbb4.jpg!m_fill,w_280,h_210,f_jpg?from=ke.com
20240131,房山,长阳,101118210633,绿地花都苑 满五唯一下跃户型 诚意出售,380万,42875元/平,底层 (共12层) | 2012年 | 4室2厅 | 88.63平米 | 南 北,https://ke-image.ljcdn.com/110000-inspection/pc1_9rlR2aKA4_1.jpg!m_fill,w_280,h_210,f_jpg?from=ke.com
20240131,房山,长阳,101118208877,碧桂园小区二区正规南北向两居室保持好业主诚意出售,216万,24868元/平,高楼层 (共6层) | 2008年 | 2室1厅 | 86.86平米 | 南 北,https://ke-image.ljcdn.com/110000-inspection/pc1_lkLfYPydn_1.jpg!m_fill,w_280,h_210,f_jpg?from=ke.com
20240131,房山,长阳,101118201281,长龙苑小区满五唯一业主婚房装修南北通透,236万,26455元/平,顶层 (共5层) | 2004年 | 2室1厅 | 89.21平米 | 南 北,https://ke-image.ljcdn.com/110000-inspection/pc1_EuKJGem6J_1.jpg!m_fill,w_280,h_210,f_jpg?from=ke.com
20240131,房山,长阳,101118200893,国誉府经典下跃大采光井满二年。,798万,36444元/平,底层 (共19层) 5室1厅 | 218.97平米 | 南 北,https://ke-image.ljcdn.com/110000-inspection/pc1_VaiSBWkH0_1.jpg!m_fill,w_280,h_210,f_jpg?from=ke.com
20240131,房山,长阳,101118200516,房子自住精装修中间楼层可以拎包入住。,442万,28327元/平,低楼层 (共14层) | 2009年 | 3室1厅 | 156.04平米 | 南 北,https://ke-image.ljcdn.com/110000-inspection/pc1_KcrVoSe0r_1.jpg!m_fill,w_280,h_210,f_jpg?from=ke.com
20240131,房山,长阳,101118196077,大宁山庄三区满五唯一南北通透装修精致,448万,41120元/平,顶层 (共5层) | 2004年 | 2室2厅 | 108.95平米 | 南 北,https://ke-image.ljcdn.com/110000-inspection/pc1_RaWffl4hD.jpg!m_fill,w_280,h_210,f_jpg?from=ke.com
20240131,房山,长阳,101118193333,国誉府223.60m²下跃户型可设计三层,788万,35242元/平,底层 (共19层) | 2017年 | 5室2厅 | 223.6平米 | 南 北,https://ke-image.ljcdn.com/110000-inspection/pc1_gvsyCWRi6_1.jpg!m_fill,w_280,h_210,f_jpg?from=ke.com
20240131,房山,长阳,101118182545,大宁山庄四区精装修叠拼别墅户型方正看房方便,1050万,47315元/平,底层 (共6层) | 2012年 | 4室2厅 | 221.92平米 | 南 北,https://ke-image.ljcdn.com/110000-inspection/pc1_AEApBzZZS.jpg!m_fill,w_280,h_210,f_jpg?from=ke.com
20240131,房山,长阳,101118179686,大宁山庄南北通透中间楼层自住装修看房方便！,418万,29905元/平,中楼层 (共5层) | 2004年 | 3室1厅 | 139.78平米 | 南 北,https://ke-image.ljcdn.com/110000-inspection/pc1_DbaQUHQJj_1.jpg!m_fill,w_280,h_210,f_jpg?from=ke.com
20240131,房山,长阳,101118176156,加州水郡三期 高楼层 视野采光好 南向,185万,31592元/平,高楼层 (共15层) | 2010年 | 1室1厅 | 58.56平米 | 南,https://ke-image.ljcdn.com/110000-inspection/pc1_LMsa9U4mL.jpg!m_fill,w_280,h_210,f_jpg?from=ke.com
20240131,房山,长阳,101118174768,长阳半岛怡和南路10号院 1室1厅 南房主自荐,342万,48142元/平,底层 (共9层) | 2015年 | 1室1厅 | 71.04平米 | 南,https://ke-image.ljcdn.com/110000-inspection/pc1_nfI6Gw0QL_1.jpg!m_fill,w_280,h_210,f_jpg?from=ke.com
20240131,房山,长阳,101118168613,店长推荐好房户型好 位置好两飘窗朝南,285万,32001元/平,中楼层 (共14层) | 2011年 | 2室1厅 | 89.06平米 | 东南,https://ke-image.ljcdn.com/110000-inspection/pc1_QiFJz46ZJ_1.jpg!m_fill,w_280,h_210,f_jpg?from=ke.com
20240131,房山,长阳,101118168436,天骄俊园 2室1厅 南 北,278万,31208元/平,底层 (共5层) | 2008年 | 2室1厅 | 89.08平米 | 南 北,https://ke-image.ljcdn.com/110000-inspection/c4076452-3145-4685-8614-66edb1efc9c7_1000.jpg!m_fill,w_280,h_210,f_jpg?from=ke.com
20240131,房山,长阳,101118161002,长龙苑小区满五唯一东西通透户型方正布局合理,245万,25232元/平,顶层 (共6层) | 2002年 | 2室1厅 | 97.1平米 | 东 西,https://ke-image.ljcdn.com/110000-inspection/pc1_PXlMGhWaG_1.jpg!m_fill,w_280,h_210,f_jpg?from=ke.com
20240131,房山,长阳,101118150768,金地朗悦润园 精装大上跃 小区中间位置 安静不临街,690万,45584元/平,顶层 (共7层) 4室2厅 | 151.37平米 | 南 北,https://ke-image.ljcdn.com/110000-inspection/e6ec45f9-1e54-48e8-91a8-84b8cb0048ad_1000.jpg!m_fill,w_280,h_210,f_jpg?from=ke.com
20240131,房山,长阳,101118122847,康泽佳苑南区南向两居室精装修不临街,198万,36674元/平,低楼层 (共28层) | 2014年 | 2室1厅 | 53.99平米 | 南,https://ke-image.ljcdn.com/110000-inspection/pc1_aVMbf7ZbQ.jpg!m_fill,w_280,h_210,f_jpg?from=ke.com
20240131,房山,长阳,101118122242,满五唯一节省买房成本好楼层 西南朝向看房方便,242万,27842元/平,低楼层 (共11层) 2室1厅 | 86.92平米 | 西南,https://ke-image.ljcdn.com/110000-inspection/pc1_sCtfFZcZz.jpg!m_fill,w_280,h_210,f_jpg?from=ke.com
20240131,房山,长阳,101118120355,此房满五唯一一层带下跃配套齐全交通便利,469万,69052元/平,底层 (共9层) | 2011年 | 4室1厅 | 67.92平米 | 南 北,https://ke-image.ljcdn.com/110000-inspection/pc1_Z4w4X0xwr_1.jpg!m_fill,w_280,h_210,f_jpg?from=ke.com
20240131,房山,长阳,101118119193,云湾家园 四居室 南北通透 高楼层,645万,45680元/平,顶层 (共11层) | 2014年 | 4室1厅 | 141.2平米 | 南 北,https://ke-image.ljcdn.com/110000-inspection/pc1_B7TKDroHi_1.jpg!m_fill,w_280,h_210,f_jpg?from=ke.com
20240131,房山,长阳,101118118797,原香小镇二区 3室2厅 南 北,410万,46370元/平,底层 (共6层) 3室2厅 | 88.42平米 | 南 北,https://ke-image.ljcdn.com/110000-inspection/pc1_IhuJMmJc9.jpg!m_fill,w_280,h_210,f_jpg?from=ke.com
20240131,房山,长阳,101118116721,徜徉嘉园8号院 复式 精装修 花园洋房 诚心出售,855万,65988元/平,顶层 (共6层) 5室2厅 | 129.57平米 | 南 北,https://ke-image.ljcdn.com/110000-inspection/pc1_7gArgdtsq_1.jpg!m_fill,w_280,h_210,f_jpg?from=ke.com
20240131,房山,长阳,101118115567,此房满五唯一 中间楼层 位置在三号门 出行购物方便,260万,30003元/平,中楼层 (共14层) | 2010年 | 2室1厅 | 86.66平米 | 西北,https://ke-image.ljcdn.com/110000-inspection/pc1_08xNHNbRp_2.jpg!m_fill,w_280,h_210,f_jpg?from=ke.com
20240131,房山,长阳,101118115401,长景新园全南向两居室视野棒采光好楼层高,299万,36647元/平,高楼层 (共10层) | 2019年 | 2室1厅 | 81.59平米 | 南,https://ke-image.ljcdn.com/110000-inspection/pc1_Ne7m9iFlC_2.jpg!m_fill,w_280,h_210,f_jpg?from=ke.com
20240131,房山,长阳,101118115179,本房南北通透户型 低楼层 前后无遮挡,280万,27549元/平,底层 (共11层) 2室1厅 | 101.64平米 | 南 北,https://ke-image.ljcdn.com/110000-inspection/pc1_9GunkBGSp_1.jpg!m_fill,w_280,h_210,f_jpg?from=ke.com
20240131,房山,长阳,101118114928,此房为南北向2室1厅1卫中间楼层视野采光好,246万,29116元/平,中楼层 (共15层) 2室1厅 | 84.49平米 | 南 北,https://ke-image.ljcdn.com/110000-inspection/pc1_x6iXyBYNS_1.jpg!m_fill,w_280,h_210,f_jpg?from=ke.com
20240131,房山,长阳,101118114346,长阳国际城二区 中楼层 精装修 两居室,345万,42640元/平,中楼层 (共20层) | 2012年 | 2室1厅 | 80.91平米 | 南,https://ke-image.ljcdn.com/110000-inspection/pc1_j97LtquyT_1.jpg!m_fill,w_280,h_210,f_jpg?from=ke.com
20240131,房山,长阳,101118113567,长景新园满五年唯一方正户型交通便利.,225万,41399元/平,低楼层 (共6层) | 2011年 | 1室0厅 | 54.35平米 | 南,https://ke-image.ljcdn.com/110000-inspection/pc1_55CYy4SYY.jpg!m_fill,w_280,h_210,f_jpg?from=ke.com
20240131,房山,长阳,101118113016,芭蕾雨悦都南区满五唯一南北通透近地铁双卫。,548万,61100元/平,底层 (共9层) | 2012年 | 5室1厅 | 89.69平米 | 南 北 东,https://ke-image.ljcdn.com/110000-inspection/pc1_mLZiuSSbT.jpg!m_fill,w_280,h_210,f_jpg?from=ke.com
20240131,房山,长阳,101118112892,长阳国际城二区 满五唯一  全南向 采光好,327万,40316元/平,顶层 (共20层) 2室1厅 | 81.11平米 | 南,https://ke-image.ljcdn.com/110000-inspection/pc1_V2Tt4Auk9_1.jpg!m_fill,w_280,h_210,f_jpg?from=ke.com
20240131,房山,长阳,101118112064,长龙苑小区精装2居南北通透满五唯一中间楼层采光好,230万,29001元/平,中楼层 (共6层) | 2000年 | 2室1厅 | 79.31平米 | 南 北,https://ke-image.ljcdn.com/110000-inspection/pc1_Cds1XXEuL.jpg!m_fill,w_280,h_210,f_jpg?from=ke.com
20240131,房山,长阳,101118110453,长阳国际城三区优质三居业主诚意出售,370万,41560元/平,高楼层 (共15层) | 2012年 | 3室1厅 | 89.03平米 | 南 北,https://ke-image.ljcdn.com/110000-inspection/pc1_B5WfKXEGC_1.jpg!m_fill,w_280,h_210,f_jpg?from=ke.com
20240131,房山,长阳,101118106850,加州水郡三期 2室1厅 西,235万,26775元/平,中楼层 (共15层) 2室1厅 | 87.77平米 | 西,https://ke-image.ljcdn.com/110000-inspection/pc1_BzdxRQeAj_1.jpg!m_fill,w_280,h_210,f_jpg?from=ke.com
20240131,房山,长阳,101118106816,北京城建·广悦居 满五唯一 中间层 南北通透 二居,265万,32612元/平,中楼层 (共24层) 2室1厅 | 81.26平米 | 南 北,https://ke-image.ljcdn.com/110000-inspection/pc1_opZkVW2k1_1.jpg!m_fill,w_280,h_210,f_jpg?from=ke.com
20240131,房山,长阳,101118106124,加州水郡一期 精装修 看房方便,1495万,51064元/平,地下室 (共3层) | 2006年 | 5室4厅 | 292.77平米 | 南 北,https://ke-image.ljcdn.com/110000-inspection/pc1_Sj1E3Ow75_2.jpg!m_fill,w_280,h_210,f_jpg?from=ke.com
20240131,房山,长阳,101118105534,天泰新景 南北通透 看房方便 精装修,236万,25821元/平,顶层 (共6层) | 2010年 | 2室1厅 | 91.4平米 | 南 北,https://ke-image.ljcdn.com/110000-inspection/pc1_n6y9Oow1V_1.jpg!m_fill,w_280,h_210,f_jpg?from=ke.com
20240131,房山,长阳,101118104639,禾香雅园 有钥匙 满五唯一 采光好无遮挡,270万,33190元/平,中楼层 (共7层) | 2013年 | 2室1厅 | 81.35平米 | 南,https://ke-image.ljcdn.com/110000-inspection/pc1_jR3TLLADP.jpg!m_fill,w_280,h_210,f_jpg?from=ke.com
20240131,房山,长阳,101118103985,业主诚心出售南向隔断间视野采光都不错配套成熟房主自荐,178万,30397元/平,顶层 (共15层) | 2010年 | 1室1厅 | 58.56平米 | 南,https://ke-image.ljcdn.com/110000-inspection/pc1_HrQCVhpPK_1.jpg!m_fill,w_280,h_210,f_jpg?from=ke.com
20240131,房山,长阳,101118101666,满五唯一配套齐全佳通便利。,425万,61249元/平,底层 (共9层) | 2012年 | 5室1厅 | 69.39平米 | 北 南,https://ke-image.ljcdn.com/110000-inspection/pc1_2nJnLoMc2.jpg!m_fill,w_280,h_210,f_jpg?from=ke.com
20240131,房山,长阳,101118101586,此房满五唯一 南北通透 户型方正 交通便利,228万,36054元/平,底层 (共18层) | 2014年 | 3室1厅 | 63.24平米 | 东 南 北,https://ke-image.ljcdn.com/110000-inspection/pc1_Xvw3yFIGy_1.jpg!m_fill,w_280,h_210,f_jpg?from=ke.com
20240131,房山,长阳,101118101159,禾香雅园南北通透三居装修很好采光好明厨明卫,410万,36390元/平,顶层 (共11层) | 2016年 | 3室1厅 | 112.67平米 | 南 北,https://ke-image.ljcdn.com/110000-inspection/pc1_LWUy4qiR5_1.jpg!m_fill,w_280,h_210,f_jpg?from=ke.com
20240131,房山,长阳,101118100010,熹园下跃五居室无遮挡装修好拎包入住。,620万,38350元/平,底层 (共9层) | 2013年 | 4室2厅 | 161.67平米 | 南 北,https://ke-image.ljcdn.com/110000-inspection/pc1_ZRLkXqsdi.jpg!m_fill,w_280,h_210,f_jpg?from=ke.com
20240131,房山,长阳,101118099912,天泰新景 满两年 视野好 无遮挡 客厅大窗户采光好,232万,23592元/平,顶层 (共6层) | 2008年 | 2室1厅 | 98.34平米 | 南 北,https://ke-image.ljcdn.com/110000-inspection/pc1_9JdtDPNmt_1.jpg!m_fill,w_280,h_210,f_jpg?from=ke.com
20240131,房山,长阳,101118099658,天泰新景 精装三居 满五唯一 价格能谈,300万,27996元/平,中楼层 (共6层) | 2003年 | 3室1厅 | 107.16平米 | 南 北,https://ke-image.ljcdn.com/110000-inspection/pc1_eEVcHdiyO_1.jpg!m_fill,w_280,h_210,f_jpg?from=ke.com
20240131,房山,长阳,101118098478,{大区推荐 }建邦华庭西区 精装自住 二楼有大窗户,618万,53937元/平,顶层 (共9层) | 2014年 | 4室1厅 | 114.58平米 | 南 北,https://ke-image.ljcdn.com/110000-inspection/pc1_mX6gByGqu_1.jpg!m_fill,w_280,h_210,f_jpg?from=ke.com
20240131,房山,长阳,101118097947,{大区聚焦} 板楼二层 有钥匙 满五唯一 靠谱卖,254万,27894元/平,低楼层 (共6层) | 2003年 | 2室1厅 | 91.06平米 | 南 北,https://ke-image.ljcdn.com/110000-inspection/c0176991-4abe-4e95-97b8-d3a061f8adac_1000.jpg!m_fill,w_280,h_210,f_jpg?from=ke.com
20240131,房山,长阳,101118090856,碧桂园小区A区 南北通透中间层大两居 采光通风都好,265万,28811元/平,中楼层 (共6层) | 2003年 | 2室1厅 | 91.98平米 | 南 北,https://ke-image.ljcdn.com/110000-inspection/pc1_B40kD2Pnd_1.jpg!m_fill,w_280,h_210,f_jpg?from=ke.com
20240131,房山,长阳,101118081421,样板间户型三居三面朝阳安静不吵看房方便房主自荐,430万,31801元/平,低楼层 (共12层) | 2010年 | 3室1厅 | 135.22平米 | 南 北,https://ke-image.ljcdn.com/110000-inspection/pc1_8DX835vLZ_1.jpg!m_fill,w_280,h_210,f_jpg?from=ke.com
20240131,房山,长阳,101118073648,此房满五唯一南北通透格局视野宽阔采光充足,192万,28165元/平,底层 (共15层) | 2010年 | 1室1厅 | 68.17平米 | 南 北,https://ke-image.ljcdn.com/110000-inspection/pc1_JdKfQzWD4.jpg!m_fill,w_280,h_210,f_jpg?from=ke.com
20240131,房山,长阳,101118064517,原香小镇二区  一层精装修下跃户型,415万,46888元/平,底层 (共6层) 3室2厅 | 88.51平米 | 南 北,https://ke-image.ljcdn.com/110000-inspection/pc1_VB3z3erxY.jpg!m_fill,w_280,h_210,f_jpg?from=ke.com
20240131,房山,长阳,101118059985,长阳地铁站南北通透三居室满五唯一全明格局,355万,39498元/平,低楼层 (共15层) | 2012年 | 3室1厅 | 89.88平米 | 南 北,https://ke-image.ljcdn.com/110000-inspection/pc1_OUlKXa2O5.jpg!m_fill,w_280,h_210,f_jpg?from=ke.com
20240131,房山,长阳,101118058101,大宁山庄二区 3室2厅 南 北,530万,41543元/平,顶层 (共5层) | 2008年 | 3室2厅 | 127.58平米 | 南 北,https://ke-image.ljcdn.com/110000-inspection/8d4b4962-db8a-416d-890d-63088a22adc4_1000.jpg!m_fill,w_280,h_210,f_jpg?from=ke.com
20240131,房山,长阳,101118056779,大宁山庄四区  业主诚心卖 看房提前约,568万,38822元/平,中楼层 (共6层) 3室2厅 | 146.31平米 | 南 北,https://ke-image.ljcdn.com/110000-inspection/pc1_8DrKhXWD4.jpg!m_fill,w_280,h_210,f_jpg?from=ke.com
20240131,房山,长阳,101118056758,长景新园小区  业主诚心出售价格可以谈,275万,33776元/平,顶层 (共10层) | 2019年 | 2室1厅 | 81.42平米 | 南 北,https://ke-image.ljcdn.com/110000-inspection/pc1_XOJ2XkHuW.jpg!m_fill,w_280,h_210,f_jpg?from=ke.com
20240131,房山,长阳,101118056739,大宁山庄四区 业主诚心出售 价格可以谈,450万,40947元/平,低楼层 (共6层) 2室1厅 | 109.9平米 | 南 北,https://ke-image.ljcdn.com/110000-inspection/pc1_n7xA39K3E.jpg!m_fill,w_280,h_210,f_jpg?from=ke.com
20240131,房山,长阳,101118056738,首开熙悦山澜庭 精装修 房子保持整洁  采光充足,455万,46104元/平,底层 (共21层) | 2014年 | 3室1厅 | 98.69平米 | 东南 北,https://ke-image.ljcdn.com/110000-inspection/pc1_T8hOBmZ1Q.jpg!m_fill,w_280,h_210,f_jpg?from=ke.com
20240131,房山,长阳,101118040906,国际花园2号院房山长阳篱笆房,295万,39130元/平,低楼层 (共18层) 2室1厅 | 75.39平米 | 南 北,https://ke-image.ljcdn.com/110000-inspection/pc1_6Le5sbHJV.jpg!m_fill,w_280,h_210,f_jpg?from=ke.com
20240131,房山,长阳,101118040129,长阳半岛怡和南路10号院精装东西通透两居室,379万,41228元/平,中楼层 (共4层) | 2015年 | 2室1厅 | 91.93平米 | 东 西,https://ke-image.ljcdn.com/110000-inspection/pc1_EQtEITzIV_1.jpg!m_fill,w_280,h_210,f_jpg?from=ke.com
20240131,房山,长阳,101118037062,加州水郡三期东南向三居室满五年唯一,298万,27688元/平,底层 (共15层) | 2009年 | 3室1厅 | 107.63平米 | 东南,https://ke-image.ljcdn.com/110000-inspection/4a2edb42-a6d3-40b5-abd0-8bd0f7272d98_1000.jpg!m_fill,w_280,h_210,f_jpg?from=ke.com
20240131,房山,长阳,101118033150,原香经典通透下跃 一楼无遮挡 采光好 原价高 诚意出售房主自荐,328万,36992元/平,底层 (共10层) | 2010年 | 3室2厅 | 88.67平米 | 南 北,https://ke-image.ljcdn.com/110000-inspection/pc1_yWlXFa9mG.jpg!m_fill,w_280,h_210,f_jpg?from=ke.com
20240131,房山,长阳,101118028965,西悦欣居 眼镜户型 看房一般周末方便 诚心出售,288万,32349元/平,低楼层 (共21层) | 2012年 | 2室1厅 | 89.03平米 | 东,https://ke-image.ljcdn.com/110000-inspection/pc1_gNxDvy2F4_1.jpg!m_fill,w_280,h_210,f_jpg?from=ke.com
20240131,房山,长阳,101118010926,万年广阳郡精装修五恒系统科技住宅,635万,45720元/平,高楼层 (共13层) 3室1厅 | 138.89平米 | 南 北,https://ke-image.ljcdn.com/110000-inspection/pc1_WYbX2QYXv_1.jpg!m_fill,w_280,h_210,f_jpg?from=ke.com
20240131,房山,长阳,101118008968,康泽佳苑南区全南两居户型精装修接地气,201万,36276元/平,底层 (共22层) | 2014年 | 2室1厅 | 55.41平米 | 南,https://ke-image.ljcdn.com/110000-inspection/pc1_06ZmuONws_1.jpg!m_fill,w_280,h_210,f_jpg?from=ke.com
20240131,房山,长阳,101118008928,五恒科技系统 采光充足 视野开阔 楼层好,660万,47537元/平,中楼层 (共12层) | 2017年 | 3室2厅 | 138.84平米 | 南 北,https://ke-image.ljcdn.com/110000-inspection/pc1_jMjXSZWcZ.jpg!m_fill,w_280,h_210,f_jpg?from=ke.com
20240131,房山,长阳,101118005114,长龙苑小区 3室2厅 东 西,265万,25481元/平,高楼层 (共6层) | 2002年 | 3室2厅 | 104平米 | 东 西,https://ke-image.ljcdn.com/110000-inspection/pc1_I2cnNDUwX_1.jpg!m_fill,w_280,h_210,f_jpg?from=ke.com
20240131,房山,长阳,101118004569,中粮京西祥云 3室2厅 南 北,730万,57667元/平,高楼层 (共18层) | 2018年 | 3室2厅 | 126.59平米 | 南 北,https://ke-image.ljcdn.com/110000-inspection/pc1_bgxKtMlxO_1.jpg!m_fill,w_280,h_210,f_jpg?from=ke.com
20240131,房山,长阳,101118004438,长阳半岛祥云街3号院 南北通透格局视野宽阔房主自荐,660万,48384元/平,中楼层 (共9层) | 2013年 | 4室1厅 | 136.41平米 | 南 北,https://ke-image.ljcdn.com/110000-inspection/pc1_qtUPLUOYL_1.jpg!m_fill,w_280,h_210,f_jpg?from=ke.com
20240131,房山,长阳,101118002762,中粮京西祥云 一梯一户精装三居 中间楼层正对小区花园,559万,48809元/平,中楼层 (共16层) | 2019年 | 3室1厅 | 114.53平米 | 南 北,https://ke-image.ljcdn.com/110000-inspection/pc1_bshIJ10pk.jpg!m_fill,w_280,h_210,f_jpg?from=ke.com
20240131,房山,长阳,101118002602,长景新园 南北通透大两居 大H户型 使用率高 诚心出售,303万,32543元/平,低楼层 (共11层) 2室1厅 | 93.11平米 | 南 北,https://ke-image.ljcdn.com/110000-inspection/pc1_aGuFKOmvP.jpg!m_fill,w_280,h_210,f_jpg?from=ke.com
20240131,房山,长阳,101118001587,万科.金域缇香 南向一居室  中间楼层 业主诚心出售,239万,38680元/平,中楼层 (共18层) | 2014年 | 1室1厅 | 61.79平米 | 南,https://ke-image.ljcdn.com/110000-inspection/pc1_8xX9Ut7ID.jpg!m_fill,w_280,h_210,f_jpg?from=ke.com
20240131,房山,长阳,101118001261,大宁山庄四区 2室1厅 南 北,336万,33255元/平,高楼层 (共6层) | 2013年 | 2室1厅 | 101.04平米 | 南 北,https://ke-image.ljcdn.com/110000-inspection/pc1_bpbhV6Xkf_1.jpg!m_fill,w_280,h_210,f_jpg?from=ke.com
20240131,房山,长阳,101118000437,国际花园2号院全明格局精装三居室拎包入住,359万,40265元/平,顶层 (共18层) | 2014年 | 3室1厅 | 89.16平米 | 东 南 北,https://ke-image.ljcdn.com/110000-inspection/pc1_xzo4tlCh4.jpg!m_fill,w_280,h_210,f_jpg?from=ke.com
20240131,房山,长阳,101117992591,长阳半岛祥云街2号院南北通透两居室业主诚心出售,353万,40575元/平,中楼层 (共28层) | 2012年 | 2室1厅 | 87平米 | 南 北,https://ke-image.ljcdn.com/110000-inspection/pc1_LkgQ9e5iy_1.jpg!m_fill,w_280,h_210,f_jpg?from=ke.com
20240131,房山,长阳,101117992538,徜徉嘉园8号院 满五唯一 高楼层 视野开阔 精装,630万,49323元/平,中楼层 (共15层) | 2014年 | 3室1厅 | 127.73平米 | 南 北,https://ke-image.ljcdn.com/110000-inspection/pc1_pBIdqGp4M_1.jpg!m_fill,w_280,h_210,f_jpg?from=ke.com
20240131,房山,长阳,101117991240,大宁山庄四区  南北通透  低密洋房社区,215万,40278元/平,中楼层 (共6层) | 2013年 | 1室1厅 | 53.38平米 | 北 南,https://ke-image.ljcdn.com/110000-inspection/pc1_8D3Jr0Xlv_1.jpg!m_fill,w_280,h_210,f_jpg?from=ke.com
20240131,房山,长阳,101117989895,大宁山庄四区南北通透大三居中间层视野采光好,530万,36166元/平,中楼层 (共6层) | 2010年 | 3室2厅 | 146.55平米 | 南 北,https://ke-image.ljcdn.com/110000-inspection/pc1_GCDStr3ZZ.jpg!m_fill,w_280,h_210,f_jpg?from=ke.com
20240131,房山,长阳,101117989574,长景新园小区  户型方正 看房提前约,288万,31642元/平,顶层 (共11层) | 2016年 | 2室1厅 | 91.02平米 | 南 北,https://ke-image.ljcdn.com/110000-inspection/pc1_U5T1uxie5_1.jpg!m_fill,w_280,h_210,f_jpg?from=ke.com
20240131,房山,长阳,101117989037,大宁山庄二区 南北通透  大三居,429万,30519元/平,中楼层 (共5层) | 2009年 | 3室2厅 | 140.57平米 | 北 南,https://ke-image.ljcdn.com/110000-inspection/pc1_zqFOvqh5A_1.jpg!m_fill,w_280,h_210,f_jpg?from=ke.com
20240131,房山,长阳,101117988549,此房满五唯一板楼高楼层 南北通透格局采光通风好,465万,48938元/平,中楼层 (共9层) | 2011年 | 3室1厅 | 95.02平米 | 南 北,https://ke-image.ljcdn.com/110000-inspection/pc1_JYv4Kh0qY_2.jpg!m_fill,w_280,h_210,f_jpg?from=ke.com
20240131,房山,长阳,101117987352,长阳半岛2号院东南北户型采光好视野开阔看房方便,372万,42015元/平,高楼层 (共28层) | 2012年 | 2室1厅 | 88.54平米 | 南 北,https://ke-image.ljcdn.com/110000-inspection/pc1_HgPuI0XUu_1.jpg!m_fill,w_280,h_210,f_jpg?from=ke.com
20240131,房山,长阳,101117986081,合景领峰8号院  南北通透 看房方便,500万,42406元/平,顶层 (共8层) | 2015年 | 3室2厅 | 117.91平米 | 南 北,https://ke-image.ljcdn.com/110000-inspection/pc1_IHbTIU4P1.jpg!m_fill,w_280,h_210,f_jpg?from=ke.com
20240131,房山,长阳,101117985417,长阳半岛万科东南户型户型明厨明卫 采光通风好,385万,43342元/平,低楼层 (共21层) | 2012年 | 2室1厅 | 88.83平米 | 东南,https://ke-image.ljcdn.com/110000-inspection/pc1_yeGZilhYf_1.jpg!m_fill,w_280,h_210,f_jpg?from=ke.com
20240131,房山,长阳,101117983204,建邦华庭西区 满五唯一 产权清晰,490万,44798元/平,高楼层 (共8层) | 2014年 | 3室1厅 | 109.38平米 | 南 北,https://ke-image.ljcdn.com/110000-inspection/pc1_s4GoDMoPx_1.jpg!m_fill,w_280,h_210,f_jpg?from=ke.com
20240131,房山,长阳,101117979359,万科长阳半岛1号院全南向两居室满五唯一业主诚心出售,405万,45232元/平,中楼层 (共21层) | 2012年 | 2室1厅 | 89.54平米 | 南,https://ke-image.ljcdn.com/110000-inspection/pc1_o2izeFTjD_1.jpg!m_fill,w_280,h_210,f_jpg?from=ke.com
20240131,房山,长阳,101117978724,原香小镇二区全明格局大三居南北通透,509万,35876元/平,低楼层 (共6层) | 2010年 | 3室1厅 | 141.88平米 | 南 北,https://ke-image.ljcdn.com/110000-inspection/pc1_Hr0BbU1t8_1.jpg!m_fill,w_280,h_210,f_jpg?from=ke.com
20240131,房山,长阳,101117978047,满五唯一南北通透复式采光好适合两三代人口居住。,279万,21030元/平,顶层 (共6层) | 2004年 | 3室2厅 | 132.67平米 | 南 北,https://ke-image.ljcdn.com/110000-inspection/pc1_1MuWjuVDl_1.jpg!m_fill,w_280,h_210,f_jpg?from=ke.com
20240131,房山,长阳,101117976558,满五唯一 133平米 双卧朝南 全明格局 视野采光好,560万,43888元/平,顶层 (共10层) | 2015年 | 3室1厅 | 127.6平米 | 南 西 北,https://ke-image.ljcdn.com/110000-inspection/pc1_36yNSPDhb_1.jpg!m_fill,w_280,h_210,f_jpg?from=ke.com
20240131,房山,长阳,101117975723,满五年唯一 南北通透正规三居室 精装修诚心出售房主自荐,510万,43232元/平,顶层 (共8层) | 2015年 | 3室2厅 | 117.97平米 | 南 北,https://ke-image.ljcdn.com/110000-inspection/pc1_M72Jx0XIi_1.jpg!m_fill,w_280,h_210,f_jpg?from=ke.com
20240131,房山,长阳,101117974408,首创新悦都二区精装两居南北通透,329万,43692元/平,中楼层 (共18层) | 2014年 | 2室1厅 | 75.3平米 | 南 北,https://ke-image.ljcdn.com/110000-inspection/pc1_mAfn7c19P.jpg!m_fill,w_280,h_210,f_jpg?from=ke.com
20240131,房山,长阳,101117973761,长阳半岛祥云街4号院东南北三居室业主诚心出售,498万,47601元/平,高楼层 (共17层) | 2012年 | 3室1厅 | 104.62平米 | 东南 北,https://ke-image.ljcdn.com/110000-inspection/test-512bfaa1-ecd3-4369-8e87-e0c9db36f545.png!m_fill,w_280,h_210,f_jpg?from=ke.com
20240131,房山,长阳,101117973005,禾香雅园 2室1厅 南,249万,30609元/平,底层 (共7层) | 2013年 | 2室1厅 | 81.35平米 | 南,https://ke-image.ljcdn.com/110000-inspection/pc1_xpS7h3FX1.jpg!m_fill,w_280,h_210,f_jpg?from=ke.com
20240131,房山,长阳,101117970082,碧桂园小区二区顶层跃层户型户型方正采光无遮挡,435万,20921元/平,顶层 (共6层) | 2004年 | 6室2厅 | 207.93平米 | 南 北,https://ke-image.ljcdn.com/110000-inspection/pc1_sexA6mfu0_1.jpg!m_fill,w_280,h_210,f_jpg?from=ke.com
20240131,房山,长阳,101117967816,万科.金域缇香 业主诚心出售  看房方便,373万,44548元/平,高楼层 (共18层) | 2014年 | 2室1厅 | 83.73平米 | 南,https://ke-image.ljcdn.com/110000-inspection/pc1_zU1ARTxDp.jpg!m_fill,w_280,h_210,f_jpg?from=ke.com
20240131,房山,长阳,101117967046,篱笆房地铁站 长阳公园旁 南北通透 高层观景 领包入住,385万,44581元/平,低楼层 (共16层) 3室1厅 | 86.36平米 | 南 北 东,https://ke-image.ljcdn.com/110000-inspection/pc1_mKmJXJdAa_1.jpg!m_fill,w_280,h_210,f_jpg?from=ke.com
20240131,房山,长阳,101117964280,万年广阳郡 房龄新 物业好 环境优美,1180万,65429元/平,底层 (共8层) 5室2厅 | 180.35平米 | 南 北,https://ke-image.ljcdn.com/110000-inspection/pc1_SQf26rTsR_1.jpg!m_fill,w_280,h_210,f_jpg?from=ke.com
20240131,房山,长阳,101117938520,三阳开泰 精装全明大三居 看房方便,520万,40436元/平,低楼层 (共18层) | 2014年 | 3室2厅 | 128.6平米 | 南 北,https://ke-image.ljcdn.com/110000-inspection/pc1_VEqlVGcgJ_1.jpg!m_fill,w_280,h_210,f_jpg?from=ke.com
20240131,房山,长阳,101117899080,建邦华庭东区 南北通透 高楼层满五唯一 随时签约,499万,44810元/平,中楼层 (共11层) | 2013年 | 3室0厅 | 111.36平米 | 南 北,https://ke-image.ljcdn.com/110000-inspection/pc1_GjSQXAwNI_1.jpg!m_fill,w_280,h_210,f_jpg?from=ke.com
20240131,房山,长阳,101117896123,禾香雅园 满五唯一 精装修户型好店长推荐,408万,36937元/平,高楼层 (共8层) | 2013年 | 3室1厅 | 110.46平米 | 南 西 北,https://ke-image.ljcdn.com/110000-inspection/pc1_UeIucLpJ5_1.jpg!m_fill,w_280,h_210,f_jpg?from=ke.com
20240131,房山,长阳,101117895209,康泽佳苑南区 2室1厅 南 北,228万,42713元/平,中楼层 (共18层) | 2014年 | 2室1厅 | 53.38平米 | 南 北,https://ke-image.ljcdn.com/110000-inspection/pc1_tBKsEZ7xy_1.jpg!m_fill,w_280,h_210,f_jpg?from=ke.com
20240131,房山,长阳,101117892946,首开熙悦山熹园70万精装修下跃近地铁业主随时签约,635万,39176元/平,底层 (共9层) | 2013年 | 3室2厅 | 162.09平米 | 南 北,https://ke-image.ljcdn.com/110000-inspection/pc1_pRvPjLv9C_1.jpg!m_fill,w_280,h_210,f_jpg?from=ke.com
20240131,房山,长阳,101117892294,中粮京西祥云精装修南北通透诚心出售看房方便,660万,52431元/平,低楼层 (共18层) 4室1厅 | 125.88平米 | 南 北,https://ke-image.ljcdn.com/110000-inspection/pc1_z1tBD58j5.jpg!m_fill,w_280,h_210,f_jpg?from=ke.com
20240131,房山,长阳,101117887638,碧桂园小区C区 2室1厅 南,215万,38094元/平,底层 (共11层) | 2007年 | 2室1厅 | 56.44平米 | 南,https://ke-image.ljcdn.com/110000-inspection/pc1_paaqY25Uo_1.jpg!m_fill,w_280,h_210,f_jpg?from=ke.com
20240131,房山,长阳,101117886674,碧桂园天资璟庭南北通透大三居室,440万,31078元/平,低楼层 (共18层) | 2013年 | 3室1厅 | 141.58平米 | 南 北,https://ke-image.ljcdn.com/110000-inspection/pc1_L3sU8jBjY_1.jpg!m_fill,w_280,h_210,f_jpg?from=ke.com
20240131,房山,长阳,101117886491,康泽佳苑北区 2室1厅 南,290万,37156元/平,低楼层 (共25层) | 2015年 | 2室1厅 | 78.05平米 | 南,https://ke-image.ljcdn.com/110000-inspection/pc1_0x0KQUHIh_3.jpg!m_fill,w_280,h_210,f_jpg?from=ke.com
20240131,房山,长阳,101117885506,大宁山庄四区  南北通透  满五唯一,228万,42713元/平,顶层 (共6层) | 2013年 | 1室1厅 | 53.38平米 | 南 北,https://ke-image.ljcdn.com/110000-inspection/pc1_CqDaoiimC_1.jpg!m_fill,w_280,h_210,f_jpg?from=ke.com
20240131,房山,长阳,101117884513,康泽佳苑南区 满五唯一 配套成熟,152万,35807元/平,高楼层 (共28层) | 2014年 | 1室0厅 | 42.45平米 | 东,https://ke-image.ljcdn.com/110000-inspection/pc1_FzQQpjRFz.jpg!m_fill,w_280,h_210,f_jpg?from=ke.com
20240131,房山,长阳,101117884311,康泽佳苑南区  南向两居室 诚心出售,218万,41203元/平,底层 (共18层) | 2014年 | 2室1厅 | 52.91平米 | 南,https://ke-image.ljcdn.com/110000-inspection/pc1_yftlHKc7b_1.jpg!m_fill,w_280,h_210,f_jpg?from=ke.com
20240131,房山,长阳,101117874344,原香小镇二区 精装修状态好 诚心出售,330万,38341元/平,低楼层 (共6层) | 2010年 | 2室1厅 | 86.07平米 | 南 北,https://ke-image.ljcdn.com/110000-inspection/pc1_ENr7Zw4jm_1.jpg!m_fill,w_280,h_210,f_jpg?from=ke.com
20240131,房山,长阳,101117867439,此房是满五年唯一的南向一居室落地阳台,209万,36648元/平,高楼层 (共11层) | 2007年 | 1室1厅 | 57.03平米 | 南,https://ke-image.ljcdn.com/110000-inspection/prod-b86d0dda-24cc-4b46-8a3f-047a5b63a05f.jpg!m_fill,w_280,h_210,f_jpg?from=ke.com
20240131,房山,长阳,101117865779,加州水郡 精装修2居室 位置好 视野宽阔 房屋保持好房主自荐,249万,28390元/平,低楼层 (共14层) | 2011年 | 2室1厅 | 87.71平米 | 东北,https://ke-image.ljcdn.com/110000-inspection/06b765d9-28db-497b-9228-193572d6dc0e_1000.jpg!m_fill,w_280,h_210,f_jpg?from=ke.com
20240131,房山,长阳,101117863869,原香小镇二区一层带下跃户型南北通透随时可以看房主自荐,407.8万,45774元/平,底层 (共6层) | 2010年 | 3室2厅 | 89.09平米 | 南 北,https://ke-image.ljcdn.com/110000-inspection/pc1_ZHKMk4PbM_1.jpg!m_fill,w_280,h_210,f_jpg?from=ke.com
20240131,房山,长阳,101117854398,满五唯一 高楼层 全明格局 中间位置 门口近,259万,29560元/平,中楼层 (共11层) | 2010年 | 2室1厅 | 87.62平米 | 东南,https://ke-image.ljcdn.com/110000-inspection/pc1_051c5AQwi.jpg!m_fill,w_280,h_210,f_jpg?from=ke.com
20240131,房山,长阳,101117839970,天泰新景 南北通透 看房方便 原址高 能随时签约,250万,27455元/平,中楼层 (共6层) 2室1厅 | 91.06平米 | 南 北,https://ke-image.ljcdn.com/110000-inspection/pc1_ivXfxFhDK.jpg!m_fill,w_280,h_210,f_jpg?from=ke.com
20240131,房山,长阳,101117839512,南向一居室 户型方正 业主诚心出售房主自荐,340万,47982元/平,底层 (共9层) | 2015年 | 1室1厅 | 70.86平米 | 南,https://ke-image.ljcdn.com/110000-inspection/pc1_q9wMefoNY_1.jpg!m_fill,w_280,h_210,f_jpg?from=ke.com
20240131,房山,长阳,101117839480,满五唯一明厨明卫低密洋房一梯两户近地铁,535万,39414元/平,低楼层 (共9层) | 2013年 | 3室1厅 | 135.74平米 | 南 北,https://ke-image.ljcdn.com/110000-inspection/pc1_SRR4SCJYB_1.jpg!m_fill,w_280,h_210,f_jpg?from=ke.com
20240131,房山,长阳,101117838429,加州水郡四期 南向一居 二次装修过 南向 二次装修,195万,33673元/平,中楼层 (共14层) | 2011年 | 1室0厅 | 57.91平米 | 南,https://ke-image.ljcdn.com/110000-inspection/3d3568b3-e3ba-4701-b41e-f524fb353b6d_1000.jpg!m_fill,w_280,h_210,f_jpg?from=ke.com
20240131,房山,长阳,101117837085,碧桂园小区C区 一梯两户南北通透 公摊小 居住舒适,279万,30419元/平,低楼层 (共11层) | 2007年 | 2室1厅 | 91.72平米 | 南 北,https://ke-image.ljcdn.com/110000-inspection/pc1_6wwtcVElG_1.jpg!m_fill,w_280,h_210,f_jpg?from=ke.com
20240131,房山,长阳,101117836021,碧桂园小区C区 一梯两户南北通透中楼层落地窗飘窗,345万,27875元/平,低楼层 (共15层) | 2007年 | 3室1厅 | 123.77平米 | 南 北,https://ke-image.ljcdn.com/110000-inspection/pc1_OHEhsPNjh.jpg!m_fill,w_280,h_210,f_jpg?from=ke.com
20240131,房山,长阳,101117836009,《店长推荐》万科品质 中间位置 精装修 三居室双卫,470万,45262元/平,低楼层 (共21层) | 2016年 | 3室1厅 | 103.84平米 | 南 北,https://ke-image.ljcdn.com/110000-inspection/pc1_hGR7VmLOX.jpg!m_fill,w_280,h_210,f_jpg?from=ke.com
20240131,房山,长阳,101117834801,绿地花都苑 优质三居室 家具家电较新可拎包入住,325万,27826元/平,低楼层 (共12层) | 2012年 | 3室1厅 | 116.8平米 | 南 北,https://ke-image.ljcdn.com/110000-inspection/pc1_0Sa0lTW0z_1.jpg!m_fill,w_280,h_210,f_jpg?from=ke.com
20240131,房山,长阳,101117829094,康泽佳苑北区 2室1厅 南 北,280万,35350元/平,高楼层 (共30层) | 2015年 | 2室1厅 | 79.21平米 | 南 北,https://ke-image.ljcdn.com/110000-inspection/pc1_gPXEcvSy9.jpg!m_fill,w_280,h_210,f_jpg?from=ke.com
20240131,房山,长阳,101117828285,康泽佳苑北区 精装修南北两居  首付110w,290万,37820元/平,高楼层 (共18层) | 2015年 | 2室1厅 | 76.68平米 | 北 南,https://ke-image.ljcdn.com/110000-inspection/pc1_uRzQjINbv_1.jpg!m_fill,w_280,h_210,f_jpg?from=ke.com
20240131,房山,长阳,101117822230,南北通透四居小区中间位置中间楼层采光好,536万,34835元/平,中楼层 (共11层) | 2012年 | 4室2厅 | 153.87平米 | 南 北,https://ke-image.ljcdn.com/110000-inspection/pc1_RWcyY0iEW_1.jpg!m_fill,w_280,h_210,f_jpg?from=ke.com
20240131,房山,长阳,101117775954,天泰新景家园  好户型 南北大三居业主随时签约房主自荐,260万,24304元/平,顶层 (共6层) | 2003年 | 3室1厅 | 106.98平米 | 南 北,https://ke-image.ljcdn.com/110000-inspection/pc1_ePQ6PTA8l.jpg!m_fill,w_280,h_210,f_jpg?from=ke.com
20240131,房山,长阳,101117775561,《店长推荐》加州水郡满五唯一中高楼层南向两居室,238万,27643元/平,高楼层 (共15层) | 2011年 | 2室1厅 | 86.1平米 | 南,https://ke-image.ljcdn.com/110000-inspection/4b41c1be-143a-4c55-9add-e2db6ddaba8b_1000.jpg!m_fill,w_280,h_210,f_jpg?from=ke.com
20240131,房山,长阳,101117747529,首创一区 楼栋位置较好满五年唯一,305万,40350元/平,低楼层 (共18层) 2室1厅 | 75.59平米 | 南 北,https://ke-image.ljcdn.com/110000-inspection/pc1_9fKxDQEJk.jpg!m_fill,w_280,h_210,f_jpg?from=ke.com
20240131,房山,长阳,101117729664,加州水郡四期南向正规一居室精装修没住过房主自荐,225万,35217元/平,中楼层 (共15层) | 2011年 | 1室1厅 | 63.89平米 | 南,https://ke-image.ljcdn.com/110000-inspection/pc1_ZUCMldiSZ_1.jpg!m_fill,w_280,h_210,f_jpg?from=ke.com
20240131,房山,长阳,101117710329,翠林漫步 3室2厅 南 北,515万,41280元/平,高楼层 (共11层) 3室2厅 | 124.76平米 | 南 北,https://ke-image.ljcdn.com/110000-inspection/prod-515845d3-bf2e-4df3-8923-5052117ce173.jpg!m_fill,w_280,h_210,f_jpg?from=ke.com
20240131,房山,长阳,101117684861,邑上公馆 南北通透下跃 无遮挡 视线好 采光好 满五年,460万,41720元/平,底层 (共6层) 3室1厅 | 110.26平米 | 南 北,https://ke-image.ljcdn.com/110000-inspection/pc1_wrDfUhZwE.jpg!m_fill,w_280,h_210,f_jpg?from=ke.com
20240131,房山,长阳,101117689455,碧桂园小区C区 3室1厅 南 北,310万,26218元/平,低楼层 (共16层) | 2007年 | 3室1厅 | 118.24平米 | 南 北,https://ke-image.ljcdn.com/110000-inspection/pc1_EqUHyP7ON_1.jpg!m_fill,w_280,h_210,f_jpg?from=ke.com
20240131,房山,长阳,101117673100,（店长推荐）近地铁 满五唯一 交通方便 户型方正,238万,25611元/平,高楼层 (共6层) | 2009年 | 2室2厅 | 92.93平米 | 西北,https://ke-image.ljcdn.com/110000-inspection/pc1_kPrkdFW7D.jpg!m_fill,w_280,h_210,f_jpg?from=ke.com
20240131,房山,长阳,101117651847,天骄俊园 近地铁 户型好 配套齐全,260万,28947元/平,顶层 (共6层) | 2009年 | 2室1厅 | 89.82平米 | 南 北,https://ke-image.ljcdn.com/110000-inspection/5e0708df-a623-4a19-a41b-51ab12a785a5_1000.jpg!m_fill,w_280,h_210,f_jpg?from=ke.com
20240131,房山,长阳,101117631832,满五唯一大三居高楼层诚心出售看房提前联系,346万,28010元/平,中楼层 (共15层) | 2007年 | 3室2厅 | 123.53平米 | 南 北,https://ke-image.ljcdn.com/110000-inspection/pc1_LIPVFaNWc.jpg!m_fill,w_280,h_210,f_jpg?from=ke.com
20240131,房山,长阳,101117592313,正对水系高层三居新装修户型方正双阳台视野开阔,460万,31138元/平,中楼层 (共14层) | 2010年 | 3室2厅 | 147.73平米 | 南 北,https://ke-image.ljcdn.com/110000-inspection/pc1_JzrLljf8B.jpg!m_fill,w_280,h_210,f_jpg?from=ke.com
20240131,房山,长阳,101117587467,近地铁 电梯洋房 通风流畅 交通便利,195万,28842元/平,底层 (共6层) | 2014年 | 1室1厅 | 67.61平米 | 南,https://ke-image.ljcdn.com/110000-inspection/pc1_LEX2gOJIl.jpg!m_fill,w_280,h_210,f_jpg?from=ke.com
20240131,房山,长阳,101117575634,国际花园 南北通透 高楼层视野开阔 首师大正对面,306万,40079元/平,高楼层 (共18层) | 2014年 | 2室1厅 | 76.35平米 | 南 北,https://ke-image.ljcdn.com/110000-inspection/pc1_AoCzi026a.jpg!m_fill,w_280,h_210,f_jpg?from=ke.com
20240131,房山,长阳,101117570756,长阳地铁站中国铁建打造满五唯一南北三居室,340万,38113元/平,顶层 (共15层) | 2012年 | 3室1厅 | 89.21平米 | 南 北,https://ke-image.ljcdn.com/110000-inspection/4df4aace-d015-42d2-b12c-45c991eb6602_1000.jpg!m_fill,w_280,h_210,f_jpg?from=ke.com
20240131,房山,长阳,101117569756,徜徉嘉园祥云街8号院集中供暖 人车分流 有固定车位,760万,44851元/平,中楼层 (共7层) | 2014年 | 4室2厅 | 169.45平米 | 南 北,https://ke-image.ljcdn.com/110000-inspection/pc1_wJGrYa6Iu_1.jpg!m_fill,w_280,h_210,f_jpg?from=ke.com
20240131,房山,长阳,101117549993,翠林漫步满五年唯一 南北全明格局 随时可看,270万,30974元/平,底层 (共9层) 2室1厅 | 87.17平米 | 南 北,https://ke-image.ljcdn.com/110000-inspection/pc1_uR2k19ObM.jpg!m_fill,w_280,h_210,f_jpg?from=ke.com
20240131,房山,长阳,101117540243,近地铁 精装修 拎包入住 上下两层 动静分离,535万,26249元/平,底层 (共12层) | 2015年 | 5室2厅 | 203.82平米 | 南 北,https://ke-image.ljcdn.com/110000-inspection/pc1_GPNsbvTCj.jpg!m_fill,w_280,h_210,f_jpg?from=ke.com
20240131,房山,长阳,101117532102,大宁山庄三区C区顶层复式业主自住精装修,415万,36334元/平,顶层 (共5层) 4室2厅 | 114.22平米 | 南 北,https://ke-image.ljcdn.com/110000-inspection/pc1_KIIYlJl9F.jpg!m_fill,w_280,h_210,f_jpg?from=ke.com
20240131,房山,长阳,101117518951,北京城建·广悦居 精装一居 前后无遮挡 随时可看,222万,32855元/平,低楼层 (共22层) | 2016年 | 1室1厅 | 67.57平米 | 南 西 东,https://ke-image.ljcdn.com/110000-inspection/pc1_QvxkzVbpD_1.jpg!m_fill,w_280,h_210,f_jpg?from=ke.com
20240131,房山,长阳,101117461434,五矿名品 下跃户型  小区环境好,780万,47265元/平,底层 (共6层) | 2017年 | 5室1厅 | 165.03平米 | 南 北,https://ke-image.ljcdn.com/110000-inspection/pc1_G6ZUKVIwU.jpg!m_fill,w_280,h_210,f_jpg?from=ke.com
20240131,房山,长阳,101117337569,大宁山庄二区小区内环境优雅配套齐全,459万,31066元/平,中楼层 (共5层) | 2014年 | 3室2厅 | 147.75平米 | 南 北,https://ke-image.ljcdn.com/110000-inspection/pc1_mCSbJBzOo_1.jpg!m_fill,w_280,h_210,f_jpg?from=ke.com
20240131,房山,长阳,101117321539,碧桂园小区二区 4室2厅 南 北,500万,25964元/平,顶层 (共6层) | 2005年 | 4室2厅 | 192.58平米 | 南 北,https://ke-image.ljcdn.com/110000-inspection/pc1_Lxxd6kt6i_1.jpg!m_fill,w_280,h_210,f_jpg?from=ke.com
20240131,房山,长阳,101117228572,翠林漫步满五年一套中高楼层视野开阔位置安静,295万,32522元/平,高楼层 (共9层) | 2012年 | 2室1厅 | 90.71平米 | 南 北,https://ke-image.ljcdn.com/110000-inspection/f8c30143-182a-44c5-9f20-b4272819a0ba_1000.jpg!m_fill,w_280,h_210,f_jpg?from=ke.com
20240131,房山,长阳,101117205504,金地朗悦朗园 精装下跃 中间位置安静不吵,650万,64949元/平,底层 (共9层) 4室2厅 | 100.08平米 | 南 北,https://ke-image.ljcdn.com/110000-inspection/pc1_lG5Tk9s6I.jpg!m_fill,w_280,h_210,f_jpg?from=ke.com
20240131,房山,长阳,101117190745,靠山居艺墅北区南北通透格局采光好精装修,980万,42749元/平,底层 (共3层) | 2007年 | 5室1厅 | 229.25平米 | 南 北,https://ke-image.ljcdn.com/110000-inspection/pc1_sMMVTX7Pl_1.jpg!m_fill,w_280,h_210,f_jpg?from=ke.com
20240131,房山,长阳,101117165298,靠山居艺墅北区上叠南北通透户型方正看房方便,560万,28878元/平,中楼层 (共4层) | 2007年 | 5室1厅 | 193.92平米 | 南 北,https://ke-image.ljcdn.com/110000-inspection/pc1_b6ckQDfz3_1.jpg!m_fill,w_280,h_210,f_jpg?from=ke.com
20240131,房山,长阳,101117153628,世茂维拉改善型住房随时看房随时签约,750万,30618元/平,中楼层 (共5层) | 2015年 | 5室2厅 | 244.96平米 | 南 北,https://ke-image.ljcdn.com/110000-inspection/pc1_sX4QNZ4dT.jpg!m_fill,w_280,h_210,f_jpg?from=ke.com
20240131,房山,长阳,101117124698,徜徉嘉园8号院 适合改善 南北通透 全明格局 满五唯一,699万,52325元/平,中楼层 (共6层) | 2014年 | 3室2厅 | 133.59平米 | 南 北,https://ke-image.ljcdn.com/110000-inspection/pc1_ir8tVxPpc.jpg!m_fill,w_280,h_210,f_jpg?from=ke.com
20240131,房山,长阳,101117076181,万科.金域缇香南北通透三居室中高楼层采光视野好,435万,42378元/平,高楼层 (共18层) | 2015年 | 3室1厅 | 102.65平米 | 南 北,https://ke-image.ljcdn.com/110000-inspection/pc1_Ql0bN4yok_1.jpg!m_fill,w_280,h_210,f_jpg?from=ke.com
20240131,房山,长阳,101117060718,金地朗悦朗园  双卫三居中间楼层,496万,51050元/平,中楼层 (共8层) | 2013年 | 3室2厅 | 97.16平米 | 南 北,https://ke-image.ljcdn.com/110000-inspection/35cd55d1-daf3-4685-b287-09f17f604323_1000.jpg!m_fill,w_280,h_210,f_jpg?from=ke.com
20240131,房山,长阳,101117035457,金地朗悦悦园 5居上跃 南北通透 视野开阔 满五唯一,630万,48373元/平,顶层 (共7层) | 2014年 | 5室1厅 | 130.24平米 | 南 北,https://ke-image.ljcdn.com/110000-inspection/pc1_IEvG7lQwE.jpg!m_fill,w_280,h_210,f_jpg?from=ke.com
20240131,房山,长阳,101116986464,精装修 交通便利 生活方便 户型方正 格局合理,1099万,45333元/平,底层 (共5层) | 2015年 | 4室2厅 | 242.43平米 | 南 北,https://ke-image.ljcdn.com/110000-inspection/7ac1ab68-c0cb-4b10-b55f-4dc381926233_1000.jpg!m_fill,w_280,h_210,f_jpg?from=ke.com
20240131,房山,长阳,101116943812,芭蕾雨悦都南区一层复式、看公园满五唯一,488万,62855元/平,底层 (共9层) | 2013年 | 4室1厅 | 77.64平米 | 东 西,https://ke-image.ljcdn.com/110000-inspection/pc1_5U1WCk8Zz_1.jpg!m_fill,w_280,h_210,f_jpg?from=ke.com
20240131,房山,长阳,101116897856,近地铁 交通便利 生活方便 户型方正 格局合理,930万,38364元/平,地下室 (共5层) | 2015年 | 5室2厅 | 242.42平米 | 南 北,https://ke-image.ljcdn.com/110000-inspection/pc1_tl2eLfroO.jpg!m_fill,w_280,h_210,f_jpg?from=ke.com
20240131,房山,长阳,101116709059,碧桂园小区二区满五唯一南北通透 特殊户型,278万,30955元/平,底层 (共6层) | 2004年 | 2室1厅 | 89.81平米 | 南 北,https://ke-image.ljcdn.com/110000-inspection/pc1_y0HlPfHRe.jpg!m_fill,w_280,h_210,f_jpg?from=ke.com
20240131,房山,长阳,101116703394,无遮挡客厅主卧朝南 明厨明卫 户型方正 产权清晰,249万,27912元/平,底层 (共14层) | 2011年 | 2室1厅 | 89.21平米 | 西南,https://ke-image.ljcdn.com/110000-inspection/pc1_frGvKF69d_1.jpg!m_fill,w_280,h_210,f_jpg?from=ke.com
20240131,房山,长阳,101116693867,位置安静 仅契税 看房方便 产权清晰 诚意出售,179万,33241元/平,中楼层 (共14层) | 2010年 | 1室0厅 | 53.85平米 | 南,https://ke-image.ljcdn.com/110000-inspection/557245ff-d32d-46a4-b090-5853c62d97fb_1000.jpg!m_fill,w_280,h_210,f_jpg?from=ke.com
20240131,房山,长阳,101116551815,一层带下跃户型 楼上楼下两层 外加下沉式庭院,395万,44800元/平,底层 (共6层) 3室2厅 | 88.17平米 | 南 北,https://ke-image.ljcdn.com/110000-inspection/ec243ac0-8293-4a7c-8f0c-680da42d1079_1000.jpg!m_fill,w_280,h_210,f_jpg?from=ke.com
20240131,房山,长阳,101116532272,大宁山庄一区 五环独栋别墅全京个位存在,5500万,81662元/平,底层 (共3层) 10室3厅 | 673.51平米 | 东 西 南 北,https://ke-image.ljcdn.com/110000-inspection/pc1_BtxBjTch2.jpg!m_fill,w_280,h_210,f_jpg?from=ke.com
20240131,房山,长阳,101116371667,万年广阳郡九号  精装修 下跃  五恒系统,739万,53358元/平,底层 (共13层) | 2018年 | 5室2厅 | 138.5平米 | 南 北,https://ke-image.ljcdn.com/110000-inspection/pc1_4PwyLvv9D_1.jpg!m_fill,w_280,h_210,f_jpg?from=ke.com
20240131,房山,长阳,101116181498,长景新园 南北通透两居室  精装修 业主自住  满五唯一,293万,36916元/平,底层 (共6层) | 2011年 | 2室1厅 | 79.37平米 | 南 北,https://ke-image.ljcdn.com/110000-inspection/pc1_T7PMamMg0_1.jpg!m_fill,w_280,h_210,f_jpg?from=ke.com
20240131,房山,长阳,101116092403,金域缇香 南北通透三居室 中高层 采光好 视野好,497万,42942元/平,高楼层 (共21层) | 2014年 | 3室1厅 | 115.74平米 | 南 北,https://ke-image.ljcdn.com/110000-inspection/pc1_7saqWXYVM_1.jpg!m_fill,w_280,h_210,f_jpg?from=ke.com
20240131,房山,长阳,101116005577,五矿名品 3室1厅 南 北,635万,42652元/平,低楼层 (共6层) | 2018年 | 3室1厅 | 148.88平米 | 南 北,https://ke-image.ljcdn.com/110000-inspection/pc1_s3LwBRDRp.jpg!m_fill,w_280,h_210,f_jpg?from=ke.com
20240131,房山,长阳,101115968482,近地铁 电梯洋房 通风流畅 交通便利,435万,34814元/平,底层 (共6层) | 2014年 | 3室2厅 | 124.95平米 | 南 北,https://ke-image.ljcdn.com/110000-inspection/pc1_8eYIKmgSf_1.jpg!m_fill,w_280,h_210,f_jpg?from=ke.com
20240131,房山,长阳,101115909714,金地朗悦悦园 下跃 精装修 有花园房主自荐,585万,60050元/平,底层 (共7层) | 2014年 | 3室1厅 | 97.42平米 | 南 北,https://ke-image.ljcdn.com/110000-inspection/pc1_sMCXjqjoo.jpg!m_fill,w_280,h_210,f_jpg?from=ke.com
20240131,房山,长阳,101115870644,翠林漫步南北通透两居室全明格局中高楼层,320万,37559元/平,中楼层 (共11层) | 2012年 | 2室1厅 | 85.2平米 | 南 北,https://ke-image.ljcdn.com/110000-inspection/pc1_hYw5tHAMF.jpg!m_fill,w_280,h_210,f_jpg?from=ke.com
20240131,房山,长阳,101115787756,原香小镇二区南北通透大三居全明格局,510万,37170元/平,中楼层 (共6层) | 2011年 | 3室2厅 | 137.21平米 | 南 北,https://ke-image.ljcdn.com/110000-inspection/pc1_QEEhWFWPQ_1.jpg!m_fill,w_280,h_210,f_jpg?from=ke.com
20240131,房山,长阳,101115768439,金地朗悦沁园 南北朝向复式 3居,560万,49974元/平,顶层 (共6层) | 2014年 | 3室1厅 | 112.06平米 | 南 北,https://ke-image.ljcdn.com/110000-inspection/e82a2f46-df90-4ec3-8da6-8013ff43e5fb_1000.jpg!m_fill,w_280,h_210,f_jpg?from=ke.com
20240131,房山,长阳,101115559082,金地朗悦悦园 南北向 诚意出售 高楼层 采光好,640万,49001元/平,顶层 (共7层) | 2014年 | 4室2厅 | 130.61平米 | 南 北,https://ke-image.ljcdn.com/110000-inspection/pc1_mRD4BPiJ3.jpg!m_fill,w_280,h_210,f_jpg?from=ke.com
20240131,房山,长阳,101115039424,天骄俊园两居室南北通透诚心出售明厨明卫房主自荐,283万,30615元/平,高楼层 (共6层) | 2008年 | 2室1厅 | 92.44平米 | 南 北,https://ke-image.ljcdn.com/110000-inspection/pc1_eJtDXgtAw.jpg!m_fill,w_280,h_210,f_jpg?from=ke.com
20240131,房山,长阳,101114911509,大宁山庄三区满五唯一南北通透装修精致,420万,37591元/平,顶层 (共5层) | 2004年 | 2室1厅 | 111.73平米 | 南 北,https://ke-image.ljcdn.com/110000-inspection/pc1_v3zEZ2xFg.jpg!m_fill,w_280,h_210,f_jpg?from=ke.com
20240131,房山,长阳,101114899835,靠山居艺墅北区 4室2厅 南 北,638万,30739元/平,中楼层 (共4层) | 2008年 | 4室2厅 | 207.56平米 | 南 北,https://ke-image.ljcdn.com/110000-inspection/pc1_hCOpY4h29.jpg!m_fill,w_280,h_210,f_jpg?from=ke.com
20240131,房山,长阳,101114560469,世茂维拉 近地铁交通便利 生活方便 户型方正 格局合理,649万,27265元/平,底层 (共5层) 5室1厅 | 238.04平米 | 南 北,https://ke-image.ljcdn.com/110000-inspection/6720fe96-4030-4383-91d9-08118a7f4b2d_1000.jpg!m_fill,w_280,h_210,f_jpg?from=ke.com
20240131,房山,长阳,101114548663,此房满五唯一看房方便业主诚心出售自住装修,1195万,42280元/平,底层 (共3层) | 2007年 | 5室4厅 | 282.64平米 | 南 北,https://ke-image.ljcdn.com/110000-inspection/a3804bfb-61c7-4bfa-91d5-4243a89e8429_1000.jpg!m_fill,w_280,h_210,f_jpg?from=ke.com
20240131,房山,长阳,101114405376,视野宽阔精装修省时省力 配套设施齐全交通便利房主自荐,1800万,47741元/平,地下室 (共3层) | 2014年 | 5室5厅 | 377.04平米 | 南 北,https://ke-image.ljcdn.com/110000-inspection/pc1_rOCqG1x5m_1.jpg!m_fill,w_280,h_210,f_jpg?from=ke.com
20240131,房山,长阳,101114375934,邑上公馆 花园洋房 带电梯 近地铁 交通便利房主自荐,495万,27805元/平,底层 (共6层) | 2014年 | 4室1厅 | 178.03平米 | 南 北,https://ke-image.ljcdn.com/110000-inspection/f85c681b-5cc0-45d0-bd22-1fa44a1e519b_1000.jpg!m_fill,w_280,h_210,f_jpg?from=ke.com
20240131,房山,长阳,101114224583,此房满五唯一看房方便业主诚心出售房主自荐,1050万,35846元/平,地下室 (共3层) 5室2厅 | 292.92平米 | 南,https://ke-image.ljcdn.com/110000-inspection/d7030fc0-cb72-4384-9f38-f53510e741cf_1000.jpg!m_fill,w_280,h_210,f_jpg?from=ke.com
20240131,房山,长阳,101114133355,满五唯一自住精装小区中间位置中高楼层独门独户,860万,32002元/平,中楼层 (共4层) | 2007年 | 4室2厅 | 268.74平米 | 东 南 西 北,https://ke-image.ljcdn.com/110000-inspection/pc1_to4D1HLPO.jpg!m_fill,w_280,h_210,f_jpg?from=ke.com
20240131,房山,长阳,101113971088,加州水郡一期 联排边户别墅 毛坯新房看房方便,1400万,46514元/平,地下室 (共3层) | 2006年 | 5室2厅 | 300.99平米 | 南 北,https://ke-image.ljcdn.com/110000-inspection/pc1_T6emYzO7a_1.jpg!m_fill,w_280,h_210,f_jpg?from=ke.com
20240131,房山,长阳,101113953789,此房城建国誉府下跃户型南北通透。,1200万,40523元/平,底层 (共8层) | 2017年 | 6室2厅 | 296.13平米 | 南 北,https://ke-image.ljcdn.com/110000-inspection/pc1_kSE83ZBgU_1.jpg!m_fill,w_280,h_210,f_jpg?from=ke.com
20240131,房山,长阳,101113680685,九洲溪雅苑二区平层四居室纯毛坯房诚心出售,610万,27718元/平,低楼层 (共13层) | 2009年 | 4室2厅 | 220.08平米 | 南 北,https://ke-image.ljcdn.com/110000-inspection/pc1_EX1GqG79V.jpg!m_fill,w_280,h_210,f_jpg?from=ke.com
20240131,房山,长阳,101113597767,靠山居艺墅南区 精装边户 满五唯一,890万,46273元/平,底层 (共3层) | 2005年 | 6室2厅 | 192.34平米 | 南 北,https://ke-image.ljcdn.com/110000-inspection/pc1_KKP421lou_1.jpg!m_fill,w_280,h_210,f_jpg?from=ke.com
20240131,房山,长阳,101113427784,金地朗悦悦园  四室两厅上跃户型 精装修,699万,53112元/平,顶层 (共7层) | 2014年 | 4室2厅 | 131.61平米 | 南 北,https://ke-image.ljcdn.com/110000-inspection/pc1_9NVX5IHQL_1.jpg!m_fill,w_280,h_210,f_jpg?from=ke.com
20240131,房山,长阳,101113055056,世茂维拉 近地铁 电梯房 环境好 位置佳 交通方便,1300万,54476元/平,底层 (共5层) | 2015年 | 5室2厅 | 238.64平米 | 南 北,https://ke-image.ljcdn.com/110000-inspection/pc1_Yau3e0Ax6_1.jpg!m_fill,w_280,h_210,f_jpg?from=ke.com
20240131,房山,长阳,101112360712,金地朗悦润园 毛坯 南北通透 视野开阔 下跃,515万,54154元/平,底层 (共6层) | 2014年 | 4室2厅 | 95.1平米 | 南 北,https://ke-image.ljcdn.com/110000-inspection/pc1_cWWrvDJyf_1.jpg!m_fill,w_280,h_210,f_jpg?from=ke.com
20240131,房山,长阳,101112279309,世茂维拉 临近地铁 环境好 配套齐全 物业好,510万,25034元/平,底层 (共12层) | 2015年 | 4室2厅 | 203.73平米 | 南 北,https://ke-image.ljcdn.com/110000-inspection/pc1_lUecqr7fx.jpg!m_fill,w_280,h_210,f_jpg?from=ke.com
20240131,房山,长阳,101110736321,近地铁 电梯洋房 户型方正 交通便利,348万,31640元/平,底层 (共6层) | 2014年 | 3室1厅 | 109.99平米 | 南 北,https://ke-image.ljcdn.com/110000-inspection/pc1_yzmNaZWbN_1.jpg!m_fill,w_280,h_210,f_jpg?from=ke.com
20240131,房山,长阳,101109348321,大宁山庄一区 联排别墅  前后花园房主自荐,1123万,45707元/平,底层 (共3层) | 2006年 | 7室3厅 | 245.7平米 | 南 北,https://ke-image.ljcdn.com/110000-inspection/pc1_vYXiW5wM8.jpg!m_fill,w_280,h_210,f_jpg?from=ke.com
20240131,房山,长阳,101107103715,靠山居 下叠 南北通透 双花园 满五年 看房方便,640万,40038元/平,底层 (共4层) | 2008年 | 4室2厅 | 159.85平米 | 南 北,https://ke-image.ljcdn.com/110000-inspection/pc1_ECpy8MLf9_1.jpg!m_fill,w_280,h_210,f_jpg?from=ke.com
20240131,房山,长阳,101106071881,大宁山庄一区 南北通透 自住精装 诚心出售,1300万,52904元/平,底层 (共3层) | 2005年 | 4室2厅 | 245.73平米 | 南 北,https://ke-image.ljcdn.com/110000-inspection/pc1_1CBf07KI3_1.jpg!m_fill,w_280,h_210,f_jpg?from=ke.com
20240131,房山,长阳,101105640010,精装修下叠别墅。一层边户诚心出售看房随时,850万,35003元/平,底层 (共5层) | 2015年 | 5室2厅 | 242.84平米 | 南 北,https://ke-image.ljcdn.com/110000-inspection/pc1_vadtoKh2W_1.jpg!m_fill,w_280,h_210,f_jpg?from=ke.com
20240131,房山,长阳,101122835889,加州水郡三期 2室1厅 南新上,260万,28679元/平,中楼层 (共15层) 2室1厅 | 90.66平米 | 南,https://s1.ljcdn.com/pegasus/redskull/images/common/default_house_list.png?_v=202401081627157
20240131,房山,长阳,101122834406,徜徉嘉园6号院地下产权车位随时可以看有房本,16.5万,4416元/平,地下室 | 2014年 | 1室0厅 | 37.37平米 | 北,https://s1.ljcdn.com/pegasus/redskull/images/common/default_house_list.png?_v=202401081627157
