20230427,丰台,大红门,101118880610,海户屯 南北通透三居室 中间楼层 不临街必看好房,399万,58079元/平,中楼层 (共6层) 3室1厅 | 68.7平米 | 南 北,https://ke-image.ljcdn.com/110000-inspection/0e7f9c3a-13e3-42ad-9bd8-aa1a061999be_1000.jpg!m_fill,w_280,h_210,f_jpg?from=ke.com
20230427,丰台,大红门,101118622540,经理推荐：珠江骏景北区 东西通透两居室一梯两户必看好房,739万,70496元/平,中楼层 (共9层) | 2005年建 | 2室2厅 | 104.83平米 | 东 西,https://ke-image.ljcdn.com/110000-inspection/cc4c9b76-3952-4c0d-b369-e8664de8265e_1000.jpg!m_fill,w_280,h_210,f_jpg?from=ke.com
20230427,丰台,大红门,101118620050,角门东鑫宝苑小区满五年唯一三居室必看好房,647万,44847元/平,中楼层 (共14层) | 2002年建 | 3室2厅 | 144.27平米 | 东北,https://ke-image.ljcdn.com/110000-inspection/pc1_rj7Koph8S_1.jpg!m_fill,w_280,h_210,f_jpg?from=ke.com
20230427,丰台,大红门,101118591234,马家堡 海上海花园 南北通透双阳台 满五年唯一必看好房,655万,75470元/平,顶层 (共15层) 2室1厅 | 86.79平米 | 南 北,https://ke-image.ljcdn.com/110000-inspection/pc1_Ya96q0giM_1.jpg!m_fill,w_280,h_210,f_jpg?from=ke.com
20230427,丰台,大红门,101118544555,满五年唯一商品房 双地铁 前后无遮挡出入方便随时看房必看好房,415万,59252元/平,底层 (共6层) | 1999年建 | 2室1厅 | 70.04平米 | 南 北,https://ke-image.ljcdn.com/110000-inspection/5d81d4fd-d1da-4e92-82c8-39d98ef6d2d1_1000.jpg!m_fill,w_280,h_210,f_jpg?from=ke.com
20230427,丰台,大红门,101118824751,角门东地铁十号线 临泓路 鑫宝苑必看好房,705万,59234元/平,中楼层 (共14层) | 2002年建 | 3室1厅 | 119.02平米 | 南 北,https://ke-image.ljcdn.com/110000-inspection/0d16f6e0-5f9c-4e7d-b80e-c4a0955e1248_1000.jpg!m_fill,w_280,h_210,f_jpg?from=ke.com
20230427,丰台,大红门,101118761207,上海建筑 商品房 采光好 视野开阔 全明格局 人车分流房主自荐,705万,77354元/平,高楼层 (共15层) | 2010年建 | 2室2厅 | 91.14平米 | 南,https://ke-image.ljcdn.com/110000-inspection/afd75887-976c-424a-a3e5-0ecdc0b5067e_1000.jpg!m_fill,w_280,h_210,f_jpg?from=ke.com
20230427,丰台,大红门,101118562003,建欣苑二里南北通透户型方正低楼层看房方便！,580万,70159元/平,底层 (共6层) | 2000年建 | 2室1厅 | 82.67平米 | 南 北,https://ke-image.ljcdn.com/110000-inspection/5de25cda-08ce-4add-a43c-9f0c4cbc88f3_1000.jpg!m_fill,w_280,h_210,f_jpg?from=ke.com
20230427,丰台,大红门,101118519345,海户屯 南北两居室 中间楼层 无遮挡必看好房,318万,53294元/平,中楼层 (共6层) 2室1厅 | 59.67平米 | 南 北,https://ke-image.ljcdn.com/110000-inspection/de970001-dab8-4326-91c1-d6a505379798_1000.jpg!m_fill,w_280,h_210,f_jpg?from=ke.com
20230427,丰台,大红门,101118423707,三环边果园小区中高楼层两居总价合适刚需房；必看好房,276万,58724元/平,高楼层 (共18层) | 1987年建 | 2室1厅 | 47平米 | 西北,https://ke-image.ljcdn.com/110000-inspection/a60308b5-7dba-4218-86e0-1e4eff12066f_1000.jpg!m_fill,w_280,h_210,f_jpg?from=ke.com
20230427,丰台,大红门,101118411922,珠江骏景中区正南向的三居室诚意出售满五年唯一,1050万,72002元/平,中楼层 (共14层) 3室2厅 | 145.83平米 | 南,https://ke-image.ljcdn.com/110000-inspection/57f11fdb-ec88-47bd-a2a7-7c9d3417d7a5_1000.jpg!m_fill,w_280,h_210,f_jpg?from=ke.com
20230427,丰台,大红门,101118381894,大红门 2010年小区 上海建筑 人车分流 精装修必看好房,818万,80767元/平,中楼层 (共11层) | 2010年建 | 2室2厅 | 101.28平米 | 南 北,https://ke-image.ljcdn.com/110000-inspection/56d1d567-e01d-4549-9898-d7355b4c819c_1000.jpg!m_fill,w_280,h_210,f_jpg?from=ke.com
20230427,丰台,大红门,101118367039,角门 福海小区 南北通透两居 带电梯 满五唯一 近地铁必看好房,598万,70090元/平,中楼层 (共14层) 2室1厅 | 85.32平米 | 南 北,https://ke-image.ljcdn.com/110000-inspection/f545756f-7772-41d5-98f5-f8a7b108ece6_1000.jpg!m_fill,w_280,h_210,f_jpg?from=ke.com
20230427,丰台,大红门,101118350174,上海建筑  2010年 人车分流 纯商品房社区必看好房,679万,75186元/平,低楼层 (共15层) 2室2厅 | 90.31平米 | 南,https://ke-image.ljcdn.com/110000-inspection/a2cc5640-9241-4a67-b368-c1543f8d2754_1000.jpg!m_fill,w_280,h_210,f_jpg?from=ke.com
20230427,丰台,大红门,101118291761,店长推荐 大红门建欣苑四里 南北通透必看好房,429万,63434元/平,中楼层 (共6层) | 1999年建 | 2室1厅 | 67.63平米 | 南 北,https://ke-image.ljcdn.com/110000-inspection/6c7fa757-5b32-42eb-8df8-7a06779b55d3_1000.jpg!m_fill,w_280,h_210,f_jpg?from=ke.com
20230427,丰台,大红门,101118251232,海户屯小区精装修南向一居室近地铁看房有钥匙必看好房,265万,62782元/平,底层 (共6层) 1室1厅 | 42.21平米 | 南,https://ke-image.ljcdn.com/110000-inspection/16075d20-7b49-4a99-a1a8-96f065a64037_1000.jpg!m_fill,w_280,h_210,f_jpg?from=ke.com
20230427,丰台,大红门,101118228801,珠江骏景南区南北通透三居室满五年唯一诚意出售,980万,63279元/平,低楼层 (共23层) | 2007年建 | 3室1厅 | 154.87平米 | 南 北,https://ke-image.ljcdn.com/110000-inspection/89caa8f3-2393-4e06-949d-b1e6d0e332a6_1000.jpg!m_fill,w_280,h_210,f_jpg?from=ke.com
20230427,丰台,大红门,101118177420,三环边近地铁8号线 双南两居全明格局 采光好无遮挡必看好房,289万,52110元/平,高楼层 (共6层) 2室1厅 | 55.46平米 | 南,https://ke-image.ljcdn.com/110000-inspection/4a47ef00-6b62-4342-a7d9-160cad908c23_1000.jpg!m_fill,w_280,h_210,f_jpg?from=ke.com
20230427,丰台,大红门,101118137303,建欣苑三里南北通透三居室不临街距离地铁600米必看好房,510万,57909元/平,底层 (共6层) 3室1厅 | 88.07平米 | 南 北,https://ke-image.ljcdn.com/110000-inspection/ff3dfc8a-6c01-4e8d-a1e7-9a5db2d6055e_1000.jpg!m_fill,w_280,h_210,f_jpg?from=ke.com
20230427,丰台,大红门,101118044024,海户屯正规三居室 明厅 中间楼层 采光好,442万,60416元/平,中楼层 (共6层) | 1990年建 | 3室1厅 | 73.16平米 | 南 北 西,https://ke-image.ljcdn.com/110000-inspection/40b3e6a9-3595-4045-9576-75b35dc5cfbd_1000.jpg!m_fill,w_280,h_210,f_jpg?from=ke.com
20230427,丰台,大红门,101117994810,海户屯小区全明格局南北两居室 客厅带西窗满五年必看好房,335万,58363元/平,低楼层 (共6层) 2室1厅 | 57.4平米 | 南 西 北,https://ke-image.ljcdn.com/110000-inspection/4cd48cc1-e612-440d-85eb-30c6640ab3ce_1000.jpg!m_fill,w_280,h_210,f_jpg?from=ke.com
20230427,丰台,大红门,101117975503,建欣苑六里 3室2厅 南 北必看好房,752万,61630元/平,低楼层 (共16层) | 2007年建 | 3室2厅 | 122.02平米 | 南 北,https://ke-image.ljcdn.com/110000-inspection/cdbf06d0-c200-4a8f-8baa-195a931a4b3c_1000.jpg!m_fill,w_280,h_210,f_jpg?from=ke.com
20230427,丰台,大红门,101117916866,8号线500米 大红门 带电梯楼龄新 满五唯一精装修两居必看好房,360万,49717元/平,中楼层 (共9层) | 2003年建 | 2室1厅 | 72.41平米 | 东 西,https://ke-image.ljcdn.com/110000-inspection/pc1_AysEmBUZ0_1.jpg!m_fill,w_280,h_210,f_jpg?from=ke.com
20230427,丰台,大红门,101117886023,大红门建欣苑四里东西向大客厅采光好两居室房主自荐,366万,53245元/平,高楼层 (共6层) | 2000年建 | 2室1厅 | 68.74平米 | 东 西,https://ke-image.ljcdn.com/110000-inspection/ab43fa12-7427-44ea-9e14-2ee45bd80a33_1000.jpg!m_fill,w_280,h_210,f_jpg?from=ke.com
20230427,丰台,大红门,101117694114,南中轴首都商务新区商品房南向一居室,326万,61942元/平,顶层 (共18层) | 2004年建 | 1室0厅 | 52.63平米 | 南,https://ke-image.ljcdn.com/110000-inspection/bba021b4-9639-4316-89ea-f042689e92c2_1000.jpg!m_fill,w_280,h_210,f_jpg?from=ke.com
20230427,丰台,大红门,101117621767,建欣苑四里业主诚心出售小区环境好交通方便必看好房,349万,51054元/平,低楼层 (共6层) | 1999年建 | 2室1厅 | 68.36平米 | 西北,https://ke-image.ljcdn.com/110000-inspection/e2241f9e-e752-4bbb-99b1-7b88b38e7e45_1000.jpg!m_fill,w_280,h_210,f_jpg?from=ke.com
20230427,丰台,大红门,101117566879,2010年商品房 人车分流 采光充足 没有浪费面积三居室房主自荐,708万,73574元/平,底层 (共15层) 3室1厅 | 96.23平米 | 西南,https://ke-image.ljcdn.com/110000-inspection/28cc2fd1-0cd2-49d2-b878-1cb11ce88f3f_1000.jpg!m_fill,w_280,h_210,f_jpg?from=ke.com
20230427,丰台,大红门,101117512862,珠江骏景中区 精装南向两居室透亮无遮挡,800万,67774元/平,中楼层 (共16层) 2室1厅 | 118.04平米 | 南,https://ke-image.ljcdn.com/110000-inspection/722c0e94-70d9-452d-98ed-c14eb41dc138_1000.jpg!m_fill,w_280,h_210,f_jpg?from=ke.com
20230427,丰台,大红门,101117297853,2017年小区  金胜嘉谊家园  高楼层通透三居,820万,63938元/平,高楼层 (共18层) 3室2厅 | 128.25平米 | 东 西,https://ke-image.ljcdn.com/110000-inspection/de12460e-e624-46ae-a998-f1840f9ab5ca_1000.jpg!m_fill,w_280,h_210,f_jpg?from=ke.com
20230427,丰台,大红门,101117164512,房子是正规的一室一厅的房子房子满五年唯一,428万,65244元/平,顶层 (共24层) | 2002年建 | 1室1厅 | 65.6平米 | 东 西 北,https://ke-image.ljcdn.com/110000-inspection/pc1_rWAsx1j3q_1.jpg!m_fill,w_280,h_210,f_jpg?from=ke.com
20230427,丰台,大红门,101117028468,珠江骏景中区正规两居室满五年唯一业主诚心出售。必看好房,565万,70723元/平,高楼层 (共24层) | 2002年建 | 2室1厅 | 79.89平米 | 北,https://ke-image.ljcdn.com/110000-inspection/3b8cc54e-91ee-4b2a-bf20-4950217de010_1000.jpg!m_fill,w_280,h_210,f_jpg?from=ke.com
20230427,丰台,大红门,101116999916,马家堡 大红门建欣苑四里 南北通透一居室 有钥匙,313万,54237元/平,高楼层 (共6层) 1室1厅 | 57.71平米 | 南 北,https://ke-image.ljcdn.com/110000-inspection/7576a82d-25d4-409b-9ef7-c64da974b12c_1000.jpg!m_fill,w_280,h_210,f_jpg?from=ke.com
20230427,丰台,大红门,101116524620,此房满五唯一商品房自住看房方便必看好房,565万,56365元/平,低楼层 (共15层) | 2007年建 | 2室1厅 | 100.24平米 | 北 南,https://ke-image.ljcdn.com/110000-inspection/fd3a2753-e95f-46d8-838c-6dcbb24b2f1e_1000.jpg!m_fill,w_280,h_210,f_jpg?from=ke.com
20230427,丰台,大红门,101115792653,通透三居通风效果好采光好视野开阔2017年建成必看好房,815万,63548元/平,低楼层 (共18层) 3室2厅 | 128.25平米 | 东 西,https://ke-image.ljcdn.com/110000-inspection/f03be992-c4f5-470a-8592-94bba432cb4b_1000.jpg!m_fill,w_280,h_210,f_jpg?from=ke.com
20230427,丰台,大红门,101115588379,满五年唯一住房小区中间短进深大面宽户型方正得房率好,1100万,83983元/平,中楼层 (共14层) | 2004年建 | 3室2厅 | 130.98平米 | 南 北,https://ke-image.ljcdn.com/110000-inspection/c9aa3383-d7e0-41f7-9cb8-acfe9c14a9e3_1000.jpg!m_fill,w_280,h_210,f_jpg?from=ke.com
20230427,丰台,大红门,101115155733,金胜嘉谊家园 南北通透楼层好视野开阔采光充足必看好房,1100万,70513元/平,高楼层 (共16层) 3室1厅 | 156平米 | 南 北,https://ke-image.ljcdn.com/110000-inspection/ffde829f-cf2f-4ee5-9e27-ee76db0ee182_1000.jpg!m_fill,w_280,h_210,f_jpg?from=ke.com
20230427,丰台,大红门,101115061596,珠江骏景南区 正规的南向正规一居室必看好房,452万,67182元/平,中楼层 (共13层) | 2006年建 | 1室1厅 | 67.28平米 | 南,https://ke-image.ljcdn.com/110000-inspection/pc1_zOKYBiuSq_2.jpg!m_fill,w_280,h_210,f_jpg?from=ke.com
20230427,丰台,大红门,101114019410,珠江骏景南区满五年唯一商品房 南向正规一居室采光好,495万,73574元/平,高楼层 (共13层) | 2006年建 | 1室1厅 | 67.28平米 | 南,https://ke-image.ljcdn.com/110000-inspection/70b150b1-0769-4656-aa97-f0fc3839e04e_1000.jpg!m_fill,w_280,h_210,f_jpg?from=ke.com
20230427,丰台,大红门,101113125795,金胜嘉谊家园 四环内次新房 热带雨林风格 诚心出售必看好房,828万,64562元/平,高楼层 (共18层) | 2015年建 | 3室2厅 | 128.25平米 | 东 西,https://ke-image.ljcdn.com/110000-inspection/pc1_uHd2mZbDq_1.jpg!m_fill,w_280,h_210,f_jpg?from=ke.com
20230427,丰台,大红门,101118557959,马家堡大红门远洋自然南北通透三居室必看好房,1090万,75470元/平,中楼层 (共10层) | 2006年建 | 3室2厅 | 144.43平米 | 南 北,https://ke-image.ljcdn.com/110000-inspection/782dbf43-3d54-4727-8a73-940f39dcfdd9_1000.jpg!m_fill,w_280,h_210,f_jpg?from=ke.com
20230427,丰台,大红门,101118501043,海户屯 南北两居 明厅 八号线 十号线 三环边必看好房,304万,55384元/平,高楼层 (共6层) 2室1厅 | 54.89平米 | 南 北,https://ke-image.ljcdn.com/110000-inspection/5b453819-2be2-41c0-abc8-368a8ac51eea_1000.jpg!m_fill,w_280,h_210,f_jpg?from=ke.com
20230427,丰台,大红门,101118482275,珠江骏景南区精装全南高楼层三居采光面大必看好房,1030万,73841元/平,高楼层 (共21层) | 2007年建 | 3室1厅 | 139.49平米 | 南,https://ke-image.ljcdn.com/110000-inspection/f7d93bf1-0992-4f28-83cb-b4cea218b7ca_1000.jpg!m_fill,w_280,h_210,f_jpg?from=ke.com
20230427,丰台,大红门,101118453115,临泓路6号院 带电梯 精装修一居室 满五唯一,357万,59411元/平,低楼层 (共16层) | 2006年建 | 1室1厅 | 60.09平米 | 东南,https://ke-image.ljcdn.com/110000-inspection/28ec3009-2038-428a-b4b0-feda17b04188_1000.jpg!m_fill,w_280,h_210,f_jpg?from=ke.com
20230427,丰台,大红门,101118439583,福海小区 满五年唯一 客厅大 不临街 诚心出售必看好房,529万,61313元/平,中楼层 (共14层) | 2004年建 | 2室1厅 | 86.28平米 | 西北,https://ke-image.ljcdn.com/110000-inspection/0e9a5e3e-019b-4942-b9ba-9f1b4ab5f2cf_1000.jpg!m_fill,w_280,h_210,f_jpg?from=ke.com
20230427,丰台,大红门,101118187908,马家堡东路 海上海花园 南北通透双阳台两居室房主自荐,653万,75527元/平,中楼层 (共15层) 2室1厅 | 86.46平米 | 南 北,https://ke-image.ljcdn.com/110000-inspection/pc1_qXQXQWGwp_1.jpg!m_fill,w_280,h_210,f_jpg?from=ke.com
20230427,丰台,大红门,101118157512,金胜嘉谊家园 2018年小区 视野好必看好房,686万,70722元/平,顶层 (共16层) | 2015年建 | 2室1厅 | 97平米 | 西 东,https://ke-image.ljcdn.com/110000-inspection/pc1_ryZvlTl5V_1.jpg!m_fill,w_280,h_210,f_jpg?from=ke.com
20230427,丰台,大红门,101118135341,珠江骏景北区 2004年商品房 8号线地地铁海户屯站口必看好房,455万,64302元/平,高楼层 (共18层) 1室1厅 | 70.76平米 | 北,https://ke-image.ljcdn.com/110000-inspection/30b5f341-7df1-467b-9277-b8aadd3d51c3_1000.jpg!m_fill,w_280,h_210,f_jpg?from=ke.com
20230427,丰台,大红门,101117899015,首都商务新区全南大三居大弧形落地飘窗采光充足,1050万,59353元/平,低楼层 (共24层) 3室1厅 | 176.91平米 | 东南,https://ke-image.ljcdn.com/110000-inspection/807460d2-8fbd-48ce-b7a4-ca844114131b_1000.jpg!m_fill,w_280,h_210,f_jpg?from=ke.com
20230427,丰台,大红门,101117651031,珠江骏景北区  视野采光好离电梯远无噪音小户型必看好房,272万,53734元/平,顶层 (共24层) | 2004年建 | 1室1厅 | 50.62平米 | 北,https://ke-image.ljcdn.com/110000-inspection/3c7cacca-9692-4d84-bc57-d7e1adfbcb49_1000.jpg!m_fill,w_280,h_210,f_jpg?from=ke.com
20230427,丰台,大红门,101117485821,永外海户屯南北通透小区安静人车分流必看好房,298万,53310元/平,底层 (共6层) | 1990年建 | 2室1厅 | 55.9平米 | 南 北,https://ke-image.ljcdn.com/110000-inspection/491c1414-729f-4305-a6db-3ffe8a9572fe_1000.jpg!m_fill,w_280,h_210,f_jpg?from=ke.com
20230427,丰台,大红门,101117277966,南三环 木樨园 大红门 珠江骏景北区 双卫 复式必看好房,380万,61350元/平,高楼层 (共24层) | 2005年建 | 1室1厅 | 61.94平米 | 北,https://ke-image.ljcdn.com/110000-inspection/pc1_OkwRiBH69_2.jpg!m_fill,w_280,h_210,f_jpg?from=ke.com
20230427,丰台,大红门,101118996096,金胜嘉谊家园 3室1厅 东 西新上,798万,62252元/平,低楼层 (共18层) 3室1厅 | 128.19平米 | 东 西,https://ke-image.ljcdn.com/110000-inspection/pc1_Ma9UTQ6L1_1.jpg!m_fill,w_280,h_210,f_jpg?from=ke.com
20230427,丰台,大红门,101118984731,大红门建欣苑四里南向正规一居室视野好新上,338万,52477元/平,顶层 (共6层) | 1999年建 | 1室1厅 | 64.41平米 | 南,https://ke-image.ljcdn.com/110000-inspection/61ac76cc-496b-4ecf-bde3-7f66035c0761_1000.jpg!m_fill,w_280,h_210,f_jpg?from=ke.com
20230427,丰台,大红门,101118984406,海户屯 1室1厅 东北新上,225万,66588元/平,顶层 (共6层) | 1990年建 | 1室1厅 | 33.79平米 | 东北,https://ke-image.ljcdn.com/110000-inspection/2ce223ad-f1dc-4e6a-a8c1-8b4e625c69e3_1000.jpg!m_fill,w_280,h_210,f_jpg?from=ke.com
20230427,丰台,大红门,101118979414,福海小区 满五年唯一 客厅大 不临街 诚心出售新上,528万,61197元/平,中楼层 (共14层) 2室1厅 | 86.28平米 | 西 北,https://ke-image.ljcdn.com/110000-inspection/pc1_ZU7r2oQtn_2.jpg!m_fill,w_280,h_210,f_jpg?from=ke.com
20230427,丰台,大红门,101118921280,8+10号线 满五唯一商品房 采光充足 看房方便新上,398万,57849元/平,低楼层 (共6层) 2室1厅 | 68.8平米 | 南 北,https://ke-image.ljcdn.com/110000-inspection/pc1_LJVVj57XC_1.jpg!m_fill,w_280,h_210,f_jpg?from=ke.com
20230427,丰台,大红门,101118891670,精装修 采光无遮挡 近地铁10号线 南北通透 业主诚售,610万,71063元/平,高楼层 (共14层) 2室2厅 | 85.84平米 | 南 北,https://ke-image.ljcdn.com/110000-inspection/pc1_CGaNpfR7B_2.jpg!m_fill,w_280,h_210,f_jpg?from=ke.com
20230427,丰台,大红门,101118874307,马家堡东路108号院 远洋自然 正规三居室 一层带院,1050万,69546元/平,底层 (共13层) | 2006年建 | 3室2厅 | 150.98平米 | 南 北,https://ke-image.ljcdn.com/110000-inspection/a65468f8-1866-4b79-9f60-c478224e598e_1000.jpg!m_fill,w_280,h_210,f_jpg?from=ke.com
20230427,丰台,大红门,101118869664,远洋自然 3室2厅 南 北,998万,72037元/平,中楼层 (共18层) 3室2厅 | 138.54平米 | 南 北,https://ke-image.ljcdn.com/110000-inspection/pc1_jrtCoSW5b_1.jpg!m_fill,w_280,h_210,f_jpg?from=ke.com
20230427,丰台,大红门,101118830429,上海建筑  南北通透  精装修,918万,80091元/平,底层 (共11层) | 2010年建 | 2室1厅 | 114.62平米 | 南 北,https://ke-image.ljcdn.com/110000-inspection/2bcf8f40-1216-4f68-9506-a1a1a20d9d23_1000.jpg!m_fill,w_280,h_210,f_jpg?from=ke.com
20230427,丰台,大红门,101118828469,大红门建欣苑四里正规一居室无遮挡西北朝向下午采光好,265万,61873元/平,中楼层 (共6层) | 1999年建 | 1室1厅 | 42.83平米 | 西北,https://ke-image.ljcdn.com/110000-inspection/1631d1ed-1ac9-41c8-8258-cc0f617b96fc_1000.jpg!m_fill,w_280,h_210,f_jpg?from=ke.com
20230427,丰台,大红门,101118823346,2010年小区 上海建筑人车分流 双阳台两居室,658万,75921元/平,低楼层 (共15层) 2室1厅 | 86.67平米 | 南 北,https://ke-image.ljcdn.com/110000-inspection/40e6acd8-fcc3-4792-839a-34bbf5050ca8_1000.jpg!m_fill,w_280,h_210,f_jpg?from=ke.com
20230427,丰台,大红门,101118801505,八号线 十号线 地铁 海户屯 南北通透两居 满五唯一,360万,62938元/平,中楼层 (共6层) 2室1厅 | 57.2平米 | 南 北,https://ke-image.ljcdn.com/110000-inspection/17e1e0a8-2208-41de-8ebb-93804f9e1b9b_1000.jpg!m_fill,w_280,h_210,f_jpg?from=ke.com
20230427,丰台,大红门,101118790985,南三环 8号线海户屯 朝花园 珠江骏景中区 精装三居,1045万,68611元/平,中楼层 (共24层) 3室1厅 | 152.31平米 | 西南,https://ke-image.ljcdn.com/110000-inspection/82eba12c-6866-4311-b3d7-d1cb93fdcd96_1000.jpg!m_fill,w_280,h_210,f_jpg?from=ke.com
20230427,丰台,大红门,101118781351,珠江骏景中区  精装两居楼层高  交易相当于满五唯一,720万,66797元/平,高楼层 (共11层) | 2002年建 | 2室2厅 | 107.79平米 | 西南,https://ke-image.ljcdn.com/110000-inspection/42b3383d-a5fc-4750-a678-d8ad3523f572_1000.jpg!m_fill,w_280,h_210,f_jpg?from=ke.com
20230427,丰台,大红门,101118778539,南三环 大红门 珠江骏景中区 东南大三居,1200万,67832元/平,中楼层 (共24层) | 2002年建 | 3室2厅 | 176.91平米 | 东南,https://ke-image.ljcdn.com/110000-inspection/3e01de40-e892-4639-8ea1-44cfc0b85af4_1000.jpg!m_fill,w_280,h_210,f_jpg?from=ke.com
20230427,丰台,大红门,101118777836,大红门建欣苑四里 双地铁 南北通透户型好 看房方便,378万,57351元/平,高楼层 (共6层) 2室1厅 | 65.91平米 | 南 北,https://ke-image.ljcdn.com/110000-inspection/9b7843fe-83a7-49db-b5b7-614ee3d65efd_1000.jpg!m_fill,w_280,h_210,f_jpg?from=ke.com
20230427,丰台,大红门,101118751619,首都商务新区一层带院改善大三居 8号线,980万,70256元/平,底层 (共21层) | 2007年建 | 3室1厅 | 139.49平米 | 南,https://ke-image.ljcdn.com/110000-inspection/bfd0b700-6a16-4c47-986d-9bea166fb389_1000.jpg!m_fill,w_280,h_210,f_jpg?from=ke.com
20230427,丰台,大红门,101118724295,大红门建欣苑四里精装修东西北带飘窗经典一居,279万,59111元/平,低楼层 (共6层) | 1997年建 | 1室1厅 | 47.2平米 | 东 西 北,https://ke-image.ljcdn.com/110000-inspection/ad3ac345-e4eb-4ea3-8232-dce7c580635c_1000.jpg!m_fill,w_280,h_210,f_jpg?from=ke.com
20230427,丰台,大红门,101118715958,珠江骏景中区 3室1厅 南,1150万,75504元/平,高楼层 (共24层) | 2002年建 | 3室1厅 | 152.31平米 | 南,https://ke-image.ljcdn.com/110000-inspection/437e0059-57b1-4404-a286-bd25aeab3ddd_1000.jpg!m_fill,w_280,h_210,f_jpg?from=ke.com
20230427,丰台,大红门,101118691190,远洋自然 3室2厅 南 北,1000万,73009元/平,低楼层 (共13层) | 2006年建 | 3室2厅 | 136.97平米 | 南 北,https://ke-image.ljcdn.com/110000-inspection/pc1_vfzM0kxcu_2.jpg!m_fill,w_280,h_210,f_jpg?from=ke.com
20230427,丰台,大红门,101118678264,上海建筑 精装修 三居室 楼龄新 环境好 人车分流,700万,73047元/平,底层 (共15层) 3室1厅 | 95.83平米 | 东南,https://ke-image.ljcdn.com/110000-inspection/pc1_Py5ogupbp_1.jpg!m_fill,w_280,h_210,f_jpg?from=ke.com
20230427,丰台,大红门,101118643879,果园小区 1室1厅 东南,300万,62631元/平,中楼层 (共18层) | 1987年建 | 1室1厅 | 47.9平米 | 东南,https://ke-image.ljcdn.com/110000-inspection/pc1_X2fuxrK8E_1.jpg!m_fill,w_280,h_210,f_jpg?from=ke.com
20230427,丰台,大红门,101118640294,临泓路6号院 地铁10号和8号 商品房 满五唯一 采光好房主自荐,460万,59309元/平,中楼层 (共16层) 2室1厅 | 77.56平米 | 东,https://ke-image.ljcdn.com/110000-inspection/fa51590d-249c-4ae6-b168-905cd13840e2_1000.jpg!m_fill,w_280,h_210,f_jpg?from=ke.com
20230427,丰台,大红门,101118622175,马家堡东路168号 南北通透两居室 楼层高 视野开阔,660万,76292元/平,高楼层 (共15层) 2室1厅 | 86.51平米 | 南 北,https://ke-image.ljcdn.com/110000-inspection/pc1_AAHB8Ovm8_2.jpg!m_fill,w_280,h_210,f_jpg?from=ke.com
20230427,丰台,大红门,101118621073,角门 洋桥 福海小区 交通便利 诚心卖,820万,55882元/平,中楼层 (共16层) 3室2厅 | 146.74平米 | 东南,https://ke-image.ljcdn.com/110000-inspection/3b0a96f2-c492-4288-8415-8f502888b053_1000.jpg!m_fill,w_280,h_210,f_jpg?from=ke.com
20230427,丰台,大红门,101118620818,上海建筑 2室1厅 西北,615万,70367元/平,顶层 (共15层) | 2010年建 | 2室1厅 | 87.4平米 | 西北,https://ke-image.ljcdn.com/110000-inspection/pc1_T7sRXQTtE_1.jpg!m_fill,w_280,h_210,f_jpg?from=ke.com
20230427,丰台,大红门,101118614883,马家堡角门大红门三居室阳光充足人车分流商品房,936万,71593元/平,低楼层 (共10层) | 2010年建 | 3室1厅 | 130.74平米 | 东南 北,https://ke-image.ljcdn.com/110000-inspection/pc1_833sCARc6_1.jpg!m_fill,w_280,h_210,f_jpg?from=ke.com
20230427,丰台,大红门,101118592378,双地铁 中间楼层 满五年唯一两居室 看房方便,530万,64407元/平,中楼层 (共6层) | 2000年建 | 2室1厅 | 82.29平米 | 南 北,https://ke-image.ljcdn.com/110000-inspection/1a63dc35-5670-4fb8-95ee-4a0565996715_1000.jpg!m_fill,w_280,h_210,f_jpg?from=ke.com
20230427,丰台,大红门,101118590597,金胜嘉谊家园 3室2厅 东 西,1000万,77973元/平,底层 (共18层) 3室2厅 | 128.25平米 | 东 西,https://ke-image.ljcdn.com/110000-inspection/637c9a42-b3e7-4450-9ece-901707bc1d8f_1000.jpg!m_fill,w_280,h_210,f_jpg?from=ke.com
20230427,丰台,大红门,101118578195,远洋自然通透两居室装修好无遮挡,683万,68844元/平,高楼层 (共15层) | 2007年建 | 2室2厅 | 99.21平米 | 东 西,https://ke-image.ljcdn.com/110000-inspection/046db30e-1107-40e3-a8b7-c2885506fc11_1000.jpg!m_fill,w_280,h_210,f_jpg?from=ke.com
20230427,丰台,大红门,101118571865,鑫宝苑 满五唯一 中高楼层 电梯板楼,750万,63095元/平,中楼层 (共14层) | 2002年建 | 3室2厅 | 118.87平米 | 南 北,https://ke-image.ljcdn.com/110000-inspection/pc1_D56hDvq1p_2.jpg!m_fill,w_280,h_210,f_jpg?from=ke.com
20230427,丰台,大红门,101118569696,珠江中区全南三居室高楼层视野宽广采光充足,1058万,69464元/平,顶层 (共24层) | 2002年建 | 3室2厅 | 152.31平米 | 西南,https://ke-image.ljcdn.com/110000-inspection/bd7e9735-737c-4256-9f54-8e12f67d7fa5_1000.jpg!m_fill,w_280,h_210,f_jpg?from=ke.com
20230427,丰台,大红门,101118558161,上海建筑 精装修 西北朝向 两居室,610万,69795元/平,高楼层 (共15层) 2室1厅 | 87.4平米 | 西北,https://ke-image.ljcdn.com/110000-inspection/pc1_CQ2fCFGOF_1.jpg!m_fill,w_280,h_210,f_jpg?from=ke.com
20230427,丰台,大红门,101118558004,马家堡 大红门建欣苑三里 南北通透正规双卫三居室,666万,56643元/平,中楼层 (共6层) | 2002年建 | 3室2厅 | 117.58平米 | 南 北,https://ke-image.ljcdn.com/110000-inspection/4d97f71d-a5e7-46df-859c-811954d70c9e_1000.jpg!m_fill,w_280,h_210,f_jpg?from=ke.com
20230427,丰台,大红门,101118548545,珠江骏景北区 地铁8号线 2004年商品房 全南朝向房主自荐,350万,64791元/平,高楼层 (共18层) 1室1厅 | 54.02平米 | 南,https://ke-image.ljcdn.com/110000-inspection/c89981bc-bc2d-4a94-b40d-624909b41ed6_1000.jpg!m_fill,w_280,h_210,f_jpg?from=ke.com
20230427,丰台,大红门,101118546683,三环珠江骏景南向开间中间楼层采光好,355万,69910元/平,中楼层 (共18层) | 2004年建 | 1室0厅 | 50.78平米 | 南,https://ke-image.ljcdn.com/110000-inspection/226c6095-e0bf-42c6-b8ed-91804e98b3b9_1000.jpg!m_fill,w_280,h_210,f_jpg?from=ke.com
20230427,丰台,大红门,101118545246,珠江骏景南区 户型方正 满五唯一 地铁近,355万,63123元/平,低楼层 (共20层) | 2007年建 | 1室0厅 | 56.24平米 | 北,https://ke-image.ljcdn.com/110000-inspection/31ba4ff2-7183-4b9d-9285-d636c1fb95a5_1000.jpg!m_fill,w_280,h_210,f_jpg?from=ke.com
20230427,丰台,大红门,101118545157,南三环 大红门 珠江骏景北区 朝花园 双卫两居,790万,73805元/平,低楼层 (共18层) 2室1厅 | 107.04平米 | 东南,https://ke-image.ljcdn.com/110000-inspection/d4e58d8f-abe6-4289-b567-da191c684072_1000.jpg!m_fill,w_280,h_210,f_jpg?from=ke.com
20230427,丰台,大红门,101118544010,大红门 建欣苑三里 南北通透 大客厅 满五年唯一房主自荐,445万,49922元/平,顶层 (共6层) 2室1厅 | 89.14平米 | 南 北,https://ke-image.ljcdn.com/110000-inspection/f1e684bb-f26c-4dd0-b6fb-b61fe48a6d23_1000.jpg!m_fill,w_280,h_210,f_jpg?from=ke.com
20230427,丰台,大红门,101118507461,大红门苗圃西里南北通透业主诚心出售,335万,60036元/平,底层 (共6层) | 1980年建 | 2室1厅 | 55.8平米 | 南 北,https://ke-image.ljcdn.com/110000-inspection/62da8a18-ae65-4eef-b479-299ae851f499_1000.jpg!m_fill,w_280,h_210,f_jpg?from=ke.com
20230427,丰台,大红门,101118506127,珠江骏景中区 3室2厅 南 北,925万,68948元/平,中楼层 (共14层) 3室2厅 | 134.16平米 | 南 北,https://ke-image.ljcdn.com/110000-inspection/8a18d758-a956-477d-8fc9-7647cbe302cb_1000.jpg!m_fill,w_280,h_210,f_jpg?from=ke.com
20230427,丰台,大红门,101118489840,珠江骏景北区南北通透落地阳台采光方正户型,1270万,77738元/平,中楼层 (共14层) | 2004年建 | 3室2厅 | 163.37平米 | 南 北,https://ke-image.ljcdn.com/110000-inspection/9294a94b-eafb-4e96-a739-c64a7ff42f5a_1000.jpg!m_fill,w_280,h_210,f_jpg?from=ke.com
20230427,丰台,大红门,101118472299,马家堡 上海建筑 高楼层无遮挡,600万,73938元/平,高楼层 (共15层) 2室1厅 | 81.15平米 | 东北,https://ke-image.ljcdn.com/110000-inspection/pc1_Wd41Mtzwv_1.jpg!m_fill,w_280,h_210,f_jpg?from=ke.com
20230427,丰台,大红门,101118469753,海户屯南北通透两居室采光好业主诚意卖房主自荐,299万,52091元/平,顶层 (共6层) 2室1厅 | 57.4平米 | 南 北,https://ke-image.ljcdn.com/110000-inspection/248e47c4-a3fa-4788-bb7e-b97f9d5f598a_1000.jpg!m_fill,w_280,h_210,f_jpg?from=ke.com
20230427,丰台,大红门,101118467892,骏景园中区  落地阳台主朝东采光好,848万,75539元/平,中楼层 (共16层) 2室2厅 | 112.26平米 | 东 北,https://ke-image.ljcdn.com/110000-inspection/d94cc70e-c808-4ec0-897f-720ec5afe083_1000.jpg!m_fill,w_280,h_210,f_jpg?from=ke.com
20230427,丰台,大红门,101118467178,珠江骏景南区 东南向 户型方正 正规2居 无遮挡,699.9万,71940元/平,低楼层 (共13层) | 2006年建 | 2室1厅 | 97.29平米 | 东南,https://ke-image.ljcdn.com/110000-inspection/a2a264c0-8917-4dd0-ad23-7a3e5b5368c8_1000.jpg!m_fill,w_280,h_210,f_jpg?from=ke.com
20230427,丰台,大红门,101118466540,珠江骏景北区正规一室一厅全明格局满五年唯一,480万,65907元/平,中楼层 (共24层) | 2004年建 | 1室1厅 | 72.83平米 | 西 北,https://ke-image.ljcdn.com/110000-inspection/1c7391e5-fb4c-487c-b554-44d27f35ae35_1000.jpg!m_fill,w_280,h_210,f_jpg?from=ke.com
20230427,丰台,大红门,101118456554,角门 福海小区 精装一居 满五唯一 近地铁 看房方便,448万,59401元/平,中楼层 (共14层) | 2004年建 | 1室1厅 | 75.42平米 | 东北,https://ke-image.ljcdn.com/110000-inspection/5e858f77-b703-4b11-9f41-aa3e5b66814f_1000.jpg!m_fill,w_280,h_210,f_jpg?from=ke.com
20230427,丰台,大红门,101118369082,三环边珠江骏景南区商品房有电梯方正一居；,370万,65884元/平,高楼层 (共23层) | 2007年建 | 1室0厅 | 56.16平米 | 北,https://ke-image.ljcdn.com/110000-inspection/8cbc2893-94ff-4eb3-918c-85cdeb35bd52_1000.jpg!m_fill,w_280,h_210,f_jpg?from=ke.com
20230427,丰台,大红门,101118350084,珠江骏景中区 南向三居 精装修 对花园 无遮挡 采光好,1100万,73153元/平,中楼层 (共24层) | 2002年建 | 3室1厅 | 150.37平米 | 南,https://ke-image.ljcdn.com/110000-inspection/e3f99acf-8ca7-41d6-ae64-c2dc18a51e38_1000.jpg!m_fill,w_280,h_210,f_jpg?from=ke.com
20230427,丰台,大红门,101118340967,2018年小区环境好品质高户型方正适宜居家。,730万,73463元/平,低楼层 (共17层) 2室1厅 | 99.37平米 | 西南,https://ke-image.ljcdn.com/110000-inspection/3e0e8198-c1d2-4d73-9fc6-8e0a025cd6bc_1000.jpg!m_fill,w_280,h_210,f_jpg?from=ke.com
20230427,丰台,大红门,101118337744,八号线 海户屯地铁站 南北小两居 低楼层,259万,53880元/平,地下室 (共6层) | 1990年建 | 2室1厅 | 48.07平米 | 南 北,https://ke-image.ljcdn.com/110000-inspection/f555fb04-3f1d-48e0-bdf2-d76c265fe479_1000.jpg!m_fill,w_280,h_210,f_jpg?from=ke.com
20230427,丰台,大红门,101118334172,大红门 建欣苑四里 明厅两居室 东西通透,360万,53027元/平,顶层 (共6层) | 1999年建 | 2室1厅 | 67.89平米 | 东 西,https://ke-image.ljcdn.com/110000-inspection/0e234eda-ab78-458f-a9ea-bb20554dc098_1000.jpg!m_fill,w_280,h_210,f_jpg?from=ke.com
20230427,丰台,大红门,101118318515,大红门 8/10号线 建欣苑四里 东西通透两居室,349万,49893元/平,高楼层 (共6层) | 1999年建 | 2室1厅 | 69.95平米 | 东 西,https://ke-image.ljcdn.com/110000-inspection/fb030429-92ee-4b6d-991e-59a5d49e3087_1000.jpg!m_fill,w_280,h_210,f_jpg?from=ke.com
20230427,丰台,大红门,101118312699,三环边 珠江骏景 南北双卫大三居 人车分流 两梯四户房主自荐,919万,68562元/平,中楼层 (共14层) 3室1厅 | 134.04平米 | 南 北,https://ke-image.ljcdn.com/110000-inspection/pc1_OKN5N4UWN_1.jpg!m_fill,w_280,h_210,f_jpg?from=ke.com
20230427,丰台,大红门,101118303796,建欣苑三里业主诚心出售看房方便小区环境好采光好房主自荐,450万,53035元/平,顶层 (共6层) | 1997年建 | 3室1厅 | 84.85平米 | 东 西,https://ke-image.ljcdn.com/110000-inspection/35b0057d-cc3b-497a-87b4-f056b3b8bd81_1000.jpg!m_fill,w_280,h_210,f_jpg?from=ke.com
20230427,丰台,大红门,101118302149,南三环/8号线南北通透两居室楼层好采光充足,335万,56143元/平,低楼层 (共6层) 2室1厅 | 59.67平米 | 南 北,https://ke-image.ljcdn.com/110000-inspection/d30fffaa-cfa5-469d-8b73-9c9b4685f5a8_1000.jpg!m_fill,w_280,h_210,f_jpg?from=ke.com
20230427,丰台,大红门,101118263423,珠江骏景中区 大红门 朝花园 双卫房主自荐,970万,59190元/平,中楼层 (共11层) | 2002年建 | 3室2厅 | 163.88平米 | 东南,https://ke-image.ljcdn.com/110000-inspection/f34dc39b-09d6-4b7c-9044-9d5cb2a66073_1000.jpg!m_fill,w_280,h_210,f_jpg?from=ke.com
20230427,丰台,大红门,101118263350,大红门 洋桥 有地铁 大超市 南北通透 精装修,755万,70799元/平,低楼层 (共18层) | 2007年建 | 2室1厅 | 106.64平米 | 南 北,https://ke-image.ljcdn.com/110000-inspection/9aadc08b-5fda-43bb-9cd2-6fd8b72975a9_1000.jpg!m_fill,w_280,h_210,f_jpg?from=ke.com
20230427,丰台,大红门,101118263289,珠江骏景中区南北两居 高层视野开阔 采光充足,767万,76349元/平,顶层 (共24层) | 2002年建 | 2室1厅 | 100.46平米 | 南 北,https://ke-image.ljcdn.com/110000-inspection/f6309208-57bb-48c3-be21-56d65399239d_1000.jpg!m_fill,w_280,h_210,f_jpg?from=ke.com
20230427,丰台,大红门,101118257716,建欣苑四里南北通透户型方正看房方便业主诚心出售房主自荐,450万,61873元/平,高楼层 (共6层) | 2004年建 | 2室1厅 | 72.73平米 | 南 北,https://ke-image.ljcdn.com/110000-inspection/fb9365f4-1992-4038-aabb-92920c35e494_1000.jpg!m_fill,w_280,h_210,f_jpg?from=ke.com
20230427,丰台,大红门,101118254717,建欣苑四里满五年房改房随时看房距地铁470米,489万,51071元/平,中楼层 (共6层) | 1997年建 | 3室1厅 | 95.75平米 | 南 北,https://ke-image.ljcdn.com/110000-inspection/de9f77ee-d4fa-40a5-9fda-b64f91db0891_1000.jpg!m_fill,w_280,h_210,f_jpg?from=ke.com
20230427,丰台,大红门,101118250374,10/8号线 大红门 建欣苑四里 南北两居室,428万,63286元/平,低楼层 (共6层) | 1999年建 | 2室1厅 | 67.63平米 | 南 北,https://ke-image.ljcdn.com/110000-inspection/7a7cf4ce-1e37-48c1-b369-98b632975685_1000.jpg!m_fill,w_280,h_210,f_jpg?from=ke.com
20230427,丰台,大红门,101118249939,三环边果园小区户型方正三居中高楼层视野好,435万,48767元/平,高楼层 (共18层) | 1990年建 | 3室1厅 | 89.2平米 | 南 东北,https://ke-image.ljcdn.com/110000-inspection/c5e62118-32f7-427c-8d4e-9abec2cfc4c6_1000.jpg!m_fill,w_280,h_210,f_jpg?from=ke.com
20230427,丰台,大红门,101118247542,建苑四里新上 全明两居室 中楼层 满五唯一商品房,383万,59966元/平,中楼层 (共6层) 2室1厅 | 63.87平米 | 西南,https://ke-image.ljcdn.com/110000-inspection/65da600d-871d-42bd-a15e-2f2be727ea8f_1000.jpg!m_fill,w_280,h_210,f_jpg?from=ke.com
20230427,丰台,大红门,101118236681,大红门建欣苑四里 双地铁 南北通透 精装婚房 无遮挡,356万,53032元/平,顶层 (共6层) 2室1厅 | 67.13平米 | 南 北,https://ke-image.ljcdn.com/110000-inspection/cf3412f6-be97-4c7f-9daf-596895140679_1000.jpg!m_fill,w_280,h_210,f_jpg?from=ke.com
20230427,丰台,大红门,101118203403,上海建筑 双卫两居 南北通透 精装修 满五唯一,865万,72120元/平,底层 (共15层) 2室2厅 | 119.94平米 | 南 北,https://ke-image.ljcdn.com/110000-inspection/5bbac685-e7da-4f7b-87bb-870d4e5d01f4_1000.jpg!m_fill,w_280,h_210,f_jpg?from=ke.com
20230427,丰台,大红门,101118201615,珠江骏景北区 高楼层视野好随时可看,295万,57360元/平,高楼层 (共24层) | 2004年建 | 1室0厅 | 51.43平米 | 北,https://ke-image.ljcdn.com/110000-inspection/3792bc5d-88df-45fc-858e-2b9a50bb5b70_1000.jpg!m_fill,w_280,h_210,f_jpg?from=ke.com
20230427,丰台,大红门,101118196686,珠江骏景北区正规东南一居室 满五年唯一 采光视野好,490万,79961元/平,高楼层 (共10层) | 2004年建 | 1室1厅 | 61.28平米 | 南 西,https://ke-image.ljcdn.com/110000-inspection/38fe2844-28a3-4843-9ebb-a6de5cd1e249_1000.jpg!m_fill,w_280,h_210,f_jpg?from=ke.com
20230427,丰台,大红门,101118192657,满五唯一商品房人车分流南北通透双阳台楼层好。,808万,79341元/平,高楼层 (共11层) 2室2厅 | 101.84平米 | 南 北,https://ke-image.ljcdn.com/110000-inspection/pc1_jD9tfbpZn.jpg!m_fill,w_280,h_210,f_jpg?from=ke.com
20230427,丰台,大红门,101118168135,福海小区满五年唯一户型方正正规一居室,459万,60860元/平,高楼层 (共14层) 1室1厅 | 75.42平米 | 东北,https://ke-image.ljcdn.com/110000-inspection/pc1_8vZcOqAQ5_1.jpg!m_fill,w_280,h_210,f_jpg?from=ke.com
20230427,丰台,大红门,101118155597,大红门建欣苑六里带电梯精装两居房主自荐,550万,60996元/平,中楼层 (共15层) | 2007年建 | 2室1厅 | 90.17平米 | 东南,https://ke-image.ljcdn.com/110000-inspection/bdcda2e3-3bf1-4e98-be2a-86a2308fce22_1000.jpg!m_fill,w_280,h_210,f_jpg?from=ke.com
20230427,丰台,大红门,101118148932,海上海花园    西南向三居室   户型方正,740万,76916元/平,高楼层 (共15层) 3室1厅 | 96.21平米 | 西南,https://ke-image.ljcdn.com/110000-inspection/c62bf8cc-a70e-4981-bfed-f7ab4afb5e18_1000.jpg!m_fill,w_280,h_210,f_jpg?from=ke.com
20230427,丰台,大红门,101118134039,大红门建欣苑四里南北通透低楼层采光好两居室,382万,52581元/平,底层 (共6层) | 1997年建 | 2室1厅 | 72.65平米 | 南 北,https://ke-image.ljcdn.com/110000-inspection/130b9fb6-1304-48fc-9e61-23f2ecc90bba_1000.jpg!m_fill,w_280,h_210,f_jpg?from=ke.com
20230427,丰台,大红门,101118129096,10号线&8号线 南中轴 自住明厅南北两居室 户型好房主自荐,339万,50500元/平,顶层 (共6层) | 1998年建 | 2室1厅 | 67.13平米 | 南 北,https://ke-image.ljcdn.com/110000-inspection/7ed00115-3cb7-4fbe-9028-995fac6e19a5_1000.jpg!m_fill,w_280,h_210,f_jpg?from=ke.com
20230427,丰台,大红门,101118128488,永外海户屯 南向一居室月底租户到期可以随时签约,290万,68705元/平,中楼层 (共6层) | 1990年建 | 1室1厅 | 42.21平米 | 南,https://ke-image.ljcdn.com/110000-inspection/9744fa8d-ad01-49cc-b6bf-513d6a9b315d_1000.jpg!m_fill,w_280,h_210,f_jpg?from=ke.com
20230427,丰台,大红门,101118116226,珠江骏景中区南向三居室满五唯一业主诚心出售,999万,66437元/平,顶层 (共24层) | 2002年建 | 3室1厅 | 150.37平米 | 南,https://ke-image.ljcdn.com/110000-inspection/dbda1ecf-9413-4332-a329-4b15c274b66a_1000.jpg!m_fill,w_280,h_210,f_jpg?from=ke.com
20230427,丰台,大红门,101118106418,珠江骏景南区正规一室一厅满五年唯一房东诚心出售,508万,69088元/平,低楼层 (共14层) | 2007年建 | 1室1厅 | 73.53平米 | 西,https://ke-image.ljcdn.com/110000-inspection/8abc0422-4316-40f5-a753-382bd399dc93_1000.jpg!m_fill,w_280,h_210,f_jpg?from=ke.com
20230427,丰台,大红门,101118095901,建欣苑四里有装修看房方便业主诚心出售产权清晰,270万,57168元/平,低楼层 (共6层) 1室1厅 | 47.23平米 | 东 西,https://ke-image.ljcdn.com/110000-inspection/1180b7a5-023c-4386-8771-57bed1f00e01_1000.jpg!m_fill,w_280,h_210,f_jpg?from=ke.com
20230427,丰台,大红门,101118090401,马家堡东路  海上海花园 两居室,675万,65880元/平,高楼层 (共15层) 2室1厅 | 102.46平米 | 南,https://ke-image.ljcdn.com/110000-inspection/23beb1ad-b302-4c84-ac7a-e498474a618b_1000.jpg!m_fill,w_280,h_210,f_jpg?from=ke.com
20230427,丰台,大红门,101118080895,珠江骏景北区 南向无遮挡一居 高层带飘窗阳台 费用少,353万,69516元/平,高楼层 (共18层) 1室0厅 | 50.78平米 | 南,https://ke-image.ljcdn.com/110000-inspection/2de45149-6ffd-4cc7-b34e-d84f522690fb_1000.jpg!m_fill,w_280,h_210,f_jpg?from=ke.com
20230427,丰台,大红门,101118075489,远洋自然 3室2厅 南 北,1088万,79498元/平,底层 (共10层) 3室2厅 | 136.86平米 | 南 北,https://ke-image.ljcdn.com/110000-inspection/e1f357f5-da2d-4d02-920c-2d36aaf2d579_1000.jpg!m_fill,w_280,h_210,f_jpg?from=ke.com
20230427,丰台,大红门,101118065324,南三环 大红门 珠江骏景中区 精装修 拐角窗,499万,76068元/平,中楼层 (共24层) 1室1厅 | 65.6平米 | 西北,https://ke-image.ljcdn.com/110000-inspection/b044d20d-ce73-4f44-8a23-2632a85f8f8b_1000.jpg!m_fill,w_280,h_210,f_jpg?from=ke.com
20230427,丰台,大红门,101118063459,大红门 角门 建欣苑一里 东南向 近地铁 交通便利,399万,57098元/平,中楼层 (共7层) | 2002年建 | 2室1厅 | 69.88平米 | 东南,https://ke-image.ljcdn.com/110000-inspection/pc1_vS0gIeIh1_1.jpg!m_fill,w_280,h_210,f_jpg?from=ke.com
20230427,丰台,大红门,101118061764,海上海花园   西北两居室  精装修,615万,69156元/平,高楼层 (共15层) 2室1厅 | 88.93平米 | 西北,https://ke-image.ljcdn.com/110000-inspection/pc1_w6qOjojwa_1.jpg!m_fill,w_280,h_210,f_jpg?from=ke.com
20230427,丰台,大红门,101118050612,马家堡 上海建筑 满五年唯一 2010年商品房 人车分流,615万,74918元/平,中楼层 (共15层) | 2010年建 | 2室1厅 | 82.09平米 | 东北,https://ke-image.ljcdn.com/110000-inspection/pc1_s05fvWNtU_1.jpg!m_fill,w_280,h_210,f_jpg?from=ke.com
20230427,丰台,大红门,101118050574,大红门上海建筑 满五年唯一 户型方正房源少 采光充足,613万,79621元/平,低楼层 (共15层) | 2010年建 | 2室1厅 | 76.99平米 | 东南,https://ke-image.ljcdn.com/110000-inspection/pc1_6LA8NlEWE_1.jpg!m_fill,w_280,h_210,f_jpg?from=ke.com
20230427,丰台,大红门,101118049701,大红门建欣苑四里南北正规一居室10/8号线地铁,320万,55750元/平,高楼层 (共6层) 1室1厅 | 57.4平米 | 南 北,https://ke-image.ljcdn.com/110000-inspection/8fb12e6a-3346-4dd7-a959-f3111b0bb236_1000.jpg!m_fill,w_280,h_210,f_jpg?from=ke.com
20230427,丰台,大红门,101118027073,南向一居室无遮挡采光充足购房成本低靠谱卖好谈。,505万,73348元/平,高楼层 (共24层) | 2004年建 | 1室1厅 | 68.85平米 | 南,https://ke-image.ljcdn.com/110000-inspection/pc1_4A2jDWKUU_1.jpg!m_fill,w_280,h_210,f_jpg?from=ke.com
20230427,丰台,大红门,101118022521,临泓路6号院楼层好视野好光线好10/8号线地铁,388万,63347元/平,高楼层 (共6层) | 2006年建 | 2室1厅 | 61.25平米 | 西北,https://ke-image.ljcdn.com/110000-inspection/6d2befaa-728b-4ad4-916b-0bf7c246fbed_1000.jpg!m_fill,w_280,h_210,f_jpg?from=ke.com
20230427,丰台,大红门,101118014446,珠江骏景北区  视野好  精装  落地阳台,320万,62221元/平,高楼层 (共24层) | 2004年建 | 1室1厅 | 51.43平米 | 北,https://ke-image.ljcdn.com/110000-inspection/1debe640-0143-4b06-a0ff-46b5ef97a7e3_1000.jpg!m_fill,w_280,h_210,f_jpg?from=ke.com
20230427,丰台,大红门,101117989685,角门 鑫宝苑  正规南北三居室 全明格局,835万,60543元/平,中楼层 (共14层) | 2002年建 | 3室1厅 | 137.92平米 | 南 北 东,https://ke-image.ljcdn.com/110000-inspection/pc1_14yHnHOBC_1.jpg!m_fill,w_280,h_210,f_jpg?from=ke.com
20230427,丰台,大红门,101117979207,珠江骏景北区 楼龄新 楼层好 落地窗 诚意出售,280万,54443元/平,高楼层 (共24层) | 2004年建 | 1室0厅 | 51.43平米 | 北,https://ke-image.ljcdn.com/110000-inspection/6004db87-89be-4b34-b871-54ef1459ef63_1000.jpg!m_fill,w_280,h_210,f_jpg?from=ke.com
20230427,丰台,大红门,101117978592,金胜嘉谊家园 南北通透大三居 业主诚心出售,1235万,77889元/平,高楼层 (共18层) | 2017年建 | 3室2厅 | 158.56平米 | 南 北,https://ke-image.ljcdn.com/110000-inspection/15977180-5819-45e8-b2f9-455a9e31236f_1000.jpg!m_fill,w_280,h_210,f_jpg?from=ke.com
20230427,丰台,大红门,101117974473,马家堡 大红门建欣苑二里 南北通透 正规两居室 近地铁,369万,49557元/平,顶层 (共6层) 2室1厅 | 74.46平米 | 南 北,https://ke-image.ljcdn.com/110000-inspection/7ef013ed-a49a-45cc-88d0-7256fdfa57df_1000.jpg!m_fill,w_280,h_210,f_jpg?from=ke.com
20230427,丰台,大红门,101117973120,大红门建欣苑六里三居室楼龄新户型好,680万,59833元/平,低楼层 (共16层) | 2007年建 | 3室1厅 | 113.65平米 | 西南,https://ke-image.ljcdn.com/110000-inspection/da55c3b2-27b4-4ba7-a0f5-66d9e0f2a76b_1000.jpg!m_fill,w_280,h_210,f_jpg?from=ke.com
20230427,丰台,大红门,101117971214,上海建筑 人车分流  精装修 满五年唯一房主自荐,1250万,85723元/平,中楼层 (共11层) | 2010年建 | 3室2厅 | 145.82平米 | 南 北,https://ke-image.ljcdn.com/110000-inspection/pc1_peHqai1Yj_1.jpg!m_fill,w_280,h_210,f_jpg?from=ke.com
20230427,丰台,大红门,101117940853,福海小区满五年唯一商品房格局方正,428万,56749元/平,低楼层 (共14层) 2室1厅 | 75.42平米 | 西 北,https://ke-image.ljcdn.com/110000-inspection/153526b1-768f-48c6-abd1-0cfaca8f2c41_1000.jpg!m_fill,w_280,h_210,f_jpg?from=ke.com
20230427,丰台,大红门,101117938661,福海小区 地铁10号线角门东站 满五年唯一 视野好诚售房主自荐,555万,64326元/平,高楼层 (共14层) | 2004年建 | 2室2厅 | 86.28平米 | 西北,https://ke-image.ljcdn.com/110000-inspection/pc1_PSzLsGWu5_1.jpg!m_fill,w_280,h_210,f_jpg?from=ke.com
20230427,丰台,大红门,101117934478,珠江骏景北区  精装修一居业主诚心出售。,290万,57211元/平,中楼层 (共18层) | 2004年建 | 1室0厅 | 50.69平米 | 北,https://ke-image.ljcdn.com/110000-inspection/e93b282b-cb3a-477d-bbee-adfb43d98179_1000.jpg!m_fill,w_280,h_210,f_jpg?from=ke.com
20230427,丰台,大红门,101117923663,建欣苑四里2004年 满五唯一商品房 精装修中间层房主自荐,462万,62900元/平,中楼层 (共6层) 2室1厅 | 73.45平米 | 南 北,https://ke-image.ljcdn.com/110000-inspection/pc1_oH92LLArF_2.jpg!m_fill,w_280,h_210,f_jpg?from=ke.com
20230427,丰台,大红门,101117921142,上海建筑南北通透3居双卫舒适楼层前后花园,985万,84608元/平,中楼层 (共11层) | 2010年建 | 3室1厅 | 116.42平米 | 南 北,https://ke-image.ljcdn.com/110000-inspection/de345773-8092-4707-a9d0-0fb501b0f1c1_1000.jpg!m_fill,w_280,h_210,f_jpg?from=ke.com
20230427,丰台,大红门,101117914946,经理推荐：珠江骏景北区 南北通透的三居 无遮挡房主自荐,980万,76779元/平,中楼层 (共24层) | 2005年建 | 3室1厅 | 127.64平米 | 南 北,https://ke-image.ljcdn.com/110000-inspection/0850d310-d085-4e2c-a4e3-1aaec24808e3_1000.jpg!m_fill,w_280,h_210,f_jpg?from=ke.com
20230427,丰台,大红门,101117897099,南三环/8号线落地大阳台光线充足精装修拎包入住,810万,74217元/平,中楼层 (共16层) | 2002年建 | 3室2厅 | 109.14平米 | 东 西 北,https://ke-image.ljcdn.com/110000-inspection/741bcdf9-faa3-4f94-a4ea-49938684de2c_1000.jpg!m_fill,w_280,h_210,f_jpg?from=ke.com
20230427,丰台,大红门,101117893347,珠江骏景北区一居房本过5年房东诚心出售,258万,53361元/平,低楼层 (共24层) | 2004年建 | 1室0厅 | 48.35平米 | 北,https://ke-image.ljcdn.com/110000-inspection/pc1_NBAuCVxLv_2.jpg!m_fill,w_280,h_210,f_jpg?from=ke.com
20230427,丰台,大红门,101117893039,马家堡 上海建筑 通透两居 满五年唯一房主自荐,630万,63051元/平,低楼层 (共15层) | 2010年建 | 2室2厅 | 99.92平米 | 东 西,https://ke-image.ljcdn.com/110000-inspection/pc1_jGPKm3zka_1.jpg!m_fill,w_280,h_210,f_jpg?from=ke.com
20230427,丰台,大红门,101117892930,10号线8号线大红门建欣苑四里 新上南北两居 低楼层,479万,65215元/平,底层 (共6层) 2室1厅 | 73.45平米 | 南 北,https://ke-image.ljcdn.com/110000-inspection/pc1_vrMh3cgik_1.jpg!m_fill,w_280,h_210,f_jpg?from=ke.com
20230427,丰台,大红门,101117871495,大红门建欣苑四里  南北通透两居 低楼层,389万,59020元/平,低楼层 (共6层) | 1998年建 | 2室1厅 | 65.91平米 | 南 北,https://ke-image.ljcdn.com/110000-inspection/bb292516-95ce-4744-b8a9-af0cee87e609_1000.jpg!m_fill,w_280,h_210,f_jpg?from=ke.com
20230427,丰台,大红门,101117869058,福海小区南北通透满五年唯一格局方正二居室,579万,67100元/平,顶层 (共14层) | 2004年建 | 2室2厅 | 86.29平米 | 南 北,https://ke-image.ljcdn.com/110000-inspection/pc1_onnSIBVk7_2.jpg!m_fill,w_280,h_210,f_jpg?from=ke.com
20230427,丰台,大红门,101117863190,大红门角门石榴园建欣苑一里南北通透,560万,65813元/平,底层 (共7层) | 2001年建 | 2室1厅 | 85.09平米 | 南 北,https://ke-image.ljcdn.com/110000-inspection/40b14de2-150f-4f18-859f-f4c259868229_1000.jpg!m_fill,w_280,h_210,f_jpg?from=ke.com
20230427,丰台,大红门,101117826457,金胜嘉谊家园18年小区两居室户型方正房主自荐,750万,75476元/平,低楼层 (共17层) 2室1厅 | 99.37平米 | 西南,https://ke-image.ljcdn.com/110000-inspection/40ee2ee3-ce80-48c3-be34-8297f1c219ef_1000.jpg!m_fill,w_280,h_210,f_jpg?from=ke.com
20230427,丰台,大红门,101117815596,临泓路6号院电梯两居室距地铁38米（百度地图）,399万,51445元/平,顶层 (共16层) 2室1厅 | 77.56平米 | 东,https://ke-image.ljcdn.com/110000-inspection/c7664e9f-b29b-4556-b71c-a83cc74a14cc_1000.jpg!m_fill,w_280,h_210,f_jpg?from=ke.com
20230427,丰台,大红门,101117813021,马家堡 角门 次新房社区物业管理好一梯一户,822万,64094元/平,低楼层 (共18层) 3室2厅 | 128.25平米 | 东 西,https://ke-image.ljcdn.com/110000-inspection/ee83cb8a-7f4c-4683-bc37-64c1a42fb617_1000.jpg!m_fill,w_280,h_210,f_jpg?from=ke.com
20230427,丰台,大红门,101117796113,马家堡 建欣苑三里 近地铁 商品房满五年 带租赁车位房主自荐,396万,60010元/平,低楼层 (共6层) 2室1厅 | 65.99平米 | 南 北,https://ke-image.ljcdn.com/110000-inspection/85bdf3a1-6524-418c-a584-c5603aec71af_1000.jpg!m_fill,w_280,h_210,f_jpg?from=ke.com
20230427,丰台,大红门,101117762033,南三环 带电梯三居室 临泓路6号院 看房方便,605万,60271元/平,中楼层 (共16层) | 2004年建 | 3室1厅 | 100.38平米 | 南 北,https://ke-image.ljcdn.com/110000-inspection/0d5d3e5d-4edc-4ed3-977f-eae74c264dd0_1000.jpg!m_fill,w_280,h_210,f_jpg?from=ke.com
20230427,丰台,大红门,101117749437,南三环洋桥 带电梯 近地铁10号 采光无遮挡 业主诚售,445万,59003元/平,中楼层 (共14层) 1室2厅 | 75.42平米 | 东北,https://ke-image.ljcdn.com/110000-inspection/73f747b8-a41f-42f9-a843-2f1e37b1a635_1000.jpg!m_fill,w_280,h_210,f_jpg?from=ke.com
20230427,丰台,大红门,101117746560,大红门  角门 建欣苑四里 双卧室朝南 明厅 南北通透,366万,53983元/平,顶层 (共6层) | 1999年建 | 2室1厅 | 67.8平米 | 南 北,https://ke-image.ljcdn.com/110000-inspection/558ff7c7-207d-4ba4-bbbb-60004bfc64a8_1000.jpg!m_fill,w_280,h_210,f_jpg?from=ke.com
20230427,丰台,大红门,101117739755,大红门建欣苑四里南北正规一居室房主自荐,289万,49117元/平,顶层 (共6层) | 1999年建 | 1室1厅 | 58.84平米 | 南 北,https://ke-image.ljcdn.com/110000-inspection/679475fa-dbf9-4fce-92ef-ab52ba920a66_1000.jpg!m_fill,w_280,h_210,f_jpg?from=ke.com
20230427,丰台,大红门,101117739413,大红门精装两居室满五唯一全明格局电梯房！房主自荐,580万,58315元/平,顶层 (共15层) | 2007年建 | 2室1厅 | 99.46平米 | 南 西 北,https://ke-image.ljcdn.com/110000-inspection/35b2e894-413d-4dae-bd47-7742f1fe93e6_1000.jpg!m_fill,w_280,h_210,f_jpg?from=ke.com
20230427,丰台,大红门,101117720087,南三环/8号线东西通透三居室一梯两户采光充足！,928万,73815元/平,低楼层 (共9层) 3室2厅 | 125.72平米 | 东 西,https://ke-image.ljcdn.com/110000-inspection/c29e11ce-cf7e-48d9-ad3a-ad88d96f0283_1000.jpg!m_fill,w_280,h_210,f_jpg?from=ke.com
20230427,丰台,大红门,101117701657,海户屯高层南向一居室全明格局满五唯一,239万,56064元/平,高楼层 (共6层) 1室1厅 | 42.63平米 | 南,https://ke-image.ljcdn.com/110000-inspection/7f7ff4f6-c099-4d75-acfa-f7a044ff2aa9_1000.jpg!m_fill,w_280,h_210,f_jpg?from=ke.com
20230427,丰台,大红门,101117699801,双地铁 南北通透明厅两居室 满五唯一诚意出售房主自荐,408万,60329元/平,高楼层 (共6层) | 1999年建 | 2室1厅 | 67.63平米 | 南 北,https://ke-image.ljcdn.com/110000-inspection/2d9038f1-a097-4804-ac0a-26daf4643c2f_1000.jpg!m_fill,w_280,h_210,f_jpg?from=ke.com
20230427,丰台,大红门,101117696792,珠江骏景人车分流小区南向一居原址高可贷款,335万,67135元/平,顶层 (共18层) | 2004年建 | 1室1厅 | 49.9平米 | 南,https://ke-image.ljcdn.com/110000-inspection/fcb16dd1-84b4-40f6-b62e-784c01b78df2_1000.jpg!m_fill,w_280,h_210,f_jpg?from=ke.com
20230427,丰台,大红门,101117696250,永外海户屯南北通透三居室半地下窗户在地面以上有采光,260万,41936元/平,地下室 (共6层) | 1990年建 | 3室1厅 | 62平米 | 南 北,https://ke-image.ljcdn.com/110000-inspection/61753a60-603d-41e8-ba06-9d61ef81f4e8_1000.jpg!m_fill,w_280,h_210,f_jpg?from=ke.com
20230427,丰台,大红门,101117695483,金胜嘉谊家园 新社区 带电梯 精装修两居室 视野好,720万,75338元/平,中楼层 (共16层) | 2017年建 | 2室1厅 | 95.57平米 | 西 北,https://ke-image.ljcdn.com/110000-inspection/cf28a7a6-f533-4b4e-9d2e-47af96d2b827_1000.jpg!m_fill,w_280,h_210,f_jpg?from=ke.com
20230427,丰台,大红门,101117693142,上海建筑  南北通透  两居室,790万,80440元/平,中楼层 (共15层) 2室2厅 | 98.21平米 | 南 北,https://ke-image.ljcdn.com/110000-inspection/pc1_ZrHZyAA71_2.jpg!m_fill,w_280,h_210,f_jpg?from=ke.com
20230427,丰台,大红门,101117684112,海户屯南北两居室 满五年 小区单独的院子环境好近地铁,498万,52093元/平,顶层 (共6层) | 1990年建 | 2室1厅 | 95.6平米 | 南 北,https://ke-image.ljcdn.com/110000-inspection/73c791c1-6f56-47a7-8c78-826db5d02cca_1000.jpg!m_fill,w_280,h_210,f_jpg?from=ke.com
20230427,丰台,大红门,101117677965,马家堡 角门  地铁口  生活便利 出行方便房主自荐,415万,46364元/平,底层 (共14层) | 2002年建 | 2室2厅 | 89.51平米 | 南 北,https://ke-image.ljcdn.com/110000-inspection/f3a9bfbd-de95-46b0-944c-c0bc7b68707b_1000.jpg!m_fill,w_280,h_210,f_jpg?from=ke.com
20230427,丰台,大红门,101117657432,珠江骏景 南北三居 户型方正 八号线 海户屯 满五唯一,1100万,71028元/平,低楼层 (共23层) | 2007年建 | 3室1厅 | 154.87平米 | 南 北,https://ke-image.ljcdn.com/110000-inspection/d319b4dd-8260-4818-ae27-ef81f43c65ba_1000.jpg!m_fill,w_280,h_210,f_jpg?from=ke.com
20230427,丰台,大红门,101117641272,建欣苑二里正规一居室视野好采光好,337万,49610元/平,高楼层 (共6层) | 2000年建 | 1室1厅 | 67.93平米 | 西,https://ke-image.ljcdn.com/110000-inspection/604cfdf9-da67-41c8-9e75-4036a09301db_1000.jpg!m_fill,w_280,h_210,f_jpg?from=ke.com
20230427,丰台,大红门,101117623659,珠江骏景北区诚售高楼层一室一厅,510万,70579元/平,高楼层 (共24层) 1室1厅 | 72.26平米 | 东北,https://ke-image.ljcdn.com/110000-inspection/pc1_m5kLvuUN9_1.jpg!m_fill,w_280,h_210,f_jpg?from=ke.com
20230427,丰台,大红门,101117599996,三环珠江骏景北区西南向正规一居明厨明卫高楼层,500万,70852元/平,高楼层 (共24层) | 2004年建 | 1室1厅 | 70.57平米 | 西南 南,https://ke-image.ljcdn.com/110000-inspection/2716cccc-f596-470f-b0a9-4b7efde5b0f9_1000.jpg!m_fill,w_280,h_210,f_jpg?from=ke.com
20230427,丰台,大红门,101117585487,大红门10号线 建欣苑四里 东西通透两居室 满五唯一,339万,48799元/平,高楼层 (共6层) | 1998年建 | 2室1厅 | 69.47平米 | 东 西,https://ke-image.ljcdn.com/110000-inspection/8d64e22e-955c-4cf7-aee9-dd68fb8361e6_1000.jpg!m_fill,w_280,h_210,f_jpg?from=ke.com
20230427,丰台,大红门,101117573951,海户屯 2室1厅 南 北,380万,63684元/平,中楼层 (共6层) 2室1厅 | 59.67平米 | 南 北,https://ke-image.ljcdn.com/110000-inspection/8c33a01d-2c7f-481e-a6c4-ebb9cf14323d_1000.jpg!m_fill,w_280,h_210,f_jpg?from=ke.com
20230427,丰台,大红门,101117570037,珠江骏景北区 海户屯地铁 八号线 一居 中间层 小户型,290万,56388元/平,中楼层 (共24层) | 2004年建 | 1室0厅 | 51.43平米 | 北,https://ke-image.ljcdn.com/110000-inspection/pc1_Wf8LSmUim_2.jpg!m_fill,w_280,h_210,f_jpg?from=ke.com
20230427,丰台,大红门,101117490747,果园小区南北通透三居室诚心出售价格可谈看房方便,450万,51665元/平,高楼层 (共18层) | 1987年建 | 3室1厅 | 87.1平米 | 南 北,https://ke-image.ljcdn.com/110000-inspection/pc1_mRRFliVHn_1.jpg!m_fill,w_280,h_210,f_jpg?from=ke.com
20230427,丰台,大红门,101117469525,珠江骏景中区正规两居室满五年唯一诚心出售。,560万,70097元/平,高楼层 (共24层) | 2002年建 | 2室1厅 | 79.89平米 | 西北,https://ke-image.ljcdn.com/110000-inspection/fc495a3f-c0be-4ad5-9e91-1144b33ed85e_1000.jpg!m_fill,w_280,h_210,f_jpg?from=ke.com
20230427,丰台,大红门,101117465421,大红门 马家堡 远洋自然南北双通透大三居,1160万,79523元/平,底层 (共11层) 3室1厅 | 145.87平米 | 南 北,https://ke-image.ljcdn.com/110000-inspection/pc1_JQv4h0c0W_1.jpg!m_fill,w_280,h_210,f_jpg?from=ke.com
20230427,丰台,大红门,101117331252,马家堡 大红门东门里 正规一居室 距离地铁口很近,193万,53198元/平,低楼层 (共6层) | 1995年建 | 1室1厅 | 36.28平米 | 西,https://ke-image.ljcdn.com/110000-inspection/fb15b7e0-d795-4d60-95fd-ddad77df9b26_1000.jpg!m_fill,w_280,h_210,f_jpg?from=ke.com
20230427,丰台,大红门,101117306639,三环边珠江骏景北区南向大一居明厨明卫；,490万,69435元/平,顶层 (共24层) | 2004年建 | 1室1厅 | 70.57平米 | 西南,https://ke-image.ljcdn.com/110000-inspection/f889f86f-41ff-4215-a174-e546a293792b_1000.jpg!m_fill,w_280,h_210,f_jpg?from=ke.com
20230427,丰台,大红门,101117296529,珠江骏景南区 南北通透四居室 满五年 高楼层 采光好,1130万,64664元/平,高楼层 (共21层) | 2007年建 | 4室2厅 | 174.75平米 | 南 北,https://ke-image.ljcdn.com/110000-inspection/pc1_NOZF00g8h_2.jpg!m_fill,w_280,h_210,f_jpg?from=ke.com
20230427,丰台,大红门,101117293874,马家堡  2018年小区  人车分流,720万,72457元/平,低楼层 (共17层) 2室1厅 | 99.37平米 | 南 西南,https://ke-image.ljcdn.com/110000-inspection/7d7415ca-700f-4889-bf0a-af5ff78c3846_1000.jpg!m_fill,w_280,h_210,f_jpg?from=ke.com
20230427,丰台,大红门,101117265915,建欣苑六里业主诚心出售产权清晰看房方便房主自荐,458万,53637元/平,低楼层 (共16层) | 2007年建 | 2室1厅 | 85.39平米 | 东 北,https://ke-image.ljcdn.com/110000-inspection/ca5c67d6-d785-43b3-b5d1-5b992e515710_1000.jpg!m_fill,w_280,h_210,f_jpg?from=ke.com
20230427,丰台,大红门,101117225968,07年人车分流商品房社区东西通透全明格局两居室,759万,66405元/平,低楼层 (共14层) | 2007年建 | 2室1厅 | 114.3平米 | 东 西,https://ke-image.ljcdn.com/110000-inspection/pc1_nIv3yDBOv_2.jpg!m_fill,w_280,h_210,f_jpg?from=ke.com
20230427,丰台,大红门,101117217309,大红门 东门里 满两年商品房 近地铁 随时可签约房主自荐,318万,48432元/平,高楼层 (共6层) | 1995年建 | 2室1厅 | 65.66平米 | 东 西,https://ke-image.ljcdn.com/110000-inspection/7ed36572-8431-41b4-9736-a390cfc9e413_1000.jpg!m_fill,w_280,h_210,f_jpg?from=ke.com
20230427,丰台,大红门,101117205344,大红门街道建欣苑五里建欣苑五里,375万,52773元/平,中楼层 (共13层) 1室1厅 | 71.06平米 | 西南,https://ke-image.ljcdn.com/110000-inspection/86af0dc5-7e93-49d2-941f-df527d68fa4b_1000.jpg!m_fill,w_280,h_210,f_jpg?from=ke.com
20230427,丰台,大红门,101117195466,建欣苑二里 满五唯一商品房  价钱可议 东西两居室房主自荐,365万,49331元/平,顶层 (共6层) 2室1厅 | 73.99平米 | 东 西,https://ke-image.ljcdn.com/110000-inspection/b1e9ff38-af24-4d79-aa8f-cab5bfecb624_1000.jpg!m_fill,w_280,h_210,f_jpg?from=ke.com
20230427,丰台,大红门,101117190424,珠江骏景南区  高层无遮挡采光佳户型方正,505万,68680元/平,高楼层 (共14层) | 2007年建 | 1室1厅 | 73.53平米 | 西南,https://ke-image.ljcdn.com/110000-inspection/0ec60324-5d71-498c-a24b-9bd3862d4137_1000.jpg!m_fill,w_280,h_210,f_jpg?from=ke.com
20230427,丰台,大红门,101117190066,建欣苑四里 2室1厅 东 西,375万,55002元/平,中楼层 (共6层) | 1999年建 | 2室1厅 | 68.18平米 | 东 西,https://ke-image.ljcdn.com/110000-inspection/f6dc3349-ab98-4c40-a158-08f190866d55_1000.jpg!m_fill,w_280,h_210,f_jpg?from=ke.com
20230427,丰台,大红门,101117166935,珠江骏景中区正南向的两居室满五年唯一诚心出售,870万,73692元/平,高楼层 (共16层) | 2002年建 | 2室2厅 | 118.06平米 | 南,https://ke-image.ljcdn.com/110000-inspection/pc1_R1PVPVIv3_2.jpg!m_fill,w_280,h_210,f_jpg?from=ke.com
20230427,丰台,大红门,101117163254,八号线 海户屯地铁 南三环 全南向两居 满五唯一,325万,59853元/平,中楼层 (共6层) | 1990年建 | 2室1厅 | 54.3平米 | 南,https://ke-image.ljcdn.com/110000-inspection/a96a3aff-9250-41c8-87df-68217bc8ea55_1000.jpg!m_fill,w_280,h_210,f_jpg?from=ke.com
20230427,丰台,大红门,101117159334,南三环8号线格局方正配套齐全交通方便精装修,262万,54189元/平,中楼层 (共24层) | 2004年建 | 1室0厅 | 48.35平米 | 北,https://ke-image.ljcdn.com/110000-inspection/pc1_0SbJZeoXb_1.jpg!m_fill,w_280,h_210,f_jpg?from=ke.com
20230427,丰台,大红门,101117105449,三环边珠江骏景南向两居双卫格局方正；,813万,68969元/平,低楼层 (共23层) | 2007年建 | 2室1厅 | 117.88平米 | 南,https://ke-image.ljcdn.com/110000-inspection/fc99f6a8-0012-44c2-81da-cadcecade9eb_1000.jpg!m_fill,w_280,h_210,f_jpg?from=ke.com
20230427,丰台,大红门,101117079849,福海小区 东南户型三居 采光充足视野开阔,815万,64863元/平,中楼层 (共14层) | 2004年建 | 3室1厅 | 125.65平米 | 东南,https://ke-image.ljcdn.com/110000-inspection/d91108e5-a1ae-4b73-9f1d-b59f735cd69c_1000.jpg!m_fill,w_280,h_210,f_jpg?from=ke.com
20230427,丰台,大红门,101117062302,建欣苑四里 双地铁 户型方正精装 商品房 诚心出售,329万,51072元/平,顶层 (共6层) 2室1厅 | 64.42平米 | 西 北,https://ke-image.ljcdn.com/110000-inspection/pc1_tXgbVWLQw_1.jpg!m_fill,w_280,h_210,f_jpg?from=ke.com
20230427,丰台,大红门,101117061810,建欣苑三里满五唯一商品房视野好,443万,48453元/平,中楼层 (共9层) | 2004年建 | 2室1厅 | 91.43平米 | 西 北,https://ke-image.ljcdn.com/110000-inspection/eca176fd-7b43-46eb-b9bb-0fcf7009d08c_1000.jpg!m_fill,w_280,h_210,f_jpg?from=ke.com
20230427,丰台,大红门,101117059446,商品房社区环境好高楼层采光好业主诚意出售,1050万,72635元/平,中楼层 (共13层) | 2006年建 | 3室2厅 | 144.56平米 | 南 北,https://ke-image.ljcdn.com/110000-inspection/pc1_Ft9G0dp0K_1.jpg!m_fill,w_280,h_210,f_jpg?from=ke.com
20230427,丰台,大红门,101117047743,马家堡东路108号 南北通透三居室 小区中间位置 不临街,1050万,69546元/平,低楼层 (共13层) | 2006年建 | 3室2厅 | 150.98平米 | 南 北,https://ke-image.ljcdn.com/110000-inspection/a72f0a8d-dba9-4de5-8de5-7f02a9448a1b_1000.jpg!m_fill,w_280,h_210,f_jpg?from=ke.com
20230427,丰台,大红门,101117034562,南三环八号线面朝花园交通便利满五唯一,375万,57951元/平,低楼层 (共11层) | 2002年建 | 1室1厅 | 64.71平米 | 东 南 北,https://ke-image.ljcdn.com/110000-inspection/4de8c55f-4155-450d-998d-da8f040989b9_1000.jpg!m_fill,w_280,h_210,f_jpg?from=ke.com
20230427,丰台,大红门,101117018998,海户屯小区南北通透两居室满五年唯一业主诚心出售。,299万,52273元/平,顶层 (共6层) | 1987年建 | 2室1厅 | 57.2平米 | 南 北,https://ke-image.ljcdn.com/110000-inspection/ce4586ad-f710-4620-bc73-0caa5e90ef4a_1000.jpg!m_fill,w_280,h_210,f_jpg?from=ke.com
20230427,丰台,大红门,101117012580,建欣苑一里 3室1厅 南 北,680万,59535元/平,中楼层 (共7层) 3室1厅 | 114.22平米 | 南 北,https://ke-image.ljcdn.com/110000-inspection/4a2a319e-a91b-4997-a0e1-1c3514ccd938_1000.jpg!m_fill,w_280,h_210,f_jpg?from=ke.com
20230427,丰台,大红门,101116992496,双地铁 大红门 南北通透两居室 视野开阔 随时看房,370万,54710元/平,顶层 (共6层) | 1999年建 | 2室1厅 | 67.63平米 | 南 北,https://ke-image.ljcdn.com/110000-inspection/54fcd67a-44b1-4787-a4bd-fab5f6659ed9_1000.jpg!m_fill,w_280,h_210,f_jpg?from=ke.com
20230427,丰台,大红门,101116980229,珠江中区 南北两居室 满五唯一 高层精装修 人车分流,760万,77567元/平,高楼层 (共24层) | 2002年建 | 2室1厅 | 97.98平米 | 南 北,https://ke-image.ljcdn.com/110000-inspection/pc1_weDQzJSCX_2.jpg!m_fill,w_280,h_210,f_jpg?from=ke.com
20230427,丰台,大红门,101116944857,大红门 婚房精装两居 大客厅 采光好无遮挡 全明格局,468万,57095元/平,顶层 (共6层) | 2000年建 | 2室1厅 | 81.97平米 | 东 南 西,https://ke-image.ljcdn.com/110000-inspection/e9063053-4aaa-478d-a9f1-cee313c876bd_1000.jpg!m_fill,w_280,h_210,f_jpg?from=ke.com
20230427,丰台,大红门,101116928725,南三环外 8号线  东门里建材小区 全南两居,368万,68275元/平,中楼层 (共5层) | 1985年建 | 2室1厅 | 53.9平米 | 南,https://ke-image.ljcdn.com/110000-inspection/c7b53ee5-744c-4fdb-8a56-a982533da70d_1000.jpg!m_fill,w_280,h_210,f_jpg?from=ke.com
20230427,丰台,大红门,101116916177,南北通透三居随时看房距地铁大红门站320米,550万,50799元/平,顶层 (共6层) | 2000年建 | 3室1厅 | 108.27平米 | 南 北,https://ke-image.ljcdn.com/110000-inspection/cf87952e-ee6b-4673-8b7c-c54191f67e9c_1000.jpg!m_fill,w_280,h_210,f_jpg?from=ke.com
20230427,丰台,大红门,101116892957,珠江骏景中区南北朝向两居室满五年唯一诚心出售。,690万,68236元/平,低楼层 (共24层) | 2002年建 | 2室2厅 | 101.12平米 | 南 北,https://ke-image.ljcdn.com/110000-inspection/60c72d82-38e7-4af0-ba0a-c4d47dd5c339_1000.jpg!m_fill,w_280,h_210,f_jpg?from=ke.com
20230427,丰台,大红门,101116888239,福海小区满五年唯一商品房格局方正,459万,60860元/平,高楼层 (共14层) | 2004年建 | 1室1厅 | 75.42平米 | 西北,https://ke-image.ljcdn.com/110000-inspection/pc1_soOm8SyPr_1.jpg!m_fill,w_280,h_210,f_jpg?from=ke.com
20230427,丰台,大红门,101116872714,大红门临泓路6号院南向采光好正规一居室,410万,66527元/平,低楼层 (共16层) | 2006年建 | 1室1厅 | 61.63平米 | 南,https://ke-image.ljcdn.com/110000-inspection/23035e8d-e4bf-443b-b1ad-e1e2b0877abf_1000.jpg!m_fill,w_280,h_210,f_jpg?from=ke.com
20230427,丰台,大红门,101116867450,大红门 建欣苑二里 满五年唯一 商品房 随时签约,449万,57535元/平,低楼层 (共6层) | 2000年建 | 2室1厅 | 78.04平米 | 东 西,https://ke-image.ljcdn.com/110000-inspection/pc1_kKJwocydW_1.jpg!m_fill,w_280,h_210,f_jpg?from=ke.com
20230427,丰台,大红门,101116863741,珠江骏景北区 不临街 诚意出售,420万,58915元/平,低楼层 (共24层) | 2005年建 | 1室1厅 | 71.29平米 | 北,https://ke-image.ljcdn.com/110000-inspection/ee2e9aaa-ecf1-4aed-b776-05e12e38f839_1000.jpg!m_fill,w_280,h_210,f_jpg?from=ke.com
20230427,丰台,大红门,101116853753,马家堡 角门 2004年电梯房 近地铁 格局好 客厅大,579万,68046元/平,顶层 (共14层) 2室2厅 | 85.09平米 | 南 北,https://ke-image.ljcdn.com/110000-inspection/pc1_sCsH2DPTU_1.jpg!m_fill,w_280,h_210,f_jpg?from=ke.com
20230427,丰台,大红门,101116785061,南三环8号线 正规一居 满五唯一 落地窗 不临街 无遮挡,460万,63660元/平,低楼层 (共24层) | 2004年建 | 1室1厅 | 72.26平米 | 东北,https://ke-image.ljcdn.com/110000-inspection/b017a0e5-b72c-409a-b981-de4d500535ed_1000.jpg!m_fill,w_280,h_210,f_jpg?from=ke.com
20230427,丰台,大红门,101116784218,远洋自然精装大三居 南北通透 地铁 超市,970万,70721元/平,中楼层 (共13层) | 2006年建 | 3室2厅 | 137.16平米 | 南 北,https://ke-image.ljcdn.com/110000-inspection/pc1_UfpUED9zW.jpg!m_fill,w_280,h_210,f_jpg?from=ke.com
20230427,丰台,大红门,101116747636,马家堡 洋桥 远洋自然精装大两居 满五年唯一住宅,780万,71065元/平,中楼层 (共18层) | 2007年建 | 2室1厅 | 109.76平米 | 东南,https://ke-image.ljcdn.com/110000-inspection/906eb245-dc25-4c53-b501-bb5becd38bcc_1000.jpg!m_fill,w_280,h_210,f_jpg?from=ke.com
20230427,丰台,大红门,101116728533,建欣苑一里满五唯一中间楼层采光好通风佳配套设施齐全,380万,58788元/平,中楼层 (共7层) | 2001年建 | 2室1厅 | 64.64平米 | 东 西,https://ke-image.ljcdn.com/110000-inspection/f1f4cf00-1374-4ac2-90b1-e8a542cc42cf_1000.jpg!m_fill,w_280,h_210,f_jpg?from=ke.com
20230427,丰台,大红门,101116710286,珠江骏景中区 满五唯一两居室 中楼层 采光好 2梯5户,788万,70207元/平,中楼层 (共16层) 2室1厅 | 112.24平米 | 西北,https://ke-image.ljcdn.com/110000-inspection/7be6da93-4923-4f35-abd9-dce9841cfea2_1000.jpg!m_fill,w_280,h_210,f_jpg?from=ke.com
20230427,丰台,大红门,101116707024,远洋自然 南北通透三居室 一梯两户板楼 满五唯一,939万,68979元/平,低楼层 (共10层) 3室2厅 | 136.13平米 | 南 北,https://ke-image.ljcdn.com/110000-inspection/pc1_48lOmNo1c.jpg!m_fill,w_280,h_210,f_jpg?from=ke.com
20230427,丰台,大红门,101116705830,永外海户屯南向一居室精装修拎包入住房主自荐,235万,65134元/平,高楼层 (共6层) 1室1厅 | 36.08平米 | 南,https://ke-image.ljcdn.com/110000-inspection/009d3a11-8419-4f7d-8886-f1d4de42c362_1000.jpg!m_fill,w_280,h_210,f_jpg?from=ke.com
20230427,丰台,大红门,101116604451,珠江骏景北区小开间 总价适宜,279万,58762元/平,高楼层 (共18层) | 2004年建 | 1室0厅 | 47.48平米 | 北,https://ke-image.ljcdn.com/110000-inspection/6c9ac661-28b0-44b9-8b7c-f43422819fed_1000.jpg!m_fill,w_280,h_210,f_jpg?from=ke.com
20230427,丰台,大红门,101116593229,建欣苑三里南北通透两居室03年房子,525万,60055元/平,高楼层 (共6层) 2室1厅 | 87.42平米 | 南 北,https://ke-image.ljcdn.com/110000-inspection/6daf4f21-e195-4c7d-8ef4-d8eeaef2498a_1000.jpg!m_fill,w_280,h_210,f_jpg?from=ke.com
20230427,丰台,大红门,101116581490,大红门 电梯两居室 精装修 看房方便 满五唯一,435万,50558元/平,高楼层 (共13层) | 2004年建 | 2室1厅 | 86.04平米 | 东 南,https://ke-image.ljcdn.com/110000-inspection/82bc6646-db34-41a8-9295-c2e1f8ebc21b_1000.jpg!m_fill,w_280,h_210,f_jpg?from=ke.com
20230427,丰台,大红门,101116554708,建欣苑一里 3室2厅 南 北,610万,42215元/平,高楼层 (共7层) | 2001年建 | 3室2厅 | 144.5平米 | 南 北,https://ke-image.ljcdn.com/110000-inspection/e411d8ab-b1e3-419a-9d57-cef894d3582f_1000.jpg!m_fill,w_280,h_210,f_jpg?from=ke.com
20230427,丰台,大红门,101116478764,近地铁人车分流小区满五唯一看房随时价格可谈,920万,71831元/平,底层 (共11层) | 2005年建 | 3室1厅 | 128.08平米 | 南 北,https://ke-image.ljcdn.com/110000-inspection/5eac48e8-8bdc-4a11-9834-31d5401cbbe1_1000.jpg!m_fill,w_280,h_210,f_jpg?from=ke.com
20230427,丰台,大红门,101116407603,珠江骏景中区 1室1厅 北,390万,69051元/平,底层 (共24层) | 2002年建 | 1室1厅 | 56.48平米 | 北,https://ke-image.ljcdn.com/110000-inspection/704a2f3c-be15-4dbb-a745-7e690b981505_1000.jpg!m_fill,w_280,h_210,f_jpg?from=ke.com
20230427,丰台,大红门,101116386443,南三环八号线落地阳台全明格局视野开阔,439万,61658元/平,高楼层 (共18层) | 2004年建 | 1室1厅 | 71.2平米 | 西北,https://ke-image.ljcdn.com/110000-inspection/91791233-b4f9-418e-8762-b18b13b32611_1000.jpg!m_fill,w_280,h_210,f_jpg?from=ke.com
20230427,丰台,大红门,101116350795,此房是满五年 不唯一 南北通透 格局方正 周边配套齐全,1285万,71977元/平,低楼层 (共11层) | 2007年建 | 4室2厅 | 178.53平米 | 西南 北,https://ke-image.ljcdn.com/110000-inspection/pc1_1YbU6hc8d_1.jpg!m_fill,w_280,h_210,f_jpg?from=ke.com
20230427,丰台,大红门,101116316082,海户屯 2室1厅 南 北房主自荐,365万,67718元/平,中楼层 (共6层) 2室1厅 | 53.9平米 | 南 北,https://ke-image.ljcdn.com/110000-inspection/pc1_bFLkQ7a1z_1.jpg!m_fill,w_280,h_210,f_jpg?from=ke.com
20230427,丰台,大红门,101116288378,珠江骏景北区朝南向高楼层配套成熟,345万,65552元/平,高楼层 (共18层) | 2004年建 | 1室0厅 | 52.63平米 | 南,https://ke-image.ljcdn.com/110000-inspection/b34892f8-edfb-4ca1-84bc-9dd3d717ec22_1000.jpg!m_fill,w_280,h_210,f_jpg?from=ke.com
20230427,丰台,大红门,101116218413,珠江骏景北区 南北通透三居室 有独立书房及餐厅,1285万,78676元/平,中楼层 (共14层) | 2004年建 | 3室2厅 | 163.33平米 | 南 北,https://ke-image.ljcdn.com/110000-inspection/2da77207-057e-4b20-ab8f-4784bd382375_1000.jpg!m_fill,w_280,h_210,f_jpg?from=ke.com
20230427,丰台,大红门,101116159753,建欣苑三里中间楼层南北通透一居室,331万,59608元/平,中楼层 (共6层) | 1997年建 | 1室1厅 | 55.53平米 | 南 北,https://ke-image.ljcdn.com/110000-inspection/7c8c3e88-b7d1-4743-8023-98f1cd3c5bfd_1000.jpg!m_fill,w_280,h_210,f_jpg?from=ke.com
20230427,丰台,大红门,101116138162,大红门建欣苑四里 双地铁 中高楼层 前后无遮挡房主自荐,366万,55870元/平,高楼层 (共6层) | 1998年建 | 2室1厅 | 65.51平米 | 南 北,https://ke-image.ljcdn.com/110000-inspection/6f12930a-c1d3-46b3-ae81-b3425533a815_1000.jpg!m_fill,w_280,h_210,f_jpg?from=ke.com
20230427,丰台,大红门,101116089594,珠江骏景中区 正规两居室 不临街,570万,71349元/平,低楼层 (共24层) | 2002年建 | 2室1厅 | 79.89平米 | 西北,https://ke-image.ljcdn.com/110000-inspection/8cecfc17-a59f-4a18-92f1-cfadd5203930_1000.jpg!m_fill,w_280,h_210,f_jpg?from=ke.com
20230427,丰台,大红门,101116054367,珠江骏景北区东西通透两居室 随时可以看房,720万,68683元/平,中楼层 (共9层) 2室1厅 | 104.83平米 | 东 西,https://ke-image.ljcdn.com/110000-inspection/70b25df2-8462-4981-a78f-fc01079e66a1_1000.jpg!m_fill,w_280,h_210,f_jpg?from=ke.com
20230427,丰台,大红门,101115954195,上海建筑 精装修两居 高楼层 视野好,589万,71725元/平,高楼层 (共15层) 2室1厅 | 82.12平米 | 西北,https://ke-image.ljcdn.com/110000-inspection/pc1_uLkIN8U8Z_1.jpg!m_fill,w_280,h_210,f_jpg?from=ke.com
20230427,丰台,大红门,101115836226,大红门建欣苑四里南向正规一居室,289万,52308元/平,顶层 (共6层) | 2000年建 | 1室1厅 | 55.25平米 | 南,https://ke-image.ljcdn.com/110000-inspection/8387bf39-17c5-41c5-963a-26444a44dc0a_1000.jpg!m_fill,w_280,h_210,f_jpg?from=ke.com
20230427,丰台,大红门,101115826811,建欣苑一里 满五唯一 东西通透复式两居房主自荐,520万,47025元/平,高楼层 (共7层) | 2001年建 | 2室2厅 | 110.58平米 | 东 西,https://ke-image.ljcdn.com/110000-inspection/74711b4a-9cf7-412a-a968-7c5952aa5db2_1000.jpg!m_fill,w_280,h_210,f_jpg?from=ke.com
20230427,丰台,大红门,101115758836,珠江骏景北区 复式户型 中间层 有钥匙 诚意出售,453万,63233元/平,中楼层 (共24层) | 2006年建 | 1室1厅 | 71.64平米 | 北,https://ke-image.ljcdn.com/110000-inspection/d70d9daa-2f46-4e59-928f-137be4dea013_1000.jpg!m_fill,w_280,h_210,f_jpg?from=ke.com
20230427,丰台,大红门,101115713603,建欣苑五里带电梯采光好格局方正两居室房主自荐,550万,63059元/平,低楼层 (共13层) | 2004年建 | 2室1厅 | 87.22平米 | 西南,https://ke-image.ljcdn.com/110000-inspection/1ddee230-edbb-49d1-9d9c-21c8c1aeb2a6_1000.jpg!m_fill,w_280,h_210,f_jpg?from=ke.com
20230427,丰台,大红门,101115701662,上海建筑 紧凑三居 满五唯一 西南朝向,735万,76547元/平,高楼层 (共15层) 3室1厅 | 96.02平米 | 西南,https://ke-image.ljcdn.com/110000-inspection/pc1_10TKfNdm1.jpg!m_fill,w_280,h_210,f_jpg?from=ke.com
20230427,丰台,大红门,101115487900,金胜嘉谊家园 人车分流东西两居房主自荐,698万,71029元/平,中楼层 (共17层) | 2015年建 | 2室1厅 | 98.27平米 | 东 西,https://ke-image.ljcdn.com/110000-inspection/pc1_DC5SMyIPM_1.jpg!m_fill,w_280,h_210,f_jpg?from=ke.com
20230427,丰台,大红门,101115327503,三环边珠江骏景西南向大两居明厨明卫户型方正；,745万,63222元/平,顶层 (共23层) | 2007年建 | 2室1厅 | 117.84平米 | 西南,https://ke-image.ljcdn.com/110000-inspection/pc1_MGH8G6Aib.jpg!m_fill,w_280,h_210,f_jpg?from=ke.com
20230427,丰台,大红门,101115269693,珠江骏景 全南向双卫两居 满五唯一采光充足 人车分流,798万,67605元/平,低楼层 (共16层) | 2002年建 | 2室1厅 | 118.04平米 | 南,https://ke-image.ljcdn.com/110000-inspection/d8c5c1d7-c270-400b-9d51-3551b49465d9_1000.jpg!m_fill,w_280,h_210,f_jpg?from=ke.com
20230427,丰台,大红门,101115229346,小区中间不临街 南北户型合理满五唯一 05年,1006万,66150元/平,低楼层 (共11层) | 2005年建 | 3室1厅 | 152.08平米 | 南 北,https://ke-image.ljcdn.com/110000-inspection/6ccf1010-6126-4ddf-a5e5-c16308857798_1000.jpg!m_fill,w_280,h_210,f_jpg?from=ke.com
20230427,丰台,大红门,101115190358,建欣苑三里 满五年 户型方正 地铁8号线房主自荐,283万,47628元/平,顶层 (共9层) | 2004年建 | 1室1厅 | 59.42平米 | 西,https://ke-image.ljcdn.com/110000-inspection/071fa8fc-4567-4a07-ab12-70ae7d09b026_1000.jpg!m_fill,w_280,h_210,f_jpg?from=ke.com
20230427,丰台,大红门,101115101548,果园小区南北通透双阳台精装小三居,460万,59355元/平,高楼层 (共18层) | 1990年建 | 3室1厅 | 77.5平米 | 南 北,https://ke-image.ljcdn.com/110000-inspection/bfb05840-ca21-49c3-9c73-7367d5e13c82_1000.jpg!m_fill,w_280,h_210,f_jpg?from=ke.com
20230427,丰台,大红门,101114975830,三环边 永外果园小区 南向大两居 高楼层 光线好,375万,60387元/平,中楼层 (共18层) | 1987年建 | 2室1厅 | 62.1平米 | 南,https://ke-image.ljcdn.com/110000-inspection/pc1_gd9zHBTEL.jpg!m_fill,w_280,h_210,f_jpg?from=ke.com
20230427,丰台,大红门,101114911904,建欣苑三里通透三居室满五年唯一近地铁诚意卖,560万,46733元/平,中楼层 (共6层) | 2002年建 | 3室1厅 | 119.83平米 | 南 北,https://ke-image.ljcdn.com/110000-inspection/5697b9f1-dae7-48b2-b2e7-6cde4b92e822_1000.jpg!m_fill,w_280,h_210,f_jpg?from=ke.com
20230427,丰台,大红门,101114767616,建欣苑二里正规三居室中间楼层采光好视野好,630万,56553元/平,中楼层 (共6层) | 2001年建 | 3室1厅 | 111.4平米 | 东南,https://ke-image.ljcdn.com/110000-inspection/d1cb9edf-c095-4d3d-baa5-b0ab1aa65ee5_1000.jpg!m_fill,w_280,h_210,f_jpg?from=ke.com
20230427,丰台,大红门,101114656232,马家堡  南北通透户型方正07年纯商品社区,790万,74005元/平,低楼层 (共10层) | 2007年建 | 2室2厅 | 106.75平米 | 南 北,https://ke-image.ljcdn.com/110000-inspection/pc1_9oO5QQ7km.jpg!m_fill,w_280,h_210,f_jpg?from=ke.com
20230427,丰台,大红门,101114625919,珠江骏景南区 正规南向方正一居,480万,71344元/平,低楼层 (共13层) | 2006年建 | 1室1厅 | 67.28平米 | 西南,https://ke-image.ljcdn.com/110000-inspection/5eeb2383-7080-4d64-88c8-e90c96e0c94a_1000.jpg!m_fill,w_280,h_210,f_jpg?from=ke.com
20230427,丰台,大红门,101114505999,建欣苑二里南北正规两居室客厅落地飘窗房主自荐,465万,59547元/平,中楼层 (共6层) | 2000年建 | 2室1厅 | 78.09平米 | 南 北,https://ke-image.ljcdn.com/110000-inspection/ab4e64a5-cae9-4750-9d99-e7aec3df1710_1000.jpg!m_fill,w_280,h_210,f_jpg?from=ke.com
20230427,丰台,大红门,101114300558,电梯板楼生活配套齐全适合改善换房享受品质生活,608万,70830元/平,中楼层 (共14层) | 2004年建 | 2室2厅 | 85.84平米 | 南 北,https://ke-image.ljcdn.com/110000-inspection/pc1_TgEUkPfD3_1.jpg!m_fill,w_280,h_210,f_jpg?from=ke.com
20230427,丰台,大红门,101113509294,上海建筑 南北通透精装修 三居室,920万,79025元/平,顶层 (共11层) | 2010年建 | 3室1厅 | 116.42平米 | 南 北,https://ke-image.ljcdn.com/110000-inspection/pc1_a1CEw4bL9_1.jpg!m_fill,w_280,h_210,f_jpg?from=ke.com
20230427,丰台,大红门,101112997499,珠江骏景中区南向三居室户型方正周边配套齐全房主自荐,1050万,69800元/平,低楼层 (共24层) 3室1厅 | 150.43平米 | 东南,https://ke-image.ljcdn.com/110000-inspection/pc1_Pigrjrknt_1.jpg!m_fill,w_280,h_210,f_jpg?from=ke.com
20230427,丰台,大红门,101112820977,珠江骏景北区精装修一居室业主诚意出售,298万,57165元/平,低楼层 (共24层) | 2004年建 | 1室0厅 | 52.13平米 | 北,https://ke-image.ljcdn.com/110000-inspection/pc1_Gc06Go2cf_2.jpg!m_fill,w_280,h_210,f_jpg?from=ke.com
20230427,丰台,大红门,101112543715,建欣苑四里南北通透两居看房方便业主可签,358万,54317元/平,顶层 (共6层) | 1997年建 | 2室1厅 | 65.91平米 | 北 南,https://ke-image.ljcdn.com/110000-inspection/pc1_uEt32SsE4_1.jpg!m_fill,w_280,h_210,f_jpg?from=ke.com
20230427,丰台,大红门,101112268123,大红门 建欣苑 四里南北通透正规两居室,346万,52817元/平,顶层 (共6层) | 1998年建 | 2室1厅 | 65.51平米 | 南 北,https://ke-image.ljcdn.com/110000-inspection/97305aaf-1771-4a2f-80fd-ace389d89f8e_1000.jpg!m_fill,w_280,h_210,f_jpg?from=ke.com
20230427,丰台,大红门,101111719989,马家堡建欣苑四里南北两居看房方便距地铁478米,409万,46059元/平,顶层 (共6层) | 1998年建 | 2室1厅 | 88.8平米 | 南 北,https://ke-image.ljcdn.com/110000-inspection/test-eb07a225-293b-4ceb-9f84-fd38d9ac3890.png!m_fill,w_280,h_210,f_jpg?from=ke.com
20230427,丰台,大红门,101111538112,珠江骏景小区 南北通透三居室 户型方正 诚意出售,1000万,64571元/平,低楼层 (共23层) | 2007年建 | 3室2厅 | 154.87平米 | 南 北,https://ke-image.ljcdn.com/110000-inspection/47ed7bfb-cb3c-437e-b3dd-2d18b0543bb8_1000.jpg!m_fill,w_280,h_210,f_jpg?from=ke.com
20230427,丰台,大红门,101104517457,马家堡大红门 优质两居中间楼层 格局方正房主自荐,450万,55290元/平,中楼层 (共6层) | 2000年建 | 2室1厅 | 81.39平米 | 东 西,https://ke-image.ljcdn.com/110000-inspection/prod-e3b94926-b782-4f9d-b08f-4ce054a99d26.jpg!m_fill,w_280,h_210,f_jpg?from=ke.com
20230427,丰台,大红门,101119016241,诚意出售、急售！！！10号线大红门精装两居户型方正,369万,47663元/平,顶层 (共6层) 2室1厅 | 77.42平米 | 南 北,https://ke-image.ljcdn.com/110000-inspection/pc1_K7oHvc5vf_1.jpg!m_fill,w_280,h_210,f_jpg?from=ke.com
20230427,丰台,大红门,101119011669,新上 建欣苑四里 南北通透 大一居大客厅大阳台 采光好新上,307万,52614元/平,高楼层 (共6层) 1室1厅 | 58.35平米 | 南 北,https://ke-image.ljcdn.com/110000-inspection/e6c41962-82a6-406e-b157-327ab3b7667c_1000.jpg!m_fill,w_280,h_210,f_jpg?from=ke.com
20230427,丰台,大红门,101118993861,珠江骏景北区 8号线地铁站口 人车分流商品房社区新上,245万,50673元/平,高楼层 (共24层) | 2004年建 | 1室0厅 | 48.35平米 | 北,https://ke-image.ljcdn.com/110000-inspection/pc1_H9mohIk4i_1.jpg!m_fill,w_280,h_210,f_jpg?from=ke.com
20230427,丰台,大红门,101118956478,马家堡 大红门建欣苑一里南北通透经典复式 带有地下室新上,580万,44161元/平,高楼层 (共7层) 3室2厅 | 131.34平米 | 南 北,https://ke-image.ljcdn.com/110000-inspection/pc1_FNj3NfTto_1.jpg!m_fill,w_280,h_210,f_jpg?from=ke.com
20230427,丰台,大红门,101118942982,大红门建欣苑六里中高楼层东南两居新上,539万,59349元/平,中楼层 (共16层) | 2007年建 | 2室1厅 | 90.82平米 | 东南,https://ke-image.ljcdn.com/110000-inspection/5f05512f-5720-487f-b25e-d431e9821037_1000.jpg!m_fill,w_280,h_210,f_jpg?from=ke.com
20230427,丰台,大红门,101118942384,果园小区 南向小两居 中间楼层 采光好新上,280万,61539元/平,中楼层 (共18层) | 1987年建 | 2室1厅 | 45.5平米 | 南,https://ke-image.ljcdn.com/110000-inspection/4b52a6b4-1ca9-4692-a4e3-e04c0759ebc5_1000.jpg!m_fill,w_280,h_210,f_jpg?from=ke.com
20230427,丰台,大红门,101118935551,珠江中区 南向大两居 双卫 看房方便 随时签约新上,795万,67339元/平,中楼层 (共16层) | 2002年建 | 2室1厅 | 118.06平米 | 南,https://ke-image.ljcdn.com/110000-inspection/4978cd24-1f88-441b-a75e-fe428c829106_1000.jpg!m_fill,w_280,h_210,f_jpg?from=ke.com
20230427,丰台,大红门,101118921717,马家堡 大红门建欣苑三里南北通透正规一居室近地铁新上,293万,57283元/平,高楼层 (共6层) | 1996年建 | 1室1厅 | 51.15平米 | 南 北,https://ke-image.ljcdn.com/110000-inspection/6b470869-6755-4af1-a8ce-9b935af0b798_1000.jpg!m_fill,w_280,h_210,f_jpg?from=ke.com
20230427,丰台,大红门,101118914278,建欣苑三里南北通透精装修一居室新上,285万,55719元/平,顶层 (共6层) | 1997年建 | 1室1厅 | 51.15平米 | 南 北,https://ke-image.ljcdn.com/110000-inspection/ef52cee5-dae8-4501-9320-eef9f963185a_1000.jpg!m_fill,w_280,h_210,f_jpg?from=ke.com
20230427,丰台,大红门,101118886058,建欣苑一里 经典双层复式大三居两卫 南北通透 采光好,610万,42035元/平,高楼层 (共7层) | 2001年建 | 3室1厅 | 145.12平米 | 南 北,https://ke-image.ljcdn.com/110000-inspection/3b42a921-6dcd-4d0f-a84d-7daf23667905_1000.jpg!m_fill,w_280,h_210,f_jpg?from=ke.com
20230427,丰台,大红门,101118883924,远洋自然 1室1厅 东,386万,61378元/平,低楼层 (共15层) | 2007年建 | 1室1厅 | 62.89平米 | 东,https://ke-image.ljcdn.com/110000-inspection/pc1_VIIe38hYV.jpg!m_fill,w_280,h_210,f_jpg?from=ke.com
20230427,丰台,大红门,101118824253,建欣苑六里 3室1厅 东南,565万,50828元/平,高楼层 (共16层) | 2007年建 | 3室1厅 | 111.16平米 | 东南,https://ke-image.ljcdn.com/110000-inspection/pc1_VBi5aTnfy_1.jpg!m_fill,w_280,h_210,f_jpg?from=ke.com
20230427,丰台,大红门,101118818021,福海小区 南北两居 近地铁 满五唯一,575万,67394元/平,顶层 (共14层) 2室2厅 | 85.32平米 | 南 北,https://ke-image.ljcdn.com/110000-inspection/pc1_iMN8l2BAM_1.jpg!m_fill,w_280,h_210,f_jpg?from=ke.com
20230427,丰台,大红门,101118815898,满五年唯一商品房 近地铁10号想 采光无遮挡 业主城售,850万,67649元/平,中楼层 (共14层) 3室1厅 | 125.65平米 | 西南,https://ke-image.ljcdn.com/110000-inspection/pc1_AVK7B0zks.jpg!m_fill,w_280,h_210,f_jpg?from=ke.com
20230427,丰台,大红门,101118803323,马家堡 远洋自然 满5年唯一 板楼南北通透好户型三居,910万,66492元/平,低楼层 (共10层) | 2007年建 | 3室2厅 | 136.86平米 | 南 北,https://ke-image.ljcdn.com/110000-inspection/pc1_b5SUO9eNE.jpg!m_fill,w_280,h_210,f_jpg?from=ke.com
20230427,丰台,大红门,101118641249,人车分流2010年商品房角门马家堡南北通透大阳台,610万,70245元/平,底层 (共15层) | 2010年建 | 2室1厅 | 86.84平米 | 北 南,https://ke-image.ljcdn.com/110000-inspection/pc1_mWH3H1gY7_1.jpg!m_fill,w_280,h_210,f_jpg?from=ke.com
20230427,丰台,大红门,101118594053,珠江骏景北区 8号线地铁 2004年商品房 人车分流社区,362万,58444元/平,低楼层 (共24层) | 2005年建 | 1室1厅 | 61.94平米 | 北,https://ke-image.ljcdn.com/110000-inspection/b4a1a16c-47be-442c-b20c-1b4ad91bcf90_1000.jpg!m_fill,w_280,h_210,f_jpg?from=ke.com
20230427,丰台,大红门,101118562300,大红门建欣苑二里南北正规两居中楼层,469万,60658元/平,中楼层 (共6层) | 2001年建 | 2室1厅 | 77.32平米 | 南 北,https://ke-image.ljcdn.com/110000-inspection/eb6a28f6-6f5a-46ad-8e63-50eed062f70f_1000.jpg!m_fill,w_280,h_210,f_jpg?from=ke.com
20230427,丰台,大红门,101118562276,建欣苑二里南北通透户型业主诚心出售看房方便,850万,40750元/平,顶层 (共6层) 4室2厅 | 208.59平米 | 南 北,https://ke-image.ljcdn.com/110000-inspection/142e00e3-85d9-45f0-9be2-4c87b6e35f31_1000.jpg!m_fill,w_280,h_210,f_jpg?from=ke.com
20230427,丰台,大红门,101118536083,大红门 建欣苑 满五唯一 南北通透 精装修 楼层好,342万,59262元/平,中楼层 (共6层) 1室1厅 | 57.71平米 | 南 北,https://ke-image.ljcdn.com/110000-inspection/f797da9f-716a-466f-8da5-a5b062b7ca19_1000.jpg!m_fill,w_280,h_210,f_jpg?from=ke.com
20230427,丰台,大红门,101118432522,建欣苑一里南北通透三居室采光好通风佳房主自荐,712万,44014元/平,高楼层 (共7层) 3室2厅 | 161.77平米 | 南 北,https://ke-image.ljcdn.com/110000-inspection/8ba8a1a8-de0e-476c-8065-1951ae25649a_1000.jpg!m_fill,w_280,h_210,f_jpg?from=ke.com
20230427,丰台,大红门,101118398070,大红门 建欣苑三里 正规三居室 大客厅,492万,54716元/平,高楼层 (共6层) 3室1厅 | 89.92平米 | 西南,https://ke-image.ljcdn.com/110000-inspection/621fefd5-c26f-4ab1-b54f-038edc721e9b_1000.jpg!m_fill,w_280,h_210,f_jpg?from=ke.com
20230427,丰台,大红门,101118338573,南三环 大红门 珠江骏景北区 南北通透 一梯两户,1030万,75663元/平,高楼层 (共11层) | 2004年建 | 3室1厅 | 136.13平米 | 南 北,https://ke-image.ljcdn.com/110000-inspection/deb582fa-c1c2-45f2-9064-7999af7cead9_1000.jpg!m_fill,w_280,h_210,f_jpg?from=ke.com
20230427,丰台,大红门,101118337043,珠江骏景中区 南北通透三居 诚意出售,939万,70054元/平,中楼层 (共14层) | 2002年建 | 3室1厅 | 134.04平米 | 南 北,https://ke-image.ljcdn.com/110000-inspection/pc1_fLQCo1YyH_2.jpg!m_fill,w_280,h_210,f_jpg?from=ke.com
20230427,丰台,大红门,101118282621,珠江骏景南区 2006年 全明格局4居 中高楼层,1480万,83560元/平,高楼层 (共21层) | 2007年建 | 4室2厅 | 177.12平米 | 南 北 东,https://ke-image.ljcdn.com/110000-inspection/16de42a5-5592-48ac-a7fc-92f3f864eb72_1000.jpg!m_fill,w_280,h_210,f_jpg?from=ke.com
20230427,丰台,大红门,101118279069,木樨园地铁口满五唯一带电梯正规两居室配套齐全,322万,54577元/平,低楼层 (共18层) | 1990年建 | 2室1厅 | 59平米 | 西北,https://ke-image.ljcdn.com/110000-inspection/962acd99-605d-4902-9d3b-27fec61c36aa_1000.jpg!m_fill,w_280,h_210,f_jpg?from=ke.com
20230427,丰台,大红门,101118274136,大红门 精装修两居室  满五唯一商品房房主自荐,550万,73265元/平,顶层 (共6层) 3室1厅 | 75.07平米 | 南 北,https://ke-image.ljcdn.com/110000-inspection/8acbe7c2-8e7a-47eb-bfa1-323a7c42d30d_1000.jpg!m_fill,w_280,h_210,f_jpg?from=ke.com
20230427,丰台,大红门,101118272603,建欣苑六里 3室1厅 西南 北,798万,61216元/平,高楼层 (共16层) | 2007年建 | 3室1厅 | 130.36平米 | 西南 北,https://ke-image.ljcdn.com/110000-inspection/pc1_985f67t49.jpg!m_fill,w_280,h_210,f_jpg?from=ke.com
20230427,丰台,大红门,101118240021,临泓路6号院 双地铁 户型方正 精装修 看房方便,575万,57283元/平,低楼层 (共16层) | 2006年建 | 3室1厅 | 100.38平米 | 南 北,https://ke-image.ljcdn.com/110000-inspection/bcac1144-ed2b-4ed8-b146-1864b5f51acf_1000.jpg!m_fill,w_280,h_210,f_jpg?from=ke.com
20230427,丰台,大红门,101118239189,珠江骏景中区南向三居室房本过5年业主诚意出售。,1100万,62204元/平,高楼层 (共24层) | 2002年建 | 3室2厅 | 176.84平米 | 南,https://ke-image.ljcdn.com/110000-inspection/pc1_fYRjZH8CU_1.jpg!m_fill,w_280,h_210,f_jpg?from=ke.com
20230427,丰台,大红门,101118227046,建欣苑四里南北通透户型有装修产权清晰业主诚心出售房主自荐,387万,58196元/平,低楼层 (共6层) | 1998年建 | 2室1厅 | 66.5平米 | 南 北,https://ke-image.ljcdn.com/110000-inspection/4ffdeff4-66e7-4ea5-8909-f5633aac426c_1000.jpg!m_fill,w_280,h_210,f_jpg?from=ke.com
20230427,丰台,大红门,101118221372,建欣苑五里此房业主诚心出售看房方便产权清晰自住房主自荐,555万,54562元/平,底层 (共13层) | 2004年建 | 3室2厅 | 101.72平米 | 东 南,https://ke-image.ljcdn.com/110000-inspection/688feaf9-0dbe-4123-9e0d-57cb1f32e5cf_1000.jpg!m_fill,w_280,h_210,f_jpg?from=ke.com
20230427,丰台,大红门,101118208213,房子门前有不含房本面积独立入户门户型很方正,668万,66647元/平,低楼层 (共15层) | 2007年建 | 2室1厅 | 100.23平米 | 东 西 北,https://ke-image.ljcdn.com/110000-inspection/pc1_tzmC22bt6_1.jpg!m_fill,w_280,h_210,f_jpg?from=ke.com
20230427,丰台,大红门,101118138277,建欣苑四里看房方便南北通透户型双卧室朝南采光好房主自荐,325万,47964元/平,顶层 (共6层) | 1999年建 | 2室1厅 | 67.76平米 | 南 北,https://ke-image.ljcdn.com/110000-inspection/8b0a2df7-3cb3-4903-84e5-7395977fbbc2_1000.jpg!m_fill,w_280,h_210,f_jpg?from=ke.com
20230427,丰台,大红门,101118110400,建欣苑三里 2室1厅 南 北,439万,48584元/平,高楼层 (共12层) | 2003年建 | 2室1厅 | 90.36平米 | 南 北,https://ke-image.ljcdn.com/110000-inspection/3e9f820b-0126-47a4-9b9a-fd3d95972d89_1000.jpg!m_fill,w_280,h_210,f_jpg?from=ke.com
20230427,丰台,大红门,101118101176,南三环/8号线落地阳台精装修采光充足格局方正,505万,68680元/平,低楼层 (共14层) | 2007年建 | 1室1厅 | 73.53平米 | 西,https://ke-image.ljcdn.com/110000-inspection/pc1_BmFNs4eMb.jpg!m_fill,w_280,h_210,f_jpg?from=ke.com
20230427,丰台,大红门,101118044969,金胜嘉谊家园 装修好 2018年小区,1220万,77441元/平,低楼层 (共18层) | 2015年建 | 3室2厅 | 157.54平米 | 南 北,https://ke-image.ljcdn.com/110000-inspection/57f162a2-81c7-4959-a0c4-c5f6da7193e7_1000.jpg!m_fill,w_280,h_210,f_jpg?from=ke.com
20230427,丰台,大红门,101118020773,马家堡 大红门 洋桥 鑫宝苑正规三居 格局方正,808万,56718元/平,高楼层 (共14层) | 2002年建 | 3室1厅 | 142.46平米 | 东 南 西,https://ke-image.ljcdn.com/110000-inspection/f27cd9b6-f492-4276-86e1-464b48eeecfb_1000.jpg!m_fill,w_280,h_210,f_jpg?from=ke.com
20230427,丰台,大红门,101117995134,珠江骏景中区南向三居室满五年唯一诚心出售、,980万,61647元/平,中楼层 (共24层) | 2002年建 | 3室2厅 | 158.97平米 | 西南,https://ke-image.ljcdn.com/110000-inspection/eafdeb12-8f78-4153-9488-a4eb6c0fb99d_1000.jpg!m_fill,w_280,h_210,f_jpg?from=ke.com
20230427,丰台,大红门,101117989747,马家堡东路108号院 远洋自然 正规两居室,670万,67534元/平,高楼层 (共15层) | 2007年建 | 2室1厅 | 99.21平米 | 东 西,https://ke-image.ljcdn.com/110000-inspection/efee09a5-01a9-4b19-9dad-17b0e5012f23_1000.jpg!m_fill,w_280,h_210,f_jpg?from=ke.com
20230427,丰台,大红门,101117985379,大红门建欣苑五里04年正规一居室房主自荐,359万,50757元/平,底层 (共13层) | 2004年建 | 1室1厅 | 70.73平米 | 西南,https://ke-image.ljcdn.com/110000-inspection/dd14d23a-97c6-47ba-b106-ce707207cf52_1000.jpg!m_fill,w_280,h_210,f_jpg?from=ke.com
20230427,丰台,大红门,101117978133,马家堡 大红门建欣苑四里南北通透正规三居室 诚心出售,499万,52115元/平,高楼层 (共6层) | 1997年建 | 3室1厅 | 95.75平米 | 南 北,https://ke-image.ljcdn.com/110000-inspection/66ca5eb7-410c-4113-8b68-ba55d7699a3d_1000.jpg!m_fill,w_280,h_210,f_jpg?from=ke.com
20230427,丰台,大红门,101117976331,朝南一居室！中间层！地铁近！采光好！,249万,58991元/平,中楼层 (共6层) 1室1厅 | 42.21平米 | 南,https://ke-image.ljcdn.com/110000-inspection/3be7a41d-9bd6-4e42-ac91-909b7a9adb18_1000.jpg!m_fill,w_280,h_210,f_jpg?from=ke.com
20230427,丰台,大红门,101117976288,小3居地铁近8号线中高层诚心卖精装修,360万,58215元/平,高楼层 (共6层) 3室1厅 | 61.84平米 | 南 北,https://ke-image.ljcdn.com/110000-inspection/f798a91a-93cc-4d28-a9d0-cba298ef464d_1000.jpg!m_fill,w_280,h_210,f_jpg?from=ke.com
20230427,丰台,大红门,101117976165,满五唯一精装修地铁8号线和10号线视野采光好,299万,55463元/平,顶层 (共6层) 2室1厅 | 53.91平米 | 南 北,https://ke-image.ljcdn.com/110000-inspection/d5e7975f-2087-46e1-9057-42a3492fc5f0_1000.jpg!m_fill,w_280,h_210,f_jpg?from=ke.com
20230427,丰台,大红门,101117972937,建欣苑一里 双地铁 户型好南北通透 有种花空间,459万,61661元/平,底层 (共7层) 2室1厅 | 74.44平米 | 北 南,https://ke-image.ljcdn.com/110000-inspection/fc32029d-19c7-4bea-a952-2924eb8e35cc_1000.jpg!m_fill,w_280,h_210,f_jpg?from=ke.com
20230427,丰台,大红门,101117966480,大红门建欣苑二里精装全明一居室南北通透房主自荐,386万,59957元/平,高楼层 (共6层) | 2000年建 | 1室1厅 | 64.38平米 | 南 北,https://ke-image.ljcdn.com/110000-inspection/f287d468-87d3-463d-9993-9585e6f03ad9_1000.jpg!m_fill,w_280,h_210,f_jpg?from=ke.com
20230427,丰台,大红门,101117901969,珠江骏景北区 1室1厅 南,450万,75176元/平,中楼层 (共24层) | 2005年建 | 1室1厅 | 59.86平米 | 南,https://ke-image.ljcdn.com/110000-inspection/pc1_sUEC8AdYc_2.jpg!m_fill,w_280,h_210,f_jpg?from=ke.com
20230427,丰台,大红门,101117891304,马家堡 金胜嘉谊家园 通透双卫三居 高楼层房主自荐,820万,63938元/平,高楼层 (共18层) | 2017年建 | 3室2厅 | 128.25平米 | 东 西,https://ke-image.ljcdn.com/110000-inspection/pc1_eRP5FswTc_1.jpg!m_fill,w_280,h_210,f_jpg?from=ke.com
20230427,丰台,大红门,101117887420,大红门 地铁10号线 正规一居 建欣苑四里,268万,56612元/平,高楼层 (共6层) | 1999年建 | 1室1厅 | 47.34平米 | 东 西,https://ke-image.ljcdn.com/110000-inspection/pc1_DgeMWsgb0_1.jpg!m_fill,w_280,h_210,f_jpg?from=ke.com
20230427,丰台,大红门,101117883241,大红门 建欣苑 临地铁正规一居 南向,338万,51762元/平,顶层 (共6层) | 2004年建 | 1室1厅 | 65.3平米 | 南,https://ke-image.ljcdn.com/110000-inspection/81b945f3-c430-40aa-a008-ccaaa16e8a5f_1000.jpg!m_fill,w_280,h_210,f_jpg?from=ke.com
20230427,丰台,大红门,101117881140,：满五唯一 无抵押 无户口 南向正规两居室随时签约,630万,69698元/平,底层 (共15层) | 2010年建 | 2室2厅 | 90.39平米 | 南,https://ke-image.ljcdn.com/110000-inspection/ef012480-b541-42ad-a409-5a35636cbf8f_1000.jpg!m_fill,w_280,h_210,f_jpg?from=ke.com
20230427,丰台,大红门,101117881077,海上海花园 满五唯一 全南两居室 采光好 无遮挡,705万,77824元/平,低楼层 (共15层) | 2010年建 | 2室2厅 | 90.59平米 | 南,https://ke-image.ljcdn.com/110000-inspection/35b2fb77-750e-466d-9370-1c7e62991448_1000.jpg!m_fill,w_280,h_210,f_jpg?from=ke.com
20230427,丰台,大红门,101117878991,马家堡 大红门建欣苑二里南北通透精装大三居室 诚心卖房主自荐,699万,50642元/平,顶层 (共6层) | 2000年建 | 3室2厅 | 138.03平米 | 南 北,https://ke-image.ljcdn.com/110000-inspection/3e6d05f5-7ef9-48c6-a2da-0cbe4b720cea_1000.jpg!m_fill,w_280,h_210,f_jpg?from=ke.com
20230427,丰台,大红门,101117878506,大红门 马家堡东路 双阳台全南大两居,625万,69107元/平,底层 (共15层) | 2010年建 | 2室2厅 | 90.44平米 | 南,https://ke-image.ljcdn.com/110000-inspection/c45be936-c4ac-435f-86c6-34235917e4cc_1000.jpg!m_fill,w_280,h_210,f_jpg?from=ke.com
20230427,丰台,大红门,101117878052,马家堡 大红门建欣苑三里 南北通透带电梯精装有钥匙,618万,51973元/平,高楼层 (共12层) | 2004年建 | 2室1厅 | 118.91平米 | 东 南 北,https://ke-image.ljcdn.com/110000-inspection/995e7c7a-e24c-4e6d-a9e3-12eaacdef880_1000.jpg!m_fill,w_280,h_210,f_jpg?from=ke.com
20230427,丰台,大红门,101117876098,地铁10号线8号线大红门站建欣苑南北二居满五唯一住房房主自荐,378万,57282元/平,高楼层 (共6层) 2室1厅 | 65.99平米 | 南 北,https://ke-image.ljcdn.com/110000-inspection/pc1_ePBIr6L1b_1.jpg!m_fill,w_280,h_210,f_jpg?from=ke.com
20230427,丰台,大红门,101117871006,大红门建欣苑四里 南北通透明厅三居室,490万,49123元/平,顶层 (共6层) | 1999年建 | 3室1厅 | 99.75平米 | 南 北,https://ke-image.ljcdn.com/110000-inspection/c30f1a2e-57ba-4c89-b871-59d71878fe54_1000.jpg!m_fill,w_280,h_210,f_jpg?from=ke.com
20230427,丰台,大红门,101117825044,珠江骏景南区 2019年精装双卫生间复式 拎包入住,765万,65074元/平,低楼层 (共23层) | 2007年建 | 2室1厅 | 117.56平米 | 南,https://ke-image.ljcdn.com/110000-inspection/d5b94bae-9f05-4584-95fa-cfb45ae8afc8_1000.jpg!m_fill,w_280,h_210,f_jpg?from=ke.com
20230427,丰台,大红门,101117807595,建欣苑三里南三层东南大一居卧室坐北朝南,309万,51321元/平,中楼层 (共6层) | 2002年建 | 1室1厅 | 60.21平米 | 东南,https://ke-image.ljcdn.com/110000-inspection/18471d25-9642-4a2c-b76f-d3859356eb6a_1000.jpg!m_fill,w_280,h_210,f_jpg?from=ke.com
20230427,丰台,大红门,101117763396,珠江骏景中区满五年商品房 南北朝向 采光充足无遮挡,699万,71015元/平,低楼层 (共24层) 2室1厅 | 98.43平米 | 南 北,https://ke-image.ljcdn.com/110000-inspection/8021ca90-0e11-489a-a380-06cdec11643d_1000.jpg!m_fill,w_280,h_210,f_jpg?from=ke.com
20230427,丰台,大红门,101117715924,南三环8号线格局方正采光充足无遮挡交通方便,453万,71048元/平,中楼层 (共24层) | 2002年建 | 1室1厅 | 63.76平米 | 北,https://ke-image.ljcdn.com/110000-inspection/e9cdc51a-4877-4576-bc8a-af578af850b6_1000.jpg!m_fill,w_280,h_210,f_jpg?from=ke.com
20230427,丰台,大红门,101117677437,骏景三居净层高2.9米 落地弧形飘窗采光视野好。房主自荐,1280万,72382元/平,中楼层 (共24层) | 2002年建 | 3室1厅 | 176.84平米 | 东南,https://ke-image.ljcdn.com/110000-inspection/3aff0859-da67-47fd-8d86-bd0056a14d02_1000.jpg!m_fill,w_280,h_210,f_jpg?from=ke.com
20230427,丰台,大红门,101117660149,永外果园  东南2居近8号线地铁口房主自荐,315万,54783元/平,底层 (共18层) | 1990年建 | 2室1厅 | 57.5平米 | 东南,https://ke-image.ljcdn.com/110000-inspection/pc1_7Qs51Ck48_1.jpg!m_fill,w_280,h_210,f_jpg?from=ke.com
20230427,丰台,大红门,101117618020,南三环 珠江骏景北区 正规大一居 全明格局 视野光线好,488万,70257元/平,顶层 (共18层) | 2004年建 | 1室1厅 | 69.46平米 | 西北,https://ke-image.ljcdn.com/110000-inspection/fd8182cb-575b-4d88-abec-811dd84180ec_1000.jpg!m_fill,w_280,h_210,f_jpg?from=ke.com
20230427,丰台,大红门,101117605536,珠江骏景北区小区中间位置楼层高采光好无遮挡,768万,63262元/平,高楼层 (共18层) 2室1厅 | 121.4平米 | 南,https://ke-image.ljcdn.com/110000-inspection/1b0fc980-8d64-41d9-b164-6c72756af018_1000.jpg!m_fill,w_280,h_210,f_jpg?from=ke.com
20230427,丰台,大红门,101117599279,南三环 大红门 珠江骏景北区 落地阳台 近地铁,298万,57165元/平,中楼层 (共24层) | 2004年建 | 1室0厅 | 52.13平米 | 北,https://ke-image.ljcdn.com/110000-inspection/83a70ba0-bcc7-4210-a23e-698eede05ef2_1000.jpg!m_fill,w_280,h_210,f_jpg?from=ke.com
20230427,丰台,大红门,101117566479,珠江骏景中区 人车分流 前花园后水系 南北通透大三居,1200万,69796元/平,高楼层 (共16层) | 2002年建 | 3室1厅 | 171.93平米 | 南 北,https://ke-image.ljcdn.com/110000-inspection/3264a3dd-de36-4185-84fe-87a179810928_1000.jpg!m_fill,w_280,h_210,f_jpg?from=ke.com
20230427,丰台,大红门,101117550713,珠江骏景北区正南向的两居室业主诚心出售,818万,65577元/平,低楼层 (共24层) | 2005年建 | 2室1厅 | 124.74平米 | 南,https://ke-image.ljcdn.com/110000-inspection/55bd2b06-d994-49b3-9b16-d6176ca1aeff_1000.jpg!m_fill,w_280,h_210,f_jpg?from=ke.com
20230427,丰台,大红门,101117534148,大红门建欣苑四里低楼层南北通透两居室房主自荐,378万,56843元/平,底层 (共6层) 2室1厅 | 66.5平米 | 南 北,https://ke-image.ljcdn.com/110000-inspection/f3020f6a-ab71-4b7d-956b-7c6e192c2b6e_1000.jpg!m_fill,w_280,h_210,f_jpg?from=ke.com
20230427,丰台,大红门,101117394541,珠江骏景中区 2室1厅 北,600万,75066元/平,中楼层 (共24层) | 2004年建 | 2室1厅 | 79.93平米 | 北,https://ke-image.ljcdn.com/110000-inspection/15d570d2-5df9-43d8-ad6b-f100739ebf74_1000.jpg!m_fill,w_280,h_210,f_jpg?from=ke.com
20230427,丰台,大红门,101117361409,南中轴大红门建欣苑三里一居室,408万,52755元/平,顶层 (共6层) | 2002年建 | 1室1厅 | 77.34平米 | 南 北,https://ke-image.ljcdn.com/110000-inspection/pc1_lzHaWiBbg_1.jpg!m_fill,w_280,h_210,f_jpg?from=ke.com
20230427,丰台,大红门,101117361257,珠江骏景北区南北朝向三居室业主诚心出售。,1299万,76525元/平,中楼层 (共14层) | 2005年建 | 3室2厅 | 169.75平米 | 南 北,https://ke-image.ljcdn.com/110000-inspection/9490ea1b-90fd-4be7-a9d5-ab57369fa2e0_1000.jpg!m_fill,w_280,h_210,f_jpg?from=ke.com
20230427,丰台,大红门,101117232899,珠江骏景中区精装高楼层两居室换房诚意卖,785万,64952元/平,中楼层 (共11层) | 2002年建 | 2室1厅 | 120.86平米 | 西南,https://ke-image.ljcdn.com/110000-inspection/pc1_GCrvaxZa5_1.jpg!m_fill,w_280,h_210,f_jpg?from=ke.com
20230427,丰台,大红门,101117209613,八号线 海户屯 正南向 一居室 满五唯一 精装修,258万,70821元/平,地下室 (共6层) 1室1厅 | 36.43平米 | 南,https://ke-image.ljcdn.com/110000-inspection/5a66e411-9c45-4b61-be16-8e24f191387b_1000.jpg!m_fill,w_280,h_210,f_jpg?from=ke.com
20230427,丰台,大红门,101117203105,洋桥 角门 福海小区正规三居两卫 满五唯一 近地铁,869万,59221元/平,中楼层 (共16层) 3室1厅 | 146.74平米 | 西南 东北,https://ke-image.ljcdn.com/110000-inspection/46ae0ce8-6c3f-4a8a-84d6-6a330f0c6416_1000.jpg!m_fill,w_280,h_210,f_jpg?from=ke.com
20230427,丰台,大红门,101117157355,珠江北区复式一居 中间位置中间楼层无遮挡,385万,63177元/平,高楼层 (共18层) | 2005年建 | 1室1厅 | 60.94平米 | 北,https://ke-image.ljcdn.com/110000-inspection/710001cc-6b55-4f31-ab9b-21352b854027_1000.jpg!m_fill,w_280,h_210,f_jpg?from=ke.com
20230427,丰台,大红门,101117151770,远洋自然 满五唯一 正规三居室 南北通透 采光好视野好,859万,68089元/平,低楼层 (共17层) | 2007年建 | 3室2厅 | 126.16平米 | 南 北,https://ke-image.ljcdn.com/110000-inspection/pc1_07SwwXUeI.jpg!m_fill,w_280,h_210,f_jpg?from=ke.com
20230427,丰台,大红门,101117093551,珠江骏景中区正规一室一厅朝小区花园业主诚心出售,445万,69793元/平,低楼层 (共24层) | 2002年建 | 1室1厅 | 63.76平米 | 北 东北,https://ke-image.ljcdn.com/110000-inspection/1e3af392-91f9-450c-af5d-12aa064a4c1d_1000.jpg!m_fill,w_280,h_210,f_jpg?from=ke.com
20230427,丰台,大红门,101116990073,此房满五唯一东南正规两居室中间层看花园交通便利房主自荐,739万,68770元/平,中楼层 (共11层) | 2002年建 | 2室2厅 | 107.46平米 | 东南,https://ke-image.ljcdn.com/110000-inspection/pc1_TagnwlRav.jpg!m_fill,w_280,h_210,f_jpg?from=ke.com
20230427,丰台,大红门,101116297299,10号线大红门站东西向方正二居满五唯一低楼层00年板楼房主自荐,445万,55123元/平,底层 (共6层) | 2000年建 | 2室1厅 | 80.73平米 | 东 西,https://ke-image.ljcdn.com/110000-inspection/ea3dec31-5647-471e-b672-e3df63dfcb02_1000.jpg!m_fill,w_280,h_210,f_jpg?from=ke.com
20230427,丰台,大红门,101115633406,精装修大复式南北通透近地铁。,738万,51215元/平,顶层 (共6层) | 2001年建 | 4室2厅 | 144.1平米 | 南 北,https://ke-image.ljcdn.com/110000-inspection/pc1_4Z7a2jOw8.jpg!m_fill,w_280,h_210,f_jpg?from=ke.com
20230427,丰台,大红门,101115602011,鑫宝苑 满五唯一商品房 低楼层出入方便房主自荐,390万,44988元/平,底层 (共14层) | 2002年建 | 2室1厅 | 86.69平米 | 东 南 北,https://ke-image.ljcdn.com/110000-inspection/pc1_3AeZOoYBr_1.jpg!m_fill,w_280,h_210,f_jpg?from=ke.com
20230427,丰台,大红门,101115106265,远洋自然 满五唯一精装修 高楼层三居 电梯直达地库,1090万,79470元/平,中楼层 (共13层) | 2006年建 | 3室2厅 | 137.16平米 | 南 北,https://ke-image.ljcdn.com/110000-inspection/41e3ba3b-26b5-4469-a89c-55703195541b_1000.jpg!m_fill,w_280,h_210,f_jpg?from=ke.com
20230427,丰台,大红门,101114673501,2017年小区   金胜嘉谊家园  精装三居室,1199万,75576元/平,顶层 (共18层) 3室2厅 | 158.65平米 | 南 北,https://ke-image.ljcdn.com/110000-inspection/a1bc3a0f-9745-4fcb-8ea3-2161cd7842d2_1000.jpg!m_fill,w_280,h_210,f_jpg?from=ke.com
20230427,丰台,大红门,101113475710,满五唯一商品房卧室朝南采光好复式住宅房主自荐,790万,38658元/平,顶层 (共6层) 4室2厅 | 204.36平米 | 西南,https://ke-image.ljcdn.com/110000-inspection/pc1_jGqALALM7_1.jpg!m_fill,w_280,h_210,f_jpg?from=ke.com
20230427,丰台,大红门,101111723545,南三环 地铁 南向四面宽 采光好 顶层复式房主自荐,810万,44272元/平,高楼层 (共7层) | 2001年建 | 6室2厅 | 182.96平米 | 南 北,https://ke-image.ljcdn.com/110000-inspection/pc1_E32Aa2TEq_1.jpg!m_fill,w_280,h_210,f_jpg?from=ke.com
20230427,丰台,大红门,101118988273,珠江骏景中区 2室1厅 北新上,547万,68435元/平,中楼层 (共24层) 2室1厅 | 79.93平米 | 北,https://s1.ljcdn.com/pegasus/redskull/images/common/default_house_list.png?_v=20230424175303437
20230427,丰台,大红门,101118974479,果园小区 正规两居室 全明格局 采光充足新上,288万,61671元/平,中楼层 (共18层) | 1987年建 | 1室1厅 | 46.7平米 | 西北,https://s1.ljcdn.com/pegasus/redskull/images/common/default_house_list.png?_v=20230424175303437
20230427,丰台,大红门,101118971513,福海小区 高楼层视野好 满五唯一 近地铁新上,580万,67216元/平,顶层 (共14层) | 2004年建 | 2室1厅 | 86.29平米 | 南 北,https://s1.ljcdn.com/pegasus/redskull/images/common/default_house_list.png?_v=20230424175303437
20230427,丰台,大红门,101118949959,大红门建欣苑四里南北两居室中间楼层新上,398万,59297元/平,中楼层 (共6层) | 1998年建 | 2室2厅 | 67.12平米 | 南 北,https://s1.ljcdn.com/pegasus/redskull/images/common/default_house_list.png?_v=20230424175303437
20230427,丰台,大红门,101118928722,建欣苑四里 2室1厅 南 北新上,393万,58544元/平,中楼层 (共6层) 2室1厅 | 67.13平米 | 南 北,https://s1.ljcdn.com/pegasus/redskull/images/common/default_house_list.png?_v=20230424175303437
20230427,丰台,大红门,101118875441,建欣苑三里 精装修 大客厅南北两居室,589万,66314元/平,高楼层 (共6层) 2室1厅 | 88.82平米 | 南 北,https://s1.ljcdn.com/pegasus/redskull/images/common/default_house_list.png?_v=20230424175303437
20230427,丰台,大红门,101118806548,珠江骏景南区房本满五年业主诚心出售。,399万,60209元/平,中楼层 (共13层) | 2006年建 | 2室1厅 | 66.27平米 | 西,https://s1.ljcdn.com/pegasus/redskull/images/common/default_house_list.png?_v=20230424175303437
20230427,丰台,大红门,101118783093,苗圃西里 地铁8号线和10号线 户型方正 采光好 无遮挡,380万,70137元/平,中楼层 (共6层) | 1980年建 | 2室1厅 | 54.18平米 | 南 北,https://s1.ljcdn.com/pegasus/redskull/images/common/default_house_list.png?_v=20230424175303437
20230427,丰台,大红门,101118766015,珠江骏景中区正规两居室全明格局满五年唯诚心售。,785万,77631元/平,中楼层 (共24层) | 2002年建 | 2室1厅 | 101.12平米 | 南 北,https://s1.ljcdn.com/pegasus/redskull/images/common/default_house_list.png?_v=20230424175303437
20230427,丰台,大红门,101118758503,金胜嘉谊家园 正规三居室 南北通透 高楼层,1230万,78847元/平,中楼层 (共16层) | 2015年建 | 3室2厅 | 156平米 | 南 北,https://s1.ljcdn.com/pegasus/redskull/images/common/default_house_list.png?_v=20230424175303437
20230427,丰台,大红门,101118669890,三环珠江骏景小区中间位置南北通透大三居前后花园,1200万,69796元/平,中楼层 (共16层) 3室1厅 | 171.93平米 | 南 北,https://s1.ljcdn.com/pegasus/redskull/images/common/default_house_list.png?_v=20230424175303437
20230427,丰台,大红门,101118655671,珠江骏景北区 车位,33万,9451元/平,地下室 (共1层) 1室0厅 | 34.92平米 | 北,https://ke-image.ljcdn.com/110000-inspection/bb56912c-f066-49ed-91c2-f38d432d22a7.jpg!m_fill,w_280,h_210,f_jpg?from=ke.com
20230427,丰台,大红门,101118620838,珠江骏景北区 地铁8号线 东南朝向双卫精装大两居房主自荐,808万,75486元/平,中楼层 (共18层) 2室1厅 | 107.04平米 | 东南,https://s1.ljcdn.com/pegasus/redskull/images/common/default_house_list.png?_v=20230424175303437
20230427,丰台,大红门,101118533130,珠江骏景北区 双卫两居室 东西通透 诚意出售,960万,74385元/平,低楼层 (共11层) | 2005年建 | 2室1厅 | 129.06平米 | 东 西,https://s1.ljcdn.com/pegasus/redskull/images/common/default_house_list.png?_v=20230424175303437
20230427,丰台,大红门,101118511891,地铁10号线大红门07年建成塔楼东向一居满五唯一中高层房主自荐,435万,56619元/平,中楼层 (共16层) | 2007年建 | 1室1厅 | 76.83平米 | 东,https://s1.ljcdn.com/pegasus/redskull/images/common/default_house_list.png?_v=20230424175303437
20230427,丰台,大红门,101118511544,金胜嘉谊家园 正规四居室 两梯两户 南北通透,1500万,78305元/平,低楼层 (共18层) 4室2厅 | 191.56平米 | 南 北,https://s1.ljcdn.com/pegasus/redskull/images/common/default_house_list.png?_v=20230424175303437
20230427,丰台,大红门,101117996771,马家堡东路108号院 远洋自然 正规三居室,1100万,72747元/平,低楼层 (共10层) | 2007年建 | 3室2厅 | 151.21平米 | 南 北 西,https://s1.ljcdn.com/pegasus/redskull/images/common/default_house_list.png?_v=20230424175303437
20230427,丰台,大红门,101117964328,远洋自然 车位,21万,6705元/平,地下室 (共1层) | 2006年建 | 1室0厅 | 31.32平米 | 南,https://s1.ljcdn.com/pegasus/redskull/images/common/default_house_list.png?_v=20230424175303437
20230427,丰台,大红门,101117879970,马家堡大红门 远洋自然 板楼南北三居 全明户型 高楼层房主自荐,896万,71744元/平,中楼层 (共10层) | 2007年建 | 3室2厅 | 124.89平米 | 南 北 东,https://ke-image.ljcdn.com/110000-inspection/12f4a9aa-5bbb-41b3-b7df-99dab80b92b9.png!m_fill,w_280,h_210,f_jpg?from=ke.com
20230427,丰台,大红门,101117761378,南三环/8号线朝南一居楼层好采光充足满五唯一！,450万,69974元/平,高楼层 (共24层) | 2004年建 | 1室0厅 | 64.31平米 | 南,https://s1.ljcdn.com/pegasus/redskull/images/common/default_house_list.png?_v=20230424175303437
20230427,丰台,大红门,101117335920,珠江骏景北区 车位,33万,9218元/平,地下室 (共1层) | 2008年建 | 1室0厅 | 35.8平米 | 南,https://ke-image.ljcdn.com/110000-inspection/49099b2b-e3c3-4ac0-8952-978ed16f1420.jpeg!m_fill,w_280,h_210,f_jpg?from=ke.com
20230427,丰台,大红门,101116999326,大红门东门里低楼层采光好三居室,418万,51026元/平,低楼层 (共6层) | 1995年建 | 3室1厅 | 81.92平米 | 东 南 北,https://s1.ljcdn.com/pegasus/redskull/images/common/default_house_list.png?_v=20230424175303437
20230427,丰台,大红门,101116627817,珠江骏景中区 地下车位出售 随时看,45万,13885元/平,地下室 (共1层) 1室0厅 | 32.41平米 | 南,https://ke-image.ljcdn.com/110000-inspection/a77d9db6b8712f9d376bf89a922dc537-056.jpg!m_fill,w_280,h_210,f_jpg?from=ke.com
20230427,丰台,大红门,101116627766,珠江骏景中区 产权车位出售 有需要随时看,45万,13885元/平,地下室 (共1层) 1室0厅 | 32.41平米 | 南,https://ke-image.ljcdn.com/110000-inspection/ac529944f113a2261ded873a2d733ee2-010.jpg!m_fill,w_280,h_210,f_jpg?from=ke.com
20230427,丰台,大红门,101116192367,珠江骏景北区产权车位业主诚心出售,27万,8354元/平,地下室 (共1层) | 2008年建 | 1室0厅 | 32.32平米 | 南,https://ke-image.ljcdn.com/110000-inspection/58607410ed689caa301dd70943fc075e-081.jpg!m_fill,w_280,h_210,f_jpg?from=ke.com
20230427,丰台,大红门,101116192346,珠江骏景北区产权车位业主诚心出售。,30万,9283元/平,地下室 (共1层) | 2008年建 | 1室0厅 | 32.32平米 | 南,https://ke-image.ljcdn.com/110000-inspection/590ee6c87f8cbdb1deb8f49eaa72a438-097.jpg!m_fill,w_280,h_210,f_jpg?from=ke.com
20230427,丰台,大红门,101109903227,珠江骏景北区北向开间视野宽阔交通便利。,210万,40960元/平,低楼层 (共24层) | 2004年建 | 1室0厅 | 51.27平米 | 北,https://s1.ljcdn.com/pegasus/redskull/images/common/default_house_list.png?_v=20230424175303437
