20231017,房山,窦店,101121368294,万科幸福汇 3室2厅 南 北必看好房,195万,20557元/平,高楼层 (共13层) | 2014年建 | 3室2厅 | 94.86平米 | 南 北,https://ke-image.ljcdn.com/110000-inspection/pc1_d3ZuWFoYM_1.jpg!m_fill,w_280,h_210,f_jpg?from=ke.com
20231017,房山,窦店,101121321299,万科幸福汇 3室1厅 南 北必看好房,210万,22073元/平,中楼层 (共13层) | 2014年建 | 3室1厅 | 95.14平米 | 南 北,https://ke-image.ljcdn.com/110000-inspection/pc1_04qMLkgB9_1.jpg!m_fill,w_280,h_210,f_jpg?from=ke.com
20231017,房山,窦店,101121315480,房山 沁园春景 简装一居室 低楼层 集中供暖 满五唯一必看好房,86万,26124元/平,底层 (共6层) 1室1厅 | 32.92平米 | 南,https://ke-image.ljcdn.com/110000-inspection/pc1_O3iS51Can_2.jpg!m_fill,w_280,h_210,f_jpg?from=ke.com
20231017,房山,窦店,101120895357,北京城建琨廷北区 3室2厅 南 北必看好房,296万,22021元/平,中楼层 (共9层) | 2014年建 | 3室2厅 | 134.42平米 | 南 北,https://ke-image.ljcdn.com/110000-inspection/pc1_riCQ2v0Cv.jpg!m_fill,w_280,h_210,f_jpg?from=ke.com
20231017,房山,窦店,101120798329,华城家园 精装舒适 满五唯一 密码钥匙 诚意充足必看好房,108万,9463元/平,高楼层 (共6层) | 2005年建 | 3室1厅 | 114.14平米 | 南 北,https://ke-image.ljcdn.com/110000-inspection/pc1_RZm0lj5ZY_2.jpg!m_fill,w_280,h_210,f_jpg?from=ke.com
20231017,房山,窦店,101121323602,万科幸福汇3居 满五唯一 精装修 南北通透 视野开阔房主自荐,219万,23058元/平,中楼层 (共12层) | 2014年建 | 3室2厅 | 94.98平米 | 南 北,https://ke-image.ljcdn.com/110000-inspection/pc1_6kBcUSIi5_2.jpg!m_fill,w_280,h_210,f_jpg?from=ke.com
20231017,房山,窦店,101121287724,山水汇豪苑精装修两居室中间楼层拎包入住,140万,18434元/平,中楼层 (共6层) 2室1厅 | 75.95平米 | 南 北,https://ke-image.ljcdn.com/110000-inspection/pc1_guyDwmM6N.jpg!m_fill,w_280,h_210,f_jpg?from=ke.com
20231017,房山,窦店,101121275848,世界名园北区 2室2厅 东 西房主自荐,155万,12467元/平,中楼层 (共6层) | 2011年建 | 2室2厅 | 124.33平米 | 东 西,https://ke-image.ljcdn.com/110000-inspection/pc1_Be0hxcMK8_1.jpg!m_fill,w_280,h_210,f_jpg?from=ke.com
20231017,房山,窦店,101121225995,城建琨廷南区三居室户型方正101.76,230万,22603元/平,高楼层 (共15层) 3室1厅 | 101.76平米 | 南 北,https://ke-image.ljcdn.com/110000-inspection/pc1_7PAoFhuNc.jpg!m_fill,w_280,h_210,f_jpg?from=ke.com
20231017,房山,窦店,101121156472,沁馥家园两居室 二层 换房自住看房方便,120万,13395元/平,低楼层 (共6层) 2室1厅 | 89.59平米 | 南 北,https://ke-image.ljcdn.com/110000-inspection/pc1_v8uU9d9v2_2.jpg!m_fill,w_280,h_210,f_jpg?from=ke.com
20231017,房山,窦店,101121011748,世界名园北区 3室2厅 南 北,195万,15678元/平,中楼层 (共6层) | 2007年建 | 3室2厅 | 124.38平米 | 南 北,https://ke-image.ljcdn.com/110000-inspection/e1f948f0-1688-4091-b7dd-bce8908cb9ea_1000.jpg!m_fill,w_280,h_210,f_jpg?from=ke.com
20231017,房山,窦店,101120976413,北京城建琨廷北区 三居室 满五唯一  南北通透 视野好,192万,20103元/平,低楼层 (共14层) 3室2厅 | 95.51平米 | 南 北,https://ke-image.ljcdn.com/110000-inspection/pc1_rsLn3ivR9.jpg!m_fill,w_280,h_210,f_jpg?from=ke.com
20231017,房山,窦店,101120936801,万科幸福汇5号楼117  285万,285万,24335元/平,中楼层 (共5层) | 2015年建 | 3室2厅 | 117.12平米 | 南 北,https://ke-image.ljcdn.com/110000-inspection/pc1_TU1RRovXQ_2.jpg!m_fill,w_280,h_210,f_jpg?from=ke.com
20231017,房山,窦店,101120865202,山水汇豪苑A区 1室1厅 南 北,118万,18683元/平,中楼层 (共6层) 1室1厅 | 63.16平米 | 南 北,https://ke-image.ljcdn.com/110000-inspection/pc1_Z30x9uC2c_2.jpg!m_fill,w_280,h_210,f_jpg?from=ke.com
20231017,房山,窦店,101120824510,田家园小区 2室1厅 南 北,152万,16257元/平,低楼层 (共6层) | 2004年建 | 2室1厅 | 93.5平米 | 南 北,https://ke-image.ljcdn.com/110000-inspection/pc1_lHDfn2hmD.jpg!m_fill,w_280,h_210,f_jpg?from=ke.com
20231017,房山,窦店,101120692621,北京城建琨廷南区 精装修 四居室 电梯洋房,360万,25181元/平,中楼层 (共6层) 3室2厅 | 142.97平米 | 南 北,https://ke-image.ljcdn.com/110000-inspection/pc1_WhhUJg2pY.jpg!m_fill,w_280,h_210,f_jpg?from=ke.com
20231017,房山,窦店,101120589448,万科幸福汇两居南北通透 带电梯必看好房,175万,22223元/平,中楼层 (共7层) | 2015年建 | 2室1厅 | 78.75平米 | 南 北,https://ke-image.ljcdn.com/110000-inspection/pc1_BwPUSGCqe.jpg!m_fill,w_280,h_210,f_jpg?from=ke.com
20231017,房山,窦店,101120443384,万科幸福汇 南北通透 位置好 高楼层 采光好,178万,22154元/平,中楼层 (共15层) 2室1厅 | 80.35平米 | 南 北,https://ke-image.ljcdn.com/110000-inspection/pc1_OFeeQdtCh.jpg!m_fill,w_280,h_210,f_jpg?from=ke.com
20231017,房山,窦店,101120258655,万科幸福汇 采光充足 南北通透 精装修,185万,21062元/平,中楼层 (共11层) | 2012年建 | 2室1厅 | 87.84平米 | 南 北,https://ke-image.ljcdn.com/110000-inspection/26e186bd-e3c5-4169-8df9-a698bc758c27_1000.jpg!m_fill,w_280,h_210,f_jpg?from=ke.com
20231017,房山,窦店,101120175558,田家园小区全明格局居住舒适厨房很大适合喜欢下厨的您,159万,16232元/平,底层 (共6层) 2室2厅 | 97.96平米 | 南 北,https://ke-image.ljcdn.com/110000-inspection/pc1_LPhcGvCTP_2.jpg!m_fill,w_280,h_210,f_jpg?from=ke.com
20231017,房山,窦店,101120160216,万科幸福汇 精装修 南北通透3居 满五唯一 中间楼层必看好房,207万,21735元/平,中楼层 (共15层) | 2016年建 | 3室1厅 | 95.24平米 | 南 北,https://ke-image.ljcdn.com/110000-inspection/pc1_wclgDULCB_1.jpg!m_fill,w_280,h_210,f_jpg?from=ke.com
20231017,房山,窦店,101120055662,万科幸福汇 南北通透 精装修 满五唯一 视野开阔必看好房,175万,20999元/平,中楼层 (共15层) 2室1厅 | 83.34平米 | 南 北,https://ke-image.ljcdn.com/110000-inspection/ba315c36-bb38-4ad3-bf18-783f25ad7c8e_1000.jpg!m_fill,w_280,h_210,f_jpg?from=ke.com
20231017,房山,窦店,101119999525,次新电梯房满五唯一南北通透格局视野宽阔必看好房,200万,19589元/平,顶层 (共14层) | 2014年建 | 3室1厅 | 102.1平米 | 南 北,https://ke-image.ljcdn.com/110000-inspection/f9ad1a36-d412-4160-b376-496adfc6bfd2_1000.jpg!m_fill,w_280,h_210,f_jpg?from=ke.com
20231017,房山,窦店,101119903342,沁园春景只契税中间层集中供暖位置安静,139万,15677元/平,中楼层 (共6层) 2室1厅 | 88.67平米 | 南 北,https://ke-image.ljcdn.com/110000-inspection/187948cd-8a0c-4172-beb7-c3d15276f7bb_1000.jpg!m_fill,w_280,h_210,f_jpg?from=ke.com
20231017,房山,窦店,101119785882,世界名园北区 南北通透3居2卫 满五唯一 有电梯,189万,13405元/平,中楼层 (共10层) | 2011年建 | 3室2厅 | 141平米 | 南 北,https://ke-image.ljcdn.com/110000-inspection/pc1_aBBONdeSG_1.jpg!m_fill,w_280,h_210,f_jpg?from=ke.com
20231017,房山,窦店,101119715585,北京城建琨廷北区南北向两居室明厨明卫精装修2室2厅,195万,21893元/平,低楼层 (共15层) | 2014年建 | 2室2厅 | 89.07平米 | 南,https://ke-image.ljcdn.com/110000-inspection/pc1_AbbIwHxvH_1.jpg!m_fill,w_280,h_210,f_jpg?from=ke.com
20231017,房山,窦店,101119702241,万科幸福汇 3室1厅 南 北房主自荐,210万,21958元/平,高楼层 (共15层) 3室1厅 | 95.64平米 | 南 北,https://ke-image.ljcdn.com/110000-inspection/pc1_mci1wFElV_1.jpg!m_fill,w_280,h_210,f_jpg?from=ke.com
20231017,房山,窦店,101119672317,北京城建琨廷北区 精装修 全明格局 经典户型 二居室,185万,19996元/平,高楼层 (共15层) | 2014年建 | 2室1厅 | 92.52平米 | 南 北,https://ke-image.ljcdn.com/110000-inspection/pc1_Hw7AhLvXQ_2.jpg!m_fill,w_280,h_210,f_jpg?from=ke.com
20231017,房山,窦店,101119593847,世界名园D区 2室1厅 南 北,148万,15850元/平,中楼层 (共9层) 2室1厅 | 93.38平米 | 南 北,https://ke-image.ljcdn.com/110000-inspection/8ce7ee5b-da93-402d-be13-c7f6546e49bf_1000.jpg!m_fill,w_280,h_210,f_jpg?from=ke.com
20231017,房山,窦店,101119584047,琨廷北区方正两居室全明精装修电梯九层房主自荐,192万,21557元/平,中楼层 (共15层) 2室1厅 | 89.07平米 | 南 北,https://ke-image.ljcdn.com/110000-inspection/pc1_fiS2pKbpN.jpg!m_fill,w_280,h_210,f_jpg?from=ke.com
20231017,房山,窦店,101119547354,沁园春景 满五唯一 南北通透 视野好 采光好 配套齐全,123万,14756元/平,高楼层 (共6层) | 2003年建 | 2室1厅 | 83.36平米 | 南 北,https://ke-image.ljcdn.com/110000-inspection/pc1_1e2lDFHKd_2.jpg!m_fill,w_280,h_210,f_jpg?from=ke.com
20231017,房山,窦店,101119501329,沁馥家园双卫三居户型方正客厅采光充足楼层好,125万,12388元/平,中楼层 (共6层) 3室2厅 | 100.91平米 | 南 北,https://ke-image.ljcdn.com/110000-inspection/pc1_rwNIjunip.jpg!m_fill,w_280,h_210,f_jpg?from=ke.com
20231017,房山,窦店,101119440411,琨廷北区电梯入户七层全明人工湖旁大三居必看好房,276万,21803元/平,高楼层 (共9层) | 2014年建 | 3室2厅 | 126.59平米 | 南 北,https://ke-image.ljcdn.com/110000-inspection/0730fa02-55f9-4f32-891b-900899f90136_1000.jpg!m_fill,w_280,h_210,f_jpg?from=ke.com
20231017,房山,窦店,101119375351,山水汇豪苑A区 2室1厅 南 北,129万,17363元/平,中楼层 (共6层) | 2003年建 | 2室1厅 | 74.3平米 | 南 北,https://ke-image.ljcdn.com/110000-inspection/pc1_k8mbDFBc7_1.jpg!m_fill,w_280,h_210,f_jpg?from=ke.com
20231017,房山,窦店,101119368257,田家园 南北通透3居2卫 周边配套齐全 看房方便,198万,14553元/平,低楼层 (共6层) 3室2厅 | 136.06平米 | 南 北,https://ke-image.ljcdn.com/110000-inspection/pc1_fiEB70ciY_2.jpg!m_fill,w_280,h_210,f_jpg?from=ke.com
20231017,房山,窦店,101119148664,世界名园南区 3室2厅 南 北,200万,15247元/平,高楼层 (共6层) | 2011年建 | 3室2厅 | 131.18平米 | 南 北,https://ke-image.ljcdn.com/110000-inspection/pc1_5RrjCTkYz.jpg!m_fill,w_280,h_210,f_jpg?from=ke.com
20231017,房山,窦店,101119090600,满五唯一南北通透三居房子在5层户型方正,145万,14799元/平,高楼层 (共6层) 3室1厅 | 97.98平米 | 南 北,https://ke-image.ljcdn.com/110000-inspection/pc1_eowkjQmei_2.jpg!m_fill,w_280,h_210,f_jpg?from=ke.com
20231017,房山,窦店,101119013042,北京城建琨廷北区 南北通透  一层 采光好 视野开阔,179万,20814元/平,底层 (共15层) | 2014年建 | 2室1厅 | 86平米 | 南 北,https://ke-image.ljcdn.com/110000-inspection/prod-b9f5550c-04ea-4e62-a14e-cc0657790f49.jpg!m_fill,w_280,h_210,f_jpg?from=ke.com
20231017,房山,窦店,101118853078,世界名园北区 3室2厅 南 北必看好房,186万,12653元/平,中楼层 (共6层) 3室2厅 | 147.01平米 | 南 北,https://ke-image.ljcdn.com/110000-inspection/pc1_qergdKAKU.jpg!m_fill,w_280,h_210,f_jpg?from=ke.com
20231017,房山,窦店,101118809490,世界名园北区 南北通透 位置安静 采光充足,159.8万,15630元/平,底层 (共6层) 2室2厅 | 102.24平米 | 南 北,https://ke-image.ljcdn.com/110000-inspection/pc1_s9tGiqh61_1.jpg!m_fill,w_280,h_210,f_jpg?from=ke.com
20231017,房山,窦店,101118716377,田家园小区 南北通透两居室 户型方正 采光好,133万,14490元/平,中楼层 (共6层) 2室2厅 | 91.79平米 | 南 北,https://ke-image.ljcdn.com/110000-inspection/pc1_TQDHsj18Q.jpg!m_fill,w_280,h_210,f_jpg?from=ke.com
20231017,房山,窦店,101118487749,沁园春景家园中低楼层配套齐全2居室,129万,15179元/平,中楼层 (共5层) | 2005年建 | 2室1厅 | 84.99平米 | 南 北,https://ke-image.ljcdn.com/110000-inspection/pc1_d7vqgScq6.jpg!m_fill,w_280,h_210,f_jpg?from=ke.com
20231017,房山,窦店,101118430099,金鑫苑小区  南北通透大三居  采光好,120万,10898元/平,高楼层 (共6层) 3室2厅 | 110.12平米 | 南 北,https://ke-image.ljcdn.com/110000-inspection/pc1_VaL7OB583.jpg!m_fill,w_280,h_210,f_jpg?from=ke.com
20231017,房山,窦店,101118399763,北京城建琨廷北区 经典户型 南北通透 全明格局二居室房主自荐,180万,20209元/平,底层 (共15层) | 2014年建 | 2室2厅 | 89.07平米 | 南 北,https://ke-image.ljcdn.com/110000-inspection/pc1_FhMRurqrT_1.jpg!m_fill,w_280,h_210,f_jpg?from=ke.com
20231017,房山,窦店,101118359286,田家园住宅小区满五唯一低楼层采光好,149万,16069元/平,低楼层 (共6层) 2室1厅 | 92.73平米 | 南 北,https://ke-image.ljcdn.com/110000-inspection/pc1_bW12FdlO8_2.jpg!m_fill,w_280,h_210,f_jpg?from=ke.com
20231017,房山,窦店,101118213654,满5唯一大2居6层电梯洋房。只有契税。,155万,14751元/平,中楼层 (共6层) 2室1厅 | 105.08平米 | 南 北,https://ke-image.ljcdn.com/110000-inspection/pc1_p1rtUFPOd_2.jpg!m_fill,w_280,h_210,f_jpg?from=ke.com
20231017,房山,窦店,101118137685,田家园小区——采光好南北通透户型方正,123万,13261元/平,顶层 (共6层) | 2007年建 | 2室1厅 | 92.76平米 | 南 北,https://ke-image.ljcdn.com/110000-inspection/pc1_WUhsY7nKL.jpg!m_fill,w_280,h_210,f_jpg?from=ke.com
20231017,房山,窦店,101118077111,沁园春景中间层满五唯一通透两居采光好,132万,14661元/平,中楼层 (共6层) | 2003年建 | 2室2厅 | 90.04平米 | 南 北,https://ke-image.ljcdn.com/110000-inspection/pc1_dNEIuf9S6.jpg!m_fill,w_280,h_210,f_jpg?from=ke.com
20231017,房山,窦店,101118057101,田家园小区 2室1厅 南 北,159万,16392元/平,低楼层 (共6层) | 2006年建 | 2室1厅 | 97平米 | 南 北,https://ke-image.ljcdn.com/110000-inspection/pc1_4MeJ4JyLg_1.jpg!m_fill,w_280,h_210,f_jpg?from=ke.com
20231017,房山,窦店,101118015272,城建琨廷北区满五唯一精装带车位南北通透三居室,268万,20999元/平,低楼层 (共9层) 3室2厅 | 127.63平米 | 南 北,https://ke-image.ljcdn.com/110000-inspection/pc1_iwSuXbKNQ.jpg!m_fill,w_280,h_210,f_jpg?from=ke.com
20231017,房山,窦店,101118009110,世界名园北区三居两卫视野好交通方便优质房源,191万,13547元/平,中楼层 (共10层) 3室2厅 | 141平米 | 南 北,https://ke-image.ljcdn.com/110000-inspection/pc1_asJLfEu47.jpg!m_fill,w_280,h_210,f_jpg?from=ke.com
20231017,房山,窦店,101117982662,沁园.春景家园  两居室  满五唯一 视野宽阔必看好房,119万,12443元/平,中楼层 (共6层) | 2005年建 | 2室1厅 | 95.64平米 | 南 西,https://ke-image.ljcdn.com/110000-inspection/pc1_ISEMVqfQm_2.jpg!m_fill,w_280,h_210,f_jpg?from=ke.com
20231017,房山,窦店,101117816950,山水汇豪苑A区 3室2厅 南 北,215万,17494元/平,底层 (共5层) | 2007年建 | 3室2厅 | 122.9平米 | 南 北,https://ke-image.ljcdn.com/110000-inspection/f694dc96-47c8-4d91-a5f0-886d5f455a1d_1000.jpg!m_fill,w_280,h_210,f_jpg?from=ke.com
20231017,房山,窦店,101117739216,世界名园北区 3室2厅 东 西,165万,13375元/平,低楼层 (共6层) 3室2厅 | 123.37平米 | 东 西,https://ke-image.ljcdn.com/110000-inspection/pc1_Ed5mBsh2s.jpg!m_fill,w_280,h_210,f_jpg?from=ke.com
20231017,房山,窦店,101117667501,北京城建琨廷南区 客厅带阳台 俯瞰公园 满五唯一必看好房,170万,19830元/平,低楼层 (共15层) | 2015年建 | 2室1厅 | 85.73平米 | 南 北,https://ke-image.ljcdn.com/110000-inspection/pc1_mRgxlujgl_2.jpg!m_fill,w_280,h_210,f_jpg?from=ke.com
20231017,房山,窦店,101117533913,世界名园南区 2室1厅 东 西,125万,15647元/平,中楼层 (共6层) | 2011年建 | 2室1厅 | 79.89平米 | 东 西,https://ke-image.ljcdn.com/110000-inspection/pc1_h6K4CDRWp_2.jpg!m_fill,w_280,h_210,f_jpg?from=ke.com
20231017,房山,窦店,101117057827,北京城建琨廷南区业主诚心出售,176万,20547元/平,中楼层 (共15层) 2室1厅 | 85.66平米 | 南 北,https://ke-image.ljcdn.com/110000-inspection/pc1_4IUTY9ppC_2.jpg!m_fill,w_280,h_210,f_jpg?from=ke.com
20231017,房山,窦店,101116436350,北京城建琨廷南区 南北通透 高楼层 视野开阔 采光好房主自荐,205万,22804元/平,高楼层 (共15层) | 2015年建 | 2室1厅 | 89.9平米 | 南 北,https://ke-image.ljcdn.com/110000-inspection/pc1_kM2lW3Gcx.jpg!m_fill,w_280,h_210,f_jpg?from=ke.com
20231017,房山,窦店,101116119665,京南嘉园南北通透三居采光充足低楼层,155万,11261元/平,低楼层 (共6层) 3室2厅 | 137.65平米 | 南 北,https://ke-image.ljcdn.com/110000-inspection/pc1_TQegOcizk.jpg!m_fill,w_280,h_210,f_jpg?from=ke.com
20231017,房山,窦店,101116107744,田家园小区 3室1厅 南 北,196万,16294元/平,中楼层 (共6层) | 2007年建 | 3室1厅 | 120.29平米 | 南 北,https://ke-image.ljcdn.com/110000-inspection/pc1_GbwM4HgBS_1.jpg!m_fill,w_280,h_210,f_jpg?from=ke.com
20231017,房山,窦店,101114617259,万科幸福汇南北通透精装两居室洋房房主自荐,178万,22754元/平,中楼层 (共7层) | 2015年建 | 2室1厅 | 78.23平米 | 南 北,https://ke-image.ljcdn.com/110000-inspection/pc1_Y121lEoN7_1.jpg!m_fill,w_280,h_210,f_jpg?from=ke.com
20231017,房山,窦店,101114286558,沁馥家园 大三居 二层 满五年 大客厅,165万,14464元/平,低楼层 (共6层) | 2004年建 | 3室2厅 | 114.08平米 | 南 北,https://ke-image.ljcdn.com/110000-inspection/pc1_24i9V75Ae_2.jpg!m_fill,w_280,h_210,f_jpg?from=ke.com
20231017,房山,窦店,101111735648,山水汇豪顶层106平毛坯三居室随时能看房,139万,13077元/平,顶层 (共6层) 3室2厅 | 106.3平米 | 南 北,https://ke-image.ljcdn.com/110000-inspection/pc1_HdEtexABQ_1.jpg!m_fill,w_280,h_210,f_jpg?from=ke.com
20231017,房山,窦店,101109557541,万科幸福汇满五唯一精装中间楼层三居室,216万,22742元/平,中楼层 (共12层) | 2014年建 | 3室1厅 | 94.98平米 | 南 北,https://ke-image.ljcdn.com/110000-inspection/pc1_l6nYWdmEF_1.jpg!m_fill,w_280,h_210,f_jpg?from=ke.com
20231017,房山,窦店,101121323890,提香草堂 满五唯一 精装 南厅南苑 舒适 豁亮必看好房,898万,34893元/平,底层 (共2层) | 2006年建 | 5室3厅 | 257.36平米 | 南 北,https://ke-image.ljcdn.com/110000-inspection/pc1_dHhcDz7e5_2.jpg!m_fill,w_280,h_210,f_jpg?from=ke.com
20231017,房山,窦店,101121140153,田家园小区 中间楼层 满五唯一 只有契税,198万,16218元/平,中楼层 (共6层) | 2007年建 | 3室2厅 | 122.09平米 | 南 北,https://ke-image.ljcdn.com/110000-inspection/f6c0762d-8ed9-441f-b773-9de671e9f31f_1000.jpg!m_fill,w_280,h_210,f_jpg?from=ke.com
20231017,房山,窦店,101121139893,山水汇豪苑A区——三居双卫三阳台位置安静必看好房,149万,15289元/平,中楼层 (共5层) 3室2厅 | 97.46平米 | 南 北,https://ke-image.ljcdn.com/110000-inspection/pc1_wwfdRZ1q9.jpg!m_fill,w_280,h_210,f_jpg?from=ke.com
20231017,房山,窦店,101120878692,金鑫苑小区南北通透大阳台户型方正舒适度高,135万,9176元/平,顶层 (共6层) 3室2厅 | 147.13平米 | 南 北,https://ke-image.ljcdn.com/110000-inspection/pc1_y3OaxI41l_2.jpg!m_fill,w_280,h_210,f_jpg?from=ke.com
20231017,房山,窦店,101120704503,山水汇豪2居室诚心出售看房随时,127万,16833元/平,中楼层 (共5层) 2室1厅 | 75.45平米 | 南 北,https://ke-image.ljcdn.com/110000-inspection/pc1_IcjLGcClC_2.jpg!m_fill,w_280,h_210,f_jpg?from=ke.com
20231017,房山,窦店,101120187299,南北三居户型方正满五唯一配套齐全交通便利,186万,15902元/平,中楼层 (共6层) | 2003年建 | 3室1厅 | 116.97平米 | 南 北,https://ke-image.ljcdn.com/110000-inspection/66b56f57-a2c5-4abf-b13c-c3f72191e041_1000.jpg!m_fill,w_280,h_210,f_jpg?from=ke.com
20231017,房山,窦店,101120179855,窦店镇提香草堂 环境优美 花园洋房 别墅区,195万,17841元/平,中楼层 (共4层) | 2007年建 | 2室1厅 | 109.3平米 | 南 北,https://ke-image.ljcdn.com/110000-inspection/pc1_kPCvVOUyv.jpg!m_fill,w_280,h_210,f_jpg?from=ke.com
20231017,房山,窦店,101120056237,金鑫苑 复式 电梯信息采集中 装修好 原票79万必看好房,145万,10343元/平,顶层 (共6层) | 2006年建 | 3室2厅 | 140.2平米 | 南 北,https://ke-image.ljcdn.com/110000-inspection/pc1_q0kh1Azk8_2.jpg!m_fill,w_280,h_210,f_jpg?from=ke.com
20231017,房山,窦店,101119986530,提香草堂南厅南花园四联排社区有4万平人工湖,585万,32522元/平,底层 (共2层) | 2005年建 | 4室2厅 | 179.88平米 | 南 北,https://ke-image.ljcdn.com/110000-inspection/pc1_A8keUYfSO_2.jpg!m_fill,w_280,h_210,f_jpg?from=ke.com
20231017,房山,窦店,101119977152,金鑫苑双卫三居配套齐全采光充足,165万,12680元/平,中楼层 (共7层) 3室2厅 | 130.13平米 | 南 北,https://ke-image.ljcdn.com/110000-inspection/pc1_71GnPm62D_2.jpg!m_fill,w_280,h_210,f_jpg?from=ke.com
20231017,房山,窦店,101119587300,房山区 山水汇豪苑 南北向 两居室 有电梯,169万,18966元/平,顶层 (共15层) | 2011年建 | 2室1厅 | 89.11平米 | 南 北,https://ke-image.ljcdn.com/110000-inspection/pc1_zaHI4vS4b_1.jpg!m_fill,w_280,h_210,f_jpg?from=ke.com
20231017,房山,窦店,101119537969,沁园春景纯南向一楼落地飘窗采光好适合居住。,85万,27131元/平,底层 (共6层) | 2004年建 | 1室0厅 | 31.33平米 | 南,https://ke-image.ljcdn.com/110000-inspection/b7c9e987-7777-42f1-beb9-a566277fae24_1000.jpg!m_fill,w_280,h_210,f_jpg?from=ke.com
20231017,房山,窦店,101119520094,北京城建琨廷南区明厨明卫满五唯一产权清晰房主自荐,192万,22396元/平,低楼层 (共15层) | 2015年建 | 2室2厅 | 85.73平米 | 南 北,https://ke-image.ljcdn.com/110000-inspection/pc1_EPO4vpmqT_2.jpg!m_fill,w_280,h_210,f_jpg?from=ke.com
20231017,房山,窦店,101119293166,金鑫苑东西通透户型方正三居室满五唯一必看好房,155万,9576元/平,中楼层 (共6层) 4室2厅 | 161.87平米 | 东 西,https://ke-image.ljcdn.com/110000-inspection/pc1_ropVe8aJv_2.jpg!m_fill,w_280,h_210,f_jpg?from=ke.com
20231017,房山,窦店,101119217397,沁园春景满五唯一中间层双卧客厅朝南采光好,169万,14218元/平,中楼层 (共6层) | 2004年建 | 3室2厅 | 118.87平米 | 南 北,https://ke-image.ljcdn.com/110000-inspection/bac00c14-0338-4e65-9474-9743a4d4e189_1000.jpg!m_fill,w_280,h_210,f_jpg?from=ke.com
20231017,房山,窦店,101118703601,山水汇豪苑A区 3室1厅 南 北,159万,14958元/平,高楼层 (共6层) | 2007年建 | 3室1厅 | 106.3平米 | 南 北,https://ke-image.ljcdn.com/110000-inspection/pc1_6JfU66wCl_1.jpg!m_fill,w_280,h_210,f_jpg?from=ke.com
20231017,房山,窦店,101118310252,提香草堂 花园别墅 环境优美 配套方便,606万,30659元/平,底层 (共3层) 4室2厅 | 197.66平米 | 南 北,https://ke-image.ljcdn.com/110000-inspection/pc1_oOIKERo6Y.jpg!m_fill,w_280,h_210,f_jpg?from=ke.com
20231017,房山,窦店,101118197979,城建琨庭北区次顶层南北全明格局一梯两户电梯房。,183万,20625元/平,高楼层 (共15层) | 2014年建 | 2室1厅 | 88.73平米 | 南 北,https://ke-image.ljcdn.com/110000-inspection/pc1_4YiEm5QKE.jpg!m_fill,w_280,h_210,f_jpg?from=ke.com
20231017,房山,窦店,101117251608,田家园小区采光好位置居中交通购物方便,115万,15750元/平,高楼层 (共6层) | 2005年建 | 2室1厅 | 73.02平米 | 南 北,https://ke-image.ljcdn.com/110000-inspection/1ef751eb-5e20-40dd-9f43-1ee5171414f2_1000.jpg!m_fill,w_280,h_210,f_jpg?from=ke.com
20231017,房山,窦店,101116944680,城建琨庭北区三居室一梯两户精装电梯房全明格局。,210万,21988元/平,低楼层 (共14层) | 2014年建 | 3室2厅 | 95.51平米 | 南 北,https://ke-image.ljcdn.com/110000-inspection/pc1_QRgnXnBgb.jpg!m_fill,w_280,h_210,f_jpg?from=ke.com
20231017,房山,窦店,101114326355,京南嘉园南北通透2层两居室采光充足出行方便,155万,15209元/平,低楼层 (共6层) | 2009年建 | 2室2厅 | 101.92平米 | 南 北,https://ke-image.ljcdn.com/110000-inspection/63a68aca-df1a-4d55-8075-84b1a4ddcc91_1000.jpg!m_fill,w_280,h_210,f_jpg?from=ke.com
20231017,房山,窦店,101113290469,田家园小区一楼南北通透户型采光好。,139万,23441元/平,底层 (共6层) | 2007年建 | 1室1厅 | 59.3平米 | 南 北,https://ke-image.ljcdn.com/110000-inspection/pc1_mysVzwiTu_2.jpg!m_fill,w_280,h_210,f_jpg?from=ke.com
20231017,房山,窦店,101121085433,万科幸福汇 2室1厅 南 北,185万,23025元/平,高楼层 (共15层) | 2012年建 | 2室1厅 | 80.35平米 | 南 北,https://s1.ljcdn.com/pegasus/redskull/images/common/default_house_list.png?_v=20231010164459658
20231017,房山,窦店,101121499754,北京城建琨廷漫缇客厅无占位位置安静出行方便新上,179万,20192元/平,高楼层 (共18层) | 2016年建 | 2室2厅 | 88.65平米 | 南 北,https://ke-image.ljcdn.com/110000-inspection/pc1_WioOvR6We_2.jpg!m_fill,w_280,h_210,f_jpg?from=ke.com
20231017,房山,窦店,101121491396,金鑫苑 3室2厅 南新上,168万,13932元/平,中楼层 (共6层) 3室2厅 | 120.59平米 | 南,https://ke-image.ljcdn.com/110000-inspection/pc1_9NE04Yqux_2.jpg!m_fill,w_280,h_210,f_jpg?from=ke.com
20231017,房山,窦店,101121467443,（金鑫苑小区）（户型方正）（南北通透）新上,140万,16122元/平,低楼层 (共7层) | 2009年建 | 2室1厅 | 86.84平米 | 南 北,https://ke-image.ljcdn.com/110000-inspection/pc1_0ydud9JZe.jpg!m_fill,w_280,h_210,f_jpg?from=ke.com
20231017,房山,窦店,101121452255,万科幸福汇 3室2厅 南 北新上,215万,22764元/平,低楼层 (共15层) | 2014年建 | 3室2厅 | 94.45平米 | 南 北,https://ke-image.ljcdn.com/110000-inspection/pc1_LCELN86f2_1.jpg!m_fill,w_280,h_210,f_jpg?from=ke.com
20231017,房山,窦店,101121437565,田家园小区 2室1厅 南 北新上,155万,16187元/平,中楼层 (共6层) 2室1厅 | 95.76平米 | 南 北,https://ke-image.ljcdn.com/110000-inspection/pc1_U8xOyjfI0.jpg!m_fill,w_280,h_210,f_jpg?from=ke.com
20231017,房山,窦店,101121435553,明峻嘉园 3室2厅 南 北新上,315万,21764元/平,中楼层 (共10层) | 2013年建 | 3室2厅 | 144.74平米 | 南 北,https://ke-image.ljcdn.com/110000-inspection/65a52b97-d4ec-44da-b1e0-70bb765f0dd6_1000.jpg!m_fill,w_280,h_210,f_jpg?from=ke.com
20231017,房山,窦店,101121424456,世界名园南区 3室2厅 南 北新上,200万,14904元/平,顶层 (共6层) | 2011年建 | 3室2厅 | 134.2平米 | 南 北,https://ke-image.ljcdn.com/110000-inspection/pc1_eIFk8byZg_1.jpg!m_fill,w_280,h_210,f_jpg?from=ke.com
20231017,房山,窦店,101121406791,金鑫苑 2室1厅 南 北新上,110万,12667元/平,高楼层 (共6层) 2室1厅 | 86.84平米 | 南 北,https://ke-image.ljcdn.com/110000-inspection/pc1_7Hcv7lo9Q_2.jpg!m_fill,w_280,h_210,f_jpg?from=ke.com
20231017,房山,窦店,101121402646,万科幸福汇 2室1厅 南 北,175万,20856元/平,低楼层 (共15层) 2室1厅 | 83.91平米 | 南 北,https://ke-image.ljcdn.com/110000-inspection/7ca8be28-595a-4c22-a931-b197387f6a4f_1000.jpg!m_fill,w_280,h_210,f_jpg?from=ke.com
20231017,房山,窦店,101121399414,沁园春景 一居室 一层 南北向 看房方便,116万,21793元/平,底层 (共6层) | 2004年建 | 1室1厅 | 53.23平米 | 南 北,https://ke-image.ljcdn.com/110000-inspection/pc1_sfpc7jiiU_1.jpg!m_fill,w_280,h_210,f_jpg?from=ke.com
20231017,房山,窦店,101121389025,万科幸福汇 3室1厅 南 北,229万,24111元/平,中楼层 (共12层) | 2014年建 | 3室1厅 | 94.98平米 | 南 北,https://ke-image.ljcdn.com/110000-inspection/pc1_fOf15zzuD_1.jpg!m_fill,w_280,h_210,f_jpg?from=ke.com
20231017,房山,窦店,101121348886,世界名园D区 1室1厅 南,115万,17252元/平,中楼层 (共9层) 1室1厅 | 66.66平米 | 南,https://ke-image.ljcdn.com/110000-inspection/pc1_reJoGsuhj_2.jpg!m_fill,w_280,h_210,f_jpg?from=ke.com
20231017,房山,窦店,101121348653,田家园小区 1室1厅 南 北,130万,20972元/平,低楼层 (共6层) | 2007年建 | 1室1厅 | 61.99平米 | 南 北,https://ke-image.ljcdn.com/110000-inspection/pc1_C61S7LOpg_2.jpg!m_fill,w_280,h_210,f_jpg?from=ke.com
20231017,房山,窦店,101121341964,田家园小区 2室2厅 南 北,160万,17113元/平,高楼层 (共6层) 2室2厅 | 93.5平米 | 南 北,https://ke-image.ljcdn.com/110000-inspection/pc1_IwWpfWPT3.jpg!m_fill,w_280,h_210,f_jpg?from=ke.com
20231017,房山,窦店,101121333432,北京城建琨廷北区 2室1厅 南 北,179万,20097元/平,高楼层 (共15层) | 2014年建 | 2室1厅 | 89.07平米 | 南 北,https://ke-image.ljcdn.com/110000-inspection/pc1_sBO8t4JY8_2.jpg!m_fill,w_280,h_210,f_jpg?from=ke.com
20231017,房山,窦店,101121318111,山水汇豪苑A区 2室1厅 南 北,155万,18734元/平,低楼层 (共6层) | 2003年建 | 2室1厅 | 82.74平米 | 南 北,https://ke-image.ljcdn.com/110000-inspection/pc1_UEGybr91D_2.jpg!m_fill,w_280,h_210,f_jpg?from=ke.com
20231017,房山,窦店,101121314070,提香草堂 一层一层一层 满五唯一 看房方便 装修不错,366万,29278元/平,底层 (共4层) | 2007年建 | 3室1厅 | 125.01平米 | 南 北,https://ke-image.ljcdn.com/110000-inspection/pc1_FdARBhXVg.jpg!m_fill,w_280,h_210,f_jpg?from=ke.com
20231017,房山,窦店,101121308852,山水汇豪苑A区 1室1厅 南 北,116万,19042元/平,高楼层 (共6层) | 2003年建 | 1室1厅 | 60.92平米 | 南 北,https://ke-image.ljcdn.com/110000-inspection/pc1_iWIbVeOX4_2.jpg!m_fill,w_280,h_210,f_jpg?from=ke.com
20231017,房山,窦店,101121306804,北京城建琨廷漫缇 3室2厅 南 北,270万,21551元/平,中楼层 (共8层) | 2016年建 | 3室2厅 | 125.29平米 | 南 北,https://ke-image.ljcdn.com/110000-inspection/pc1_LecNd73iw_2.jpg!m_fill,w_280,h_210,f_jpg?from=ke.com
20231017,房山,窦店,101121247602,万科幸福汇 2室1厅 南 北,185万,23579元/平,低楼层 (共8层) | 2015年建 | 2室1厅 | 78.46平米 | 南 北,https://ke-image.ljcdn.com/110000-inspection/pc1_uGVz8dku0_1.jpg!m_fill,w_280,h_210,f_jpg?from=ke.com
20231017,房山,窦店,101121221734,万科幸福汇-精装修三居满五唯一,215万,22599元/平,中楼层 (共13层) 3室1厅 | 95.14平米 | 南 北,https://ke-image.ljcdn.com/110000-inspection/pc1_AwYPJvjPK_2.jpg!m_fill,w_280,h_210,f_jpg?from=ke.com
20231017,房山,窦店,101121210944,北京城建琨廷漫缇 3室2厅 南 北,420万,33071元/平,顶层 (共8层) | 2013年建 | 3室2厅 | 127平米 | 南 北,https://ke-image.ljcdn.com/110000-inspection/pc1_TGV72t9Hb_2.jpg!m_fill,w_280,h_210,f_jpg?from=ke.com
20231017,房山,窦店,101121210492,沁园.春景家园 满五唯一 三层 简单装修,139万,14534元/平,中楼层 (共6层) 2室1厅 | 95.64平米 | 西南,https://ke-image.ljcdn.com/110000-inspection/65758c3d-7274-4aaa-872e-7ed626b50f66_1000.jpg!m_fill,w_280,h_210,f_jpg?from=ke.com
20231017,房山,窦店,101121199060,华城家园 2室1厅 北 南,100万,11054元/平,高楼层 (共6层) | 2005年建 | 2室1厅 | 90.47平米 | 北 南,https://ke-image.ljcdn.com/110000-inspection/pc1_BVK3IjH2a_2.jpg!m_fill,w_280,h_210,f_jpg?from=ke.com
20231017,房山,窦店,101121197234,世界名园D区 2室1厅 南 北,153万,15701元/平,高楼层 (共9层) 2室1厅 | 97.45平米 | 南 北,https://ke-image.ljcdn.com/110000-inspection/pc1_DFLzyM5ws_2.jpg!m_fill,w_280,h_210,f_jpg?from=ke.com
20231017,房山,窦店,101121188541,山水汇豪苑A区  南北通透 中间楼层 户型方正 采光好,215万,17482元/平,中楼层 (共5层) | 2007年建 | 3室2厅 | 122.99平米 | 南 北,https://ke-image.ljcdn.com/110000-inspection/pc1_nzA0NNwnV_2.jpg!m_fill,w_280,h_210,f_jpg?from=ke.com
20231017,房山,窦店,101121182449,汇景嘉园 2室1厅 南 北,140万,17551元/平,中楼层 (共6层) | 2012年建 | 2室1厅 | 79.77平米 | 南 北,https://ke-image.ljcdn.com/110000-inspection/pc1_VwmT2rok6.jpg!m_fill,w_280,h_210,f_jpg?from=ke.com
20231017,房山,窦店,101121165834,（北京城建琨廷漫缇）（户型方正）,278万,23921元/平,低楼层 (共7层) | 2013年建 | 3室2厅 | 116.22平米 | 南 北,https://ke-image.ljcdn.com/110000-inspection/501ca018-d4bb-4583-8a5d-7a24297bba05_1000.jpg!m_fill,w_280,h_210,f_jpg?from=ke.com
20231017,房山,窦店,101121156649,华城家园 2室1厅 南 北,105万,12310元/平,高楼层 (共6层) 2室1厅 | 85.3平米 | 南 北,https://ke-image.ljcdn.com/110000-inspection/pc1_x6vgRIaHQ_1.jpg!m_fill,w_280,h_210,f_jpg?from=ke.com
20231017,房山,窦店,101121150230,山水汇豪苑B区 2室1厅 南 北,185万,20938元/平,中楼层 (共15层) | 2011年建 | 2室1厅 | 88.36平米 | 南 北,https://ke-image.ljcdn.com/110000-inspection/pc1_AausQFata_2.jpg!m_fill,w_280,h_210,f_jpg?from=ke.com
20231017,房山,窦店,101121143037,世界名园D区 2室1厅 南 北,145万,15264元/平,低楼层 (共9层) 2室1厅 | 95平米 | 南 北,https://ke-image.ljcdn.com/110000-inspection/pc1_OVJgOBA1G.jpg!m_fill,w_280,h_210,f_jpg?from=ke.com
20231017,房山,窦店,101121132640,田家园小区3居116.97平220万,220万,18809元/平,中楼层 (共6层) | 2008年建 | 3室1厅 | 116.97平米 | 南 北,https://ke-image.ljcdn.com/110000-inspection/pc1_VUsFtjm2Z_2.jpg!m_fill,w_280,h_210,f_jpg?from=ke.com
20231017,房山,窦店,101121127909,窦店城建琨廷东区中层大三居满五唯一,246万,21519元/平,中楼层 (共7层) | 2013年建 | 3室2厅 | 114.32平米 | 南 北,https://ke-image.ljcdn.com/110000-inspection/pc1_vws15M0BA_2.jpg!m_fill,w_280,h_210,f_jpg?from=ke.com
20231017,房山,窦店,101121109399,山水汇豪B区 南北通透3居2卫 精装修 采光好 满五唯一,240万,19903元/平,低楼层 (共15层) | 2011年建 | 3室2厅 | 120.59平米 | 南 北,https://ke-image.ljcdn.com/110000-inspection/pc1_gMknhWIPz_2.jpg!m_fill,w_280,h_210,f_jpg?from=ke.com
20231017,房山,窦店,101121107718,山水汇豪苑A区 2室1厅 南 北,165万,17382元/平,中楼层 (共6层) | 2003年建 | 2室1厅 | 94.93平米 | 南 北,https://ke-image.ljcdn.com/110000-inspection/b3d4e879-941a-4bf6-b87b-86d2e38a6960_1000.jpg!m_fill,w_280,h_210,f_jpg?from=ke.com
20231017,房山,窦店,101121107154,田家园小区 两居室 南北通透着急出售随时看房,136万,18559元/平,低楼层 (共6层) | 2005年建 | 2室1厅 | 73.28平米 | 南 北,https://ke-image.ljcdn.com/110000-inspection/pc1_sDOTa90ra_1.jpg!m_fill,w_280,h_210,f_jpg?from=ke.com
20231017,房山,窦店,101121103438,北京城建▪琨廷漫缇 花园洋房 环境优美 配套齐全,266万,23165元/平,中楼层 (共7层) | 2016年建 | 3室2厅 | 114.83平米 | 南 北,https://ke-image.ljcdn.com/110000-inspection/pc1_hxuT74GnI_2.jpg!m_fill,w_280,h_210,f_jpg?from=ke.com
20231017,房山,窦店,101121088980,北京城建琨廷南区精装修低楼层两居室,189万,22046元/平,低楼层 (共15层) 2室1厅 | 85.73平米 | 南 北,https://ke-image.ljcdn.com/110000-inspection/pc1_wjtlfPclR_2.jpg!m_fill,w_280,h_210,f_jpg?from=ke.com
20231017,房山,窦店,101121080509,北京城建琨廷南区洋房南向是琨廷公园无遮挡,209万,20772元/平,中楼层 (共6层) | 2015年建 | 3室1厅 | 100.62平米 | 南 北,https://ke-image.ljcdn.com/110000-inspection/pc1_5wOLbiF2F.jpg!m_fill,w_280,h_210,f_jpg?from=ke.com
20231017,房山,窦店,101121075319,山水汇豪苑A区 好位置 好楼层 好户型 满五唯一,145万,17189元/平,中楼层 (共6层) | 2003年建 | 2室1厅 | 84.36平米 | 南 北,https://ke-image.ljcdn.com/110000-inspection/pc1_W7eQFz1yV_2.jpg!m_fill,w_280,h_210,f_jpg?from=ke.com
20231017,房山,窦店,101121074226,北京城建琨廷漫缇洋房三居双卧客厅朝南双卫,258万,22592元/平,低楼层 (共9层) | 2013年建 | 3室1厅 | 114.2平米 | 南 北,https://ke-image.ljcdn.com/110000-inspection/pc1_i3nMqmrGe_2.jpg!m_fill,w_280,h_210,f_jpg?from=ke.com
20231017,房山,窦店,101121059938,山水汇豪苑B区 3室1厅 南 北,170万,18578元/平,顶层 (共6层) | 2011年建 | 3室1厅 | 91.51平米 | 南 北,https://ke-image.ljcdn.com/110000-inspection/950e736f-7cab-410a-a4fe-0f624e2d585e_1000.jpg!m_fill,w_280,h_210,f_jpg?from=ke.com
20231017,房山,窦店,101121059831,世界名园D区 精装 原票高相当于满五唯一 南北通大两居,165万,17356元/平,中楼层 (共9层) 2室1厅 | 95.07平米 | 南 北,https://ke-image.ljcdn.com/110000-inspection/fa61f15f-1903-4d15-9c8d-6d96d5a01d12_1000.jpg!m_fill,w_280,h_210,f_jpg?from=ke.com
20231017,房山,窦店,101121043070,世界名园D区 环境优雅 楼间距大 相当于满五唯一,190万,19498元/平,中楼层 (共9层) 2室1厅 | 97.45平米 | 南 北,https://ke-image.ljcdn.com/110000-inspection/457317ab-4f35-4870-8bb2-6bbb6ec3efbb_1000.jpg!m_fill,w_280,h_210,f_jpg?from=ke.com
20231017,房山,窦店,101121034060,田家园小区 满五唯一 大三居 可四居,175万,14496元/平,高楼层 (共6层) | 2005年建 | 3室2厅 | 120.73平米 | 南 北,https://ke-image.ljcdn.com/110000-inspection/pc1_NM8iJa0o6_2.jpg!m_fill,w_280,h_210,f_jpg?from=ke.com
20231017,房山,窦店,101121032027,世界名园北区 2室1厅 南 北,189万,17175元/平,中楼层 (共10层) | 2011年建 | 2室1厅 | 110.05平米 | 南 北,https://ke-image.ljcdn.com/110000-inspection/36da83cc-7179-439a-bb6d-5b75b4bb9793_1000.jpg!m_fill,w_280,h_210,f_jpg?from=ke.com
20231017,房山,窦店,101121020068,万科幸福汇 2室1厅 南 北,193万,22253元/平,高楼层 (共15层) | 2013年建 | 2室1厅 | 86.73平米 | 南 北,https://ke-image.ljcdn.com/110000-inspection/pc1_nS2au3ahk_2.jpg!m_fill,w_280,h_210,f_jpg?from=ke.com
20231017,房山,窦店,101121016939,万科幸福汇 3室1厅 南 北房主自荐,220万,23124元/平,中楼层 (共13层) | 2014年建 | 3室1厅 | 95.14平米 | 南 北,https://ke-image.ljcdn.com/110000-inspection/pc1_eMsiaxNOF.jpg!m_fill,w_280,h_210,f_jpg?from=ke.com
20231017,房山,窦店,101121015934,田家园小区 3室1厅 南 北,205万,18083元/平,高楼层 (共6层) 3室1厅 | 113.37平米 | 南 北,https://ke-image.ljcdn.com/110000-inspection/pc1_D3VvG1RVG_2.jpg!m_fill,w_280,h_210,f_jpg?from=ke.com
20231017,房山,窦店,101121012210,北京城建琨廷漫缇南北通透视野无遮挡,178万,20082元/平,低楼层 (共18层) | 2016年建 | 2室1厅 | 88.64平米 | 南 北,https://ke-image.ljcdn.com/110000-inspection/pc1_SWO2a6gvr_2.jpg!m_fill,w_280,h_210,f_jpg?from=ke.com
20231017,房山,窦店,101121011843,世界名园北区 2室2厅 东 西,180万,14558元/平,中楼层 (共6层) | 2009年建 | 2室2厅 | 123.65平米 | 东 西,https://ke-image.ljcdn.com/110000-inspection/pc1_IOTFrjHdg_1.jpg!m_fill,w_280,h_210,f_jpg?from=ke.com
20231017,房山,窦店,101121006804,田家园小区正规两居室南北通透采光好看房方便,145万,16108元/平,高楼层 (共6层) | 2008年建 | 2室1厅 | 90.02平米 | 南 北,https://ke-image.ljcdn.com/110000-inspection/pc1_PwFpJaKYg_2.jpg!m_fill,w_280,h_210,f_jpg?from=ke.com
20231017,房山,窦店,101121005976,田家园小区 2室1厅 北 南,162万,18326元/平,顶层 (共6层) 2室1厅 | 88.4平米 | 北 南,https://ke-image.ljcdn.com/110000-inspection/pc1_1Po8HNCxr.jpg!m_fill,w_280,h_210,f_jpg?from=ke.com
20231017,房山,窦店,101120989203,北京城建琨廷南区 南北通透采光好视野开阔,280万,23784元/平,高楼层 (共15层) 3室2厅 | 117.73平米 | 南 北,https://ke-image.ljcdn.com/110000-inspection/pc1_xlLDbPZWj.jpg!m_fill,w_280,h_210,f_jpg?from=ke.com
20231017,房山,窦店,101120965443,金鑫苑 大三居 客厅朝南 户型好 看房方便,138万,11418元/平,高楼层 (共6层) 3室1厅 | 120.87平米 | 南 北,https://ke-image.ljcdn.com/110000-inspection/pc1_wtZPLslTn_2.jpg!m_fill,w_280,h_210,f_jpg?from=ke.com
20231017,房山,窦店,101120955717,山水汇豪A区三居室低楼层二层看房随时,210万,17075元/平,中楼层 (共5层) | 2007年建 | 3室2厅 | 122.99平米 | 南 北,https://ke-image.ljcdn.com/110000-inspection/pc1_pBtfo7q9J_2.jpg!m_fill,w_280,h_210,f_jpg?from=ke.com
20231017,房山,窦店,101120953942,北京城建琨廷北区 3室2厅 南 北,275万,24365元/平,中楼层 (共9层) | 2014年建 | 3室2厅 | 112.87平米 | 南 北,https://ke-image.ljcdn.com/110000-inspection/pc1_5MAovZyfe_2.jpg!m_fill,w_280,h_210,f_jpg?from=ke.com
20231017,房山,窦店,101120952579,万科幸福汇 3室1厅 南 北,205万,21317元/平,顶层 (共12层) 3室1厅 | 96.17平米 | 南 北,https://ke-image.ljcdn.com/110000-inspection/pc1_nY1btMLYY_1.jpg!m_fill,w_280,h_210,f_jpg?from=ke.com
20231017,房山,窦店,101120951496,万科幸福汇 3室1厅 南 北,206万,21630元/平,低楼层 (共15层) | 2016年建 | 3室1厅 | 95.24平米 | 南 北,https://ke-image.ljcdn.com/110000-inspection/pc1_FXRtR38E9_1.jpg!m_fill,w_280,h_210,f_jpg?from=ke.com
20231017,房山,窦店,101120929818,田家园小区 2室1厅 北 南,148万,16815元/平,高楼层 (共6层) | 2008年建 | 2室1厅 | 88.02平米 | 北 南,https://ke-image.ljcdn.com/110000-inspection/pc1_ybPYegPng_2.jpg!m_fill,w_280,h_210,f_jpg?from=ke.com
20231017,房山,窦店,101120926767,北京城建琨廷北区 3室2厅 南 北,205万,21464元/平,低楼层 (共14层) | 2014年建 | 3室2厅 | 95.51平米 | 南 北,https://ke-image.ljcdn.com/110000-inspection/pc1_37iPcfD5O.jpg!m_fill,w_280,h_210,f_jpg?from=ke.com
20231017,房山,窦店,101120925200,城建琨廷南区 满五唯一 花园洋房 旁边公园 家具可留,230万,24059元/平,低楼层 (共15层) | 2015年建 | 3室1厅 | 95.6平米 | 南 北,https://ke-image.ljcdn.com/110000-inspection/pc1_ztFLA7jW9_2.jpg!m_fill,w_280,h_210,f_jpg?from=ke.com
20231017,房山,窦店,101120917243,提香草堂 花园别墅洋房 满五唯一,299万,21718元/平,顶层 (共4层) | 2007年建 | 3室2厅 | 137.68平米 | 南 北,https://ke-image.ljcdn.com/110000-inspection/pc1_lbo9V3U73.jpg!m_fill,w_280,h_210,f_jpg?from=ke.com
20231017,房山,窦店,101120896074,京南嘉园 2室1厅 南 北,180万,18390元/平,底层 (共6层) | 2003年建 | 2室1厅 | 97.88平米 | 南 北,https://ke-image.ljcdn.com/110000-inspection/pc1_B8gKaFSvi.jpg!m_fill,w_280,h_210,f_jpg?from=ke.com
20231017,房山,窦店,101120895230,京南嘉园 2室1厅 南 北,149万,15068元/平,中楼层 (共6层) | 2003年建 | 2室1厅 | 98.89平米 | 南 北,https://ke-image.ljcdn.com/110000-inspection/pc1_Se1NAxnBP_2.jpg!m_fill,w_280,h_210,f_jpg?from=ke.com
20231017,房山,窦店,101120888888,山水汇豪苑B区 2室1厅 南 北,152万,19236元/平,中楼层 (共6层) | 2011年建 | 2室1厅 | 79.02平米 | 南 北,https://ke-image.ljcdn.com/110000-inspection/pc1_l7aD46I2x.jpg!m_fill,w_280,h_210,f_jpg?from=ke.com
20231017,房山,窦店,101120884895,田家园小区 3室1厅 南 北,210万,17458元/平,中楼层 (共6层) | 2007年建 | 3室1厅 | 120.29平米 | 南 北,https://ke-image.ljcdn.com/110000-inspection/pc1_FwOADOpaS.jpg!m_fill,w_280,h_210,f_jpg?from=ke.com
20231017,房山,窦店,101120881540,北京城建琨廷北区 3室2厅 南 北,278万,24561元/平,高楼层 (共9层) | 2014年建 | 3室2厅 | 113.19平米 | 南 北,https://ke-image.ljcdn.com/110000-inspection/pc1_dW2YbAnpl_2.jpg!m_fill,w_280,h_210,f_jpg?from=ke.com
20231017,房山,窦店,101120876881,世界名园北区 2室2厅 南 北,195万,15868元/平,低楼层 (共10层) | 2011年建 | 2室2厅 | 122.89平米 | 南 北,https://ke-image.ljcdn.com/110000-inspection/pc1_lGKsTWElR.jpg!m_fill,w_280,h_210,f_jpg?from=ke.com
20231017,房山,窦店,101120865081,世界名园北区 2室1厅 南 北,155万,15037元/平,高楼层 (共6层) 2室1厅 | 103.08平米 | 南 北,https://ke-image.ljcdn.com/110000-inspection/pc1_B8ct1AjPy.jpg!m_fill,w_280,h_210,f_jpg?from=ke.com
20231017,房山,窦店,101120852607,京南嘉园 2室1厅 南 北,150万,15297元/平,中楼层 (共6层) | 2003年建 | 2室1厅 | 98.06平米 | 南 北,https://ke-image.ljcdn.com/110000-inspection/pc1_HlFxnQYEQ_2.jpg!m_fill,w_280,h_210,f_jpg?from=ke.com
20231017,房山,窦店,101120845763,京南嘉园 1室0厅 北,83万,24128元/平,底层 (共6层) | 2005年建 | 1室0厅 | 34.4平米 | 北,https://ke-image.ljcdn.com/110000-inspection/pc1_Dn1o8iHBK.jpg!m_fill,w_280,h_210,f_jpg?from=ke.com
20231017,房山,窦店,101120841182,北京城建琨廷南区 花园洋房 满五唯一房主自荐,208万,20672元/平,中楼层 (共6层) | 2015年建 | 3室1厅 | 100.62平米 | 南 北,https://ke-image.ljcdn.com/110000-inspection/pc1_mWoVVvqia_2.jpg!m_fill,w_280,h_210,f_jpg?from=ke.com
20231017,房山,窦店,101120798315,世界名园南区大三居132.61平方米 191万,191万,14404元/平,顶层 (共6层) | 2011年建 | 3室2厅 | 132.61平米 | 南 北,https://ke-image.ljcdn.com/110000-inspection/pc1_AxSpb94uj.jpg!m_fill,w_280,h_210,f_jpg?from=ke.com
20231017,房山,窦店,101120779098,通透3居格局好采光好配套齐全交通便利,199万,13752元/平,底层 (共5层) 3室2厅 | 144.71平米 | 南 北,https://ke-image.ljcdn.com/110000-inspection/43078d97-314b-4561-a5aa-8afef81fd4a7_1000.jpg!m_fill,w_280,h_210,f_jpg?from=ke.com
20231017,房山,窦店,101120778750,田家园小区 2室2厅 南 北,190万,19977元/平,底层 (共6层) | 2008年建 | 2室2厅 | 95.11平米 | 南 北,https://ke-image.ljcdn.com/110000-inspection/c54fd915-bf71-4cb0-8065-611e44cf2a61_1000.jpg!m_fill,w_280,h_210,f_jpg?from=ke.com
20231017,房山,窦店,101120686202,京南嘉园 2室2厅 南 北,162万,15895元/平,中楼层 (共6层) 2室2厅 | 101.92平米 | 南 北,https://ke-image.ljcdn.com/110000-inspection/pc1_2lYT5N7LJ.jpg!m_fill,w_280,h_210,f_jpg?from=ke.com
20231017,房山,窦店,101120675096,世界名园D区  南北通透 三室两厅 采光好,239万,16127元/平,高楼层 (共9层) 3室2厅 | 148.2平米 | 北 南,https://ke-image.ljcdn.com/110000-inspection/pc1_d63vIovRD.jpg!m_fill,w_280,h_210,f_jpg?from=ke.com
20231017,房山,窦店,101120640759,山水汇豪苑A区 1室1厅 南 北,120万,19000元/平,中楼层 (共6层) 1室1厅 | 63.16平米 | 南 北,https://ke-image.ljcdn.com/110000-inspection/pc1_n5TXHFZnh_2.jpg!m_fill,w_280,h_210,f_jpg?from=ke.com
20231017,房山,窦店,101120630496,田家园小区 南北3居2卫 中间楼层 满五唯一 看房方便,185万,15324元/平,高楼层 (共6层) 3室2厅 | 120.73平米 | 南 北,https://ke-image.ljcdn.com/110000-inspection/pc1_7B3wA3RgI_2.jpg!m_fill,w_280,h_210,f_jpg?from=ke.com
20231017,房山,窦店,101120625768,金鑫苑 3室2厅 南 北,156万,12911元/平,中楼层 (共6层) 3室2厅 | 120.83平米 | 南 北,https://ke-image.ljcdn.com/110000-inspection/8e9a3f5a-3bed-4fa8-8483-387e9ffc6b77_1000.jpg!m_fill,w_280,h_210,f_jpg?from=ke.com
20231017,房山,窦店,101120622040,万科幸福汇 3室2厅 南 北,330万,28124元/平,中楼层 (共5层) | 2015年建 | 3室2厅 | 117.34平米 | 南 北,https://ke-image.ljcdn.com/110000-inspection/pc1_oplvGwQGM_1.jpg!m_fill,w_280,h_210,f_jpg?from=ke.com
20231017,房山,窦店,101120618032,提香草堂 洋房二层 精装把边 二层二层二层 有钥匙,197万,20989元/平,中楼层 (共4层) | 2007年建 | 2室1厅 | 93.86平米 | 南 北,https://ke-image.ljcdn.com/110000-inspection/20bb150d-422c-4812-b1b5-ce70f96dd237_1000.jpg!m_fill,w_280,h_210,f_jpg?from=ke.com
20231017,房山,窦店,101120575010,万科幸福汇 3室2厅 南 北,199万,20732元/平,低楼层 (共13层) | 2016年建 | 3室2厅 | 95.99平米 | 南 北,https://ke-image.ljcdn.com/110000-inspection/b2372f23-eb7d-493a-b96b-7ae3e4fb198c_1000.jpg!m_fill,w_280,h_210,f_jpg?from=ke.com
20231017,房山,窦店,101120572948,世界名园北区 3室2厅 南 北,220万,14965元/平,高楼层 (共6层) | 2007年建 | 3室2厅 | 147.01平米 | 南 北,https://ke-image.ljcdn.com/110000-inspection/8f5c227e-3825-4e9c-a99d-460e8f7ae72d_1000.jpg!m_fill,w_280,h_210,f_jpg?from=ke.com
20231017,房山,窦店,101120571710,北京城建琨廷北区 3室2厅 南 北,275万,24425元/平,低楼层 (共15层) | 2014年建 | 3室2厅 | 112.59平米 | 南 北,https://ke-image.ljcdn.com/110000-inspection/pc1_ABMpLQYpH_2.jpg!m_fill,w_280,h_210,f_jpg?from=ke.com
20231017,房山,窦店,101120569397,北京城建琨廷漫缇于瓦北路18号院房主自荐,397万,28717元/平,中楼层 (共8层) | 2013年建 | 3室2厅 | 138.25平米 | 南 西 北,https://ke-image.ljcdn.com/110000-inspection/pc1_pnXuc3JxL_1.jpg!m_fill,w_280,h_210,f_jpg?from=ke.com
20231017,房山,窦店,101120566585,北京城建琨廷北区 2室1厅 南 北,198万,22366元/平,高楼层 (共15层) | 2014年建 | 2室1厅 | 88.53平米 | 南 北,https://ke-image.ljcdn.com/110000-inspection/pc1_ttu9pxMhI_2.jpg!m_fill,w_280,h_210,f_jpg?from=ke.com
20231017,房山,窦店,101120557350,华城家园 2室1厅 南 北,120万,12540元/平,高楼层 (共6层) 2室1厅 | 95.7平米 | 南 北,https://ke-image.ljcdn.com/110000-inspection/7ae8060b-1f58-417b-b985-b0fe1a2d8ec0_1000.jpg!m_fill,w_280,h_210,f_jpg?from=ke.com
20231017,房山,窦店,101120542353,沁馥家园东边户东边户南北通透大三居视野开阔随时看房,150万,11720元/平,高楼层 (共6层) | 2004年建 | 3室2厅 | 127.99平米 | 南 北,https://ke-image.ljcdn.com/110000-inspection/5e5c9b05-35d8-46cf-a6be-4d066e591ba1_1000.jpg!m_fill,w_280,h_210,f_jpg?from=ke.com
20231017,房山,窦店,101120538859,电梯入户 精装修 南北通透 眼睛户型 东边户,319万,25091元/平,中楼层 (共8层) | 2016年建 | 3室2厅 | 127.14平米 | 南 北,https://ke-image.ljcdn.com/110000-inspection/pc1_Mr4uFcMeG.jpg!m_fill,w_280,h_210,f_jpg?from=ke.com
20231017,房山,窦店,101120522902,北京城建琨廷漫缇不临街电梯入户双卫只契税,389万,31071元/平,顶层 (共8层) | 2013年建 | 3室1厅 | 125.2平米 | 南 北,https://ke-image.ljcdn.com/110000-inspection/pc1_4iegz0dbU.jpg!m_fill,w_280,h_210,f_jpg?from=ke.com
20231017,房山,窦店,101120512103,山水汇豪苑A区 3室1厅 南 北,215万,16303元/平,中楼层 (共6层) | 2007年建 | 3室1厅 | 131.88平米 | 南 北,https://ke-image.ljcdn.com/110000-inspection/efa0ea5e-1592-4e1e-bfe3-967a9cc1c994_1000.jpg!m_fill,w_280,h_210,f_jpg?from=ke.com
20231017,房山,窦店,101120481417,山水汇豪苑A区 2室1厅 南 北,149万,18041元/平,中楼层 (共6层) | 2003年建 | 2室1厅 | 82.59平米 | 南 北,https://ke-image.ljcdn.com/110000-inspection/pc1_dJBWkl8dn.jpg!m_fill,w_280,h_210,f_jpg?from=ke.com
20231017,房山,窦店,101120480056,二层满5唯一三室二厅二卫。全明格局随时看房签约,275万,20372元/平,低楼层 (共6层) 3室2厅 | 134.99平米 | 南 北,https://ke-image.ljcdn.com/110000-inspection/pc1_bYV9m7Zdv_2.jpg!m_fill,w_280,h_210,f_jpg?from=ke.com
20231017,房山,窦店,101120479121,电梯全明格局精装修南北通透全明格局满五唯一,186万,21740元/平,中楼层 (共15层) | 2014年建 | 2室1厅 | 85.56平米 | 南 北,https://ke-image.ljcdn.com/110000-inspection/pc1_fUIZTmKKJ.jpg!m_fill,w_280,h_210,f_jpg?from=ke.com
20231017,房山,窦店,101120472139,北京城建琨廷南区  南北通透两居室,200万,23208元/平,中楼层 (共15层) | 2015年建 | 2室1厅 | 86.18平米 | 南 北,https://ke-image.ljcdn.com/110000-inspection/pc1_eW9gAImF8_1.jpg!m_fill,w_280,h_210,f_jpg?from=ke.com
20231017,房山,窦店,101120471127,山水汇豪A区 南北通透三居 中间楼层 满五唯一,178万,16563元/平,中楼层 (共6层) | 2007年建 | 3室1厅 | 107.47平米 | 南 北,https://ke-image.ljcdn.com/110000-inspection/c3ac21d2-bd5d-4ea1-9b73-3dacb6ca658c_1000.jpg!m_fill,w_280,h_210,f_jpg?from=ke.com
20231017,房山,窦店,101120449820,房山区 田家园小区 南北向 三居室 装修好了,167.5万,13850元/平,顶层 (共6层) 3室1厅 | 120.94平米 | 南 北,https://ke-image.ljcdn.com/110000-inspection/21fc477b-01a9-4967-9b30-3dab680cd1fa_1000.jpg!m_fill,w_280,h_210,f_jpg?from=ke.com
20231017,房山,窦店,101120444593,世界名园D区 南北通透2居 精装修 有电梯 配套齐全,149万,15361元/平,中楼层 (共9层) 2室1厅 | 97平米 | 南 北,https://ke-image.ljcdn.com/110000-inspection/pc1_IhbC88oeK.jpg!m_fill,w_280,h_210,f_jpg?from=ke.com
20231017,房山,窦店,101120443951,北京城建琨廷北区  南北通透三居室 满五唯一,203万,20452元/平,高楼层 (共15层) | 2014年建 | 3室1厅 | 99.26平米 | 南 北,https://ke-image.ljcdn.com/110000-inspection/pc1_K98uJmpSO_1.jpg!m_fill,w_280,h_210,f_jpg?from=ke.com
20231017,房山,窦店,101120440831,北京城建琨廷南区电梯洋房人车分流门禁管理严格,188万,21162元/平,顶层 (共15层) | 2015年建 | 2室1厅 | 88.84平米 | 南 北,https://ke-image.ljcdn.com/110000-inspection/pc1_OcocMise4_2.jpg!m_fill,w_280,h_210,f_jpg?from=ke.com
20231017,房山,窦店,101120413002,田家园小区 1室1厅 南 北,84万,21617元/平,中楼层 (共6层) | 2005年建 | 1室1厅 | 38.86平米 | 南 北,https://ke-image.ljcdn.com/110000-inspection/pc1_jYbPHJsTs_2.jpg!m_fill,w_280,h_210,f_jpg?from=ke.com
20231017,房山,窦店,101120362821,金鑫苑小区 两居室 五层 南北通透 看房方便房主自荐,140万,16122元/平,中楼层 (共7层) | 2009年建 | 2室1厅 | 86.84平米 | 南 北,https://ke-image.ljcdn.com/110000-inspection/pc1_2eoQPUGmZ_1.jpg!m_fill,w_280,h_210,f_jpg?from=ke.com
20231017,房山,窦店,101120354334,北京城建琨廷北区  南北通透两居室,175万,20349元/平,低楼层 (共15层) | 2014年建 | 2室2厅 | 86平米 | 南 北,https://ke-image.ljcdn.com/110000-inspection/3aebb89e-1d2b-4ad2-b4b7-4527dc4a0d27_1000.jpg!m_fill,w_280,h_210,f_jpg?from=ke.com
20231017,房山,窦店,101120335156,华城家园 3室2厅 南 北,175万,14563元/平,低楼层 (共6层) | 2007年建 | 3室2厅 | 120.17平米 | 南 北,https://ke-image.ljcdn.com/110000-inspection/pc1_kSyrBDmL1_1.jpg!m_fill,w_280,h_210,f_jpg?from=ke.com
20231017,房山,窦店,101120253379,北京城建琨廷漫缇双卫三居楼位置安静采光好房主自荐,260万,21853元/平,中楼层 (共8层) | 2013年建 | 3室2厅 | 118.98平米 | 南 北,https://ke-image.ljcdn.com/110000-inspection/pc1_wnOqKsdYQ_2.jpg!m_fill,w_280,h_210,f_jpg?from=ke.com
20231017,房山,窦店,101120242964,世界名园北区 3室2厅 南 北,280万,20470元/平,中楼层 (共6层) | 2007年建 | 3室2厅 | 136.79平米 | 南 北,https://ke-image.ljcdn.com/110000-inspection/8336ab40-db9d-431b-b823-079e2907ef91_1000.jpg!m_fill,w_280,h_210,f_jpg?from=ke.com
20231017,房山,窦店,101120205456,琨廷南区1314号楼前面是公园客厅墙是瓷砖。房主自荐,182万,20482元/平,高楼层 (共15层) | 2015年建 | 2室1厅 | 88.86平米 | 南 北,https://ke-image.ljcdn.com/110000-inspection/pc1_2EeQN1rn2_1.jpg!m_fill,w_280,h_210,f_jpg?from=ke.com
20231017,房山,窦店,101120184103,万科幸福汇 3室2厅 南 北房主自荐,335万,28550元/平,中楼层 (共5层) | 2015年建 | 3室2厅 | 117.34平米 | 南 北,https://ke-image.ljcdn.com/110000-inspection/pc1_y9UfRY7qZ_2.jpg!m_fill,w_280,h_210,f_jpg?from=ke.com
20231017,房山,窦店,101120169879,北京城建琨廷南区客厅方正位置安静采光充足,240万,23585元/平,中楼层 (共15层) 3室2厅 | 101.76平米 | 南 北,https://ke-image.ljcdn.com/110000-inspection/cbbc926f-edb2-48b3-9412-3babd0466949_1000.jpg!m_fill,w_280,h_210,f_jpg?from=ke.com
20231017,房山,窦店,101120161916,田家园小区 南北通透3居 中间楼层 满五唯一 看房方便,180万,18764元/平,低楼层 (共6层) 3室2厅 | 95.93平米 | 南 北,https://ke-image.ljcdn.com/110000-inspection/pc1_0Q3kKPUFb_1.jpg!m_fill,w_280,h_210,f_jpg?from=ke.com
20231017,房山,窦店,101120141768,万科幸福汇两居南北H户型通风好,179万,21479元/平,中楼层 (共15层) | 2012年建 | 2室1厅 | 83.34平米 | 北 南,https://ke-image.ljcdn.com/110000-inspection/pc1_NUkPNHKkm_2.jpg!m_fill,w_280,h_210,f_jpg?from=ke.com
20231017,房山,窦店,101120093575,山水汇豪精装通透三居室户型方正房主自荐,225万,17116元/平,底层 (共6层) | 2007年建 | 3室1厅 | 131.46平米 | 东南 北,https://ke-image.ljcdn.com/110000-inspection/pc1_WDnCjBBGo_1.jpg!m_fill,w_280,h_210,f_jpg?from=ke.com
20231017,房山,窦店,101120073418,田家园小区——精装修户型方正集中供暖成熟社区,166万,17979元/平,高楼层 (共6层) | 2007年建 | 2室2厅 | 92.33平米 | 南 北,https://ke-image.ljcdn.com/110000-inspection/pc1_UYDF4Vw7N.jpg!m_fill,w_280,h_210,f_jpg?from=ke.com
20231017,房山,窦店,101120072270,世界名园北区 3室2厅 东 西,229万,16037元/平,中楼层 (共6层) 3室2厅 | 142.8平米 | 东 西,https://ke-image.ljcdn.com/110000-inspection/0f6d53e2-65f7-410d-90f4-7b87476fc9d0_1000.jpg!m_fill,w_280,h_210,f_jpg?from=ke.com
20231017,房山,窦店,101120064212,全明格局三居边户卫生间有窗户位置好,215万,22599元/平,低楼层 (共13层) | 2014年建 | 3室1厅 | 95.14平米 | 北 南,https://ke-image.ljcdn.com/110000-inspection/pc1_sds1HejGi_1.jpg!m_fill,w_280,h_210,f_jpg?from=ke.com
20231017,房山,窦店,101120028419,北京城建琨廷北区 3室2厅 南 北,222万,22373元/平,中楼层 (共14层) | 2014年建 | 3室2厅 | 99.23平米 | 南 北,https://ke-image.ljcdn.com/110000-inspection/pc1_XxH4ex2o3_1.jpg!m_fill,w_280,h_210,f_jpg?from=ke.com
20231017,房山,窦店,101120018530,山水汇豪苑A区 2室1厅 南 北,150万,22680元/平,底层 (共5层) | 2003年建 | 2室1厅 | 66.14平米 | 南 北,https://ke-image.ljcdn.com/110000-inspection/pc1_N3zDRVb8c.jpg!m_fill,w_280,h_210,f_jpg?from=ke.com
20231017,房山,窦店,101120011660,沁馥家园南北通透两居室诚心出售。,122万,13618元/平,高楼层 (共6层) | 2004年建 | 2室1厅 | 89.59平米 | 南 北,https://ke-image.ljcdn.com/110000-inspection/pc1_75GcvXQnb.jpg!m_fill,w_280,h_210,f_jpg?from=ke.com
20231017,房山,窦店,101119999966,北京城建琨廷南区电梯洋房全明格局南北两居室。,198万,23096元/平,中楼层 (共15层) | 2015年建 | 2室1厅 | 85.73平米 | 南 北,https://ke-image.ljcdn.com/110000-inspection/c5256abc-9203-44dc-a174-9e68ca990f2c_1000.jpg!m_fill,w_280,h_210,f_jpg?from=ke.com
20231017,房山,窦店,101119988498,田家园小区  南北通透两居室 户型方正 采光好,159万,16441元/平,高楼层 (共6层) | 2006年建 | 2室1厅 | 96.71平米 | 南 北,https://ke-image.ljcdn.com/110000-inspection/b488a494-9076-4003-9e03-f9b8fec06df9_1000.jpg!m_fill,w_280,h_210,f_jpg?from=ke.com
20231017,房山,窦店,101119943764,田家园小区 2室2厅 南 北,168万,18196元/平,低楼层 (共6层) 2室2厅 | 92.33平米 | 南 北,https://ke-image.ljcdn.com/110000-inspection/pc1_5vwHZGtZ8_1.jpg!m_fill,w_280,h_210,f_jpg?from=ke.com
20231017,房山,窦店,101119941695,金鑫苑 2室1厅 南 北,130万,14998元/平,中楼层 (共6层) | 2006年建 | 2室1厅 | 86.68平米 | 南 北,https://ke-image.ljcdn.com/110000-inspection/pc1_ag1IHCDya_2.jpg!m_fill,w_280,h_210,f_jpg?from=ke.com
20231017,房山,窦店,101119938765,窦店镇提香草堂别墅 墅级品质洋房,199万,19404元/平,顶层 (共4层) | 2007年建 | 2室1厅 | 102.56平米 | 南 北,https://ke-image.ljcdn.com/110000-inspection/pc1_AzmvVUBLv.jpg!m_fill,w_280,h_210,f_jpg?from=ke.com
20231017,房山,窦店,101119930073,2居室 79.15平 146万房主自荐,146万,18446元/平,高楼层 (共6层) | 2011年建 | 2室1厅 | 79.15平米 | 南 北,https://ke-image.ljcdn.com/110000-inspection/85c04810-8481-4907-b3ca-415405611d31_1000.jpg!m_fill,w_280,h_210,f_jpg?from=ke.com
20231017,房山,窦店,101119910903,田家园小区一梯两户南北通透,140万,19179元/平,中楼层 (共6层) | 2004年建 | 2室1厅 | 73平米 | 南 北,https://ke-image.ljcdn.com/110000-inspection/pc1_CD0nGtweT_1.jpg!m_fill,w_280,h_210,f_jpg?from=ke.com
20231017,房山,窦店,101119889593,北京城建琨廷漫缇 采光好 南北通透 视野开阔,230万,21754元/平,低楼层 (共18层) | 2016年建 | 3室1厅 | 105.73平米 | 南 北,https://ke-image.ljcdn.com/110000-inspection/pc1_oCgKiinu2.jpg!m_fill,w_280,h_210,f_jpg?from=ke.com
20231017,房山,窦店,101119877333,万科幸福汇 3室1厅 南 北,240万,25197元/平,低楼层 (共12层) | 2014年建 | 3室1厅 | 95.25平米 | 南 北,https://ke-image.ljcdn.com/110000-inspection/pc1_oRbdJ5LKp_1.jpg!m_fill,w_280,h_210,f_jpg?from=ke.com
20231017,房山,窦店,101119862135,世界名园北区 2室2厅 南 北,188万,15413元/平,高楼层 (共9层) | 2011年建 | 2室2厅 | 121.98平米 | 南 北,https://ke-image.ljcdn.com/110000-inspection/pc1_f5iuNa0eX_1.jpg!m_fill,w_280,h_210,f_jpg?from=ke.com
20231017,房山,窦店,101119861407,房山区 万科幸福汇 南北向 两居室 满五唯一,188万,22559元/平,中楼层 (共15层) | 2012年建 | 2室1厅 | 83.34平米 | 南 北,https://ke-image.ljcdn.com/110000-inspection/pc1_RYzTdUSJ9_1.jpg!m_fill,w_280,h_210,f_jpg?from=ke.com
20231017,房山,窦店,101119823706,沁园春景 两居室 客厅朝南 户型好房主自荐,145万,16051元/平,中楼层 (共6层) | 2004年建 | 2室1厅 | 90.34平米 | 南 北,https://ke-image.ljcdn.com/110000-inspection/pc1_vBmyClYBE_2.jpg!m_fill,w_280,h_210,f_jpg?from=ke.com
20231017,房山,窦店,101119809854,南北通透 三居室 全明格局 满五唯一 业主急售,147万,14938元/平,中楼层 (共7层) | 2002年建 | 3室1厅 | 98.41平米 | 南 北,https://ke-image.ljcdn.com/110000-inspection/pc1_kfjoA4Tpv_2.jpg!m_fill,w_280,h_210,f_jpg?from=ke.com
20231017,房山,窦店,101119805656,北京城建琨廷南区南北通透三居只契税明厨明卫房主自荐,223万,23327元/平,中楼层 (共15层) | 2015年建 | 3室1厅 | 95.6平米 | 南 北,https://ke-image.ljcdn.com/110000-inspection/4b3d3e72-67e9-46d0-a6a6-26729116508e_1000.jpg!m_fill,w_280,h_210,f_jpg?from=ke.com
20231017,房山,窦店,101119803612,世界名园南区 2室1厅 南 北,167万,15843元/平,中楼层 (共6层) | 2011年建 | 2室1厅 | 105.41平米 | 南 北,https://ke-image.ljcdn.com/110000-inspection/620fe8fd-fc02-43b1-a98c-37afb9fab449_1000.jpg!m_fill,w_280,h_210,f_jpg?from=ke.com
20231017,房山,窦店,101119781564,沁园.春景家园 环境优美 配套方便,130万,16423元/平,中楼层 (共6层) | 2005年建 | 2室1厅 | 79.16平米 | 南 北,https://ke-image.ljcdn.com/110000-inspection/ec356269-40de-492c-a960-8acaa8973656_1000.jpg!m_fill,w_280,h_210,f_jpg?from=ke.com
20231017,房山,窦店,101119776320,万科幸福汇精装修3居室采光好交通方便,258万,26066元/平,底层 (共13层) | 2014年建 | 3室1厅 | 98.98平米 | 南 北,https://ke-image.ljcdn.com/110000-inspection/pc1_gONq0IE5N_1.jpg!m_fill,w_280,h_210,f_jpg?from=ke.com
20231017,房山,窦店,101119774013,北京城建琨廷南区 三居室 电梯房 户型好 视野好,195万,20398元/平,中楼层 (共15层) | 2015年建 | 3室1厅 | 95.6平米 | 南 北,https://ke-image.ljcdn.com/110000-inspection/pc1_ZfbRaIpuG.jpg!m_fill,w_280,h_210,f_jpg?from=ke.com
20231017,房山,窦店,101119692608,世界名园D区 2室1厅 南,130万,19502元/平,低楼层 (共9层) 2室1厅 | 66.66平米 | 南,https://ke-image.ljcdn.com/110000-inspection/00addb92-b132-45cb-bd40-249c5a49abdd_1000.jpg!m_fill,w_280,h_210,f_jpg?from=ke.com
20231017,房山,窦店,101119682159,满五唯一 电梯入户 南北通透 眼睛户型 格局方正,425万,33428元/平,顶层 (共8层) | 2016年建 | 4室2厅 | 127.14平米 | 南 北,https://ke-image.ljcdn.com/110000-inspection/pc1_ljArZh93l.jpg!m_fill,w_280,h_210,f_jpg?from=ke.com
20231017,房山,窦店,101119655580,北京城建琨廷南区电梯洋房南北通透店长推荐户型。,179万,20880元/平,低楼层 (共15层) | 2015年建 | 2室1厅 | 85.73平米 | 南 北,https://ke-image.ljcdn.com/110000-inspection/pc1_EQNCOJVVy.jpg!m_fill,w_280,h_210,f_jpg?from=ke.com
20231017,房山,窦店,101119630693,满五年唯一 南北通透 全明格局 二居室 前后无遮挡,200万,23376元/平,底层 (共15层) | 2014年建 | 2室1厅 | 85.56平米 | 南 北,https://ke-image.ljcdn.com/110000-inspection/pc1_hIPHaRBXY_2.jpg!m_fill,w_280,h_210,f_jpg?from=ke.com
20231017,房山,窦店,101119599334,北京城建琨廷漫缇边户三居双卧客厅朝南位置安静,295万,24988元/平,高楼层 (共8层) | 2016年建 | 3室1厅 | 118.06平米 | 南 北,https://ke-image.ljcdn.com/110000-inspection/pc1_CX2B5YCrq_1.jpg!m_fill,w_280,h_210,f_jpg?from=ke.com
20231017,房山,窦店,101119536007,山水汇豪A区 南北通透3居2卫 户型方正 看房方便房主自荐,250万,22936元/平,底层 (共6层) | 2007年建 | 3室1厅 | 109平米 | 南 北,https://ke-image.ljcdn.com/110000-inspection/pc1_Sl1NWSdJd_1.jpg!m_fill,w_280,h_210,f_jpg?from=ke.com
20231017,房山,窦店,101119524736,明峻嘉园 3室1厅 南 北,177万,18836元/平,低楼层 (共7层) 3室1厅 | 93.97平米 | 南 北,https://ke-image.ljcdn.com/110000-inspection/pc1_k2hIV5ZTr.jpg!m_fill,w_280,h_210,f_jpg?from=ke.com
20231017,房山,窦店,101119521120,满五年唯一 南北通透 全明格局 二居室 精装修,230万,25823元/平,中楼层 (共15层) | 2014年建 | 2室1厅 | 89.07平米 | 南 北,https://ke-image.ljcdn.com/110000-inspection/pc1_ofmsP0Bks_2.jpg!m_fill,w_280,h_210,f_jpg?from=ke.com
20231017,房山,窦店,101119494455,满五年唯一  两居室 全明格局 南北通透,189万,22126元/平,中楼层 (共15层) | 2014年建 | 2室2厅 | 85.42平米 | 南 北,https://ke-image.ljcdn.com/110000-inspection/50a690b6-b452-4b3d-8369-7694d9e6c1b6_1000.jpg!m_fill,w_280,h_210,f_jpg?from=ke.com
20231017,房山,窦店,101119492690,田家园小区 2室2厅 南 北,155万,15980元/平,中楼层 (共6层) 2室2厅 | 97平米 | 南 北,https://ke-image.ljcdn.com/110000-inspection/pc1_c1q9sYdSc_2.jpg!m_fill,w_280,h_210,f_jpg?from=ke.com
20231017,房山,窦店,101119457443,京南嘉园 2室1厅 南 北,149万,16639元/平,中楼层 (共6层) 2室1厅 | 89.55平米 | 南 北,https://ke-image.ljcdn.com/110000-inspection/pc1_lhd1NiEs0_1.jpg!m_fill,w_280,h_210,f_jpg?from=ke.com
20231017,房山,窦店,101119448137,明峻嘉园 3室2厅 南 北房主自荐,290万,20722元/平,中楼层 (共10层) | 2013年建 | 3室2厅 | 139.95平米 | 南 北,https://ke-image.ljcdn.com/110000-inspection/43f4afec-df7b-431a-b14c-6c616ecf9bd2_1000.jpg!m_fill,w_280,h_210,f_jpg?from=ke.com
20231017,房山,窦店,101119445046,沁园春景 两居室 客厅朝南 落地阳台 采光好 看房方便,132万,14774元/平,高楼层 (共6层) 2室1厅 | 89.35平米 | 南 北,https://ke-image.ljcdn.com/110000-inspection/fffde09f-7d47-4b5f-be02-a5c3c5acd0ce_1000.jpg!m_fill,w_280,h_210,f_jpg?from=ke.com
20231017,房山,窦店,101119404069,北京城建琨廷漫缇 三居室 一层 电梯房 洋房 看房方便,196万,20029元/平,底层 (共5层) | 2016年建 | 3室1厅 | 97.86平米 | 南 北,https://ke-image.ljcdn.com/110000-inspection/pc1_XmYcY6pAu_1.jpg!m_fill,w_280,h_210,f_jpg?from=ke.com
20231017,房山,窦店,101119388182,京南嘉园 3室2厅 南 北,230万,14754元/平,低楼层 (共6层) 3室2厅 | 155.9平米 | 南 北,https://ke-image.ljcdn.com/110000-inspection/01a333e0-eeb8-4612-8600-e3bb6e3cd8d1_1000.jpg!m_fill,w_280,h_210,f_jpg?from=ke.com
20231017,房山,窦店,101119371309,北京城建琨廷漫缇 南北通透 三居室 户型方正,240万,24421元/平,中楼层 (共6层) | 2016年建 | 3室1厅 | 98.28平米 | 南 北,https://ke-image.ljcdn.com/110000-inspection/pc1_EA0YQ67f6_2.jpg!m_fill,w_280,h_210,f_jpg?from=ke.com
20231017,房山,窦店,101119357811,北京城建琨廷南区 花园洋房 配套方便,350万,24316元/平,中楼层 (共5层) 3室2厅 | 143.94平米 | 北 南,https://ke-image.ljcdn.com/110000-inspection/pc1_Ley5C7hWy_1.jpg!m_fill,w_280,h_210,f_jpg?from=ke.com
20231017,房山,窦店,101119343826,世界名园D区  南北通透 两室一厅一卫,158万,17058元/平,低楼层 (共9层) 2室2厅 | 92.63平米 | 南 北,https://ke-image.ljcdn.com/110000-inspection/pc1_sTHmwgRIt_1.jpg!m_fill,w_280,h_210,f_jpg?from=ke.com
20231017,房山,窦店,101119331132,山水汇豪苑A区 2室1厅 南 北,145万,19396元/平,底层 (共6层) | 2003年建 | 2室1厅 | 74.76平米 | 南 北,https://ke-image.ljcdn.com/110000-inspection/pc1_IStgwcD5W_1.jpg!m_fill,w_280,h_210,f_jpg?from=ke.com
20231017,房山,窦店,101119302672,山水汇豪苑B区 满五唯一 南北通透 采光充足,229万,18990元/平,高楼层 (共15层) | 2011年建 | 3室1厅 | 120.59平米 | 南 北,https://ke-image.ljcdn.com/110000-inspection/pc1_KbltwnReS_1.jpg!m_fill,w_280,h_210,f_jpg?from=ke.com
20231017,房山,窦店,101119283871,田家园小区 3室1厅 南 北,162万,14177元/平,顶层 (共6层) | 2004年建 | 3室1厅 | 114.27平米 | 南 北,https://ke-image.ljcdn.com/110000-inspection/pc1_RI8av2ys3_1.jpg!m_fill,w_280,h_210,f_jpg?from=ke.com
20231017,房山,窦店,101119282894,世界名园北区 2室1厅 南 北,192万,18620元/平,低楼层 (共6层) 2室1厅 | 103.12平米 | 南 北,https://ke-image.ljcdn.com/110000-inspection/5c68b162-e26d-4cca-bd35-ff6d730c30e9_1000.jpg!m_fill,w_280,h_210,f_jpg?from=ke.com
20231017,房山,窦店,101119276629,沁园.春景家园西南两居大客厅满五唯一商品房,138万,14430元/平,高楼层 (共6层) | 2005年建 | 2室1厅 | 95.64平米 | 南 西,https://ke-image.ljcdn.com/110000-inspection/pc1_WpGSFZ2PC_1.jpg!m_fill,w_280,h_210,f_jpg?from=ke.com
20231017,房山,窦店,101119264992,精装基本未住 全明格局眼睛户型采光充足拎包入住,320万,25279元/平,中楼层 (共9层) | 2014年建 | 3室2厅 | 126.59平米 | 南 北,https://ke-image.ljcdn.com/110000-inspection/pc1_BBE8LuNqx_1.jpg!m_fill,w_280,h_210,f_jpg?from=ke.com
20231017,房山,窦店,101119238012,总高8层的电梯洋房次次顶层满五唯一精装修。,179万,22882元/平,高楼层 (共7层) | 2015年建 | 2室1厅 | 78.23平米 | 南 北,https://ke-image.ljcdn.com/110000-inspection/pc1_l1WSwtIBF.jpg!m_fill,w_280,h_210,f_jpg?from=ke.com
20231017,房山,窦店,101119234662,田家园小区 南北通透 全明户型 采光好,195万,16135元/平,中楼层 (共6层) | 2007年建 | 3室1厅 | 120.86平米 | 南 北,https://ke-image.ljcdn.com/110000-inspection/pc1_MUfbRyO3q_2.jpg!m_fill,w_280,h_210,f_jpg?from=ke.com
20231017,房山,窦店,101119232560,京南嘉园 3室1厅 南 北,200万,13918元/平,中楼层 (共6层) 3室1厅 | 143.7平米 | 南 北,https://ke-image.ljcdn.com/110000-inspection/pc1_HeZCAo9KC_2.jpg!m_fill,w_280,h_210,f_jpg?from=ke.com
20231017,房山,窦店,101119226876,山水汇豪苑A区 3室2厅 南 北,189万,17780元/平,中楼层 (共6层) | 2007年建 | 3室2厅 | 106.3平米 | 南 北,https://ke-image.ljcdn.com/110000-inspection/f145a124-1101-4999-87b1-d7d27a3c3315_1000.jpg!m_fill,w_280,h_210,f_jpg?from=ke.com
20231017,房山,窦店,101119223352,京南嘉园 1室1厅 南 北,125万,16472元/平,高楼层 (共6层) | 2004年建 | 1室1厅 | 75.89平米 | 南 北,https://ke-image.ljcdn.com/110000-inspection/pc1_RuM0nWkwE_2.jpg!m_fill,w_280,h_210,f_jpg?from=ke.com
20231017,房山,窦店,101119221391,田家园小区 3室1厅 南 北,180万,15753元/平,高楼层 (共6层) 3室1厅 | 114.27平米 | 南 北,https://ke-image.ljcdn.com/110000-inspection/pc1_F6sM5zkbe_2.jpg!m_fill,w_280,h_210,f_jpg?from=ke.com
20231017,房山,窦店,101119183773,世界名园北区 4室2厅 南 北,198万,13385元/平,中楼层 (共6层) 4室2厅 | 147.93平米 | 南 北,https://ke-image.ljcdn.com/110000-inspection/pc1_QD9FEYRlF.jpg!m_fill,w_280,h_210,f_jpg?from=ke.com
20231017,房山,窦店,101119132829,京南嘉园大一居可当两居室居住业主着急出售,95万,17317元/平,高楼层 (共6层) 1室1厅 | 54.86平米 | 南 北,https://ke-image.ljcdn.com/110000-inspection/d2faea94-f57c-46e5-a13e-c684ace1aa84_1000.jpg!m_fill,w_280,h_210,f_jpg?from=ke.com
20231017,房山,窦店,101119130956,田家园小区 3室2厅 南 北,208万,17158元/平,中楼层 (共6层) | 2005年建 | 3室2厅 | 121.23平米 | 南 北,https://ke-image.ljcdn.com/110000-inspection/pc1_csH6BxXRS.jpg!m_fill,w_280,h_210,f_jpg?from=ke.com
20231017,房山,窦店,101119126417,北京城建琨廷北区 电梯入户三居室 精装修 全明格局,310万,24404元/平,中楼层 (共9层) 3室2厅 | 127.03平米 | 南 北,https://ke-image.ljcdn.com/110000-inspection/pc1_oCMD5gpWs_2.jpg!m_fill,w_280,h_210,f_jpg?from=ke.com
20231017,房山,窦店,101119118049,山水汇豪苑A区 3室1厅 南 北房主自荐,173万,16149元/平,底层 (共6层) | 2007年建 | 3室1厅 | 107.13平米 | 南 北,https://ke-image.ljcdn.com/110000-inspection/6b7305ca-58f6-4b48-80a1-d7f3df4fdc8e_1000.jpg!m_fill,w_280,h_210,f_jpg?from=ke.com
20231017,房山,窦店,101119107369,山水汇豪A区 南北通透大三居2卫 中间楼层 满五唯一,238万,18080元/平,低楼层 (共6层) | 2007年建 | 3室2厅 | 131.64平米 | 南 北,https://ke-image.ljcdn.com/110000-inspection/pc1_52io5NGI8_2.jpg!m_fill,w_280,h_210,f_jpg?from=ke.com
20231017,房山,窦店,101119106842,万科幸福汇满五唯一南北通透三居室,215万,22764元/平,中楼层 (共15层) 3室2厅 | 94.45平米 | 南 北,https://ke-image.ljcdn.com/110000-inspection/pc1_UkNyqe3ux.jpg!m_fill,w_280,h_210,f_jpg?from=ke.com
20231017,房山,窦店,101119088468,世界名园南区  全景屋顶 南北通透 采光佳 位置安静,215万,16213元/平,顶层 (共6层) | 2011年建 | 3室2厅 | 132.61平米 | 南 北,https://ke-image.ljcdn.com/110000-inspection/pc1_ypMnf9HVy_1.jpg!m_fill,w_280,h_210,f_jpg?from=ke.com
20231017,房山,窦店,101119077938,世界名园北区  南北通透 三居两卫 大客厅 落地阳台,205万,13946元/平,高楼层 (共6层) | 2007年建 | 3室2厅 | 147平米 | 南 北,https://ke-image.ljcdn.com/110000-inspection/9434721d-736c-4a2e-a54b-58dae5f03f2b_1000.jpg!m_fill,w_280,h_210,f_jpg?from=ke.com
20231017,房山,窦店,101119077917,世界名园北区  南北通透 三居两卫 边儿户,199万,13538元/平,中楼层 (共6层) | 2007年建 | 3室2厅 | 147平米 | 南 北,https://ke-image.ljcdn.com/110000-inspection/pc1_rNOgO7RDM_2.jpg!m_fill,w_280,h_210,f_jpg?from=ke.com
20231017,房山,窦店,101119075386,房山区 世界名园南区 南北向 三居室 有电梯,191万,14404元/平,顶层 (共6层) | 2011年建 | 3室2厅 | 132.61平米 | 南 北,https://ke-image.ljcdn.com/110000-inspection/pc1_Ox5KJmGJh_1.jpg!m_fill,w_280,h_210,f_jpg?from=ke.com
20231017,房山,窦店,101119073970,世界名园北区 正规四室两卫  南北通透 带电梯,202万,13656元/平,低楼层 (共6层) | 2007年建 | 4室2厅 | 147.93平米 | 南 北,https://ke-image.ljcdn.com/110000-inspection/pc1_yCDNBv8PE.jpg!m_fill,w_280,h_210,f_jpg?from=ke.com
20231017,房山,窦店,101119073441,世界名园南区  南北通透 三居两卫 采光好房主自荐,176.9万,13173元/平,高楼层 (共6层) | 2011年建 | 3室2厅 | 134.29平米 | 南 北,https://ke-image.ljcdn.com/110000-inspection/1886bd74-59e5-4e04-8380-7600f785276e_1000.jpg!m_fill,w_280,h_210,f_jpg?from=ke.com
20231017,房山,窦店,101119073405,世界名园南区  南北通透 三居两卫 采光好房主自荐,180万,13404元/平,中楼层 (共6层) | 2011年建 | 3室2厅 | 134.29平米 | 南 北,https://ke-image.ljcdn.com/110000-inspection/pc1_fa3tRQxyb.jpg!m_fill,w_280,h_210,f_jpg?from=ke.com
20231017,房山,窦店,101119071268,北京城建琨廷北区 2室2厅 南 北,185万,21497元/平,底层 (共12层) | 2014年建 | 2室2厅 | 86.06平米 | 南 北,https://ke-image.ljcdn.com/110000-inspection/df521c30-230d-4e51-8fb2-ec6a1e8e4a92_1000.jpg!m_fill,w_280,h_210,f_jpg?from=ke.com
20231017,房山,窦店,101119067381,山水汇豪苑A区 2室1厅 南 北,155万,18768元/平,低楼层 (共6层) | 2003年建 | 2室1厅 | 82.59平米 | 南 北,https://ke-image.ljcdn.com/110000-inspection/pc1_KbvgdOONJ_2.jpg!m_fill,w_280,h_210,f_jpg?from=ke.com
20231017,房山,窦店,101119065254,京南嘉园  南北通透 低楼层 户型方正 采光好 位置安静,138万,14294元/平,低楼层 (共6层) 2室2厅 | 96.55平米 | 南 北,https://ke-image.ljcdn.com/110000-inspection/23329f0e-3c4e-452f-972e-844f34da2903_1000.jpg!m_fill,w_280,h_210,f_jpg?from=ke.com
20231017,房山,窦店,101119056759,沁馥家园配套齐全集中供暖采光充足,115万,13989元/平,高楼层 (共6层) 2室2厅 | 82.21平米 | 南 北,https://ke-image.ljcdn.com/110000-inspection/pc1_dNiWhkxQ9.jpg!m_fill,w_280,h_210,f_jpg?from=ke.com
20231017,房山,窦店,101119045662,房山窦店金鑫苑 中楼层 满五唯一 装修还行 诚意度高,119万,12972元/平,中楼层 (共6层) 2室2厅 | 91.74平米 | 南 北,https://ke-image.ljcdn.com/110000-inspection/c8bdbfdf-e8f5-47eb-8de6-e27624b9e28d_1000.jpg!m_fill,w_280,h_210,f_jpg?from=ke.com
20231017,房山,窦店,101119034691,京南嘉园 3室1厅 南 北,156万,15325元/平,中楼层 (共6层) | 2003年建 | 3室1厅 | 101.8平米 | 南 北,https://ke-image.ljcdn.com/110000-inspection/pc1_FEm6jvKUN.jpg!m_fill,w_280,h_210,f_jpg?from=ke.com
20231017,房山,窦店,101119018240,田家园住宅小区--精装修南北通透三居室,169万,14449元/平,低楼层 (共6层) | 2008年建 | 3室1厅 | 116.97平米 | 南 北,https://ke-image.ljcdn.com/110000-inspection/pc1_rYXQ0hrN3_2.jpg!m_fill,w_280,h_210,f_jpg?from=ke.com
20231017,房山,窦店,101119010344,山水汇豪苑B区 2室1厅 南 北,148万,18699元/平,底层 (共6层) | 2011年建 | 2室1厅 | 79.15平米 | 南 北,https://ke-image.ljcdn.com/110000-inspection/e1e60f26-e350-44fc-aec7-7a510237e16d_1000.jpg!m_fill,w_280,h_210,f_jpg?from=ke.com
20231017,房山,窦店,101118995428,金鑫苑小区 低楼层 南北通透两居,120万,12681元/平,低楼层 (共6层) | 2006年建 | 2室2厅 | 94.63平米 | 南 北,https://ke-image.ljcdn.com/110000-inspection/pc1_AGjPQJZ6p.jpg!m_fill,w_280,h_210,f_jpg?from=ke.com
20231017,房山,窦店,101118981498,沁园春景 南北通透 采光好 视野开阔,138万,16190元/平,低楼层 (共6层) 2室1厅 | 85.24平米 | 南 北,https://ke-image.ljcdn.com/110000-inspection/pc1_oIXIEplTK_1.jpg!m_fill,w_280,h_210,f_jpg?from=ke.com
20231017,房山,窦店,101118980833,京南嘉园98平米大两居南北通透布局合理厨房宽敞舒适,142万,14544元/平,低楼层 (共6层) 2室1厅 | 97.64平米 | 南 北,https://ke-image.ljcdn.com/110000-inspection/53e5e1a9-463f-4171-8eb8-c90181085a95_1000.jpg!m_fill,w_280,h_210,f_jpg?from=ke.com
20231017,房山,窦店,101118966462,沁园春景精装南北通透两居室低楼层采光好。,185万,20803元/平,低楼层 (共6层) | 2003年建 | 2室1厅 | 88.93平米 | 南 北,https://ke-image.ljcdn.com/110000-inspection/pc1_WUEJZj9gR_1.jpg!m_fill,w_280,h_210,f_jpg?from=ke.com
20231017,房山,窦店,101118963911,田家园小区 2室2厅 南 北,155万,15746元/平,中楼层 (共6层) | 2006年建 | 2室2厅 | 98.44平米 | 南 北,https://ke-image.ljcdn.com/110000-inspection/pc1_xEaPu9p7q_2.jpg!m_fill,w_280,h_210,f_jpg?from=ke.com
20231017,房山,窦店,101118949212,华城家园 2室1厅 南 北,145万,15209元/平,中楼层 (共6层) 2室1厅 | 95.34平米 | 南 北,https://ke-image.ljcdn.com/110000-inspection/pc1_IiVviiQym.jpg!m_fill,w_280,h_210,f_jpg?from=ke.com
20231017,房山,窦店,101118937579,华城家园南北通透地暖两居3层楼层光线好,116万,13600元/平,中楼层 (共6层) 2室2厅 | 85.3平米 | 南 北,https://ke-image.ljcdn.com/110000-inspection/pc1_EXGSU9AMe_1.jpg!m_fill,w_280,h_210,f_jpg?from=ke.com
20231017,房山,窦店,101118927731,山水汇豪苑 南北通透三居两卫 只有契税,218万,16531元/平,中楼层 (共6层) | 2007年建 | 3室2厅 | 131.88平米 | 南 北,https://ke-image.ljcdn.com/110000-inspection/f2304b10-f15e-4a09-ac41-4f639d1e7cd4_1000.jpg!m_fill,w_280,h_210,f_jpg?from=ke.com
20231017,房山,窦店,101118902230,田家园小区 3室2厅 南 北,189万,16158元/平,中楼层 (共6层) | 2008年建 | 3室2厅 | 116.97平米 | 南 北,https://ke-image.ljcdn.com/110000-inspection/pc1_WLrshG6Q7_2.jpg!m_fill,w_280,h_210,f_jpg?from=ke.com
20231017,房山,窦店,101118895183,大平层四居三卫带衣帽间 婚房精装修,468万,26552元/平,中楼层 (共5层) 4室2厅 | 176.26平米 | 南 北,https://ke-image.ljcdn.com/110000-inspection/pc1_E4dsSHafc_2.jpg!m_fill,w_280,h_210,f_jpg?from=ke.com
20231017,房山,窦店,101118881429,北京城建琨廷南区满五唯一13层双阳台三居户型,213万,21527元/平,高楼层 (共15层) | 2015年建 | 3室1厅 | 98.95平米 | 南 北,https://ke-image.ljcdn.com/110000-inspection/pc1_kD5mMNrcJ_1.jpg!m_fill,w_280,h_210,f_jpg?from=ke.com
20231017,房山,窦店,101118866177,田家园小区集体供暖停车方便采光好,158万,17660元/平,中楼层 (共6层) | 2005年建 | 2室1厅 | 89.47平米 | 南 北,https://ke-image.ljcdn.com/110000-inspection/8652a627-a436-4a7a-995e-d5f1cc71a22b_1000.jpg!m_fill,w_280,h_210,f_jpg?from=ke.com
20231017,房山,窦店,101118865416,世界名园北区 3室2厅 南 北,199万,13537元/平,中楼层 (共6层) 3室2厅 | 147.01平米 | 南 北,https://ke-image.ljcdn.com/110000-inspection/0a5b4544-d468-4b9a-8f81-38003a83e3ed_1000.jpg!m_fill,w_280,h_210,f_jpg?from=ke.com
20231017,房山,窦店,101118831648,北京城建琨廷南区满五唯一电梯入户双明卫,410万,28485元/平,中楼层 (共5层) 3室2厅 | 143.94平米 | 南 北,https://ke-image.ljcdn.com/110000-inspection/2bdf8837-e9c2-471c-83c7-4e456141e398_1000.jpg!m_fill,w_280,h_210,f_jpg?from=ke.com
20231017,房山,窦店,101118808437,世界名园D区  平层大三居 三面朝阳 全明户型,223万,15095元/平,低楼层 (共9层) 3室2厅 | 147.74平米 | 南 北,https://ke-image.ljcdn.com/110000-inspection/pc1_ds8Ig8g01.jpg!m_fill,w_280,h_210,f_jpg?from=ke.com
20231017,房山,窦店,101118804338,全明格局南北通透三居室满五唯一采光好！,155万,15040元/平,高楼层 (共6层) | 2010年建 | 3室1厅 | 103.06平米 | 南 北,https://ke-image.ljcdn.com/110000-inspection/pc1_z8x8GVklu_2.jpg!m_fill,w_280,h_210,f_jpg?from=ke.com
20231017,房山,窦店,101118784192,明峻嘉园——带电梯大两居诚心出售！,176万,18119元/平,低楼层 (共7层) 2室1厅 | 97.14平米 | 南 北,https://ke-image.ljcdn.com/110000-inspection/pc1_LAJhFT586_1.jpg!m_fill,w_280,h_210,f_jpg?from=ke.com
20231017,房山,窦店,101118780393,北京城建琨廷北区 南北通透 全明格局 电梯入户大三居,368万,26316元/平,中楼层 (共9层) | 2014年建 | 3室2厅 | 139.84平米 | 北 南,https://ke-image.ljcdn.com/110000-inspection/1cc63919-da5a-4950-92b5-6518a6f5164c_1000.jpg!m_fill,w_280,h_210,f_jpg?from=ke.com
20231017,房山,窦店,101118778993,山水汇豪苑A区南北通透采光充足,185万,19452元/平,中楼层 (共5层) | 2003年建 | 2室1厅 | 95.11平米 | 南 北,https://ke-image.ljcdn.com/110000-inspection/d156a48b-42ad-4100-9c3a-0861b9a3f520_1000.jpg!m_fill,w_280,h_210,f_jpg?from=ke.com
20231017,房山,窦店,101118778208,城建琨廷南区精装两居南北通透全明格局一梯两户。,199万,23213元/平,低楼层 (共15层) 2室2厅 | 85.73平米 | 南 北,https://ke-image.ljcdn.com/110000-inspection/pc1_o1W7XO02Q_1.jpg!m_fill,w_280,h_210,f_jpg?from=ke.com
20231017,房山,窦店,101118764954,世界名园北区 3室2厅 东 西,209万,14881元/平,低楼层 (共6层) | 2009年建 | 3室2厅 | 140.45平米 | 东 西,https://ke-image.ljcdn.com/110000-inspection/7ab5fc9e-255a-46dd-a1c8-5ab150b68385_1000.jpg!m_fill,w_280,h_210,f_jpg?from=ke.com
20231017,房山,窦店,101118762333,山水汇豪苑A区 2室1厅 南 北,150万,18130元/平,顶层 (共6层) | 2003年建 | 2室1厅 | 82.74平米 | 南 北,https://ke-image.ljcdn.com/110000-inspection/ba1b8c42-f3f0-4acd-876e-c7b37bfe5682_1000.jpg!m_fill,w_280,h_210,f_jpg?from=ke.com
20231017,房山,窦店,101118758392,华城嘉园好房便宜出售业主诚心出售,115万,12712元/平,顶层 (共6层) | 2005年建 | 2室2厅 | 90.47平米 | 北 南,https://ke-image.ljcdn.com/110000-inspection/pc1_B8dzzkgJr_1.jpg!m_fill,w_280,h_210,f_jpg?from=ke.com
20231017,房山,窦店,101118752047,北京城建琨廷漫缇南北通透一梯两户电梯洋房。,235万,20557元/平,底层 (共7层) | 2013年建 | 3室2厅 | 114.32平米 | 南 北,https://ke-image.ljcdn.com/110000-inspection/pc1_x2njAccSI.jpg!m_fill,w_280,h_210,f_jpg?from=ke.com
20231017,房山,窦店,101118747629,沁馥家园南北通透中楼层三居室采光好诚心出售。,155万,15276元/平,中楼层 (共6层) | 2002年建 | 3室1厅 | 101.47平米 | 南 北,https://ke-image.ljcdn.com/110000-inspection/pc1_Q08UHrQQo_1.jpg!m_fill,w_280,h_210,f_jpg?from=ke.com
20231017,房山,窦店,101118747309,华城家园 2室1厅 南 北房主自荐,119万,13804元/平,中楼层 (共6层) | 2006年建 | 2室1厅 | 86.21平米 | 南 北,https://ke-image.ljcdn.com/110000-inspection/pc1_9EsmFiBrl_1.jpg!m_fill,w_280,h_210,f_jpg?from=ke.com
20231017,房山,窦店,101118734634,金鑫苑小区  价格可谈 业主诚心出售,140万,16122元/平,中楼层 (共7层) | 2009年建 | 2室1厅 | 86.84平米 | 南 北,https://ke-image.ljcdn.com/110000-inspection/pc1_EQS8ZbehJ.jpg!m_fill,w_280,h_210,f_jpg?from=ke.com
20231017,房山,窦店,101118726360,田家园小区 南北通透 户型方正 满五唯一 配套齐全,235万,27592元/平,底层 (共6层) | 2008年建 | 2室1厅 | 85.17平米 | 南 北,https://ke-image.ljcdn.com/110000-inspection/pc1_vPFoPG5YL.jpg!m_fill,w_280,h_210,f_jpg?from=ke.com
20231017,房山,窦店,101118698812,房山区 万科幸福汇 南北向 三居室 有电梯 2014年建成房主自荐,219万,23058元/平,高楼层 (共12层) | 2014年建 | 3室2厅 | 94.98平米 | 南 北,https://ke-image.ljcdn.com/110000-inspection/pc1_jNi3Ze23K_1.jpg!m_fill,w_280,h_210,f_jpg?from=ke.com
20231017,房山,窦店,101118693816,6层电梯洋房满5唯一精装修中间楼层。三阳开泰户型,240万,18021元/平,中楼层 (共6层) 3室2厅 | 133.18平米 | 南 北,https://ke-image.ljcdn.com/110000-inspection/9d2d57b0-8f84-45e0-aa3c-e1f4d0eebaa9_1000.jpg!m_fill,w_280,h_210,f_jpg?from=ke.com
20231017,房山,窦店,101118691896,大窦路257号院南北通透户型格局好,178万,21359元/平,低楼层 (共15层) | 2012年建 | 2室1厅 | 83.34平米 | 南 北,https://ke-image.ljcdn.com/110000-inspection/pc1_3Cx24wYEE_2.jpg!m_fill,w_280,h_210,f_jpg?from=ke.com
20231017,房山,窦店,101118691460,田家园小区 2室1厅 南 北,167万,17892元/平,低楼层 (共6层) | 2008年建 | 2室1厅 | 93.34平米 | 南 北,https://ke-image.ljcdn.com/110000-inspection/pc1_rO2PepSUZ_2.jpg!m_fill,w_280,h_210,f_jpg?from=ke.com
20231017,房山,窦店,101118676455,世界名园南区 3室2厅 南 北,258万,19313元/平,中楼层 (共6层) 3室2厅 | 133.59平米 | 南 北,https://ke-image.ljcdn.com/110000-inspection/pc1_pnNOiVnOq.jpg!m_fill,w_280,h_210,f_jpg?from=ke.com
20231017,房山,窦店,101118663808,沁园.春景家园 房子满五唯一有钥匙 看房方便,132万,16676元/平,高楼层 (共6层) | 2005年建 | 2室1厅 | 79.16平米 | 南 北,https://ke-image.ljcdn.com/110000-inspection/pc1_a66gsYtHV.jpg!m_fill,w_280,h_210,f_jpg?from=ke.com
20231017,房山,窦店,101118649523,窦店镇提香草堂 配套齐全 环境优美,149万,28693元/平,中楼层 (共4层) | 2007年建 | 1室1厅 | 51.93平米 | 南 北,https://ke-image.ljcdn.com/110000-inspection/pc1_LBQkJ0enE_1.jpg!m_fill,w_280,h_210,f_jpg?from=ke.com
20231017,房山,窦店,101118647391,世界名园北区 3室1厅 南 北,175万,14265元/平,高楼层 (共6层) 3室1厅 | 122.68平米 | 南 北,https://ke-image.ljcdn.com/110000-inspection/pc1_Z1vPVPDnP_2.jpg!m_fill,w_280,h_210,f_jpg?from=ke.com
20231017,房山,窦店,101118643777,琨廷北区顶层观景东边户三居室。房主自荐,236万,23245元/平,顶层 (共15层) | 2014年建 | 3室1厅 | 101.53平米 | 南 北,https://ke-image.ljcdn.com/110000-inspection/e6572dc6-3f18-4a3b-bcb1-fe772b2b2bd4_1000.jpg!m_fill,w_280,h_210,f_jpg?from=ke.com
20231017,房山,窦店,101118638404,万科幸福汇 3室1厅 南 北,220万,23193元/平,低楼层 (共13层) | 2014年建 | 3室1厅 | 94.86平米 | 南 北,https://ke-image.ljcdn.com/110000-inspection/pc1_ohuvJn3Xm_2.jpg!m_fill,w_280,h_210,f_jpg?from=ke.com
20231017,房山,窦店,101118628916,世界名园北区 2室2厅 南 北,195万,15971元/平,高楼层 (共10层) 2室2厅 | 122.1平米 | 南 北,https://ke-image.ljcdn.com/110000-inspection/pc1_16r7rdhD7_2.jpg!m_fill,w_280,h_210,f_jpg?from=ke.com
20231017,房山,窦店,101118618754,明峻嘉园 4室2厅 南 北,299万,19464元/平,底层 (共5层) 4室2厅 | 153.62平米 | 南 北,https://ke-image.ljcdn.com/110000-inspection/pc1_JGScPChQX_2.jpg!m_fill,w_280,h_210,f_jpg?from=ke.com
20231017,房山,窦店,101118617216,山水汇豪苑B区 2室1厅 南 北,200万,22651元/平,顶层 (共6层) 2室1厅 | 88.3平米 | 南 北,https://ke-image.ljcdn.com/110000-inspection/pc1_fIQyZ05MC_2.jpg!m_fill,w_280,h_210,f_jpg?from=ke.com
20231017,房山,窦店,101118615621,北京城建琨廷南区 3室2厅 南 北,420万,29377元/平,中楼层 (共6层) 3室2厅 | 142.97平米 | 南 北,https://ke-image.ljcdn.com/110000-inspection/pc1_OgDBhYvxJ.jpg!m_fill,w_280,h_210,f_jpg?from=ke.com
20231017,房山,窦店,101118610331,北京城建琨廷南区 环境优美  优质小区房主自荐,190万,21382元/平,高楼层 (共15层) | 2015年建 | 2室1厅 | 88.86平米 | 南 北,https://ke-image.ljcdn.com/110000-inspection/3ff568b3-a92b-4988-8a55-73f71dc7de7b_1000.jpg!m_fill,w_280,h_210,f_jpg?from=ke.com
20231017,房山,窦店,101118605107,窦店镇提香草堂随时可看户型方正,159万,30275元/平,中楼层 (共4层) | 2007年建 | 1室1厅 | 52.52平米 | 南,https://ke-image.ljcdn.com/110000-inspection/pc1_sv50Fnyxl_2.jpg!m_fill,w_280,h_210,f_jpg?from=ke.com
20231017,房山,窦店,101118601659,沁园.春景家园 环境优美 配套齐全,149万,16787元/平,低楼层 (共6层) 2室1厅 | 88.76平米 | 南 北,https://ke-image.ljcdn.com/110000-inspection/4608d887-0d40-41fc-8a4d-6cd83cc1a283_1000.jpg!m_fill,w_280,h_210,f_jpg?from=ke.com
20231017,房山,窦店,101118563575,田家园小区 1室0厅 南 北,120万,24974元/平,中楼层 (共6层) | 2005年建 | 1室0厅 | 48.05平米 | 南 北,https://ke-image.ljcdn.com/110000-inspection/pc1_ImuWbafwu_2.jpg!m_fill,w_280,h_210,f_jpg?from=ke.com
20231017,房山,窦店,101118547252,山水汇豪苑A区 1室0厅 南,116万,27340元/平,顶层 (共6层) | 2007年建 | 1室0厅 | 42.43平米 | 南,https://ke-image.ljcdn.com/110000-inspection/pc1_nmKRIf5P7_2.jpg!m_fill,w_280,h_210,f_jpg?from=ke.com
20231017,房山,窦店,101118539191,田家园小区 2室2厅 南 北,148万,15118元/平,高楼层 (共6层) 2室2厅 | 97.9平米 | 南 北,https://ke-image.ljcdn.com/110000-inspection/e5fee8b1-b32d-4f75-a10c-3d66eb5f67a5_1000.jpg!m_fill,w_280,h_210,f_jpg?from=ke.com
20231017,房山,窦店,101118529781,北京城建琨廷北区 满五唯一 南北通透 全明格局二居室,193万,21767元/平,高楼层 (共15层) | 2014年建 | 2室1厅 | 88.67平米 | 南 北,https://ke-image.ljcdn.com/110000-inspection/pc1_sRyZnul4x.jpg!m_fill,w_280,h_210,f_jpg?from=ke.com
20231017,房山,窦店,101118521784,北京城建琨廷北区 电梯入户 眼睛户型 三居室 全明格局,295万,23299元/平,高楼层 (共9层) | 2014年建 | 3室1厅 | 126.62平米 | 南 北,https://ke-image.ljcdn.com/110000-inspection/pc1_qzObez34F.jpg!m_fill,w_280,h_210,f_jpg?from=ke.com
20231017,房山,窦店,101118513158,满五唯一三居室精装修高楼层视野好。,205万,21611元/平,顶层 (共13层) 3室2厅 | 94.86平米 | 南 北,https://ke-image.ljcdn.com/110000-inspection/pc1_56ngI5Lbz_2.jpg!m_fill,w_280,h_210,f_jpg?from=ke.com
20231017,房山,窦店,101118507388,北京城建琨廷漫缇 电梯入户 精装修三居室 户型方正,320万,25065元/平,中楼层 (共8层) | 2016年建 | 3室2厅 | 127.67平米 | 南 北,https://ke-image.ljcdn.com/110000-inspection/pc1_kGZ4wDZgh.jpg!m_fill,w_280,h_210,f_jpg?from=ke.com
20231017,房山,窦店,101118481194,城建琨廷南区精装修南北通透两居室高楼层全明格局,210万,24496元/平,中楼层 (共15层) 2室1厅 | 85.73平米 | 南 北,https://ke-image.ljcdn.com/110000-inspection/pc1_vovqmNsEI_2.jpg!m_fill,w_280,h_210,f_jpg?from=ke.com
20231017,房山,窦店,101118493105,万科幸福汇 3室1厅 南 北,247万,24995元/平,底层 (共15层) | 2014年建 | 3室1厅 | 98.82平米 | 南 北,https://ke-image.ljcdn.com/110000-inspection/pc1_Q4yn5lc3Y_1.jpg!m_fill,w_280,h_210,f_jpg?from=ke.com
20231017,房山,窦店,101118490751,世界名园南区 3室2厅 南 北,245万,18906元/平,底层 (共6层) 3室2厅 | 129.59平米 | 南 北,https://ke-image.ljcdn.com/110000-inspection/pc1_4SnKYqS5j.jpg!m_fill,w_280,h_210,f_jpg?from=ke.com
20231017,房山,窦店,101118490133,京南嘉园 1室0厅 北,83万,24128元/平,中楼层 (共6层) 1室0厅 | 34.4平米 | 北,https://ke-image.ljcdn.com/110000-inspection/pc1_5OZTKS2nk_2.jpg!m_fill,w_280,h_210,f_jpg?from=ke.com
20231017,房山,窦店,101118486867,北京城建▪琨廷漫缇 环境优美 配套齐全,186万,21003元/平,中楼层 (共18层) | 2016年建 | 2室1厅 | 88.56平米 | 南 北,https://ke-image.ljcdn.com/110000-inspection/pc1_X03TkIHDB_3.jpg!m_fill,w_280,h_210,f_jpg?from=ke.com
20231017,房山,窦店,101118471499,北京城建琨廷南区 带苑 简装 原票3204537 环境好,328万,21137元/平,底层 (共5层) | 2015年建 | 3室1厅 | 155.18平米 | 南 北,https://ke-image.ljcdn.com/110000-inspection/266ccd9a-58f8-49d5-bb81-cc6539c89fc3_1000.jpg!m_fill,w_280,h_210,f_jpg?from=ke.com
20231017,房山,窦店,101118462675,北京城建琨廷南区明厨明卫3居精装修,249万,26047元/平,中楼层 (共15层) | 2015年建 | 3室1厅 | 95.6平米 | 南 北,https://ke-image.ljcdn.com/110000-inspection/pc1_LSg3NFtAA_2.jpg!m_fill,w_280,h_210,f_jpg?from=ke.com
20231017,房山,窦店,101118456811,山水汇豪B区 南北通透两居 满五唯一 诚心出售,163万,20746元/平,底层 (共6层) | 2011年建 | 2室1厅 | 78.57平米 | 南 北,https://ke-image.ljcdn.com/110000-inspection/c2000122-26e8-4041-9af8-bc3dcc05a956_1000.jpg!m_fill,w_280,h_210,f_jpg?from=ke.com
20231017,房山,窦店,101118424903,万科幸福汇——精装修户型方正,188万,22384元/平,底层 (共15层) | 2012年建 | 2室1厅 | 83.99平米 | 南 北,https://ke-image.ljcdn.com/110000-inspection/pc1_p9OdJQtTB_2.jpg!m_fill,w_280,h_210,f_jpg?from=ke.com
20231017,房山,窦店,101118387278,北京城建琨廷南区 大三居 电梯入户 大客厅 落地阳台房主自荐,308万,21398元/平,中楼层 (共5层) | 2015年建 | 3室2厅 | 143.94平米 | 南 北,https://ke-image.ljcdn.com/110000-inspection/cb490caf-2554-4b23-b14c-fe44adce3a37_1000.jpg!m_fill,w_280,h_210,f_jpg?from=ke.com
20231017,房山,窦店,101118378513,北京城建琨廷漫缇 满五唯一 南北通透三居室 诚心出售,215万,21877元/平,低楼层 (共6层) | 2016年建 | 3室1厅 | 98.28平米 | 北 南,https://ke-image.ljcdn.com/110000-inspection/pc1_JkAjiLnsz_1.jpg!m_fill,w_280,h_210,f_jpg?from=ke.com
20231017,房山,窦店,101118351944,南北户型户型好采光充足配套齐全交通方便,180万,14381元/平,低楼层 (共6层) | 2004年建 | 3室2厅 | 125.17平米 | 北 南,https://ke-image.ljcdn.com/110000-inspection/pc1_UC8rul40q.jpg!m_fill,w_280,h_210,f_jpg?from=ke.com
20231017,房山,窦店,101118347756,北京城建琨廷南区 3室2厅 南 北,230万,22875元/平,低楼层 (共6层) 3室2厅 | 100.55平米 | 南 北,https://ke-image.ljcdn.com/110000-inspection/pc1_mVkGwyEpZ.jpg!m_fill,w_280,h_210,f_jpg?from=ke.com
20231017,房山,窦店,101118337411,田家园小区 2室1厅 南 北,188万,20885元/平,底层 (共6层) 2室1厅 | 90.02平米 | 南 北,https://ke-image.ljcdn.com/110000-inspection/pc1_HITHLdokg.jpg!m_fill,w_280,h_210,f_jpg?from=ke.com
20231017,房山,窦店,101118317946,万科幸福汇 3室1厅 南 北新上,245万,25725元/平,低楼层 (共15层) | 2016年建 | 3室1厅 | 95.24平米 | 南 北,https://ke-image.ljcdn.com/110000-inspection/6a53c7b7-619d-40f9-8e69-a5c551ecda9e_1000.jpg!m_fill,w_280,h_210,f_jpg?from=ke.com
20231017,房山,窦店,101118315989,北京城建琨廷北区 精装高层  眼镜户型 三阳开泰,230万,22139元/平,高楼层 (共15层) | 2014年建 | 3室1厅 | 103.89平米 | 南 北,https://ke-image.ljcdn.com/110000-inspection/pc1_2z7vXQPni_2.jpg!m_fill,w_280,h_210,f_jpg?from=ke.com
20231017,房山,窦店,101118309904,北京城建琨廷漫缇 环境优美 配套齐全,205万,23125元/平,中楼层 (共18层) | 2016年建 | 2室1厅 | 88.65平米 | 南 北,https://ke-image.ljcdn.com/110000-inspection/pc1_cSBeB02iN_1.jpg!m_fill,w_280,h_210,f_jpg?from=ke.com
20231017,房山,窦店,101118276024,万科幸福汇 2室1厅 南 北,190万,22644元/平,中楼层 (共15层) 2室1厅 | 83.91平米 | 南 北,https://ke-image.ljcdn.com/110000-inspection/pc1_948xTEy0l_2.jpg!m_fill,w_280,h_210,f_jpg?from=ke.com
20231017,房山,窦店,101118267461,华城家园 2室1厅 北,125万,13817元/平,中楼层 (共6层) 2室1厅 | 90.47平米 | 北,https://ke-image.ljcdn.com/110000-inspection/pc1_uTsk4TR1C.jpg!m_fill,w_280,h_210,f_jpg?from=ke.com
20231017,房山,窦店,101118251932,北京城建琨廷漫缇 2018年小区 电梯房 小三居室,280万,26483元/平,底层 (共18层) | 2013年建 | 3室1厅 | 105.73平米 | 南,https://ke-image.ljcdn.com/110000-inspection/pc1_UQcCJg4or_2.jpg!m_fill,w_280,h_210,f_jpg?from=ke.com
20231017,房山,窦店,101118250819,房山区 山水汇豪苑 南北向 两居室 随时看房房主自荐,150万,19408元/平,低楼层 (共6层) 2室1厅 | 77.29平米 | 南 北,https://ke-image.ljcdn.com/110000-inspection/pc1_OqmvI6KXC_2.jpg!m_fill,w_280,h_210,f_jpg?from=ke.com
20231017,房山,窦店,101118248870,明峻嘉园 3室1厅 南 北,240万,20136元/平,中楼层 (共7层) 3室1厅 | 119.19平米 | 南 北,https://ke-image.ljcdn.com/110000-inspection/pc1_fmigZSkGJ.jpg!m_fill,w_280,h_210,f_jpg?from=ke.com
20231017,房山,窦店,101118247109,沁馥家园 采光好 南北通透 视野开阔 出行方便,199万,15549元/平,底层 (共6层) 3室1厅 | 127.99平米 | 南 北,https://ke-image.ljcdn.com/110000-inspection/pc1_uOF0WYbQo_2.jpg!m_fill,w_280,h_210,f_jpg?from=ke.com
20231017,房山,窦店,101118237528,房山区 万科幸福汇 南北向 三居室 有电梯房主自荐,245万,25722元/平,高楼层 (共12层) | 2014年建 | 3室1厅 | 95.25平米 | 西 南 北,https://ke-image.ljcdn.com/110000-inspection/pc1_7xiH4Meah.jpg!m_fill,w_280,h_210,f_jpg?from=ke.com
20231017,房山,窦店,101118229225,房山区 万科幸福汇 南北向 两居室 有电梯 精装修,190万,21908元/平,中楼层 (共15层) | 2013年建 | 2室1厅 | 86.73平米 | 南 北,https://ke-image.ljcdn.com/110000-inspection/pc1_YrAao5xz5_2.jpg!m_fill,w_280,h_210,f_jpg?from=ke.com
20231017,房山,窦店,101118227078,田家园小区 2室1厅 南 北,168万,19677元/平,底层 (共6层) | 2008年建 | 2室1厅 | 85.38平米 | 南 北,https://ke-image.ljcdn.com/110000-inspection/pc1_ta6rXNsx3_2.jpg!m_fill,w_280,h_210,f_jpg?from=ke.com
20231017,房山,窦店,101118215265,山水汇豪苑A区 2室1厅 南 北,160万,21207元/平,底层 (共5层) 2室1厅 | 75.45平米 | 南 北,https://ke-image.ljcdn.com/110000-inspection/pc1_Oj0WidQ6V.jpg!m_fill,w_280,h_210,f_jpg?from=ke.com
20231017,房山,窦店,101118214397,田家园小区——精装大三居中间楼层诚心出售！,178万,14798元/平,中楼层 (共6层) | 2007年建 | 3室1厅 | 120.29平米 | 南 北,https://ke-image.ljcdn.com/110000-inspection/pc1_jjhdQFczI_2.jpg!m_fill,w_280,h_210,f_jpg?from=ke.com
20231017,房山,窦店,101118214004,世界名园D区——毛坯大两居诚心卖看房方便,143万,14722元/平,低楼层 (共9层) 2室1厅 | 97.14平米 | 南 北,https://ke-image.ljcdn.com/110000-inspection/pc1_tRRxrZ5Ee_2.jpg!m_fill,w_280,h_210,f_jpg?from=ke.com
20231017,房山,窦店,101118212517,万科幸福汇 南北通透三居室 采光好 户型方正,198万,20847元/平,低楼层 (共12层) | 2014年建 | 3室2厅 | 94.98平米 | 南 北,https://ke-image.ljcdn.com/110000-inspection/pc1_d0z8x7mmX.jpg!m_fill,w_280,h_210,f_jpg?from=ke.com
20231017,房山,窦店,101118206451,城建琨廷三居室眼睛户型全明格局高楼层电梯房。,245万,23583元/平,高楼层 (共15层) | 2014年建 | 3室1厅 | 103.89平米 | 南 北,https://ke-image.ljcdn.com/110000-inspection/pc1_aOoPeWTqS.jpg!m_fill,w_280,h_210,f_jpg?from=ke.com
20231017,房山,窦店,101118193177,山水汇豪苑A区 南北通透三居 前后无遮挡,225万,15515元/平,中楼层 (共6层) 3室2厅 | 145.03平米 | 南 北,https://ke-image.ljcdn.com/110000-inspection/pc1_WaWfElwhu_2.jpg!m_fill,w_280,h_210,f_jpg?from=ke.com
20231017,房山,窦店,101118165570,沁园春景家园次顶层2居室配套完善,125万,14665元/平,高楼层 (共6层) 2室1厅 | 85.24平米 | 南 北,https://ke-image.ljcdn.com/110000-inspection/pc1_u1aIsWhyD_2.jpg!m_fill,w_280,h_210,f_jpg?from=ke.com
20231017,房山,窦店,101118157592,汇景嘉园两居室南北户型诚心出售。,125万,20026元/平,高楼层 (共6层) 2室1厅 | 62.42平米 | 南 北,https://ke-image.ljcdn.com/110000-inspection/pc1_XWrfCt7ts.jpg!m_fill,w_280,h_210,f_jpg?from=ke.com
20231017,房山,窦店,101118153535,京南嘉园 满五唯一 实惠  看房方便 诚意出售房主自荐,93万,19303元/平,顶层 (共6层) 1室1厅 | 48.18平米 | 南 北,https://ke-image.ljcdn.com/110000-inspection/pc1_H3L0w7FIH_1.jpg!m_fill,w_280,h_210,f_jpg?from=ke.com
20231017,房山,窦店,101118150402,北京城建琨廷北区 2室1厅 南 北,195万,22792元/平,低楼层 (共15层) | 2014年建 | 2室1厅 | 85.56平米 | 南 北,https://ke-image.ljcdn.com/110000-inspection/pc1_f1MhDTqLx_2.jpg!m_fill,w_280,h_210,f_jpg?from=ke.com
20231017,房山,窦店,101118147551,沁园春景满五唯一户型通透客厅方正房主自荐,139万,15540元/平,顶层 (共6层) 2室1厅 | 89.45平米 | 南 北,https://ke-image.ljcdn.com/110000-inspection/pc1_G189Lfwpo.jpg!m_fill,w_280,h_210,f_jpg?from=ke.com
20231017,房山,窦店,101118145535,沁园春景家园 环境优美 配套齐全,135万,15738元/平,中楼层 (共5层) | 2005年建 | 2室1厅 | 85.78平米 | 南 北,https://ke-image.ljcdn.com/110000-inspection/pc1_uCAD7R1TG.jpg!m_fill,w_280,h_210,f_jpg?from=ke.com
20231017,房山,窦店,101118143868,华城家园 2室1厅 南 北,120万,12587元/平,中楼层 (共6层) 2室1厅 | 95.34平米 | 南 北,https://ke-image.ljcdn.com/110000-inspection/pc1_9eHalEpf8.jpg!m_fill,w_280,h_210,f_jpg?from=ke.com
20231017,房山,窦店,101118138230,世界名园D区 2室1厅 南 北,150万,15395元/平,高楼层 (共9层) 2室1厅 | 97.44平米 | 南 北,https://ke-image.ljcdn.com/110000-inspection/pc1_K7lCetW94_1.jpg!m_fill,w_280,h_210,f_jpg?from=ke.com
20231017,房山,窦店,101118137595,万科3居室精装修 房东自住,242万,25164元/平,低楼层 (共12层) | 2016年建 | 3室1厅 | 96.17平米 | 南 北,https://ke-image.ljcdn.com/110000-inspection/prod-2e58fb25-0196-4dee-b14d-0f19f81fc328.jpg!m_fill,w_280,h_210,f_jpg?from=ke.com
20231017,房山,窦店,101118127953,世界名园北区 2室2厅 南 北,180万,17606元/平,中楼层 (共6层) 2室2厅 | 102.24平米 | 南 北,https://ke-image.ljcdn.com/110000-inspection/c22864c2-9e16-42a4-8c53-358b6def7b62_1000.jpg!m_fill,w_280,h_210,f_jpg?from=ke.com
20231017,房山,窦店,101118082590,万科幸福汇 2室1厅 南 北,185万,22199元/平,低楼层 (共15层) 2室1厅 | 83.34平米 | 南 北,https://ke-image.ljcdn.com/110000-inspection/pc1_UInTtUpIx.jpg!m_fill,w_280,h_210,f_jpg?from=ke.com
20231017,房山,窦店,101118068992,北京城建琨廷北区 精装修三居室 满五唯一 全明格局房主自荐,225万,23558元/平,中楼层 (共14层) | 2014年建 | 3室1厅 | 95.51平米 | 南 北,https://ke-image.ljcdn.com/110000-inspection/pc1_o6GQwqvVP_1.jpg!m_fill,w_280,h_210,f_jpg?from=ke.com
20231017,房山,窦店,101118042862,田家园小区 2室1厅 南 北,170万,18145元/平,中楼层 (共6层) 2室1厅 | 93.69平米 | 南 北,https://ke-image.ljcdn.com/110000-inspection/pc1_tAc5RSRCs.jpg!m_fill,w_280,h_210,f_jpg?from=ke.com
20231017,房山,窦店,101118030135,世界名园南区 2室1厅 西,120万,14131元/平,低楼层 (共6层) 2室1厅 | 84.92平米 | 西,https://ke-image.ljcdn.com/110000-inspection/pc1_t4dzeJYNy_2.jpg!m_fill,w_280,h_210,f_jpg?from=ke.com
20231017,房山,窦店,101118029742,北京城建琨廷南区 南北通透 高楼层 视野开阔 全明格局,275万,23359元/平,高楼层 (共15层) 3室2厅 | 117.73平米 | 南 北,https://ke-image.ljcdn.com/110000-inspection/14303ae0-1e55-4ea5-9108-98d39df19b9f_1000.jpg!m_fill,w_280,h_210,f_jpg?from=ke.com
20231017,房山,窦店,101118000973,北京城建琨廷南区 三居室 临近小区公园 电梯房,203万,20189元/平,中楼层 (共6层) 3室1厅 | 100.55平米 | 南 北,https://ke-image.ljcdn.com/110000-inspection/pc1_1cGRum5H7.jpg!m_fill,w_280,h_210,f_jpg?from=ke.com
20231017,房山,窦店,101117996863,沁园.春景家园正规三居室南北通透诚心出售,180万,15532元/平,中楼层 (共6层) 3室1厅 | 115.89平米 | 南 北,https://ke-image.ljcdn.com/110000-inspection/pc1_XgjVrRrV7.jpg!m_fill,w_280,h_210,f_jpg?from=ke.com
20231017,房山,窦店,101117983190,北京城建琨廷南区 南北通透 视野开阔 采光好全明格局,218万,21423元/平,低楼层 (共15层) | 2015年建 | 3室1厅 | 101.76平米 | 南 北,https://ke-image.ljcdn.com/110000-inspection/pc1_02pdCMlFr_2.jpg!m_fill,w_280,h_210,f_jpg?from=ke.com
20231017,房山,窦店,101117972773,北京城建琨廷南区 视野开阔 采光好 配套齐全,198万,22994元/平,低楼层 (共15层) | 2015年建 | 2室1厅 | 86.11平米 | 南 北,https://ke-image.ljcdn.com/110000-inspection/pc1_WU8MITpBJ.jpg!m_fill,w_280,h_210,f_jpg?from=ke.com
20231017,房山,窦店,101117964781,北京城建琨廷漫缇 3室1厅 南 北,230万,23525元/平,底层 (共5层) | 2013年建 | 3室1厅 | 97.77平米 | 南 北,https://ke-image.ljcdn.com/110000-inspection/pc1_m1Rvjo52M_2.jpg!m_fill,w_280,h_210,f_jpg?from=ke.com
20231017,房山,窦店,101117941193,田家园小区 3室2厅 南 北,205万,16981元/平,低楼层 (共6层) 3室2厅 | 120.73平米 | 南 北,https://ke-image.ljcdn.com/110000-inspection/pc1_FWIpph8M6_2.jpg!m_fill,w_280,h_210,f_jpg?from=ke.com
20231017,房山,窦店,101117910795,世界名园北区 3室1厅 南 北,160万,15841元/平,低楼层 (共6层) 3室1厅 | 101.01平米 | 南 北,https://ke-image.ljcdn.com/110000-inspection/pc1_VYlUzc6XD.jpg!m_fill,w_280,h_210,f_jpg?from=ke.com
20231017,房山,窦店,101117877376,北京城建琨廷南区 环境优美 配套齐全,300万,25379元/平,中楼层 (共9层) | 2015年建 | 3室2厅 | 118.21平米 | 南 北,https://ke-image.ljcdn.com/110000-inspection/7d54b1c4-874c-40bc-a2e8-9ced1c2a4823_1000.jpg!m_fill,w_280,h_210,f_jpg?from=ke.com
20231017,房山,窦店,101117876115,北京城建琨廷北区两居室出售南北通透满五唯一精装修房主自荐,200万,22235元/平,高楼层 (共15层) | 2014年建 | 2室2厅 | 89.95平米 | 南 北,https://ke-image.ljcdn.com/110000-inspection/pc1_rTb6sF3u9_1.jpg!m_fill,w_280,h_210,f_jpg?from=ke.com
20231017,房山,窦店,101117805356,世界名园南区 2室1厅 南 北,163.8万,17102元/平,底层 (共6层) | 2011年建 | 2室1厅 | 95.78平米 | 南 北,https://ke-image.ljcdn.com/110000-inspection/a23a55c8-984b-4baa-b057-5d7a3383f2db_1000.jpg!m_fill,w_280,h_210,f_jpg?from=ke.com
20231017,房山,窦店,101117781108,北京城建琨廷漫缇客厅朝南户型方正电梯洋房,229万,23447元/平,中楼层 (共6层) | 2016年建 | 3室1厅 | 97.67平米 | 南 北,https://ke-image.ljcdn.com/110000-inspection/pc1_tM3weXuUA_2.jpg!m_fill,w_280,h_210,f_jpg?from=ke.com
20231017,房山,窦店,101117773386,沁园.春景家园南北通透户型方正,179万,14687元/平,低楼层 (共6层) 3室2厅 | 121.88平米 | 南 北,https://ke-image.ljcdn.com/110000-inspection/bbfe1e5b-1a78-47be-8f76-89fb6e5289ba_1000.jpg!m_fill,w_280,h_210,f_jpg?from=ke.com
20231017,房山,窦店,101117729199,世界名园北区 大两居室 电梯房 看房方便,200万,18222元/平,低楼层 (共10层) | 2011年建 | 2室1厅 | 109.76平米 | 北 南,https://ke-image.ljcdn.com/110000-inspection/pc1_RC2JExcjY.jpg!m_fill,w_280,h_210,f_jpg?from=ke.com
20231017,房山,窦店,101117719247,提香草堂 别墅区内 花园洋房 看房物业有钥匙 环境好,187万,17240元/平,中楼层 (共4层) | 2007年建 | 2室1厅 | 108.47平米 | 南 北,https://ke-image.ljcdn.com/110000-inspection/eb354576-be86-4b0a-970b-00dd59a01c45_1000.jpg!m_fill,w_280,h_210,f_jpg?from=ke.com
20231017,房山,窦店,101117700419,沁馥家园 三居室 南北向 采光好 房主诚心出售看房方便,129万,12681元/平,中楼层 (共6层) 3室2厅 | 101.73平米 | 南 北,https://ke-image.ljcdn.com/110000-inspection/287b56df-623c-46b5-812a-8816973a0540_1000.jpg!m_fill,w_280,h_210,f_jpg?from=ke.com
20231017,房山,窦店,101117692464,世界名园南区大两居 一层带院费率低相当于满五唯一,195万,17494元/平,底层 (共6层) | 2011年建 | 2室2厅 | 111.47平米 | 南 北,https://ke-image.ljcdn.com/110000-inspection/pc1_otR6GV2ZS_1.jpg!m_fill,w_280,h_210,f_jpg?from=ke.com
20231017,房山,窦店,101117677017,世界名园南区 2室1厅 南 北,190万,18878元/平,顶层 (共6层) | 2011年建 | 2室1厅 | 100.65平米 | 南 北,https://ke-image.ljcdn.com/110000-inspection/pc1_w7K4nBlp6_1.jpg!m_fill,w_280,h_210,f_jpg?from=ke.com
20231017,房山,窦店,101117670095,世界名园南区 3室2厅 南 北,220万,16469元/平,中楼层 (共6层) 3室2厅 | 133.59平米 | 南 北,https://ke-image.ljcdn.com/110000-inspection/pc1_q7iNJfbRa_2.jpg!m_fill,w_280,h_210,f_jpg?from=ke.com
20231017,房山,窦店,101117668137,沁馥家园精装修三居室低楼层采光良好无遮挡房主自荐,153万,15079元/平,低楼层 (共6层) | 2004年建 | 3室1厅 | 101.47平米 | 南 北,https://ke-image.ljcdn.com/110000-inspection/594bfde4-825f-4615-b276-992c0d422202_1000.jpg!m_fill,w_280,h_210,f_jpg?from=ke.com
20231017,房山,窦店,101117652664,田家园小区 2室2厅 南 北,160万,16329元/平,中楼层 (共6层) | 2005年建 | 2室2厅 | 97.99平米 | 南 北,https://ke-image.ljcdn.com/110000-inspection/4c2b26aa-a3a4-4de8-8bc7-260abf7624c5_1000.jpg!m_fill,w_280,h_210,f_jpg?from=ke.com
20231017,房山,窦店,101117628766,金鑫苑 3室2厅 南 北,180万,14893元/平,中楼层 (共6层) | 2002年建 | 3室2厅 | 120.87平米 | 南 北,https://ke-image.ljcdn.com/110000-inspection/pc1_Kaw2OqaiU_2.jpg!m_fill,w_280,h_210,f_jpg?from=ke.com
20231017,房山,窦店,101117626352,田家园小区采光好19年婚房位置好交通购物都方便房主自荐,119万,16460元/平,高楼层 (共6层) | 2005年建 | 2室1厅 | 72.3平米 | 南 北,https://ke-image.ljcdn.com/110000-inspection/pc1_WBLuvdDw2_1.jpg!m_fill,w_280,h_210,f_jpg?from=ke.com
20231017,房山,窦店,101117596975,金鑫苑 3室2厅 南 北,170万,14065元/平,中楼层 (共6层) | 2002年建 | 3室2厅 | 120.87平米 | 南 北,https://ke-image.ljcdn.com/110000-inspection/57b3b30b-669e-4132-9e3d-a81ff127fb05_1000.jpg!m_fill,w_280,h_210,f_jpg?from=ke.com
20231017,房山,窦店,101117591929,世界名园D区 2室1厅 南 北,176万,18361元/平,中楼层 (共9层) 2室1厅 | 95.86平米 | 南 北,https://ke-image.ljcdn.com/110000-inspection/c159f460-b882-43ff-b450-59ad6f5088a1_1000.jpg!m_fill,w_280,h_210,f_jpg?from=ke.com
20231017,房山,窦店,101117583385,沁园春景满五唯一开间南向采光好集中供暖,89万,27036元/平,高楼层 (共6层) 1室0厅 | 32.92平米 | 南,https://ke-image.ljcdn.com/110000-inspection/pc1_gX4p0tMK4.jpg!m_fill,w_280,h_210,f_jpg?from=ke.com
20231017,房山,窦店,101117571569,山水汇豪苑A区满五唯一三居室精装修采光好,163万,15145元/平,高楼层 (共6层) 3室1厅 | 107.63平米 | 南 北,https://ke-image.ljcdn.com/110000-inspection/pc1_r8oDA96dE.jpg!m_fill,w_280,h_210,f_jpg?from=ke.com
20231017,房山,窦店,101117540885,琨廷优质的两居户型客厅方正自住精装房主自荐,190万,21332元/平,高楼层 (共15层) 2室1厅 | 89.07平米 | 南 北,https://ke-image.ljcdn.com/110000-inspection/pc1_JIoQuPoiN_2.jpg!m_fill,w_280,h_210,f_jpg?from=ke.com
20231017,房山,窦店,101117473814,田家园小区 2室2厅 南 北房主自荐,190万,21107元/平,底层 (共6层) | 2008年建 | 2室2厅 | 90.02平米 | 南 北,https://ke-image.ljcdn.com/110000-inspection/pc1_ipsWOOFZz_1.jpg!m_fill,w_280,h_210,f_jpg?from=ke.com
20231017,房山,窦店,101117445487,山水汇豪苑B区 2室1厅 南 北,165万,18674元/平,顶层 (共15层) | 2011年建 | 2室1厅 | 88.36平米 | 南 北,https://ke-image.ljcdn.com/110000-inspection/pc1_xFT6UfSdA_2.jpg!m_fill,w_280,h_210,f_jpg?from=ke.com
20231017,房山,窦店,101117240051,万科幸福汇 3室1厅 南 北,210万,21744元/平,低楼层 (共12层) | 2016年建 | 3室1厅 | 96.58平米 | 南 北,https://ke-image.ljcdn.com/110000-inspection/pc1_pKF8Ad7sw_1.jpg!m_fill,w_280,h_210,f_jpg?from=ke.com
20231017,房山,窦店,101117239754,田家园 南北通透三居两卫 中间楼层 满五唯一,250万,20784元/平,低楼层 (共6层) 3室2厅 | 120.29平米 | 南 北,https://ke-image.ljcdn.com/110000-inspection/pc1_HzTP0GQaa_2.jpg!m_fill,w_280,h_210,f_jpg?from=ke.com
20231017,房山,窦店,101117223211,北京城建琨廷南区 环境优美 配套齐全,195万,22628元/平,低楼层 (共15层) | 2015年建 | 2室1厅 | 86.18平米 | 南 北,https://ke-image.ljcdn.com/110000-inspection/pc1_mxOKVuNvV.jpg!m_fill,w_280,h_210,f_jpg?from=ke.com
20231017,房山,窦店,101117179878,明峻嘉园 3室2厅 南 北,194万,20645元/平,中楼层 (共7层) | 2013年建 | 3室2厅 | 93.97平米 | 南 北,https://ke-image.ljcdn.com/110000-inspection/pc1_Q7xx5XzRf.jpg!m_fill,w_280,h_210,f_jpg?from=ke.com
20231017,房山,窦店,101117169825,京南嘉园 满五唯一 毛坯房 楼层低,229万,16363元/平,低楼层 (共10层) 3室2厅 | 139.95平米 | 南 北,https://ke-image.ljcdn.com/110000-inspection/pc1_RasWuQahY_1.jpg!m_fill,w_280,h_210,f_jpg?from=ke.com
20231017,房山,窦店,101117159359,北京城建琨廷南区电梯入户双卫采光好独立餐厅,395万,27393元/平,中楼层 (共5层) | 2015年建 | 3室2厅 | 144.2平米 | 南 北,https://ke-image.ljcdn.com/110000-inspection/pc1_VvvDicXDr.jpg!m_fill,w_280,h_210,f_jpg?from=ke.com
20231017,房山,窦店,101117155162,北京城建琨廷北区 南北通透 户型方正  视野开阔,219万,21716元/平,低楼层 (共15层) | 2014年建 | 3室1厅 | 100.85平米 | 南 北,https://ke-image.ljcdn.com/110000-inspection/pc1_prPJZSee4.jpg!m_fill,w_280,h_210,f_jpg?from=ke.com
20231017,房山,窦店,101117147887,万科幸福汇 3室1厅 南 北,308万,26249元/平,中楼层 (共5层) | 2015年建 | 3室1厅 | 117.34平米 | 南 北,https://ke-image.ljcdn.com/110000-inspection/pc1_SOaPvf2wR_1.jpg!m_fill,w_280,h_210,f_jpg?from=ke.com
20231017,房山,窦店,101117145495,世界名园南区 3室1厅 南 北,235万,17500元/平,中楼层 (共6层) | 2011年建 | 3室1厅 | 134.29平米 | 南 北,https://ke-image.ljcdn.com/110000-inspection/pc1_CxR8TeoIi.jpg!m_fill,w_280,h_210,f_jpg?from=ke.com
20231017,房山,窦店,101117133387,万科幸福汇 2室1厅 南 北,198万,24475元/平,中楼层 (共15层) 2室1厅 | 80.9平米 | 南 北,https://ke-image.ljcdn.com/110000-inspection/pc1_w1D5gjqRX.jpg!m_fill,w_280,h_210,f_jpg?from=ke.com
20231017,房山,窦店,101117079083,金鑫苑 南北通透 精装修 三居室 中间楼层 诚心出售,145万,14881元/平,中楼层 (共6层) 3室1厅 | 97.44平米 | 南 北,https://ke-image.ljcdn.com/110000-inspection/pc1_NuImEK50Z.jpg!m_fill,w_280,h_210,f_jpg?from=ke.com
20231017,房山,窦店,101117076011,北京城建琨廷南区 环境优美 配套齐全,195万,21674元/平,高楼层 (共15层) | 2015年建 | 2室1厅 | 89.97平米 | 南 北,https://ke-image.ljcdn.com/110000-inspection/pc1_MY77gRHxT.jpg!m_fill,w_280,h_210,f_jpg?from=ke.com
20231017,房山,窦店,101117067623,北京城建琨廷漫缇 优质3居 南北通透无遮挡 电梯入户,366万,26563元/平,低楼层 (共9层) | 2013年建 | 3室2厅 | 137.79平米 | 南 北,https://ke-image.ljcdn.com/110000-inspection/pc1_rWHR90js0.jpg!m_fill,w_280,h_210,f_jpg?from=ke.com
20231017,房山,窦店,101117038534,山水汇豪苑B区 3室1厅 南 北,185万,20217元/平,底层 (共6层) | 2011年建 | 3室1厅 | 91.51平米 | 南 北,https://ke-image.ljcdn.com/110000-inspection/pc1_73ajrs96g_2.jpg!m_fill,w_280,h_210,f_jpg?from=ke.com
20231017,房山,窦店,101117005691,山水汇豪苑A区 2室1厅 南 北,130万,19129元/平,高楼层 (共6层) | 2007年建 | 2室1厅 | 67.96平米 | 南 北,https://ke-image.ljcdn.com/110000-inspection/pc1_oybvf3Rd3.jpg!m_fill,w_280,h_210,f_jpg?from=ke.com
20231017,房山,窦店,101116995453,北京城建琨廷漫缇正规三居室全屋精装修房主自荐,269万,27066元/平,低楼层 (共7层) | 2013年建 | 3室1厅 | 99.39平米 | 南 北,https://ke-image.ljcdn.com/110000-inspection/pc1_ivViAMQ4c.jpg!m_fill,w_280,h_210,f_jpg?from=ke.com
20231017,房山,窦店,101116978504,沁园春景 3室2厅 南 北,180万,14381元/平,顶层 (共6层) | 2004年建 | 3室2厅 | 125.17平米 | 南 北,https://ke-image.ljcdn.com/110000-inspection/pc1_A9Qsi63Pl.jpg!m_fill,w_280,h_210,f_jpg?from=ke.com
20231017,房山,窦店,101116970168,窦店山水汇配套齐交通便利户型方正房主自荐,154万,22661元/平,中楼层 (共6层) | 2007年建 | 2室1厅 | 67.96平米 | 南,https://ke-image.ljcdn.com/110000-inspection/pc1_qSfFgD7xh.jpg!m_fill,w_280,h_210,f_jpg?from=ke.com
20231017,房山,窦店,101116948353,世界名园南区两居室户型合理采光好看房方便诚意出售,125万,15647元/平,高楼层 (共6层) | 2011年建 | 2室1厅 | 79.89平米 | 东 西,https://ke-image.ljcdn.com/110000-inspection/pc1_wTc91EjD2.jpg!m_fill,w_280,h_210,f_jpg?from=ke.com
20231017,房山,窦店,101116946406,北京城建琨廷漫缇 三居室 电梯洋房 环境好,219万,22379元/平,中楼层 (共5层) | 2013年建 | 3室2厅 | 97.86平米 | 南 北,https://ke-image.ljcdn.com/110000-inspection/05a475f0-0f9c-4271-9d41-ec85404e4ed9_1000.jpg!m_fill,w_280,h_210,f_jpg?from=ke.com
20231017,房山,窦店,101116940732,窦店镇 沁馥家园 环境优美 配套齐全,194万,13143元/平,顶层 (共6层) 4室2厅 | 147.61平米 | 南 北,https://ke-image.ljcdn.com/110000-inspection/651d38ae-0ba7-4bc9-bfb8-4d4cce30f22a_1000.jpg!m_fill,w_280,h_210,f_jpg?from=ke.com
20231017,房山,窦店,101116931824,万科幸福汇精装南北通透三居明厨明卫,218万,22914元/平,中楼层 (共13层) | 2014年建 | 3室1厅 | 95.14平米 | 南 北,https://ke-image.ljcdn.com/110000-inspection/pc1_VZmqK3ack.jpg!m_fill,w_280,h_210,f_jpg?from=ke.com
20231017,房山,窦店,101116922237,小区中间位置高楼层视野好离小区大门近进出方便,198万,22330元/平,高楼层 (共15层) | 2014年建 | 2室1厅 | 88.67平米 | 南 北,https://ke-image.ljcdn.com/110000-inspection/2c2567d5-c506-4b7e-bd44-aeeda3bd09b0_1000.jpg!m_fill,w_280,h_210,f_jpg?from=ke.com
20231017,房山,窦店,101116879795,店长推荐  大三居 视野好 相当于满五唯一,163万,12526元/平,中楼层 (共7层) | 2006年建 | 3室2厅 | 130.13平米 | 南 北,https://ke-image.ljcdn.com/110000-inspection/pc1_ItJodTkq9.jpg!m_fill,w_280,h_210,f_jpg?from=ke.com
20231017,房山,窦店,101116861316,此房满五唯一南北通透格局精装楼层好配套齐全,215万,21855元/平,中楼层 (共5层) | 2013年建 | 3室1厅 | 98.38平米 | 南 北,https://ke-image.ljcdn.com/110000-inspection/5e6ed9fe-1a2a-483f-8771-f87631f92b72_1000.jpg!m_fill,w_280,h_210,f_jpg?from=ke.com
20231017,房山,窦店,101116826611,金鑫苑小区 配套齐全 环境优美,160万,12296元/平,中楼层 (共7层) | 2009年建 | 3室2厅 | 130.13平米 | 南 北,https://ke-image.ljcdn.com/110000-inspection/pc1_cDzLTQF0c_1.jpg!m_fill,w_280,h_210,f_jpg?from=ke.com
20231017,房山,窦店,101116823090,山水汇豪苑A区 1室0厅 南,105万,23292元/平,中楼层 (共5层) | 2008年建 | 1室0厅 | 45.08平米 | 南,https://ke-image.ljcdn.com/110000-inspection/pc1_jhzBzPgmH.jpg!m_fill,w_280,h_210,f_jpg?from=ke.com
20231017,房山,窦店,101116819706,明峻嘉园 3室2厅 南 北,285万,18320元/平,中楼层 (共5层) | 2013年建 | 3室2厅 | 155.57平米 | 南 北,https://ke-image.ljcdn.com/110000-inspection/881b7bc2-b70a-4916-ba86-33c8c49c2945_1000.jpg!m_fill,w_280,h_210,f_jpg?from=ke.com
20231017,房山,窦店,101116794269,万科幸福汇 南北通透2居 满五唯一 中间楼层 诚意出售,175万,20178元/平,低楼层 (共15层) | 2013年建 | 2室2厅 | 86.73平米 | 北 南,https://ke-image.ljcdn.com/110000-inspection/pc1_kZCk191qP.jpg!m_fill,w_280,h_210,f_jpg?from=ke.com
20231017,房山,窦店,101116759365,明峻嘉园 3室2厅 南 北,304万,21920元/平,低楼层 (共10层) | 2013年建 | 3室2厅 | 138.69平米 | 南 北,https://ke-image.ljcdn.com/110000-inspection/201b2b1c-087c-44d6-b30d-c6ebb7e5b11a_1000.jpg!m_fill,w_280,h_210,f_jpg?from=ke.com
20231017,房山,窦店,101116756627,世界名园北区 2室1厅 南 北,195万,19929元/平,顶层 (共6层) | 2007年建 | 2室1厅 | 97.85平米 | 南 北,https://ke-image.ljcdn.com/110000-inspection/pc1_TpK926Bmq_2.jpg!m_fill,w_280,h_210,f_jpg?from=ke.com
20231017,房山,窦店,101116707271,山水汇豪苑满五唯一品质家电三居两卫诚心出售,180万,16237元/平,高楼层 (共6层) | 2003年建 | 3室2厅 | 110.86平米 | 南 北,https://ke-image.ljcdn.com/110000-inspection/9bd9e68e-0ff2-42f6-8dcc-bec9929a73a9_1000.jpg!m_fill,w_280,h_210,f_jpg?from=ke.com
20231017,房山,窦店,101116669331,金鑫苑南北通透业主诚心出售。,145万,15806元/平,中楼层 (共6层) | 2006年建 | 2室1厅 | 91.74平米 | 南 北,https://ke-image.ljcdn.com/110000-inspection/pc1_jAvUYXBiD.jpg!m_fill,w_280,h_210,f_jpg?from=ke.com
20231017,房山,窦店,101116638255,万科幸福汇 2室1厅 南 北,190万,23647元/平,高楼层 (共15层) | 2012年建 | 2室1厅 | 80.35平米 | 南 北,https://ke-image.ljcdn.com/110000-inspection/0a2dd461-4f60-4ac7-a8b2-ece5626d1229_1000.jpg!m_fill,w_280,h_210,f_jpg?from=ke.com
20231017,房山,窦店,101116637912,北京城建琨廷南区业主诚心出售。,221万,22252元/平,中楼层 (共15层) | 2015年建 | 3室1厅 | 99.32平米 | 南 北,https://ke-image.ljcdn.com/110000-inspection/pc1_aJzqe49RW_2.jpg!m_fill,w_280,h_210,f_jpg?from=ke.com
20231017,房山,窦店,101116602912,田家园小区  南北通透  满五唯一,109万,20703元/平,中楼层 (共6层) | 2006年建 | 1室1厅 | 52.65平米 | 南 北,https://ke-image.ljcdn.com/110000-inspection/pc1_I2CVBCHqb.jpg!m_fill,w_280,h_210,f_jpg?from=ke.com
20231017,房山,窦店,101116602689,沁园春景 精装修 三房三居双卫 有10平 10平地下室,169万,12560元/平,顶层 (共6层) 3室2厅 | 134.56平米 | 南 北,https://ke-image.ljcdn.com/110000-inspection/pc1_bLsJNFJ6Y_1.jpg!m_fill,w_280,h_210,f_jpg?from=ke.com
20231017,房山,窦店,101116583842,世界名园北区 南北通透 三居两卫 大客厅 落地窗,218万,15594元/平,中楼层 (共9层) 3室2厅 | 139.8平米 | 南 北,https://ke-image.ljcdn.com/110000-inspection/pc1_z0iEDIAOq.jpg!m_fill,w_280,h_210,f_jpg?from=ke.com
20231017,房山,窦店,101116561318,房山区 沁园春景 南北向 三居室 满五唯一房主自荐,185万,15964元/平,中楼层 (共6层) | 2003年建 | 3室1厅 | 115.89平米 | 南 北,https://ke-image.ljcdn.com/110000-inspection/pc1_Tt5ihLKHY.jpg!m_fill,w_280,h_210,f_jpg?from=ke.com
20231017,房山,窦店,101116560157,提香草堂 环境优美 配套齐全 窦店,148万,28500元/平,中楼层 (共4层) | 2007年建 | 1室0厅 | 51.93平米 | 南 北,https://ke-image.ljcdn.com/110000-inspection/pc1_XKll1te2n_1.jpg!m_fill,w_280,h_210,f_jpg?from=ke.com
20231017,房山,窦店,101116550541,北京城建琨廷南区 满五年唯一 精装修二居室 次顶层,205万,23089元/平,高楼层 (共15层) | 2015年建 | 2室1厅 | 88.79平米 | 南 北,https://ke-image.ljcdn.com/110000-inspection/pc1_vZlG3YD3H_2.jpg!m_fill,w_280,h_210,f_jpg?from=ke.com
20231017,房山,窦店,101116494450,万科幸福汇 2室1厅 南 北,185万,23649元/平,中楼层 (共7层) | 2015年建 | 2室1厅 | 78.23平米 | 南 北,https://ke-image.ljcdn.com/110000-inspection/pc1_ka90W5kUJ_1.jpg!m_fill,w_280,h_210,f_jpg?from=ke.com
20231017,房山,窦店,101116481659,山水汇豪苑B区 2室1厅 南 北,163万,17930元/平,顶层 (共6层) | 2011年建 | 2室1厅 | 90.91平米 | 南 北,https://ke-image.ljcdn.com/110000-inspection/pc1_h2AAwZCsc.jpg!m_fill,w_280,h_210,f_jpg?from=ke.com
20231017,房山,窦店,101116466086,沁馥家园 大三居 南北向 看房方便,169万,13205元/平,中楼层 (共6层) 3室2厅 | 127.99平米 | 南 北,https://ke-image.ljcdn.com/110000-inspection/pc1_YVzXyjRIP.jpg!m_fill,w_280,h_210,f_jpg?from=ke.com
20231017,房山,窦店,101116450865,世界名园南区 2室2厅 南 北,165万,15654元/平,低楼层 (共6层) | 2011年建 | 2室2厅 | 105.41平米 | 南 北,https://ke-image.ljcdn.com/110000-inspection/pc1_vsaEzyUUM.jpg!m_fill,w_280,h_210,f_jpg?from=ke.com
20231017,房山,窦店,101116437759,山水汇豪苑B区 2室1厅 南 北,150万,19761元/平,高楼层 (共6层) 2室1厅 | 75.91平米 | 南 北,https://ke-image.ljcdn.com/110000-inspection/c99f9c31-ff13-4285-9f88-11bd13a3ad43_1000.jpg!m_fill,w_280,h_210,f_jpg?from=ke.com
20231017,房山,窦店,101116393115,京南嘉园 1室1厅 南,119万,16023元/平,中楼层 (共6层) | 2009年建 | 1室1厅 | 74.27平米 | 南,https://ke-image.ljcdn.com/110000-inspection/pc1_sDoehv1We_2.jpg!m_fill,w_280,h_210,f_jpg?from=ke.com
20231017,房山,窦店,101116391432,田家园小区 2室1厅 南,119万,16075元/平,中楼层 (共6层) | 2008年建 | 2室1厅 | 74.03平米 | 南,https://ke-image.ljcdn.com/110000-inspection/pc1_Mn6wocNbq_1.jpg!m_fill,w_280,h_210,f_jpg?from=ke.com
20231017,房山,窦店,101116389113,房山区 金鑫苑 南北向 两居室 满五唯一房主自荐,138万,15921元/平,高楼层 (共6层) 2室1厅 | 86.68平米 | 南 北,https://ke-image.ljcdn.com/110000-inspection/pc1_jEmThYVl7_1.jpg!m_fill,w_280,h_210,f_jpg?from=ke.com
20231017,房山,窦店,101116385282,北京城建琨廷北区电梯入户双明卫精装修顶层,329万,25289元/平,顶层 (共9层) 3室2厅 | 130.1平米 | 南 北,https://ke-image.ljcdn.com/110000-inspection/pc1_GcrXEwySZ_2.jpg!m_fill,w_280,h_210,f_jpg?from=ke.com
20231017,房山,窦店,101116384306,沁馥家园业主诚心出售南北通透。,120万,13395元/平,中楼层 (共6层) | 2004年建 | 2室1厅 | 89.59平米 | 北 南,https://ke-image.ljcdn.com/110000-inspection/pc1_n2hLOYtpm.jpg!m_fill,w_280,h_210,f_jpg?from=ke.com
20231017,房山,窦店,101116272057,田家园小区 6室2厅 南 北,179万,11088元/平,顶层 (共6层) | 2003年建 | 6室2厅 | 161.45平米 | 南 北,https://ke-image.ljcdn.com/110000-inspection/pc1_liDF5n9dy.jpg!m_fill,w_280,h_210,f_jpg?from=ke.com
20231017,房山,窦店,101116265457,田家园小区 低楼层 南北通透两居室,149万,15936元/平,低楼层 (共6层) | 2004年建 | 2室1厅 | 93.5平米 | 南 北,https://ke-image.ljcdn.com/110000-inspection/pc1_bXG7Z4i8R.jpg!m_fill,w_280,h_210,f_jpg?from=ke.com
20231017,房山,窦店,101116263682,房山窦店山水汇豪4层格局好光照足,170万,17444元/平,中楼层 (共5层) | 2008年建 | 3室1厅 | 97.46平米 | 南 北,https://ke-image.ljcdn.com/110000-inspection/pc1_LbBrPrzFU.jpg!m_fill,w_280,h_210,f_jpg?from=ke.com
20231017,房山,窦店,101116263108,京南嘉园 南北通透 采光充足 交通便利房主自荐,120万,14991元/平,高楼层 (共6层) | 2004年建 | 1室1厅 | 80.05平米 | 南 北,https://ke-image.ljcdn.com/110000-inspection/pc1_PksXObYh3.jpg!m_fill,w_280,h_210,f_jpg?from=ke.com
20231017,房山,窦店,101116231049,世界名园D区 2室1厅 南 北,180万,19332元/平,低楼层 (共9层) 2室1厅 | 93.11平米 | 南 北,https://ke-image.ljcdn.com/110000-inspection/pc1_z6EI41KN9.jpg!m_fill,w_280,h_210,f_jpg?from=ke.com
20231017,房山,窦店,101116230763,北京城建琨廷北区南北通透 眼睛户型 满五唯一 三居室,230万,22897元/平,中楼层 (共15层) | 2014年建 | 3室2厅 | 100.45平米 | 南 北,https://ke-image.ljcdn.com/110000-inspection/pc1_xvnXQuU0I_2.jpg!m_fill,w_280,h_210,f_jpg?from=ke.com
20231017,房山,窦店,101116229861,北京城建琨廷北区 精装修 东边户 三居室 诚心出售,228万,23045元/平,低楼层 (共15层) | 2014年建 | 3室2厅 | 98.94平米 | 南 北,https://ke-image.ljcdn.com/110000-inspection/pc1_DgIlBC1zg.jpg!m_fill,w_280,h_210,f_jpg?from=ke.com
20231017,房山,窦店,101116209547,北京城建琨廷 高楼层非顶层 满五唯一精装 南北全明,179万,20226元/平,高楼层 (共15层) | 2014年建 | 2室1厅 | 88.5平米 | 南 北,https://ke-image.ljcdn.com/110000-inspection/pc1_eLA18tluZ_1.jpg!m_fill,w_280,h_210,f_jpg?from=ke.com
20231017,房山,窦店,101116189639,京南嘉园 1室1厅 南,110万,13021元/平,顶层 (共6层) | 2003年建 | 1室1厅 | 84.48平米 | 南,https://ke-image.ljcdn.com/110000-inspection/pc1_DDTudvPEs.jpg!m_fill,w_280,h_210,f_jpg?from=ke.com
20231017,房山,窦店,101116140809,京南嘉园 2室1厅 南 北,159万,16079元/平,底层 (共6层) | 2003年建 | 2室1厅 | 98.89平米 | 南 北,https://ke-image.ljcdn.com/110000-inspection/pc1_hoot8QOmF.jpg!m_fill,w_280,h_210,f_jpg?from=ke.com
20231017,房山,窦店,101116109442,山水汇豪苑B区 3室2厅 南 北,250万,20732元/平,低楼层 (共15层) | 2011年建 | 3室2厅 | 120.59平米 | 南 北,https://ke-image.ljcdn.com/110000-inspection/pc1_KFZ33y09J_1.jpg!m_fill,w_280,h_210,f_jpg?from=ke.com
20231017,房山,窦店,101116094546,田家园小区 3室2厅 南 北,199万,17415元/平,中楼层 (共6层) | 2004年建 | 3室2厅 | 114.27平米 | 南 北,https://ke-image.ljcdn.com/110000-inspection/pc1_VDnzpmIpj.jpg!m_fill,w_280,h_210,f_jpg?from=ke.com
20231017,房山,窦店,101116080330,京南嘉园 2室1厅 南 北,160万,16466元/平,低楼层 (共6层) 2室1厅 | 97.17平米 | 南 北,https://ke-image.ljcdn.com/110000-inspection/9c99ccf4-7703-4f12-8689-3c55ca33726e_1000.jpg!m_fill,w_280,h_210,f_jpg?from=ke.com
20231017,房山,窦店,101116073025,田家园小区 4室2厅 南 北,280万,15690元/平,中楼层 (共6层) 4室2厅 | 178.46平米 | 南 北,https://ke-image.ljcdn.com/110000-inspection/pc1_1F4b84Aew.jpg!m_fill,w_280,h_210,f_jpg?from=ke.com
20231017,房山,窦店,101116041878,田家园小区正规一居室南北通透采光好,111万,17622元/平,高楼层 (共6层) | 2007年建 | 1室1厅 | 62.99平米 | 南 北,https://ke-image.ljcdn.com/110000-inspection/pc1_R8grahD01_2.jpg!m_fill,w_280,h_210,f_jpg?from=ke.com
20231017,房山,窦店,101116033781,三阳开泰 两卫 南北通透 满五唯一 精装修 看房预约,300万,26646元/平,中楼层 (共9层) | 2014年建 | 3室2厅 | 112.59平米 | 南 北,https://ke-image.ljcdn.com/110000-inspection/e16fdaeb-7832-4f0c-96fe-9add043612f2_1000.jpg!m_fill,w_280,h_210,f_jpg?from=ke.com
20231017,房山,窦店,101116033670,山水汇豪苑A区 2室1厅 南 北,168万,21437元/平,中楼层 (共5层) | 2007年建 | 2室1厅 | 78.37平米 | 南 北,https://ke-image.ljcdn.com/110000-inspection/pc1_dbSGXUlaF.jpg!m_fill,w_280,h_210,f_jpg?from=ke.com
20231017,房山,窦店,101116030688,琨廷南区 电梯房南北通透 精装修复式 采光好 视野开阔,550万,31144元/平,顶层 (共5层) 4室2厅 | 176.6平米 | 北 南,https://ke-image.ljcdn.com/110000-inspection/pc1_293hD7YH8_2.jpg!m_fill,w_280,h_210,f_jpg?from=ke.com
20231017,房山,窦店,101115987825,沁园.春景 南北三居 客厅朝南 落地阳台 采光好,170万,16364元/平,高楼层 (共6层) | 2005年建 | 3室1厅 | 103.89平米 | 南 北,https://ke-image.ljcdn.com/110000-inspection/pc1_oO8SPtuXk.jpg!m_fill,w_280,h_210,f_jpg?from=ke.com
20231017,房山,窦店,101115975986,田家园小区集体供暖采光好车位充足,125万,19845元/平,中楼层 (共6层) | 2007年建 | 1室1厅 | 62.99平米 | 北 南,https://ke-image.ljcdn.com/110000-inspection/pc1_aNB7EzNE7_1.jpg!m_fill,w_280,h_210,f_jpg?from=ke.com
20231017,房山,窦店,101115974022,北京城建琨廷南区 满五年唯一 精装修 复式 诚心出售,470万,32660元/平,顶层 (共5层) | 2015年建 | 6室2厅 | 143.91平米 | 南 北,https://ke-image.ljcdn.com/110000-inspection/pc1_FUFGzNLen.jpg!m_fill,w_280,h_210,f_jpg?from=ke.com
20231017,房山,窦店,101115854867,万科幸福汇 南北通透两居室 中间楼层,185万,23649元/平,中楼层 (共7层) | 2015年建 | 2室1厅 | 78.23平米 | 南 北,https://ke-image.ljcdn.com/110000-inspection/pc1_k2ePvdlCa_2.jpg!m_fill,w_280,h_210,f_jpg?from=ke.com
20231017,房山,窦店,101115851832,沁园春景正规一居室明厨低层无遮挡房主自荐,125万,20830元/平,低楼层 (共6层) | 2004年建 | 2室1厅 | 60.01平米 | 南 北,https://ke-image.ljcdn.com/110000-inspection/pc1_lKFJrPeSp.jpg!m_fill,w_280,h_210,f_jpg?from=ke.com
20231017,房山,窦店,101115723221,田家园小区 6室2厅 南 北,180万,11805元/平,顶层 (共6层) | 2003年建 | 6室2厅 | 152.49平米 | 南 北,https://ke-image.ljcdn.com/110000-inspection/pc1_vS5aOWjJ6_1.jpg!m_fill,w_280,h_210,f_jpg?from=ke.com
20231017,房山,窦店,101115703315,山水汇豪苑A区 2室1厅 南 北,140万,18792元/平,中楼层 (共4层) | 2003年建 | 2室1厅 | 74.5平米 | 南 北,https://ke-image.ljcdn.com/110000-inspection/pc1_tL2paAqhZ.jpg!m_fill,w_280,h_210,f_jpg?from=ke.com
20231017,房山,窦店,101115695974,独立入户 琨廷东区 装修好 原票298近满五唯一 7/8层,350万,27529元/平,高楼层 (共8层) | 2013年建 | 3室2厅 | 127.14平米 | 南 北,https://ke-image.ljcdn.com/110000-inspection/pc1_TGR2BSN4c_2.jpg!m_fill,w_280,h_210,f_jpg?from=ke.com
20231017,房山,窦店,101115664143,北京城建琨廷漫缇南北通透两居室一梯两户电梯房。,189万,21320元/平,中楼层 (共18层) | 2016年建 | 2室1厅 | 88.65平米 | 南 北,https://ke-image.ljcdn.com/110000-inspection/pc1_mwH1flOO0.jpg!m_fill,w_280,h_210,f_jpg?from=ke.com
20231017,房山,窦店,101115646144,提香草堂*以环境打造别墅以别墅造生活”,155万,29513元/平,中楼层 (共4层) | 2007年建 | 1室1厅 | 52.52平米 | 南 北,https://ke-image.ljcdn.com/110000-inspection/pc1_KsfZMjE41.jpg!m_fill,w_280,h_210,f_jpg?from=ke.com
20231017,房山,窦店,101115610207,田家园小区 3室2厅 南 北,189万,18339元/平,中楼层 (共6层) | 2010年建 | 3室2厅 | 103.06平米 | 南 北,https://ke-image.ljcdn.com/110000-inspection/pc1_cFocrzdDK.jpg!m_fill,w_280,h_210,f_jpg?from=ke.com
20231017,房山,窦店,101115606450,世界名园南区 2室1厅 南 北,146万,16099元/平,低楼层 (共6层) | 2011年建 | 2室1厅 | 90.69平米 | 南 北,https://ke-image.ljcdn.com/110000-inspection/pc1_OBRU1Qdxo.jpg!m_fill,w_280,h_210,f_jpg?from=ke.com
20231017,房山,窦店,101115552801,山水汇豪苑A区 3室1厅 南 北,215万,16325元/平,底层 (共6层) | 2007年建 | 3室1厅 | 131.7平米 | 南 北,https://ke-image.ljcdn.com/110000-inspection/pc1_mXuxMJytM_2.jpg!m_fill,w_280,h_210,f_jpg?from=ke.com
20231017,房山,窦店,101115462549,万科幸福汇 3室1厅 南 北,212万,22059元/平,中楼层 (共15层) | 2016年建 | 3室1厅 | 96.11平米 | 南 北,https://ke-image.ljcdn.com/110000-inspection/pc1_15yEF21eh.jpg!m_fill,w_280,h_210,f_jpg?from=ke.com
20231017,房山,窦店,101115445621,山水汇豪苑B区 3室1厅 南 北,299万,23260元/平,中楼层 (共15层) | 2011年建 | 3室1厅 | 128.55平米 | 南 北,https://ke-image.ljcdn.com/110000-inspection/pc1_MpxElvDFA_1.jpg!m_fill,w_280,h_210,f_jpg?from=ke.com
20231017,房山,窦店,101115433430,田家园小区  中间楼层  户型方正  采光好  配套齐全,152.6万,16528元/平,中楼层 (共6层) 2室1厅 | 92.33平米 | 南 北,https://ke-image.ljcdn.com/110000-inspection/dcbf294e-a7be-476a-a973-7ca1458f1c7e_1000.jpg!m_fill,w_280,h_210,f_jpg?from=ke.com
20231017,房山,窦店,101115418434,田家园小区 2室1厅 南 北,146万,15813元/平,中楼层 (共6层) 2室1厅 | 92.33平米 | 南 北,https://ke-image.ljcdn.com/110000-inspection/pc1_SpNSArJUm_2.jpg!m_fill,w_280,h_210,f_jpg?from=ke.com
20231017,房山,窦店,101115243224,万科幸福汇 南北通透 采光充足,185万,23025元/平,顶层 (共15层) | 2012年建 | 2室2厅 | 80.35平米 | 南 北,https://ke-image.ljcdn.com/110000-inspection/pc1_opXPqPIEw_1.jpg!m_fill,w_280,h_210,f_jpg?from=ke.com
20231017,房山,窦店,101115106637,北京城建琨廷北区南北通透2居电梯洋房诚意出售,188万,21846元/平,中楼层 (共15层) | 2014年建 | 2室1厅 | 86.06平米 | 南 北,https://ke-image.ljcdn.com/110000-inspection/pc1_a8NQ0SItw_2.jpg!m_fill,w_280,h_210,f_jpg?from=ke.com
20231017,房山,窦店,101114949486,北京城建琨廷北区 环境优美 配套齐全,198万,23142元/平,低楼层 (共15层) | 2014年建 | 2室1厅 | 85.56平米 | 南 北,https://ke-image.ljcdn.com/110000-inspection/pc1_Qg9OuvHgl.jpg!m_fill,w_280,h_210,f_jpg?from=ke.com
20231017,房山,窦店,101114936078,田家园小区   南北通透大两居  满五唯一,140万,15164元/平,顶层 (共6层) | 2007年建 | 2室1厅 | 92.33平米 | 南 北,https://ke-image.ljcdn.com/110000-inspection/pc1_d6f5W1vIl_2.jpg!m_fill,w_280,h_210,f_jpg?from=ke.com
20231017,房山,窦店,101114930962,北京城建琨廷漫缇 大三居 电梯房 客厅朝南 落地阳台,268万,23443元/平,中楼层 (共7层) | 2016年建 | 3室1厅 | 114.32平米 | 北 南,https://ke-image.ljcdn.com/110000-inspection/pc1_UyTBxiFFI_1.jpg!m_fill,w_280,h_210,f_jpg?from=ke.com
20231017,房山,窦店,101114925122,田家园三居室户型方正集体供暖一梯两户,160万,18419元/平,高楼层 (共6层) 3室1厅 | 86.87平米 | 南 北,https://ke-image.ljcdn.com/110000-inspection/pc1_H0irJYkgR_1.jpg!m_fill,w_280,h_210,f_jpg?from=ke.com
20231017,房山,窦店,101114906467,满5唯一5层大洋房北边23平米房本里没有,117.5万,14412元/平,高楼层 (共6层) | 2004年建 | 2室1厅 | 81.53平米 | 南 北,https://ke-image.ljcdn.com/110000-inspection/pc1_flobIhcht.jpg!m_fill,w_280,h_210,f_jpg?from=ke.com
20231017,房山,窦店,101114902578,世界名园北区 2室2厅 东 西,175万,14282元/平,中楼层 (共6层) 2室2厅 | 122.54平米 | 东 西,https://ke-image.ljcdn.com/110000-inspection/05239e34-23bf-4d4e-9863-5cc4e9308dee_1000.jpg!m_fill,w_280,h_210,f_jpg?from=ke.com
20231017,房山,窦店,101114882574,明峻嘉园 南北通透 四居室 户型方正 有电梯,280万,17999元/平,中楼层 (共5层) | 2013年建 | 4室1厅 | 155.57平米 | 南 北,https://ke-image.ljcdn.com/110000-inspection/pc1_eehUPrDj4_1.jpg!m_fill,w_280,h_210,f_jpg?from=ke.com
20231017,房山,窦店,101114848782,房山窦店万科幸福汇3居户型通透,215万,22262元/平,低楼层 (共12层) | 2016年建 | 3室1厅 | 96.58平米 | 南 北,https://ke-image.ljcdn.com/110000-inspection/pc1_LxWEsiCKu_1.jpg!m_fill,w_280,h_210,f_jpg?from=ke.com
20231017,房山,窦店,101114834452,山水汇豪苑A区 1室1厅 南 北,140万,22166元/平,中楼层 (共6层) | 2003年建 | 1室1厅 | 63.16平米 | 南 北,https://ke-image.ljcdn.com/110000-inspection/pc1_iR6cF6SXN.jpg!m_fill,w_280,h_210,f_jpg?from=ke.com
20231017,房山,窦店,101114832692,山水汇豪苑A区 2室1厅 南 北房主自荐,142万,19487元/平,中楼层 (共4层) | 2003年建 | 2室1厅 | 72.87平米 | 南 北,https://ke-image.ljcdn.com/110000-inspection/95864929-e80e-44f7-ad85-7b795317f5f8_1000.jpg!m_fill,w_280,h_210,f_jpg?from=ke.com
20231017,房山,窦店,101114800393,南北通透精装修电梯入户 欧式精装修 大三居  满五唯一,285万,22509元/平,低楼层 (共9层) | 2014年建 | 3室2厅 | 126.62平米 | 南 北,https://ke-image.ljcdn.com/110000-inspection/pc1_5G0gYahTC_2.jpg!m_fill,w_280,h_210,f_jpg?from=ke.com
20231017,房山,窦店,101114794351,田家园小区   南北通透两居室  采光好,149万,20544元/平,高楼层 (共6层) | 2005年建 | 2室1厅 | 72.53平米 | 南 北,https://ke-image.ljcdn.com/110000-inspection/pc1_4Vx3LDvQ9_2.jpg!m_fill,w_280,h_210,f_jpg?from=ke.com
20231017,房山,窦店,101114775753,北京城建琨廷漫缇 2室2厅 北 南,190万,21433元/平,高楼层 (共18层) | 2016年建 | 2室2厅 | 88.65平米 | 北 南,https://ke-image.ljcdn.com/110000-inspection/ca0eaff5-079a-422c-ab90-c3eb53ee3642_1000.jpg!m_fill,w_280,h_210,f_jpg?from=ke.com
20231017,房山,窦店,101114771505,田家园小区三居室南北通透干净整洁满五唯一,158万,13827元/平,顶层 (共6层) | 2008年建 | 3室1厅 | 114.27平米 | 南 北,https://ke-image.ljcdn.com/110000-inspection/pc1_5XAXQdaDV_1.jpg!m_fill,w_280,h_210,f_jpg?from=ke.com
20231017,房山,窦店,101114738885,琨廷北区南北通透两居室景观好,185万,20900元/平,低楼层 (共12层) | 2014年建 | 2室2厅 | 88.52平米 | 南 北,https://ke-image.ljcdn.com/110000-inspection/pc1_WKGzdQEs8.jpg!m_fill,w_280,h_210,f_jpg?from=ke.com
20231017,房山,窦店,101114728362,北京城建琨廷漫缇 电梯直接入户 南北通透 原票355钥匙,399万,28974元/平,顶层 (共9层) | 2013年建 | 3室2厅 | 137.71平米 | 南 北,https://ke-image.ljcdn.com/110000-inspection/pc1_fYAWpFMP5_2.jpg!m_fill,w_280,h_210,f_jpg?from=ke.com
20231017,房山,窦店,101114684686,山水汇豪苑A区 1室1厅 南 北,118万,19370元/平,顶层 (共6层) 1室1厅 | 60.92平米 | 南 北,https://ke-image.ljcdn.com/110000-inspection/pc1_WfaJdsxX6_2.jpg!m_fill,w_280,h_210,f_jpg?from=ke.com
20231017,房山,窦店,101114675424,北京城建琨廷东区 满五唯一 独立入户 毛坯 钥匙楼层好房主自荐,310万,24383元/平,中楼层 (共8层) | 2013年建 | 3室2厅 | 127.14平米 | 南 北,https://ke-image.ljcdn.com/110000-inspection/68459ce6-d614-4b5e-ae6f-33225eae3613_1000.jpg!m_fill,w_280,h_210,f_jpg?from=ke.com
20231017,房山,窦店,101114607155,田家园小区 3室2厅 南 北房主自荐,175万,12634元/平,顶层 (共6层) | 2007年建 | 3室2厅 | 138.52平米 | 南 北,https://ke-image.ljcdn.com/110000-inspection/pc1_aptBWiT0q.jpg!m_fill,w_280,h_210,f_jpg?from=ke.com
20231017,房山,窦店,101114606909,华城家园 3室2厅 南 北,175万,14033元/平,顶层 (共6层) | 2012年建 | 3室2厅 | 124.71平米 | 南 北,https://ke-image.ljcdn.com/110000-inspection/pc1_U1nxFCYNV_1.jpg!m_fill,w_280,h_210,f_jpg?from=ke.com
20231017,房山,窦店,101114595202,世界名园南区 2室2厅 南 北,152万,15842元/平,底层 (共6层) | 2011年建 | 2室2厅 | 95.95平米 | 南 北,https://ke-image.ljcdn.com/110000-inspection/pc1_29JSg9Tdl.jpg!m_fill,w_280,h_210,f_jpg?from=ke.com
20231017,房山,窦店,101114590546,山水汇豪苑A区 3室1厅 南 北,182万,13785元/平,顶层 (共6层) | 2007年建 | 3室1厅 | 132.03平米 | 南 北,https://ke-image.ljcdn.com/110000-inspection/pc1_F5pIoTrW0_2.jpg!m_fill,w_280,h_210,f_jpg?from=ke.com
20231017,房山,窦店,101114554756,山水汇豪苑A区 3室1厅 南 北,198万,15042元/平,高楼层 (共6层) | 2007年建 | 3室1厅 | 131.64平米 | 南 北,https://ke-image.ljcdn.com/110000-inspection/231032a6-144f-479f-9b0d-e0a2043ce58d_1000.jpg!m_fill,w_280,h_210,f_jpg?from=ke.com
20231017,房山,窦店,101114548486,北京城建琨廷漫缇 配套齐全 环境优美,286万,24109元/平,中楼层 (共8层) | 2013年建 | 3室1厅 | 118.63平米 | 南 北,https://ke-image.ljcdn.com/110000-inspection/4dfa5672-751c-4744-b0fb-ce74d2fe7af7_1000.jpg!m_fill,w_280,h_210,f_jpg?from=ke.com
20231017,房山,窦店,101114500662,金鑫苑 满五唯一 南北通透 楼层好 采光好 装修好,149万,16839元/平,高楼层 (共6层) | 2002年建 | 2室2厅 | 88.49平米 | 南 北,https://ke-image.ljcdn.com/110000-inspection/pc1_rjdwJh0YF_2.jpg!m_fill,w_280,h_210,f_jpg?from=ke.com
20231017,房山,窦店,101114498972,沁园春景 一居室  价格能商量 房主诚心卖 看房方便,100万,31919元/平,低楼层 (共6层) | 2004年建 | 1室0厅 | 31.33平米 | 南,https://ke-image.ljcdn.com/110000-inspection/pc1_7ClM6G9R0.jpg!m_fill,w_280,h_210,f_jpg?from=ke.com
20231017,房山,窦店,101114495969,金鑫苑通透2居室满两年中低楼层,143万,15191元/平,低楼层 (共6层) | 2009年建 | 2室1厅 | 94.14平米 | 东 西,https://ke-image.ljcdn.com/110000-inspection/pc1_V0tJbz9JK_2.jpg!m_fill,w_280,h_210,f_jpg?from=ke.com
20231017,房山,窦店,101114485779,世界名园D区 2室1厅 南 北,145万,15459元/平,低楼层 (共9层) | 2021年建 | 2室1厅 | 93.8平米 | 南 北,https://ke-image.ljcdn.com/110000-inspection/pc1_dhO3u8778_2.jpg!m_fill,w_280,h_210,f_jpg?from=ke.com
20231017,房山,窦店,101114425075,北京城建琨廷北区 精装修 南北通透 全明格局,580万,34346元/平,低楼层 (共9层) | 2014年建 | 3室2厅 | 168.87平米 | 南 北,https://ke-image.ljcdn.com/110000-inspection/pc1_ksYD7SNYR_2.jpg!m_fill,w_280,h_210,f_jpg?from=ke.com
20231017,房山,窦店,101114372865,田家园小区 3室1厅 南 北,280万,20527元/平,中楼层 (共4层) | 2006年建 | 3室1厅 | 136.41平米 | 南 北,https://ke-image.ljcdn.com/110000-inspection/pc1_pvPZ0E0l1_1.jpg!m_fill,w_280,h_210,f_jpg?from=ke.com
20231017,房山,窦店,101114345825,城建琨廷三居室眼睛户型满五唯一毛坯房,380万,27174元/平,高楼层 (共9层) | 2014年建 | 3室2厅 | 139.84平米 | 南 北,https://ke-image.ljcdn.com/110000-inspection/12a37927-e9d5-4b9a-a9f2-7f4758c705e7_1000.jpg!m_fill,w_280,h_210,f_jpg?from=ke.com
20231017,房山,窦店,101114314820,山水汇豪苑A区   南北通透大三居  满五唯一,162万,14614元/平,顶层 (共6层) 3室2厅 | 110.86平米 | 南 北,https://ke-image.ljcdn.com/110000-inspection/14eacc7a-f9b3-46be-a2aa-26c2c6b3098e_1000.jpg!m_fill,w_280,h_210,f_jpg?from=ke.com
20231017,房山,窦店,101114301440,万科幸福汇 3室1厅 南 北,240万,24153元/平,底层 (共12层) | 2014年建 | 3室1厅 | 99.37平米 | 南 北,https://ke-image.ljcdn.com/110000-inspection/b37c818e-4642-4112-bad5-67395fea974a_1000.jpg!m_fill,w_280,h_210,f_jpg?from=ke.com
20231017,房山,窦店,101114159154,琨廷北区电梯两居客厅方正的户型随时看,180万,20209元/平,低楼层 (共15层) | 2014年建 | 2室2厅 | 89.07平米 | 南 北,https://ke-image.ljcdn.com/110000-inspection/14d4db82-779c-4f95-8d71-0e593d925c41_1000.jpg!m_fill,w_280,h_210,f_jpg?from=ke.com
20231017,房山,窦店,101114140904,北京城建琨廷下跃 华装 方太 中间空调 新风 净水系统,450万,21105元/平,底层 (共9层) 4室3厅 | 213.22平米 | 南 北,https://ke-image.ljcdn.com/110000-inspection/pc1_l1TvNlsKz_2.jpg!m_fill,w_280,h_210,f_jpg?from=ke.com
20231017,房山,窦店,101114138624,北京城建琨廷漫缇 3室2卫 毛坯  南北通透 电梯房,320万,25776元/平,中楼层 (共8层) | 2013年建 | 3室2厅 | 124.15平米 | 南 北,https://ke-image.ljcdn.com/110000-inspection/pc1_sHtZkpKTc_2.jpg!m_fill,w_280,h_210,f_jpg?from=ke.com
20231017,房山,窦店,101114126088,华城家园满五唯一商品房三间卧室朝南双卫户型,135万,11801元/平,顶层 (共6层) | 2005年建 | 3室2厅 | 114.4平米 | 南 北,https://ke-image.ljcdn.com/110000-inspection/pc1_qTO7BSlg3_2.jpg!m_fill,w_280,h_210,f_jpg?from=ke.com
20231017,房山,窦店,101114111524,华城家园 满五唯一房龄新精装修全明格局,129万,14150元/平,中楼层 (共6层) | 2005年建 | 2室1厅 | 91.17平米 | 南 北,https://ke-image.ljcdn.com/110000-inspection/pc1_GruzV1mk2.jpg!m_fill,w_280,h_210,f_jpg?from=ke.com
20231017,房山,窦店,101114076650,山水汇豪苑A区 3室2厅 南 北,203万,13989元/平,高楼层 (共6层) | 2007年建 | 3室2厅 | 145.12平米 | 南 北,https://ke-image.ljcdn.com/110000-inspection/pc1_0dhmbvdAn.jpg!m_fill,w_280,h_210,f_jpg?from=ke.com
20231017,房山,窦店,101114053083,北京城建琨廷 精装修 全明格局 南北通透 满五唯一,325万,25465元/平,中楼层 (共9层) | 2014年建 | 3室2厅 | 127.63平米 | 南 北,https://ke-image.ljcdn.com/110000-inspection/pc1_HyvnCLKL4_2.jpg!m_fill,w_280,h_210,f_jpg?from=ke.com
20231017,房山,窦店,101113980531,房山窦店万科户型通透一梯两户,255万,25518元/平,底层 (共15层) | 2016年建 | 3室1厅 | 99.93平米 | 南 北,https://ke-image.ljcdn.com/110000-inspection/pc1_xZKmq4ydc_2.jpg!m_fill,w_280,h_210,f_jpg?from=ke.com
20231017,房山,窦店,101113961103,窦店镇提香草堂 别墅区洋房 满五唯一,230万,21699元/平,顶层 (共4层) | 2007年建 | 2室2厅 | 106平米 | 南 北,https://ke-image.ljcdn.com/110000-inspection/pc1_sLufdNml6_2.jpg!m_fill,w_280,h_210,f_jpg?from=ke.com
20231017,房山,窦店,101113945615,山水汇豪苑A区南北通透三居采光充足,249万,18881元/平,中楼层 (共6层) | 2007年建 | 3室2厅 | 131.88平米 | 南 北 西,https://ke-image.ljcdn.com/110000-inspection/pc1_m02GEQJJh_2.jpg!m_fill,w_280,h_210,f_jpg?from=ke.com
20231017,房山,窦店,101113940102,金鑫苑 复式 6跃7 151平米160万 采光好 视野好,160万,10592元/平,顶层 (共6层) | 2006年建 | 4室2厅 | 151.07平米 | 南 北,https://ke-image.ljcdn.com/110000-inspection/pc1_GR3hnr0P8_2.jpg!m_fill,w_280,h_210,f_jpg?from=ke.com
20231017,房山,窦店,101113881562,窦店田园两居中间楼层明厨明卫,135万,18236元/平,中楼层 (共6层) | 2008年建 | 2室1厅 | 74.03平米 | 南 北,https://ke-image.ljcdn.com/110000-inspection/pc1_dZ9U5a0Px_1.jpg!m_fill,w_280,h_210,f_jpg?from=ke.com
20231017,房山,窦店,101113872811,汇景嘉园 南向 两居室 诚心出售,120万,19885元/平,顶层 (共6层) 2室1厅 | 60.35平米 | 南,https://ke-image.ljcdn.com/110000-inspection/pc1_9N6pIkBvU_1.jpg!m_fill,w_280,h_210,f_jpg?from=ke.com
20231017,房山,窦店,101113786799,北京城建琨廷北区南北通透三居,269万,26767元/平,低楼层 (共15层) | 2014年建 | 3室1厅 | 100.5平米 | 南 北,https://ke-image.ljcdn.com/110000-inspection/pc1_M5OSfFKOp_1.jpg!m_fill,w_280,h_210,f_jpg?from=ke.com
20231017,房山,窦店,101113754080,万科幸福汇 南北通透 采光充足,300万,30270元/平,底层 (共12层) | 2014年建 | 3室1厅 | 99.11平米 | 南 北,https://ke-image.ljcdn.com/110000-inspection/pc1_3Zu1jaTth_2.jpg!m_fill,w_280,h_210,f_jpg?from=ke.com
20231017,房山,窦店,101113713626,山水汇豪A区 南北通透3居 满五唯一 中间楼层 交通便利,205万,19109元/平,低楼层 (共6层) | 2007年建 | 3室2厅 | 107.28平米 | 南 北,https://ke-image.ljcdn.com/110000-inspection/pc1_GrWvYyLyv_2.jpg!m_fill,w_280,h_210,f_jpg?from=ke.com
20231017,房山,窦店,101113553001,北京城建▪琨廷漫缇  南边通透三居,310万,26997元/平,中楼层 (共7层) | 2016年建 | 3室2厅 | 114.83平米 | 南 北,https://ke-image.ljcdn.com/110000-inspection/pc1_51nxcLmeY_1.jpg!m_fill,w_280,h_210,f_jpg?from=ke.com
20231017,房山,窦店,101113531438,山水汇豪A区自采暖采光足小区环境好,145万,17189元/平,顶层 (共6层) | 2003年建 | 2室1厅 | 84.36平米 | 南 北,https://ke-image.ljcdn.com/110000-inspection/pc1_XTmEncaEh_2.jpg!m_fill,w_280,h_210,f_jpg?from=ke.com
20231017,房山,窦店,101113529576,北京城建琨廷 电梯洋房 品质社区 落地阳台 明厨明卫,215万,22749元/平,低楼层 (共9层) | 2014年建 | 3室1厅 | 94.51平米 | 南 北,https://ke-image.ljcdn.com/110000-inspection/pc1_rdxPzPhv7_1.jpg!m_fill,w_280,h_210,f_jpg?from=ke.com
20231017,房山,窦店,101113514628,山水汇豪苑B区南北通透户型方正,246万,20400元/平,中楼层 (共15层) | 2011年建 | 3室2厅 | 120.59平米 | 南 北,https://ke-image.ljcdn.com/110000-inspection/pc1_LuqDhnwyn_2.jpg!m_fill,w_280,h_210,f_jpg?from=ke.com
20231017,房山,窦店,101113496352,北京城建琨廷漫缇花园洋房三居室,275万,23529元/平,高楼层 (共7层) | 2016年建 | 3室1厅 | 116.88平米 | 南 北,https://ke-image.ljcdn.com/110000-inspection/pc1_mdde7He5G_1.jpg!m_fill,w_280,h_210,f_jpg?from=ke.com
20231017,房山,窦店,101113463814,世界名园北区 南北三居 满五唯一 配套齐全 交通便利,170万,15981元/平,顶层 (共6层) | 2007年建 | 3室2厅 | 106.38平米 | 南 北,https://ke-image.ljcdn.com/110000-inspection/pc1_gZLEakWRs_2.jpg!m_fill,w_280,h_210,f_jpg?from=ke.com
20231017,房山,窦店,101113444245,山水汇豪苑A区南北通透采光充足,180万,16724元/平,高楼层 (共6层) | 2007年建 | 2室1厅 | 107.63平米 | 南 北,https://ke-image.ljcdn.com/110000-inspection/pc1_YbEKPhR69.jpg!m_fill,w_280,h_210,f_jpg?from=ke.com
20231017,房山,窦店,101113438554,沁馥家园    南北向 三居室,185万,18354元/平,高楼层 (共6层) 3室1厅 | 100.8平米 | 南 北,https://ke-image.ljcdn.com/110000-inspection/pc1_kMNBrFfJs_2.jpg!m_fill,w_280,h_210,f_jpg?from=ke.com
20231017,房山,窦店,101113326945,金鑫苑 房子南边围着 可不动 精装 北边出门是公园房主自荐,240万,18444元/平,底层 (共7层) | 2007年建 | 3室1厅 | 130.13平米 | 南 北,https://ke-image.ljcdn.com/110000-inspection/pc1_kTey6k7vV_1.jpg!m_fill,w_280,h_210,f_jpg?from=ke.com
20231017,房山,窦店,101113316923,山水汇豪苑A区南北通透采光充足,139万,18673元/平,中楼层 (共5层) | 2003年建 | 2室1厅 | 74.44平米 | 南 北,https://ke-image.ljcdn.com/110000-inspection/pc1_JJ0bxFcPa_2.jpg!m_fill,w_280,h_210,f_jpg?from=ke.com
20231017,房山,窦店,101113303665,大两居南北双通透电梯房！！,165万,16139元/平,低楼层 (共6层) | 2007年建 | 2室2厅 | 102.24平米 | 南 北,https://ke-image.ljcdn.com/110000-inspection/04a74ba9-7b96-4be8-a07c-45527cddf86b_1000.jpg!m_fill,w_280,h_210,f_jpg?from=ke.com
20231017,房山,窦店,101113253622,田家园小区 3室2厅 北 南,185万,16190元/平,低楼层 (共6层) 3室2厅 | 114.27平米 | 北 南,https://ke-image.ljcdn.com/110000-inspection/pc1_RS2R2RJAc_2.jpg!m_fill,w_280,h_210,f_jpg?from=ke.com
20231017,房山,窦店,101113133902,明峻嘉园电梯房配套齐全采光好,145万,20650元/平,中楼层 (共7层) | 2013年建 | 1室1厅 | 70.22平米 | 南,https://ke-image.ljcdn.com/110000-inspection/pc1_MICAHvE1m_2.jpg!m_fill,w_280,h_210,f_jpg?from=ke.com
20231017,房山,窦店,101113038965,田家园小区南北三居室户型方正没有浪费面积随时签约,172万,14834元/平,顶层 (共6层) | 2006年建 | 3室1厅 | 115.95平米 | 南 北,https://ke-image.ljcdn.com/110000-inspection/prod-df653eb5-dee4-424d-9c38-6cb6ee9f7a55.jpg!m_fill,w_280,h_210,f_jpg?from=ke.com
20231017,房山,窦店,101113004874,山水汇豪一层两居室自住精装修随时能看,165万,20120元/平,底层 (共6层) | 2003年建 | 2室1厅 | 82.01平米 | 南 北,https://ke-image.ljcdn.com/110000-inspection/pc1_X8IU5OuPw_1.jpg!m_fill,w_280,h_210,f_jpg?from=ke.com
20231017,房山,窦店,101113001252,田家园住宅小区   满五唯一   户型方正房主自荐,176万,13039元/平,顶层 (共6层) | 2007年建 | 3室2厅 | 134.99平米 | 南 北,https://ke-image.ljcdn.com/110000-inspection/pc1_mgnzEl8P8_2.jpg!m_fill,w_280,h_210,f_jpg?from=ke.com
20231017,房山,窦店,101112987487,田家园小区 两居室 一层 可以种花草,195万,21662元/平,底层 (共6层) | 2003年建 | 2室1厅 | 90.02平米 | 南 北,https://ke-image.ljcdn.com/110000-inspection/31c56f58-259f-451a-8abf-2b7138a4e2b7_1000.jpg!m_fill,w_280,h_210,f_jpg?from=ke.com
20231017,房山,窦店,101112833368,山水汇豪苑A区 2室1厅 南 北,163万,20548元/平,高楼层 (共6层) | 2007年建 | 2室1厅 | 79.33平米 | 南 北,https://ke-image.ljcdn.com/110000-inspection/pc1_uOER3T1hF_2.jpg!m_fill,w_280,h_210,f_jpg?from=ke.com
20231017,房山,窦店,101112797654,北京城建琨廷大一居南北向电梯洋房,169万,23094元/平,顶层 (共15层) | 2014年建 | 1室1厅 | 73.18平米 | 南 北,https://ke-image.ljcdn.com/110000-inspection/pc1_YUbeufWRS_2.jpg!m_fill,w_280,h_210,f_jpg?from=ke.com
20231017,房山,窦店,101112772437,山水汇豪苑A区 3室2厅 南 北,249万,18860元/平,低楼层 (共6层) | 2007年建 | 3室2厅 | 132.03平米 | 南 北,https://ke-image.ljcdn.com/110000-inspection/ece0f532-5cbe-4aca-9a11-41c0d841faa5_1000.jpg!m_fill,w_280,h_210,f_jpg?from=ke.com
20231017,房山,窦店,101112655659,北京城建琨廷南区环境好配套齐全房主自荐,205万,23932元/平,底层 (共15层) | 2015年建 | 2室1厅 | 85.66平米 | 南 北,https://ke-image.ljcdn.com/110000-inspection/pc1_3gGsXVT1j_1.jpg!m_fill,w_280,h_210,f_jpg?from=ke.com
20231017,房山,窦店,101112639091,山水汇豪苑B区南北通透大两居有钥匙,180万,20719元/平,高楼层 (共15层) | 2011年建 | 2室1厅 | 86.88平米 | 南 北,https://ke-image.ljcdn.com/110000-inspection/pc1_O8Q7Mhyvf_1.jpg!m_fill,w_280,h_210,f_jpg?from=ke.com
20231017,房山,窦店,101112607348,田家园小区干湿分离卫生间有餐厅满五唯一,140万,14301元/平,顶层 (共6层) | 2006年建 | 2室2厅 | 97.9平米 | 南 北,https://ke-image.ljcdn.com/110000-inspection/pc1_SEJ2qKa04_2.jpg!m_fill,w_280,h_210,f_jpg?from=ke.com
20231017,房山,窦店,101112576600,万科幸福汇 3室1厅 南 北,230万,24175元/平,中楼层 (共13层) | 2014年建 | 3室1厅 | 95.14平米 | 南 北,https://ke-image.ljcdn.com/110000-inspection/pc1_oFr19EMJm_1.jpg!m_fill,w_280,h_210,f_jpg?from=ke.com
20231017,房山,窦店,101112555168,田家园小区南北通透两居室高层采光好房主自荐,115万,15906元/平,顶层 (共6层) | 2005年建 | 2室1厅 | 72.3平米 | 南 北,https://ke-image.ljcdn.com/110000-inspection/pc1_NmcSWDtg5_1.jpg!m_fill,w_280,h_210,f_jpg?from=ke.com
20231017,房山,窦店,101112418034,田家园小区 2室2厅 南 北,189万,20249元/平,底层 (共6层) | 2007年建 | 2室2厅 | 93.34平米 | 南 北,https://ke-image.ljcdn.com/110000-inspection/pc1_MKnmaiRPq_2.jpg!m_fill,w_280,h_210,f_jpg?from=ke.com
20231017,房山,窦店,101112337516,田家园小区集体供暖方便停车,138万,14719元/平,中楼层 (共6层) | 2007年建 | 2室1厅 | 93.76平米 | 南 北,https://ke-image.ljcdn.com/110000-inspection/0093352f-c4d9-4580-9fcb-add015967b4d_1000.jpg!m_fill,w_280,h_210,f_jpg?from=ke.com
20231017,房山,窦店,101112313183,沁馥家园南北通透业主诚心出售采光好房主自荐,155万,15426元/平,高楼层 (共6层) | 2004年建 | 3室2厅 | 100.48平米 | 南 北,https://ke-image.ljcdn.com/110000-inspection/pc1_eE155ai91_1.jpg!m_fill,w_280,h_210,f_jpg?from=ke.com
20231017,房山,窦店,101112306678,南北通透商业配套齐全交通便利,212万,15115元/平,中楼层 (共5层) 3室2厅 | 140.26平米 | 南 北,https://ke-image.ljcdn.com/110000-inspection/bca0d9c6-2502-4ab1-afc8-2c80b24c619e_1000.jpg!m_fill,w_280,h_210,f_jpg?from=ke.com
20231017,房山,窦店,101112268143,山水汇豪苑B区 2室1厅 南 北,182万,23021元/平,低楼层 (共6层) | 2011年建 | 2室1厅 | 79.06平米 | 南 北,https://ke-image.ljcdn.com/110000-inspection/eb2882b8-1fb8-4090-868b-b4e58a3eada3_1000.jpg!m_fill,w_280,h_210,f_jpg?from=ke.com
20231017,房山,窦店,101112168787,万科幸福汇南北通透精装大两居室,179万,20795元/平,中楼层 (共15层) | 2012年建 | 2室1厅 | 86.08平米 | 南 北,https://ke-image.ljcdn.com/110000-inspection/e666817e-6904-4b29-81d7-8972c06144e4_1000.jpg!m_fill,w_280,h_210,f_jpg?from=ke.com
20231017,房山,窦店,101112092639,田家园小区  南北通透两居室  满五唯一,130万,15985元/平,顶层 (共6层) | 2007年建 | 2室1厅 | 81.33平米 | 南 北,https://ke-image.ljcdn.com/110000-inspection/pc1_NFMI8NGG1_1.jpg!m_fill,w_280,h_210,f_jpg?from=ke.com
20231017,房山,窦店,101111860307,满5唯一顶层复式精装修保持良好。,180万,20374元/平,顶层 (共6层) | 2011年建 | 2室2厅 | 88.35平米 | 南 北,https://ke-image.ljcdn.com/110000-inspection/pc1_ZynquxbPx_1.jpg!m_fill,w_280,h_210,f_jpg?from=ke.com
20231017,房山,窦店,101111734557,世界名园满五唯一两居室中间楼层172万出售,172万,19723元/平,中楼层 (共6层) 2室2厅 | 87.21平米 | 南 北,https://ke-image.ljcdn.com/110000-inspection/pc1_ZVFxV2xkS_1.jpg!m_fill,w_280,h_210,f_jpg?from=ke.com
20231017,房山,窦店,101111679950,万科幸福汇 3室1厅 南 北,208万,21900元/平,低楼层 (共12层) | 2014年建 | 3室1厅 | 94.98平米 | 南 北,https://ke-image.ljcdn.com/110000-inspection/pc1_yDp54GEwT_1.jpg!m_fill,w_280,h_210,f_jpg?from=ke.com
20231017,房山,窦店,101111669902,此房户型南北通透采光充足户型方正小区环境好,205万,17526元/平,低楼层 (共6层) 3室2厅 | 116.97平米 | 南 北,https://ke-image.ljcdn.com/110000-inspection/c79fbde4-78f8-4bcc-bca4-49a4d9f070df_1000.jpg!m_fill,w_280,h_210,f_jpg?from=ke.com
20231017,房山,窦店,101111082643,田家园住宅小区南北通透采光充足,148万,16360元/平,高楼层 (共6层) | 2005年建 | 2室1厅 | 90.47平米 | 南 北,https://ke-image.ljcdn.com/110000-inspection/9c50e66b-2164-4b65-8605-e396397eeb0f_1000.jpg!m_fill,w_280,h_210,f_jpg?from=ke.com
20231017,房山,窦店,101111082140,京南嘉园精装修南北通透两居室中楼层采光好。房主自荐,159万,16077元/平,中楼层 (共6层) | 2003年建 | 2室1厅 | 98.9平米 | 南 北,https://ke-image.ljcdn.com/110000-inspection/pc1_R7GaKh92I_1.jpg!m_fill,w_280,h_210,f_jpg?from=ke.com
20231017,房山,窦店,101110985784,北京城建琨廷北区南北两居室户型方正无浪费面积房主自荐,190万,22163元/平,顶层 (共15层) | 2014年建 | 2室1厅 | 85.73平米 | 南 北,https://ke-image.ljcdn.com/110000-inspection/pc1_ELQrH35IO_2.jpg!m_fill,w_280,h_210,f_jpg?from=ke.com
20231017,房山,窦店,101110937084,北京城建琨廷电梯洋房南北通透三居精装修采光好。,305万,27974元/平,中楼层 (共9层) | 2014年建 | 3室1厅 | 109.03平米 | 南 北,https://ke-image.ljcdn.com/110000-inspection/pc1_WnIEUz4gT_1.jpg!m_fill,w_280,h_210,f_jpg?from=ke.com
20231017,房山,窦店,101110784327,田家园小区 2室1厅 南 北,110万,14859元/平,高楼层 (共6层) 2室1厅 | 74.03平米 | 南 北,https://ke-image.ljcdn.com/110000-inspection/pc1_yh9mNVLJ4_1.jpg!m_fill,w_280,h_210,f_jpg?from=ke.com
20231017,房山,窦店,101110672222,北京城建▪琨廷漫缇 南北通透 精装修 3居室,230万,23503元/平,底层 (共5层) | 2013年建 | 3室1厅 | 97.86平米 | 南 北,https://ke-image.ljcdn.com/110000-inspection/pc1_ajA4DiGkG_1.jpg!m_fill,w_280,h_210,f_jpg?from=ke.com
20231017,房山,窦店,101110662609,山水汇豪苑B区满五唯一精装两居室房主自荐,205万,26517元/平,顶层 (共6层) | 2011年建 | 2室1厅 | 77.31平米 | 南 北,https://ke-image.ljcdn.com/110000-inspection/pc1_64zw7aRDE_1.jpg!m_fill,w_280,h_210,f_jpg?from=ke.com
20231017,房山,窦店,101110651582,山水汇豪苑B区 2室1厅 南 北,178万,20000元/平,高楼层 (共15层) | 2011年建 | 2室1厅 | 89平米 | 南 北,https://ke-image.ljcdn.com/110000-inspection/pc1_R4k7nFwFA_1.jpg!m_fill,w_280,h_210,f_jpg?from=ke.com
20231017,房山,窦店,101110528128,提香草堂  纯南向 精装修一居室,159万,30619元/平,中楼层 (共4层) | 2007年建 | 1室1厅 | 51.93平米 | 南,https://ke-image.ljcdn.com/110000-inspection/pc1_33ggXiLCl_1.jpg!m_fill,w_280,h_210,f_jpg?from=ke.com
20231017,房山,窦店,101110467753,世界名园南区 南北通透 两居室 商品房 诚心出售,199万,18737元/平,高楼层 (共6层) | 2011年建 | 2室1厅 | 106.21平米 | 南 北,https://ke-image.ljcdn.com/110000-inspection/pc1_4YBlJwwUz_1.jpg!m_fill,w_280,h_210,f_jpg?from=ke.com
20231017,房山,窦店,101110454076,北京城建琨庭东区南北通透三居室洋房一梯两户。,309万,26048元/平,高楼层 (共8层) | 2013年建 | 3室2厅 | 118.63平米 | 北 南,https://ke-image.ljcdn.com/110000-inspection/pc1_k06UA2KlQ_1.jpg!m_fill,w_280,h_210,f_jpg?from=ke.com
20231017,房山,窦店,101110440274,南区大户型洋房二层电梯入户毛坯,550万,31204元/平,中楼层 (共5层) 4室2厅 | 176.26平米 | 南 北,https://ke-image.ljcdn.com/110000-inspection/pc1_dSwwjFPuD_1.jpg!m_fill,w_280,h_210,f_jpg?from=ke.com
20231017,房山,窦店,101110289319,华城家园 满五唯一 中间层精装修大两居,139万,14542元/平,中楼层 (共6层) 2室1厅 | 95.59平米 | 南 北,https://ke-image.ljcdn.com/110000-inspection/17f80cfe-490d-4328-8e6c-4649595ec724_1000.jpg!m_fill,w_280,h_210,f_jpg?from=ke.com
20231017,房山,窦店,101110196917,北京城建琨廷北区南北通透三居室户型方正满五年唯一房主自荐,283万,22174元/平,低楼层 (共9层) | 2014年建 | 3室2厅 | 127.63平米 | 南 北,https://ke-image.ljcdn.com/110000-inspection/pc1_YVZguaZxc_1.jpg!m_fill,w_280,h_210,f_jpg?from=ke.com
20231017,房山,窦店,101110031859,山水汇豪B区 南北通透 三居室 低楼层,230万,19474元/平,底层 (共6层) | 2011年建 | 3室2厅 | 118.11平米 | 西 南 北,https://ke-image.ljcdn.com/110000-inspection/pc1_sYYpM6186_2.jpg!m_fill,w_280,h_210,f_jpg?from=ke.com
20231017,房山,窦店,101109938085,北京城建琨廷北区南北通透前后视野 采光好没有遮挡。,520万,30793元/平,高楼层 (共9层) | 2014年建 | 3室2厅 | 168.87平米 | 南 北,https://ke-image.ljcdn.com/110000-inspection/pc1_E1NgaMxWg_1.jpg!m_fill,w_280,h_210,f_jpg?from=ke.com
20231017,房山,窦店,101109836469,田家园小区三区 满五唯一 诚心出售,180万,19996元/平,低楼层 (共6层) | 2003年建 | 2室1厅 | 90.02平米 | 南 北,https://ke-image.ljcdn.com/110000-inspection/pc1_VBkOguoju_1.jpg!m_fill,w_280,h_210,f_jpg?from=ke.com
20231017,房山,窦店,101109737453,田家园小区 南北通透大两居诚意出售有钥匙房主自荐,156万,15935元/平,高楼层 (共6层) | 2005年建 | 2室2厅 | 97.9平米 | 南 北,https://ke-image.ljcdn.com/110000-inspection/9b9883e7-e1de-4d78-b7ac-497a6c9cbecf_1000.jpg!m_fill,w_280,h_210,f_jpg?from=ke.com
20231017,房山,窦店,101109384262,万科幸福汇 南北通透两居室 满五年唯一,170万,19570元/平,顶层 (共15层) | 2012年建 | 2室1厅 | 86.87平米 | 南 北,https://ke-image.ljcdn.com/110000-inspection/b5027325-7a5d-4b4b-aa7e-e07d6b148ff8_1000.jpg!m_fill,w_280,h_210,f_jpg?from=ke.com
20231017,房山,窦店,101109161093,万科幸福汇南北通透两居室户型方正无浪费面积,200万,25566元/平,顶层 (共7层) | 2015年建 | 2室1厅 | 78.23平米 | 南 北,https://ke-image.ljcdn.com/110000-inspection/e7e8440b-2ab7-4621-be91-cbff3f940db4_1000.jpg!m_fill,w_280,h_210,f_jpg?from=ke.com
20231017,房山,窦店,101108954912,提香草堂南北通透墅级高尔夫洋房房主自荐,288万,20919元/平,顶层 (共4层) | 2007年建 | 3室2厅 | 137.68平米 | 南 北,https://ke-image.ljcdn.com/110000-inspection/pc1_A5xAgmjGW_2.jpg!m_fill,w_280,h_210,f_jpg?from=ke.com
20231017,房山,窦店,101121482829,提香草堂 2室2厅 南 北新上,588万,46516元/平,底层 (共4层) | 2007年建 | 2室2厅 | 126.41平米 | 南 北,https://ke-image.ljcdn.com/110000-inspection/811754ae-2f08-43c2-9aa1-335e929aafa5_1000.jpg!m_fill,w_280,h_210,f_jpg?from=ke.com
20231017,房山,窦店,101121481965,山水汇豪苑温馨两居室带楼上还有一个套间新上,139万,21228元/平,顶层 (共6层) | 2007年建 | 3室1厅 | 65.48平米 | 南 北,https://ke-image.ljcdn.com/110000-inspection/pc1_0ehzGOzHR.jpg!m_fill,w_280,h_210,f_jpg?from=ke.com
20231017,房山,窦店,101121476510,世界名园南区 2室1厅 南 北新上,155万,16909元/平,高楼层 (共6层) | 2011年建 | 2室1厅 | 91.67平米 | 南 北,https://ke-image.ljcdn.com/110000-inspection/pc1_b3cKqiHVH_2.jpg!m_fill,w_280,h_210,f_jpg?from=ke.com
20231017,房山,窦店,101121458407,世界名园南区 2室1厅 南 北新上,160万,15093元/平,高楼层 (共6层) 2室1厅 | 106.01平米 | 南 北,https://ke-image.ljcdn.com/110000-inspection/pc1_xCTVwAceJ_2.jpg!m_fill,w_280,h_210,f_jpg?from=ke.com
20231017,房山,窦店,101121447100,北京城建琨廷北区南北通透2居全明格局明厨明卫新上,200万,23292元/平,高楼层 (共15层) | 2014年建 | 2室2厅 | 85.87平米 | 南 北,https://ke-image.ljcdn.com/110000-inspection/pc1_92gbac9Ff_2.jpg!m_fill,w_280,h_210,f_jpg?from=ke.com
20231017,房山,窦店,101121444372,田家园小区 2室1厅 南 北新上,145万,17025元/平,高楼层 (共6层) 2室1厅 | 85.17平米 | 南 北,https://ke-image.ljcdn.com/110000-inspection/5afb039b-cce5-43c2-828e-1e12bb4a8036_1000.jpg!m_fill,w_280,h_210,f_jpg?from=ke.com
20231017,房山,窦店,101121437508,金鑫苑 3室2厅 南 北新上,179万,14815元/平,低楼层 (共6层) | 2002年建 | 3室2厅 | 120.83平米 | 南 北,https://ke-image.ljcdn.com/110000-inspection/01508a43-699b-4988-a1e2-bfd52aa4eb4d_1000.jpg!m_fill,w_280,h_210,f_jpg?from=ke.com
20231017,房山,窦店,101121403934,提香草堂 双拼边户 好位置 95%满五唯一 毛坯好户型房主自荐,980万,37391元/平,底层 (共3层) 5室2厅 | 262.1平米 | 南 北,https://ke-image.ljcdn.com/110000-inspection/pc1_S5tw1A083.jpg!m_fill,w_280,h_210,f_jpg?from=ke.com
20231017,房山,窦店,101121360577,房山区 沁园春景 大复式 集中供暖 满五唯一,146万,10973元/平,顶层 (共6层) | 2003年建 | 3室2厅 | 133.06平米 | 南 北,https://ke-image.ljcdn.com/110000-inspection/pc1_G2bZVnnly.jpg!m_fill,w_280,h_210,f_jpg?from=ke.com
20231017,房山,窦店,101121296572,田家园小区 3室1厅 南 北,168万,13916元/平,顶层 (共6层) | 2005年建 | 3室1厅 | 120.73平米 | 南 北,https://ke-image.ljcdn.com/110000-inspection/ffe555de-5174-4390-83fa-a56d5e5702aa_1000.jpg!m_fill,w_280,h_210,f_jpg?from=ke.com
20231017,房山,窦店,101121265632,田家园小区 2室1厅 南 北,149.8万,16641元/平,中楼层 (共6层) | 2003年建 | 2室1厅 | 90.02平米 | 南 北,https://ke-image.ljcdn.com/110000-inspection/pc1_qKOwv2R69.jpg!m_fill,w_280,h_210,f_jpg?from=ke.com
20231017,房山,窦店,101121264656,万科幸福汇 一层带前后活动空间 三面朝阳 采光好,386万,31747元/平,底层 (共5层) 3室2厅 | 121.59平米 | 南 北,https://ke-image.ljcdn.com/110000-inspection/pc1_jO2mblb17_2.jpg!m_fill,w_280,h_210,f_jpg?from=ke.com
20231017,房山,窦店,101121219816,明峻嘉园4室一厅2卫153.62平315万,315万,20506元/平,中楼层 (共5层) | 2013年建 | 4室1厅 | 153.62平米 | 南 北,https://ke-image.ljcdn.com/110000-inspection/pc1_xXydftzpU_2.jpg!m_fill,w_280,h_210,f_jpg?from=ke.com
20231017,房山,窦店,101121199533,北京城建琨廷漫缇电梯入户南北通透大三居精装修,350万,27529元/平,中楼层 (共8层) | 2016年建 | 3室2厅 | 127.14平米 | 南 北,https://ke-image.ljcdn.com/110000-inspection/pc1_mkNLjEr1Y_1.jpg!m_fill,w_280,h_210,f_jpg?from=ke.com
20231017,房山,窦店,101121180946,金鑫苑小区 一层两居室 低楼层 有钥匙随时可看,135万,15477元/平,底层 (共7层) 2室1厅 | 87.23平米 | 南 北,https://ke-image.ljcdn.com/110000-inspection/pc1_vH6vDC6HK_1.jpg!m_fill,w_280,h_210,f_jpg?from=ke.com
20231017,房山,窦店,101121174227,沁馥家园 满五唯一 低楼层三居室,175万,17417元/平,低楼层 (共6层) | 2004年建 | 3室1厅 | 100.48平米 | 南 北,https://ke-image.ljcdn.com/110000-inspection/pc1_KQatd3RKc.jpg!m_fill,w_280,h_210,f_jpg?from=ke.com
20231017,房山,窦店,101121141879,世界名园南区户型分布好功能间布局合理,127万,14956元/平,高楼层 (共6层) | 2011年建 | 2室2厅 | 84.92平米 | 西 北,https://ke-image.ljcdn.com/110000-inspection/pc1_jeeUo77fc.jpg!m_fill,w_280,h_210,f_jpg?from=ke.com
20231017,房山,窦店,101121127092,沁园春景 3室1厅 南 北,175万,13152元/平,顶层 (共6层) 3室1厅 | 133.06平米 | 南 北,https://ke-image.ljcdn.com/110000-inspection/pc1_z4jfxClEY.jpg!m_fill,w_280,h_210,f_jpg?from=ke.com
20231017,房山,窦店,101121081963,北京城建▪琨廷漫缇 特殊户型 满五唯一 花园洋房房主自荐,218万,21934元/平,高楼层 (共7层) | 2013年建 | 3室1厅 | 99.39平米 | 南 北,https://ke-image.ljcdn.com/110000-inspection/pc1_dBp8qOI8w_1.jpg!m_fill,w_280,h_210,f_jpg?from=ke.com
20231017,房山,窦店,101121052762,世界名园北区 2室1厅 南 北,159万,15969元/平,低楼层 (共6层) 2室1厅 | 99.57平米 | 南 北,https://ke-image.ljcdn.com/110000-inspection/73caa37f-10c1-4bab-a25d-567132c8adf2_1000.jpg!m_fill,w_280,h_210,f_jpg?from=ke.com
20231017,房山,窦店,101121023559,田家园小区 2室2厅 南 北,179万,19387元/平,底层 (共6层) | 2007年建 | 2室2厅 | 92.33平米 | 南 北,https://ke-image.ljcdn.com/110000-inspection/pc1_0trwmI4PV.jpg!m_fill,w_280,h_210,f_jpg?from=ke.com
20231017,房山,窦店,101121017365,世界名园北区 3室2厅 南 北,219万,16357元/平,中楼层 (共6层) 3室2厅 | 133.89平米 | 南 北,https://ke-image.ljcdn.com/110000-inspection/a39a6399-eaa2-4fee-b6fd-069116260409_1000.jpg!m_fill,w_280,h_210,f_jpg?from=ke.com
20231017,房山,窦店,101121017105,山水汇豪苑A区-户型采光好只有契税,123万,15762元/平,顶层 (共6层) | 2007年建 | 2室1厅 | 78.04平米 | 南 北,https://ke-image.ljcdn.com/110000-inspection/pc1_xIX5yoRfD_2.jpg!m_fill,w_280,h_210,f_jpg?from=ke.com
20231017,房山,窦店,101121016738,北京城建琨廷北区 2室1厅 南 北房主自荐,185万,20294元/平,低楼层 (共12层) | 2013年建 | 2室1厅 | 91.16平米 | 南 北,https://ke-image.ljcdn.com/110000-inspection/38f1e655-356f-4153-a477-e812dab72f5f_1000.jpg!m_fill,w_280,h_210,f_jpg?from=ke.com
20231017,房山,窦店,101121014622,提香草堂双拼别墅三面花园有挑空精装带家具家电,1060万,41294元/平,底层 (共3层) | 2006年建 | 4室3厅 | 256.7平米 | 南 北,https://ke-image.ljcdn.com/110000-inspection/pc1_mP4TvIcME_2.jpg!m_fill,w_280,h_210,f_jpg?from=ke.com
20231017,房山,窦店,101120996859,田家园小区 2室1厅 南 北,130万,14370元/平,顶层 (共6层) | 2005年建 | 2室1厅 | 90.47平米 | 南 北,https://ke-image.ljcdn.com/110000-inspection/73b2bdfd-ecc6-410e-97f1-4db7f27a2b9f_1000.jpg!m_fill,w_280,h_210,f_jpg?from=ke.com
20231017,房山,窦店,101120986090,沁园春景 户型好 中间楼层 集中供暖 看房方便,210万,18032元/平,中楼层 (共4层) | 2005年建 | 2室2厅 | 116.46平米 | 南 北,https://ke-image.ljcdn.com/110000-inspection/pc1_fHmJA6NMJ_2.jpg!m_fill,w_280,h_210,f_jpg?from=ke.com
20231017,房山,窦店,101120957691,世界名园南区 2室2厅 南 北 西,208万,18660元/平,底层 (共6层) | 2011年建 | 2室2厅 | 111.47平米 | 南 北 西,https://ke-image.ljcdn.com/110000-inspection/pc1_kkY8oeeHQ_2.jpg!m_fill,w_280,h_210,f_jpg?from=ke.com
20231017,房山,窦店,101120946966,世界名园南区 2室2厅 南 北,185万,16597元/平,底层 (共6层) | 2011年建 | 2室2厅 | 111.47平米 | 南 北,https://ke-image.ljcdn.com/110000-inspection/pc1_OzdLBDfAF_2.jpg!m_fill,w_280,h_210,f_jpg?from=ke.com
20231017,房山,窦店,101120918170,房山窦店 世界名园南区 带电梯 四层 满五唯一业主换房,223万,16730元/平,中楼层 (共6层) | 2011年建 | 3室2厅 | 133.3平米 | 南 北,https://ke-image.ljcdn.com/110000-inspection/pc1_PdQhI4h6f_2.jpg!m_fill,w_280,h_210,f_jpg?from=ke.com
20231017,房山,窦店,101120880797,田家园两居室业主诚心卖价格可以商量随时看房,150万,20543元/平,顶层 (共6层) 2室1厅 | 73.02平米 | 南 北,https://ke-image.ljcdn.com/110000-inspection/pc1_4zxXSgH6I_2.jpg!m_fill,w_280,h_210,f_jpg?from=ke.com
20231017,房山,窦店,101120875428,北京城建琨廷北区 2室1厅 南 北,205万,23946元/平,底层 (共12层) | 2014年建 | 2室1厅 | 85.61平米 | 南 北,https://ke-image.ljcdn.com/110000-inspection/pc1_72hx5NjKy.jpg!m_fill,w_280,h_210,f_jpg?from=ke.com
20231017,房山,窦店,101120868785,北京城建琨廷南区  低楼层  三居室,225万,23536元/平,低楼层 (共15层) | 2015年建 | 3室1厅 | 95.6平米 | 南 北,https://ke-image.ljcdn.com/110000-inspection/pc1_k64HKDNJu.jpg!m_fill,w_280,h_210,f_jpg?from=ke.com
20231017,房山,窦店,101120853278,沁园春景 2室1厅 南 北,132万,15486元/平,顶层 (共6层) 2室1厅 | 85.24平米 | 南 北,https://ke-image.ljcdn.com/110000-inspection/pc1_AEUJxftQh_2.jpg!m_fill,w_280,h_210,f_jpg?from=ke.com
20231017,房山,窦店,101120808049,窦店镇提香草堂 别墅区 洋房 满五唯一,215万,22934元/平,中楼层 (共4层) | 2007年建 | 2室1厅 | 93.75平米 | 南 北,https://ke-image.ljcdn.com/110000-inspection/pc1_36Ac9Coib.jpg!m_fill,w_280,h_210,f_jpg?from=ke.com
20231017,房山,窦店,101120697584,世界名园南区 3室2厅 南 北,205万,15276元/平,高楼层 (共6层) | 2011年建 | 3室2厅 | 134.2平米 | 南 北,https://ke-image.ljcdn.com/110000-inspection/pc1_tgxAaXx8l_1.jpg!m_fill,w_280,h_210,f_jpg?from=ke.com
20231017,房山,窦店,101120677963,田家园小区——三居双卫三阳台位置安静,240万,14486元/平,中楼层 (共4层) | 2006年建 | 3室2厅 | 165.68平米 | 南 北,https://ke-image.ljcdn.com/110000-inspection/pc1_R4MLCCR9h_1.jpg!m_fill,w_280,h_210,f_jpg?from=ke.com
20231017,房山,窦店,101120669297,明峻嘉园 3室1厅 南 北,176万,18467元/平,中楼层 (共7层) | 2013年建 | 3室1厅 | 95.31平米 | 南 北,https://ke-image.ljcdn.com/110000-inspection/pc1_Q5m2Z93Ia_1.jpg!m_fill,w_280,h_210,f_jpg?from=ke.com
20231017,房山,窦店,101120667163,金鑫苑 5室2厅 南 北,230万,10772元/平,顶层 (共6层) 5室2厅 | 213.53平米 | 南 北,https://ke-image.ljcdn.com/110000-inspection/pc1_oEqA9v2b5_2.jpg!m_fill,w_280,h_210,f_jpg?from=ke.com
20231017,房山,窦店,101120644950,提香草堂 花园别墅  纯别墅区 环境优美,620万,34331元/平,底层 (共2层) 3室2厅 | 180.6平米 | 南 北,https://ke-image.ljcdn.com/110000-inspection/pc1_EwrVFhZaS_2.jpg!m_fill,w_280,h_210,f_jpg?from=ke.com
20231017,房山,窦店,101120642890,山水汇豪苑A区 3室1厅 南 北,235万,18852元/平,中楼层 (共5层) | 2003年建 | 3室1厅 | 124.66平米 | 南 北,https://ke-image.ljcdn.com/110000-inspection/b19c729a-8a05-4f93-9aaf-c9c9b0618ef3_1000.jpg!m_fill,w_280,h_210,f_jpg?from=ke.com
20231017,房山,窦店,101120600845,金鑫苑 4室2厅 南 北房主自荐,188万,11704元/平,顶层 (共6层) | 2002年建 | 4室2厅 | 160.63平米 | 南 北,https://ke-image.ljcdn.com/110000-inspection/pc1_aVaTSGMPP.jpg!m_fill,w_280,h_210,f_jpg?from=ke.com
20231017,房山,窦店,101120571406,北京城建琨廷漫缇眼睛户型电梯洋房高楼层。,258万,22569元/平,中楼层 (共7层) | 2016年建 | 3室2厅 | 114.32平米 | 南 北,https://ke-image.ljcdn.com/110000-inspection/pc1_8alt1JZrz_1.jpg!m_fill,w_280,h_210,f_jpg?from=ke.com
20231017,房山,窦店,101120569232,北京城建琨廷漫缇眼睛户型电梯洋房一梯两户。,247万,21641元/平,底层 (共9层) | 2016年建 | 3室2厅 | 114.14平米 | 南 北,https://ke-image.ljcdn.com/110000-inspection/pc1_KH8NKG7Rw_1.jpg!m_fill,w_280,h_210,f_jpg?from=ke.com
20231017,房山,窦店,101120530337,北京城建琨廷南区 花园洋房 电梯入户,555万,38820元/平,顶层 (共6层) 5室3厅 | 142.97平米 | 南 北,https://ke-image.ljcdn.com/110000-inspection/pc1_RSNJDcJWz.jpg!m_fill,w_280,h_210,f_jpg?from=ke.com
20231017,房山,窦店,101120518957,世界名园北区 3室2厅 南 北,280万,20321元/平,顶层 (共6层) 3室2厅 | 137.79平米 | 南 北,https://ke-image.ljcdn.com/110000-inspection/pc1_GMCJWWKDj_1.jpg!m_fill,w_280,h_210,f_jpg?from=ke.com
20231017,房山,窦店,101120512528,田家园小区户型通透光照足南北格局,135万,13670元/平,高楼层 (共6层) | 2003年建 | 2室1厅 | 98.76平米 | 南 北,https://ke-image.ljcdn.com/110000-inspection/pc1_IF2cE41FR_2.jpg!m_fill,w_280,h_210,f_jpg?from=ke.com
20231017,房山,窦店,101120506118,世界名园北区  南北通透 大阳台 落地窗 采光好,195万,13266元/平,中楼层 (共6层) | 2007年建 | 3室2厅 | 147平米 | 南 北,https://ke-image.ljcdn.com/110000-inspection/d3b85c4f-4c70-464c-bc91-fe34c3de82dc_1000.jpg!m_fill,w_280,h_210,f_jpg?from=ke.com
20231017,房山,窦店,101120483588,山水汇豪A区 满五唯一 精装修 南北通透两居室,168万,22615元/平,顶层 (共5层) | 2003年建 | 2室1厅 | 74.29平米 | 南 北,https://ke-image.ljcdn.com/110000-inspection/pc1_DpMpQfgUL_2.jpg!m_fill,w_280,h_210,f_jpg?from=ke.com
20231017,房山,窦店,101120424467,北京城建琨廷北区 3室1厅 南 北,280万,22163元/平,底层 (共9层) | 2014年建 | 3室1厅 | 126.34平米 | 南 北,https://ke-image.ljcdn.com/110000-inspection/pc1_WgOYREsJL.jpg!m_fill,w_280,h_210,f_jpg?from=ke.com
20231017,房山,窦店,101120386110,华城家园 2室2厅 南 北,126万,13821元/平,底层 (共6层) 2室2厅 | 91.17平米 | 南 北,https://ke-image.ljcdn.com/110000-inspection/pc1_muyZtVfXU.jpg!m_fill,w_280,h_210,f_jpg?from=ke.com
20231017,房山,窦店,101120371779,田家园小区三居室。户型好停车方便新上,223万,20704元/平,底层 (共6层) | 2008年建 | 3室2厅 | 107.71平米 | 南 北,https://ke-image.ljcdn.com/110000-inspection/pc1_nzmIlJrCv_2.jpg!m_fill,w_280,h_210,f_jpg?from=ke.com
20231017,房山,窦店,101120306317,世界名园北区 南北通透3居2卫 精装修 看房方便,300万,22457元/平,底层 (共6层) | 2007年建 | 3室2厅 | 133.59平米 | 南 北,https://ke-image.ljcdn.com/110000-inspection/pc1_6A3aunrSc_2.jpg!m_fill,w_280,h_210,f_jpg?from=ke.com
20231017,房山,窦店,101120259338,提香草堂 联排别墅 花香四季 郁郁葱葱 小桥流水 种花房主自荐,576万,32327元/平,底层 (共2层) | 2005年建 | 5室2厅 | 178.18平米 | 南 北,https://ke-image.ljcdn.com/110000-inspection/pc1_u2G6pUhlF_1.jpg!m_fill,w_280,h_210,f_jpg?from=ke.com
20231017,房山,窦店,101120254290,北京城建琨廷漫缇 4室2厅 南 北,500万,43022元/平,顶层 (共7层) | 2013年建 | 4室2厅 | 116.22平米 | 南 北,https://ke-image.ljcdn.com/110000-inspection/pc1_yoJ4H40AE_2.jpg!m_fill,w_280,h_210,f_jpg?from=ke.com
20231017,房山,窦店,101120227349,沁园.春景家园 满五年 精装修 随时可看,145万,24293元/平,底层 (共6层) 1室1厅 | 59.69平米 | 南 北,https://ke-image.ljcdn.com/110000-inspection/pc1_C8NH2b0bl.jpg!m_fill,w_280,h_210,f_jpg?from=ke.com
20231017,房山,窦店,101120190072,北京城建琨庭南区精装三居室南北通透全明格局洋房。,198万,19678元/平,底层 (共6层) | 2015年建 | 3室1厅 | 100.62平米 | 南 北,https://ke-image.ljcdn.com/110000-inspection/pc1_v5fBaNzRF_2.jpg!m_fill,w_280,h_210,f_jpg?from=ke.com
20231017,房山,窦店,101120186522,沁馥家园 满五唯一 顶层复式 随时可看,179万,12127元/平,顶层 (共6层) 4室2厅 | 147.61平米 | 南 北,https://ke-image.ljcdn.com/110000-inspection/pc1_EPzGP6LH1_2.jpg!m_fill,w_280,h_210,f_jpg?from=ke.com
20231017,房山,窦店,101120171939,北京城建琨廷漫缇 舒适三居室 宜居小区房主自荐,208万,21275元/平,中楼层 (共5层) | 2013年建 | 3室1厅 | 97.77平米 | 南 北,https://ke-image.ljcdn.com/110000-inspection/pc1_P5hzJBpzM.jpg!m_fill,w_280,h_210,f_jpg?from=ke.com
20231017,房山,窦店,101120169509,城建琨廷北区特好位置四居双卫 精装修4室2厅2卫好楼层房主自荐,420万,24872元/平,中楼层 (共9层) | 2014年建 | 4室2厅 | 168.87平米 | 南 北,https://ke-image.ljcdn.com/110000-inspection/41de0724-45ce-47d5-9b61-20825154d4b4_1000.jpg!m_fill,w_280,h_210,f_jpg?from=ke.com
20231017,房山,窦店,101120156384,山水汇豪北区 南北通透2居 中间楼层 采光好 看房方便,148万,19477元/平,中楼层 (共6层) | 2011年建 | 2室1厅 | 75.99平米 | 南 北,https://ke-image.ljcdn.com/110000-inspection/pc1_ZhQeWrkpE.jpg!m_fill,w_280,h_210,f_jpg?from=ke.com
20231017,房山,窦店,101120105820,提香草堂 华丽装修 独栋 独栋 独栋 别墅 满五唯一房主自荐,1620万,55510元/平,底层 (共2层) 5室2厅 | 291.84平米 | 南 北,https://ke-image.ljcdn.com/110000-inspection/pc1_9sv6KVXzS_2.jpg!m_fill,w_280,h_210,f_jpg?from=ke.com
20231017,房山,窦店,101120105771,北京城建琨廷漫缇全明格局电梯入户中式装修带格楼房主自荐,389万,31048元/平,顶层 (共8层) | 2016年建 | 4室2厅 | 125.29平米 | 南 北,https://ke-image.ljcdn.com/110000-inspection/pc1_E9lcY3DsK_2.jpg!m_fill,w_280,h_210,f_jpg?from=ke.com
20231017,房山,窦店,101120092557,金鑫苑 精装修 满五唯一 位置好 业主急售,149万,12356元/平,高楼层 (共6层) | 2002年建 | 3室1厅 | 120.59平米 | 南 北,https://ke-image.ljcdn.com/110000-inspection/pc1_hXeG1Kr7D_2.jpg!m_fill,w_280,h_210,f_jpg?from=ke.com
20231017,房山,窦店,101120087970,窦店镇提香草堂 别墅区洋房 满五唯一,205万,19989元/平,顶层 (共4层) 2室1厅 | 102.56平米 | 南 北,https://ke-image.ljcdn.com/110000-inspection/pc1_XTEm8v7Ye_1.jpg!m_fill,w_280,h_210,f_jpg?from=ke.com
20231017,房山,窦店,101120086207,沁馥家园满五唯一三居室南北通透,149万,14766元/平,底层 (共6层) | 2004年建 | 3室2厅 | 100.91平米 | 南 北,https://ke-image.ljcdn.com/110000-inspection/pc1_JIi2fqiNu_1.jpg!m_fill,w_280,h_210,f_jpg?from=ke.com
20231017,房山,窦店,101120065041,明峻嘉园 4室1厅 南 北房主自荐,430万,22147元/平,顶层 (共5层) | 2013年建 | 4室1厅 | 194.16平米 | 南 北,https://ke-image.ljcdn.com/110000-inspection/4d7d30c7-0b58-4ba2-bc9a-b5b46803986b_1000.jpg!m_fill,w_280,h_210,f_jpg?from=ke.com
20231017,房山,窦店,101120016216,窦店镇提香草堂 花园别墅 环境优美,780万,39556元/平,底层 (共2层) | 2011年建 | 5室3厅 | 197.19平米 | 南 北,https://ke-image.ljcdn.com/110000-inspection/pc1_CU0umQzkp_2.jpg!m_fill,w_280,h_210,f_jpg?from=ke.com
20231017,房山,窦店,101120009391,提香草堂 精装地暖 独栋 独栋 独栋 别墅 钥匙 全院,1433万,44310元/平,底层 (共2层) 6室3厅 | 323.41平米 | 南 北,https://ke-image.ljcdn.com/110000-inspection/pc1_ZRDbPcL5R_2.jpg!m_fill,w_280,h_210,f_jpg?from=ke.com
20231017,房山,窦店,101119990026,世界名园南区  南北通透  正规两居室 采光好,160万,16662元/平,底层 (共6层) | 2011年建 | 2室2厅 | 96.03平米 | 南 北,https://ke-image.ljcdn.com/110000-inspection/f9a8446a-351d-4120-aa74-1220f9272f34_1000.jpg!m_fill,w_280,h_210,f_jpg?from=ke.com
20231017,房山,窦店,101119973604,田家园小区南北通透两居室采光充足无遮挡,163万,19139元/平,中楼层 (共6层) | 2010年建 | 2室1厅 | 85.17平米 | 南 北,https://ke-image.ljcdn.com/110000-inspection/e864c2ed-96a8-41b7-95f6-3ae8f552152e_1000.jpg!m_fill,w_280,h_210,f_jpg?from=ke.com
20231017,房山,窦店,101119960711,山水汇豪苑A区 1室0厅 南,113万,26633元/平,顶层 (共6层) 1室0厅 | 42.43平米 | 南,https://ke-image.ljcdn.com/110000-inspection/pc1_eetN501tT.jpg!m_fill,w_280,h_210,f_jpg?from=ke.com
20231017,房山,窦店,101119960184,京南嘉园 1室1厅 南 北,115万,15485元/平,中楼层 (共6层) | 2009年建 | 1室1厅 | 74.27平米 | 南 北,https://ke-image.ljcdn.com/110000-inspection/pc1_XT2sETDS7_1.jpg!m_fill,w_280,h_210,f_jpg?from=ke.com
20231017,房山,窦店,101119950633,田家园小区 南北通透 中间楼层 采光好房主自荐,129万,17667元/平,中楼层 (共6层) | 2005年建 | 2室1厅 | 73.02平米 | 南 北,https://ke-image.ljcdn.com/110000-inspection/pc1_7HZiUW0NU_1.jpg!m_fill,w_280,h_210,f_jpg?from=ke.com
20231017,房山,窦店,101119919841,明峻嘉园  三室两厅两卫 南北通透,280万,20155元/平,高楼层 (共9层) | 2013年建 | 3室2厅 | 138.93平米 | 南 北,https://ke-image.ljcdn.com/110000-inspection/pc1_CwGPpri9d.jpg!m_fill,w_280,h_210,f_jpg?from=ke.com
20231017,房山,窦店,101119911029,提香草堂 满五唯一 南厅南苑 精装地暖 各类优势都占,860万,35309元/平,底层 (共3层) | 2011年建 | 5室2厅 | 243.57平米 | 南 北,https://ke-image.ljcdn.com/110000-inspection/pc1_tmJZwLIl8.jpg!m_fill,w_280,h_210,f_jpg?from=ke.com
20231017,房山,窦店,101119880269,田家园小区 南北通透 两室一厅 双通透户型 落地窗,150万,15727元/平,高楼层 (共6层) 2室1厅 | 95.38平米 | 南 北,https://ke-image.ljcdn.com/110000-inspection/dd36d97e-b7a9-47f0-a4f3-798e4a735844_1000.jpg!m_fill,w_280,h_210,f_jpg?from=ke.com
20231017,房山,窦店,101119867699,山水汇豪苑A区 1室0厅 南,115万,26371元/平,高楼层 (共6层) | 2003年建 | 1室0厅 | 43.61平米 | 南,https://ke-image.ljcdn.com/110000-inspection/9a3e7fb6-2e72-4aec-b178-94b96e2ddef9_1000.jpg!m_fill,w_280,h_210,f_jpg?from=ke.com
20231017,房山,窦店,101119817595,北京城建琨廷南区 配套齐全 环境优美,178万,20655元/平,中楼层 (共15层) | 2015年建 | 2室2厅 | 86.18平米 | 南 北,https://ke-image.ljcdn.com/110000-inspection/pc1_CuTOznudT_2.jpg!m_fill,w_280,h_210,f_jpg?from=ke.com
20231017,房山,窦店,101119744509,山水汇豪苑A区三居两卫三面朝阳好户型,170万,15306元/平,顶层 (共5层) | 2003年建 | 3室1厅 | 111.07平米 | 南 北,https://ke-image.ljcdn.com/110000-inspection/pc1_qDUuUPZGy_1.jpg!m_fill,w_280,h_210,f_jpg?from=ke.com
20231017,房山,窦店,101119741140,城建琨廷 三阳开泰 把边 全明 毛坯方便装 无遮挡,212万,21022元/平,低楼层 (共15层) | 2014年建 | 3室1厅 | 100.85平米 | 南 北,https://ke-image.ljcdn.com/110000-inspection/32cfe02a-0888-4ea6-9911-70474b47b283_1000.jpg!m_fill,w_280,h_210,f_jpg?from=ke.com
20231017,房山,窦店,101119734258,金鑫苑 精装修 复式户型 南北通透 三居室,155万,11056元/平,高楼层 (共7层) | 2009年建 | 3室2厅 | 140.2平米 | 南 北,https://ke-image.ljcdn.com/110000-inspection/pc1_DNk7khSC5.jpg!m_fill,w_280,h_210,f_jpg?from=ke.com
20231017,房山,窦店,101119720498,田家园小区 3室2厅 南 北,280万,18889元/平,中楼层 (共6层) | 2007年建 | 3室2厅 | 148.24平米 | 南 北,https://ke-image.ljcdn.com/110000-inspection/pc1_3TWXMvAUb_1.jpg!m_fill,w_280,h_210,f_jpg?from=ke.com
20231017,房山,窦店,101119662292,田家园住宅小区南北通透采光充足,160万,17249元/平,高楼层 (共6层) 2室1厅 | 92.76平米 | 南 北,https://ke-image.ljcdn.com/110000-inspection/22825582-abd5-4f8f-b19a-3a76d320d04d_1000.jpg!m_fill,w_280,h_210,f_jpg?from=ke.com
20231017,房山,窦店,101119641462,田家园 南北朝向两居室 精装修 周边配套齐全 看房方便,185万,19073元/平,底层 (共6层) | 2006年建 | 2室1厅 | 97平米 | 南 北,https://ke-image.ljcdn.com/110000-inspection/pc1_Hvv1YnpkZ_1.jpg!m_fill,w_280,h_210,f_jpg?from=ke.com
20231017,房山,窦店,101119632739,世界名园南区 3室2厅 南 北,269万,19405元/平,底层 (共6层) 3室2厅 | 138.63平米 | 南 北,https://ke-image.ljcdn.com/110000-inspection/pc1_fr61rF0hP_2.jpg!m_fill,w_280,h_210,f_jpg?from=ke.com
20231017,房山,窦店,101119591823,金鑫苑南北通透 户型方正 精装修 三居室,178万,14761元/平,底层 (共6层) | 2002年建 | 3室2厅 | 120.59平米 | 南 北,https://ke-image.ljcdn.com/110000-inspection/pc1_iUaSS8br9_2.jpg!m_fill,w_280,h_210,f_jpg?from=ke.com
20231017,房山,窦店,101119588372,缇香别墅 钥匙房 诚意出售 位置好 南厅北苑房主自荐,818万,32572元/平,底层 (共3层) 5室1厅 | 251.14平米 | 南 北,https://ke-image.ljcdn.com/110000-inspection/pc1_WPsopnQIR_1.jpg!m_fill,w_280,h_210,f_jpg?from=ke.com
20231017,房山,窦店,101119562123,提香草堂 花园别墅 独门独院  环境超好,1000万,33393元/平,底层 (共3层) 4室2厅 | 299.47平米 | 南 北,https://ke-image.ljcdn.com/110000-inspection/pc1_o8gTsIrn2_2.jpg!m_fill,w_280,h_210,f_jpg?from=ke.com
20231017,房山,窦店,101119580269,房山区 山水汇豪苑 南北向 一居室,135万,21375元/平,顶层 (共6层) | 2003年建 | 1室1厅 | 63.16平米 | 南 北,https://ke-image.ljcdn.com/110000-inspection/pc1_sBVHSZ5HA_2.jpg!m_fill,w_280,h_210,f_jpg?from=ke.com
20231017,房山,窦店,101119557172,明峻嘉园 3室1厅 南 北,292万,20667元/平,高楼层 (共7层) | 2013年建 | 3室1厅 | 141.29平米 | 南 北,https://ke-image.ljcdn.com/110000-inspection/pc1_Lmz0Oo5kv.jpg!m_fill,w_280,h_210,f_jpg?from=ke.com
20231017,房山,窦店,101119550296,沁馥家园随时可以看户型方正,159万,15825元/平,低楼层 (共6层) 3室1厅 | 100.48平米 | 南 北,https://ke-image.ljcdn.com/110000-inspection/pc1_7ZxIL5tKk_2.jpg!m_fill,w_280,h_210,f_jpg?from=ke.com
20231017,房山,窦店,101119532046,山水汇豪苑B区 3室1厅 南 北,169万,18472元/平,顶层 (共6层) | 2011年建 | 3室1厅 | 91.49平米 | 南 北,https://ke-image.ljcdn.com/110000-inspection/pc1_3KbPkWaGG_1.jpg!m_fill,w_280,h_210,f_jpg?from=ke.com
20231017,房山,窦店,101119520907,沁馥家园 满五唯一 南北通透 采光好 配套齐全,137万,13635元/平,中楼层 (共6层) | 2004年建 | 3室1厅 | 100.48平米 | 南 北,https://ke-image.ljcdn.com/110000-inspection/pc1_E9s74EGd4_1.jpg!m_fill,w_280,h_210,f_jpg?from=ke.com
20231017,房山,窦店,101119494877,满五唯一无户无抵户型方正自住精装修,198万,22230元/平,中楼层 (共15层) | 2014年建 | 2室1厅 | 89.07平米 | 南 北,https://ke-image.ljcdn.com/110000-inspection/pc1_Ykml1f1bi_1.jpg!m_fill,w_280,h_210,f_jpg?from=ke.com
20231017,房山,窦店,101119485225,提香草堂 环境优美 绿化超高 配套方便,650万,35872元/平,底层 (共2层) 4室1厅 | 181.2平米 | 南 北,https://ke-image.ljcdn.com/110000-inspection/pc1_kwTQ9KFWa.jpg!m_fill,w_280,h_210,f_jpg?from=ke.com
20231017,房山,窦店,101119483965,提香草堂 4室2厅 北 南,795万,33358元/平,底层 (共3层) | 2009年建 | 4室2厅 | 238.33平米 | 北 南,https://ke-image.ljcdn.com/110000-inspection/pc1_ky61sqTnH.jpg!m_fill,w_280,h_210,f_jpg?from=ke.com
20231017,房山,窦店,101119466021,北京城建琨廷北区9层毛坯小三居准新房,239万,25098元/平,中楼层 (共15层) | 2014年建 | 3室1厅 | 95.23平米 | 南 北,https://ke-image.ljcdn.com/110000-inspection/pc1_YbBOCV7a5.jpg!m_fill,w_280,h_210,f_jpg?from=ke.com
20231017,房山,窦店,101119419683,山水汇豪苑A区 1室1厅 南 北房主自荐,123万,19475元/平,顶层 (共6层) | 2003年建 | 1室1厅 | 63.16平米 | 南 北,https://ke-image.ljcdn.com/110000-inspection/pc1_5e2FH3VDe.jpg!m_fill,w_280,h_210,f_jpg?from=ke.com
20231017,房山,窦店,101119414601,山水汇豪苑A区 2室1厅 南 北,134万,17761元/平,中楼层 (共5层) | 2003年建 | 2室1厅 | 75.45平米 | 南 北,https://ke-image.ljcdn.com/110000-inspection/pc1_5ACiKzZwR_1.jpg!m_fill,w_280,h_210,f_jpg?from=ke.com
20231017,房山,窦店,101119395872,北京城建琨廷北区南北通透 全明格局 二居室,175万,20442元/平,低楼层 (共15层) | 2014年建 | 2室2厅 | 85.61平米 | 南 北,https://ke-image.ljcdn.com/110000-inspection/pc1_kzZ8w5iNN.jpg!m_fill,w_280,h_210,f_jpg?from=ke.com
20231017,房山,窦店,101119394757,北京城建琨廷漫缇 南北通透二居室 户型方正 业主急售,176万,19854元/平,低楼层 (共18层) | 2016年建 | 2室1厅 | 88.65平米 | 南 北,https://ke-image.ljcdn.com/110000-inspection/pc1_GdHg1SUQk.jpg!m_fill,w_280,h_210,f_jpg?from=ke.com
20231017,房山,窦店,101119394489,北京城建琨廷北区 精装修 眼睛户型三居室 东边户,258万,25583元/平,高楼层 (共15层) | 2014年建 | 3室2厅 | 100.85平米 | 南 北,https://ke-image.ljcdn.com/110000-inspection/pc1_j7x5FmH9p_1.jpg!m_fill,w_280,h_210,f_jpg?from=ke.com
20231017,房山,窦店,101119394232,北京城建琨廷北区 电梯入户三居室 眼睛户型全明格局,280万,24808元/平,高楼层 (共9层) | 2014年建 | 3室1厅 | 112.87平米 | 南 北,https://ke-image.ljcdn.com/110000-inspection/pc1_GhojsSorS_2.jpg!m_fill,w_280,h_210,f_jpg?from=ke.com
20231017,房山,窦店,101119370964,汇景嘉园顶层南北小户型精装房随时看,110万,17980元/平,顶层 (共6层) 1室1厅 | 61.18平米 | 南 北,https://ke-image.ljcdn.com/110000-inspection/pc1_khtawM3Jh_2.jpg!m_fill,w_280,h_210,f_jpg?from=ke.com
20231017,房山,窦店,101119370413,金鑫苑 4室2厅 北 南,246万,15353元/平,顶层 (共6层) | 2002年建 | 4室2厅 | 160.23平米 | 北 南,https://ke-image.ljcdn.com/110000-inspection/pc1_F6kLGkEsp_2.jpg!m_fill,w_280,h_210,f_jpg?from=ke.com
20231017,房山,窦店,101119338592,提香草堂 环境优美 配套方便 绿化超高,899万,38960元/平,底层 (共3层) | 2009年建 | 4室2厅 | 230.75平米 | 南 北,https://ke-image.ljcdn.com/110000-inspection/pc1_2clRld9yn_2.jpg!m_fill,w_280,h_210,f_jpg?from=ke.com
20231017,房山,窦店,101119291194,提香草堂 精装 地暖 南厅南院 湖边 看房预约,880万,32793元/平,底层 (共3层) 5室2厅 | 268.35平米 | 南 北,https://ke-image.ljcdn.com/110000-inspection/pc1_T6Ow2S0tT.jpg!m_fill,w_280,h_210,f_jpg?from=ke.com
20231017,房山,窦店,101119271178,沁园春景 高楼层一居室 精装修 采光好,97万,34252元/平,顶层 (共6层) 1室0厅 | 28.32平米 | 南,https://ke-image.ljcdn.com/110000-inspection/pc1_IrecpnBnz.jpg!m_fill,w_280,h_210,f_jpg?from=ke.com
20231017,房山,窦店,101119262127,琨廷北区8层精装小三居全明格局有钥匙,215万,22577元/平,中楼层 (共15层) | 2014年建 | 3室2厅 | 95.23平米 | 南 北,https://ke-image.ljcdn.com/110000-inspection/pc1_jB629ZcU3_2.jpg!m_fill,w_280,h_210,f_jpg?from=ke.com
20231017,房山,窦店,101119217353,北京城建琨廷北区独立餐厅双卧和客厅朝南双明卫,369万,28389元/平,顶层 (共9层) | 2014年建 | 3室2厅 | 129.98平米 | 南 北,https://ke-image.ljcdn.com/110000-inspection/pc1_0pA6JuoPW_2.jpg!m_fill,w_280,h_210,f_jpg?from=ke.com
20231017,房山,窦店,101119217300,华城家园满五唯一视野好双卫三居客厅方正房主自荐,103万,9016元/平,顶层 (共6层) | 2005年建 | 3室2厅 | 114.25平米 | 南 北,https://ke-image.ljcdn.com/110000-inspection/pc1_XhfNEHtzu_2.jpg!m_fill,w_280,h_210,f_jpg?from=ke.com
20231017,房山,窦店,101119194913,万科幸福汇  南北通透两居室 满五唯一,193万,23857元/平,低楼层 (共15层) 2室1厅 | 80.9平米 | 南 北,https://ke-image.ljcdn.com/110000-inspection/pc1_mSqIOQQNm.jpg!m_fill,w_280,h_210,f_jpg?from=ke.com
20231017,房山,窦店,101119160777,万科幸福汇 3室1厅 南 北,214万,22360元/平,高楼层 (共15层) | 2016年建 | 3室1厅 | 95.71平米 | 南 北,https://ke-image.ljcdn.com/110000-inspection/5c2b5853-4c43-43c4-b1b3-3cdfbfc290c2_1000.jpg!m_fill,w_280,h_210,f_jpg?from=ke.com
20231017,房山,窦店,101119159831,明峻嘉园 3室1厅 南 北,178万,18655元/平,低楼层 (共7层) 3室1厅 | 95.42平米 | 南 北,https://ke-image.ljcdn.com/110000-inspection/pc1_RY33D9uwl_1.jpg!m_fill,w_280,h_210,f_jpg?from=ke.com
20231017,房山,窦店,101119154091,世界名园南区 4室2厅 南 北,275万,20899元/平,顶层 (共6层) 4室2厅 | 131.59平米 | 南 北,https://ke-image.ljcdn.com/110000-inspection/pc1_w0LI7oTil_2.jpg!m_fill,w_280,h_210,f_jpg?from=ke.com
20231017,房山,窦店,101119126825,提香草堂 花园别墅 南花园 大边户,950万,33565元/平,底层 (共3层) 5室2厅 | 283.04平米 | 南 北,https://ke-image.ljcdn.com/110000-inspection/pc1_eXR5eAD7a_2.jpg!m_fill,w_280,h_210,f_jpg?from=ke.com
20231017,房山,窦店,101119115181,世界名园南区 3室2厅 南 北,215万,15392元/平,底层 (共6层) | 2011年建 | 3室2厅 | 139.69平米 | 南 北,https://ke-image.ljcdn.com/110000-inspection/7831a755-8394-427e-81f7-708b7e53229d_1000.jpg!m_fill,w_280,h_210,f_jpg?from=ke.com
20231017,房山,窦店,101119107037,山水汇豪苑A区 中间楼层 三面朝阳户型 采光好,230万,20747元/平,中楼层 (共6层) | 2003年建 | 3室2厅 | 110.86平米 | 南 北,https://ke-image.ljcdn.com/110000-inspection/pc1_dTwGqkMJx_2.jpg!m_fill,w_280,h_210,f_jpg?from=ke.com
20231017,房山,窦店,101119106541,田家园小区 户型方正 位置安静 采光充足,138万,18642元/平,中楼层 (共6层) | 2008年建 | 2室1厅 | 74.03平米 | 南,https://ke-image.ljcdn.com/110000-inspection/pc1_dMsm6241D_1.jpg!m_fill,w_280,h_210,f_jpg?from=ke.com
20231017,房山,窦店,101119097205,世界名园北区 南北通透 两个卫生间 采光好,179万,17066元/平,底层 (共6层) | 2007年建 | 2室2厅 | 104.89平米 | 南 北,https://ke-image.ljcdn.com/110000-inspection/e3f20e30-1795-421e-b907-6ae4ec7c07ba_1000.jpg!m_fill,w_280,h_210,f_jpg?from=ke.com
20231017,房山,窦店,101119090676,北京城建琨廷南区业主诚心出售。,176万,20530元/平,低楼层 (共15层) | 2015年建 | 2室1厅 | 85.73平米 | 南 北,https://ke-image.ljcdn.com/110000-inspection/pc1_rbrFS4KgY.jpg!m_fill,w_280,h_210,f_jpg?from=ke.com
20231017,房山,窦店,101119089647,沁馥家园满五唯一纯两层跃层房,139万,11276元/平,顶层 (共6层) | 2004年建 | 4室2厅 | 123.28平米 | 南 北,https://ke-image.ljcdn.com/110000-inspection/pc1_3CUZbyZdb_2.jpg!m_fill,w_280,h_210,f_jpg?from=ke.com
20231017,房山,窦店,101119085331,沁园春景南北通透视野好出行方便配套齐全,146万,10973元/平,顶层 (共6层) | 2003年建 | 3室2厅 | 133.06平米 | 南 北,https://ke-image.ljcdn.com/110000-inspection/pc1_w3LD124Yw.jpg!m_fill,w_280,h_210,f_jpg?from=ke.com
20231017,房山,窦店,101119079071,沁馥家园 顶层上下两层复式 带平台 单价1万1平,153万,10331元/平,顶层 (共6层) | 2004年建 | 3室2厅 | 148.1平米 | 南 北,https://ke-image.ljcdn.com/110000-inspection/9ecb4241-ae5e-491e-84da-b61a9ae52831_1000.jpg!m_fill,w_280,h_210,f_jpg?from=ke.com
20231017,房山,窦店,101119031300,万科幸福汇 2室1厅 南 北房主自荐,176万,21119元/平,中楼层 (共15层) | 2012年建 | 2室1厅 | 83.34平米 | 南 北,https://ke-image.ljcdn.com/110000-inspection/pc1_OBvspmjqH_1.jpg!m_fill,w_280,h_210,f_jpg?from=ke.com
20231017,房山,窦店,101118968236,北京城建琨廷南区 电梯入户大三居 精装修 带产权车位房主自荐,368万,25503元/平,中楼层 (共5层) 3室2厅 | 144.3平米 | 南 北,https://ke-image.ljcdn.com/110000-inspection/f235b124-06ca-48c7-88e9-c154def21b47_1000.jpg!m_fill,w_280,h_210,f_jpg?from=ke.com
20231017,房山,窦店,101118977623,北京城建琨廷北区 精装 环境优美  花园小区,189万,22126元/平,中楼层 (共15层) | 2014年建 | 2室1厅 | 85.42平米 | 南 北,https://ke-image.ljcdn.com/110000-inspection/pc1_r6PLSAtjH_2.jpg!m_fill,w_280,h_210,f_jpg?from=ke.com
20231017,房山,窦店,101118951762,世界名园南区 3室2厅 南 北,213万,15862元/平,中楼层 (共6层) | 2011年建 | 3室2厅 | 134.29平米 | 南 北,https://ke-image.ljcdn.com/110000-inspection/c592599c-da7a-4ad0-a072-c68df8507a17_1000.jpg!m_fill,w_280,h_210,f_jpg?from=ke.com
20231017,房山,窦店,101118932900,世界名园南区大两居正规两居室相对便宜的好房子,206万,18593元/平,底层 (共6层) | 2011年建 | 2室2厅 | 110.8平米 | 南 北,https://ke-image.ljcdn.com/110000-inspection/206b1ed4-983b-4591-87ea-0258206f3145_1000.jpg!m_fill,w_280,h_210,f_jpg?from=ke.com
20231017,房山,窦店,101118868484,明峻嘉园  电梯洋房  户型方正 采光好,186万,13945元/平,顶层 (共7层) | 2013年建 | 3室1厅 | 133.39平米 | 南,https://ke-image.ljcdn.com/110000-inspection/pc1_CvkFRXlm0_2.jpg!m_fill,w_280,h_210,f_jpg?from=ke.com
20231017,房山,窦店,101118866825,北京城建琨廷南区 满五唯一 南北通透 采光充足,215万,27970元/平,顶层 (共6层) 4室2厅 | 76.87平米 | 南 北,https://ke-image.ljcdn.com/110000-inspection/33d16a94-fc4a-4056-9fa8-2cc564af58c0_1000.jpg!m_fill,w_280,h_210,f_jpg?from=ke.com
20231017,房山,窦店,101118844499,华城家园 2室1厅 南 北,140万,15215元/平,底层 (共6层) | 2005年建 | 2室1厅 | 92.02平米 | 南 北,https://ke-image.ljcdn.com/110000-inspection/a60c1767-f843-4dd7-bc30-784c7ffd86f3_1000.jpg!m_fill,w_280,h_210,f_jpg?from=ke.com
20231017,房山,窦店,101118837596,总高7层电梯花园洋房全屋红木家具带新风系,279万,24406元/平,低楼层 (共7层) | 2013年建 | 3室2厅 | 114.32平米 | 南 北,https://ke-image.ljcdn.com/110000-inspection/e2f3890a-ead3-449f-b0c5-b416d5b4d408_1000.jpg!m_fill,w_280,h_210,f_jpg?from=ke.com
20231017,房山,窦店,101118795765,山水汇豪苑A区 3室2厅 南 北,192万,13812元/平,顶层 (共6层) | 2003年建 | 3室2厅 | 139.01平米 | 南 北,https://ke-image.ljcdn.com/110000-inspection/pc1_vqdy4SOhy_1.jpg!m_fill,w_280,h_210,f_jpg?from=ke.com
20231017,房山,窦店,101118793928,沁园春景  一室一厅 看房方便,137万,22830元/平,底层 (共6层) | 2004年建 | 1室1厅 | 60.01平米 | 南 北,https://ke-image.ljcdn.com/110000-inspection/4a011180-9b57-4fd8-9022-17bfa6658cfa_1000.jpg!m_fill,w_280,h_210,f_jpg?from=ke.com
20231017,房山,窦店,101118752097,窦店镇提香草堂 环境优美 配套齐全,799万,33320元/平,底层 (共3层) | 2009年建 | 4室3厅 | 239.8平米 | 南 北,https://ke-image.ljcdn.com/110000-inspection/pc1_jqErIQbir_2.jpg!m_fill,w_280,h_210,f_jpg?from=ke.com
20231017,房山,窦店,101118731628,田家园住宅小区三居室户型方正房主自荐,168万,14775元/平,顶层 (共6层) | 2007年建 | 3室2厅 | 113.71平米 | 南 北,https://ke-image.ljcdn.com/110000-inspection/pc1_2w93A55eB_2.jpg!m_fill,w_280,h_210,f_jpg?from=ke.com
20231017,房山,窦店,101118691096,山水汇豪苑B区 3室2厅 南 东 北,260万,21561元/平,底层 (共15层) | 2011年建 | 3室2厅 | 120.59平米 | 南 东 北,https://ke-image.ljcdn.com/110000-inspection/pc1_QNU23Ji6G_1.jpg!m_fill,w_280,h_210,f_jpg?from=ke.com
20231017,房山,窦店,101118660578,金鑫苑 全明 把边 价格好聊 主要是把边全明 钥匙,184万,9300元/平,高楼层 (共7层) | 2007年建 | 6室1厅 | 197.86平米 | 南 北,https://ke-image.ljcdn.com/110000-inspection/pc1_QK4LWqDOA_1.jpg!m_fill,w_280,h_210,f_jpg?from=ke.com
20231017,房山,窦店,101118648722,北京城建琨廷南区 独立入户 满五唯一 原票344万,326万,24748元/平,底层 (共9层) | 2015年建 | 3室1厅 | 131.73平米 | 南 北,https://ke-image.ljcdn.com/110000-inspection/pc1_ZpKGtQNuR.jpg!m_fill,w_280,h_210,f_jpg?from=ke.com
20231017,房山,窦店,101118631418,北京城建琨廷北区 楼上那层能打开 满五唯一 眼镜户型房主自荐,176万,21208元/平,顶层 (共15层) | 2014年建 | 2室1厅 | 82.99平米 | 南 北,https://ke-image.ljcdn.com/110000-inspection/pc1_HnCLGFaHQ_2.jpg!m_fill,w_280,h_210,f_jpg?from=ke.com
20231017,房山,窦店,101118612072,田家园小区南北通透无遮挡两居,165万,17120元/平,中楼层 (共6层) 3室1厅 | 96.38平米 | 南 北,https://ke-image.ljcdn.com/110000-inspection/pc1_qGW4Oopvz_1.jpg!m_fill,w_280,h_210,f_jpg?from=ke.com
20231017,房山,窦店,101118589780,世界名园南区 2室2厅 南 北房主自荐,159万,17878元/平,顶层 (共6层) 2室2厅 | 88.94平米 | 南 北,https://ke-image.ljcdn.com/110000-inspection/23455ef5-27bf-4471-91ef-bf5bcafc1c66_1000.jpg!m_fill,w_280,h_210,f_jpg?from=ke.com
20231017,房山,窦店,101118588232,山水汇豪苑B区南北通透电梯房,146万,16805元/平,底层 (共15层) | 2011年建 | 2室1厅 | 86.88平米 | 南 北,https://ke-image.ljcdn.com/110000-inspection/097bb2b7-93f3-4f50-8066-59043ac5f23f_1000.jpg!m_fill,w_280,h_210,f_jpg?from=ke.com
20231017,房山,窦店,101118570955,琨廷北区五层小三居厅带阳台明厨明卫精装房主自荐,199万,20897元/平,低楼层 (共15层) | 2014年建 | 3室1厅 | 95.23平米 | 南 北,https://ke-image.ljcdn.com/110000-inspection/a8f379ad-7725-460d-be6a-80a32a629e53_1000.jpg!m_fill,w_280,h_210,f_jpg?from=ke.com
20231017,房山,窦店,101118523759,京南嘉园 2室1厅 南 北,158万,16587元/平,底层 (共6层) 2室1厅 | 95.26平米 | 南 北,https://ke-image.ljcdn.com/110000-inspection/51883247-193d-404c-a874-58d6419b49b1_1000.jpg!m_fill,w_280,h_210,f_jpg?from=ke.com
20231017,房山,窦店,101118464680,琨廷北区电梯入户大三居双厅双卫全明格局三阳,348万,27207元/平,低楼层 (共9层) | 2014年建 | 3室2厅 | 127.91平米 | 南 北,https://ke-image.ljcdn.com/110000-inspection/pc1_Ua1qJ7YDC.jpg!m_fill,w_280,h_210,f_jpg?from=ke.com
20231017,房山,窦店,101118456768,田家园小区 南北朝向 精装修 满五唯一 配套齐全,120万,16439元/平,顶层 (共6层) | 2005年建 | 2室1厅 | 73平米 | 南 北,https://ke-image.ljcdn.com/110000-inspection/pc1_ObbMnDRnT.jpg!m_fill,w_280,h_210,f_jpg?from=ke.com
20231017,房山,窦店,101118453358,明峻嘉园 4室1厅 南 北,240万,17899元/平,顶层 (共7层) | 2013年建 | 4室1厅 | 134.09平米 | 南 北,https://ke-image.ljcdn.com/110000-inspection/pc1_7dNUwFv1G.jpg!m_fill,w_280,h_210,f_jpg?from=ke.com
20231017,房山,窦店,101118426123,万科幸福汇 南北通透三居 精装修 户型方正 配套齐全房主自荐,208万,22023元/平,低楼层 (共15层) | 2014年建 | 3室1厅 | 94.45平米 | 南 北,https://ke-image.ljcdn.com/110000-inspection/pc1_6BuvchzMl_1.jpg!m_fill,w_280,h_210,f_jpg?from=ke.com
20231017,房山,窦店,101118425652,沁园.春景家园 正规一居室南北通透,128万,20776元/平,顶层 (共6层) | 2004年建 | 1室1厅 | 61.61平米 | 南 北,https://ke-image.ljcdn.com/110000-inspection/pc1_gMAg69P4V.jpg!m_fill,w_280,h_210,f_jpg?from=ke.com
20231017,房山,窦店,101118422635,提香草堂 花园洋房 环境优美 对着湖,206万,19195元/平,顶层 (共4层) | 2007年建 | 2室2厅 | 107.32平米 | 南 北,https://ke-image.ljcdn.com/110000-inspection/pc1_zqtWQtfT3_2.jpg!m_fill,w_280,h_210,f_jpg?from=ke.com
20231017,房山,窦店,101118419932,提香草堂 精装拎包 北厅北苑 看房方便 诚意出售,896万,33325元/平,底层 (共3层) 5室2厅 | 268.87平米 | 南 北,https://ke-image.ljcdn.com/110000-inspection/pc1_Y6UVfgP2B_1.jpg!m_fill,w_280,h_210,f_jpg?from=ke.com
20231017,房山,窦店,101118417133,提香草堂 花园别墅区洋房 环境优美,240万,21716元/平,中楼层 (共4层) | 2007年建 | 2室1厅 | 110.52平米 | 南 北,https://ke-image.ljcdn.com/110000-inspection/5a741dc2-e370-42c8-b154-f0510fc91e8d_1000.jpg!m_fill,w_280,h_210,f_jpg?from=ke.com
20231017,房山,窦店,101118413530,提香草堂 精装 独栋 湖边 值得一看 原票675万,5003万,83682元/平,底层 (共2层) 8室3厅 | 597.86平米 | 南 北,https://ke-image.ljcdn.com/110000-inspection/pc1_7M2YgcG4R_2.jpg!m_fill,w_280,h_210,f_jpg?from=ke.com
20231017,房山,窦店,101118391692,沁馥家园低楼层两居室采光好前后无遮挡诚心出售,129万,14611元/平,低楼层 (共6层) | 2004年建 | 2室1厅 | 88.29平米 | 西北,https://ke-image.ljcdn.com/110000-inspection/pc1_2AuoQHAYe.jpg!m_fill,w_280,h_210,f_jpg?from=ke.com
20231017,房山,窦店,101118387359,万科幸福汇 2室1厅 南 北,189万,24154元/平,低楼层 (共8层) | 2015年建 | 2室1厅 | 78.25平米 | 南 北,https://ke-image.ljcdn.com/110000-inspection/pc1_tFtBRB4cr_1.jpg!m_fill,w_280,h_210,f_jpg?from=ke.com
20231017,房山,窦店,101118341762,北京城建琨廷北区通透户型毛坯按照自己想法装修,430万,30519元/平,顶层 (共9层) | 2014年建 | 3室2厅 | 140.9平米 | 南 北,https://ke-image.ljcdn.com/110000-inspection/pc1_o7xsvyk0n_1.jpg!m_fill,w_280,h_210,f_jpg?from=ke.com
20231017,房山,窦店,101118341114,京南嘉园大两居南北通透满五唯一业主诚心出售,155万,15777元/平,中楼层 (共6层) | 2004年建 | 2室2厅 | 98.25平米 | 南 北,https://ke-image.ljcdn.com/110000-inspection/pc1_sVccfjAMm_2.jpg!m_fill,w_280,h_210,f_jpg?from=ke.com
20231017,房山,窦店,101118291214,提香草堂 南厅南院 双拼别墅 阳光充足 大花园,800万,34642元/平,底层 (共3层) | 2009年建 | 4室2厅 | 230.94平米 | 北,https://ke-image.ljcdn.com/110000-inspection/pc1_Hvat7oQ31_2.jpg!m_fill,w_280,h_210,f_jpg?from=ke.com
20231017,房山,窦店,101118267154,北京城建琨廷北区电梯入户高层三居全明,310万,28350元/平,高楼层 (共9层) 3室2厅 | 109.35平米 | 南 北,https://ke-image.ljcdn.com/110000-inspection/pc1_4ZGCZBz0u_2.jpg!m_fill,w_280,h_210,f_jpg?from=ke.com
20231017,房山,窦店,101118234080,田家园小区 2室1厅 南 北,180万,18353元/平,高楼层 (共6层) | 2005年建 | 2室1厅 | 98.08平米 | 南 北,https://ke-image.ljcdn.com/110000-inspection/pc1_BDJeNOsvU_2.jpg!m_fill,w_280,h_210,f_jpg?from=ke.com
20231017,房山,窦店,101118226375,满五唯一 99新顶层带隔楼 精装修 拎包入住,270万,26594元/平,顶层 (共15层) | 2014年建 | 3室2厅 | 101.53平米 | 南 北,https://ke-image.ljcdn.com/110000-inspection/pc1_cumZn5GzM_2.jpg!m_fill,w_280,h_210,f_jpg?from=ke.com
20231017,房山,窦店,101118215622,山水汇豪苑A区-两居双卫有两层诚心急售！,142万,18821元/平,顶层 (共5层) 2室1厅 | 75.45平米 | 南 北,https://ke-image.ljcdn.com/110000-inspection/pc1_ER789ecvn_2.jpg!m_fill,w_280,h_210,f_jpg?from=ke.com
20231017,房山,窦店,101118191635,北京城建琨廷南区视野宽阔采光充足无遮挡满2年房主自荐,779万,22432元/平,底层 (共6层) | 2015年建 | 7室3厅 | 347.28平米 | 南,https://ke-image.ljcdn.com/110000-inspection/pc1_QwfWvErVT_2.jpg!m_fill,w_280,h_210,f_jpg?from=ke.com
20231017,房山,窦店,101118188169,窦店镇提香草堂 能种菜 北花园 走过路过 不要错过,579万,32060元/平,底层 (共2层) | 2005年建 | 3室2厅 | 180.6平米 | 南 北,https://ke-image.ljcdn.com/110000-inspection/pc1_acpd1qgEM_2.jpg!m_fill,w_280,h_210,f_jpg?from=ke.com
20231017,房山,窦店,101118166550,金鑫苑 复式 上下两层 视野好 房主诚心出售 看房方便,165万,10273元/平,顶层 (共6层) | 2002年建 | 4室2厅 | 160.63平米 | 南 北,https://ke-image.ljcdn.com/110000-inspection/pc1_KeTTIHb1U.jpg!m_fill,w_280,h_210,f_jpg?from=ke.com
20231017,房山,窦店,101118165204,提香草堂 5室1厅 南 北 东,750万,37083元/平,底层 (共3层) | 2005年建 | 5室1厅 | 202.25平米 | 南 北 东,https://ke-image.ljcdn.com/110000-inspection/pc1_2SVq4O7nx_2.jpg!m_fill,w_280,h_210,f_jpg?from=ke.com
20231017,房山,窦店,101118158175,山水汇豪苑B区 2室1厅 南 北房主自荐,170万,21514元/平,顶层 (共6层) | 2011年建 | 2室1厅 | 79.02平米 | 南 北,https://ke-image.ljcdn.com/110000-inspection/pc1_nA71Wt359_2.jpg!m_fill,w_280,h_210,f_jpg?from=ke.com
20231017,房山,窦店,101118153456,北京城建琨廷南区 4室2厅 南 北房主自荐,598万,34150元/平,中楼层 (共6层) | 2015年建 | 4室2厅 | 175.11平米 | 南 北,https://ke-image.ljcdn.com/110000-inspection/pc1_EreRbIXJT_1.jpg!m_fill,w_280,h_210,f_jpg?from=ke.com
20231017,房山,窦店,101118137374,房山窦店天地新城三居室三房朝南房主自荐,154万,13477元/平,顶层 (共6层) | 2004年建 | 4室1厅 | 114.27平米 | 南 北,https://ke-image.ljcdn.com/110000-inspection/pc1_SlMyOJ6Ke_1.jpg!m_fill,w_280,h_210,f_jpg?from=ke.com
20231017,房山,窦店,101118124501,山水汇豪苑A区 3室1厅 东 南 北,235万,17820元/平,低楼层 (共6层) | 2007年建 | 3室1厅 | 131.88平米 | 东 南 北,https://ke-image.ljcdn.com/110000-inspection/pc1_8FyuuJwsm.jpg!m_fill,w_280,h_210,f_jpg?from=ke.com
20231017,房山,窦店,101118122848,北京城建▪琨廷漫缇 三阳户型 精装修 一层带下跃,460万,21342元/平,底层 (共8层) | 2016年建 | 3室1厅 | 215.54平米 | 南 北,https://ke-image.ljcdn.com/110000-inspection/pc1_X06hJbFzv.jpg!m_fill,w_280,h_210,f_jpg?from=ke.com
20231017,房山,窦店,101118119022,北京城建琨廷漫缇双卫三居室户型方正采光好,293万,24626元/平,中楼层 (共8层) | 2013年建 | 3室1厅 | 118.98平米 | 南 北,https://ke-image.ljcdn.com/110000-inspection/42be9ad2-7017-4fa8-9c28-b28bd0f3ec7a_1000.jpg!m_fill,w_280,h_210,f_jpg?from=ke.com
20231017,房山,窦店,101118105666,万科幸福汇 2室1厅 南 北,182万,22497元/平,顶层 (共15层) | 2012年建 | 2室1厅 | 80.9平米 | 南 北,https://ke-image.ljcdn.com/110000-inspection/pc1_h4MfyEu7q.jpg!m_fill,w_280,h_210,f_jpg?from=ke.com
20231017,房山,窦店,101118104852,北京城建琨廷北区业主诚心出售看房方便。,185万,21552元/平,低楼层 (共15层) | 2014年建 | 2室1厅 | 85.84平米 | 南 北,https://ke-image.ljcdn.com/110000-inspection/pc1_W9OCvcNa7_1.jpg!m_fill,w_280,h_210,f_jpg?from=ke.com
20231017,房山,窦店,101118103608,沁馥家园 视野开阔 采光好 满五唯一,182万,12330元/平,顶层 (共6层) | 2004年建 | 3室2厅 | 147.61平米 | 南 北,https://ke-image.ljcdn.com/110000-inspection/pc1_4urG7nFVQ_2.jpg!m_fill,w_280,h_210,f_jpg?from=ke.com
20231017,房山,窦店,101118102833,北京城建琨廷漫缇 精装 两居 高楼层 电梯房,187万,21116元/平,中楼层 (共18层) | 2016年建 | 2室1厅 | 88.56平米 | 南 北,https://ke-image.ljcdn.com/110000-inspection/pc1_AFfOGS1GS.jpg!m_fill,w_280,h_210,f_jpg?from=ke.com
20231017,房山,窦店,101118095704,北京城建琨廷南区中低楼层精装修电梯房,215万,25079元/平,低楼层 (共15层) | 2015年建 | 2室1厅 | 85.73平米 | 南 北,https://ke-image.ljcdn.com/110000-inspection/pc1_1vn0Kh4Am_1.jpg!m_fill,w_280,h_210,f_jpg?from=ke.com
20231017,房山,窦店,101118084700,北京城建琨廷北区精装修2居2层电梯房,170万,19909元/平,低楼层 (共15层) | 2014年建 | 2室1厅 | 85.39平米 | 南 北,https://ke-image.ljcdn.com/110000-inspection/pc1_kO8HBUy2u_1.jpg!m_fill,w_280,h_210,f_jpg?from=ke.com
20231017,房山,窦店,101118080090,沁园.春景 满五唯一 精装修 拎包入住 交通生活方便房主自荐,155万,12161元/平,顶层 (共6层) | 2005年建 | 3室2厅 | 127.46平米 | 南 北,https://ke-image.ljcdn.com/110000-inspection/pc1_7sLeR62t0_1.jpg!m_fill,w_280,h_210,f_jpg?from=ke.com
20231017,房山,窦店,101118053310,北京城建琨廷漫缇 配套齐全 环境优美,303万,26255元/平,底层 (共7层) | 2016年建 | 3室1厅 | 115.41平米 | 南 北,https://ke-image.ljcdn.com/110000-inspection/pc1_YK923k1fp_2.jpg!m_fill,w_280,h_210,f_jpg?from=ke.com
20231017,房山,窦店,101118052971,北京城建琨廷漫缇 环境优美 配套齐全,183万,20643元/平,高楼层 (共18层) | 2016年建 | 2室1厅 | 88.65平米 | 南 北,https://ke-image.ljcdn.com/110000-inspection/547d9f90-b88c-4b16-a3a8-335df5f29391_1000.jpg!m_fill,w_280,h_210,f_jpg?from=ke.com
20231017,房山,窦店,101118051730,北京城建琨廷南区 环境优美 配套齐全,433万,30089元/平,顶层 (共5层) | 2015年建 | 3室2厅 | 143.91平米 | 南 北,https://ke-image.ljcdn.com/110000-inspection/pc1_nKw5vI0pq_1.jpg!m_fill,w_280,h_210,f_jpg?from=ke.com
20231017,房山,窦店,101118049389,独栋别墅精装修挨着35万平米高尔夫。12万平米水域！房主自荐,1760万,60277元/平,底层 (共3层) 6室4厅 | 291.99平米 | 东 南 西 北,https://ke-image.ljcdn.com/110000-inspection/pc1_5enhMYIjR_1.jpg!m_fill,w_280,h_210,f_jpg?from=ke.com
20231017,房山,窦店,101118040260,田家园小区 3室1厅 南 北,156万,17958元/平,中楼层 (共6层) | 2003年建 | 3室1厅 | 86.87平米 | 南 北,https://ke-image.ljcdn.com/110000-inspection/7a7a6ad7-af2f-4ff9-82c7-e6c62d779b5d_1000.jpg!m_fill,w_280,h_210,f_jpg?from=ke.com
20231017,房山,窦店,101118039885,万科幸福汇 3室2厅 南 北,315万,26896元/平,顶层 (共5层) | 2015年建 | 3室2厅 | 117.12平米 | 南 北,https://ke-image.ljcdn.com/110000-inspection/pc1_tdKNnfIDa_1.jpg!m_fill,w_280,h_210,f_jpg?from=ke.com
20231017,房山,窦店,101118021140,北京城建琨廷北区 一层下跃 户型方正 业主诚心出售,450万,19386元/平,底层 (共9层) | 2014年建 | 5室2厅 | 232.13平米 | 南 北,https://ke-image.ljcdn.com/110000-inspection/pc1_CPYPe5nzR.jpg!m_fill,w_280,h_210,f_jpg?from=ke.com
20231017,房山,窦店,101118002909,沁园.春景家园2室1厅随时可看,131万,13698元/平,顶层 (共6层) 2室1厅 | 95.64平米 | 东南,https://ke-image.ljcdn.com/110000-inspection/pc1_2ckfcy0u0_1.jpg!m_fill,w_280,h_210,f_jpg?from=ke.com
20231017,房山,窦店,101117993994,沁园春景满五唯一看房方便南北通透采光好房主自荐,132万,16676元/平,高楼层 (共6层) | 2005年建 | 2室1厅 | 79.16平米 | 南 北,https://ke-image.ljcdn.com/110000-inspection/pc1_8rWQMxwuJ_1.jpg!m_fill,w_280,h_210,f_jpg?from=ke.com
20231017,房山,窦店,101117988798,沁园.春景家园一层2居高于地面半层有储藏室,175万,20461元/平,底层 (共6层) | 2005年建 | 2室1厅 | 85.53平米 | 南 北,https://ke-image.ljcdn.com/110000-inspection/pc1_hXUQFDckN_1.jpg!m_fill,w_280,h_210,f_jpg?from=ke.com
20231017,房山,窦店,101117988769,沁园春景满五唯一南北通透一居室采光好,129万,21515元/平,顶层 (共6层) | 2005年建 | 1室1厅 | 59.96平米 | 南 北,https://ke-image.ljcdn.com/110000-inspection/pc1_zVze4RuPK_1.jpg!m_fill,w_280,h_210,f_jpg?from=ke.com
20231017,房山,窦店,101117986548,金鑫苑业主诚心出售采光充足。,245万,11496元/平,顶层 (共6层) | 2002年建 | 5室2厅 | 213.12平米 | 南 北,https://ke-image.ljcdn.com/110000-inspection/pc1_ozyF1Mlex.jpg!m_fill,w_280,h_210,f_jpg?from=ke.com
20231017,房山,窦店,101117978686,沁园.春景家园南北通透温馨一居室,128万,24047元/平,高楼层 (共6层) 1室1厅 | 53.23平米 | 北 南,https://ke-image.ljcdn.com/110000-inspection/pc1_LZAn8eg7J_1.jpg!m_fill,w_280,h_210,f_jpg?from=ke.com
20231017,房山,窦店,101117946842,田家园小区 南北通透 精装修 满五唯一 拎包住,200万,22218元/平,底层 (共6层) | 2008年建 | 2室1厅 | 90.02平米 | 南 北,https://ke-image.ljcdn.com/110000-inspection/pc1_HmT2XH6hJ.jpg!m_fill,w_280,h_210,f_jpg?from=ke.com
20231017,房山,窦店,101117903123,房山区窦店沁园.春景一居室南北通透采光好,112万,18268元/平,顶层 (共6层) | 2005年建 | 1室1厅 | 61.31平米 | 南 北,https://ke-image.ljcdn.com/110000-inspection/pc1_YuLTmg6BZ.jpg!m_fill,w_280,h_210,f_jpg?from=ke.com
20231017,房山,窦店,101117894172,北京城建琨廷漫缇 南北通透 户型方正 精装修,245万,23173元/平,中楼层 (共18层) | 2013年建 | 3室1厅 | 105.73平米 | 南 北,https://ke-image.ljcdn.com/110000-inspection/pc1_Tzsw7ZPL2_2.jpg!m_fill,w_280,h_210,f_jpg?from=ke.com
20231017,房山,窦店,101117884880,世界名园北区 3室1厅 东 西房主自荐,195万,15807元/平,顶层 (共6层) | 2009年建 | 3室1厅 | 123.37平米 | 东 西,https://ke-image.ljcdn.com/110000-inspection/pc1_8zV4aycH7_2.jpg!m_fill,w_280,h_210,f_jpg?from=ke.com
20231017,房山,窦店,101117819487,北京城建琨廷北区3居精装修南北通透满五唯一有电梯,328万,25658元/平,低楼层 (共9层) | 2014年建 | 3室2厅 | 127.84平米 | 南 北,https://ke-image.ljcdn.com/110000-inspection/pc1_FO8g7lKvS_1.jpg!m_fill,w_280,h_210,f_jpg?from=ke.com
20231017,房山,窦店,101117815615,房山窦店 高速口 交通便利 装修好 户型好 值得一看,450万,24919元/平,顶层 (共7层) 4室2厅 | 180.59平米 | 南 北,https://ke-image.ljcdn.com/110000-inspection/pc1_mKaIareAW_2.jpg!m_fill,w_280,h_210,f_jpg?from=ke.com
20231017,房山,窦店,101117765636,窦店镇 提香草堂 环境优美 配套齐全,880万,33208元/平,底层 (共3层) 4室2厅 | 265平米 | 南 北,https://ke-image.ljcdn.com/110000-inspection/pc1_Qg4XEhqwT_2.jpg!m_fill,w_280,h_210,f_jpg?from=ke.com
20231017,房山,窦店,101117762646,北京城建琨廷漫缇 3室2厅 南 北,285万,22408元/平,低楼层 (共8层) | 2016年建 | 3室2厅 | 127.19平米 | 南 北,https://ke-image.ljcdn.com/110000-inspection/pc1_AI3AB3ycu_1.jpg!m_fill,w_280,h_210,f_jpg?from=ke.com
20231017,房山,窦店,101117721860,房山窦店提香草堂 以环境打造别墅 以别墅造生活,920万,40142元/平,底层 (共3层) 7室3厅 | 229.19平米 | 南 北,https://ke-image.ljcdn.com/110000-inspection/pc1_JrUfg6mAs.jpg!m_fill,w_280,h_210,f_jpg?from=ke.com
20231017,房山,窦店,101117698646,提香草堂 南厅北苑 毛坯 位置好诚意出售 钥匙看房方便,820万,34327元/平,底层 (共3层) 4室2厅 | 238.88平米 | 南 北,https://ke-image.ljcdn.com/110000-inspection/pc1_lEaBDqHvp.jpg!m_fill,w_280,h_210,f_jpg?from=ke.com
20231017,房山,窦店,101117674140,城建琨廷东区 满五唯一 业主诚心出售,223万,22788元/平,中楼层 (共5层) | 2013年建 | 3室1厅 | 97.86平米 | 南 北,https://ke-image.ljcdn.com/110000-inspection/pc1_2azviHlTD_1.jpg!m_fill,w_280,h_210,f_jpg?from=ke.com
20231017,房山,窦店,101117660295,洋房小三居全明景观位置现状好,210万,20807元/平,低楼层 (共6层) | 2015年建 | 3室2厅 | 100.93平米 | 南 北,https://ke-image.ljcdn.com/110000-inspection/pc1_DTXsiYqe3_1.jpg!m_fill,w_280,h_210,f_jpg?from=ke.com
20231017,房山,窦店,101117616878,提香草堂 联排边户 精装错层 采光好于其它 视野也好,729万,37115元/平,底层 (共3层) | 2011年建 | 4室2厅 | 196.42平米 | 南 北,https://ke-image.ljcdn.com/110000-inspection/pc1_AxuHR8Bdx.jpg!m_fill,w_280,h_210,f_jpg?from=ke.com
20231017,房山,窦店,101117388241,提香草堂 别墅区 环境优美 配套齐全,610万,34236元/平,底层 (共2层) 4室2厅 | 178.18平米 | 南 北,https://ke-image.ljcdn.com/110000-inspection/pc1_ckS5Cw1yo_2.jpg!m_fill,w_280,h_210,f_jpg?from=ke.com
20231017,房山,窦店,101117244927,田家园小区 2室1厅 南 北,170万,18413元/平,顶层 (共6层) | 2007年建 | 2室1厅 | 92.33平米 | 南 北,https://ke-image.ljcdn.com/110000-inspection/pc1_TG7qKKXdx_1.jpg!m_fill,w_280,h_210,f_jpg?from=ke.com
20231017,房山,窦店,101117234920,万科幸福汇南北通透两居室电梯房,185万,22048元/平,高楼层 (共15层) 2室1厅 | 83.91平米 | 南 北,https://ke-image.ljcdn.com/110000-inspection/pc1_yxqJEJkvy_1.jpg!m_fill,w_280,h_210,f_jpg?from=ke.com
20231017,房山,窦店,101117212610,金鑫苑 南北通透 视野开阔 精装修 采光好,210万,13147元/平,顶层 (共6层) 4室2厅 | 159.74平米 | 南 北,https://ke-image.ljcdn.com/110000-inspection/pc1_fS638ufPe.jpg!m_fill,w_280,h_210,f_jpg?from=ke.com
20231017,房山,窦店,101117181996,田家园小区 2室1厅 西南,145万,19587元/平,高楼层 (共6层) | 2008年建 | 2室1厅 | 74.03平米 | 西南,https://ke-image.ljcdn.com/110000-inspection/9008977a-37f1-4e01-9ba9-670d124a176f_1000.jpg!m_fill,w_280,h_210,f_jpg?from=ke.com
20231017,房山,窦店,101117169800,北京城建琨廷北区 眼睛户型 精装修三居室 诚心出售,218万,21703元/平,底层 (共15层) | 2014年建 | 3室1厅 | 100.45平米 | 南 北,https://ke-image.ljcdn.com/110000-inspection/pc1_jt4lEkUk4_2.jpg!m_fill,w_280,h_210,f_jpg?from=ke.com
20231017,房山,窦店,101117088867,世界名园北区 南北通透3居 满五唯一 有电梯 配套齐全,225万,16407元/平,低楼层 (共6层) | 2007年建 | 3室2厅 | 137.14平米 | 南 北,https://ke-image.ljcdn.com/110000-inspection/pc1_WcPlPu75V_2.jpg!m_fill,w_280,h_210,f_jpg?from=ke.com
20231017,房山,窦店,101117045795,山水汇豪苑A区 3室2厅 南 北,179万,16423元/平,低楼层 (共6层) | 2007年建 | 3室2厅 | 109平米 | 南 北,https://ke-image.ljcdn.com/110000-inspection/3d45b375-1976-4ef5-b9e5-dc34af0fe5f4_1000.jpg!m_fill,w_280,h_210,f_jpg?from=ke.com
20231017,房山,窦店,101117045425,提香草堂 满五唯一 南厅南院 双拼 精装  5米挑空房主自荐,896万,34866元/平,底层 (共3层) | 2006年建 | 4室2厅 | 256.99平米 | 南 北,https://ke-image.ljcdn.com/110000-inspection/pc1_VJ0aaDmgN_2.jpg!m_fill,w_280,h_210,f_jpg?from=ke.com
20231017,房山,窦店,101117019656,京南嘉园 南北通透4居 满五唯一 中间楼层 采光好,168万,10696元/平,高楼层 (共6层) | 2003年建 | 4室2厅 | 157.07平米 | 南 北,https://ke-image.ljcdn.com/110000-inspection/pc1_6GQLcZkWu.jpg!m_fill,w_280,h_210,f_jpg?from=ke.com
20231017,房山,窦店,101117006280,世界名园D区 3室2厅 南 北,290万,14322元/平,顶层 (共9层) 3室2厅 | 202.49平米 | 南 北,https://ke-image.ljcdn.com/110000-inspection/pc1_CJKyv03Mj_2.jpg!m_fill,w_280,h_210,f_jpg?from=ke.com
20231017,房山,窦店,101116811191,万科幸福汇  南北通透三居室  满五唯一,245万,24540元/平,底层 (共15层) | 2016年建 | 3室1厅 | 99.84平米 | 南 北,https://ke-image.ljcdn.com/110000-inspection/pc1_KpSHUVZ8l_1.jpg!m_fill,w_280,h_210,f_jpg?from=ke.com
20231017,房山,窦店,101116750090,窦店镇提香草堂 配套齐全 环境优美,249万,23202元/平,顶层 (共4层) | 2007年建 | 2室1厅 | 107.32平米 | 南 北,https://ke-image.ljcdn.com/110000-inspection/pc1_dA6uWENlD_2.jpg!m_fill,w_280,h_210,f_jpg?from=ke.com
20231017,房山,窦店,101116698377,京南嘉园 2室1厅 南 北,200万,18981元/平,底层 (共6层) | 2005年建 | 2室1厅 | 105.37平米 | 南 北,https://ke-image.ljcdn.com/110000-inspection/5163a6ed-015e-43f7-a4d0-67c0e6eb05c6_1000.jpg!m_fill,w_280,h_210,f_jpg?from=ke.com
20231017,房山,窦店,101116678707,北京城建琨廷南区 配套齐全 环境优美,218万,22804元/平,中楼层 (共15层) | 2015年建 | 3室1厅 | 95.6平米 | 南 北,https://ke-image.ljcdn.com/110000-inspection/07d169b4-0949-4d4c-82f6-604d45ae9529_1000.jpg!m_fill,w_280,h_210,f_jpg?from=ke.com
20231017,房山,窦店,101116442179,北京城建琨廷南区 2室1厅 南 北,199万,23213元/平,低楼层 (共15层) 2室1厅 | 85.73平米 | 南 北,https://ke-image.ljcdn.com/110000-inspection/pc1_djnALoDe3.jpg!m_fill,w_280,h_210,f_jpg?from=ke.com
20231017,房山,窦店,101116379975,世界名园南区南北通透宽敞型两居室采光好房子保持好,166万,15702元/平,中楼层 (共6层) | 2011年建 | 2室1厅 | 105.72平米 | 南 北,https://ke-image.ljcdn.com/110000-inspection/53991894-85a7-4f51-9fe4-c52a89e52333_1000.jpg!m_fill,w_280,h_210,f_jpg?from=ke.com
20231017,房山,窦店,101116348322,城建琨廷北区 南北通透 全明格局 采光充足 视野开阔,220万,22408元/平,中楼层 (共9层) | 2014年建 | 3室1厅 | 98.18平米 | 南 北,https://ke-image.ljcdn.com/110000-inspection/pc1_5rNSIYRs7.jpg!m_fill,w_280,h_210,f_jpg?from=ke.com
20231017,房山,窦店,101116317110,窦店镇提香草堂 配套成熟 环境优美房主自荐,1500万,55048元/平,底层 (共3层) 6室4厅 | 272.49平米 | 南 北,https://ke-image.ljcdn.com/110000-inspection/pc1_T7fz5rpJJ_2.jpg!m_fill,w_280,h_210,f_jpg?from=ke.com
20231017,房山,窦店,101116046065,提香草堂满五唯一精装修双拼别墅,820万,34654元/平,底层 (共3层) | 2009年建 | 4室2厅 | 236.63平米 | 南 北,https://ke-image.ljcdn.com/110000-inspection/pc1_KMbp0Xohu_2.jpg!m_fill,w_280,h_210,f_jpg?from=ke.com
20231017,房山,窦店,101115799399,北京城建琨廷南区  上下两层 南北通透 采光好,499万,19802元/平,底层 (共5层) | 2015年建 | 4室4厅 | 252平米 | 南 北,https://ke-image.ljcdn.com/110000-inspection/pc1_6h9UJ6uks.jpg!m_fill,w_280,h_210,f_jpg?from=ke.com
20231017,房山,窦店,101115696088,窦店镇 提香草堂  环境优美 周边配套齐全,630万,32165元/平,底层 (共3层) | 2011年建 | 3室2厅 | 195.87平米 | 南 北,https://ke-image.ljcdn.com/110000-inspection/pc1_WrjOP1dVH_2.jpg!m_fill,w_280,h_210,f_jpg?from=ke.com
20231017,房山,窦店,101115525779,山水汇豪苑A区 3室1厅 南 北,216万,19485元/平,顶层 (共6层) | 2003年建 | 3室1厅 | 110.86平米 | 南 北,https://ke-image.ljcdn.com/110000-inspection/pc1_e9u7wC1KX_2.jpg!m_fill,w_280,h_210,f_jpg?from=ke.com
20231017,房山,窦店,101115508979,田家园小区 满五唯一！业主诚心出售,190万,12460元/平,顶层 (共6层) | 2003年建 | 4室2厅 | 152.49平米 | 南 北,https://ke-image.ljcdn.com/110000-inspection/pc1_OiI71wDRS.jpg!m_fill,w_280,h_210,f_jpg?from=ke.com
20231017,房山,窦店,101115448259,窦店镇提香草堂 配套齐全 环境优美,880万,32730元/平,底层 (共3层) | 2005年建 | 5室2厅 | 268.87平米 | 南 北,https://ke-image.ljcdn.com/110000-inspection/pc1_JF2jqJ6MM_2.jpg!m_fill,w_280,h_210,f_jpg?from=ke.com
20231017,房山,窦店,101115376251,山水汇豪苑B区 2室1厅 南 北,110万,14463元/平,顶层 (共6层) | 2011年建 | 2室1厅 | 76.06平米 | 南 北,https://ke-image.ljcdn.com/110000-inspection/16b12cf1-eb09-4204-a0f4-251d902611b0_1000.jpg!m_fill,w_280,h_210,f_jpg?from=ke.com
20231017,房山,窦店,101115267187,南北通透 三居室  全明格局 位置好业主急售房主自荐,199万,20836元/平,低楼层 (共14层) | 2014年建 | 3室1厅 | 95.51平米 | 南 北,https://ke-image.ljcdn.com/110000-inspection/821c6e0f-0bc9-4af2-96db-2470cefdba41_1000.jpg!m_fill,w_280,h_210,f_jpg?from=ke.com
20231017,房山,窦店,101114917815,城建琨廷北区 南北通透3居精装修 全明格局 满五唯一,230万,24337元/平,低楼层 (共9层) 3室1厅 | 94.51平米 | 南 北,https://ke-image.ljcdn.com/110000-inspection/186b0ae8-bbae-4533-8bc3-f309162c0645_1000.jpg!m_fill,w_280,h_210,f_jpg?from=ke.com
20231017,房山,窦店,101114865380,提香草堂 地上3层联排别墅 客厅朝南 满五唯一 环境好,640万,32587元/平,底层 (共3层) | 2011年建 | 4室2厅 | 196.4平米 | 南 北,https://ke-image.ljcdn.com/110000-inspection/pc1_HUWJXOCSP_1.jpg!m_fill,w_280,h_210,f_jpg?from=ke.com
20231017,房山,窦店,101114787379,窦店镇提香草堂 环境优美 配套齐全,1788万,63181元/平,底层 (共2层) | 2009年建 | 6室2厅 | 283平米 | 南 北,https://ke-image.ljcdn.com/110000-inspection/pc1_fJn4Xtp8o_2.jpg!m_fill,w_280,h_210,f_jpg?from=ke.com
20231017,房山,窦店,101114647598,缇香别墅 南厅南苑 着重看苑 满五唯一,980万,36651元/平,底层 (共3层) 5室2厅 | 267.39平米 | 南 北,https://ke-image.ljcdn.com/110000-inspection/pc1_weD4EhxO6_2.jpg!m_fill,w_280,h_210,f_jpg?from=ke.com
20231017,房山,窦店,101114224309,提香草堂 4室2厅 南 北,840万,36651元/平,底层 (共3层) | 2005年建 | 4室2厅 | 229.19平米 | 南 北,https://ke-image.ljcdn.com/110000-inspection/pc1_0n9kVpQcU_2.jpg!m_fill,w_280,h_210,f_jpg?from=ke.com
20231017,房山,窦店,101114115816,北京城建琨廷北区下跃大户型精装随时看,460万,24134元/平,底层 (共9层) | 2014年建 | 5室3厅 | 190.61平米 | 南 北,https://ke-image.ljcdn.com/110000-inspection/pc1_NGTrh4Kza_1.jpg!m_fill,w_280,h_210,f_jpg?from=ke.com
20231017,房山,窦店,101113906817,京南嘉园南北通透一居室满五年唯一诚意出售,119万,15453元/平,顶层 (共6层) 1室1厅 | 77.01平米 | 南 北,https://ke-image.ljcdn.com/110000-inspection/pc1_ystzXPNZs.jpg!m_fill,w_280,h_210,f_jpg?from=ke.com
20231017,房山,窦店,101113824012,提香草堂联排别墅南北通透4个房间满五年唯一,880万,32033元/平,底层 (共3层) 4室2厅 | 274.72平米 | 南 北,https://ke-image.ljcdn.com/110000-inspection/pc1_jE3y2cMoQ.jpg!m_fill,w_280,h_210,f_jpg?from=ke.com
20231017,房山,窦店,101113764994,提香草堂联排别墅精装修南北通透,899万,35797元/平,底层 (共3层) | 2006年建 | 4室2厅 | 251.14平米 | 南 北,https://ke-image.ljcdn.com/110000-inspection/pc1_29UmaH24Q_2.jpg!m_fill,w_280,h_210,f_jpg?from=ke.com
20231017,房山,窦店,101113408135,田家园小区南北通透两居室中间楼层采光无遮拦,183万,19821元/平,中楼层 (共6层) | 2007年建 | 2室1厅 | 92.33平米 | 南 北,https://ke-image.ljcdn.com/110000-inspection/pc1_jtlrw9vEa.jpg!m_fill,w_280,h_210,f_jpg?from=ke.com
20231017,房山,窦店,101113211595,琨廷北区大三居毛坯房有钥匙三南全明双卫户型,330万,25800元/平,高楼层 (共9层) | 2014年建 | 3室2厅 | 127.91平米 | 南 北,https://ke-image.ljcdn.com/110000-inspection/6e895609-5f29-4a27-8486-76bca677ed39_1000.jpg!m_fill,w_280,h_210,f_jpg?from=ke.com
20231017,房山,窦店,101113156723,复式房    厨房有窗户  户型方正  采光充足,216万,11963元/平,顶层 (共6层) 4室2厅 | 180.56平米 | 南 北,https://ke-image.ljcdn.com/110000-inspection/c12327b2-2e30-48b0-bb9e-a64e14fed121_1000.jpg!m_fill,w_280,h_210,f_jpg?from=ke.com
20231017,房山,窦店,101112990314,山水汇豪苑A区 2室1厅 南 北,139万,18708元/平,顶层 (共6层) | 2003年建 | 2室1厅 | 74.3平米 | 南 北,https://ke-image.ljcdn.com/110000-inspection/pc1_vEYG94VJH_1.jpg!m_fill,w_280,h_210,f_jpg?from=ke.com
20231017,房山,窦店,101112985181,天地新城两居户型好采光好南北户型,145万,17829元/平,顶层 (共6层) | 2007年建 | 2室1厅 | 81.33平米 | 南 北,https://ke-image.ljcdn.com/110000-inspection/pc1_EWtFegpHd.jpg!m_fill,w_280,h_210,f_jpg?from=ke.com
20231017,房山,窦店,101112409851,山水汇豪苑A区   南北通透   大三居,169万,15702元/平,顶层 (共6层) | 2007年建 | 3室1厅 | 107.63平米 | 南 北,https://ke-image.ljcdn.com/110000-inspection/pc1_SOD1iKBVw_2.jpg!m_fill,w_280,h_210,f_jpg?from=ke.com
20231017,房山,窦店,101112397939,汇丰街3号院 复式结构 楼层高视野好 精装修 原100万,200万,16247元/平,顶层 (共6层) | 2007年建 | 3室2厅 | 123.1平米 | 南 北,https://ke-image.ljcdn.com/110000-inspection/pc1_14ca6plZT_2.jpg!m_fill,w_280,h_210,f_jpg?from=ke.com
20231017,房山,窦店,101110790280,提香草堂 5室3厅 南 北房主自荐,850万,37088元/平,底层 (共3层) | 2005年建 | 5室3厅 | 229.19平米 | 南 北,https://ke-image.ljcdn.com/110000-inspection/2fc7b45d-c416-4efb-83ed-33a7ee578bdf_1000.jpg!m_fill,w_280,h_210,f_jpg?from=ke.com
20231017,房山,窦店,101121513725,世界名园北区 3室1厅 南 北新上,240万,17342元/平,底层 (共6层) | 2007年建 | 3室1厅 | 138.4平米 | 南 北,https://s1.ljcdn.com/pegasus/redskull/images/common/default_house_list.png?_v=20231010164459658
20231017,房山,窦店,101121512052,北京城建琨廷北区边户采光好电梯入户有独立餐厅新上,260万,23797元/平,中楼层 (共9层) 3室2厅 | 109.26平米 | 南 北,https://s1.ljcdn.com/pegasus/redskull/images/common/default_house_list.png?_v=20231010164459658
20231017,房山,窦店,101121509469,金鑫苑 3室2厅 南 北新上,135万,12133元/平,高楼层 (共6层) | 2009年建 | 3室2厅 | 111.27平米 | 南 北,https://s1.ljcdn.com/pegasus/redskull/images/common/default_house_list.png?_v=20231010164459658
20231017,房山,窦店,101121509194,世界名园D区 2室1厅 南 北新上,148万,14983元/平,高楼层 (共9层) 2室1厅 | 98.78平米 | 南 北,https://s1.ljcdn.com/pegasus/redskull/images/common/default_house_list.png?_v=20231010164459658
20231017,房山,窦店,101121502002,山水汇豪苑A区 2室1厅 南 北新上,145万,18717元/平,中楼层 (共5层) 2室1厅 | 77.47平米 | 南 北,https://s1.ljcdn.com/pegasus/redskull/images/common/default_house_list.png?_v=20231010164459658
20231017,房山,窦店,101121493400,北京城建琨廷北区 2室1厅 南 北新上,185万,20771元/平,高楼层 (共15层) | 2014年建 | 2室1厅 | 89.07平米 | 南 北,https://s1.ljcdn.com/pegasus/redskull/images/common/default_house_list.png?_v=20231010164459658
20231017,房山,窦店,101121488926,田家园小区 2室1厅 南 北新上,135万,18673元/平,高楼层 (共7层) 2室1厅 | 72.3平米 | 南 北,https://s1.ljcdn.com/pegasus/redskull/images/common/default_house_list.png?_v=20231010164459658
20231017,房山,窦店,101121483604,金鑫苑小区3居双卫 南北通透 中间楼层 采光好新上,150万,12439元/平,中楼层 (共6层) 3室2厅 | 120.59平米 | 南 北,https://s1.ljcdn.com/pegasus/redskull/images/common/default_house_list.png?_v=20231010164459658
20231017,房山,窦店,101121460342,田家园小区 2室2厅 北新上,149万,15137元/平,中楼层 (共6层) | 2006年建 | 2室2厅 | 98.44平米 | 北,https://s1.ljcdn.com/pegasus/redskull/images/common/default_house_list.png?_v=20231010164459658
20231017,房山,窦店,101121459402,万科幸福汇 2室2厅 南 北新上,169万,19240元/平,低楼层 (共11层) | 2012年建 | 2室2厅 | 87.84平米 | 南 北,https://s1.ljcdn.com/pegasus/redskull/images/common/default_house_list.png?_v=20231010164459658
20231017,房山,窦店,101121452070,房山区 沁园春景 优质1居 满五唯一新上,112万,18268元/平,中楼层 (共6层) | 2005年建 | 1室1厅 | 61.31平米 | 南 北,https://s1.ljcdn.com/pegasus/redskull/images/common/default_house_list.png?_v=20231010164459658
20231017,房山,窦店,101121438181,金鑫苑 5室2厅 南 北新上,135万,8657元/平,顶层 (共6层) | 2009年建 | 5室2厅 | 155.96平米 | 南 北,https://s1.ljcdn.com/pegasus/redskull/images/common/default_house_list.png?_v=20231010164459658
20231017,房山,窦店,101121437100,金鑫苑 3室2厅 南 北新上,135万,9630元/平,高楼层 (共7层) 3室2厅 | 140.2平米 | 南 北,https://s1.ljcdn.com/pegasus/redskull/images/common/default_house_list.png?_v=20231010164459658
20231017,房山,窦店,101121427165,田家园小区 2室1厅 南 北新上,180万,19996元/平,底层 (共6层) | 2003年建 | 2室1厅 | 90.02平米 | 南 北,https://s1.ljcdn.com/pegasus/redskull/images/common/default_house_list.png?_v=20231010164459658
20231017,房山,窦店,101121398481,田家园小区 2室1厅 南 北,150万,16441元/平,顶层 (共6层) 2室1厅 | 91.24平米 | 南 北,https://s1.ljcdn.com/pegasus/redskull/images/common/default_house_list.png?_v=20231010164459658
20231017,房山,窦店,101121390239,京南嘉园 1室1厅 南 北,115万,15059元/平,顶层 (共6层) 1室1厅 | 76.37平米 | 南 北,https://s1.ljcdn.com/pegasus/redskull/images/common/default_house_list.png?_v=20231010164459658
20231017,房山,窦店,101121385432,田家园小区 1室1厅 南 北,99万,26177元/平,中楼层 (共6层) 1室1厅 | 37.82平米 | 南 北,https://s1.ljcdn.com/pegasus/redskull/images/common/default_house_list.png?_v=20231010164459658
20231017,房山,窦店,101121345629,万科幸福汇 2室2厅 南 北房主自荐,175万,20999元/平,中楼层 (共15层) | 2012年建 | 2室2厅 | 83.34平米 | 南 北,https://s1.ljcdn.com/pegasus/redskull/images/common/default_house_list.png?_v=20231010164459658
20231017,房山,窦店,101121338745,田家园小区 2室1厅 南 北,150万,17612元/平,中楼层 (共6层) | 2010年建 | 2室1厅 | 85.17平米 | 南 北,https://s1.ljcdn.com/pegasus/redskull/images/common/default_house_list.png?_v=20231010164459658
20231017,房山,窦店,101121266346,北京城建琨廷南区 二层三居室 满五唯一,360万,25011元/平,中楼层 (共5层) 3室2厅 | 143.94平米 | 南 北,https://s1.ljcdn.com/pegasus/redskull/images/common/default_house_list.png?_v=20231010164459658
20231017,房山,窦店,101121163213,万科幸福汇 南北通透 一层带活动空间 采光好 位置安静,210万,25461元/平,底层 (共8层) | 2015年建 | 2室1厅 | 82.48平米 | 南 北,https://s1.ljcdn.com/pegasus/redskull/images/common/default_house_list.png?_v=20231010164459658
20231017,房山,窦店,101121139760,田家园小区 5室2厅 南 北,225万,14803元/平,顶层 (共6层) 5室2厅 | 152平米 | 南 北,https://s1.ljcdn.com/pegasus/redskull/images/common/default_house_list.png?_v=20231010164459658
20231017,房山,窦店,101120913769,世界名园D区 3室1厅 南 北,235万,15907元/平,中楼层 (共9层) 3室1厅 | 147.74平米 | 南 北,https://s1.ljcdn.com/pegasus/redskull/images/common/default_house_list.png?_v=20231010164459658
20231017,房山,窦店,101120777575,世界名园南区 好谈 诚意度高 装修好 带电梯大两居室,163万,15356元/平,中楼层 (共6层) | 2011年建 | 2室2厅 | 106.15平米 | 南 北,https://s1.ljcdn.com/pegasus/redskull/images/common/default_house_list.png?_v=20231010164459658
20231017,房山,窦店,101117578188,北京城建琨廷南区 车位,12万,3531元/平,地下室 (共2层) 1室0厅 | 33.99平米 | 东,https://ke-image.ljcdn.com/110000-inspection/5cbe9aede19ece0f614cee07558a32d3-032.jpg!m_fill,w_280,h_210,f_jpg?from=ke.com
20231017,房山,窦店,101117578159,北京城建琨廷南区 车位,12万,3459元/平,地下室 (共2层) 1室0厅 | 34.7平米 | 东,https://ke-image.ljcdn.com/110000-inspection/691500dda9d0dd52edf58106b769e367-083.jpg!m_fill,w_280,h_210,f_jpg?from=ke.com
20231017,房山,窦店,101115813132,城关琨廷北区地下产权车位出售,12万,4776元/平,地下室 | 2014年建 | 1室0厅 | 25.13平米 | 东 西,https://ke-image.ljcdn.com/110000-inspection/cd2b8f763d7ebbb5d1256a8d85cafcc0-060.jpg!m_fill,w_280,h_210,f_jpg?from=ke.com
