20230918,西城,马连道,101120975076,靠近丽泽商务区、满五年唯一、南北通透近地铁必看好房,620万,68170元/平,高楼层 (共6层) | 1996年建 | 3室2厅 | 90.95平米 | 南 北,https://ke-image.ljcdn.com/110000-inspection/pc1_AA8fJ7AeR_1.jpg!m_fill,w_280,h_210,f_jpg?from=ke.com
20230918,西城,马连道,101120963986,马连道中里一区精装修诚心出售随时可签必看好房,730万,93065元/平,中楼层 (共18层) | 1999年建 | 2室1厅 | 78.44平米 | 东 南 北,https://ke-image.ljcdn.com/110000-inspection/pc1_ol0AkxqW9.jpg!m_fill,w_280,h_210,f_jpg?from=ke.com
20230918,西城,马连道,101120912183,达官营 三义东里 有厅 双阳台 双地铁 有电梯  视野好必看好房,590万,99010元/平,中楼层 (共16层) 2室1厅 | 59.59平米 | 西北,https://ke-image.ljcdn.com/110000-inspection/pc1_JAAkj1vmx_1.jpg!m_fill,w_280,h_210,f_jpg?from=ke.com
20230918,西城,马连道,101120904282,西城区 太平里 带电梯2居室 满五年唯一 楼龄新必看好房,760万,99935元/平,中楼层 (共16层) 2室2厅 | 76.05平米 | 西南,https://ke-image.ljcdn.com/110000-inspection/pc1_lZUCk0VRM_1.jpg!m_fill,w_280,h_210,f_jpg?from=ke.com
20230918,西城,马连道,101120841248,红莲中里 东南正规两居 带电梯 楼龄新 物业管理好必看好房,684万,113660元/平,低楼层 (共18层) | 1996年建 | 2室1厅 | 60.18平米 | 东南,https://ke-image.ljcdn.com/110000-inspection/pc1_F2exa5vwh.jpg!m_fill,w_280,h_210,f_jpg?from=ke.com
20230918,西城,马连道,101121029276,西城红莲北里 中间层全南向两居室 满五唯一 业主诚售新上,570万,112183元/平,中楼层 (共6层) | 1983年建 | 2室1厅 | 50.81平米 | 南,https://ke-image.ljcdn.com/110000-inspection/pc1_pgj5XEAsj.jpg!m_fill,w_280,h_210,f_jpg?from=ke.com
20230918,西城,马连道,101120857827,马连道中里 满五年唯一正规一居 楼龄新环境好 临地铁,506万,99666元/平,底层 (共3层) 1室1厅 | 50.77平米 | 东 西 北,https://ke-image.ljcdn.com/110000-inspection/pc1_we9pRoN9m.jpg!m_fill,w_280,h_210,f_jpg?from=ke.com
20230918,西城,马连道,101120690900,西城 临地铁 商品房 塔板结构 格调小区必看好房,645万,114504元/平,中楼层 (共23层) | 2007年建 | 1室1厅 | 56.33平米 | 北,https://ke-image.ljcdn.com/110000-inspection/pc1_tKJFZEqYA.jpg!m_fill,w_280,h_210,f_jpg?from=ke.com
20230918,西城,马连道,101120546961,红莲中里 有燃气 楼层好 冶金家属院 楼龄新 达官营站必看好房,425万,134070元/平,中楼层 (共6层) | 1991年建 | 1室0厅 | 31.7平米 | 南,https://ke-image.ljcdn.com/110000-inspection/pc1_RTz82AhwW.jpg!m_fill,w_280,h_210,f_jpg?from=ke.com
20230918,西城,马连道,101120538662,红莲北里 楼层低进出方便 无遮挡必看好房,435万,130396元/平,底层 (共6层) | 1983年建 | 1室1厅 | 33.36平米 | 南,https://ke-image.ljcdn.com/110000-inspection/pc1_vTG5rXj7J.jpg!m_fill,w_280,h_210,f_jpg?from=ke.com
20230918,西城,马连道,101120533937,马连道欣园东路 2室1厅 南 北必看好房,379万,67643元/平,底层 (共6层) | 1993年建 | 2室1厅 | 56.03平米 | 南 北,https://ke-image.ljcdn.com/110000-inspection/pc1_S99lmsRS2_1.jpg!m_fill,w_280,h_210,f_jpg?from=ke.com
20230918,西城,马连道,101120524103,西城广外 红莲中里 满五唯一  诚心出售 随时签约,598万,101736元/平,低楼层 (共16层) 2室1厅 | 58.78平米 | 东南,https://ke-image.ljcdn.com/110000-inspection/pc1_qLg9c04kH.jpg!m_fill,w_280,h_210,f_jpg?from=ke.com
20230918,西城,马连道,101120516637,红莲南里 南北两居室 楼层好 采光好 视野开阔 不临街,575万,106266元/平,低楼层 (共6层) | 1987年建 | 2室1厅 | 54.11平米 | 南 北,https://ke-image.ljcdn.com/110000-inspection/pc1_aVDkCCxue_1.jpg!m_fill,w_280,h_210,f_jpg?from=ke.com
20230918,西城,马连道,101120351601,此房满五唯一高楼层视野采光无遮挡必看好房,879万,98720元/平,低楼层 (共23层) 2室2厅 | 89.04平米 | 南 北,https://ke-image.ljcdn.com/110000-inspection/pc1_X0KbATElk.jpg!m_fill,w_280,h_210,f_jpg?from=ke.com
20230918,西城,马连道,101120321153,馨莲茗园南北通透3居室1梯2户板楼。必看好房,1340万,92306元/平,低楼层 (共15层) | 2003年建 | 3室1厅 | 145.17平米 | 南 北,https://ke-image.ljcdn.com/110000-inspection/pc1_Peuxcfr4u.jpg!m_fill,w_280,h_210,f_jpg?from=ke.com
20230918,西城,马连道,101120244489,西城区 常青藤嘉园 南向两居室 满五年唯一必看好房,729万,109394元/平,中楼层 (共22层) 2室0厅 | 66.64平米 | 南,https://ke-image.ljcdn.com/110000-inspection/pc1_3H1EnM59p_1.jpg!m_fill,w_280,h_210,f_jpg?from=ke.com
20230918,西城,马连道,101120098492,红莲中里明厨明卫两居 中间层东西通透 满五年唯一,595万,96906元/平,中楼层 (共6层) | 1986年建 | 2室1厅 | 61.4平米 | 东 西,https://ke-image.ljcdn.com/110000-inspection/pc1_fVukF6KQ4.jpg!m_fill,w_280,h_210,f_jpg?from=ke.com
20230918,西城,马连道,101120000381,西城区正规两居楼龄新采光好必看好房,510万,85029元/平,高楼层 (共7层) 2室1厅 | 59.98平米 | 西,https://ke-image.ljcdn.com/110000-inspection/pc1_gffCSOqtB.jpg!m_fill,w_280,h_210,f_jpg?from=ke.com
20230918,西城,马连道,101119920300,西城广外 马中里 楼龄新 精装修 中间层 业主诚售,589万,93537元/平,中楼层 (共5层) | 1996年建 | 2室1厅 | 62.97平米 | 东 西,https://ke-image.ljcdn.com/110000-inspection/pc1_g832JxhJM.jpg!m_fill,w_280,h_210,f_jpg?from=ke.com
20230918,西城,马连道,101119858399,西城广外 格调小区 高楼层 视野无遮挡  近地铁7号线,658万,116812元/平,中楼层 (共23层) | 2007年建 | 1室1厅 | 56.33平米 | 北,https://ke-image.ljcdn.com/110000-inspection/pc1_Gqf4bGwYl.jpg!m_fill,w_280,h_210,f_jpg?from=ke.com
20230918,西城,马连道,101119579277,红莲晴园有车位满五年成本价房没遮挡不临街,1435万,113691元/平,低楼层 (共22层) | 2000年建 | 3室2厅 | 126.22平米 | 东南,https://ke-image.ljcdn.com/110000-inspection/pc1_HSwYrJpAh.jpg!m_fill,w_280,h_210,f_jpg?from=ke.com
20230918,西城,马连道,101119287880,西城楼龄新1998年 价格可谈 随时签约 配套齐全必看好房,458万,92339元/平,中楼层 (共7层) 1室1厅 | 49.6平米 | 东 西,https://ke-image.ljcdn.com/110000-inspection/pc1_NLQu3ub5b.jpg!m_fill,w_280,h_210,f_jpg?from=ke.com
20230918,西城,马连道,101118937879,：此房满五年唯一东南向三居高楼层采光视野好必看好房,1230万,102672元/平,高楼层 (共28层) 3室1厅 | 119.8平米 | 东南,https://ke-image.ljcdn.com/110000-inspection/pc1_SIUXOhBby.jpg!m_fill,w_280,h_210,f_jpg?from=ke.com
20230918,西城,马连道,101118658214,马连道中里房本满五年房改房有电梯可组合贷款,575万,100613元/平,底层 (共18层) | 1995年建 | 2室1厅 | 57.15平米 | 西南,https://ke-image.ljcdn.com/110000-inspection/pc1_1efzHRNwe_1.jpg!m_fill,w_280,h_210,f_jpg?from=ke.com
20230918,西城,马连道,101118549959,红莲南里近莲花池公园 中间楼层 南北全明 精装2居必看好房,545万,100313元/平,中楼层 (共7层) | 1991年建 | 2室1厅 | 54.33平米 | 南 北,https://ke-image.ljcdn.com/110000-inspection/pc1_Hnn56VQu8_1.jpg!m_fill,w_280,h_210,f_jpg?from=ke.com
20230918,西城,马连道,101118490763,优质好房！西城区欧园 西南向大两居室 可当三居房主自荐,949万,103682元/平,低楼层 (共25层) | 2003年建 | 2室1厅 | 91.53平米 | 西南,https://ke-image.ljcdn.com/110000-inspection/pc1_gzg3yyqMA.jpg!m_fill,w_280,h_210,f_jpg?from=ke.com
20230918,西城,马连道,101117425258,西城 丽泽商圈纯商品房小区人车分流必看好房,820万,83064元/平,中楼层 (共27层) 2室1厅 | 98.72平米 | 东南 北,https://ke-image.ljcdn.com/110000-inspection/pc1_SwDsEIxVd.jpg!m_fill,w_280,h_210,f_jpg?from=ke.com
20230918,西城,马连道,101117304095,红莲北里南北通透两居室  业主诚心出售,589万,100137元/平,顶层 (共6层) 2室1厅 | 58.82平米 | 南 北,https://ke-image.ljcdn.com/110000-inspection/pc1_QnbgFw3NU.jpg!m_fill,w_280,h_210,f_jpg?from=ke.com
20230918,西城,马连道,101116648077,依莲轩  东南两居室   满五唯一  诚心出售,1039万,110485元/平,中楼层 (共26层) | 2000年建 | 2室1厅 | 94.04平米 | 东南,https://ke-image.ljcdn.com/110000-inspection/pc1_OaBxDkpnh.jpg!m_fill,w_280,h_210,f_jpg?from=ke.com
20230918,西城,马连道,101116470658,红莲小区中里 正规三居室  满五年唯一 诚心出售,695万,95141元/平,顶层 (共6层) | 1989年建 | 3室1厅 | 73.05平米 | 南 北,https://ke-image.ljcdn.com/110000-inspection/pc1_lMJgoCeEa.jpg!m_fill,w_280,h_210,f_jpg?from=ke.com
20230918,西城,马连道,101115423001,马连道 湾子地铁 马连道路5号院 南北 半地下 两居,410万,71892元/平,地下室 (共6层) | 1990年建 | 2室1厅 | 57.03平米 | 南 北,https://ke-image.ljcdn.com/110000-inspection/pc1_pAlQaLE0v.jpg!m_fill,w_280,h_210,f_jpg?from=ke.com
20230918,西城,马连道,101115252069,西城 广外 2003年商品房小区 全南双卫 两居室 无遮挡,1150万,116740元/平,低楼层 (共28层) | 2003年建 | 2室1厅 | 98.51平米 | 南,https://ke-image.ljcdn.com/110000-inspection/pc1_gH6OSybyk.jpg!m_fill,w_280,h_210,f_jpg?from=ke.com
20230918,西城,马连道,101114506509,三义东里 全朝南 大户型 两居室房主自荐,755万,96056元/平,顶层 (共14层) 2室1厅 | 78.6平米 | 西南,https://ke-image.ljcdn.com/110000-inspection/pc1_D2BUDgSJ2.jpg!m_fill,w_280,h_210,f_jpg?from=ke.com
20230918,西城,马连道,101121100244,红莲南里 南向一居室 满五唯一 有钥匙 业主诚意出售新上,460万,102840元/平,中楼层 (共7层) | 1991年建 | 1室1厅 | 44.73平米 | 南,https://ke-image.ljcdn.com/110000-inspection/pc1_wyUOAH0WD.jpg!m_fill,w_280,h_210,f_jpg?from=ke.com
20230918,西城,马连道,101121030757,马连道北里 南北两居 满五年唯一 七号线地铁必看好房,563万,103646元/平,中楼层 (共6层) 2室1厅 | 54.32平米 | 南 北,https://ke-image.ljcdn.com/110000-inspection/pc1_vFRHDqRpT.jpg!m_fill,w_280,h_210,f_jpg?from=ke.com
20230918,西城,马连道,101121026349,常青藤嘉园 3室1厅 西南必看好房,1399万,103293元/平,高楼层 (共22层) 3室1厅 | 135.44平米 | 西南,https://ke-image.ljcdn.com/110000-inspection/pc1_q9KVCrKmU.jpg!m_fill,w_280,h_210,f_jpg?from=ke.com
20230918,西城,马连道,101120838411,马连道中里 正规两居 看房随时 楼龄新带电梯 邻地铁必看好房,619万,92430元/平,低楼层 (共18层) | 1999年建 | 2室1厅 | 66.97平米 | 西南,https://ke-image.ljcdn.com/110000-inspection/pc1_NNzm9BODu.jpg!m_fill,w_280,h_210,f_jpg?from=ke.com
20230918,西城,马连道,101120760253,红莲南里有车位南北通透精装修不临街没遮挡,770万,113269元/平,中楼层 (共6层) | 1984年建 | 3室1厅 | 67.98平米 | 南 北,https://ke-image.ljcdn.com/110000-inspection/pc1_dfzzNtsTA.jpg!m_fill,w_280,h_210,f_jpg?from=ke.com
20230918,西城,马连道,101120749970,此房满五唯一 楼层高 视野好 精装修南北通透 有车位必看好房,528万,85896元/平,顶层 (共6层) | 1983年建 | 2室1厅 | 61.47平米 | 南 北,https://ke-image.ljcdn.com/110000-inspection/pc1_3PjkXK1DN.jpg!m_fill,w_280,h_210,f_jpg?from=ke.com
20230918,西城,马连道,101120685000,红莲晴园 落地窗大两居 双卫 视野开阔必看好房,1148万,85564元/平,高楼层 (共20层) | 2006年建 | 2室1厅 | 134.17平米 | 东,https://ke-image.ljcdn.com/110000-inspection/pc1_IF1TA5bYx.jpg!m_fill,w_280,h_210,f_jpg?from=ke.com
20230918,西城,马连道,101120639830,二环外丽泽商务区南北通透一居室必看好房,299万,67863元/平,低楼层 (共6层) | 1996年建 | 1室1厅 | 44.06平米 | 南 北,https://ke-image.ljcdn.com/110000-inspection/pc1_B4cKDvnA6_1.jpg!m_fill,w_280,h_210,f_jpg?from=ke.com
20230918,西城,马连道,101120556234,西城区 马连道 依莲轩 朝东南 两居必看好房,995万,93939元/平,中楼层 (共24层) | 2001年建 | 2室1厅 | 105.92平米 | 东南,https://ke-image.ljcdn.com/110000-inspection/pc1_cyJ6sJUiX.jpg!m_fill,w_280,h_210,f_jpg?from=ke.com
20230918,西城,马连道,101120176489,三义西里 南北两居 只有契税 随时签约,580万,106775元/平,顶层 (共5层) 2室1厅 | 54.32平米 | 南 北,https://ke-image.ljcdn.com/110000-inspection/pc1_zT1H8RVOM.jpg!m_fill,w_280,h_210,f_jpg?from=ke.com
20230918,西城,马连道,101119267703,马连道南街1号院满五唯一复式 业主诚心出售必看好房,1598万,74388元/平,高楼层 (共24层) 4室2厅 | 214.82平米 | 西南 北,https://ke-image.ljcdn.com/110000-inspection/pc1_KtKHkzbYS.jpg!m_fill,w_280,h_210,f_jpg?from=ke.com
20230918,西城,马连道,101119232556,红莲北里 中间层两居 户型好带正规客厅 精装修临地铁,590万,105471元/平,中楼层 (共6层) | 1985年建 | 2室1厅 | 55.94平米 | 南,https://ke-image.ljcdn.com/110000-inspection/pc1_6dEKiwQDX_1.jpg!m_fill,w_280,h_210,f_jpg?from=ke.com
20230918,西城,马连道,101118750709,红莲北里 两居室 南北通透 采光好必看好房,550万,96729元/平,低楼层 (共6层) | 1980年建 | 2室1厅 | 56.86平米 | 南 北,https://ke-image.ljcdn.com/110000-inspection/pc1_IGSX097UE_1.jpg!m_fill,w_280,h_210,f_jpg?from=ke.com
20230918,西城,马连道,101120505276,茶贸国际中心 1室0厅 西必看好房,85万,24753元/平,中楼层 (共20层) 1室0厅 | 34.34平米 | 西,https://s1.ljcdn.com/pegasus/redskull/images/common/default_house_list.png?_v=202309181112299
20230918,西城,马连道,101120230598,茶贸国际中心 1室0厅 南必看好房,120万,29799元/平,高楼层 (共20层) 1室0厅 | 40.27平米 | 南,https://s1.ljcdn.com/pegasus/redskull/images/common/default_house_list.png?_v=202309181112299
20230918,西城,马连道,101119439892,西城区 马连道 茶贸国际中心 注册办公必看好房,48万,32259元/平,低楼层 (共20层) | 2008年建 | 1室0厅 | 14.88平米 | 北,https://s1.ljcdn.com/pegasus/redskull/images/common/default_house_list.png?_v=202309181112299
20230918,西城,马连道,101118591451,精装 可注册 看房方便 带电梯必看好房,93万,27178元/平,低楼层 (共21层) | 2008年建 | 1室0厅 | 34.22平米 | 西,https://s1.ljcdn.com/pegasus/redskull/images/common/default_house_list.png?_v=202309181112299
20230918,西城,马连道,101118502633,茶贸国际中心 1室0厅 北必看好房,92万,26885元/平,中楼层 (共8层) | 2008年建 | 1室0厅 | 34.22平米 | 北,https://s1.ljcdn.com/pegasus/redskull/images/common/default_house_list.png?_v=202309181112299
20230918,西城,马连道,101121095774,丽泽雅园+丽泽商务区 满五唯一 精装大2居 诚心出售新上,628万,79154元/平,高楼层 (共24层) | 2009年建 | 2室1厅 | 79.34平米 | 北,https://ke-image.ljcdn.com/110000-inspection/pc1_3vwtP87fo_1.jpg!m_fill,w_280,h_210,f_jpg?from=ke.com
20230918,西城,马连道,101121085240,马连道中里 3室1厅 东 西新上,960万,108869元/平,底层 (共5层) 3室1厅 | 88.18平米 | 东 西,https://ke-image.ljcdn.com/110000-inspection/pc1_GtldvJqFs.jpg!m_fill,w_280,h_210,f_jpg?from=ke.com
20230918,西城,马连道,101121057084,西城区马连道西里南北通透 满五年 明厨明卫新上,528万,104225元/平,中楼层 (共5层) | 1976年建 | 2室1厅 | 50.66平米 | 南 北,https://ke-image.ljcdn.com/110000-inspection/pc1_G7LdvNvUF.jpg!m_fill,w_280,h_210,f_jpg?from=ke.com
20230918,西城,马连道,101121055784,红莲中里 2室2厅 西南 工商总局家属楼 管理好 大阳台新上,940万,116323元/平,中楼层 (共18层) | 1996年建 | 2室2厅 | 80.81平米 | 西南,https://ke-image.ljcdn.com/110000-inspection/pc1_Pz1cTWp50.jpg!m_fill,w_280,h_210,f_jpg?from=ke.com
20230918,西城,马连道,101121045850,红莲北里 2室1厅 南 北新上,640万,104507元/平,底层 (共6层) | 1987年建 | 2室1厅 | 61.24平米 | 南 北,https://ke-image.ljcdn.com/110000-inspection/pc1_CVF5y0jkV.jpg!m_fill,w_280,h_210,f_jpg?from=ke.com
20230918,西城,马连道,101121037704,丽泽商务区 建茗苑 西南高层 无遮挡 视野好新上,490万,69583元/平,高楼层 (共23层) | 2008年建 | 2室1厅 | 70.42平米 | 西南,https://ke-image.ljcdn.com/110000-inspection/pc1_IY21cZchv.jpg!m_fill,w_280,h_210,f_jpg?from=ke.com
20230918,西城,马连道,101121037430,西城区 马连道西里 三居 不临街 诚心卖新上,665万,105106元/平,低楼层 (共6层) | 1989年建 | 3室1厅 | 63.27平米 | 西南 北,https://ke-image.ljcdn.com/110000-inspection/pc1_MD158glN4.jpg!m_fill,w_280,h_210,f_jpg?from=ke.com
20230918,西城,马连道,101121023541,马连道西里 3室1厅 南 北新上,700万,108730元/平,底层 (共6层) 3室1厅 | 64.38平米 | 南 北,https://ke-image.ljcdn.com/110000-inspection/pc1_YKkcI16aa.jpg!m_fill,w_280,h_210,f_jpg?from=ke.com
20230918,西城,马连道,101121023154,红莲南里 2室1厅 南 北新上,640万,104695元/平,中楼层 (共7层) | 1992年建 | 2室1厅 | 61.13平米 | 南 北,https://ke-image.ljcdn.com/110000-inspection/pc1_oIupy3HpB.jpg!m_fill,w_280,h_210,f_jpg?from=ke.com
20230918,西城,马连道,101121022316,常青藤嘉园 新上高层两居室 视野采光无遮挡 有车位新上,1290万,132607元/平,高楼层 (共16层) | 2005年建 | 2室1厅 | 97.28平米 | 东南,https://ke-image.ljcdn.com/110000-inspection/pc1_1dlTTBctE.jpg!m_fill,w_280,h_210,f_jpg?from=ke.com
20230918,西城,马连道,101121018149,马连道欣园东路南北通透一层满五唯一新上,378万,67464元/平,底层 (共6层) | 1993年建 | 2室1厅 | 56.03平米 | 南 北,https://ke-image.ljcdn.com/110000-inspection/pc1_BhCvobF4Z_1.jpg!m_fill,w_280,h_210,f_jpg?from=ke.com
20230918,西城,马连道,101121017810,马连道西里满五不唯一无抵押诚心出售新上,498万,96982元/平,顶层 (共6层) 2室1厅 | 51.35平米 | 东北,https://ke-image.ljcdn.com/110000-inspection/pc1_aho5lJe11.jpg!m_fill,w_280,h_210,f_jpg?from=ke.com
20230918,西城,马连道,101121009757,红莲南里 1室1厅 南新上,500万,136762元/平,底层 (共6层) | 1987年建 | 1室1厅 | 36.56平米 | 南,https://ke-image.ljcdn.com/110000-inspection/pc1_JLw9Gb4X2.jpg!m_fill,w_280,h_210,f_jpg?from=ke.com
20230918,西城,马连道,101121004062,三义里小区 朝南向  视野采光好 交通方便 配套齐全房主自荐,480万,131688元/平,中楼层 (共5层) | 1980年建 | 1室1厅 | 36.45平米 | 南,https://ke-image.ljcdn.com/110000-inspection/pc1_QBSycI38U.jpg!m_fill,w_280,h_210,f_jpg?from=ke.com
20230918,西城,马连道,101120981857,东南向 明厨明卫 户型合理无浪费,796万,125771元/平,低楼层 (共18层) | 1995年建 | 2室1厅 | 63.29平米 | 东南,https://ke-image.ljcdn.com/110000-inspection/pc1_Yfv7xsw79.jpg!m_fill,w_280,h_210,f_jpg?from=ke.com
20230918,西城,马连道,101120974826,马连道中里三区 南北通透 中间层 楼龄新 精装两居房主自荐,728万,121132元/平,中楼层 (共6层) 3室1厅 | 60.1平米 | 南 北,https://ke-image.ljcdn.com/110000-inspection/pc1_BoHa1t1ls.jpg!m_fill,w_280,h_210,f_jpg?from=ke.com
20230918,西城,马连道,101120973893,红莲北里精装3居 南北通透全明格局 满五年家庭唯一房主自荐,789万,109024元/平,顶层 (共6层) | 1987年建 | 3室1厅 | 72.37平米 | 南 北,https://ke-image.ljcdn.com/110000-inspection/pc1_4uBZcfqgl.jpg!m_fill,w_280,h_210,f_jpg?from=ke.com
20230918,西城,马连道,101120970531,丽泽商务区16号线 欧园  北向 开间带大阳台房主自荐,483万,110502元/平,低楼层 (共28层) | 2003年建 | 1室0厅 | 43.71平米 | 北,https://ke-image.ljcdn.com/110000-inspection/pc1_kyKdsR3cS.jpg!m_fill,w_280,h_210,f_jpg?from=ke.com
20230918,西城,马连道,101120961104,此房户型房子高楼层采光视野好 东南三居,850万,68938元/平,高楼层 (共23层) | 2008年建 | 3室1厅 | 123.3平米 | 东南,https://ke-image.ljcdn.com/110000-inspection/pc1_WGCM6NS5G.jpg!m_fill,w_280,h_210,f_jpg?from=ke.com
20230918,西城,马连道,101120955326,西城广外 红莲北里 南北通透精装修 业主诚售 看房方便,610万,107282元/平,高楼层 (共6层) | 1980年建 | 2室1厅 | 56.86平米 | 南 北,https://ke-image.ljcdn.com/110000-inspection/pc1_nc2FWgB5L_1.jpg!m_fill,w_280,h_210,f_jpg?from=ke.com
20230918,西城,马连道,101120954116,常青藤嘉园 满五年 精装  北向  正规 一居,690万,104832元/平,高楼层 (共16层) | 2004年建 | 1室1厅 | 65.82平米 | 北,https://ke-image.ljcdn.com/110000-inspection/pc1_oNbPKRzzC.jpg!m_fill,w_280,h_210,f_jpg?from=ke.com
20230918,西城,马连道,101120943349,南北通透 近地铁7号达官营 诚心出售,860万,120668元/平,中楼层 (共14层) 2室1厅 | 71.27平米 | 南 北,https://ke-image.ljcdn.com/110000-inspection/pc1_sL5VKqFBX.jpg!m_fill,w_280,h_210,f_jpg?from=ke.com
20230918,西城,马连道,101120936568,红莲南里 1室1厅 南 北,498万,115012元/平,中楼层 (共18层) | 1992年建 | 1室1厅 | 43.3平米 | 南 北,https://ke-image.ljcdn.com/110000-inspection/pc1_O7dkaW0ni.jpg!m_fill,w_280,h_210,f_jpg?from=ke.com
20230918,西城,马连道,101120934805,西城红莲南里 2020年精装修 南向两居室 业主诚意出售房主自荐,730万,114961元/平,低楼层 (共18层) | 1990年建 | 2室1厅 | 63.5平米 | 南,https://ke-image.ljcdn.com/110000-inspection/pc1_7Dgo1gCiu.jpg!m_fill,w_280,h_210,f_jpg?from=ke.com
20230918,西城,马连道,101120929052,红莲南里 3室1厅 南 北,750万,109554元/平,顶层 (共6层) | 1984年建 | 3室1厅 | 68.46平米 | 南 北,https://ke-image.ljcdn.com/110000-inspection/pc1_w2LnB6qLj.jpg!m_fill,w_280,h_210,f_jpg?from=ke.com
20230918,西城,马连道,101120921129,红莲中里 东南三居 视野开阔无遮挡,1150万,123061元/平,高楼层 (共18层) | 1996年建 | 3室1厅 | 93.45平米 | 东南,https://ke-image.ljcdn.com/110000-inspection/pc1_GfkrGdczk.jpg!m_fill,w_280,h_210,f_jpg?from=ke.com
20230918,西城,马连道,101120919836,红莲南里 3室2厅 东南,880万,113990元/平,中楼层 (共18层) | 1992年建 | 3室2厅 | 77.2平米 | 东南,https://ke-image.ljcdn.com/110000-inspection/pc1_ZvOVDJjt9.jpg!m_fill,w_280,h_210,f_jpg?from=ke.com
20230918,西城,马连道,101120916790,红莲北里南北通透两居室 全明格局适中楼层 满五唯一,650万,105795元/平,中楼层 (共6层) | 1986年建 | 2室1厅 | 61.44平米 | 南 北,https://ke-image.ljcdn.com/110000-inspection/pc1_eF5uL0n8X.jpg!m_fill,w_280,h_210,f_jpg?from=ke.com
20230918,西城,马连道,101120907019,丽泽雅园 160.33三居 满五年商品房 近丽泽商务区房主自荐,1200万,74846元/平,中楼层 (共24层) 3室2厅 | 160.33平米 | 西南,https://ke-image.ljcdn.com/110000-inspection/pc1_f4Dnb7r4n.jpg!m_fill,w_280,h_210,f_jpg?from=ke.com
20230918,西城,马连道,101120894599,《店长推荐》丽泽雅园 西南两居 业主诚售 地铁14号线,790万,74811元/平,低楼层 (共24层) 2室2厅 | 105.6平米 | 西南,https://ke-image.ljcdn.com/110000-inspection/pc1_ngq6gLX4P.jpg!m_fill,w_280,h_210,f_jpg?from=ke.com
20230918,西城,马连道,101120893753,三义里 2室1厅 南,656万,108772元/平,顶层 (共12层) | 1981年建 | 2室1厅 | 60.31平米 | 南,https://ke-image.ljcdn.com/110000-inspection/pc1_efg4s2lTM.jpg!m_fill,w_280,h_210,f_jpg?from=ke.com
20230918,西城,马连道,101120888781,马连道欣园东路 2室1厅 南 北房主自荐,359万,64073元/平,高楼层 (共6层) | 1990年建 | 2室1厅 | 56.03平米 | 南 北,https://ke-image.ljcdn.com/110000-inspection/pc1_e2bouE2Yv_1.jpg!m_fill,w_280,h_210,f_jpg?from=ke.com
20230918,西城,马连道,101120883459,马连道西里 楼龄新 南北通透全明一居 地铁7和9,518万,100310元/平,顶层 (共6层) 1室1厅 | 51.64平米 | 南 北,https://ke-image.ljcdn.com/110000-inspection/pc1_zPFK5BiYd_1.jpg!m_fill,w_280,h_210,f_jpg?from=ke.com
20230918,西城,马连道,101120881055,丽泽商务区周边高楼5号院  建茗苑 全南向两居室房主自荐,700万,71385元/平,低楼层 (共23层) | 2008年建 | 2室1厅 | 98.06平米 | 南,https://ke-image.ljcdn.com/110000-inspection/pc1_UBop4MnP6.jpg!m_fill,w_280,h_210,f_jpg?from=ke.com
20230918,西城,马连道,101120872380,马连道中里满五唯一明厨明卫没遮挡不临街精装,778万,104951元/平,中楼层 (共18层) | 1995年建 | 2室1厅 | 74.13平米 | 东南 北,https://ke-image.ljcdn.com/110000-inspection/pc1_r0WkAjh2y.jpg!m_fill,w_280,h_210,f_jpg?from=ke.com
20230918,西城,马连道,101120866193,小区居住密度低人文环境好满五年唯一南北通透,1480万,95775元/平,低楼层 (共15层) 3室2厅 | 154.53平米 | 南 北,https://ke-image.ljcdn.com/110000-inspection/pc1_7AUGf9LYj.jpg!m_fill,w_280,h_210,f_jpg?from=ke.com
20230918,西城,马连道,101120864089,丽泽康宁居南向高楼层采光好视野好,570万,95976元/平,高楼层 (共15层) 1室1厅 | 59.39平米 | 南,https://ke-image.ljcdn.com/110000-inspection/pc1_ReddZyufp.jpg!m_fill,w_280,h_210,f_jpg?from=ke.com
20230918,西城,马连道,101120861107,红莲北里 2室1厅 南,565万,108425元/平,低楼层 (共6层) | 1980年建 | 2室1厅 | 52.11平米 | 南,https://ke-image.ljcdn.com/110000-inspection/pc1_uajDgM72D.jpg!m_fill,w_280,h_210,f_jpg?from=ke.com
20230918,西城,马连道,101120852591,三义东里 3室1厅 西北,650万,103619元/平,底层 (共16层) | 1986年建 | 3室1厅 | 62.73平米 | 西北,https://ke-image.ljcdn.com/110000-inspection/pc1_VWwhSvAxJ.jpg!m_fill,w_280,h_210,f_jpg?from=ke.com
20230918,西城,马连道,101120851437,西城 7号16号线 欧园 东向 两居室 无遮挡,760万,117230元/平,低楼层 (共28层) 2室1厅 | 64.83平米 | 东,https://ke-image.ljcdn.com/110000-inspection/pc1_VjIVhRPsD_1.jpg!m_fill,w_280,h_210,f_jpg?from=ke.com
20230918,西城,马连道,101120796014,丽泽雅园全南向两居室精装修房主自荐,685万,74962元/平,低楼层 (共24层) 2室1厅 | 91.38平米 | 南,https://ke-image.ljcdn.com/110000-inspection/pc1_1Ob2fvgwy_1.jpg!m_fill,w_280,h_210,f_jpg?from=ke.com
20230918,西城,马连道,101120790330,三义东里 西北三居 诚心出售 无遮挡,670万,112435元/平,低楼层 (共16层) 3室1厅 | 59.59平米 | 西北,https://ke-image.ljcdn.com/110000-inspection/pc1_3VxtZVQ5q.jpg!m_fill,w_280,h_210,f_jpg?from=ke.com
20230918,西城,马连道,101120788400,《店长推荐》丽泽雅园  满五唯一样板间装修地铁14号线房主自荐,860万,79934元/平,中楼层 (共24层) | 2005年建 | 2室1厅 | 107.59平米 | 西南,https://ke-image.ljcdn.com/110000-inspection/pc1_XCFXPNKVO.jpg!m_fill,w_280,h_210,f_jpg?from=ke.com
20230918,西城,马连道,101120776754,红莲中里 两室一厅 南北通透 满五唯一 业主诚意出售房主自荐,606万,99052元/平,顶层 (共6层) | 1989年建 | 2室1厅 | 61.18平米 | 南 北,https://ke-image.ljcdn.com/110000-inspection/3ba61fa1-ce58-4280-b6c8-c26688dbc593_1000.jpg!m_fill,w_280,h_210,f_jpg?from=ke.com
20230918,西城,马连道,101120775044,马连道中里 二层东向两居 满五唯一 业主急售价格好谈,675万,104765元/平,低楼层 (共6层) | 1996年建 | 2室1厅 | 64.43平米 | 东 北,https://ke-image.ljcdn.com/110000-inspection/pc1_XyVdu4HJ2.jpg!m_fill,w_280,h_210,f_jpg?from=ke.com
20230918,西城,马连道,101120773418,三义西里 电梯房3居室  交通便利 配套齐全,680万,100222元/平,低楼层 (共14层) 3室1厅 | 67.85平米 | 东 西 北,https://ke-image.ljcdn.com/110000-inspection/pc1_FRnX9k3A3.jpg!m_fill,w_280,h_210,f_jpg?from=ke.com
20230918,西城,马连道,101120771478,常青藤嘉园 满五唯一婚房装修 双卫房主自荐,1260万,129430元/平,中楼层 (共16层) | 2005年建 | 2室1厅 | 97.35平米 | 东 西,https://ke-image.ljcdn.com/110000-inspection/pc1_4qVTsTQf2.jpg!m_fill,w_280,h_210,f_jpg?from=ke.com
20230918,西城,马连道,101120767260,红莲中里 南北通透2居 明厨明卫 满五唯一单位分房,648万,106352元/平,底层 (共6层) 2室1厅 | 60.93平米 | 南 北,https://ke-image.ljcdn.com/110000-inspection/pc1_5MTK1bod0_1.jpg!m_fill,w_280,h_210,f_jpg?from=ke.com
20230918,西城,马连道,101120718750,西城广外 红莲北里 中低层 交通便利 配套齐全,778万,109408元/平,低楼层 (共6层) | 1980年建 | 3室1厅 | 71.11平米 | 西南 北,https://ke-image.ljcdn.com/110000-inspection/pc1_BgAQD3NTC_1.jpg!m_fill,w_280,h_210,f_jpg?from=ke.com
20230918,西城,马连道,101120702636,格调小区 满五唯一 精装修 高层 视野好房主自荐,860万,117809元/平,中楼层 (共23层) | 2007年建 | 2室1厅 | 73平米 | 西南,https://ke-image.ljcdn.com/110000-inspection/pc1_btq2qTyR4.jpg!m_fill,w_280,h_210,f_jpg?from=ke.com
20230918,西城,马连道,101120696494,红莲北里 南北通透 全明格局 近地铁,705万,114747元/平,底层 (共6层) | 1986年建 | 2室1厅 | 61.44平米 | 南 北,https://ke-image.ljcdn.com/110000-inspection/pc1_TcMZzwtjO.jpg!m_fill,w_280,h_210,f_jpg?from=ke.com
20230918,西城,马连道,101120694136,西城区西环景苑单价低诚心出售,780万,66627元/平,地下室 (共19层) 3室2厅 | 117.07平米 | 南 西南,https://ke-image.ljcdn.com/110000-inspection/pc1_xqlSMK5Wu.jpg!m_fill,w_280,h_210,f_jpg?from=ke.com
20230918,西城,马连道,101120686095,馨莲茗园 大两居室 小区管理好 人车分流 户型好没浪费,1150万,105167元/平,低楼层 (共25层) 2室2厅 | 109.35平米 | 西南,https://ke-image.ljcdn.com/110000-inspection/pc1_3IGWSzRfZ.jpg!m_fill,w_280,h_210,f_jpg?from=ke.com
20230918,西城,马连道,101120679383,红莲晴园；西向两居室；落地阳台；方便看房；,960万,89195元/平,底层 (共20层) | 2006年建 | 2室1厅 | 107.63平米 | 南 西,https://ke-image.ljcdn.com/110000-inspection/pc1_DjtnO2Yvg.jpg!m_fill,w_280,h_210,f_jpg?from=ke.com
20230918,西城,马连道,101120667708,常青藤嘉园 2室1厅 东,855万,105089元/平,低楼层 (共11层) | 2005年建 | 2室1厅 | 81.36平米 | 东,https://ke-image.ljcdn.com/110000-inspection/pc1_d7SJxf9Ct.jpg!m_fill,w_280,h_210,f_jpg?from=ke.com
20230918,西城,马连道,101120662935,西城区 三义西里 满五年唯一仅有契税 南北通透两居室房主自荐,625万,114996元/平,底层 (共5层) 2室1厅 | 54.35平米 | 南 北,https://ke-image.ljcdn.com/110000-inspection/pc1_EpdppiviT_1.jpg!m_fill,w_280,h_210,f_jpg?from=ke.com
20230918,西城,马连道,101120661028,太平里 2室1厅 东北房主自荐,389万,74909元/平,地下室 (共7层) | 1998年建 | 2室1厅 | 51.93平米 | 东北,https://ke-image.ljcdn.com/110000-inspection/pc1_pOROlKaP8.jpg!m_fill,w_280,h_210,f_jpg?from=ke.com
20230918,西城,马连道,101120638136,西城区常青藤嘉园精选朝南向一居室,458万,132908元/平,高楼层 (共16层) | 2005年建 | 1室0厅 | 34.46平米 | 南,https://ke-image.ljcdn.com/110000-inspection/pc1_fR7fXNzkf.jpg!m_fill,w_280,h_210,f_jpg?from=ke.com
20230918,西城,马连道,101120633445,马连道 电梯 三居室 视野开阔  湾子 达官营地铁口,700万,103169元/平,中楼层 (共14层) | 1986年建 | 3室1厅 | 67.85平米 | 东 西 北,https://ke-image.ljcdn.com/110000-inspection/pc1_d8AYuB7dI.jpg!m_fill,w_280,h_210,f_jpg?from=ke.com
20230918,西城,马连道,101120607957,格调小区 1室1厅 北,730万,113619元/平,中楼层 (共14层) | 2005年建 | 1室1厅 | 64.25平米 | 北,https://ke-image.ljcdn.com/110000-inspection/pc1_KQbBndF9O.jpg!m_fill,w_280,h_210,f_jpg?from=ke.com
20230918,西城,马连道,101120605698,西环景苑 精装两居 7号16号线双地铁,963万,116277元/平,低楼层 (共19层) | 2001年建 | 2室1厅 | 82.82平米 | 东南,https://ke-image.ljcdn.com/110000-inspection/pc1_Yl32u2hs6_1.jpg!m_fill,w_280,h_210,f_jpg?from=ke.com
20230918,西城,马连道,101120571053,近丽泽商务区 精装修 满五唯一 朝南三居室 户型方正房主自荐,1300万,83334元/平,低楼层 (共24层) | 2005年建 | 3室2厅 | 156平米 | 南,https://ke-image.ljcdn.com/110000-inspection/pc1_UQWlYd97m.jpg!m_fill,w_280,h_210,f_jpg?from=ke.com
20230918,西城,马连道,101120544662,红莲中里3居室 单价便宜3居室 工商总局家属楼 物业好房主自荐,880万,95559元/平,顶层 (共18层) | 1996年建 | 3室1厅 | 92.09平米 | 东北,https://ke-image.ljcdn.com/110000-inspection/pc1_tgKxqDuUR_1.jpg!m_fill,w_280,h_210,f_jpg?from=ke.com
20230918,西城,马连道,101120494863,丽泽雅园 商务区范围内 东南高层 满五唯一,799万,75663元/平,高楼层 (共24层) | 2006年建 | 2室1厅 | 105.6平米 | 东南,https://ke-image.ljcdn.com/110000-inspection/23ccf4eb-6baa-4cae-adb9-a1286afc7a30_1000.jpg!m_fill,w_280,h_210,f_jpg?from=ke.com
20230918,西城,马连道,101120486931,红莲北里17号院 户型方正 北京教委宿舍 正规一居,710万,122859元/平,低楼层 (共19层) | 1999年建 | 1室1厅 | 57.79平米 | 西,https://ke-image.ljcdn.com/110000-inspection/pc1_O6EjXB06L.jpg!m_fill,w_280,h_210,f_jpg?from=ke.com
20230918,西城,马连道,101120459135,西城区马连道西里 满两年 全明格局地铁7号湾子站,510万,99222元/平,顶层 (共5层) | 1976年建 | 2室1厅 | 51.4平米 | 东 南 西,https://ke-image.ljcdn.com/110000-inspection/pc1_4Aa1UqciC.jpg!m_fill,w_280,h_210,f_jpg?from=ke.com
20230918,西城,马连道,101120433403,西二环丽泽商务区、优质三居室成本低有地铁房主自荐,466万,68000元/平,中楼层 (共6层) 3室1厅 | 68.53平米 | 南 北,https://ke-image.ljcdn.com/110000-inspection/pc1_SkPo1mig3_1.jpg!m_fill,w_280,h_210,f_jpg?from=ke.com
20230918,西城,马连道,101120413784,马连道中里 南向一居 带电梯 可随时签约,570万,97503元/平,顶层 (共12层) | 1996年建 | 1室1厅 | 58.46平米 | 南,https://ke-image.ljcdn.com/110000-inspection/pc1_MRWRB7M9H_1.jpg!m_fill,w_280,h_210,f_jpg?from=ke.com
20230918,西城,马连道,101120381696,马连道东街 3室1厅 西 东 南,610万,113743元/平,中楼层 (共5层) | 1980年建 | 3室1厅 | 53.63平米 | 西 东 南,https://ke-image.ljcdn.com/110000-inspection/pc1_rzgrUhQGn.jpg!m_fill,w_280,h_210,f_jpg?from=ke.com
20230918,西城,马连道,101120379987,西环景苑  全明格局两居室   中高层满五唯一  诚售,1080万,105779元/平,高楼层 (共19层) 2室1厅 | 102.1平米 | 西 北,https://ke-image.ljcdn.com/110000-inspection/pc1_lTJrfvPug.jpg!m_fill,w_280,h_210,f_jpg?from=ke.com
20230918,西城,马连道,101120379661,马连道中里1999年建成东南北三居室满五唯一好户型,1035万,119751元/平,低楼层 (共14层) 3室1厅 | 86.43平米 | 东南 北,https://ke-image.ljcdn.com/110000-inspection/pc1_XiTeuodLQ.jpg!m_fill,w_280,h_210,f_jpg?from=ke.com
20230918,西城,马连道,101120361128,红莲北里正规三居  满五年不唯一 无遮挡,749万,105330元/平,顶层 (共6层) | 1980年建 | 3室1厅 | 71.11平米 | 南 北,https://ke-image.ljcdn.com/110000-inspection/pc1_nPWbFbHYa_1.jpg!m_fill,w_280,h_210,f_jpg?from=ke.com
20230918,西城,马连道,101120353255,红莲中里 2室1厅 西南,960万,118798元/平,高楼层 (共18层) | 1996年建 | 2室1厅 | 80.81平米 | 西南,https://ke-image.ljcdn.com/110000-inspection/pc1_ksbpgt6Om.jpg!m_fill,w_280,h_210,f_jpg?from=ke.com
20230918,西城,马连道,101120346878,三路居93号院 3室1厅 南 北,638万,65043元/平,底层 (共6层) | 1996年建 | 3室1厅 | 98.09平米 | 南 北,https://ke-image.ljcdn.com/110000-inspection/2b4b091f-a5ed-434d-9cca-9c3f80426800_1000.jpg!m_fill,w_280,h_210,f_jpg?from=ke.com
20230918,西城,马连道,101120343909,常青藤嘉园 南向一居室 满五年唯一,850万,125240元/平,中楼层 (共16层) | 2005年建 | 1室1厅 | 67.87平米 | 南,https://ke-image.ljcdn.com/110000-inspection/pc1_JryOBacS3.jpg!m_fill,w_280,h_210,f_jpg?from=ke.com
20230918,西城,马连道,101120343469,《店长推荐》丽泽雅园 西南两居室 业主诚售地铁14号线,898万,76109元/平,低楼层 (共24层) 2室1厅 | 117.99平米 | 西南,https://ke-image.ljcdn.com/110000-inspection/pc1_G4r9jBEZ3.jpg!m_fill,w_280,h_210,f_jpg?from=ke.com
20230918,西城,马连道,101120329212,马连道中里 南北通透 满五唯一 业主急售 价格好谈,630万,99779元/平,顶层 (共6层) | 1996年建 | 2室1厅 | 63.14平米 | 南 北,https://ke-image.ljcdn.com/110000-inspection/pc1_pPGv1vJ0X.jpg!m_fill,w_280,h_210,f_jpg?from=ke.com
20230918,西城,马连道,101120322020,马连道北里 户型方正南北通透  交通便利,588万,103176元/平,中楼层 (共6层) 2室1厅 | 56.99平米 | 南 北,https://ke-image.ljcdn.com/110000-inspection/pc1_mQ4T8dh12.jpg!m_fill,w_280,h_210,f_jpg?from=ke.com
20230918,西城,马连道,101120316609,西城广外 南北通透 只走一层半楼梯 地铁湾子站,600万,110457元/平,中楼层 (共6层) 2室1厅 | 54.32平米 | 南 北,https://ke-image.ljcdn.com/110000-inspection/pc1_LkzyKmhyJ.jpg!m_fill,w_280,h_210,f_jpg?from=ke.com
20230918,西城,马连道,101120307816,西城广外2005年商品房 高楼层 采光好户型方正西向房主自荐,780万,121345元/平,高楼层 (共22层) | 2005年建 | 1室1厅 | 64.28平米 | 西,https://ke-image.ljcdn.com/110000-inspection/pc1_97Wx9hHIO.jpg!m_fill,w_280,h_210,f_jpg?from=ke.com
20230918,西城,马连道,101120303281,西城区视野好 采光无遮挡人车分流 地铁14号线诚意出售,849万,92113元/平,中楼层 (共27层) 2室1厅 | 92.17平米 | 东南,https://ke-image.ljcdn.com/110000-inspection/pc1_OAUhZuXA8.jpg!m_fill,w_280,h_210,f_jpg?from=ke.com
20230918,西城,马连道,101120276347,西城欧园朝南两居室双阳台采光无遮挡诚心卖,1098万,107028元/平,中楼层 (共28层) 2室1厅 | 102.59平米 | 西南,https://ke-image.ljcdn.com/110000-inspection/pc1_zM8WLCPoV.jpg!m_fill,w_280,h_210,f_jpg?from=ke.com
20230918,西城,马连道,101120274302,西城 红莲南里 双卧朝南带大阳台 全明格局电梯两居！,680万,111330元/平,中楼层 (共18层) | 1995年建 | 2室1厅 | 61.08平米 | 西南,https://ke-image.ljcdn.com/110000-inspection/pc1_bAsKjsSke.jpg!m_fill,w_280,h_210,f_jpg?from=ke.com
20230918,西城,马连道,101120273086,此房满五唯一南北通透楼层好全明格局只契税,650万,111359元/平,高楼层 (共6层) | 1989年建 | 2室1厅 | 58.37平米 | 东 南 北,https://ke-image.ljcdn.com/110000-inspection/pc1_9yrT6sArt.jpg!m_fill,w_280,h_210,f_jpg?from=ke.com
20230918,西城,马连道,101120271020,红莲南里 1室1厅 南,420万,115991元/平,顶层 (共6层) | 1984年建 | 1室1厅 | 36.21平米 | 南,https://ke-image.ljcdn.com/110000-inspection/pc1_c3hbsdXW7.jpg!m_fill,w_280,h_210,f_jpg?from=ke.com
20230918,西城,马连道,101120270091,红莲晴园朝南两居 中间层 视野采光无遮挡,850万,110133元/平,中楼层 (共22层) | 2000年建 | 2室1厅 | 77.18平米 | 南,https://ke-image.ljcdn.com/110000-inspection/pc1_B0ma2I4Va.jpg!m_fill,w_280,h_210,f_jpg?from=ke.com
20230918,西城,马连道,101120266792,西城广外 红莲中里 精装修 有电梯 东南向 2居室,645万,109732元/平,中楼层 (共16层) | 1988年建 | 2室1厅 | 58.78平米 | 南,https://ke-image.ljcdn.com/110000-inspection/pc1_jU2ajn3do.jpg!m_fill,w_280,h_210,f_jpg?from=ke.com
20230918,西城,马连道,101120263086,丰台康宁居南北通透三居室楼层高视野好,1200万,99627元/平,中楼层 (共15层) 3室2厅 | 120.45平米 | 南 北,https://ke-image.ljcdn.com/110000-inspection/pc1_GU5BK1Ntr.jpg!m_fill,w_280,h_210,f_jpg?from=ke.com
20230918,西城,马连道,101120260643,马连道三巷低层南北通透满五唯一 诚意出售,610万,122441元/平,底层 (共5层) 2室1厅 | 49.82平米 | 南 北,https://ke-image.ljcdn.com/110000-inspection/pc1_0kHeheVeF.jpg!m_fill,w_280,h_210,f_jpg?from=ke.com
20230918,西城,马连道,101120254120,丽泽商务区  丽泽雅园  地铁14号线  东南两居,600万,76143元/平,低楼层 (共24层) 2室1厅 | 78.8平米 | 东南,https://ke-image.ljcdn.com/110000-inspection/pc1_AA76BPOi3.jpg!m_fill,w_280,h_210,f_jpg?from=ke.com
20230918,西城,马连道,101120245080,红莲南里   低楼层一居室 小区环境好,470万,109277元/平,低楼层 (共7层) | 1991年建 | 1室1厅 | 43.01平米 | 南,https://ke-image.ljcdn.com/110000-inspection/pc1_AGojufzmy.jpg!m_fill,w_280,h_210,f_jpg?from=ke.com
20230918,西城,马连道,101120244691,红莲中里 1室1厅 南,468万,117353元/平,顶层 (共6层) | 1986年建 | 1室1厅 | 39.88平米 | 南,https://ke-image.ljcdn.com/110000-inspection/pc1_s1WDNlZLM.jpg!m_fill,w_280,h_210,f_jpg?from=ke.com
20230918,西城,马连道,101120233637,西城区 格调小区 精装一居 随时看房,815万,115965元/平,高楼层 (共23层) | 2007年建 | 1室1厅 | 70.28平米 | 东,https://ke-image.ljcdn.com/110000-inspection/pc1_tP16MOaU6.jpg!m_fill,w_280,h_210,f_jpg?from=ke.com
20230918,西城,马连道,101120222902,红莲北里17号院 2室1厅 西南,950万,112640元/平,底层 (共19层) | 1999年建 | 2室1厅 | 84.34平米 | 西南,https://ke-image.ljcdn.com/110000-inspection/pc1_RMZgin5we_1.jpg!m_fill,w_280,h_210,f_jpg?from=ke.com
20230918,西城,马连道,101120211799,红莲南里大院里 次顶层   采光视野很好 小区好停车,820万,105807元/平,高楼层 (共18层) | 1990年建 | 3室1厅 | 77.5平米 | 西南 北,https://ke-image.ljcdn.com/110000-inspection/pc1_LgVo39de9.jpg!m_fill,w_280,h_210,f_jpg?from=ke.com
20230918,西城,马连道,101120192591,红莲北里 全南户型 采光充足 精装修,609万,111826元/平,高楼层 (共6层) | 1980年建 | 2室1厅 | 54.46平米 | 南,https://ke-image.ljcdn.com/110000-inspection/pc1_WrJRMZ4Gt.jpg!m_fill,w_280,h_210,f_jpg?from=ke.com
20230918,西城,马连道,101120192186,红莲中里 2室1厅 西北,599万,108692元/平,底层 (共16层) | 1988年建 | 2室1厅 | 55.11平米 | 西北,https://ke-image.ljcdn.com/110000-inspection/pc1_2UzSzNjpj.jpg!m_fill,w_280,h_210,f_jpg?from=ke.com
20230918,西城,马连道,101120179768,此房满五年一手房主全明格局 配套齐全 有钥匙,768万,102757元/平,低楼层 (共18层) | 1996年建 | 2室1厅 | 74.74平米 | 西南 北,https://ke-image.ljcdn.com/110000-inspection/pc1_eaBatVsLi.jpg!m_fill,w_280,h_210,f_jpg?from=ke.com
20230918,西城,马连道,101120169586,瑞莲西城6层板楼带电梯 南北通透  直观丽泽商务区,1500万,106482元/平,底层 (共6层) 3室1厅 | 140.87平米 | 南 北,https://ke-image.ljcdn.com/110000-inspection/pc1_6OaQ2H03P.jpg!m_fill,w_280,h_210,f_jpg?from=ke.com
20230918,西城,马连道,101120167942,近丽泽商务区 丽泽雅园 东南向大两居 采光好 居住舒适,755万,70181元/平,顶层 (共24层) | 2005年建 | 2室1厅 | 107.58平米 | 东南,https://ke-image.ljcdn.com/110000-inspection/pc1_ZzKMKj1yX.jpg!m_fill,w_280,h_210,f_jpg?from=ke.com
20230918,西城,马连道,101120151871,满五唯一 业主诚心出售 看房随时 简单装修无遮挡,590万,100000元/平,底层 (共6层) | 1980年建 | 3室1厅 | 59平米 | 东 西,https://ke-image.ljcdn.com/110000-inspection/pc1_V4Y0IZJt0.jpg!m_fill,w_280,h_210,f_jpg?from=ke.com
20230918,西城,马连道,101120127198,西城区 太平里 带电梯 南北通透 满五年唯一房主自荐,640万,88545元/平,低楼层 (共16层) 1室1厅 | 72.28平米 | 南 北,https://ke-image.ljcdn.com/110000-inspection/pc1_whDTvOgZA.jpg!m_fill,w_280,h_210,f_jpg?from=ke.com
20230918,西城,马连道,101120110927,丽泽雅园正规三居室户型方正格局好,930万,75845元/平,低楼层 (共23层) 3室1厅 | 122.62平米 | 西南 北,https://ke-image.ljcdn.com/110000-inspection/pc1_7lI5JSH0O.jpg!m_fill,w_280,h_210,f_jpg?from=ke.com
20230918,西城,马连道,101120096458,红莲南里  满五年唯一商品房  中间楼层  视野好,835万,106887元/平,中楼层 (共18层) | 1992年建 | 3室1厅 | 78.12平米 | 南 西南 西,https://ke-image.ljcdn.com/110000-inspection/pc1_yLiRUIDP7_1.jpg!m_fill,w_280,h_210,f_jpg?from=ke.com
20230918,西城,马连道,101120095480,信和嘉园   满五唯一   精装修,845万,143294元/平,中楼层 (共13层) 1室1厅 | 58.97平米 | 西,https://ke-image.ljcdn.com/110000-inspection/pc1_DjnZuwBM0.jpg!m_fill,w_280,h_210,f_jpg?from=ke.com
20230918,西城,马连道,101120088889,马连道中里 独立客厅 格局方正 满五年唯一,650万,110809元/平,高楼层 (共18层) | 1996年建 | 2室1厅 | 58.66平米 | 西南,https://ke-image.ljcdn.com/110000-inspection/pc1_0J5BolUNr.jpg!m_fill,w_280,h_210,f_jpg?from=ke.com
20230918,西城,马连道,101120080995,三义东里 南向一居室 采光充足  满五唯一 精装修,488万,125161元/平,低楼层 (共16层) | 1987年建 | 1室1厅 | 38.99平米 | 南,https://ke-image.ljcdn.com/110000-inspection/pc1_g4vMjVrZs.jpg!m_fill,w_280,h_210,f_jpg?from=ke.com
20230918,西城,马连道,101120076954,马连道路5号院南北通透精装修采光充足无遮挡 满五唯一房主自荐,643万,100438元/平,高楼层 (共6层) 2室1厅 | 64.02平米 | 南 北,https://ke-image.ljcdn.com/110000-inspection/pc1_njw33Mg9D_1.jpg!m_fill,w_280,h_210,f_jpg?from=ke.com
20230918,西城,马连道,101120038226,三义里 1室1厅 南,469万,128670元/平,中楼层 (共5层) | 1987年建 | 1室1厅 | 36.45平米 | 南,https://ke-image.ljcdn.com/110000-inspection/pc1_2oDSIUxwN.jpg!m_fill,w_280,h_210,f_jpg?from=ke.com
20230918,西城,马连道,101120023374,西城区精装修两居 南北通透 满五年唯一,560万,122539元/平,顶层 (共7层) 2室1厅 | 45.7平米 | 南 北,https://ke-image.ljcdn.com/110000-inspection/pc1_CnwSjbJvS_1.jpg!m_fill,w_280,h_210,f_jpg?from=ke.com
20230918,西城,马连道,101120018902,西城区96年板楼南北朝向一室一厅诚心出售,543万,105233元/平,高楼层 (共6层) 1室1厅 | 51.6平米 | 南,https://ke-image.ljcdn.com/110000-inspection/pc1_2lHlKw7VO_1.jpg!m_fill,w_280,h_210,f_jpg?from=ke.com
20230918,西城,马连道,101119999747,红莲中里 东南角 满五唯一 楼下公园 视野好 达官营站,618万,103866元/平,高楼层 (共16层) | 1988年建 | 2室1厅 | 59.5平米 | 东 南,https://ke-image.ljcdn.com/110000-inspection/pc1_MEZUrPNOe.jpg!m_fill,w_280,h_210,f_jpg?from=ke.com
20230918,西城,马连道,101119974815,红莲中里 满五唯一 楼层高 视野好,590万,96437元/平,顶层 (共6层) | 1989年建 | 2室1厅 | 61.18平米 | 南 北,https://ke-image.ljcdn.com/110000-inspection/pc1_IMRhd6njX.jpg!m_fill,w_280,h_210,f_jpg?from=ke.com
20230918,西城,马连道,101119967360,西城马连道 正规一居室 满五唯一  诚心卖,630万,103534元/平,低楼层 (共23层) 1室1厅 | 60.85平米 | 西南,https://ke-image.ljcdn.com/110000-inspection/pc1_TdpChkYSN.jpg!m_fill,w_280,h_210,f_jpg?from=ke.com
20230918,西城,马连道,101119935923,丽泽商务区 康宁居 满五唯一 东南全明格局 电梯两居,876万,95063元/平,中楼层 (共15层) | 2002年建 | 2室1厅 | 92.15平米 | 东南,https://ke-image.ljcdn.com/110000-inspection/pc1_JpNHA6ET4.jpg!m_fill,w_280,h_210,f_jpg?from=ke.com
20230918,西城,马连道,101119933423,红莲北里17号院 2室1厅 西南,1050万,116564元/平,中楼层 (共19层) | 1999年建 | 2室1厅 | 90.08平米 | 西南,https://ke-image.ljcdn.com/110000-inspection/pc1_Mh3vxEFUE.jpg!m_fill,w_280,h_210,f_jpg?from=ke.com
20230918,西城,马连道,101119926675,红莲南里 1室1厅 南房主自荐,515万,106825元/平,高楼层 (共7层) | 1992年建 | 1室1厅 | 48.21平米 | 南,https://ke-image.ljcdn.com/110000-inspection/pc1_6cNcFaEdh.jpg!m_fill,w_280,h_210,f_jpg?from=ke.com
20230918,西城,马连道,101119915604,广外精装小两居 拎包入住 楼下即公园 满五唯一房主自荐,575万,132002元/平,中楼层 (共16层) | 1988年建 | 2室1厅 | 43.56平米 | 南,https://ke-image.ljcdn.com/110000-inspection/pc1_BrScvdpB7.jpg!m_fill,w_280,h_210,f_jpg?from=ke.com
20230918,西城,马连道,101119899405,新上 建茗苑 中间层 东向 无遮挡 视野开阔,600万,64385元/平,中楼层 (共23层) | 2008年建 | 2室1厅 | 93.19平米 | 东南,https://ke-image.ljcdn.com/110000-inspection/pc1_BhX3PgfRi.jpg!m_fill,w_280,h_210,f_jpg?from=ke.com
20230918,西城,马连道,101119879490,依莲轩  精装两居室  全明格局  中高层视野好,966万,100458元/平,高楼层 (共26层) 2室2厅 | 96.16平米 | 东 北,https://ke-image.ljcdn.com/110000-inspection/pc1_HEOCuzo4L.jpg!m_fill,w_280,h_210,f_jpg?from=ke.com
20230918,西城,马连道,101119863397,常青藤嘉园 2室1厅 东,850万,104474元/平,中楼层 (共11层) | 2005年建 | 2室1厅 | 81.36平米 | 东,https://ke-image.ljcdn.com/110000-inspection/pc1_bcIkAZueH.jpg!m_fill,w_280,h_210,f_jpg?from=ke.com
20230918,西城,马连道,101119862197,广外 马连道路5号院 2000年楼龄 满五唯一 南北双阳台,878万,99615元/平,高楼层 (共6层) 2室2厅 | 88.14平米 | 南 北,https://ke-image.ljcdn.com/110000-inspection/pc1_2FJWH1c1p.jpg!m_fill,w_280,h_210,f_jpg?from=ke.com
20230918,西城,马连道,101119857265,红莲北里 3室1厅 南 北,810万,118630元/平,中楼层 (共6层) | 1983年建 | 3室1厅 | 68.28平米 | 南 北,https://ke-image.ljcdn.com/110000-inspection/pc1_SinM95TSJ.jpg!m_fill,w_280,h_210,f_jpg?from=ke.com
20230918,西城,马连道,101119841921,瑞莲家园温馨三居室装修好保养也好,948万,81929元/平,高楼层 (共24层) 3室1厅 | 115.71平米 | 西北,https://ke-image.ljcdn.com/110000-inspection/pc1_LX8SyTh1f_1.jpg!m_fill,w_280,h_210,f_jpg?from=ke.com
20230918,西城,马连道,101119828717,马连道中里经典电梯大一居室 朝南向 中间层无遮挡,555万,94937元/平,中楼层 (共12层) | 1996年建 | 1室1厅 | 58.46平米 | 南,https://ke-image.ljcdn.com/110000-inspection/pc1_uyj0r8lTd_1.jpg!m_fill,w_280,h_210,f_jpg?from=ke.com
20230918,西城,马连道,101119817011,西城马连道东北向两居室全明格局诚心出售,585万,101264元/平,低楼层 (共6层) 2室1厅 | 57.77平米 | 东北,https://ke-image.ljcdn.com/110000-inspection/pc1_lqim6o3ol.jpg!m_fill,w_280,h_210,f_jpg?from=ke.com
20230918,西城,马连道,101119810796,西城区 商品房 无遮挡 采光视野好 诚心卖 满五唯一,860万,117055元/平,低楼层 (共25层) | 2003年建 | 2室1厅 | 73.47平米 | 西,https://ke-image.ljcdn.com/110000-inspection/pc1_DcSHDI8JJ.jpg!m_fill,w_280,h_210,f_jpg?from=ke.com
20230918,西城,马连道,101119791995,红莲北里17号院 2室1厅 东南,1060万,117857元/平,中楼层 (共19层) | 1999年建 | 2室1厅 | 89.94平米 | 东南,https://ke-image.ljcdn.com/110000-inspection/pc1_fMQtulBpw.jpg!m_fill,w_280,h_210,f_jpg?from=ke.com
20230918,西城,马连道,101119783594,西城区 三义里南向一居室 小区安静 看房方便 诚心出售,469万,139750元/平,底层 (共5层) 1室1厅 | 33.56平米 | 南,https://ke-image.ljcdn.com/110000-inspection/pc1_1uu53FjIL.jpg!m_fill,w_280,h_210,f_jpg?from=ke.com
20230918,西城,马连道,101119781386,红莲北里 3室1厅 南 北,838万,114310元/平,底层 (共6层) | 1986年建 | 3室1厅 | 73.31平米 | 南 北,https://ke-image.ljcdn.com/110000-inspection/pc1_zrjZqXxJl.jpg!m_fill,w_280,h_210,f_jpg?from=ke.com
20230918,西城,马连道,101119776250,马连道两居 湾子 精装 采光好 南北通透  只契税 诚售,635万,100206元/平,顶层 (共6层) 2室1厅 | 63.37平米 | 南 北,https://ke-image.ljcdn.com/110000-inspection/pc1_h1l3p3EM3.jpg!m_fill,w_280,h_210,f_jpg?from=ke.com
20230918,西城,马连道,101119764322,红莲晴园 电信局家属楼 中楼层 满五唯一 全明格局,1128万,118850元/平,中楼层 (共18层) | 2000年建 | 2室1厅 | 94.91平米 | 西南,https://ke-image.ljcdn.com/110000-inspection/pc1_DES7aP7Qw_1.jpg!m_fill,w_280,h_210,f_jpg?from=ke.com
20230918,西城,马连道,101119763137,依莲轩  东南大两居  满五年唯一   中高层视野好,985万,104743元/平,中楼层 (共26层) 2室1厅 | 94.04平米 | 东南,https://ke-image.ljcdn.com/110000-inspection/pc1_MDcQz7q00.jpg!m_fill,w_280,h_210,f_jpg?from=ke.com
20230918,西城,马连道,101119749763,西城广外 红莲北里 精装全南两居 业主诚售 看房随时房主自荐,628万,114956元/平,底层 (共6层) | 1986年建 | 2室1厅 | 54.63平米 | 南,https://ke-image.ljcdn.com/110000-inspection/pc1_hexZ9TduS_1.jpg!m_fill,w_280,h_210,f_jpg?from=ke.com
20230918,西城,马连道,101119741523,红莲中里工商总局家属楼电梯房房主自荐,610万,117038元/平,高楼层 (共18层) | 1996年建 | 1室1厅 | 52.12平米 | 西,https://ke-image.ljcdn.com/110000-inspection/pc1_PkVLyFqvh_1.jpg!m_fill,w_280,h_210,f_jpg?from=ke.com
20230918,西城,马连道,101119735883,西城区太平里 电梯2居室 马五年唯一房主自荐,1030万,90455元/平,顶层 (共16层) 2室1厅 | 113.87平米 | 西南,https://ke-image.ljcdn.com/110000-inspection/pc1_nvLGJCJog.jpg!m_fill,w_280,h_210,f_jpg?from=ke.com
20230918,西城,马连道,101119713120,西城马连道 满五唯一 视野好 精装修 想尽快出,1150万,105167元/平,中楼层 (共25层) 3室1厅 | 109.35平米 | 西南,https://ke-image.ljcdn.com/110000-inspection/pc1_c0xCa9M9q.jpg!m_fill,w_280,h_210,f_jpg?from=ke.com
20230918,西城,马连道,101119707376,店长推荐 西城广外 红莲中里 满五唯一商品房 诚心出售,638万,105928元/平,低楼层 (共18层) 2室1厅 | 60.23平米 | 西南,https://ke-image.ljcdn.com/110000-inspection/pc1_j0bU1A5lm.jpg!m_fill,w_280,h_210,f_jpg?from=ke.com
20230918,西城,马连道,101119692568,红莲晴园全南两居室 带电梯低楼层 看房方便满五唯一房主自荐,955万,118179元/平,低楼层 (共18层) | 2000年建 | 2室1厅 | 80.81平米 | 南,https://ke-image.ljcdn.com/110000-inspection/pc1_tmSvqv7dN.jpg!m_fill,w_280,h_210,f_jpg?from=ke.com
20230918,西城,马连道,101119683889,马连道欣园东路 2室1厅 南 北,360万,62751元/平,顶层 (共6层) 2室1厅 | 57.37平米 | 南 北,https://ke-image.ljcdn.com/110000-inspection/181b2f70-920f-4257-8568-b8855ae74df3_1000.jpg!m_fill,w_280,h_210,f_jpg?from=ke.com
20230918,西城,马连道,101119643456,馨莲茗园 精装两居室 无遮挡 光线好 诚心出售,860万,113114元/平,中楼层 (共15层) 2室1厅 | 76.03平米 | 南,https://ke-image.ljcdn.com/110000-inspection/pc1_dRcD50ewb.jpg!m_fill,w_280,h_210,f_jpg?from=ke.com
20230918,西城,马连道,101119622246,丽泽雅园 丽泽商务区内 中楼层南向两居,715万,77896元/平,中楼层 (共24层) 2室1厅 | 91.79平米 | 南,https://ke-image.ljcdn.com/110000-inspection/pc1_1qNxXHtp3.jpg!m_fill,w_280,h_210,f_jpg?from=ke.com
20230918,西城,马连道,101119610168,红莲中里 南向一居 有燃气  前后不临街 无遮挡,458万,144480元/平,顶层 (共6层) | 1992年建 | 1室0厅 | 31.7平米 | 南,https://ke-image.ljcdn.com/110000-inspection/pc1_ZghiijUft.jpg!m_fill,w_280,h_210,f_jpg?from=ke.com
20230918,西城,马连道,101119609462,三义里 南北通透2居室 采光视野好 交通便利 配套齐全,630万,117014元/平,中楼层 (共5层) | 1982年建 | 2室1厅 | 53.84平米 | 南 北,https://ke-image.ljcdn.com/110000-inspection/pc1_r9JqVzb0J.jpg!m_fill,w_280,h_210,f_jpg?from=ke.com
20230918,西城,马连道,101119604403,红莲中里双阳台两居室 电梯低楼层 户型方正 诚心出售,620万,97638元/平,中楼层 (共16层) 2室1厅 | 63.5平米 | 西北,https://ke-image.ljcdn.com/110000-inspection/pc1_kR3MRUMTZ.jpg!m_fill,w_280,h_210,f_jpg?from=ke.com
20230918,西城,马连道,101119594581,红莲南里东南三居室1992年建成有电梯,820万,105480元/平,低楼层 (共18层) | 1992年建 | 3室1厅 | 77.74平米 | 东南,https://ke-image.ljcdn.com/110000-inspection/pc1_PTmVNl40k_1.jpg!m_fill,w_280,h_210,f_jpg?from=ke.com
20230918,西城,马连道,101119563853,马连道路13号院 2室1厅 东 南,530万,98495元/平,顶层 (共6层) 2室1厅 | 53.81平米 | 东 南,https://ke-image.ljcdn.com/110000-inspection/pc1_WACtmMLuG.jpg!m_fill,w_280,h_210,f_jpg?from=ke.com
20230918,西城,马连道,101119535901,全南两居 钢混可以组合贷款  诚意出售 产权清晰,680万,115509元/平,高楼层 (共18层) | 1992年建 | 2室1厅 | 58.87平米 | 南,https://ke-image.ljcdn.com/110000-inspection/pc1_9Anod81i7.jpg!m_fill,w_280,h_210,f_jpg?from=ke.com
20230918,西城,马连道,101119533850,红莲晴园 精装南向两居 全天采光,960万,118798元/平,高楼层 (共18层) | 2000年建 | 2室1厅 | 80.81平米 | 南,https://ke-image.ljcdn.com/110000-inspection/pc1_d0YHJB9DK.jpg!m_fill,w_280,h_210,f_jpg?from=ke.com
20230918,西城,马连道,101119530264,马连道中里 近达官营地铁网 马连道商圈,810万,103264元/平,低楼层 (共18层) | 1999年建 | 2室1厅 | 78.44平米 | 西北,https://ke-image.ljcdn.com/110000-inspection/pc1_8njoNXe65.jpg!m_fill,w_280,h_210,f_jpg?from=ke.com
20230918,西城,马连道,101119522998,正规三居室满五年有电梯钢混结构可以组合贷款,830万,106247元/平,中楼层 (共18层) | 1992年建 | 3室1厅 | 78.12平米 | 西南,https://ke-image.ljcdn.com/110000-inspection/pc1_QvRT180sr.jpg!m_fill,w_280,h_210,f_jpg?from=ke.com
20230918,西城,马连道,101119513661,马连道中里 中高楼层 东南朝向,730万,109005元/平,中楼层 (共18层) | 1999年建 | 2室1厅 | 66.97平米 | 东南,https://ke-image.ljcdn.com/110000-inspection/pc1_AgqcwBsbz.jpg!m_fill,w_280,h_210,f_jpg?from=ke.com
20230918,西城,马连道,101119494610,红莲北里17号院 一手业主 正规一居,710万,122859元/平,中楼层 (共19层) | 1999年建 | 1室1厅 | 57.79平米 | 西,https://ke-image.ljcdn.com/110000-inspection/pc1_zLyc3JbDT.jpg!m_fill,w_280,h_210,f_jpg?from=ke.com
20230918,西城,马连道,101119478476,店长推荐！西城 欧园 全南向 两居室 诚心出售,1066万,116822元/平,底层 (共28层) | 2003年建 | 2室1厅 | 91.25平米 | 南,https://ke-image.ljcdn.com/110000-inspection/pc1_YtYNCbNmv.jpg!m_fill,w_280,h_210,f_jpg?from=ke.com
20230918,西城,马连道,101119476857,西城 红莲南里 精装 满五唯一 大厅 地铁177米房主自荐,638万,107971元/平,低楼层 (共18层) | 1992年建 | 2室1厅 | 59.09平米 | 东南 北,https://ke-image.ljcdn.com/110000-inspection/pc1_MN564g5Qj.jpg!m_fill,w_280,h_210,f_jpg?from=ke.com
20230918,西城,马连道,101119443153,马连道东街 2室1厅 南 北,650万,124307元/平,中楼层 (共5层) | 1979年建 | 2室1厅 | 52.29平米 | 南 北,https://ke-image.ljcdn.com/110000-inspection/pc1_zoS0ZAdo5.jpg!m_fill,w_280,h_210,f_jpg?from=ke.com
20230918,西城,马连道,101119438239,马连道中里 精装修 无遮挡 明厨明卫 配套齐全,758万,103453元/平,低楼层 (共18层) | 1996年建 | 2室1厅 | 73.27平米 | 东南,https://ke-image.ljcdn.com/110000-inspection/pc1_0NRpNwECu.jpg!m_fill,w_280,h_210,f_jpg?from=ke.com
20230918,西城,马连道,101119433322,此房满五唯一性质面积大 楼龄新 带电梯 南向无遮挡,592万,111825元/平,低楼层 (共18层) | 2000年建 | 1室1厅 | 52.94平米 | 南,https://ke-image.ljcdn.com/110000-inspection/pc1_ZJ8Vh966q.jpg!m_fill,w_280,h_210,f_jpg?from=ke.com
20230918,西城,马连道,101119432972,西城区 红莲中里 东西通透 明厨明卫 精装修 诚心出售,598万,94412元/平,底层 (共6层) | 1992年建 | 2室1厅 | 63.34平米 | 东 西,https://ke-image.ljcdn.com/110000-inspection/pc1_FCrXJCLcI.jpg!m_fill,w_280,h_210,f_jpg?from=ke.com
20230918,西城,马连道,101119422111,红莲中里 三居室 东南向 电梯房,810万,102688元/平,低楼层 (共18层) 3室1厅 | 78.88平米 | 东南,https://ke-image.ljcdn.com/110000-inspection/pc1_aGXEJ64jl.jpg!m_fill,w_280,h_210,f_jpg?from=ke.com
20230918,西城,马连道,101119411770,马连道中街 东西通透两居室 商品房 能看房 阳台15平米房主自荐,616万,109337元/平,低楼层 (共6层) | 1980年建 | 2室1厅 | 56.34平米 | 东 西,https://ke-image.ljcdn.com/110000-inspection/pc1_l4IAGJ90H.jpg!m_fill,w_280,h_210,f_jpg?from=ke.com
20230918,西城,马连道,101119408466,西城格调小区高楼层精装修正规一居室,888万,121644元/平,高楼层 (共23层) | 2007年建 | 1室1厅 | 73平米 | 西南,https://ke-image.ljcdn.com/110000-inspection/pc1_DQlZfLtK5.jpg!m_fill,w_280,h_210,f_jpg?from=ke.com
20230918,西城,马连道,101119388979,馨莲茗园 2室2厅 西北,1100万,114703元/平,中楼层 (共25层) 2室2厅 | 95.9平米 | 西北,https://ke-image.ljcdn.com/110000-inspection/pc1_Uen6UGDaY.jpg!m_fill,w_280,h_210,f_jpg?from=ke.com
20230918,西城,马连道,101119384468,马连道东街 低楼层适合老人带孩子 精装修 采光好,630万,125674元/平,中楼层 (共5层) | 1990年建 | 2室1厅 | 50.13平米 | 南,https://ke-image.ljcdn.com/110000-inspection/pc1_62CmOajN6.jpg!m_fill,w_280,h_210,f_jpg?from=ke.com
20230918,西城,马连道,101119373243,此房满五年唯一楼层采光视野好看房方便,535万,71736元/平,高楼层 (共23层) | 2008年建 | 2室1厅 | 74.58平米 | 南,https://ke-image.ljcdn.com/110000-inspection/pc1_VSzaPLxUH.jpg!m_fill,w_280,h_210,f_jpg?from=ke.com
20230918,西城,马连道,101119372652,馨莲茗园  满五唯一高楼层无遮挡视野好,1100万,100595元/平,顶层 (共25层) 2室1厅 | 109.35平米 | 西南,https://ke-image.ljcdn.com/110000-inspection/pc1_nPgmIKYjs.jpg!m_fill,w_280,h_210,f_jpg?from=ke.com
20230918,西城,马连道,101119367780,红莲北里全南2居 中间楼层 视野开阔无遮挡,570万,112183元/平,中楼层 (共6层) | 1983年建 | 2室1厅 | 50.81平米 | 南,https://ke-image.ljcdn.com/110000-inspection/pc1_fNCrs20RX.jpg!m_fill,w_280,h_210,f_jpg?from=ke.com
20230918,西城,马连道,101119326342,马连道中里满五年家庭唯一住房有车位无遮挡,665万,105506元/平,底层 (共6层) 2室1厅 | 63.03平米 | 南 北,https://ke-image.ljcdn.com/110000-inspection/pc1_k9fiAU9Mr.jpg!m_fill,w_280,h_210,f_jpg?from=ke.com
20230918,西城,马连道,101119288510,西城 满五唯一 高层采光好 业主诚心出售,599万,98069元/平,顶层 (共6层) 2室1厅 | 61.08平米 | 南 北,https://ke-image.ljcdn.com/110000-inspection/pc1_TAHawPBL9.jpg!m_fill,w_280,h_210,f_jpg?from=ke.com
20230918,西城,马连道,101119287737,马连道中里 3室1厅 北 南 东,980万,125320元/平,低楼层 (共6层) 3室1厅 | 78.2平米 | 北 南 东,https://ke-image.ljcdn.com/110000-inspection/pc1_qtxcnJLyh.jpg!m_fill,w_280,h_210,f_jpg?from=ke.com
20230918,西城,马连道,101119257315,丽泽商务区 南北通透两居室 居住舒适 出行方便,425万,67903元/平,底层 (共6层) | 1996年建 | 2室1厅 | 62.59平米 | 南 北,https://ke-image.ljcdn.com/110000-inspection/3a6c487c-9e75-40ee-b2d7-6a3a27a4c563_1000.jpg!m_fill,w_280,h_210,f_jpg?from=ke.com
20230918,西城,马连道,101119253384,红莲北里 精装修 板楼 南向 一居室 达官营地铁站房主自荐,506万,125310元/平,中楼层 (共6层) | 1986年建 | 1室1厅 | 40.38平米 | 南,https://ke-image.ljcdn.com/110000-inspection/pc1_7V02dNQPe_1.jpg!m_fill,w_280,h_210,f_jpg?from=ke.com
20230918,西城,马连道,101119250855,西城区三义西里东南两室一厅 近地铁 无遮挡视野采光好,695万,107669元/平,高楼层 (共14层) | 1986年建 | 2室1厅 | 64.55平米 | 东南,https://ke-image.ljcdn.com/110000-inspection/pc1_RH41k6QJo.jpg!m_fill,w_280,h_210,f_jpg?from=ke.com
20230918,西城,马连道,101119241287,马连道中街 马中里社区 不临街中间楼层 满五唯一分房,662万,107329元/平,中楼层 (共6层) | 1980年建 | 2室1厅 | 61.68平米 | 东 西,https://ke-image.ljcdn.com/110000-inspection/pc1_QYd9sbVaU.jpg!m_fill,w_280,h_210,f_jpg?from=ke.com
20230918,西城,马连道,101119234026,红莲北里 2室1厅 南 北,565万,102990元/平,顶层 (共6层) | 1986年建 | 2室1厅 | 54.86平米 | 南 北,https://ke-image.ljcdn.com/110000-inspection/pc1_cNerC2Az0.jpg!m_fill,w_280,h_210,f_jpg?from=ke.com
20230918,西城,马连道,101119231618,欣园小区 1室1厅 南,347万,77786元/平,顶层 (共6层) 1室1厅 | 44.61平米 | 南,https://ke-image.ljcdn.com/110000-inspection/pc1_C0ribALhZ_1.jpg!m_fill,w_280,h_210,f_jpg?from=ke.com
20230918,西城,马连道,101119227406,红莲中里 东西通透3居 视野开阔无遮挡,693万,100073元/平,顶层 (共6层) | 1987年建 | 3室1厅 | 69.25平米 | 东 西,https://ke-image.ljcdn.com/110000-inspection/pc1_Dw3nbWdO0.jpg!m_fill,w_280,h_210,f_jpg?from=ke.com
20230918,西城,马连道,101119224606,北欧印象 2室1厅 西,505万,108277元/平,顶层 (共25层) | 2003年建 | 2室1厅 | 46.64平米 | 西,https://ke-image.ljcdn.com/110000-inspection/pc1_jFGnYxnCd_1.jpg!m_fill,w_280,h_210,f_jpg?from=ke.com
20230918,西城,马连道,101119210123,红莲中里 全南 总价合理 两居室 满五唯一,550万,101458元/平,底层 (共6层) | 1986年建 | 2室1厅 | 54.21平米 | 南,https://ke-image.ljcdn.com/110000-inspection/pc1_h6d57muW6.jpg!m_fill,w_280,h_210,f_jpg?from=ke.com
20230918,西城,马连道,101119199656,常青藤嘉园 2室1厅 西南,1280万,133126元/平,低楼层 (共16层) | 2004年建 | 2室1厅 | 96.15平米 | 西南,https://ke-image.ljcdn.com/110000-inspection/pc1_MBUSqINFu.jpg!m_fill,w_280,h_210,f_jpg?from=ke.com
20230918,西城,马连道,101119195457,红莲北里 装修好 无浪费面积 三居室,788万,115408元/平,顶层 (共6层) | 1983年建 | 3室1厅 | 68.28平米 | 南 北,https://ke-image.ljcdn.com/110000-inspection/pc1_OLjoyNsHK.jpg!m_fill,w_280,h_210,f_jpg?from=ke.com
20230918,西城,马连道,101119191837,西城马连道欧园一层业主诚心出售,460万,95258元/平,底层 (共28层) 1室1厅 | 48.29平米 | 西北,https://ke-image.ljcdn.com/110000-inspection/pc1_LEakwrmfw.jpg!m_fill,w_280,h_210,f_jpg?from=ke.com
20230918,西城,马连道,101119191144,满五唯一 南北通透  楼层好视野宽阔 采光好 配套齐全,728万,110103元/平,低楼层 (共6层) 3室1厅 | 66.12平米 | 南 北,https://ke-image.ljcdn.com/110000-inspection/pc1_ixcQhrmZe.jpg!m_fill,w_280,h_210,f_jpg?from=ke.com
20230918,西城,马连道,101119185674,西城区马连道中里南北通透精装修央产房两居室,715万,118929元/平,高楼层 (共6层) 2室1厅 | 60.12平米 | 南 北,https://ke-image.ljcdn.com/110000-inspection/pc1_sbQ7sVWSi.jpg!m_fill,w_280,h_210,f_jpg?from=ke.com
20230918,西城,马连道,101119183293,丽泽雅园。诚意出售看房提前联系,598万,80000元/平,中楼层 (共24层) 2室1厅 | 74.75平米 | 南 东南,https://ke-image.ljcdn.com/110000-inspection/pc1_gUBDLsH7t.jpg!m_fill,w_280,h_210,f_jpg?from=ke.com
20230918,西城,马连道,101119177262,三义里社区一居靠谱出售看房方便,469万,140588元/平,底层 (共5层) | 1980年建 | 1室1厅 | 33.36平米 | 南,https://ke-image.ljcdn.com/110000-inspection/pc1_iS4JpzmuQ.jpg!m_fill,w_280,h_210,f_jpg?from=ke.com
20230918,西城,马连道,101119175856,小区中间不临街朝南正对小区房本满5年,1380万,131780元/平,低楼层 (共14层) | 2004年建 | 2室1厅 | 104.72平米 | 东南,https://ke-image.ljcdn.com/110000-inspection/pc1_qd3B1vPfg.jpg!m_fill,w_280,h_210,f_jpg?from=ke.com
20230918,西城,马连道,101119174233,丽泽雅园  地铁14号线东管头站,789万,73912元/平,低楼层 (共24层) 2室1厅 | 106.75平米 | 东南,https://ke-image.ljcdn.com/110000-inspection/855ca2fa-6729-4c8a-93d6-020363a3296b_1000.jpg!m_fill,w_280,h_210,f_jpg?from=ke.com
20230918,西城,马连道,101119154179,丰台区丽泽建茗苑西南两居业主诚心出售,615万,65545元/平,中楼层 (共23层) 2室1厅 | 93.83平米 | 西南,https://ke-image.ljcdn.com/110000-inspection/pc1_zNNN8op7J.jpg!m_fill,w_280,h_210,f_jpg?from=ke.com
20230918,西城,马连道,101119148572,丽泽商务区 低价三居室满5年唯一精装修,530万,69083元/平,顶层 (共6层) 3室1厅 | 76.72平米 | 西南 北,https://ke-image.ljcdn.com/110000-inspection/pc1_WCaATJDz6_1.jpg!m_fill,w_280,h_210,f_jpg?from=ke.com
20230918,西城,马连道,101119127439,马中里二区两居室  装修好  楼龄新  带电梯房主自荐,718万,107213元/平,中楼层 (共18层) | 1998年建 | 2室1厅 | 66.97平米 | 东南,https://ke-image.ljcdn.com/110000-inspection/pc1_XjgWP5fG9.jpg!m_fill,w_280,h_210,f_jpg?from=ke.com
20230918,西城,马连道,101119119655,西环景苑 2室1厅 南 北,920万,116074元/平,高楼层 (共19层) 2室1厅 | 79.26平米 | 南 北,https://ke-image.ljcdn.com/110000-inspection/d983d6e1-a661-4552-9e5a-8df2a2d8e847_1000.jpg!m_fill,w_280,h_210,f_jpg?from=ke.com
20230918,西城,马连道,101119115647,丽泽雅园 三环内 近地铁 西南大两居,750万,71023元/平,低楼层 (共24层) 2室1厅 | 105.6平米 | 西南,https://ke-image.ljcdn.com/110000-inspection/pc1_4zyEOIdDf.jpg!m_fill,w_280,h_210,f_jpg?from=ke.com
20230918,西城,马连道,101119103244,西城区 商品房 物业管理好 一居室 诚心卖,520万,110147元/平,底层 (共28层) | 2003年建 | 1室1厅 | 47.21平米 | 西北,https://ke-image.ljcdn.com/110000-inspection/pc1_buCtew9in.jpg!m_fill,w_280,h_210,f_jpg?from=ke.com
20230918,西城,马连道,101119102035,红莲晴园 2006年两室两卫 满五唯一 落地飘窗 诚心出售,1160万,85914元/平,低楼层 (共20层) | 2006年建 | 2室2厅 | 135.02平米 | 西南,https://ke-image.ljcdn.com/110000-inspection/pc1_6PV4gBbco.jpg!m_fill,w_280,h_210,f_jpg?from=ke.com
20230918,西城,马连道,101119098125,西城区 精装 两居室 满五年 诚心出售,608万,96081元/平,中楼层 (共6层) | 1992年建 | 2室1厅 | 63.28平米 | 东 西,https://ke-image.ljcdn.com/110000-inspection/09bbbcee-d13a-4388-841c-be51414ee29f_1000.jpg!m_fill,w_280,h_210,f_jpg?from=ke.com
20230918,西城,马连道,101119084224,西城三义东里满五不唯一单位福利分房东南两居室,626万,110231元/平,低楼层 (共16层) 2室1厅 | 56.79平米 | 东南,https://ke-image.ljcdn.com/110000-inspection/pc1_ONacK6BBw.jpg!m_fill,w_280,h_210,f_jpg?from=ke.com
20230918,西城,马连道,101119069502,西城98年满五年央产房低楼层东西通透,785万,98322元/平,底层 (共6层) 3室1厅 | 79.84平米 | 东 西,https://ke-image.ljcdn.com/110000-inspection/pc1_FVBMrgHvG.jpg!m_fill,w_280,h_210,f_jpg?from=ke.com
20230918,西城,马连道,101119053428,马连道路15号 全南向 正对花园2居出售,1360万,147219元/平,中楼层 (共20层) | 2007年建 | 2室1厅 | 92.38平米 | 南,https://ke-image.ljcdn.com/110000-inspection/413f81ac-64f9-4ffe-8e73-c34edd5e40a4_1000.jpg!m_fill,w_280,h_210,f_jpg?from=ke.com
20230918,西城,马连道,101119050306,红莲中里 满五年唯一  旁边就是莲花河滨河公园,610万,111355元/平,中楼层 (共16层) 2室1厅 | 54.78平米 | 东北,https://ke-image.ljcdn.com/110000-inspection/pc1_4riyWIkAZ.jpg!m_fill,w_280,h_210,f_jpg?from=ke.com
20230918,西城,马连道,101119030768,欧园一居 一厨一卫 大阳台中间楼层 视野好 满五唯一,480万,109615元/平,中楼层 (共28层) 1室0厅 | 43.79平米 | 北,https://ke-image.ljcdn.com/110000-inspection/pc1_wWaXeNrIZ.jpg!m_fill,w_280,h_210,f_jpg?from=ke.com
20230918,西城,马连道,101119029846,马连道中里二区 南北通透三居室  满五年唯一,830万,116557元/平,底层 (共6层) 3室1厅 | 71.21平米 | 南 北,https://ke-image.ljcdn.com/110000-inspection/pc1_b98j7q5Mk.jpg!m_fill,w_280,h_210,f_jpg?from=ke.com
20230918,西城,马连道,101119014962,西城广外  常青藤嘉园  优质两居室房主自荐,1130万,131503元/平,高楼层 (共16层) | 2005年建 | 2室2厅 | 85.93平米 | 南 北,https://ke-image.ljcdn.com/110000-inspection/pc1_iLvbapv5l.jpg!m_fill,w_280,h_210,f_jpg?from=ke.com
20230918,西城,马连道,101119013947,小区中间不临街前后花园前后没遮挡,1680万,123594元/平,中楼层 (共14层) | 2004年建 | 3室2厅 | 135.93平米 | 南 北,https://ke-image.ljcdn.com/110000-inspection/pc1_682TDfM1H.jpg!m_fill,w_280,h_210,f_jpg?from=ke.com
20230918,西城,马连道,101119013798,格调小区中楼层正对小区花园不临街,670万,107666元/平,中楼层 (共14层) | 2004年建 | 1室1厅 | 62.23平米 | 北,https://ke-image.ljcdn.com/110000-inspection/pc1_atsSnUYLr.jpg!m_fill,w_280,h_210,f_jpg?from=ke.com
20230918,西城,马连道,101119003040,马连道中里 南向一居 不临街 满五唯一  可以用组合贷,535万,129103元/平,低楼层 (共18层) | 1995年建 | 1室1厅 | 41.44平米 | 南,https://ke-image.ljcdn.com/110000-inspection/pc1_rPZ0sQsrb.jpg!m_fill,w_280,h_210,f_jpg?from=ke.com
20230918,西城,马连道,101118996019,丰台区丽泽建茗苑正规三居业主诚心出售,756万,63653元/平,低楼层 (共23层) 3室2厅 | 118.77平米 | 西南 北,https://ke-image.ljcdn.com/110000-inspection/pc1_glmeAlZ2R.jpg!m_fill,w_280,h_210,f_jpg?from=ke.com
20230918,西城,马连道,101118973518,北欧印象2003年商品房社区人车分流,1066万,102658元/平,中楼层 (共25层) 2室1厅 | 103.84平米 | 西,https://ke-image.ljcdn.com/110000-inspection/pc1_U8E27EHpo.jpg!m_fill,w_280,h_210,f_jpg?from=ke.com
20230918,西城,马连道,101118970475,西城广外商品房满五年唯一高楼层视野采光好,1475万,105493元/平,中楼层 (共28层) 3室1厅 | 139.82平米 | 南,https://ke-image.ljcdn.com/110000-inspection/pc1_2Y008J6ed.jpg!m_fill,w_280,h_210,f_jpg?from=ke.com
20230918,西城,马连道,101118966799,红莲北里 2室1厅 南 北,668万,108724元/平,中楼层 (共6层) | 1986年建 | 2室1厅 | 61.44平米 | 南 北,https://ke-image.ljcdn.com/110000-inspection/prod-5fa733ee-e2df-49d7-8b39-d187718f9a00.jpg!m_fill,w_280,h_210,f_jpg?from=ke.com
20230918,西城,马连道,101118956253,铁道部的家属楼 南北通透可当三居带大客厅,898万,97747元/平,底层 (共5层) 2室1厅 | 91.87平米 | 南 北,https://ke-image.ljcdn.com/110000-inspection/pc1_N23dv0uuQ.jpg!m_fill,w_280,h_210,f_jpg?from=ke.com
20230918,西城,马连道,101118940616,西城区 红莲南里三居室东南带电梯业主诚意出售,890万,115285元/平,高楼层 (共18层) | 1992年建 | 3室1厅 | 77.2平米 | 东南,https://ke-image.ljcdn.com/110000-inspection/pc1_VJluGk9FI.jpg!m_fill,w_280,h_210,f_jpg?from=ke.com
20230918,西城,马连道,101118914757,马连道商圈红莲北里 低楼层 南北通透,594万,110000元/平,底层 (共6层) | 1983年建 | 2室1厅 | 54平米 | 南 北,https://ke-image.ljcdn.com/110000-inspection/pc1_aUXy7aPZd.jpg!m_fill,w_280,h_210,f_jpg?from=ke.com
20230918,西城,马连道,101118904063,馨莲茗园 精装一居室 无遮挡 光线好 诚心出售,610万,94898元/平,低楼层 (共25层) 1室1厅 | 64.28平米 | 北,https://ke-image.ljcdn.com/110000-inspection/pc1_W7lDJ3OUv_1.jpg!m_fill,w_280,h_210,f_jpg?from=ke.com
20230918,西城,马连道,101118901641,马连道中里 南北通透 马连道商圈,638万,101046元/平,高楼层 (共6层) 2室1厅 | 63.14平米 | 南 北,https://ke-image.ljcdn.com/110000-inspection/pc1_ksImrjf5W.jpg!m_fill,w_280,h_210,f_jpg?from=ke.com
20230918,西城,马连道,101118881913,西城区  马连道路5号院   南北通透两居   临近地铁房主自荐,589万,107659元/平,底层 (共6层) 2室1厅 | 54.71平米 | 南 北,https://ke-image.ljcdn.com/110000-inspection/pc1_ZgMfd2Zo3.jpg!m_fill,w_280,h_210,f_jpg?from=ke.com
20230918,西城,马连道,101118855956,西城区常青藤嘉园2005年商品房小区满五年唯一,929万,114184元/平,中楼层 (共11层) | 2005年建 | 2室1厅 | 81.36平米 | 东,https://ke-image.ljcdn.com/110000-inspection/pc1_XHJeLWQCi.jpg!m_fill,w_280,h_210,f_jpg?from=ke.com
20230918,西城,马连道,101118849563,马连道西里 2室1厅 东 西,478万,94039元/平,中楼层 (共5层) 2室1厅 | 50.83平米 | 东 西,https://ke-image.ljcdn.com/110000-inspection/pc1_kuWZbGqf5.jpg!m_fill,w_280,h_210,f_jpg?from=ke.com
20230918,西城,马连道,101118839338,马连道中里南北通透不临街没遮挡楼层好房主自荐,680万,107273元/平,中楼层 (共6层) 2室1厅 | 63.39平米 | 南 北,https://ke-image.ljcdn.com/110000-inspection/pc1_EeWmmoPOv.jpg!m_fill,w_280,h_210,f_jpg?from=ke.com
20230918,西城,马连道,101118839063,红莲中里 东南正规三居 电视台家属楼人文环境,1130万,121076元/平,中楼层 (共18层) | 1996年建 | 3室1厅 | 93.33平米 | 东南,https://ke-image.ljcdn.com/110000-inspection/pc1_eEOTDAnFO.jpg!m_fill,w_280,h_210,f_jpg?from=ke.com
20230918,西城,马连道,101118829014,丽泽雅园 商品房满五唯一 电梯中间层,625万,83134元/平,中楼层 (共24层) 2室1厅 | 75.18平米 | 东 南,https://ke-image.ljcdn.com/110000-inspection/pc1_QwssXesJd.jpg!m_fill,w_280,h_210,f_jpg?from=ke.com
20230918,西城,马连道,101118808844,西城区信和嘉园旁边就是马连道茶城商圈成熟,660万,135496元/平,低楼层 (共20层) | 2007年建 | 1室0厅 | 48.71平米 | 北,https://ke-image.ljcdn.com/110000-inspection/pc1_RZkho8j7k.jpg!m_fill,w_280,h_210,f_jpg?from=ke.com
20230918,西城,马连道,101118800818,红莲晴园精装修拎包住没遮挡满两年无增值税,1410万,119827元/平,低楼层 (共22层) 3室2厅 | 117.67平米 | 西南,https://ke-image.ljcdn.com/110000-inspection/pc1_hRSpCSclb.jpg!m_fill,w_280,h_210,f_jpg?from=ke.com
20230918,西城,马连道,101118794568,信和嘉园 精装一居 满五唯一 中高楼层 对小区无遮挡房主自荐,635万,147881元/平,中楼层 (共20层) 1室1厅 | 42.94平米 | 北,https://ke-image.ljcdn.com/110000-inspection/pc1_AvPw78xtO.jpg!m_fill,w_280,h_210,f_jpg?from=ke.com
20230918,西城,马连道,101118794237,西城广外 95年板楼 全南正规一居室 满五年唯一 2层房主自荐,470万,107848元/平,低楼层 (共6层) | 1995年建 | 1室1厅 | 43.58平米 | 南,https://ke-image.ljcdn.com/110000-inspection/pc1_xOCMGY6lM.jpg!m_fill,w_280,h_210,f_jpg?from=ke.com
20230918,西城,马连道,101118764371,西城区 马连道北里 南北通透两居 近地铁 诚心卖,580万,106775元/平,中楼层 (共6层) | 1984年建 | 2室1厅 | 54.32平米 | 南 北,https://ke-image.ljcdn.com/110000-inspection/pc1_uLNyQaKe1.jpg!m_fill,w_280,h_210,f_jpg?from=ke.com
20230918,西城,马连道,101118758206,红莲中里 2室1厅 东南,635万,108548元/平,低楼层 (共16层) | 1988年建 | 2室1厅 | 58.5平米 | 东南,https://ke-image.ljcdn.com/110000-inspection/pc1_juC9LWRVR.jpg!m_fill,w_280,h_210,f_jpg?from=ke.com
20230918,西城,马连道,101118751649,红莲北里 南北两居 带电梯 诚售房主自荐,630万,109737元/平,顶层 (共6层) | 1986年建 | 2室1厅 | 57.41平米 | 南 北,https://ke-image.ljcdn.com/110000-inspection/pc1_eXEItfv1X.jpg!m_fill,w_280,h_210,f_jpg?from=ke.com
20230918,西城,马连道,101118720054,马连道东街 2室1厅 东 西,625万,99921元/平,中楼层 (共4层) 2室1厅 | 62.55平米 | 东 西,https://ke-image.ljcdn.com/110000-inspection/pc1_YFTW6fkuC.jpg!m_fill,w_280,h_210,f_jpg?from=ke.com
20230918,西城,马连道,101118699460,西城湾子马连道2007年 格调小区,655万,116280元/平,中楼层 (共23层) | 2007年建 | 1室1厅 | 56.33平米 | 北,https://ke-image.ljcdn.com/110000-inspection/pc1_tSCiKcvEC.jpg!m_fill,w_280,h_210,f_jpg?from=ke.com
20230918,西城,马连道,101118678663,红莲中里 全南两居室 带电梯 户型方正 全天采光,616万,104887元/平,高楼层 (共18层) | 1986年建 | 2室1厅 | 58.73平米 | 南,https://ke-image.ljcdn.com/110000-inspection/pc1_pJaAn3r1K.jpg!m_fill,w_280,h_210,f_jpg?from=ke.com
20230918,西城,马连道,101118678601,红莲中里全南两居电梯房 带两个大阳台  全天无遮挡,738万,104979元/平,高楼层 (共18层) | 1986年建 | 2室1厅 | 70.3平米 | 南,https://ke-image.ljcdn.com/110000-inspection/pc1_GV2VxuCOv.jpg!m_fill,w_280,h_210,f_jpg?from=ke.com
20230918,西城,马连道,101118653840,红莲南里  正规南向一居室 高楼层 采光好,485万,133941元/平,高楼层 (共6层) | 1984年建 | 1室1厅 | 36.21平米 | 南,https://ke-image.ljcdn.com/110000-inspection/pc1_hfUWUIBup.jpg!m_fill,w_280,h_210,f_jpg?from=ke.com
20230918,西城,马连道,101118640208,三义里 全南两居室 楼层好  采光好 视野开阔房主自荐,580万,114807元/平,中楼层 (共5层) | 1980年建 | 2室1厅 | 50.52平米 | 南,https://ke-image.ljcdn.com/110000-inspection/pc1_KDTLqhrSG.jpg!m_fill,w_280,h_210,f_jpg?from=ke.com
20230918,西城,马连道,101118636249,马连道西里 2室1厅 东 西,470万,87950元/平,顶层 (共5层) 2室1厅 | 53.44平米 | 东 西,https://ke-image.ljcdn.com/110000-inspection/pc1_IlkKQ8mgn.jpg!m_fill,w_280,h_210,f_jpg?from=ke.com
20230918,西城,马连道,101118634327,西城区 太平里 新楼龄 低楼层 南北通透,1038万,100777元/平,底层 (共5层) 3室1厅 | 103平米 | 南 北,https://ke-image.ljcdn.com/110000-inspection/pc1_ku4BblvkF.jpg!m_fill,w_280,h_210,f_jpg?from=ke.com
20230918,西城,马连道,101118618717,丽泽商务区、近地铁、南北通透两居室,438万,69746元/平,低楼层 (共6层) | 1996年建 | 2室1厅 | 62.8平米 | 南 北,https://ke-image.ljcdn.com/110000-inspection/f4b94abd-6802-4ca1-9aa5-c572cb5ee12f_1000.jpg!m_fill,w_280,h_210,f_jpg?from=ke.com
20230918,西城,马连道,101118607872,西城区 商品房 一年多的精装修 物业管理好,486万,110985元/平,低楼层 (共28层) | 2003年建 | 1室0厅 | 43.79平米 | 北,https://ke-image.ljcdn.com/110000-inspection/pc1_m7RXt7EJl.jpg!m_fill,w_280,h_210,f_jpg?from=ke.com
20230918,西城,马连道,101118607165,信和嘉园 南北通透两居室 安静不临街 户型方正,1350万,134906元/平,低楼层 (共13层) 2室1厅 | 100.07平米 | 南 北,https://ke-image.ljcdn.com/110000-inspection/pc1_e4mp5LVHv.jpg!m_fill,w_280,h_210,f_jpg?from=ke.com
20230918,西城,马连道,101118606292,红莲中里 满五年 临近河边 业主诚意出售,580万,95192元/平,顶层 (共6层) | 1984年建 | 2室1厅 | 60.93平米 | 东 西,https://ke-image.ljcdn.com/110000-inspection/pc1_3tIBPEl5v.jpg!m_fill,w_280,h_210,f_jpg?from=ke.com
20230918,西城,马连道,101118594574,西城 常青藤嘉园 纯商品房小区 高楼层采光好一居室！,600万,110416元/平,高楼层 (共22层) | 2005年建 | 1室1厅 | 54.34平米 | 东,https://ke-image.ljcdn.com/110000-inspection/pc1_FdoeIPG0W.jpg!m_fill,w_280,h_210,f_jpg?from=ke.com
20230918,西城,马连道,101118584135,三义东里全南两居高楼层采光好无遮挡格局好房主自荐,586万,107979元/平,顶层 (共16层) 2室1厅 | 54.27平米 | 南,https://ke-image.ljcdn.com/110000-inspection/pc1_7Sw3z39lG.jpg!m_fill,w_280,h_210,f_jpg?from=ke.com
20230918,西城,马连道,101118581720,西城广外商品房30万装修拎包入住满五年唯一,840万,90723元/平,底层 (共24层) | 2001年建 | 2室1厅 | 92.59平米 | 东,https://ke-image.ljcdn.com/110000-inspection/pc1_sC7oybLPP.jpg!m_fill,w_280,h_210,f_jpg?from=ke.com
20230918,西城,马连道,101118569073,精装修高楼层小区中间不临街,1480万,139426元/平,中楼层 (共14层) | 2005年建 | 2室2厅 | 106.15平米 | 西南,https://ke-image.ljcdn.com/110000-inspection/pc1_aXRoXDNwJ.jpg!m_fill,w_280,h_210,f_jpg?from=ke.com
20230918,西城,马连道,101118566486,西城 广外 红莲晴园 电信分房 一手业主 随时签约,782万,124049元/平,中楼层 (共22层) | 2000年建 | 1室1厅 | 63.04平米 | 西,https://ke-image.ljcdn.com/110000-inspection/pc1_zWUj9qDI1.jpg!m_fill,w_280,h_210,f_jpg?from=ke.com
20230918,西城,马连道,101118557809,西城 北欧印象 北向带阳台 不临街 一居室,475万,109802元/平,低楼层 (共28层) | 2003年建 | 1室0厅 | 43.26平米 | 北,https://ke-image.ljcdn.com/110000-inspection/pc1_tRyQ54Zu2.jpg!m_fill,w_280,h_210,f_jpg?from=ke.com
20230918,西城,马连道,101118509784,丽泽雅园 户型方正 高楼层采光视野好 精装修,590万,73963元/平,顶层 (共24层) | 2009年建 | 2室1厅 | 79.77平米 | 东,https://ke-image.ljcdn.com/110000-inspection/pc1_BswlSArFo.jpg!m_fill,w_280,h_210,f_jpg?from=ke.com
20230918,西城,马连道,101118509471,南北朝向双卧室朝南采光好,620万,101507元/平,中楼层 (共6层) | 1990年建 | 2室1厅 | 61.08平米 | 南,https://ke-image.ljcdn.com/110000-inspection/pc1_TeXHX0zAi.jpg!m_fill,w_280,h_210,f_jpg?from=ke.com
20230918,西城,马连道,101118504245,信和嘉园 1室1厅 东北,850万,128866元/平,中楼层 (共13层) 1室1厅 | 65.96平米 | 东北,https://ke-image.ljcdn.com/110000-inspection/pc1_ydHPKuIFS.jpg!m_fill,w_280,h_210,f_jpg?from=ke.com
20230918,西城,马连道,101118500985,三义里 全南两居室 满五唯一精装修布局合理,598万,125657元/平,底层 (共5层) | 1980年建 | 2室1厅 | 47.59平米 | 南,https://ke-image.ljcdn.com/110000-inspection/pc1_M57kdFXWl.jpg!m_fill,w_280,h_210,f_jpg?from=ke.com
20230918,西城,马连道,101118488374,红莲北里17号院 3室1厅 西北,1200万,113626元/平,中楼层 (共19层) | 1999年建 | 3室1厅 | 105.61平米 | 西北,https://ke-image.ljcdn.com/110000-inspection/pc1_dwVpGNHBw_1.jpg!m_fill,w_280,h_210,f_jpg?from=ke.com
20230918,西城,马连道,101118478079,马连道西里 一居室适合刚需客户,470万,117943元/平,底层 (共6层) 1室1厅 | 39.85平米 | 南,https://ke-image.ljcdn.com/110000-inspection/pc1_kRD4BS6Ic.jpg!m_fill,w_280,h_210,f_jpg?from=ke.com
20230918,西城,马连道,101118472095,全南两居室 楼下就是地铁口 满五年精装修 诚意出售,580万,115080元/平,中楼层 (共5层) | 1980年建 | 2室1厅 | 50.4平米 | 南,https://ke-image.ljcdn.com/110000-inspection/pc1_INvMvLVKw.jpg!m_fill,w_280,h_210,f_jpg?from=ke.com
20230918,西城,马连道,101118469538,马连道路甲18号院 低楼层 南北通透经典两居室,620万,99503元/平,低楼层 (共6层) 2室1厅 | 62.31平米 | 北 南,https://ke-image.ljcdn.com/110000-inspection/pc1_Zl6v1lJ0x.jpg!m_fill,w_280,h_210,f_jpg?from=ke.com
20230918,西城,马连道,101118455322,丽阳四季 正规两居 户型方正 没有浪费 诚心出售,860万,103627元/平,低楼层 (共23层) 2室1厅 | 82.99平米 | 东 北,https://ke-image.ljcdn.com/110000-inspection/pc1_ztM1OsObq.jpg!m_fill,w_280,h_210,f_jpg?from=ke.com
20230918,西城,马连道,101118449882,红莲南里 中间层两居 满五唯一过户 诚心出售房主自荐,528万,87810元/平,中楼层 (共6层) | 1995年建 | 2室1厅 | 60.13平米 | 东 西,https://ke-image.ljcdn.com/110000-inspection/pc1_Uf1Q86uGx.jpg!m_fill,w_280,h_210,f_jpg?from=ke.com
20230918,西城,马连道,101118431411,常青藤嘉园   正规南向一居室  装修好,618万,118369元/平,中楼层 (共16层) | 2005年建 | 1室1厅 | 52.21平米 | 西南,https://ke-image.ljcdn.com/110000-inspection/pc1_2gMJoYGxE.jpg!m_fill,w_280,h_210,f_jpg?from=ke.com
20230918,西城,马连道,101118408108,西城区 广外 马连道北街 西南两居室 诚心出售,535万,107279元/平,顶层 (共6层) 2室1厅 | 49.87平米 | 西南,https://ke-image.ljcdn.com/110000-inspection/pc1_nClsBUTXc.jpg!m_fill,w_280,h_210,f_jpg?from=ke.com
20230918,西城,马连道,101118403402,红莲中里 带电梯 正规一居室 满五 楼龄新,592万,103715元/平,中楼层 (共18层) | 2000年建 | 1室1厅 | 57.08平米 | 西,https://ke-image.ljcdn.com/110000-inspection/pc1_mwVRRGNPx.jpg!m_fill,w_280,h_210,f_jpg?from=ke.com
20230918,西城,马连道,101118401905,三义西里 南北通透2居室 1层 适合老人居住房主自荐,630万,123047元/平,底层 (共5层) | 1982年建 | 2室1厅 | 51.2平米 | 南 北,https://ke-image.ljcdn.com/110000-inspection/pc1_7C9RuXvrC_1.jpg!m_fill,w_280,h_210,f_jpg?from=ke.com
20230918,西城,马连道,101118398292,西城 广外 莲花河边 红莲晴园,780万,101063元/平,底层 (共22层) | 2000年建 | 2室1厅 | 77.18平米 | 南,https://ke-image.ljcdn.com/110000-inspection/pc1_Mtn16dFc4.jpg!m_fill,w_280,h_210,f_jpg?from=ke.com
20230918,西城,马连道,101118382713,西城  广外  莲花河边  红莲中里房主自荐,598万,112959元/平,中楼层 (共18层) | 2000年建 | 1室1厅 | 52.94平米 | 南,https://ke-image.ljcdn.com/110000-inspection/pc1_vrv985Cdz.jpg!m_fill,w_280,h_210,f_jpg?from=ke.com
20230918,西城,马连道,101118360770,红莲中里  有电梯 中间层 不临街  视野好 诚心出售,670万,99762元/平,中楼层 (共18层) 3室1厅 | 67.16平米 | 西 东北,https://ke-image.ljcdn.com/110000-inspection/pc1_U73UQpTg9_1.jpg!m_fill,w_280,h_210,f_jpg?from=ke.com
20230918,西城,马连道,101118348358,西城区 广外三义里 满五年 临地铁 交通便利,569万,104731元/平,顶层 (共6层) | 1982年建 | 2室1厅 | 54.33平米 | 东 西,https://ke-image.ljcdn.com/110000-inspection/pc1_IE4MAn857.jpg!m_fill,w_280,h_210,f_jpg?from=ke.com
20230918,西城,马连道,101118327911,西城区 湾子地铁附近 板楼改善一居 格调小区,710万,114498元/平,低楼层 (共15层) | 2004年建 | 1室1厅 | 62.01平米 | 北,https://ke-image.ljcdn.com/110000-inspection/pc1_Bd4afdVCF.jpg!m_fill,w_280,h_210,f_jpg?from=ke.com
20230918,西城,马连道,101118326488,西城广外 双地铁 2000年楼龄 电梯,678万,96431元/平,中楼层 (共14层) 2室1厅 | 70.31平米 | 南 北,https://ke-image.ljcdn.com/110000-inspection/pc1_FFkhsdzCS_1.jpg!m_fill,w_280,h_210,f_jpg?from=ke.com
20230918,西城,马连道,101118316571,丽泽雅园两居室中高层采光视野好！房主自荐,745万,76114元/平,中楼层 (共24层) | 2006年建 | 2室1厅 | 97.88平米 | 西南 北,https://ke-image.ljcdn.com/110000-inspection/pc1_DwoHHNsIY.jpg!m_fill,w_280,h_210,f_jpg?from=ke.com
20230918,西城,马连道,101118316519,西城 丽泽 欧园北欧印象 西南北通透 两居室 满五唯一,879万,121476元/平,中楼层 (共28层) 2室2厅 | 72.36平米 | 东 南 北,https://ke-image.ljcdn.com/110000-inspection/pc1_PJ4RLgxLr.jpg!m_fill,w_280,h_210,f_jpg?from=ke.com
20230918,西城,马连道,101118315331,西城区西环景苑新上精装满五唯一两居室,435万,47314元/平,地下室 (共19层) 2室1厅 | 91.94平米 | 东北,https://ke-image.ljcdn.com/110000-inspection/pc1_FGm9EfNSn.jpg!m_fill,w_280,h_210,f_jpg?from=ke.com
20230918,西城,马连道,101118315322,西城区 马连道西里 三居 南北东 户型不错房主自荐,853万,102883元/平,高楼层 (共6层) 3室1厅 | 82.91平米 | 南 北 东,https://ke-image.ljcdn.com/110000-inspection/pc1_UQm6VC7m9_1.jpg!m_fill,w_280,h_210,f_jpg?from=ke.com
20230918,西城,马连道,101118292207,西城 广外 一居室 03年纯商品房社区 满五年1%,509万,117661元/平,中楼层 (共28层) 1室0厅 | 43.26平米 | 北,https://ke-image.ljcdn.com/110000-inspection/pc1_oKgDqPLsi.jpg!m_fill,w_280,h_210,f_jpg?from=ke.com
20230918,西城,马连道,101118285991,西城区 三义东里 电梯楼 西南向两居室 满五年唯一诚售,640万,114184元/平,高楼层 (共16层) | 1987年建 | 2室1厅 | 56.05平米 | 西南,https://ke-image.ljcdn.com/110000-inspection/pc1_AJWHMzscP.jpg!m_fill,w_280,h_210,f_jpg?from=ke.com
20230918,西城,马连道,101118270240,西城广外一居楼层高视野好诚心卖可看房房主自荐,435万,150156元/平,高楼层 (共28层) | 2003年建 | 1室0厅 | 28.97平米 | 西,https://ke-image.ljcdn.com/110000-inspection/pc1_S6gnkpk8f.jpg!m_fill,w_280,h_210,f_jpg?from=ke.com
20230918,西城,马连道,101118269865,西城区 格调小区 精装修  户型方正 视野好,825万,113998元/平,低楼层 (共23层) | 2007年建 | 1室1厅 | 72.37平米 | 西南,https://ke-image.ljcdn.com/110000-inspection/pc1_wMqFouVyl.jpg!m_fill,w_280,h_210,f_jpg?from=ke.com
20230918,西城,马连道,101118256984,西城区 马连道 太平里南北通透两居室 采光好 楼龄新房主自荐,800万,102855元/平,高楼层 (共6层) | 1998年建 | 2室1厅 | 77.78平米 | 南 北,https://ke-image.ljcdn.com/110000-inspection/pc1_YJZeFu6Oi.jpg!m_fill,w_280,h_210,f_jpg?from=ke.com
20230918,西城,马连道,101118231291,西城 常青藤嘉园 楼新 环境好 有车位 看房方便诚心卖,649万,103493元/平,低楼层 (共16层) 1室1厅 | 62.71平米 | 南,https://ke-image.ljcdn.com/110000-inspection/pc1_Cddlq7c00.jpg!m_fill,w_280,h_210,f_jpg?from=ke.com
20230918,西城,马连道,101118218664,马连道湾子三义西里朝南两居室.,650万,114518元/平,中楼层 (共14层) 2室1厅 | 56.76平米 | 南 北,https://ke-image.ljcdn.com/110000-inspection/pc1_Y0GNHvdIh.jpg!m_fill,w_280,h_210,f_jpg?from=ke.com
20230918,西城,马连道,101118197915,红莲中里 格局楼层好 全明格局,1050万,114019元/平,中楼层 (共18层) | 1996年建 | 3室1厅 | 92.09平米 | 东北,https://ke-image.ljcdn.com/110000-inspection/pc1_2OE43A0ZC.jpg!m_fill,w_280,h_210,f_jpg?from=ke.com
20230918,西城,马连道,101118157526,格调小区 满五唯一近地铁精装修配套完善,890万,101785元/平,低楼层 (共23层) | 2007年建 | 1室1厅 | 87.44平米 | 西,https://ke-image.ljcdn.com/110000-inspection/pc1_l82PemdVF.jpg!m_fill,w_280,h_210,f_jpg?from=ke.com
20230918,西城,马连道,101118156454,西城区 常青藤嘉园商品房 满五年唯一,719万,109238元/平,高楼层 (共16层) 1室1厅 | 65.82平米 | 北,https://ke-image.ljcdn.com/110000-inspection/pc1_MZqXUCtZ9.jpg!m_fill,w_280,h_210,f_jpg?from=ke.com
20230918,西城,马连道,101118141278,信和嘉园 西城 精装修两居室 2008年的楼 利用率高房主自荐,905万,137205元/平,顶层 (共13层) | 2008年建 | 2室1厅 | 65.96平米 | 东 北,https://ke-image.ljcdn.com/110000-inspection/pc1_PJ5k6Wy7p_1.jpg!m_fill,w_280,h_210,f_jpg?from=ke.com
20230918,西城,马连道,101118138675,红莲中里 南向正规一居室 电视台家属楼 人文环境好房主自荐,660万,114983元/平,中楼层 (共18层) | 1996年建 | 1室1厅 | 57.4平米 | 西南,https://ke-image.ljcdn.com/110000-inspection/pc1_dlNExtYH7.jpg!m_fill,w_280,h_210,f_jpg?from=ke.com
20230918,西城,马连道,101118113182,格调小区 依莲轩二期 西城区马连道路6号院房主自荐,1000万,114365元/平,高楼层 (共23层) | 2007年建 | 2室1厅 | 87.44平米 | 西,https://ke-image.ljcdn.com/110000-inspection/pc1_klRLAiDtQ.jpg!m_fill,w_280,h_210,f_jpg?from=ke.com
20230918,西城,马连道,101118107832,格调南向正规一居新装修满五唯一不临街高楼层近地铁,730万,114367元/平,高楼层 (共23层) | 2007年建 | 1室1厅 | 63.83平米 | 南,https://ke-image.ljcdn.com/110000-inspection/40e7b709-ed1a-4e2a-8a24-380b1af88fd6_1000.jpg!m_fill,w_280,h_210,f_jpg?from=ke.com
20230918,西城,马连道,101118084862,丽泽雅园 2室2厅 东 南,916万,85808元/平,高楼层 (共24层) 2室2厅 | 106.75平米 | 东 南,https://ke-image.ljcdn.com/110000-inspection/pc1_aoRAIYjh9.jpg!m_fill,w_280,h_210,f_jpg?from=ke.com
20230918,西城,马连道,101118082998,西城 马连道中里 1999年建成满五年 地铁408米,775万,98802元/平,低楼层 (共18层) | 1999年建 | 2室1厅 | 78.44平米 | 西南 北,https://ke-image.ljcdn.com/110000-inspection/pc1_D1JsJUzyR.jpg!m_fill,w_280,h_210,f_jpg?from=ke.com
20230918,西城,马连道,101118049979,格调小区 依莲轩二期 马连道路6号院 正规1居 已两居,970万,110934元/平,低楼层 (共23层) | 2007年建 | 2室1厅 | 87.44平米 | 西,https://ke-image.ljcdn.com/110000-inspection/pc1_1TnozRldP.jpg!m_fill,w_280,h_210,f_jpg?from=ke.com
20230918,西城,马连道,101118047922,丽泽商务区  欣园小区   通透两居室  钥匙房 看房随时,450万,76989元/平,中楼层 (共6层) | 1996年建 | 2室1厅 | 58.45平米 | 东 西,https://ke-image.ljcdn.com/110000-inspection/pc1_QIBDjIKR8_1.jpg!m_fill,w_280,h_210,f_jpg?from=ke.com
20230918,西城,马连道,101118029124,马连道欣园东路 2室1厅 南 北房主自荐,386万,68892元/平,中楼层 (共6层) 2室1厅 | 56.03平米 | 南 北,https://ke-image.ljcdn.com/110000-inspection/pc1_XrND22jbc_1.jpg!m_fill,w_280,h_210,f_jpg?from=ke.com
20230918,西城,马连道,101118027716,西城区 地铁湾子站 马连道西里 全南一居 满五唯一,515万,104867元/平,高楼层 (共6层) 1室1厅 | 49.11平米 | 南,https://ke-image.ljcdn.com/110000-inspection/pc1_P6lVX9Vgj.jpg!m_fill,w_280,h_210,f_jpg?from=ke.com
20230918,西城,马连道,101118024013,三义东里 高层南向一居室  近地铁,478万,122470元/平,高楼层 (共16层) | 1988年建 | 1室1厅 | 39.03平米 | 南,https://ke-image.ljcdn.com/110000-inspection/pc1_ShAtxFqVf.jpg!m_fill,w_280,h_210,f_jpg?from=ke.com
20230918,西城,马连道,101118019661,此房业主诚心出售 高楼层 视野开阔 不临街,475万,109802元/平,中楼层 (共28层) | 2003年建 | 1室0厅 | 43.26平米 | 北,https://ke-image.ljcdn.com/110000-inspection/pc1_7uT23eh2l.jpg!m_fill,w_280,h_210,f_jpg?from=ke.com
20230918,西城,马连道,101118016911,马连道中里；精装一居；满5年一手房；无挡；,610万,104345元/平,中楼层 (共12层) | 1996年建 | 1室1厅 | 58.46平米 | 南,https://ke-image.ljcdn.com/110000-inspection/pc1_S8rwaj4zH.jpg!m_fill,w_280,h_210,f_jpg?from=ke.com
20230918,西城,马连道,101118002374,丽泽雅园 精装修2年 丽泽商务区边上 地铁14号线东管头,810万,82755元/平,高楼层 (共24层) | 2006年建 | 2室1厅 | 97.88平米 | 西南 北,https://ke-image.ljcdn.com/110000-inspection/pc1_ZcYyK8sHx.jpg!m_fill,w_280,h_210,f_jpg?from=ke.com
20230918,西城,马连道,101118001110,丽泽商务区  欣园小区  精装修 全南向一居  无遮挡,330万,73975元/平,顶层 (共6层) 1室1厅 | 44.61平米 | 南,https://ke-image.ljcdn.com/110000-inspection/pc1_YcLovx3P8_1.jpg!m_fill,w_280,h_210,f_jpg?from=ke.com
20230918,西城,马连道,101117973873,红莲北里 精装修 满五唯一 中间层采光好,613万,120646元/平,中楼层 (共6层) | 1983年建 | 2室1厅 | 50.81平米 | 南,https://ke-image.ljcdn.com/110000-inspection/pc1_btfLoSqR4.jpg!m_fill,w_280,h_210,f_jpg?from=ke.com
20230918,西城,马连道,101117930014,信和嘉园精致一居室户型方正中高楼层采光视野好,825万,139902元/平,高楼层 (共13层) 1室0厅 | 58.97平米 | 西,https://ke-image.ljcdn.com/110000-inspection/pc1_TuR3OvNAR.jpg!m_fill,w_280,h_210,f_jpg?from=ke.com
20230918,西城,马连道,101117921421,红莲南里 2室1厅 南 北房主自荐,562万,104461元/平,高楼层 (共6层) | 1984年建 | 2室1厅 | 53.8平米 | 南 北,https://ke-image.ljcdn.com/110000-inspection/pc1_CCWzHZVcV.jpg!m_fill,w_280,h_210,f_jpg?from=ke.com
20230918,西城,马连道,101117909391,红莲北里 南北通透2居 全明户型装修好可领包入住房主自荐,745万,121653元/平,底层 (共6层) | 1987年建 | 2室1厅 | 61.24平米 | 南 北,https://ke-image.ljcdn.com/110000-inspection/pc1_QS8T71mII.jpg!m_fill,w_280,h_210,f_jpg?from=ke.com
20230918,西城,马连道,101117905976,满五年唯一 户型好 光线视野好 看房方便 诚心出售,665万,99018元/平,顶层 (共18层) 3室1厅 | 67.16平米 | 东 西北,https://ke-image.ljcdn.com/110000-inspection/pc1_WwsxSbXqx.jpg!m_fill,w_280,h_210,f_jpg?from=ke.com
20230918,西城,马连道,101117898826,西城马连道欧园南向一居室诚心卖看房方便房主自荐,620万,106110元/平,低楼层 (共25层) | 2003年建 | 1室1厅 | 58.43平米 | 西南,https://ke-image.ljcdn.com/110000-inspection/pc1_YVIwqjFVU.jpg!m_fill,w_280,h_210,f_jpg?from=ke.com
20230918,西城,马连道,101117891358,西城区 太平里 楼龄新 业主诚心出售,558万,104652元/平,中楼层 (共6层) 2室1厅 | 53.32平米 | 南 北,https://ke-image.ljcdn.com/110000-inspection/pc1_uPMshXjhc.jpg!m_fill,w_280,h_210,f_jpg?from=ke.com
20230918,西城,马连道,101117857249,丽泽商务区中心地段户型通透配套齐全。,430万,73555元/平,顶层 (共6层) 2室1厅 | 58.46平米 | 东 西,https://ke-image.ljcdn.com/110000-inspection/pc1_4XoHecs12_1.jpg!m_fill,w_280,h_210,f_jpg?from=ke.com
20230918,西城,马连道,101117846598,马连道路15号院 信和嘉园 东南北3居 高楼层 满五唯一,2080万,146810元/平,高楼层 (共20层) | 2007年建 | 3室2厅 | 141.68平米 | 南 北,https://ke-image.ljcdn.com/110000-inspection/pc1_VeebWHAUa.jpg!m_fill,w_280,h_210,f_jpg?from=ke.com
20230918,西城,马连道,101117837533,丽泽商务区 三路居93号院 二层 南北通透钥匙房,438万,69980元/平,低楼层 (共6层) | 1996年建 | 2室1厅 | 62.59平米 | 南 北,https://ke-image.ljcdn.com/110000-inspection/pc1_FC2vJ4vOA_1.jpg!m_fill,w_280,h_210,f_jpg?from=ke.com
20230918,西城,马连道,101117818160,西城广外红莲北里 南北通透精装修三居,785万,110393元/平,中楼层 (共6层) | 1980年建 | 3室1厅 | 71.11平米 | 西南 北,https://ke-image.ljcdn.com/110000-inspection/pc1_7olNGoub0.jpg!m_fill,w_280,h_210,f_jpg?from=ke.com
20230918,西城,马连道,101117805406,红莲南里 2室1厅 南 北,588万,92048元/平,顶层 (共7层) | 1992年建 | 2室1厅 | 63.88平米 | 南 北,https://ke-image.ljcdn.com/110000-inspection/pc1_d9ZrJ1bLi.jpg!m_fill,w_280,h_210,f_jpg?from=ke.com
20230918,西城,马连道,101117786470,依莲轩 正规朝东大一居    满五唯一,715万,102967元/平,中楼层 (共26层) 1室1厅 | 69.44平米 | 东,https://ke-image.ljcdn.com/110000-inspection/pc1_rKWycMNfa.jpg!m_fill,w_280,h_210,f_jpg?from=ke.com
20230918,西城,马连道,101117769520,精装两居 采光好 无遮挡 满五年 随时签约,870万,97996元/平,中楼层 (共22层) | 2005年建 | 2室1厅 | 88.78平米 | 东,https://ke-image.ljcdn.com/110000-inspection/pc1_v1q9hyOTZ.jpg!m_fill,w_280,h_210,f_jpg?from=ke.com
20230918,西城,马连道,101117762964,西城区 马连道路甲18号院正规两居室带客厅,570万,90635元/平,低楼层 (共6层) | 1995年建 | 2室1厅 | 62.89平米 | 东,https://ke-image.ljcdn.com/110000-inspection/pc1_4LMrpzM60.jpg!m_fill,w_280,h_210,f_jpg?from=ke.com
20230918,西城,马连道,101117759746,西城广外 红莲中里两居 户型方正 诚心出售 看房方便房主自荐,588万,101555元/平,低楼层 (共18层) 2室1厅 | 57.9平米 | 西北,https://ke-image.ljcdn.com/110000-inspection/pc1_iPjT8b9kD.jpg!m_fill,w_280,h_210,f_jpg?from=ke.com
20230918,西城,马连道,101117759141,丽泽商务区优质房源满五年唯一户型南北通透,378万,65889元/平,顶层 (共6层) | 1993年建 | 2室1厅 | 57.37平米 | 南 北,https://ke-image.ljcdn.com/110000-inspection/7de955fa-8f86-4583-bfe4-750da7574c82_1000.jpg!m_fill,w_280,h_210,f_jpg?from=ke.com
20230918,西城,马连道,101117755059,红莲南里 两居室 南北通透 通风好 采光好,620万,108944元/平,高楼层 (共6层) | 1987年建 | 2室1厅 | 56.91平米 | 南 北,https://ke-image.ljcdn.com/110000-inspection/pc1_l9mW9Rw0J.jpg!m_fill,w_280,h_210,f_jpg?from=ke.com
20230918,西城,马连道,101117745654,满五年1999年楼龄钢混结构全明户型无抵押无户口,618万,102420元/平,底层 (共18层) | 1999年建 | 2室1厅 | 60.34平米 | 西南,https://ke-image.ljcdn.com/110000-inspection/pc1_kzd4jueK2.jpg!m_fill,w_280,h_210,f_jpg?from=ke.com
20230918,西城,马连道,101117740310,丽泽雅园 地铁14号线东管头 诚心出售 东南大两居,780万,73864元/平,低楼层 (共24层) 2室1厅 | 105.6平米 | 东南,https://ke-image.ljcdn.com/110000-inspection/pc1_bVZvQqbWS.jpg!m_fill,w_280,h_210,f_jpg?from=ke.com
20230918,西城,马连道,101117736646,西城马连道精装南向好房产权清晰诚心出售,560万,95792元/平,底层 (共12层) | 1996年建 | 1室1厅 | 58.46平米 | 南,https://ke-image.ljcdn.com/110000-inspection/pc1_8Aj5G98Qp.jpg!m_fill,w_280,h_210,f_jpg?from=ke.com
20230918,西城,马连道,101117709365,西城区 正规一居 满五唯一业主诚心出售 看房方便房主自荐,428万,95366元/平,地下室 (共7层) | 1998年建 | 1室1厅 | 44.88平米 | 东 西,https://ke-image.ljcdn.com/110000-inspection/pc1_cjT2HtVbc.jpg!m_fill,w_280,h_210,f_jpg?from=ke.com
20230918,西城,马连道,101117675181,三义东里 户型方正 南北两居 全明格局,650万,105589元/平,高楼层 (共6层) | 1983年建 | 2室1厅 | 61.56平米 | 南 北,https://ke-image.ljcdn.com/110000-inspection/pc1_rlnxeqsFj.jpg!m_fill,w_280,h_210,f_jpg?from=ke.com
20230918,西城,马连道,101117662144,全南向 有电梯 产权清晰 诚心出售,568万,97161元/平,低楼层 (共12层) | 1996年建 | 1室1厅 | 58.46平米 | 南,https://ke-image.ljcdn.com/110000-inspection/pc1_kcsy6rqrp.jpg!m_fill,w_280,h_210,f_jpg?from=ke.com
20230918,西城,马连道,101117659184,西城区马连道欧园东北向两居室业主诚心出售,860万,105186元/平,低楼层 (共25层) | 2003年建 | 2室1厅 | 81.76平米 | 东北,https://ke-image.ljcdn.com/110000-inspection/b97ed255-776d-4e3c-87bb-369cb815b65d_1000.jpg!m_fill,w_280,h_210,f_jpg?from=ke.com
20230918,西城,马连道,101117654914,马连道西里 满五唯一业主自住,520万,95888元/平,中楼层 (共6层) | 1980年建 | 2室1厅 | 54.23平米 | 东 西,https://ke-image.ljcdn.com/110000-inspection/pc1_lo8hFRy3R.jpg!m_fill,w_280,h_210,f_jpg?from=ke.com
20230918,西城,马连道,101117653123,丽泽雅园 丽泽商务区 西南两居室 地铁14号线口,799万,75663元/平,低楼层 (共24层) | 2005年建 | 2室1厅 | 105.6平米 | 西南,https://ke-image.ljcdn.com/110000-inspection/pc1_mqqw8ITK3.jpg!m_fill,w_280,h_210,f_jpg?from=ke.com
20230918,西城,马连道,101117635659,马连道路13号院 朝南两居 采光好 无遮挡房主自荐,585万,108716元/平,顶层 (共6层) 2室1厅 | 53.81平米 | 南,https://ke-image.ljcdn.com/110000-inspection/pc1_bev2AhEov.jpg!m_fill,w_280,h_210,f_jpg?from=ke.com
20230918,西城,马连道,101117629378,马连道北街 满五年商品房临街地铁东北两居,490万,92158元/平,顶层 (共6层) 2室1厅 | 53.17平米 | 东北,https://ke-image.ljcdn.com/110000-inspection/pc1_yySJ8bSNi.jpg!m_fill,w_280,h_210,f_jpg?from=ke.com
20230918,西城,马连道,101117620949,红莲南里 正规一室一厅 户型方正 格局合理,502万,107934元/平,顶层 (共18层) | 1995年建 | 1室1厅 | 46.51平米 | 西北,https://ke-image.ljcdn.com/110000-inspection/pc1_cNG5bKWAX_1.jpg!m_fill,w_280,h_210,f_jpg?from=ke.com
20230918,西城,马连道,101117599357,马连道路13号院纯南向的正规两居室,570万,101064元/平,顶层 (共6层) 2室1厅 | 56.4平米 | 南,https://ke-image.ljcdn.com/110000-inspection/pc1_AvxWvZgMA.jpg!m_fill,w_280,h_210,f_jpg?from=ke.com
20230918,西城,马连道,101117576356,红莲南里  南北两居 随时看房 交通方便,610万,112277元/平,中楼层 (共7层) | 1991年建 | 2室1厅 | 54.33平米 | 南 北,https://ke-image.ljcdn.com/110000-inspection/pc1_bXkmG3QEx.jpg!m_fill,w_280,h_210,f_jpg?from=ke.com
20230918,西城,马连道,101117571900,西城区 商品房 无遮挡 采光视野好 诚心卖,1045万,100636元/平,中楼层 (共25层) 2室2厅 | 103.84平米 | 西南,https://ke-image.ljcdn.com/110000-inspection/pc1_rPdIB4k5w.jpg!m_fill,w_280,h_210,f_jpg?from=ke.com
20230918,西城,马连道,101117555862,满五唯一 格调 朝东 2007年 花园小区 户型方正,760万,108139元/平,中楼层 (共23层) | 2007年建 | 1室1厅 | 70.28平米 | 东,https://ke-image.ljcdn.com/110000-inspection/pc1_BtN6PoNYy.jpg!m_fill,w_280,h_210,f_jpg?from=ke.com
20230918,西城,马连道,101117488629,西城区红莲南里满五年央产房近地铁站停车方便房主自荐,625万,103597元/平,高楼层 (共7层) | 1991年建 | 2室1厅 | 60.33平米 | 南 北,https://ke-image.ljcdn.com/110000-inspection/pc1_qAIVbG9gm.jpg!m_fill,w_280,h_210,f_jpg?from=ke.com
20230918,西城,马连道,101117486677,红莲北里 全明格局两居 紧挨河边公园,665万,113211元/平,低楼层 (共6层) | 1987年建 | 2室1厅 | 58.74平米 | 南 北,https://ke-image.ljcdn.com/110000-inspection/pc1_9vhRwtRPP.jpg!m_fill,w_280,h_210,f_jpg?from=ke.com
20230918,西城,马连道,101117451713,丽泽雅园西南向两居室户型方正格局好,799万,71692元/平,低楼层 (共24层) | 2005年建 | 2室1厅 | 111.45平米 | 西南 北,https://ke-image.ljcdn.com/110000-inspection/pc1_MumnRp48E.jpg!m_fill,w_280,h_210,f_jpg?from=ke.com
20230918,西城,马连道,101117391338,此房满五唯一户型方正无浪费2001年小区 西城,825万,82982元/平,低楼层 (共24层) | 2001年建 | 2室1厅 | 99.42平米 | 东南,https://ke-image.ljcdn.com/110000-inspection/364b1761-3401-46b6-94b6-042ce8666446_1000.jpg!m_fill,w_280,h_210,f_jpg?from=ke.com
20230918,西城,马连道,101117367978,马连道中里 正规两居室 全明格局 业主诚心出售,773万,103426元/平,低楼层 (共18层) | 1996年建 | 2室1厅 | 74.74平米 | 西南 北,https://ke-image.ljcdn.com/110000-inspection/pc1_quElvgbeO.jpg!m_fill,w_280,h_210,f_jpg?from=ke.com
20230918,西城,马连道,101117342994,信和嘉园 正南向两居室 眼镜户型 通风效果好,1206万,134915元/平,高楼层 (共18层) 2室1厅 | 89.39平米 | 东南,https://ke-image.ljcdn.com/110000-inspection/pc1_iqohEiQY1.jpg!m_fill,w_280,h_210,f_jpg?from=ke.com
20230918,西城,马连道,101117342174,西城区北欧印象 欧园 两居 南向双阳台,1165万,113881元/平,低楼层 (共28层) | 2003年建 | 2室1厅 | 102.3平米 | 南,https://ke-image.ljcdn.com/110000-inspection/pc1_WngSDpar7.jpg!m_fill,w_280,h_210,f_jpg?from=ke.com
20230918,西城,马连道,101117325798,红莲北里 全南两居 环境好 无遮挡,610万,111661元/平,高楼层 (共6层) | 1986年建 | 2室1厅 | 54.63平米 | 南,https://ke-image.ljcdn.com/110000-inspection/pc1_smy092lqa.jpg!m_fill,w_280,h_210,f_jpg?from=ke.com
20230918,西城,马连道,101117288060,红莲中里全南向两居室 一层 进出方便,555万,102324元/平,底层 (共6层) | 1988年建 | 2室1厅 | 54.24平米 | 南,https://ke-image.ljcdn.com/110000-inspection/pc1_tFf1fsliW.jpg!m_fill,w_280,h_210,f_jpg?from=ke.com
20230918,西城,马连道,101117231821,西城 红莲中里 精装 眼镜户型 满五唯一 安静临公园房主自荐,538万,98843元/平,顶层 (共6层) | 1985年建 | 2室1厅 | 54.43平米 | 东,https://ke-image.ljcdn.com/110000-inspection/pc1_bAWwd8V33.jpg!m_fill,w_280,h_210,f_jpg?from=ke.com
20230918,西城,马连道,101117225775,西环景苑 马连道 丽泽 户型方正 没有浪费面积,518万,111518元/平,高楼层 (共19层) | 2001年建 | 1室0厅 | 46.45平米 | 西,https://ke-image.ljcdn.com/110000-inspection/pc1_UJ0TNAtKK.jpg!m_fill,w_280,h_210,f_jpg?from=ke.com
20230918,西城,马连道,101117211743,格调小区东南2居不临街正对小区花园喷泉,1390万,132735元/平,中楼层 (共14层) | 2004年建 | 2室1厅 | 104.72平米 | 东南,https://ke-image.ljcdn.com/110000-inspection/pc1_l7w0m1F3i.jpg!m_fill,w_280,h_210,f_jpg?from=ke.com
20230918,西城,马连道,101117191698,西城区湾子马连道三义西里大两居室房主自荐,810万,87682元/平,底层 (共6层) | 2003年建 | 3室1厅 | 92.38平米 | 东 北,https://ke-image.ljcdn.com/110000-inspection/pc1_HMNmWwD7X.jpg!m_fill,w_280,h_210,f_jpg?from=ke.com
20230918,西城,马连道,101117190231,马连道路甲18号院 南北通透 中间楼层 楼龄新,600万,96293元/平,中楼层 (共6层) | 1995年建 | 2室1厅 | 62.31平米 | 南 北,https://ke-image.ljcdn.com/110000-inspection/pc1_HBjcdfBZr.jpg!m_fill,w_280,h_210,f_jpg?from=ke.com
20230918,西城,马连道,101117184956,丽泽雅园 全南两居室 满五年 无遮挡,760万,79724元/平,高楼层 (共24层) | 2007年建 | 2室1厅 | 95.33平米 | 南,https://ke-image.ljcdn.com/110000-inspection/pc1_UBCcbpnnC.jpg!m_fill,w_280,h_210,f_jpg?from=ke.com
20230918,西城,马连道,101117181515,格调小区正规一居前后花园业主诚心出售看房方便,700万,113489元/平,底层 (共14层) | 2004年建 | 1室1厅 | 61.68平米 | 北,https://ke-image.ljcdn.com/110000-inspection/pc1_LuWialk0m.jpg!m_fill,w_280,h_210,f_jpg?from=ke.com
20230918,西城,马连道,101117181330,西城红莲南里 朝南一居室满五唯一 精装修,469万,104852元/平,中楼层 (共7层) | 1991年建 | 1室1厅 | 44.73平米 | 南,https://ke-image.ljcdn.com/110000-inspection/pc1_yNsKGHnYW.jpg!m_fill,w_280,h_210,f_jpg?from=ke.com
20230918,西城,马连道,101117170336,西城区 马连道南街1号院 正规两居 满五唯一 拎包入住,1130万,106685元/平,低楼层 (共24层) | 2001年建 | 2室1厅 | 105.92平米 | 东南,https://ke-image.ljcdn.com/110000-inspection/pc1_YzvwtTnLt.jpg!m_fill,w_280,h_210,f_jpg?from=ke.com
20230918,西城,马连道,101117166397,丽泽金融商圈 地铁14号线 视野好 户型方正 采光好,799万,74264元/平,高楼层 (共24层) | 2005年建 | 2室2厅 | 107.59平米 | 西南,https://ke-image.ljcdn.com/110000-inspection/pc1_RcLvr2eUc.jpg!m_fill,w_280,h_210,f_jpg?from=ke.com
20230918,西城,马连道,101117148471,马连道中里低楼层三居室 全南向 大客厅 近地铁房主自荐,1260万,134991元/平,底层 (共14层) | 1996年建 | 3室1厅 | 93.34平米 | 南 北,https://ke-image.ljcdn.com/110000-inspection/pc1_mkVRWVneE.jpg!m_fill,w_280,h_210,f_jpg?from=ke.com
20230918,西城,马连道,101117141437,红莲中里 近达官营地铁 马连道商圈 随时可看房主自荐,658万,109521元/平,低楼层 (共18层) | 1986年建 | 2室1厅 | 60.08平米 | 西南,https://ke-image.ljcdn.com/110000-inspection/pc1_BC93sGdJz.jpg!m_fill,w_280,h_210,f_jpg?from=ke.com
20230918,西城,马连道,101117141108,北欧印象 楼层高无遮挡 小区南边是丽泽商务区,860万,103304元/平,高楼层 (共25层) | 2003年建 | 2室2厅 | 83.25平米 | 东北,https://ke-image.ljcdn.com/110000-inspection/pc1_NClcAULY3.jpg!m_fill,w_280,h_210,f_jpg?from=ke.com
20230918,西城,马连道,101117139568,西城马连道欧园西向开间业主诚心出售,409万,141181元/平,低楼层 (共28层) | 2003年建 | 1室0厅 | 28.97平米 | 西,https://ke-image.ljcdn.com/110000-inspection/pc1_dj7791WKY.jpg!m_fill,w_280,h_210,f_jpg?from=ke.com
20230918,西城,马连道,101117124684,丽泽北侧2008年小区满五年唯一看房方便房主自荐,750万,63587元/平,中楼层 (共23层) | 2008年建 | 3室1厅 | 117.95平米 | 东 南 东北,https://ke-image.ljcdn.com/110000-inspection/pc1_sIGk4SJj0.jpg!m_fill,w_280,h_210,f_jpg?from=ke.com
20230918,西城,马连道,101117101866,西城马连道东街全南两居室满五不唯一,620万,123679元/平,中楼层 (共5层) 2室1厅 | 50.13平米 | 南,https://ke-image.ljcdn.com/110000-inspection/pc1_E8x2E906j.jpg!m_fill,w_280,h_210,f_jpg?from=ke.com
20230918,西城,马连道,101117101667,马连道中里 双阳台 满五唯一 随时签约房主自荐,716万,113399元/平,低楼层 (共6层) | 1996年建 | 2室1厅 | 63.14平米 | 南 北,https://ke-image.ljcdn.com/110000-inspection/pc1_s76ycnwv5.jpg!m_fill,w_280,h_210,f_jpg?from=ke.com
20230918,西城,马连道,101117095411,此房满五唯一户型方正无浪费2001年小区 西城,780万,78456元/平,底层 (共24层) | 2001年建 | 2室1厅 | 99.42平米 | 西南,https://ke-image.ljcdn.com/110000-inspection/pc1_ZTmshNU4R.jpg!m_fill,w_280,h_210,f_jpg?from=ke.com
20230918,西城,马连道,101117090073,三义西里南北通透满五唯一商品房交通便利房主自荐,785万,82071元/平,顶层 (共6层) | 2003年建 | 2室2厅 | 95.65平米 | 南 北,https://ke-image.ljcdn.com/110000-inspection/pc1_zrR0qg9zO.jpg!m_fill,w_280,h_210,f_jpg?from=ke.com
20230918,西城,马连道,101117067130,红莲南里 户型格局好 没有遮挡 近地铁,758万,108596元/平,中楼层 (共18层) | 1990年建 | 3室1厅 | 69.8平米 | 东 南 西 北,https://ke-image.ljcdn.com/110000-inspection/pc1_WeLnbdTEG.jpg!m_fill,w_280,h_210,f_jpg?from=ke.com
20230918,西城,马连道,101117049643,红莲北里南北通透两居室满五唯一近地铁房主自荐,598万,104164元/平,顶层 (共6层) | 1986年建 | 3室1厅 | 57.41平米 | 南 北,https://ke-image.ljcdn.com/110000-inspection/pc1_yTBImpDpZ_1.jpg!m_fill,w_280,h_210,f_jpg?from=ke.com
20230918,西城,马连道,101116945184,依莲轩   西南大两居双卫     中楼层采光好 产权清晰,1090万,99290元/平,中楼层 (共26层) | 2000年建 | 2室1厅 | 109.78平米 | 西南,https://ke-image.ljcdn.com/110000-inspection/pc1_S7uzl9Jlk.jpg!m_fill,w_280,h_210,f_jpg?from=ke.com
20230918,西城,马连道,101116893658,三义东里 南北通透2居室采光好格局合理视野宽阔带车位,710万,115335元/平,底层 (共6层) | 1982年建 | 2室1厅 | 61.56平米 | 南 北,https://ke-image.ljcdn.com/110000-inspection/pc1_4hlLHUUaF.jpg!m_fill,w_280,h_210,f_jpg?from=ke.com
20230918,西城,马连道,101116890750,西城欧园全南双卫三居南向无挡采光充足,1420万,101284元/平,中楼层 (共28层) | 2003年建 | 3室1厅 | 140.2平米 | 南,https://ke-image.ljcdn.com/110000-inspection/pc1_jBVsWaExb.jpg!m_fill,w_280,h_210,f_jpg?from=ke.com
20230918,西城,马连道,101116858519,满五唯一西城区湾子地铁站全明格局两居室,745万,86118元/平,顶层 (共6层) | 1995年建 | 2室1厅 | 86.51平米 | 南 北,https://ke-image.ljcdn.com/110000-inspection/72dd412b-bc3e-4927-bda5-e7144556ab54_1000.jpg!m_fill,w_280,h_210,f_jpg?from=ke.com
20230918,西城,马连道,101116843585,常青藤嘉园2005年小区 南北通透 带电梯,1159万,127405元/平,中楼层 (共16层) | 2005年建 | 2室1厅 | 90.97平米 | 南 北,https://ke-image.ljcdn.com/110000-inspection/pc1_5SpIjRqgm.jpg!m_fill,w_280,h_210,f_jpg?from=ke.com
20230918,西城,马连道,101116841044,丽泽雅园 两居室 满五年唯一 五线交汇处,835万,74922元/平,中楼层 (共24层) | 2005年建 | 2室1厅 | 111.45平米 | 西南 北,https://ke-image.ljcdn.com/110000-inspection/pc1_5vLonNfZt.jpg!m_fill,w_280,h_210,f_jpg?from=ke.com
20230918,西城,马连道,101116830066,北欧印象 3室1厅 南,1450万,103424元/平,高楼层 (共28层) | 2003年建 | 3室1厅 | 140.2平米 | 南,https://ke-image.ljcdn.com/110000-inspection/pc1_YBS9KXJs9.jpg!m_fill,w_280,h_210,f_jpg?from=ke.com
20230918,西城,马连道,101116822335,南北通透两居室  看房方便  满五唯一,410万,77652元/平,底层 (共7层) | 1991年建 | 2室1厅 | 52.8平米 | 南 北,https://ke-image.ljcdn.com/110000-inspection/pc1_jOob0N0Vf.jpg!m_fill,w_280,h_210,f_jpg?from=ke.com
20230918,西城,马连道,101116811124,西城 丽泽商务区 湾子 欧园 西向带阳台一居室,550万,108933元/平,低楼层 (共28层) | 2003年建 | 1室0厅 | 50.49平米 | 西,https://ke-image.ljcdn.com/110000-inspection/pc1_esiuUBMcL.jpg!m_fill,w_280,h_210,f_jpg?from=ke.com
20230918,西城,马连道,101116750581,西城广外1995年单位分房南北通透格局好,585万,92784元/平,高楼层 (共6层) | 1995年建 | 2室1厅 | 63.05平米 | 南 北,https://ke-image.ljcdn.com/110000-inspection/pc1_LjDpy6Qbh.jpg!m_fill,w_280,h_210,f_jpg?from=ke.com
20230918,西城,马连道,101116707276,西城广外200年商品房一居室满五年唯一诚心出售,420万,144978元/平,顶层 (共28层) | 2003年建 | 1室1厅 | 28.97平米 | 东,https://ke-image.ljcdn.com/110000-inspection/pc1_6vVcDjFQq.jpg!m_fill,w_280,h_210,f_jpg?from=ke.com
20230918,西城,马连道,101116703816,西城区 格调小区 东南两居室 户型方正,1439万,132860元/平,低楼层 (共23层) | 2007年建 | 2室1厅 | 108.31平米 | 东南,https://ke-image.ljcdn.com/110000-inspection/pc1_6VAYOuVbd.jpg!m_fill,w_280,h_210,f_jpg?from=ke.com
20230918,西城,马连道,101116663547,西城广外2008年小区人车分流正规两居室满五唯一,945万,90587元/平,低楼层 (共27层) | 2008年建 | 2室1厅 | 104.32平米 | 西南,https://ke-image.ljcdn.com/110000-inspection/pc1_fEPJxe5z0.jpg!m_fill,w_280,h_210,f_jpg?from=ke.com
20230918,西城,马连道,101116634898,丽泽雅园丽泽商务区满五唯一精装2居室,640万,72268元/平,高楼层 (共24层) 2室1厅 | 88.56平米 | 西,https://ke-image.ljcdn.com/110000-inspection/pc1_UyCqoPBpi_1.jpg!m_fill,w_280,h_210,f_jpg?from=ke.com
20230918,西城,马连道,101116615793,西城区 马连道西里 大两居 南北通透,851万,100012元/平,低楼层 (共6层) | 1995年建 | 2室1厅 | 85.09平米 | 南 北,https://ke-image.ljcdn.com/110000-inspection/pc1_P9HCNPkvQ.jpg!m_fill,w_280,h_210,f_jpg?from=ke.com
20230918,西城,马连道,101116519921,北京家庭就这一套房房本满5年,860万,96586元/平,底层 (共23层) | 2003年建 | 2室1厅 | 89.04平米 | 南 北,https://ke-image.ljcdn.com/110000-inspection/pc1_KYdY504cV.jpg!m_fill,w_280,h_210,f_jpg?from=ke.com
20230918,西城,马连道,101116476330,马连道路5号院 南北4居室 位置采光好 交通便利 楼龄新房主自荐,1410万,81778元/平,顶层 (共6层) | 2001年建 | 4室2厅 | 172.42平米 | 南 北,https://ke-image.ljcdn.com/110000-inspection/pc1_MgEzSCPog_1.jpg!m_fill,w_280,h_210,f_jpg?from=ke.com
20230918,西城,马连道,101116374484,三路居93号院 1室1厅 西,329万,71882元/平,高楼层 (共6层) | 1996年建 | 1室1厅 | 45.77平米 | 西,https://ke-image.ljcdn.com/110000-inspection/prod-8367ae77-3a9d-4584-a0cd-5ace039f575e.jpg!m_fill,w_280,h_210,f_jpg?from=ke.com
20230918,西城,马连道,101116297134,红莲北里 东西通透三居室 中间层 满五年 临地铁房主自荐,779万,109951元/平,中楼层 (共6层) | 1980年建 | 3室1厅 | 70.85平米 | 东 西 北,https://ke-image.ljcdn.com/110000-inspection/pc1_69dVlCZ4o.jpg!m_fill,w_280,h_210,f_jpg?from=ke.com
20230918,西城,马连道,101116290247,西城 广外马连道 红莲南里 中间层 南向小两居,570万,109553元/平,中楼层 (共6层) | 1988年建 | 2室1厅 | 52.03平米 | 南,https://ke-image.ljcdn.com/110000-inspection/pc1_g8W1lfEwj.jpg!m_fill,w_280,h_210,f_jpg?from=ke.com
20230918,西城,马连道,101116277473,红莲北里 中间楼层 南北通透 没遮挡,645万,115654元/平,中楼层 (共6层) | 1980年建 | 2室1厅 | 55.77平米 | 南 北,https://ke-image.ljcdn.com/110000-inspection/pc1_FhxGRS60F.jpg!m_fill,w_280,h_210,f_jpg?from=ke.com
20230918,西城,马连道,101116217478,太平里小区  精装修一居室   楼龄新,550万,110888元/平,中楼层 (共7层) 1室1厅 | 49.6平米 | 东 西,https://ke-image.ljcdn.com/110000-inspection/pc1_LAK2YbcEN.jpg!m_fill,w_280,h_210,f_jpg?from=ke.com
20230918,西城,马连道,101116076129,户型方正好利用 大阳台 高楼层 采光视野好,950万,101355元/平,高楼层 (共23层) | 2003年建 | 2室1厅 | 93.73平米 | 西,https://ke-image.ljcdn.com/110000-inspection/pc1_IiVHaUoKU.jpg!m_fill,w_280,h_210,f_jpg?from=ke.com
20230918,西城,马连道,101116031563,西城区马连道 馨莲茗园 高楼层 视野好 朝南,790万,110505元/平,高楼层 (共25层) | 2003年建 | 2室1厅 | 71.49平米 | 南,https://ke-image.ljcdn.com/110000-inspection/pc1_zviVZumUi.jpg!m_fill,w_280,h_210,f_jpg?from=ke.com
20230918,西城,马连道,101115992737,马连道中里 2室1厅 东南 北,778万,106854元/平,低楼层 (共18层) | 1995年建 | 2室1厅 | 72.81平米 | 东南 北,https://ke-image.ljcdn.com/110000-inspection/pc1_llcVbgjUb.jpg!m_fill,w_280,h_210,f_jpg?from=ke.com
20230918,西城,马连道,101115942030,西城广外瑞莲家园正规两居诚心出售！,760万,82083元/平,低楼层 (共24层) | 2001年建 | 2室1厅 | 92.59平米 | 东,https://ke-image.ljcdn.com/110000-inspection/pc1_NPD327l9W.jpg!m_fill,w_280,h_210,f_jpg?from=ke.com
20230918,西城,马连道,101115939221,西城区太平里南北向两居  看房随时 业主诚心出售,585万,109715元/平,低楼层 (共6层) | 1998年建 | 1室1厅 | 53.32平米 | 南 北,https://ke-image.ljcdn.com/110000-inspection/pc1_bmvJAz6Lz.jpg!m_fill,w_280,h_210,f_jpg?from=ke.com
20230918,西城,马连道,101115858685,三义里 东西通透3居室 户型格局实用 交通便利房主自荐,610万,113362元/平,底层 (共6层) 3室1厅 | 53.81平米 | 东 西,https://ke-image.ljcdn.com/110000-inspection/pc1_4FJUFMoWW_1.jpg!m_fill,w_280,h_210,f_jpg?from=ke.com
20230918,西城,马连道,101115855368,西城区广安门 瑞莲家园 满五唯一 高楼层,1050万,94972元/平,顶层 (共24层) | 2001年建 | 3室1厅 | 110.56平米 | 西 南,https://ke-image.ljcdn.com/110000-inspection/pc1_qLrdskBCs.jpg!m_fill,w_280,h_210,f_jpg?from=ke.com
20230918,西城,马连道,101115854224,红莲南里 南北通透两居室 央产房 视野好 不临街房主自荐,569万,104251元/平,顶层 (共6层) | 1987年建 | 2室1厅 | 54.58平米 | 南 北,https://ke-image.ljcdn.com/110000-inspection/pc1_qP6FPog9D.jpg!m_fill,w_280,h_210,f_jpg?from=ke.com
20230918,西城,马连道,101115810691,丽泽商务区南北通透两居室满五年看房方便,375万,66929元/平,低楼层 (共6层) 2室1厅 | 56.03平米 | 南 北,https://ke-image.ljcdn.com/110000-inspection/pc1_k8Q6tPd1U_1.jpg!m_fill,w_280,h_210,f_jpg?from=ke.com
20230918,西城,马连道,101115669247,信和嘉园 南北通透三居室 三面采光 业主诚心出售,2050万,144693元/平,中楼层 (共20层) | 2007年建 | 3室2厅 | 141.68平米 | 东南 北,https://ke-image.ljcdn.com/110000-inspection/pc1_AzsdnN9lR.jpg!m_fill,w_280,h_210,f_jpg?from=ke.com
20230918,西城,马连道,101115657578,丽泽雅园 满五年唯一2居室 看房方便,688万,81363元/平,高楼层 (共24层) | 2009年建 | 2室1厅 | 84.56平米 | 东 北,https://ke-image.ljcdn.com/110000-inspection/pc1_jlgmK622P.jpg!m_fill,w_280,h_210,f_jpg?from=ke.com
20230918,西城,马连道,101115506017,此房满五年唯一3居室诚心出售丽泽商务区,763万,64242元/平,高楼层 (共23层) | 2008年建 | 3室1厅 | 118.77平米 | 东北,https://ke-image.ljcdn.com/110000-inspection/pc1_sg5OcZHF7.jpg!m_fill,w_280,h_210,f_jpg?from=ke.com
20230918,西城,马连道,101115440770,马连道中里 中间层 南北通透两居 满五唯一,770万,121952元/平,中楼层 (共6层) | 1996年建 | 2室1厅 | 63.14平米 | 南 北,https://ke-image.ljcdn.com/110000-inspection/pc1_LfFLXggYK.jpg!m_fill,w_280,h_210,f_jpg?from=ke.com
20230918,西城,马连道,101115204039,建茗苑 丽泽北侧 二环内 2008年正规三居室,730万,62086元/平,底层 (共23层) | 2008年建 | 3室2厅 | 117.58平米 | 西北,https://ke-image.ljcdn.com/110000-inspection/pc1_Xx4SnWrTL.jpg!m_fill,w_280,h_210,f_jpg?from=ke.com
20230918,西城,马连道,101114986060,南北通透两居室 钢混结构 交通便利 诚心出售,716万,101835元/平,中楼层 (共14层) 2室1厅 | 70.31平米 | 南 北,https://ke-image.ljcdn.com/110000-inspection/pc1_2OcPhN0Ya.jpg!m_fill,w_280,h_210,f_jpg?from=ke.com
20230918,西城,马连道,101114904228,广安门 满五年唯一高楼层无遮挡 视野开阔 丽泽商务区,898万,97822元/平,顶层 (共15层) 2室1厅 | 91.8平米 | 南 西,https://ke-image.ljcdn.com/110000-inspection/pc1_ciik0wEXL.jpg!m_fill,w_280,h_210,f_jpg?from=ke.com
20230918,西城,马连道,101114854361,红莲北里  南北通透 采光视野好 精装修可拎包入住,598万,104073元/平,顶层 (共6层) | 1980年建 | 2室1厅 | 57.46平米 | 南 北,https://ke-image.ljcdn.com/110000-inspection/pc1_UhUythkGv.jpg!m_fill,w_280,h_210,f_jpg?from=ke.com
20230918,西城,马连道,101114697144,丽泽雅园方正三居三室两卫户型合理。,1050万,81586元/平,低楼层 (共24层) | 2007年建 | 3室1厅 | 128.7平米 | 东南,https://ke-image.ljcdn.com/110000-inspection/pc1_blK4BIPSJ.jpg!m_fill,w_280,h_210,f_jpg?from=ke.com
20230918,西城,马连道,101114678330,欣园小区板楼南北通透一居室近丽泽金融商务区,348万,77975元/平,低楼层 (共6层) 1室1厅 | 44.63平米 | 南 北,https://ke-image.ljcdn.com/110000-inspection/pc1_wmb2E6q92_1.jpg!m_fill,w_280,h_210,f_jpg?from=ke.com
20230918,西城,马连道,101114673219,西城广外 马连道东街 精装 南北 一层 两居 达官营地铁,649万,131244元/平,底层 (共5层) | 1979年建 | 2室1厅 | 49.45平米 | 南 北,https://ke-image.ljcdn.com/110000-inspection/pc1_nt7nm7ZXq_1.jpg!m_fill,w_280,h_210,f_jpg?from=ke.com
20230918,西城,马连道,101114666412,马连道南街1号院依莲轩马连道南街1号院,1500万,111516元/平,中楼层 (共24层) | 2001年建 | 3室1厅 | 134.51平米 | 南,https://ke-image.ljcdn.com/110000-inspection/pc1_Nspv6DBMx.jpg!m_fill,w_280,h_210,f_jpg?from=ke.com
20230918,西城,马连道,101114581787,此房满五年唯一商品房双阳台小区出门就是地铁,610万,102367元/平,低楼层 (共16层) | 1988年建 | 2室1厅 | 59.59平米 | 西北,https://ke-image.ljcdn.com/110000-inspection/pc1_vvVC7N9H2.jpg!m_fill,w_280,h_210,f_jpg?from=ke.com
20230918,西城,马连道,101114543815,丽泽雅园无遮挡视野好业主诚心出售,800万,81733元/平,中楼层 (共24层) | 2006年建 | 2室1厅 | 97.88平米 | 东北 南,https://ke-image.ljcdn.com/110000-inspection/pc1_e1uXP4JDj.jpg!m_fill,w_280,h_210,f_jpg?from=ke.com
20230918,西城,马连道,101114448398,红莲中里 正规一居室 精装修 中间层带电梯 满五年,610万,117038元/平,中楼层 (共18层) | 1996年建 | 2室1厅 | 52.12平米 | 东,https://ke-image.ljcdn.com/110000-inspection/a5035ba1-7d4b-4b6a-8c20-c4294bed0bb7_1000.jpg!m_fill,w_280,h_210,f_jpg?from=ke.com
20230918,西城,马连道,101114404029,马连道中里 两居室 明厨明卫 满五年 临地铁  价格可谈,550万,97191元/平,底层 (共6层) | 1996年建 | 2室1厅 | 56.59平米 | 西北,https://ke-image.ljcdn.com/110000-inspection/pc1_gLgHFkLtF.jpg!m_fill,w_280,h_210,f_jpg?from=ke.com
20230918,西城,马连道,101114401828,此房满五年高楼层视野采光无遮挡诚心出售,675万,110929元/平,中楼层 (共23层) | 2003年建 | 1室1厅 | 60.85平米 | 东南,https://ke-image.ljcdn.com/110000-inspection/pc1_ZG3dLIakW.jpg!m_fill,w_280,h_210,f_jpg?from=ke.com
20230918,西城,马连道,101114316998,东西通透 全天都可以采光 业主诚心出售,620万,101159元/平,顶层 (共6层) | 1986年建 | 2室1厅 | 61.29平米 | 西 东,https://ke-image.ljcdn.com/110000-inspection/pc1_UcFxPCRcx_1.jpg!m_fill,w_280,h_210,f_jpg?from=ke.com
20230918,西城,马连道,101114303734,马连道中街  东西小三居 看房方便,720万,100615元/平,顶层 (共6层) | 1980年建 | 2室1厅 | 71.56平米 | 东 西,https://ke-image.ljcdn.com/110000-inspection/pc1_QjcV7Vvvy.jpg!m_fill,w_280,h_210,f_jpg?from=ke.com
20230918,西城,马连道,101114193371,丽泽雅园 东南两居 无遮挡 采光好  满五年唯一,938万,79499元/平,低楼层 (共24层) | 2006年建 | 2室2厅 | 117.99平米 | 东南,https://ke-image.ljcdn.com/110000-inspection/pc1_yRT9p0Yfj.jpg!m_fill,w_280,h_210,f_jpg?from=ke.com
20230918,西城,马连道,101114099840,红莲北里 南北通透精装修两居 不临街 离地铁近 诚心卖房主自荐,672万,117053元/平,高楼层 (共6层) | 1983年建 | 2室1厅 | 57.41平米 | 南 北,https://ke-image.ljcdn.com/110000-inspection/pc1_D7YlDYaDl.jpg!m_fill,w_280,h_210,f_jpg?from=ke.com
20230918,西城,马连道,101114025727,丽泽雅园 东南大两居 丽泽商务区,820万,77652元/平,顶层 (共24层) | 2006年建 | 2室1厅 | 105.6平米 | 东 南,https://ke-image.ljcdn.com/110000-inspection/pc1_pwdiK974u.jpg!m_fill,w_280,h_210,f_jpg?from=ke.com
20230918,西城,马连道,101113961958,建茗苑小区2008年建成 东南北正规三居室 满五唯一,751万,63672元/平,中楼层 (共23层) | 2008年建 | 3室1厅 | 117.95平米 | 东南 北,https://ke-image.ljcdn.com/110000-inspection/pc1_xDljK92k9.jpg!m_fill,w_280,h_210,f_jpg?from=ke.com
20230918,西城,马连道,101113627989,诚心出售满五年朝西向户型方正安静不临街。房主自荐,339万,64980元/平,中楼层 (共6层) | 1996年建 | 1室1厅 | 52.17平米 | 西,https://ke-image.ljcdn.com/110000-inspection/pc1_xLfFd94XW_1.jpg!m_fill,w_280,h_210,f_jpg?from=ke.com
20230918,西城,马连道,101113603053,红莲中里 东南向两居室 明厨明卫 满五唯一,650万,110338元/平,中楼层 (共6层) | 1991年建 | 2室1厅 | 58.91平米 | 东南,https://ke-image.ljcdn.com/110000-inspection/pc1_TnqP4FS1l.jpg!m_fill,w_280,h_210,f_jpg?from=ke.com
20230918,西城,马连道,101113481213,满五唯一 西南向两居室 高楼层视野好,799万,92617元/平,中楼层 (共27层) | 2005年建 | 2室1厅 | 86.27平米 | 西南,https://ke-image.ljcdn.com/110000-inspection/e63ad6f6-6f3c-4ac8-a8b0-9edc6b4b2ce1_1000.jpg!m_fill,w_280,h_210,f_jpg?from=ke.com
20230918,西城,马连道,101113046107,马连道 高楼5号院 东南北正规三居 高楼层 采光充足,625万,66774元/平,中楼层 (共23层) | 2008年建 | 3室1厅 | 93.6平米 | 东 南 北,https://ke-image.ljcdn.com/110000-inspection/pc1_hG80Qv1ig.jpg!m_fill,w_280,h_210,f_jpg?from=ke.com
20230918,西城,马连道,101112939540,此房是满五年唯一商品房东南朝向三居室诚心出售,1160万,74359元/平,底层 (共24层) | 2005年建 | 3室1厅 | 156平米 | 东南,https://ke-image.ljcdn.com/110000-inspection/pc1_N2Dm4ye2r_1.jpg!m_fill,w_280,h_210,f_jpg?from=ke.com
20230918,西城,马连道,101112173000,中间层南北通透厨卫全明近地铁公园诚售可签房主自荐,830万,135092元/平,中楼层 (共6层) | 1986年建 | 2室1厅 | 61.44平米 | 南 北,https://ke-image.ljcdn.com/110000-inspection/pc1_1xDakWlc7_1.jpg!m_fill,w_280,h_210,f_jpg?from=ke.com
20230918,西城,马连道,101112080727,马连道中里 明厨明卫 南北三居室,982万,124953元/平,中楼层 (共6层) | 1996年建 | 3室1厅 | 78.59平米 | 南 西 北,https://ke-image.ljcdn.com/110000-inspection/pc1_7uuuUjIlP_1.jpg!m_fill,w_280,h_210,f_jpg?from=ke.com
20230918,西城,马连道,101112070848,西城 广外 2005年商品房 两梯六户 朝南一居室！,710万,111900元/平,高楼层 (共16层) | 2005年建 | 1室1厅 | 63.45平米 | 南,https://ke-image.ljcdn.com/110000-inspection/pc1_cpTBXKohg.jpg!m_fill,w_280,h_210,f_jpg?from=ke.com
20230918,西城,马连道,101111979266,红莲北里 方正格局南北通透三居室房主自荐,790万,115329元/平,顶层 (共6层) | 1983年建 | 3室1厅 | 68.5平米 | 南 北,https://ke-image.ljcdn.com/110000-inspection/pc1_mPv0OyHCe.jpg!m_fill,w_280,h_210,f_jpg?from=ke.com
20230918,西城,马连道,101111930367,西城区  马连道中里一区 正规两居室 满五年唯一,610万,94898元/平,底层 (共6层) | 1996年建 | 2室1厅 | 64.28平米 | 东 西,https://ke-image.ljcdn.com/110000-inspection/pc1_f9u2RqwqP_1.jpg!m_fill,w_280,h_210,f_jpg?from=ke.com
20230918,西城,马连道,101111200923,常青藤嘉园朝东一居室 商品房社区 环境好 物业管理好,590万,108576元/平,低楼层 (共22层) | 2005年建 | 1室1厅 | 54.34平米 | 东,https://ke-image.ljcdn.com/110000-inspection/pc1_gqRoy1fES_1.jpg!m_fill,w_280,h_210,f_jpg?from=ke.com
20230918,西城,马连道,101110227709,常青藤嘉园 两室 明厨明卫  满五唯一,1090万,119048元/平,中楼层 (共22层) | 2005年建 | 2室1厅 | 91.56平米 | 西北,https://ke-image.ljcdn.com/110000-inspection/pc1_B2t810Wje_1.jpg!m_fill,w_280,h_210,f_jpg?from=ke.com
20230918,西城,马连道,101105023834,户型方正 南北向   四居室  满五年,1180万,79881元/平,中楼层 (共6层) | 1996年建 | 4室2厅 | 147.72平米 | 南 北,https://ke-image.ljcdn.com/110000-inspection/prod-75c40013-3219-4ef2-be00-77773f0f6bf6.jpg!m_fill,w_280,h_210,f_jpg?from=ke.com
20230918,西城,马连道,101121126870,红莲南里 2室1厅 南 北新上,610万,101111元/平,高楼层 (共7层) | 1991年建 | 2室1厅 | 60.33平米 | 南 北,https://ke-image.ljcdn.com/110000-inspection/pc1_SEGsuKIyY.jpg!m_fill,w_280,h_210,f_jpg?from=ke.com
20230918,西城,马连道,101121099848,网签高相当于满五唯一户型方正新上,368万,70865元/平,地下室 (共7层) 2室1厅 | 51.93平米 | 西北,https://ke-image.ljcdn.com/110000-inspection/pc1_gn0nTfQvH_1.jpg!m_fill,w_280,h_210,f_jpg?from=ke.com
20230918,西城,马连道,101121093552,南北通透通风效果好安心置业95年小区。新上,585万,93886元/平,高楼层 (共6层) | 1995年建 | 2室1厅 | 62.31平米 | 南 北,https://ke-image.ljcdn.com/110000-inspection/pc1_BQ1gBTQVa.jpg!m_fill,w_280,h_210,f_jpg?from=ke.com
20230918,西城,马连道,101121090585,西城区 红莲南里 南北通透两居 满五唯一 诚心出售新上,590万,109402元/平,中楼层 (共6层) | 1989年建 | 2室1厅 | 53.93平米 | 南 北,https://ke-image.ljcdn.com/110000-inspection/pc1_Vh5Zfvy7w.jpg!m_fill,w_280,h_210,f_jpg?from=ke.com
20230918,西城,马连道,101121084665,马连道西里 满五年唯一 好楼层不遮挡新上,598万,84547元/平,高楼层 (共6层) | 1985年建 | 3室1厅 | 70.73平米 | 东 南 西,https://ke-image.ljcdn.com/110000-inspection/pc1_RO03BufFG.jpg!m_fill,w_280,h_210,f_jpg?from=ke.com
20230918,西城,马连道,101121072609,马连道中里塔楼精装一居室 满五年 看房方便诚心出售新上,530万,121868元/平,中楼层 (共18层) | 1998年建 | 1室1厅 | 43.49平米 | 南,https://ke-image.ljcdn.com/110000-inspection/pc1_gdgi4sbfJ.jpg!m_fill,w_280,h_210,f_jpg?from=ke.com
20230918,西城,马连道,101121067562,满五年唯一 正规一室一厅 新华社福利分房新上,699万,106751元/平,高楼层 (共22层) 1室1厅 | 65.48平米 | 西,https://ke-image.ljcdn.com/110000-inspection/pc1_Yx7Rg8puj.jpg!m_fill,w_280,h_210,f_jpg?from=ke.com
20230918,西城,马连道,101121067058,西城马连道朝西三居室双卫诚心出售采光无遮挡新上,935万,98921元/平,底层 (共28层) | 2003年建 | 3室1厅 | 94.52平米 | 西,https://ke-image.ljcdn.com/110000-inspection/pc1_ZaM87gtQC.jpg!m_fill,w_280,h_210,f_jpg?from=ke.com
20230918,西城,马连道,101121065341,红莲中里 2室1厅 南 西新上,650万,109244元/平,中楼层 (共16层) 2室1厅 | 59.5平米 | 南 西,https://ke-image.ljcdn.com/110000-inspection/pc1_2YVItdKJ1.jpg!m_fill,w_280,h_210,f_jpg?from=ke.com
20230918,西城,马连道,101121057138,格调 楼层好房屋视野宽阔小区中间位置前后花园新上,1320万,125345元/平,高楼层 (共14层) | 2004年建 | 2室1厅 | 105.31平米 | 南,https://ke-image.ljcdn.com/110000-inspection/pc1_CTvZhLohO.jpg!m_fill,w_280,h_210,f_jpg?from=ke.com
20230918,西城,马连道,101121034781,欧园小区西城区价格合理值得拥有新上,485万,110756元/平,中楼层 (共28层) | 2003年建 | 1室1厅 | 43.79平米 | 北,https://ke-image.ljcdn.com/110000-inspection/pc1_sgtz6hYK2.jpg!m_fill,w_280,h_210,f_jpg?from=ke.com
20230918,西城,马连道,101121033951,馨莲茗园 1室1厅 东南新上,830万,112512元/平,高楼层 (共25层) 1室1厅 | 73.77平米 | 东南,https://ke-image.ljcdn.com/110000-inspection/pc1_WulBJVFVs_1.jpg!m_fill,w_280,h_210,f_jpg?from=ke.com
20230918,西城,马连道,101121027851,红莲北里17号院 1室1厅 西新上,710万,122859元/平,中楼层 (共19层) | 1999年建 | 1室1厅 | 57.79平米 | 西,https://ke-image.ljcdn.com/110000-inspection/pc1_XI1zLD5md.jpg!m_fill,w_280,h_210,f_jpg?from=ke.com
20230918,西城,马连道,101121011767,西城区 马连道中里一区 南向 看房方便 视野采光好新上,528万,127414元/平,低楼层 (共18层) | 1997年建 | 1室1厅 | 41.44平米 | 南,https://ke-image.ljcdn.com/110000-inspection/pc1_bALifRnSU.jpg!m_fill,w_280,h_210,f_jpg?from=ke.com
20230918,西城,马连道,101120988307,西城 广外 马连道三巷  不临街 没遮挡 诚心卖,587万,94041元/平,中楼层 (共5层) | 1974年建 | 3室1厅 | 62.42平米 | 西南 北,https://ke-image.ljcdn.com/110000-inspection/pc1_xjiVjFqhx.jpg!m_fill,w_280,h_210,f_jpg?from=ke.com
20230918,西城,马连道,101120986687,红莲中里 2室1厅 西北,740万,99852元/平,高楼层 (共16层) | 1988年建 | 2室1厅 | 74.11平米 | 西北,https://ke-image.ljcdn.com/110000-inspection/pc1_LYAfjpXVb.jpg!m_fill,w_280,h_210,f_jpg?from=ke.com
20230918,西城,马连道,101120973881,红莲北里 2室1厅 南 北房主自荐,635万,102058元/平,顶层 (共6层) | 1980年建 | 2室1厅 | 62.22平米 | 南 北,https://ke-image.ljcdn.com/110000-inspection/pc1_plIXe7hGq.jpg!m_fill,w_280,h_210,f_jpg?from=ke.com
20230918,西城,马连道,101120966787,广安门 达官营 南向两居 婚房精装40万 2000年 视野好,770万,97965元/平,中楼层 (共14层) | 2000年建 | 1室1厅 | 78.6平米 | 南,https://ke-image.ljcdn.com/110000-inspection/pc1_Y5tT0MpnJ.jpg!m_fill,w_280,h_210,f_jpg?from=ke.com
20230918,西城,马连道,101120961353,马连道中里西南2居 视野开阔无遮挡 少有的特殊户型,850万,127955元/平,高楼层 (共18层) 2室1厅 | 66.43平米 | 西南,https://ke-image.ljcdn.com/110000-inspection/pc1_6pXfcMcqc_1.jpg!m_fill,w_280,h_210,f_jpg?from=ke.com
20230918,西城,马连道,101120946573,马连道中里 2室1厅 南 北,682万,114912元/平,中楼层 (共6层) 2室1厅 | 59.35平米 | 南 北,https://ke-image.ljcdn.com/110000-inspection/pc1_wi0blRTlM.jpg!m_fill,w_280,h_210,f_jpg?from=ke.com
20230918,西城,马连道,101120942959,南北三居带车位 非顶层视野开阔无遮挡 公积金贷款可选,1330万,114794元/平,高楼层 (共6层) | 1998年建 | 3室1厅 | 115.86平米 | 南 北,https://ke-image.ljcdn.com/110000-inspection/pc1_nE4EGtgM9.jpg!m_fill,w_280,h_210,f_jpg?from=ke.com
20230918,西城,马连道,101120925023,马连道中里 南向采光好 上下楼方便,570万,97503元/平,低楼层 (共12层) | 1996年建 | 1室1厅 | 58.46平米 | 南 北,https://ke-image.ljcdn.com/110000-inspection/pc1_jFaFPAfNT_1.jpg!m_fill,w_280,h_210,f_jpg?from=ke.com
20230918,西城,马连道,101120918086,西城区 正规一室一厅 满五年唯一 诚心出售 看房方便房主自荐,522万,105242元/平,中楼层 (共7层) 1室1厅 | 49.6平米 | 东 西,https://ke-image.ljcdn.com/110000-inspection/pc1_eWBRVEYs0.jpg!m_fill,w_280,h_210,f_jpg?from=ke.com
20230918,西城,马连道,101120917838,红莲南里南北通透 满五唯一近地铁停车方便,585万,102993元/平,高楼层 (共6层) | 1984年建 | 3室1厅 | 56.8平米 | 南 北,https://ke-image.ljcdn.com/110000-inspection/pc1_MztAtLOjs.jpg!m_fill,w_280,h_210,f_jpg?from=ke.com
20230918,西城,马连道,101120917356,丽泽雅园东南北向两居室通风好,809万,72589元/平,低楼层 (共24层) | 2005年建 | 3室1厅 | 111.45平米 | 东南 北,https://ke-image.ljcdn.com/110000-inspection/pc1_BVSgHfBUc.jpg!m_fill,w_280,h_210,f_jpg?from=ke.com
20230918,西城,马连道,101120875083,西城 广外 马连道 正规两居 2003年 纯商品房 满五唯一,975万,104023元/平,低楼层 (共23层) | 2003年建 | 2室1厅 | 93.73平米 | 西 西南,https://ke-image.ljcdn.com/110000-inspection/pc1_AhPPJXmN9.jpg!m_fill,w_280,h_210,f_jpg?from=ke.com
20230918,西城,马连道,101120871467,茗筑西城区满五年唯一西南2居室业主诚心出售,810万,93892元/平,中楼层 (共27层) | 2008年建 | 2室1厅 | 86.27平米 | 西南,https://ke-image.ljcdn.com/110000-inspection/pc1_HXrIxiI5W.jpg!m_fill,w_280,h_210,f_jpg?from=ke.com
20230918,西城,马连道,101120866932,西环景苑 大三居 东南 满五唯一 商品房 格局好 采光好,1397万,109578元/平,低楼层 (共19层) 3室1厅 | 127.49平米 | 东南,https://ke-image.ljcdn.com/110000-inspection/pc1_RqXGQmi9D.jpg!m_fill,w_280,h_210,f_jpg?from=ke.com
20230918,西城,马连道,101120862664,马连道中里 楼层高 视野好 满五年,605万,105604元/平,顶层 (共6层) 2室1厅 | 57.29平米 | 南,https://ke-image.ljcdn.com/110000-inspection/pc1_0KzhzZJE6.jpg!m_fill,w_280,h_210,f_jpg?from=ke.com
20230918,西城,马连道,101120857220,常青藤嘉园朝南一室一厅满五唯一户型好精装修房主自荐,860万,125603元/平,中楼层 (共16层) | 2005年建 | 1室1厅 | 68.47平米 | 南,https://ke-image.ljcdn.com/110000-inspection/pc1_GdAcDHfrr.jpg!m_fill,w_280,h_210,f_jpg?from=ke.com
20230918,西城,马连道,101120833708,红莲晴园 东向2居室 带电梯 精装修 采光视野好 楼龄新房主自荐,838万,103713元/平,低楼层 (共22层) 2室1厅 | 80.8平米 | 东南,https://ke-image.ljcdn.com/110000-inspection/pc1_TW2nZYlBx.jpg!m_fill,w_280,h_210,f_jpg?from=ke.com
20230918,西城,马连道,101120780486,红莲北里 南北通透 全明格局 精装修周边环境好,703万,119680元/平,高楼层 (共6层) | 1987年建 | 3室1厅 | 58.74平米 | 东 南 北,https://ke-image.ljcdn.com/110000-inspection/pc1_7laS4P5R1.jpg!m_fill,w_280,h_210,f_jpg?from=ke.com
20230918,西城,马连道,101120752600,马连道欣园东路南北通透精装两居,363万,63274元/平,顶层 (共6层) 2室1厅 | 57.37平米 | 南 北,https://ke-image.ljcdn.com/110000-inspection/e3d5e441-7272-47a0-abd4-56045ef7998b_1000.jpg!m_fill,w_280,h_210,f_jpg?from=ke.com
20230918,西城,马连道,101120752268,西城 店长强推好房  马连道道 红莲北里全南两居室,548万,100625元/平,顶层 (共6层) 2室1厅 | 54.46平米 | 南,https://ke-image.ljcdn.com/110000-inspection/pc1_d59crCl9g.jpg!m_fill,w_280,h_210,f_jpg?from=ke.com
20230918,西城,马连道,101120723430,红莲中里 2室1厅 东南,569万,105157元/平,中楼层 (共6层) | 1987年建 | 2室1厅 | 54.11平米 | 东南,https://ke-image.ljcdn.com/110000-inspection/pc1_aV4Q0HXJs.jpg!m_fill,w_280,h_210,f_jpg?from=ke.com
20230918,西城,马连道,101120715928,西城广外 常青藤嘉园  满五唯一 配套成熟 交通便利,858万,105458元/平,高楼层 (共11层) | 2005年建 | 2室1厅 | 81.36平米 | 东,https://ke-image.ljcdn.com/110000-inspection/pc1_IaBygzF6c.jpg!m_fill,w_280,h_210,f_jpg?from=ke.com
20230918,西城,马连道,101120689014,西城 马连道 瑞莲家园 正对丽泽商务区 采光充足,770万,83163元/平,中楼层 (共24层) 2室1厅 | 92.59平米 | 东,https://ke-image.ljcdn.com/110000-inspection/pc1_MiF5iIIay.jpg!m_fill,w_280,h_210,f_jpg?from=ke.com
20230918,西城,马连道,101120676775,丽泽商务区 茗筑 西南向 人车分流 电梯房 配套全房主自荐,880万,87615元/平,低楼层 (共27层) 2室1厅 | 100.44平米 | 西南,https://ke-image.ljcdn.com/110000-inspection/pc1_rLjGjt4Yu.jpg!m_fill,w_280,h_210,f_jpg?from=ke.com
20230918,西城,马连道,101120645286,西城区 常青藤嘉园 满五唯一 南向一居,690万,108748元/平,顶层 (共16层) | 2005年建 | 1室1厅 | 63.45平米 | 南,https://ke-image.ljcdn.com/110000-inspection/pc1_HucUFNkmX.jpg!m_fill,w_280,h_210,f_jpg?from=ke.com
20230918,西城,马连道,101120621882,欣园小区 1室1厅 南 北,349万,78339元/平,高楼层 (共6层) 1室1厅 | 44.55平米 | 南 北,https://ke-image.ljcdn.com/110000-inspection/5169edd9-460a-4f71-b02a-75aaeb8b9b5b_1000.jpg!m_fill,w_280,h_210,f_jpg?from=ke.com
20230918,西城,马连道,101120614915,红莲南里 3室1厅 南 西 北,742万,104361元/平,顶层 (共18层) | 1995年建 | 3室1厅 | 71.1平米 | 南 西 北,https://ke-image.ljcdn.com/110000-inspection/0d5aca74-f4ab-479f-b842-4139b88d01f6_1000.jpg!m_fill,w_280,h_210,f_jpg?from=ke.com
20230918,西城,马连道,101120600894,丽泽雅园 临丽泽商务区 满五年唯一  09年商品房,599万,75498元/平,低楼层 (共24层) 2室1厅 | 79.34平米 | 北,https://ke-image.ljcdn.com/110000-inspection/pc1_dGtaP9D2w.jpg!m_fill,w_280,h_210,f_jpg?from=ke.com
20230918,西城,马连道,101120510973,拎包入住 中间楼层 户型好 看房有钥匙  随时可看,479万,132284元/平,低楼层 (共6层) | 1984年建 | 1室1厅 | 36.21平米 | 南,https://ke-image.ljcdn.com/110000-inspection/pc1_Pg2hLrKP3_1.jpg!m_fill,w_280,h_210,f_jpg?from=ke.com
20230918,西城,马连道,101120469852,西城  欧园  正对丽泽商区  全南 正对小区花园,1360万,114681元/平,低楼层 (共25层) 3室1厅 | 118.59平米 | 南,https://ke-image.ljcdn.com/110000-inspection/pc1_NgrfLYhkT.jpg!m_fill,w_280,h_210,f_jpg?from=ke.com
20230918,西城,马连道,101120405371,红莲北里全南两居室 中间层 满五年房 随时可签可看,590万,108456元/平,中楼层 (共6层) | 1980年建 | 2室1厅 | 54.4平米 | 南,https://ke-image.ljcdn.com/110000-inspection/pc1_OAK4NENUr.jpg!m_fill,w_280,h_210,f_jpg?from=ke.com
20230918,西城,马连道,101120375468,建茗苑高楼层两居室精装修俯瞰西山视野好,630万,67143元/平,顶层 (共23层) | 2008年建 | 2室1厅 | 93.83平米 | 西南,https://ke-image.ljcdn.com/110000-inspection/pc1_r8PSd41V0.jpg!m_fill,w_280,h_210,f_jpg?from=ke.com
20230918,西城,马连道,101120375141,西城区马连道西里小区精装全南朝向两居室,518万,96932元/平,顶层 (共5层) | 1976年建 | 2室1厅 | 53.44平米 | 南,https://ke-image.ljcdn.com/110000-inspection/pc1_joNemS4NW.jpg!m_fill,w_280,h_210,f_jpg?from=ke.com
20230918,西城,马连道,101120369246,西城区 欧园  西向开间 16号线 7号线 双地铁,418万,144288元/平,顶层 (共28层) | 2003年建 | 1室0厅 | 28.97平米 | 西,https://ke-image.ljcdn.com/110000-inspection/3fa1dd5d-2108-45b8-8c92-613e508c843f_1000.jpg!m_fill,w_280,h_210,f_jpg?from=ke.com
20230918,西城,马连道,101120350403,西城好房不错过南北通透采光无遮挡配套齐全,460万,81215元/平,地下室 (共7层) | 1992年建 | 2室1厅 | 56.64平米 | 南 北,https://ke-image.ljcdn.com/110000-inspection/pc1_ON0696zSo.jpg!m_fill,w_280,h_210,f_jpg?from=ke.com
20230918,西城,马连道,101120348864,二环边丽泽商务区南北两居80平米花园人车分流带车位,1120万,94651元/平,底层 (共15层) 2室2厅 | 118.33平米 | 南 北,https://ke-image.ljcdn.com/110000-inspection/pc1_CjvjNA4sn.jpg!m_fill,w_280,h_210,f_jpg?from=ke.com
20230918,西城,马连道,101120334195,西城区太平里 正规东南两居 户型方正 诚心出售,840万,99034元/平,低楼层 (共16层) 2室1厅 | 84.82平米 | 东南,https://ke-image.ljcdn.com/110000-inspection/pc1_jQ8ueP0p0.jpg!m_fill,w_280,h_210,f_jpg?from=ke.com
20230918,西城,马连道,101120306904,丽泽雅园 满五年唯一商品房 高楼层无遮挡,798万,71602元/平,高楼层 (共24层) | 2005年建 | 2室1厅 | 111.45平米 | 东南 北,https://ke-image.ljcdn.com/110000-inspection/pc1_CpGkcffdC.jpg!m_fill,w_280,h_210,f_jpg?from=ke.com
20230918,西城,马连道,101120284230,丽泽商务区、总价实惠三居室装修好、近地铁16号线。,515万,67294元/平,顶层 (共6层) 3室1厅 | 76.53平米 | 东南 北,https://ke-image.ljcdn.com/110000-inspection/pc1_P10h9jAmy_1.jpg!m_fill,w_280,h_210,f_jpg?from=ke.com
20230918,西城,马连道,101120278029,满五唯一适合四世同堂家庭居住复式房主自荐,1150万,90982元/平,顶层 (共6层) 3室2厅 | 126.4平米 | 东 南,https://ke-image.ljcdn.com/110000-inspection/pc1_zaxbl9U9D.jpg!m_fill,w_280,h_210,f_jpg?from=ke.com
20230918,西城,马连道,101120276568,西城马连道 马连道中里精装修一居室,540万,130309元/平,低楼层 (共18层) | 1995年建 | 1室1厅 | 41.44平米 | 东南,https://ke-image.ljcdn.com/110000-inspection/pc1_KvTEWwg2D.jpg!m_fill,w_280,h_210,f_jpg?from=ke.com
20230918,西城,马连道,101120256918,西城马连道中里一区一居室诚意出售满五年唯一,499万,111335元/平,高楼层 (共6层) 2室1厅 | 44.82平米 | 南,https://ke-image.ljcdn.com/110000-inspection/pc1_gwCMHBAzy.jpg!m_fill,w_280,h_210,f_jpg?from=ke.com
20230918,西城,马连道,101120198492,丽泽商务区丽泽雅园09年楼龄地铁14号线,540万,88034元/平,高楼层 (共24层) | 2007年建 | 1室1厅 | 61.34平米 | 南,https://ke-image.ljcdn.com/110000-inspection/pc1_VLfJXa9Xp.jpg!m_fill,w_280,h_210,f_jpg?from=ke.com
20230918,西城,马连道,101120193977,满五年唯一精装修 有平台南北通透 铁道部家属楼靠谱卖,639万,97602元/平,顶层 (共5层) | 1998年建 | 2室1厅 | 65.47平米 | 南 北,https://ke-image.ljcdn.com/110000-inspection/pc1_cbORnEXis.jpg!m_fill,w_280,h_210,f_jpg?from=ke.com
20230918,西城,马连道,101120092123,依莲轩正规一居室满五年唯一业主急售稳定签约,658万,94759元/平,低楼层 (共26层) | 2000年建 | 1室1厅 | 69.44平米 | 西 南,https://ke-image.ljcdn.com/110000-inspection/pc1_J9Ldru0zN.jpg!m_fill,w_280,h_210,f_jpg?from=ke.com
20230918,西城,马连道,101120058910,三路居93号院南北通透满五唯一三居室,670万,78787元/平,中楼层 (共6层) | 1996年建 | 3室1厅 | 85.04平米 | 南 北,https://ke-image.ljcdn.com/110000-inspection/pc1_yK68Tquuq_1.jpg!m_fill,w_280,h_210,f_jpg?from=ke.com
20230918,西城,马连道,101120057563,西城区马连道商圈优质2居室-依莲轩,968万,102935元/平,低楼层 (共26层) 2室1厅 | 94.04平米 | 东南,https://ke-image.ljcdn.com/110000-inspection/pc1_8w1MaBC8t.jpg!m_fill,w_280,h_210,f_jpg?from=ke.com
20230918,西城,马连道,101120052469,此房满五年唯一南北通透田字格户型明厨明卫房主自荐,700万,96433元/平,底层 (共5层) | 1976年建 | 3室1厅 | 72.59平米 | 南 北,https://ke-image.ljcdn.com/110000-inspection/pc1_eqtd8TtB2.jpg!m_fill,w_280,h_210,f_jpg?from=ke.com
20230918,西城,马连道,101120042631,西城区 满五唯一 马连道中里 带客厅两居 精装修,720万,117150元/平,高楼层 (共6层) | 1995年建 | 2室1厅 | 61.46平米 | 南 北,https://ke-image.ljcdn.com/110000-inspection/pc1_XoAGlY8Fz.jpg!m_fill,w_280,h_210,f_jpg?from=ke.com
20230918,西城,马连道,101119940604,丽泽雅园 商品房满五唯一 东南朝向三居室 看房方便,930万,76299元/平,高楼层 (共23层) 3室1厅 | 121.89平米 | 东南,https://ke-image.ljcdn.com/110000-inspection/pc1_2aLpsUqzE.jpg!m_fill,w_280,h_210,f_jpg?from=ke.com
20230918,西城,马连道,101119939992,西城区 广外 马连道 格调小区 依莲轩二期,1335万,132402元/平,底层 (共14层) | 2004年建 | 2室1厅 | 100.83平米 | 南,https://ke-image.ljcdn.com/110000-inspection/pc1_SyGXNUrOC.jpg!m_fill,w_280,h_210,f_jpg?from=ke.com
20230918,西城,马连道,101119916969,西城区 马连道路5号院 正规两居 南北通透,910万,103245元/平,低楼层 (共6层) 2室2厅 | 88.14平米 | 南 北,https://ke-image.ljcdn.com/110000-inspection/pc1_otX5SAzwB.jpg!m_fill,w_280,h_210,f_jpg?from=ke.com
20230918,西城,马连道,101119901374,丽泽雅园两居室 满五年唯一  明厨明卫,680万,70104元/平,低楼层 (共24层) 2室1厅 | 97平米 | 西北,https://ke-image.ljcdn.com/110000-inspection/pc1_x6AkVnaZT.jpg!m_fill,w_280,h_210,f_jpg?from=ke.com
20230918,西城,马连道,101119883019,马连道北里 全东向2居室 满5唯一商品房 采光视野好房主自荐,498万,98575元/平,顶层 (共6层) | 1984年建 | 2室1厅 | 50.52平米 | 东,https://ke-image.ljcdn.com/110000-inspection/pc1_st1AJtAWM.jpg!m_fill,w_280,h_210,f_jpg?from=ke.com
20230918,西城,马连道,101119870617,西城马连道南北通透两居室满五年视野宽阔,600万,96293元/平,顶层 (共6层) 2室1厅 | 62.31平米 | 南 北,https://ke-image.ljcdn.com/110000-inspection/pc1_Js74pCe71.jpg!m_fill,w_280,h_210,f_jpg?from=ke.com
20230918,西城,马连道,101119836683,格调小区   正规一居室    前后花园,710万,114093元/平,低楼层 (共14层) | 2004年建 | 1室1厅 | 62.23平米 | 北,https://ke-image.ljcdn.com/110000-inspection/pc1_BQD0tPqTX_1.jpg!m_fill,w_280,h_210,f_jpg?from=ke.com
20230918,西城,马连道,101119701463,丽泽雅园高楼层两居室精装修带车位房主自荐,829万,73117元/平,高楼层 (共24层) 3室1厅 | 113.38平米 | 东南 北,https://ke-image.ljcdn.com/110000-inspection/pc1_jMxb51bV2_1.jpg!m_fill,w_280,h_210,f_jpg?from=ke.com
20230918,西城,马连道,101119691688,西城广外 马连道中里 铁道部分房 前后不临街 诚心出售,770万,116685元/平,顶层 (共6层) 2室1厅 | 65.99平米 | 南 北,https://ke-image.ljcdn.com/110000-inspection/pc1_E0iifnKpm.jpg!m_fill,w_280,h_210,f_jpg?from=ke.com
20230918,西城,马连道,101119667293,格调小区南北通透 户型方正  有水系无遮挡 小区中间,1098万,106623元/平,底层 (共14层) | 2004年建 | 2室1厅 | 102.98平米 | 南 北,https://ke-image.ljcdn.com/110000-inspection/pc1_XBbDL0sKz.jpg!m_fill,w_280,h_210,f_jpg?from=ke.com
20230918,西城,马连道,101119666615,西城广外 南北通透 地铁9号线 粮食局家属楼,680万,111330元/平,高楼层 (共6层) | 1990年建 | 2室1厅 | 61.08平米 | 南 北,https://ke-image.ljcdn.com/110000-inspection/pc1_lEKBBEq04_1.jpg!m_fill,w_280,h_210,f_jpg?from=ke.com
20230918,西城,马连道,101119607633,三义里 东西通透2居室 满五唯一 交通便利 配套齐全,620万,114603元/平,中楼层 (共6层) 2室1厅 | 54.1平米 | 东 西,https://ke-image.ljcdn.com/110000-inspection/pc1_5DQ5MPT5P_1.jpg!m_fill,w_280,h_210,f_jpg?from=ke.com
20230918,西城,马连道,101119602351,西城区 南北通透两居室 配套成熟 看房方便,430万,87541元/平,底层 (共6层) 2室1厅 | 49.12平米 | 南 北,https://ke-image.ljcdn.com/110000-inspection/pc1_DdIMtgPfZ.jpg!m_fill,w_280,h_210,f_jpg?from=ke.com
20230918,西城,马连道,101119587876,西城区 格调小区 南北通透三居 百万装修,1850万,134968元/平,中楼层 (共23层) | 2007年建 | 3室1厅 | 137.07平米 | 南 北,https://ke-image.ljcdn.com/110000-inspection/pc1_wyWbocy0v_1.jpg!m_fill,w_280,h_210,f_jpg?from=ke.com
20230918,西城,马连道,101119577791,户型方正 全明格局 南北通透 双卫大客厅,1870万,134736元/平,低楼层 (共20层) | 2006年建 | 3室1厅 | 138.79平米 | 南 北 东,https://ke-image.ljcdn.com/110000-inspection/pc1_yvGcK9Is3.jpg!m_fill,w_280,h_210,f_jpg?from=ke.com
20230918,西城,马连道,101119494503,：红莲中里 满五唯一 南北通透 精装修 交通便利,620万,111331元/平,顶层 (共6层) | 1987年建 | 2室1厅 | 55.69平米 | 南 北,https://ke-image.ljcdn.com/110000-inspection/pc1_AAvb3Ry3Q.jpg!m_fill,w_280,h_210,f_jpg?from=ke.com
20230918,西城,马连道,101119461447,西城区 马连道路6号院 格调小区 依莲轩二期,1298万,133142元/平,高楼层 (共14层) | 2004年建 | 2室1厅 | 97.49平米 | 南 北,https://ke-image.ljcdn.com/110000-inspection/pc1_7xfx99Gq1.jpg!m_fill,w_280,h_210,f_jpg?from=ke.com
20230918,西城,马连道,101119445904,红莲晴园满五年唯一明厨明卫不临街没遮挡,1075万,104117元/平,低楼层 (共22层) | 2000年建 | 2室2厅 | 103.25平米 | 东 西 北,https://ke-image.ljcdn.com/110000-inspection/pc1_WJGbTgup3.jpg!m_fill,w_280,h_210,f_jpg?from=ke.com
20230918,西城,马连道,101119417352,西环景苑 新小区 商品房  成熟社区,460万,101389元/平,低楼层 (共19层) | 2001年建 | 1室1厅 | 45.37平米 | 西,https://ke-image.ljcdn.com/110000-inspection/pc1_HWI9FgiPD.jpg!m_fill,w_280,h_210,f_jpg?from=ke.com
20230918,西城,马连道,101119318601,红莲晴园 商品房 双卫 落地阳台 满五 诚意出售,1010万,75969元/平,底层 (共22层) | 2006年建 | 2室2厅 | 132.95平米 | 西,https://ke-image.ljcdn.com/110000-inspection/pc1_ghcxxC3ox_1.jpg!m_fill,w_280,h_210,f_jpg?from=ke.com
20230918,西城,马连道,101119294493,丽泽雅园  东南两居室 丽泽商务区一路之隔,600万,79809元/平,低楼层 (共24层) 2室1厅 | 75.18平米 | 东南,https://ke-image.ljcdn.com/110000-inspection/pc1_E2zmZ2gtO.jpg!m_fill,w_280,h_210,f_jpg?from=ke.com
20230918,西城,马连道,101119244588,北欧印象 1室0厅 西南,560万,110302元/平,中楼层 (共28层) | 2003年建 | 1室0厅 | 50.77平米 | 西南,https://ke-image.ljcdn.com/110000-inspection/pc1_P3eQ3Pn3r.jpg!m_fill,w_280,h_210,f_jpg?from=ke.com
20230918,西城,马连道,101119216952,红莲中里 南北两居室 全明格局 满五年唯一,565万,96797元/平,顶层 (共6层) | 1988年建 | 2室1厅 | 58.37平米 | 南 北,https://ke-image.ljcdn.com/110000-inspection/pc1_ZLh5n3Xwg.jpg!m_fill,w_280,h_210,f_jpg?from=ke.com
20230918,西城,马连道,101119207916,马连道西里板楼东西向两居室精装修诚心出售,540万,95932元/平,顶层 (共6层) | 1984年建 | 2室1厅 | 56.29平米 | 东 西,https://ke-image.ljcdn.com/110000-inspection/prod-939f1f81-5b41-4276-9d20-134fcc4c2f41.jpg!m_fill,w_280,h_210,f_jpg?from=ke.com
20230918,西城,马连道,101119194373,房子是商品房精装修.南北通透无抵押.,608万,112116元/平,高楼层 (共6层) | 1980年建 | 2室1厅 | 54.23平米 | 南 北,https://ke-image.ljcdn.com/110000-inspection/pc1_utrvnT1oB.jpg!m_fill,w_280,h_210,f_jpg?from=ke.com
20230918,西城,马连道,101119194310,太平里板楼全南向两居室中间层采光好,669万,104761元/平,中楼层 (共7层) 2室1厅 | 63.86平米 | 南,https://ke-image.ljcdn.com/110000-inspection/pc1_WAGsS1eJp.jpg!m_fill,w_280,h_210,f_jpg?from=ke.com
20230918,西城,马连道,101119194255,欣园铁路小区 南向一居室中间楼层急售,350万,78458元/平,中楼层 (共6层) 1室1厅 | 44.61平米 | 南,https://ke-image.ljcdn.com/110000-inspection/pc1_9Eh6V8NiE_1.jpg!m_fill,w_280,h_210,f_jpg?from=ke.com
20230918,西城,马连道,101119161341,常青藤嘉园落地飘窗南北通透2梯4户精装修房主自荐,1117万,129990元/平,中楼层 (共16层) | 2005年建 | 2室2厅 | 85.93平米 | 南 北,https://ke-image.ljcdn.com/110000-inspection/pc1_OeRgidj0m.jpg!m_fill,w_280,h_210,f_jpg?from=ke.com
20230918,西城,马连道,101119124348,马连道三巷 东南小三居   业主诚意出售,620万,99328元/平,中楼层 (共5层) | 1974年建 | 3室1厅 | 62.42平米 | 东南,https://ke-image.ljcdn.com/110000-inspection/pc1_ym4RiIkTc.jpg!m_fill,w_280,h_210,f_jpg?from=ke.com
20230918,西城,马连道,101119104422,欣园小区 1室1厅 南,338万,75768元/平,中楼层 (共6层) 1室1厅 | 44.61平米 | 南,https://ke-image.ljcdn.com/110000-inspection/pc1_OOywNNRIf_1.jpg!m_fill,w_280,h_210,f_jpg?from=ke.com
20230918,西城,马连道,101119076126,红莲中里 3室1厅 东南,1099万,117603元/平,低楼层 (共18层) | 1996年建 | 3室1厅 | 93.45平米 | 东南,https://ke-image.ljcdn.com/110000-inspection/pc1_iT5wqls9R.jpg!m_fill,w_280,h_210,f_jpg?from=ke.com
20230918,西城,马连道,101119047753,此房满五年唯一 只有契税 精装修 全明格局 诚心出售,938万,105893元/平,底层 (共22层) | 2005年建 | 2室1厅 | 88.58平米 | 东北,https://ke-image.ljcdn.com/110000-inspection/pc1_OeKSDJX5w_1.jpg!m_fill,w_280,h_210,f_jpg?from=ke.com
20230918,西城,马连道,101119043983,马连道西里板楼东西向三居室户型方正,695万,104089元/平,低楼层 (共6层) | 1984年建 | 3室1厅 | 66.77平米 | 东南 西,https://ke-image.ljcdn.com/110000-inspection/pc1_msPJJ5mCN_1.jpg!m_fill,w_280,h_210,f_jpg?from=ke.com
20230918,西城,马连道,101119020133,丽泽雅园满五年唯一两居室中间层 诚心出售,759万,71875元/平,低楼层 (共24层) 2室1厅 | 105.6平米 | 西南,https://ke-image.ljcdn.com/110000-inspection/pc1_7Id9jfxHc.jpg!m_fill,w_280,h_210,f_jpg?from=ke.com
20230918,西城,马连道,101118992372,丽泽商务区丽泽雅园 高楼层两居 14号线地铁口东管头站房主自荐,800万,81775元/平,高楼层 (共24层) | 2007年建 | 2室1厅 | 97.83平米 | 东 南 北,https://ke-image.ljcdn.com/110000-inspection/pc1_WPOVxrEIN.jpg!m_fill,w_280,h_210,f_jpg?from=ke.com
20230918,西城,马连道,101118963346,西城马连道西环景苑精装全明格局改善大两居,1050万,102841元/平,中楼层 (共19层) | 2001年建 | 2室1厅 | 102.1平米 | 东北 西,https://ke-image.ljcdn.com/110000-inspection/pc1_4d5H5LzY9.jpg!m_fill,w_280,h_210,f_jpg?from=ke.com
20230918,西城,马连道,101118960502,红莲中里 满五唯一  高层 视野好 采光充足 配套齐全,525万,120220元/平,高楼层 (共16层) 1室1厅 | 43.67平米 | 南,https://ke-image.ljcdn.com/110000-inspection/pc1_28a010cmN.jpg!m_fill,w_280,h_210,f_jpg?from=ke.com
20230918,西城,马连道,101118949603,西城广外西南三居室满五年唯一商品房采光视野好房主自荐,960万,86831元/平,中楼层 (共24层) | 2001年建 | 3室2厅 | 110.56平米 | 西南,https://ke-image.ljcdn.com/110000-inspection/pc1_jyDbWQHUv.jpg!m_fill,w_280,h_210,f_jpg?from=ke.com
20230918,西城,马连道,101118934298,西城满五唯一精装修带地下租赁车位可看房,1030万,110232元/平,中楼层 (共25层) | 2003年建 | 2室1厅 | 93.44平米 | 西,https://ke-image.ljcdn.com/110000-inspection/pc1_JtBu4OB5h.jpg!m_fill,w_280,h_210,f_jpg?from=ke.com
20230918,西城,马连道,101118909336,马连道西里板楼正规三居南北向通风效果好,699万,98285元/平,高楼层 (共6层) | 1984年建 | 3室1厅 | 71.12平米 | 南 北,https://ke-image.ljcdn.com/110000-inspection/pc1_Tyjd4IrKY.jpg!m_fill,w_280,h_210,f_jpg?from=ke.com
20230918,西城,马连道,101118882045,欧园开间高楼层精装修业主诚售,475万,112800元/平,中楼层 (共28层) 1室0厅 | 42.11平米 | 西北,https://ke-image.ljcdn.com/110000-inspection/pc1_bRkQLuvPI.jpg!m_fill,w_280,h_210,f_jpg?from=ke.com
20230918,西城,马连道,101118863250,红莲中里 1室1厅 南,495万,113637元/平,高楼层 (共16层) 1室1厅 | 43.56平米 | 南,https://ke-image.ljcdn.com/110000-inspection/pc1_ToZOCYG1l.jpg!m_fill,w_280,h_210,f_jpg?from=ke.com
20230918,西城,马连道,101118794998,满五唯一双卧朝南向商品房有钥匙,710万,74479元/平,低楼层 (共24层) 2室1厅 | 95.33平米 | 南,https://ke-image.ljcdn.com/110000-inspection/pc1_e2z2Qe5qg.jpg!m_fill,w_280,h_210,f_jpg?from=ke.com
20230918,西城,马连道,101118767918,西城区马连道西里 南向 96年房 地铁7号线 精装,505万,106608元/平,低楼层 (共6层) | 1996年建 | 1室1厅 | 47.37平米 | 南,https://ke-image.ljcdn.com/110000-inspection/pc1_UNeGdyFrK.jpg!m_fill,w_280,h_210,f_jpg?from=ke.com
20230918,西城,马连道,101118759016,西城 马连道中里 96年钢混朝南一居 精装自住满五唯一,590万,100924元/平,中楼层 (共12层) | 1996年建 | 1室1厅 | 58.46平米 | 南 北,https://ke-image.ljcdn.com/110000-inspection/pc1_vSulEpDgW_1.jpg!m_fill,w_280,h_210,f_jpg?from=ke.com
20230918,西城,马连道,101118697743,西环景苑 1室1厅 西,518万,111518元/平,高楼层 (共19层) | 2001年建 | 1室1厅 | 46.45平米 | 西,https://ke-image.ljcdn.com/110000-inspection/pc1_YHEIQvSGX.jpg!m_fill,w_280,h_210,f_jpg?from=ke.com
20230918,西城,马连道,101118692749,西城 马连道 南 两居 自住精装 湾子地铁 只契税 中层房主自荐,550万,108868元/平,中楼层 (共6层) | 1980年建 | 2室1厅 | 50.52平米 | 南,https://ke-image.ljcdn.com/110000-inspection/pc1_UEhX0Edgl_1.jpg!m_fill,w_280,h_210,f_jpg?from=ke.com
20230918,西城,马连道,101118690845,西城区 依莲轩二期 格调小区 马连道路6号院,816万,112754元/平,中楼层 (共23层) | 2007年建 | 2室1厅 | 72.37平米 | 西,https://ke-image.ljcdn.com/110000-inspection/pc1_DzXEXsE8y.jpg!m_fill,w_280,h_210,f_jpg?from=ke.com
20230918,西城,马连道,101118562576,店长推荐 马连道中里 南北通透 精装修两居满五年唯一,639万,100805元/平,顶层 (共6层) | 1996年建 | 2室1厅 | 63.39平米 | 南 北,https://ke-image.ljcdn.com/110000-inspection/pc1_DeK8DCJ80.jpg!m_fill,w_280,h_210,f_jpg?from=ke.com
20230918,西城,马连道,101118497461,西城 南向 近地铁 一室一厅 满五年唯一 看房方便诚售,505万,138546元/平,中楼层 (共5层) | 1980年建 | 1室1厅 | 36.45平米 | 南,https://ke-image.ljcdn.com/110000-inspection/pc1_t7Zgx8Olq.jpg!m_fill,w_280,h_210,f_jpg?from=ke.com
20230918,西城,马连道,101118492392,西城-丽泽茗筑小区满五唯一精装修无遮挡两居室,1015万,91016元/平,高楼层 (共27层) | 2008年建 | 2室1厅 | 111.52平米 | 西南,https://ke-image.ljcdn.com/110000-inspection/pc1_Gx6W1xirh.jpg!m_fill,w_280,h_210,f_jpg?from=ke.com
20230918,西城,马连道,101118378811,建茗苑 丽泽商务区 全南向大两居 双阳台 全天采光,695万,70875元/平,中楼层 (共23层) | 2008年建 | 2室2厅 | 98.06平米 | 南,https://ke-image.ljcdn.com/110000-inspection/pc1_Nq6rlKyne.jpg!m_fill,w_280,h_210,f_jpg?from=ke.com
20230918,西城,马连道,101118371801,丽泽商务区丽泽雅园精装西南2居室满五唯一诚心出售,716万,75108元/平,高楼层 (共24层) | 2007年建 | 2室1厅 | 95.33平米 | 西南,https://ke-image.ljcdn.com/110000-inspection/pc1_Kw46gGLni_1.jpg!m_fill,w_280,h_210,f_jpg?from=ke.com
20230918,西城,马连道,101118369286,西城马连道 湾子 三义东里 电梯房全南向。,592万,105885元/平,中楼层 (共16层) | 1988年建 | 2室1厅 | 55.91平米 | 南,https://ke-image.ljcdn.com/110000-inspection/pc1_Hiwe9C290.jpg!m_fill,w_280,h_210,f_jpg?from=ke.com
20230918,西城,马连道,101118362128,三义东里 东南向 正规两居 满五唯一 价格可谈,788万,100255元/平,高楼层 (共14层) | 2000年建 | 2室1厅 | 78.6平米 | 东南,https://ke-image.ljcdn.com/110000-inspection/pc1_68mWfFtIa.jpg!m_fill,w_280,h_210,f_jpg?from=ke.com
20230918,西城,马连道,101118336421,丽泽商务区 丽泽雅园满五年不唯一 中间层 地铁口,790万,70884元/平,中楼层 (共24层) | 2005年建 | 2室1厅 | 111.45平米 | 东南 北,https://ke-image.ljcdn.com/110000-inspection/pc1_n8vESu4Px.jpg!m_fill,w_280,h_210,f_jpg?from=ke.com
20230918,西城,马连道,101118304355,此房是南向两居高楼层采光视野好！房主自荐,655万,68709元/平,顶层 (共24层) | 2007年建 | 2室1厅 | 95.33平米 | 南,https://ke-image.ljcdn.com/110000-inspection/pc1_7qz7FJtJx_1.jpg!m_fill,w_280,h_210,f_jpg?from=ke.com
20230918,西城,马连道,101118277910,西城马连道西里南北通透大两居。,880万,95352元/平,底层 (共6层) | 1996年建 | 2室1厅 | 92.29平米 | 南 北,https://ke-image.ljcdn.com/110000-inspection/e52dce3e-98c8-438b-b4ab-96ecc311e453_1000.jpg!m_fill,w_280,h_210,f_jpg?from=ke.com
20230918,西城,马连道,101118255675,西城区 东南三居 朝向好 采光好 无遮挡,1030万,90455元/平,中楼层 (共16层) | 1998年建 | 3室1厅 | 113.87平米 | 东南,https://ke-image.ljcdn.com/110000-inspection/pc1_7kdQkfuAD.jpg!m_fill,w_280,h_210,f_jpg?from=ke.com
20230918,西城,马连道,101118197459,西城瑞莲家园东南三居满五唯一户型方正布局合理,960万,86831元/平,低楼层 (共24层) 3室1厅 | 110.56平米 | 东南,https://ke-image.ljcdn.com/110000-inspection/pc1_cERFrcavE.jpg!m_fill,w_280,h_210,f_jpg?from=ke.com
20230918,西城,马连道,101118180828,红莲晴园 满五唯一 明厨明卫 落地飘窗 楼层高 精装修,1325万,91160元/平,高楼层 (共20层) | 2006年建 | 3室2厅 | 145.35平米 | 东 西 北,https://ke-image.ljcdn.com/110000-inspection/pc1_XQpSTGZNN.jpg!m_fill,w_280,h_210,f_jpg?from=ke.com
20230918,西城,马连道,101118158132,丽泽商务区 马连道欣园东路 南北通透二居室,385万,68714元/平,高楼层 (共6层) 2室1厅 | 56.03平米 | 南 北,https://ke-image.ljcdn.com/110000-inspection/c55b8c41-ee99-4273-b253-086e093d97a5_1000.jpg!m_fill,w_280,h_210,f_jpg?from=ke.com
20230918,西城,马连道,101118127085,三义东里 满五唯一 南北通透 精装修 7号线,710万,100982元/平,低楼层 (共14层) 2室1厅 | 70.31平米 | 南 北,https://ke-image.ljcdn.com/110000-inspection/pc1_4Blhq0NIr.jpg!m_fill,w_280,h_210,f_jpg?from=ke.com
20230918,西城,马连道,101118113105,西城广外 马连道 太平里 南北通透复式 铁道部 央产房,1225万,104998元/平,顶层 (共6层) 3室1厅 | 116.67平米 | 南 北,https://ke-image.ljcdn.com/110000-inspection/6a3d0132-7e11-48d9-9f86-beeea4c16944_1000.jpg!m_fill,w_280,h_210,f_jpg?from=ke.com
20230918,西城,马连道,101118093442,西城 马连道中里 南北通透 电梯板楼两居 满五唯一！,845万,105074元/平,高楼层 (共14层) 2室1厅 | 80.42平米 | 南 北,https://ke-image.ljcdn.com/110000-inspection/pc1_UUjBajUJz.jpg!m_fill,w_280,h_210,f_jpg?from=ke.com
20230918,西城,马连道,101118062845,红莲南里 2室1厅 南 北,615万,113995元/平,底层 (共6层) | 1984年建 | 2室1厅 | 53.95平米 | 南 北,https://ke-image.ljcdn.com/110000-inspection/pc1_SYHaOSyGF.jpg!m_fill,w_280,h_210,f_jpg?from=ke.com
20230918,西城,马连道,101118023291,西城  丽泽商务区 东南向2居 2008年人车分流小区,835万,83592元/平,低楼层 (共27层) | 2008年建 | 2室2厅 | 99.89平米 | 东南,https://ke-image.ljcdn.com/110000-inspection/pc1_ZYkIC0yyQ.jpg!m_fill,w_280,h_210,f_jpg?from=ke.com
20230918,西城,马连道,101117975735,丽泽商务区 三路居93号院 南北通透 三居室,530万,58166元/平,顶层 (共6层) | 1996年建 | 3室1厅 | 91.12平米 | 南 北,https://ke-image.ljcdn.com/110000-inspection/pc1_J55Jwi5lM_1.jpg!m_fill,w_280,h_210,f_jpg?from=ke.com
20230918,西城,马连道,101117939507,西城 广外 马连道中里 满五年 交通便利 配套齐全房主自荐,740万,94340元/平,顶层 (共18层) | 1999年建 | 2室1厅 | 78.44平米 | 西南 北,https://ke-image.ljcdn.com/110000-inspection/pc1_fV9yC57zN.jpg!m_fill,w_280,h_210,f_jpg?from=ke.com
20230918,西城,马连道,101117891912,西城 西环景苑 商品房 西南向三居室 满五唯一单价低！,680万,53662元/平,地下室 (共19层) | 2001年建 | 3室1厅 | 126.72平米 | 西南,https://ke-image.ljcdn.com/110000-inspection/pc1_VQja4zzXX_1.jpg!m_fill,w_280,h_210,f_jpg?from=ke.com
20230918,西城,马连道,101117886358,红莲北里 两居室 南北通透 中间楼层,620万,109040元/平,中楼层 (共6层) | 1980年建 | 2室1厅 | 56.86平米 | 南 北,https://ke-image.ljcdn.com/110000-inspection/pc1_7y9an4b9G.jpg!m_fill,w_280,h_210,f_jpg?from=ke.com
20230918,西城,马连道,101117871613,满五年唯一 真正的精装修拎包入住,880万,115471元/平,顶层 (共6层) | 1997年建 | 4室2厅 | 76.21平米 | 东 南 北,https://ke-image.ljcdn.com/110000-inspection/pc1_wjuw5X6we.jpg!m_fill,w_280,h_210,f_jpg?from=ke.com
20230918,西城,马连道,101117734619,格调小区 南北通透三居室  满五唯一,1620万,111264元/平,底层 (共14层) | 2005年建 | 3室1厅 | 145.6平米 | 南 北,https://ke-image.ljcdn.com/110000-inspection/prod-e7b57442-259a-4042-a4f5-3520d2476463.jpg!m_fill,w_280,h_210,f_jpg?from=ke.com
20230918,西城,马连道,101117716249,欣园小区满五唯一优质全明通透两居室房主自荐,429万,75237元/平,底层 (共6层) 2室1厅 | 57.02平米 | 东 南 西,https://ke-image.ljcdn.com/110000-inspection/383f70d7-290f-4c32-a53f-39ace05f28ff_1000.jpg!m_fill,w_280,h_210,f_jpg?from=ke.com
20230918,西城,马连道,101117715558,西城区马连道中里 南北通透 满五年 三居出售,830万,116557元/平,底层 (共6层) | 1997年建 | 3室1厅 | 71.21平米 | 南 北,https://ke-image.ljcdn.com/110000-inspection/pc1_HkV0aHPnr.jpg!m_fill,w_280,h_210,f_jpg?from=ke.com
20230918,西城,马连道,101117699508,西城区 太平里 大三居 精装修 诚心出售,1120万,87892元/平,低楼层 (共16层) | 1997年建 | 3室2厅 | 127.43平米 | 东 北 西 南,https://ke-image.ljcdn.com/110000-inspection/pc1_igaOct1cj.jpg!m_fill,w_280,h_210,f_jpg?from=ke.com
20230918,西城,马连道,101117565308,丽泽商务区 茗筑 东南向 户型方正 电梯房 满五唯一房主自荐,935万,92648元/平,高楼层 (共27层) 2室1厅 | 100.92平米 | 东南,https://ke-image.ljcdn.com/110000-inspection/pc1_KrG5DA06b.jpg!m_fill,w_280,h_210,f_jpg?from=ke.com
20230918,西城,马连道,101117562772,西城广外北欧印象满五年唯一商品房带电梯近地铁,888万,96764元/平,顶层 (共25层) | 2003年建 | 2室1厅 | 91.77平米 | 西南,https://ke-image.ljcdn.com/110000-inspection/pc1_ZDOt3Wrkj.jpg!m_fill,w_280,h_210,f_jpg?from=ke.com
20230918,西城,马连道,101117400479,常青藤嘉园 2室1厅 东南,1120万,140053元/平,底层 (共22层) | 2005年建 | 2室1厅 | 79.97平米 | 东南,https://ke-image.ljcdn.com/110000-inspection/pc1_jEXekDMEc.jpg!m_fill,w_280,h_210,f_jpg?from=ke.com
20230918,西城,马连道,101117153221,西城区 欧园 马连道 湾子 北向开间,528万,122053元/平,低楼层 (共28层) | 2003年建 | 1室1厅 | 43.26平米 | 北,https://ke-image.ljcdn.com/110000-inspection/pc1_ikGpZSXGP.jpg!m_fill,w_280,h_210,f_jpg?from=ke.com
20230918,西城,马连道,101117047522,马连道中里 1室1厅 南,700万,119822元/平,中楼层 (共14层) | 1999年建 | 1室1厅 | 58.42平米 | 南,https://ke-image.ljcdn.com/110000-inspection/pc1_3u59L6xXT.jpg!m_fill,w_280,h_210,f_jpg?from=ke.com
20230918,西城,马连道,101116825750,马连道楼龄新满五唯一商品房南北通透前后无遮挡,940万,94029元/平,顶层 (共6层) | 1996年建 | 3室1厅 | 99.97平米 | 南 北,https://ke-image.ljcdn.com/110000-inspection/pc1_hAALkWqq7.jpg!m_fill,w_280,h_210,f_jpg?from=ke.com
20230918,西城,马连道,101116698008,西城区丽阳四季满五唯一高楼层两居室,945万,100822元/平,顶层 (共23层) | 2003年建 | 2室1厅 | 93.73平米 | 西,https://ke-image.ljcdn.com/110000-inspection/prod-9f986b6f-1baa-4808-b070-01515cb7a89f.jpg!m_fill,w_280,h_210,f_jpg?from=ke.com
20230918,西城,马连道,101115974309,南北通透三居 精装修 拎包入住,1230万,105426元/平,顶层 (共6层) | 1998年建 | 3室3厅 | 116.67平米 | 南 北,https://ke-image.ljcdn.com/110000-inspection/pc1_d9i7bmUN6.jpg!m_fill,w_280,h_210,f_jpg?from=ke.com
20230918,西城,马连道,101115939174,南北通透三居 精装修 拎包入住,1280万,101395元/平,顶层 (共6层) | 1998年建 | 3室2厅 | 126.24平米 | 东 南,https://ke-image.ljcdn.com/110000-inspection/pc1_O0Fz97tnR.jpg!m_fill,w_280,h_210,f_jpg?from=ke.com
20230918,西城,马连道,101115287888,马连道中里 南向四居室 复式采光好 单位分房满五年,896万,111485元/平,顶层 (共6层) 4室2厅 | 80.37平米 | 南,https://ke-image.ljcdn.com/110000-inspection/pc1_z76OmKarb_1.jpg!m_fill,w_280,h_210,f_jpg?from=ke.com
20230918,西城,马连道,101115038741,西城广外红莲晴园 满五唯一 精装 三居,1310万,91538元/平,中楼层 (共22层) 3室1厅 | 143.11平米 | 东 西 北,https://ke-image.ljcdn.com/110000-inspection/pc1_diPk0Vt6j.jpg!m_fill,w_280,h_210,f_jpg?from=ke.com
20230918,西城,马连道,101114820330,西城区 马连道路5号院跃层复式 168平米 近地铁央产房,1450万,86552元/平,顶层 (共6层) | 2000年建 | 4室2厅 | 167.53平米 | 南 北,https://ke-image.ljcdn.com/110000-inspection/pc1_2pD7MBlBD.jpg!m_fill,w_280,h_210,f_jpg?from=ke.com
20230918,西城,马连道,101112706020,满五年唯一诚心出售交通便利配套齐全,750万,101627元/平,底层 (共18层) | 1998年建 | 2室1厅 | 73.8平米 | 西北 南,https://ke-image.ljcdn.com/110000-inspection/pc1_vPvru6282.jpg!m_fill,w_280,h_210,f_jpg?from=ke.com
20230918,西城,马连道,101112440063,西城区 马连道西里 南北两居室,598万,103550元/平,中楼层 (共6层) | 1986年建 | 2室1厅 | 57.75平米 | 南 北,https://ke-image.ljcdn.com/110000-inspection/pc1_9BLw4jQPw_1.jpg!m_fill,w_280,h_210,f_jpg?from=ke.com
20230918,西城,马连道,101112419342,格调 依莲轩二期 马连道路6号院 正规三居,1780万,128030元/平,中楼层 (共23层) | 2007年建 | 3室1厅 | 139.03平米 | 南 北,https://ke-image.ljcdn.com/110000-inspection/pc1_eiRMW4CcD.jpg!m_fill,w_280,h_210,f_jpg?from=ke.com
20230918,西城,马连道,101121137086,红莲北里 3室1厅 东南 北,808万,114773元/平,低楼层 (共6层) | 1980年建 | 3室1厅 | 70.4平米 | 东南 北,https://s1.ljcdn.com/pegasus/redskull/images/common/default_house_list.png?_v=202309181112299
20230918,西城,马连道,101121121774,西环景苑 2室2厅 南新上,1250万,136344元/平,高楼层 (共19层) 2室2厅 | 91.68平米 | 南,https://s1.ljcdn.com/pegasus/redskull/images/common/default_house_list.png?_v=202309181112299
20230918,西城,马连道,101121121545,红莲中里 2室1厅 东 西新上,590万,96296元/平,底层 (共6层) 2室1厅 | 61.27平米 | 东 西,https://s1.ljcdn.com/pegasus/redskull/images/common/default_house_list.png?_v=202309181112299
20230918,西城,马连道,101121108550,西城区 马连道 馨莲茗园 两居 无遮挡满五年家庭唯一新上,1050万,109490元/平,高楼层 (共25层) 2室1厅 | 95.9平米 | 西北,https://s1.ljcdn.com/pegasus/redskull/images/common/default_house_list.png?_v=202309181112299
20230918,西城,马连道,101121089406,红莲南里 2室1厅 南新上,549万,109081元/平,顶层 (共6层) | 1980年建 | 2室1厅 | 50.33平米 | 南,https://s1.ljcdn.com/pegasus/redskull/images/common/default_house_list.png?_v=202309181112299
20230918,西城,马连道,101121087887,户型房子高楼层采光视野好 全南 商品房 满五唯一新上,498万,66774元/平,高楼层 (共23层) | 2008年建 | 2室1厅 | 74.58平米 | 南,https://s1.ljcdn.com/pegasus/redskull/images/common/default_house_list.png?_v=202309181112299
20230918,西城,马连道,101121087078,丽泽商务区  满五唯一  东南三居室  高楼层视野棒新上,1050万,81586元/平,中楼层 (共24层) | 2007年建 | 3室2厅 | 128.7平米 | 南,https://s1.ljcdn.com/pegasus/redskull/images/common/default_house_list.png?_v=202309181112299
20230918,西城,马连道,101121084149,【花园式小区】满五年唯一 精装无遮挡 诚售新上,985万,102626元/平,低楼层 (共24层) | 2001年建 | 2室1厅 | 95.98平米 | 西南,https://s1.ljcdn.com/pegasus/redskull/images/common/default_house_list.png?_v=202309181112299
20230918,西城,马连道,101121048785,太平里 3室1厅 南 北新上,810万,104719元/平,高楼层 (共7层) 3室1厅 | 77.35平米 | 南 北,https://s1.ljcdn.com/pegasus/redskull/images/common/default_house_list.png?_v=202309181112299
20230918,西城,马连道,101121038274,马连道中里 1室0厅 南新上,560万,128766元/平,中楼层 (共18层) | 1999年建 | 1室0厅 | 43.49平米 | 南,https://s1.ljcdn.com/pegasus/redskull/images/common/default_house_list.png?_v=202309181112299
20230918,西城,马连道,101121028030,西城 改善楼盘格调小区 两梯六户新上,1240万,119923元/平,中楼层 (共23层) | 2007年建 | 2室1厅 | 103.4平米 | 北 南,https://s1.ljcdn.com/pegasus/redskull/images/common/default_house_list.png?_v=202309181112299
20230918,西城,马连道,101121021173,一层带院的房子正规南向一居户型方正业主急售新上,490万,146883元/平,底层 (共6层) | 1984年建 | 1室1厅 | 33.36平米 | 南,https://s1.ljcdn.com/pegasus/redskull/images/common/default_house_list.png?_v=202309181112299
20230918,西城,马连道,101121004635,康宁居 3室2厅 南 北,1500万,124317元/平,底层 (共14层) | 2002年建 | 3室2厅 | 120.66平米 | 南 北,https://s1.ljcdn.com/pegasus/redskull/images/common/default_house_list.png?_v=202309181112299
20230918,西城,马连道,101120971316,北欧印象带落地阳台经典户型 无遮挡 户型方正,482万,111420元/平,低楼层 (共28层) | 2003年建 | 1室1厅 | 43.26平米 | 北,https://s1.ljcdn.com/pegasus/redskull/images/common/default_house_list.png?_v=202309181112299
20230918,西城,马连道,101120949462,红莲北里 南北通透2居室 视野开阔无遮挡,620万,114034元/平,高楼层 (共6层) | 1986年建 | 2室1厅 | 54.37平米 | 南 北,https://s1.ljcdn.com/pegasus/redskull/images/common/default_house_list.png?_v=202309181112299
20230918,西城,马连道,101120889638,马连道中里 4室2厅 南 北房主自荐,968万,127018元/平,顶层 (共6层) | 1997年建 | 4室2厅 | 76.21平米 | 南 北,https://s1.ljcdn.com/pegasus/redskull/images/common/default_house_list.png?_v=202309181112299
20230918,西城,马连道,101120887785,马连道中里 2室1厅 南 北,726万,114856元/平,中楼层 (共6层) 2室1厅 | 63.21平米 | 南 北,https://s1.ljcdn.com/pegasus/redskull/images/common/default_house_list.png?_v=202309181112299
20230918,西城,马连道,101120884445,常青藤嘉园 1室1厅 南,720万,114815元/平,中楼层 (共16层) | 2004年建 | 1室1厅 | 62.71平米 | 南,https://s1.ljcdn.com/pegasus/redskull/images/common/default_house_list.png?_v=202309181112299
20230918,西城,马连道,101120875037,南北通透3居室户型好。。。。,1400万,94105元/平,低楼层 (共15层) 3室1厅 | 148.77平米 | 南 北,https://s1.ljcdn.com/pegasus/redskull/images/common/default_house_list.png?_v=202309181112299
20230918,西城,马连道,101120854344,马连道中里 东南2居 精装修 视野开阔无遮挡,660万,112513元/平,高楼层 (共18层) | 1996年建 | 2室1厅 | 58.66平米 | 东南,https://s1.ljcdn.com/pegasus/redskull/images/common/default_house_list.png?_v=202309181112299
20230918,西城,马连道,101120826935,西城区 马连道 茶贸国际中心注册办公 朝北,103万,30100元/平,低楼层 (共14层) | 2008年建 | 1室0厅 | 34.22平米 | 北,https://s1.ljcdn.com/pegasus/redskull/images/common/default_house_list.png?_v=202309181112299
20230918,西城,马连道,101120776783,茶贸国际中心 1室0厅 东,115万,32213元/平,中楼层 (共20层) | 2006年建 | 1室0厅 | 35.7平米 | 东,https://s1.ljcdn.com/pegasus/redskull/images/common/default_house_list.png?_v=202309181112299
20230918,西城,马连道,101120757460,满五唯一商品房楼龄新价格可谈业主随时签约,375万,83557元/平,地下室 (共7层) 1室1厅 | 44.88平米 | 东,https://s1.ljcdn.com/pegasus/redskull/images/common/default_house_list.png?_v=202309181112299
20230918,西城,马连道,101120660263,2007年商品房格调 朝东一居室 高楼层 视野好采光好,780万,112457元/平,高楼层 (共23层) | 2007年建 | 1室1厅 | 69.36平米 | 东,https://s1.ljcdn.com/pegasus/redskull/images/common/default_house_list.png?_v=202309181112299
20230918,西城,马连道,101120625799,红莲中里  东西通透 单独安静 央产单位 达官营地铁,518万,95926元/平,顶层 (共6层) | 1987年建 | 2室1厅 | 54平米 | 东 西,https://s1.ljcdn.com/pegasus/redskull/images/common/default_house_list.png?_v=202309181112299
20230918,西城,马连道,101120614864,格调小区 高层 精装 两居 视野好 无遮挡,970万,110934元/平,高楼层 (共23层) | 2007年建 | 2室1厅 | 87.44平米 | 西,https://s1.ljcdn.com/pegasus/redskull/images/common/default_house_list.png?_v=202309181112299
20230918,西城,马连道,101120609239,西城区  第三区 北向开间 无遮挡 视野好,200万,55664元/平,中楼层 (共18层) | 2011年建 | 1室0厅 | 35.93平米 | 北,https://s1.ljcdn.com/pegasus/redskull/images/common/default_house_list.png?_v=202309181112299
20230918,西城,马连道,101120595195,红莲北里 朝南两居 采光充足 满五年家庭唯一,535万,97932元/平,顶层 (共6层) | 1987年建 | 2室1厅 | 54.63平米 | 南,https://s1.ljcdn.com/pegasus/redskull/images/common/default_house_list.png?_v=202309181112299
20230918,西城,马连道,101120527697,丰台区 高楼五号院 西南北正规三居 楼层高 采光好,738万,62137元/平,高楼层 (共23层) 3室2厅 | 118.77平米 | 西南 北,https://s1.ljcdn.com/pegasus/redskull/images/common/default_house_list.png?_v=202309181112299
20230918,西城,马连道,101120476696,西城区马连道 茶贸国际中心 朝西南,220万,33925元/平,顶层 (共12层) | 2008年建 | 2室1厅 | 64.85平米 | 西南,https://s1.ljcdn.com/pegasus/redskull/images/common/default_house_list.png?_v=202309181112299
20230918,西城,马连道,101120461522,精装修 高楼层 视野开阔 采光充足 配套齐全 交通便利,770万,111064元/平,顶层 (共18层) | 2011年建 | 3室2厅 | 69.33平米 | 南,https://s1.ljcdn.com/pegasus/redskull/images/common/default_house_list.png?_v=202309181112299
20230918,西城,马连道,101120437191,丽泽雅园  丽泽商务区  近地铁,760万,77686元/平,中楼层 (共24层) | 2007年建 | 2室2厅 | 97.83平米 | 南 北 西,https://s1.ljcdn.com/pegasus/redskull/images/common/default_house_list.png?_v=202309181112299
20230918,西城,马连道,101120377274,西城 广外 马连道 三义里小区 三居,720万,105790元/平,中楼层 (共14层) 3室1厅 | 68.06平米 | 东北,https://s1.ljcdn.com/pegasus/redskull/images/common/default_house_list.png?_v=202309181112299
20230918,西城,马连道,101120101668,西城 马连道 第三区 正对丽泽商务区 采光好 配套齐全,770万,111064元/平,顶层 (共18层) | 2011年建 | 3室2厅 | 69.33平米 | 南,https://s1.ljcdn.com/pegasus/redskull/images/common/default_house_list.png?_v=202309181112299
20230918,西城,马连道,101120075633,茶贸国际中心 1室1厅 南,145万,37066元/平,高楼层 (共8层) | 2008年建 | 1室1厅 | 39.12平米 | 南,https://s1.ljcdn.com/pegasus/redskull/images/common/default_house_list.png?_v=202309181112299
20230918,西城,马连道,101119966985,中                   大      厦,142万,38820元/平,高楼层 (共15层) 1室0厅 | 36.58平米 | 北,https://s1.ljcdn.com/pegasus/redskull/images/common/default_house_list.png?_v=202309181112299
20230918,西城,马连道,101119903366,信和嘉园 2008年商品房 板楼一梯两户 南北通透,1330万,132907元/平,低楼层 (共13层) | 2008年建 | 2室1厅 | 100.07平米 | 南 北,https://s1.ljcdn.com/pegasus/redskull/images/common/default_house_list.png?_v=202309181112299
20230918,西城,马连道,101119621033,价格合理诚心出售环境优美出行便利,380万,54811元/平,中楼层 (共18层) | 2011年建 | 2室1厅 | 69.33平米 | 南,https://s1.ljcdn.com/pegasus/redskull/images/common/default_house_list.png?_v=202309181112299
20230918,西城,马连道,101119182479,西城区马连道 茶贸国际中心 朝北 没有遮挡,115万,33764元/平,中楼层 (共8层) | 2008年建 | 1室0厅 | 34.06平米 | 北,https://s1.ljcdn.com/pegasus/redskull/images/common/default_house_list.png?_v=202309181112299
20230918,西城,马连道,101119138275,西城马连道第三区50年产权商办房产。北向,183万,54465元/平,中楼层 (共18层) | 2011年建 | 1室0厅 | 33.6平米 | 北,https://s1.ljcdn.com/pegasus/redskull/images/common/default_house_list.png?_v=202309181112299
20230918,西城,马连道,101119122563,西城区 马连道 茶贸国际中心 朝南 没有遮挡 注册办公,113万,34399元/平,高楼层 (共14层) | 2008年建 | 1室0厅 | 32.85平米 | 南,https://s1.ljcdn.com/pegasus/redskull/images/common/default_house_list.png?_v=202309181112299
20230918,西城,马连道,101119022760,西城区 马连道 世经茶贸中心 朝西注册办公房主自荐,90万,35531元/平,低楼层 (共21层) | 2008年建 | 1室0厅 | 25.33平米 | 西,https://s1.ljcdn.com/pegasus/redskull/images/common/default_house_list.png?_v=202309181112299
20230918,西城,马连道,101118968376,满五年唯一 商品房 可以组合贷款 中间楼层 东西通透,936万,108724元/平,中楼层 (共11层) | 2005年建 | 2室1厅 | 86.09平米 | 东 西,https://s1.ljcdn.com/pegasus/redskull/images/common/default_house_list.png?_v=202309181112299
20230918,西城,马连道,101118784340,茶贸国际中心 1室0厅 东,107万,31305元/平,中楼层 (共21层) | 2008年建 | 1室0厅 | 34.18平米 | 东,https://s1.ljcdn.com/pegasus/redskull/images/common/default_house_list.png?_v=202309181112299
20230918,西城,马连道,101118766343,茶贸国际中心 小户型 南向 能签约,82万,33266元/平,中楼层 (共20层) | 2006年建 | 1室0厅 | 24.65平米 | 南,https://s1.ljcdn.com/pegasus/redskull/images/common/default_house_list.png?_v=202309181112299
20230918,西城,马连道,101118685137,西城马连道第三区南北向诚心出售,1030万,71638元/平,低楼层 (共15层) | 2012年建 | 3室1厅 | 143.78平米 | 南 北,https://s1.ljcdn.com/pegasus/redskull/images/common/default_house_list.png?_v=202309181112299
20230918,西城,马连道,101118628337,西城区马连道 第三区 精装修 高楼层 采光充足视野开阔,609万,68458元/平,高楼层 (共18层) 2室1厅 | 88.96平米 | 南,https://s1.ljcdn.com/pegasus/redskull/images/common/default_house_list.png?_v=202309181112299
20230918,西城,马连道,101118484031,北欧印象 车位,41万,13235元/平,地下室 | 2003年建 | 1室0厅 | 30.98平米 | 南,https://ke-image.ljcdn.com/110000-inspection/9d5011bdbf1b3ad1c16d85662565ebbe-024.jpg!m_fill,w_280,h_210,f_jpg?from=ke.com
20230918,西城,马连道,101118463242,西城区 马连道 茶贸国际中心 朝西 注册办公,92万,26917元/平,中楼层 (共21层) | 2008年建 | 1室0厅 | 34.18平米 | 西,https://s1.ljcdn.com/pegasus/redskull/images/common/default_house_list.png?_v=202309181112299
20230918,西城,马连道,101118282728,西城马连道第三区50年产权商办房诚心出售,409万,48912元/平,中楼层 (共18层) 2室1厅 | 83.62平米 | 西南,https://s1.ljcdn.com/pegasus/redskull/images/common/default_house_list.png?_v=202309181112299
20230918,西城,马连道,101118141953,世纪茶贸南向有电梯 随时签约,86万,34931元/平,低楼层 (共21层) | 2008年建 | 1室0厅 | 24.62平米 | 南,https://s1.ljcdn.com/pegasus/redskull/images/common/default_house_list.png?_v=202309181112299
20230918,西城,马连道,101118060089,西城区马连道 茶贸国际中心 可以注册办公,60万,39216元/平,低楼层 (共21层) | 2008年建 | 1室0厅 | 15.3平米 | 北,https://s1.ljcdn.com/pegasus/redskull/images/common/default_house_list.png?_v=202309181112299
20230918,西城,马连道,101117941593,西城马连道新年华楼上中基大厦50年产权西北开间,260万,47524元/平,高楼层 (共15层) 1室0厅 | 54.71平米 | 西 北,https://s1.ljcdn.com/pegasus/redskull/images/common/default_house_list.png?_v=202309181112299
20230918,西城,马连道,101117845828,此房精装修北向落地窗很亮业主诚心出售视野无遮挡,374万,49974元/平,高楼层 (共15层) | 2012年建 | 1室1厅 | 74.84平米 | 北,https://s1.ljcdn.com/pegasus/redskull/images/common/default_house_list.png?_v=202309181112299
20230918,西城,马连道,101117477282,西城区马连道茶贸国际中心40.27㎡朝北,122万,30296元/平,高楼层 (共20层) | 2008年建 | 1室0厅 | 40.27平米 | 北,https://s1.ljcdn.com/pegasus/redskull/images/common/default_house_list.png?_v=202309181112299
20230918,西城,马连道,101117153899,西城区 南北向小三居 交通方便 诚心出售,670万,126035元/平,中楼层 (共5层) | 1979年建 | 3室1厅 | 53.16平米 | 南 北,https://ke-image.ljcdn.com/110000-inspection/da12cc50-5fe9-4686-85dc-4b84d79e6905.png!m_fill,w_280,h_210,f_jpg?from=ke.com
20230918,西城,马连道,101116935730,马连道中里 户型方正 朝向好 采光充足,993万,107994元/平,低楼层 (共6层) 3室1厅 | 91.95平米 | 东南,https://ke-image.ljcdn.com/110000-inspection/2178f0d1-3bad-4cdc-b19f-1c7010d91a5c.jpeg!m_fill,w_280,h_210,f_jpg?from=ke.com
20230918,西城,马连道,101116639576,车位空间大 随时能看 诚心卖 地下车位,30万,7337元/平,地下室 (共16层) 1室1厅 | 40.89平米 | 南,https://ke-image.ljcdn.com/110000-inspection/c66bd1734fa5e69e770f113a98d62423-041.jpg!m_fill,w_280,h_210,f_jpg?from=ke.com
20230918,西城,马连道,101116632710,茗筑小区 车位 看房方便 诚心卖,32万,6669元/平,地下室 (共16层) 1室0厅 | 47.99平米 | 东,https://ke-image.ljcdn.com/110000-inspection/6d577851-3392-4b26-ac6d-d4acc2d95342.jpg!m_fill,w_280,h_210,f_jpg?from=ke.com
20230918,西城,马连道,101116415200,茶贸 南向精装 可注册 看房方便,110万,32145元/平,中楼层 (共8层) | 2006年建 | 1室0厅 | 34.22平米 | 南,https://s1.ljcdn.com/pegasus/redskull/images/common/default_house_list.png?_v=202309181112299
20230918,西城,马连道,101116255483,西城区马连道 茶贸国际中心朝南没有遮挡,120万,35068元/平,中楼层 (共14层) | 2008年建 | 1室0厅 | 34.22平米 | 南,https://s1.ljcdn.com/pegasus/redskull/images/common/default_house_list.png?_v=202309181112299
20230918,西城,马连道,101116255422,西城区马连道 茶贸国际中心2号楼朝西的没有遮挡,120万,35068元/平,中楼层 (共20层) | 2008年建 | 1室0厅 | 34.22平米 | 西,https://s1.ljcdn.com/pegasus/redskull/images/common/default_house_list.png?_v=202309181112299
20230918,西城,马连道,101116205714,茶贸国际中心 户型好 视野开阔 采光好,115万,33607元/平,中楼层 (共20层) 1室0厅 | 34.22平米 | 西,https://s1.ljcdn.com/pegasus/redskull/images/common/default_house_list.png?_v=202309181112299
20230918,西城,马连道,101115881298,马连道茶贸国际中心 没有遮挡 注册办公,105万,30865元/平,中楼层 (共21层) | 2008年建 | 1室0厅 | 34.02平米 | 西,https://s1.ljcdn.com/pegasus/redskull/images/common/default_house_list.png?_v=202309181112299
20230918,西城,马连道,101115746626,第三区 边户 视野采光无遮挡 诚心卖 户型方正,480万,56471元/平,高楼层 (共18层) | 2011年建 | 2室1厅 | 85平米 | 南 西南 西,https://s1.ljcdn.com/pegasus/redskull/images/common/default_house_list.png?_v=202309181112299
20230918,西城,马连道,101115258093,世经茶贸中心 朝南无遮挡 可以注册办公,100万,29223元/平,低楼层 (共12层) | 2008年建 | 1室1厅 | 34.22平米 | 南,https://s1.ljcdn.com/pegasus/redskull/images/common/default_house_list.png?_v=202309181112299
20230918,西城,马连道,101115220992,西城区 马连道 茶贸国际中心 朝东的开间,105万,29628元/平,中楼层 (共21层) | 2008年建 | 1室0厅 | 35.44平米 | 东,https://s1.ljcdn.com/pegasus/redskull/images/common/default_house_list.png?_v=202309181112299
20230918,西城,马连道,101115145949,北欧印象 车位,41万,28315元/平,地下室 (共28层) | 2006年建 | 1室0厅 | 14.48平米 | 北,https://ke-image.ljcdn.com/110000-inspection/d45fbc81-e7f0-4e0a-9688-fa8bc61232a6.jpg!m_fill,w_280,h_210,f_jpg?from=ke.com
20230918,西城,马连道,101114568787,西城区 马连道 世经茶贸中心 朝南 开间 注册办公,60万,39657元/平,顶层 (共20层) | 2008年建 | 1室0厅 | 15.13平米 | 南,https://s1.ljcdn.com/pegasus/redskull/images/common/default_house_list.png?_v=202309181112299
20230918,西城,马连道,101114531748,茶贸 精装修 高楼层 看房方便 配套齐全,100万,29223元/平,高楼层 (共20层) 1室1厅 | 34.22平米 | 东,https://s1.ljcdn.com/pegasus/redskull/images/common/default_house_list.png?_v=202309181112299
20230918,西城,马连道,101114485509,马连道 第三区 朝南 看房随时,355万,51234元/平,低楼层 (共18层) | 2011年建 | 2室1厅 | 69.29平米 | 南,https://s1.ljcdn.com/pegasus/redskull/images/common/default_house_list.png?_v=202309181112299
20230918,西城,马连道,101113933343,茶贸国际中心 朝东南  双窗户 视野好 地铁近 配套齐全,125万,33812元/平,低楼层 (共21层) | 2008年建 | 1室0厅 | 36.97平米 | 东南,https://s1.ljcdn.com/pegasus/redskull/images/common/default_house_list.png?_v=202309181112299
20230918,西城,马连道,101113863889,马连道 第三区 精装修 高楼层 采光充足,380万,54842元/平,中楼层 (共18层) | 2011年建 | 2室1厅 | 69.29平米 | 南,https://s1.ljcdn.com/pegasus/redskull/images/common/default_house_list.png?_v=202309181112299
20230918,西城,马连道,101113211693,西城区 马连道 世经茶贸中心 朝西没有遮挡,105万,30577元/平,中楼层 (共20层) | 2008年建 | 1室0厅 | 34.34平米 | 西,https://s1.ljcdn.com/pegasus/redskull/images/common/default_house_list.png?_v=202309181112299
20230918,西城,马连道,101112956752,商业办公类房产 诚售 看房方便,493万,58000元/平,高楼层 (共18层) | 2011年建 | 2室1厅 | 85平米 | 东南,https://s1.ljcdn.com/pegasus/redskull/images/common/default_house_list.png?_v=202309181112299
20230918,西城,马连道,101112355389,西城区 茶贸国际 没遮挡 交通便利 可以注册办公,60万,40323元/平,中楼层 (共20层) | 2008年建 | 1室0厅 | 14.88平米 | 西南,https://s1.ljcdn.com/pegasus/redskull/images/common/default_house_list.png?_v=202309181112299
20230918,西城,马连道,101109973073,西城区马连道 世经茶贸中心 朝东,108万,31561元/平,低楼层 (共20层) | 2008年建 | 1室0厅 | 34.22平米 | 东,https://s1.ljcdn.com/pegasus/redskull/images/common/default_house_list.png?_v=202309181112299
20230918,西城,马连道,101109448888,西城区 世经茶贸中心 注册办公 朝南,125万,36529元/平,高楼层 (共20层) | 2008年建 | 1室0厅 | 34.22平米 | 南,https://s1.ljcdn.com/pegasus/redskull/images/common/default_house_list.png?_v=202309181112299
20230918,西城,马连道,101108520470,西城区 茶贸国际中心 朝西商品房,105万,30577元/平,高楼层 (共14层) 1室0厅 | 34.34平米 | 西,https://s1.ljcdn.com/pegasus/redskull/images/common/default_house_list.png?_v=202309181112299
20230918,西城,马连道,101108353933,茶贸国际中心商办类朝南向高楼层交通便利,106万,30977元/平,高楼层 (共20层) | 2008年建 | 1室0厅 | 34.22平米 | 南,https://s1.ljcdn.com/pegasus/redskull/images/common/default_house_list.png?_v=202309181112299
