20231117,朝阳,高碑店,101121769132,此房满五年唯一业主诚意出售装修保持不错安静必看好房,429万,54622元/平,低楼层 (共29层) | 2013年 | 2室1厅 | 78.54平米 | 南,https://ke-image.ljcdn.com/110000-inspection/pc1_Rs7kZuKoD.jpg!m_fill,w_280,h_210,f_jpg?from=ke.com
20231117,朝阳,高碑店,101121768791,金隅泰和园 东向一居室 精装修必看好房,312万,53673元/平,低楼层 (共29层) | 2013年 | 1室1厅 | 58.13平米 | 东,https://ke-image.ljcdn.com/110000-inspection/pc1_h7TjLB83z.jpg!m_fill,w_280,h_210,f_jpg?from=ke.com
20231117,朝阳,高碑店,101121758612,金隅汇星苑 3室1厅 西南 北必看好房,609万,68274元/平,低楼层 (共29层) | 2016年 | 3室1厅 | 89.2平米 | 西南 北,https://ke-image.ljcdn.com/110000-inspection/pc1_15XqbKL68.jpg!m_fill,w_280,h_210,f_jpg?from=ke.com
20231117,朝阳,高碑店,101121728898,美丽亚洲假日花园小区三阳台满五唯一三居室必看好房,645万,43959元/平,中楼层 (共9层) 3室2厅 | 146.73平米 | 西南,https://ke-image.ljcdn.com/110000-inspection/7f98984d-9280-499f-9059-6537302d5d3c_1000.jpg!m_fill,w_280,h_210,f_jpg?from=ke.com
20231117,朝阳,高碑店,101121574667,兴隆家园三期 满5年唯一 西南2居 无遮挡 采光视野好必看好房,579万,64650元/平,顶层 (共24层) 2室1厅 | 89.56平米 | 西南,https://ke-image.ljcdn.com/110000-inspection/5c8a84fa-eb68-4a64-8ad9-7f2526b32224_1000.jpg!m_fill,w_280,h_210,f_jpg?from=ke.com
20231117,朝阳,高碑店,101121636299,此房满五唯一高楼层视野好采光好房主自荐,370万,62883元/平,中楼层 (共29层) | 2016年 | 1室1厅 | 58.84平米 | 东,https://ke-image.ljcdn.com/110000-inspection/pc1_O5FUQyMl5.jpg!m_fill,w_280,h_210,f_jpg?from=ke.com
20231117,朝阳,高碑店,101121615768,富华家园 1室0厅 北,249万,47556元/平,低楼层 (共24层) | 2003年 | 1室0厅 | 52.36平米 | 北,https://ke-image.ljcdn.com/110000-inspection/pc1_Rw6gsegeS_1.jpg!m_fill,w_280,h_210,f_jpg?from=ke.com
20231117,朝阳,高碑店,101121592118,金隅汇星苑高层东西2+1出售随时可看,520万,59321元/平,中楼层 (共26层) | 2016年 | 2室1厅 | 87.66平米 | 东 西,https://ke-image.ljcdn.com/110000-inspection/pc1_EWfr4dgJJ.jpg!m_fill,w_280,h_210,f_jpg?from=ke.com
20231117,朝阳,高碑店,101121572933,金隅汇星苑中间楼层 东西通透 采光好 诚意出售必看好房,505万,56876元/平,中楼层 (共26层) | 2016年 | 2室1厅 | 88.79平米 | 东 西,https://ke-image.ljcdn.com/110000-inspection/00f7148e-d6f8-4965-917b-f64a57b05b63_1000.jpg!m_fill,w_280,h_210,f_jpg?from=ke.com
20231117,朝阳,高碑店,101121554826,兴隆家园 店长推荐 板楼2居 落地窗通透户型必看好房,445万,59129元/平,中楼层 (共6层) 2室1厅 | 75.26平米 | 东 西,https://ke-image.ljcdn.com/110000-inspection/pc1_9QYhOpcLV.jpg!m_fill,w_280,h_210,f_jpg?from=ke.com
20231117,朝阳,高碑店,101121372355,兴隆家园二期东南向两居室精装修看房方便。,538万,60764元/平,低楼层 (共24层) 2室1厅 | 88.54平米 | 东南,https://ke-image.ljcdn.com/110000-inspection/3ee64a58-0b6f-45ef-9218-125256875865_1000.jpg!m_fill,w_280,h_210,f_jpg?from=ke.com
20231117,朝阳,高碑店,101121320576,兴隆家园二期南向两居室高楼层采光视野好必看好房,540万,61281元/平,高楼层 (共24层) 2室1厅 | 88.12平米 | 南,https://ke-image.ljcdn.com/110000-inspection/pc1_lO4EqNVqB.jpg!m_fill,w_280,h_210,f_jpg?from=ke.com
20231117,朝阳,高碑店,101121254233,朝青 阿曼寓所 满五年唯一 全南 一居室必看好房,475万,68732元/平,低楼层 (共9层) 1室1厅 | 69.11平米 | 南,https://ke-image.ljcdn.com/110000-inspection/d75b4f07-cca9-453d-ae3c-5a94b2a65c67_1000.jpg!m_fill,w_280,h_210,f_jpg?from=ke.com
20231117,朝阳,高碑店,101121103191,高层全南 精装修 对小区花园  拎包住必看好房,435万,54051元/平,高楼层 (共29层) | 2013年 | 2室1厅 | 80.48平米 | 南,https://ke-image.ljcdn.com/110000-inspection/0a4f6a55-36b1-4259-9af2-8e237255c2ec_1000.jpg!m_fill,w_280,h_210,f_jpg?from=ke.com
20231117,朝阳,高碑店,101121102932,金隅汇星苑高层南北通透 采光好 满五年唯一必看好房,519万,65863元/平,高楼层 (共29层) | 2016年 | 2室1厅 | 78.8平米 | 南 北,https://ke-image.ljcdn.com/110000-inspection/pc1_ayQ83Ew0O_2.jpg!m_fill,w_280,h_210,f_jpg?from=ke.com
20231117,朝阳,高碑店,101121096956,金隅泰和园位置好楼层好视野好必看好房,445万,56732元/平,高楼层 (共29层) | 2013年 | 2室1厅 | 78.44平米 | 南,https://ke-image.ljcdn.com/110000-inspection/539117f5-18b2-418e-9483-e48e24ce124e_1000.jpg!m_fill,w_280,h_210,f_jpg?from=ke.com
20231117,朝阳,高碑店,101120982578,全名格局中间楼层无遮挡视野好满五唯一诚意出售,474万,53283元/平,高楼层 (共28层) 3室1厅 | 88.96平米 | 东南 北,https://ke-image.ljcdn.com/110000-inspection/e8069dd6-280b-4464-bb1e-02e1315be01f_1000.jpg!m_fill,w_280,h_210,f_jpg?from=ke.com
20231117,朝阳,高碑店,101120955040,金隅汇星苑 正规三居室 诚意出售 精装修必看好房,588万,65972元/平,高楼层 (共21层) | 2016年 | 3室1厅 | 89.13平米 | 东 南 北,https://ke-image.ljcdn.com/110000-inspection/pc1_4TZSGHNj2.jpg!m_fill,w_280,h_210,f_jpg?from=ke.com
20231117,朝阳,高碑店,101120946960,店长推荐：兴隆家园 双阳台一居  满五年唯一商品房必看好房,369万,57865元/平,高楼层 (共24层) 1室1厅 | 63.77平米 | 东南,https://ke-image.ljcdn.com/110000-inspection/pc1_FSGM8eTM9.jpg!m_fill,w_280,h_210,f_jpg?from=ke.com
20231117,朝阳,高碑店,101120911585,南太平庄北巷一层南北2居、首付不高、无遮挡必看好房,293万,53871元/平,底层 (共6层) | 1997年 | 2室1厅 | 54.39平米 | 北 南,https://ke-image.ljcdn.com/110000-inspection/pc1_6HCsZlz6c.jpg!m_fill,w_280,h_210,f_jpg?from=ke.com
20231117,朝阳,高碑店,101120910731,富华家园 南向3居 双卫 精装修 拎包入住必看好房,719万,59003元/平,中楼层 (共24层) | 2003年 | 3室1厅 | 121.86平米 | 南,https://ke-image.ljcdn.com/110000-inspection/pc1_KDbLyJKoo_1.jpg!m_fill,w_280,h_210,f_jpg?from=ke.com
20231117,朝阳,高碑店,101120899707,朝青 金隅汇星苑 满五年唯一 高楼 精装两居室必看好房,532万,65574元/平,高楼层 (共29层) | 2016年 | 2室1厅 | 81.13平米 | 南,https://ke-image.ljcdn.com/110000-inspection/pc1_KYj9pP0Um_1.jpg!m_fill,w_280,h_210,f_jpg?from=ke.com
20231117,朝阳,高碑店,101120885490,朝青 金隅泰和园精装 南北通透 两居室必看好房,458万,60407元/平,顶层 (共11层) | 2013年 | 2室1厅 | 75.82平米 | 南 北,https://ke-image.ljcdn.com/110000-inspection/7badf7a8-0803-4e15-922c-ec359c8704c2_1000.jpg!m_fill,w_280,h_210,f_jpg?from=ke.com
20231117,朝阳,高碑店,101120883384,南太平庄北巷 2室1厅 南 北必看好房,285万,51528元/平,底层 (共6层) | 1996年 | 2室1厅 | 55.31平米 | 南 北,https://ke-image.ljcdn.com/110000-inspection/7bad7de4-d92b-4f5e-ac29-fc125bbab536_1000.jpg!m_fill,w_280,h_210,f_jpg?from=ke.com
20231117,朝阳,高碑店,101120808395,高碑店站  双卧朝南两居 明厨明卫 精装修 看房随时必看好房,280万,48193元/平,中楼层 (共6层) | 1984年 | 2室1厅 | 58.1平米 | 南 西 北,https://ke-image.ljcdn.com/110000-inspection/pc1_5WDhNG9xh_1.jpg!m_fill,w_280,h_210,f_jpg?from=ke.com
20231117,朝阳,高碑店,101120666034,满五唯一中高楼层户型方正无遮挡诚意出售必看好房,465万,58337元/平,高楼层 (共29层) | 2013年 | 2室1厅 | 79.71平米 | 南,https://ke-image.ljcdn.com/110000-inspection/pc1_wsw5Z1Lhd_2.jpg!m_fill,w_280,h_210,f_jpg?from=ke.com
20231117,朝阳,高碑店,101120354534,兴隆家园一期 板楼2居 东西通透 使用率高 满5唯一房主自荐,519万,56821元/平,低楼层 (共7层) | 2000年 | 2室2厅 | 91.34平米 | 东 西,https://ke-image.ljcdn.com/110000-inspection/pc1_miZYHDNak.jpg!m_fill,w_280,h_210,f_jpg?from=ke.com
20231117,朝阳,高碑店,101120297450,金隅汇星苑 东西2+1户型格局方正必看好房,492万,56126元/平,低楼层 (共26层) | 2016年 | 2室1厅 | 87.66平米 | 东 西,https://ke-image.ljcdn.com/110000-inspection/bb153424-f2fb-4f66-80d9-9bdcb8f6bf9b_1000.jpg!m_fill,w_280,h_210,f_jpg?from=ke.com
20231117,朝阳,高碑店,101120185949,满五年唯一 高楼层视野好无遮挡房主自荐,520万,58546元/平,高楼层 (共26层) | 2016年 | 2室1厅 | 88.82平米 | 东 西,https://ke-image.ljcdn.com/110000-inspection/3d71fc26-81dd-45c3-afb0-edfd1a2983a1_1000.jpg!m_fill,w_280,h_210,f_jpg?from=ke.com
20231117,朝阳,高碑店,101119951998,兴隆家园二期 满五唯一商品房 高楼层视野好 无遮挡必看好房,510万,65343元/平,高楼层 (共24层) | 2001年 | 2室1厅 | 78.05平米 | 西南,https://ke-image.ljcdn.com/110000-inspection/e798e550-8728-4a82-93ec-69478ceceb9f_1000.jpg!m_fill,w_280,h_210,f_jpg?from=ke.com
20231117,朝阳,高碑店,101119886174,金隅泰和园 满五唯一 高楼层采光视野好必看好房,475万,53395元/平,中楼层 (共28层) 3室1厅 | 88.96平米 | 西南 北,https://ke-image.ljcdn.com/110000-inspection/pc1_xAEquxOPB.jpg!m_fill,w_280,h_210,f_jpg?from=ke.com
20231117,朝阳,高碑店,101119642213,金隅泰和园南向正对小区花园 满五年唯一 安静舒适必看好房,449万,57242元/平,高楼层 (共29层) | 2013年 | 2室1厅 | 78.44平米 | 南,https://ke-image.ljcdn.com/110000-inspection/19d7592a-9119-413a-bad4-3d8d22c3bd46_1000.jpg!m_fill,w_280,h_210,f_jpg?from=ke.com
20231117,朝阳,高碑店,101119589619,满五年唯一全南朝向小区中间位置中间楼层精装修必看好房,508万,62210元/平,低楼层 (共29层) | 2016年 | 2室1厅 | 81.66平米 | 南,https://ke-image.ljcdn.com/110000-inspection/pc1_NCuNQ0coV.jpg!m_fill,w_280,h_210,f_jpg?from=ke.com
20231117,朝阳,高碑店,101119329810,此房满五唯一高楼层视野好采光好必看好房,339万,57614元/平,低楼层 (共29层) | 2016年 | 1室1厅 | 58.84平米 | 东,https://ke-image.ljcdn.com/110000-inspection/pc1_14pjPKYBI_2.jpg!m_fill,w_280,h_210,f_jpg?from=ke.com
20231117,朝阳,高碑店,101119072031,金隅汇星苑南向两居 高层 满五年唯一 视野宽阔采光好必看好房,515万,62394元/平,中楼层 (共29层) | 2016年 | 2室1厅 | 82.54平米 | 南,https://ke-image.ljcdn.com/110000-inspection/pc1_um5Io4vGa.jpg!m_fill,w_280,h_210,f_jpg?from=ke.com
20231117,朝阳,高碑店,101121857133,金隅汇星苑朝南高层 没有遮挡满五年唯一 采光好必看好房,459万,55455元/平,顶层 (共29层) | 2016年 | 2室1厅 | 82.77平米 | 南,https://ke-image.ljcdn.com/110000-inspection/e8373cc7-c750-4b77-809c-cbc0dab4efd8_1000.jpg!m_fill,w_280,h_210,f_jpg?from=ke.com
20231117,朝阳,高碑店,101121737311,东南向 双阳台 高楼层采光好 视野开阔 远眺通惠河,398万,58633元/平,高楼层 (共24层) | 2001年 | 1室1厅 | 67.88平米 | 东南,https://ke-image.ljcdn.com/110000-inspection/pc1_s8SVOTf8g.jpg!m_fill,w_280,h_210,f_jpg?from=ke.com
20231117,朝阳,高碑店,101121733155,店长推荐：兴隆家园三期  中间位置一居  观花园必看好房,399万,62305元/平,中楼层 (共22层) | 2005年 | 1室1厅 | 64.04平米 | 北,https://ke-image.ljcdn.com/110000-inspection/260a6dd9-b696-4056-9084-545dfc94091e_1000.jpg!m_fill,w_280,h_210,f_jpg?from=ke.com
20231117,朝阳,高碑店,101121724766,汇星苑全明三居 南北通透 满五年唯一 装修好商品房必看好房,619万,69147元/平,中楼层 (共29层) 3室1厅 | 89.52平米 | 南 西 北,https://ke-image.ljcdn.com/110000-inspection/686b6d30-a824-4f9e-a007-965a344fd429_1000.jpg!m_fill,w_280,h_210,f_jpg?from=ke.com
20231117,朝阳,高碑店,101121572591,兴隆家园板楼不临街南北通透两居室必看好房,448万,65193元/平,高楼层 (共6层) 2室1厅 | 68.72平米 | 南 北,https://ke-image.ljcdn.com/110000-inspection/1c0c3a1f-49c3-424b-9fcf-55eeeae98f36_1000.jpg!m_fill,w_280,h_210,f_jpg?from=ke.com
20231117,朝阳,高碑店,101121475084,高楼层 精装修 视野开阔 急售,463万,59712元/平,高楼层 (共29层) | 2013年 | 2室1厅 | 77.54平米 | 南 北,https://ke-image.ljcdn.com/110000-inspection/606966b8-35b9-4da1-8142-410db2c8e98b_1000.jpg!m_fill,w_280,h_210,f_jpg?from=ke.com
20231117,朝阳,高碑店,101121420135,兴隆家园 全南向 3个阳台两居 满5唯一必看好房,638万,65699元/平,低楼层 (共24层) | 2004年 | 2室2厅 | 97.11平米 | 南,https://ke-image.ljcdn.com/110000-inspection/19ffabe7-4cd5-4d02-824a-74ad379b79f9_1000.jpg!m_fill,w_280,h_210,f_jpg?from=ke.com
20231117,朝阳,高碑店,101121329385,南太平庄北巷 2000年楼龄 50万装修 南北通透拎包即住房主自荐,399万,51253元/平,底层 (共7层) | 2001年 | 2室1厅 | 77.85平米 | 南 北,https://ke-image.ljcdn.com/110000-inspection/1beebddd-598a-459a-b00f-be9096829016_1000.jpg!m_fill,w_280,h_210,f_jpg?from=ke.com
20231117,朝阳,高碑店,101121257046,富华二期 不临主路 满五年  商品房必看好房,430万,44834元/平,低楼层 (共22层) | 2003年 | 2室2厅 | 95.91平米 | 南 西北,https://ke-image.ljcdn.com/110000-inspection/pc1_auECHqrzk_1.jpg!m_fill,w_280,h_210,f_jpg?from=ke.com
20231117,朝阳,高碑店,101121080914,兴隆家园 三期 西南向两居室 不临街 楼下小区花园房主自荐,610万,68134元/平,低楼层 (共24层) 2室1厅 | 89.53平米 | 西南,https://ke-image.ljcdn.com/110000-inspection/c6286aba-51b4-4976-bbb7-dcb1350ad5bc_1000.jpg!m_fill,w_280,h_210,f_jpg?from=ke.com
20231117,朝阳,高碑店,101121003061,兴隆家园二期 落地窗 地铁22号线甘露园站,689万,51106元/平,高楼层 (共24层) | 2002年 | 3室1厅 | 134.82平米 | 南 北,https://ke-image.ljcdn.com/110000-inspection/pc1_iqBtUqsgw_2.jpg!m_fill,w_280,h_210,f_jpg?from=ke.com
20231117,朝阳,高碑店,101120959180,兴隆家园 二期 高楼层 不临街  大一居室房主自荐,342万,69853元/平,高楼层 (共24层) 1室1厅 | 48.96平米 | 东北,https://ke-image.ljcdn.com/110000-inspection/pc1_gA84erQZZ.jpg!m_fill,w_280,h_210,f_jpg?from=ke.com
20231117,朝阳,高碑店,101120959062,兴隆家园 南向大三居  双阳台 双卫 主卧明卫拎包住房主自荐,830万,61646元/平,中楼层 (共24层) 3室1厅 | 134.64平米 | 西南,https://ke-image.ljcdn.com/110000-inspection/pc1_sWUuptLJd.jpg!m_fill,w_280,h_210,f_jpg?from=ke.com
20231117,朝阳,高碑店,101120910263,南太平庄北巷 全南向无遮挡格局 视野好,268万,49049元/平,中楼层 (共6层) 2室1厅 | 54.64平米 | 东南,https://ke-image.ljcdn.com/110000-inspection/4cc3bb3b-c497-4983-b4d9-ed9e23162b65_1000.jpg!m_fill,w_280,h_210,f_jpg?from=ke.com
20231117,朝阳,高碑店,101120762592,兴隆家园高层东南向满五唯一视野开阔,810万,60161元/平,高楼层 (共24层) 3室1厅 | 134.64平米 | 东南,https://ke-image.ljcdn.com/110000-inspection/d3d28f90-ee25-456a-93aa-4a60e73cc488_1000.jpg!m_fill,w_280,h_210,f_jpg?from=ke.com
20231117,朝阳,高碑店,101120216299,店长推荐：满5年唯一南北通透采光好格局方正必看好房,518万,44487元/平,顶层 (共6层) | 2000年 | 3室2厅 | 116.44平米 | 南 北,https://ke-image.ljcdn.com/110000-inspection/pc1_HrmpkSatS.jpg!m_fill,w_280,h_210,f_jpg?from=ke.com
20231117,朝阳,高碑店,101120044270,兴隆 三期 高楼层  视野开阔 装修好拎包入住 明厨明卫,580万,62663元/平,高楼层 (共24层) | 2005年 | 2室1厅 | 92.56平米 | 西南 北,https://ke-image.ljcdn.com/110000-inspection/2dbe53b8-8e83-432e-bad3-11257431b6a1_1000.jpg!m_fill,w_280,h_210,f_jpg?from=ke.com
20231117,朝阳,高碑店,101119916709,东四环 三面朝南 采光好 没有遮挡 业主诚意出售必看好房,688万,65232元/平,中楼层 (共22层) 2室1厅 | 105.47平米 | 南,https://ke-image.ljcdn.com/110000-inspection/1c830eaf-9d20-424e-8d2b-d995a1471b9a_1000.jpg!m_fill,w_280,h_210,f_jpg?from=ke.com
20231117,朝阳,高碑店,101119829494,南太平庄北巷2005年商品房 落地窗 西南中间层 采光好必看好房,439万,52083元/平,中楼层 (共6层) | 2004年 | 2室1厅 | 84.29平米 | 西南,https://ke-image.ljcdn.com/110000-inspection/pc1_dUUsePd3M.jpg!m_fill,w_280,h_210,f_jpg?from=ke.com
20231117,朝阳,高碑店,101121860665,金隅汇星苑 全南两居室 业主诚售必看好房,505万,62246元/平,低楼层 (共29层) | 2016年 | 2室1厅 | 81.13平米 | 南,https://s1.ljcdn.com/pegasus/redskull/images/common/default_house_list.png?_v=202311081228217
20231117,朝阳,高碑店,101121686601,金隅泰和园高楼层东向一居室看房方便,315万,53736元/平,中楼层 (共28层) 1室1厅 | 58.62平米 | 东,https://s1.ljcdn.com/pegasus/redskull/images/common/default_house_list.png?_v=202311081228217
20231117,朝阳,高碑店,101118517358,东四环 东向阳光好距22号线地铁站700米 单价2.2万一平必看好房,195.8万,22243元/平,中楼层 (共19层) | 2009年 | 1室1厅 | 88.03平米 | 东,https://s1.ljcdn.com/pegasus/redskull/images/common/default_house_list.png?_v=202311081228217
20231117,朝阳,高碑店,101121866032,富华家园  高层 南北通透 店长推荐新上,650万,52812元/平,高楼层 (共22层) | 2004年 | 3室1厅 | 123.08平米 | 南 北,https://ke-image.ljcdn.com/110000-inspection/fd51519a-aa4a-4bc8-930c-6f811c311651_1000.jpg!m_fill,w_280,h_210,f_jpg?from=ke.com
20231117,朝阳,高碑店,101121830760,南北2居在低层 视野开阔通风好 全天采光 朝青 泰和园,425万,56539元/平,低楼层 (共11层) | 2013年 | 2室1厅 | 75.17平米 | 南 北,https://ke-image.ljcdn.com/110000-inspection/5387ef02-89c5-42d1-a0b3-85b56d724b2c_1000.jpg!m_fill,w_280,h_210,f_jpg?from=ke.com
20231117,朝阳,高碑店,101121825609,南太平庄北巷小区 通透两居室 楼层好,365万,51877元/平,中楼层 (共7层) | 2000年 | 2室1厅 | 70.36平米 | 东 西,https://ke-image.ljcdn.com/110000-inspection/a7ac8060-713a-42a6-89cc-2ce3df852439_1000.jpg!m_fill,w_280,h_210,f_jpg?from=ke.com
20231117,朝阳,高碑店,101121795209,满五唯一东向一居室户型方正中间层看房方便,320万,54889元/平,中楼层 (共29层) | 2013年 | 1室1厅 | 58.3平米 | 东,https://ke-image.ljcdn.com/110000-inspection/a91506a1-897a-47df-b7f5-8205466dd0a8_1000.jpg!m_fill,w_280,h_210,f_jpg?from=ke.com
20231117,朝阳,高碑店,101121794605,南太平庄北巷 正规一居室 无遮挡 视野采光好,280万,55633元/平,中楼层 (共7层) | 2000年 | 1室1厅 | 50.33平米 | 东,https://ke-image.ljcdn.com/110000-inspection/c915d983-58c1-4c0f-bf25-337a6315234c_1000.jpg!m_fill,w_280,h_210,f_jpg?from=ke.com
20231117,朝阳,高碑店,101121742081,高楼层视野开阔可以看中国尊正规一居,370万,62469元/平,中楼层 (共29层) | 2016年 | 1室1厅 | 59.23平米 | 西,https://ke-image.ljcdn.com/110000-inspection/e38ebd6b-8503-4a77-952f-154d3774c8fb_1000.jpg!m_fill,w_280,h_210,f_jpg?from=ke.com
20231117,朝阳,高碑店,101121725645,满五年唯一 精装修 高楼层视野佳 诚意出售,521万,65900元/平,中楼层 (共29层) | 2016年 | 2室1厅 | 79.06平米 | 南 北,https://ke-image.ljcdn.com/110000-inspection/62e9f1e5-0d7f-4346-92f7-8087669ee05c_1000.jpg!m_fill,w_280,h_210,f_jpg?from=ke.com
20231117,朝阳,高碑店,101121718008,南太平庄北巷 高井社区 南北通透 采光充足,369万,53155元/平,中楼层 (共6层) | 2001年 | 2室1厅 | 69.42平米 | 南 北,https://ke-image.ljcdn.com/110000-inspection/ffc62b69-04f5-4415-a1ea-aad7716a7df5_1000.jpg!m_fill,w_280,h_210,f_jpg?from=ke.com
20231117,朝阳,高碑店,101121693963,金隅汇星苑位置好 采光好 中间楼层 次卧室没有遮挡房主自荐,518万,64181元/平,低楼层 (共17层) | 2016年 | 2室1厅 | 80.71平米 | 南,https://ke-image.ljcdn.com/110000-inspection/pc1_ftXJqPX1T.jpg!m_fill,w_280,h_210,f_jpg?from=ke.com
20231117,朝阳,高碑店,101121686876,满五唯一商品房 二次精装修 看房方便,397万,48427元/平,低楼层 (共24层) | 2000年 | 2室1厅 | 81.98平米 | 东南,https://ke-image.ljcdn.com/110000-inspection/6aefddd8-bc57-42f6-a278-4593ac883408_1000.jpg!m_fill,w_280,h_210,f_jpg?from=ke.com
20231117,朝阳,高碑店,101121608324,金隅汇星苑中间位置 中间楼层 南北通透 采光好房主自荐,509万,64211元/平,中楼层 (共29层) | 2016年 | 2室1厅 | 79.27平米 | 南 北,https://ke-image.ljcdn.com/110000-inspection/pc1_DxUcmTNm0.jpg!m_fill,w_280,h_210,f_jpg?from=ke.com
20231117,朝阳,高碑店,101121595678,兴隆三期 高层 东南向 视野开阔 安静不临街 装修好,606万,63496元/平,高楼层 (共24层) 2室1厅 | 95.44平米 | 东南,https://ke-image.ljcdn.com/110000-inspection/9d813815-1bb3-476c-8af8-42c74cf279db_1000.jpg!m_fill,w_280,h_210,f_jpg?from=ke.com
20231117,朝阳,高碑店,101121595353,业主诚心卖矮板楼 高楼层南北通透视野开阔,456万,61127元/平,高楼层 (共14层) | 2013年 | 2室1厅 | 74.6平米 | 南 北,https://ke-image.ljcdn.com/110000-inspection/pc1_IzxCIVE78.jpg!m_fill,w_280,h_210,f_jpg?from=ke.com
20231117,朝阳,高碑店,101121582992,金隅汇星苑 精装修两居室 高楼层视野采光好房主自荐,518万,58340元/平,顶层 (共26层) | 2016年 | 2室1厅 | 88.79平米 | 东 西,https://ke-image.ljcdn.com/110000-inspection/pc1_o1D4XFHii_2.jpg!m_fill,w_280,h_210,f_jpg?from=ke.com
20231117,朝阳,高碑店,101121537033,金隅汇星苑高层 东西通透 满五年唯一 视野宽阔,525万,59905元/平,中楼层 (共26层) | 2016年 | 2室1厅 | 87.64平米 | 东 西,https://ke-image.ljcdn.com/110000-inspection/499f0740-c287-4547-aed6-1902bb565ec7_1000.jpg!m_fill,w_280,h_210,f_jpg?from=ke.com
20231117,朝阳,高碑店,101121521236,南太平庄北巷小区  一层正规两居室  诚意出售,279万,55980元/平,底层 (共6层) | 1986年 | 2室1厅 | 49.84平米 | 南 北,https://ke-image.ljcdn.com/110000-inspection/pc1_0kk31HIfk_2.jpg!m_fill,w_280,h_210,f_jpg?from=ke.com
20231117,朝阳,高碑店,101121513117,富华家园 西南两居室 商品房 店长推荐,360万,49567元/平,低楼层 (共24层) 2室1厅 | 72.63平米 | 西南,https://ke-image.ljcdn.com/110000-inspection/pc1_PVCjqQUtQ_1.jpg!m_fill,w_280,h_210,f_jpg?from=ke.com
20231117,朝阳,高碑店,101121507364,此房满五年唯一业主诚心卖中间楼层南北通透,470万,60614元/平,中楼层 (共29层) | 2013年 | 2室1厅 | 77.54平米 | 南 北,https://ke-image.ljcdn.com/110000-inspection/0cd8f36b-c0ac-4272-8d47-3fda045e4d9d_1000.jpg!m_fill,w_280,h_210,f_jpg?from=ke.com
20231117,朝阳,高碑店,101121503578,中间楼层西向正规一居正对小区花园视野无遮挡,365万,61625元/平,低楼层 (共29层) | 2016年 | 1室1厅 | 59.23平米 | 西,https://ke-image.ljcdn.com/110000-inspection/pc1_0Rbxd1Bbi.jpg!m_fill,w_280,h_210,f_jpg?from=ke.com
20231117,朝阳,高碑店,101121498479,金隅汇星苑自住精装2016年社区、满五唯一、视野开阔,410万,61943元/平,低楼层 (共26层) | 2016年 | 1室1厅 | 66.19平米 | 东,https://ke-image.ljcdn.com/110000-inspection/pc1_2ByngD4LN_1.jpg!m_fill,w_280,h_210,f_jpg?from=ke.com
20231117,朝阳,高碑店,101121494769,兴隆板楼户型少出 双卧朝南 中间层 安静不临街 精装修,700万,64232元/平,中楼层 (共7层) 3室1厅 | 108.98平米 | 南 北,https://ke-image.ljcdn.com/110000-inspection/92884a09-d0d5-4b3f-b9b8-3abf58da500d_1000.jpg!m_fill,w_280,h_210,f_jpg?from=ke.com
20231117,朝阳,高碑店,101121485005,满五年唯一 一梯两户 采光好 楼层好对花园、视野好,490万,53541元/平,低楼层 (共7层) 2室1厅 | 91.52平米 | 东 西,https://ke-image.ljcdn.com/110000-inspection/ad6eae0b-ca70-430c-ad4f-72a49010f982_1000.jpg!m_fill,w_280,h_210,f_jpg?from=ke.com
20231117,朝阳,高碑店,101121476683,精装全南2居在低层 位置安静 视野开阔 全天采光房主自荐,539万,66437元/平,低楼层 (共29层) | 2016年 | 2室1厅 | 81.13平米 | 南,https://ke-image.ljcdn.com/110000-inspection/pc1_NU9yz0wo9.jpg!m_fill,w_280,h_210,f_jpg?from=ke.com
20231117,朝阳,高碑店,101121434668,金隅汇星苑中间层 南北 装修好 采光好 安静满五年唯一,518万,65737元/平,低楼层 (共29层) | 2016年 | 2室1厅 | 78.8平米 | 南 北,https://ke-image.ljcdn.com/110000-inspection/43833a17-30b6-4c1d-8fee-5e84713484ef_1000.jpg!m_fill,w_280,h_210,f_jpg?from=ke.com
20231117,朝阳,高碑店,101121431343,金隅汇星苑2016年社区、次顶层全南2居、满五唯一,550万,66603元/平,高楼层 (共29层) | 2016年 | 2室1厅 | 82.58平米 | 南,https://ke-image.ljcdn.com/110000-inspection/9a87ff6a-26b7-4791-8854-ac3db9f33f97_1000.jpg!m_fill,w_280,h_210,f_jpg?from=ke.com
20231117,朝阳,高碑店,101121415043,金隅汇星苑三面采光 南排位置视野好,618万,69066元/平,低楼层 (共29层) | 2016年 | 3室1厅 | 89.48平米 | 南 北,https://ke-image.ljcdn.com/110000-inspection/670071ce-0ff4-43e7-a98e-00f7adecb6fb_1000.jpg!m_fill,w_280,h_210,f_jpg?from=ke.com
20231117,朝阳,高碑店,101121408939,金隅汇星苑  南北花园  西南北三面采光房主自荐,625万,69810元/平,中楼层 (共29层) | 2016年 | 3室1厅 | 89.53平米 | 南 北,https://ke-image.ljcdn.com/110000-inspection/4257e396-d07d-460e-a1c2-4a6a5f35f4fe_1000.jpg!m_fill,w_280,h_210,f_jpg?from=ke.com
20231117,朝阳,高碑店,101121403556,中间楼层东向正规一居正对小区花园视野无遮挡,375万,63733元/平,低楼层 (共29层) | 2016年 | 1室1厅 | 58.84平米 | 东,https://ke-image.ljcdn.com/110000-inspection/fdae7e14-c0c0-4836-8bbc-88ce9c7b7c91_1000.jpg!m_fill,w_280,h_210,f_jpg?from=ke.com
20231117,朝阳,高碑店,101121392330,兴隆家园  精装修  落地阳台开间,243万,67016元/平,低楼层 (共24层) | 2004年 | 1室0厅 | 36.26平米 | 北,https://ke-image.ljcdn.com/110000-inspection/pc1_xOZCT16e0_2.jpg!m_fill,w_280,h_210,f_jpg?from=ke.com
20231117,朝阳,高碑店,101121390800,二期、高层视野好小区样板楼 、户数少 满五年唯一,585万,57738元/平,顶层 (共24层) 2室1厅 | 101.32平米 | 西北,https://ke-image.ljcdn.com/110000-inspection/4b1bb7cc-df09-4cd6-8dbe-b6ca49a84dfc_1000.jpg!m_fill,w_280,h_210,f_jpg?from=ke.com
20231117,朝阳,高碑店,101121341174,南太平庄北巷  精装修2居室 低楼层 南北通透,398万,56502元/平,低楼层 (共7层) | 2003年 | 2室1厅 | 70.44平米 | 南 北,https://ke-image.ljcdn.com/110000-inspection/pc1_1Xj2ai9aI.jpg!m_fill,w_280,h_210,f_jpg?from=ke.com
20231117,朝阳,高碑店,101121281259,店长推荐：此房满五唯一南向无遮挡视野好采光充足,805万,60124元/平,低楼层 (共24层) | 2002年 | 3室1厅 | 133.89平米 | 南,https://ke-image.ljcdn.com/110000-inspection/pc1_eL1AjJ7GC.jpg!m_fill,w_280,h_210,f_jpg?from=ke.com
20231117,朝阳,高碑店,101121267271,南北2居在中层 小区中间位置 通风好全天采光,519万,65905元/平,中楼层 (共29层) | 2016年 | 2室1厅 | 78.75平米 | 南 北,https://ke-image.ljcdn.com/110000-inspection/pc1_3a4YvhNLC.jpg!m_fill,w_280,h_210,f_jpg?from=ke.com
20231117,朝阳,高碑店,101121248346,金隅泰和园 高楼层正规三居室 看房方便,478万,54097元/平,顶层 (共29层) | 2013年 | 3室1厅 | 88.36平米 | 西南 北,https://ke-image.ljcdn.com/110000-inspection/ac134c1d-5369-4060-be24-d88998783640_1000.jpg!m_fill,w_280,h_210,f_jpg?from=ke.com
20231117,朝阳,高碑店,101121235865,金隅泰和园 3室2厅 西南 北,520万,59044元/平,高楼层 (共29层) | 2013年 | 3室2厅 | 88.07平米 | 西南 北,https://ke-image.ljcdn.com/110000-inspection/41a4facf-4cff-494e-813a-c73cbca0c3ba_1000.jpg!m_fill,w_280,h_210,f_jpg?from=ke.com
20231117,朝阳,高碑店,101121231008,2000年商品房明厅阳台南北通透福汇来临、阳光足房主自荐,365万,52579元/平,高楼层 (共6层) | 2000年 | 2室1厅 | 69.42平米 | 南 北,https://ke-image.ljcdn.com/110000-inspection/pc1_KJXYpWY9F.jpg!m_fill,w_280,h_210,f_jpg?from=ke.com
20231117,朝阳,高碑店,101121226052,西向2居在高层 无遮挡 正观小区公园房主自荐,379万,57269元/平,中楼层 (共26层) | 2016年 | 2室1厅 | 66.18平米 | 西,https://ke-image.ljcdn.com/110000-inspection/3b7a3f49-861d-4f54-81cd-64875b2c1298_1000.jpg!m_fill,w_280,h_210,f_jpg?from=ke.com
20231117,朝阳,高碑店,101121223452,此房满五唯一、2016年社区、小区里外环境很好,613万,68469元/平,高楼层 (共29层) | 2016年 | 3室1厅 | 89.53平米 | 南 北,https://ke-image.ljcdn.com/110000-inspection/329be898-9229-4166-aedb-4b0936da2ed9_1000.jpg!m_fill,w_280,h_210,f_jpg?from=ke.com
20231117,朝阳,高碑店,101121211342,满五年唯一中间楼层一期板楼户型、格局好、无遮挡,320万,56548元/平,高楼层 (共6层) 1室1厅 | 56.59平米 | 东,https://ke-image.ljcdn.com/110000-inspection/pc1_mHOpObmDU.jpg!m_fill,w_280,h_210,f_jpg?from=ke.com
20231117,朝阳,高碑店,101121188421,满五年唯一的商品房 东南朝向 景观视野很好、装修好房主自荐,820万,60904元/平,顶层 (共24层) 3室1厅 | 134.64平米 | 东南,https://ke-image.ljcdn.com/110000-inspection/2311d675-60b4-4641-977d-bbba99373bcc_1000.jpg!m_fill,w_280,h_210,f_jpg?from=ke.com
20231117,朝阳,高碑店,101121187146,金隅泰和园诚意出售位置好楼层好视野好,450万,55358元/平,中楼层 (共28层) 2室1厅 | 81.29平米 | 南,https://ke-image.ljcdn.com/110000-inspection/pc1_P1hwBNMOz.jpg!m_fill,w_280,h_210,f_jpg?from=ke.com
20231117,朝阳,高碑店,101121165553,金隅泰和园 3室2厅 西南,500万,56774元/平,中楼层 (共29层) | 2013年 | 3室2厅 | 88.07平米 | 西南,https://ke-image.ljcdn.com/110000-inspection/64060d73-b22f-4d1e-9abe-ea8f4c979b7f_1000.jpg!m_fill,w_280,h_210,f_jpg?from=ke.com
20231117,朝阳,高碑店,101121151532,店长推荐：兴隆家园 东四环外 北向落地阳台  无遮挡,249万,68671元/平,高楼层 (共24层) | 2004年 | 1室0厅 | 36.26平米 | 北,https://ke-image.ljcdn.com/110000-inspection/669cbeed-2c53-4b1e-9a3e-80bac7ca666b_1000.jpg!m_fill,w_280,h_210,f_jpg?from=ke.com
20231117,朝阳,高碑店,101121134066,南太平庄北巷 2居室 中间层 诚心出售,355万,50455元/平,中楼层 (共7层) 2室1厅 | 70.36平米 | 东 西,https://ke-image.ljcdn.com/110000-inspection/af36ce8a-d512-410d-ac58-dc1e01af98ca_1000.jpg!m_fill,w_280,h_210,f_jpg?from=ke.com
20231117,朝阳,高碑店,101121118108,西南北3居在低层 明厨明卫 视野开阔 通风好全天采光房主自荐,615万,68947元/平,低楼层 (共29层) | 2016年 | 3室1厅 | 89.2平米 | 西南,https://ke-image.ljcdn.com/110000-inspection/cbfea573-340f-41cb-a341-8d7b1b41ac06_1000.jpg!m_fill,w_280,h_210,f_jpg?from=ke.com
20231117,朝阳,高碑店,101121116014,富华家园 高层 商品房 一居室,308万,52001元/平,高楼层 (共24层) | 2000年 | 1室1厅 | 59.23平米 | 东南,https://ke-image.ljcdn.com/110000-inspection/2836cc41-e71f-45e8-9af4-113f4dfe1378_1000.jpg!m_fill,w_280,h_210,f_jpg?from=ke.com
20231117,朝阳,高碑店,101121114793,兴隆家园高层两居室视野好小区样板楼 户数少,585万,57738元/平,高楼层 (共24层) | 2002年 | 2室1厅 | 101.32平米 | 西北,https://ke-image.ljcdn.com/110000-inspection/pc1_GbliP5fZp.jpg!m_fill,w_280,h_210,f_jpg?from=ke.com
20231117,朝阳,高碑店,101121113006,东四环 南北双通透三居室 中间楼层 视野无遮挡房主自荐,920万,65101元/平,中楼层 (共22层) | 2005年 | 3室1厅 | 141.32平米 | 南 北,https://ke-image.ljcdn.com/110000-inspection/f7db5961-1dc0-45f3-be31-5bd3092d5f3e_1000.jpg!m_fill,w_280,h_210,f_jpg?from=ke.com
20231117,朝阳,高碑店,101121109382,富华家园  东南2居 精装修 满五唯一商品房 可拎包入住房主自荐,475万,56853元/平,低楼层 (共24层) | 2003年 | 2室1厅 | 83.55平米 | 东南,https://ke-image.ljcdn.com/110000-inspection/676a716b-e42b-4681-8234-1c6d095fb56f_1000.jpg!m_fill,w_280,h_210,f_jpg?from=ke.com
20231117,朝阳,高碑店,101121104586,富华家园 朝阳大悦城 商品房一居室 仅契税,289万,46719元/平,高楼层 (共24层) | 2000年 | 1室1厅 | 61.86平米 | 南,https://ke-image.ljcdn.com/110000-inspection/272e204f-9089-467a-bd5a-529519f1f783_1000.jpg!m_fill,w_280,h_210,f_jpg?from=ke.com
20231117,朝阳,高碑店,101121096552,兴隆家园三期     满五唯一    东南三居,599万,66905元/平,高楼层 (共24层) 2室1厅 | 89.53平米 | 东南,https://ke-image.ljcdn.com/110000-inspection/74bf00cb-f31d-4369-82bc-31c0b7aeae46_1000.jpg!m_fill,w_280,h_210,f_jpg?from=ke.com
20231117,朝阳,高碑店,101121093033,南太平庄北巷小区东西两居室精装修出售房主自荐,388万,55413元/平,低楼层 (共6层) 2室2厅 | 70.02平米 | 东 西,https://ke-image.ljcdn.com/110000-inspection/ad2316c4-bd8d-4c20-8f3d-a271eec18eaf_1000.jpg!m_fill,w_280,h_210,f_jpg?from=ke.com
20231117,朝阳,高碑店,101121048427,东西通透 视野开阔无遮挡 精装自住 诚意出售,349万,35605元/平,顶层 (共6层) | 1996年 | 2室1厅 | 98.02平米 | 东 西,https://ke-image.ljcdn.com/110000-inspection/ef9600c4-8ce4-4761-a418-513101db4b25_1000.jpg!m_fill,w_280,h_210,f_jpg?from=ke.com
20231117,朝阳,高碑店,101121023666,南太平庄北巷四建院2000年楼龄中间层东西通透,355万,50455元/平,中楼层 (共6层) | 2000年 | 2室1厅 | 70.36平米 | 东 西,https://ke-image.ljcdn.com/110000-inspection/9b39283b-cef6-4573-8662-62ba7b336319_1000.jpg!m_fill,w_280,h_210,f_jpg?from=ke.com
20231117,朝阳,高碑店,101121022644,兴隆家园 满五唯一 户型方正 采光好,595万,58725元/平,中楼层 (共24层) 2室1厅 | 101.32平米 | 东 北,https://ke-image.ljcdn.com/110000-inspection/4f94e8e3-a843-4a31-a378-ea1434bbcbce_1000.jpg!m_fill,w_280,h_210,f_jpg?from=ke.com
20231117,朝阳,高碑店,101121022228,兴隆家园南区板楼满五唯一不临街南北通透两居室,589万,68857元/平,高楼层 (共6层) | 2000年 | 2室2厅 | 85.54平米 | 北 南,https://ke-image.ljcdn.com/110000-inspection/ee9fc56a-8411-4f09-839e-4ed8a54748ce_1000.jpg!m_fill,w_280,h_210,f_jpg?from=ke.com
20231117,朝阳,高碑店,101121021979,富华二期 不临主路 满五唯一 无抵押,450万,46919元/平,中楼层 (共22层) | 2003年 | 2室1厅 | 95.91平米 | 西北,https://ke-image.ljcdn.com/110000-inspection/pc1_PH1AMtl0T_1.jpg!m_fill,w_280,h_210,f_jpg?from=ke.com
20231117,朝阳,高碑店,101121021581,兴隆家园 南北通透3居前后不临街 采光好,960万,67955元/平,中楼层 (共19层) | 2005年 | 3室1厅 | 141.27平米 | 南 北,https://ke-image.ljcdn.com/110000-inspection/pc1_WblWR3UA3.jpg!m_fill,w_280,h_210,f_jpg?from=ke.com
20231117,朝阳,高碑店,101121000652,此房满五年唯一中低楼层无遮挡采光足,528万,63954元/平,中楼层 (共21层) | 2016年 | 2室1厅 | 82.56平米 | 南,https://ke-image.ljcdn.com/110000-inspection/a6d0388b-027b-4596-9576-1017dcc4eb32_1000.jpg!m_fill,w_280,h_210,f_jpg?from=ke.com
20231117,朝阳,高碑店,101120997150,兴隆家园东南2居双阳台 满五年唯一 安静不临街,545万,69128元/平,中楼层 (共24层) | 2003年 | 2室1厅 | 78.84平米 | 东南,https://ke-image.ljcdn.com/110000-inspection/31026617-3aff-4055-a31f-2916ee511a14_1000.jpg!m_fill,w_280,h_210,f_jpg?from=ke.com
20231117,朝阳,高碑店,101120984418,兴隆高层观景大两居满五唯一好视野精装修拎包入住房主自荐,615万,60699元/平,高楼层 (共24层) 2室1厅 | 101.32平米 | 东北,https://ke-image.ljcdn.com/110000-inspection/34726c79-513f-416f-ad07-764b5c26e30a_1000.jpg!m_fill,w_280,h_210,f_jpg?from=ke.com
20231117,朝阳,高碑店,101120978504,东四环 经典北向落地阳台开间 户型方正 推窗见绿,252万,69499元/平,低楼层 (共24层) | 2004年 | 1室0厅 | 36.26平米 | 北,https://ke-image.ljcdn.com/110000-inspection/pc1_kJW4HvxiL.jpg!m_fill,w_280,h_210,f_jpg?from=ke.com
20231117,朝阳,高碑店,101120973919,满五年唯一 西南北三居室高楼层精装修,510万,57909元/平,高楼层 (共29层) | 2013年 | 3室1厅 | 88.07平米 | 西南 北,https://ke-image.ljcdn.com/110000-inspection/4d60ff21-ff12-4854-ae12-466b7067eb89_1000.jpg!m_fill,w_280,h_210,f_jpg?from=ke.com
20231117,朝阳,高碑店,101120957842,此房满五年一套房 高层视野采光好 无遮挡 精心装修房主自荐,476万,57509元/平,顶层 (共29层) | 2016年 | 2室1厅 | 82.77平米 | 南,https://ke-image.ljcdn.com/110000-inspection/ad08894e-cb52-4417-a078-0f86d2fa285f_1000.jpg!m_fill,w_280,h_210,f_jpg?from=ke.com
20231117,朝阳,高碑店,101120954659,精装修明卫三居拎包入住高楼层视野棒,505万,57153元/平,高楼层 (共29层) | 2013年 | 3室1厅 | 88.36平米 | 西南 北,https://ke-image.ljcdn.com/110000-inspection/3cfc8608-b8b5-41cb-b910-97e5a0ad59c2_1000.jpg!m_fill,w_280,h_210,f_jpg?from=ke.com
20231117,朝阳,高碑店,101120950765,南太平庄北巷满五年唯一中间楼层3居、无遮挡、诚售,370万,51169元/平,中楼层 (共6层) 3室1厅 | 72.31平米 | 南 北,https://ke-image.ljcdn.com/110000-inspection/pc1_Pa4aG7klF.jpg!m_fill,w_280,h_210,f_jpg?from=ke.com
20231117,朝阳,高碑店,101120935020,兴隆家园高层观景大两居满五唯一好视野精装修,610万,60206元/平,高楼层 (共24层) | 2002年 | 2室1厅 | 101.32平米 | 东 北,https://ke-image.ljcdn.com/110000-inspection/96bbbe46-b20d-4419-94b2-8d5bf40b47ce_1000.jpg!m_fill,w_280,h_210,f_jpg?from=ke.com
20231117,朝阳,高碑店,101120927306,东四环 精装修 南北通透小两居 卫生间干湿分离,529万,76980元/平,中楼层 (共6层) | 1999年 | 2室1厅 | 68.72平米 | 南 北,https://ke-image.ljcdn.com/110000-inspection/pc1_HxWSIQswk_2.jpg!m_fill,w_280,h_210,f_jpg?from=ke.com
20231117,朝阳,高碑店,101120922270,此房满五年唯一 中间楼层 无遮挡明卫,409万,65221元/平,低楼层 (共16层) | 2007年 | 1室1厅 | 62.71平米 | 西,https://ke-image.ljcdn.com/110000-inspection/pc1_oZJDJEJvM.jpg!m_fill,w_280,h_210,f_jpg?from=ke.com
20231117,朝阳,高碑店,101120922200,兴隆家园三期满五唯一南北通透三居室,970万,68639元/平,中楼层 (共22层) | 2005年 | 3室1厅 | 141.32平米 | 南 北,https://ke-image.ljcdn.com/110000-inspection/pc1_2UkDtEl3w.jpg!m_fill,w_280,h_210,f_jpg?from=ke.com
20231117,朝阳,高碑店,101120914693,金隅汇星苑 2室1厅 南,515万,61996元/平,低楼层 (共29层) | 2016年 | 2室1厅 | 83.07平米 | 南,https://ke-image.ljcdn.com/110000-inspection/642ba954-94e5-4db3-80f4-e334e8ef5262_1000.jpg!m_fill,w_280,h_210,f_jpg?from=ke.com
20231117,朝阳,高碑店,101120911979,兴隆家园 南北向2居 商品房 人车分流管理好房主自荐,475万,66074元/平,高楼层 (共6层) | 2000年 | 2室1厅 | 71.89平米 | 南 北,https://ke-image.ljcdn.com/110000-inspection/pc1_1chkutaRJ_1.jpg!m_fill,w_280,h_210,f_jpg?from=ke.com
20231117,朝阳,高碑店,101120904955,富华家园大一居室满五唯一 配套齐全交通便利房主自荐,365万,49552元/平,高楼层 (共22层) | 2004年 | 1室1厅 | 73.66平米 | 西南,https://ke-image.ljcdn.com/110000-inspection/022f2826-0e50-4258-8698-f8700ca5b1f4_1000.jpg!m_fill,w_280,h_210,f_jpg?from=ke.com
20231117,朝阳,高碑店,101120902366,中间位置 安静不临街 高层 视野开阔 配套齐全交通便利房主自荐,499万,67369元/平,高楼层 (共24层) 2室1厅 | 74.07平米 | 东南,https://ke-image.ljcdn.com/110000-inspection/8456c05b-b0b3-496d-b304-9035d04d908e_1000.jpg!m_fill,w_280,h_210,f_jpg?from=ke.com
20231117,朝阳,高碑店,101120893944,金隅泰和园 板楼3居室 中间层 看房方便房主自荐,578万,66644元/平,中楼层 (共11层) | 2013年 | 3室1厅 | 86.73平米 | 东南 北,https://ke-image.ljcdn.com/110000-inspection/pc1_rygHCMB7U.jpg!m_fill,w_280,h_210,f_jpg?from=ke.com
20231117,朝阳,高碑店,101120886655,此房满五年唯一中低楼层无遮挡采光足,435万,55120元/平,底层 (共29层) | 2016年 | 2室1厅 | 78.92平米 | 南 北,https://ke-image.ljcdn.com/110000-inspection/2b22691a-dc3b-4c7e-85a6-93e216f198f5_1000.jpg!m_fill,w_280,h_210,f_jpg?from=ke.com
20231117,朝阳,高碑店,101120871001,南太平庄北巷 2室1厅 东 西,230万,35737元/平,地下室 (共6层) 2室1厅 | 64.36平米 | 东 西,https://ke-image.ljcdn.com/110000-inspection/pc1_Lhyh0kfyK.jpg!m_fill,w_280,h_210,f_jpg?from=ke.com
20231117,朝阳,高碑店,101120859632,满五年唯一南北通透的一居室2004年钢混结构。,283万,48015元/平,顶层 (共6层) | 2004年 | 2室1厅 | 58.94平米 | 南 北,https://ke-image.ljcdn.com/110000-inspection/pc1_U2QuDg5bN.jpg!m_fill,w_280,h_210,f_jpg?from=ke.com
20231117,朝阳,高碑店,101120856868,金隅汇星苑装修好 中间层 南北两居室 满五年唯一,503万,63631元/平,低楼层 (共29层) | 2016年 | 2室1厅 | 79.05平米 | 南 北,https://ke-image.ljcdn.com/110000-inspection/a1bc4aa9-72a2-4344-8d61-a4787048a557_1000.jpg!m_fill,w_280,h_210,f_jpg?from=ke.com
20231117,朝阳,高碑店,101120851940,兴隆家园满五年唯一商品房一居价格买两居,380万,48169元/平,中楼层 (共7层) | 2000年 | 2室1厅 | 78.89平米 | 西北,https://ke-image.ljcdn.com/110000-inspection/pc1_jy5tICPuT.jpg!m_fill,w_280,h_210,f_jpg?from=ke.com
20231117,朝阳,高碑店,101120797110,南太平庄北巷南北2居、满五年、低层适合老人,290万,53555元/平,底层 (共6层) 2室1厅 | 54.15平米 | 南 北,https://ke-image.ljcdn.com/110000-inspection/pc1_ux8GYCvP3.jpg!m_fill,w_280,h_210,f_jpg?from=ke.com
20231117,朝阳,高碑店,101120762070,阿曼寓所 视野好 采光面足  户型方正,380万,60742元/平,中楼层 (共16层) | 2007年 | 1室1厅 | 62.56平米 | 西,https://ke-image.ljcdn.com/110000-inspection/0d84e360-99c6-4c89-bd63-06864bb11656_1000.jpg!m_fill,w_280,h_210,f_jpg?from=ke.com
20231117,朝阳,高碑店,101120761101,兴隆家园板楼东西通透精装修两居室,508万,65778元/平,底层 (共6层) 2室1厅 | 77.23平米 | 东 西,https://ke-image.ljcdn.com/110000-inspection/pc1_ySZ3WVuRs_2.jpg!m_fill,w_280,h_210,f_jpg?from=ke.com
20231117,朝阳,高碑店,101120741557,阿曼寓所全新装修只有契税全明格局两居室,675万,67744元/平,中楼层 (共16层) | 2007年 | 2室1厅 | 99.64平米 | 东北,https://ke-image.ljcdn.com/110000-inspection/924be981-ac3c-49a3-bbfd-1348a44fdb48_1000.jpg!m_fill,w_280,h_210,f_jpg?from=ke.com
20231117,朝阳,高碑店,101120733159,金隅泰和园南北通透正规三居室诚意出售,560万,64576元/平,高楼层 (共11层) | 2013年 | 3室1厅 | 86.72平米 | 南 北,https://ke-image.ljcdn.com/110000-inspection/562205ac-f295-4ac7-aa49-10604074c5b0_1000.jpg!m_fill,w_280,h_210,f_jpg?from=ke.com
20231117,朝阳,高碑店,101120677939,中间楼层精装修采光好拎包入住看房方便,378万,54452元/平,高楼层 (共6层) | 2000年 | 2室1厅 | 69.42平米 | 南 北,https://ke-image.ljcdn.com/110000-inspection/pc1_IaYI5brDv.jpg!m_fill,w_280,h_210,f_jpg?from=ke.com
20231117,朝阳,高碑店,101120658781,此房满五年唯一 业主自住 高层采光好 位置好 装修好,416万,62859元/平,高楼层 (共26层) | 2016年 | 1室1厅 | 66.18平米 | 西,https://ke-image.ljcdn.com/110000-inspection/pc1_MSOBeJmx3.jpg!m_fill,w_280,h_210,f_jpg?from=ke.com
20231117,朝阳,高碑店,101120577722,南太平庄北巷 南北通透2居 看房方便 诚心出售,305万,52487元/平,底层 (共6层) | 1997年 | 2室1厅 | 58.11平米 | 南 北,https://ke-image.ljcdn.com/110000-inspection/pc1_Uo93AOz4u.jpg!m_fill,w_280,h_210,f_jpg?from=ke.com
20231117,朝阳,高碑店,101120562220,富华家园 全南两居 商品房 精装修房主自荐,515万,52295元/平,顶层 (共22层) | 2004年 | 2室1厅 | 98.48平米 | 南,https://ke-image.ljcdn.com/110000-inspection/b5408600-aad7-4a13-b3b0-a30550298744_1000.jpg!m_fill,w_280,h_210,f_jpg?from=ke.com
20231117,朝阳,高碑店,101120496151,满五年唯一阿曼寓所  3居室视野好采光不错房主自荐,668万,65956元/平,低楼层 (共15层) | 2007年 | 3室1厅 | 101.28平米 | 东北,https://ke-image.ljcdn.com/110000-inspection/pc1_qxssvJb2E.jpg!m_fill,w_280,h_210,f_jpg?from=ke.com
20231117,朝阳,高碑店,101120475186,金隅汇星苑 1室1厅 东,379万,64412元/平,低楼层 (共29层) | 2016年 | 1室1厅 | 58.84平米 | 东,https://ke-image.ljcdn.com/110000-inspection/pc1_nPoKq6xF8.jpg!m_fill,w_280,h_210,f_jpg?from=ke.com
20231117,朝阳,高碑店,101120448641,富华家园  东南大一居  满五年唯一  看房有钥匙,340万,45779元/平,底层 (共22层) | 2004年 | 1室1厅 | 74.27平米 | 东南,https://ke-image.ljcdn.com/110000-inspection/1468e424-678a-4959-816d-131baf385b03_1000.jpg!m_fill,w_280,h_210,f_jpg?from=ke.com
20231117,朝阳,高碑店,101120438113,兴隆家园东南向高层观景小2居-门口在建地铁口25年通车房主自荐,435万,65810元/平,中楼层 (共24层) | 2001年 | 2室1厅 | 66.1平米 | 东南,https://ke-image.ljcdn.com/110000-inspection/pc1_OOCQKKr3i.jpg!m_fill,w_280,h_210,f_jpg?from=ke.com
20231117,朝阳,高碑店,101120401530,金隅汇星苑 高楼层 视野开阔 采光好 无遮挡,525万,64711元/平,高楼层 (共29层) | 2016年 | 2室2厅 | 81.13平米 | 南,https://ke-image.ljcdn.com/110000-inspection/6535a36d-e1b1-44f3-a781-49463ef7d166_1000.jpg!m_fill,w_280,h_210,f_jpg?from=ke.com
20231117,朝阳,高碑店,101120359054,兴隆家园 二期 高楼层  视野好 诚意出售,570万,56921元/平,高楼层 (共24层) | 2001年 | 3室1厅 | 100.14平米 | 东 南 北,https://ke-image.ljcdn.com/110000-inspection/pc1_zQsSN2g8x_2.jpg!m_fill,w_280,h_210,f_jpg?from=ke.com
20231117,朝阳,高碑店,101120332097,汇星苑全南朝向两居小区中间位置中间楼层精装修,528万,64897元/平,中楼层 (共29层) | 2016年 | 2室1厅 | 81.36平米 | 南,https://ke-image.ljcdn.com/110000-inspection/b5d695b5-5367-40d5-a23c-d78aed7435d1_1000.jpg!m_fill,w_280,h_210,f_jpg?from=ke.com
20231117,朝阳,高碑店,101120308686,高碑店半壁店方家村 户型方正 诚意出售,380万,34742元/平,中楼层 (共6层) | 1996年 | 3室1厅 | 109.38平米 | 东 西,https://ke-image.ljcdn.com/110000-inspection/pc1_slkSzEw9t_1.jpg!m_fill,w_280,h_210,f_jpg?from=ke.com
20231117,朝阳,高碑店,101120305263,金隅汇星苑东西2+1户型中间层、无抵押、无户口,539万,60685元/平,中楼层 (共26层) | 2016年 | 2室1厅 | 88.82平米 | 东 西,https://ke-image.ljcdn.com/110000-inspection/pc1_WsQkKxd2z_2.jpg!m_fill,w_280,h_210,f_jpg?from=ke.com
20231117,朝阳,高碑店,101120276396,满五唯一 商品房  自住 精装修 看房方便房主自荐,469万,68021元/平,中楼层 (共24层) | 2000年 | 2室1厅 | 68.95平米 | 南,https://ke-image.ljcdn.com/110000-inspection/42e9cfa3-3c4b-4bc1-975d-9d81020b914f_1000.jpg!m_fill,w_280,h_210,f_jpg?from=ke.com
20231117,朝阳,高碑店,101120259594,东四环 精装修双卫西向两居室 生活便利,680万,64480元/平,中楼层 (共24层) | 2002年 | 2室1厅 | 105.46平米 | 西,https://ke-image.ljcdn.com/110000-inspection/be9bb8dd-3c2e-4c1c-9094-b8365bfdd20f_1000.jpg!m_fill,w_280,h_210,f_jpg?from=ke.com
20231117,朝阳,高碑店,101120228160,南太平庄北巷 南北通透 精装修 两居室业主诚售房主自荐,298万,54689元/平,顶层 (共6层) | 1984年 | 2室1厅 | 54.49平米 | 南 北,https://ke-image.ljcdn.com/110000-inspection/f497bd34-8ef3-4072-9019-4b5cf322ce01_1000.jpg!m_fill,w_280,h_210,f_jpg?from=ke.com
20231117,朝阳,高碑店,101120208795,东四环方家村 正规一居室 南北通透 采光视野好房主自荐,309万,52507元/平,高楼层 (共6层) | 1995年 | 1室1厅 | 58.85平米 | 南 北,https://ke-image.ljcdn.com/110000-inspection/pc1_0GgFH96aq_1.jpg!m_fill,w_280,h_210,f_jpg?from=ke.com
20231117,朝阳,高碑店,101120196079,兴隆家园 南北通透 两居板楼 一梯两户 不临街房主自荐,508万,69906元/平,高楼层 (共6层) | 2000年 | 2室1厅 | 72.67平米 | 南 北,https://ke-image.ljcdn.com/110000-inspection/0e1dba1f-e56f-4268-b6ec-a3cd6a472da3_1000.jpg!m_fill,w_280,h_210,f_jpg?from=ke.com
20231117,朝阳,高碑店,101120194368,金隅泰和园13年社区满五唯一南向无遮挡,429万,59132元/平,低楼层 (共14层) | 2013年 | 2室1厅 | 72.55平米 | 南,https://ke-image.ljcdn.com/110000-inspection/pc1_u5N9LxfDV.jpg!m_fill,w_280,h_210,f_jpg?from=ke.com
20231117,朝阳,高碑店,101120173514,朝青 金隅汇星苑 全南向 中高楼层 两居室,575万,70674元/平,高楼层 (共29层) | 2016年 | 2室1厅 | 81.36平米 | 南,https://ke-image.ljcdn.com/110000-inspection/0cddc298-cb43-4db0-b03e-7596104a67a4_1000.jpg!m_fill,w_280,h_210,f_jpg?from=ke.com
20231117,朝阳,高碑店,101120117819,满五年唯一 一梯两户 采光好 楼层好对花园、视野好房主自荐,518万,56600元/平,底层 (共7层) | 2000年 | 2室2厅 | 91.52平米 | 东 西,https://ke-image.ljcdn.com/110000-inspection/pc1_L48zz6jXc.jpg!m_fill,w_280,h_210,f_jpg?from=ke.com
20231117,朝阳,高碑店,101120116070,兴隆家园三期精装一居满五唯一正对小区花园,399万,62305元/平,高楼层 (共22层) | 2005年 | 1室1厅 | 64.04平米 | 北,https://ke-image.ljcdn.com/110000-inspection/ade6e2a1-8d41-4e4c-a131-62f6d56eae5e_1000.jpg!m_fill,w_280,h_210,f_jpg?from=ke.com
20231117,朝阳,高碑店,101120109176,南太平庄北巷 2室1厅 南 北,355万,49095元/平,顶层 (共6层) | 1988年 | 2室1厅 | 72.31平米 | 南 北,https://ke-image.ljcdn.com/110000-inspection/4d640682-e2e9-475a-b32f-fa691362b56a_1000.jpg!m_fill,w_280,h_210,f_jpg?from=ke.com
20231117,朝阳,高碑店,101120085621,富华家园 东南两居 店长推荐 采光好无遮挡房主自荐,535万,54393元/平,高楼层 (共22层) | 2004年 | 2室1厅 | 98.36平米 | 东南,https://ke-image.ljcdn.com/110000-inspection/48d937bd-6358-4198-b290-5b3e45364a75_1000.jpg!m_fill,w_280,h_210,f_jpg?from=ke.com
20231117,朝阳,高碑店,101119996531,金隅汇星苑2016年小区中间位置三室西户满五唯一房主自荐,548万,62309元/平,低楼层 (共21层) | 2016年 | 3室1厅 | 87.95平米 | 南 北,https://ke-image.ljcdn.com/110000-inspection/529ba463-ce81-4d01-8b40-73d75f3d8f5f_1000.jpg!m_fill,w_280,h_210,f_jpg?from=ke.com
20231117,朝阳,高碑店,101119973987,金隅汇星苑 南北三居室 中间位置 正对花园房主自荐,511万,58102元/平,底层 (共21层) | 2016年 | 3室1厅 | 87.95平米 | 南 北,https://ke-image.ljcdn.com/110000-inspection/pc1_6sATE68Tq.jpg!m_fill,w_280,h_210,f_jpg?from=ke.com
20231117,朝阳,高碑店,101119937602,富华家园 全南两居室 商品房 精装修看房方便房主自荐,435万,55877元/平,顶层 (共24层) | 2000年 | 2室1厅 | 77.85平米 | 南,https://ke-image.ljcdn.com/110000-inspection/e0b338fe-533c-4718-8498-0e7b112bcd9c_1000.jpg!m_fill,w_280,h_210,f_jpg?from=ke.com
20231117,朝阳,高碑店,101119921126,金隅汇星苑 满五唯一 高层精装两居 自住装修看房方便,565万,69445元/平,高楼层 (共29层) | 2016年 | 2室1厅 | 81.36平米 | 南,https://ke-image.ljcdn.com/110000-inspection/f74a0abf-75de-487e-b768-1aa5018e3e46_1000.jpg!m_fill,w_280,h_210,f_jpg?from=ke.com
20231117,朝阳,高碑店,101119882350,板楼两居便捷楼层通透不临街采光好满五唯一房主自荐,453万,60192元/平,低楼层 (共6层) 2室1厅 | 75.26平米 | 东 西,https://ke-image.ljcdn.com/110000-inspection/b59e41c3-4510-49c2-895c-6723872bbd96_1000.jpg!m_fill,w_280,h_210,f_jpg?from=ke.com
20231117,朝阳,高碑店,101119808389,满五唯一商品房精装修可拎包入住门口公园房主自荐,318万,39895元/平,底层 (共6层) | 1995年 | 2室1厅 | 79.71平米 | 南 北,https://ke-image.ljcdn.com/110000-inspection/6b963e3c-d579-4d12-ae8a-1aaed4ea3020_1000.jpg!m_fill,w_280,h_210,f_jpg?from=ke.com
20231117,朝阳,高碑店,101119805180,金隅汇星苑满五唯一2016年社区东南北三居采光视野好,614万,68581元/平,低楼层 (共29层) | 2016年 | 3室2厅 | 89.53平米 | 东 南 北,https://ke-image.ljcdn.com/110000-inspection/1e1e62e2-ec0a-4301-8f97-742f541d13a9_1000.jpg!m_fill,w_280,h_210,f_jpg?from=ke.com
20231117,朝阳,高碑店,101119794093,房子是满五年唯一南北通透的一居室2004年钢混结构房主自荐,309万,52285元/平,高楼层 (共6层) | 2004年 | 1室1厅 | 59.1平米 | 南 北,https://ke-image.ljcdn.com/110000-inspection/e55446d7-aac0-45d8-988a-aa61cbe362f7_1000.jpg!m_fill,w_280,h_210,f_jpg?from=ke.com
20231117,朝阳,高碑店,101119727096,兴隆家园二期正规西南向两居诚心出售满五唯一房主自荐,460万,69697元/平,中楼层 (共24层) | 2001年 | 2室1厅 | 66平米 | 西南,https://ke-image.ljcdn.com/110000-inspection/c6c75052-a765-4a6d-8491-71a4d43ef8ef_1000.jpg!m_fill,w_280,h_210,f_jpg?from=ke.com
20231117,朝阳,高碑店,101119707063,南太平庄北巷小区南北两居室出售看房方便,285万,50150元/平,顶层 (共6层) | 1986年 | 2室1厅 | 56.83平米 | 北 南,https://ke-image.ljcdn.com/110000-inspection/pc1_FP2U2EmsM.jpg!m_fill,w_280,h_210,f_jpg?from=ke.com
20231117,朝阳,高碑店,101119688432,金隅汇星苑后排无遮挡不临街 西南北三居室 高层,613万,70210元/平,中楼层 (共17层) | 2016年 | 3室1厅 | 87.31平米 | 南 北,https://ke-image.ljcdn.com/110000-inspection/pc1_8AZqsEXiE.jpg!m_fill,w_280,h_210,f_jpg?from=ke.com
20231117,朝阳,高碑店,101119674577,兴隆家园三期精装板楼两居 通风效果好 无遮挡,655万,60705元/平,中楼层 (共18层) | 2005年 | 2室1厅 | 107.9平米 | 东 西,https://ke-image.ljcdn.com/110000-inspection/pc1_MXwkSU1lr.jpg!m_fill,w_280,h_210,f_jpg?from=ke.com
20231117,朝阳,高碑店,101119668025,兴隆小区中间大一居高楼层不临街观景房诚意出售,398万,58920元/平,高楼层 (共24层) 1室1厅 | 67.55平米 | 西南,https://ke-image.ljcdn.com/110000-inspection/pc1_XybNYycHR.jpg!m_fill,w_280,h_210,f_jpg?from=ke.com
20231117,朝阳,高碑店,101119657375,双地铁刚需2居 高楼层 采光好 配套齐全 交通便利,450万,68079元/平,高楼层 (共24层) | 2001年 | 2室1厅 | 66.1平米 | 西南,https://ke-image.ljcdn.com/110000-inspection/4a8c76b0-7ed3-4406-8b32-2261e395f6a5_1000.jpg!m_fill,w_280,h_210,f_jpg?from=ke.com
20231117,朝阳,高碑店,101119634807,朝青兴隆家园3期商品房西南2居精装修满五年唯一房主自荐,575万,59218元/平,低楼层 (共23层) | 2005年 | 2室1厅 | 97.1平米 | 西南,https://ke-image.ljcdn.com/110000-inspection/27b3803a-c5a7-4804-a029-0e17808aeb31_1000.jpg!m_fill,w_280,h_210,f_jpg?from=ke.com
20231117,朝阳,高碑店,101119632447,朝青 金隅汇星苑 满五年唯一 东西通透 两居室,526万,59221元/平,高楼层 (共26层) | 2016年 | 2室1厅 | 88.82平米 | 东 西,https://ke-image.ljcdn.com/110000-inspection/pc1_QdCaWNTbS.jpg!m_fill,w_280,h_210,f_jpg?from=ke.com
20231117,朝阳,高碑店,101119593612,满五年唯一全南朝向小区中间位置中间楼层精装修房主自荐,530万,64212元/平,高楼层 (共29层) | 2016年 | 2室1厅 | 82.54平米 | 南,https://ke-image.ljcdn.com/110000-inspection/04c842fb-ebe9-438f-b0f2-1ec9f388f8ee_1000.jpg!m_fill,w_280,h_210,f_jpg?from=ke.com
20231117,朝阳,高碑店,101119562845,南太平庄北巷 南北通透 客厅22.9㎡ 采光视野好房主自荐,349万,48581元/平,高楼层 (共6层) | 1986年 | 3室1厅 | 71.84平米 | 南 北,https://ke-image.ljcdn.com/110000-inspection/c38f57ad-1b1c-4d9e-9c73-9db1768d500a_1000.jpg!m_fill,w_280,h_210,f_jpg?from=ke.com
20231117,朝阳,高碑店,101119549785,金隅汇星苑 南向两居 满五年唯一 精装修 诚心出售,529万,66684元/平,低楼层 (共17层) | 2016年 | 2室1厅 | 79.33平米 | 南,https://ke-image.ljcdn.com/110000-inspection/a493268b-8e5d-48cf-8ebe-1c49ada63d9d_1000.jpg!m_fill,w_280,h_210,f_jpg?from=ke.com
20231117,朝阳,高碑店,101119515909,此房满五年唯一南北通透户型方正格局合理,559万,63559元/平,低楼层 (共21层) | 2016年 | 3室1厅 | 87.95平米 | 南 北,https://ke-image.ljcdn.com/110000-inspection/pc1_1QE68J8SE_2.jpg!m_fill,w_280,h_210,f_jpg?from=ke.com
20231117,朝阳,高碑店,101119496606,兴隆南区满五唯一高层3居室直观高碑店湖看中国尊,868万,64469元/平,高楼层 (共24层) | 2002年 | 3室1厅 | 134.64平米 | 西南,https://ke-image.ljcdn.com/110000-inspection/pc1_vL3JQhVvD.jpg!m_fill,w_280,h_210,f_jpg?from=ke.com
20231117,朝阳,高碑店,101119482238,兴隆家园板楼东向1居看房方便诚意出售房主自荐,308万,52758元/平,底层 (共7层) | 1999年 | 1室1厅 | 58.38平米 | 东,https://ke-image.ljcdn.com/110000-inspection/pc1_XJ5UA6GNZ.jpg!m_fill,w_280,h_210,f_jpg?from=ke.com
20231117,朝阳,高碑店,101119426656,满五年唯一东北朝向小区中间位置中间楼层诚售房主自荐,371万,62765元/平,中楼层 (共29层) | 2016年 | 1室1厅 | 59.11平米 | 东 北,https://ke-image.ljcdn.com/110000-inspection/pc1_Lr79Bv3rS_1.jpg!m_fill,w_280,h_210,f_jpg?from=ke.com
20231117,朝阳,高碑店,101119412014,南太平庄北巷满五唯一3层南北通透房主自荐,296万,54422元/平,中楼层 (共5层) | 1979年 | 2室1厅 | 54.39平米 | 南 北,https://ke-image.ljcdn.com/110000-inspection/pc1_f5ZEQO7wL.jpg!m_fill,w_280,h_210,f_jpg?from=ke.com
20231117,朝阳,高碑店,101119400371,富华家园 东南三居 高层 双卫 落地窗 满五唯一 诚意卖,660万,53581元/平,高楼层 (共24层) | 2003年 | 3室1厅 | 123.18平米 | 东南,https://ke-image.ljcdn.com/110000-inspection/9ce0215b-9070-4ce2-9037-9c51b9386590_1000.jpg!m_fill,w_280,h_210,f_jpg?from=ke.com
20231117,朝阳,高碑店,101119397897,低楼层精装自住可以多贷款可拎包入住,339万,53152元/平,底层 (共6层) | 1988年 | 2室1厅 | 63.78平米 | 南 北,https://ke-image.ljcdn.com/110000-inspection/fd047ca1-a945-4ad5-a289-99fbb55a7c96_1000.jpg!m_fill,w_280,h_210,f_jpg?from=ke.com
20231117,朝阳,高碑店,101119393861,兴隆家园 东五环内 配套齐全 交通便利,340万,69445元/平,高楼层 (共24层) 1室0厅 | 48.96平米 | 西北,https://ke-image.ljcdn.com/110000-inspection/pc1_FKStwuC2V.jpg!m_fill,w_280,h_210,f_jpg?from=ke.com
20231117,朝阳,高碑店,101119378474,金隅汇星苑 满五年唯一商品房全南朝向 采光视野好,508万,62439元/平,顶层 (共29层) | 2016年 | 2室1厅 | 81.36平米 | 南,https://ke-image.ljcdn.com/110000-inspection/3f5934c0-ca8c-4af6-8439-49d79f975fce_1000.jpg!m_fill,w_280,h_210,f_jpg?from=ke.com
20231117,朝阳,高碑店,101119378027,金隅汇星苑7号楼中间层 南北 采光好 通风好房主自荐,515万,66936元/平,低楼层 (共17层) | 2016年 | 2室1厅 | 76.94平米 | 南 北,https://ke-image.ljcdn.com/110000-inspection/pc1_YDza69hap_1.jpg!m_fill,w_280,h_210,f_jpg?from=ke.com
20231117,朝阳,高碑店,101119362242,朝青 金隅泰和园 精装 高楼层 无遮挡 全南两居室,440万,60151元/平,顶层 (共11层) | 2013年 | 2室1厅 | 73.15平米 | 南,https://ke-image.ljcdn.com/110000-inspection/a7b21bc7-9eca-4ee0-96ee-845940bf54c3_1000.jpg!m_fill,w_280,h_210,f_jpg?from=ke.com
20231117,朝阳,高碑店,101119292068,金隅汇星苑 2016年小区 两梯四户房主自荐,439万,67831元/平,中楼层 (共26层) | 2016年 | 2室1厅 | 64.72平米 | 西,https://ke-image.ljcdn.com/110000-inspection/af09bb77-fc0f-4ac5-b440-47a7c82a5546_1000.jpg!m_fill,w_280,h_210,f_jpg?from=ke.com
20231117,朝阳,高碑店,101119290789,金隅泰和园南向正对小区花园 满五年唯一 安静舒适房主自荐,435万,54601元/平,高楼层 (共29层) | 2013年 | 2室1厅 | 79.67平米 | 南,https://ke-image.ljcdn.com/110000-inspection/pc1_cTY9CA4CJ.jpg!m_fill,w_280,h_210,f_jpg?from=ke.com
20231117,朝阳,高碑店,101119289097,金隅汇星苑 采光视野好 户型方正,408万,63032元/平,高楼层 (共26层) | 2016年 | 1室1厅 | 64.73平米 | 东,https://ke-image.ljcdn.com/110000-inspection/pc1_Ds3D54oTb.jpg!m_fill,w_280,h_210,f_jpg?from=ke.com
20231117,朝阳,高碑店,101119254356,金隅汇星苑精装修拎包入住一居室,450万,69520元/平,中楼层 (共26层) | 2016年 | 1室1厅 | 64.73平米 | 东,https://ke-image.ljcdn.com/110000-inspection/bedbf139-29a4-4e6a-93b1-3bd6ee070572_1000.jpg!m_fill,w_280,h_210,f_jpg?from=ke.com
20231117,朝阳,高碑店,101119230755,南太平庄北巷 2室1厅 西南,465万,50781元/平,顶层 (共6层) | 2004年 | 2室1厅 | 91.57平米 | 西南,https://ke-image.ljcdn.com/110000-inspection/pc1_DpgSliMpx_2.jpg!m_fill,w_280,h_210,f_jpg?from=ke.com
20231117,朝阳,高碑店,101119130114,金隅汇星苑  一层南北两居室 采光无遮挡 诚意出售房主自荐,439万,55775元/平,底层 (共29层) | 2016年 | 2室1厅 | 78.71平米 | 南 北,https://ke-image.ljcdn.com/110000-inspection/04469352-04c3-4b67-8883-4f2b2389fc55_1000.jpg!m_fill,w_280,h_210,f_jpg?from=ke.com
20231117,朝阳,高碑店,101118993162,富华家园 2室1厅 东南,460万,54978元/平,低楼层 (共22层) | 2003年 | 2室1厅 | 83.67平米 | 东南,https://ke-image.ljcdn.com/110000-inspection/75e9518c-0d77-4329-b41c-f8fd4f739470_1000.jpg!m_fill,w_280,h_210,f_jpg?from=ke.com
20231117,朝阳,高碑店,101118895680,大悦城旁 落地窗 大阳台 正规两居 满五唯一,475万,49598元/平,中楼层 (共24层) | 2003年 | 2室1厅 | 95.77平米 | 东北,https://ke-image.ljcdn.com/110000-inspection/pc1_wwzlUycIh_1.jpg!m_fill,w_280,h_210,f_jpg?from=ke.com
20231117,朝阳,高碑店,101118893181,富华精装大两居 满五年商品房仅契税,528万,53318元/平,高楼层 (共22层) | 2004年 | 2室1厅 | 99.03平米 | 南,https://ke-image.ljcdn.com/110000-inspection/e238ec05-85c6-4db9-8b5e-b4e4e7d2a11f_1000.jpg!m_fill,w_280,h_210,f_jpg?from=ke.com
20231117,朝阳,高碑店,101118858076,满五年可以正常贷款户型位置有优势无遮挡房主自荐,420万,54243元/平,中楼层 (共28层) | 2013年 | 2室1厅 | 77.43平米 | 东 西,https://ke-image.ljcdn.com/110000-inspection/d9cdc6e4-2b2c-4cc0-88fd-edee06de9370_1000.jpg!m_fill,w_280,h_210,f_jpg?from=ke.com
20231117,朝阳,高碑店,101118844876,装修保持好 中间层无遮挡诚意出售房主自荐,400万,63786元/平,中楼层 (共16层) 1室0厅 | 62.71平米 | 西,https://ke-image.ljcdn.com/110000-inspection/2aa29690-24fd-4072-9a50-d3096b7f92c2_1000.jpg!m_fill,w_280,h_210,f_jpg?from=ke.com
20231117,朝阳,高碑店,101118800893,金隅汇星苑精装修东西无遮挡两居 视野好 采光好,489万,55797元/平,低楼层 (共26层) 2室1厅 | 87.64平米 | 东 西,https://ke-image.ljcdn.com/110000-inspection/0fd751b6-125c-48c1-b375-54c00c3ef591_1000.jpg!m_fill,w_280,h_210,f_jpg?from=ke.com
20231117,朝阳,高碑店,101118797585,金隅泰和园 南北三居室 明卫商品房无转商费用 诚售,485万,55208元/平,低楼层 (共29层) | 2013年 | 3室1厅 | 87.85平米 | 南 北,https://ke-image.ljcdn.com/110000-inspection/a46972f6-b279-4984-872a-590cb0144761_1000.jpg!m_fill,w_280,h_210,f_jpg?from=ke.com
20231117,朝阳,高碑店,101118782761,南太平庄北巷 3室1厅 东 西 北房主自荐,446万,48326元/平,中楼层 (共7层) 3室1厅 | 92.29平米 | 东 西 北,https://ke-image.ljcdn.com/110000-inspection/659c1e16-166c-4adb-b8f2-b39e181c3b74_1000.jpg!m_fill,w_280,h_210,f_jpg?from=ke.com
20231117,朝阳,高碑店,101118761403,金隅汇星苑 南向两居室朝向光线充足,568万,63728元/平,低楼层 (共21层) | 2016年 | 3室1厅 | 89.13平米 | 东 南 北,https://ke-image.ljcdn.com/110000-inspection/8330a7f6-593a-43cd-904c-37cd63df85e2_1000.jpg!m_fill,w_280,h_210,f_jpg?from=ke.com
20231117,朝阳,高碑店,101118727043,全南向一居室户型方正前面无遮挡精装修,249万,58755元/平,中楼层 (共6层) 1室1厅 | 42.38平米 | 南,https://ke-image.ljcdn.com/110000-inspection/pc1_PnBUSmkrI.jpg!m_fill,w_280,h_210,f_jpg?from=ke.com
20231117,朝阳,高碑店,101118724158,金隅汇星苑满五年高层商品房出售,410万,63350元/平,高楼层 (共26层) | 2016年 | 1室1厅 | 64.72平米 | 西,https://ke-image.ljcdn.com/110000-inspection/0427ce88-c76b-4d50-bfa9-be5119784bb7_1000.jpg!m_fill,w_280,h_210,f_jpg?from=ke.com
20231117,朝阳,高碑店,101118680589,此房满五年唯一 东向视野采光好 安静舒适 诚意出售,420万,64885元/平,中楼层 (共26层) | 2016年 | 1室1厅 | 64.73平米 | 东,https://ke-image.ljcdn.com/110000-inspection/2e6287df-5952-4664-ae78-d669f90af8ce_1000.jpg!m_fill,w_280,h_210,f_jpg?from=ke.com
20231117,朝阳,高碑店,101118629904,金隅汇星苑高楼层新装修南北两居室出售,545万,69207元/平,顶层 (共29层) 3室1厅 | 78.75平米 | 南 北,https://ke-image.ljcdn.com/110000-inspection/pc1_Th6CB9kF6.jpg!m_fill,w_280,h_210,f_jpg?from=ke.com
20231117,朝阳,高碑店,101118603828,无遮挡 采光好 不临街安静视野好,530万,64033元/平,低楼层 (共29层) | 2016年 | 2室1厅 | 82.77平米 | 南,https://ke-image.ljcdn.com/110000-inspection/pc1_XKOLsjA2m.jpg!m_fill,w_280,h_210,f_jpg?from=ke.com
20231117,朝阳,高碑店,101118542863,此房满五年一套房 高层视野好 采光好 业主自己住,418万,63162元/平,中楼层 (共26层) 2室1厅 | 66.18平米 | 西,https://ke-image.ljcdn.com/110000-inspection/pc1_pdqVK0UFq.jpg!m_fill,w_280,h_210,f_jpg?from=ke.com
20231117,朝阳,高碑店,101118468437,金隅汇星苑 中高楼层全南两居室,528万,63954元/平,高楼层 (共21层) 2室1厅 | 82.56平米 | 南,https://ke-image.ljcdn.com/110000-inspection/de0001ce-e1d6-4e95-86df-a9d35a71d803_1000.jpg!m_fill,w_280,h_210,f_jpg?from=ke.com
20231117,朝阳,高碑店,101118419649,阿曼寓所 南向一居室 业主诚意出售,355万,56260元/平,底层 (共16层) 1室0厅 | 63.1平米 | 南,https://ke-image.ljcdn.com/110000-inspection/pc1_068GENxLy.jpg!m_fill,w_280,h_210,f_jpg?from=ke.com
20231117,朝阳,高碑店,101118406486,金隅泰和园高楼层无遮挡满五年唯一2013年小区,469万,63888元/平,高楼层 (共11层) | 2013年 | 2室1厅 | 73.41平米 | 南,https://ke-image.ljcdn.com/110000-inspection/a367ddd8-3814-4273-a059-6d644ae95921_1000.jpg!m_fill,w_280,h_210,f_jpg?from=ke.com
20231117,朝阳,高碑店,101118349116,阿曼寓所 3室1厅 南 北,398万,37141元/平,地下室 (共11层) 3室1厅 | 107.16平米 | 南 北,https://ke-image.ljcdn.com/110000-inspection/pc1_CXlttC8CG.jpg!m_fill,w_280,h_210,f_jpg?from=ke.com
20231117,朝阳,高碑店,101118341401,满五年唯一户型方正房本无抵押业主诚意卖,292万,58588元/平,底层 (共6层) | 1986年 | 2室1厅 | 49.84平米 | 南 北,https://ke-image.ljcdn.com/110000-inspection/b1c40274-6d4d-4b7a-a362-c5d4b766b0d5_1000.jpg!m_fill,w_280,h_210,f_jpg?from=ke.com
20231117,朝阳,高碑店,101118280966,南太平庄北巷 三居室 没有遮挡房主自荐,415万,44967元/平,中楼层 (共7层) | 2000年 | 3室1厅 | 92.29平米 | 北 东 西,https://ke-image.ljcdn.com/110000-inspection/fda073f2-fbcb-4160-96c3-3e9d1e683a8e_1000.jpg!m_fill,w_280,h_210,f_jpg?from=ke.com
20231117,朝阳,高碑店,101118157520,朝青富华家园北向开间户型方正安静不临街,245万,46721元/平,低楼层 (共22层) | 2003年 | 1室0厅 | 52.44平米 | 北,https://ke-image.ljcdn.com/110000-inspection/31567639-5a9a-4678-b815-959dc5f12b9b_1000.jpg!m_fill,w_280,h_210,f_jpg?from=ke.com
20231117,朝阳,高碑店,101118039413,富华家园  正规两居 不临街落地窗无遮挡,530万,55261元/平,高楼层 (共22层) | 2003年 | 2室1厅 | 95.91平米 | 东北,https://ke-image.ljcdn.com/110000-inspection/a23cf2ae-291a-4ec6-8899-ddc096294512_1000.jpg!m_fill,w_280,h_210,f_jpg?from=ke.com
20231117,朝阳,高碑店,101118001963,富华家园 二期 商品房 东南向 户型方正,489万,54364元/平,中楼层 (共22层) | 2004年 | 2室1厅 | 89.95平米 | 东南,https://ke-image.ljcdn.com/110000-inspection/pc1_SdncJSYBw.jpg!m_fill,w_280,h_210,f_jpg?from=ke.com
20231117,朝阳,高碑店,101117945938,满五唯一中间楼层无遮挡视野好,369万,37646元/平,高楼层 (共6层) | 1996年 | 2室1厅 | 98.02平米 | 东 西,https://ke-image.ljcdn.com/110000-inspection/pc1_zyJiWl9Ms_1.jpg!m_fill,w_280,h_210,f_jpg?from=ke.com
20231117,朝阳,高碑店,101117863563,金隅泰和园此房满五年唯一 南向采光好诚意出售,469万,57752元/平,低楼层 (共28层) | 2013年 | 2室1厅 | 81.21平米 | 南,https://ke-image.ljcdn.com/110000-inspection/667564e4-4458-4ccc-8567-852f222b2fe8_1000.jpg!m_fill,w_280,h_210,f_jpg?from=ke.com
20231117,朝阳,高碑店,101117859459,中间楼层精装修明卫三居拎包入住,480万,54398元/平,中楼层 (共29层) | 2013年 | 3室1厅 | 88.24平米 | 东南 北,https://ke-image.ljcdn.com/110000-inspection/2fa4caa8-e773-4351-80ed-32cc6ce47a07_1000.jpg!m_fill,w_280,h_210,f_jpg?from=ke.com
20231117,朝阳,高碑店,101117835224,东向一居中间层无遮挡精装修拎包入住,368万,63845元/平,中楼层 (共16层) | 2007年 | 1室0厅 | 57.64平米 | 东,https://ke-image.ljcdn.com/110000-inspection/337554a4-cfff-4caa-8063-64508ae2af5e_1000.jpg!m_fill,w_280,h_210,f_jpg?from=ke.com
20231117,朝阳,高碑店,101117697106,金隅泰和园此房为满两年 纯商品房房主自荐,495万,65895元/平,中楼层 (共11层) | 2013年 | 2室1厅 | 75.12平米 | 南 北,https://ke-image.ljcdn.com/110000-inspection/02c46e39-80e5-4382-b923-b3a2b7bd0984_1000.jpg!m_fill,w_280,h_210,f_jpg?from=ke.com
20231117,朝阳,高碑店,101117340882,中高楼层无遮挡视野远处公园很漂亮房主自荐,525万,63200元/平,中楼层 (共29层) 2室1厅 | 83.07平米 | 南,https://ke-image.ljcdn.com/110000-inspection/pc1_sBHFdAHWy.jpg!m_fill,w_280,h_210,f_jpg?from=ke.com
20231117,朝阳,高碑店,101115290894,方家村 正规一居室 高层视野好 看房提前约,276万,47620元/平,顶层 (共6层) | 1995年 | 1室1厅 | 57.96平米 | 南 北,https://ke-image.ljcdn.com/110000-inspection/pc1_dpJIl4jd3_1.jpg!m_fill,w_280,h_210,f_jpg?from=ke.com
20231117,朝阳,高碑店,101114789664,高碑店半壁店方家村 南北通透 交通便捷,359万,43416元/平,高楼层 (共6层) | 1995年 | 2室1厅 | 82.69平米 | 南 北,https://ke-image.ljcdn.com/110000-inspection/0b6ac95d-b2b4-43e7-b6e1-0086ce5bdca7_1000.jpg!m_fill,w_280,h_210,f_jpg?from=ke.com
20231117,朝阳,高碑店,101114424072,方家村 广渠路南侧 南北通透两居室,390万,48412元/平,中楼层 (共6层) | 1995年 | 2室1厅 | 80.56平米 | 南 北,https://ke-image.ljcdn.com/110000-inspection/pc1_dR63yBI5Y_1.jpg!m_fill,w_280,h_210,f_jpg?from=ke.com
20231117,朝阳,高碑店,101108808115,东四环方家村南北通透两居近公交,350万,42327元/平,中楼层 (共6层) | 1995年 | 2室1厅 | 82.69平米 | 南 北,https://ke-image.ljcdn.com/110000-inspection/pc1_0BvGp3sKk_1.jpg!m_fill,w_280,h_210,f_jpg?from=ke.com
20231117,朝阳,高碑店,101121921847,南太平庄北巷 2室1厅 东 西新上,399万,49627元/平,中楼层 (共7层) 2室1厅 | 80.4平米 | 东 西,https://ke-image.ljcdn.com/110000-inspection/e4ecd409-3698-4a25-b11c-71321177a468_1000.jpg!m_fill,w_280,h_210,f_jpg?from=ke.com
20231117,朝阳,高碑店,101121886170,金隅汇星苑西向采光好 满五年唯一 视野好诚意出售新上,389万,60106元/平,中楼层 (共26层) | 2016年 | 1室1厅 | 64.72平米 | 西,https://ke-image.ljcdn.com/110000-inspection/pc1_QirDL2uqx.jpg!m_fill,w_280,h_210,f_jpg?from=ke.com
20231117,朝阳,高碑店,101121885733,金隅汇星苑 1室1厅 西新上,395万,59686元/平,中楼层 (共26层) | 2016年 | 1室1厅 | 66.18平米 | 西,https://ke-image.ljcdn.com/110000-inspection/pc1_D51PzNsjl.jpg!m_fill,w_280,h_210,f_jpg?from=ke.com
20231117,朝阳,高碑店,101121875599,金隅泰和园 2室1厅 南新上,406万,51012元/平,底层 (共29层) 2室1厅 | 79.59平米 | 南,https://ke-image.ljcdn.com/110000-inspection/pc1_gelEzZpJQ.jpg!m_fill,w_280,h_210,f_jpg?from=ke.com
20231117,朝阳,高碑店,101121843227,兴隆家园南北通透 采光好  户型方正 一梯两户,548万,63773元/平,中楼层 (共7层) | 2000年 | 2室2厅 | 85.93平米 | 南 北,https://ke-image.ljcdn.com/110000-inspection/ea4a8d4b-515c-4994-b0e3-a607c4931d2e_1000.jpg!m_fill,w_280,h_210,f_jpg?from=ke.com
20231117,朝阳,高碑店,101121812615,兴隆家园 东五环内  南北通透 配套设施齐全 交通便利,500万,69551元/平,中楼层 (共6层) | 2000年 | 2室1厅 | 71.89平米 | 南 北,https://ke-image.ljcdn.com/110000-inspection/pc1_0nK3Y8PuE.jpg!m_fill,w_280,h_210,f_jpg?from=ke.com
20231117,朝阳,高碑店,101121806702,兴隆家园板楼带电梯中间楼层满五唯一南北通透两居室,699万,67393元/平,中楼层 (共12层) | 2005年 | 2室1厅 | 103.72平米 | 南 北,https://ke-image.ljcdn.com/110000-inspection/9a498e3d-7133-4ba8-9b5c-583e50650de9_1000.jpg!m_fill,w_280,h_210,f_jpg?from=ke.com
20231117,朝阳,高碑店,101121782712,此房满五年唯一业主诚意出售装修保持不错安静房主自荐,426万,53164元/平,低楼层 (共28层) 2室1厅 | 80.13平米 | 南,https://ke-image.ljcdn.com/110000-inspection/pc1_0nq2Iw3aM.jpg!m_fill,w_280,h_210,f_jpg?from=ke.com
20231117,朝阳,高碑店,101121703998,兴隆家园西向一居 精装修 无遮挡 采光好 诚心出售,410万,64294元/平,低楼层 (共24层) 1室2厅 | 63.77平米 | 西南,https://ke-image.ljcdn.com/110000-inspection/f37dc151-cfdb-4093-b3eb-79bd54d34b11_1000.jpg!m_fill,w_280,h_210,f_jpg?from=ke.com
20231117,朝阳,高碑店,101121692695,此房满五年唯一商品房三个阳台只有契税。,560万,47302元/平,底层 (共9层) | 1994年 | 3室1厅 | 118.39平米 | 东北,https://ke-image.ljcdn.com/110000-inspection/pc1_WMHqnO1qJ_1.jpg!m_fill,w_280,h_210,f_jpg?from=ke.com
20231117,朝阳,高碑店,101121689656,店长推荐：美丽亚洲假日花园  格局方正各个功能间宽敞,549万,46373元/平,底层 (共9层) | 1994年 | 2室1厅 | 118.39平米 | 西北,https://ke-image.ljcdn.com/110000-inspection/pc1_BkacqKw1W_1.jpg!m_fill,w_280,h_210,f_jpg?from=ke.com
20231117,朝阳,高碑店,101121688531,兴隆家园三期观花园满五唯一落地阳台一居室,409万,61311元/平,中楼层 (共24层) | 2005年 | 1室1厅 | 66.71平米 | 东 西,https://ke-image.ljcdn.com/110000-inspection/pc1_8ce6YwLOQ_2.jpg!m_fill,w_280,h_210,f_jpg?from=ke.com
20231117,朝阳,高碑店,101121674986,店长推荐：兴隆家园 板楼的南北通透两居满五年唯一房主自荐,795万,69805元/平,中楼层 (共19层) | 2005年 | 2室1厅 | 113.89平米 | 南 北,https://ke-image.ljcdn.com/110000-inspection/pc1_CQamneO7X.jpg!m_fill,w_280,h_210,f_jpg?from=ke.com
20231117,朝阳,高碑店,101121670062,兴隆家园二期不临街精装修满五唯一落地阳台三居室,715万,51310元/平,低楼层 (共24层) | 2002年 | 3室1厅 | 139.35平米 | 西南 西北,https://ke-image.ljcdn.com/110000-inspection/04ef5797-adf5-4f62-ad8a-72de825fd6cd_1000.jpg!m_fill,w_280,h_210,f_jpg?from=ke.com
20231117,朝阳,高碑店,101121638129,金隅泰和园板楼南北两居室精装修看房方便,455万,60716元/平,低楼层 (共14层) | 2013年 | 2室1厅 | 74.94平米 | 南 北,https://ke-image.ljcdn.com/110000-inspection/e79a455b-e183-407d-b4f1-f478d3403daf_1000.jpg!m_fill,w_280,h_210,f_jpg?from=ke.com
20231117,朝阳,高碑店,101121627726,店长推荐：兴隆家园三期后排中间位置采光好安静,738万,69973元/平,中楼层 (共22层) | 2005年 | 2室1厅 | 105.47平米 | 南,https://ke-image.ljcdn.com/110000-inspection/pc1_NXEXvfLGb.jpg!m_fill,w_280,h_210,f_jpg?from=ke.com
20231117,朝阳,高碑店,101121616665,金隅泰和园 2室1厅 东 西,395万,51824元/平,低楼层 (共29层) | 2013年 | 2室1厅 | 76.22平米 | 东 西,https://ke-image.ljcdn.com/110000-inspection/pc1_zg8ULGJHN.jpg!m_fill,w_280,h_210,f_jpg?from=ke.com
20231117,朝阳,高碑店,101121609587,兴隆家园 板楼 复式 南北通透 精装修 一梯两户,715万,50685元/平,顶层 (共6层) | 2000年 | 3室2厅 | 141.07平米 | 南 北,https://ke-image.ljcdn.com/110000-inspection/e5abe958-b857-4836-888c-6a59f6434097_1000.jpg!m_fill,w_280,h_210,f_jpg?from=ke.com
20231117,朝阳,高碑店,101121598195,兴隆家园二期 西南双卫三居 无遮挡 采光好 大客厅,780万,57933元/平,中楼层 (共24层) | 2002年 | 3室1厅 | 134.64平米 | 西南,https://ke-image.ljcdn.com/110000-inspection/b4b4d069-a09e-4c5d-b361-7ce94217c05c_1000.jpg!m_fill,w_280,h_210,f_jpg?from=ke.com
20231117,朝阳,高碑店,101121578167,兴隆家园三期观花园落地阳台满五唯一一居室,410万,64023元/平,中楼层 (共22层) | 2005年 | 1室1厅 | 64.04平米 | 东北 东,https://ke-image.ljcdn.com/110000-inspection/pc1_5XLlQdONX.jpg!m_fill,w_280,h_210,f_jpg?from=ke.com
20231117,朝阳,高碑店,101121572361,兴隆家园一期东向一居 看房方便 随时可以签约,309万,59653元/平,中楼层 (共7层) | 1999年 | 1室2厅 | 51.8平米 | 东,https://ke-image.ljcdn.com/110000-inspection/6a073ee8-ab4a-4de5-90be-48b25d4b81a7_1000.jpg!m_fill,w_280,h_210,f_jpg?from=ke.com
20231117,朝阳,高碑店,101121464044,兴隆家园 1室1厅 东北,465万,61598元/平,高楼层 (共23层) | 2005年 | 1室1厅 | 75.49平米 | 东北,https://ke-image.ljcdn.com/110000-inspection/b07395a6-391d-4aff-96c4-a491bdd8a0ee_1000.jpg!m_fill,w_280,h_210,f_jpg?from=ke.com
20231117,朝阳,高碑店,101121408509,兴隆家园三期  满五年唯一 落地窗 安静不临街 对花园,400万,62461元/平,高楼层 (共22层) | 2005年 | 1室1厅 | 64.04平米 | 西北,https://ke-image.ljcdn.com/110000-inspection/pc1_qIcPwh6GU.jpg!m_fill,w_280,h_210,f_jpg?from=ke.com
20231117,朝阳,高碑店,101121351734,本房户型方正视野开阔采光充足,299万,52512元/平,中楼层 (共6层) | 1988年 | 2室1厅 | 56.94平米 | 南 北,https://ke-image.ljcdn.com/110000-inspection/pc1_jd1chbY1d.jpg!m_fill,w_280,h_210,f_jpg?from=ke.com
20231117,朝阳,高碑店,101121341283,兴隆家园满2年 高楼层西北向通风好房子看房方便,318万,64951元/平,中楼层 (共24层) | 2004年 | 1室0厅 | 48.96平米 | 西北,https://ke-image.ljcdn.com/110000-inspection/39cd77ee-5135-4595-a5bb-018f6602e1e4_1000.jpg!m_fill,w_280,h_210,f_jpg?from=ke.com
20231117,朝阳,高碑店,101121317672,兴隆家园 东五环内 商品房 配套齐全 交通便利,579万,64305元/平,低楼层 (共24层) | 2004年 | 2室1厅 | 90.04平米 | 东南,https://ke-image.ljcdn.com/110000-inspection/88f9c9c9-da90-4163-ba3d-e7482f56b264_1000.jpg!m_fill,w_280,h_210,f_jpg?from=ke.com
20231117,朝阳,高碑店,101121291087,两个入户门 1梯1户 电梯直达地库 公园100米,1298万,66191元/平,中楼层 (共5层) | 2006年 | 4室2厅 | 196.1平米 | 南 北,https://ke-image.ljcdn.com/110000-inspection/pc1_ZW384qVKz.jpg!m_fill,w_280,h_210,f_jpg?from=ke.com
20231117,朝阳,高碑店,101121284264,兴隆家园 店长推荐 通透2居 采光好落地窗房主自荐,455万,60458元/平,中楼层 (共6层) | 2000年 | 2室1厅 | 75.26平米 | 东 西,https://ke-image.ljcdn.com/110000-inspection/ab59adc1-591c-4b58-9c56-e27958b5bec0_1000.jpg!m_fill,w_280,h_210,f_jpg?from=ke.com
20231117,朝阳,高碑店,101121253673,金隅泰和园  满五年唯一 南北朝向 高楼层三居,508万,57682元/平,顶层 (共29层) | 2013年 | 3室1厅 | 88.07平米 | 北 南,https://ke-image.ljcdn.com/110000-inspection/4748b044-b729-4547-96fd-734e7f6bda6e_1000.jpg!m_fill,w_280,h_210,f_jpg?from=ke.com
20231117,朝阳,高碑店,101121246346,兴隆三期 精装修 对花园 安静不临街 满五唯一看房随时,415万,64632元/平,低楼层 (共19层) | 2005年 | 1室1厅 | 64.21平米 | 西北,https://ke-image.ljcdn.com/110000-inspection/fa288628-9435-4280-b05c-f38f3b580ff3_1000.jpg!m_fill,w_280,h_210,f_jpg?from=ke.com
20231117,朝阳,高碑店,101121237553,朝阳大悦城 青年路 店长推荐 精选两居,345万,47502元/平,低楼层 (共24层) 2室1厅 | 72.63平米 | 西,https://ke-image.ljcdn.com/110000-inspection/pc1_Ex40dREgk_1.jpg!m_fill,w_280,h_210,f_jpg?from=ke.com
20231117,朝阳,高碑店,101121229809,满五年唯一商品房落地窗 采光好带储物间 诚意卖,448万,59002元/平,高楼层 (共6层) 2室1厅 | 75.93平米 | 东 西,https://ke-image.ljcdn.com/110000-inspection/5e5545b0-9f89-4ba9-b4e0-1d31c8d1e97a_1000.jpg!m_fill,w_280,h_210,f_jpg?from=ke.com
20231117,朝阳,高碑店,101121214971,金隅汇星苑 西向一居室 业主诚售,420万,64895元/平,低楼层 (共26层) | 2016年 | 1室1厅 | 64.72平米 | 西,https://ke-image.ljcdn.com/110000-inspection/c2f936dc-cfeb-4f0a-a15b-577aac7f17ba_1000.jpg!m_fill,w_280,h_210,f_jpg?from=ke.com
20231117,朝阳,高碑店,101121157845,南太平庄北巷 正规一居 只有契税 2001年钢混结构,235万,41719元/平,顶层 (共6层) | 2001年 | 1室1厅 | 56.33平米 | 东 西,https://ke-image.ljcdn.com/110000-inspection/pc1_a2h4gNvpI.jpg!m_fill,w_280,h_210,f_jpg?from=ke.com
20231117,朝阳,高碑店,101121142079,美丽亚洲假日花园 满五年唯一 随时可看 别墅洋房,637万,51322元/平,顶层 (共3层) | 1996年 | 2室2厅 | 124.12平米 | 南 北,https://ke-image.ljcdn.com/110000-inspection/pc1_mh0Jsvkaz.jpg!m_fill,w_280,h_210,f_jpg?from=ke.com
20231117,朝阳,高碑店,101121137255,中间楼层自住装修采光好保养好看房方便,385万,55460元/平,中楼层 (共6层) 2室1厅 | 69.42平米 | 南 北,https://ke-image.ljcdn.com/110000-inspection/pc1_sI2kQOzWd.jpg!m_fill,w_280,h_210,f_jpg?from=ke.com
20231117,朝阳,高碑店,101121111783,金隅泰和园 2室1厅 东 西,389万,50097元/平,低楼层 (共28层) 2室1厅 | 77.65平米 | 东 西,https://ke-image.ljcdn.com/110000-inspection/d426840d-6778-417d-afc8-5ee19a6d960f_1000.jpg!m_fill,w_280,h_210,f_jpg?from=ke.com
20231117,朝阳,高碑店,101121104158,金隅汇星苑 高楼层全南两居室 业主诚售房主自荐,515万,63463元/平,高楼层 (共21层) | 2016年 | 2室1厅 | 81.15平米 | 南,https://ke-image.ljcdn.com/110000-inspection/pc1_kGdORUt2F.jpg!m_fill,w_280,h_210,f_jpg?from=ke.com
20231117,朝阳,高碑店,101121103110,兴隆家园南北两居室户型方正采光好拎包入住,808万,70946元/平,高楼层 (共19层) | 2005年 | 2室1厅 | 113.89平米 | 南 北,https://ke-image.ljcdn.com/110000-inspection/cfc0f97b-ef0c-4576-a07b-ed115559e408_1000.jpg!m_fill,w_280,h_210,f_jpg?from=ke.com
20231117,朝阳,高碑店,101121096748,店长推荐：小区样板楼 楼道干净满五年唯一商品房,573万,56554元/平,中楼层 (共24层) | 2002年 | 2室1厅 | 101.32平米 | 东北,https://ke-image.ljcdn.com/110000-inspection/7ae0305a-6e50-470e-9c03-a7ec77ee35e4_1000.jpg!m_fill,w_280,h_210,f_jpg?from=ke.com
20231117,朝阳,高碑店,101121088646,兴隆家园满五年唯一的正规一居,445万,58957元/平,中楼层 (共23层) 2室1厅 | 75.48平米 | 东北,https://ke-image.ljcdn.com/110000-inspection/pc1_pF1PnKm4I.jpg!m_fill,w_280,h_210,f_jpg?from=ke.com
20231117,朝阳,高碑店,101121062869,阿曼寓所东南三居室 双卧朝南 客厅朝南带有大阳台,880万,65379元/平,底层 (共16层) | 2007年 | 3室1厅 | 134.6平米 | 东南,https://ke-image.ljcdn.com/110000-inspection/pc1_e83iISsXv_2.jpg!m_fill,w_280,h_210,f_jpg?from=ke.com
20231117,朝阳,高碑店,101121042775,阿曼寓所 南北大三居 业主诚意出售,880万,64066元/平,底层 (共11层) | 2007年 | 3室2厅 | 137.36平米 | 南 北,https://ke-image.ljcdn.com/110000-inspection/191f4f7e-dcc9-4f09-aff1-ae561a631f47_1000.jpg!m_fill,w_280,h_210,f_jpg?from=ke.com
20231117,朝阳,高碑店,101121029343,朝青 南太平庄北巷 精装一居室,245万,57948元/平,低楼层 (共6层) | 2004年 | 1室1厅 | 42.28平米 | 北,https://ke-image.ljcdn.com/110000-inspection/ad736225-f3a4-4fe4-82a6-1a314c51a766_1000.jpg!m_fill,w_280,h_210,f_jpg?from=ke.com
20231117,朝阳,高碑店,101121026419,金隅泰和园 2室1厅 南,445万,56166元/平,顶层 (共29层) | 2013年 | 2室1厅 | 79.23平米 | 南,https://ke-image.ljcdn.com/110000-inspection/pc1_ErHNWknEP.jpg!m_fill,w_280,h_210,f_jpg?from=ke.com
20231117,朝阳,高碑店,101121012175,兴隆三期 南向高层 采光棒 对花园安静不临街 配套齐全,698万,69460元/平,高楼层 (共23层) | 2005年 | 2室1厅 | 100.49平米 | 南,https://ke-image.ljcdn.com/110000-inspection/eb16539d-87d1-4a92-bbe0-3d047bcef820_1000.jpg!m_fill,w_280,h_210,f_jpg?from=ke.com
20231117,朝阳,高碑店,101121003983,此房是满五唯一的商品房楼龄新对小区花园,698万,69460元/平,中楼层 (共23层) | 2005年 | 2室2厅 | 100.49平米 | 南,https://ke-image.ljcdn.com/110000-inspection/e3f69bbb-a249-43dd-a6da-a9386fc2c30a_1000.jpg!m_fill,w_280,h_210,f_jpg?from=ke.com
20231117,朝阳,高碑店,101120998678,三期 满五年唯一 南北通透 三居室 户型方正 朝向好房主自荐,900万,60440元/平,低楼层 (共23层) | 2005年 | 3室2厅 | 148.91平米 | 南 北,https://ke-image.ljcdn.com/110000-inspection/pc1_EG7g2Wi0o_1.jpg!m_fill,w_280,h_210,f_jpg?from=ke.com
20231117,朝阳,高碑店,101120978519,兴隆家园一期 东西通透2居 使用率高 户型好 大客厅,510万,55726元/平,中楼层 (共7层) | 2000年 | 2室1厅 | 91.52平米 | 东 西,https://ke-image.ljcdn.com/110000-inspection/a7e7ffc8-ed77-4e49-8ba2-d564832bfdd0_1000.jpg!m_fill,w_280,h_210,f_jpg?from=ke.com
20231117,朝阳,高碑店,101120977671,东四环 经典西南一居 满五唯一 高层视野开阔,348万,58478元/平,中楼层 (共24层) | 2001年 | 1室1厅 | 59.51平米 | 西南,https://ke-image.ljcdn.com/110000-inspection/5221d552-4977-4d4b-ab89-77a395481122_1000.jpg!m_fill,w_280,h_210,f_jpg?from=ke.com
20231117,朝阳,高碑店,101120969642,南太平庄北巷 1室0厅 北,220万,51163元/平,中楼层 (共6层) | 2004年 | 1室0厅 | 43平米 | 北,https://ke-image.ljcdn.com/110000-inspection/1c2aaa39-fd74-4ece-ab13-76c2fdaafc28_1000.jpg!m_fill,w_280,h_210,f_jpg?from=ke.com
20231117,朝阳,高碑店,101120954284,兴隆一期 南北通透 临近地铁 不临街 高使用率,515万,74942元/平,底层 (共6层) | 1999年 | 2室1厅 | 68.72平米 | 南 北,https://ke-image.ljcdn.com/110000-inspection/f8d8a48f-c482-499c-b32c-5cd4f3ce59e3_1000.jpg!m_fill,w_280,h_210,f_jpg?from=ke.com
20231117,朝阳,高碑店,101120939031,金隅汇星苑 2室1厅 南,478万,57898元/平,底层 (共21层) | 2016年 | 2室1厅 | 82.56平米 | 南,https://ke-image.ljcdn.com/110000-inspection/pc1_kTvP09SUV.jpg!m_fill,w_280,h_210,f_jpg?from=ke.com
20231117,朝阳,高碑店,101120925987,美丽亚洲假日花园三居精装修 明厨明卫 诚心出售,615万,48514元/平,高楼层 (共9层) | 1994年 | 3室1厅 | 126.77平米 | 西北,https://ke-image.ljcdn.com/110000-inspection/1954c128-7d58-4f83-bfa0-b3198500efda_1000.jpg!m_fill,w_280,h_210,f_jpg?from=ke.com
20231117,朝阳,高碑店,101120911870,南太平庄北巷  业主靠谱出售 采光不错,458万,44355元/平,顶层 (共6层) | 2000年 | 3室2厅 | 103.26平米 | 南 北,https://ke-image.ljcdn.com/110000-inspection/59a3a8ec-5cd4-4b74-a05f-2346ee35980f_1000.jpg!m_fill,w_280,h_210,f_jpg?from=ke.com
20231117,朝阳,高碑店,101120909303,此房是满五年唯一业主诚意出售成熟社区配套完善,280万,52006元/平,顶层 (共6层) | 2004年 | 1室1厅 | 53.84平米 | 东南 北,https://ke-image.ljcdn.com/110000-inspection/2010d6ad-7da9-42d6-a101-db0db67343e4_1000.jpg!m_fill,w_280,h_210,f_jpg?from=ke.com
20231117,朝阳,高碑店,101120907809,南太平庄北巷 1室1厅 南,229万,53984元/平,顶层 (共6层) | 1986年 | 1室1厅 | 42.42平米 | 南,https://ke-image.ljcdn.com/110000-inspection/pc1_kEnAiU8zQ.jpg!m_fill,w_280,h_210,f_jpg?from=ke.com
20231117,朝阳,高碑店,101120890147,南太平庄北巷  复式一居室 精装修 看房随时,265万,54038元/平,顶层 (共6层) 1室1厅 | 49.04平米 | 西,https://ke-image.ljcdn.com/110000-inspection/pc1_O4XyE8vLV.jpg!m_fill,w_280,h_210,f_jpg?from=ke.com
20231117,朝阳,高碑店,101120873547,满五唯一全新精装修正对花园采光好视野佳,416万,61970元/平,高楼层 (共24层) | 2005年 | 1室1厅 | 67.13平米 | 西 北,https://ke-image.ljcdn.com/110000-inspection/37ca4927-7c37-415b-98d1-59cd4b3dd61a_1000.jpg!m_fill,w_280,h_210,f_jpg?from=ke.com
20231117,朝阳,高碑店,101120873231,金隅汇星苑 1室1厅 西,398万,61496元/平,低楼层 (共26层) | 2016年 | 1室1厅 | 64.72平米 | 西,https://ke-image.ljcdn.com/110000-inspection/pc1_NlqrpeSON.jpg!m_fill,w_280,h_210,f_jpg?from=ke.com
20231117,朝阳,高碑店,101120861044,南太平庄北巷 1室0厅 北,230万,60116元/平,中楼层 (共6层) | 2004年 | 1室0厅 | 38.26平米 | 北,https://ke-image.ljcdn.com/110000-inspection/9821dba7-ea79-4494-a13d-8ae344c116db_1000.jpg!m_fill,w_280,h_210,f_jpg?from=ke.com
20231117,朝阳,高碑店,101120834899,阿曼寓所 1室1厅 西,470万,69972元/平,低楼层 (共15层) | 2007年 | 1室1厅 | 67.17平米 | 西,https://ke-image.ljcdn.com/110000-inspection/e1b80c02-7a93-41bc-b550-04daafd79d1c_1000.jpg!m_fill,w_280,h_210,f_jpg?from=ke.com
20231117,朝阳,高碑店,101120834499,兴隆家园 精装一居 小区中间位置正对小区花园房主自荐,415万,64632元/平,中楼层 (共19层) | 2005年 | 1室1厅 | 64.21平米 | 东北,https://ke-image.ljcdn.com/110000-inspection/0424e3a7-9681-4d84-80ec-c300cc1182cc_1000.jpg!m_fill,w_280,h_210,f_jpg?from=ke.com
20231117,朝阳,高碑店,101120797846,金隅泰和园 高层中间位置 户型无遮挡 视野好,470万,59843元/平,高楼层 (共29层) | 2013年 | 2室1厅 | 78.54平米 | 南,https://ke-image.ljcdn.com/110000-inspection/pc1_8uWi4vRdS.jpg!m_fill,w_280,h_210,f_jpg?from=ke.com
20231117,朝阳,高碑店,101120655328,22号线甘露园站 精装修两居 满五年唯一 落地窗,519万,57970元/平,底层 (共24层) 2室1厅 | 89.53平米 | 东南,https://ke-image.ljcdn.com/110000-inspection/pc1_tGCF2DIac.jpg!m_fill,w_280,h_210,f_jpg?from=ke.com
20231117,朝阳,高碑店,101120646550,兴隆家园满五年唯一商品房 南北通透 不临街  明厨明卫房主自荐,878万,61797元/平,底层 (共22层) 3室1厅 | 142.08平米 | 南 北,https://ke-image.ljcdn.com/110000-inspection/pc1_qJPENcbQX.jpg!m_fill,w_280,h_210,f_jpg?from=ke.com
20231117,朝阳,高碑店,101120620608,满五年唯一 商品房 东侧对小区院内安静,460万,69592元/平,低楼层 (共24层) | 2001年 | 2室1厅 | 66.1平米 | 东南,https://ke-image.ljcdn.com/110000-inspection/34151255-412c-4b88-bc92-d6b93ffae65f_1000.jpg!m_fill,w_280,h_210,f_jpg?from=ke.com
20231117,朝阳,高碑店,101120617850,兴隆家园三期中高楼层满五唯一落地阳台一居室,415万,64804元/平,高楼层 (共22层) | 2005年 | 1室1厅 | 64.04平米 | 西北,https://ke-image.ljcdn.com/110000-inspection/pc1_YVZvgkiyb_1.jpg!m_fill,w_280,h_210,f_jpg?from=ke.com
20231117,朝阳,高碑店,101120615599,南太平庄北巷小区高楼层南北通透一居室,315万,49654元/平,高楼层 (共7层) | 2002年 | 1室1厅 | 63.44平米 | 南 北,https://ke-image.ljcdn.com/110000-inspection/pc1_Vuxn8B0Nv.jpg!m_fill,w_280,h_210,f_jpg?from=ke.com
20231117,朝阳,高碑店,101120594490,兴隆家园 三期 地铁22号甘露园站 交通便利,880万,59690元/平,高楼层 (共24层) | 2005年 | 3室1厅 | 147.43平米 | 西南,https://ke-image.ljcdn.com/110000-inspection/pc1_8GNBiaPap.jpg!m_fill,w_280,h_210,f_jpg?from=ke.com
20231117,朝阳,高碑店,101120586995,兴隆家园  全南向两居 满五年唯一 采光充足 落地窗,735万,69689元/平,中楼层 (共22层) | 2005年 | 2室1厅 | 105.47平米 | 南,https://ke-image.ljcdn.com/110000-inspection/fa33552b-deff-4f7b-a650-89070feeab9d_1000.jpg!m_fill,w_280,h_210,f_jpg?from=ke.com
20231117,朝阳,高碑店,101120581109,22号线甘露园站 全南向大一居 高楼层看房方便,505万,69974元/平,高楼层 (共23层) | 2005年 | 1室1厅 | 72.17平米 | 南,https://ke-image.ljcdn.com/110000-inspection/pc1_GE1rZ4CVP.jpg!m_fill,w_280,h_210,f_jpg?from=ke.com
20231117,朝阳,高碑店,101120578460,满五唯一 格局方正好利用 带落地窗阳台 通透明亮,418万,69012元/平,中楼层 (共18层) | 2005年 | 1室1厅 | 60.57平米 | 北,https://ke-image.ljcdn.com/110000-inspection/pc1_tYCmsnloq.jpg!m_fill,w_280,h_210,f_jpg?from=ke.com
20231117,朝阳,高碑店,101120573091,独门独户次顶层房本是70年大产权住宅商品房,1121万,26999元/平,高楼层 (共14层) | 2005年 | 5室2厅 | 415.21平米 | 南 北,https://ke-image.ljcdn.com/110000-inspection/0a5a699f-6a97-4477-9cde-a2b3cf14fc3c_1000.jpg!m_fill,w_280,h_210,f_jpg?from=ke.com
20231117,朝阳,高碑店,101120570936,此房满五唯一南北通透一梯两户90得房率,518万,71282元/平,底层 (共6层) | 2000年 | 2室1厅 | 72.67平米 | 南 北,https://ke-image.ljcdn.com/110000-inspection/d9cf72cc-2aca-465a-817d-f20ede90a9e8_1000.jpg!m_fill,w_280,h_210,f_jpg?from=ke.com
20231117,朝阳,高碑店,101120559107,兴隆家园二期东南向三居室高楼层无遮挡。房主自荐,845万,62760元/平,高楼层 (共24层) 3室1厅 | 134.64平米 | 东南,https://ke-image.ljcdn.com/110000-inspection/f6065f88-00f2-4800-b4b9-a43422255216_1000.jpg!m_fill,w_280,h_210,f_jpg?from=ke.com
20231117,朝阳,高碑店,101120532497,兴隆家园二期3梯8户满五年唯一西南明厨明卫房主自荐,845万,62760元/平,低楼层 (共24层) | 2002年 | 3室1厅 | 134.64平米 | 西南,https://ke-image.ljcdn.com/110000-inspection/pc1_vRkgpcP2E.jpg!m_fill,w_280,h_210,f_jpg?from=ke.com
20231117,朝阳,高碑店,101120527887,金隅泰和园 2室1厅 北 南,438万,56183元/平,低楼层 (共28层) | 2013年 | 2室1厅 | 77.96平米 | 北 南,https://ke-image.ljcdn.com/110000-inspection/pc1_5VO131GU2_1.jpg!m_fill,w_280,h_210,f_jpg?from=ke.com
20231117,朝阳,高碑店,101120514575,兴隆家园满5年唯一 视野采光好,679万,64385元/平,中楼层 (共24层) | 2002年 | 2室1厅 | 105.46平米 | 西南,https://ke-image.ljcdn.com/110000-inspection/7807693c-e015-4a4b-be3e-790743889966_1000.jpg!m_fill,w_280,h_210,f_jpg?from=ke.com
20231117,朝阳,高碑店,101120513467,店长推荐：本房满五年唯一无抵押产权清晰,499万,69143元/平,中楼层 (共23层) | 2005年 | 1室1厅 | 72.17平米 | 南,https://ke-image.ljcdn.com/110000-inspection/pc1_7uGeub17P.jpg!m_fill,w_280,h_210,f_jpg?from=ke.com
20231117,朝阳,高碑店,101120503468,四惠 兴隆家园精装1居满五年唯一商品房,415万,64804元/平,高楼层 (共22层) 1室1厅 | 64.04平米 | 东北,https://ke-image.ljcdn.com/110000-inspection/pc1_fvKfmkfva_2.jpg!m_fill,w_280,h_210,f_jpg?from=ke.com
20231117,朝阳,高碑店,101120482170,兴隆家园二期满五唯一落地阳台全南三居室,878万,65577元/平,低楼层 (共24层) | 2002年 | 3室1厅 | 133.89平米 | 南,https://ke-image.ljcdn.com/110000-inspection/pc1_rS6CvZ5hp.jpg!m_fill,w_280,h_210,f_jpg?from=ke.com
20231117,朝阳,高碑店,101120440457,二期高层、满五年唯一、商品房三梯八户、落地窗装修好,605万,64713元/平,高楼层 (共24层) | 2002年 | 2室1厅 | 93.49平米 | 东,https://ke-image.ljcdn.com/110000-inspection/0ccc7f7c-9967-43da-b126-02730b201e5e_1000.jpg!m_fill,w_280,h_210,f_jpg?from=ke.com
20231117,朝阳,高碑店,101120422938,兴隆家园 西南南向三室两卫明厨明卫 采光好 无遮挡。,820万,60904元/平,低楼层 (共24层) 3室1厅 | 134.64平米 | 西南,https://ke-image.ljcdn.com/110000-inspection/22683016-30fa-4f5a-ba65-3b147d5aaa9a_1000.jpg!m_fill,w_280,h_210,f_jpg?from=ke.com
20231117,朝阳,高碑店,101120355779,兴隆家园 三期 二梯四户 满五年唯一 格局、装修好,360万,59436元/平,低楼层 (共18层) | 2005年 | 1室1厅 | 60.57平米 | 北,https://ke-image.ljcdn.com/110000-inspection/03ab9e53-b991-4f31-a265-f733bc1475e5_1000.jpg!m_fill,w_280,h_210,f_jpg?from=ke.com
20231117,朝阳,高碑店,101120278475,兴隆家园 采光好2居 板楼对花园房主自荐,445万,56408元/平,中楼层 (共7层) | 2000年 | 2室1厅 | 78.89平米 | 西,https://ke-image.ljcdn.com/110000-inspection/7945698b-94e6-4d81-814b-e36beaaa2ee2_1000.jpg!m_fill,w_280,h_210,f_jpg?from=ke.com
20231117,朝阳,高碑店,101120270216,南北通透 户型方正 通透性好  精装自住 诚意出售,358万,39642元/平,高楼层 (共6层) | 1995年 | 2室1厅 | 90.31平米 | 南 北,https://ke-image.ljcdn.com/110000-inspection/pc1_O8JVpAETU_1.jpg!m_fill,w_280,h_210,f_jpg?from=ke.com
20231117,朝阳,高碑店,101120262668,兴隆家园二期 全南居 满5唯一 双阳台 采光好,615万,69792元/平,低楼层 (共24层) 2室1厅 | 88.12平米 | 南,https://ke-image.ljcdn.com/110000-inspection/pc1_3AaeVq1Qe.jpg!m_fill,w_280,h_210,f_jpg?from=ke.com
20231117,朝阳,高碑店,101120241220,东北向小两居室户型方正前面无遮挡交通便利,269万,51592元/平,高楼层 (共6层) | 1986年 | 2室1厅 | 52.14平米 | 东北,https://ke-image.ljcdn.com/110000-inspection/4251ac1e-1c5a-4e20-a56e-68771467f74c_1000.jpg!m_fill,w_280,h_210,f_jpg?from=ke.com
20231117,朝阳,高碑店,101120228218,房本满五年家庭名下一套住房中间层无遮挡,409万,61292元/平,高楼层 (共16层) | 2007年 | 1室1厅 | 66.73平米 | 南,https://ke-image.ljcdn.com/110000-inspection/c5ff49a1-60d9-4458-b9e3-6ddc4ba0c1f2_1000.jpg!m_fill,w_280,h_210,f_jpg?from=ke.com
20231117,朝阳,高碑店,101120143117,朝青 金隅泰和园 南向 两居室,425万,58581元/平,底层 (共14层) | 2013年 | 2室1厅 | 72.55平米 | 南,https://ke-image.ljcdn.com/110000-inspection/7be85a7c-e8fe-4d6d-a432-e9c5b34679cd_1000.jpg!m_fill,w_280,h_210,f_jpg?from=ke.com
20231117,朝阳,高碑店,101120137718,南太平庄北巷 满五唯一 商品房 随时签约,240万,56792元/平,低楼层 (共6层) | 1986年 | 1室1厅 | 42.26平米 | 南,https://ke-image.ljcdn.com/110000-inspection/f8efb485-095d-4869-bf2c-1c283f421ef3_1000.jpg!m_fill,w_280,h_210,f_jpg?from=ke.com
20231117,朝阳,高碑店,101120000530,兴隆家园 东五环内 配套齐全 交通便利,330万,67402元/平,中楼层 (共24层) | 2004年 | 1室1厅 | 48.96平米 | 西北,https://ke-image.ljcdn.com/110000-inspection/pc1_KQjHSl2zG.jpg!m_fill,w_280,h_210,f_jpg?from=ke.com
20231117,朝阳,高碑店,101119976431,兴隆家园 2梯4户 三期电梯板楼 落地窗采光好,595万,66392元/平,低楼层 (共18层) | 2005年 | 2室1厅 | 89.62平米 | 北 南 西,https://ke-image.ljcdn.com/110000-inspection/e5377384-5a4d-4676-a83b-3cdb0d86f5c1_1000.jpg!m_fill,w_280,h_210,f_jpg?from=ke.com
20231117,朝阳,高碑店,101119962337,金隅汇星苑高层采光好 满五年唯一 装修好一居室房主自荐,430万,64975元/平,高楼层 (共26层) | 2016年 | 1室1厅 | 66.18平米 | 西,https://ke-image.ljcdn.com/110000-inspection/pc1_JvwZUqXGb.jpg!m_fill,w_280,h_210,f_jpg?from=ke.com
20231117,朝阳,高碑店,101119878373,南北通透 五居四卫 精装修 中央空调 拎包入住,950万,50156元/平,高楼层 (共7层) 5室2厅 | 189.41平米 | 南 北,https://ke-image.ljcdn.com/110000-inspection/29b781b3-fc63-4392-a959-a5bc37dd9572_1000.jpg!m_fill,w_280,h_210,f_jpg?from=ke.com
20231117,朝阳,高碑店,101119868017,富华家园 正规一居室 满五唯一 商品房 高楼层,280万,45264元/平,高楼层 (共24层) | 2001年 | 1室1厅 | 61.86平米 | 西南,https://ke-image.ljcdn.com/110000-inspection/441b7705-fa5b-419d-8f5a-39f91a136798_1000.jpg!m_fill,w_280,h_210,f_jpg?from=ke.com
20231117,朝阳,高碑店,101119842603,兴隆家园三期一居低价出售 正对社区花园无遮挡,365万,54946元/平,低楼层 (共24层) | 2005年 | 1室2厅 | 66.43平米 | 西,https://ke-image.ljcdn.com/110000-inspection/pc1_e3yH67yz5.jpg!m_fill,w_280,h_210,f_jpg?from=ke.com
20231117,朝阳,高碑店,101119779848,财满街财经中心满五唯一 诚心出售,590万,30283元/平,中楼层 (共14层) | 2005年 | 5室1厅 | 194.83平米 | 南,https://ke-image.ljcdn.com/110000-inspection/pc1_UH89e4Nb6_1.jpg!m_fill,w_280,h_210,f_jpg?from=ke.com
20231117,朝阳,高碑店,101119664985,兴隆家园三期 一居 正对小区花园 满五年唯一 不临街,415万,64632元/平,高楼层 (共19层) | 2005年 | 1室0厅 | 64.21平米 | 东北,https://ke-image.ljcdn.com/110000-inspection/259f2195-0bd5-4099-8b17-7ae228333676_1000.jpg!m_fill,w_280,h_210,f_jpg?from=ke.com
20231117,朝阳,高碑店,101119663463,阿曼寓所 商品房  看房方便 诚心出售房主自荐,359万,57643元/平,低楼层 (共16层) | 2007年 | 1室1厅 | 62.28平米 | 西,https://ke-image.ljcdn.com/110000-inspection/019df4a0-630a-4bef-8ad3-492600ebe42d_1000.jpg!m_fill,w_280,h_210,f_jpg?from=ke.com
20231117,朝阳,高碑店,101119526372,阿曼寓所南北三居室低密度社区看房方便房主自荐,840万,60910元/平,低楼层 (共9层) | 2007年 | 3室2厅 | 137.91平米 | 南 北,https://ke-image.ljcdn.com/110000-inspection/91e6a3da-6f32-450a-92a2-cff771fe1203_1000.jpg!m_fill,w_280,h_210,f_jpg?from=ke.com
20231117,朝阳,高碑店,101119450734,富华家园 全南两居室 商品房 中间层 无遮挡,496万,63713元/平,中楼层 (共24层) 2室1厅 | 77.85平米 | 南,https://ke-image.ljcdn.com/110000-inspection/b7627108-d15d-4bb0-8979-8869f778472a_1000.jpg!m_fill,w_280,h_210,f_jpg?from=ke.com
20231117,朝阳,高碑店,101119448208,金隅汇星苑高层精装修南北两居室带储物间房主自荐,566万,64355元/平,高楼层 (共21层) | 2016年 | 3室1厅 | 87.95平米 | 南 北,https://ke-image.ljcdn.com/110000-inspection/pc1_pLmmhwReh.jpg!m_fill,w_280,h_210,f_jpg?from=ke.com
20231117,朝阳,高碑店,101119434316,南太平庄北巷 正规三居室 看房方便 诚意出售 价格可聊,388万,42312元/平,顶层 (共6层) | 2001年 | 3室1厅 | 91.7平米 | 东 西 北,https://ke-image.ljcdn.com/110000-inspection/9c0dd720-b0ea-4b02-baf8-2af0a6841ba7_1000.jpg!m_fill,w_280,h_210,f_jpg?from=ke.com
20231117,朝阳,高碑店,101119345104,美丽亚洲假日花园精装修满五唯一三居室,648万,48496元/平,高楼层 (共9层) | 1996年 | 3室1厅 | 133.62平米 | 西北,https://ke-image.ljcdn.com/110000-inspection/pc1_38vlvBQTW_1.jpg!m_fill,w_280,h_210,f_jpg?from=ke.com
20231117,朝阳,高碑店,101119317264,东四环城中之墅-叠墅、大悦城旁闹中取静、360度观景房主自荐,3200万,81361元/平,顶层 (共13层) | 2007年 | 5室4厅 | 393.31平米 | 东 南 西 北,https://ke-image.ljcdn.com/110000-inspection/4d534d6a-84c2-45db-9d81-7fda2a8d3aa8_1000.jpg!m_fill,w_280,h_210,f_jpg?from=ke.com
20231117,朝阳,高碑店,101119247096,南太平庄北巷 4室1厅 南 北,470万,45517元/平,顶层 (共6层) 4室1厅 | 103.26平米 | 南 北,https://ke-image.ljcdn.com/110000-inspection/pc1_JMryI0pNj.jpg!m_fill,w_280,h_210,f_jpg?from=ke.com
20231117,朝阳,高碑店,101119239973,满五唯一高楼层视野采光好配套成熟,436万,44604元/平,顶层 (共6层) 3室1厅 | 97.75平米 | 东南,https://ke-image.ljcdn.com/110000-inspection/pc1_5CtqjP112.jpg!m_fill,w_280,h_210,f_jpg?from=ke.com
20231117,朝阳,高碑店,101119106388,南太平庄北巷 满五年 东西通透 两居室房主自荐,350万,51433元/平,底层 (共6层) | 2000年 | 2室1厅 | 68.05平米 | 东 西,https://ke-image.ljcdn.com/110000-inspection/pc1_Pe8hUl0Xu_1.jpg!m_fill,w_280,h_210,f_jpg?from=ke.com
20231117,朝阳,高碑店,101119069197,叠墅洋房社区中间位置不临街电梯直达房主自荐,1250万,59627元/平,中楼层 (共5层) | 2007年 | 4室2厅 | 209.64平米 | 南 北,https://ke-image.ljcdn.com/110000-inspection/617ba18a-db14-40da-b787-506f93b1066c_1000.jpg!m_fill,w_280,h_210,f_jpg?from=ke.com
20231117,朝阳,高碑店,101119029708,南太平庄北巷   精装修高楼层视野采光好  可恢复三居,342万,49308元/平,顶层 (共6层) | 1984年 | 2室1厅 | 69.36平米 | 南 北,https://ke-image.ljcdn.com/110000-inspection/pc1_6RTkn6dUE.jpg!m_fill,w_280,h_210,f_jpg?from=ke.com
20231117,朝阳,高碑店,101118978901,富华家园 全南向 商品房 落地窗 精装修,700万,56525元/平,高楼层 (共24层) | 2003年 | 3室1厅 | 123.84平米 | 南,https://ke-image.ljcdn.com/110000-inspection/9cb379df-2ea8-400e-8523-7c813ac00afe_1000.jpg!m_fill,w_280,h_210,f_jpg?from=ke.com
20231117,朝阳,高碑店,101118977887,财满街财经中心  高楼层  商品房 住宅,410万,31184元/平,高楼层 (共11层) | 2006年 | 2室1厅 | 131.48平米 | 西,https://ke-image.ljcdn.com/110000-inspection/pc1_BIF1PA6Hk.jpg!m_fill,w_280,h_210,f_jpg?from=ke.com
20231117,朝阳,高碑店,101118951559,南太平庄北巷小区南北通透诚心出售房主自荐,349万,48648元/平,顶层 (共6层) | 1986年 | 2室1厅 | 71.74平米 | 南 北,https://ke-image.ljcdn.com/110000-inspection/36392942-8e46-4aa1-9310-cba464bd289e_1000.jpg!m_fill,w_280,h_210,f_jpg?from=ke.com
20231117,朝阳,高碑店,101118950119,南太平庄北巷小区满五唯一商品房 高楼层无遮挡,239万,50422元/平,顶层 (共6层) | 2004年 | 1室1厅 | 47.4平米 | 北,https://ke-image.ljcdn.com/110000-inspection/50de40e8-cba1-4a37-befc-4f9cf6698b70_1000.jpg!m_fill,w_280,h_210,f_jpg?from=ke.com
20231117,朝阳,高碑店,101118936404,满五年唯一央产房、东四环兴隆公园旁、大悦城为临,388万,55892元/平,中楼层 (共6层) | 2001年 | 2室1厅 | 69.42平米 | 南 北,https://ke-image.ljcdn.com/110000-inspection/pc1_aE00yjD2Y.jpg!m_fill,w_280,h_210,f_jpg?from=ke.com
20231117,朝阳,高碑店,101118742270,叠墅 纯商品房叠拼社区配套齐全户型方正,1500万,76379元/平,底层 (共5层) | 2007年 | 3室2厅 | 196.39平米 | 南 北,https://ke-image.ljcdn.com/110000-inspection/pc1_tCzPMusbr.jpg!m_fill,w_280,h_210,f_jpg?from=ke.com
20231117,朝阳,高碑店,101118719463,此房满五年东向一居室户型方正中间层看房方便,302万,52034元/平,底层 (共29层) | 2013年 | 1室1厅 | 58.04平米 | 东,https://ke-image.ljcdn.com/110000-inspection/4658d8ea-b75e-450e-851c-541e299b11ba_1000.jpg!m_fill,w_280,h_210,f_jpg?from=ke.com
20231117,朝阳,高碑店,101118486772,阿曼寓所 南北三居室 高楼层 采光好,833万,61472元/平,顶层 (共15层) | 2007年 | 3室1厅 | 135.51平米 | 南 北,https://ke-image.ljcdn.com/110000-inspection/pc1_bw4tM8Spf.jpg!m_fill,w_280,h_210,f_jpg?from=ke.com
20231117,朝阳,高碑店,101118439795,南太平庄北巷小区高层南北通透两居室出售,369万,53155元/平,高楼层 (共6层) | 2001年 | 2室1厅 | 69.42平米 | 南 北,https://ke-image.ljcdn.com/110000-inspection/pc1_b1aHz1GhF.jpg!m_fill,w_280,h_210,f_jpg?from=ke.com
20231117,朝阳,高碑店,101118001913,阿曼寓所西南正规一居室视野好房主自荐,465万,60367元/平,低楼层 (共15层) | 2007年 | 1室1厅 | 77.03平米 | 西南,https://ke-image.ljcdn.com/110000-inspection/fd045655-d878-4a79-aced-9053ec2d63ac_1000.jpg!m_fill,w_280,h_210,f_jpg?from=ke.com
20231117,朝阳,高碑店,101117775907,叠墅低密度电梯叠拼别墅1层 带有2个车位,1500万,76274元/平,底层 (共5层) | 2006年 | 3室1厅 | 196.66平米 | 南 北,https://ke-image.ljcdn.com/110000-inspection/pc1_7cBAdJdhX.jpg!m_fill,w_280,h_210,f_jpg?from=ke.com
20231117,朝阳,高碑店,101117767609,南太平庄北巷小区南北精装修两居室出售,290万,51120元/平,高楼层 (共6层) | 1986年 | 2室1厅 | 56.73平米 | 南 北,https://ke-image.ljcdn.com/110000-inspection/5f376f66-bc5c-4247-acfc-267f141a2989_1000.jpg!m_fill,w_280,h_210,f_jpg?from=ke.com
20231117,朝阳,高碑店,101117743269,方家村 东西通透 出行便利 满五年商品房,328万,33463元/平,高楼层 (共6层) | 1996年 | 3室1厅 | 98.02平米 | 东 西,https://ke-image.ljcdn.com/110000-inspection/pc1_pnPN0EI5A_1.jpg!m_fill,w_280,h_210,f_jpg?from=ke.com
20231117,朝阳,高碑店,101117720328,南太平庄北巷 正规大一居 无遮挡 中间层,229万,54253元/平,高楼层 (共6层) | 1988年 | 1室1厅 | 42.21平米 | 南,https://ke-image.ljcdn.com/110000-inspection/pc1_5nvfs2lv6.jpg!m_fill,w_280,h_210,f_jpg?from=ke.com
20231117,朝阳,高碑店,101117624311,朝青大悦城 别墅边户 有120平南院 4.2米高厅 3个车位,1890万,81148元/平,底层 (共5层) | 2007年 | 5室2厅 | 232.91平米 | 东 南 北,https://ke-image.ljcdn.com/110000-inspection/338ad95b-53b3-49d8-8f22-565bfb6c6774_1000.jpg!m_fill,w_280,h_210,f_jpg?from=ke.com
20231117,朝阳,高碑店,101121906193,金隅汇星苑全南无遮挡两居室看房方便新上,539万,65302元/平,高楼层 (共29层) | 2016年 | 2室1厅 | 82.54平米 | 南,https://s1.ljcdn.com/pegasus/redskull/images/common/default_house_list.png?_v=202311081228217
20231117,朝阳,高碑店,101121882439,东四环 兴隆家园三期 全明格局 高层两居室 诚意出售新上,565万,60551元/平,高楼层 (共23层) | 2005年 | 2室1厅 | 93.31平米 | 东南 北,https://s1.ljcdn.com/pegasus/redskull/images/common/default_house_list.png?_v=202311081228217
20231117,朝阳,高碑店,101121832234,2016次新小区 东向一居在高层 视野开阔 正观小区公园,377万,64073元/平,高楼层 (共29层) | 2016年 | 1室1厅 | 58.84平米 | 东,https://s1.ljcdn.com/pegasus/redskull/images/common/default_house_list.png?_v=202311081228217
20231117,朝阳,高碑店,101121771564,美丽亚洲假日花园东南三居4个阳台 挑高3米 诚心出售,735万,48191元/平,低楼层 (共9层) 3室2厅 | 152.52平米 | 东 南,https://s1.ljcdn.com/pegasus/redskull/images/common/default_house_list.png?_v=202311081228217
20231117,朝阳,高碑店,101121610796,兴隆家园 3室1厅 南,848万,63336元/平,中楼层 (共24层) | 2002年 | 3室1厅 | 133.89平米 | 南,https://s1.ljcdn.com/pegasus/redskull/images/common/default_house_list.png?_v=202311081228217
20231117,朝阳,高碑店,101121577560,兴隆家园三期观花园南向落地阳台满五唯一三居室,869万,58968元/平,中楼层 (共24层) | 2005年 | 3室1厅 | 147.37平米 | 西南 南,https://s1.ljcdn.com/pegasus/redskull/images/common/default_house_list.png?_v=202311081228217
20231117,朝阳,高碑店,101121492912,满五唯一 中间楼层 采光好 无抵押 产权清晰,430万,51467元/平,中楼层 (共24层) | 2003年 | 2室1厅 | 83.55平米 | 东南,https://s1.ljcdn.com/pegasus/redskull/images/common/default_house_list.png?_v=202311081228217
20231117,朝阳,高碑店,101121423242,CBD东舍 2室2厅 南,280万,36969元/平,低楼层 (共12层) 2室2厅 | 75.74平米 | 南,https://s1.ljcdn.com/pegasus/redskull/images/common/default_house_list.png?_v=202311081228217
20231117,朝阳,高碑店,101120996644,财满街财经中心 1室1厅 西,155万,32346元/平,高楼层 (共19层) | 2009年 | 1室1厅 | 47.92平米 | 西,https://s1.ljcdn.com/pegasus/redskull/images/common/default_house_list.png?_v=202311081228217
20231117,朝阳,高碑店,101120984844,75平西向大一居 视野好 临近地铁 公园,510万,67784元/平,高楼层 (共24层) | 2002年 | 1室1厅 | 75.24平米 | 西,https://s1.ljcdn.com/pegasus/redskull/images/common/default_house_list.png?_v=202311081228217
20231117,朝阳,高碑店,101120713253,兴隆家园三期 西南向三居 双卫 满五年唯一商品房,728万,56982元/平,中楼层 (共23层) 3室2厅 | 127.76平米 | 西南,https://s1.ljcdn.com/pegasus/redskull/images/common/default_house_list.png?_v=202311081228217
20231117,朝阳,高碑店,101120454996,兴隆家园 三期板楼 南北通透三居 明厨明卫 主卧带明卫房主自荐,950万,66864元/平,高楼层 (共22层) | 2005年 | 3室1厅 | 142.08平米 | 南 北,https://s1.ljcdn.com/pegasus/redskull/images/common/default_house_list.png?_v=202311081228217
20231117,朝阳,高碑店,101119842895,朝青 兴隆家园北区商品房正规南北三居 地铁22号线,515万,52152元/平,底层 (共24层) | 2001年 | 3室1厅 | 98.75平米 | 南 北,https://ke-image.ljcdn.com/110000-inspection/249c39a5-7ddc-4787-a647-3294fb439963.jpg!m_fill,w_280,h_210,f_jpg?from=ke.com
20231117,朝阳,高碑店,101119697239,财满街财经中心 2室2厅 西,148万,31436元/平,高楼层 (共19层) 2室2厅 | 47.08平米 | 西,https://s1.ljcdn.com/pegasus/redskull/images/common/default_house_list.png?_v=202311081228217
20231117,朝阳,高碑店,101119535553,CBD东舍 东五环内 南向 上下两层 可以注册办公,235万,31947元/平,低楼层 (共12层) | 2007年 | 2室1厅 | 73.56平米 | 南,https://s1.ljcdn.com/pegasus/redskull/images/common/default_house_list.png?_v=202311081228217
20231117,朝阳,高碑店,101119425055,CBD东舍 东五环内 交通便利 配套齐全,235万,31947元/平,低楼层 (共12层) | 2007年 | 2室1厅 | 73.56平米 | 南,https://s1.ljcdn.com/pegasus/redskull/images/common/default_house_list.png?_v=202311081228217
20231117,朝阳,高碑店,101119356440,金隅汇星苑特殊户型 高楼层明厨明卫视野好房主自荐,398万,67333元/平,中楼层 (共29层) | 2016年 | 1室1厅 | 59.11平米 | 东 西 北,https://s1.ljcdn.com/pegasus/redskull/images/common/default_house_list.png?_v=202311081228217
20231117,朝阳,高碑店,101119328738,CBD东舍 东五环内 交通便利 楼层高 视野宽阔,400万,25899元/平,高楼层 (共12层) | 2007年 | 1室2厅 | 154.45平米 | 南,https://s1.ljcdn.com/pegasus/redskull/images/common/default_house_list.png?_v=202311081228217
20231117,朝阳,高碑店,101118876479,此房满五年唯一无遮挡不临街2016年小区。房主自荐,585万,65635元/平,中楼层 (共21层) | 2016年 | 3室1厅 | 89.13平米 | 东 南 北,https://ke-image.ljcdn.com/110000-inspection/46009302-f69e-43a9-8e96-6522e4aca103.jpeg!m_fill,w_280,h_210,f_jpg?from=ke.com
