20231117,海淀,皂君庙,101121769163,皂君庙丙4号院 20万精装修拎包入住 低楼层 双地铁必看好房,435万,110127元/平,低楼层 (共6层) | 1999年 | 3室1厅 | 39.5平米 | 东北,https://ke-image.ljcdn.com/110000-inspection/pc1_UVulQMMWP.jpg!m_fill,w_280,h_210,f_jpg?from=ke.com
20231117,海淀,皂君庙,101121753370,皂君庙 带电梯 西南向两居 精装修必看好房,760万,83517元/平,中楼层 (共16层) 2室1厅 | 91平米 | 西南,https://ke-image.ljcdn.com/110000-inspection/pc1_TWYTpROIM.jpg!m_fill,w_280,h_210,f_jpg?from=ke.com
20231117,海淀,皂君庙,101121408651,北三环里 皂君庙丙4号院 精装 南北通透两居室 中间层必看好房,549万,94918元/平,低楼层 (共6层) | 1999年 | 2室1厅 | 57.84平米 | 南 北,https://ke-image.ljcdn.com/110000-inspection/pc1_hfSzrblWQ.jpg!m_fill,w_280,h_210,f_jpg?from=ke.com
20231117,海淀,皂君庙,101121280539,一居 精装 装修很好 南向 采光好 没有遮挡必看好房,375万,92593元/平,高楼层 (共6层) | 1983年 | 1室1厅 | 40.5平米 | 南,https://ke-image.ljcdn.com/110000-inspection/pc1_To5SCcEl5.jpg!m_fill,w_280,h_210,f_jpg?from=ke.com
20231117,海淀,皂君庙,101121212773,青年公寓 1室0厅 北必看好房,375万,89032元/平,中楼层 (共17层) 1室0厅 | 42.12平米 | 北,https://ke-image.ljcdn.com/110000-inspection/pc1_769Umx7dy.jpg!m_fill,w_280,h_210,f_jpg?from=ke.com
20231117,海淀,皂君庙,101121819838,青云南区南北通透满五年唯一两居室必看好房,558万,91777元/平,顶层 (共5层) 2室1厅 | 60.8平米 | 南 北,https://ke-image.ljcdn.com/110000-inspection/pc1_4TorsRcUK.jpg!m_fill,w_280,h_210,f_jpg?from=ke.com
20231117,海淀,皂君庙,101121818907,双榆树南里二区 3室1厅 西 东,660万,101383元/平,高楼层 (共6层) 3室1厅 | 65.1平米 | 西 东,https://ke-image.ljcdn.com/110000-inspection/pc1_FPJ4Tj95e.jpg!m_fill,w_280,h_210,f_jpg?from=ke.com
20231117,海淀,皂君庙,101121788127,农科院教师家属楼 带电梯两居室 南北通透户型好,905万,119551元/平,低楼层 (共18层) 2室1厅 | 75.7平米 | 南 北,https://ke-image.ljcdn.com/110000-inspection/pc1_M1EDTuC5v.jpg!m_fill,w_280,h_210,f_jpg?from=ke.com
20231117,海淀,皂君庙,101121241787,农科院楼龄新一梯两户 明厨明卫 临地铁4号线 魏公村站,795万,130757元/平,中楼层 (共5层) 2室1厅 | 60.8平米 | 南 北,https://ke-image.ljcdn.com/110000-inspection/pc1_zNLqJCfwA.jpg!m_fill,w_280,h_210,f_jpg?from=ke.com
20231117,海淀,皂君庙,101121230691,农科院教师家属楼三居室婚房装修满五年一套自住必看好房,1049万,120853元/平,低楼层 (共18层) | 1999年 | 3室1厅 | 86.8平米 | 东 西南,https://ke-image.ljcdn.com/110000-inspection/pc1_rk96fVAt3.jpg!m_fill,w_280,h_210,f_jpg?from=ke.com
20231117,海淀,皂君庙,101121206375,皂君西里 精装修 满五年 有钥匙看房随时 无抵押,575万,108124元/平,高楼层 (共6层) 2室1厅 | 53.18平米 | 南 北,https://ke-image.ljcdn.com/110000-inspection/pc1_lFZW3J9pQ.jpg!m_fill,w_280,h_210,f_jpg?from=ke.com
20231117,海淀,皂君庙,101121081753,农科院中间楼层南北两居不临街双阳台,698万,110970元/平,中楼层 (共4层) 2室1厅 | 62.9平米 | 南 北,https://ke-image.ljcdn.com/110000-inspection/pc1_iVvhb92vb.jpg!m_fill,w_280,h_210,f_jpg?from=ke.com
20231117,海淀,皂君庙,101120935823,皂君西里 低楼层 停车位充足 不临街 满五福利分房,738万,108085元/平,低楼层 (共6层) | 1987年 | 3室1厅 | 68.28平米 | 南 北,https://ke-image.ljcdn.com/110000-inspection/pc1_wjdiy4zcr.jpg!m_fill,w_280,h_210,f_jpg?from=ke.com
20231117,海淀,皂君庙,101120869058,皂君东里中间楼层八零住二精装小两居室满五年必看好房,528万,92795元/平,低楼层 (共6层) | 1993年 | 2室1厅 | 56.9平米 | 西 东,https://ke-image.ljcdn.com/110000-inspection/pc1_dV0g3vKXS.jpg!m_fill,w_280,h_210,f_jpg?from=ke.com
20231117,海淀,皂君庙,101120744089,农科院小区 中间层 满五唯一央产房必看好房,769万,129899元/平,中楼层 (共5层) 2室1厅 | 59.2平米 | 南 北,https://ke-image.ljcdn.com/110000-inspection/pc1_JNOZFegMy.jpg!m_fill,w_280,h_210,f_jpg?from=ke.com
20231117,海淀,皂君庙,101120697973,皂君东里优质三居室中间楼层不临街停车方便满五唯一必看好房,688万,107500元/平,中楼层 (共6层) 3室1厅 | 64平米 | 南 北,https://ke-image.ljcdn.com/110000-inspection/pc1_EMUxdkLQt.jpg!m_fill,w_280,h_210,f_jpg?from=ke.com
20231117,海淀,皂君庙,101120210910,皂君庙 西南3居 中高楼层 无遮挡必看好房,1010万,78053元/平,中楼层 (共16层) 3室1厅 | 129.4平米 | 西南,https://ke-image.ljcdn.com/110000-inspection/pc1_qNkJH7l7U_1.jpg!m_fill,w_280,h_210,f_jpg?from=ke.com
20231117,海淀,皂君庙,101120122250,皂君西里农科院 南北通透精装三居室 双卧室朝南房主自荐,720万,104957元/平,高楼层 (共6层) | 1988年 | 3室1厅 | 68.6平米 | 南 北,https://ke-image.ljcdn.com/110000-inspection/pc1_exRsiNaux.jpg!m_fill,w_280,h_210,f_jpg?from=ke.com
20231117,海淀,皂君庙,101119068639,中间层 满五唯一 不临街 没有抵押产权清晰必看好房,490万,97223元/平,中楼层 (共5层) | 1981年 | 2室1厅 | 50.4平米 | 南,https://ke-image.ljcdn.com/110000-inspection/pc1_IAUhrMIQD.jpg!m_fill,w_280,h_210,f_jpg?from=ke.com
20231117,海淀,皂君庙,101118885648,皂君庙西里 满五年唯一商品房 中间楼层,580万,107368元/平,中楼层 (共6层) 2室1厅 | 54.02平米 | 南,https://ke-image.ljcdn.com/110000-inspection/pc1_8UGKTz9qy.jpg!m_fill,w_280,h_210,f_jpg?from=ke.com
20231117,海淀,皂君庙,101118275295,鑫雅苑  商品房社区  大三居室必看好房,1490万,95397元/平,低楼层 (共20层) 3室1厅 | 156.19平米 | 东南,https://ke-image.ljcdn.com/110000-inspection/pc1_uL2YDtOI7.jpg!m_fill,w_280,h_210,f_jpg?from=ke.com
20231117,海淀,皂君庙,101118156135,农科院皂君西里南北精装修满5唯一多17平米卧室房主自荐,599万,104356元/平,底层 (共6层) | 1983年 | 2室1厅 | 57.4平米 | 南 北,https://ke-image.ljcdn.com/110000-inspection/pc1_WxYEGtiVc_1.jpg!m_fill,w_280,h_210,f_jpg?from=ke.com
20231117,海淀,皂君庙,101117751041,皂君西里农科院精装修满5年无遮挡两居室房主自荐,560万,97155元/平,中楼层 (共6层) | 1986年 | 2室1厅 | 57.64平米 | 南 北,https://ke-image.ljcdn.com/110000-inspection/pc1_IKsrDCfRm.jpg!m_fill,w_280,h_210,f_jpg?from=ke.com
20231117,海淀,皂君庙,101114446552,海淀 鑫雅苑新小区 业主诚心出售 靠谱签约满五唯一,1020万,95052元/平,中楼层 (共20层) 2室2厅 | 107.31平米 | 西北,https://ke-image.ljcdn.com/110000-inspection/pc1_lNxxnkdrx.jpg!m_fill,w_280,h_210,f_jpg?from=ke.com
20231117,海淀,皂君庙,101121752653,四道口9号院 大客厅两居室 98年的房子 视野开阔采光好必看好房,590万,76228元/平,高楼层 (共6层) 2室1厅 | 77.4平米 | 东 西,https://ke-image.ljcdn.com/110000-inspection/pc1_vbxqO2YTI.jpg!m_fill,w_280,h_210,f_jpg?from=ke.com
20231117,海淀,皂君庙,101120531671,皂君西里农科院 精装南北两居室看房有钥匙,565万,98604元/平,顶层 (共6层) | 1987年 | 2室1厅 | 57.3平米 | 南 北,https://ke-image.ljcdn.com/110000-inspection/pc1_JhvbJkOUX.jpg!m_fill,w_280,h_210,f_jpg?from=ke.com
20231117,海淀,皂君庙,101121882292,双榆树南里精装修一居采光充足视野开阔有钥匙.新上,438万,106960元/平,中楼层 (共6层) 1室1厅 | 40.95平米 | 南,https://ke-image.ljcdn.com/110000-inspection/pc1_xnbxrKAtY.jpg!m_fill,w_280,h_210,f_jpg?from=ke.com
20231117,海淀,皂君庙,101121858023,皂君庙14号院 南北三居 满五年央产房 户型方正采光好新上,1300万,85414元/平,顶层 (共6层) 3室2厅 | 152.2平米 | 南 北,https://ke-image.ljcdn.com/110000-inspection/pc1_FqGhlXXGC.jpg!m_fill,w_280,h_210,f_jpg?from=ke.com
20231117,海淀,皂君庙,101121848337,皂君东里 低楼层精装修两年总成本低新上,415万,113080元/平,底层 (共5层) | 1989年 | 1室1厅 | 36.7平米 | 南,https://ke-image.ljcdn.com/110000-inspection/pc1_WRY7W1tAO.jpg!m_fill,w_280,h_210,f_jpg?from=ke.com
20231117,海淀,皂君庙,101121845621,农影小区电梯三居室 2000年楼龄 农科院新上,1200万,129969元/平,高楼层 (共14层) | 1999年 | 3室1厅 | 92.33平米 | 东南,https://ke-image.ljcdn.com/110000-inspection/pc1_JP8AZSMrT.jpg!m_fill,w_280,h_210,f_jpg?from=ke.com
20231117,海淀,皂君庙,101121759542,皂君庙14号院 3室2厅 南 北,1530万,100526元/平,中楼层 (共6层) 3室2厅 | 152.2平米 | 南 北,https://ke-image.ljcdn.com/110000-inspection/pc1_YiXBnsvVH.jpg!m_fill,w_280,h_210,f_jpg?from=ke.com
20231117,海淀,皂君庙,101121759394,双榆树南里二区 2室1厅 南,660万,111979元/平,低楼层 (共18层) | 1995年 | 2室1厅 | 58.94平米 | 南,https://ke-image.ljcdn.com/110000-inspection/pc1_WkAekgwNf.jpg!m_fill,w_280,h_210,f_jpg?from=ke.com
20231117,海淀,皂君庙,101121748460,农科院 篮球场  车位1600/年 食堂 喷泉 花园 亭 等等,700万,128677元/平,顶层 (共5层) | 1985年 | 2室1厅 | 54.4平米 | 南,https://ke-image.ljcdn.com/110000-inspection/pc1_25gNPrpN9.jpg!m_fill,w_280,h_210,f_jpg?from=ke.com
20231117,海淀,皂君庙,101121733600,农科院教师家属楼 南北通透全明两居 不临街,788万,136498元/平,中楼层 (共5层) | 1990年 | 2室1厅 | 57.73平米 | 南 北,https://ke-image.ljcdn.com/110000-inspection/pc1_rfSQv2zLc.jpg!m_fill,w_280,h_210,f_jpg?from=ke.com
20231117,海淀,皂君庙,101121658785,双榆树南里二区 1室1厅 南,480万,117217元/平,高楼层 (共6层) 1室1厅 | 40.95平米 | 南,https://ke-image.ljcdn.com/110000-inspection/pc1_RIMCtjF9n.jpg!m_fill,w_280,h_210,f_jpg?from=ke.com
20231117,海淀,皂君庙,101121657441,财大家属院 有电梯三居室可以对外交易,690万,101891元/平,中楼层 (共16层) | 1999年 | 3室1厅 | 67.72平米 | 西北,https://ke-image.ljcdn.com/110000-inspection/pc1_jNB9f0P2k.jpg!m_fill,w_280,h_210,f_jpg?from=ke.com
20231117,海淀,皂君庙,101121637535,双榆树南里二区 2室1厅 东,620万,109194元/平,高楼层 (共18层) | 1995年 | 2室1厅 | 56.78平米 | 东,https://ke-image.ljcdn.com/110000-inspection/pc1_OGNZj39DO.jpg!m_fill,w_280,h_210,f_jpg?from=ke.com
20231117,海淀,皂君庙,101121633958,农科院电梯二居室 高楼层视野好,860万,134124元/平,高楼层 (共24层) | 2002年 | 1室1厅 | 64.12平米 | 东南,https://ke-image.ljcdn.com/110000-inspection/pc1_M3b2O7pLp_1.jpg!m_fill,w_280,h_210,f_jpg?from=ke.com
20231117,海淀,皂君庙,101121622975,双榆树南里二区 东西向三居室 中间楼层 业主诚心出售,690万,105991元/平,中楼层 (共6层) 3室1厅 | 65.1平米 | 东 西,https://ke-image.ljcdn.com/110000-inspection/pc1_0oi4cXMug.jpg!m_fill,w_280,h_210,f_jpg?from=ke.com
20231117,海淀,皂君庙,101121592855,双榆树南里二区 1室1厅 南,465万,116542元/平,低楼层 (共6层) | 1987年 | 1室1厅 | 39.9平米 | 南,https://ke-image.ljcdn.com/110000-inspection/pc1_hV1qaWVLu.jpg!m_fill,w_280,h_210,f_jpg?from=ke.com
20231117,海淀,皂君庙,101121571990,青年公寓 优质电梯一居室 业主诚意出售,398万,94966元/平,高楼层 (共17层) 1室1厅 | 41.91平米 | 北,https://ke-image.ljcdn.com/110000-inspection/pc1_aVK43geAm.jpg!m_fill,w_280,h_210,f_jpg?from=ke.com
20231117,海淀,皂君庙,101121558827,皂君庙丙4号院 2室1厅 南,598万,93981元/平,中楼层 (共6层) 2室1厅 | 63.63平米 | 南,https://ke-image.ljcdn.com/110000-inspection/pc1_8dGMIPBSO.jpg!m_fill,w_280,h_210,f_jpg?from=ke.com
20231117,海淀,皂君庙,101121557622,财大家属院对外交易  满五唯一 南北向明厨明卫,625万,102611元/平,顶层 (共6层) | 1982年 | 2室1厅 | 60.91平米 | 南 北,https://ke-image.ljcdn.com/110000-inspection/pc1_pJeYUfCPM.jpg!m_fill,w_280,h_210,f_jpg?from=ke.com
20231117,海淀,皂君庙,101121536285,青年公寓 优质电梯一居室  业主诚意出售,399万,94730元/平,低楼层 (共17层) 1室1厅 | 42.12平米 | 北,https://ke-image.ljcdn.com/110000-inspection/2861a029-c9b7-44c4-80aa-ab85417d1065_1000.jpg!m_fill,w_280,h_210,f_jpg?from=ke.com
20231117,海淀,皂君庙,101121531551,双榆树南里二区 2室1厅 南,605万,121000元/平,高楼层 (共24层) | 1992年 | 2室1厅 | 50平米 | 南,https://ke-image.ljcdn.com/110000-inspection/pc1_1IWGp8UHl.jpg!m_fill,w_280,h_210,f_jpg?from=ke.com
20231117,海淀,皂君庙,101121517912,皂君东里 低楼层 低预算 两居房主自荐,515万,99807元/平,底层 (共6层) | 1983年 | 2室1厅 | 51.6平米 | 东 北,https://ke-image.ljcdn.com/110000-inspection/pc1_JAzMdAW2B.jpg!m_fill,w_280,h_210,f_jpg?from=ke.com
20231117,海淀,皂君庙,101121490610,天作国际2008年商品房地铁4号线魏公村和人民大学站,407万,104924元/平,高楼层 (共9层) | 2006年 | 1室0厅 | 38.79平米 | 南,https://ke-image.ljcdn.com/110000-inspection/pc1_sZXdVzU2u.jpg!m_fill,w_280,h_210,f_jpg?from=ke.com
20231117,海淀,皂君庙,101121463775,数码大厦 1室1厅 西,620万,72617元/平,高楼层 (共16层) 1室1厅 | 85.38平米 | 西,https://ke-image.ljcdn.com/110000-inspection/pc1_kdG2uwiHt.jpg!m_fill,w_280,h_210,f_jpg?from=ke.com
20231117,海淀,皂君庙,101121420282,皂君东里电梯房南向格局管理好满五年唯一看房随时,720万,108598元/平,中楼层 (共16层) | 1994年 | 2室1厅 | 66.3平米 | 南,https://ke-image.ljcdn.com/110000-inspection/pc1_Jovg6HKRS.jpg!m_fill,w_280,h_210,f_jpg?from=ke.com
20231117,海淀,皂君庙,101121412181,双榆树南里二区 3室1厅 南 北,1000万,116212元/平,顶层 (共5层) | 1989年 | 3室1厅 | 86.05平米 | 南 北,https://ke-image.ljcdn.com/110000-inspection/pc1_aJQ2o4jCr.jpg!m_fill,w_280,h_210,f_jpg?from=ke.com
20231117,海淀,皂君庙,101121397426,财大家属院 南向三居室有电梯,720万,94081元/平,中楼层 (共16层) | 2000年 | 3室1厅 | 76.53平米 | 南,https://ke-image.ljcdn.com/110000-inspection/pc1_tWcxpRqgj.jpg!m_fill,w_280,h_210,f_jpg?from=ke.com
20231117,海淀,皂君庙,101121385096,皂君庙农科院 中间两居室 阳光好 看房方便,750万,137868元/平,中楼层 (共5层) 2室1厅 | 54.4平米 | 南,https://ke-image.ljcdn.com/110000-inspection/pc1_HnlIvwFe9.jpg!m_fill,w_280,h_210,f_jpg?from=ke.com
20231117,海淀,皂君庙,101121384072,农科院小区央产大院业主自住,1199万,148392元/平,高楼层 (共24层) 2室1厅 | 80.8平米 | 东南,https://ke-image.ljcdn.com/110000-inspection/pc1_Ilys21phJ.jpg!m_fill,w_280,h_210,f_jpg?from=ke.com
20231117,海淀,皂君庙,101121378249,农科院 2室1厅 南 北,680万,110750元/平,顶层 (共6层) | 1992年 | 2室1厅 | 61.4平米 | 南 北,https://ke-image.ljcdn.com/110000-inspection/pc1_29pU0Mtyl.jpg!m_fill,w_280,h_210,f_jpg?from=ke.com
20231117,海淀,皂君庙,101121356535,皂君东里  94的房子小区干净 户型好 客厅大,620万,106897元/平,低楼层 (共6层) 2室1厅 | 58平米 | 南 北,https://ke-image.ljcdn.com/110000-inspection/pc1_yGKic8aq6.jpg!m_fill,w_280,h_210,f_jpg?from=ke.com
20231117,海淀,皂君庙,101121332589,财大家属院  满五年唯一住房 诚意出售,590万,105433元/平,顶层 (共5层) 2室1厅 | 55.96平米 | 南 北,https://ke-image.ljcdn.com/110000-inspection/pc1_OnzEZyrOt.jpg!m_fill,w_280,h_210,f_jpg?from=ke.com
20231117,海淀,皂君庙,101121270645,皂君庙丙四号大钟寺正规客厅采光好视野棒,728万,99686元/平,顶层 (共6层) 2室2厅 | 73.03平米 | 南 北,https://ke-image.ljcdn.com/110000-inspection/21ab3fc7-37b7-4b8d-a7df-6468aeac6803_1000.jpg!m_fill,w_280,h_210,f_jpg?from=ke.com
20231117,海淀,皂君庙,101121270323,鑫雅苑 西北朝向两居室大客厅 明卫,1060万,98780元/平,中楼层 (共20层) 2室1厅 | 107.31平米 | 西北,https://ke-image.ljcdn.com/110000-inspection/pc1_KyKFK9CSD.jpg!m_fill,w_280,h_210,f_jpg?from=ke.com
20231117,海淀,皂君庙,101121249933,学院南路皂君庙皂君东里 敞亮两居,589万,97356元/平,顶层 (共6层) | 1987年 | 2室1厅 | 60.5平米 | 南 北,https://ke-image.ljcdn.com/110000-inspection/pc1_zY3imwJfT.jpg!m_fill,w_280,h_210,f_jpg?from=ke.com
20231117,海淀,皂君庙,101121234987,双榆树南里二区 3室1厅 南 北,755万,104542元/平,低楼层 (共6层) 3室1厅 | 72.22平米 | 南 北,https://ke-image.ljcdn.com/110000-inspection/pc1_Wwx7RcP0G.jpg!m_fill,w_280,h_210,f_jpg?from=ke.com
20231117,海淀,皂君庙,101121226306,天作国际2008年商品房临近地铁500米位置好,430万,111255元/平,中楼层 (共9层) 1室1厅 | 38.65平米 | 北,https://ke-image.ljcdn.com/110000-inspection/pc1_9bMvAo04h.jpg!m_fill,w_280,h_210,f_jpg?from=ke.com
20231117,海淀,皂君庙,101121216957,皂君东里南北通透全明格局小区干净,585万,99830元/平,中楼层 (共5层) | 1988年 | 2室1厅 | 58.6平米 | 南 北,https://ke-image.ljcdn.com/110000-inspection/pc1_zPZptmcyv.jpg!m_fill,w_280,h_210,f_jpg?from=ke.com
20231117,海淀,皂君庙,101121210098,青年公寓 1室1厅 南房主自荐,435万,104568元/平,高楼层 (共17层) | 1992年 | 1室1厅 | 41.6平米 | 南,https://ke-image.ljcdn.com/110000-inspection/pc1_K77iVOh3U.jpg!m_fill,w_280,h_210,f_jpg?from=ke.com
20231117,海淀,皂君庙,101121182534,天作国际大户型电梯房近地铁260米,838万,103355元/平,低楼层 (共9层) 1室1厅 | 81.08平米 | 北,https://ke-image.ljcdn.com/110000-inspection/pc1_U8vE89Atm.jpg!m_fill,w_280,h_210,f_jpg?from=ke.com
20231117,海淀,皂君庙,101121161803,4号线魏公村地铁附近 08年商品房 中间层带电梯,398万,93714元/平,中楼层 (共9层) | 2006年 | 1室0厅 | 42.47平米 | 北,https://ke-image.ljcdn.com/110000-inspection/pc1_x3NckiTI3_1.jpg!m_fill,w_280,h_210,f_jpg?from=ke.com
20231117,海淀,皂君庙,101121153841,农科院明厨明卫两居  临地铁4号线魏公村站  央产房,920万,144882元/平,底层 (共4层) | 1963年 | 2室1厅 | 63.5平米 | 南 北,https://ke-image.ljcdn.com/110000-inspection/pc1_gkU8OtW5h.jpg!m_fill,w_280,h_210,f_jpg?from=ke.com
20231117,海淀,皂君庙,101121148831,中关村皂君庙双榆树南北两居室看房方便中间楼层,628万,108258元/平,中楼层 (共6层) 2室1厅 | 58.01平米 | 南 北,https://ke-image.ljcdn.com/110000-inspection/pc1_M0CAbiauu.jpg!m_fill,w_280,h_210,f_jpg?from=ke.com
20231117,海淀,皂君庙,101121142374,学院南路皂君庙随时前约好房 两居,620万,101473元/平,顶层 (共6层) | 1980年 | 2室1厅 | 61.1平米 | 南 北,https://ke-image.ljcdn.com/110000-inspection/pc1_ovht5Vptp.jpg!m_fill,w_280,h_210,f_jpg?from=ke.com
20231117,海淀,皂君庙,101121112275,四道口5号院 三室两厅两卫 中间层 适合一家三代,1450万,122819元/平,中楼层 (共7层) | 1997年 | 3室1厅 | 118.06平米 | 南 北,https://ke-image.ljcdn.com/110000-inspection/pc1_pqQ3gdLaM.jpg!m_fill,w_280,h_210,f_jpg?from=ke.com
20231117,海淀,皂君庙,101121110283,皂君庙乙2号院大钟寺农科院,675万,103687元/平,低楼层 (共6层) 2室1厅 | 65.1平米 | 南 北,https://ke-image.ljcdn.com/110000-inspection/pc1_QC4XRHbAO.jpg!m_fill,w_280,h_210,f_jpg?from=ke.com
20231117,海淀,皂君庙,101121098242,皂君东里 中间层楼间距宽无遮挡 户型方正 满五年唯一房主自荐,418万,114208元/平,中楼层 (共5层) 1室1厅 | 36.6平米 | 南,https://ke-image.ljcdn.com/110000-inspection/pc1_FGmqeOH1a.jpg!m_fill,w_280,h_210,f_jpg?from=ke.com
20231117,海淀,皂君庙,101121096318,皂君庙甲2号院 2室1厅 南 北,650万,105178元/平,高楼层 (共6层) 2室1厅 | 61.8平米 | 南 北,https://ke-image.ljcdn.com/110000-inspection/pc1_F6FM35FKi_1.jpg!m_fill,w_280,h_210,f_jpg?from=ke.com
20231117,海淀,皂君庙,101121068685,皂君庙14号院 2室1厅 东 西,1145万,113143元/平,高楼层 (共6层) 2室1厅 | 101.2平米 | 东 西,https://ke-image.ljcdn.com/110000-inspection/pc1_r0TMOnWG2.jpg!m_fill,w_280,h_210,f_jpg?from=ke.com
20231117,海淀,皂君庙,101121056432,大钟寺甲133号院  低楼层 满五唯一单位分房,600万,92736元/平,低楼层 (共6层) | 1985年 | 2室1厅 | 64.7平米 | 南 北,https://ke-image.ljcdn.com/110000-inspection/pc1_OLCHtf7Rd_1.jpg!m_fill,w_280,h_210,f_jpg?from=ke.com
20231117,海淀,皂君庙,101121014998,鑫雅苑 三环内2000年 商品房社区 视野好,1050万,97848元/平,中楼层 (共20层) | 2000年 | 2室2厅 | 107.31平米 | 西北,https://ke-image.ljcdn.com/110000-inspection/pc1_BOZVteJNE.jpg!m_fill,w_280,h_210,f_jpg?from=ke.com
20231117,海淀,皂君庙,101121010477,农影小区南北向精装修两居室诚心出售,1010万,129821元/平,中楼层 (共14层) | 1999年 | 2室1厅 | 77.8平米 | 南 北,https://ke-image.ljcdn.com/110000-inspection/pc1_mn375DmlI.jpg!m_fill,w_280,h_210,f_jpg?from=ke.com
20231117,海淀,皂君庙,101121003883,财大家属院 低楼层一居 不临街 采光无遮挡 交通便利,480万,118724元/平,中楼层 (共5层) | 1981年 | 1室1厅 | 40.43平米 | 南,https://ke-image.ljcdn.com/110000-inspection/pc1_IJHOxSZH9.jpg!m_fill,w_280,h_210,f_jpg?from=ke.com
20231117,海淀,皂君庙,101120991127,海淀皂君庙大钟寺精装修一居。,420万,98894元/平,高楼层 (共6层) | 1999年 | 1室1厅 | 42.47平米 | 南,https://ke-image.ljcdn.com/110000-inspection/pc1_Ue9qzLv1B.jpg!m_fill,w_280,h_210,f_jpg?from=ke.com
20231117,海淀,皂君庙,101120969253,4号线人民大学地铁 双安南边 朝南两居 中间层满五年,698万,106728元/平,中楼层 (共5层) | 1961年 | 2室1厅 | 65.4平米 | 南,https://ke-image.ljcdn.com/110000-inspection/pc1_zuUjBfMm1.jpg!m_fill,w_280,h_210,f_jpg?from=ke.com
20231117,海淀,皂君庙,101120969174,精装三居室 农科院 中关村南大街12号,1580万,139122元/平,低楼层 (共24层) 3室1厅 | 113.57平米 | 东南,https://ke-image.ljcdn.com/110000-inspection/pc1_TqnzDyDUk_1.jpg!m_fill,w_280,h_210,f_jpg?from=ke.com
20231117,海淀,皂君庙,101120965239,青年公寓 高楼层一居室 南向采光足 视野好房主自荐,418万,101408元/平,高楼层 (共17层) 1室1厅 | 41.22平米 | 南,https://ke-image.ljcdn.com/110000-inspection/pc1_nBg0CV4ug.jpg!m_fill,w_280,h_210,f_jpg?from=ke.com
20231117,海淀,皂君庙,101120956196,农科院南北四居室三卧朝南一卧朝北,1300万,138005元/平,顶层 (共3层) | 1960年 | 4室1厅 | 94.2平米 | 南 北,https://ke-image.ljcdn.com/110000-inspection/pc1_zLgHqfZRI.jpg!m_fill,w_280,h_210,f_jpg?from=ke.com
20231117,海淀,皂君庙,101120955303,青年公寓 南向一居室 楼层高 视野好,400万,97041元/平,高楼层 (共17层) | 1992年 | 1室0厅 | 41.22平米 | 南,https://ke-image.ljcdn.com/110000-inspection/pc1_OSQXgmTld.jpg!m_fill,w_280,h_210,f_jpg?from=ke.com
20231117,海淀,皂君庙,101120938688,全明格局 一层 不临街 没有抵押 产权清晰,580万,101577元/平,底层 (共6层) | 1983年 | 2室1厅 | 57.1平米 | 南,https://ke-image.ljcdn.com/110000-inspection/pc1_TVQydQiv1.jpg!m_fill,w_280,h_210,f_jpg?from=ke.com
20231117,海淀,皂君庙,101120936139,青年公寓 1室1厅 南,416万,100922元/平,高楼层 (共17层) 1室1厅 | 41.22平米 | 南,https://ke-image.ljcdn.com/110000-inspection/pc1_cCQx4qjUA.jpg!m_fill,w_280,h_210,f_jpg?from=ke.com
20231117,海淀,皂君庙,101120922378,皂君东里农科院精装自住两居室总价优惠房主自荐,399万,69032元/平,地下室 (共6层) | 1994年 | 2室1厅 | 57.8平米 | 南 北,https://ke-image.ljcdn.com/110000-inspection/pc1_vqKwECugg.jpg!m_fill,w_280,h_210,f_jpg?from=ke.com
20231117,海淀,皂君庙,101120917576,皂君东里 2室1厅 南 北,562万,98770元/平,顶层 (共6层) | 1987年 | 2室1厅 | 56.9平米 | 南 北,https://ke-image.ljcdn.com/110000-inspection/pc1_LwBFmWVf8.jpg!m_fill,w_280,h_210,f_jpg?from=ke.com
20231117,海淀,皂君庙,101120912764,皂君庙农科院皂君庙14号院,1098万,93368元/平,顶层 (共6层) | 2000年 | 3室1厅 | 117.6平米 | 东 北 东北,https://ke-image.ljcdn.com/110000-inspection/pc1_erA3hgqmu.jpg!m_fill,w_280,h_210,f_jpg?from=ke.com
20231117,海淀,皂君庙,101120906337,双榆树南里二区 环境好  好停车  南北通透  中间层,886万,113955元/平,中楼层 (共6层) 3室1厅 | 77.75平米 | 南 北,https://ke-image.ljcdn.com/110000-inspection/pc1_4laHY1EQm.jpg!m_fill,w_280,h_210,f_jpg?from=ke.com
20231117,海淀,皂君庙,101120894372,双榆树南里电梯三居双阳台楼道干净格局方正不临街,950万,116880元/平,低楼层 (共18层) 3室1厅 | 81.28平米 | 西南,https://ke-image.ljcdn.com/110000-inspection/pc1_tJHUnI8nQ.jpg!m_fill,w_280,h_210,f_jpg?from=ke.com
20231117,海淀,皂君庙,101120880796,精装 满五年唯一 南北通透 采光好 视野好,640万,110727元/平,高楼层 (共6层) | 1983年 | 2室1厅 | 57.8平米 | 南 北,https://ke-image.ljcdn.com/110000-inspection/pc1_OOiFWcZvL.jpg!m_fill,w_280,h_210,f_jpg?from=ke.com
20231117,海淀,皂君庙,101120878778,鑫雅苑 满五唯一  层高三米 电梯高层 采光好,1028万,99913元/平,中楼层 (共20层) 2室1厅 | 102.89平米 | 西北,https://ke-image.ljcdn.com/110000-inspection/pc1_Y4zS1RaqV_1.jpg!m_fill,w_280,h_210,f_jpg?from=ke.com
20231117,海淀,皂君庙,101120872472,中关村南大街乙8号 2室1厅 南 北,739万,130221元/平,中楼层 (共5层) 2室1厅 | 56.75平米 | 南 北,https://ke-image.ljcdn.com/110000-inspection/pc1_4duEtsLqs.jpg!m_fill,w_280,h_210,f_jpg?from=ke.com
20231117,海淀,皂君庙,101120868728,皂君庙 大钟寺 低楼层 精装修房主自荐,600万,103933元/平,低楼层 (共6层) | 1994年 | 2室1厅 | 57.73平米 | 南 北,https://ke-image.ljcdn.com/110000-inspection/pc1_ZyhMHoDWt.jpg!m_fill,w_280,h_210,f_jpg?from=ke.com
20231117,海淀,皂君庙,101120846316,皂君庙甲7号院  大钟寺 皂君庙 西直门 两居室,545万,85800元/平,高楼层 (共6层) 2室1厅 | 63.52平米 | 东 西,https://ke-image.ljcdn.com/110000-inspection/pc1_qukRRm7s9.jpg!m_fill,w_280,h_210,f_jpg?from=ke.com
20231117,海淀,皂君庙,101120825918,皂君庙14号院 南北通透两居室 诚心出售,825万,110590元/平,低楼层 (共6层) | 1994年 | 2室1厅 | 74.6平米 | 南 北,https://ke-image.ljcdn.com/110000-inspection/pc1_G73roUGLe.jpg!m_fill,w_280,h_210,f_jpg?from=ke.com
20231117,海淀,皂君庙,101120825380,皂君庙 精装修南北通透 精装修拎包入住两居室房主自荐,690万,91744元/平,顶层 (共6层) 2室1厅 | 75.21平米 | 南 北,https://ke-image.ljcdn.com/110000-inspection/e4bdd346-5018-4f44-8cf5-7b96dc21f106_1000.jpg!m_fill,w_280,h_210,f_jpg?from=ke.com
20231117,海淀,皂君庙,101120809640,财大家属院 南北通透 全明两居 不临街 停车方便,610万,108426元/平,顶层 (共4层) 2室1厅 | 56.26平米 | 南 北,https://ke-image.ljcdn.com/110000-inspection/pc1_uCNiwyKNt.jpg!m_fill,w_280,h_210,f_jpg?from=ke.com
20231117,海淀,皂君庙,101120715775,大钟寺 皂君庙 皂君东里南北向双阳台两居室 满五唯一房主自荐,583万,99659元/平,底层 (共5层) 2室1厅 | 58.5平米 | 南 北,https://ke-image.ljcdn.com/110000-inspection/pc1_rhsaRTwW8.jpg!m_fill,w_280,h_210,f_jpg?from=ke.com
20231117,海淀,皂君庙,101120713487,皂君庙 南北三居 前后无遮挡 不临街,680万,104939元/平,高楼层 (共6层) | 1985年 | 3室1厅 | 64.8平米 | 南 北,https://ke-image.ljcdn.com/110000-inspection/pc1_yBAkosxZU.jpg!m_fill,w_280,h_210,f_jpg?from=ke.com
20231117,海淀,皂君庙,101120699176,皂君西里 烟厂宿舍 满五唯一 停车方便,550万,95156元/平,顶层 (共6层) | 1985年 | 2室1厅 | 57.8平米 | 南 北,https://ke-image.ljcdn.com/110000-inspection/pc1_K6lcLZMKc.jpg!m_fill,w_280,h_210,f_jpg?from=ke.com
20231117,海淀,皂君庙,101120698021,皂君庙甲16号院 99年央产社区 单独管理房主自荐,1100万,101196元/平,顶层 (共16层) | 1999年 | 2室2厅 | 108.7平米 | 东 南,https://ke-image.ljcdn.com/110000-inspection/pc1_MeDC5JI1r.jpg!m_fill,w_280,h_210,f_jpg?from=ke.com
20231117,海淀,皂君庙,101120684400,皂君西里 南北通透 停车位充足 满五唯一,598万,103461元/平,中楼层 (共6层) | 1985年 | 2室1厅 | 57.8平米 | 南 北,https://ke-image.ljcdn.com/110000-inspection/pc1_aguEMf8tg.jpg!m_fill,w_280,h_210,f_jpg?from=ke.com
20231117,海淀,皂君庙,101120674593,皂君东里 大钟寺 南北两居 满五年唯一 比邻中财,549万,92440元/平,高楼层 (共6层) | 1993年 | 2室1厅 | 59.39平米 | 南 北,https://ke-image.ljcdn.com/110000-inspection/pc1_rCq7AjwKt.jpg!m_fill,w_280,h_210,f_jpg?from=ke.com
20231117,海淀,皂君庙,101120562089,大钟寺 皂君庙 南北通透一居室 精装修,455万,95810元/平,顶层 (共6层) | 1994年 | 1室1厅 | 47.49平米 | 南 北,https://ke-image.ljcdn.com/110000-inspection/pc1_786wfbdnX.jpg!m_fill,w_280,h_210,f_jpg?from=ke.com
20231117,海淀,皂君庙,101120524846,青云南区满五年南北通透低楼层两居室,638万,96375元/平,中楼层 (共5层) | 1961年 | 2室1厅 | 66.2平米 | 南 北,https://ke-image.ljcdn.com/110000-inspection/pc1_R0Zj3jTPG.jpg!m_fill,w_280,h_210,f_jpg?from=ke.com
20231117,海淀,皂君庙,101120517221,中关村南大街甲8号 低楼层三居室 产权满五年央产房,1450万,114652元/平,底层 (共7层) 3室2厅 | 126.47平米 | 南 北,https://ke-image.ljcdn.com/110000-inspection/pc1_zfDha2pY5.jpg!m_fill,w_280,h_210,f_jpg?from=ke.com
20231117,海淀,皂君庙,101120512992,皂君庙双榆树南里  精装两居室 南北通透 诚心出售,588万,101362元/平,高楼层 (共6层) | 1988年 | 2室1厅 | 58.01平米 | 南 北,https://ke-image.ljcdn.com/110000-inspection/pc1_I7yjiU9VE.jpg!m_fill,w_280,h_210,f_jpg?from=ke.com
20231117,海淀,皂君庙,101120478701,青云南区低楼层南向全明格局一居室,418万,120462元/平,底层 (共5层) 1室0厅 | 34.7平米 | 南,https://ke-image.ljcdn.com/110000-inspection/pc1_aCiHZEh1E.jpg!m_fill,w_280,h_210,f_jpg?from=ke.com
20231117,海淀,皂君庙,101120415458,鑫雅苑 优质两居室 户型好用 诚心出售,1060万,99438元/平,中楼层 (共20层) | 2000年 | 2室1厅 | 106.6平米 | 东南,https://ke-image.ljcdn.com/110000-inspection/pc1_ZjCAPcdcM.jpg!m_fill,w_280,h_210,f_jpg?from=ke.com
20231117,海淀,皂君庙,101120405088,农科院 农科院教师家属楼 关村南大街12号,529万,120337元/平,中楼层 (共5层) 1室1厅 | 43.96平米 | 南,https://ke-image.ljcdn.com/110000-inspection/095eae89-abb0-4efd-a6f7-cd00818ea5ad_1000.jpg!m_fill,w_280,h_210,f_jpg?from=ke.com
20231117,海淀,皂君庙,101120336686,满五唯一商品房 业主诚心出售 看房方便 采光好,480万,94862元/平,顶层 (共5层) 2室1厅 | 50.6平米 | 南,https://ke-image.ljcdn.com/110000-inspection/pc1_OBLNjfC92.jpg!m_fill,w_280,h_210,f_jpg?from=ke.com
20231117,海淀,皂君庙,101120332374,天作国际2008年商品房精装修婚房临近地铁诚售,558万,103950元/平,低楼层 (共9层) 1室1厅 | 53.68平米 | 南,https://ke-image.ljcdn.com/110000-inspection/pc1_QdYzT8JHM.jpg!m_fill,w_280,h_210,f_jpg?from=ke.com
20231117,海淀,皂君庙,101120283809,皂君东里 1室1厅 南房主自荐,578万,108852元/平,高楼层 (共16层) | 1991年 | 1室1厅 | 53.1平米 | 南,https://ke-image.ljcdn.com/110000-inspection/pc1_VJ7LtD7u8.jpg!m_fill,w_280,h_210,f_jpg?from=ke.com
20231117,海淀,皂君庙,101120192620,皂君东里 3室1厅 东 西房主自荐,777万,99234元/平,中楼层 (共6层) | 1993年 | 3室1厅 | 78.3平米 | 东 西,https://ke-image.ljcdn.com/110000-inspection/pc1_Eodzk0gs7.jpg!m_fill,w_280,h_210,f_jpg?from=ke.com
20231117,海淀,皂君庙,101120168417,中关村皂君庙双榆树南里二区南北两居中间楼层,573万,100580元/平,中楼层 (共6层) | 1988年 | 2室1厅 | 56.97平米 | 南 北,https://ke-image.ljcdn.com/110000-inspection/pc1_udNCGoM7q.jpg!m_fill,w_280,h_210,f_jpg?from=ke.com
20231117,海淀,皂君庙,101120161866,皂君庙甲16号院 东南向两居 98年央产社区,1098万,101012元/平,高楼层 (共16层) | 1998年 | 2室1厅 | 108.7平米 | 东南,https://ke-image.ljcdn.com/110000-inspection/pc1_4hwNSp25y.jpg!m_fill,w_280,h_210,f_jpg?from=ke.com
20231117,海淀,皂君庙,101120042265,皂君东里 3室1厅 东 西房主自荐,699万,89273元/平,高楼层 (共6层) | 1988年 | 3室1厅 | 78.3平米 | 东 西,https://ke-image.ljcdn.com/110000-inspection/pc1_y3JOBrSUj.jpg!m_fill,w_280,h_210,f_jpg?from=ke.com
20231117,海淀,皂君庙,101120031817,天作国际满五年家庭唯一间好楼层采光好没有遮挡,417万,107502元/平,中楼层 (共9层) | 2008年 | 1室0厅 | 38.79平米 | 南,https://ke-image.ljcdn.com/110000-inspection/pc1_oMhecEiZl_1.jpg!m_fill,w_280,h_210,f_jpg?from=ke.com
20231117,海淀,皂君庙,101120007006,4号线人民大学地铁站 板楼中间层 两居带客厅 南北通透,838万,105053元/平,低楼层 (共6层) 2室1厅 | 79.77平米 | 南 北,https://ke-image.ljcdn.com/110000-inspection/pc1_oGpDTpxJo.jpg!m_fill,w_280,h_210,f_jpg?from=ke.com
20231117,海淀,皂君庙,101119995027,皂君东里 满五年唯一高层采光视野好交通便利,540万,94904元/平,高楼层 (共6层) | 1993年 | 2室1厅 | 56.9平米 | 东 西,https://ke-image.ljcdn.com/110000-inspection/pc1_J48Wnlcj2.jpg!m_fill,w_280,h_210,f_jpg?from=ke.com
20231117,海淀,皂君庙,101119970103,学院南路 皂君庙东里 南北通透二居室 满五年唯一,585万,103724元/平,中楼层 (共6层) 2室1厅 | 56.4平米 | 南 北,https://ke-image.ljcdn.com/110000-inspection/pc1_p0m12BpZi.jpg!m_fill,w_280,h_210,f_jpg?from=ke.com
20231117,海淀,皂君庙,101119851704,皂君西里精装中间层一居单独管理采光视野都很好,419万,103457元/平,高楼层 (共6层) | 1983年 | 1室1厅 | 40.5平米 | 南,https://ke-image.ljcdn.com/110000-inspection/pc1_tV9uOHtwB.jpg!m_fill,w_280,h_210,f_jpg?from=ke.com
20231117,海淀,皂君庙,101119851546,农科院内电梯楼三居 楼龄新小区环境好停车方便,1130万,129886元/平,底层 (共18层) 3室1厅 | 87平米 | 东南,https://ke-image.ljcdn.com/110000-inspection/pc1_ysLcFiESI.jpg!m_fill,w_280,h_210,f_jpg?from=ke.com
20231117,海淀,皂君庙,101119823678,北三环里 皂君东里 南向 全明两居室 诚心卖 看房方便,580万,101222元/平,顶层 (共6层) 2室1厅 | 57.3平米 | 南,https://ke-image.ljcdn.com/110000-inspection/pc1_qcg5S0Ue7.jpg!m_fill,w_280,h_210,f_jpg?from=ke.com
20231117,海淀,皂君庙,101119819040,青云南区 中间楼层 南北两居室 满五年唯一单位分房,930万,111712元/平,中楼层 (共6层) 2室1厅 | 83.25平米 | 南 北,https://ke-image.ljcdn.com/110000-inspection/pc1_h0ZCycj7E.jpg!m_fill,w_280,h_210,f_jpg?from=ke.com
20231117,海淀,皂君庙,101119788807,青年公寓 1室1厅 北,390万,92593元/平,中楼层 (共17层) | 1992年 | 1室1厅 | 42.12平米 | 北,https://ke-image.ljcdn.com/110000-inspection/pc1_2URypmeMk.jpg!m_fill,w_280,h_210,f_jpg?from=ke.com
20231117,海淀,皂君庙,101119736406,双榆树青年公寓 中间层朝南向 双地铁 产权满五年唯一,430万,103366元/平,中楼层 (共17层) | 1992年 | 1室1厅 | 41.6平米 | 南,https://ke-image.ljcdn.com/110000-inspection/pc1_mTimukgXa.jpg!m_fill,w_280,h_210,f_jpg?from=ke.com
20231117,海淀,皂君庙,101119677001,皂君庙 皂君东里 紧凑两居 安静 难得2层 独立管理房主自荐,510万,99222元/平,低楼层 (共6层) 2室1厅 | 51.4平米 | 东北,https://ke-image.ljcdn.com/110000-inspection/pc1_nRIz5Xsfv.jpg!m_fill,w_280,h_210,f_jpg?from=ke.com
20231117,海淀,皂君庙,101119576479,皂君庙丙2号环保宿舍全明户型中间楼层随时签约,645万,102219元/平,中楼层 (共6层) | 1989年 | 2室1厅 | 63.1平米 | 南 北,https://ke-image.ljcdn.com/110000-inspection/pc1_1ACI6g8cN.jpg!m_fill,w_280,h_210,f_jpg?from=ke.com
20231117,海淀,皂君庙,101119551557,皂君庙2号院  南北通透 田字格 三居室,805万,89148元/平,高楼层 (共6层) 3室1厅 | 90.3平米 | 南 北,https://ke-image.ljcdn.com/110000-inspection/pc1_z5hJA5BIo.jpg!m_fill,w_280,h_210,f_jpg?from=ke.com
20231117,海淀,皂君庙,101119544880,明厨明卫两居 精装修 邻近大钟寺地铁 今日头条,560万,96055元/平,顶层 (共6层) | 1985年 | 2室1厅 | 58.3平米 | 南,https://ke-image.ljcdn.com/110000-inspection/pc1_QhInPlepB.jpg!m_fill,w_280,h_210,f_jpg?from=ke.com
20231117,海淀,皂君庙,101119517450,鑫雅苑 全明格局 满五唯一 精装修 出行便利,980万,91325元/平,低楼层 (共20层) | 2000年 | 2室1厅 | 107.31平米 | 西北,https://ke-image.ljcdn.com/110000-inspection/pc1_QGWwnip0l.jpg!m_fill,w_280,h_210,f_jpg?from=ke.com
20231117,海淀,皂君庙,101119511960,海淀  农科院 双安 皂君庙丙4号 中间层 大客厅 双阳台,640万,102172元/平,中楼层 (共6层) 2室1厅 | 62.64平米 | 南 北,https://ke-image.ljcdn.com/110000-inspection/pc1_gofywfJ85.jpg!m_fill,w_280,h_210,f_jpg?from=ke.com
20231117,海淀,皂君庙,101119482557,皂君庙 带电梯 中高层 双南向,815万,117098元/平,高楼层 (共16层) 2室1厅 | 69.6平米 | 东南,https://ke-image.ljcdn.com/110000-inspection/pc1_IDBVzxjZP.jpg!m_fill,w_280,h_210,f_jpg?from=ke.com
20231117,海淀,皂君庙,101119466343,94年板楼 两居带客厅 满五唯一  13号线大钟寺地铁,620万,102311元/平,中楼层 (共6层) | 1994年 | 2室1厅 | 60.6平米 | 南 北,https://ke-image.ljcdn.com/110000-inspection/pc1_EJTouBmVE.jpg!m_fill,w_280,h_210,f_jpg?from=ke.com
20231117,海淀,皂君庙,101119410122,财大家属院 精装修 中间楼层三居室,860万,111069元/平,低楼层 (共6层) 3室1厅 | 77.43平米 | 南 北,https://ke-image.ljcdn.com/110000-inspection/pc1_USeEtXu86.jpg!m_fill,w_280,h_210,f_jpg?from=ke.com
20231117,海淀,皂君庙,101119404449,双榆树南里 一居室 环境好  停车方便 单位分房 楼层好,500万,122101元/平,低楼层 (共6层) 1室1厅 | 40.95平米 | 南,https://ke-image.ljcdn.com/110000-inspection/pc1_VXUoQGNM4.jpg!m_fill,w_280,h_210,f_jpg?from=ke.com
20231117,海淀,皂君庙,101119368818,西直门皂君庙农科院南北通透两居室,920万,110551元/平,低楼层 (共6层) 2室1厅 | 83.22平米 | 南 北,https://ke-image.ljcdn.com/110000-inspection/pc1_mwzTUMaSI.jpg!m_fill,w_280,h_210,f_jpg?from=ke.com
20231117,海淀,皂君庙,101119354534,天作国际中心 满五唯一 优质好房房主自荐,435万,112143元/平,中楼层 (共9层) 1室1厅 | 38.79平米 | 南,https://ke-image.ljcdn.com/110000-inspection/a4e0620a-a554-4ce6-926e-cfb77ab73b2f_1000.jpg!m_fill,w_280,h_210,f_jpg?from=ke.com
20231117,海淀,皂君庙,101119341323,中关村皂君庙精装修经典一居室诚心出售,386万,91643元/平,中楼层 (共17层) | 1992年 | 1室1厅 | 42.12平米 | 北,https://ke-image.ljcdn.com/110000-inspection/pc1_LrWI2rjyh.jpg!m_fill,w_280,h_210,f_jpg?from=ke.com
20231117,海淀,皂君庙,101119339567,供电局单位福利分房电梯两居室,530万,114225元/平,中楼层 (共24层) | 1992年 | 2室1厅 | 46.4平米 | 南,https://ke-image.ljcdn.com/110000-inspection/pc1_oqwP9RdTj.jpg!m_fill,w_280,h_210,f_jpg?from=ke.com
20231117,海淀,皂君庙,101119325156,皂君庙 两居室 诚心出售 随时可看,510万,80290元/平,顶层 (共6层) 2室1厅 | 63.52平米 | 东 西,https://ke-image.ljcdn.com/110000-inspection/pc1_JA6vCeoIq.jpg!m_fill,w_280,h_210,f_jpg?from=ke.com
20231117,海淀,皂君庙,101119307693,南北通透 交通便利 小区环境好 停车方便 随时签约,575万,99121元/平,顶层 (共6层) 2室1厅 | 58.01平米 | 南 北,https://ke-image.ljcdn.com/110000-inspection/pc1_P8OfAzdTw.jpg!m_fill,w_280,h_210,f_jpg?from=ke.com
20231117,海淀,皂君庙,101119298350,财大家属院 精装三居室  中间楼层,650万,109134元/平,中楼层 (共5层) | 1981年 | 3室1厅 | 59.56平米 | 南 北,https://ke-image.ljcdn.com/110000-inspection/d7a35082-ebfb-4f9c-91e3-509a327e28b2_1000.jpg!m_fill,w_280,h_210,f_jpg?from=ke.com
20231117,海淀,皂君庙,101119287801,青年公寓 1室1厅 北,400万,94967元/平,顶层 (共17层) | 1992年 | 1室1厅 | 42.12平米 | 北,https://ke-image.ljcdn.com/110000-inspection/pc1_KDMXUbbkl.jpg!m_fill,w_280,h_210,f_jpg?from=ke.com
20231117,海淀,皂君庙,101119286021,大钟寺甲133号院全明一居室南北通透满五年唯一,475万,100000元/平,中楼层 (共6层) | 1994年 | 1室1厅 | 47.5平米 | 南 北,https://ke-image.ljcdn.com/110000-inspection/pc1_NCDitPosg.jpg!m_fill,w_280,h_210,f_jpg?from=ke.com
20231117,海淀,皂君庙,101119279001,中关村皂君庙高楼层一居室视野开阔交通便利,380万,90219元/平,高楼层 (共17层) | 1992年 | 1室1厅 | 42.12平米 | 北,https://ke-image.ljcdn.com/110000-inspection/pc1_wJNISNdnT.jpg!m_fill,w_280,h_210,f_jpg?from=ke.com
20231117,海淀,皂君庙,101119178479,双榆树南里二区 3室1厅 南 北,820万,115461元/平,低楼层 (共6层) 3室1厅 | 71.02平米 | 南 北,https://ke-image.ljcdn.com/110000-inspection/pc1_gdTyoD4WZ.jpg!m_fill,w_280,h_210,f_jpg?from=ke.com
20231117,海淀,皂君庙,101119151758,皂君庙甲16号院农科院带电梯大三居室适合多贷款,1150万,89148元/平,低楼层 (共16层) 3室1厅 | 129平米 | 西南,https://ke-image.ljcdn.com/110000-inspection/pc1_fe3Cs3MrK.jpg!m_fill,w_280,h_210,f_jpg?from=ke.com
20231117,海淀,皂君庙,101119131367,鑫雅苑 全明格局 满五唯一 精装 窗明几净 电梯高层房主自荐,1068万,99525元/平,高楼层 (共20层) 2室1厅 | 107.31平米 | 西北,https://ke-image.ljcdn.com/110000-inspection/pc1_mQteayLt7.jpg!m_fill,w_280,h_210,f_jpg?from=ke.com
20231117,海淀,皂君庙,101119074322,皂君庙鑫雅苑 满五唯一   客厅40平米4.5米宽,1510万,99862元/平,中楼层 (共20层) 3室1厅 | 151.21平米 | 西南,https://ke-image.ljcdn.com/110000-inspection/pc1_RC4uqi46X.jpg!m_fill,w_280,h_210,f_jpg?from=ke.com
20231117,海淀,皂君庙,101119019133,皂君西里南北通透带客厅 中间层不临街 没抵押产权清晰,650万,114639元/平,中楼层 (共6层) | 1987年 | 2室1厅 | 56.7平米 | 南 北,https://ke-image.ljcdn.com/110000-inspection/pc1_1KK7SPZIc.jpg!m_fill,w_280,h_210,f_jpg?from=ke.com
20231117,海淀,皂君庙,101118986491,青云南区满五年东南朝向电梯房两居室,688万,123519元/平,低楼层 (共18层) 2室1厅 | 55.7平米 | 东南,https://ke-image.ljcdn.com/110000-inspection/pc1_f1xSmcCKi.jpg!m_fill,w_280,h_210,f_jpg?from=ke.com
20231117,海淀,皂君庙,101118945462,皂君东里明厨明卫一居室交通便利出行方便,445万,105701元/平,顶层 (共6层) | 1990年 | 1室1厅 | 42.1平米 | 西,https://ke-image.ljcdn.com/110000-inspection/pc1_2auKPspqP.jpg!m_fill,w_280,h_210,f_jpg?from=ke.com
20231117,海淀,皂君庙,101118938419,青云南区板楼明厨明卫两居央产房临地铁,620万,117203元/平,顶层 (共5层) 2室1厅 | 52.9平米 | 南 北,https://ke-image.ljcdn.com/110000-inspection/pc1_Ib13qcrUk.jpg!m_fill,w_280,h_210,f_jpg?from=ke.com
20231117,海淀,皂君庙,101118919742,皂君东里 全南 全明格局 满五唯一房主自荐,496万,86866元/平,顶层 (共6层) | 1983年 | 2室1厅 | 57.1平米 | 南,https://ke-image.ljcdn.com/110000-inspection/pc1_JLkZFwNjo.jpg!m_fill,w_280,h_210,f_jpg?from=ke.com
20231117,海淀,皂君庙,101118905441,天作国际中心 2室1厅 西北,1050万,85097元/平,低楼层 (共31层) | 2008年 | 2室1厅 | 123.39平米 | 西北,https://ke-image.ljcdn.com/110000-inspection/pc1_6k5aTP80b.jpg!m_fill,w_280,h_210,f_jpg?from=ke.com
20231117,海淀,皂君庙,101118805541,皂君西里满五年唯一南北低楼层2居,569万,114950元/平,底层 (共6层) | 1988年 | 2室1厅 | 49.5平米 | 南 北,https://ke-image.ljcdn.com/110000-inspection/pc1_yxZzWuebA_1.jpg!m_fill,w_280,h_210,f_jpg?from=ke.com
20231117,海淀,皂君庙,101118670796,海淀区 青年公寓 电梯 出行方便满五年网签高,388万,92118元/平,中楼层 (共17层) 1室1厅 | 42.12平米 | 北,https://ke-image.ljcdn.com/110000-inspection/pc1_jmqrIUV5M.jpg!m_fill,w_280,h_210,f_jpg?from=ke.com
20231117,海淀,皂君庙,101118662977,皂君东里 南向塔楼有电梯满五年唯一,490万,92140元/平,底层 (共16层) 2室0厅 | 53.18平米 | 南,https://ke-image.ljcdn.com/110000-inspection/pc1_zrDzpcjIS.jpg!m_fill,w_280,h_210,f_jpg?from=ke.com
20231117,海淀,皂君庙,101118658729,海淀区 北三环西路34号 青年公寓,410万,99467元/平,高楼层 (共17层) | 2005年 | 1室0厅 | 41.22平米 | 南,https://ke-image.ljcdn.com/110000-inspection/pc1_C4G9N3eWK.jpg!m_fill,w_280,h_210,f_jpg?from=ke.com
20231117,海淀,皂君庙,101118645804,皂君东里 中间层两居室 1994年 南北通透 客厅宽敞明亮,650万,112769元/平,中楼层 (共6层) | 1994年 | 2室1厅 | 57.64平米 | 南 北,https://ke-image.ljcdn.com/110000-inspection/pc1_KZVlgJgHu.jpg!m_fill,w_280,h_210,f_jpg?from=ke.com
20231117,海淀,皂君庙,101118630614,大钟寺甲8号院 满五唯一 中间楼层 南北通透,575万,88653元/平,中楼层 (共6层) | 1994年 | 2室1厅 | 64.86平米 | 南 北,https://ke-image.ljcdn.com/110000-inspection/pc1_h4aCgEFmU.jpg!m_fill,w_280,h_210,f_jpg?from=ke.com
20231117,海淀,皂君庙,101118563117,皂君庙丙4号院  南北两居  位置好 楼龄新 南北双阳台,680万,90703元/平,顶层 (共6层) | 1999年 | 2室1厅 | 74.97平米 | 南 北,https://ke-image.ljcdn.com/110000-inspection/pc1_5WjMTG2Z5.jpg!m_fill,w_280,h_210,f_jpg?from=ke.com
20231117,海淀,皂君庙,101118544282,皂君东里 带电梯 精装修 拎包入住两居室,720万,108369元/平,高楼层 (共16层) | 1988年 | 2室1厅 | 66.44平米 | 南,https://ke-image.ljcdn.com/110000-inspection/pc1_zAWGmXdes.jpg!m_fill,w_280,h_210,f_jpg?from=ke.com
20231117,海淀,皂君庙,101118542299,青云南区 南北向两居室 靠谱出售 看房提前预约 满五年,545万,100000元/平,顶层 (共5层) 2室1厅 | 54.5平米 | 南 北,https://ke-image.ljcdn.com/110000-inspection/pc1_ZsOve0GIK.jpg!m_fill,w_280,h_210,f_jpg?from=ke.com
20231117,海淀,皂君庙,101118479683,中关村皂君庙双榆树南里精装一居室采光好南向,500万,138466元/平,底层 (共6层) 1室1厅 | 36.11平米 | 南,https://ke-image.ljcdn.com/110000-inspection/8e0a3ce4-a7da-4a44-8cce-b50e445cd5f3_1000.jpg!m_fill,w_280,h_210,f_jpg?from=ke.com
20231117,海淀,皂君庙,101118475261,皂君庙 南北通透 大客厅 双阳台 停车方便,850万,107188元/平,高楼层 (共6层) | 1996年 | 2室1厅 | 79.3平米 | 北 南,https://ke-image.ljcdn.com/110000-inspection/c990c8c4-8d7c-4cbc-b80b-269a278a3135_1000.jpg!m_fill,w_280,h_210,f_jpg?from=ke.com
20231117,海淀,皂君庙,101118414847,隶属航天部央产房 99年带电梯三居室,1180万,91191元/平,顶层 (共16层) 3室1厅 | 129.4平米 | 西南,https://ke-image.ljcdn.com/110000-inspection/pc1_2ip7CspDD.jpg!m_fill,w_280,h_210,f_jpg?from=ke.com
20231117,海淀,皂君庙,101118371699,北三环西路34号青年公寓双榆树青年公寓,398万,96556元/平,高楼层 (共17层) 1室1厅 | 41.22平米 | 南,https://ke-image.ljcdn.com/110000-inspection/pc1_7scZDIneS.jpg!m_fill,w_280,h_210,f_jpg?from=ke.com
20231117,海淀,皂君庙,101118261834,皂君东里 南北通透全明格局 三建宿舍 靠谱签约,620万,96125元/平,顶层 (共6层) 2室1厅 | 64.5平米 | 南 北,https://ke-image.ljcdn.com/110000-inspection/pc1_y8znh0YXU.jpg!m_fill,w_280,h_210,f_jpg?from=ke.com
20231117,海淀,皂君庙,101118244251,农科院 皂君西里 中间楼层 南北通透 精装修 满五唯一,670万,105396元/平,低楼层 (共6层) | 1984年 | 3室1厅 | 63.57平米 | 东 南 北,https://ke-image.ljcdn.com/110000-inspection/pc1_xmx6jJHYk.jpg!m_fill,w_280,h_210,f_jpg?from=ke.com
20231117,海淀,皂君庙,101118242746,农影小区南向两居室 格局方正 高楼层采光好 看房方便,630万,119477元/平,高楼层 (共6层) 2室1厅 | 52.73平米 | 南,https://ke-image.ljcdn.com/110000-inspection/pc1_xk8LKofoq.jpg!m_fill,w_280,h_210,f_jpg?from=ke.com
20231117,海淀,皂君庙,101118183852,文林大厦  南向  带电梯   四道口房主自荐,599万,83648元/平,中楼层 (共13层) 1室1厅 | 71.61平米 | 西南,https://ke-image.ljcdn.com/110000-inspection/pc1_V41yEUOLX.jpg!m_fill,w_280,h_210,f_jpg?from=ke.com
20231117,海淀,皂君庙,101118174781,满五唯一南北通透带客厅 楼前后没有遮挡采光好,620万,113762元/平,高楼层 (共6层) | 1988年 | 2室1厅 | 54.5平米 | 南 北,https://ke-image.ljcdn.com/110000-inspection/pc1_1xiIabwYy.jpg!m_fill,w_280,h_210,f_jpg?from=ke.com
20231117,海淀,皂君庙,101118138644,青年公寓 1室1厅 南,423万,94000元/平,低楼层 (共17层) 1室1厅 | 45平米 | 南,https://ke-image.ljcdn.com/110000-inspection/pc1_MgfvW2PnB.jpg!m_fill,w_280,h_210,f_jpg?from=ke.com
20231117,海淀,皂君庙,101118098445,文林大厦   南向一居室  电梯房,480万,96619元/平,中楼层 (共13层) 1室1厅 | 49.68平米 | 南,https://ke-image.ljcdn.com/110000-inspection/pc1_VyQrhk5Gh.jpg!m_fill,w_280,h_210,f_jpg?from=ke.com
20231117,海淀,皂君庙,101118094195,皂君庙商圈 农科院小区 经典田字格全明三居 院中院房主自荐,928万,125899元/平,顶层 (共5层) | 1990年 | 3室1厅 | 73.71平米 | 南 北,https://ke-image.ljcdn.com/110000-inspection/pc1_ctzJO5bRo_1.jpg!m_fill,w_280,h_210,f_jpg?from=ke.com
20231117,海淀,皂君庙,101118073939,中关村南大街乙8号 精装修一居室 小区中间 采光好房主自荐,568万,137564元/平,顶层 (共5层) 1室1厅 | 41.29平米 | 南,https://ke-image.ljcdn.com/110000-inspection/pc1_dNkrU086z.jpg!m_fill,w_280,h_210,f_jpg?from=ke.com
20231117,海淀,皂君庙,101118017954,中关村皂君庙青年公寓南向精装修一居室采光好,409万,99224元/平,低楼层 (共17层) | 1992年 | 1室1厅 | 41.22平米 | 南,https://ke-image.ljcdn.com/110000-inspection/pc1_fwrpmIAvY.jpg!m_fill,w_280,h_210,f_jpg?from=ke.com
20231117,海淀,皂君庙,101118005797,青年公寓 1室1厅 北,390万,93526元/平,中楼层 (共17层) | 1992年 | 1室1厅 | 41.7平米 | 北,https://ke-image.ljcdn.com/110000-inspection/pc1_KO7CLXWAh.jpg!m_fill,w_280,h_210,f_jpg?from=ke.com
20231117,海淀,皂君庙,101117910633,农科院央产大院双南两居室精装修,685万,125920元/平,顶层 (共5层) 2室1厅 | 54.4平米 | 南,https://ke-image.ljcdn.com/110000-inspection/pc1_KtiBIJLXK.jpg!m_fill,w_280,h_210,f_jpg?from=ke.com
20231117,海淀,皂君庙,101117800738,海淀区北三环西路辅路南侧青年公寓,400万,94967元/平,高楼层 (共17层) 1室1厅 | 42.12平米 | 北,https://ke-image.ljcdn.com/110000-inspection/pc1_ynS8lzNVi.jpg!m_fill,w_280,h_210,f_jpg?from=ke.com
20231117,海淀,皂君庙,101117789277,皂君庙甲7号院 精装修  两居室,565万,88949元/平,中楼层 (共6层) 2室1厅 | 63.52平米 | 东 西,https://ke-image.ljcdn.com/110000-inspection/pc1_qBCc2aEuF.jpg!m_fill,w_280,h_210,f_jpg?from=ke.com
20231117,海淀,皂君庙,101117783987,青年公寓南向一居室业主诚售可以看房,399万,96798元/平,中楼层 (共17层) | 1992年 | 1室1厅 | 41.22平米 | 南,https://ke-image.ljcdn.com/110000-inspection/pc1_QHMdSe4xk.jpg!m_fill,w_280,h_210,f_jpg?from=ke.com
20231117,海淀,皂君庙,101117595009,海淀北三环大钟寺皂君庙14号院农科院,1330万,87731元/平,顶层 (共6层) | 1998年 | 3室2厅 | 151.6平米 | 南 北,https://ke-image.ljcdn.com/110000-inspection/pc1_vd5Wq7WSG.jpg!m_fill,w_280,h_210,f_jpg?from=ke.com
20231117,海淀,皂君庙,101117526392,北三环 双榆树南里二区 中间层南向一居,470万,117237元/平,中楼层 (共6层) 1室1厅 | 40.09平米 | 南,https://ke-image.ljcdn.com/110000-inspection/pc1_t4U9pNCwE.jpg!m_fill,w_280,h_210,f_jpg?from=ke.com
20231117,海淀,皂君庙,101117475626,大钟寺 精装两居室  带电梯 安静采光好,505万,97303元/平,高楼层 (共6层) | 1995年 | 2室1厅 | 51.9平米 | 南,https://ke-image.ljcdn.com/110000-inspection/pc1_yDCORCfbS.jpg!m_fill,w_280,h_210,f_jpg?from=ke.com
20231117,海淀,皂君庙,101117321400,中外贸单位福利分房满五唯一住房,1220万,105409元/平,顶层 (共7层) 3室1厅 | 115.74平米 | 南 北,https://ke-image.ljcdn.com/110000-inspection/pc1_U4RguISRz.jpg!m_fill,w_280,h_210,f_jpg?from=ke.com
20231117,海淀,皂君庙,101117225810,大钟寺133号院 2室1厅 东,950万,82046元/平,顶层 (共6层) | 1994年 | 2室1厅 | 115.79平米 | 东,https://ke-image.ljcdn.com/110000-inspection/pc1_cdle0LQQo.jpg!m_fill,w_280,h_210,f_jpg?from=ke.com
20231117,海淀,皂君庙,101117188387,中关村皂君庙青年公寓南向一居室采光好视野佳！,430万,104319元/平,低楼层 (共17层) 1室0厅 | 41.22平米 | 南,https://ke-image.ljcdn.com/110000-inspection/pc1_hpCLrbtUm.jpg!m_fill,w_280,h_210,f_jpg?from=ke.com
20231117,海淀,皂君庙,101117106389,皂君庙 农科院小区 东南北四室二卫 有电梯临近东花园,1650万,147585元/平,高楼层 (共24层) | 1999年 | 4室1厅 | 111.8平米 | 东北,https://ke-image.ljcdn.com/110000-inspection/pc1_rrhLZ8avI.jpg!m_fill,w_280,h_210,f_jpg?from=ke.com
20231117,海淀,皂君庙,101117088168,中关村北三环    双榆树青年公寓南向一居室视野好,420万,101893元/平,高楼层 (共17层) | 1992年 | 1室1厅 | 41.22平米 | 南,https://ke-image.ljcdn.com/110000-inspection/pc1_3zGoRfluU.jpg!m_fill,w_280,h_210,f_jpg?from=ke.com
20231117,海淀,皂君庙,101117029190,中关村皂君庙青年公寓南向一居室采光好视野佳,409万,99224元/平,低楼层 (共17层) | 1992年 | 1室1厅 | 41.22平米 | 南,https://ke-image.ljcdn.com/110000-inspection/pc1_Dxnv6cRYY.jpg!m_fill,w_280,h_210,f_jpg?from=ke.com
20231117,海淀,皂君庙,101117011409,四通桥 双安  农科院 魏公村 人民大学 婚房装修,660万,92515元/平,低楼层 (共9层) 1室1厅 | 71.34平米 | 南,https://ke-image.ljcdn.com/110000-inspection/prod-0bdb5605-bf26-41ef-9a82-8de573a5949d.jpg!m_fill,w_280,h_210,f_jpg?from=ke.com
20231117,海淀,皂君庙,101116868416,皂君东里满五唯一电梯直达采光好随时签约,660万,96210元/平,高楼层 (共16层) 3室1厅 | 68.6平米 | 东北,https://ke-image.ljcdn.com/110000-inspection/pc1_8GOw2S3nk.jpg!m_fill,w_280,h_210,f_jpg?from=ke.com
20231117,海淀,皂君庙,101116679617,双榆树南里二区  明厨明卫 两居室房主自荐,660万,117648元/平,低楼层 (共24层) 2室1厅 | 56.1平米 | 东南,https://ke-image.ljcdn.com/110000-inspection/pc1_CDINBhl5k_1.jpg!m_fill,w_280,h_210,f_jpg?from=ke.com
20231117,海淀,皂君庙,101116627878,皂君庙 农科院 朝南一居室 看房有钥匙,518万,123628元/平,顶层 (共6层) 1室1厅 | 41.9平米 | 南,https://ke-image.ljcdn.com/110000-inspection/pc1_dTvyROGlH.jpg!m_fill,w_280,h_210,f_jpg?from=ke.com
20231117,海淀,皂君庙,101116587200,四道口9号院 复式四居室 精装修,1190万,115669元/平,顶层 (共6层) | 1998年 | 4室2厅 | 102.88平米 | 南 北,https://ke-image.ljcdn.com/110000-inspection/pc1_5AWxVwWL3.jpg!m_fill,w_280,h_210,f_jpg?from=ke.com
20231117,海淀,皂君庙,101116434123,中关村皂君庙青年公寓好房看房方便视野好,381万,91587元/平,高楼层 (共17层) | 1992年 | 1室1厅 | 41.6平米 | 北,https://ke-image.ljcdn.com/110000-inspection/pc1_IepFGxj4a.jpg!m_fill,w_280,h_210,f_jpg?from=ke.com
20231117,海淀,皂君庙,101116391548,文林大厦  北向一居 满五唯一,420万,80507元/平,低楼层 (共13层) 1室1厅 | 52.17平米 | 北,https://ke-image.ljcdn.com/110000-inspection/pc1_XfdZjdx2Z.jpg!m_fill,w_280,h_210,f_jpg?from=ke.com
20231117,海淀,皂君庙,101116220313,大钟寺甲8号院 南向一居室 业主诚心出售 满五年唯一,579万,80529元/平,中楼层 (共6层) | 1994年 | 1室1厅 | 71.9平米 | 南,https://ke-image.ljcdn.com/110000-inspection/pc1_mUHExOh88.jpg!m_fill,w_280,h_210,f_jpg?from=ke.com
20231117,海淀,皂君庙,101115963724,皂君西里 满五公 房 停车方便 看房提前约,520万,97782元/平,顶层 (共6层) 2室1厅 | 53.18平米 | 南 北,https://ke-image.ljcdn.com/110000-inspection/pc1_ZVGP2pkDd_1.jpg!m_fill,w_280,h_210,f_jpg?from=ke.com
20231117,海淀,皂君庙,101115916504,中关村皂君庙经典三居室楼层好户型方正,710万,109063元/平,中楼层 (共6层) 3室1厅 | 65.1平米 | 东 西,https://ke-image.ljcdn.com/110000-inspection/pc1_uTfPvw1En.jpg!m_fill,w_280,h_210,f_jpg?from=ke.com
20231117,海淀,皂君庙,101115896817,中监所甲8号 南北通透三居室 中间楼层 产权满五年房主自荐,1542万,121927元/平,中楼层 (共7层) | 1999年 | 3室2厅 | 126.47平米 | 南 北,https://ke-image.ljcdn.com/110000-inspection/pc1_ziMU7kfGA.jpg!m_fill,w_280,h_210,f_jpg?from=ke.com
20231117,海淀,皂君庙,101115403783,皂君东里优质一居室 户型方正 朝向好,425万,116121元/平,顶层 (共5层) 1室1厅 | 36.6平米 | 南,https://ke-image.ljcdn.com/110000-inspection/pc1_oE7I6FoFY.jpg!m_fill,w_280,h_210,f_jpg?from=ke.com
20231117,海淀,皂君庙,101115297651,海淀 农科院 皂君庙270度采光 电梯直达 2居有客厅,680万,105264元/平,顶层 (共6层) 2室1厅 | 64.6平米 | 东 南 西,https://ke-image.ljcdn.com/110000-inspection/976f023f-4e80-443b-b7fd-21e12f6b2947_1000.jpg!m_fill,w_280,h_210,f_jpg?from=ke.com
20231117,海淀,皂君庙,101115011346,海淀区 北三环  中关村数码大厦,690万,66067元/平,中楼层 (共16层) 2室1厅 | 104.44平米 | 西,https://ke-image.ljcdn.com/110000-inspection/pc1_6Vn5gePA3.jpg!m_fill,w_280,h_210,f_jpg?from=ke.com
20231117,海淀,皂君庙,101114864192,皂君西里 满五年唯一 商品房 视野好 采光好 精装修,608万,122829元/平,底层 (共6层) 2室0厅 | 49.5平米 | 南 北,https://ke-image.ljcdn.com/110000-inspection/pc1_EicnXhE0z_1.jpg!m_fill,w_280,h_210,f_jpg?from=ke.com
20231117,海淀,皂君庙,101114804705,南向采光充足无遮挡交通便利不临街。视野开阔,800万,59251元/平,中楼层 (共19层) | 2005年 | 2室1厅 | 135.02平米 | 南,https://ke-image.ljcdn.com/110000-inspection/pc1_w1W30CO5Q.jpg!m_fill,w_280,h_210,f_jpg?from=ke.com
20231117,海淀,皂君庙,101114655430,四道口9号院南北通透二居室安静不临街房主自荐,1100万,111960元/平,中楼层 (共6层) 2室2厅 | 98.25平米 | 南 北,https://ke-image.ljcdn.com/110000-inspection/pc1_peXFCTgIe.jpg!m_fill,w_280,h_210,f_jpg?from=ke.com
20231117,海淀,皂君庙,101113016014,南向精装修采光充足无遮挡交通便利不临街,425万,103106元/平,低楼层 (共17层) | 1987年 | 1室1厅 | 41.22平米 | 南,https://ke-image.ljcdn.com/110000-inspection/pc1_3K1pevk69_1.jpg!m_fill,w_280,h_210,f_jpg?from=ke.com
20231117,海淀,皂君庙,101121923984,皂君西里 3室1厅 南 北新上,730万,106414元/平,顶层 (共6层) 3室1厅 | 68.6平米 | 南 北,https://ke-image.ljcdn.com/110000-inspection/pc1_t5BScKZrQ_1.jpg!m_fill,w_280,h_210,f_jpg?from=ke.com
20231117,海淀,皂君庙,101121916773,双榆树南里二区 2室1厅 南新上,660万,111941元/平,低楼层 (共18层) | 1992年 | 2室1厅 | 58.96平米 | 南,https://ke-image.ljcdn.com/110000-inspection/pc1_nYs1pz6l7.jpg!m_fill,w_280,h_210,f_jpg?from=ke.com
20231117,海淀,皂君庙,101121880723,双榆树南里二区 3室1厅 东 西新上,680万,104455元/平,中楼层 (共6层) 3室1厅 | 65.1平米 | 东 西,https://ke-image.ljcdn.com/110000-inspection/pc1_TkFBj5EYP.jpg!m_fill,w_280,h_210,f_jpg?from=ke.com
20231117,海淀,皂君庙,101121854286,皂君庙丙4号院 中间层 南北向 三代同住 看房方便新上,990万,132958元/平,中楼层 (共6层) 5室2厅 | 74.46平米 | 东 南 北,https://ke-image.ljcdn.com/110000-inspection/pc1_Wr4umS7UI.jpg!m_fill,w_280,h_210,f_jpg?from=ke.com
20231117,海淀,皂君庙,101121779032,天作国际 农科院西门 北理工东门 4号线 双安商场,650万,73973元/平,中楼层 (共31层) | 2006年 | 1室1厅 | 87.87平米 | 东,https://ke-image.ljcdn.com/110000-inspection/pc1_BPcsaKMcE.jpg!m_fill,w_280,h_210,f_jpg?from=ke.com
20231117,海淀,皂君庙,101121778543,双榆树南里二区精装修东西通透三居室房主自荐,650万,99847元/平,地下室 (共6层) | 1992年 | 3室1厅 | 65.1平米 | 东 西,https://ke-image.ljcdn.com/110000-inspection/pc1_OLQw5g6ym.jpg!m_fill,w_280,h_210,f_jpg?from=ke.com
20231117,海淀,皂君庙,101121777947,中关村南大街乙12号院 北京理工大学对面 地铁魏公村,540万,65766元/平,低楼层 (共31层) | 2008年 | 1室1厅 | 82.11平米 | 西,https://ke-image.ljcdn.com/110000-inspection/pc1_1hFfrgVUy_1.jpg!m_fill,w_280,h_210,f_jpg?from=ke.com
20231117,海淀,皂君庙,101121773162,皂君西里户型方正采光视野好！,490万,96609元/平,顶层 (共6层) 2室1厅 | 50.72平米 | 西 北,https://ke-image.ljcdn.com/110000-inspection/pc1_kXK6lKGid.jpg!m_fill,w_280,h_210,f_jpg?from=ke.com
20231117,海淀,皂君庙,101121769745,皂君东里 全明户型 南北三居 不临街 产权清晰,750万,93053元/平,高楼层 (共6层) | 1987年 | 3室1厅 | 80.6平米 | 东 南 北,https://ke-image.ljcdn.com/110000-inspection/pc1_mT6wPZUdM.jpg!m_fill,w_280,h_210,f_jpg?from=ke.com
20231117,海淀,皂君庙,101121746967,航天局宿舍 楼龄新 带电梯两居室 满五年,868万,95385元/平,高楼层 (共16层) 2室1厅 | 91平米 | 南 北,https://ke-image.ljcdn.com/110000-inspection/pc1_NNLywCSPF.jpg!m_fill,w_280,h_210,f_jpg?from=ke.com
20231117,海淀,皂君庙,101121689400,四道口路甲5号  优质一居 落地窗 满五年唯一,402万,77056元/平,低楼层 (共13层) 1室1厅 | 52.17平米 | 北,https://ke-image.ljcdn.com/110000-inspection/pc1_XQ4Qp7OgH.jpg!m_fill,w_280,h_210,f_jpg?from=ke.com
20231117,海淀,皂君庙,101121632753,皂君庙乙2号院 电梯两居室 中间层  满五年唯一,505万,89858元/平,低楼层 (共6层) 2室1厅 | 56.2平米 | 西,https://ke-image.ljcdn.com/110000-inspection/pc1_kHtHnResH.jpg!m_fill,w_280,h_210,f_jpg?from=ke.com
20231117,海淀,皂君庙,101121602818,青年公寓优质电梯一居室  诚心出售,398万,94492元/平,高楼层 (共17层) 1室1厅 | 42.12平米 | 北,https://ke-image.ljcdn.com/110000-inspection/pc1_pRd83T63D.jpg!m_fill,w_280,h_210,f_jpg?from=ke.com
20231117,海淀,皂君庙,101121586242,三环里 大钟寺甲8 南北通透两居 中间层 诚心售 提前约,770万,98845元/平,中楼层 (共6层) | 1994年 | 2室1厅 | 77.9平米 | 南 北,https://ke-image.ljcdn.com/110000-inspection/pc1_kbEfXapbj.jpg!m_fill,w_280,h_210,f_jpg?from=ke.com
20231117,海淀,皂君庙,101121575907,农科院中楼层满五唯一南向一居室业主换房急售,568万,137199元/平,中楼层 (共6层) | 1992年 | 1室1厅 | 41.4平米 | 南,https://ke-image.ljcdn.com/110000-inspection/pc1_cZn0YpcZD.jpg!m_fill,w_280,h_210,f_jpg?from=ke.com
20231117,海淀,皂君庙,101121570026,财大家属院 南向一居有电梯 小区环境好,460万,102268元/平,中楼层 (共16层) | 1999年 | 1室1厅 | 44.98平米 | 南,https://ke-image.ljcdn.com/110000-inspection/pc1_rCbC6SNWj.jpg!m_fill,w_280,h_210,f_jpg?from=ke.com
20231117,海淀,皂君庙,101121553908,皂君庙丙4号院南北通透中间楼层,620万,102922元/平,中楼层 (共6层) | 1999年 | 2室1厅 | 60.24平米 | 南 北,https://ke-image.ljcdn.com/110000-inspection/pc1_AzC64rWzP.jpg!m_fill,w_280,h_210,f_jpg?from=ke.com
20231117,海淀,皂君庙,101121532093,鑫雅苑 3室1厅 东南,1520万,97318元/平,低楼层 (共20层) 3室1厅 | 156.19平米 | 东南,https://ke-image.ljcdn.com/110000-inspection/pc1_wCPdhospN.jpg!m_fill,w_280,h_210,f_jpg?from=ke.com
20231117,海淀,皂君庙,101121520576,北三环西路48号院 3室2厅 东南,1900万,85713元/平,中楼层 (共24层) 3室2厅 | 221.67平米 | 东南,https://ke-image.ljcdn.com/110000-inspection/pc1_XYyK4rWsa.jpg!m_fill,w_280,h_210,f_jpg?from=ke.com
20231117,海淀,皂君庙,101121495104,北三环 人民大学地铁 双安商场 70年产权复式,1955万,69598元/平,中楼层 (共24层) 5室1厅 | 280.9平米 | 南 北,https://ke-image.ljcdn.com/110000-inspection/pc1_uyM3ptcgW.jpg!m_fill,w_280,h_210,f_jpg?from=ke.com
20231117,海淀,皂君庙,101121481057,皂君西里 农科院双南向满5年精装修婚房两居室,525万,92593元/平,顶层 (共6层) | 1983年 | 2室1厅 | 56.7平米 | 东南,https://ke-image.ljcdn.com/110000-inspection/pc1_2cSiMgeAo.jpg!m_fill,w_280,h_210,f_jpg?from=ke.com
20231117,海淀,皂君庙,101121404081,大钟寺甲13号院南北全明三居室中间层精装修近地铁站,800万,116551元/平,中楼层 (共5层) 3室1厅 | 68.64平米 | 南 北,https://ke-image.ljcdn.com/110000-inspection/pc1_8dGhgDrdn.jpg!m_fill,w_280,h_210,f_jpg?from=ke.com
20231117,海淀,皂君庙,101121394837,数码大厦 1室1厅 西,675万,79059元/平,高楼层 (共16层) | 2003年 | 1室1厅 | 85.38平米 | 西,https://ke-image.ljcdn.com/110000-inspection/pc1_wUheVmA8Y.jpg!m_fill,w_280,h_210,f_jpg?from=ke.com
20231117,海淀,皂君庙,101121367551,农影小区 三居室 三面采光 满五唯一央产房,1220万,132135元/平,中楼层 (共14层) | 1999年 | 3室1厅 | 92.33平米 | 东南,https://ke-image.ljcdn.com/110000-inspection/pc1_eAWl29gmS.jpg!m_fill,w_280,h_210,f_jpg?from=ke.com
20231117,海淀,皂君庙,101121367170,皂君庙14号院  南北通透 98年 央产院环境干净 双地铁,829万,104540元/平,底层 (共6层) | 1997年 | 2室1厅 | 79.3平米 | 南 西 北,https://ke-image.ljcdn.com/110000-inspection/pc1_mdYhOJ0Wj_1.jpg!m_fill,w_280,h_210,f_jpg?from=ke.com
20231117,海淀,皂君庙,101121357390,四道口5号院皂君庙农科院。房主自荐,1483万,94423元/平,顶层 (共6层) 4室2厅 | 157.06平米 | 南 北,https://ke-image.ljcdn.com/110000-inspection/pc1_ucSvfvVu5.jpg!m_fill,w_280,h_210,f_jpg?from=ke.com
20231117,海淀,皂君庙,101121355986,皂君庙大钟寺满五唯一电梯直达无遮挡,498万,88613元/平,中楼层 (共6层) 2室1厅 | 56.2平米 | 西,https://ke-image.ljcdn.com/110000-inspection/pc1_yPpPee9As.jpg!m_fill,w_280,h_210,f_jpg?from=ke.com
20231117,海淀,皂君庙,101121202446,双榆树南里二区 1室1厅 南,395万,96460元/平,顶层 (共6层) 1室1厅 | 40.95平米 | 南,https://ke-image.ljcdn.com/110000-inspection/pc1_uyeYONL6D.jpg!m_fill,w_280,h_210,f_jpg?from=ke.com
20231117,海淀,皂君庙,101121167051,学院南路皂君庙14号院农科院,1020万,101493元/平,中楼层 (共6层) 2室2厅 | 100.5平米 | 东 西,https://ke-image.ljcdn.com/110000-inspection/pc1_Pj74NXrey.jpg!m_fill,w_280,h_210,f_jpg?from=ke.com
20231117,海淀,皂君庙,101121155286,皂君西里农科院南北通透婚房装修两居室满5唯一,528万,97598元/平,顶层 (共6层) | 1985年 | 2室1厅 | 54.1平米 | 南 北,https://ke-image.ljcdn.com/110000-inspection/pc1_yfvJqmECr.jpg!m_fill,w_280,h_210,f_jpg?from=ke.com
20231117,海淀,皂君庙,101121141354,皂君东里  南北通透两居室  精装修  安静  满五唯一,510万,91072元/平,顶层 (共6层) | 1985年 | 2室1厅 | 56平米 | 南 北,https://ke-image.ljcdn.com/110000-inspection/pc1_Oe5Hz8QtO.jpg!m_fill,w_280,h_210,f_jpg?from=ke.com
20231117,海淀,皂君庙,101121104744,农科院小区 2层 南北向 田字格 三居室 业主诚售有钥匙,1068万,138522元/平,低楼层 (共6层) | 1992年 | 3室1厅 | 77.1平米 | 南 北,https://ke-image.ljcdn.com/110000-inspection/pc1_yxvrcvVq6.jpg!m_fill,w_280,h_210,f_jpg?from=ke.com
20231117,海淀,皂君庙,101121026535,农科院央产大院停车方便环境好出行方便,1450万,126583元/平,中楼层 (共24层) | 2002年 | 3室1厅 | 114.55平米 | 东 南 北,https://ke-image.ljcdn.com/110000-inspection/pc1_2UQRfDN1W_1.jpg!m_fill,w_280,h_210,f_jpg?from=ke.com
20231117,海淀,皂君庙,101121020649,中关村皂君庙青年公寓民水民电有燃气70年住宅房主自荐,386万,91643元/平,低楼层 (共17层) 1室1厅 | 42.12平米 | 北,https://ke-image.ljcdn.com/110000-inspection/pc1_HeuY5qt2E.jpg!m_fill,w_280,h_210,f_jpg?from=ke.com
20231117,海淀,皂君庙,101121015538,皂君庙皂君西里一层小四居满五年唯一房主自荐,638万,127626元/平,底层 (共6层) 2室1厅 | 49.99平米 | 南,https://ke-image.ljcdn.com/110000-inspection/pc1_vIA91una6.jpg!m_fill,w_280,h_210,f_jpg?from=ke.com
20231117,海淀,皂君庙,101121001318,94年板楼 南北通透全明格局 中间层 大钟寺地铁13号线,638万,97673元/平,高楼层 (共6层) | 1994年 | 2室1厅 | 65.32平米 | 南 北,https://ke-image.ljcdn.com/110000-inspection/pc1_lcCgkA8jL.jpg!m_fill,w_280,h_210,f_jpg?from=ke.com
20231117,海淀,皂君庙,101120990100,财大家属院  精装修  南北全明格局,488万,86771元/平,中楼层 (共5层) | 1964年 | 2室1厅 | 56.24平米 | 西南 北,https://ke-image.ljcdn.com/110000-inspection/pc1_LkhXe9w1Z_1.jpg!m_fill,w_280,h_210,f_jpg?from=ke.com
20231117,海淀,皂君庙,101120913133,鑫雅苑商品房视野开阔 无遮挡采光好看房方便,1000万,93188元/平,低楼层 (共20层) | 2000年 | 2室1厅 | 107.31平米 | 西北,https://ke-image.ljcdn.com/110000-inspection/pc1_pLWDiC14h.jpg!m_fill,w_280,h_210,f_jpg?from=ke.com
20231117,海淀,皂君庙,101120906334,单位分房东西向三居室低楼层有花园看房方便,550万,84486元/平,地下室 (共6层) | 1992年 | 3室1厅 | 65.1平米 | 东 西,https://ke-image.ljcdn.com/110000-inspection/pc1_FNFDDkPwx.jpg!m_fill,w_280,h_210,f_jpg?from=ke.com
20231117,海淀,皂君庙,101120901731,中关村南大街甲6号 满二年 业主诚心出售,1295万,59999元/平,高楼层 (共19层) | 2005年 | 3室1厅 | 215.84平米 | 西 北,https://ke-image.ljcdn.com/110000-inspection/pc1_CDSOfTGML.jpg!m_fill,w_280,h_210,f_jpg?from=ke.com
20231117,海淀,皂君庙,101120891866,北三环里 皂君庙丙4号院 双南向两居室 南北通透户型,728万,99686元/平,中楼层 (共6层) | 1995年 | 2室2厅 | 73.03平米 | 南 北,https://ke-image.ljcdn.com/110000-inspection/pc1_JChOi3l1h_1.jpg!m_fill,w_280,h_210,f_jpg?from=ke.com
20231117,海淀,皂君庙,101120891447,皂君庙2号院 大钟寺 皂君庙 西直门,830万,96177元/平,顶层 (共6层) | 1995年 | 3室1厅 | 86.3平米 | 南 北,https://ke-image.ljcdn.com/110000-inspection/pc1_nM4Vr4LSq.jpg!m_fill,w_280,h_210,f_jpg?from=ke.com
20231117,海淀,皂君庙,101120890213,皂君庙甲2号院 全明格局三居室 中间楼层 采光视野好,776万,99743元/平,低楼层 (共6层) 3室1厅 | 77.8平米 | 东 西,https://ke-image.ljcdn.com/110000-inspection/pc1_Q3QQvVEr1.jpg!m_fill,w_280,h_210,f_jpg?from=ke.com
20231117,海淀,皂君庙,101120878353,皂君东里 满五年唯一 商品房 中间层 不临街房主自荐,568万,99825元/平,中楼层 (共6层) | 1993年 | 2室1厅 | 56.9平米 | 东 西,https://ke-image.ljcdn.com/110000-inspection/pc1_XDHuu7aFZ_1.jpg!m_fill,w_280,h_210,f_jpg?from=ke.com
20231117,海淀,皂君庙,101120876969,皂君东里 优质两居室 业主诚心出售,530万,99812元/平,顶层 (共6层) | 1981年 | 2室1厅 | 53.1平米 | 南 北,https://ke-image.ljcdn.com/110000-inspection/pc1_cukVzTMYy.jpg!m_fill,w_280,h_210,f_jpg?from=ke.com
20231117,海淀,皂君庙,101120873707,天作万瑞国际公寓 朝东看农科院小区 环境好 楼龄新,480万,93006元/平,低楼层 (共31层) | 2006年 | 1室1厅 | 51.61平米 | 东,https://ke-image.ljcdn.com/110000-inspection/pc1_gl1YCm4Qm.jpg!m_fill,w_280,h_210,f_jpg?from=ke.com
20231117,海淀,皂君庙,101120864626,98年 两居室 中间层 户型好 大客厅,500万,78790元/平,底层 (共6层) | 1998年 | 2室1厅 | 63.46平米 | 南 北,https://ke-image.ljcdn.com/110000-inspection/pc1_rCJSWNh9j.jpg!m_fill,w_280,h_210,f_jpg?from=ke.com
20231117,海淀,皂君庙,101120772395,中关村南大街甲6号  四通桥 铸诚大厦,1200万,70090元/平,中楼层 (共19层) | 2005年 | 3室1厅 | 171.21平米 | 南 北,https://ke-image.ljcdn.com/110000-inspection/pc1_p5tUkx6AA.jpg!m_fill,w_280,h_210,f_jpg?from=ke.com
20231117,海淀,皂君庙,101120748642,中关村南大街乙12号院 落地飘窗 新房 拎包入住,980万,81810元/平,低楼层 (共31层) | 2008年 | 2室1厅 | 119.79平米 | 东北,https://ke-image.ljcdn.com/110000-inspection/pc1_gUONtgGKi.jpg!m_fill,w_280,h_210,f_jpg?from=ke.com
20231117,海淀,皂君庙,101120747987,农科院北门 中间层 南北通透 可停车 有绿化,582万,101200元/平,中楼层 (共6层) 2室1厅 | 57.51平米 | 南 北,https://ke-image.ljcdn.com/110000-inspection/pc1_GsZH1fCnC.jpg!m_fill,w_280,h_210,f_jpg?from=ke.com
20231117,海淀,皂君庙,101120744307,中关村南大街甲6号 南向三居室 采光好,1020万,59576元/平,中楼层 (共19层) | 2005年 | 3室1厅 | 171.21平米 | 南,https://ke-image.ljcdn.com/110000-inspection/pc1_O7IDMSkDM.jpg!m_fill,w_280,h_210,f_jpg?from=ke.com
20231117,海淀,皂君庙,101120703216,农科院四居电梯房 三个阳台大客厅,1750万,120259元/平,中楼层 (共24层) | 2000年 | 4室1厅 | 145.52平米 | 西南 北,https://ke-image.ljcdn.com/110000-inspection/pc1_kIKcJvdWR.jpg!m_fill,w_280,h_210,f_jpg?from=ke.com
20231117,海淀,皂君庙,101120696216,农科院教师家属楼地铁4号线旁边 三居室精装修,1199万,129622元/平,中楼层 (共18层) | 1996年 | 3室1厅 | 92.5平米 | 西 北 南,https://ke-image.ljcdn.com/110000-inspection/pc1_7YNfDqFn9.jpg!m_fill,w_280,h_210,f_jpg?from=ke.com
20231117,海淀,皂君庙,101120651622,中关村南大街12号农科院教师家属楼农科院,825万,139359元/平,中楼层 (共5层) 2室1厅 | 59.2平米 | 南 北,https://ke-image.ljcdn.com/110000-inspection/pc1_YTFpTKJor_1.jpg!m_fill,w_280,h_210,f_jpg?from=ke.com
20231117,海淀,皂君庙,101120643797,皂君庙双榆树 带电梯三居室 西南向 诚心出售,880万,114748元/平,低楼层 (共18层) | 1995年 | 3室1厅 | 76.69平米 | 西南,https://ke-image.ljcdn.com/110000-inspection/pc1_LuBcZFcmL.jpg!m_fill,w_280,h_210,f_jpg?from=ke.com
20231117,海淀,皂君庙,101120611606,西直门皂君西里满五年家庭名下唯一商品房,738万,107581元/平,中楼层 (共6层) 3室1厅 | 68.6平米 | 南 北,https://ke-image.ljcdn.com/110000-inspection/pc1_iI3yFahOF.jpg!m_fill,w_280,h_210,f_jpg?from=ke.com
20231117,海淀,皂君庙,101120515584,天作万瑞国际公寓 精装婚房 带电梯 2008年商品房,599万,65429元/平,低楼层 (共31层) | 2008年 | 1室1厅 | 91.55平米 | 西,https://ke-image.ljcdn.com/110000-inspection/pc1_5akCzs5S4.jpg!m_fill,w_280,h_210,f_jpg?from=ke.com
20231117,海淀,皂君庙,101120476699,皂君东里 有客厅两居室 户型方正,575万,87787元/平,顶层 (共6层) | 1990年 | 2室1厅 | 65.5平米 | 东 西,https://ke-image.ljcdn.com/110000-inspection/cb33e960-1113-4e93-8008-cbf175a83d08_1000.jpg!m_fill,w_280,h_210,f_jpg?from=ke.com
20231117,海淀,皂君庙,101120396378,鑫雅苑 电梯高层 有钥匙 诚心出售,780万,98897元/平,高楼层 (共20层) 2室1厅 | 78.87平米 | 东,https://ke-image.ljcdn.com/110000-inspection/pc1_t6VuDmgEp.jpg!m_fill,w_280,h_210,f_jpg?from=ke.com
20231117,海淀,皂君庙,101120389390,四道口5号院 南北通透大四居 央产房 采光视野好,1520万,91727元/平,高楼层 (共7层) 4室2厅 | 165.71平米 | 南 北,https://ke-image.ljcdn.com/110000-inspection/pc1_3pv7r7JYd.jpg!m_fill,w_280,h_210,f_jpg?from=ke.com
20231117,海淀,皂君庙,101120288215,农科院 全明一居 交通便利 停车方便 东西花园,520万,124106元/平,顶层 (共6层) 1室1厅 | 41.9平米 | 南,https://ke-image.ljcdn.com/110000-inspection/pc1_vdKRIHXsZ.jpg!m_fill,w_280,h_210,f_jpg?from=ke.com
20231117,海淀,皂君庙,101120145222,四道口9号院 4居室 复式 双卫生间 双客厅,1550万,90269元/平,顶层 (共6层) | 1999年 | 4室2厅 | 171.71平米 | 南 北,https://ke-image.ljcdn.com/110000-inspection/pc1_myuuR2D2Z.jpg!m_fill,w_280,h_210,f_jpg?from=ke.com
20231117,海淀,皂君庙,101120041388,皂君东里 精装三居室 全明户型 田字格,950万,130316元/平,底层 (共5层) 3室1厅 | 72.9平米 | 南 北,https://ke-image.ljcdn.com/110000-inspection/pc1_WlmWsPkDb.jpg!m_fill,w_280,h_210,f_jpg?from=ke.com
20231117,海淀,皂君庙,101120019385,皂君庙14号院、西直门 皂君庙 大钟寺 两居室,950万,86286元/平,顶层 (共6层) 2室2厅 | 110.1平米 | 南 北,https://ke-image.ljcdn.com/110000-inspection/pc1_084zTjgdX.jpg!m_fill,w_280,h_210,f_jpg?from=ke.com
20231117,海淀,皂君庙,101119974747,皂君庙乙2号院 带电梯 两居室,630万,97524元/平,低楼层 (共6层) | 1998年 | 2室1厅 | 64.6平米 | 东 北 西,https://ke-image.ljcdn.com/110000-inspection/pc1_J4TAVm8lY_1.jpg!m_fill,w_280,h_210,f_jpg?from=ke.com
20231117,海淀,皂君庙,101119968339,皂君庙农科院 南北通透全明三居室 视野好 业主诚售,1120万,137424元/平,中楼层 (共5层) 3室1厅 | 81.5平米 | 南 北,https://ke-image.ljcdn.com/110000-inspection/pc1_tKvpIK8GL.jpg!m_fill,w_280,h_210,f_jpg?from=ke.com
20231117,海淀,皂君庙,101119830164,青云南区 南北向 两居室 满五年唯一 诚心出售,568万,93422元/平,中楼层 (共5层) | 1964年 | 2室1厅 | 60.8平米 | 南 北,https://ke-image.ljcdn.com/110000-inspection/pc1_LoylD1UF6.jpg!m_fill,w_280,h_210,f_jpg?from=ke.com
20231117,海淀,皂君庙,101119752673,青年公寓 1室1厅 南,425万,102164元/平,中楼层 (共17层) | 1992年 | 1室1厅 | 41.6平米 | 南,https://ke-image.ljcdn.com/110000-inspection/pc1_RFQY1MC9E.jpg!m_fill,w_280,h_210,f_jpg?from=ke.com
20231117,海淀,皂君庙,101119746905,农科院低楼层东南向全明格局大两居,998万,123515元/平,底层 (共18层) 2室1厅 | 80.8平米 | 东 南,https://ke-image.ljcdn.com/110000-inspection/3edcd0b8-aa8e-4381-8042-edb779f52bda_1000.jpg!m_fill,w_280,h_210,f_jpg?from=ke.com
20231117,海淀,皂君庙,101119516115,此房满五年业主唯一住房南北通透安静不临街,1200万,96487元/平,高楼层 (共7层) | 1998年 | 4室2厅 | 124.37平米 | 南 北,https://ke-image.ljcdn.com/110000-inspection/pc1_oUxxVc9hU.jpg!m_fill,w_280,h_210,f_jpg?from=ke.com
20231117,海淀,皂君庙,101119475722,四道口9号院 98年 两居室 中间层  户型好,499万,95284元/平,中楼层 (共6层) 2室1厅 | 52.37平米 | 南 北,https://ke-image.ljcdn.com/110000-inspection/pc1_JvUWGUPaZ.jpg!m_fill,w_280,h_210,f_jpg?from=ke.com
20231117,海淀,皂君庙,101119162390,三环内2000年 商品房社区 视野好采光足 看房方便,1220万,104149元/平,高楼层 (共20层) | 2000年 | 3室1厅 | 117.14平米 | 东南,https://ke-image.ljcdn.com/110000-inspection/pc1_1YnnT4cV2_1.jpg!m_fill,w_280,h_210,f_jpg?from=ke.com
20231117,海淀,皂君庙,101119030595,天作国际 70年产权小区对着花园 24小时安保,385万,100733元/平,中楼层 (共9层) | 2008年 | 1室0厅 | 38.22平米 | 北,https://ke-image.ljcdn.com/110000-inspection/ef846b86-d5eb-49c7-8095-bae118b9f3eb_1000.jpg!m_fill,w_280,h_210,f_jpg?from=ke.com
20231117,海淀,皂君庙,101118943743,皂君东里 朝南向 一居室满五唯一商品房,415万,101220元/平,顶层 (共6层) 1室1厅 | 41平米 | 南,https://ke-image.ljcdn.com/110000-inspection/e8e8c3bd-1882-48ac-8170-2a45e9266483_1000.jpg!m_fill,w_280,h_210,f_jpg?from=ke.com
20231117,海淀,皂君庙,101118820544,中关村北三环西路48号院诚心出售看房提前沟通,1900万,82573元/平,中楼层 (共24层) 3室2厅 | 230.1平米 | 东北,https://ke-image.ljcdn.com/110000-inspection/pc1_4hVz5rxty.jpg!m_fill,w_280,h_210,f_jpg?from=ke.com
20231117,海淀,皂君庙,101118740235,皂君东里 2室1厅 南 北,572万,104171元/平,底层 (共5层) 2室1厅 | 54.91平米 | 南 北,https://ke-image.ljcdn.com/110000-inspection/pc1_2SsRrLDGk.jpg!m_fill,w_280,h_210,f_jpg?from=ke.com
20231117,海淀,皂君庙,101118527037,此房满五唯一商品房通透格局好楼层合理出行方便,799万,100757元/平,顶层 (共6层) | 1996年 | 2室1厅 | 79.3平米 | 南 北,https://ke-image.ljcdn.com/110000-inspection/pc1_OuRUKanvy.jpg!m_fill,w_280,h_210,f_jpg?from=ke.com
20231117,海淀,皂君庙,101118438007,地铁12、13号线大钟寺地铁 满五唯一 全明三居中间层,710万,104412元/平,中楼层 (共6层) | 1985年 | 3室1厅 | 68平米 | 南 北 东,https://ke-image.ljcdn.com/110000-inspection/4b4db65c-3b46-4458-9bfd-0a6501d5d53e_1000.jpg!m_fill,w_280,h_210,f_jpg?from=ke.com
20231117,海淀,皂君庙,101118434035,此房满五年业主名下唯一住房中间楼层三居室。,1510万,119396元/平,中楼层 (共7层) 3室2厅 | 126.47平米 | 南 北,https://ke-image.ljcdn.com/110000-inspection/pc1_qnKnHXOYW.jpg!m_fill,w_280,h_210,f_jpg?from=ke.com
20231117,海淀,皂君庙,101118333186,大钟寺今日头条 农科院 南北通透,440万,74413元/平,地下室 (共6层) | 1995年 | 2室1厅 | 59.13平米 | 南 北,https://ke-image.ljcdn.com/110000-inspection/pc1_KQKUwEyNh.jpg!m_fill,w_280,h_210,f_jpg?from=ke.com
20231117,海淀,皂君庙,101118225513,92年板楼 精装修客厅带窗户 满五年 产权清晰,587万,101734元/平,顶层 (共6层) | 1994年 | 2室1厅 | 57.7平米 | 南 北,https://ke-image.ljcdn.com/110000-inspection/pc1_WKZaoX0yg.jpg!m_fill,w_280,h_210,f_jpg?from=ke.com
20231117,海淀,皂君庙,101118213061,满五年唯一商品房 西南朝向 业主诚心出售,598万,126081元/平,底层 (共6层) 2室0厅 | 47.43平米 | 西南,https://ke-image.ljcdn.com/110000-inspection/pc1_3R3WXgoxg.jpg!m_fill,w_280,h_210,f_jpg?from=ke.com
20231117,海淀,皂君庙,101118134026,皂君东里 央产院 出行方便 户型方正 采光充足,558万,102386元/平,高楼层 (共6层) | 1985年 | 2室1厅 | 54.5平米 | 东 西,https://ke-image.ljcdn.com/110000-inspection/pc1_STXKhA70I_1.jpg!m_fill,w_280,h_210,f_jpg?from=ke.com
20231117,海淀,皂君庙,101118085976,农科院 电梯小两居 交通便利 看房方便 央产大院,896万,139738元/平,高楼层 (共24层) | 2002年 | 2室1厅 | 64.12平米 | 西南,https://ke-image.ljcdn.com/110000-inspection/pc1_iGK4OykNp_1.jpg!m_fill,w_280,h_210,f_jpg?from=ke.com
20231117,海淀,皂君庙,101118011563,中关村皂君庙双榆树南里二区三居室好房采光好视野佳,645万,83098元/平,顶层 (共6层) 3室1厅 | 77.62平米 | 南 北,https://ke-image.ljcdn.com/110000-inspection/pc1_K5kwAPv1y.jpg!m_fill,w_280,h_210,f_jpg?from=ke.com
20231117,海淀,皂君庙,101118006973,94年板楼 皂君庙 大钟寺地铁 两居客厅带窗 满五年,600万,100672元/平,高楼层 (共6层) | 1985年 | 2室1厅 | 59.6平米 | 东 南 北,https://ke-image.ljcdn.com/110000-inspection/pc1_Us53YdmGi.jpg!m_fill,w_280,h_210,f_jpg?from=ke.com
20231117,海淀,皂君庙,101117600859,文林大厦   精装修  带电梯 三居室,690万,93534元/平,高楼层 (共13层) 3室1厅 | 73.77平米 | 南,https://ke-image.ljcdn.com/110000-inspection/pc1_0GiCTyrwA.jpg!m_fill,w_280,h_210,f_jpg?from=ke.com
20231117,海淀,皂君庙,101117211149,四道口5号院四居室南北通透诚心出售,1560万,92357元/平,高楼层 (共7层) 4室2厅 | 168.91平米 | 南 北,https://ke-image.ljcdn.com/110000-inspection/pc1_HrWqMELSC_1.jpg!m_fill,w_280,h_210,f_jpg?from=ke.com
20231117,海淀,皂君庙,101117200484,皂君西里 2层 南北通透二居室 满五年唯一,625万,108432元/平,低楼层 (共6层) 2室1厅 | 57.64平米 | 南 北,https://ke-image.ljcdn.com/110000-inspection/pc1_VmeJCdbo4.jpg!m_fill,w_280,h_210,f_jpg?from=ke.com
20231117,海淀,皂君庙,101115983167,此房满五年采光充足无遮挡不临街。视野开阔,488万,58952元/平,中楼层 (共19层) | 2005年 | 1室1厅 | 82.78平米 | 东北,https://ke-image.ljcdn.com/110000-inspection/pc1_e6CN8YU71.jpg!m_fill,w_280,h_210,f_jpg?from=ke.com
20231117,海淀,皂君庙,101114930735,农科院 南北朝向 通风好 小区环境好,845万,142496元/平,顶层 (共5层) 3室1厅 | 59.3平米 | 南 北,https://ke-image.ljcdn.com/110000-inspection/pc1_AqN2Q9JQK_1.jpg!m_fill,w_280,h_210,f_jpg?from=ke.com
20231117,海淀,皂君庙,101121933400,农科院 1室1厅 南新上,525万,132912元/平,底层 (共5层) 1室1厅 | 39.5平米 | 南,https://s1.ljcdn.com/pegasus/redskull/images/common/default_house_list.png?_v=202311081228217
20231117,海淀,皂君庙,101121928256,皂君东里 2室1厅 南 北新上,620万,104378元/平,中楼层 (共6层) 2室1厅 | 59.4平米 | 南 北,https://s1.ljcdn.com/pegasus/redskull/images/common/default_house_list.png?_v=202311081228217
20231117,海淀,皂君庙,101121921743,皂君东里 中间层  满五  南向没遮挡新上,480万,94862元/平,中楼层 (共5层) | 1984年 | 2室1厅 | 50.6平米 | 南,https://s1.ljcdn.com/pegasus/redskull/images/common/default_house_list.png?_v=202311081228217
20231117,海淀,皂君庙,101121858470,大钟寺 皂君庙 文林大厦  跃层 两室两厅新上,628万,145371元/平,高楼层 (共13层) 2室2厅 | 43.2平米 | 南,https://s1.ljcdn.com/pegasus/redskull/images/common/default_house_list.png?_v=202311081228217
20231117,海淀,皂君庙,101121841785,三环内2000年 鑫雅苑商品房社区 视野好采光足新上,1038万,97374元/平,中楼层 (共20层) | 2000年 | 2室2厅 | 106.6平米 | 东南,https://s1.ljcdn.com/pegasus/redskull/images/common/default_house_list.png?_v=202311081228217
20231117,海淀,皂君庙,101121838036,皂君庙丙4号院 2室1厅 南新上,592万,93038元/平,低楼层 (共6层) 2室1厅 | 63.63平米 | 南,https://s1.ljcdn.com/pegasus/redskull/images/common/default_house_list.png?_v=202311081228217
20231117,海淀,皂君庙,101121809215,皂君东里、楼龄新带电梯一居室、户型方正、产权清晰房主自荐,550万,103579元/平,低楼层 (共16层) 1室1厅 | 53.1平米 | 西南,https://s1.ljcdn.com/pegasus/redskull/images/common/default_house_list.png?_v=202311081228217
20231117,海淀,皂君庙,101121741794,数码大厦 1室1厅 西,660万,72250元/平,中楼层 (共16层) 1室1厅 | 91.35平米 | 西,https://s1.ljcdn.com/pegasus/redskull/images/common/default_house_list.png?_v=202311081228217
20231117,海淀,皂君庙,101121737492,皂君东里 2室1厅 南 北,580万,89923元/平,低楼层 (共6层) | 1983年 | 2室1厅 | 64.5平米 | 南 北,https://s1.ljcdn.com/pegasus/redskull/images/common/default_house_list.png?_v=202311081228217
20231117,海淀,皂君庙,101121687454,两南一北厨房朝北 满五唯一商品房 低楼层 采光没影响,725万,111027元/平,底层 (共5层) 3室1厅 | 65.3平米 | 南 北,https://s1.ljcdn.com/pegasus/redskull/images/common/default_house_list.png?_v=202311081228217
20231117,海淀,皂君庙,101121553828,农科院 楼龄新 正规两室一厅 中关村南大街12号,800万,116960元/平,底层 (共18层) 2室1厅 | 68.4平米 | 西北,https://s1.ljcdn.com/pegasus/redskull/images/common/default_house_list.png?_v=202311081228217
20231117,海淀,皂君庙,101121530854,农影小区两居室 魏公村 农科院 诚心出售,658万,138731元/平,中楼层 (共6层) | 1982年 | 2室1厅 | 47.43平米 | 西南,https://s1.ljcdn.com/pegasus/redskull/images/common/default_house_list.png?_v=202311081228217
20231117,海淀,皂君庙,101121478133,中鼎大厦 2室0厅 南房主自荐,390万,48328元/平,中楼层 (共8层) | 1998年 | 2室0厅 | 80.7平米 | 南,https://s1.ljcdn.com/pegasus/redskull/images/common/default_house_list.png?_v=202311081228217
20231117,海淀,皂君庙,101121463837,海淀中关村数码大厦好房推荐视野好采光佳！,620万,72617元/平,高楼层 (共16层) 1室1厅 | 85.38平米 | 西,https://s1.ljcdn.com/pegasus/redskull/images/common/default_house_list.png?_v=202311081228217
20231117,海淀,皂君庙,101120933929,农科院一层南北全明两居近地铁小区有水系,806万,143162元/平,底层 (共5层) | 1985年 | 2室1厅 | 56.3平米 | 南 北,https://s1.ljcdn.com/pegasus/redskull/images/common/default_house_list.png?_v=202311081228217
20231117,海淀,皂君庙,101120773762,皂君东里南北向三居室 单位福利分房,600万,92593元/平,顶层 (共6层) 3室1厅 | 64.8平米 | 南 西 北,https://s1.ljcdn.com/pegasus/redskull/images/common/default_house_list.png?_v=202311081228217
20231117,海淀,皂君庙,101119801169,农科院 2层田字格户型 南北 满五年唯一央产房,1030万,133593元/平,低楼层 (共6层) | 1992年 | 3室1厅 | 77.1平米 | 北 南,https://s1.ljcdn.com/pegasus/redskull/images/common/default_house_list.png?_v=202311081228217
20231117,海淀,皂君庙,101116858749,北三环西路48号院 70年产权 诚心出售 价格能谈,1690万,70012元/平,高楼层 (共24层) | 1999年 | 4室2厅 | 241.39平米 | 南 北,https://s1.ljcdn.com/pegasus/redskull/images/common/default_house_list.png?_v=202311081228217
