20230709,海淀,上地,101119739109,上地 安宁庄 宣海家园 6层带电梯 前后无遮挡必看好房,1199万,87296元/平,低楼层 (共6层) 3室2厅 | 137.35平米 | 南 北,https://ke-image.ljcdn.com/110000-inspection/pc1_heqMLMAqt.jpg!m_fill,w_280,h_210,f_jpg?from=ke.com
20230709,海淀,上地,101117626527,上地东里一区满五年唯一采光好必看好房,769万,50049元/平,中楼层 (共7层) 3室1厅 | 153.65平米 | 东,https://ke-image.ljcdn.com/110000-inspection/pc1_JS59bt1Zp_1.jpg!m_fill,w_280,h_210,f_jpg?from=ke.com
20230709,海淀,上地,101119507549,宣海家园 南北通透两居、高楼层、无遮挡交通便利,869万,77889元/平,中楼层 (共18层) 2室1厅 | 111.57平米 | 南 北,https://ke-image.ljcdn.com/110000-inspection/pc1_MlajCcNbe_1.jpg!m_fill,w_280,h_210,f_jpg?from=ke.com
20230709,海淀,上地,101119442147,明厨明卫 次顶层3+1户型 二期小区中间位置 满五唯一必看好房,1380万,96061元/平,高楼层 (共11层) 3室2厅 | 143.66平米 | 南 北,https://ke-image.ljcdn.com/110000-inspection/6ee02943-f97e-427e-9302-9bd58c0961f9_1000.jpg!m_fill,w_280,h_210,f_jpg?from=ke.com
20230709,海淀,上地,101119433056,满五唯一低楼层面积大单价低精装修居住舒适,970万,101848元/平,低楼层 (共7层) 2室2厅 | 95.24平米 | 东 西,https://ke-image.ljcdn.com/110000-inspection/15d374a7-8a65-4ac3-ba0b-62444d3cc554_1000.jpg!m_fill,w_280,h_210,f_jpg?from=ke.com
20230709,海淀,上地,101119305296,马连洼北路1号院 2层两居室 满五年唯一  随时看房房主自荐,836万,161703元/平,中楼层 (共5层) | 1997年建 | 2室1厅 | 51.7平米 | 南 北,https://ke-image.ljcdn.com/110000-inspection/pc1_4MFIxJlCN_1.jpg!m_fill,w_280,h_210,f_jpg?from=ke.com
20230709,海淀,上地,101119053993,【优质房源】当代中间位置大三居高楼层南北通透必看好房,1398万,94857元/平,中楼层 (共11层) 3室2厅 | 147.38平米 | 南 北,https://ke-image.ljcdn.com/110000-inspection/e333e2a4-f57a-4522-a4f8-9bc9f3add538_1000.jpg!m_fill,w_280,h_210,f_jpg?from=ke.com
20230709,海淀,上地,101118555180,锦顺佳园六层洋房楼四居大平层南北双通透带电梯房主自荐,1396万,91710元/平,中楼层 (共7层) 4室2厅 | 152.22平米 | 南 北,https://ke-image.ljcdn.com/110000-inspection/607ee0d0-2282-4cf7-aa9d-f3478d2f0a95_1000.jpg!m_fill,w_280,h_210,f_jpg?from=ke.com
20230709,海淀,上地,101118218591,当代城市家园南向一居自住装修满五年唯一房主自荐,508万,109862元/平,低楼层 (共12层) 1室0厅 | 46.24平米 | 南,https://ke-image.ljcdn.com/110000-inspection/3ad8d251-018d-4a4f-9592-b5ac873540e3_1000.jpg!m_fill,w_280,h_210,f_jpg?from=ke.com
20230709,海淀,上地,101118149011,宣海家园  精装修  不临街不把边  一梯两户,875万,81027元/平,底层 (共18层) 2室1厅 | 107.99平米 | 南 北,https://ke-image.ljcdn.com/110000-inspection/038f4b9f-b2ef-4e7a-b262-fd2d5a8073d0_1000.jpg!m_fill,w_280,h_210,f_jpg?from=ke.com
20230709,海淀,上地,101117902789,上第MOMA 精装修 高楼层 恒温恒湿,1280万,88545元/平,顶层 (共8层) 3室1厅 | 144.56平米 | 南 北,https://ke-image.ljcdn.com/110000-inspection/b347e3af-2d95-4afd-9693-dc92f858385d_1000.jpg!m_fill,w_280,h_210,f_jpg?from=ke.com
20230709,海淀,上地,101117758012,上地南路8号院 房改房 二层 三居必看好房,1080万,104480元/平,低楼层 (共6层) 3室1厅 | 103.37平米 | 南 北,https://ke-image.ljcdn.com/110000-inspection/pc1_9b8NO1Fc4_1.jpg!m_fill,w_280,h_210,f_jpg?from=ke.com
20230709,海淀,上地,101117628986,宣海家园优质三居落地大阳台,1170万,83865元/平,低楼层 (共18层) 3室2厅 | 139.51平米 | 南 北,https://ke-image.ljcdn.com/110000-inspection/5fe51276-c7ed-43c0-8d85-f93659d9808e_1000.jpg!m_fill,w_280,h_210,f_jpg?from=ke.com
20230709,海淀,上地,101117183504,上地南路 满五年唯一 南北通透两居室 园区中间位置,880万,100069元/平,底层 (共7层) 2室1厅 | 87.94平米 | 南 北,https://ke-image.ljcdn.com/110000-inspection/pc1_KW2j0FDLR_1.jpg!m_fill,w_280,h_210,f_jpg?from=ke.com
20230709,海淀,上地,101114896280,不带电梯的2层前后没有遮挡 价格低 看房方便必看好房,695万,79757元/平,低楼层 (共12层) | 2001年建 | 2室1厅 | 87.14平米 | 东 西,https://ke-image.ljcdn.com/110000-inspection/b18b592d-8347-4866-9442-e3150d1b360a_1000.jpg!m_fill,w_280,h_210,f_jpg?from=ke.com
20230709,海淀,上地,101111894454,上第MOMA  满五年  精装修   大三居,1345万,88762元/平,中楼层 (共10层) | 2008年建 | 3室2厅 | 151.53平米 | 西北,https://ke-image.ljcdn.com/110000-inspection/pc1_vwZYf5Mkz_1.jpg!m_fill,w_280,h_210,f_jpg?from=ke.com
20230709,海淀,上地,101119207340,上地东里 2室1厅 南,820万,107938元/平,顶层 (共6层) | 1993年建 | 2室1厅 | 75.97平米 | 南,https://ke-image.ljcdn.com/110000-inspection/pc1_VOPTWTOOz.jpg!m_fill,w_280,h_210,f_jpg?from=ke.com
20230709,海淀,上地,101117827977,怡美家园  精装修   南北  南边正对大花园,899万,103073元/平,中楼层 (共12层) | 2002年建 | 2室1厅 | 87.22平米 | 南 北,https://ke-image.ljcdn.com/110000-inspection/pc1_pzC82nyxs_1.jpg!m_fill,w_280,h_210,f_jpg?from=ke.com
20230709,海淀,上地,101115816555,上第MOMA 2室1厅 东 西,1030万,79734元/平,中楼层 (共10层) | 2008年建 | 2室1厅 | 129.18平米 | 东 西,https://ke-image.ljcdn.com/110000-inspection/pc1_sFJxx9yR7.jpg!m_fill,w_280,h_210,f_jpg?from=ke.com
20230709,海淀,上地,101119852306,怡美家园 采光无遮挡南北朝向交通便利必看好房,780万,93168元/平,高楼层 (共19层) | 2001年建 | 2室1厅 | 83.72平米 | 南 北,https://s1.ljcdn.com/pegasus/redskull/images/common/default_house_list.png?_v=20230627184713780
20230709,海淀,上地,101119224827,诚心出售 高楼层小户型  价格可谈,135万,29632元/平,中楼层 (共26层) | 2007年建 | 1室0厅 | 45.56平米 | 北,https://s1.ljcdn.com/pegasus/redskull/images/common/default_house_list.png?_v=20230627184713780
20230709,海淀,上地,101117860733,精装修高楼层恒温恒湿安静,155万,34194元/平,高楼层 (共12层) | 2011年建 | 1室1厅 | 45.33平米 | 东,https://s1.ljcdn.com/pegasus/redskull/images/common/default_house_list.png?_v=20230627184713780
20230709,海淀,上地,101120009040,当代城市家园 满五唯一 直达车库 南向带大阳台新上,535万,92931元/平,中楼层 (共12层) | 2002年建 | 1室0厅 | 57.57平米 | 南,https://ke-image.ljcdn.com/110000-inspection/91a403a1-6d0b-4606-999a-5f4f09de9a86_1000.jpg!m_fill,w_280,h_210,f_jpg?from=ke.com
20230709,海淀,上地,101119961383,马连洼北路1号院 2室1厅 南 北新上,870万,148035元/平,中楼层 (共6层) 2室1厅 | 58.77平米 | 南 北,https://ke-image.ljcdn.com/110000-inspection/8b559cbe-88ea-4876-bf6d-50be9e0d610e_1000.jpg!m_fill,w_280,h_210,f_jpg?from=ke.com
20230709,海淀,上地,101119930954,当代城市家园南北向两居室楼层好无遮挡,820万,94286元/平,中楼层 (共12层) 2室1厅 | 86.97平米 | 南 北,https://ke-image.ljcdn.com/110000-inspection/7d37d136-5e41-4c26-afe4-effcb2e338bf_1000.jpg!m_fill,w_280,h_210,f_jpg?from=ke.com
20230709,海淀,上地,101119838718,当代城市家园中间位置 南北通透两居室 视野采光好,1090万,96666元/平,高楼层 (共11层) 2室2厅 | 112.76平米 | 南 北,https://ke-image.ljcdn.com/110000-inspection/24054781-736b-4c52-889a-59bce912cd25_1000.jpg!m_fill,w_280,h_210,f_jpg?from=ke.com
20230709,海淀,上地,101119835508,上第MOMA 3室2厅 南 北,1268万,87861元/平,顶层 (共9层) 3室2厅 | 144.32平米 | 南 北,https://ke-image.ljcdn.com/110000-inspection/18ee1015-39c2-4760-a016-2ceed1869fe6_1000.jpg!m_fill,w_280,h_210,f_jpg?from=ke.com
20230709,海淀,上地,101119816338,当代城市家园全南两居满五年高楼层带电梯,980万,102457元/平,高楼层 (共11层) 2室1厅 | 95.65平米 | 南,https://ke-image.ljcdn.com/110000-inspection/3f42ebfc-2460-4040-8a31-4a52f9e17b7d_1000.jpg!m_fill,w_280,h_210,f_jpg?from=ke.com
20230709,海淀,上地,101119725052,宣海家园 南北通透 好户型 好楼层 好位置两居,885万,79096元/平,高楼层 (共18层) | 2007年建 | 2室2厅 | 111.89平米 | 南 北,https://ke-image.ljcdn.com/110000-inspection/2499b7b0-15b0-4d2f-b5fe-7eb6231a74bb_1000.jpg!m_fill,w_280,h_210,f_jpg?from=ke.com
20230709,海淀,上地,101119675567,宣海家园 高楼层 视野好 采光好居住舒适,875万,78427元/平,顶层 (共18层) | 2007年建 | 2室2厅 | 111.57平米 | 南 北,https://ke-image.ljcdn.com/110000-inspection/9349135e-1397-4bb1-9dc5-f82e09ed7318_1000.jpg!m_fill,w_280,h_210,f_jpg?from=ke.com
20230709,海淀,上地,101119675043,上地西里 3室2厅 南 北,1630万,104387元/平,中楼层 (共7层) 3室2厅 | 156.15平米 | 南 北,https://ke-image.ljcdn.com/110000-inspection/pc1_llWmeADVq_1.jpg!m_fill,w_280,h_210,f_jpg?from=ke.com
20230709,海淀,上地,101119668938,当代满五年唯一 精装修2居室 看房随时 南北通透,845万,97587元/平,低楼层 (共12层) | 2002年建 | 2室1厅 | 86.59平米 | 南 北,https://ke-image.ljcdn.com/110000-inspection/ea275872-05c6-4382-a759-7c21968b6d91_1000.jpg!m_fill,w_280,h_210,f_jpg?from=ke.com
20230709,海淀,上地,101119580608,上地西里 中楼层 视野好 满五唯一 小区中间位置房主自荐,1360万,135337元/平,中楼层 (共7层) | 2000年建 | 2室1厅 | 100.49平米 | 南 北,https://ke-image.ljcdn.com/110000-inspection/6c925643-692a-4e8e-bd1f-2add44b58412_1000.jpg!m_fill,w_280,h_210,f_jpg?from=ke.com
20230709,海淀,上地,101119573060,上地精装一居室优化两居室诚意出售 诚意出售 随时签约房主自荐,768万,172973元/平,中楼层 (共6层) 2室1厅 | 44.4平米 | 南,https://ke-image.ljcdn.com/110000-inspection/a911566f-cf29-4d75-b000-a6a6b19a1d72_1000.jpg!m_fill,w_280,h_210,f_jpg?from=ke.com
20230709,海淀,上地,101119532222,上第MOMA精装拎包入住业主诚意出售欢迎咨询,1150万,85617元/平,中楼层 (共10层) | 2007年建 | 2室1厅 | 134.32平米 | 东 西,https://ke-image.ljcdn.com/110000-inspection/7ca4a9e9-da97-4c62-bf3b-f6d7d6ebcc94_1000.jpg!m_fill,w_280,h_210,f_jpg?from=ke.com
20230709,海淀,上地,101119491795,怡美家园 格局合理 视野好 正对社区花园 户型方正,870万,99760元/平,高楼层 (共11层) | 2001年建 | 2室1厅 | 87.21平米 | 南 北,https://ke-image.ljcdn.com/110000-inspection/05694f27-3fda-4ab0-9f60-b617e9285af9_1000.jpg!m_fill,w_280,h_210,f_jpg?from=ke.com
20230709,海淀,上地,101119483702,上第MOMA 2室2厅 东 西,1030万,79636元/平,低楼层 (共10层) 2室2厅 | 129.34平米 | 东 西,https://ke-image.ljcdn.com/110000-inspection/0f794149-5e60-4608-8585-31ad5c1f87e8_1000.jpg!m_fill,w_280,h_210,f_jpg?from=ke.com
20230709,海淀,上地,101119481789,不临街中楼层满五唯一商品房自住精装,1150万,115567元/平,中楼层 (共7层) 2室2厅 | 99.51平米 | 南 北,https://ke-image.ljcdn.com/110000-inspection/e3115c6c-63df-4780-9fd4-f4bed231910a_1000.jpg!m_fill,w_280,h_210,f_jpg?from=ke.com
20230709,海淀,上地,101119475905,怡美家园 采光无遮挡南北朝向交通便利房主自荐,1232万,94646元/平,中楼层 (共5层) | 2001年建 | 3室2厅 | 130.17平米 | 南 北,https://ke-image.ljcdn.com/110000-inspection/34ab8b2c-11db-4c33-8a11-6f3a5d699ed8_1000.jpg!m_fill,w_280,h_210,f_jpg?from=ke.com
20230709,海淀,上地,101119424978,宣海家园 南北通透 视野采光好 诚意出售 随时可以签约,860万,76999元/平,顶层 (共18层) 2室2厅 | 111.69平米 | 南 北,https://ke-image.ljcdn.com/110000-inspection/76198d5e-dfef-48bc-9948-05f6e49a44ef_1000.jpg!m_fill,w_280,h_210,f_jpg?from=ke.com
20230709,海淀,上地,101119416321,上第MOMA  房子满五年是家庭名下唯一住宅  精装修房主自荐,1080万,80766元/平,低楼层 (共10层) 2室1厅 | 133.72平米 | 西北,https://ke-image.ljcdn.com/110000-inspection/7510a921-8641-4a51-871f-2fbd9eed359b_1000.jpg!m_fill,w_280,h_210,f_jpg?from=ke.com
20230709,海淀,上地,101119413310,上地佳园 中间位置中楼层 南北通透无遮挡 诚意出售,2120万,140416元/平,中楼层 (共9层) | 2004年建 | 3室2厅 | 150.98平米 | 南 北,https://ke-image.ljcdn.com/110000-inspection/02468f65-4dfe-4ac2-95b7-94d9fcaadfd5_1000.jpg!m_fill,w_280,h_210,f_jpg?from=ke.com
20230709,海淀,上地,101119408747,当代城市家园南北向两居室中间位置,1080万,108795元/平,中楼层 (共11层) | 2003年建 | 2室2厅 | 99.27平米 | 南 北,https://ke-image.ljcdn.com/110000-inspection/6699f386-fbfe-41b9-8c36-035815a09dd9_1000.jpg!m_fill,w_280,h_210,f_jpg?from=ke.com
20230709,海淀,上地,101119378880,当代城市家园南北小三居室诚意出售欢迎咨询房主自荐,1060万,107418元/平,中楼层 (共11层) 3室1厅 | 98.68平米 | 南 北,https://ke-image.ljcdn.com/110000-inspection/fad18dd2-43ed-47c9-8768-79383581faaa_1000.jpg!m_fill,w_280,h_210,f_jpg?from=ke.com
20230709,海淀,上地,101119198729,主力户型 中间位置 满五唯一 带电梯直达车库,1005万,101240元/平,中楼层 (共11层) 2室2厅 | 99.27平米 | 南 北,https://ke-image.ljcdn.com/110000-inspection/9a2a82f6-e2d6-40a4-acaf-90b093e46e73_1000.jpg!m_fill,w_280,h_210,f_jpg?from=ke.com
20230709,海淀,上地,101119159124,海淀满五年唯一 精装修 电梯房南北通透,1120万,91511元/平,中楼层 (共9层) 3室2厅 | 122.39平米 | 南 北,https://ke-image.ljcdn.com/110000-inspection/8a59f6d4-9545-4069-b6ba-66ffbdc91532_1000.jpg!m_fill,w_280,h_210,f_jpg?from=ke.com
20230709,海淀,上地,101119137870,上地佳园 3室2厅 南 北,2200万,135979元/平,中楼层 (共17层) | 2004年建 | 3室2厅 | 161.79平米 | 南 北,https://ke-image.ljcdn.com/110000-inspection/2d230682-6e07-4823-8ddd-f48d6de383a7_1000.jpg!m_fill,w_280,h_210,f_jpg?from=ke.com
20230709,海淀,上地,101119116426,电梯房 满五年唯一 眼镜户型  南北双通透 采光充足房主自荐,2150万,142055元/平,中楼层 (共8层) 3室2厅 | 151.35平米 | 南 北,https://ke-image.ljcdn.com/110000-inspection/e997a397-b02e-4de5-8ab6-03022237f580_1000.jpg!m_fill,w_280,h_210,f_jpg?from=ke.com
20230709,海淀,上地,101119032688,马连洼北路1号院 2室1厅 南,840万,156134元/平,中楼层 (共5层) | 1992年建 | 2室1厅 | 53.8平米 | 南,https://ke-image.ljcdn.com/110000-inspection/5e2f20cb-c64a-4b4f-9659-9d0b8a787784_1000.jpg!m_fill,w_280,h_210,f_jpg?from=ke.com
20230709,海淀,上地,101119006955,宣海家园 08年小区 南北通透电梯三居 视野开阔房主自荐,1190万,85299元/平,顶层 (共18层) | 2007年建 | 3室2厅 | 139.51平米 | 南 北,https://ke-image.ljcdn.com/110000-inspection/pc1_fze6VTJvP_1.jpg!m_fill,w_280,h_210,f_jpg?from=ke.com
20230709,海淀,上地,101119003651,宣海家园格局好南北通透全明格局出行方便,880万,78790元/平,低楼层 (共18层) 2室2厅 | 111.69平米 | 南 北,https://ke-image.ljcdn.com/110000-inspection/aa335760-b85b-4c18-8b72-d42c1ef390c5_1000.jpg!m_fill,w_280,h_210,f_jpg?from=ke.com
20230709,海淀,上地,101118985435,宣海家园 南北通透3居、中楼层、无遮挡交通便利,1395万,83784元/平,低楼层 (共18层) 3室2厅 | 166.5平米 | 南 北,https://ke-image.ljcdn.com/110000-inspection/b3c2cf1e-cf46-4368-9d23-cfb66f1af985_1000.jpg!m_fill,w_280,h_210,f_jpg?from=ke.com
20230709,海淀,上地,101118934072,当代城市家园南北向一居室高楼层,518万,119191元/平,顶层 (共12层) | 2002年建 | 1室1厅 | 43.46平米 | 南 北,https://ke-image.ljcdn.com/110000-inspection/pc1_NFC5ufLQh_1.jpg!m_fill,w_280,h_210,f_jpg?from=ke.com
20230709,海淀,上地,101118889182,2015年的精装一居室  满五唯一 看房有钥匙 中间位置,799万,161774元/平,中楼层 (共6层) 1室1厅 | 49.39平米 | 南,https://ke-image.ljcdn.com/110000-inspection/8aa52e6f-dbf6-4d68-9982-faf5b110d54f_1000.jpg!m_fill,w_280,h_210,f_jpg?from=ke.com
20230709,海淀,上地,101118840625,中间位置中高楼层精装修有钥匙看房方便房主自荐,930万,86048元/平,高楼层 (共18层) 2室2厅 | 108.08平米 | 南 北,https://ke-image.ljcdn.com/110000-inspection/dd6d284b-3406-4688-b3d9-23d7186b8302_1000.jpg!m_fill,w_280,h_210,f_jpg?from=ke.com
20230709,海淀,上地,101118823253,当代城市家园南北通透两居满五唯一,899万,99118元/平,低楼层 (共6层) 2室2厅 | 90.7平米 | 南 北,https://ke-image.ljcdn.com/110000-inspection/pc1_i6x9kduPn.jpg!m_fill,w_280,h_210,f_jpg?from=ke.com
20230709,海淀,上地,101118811487,当代城市家园经典南向开间业主诚意出售,500万,108625元/平,中楼层 (共12层) | 2002年建 | 1室0厅 | 46.03平米 | 南,https://ke-image.ljcdn.com/110000-inspection/bcb030b8-afa6-4552-a609-ecba6cd59b4e_1000.jpg!m_fill,w_280,h_210,f_jpg?from=ke.com
20230709,海淀,上地,101118792896,当代城市家园 主打户型 带电梯 直达车库 满五年唯一,1070万,93336元/平,低楼层 (共11层) 2室2厅 | 114.64平米 | 南 北,https://ke-image.ljcdn.com/110000-inspection/pc1_6pR0G0sff.jpg!m_fill,w_280,h_210,f_jpg?from=ke.com
20230709,海淀,上地,101118777908,有钥匙 满五可唯一 中间楼层 带电梯 价格可谈,440万,119924元/平,中楼层 (共12层) 1室0厅 | 36.69平米 | 北,https://ke-image.ljcdn.com/110000-inspection/024bc68b-b18a-4646-96a1-90e1de28cccd_1000.jpg!m_fill,w_280,h_210,f_jpg?from=ke.com
20230709,海淀,上地,101118775889,当代城市家园中间楼层满五唯一正对小区花园房主自荐,560万,96836元/平,中楼层 (共12层) 1室0厅 | 57.83平米 | 南,https://ke-image.ljcdn.com/110000-inspection/f9194a46-9e04-43cb-98c8-27e3fef358c7_1000.jpg!m_fill,w_280,h_210,f_jpg?from=ke.com
20230709,海淀,上地,101118771603,板楼三居 公摊小 户型方正南北通透 阳光正好 安静,1350万,99698元/平,中楼层 (共5层) | 2003年建 | 3室2厅 | 135.41平米 | 南 北,https://ke-image.ljcdn.com/110000-inspection/pc1_IDYEYNwQy_1.jpg!m_fill,w_280,h_210,f_jpg?from=ke.com
20230709,海淀,上地,101118759119,上地西里 2室1厅 南 北,1395万,141481元/平,底层 (共7层) | 2000年建 | 2室1厅 | 98.6平米 | 南 北,https://ke-image.ljcdn.com/110000-inspection/ed9a4373-4da1-474c-9267-1c3cc242f0fe_1000.jpg!m_fill,w_280,h_210,f_jpg?from=ke.com
20230709,海淀,上地,101118757758,上地西里三居270°采光满五年唯一,1516万,121914元/平,中楼层 (共7层) | 2000年建 | 3室2厅 | 124.35平米 | 南 北,https://ke-image.ljcdn.com/110000-inspection/54f68b14-f8fc-43db-b3bf-848f4d275493_1000.jpg!m_fill,w_280,h_210,f_jpg?from=ke.com
20230709,海淀,上地,101118757584,上地西里装修采光都很好的两居室房主自荐,1305万,129336元/平,中楼层 (共7层) | 1998年建 | 2室2厅 | 100.9平米 | 南 北,https://ke-image.ljcdn.com/110000-inspection/pc1_pLDJWHpAN_1.jpg!m_fill,w_280,h_210,f_jpg?from=ke.com
20230709,海淀,上地,101118724497,上地 电梯房 精装修 南北通透 不临街 看房效果好房主自荐,1290万,137615元/平,底层 (共7层) | 2004年建 | 2室1厅 | 93.74平米 | 南 北,https://ke-image.ljcdn.com/110000-inspection/df0b77a5-23ea-4815-b1ba-94aeb243874d_1000.jpg!m_fill,w_280,h_210,f_jpg?from=ke.com
20230709,海淀,上地,101118706564,南北通透格局好高楼层采光充足交通便利房主自荐,925万,82908元/平,高楼层 (共18层) 2室2厅 | 111.57平米 | 南 北,https://ke-image.ljcdn.com/110000-inspection/pc1_AxVrsW42K_1.jpg!m_fill,w_280,h_210,f_jpg?from=ke.com
20230709,海淀,上地,101118666279,商品房 高楼层电梯房一梯两户视野开阔 精装修,1320万,93891元/平,中楼层 (共12层) 3室1厅 | 140.59平米 | 南 北,https://ke-image.ljcdn.com/110000-inspection/6bcf44f4-39f6-4fb8-b434-9a98c0d1b3d9_1000.jpg!m_fill,w_280,h_210,f_jpg?from=ke.com
20230709,海淀,上地,101118619635,海淀区上地安宁庄怡美家园南北通透两居 精装修,820万,92447元/平,低楼层 (共19层) 2室2厅 | 88.7平米 | 南 北,https://ke-image.ljcdn.com/110000-inspection/fa096365-f911-4c12-bccd-f46b1abe13b8_1000.jpg!m_fill,w_280,h_210,f_jpg?from=ke.com
20230709,海淀,上地,101118618637,上地 安宁庄 怡美家园 前后无遮挡 两室两卫房主自荐,1039万,91413元/平,中楼层 (共5层) 2室2厅 | 113.66平米 | 南 北,https://ke-image.ljcdn.com/110000-inspection/9bd2dc4a-05a2-48ae-942f-c00a217a6a13_1000.jpg!m_fill,w_280,h_210,f_jpg?from=ke.com
20230709,海淀,上地,101118616745,去年新装修 带电梯直达车库 满五唯一房主自荐,515万,111376元/平,低楼层 (共12层) | 2002年建 | 1室0厅 | 46.24平米 | 南,https://ke-image.ljcdn.com/110000-inspection/f0520834-c374-4c49-adea-8bb4b5d735ee_1000.jpg!m_fill,w_280,h_210,f_jpg?from=ke.com
20230709,海淀,上地,101118602694,2008年小区 国家电网单位建房  一梯两户 南北通透,890万,79685元/平,高楼层 (共18层) 2室2厅 | 111.69平米 | 南 北,https://ke-image.ljcdn.com/110000-inspection/pc1_bdnqsxVoT_1.jpg!m_fill,w_280,h_210,f_jpg?from=ke.com
20230709,海淀,上地,101118588072,宣海家园 次楼层 南北格局好 近地铁 落地阳台视野开阔房主自荐,875万,78202元/平,高楼层 (共18层) 2室1厅 | 111.89平米 | 南 北,https://ke-image.ljcdn.com/110000-inspection/pc1_DTFwlbvxH_1.jpg!m_fill,w_280,h_210,f_jpg?from=ke.com
20230709,海淀,上地,101118574541,上第MOMA南北两居餐客分离满五年一套房诚意出售,975万,85527元/平,底层 (共9层) | 2007年建 | 2室1厅 | 114平米 | 南 北,https://ke-image.ljcdn.com/110000-inspection/0a30c85c-85a3-4541-9f0f-c94dfba9af5b_1000.jpg!m_fill,w_280,h_210,f_jpg?from=ke.com
20230709,海淀,上地,101118533225,上地 南北两居 中间楼层 诚意出售 看房方便,886万,148434元/平,中楼层 (共6层) | 1992年建 | 2室1厅 | 59.69平米 | 南 北,https://ke-image.ljcdn.com/110000-inspection/436673a1-756d-43ab-ab6a-5574a19f08cc_1000.jpg!m_fill,w_280,h_210,f_jpg?from=ke.com
20230709,海淀,上地,101118521985,马连洼北路1号院 南北通透3居室 户型少出房少,1130万,126272元/平,底层 (共6层) 3室1厅 | 89.49平米 | 南 北,https://ke-image.ljcdn.com/110000-inspection/22d60337-047d-4e1a-8c39-6616119c20e0_1000.jpg!m_fill,w_280,h_210,f_jpg?from=ke.com
20230709,海淀,上地,101118512175,马连洼北路1号院 两居业主诚意出售,790万,136679元/平,顶层 (共6层) 2室1厅 | 57.8平米 | 南 北,https://ke-image.ljcdn.com/110000-inspection/e27edb3f-b9ea-41fb-a5b2-7d53ca0c9814_1000.jpg!m_fill,w_280,h_210,f_jpg?from=ke.com
20230709,海淀,上地,101118499641,上地西里 精装落地窗两居室 高楼层视野好 看房方便,1290万,110721元/平,高楼层 (共7层) | 2000年建 | 2室1厅 | 116.51平米 | 南 北,https://ke-image.ljcdn.com/110000-inspection/444f91d4-150b-4058-8b24-487eff633de0_1000.jpg!m_fill,w_280,h_210,f_jpg?from=ke.com
20230709,海淀,上地,101118451276,上地西里 3室2厅 南 北,1630万,103335元/平,低楼层 (共7层) 3室2厅 | 157.74平米 | 南 北,https://ke-image.ljcdn.com/110000-inspection/pc1_zkUrRAvA7_1.jpg!m_fill,w_280,h_210,f_jpg?from=ke.com
20230709,海淀,上地,101118427653,和韵佳园 商品房满五年家庭名下唯一住宅 得房率88.9%,850万,88422元/平,顶层 (共6层) | 2008年建 | 2室1厅 | 96.13平米 | 南 北,https://ke-image.ljcdn.com/110000-inspection/395ac100-cb7f-4df9-8bac-f5557b25ecee_1000.jpg!m_fill,w_280,h_210,f_jpg?from=ke.com
20230709,海淀,上地,101118374716,上地南路6号院 2室1厅 南 北,1150万,111004元/平,高楼层 (共7层) 2室1厅 | 103.6平米 | 南 北,https://ke-image.ljcdn.com/110000-inspection/b508ac55-3e6c-4202-b54d-ccdcdbd1adc5_1000.jpg!m_fill,w_280,h_210,f_jpg?from=ke.com
20230709,海淀,上地,101118350135,上地南路8号院 3室1厅 南 北,1178万,113466元/平,高楼层 (共6层) 3室1厅 | 103.82平米 | 南 北,https://ke-image.ljcdn.com/110000-inspection/4155d296-1a8c-4209-bf19-2d9d6f76b53f_1000.jpg!m_fill,w_280,h_210,f_jpg?from=ke.com
20230709,海淀,上地,101118349119,满五唯一 朝南向带落地飘窗 楼下正对樱花大道房主自荐,479万,104063元/平,低楼层 (共12层) | 2002年建 | 1室0厅 | 46.03平米 | 南,https://ke-image.ljcdn.com/110000-inspection/0f85863f-dc0a-472b-9745-6daed3d79430_1000.jpg!m_fill,w_280,h_210,f_jpg?from=ke.com
20230709,海淀,上地,101118336390,怡美家园 3室2厅 南 北,1180万,96414元/平,中楼层 (共8层) | 2001年建 | 3室2厅 | 122.39平米 | 南 北,https://ke-image.ljcdn.com/110000-inspection/9bd16686-53ee-4f9e-bd5d-fa92139b4026_1000.jpg!m_fill,w_280,h_210,f_jpg?from=ke.com
20230709,海淀,上地,101118309023,【优质房源】当代城市家园边户三居室  装修保持好,1240万,92153元/平,低楼层 (共11层) 3室2厅 | 134.56平米 | 南 西 北,https://ke-image.ljcdn.com/110000-inspection/57b3dde0-d2a2-4059-8071-149cb1306429_1000.jpg!m_fill,w_280,h_210,f_jpg?from=ke.com
20230709,海淀,上地,101118297003,明厨有电梯1室0厅1卫东,785万,125300元/平,顶层 (共11层) | 2005年建 | 1室0厅 | 62.65平米 | 东,https://ke-image.ljcdn.com/110000-inspection/9fb9fca3-fecc-4372-a939-2a947031b3fa_1000.jpg!m_fill,w_280,h_210,f_jpg?from=ke.com
20230709,海淀,上地,101118271204,上地西里 南北三居 观景西山 采光好 满五年唯一,1398万,111573元/平,高楼层 (共7层) 3室1厅 | 125.3平米 | 南 北,https://ke-image.ljcdn.com/110000-inspection/8710a0fb-ce43-43f0-814b-05f2219acc89_1000.jpg!m_fill,w_280,h_210,f_jpg?from=ke.com
20230709,海淀,上地,101118266126,怡美家园 中间层采光好一提两户业主诚心出售房主自荐,910万,91476元/平,中楼层 (共5层) 2室2厅 | 99.48平米 | 南 北,https://ke-image.ljcdn.com/110000-inspection/b1fcd692-2616-4608-9a97-983071565b35_1000.jpg!m_fill,w_280,h_210,f_jpg?from=ke.com
20230709,海淀,上地,101118253195,次顶层 中间位置 去年刚装修 拎包入住 满五年唯一,1390万,94372元/平,高楼层 (共9层) 3室2厅 | 147.29平米 | 南 北,https://ke-image.ljcdn.com/110000-inspection/a5ab964f-ef39-47e8-8198-4b51bf7c1008_1000.jpg!m_fill,w_280,h_210,f_jpg?from=ke.com
20230709,海淀,上地,101118248046,马连洼北路1号院 2室2厅 西 北,1080万,114760元/平,底层 (共6层) | 1995年建 | 2室2厅 | 94.11平米 | 西 北,https://ke-image.ljcdn.com/110000-inspection/0b48eeb8-322c-4bd4-807f-b4fcbe6879ae_1000.jpg!m_fill,w_280,h_210,f_jpg?from=ke.com
20230709,海淀,上地,101118210128,枫润家园 3室2厅 南 北,1740万,124509元/平,低楼层 (共10层) | 2004年建 | 3室2厅 | 139.75平米 | 南 北,https://ke-image.ljcdn.com/110000-inspection/7bda40a3-5d34-4a83-b435-1f779814fad8_1000.jpg!m_fill,w_280,h_210,f_jpg?from=ke.com
20230709,海淀,上地,101118191838,怡美家园一期南北大两居室业主靠谱出售,1088万,97265元/平,中楼层 (共6层) 2室2厅 | 111.86平米 | 南 北,https://ke-image.ljcdn.com/110000-inspection/80a6705f-9d32-4b58-91c0-709fae717dcf_1000.jpg!m_fill,w_280,h_210,f_jpg?from=ke.com
20230709,海淀,上地,101118190716,当代城市家园 带电梯 直达车库 主打户型 满五年唯一,520万,112457元/平,中楼层 (共12层) 1室0厅 | 46.24平米 | 南,https://ke-image.ljcdn.com/110000-inspection/pc1_hThha2BRv_1.jpg!m_fill,w_280,h_210,f_jpg?from=ke.com
20230709,海淀,上地,101118158949,马连洼北路1号院 不临街的1居室 中间楼层 看房方便房主自荐,799万,161774元/平,中楼层 (共6层) | 1992年建 | 1室1厅 | 49.39平米 | 南,https://ke-image.ljcdn.com/110000-inspection/04998fe2-c26d-47d6-a742-1ad380a973c7_1000.jpg!m_fill,w_280,h_210,f_jpg?from=ke.com
20230709,海淀,上地,101118142703,马连洼北路1号院 满五年唯一 空置 诚意出售有钥匙,838万,144983元/平,顶层 (共6层) 2室1厅 | 57.8平米 | 南 北,https://ke-image.ljcdn.com/110000-inspection/pc1_cc5YbaZCT_1.jpg!m_fill,w_280,h_210,f_jpg?from=ke.com
20230709,海淀,上地,101118128716,上地 满五年房改房 南北通透面积大,1050万,100962元/平,顶层 (共7层) 2室1厅 | 104平米 | 南 北,https://ke-image.ljcdn.com/110000-inspection/17189934-a07e-4dd4-bf24-5bf5c2023caa_1000.jpg!m_fill,w_280,h_210,f_jpg?from=ke.com
20230709,海淀,上地,101118123239,海淀区一室一厅 清河地铁 拎包入住,579万,105600元/平,高楼层 (共12层) 1室1厅 | 54.83平米 | 西北,https://ke-image.ljcdn.com/110000-inspection/d1e9c02e-5771-40f6-9b37-960e151ca4ef_1000.jpg!m_fill,w_280,h_210,f_jpg?from=ke.com
20230709,海淀,上地,101118113630,宣海家园南北通透高楼层视野开阔采光充足。,1310万,78618元/平,顶层 (共18层) 3室2厅 | 166.63平米 | 南 北,https://ke-image.ljcdn.com/110000-inspection/a6fb1c9e-c69b-4141-8e58-ebb8315c14c8_1000.jpg!m_fill,w_280,h_210,f_jpg?from=ke.com
20230709,海淀,上地,101118094108,上地西里雅芳园中间楼栋中间楼层满五唯一,1400万,122592元/平,中楼层 (共7层) 2室1厅 | 114.2平米 | 南 北,https://ke-image.ljcdn.com/110000-inspection/98390e4a-8342-46c1-94fe-5c4739a88be7_1000.jpg!m_fill,w_280,h_210,f_jpg?from=ke.com
20230709,海淀,上地,101118091672,马连洼北路1号院精装南北两居室看房方便房主自荐,798万,142500元/平,顶层 (共5层) 2室1厅 | 56平米 | 南 北,https://ke-image.ljcdn.com/110000-inspection/83b58ab6-2c3b-4a9a-9d87-0461f861786d_1000.jpg!m_fill,w_280,h_210,f_jpg?from=ke.com
20230709,海淀,上地,101118015544,中间楼层采光视野充足小区新出全南两居房主自荐,945万,90648元/平,中楼层 (共12层) 2室2厅 | 104.25平米 | 南,https://ke-image.ljcdn.com/110000-inspection/090bd800-96d3-4766-b081-fb8ca13ef8e0_1000.jpg!m_fill,w_280,h_210,f_jpg?from=ke.com
20230709,海淀,上地,101117937660,马连洼北路1号院 1室0厅 南 北,732万,163357元/平,顶层 (共6层) 1室0厅 | 44.81平米 | 南 北,https://ke-image.ljcdn.com/110000-inspection/9f1aba48-4a98-4125-b055-8e8ed3759571_1000.jpg!m_fill,w_280,h_210,f_jpg?from=ke.com
20230709,海淀,上地,101117920495,怡美家园 有电梯  视野宽阔 采光充足,796万,90910元/平,高楼层 (共19层) | 2001年建 | 2室1厅 | 87.56平米 | 南 北,https://ke-image.ljcdn.com/110000-inspection/7be80243-b947-4354-aba3-339008a6dab6_1000.jpg!m_fill,w_280,h_210,f_jpg?from=ke.com
20230709,海淀,上地,101117914297,宣海家园 洋房三居 带电梯 前后无遮挡 视野开阔房主自荐,1190万,86640元/平,顶层 (共6层) | 2007年建 | 3室2厅 | 137.35平米 | 南 北,https://ke-image.ljcdn.com/110000-inspection/d36edbd5-1d03-49c1-8173-4b895a382e4d_1000.jpg!m_fill,w_280,h_210,f_jpg?from=ke.com
20230709,海淀,上地,101117909297,上第moma满五年唯一高层视野好自住精装看房方便房主自荐,860万,78834元/平,顶层 (共10层) 1室2厅 | 109.09平米 | 西,https://ke-image.ljcdn.com/110000-inspection/fabf039e-8e29-4bf5-96fd-8eaa2a1ccb9b_1000.jpg!m_fill,w_280,h_210,f_jpg?from=ke.com
20230709,海淀,上地,101117883451,商品房高楼层落地窗无遮挡,995万,92062元/平,高楼层 (共18层) 2室1厅 | 108.08平米 | 南 北,https://ke-image.ljcdn.com/110000-inspection/1bc9ecf2-ac37-4953-b323-15dcf73aa94a_1000.jpg!m_fill,w_280,h_210,f_jpg?from=ke.com
20230709,海淀,上地,101117874156,上地南路10号院枫润家园电梯大两居,1300万,124665元/平,高楼层 (共10层) | 2004年建 | 2室2厅 | 104.28平米 | 南 北,https://ke-image.ljcdn.com/110000-inspection/453f1810-db9f-45e0-8187-c8c3ef204b3c_1000.jpg!m_fill,w_280,h_210,f_jpg?from=ke.com
20230709,海淀,上地,101117869618,怡美家园 中间层电梯三居采光好一提两户。,1099万,89795元/平,低楼层 (共9层) 3室2厅 | 122.39平米 | 南 北,https://ke-image.ljcdn.com/110000-inspection/pc1_yFC6US6Ch_1.jpg!m_fill,w_280,h_210,f_jpg?from=ke.com
20230709,海淀,上地,101117827796,马连洼北路1号院 3室2厅 南,885万,164499元/平,底层 (共5层) 3室2厅 | 53.8平米 | 南,https://ke-image.ljcdn.com/110000-inspection/06735243-b486-4acb-97ed-66e9670969b5_1000.jpg!m_fill,w_280,h_210,f_jpg?from=ke.com
20230709,海淀,上地,101117799490,当代城市家园 精装南向一室 电梯房,568万,98219元/平,中楼层 (共12层) 1室0厅 | 57.83平米 | 南,https://ke-image.ljcdn.com/110000-inspection/0bd4490e-cc82-4244-b6c6-5329225dfdd0_1000.jpg!m_fill,w_280,h_210,f_jpg?from=ke.com
20230709,海淀,上地,101117717391,马连洼北路1号院 南北通透 位置好 采光好 无遮挡,796万,153966元/平,顶层 (共5层) 2室1厅 | 51.7平米 | 南 北,https://ke-image.ljcdn.com/110000-inspection/655a1e40-c7a6-4cfc-9400-4b27d4778e77_1000.jpg!m_fill,w_280,h_210,f_jpg?from=ke.com
20230709,海淀,上地,101117707596,明厅明卫中间楼层采光好视野棒,789万,177703元/平,中楼层 (共6层) 1室1厅 | 44.4平米 | 南,https://ke-image.ljcdn.com/110000-inspection/pc1_COCpd7vM6_1.jpg!m_fill,w_280,h_210,f_jpg?from=ke.com
20230709,海淀,上地,101117688193,南北通透格局好楼层好配套设施齐全交通便利,950万,84905元/平,中楼层 (共18层) 2室1厅 | 111.89平米 | 南 北,https://ke-image.ljcdn.com/110000-inspection/pc1_QIW6TZ47O_1.jpg!m_fill,w_280,h_210,f_jpg?from=ke.com
20230709,海淀,上地,101117664574,明厨卧室朝南2室1厅1卫南房主自荐,840万,151543元/平,低楼层 (共6层) | 1996年建 | 2室1厅 | 55.43平米 | 南,https://ke-image.ljcdn.com/110000-inspection/6b7e8408-0449-43fe-8c28-01b43bb60c1d_1000.jpg!m_fill,w_280,h_210,f_jpg?from=ke.com
20230709,海淀,上地,101117592801,上地 低楼层 南北通透大两居采光好 看房效果好,995万,105381元/平,低楼层 (共6层) 2室1厅 | 94.42平米 | 北 南,https://ke-image.ljcdn.com/110000-inspection/9dce8809-e1a6-4db5-b71f-beb6fdd27c31_1000.jpg!m_fill,w_280,h_210,f_jpg?from=ke.com
20230709,海淀,上地,101117240345,当代城市家园南向一居满五年可唯一中高层采光充足,510万,110798元/平,高楼层 (共12层) | 2002年建 | 1室0厅 | 46.03平米 | 南,https://ke-image.ljcdn.com/110000-inspection/6fe4d978-d0a2-4f13-a147-104997537b81_1000.jpg!m_fill,w_280,h_210,f_jpg?from=ke.com
20230709,海淀,上地,101117218090,当代城市家园南北两居室带电梯,850万,97735元/平,中楼层 (共12层) 2室1厅 | 86.97平米 | 南 北,https://ke-image.ljcdn.com/110000-inspection/pc1_fTR4zpBmD_1.jpg!m_fill,w_280,h_210,f_jpg?from=ke.com
20230709,海淀,上地,101117217445,08年小区 国家电网单位分房 南北向 地铁方便 清河站,930万,86048元/平,低楼层 (共18层) 2室1厅 | 108.08平米 | 南 北,https://ke-image.ljcdn.com/110000-inspection/e3b18374-666f-4777-a941-f75de8154495_1000.jpg!m_fill,w_280,h_210,f_jpg?from=ke.com
20230709,海淀,上地,101117195208,怡美家园南北三居满五年诚意出售,1320万,93704元/平,低楼层 (共10层) 3室2厅 | 140.87平米 | 南 北,https://ke-image.ljcdn.com/110000-inspection/a113b1b8-fb30-4d25-a8a6-64b65a4ae1b2_1000.jpg!m_fill,w_280,h_210,f_jpg?from=ke.com
20230709,海淀,上地,101117155510,当代城市家园  小区中间位置  看房方便,1285万,105233元/平,低楼层 (共6层) | 2002年建 | 3室2厅 | 122.11平米 | 南 北,https://ke-image.ljcdn.com/110000-inspection/pc1_yD0xLUPBu.jpg!m_fill,w_280,h_210,f_jpg?from=ke.com
20230709,海淀,上地,101117128016,上地 安宁庄 怡美家园 带电梯 直通地库房主自荐,1350万,93491元/平,中楼层 (共10层) | 2001年建 | 3室2厅 | 144.4平米 | 西南 北,https://ke-image.ljcdn.com/110000-inspection/pc1_kCrjfkza0.jpg!m_fill,w_280,h_210,f_jpg?from=ke.com
20230709,海淀,上地,101117117828,宣海家园次顶层 全明格局 南北通透视野佳,938万,83452元/平,高楼层 (共18层) 2室2厅 | 112.4平米 | 南 北,https://ke-image.ljcdn.com/110000-inspection/pc1_ocTdgOQMc.jpg!m_fill,w_280,h_210,f_jpg?from=ke.com
20230709,海淀,上地,101117104383,当代城市家园南向开间落地窗中间楼层,490万,105969元/平,中楼层 (共12层) 1室0厅 | 46.24平米 | 南,https://ke-image.ljcdn.com/110000-inspection/pc1_FZqE5nC3r.jpg!m_fill,w_280,h_210,f_jpg?from=ke.com
20230709,海淀,上地,101117059240,怡美家园中高楼层电梯房视野好南北通透满五唯一房主自荐,1269万,90411元/平,高楼层 (共10层) 3室2厅 | 140.36平米 | 南 北,https://ke-image.ljcdn.com/110000-inspection/pc1_XBVUOhP1y.jpg!m_fill,w_280,h_210,f_jpg?from=ke.com
20230709,海淀,上地,101117052875,当代城市家园正规一居室精装中间楼层,570万,105929元/平,中楼层 (共12层) | 2002年建 | 1室1厅 | 53.81平米 | 北,https://ke-image.ljcdn.com/110000-inspection/65b6dcb9-b054-4eb7-8ef2-a6bc9e72bb01_1000.jpg!m_fill,w_280,h_210,f_jpg?from=ke.com
20230709,海淀,上地,101117052052,上地东里一区 有电梯 单价低 看房方便,750万,62636元/平,中楼层 (共7层) 2室1厅 | 119.74平米 | 西,https://ke-image.ljcdn.com/110000-inspection/pc1_GQpUZbHo2_1.jpg!m_fill,w_280,h_210,f_jpg?from=ke.com
20230709,海淀,上地,101117030960,当代城市家园开间诚意出售 中间层 保持好,555万,96405元/平,低楼层 (共12层) | 2002年建 | 1室0厅 | 57.57平米 | 南,https://ke-image.ljcdn.com/110000-inspection/13d9e4cd-d3cf-4b06-a974-80de8c68b681_1000.jpg!m_fill,w_280,h_210,f_jpg?from=ke.com
20230709,海淀,上地,101117026145,新上东西通透两居电梯直达满五唯一商品房房主自荐,756万,86757元/平,中楼层 (共12层) | 2001年建 | 2室1厅 | 87.14平米 | 东 西,https://ke-image.ljcdn.com/110000-inspection/pc1_wmARzhJSL.jpg!m_fill,w_280,h_210,f_jpg?from=ke.com
20230709,海淀,上地,101117022175,安宁庄上第摩码园精装三居室拎包入住,1310万,83440元/平,中楼层 (共10层) | 2008年建 | 3室2厅 | 157平米 | 南 北,https://ke-image.ljcdn.com/110000-inspection/bdd041c4-384e-4cc9-bc58-0250316b50af_1000.jpg!m_fill,w_280,h_210,f_jpg?from=ke.com
20230709,海淀,上地,101117002531,马连洼北路1号院 南北通透 采光好 无遮挡,830万,143599元/平,中楼层 (共6层) | 1992年建 | 2室1厅 | 57.8平米 | 南 北,https://ke-image.ljcdn.com/110000-inspection/pc1_K1SGwRhYt.jpg!m_fill,w_280,h_210,f_jpg?from=ke.com
20230709,海淀,上地,101116992305,怡美家园 有电梯 一梯两户 视野宽阔 采光充足,882万,89808元/平,低楼层 (共9层) 1室2厅 | 98.21平米 | 南 北,https://ke-image.ljcdn.com/110000-inspection/02790f1b-d1c3-47b0-9f72-656a4d3c0910_1000.jpg!m_fill,w_280,h_210,f_jpg?from=ke.com
20230709,海淀,上地,101116955173,独立门厅 电梯入户  私密性好 净层高2.7米,1608万,84846元/平,低楼层 (共10层) | 2008年建 | 4室2厅 | 189.52平米 | 南 北 东,https://ke-image.ljcdn.com/110000-inspection/pc1_yhCAgLKuo_1.jpg!m_fill,w_280,h_210,f_jpg?from=ke.com
20230709,海淀,上地,101116906931,上地南路6号院 两居室 诚意出售 满两年,795万,97714元/平,底层 (共7层) | 1998年建 | 2室1厅 | 81.36平米 | 东南,https://ke-image.ljcdn.com/110000-inspection/pc1_cjjenC5tc.jpg!m_fill,w_280,h_210,f_jpg?from=ke.com
20230709,海淀,上地,101116861946,上地东里上下两层均有洗手间适合三代人居住。,1560万,89092元/平,高楼层 (共7层) | 1996年建 | 4室3厅 | 175.1平米 | 东南,https://ke-image.ljcdn.com/110000-inspection/pc1_K8NmW4J8G.jpg!m_fill,w_280,h_210,f_jpg?from=ke.com
20230709,海淀,上地,101116786644,当代城市家园 满五唯一商品房 南向一居 精装修房主自荐,588万,102137元/平,中楼层 (共12层) | 2002年建 | 1室0厅 | 57.57平米 | 南,https://ke-image.ljcdn.com/110000-inspection/pc1_ew0tfW8Sv.jpg!m_fill,w_280,h_210,f_jpg?from=ke.com
20230709,海淀,上地,101116664581,上地西里 平层大四居 满五年唯一 位置好 看房方便,1700万,94069元/平,中楼层 (共7层) | 2000年建 | 4室1厅 | 180.72平米 | 南 北,https://ke-image.ljcdn.com/110000-inspection/pc1_9CUmhvtzF.jpg!m_fill,w_280,h_210,f_jpg?from=ke.com
20230709,海淀,上地,101116513821,马连洼北路1号院 全明格局一居室 业主诚意出售,747万,168244元/平,高楼层 (共6层) 1室1厅 | 44.4平米 | 南,https://ke-image.ljcdn.com/110000-inspection/3a7d4250-436d-4bba-85bb-4a05a094096a_1000.jpg!m_fill,w_280,h_210,f_jpg?from=ke.com
20230709,海淀,上地,101116501506,宣海家园南北向通透三居室两卫。,1190万,85299元/平,低楼层 (共18层) 3室2厅 | 139.51平米 | 南 北,https://ke-image.ljcdn.com/110000-inspection/pc1_YdSAcK34P.jpg!m_fill,w_280,h_210,f_jpg?from=ke.com
20230709,海淀,上地,101116470614,锦顺佳园大三居南北通透全明格局房主自荐,1369万,97891元/平,中楼层 (共12层) 3室2厅 | 139.85平米 | 南 北,https://ke-image.ljcdn.com/110000-inspection/42e5516f-38e7-4a56-b450-4f0d35f3f6a2_1000.jpg!m_fill,w_280,h_210,f_jpg?from=ke.com
20230709,海淀,上地,101116172980,视野宽阔采光充足 南北通透全明格局,1255万,121023元/平,中楼层 (共7层) | 1998年建 | 2室1厅 | 103.7平米 | 南 北,https://ke-image.ljcdn.com/110000-inspection/65e1b2b4-b4a0-4b3c-bebd-50609c76f1aa_1000.jpg!m_fill,w_280,h_210,f_jpg?from=ke.com
20230709,海淀,上地,101116172460,宣海家园大三居 户型方正 带电梯,1310万,78618元/平,低楼层 (共18层) | 2007年建 | 3室2厅 | 166.63平米 | 南 北,https://ke-image.ljcdn.com/110000-inspection/498708c9-6811-4ee2-8807-e4b64558a81b_1000.jpg!m_fill,w_280,h_210,f_jpg?from=ke.com
20230709,海淀,上地,101116166039,怡美家园一层下跃户型靠谱卖有钥匙看房方便房主自荐,1039万,119412元/平,底层 (共12层) 3室2厅 | 87.01平米 | 南 北,https://ke-image.ljcdn.com/110000-inspection/409d83ed-c3cd-48f8-98d1-09e41605a535_1000.jpg!m_fill,w_280,h_210,f_jpg?from=ke.com
20230709,海淀,上地,101116103078,当代城市家园 南向一居室  满两年,490万,106453元/平,中楼层 (共12层) | 2003年建 | 1室1厅 | 46.03平米 | 南,https://ke-image.ljcdn.com/110000-inspection/240a5ca7-1e2d-4d2c-9ed5-439d2082d28c_1000.jpg!m_fill,w_280,h_210,f_jpg?from=ke.com
20230709,海淀,上地,101116065508,2008年小区 宣海家园 花园小区 带电梯三居,1250万,89600元/平,底层 (共18层) 3室2厅 | 139.51平米 | 南 北,https://ke-image.ljcdn.com/110000-inspection/pc1_imyGtrsw0.jpg!m_fill,w_280,h_210,f_jpg?from=ke.com
20230709,海淀,上地,101115868036,明厅明卫配套齐全采光好视野棒房主自荐,890万,162766元/平,底层 (共6层) 2室1厅 | 54.68平米 | 南 北,https://ke-image.ljcdn.com/110000-inspection/18a1d264-61f5-4ffc-ac29-3318fa502c26_1000.jpg!m_fill,w_280,h_210,f_jpg?from=ke.com
20230709,海淀,上地,101115836849,上地西里 2层 满五唯一 小区中间位置 诚意出售房主自荐,1380万,121887元/平,低楼层 (共7层) 2室1厅 | 113.22平米 | 南 北,https://ke-image.ljcdn.com/110000-inspection/pc1_d0WcYzZWI.jpg!m_fill,w_280,h_210,f_jpg?from=ke.com
20230709,海淀,上地,101115780392,怡美家园：精装复式高楼层视野好拎包入住,1120万,99698元/平,顶层 (共11层) | 2007年建 | 3室2厅 | 112.34平米 | 北 南,https://ke-image.ljcdn.com/110000-inspection/72c5e6b5-8678-4f71-b4ae-bc3116bae772_1000.jpg!m_fill,w_280,h_210,f_jpg?from=ke.com
20230709,海淀,上地,101115593263,当代城市家园 优质房源 居住舒适,540万,117315元/平,中楼层 (共12层) | 2002年建 | 1室0厅 | 46.03平米 | 南,https://ke-image.ljcdn.com/110000-inspection/e797ed42-fa35-4508-a091-f25ab3e929a0_1000.jpg!m_fill,w_280,h_210,f_jpg?from=ke.com
20230709,海淀,上地,101115545819,马连洼北路1号院 2室1厅 南 北房主自荐,842万,150358元/平,中楼层 (共5层) | 1992年建 | 2室1厅 | 56平米 | 南 北,https://ke-image.ljcdn.com/110000-inspection/f26ec9a4-ad1d-4c5f-8a3f-12272b1e4dba_1000.jpg!m_fill,w_280,h_210,f_jpg?from=ke.com
20230709,海淀,上地,101115405882,怡美家园  全明格局正规三居   电梯房  中间楼层房主自荐,845万,80088元/平,中楼层 (共12层) 3室1厅 | 105.51平米 | 西北,https://ke-image.ljcdn.com/110000-inspection/pc1_w5dZUot5m.jpg!m_fill,w_280,h_210,f_jpg?from=ke.com
20230709,海淀,上地,101115335991,上地佳园眼睛户型三居室 满五年 随时可以签约,2100万,140253元/平,中楼层 (共17层) | 2004年建 | 3室2厅 | 149.73平米 | 南 北,https://ke-image.ljcdn.com/110000-inspection/pc1_7nvpMHUXM.jpg!m_fill,w_280,h_210,f_jpg?from=ke.com
20230709,海淀,上地,101115264304,马连洼北路1号院满五年南北通透,840万,161539元/平,顶层 (共5层) | 1992年建 | 2室1厅 | 52平米 | 南 北,https://ke-image.ljcdn.com/110000-inspection/d7c54d99-24cd-4c9f-89cb-2a5168ff4048_1000.jpg!m_fill,w_280,h_210,f_jpg?from=ke.com
20230709,海淀,上地,101115247180,高科技私密住宅 电梯直接入住 单价低 精装高楼层,1196万,89042元/平,中楼层 (共10层) | 2007年建 | 3室1厅 | 134.32平米 | 西南 西北,https://ke-image.ljcdn.com/110000-inspection/pc1_kafSL4rJX_1.jpg!m_fill,w_280,h_210,f_jpg?from=ke.com
20230709,海淀,上地,101115155454,安宁庄锦顺佳园满五唯一大复式诚心出售,2010万,83824元/平,高楼层 (共12层) 5室2厅 | 239.79平米 | 南 北,https://ke-image.ljcdn.com/110000-inspection/pc1_ITma0OMQo.jpg!m_fill,w_280,h_210,f_jpg?from=ke.com
20230709,海淀,上地,101115086669,上第MOMA南北通透精装修满五唯一房主自荐,799万,81027元/平,底层 (共10层) 3室2厅 | 98.61平米 | 南 北,https://ke-image.ljcdn.com/110000-inspection/964f9f82-1e83-4cbd-9d4f-4bd90f69ce38_1000.jpg!m_fill,w_280,h_210,f_jpg?from=ke.com
20230709,海淀,上地,101115060628,枫润家园 南北通透两居室带电梯,1180万,125881元/平,低楼层 (共7层) | 2004年建 | 2室1厅 | 93.74平米 | 南 北,https://ke-image.ljcdn.com/110000-inspection/pc1_fynIGUrca_1.jpg!m_fill,w_280,h_210,f_jpg?from=ke.com
20230709,海淀,上地,101115059604,怡美家园 业主急售房 购房成本低 看房有钥匙房主自荐,1130万,80496元/平,高楼层 (共19层) | 2001年建 | 3室2厅 | 140.38平米 | 南 北,https://ke-image.ljcdn.com/110000-inspection/15fe7a35-32a8-4efc-8bf6-2b05abd954a0_1000.jpg!m_fill,w_280,h_210,f_jpg?from=ke.com
20230709,海淀,上地,101115015595,当代城市家园南北两居满两年诚意出售,822万,94756元/平,顶层 (共6层) | 2002年建 | 2室2厅 | 86.75平米 | 南 北,https://ke-image.ljcdn.com/110000-inspection/a8746b0f-003a-4027-a4b0-c440edf30d71_1000.jpg!m_fill,w_280,h_210,f_jpg?from=ke.com
20230709,海淀,上地,101114814840,海淀电梯四居 直达车库 南北观花园,1448万,86515元/平,中楼层 (共10层) | 2001年建 | 4室2厅 | 167.37平米 | 南 北,https://ke-image.ljcdn.com/110000-inspection/pc1_0NtRiSGtY_1.jpg!m_fill,w_280,h_210,f_jpg?from=ke.com
20230709,海淀,上地,101114752058,上第MOMA南北通透大3居 满五年唯一 诚意 看房方便房主自荐,1240万,85921元/平,底层 (共9层) | 2008年建 | 3室1厅 | 144.32平米 | 南 北,https://ke-image.ljcdn.com/110000-inspection/c483dfb8-6698-4de1-8405-cf5f9faeba7a_1000.jpg!m_fill,w_280,h_210,f_jpg?from=ke.com
20230709,海淀,上地,101114607573,当代南北通透两居室满五唯一业主诚售.,930万,100508元/平,高楼层 (共6层) 2室2厅 | 92.53平米 | 南 北,https://ke-image.ljcdn.com/110000-inspection/pc1_tUVjWPaI6.jpg!m_fill,w_280,h_210,f_jpg?from=ke.com
20230709,海淀,上地,101114409905,上地 南北大三居 稳定出售 看房方便 前后无遮挡,1200万,99338元/平,顶层 (共6层) | 1999年建 | 3室1厅 | 120.8平米 | 南 北,https://ke-image.ljcdn.com/110000-inspection/pc1_I5pJitk78_1.jpg!m_fill,w_280,h_210,f_jpg?from=ke.com
20230709,海淀,上地,101114336391,上地东里四区满五唯一商品房中间楼层看房方便。,1600万,90294元/平,低楼层 (共10层) | 1997年建 | 4室1厅 | 177.2平米 | 东 西,https://ke-image.ljcdn.com/110000-inspection/pc1_ft2tYsSeG_1.jpg!m_fill,w_280,h_210,f_jpg?from=ke.com
20230709,海淀,上地,101114246223,南向180度采光 观景大3居 带电梯  采光好 ！,1520万,115943元/平,中楼层 (共11层) | 2005年建 | 3室2厅 | 131.1平米 | 南,https://ke-image.ljcdn.com/110000-inspection/620dd4ec-3b0a-4aee-a82f-be13a6a44b65_1000.jpg!m_fill,w_280,h_210,f_jpg?from=ke.com
20230709,海淀,上地,101113983537,马连洼北路1号院 2室1厅 南,750万,139406元/平,顶层 (共5层) 2室1厅 | 53.8平米 | 南,https://ke-image.ljcdn.com/110000-inspection/ecaf1fdc-605d-48e0-8b70-f5813bdc2a79_1000.jpg!m_fill,w_280,h_210,f_jpg?from=ke.com
20230709,海淀,上地,101113411757,上地东里正规四居室 上下两层大复式单独走门,1550万,85025元/平,高楼层 (共7层) | 1996年建 | 4室2厅 | 182.3平米 | 南 西,https://ke-image.ljcdn.com/110000-inspection/pc1_LJWxk9IJq.jpg!m_fill,w_280,h_210,f_jpg?from=ke.com
20230709,海淀,上地,101113390791,马连洼北路1号院精装修南向一居室房主自荐,830万,149739元/平,低楼层 (共6层) | 1996年建 | 1室1厅 | 55.43平米 | 南,https://ke-image.ljcdn.com/110000-inspection/f58d9821-ce55-49df-9480-d7dde2b1de4b_1000.jpg!m_fill,w_280,h_210,f_jpg?from=ke.com
20230709,海淀,上地,101112061065,上地西里 正规南北三居室 户型方正 诚意出售房主自荐,1550万,117398元/平,底层 (共7层) | 2000年建 | 3室1厅 | 132.03平米 | 南 北,https://ke-image.ljcdn.com/110000-inspection/pc1_5uPT8NEU1_1.jpg!m_fill,w_280,h_210,f_jpg?from=ke.com
20230709,海淀,上地,101111868755,上第MOMA南北通透精装一居室,820万,83359元/平,底层 (共9层) 1室1厅 | 98.37平米 | 南 北,https://ke-image.ljcdn.com/110000-inspection/pc1_MwFvEgIYb_1.jpg!m_fill,w_280,h_210,f_jpg?from=ke.com
20230709,海淀,上地,101120010752,当代城市家园 1室0厅 南新上,550万,95536元/平,低楼层 (共12层) | 2004年建 | 1室0厅 | 57.57平米 | 南,https://ke-image.ljcdn.com/110000-inspection/44e7642c-fe0b-4167-9cb5-72cbff48983b_1000.jpg!m_fill,w_280,h_210,f_jpg?from=ke.com
20230709,海淀,上地,101119981629,宣海家园 南北通透两居 一提两户 高楼层 挡交通便利新上,910万,81476元/平,中楼层 (共18层) 2室2厅 | 111.69平米 | 南 北,https://ke-image.ljcdn.com/110000-inspection/5ba97300-94e6-47e9-af25-6cdd15c6788d_1000.jpg!m_fill,w_280,h_210,f_jpg?from=ke.com
20230709,海淀,上地,101119865707,上地东里 精装四居 满五年唯一 拎包入住,1460万,90353元/平,顶层 (共6层) | 1993年建 | 4室2厅 | 161.59平米 | 东 西,https://ke-image.ljcdn.com/110000-inspection/pc1_uE98ul7XC_1.jpg!m_fill,w_280,h_210,f_jpg?from=ke.com
20230709,海淀,上地,101119858513,上地东里  单价低  采光好 看房方便,885万,97953元/平,顶层 (共6层) 3室1厅 | 90.35平米 | 南,https://ke-image.ljcdn.com/110000-inspection/pc1_7nXienVND_1.jpg!m_fill,w_280,h_210,f_jpg?from=ke.com
20230709,海淀,上地,101119796793,怡美家园中间位置南北三居满五年欢迎咨询.,1465万,97059元/平,中楼层 (共10层) 3室2厅 | 150.94平米 | 南 西 北,https://ke-image.ljcdn.com/110000-inspection/54b4f6a4-ce37-427e-8f44-40a88a4716a1_1000.jpg!m_fill,w_280,h_210,f_jpg?from=ke.com
20230709,海淀,上地,101119781014,上地佳园一居室采光好无遮挡随时交易,760万,113062元/平,中楼层 (共11层) | 2005年建 | 1室0厅 | 67.22平米 | 西,https://ke-image.ljcdn.com/110000-inspection/63ffb397-8b38-497c-9303-6b4b9fba2530_1000.jpg!m_fill,w_280,h_210,f_jpg?from=ke.com
20230709,海淀,上地,101119717358,买一层下跃一层不算面积 视野好拎包入住 精装修,1070万,119661元/平,底层 (共9层) 2室2厅 | 89.42平米 | 南 北,https://ke-image.ljcdn.com/110000-inspection/8660c740-2722-49b7-89e0-c04cbeb1b09d_1000.jpg!m_fill,w_280,h_210,f_jpg?from=ke.com
20230709,海淀,上地,101119686529,上地西里 3室2厅 南 北,1480万,101301元/平,中楼层 (共7层) | 1997年建 | 3室2厅 | 146.1平米 | 南 北,https://ke-image.ljcdn.com/110000-inspection/aa8e97ee-28b3-4b35-bc61-93c6a6a1448a_1000.jpg!m_fill,w_280,h_210,f_jpg?from=ke.com
20230709,海淀,上地,101119664721,上地两居室 诚意出售 随时配合签约 接受置换周期,885万,148267元/平,高楼层 (共6层) 2室1厅 | 59.69平米 | 南 北,https://ke-image.ljcdn.com/110000-inspection/4880e211-ab76-41b2-896f-7228e78c5932_1000.jpg!m_fill,w_280,h_210,f_jpg?from=ke.com
20230709,海淀,上地,101119658801,满五年唯一中间楼层随时交易,899万,155537元/平,中楼层 (共6层) | 1992年建 | 2室1厅 | 57.8平米 | 南 北,https://ke-image.ljcdn.com/110000-inspection/00a30950-381d-4232-a59e-3149053f8f82_1000.jpg!m_fill,w_280,h_210,f_jpg?from=ke.com
20230709,海淀,上地,101119399249,南北通透明厨有电梯精装修,1300万,127302元/平,底层 (共12层) | 2002年建 | 3室2厅 | 102.12平米 | 南 北,https://ke-image.ljcdn.com/110000-inspection/pc1_E5rVgaShD.jpg!m_fill,w_280,h_210,f_jpg?from=ke.com
20230709,海淀,上地,101119339479,上地东里  视野开阔  适合三代人居住,1490万,85095元/平,顶层 (共6层) | 1996年建 | 4室2厅 | 175.1平米 | 南 北,https://ke-image.ljcdn.com/110000-inspection/7bba260d-08ef-4ec1-b7ce-75784b1b195f_1000.jpg!m_fill,w_280,h_210,f_jpg?from=ke.com
20230709,海淀,上地,101119135705,锦顺佳园 4室2厅 南 北,1590万,114860元/平,底层 (共12层) 4室2厅 | 138.43平米 | 南 北,https://ke-image.ljcdn.com/110000-inspection/0709d609-7188-46ed-8cb5-32263cc85b79_1000.jpg!m_fill,w_280,h_210,f_jpg?from=ke.com
20230709,海淀,上地,101119132814,满五唯一落地窗直观小区花园,1080万,91565元/平,顶层 (共11层) | 2001年建 | 3室2厅 | 117.95平米 | 南 北,https://ke-image.ljcdn.com/110000-inspection/pc1_NG6yieVjg_1.jpg!m_fill,w_280,h_210,f_jpg?from=ke.com
20230709,海淀,上地,101119128971,安宁庄安宁庄上第摩码园精装大三居室,1398万,89581元/平,中楼层 (共9层) 4室2厅 | 156.06平米 | 西 南 北,https://ke-image.ljcdn.com/110000-inspection/pc1_vgl8LGkfJ_1.jpg!m_fill,w_280,h_210,f_jpg?from=ke.com
20230709,海淀,上地,101119071407,当代城市家园 3室2厅 南 北,1260万,99874元/平,中楼层 (共6层) 3室2厅 | 126.16平米 | 南 北,https://ke-image.ljcdn.com/110000-inspection/583245b9-498f-4130-83bd-26eb6a6ba3ad_1000.jpg!m_fill,w_280,h_210,f_jpg?from=ke.com
20230709,海淀,上地,101119056103,上地东里 南北通透  精装修  采光充足  户型方正,1380万,92930元/平,顶层 (共6层) | 1997年建 | 4室2厅 | 148.5平米 | 东 南 北,https://ke-image.ljcdn.com/110000-inspection/pc1_kMZyvg1ih_1.jpg!m_fill,w_280,h_210,f_jpg?from=ke.com
20230709,海淀,上地,101119047666,上地佳园东向一居室  带电梯的9层 随时看房,775万,114986元/平,高楼层 (共11层) | 2005年建 | 1室0厅 | 67.4平米 | 东,https://ke-image.ljcdn.com/110000-inspection/pc1_YiNLqq3cp_1.jpg!m_fill,w_280,h_210,f_jpg?from=ke.com
20230709,海淀,上地,101119008967,小区中间位置  南北三居 满五年唯一 业主装修保持好,1050万,88818元/平,顶层 (共6层) | 2002年建 | 3室2厅 | 118.22平米 | 南 北,https://ke-image.ljcdn.com/110000-inspection/2ccb1401-c78c-447b-a650-fcb7746fd992_1000.jpg!m_fill,w_280,h_210,f_jpg?from=ke.com
20230709,海淀,上地,101118980277,上地佳园 1室0厅 西南,859万,107888元/平,中楼层 (共11层) | 2005年建 | 1室0厅 | 79.62平米 | 西南,https://ke-image.ljcdn.com/110000-inspection/12229e13-1621-4bc8-9d04-899176ccf500_1000.jpg!m_fill,w_280,h_210,f_jpg?from=ke.com
20230709,海淀,上地,101118978856,上地西里  复式  五居室 采光视野开阔,1650万,79776元/平,高楼层 (共7层) | 2000年建 | 5室2厅 | 206.83平米 | 南 北,https://ke-image.ljcdn.com/110000-inspection/0766654e-d826-47f5-9b04-e28f59596944_1000.jpg!m_fill,w_280,h_210,f_jpg?from=ke.com
20230709,海淀,上地,101118965252,明厨有电梯1室1厅1卫东,850万,143002元/平,顶层 (共11层) | 2005年建 | 1室1厅 | 59.44平米 | 东,https://ke-image.ljcdn.com/110000-inspection/pc1_xv4tNf5Ek_1.jpg!m_fill,w_280,h_210,f_jpg?from=ke.com
20230709,海淀,上地,101118928675,上地西里 满五年 正规三居室 诚意出售,1345万,92275元/平,中楼层 (共7层) | 1999年建 | 3室2厅 | 145.76平米 | 西南,https://ke-image.ljcdn.com/110000-inspection/a0ff7232-cb4a-4581-a189-aebb28ae5f7f_1000.jpg!m_fill,w_280,h_210,f_jpg?from=ke.com
20230709,海淀,上地,101118925237,怡美家园 下跃户型 交通便利 精装修,1500万,122560元/平,底层 (共12层) 3室2厅 | 122.39平米 | 南 北,https://ke-image.ljcdn.com/110000-inspection/1d5b822b-4ac0-4e40-9895-710e7f28cd31_1000.jpg!m_fill,w_280,h_210,f_jpg?from=ke.com
20230709,海淀,上地,101118865426,海淀区 上地 安宁庄 怡美家园 带电梯复式,1050万,81617元/平,高楼层 (共12层) | 2001年建 | 3室2厅 | 128.65平米 | 南 北,https://ke-image.ljcdn.com/110000-inspection/pc1_Ye2SF87qt.jpg!m_fill,w_280,h_210,f_jpg?from=ke.com
20230709,海淀,上地,101118773177,上地东里 2室2厅 南 北,930万,98050元/平,底层 (共6层) | 1994年建 | 2室2厅 | 94.85平米 | 南 北,https://ke-image.ljcdn.com/110000-inspection/pc1_jVar0y9U5.jpg!m_fill,w_280,h_210,f_jpg?from=ke.com
20230709,海淀,上地,101118710079,上地佳园中间楼层采光充足满五年商品房无抵押,899万,87563元/平,中楼层 (共11层) | 2005年建 | 1室1厅 | 102.67平米 | 东,https://ke-image.ljcdn.com/110000-inspection/pc1_uiq9aDF8r_1.jpg!m_fill,w_280,h_210,f_jpg?from=ke.com
20230709,海淀,上地,101118709917,上地佳园中间楼层采光充足满五唯一商品房,1050万,116035元/平,中楼层 (共11层) | 2005年建 | 1室1厅 | 90.49平米 | 西 南,https://ke-image.ljcdn.com/110000-inspection/0fb75fb6-3308-4b49-9cce-ccdba7a05164_1000.jpg!m_fill,w_280,h_210,f_jpg?from=ke.com
20230709,海淀,上地,101118677408,当代城市家园高楼层大户型  采光视野好,1580万,95706元/平,高楼层 (共11层) 3室2厅 | 165.09平米 | 南 西 北,https://ke-image.ljcdn.com/110000-inspection/d0947664-a6f0-4026-9d39-230631e12f70_1000.jpg!m_fill,w_280,h_210,f_jpg?from=ke.com
20230709,海淀,上地,101118625780,满五唯一  视野宽阔 交通便利,786万,90200元/平,中楼层 (共12层) | 2001年建 | 2室1厅 | 87.14平米 | 东 西,https://ke-image.ljcdn.com/110000-inspection/49a8438a-d631-402c-8ebf-9c6273d5efe7_1000.jpg!m_fill,w_280,h_210,f_jpg?from=ke.com
20230709,海淀,上地,101118610597,当代 南北朝向两居 满五唯一 50万精装 带电梯 采光好,958万,98509元/平,顶层 (共12层) 2室1厅 | 97.25平米 | 南 北,https://ke-image.ljcdn.com/110000-inspection/95f08e81-c79d-473a-a529-ca2392fc5ca2_1000.jpg!m_fill,w_280,h_210,f_jpg?from=ke.com
20230709,海淀,上地,101118574894,当代城市家园 南向大一居 高层采光好 视野佳 中间位置房主自荐,718万,103593元/平,顶层 (共11层) 1室1厅 | 69.31平米 | 南,https://ke-image.ljcdn.com/110000-inspection/pc1_zQWIRK5dF.jpg!m_fill,w_280,h_210,f_jpg?from=ke.com
20230709,海淀,上地,101118509103,上地佳园 1室0厅 西,770万,129543元/平,低楼层 (共11层) | 2005年建 | 1室0厅 | 59.44平米 | 西,https://ke-image.ljcdn.com/110000-inspection/pc1_VKbq1ypHg_1.jpg!m_fill,w_280,h_210,f_jpg?from=ke.com
20230709,海淀,上地,101118497187,此房是满五年唯一商品房业主目前想换房诚心出售,1428万,78333元/平,顶层 (共6层) | 1996年建 | 4室2厅 | 182.3平米 | 西南,https://ke-image.ljcdn.com/110000-inspection/pc1_4gv7bS6Vs.jpg!m_fill,w_280,h_210,f_jpg?from=ke.com
20230709,海淀,上地,101118490318,上地 锦顺佳园 复式 小区安静房主自荐,1850万,83590元/平,高楼层 (共6层) 5室3厅 | 221.32平米 | 南 北,https://ke-image.ljcdn.com/110000-inspection/d84a9829-4bd6-4ea6-bb74-bf995fae5a21_1000.jpg!m_fill,w_280,h_210,f_jpg?from=ke.com
20230709,海淀,上地,101118459858,怡美家园 复式结构私密性强出行方便,1150万,72056元/平,顶层 (共5层) | 2001年建 | 3室2厅 | 159.6平米 | 南 北,https://ke-image.ljcdn.com/110000-inspection/pc1_KW4pcV3qh_1.jpg!m_fill,w_280,h_210,f_jpg?from=ke.com
20230709,海淀,上地,101118411438,上地佳园 2室1厅 西北,899万,94592元/平,高楼层 (共11层) | 2005年建 | 2室1厅 | 95.04平米 | 西北,https://ke-image.ljcdn.com/110000-inspection/pc1_VuWrNpXkF.jpg!m_fill,w_280,h_210,f_jpg?from=ke.com
20230709,海淀,上地,101118343668,上地东里 满五唯一 精装修 业主诚意出售,1520万,86808元/平,顶层 (共6层) | 1996年建 | 4室2厅 | 175.1平米 | 东南,https://ke-image.ljcdn.com/110000-inspection/pc1_hW9crBIg4_1.jpg!m_fill,w_280,h_210,f_jpg?from=ke.com
20230709,海淀,上地,101118316258,上地东里    采光效果好  安静舒适   上下两层大复式,1560万,89092元/平,顶层 (共6层) 4室2厅 | 175.1平米 | 东南,https://ke-image.ljcdn.com/110000-inspection/21e1ae1c-a375-491e-90eb-bfc845dabaae_1000.jpg!m_fill,w_280,h_210,f_jpg?from=ke.com
20230709,海淀,上地,101118269259,南北通透近地铁交通便利高楼层视野开阔房主自荐,1096万,93174元/平,高楼层 (共10层) | 2002年建 | 3室1厅 | 117.63平米 | 南 北,https://ke-image.ljcdn.com/110000-inspection/499300d1-6f9b-4b47-9025-9eb15fee6a19_1000.jpg!m_fill,w_280,h_210,f_jpg?from=ke.com
20230709,海淀,上地,101118245276,怡美家园 一层带下跃  精装修 五室两厅 交通便利,1420万,103620元/平,底层 (共12层) 5室2厅 | 137.04平米 | 南 西 北,https://ke-image.ljcdn.com/110000-inspection/6d1e77b8-e5f6-4eb7-abc5-fd5c79d13460_1000.jpg!m_fill,w_280,h_210,f_jpg?from=ke.com
20230709,海淀,上地,101118198326,怡美家园 4室3厅2卫 3个阳台 2个衣帽间 空间大 价格低,970万,66307元/平,顶层 (共5层) | 2001年建 | 4室3厅 | 146.29平米 | 南 北,https://ke-image.ljcdn.com/110000-inspection/c41b0ff0-4704-4a99-9613-020f3fa0e206_1000.jpg!m_fill,w_280,h_210,f_jpg?from=ke.com
20230709,海淀,上地,101118152656,上地东里 全明格局复式   精装修 业主诚意出售！房主自荐,1698万,95760元/平,顶层 (共5层) | 1996年建 | 3室2厅 | 177.32平米 | 南 北,https://ke-image.ljcdn.com/110000-inspection/6fb605e6-a968-4cac-a96c-60db23bfb4d0_1000.jpg!m_fill,w_280,h_210,f_jpg?from=ke.com
20230709,海淀,上地,101118106172,上地南路8号院 房子低楼层 南北朝向 户型方正,1020万,108028元/平,底层 (共6层) 2室1厅 | 94.42平米 | 南 北,https://ke-image.ljcdn.com/110000-inspection/f8e8aece-487d-467b-bd2e-f671ccd4abfd_1000.jpg!m_fill,w_280,h_210,f_jpg?from=ke.com
20230709,海淀,上地,101118087217,上地西里 3室1厅 南 北,1520万,111112元/平,中楼层 (共7层) | 1998年建 | 3室1厅 | 136.8平米 | 南 北,https://ke-image.ljcdn.com/110000-inspection/d849b6c8-7d93-43bd-ab3b-fe6739207217_1000.jpg!m_fill,w_280,h_210,f_jpg?from=ke.com
20230709,海淀,上地,101118083333,空置房看房随时南北向采光好。带电梯房主自荐,786万,88614元/平,低楼层 (共19层) | 2001年建 | 2室1厅 | 88.7平米 | 南 北,https://ke-image.ljcdn.com/110000-inspection/a45e7a4b-6135-436d-96ca-4c54222d1409_1000.jpg!m_fill,w_280,h_210,f_jpg?from=ke.com
20230709,海淀,上地,101117986426,上地东里中间楼层复式看房随时签约随时,1450万,92451元/平,中楼层 (共7层) | 1997年建 | 4室2厅 | 156.84平米 | 东 西,https://ke-image.ljcdn.com/110000-inspection/23b01967-73e2-4fa1-aac0-219180032882_1000.jpg!m_fill,w_280,h_210,f_jpg?from=ke.com
20230709,海淀,上地,101117957442,上地西里复式 四居2卫 南北通透 明厨明卫 带平台,1550万,89643元/平,高楼层 (共7层) 4室2厅 | 172.91平米 | 南 北,https://ke-image.ljcdn.com/110000-inspection/pc1_kP9lq8NxE_1.jpg!m_fill,w_280,h_210,f_jpg?from=ke.com
20230709,海淀,上地,101117878791,宣海家园 2008年小区  周边配套齐全 产权清晰,853万,76373元/平,顶层 (共18层) | 2007年建 | 2室1厅 | 111.69平米 | 南 北,https://ke-image.ljcdn.com/110000-inspection/pc1_53t39l1Sr.jpg!m_fill,w_280,h_210,f_jpg?from=ke.com
20230709,海淀,上地,101117749941,上地东里 2室2厅 东,960万,98664元/平,高楼层 (共6层) | 1996年建 | 2室2厅 | 97.3平米 | 东,https://ke-image.ljcdn.com/110000-inspection/pc1_6rsHJklMr_1.jpg!m_fill,w_280,h_210,f_jpg?from=ke.com
20230709,海淀,上地,101117506865,适合多代人同住 两层都有入户门 位置安静 使用面积大,1790万,98939元/平,底层 (共6层) 5室3厅 | 180.92平米 | 南 北 东,https://ke-image.ljcdn.com/110000-inspection/pc1_k99NOnW6j.jpg!m_fill,w_280,h_210,f_jpg?from=ke.com
20230709,海淀,上地,101117490363,当代板楼公摊小 正规三居 满五年唯一 南北通透 采光好房主自荐,998万,82953元/平,顶层 (共6层) | 2002年建 | 3室2厅 | 120.31平米 | 南 北,https://ke-image.ljcdn.com/110000-inspection/60a1827c-7ca2-4dfe-9efc-9a7a5d29803c_1000.jpg!m_fill,w_280,h_210,f_jpg?from=ke.com
20230709,海淀,上地,101117486193,怡美家园  二期电梯复式小区只有10套,1230万,89390元/平,顶层 (共11层) 3室2厅 | 137.6平米 | 南 北,https://ke-image.ljcdn.com/110000-inspection/pc1_T1NeUVeqv_1.jpg!m_fill,w_280,h_210,f_jpg?from=ke.com
20230709,海淀,上地,101117024837,使用面积大于房本面积 电梯直达车库 位置安静,1530万,109804元/平,底层 (共12层) 4室3厅 | 139.34平米 | 南 北,https://ke-image.ljcdn.com/110000-inspection/f95579ff-d110-459e-989b-b0a512c1d22c_1000.jpg!m_fill,w_280,h_210,f_jpg?from=ke.com
20230709,海淀,上地,101116544991,当代【好房推荐】复式三居 1-2层 厅高四米,1750万,102436元/平,底层 (共5层) | 2003年建 | 3室2厅 | 170.84平米 | 南 北,https://ke-image.ljcdn.com/110000-inspection/pc1_ByTwaXhdp.jpg!m_fill,w_280,h_210,f_jpg?from=ke.com
20230709,海淀,上地,101116367184,上地马连洼1号院、低楼层、不临街有钥匙,798万,179286元/平,底层 (共6层) | 1995年建 | 1室1厅 | 44.51平米 | 南,https://ke-image.ljcdn.com/110000-inspection/pc1_aBMy81aOA_1.jpg!m_fill,w_280,h_210,f_jpg?from=ke.com
20230709,海淀,上地,101116027603,上地西里精装修 复式 6米挑空大客厅,1520万,88203元/平,高楼层 (共7层) | 1999年建 | 3室2厅 | 172.33平米 | 南 北,https://ke-image.ljcdn.com/110000-inspection/pc1_Bd18gtopA.jpg!m_fill,w_280,h_210,f_jpg?from=ke.com
20230709,海淀,上地,101116010422,满五唯一商品房自住精装大复式,1580万,96365元/平,顶层 (共6层) | 1993年建 | 3室2厅 | 163.96平米 | 南 北,https://ke-image.ljcdn.com/110000-inspection/pc1_QVejvfo0w_1.jpg!m_fill,w_280,h_210,f_jpg?from=ke.com
20230709,海淀,上地,101115892695,上地佳园 西南一居室 中间楼层,998万,110289元/平,中楼层 (共11层) | 2005年建 | 1室1厅 | 90.49平米 | 西南,https://ke-image.ljcdn.com/110000-inspection/pc1_qz3MoRd8c_1.jpg!m_fill,w_280,h_210,f_jpg?from=ke.com
20230709,海淀,上地,101115669315,怡美家园 高楼层 四居两卫精装修复式,1349万,83946元/平,高楼层 (共10层) | 2001年建 | 4室2厅 | 160.7平米 | 南 北,https://ke-image.ljcdn.com/110000-inspection/a1ff075b-64ba-4b5e-befc-dc8a622d7b46_1000.jpg!m_fill,w_280,h_210,f_jpg?from=ke.com
20230709,海淀,上地,101114950232,当代城市家园 临水叠拼满五年唯一,2050万,90628元/平,底层 (共5层) | 2004年建 | 4室2厅 | 226.2平米 | 南 西 北,https://ke-image.ljcdn.com/110000-inspection/5c09c1ec-4870-45a7-bede-0cad13eff33e_1000.jpg!m_fill,w_280,h_210,f_jpg?from=ke.com
20230709,海淀,上地,101114669884,南北通透 中间楼型 采光充足 精装修,1130万,114223元/平,中楼层 (共6层) 3室2厅 | 98.93平米 | 南 北,https://ke-image.ljcdn.com/110000-inspection/pc1_BMiq0WYvy_1.jpg!m_fill,w_280,h_210,f_jpg?from=ke.com
20230709,海淀,上地,101113525944,上地国际科技创业园办公用房业主诚意出售,513万,29967元/平,低楼层 (共26层) 3室1厅 | 171.19平米 | 南,https://ke-image.ljcdn.com/110000-inspection/pc1_d4Nlwg3cC_1.jpg!m_fill,w_280,h_210,f_jpg?from=ke.com
20230709,海淀,上地,101113102411,怡美家园顶层大复式南北通透正对小区花园房主自荐,1360万,69145元/平,高楼层 (共6层) | 2001年建 | 6室3厅 | 196.69平米 | 南 北,https://ke-image.ljcdn.com/110000-inspection/pc1_Yijy2lU7T_1.jpg!m_fill,w_280,h_210,f_jpg?from=ke.com
20230709,海淀,上地,101113057738,恒湿恒温 科技社区 电梯刷卡入户 品质私密住宅,3500万,86295元/平,低楼层 (共10层) 7室4厅 | 405.59平米 | 东 南 北,https://ke-image.ljcdn.com/110000-inspection/pc1_y6nlp8z6I_1.jpg!m_fill,w_280,h_210,f_jpg?from=ke.com
20230709,海淀,上地,101112490173,当代城市家园一层  自住精装修房主自荐,1250万,103025元/平,底层 (共11层) 2室2厅 | 121.33平米 | 南 北,https://ke-image.ljcdn.com/110000-inspection/pc1_slLZE2P4w_1.jpg!m_fill,w_280,h_210,f_jpg?from=ke.com
20230709,海淀,上地,101111367453,房子采光效果很好本小区五层板楼小洋房房主自荐,2100万,98926元/平,顶层 (共5层) | 2002年建 | 4室4厅 | 212.28平米 | 南 北,https://ke-image.ljcdn.com/110000-inspection/pc1_ZR4hapdp1_1.jpg!m_fill,w_280,h_210,f_jpg?from=ke.com
20230709,海淀,上地,101110433910,上地地铁站附近290平大户型、在一层,2175万,74923元/平,底层 (共6层) 6室2厅 | 290.3平米 | 东 西,https://ke-image.ljcdn.com/110000-inspection/667fc1eb-94ba-4971-ba36-53475824c2c1_1000.jpg!m_fill,w_280,h_210,f_jpg?from=ke.com
20230709,海淀,上地,101108817608,开发商统一装修可注册办公朝小区里边比较安静,150万,34271元/平,低楼层 (共9层) | 2010年建 | 1室1厅 | 43.77平米 | 北,https://ke-image.ljcdn.com/110000-inspection/pc1_SvSJw6eYD_1.jpg!m_fill,w_280,h_210,f_jpg?from=ke.com
20230709,海淀,上地,101120071629,上地西里 3室1厅 南 北新上,1480万,110259元/平,中楼层 (共7层) | 2000年建 | 3室1厅 | 134.23平米 | 南 北,https://s1.ljcdn.com/pegasus/redskull/images/common/default_house_list.png?_v=20230627184713780
20230709,海淀,上地,101120063517,上地佳园 3室2厅 南 北新上,1899万,139387元/平,底层 (共10层) 3室2厅 | 136.24平米 | 南 北,https://s1.ljcdn.com/pegasus/redskull/images/common/default_house_list.png?_v=20230627184713780
20230709,海淀,上地,101120057520,当代城市家园 优质两居 居住舒适 花园社区新上,870万,101387元/平,低楼层 (共12层) 2室1厅 | 85.81平米 | 东 南 北,https://s1.ljcdn.com/pegasus/redskull/images/common/default_house_list.png?_v=20230627184713780
20230709,海淀,上地,101120027363,当代城市家园 小区居住舒适 户型方正新上,440万,120449元/平,低楼层 (共12层) | 2002年建 | 1室0厅 | 36.53平米 | 北 西,https://s1.ljcdn.com/pegasus/redskull/images/common/default_house_list.png?_v=20230627184713780
20230709,海淀,上地,101119951436,宣海家园 2室1厅 南 北,868万,80378元/平,高楼层 (共18层) | 2007年建 | 2室1厅 | 107.99平米 | 南 北,https://s1.ljcdn.com/pegasus/redskull/images/common/default_house_list.png?_v=20230627184713780
20230709,海淀,上地,101119940938,上地南路8号院 户型方正 大两居室南北通透,930万,118306元/平,高楼层 (共6层) | 1998年建 | 2室1厅 | 78.61平米 | 南 北,https://s1.ljcdn.com/pegasus/redskull/images/common/default_house_list.png?_v=20230627184713780
20230709,海淀,上地,101119908634,马连洼北路1号院 1室1厅 南,760万,167771元/平,底层 (共6层) | 2009年建 | 1室1厅 | 45.3平米 | 南,https://s1.ljcdn.com/pegasus/redskull/images/common/default_house_list.png?_v=20230627184713780
20230709,海淀,上地,101119837739,和韵佳园 南北通透三居 小区免费车位 低密度,1160万,84536元/平,中楼层 (共6层) 3室2厅 | 137.22平米 | 南 北,https://s1.ljcdn.com/pegasus/redskull/images/common/default_house_list.png?_v=20230627184713780
20230709,海淀,上地,101119776689,马连洼北路1号院 中间位置 楼龄新 户型方正 诚意出售,780万,157927元/平,高楼层 (共6层) 1室1厅 | 49.39平米 | 南,https://s1.ljcdn.com/pegasus/redskull/images/common/default_house_list.png?_v=20230627184713780
20230709,海淀,上地,101119509121,上地南路8号院 户型方正 采光好 南北通透,930万,118306元/平,高楼层 (共6层) | 2000年建 | 2室1厅 | 78.61平米 | 南 北,https://s1.ljcdn.com/pegasus/redskull/images/common/default_house_list.png?_v=20230627184713780
20230709,海淀,上地,101119340567,当代城市家园一楼  小区中间  居住舒适,1450万,113441元/平,底层 (共6层) | 2002年建 | 3室2厅 | 127.82平米 | 南 北 东,https://s1.ljcdn.com/pegasus/redskull/images/common/default_house_list.png?_v=20230627184713780
20230709,海淀,上地,101119268994,宣海家园 南北通透3居中高楼层有电梯直观西山,1299万,78019元/平,高楼层 (共18层) | 2007年建 | 3室2厅 | 166.5平米 | 南 北,https://s1.ljcdn.com/pegasus/redskull/images/common/default_house_list.png?_v=20230627184713780
20230709,海淀,上地,101119214036,当代城市家园 地下车位 距离电梯近,30万,10624元/平,地下室 (共11层) 1室0厅 | 28.24平米 | 南,https://s1.ljcdn.com/pegasus/redskull/images/common/default_house_list.png?_v=20230627184713780
20230709,海淀,上地,101119189358,辉煌国际 户型方正  新精装修  业主诚意出售,145万,28634元/平,中楼层 (共20层) | 2007年建 | 1室0厅 | 50.64平米 | 北,https://s1.ljcdn.com/pegasus/redskull/images/common/default_house_list.png?_v=20230627184713780
20230709,海淀,上地,101119161925,小户型交通方便采光明亮视野开阔,165万,27291元/平,中楼层 (共4层) | 2007年建 | 1室0厅 | 60.46平米 | 南,https://s1.ljcdn.com/pegasus/redskull/images/common/default_house_list.png?_v=20230627184713780
20230709,海淀,上地,101119161830,iMOMA东向开间业主诚意出售,158万,34910元/平,中楼层 (共8层) | 2011年建 | 1室0厅 | 45.26平米 | 东,https://s1.ljcdn.com/pegasus/redskull/images/common/default_house_list.png?_v=20230627184713780
20230709,海淀,上地,101118943943,上地佳园 南北向三居室  独立餐厅 采光好 无遮挡,2150万,134401元/平,高楼层 (共15层) | 2004年建 | 3室2厅 | 159.97平米 | 南 北,https://s1.ljcdn.com/pegasus/redskull/images/common/default_house_list.png?_v=20230627184713780
20230709,海淀,上地,101118913295,悦MOMA 恒湿恒温 商业办公 距离地铁清河站200米,255万,37243元/平,中楼层 (共9层) 1室0厅 | 68.47平米 | 西,https://s1.ljcdn.com/pegasus/redskull/images/common/default_house_list.png?_v=20230627184713780
20230709,海淀,上地,101118828537,上地西里 3室2厅 南 北,1610万,103106元/平,底层 (共7层) | 2000年建 | 3室2厅 | 156.15平米 | 南 北,https://s1.ljcdn.com/pegasus/redskull/images/common/default_house_list.png?_v=20230627184713780
20230709,海淀,上地,101118808233,宜品上层户型方正的一居交通方便,168万,33420元/平,中楼层 (共9层) | 2010年建 | 1室0厅 | 50.27平米 | 东,https://s1.ljcdn.com/pegasus/redskull/images/common/default_house_list.png?_v=20230627184713780
20230709,海淀,上地,101118792891,iMOMA 1室1厅 东,200万,33535元/平,中楼层 (共8层) 1室1厅 | 59.64平米 | 东,https://s1.ljcdn.com/pegasus/redskull/images/common/default_house_list.png?_v=20230627184713780
20230709,海淀,上地,101118728749,iMOMA 1室1厅 西北,259万,31326元/平,低楼层 (共8层) 1室1厅 | 82.68平米 | 西北,https://s1.ljcdn.com/pegasus/redskull/images/common/default_house_list.png?_v=20230627184713780
20230709,海淀,上地,101118707104,辉煌国际 1室0厅 南,190万,33211元/平,高楼层 (共20层) | 2007年建 | 1室0厅 | 57.21平米 | 南,https://s1.ljcdn.com/pegasus/redskull/images/common/default_house_list.png?_v=20230627184713780
20230709,海淀,上地,101118670342,宣海家园 2008年小区 有电梯 一梯两户,1186万,85012元/平,中楼层 (共18层) 3室2厅 | 139.51平米 | 北 南,https://s1.ljcdn.com/pegasus/redskull/images/common/default_house_list.png?_v=20230627184713780
20230709,海淀,上地,101118631211,满二年商品房。带电梯业主诚意出售。,1898万,80753元/平,高楼层 (共10层) | 2004年建 | 5室2厅 | 235.04平米 | 南 北,https://s1.ljcdn.com/pegasus/redskull/images/common/default_house_list.png?_v=20230627184713780
20230709,海淀,上地,101118564423,辉煌国际 户型方正高楼层  高视野 满五唯一,450万,26163元/平,高楼层 (共20层) | 2007年建 | 1室0厅 | 172平米 | 南 北,https://s1.ljcdn.com/pegasus/redskull/images/common/default_house_list.png?_v=20230627184713780
20230709,海淀,上地,101118505272,上地西里复式六居室满五唯一随时可以签约房主自荐,2050万,78614元/平,高楼层 (共7层) | 1999年建 | 6室3厅 | 260.77平米 | 南 北,https://s1.ljcdn.com/pegasus/redskull/images/common/default_house_list.png?_v=20230627184713780
20230709,海淀,上地,101118429375,上下两层6.6米层高交通方便采光明亮视野开阔,276万,43281元/平,高楼层 (共23层) | 2007年建 | 2室1厅 | 63.77平米 | 西北 北,https://s1.ljcdn.com/pegasus/redskull/images/common/default_house_list.png?_v=20230627184713780
20230709,海淀,上地,101118374310,锦顺佳园 板楼带电梯 南北通透 采光视野好,1300万,96005元/平,高楼层 (共6层) | 2008年建 | 3室1厅 | 135.41平米 | 南 北,https://s1.ljcdn.com/pegasus/redskull/images/common/default_house_list.png?_v=20230627184713780
20230709,海淀,上地,101118337938,当代城市家园 车位,29万,9667元/平,地下室 (共12层) 1室0厅 | 30平米 | 南,https://ke-image.ljcdn.com/110000-inspection/7283275d1088ccd0dae6838756549cdc-030.jpg!m_fill,w_280,h_210,f_jpg?from=ke.com
20230709,海淀,上地,101118326079,上地南路6号院 3室1厅 南 北,1250万,103477元/平,高楼层 (共6层) | 1998年建 | 3室1厅 | 120.8平米 | 南 北,https://s1.ljcdn.com/pegasus/redskull/images/common/default_house_list.png?_v=20230627184713780
20230709,海淀,上地,101118287163,上地南路6号院次顶层满五唯一商品房房主自荐,1100万,111179元/平,中楼层 (共7层) 2室2厅 | 98.94平米 | 东 西,https://s1.ljcdn.com/pegasus/redskull/images/common/default_house_list.png?_v=20230627184713780
20230709,海淀,上地,101118282664,上地西里 正规南北通透三居 看房方便,1390万,111782元/平,高楼层 (共7层) | 2000年建 | 3室1厅 | 124.35平米 | 南 北,https://s1.ljcdn.com/pegasus/redskull/images/common/default_house_list.png?_v=20230627184713780
20230709,海淀,上地,101118173138,当代城市家园 大平层 正规四居 带电梯 满五年唯一,1590万,82133元/平,低楼层 (共11层) | 2002年建 | 4室2厅 | 193.59平米 | 南 北,https://s1.ljcdn.com/pegasus/redskull/images/common/default_house_list.png?_v=20230627184713780
20230709,海淀,上地,101118114647,商办类 可以办公注册 出行方便,200万,33207元/平,高楼层 (共9层) | 2011年建 | 1室1厅 | 60.23平米 | 北,https://s1.ljcdn.com/pegasus/redskull/images/common/default_house_list.png?_v=20230627184713780
20230709,海淀,上地,101118113669,当代城市家园 车位,30万,9108元/平,地下室 (共11层) 1室0厅 | 32.94平米 | 西,https://s1.ljcdn.com/pegasus/redskull/images/common/default_house_list.png?_v=20230627184713780
20230709,海淀,上地,101117942959,商业办公类  楼下是地铁  恒湿恒温,203万,29472元/平,中楼层 (共8层) 1室1厅 | 68.88平米 | 东,https://s1.ljcdn.com/pegasus/redskull/images/common/default_house_list.png?_v=20230627184713780
20230709,海淀,上地,101117733276,辉煌国际 交通便利 西二旗地铁站,160万,24861元/平,低楼层 (共23层) | 2007年建 | 1室1厅 | 64.36平米 | 南,https://s1.ljcdn.com/pegasus/redskull/images/common/default_house_list.png?_v=20230627184713780
20230709,海淀,上地,101117185337,辉煌国际 2室1厅 南 北,350万,31206元/平,顶层 (共18层) | 2007年建 | 2室1厅 | 112.16平米 | 南 北,https://s1.ljcdn.com/pegasus/redskull/images/common/default_house_list.png?_v=20230627184713780
20230709,海淀,上地,101117170269,颐泉汇 2室1厅 南 北,738万,90586元/平,低楼层 (共6层) | 2010年建 | 2室1厅 | 81.47平米 | 南 北,https://s1.ljcdn.com/pegasus/redskull/images/common/default_house_list.png?_v=20230627184713780
20230709,海淀,上地,101117086726,2号楼下面的车位 位置比较好进出都方便 价格可谈,30万,10624元/平,地下室 (共11层) | 2006年建 | 1室0厅 | 28.24平米 | 东,https://s1.ljcdn.com/pegasus/redskull/images/common/default_house_list.png?_v=20230627184713780
20230709,海淀,上地,101117034474,2号楼的车位 靠谱卖价格可以谈 距离3号楼近,30万,9576元/平,地下室 (共11层) | 2006年建 | 1室0厅 | 31.33平米 | 东,https://s1.ljcdn.com/pegasus/redskull/images/common/default_house_list.png?_v=20230627184713780
20230709,海淀,上地,101116991876,上地十街 1号院  商业办公 业主诚意出售,475万,42122元/平,顶层 (共23层) | 2007年建 | 3室1厅 | 112.77平米 | 南 北,https://s1.ljcdn.com/pegasus/redskull/images/common/default_house_list.png?_v=20230627184713780
20230709,海淀,上地,101116926555,上地颐泉汇精致装修上下双层动静分区房主自荐,480万,69185元/平,高楼层 (共7层) | 2010年建 | 2室1厅 | 69.38平米 | 南,https://s1.ljcdn.com/pegasus/redskull/images/common/default_house_list.png?_v=20230627184713780
20230709,海淀,上地,101116584413,海淀区 上地十街1号院 无遮挡 业主诚意出售,153万,30214元/平,高楼层 (共20层) | 2007年建 | 1室1厅 | 50.64平米 | 西 北,https://s1.ljcdn.com/pegasus/redskull/images/common/default_house_list.png?_v=20230627184713780
20230709,海淀,上地,101115362466,海淀区 上地十街 辉煌国际  交通便利 配套完善,180万,28824元/平,中楼层 (共26层) | 2007年建 | 1室1厅 | 62.45平米 | 北,https://s1.ljcdn.com/pegasus/redskull/images/common/default_house_list.png?_v=20230627184713780
20230709,海淀,上地,101115321454,海淀区 上地十街1号院 辉煌国际 北向 开间,150万,32924元/平,高楼层 (共23层) | 2007年建 | 1室0厅 | 45.56平米 | 北,https://s1.ljcdn.com/pegasus/redskull/images/common/default_house_list.png?_v=20230627184713780
20230709,海淀,上地,101114656792,当代南北通透大三居业主诚心出售,850万,59053元/平,低楼层 (共11层) | 2003年建 | 3室2厅 | 143.94平米 | 南 北,https://s1.ljcdn.com/pegasus/redskull/images/common/default_house_list.png?_v=20230627184713780
20230709,海淀,上地,101114597592,宜品上层 1室1厅 东,245万,35668元/平,中楼层 (共9层) | 2010年建 | 1室1厅 | 68.69平米 | 东,https://s1.ljcdn.com/pegasus/redskull/images/common/default_house_list.png?_v=20230627184713780
20230709,海淀,上地,101114597110,iMOMA大开间朝东向中间楼层诚意出售。,185万,31203元/平,中楼层 (共12层) | 2011年建 | 1室0厅 | 59.29平米 | 东,https://s1.ljcdn.com/pegasus/redskull/images/common/default_house_list.png?_v=20230627184713780
20230709,海淀,上地,101113525911,上地国际创业园同一层楼3套房子可以一起出售,594万,30040元/平,低楼层 (共26层) | 2001年建 | 3室2厅 | 197.74平米 | 东北,https://s1.ljcdn.com/pegasus/redskull/images/common/default_house_list.png?_v=20230627184713780
20230709,海淀,上地,101113525829,上地七街国际创业园办公注册业主诚意出售,465万,30125元/平,低楼层 (共26层) | 2001年建 | 3室1厅 | 154.36平米 | 东南,https://s1.ljcdn.com/pegasus/redskull/images/common/default_house_list.png?_v=20230627184713780
20230709,海淀,上地,101113410758,北京市海淀区上地十街辉煌国际。,280万,54859元/平,高楼层 (共26层) | 2007年建 | 1室0厅 | 51.04平米 | 南,https://s1.ljcdn.com/pegasus/redskull/images/common/default_house_list.png?_v=20230627184713780
20230709,海淀,上地,101112579055,辉煌国际 3号楼 户型方正  业主诚意出售 看房方便,145万,27987元/平,低楼层 (共18层) | 2007年建 | 1室0厅 | 51.81平米 | 北,https://s1.ljcdn.com/pegasus/redskull/images/common/default_house_list.png?_v=20230627184713780
20230709,海淀,上地,101112483239,辉煌国际 北向 交通便利 配套完善,200万,32026元/平,中楼层 (共23层) | 2007年建 | 1室1厅 | 62.45平米 | 北,https://s1.ljcdn.com/pegasus/redskull/images/common/default_house_list.png?_v=20230627184713780
20230709,海淀,上地,101111859072,上地十街 辉煌国际 把边 南向开间房主自荐,189万,31474元/平,中楼层 (共18层) | 2007年建 | 1室1厅 | 60.05平米 | 南,https://s1.ljcdn.com/pegasus/redskull/images/common/default_house_list.png?_v=20230627184713780
20230709,海淀,上地,101111382234,南北向 精装修 视野开阔 西山风景 看房方便,1316万,79996元/平,顶层 (共6层) | 2010年建 | 3室1厅 | 164.51平米 | 南 北,https://s1.ljcdn.com/pegasus/redskull/images/common/default_house_list.png?_v=20230627184713780
20230709,海淀,上地,101108656219,满五年 商品房 中高楼层 随时看 南向,174万,33624元/平,高楼层 (共20层) | 2007年建 | 1室0厅 | 51.75平米 | 南,https://s1.ljcdn.com/pegasus/redskull/images/common/default_house_list.png?_v=20230627184713780
20230709,海淀,上地,101108191406,此房iMOMA东向开间业主诚意出售房主自荐,156万,34415元/平,中楼层 (共8层) | 2011年建 | 1室0厅 | 45.33平米 | 东,https://s1.ljcdn.com/pegasus/redskull/images/common/default_house_list.png?_v=20230627184713780
20230709,海淀,上地,101108034576,精装修 诚意出售 无遮挡 采光好,300万,43815元/平,中楼层 (共9层) | 2011年建 | 1室0厅 | 68.47平米 | 西,https://s1.ljcdn.com/pegasus/redskull/images/common/default_house_list.png?_v=20230627184713780
20230709,海淀,上地,101102811315,此房满五年商品房中间楼层靠谱签约  看房方便,142万,27822元/平,中楼层 (共26层) | 2007年建 | 1室1厅 | 51.04平米 | 西,https://s1.ljcdn.com/pegasus/redskull/images/common/default_house_list.png?_v=20230627184713780
