20240627,丰台,丰台其它,101125105418,南宫雅苑二期 3室2厅 南 北必看好房,390万,33093元/平,中楼层 (共5层) 3室2厅 | 117.85平米 | 南 北,https://ke-image.ljcdn.com/110000-inspection/pc1_PkSNZb4fH.jpg!m_fill,w_280,h_210,f_jpg?from=ke.com
20240627,丰台,丰台其它,101125029513,杜家坎44号院 3室1厅 南 北必看好房,248万,30981元/平,中楼层 (共6层) 3室1厅 | 80.05平米 | 南 北,https://ke-image.ljcdn.com/110000-inspection/pc1_7NMWA1R39_1.jpg!m_fill,w_280,h_210,f_jpg?from=ke.com
20240627,丰台,丰台其它,101124767861,满五年唯一 70年大产权 精装修两居 中间楼层必看好房,240万,45266元/平,中楼层 (共6层) 2室1厅 | 53.02平米 | 南 北,https://ke-image.ljcdn.com/110000-inspection/pc1_pbwrAxedL_1.jpg!m_fill,w_280,h_210,f_jpg?from=ke.com
20240627,丰台,丰台其它,101124731920,商品房南北通透有电梯总高六层洋房毛坯房。必看好房,248万,28029元/平,低楼层 (共6层) 2室1厅 | 88.48平米 | 南 北,https://ke-image.ljcdn.com/110000-inspection/pc1_diCQ7FNsk_2.jpg!m_fill,w_280,h_210,f_jpg?from=ke.com
20240627,丰台,丰台其它,101124664369,熙悦天寰 3室1厅 南 北必看好房,480万,54097元/平,中楼层 (共9层) 3室1厅 | 88.73平米 | 南 北,https://ke-image.ljcdn.com/110000-inspection/pc1_xLgd318Yl_1.jpg!m_fill,w_280,h_210,f_jpg?from=ke.com
20240627,丰台,丰台其它,101124610664,丰台区正规两居 满两年商品房 中间楼层 看房方便必看好房,97万,18583元/平,中楼层 (共5层) 2室1厅 | 52.2平米 | 南,https://ke-image.ljcdn.com/110000-inspection/pc1_p0mGgq80A_1.jpg!m_fill,w_280,h_210,f_jpg?from=ke.com
20240627,丰台,丰台其它,101124544887,东山坡一里 2室1厅 南 北房主自荐,142万,25267元/平,顶层 (共6层) 2室1厅 | 56.2平米 | 南 北,https://ke-image.ljcdn.com/110000-inspection/pc1_cpksy1HVa_1.jpg!m_fill,w_280,h_210,f_jpg?from=ke.com
20240627,丰台,丰台其它,101124505754,花园北里 2室1厅 南 北必看好房,119万,21997元/平,中楼层 (共6层) 2室1厅 | 54.1平米 | 南 北,https://ke-image.ljcdn.com/110000-inspection/pc1_KKSgTvdB5_1.jpg!m_fill,w_280,h_210,f_jpg?from=ke.com
20240627,丰台,丰台其它,101124492854,汤泉墅 2室1厅 南 北 西,289万,36230元/平,中楼层 (共6层) 2室1厅 | 79.77平米 | 南 北 西,https://ke-image.ljcdn.com/110000-inspection/pc1_fiSgeOkUV_2.jpg!m_fill,w_280,h_210,f_jpg?from=ke.com
20240627,丰台,丰台其它,101124488348,听竹院两居室中间层采光好必看好房,230万,27602元/平,中楼层 (共8层) 2室1厅 | 83.33平米 | 南,https://ke-image.ljcdn.com/110000-inspection/pc1_1SBWE9VxH.jpg!m_fill,w_280,h_210,f_jpg?from=ke.com
20240627,丰台,丰台其它,101124477274,长馨园小区  楼龄新  南向两居室 户型方正,208万,29864元/平,底层 (共17层) 2室1厅 | 69.65平米 | 南,https://ke-image.ljcdn.com/110000-inspection/pc1_JA3loEgfH_1.jpg!m_fill,w_280,h_210,f_jpg?from=ke.com
20240627,丰台,丰台其它,101124454198,建设三里  精装修大两居  低楼层  着急出售房主自荐,158万,22982元/平,低楼层 (共6层) 2室1厅 | 68.75平米 | 东南,https://ke-image.ljcdn.com/110000-inspection/pc1_9TlkZNTyk_1.jpg!m_fill,w_280,h_210,f_jpg?from=ke.com
20240627,丰台,丰台其它,101124430704,燕西华府 2室1厅 南 北,280万,31299元/平,高楼层 (共6层) 2室1厅 | 89.46平米 | 南 北,https://ke-image.ljcdn.com/110000-inspection/31e2e6af-8d0e-40c2-a694-3ff17795a858_1000.jpg!m_fill,w_280,h_210,f_jpg?from=ke.com
20240627,丰台,丰台其它,101124333138,南北通透两居户型方正中间楼层无户口房主自荐,288万,42229元/平,中楼层 (共6层) 2室1厅 | 68.2平米 | 南 北,https://ke-image.ljcdn.com/110000-inspection/pc1_DDm8vOyg5.jpg!m_fill,w_280,h_210,f_jpg?from=ke.com
20240627,丰台,丰台其它,101124332701,燕西华府 低密洋房 电梯分户入户 眼镜户型 三居两卫房主自荐,546万,39239元/平,低楼层 (共6层) | 2015年 | 3室2厅 | 139.15平米 | 南 北,https://ke-image.ljcdn.com/110000-inspection/be8bc551-148c-4ff8-981c-e251a51d2471_1000.jpg!m_fill,w_280,h_210,f_jpg?from=ke.com
20240627,丰台,丰台其它,101124264091,东山坡二里小区  低楼层 南北户型  精装修,228万,34081元/平,中楼层 (共5层) 2室1厅 | 66.9平米 | 南 北,https://ke-image.ljcdn.com/110000-inspection/pc1_vQPwpRIVh_1.jpg!m_fill,w_280,h_210,f_jpg?from=ke.com
20240627,丰台,丰台其它,101124112985,中奥嘉园一期 1室0厅 西必看好房,125万,24501元/平,中楼层 (共13层) | 2015年 | 1室0厅 | 51.02平米 | 西,https://ke-image.ljcdn.com/110000-inspection/pc1_fQAdHDnRu_1.jpg!m_fill,w_280,h_210,f_jpg?from=ke.com
20240627,丰台,丰台其它,101124020215,红山郡 1室1厅 南,140万,29064元/平,中楼层 (共20层) 1室1厅 | 48.17平米 | 南,https://ke-image.ljcdn.com/110000-inspection/pc1_hXfL9vlEa_1.jpg!m_fill,w_280,h_210,f_jpg?from=ke.com
20240627,丰台,丰台其它,101123957778,张郭庄小区 中间层 看房方便 采光好必看好房,149万,29102元/平,中楼层 (共5层) 2室1厅 | 51.2平米 | 南,https://ke-image.ljcdn.com/110000-inspection/pc1_1P0m4hHb6_1.jpg!m_fill,w_280,h_210,f_jpg?from=ke.com
20240627,丰台,丰台其它,101123929915,南宫雅苑一期满五唯一南北通透格局小区中间位置,265万,30890元/平,高楼层 (共6层) | 2004年 | 2室1厅 | 85.79平米 | 南 北,https://ke-image.ljcdn.com/110000-inspection/pc1_f3ODNS4oL_2.jpg!m_fill,w_280,h_210,f_jpg?from=ke.com
20240627,丰台,丰台其它,101123896474,南向两居 满五年唯一 可贷款 产权清晰 采光充足房主自荐,148万,28907元/平,中楼层 (共5层) 2室1厅 | 51.2平米 | 南,https://ke-image.ljcdn.com/110000-inspection/pc1_05UL2bENH_1.jpg!m_fill,w_280,h_210,f_jpg?from=ke.com
20240627,丰台,丰台其它,101123693561,红山郡 带电梯 环境好 看房方便必看好房,190万,29421元/平,低楼层 (共18层) 2室1厅 | 64.58平米 | 南,https://ke-image.ljcdn.com/110000-inspection/pc1_vcJ85J7JK_1.jpg!m_fill,w_280,h_210,f_jpg?from=ke.com
20240627,丰台,丰台其它,101123688901,大灰厂小区 2室1厅 南 北必看好房,99万,21429元/平,中楼层 (共5层) 2室1厅 | 46.2平米 | 南 北,https://ke-image.ljcdn.com/110000-inspection/pc1_g631KFEd3_1.jpg!m_fill,w_280,h_210,f_jpg?from=ke.com
20240627,丰台,丰台其它,101123682148,燕西华府 南北通透四居室 次顶层 精装修,578万,45330元/平,高楼层 (共6层) 4室2厅 | 127.51平米 | 南 北,https://ke-image.ljcdn.com/110000-inspection/7fb86176-9ea2-4318-b323-590c3e9f90e5_1000.jpg!m_fill,w_280,h_210,f_jpg?from=ke.com
20240627,丰台,丰台其它,101123591307,燕西华府顶层复式南北通透楼层好视野宽阔,285万,34740元/平,顶层 (共6层) 2室1厅 | 82.04平米 | 南 北,https://ke-image.ljcdn.com/110000-inspection/pc1_Xdg1ol9nF_2.jpg!m_fill,w_280,h_210,f_jpg?from=ke.com
20240627,丰台,丰台其它,101123502418,汤泉墅精装修三居室 自住保持好 洋房社区必看好房,320万,33752元/平,底层 (共6层) 3室1厅 | 94.81平米 | 南 北,https://ke-image.ljcdn.com/110000-inspection/pc1_IZmbZLiYw.jpg!m_fill,w_280,h_210,f_jpg?from=ke.com
20240627,丰台,丰台其它,101122838868,红山郡 1室1厅 南必看好房,130万,26564元/平,低楼层 (共21层) 1室1厅 | 48.94平米 | 南,https://ke-image.ljcdn.com/110000-inspection/pc1_V1xv0hLoA_1.jpg!m_fill,w_280,h_210,f_jpg?from=ke.com
20240627,丰台,丰台其它,101122725896,南宫雅苑二期 南北通透 满五唯一 改善型住房,430万,33660元/平,中楼层 (共6层) 3室2厅 | 127.75平米 | 南 北,https://ke-image.ljcdn.com/110000-inspection/pc1_uUEn0DGpy.jpg!m_fill,w_280,h_210,f_jpg?from=ke.com
20240627,丰台,丰台其它,101122678944,中奥嘉园 电梯房小户型 上下楼方便 小区楼龄新,115万,22344元/平,低楼层 (共15层) | 2017年 | 1室0厅 | 51.47平米 | 南,https://ke-image.ljcdn.com/110000-inspection/pc1_YaeO4qtpR_1.jpg!m_fill,w_280,h_210,f_jpg?from=ke.com
20240627,丰台,丰台其它,101122649507,燕西华府次顶层南北通透楼层好视野宽阔采光充足,281万,31513元/平,高楼层 (共6层) 2室1厅 | 89.17平米 | 南 北,https://ke-image.ljcdn.com/110000-inspection/pc1_a87bVrnNl_1.jpg!m_fill,w_280,h_210,f_jpg?from=ke.com
20240627,丰台,丰台其它,101122550111,纯南朝向格局采光好六层电梯板楼集中供暖,309万,35202元/平,顶层 (共6层) 2室1厅 | 87.78平米 | 南,https://ke-image.ljcdn.com/110000-inspection/pc1_ixx35nd21.jpg!m_fill,w_280,h_210,f_jpg?from=ke.com
20240627,丰台,丰台其它,101122495665,中奥嘉园二期 1室1厅 西必看好房,110万,21603元/平,中楼层 (共15层) 1室1厅 | 50.92平米 | 西,https://ke-image.ljcdn.com/110000-inspection/pc1_B8f8MlCuL_1.jpg!m_fill,w_280,h_210,f_jpg?from=ke.com
20240627,丰台,丰台其它,101122308898,中奥嘉园一期 南北通透两居室出售必看好房,179万,29364元/平,高楼层 (共15层) 2室1厅 | 60.96平米 | 南 北,https://ke-image.ljcdn.com/110000-inspection/pc1_4276KWTOG_1.jpg!m_fill,w_280,h_210,f_jpg?from=ke.com
20240627,丰台,丰台其它,101121901599,张郭庄小区满五唯一南向精装一居室必看好房,118万,27896元/平,顶层 (共6层) 1室1厅 | 42.3平米 | 南,https://ke-image.ljcdn.com/110000-inspection/pc1_6VVAjOxAP_1.jpg!m_fill,w_280,h_210,f_jpg?from=ke.com
20240627,丰台,丰台其它,101121819088,长馨园小区  正规两居室  户型方正必看好房,199万,27751元/平,中楼层 (共15层) 2室1厅 | 71.71平米 | 南 北,https://ke-image.ljcdn.com/110000-inspection/pc1_0udvZwfdd_1.jpg!m_fill,w_280,h_210,f_jpg?from=ke.com
20240627,丰台,丰台其它,101121651118,东山坡二里 2室1厅 南 北,126万,26327元/平,底层 (共4层) 2室1厅 | 47.86平米 | 南 北,https://ke-image.ljcdn.com/110000-inspection/pc1_wvwAuX1zA_1.jpg!m_fill,w_280,h_210,f_jpg?from=ke.com
20240627,丰台,丰台其它,101121211583,花园北里 满五年唯一 南北通透两居 低楼层 免费停车,150万,26409元/平,中楼层 (共5层) 2室1厅 | 56.8平米 | 南 北,https://ke-image.ljcdn.com/110000-inspection/pc1_AqbMkWrmr.jpg!m_fill,w_280,h_210,f_jpg?from=ke.com
20240627,丰台,丰台其它,101117920903,复式结构平层是眼镜户型大四居南北通透采光好,665万,52449元/平,顶层 (共6层) 5室3厅 | 126.79平米 | 南 北,https://ke-image.ljcdn.com/110000-inspection/pc1_h5fF5CvIY_2.jpg!m_fill,w_280,h_210,f_jpg?from=ke.com
20240627,丰台,丰台其它,101115288954,珠江御景 满五年南北通透四居室 洋房带电梯,588万,36652元/平,中楼层 (共11层) 4室2厅 | 160.43平米 | 南 北,https://ke-image.ljcdn.com/110000-inspection/196db563-71da-45bf-a13a-e9ecb8edb290_1000.jpg!m_fill,w_280,h_210,f_jpg?from=ke.com
20240627,丰台,丰台其它,101124597955,别墅区里的电梯花园洋房一层带下跃的复式结构房主自荐,580万,49957元/平,底层 (共6层) 4室3厅 | 116.1平米 | 南 北,https://ke-image.ljcdn.com/110000-inspection/pc1_uf721RPxt.jpg!m_fill,w_280,h_210,f_jpg?from=ke.com
20240627,丰台,丰台其它,101124597822,平层大四居客厅朝阳三个卧室朝阳卫生间均有窗子必看好房,698万,40869元/平,中楼层 (共5层) | 2016年 | 4室2厅 | 170.79平米 | 南 北,https://ke-image.ljcdn.com/110000-inspection/pc1_m5D3Ow25G.jpg!m_fill,w_280,h_210,f_jpg?from=ke.com
20240627,丰台,丰台其它,101124587104,崔村二里 3室1厅 北 南必看好房,199万,23108元/平,中楼层 (共5层) 3室1厅 | 86.12平米 | 北 南,https://ke-image.ljcdn.com/110000-inspection/pc1_neF4fLfbR_1.jpg!m_fill,w_280,h_210,f_jpg?from=ke.com
20240627,丰台,丰台其它,101124510763,卢西嘉园   南北通透两居室  中间楼层前后无遮挡,275万,32982元/平,中楼层 (共6层) 2室1厅 | 83.38平米 | 南 北,https://ke-image.ljcdn.com/110000-inspection/pc1_ZVeIlKck4.jpg!m_fill,w_280,h_210,f_jpg?from=ke.com
20240627,丰台,丰台其它,101124449491,复式结构五室三厅户型方正精装修,996万,60614元/平,底层 (共5层) 5室3厅 | 164.32平米 | 南 北,https://ke-image.ljcdn.com/110000-inspection/pc1_LA4ktLGYw.jpg!m_fill,w_280,h_210,f_jpg?from=ke.com
20240627,丰台,丰台其它,101124446631,燕西华府 联排别墅精装修拎包入住,1190万,32395元/平,底层 (共3层) 7室1厅 | 367.35平米 | 南 北,https://ke-image.ljcdn.com/110000-inspection/pc1_GVlK6ErX3.jpg!m_fill,w_280,h_210,f_jpg?from=ke.com
20240627,丰台,丰台其它,101124136818,一层带地下室的复式结构装修好后一天没住过有车位,1060万,59511元/平,底层 (共6层) 6室3厅 | 178.12平米 | 南 北,https://ke-image.ljcdn.com/110000-inspection/18465815-49e0-49b8-8d6c-4d687eb9ffa8_1000.jpg!m_fill,w_280,h_210,f_jpg?from=ke.com
20240627,丰台,丰台其它,101124056591,领秀翡翠山B区一层   带下跃,639万,49314元/平,底层 (共6层) 4室2厅 | 129.58平米 | 南 北,https://ke-image.ljcdn.com/110000-inspection/pc1_gbucBLKFB.jpg!m_fill,w_280,h_210,f_jpg?from=ke.com
20240627,丰台,丰台其它,101123786439,领秀翡翠山B区 精装修顶层大复式 有地下室房主自荐,620万,42071元/平,顶层 (共6层) 4室2厅 | 147.37平米 | 南 北,https://ke-image.ljcdn.com/110000-inspection/pc1_NY2yo8yHz_2.jpg!m_fill,w_280,h_210,f_jpg?from=ke.com
20240627,丰台,丰台其它,101123455306,领秀翡翠山A区 电梯分户入户 眼镜户型三居室 几乎没住,650万,41632元/平,高楼层 (共6层) | 2014年 | 3室2厅 | 156.13平米 | 南 北,https://ke-image.ljcdn.com/110000-inspection/pc1_bUB0O2hIM.jpg!m_fill,w_280,h_210,f_jpg?from=ke.com
20240627,丰台,丰台其它,101123389134,四层空间南侧8面窗子都在地上水系花园北侧一排必看好房,1286万,51960元/平,底层 (共4层) 4室3厅 | 247.5平米 | 南 北,https://ke-image.ljcdn.com/110000-inspection/pc1_1HVHPBt4i.jpg!m_fill,w_280,h_210,f_jpg?from=ke.com
20240627,丰台,丰台其它,101123209635,精装修婚房 中间楼层 满五年唯一 南北户型 看房方便,139万,30624元/平,中楼层 (共6层) | 1992年 | 1室1厅 | 45.39平米 | 南 北,https://ke-image.ljcdn.com/110000-inspection/pc1_D5KbNmx9Z_1.jpg!m_fill,w_280,h_210,f_jpg?from=ke.com
20240627,丰台,丰台其它,101123151617,领秀翡翠山A区东边户大花园一层复式,1150万,51374元/平,底层 (共6层) | 2014年 | 5室1厅 | 223.85平米 | 南 北,https://ke-image.ljcdn.com/110000-inspection/ca3224ec-fc3f-48a8-99b3-6d9b025e83c6_1000.jpg!m_fill,w_280,h_210,f_jpg?from=ke.com
20240627,丰台,丰台其它,101123138882,燕西华府高楼层精装修一天没住过,495万,40728元/平,中楼层 (共6层) 3室2厅 | 121.54平米 | 南 北,https://ke-image.ljcdn.com/110000-inspection/pc1_3cqm03tEH.jpg!m_fill,w_280,h_210,f_jpg?from=ke.com
20240627,丰台,丰台其它,101123009699,建设三里新上南北通透两居室中间好楼层看房随时必看好房,145万,22281元/平,中楼层 (共6层) 2室1厅 | 65.08平米 | 南 北,https://ke-image.ljcdn.com/110000-inspection/pc1_5zZUxDz6p_1.jpg!m_fill,w_280,h_210,f_jpg?from=ke.com
20240627,丰台,丰台其它,101122966921,燕西华府 联排别墅 毛坯房源 有天有地 看房随时,1086万,28870元/平,底层 (共3层) 5室4厅 | 376.18平米 | 南 北,https://ke-image.ljcdn.com/110000-inspection/pc1_8iArwCQpg_2.jpg!m_fill,w_280,h_210,f_jpg?from=ke.com
20240627,丰台,丰台其它,101122589307,联排别墅地上三层地下一层私家电梯精装修,1250万,34561元/平,底层 (共3层) | 2013年 | 5室3厅 | 361.68平米 | 南 北,https://ke-image.ljcdn.com/110000-inspection/pc1_HFjS9u9XF.jpg!m_fill,w_280,h_210,f_jpg?from=ke.com
20240627,丰台,丰台其它,101122588140,高楼层视野采光好。无遮挡南北通透房主自荐,580万,37054元/平,高楼层 (共6层) | 2015年 | 4室1厅 | 156.53平米 | 南 北,https://ke-image.ljcdn.com/110000-inspection/pc1_hx1HBF2P4_1.jpg!m_fill,w_280,h_210,f_jpg?from=ke.com
20240627,丰台,丰台其它,101121477981,燕西华府 三居两卫 二次精装修 眼镜户型 全明格局,598万,42712元/平,高楼层 (共6层) 3室2厅 | 140.01平米 | 南 北,https://ke-image.ljcdn.com/110000-inspection/pc1_4Pep8cki1_1.jpg!m_fill,w_280,h_210,f_jpg?from=ke.com
20240627,丰台,丰台其它,101120481538,买方只需承担契税满五唯一东边户卫生间有窗子,268万,32884元/平,低楼层 (共6层) 2室1厅 | 81.5平米 | 东 南 北,https://ke-image.ljcdn.com/110000-inspection/pc1_ARbYGgF1P_1.jpg!m_fill,w_280,h_210,f_jpg?from=ke.com
20240627,丰台,丰台其它,101118948720,精装修下叠别墅没怎么住过满五唯一有车位必看好房,1090万,42227元/平,底层 (共4层) 5室4厅 | 258.13平米 | 南 北,https://ke-image.ljcdn.com/110000-inspection/a36d08c8-f2de-42b8-af6a-2a485da98d19_1000.jpg!m_fill,w_280,h_210,f_jpg?from=ke.com
20240627,丰台,丰台其它,101125083697,珠光逸景一期 1室1厅 南新上,195万,35167元/平,底层 (共6层) 1室1厅 | 55.45平米 | 南,https://ke-image.ljcdn.com/110000-inspection/pc1_E1zcbjovk_1.jpg!m_fill,w_280,h_210,f_jpg?from=ke.com
20240627,丰台,丰台其它,101125077161,珠光逸景二期 2室1厅 南 北新上,255万,34197元/平,低楼层 (共6层) 2室1厅 | 74.57平米 | 南 北,https://ke-image.ljcdn.com/110000-inspection/pc1_11budatGd_1.jpg!m_fill,w_280,h_210,f_jpg?from=ke.com
20240627,丰台,丰台其它,101125051301,中奥嘉园二期 高楼层采光好 视野开阔业主诚心出售新上,175万,28149元/平,顶层 (共15层) 2室1厅 | 62.17平米 | 东 西,https://ke-image.ljcdn.com/110000-inspection/pc1_i9aouC3sK_1.jpg!m_fill,w_280,h_210,f_jpg?from=ke.com
20240627,丰台,丰台其它,101125055572,云岗北区东里 2室1厅 南 北新上,225万,40107元/平,顶层 (共5层) 2室1厅 | 56.1平米 | 南 北,https://ke-image.ljcdn.com/110000-inspection/pc1_j7VvQXk7u_1.jpg!m_fill,w_280,h_210,f_jpg?from=ke.com
20240627,丰台,丰台其它,101125046379,中体奥林匹克花园二期 3室1厅 南 北新上,560万,39260元/平,低楼层 (共6层) 3室1厅 | 142.64平米 | 南 北,https://ke-image.ljcdn.com/110000-inspection/pc1_fp2tvCPvN_1.jpg!m_fill,w_280,h_210,f_jpg?from=ke.com
20240627,丰台,丰台其它,101125019671,电梯入户 只有契税 精装 明卫 基本没住 带储物间新上,899万,61382元/平,低楼层 (共19层) 4室2厅 | 146.46平米 | 南 北,https://ke-image.ljcdn.com/110000-inspection/pc1_VFbXsYQO4_1.jpg!m_fill,w_280,h_210,f_jpg?from=ke.com
20240627,丰台,丰台其它,101125019597,建设二里 2室1厅 北 南新上,172万,33772元/平,底层 (共6层) 2室1厅 | 50.93平米 | 北 南,https://ke-image.ljcdn.com/110000-inspection/pc1_SJhoZB8ar_1.jpg!m_fill,w_280,h_210,f_jpg?from=ke.com
20240627,丰台,丰台其它,101124991300,汤泉墅南北通透三居满五唯一电梯洋房诚心出售,386万,41240元/平,低楼层 (共6层) 3室2厅 | 93.6平米 | 南 北,https://ke-image.ljcdn.com/110000-inspection/pc1_1PoB9UBd9_2.jpg!m_fill,w_280,h_210,f_jpg?from=ke.com
20240627,丰台,丰台其它,101124934887,珠光逸景二期 3室1厅 北 南,350万,38534元/平,底层 (共6层) | 2014年 | 3室1厅 | 90.83平米 | 北 南,https://ke-image.ljcdn.com/110000-inspection/pc1_9LbowAQiV_1.jpg!m_fill,w_280,h_210,f_jpg?from=ke.com
20240627,丰台,丰台其它,101124928090,西山甲一号 3室2厅 北,799万,55211元/平,高楼层 (共19层) 3室2厅 | 144.72平米 | 北,https://ke-image.ljcdn.com/110000-inspection/pc1_KL51up8Yh_1.jpg!m_fill,w_280,h_210,f_jpg?from=ke.com
20240627,丰台,丰台其它,101124925615,燕西华府 A区  南北通透    4居,550万,43769元/平,中楼层 (共6层) 3室2厅 | 125.66平米 | 南 北,https://ke-image.ljcdn.com/110000-inspection/15a3e10d-c74f-48c8-b863-c4236c6907f3_1000.jpg!m_fill,w_280,h_210,f_jpg?from=ke.com
20240627,丰台,丰台其它,101124897889,南宫雅苑二期 3室2厅 南 北,470万,36754元/平,底层 (共6层) 3室2厅 | 127.88平米 | 南 北,https://ke-image.ljcdn.com/110000-inspection/pc1_IcVbnwIZ3.jpg!m_fill,w_280,h_210,f_jpg?from=ke.com
20240627,丰台,丰台其它,101124885462,南宫雅苑二期南北通透楼层好小区中间位置装修保持房主自荐,440万,33489元/平,低楼层 (共6层) 3室2厅 | 131.39平米 | 南 北,https://ke-image.ljcdn.com/110000-inspection/pc1_jSKwWqZ6J.jpg!m_fill,w_280,h_210,f_jpg?from=ke.com
20240627,丰台,丰台其它,101124869826,园博嘉园 1室1厅 东南,350万,60481元/平,低楼层 (共15层) 1室1厅 | 57.87平米 | 东南,https://ke-image.ljcdn.com/110000-inspection/pc1_bEgY05bP2_1.jpg!m_fill,w_280,h_210,f_jpg?from=ke.com
20240627,丰台,丰台其它,101124856710,张郭庄小区低楼层99年房龄南北通透两居室出售,246万,32023元/平,低楼层 (共6层) 2室1厅 | 76.82平米 | 南 北,https://ke-image.ljcdn.com/110000-inspection/pc1_ZAZr0XZ5w_1.jpg!m_fill,w_280,h_210,f_jpg?from=ke.com
20240627,丰台,丰台其它,101124845333,中奥嘉园一期 2室1厅 南 北,185万,31077元/平,高楼层 (共11层) 2室1厅 | 59.53平米 | 南 北,https://ke-image.ljcdn.com/110000-inspection/pc1_Z9SVf4tqa_1.jpg!m_fill,w_280,h_210,f_jpg?from=ke.com
20240627,丰台,丰台其它,101124837060,红山郡 商品房 看房方便 成本少房主自荐,220万,34040元/平,中楼层 (共21层) 2室1厅 | 64.63平米 | 南,https://ke-image.ljcdn.com/110000-inspection/pc1_9dUEOlh8i_1.jpg!m_fill,w_280,h_210,f_jpg?from=ke.com
20240627,丰台,丰台其它,101124828460,崔村二里 南北通透 中间楼层两居,150万,28556元/平,中楼层 (共5层) 2室1厅 | 52.53平米 | 南 北,https://ke-image.ljcdn.com/110000-inspection/pc1_mZdzbEYRx_1.jpg!m_fill,w_280,h_210,f_jpg?from=ke.com
20240627,丰台,丰台其它,101124800214,汤泉墅 3室1厅 南 北,310万,34134元/平,中楼层 (共6层) 3室1厅 | 90.82平米 | 南 北,https://ke-image.ljcdn.com/110000-inspection/pc1_LFimzduLy_2.jpg!m_fill,w_280,h_210,f_jpg?from=ke.com
20240627,丰台,丰台其它,101124753478,中奥嘉园二期 1室0厅 南,130万,25601元/平,低楼层 (共15层) 1室0厅 | 50.78平米 | 南,https://ke-image.ljcdn.com/110000-inspection/pc1_h7eBHdpIg_1.jpg!m_fill,w_280,h_210,f_jpg?from=ke.com
20240627,丰台,丰台其它,101124783759,南宫雅苑二期南北通透格局双明卫中间楼栋采光好,350万,34657元/平,中楼层 (共5层) 2室2厅 | 100.99平米 | 南 北,https://ke-image.ljcdn.com/110000-inspection/f735d22d-6057-4714-bb48-a38dc01587d1_1000.jpg!m_fill,w_280,h_210,f_jpg?from=ke.com
20240627,丰台,丰台其它,101124766810,崔村一里 2002年两居 满五年唯一 中间楼层,273万,32270元/平,中楼层 (共6层) 2室1厅 | 84.6平米 | 南 北,https://ke-image.ljcdn.com/110000-inspection/pc1_CNVxFKQkZ_1.jpg!m_fill,w_280,h_210,f_jpg?from=ke.com
20240627,丰台,丰台其它,101124746272,长辛店东山坡三里17号院 中间楼层 精装修 三居室房主自荐,245万,21950元/平,中楼层 (共6层) 3室1厅 | 111.62平米 | 南 北,https://ke-image.ljcdn.com/110000-inspection/pc1_vze5zVz2X_1.jpg!m_fill,w_280,h_210,f_jpg?from=ke.com
20240627,丰台,丰台其它,101124739186,东山坡三里 2室1厅 南 北,228万,22613元/平,高楼层 (共6层) 2室1厅 | 100.83平米 | 南 北,https://ke-image.ljcdn.com/110000-inspection/pc1_teNvQYv8y_1.jpg!m_fill,w_280,h_210,f_jpg?from=ke.com
20240627,丰台,丰台其它,101124738123,燕西华府 2室1厅 南 北房主自荐,290万,32691元/平,低楼层 (共6层) 2室1厅 | 88.71平米 | 南 北,https://ke-image.ljcdn.com/110000-inspection/4c59e39f-d976-467c-8ecb-448dd4c5c165_1000.jpg!m_fill,w_280,h_210,f_jpg?from=ke.com
20240627,丰台,丰台其它,101124718305,珠光逸景二期 2室1厅 南 北,300万,38339元/平,中楼层 (共5层) 2室1厅 | 78.25平米 | 南 北,https://ke-image.ljcdn.com/110000-inspection/pc1_AWk0duXVR_1.jpg!m_fill,w_280,h_210,f_jpg?from=ke.com
20240627,丰台,丰台其它,101124704987,满五唯一中间楼层婚房装修拎包入住南北通透房主自荐,309万,37999元/平,中楼层 (共6层) 2室1厅 | 81.32平米 | 南 北,https://ke-image.ljcdn.com/110000-inspection/3eab5f7f-9696-47a7-9f96-9a659f026d93_1000.jpg!m_fill,w_280,h_210,f_jpg?from=ke.com
20240627,丰台,丰台其它,101124685686,珠光御景西园南北通透三居室 中间楼层业主诚心出售,525万,38149元/平,中楼层 (共9层) 3室2厅 | 137.62平米 | 南 北,https://ke-image.ljcdn.com/110000-inspection/pc1_BynxknbVu_1.jpg!m_fill,w_280,h_210,f_jpg?from=ke.com
20240627,丰台,丰台其它,101124680383,珠光逸景二期 满五唯一 南向一居室 户型方正中间层,182万,32858元/平,中楼层 (共6层) 1室1厅 | 55.39平米 | 南,https://ke-image.ljcdn.com/110000-inspection/pc1_DJVge0YrI_1.jpg!m_fill,w_280,h_210,f_jpg?from=ke.com
20240627,丰台,丰台其它,101124678057,张郭庄小区 2室1厅 南 北,200万,35212元/平,高楼层 (共6层) 2室1厅 | 56.8平米 | 南 北,https://ke-image.ljcdn.com/110000-inspection/pc1_TaRwFapeN_1.jpg!m_fill,w_280,h_210,f_jpg?from=ke.com
20240627,丰台,丰台其它,101124675306,杜家坎44号院  满五唯一 南北通透   电梯三居,330万,32558元/平,高楼层 (共6层) 3室2厅 | 101.36平米 | 南 北,https://ke-image.ljcdn.com/110000-inspection/pc1_ZFd2qLTpb_1.jpg!m_fill,w_280,h_210,f_jpg?from=ke.com
20240627,丰台,丰台其它,101124632022,14号线张郭庄站 精装 直接可以入住 买家只出契税,206万,31938元/平,高楼层 (共6层) | 1982年 | 3室1厅 | 64.5平米 | 东 西,https://ke-image.ljcdn.com/110000-inspection/pc1_5WCezYX2W_1.jpg!m_fill,w_280,h_210,f_jpg?from=ke.com
20240627,丰台,丰台其它,101124619521,珠光逸景二期 2室1厅 南 北,306万,38838元/平,低楼层 (共6层) 2室1厅 | 78.79平米 | 南 北,https://ke-image.ljcdn.com/110000-inspection/pc1_1B0kmF6Fp_1.jpg!m_fill,w_280,h_210,f_jpg?from=ke.com
20240627,丰台,丰台其它,101124583549,红山郡 2室1厅 南 北,238万,37205元/平,中楼层 (共21层) 2室1厅 | 63.97平米 | 南 北,https://ke-image.ljcdn.com/110000-inspection/pc1_zOb4PvuYI_1.jpg!m_fill,w_280,h_210,f_jpg?from=ke.com
20240627,丰台,丰台其它,101124573557,汤泉墅 1室1厅 南 北,176万,33723元/平,高楼层 (共6层) 1室1厅 | 52.19平米 | 南 北,https://ke-image.ljcdn.com/110000-inspection/pc1_QYnUpKxEn_2.jpg!m_fill,w_280,h_210,f_jpg?from=ke.com
20240627,丰台,丰台其它,101124569892,中奥嘉园二期 2室1厅 南 北,190万,31225元/平,顶层 (共15层) 2室1厅 | 60.85平米 | 南 北,https://ke-image.ljcdn.com/110000-inspection/pc1_hjVECNppZ_1.jpg!m_fill,w_280,h_210,f_jpg?from=ke.com
20240627,丰台,丰台其它,101124553984,云岗南区西里 2室1厅 南 北,258万,46554元/平,低楼层 (共6层) 2室1厅 | 55.42平米 | 南 北,https://ke-image.ljcdn.com/110000-inspection/pc1_AzXni0PyK_1.jpg!m_fill,w_280,h_210,f_jpg?from=ke.com
20240627,丰台,丰台其它,101124552736,云岗南区东里21 2室1厅 南 北,290万,42522元/平,中楼层 (共5层) 2室1厅 | 68.2平米 | 南 北,https://ke-image.ljcdn.com/110000-inspection/pc1_HSGw9jGvz_1.jpg!m_fill,w_280,h_210,f_jpg?from=ke.com
20240627,丰台,丰台其它,101124546243,张郭庄小区 3室1厅 南 北,199万,30853元/平,中楼层 (共6层) 3室1厅 | 64.5平米 | 南 北,https://ke-image.ljcdn.com/110000-inspection/pc1_ikbUCs5xz_1.jpg!m_fill,w_280,h_210,f_jpg?from=ke.com
20240627,丰台,丰台其它,101124539540,中奥嘉园一期 1室0厅 南,135万,25296元/平,中楼层 (共11层) | 2015年 | 1室0厅 | 53.37平米 | 南,https://ke-image.ljcdn.com/110000-inspection/pc1_j4yB99aqw_1.jpg!m_fill,w_280,h_210,f_jpg?from=ke.com
20240627,丰台,丰台其它,101124529664,红山郡 精装修 诚意卖 看房方便,256万,39604元/平,高楼层 (共21层) 2室1厅 | 64.64平米 | 南,https://ke-image.ljcdn.com/110000-inspection/pc1_zDj0q7R4Q_1.jpg!m_fill,w_280,h_210,f_jpg?from=ke.com
20240627,丰台,丰台其它,101124510642,中奥嘉园一期 2室1厅 南 北,178万,29876元/平,高楼层 (共15层) 2室1厅 | 59.58平米 | 南 北,https://ke-image.ljcdn.com/110000-inspection/pc1_ZbyZau0fI_1.jpg!m_fill,w_280,h_210,f_jpg?from=ke.com
20240627,丰台,丰台其它,101124490595,红山郡 2室1厅 南,230万,35599元/平,高楼层 (共21层) 2室1厅 | 64.61平米 | 南,https://ke-image.ljcdn.com/110000-inspection/pc1_knwVGHE5v_1.jpg!m_fill,w_280,h_210,f_jpg?from=ke.com
20240627,丰台,丰台其它,101124454737,满五年唯一 正规南向一居 可贷款 业主靠谱出售,165万,31369元/平,底层 (共11层) 1室1厅 | 52.6平米 | 南,https://ke-image.ljcdn.com/110000-inspection/pc1_w1SZZzq4k.jpg!m_fill,w_280,h_210,f_jpg?from=ke.com
20240627,丰台,丰台其它,101124460978,鑫園精装修两居室简约风格直接拎包入住,290万,34806元/平,中楼层 (共8层) | 2014年 | 2室1厅 | 83.32平米 | 南,https://ke-image.ljcdn.com/110000-inspection/pc1_A28Pmv5Vd_1.jpg!m_fill,w_280,h_210,f_jpg?from=ke.com
20240627,丰台,丰台其它,101124438628,珠江御景 4室2厅 南 北,480万,30271元/平,低楼层 (共9层) 4室2厅 | 158.57平米 | 南 北,https://ke-image.ljcdn.com/110000-inspection/pc1_eetdMuu1v_1.jpg!m_fill,w_280,h_210,f_jpg?from=ke.com
20240627,丰台,丰台其它,101124438192,崔村二里 2室1厅 南 北,145万,24099元/平,中楼层 (共5层) 2室1厅 | 60.17平米 | 南 北,https://ke-image.ljcdn.com/110000-inspection/pc1_kMKQnBBmi_1.jpg!m_fill,w_280,h_210,f_jpg?from=ke.com
20240627,丰台,丰台其它,101124431648,红山郡 3室1厅 南 北,285万,32888元/平,高楼层 (共18层) 3室1厅 | 86.66平米 | 南 北,https://ke-image.ljcdn.com/110000-inspection/pc1_DJ4XkEURW_1.jpg!m_fill,w_280,h_210,f_jpg?from=ke.com
20240627,丰台,丰台其它,101124419499,园博嘉园 2室1厅 东 西,430万,50583元/平,低楼层 (共15层) 2室1厅 | 85.01平米 | 东 西,https://ke-image.ljcdn.com/110000-inspection/pc1_oFONTElOh_1.jpg!m_fill,w_280,h_210,f_jpg?from=ke.com
20240627,丰台,丰台其它,101124400726,玉皇庄小区 2室1厅 南 北,168万,33268元/平,底层 (共6层) 2室1厅 | 50.5平米 | 南 北,https://ke-image.ljcdn.com/110000-inspection/pc1_b6jKzE8uy_1.jpg!m_fill,w_280,h_210,f_jpg?from=ke.com
20240627,丰台,丰台其它,101124398966,崔村一里 2室1厅 南 北,175万,28736元/平,中楼层 (共5层) | 1983年 | 2室1厅 | 60.9平米 | 南 北,https://ke-image.ljcdn.com/110000-inspection/pc1_7daIyOEyC_1.jpg!m_fill,w_280,h_210,f_jpg?from=ke.com
20240627,丰台,丰台其它,101124370518,燕西华府 4室2厅 南 北,560万,44654元/平,低楼层 (共6层) 4室2厅 | 125.41平米 | 南 北,https://ke-image.ljcdn.com/110000-inspection/pc1_Q6atXBASo_2.jpg!m_fill,w_280,h_210,f_jpg?from=ke.com
20240627,丰台,丰台其它,101124285317,鑫园闻松台适合全年龄段人口入住,230万,27741元/平,顶层 (共8层) 2室1厅 | 82.91平米 | 南 北,https://ke-image.ljcdn.com/110000-inspection/pc1_xEyBblBMG_1.jpg!m_fill,w_280,h_210,f_jpg?from=ke.com
20240627,丰台,丰台其它,101124284079,南宫景苑 精装修 大两居 满五唯一 南北通透,318万,35096元/平,底层 (共6层) 2室1厅 | 90.61平米 | 南 北,https://ke-image.ljcdn.com/110000-inspection/3148fa87-9327-4cb2-87c7-cf600e302f55_1000.jpg!m_fill,w_280,h_210,f_jpg?from=ke.com
20240627,丰台,丰台其它,101124276054,园博嘉园  两居 东西  近地铁,420万,48243元/平,中楼层 (共18层) | 2014年 | 2室1厅 | 87.06平米 | 东 西,https://ke-image.ljcdn.com/110000-inspection/pc1_50qGSW8rH_1.jpg!m_fill,w_280,h_210,f_jpg?from=ke.com
20240627,丰台,丰台其它,101124274065,崔村一里 2室1厅 南 北,165万,28076元/平,顶层 (共6层) 2室1厅 | 58.77平米 | 南 北,https://ke-image.ljcdn.com/110000-inspection/pc1_r3iRb9QqL_1.jpg!m_fill,w_280,h_210,f_jpg?from=ke.com
20240627,丰台,丰台其它,101124235155,房子精装修次新房南北通透楼层好小区中间位置,620万,56247元/平,中楼层 (共8层) 4室1厅 | 110.23平米 | 南 北,https://ke-image.ljcdn.com/110000-inspection/pc1_sfy2xGN0u_1.jpg!m_fill,w_280,h_210,f_jpg?from=ke.com
20240627,丰台,丰台其它,101124229622,张郭庄小区两居 南  满五唯一。,239万,30752元/平,中楼层 (共6层) 2室1厅 | 77.72平米 | 南,https://ke-image.ljcdn.com/110000-inspection/pc1_3UaMGCGDO_1.jpg!m_fill,w_280,h_210,f_jpg?from=ke.com
20240627,丰台,丰台其它,101124218109,中奥嘉园一期 1室1厅 南,159万,30246元/平,中楼层 (共11层) 1室1厅 | 52.57平米 | 南,https://ke-image.ljcdn.com/110000-inspection/pc1_mEnqCDIk2.jpg!m_fill,w_280,h_210,f_jpg?from=ke.com
20240627,丰台,丰台其它,101124211623,汤泉墅 满五唯一 精装修 看房方便房主自荐,339万,35640元/平,底层 (共5层) 3室1厅 | 95.12平米 | 南 北,https://ke-image.ljcdn.com/110000-inspection/144e0673-fdb7-4e70-886c-7834eea7f4d5_1000.jpg!m_fill,w_280,h_210,f_jpg?from=ke.com
20240627,丰台,丰台其它,101124169123,泉湖西路1号院七区燕西华府跃墅,673万,55070元/平,低楼层 (共6层) 3室2厅 | 122.21平米 | 南 北,https://ke-image.ljcdn.com/110000-inspection/pc1_OUgPzz9Xs.jpg!m_fill,w_280,h_210,f_jpg?from=ke.com
20240627,丰台,丰台其它,101124161172,珠光逸景二期 3室1厅 南 北,394万,42845元/平,中楼层 (共6层) 3室1厅 | 91.96平米 | 南 北,https://ke-image.ljcdn.com/110000-inspection/pc1_PzdRhViHi_1.jpg!m_fill,w_280,h_210,f_jpg?from=ke.com
20240627,丰台,丰台其它,101124156612,南北通透装修很好满五年唯一看房随时,220万,28527元/平,顶层 (共6层) | 1999年 | 2室1厅 | 77.12平米 | 南 北,https://ke-image.ljcdn.com/110000-inspection/pc1_TReYOzI63_1.jpg!m_fill,w_280,h_210,f_jpg?from=ke.com
20240627,丰台,丰台其它,101124151924,中奥嘉园一期南向正规一居室中间楼层采光好无遮挡,165万,30590元/平,中楼层 (共14层) | 2015年 | 1室1厅 | 53.94平米 | 南,https://ke-image.ljcdn.com/110000-inspection/pc1_hp9dgdBx5_1.jpg!m_fill,w_280,h_210,f_jpg?from=ke.com
20240627,丰台,丰台其它,101124135224,张郭庄小区 满五唯一商品房 精装修,230万,29556元/平,高楼层 (共6层) 2室1厅 | 77.82平米 | 南 北,https://ke-image.ljcdn.com/110000-inspection/pc1_wop7om34H_1.jpg!m_fill,w_280,h_210,f_jpg?from=ke.com
20240627,丰台,丰台其它,101124130483,汤泉墅精装修三居室 自住保持好 洋房社区,390万,40240元/平,中楼层 (共6层) 3室1厅 | 96.92平米 | 南 北,https://ke-image.ljcdn.com/110000-inspection/pc1_4FpvuhyG3.jpg!m_fill,w_280,h_210,f_jpg?from=ke.com
20240627,丰台,丰台其它,101124108277,鑫園 2室1厅 南,238万,28572元/平,中楼层 (共8层) 2室1厅 | 83.3平米 | 南,https://ke-image.ljcdn.com/110000-inspection/pc1_o63LToImP_1.jpg!m_fill,w_280,h_210,f_jpg?from=ke.com
20240627,丰台,丰台其它,101124101681,珠光逸景一期 3室1厅 南,379万,41187元/平,底层 (共6层) 3室1厅 | 92.02平米 | 南,https://ke-image.ljcdn.com/110000-inspection/pc1_eBXHt1XOz_1.jpg!m_fill,w_280,h_210,f_jpg?from=ke.com
20240627,丰台,丰台其它,101124098604,南宫雅苑一期 6层花园洋房 低楼层 板楼 南北通透,318万,36986元/平,中楼层 (共6层) 2室1厅 | 85.98平米 | 南 北,https://ke-image.ljcdn.com/110000-inspection/65f42c46-0bd6-4bbf-901e-df6fbd8d9c15_1000.jpg!m_fill,w_280,h_210,f_jpg?from=ke.com
20240627,丰台,丰台其它,101124094443,长辛店东山坡一里15号院  满五唯一 精装修 采光好房主自荐,176万,28342元/平,高楼层 (共6层) 2室1厅 | 62.1平米 | 南 北,https://ke-image.ljcdn.com/110000-inspection/pc1_4Zzm6x2gs_1.jpg!m_fill,w_280,h_210,f_jpg?from=ke.com
20240627,丰台,丰台其它,101124093599,珠光逸景一期 精装修 南北通透三居室 诚心出售,336万,36479元/平,底层 (共7层) | 2013年 | 3室1厅 | 92.11平米 | 南 北,https://ke-image.ljcdn.com/110000-inspection/pc1_jJHBGeBpT_1.jpg!m_fill,w_280,h_210,f_jpg?from=ke.com
20240627,丰台,丰台其它,101124083922,玉皇庄小区 2室1厅 南 北,144万,28131元/平,低楼层 (共6层) 2室1厅 | 51.19平米 | 南 北,https://ke-image.ljcdn.com/110000-inspection/pc1_cTSBg0qiY_1.jpg!m_fill,w_280,h_210,f_jpg?from=ke.com
20240627,丰台,丰台其它,101124077298,科技住宅 满两年 只有契税 精装修 无遮挡 采光好,690万,53710元/平,中楼层 (共17层) 3室2厅 | 128.47平米 | 南 北,https://ke-image.ljcdn.com/110000-inspection/pc1_TKTarCClO_1.jpg!m_fill,w_280,h_210,f_jpg?from=ke.com
20240627,丰台,丰台其它,101124070478,三居室东西南三个朝向采光好明厨明卫,190万,29458元/平,中楼层 (共6层) 3室1厅 | 64.5平米 | 东 南 西,https://ke-image.ljcdn.com/110000-inspection/pc1_9wgCtgVLX_1.jpg!m_fill,w_280,h_210,f_jpg?from=ke.com
20240627,丰台,丰台其它,101124060345,熙悦天寰 4室2厅 南 北,575万,52642元/平,底层 (共8层) 4室2厅 | 109.23平米 | 南 北,https://ke-image.ljcdn.com/110000-inspection/pc1_mO4MzNHRB_1.jpg!m_fill,w_280,h_210,f_jpg?from=ke.com
20240627,丰台,丰台其它,101124050995,永兴里 2室1厅 南 北房主自荐,157万,27248元/平,低楼层 (共6层) | 1995年 | 2室1厅 | 57.62平米 | 南 北,https://ke-image.ljcdn.com/110000-inspection/pc1_E20aqQv46_1.jpg!m_fill,w_280,h_210,f_jpg?from=ke.com
20240627,丰台,丰台其它,101124048195,建设二里  南北两居室  满五年,125万,20332元/平,顶层 (共6层) 2室1厅 | 61.48平米 | 南 北,https://ke-image.ljcdn.com/110000-inspection/pc1_NBxAjmuGm_1.jpg!m_fill,w_280,h_210,f_jpg?from=ke.com
20240627,丰台,丰台其它,101124041350,听竹院 1室1厅 南,150万,27062元/平,中楼层 (共7层) 1室1厅 | 55.43平米 | 南,https://ke-image.ljcdn.com/110000-inspection/pc1_LXHIKcK9G_1.jpg!m_fill,w_280,h_210,f_jpg?from=ke.com
20240627,丰台,丰台其它,101124038311,燕西华府 2室1厅 南 北,260万,29309元/平,低楼层 (共6层) 2室1厅 | 88.71平米 | 南 北,https://ke-image.ljcdn.com/110000-inspection/pc1_Bik288OCF_2.jpg!m_fill,w_280,h_210,f_jpg?from=ke.com
20240627,丰台,丰台其它,101124035761,熙悦天寰眼镜户型双通透拎包入住,505万,56532元/平,中楼层 (共8层) 3室2厅 | 89.33平米 | 北 南,https://ke-image.ljcdn.com/110000-inspection/pc1_AkDjA8apH_1.jpg!m_fill,w_280,h_210,f_jpg?from=ke.com
20240627,丰台,丰台其它,101124016317,红山郡商品房精装修拎包入住南向无遮挡急售房主自荐,140万,28819元/平,低楼层 (共18层) 1室1厅 | 48.58平米 | 南,https://ke-image.ljcdn.com/110000-inspection/pc1_8i2Oh54BK.jpg!m_fill,w_280,h_210,f_jpg?from=ke.com
20240627,丰台,丰台其它,101124008524,张郭庄小区 3室1厅 南 北,215万,33334元/平,中楼层 (共6层) 3室1厅 | 64.5平米 | 南 北,https://ke-image.ljcdn.com/110000-inspection/pc1_4AFiJS2el_1.jpg!m_fill,w_280,h_210,f_jpg?from=ke.com
20240627,丰台,丰台其它,101123982013,建设一里 2室1厅 东 西,125万,23796元/平,中楼层 (共6层) 2室1厅 | 52.53平米 | 东 西,https://ke-image.ljcdn.com/110000-inspection/pc1_vg1WhYzZ5_1.jpg!m_fill,w_280,h_210,f_jpg?from=ke.com
20240627,丰台,丰台其它,101123976211,环境优美 满五唯一采光好南北通透户型,495万,40257元/平,底层 (共6层) 3室2厅 | 122.96平米 | 南 北,https://ke-image.ljcdn.com/110000-inspection/pc1_0ovxssQw3.jpg!m_fill,w_280,h_210,f_jpg?from=ke.com
20240627,丰台,丰台其它,101123960617,山语城满五唯一 精装修 眼镜户型采光充足,495万,39952元/平,底层 (共6层) 3室2厅 | 123.9平米 | 南 北,https://ke-image.ljcdn.com/110000-inspection/pc1_8U9vuv69K_2.jpg!m_fill,w_280,h_210,f_jpg?from=ke.com
20240627,丰台,丰台其它,101123955986,张郭庄小区 2室1厅 东 西,156万,29715元/平,中楼层 (共5层) 2室1厅 | 52.5平米 | 东 西,https://ke-image.ljcdn.com/110000-inspection/pc1_8cmGUUj4W_1.jpg!m_fill,w_280,h_210,f_jpg?from=ke.com
20240627,丰台,丰台其它,101123954774,珠光御景西园 3室2厅 南 北,552万,40363元/平,高楼层 (共9层) 3室2厅 | 136.76平米 | 南 北,https://ke-image.ljcdn.com/110000-inspection/pc1_oN5ia4dMS_1.jpg!m_fill,w_280,h_210,f_jpg?from=ke.com
20240627,丰台,丰台其它,101123954440,珠光御景西园 4室2厅 南 北,658万,40908元/平,高楼层 (共9层) 4室2厅 | 160.85平米 | 南 北,https://ke-image.ljcdn.com/110000-inspection/pc1_4o1o4qbnD_1.jpg!m_fill,w_280,h_210,f_jpg?from=ke.com
20240627,丰台,丰台其它,101123914652,花园北里 2室1厅 南 北,170万,27032元/平,顶层 (共6层) 2室1厅 | 62.89平米 | 南 北,https://ke-image.ljcdn.com/110000-inspection/pc1_ny89BKpsh_1.jpg!m_fill,w_280,h_210,f_jpg?from=ke.com
20240627,丰台,丰台其它,101123912719,西山甲一号南街2号院交通便利。,830万,58509元/平,中楼层 (共13层) 4室2厅 | 141.86平米 | 南 北,https://ke-image.ljcdn.com/110000-inspection/pc1_XJH6NpOPF_1.jpg!m_fill,w_280,h_210,f_jpg?from=ke.com
20240627,丰台,丰台其它,101123912325,花园北里 2室1厅 南 北,148万,27654元/平,中楼层 (共5层) 2室1厅 | 53.52平米 | 南 北,https://ke-image.ljcdn.com/110000-inspection/pc1_MsSJNBi5h.jpg!m_fill,w_280,h_210,f_jpg?from=ke.com
20240627,丰台,丰台其它,101123902621,张郭庄小区 看房随时 出行方便,189万,32253元/平,中楼层 (共5层) 3室1厅 | 58.6平米 | 南 北,https://ke-image.ljcdn.com/110000-inspection/pc1_w5woXfpXq_1.jpg!m_fill,w_280,h_210,f_jpg?from=ke.com
20240627,丰台,丰台其它,101123886753,汤泉墅 3室1厅 南 北,320万,36965元/平,中楼层 (共6层) 3室1厅 | 86.57平米 | 南 北,https://ke-image.ljcdn.com/110000-inspection/pc1_TWh2b8uGn_2.jpg!m_fill,w_280,h_210,f_jpg?from=ke.com
20240627,丰台,丰台其它,101123881568,崔村二里 2室1厅 南,139万,24559元/平,顶层 (共5层) 2室1厅 | 56.6平米 | 南,https://ke-image.ljcdn.com/110000-inspection/pc1_nfyyJTQJ5_1.jpg!m_fill,w_280,h_210,f_jpg?from=ke.com
20240627,丰台,丰台其它,101123874873,红山郡 3室1厅 南 北,309万,35943元/平,高楼层 (共20层) 3室1厅 | 85.97平米 | 南 北,https://ke-image.ljcdn.com/110000-inspection/pc1_BsN5CU4s8_1.jpg!m_fill,w_280,h_210,f_jpg?from=ke.com
20240627,丰台,丰台其它,101123850311,高楼层带电梯两居 南北通透 满五年唯一 商品房落地窗,320万,40323元/平,高楼层 (共6层) 2室1厅 | 79.36平米 | 南 北,https://ke-image.ljcdn.com/110000-inspection/pc1_C2in94Dye_1.jpg!m_fill,w_280,h_210,f_jpg?from=ke.com
20240627,丰台,丰台其它,101123842661,长馨园 2室1厅 南,188万,27047元/平,中楼层 (共16层) 2室1厅 | 69.51平米 | 南,https://ke-image.ljcdn.com/110000-inspection/pc1_NJ8yYjt7v_1.jpg!m_fill,w_280,h_210,f_jpg?from=ke.com
20240627,丰台,丰台其它,101123807332,燕西华府 2室1厅 南 北,306万,37163元/平,中楼层 (共6层) 2室1厅 | 82.34平米 | 南 北,https://ke-image.ljcdn.com/110000-inspection/pc1_Nx6MvlwON_1.jpg!m_fill,w_280,h_210,f_jpg?from=ke.com
20240627,丰台,丰台其它,101123763113,汤泉墅 满五年 精装修 高楼层房主自荐,468万,37657元/平,高楼层 (共6层) 3室1厅 | 124.28平米 | 南 北,https://ke-image.ljcdn.com/110000-inspection/pc1_fHE57kI88_2.jpg!m_fill,w_280,h_210,f_jpg?from=ke.com
20240627,丰台,丰台其它,101123728397,张郭庄小区95年楼龄南北通透满五唯一商品房,205万,30086元/平,中楼层 (共6层) 2室1厅 | 68.14平米 | 南 北,https://ke-image.ljcdn.com/110000-inspection/pc1_zyQPVM5kY_1.jpg!m_fill,w_280,h_210,f_jpg?from=ke.com
20240627,丰台,丰台其它,101123684735,位置好视野超开阔全明格局两个卫生间均有窗子,520万,42398元/平,高楼层 (共6层) 3室2厅 | 122.65平米 | 南 北 西,https://ke-image.ljcdn.com/110000-inspection/pc1_loYKwjWt9.jpg!m_fill,w_280,h_210,f_jpg?from=ke.com
20240627,丰台,丰台其它,101123684457,云岗南区西里 2室1厅 东 南房主自荐,210万,42770元/平,顶层 (共5层) 2室1厅 | 49.1平米 | 东 南,https://ke-image.ljcdn.com/110000-inspection/pc1_KAq8zWeN4_1.jpg!m_fill,w_280,h_210,f_jpg?from=ke.com
20240627,丰台,丰台其它,101123663790,张郭庄小区 2室1厅 东南,170万,29361元/平,高楼层 (共6层) | 1991年 | 2室1厅 | 57.9平米 | 东南,https://ke-image.ljcdn.com/110000-inspection/pc1_Ml3vGDddK_1.jpg!m_fill,w_280,h_210,f_jpg?from=ke.com
20240627,丰台,丰台其它,101123652209,云岗南区东里23号院 中间楼层 南北通透两居室,315万,43557元/平,中楼层 (共5层) 2室1厅 | 72.32平米 | 南 北,https://ke-image.ljcdn.com/110000-inspection/pc1_czVqBWRr5_1.jpg!m_fill,w_280,h_210,f_jpg?from=ke.com
20240627,丰台,丰台其它,101123623979,长馨园  两居室   中间楼层南向采光好,210万,30130元/平,中楼层 (共16层) 2室1厅 | 69.7平米 | 南,https://ke-image.ljcdn.com/110000-inspection/pc1_bwjAK7poi_1.jpg!m_fill,w_280,h_210,f_jpg?from=ke.com
20240627,丰台,丰台其它,101123618086,红山郡 楼龄新 看房方便 带电梯,200万,30946元/平,底层 (共21层) 2室1厅 | 64.63平米 | 南,https://ke-image.ljcdn.com/110000-inspection/pc1_hOuW4qthB_1.jpg!m_fill,w_280,h_210,f_jpg?from=ke.com
20240627,丰台,丰台其它,101123604256,位置好不临大马路中楼层东边户有车位,660万,42224元/平,中楼层 (共6层) 3室2厅 | 156.31平米 | 南 北,https://ke-image.ljcdn.com/110000-inspection/pc1_fin9dqRIq_2.jpg!m_fill,w_280,h_210,f_jpg?from=ke.com
20240627,丰台,丰台其它,101123595364,满五年唯一 商品房本一居 低楼层 南向采光好 靠谱卖,195万,35205元/平,低楼层 (共6层) 1室1厅 | 55.39平米 | 南,https://ke-image.ljcdn.com/110000-inspection/pc1_gyAWxEKHc_1.jpg!m_fill,w_280,h_210,f_jpg?from=ke.com
20240627,丰台,丰台其它,101123579426,建设一里  全南两居室  低楼层  满五年唯一,136万,25579元/平,底层 (共6层) 2室1厅 | 53.17平米 | 南,https://ke-image.ljcdn.com/110000-inspection/pc1_2Xg4yweLl_1.jpg!m_fill,w_280,h_210,f_jpg?from=ke.com
20240627,丰台,丰台其它,101123565070,满五年唯一高楼层南北通透采光好通风好视野开阔,340万,39462元/平,顶层 (共5层) 3室2厅 | 86.16平米 | 南 北,https://ke-image.ljcdn.com/110000-inspection/pc1_2wlDZqheR.jpg!m_fill,w_280,h_210,f_jpg?from=ke.com
20240627,丰台,丰台其它,101123541844,燕西华府 总高六层  带电梯  楼龄新,180万,27616元/平,底层 (共6层) 1室1厅 | 65.18平米 | 南,https://ke-image.ljcdn.com/110000-inspection/58e569eb-21d7-4dbf-ad3b-8a0692741a04_1000.jpg!m_fill,w_280,h_210,f_jpg?from=ke.com
20240627,丰台,丰台其它,101123529611,青龙湖畔 燕西华府 南北通透 精装修,290万,32417元/平,高楼层 (共6层) 2室2厅 | 89.46平米 | 南 北,https://ke-image.ljcdn.com/110000-inspection/pc1_EAbvEnYgp_2.jpg!m_fill,w_280,h_210,f_jpg?from=ke.com
20240627,丰台,丰台其它,101123508624,建设三里 1室1厅 南 北,120万,33841元/平,底层 (共6层) 1室1厅 | 35.46平米 | 南 北,https://ke-image.ljcdn.com/110000-inspection/pc1_CXtnaqe9h.jpg!m_fill,w_280,h_210,f_jpg?from=ke.com
20240627,丰台,丰台其它,101123501629,张郭庄小区 满五年成本低 交通方便,140万,25689元/平,高楼层 (共6层) 2室1厅 | 54.5平米 | 南,https://ke-image.ljcdn.com/110000-inspection/pc1_1D5sWBzLw.jpg!m_fill,w_280,h_210,f_jpg?from=ke.com
20240627,丰台,丰台其它,101123500064,花园北里 2室1厅 南 北房主自荐,168万,28936元/平,中楼层 (共6层) 2室1厅 | 58.06平米 | 南 北,https://ke-image.ljcdn.com/110000-inspection/pc1_QRiLDaLqb_1.jpg!m_fill,w_280,h_210,f_jpg?from=ke.com
20240627,丰台,丰台其它,101123483932,红山郡 1室1厅 南,165万,33605元/平,高楼层 (共17层) 1室1厅 | 49.1平米 | 南,https://ke-image.ljcdn.com/110000-inspection/pc1_ll9Eyzb5F_1.jpg!m_fill,w_280,h_210,f_jpg?from=ke.com
20240627,丰台,丰台其它,101123480455,珠江御景 4室1厅 南 北,545万,34052元/平,中楼层 (共9层) 4室1厅 | 160.05平米 | 南 北,https://ke-image.ljcdn.com/110000-inspection/pc1_LDAd69NPx_1.jpg!m_fill,w_280,h_210,f_jpg?from=ke.com
20240627,丰台,丰台其它,101123478718,张郭庄小区 1室1厅 南 北,175万,49158元/平,底层 (共6层) | 1988年 | 1室1厅 | 35.6平米 | 南 北,https://ke-image.ljcdn.com/110000-inspection/pc1_W5SZskXyQ_1.jpg!m_fill,w_280,h_210,f_jpg?from=ke.com
20240627,丰台,丰台其它,101123464735,中奥嘉园一期 2室1厅 南,198万,31509元/平,低楼层 (共11层) 2室1厅 | 62.84平米 | 南,https://ke-image.ljcdn.com/110000-inspection/pc1_znbGthx4V_1.jpg!m_fill,w_280,h_210,f_jpg?from=ke.com
20240627,丰台,丰台其它,101123461996,花园北里 满五唯一 商品房 精装修,145万,28943元/平,中楼层 (共5层) 2室1厅 | 50.1平米 | 南,https://ke-image.ljcdn.com/110000-inspection/pc1_8WZimgHMn_1.jpg!m_fill,w_280,h_210,f_jpg?from=ke.com
20240627,丰台,丰台其它,101123458301,崔村二里 一层两居 南北通透 进出方便 满五年唯一,152万,27182元/平,底层 (共5层) 3室1厅 | 55.92平米 | 南 北,https://ke-image.ljcdn.com/110000-inspection/pc1_YjEt3kEjv_1.jpg!m_fill,w_280,h_210,f_jpg?from=ke.com
20240627,丰台,丰台其它,101123453869,园博嘉园 带电梯 视野好 有钥匙,460万,53106元/平,顶层 (共18层) | 2014年 | 2室1厅 | 86.62平米 | 南 北,https://ke-image.ljcdn.com/110000-inspection/pc1_gnDjCjy89_1.jpg!m_fill,w_280,h_210,f_jpg?from=ke.com
20240627,丰台,丰台其它,101123446887,红山郡中间楼层精装修三居边户全明格局诚心卖,289万,33672元/平,中楼层 (共21层) 3室1厅 | 85.83平米 | 南 北,https://ke-image.ljcdn.com/110000-inspection/pc1_UiDOGsfYH_1.jpg!m_fill,w_280,h_210,f_jpg?from=ke.com
20240627,丰台,丰台其它,101123435673,园博嘉园 全屋采光 精装修 去地铁300米（实测）,398万,45305元/平,底层 (共18层) 2室1厅 | 87.85平米 | 东 西,https://ke-image.ljcdn.com/110000-inspection/pc1_Kimms1CGE_1.jpg!m_fill,w_280,h_210,f_jpg?from=ke.com
20240627,丰台,丰台其它,101123432967,此房满五唯一精装修次顶层电梯入户小区中间位置,525万,45053元/平,高楼层 (共6层) 3室2厅 | 116.53平米 | 南 北,https://ke-image.ljcdn.com/110000-inspection/03f34b7e-603d-4c4d-bb24-badbf768897f_1000.jpg!m_fill,w_280,h_210,f_jpg?from=ke.com
20240627,丰台,丰台其它,101123388848,燕西华府 3室2厅 南 北,430万,47175元/平,高楼层 (共6层) 3室2厅 | 91.15平米 | 南 北,https://ke-image.ljcdn.com/110000-inspection/pc1_dAHBgEBM7.jpg!m_fill,w_280,h_210,f_jpg?from=ke.com
20240627,丰台,丰台其它,101123385208,张郭庄小区 中间层 看房方便 精装修房主自荐,185万,32571元/平,中楼层 (共6层) 2室1厅 | 56.8平米 | 南 北 西,https://ke-image.ljcdn.com/110000-inspection/pc1_pmke8LdNX_1.jpg!m_fill,w_280,h_210,f_jpg?from=ke.com
20240627,丰台,丰台其它,101123375025,汤泉墅满五唯一精装修户型方正大两居采光充足无遮挡,335万,36976元/平,中楼层 (共6层) 2室1厅 | 90.6平米 | 南 北,https://ke-image.ljcdn.com/110000-inspection/18b22dc8-b263-42d2-851f-5fb7adb70b49_1000.jpg!m_fill,w_280,h_210,f_jpg?from=ke.com
20240627,丰台,丰台其它,101123372176,红山郡小区居中三居室适全年龄段人口居住,295万,34755元/平,低楼层 (共18层) 3室1厅 | 84.88平米 | 南 北,https://ke-image.ljcdn.com/110000-inspection/pc1_LlO5MJfh6_1.jpg!m_fill,w_280,h_210,f_jpg?from=ke.com
20240627,丰台,丰台其它,101123355457,汤泉墅大两居室南北通透全明格局满五唯一有车位,389万,40021元/平,中楼层 (共6层) 2室2厅 | 97.2平米 | 南 北,https://ke-image.ljcdn.com/110000-inspection/pc1_HQyJWmZeK.jpg!m_fill,w_280,h_210,f_jpg?from=ke.com
20240627,丰台,丰台其它,101123354284,珠光逸景一期 南北向 明厨明卫 精装修 带电梯随时看,339万,42831元/平,高楼层 (共6层) 2室1厅 | 79.15平米 | 南 北,https://ke-image.ljcdn.com/110000-inspection/pc1_9ZMlqZyrA_1.jpg!m_fill,w_280,h_210,f_jpg?from=ke.com
20240627,丰台,丰台其它,101123352719,大灰厂小区 2室1厅 南 北房主自荐,148万,27307元/平,中楼层 (共5层) 2室1厅 | 54.2平米 | 南 北,https://ke-image.ljcdn.com/110000-inspection/pc1_9E506nBCN_1.jpg!m_fill,w_280,h_210,f_jpg?from=ke.com
20240627,丰台,丰台其它,101123341801,胜利里 低楼层三居 南北通透 看房方便 诚意出售,129万,23408元/平,中楼层 (共4层) 3室1厅 | 55.11平米 | 南 北,https://ke-image.ljcdn.com/110000-inspection/pc1_109udhS1f_1.jpg!m_fill,w_280,h_210,f_jpg?from=ke.com
20240627,丰台,丰台其它,101123329967,建设二里 2室1厅 南 北,168万,21650元/平,顶层 (共6层) 2室1厅 | 77.6平米 | 南 北,https://ke-image.ljcdn.com/110000-inspection/pc1_l1EH2y3yj_1.jpg!m_fill,w_280,h_210,f_jpg?from=ke.com
20240627,丰台,丰台其它,101123324533,2017年房 南向两居 有电梯 采光好 视野开阔 不临街,205万,32047元/平,顶层 (共21层) 2室1厅 | 63.97平米 | 南,https://ke-image.ljcdn.com/110000-inspection/pc1_4rJV7sPcK_1.jpg!m_fill,w_280,h_210,f_jpg?from=ke.com
20240627,丰台,丰台其它,101123319125,珠光逸景二期 南北向三居室出售,370万,40500元/平,中楼层 (共6层) 3室1厅 | 91.36平米 | 南 北,https://ke-image.ljcdn.com/110000-inspection/pc1_px5HR0JKI_1.jpg!m_fill,w_280,h_210,f_jpg?from=ke.com
20240627,丰台,丰台其它,101123309198,珠光逸景一期南向两居室高楼层视野开阔,325万,40338元/平,高楼层 (共6层) 2室1厅 | 80.57平米 | 南,https://ke-image.ljcdn.com/110000-inspection/pc1_E6iMbY0HF.jpg!m_fill,w_280,h_210,f_jpg?from=ke.com
20240627,丰台,丰台其它,101123304706,长馨园 2室1厅 南 北,178万,24913元/平,顶层 (共15层) 2室1厅 | 71.45平米 | 南 北,https://ke-image.ljcdn.com/110000-inspection/pc1_0WrGtHRfj_1.jpg!m_fill,w_280,h_210,f_jpg?from=ke.com
20240627,丰台,丰台其它,101123303568,燕西华府 南北通透三居室 次顶层 视野好 采光好房主自荐,516万,42456元/平,高楼层 (共6层) 3室1厅 | 121.54平米 | 南 北,https://ke-image.ljcdn.com/110000-inspection/c32f3e6f-b5db-4f30-87f6-931a252d914e_1000.jpg!m_fill,w_280,h_210,f_jpg?from=ke.com
20240627,丰台,丰台其它,101123293325,中奥嘉园一期 2室1厅 南,185万,30170元/平,低楼层 (共14层) | 2015年 | 2室1厅 | 61.32平米 | 南,https://ke-image.ljcdn.com/110000-inspection/pc1_Vmh7vvr0n_1.jpg!m_fill,w_280,h_210,f_jpg?from=ke.com
20240627,丰台,丰台其它,101123288665,山语城三区水系中间楼层精装修3居室诚心出售房主自荐,565万,41417元/平,中楼层 (共6层) 3室2厅 | 136.42平米 | 南 北,https://ke-image.ljcdn.com/110000-inspection/9c2dd045-4054-4a78-a3b3-3a161032a70c_1000.jpg!m_fill,w_280,h_210,f_jpg?from=ke.com
20240627,丰台,丰台其它,101123286337,珠光逸景一期 1室1厅 南,170万,30659元/平,高楼层 (共6层) | 2013年 | 1室1厅 | 55.45平米 | 南,https://ke-image.ljcdn.com/110000-inspection/pc1_J3u57urD6_1.jpg!m_fill,w_280,h_210,f_jpg?from=ke.com
20240627,丰台,丰台其它,101123242943,2014年小区 满五唯一两居 南北通透 低楼层户型好,265万,35142元/平,底层 (共6层) 2室1厅 | 75.41平米 | 南 北,https://ke-image.ljcdn.com/110000-inspection/pc1_oJPwfOEKC_1.jpg!m_fill,w_280,h_210,f_jpg?from=ke.com
20240627,丰台,丰台其它,101123217632,汤泉墅南北通透楼层好采光好小区环境优美,370万,39175元/平,中楼层 (共6层) | 2013年 | 3室2厅 | 94.45平米 | 南 北,https://ke-image.ljcdn.com/110000-inspection/pc1_We2he39tr.jpg!m_fill,w_280,h_210,f_jpg?from=ke.com
20240627,丰台,丰台其它,101123189380,新上大四居客厅朝阳三个卧室朝阳卫生间均有窗子,688万,40234元/平,中楼层 (共5层) 4室2厅 | 171平米 | 南 北,https://ke-image.ljcdn.com/110000-inspection/pc1_ECBoBLXkW.jpg!m_fill,w_280,h_210,f_jpg?from=ke.com
20240627,丰台,丰台其它,101123173605,张郭庄小区99年建成中间楼层热买好房,230万,29594元/平,中楼层 (共6层) 2室1厅 | 77.72平米 | 南 北,https://ke-image.ljcdn.com/110000-inspection/pc1_O0YlMYFHI_1.jpg!m_fill,w_280,h_210,f_jpg?from=ke.com
20240627,丰台,丰台其它,101123162314,西山甲一号 视野好 科技住宅新风系统,998万,54518元/平,中楼层 (共14层) 4室2厅 | 183.06平米 | 东 南 北,https://ke-image.ljcdn.com/110000-inspection/pc1_ja3szM18X_1.jpg!m_fill,w_280,h_210,f_jpg?from=ke.com
20240627,丰台,丰台其它,101123162311,光明里 2室1厅 南,116万,23563元/平,中楼层 (共5层) | 1977年 | 2室1厅 | 49.23平米 | 南,https://ke-image.ljcdn.com/110000-inspection/pc1_ZdJF3PTbO_1.jpg!m_fill,w_280,h_210,f_jpg?from=ke.com
20240627,丰台,丰台其它,101123148794,2017年房南向两居电梯房不临街采光好视野开阔,215万,33293元/平,中楼层 (共18层) 2室1厅 | 64.58平米 | 东南,https://ke-image.ljcdn.com/110000-inspection/pc1_3hhgOmmPA.jpg!m_fill,w_280,h_210,f_jpg?from=ke.com
20240627,丰台,丰台其它,101123146016,西山甲一号 科技住宅 新风系统 诚意卖,699万,57122元/平,高楼层 (共15层) 3室2厅 | 122.37平米 | 南 北,https://ke-image.ljcdn.com/110000-inspection/pc1_SPYxF5vU3_1.jpg!m_fill,w_280,h_210,f_jpg?from=ke.com
20240627,丰台,丰台其它,101123144558,长馨园 2室1厅 南,186万,26618元/平,顶层 (共16层) 2室1厅 | 69.88平米 | 南,https://ke-image.ljcdn.com/110000-inspection/pc1_78uP3piG4_1.jpg!m_fill,w_280,h_210,f_jpg?from=ke.com
20240627,丰台,丰台其它,101123130396,长辛店东南街 2室1厅 南 北,145万,20510元/平,中楼层 (共6层) 2室1厅 | 70.7平米 | 南 北,https://ke-image.ljcdn.com/110000-inspection/pc1_zkDP8Pd2M_1.jpg!m_fill,w_280,h_210,f_jpg?from=ke.com
20240627,丰台,丰台其它,101123119876,张郭庄小区房龄新的楼栋东西向中楼层两居出售,258万,33197元/平,底层 (共6层) 2室1厅 | 77.72平米 | 南 北,https://ke-image.ljcdn.com/110000-inspection/12afdb98-0e52-4ef3-ab10-e163f9d130aa_1000.jpg!m_fill,w_280,h_210,f_jpg?from=ke.com
20240627,丰台,丰台其它,101123108450,崔村一里 2室1厅 南 北,182万,30969元/平,高楼层 (共6层) 2室1厅 | 58.77平米 | 南 北,https://ke-image.ljcdn.com/110000-inspection/pc1_go81xj1KS_1.jpg!m_fill,w_280,h_210,f_jpg?from=ke.com
20240627,丰台,丰台其它,101123104775,花园北里 3室1厅 东南 北,145万,24618元/平,顶层 (共5层) 3室1厅 | 58.9平米 | 东南 北,https://ke-image.ljcdn.com/110000-inspection/pc1_93wODsInu_1.jpg!m_fill,w_280,h_210,f_jpg?from=ke.com
20240627,丰台,丰台其它,101123082938,崔村一里 2室1厅 南 北,199万,23691元/平,高楼层 (共6层) 2室1厅 | 84平米 | 南 北,https://ke-image.ljcdn.com/110000-inspection/pc1_vZW4mwD2i_1.jpg!m_fill,w_280,h_210,f_jpg?from=ke.com
20240627,丰台,丰台其它,101123076035,长馨园 2室1厅 南 北,225万,31377元/平,低楼层 (共15层) 2室1厅 | 71.71平米 | 南 北,https://ke-image.ljcdn.com/110000-inspection/pc1_y2X3NYs81_1.jpg!m_fill,w_280,h_210,f_jpg?from=ke.com
20240627,丰台,丰台其它,101123068750,此房满五唯一精装修电梯入户小区中间位置房主自荐,555万,41614元/平,底层 (共6层) 3室2厅 | 133.37平米 | 南 北,https://ke-image.ljcdn.com/110000-inspection/pc1_S2aiDkUpI_2.jpg!m_fill,w_280,h_210,f_jpg?from=ke.com
20240627,丰台,丰台其它,101123066269,西边户两个卫生间均有窗子位置好楼层好视野好,530万,43213元/平,中楼层 (共6层) 3室1厅 | 122.65平米 | 南 北,https://ke-image.ljcdn.com/110000-inspection/pc1_wf9HROlXL.jpg!m_fill,w_280,h_210,f_jpg?from=ke.com
20240627,丰台,丰台其它,101123056279,燕西华府 别墅区洋房 位置好看房方便,260万,29769元/平,底层 (共6层) 2室1厅 | 87.34平米 | 南,https://ke-image.ljcdn.com/110000-inspection/9a8388d0-fc1f-4951-ab74-5bb3ad6fa5fd_1000.jpg!m_fill,w_280,h_210,f_jpg?from=ke.com
20240627,丰台,丰台其它,101123050911,卢西嘉园 1室1厅 南 北,215万,38270元/平,中楼层 (共6层) 1室1厅 | 56.18平米 | 南 北,https://ke-image.ljcdn.com/110000-inspection/pc1_XkZcdw6bH_1.jpg!m_fill,w_280,h_210,f_jpg?from=ke.com
20240627,丰台,丰台其它,101123050730,燕西华府方正两居朝南自住精装修六层电梯板楼,308万,35285元/平,低楼层 (共6层) 2室1厅 | 87.29平米 | 南,https://ke-image.ljcdn.com/110000-inspection/a8e50567-72d1-4f2f-8a1a-13870cb4a8ea_1000.jpg!m_fill,w_280,h_210,f_jpg?from=ke.com
20240627,丰台,丰台其它,101123046717,珠光逸景一期 2室1厅 南,290万,38796元/平,中楼层 (共6层) 2室1厅 | 74.75平米 | 南,https://ke-image.ljcdn.com/110000-inspection/pc1_SJ5CoL1OC_1.jpg!m_fill,w_280,h_210,f_jpg?from=ke.com
20240627,丰台,丰台其它,101123025170,建设三里 2室1厅 南,160万,27861元/平,中楼层 (共6层) 2室1厅 | 57.43平米 | 南,https://ke-image.ljcdn.com/110000-inspection/pc1_miTvYvZcc_1.jpg!m_fill,w_280,h_210,f_jpg?from=ke.com
20240627,丰台,丰台其它,101123020707,建设一里 1室1厅 东 西,105万,28533元/平,中楼层 (共7层) 1室1厅 | 36.8平米 | 东 西,https://ke-image.ljcdn.com/110000-inspection/pc1_Pega381Nd_1.jpg!m_fill,w_280,h_210,f_jpg?from=ke.com
20240627,丰台,丰台其它,101123003324,崔村二里 低楼层两居 首套仅契税1% 商品房本 靠谱出售,150万,30151元/平,中楼层 (共5层) 2室1厅 | 49.75平米 | 南,https://ke-image.ljcdn.com/110000-inspection/pc1_N0d9CY838_1.jpg!m_fill,w_280,h_210,f_jpg?from=ke.com
20240627,丰台,丰台其它,101122999791,南宫雅苑 中间楼层 动静分离 视野开阔 位置安静,450万,34936元/平,中楼层 (共6层) 3室2厅 | 128.81平米 | 南 北,https://ke-image.ljcdn.com/110000-inspection/36620bc3-70f3-4f23-bf78-3fee9195441d_1000.jpg!m_fill,w_280,h_210,f_jpg?from=ke.com
20240627,丰台,丰台其它,101122985017,长馨园 2室1厅 南 北,265万,36709元/平,中楼层 (共16层) 2室1厅 | 72.19平米 | 南 北,https://ke-image.ljcdn.com/110000-inspection/pc1_vG2M6vQ7k_1.jpg!m_fill,w_280,h_210,f_jpg?from=ke.com
20240627,丰台,丰台其它,101122966905,华府跃墅 精装三居 集中供暖 管家服务 次顶层洋房,485万,39905元/平,高楼层 (共6层) 3室1厅 | 121.54平米 | 南 北,https://ke-image.ljcdn.com/110000-inspection/pc1_x27rCizvj_1.jpg!m_fill,w_280,h_210,f_jpg?from=ke.com
20240627,丰台,丰台其它,101122959423,建设一里 2室1厅 南,139万,24906元/平,高楼层 (共6层) 2室1厅 | 55.81平米 | 南,https://ke-image.ljcdn.com/110000-inspection/pc1_EfoH6VwHo_1.jpg!m_fill,w_280,h_210,f_jpg?from=ke.com
20240627,丰台,丰台其它,101122946469,山语城三区 2室1厅 南 北,438万,46340元/平,低楼层 (共6层) 2室1厅 | 94.52平米 | 南 北,https://ke-image.ljcdn.com/110000-inspection/d802ea08-9f87-4d00-b3d4-6d233f10cebc_1000.jpg!m_fill,w_280,h_210,f_jpg?from=ke.com
20240627,丰台,丰台其它,101122925492,云岗南区西里 2室0厅 西南,210万,42254元/平,顶层 (共5层) 2室0厅 | 49.7平米 | 西南,https://ke-image.ljcdn.com/110000-inspection/pc1_2N5ymMG21_1.jpg!m_fill,w_280,h_210,f_jpg?from=ke.com
20240627,丰台,丰台其它,101122915827,商品房两居 格局好 南北通透公摊少 小区环境好,288万,36521元/平,底层 (共6层) | 2014年 | 2室1厅 | 78.86平米 | 南 北,https://ke-image.ljcdn.com/110000-inspection/pc1_tEIB5Yn4Z_1.jpg!m_fill,w_280,h_210,f_jpg?from=ke.com
20240627,丰台,丰台其它,101122903160,燕西华府顶层复式南北通透楼层好视野宽阔房主自荐,266万,32416元/平,顶层 (共6层) 2室1厅 | 82.06平米 | 南 北,https://ke-image.ljcdn.com/110000-inspection/58943d28-c338-4776-8c2b-39653683f858_1000.jpg!m_fill,w_280,h_210,f_jpg?from=ke.com
20240627,丰台,丰台其它,101122833709,红山郡 商品房 有钥匙 诚意卖,155万,32178元/平,低楼层 (共20层) 1室1厅 | 48.17平米 | 南,https://ke-image.ljcdn.com/110000-inspection/pc1_reSZSufUt.jpg!m_fill,w_280,h_210,f_jpg?from=ke.com
20240627,丰台,丰台其它,101122827141,红山郡 带电梯 诚意卖 看房方便,310万,36901元/平,高楼层 (共21层) 3室1厅 | 84.01平米 | 南 北,https://ke-image.ljcdn.com/110000-inspection/pc1_jF1c6hina_1.jpg!m_fill,w_280,h_210,f_jpg?from=ke.com
20240627,丰台,丰台其它,101122823940,张郭庄小区 中间层 看房方便 诚意卖,279万,33334元/平,中楼层 (共6层) 2室1厅 | 83.7平米 | 南 北,https://ke-image.ljcdn.com/110000-inspection/pc1_K160DdK9X.jpg!m_fill,w_280,h_210,f_jpg?from=ke.com
20240627,丰台,丰台其它,101122819268,张郭庄小区满五唯一商品房南向两居采光好房主自荐,145万,28047元/平,顶层 (共5层) 2室1厅 | 51.7平米 | 南,https://ke-image.ljcdn.com/110000-inspection/pc1_YXxX4x6Jj_1.jpg!m_fill,w_280,h_210,f_jpg?from=ke.com
20240627,丰台,丰台其它,101122807898,西山甲一号4号院 两卧室朝南 随时看房 交通便利,698万,56092元/平,中楼层 (共14层) 3室1厅 | 124.44平米 | 南 北,https://ke-image.ljcdn.com/110000-inspection/pc1_FA49tF2C3_1.jpg!m_fill,w_280,h_210,f_jpg?from=ke.com
20240627,丰台,丰台其它,101122769486,光明里 2室1厅 南 北房主自荐,178万,22670元/平,高楼层 (共6层) 2室1厅 | 78.52平米 | 南 北,https://ke-image.ljcdn.com/110000-inspection/pc1_m5MbWCbLR_1.jpg!m_fill,w_280,h_210,f_jpg?from=ke.com
20240627,丰台,丰台其它,101122736961,山语城三区精装修大三居全明格局满五唯一,480万,41170元/平,低楼层 (共6层) | 2014年 | 3室1厅 | 116.59平米 | 南 北,https://ke-image.ljcdn.com/110000-inspection/3ffcb564-3fe2-477a-a9c8-3e3ebb46a271_1000.jpg!m_fill,w_280,h_210,f_jpg?from=ke.com
20240627,丰台,丰台其它,101122693538,燕西华府 精装修 南北通透两居室 满五唯一 只有契税,298万,36471元/平,中楼层 (共6层) 2室1厅 | 81.71平米 | 南 北,https://ke-image.ljcdn.com/110000-inspection/pc1_tcmVdvuQ4.jpg!m_fill,w_280,h_210,f_jpg?from=ke.com
20240627,丰台,丰台其它,101122669569,此房高楼层户型好采光充足看房提前约,299万,30003元/平,顶层 (共6层) 3室1厅 | 99.66平米 | 南 北,https://ke-image.ljcdn.com/110000-inspection/pc1_F2PpUvxwc_1.jpg!m_fill,w_280,h_210,f_jpg?from=ke.com
20240627,丰台,丰台其它,101122637933,燕西华府低密度洋房中间楼层采光好南北通透,395万,43336元/平,中楼层 (共6层) 3室2厅 | 91.15平米 | 南 北,https://ke-image.ljcdn.com/110000-inspection/8249af40-58c6-4479-8c37-2e47ef482088_1000.jpg!m_fill,w_280,h_210,f_jpg?from=ke.com
20240627,丰台,丰台其它,101122632198,燕西华府 花园洋房 中间楼层 业主精装 分梯入户,710万,51025元/平,中楼层 (共6层) 3室2厅 | 139.15平米 | 南 北,https://ke-image.ljcdn.com/110000-inspection/8ae0ec07-4ab3-445b-8e87-d50f8a187e30_1000.jpg!m_fill,w_280,h_210,f_jpg?from=ke.com
20240627,丰台,丰台其它,101122626739,珠光逸景二期 2室1厅 南,310万,38481元/平,底层 (共6层) 2室1厅 | 80.56平米 | 南,https://ke-image.ljcdn.com/110000-inspection/pc1_5fiCtcPcG_1.jpg!m_fill,w_280,h_210,f_jpg?from=ke.com
20240627,丰台,丰台其它,101122584502,中奥嘉园二期南向一居室 诚心出售,149.5万,28547元/平,中楼层 (共9层) 1室1厅 | 52.37平米 | 南,https://ke-image.ljcdn.com/110000-inspection/pc1_jc2HUiM7O_1.jpg!m_fill,w_280,h_210,f_jpg?from=ke.com
20240627,丰台,丰台其它,101122586626,中奥嘉园二期 正规一居室 户型方正 高楼层带电梯,129万,25049元/平,高楼层 (共15层) 1室1厅 | 51.5平米 | 东,https://ke-image.ljcdn.com/110000-inspection/pc1_aZTUFIuIO.jpg!m_fill,w_280,h_210,f_jpg?from=ke.com
20240627,丰台,丰台其它,101122587597,永兴里 1室1厅 南,110万,24071元/平,顶层 (共6层) 1室1厅 | 45.7平米 | 南,https://ke-image.ljcdn.com/110000-inspection/pc1_qo7oMd07D_1.jpg!m_fill,w_280,h_210,f_jpg?from=ke.com
20240627,丰台,丰台其它,101122562927,园博嘉园 2室1厅 东 西,430万,50726元/平,中楼层 (共15层) 2室1厅 | 84.77平米 | 东 西,https://ke-image.ljcdn.com/110000-inspection/pc1_UhKWVl5Gh_1.jpg!m_fill,w_280,h_210,f_jpg?from=ke.com
20240627,丰台,丰台其它,101122560164,全明格局 诚意出售 采光充足 视野开阔,549万,38083元/平,低楼层 (共6层) 3室2厅 | 144.16平米 | 东 西,https://ke-image.ljcdn.com/110000-inspection/pc1_Jwq7dLbpd_1.jpg!m_fill,w_280,h_210,f_jpg?from=ke.com
20240627,丰台,丰台其它,101122543440,园博嘉园 1室1厅 东南,280万,48402元/平,中楼层 (共15层) 1室1厅 | 57.85平米 | 东南,https://ke-image.ljcdn.com/110000-inspection/pc1_FTTZ8IzRg_1.jpg!m_fill,w_280,h_210,f_jpg?from=ke.com
20240627,丰台,丰台其它,101122527571,红山郡全南向房龄新2017年房龄精装修一居室出售,135万,27614元/平,低楼层 (共21层) 1室1厅 | 48.89平米 | 南,https://ke-image.ljcdn.com/110000-inspection/pc1_5gJQpmhed.jpg!m_fill,w_280,h_210,f_jpg?from=ke.com
20240627,丰台,丰台其它,101122515570,红山郡 2室1厅 东南,218万,33741元/平,中楼层 (共21层) 2室1厅 | 64.61平米 | 东南,https://ke-image.ljcdn.com/110000-inspection/pc1_6Xv0dpVXk_1.jpg!m_fill,w_280,h_210,f_jpg?from=ke.com
20240627,丰台,丰台其它,101122494192,西山甲一号满二商品房地铁500米,799万,53596元/平,低楼层 (共19层) | 2019年 | 4室1厅 | 149.08平米 | 南 北,https://ke-image.ljcdn.com/110000-inspection/pc1_1TeFuphkV_1.jpg!m_fill,w_280,h_210,f_jpg?from=ke.com
20240627,丰台,丰台其它,101122488098,张郭庄小区 中间层 满五唯一 诚心卖,225万,28913元/平,中楼层 (共6层) | 1998年 | 2室1厅 | 77.82平米 | 南 北,https://ke-image.ljcdn.com/110000-inspection/pc1_zXtaUByqU_1.jpg!m_fill,w_280,h_210,f_jpg?from=ke.com
20240627,丰台,丰台其它,101122487140,建设三里 南北通透一居室 视野开阔 房龄新,168万,22463元/平,顶层 (共6层) 2室1厅 | 74.79平米 | 南 北,https://ke-image.ljcdn.com/110000-inspection/pc1_Pbbt7UoOA_1.jpg!m_fill,w_280,h_210,f_jpg?from=ke.com
20240627,丰台,丰台其它,101122451921,建设一里   中间楼层  满五年   诚心出售,133万,25015元/平,中楼层 (共6层) 2室1厅 | 53.17平米 | 南 北,https://ke-image.ljcdn.com/110000-inspection/pc1_oYUQzqr5w_1.jpg!m_fill,w_280,h_210,f_jpg?from=ke.com
20240627,丰台,丰台其它,101122438866,中奥嘉园一期 1室1厅 南,180万,34260元/平,中楼层 (共15层) | 2015年 | 1室1厅 | 52.54平米 | 南,https://ke-image.ljcdn.com/110000-inspection/pc1_n3bWsPt6g_1.jpg!m_fill,w_280,h_210,f_jpg?from=ke.com
20240627,丰台,丰台其它,101122424089,中奥嘉园 满五年唯一 电梯房好楼层 南向户型好采光好,160万,30558元/平,中楼层 (共11层) 1室1厅 | 52.36平米 | 南,https://ke-image.ljcdn.com/110000-inspection/pc1_GToQGsRKw_1.jpg!m_fill,w_280,h_210,f_jpg?from=ke.com
20240627,丰台,丰台其它,101122423856,精装修的一居低楼层采光充足视野开阔诚心出售,203万,35305元/平,低楼层 (共6层) 1室1厅 | 57.5平米 | 南 北,https://ke-image.ljcdn.com/110000-inspection/pc1_jnpWl0k1K_1.jpg!m_fill,w_280,h_210,f_jpg?from=ke.com
20240627,丰台,丰台其它,101122419604,园博嘉园 1室1厅 东南,278万,48056元/平,低楼层 (共15层) 1室1厅 | 57.85平米 | 东南,https://ke-image.ljcdn.com/110000-inspection/pc1_vkG0rGaSG_1.jpg!m_fill,w_280,h_210,f_jpg?from=ke.com
20240627,丰台,丰台其它,101122372014,珠光逸景二期 南北通透 两居室出售,265万,35628元/平,低楼层 (共6层) 2室1厅 | 74.38平米 | 南 北,https://ke-image.ljcdn.com/110000-inspection/pc1_9QC6vLZpD_1.jpg!m_fill,w_280,h_210,f_jpg?from=ke.com
20240627,丰台,丰台其它,101122338920,燕西书院 西南朝向 采光好 通风好,268万,29975元/平,底层 (共6层) 2室2厅 | 89.41平米 | 西南,https://ke-image.ljcdn.com/110000-inspection/pc1_Yz0yluA1P_1.jpg!m_fill,w_280,h_210,f_jpg?from=ke.com
20240627,丰台,丰台其它,101122335711,此房满五年唯一格局好低楼层,147万,27894元/平,低楼层 (共6层) 2室1厅 | 52.7平米 | 东,https://ke-image.ljcdn.com/110000-inspection/pc1_AoQ11mStE_1.jpg!m_fill,w_280,h_210,f_jpg?from=ke.com
20240627,丰台,丰台其它,101122307182,中奥嘉园二期 1室1厅 南,138万,26009元/平,中楼层 (共15层) 1室1厅 | 53.06平米 | 南,https://ke-image.ljcdn.com/110000-inspection/pc1_sE5uLVGJw_1.jpg!m_fill,w_280,h_210,f_jpg?from=ke.com
20240627,丰台,丰台其它,101122273211,中奥嘉园二期 精装婚房 电梯  一居,140万,27201元/平,高楼层 (共15层) 1室1厅 | 51.47平米 | 南,https://ke-image.ljcdn.com/110000-inspection/pc1_rYUijXi1I_1.jpg!m_fill,w_280,h_210,f_jpg?from=ke.com
20240627,丰台,丰台其它,101122269074,卢西嘉园 一居室 户型方正 诚心出售,190万,32574元/平,顶层 (共6层) 1室1厅 | 58.33平米 | 南,https://ke-image.ljcdn.com/110000-inspection/pc1_cCJ5e8fKp_1.jpg!m_fill,w_280,h_210,f_jpg?from=ke.com
20240627,丰台,丰台其它,101122255263,长辛店玉皇庄小区中间好楼层,175万,29388元/平,中楼层 (共6层) | 1992年 | 2室1厅 | 59.55平米 | 南 北,https://ke-image.ljcdn.com/110000-inspection/pc1_sABRgerG5_1.jpg!m_fill,w_280,h_210,f_jpg?from=ke.com
20240627,丰台,丰台其它,101122247902,低楼层南向一居室满五唯一商品房诚信出售房主自荐,128万,30844元/平,低楼层 (共6层) 1室1厅 | 41.5平米 | 南,https://ke-image.ljcdn.com/110000-inspection/pc1_TmuiHxkRj_1.jpg!m_fill,w_280,h_210,f_jpg?from=ke.com
20240627,丰台,丰台其它,101122226494,珠光逸景一期全明卫生间带窗高楼层带电梯精装修两居,290万,36640元/平,高楼层 (共6层) 2室1厅 | 79.15平米 | 北 南,https://ke-image.ljcdn.com/110000-inspection/pc1_HHmxXPTqp_1.jpg!m_fill,w_280,h_210,f_jpg?from=ke.com
20240627,丰台,丰台其它,101122222357,中奥嘉园一期 电梯房 楼龄新 装修好,189万,30944元/平,中楼层 (共11层) 2室1厅 | 61.08平米 | 南 北,https://ke-image.ljcdn.com/110000-inspection/pc1_z06Vh8HVU_1.jpg!m_fill,w_280,h_210,f_jpg?from=ke.com
20240627,丰台,丰台其它,101122190913,珠光逸景一期 满五唯一 精装低楼层一居,180万,32462元/平,低楼层 (共6层) 1室1厅 | 55.45平米 | 南,https://ke-image.ljcdn.com/110000-inspection/pc1_BHeAE2QiT.jpg!m_fill,w_280,h_210,f_jpg?from=ke.com
20240627,丰台,丰台其它,101122189175,永兴里 2室1厅 西 北,145万,28713元/平,低楼层 (共6层) 2室1厅 | 50.5平米 | 西 北,https://ke-image.ljcdn.com/110000-inspection/pc1_fp0hzI2kb_1.jpg!m_fill,w_280,h_210,f_jpg?from=ke.com
20240627,丰台,丰台其它,101122182166,低楼层 满五年唯一 业主包转商费用 首套仅1%契税,206万,37151元/平,低楼层 (共6层) 1室1厅 | 55.45平米 | 南,https://ke-image.ljcdn.com/110000-inspection/pc1_q7dkjWtID.jpg!m_fill,w_280,h_210,f_jpg?from=ke.com
20240627,丰台,丰台其它,101122176991,珠光逸景一期 1室1厅 南房主自荐,205万,36971元/平,高楼层 (共6层) 1室1厅 | 55.45平米 | 南,https://ke-image.ljcdn.com/110000-inspection/pc1_8qiNv416L.jpg!m_fill,w_280,h_210,f_jpg?from=ke.com
20240627,丰台,丰台其它,101122150026,永兴里 南向 精装 一居室 采光好,130万,28447元/平,高楼层 (共6层) 1室1厅 | 45.7平米 | 南,https://ke-image.ljcdn.com/110000-inspection/pc1_qcH0Obg0S_1.jpg!m_fill,w_280,h_210,f_jpg?from=ke.com
20240627,丰台,丰台其它,101122137510,中奥嘉园二期 2室1厅 南 北房主自荐,198万,31454元/平,中楼层 (共15层) 2室1厅 | 62.95平米 | 南 北,https://ke-image.ljcdn.com/110000-inspection/pc1_E8tp0d8lQ_1.jpg!m_fill,w_280,h_210,f_jpg?from=ke.com
20240627,丰台,丰台其它,101122127685,红山郡 位置好 诚意卖 精装修,169万,34932元/平,低楼层 (共21层) 1室1厅 | 48.38平米 | 南,https://ke-image.ljcdn.com/110000-inspection/pc1_wwT6Z6yoH_1.jpg!m_fill,w_280,h_210,f_jpg?from=ke.com
20240627,丰台,丰台其它,101122115563,园博嘉园 2室1厅 东 西,438万,49983元/平,低楼层 (共18层) | 2014年 | 2室1厅 | 87.63平米 | 东 西,https://ke-image.ljcdn.com/110000-inspection/pc1_V9bN5Oefu_1.jpg!m_fill,w_280,h_210,f_jpg?from=ke.com
20240627,丰台,丰台其它,101122078124,南北通透格局采光好楼层好双阳台四居室,555万,44238元/平,中楼层 (共6层) 4室2厅 | 125.46平米 | 南 北,https://ke-image.ljcdn.com/110000-inspection/pc1_j08sbBDfH.jpg!m_fill,w_280,h_210,f_jpg?from=ke.com
20240627,丰台,丰台其它,101122057848,珠光逸景一期 2室1厅 南 北,300万,37793元/平,高楼层 (共6层) 2室1厅 | 79.38平米 | 南 北,https://ke-image.ljcdn.com/110000-inspection/pc1_wjOcPN1gX_1.jpg!m_fill,w_280,h_210,f_jpg?from=ke.com
20240627,丰台,丰台其它,101122049495,西山甲一号科技住宅精装修可以拎包入住靠谱出售,860万,58876元/平,低楼层 (共17层) 4室2厅 | 146.07平米 | 南 北,https://ke-image.ljcdn.com/110000-inspection/pc1_ofWAIyJtG_1.jpg!m_fill,w_280,h_210,f_jpg?from=ke.com
20240627,丰台,丰台其它,101122028926,崔村一里 2室1厅 南 北,165万,29050元/平,高楼层 (共6层) 2室1厅 | 56.8平米 | 南 北,https://ke-image.ljcdn.com/110000-inspection/pc1_wAag4bAmz_1.jpg!m_fill,w_280,h_210,f_jpg?from=ke.com
20240627,丰台,丰台其它,101122012522,崔村二里 满五年 正规一居 可以贷款,99万,27493元/平,中楼层 (共5层) 1室1厅 | 36.01平米 | 南,https://ke-image.ljcdn.com/110000-inspection/pc1_GEC7qtyhO_1.jpg!m_fill,w_280,h_210,f_jpg?from=ke.com
20240627,丰台,丰台其它,101122010783,：2居室 低楼层 满二年 生活配套完善 交通便利,145万,25565元/平,低楼层 (共6层) 2室1厅 | 56.72平米 | 南 北,https://ke-image.ljcdn.com/110000-inspection/pc1_TeMD4cZJF_1.jpg!m_fill,w_280,h_210,f_jpg?from=ke.com
20240627,丰台,丰台其它,101121960318,红山郡小区高楼层不临街南向一居室房主自荐,165万,34106元/平,中楼层 (共21层) 1室1厅 | 48.38平米 | 南,https://ke-image.ljcdn.com/110000-inspection/pc1_9oBBCoj4i_1.jpg!m_fill,w_280,h_210,f_jpg?from=ke.com
20240627,丰台,丰台其它,101121916660,珠光逸景二期 1室1厅 南,189万,34122元/平,高楼层 (共6层) 1室1厅 | 55.39平米 | 南,https://ke-image.ljcdn.com/110000-inspection/pc1_9OoIXkQB3_1.jpg!m_fill,w_280,h_210,f_jpg?from=ke.com
20240627,丰台,丰台其它,101121911591,珠光逸景二期 南北通透两居 毛坯房 随时看房,265万,35533元/平,中楼层 (共6层) 2室1厅 | 74.58平米 | 南 北,https://ke-image.ljcdn.com/110000-inspection/pc1_JuOX3dT9T_1.jpg!m_fill,w_280,h_210,f_jpg?from=ke.com
20240627,丰台,丰台其它,101121845435,崔村一里 满五唯一  南向一居  采光好房主自荐,100万,23420元/平,高楼层 (共6层) 1室1厅 | 42.7平米 | 南,https://ke-image.ljcdn.com/110000-inspection/pc1_T00Fv9zyh_1.jpg!m_fill,w_280,h_210,f_jpg?from=ke.com
20240627,丰台,丰台其它,101121823344,建设一里 明厨明卫 三居 看房方便  满五年且一套,149万,23066元/平,高楼层 (共6层) 2室1厅 | 64.6平米 | 东 南 北,https://ke-image.ljcdn.com/110000-inspection/pc1_e0KnKDlsA_1.jpg!m_fill,w_280,h_210,f_jpg?from=ke.com
20240627,丰台,丰台其它,101121760453,长馨园小区   南北向正规两居室   户型方正,196万,27151元/平,中楼层 (共16层) 2室1厅 | 72.19平米 | 南 北,https://ke-image.ljcdn.com/110000-inspection/pc1_KUZMKHtbS_1.jpg!m_fill,w_280,h_210,f_jpg?from=ke.com
20240627,丰台,丰台其它,101121747551,东山坡二里 东南向两居室 业主随时签约,160万,29740元/平,中楼层 (共5层) 2室1厅 | 53.8平米 | 南,https://ke-image.ljcdn.com/110000-inspection/pc1_tvvNelwNA.jpg!m_fill,w_280,h_210,f_jpg?from=ke.com
20240627,丰台,丰台其它,101121743331,长辛店崔村一里 南北通透两居室 全明格局随时看房,170万,28741元/平,低楼层 (共6层) 2室1厅 | 59.15平米 | 南 北,https://ke-image.ljcdn.com/110000-inspection/pc1_4kChrA57b_1.jpg!m_fill,w_280,h_210,f_jpg?from=ke.com
20240627,丰台,丰台其它,101121732039,西山甲一号科技住宅诚心出售购房成本低,728万,56667元/平,中楼层 (共17层) 3室2厅 | 128.47平米 | 南 北,https://ke-image.ljcdn.com/110000-inspection/pc1_wPouBlZ5z_1.jpg!m_fill,w_280,h_210,f_jpg?from=ke.com
20240627,丰台,丰台其它,101121721552,红山郡正规三居室看房提前联系户型好,265万,31228元/平,低楼层 (共19层) 3室1厅 | 84.86平米 | 南 北,https://ke-image.ljcdn.com/110000-inspection/pc1_EPrScYIYJ_1.jpg!m_fill,w_280,h_210,f_jpg?from=ke.com
20240627,丰台,丰台其它,101121697615,崔村一里 2室1厅 南 北,228万,27143元/平,顶层 (共6层) 2室1厅 | 84平米 | 南 北,https://ke-image.ljcdn.com/110000-inspection/pc1_KGfegUigZ_1.jpg!m_fill,w_280,h_210,f_jpg?from=ke.com
20240627,丰台,丰台其它,101121682063,园博嘉园中高楼层无遮挡采光好南北通透两居室出售,495万,54854元/平,中楼层 (共12层) 2室1厅 | 90.24平米 | 南 北,https://ke-image.ljcdn.com/110000-inspection/pc1_b9T1ahOky_1.jpg!m_fill,w_280,h_210,f_jpg?from=ke.com
20240627,丰台,丰台其它,101121674670,珠光逸景一期 1室1厅 南房主自荐,195万,35167元/平,中楼层 (共6层) | 2013年 | 1室1厅 | 55.45平米 | 南,https://ke-image.ljcdn.com/110000-inspection/pc1_J1lKSweju_1.jpg!m_fill,w_280,h_210,f_jpg?from=ke.com
20240627,丰台,丰台其它,101121664293,西山甲一号 三面宽三居室 新式科技住宅,720万,57166元/平,低楼层 (共13层) 3室2厅 | 125.95平米 | 南 北,https://ke-image.ljcdn.com/110000-inspection/pc1_cTXbUmRIa_1.jpg!m_fill,w_280,h_210,f_jpg?from=ke.com
20240627,丰台,丰台其它,101121637756,可贷款 满五年唯一 南北通透 中间楼层 电梯房,205万,33432元/平,中楼层 (共14层) 2室1厅 | 61.32平米 | 南 北,https://ke-image.ljcdn.com/110000-inspection/pc1_A1IwxYYGD_1.jpg!m_fill,w_280,h_210,f_jpg?from=ke.com
20240627,丰台,丰台其它,101121636420,业主包土地出让金 2015年小区 满五年唯一 可贷款,179万,30725元/平,低楼层 (共15层) 2室1厅 | 58.26平米 | 南 西,https://ke-image.ljcdn.com/110000-inspection/pc1_cv3Kyw8AW_1.jpg!m_fill,w_280,h_210,f_jpg?from=ke.com
20240627,丰台,丰台其它,101121613590,西山甲一号 科技住宅社区 四季恒温,828万,56951元/平,中楼层 (共14层) 4室2厅 | 145.39平米 | 南 北,https://ke-image.ljcdn.com/110000-inspection/pc1_a2v4qXVMR_1.jpg!m_fill,w_280,h_210,f_jpg?from=ke.com
20240627,丰台,丰台其它,101121599869,红山郡南北通透中间楼层优质户型三居,290万,34158元/平,低楼层 (共21层) 3室1厅 | 84.9平米 | 南 北,https://ke-image.ljcdn.com/110000-inspection/pc1_spbadnPvB_1.jpg!m_fill,w_280,h_210,f_jpg?from=ke.com
20240627,丰台,丰台其它,101121561652,长馨园 2室1厅 南 北,232万,29457元/平,低楼层 (共16层) 2室1厅 | 78.76平米 | 南 北,https://ke-image.ljcdn.com/110000-inspection/pc1_xt6LL5ODT_1.jpg!m_fill,w_280,h_210,f_jpg?from=ke.com
20240627,丰台,丰台其它,101121545987,建设一里 2室1厅 南 北,201万,25886元/平,高楼层 (共6层) 2室1厅 | 77.65平米 | 南 北,https://ke-image.ljcdn.com/110000-inspection/pc1_4PI3XkHkl_1.jpg!m_fill,w_280,h_210,f_jpg?from=ke.com
20240627,丰台,丰台其它,101121528415,大灰厂小区 2室1厅 东 南 北,159万,24981元/平,顶层 (共6层) 2室1厅 | 63.65平米 | 东 南 北,https://ke-image.ljcdn.com/110000-inspection/pc1_NU9pIVB3L_1.jpg!m_fill,w_280,h_210,f_jpg?from=ke.com
20240627,丰台,丰台其它,101121519112,西山甲一号 4室2厅 南 北,775万,54636元/平,低楼层 (共17层) 4室2厅 | 141.85平米 | 南 北,https://ke-image.ljcdn.com/110000-inspection/pc1_13sQDheOh_1.jpg!m_fill,w_280,h_210,f_jpg?from=ke.com
20240627,丰台,丰台其它,101121497752,园博府大平层满五唯一商品房精装修,1050万,55893元/平,低楼层 (共22层) | 2014年 | 4室2厅 | 187.86平米 | 东 南 北,https://ke-image.ljcdn.com/110000-inspection/pc1_9AAPEC4nU_1.jpg!m_fill,w_280,h_210,f_jpg?from=ke.com
20240627,丰台,丰台其它,101121461479,崔村二里 新装修  南北通透 三居,260万,35656元/平,底层 (共4层) 3室1厅 | 72.92平米 | 南 北,https://ke-image.ljcdn.com/110000-inspection/pc1_d7HMqT2Le.jpg!m_fill,w_280,h_210,f_jpg?from=ke.com
20240627,丰台,丰台其它,101121452808,西山甲一号 4室2厅 南 北,910万,62197元/平,中楼层 (共19层) 4室2厅 | 146.31平米 | 南 北,https://ke-image.ljcdn.com/110000-inspection/pc1_WYpooeyMU_1.jpg!m_fill,w_280,h_210,f_jpg?from=ke.com
20240627,丰台,丰台其它,101121439998,张郭庄小区98年楼龄 满五年唯一诚心出售南北通透格局,246万,31653元/平,高楼层 (共6层) 2室1厅 | 77.72平米 | 南 北,https://ke-image.ljcdn.com/110000-inspection/pc1_AuWI7Lw4w_1.jpg!m_fill,w_280,h_210,f_jpg?from=ke.com
20240627,丰台,丰台其它,101121401631,珠光逸景二期 1室1厅 南,210万,37913元/平,中楼层 (共6层) 1室1厅 | 55.39平米 | 南,https://ke-image.ljcdn.com/110000-inspection/pc1_MLI42e4en_1.jpg!m_fill,w_280,h_210,f_jpg?from=ke.com
20240627,丰台,丰台其它,101121395658,珠光御景西园 3室2厅 南 北,565万,41020元/平,高楼层 (共9层) 3室2厅 | 137.74平米 | 南 北,https://ke-image.ljcdn.com/110000-inspection/pc1_RReT2QLHX_1.jpg!m_fill,w_280,h_210,f_jpg?from=ke.com
20240627,丰台,丰台其它,101121368765,张郭庄小区 满五唯一 楼龄新 诚意卖,209万,27136元/平,顶层 (共6层) | 1999年 | 2室1厅 | 77.02平米 | 南 北,https://ke-image.ljcdn.com/110000-inspection/pc1_LH7rDuS8J_1.jpg!m_fill,w_280,h_210,f_jpg?from=ke.com
20240627,丰台,丰台其它,101121362920,长馨园 2室1厅 南 北,220万,31122元/平,中楼层 (共16层) 2室1厅 | 70.69平米 | 南 北,https://ke-image.ljcdn.com/110000-inspection/pc1_LeOAKYvg9_1.jpg!m_fill,w_280,h_210,f_jpg?from=ke.com
20240627,丰台,丰台其它,101121338490,次顶层满2年过户视野好无遮挡环境好车位充足,220万,34040元/平,高楼层 (共21层) 2室1厅 | 64.63平米 | 南 西,https://ke-image.ljcdn.com/110000-inspection/pc1_WB9tYsVZq_1.jpg!m_fill,w_280,h_210,f_jpg?from=ke.com
20240627,丰台,丰台其它,101121310878,中奥嘉园一期 南北通透两居室出售,209万,34084元/平,高楼层 (共14层) 2室1厅 | 61.32平米 | 南 北,https://ke-image.ljcdn.com/110000-inspection/pc1_fI3OhUkmE_1.jpg!m_fill,w_280,h_210,f_jpg?from=ke.com
20240627,丰台,丰台其它,101121283318,满五年唯一 首套仅契税1% 南向采光充足 精装修,206万,37151元/平,低楼层 (共6层) 1室1厅 | 55.45平米 | 南 北,https://ke-image.ljcdn.com/110000-inspection/pc1_HssZYC3Nf_1.jpg!m_fill,w_280,h_210,f_jpg?from=ke.com
20240627,丰台,丰台其它,101121257687,张郭庄小区  南北通透两居室  双面宽采光好,197万,25545元/平,顶层 (共6层) | 1998年 | 2室1厅 | 77.12平米 | 北 南,https://ke-image.ljcdn.com/110000-inspection/pc1_neAgBAVJo_1.jpg!m_fill,w_280,h_210,f_jpg?from=ke.com
20240627,丰台,丰台其它,101121253938,光明里 2室1厅 南 北,169万,21524元/平,顶层 (共6层) 2室1厅 | 78.52平米 | 南 北,https://ke-image.ljcdn.com/110000-inspection/pc1_cGNdhbHiW.jpg!m_fill,w_280,h_210,f_jpg?from=ke.com
20240627,丰台,丰台其它,101121239554,2017年小区 商品房本 有电梯 集中供暖 明卫,233万,28103元/平,低楼层 (共8层) 2室1厅 | 82.91平米 | 南 北,https://ke-image.ljcdn.com/110000-inspection/pc1_otuXsD5TZ_1.jpg!m_fill,w_280,h_210,f_jpg?from=ke.com
20240627,丰台,丰台其它,101121223528,长辛店建设三里 一层 户型方正 诚意出售,150万,27508元/平,底层 (共5层) 2室1厅 | 54.53平米 | 南,https://ke-image.ljcdn.com/110000-inspection/pc1_EvhOJFOMe_1.jpg!m_fill,w_280,h_210,f_jpg?from=ke.com
20240627,丰台,丰台其它,101121216380,张郭庄小区满五唯一中间楼层精装修拎包入住,185万,31145元/平,中楼层 (共5层) | 1980年 | 2室1厅 | 59.4平米 | 南 北,https://ke-image.ljcdn.com/110000-inspection/pc1_5ZxRpnE6Y_1.jpg!m_fill,w_280,h_210,f_jpg?from=ke.com
20240627,丰台,丰台其它,101121200877,永兴里 2室1厅 西北,153万,33627元/平,底层 (共6层) | 1990年 | 2室1厅 | 45.5平米 | 西北,https://ke-image.ljcdn.com/110000-inspection/pc1_eeEZYLI1x_1.jpg!m_fill,w_280,h_210,f_jpg?from=ke.com
20240627,丰台,丰台其它,101121178022,近地铁南北通透人车分流科技住宅,660万,56912元/平,低楼层 (共15层) 3室2厅 | 115.97平米 | 南 北,https://ke-image.ljcdn.com/110000-inspection/pc1_4y2H9O9K8_1.jpg!m_fill,w_280,h_210,f_jpg?from=ke.com
20240627,丰台,丰台其它,101121164154,长馨园小区高楼层采光好看房有钥匙南向2居,210万,30130元/平,中楼层 (共17层) 2室1厅 | 69.7平米 | 南,https://ke-image.ljcdn.com/110000-inspection/pc1_XAd1uTJ0q_1.jpg!m_fill,w_280,h_210,f_jpg?from=ke.com
20240627,丰台,丰台其它,101121162928,珠光逸景二期 1室1厅 南,169万,30478元/平,高楼层 (共6层) 1室1厅 | 55.45平米 | 南,https://ke-image.ljcdn.com/110000-inspection/pc1_vetZfC3UV_1.jpg!m_fill,w_280,h_210,f_jpg?from=ke.com
20240627,丰台,丰台其它,101121156946,红山郡三居南北通透装修保持好,255万,30032元/平,底层 (共20层) 3室1厅 | 84.91平米 | 南 北,https://ke-image.ljcdn.com/110000-inspection/pc1_6HPkTIzxp_1.jpg!m_fill,w_280,h_210,f_jpg?from=ke.com
20240627,丰台,丰台其它,101121137912,崔村一里 全南向两居室 户型方正 无遮挡 精装修省心,155万,29866元/平,中楼层 (共5层) 2室1厅 | 51.9平米 | 南,https://ke-image.ljcdn.com/110000-inspection/pc1_i8JbPmd0U_1.jpg!m_fill,w_280,h_210,f_jpg?from=ke.com
20240627,丰台,丰台其它,101121128326,卢西嘉园  精装修两居室 南北向 业主诚售,319万,40565元/平,底层 (共6层) 2室1厅 | 78.64平米 | 南 北,https://ke-image.ljcdn.com/110000-inspection/pc1_ODpPTg49t.jpg!m_fill,w_280,h_210,f_jpg?from=ke.com
20240627,丰台,丰台其它,101121123927,长馨园 电梯房 满两年 看房方便,204万,29239元/平,高楼层 (共16层) 2室1厅 | 69.77平米 | 南,https://ke-image.ljcdn.com/110000-inspection/pc1_tMmgLBraH_1.jpg!m_fill,w_280,h_210,f_jpg?from=ke.com
20240627,丰台,丰台其它,101121102710,胜利里 3室1厅 南 北,130万,25799元/平,中楼层 (共5层) 3室1厅 | 50.39平米 | 南 北,https://ke-image.ljcdn.com/110000-inspection/pc1_KvqVFtiJq_1.jpg!m_fill,w_280,h_210,f_jpg?from=ke.com
20240627,丰台,丰台其它,101121035667,诚意出售品质洋房南北通透两居室,325万,41715元/平,底层 (共6层) 2室1厅 | 77.91平米 | 南 北,https://ke-image.ljcdn.com/110000-inspection/pc1_iFlbm2zQ2_1.jpg!m_fill,w_280,h_210,f_jpg?from=ke.com
20240627,丰台,丰台其它,101121024846,园博嘉园次顶层无遮挡采光好视野开阔房龄新带电梯出售,398万,44679元/平,高楼层 (共15层) 2室2厅 | 89.08平米 | 东 西 南,https://ke-image.ljcdn.com/110000-inspection/pc1_6aPslmorJ_1.jpg!m_fill,w_280,h_210,f_jpg?from=ke.com
20240627,丰台,丰台其它,101121017285,园博府 3室2厅 南 北,720万,49793元/平,低楼层 (共18层) | 2014年 | 3室2厅 | 144.6平米 | 南 北,https://ke-image.ljcdn.com/110000-inspection/pc1_hBuuFtW01_1.jpg!m_fill,w_280,h_210,f_jpg?from=ke.com
20240627,丰台,丰台其它,101121008478,户型好南北通透等同满五唯一看房提前联系,660万,56848元/平,高楼层 (共15层) 3室1厅 | 116.1平米 | 南 北,https://ke-image.ljcdn.com/110000-inspection/pc1_WTG8rb660_1.jpg!m_fill,w_280,h_210,f_jpg?from=ke.com
20240627,丰台,丰台其它,101121004709,大灰厂小区 2室1厅 南 北,140万,22494元/平,顶层 (共6层) 2室1厅 | 62.24平米 | 南 北,https://ke-image.ljcdn.com/110000-inspection/pc1_c2p0nuDa3_1.jpg!m_fill,w_280,h_210,f_jpg?from=ke.com
20240627,丰台,丰台其它,101121004215,西山甲一号 4室2厅 南 北,835万,58861元/平,低楼层 (共13层) 4室2厅 | 141.86平米 | 南 北,https://ke-image.ljcdn.com/110000-inspection/pc1_1hwshaFJH_1.jpg!m_fill,w_280,h_210,f_jpg?from=ke.com
20240627,丰台,丰台其它,101120996646,红山郡 3室1厅 南 北,290万,33465元/平,底层 (共18层) 3室1厅 | 86.66平米 | 南 北,https://ke-image.ljcdn.com/110000-inspection/pc1_jMMfdvOlq.jpg!m_fill,w_280,h_210,f_jpg?from=ke.com
20240627,丰台,丰台其它,101120990421,卢西嘉园 1室1厅 南 北,200万,34856元/平,底层 (共6层) 1室1厅 | 57.38平米 | 南 北,https://ke-image.ljcdn.com/110000-inspection/pc1_cpEzspmE9_1.jpg!m_fill,w_280,h_210,f_jpg?from=ke.com
20240627,丰台,丰台其它,101120990398,卢西嘉园 1室1厅 南 北,198万,33974元/平,中楼层 (共6层) 1室1厅 | 58.28平米 | 南 北,https://ke-image.ljcdn.com/110000-inspection/pc1_ftg13KQMN_1.jpg!m_fill,w_280,h_210,f_jpg?from=ke.com
20240627,丰台,丰台其它,101120990057,崔村一里 南北通透 正规两居 户型方方正正 无浪费,169万,31326元/平,中楼层 (共5层) 2室1厅 | 53.95平米 | 南 北,https://ke-image.ljcdn.com/110000-inspection/pc1_Vw6jaaBRS_1.jpg!m_fill,w_280,h_210,f_jpg?from=ke.com
20240627,丰台,丰台其它,101120952960,楼龄新 电梯房 南向采光足 两居室 随时看房,220万,30878元/平,中楼层 (共15层) 2室1厅 | 71.25平米 | 南 北,https://ke-image.ljcdn.com/110000-inspection/pc1_IG2P940w0_1.jpg!m_fill,w_280,h_210,f_jpg?from=ke.com
20240627,丰台,丰台其它,101120938588,建设一里 2室1厅 南 北,165万,26354元/平,中楼层 (共6层) 2室1厅 | 62.61平米 | 南 北,https://ke-image.ljcdn.com/110000-inspection/pc1_J1IFh40pJ_1.jpg!m_fill,w_280,h_210,f_jpg?from=ke.com
20240627,丰台,丰台其它,101120915688,地铁14号线首站满五唯一精装拎包入住房主自荐,183万,33578元/平,顶层 (共6层) 2室1厅 | 54.5平米 | 南,https://ke-image.ljcdn.com/110000-inspection/pc1_tplyzmd0u.jpg!m_fill,w_280,h_210,f_jpg?from=ke.com
20240627,丰台,丰台其它,101120904120,张郭庄小区 楼龄新 户型好 诚意卖,258万,32470元/平,高楼层 (共6层) 2室1厅 | 79.46平米 | 东 西,https://ke-image.ljcdn.com/110000-inspection/pc1_JyXugcknS_1.jpg!m_fill,w_280,h_210,f_jpg?from=ke.com
20240627,丰台,丰台其它,101120881530,张郭庄小区 满五唯一 中间层 诚意卖,219万,40184元/平,中楼层 (共6层) 2室1厅 | 54.5平米 | 南,https://ke-image.ljcdn.com/110000-inspection/pc1_Pdl0Qu7S4_1.jpg!m_fill,w_280,h_210,f_jpg?from=ke.com
20240627,丰台,丰台其它,101120879927,东山坡一里 2室1厅 南 北,181万,29147元/平,顶层 (共6层) 2室1厅 | 62.1平米 | 南 北,https://ke-image.ljcdn.com/110000-inspection/pc1_gOeXR2kss.jpg!m_fill,w_280,h_210,f_jpg?from=ke.com
20240627,丰台,丰台其它,101120877046,张郭庄小区 中间层 诚意卖 明厨明卫 购房成本低,230万,35659元/平,中楼层 (共6层) | 1982年 | 3室1厅 | 64.5平米 | 东 南 西,https://ke-image.ljcdn.com/110000-inspection/pc1_S7pGastY1.jpg!m_fill,w_280,h_210,f_jpg?from=ke.com
20240627,丰台,丰台其它,101120867836,崔村一里 2室2厅 南 西 北,216万,36518元/平,中楼层 (共6层) | 1993年 | 2室2厅 | 59.15平米 | 南 西 北,https://ke-image.ljcdn.com/110000-inspection/pc1_HGwERuMGn_1.jpg!m_fill,w_280,h_210,f_jpg?from=ke.com
20240627,丰台,丰台其它,101120822399,建设一里通透两居室靠谱出售看房方便有钥匙,125万,23239元/平,高楼层 (共6层) 2室1厅 | 53.79平米 | 东 西,https://ke-image.ljcdn.com/110000-inspection/pc1_uvEr60oRa_1.jpg!m_fill,w_280,h_210,f_jpg?from=ke.com
20240627,丰台,丰台其它,101120797487,满五年唯一 明厨明卫   低楼层出入方便,163万,33131元/平,底层 (共5层) 2室1厅 | 49.2平米 | 南 北,https://ke-image.ljcdn.com/110000-inspection/pc1_4iRXpIa9U_1.jpg!m_fill,w_280,h_210,f_jpg?from=ke.com
20240627,丰台,丰台其它,101120739340,建设一里 2室1厅 南 北,230万,29716元/平,中楼层 (共6层) 2室1厅 | 77.4平米 | 南 北,https://ke-image.ljcdn.com/110000-inspection/pc1_1KeZT1lxE_1.jpg!m_fill,w_280,h_210,f_jpg?from=ke.com
20240627,丰台,丰台其它,101120731167,业主包土地出让金 精装婚房 单做防水层  满五年唯一,200万,33373元/平,顶层 (共9层) 2室1厅 | 59.93平米 | 东 西,https://ke-image.ljcdn.com/110000-inspection/pc1_uNrFMKZuM_1.jpg!m_fill,w_280,h_210,f_jpg?from=ke.com
20240627,丰台,丰台其它,101120691902,此房满五唯一高楼层采光好南北通透户型好,150万,24051元/平,底层 (共6层) 2室1厅 | 62.37平米 | 南 北,https://ke-image.ljcdn.com/110000-inspection/pc1_rmZerLutU_1.jpg!m_fill,w_280,h_210,f_jpg?from=ke.com
20240627,丰台,丰台其它,101120662119,园博嘉园正规的三加一户型好格局视野没有遮挡房主自荐,695万,46570元/平,顶层 (共14层) 3室1厅 | 149.24平米 | 南 北,https://ke-image.ljcdn.com/110000-inspection/pc1_QTxjxpQtd_1.jpg!m_fill,w_280,h_210,f_jpg?from=ke.com
20240627,丰台,丰台其它,101120607751,张郭庄小区 98年满五唯一 成本低,258万,33197元/平,高楼层 (共6层) | 1998年 | 2室1厅 | 77.72平米 | 南 北,https://ke-image.ljcdn.com/110000-inspection/pc1_7R03iyEsD_1.jpg!m_fill,w_280,h_210,f_jpg?from=ke.com
20240627,丰台,丰台其它,101120595657,崔村二里 南北通透两居室 中间楼层 户型方正无浪费房主自荐,139万,26055元/平,中楼层 (共6层) 2室1厅 | 53.35平米 | 南 北,https://ke-image.ljcdn.com/110000-inspection/pc1_TBU01CwGG_1.jpg!m_fill,w_280,h_210,f_jpg?from=ke.com
20240627,丰台,丰台其它,101120577896,张郭庄 中间楼层一居 南向采光好 满五年唯一,125万,31726元/平,中楼层 (共6层) 1室1厅 | 39.4平米 | 南,https://ke-image.ljcdn.com/110000-inspection/pc1_i0E1gqDNL_1.jpg!m_fill,w_280,h_210,f_jpg?from=ke.com
20240627,丰台,丰台其它,101120575196,西山甲一号 精装修 科技住宅 诚心卖,800万,54679元/平,低楼层 (共19层) 3室2厅 | 146.31平米 | 南 北,https://ke-image.ljcdn.com/110000-inspection/pc1_v0PekDbug_1.jpg!m_fill,w_280,h_210,f_jpg?from=ke.com
20240627,丰台,丰台其它,101120534407,红山郡 1室1厅 南,169万,34533元/平,高楼层 (共21层) 1室1厅 | 48.94平米 | 南,https://ke-image.ljcdn.com/110000-inspection/pc1_OtiGRq0iW_1.jpg!m_fill,w_280,h_210,f_jpg?from=ke.com
20240627,丰台,丰台其它,101120513282,精装修拎包入住。南北通透明厨明卫楼层好满五年唯一,180万,29316元/平,中楼层 (共5层) 2室1厅 | 61.4平米 | 南 北,https://ke-image.ljcdn.com/110000-inspection/pc1_iGLosGhXT_1.jpg!m_fill,w_280,h_210,f_jpg?from=ke.com
20240627,丰台,丰台其它,101120399363,优质一居室视野开阔采光充足业主诚心出售,176万,36319元/平,中楼层 (共15层) | 2013年 | 1室1厅 | 48.46平米 | 南,https://ke-image.ljcdn.com/110000-inspection/pc1_b33v0kpDo_1.jpg!m_fill,w_280,h_210,f_jpg?from=ke.com
20240627,丰台,丰台其它,101120266956,珠光御景西园 3室2厅 南 北,500万,36561元/平,低楼层 (共9层) 3室2厅 | 136.76平米 | 南 北,https://ke-image.ljcdn.com/110000-inspection/pc1_O5SASYBhy.jpg!m_fill,w_280,h_210,f_jpg?from=ke.com
20240627,丰台,丰台其它,101120177322,汤泉墅6层电梯花园洋房 南北通透 精装修采光无遮挡房主自荐,330万,33927元/平,高楼层 (共6层) 2室1厅 | 97.27平米 | 南 北,https://ke-image.ljcdn.com/110000-inspection/pc1_8bTCgDboc_2.jpg!m_fill,w_280,h_210,f_jpg?from=ke.com
20240627,丰台,丰台其它,101120164744,听竹院   2014年新小区   电梯洋房社区   环境好,249万,26769元/平,顶层 (共8层) 2室1厅 | 93.02平米 | 南 北,https://ke-image.ljcdn.com/110000-inspection/pc1_Y6x49ODWd_1.jpg!m_fill,w_280,h_210,f_jpg?from=ke.com
20240627,丰台,丰台其它,101120161064,云岗南区东里23 2室2厅 南 北,290万,40737元/平,顶层 (共5层) 2室2厅 | 71.19平米 | 南 北,https://ke-image.ljcdn.com/110000-inspection/pc1_JwbfYvNqw.jpg!m_fill,w_280,h_210,f_jpg?from=ke.com
20240627,丰台,丰台其它,101120157245,珠光逸景二期 1室1厅 南,187万,33761元/平,高楼层 (共6层) 1室1厅 | 55.39平米 | 南,https://ke-image.ljcdn.com/110000-inspection/pc1_godyGyQAa_1.jpg!m_fill,w_280,h_210,f_jpg?from=ke.com
20240627,丰台,丰台其它,101120137494,云岗南区西里  南向 采光好 低楼层出入方便房主自荐,225万,46875元/平,底层 (共5层) 1室1厅 | 48平米 | 南,https://ke-image.ljcdn.com/110000-inspection/pc1_QXMMHqmWJ.jpg!m_fill,w_280,h_210,f_jpg?from=ke.com
20240627,丰台,丰台其它,101120034627,鑫园闻松台一室一厅低楼层诚意卖看房方便。,149万,26915元/平,底层 (共9层) 1室1厅 | 55.36平米 | 南,https://ke-image.ljcdn.com/110000-inspection/pc1_qPdnriG07_1.jpg!m_fill,w_280,h_210,f_jpg?from=ke.com
20240627,丰台,丰台其它,101119999775,鑫園 2室1厅 南 北,243万,29071元/平,中楼层 (共8层) 2室1厅 | 83.59平米 | 南 北,https://ke-image.ljcdn.com/110000-inspection/pc1_37vIRttOc_1.jpg!m_fill,w_280,h_210,f_jpg?from=ke.com
20240627,丰台,丰台其它,101119987569,珠光逸景一期 3室1厅 南,385万,41221元/平,底层 (共6层) | 2013年 | 3室1厅 | 93.4平米 | 南,https://ke-image.ljcdn.com/110000-inspection/pc1_0FveJTo1L_1.jpg!m_fill,w_280,h_210,f_jpg?from=ke.com
20240627,丰台,丰台其它,101119985016,红山郡三居南北通透高楼层视野好,299万,35604元/平,顶层 (共21层) 3室1厅 | 83.98平米 | 南 北,https://ke-image.ljcdn.com/110000-inspection/pc1_pBUFhVei4_1.jpg!m_fill,w_280,h_210,f_jpg?from=ke.com
20240627,丰台,丰台其它,101119925143,南北通透 中间楼层 前后无遮挡 无抵押无户口,251万,30021元/平,中楼层 (共8层) 2室1厅 | 83.61平米 | 南 北,https://ke-image.ljcdn.com/110000-inspection/pc1_TXEpNbix8_1.jpg!m_fill,w_280,h_210,f_jpg?from=ke.com
20240627,丰台,丰台其它,101119925079,听竹院 2014年新小区 电梯洋房社区 南北两居室,259万,31082元/平,高楼层 (共8层) 2室1厅 | 83.33平米 | 南 北,https://ke-image.ljcdn.com/110000-inspection/pc1_hvFoP3bib_1.jpg!m_fill,w_280,h_210,f_jpg?from=ke.com
20240627,丰台,丰台其它,101119901142,房子户型方正楼层好采光充足视野开阔诚心出售,289万,33965元/平,低楼层 (共21层) 3室1厅 | 85.09平米 | 南 北,https://ke-image.ljcdn.com/110000-inspection/pc1_THQZomZFB_1.jpg!m_fill,w_280,h_210,f_jpg?from=ke.com
20240627,丰台,丰台其它,101119850166,珠江御景 满五唯一商品房 带电梯 南北通透四居,560万,35106元/平,低楼层 (共9层) | 2007年 | 4室2厅 | 159.52平米 | 南 北,https://ke-image.ljcdn.com/110000-inspection/pc1_kqWFuHqYp_1.jpg!m_fill,w_280,h_210,f_jpg?from=ke.com
20240627,丰台,丰台其它,101119848789,满二年  商品房  高楼层  采光好 没有户口 没有抵押,209万,29367元/平,高楼层 (共17层) 2室1厅 | 71.17平米 | 南 北,https://ke-image.ljcdn.com/110000-inspection/pc1_VoK7U1i2F_1.jpg!m_fill,w_280,h_210,f_jpg?from=ke.com
20240627,丰台,丰台其它,101119841897,云岗南区西里  满五唯一 南北通透 两居室,238万,44889元/平,顶层 (共6层) 2室1厅 | 53.02平米 | 南 北,https://ke-image.ljcdn.com/110000-inspection/pc1_P6IUby5lf_1.jpg!m_fill,w_280,h_210,f_jpg?from=ke.com
20240627,丰台,丰台其它,101119796961,崔村一里2002年商品房南北通透中间楼层,275万,32739元/平,中楼层 (共6层) | 2002年 | 2室1厅 | 84平米 | 南 北,https://ke-image.ljcdn.com/110000-inspection/pc1_c85JiuUsk_2.jpg!m_fill,w_280,h_210,f_jpg?from=ke.com
20240627,丰台,丰台其它,101119719004,园博嘉园小区  正规两居室  高楼层 前后没有遮挡,438万,49768元/平,顶层 (共15层) 2室1厅 | 88.01平米 | 南 北,https://ke-image.ljcdn.com/110000-inspection/pc1_yZCVJQmZ5_1.jpg!m_fill,w_280,h_210,f_jpg?from=ke.com
20240627,丰台,丰台其它,101119714495,杜家坎小区 2室1厅 西南,248万,33733元/平,中楼层 (共6层) 2室1厅 | 73.52平米 | 西南,https://ke-image.ljcdn.com/110000-inspection/pc1_S6EzsZexn_1.jpg!m_fill,w_280,h_210,f_jpg?from=ke.com
20240627,丰台,丰台其它,101119692666,中体奥林匹克花园二期 3室2厅 南 北,660万,48225元/平,顶层 (共6层) 3室2厅 | 136.86平米 | 南 北,https://ke-image.ljcdn.com/110000-inspection/pc1_dmAD90hP5_1.jpg!m_fill,w_280,h_210,f_jpg?from=ke.com
20240627,丰台,丰台其它,101119664286,建设三里 南北通透两居室 楼层好 视野开阔,149万,23982元/平,中楼层 (共6层) 2室1厅 | 62.13平米 | 南 北,https://ke-image.ljcdn.com/110000-inspection/pc1_OUnshUi7i.jpg!m_fill,w_280,h_210,f_jpg?from=ke.com
20240627,丰台,丰台其它,101119569170,云岗北区东里 满五唯一  低楼层 南北通透两居,228万,46342元/平,底层 (共5层) 2室1厅 | 49.2平米 | 南 北,https://ke-image.ljcdn.com/110000-inspection/pc1_zOtJiTGIp.jpg!m_fill,w_280,h_210,f_jpg?from=ke.com
20240627,丰台,丰台其它,101119565055,南北通透 精装两居 明厨明卫 小区安静 满五年唯一,248万,46775元/平,高楼层 (共6层) 2室1厅 | 53.02平米 | 南 北,https://ke-image.ljcdn.com/110000-inspection/a9166ce3-3064-40ac-ac34-987aeff0b80f_1000.jpg!m_fill,w_280,h_210,f_jpg?from=ke.com
20240627,丰台,丰台其它,101119513614,建设三里 2室1厅 南 北,146万,26133元/平,高楼层 (共6层) 2室1厅 | 55.87平米 | 南 北,https://ke-image.ljcdn.com/110000-inspection/pc1_8mHdkTVcH_1.jpg!m_fill,w_280,h_210,f_jpg?from=ke.com
20240627,丰台,丰台其它,101119485895,满五年唯一边户户型方正没有浪费南北通透,310万,32015元/平,高楼层 (共6层) 3室2厅 | 96.83平米 | 南 北,https://ke-image.ljcdn.com/110000-inspection/pc1_c3KHzRwrJ.jpg!m_fill,w_280,h_210,f_jpg?from=ke.com
20240627,丰台,丰台其它,101119480080,红山郡 南向两居室 业主诚心出售采光充足,255万,38796元/平,中楼层 (共21层) 2室1厅 | 65.73平米 | 南 北,https://ke-image.ljcdn.com/110000-inspection/pc1_z0M4MP4j6_1.jpg!m_fill,w_280,h_210,f_jpg?from=ke.com
20240627,丰台,丰台其它,101119459268,汤泉墅6层电梯花园洋房 南北通透四居室  精装修,680万,42250元/平,低楼层 (共6层) 4室2厅 | 160.95平米 | 南 北,https://ke-image.ljcdn.com/110000-inspection/8ebdb278-8fa8-45e2-af82-44790e9abb52_1000.jpg!m_fill,w_280,h_210,f_jpg?from=ke.com
20240627,丰台,丰台其它,101119449110,园博府科技住宅高楼层视野好,1550万,59472元/平,高楼层 (共19层) 5室2厅 | 260.63平米 | 南 北,https://ke-image.ljcdn.com/110000-inspection/pc1_Tw6YQ9Bqz_1.jpg!m_fill,w_280,h_210,f_jpg?from=ke.com
20240627,丰台,丰台其它,101119401041,建设二里 2室1厅 南,125万,22330元/平,中楼层 (共6层) 2室1厅 | 55.98平米 | 南,https://ke-image.ljcdn.com/110000-inspection/pc1_5OSeDftcI.jpg!m_fill,w_280,h_210,f_jpg?from=ke.com
20240627,丰台,丰台其它,101119329874,珠光逸景二期 南向 精装 电梯两居,310万,38673元/平,低楼层 (共6层) | 2014年 | 2室1厅 | 80.16平米 | 南,https://ke-image.ljcdn.com/110000-inspection/pc1_amtfcAXma_1.jpg!m_fill,w_280,h_210,f_jpg?from=ke.com
20240627,丰台,丰台其它,101119317866,光明里 2室1厅 南 北,220万,28019元/平,高楼层 (共6层) 2室1厅 | 78.52平米 | 南 北,https://ke-image.ljcdn.com/110000-inspection/pc1_Zti9mEPIJ.jpg!m_fill,w_280,h_210,f_jpg?from=ke.com
20240627,丰台,丰台其它,101119312226,珠江御景 3室2厅 南 北房主自荐,468万,33650元/平,中楼层 (共6层) 3室2厅 | 139.08平米 | 南 北,https://ke-image.ljcdn.com/110000-inspection/pc1_jEAMxMHKC.jpg!m_fill,w_280,h_210,f_jpg?from=ke.com
20240627,丰台,丰台其它,101119242282,珠光逸景二期 3室1厅 南,360万,39127元/平,低楼层 (共6层) 3室1厅 | 92.01平米 | 南,https://ke-image.ljcdn.com/110000-inspection/pc1_r7973JY4o_1.jpg!m_fill,w_280,h_210,f_jpg?from=ke.com
20240627,丰台,丰台其它,101119230148,中国铁建北京山语城精装修三居 保持好,600万,44265元/平,低楼层 (共6层) 3室2厅 | 135.55平米 | 南 北,https://ke-image.ljcdn.com/110000-inspection/pc1_KZIhPUpJx.jpg!m_fill,w_280,h_210,f_jpg?from=ke.com
20240627,丰台,丰台其它,101119198498,玉皇庄小区中间好楼层满五年南北通透2居,145万,28009元/平,中楼层 (共6层) 2室1厅 | 51.77平米 | 南 北,https://ke-image.ljcdn.com/110000-inspection/pc1_srALo07hf_1.jpg!m_fill,w_280,h_210,f_jpg?from=ke.com
20240627,丰台,丰台其它,101119196874,精装修 自住保持好 温泉水直接入户洋房社区,360万,38470元/平,底层 (共6层) 3室1厅 | 93.58平米 | 南 北,https://ke-image.ljcdn.com/110000-inspection/pc1_UY5nNiEdC.jpg!m_fill,w_280,h_210,f_jpg?from=ke.com
20240627,丰台,丰台其它,101119157983,听竹院 2室1厅 南,228万,27342元/平,底层 (共7层) 2室1厅 | 83.39平米 | 南,https://ke-image.ljcdn.com/110000-inspection/pc1_NPifgPV9p.jpg!m_fill,w_280,h_210,f_jpg?from=ke.com
20240627,丰台,丰台其它,101119102785,长辛店建设三里 全南向 两居室,152万,26468元/平,顶层 (共5层) 2室1厅 | 57.43平米 | 南,https://ke-image.ljcdn.com/110000-inspection/pc1_Dz5FmhRcg.jpg!m_fill,w_280,h_210,f_jpg?from=ke.com
20240627,丰台,丰台其它,101119023510,云岗南区东里23 2室2厅 南 北,340万,47760元/平,底层 (共5层) 2室2厅 | 71.19平米 | 南 北,https://ke-image.ljcdn.com/110000-inspection/pc1_8ipMzLP3C.jpg!m_fill,w_280,h_210,f_jpg?from=ke.com
20240627,丰台,丰台其它,101118990037,杜家坎 南北通透两居 中间层 采光好 满五年 诚心卖,179万,32641元/平,中楼层 (共6层) 2室1厅 | 54.84平米 | 南 北,https://ke-image.ljcdn.com/110000-inspection/pc1_0lhEO41PD_1.jpg!m_fill,w_280,h_210,f_jpg?from=ke.com
20240627,丰台,丰台其它,101118936205,2017年小区 环境好 停车方便 满二年 有钥匙 可贷款,220万,34067元/平,底层 (共18层) 2室1厅 | 64.58平米 | 南,https://ke-image.ljcdn.com/110000-inspection/pc1_3PFlTqjvZ_1.jpg!m_fill,w_280,h_210,f_jpg?from=ke.com
20240627,丰台,丰台其它,101118897239,熙悦天寰 次新房 明厨明卫 看房方便,550万,61570元/平,中楼层 (共8层) 3室1厅 | 89.33平米 | 南 北,https://ke-image.ljcdn.com/110000-inspection/pc1_cWCa1wOhk_1.jpg!m_fill,w_280,h_210,f_jpg?from=ke.com
20240627,丰台,丰台其它,101118890578,精装 一层 南北通透 满五年唯一 正规三居 带客厅,200万,29352元/平,底层 (共6层) 3室1厅 | 68.14平米 | 南 北,https://ke-image.ljcdn.com/110000-inspection/pc1_4eShRoY0w_1.jpg!m_fill,w_280,h_210,f_jpg?from=ke.com
20240627,丰台,丰台其它,101118889750,玉皇庄小区 正规两居室 诚心出售,160万,32324元/平,中楼层 (共6层) 2室1厅 | 49.5平米 | 东,https://ke-image.ljcdn.com/110000-inspection/pc1_IPBNOIbdM_1.jpg!m_fill,w_280,h_210,f_jpg?from=ke.com
20240627,丰台,丰台其它,101118883161,崔村一里 2室1厅 南 北,155万,27289元/平,中楼层 (共6层) 2室1厅 | 56.8平米 | 南 北,https://ke-image.ljcdn.com/110000-inspection/pc1_voTjQPzwT_1.jpg!m_fill,w_280,h_210,f_jpg?from=ke.com
20240627,丰台,丰台其它,101118881117,鑫园闻松台  全南两居室 价格优质  洋房社区,229万,27485元/平,底层 (共8层) 2室1厅 | 83.32平米 | 南,https://ke-image.ljcdn.com/110000-inspection/pc1_nCpTXVJin.jpg!m_fill,w_280,h_210,f_jpg?from=ke.com
20240627,丰台,丰台其它,101118870111,园博嘉园 无遮挡 采光好 诚心卖,269万,46548元/平,低楼层 (共15层) | 2016年 | 1室1厅 | 57.79平米 | 南,https://ke-image.ljcdn.com/110000-inspection/pc1_N6i3AqBWV.jpg!m_fill,w_280,h_210,f_jpg?from=ke.com
20240627,丰台,丰台其它,101118836732,崔村二里 2室1厅 南 北,135万,27136元/平,顶层 (共5层) 2室1厅 | 49.75平米 | 南 北,https://ke-image.ljcdn.com/110000-inspection/pc1_siQbGFHBr.jpg!m_fill,w_280,h_210,f_jpg?from=ke.com
20240627,丰台,丰台其它,101118755638,鑫博西路4号院红山郡中间楼层精装修一居室出售房主自荐,159万,32556元/平,中楼层 (共20层) 1室1厅 | 48.84平米 | 南,https://ke-image.ljcdn.com/110000-inspection/pc1_OTRJgi2fV_1.jpg!m_fill,w_280,h_210,f_jpg?from=ke.com
20240627,丰台,丰台其它,101118743519,地铁14号线首站 满五唯一 南北通透 户型好 1990年建成,173万,30458元/平,顶层 (共6层) 2室1厅 | 56.8平米 | 南 北,https://ke-image.ljcdn.com/110000-inspection/pc1_qeRr8wQDY_1.jpg!m_fill,w_280,h_210,f_jpg?from=ke.com
20240627,丰台,丰台其它,101118716969,张郭庄小区 1室1厅 南,185万,43326元/平,顶层 (共6层) | 1990年 | 1室1厅 | 42.7平米 | 南,https://ke-image.ljcdn.com/110000-inspection/pc1_dNSHLtVkX.jpg!m_fill,w_280,h_210,f_jpg?from=ke.com
20240627,丰台,丰台其它,101118687961,大灰厂小区 2室1厅 南 北,139万,22287元/平,中楼层 (共6层) 2室1厅 | 62.37平米 | 南 北,https://ke-image.ljcdn.com/110000-inspection/pc1_gGeJ8EHf9_1.jpg!m_fill,w_280,h_210,f_jpg?from=ke.com
20240627,丰台,丰台其它,101118686343,有电梯 南北通透三居 带飘窗 满五年唯一业主诚心出售,450万,35297元/平,低楼层 (共6层) 3室2厅 | 127.49平米 | 南 北,https://ke-image.ljcdn.com/110000-inspection/pc1_vzMzv6G0W_1.jpg!m_fill,w_280,h_210,f_jpg?from=ke.com
20240627,丰台,丰台其它,101118618081,红山郡房龄新南北户型通风好楼层高。采光好。,305万,35938元/平,高楼层 (共21层) 3室1厅 | 84.87平米 | 南 北,https://ke-image.ljcdn.com/110000-inspection/pc1_ogaHE0InO_1.jpg!m_fill,w_280,h_210,f_jpg?from=ke.com
20240627,丰台,丰台其它,101118568193,红山郡 中间层 采光充足 业主诚心出售,140万,29034元/平,中楼层 (共21层) 1室1厅 | 48.22平米 | 南,https://ke-image.ljcdn.com/110000-inspection/pc1_HUvxLy9TS_1.jpg!m_fill,w_280,h_210,f_jpg?from=ke.com
20240627,丰台,丰台其它,101118535097,珠江御景 中间楼层三居 双卫生间 带电梯客厅落地窗,505万,36334元/平,中楼层 (共6层) 3室2厅 | 138.99平米 | 南 北,https://ke-image.ljcdn.com/110000-inspection/pc1_AE2LPTAlD_1.jpg!m_fill,w_280,h_210,f_jpg?from=ke.com
20240627,丰台,丰台其它,101118493629,地铁14号线首站 满五唯一南北通透 全明格局 婚房装修,168万,27362元/平,顶层 (共6层) 2室1厅 | 61.4平米 | 南 北,https://ke-image.ljcdn.com/110000-inspection/pc1_XAXn73RbS_1.jpg!m_fill,w_280,h_210,f_jpg?from=ke.com
20240627,丰台,丰台其它,101118456819,满五年唯一 精装 一层 南北 小区安静 不临街有钥匙,426万,49443元/平,底层 (共5层) 3室2厅 | 86.16平米 | 南 北,https://ke-image.ljcdn.com/110000-inspection/pc1_GNgVMpRi6_1.jpg!m_fill,w_280,h_210,f_jpg?from=ke.com
20240627,丰台,丰台其它,101118420916,全南两居室视野开阔采光充足业主诚心出售,249万,29882元/平,高楼层 (共8层) 2室1厅 | 83.33平米 | 南,https://ke-image.ljcdn.com/110000-inspection/pc1_bZcmIlrnl_1.jpg!m_fill,w_280,h_210,f_jpg?from=ke.com
20240627,丰台,丰台其它,101118358946,建设三里新上两居室中间层南北通透楼龄新,213万,28792元/平,中楼层 (共6层) 2室1厅 | 73.98平米 | 南 北,https://ke-image.ljcdn.com/110000-inspection/pc1_5Q8KVjbpL_1.jpg!m_fill,w_280,h_210,f_jpg?from=ke.com
20240627,丰台,丰台其它,101118334913,汤泉墅 3室1厅 南 北,410万,42269元/平,高楼层 (共6层) 3室1厅 | 97平米 | 南 北,https://ke-image.ljcdn.com/110000-inspection/pc1_1KFQrXqFJ.jpg!m_fill,w_280,h_210,f_jpg?from=ke.com
20240627,丰台,丰台其它,101118304284,此房前后无遮挡采光充足南北户型通透格局方正。房主自荐,138万,25589元/平,顶层 (共6层) | 1990年 | 2室1厅 | 53.93平米 | 南,https://ke-image.ljcdn.com/110000-inspection/pc1_61U1iaNV3_1.jpg!m_fill,w_280,h_210,f_jpg?from=ke.com
20240627,丰台,丰台其它,101118232550,张郭庄小区 2室1厅 南 北,217万,27921元/平,顶层 (共6层) 2室1厅 | 77.72平米 | 南 北,https://ke-image.ljcdn.com/110000-inspection/pc1_Wu1rPzsEb_1.jpg!m_fill,w_280,h_210,f_jpg?from=ke.com
20240627,丰台,丰台其它,101118230966,建设三里 2室1厅 东 南,209万,27945元/平,顶层 (共6层) 2室1厅 | 74.79平米 | 东 南,https://ke-image.ljcdn.com/110000-inspection/pc1_NhY8UvGju_1.jpg!m_fill,w_280,h_210,f_jpg?from=ke.com
20240627,丰台,丰台其它,101118194857,园博嘉园低楼层精装修2015年房龄房源出售,490万,47125元/平,低楼层 (共15层) 2室1厅 | 103.98平米 | 西南 北,https://ke-image.ljcdn.com/110000-inspection/pc1_V4so9T7jp_1.jpg!m_fill,w_280,h_210,f_jpg?from=ke.com
20240627,丰台,丰台其它,101118183304,红山郡  南向一居室   采光好   中间楼层,160万,32587元/平,高楼层 (共17层) 1室1厅 | 49.1平米 | 南,https://ke-image.ljcdn.com/110000-inspection/pc1_93HPPjHVW.jpg!m_fill,w_280,h_210,f_jpg?from=ke.com
20240627,丰台,丰台其它,101118157986,西山甲一号 开发商精装修南北通透四居五恒科技,820万,58543元/平,低楼层 (共18层) 4室2厅 | 140.07平米 | 南 北,https://ke-image.ljcdn.com/110000-inspection/pc1_zhJj2la63.jpg!m_fill,w_280,h_210,f_jpg?from=ke.com
20240627,丰台,丰台其它,101118157834,珠光逸景一期 2室1厅 西南 北,300万,39778元/平,中楼层 (共6层) | 2013年 | 2室1厅 | 75.42平米 | 西南 北,https://ke-image.ljcdn.com/110000-inspection/pc1_KO6MFPDUE_1.jpg!m_fill,w_280,h_210,f_jpg?from=ke.com
20240627,丰台,丰台其它,101118145027,花园北里 2室1厅 南 北房主自荐,218万,39266元/平,底层 (共6层) 2室1厅 | 55.52平米 | 南 北,https://ke-image.ljcdn.com/110000-inspection/pc1_n3Tmo3Gxz_1.jpg!m_fill,w_280,h_210,f_jpg?from=ke.com
20240627,丰台,丰台其它,101118124820,西山甲一号 精装3居室 南北通透 带电梯 两梯两户业主,685万,57899元/平,高楼层 (共17层) 3室2厅 | 118.31平米 | 南 北,https://ke-image.ljcdn.com/110000-inspection/pc1_pIoLOIl3v_1.jpg!m_fill,w_280,h_210,f_jpg?from=ke.com
20240627,丰台,丰台其它,101118116766,西山甲一号 4室2厅 南 北,890万,62602元/平,高楼层 (共19层) 4室2厅 | 142.17平米 | 南 北,https://ke-image.ljcdn.com/110000-inspection/pc1_cISjtDpwR_1.jpg!m_fill,w_280,h_210,f_jpg?from=ke.com
20240627,丰台,丰台其它,101118033970,红山郡 3室1厅 南 北,315万,37116元/平,中楼层 (共21层) 3室1厅 | 84.87平米 | 南 北,https://ke-image.ljcdn.com/110000-inspection/pc1_BsnUgqCQ6_1.jpg!m_fill,w_280,h_210,f_jpg?from=ke.com
20240627,丰台,丰台其它,101118028670,珠光逸景二期南北通透低楼层采光好通风好。,325万,41249元/平,底层 (共6层) 2室1厅 | 78.79平米 | 南 北,https://ke-image.ljcdn.com/110000-inspection/pc1_8ARBY1q7p_1.jpg!m_fill,w_280,h_210,f_jpg?from=ke.com
20240627,丰台,丰台其它,101118018958,杜家坎44号院 2室1厅 南,349万,56822元/平,底层 (共5层) 2室1厅 | 61.42平米 | 南,https://ke-image.ljcdn.com/110000-inspection/pc1_pioNNE6je_1.jpg!m_fill,w_280,h_210,f_jpg?from=ke.com
20240627,丰台,丰台其它,101118006797,东山坡一里两居室 满五唯一 诚心出售,188万,32137元/平,顶层 (共6层) 2室1厅 | 58.5平米 | 东 西,https://ke-image.ljcdn.com/110000-inspection/pc1_Icm2jPtnz.jpg!m_fill,w_280,h_210,f_jpg?from=ke.com
20240627,丰台,丰台其它,101117941300,珠光逸景二期  满五唯一 13年 南向一居,200万,36108元/平,中楼层 (共6层) 1室1厅 | 55.39平米 | 南,https://ke-image.ljcdn.com/110000-inspection/pc1_o9umozvYx.jpg!m_fill,w_280,h_210,f_jpg?from=ke.com
20240627,丰台,丰台其它,101117883457,西山甲一号 南北通透 视野开阔 交通便利 有地下室,695万,54099元/平,低楼层 (共17层) 3室2厅 | 128.47平米 | 南 北,https://ke-image.ljcdn.com/110000-inspection/pc1_u2bhLwspR_1.jpg!m_fill,w_280,h_210,f_jpg?from=ke.com
20240627,丰台,丰台其它,101117864759,花园北里 中间层两居 南向采光好 带装修看房方便,138万,27545元/平,中楼层 (共6层) 2室1厅 | 50.1平米 | 南,https://ke-image.ljcdn.com/110000-inspection/pc1_TSc8hqt5b_1.jpg!m_fill,w_280,h_210,f_jpg?from=ke.com
20240627,丰台,丰台其它,101117764115,东山坡三里 正规两居室 精装修,279万,27671元/平,中楼层 (共6层) 2室1厅 | 100.83平米 | 南 北,https://ke-image.ljcdn.com/110000-inspection/pc1_abD8tQxAn_1.jpg!m_fill,w_280,h_210,f_jpg?from=ke.com
20240627,丰台,丰台其它,101117677892,张郭庄小区 一层两居 满五年唯一 适合老人或者不爬楼,259万,33325元/平,底层 (共6层) 2室1厅 | 77.72平米 | 南 北,https://ke-image.ljcdn.com/110000-inspection/pc1_YoRAohwAe_1.jpg!m_fill,w_280,h_210,f_jpg?from=ke.com
20240627,丰台,丰台其它,101117645991,西山甲一号精装4居室次新房纯商品房小区,910万,64008元/平,低楼层 (共19层) 4室2厅 | 142.17平米 | 南 北,https://ke-image.ljcdn.com/110000-inspection/pc1_nugbVw5vU.jpg!m_fill,w_280,h_210,f_jpg?from=ke.com
20240627,丰台,丰台其它,101117630515,中体奥林匹克花园一期 3室2厅 南 北,475万,35528元/平,高楼层 (共6层) 3室2厅 | 133.7平米 | 南 北,https://ke-image.ljcdn.com/110000-inspection/pc1_31RSrQFqj_1.jpg!m_fill,w_280,h_210,f_jpg?from=ke.com
20240627,丰台,丰台其它,101117544629,张郭庄小区 南北通透两居室 户型方方正正无浪费,185万,28375元/平,顶层 (共6层) | 1987年 | 2室1厅 | 65.2平米 | 南 北,https://ke-image.ljcdn.com/110000-inspection/pc1_e6SGoiPhX_1.jpg!m_fill,w_280,h_210,f_jpg?from=ke.com
20240627,丰台,丰台其它,101117372277,熙悦天寰 3室1厅 南 北,520万,58342元/平,高楼层 (共9层) 3室1厅 | 89.13平米 | 南 北,https://ke-image.ljcdn.com/110000-inspection/pc1_lh3ZtNqce.jpg!m_fill,w_280,h_210,f_jpg?from=ke.com
20240627,丰台,丰台其它,101117194363,园博嘉园 南北通透 装修好 视野开阔 小区中间 安静,480万,54540元/平,中楼层 (共15层) | 2014年 | 2室1厅 | 88.01平米 | 南 北,https://ke-image.ljcdn.com/110000-inspection/pc1_6gMoBX4Hp.jpg!m_fill,w_280,h_210,f_jpg?from=ke.com
20240627,丰台,丰台其它,101117184751,长馨园 楼龄新 电梯房 南向采光足 两居室 随时看房,220万,31533元/平,中楼层 (共16层) | 2013年 | 2室1厅 | 69.77平米 | 南,https://ke-image.ljcdn.com/110000-inspection/0dfc5b66-734b-4681-8087-958cf274fba1_1000.jpg!m_fill,w_280,h_210,f_jpg?from=ke.com
20240627,丰台,丰台其它,101117173364,东山坡二里  精装修 两居室  视野好房主自荐,168万,35074元/平,顶层 (共5层) 1室1厅 | 47.9平米 | 东,https://ke-image.ljcdn.com/110000-inspection/pc1_CrqsSH3cZ_1.jpg!m_fill,w_280,h_210,f_jpg?from=ke.com
20240627,丰台,丰台其它,101117079137,汤泉墅三居室中高楼层采光好南北通透,390万,40240元/平,中楼层 (共6层) 3室1厅 | 96.92平米 | 南 北,https://ke-image.ljcdn.com/110000-inspection/pc1_E2qeKmdVB.jpg!m_fill,w_280,h_210,f_jpg?from=ke.com
20240627,丰台,丰台其它,101116997667,花园北里 2室1厅 南 北,189万,30053元/平,顶层 (共6层) 2室1厅 | 62.89平米 | 南 北,https://ke-image.ljcdn.com/110000-inspection/pc1_VMwCObBhE_1.jpg!m_fill,w_280,h_210,f_jpg?from=ke.com
20240627,丰台,丰台其它,101116964116,花园北里 户型方正  精装 三居,200万,29198元/平,高楼层 (共6层) 3室1厅 | 68.5平米 | 东 南 西,https://ke-image.ljcdn.com/110000-inspection/a6cf7fa9-74df-47c6-b10a-2c483e01b4b6_1000.jpg!m_fill,w_280,h_210,f_jpg?from=ke.com
20240627,丰台,丰台其它,101116953148,珠光逸景二期 13年  卫生间带窗户  南北三居,356万,39031元/平,底层 (共6层) | 2014年 | 3室1厅 | 91.21平米 | 南 北,https://ke-image.ljcdn.com/110000-inspection/pc1_BnmNy3N1b_1.jpg!m_fill,w_280,h_210,f_jpg?from=ke.com
20240627,丰台,丰台其它,101116899256,东山坡一里 2室1厅 东,159万,30286元/平,顶层 (共6层) 2室1厅 | 52.5平米 | 东,https://ke-image.ljcdn.com/110000-inspection/4cea50c8-e73e-4c64-bfa2-316688ab4381_1000.jpg!m_fill,w_280,h_210,f_jpg?from=ke.com
20240627,丰台,丰台其它,101116895596,建设三里采光无遮挡业主诚心出售。,139万,22373元/平,高楼层 (共6层) 2室1厅 | 62.13平米 | 南 北,https://ke-image.ljcdn.com/110000-inspection/pc1_RO6ztGMW1_1.jpg!m_fill,w_280,h_210,f_jpg?from=ke.com
20240627,丰台,丰台其它,101116799533,园博付 2014年商品房 科技住宅,1490万,57262元/平,低楼层 (共19层) | 2014年 | 5室2厅 | 260.21平米 | 南 北,https://ke-image.ljcdn.com/110000-inspection/pc1_cZTYyCOyR_1.jpg!m_fill,w_280,h_210,f_jpg?from=ke.com
20240627,丰台,丰台其它,101116578456,环境优美采光好南北通透户型精装修,890万,54696元/平,底层 (共6层) | 2012年 | 4室1厅 | 162.72平米 | 南 北,https://ke-image.ljcdn.com/110000-inspection/c6c5fc83-c87d-4d16-8b3e-f8876d343e73_1000.jpg!m_fill,w_280,h_210,f_jpg?from=ke.com
20240627,丰台,丰台其它,101116575895,卢西嘉园南北通透两居室低楼层上下楼方便,282万,36359元/平,低楼层 (共6层) 2室1厅 | 77.56平米 | 南 北,https://ke-image.ljcdn.com/110000-inspection/pc1_3YLbAkTWD_1.jpg!m_fill,w_280,h_210,f_jpg?from=ke.com
20240627,丰台,丰台其它,101116315092,大灰厂小区  南北通透 中间层两居,120万,21622元/平,中楼层 (共6层) | 1980年 | 2室1厅 | 55.5平米 | 南 北,https://ke-image.ljcdn.com/110000-inspection/3555a7b1-7236-4977-90ef-1d6558d6e359_1000.jpg!m_fill,w_280,h_210,f_jpg?from=ke.com
20240627,丰台,丰台其它,101116256304,丰台区 汤泉墅 电梯洋房 一梯两户 精准修 集中供暖,455万,47986元/平,顶层 (共6层) | 2015年 | 3室1厅 | 94.82平米 | 南 北,https://ke-image.ljcdn.com/110000-inspection/pc1_FAahEoQGK.jpg!m_fill,w_280,h_210,f_jpg?from=ke.com
20240627,丰台,丰台其它,101116117220,杜家坎44号院  有钥匙 随时可看 诚心出售,258万,33244元/平,低楼层 (共6层) 3室1厅 | 77.61平米 | 南 北,https://ke-image.ljcdn.com/110000-inspection/3f6941d3-58d3-4ca1-a966-ba189c930c46_1000.jpg!m_fill,w_280,h_210,f_jpg?from=ke.com
20240627,丰台,丰台其它,101116094901,张郭庄小区 南向中间层两居 精装修 户型方方正正,168万,30826元/平,中楼层 (共6层) | 1983年 | 2室1厅 | 54.5平米 | 南,https://ke-image.ljcdn.com/110000-inspection/pc1_DwqO1iUVJ_1.jpg!m_fill,w_280,h_210,f_jpg?from=ke.com
20240627,丰台,丰台其它,101115870926,张郭庄小区低楼层适合有老人孩子家庭,179万,32845元/平,低楼层 (共6层) | 1987年 | 2室1厅 | 54.5平米 | 南,https://ke-image.ljcdn.com/110000-inspection/pc1_SxvjlDIBV_1.jpg!m_fill,w_280,h_210,f_jpg?from=ke.com
20240627,丰台,丰台其它,101115812595,南宫迎宾路33号院一区精装花园洋房,370万,38611元/平,低楼层 (共6层) | 2011年 | 3室1厅 | 95.83平米 | 南 北,https://ke-image.ljcdn.com/110000-inspection/pc1_OCUzSKyjk.jpg!m_fill,w_280,h_210,f_jpg?from=ke.com
20240627,丰台,丰台其它,101115766965,长辛店建设三里满五年唯一精装修,130万,22637元/平,高楼层 (共6层) 2室1厅 | 57.43平米 | 南,https://ke-image.ljcdn.com/110000-inspection/pc1_Lq5oRLnH4_1.jpg!m_fill,w_280,h_210,f_jpg?from=ke.com
20240627,丰台,丰台其它,101115669991,长辛店 花园北里 低楼层 96年 南北通透两居室,199万,31643元/平,低楼层 (共6层) | 1996年 | 2室1厅 | 62.89平米 | 南 北,https://ke-image.ljcdn.com/110000-inspection/d3223774-8470-498f-8ba8-a15d9e88ed7a_1000.jpg!m_fill,w_280,h_210,f_jpg?from=ke.com
20240627,丰台,丰台其它,101115199377,张郭庄小区 南北通透 低楼层两居 户型方方正正 诚信卖,280万,36027元/平,底层 (共6层) | 1998年 | 2室1厅 | 77.72平米 | 南 北,https://ke-image.ljcdn.com/110000-inspection/pc1_4lC3LOLOf_1.jpg!m_fill,w_280,h_210,f_jpg?from=ke.com
20240627,丰台,丰台其它,101114952530,玉皇庄小区 南北通透两居室 看房随时,190万,36504元/平,高楼层 (共6层) | 2001年 | 2室1厅 | 52.05平米 | 南 北,https://ke-image.ljcdn.com/110000-inspection/pc1_zxJ7tXskO.jpg!m_fill,w_280,h_210,f_jpg?from=ke.com
20240627,丰台,丰台其它,101114948706,红山郡小区两居室 南向 高楼层 采光好,256万,39888元/平,高楼层 (共21层) 2室1厅 | 64.18平米 | 南,https://ke-image.ljcdn.com/110000-inspection/pc1_qSKu7yW8f_1.jpg!m_fill,w_280,h_210,f_jpg?from=ke.com
20240627,丰台,丰台其它,101114772360,园博府 满五年唯一 南北通透 格局好 精装修,1600万,61748元/平,低楼层 (共19层) 4室2厅 | 259.12平米 | 南 北,https://ke-image.ljcdn.com/110000-inspection/23a30951-ba47-4630-aae3-3d37b8bf5be9_1000.jpg!m_fill,w_280,h_210,f_jpg?from=ke.com
20240627,丰台,丰台其它,101114731380,珠江御景南北通透无人行车道带私密花园南向！房主自荐,535万,38887元/平,底层 (共6层) 3室2厅 | 137.58平米 | 南 北,https://ke-image.ljcdn.com/110000-inspection/pc1_e5Nj3OdyI.jpg!m_fill,w_280,h_210,f_jpg?from=ke.com
20240627,丰台,丰台其它,101114689670,鑫博西路4号院看房随时精装修产权清晰诚心出售,280万,36920元/平,低楼层 (共21层) | 2017年 | 2室1厅 | 75.84平米 | 南,https://ke-image.ljcdn.com/110000-inspection/d04beb1b-c51b-4fb8-aa18-d76b9edd0c36_1000.jpg!m_fill,w_280,h_210,f_jpg?from=ke.com
20240627,丰台,丰台其它,101114289973,园博府满五年唯一大五居 南北通透格局好,1630万,62642元/平,低楼层 (共18层) | 2014年 | 4室2厅 | 260.21平米 | 南 北,https://ke-image.ljcdn.com/110000-inspection/pc1_V5el7ypNz_1.jpg!m_fill,w_280,h_210,f_jpg?from=ke.com
20240627,丰台,丰台其它,101114209985,中体奥林匹克花园二期满五年精装修,850万,37658元/平,底层 (共4层) | 2008年 | 4室3厅 | 225.72平米 | 南 北,https://ke-image.ljcdn.com/110000-inspection/a15eb2cc-e1cd-4fbb-960c-0ccdd0d0c568_1000.jpg!m_fill,w_280,h_210,f_jpg?from=ke.com
20240627,丰台,丰台其它,101114075900,玉皇庄小区 楼层好 满五年唯一,186万,33179元/平,中楼层 (共6层) | 1985年 | 2室1厅 | 56.06平米 | 南 北,https://ke-image.ljcdn.com/110000-inspection/pc1_63NxLIqPW_1.jpg!m_fill,w_280,h_210,f_jpg?from=ke.com
20240627,丰台,丰台其它,101113921871,长辛店花园北里 满五不唯一 南向两居房主自荐,126万,25150元/平,高楼层 (共6层) 2室1厅 | 50.1平米 | 南,https://ke-image.ljcdn.com/110000-inspection/pc1_B3zA0OAoD_1.jpg!m_fill,w_280,h_210,f_jpg?from=ke.com
20240627,丰台,丰台其它,101113805843,建设一里 满五年 南北采光好 低楼层,185万,28638元/平,低楼层 (共6层) 2室1厅 | 64.6平米 | 南 北,https://ke-image.ljcdn.com/110000-inspection/pc1_mb6LX22ix_1.jpg!m_fill,w_280,h_210,f_jpg?from=ke.com
20240627,丰台,丰台其它,101113734998,长辛店崔村二里 满五唯一 集中供暖,149万,23678元/平,顶层 (共5层) 2室1厅 | 62.93平米 | 北 南,https://ke-image.ljcdn.com/110000-inspection/pc1_Pkccauqrh_1.jpg!m_fill,w_280,h_210,f_jpg?from=ke.com
20240627,丰台,丰台其它,101113060020,张郭庄小区满五唯一南北通透三居配套齐全,188万,29148元/平,高楼层 (共6层) 3室1厅 | 64.5平米 | 南 北,https://ke-image.ljcdn.com/110000-inspection/pc1_sqfqqwII1_1.jpg!m_fill,w_280,h_210,f_jpg?from=ke.com
20240627,丰台,丰台其它,101112510489,东三坡三里 2002年小区 南北通透 采光好,319万,26176元/平,顶层 (共6层) | 2002年 | 2室2厅 | 121.87平米 | 南 北,https://ke-image.ljcdn.com/110000-inspection/pc1_RSlf6owzr_1.jpg!m_fill,w_280,h_210,f_jpg?from=ke.com
20240627,丰台,丰台其它,101112261030,张郭庄小区   南北两居室  精装修  满五年唯一住房,185万,32571元/平,高楼层 (共6层) | 1990年 | 2室1厅 | 56.8平米 | 南 北,https://ke-image.ljcdn.com/110000-inspection/pc1_7tbiKxNdf_1.jpg!m_fill,w_280,h_210,f_jpg?from=ke.com
20240627,丰台,丰台其它,101111512671,崔村一里满五不唯一诚心出售看房方便,160万,26891元/平,顶层 (共5层) 3室1厅 | 59.5平米 | 南 北,https://ke-image.ljcdn.com/110000-inspection/pc1_GopgAUli0_1.jpg!m_fill,w_280,h_210,f_jpg?from=ke.com
20240627,丰台,丰台其它,101111113186,西山甲一号 精装修 南北四居室 五恒科技住宅,825万,59671元/平,低楼层 (共13层) | 2019年 | 4室2厅 | 138.26平米 | 南 北,https://ke-image.ljcdn.com/110000-inspection/pc1_eepWLqD6V_1.jpg!m_fill,w_280,h_210,f_jpg?from=ke.com
20240627,丰台,丰台其它,101110156571,杜家坎小区 精装修中楼层 两居室,249万,35572元/平,中楼层 (共6层) 2室1厅 | 70平米 | 南 北,https://ke-image.ljcdn.com/110000-inspection/pc1_LP7e4Oriy_1.jpg!m_fill,w_280,h_210,f_jpg?from=ke.com
20240627,丰台,丰台其它,101110024996,玉皇庄小区  南北向正规两居室 中间楼层,168万,27304元/平,中楼层 (共6层) 2室1厅 | 61.53平米 | 南 北,https://ke-image.ljcdn.com/110000-inspection/pc1_WQD5dts7t_1.jpg!m_fill,w_280,h_210,f_jpg?from=ke.com
20240627,丰台,丰台其它,101108741989,丰台区 南北通透 带电梯 满五年 复式户型,730万,38005元/平,中楼层 (共6层) | 2009年 | 3室2厅 | 192.08平米 | 北 南,https://ke-image.ljcdn.com/110000-inspection/pc1_lRj3XjSH4_1.jpg!m_fill,w_280,h_210,f_jpg?from=ke.com
20240627,丰台,丰台其它,101104889183,崔村一里 满五唯一 6层顶层 南北通透房主自荐,175万,29778元/平,顶层 (共6层) | 1993年 | 2室1厅 | 58.77平米 | 南 北,https://ke-image.ljcdn.com/110000-inspection/prod-6d0e02dd-1106-45f5-8eee-32c84f81eadb.jpg!m_fill,w_280,h_210,f_jpg?from=ke.com
20240627,丰台,丰台其它,101102928547,中体奥林匹克花园三期优质四居室南北通透叠拼房主自荐,880万,41995元/平,中楼层 (共6层) | 2009年 | 4室3厅 | 209.55平米 | 南 北,https://ke-image.ljcdn.com/110000-inspection/pc1_dGtDxHCh6_1.jpg!m_fill,w_280,h_210,f_jpg?from=ke.com
20240627,丰台,丰台其它,101125144532,南北通透 三居 有电梯 2017年 无遮挡 采光好,258万,30350元/平,低楼层 (共21层) 3室1厅 | 85.01平米 | 南 北,https://ke-image.ljcdn.com/110000-inspection/pc1_asd1726qa_1.jpg!m_fill,w_280,h_210,f_jpg?from=ke.com
20240627,丰台,丰台其它,101125138209,燕西华府 3室2厅 南 北新上,489万,40234元/平,中楼层 (共6层) 3室2厅 | 121.54平米 | 南 北,https://ke-image.ljcdn.com/110000-inspection/4723f103-5a60-4fbf-b3cd-84d1f218f902_1000.jpg!m_fill,w_280,h_210,f_jpg?from=ke.com
20240627,丰台,丰台其它,101125132092,领秀翡翠山B区 6室2厅 南 西 北新上,1250万,56223元/平,顶层 (共4层) 6室2厅 | 222.33平米 | 南 西 北,https://ke-image.ljcdn.com/110000-inspection/04676f2d-bca3-43e9-a2f9-3fd2196d92f4_1000.jpg!m_fill,w_280,h_210,f_jpg?from=ke.com
20240627,丰台,丰台其它,101125117553,燕西华府 正规四居室 南北两个阳台 次顶层新上,578万,45245元/平,高楼层 (共6层) 4室2厅 | 127.75平米 | 南 北,https://ke-image.ljcdn.com/110000-inspection/pc1_xUL5UCQDE.jpg!m_fill,w_280,h_210,f_jpg?from=ke.com
20240627,丰台,丰台其它,101125116460,燕西华府 上叠别墅 主体结构改造好了新上,780万,41625元/平,中楼层 (共4层) 4室2厅 | 187.39平米 | 南 北,https://ke-image.ljcdn.com/110000-inspection/pc1_kqh45Zce7_1.jpg!m_fill,w_280,h_210,f_jpg?from=ke.com
20240627,丰台,丰台其它,101125115882,领秀翡翠山B区 小区中间位置 附带下跃新上,850万,52113元/平,底层 (共5层) 4室2厅 | 163.11平米 | 南 北,https://ke-image.ljcdn.com/110000-inspection/pc1_rP3vwtrnU.jpg!m_fill,w_280,h_210,f_jpg?from=ke.com
20240627,丰台,丰台其它,101125087889,中体奥林匹克花园一期 3室1厅 南 北新上,498万,36142元/平,中楼层 (共6层) 3室1厅 | 137.79平米 | 南 北,https://ke-image.ljcdn.com/110000-inspection/pc1_s3pLOMHiK_1.jpg!m_fill,w_280,h_210,f_jpg?from=ke.com
20240627,丰台,丰台其它,101125084692,燕西华府  私家电梯 精装修联排新上,1480万,39692元/平,底层 (共3层) 5室3厅 | 372.88平米 | 南 西 北,https://ke-image.ljcdn.com/110000-inspection/pc1_9HLjZ9VPm.jpg!m_fill,w_280,h_210,f_jpg?from=ke.com
20240627,丰台,丰台其它,101125050262,燕西华府 顶层带阁 楼 精装修无户口新上,570万,46899元/平,顶层 (共6层) 4室1厅 | 121.54平米 | 南 北,https://ke-image.ljcdn.com/110000-inspection/7931474f-b20f-41e3-8fd8-310c95f56739_1000.jpg!m_fill,w_280,h_210,f_jpg?from=ke.com
20240627,丰台,丰台其它,101125045054,精装修楼层好购房成本低配套齐全看房提前约新上,149万,37818元/平,低楼层 (共6层) | 1986年 | 1室1厅 | 39.4平米 | 南 北,https://ke-image.ljcdn.com/110000-inspection/pc1_HGosAYLfe_1.jpg!m_fill,w_280,h_210,f_jpg?from=ke.com
20240627,丰台,丰台其它,101124926228,燕西华府一层下跃户型 中间楼栋 精装修,750万,33711元/平,底层 (共6层) 5室3厅 | 222.48平米 | 南 北,https://ke-image.ljcdn.com/110000-inspection/pc1_Wu9UOX5mO_1.jpg!m_fill,w_280,h_210,f_jpg?from=ke.com
20240627,丰台,丰台其它,101124921432,领秀翡翠山B区 4室2厅 南 北,980万,57685元/平,顶层 (共4层) 4室2厅 | 169.89平米 | 南 北,https://ke-image.ljcdn.com/110000-inspection/8fdb5dce-f474-4e63-8e92-b564f8640f05_1000.jpg!m_fill,w_280,h_210,f_jpg?from=ke.com
20240627,丰台,丰台其它,101124913630,满五年唯一 南北通透两居 高楼层 采光好 诚意出,229万,29165元/平,顶层 (共6层) | 2006年 | 2室1厅 | 78.52平米 | 南 北,https://ke-image.ljcdn.com/110000-inspection/pc1_J2KqBiDW5_1.jpg!m_fill,w_280,h_210,f_jpg?from=ke.com
20240627,丰台,丰台其它,101124876509,园博府 3室2厅 南 北,748万,53441元/平,低楼层 (共18层) 3室2厅 | 139.97平米 | 南 北,https://ke-image.ljcdn.com/110000-inspection/pc1_AMd8FKLCh_1.jpg!m_fill,w_280,h_210,f_jpg?from=ke.com
20240627,丰台,丰台其它,101124851939,熙悦天寰次新房人车分流小区全明双卫三居室靠谱出售,475万,53210元/平,顶层 (共9层) 3室1厅 | 89.27平米 | 南 北,https://ke-image.ljcdn.com/110000-inspection/pc1_8CSAndH8F_1.jpg!m_fill,w_280,h_210,f_jpg?from=ke.com
20240627,丰台,丰台其它,101124850858,山语城 车位,16.5万,6190元/平,地下室 (共6层) 1室0厅 | 26.66平米 | 南,https://ke-image.ljcdn.com/110000-inspection/pc1_uhQebqg45_2.jpg!m_fill,w_280,h_210,f_jpg?from=ke.com
20240627,丰台,丰台其它,101124840544,山语城 车位,16万,4918元/平,地下室 (共6层) 1室0厅 | 32.54平米 | 南,https://ke-image.ljcdn.com/110000-inspection/pc1_vW5Hd9gIT.jpg!m_fill,w_280,h_210,f_jpg?from=ke.com
20240627,丰台,丰台其它,101124753927,山语城一区 4室1厅 南 北,600万,48686元/平,顶层 (共6层) 4室1厅 | 123.24平米 | 南 北,https://ke-image.ljcdn.com/110000-inspection/6979cc53-5d25-49e2-b65f-578070230b19_1000.jpg!m_fill,w_280,h_210,f_jpg?from=ke.com
20240627,丰台,丰台其它,101124724143,满五年唯一 正规两居 首套契税1% 有钥匙随时看房,190万,30572元/平,底层 (共13层) 2室1厅 | 62.15平米 | 东 西,https://ke-image.ljcdn.com/110000-inspection/pc1_qG0m4b7Re_1.jpg!m_fill,w_280,h_210,f_jpg?from=ke.com
20240627,丰台,丰台其它,101124721656,珠光逸景二期 1室1厅 南,195万,35205元/平,底层 (共6层) 1室1厅 | 55.39平米 | 南,https://ke-image.ljcdn.com/110000-inspection/pc1_qFNs6PGv9.jpg!m_fill,w_280,h_210,f_jpg?from=ke.com
20240627,丰台,丰台其它,101124704173,华府海园 独栋别墅 水系之旁 小区高位 业主诚售,3200万,53723元/平,底层 (共3层) 11室1厅 | 595.65平米 | 南 北,https://ke-image.ljcdn.com/110000-inspection/pc1_DWqcU6d5r_1.jpg!m_fill,w_280,h_210,f_jpg?from=ke.com
20240627,丰台,丰台其它,101124697301,长青路88号院 轻奢装修 视野开阔 采光充足,785万,41388元/平,中楼层 (共5层) 4室1厅 | 189.67平米 | 南 北,https://ke-image.ljcdn.com/110000-inspection/df4cbb12-9a1b-4023-a83a-2c63a4064b62_1000.jpg!m_fill,w_280,h_210,f_jpg?from=ke.com
20240627,丰台,丰台其它,101124673803,汤泉墅 2室2厅 南 北,315万,39824元/平,顶层 (共6层) 2室2厅 | 79.1平米 | 南 北,https://ke-image.ljcdn.com/110000-inspection/0af5b23c-4e0d-46ea-8564-65bea8bcb5de_1000.jpg!m_fill,w_280,h_210,f_jpg?from=ke.com
20240627,丰台,丰台其它,101124666301,中体奥林匹克花园三期 4室2厅 南 北,1518万,47080元/平,地下室 (共3层) 4室2厅 | 322.43平米 | 南 北,https://ke-image.ljcdn.com/110000-inspection/pc1_Cj01f7i92_1.jpg!m_fill,w_280,h_210,f_jpg?from=ke.com
20240627,丰台,丰台其它,101124667332,汤泉墅 3室1厅 南 北,323万,33524元/平,底层 (共6层) 3室1厅 | 96.35平米 | 南 北,https://ke-image.ljcdn.com/110000-inspection/pc1_SgIfvWWjK.jpg!m_fill,w_280,h_210,f_jpg?from=ke.com
20240627,丰台,丰台其它,101124645162,领秀翡翠山B区 南北通透 顶层大复式 视野好,580万,38403元/平,顶层 (共6层) | 2015年 | 4室1厅 | 151.03平米 | 南 北,https://ke-image.ljcdn.com/110000-inspection/pc1_DVWT7OlB7_2.jpg!m_fill,w_280,h_210,f_jpg?from=ke.com
20240627,丰台,丰台其它,101124644595,燕西书院  满五唯一 东南朝向边户  采光充足,898万,34923元/平,底层 (共3层) 5室3厅 | 257.14平米 | 东 南 北,https://ke-image.ljcdn.com/110000-inspection/pc1_bDktZ4eVQ.jpg!m_fill,w_280,h_210,f_jpg?from=ke.com
20240627,丰台,丰台其它,101124638195,正对小区花园的楼栋视野开阔使用空间大装修好,1260万,51562元/平,中楼层 (共4层) | 2016年 | 6室3厅 | 244.37平米 | 南 北,https://ke-image.ljcdn.com/110000-inspection/f559e908-d970-470f-8f8d-9f1fba2c2215_1000.jpg!m_fill,w_280,h_210,f_jpg?from=ke.com
20240627,丰台,丰台其它,101124626631,汤泉墅 复式精装修 南北通透大四居 采光无遮挡,550万,48742元/平,顶层 (共6层) | 2015年 | 4室1厅 | 112.84平米 | 西南 北,https://ke-image.ljcdn.com/110000-inspection/pc1_m1VkcuY4B.jpg!m_fill,w_280,h_210,f_jpg?from=ke.com
20240627,丰台,丰台其它,101124624877,燕西华府 4室2厅 东南,830万,42408元/平,底层 (共3层) 4室2厅 | 195.72平米 | 东南,https://ke-image.ljcdn.com/110000-inspection/pc1_WQo7Jv6Lo.jpg!m_fill,w_280,h_210,f_jpg?from=ke.com
20240627,丰台,丰台其它,101124622094,长馨园小区  南北通透两居室   精装修,206万,28945元/平,中楼层 (共17层) 2室1厅 | 71.17平米 | 南 北,https://ke-image.ljcdn.com/110000-inspection/pc1_tV6FdekYS_1.jpg!m_fill,w_280,h_210,f_jpg?from=ke.com
20240627,丰台,丰台其它,101124601203,张郭庄小区  楼龄新 交通便利 满二,219万,27562元/平,顶层 (共6层) 2室1厅 | 79.46平米 | 东 西,https://ke-image.ljcdn.com/110000-inspection/087ed814-f2ea-4d19-b3e0-bcd249bbb037_1000.jpg!m_fill,w_280,h_210,f_jpg?from=ke.com
20240627,丰台,丰台其它,101124589495,中体奥林匹克花园三期 联排别墅业主诚心出售有钥匙,1150万,36240元/平,底层 (共3层) 5室2厅 | 317.33平米 | 南 北,https://ke-image.ljcdn.com/110000-inspection/pc1_Ih0tK51ay.jpg!m_fill,w_280,h_210,f_jpg?from=ke.com
20240627,丰台,丰台其它,101124556138,汤泉墅电梯花园洋房 精装修 采光无遮挡 南北通透,358万,37080元/平,中楼层 (共6层) 2室1厅 | 96.55平米 | 南 北,https://ke-image.ljcdn.com/110000-inspection/527e95a9-8e3f-4cb3-af8d-a799629b8d37_1000.jpg!m_fill,w_280,h_210,f_jpg?from=ke.com
20240627,丰台,丰台其它,101124548365,镇岗南里 3室1厅 南 北,245万,46756元/平,底层 (共1层) 3室1厅 | 52.4平米 | 南 北,https://ke-image.ljcdn.com/110000-inspection/pc1_2kkujdNdY_1.jpg!m_fill,w_280,h_210,f_jpg?from=ke.com
20240627,丰台,丰台其它,101124545862,总高6层有电梯卫生间有窗子全明格局满五唯一,236万,28890元/平,底层 (共6层) | 2016年 | 2室1厅 | 81.69平米 | 南 北 西,https://ke-image.ljcdn.com/110000-inspection/pc1_HbHz9nRg8.jpg!m_fill,w_280,h_210,f_jpg?from=ke.com
20240627,丰台,丰台其它,101124543001,领秀翡翠山A区东西通透精装修楼层好视野好,550万,38142元/平,中楼层 (共6层) | 2017年 | 3室2厅 | 144.2平米 | 东 西,https://ke-image.ljcdn.com/110000-inspection/2c363183-2d89-4d21-9690-a6d58d40e58e_1000.jpg!m_fill,w_280,h_210,f_jpg?from=ke.com
20240627,丰台,丰台其它,101124516217,花园北里 满五年唯一商品房两居 精装修 采光充足,150万,26786元/平,高楼层 (共6层) 2室1厅 | 56平米 | 南 北,https://ke-image.ljcdn.com/110000-inspection/pc1_d8S4E1I3u_1.jpg!m_fill,w_280,h_210,f_jpg?from=ke.com
20240627,丰台,丰台其它,101124503350,燕西华府 4室1厅 南 北,1380万,39539元/平,底层 (共2层) 4室1厅 | 349.03平米 | 南 北,https://ke-image.ljcdn.com/110000-inspection/pc1_A0fCW3bcT_2.jpg!m_fill,w_280,h_210,f_jpg?from=ke.com
20240627,丰台,丰台其它,101124500780,燕西华府 4室2厅 东 南房主自荐,852万,43545元/平,底层 (共3层) 4室2厅 | 195.66平米 | 东 南,https://ke-image.ljcdn.com/110000-inspection/pc1_s2lpBqjsK.jpg!m_fill,w_280,h_210,f_jpg?from=ke.com
20240627,丰台,丰台其它,101124495054,汤泉墅满五唯一南北朝向带电梯 视野开阔,290万,35981元/平,中楼层 (共6层) 2室1厅 | 80.6平米 | 南 北,https://ke-image.ljcdn.com/110000-inspection/pc1_5i3bGlz4q_1.jpg!m_fill,w_280,h_210,f_jpg?from=ke.com
20240627,丰台,丰台其它,101124485722,位置好不临街楼层好次顶层边户型阳台多,650万,41654元/平,高楼层 (共6层) 3室2厅 | 156.05平米 | 南 西 北,https://ke-image.ljcdn.com/110000-inspection/pc1_2hUZoNscu_2.jpg!m_fill,w_280,h_210,f_jpg?from=ke.com
20240627,丰台,丰台其它,101124485261,山语城三区/云岗西路28号院一区/中国铁建北京山语,645万,47201元/平,顶层 (共6层) 7室2厅 | 136.65平米 | 南 北,https://ke-image.ljcdn.com/110000-inspection/pc1_SiNc2xwgs.jpg!m_fill,w_280,h_210,f_jpg?from=ke.com
20240627,丰台,丰台其它,101124484054,山语城三区/山语城/云岗西路28号院三区,670万,49110元/平,顶层 (共6层) 4室2厅 | 136.43平米 | 南 北,https://ke-image.ljcdn.com/110000-inspection/pc1_zjTvOeh40_2.jpg!m_fill,w_280,h_210,f_jpg?from=ke.com
20240627,丰台,丰台其它,101124449935,汤泉墅电梯花园洋房满五唯一精装修采光无遮挡,220万,39913元/平,中楼层 (共6层) | 2011年 | 1室1厅 | 55.12平米 | 南,https://ke-image.ljcdn.com/110000-inspection/pc1_cIUMypscV.jpg!m_fill,w_280,h_210,f_jpg?from=ke.com
20240627,丰台,丰台其它,101124446492,燕西华府 业主精装 看房随时 家具家电可留,295万,33432元/平,底层 (共6层) 2室1厅 | 88.24平米 | 南 北,https://ke-image.ljcdn.com/110000-inspection/pc1_Ie8dvLYnO_1.jpg!m_fill,w_280,h_210,f_jpg?from=ke.com
20240627,丰台,丰台其它,101124446555,燕西华府  私家电梯 精装联排别墅,1500万,41065元/平,底层 (共3层) 4室3厅 | 365.28平米 | 南 北,https://ke-image.ljcdn.com/110000-inspection/1c35f2c6-9bfb-4fd4-8136-d16357c8f49e_1000.jpg!m_fill,w_280,h_210,f_jpg?from=ke.com
20240627,丰台,丰台其它,101124446465,燕西华府 3室2厅 南 北,1110万,35886元/平,底层 (共4层) 3室2厅 | 309.32平米 | 南 北,https://ke-image.ljcdn.com/110000-inspection/pc1_lhcG7f38s_1.jpg!m_fill,w_280,h_210,f_jpg?from=ke.com
20240627,丰台,丰台其它,101124430178,领秀翡翠山A区 7室3厅 南 北,780万,44697元/平,顶层 (共6层) 7室3厅 | 174.51平米 | 南 北,https://ke-image.ljcdn.com/110000-inspection/pc1_A52wb0aH7.jpg!m_fill,w_280,h_210,f_jpg?from=ke.com
20240627,丰台,丰台其它,101124422991,满五唯一近地铁全明眼镜户型百万装修公摊小,746万,53165元/平,高楼层 (共15层) | 2014年 | 3室2厅 | 140.32平米 | 南 北,https://ke-image.ljcdn.com/110000-inspection/4459a0e0-c1db-4693-8695-c5ea44422070_1000.jpg!m_fill,w_280,h_210,f_jpg?from=ke.com
20240627,丰台,丰台其它,101124420479,汤泉墅中高楼层 满五唯一大一居采光充足 无遮挡,195万,35288元/平,中楼层 (共6层) | 2011年 | 1室0厅 | 55.26平米 | 南,https://ke-image.ljcdn.com/110000-inspection/pc1_CHzoRhHrp.jpg!m_fill,w_280,h_210,f_jpg?from=ke.com
20240627,丰台,丰台其它,101124402374,园博嘉园 2室1厅 东 西 北,388万,43689元/平,低楼层 (共15层) 2室1厅 | 88.81平米 | 东 西 北,https://ke-image.ljcdn.com/110000-inspection/pc1_3ruoptqJL_1.jpg!m_fill,w_280,h_210,f_jpg?from=ke.com
20240627,丰台,丰台其它,101124400079,燕西华府 5室2厅 南 北,995万,36007元/平,底层 (共4层) 5室2厅 | 276.34平米 | 南 北,https://ke-image.ljcdn.com/110000-inspection/pc1_Qn5bWKB83.jpg!m_fill,w_280,h_210,f_jpg?from=ke.com
20240627,丰台,丰台其它,101124399790,领秀翡翠山B区 品质大平层 次顶层 精装修,1180万,51479元/平,中楼层 (共5层) 4室2厅 | 229.22平米 | 南 北,https://ke-image.ljcdn.com/110000-inspection/pc1_Hv8z3LN2i_2.jpg!m_fill,w_280,h_210,f_jpg?from=ke.com
20240627,丰台,丰台其它,101124395372,汤泉墅 3室1厅 南 北,329万,37626元/平,顶层 (共6层) | 2011年 | 3室1厅 | 87.44平米 | 南 北,https://ke-image.ljcdn.com/110000-inspection/pc1_BE6YiG0c2.jpg!m_fill,w_280,h_210,f_jpg?from=ke.com
20240627,丰台,丰台其它,101124391545,山语城三区 3室2厅 南 北,577万,42268元/平,中楼层 (共5层) 3室2厅 | 136.51平米 | 南 北,https://ke-image.ljcdn.com/110000-inspection/pc1_217eca0ZE.jpg!m_fill,w_280,h_210,f_jpg?from=ke.com
20240627,丰台,丰台其它,101124391416,西山甲一号 纯商品房精装修 看房方便,1200万,81934元/平,底层 (共19层) 5室3厅 | 146.46平米 | 南 北,https://ke-image.ljcdn.com/110000-inspection/pc1_nrfwzOXLa_1.jpg!m_fill,w_280,h_210,f_jpg?from=ke.com
20240627,丰台,丰台其它,101124387962,燕西华府 精装联排 空间宽敞无户口  西边户,1526万,41541元/平,底层 (共3层) 5室3厅 | 367.35平米 | 南 北,https://ke-image.ljcdn.com/110000-inspection/pc1_65egSIy8s_2.jpg!m_fill,w_280,h_210,f_jpg?from=ke.com
20240627,丰台,丰台其它,101124386884,燕西华府一层下跃低密度公园洋房楼龄新环境好,690万,37125元/平,底层 (共6层) 5室2厅 | 185.86平米 | 南 北,https://ke-image.ljcdn.com/110000-inspection/777e2b30-e643-4caf-a357-6e499e5f0f44_1000.jpg!m_fill,w_280,h_210,f_jpg?from=ke.com
20240627,丰台,丰台其它,101124357920,山语城三区 6室3厅 南 北,1100万,63449元/平,底层 (共6层) 6室3厅 | 173.37平米 | 南 北,https://ke-image.ljcdn.com/110000-inspection/pc1_THa1cENRI.jpg!m_fill,w_280,h_210,f_jpg?from=ke.com
20240627,丰台,丰台其它,101124347560,山语城三区 3室1厅 南 北,580万,42513元/平,低楼层 (共6层) 3室1厅 | 136.43平米 | 南 北,https://ke-image.ljcdn.com/110000-inspection/960ad197-1f66-4d18-b2b8-8927d0db8843_1000.jpg!m_fill,w_280,h_210,f_jpg?from=ke.com
20240627,丰台,丰台其它,101124346079,山语城三区顶层复式精装修南北通透满五唯一,670万,48945元/平,顶层 (共6层) 5室1厅 | 136.89平米 | 南 北,https://ke-image.ljcdn.com/110000-inspection/pc1_P1CwCOpnM_2.jpg!m_fill,w_280,h_210,f_jpg?from=ke.com
20240627,丰台,丰台其它,101124346051,燕西华府 上叠别墅 南面看水系 有产权车位,700万,37382元/平,中楼层 (共4层) 2室1厅 | 187.26平米 | 南 北,https://ke-image.ljcdn.com/110000-inspection/pc1_0S9AiGxVi_2.jpg!m_fill,w_280,h_210,f_jpg?from=ke.com
20240627,丰台,丰台其它,101124345890,房子在小区中间位置纯南向视野开阔采光好,259万,35330元/平,高楼层 (共6层) 1室1厅 | 73.31平米 | 南,https://ke-image.ljcdn.com/110000-inspection/pc1_ZTzbd7O2D.jpg!m_fill,w_280,h_210,f_jpg?from=ke.com
20240627,丰台,丰台其它,101124345829,汤泉墅 2室1厅 南 北,355万,36467元/平,底层 (共6层) 2室1厅 | 97.35平米 | 南 北,https://ke-image.ljcdn.com/110000-inspection/pc1_smD8aYNvD.jpg!m_fill,w_280,h_210,f_jpg?from=ke.com
20240627,丰台,丰台其它,101124345551,山语城一区 精装修 大三居 电梯入户 满五唯一,570万,41374元/平,中楼层 (共6层) 3室2厅 | 137.77平米 | 南 北,https://ke-image.ljcdn.com/110000-inspection/f0474c4a-b6ed-4b32-8a02-47ae473ff16e_1000.jpg!m_fill,w_280,h_210,f_jpg?from=ke.com
20240627,丰台,丰台其它,101124345525,领秀翡翠山B区 6室1厅 南 西 北,998万,60266元/平,底层 (共5层) | 2017年 | 6室1厅 | 165.6平米 | 南 西 北,https://ke-image.ljcdn.com/110000-inspection/39c402b0-981f-467d-bd77-3f0a479508e4_1000.jpg!m_fill,w_280,h_210,f_jpg?from=ke.com
20240627,丰台,丰台其它,101124345333,山语城三区四居两卫适合改善电梯洋房社区,639万,40263元/平,中楼层 (共6层) 4室2厅 | 158.71平米 | 南 北,https://ke-image.ljcdn.com/110000-inspection/pc1_Ut4paXfJr.jpg!m_fill,w_280,h_210,f_jpg?from=ke.com
20240627,丰台,丰台其它,101124345353,山语城三区 2室2厅 南 北,445万,42153元/平,底层 (共6层) 2室2厅 | 105.57平米 | 南 北,https://ke-image.ljcdn.com/110000-inspection/pc1_ZggVepxYh.jpg!m_fill,w_280,h_210,f_jpg?from=ke.com
20240627,丰台,丰台其它,101124345071,汤泉墅 1室1厅 南,230万,42087元/平,底层 (共6层) 1室1厅 | 54.65平米 | 南,https://ke-image.ljcdn.com/110000-inspection/pc1_YR34kfbto.jpg!m_fill,w_280,h_210,f_jpg?from=ke.com
20240627,丰台,丰台其它,101124345002,山语城 4室2厅 南 北,559万,44767元/平,顶层 (共6层) 4室2厅 | 124.87平米 | 南 北,https://ke-image.ljcdn.com/110000-inspection/18abf967-aecc-46dc-93c1-023043f60376_1000.jpg!m_fill,w_280,h_210,f_jpg?from=ke.com
20240627,丰台,丰台其它,101124343860,此房满五唯一电梯南北通透大四居精装修小区环境好,535万,47696元/平,顶层 (共6层) 4室2厅 | 112.17平米 | 南 北,https://ke-image.ljcdn.com/110000-inspection/pc1_YYCJLOdPi.jpg!m_fill,w_280,h_210,f_jpg?from=ke.com
20240627,丰台,丰台其它,101124343501,汤泉墅南北通透两居室卫生间带窗户电梯洋房,299万,36464元/平,中楼层 (共6层) 2室1厅 | 82平米 | 南 北,https://ke-image.ljcdn.com/110000-inspection/pc1_WxB4KSD4g.jpg!m_fill,w_280,h_210,f_jpg?from=ke.com
20240627,丰台,丰台其它,101124342541,燕西华府 独栋别墅 精装修 拎包入住,3500万,57214元/平,底层 (共3层) 5室2厅 | 611.74平米 | 南 北,https://ke-image.ljcdn.com/110000-inspection/pc1_rtbjSubwG_2.jpg!m_fill,w_280,h_210,f_jpg?from=ke.com
20240627,丰台,丰台其它,101124341259,山语城一区 3室2厅 南 北,510万,43940元/平,底层 (共6层) | 2012年 | 3室2厅 | 116.07平米 | 南 北,https://ke-image.ljcdn.com/110000-inspection/pc1_0Jwf0wzkC.jpg!m_fill,w_280,h_210,f_jpg?from=ke.com
20240627,丰台,丰台其它,101124341247,汤泉墅 3室2厅 南 北,699万,34175元/平,底层 (共6层) | 2015年 | 3室2厅 | 204.54平米 | 南 北,https://ke-image.ljcdn.com/110000-inspection/5d88dd8f-a160-4518-a4d3-a8873d4c9a8a_1000.jpg!m_fill,w_280,h_210,f_jpg?from=ke.com
20240627,丰台,丰台其它,101124341108,汤泉墅 大两居 全明格局 业主诚心出售 价格可谈,319万,33278元/平,中楼层 (共6层) 2室1厅 | 95.86平米 | 南 北,https://ke-image.ljcdn.com/110000-inspection/pc1_yGR1vR80I_2.jpg!m_fill,w_280,h_210,f_jpg?from=ke.com
20240627,丰台,丰台其它,101124341115,汤泉墅精装修 大三居南北通透户型 环境优美宜居住,423万,32776元/平,底层 (共6层) 3室1厅 | 129.06平米 | 南 北,https://ke-image.ljcdn.com/110000-inspection/93587ab6-af4c-47fc-a938-b4b2cf801333_1000.jpg!m_fill,w_280,h_210,f_jpg?from=ke.com
20240627,丰台,丰台其它,101124339719,汤泉墅南北三居室两个卫生间带窗户电梯洋房,590万,36133元/平,中楼层 (共6层) 3室1厅 | 163.29平米 | 南 北,https://ke-image.ljcdn.com/110000-inspection/37afbdbe-ab5f-4d64-bd34-4829cb930d5f_1000.jpg!m_fill,w_280,h_210,f_jpg?from=ke.com
20240627,丰台,丰台其它,101124339087,汤泉墅 南北通透 采光好 高楼层,308万,38718元/平,高楼层 (共6层) 2室1厅 | 79.55平米 | 南 北,https://ke-image.ljcdn.com/110000-inspection/pc1_SqEaPCt3s_2.jpg!m_fill,w_280,h_210,f_jpg?from=ke.com
20240627,丰台,丰台其它,101124338897,山语城精装修 满五唯一小区中间位置  电梯独立入,688万,43198元/平,低楼层 (共6层) | 2012年 | 4室1厅 | 159.27平米 | 东 南 北,https://ke-image.ljcdn.com/110000-inspection/pc1_DlOxbDgTl.jpg!m_fill,w_280,h_210,f_jpg?from=ke.com
20240627,丰台,丰台其它,101124331080,满五唯一费用少中间楼层看房方便有钥匙,125万,23192元/平,中楼层 (共6层) 2室1厅 | 53.9平米 | 南 北,https://ke-image.ljcdn.com/110000-inspection/pc1_S8LRzzMlj_1.jpg!m_fill,w_280,h_210,f_jpg?from=ke.com
20240627,丰台,丰台其它,101124326166,玉皇庄小区 1室1厅 南,136万,32182元/平,中楼层 (共6层) 1室1厅 | 42.26平米 | 南,https://ke-image.ljcdn.com/110000-inspection/pc1_ty1w2DrIw_1.jpg!m_fill,w_280,h_210,f_jpg?from=ke.com
20240627,丰台,丰台其它,101124323120,珠光逸景二期 2室1厅 南 北,360万,46001元/平,顶层 (共5层) | 2014年 | 2室1厅 | 78.26平米 | 南 北,https://ke-image.ljcdn.com/110000-inspection/pc1_Fijub4wPG_1.jpg!m_fill,w_280,h_210,f_jpg?from=ke.com
20240627,丰台,丰台其它,101124268656,店长推荐 汤泉墅一居室 南北通透 全明格局,176万,33723元/平,中楼层 (共6层) 1室1厅 | 52.19平米 | 南 北,https://ke-image.ljcdn.com/110000-inspection/pc1_UFssITCQj.jpg!m_fill,w_280,h_210,f_jpg?from=ke.com
20240627,丰台,丰台其它,101124247754,卢西嘉园小区  南北向中间楼层  前后无遮挡,310万,38372元/平,中楼层 (共6层) 2室1厅 | 80.79平米 | 南 北,https://ke-image.ljcdn.com/110000-inspection/pc1_Qigi0csxh_1.jpg!m_fill,w_280,h_210,f_jpg?from=ke.com
20240627,丰台,丰台其它,101124235313,满五年唯一 人车分流 地铁14号线 出行便利 诚心卖,410万,46016元/平,中楼层 (共15层) | 2015年 | 2室1厅 | 89.1平米 | 东 西 北,https://ke-image.ljcdn.com/110000-inspection/pc1_bxqFvWTNB_1.jpg!m_fill,w_280,h_210,f_jpg?from=ke.com
20240627,丰台,丰台其它,101124200161,南宫雅苑二期 3室2厅 南 北,498万,38861元/平,中楼层 (共5层) | 2009年 | 3室2厅 | 128.15平米 | 南 北,https://ke-image.ljcdn.com/110000-inspection/pc1_yXnRQpeaY.jpg!m_fill,w_280,h_210,f_jpg?from=ke.com
20240627,丰台,丰台其它,101124163668,汤泉墅  满五唯一  精装修 南北通透,495万,40182元/平,中楼层 (共6层) | 2013年 | 3室1厅 | 123.19平米 | 南 北,https://ke-image.ljcdn.com/110000-inspection/pc1_uLzXd4ZF1_1.jpg!m_fill,w_280,h_210,f_jpg?from=ke.com
20240627,丰台,丰台其它,101124159076,山语城三区 3室1厅 东 南 北,575万,42774元/平,低楼层 (共6层) | 2014年 | 3室1厅 | 134.43平米 | 东 南 北,https://ke-image.ljcdn.com/110000-inspection/ed47be2c-0131-4baa-999a-038e25e127a9_1000.jpg!m_fill,w_280,h_210,f_jpg?from=ke.com
20240627,丰台,丰台其它,101124159084,汤泉墅满五唯一一室一厅小区环境优美6层带电梯,198万,36231元/平,低楼层 (共6层) 1室1厅 | 54.65平米 | 南,https://ke-image.ljcdn.com/110000-inspection/pc1_8SyySMY7o.jpg!m_fill,w_280,h_210,f_jpg?from=ke.com
20240627,丰台,丰台其它,101124158214,山语城三区 5室3厅 南 北,730万,45973元/平,顶层 (共6层) 5室3厅 | 158.79平米 | 南 北,https://ke-image.ljcdn.com/110000-inspection/pc1_ZhSCDayL5.jpg!m_fill,w_280,h_210,f_jpg?from=ke.com
20240627,丰台,丰台其它,101124157036,汤泉墅满五唯一南北通透三居室装修保持好房主自荐,289万,31822元/平,顶层 (共6层) 3室1厅 | 90.82平米 | 南 北,https://ke-image.ljcdn.com/110000-inspection/pc1_mlb513qmJ_2.jpg!m_fill,w_280,h_210,f_jpg?from=ke.com
20240627,丰台,丰台其它,101124156862,满五唯一 南北通透 精装修  中高楼层 采光无遮挡,285万,34748元/平,中楼层 (共6层) 2室1厅 | 82.02平米 | 南 北,https://ke-image.ljcdn.com/110000-inspection/pc1_D9xVdn9So_2.jpg!m_fill,w_280,h_210,f_jpg?from=ke.com
20240627,丰台,丰台其它,101124155184,建设二里  精装修  三居室  满五年  价格优质,146万,22601元/平,顶层 (共6层) 3室1厅 | 64.6平米 | 南 北,https://ke-image.ljcdn.com/110000-inspection/pc1_eXuQUEjut_1.jpg!m_fill,w_280,h_210,f_jpg?from=ke.com
20240627,丰台,丰台其它,101124117043,新联排位置好大面宽短进深五层的空间,1280万,36654元/平,底层 (共2层) 4室1厅 | 349.22平米 | 南 北,https://ke-image.ljcdn.com/110000-inspection/pc1_TXmWwGcHq.jpg!m_fill,w_280,h_210,f_jpg?from=ke.com
20240627,丰台,丰台其它,101124067265,复式结构所在楼栋位置好前后不临街,1400万,62970元/平,顶层 (共4层) | 2015年 | 6室1厅 | 222.33平米 | 南 西 北,https://ke-image.ljcdn.com/110000-inspection/d2fcde2d-5d89-45ad-9a47-50c6d4af2758_1000.jpg!m_fill,w_280,h_210,f_jpg?from=ke.com
20240627,丰台,丰台其它,101124045036,山语城三区 户型好 南北通透 精装修,670万,42347元/平,高楼层 (共6层) 4室1厅 | 158.22平米 | 南 北,https://ke-image.ljcdn.com/110000-inspection/pc1_NE1Ezfror.jpg!m_fill,w_280,h_210,f_jpg?from=ke.com
20240627,丰台,丰台其它,101124013969,卢西嘉园 正规两居室 诚心出售 户型方正,228万,28997元/平,顶层 (共6层) 2室1厅 | 78.63平米 | 南 北,https://ke-image.ljcdn.com/110000-inspection/pc1_ZV0Bg8l1U.jpg!m_fill,w_280,h_210,f_jpg?from=ke.com
20240627,丰台,丰台其它,101124002219,位置好不临大马路楼间距大采光好有车位,620万,39772元/平,低楼层 (共6层) 3室2厅 | 155.89平米 | 南 北,https://ke-image.ljcdn.com/110000-inspection/pc1_QVSt6vCPU.jpg!m_fill,w_280,h_210,f_jpg?from=ke.com
20240627,丰台,丰台其它,101124001903,燕西华府水系旁独栋产品自带电梯使用空间大,2990万,50198元/平,底层 (共3层) 5室2厅 | 595.65平米 | 南 北,https://ke-image.ljcdn.com/110000-inspection/pc1_WE96WbZSV_2.jpg!m_fill,w_280,h_210,f_jpg?from=ke.com
20240627,丰台,丰台其它,101123990271,远眺西山美景近临小区水系花园好位置上叠边户型,900万,36438元/平,中楼层 (共4层) 3室3厅 | 247平米 | 南 北,https://ke-image.ljcdn.com/110000-inspection/pc1_qvnQUCuxE_2.jpg!m_fill,w_280,h_210,f_jpg?from=ke.com
20240627,丰台,丰台其它,101123990170,汤泉墅 满五唯一  洋房社区 采光好不遮挡,420万,43264元/平,高楼层 (共6层) 2室1厅 | 97.08平米 | 南 北,https://ke-image.ljcdn.com/110000-inspection/53cb10a4-882f-4b8f-af3f-68a42a9a2538_1000.jpg!m_fill,w_280,h_210,f_jpg?from=ke.com
20240627,丰台,丰台其它,101123983844,领秀翡翠山A区有独立的电梯厅毛坯房楼间距大,626万,39280元/平,低楼层 (共6层) | 2014年 | 3室2厅 | 159.37平米 | 南 北,https://ke-image.ljcdn.com/110000-inspection/pc1_APuyqqL96.jpg!m_fill,w_280,h_210,f_jpg?from=ke.com
20240627,丰台,丰台其它,101123947720,燕西华府  好位置大上叠 有未封闭阳台 花园相当优质,830万,36442元/平,中楼层 (共4层) 4室2厅 | 227.76平米 | 南 北,https://ke-image.ljcdn.com/110000-inspection/pc1_uBXF1wxMV.jpg!m_fill,w_280,h_210,f_jpg?from=ke.com
20240627,丰台,丰台其它,101123935949,杜家坎小区 2室1厅 南 北,180万,27369元/平,顶层 (共6层) 2室1厅 | 65.77平米 | 南 北,https://ke-image.ljcdn.com/110000-inspection/pc1_dIv4KpTMY_1.jpg!m_fill,w_280,h_210,f_jpg?from=ke.com
20240627,丰台,丰台其它,101123924129,南北通透满两年视野好无遮挡小区中间,325万,38133元/平,高楼层 (共19层) 3室1厅 | 85.23平米 | 南 北,https://ke-image.ljcdn.com/110000-inspection/pc1_zhuQzG0ej_1.jpg!m_fill,w_280,h_210,f_jpg?from=ke.com
20240627,丰台,丰台其它,101123924121,红山郡高楼层三居室视野开阔采光好出售,281万,33098元/平,高楼层 (共21层) 3室1厅 | 84.9平米 | 南 北,https://ke-image.ljcdn.com/110000-inspection/pc1_GxVQwUfJw_1.jpg!m_fill,w_280,h_210,f_jpg?from=ke.com
20240627,丰台,丰台其它,101123887805,好位置边户型精美装修有车位诚意出售,1550万,42206元/平,底层 (共3层) | 2013年 | 5室3厅 | 367.25平米 | 南 北 西,https://ke-image.ljcdn.com/110000-inspection/8f8eb253-66d0-4b2a-b83f-79b697133f82_1000.jpg!m_fill,w_280,h_210,f_jpg?from=ke.com
20240627,丰台,丰台其它,101123884701,汤泉墅 满五唯一 精装修 复式结构 三居室房主自荐,335万,35616元/平,顶层 (共6层) 3室2厅 | 94.06平米 | 南 北,https://ke-image.ljcdn.com/110000-inspection/0d3f82ae-b842-451c-84ae-b825ac1774f1_1000.jpg!m_fill,w_280,h_210,f_jpg?from=ke.com
20240627,丰台,丰台其它,101123880025,领秀翡翠山B区中间楼栋东边户视野好精装修,996万,43102元/平,中楼层 (共4层) 5室2厅 | 231.08平米 | 南 北,https://ke-image.ljcdn.com/110000-inspection/pc1_4Bd5eojTZ.jpg!m_fill,w_280,h_210,f_jpg?from=ke.com
20240627,丰台,丰台其它,101123868956,熙悦天寰 3室1厅 南 北,508万,56640元/平,底层 (共9层) 3室1厅 | 89.69平米 | 南 北,https://ke-image.ljcdn.com/110000-inspection/pc1_r2uaLIy8t_1.jpg!m_fill,w_280,h_210,f_jpg?from=ke.com
20240627,丰台,丰台其它,101123855075,燕西华府东边户 只有一个契税 精装修 高楼层,780万,55711元/平,高楼层 (共6层) 3室2厅 | 140.01平米 | 南 北 东,https://ke-image.ljcdn.com/110000-inspection/7297ce0e-adb1-4e72-b305-0e6a685e52f1_1000.jpg!m_fill,w_280,h_210,f_jpg?from=ke.com
20240627,丰台,丰台其它,101123853177,卢西嘉园   南北通透三居室   边户视野好,310万,32015元/平,高楼层 (共6层) 3室1厅 | 96.83平米 | 南 北,https://ke-image.ljcdn.com/110000-inspection/pc1_RLyZWOIg9_1.jpg!m_fill,w_280,h_210,f_jpg?from=ke.com
20240627,丰台,丰台其它,101123853060,卢西嘉园   中间楼层两居室   前后无遮挡  采光好,286万,36378元/平,中楼层 (共6层) 2室1厅 | 78.62平米 | 南 北,https://ke-image.ljcdn.com/110000-inspection/pc1_4Y7mocaEJ_1.jpg!m_fill,w_280,h_210,f_jpg?from=ke.com
20240627,丰台,丰台其它,101123827243,五环联排别墅 满五年商品房 小区绿化充足 前后花园,750万,29925元/平,底层 (共3层) 5室3厅 | 250.63平米 | 南,https://ke-image.ljcdn.com/110000-inspection/pc1_pJe3VxC4p_1.jpg!m_fill,w_280,h_210,f_jpg?from=ke.com
20240627,丰台,丰台其它,101123802674,崔村二里 3室1厅 南 北,235万,31642元/平,底层 (共5层) 3室1厅 | 74.27平米 | 南 北,https://ke-image.ljcdn.com/110000-inspection/pc1_uTpWXvO70_1.jpg!m_fill,w_280,h_210,f_jpg?from=ke.com
20240627,丰台,丰台其它,101123795134,房子7月22日满两年明厨明卫南北通透无遮挡,262万,30234元/平,低楼层 (共18层) | 2017年 | 3室1厅 | 86.66平米 | 南 北,https://ke-image.ljcdn.com/110000-inspection/b19a93ec-4b1f-4f4c-8b70-4e92d91c0144_1000.jpg!m_fill,w_280,h_210,f_jpg?from=ke.com
20240627,丰台,丰台其它,101123793384,建设三里 2室1厅 南 北,159万,23476元/平,低楼层 (共6层) 2室1厅 | 67.73平米 | 南 北,https://ke-image.ljcdn.com/110000-inspection/pc1_3fBuR2ezd_1.jpg!m_fill,w_280,h_210,f_jpg?from=ke.com
20240627,丰台,丰台其它,101123776361,燕西华府有电梯顶层采光无遮挡,270万,36384元/平,顶层 (共6层) | 2016年 | 1室1厅 | 74.21平米 | 南,https://ke-image.ljcdn.com/110000-inspection/pc1_j8kepnDkW_1.jpg!m_fill,w_280,h_210,f_jpg?from=ke.com
20240627,丰台,丰台其它,101123772679,园博府 4室2厅 西 南 北,1650万,53607元/平,顶层 (共18层) | 2014年 | 4室2厅 | 307.8平米 | 西 南 北,https://ke-image.ljcdn.com/110000-inspection/pc1_I5yj0jtrJ_1.jpg!m_fill,w_280,h_210,f_jpg?from=ke.com
20240627,丰台,丰台其它,101123752056,领秀翡翠山B区顶层复式结构精装修全明格局,650万,47191元/平,顶层 (共6层) 3室2厅 | 137.74平米 | 南 北,https://ke-image.ljcdn.com/110000-inspection/pc1_m6uDQCnWo_2.jpg!m_fill,w_280,h_210,f_jpg?from=ke.com
20240627,丰台,丰台其它,101123734486,房子满五唯一精装修采光好。,430万,46397元/平,顶层 (共6层) 4室2厅 | 92.68平米 | 南 北,https://ke-image.ljcdn.com/110000-inspection/pc1_9oOGP4Ve0_2.jpg!m_fill,w_280,h_210,f_jpg?from=ke.com
20240627,丰台,丰台其它,101123667969,汤泉墅全明格局 南北通透一居室  楼前无遮挡 采光充足,199万,38425元/平,中楼层 (共6层) 1室1厅 | 51.79平米 | 南 北,https://ke-image.ljcdn.com/110000-inspection/pc1_BZntOKq6t_2.jpg!m_fill,w_280,h_210,f_jpg?from=ke.com
20240627,丰台,丰台其它,101123663207,卢西嘉园 3室1厅 南 北,349万,36268元/平,顶层 (共6层) 3室1厅 | 96.23平米 | 南 北,https://ke-image.ljcdn.com/110000-inspection/pc1_ieG5T7apg_1.jpg!m_fill,w_280,h_210,f_jpg?from=ke.com
20240627,丰台,丰台其它,101123662666,一层出行方便小区中间位置采光井采光面积大,700万,51313元/平,底层 (共6层) | 2016年 | 7室1厅 | 136.42平米 | 南 北,https://ke-image.ljcdn.com/110000-inspection/dfbd9de5-6912-4a20-8032-63dc0e859128_1000.jpg!m_fill,w_280,h_210,f_jpg?from=ke.com
20240627,丰台,丰台其它,101123661776,精装修 自住保持好 温泉水直接入户洋房社区,465万,37416元/平,中楼层 (共6层) 3室1厅 | 124.28平米 | 南 北,https://ke-image.ljcdn.com/110000-inspection/pc1_I7O8Kr6RG_2.jpg!m_fill,w_280,h_210,f_jpg?from=ke.com
20240627,丰台,丰台其它,101123640069,中体奥林匹克花园二期 6室5厅 南 北,1396万,47707元/平,底层 (共3层) | 2008年 | 6室5厅 | 292.62平米 | 南 北,https://ke-image.ljcdn.com/110000-inspection/pc1_elBfnMVWM_1.jpg!m_fill,w_280,h_210,f_jpg?from=ke.com
20240627,丰台,丰台其它,101123558801,山语城一区 满五唯一 南北通透。,518万,43366元/平,底层 (共6层) 3室1厅 | 119.45平米 | 南 北,https://ke-image.ljcdn.com/110000-inspection/pc1_ComJPX0QB.jpg!m_fill,w_280,h_210,f_jpg?from=ke.com
20240627,丰台,丰台其它,101123532903,卢西嘉园  南北通透精装三居室   前后无遮挡采光好,458万,34533元/平,高楼层 (共6层) | 2006年 | 3室1厅 | 132.63平米 | 南 北 西,https://ke-image.ljcdn.com/110000-inspection/pc1_uSnr1nnqp_1.jpg!m_fill,w_280,h_210,f_jpg?from=ke.com
20240627,丰台,丰台其它,101123514244,南宫雅苑二期满五唯一南北格局采光充足中间楼栋,179万,22908元/平,顶层 (共5层) 3室1厅 | 78.14平米 | 南,https://ke-image.ljcdn.com/110000-inspection/0793d4eb-8206-4e97-9b19-037f5e70956f_1000.jpg!m_fill,w_280,h_210,f_jpg?from=ke.com
20240627,丰台,丰台其它,101123509214,南宫雅苑一期户型南北通透高楼层视野好采光好,288万,32437元/平,高楼层 (共6层) 2室1厅 | 88.79平米 | 南 北,https://ke-image.ljcdn.com/110000-inspection/403e0a91-a7b5-4538-bb45-a9d34449ebd6_1000.jpg!m_fill,w_280,h_210,f_jpg?from=ke.com
20240627,丰台,丰台其它,101123497751,一层出行方便小区中间位置采光井采光面积大,770万,50836元/平,底层 (共6层) 5室3厅 | 151.47平米 | 南 北,https://ke-image.ljcdn.com/110000-inspection/pc1_jh3nWGeNf.jpg!m_fill,w_280,h_210,f_jpg?from=ke.com
20240627,丰台,丰台其它,101123477578,南宫雅苑一期 南北通透 双卫 中间层好位置,450万,34936元/平,中楼层 (共6层) 3室2厅 | 128.81平米 | 南 北,https://ke-image.ljcdn.com/110000-inspection/ae761ea0-fcd0-4477-abcd-32e0cf4f0b64_1000.jpg!m_fill,w_280,h_210,f_jpg?from=ke.com
20240627,丰台,丰台其它,101123474344,领秀翡翠山B区精装四居拎包入住,635万,40142元/平,中楼层 (共6层) 4室2厅 | 158.19平米 | 南 北,https://ke-image.ljcdn.com/110000-inspection/pc1_LD0Y0vYMB_2.jpg!m_fill,w_280,h_210,f_jpg?from=ke.com
20240627,丰台,丰台其它,101123465458,满五唯一南北通透复式结构房本只体现一层的面积,473万,40836元/平,顶层 (共6层) | 2015年 | 4室2厅 | 115.83平米 | 南 北,https://ke-image.ljcdn.com/110000-inspection/da3bedf3-c4f1-4f1f-88b5-e37ff78cc22d_1000.jpg!m_fill,w_280,h_210,f_jpg?from=ke.com
20240627,丰台,丰台其它,101123445153,复式结构视野采光好户型方正南北通透房主自荐,660万,48285元/平,顶层 (共6层) 5室2厅 | 136.69平米 | 南 北,https://ke-image.ljcdn.com/110000-inspection/pc1_Ctrtzp8Jq.jpg!m_fill,w_280,h_210,f_jpg?from=ke.com
20240627,丰台,丰台其它,101123440946,燕西华府 联排别墅  纯毛坯 东边户,1270万,33950元/平,底层 (共3层) | 2013年 | 5室2厅 | 374.09平米 | 南 北,https://ke-image.ljcdn.com/110000-inspection/pc1_v4I1I1Ktg_1.jpg!m_fill,w_280,h_210,f_jpg?from=ke.com
20240627,丰台,丰台其它,101123422031,领秀翡翠山B区别墅区毛坯采光好,960万,52297元/平,中楼层 (共4层) 4室2厅 | 183.57平米 | 南 北,https://ke-image.ljcdn.com/110000-inspection/pc1_kyrO6Ikx6.jpg!m_fill,w_280,h_210,f_jpg?from=ke.com
20240627,丰台,丰台其它,101123416951,《店长推荐》满五唯一 精装修 拎包入住,208万,39855元/平,高楼层 (共6层) 1室1厅 | 52.19平米 | 南 北,https://ke-image.ljcdn.com/110000-inspection/291e411a-3ff3-4adf-965e-fc113c60ded5_1000.jpg!m_fill,w_280,h_210,f_jpg?from=ke.com
20240627,丰台,丰台其它,101123415280,燕西书院合院毛坯南端户采光无遮挡,985万,37656元/平,底层 (共3层) | 2021年 | 5室2厅 | 261.58平米 | 南 西,https://ke-image.ljcdn.com/110000-inspection/32ae8484-0768-4587-9649-5ce58df81b1b_1000.jpg!m_fill,w_280,h_210,f_jpg?from=ke.com
20240627,丰台,丰台其它,101123405419,领秀翡翠山A区洋房中间位置视野好。,1050万,46256元/平,中楼层 (共4层) 4室2厅 | 227平米 | 南 北,https://ke-image.ljcdn.com/110000-inspection/pc1_JRNKAhktV.jpg!m_fill,w_280,h_210,f_jpg?from=ke.com
20240627,丰台,丰台其它,101123404937,燕西华府 精装大下叠 满两年 边户花  园大,1400万,48368元/平,底层 (共4层) 5室2厅 | 289.45平米 | 南 北,https://ke-image.ljcdn.com/110000-inspection/e7971d91-774e-449b-a2f6-6eff516ed670_1000.jpg!m_fill,w_280,h_210,f_jpg?from=ke.com
20240627,丰台,丰台其它,101123398315,东山坡一里 满五年 南北通透 诚心出售,178万,28664元/平,低楼层 (共6层) 2室1厅 | 62.1平米 | 南 北,https://ke-image.ljcdn.com/110000-inspection/pc1_3xFJo5RIL_1.jpg!m_fill,w_280,h_210,f_jpg?from=ke.com
20240627,丰台,丰台其它,101123389200,燕西华府客厅朝阳三个卧室朝阳高楼层视野好,880万,51526元/平,顶层 (共5层) 4室2厅 | 170.79平米 | 南 北,https://ke-image.ljcdn.com/110000-inspection/pc1_DzIpOUADz.jpg!m_fill,w_280,h_210,f_jpg?from=ke.com
20240627,丰台,丰台其它,101123377091,中体奥林匹克花园三期 5室3厅 南 北,1100万,41454元/平,底层 (共3层) 5室3厅 | 265.36平米 | 南 北,https://ke-image.ljcdn.com/110000-inspection/pc1_YnzPeMGmu_1.jpg!m_fill,w_280,h_210,f_jpg?from=ke.com
20240627,丰台,丰台其它,101123350773,东山坡三里 2室2厅 东 西,305万,25074元/平,顶层 (共6层) | 2004年 | 2室2厅 | 121.64平米 | 东 西,https://ke-image.ljcdn.com/110000-inspection/pc1_cBeN5bOQ4_1.jpg!m_fill,w_280,h_210,f_jpg?from=ke.com
20240627,丰台,丰台其它,101123298079,张郭庄小区 次顶层 采光好视野好,209万,26892元/平,高楼层 (共6层) 2室1厅 | 77.72平米 | 南 北,https://ke-image.ljcdn.com/110000-inspection/pc1_yhEL0rIxB_1.jpg!m_fill,w_280,h_210,f_jpg?from=ke.com
20240627,丰台,丰台其它,101123285572,南宫雅苑二期 四跃五南北通透视野采光好房主自荐,190万,24201元/平,中楼层 (共6层) 3室2厅 | 78.51平米 | 南 北,https://ke-image.ljcdn.com/110000-inspection/pc1_mCvNCeF0A.jpg!m_fill,w_280,h_210,f_jpg?from=ke.com
20240627,丰台,丰台其它,101123247816,长青路88号院 业主诚售 看房随时 拎包入住 随时签约房主自荐,1235万,68323元/平,底层 (共5层) 6室2厅 | 180.76平米 | 南 北,https://ke-image.ljcdn.com/110000-inspection/1ec80b46-01f9-486c-81c6-be4eed59ff65_1000.jpg!m_fill,w_280,h_210,f_jpg?from=ke.com
20240627,丰台,丰台其它,101123216690,南北通透户型 高品质之选 墅质洋房 看房方便,760万,40323元/平,高楼层 (共6层) 4室2厅 | 188.48平米 | 南 北,https://ke-image.ljcdn.com/110000-inspection/ed80b526-399c-4efd-afe4-1299c45d5a2e_1000.jpg!m_fill,w_280,h_210,f_jpg?from=ke.com
20240627,丰台,丰台其它,101123209736,光明里 2室1厅 南 北,249万,33143元/平,底层 (共6层) 2室1厅 | 75.13平米 | 南 北,https://ke-image.ljcdn.com/110000-inspection/pc1_syZSlj6rp_1.jpg!m_fill,w_280,h_210,f_jpg?from=ke.com
20240627,丰台,丰台其它,101123170615,中奥嘉园一期 满五唯一 正规一居室 可以贷款,165万,31405元/平,低楼层 (共13层) 1室1厅 | 52.54平米 | 南,https://ke-image.ljcdn.com/110000-inspection/pc1_qN3aKcuUt_1.jpg!m_fill,w_280,h_210,f_jpg?from=ke.com
20240627,丰台,丰台其它,101123153232,南宫雅苑二期 顶层跃层 南北通透,238万,30505元/平,顶层 (共5层) 3室1厅 | 78.02平米 | 南 北,https://ke-image.ljcdn.com/110000-inspection/pc1_pvsacnSeR_1.jpg!m_fill,w_280,h_210,f_jpg?from=ke.com
20240627,丰台,丰台其它,101123148606,燕西华府 电梯洋房方便进出 环境好,289万,32476元/平,低楼层 (共6层) 2室2厅 | 88.99平米 | 南 西,https://ke-image.ljcdn.com/110000-inspection/pc1_Q0zu6dmpV.jpg!m_fill,w_280,h_210,f_jpg?from=ke.com
20240627,丰台,丰台其它,101123114428,燕西华府联排别墅东边户两个车位,1280万,35948元/平,底层 (共3层) 5室2厅 | 356.07平米 | 南 北,https://ke-image.ljcdn.com/110000-inspection/b3be5d30-293b-487a-86f7-5422c98511dc_1000.jpg!m_fill,w_280,h_210,f_jpg?from=ke.com
20240627,丰台,丰台其它,101123112070,领秀翡翠山B区 不临路无遮挡,890万,49577元/平,底层 (共5层) 6室3厅 | 179.52平米 | 南 北,https://ke-image.ljcdn.com/110000-inspection/pc1_bRtfUxJS1.jpg!m_fill,w_280,h_210,f_jpg?from=ke.com
20240627,丰台,丰台其它,101123112056,燕西华府C区 双拼 双首层 东边户 视野好房主自荐,1695万,43067元/平,底层 (共2层) 6室3厅 | 393.58平米 | 南 北,https://ke-image.ljcdn.com/110000-inspection/26f35be1-e748-4363-80e9-10d2b763f61e_1000.jpg!m_fill,w_280,h_210,f_jpg?from=ke.com
20240627,丰台,丰台其它,101123105652,燕西华府 精装修 顶层带阁  楼  诚心出售,546万,44678元/平,顶层 (共6层) 3室2厅 | 122.21平米 | 南 北,https://ke-image.ljcdn.com/110000-inspection/77393891-4784-4627-8d69-b45808febeef_1000.jpg!m_fill,w_280,h_210,f_jpg?from=ke.com
20240627,丰台,丰台其它,101123102427,光明里 2室1厅 南 北,199万,25344元/平,低楼层 (共6层) 2室1厅 | 78.52平米 | 南 北,https://ke-image.ljcdn.com/110000-inspection/pc1_kNNvkRDU4_1.jpg!m_fill,w_280,h_210,f_jpg?from=ke.com
20240627,丰台,丰台其它,101123098822,珠光逸景二期 2室1厅 南,318万,40619元/平,底层 (共6层) 2室1厅 | 78.29平米 | 南,https://ke-image.ljcdn.com/110000-inspection/pc1_lozXErjWc_1.jpg!m_fill,w_280,h_210,f_jpg?from=ke.com
20240627,丰台,丰台其它,101123079648,四层空间客厅挑空不算面积地下两层层高算单层面积,980万,38996元/平,底层 (共4层) | 2017年 | 4室2厅 | 251.31平米 | 南 北,https://ke-image.ljcdn.com/110000-inspection/pc1_LA0GMRJXM_1.jpg!m_fill,w_280,h_210,f_jpg?from=ke.com
20240627,丰台,丰台其它,101123079156,南宫智苑 业主诚售 看房方便 随时签约 采光充足,238万,28990元/平,高楼层 (共6层) 3室1厅 | 82.1平米 | 南 北,https://ke-image.ljcdn.com/110000-inspection/cb348090-4c4c-4e5d-be4d-bd49fd4ab406_1000.jpg!m_fill,w_280,h_210,f_jpg?from=ke.com
20240627,丰台,丰台其它,101123072285,张郭庄小区 2室1厅 南房主自荐,181万,35701元/平,底层 (共6层) 2室1厅 | 50.7平米 | 南,https://ke-image.ljcdn.com/110000-inspection/pc1_6VuhQPI6n_1.jpg!m_fill,w_280,h_210,f_jpg?from=ke.com
20240627,丰台,丰台其它,101123031557,建设一里 2室1厅 南 北,159万,25159元/平,高楼层 (共6层) | 1995年 | 2室1厅 | 63.2平米 | 南 北,https://ke-image.ljcdn.com/110000-inspection/pc1_1bxkRKfOZ_1.jpg!m_fill,w_280,h_210,f_jpg?from=ke.com
20240627,丰台,丰台其它,101123028425,边户型地势高位置好采光充足；业主自住的精装修,1400万,50052元/平,底层 (共4层) 5室3厅 | 279.71平米 | 南 西 北,https://ke-image.ljcdn.com/110000-inspection/7128c239-35d2-4b71-a209-c8992aea02f3_1000.jpg!m_fill,w_280,h_210,f_jpg?from=ke.com
20240627,丰台,丰台其它,101123023498,燕西华府 顶层带阁  楼 精装三居室,578万,47389元/平,顶层 (共6层) 3室2厅 | 121.97平米 | 南 北,https://ke-image.ljcdn.com/110000-inspection/pc1_rAE0OLGYh.jpg!m_fill,w_280,h_210,f_jpg?from=ke.com
20240627,丰台,丰台其它,101123017343,领秀翡翠山B区南北通透 自住精装修,650万,41526元/平,低楼层 (共6层) | 2016年 | 4室2厅 | 156.53平米 | 南 北,https://ke-image.ljcdn.com/110000-inspection/f2ac81bc-071d-4099-a3aa-c0424812b4d2_1000.jpg!m_fill,w_280,h_210,f_jpg?from=ke.com
20240627,丰台,丰台其它,101123009972,建设二里 2室1厅 南 北,139万,22351元/平,中楼层 (共6层) 2室1厅 | 62.19平米 | 南 北,https://ke-image.ljcdn.com/110000-inspection/pc1_qdzHaTBKR_1.jpg!m_fill,w_280,h_210,f_jpg?from=ke.com
20240627,丰台,丰台其它,101123008746,领秀翡翠山B区正对中间水系前后楼间距大中式装修,999万,42737元/平,中楼层 (共4层) | 2015年 | 4室2厅 | 233.76平米 | 南 北 西,https://ke-image.ljcdn.com/110000-inspection/pc1_XyqKpvQVm_1.jpg!m_fill,w_280,h_210,f_jpg?from=ke.com
20240627,丰台,丰台其它,101123004900,东边户自住的精装修有租赁车位满五唯一房主自荐,1000万,43274元/平,中楼层 (共4层) 4室2厅 | 231.09平米 | 东 南 北,https://ke-image.ljcdn.com/110000-inspection/0d678f5d-88bc-44b4-953b-47a040592fd3_1000.jpg!m_fill,w_280,h_210,f_jpg?from=ke.com
20240627,丰台,丰台其它,101122996890,南宫智苑 看房方便 精装保持好 价格可谈 随时签约,424万,32305元/平,高楼层 (共6层) | 2009年 | 3室2厅 | 131.25平米 | 南 北,https://ke-image.ljcdn.com/110000-inspection/pc1_3b08ZCgCA_1.jpg!m_fill,w_280,h_210,f_jpg?from=ke.com
20240627,丰台,丰台其它,101122995941,南侧采光面14.5米客厅朝阳三个卧室朝阳全明格局,750万,43852元/平,中楼层 (共5层) | 2016年 | 4室2厅 | 171.03平米 | 南 北,https://ke-image.ljcdn.com/110000-inspection/pc1_fws73qFP1.jpg!m_fill,w_280,h_210,f_jpg?from=ke.com
20240627,丰台,丰台其它,101122995365,楼下三室两厅两卫楼上三面窗子房本只计算楼下面积,756万,50576元/平,顶层 (共6层) | 2014年 | 4室2厅 | 149.48平米 | 南 西 北,https://ke-image.ljcdn.com/110000-inspection/pc1_0oe9tkiDh_1.jpg!m_fill,w_280,h_210,f_jpg?from=ke.com
20240627,丰台,丰台其它,101122990934,领秀翡翠山B区  精装平墅 拎包入住,990万,42352元/平,中楼层 (共4层) 4室1厅 | 233.76平米 | 南 北,https://ke-image.ljcdn.com/110000-inspection/pc1_4Id0OT2ij_2.jpg!m_fill,w_280,h_210,f_jpg?from=ke.com
20240627,丰台,丰台其它,101122990410,花园小区 全天安保 英伦风格 干挂石材外立面,628万,42824元/平,顶层 (共6层) 4室1厅 | 146.65平米 | 东 南 北,https://ke-image.ljcdn.com/110000-inspection/pc1_XHFun5lNs_2.jpg!m_fill,w_280,h_210,f_jpg?from=ke.com
20240627,丰台,丰台其它,101122989166,南宫雅苑二期 精装修 业主诚心卖,518万,30319元/平,顶层 (共6层) 4室1厅 | 170.85平米 | 南 北,https://ke-image.ljcdn.com/110000-inspection/pc1_x9Vf37zGa_2.jpg!m_fill,w_280,h_210,f_jpg?from=ke.com
20240627,丰台,丰台其它,101122987766,山语城 精装大五居 一层一户有地下室和车位,660万,38377元/平,低楼层 (共6层) 5室1厅 | 171.98平米 | 南 北,https://ke-image.ljcdn.com/110000-inspection/pc1_PqxaFXlIj.jpg!m_fill,w_280,h_210,f_jpg?from=ke.com
20240627,丰台,丰台其它,101122987325,满五唯一南北通透全明格局净层高高宽敞明亮,295万,29339元/平,高楼层 (共6层) 2室2厅 | 100.55平米 | 南 北,https://ke-image.ljcdn.com/110000-inspection/pc1_JmQbIT0Xl.jpg!m_fill,w_280,h_210,f_jpg?from=ke.com
20240627,丰台,丰台其它,101122986563,房本满两年只产生一个契税精装修集中供暖,630万,49619元/平,低楼层 (共6层) 4室2厅 | 126.97平米 | 南 北,https://ke-image.ljcdn.com/110000-inspection/d83966d8-ce7a-4b58-8cee-83e532740ef4_1000.jpg!m_fill,w_280,h_210,f_jpg?from=ke.com
20240627,丰台,丰台其它,101122985843,别墅区里的洋房次顶层基本装修已经完成,630万,45722元/平,高楼层 (共6层) | 2018年 | 3室2厅 | 137.79平米 | 南 北,https://ke-image.ljcdn.com/110000-inspection/pc1_ZEx3KCyyK_1.jpg!m_fill,w_280,h_210,f_jpg?from=ke.com
20240627,丰台,丰台其它,101122985146,三阳开泰户型客厅朝阳两个卧室朝阳独立餐厅,650万,42023元/平,中楼层 (共6层) | 2014年 | 3室2厅 | 154.68平米 | 南 北,https://ke-image.ljcdn.com/110000-inspection/pc1_GRDeGahe7_1.jpg!m_fill,w_280,h_210,f_jpg?from=ke.com
20240627,丰台,丰台其它,101122984809,领秀翡翠山A区 毛坯大三居随时可看,560万,34948元/平,低楼层 (共6层) 3室2厅 | 160.24平米 | 南 北,https://ke-image.ljcdn.com/110000-inspection/pc1_RDRGMlFQd.jpg!m_fill,w_280,h_210,f_jpg?from=ke.com
20240627,丰台,丰台其它,101122981076,建设三里 1室1厅 南 北,108万,28082元/平,顶层 (共6层) 1室1厅 | 38.46平米 | 南 北,https://ke-image.ljcdn.com/110000-inspection/pc1_YWrDHVykA_1.jpg!m_fill,w_280,h_210,f_jpg?from=ke.com
20240627,丰台,丰台其它,101122976670,领秀翡翠山B区 联排别墅 大面宽,1380万,49211元/平,底层 (共3层) 6室1厅 | 280.43平米 | 南 北,https://ke-image.ljcdn.com/110000-inspection/pc1_O0DUpkcA5.jpg!m_fill,w_280,h_210,f_jpg?from=ke.com
20240627,丰台,丰台其它,101122976151,领秀翡翠山B区 南北通透 中间视野 采光好,650万,42407元/平,高楼层 (共6层) 3室2厅 | 153.28平米 | 南 北,https://ke-image.ljcdn.com/110000-inspection/pc1_5pGuL1nUT.jpg!m_fill,w_280,h_210,f_jpg?from=ke.com
20240627,丰台,丰台其它,101122970324,卢西嘉园  两居室   落地飘窗  南北通透   公摊小,246万,31338元/平,高楼层 (共6层) 2室1厅 | 78.5平米 | 南 北,https://ke-image.ljcdn.com/110000-inspection/17a600a8-d529-4cc0-8dd5-e80cda40bc5e_1000.jpg!m_fill,w_280,h_210,f_jpg?from=ke.com
20240627,丰台,丰台其它,101122969292,小区至高点水系旁大独栋自带电梯使用空间大,2960万,34389元/平,底层 (共3层) | 2013年 | 6室3厅 | 860.76平米 | 东 南 西 北,https://ke-image.ljcdn.com/110000-inspection/f2091e97-449c-4770-8ef1-ef3f061b36a5_1000.jpg!m_fill,w_280,h_210,f_jpg?from=ke.com
20240627,丰台,丰台其它,101122968807,客厅朝阳三个卧室朝阳两个卫生间无有窗子有车位,699万,40928元/平,中楼层 (共5层) | 2016年 | 4室2厅 | 170.79平米 | 南 北,https://ke-image.ljcdn.com/110000-inspection/pc1_Zd9ZTtLmG.jpg!m_fill,w_280,h_210,f_jpg?from=ke.com
20240627,丰台,丰台其它,101122967587,燕西书院 精装修拎包入住 一居室,351万,57912元/平,中楼层 (共5层) 1室1厅 | 60.61平米 | 南,https://ke-image.ljcdn.com/110000-inspection/pc1_YwDH7Siqn.jpg!m_fill,w_280,h_210,f_jpg?from=ke.com
20240627,丰台,丰台其它,101122966898,长青路88号院 双首层花园 业主精装修 看房方便,1395万,51871元/平,底层 (共3层) | 2018年 | 5室3厅 | 268.94平米 | 南 北,https://ke-image.ljcdn.com/110000-inspection/pc1_PHfmqhsOZ_1.jpg!m_fill,w_280,h_210,f_jpg?from=ke.com
20240627,丰台,丰台其它,101122962055,山语城三区 满五唯一 精装修 户型方正,720万,52930元/平,底层 (共6层) 5室1厅 | 136.03平米 | 南 北,https://ke-image.ljcdn.com/110000-inspection/a02c0171-e0b0-4ccb-8fea-bef92027469c_1000.jpg!m_fill,w_280,h_210,f_jpg?from=ke.com
20240627,丰台,丰台其它,101122954776,六层洋房 中间楼层 视野开阔 采光充足 看房随时,795万,42807元/平,中楼层 (共6层) | 2014年 | 4室2厅 | 185.72平米 | 南 北,https://ke-image.ljcdn.com/110000-inspection/pc1_1HzXxK01l.jpg!m_fill,w_280,h_210,f_jpg?from=ke.com
20240627,丰台,丰台其它,101122943266,东山坡二里 2室1厅 南 北,249万,36944元/平,中楼层 (共5层) 2室1厅 | 67.4平米 | 南 北,https://ke-image.ljcdn.com/110000-inspection/pc1_bFtDg8Qil_1.jpg!m_fill,w_280,h_210,f_jpg?from=ke.com
20240627,丰台,丰台其它,101122884608,领秀翡翠山A区 200万精装平墅 拎包入住房主自荐,1188万,54047元/平,顶层 (共4层) | 2014年 | 5室2厅 | 219.81平米 | 南 北,https://ke-image.ljcdn.com/110000-inspection/pc1_YmR8MVY9I_1.jpg!m_fill,w_280,h_210,f_jpg?from=ke.com
20240627,丰台,丰台其它,101122877488,领秀翡翠山A区 满五唯一 法式装修 改善型居住体验房主自荐,1288万,63836元/平,底层 (共4层) | 2014年 | 4室2厅 | 201.77平米 | 南 北,https://ke-image.ljcdn.com/110000-inspection/pc1_CrX6sukyX.jpg!m_fill,w_280,h_210,f_jpg?from=ke.com
20240627,丰台,丰台其它,101122845981,边户型卫生间有窗子位置好视野开阔满五唯一房主自荐,996万,40793元/平,底层 (共4层) 5室3厅 | 244.16平米 | 南 西 北,https://ke-image.ljcdn.com/110000-inspection/pc1_Vqe8ve8YO_1.jpg!m_fill,w_280,h_210,f_jpg?from=ke.com
20240627,丰台,丰台其它,101122829478,园博嘉园  无遮挡 诚意卖 r人车分流,439万,48963元/平,低楼层 (共15层) 2室1厅 | 89.66平米 | 南 北,https://ke-image.ljcdn.com/110000-inspection/pc1_obLocumki.jpg!m_fill,w_280,h_210,f_jpg?from=ke.com
20240627,丰台,丰台其它,101122812861,汤泉墅 满五唯一 精装修 户型方正,359万,39274元/平,高楼层 (共6层) | 2011年 | 2室1厅 | 91.41平米 | 南 北,https://ke-image.ljcdn.com/110000-inspection/eab0fcd8-1c0d-4298-aeaf-a5876704b18a_1000.jpg!m_fill,w_280,h_210,f_jpg?from=ke.com
20240627,丰台,丰台其它,101122795609,山语城一区 全明格局 欧式装修 看房方便 随时签约,610万,50936元/平,底层 (共6层) | 2012年 | 3室2厅 | 119.76平米 | 南 北,https://ke-image.ljcdn.com/110000-inspection/pc1_hl7cfebi6_1.jpg!m_fill,w_280,h_210,f_jpg?from=ke.com
20240627,丰台,丰台其它,101122787878,燕西华府样板间户型精装修可拎包入住 纯别墅区,1250万,33718元/平,底层 (共3层) | 2013年 | 6室1厅 | 370.73平米 | 南 北,https://ke-image.ljcdn.com/110000-inspection/pc1_htAaFbS0n_1.jpg!m_fill,w_280,h_210,f_jpg?from=ke.com
20240627,丰台,丰台其它,101122784945,泉湖西路1号院六区燕西华府D区好,1299万,38528元/平,中楼层 (共4层) | 2016年 | 5室2厅 | 337.16平米 | 南 北,https://ke-image.ljcdn.com/110000-inspection/pc1_M0RepM5AJ_2.jpg!m_fill,w_280,h_210,f_jpg?from=ke.com
20240627,丰台,丰台其它,101122750051,燕西华府 联排别墅 东边户型 采光充足 业主售房诚意高,1300万,34871元/平,底层 (共3层) 5室2厅 | 372.81平米 | 南 北,https://ke-image.ljcdn.com/110000-inspection/pc1_SPpGJn2Xc_1.jpg!m_fill,w_280,h_210,f_jpg?from=ke.com
20240627,丰台,丰台其它,101122749767,领秀翡翠山B区在小区中间位置视野好临水系,850万,49012元/平,顶层 (共5层) 4室2厅 | 173.43平米 | 南 西 北,https://ke-image.ljcdn.com/110000-inspection/9eb86aff-bc45-461a-b176-6503f49c519c_1000.jpg!m_fill,w_280,h_210,f_jpg?from=ke.com
20240627,丰台,丰台其它,101122749399,汤泉墅 装修好 高楼层 采光好 洋房社区,375万,40099元/平,顶层 (共6层) 3室1厅 | 93.52平米 | 南 北,https://ke-image.ljcdn.com/110000-inspection/pc1_yppc9ASlL_1.jpg!m_fill,w_280,h_210,f_jpg?from=ke.com
20240627,丰台,丰台其它,101122748753,南宫雅苑二期 满五唯一 4层跃5层的花园洋房,458万,26683元/平,顶层 (共4层) | 2009年 | 4室2厅 | 171.65平米 | 南 北,https://ke-image.ljcdn.com/110000-inspection/9d1f24c0-8b6f-4035-8887-cd2b024d938b_1000.jpg!m_fill,w_280,h_210,f_jpg?from=ke.com
20240627,丰台,丰台其它,101122735129,私家电梯大大的花 园可高达6层的使用空间,726万,35358元/平,中楼层 (共4层) 4室2厅 | 205.33平米 | 南 北,https://ke-image.ljcdn.com/110000-inspection/pc1_2XfQdh4NW_1.jpg!m_fill,w_280,h_210,f_jpg?from=ke.com
20240627,丰台,丰台其它,101122735124,联排别墅东边户地上三层地下一层有电梯,1680万,47135元/平,底层 (共3层) | 2013年 | 5室3厅 | 356.43平米 | 东 南 北,https://ke-image.ljcdn.com/110000-inspection/76d07a42-bcbd-4353-88f1-4f7670768062_1000.jpg!m_fill,w_280,h_210,f_jpg?from=ke.com
20240627,丰台,丰台其它,101122734523,泉湖西路1号院燕西华府七区B区,1050万,41795元/平,底层 (共4层) 4室2厅 | 251.23平米 | 南 北,https://ke-image.ljcdn.com/110000-inspection/pc1_uOySotFDf_1.jpg!m_fill,w_280,h_210,f_jpg?from=ke.com
20240627,丰台,丰台其它,101122731761,客厅朝阳主卧室是带书房的套房两栋楼才有的户型,980万,41831元/平,中楼层 (共4层) | 2014年 | 5室2厅 | 234.28平米 | 东 南 北,https://ke-image.ljcdn.com/110000-inspection/092d4248-fd13-40ca-9ebf-9561c2257a30_1000.jpg!m_fill,w_280,h_210,f_jpg?from=ke.com
20240627,丰台,丰台其它,101122729905,南宫雅苑 采光视野好 精装有充电桩车位,310万,30121元/平,高楼层 (共6层) 3室2厅 | 102.92平米 | 南 北,https://ke-image.ljcdn.com/110000-inspection/pc1_puKbrW1Et.jpg!m_fill,w_280,h_210,f_jpg?from=ke.com
20240627,丰台,丰台其它,101122725696,燕西华府 别墅区洋房 位置好看房方便,259万,31632元/平,底层 (共6层) 2室1厅 | 81.88平米 | 南 北,https://ke-image.ljcdn.com/110000-inspection/pc1_Ek0PvCEvz.jpg!m_fill,w_280,h_210,f_jpg?from=ke.com
20240627,丰台,丰台其它,101122721489,燕西华府下叠户型 南边花园 楼间距大 看房方便,1030万,38537元/平,底层 (共4层) 5室3厅 | 267.28平米 | 南 北,https://ke-image.ljcdn.com/110000-inspection/pc1_UZFOdX6rC_2.jpg!m_fill,w_280,h_210,f_jpg?from=ke.com
20240627,丰台,丰台其它,101122716038,精装科技住宅首套1.5%南北通透环境好出行方便,700万,55578元/平,高楼层 (共13层) 3室2厅 | 125.95平米 | 南 北,https://ke-image.ljcdn.com/110000-inspection/8b5f862e-84bd-4037-9f79-a68af731aa5b_1000.jpg!m_fill,w_280,h_210,f_jpg?from=ke.com
20240627,丰台,丰台其它,101122685512,精装联排私家电梯  南北通透  大面宽短进深,1480万,52901元/平,底层 (共3层) 5室2厅 | 279.77平米 | 南 北,https://ke-image.ljcdn.com/110000-inspection/pc1_3ByoHLoPv_1.jpg!m_fill,w_280,h_210,f_jpg?from=ke.com
20240627,丰台,丰台其它,101122661883,燕西华府南向一居室满五唯一,230万,35385元/平,底层 (共6层) 1室1厅 | 65平米 | 南,https://ke-image.ljcdn.com/110000-inspection/a4f2b37d-6128-45ce-900f-0739f993a72b_1000.jpg!m_fill,w_280,h_210,f_jpg?from=ke.com
20240627,丰台,丰台其它,101122657428,环境优美 满五唯一采光好南北通透户型,470万,40392元/平,中楼层 (共6层) | 2014年 | 3室1厅 | 116.36平米 | 南 北,https://ke-image.ljcdn.com/110000-inspection/488063d1-852a-44d0-8006-6d31cdcc6d50_1000.jpg!m_fill,w_280,h_210,f_jpg?from=ke.com
20240627,丰台,丰台其它,101122655132,领秀翡翠山A区 精装复式 南北通透 拎包入住,870万,57966元/平,顶层 (共6层) | 2017年 | 4室2厅 | 150.09平米 | 南 北,https://ke-image.ljcdn.com/110000-inspection/pc1_ecEkWiwkc_1.jpg!m_fill,w_280,h_210,f_jpg?from=ke.com
20240627,丰台,丰台其它,101122654690,领秀翡翠山A区 正规四居室 南北通透 中间层,756万,40709元/平,中楼层 (共6层) | 2014年 | 4室2厅 | 185.71平米 | 南 北,https://ke-image.ljcdn.com/110000-inspection/pc1_j2JmKOE9a_1.jpg!m_fill,w_280,h_210,f_jpg?from=ke.com
20240627,丰台,丰台其它,101122654025,领秀翡翠山B区 南北通透大四居 精装修 次顶层,1280万,56411元/平,中楼层 (共4层) | 2015年 | 4室2厅 | 226.91平米 | 南 北,https://ke-image.ljcdn.com/110000-inspection/pc1_oP2tKa1UH.jpg!m_fill,w_280,h_210,f_jpg?from=ke.com
20240627,丰台,丰台其它,101122654010,长青路88号院双首层精装修拎包入住业主售房诚意高,1550万,57448元/平,底层 (共3层) 5室3厅 | 269.81平米 | 南 北,https://ke-image.ljcdn.com/110000-inspection/pc1_JWIbwWO4Y.jpg!m_fill,w_280,h_210,f_jpg?from=ke.com
20240627,丰台,丰台其它,101122651254,远眺西山全貌、燕西书院顶层复式结构好房楼上有天窗,660万,51818元/平,顶层 (共6层) 4室2厅 | 127.37平米 | 南 北,https://ke-image.ljcdn.com/110000-inspection/pc1_hlcmmVubT_2.jpg!m_fill,w_280,h_210,f_jpg?from=ke.com
20240627,丰台,丰台其它,101122636777,领秀翡翠山B区  不临路 四居三卫 精装,1038万,45746元/平,中楼层 (共4层) 4室2厅 | 226.91平米 | 南 北,https://ke-image.ljcdn.com/110000-inspection/pc1_OR1MFxXvY.jpg!m_fill,w_280,h_210,f_jpg?from=ke.com
20240627,丰台,丰台其它,101122636124,山语城一区 正规四居室 南北通透 中间层,600万,37934元/平,中楼层 (共6层) 4室2厅 | 158.17平米 | 南 北,https://ke-image.ljcdn.com/110000-inspection/pc1_8x4bWY3WM.jpg!m_fill,w_280,h_210,f_jpg?from=ke.com
20240627,丰台,丰台其它,101122631708,燕西华府联排别墅满五唯一精装,1780万,49065元/平,底层 (共3层) | 2013年 | 6室1厅 | 362.79平米 | 南 北,https://ke-image.ljcdn.com/110000-inspection/pc1_yCCaGlDDi.jpg!m_fill,w_280,h_210,f_jpg?from=ke.com
20240627,丰台,丰台其它,101122631364,燕西华府精装联排别墅商品房地理位置好南北花园,1280万,34531元/平,底层 (共3层) | 2013年 | 5室5厅 | 370.69平米 | 南 北,https://ke-image.ljcdn.com/110000-inspection/pc1_wyE1Q1TgU.jpg!m_fill,w_280,h_210,f_jpg?from=ke.com
20240627,丰台,丰台其它,101122631216,南北通透 层高高 小区私密性好 西边户,900万,53681元/平,中楼层 (共4层) | 2017年 | 2室2厅 | 167.66平米 | 南 北 西,https://ke-image.ljcdn.com/110000-inspection/972beaa6-b25c-4531-8448-1c8991277bef_1000.jpg!m_fill,w_280,h_210,f_jpg?from=ke.com
20240627,丰台,丰台其它,101122627323,领秀翡翠山A区顶层复式 全明格局 诚意出售 采光充足,650万,46783元/平,顶层 (共6层) 3室3厅 | 138.94平米 | 东 西,https://ke-image.ljcdn.com/110000-inspection/69432088-2388-4bd7-a98b-b89399b93cdc_1000.jpg!m_fill,w_280,h_210,f_jpg?from=ke.com
20240627,丰台,丰台其它,101122618599,燕西华府 上叠 大面宽 采光好 有电梯,860万,51705元/平,中楼层 (共4层) 2室2厅 | 166.33平米 | 南 北,https://ke-image.ljcdn.com/110000-inspection/pc1_e4HWtnn4D_1.jpg!m_fill,w_280,h_210,f_jpg?from=ke.com
20240627,丰台,丰台其它,101122610555,叠拼别墅中的上叠有电梯六层的使用空间有花园,1080万,53171元/平,中楼层 (共4层) | 2017年 | 5室2厅 | 203.12平米 | 南 北,https://ke-image.ljcdn.com/110000-inspection/5463452e-c317-460b-a7ad-5a7bde816f89_1000.jpg!m_fill,w_280,h_210,f_jpg?from=ke.com
20240627,丰台,丰台其它,101122610559,南北通透三面采光全明格局满五唯一诚意出售,375万,36561元/平,高楼层 (共6层) 3室2厅 | 102.57平米 | 南 北,https://ke-image.ljcdn.com/110000-inspection/pc1_yONRxeerh.jpg!m_fill,w_280,h_210,f_jpg?from=ke.com
20240627,丰台,丰台其它,101122608047,带两个车位双拼别墅三采光位置好视野开阔,2200万,49342元/平,底层 (共3层) | 2013年 | 6室3厅 | 445.87平米 | 南 西 北,https://ke-image.ljcdn.com/110000-inspection/pc1_nS3DJKTuA.jpg!m_fill,w_280,h_210,f_jpg?from=ke.com
20240627,丰台,丰台其它,101122608038,小区中间位置北面为小区水系南面不临街楼层好。,850万,36363元/平,中楼层 (共4层) 4室2厅 | 233.76平米 | 南 北 西,https://ke-image.ljcdn.com/110000-inspection/18a17488-413a-4bc7-8639-96283d8bc75b_1000.jpg!m_fill,w_280,h_210,f_jpg?from=ke.com
20240627,丰台,丰台其它,101122606866,5.0米的客厅面宽8.2米挑空的东边户私家电梯,1100万,39209元/平,中楼层 (共4层) | 2016年 | 5室3厅 | 280.55平米 | 东 南 北,https://ke-image.ljcdn.com/110000-inspection/pc1_lomqF2FbE_1.jpg!m_fill,w_280,h_210,f_jpg?from=ke.com
20240627,丰台,丰台其它,101122606421,有车位位置好楼层好精装修诚意出售价格可谈,758万,40479元/平,中楼层 (共5层) 4室2厅 | 187.26平米 | 南 北,https://ke-image.ljcdn.com/110000-inspection/pc1_1HLFxGbOf.jpg!m_fill,w_280,h_210,f_jpg?from=ke.com
20240627,丰台,丰台其它,101122606414,顶层复式结构客厅带阳台楼上两面窗子满五唯一,630万,42339元/平,顶层 (共6层) | 2015年 | 5室2厅 | 148.8平米 | 南 北,https://ke-image.ljcdn.com/110000-inspection/pc1_BmpSkLBRV_1.jpg!m_fill,w_280,h_210,f_jpg?from=ke.com
20240627,丰台,丰台其它,101122600299,位置好南向花园50平米地下二层135平米,898万,41600元/平,底层 (共5层) 4室2厅 | 215.87平米 | 南 北,https://ke-image.ljcdn.com/110000-inspection/pc1_nefwo19Za.jpg!m_fill,w_280,h_210,f_jpg?from=ke.com
20240627,丰台,丰台其它,101122600294,领秀翡翠山B区 4室2厅 南 北,850万,45638元/平,中楼层 (共5层) 4室2厅 | 186.25平米 | 南 北,https://ke-image.ljcdn.com/110000-inspection/pc1_VvuTej2bd_1.jpg!m_fill,w_280,h_210,f_jpg?from=ke.com
20240627,丰台,丰台其它,101122600221,南北通透南北阳台不计入房本高楼层采光视野好,570万,44829元/平,中楼层 (共6层) 4室2厅 | 127.15平米 | 南 北,https://ke-image.ljcdn.com/110000-inspection/272203a8-665e-4ca0-85f8-b5ae84473006_1000.jpg!m_fill,w_280,h_210,f_jpg?from=ke.com
20240627,丰台,丰台其它,101122599611,燕西华府一层下跃层高3.3米纯毛坯房主自荐,527万,33195元/平,底层 (共5层) 2室1厅 | 158.76平米 | 南 北,https://ke-image.ljcdn.com/110000-inspection/3d180177-a493-41a0-9c53-8fa519c5814d_1000.jpg!m_fill,w_280,h_210,f_jpg?from=ke.com
20240627,丰台,丰台其它,101122599593,燕西华府 双卧朝南 采光好 户型好,294万,32883元/平,中楼层 (共6层) 2室1厅 | 89.41平米 | 南,https://ke-image.ljcdn.com/110000-inspection/pc1_Qk4skNuEO.jpg!m_fill,w_280,h_210,f_jpg?from=ke.com
20240627,丰台,丰台其它,101122596742,燕西华府 水系旁 大上叠 精装修,950万,45691元/平,中楼层 (共4层) | 2016年 | 5室2厅 | 207.92平米 | 南 北,https://ke-image.ljcdn.com/110000-inspection/pc1_c2AVQFWCg.jpg!m_fill,w_280,h_210,f_jpg?from=ke.com
20240627,丰台,丰台其它,101122596744,领秀翡翠山A区 公园洋房 次顶层 精装修,1185万,52134元/平,中楼层 (共4层) | 2014年 | 4室2厅 | 227.3平米 | 南 北,https://ke-image.ljcdn.com/110000-inspection/pc1_cBvOM0G6e_1.jpg!m_fill,w_280,h_210,f_jpg?from=ke.com
20240627,丰台,丰台其它,101122596737,燕西华府 精装修下叠 空间功能布局合理,1200万,49050元/平,底层 (共4层) | 2017年 | 4室2厅 | 244.65平米 | 南 北,https://ke-image.ljcdn.com/110000-inspection/pc1_unbucP07T_2.jpg!m_fill,w_280,h_210,f_jpg?from=ke.com
20240627,丰台,丰台其它,101122589543,一层带下跃的复式结构精致装修边户型三面采光,1500万,67398元/平,底层 (共4层) 6室3厅 | 222.56平米 | 南 西 北,https://ke-image.ljcdn.com/110000-inspection/fb2a414d-62bb-4155-acee-32bc6a6d4476_1000.jpg!m_fill,w_280,h_210,f_jpg?from=ke.com
20240627,丰台,丰台其它,101122589032,四室两厅两卫双阳台使用空间大三阳开泰户型,595万,46869元/平,中楼层 (共6层) 4室2厅 | 126.95平米 | 南 北,https://ke-image.ljcdn.com/110000-inspection/pc1_8WeKQTqDj.jpg!m_fill,w_280,h_210,f_jpg?from=ke.com
20240627,丰台,丰台其它,101122588854,复式结构空间采光好双首层两层的花园,890万,36188元/平,底层 (共6层) 5室3厅 | 245.94平米 | 东 南 北,https://ke-image.ljcdn.com/110000-inspection/pc1_4EcpwvPJq.jpg!m_fill,w_280,h_210,f_jpg?from=ke.com
20240627,丰台,丰台其它,101122588029,南宫雅苑二期一层新装修满两年储物间,379万,39620元/平,底层 (共5层) | 2009年 | 3室2厅 | 95.66平米 | 南 北,https://ke-image.ljcdn.com/110000-inspection/pc1_VrDIEnie3.jpg!m_fill,w_280,h_210,f_jpg?from=ke.com
20240627,丰台,丰台其它,101122588012,领秀翡翠山B区 双首层 南北花园 带电梯,1510万,56139元/平,底层 (共3层) 6室3厅 | 268.98平米 | 南 北,https://ke-image.ljcdn.com/110000-inspection/pc1_VKHOeJiOM.jpg!m_fill,w_280,h_210,f_jpg?from=ke.com
20240627,丰台,丰台其它,101122587952,燕西华府 一层下跃 不临路 电梯分户入户,785万,36724元/平,底层 (共6层) | 2018年 | 3室2厅 | 213.76平米 | 南 北,https://ke-image.ljcdn.com/110000-inspection/pc1_grgULfrio_1.jpg!m_fill,w_280,h_210,f_jpg?from=ke.com
20240627,丰台,丰台其它,101122584985,南宫雅苑二期 复式结构 中楼层 精装修房主自荐,219万,28420元/平,顶层 (共4层) 3室2厅 | 77.06平米 | 南 北,https://ke-image.ljcdn.com/110000-inspection/pc1_CJDdAgbgm.jpg!m_fill,w_280,h_210,f_jpg?from=ke.com
20240627,丰台,丰台其它,101122584039,领秀翡翠山A区 经典的眼睛户型 南北通透  满五唯一,638万,40563元/平,中楼层 (共6层) | 2014年 | 3室2厅 | 157.29平米 | 南 北,https://ke-image.ljcdn.com/110000-inspection/pc1_bNJMakeCZ_1.jpg!m_fill,w_280,h_210,f_jpg?from=ke.com
20240627,丰台,丰台其它,101122573035,汤泉墅 2室1厅 南 北,233万,39219元/平,底层 (共5层) 2室1厅 | 59.41平米 | 南 北,https://ke-image.ljcdn.com/110000-inspection/pc1_NNX2yEgme.jpg!m_fill,w_280,h_210,f_jpg?from=ke.com
20240627,丰台,丰台其它,101122565658,领秀翡翠山A区 婚房精装修 三居两卫 不临路 视野好,585万,40741元/平,中楼层 (共6层) 3室2厅 | 143.59平米 | 东 西,https://ke-image.ljcdn.com/110000-inspection/27db8c1d-21c5-4262-ba34-0bd7b76836e6_1000.jpg!m_fill,w_280,h_210,f_jpg?from=ke.com
20240627,丰台,丰台其它,101122565651,燕西华府 全新精装 三居两卫 电梯分户入户,520万,42785元/平,低楼层 (共6层) 3室1厅 | 121.54平米 | 南 北,https://ke-image.ljcdn.com/110000-inspection/pc1_O1vp84u8S_1.jpg!m_fill,w_280,h_210,f_jpg?from=ke.com
20240627,丰台,丰台其它,101122558411,南宫雅苑二期 顶层复式 南北通透  采光很好,238万,31006元/平,中楼层 (共5层) 2室1厅 | 76.76平米 | 南 北,https://ke-image.ljcdn.com/110000-inspection/pc1_w7DvOWOn5.jpg!m_fill,w_280,h_210,f_jpg?from=ke.com
20240627,丰台,丰台其它,101122558265,领秀翡翠山A区一层下跃 南北通透  次新房,940万,52095元/平,底层 (共6层) | 2014年 | 4室2厅 | 180.44平米 | 南 北,https://ke-image.ljcdn.com/110000-inspection/8e804d30-c5e2-4254-b537-e27573523936_1000.jpg!m_fill,w_280,h_210,f_jpg?from=ke.com
20240627,丰台,丰台其它,101122550646,燕西华府 1室1厅 南,320万,52797元/平,中楼层 (共5层) 1室1厅 | 60.61平米 | 南,https://ke-image.ljcdn.com/110000-inspection/pc1_I88SVIqNu.jpg!m_fill,w_280,h_210,f_jpg?from=ke.com
20240627,丰台,丰台其它,101122547424,领秀翡翠山A区复式结构精装修拎包入住房主自荐,800万,55303元/平,顶层 (共6层) 5室3厅 | 144.66平米 | 南 北,https://ke-image.ljcdn.com/110000-inspection/1040d48c-6196-448f-91d6-2cefbd92d05e_1000.jpg!m_fill,w_280,h_210,f_jpg?from=ke.com
20240627,丰台,丰台其它,101122547407,领秀翡翠山A区南北通透中间楼栋复式结构采光好,920万,52392元/平,顶层 (共4层) | 2014年 | 5室3厅 | 175.6平米 | 南 北,https://ke-image.ljcdn.com/110000-inspection/pc1_KdSzyLf05_1.jpg!m_fill,w_280,h_210,f_jpg?from=ke.com
20240627,丰台,丰台其它,101122547439,领秀翡翠山B区南北通透 精装修一天未住有80平的储物间,988万,53822元/平,中楼层 (共4层) 5室2厅 | 183.57平米 | 南 北,https://ke-image.ljcdn.com/110000-inspection/pc1_d3ydg8pP5_1.jpg!m_fill,w_280,h_210,f_jpg?from=ke.com
20240627,丰台,丰台其它,101122546118,领秀翡翠山B区对着小区景观大道视野好低密洋房,520万,35034元/平,低楼层 (共6层) | 2017年 | 3室2厅 | 148.43平米 | 东 西 北,https://ke-image.ljcdn.com/110000-inspection/d829bc48-55e9-49d8-9876-48d9c6f01098_1000.jpg!m_fill,w_280,h_210,f_jpg?from=ke.com
20240627,丰台,丰台其它,101122545273,领秀翡翠山B区楼栋南侧是小区内水景精装修一层下跃,1450万,65151元/平,底层 (共4层) | 2015年 | 6室2厅 | 222.56平米 | 南 北,https://ke-image.ljcdn.com/110000-inspection/f64a28c2-ae03-40ca-b7f6-dfee61099788_1000.jpg!m_fill,w_280,h_210,f_jpg?from=ke.com
20240627,丰台,丰台其它,101122505981,汤泉墅精装修下叠1-2层可单独入户房主自荐,790万,39206元/平,底层 (共5层) 4室2厅 | 201.5平米 | 南 北,https://ke-image.ljcdn.com/110000-inspection/pc1_wK6UCppoS.jpg!m_fill,w_280,h_210,f_jpg?from=ke.com
20240627,丰台,丰台其它,101122467600,园博府府系住宅满五唯一南北通透适合改善家庭,1500万,51469元/平,底层 (共22层) | 2014年 | 4室2厅 | 291.44平米 | 南 北,https://ke-image.ljcdn.com/110000-inspection/pc1_PTKnQMCfR_1.jpg!m_fill,w_280,h_210,f_jpg?from=ke.com
20240627,丰台,丰台其它,101122451439,双首层复式结构类叠拼别墅诚意出售,705万,39955元/平,底层 (共6层) 4室2厅 | 176.45平米 | 南 北,https://ke-image.ljcdn.com/110000-inspection/1a106302-6d8e-4cd4-a7dc-99f2cf83f792_1000.jpg!m_fill,w_280,h_210,f_jpg?from=ke.com
20240627,丰台,丰台其它,101122451035,长馨园小区精装朝南两居随时可看,208万,29843元/平,高楼层 (共17层) | 2013年 | 2室1厅 | 69.7平米 | 南,https://ke-image.ljcdn.com/110000-inspection/3523f3a8-4f5d-40e1-88eb-ca046928face_1000.jpg!m_fill,w_280,h_210,f_jpg?from=ke.com
20240627,丰台,丰台其它,101122421049,珠光御景西园南北三居精装修领包入住。靠谱出售,524万,38316元/平,顶层 (共9层) 3室1厅 | 136.76平米 | 南 北,https://ke-image.ljcdn.com/110000-inspection/pc1_a25AqE0Iu_1.jpg!m_fill,w_280,h_210,f_jpg?from=ke.com
20240627,丰台,丰台其它,101122391875,中体奥林匹克花园三期 5室2厅 南 北,900万,35910元/平,底层 (共3层) 5室2厅 | 250.63平米 | 南 北,https://ke-image.ljcdn.com/110000-inspection/pc1_k6HeDslun_1.jpg!m_fill,w_280,h_210,f_jpg?from=ke.com
20240627,丰台,丰台其它,101122355101,珠光逸景二期 2室1厅 南 西 北,288万,38066元/平,顶层 (共6层) 2室1厅 | 75.66平米 | 南 西 北,https://ke-image.ljcdn.com/110000-inspection/pc1_pYeY79KRE_1.jpg!m_fill,w_280,h_210,f_jpg?from=ke.com
20240627,丰台,丰台其它,101122349102,中体奥林匹克花园二期 5室2厅 南 北,860万,36537元/平,地下室 (共3层) 5室2厅 | 235.38平米 | 南 北,https://ke-image.ljcdn.com/110000-inspection/pc1_YGnY3FHB0_1.jpg!m_fill,w_280,h_210,f_jpg?from=ke.com
20240627,丰台,丰台其它,101122339512,领秀翡翠山B区 南北通透 中间层  诚心出售,610万,38623元/平,低楼层 (共6层) 4室1厅 | 157.94平米 | 南 北,https://ke-image.ljcdn.com/110000-inspection/pc1_cYqc3DVnr.jpg!m_fill,w_280,h_210,f_jpg?from=ke.com
20240627,丰台,丰台其它,101122301434,汤泉墅小区 纯南向 小区中间位置 视野好,239万,32980元/平,低楼层 (共6层) 1室1厅 | 72.47平米 | 南,https://ke-image.ljcdn.com/110000-inspection/pc1_IMXic3Qxs.jpg!m_fill,w_280,h_210,f_jpg?from=ke.com
20240627,丰台,丰台其它,101122276532,燕西华府 电梯洋房方便进出 环境好,299万,33619元/平,底层 (共6层) 2室1厅 | 88.94平米 | 西南,https://ke-image.ljcdn.com/110000-inspection/pc1_09HN2IcUP_1.jpg!m_fill,w_280,h_210,f_jpg?from=ke.com
20240627,丰台,丰台其它,101122253234,园博嘉园正规一居室满五年唯一诚心出售,265万,45856元/平,底层 (共15层) 1室0厅 | 57.79平米 | 南,https://ke-image.ljcdn.com/110000-inspection/pc1_dVElC8F0o.jpg!m_fill,w_280,h_210,f_jpg?from=ke.com
20240627,丰台,丰台其它,101122218994,园博嘉园满五唯一商品房2014年楼龄新,427万,48918元/平,低楼层 (共18层) | 2014年 | 2室1厅 | 87.29平米 | 东 西,https://ke-image.ljcdn.com/110000-inspection/pc1_xgM2kSG4k_1.jpg!m_fill,w_280,h_210,f_jpg?from=ke.com
20240627,丰台,丰台其它,101122208047,园博府 6室2厅 南 北,2100万,56736元/平,顶层 (共18层) 6室2厅 | 370.14平米 | 南 北,https://ke-image.ljcdn.com/110000-inspection/pc1_I5hTbq0un_1.jpg!m_fill,w_280,h_210,f_jpg?from=ke.com
20240627,丰台,丰台其它,101122179897,珠光逸景二期 1室1厅 南,210万,37913元/平,中楼层 (共6层) | 2013年 | 1室1厅 | 55.39平米 | 南,https://ke-image.ljcdn.com/110000-inspection/pc1_UUEOYl4hy_1.jpg!m_fill,w_280,h_210,f_jpg?from=ke.com
20240627,丰台,丰台其它,101122128860,西山晚霞窗外绿洲燕西华府精装好房,500万,52566元/平,顶层 (共6层) 4室2厅 | 95.12平米 | 东 西,https://ke-image.ljcdn.com/110000-inspection/4fef9b8f-9cc2-4095-90dd-b8756592b2e5_1000.jpg!m_fill,w_280,h_210,f_jpg?from=ke.com
20240627,丰台,丰台其它,101122100063,领秀翡翠山B区 中间位置 精装大四居,1200万,51335元/平,中楼层 (共4层) 4室2厅 | 233.76平米 | 南 北,https://ke-image.ljcdn.com/110000-inspection/pc1_31P7gyu41.jpg!m_fill,w_280,h_210,f_jpg?from=ke.com
20240627,丰台,丰台其它,101122079725,燕西华府 眼镜户型精装三居 东边户,725万,51628元/平,中楼层 (共6层) 3室2厅 | 140.43平米 | 南 北,https://ke-image.ljcdn.com/110000-inspection/pc1_dbNGSNhE8.jpg!m_fill,w_280,h_210,f_jpg?from=ke.com
20240627,丰台,丰台其它,101122079388,领秀翡翠山B区 4室2厅 南 北,676万,45918元/平,顶层 (共6层) 4室2厅 | 147.22平米 | 南 北,https://ke-image.ljcdn.com/110000-inspection/pc1_ccR7jO80a.jpg!m_fill,w_280,h_210,f_jpg?from=ke.com
20240627,丰台,丰台其它,101122063807,山语城三区 南北四居室 六层洋房社区,780万,45100元/平,底层 (共6层) | 2015年 | 4室3厅 | 172.95平米 | 南 北,https://ke-image.ljcdn.com/110000-inspection/pc1_UsKWuQbxN_1.jpg!m_fill,w_280,h_210,f_jpg?from=ke.com
20240627,丰台,丰台其它,101122058284,领秀翡翠山B区 小区中间位置 南北通透大四居 满五唯一,1050万,46649元/平,中楼层 (共5层) 4室2厅 | 225.09平米 | 南 北,https://ke-image.ljcdn.com/110000-inspection/pc1_2DcmibQGw.jpg!m_fill,w_280,h_210,f_jpg?from=ke.com
20240627,丰台,丰台其它,101122026784,山语城一区 7室2厅 南 北,730万,43879元/平,底层 (共6层) | 2013年 | 7室2厅 | 166.37平米 | 南 北,https://ke-image.ljcdn.com/110000-inspection/pc1_6BDEYEb0V_1.jpg!m_fill,w_280,h_210,f_jpg?from=ke.com
20240627,丰台,丰台其它,101122026197,燕西华府  洋房三居室 精装修 中高层,538万,44023元/平,中楼层 (共6层) 3室1厅 | 122.21平米 | 南 北,https://ke-image.ljcdn.com/110000-inspection/9415635d-a189-4486-904a-0a0192f7eb2a_1000.jpg!m_fill,w_280,h_210,f_jpg?from=ke.com
20240627,丰台,丰台其它,101122006668,万年生态园联排别墅环境好诚心出售,2350万,66749元/平,底层 (共3层) 5室2厅 | 352.07平米 | 南 北,https://ke-image.ljcdn.com/110000-inspection/pc1_lrfD51tKz_1.jpg!m_fill,w_280,h_210,f_jpg?from=ke.com
20240627,丰台,丰台其它,101121984707,此房满五唯一复式结构户型方正南北通透,650万,52863元/平,顶层 (共6层) 5室1厅 | 122.96平米 | 南 北,https://ke-image.ljcdn.com/110000-inspection/4915088d-ed5d-4ddc-a376-679f28d9982f_1000.jpg!m_fill,w_280,h_210,f_jpg?from=ke.com
20240627,丰台,丰台其它,101121979958,燕西华府新上联排别墅能利用的空间都充分利用,1400万,39450元/平,底层 (共3层) 5室3厅 | 354.88平米 | 南 北,https://ke-image.ljcdn.com/110000-inspection/b8217f4c-577d-479d-aa04-1e4d708dca82_1000.jpg!m_fill,w_280,h_210,f_jpg?from=ke.com
20240627,丰台,丰台其它,101121975665,精装修没怎么住复式结构楼下三个采光窗通透明亮,996万,55001元/平,底层 (共5层) 6室3厅 | 181.09平米 | 南 北,https://ke-image.ljcdn.com/110000-inspection/6108ae22-06d7-4ede-9d05-0cd89cd0aa5d_1000.jpg!m_fill,w_280,h_210,f_jpg?from=ke.com
20240627,丰台,丰台其它,101121930425,长馨园 2室1厅 南 北,229万,31979元/平,高楼层 (共16层) | 2013年 | 2室1厅 | 71.61平米 | 南 北,https://ke-image.ljcdn.com/110000-inspection/62a9278f-36d8-46c5-892b-8e5a258da88a_1000.jpg!m_fill,w_280,h_210,f_jpg?from=ke.com
20240627,丰台,丰台其它,101121886977,南宫雅苑二期 2室1厅 南 北,330万,32810元/平,顶层 (共6层) 2室1厅 | 100.58平米 | 南 北,https://ke-image.ljcdn.com/110000-inspection/pc1_tGKPi9wiJ.jpg!m_fill,w_280,h_210,f_jpg?from=ke.com
20240627,丰台,丰台其它,101121860115,建设三里 2室1厅 南 北,139万,21461元/平,低楼层 (共6层) 2室1厅 | 64.77平米 | 南 北,https://ke-image.ljcdn.com/110000-inspection/pc1_3G8hJIL2J.jpg!m_fill,w_280,h_210,f_jpg?from=ke.com
20240627,丰台,丰台其它,101121805132,张郭庄小区正规的三居室精装修可以拎包入住,209万,32404元/平,中楼层 (共6层) | 1983年 | 3室1厅 | 64.5平米 | 南 北,https://ke-image.ljcdn.com/110000-inspection/pc1_PwzP1IkIi_1.jpg!m_fill,w_280,h_210,f_jpg?from=ke.com
20240627,丰台,丰台其它,101121741072,珠江御景 3室2厅 北 南,438万,33706元/平,底层 (共11层) | 2008年 | 3室2厅 | 129.95平米 | 北 南,https://ke-image.ljcdn.com/110000-inspection/pc1_WYFVYvGQB_1.jpg!m_fill,w_280,h_210,f_jpg?from=ke.com
20240627,丰台,丰台其它,101121720120,领秀翡翠山B区 不临路 西边户 精装修,898万,47476元/平,中楼层 (共5层) 4室2厅 | 189.15平米 | 南 北,https://ke-image.ljcdn.com/110000-inspection/pc1_R6UjRRRBC_2.jpg!m_fill,w_280,h_210,f_jpg?from=ke.com
20240627,丰台,丰台其它,101121679333,中体奥林匹克花园二期 4室3厅 南 北,1188万,52916元/平,底层 (共3层) 4室3厅 | 224.51平米 | 南 北,https://ke-image.ljcdn.com/110000-inspection/pc1_IvNhUKfBY_1.jpg!m_fill,w_280,h_210,f_jpg?from=ke.com
20240627,丰台,丰台其它,101121577024,精装修一居 南向采光好 满五年唯一大产权 可以贷款,190万,34303元/平,顶层 (共6层) | 2013年 | 1室1厅 | 55.39平米 | 南,https://ke-image.ljcdn.com/110000-inspection/pc1_wTFYroUuU.jpg!m_fill,w_280,h_210,f_jpg?from=ke.com
20240627,丰台,丰台其它,101121520587,长辛店东山坡二里户型方正 采光好,130万,26816元/平,顶层 (共4层) 2室0厅 | 48.48平米 | 南,https://ke-image.ljcdn.com/110000-inspection/pc1_Z2iKbf9Y5_1.jpg!m_fill,w_280,h_210,f_jpg?from=ke.com
20240627,丰台,丰台其它,101121478651,园博府 科技住宅 看房方便 环境好,730万,50485元/平,低楼层 (共18层) | 2014年 | 3室2厅 | 144.6平米 | 南 北,https://ke-image.ljcdn.com/110000-inspection/abe6cb3f-3919-4bfa-8114-32dbf3a4bf5f_1000.jpg!m_fill,w_280,h_210,f_jpg?from=ke.com
20240627,丰台,丰台其它,101121450261,建设三里 正规三居室 全明格局 看房随时,165万,24405元/平,高楼层 (共6层) 3室1厅 | 67.61平米 | 南 北,https://ke-image.ljcdn.com/110000-inspection/pc1_kv7cKmHsS_1.jpg!m_fill,w_280,h_210,f_jpg?from=ke.com
20240627,丰台,丰台其它,101121427783,中体奥林匹克花园一期 3室2厅 南 北房主自荐,522万,38748元/平,顶层 (共6层) 3室2厅 | 134.72平米 | 南 北,https://ke-image.ljcdn.com/110000-inspection/pc1_OP5yEyOIu_1.jpg!m_fill,w_280,h_210,f_jpg?from=ke.com
20240627,丰台,丰台其它,101121418742,精装修一居 满五年唯一 商品房本 南向采光充足,220万,39719元/平,顶层 (共6层) 1室1厅 | 55.39平米 | 南,https://ke-image.ljcdn.com/110000-inspection/pc1_ZjpKidHEx_1.jpg!m_fill,w_280,h_210,f_jpg?from=ke.com
20240627,丰台,丰台其它,101121377925,燕西华府C区别墅区联排小区中间临近水系,1650万,46966元/平,底层 (共2层) 5室2厅 | 351.32平米 | 南 东 西 北,https://ke-image.ljcdn.com/110000-inspection/54b7fce1-4ef2-4456-9c34-b91035b913a0_1000.jpg!m_fill,w_280,h_210,f_jpg?from=ke.com
20240627,丰台,丰台其它,101121275069,长馨园小区低楼层两居室南北通透看房方便靠谱卖,209万,29231元/平,低楼层 (共15层) | 2013年 | 2室1厅 | 71.5平米 | 南 北,https://ke-image.ljcdn.com/110000-inspection/pc1_3UkepFkPe_1.jpg!m_fill,w_280,h_210,f_jpg?from=ke.com
20240627,丰台,丰台其它,101121235650,崔村一里 满五年唯一 商品房两居 2002年房龄 中间楼层,275万,32506元/平,中楼层 (共6层) 2室1厅 | 84.6平米 | 南 北,https://ke-image.ljcdn.com/110000-inspection/pc1_ke7p9soYF_2.jpg!m_fill,w_280,h_210,f_jpg?from=ke.com
20240627,丰台,丰台其它,101121074926,珠光逸景一期 1室1厅 南,235万,42381元/平,顶层 (共6层) 1室1厅 | 55.45平米 | 南,https://ke-image.ljcdn.com/110000-inspection/pc1_haIHh6MPz_1.jpg!m_fill,w_280,h_210,f_jpg?from=ke.com
20240627,丰台,丰台其它,101121067896,卢西嘉园 满五唯一 户型方正 没有浪费面积 诚心卖,247万,29677元/平,顶层 (共6层) 2室2厅 | 83.23平米 | 南 北,https://ke-image.ljcdn.com/110000-inspection/pc1_YdkHumpG7_1.jpg!m_fill,w_280,h_210,f_jpg?from=ke.com
20240627,丰台,丰台其它,101120972495,满五年唯一 商品房两居 南北通透格局好 小区环境好,340万,33528元/平,高楼层 (共6层) 2室2厅 | 101.41平米 | 北 南,https://ke-image.ljcdn.com/110000-inspection/pc1_Ag6xtVRIu.jpg!m_fill,w_280,h_210,f_jpg?from=ke.com
20240627,丰台,丰台其它,101120905042,中体奥林匹克花园三期 装修保养好 新风系统 智能家具,800万,43420元/平,底层 (共6层) 3室3厅 | 184.25平米 | 南 北,https://ke-image.ljcdn.com/110000-inspection/pc1_TnA8xC9bW_1.jpg!m_fill,w_280,h_210,f_jpg?from=ke.com
20240627,丰台,丰台其它,101120859105,联排别墅 精装修 满五年唯一 业主诚心卖 有车位,790万,45737元/平,底层 (共3层) | 2007年 | 3室2厅 | 172.73平米 | 南 北,https://ke-image.ljcdn.com/110000-inspection/pc1_xRW8y4lYa_1.jpg!m_fill,w_280,h_210,f_jpg?from=ke.com
20240627,丰台,丰台其它,101120781672,泉湖西路1号院七区燕西华府C区,2690万,47867元/平,底层 (共3层) 8室1厅 | 561.98平米 | 南 北,https://ke-image.ljcdn.com/110000-inspection/pc1_WcBAsrvOZ.jpg!m_fill,w_280,h_210,f_jpg?from=ke.com
20240627,丰台,丰台其它,101120771871,东山坡三里 南北向 户型方正 采光充足,269万,22073元/平,顶层 (共6层) 3室2厅 | 121.87平米 | 南 北,https://ke-image.ljcdn.com/110000-inspection/pc1_orsQwkW74_1.jpg!m_fill,w_280,h_210,f_jpg?from=ke.com
20240627,丰台,丰台其它,101120771250,C区一层南北通透精装自主带地下室,690万,59483元/平,底层 (共6层) | 2018年 | 3室2厅 | 116平米 | 南 北,https://ke-image.ljcdn.com/110000-inspection/afa0a08e-3e63-427c-8bb6-6c498e52d119_1000.jpg!m_fill,w_280,h_210,f_jpg?from=ke.com
20240627,丰台,丰台其它,101120652876,南向两居 双卧朝南 采光好 满五年唯一 商品房 有钥匙,125万,23093元/平,中楼层 (共6层) 2室1厅 | 54.13平米 | 南 北,https://ke-image.ljcdn.com/110000-inspection/37de7776-009d-4ce5-a045-07190c22912a_1000.jpg!m_fill,w_280,h_210,f_jpg?from=ke.com
20240627,丰台,丰台其它,101120387788,珠江御景 4室2厅 南 北,608万,37915元/平,顶层 (共6层) | 2007年 | 4室2厅 | 160.36平米 | 南 北,https://ke-image.ljcdn.com/110000-inspection/pc1_tOEdNhbCS_1.jpg!m_fill,w_280,h_210,f_jpg?from=ke.com
20240627,丰台,丰台其它,101120339762,园博嘉园东西2居低楼层满五唯一商品房,349万,41386元/平,底层 (共15层) | 2015年 | 2室1厅 | 84.33平米 | 东 西,https://ke-image.ljcdn.com/110000-inspection/884d80d9-58db-438a-ab1d-68fdc671a366_1000.jpg!m_fill,w_280,h_210,f_jpg?from=ke.com
20240627,丰台,丰台其它,101120323342,花园北里 2室1厅 南 北,169万,24387元/平,中楼层 (共6层) | 1986年 | 2室1厅 | 69.3平米 | 南 北,https://ke-image.ljcdn.com/110000-inspection/pc1_vs9mo0Pvm_1.jpg!m_fill,w_280,h_210,f_jpg?from=ke.com
20240627,丰台,丰台其它,101120255149,胜利里 2室1厅 南,155万,30506元/平,中楼层 (共4层) 2室1厅 | 50.81平米 | 南,https://ke-image.ljcdn.com/110000-inspection/pc1_BnGedk5JS_1.jpg!m_fill,w_280,h_210,f_jpg?from=ke.com
20240627,丰台,丰台其它,101120062586,卢西嘉园 两居室 高楼层 视野好 看房随时,260万,25194元/平,顶层 (共6层) | 2006年 | 2室2厅 | 103.2平米 | 南 北,https://ke-image.ljcdn.com/110000-inspection/pc1_fNihLGL6y_1.jpg!m_fill,w_280,h_210,f_jpg?from=ke.com
20240627,丰台,丰台其它,101120054337,园博府  五年唯一 南北通透高楼层  视野好,1100万,57758元/平,高楼层 (共18层) | 2014年 | 4室2厅 | 190.45平米 | 南 北,https://ke-image.ljcdn.com/110000-inspection/pc1_HW0mfRwmh_1.jpg!m_fill,w_280,h_210,f_jpg?from=ke.com
20240627,丰台,丰台其它,101120032847,中体奥园二区中式装修楼上楼下活动空间多,1150万,41530元/平,底层 (共4层) 8室4厅 | 276.91平米 | 南 北,https://ke-image.ljcdn.com/110000-inspection/pc1_jjTiXCeAu_1.jpg!m_fill,w_280,h_210,f_jpg?from=ke.com
20240627,丰台,丰台其它,101119929155,东山坡二里 中间楼层 精装修 满五唯一,194万,36604元/平,中楼层 (共5层) 2室1厅 | 53平米 | 南 北,https://ke-image.ljcdn.com/110000-inspection/pc1_Ya1xD71eL.jpg!m_fill,w_280,h_210,f_jpg?from=ke.com
20240627,丰台,丰台其它,101119906799,西山甲一号 4室2厅 南 北,900万,62190元/平,中楼层 (共19层) 4室2厅 | 144.72平米 | 南 北,https://ke-image.ljcdn.com/110000-inspection/pc1_Qz7v8Jgst_1.jpg!m_fill,w_280,h_210,f_jpg?from=ke.com
20240627,丰台,丰台其它,101119789823,建设一里 3室1厅 东 西,128万,22177元/平,顶层 (共5层) 3室1厅 | 57.72平米 | 东 西,https://ke-image.ljcdn.com/110000-inspection/pc1_5cm6xrBn6_1.jpg!m_fill,w_280,h_210,f_jpg?from=ke.com
20240627,丰台,丰台其它,101119786693,崔村一里 2室1厅 南 北,188万,31990元/平,顶层 (共6层) 2室1厅 | 58.77平米 | 南 北,https://ke-image.ljcdn.com/110000-inspection/pc1_l5l6J4NUT_1.jpg!m_fill,w_280,h_210,f_jpg?from=ke.com
20240627,丰台,丰台其它,101119775963,中体奥林匹克花园三期   联排别墅   满五唯一,780万,31045元/平,底层 (共3层) | 2009年 | 5室2厅 | 251.25平米 | 南 北,https://ke-image.ljcdn.com/110000-inspection/pc1_14cd1cSnN_1.jpg!m_fill,w_280,h_210,f_jpg?from=ke.com
20240627,丰台,丰台其它,101119714378,山语城三区顶层复式户型、采光好。,690万,51416元/平,顶层 (共6层) 5室2厅 | 134.2平米 | 南 北,https://ke-image.ljcdn.com/110000-inspection/pc1_NZyVfKnRj.jpg!m_fill,w_280,h_210,f_jpg?from=ke.com
20240627,丰台,丰台其它,101119656757,卢西嘉园 中间楼层 采光视野好,285万,36306元/平,中楼层 (共6层) | 2007年 | 2室1厅 | 78.5平米 | 南 北,https://ke-image.ljcdn.com/110000-inspection/pc1_EKX6KyNnc_1.jpg!m_fill,w_280,h_210,f_jpg?from=ke.com
20240627,丰台,丰台其它,101119605576,汤泉墅精装修大3居自住保持好 洋房社区,480万,34673元/平,中楼层 (共6层) 3室1厅 | 138.44平米 | 南 北,https://ke-image.ljcdn.com/110000-inspection/pc1_XZrZlAdSZ.jpg!m_fill,w_280,h_210,f_jpg?from=ke.com
20240627,丰台,丰台其它,101119574152,中体奥林匹克花园一期 联排别墅 前后花园 诚心出售,799万,35315元/平,底层 (共3层) 4室2厅 | 226.25平米 | 南 北,https://ke-image.ljcdn.com/110000-inspection/pc1_VaXhaNwH2_1.jpg!m_fill,w_280,h_210,f_jpg?from=ke.com
20240627,丰台,丰台其它,101119577478,汤泉墅精装修3居室诚心出售看房方便,355万,37115元/平,底层 (共6层) | 2011年 | 3室1厅 | 95.65平米 | 南 北,https://ke-image.ljcdn.com/110000-inspection/pc1_FYMKs7fhn_1.jpg!m_fill,w_280,h_210,f_jpg?from=ke.com
20240627,丰台,丰台其它,101119575697,东山坡一里 2居室低楼层 满五年 业主诚心出售,148万,28963元/平,底层 (共6层) 2室1厅 | 51.1平米 | 南 东,https://ke-image.ljcdn.com/110000-inspection/prod-a0ab7cdd-a27f-40eb-a20e-a5440943d1c3.jpg!m_fill,w_280,h_210,f_jpg?from=ke.com
20240627,丰台,丰台其它,101119556056,建设一里 南北通透两居室 位置好,158万,25236元/平,中楼层 (共6层) | 1988年 | 2室1厅 | 62.61平米 | 北 南,https://ke-image.ljcdn.com/110000-inspection/10e59305-161f-402c-b5e2-7de6f201dc37_1000.jpg!m_fill,w_280,h_210,f_jpg?from=ke.com
20240627,丰台,丰台其它,101119152426,满五唯一精装修中间楼层电梯入户小区中间位置,618万,44557元/平,中楼层 (共6层) 3室2厅 | 138.7平米 | 南 北,https://ke-image.ljcdn.com/110000-inspection/75a4014d-b9f6-4d4c-ad40-215da8c0bc41_1000.jpg!m_fill,w_280,h_210,f_jpg?from=ke.com
20240627,丰台,丰台其它,101118948012,中体奥林匹克花园二期 9室2厅 南 北,1200万,40779元/平,地下室 (共3层) | 2008年 | 9室2厅 | 294.27平米 | 南 北,https://ke-image.ljcdn.com/110000-inspection/pc1_VY4LmhxZy_1.jpg!m_fill,w_280,h_210,f_jpg?from=ke.com
20240627,丰台,丰台其它,101118929938,建设三里 满五年唯一 南北通透 视野开阔,135万,24151元/平,中楼层 (共6层) 2室1厅 | 55.9平米 | 南 北,https://ke-image.ljcdn.com/110000-inspection/pc1_u5JmsB8kS.jpg!m_fill,w_280,h_210,f_jpg?from=ke.com
20240627,丰台,丰台其它,101118872782,满五唯一杜家坎小区南北通透三居双卧室朝南,239万,35908元/平,低楼层 (共6层) 3室1厅 | 66.56平米 | 南 北,https://ke-image.ljcdn.com/110000-inspection/pc1_0TvlX0i6k_1.jpg!m_fill,w_280,h_210,f_jpg?from=ke.com
20240627,丰台,丰台其它,101118863306,汤泉墅二区顶层复式结构精装修诚心出售,429万,44749元/平,顶层 (共5层) | 2013年 | 3室2厅 | 95.87平米 | 南 北,https://ke-image.ljcdn.com/110000-inspection/pc1_GXZQZyLZF.jpg!m_fill,w_280,h_210,f_jpg?from=ke.com
20240627,丰台,丰台其它,101118860140,永兴里 3室1厅 南 北,259万,28772元/平,高楼层 (共6层) 3室1厅 | 90.02平米 | 南 北,https://ke-image.ljcdn.com/110000-inspection/pc1_yzCSjVURL_1.jpg!m_fill,w_280,h_210,f_jpg?from=ke.com
20240627,丰台,丰台其它,101118785900,珠光逸景一期满五唯一南北通透三居花园洋房带电梯,420万,45608元/平,中楼层 (共6层) | 2013年 | 3室1厅 | 92.09平米 | 南 北,https://ke-image.ljcdn.com/110000-inspection/pc1_5RNnjXHvk.jpg!m_fill,w_280,h_210,f_jpg?from=ke.com
20240627,丰台,丰台其它,101118771044,东山坡三里 4室2厅 南 北,425万,25491元/平,顶层 (共6层) 4室2厅 | 166.73平米 | 南 北,https://ke-image.ljcdn.com/110000-inspection/pc1_zZch6CPF0_1.jpg!m_fill,w_280,h_210,f_jpg?from=ke.com
20240627,丰台,丰台其它,101118725732,卢西嘉园 南北两居室  采光好 满五唯一房主自荐,249万,30821元/平,顶层 (共6层) | 2006年 | 2室1厅 | 80.79平米 | 南 北,https://ke-image.ljcdn.com/110000-inspection/pc1_gJcZS6JzJ_1.jpg!m_fill,w_280,h_210,f_jpg?from=ke.com
20240627,丰台,丰台其它,101118678819,领秀翡翠山B区 一楼带下跃 南边花园 中间户,750万,46234元/平,底层 (共5层) 3室1厅 | 162.22平米 | 南 北,https://ke-image.ljcdn.com/110000-inspection/77372c9f-1ca1-487c-9325-cf7e4bdcac8e_1000.jpg!m_fill,w_280,h_210,f_jpg?from=ke.com
20240627,丰台,丰台其它,101118505021,燕西华府 上叠产品 位置好  北向花园,950万,46886元/平,中楼层 (共4层) 4室2厅 | 202.62平米 | 南 北,https://ke-image.ljcdn.com/110000-inspection/pc1_ND80aXo1b_2.jpg!m_fill,w_280,h_210,f_jpg?from=ke.com
20240627,丰台,丰台其它,101118498708,中体奥林匹克花园一期   楼梯房  环境优美 适合居住,310万,30569元/平,高楼层 (共6层) | 2007年 | 2室2厅 | 101.41平米 | 南 北,https://ke-image.ljcdn.com/110000-inspection/prod-d6453b24-fe85-4136-8906-add1b4507481.jpg!m_fill,w_280,h_210,f_jpg?from=ke.com
20240627,丰台,丰台其它,101118488551,珠江御景 满五唯一 复式结构 随时看房,555万,40335元/平,高楼层 (共11层) 3室2厅 | 137.6平米 | 南 北,https://ke-image.ljcdn.com/110000-inspection/pc1_OhLiNUXL8.jpg!m_fill,w_280,h_210,f_jpg?from=ke.com
20240627,丰台,丰台其它,101118273615,卢西嘉园 南北通透两居室 不临高速路 采光充足,230万,29255元/平,顶层 (共6层) 2室1厅 | 78.62平米 | 南 北,https://ke-image.ljcdn.com/110000-inspection/pc1_O3UPEqyZc_1.jpg!m_fill,w_280,h_210,f_jpg?from=ke.com
20240627,丰台,丰台其它,101118219865,园博嘉园 满五唯一 采光好 诚心卖,260万,44983元/平,底层 (共15层) | 2015年 | 1室1厅 | 57.8平米 | 西,https://ke-image.ljcdn.com/110000-inspection/pc1_tlLBqnLHU_1.jpg!m_fill,w_280,h_210,f_jpg?from=ke.com
20240627,丰台,丰台其它,101118166204,红山郡 商品房 只有契税 采光好,165万,34070元/平,中楼层 (共17层) | 2017年 | 1室1厅 | 48.43平米 | 南 北,https://ke-image.ljcdn.com/110000-inspection/23a19f20-16fa-42e2-bd75-ee477342f201_1000.jpg!m_fill,w_280,h_210,f_jpg?from=ke.com
20240627,丰台,丰台其它,101118121791,东山坡三里精装四居随时可看诚心出售,445万,26690元/平,顶层 (共6层) 4室2厅 | 166.73平米 | 南 北,https://ke-image.ljcdn.com/110000-inspection/pc1_l8dLkAvKb_1.jpg!m_fill,w_280,h_210,f_jpg?from=ke.com
20240627,丰台,丰台其它,101118064240,辛佳小镇南北通透三居随时可看,305万,24970元/平,顶层 (共6层) | 2002年 | 3室2厅 | 122.15平米 | 南 北,https://ke-image.ljcdn.com/110000-inspection/pc1_ufWxm8uA3_1.jpg!m_fill,w_280,h_210,f_jpg?from=ke.com
20240627,丰台,丰台其它,101118059310,大灰厂小区 双卧朝南 满五唯一,170万,27314元/平,中楼层 (共6层) 2室1厅 | 62.24平米 | 南 北,https://ke-image.ljcdn.com/110000-inspection/pc1_fPGLWEtRL_1.jpg!m_fill,w_280,h_210,f_jpg?from=ke.com
20240627,丰台,丰台其它,101118059025,大灰厂小区 低楼层 满五唯一 无遮挡,135万,21210元/平,底层 (共6层) 2室1厅 | 63.65平米 | 南 北,https://ke-image.ljcdn.com/110000-inspection/pc1_lp7ZchcBQ_1.jpg!m_fill,w_280,h_210,f_jpg?from=ke.com
20240627,丰台,丰台其它,101118054356,永兴里 通透三居室 低单价满五年,216万,24140元/平,高楼层 (共6层) 3室1厅 | 89.48平米 | 东 西,https://ke-image.ljcdn.com/110000-inspection/pc1_XsaEYy1zN_1.jpg!m_fill,w_280,h_210,f_jpg?from=ke.com
20240627,丰台,丰台其它,101118048224,长辛店东山坡一里 满五唯一 采光好,168万,27054元/平,高楼层 (共6层) | 1992年 | 2室1厅 | 62.1平米 | 南 北,https://ke-image.ljcdn.com/110000-inspection/pc1_mYo1nZkaL_1.jpg!m_fill,w_280,h_210,f_jpg?from=ke.com
20240627,丰台,丰台其它,101118047578,山语城一区 5室1厅 南 北,646万,53651元/平,底层 (共6层) 5室1厅 | 120.41平米 | 南 北,https://ke-image.ljcdn.com/110000-inspection/pc1_JR4PjpYQS.jpg!m_fill,w_280,h_210,f_jpg?from=ke.com
20240627,丰台,丰台其它,101118027521,丰台区汤泉墅 复式结构 电梯洋房精装修,650万,41270元/平,顶层 (共6层) | 2011年 | 5室1厅 | 157.5平米 | 南 北,https://ke-image.ljcdn.com/110000-inspection/pc1_LMJdQLDAW_1.jpg!m_fill,w_280,h_210,f_jpg?from=ke.com
20240627,丰台,丰台其它,101118011779,南宫雅苑二期 南北通透三居室 中间层 满五唯一,450万,35121元/平,中楼层 (共5层) | 2009年 | 3室2厅 | 128.13平米 | 南 北,https://ke-image.ljcdn.com/110000-inspection/pc1_GVJoukd5b_1.jpg!m_fill,w_280,h_210,f_jpg?from=ke.com
20240627,丰台,丰台其它,101118011685,汤泉墅 1室1厅 南 北,212万,38708元/平,底层 (共6层) 1室1厅 | 54.77平米 | 南 北,https://ke-image.ljcdn.com/110000-inspection/pc1_sU65xaalG.jpg!m_fill,w_280,h_210,f_jpg?from=ke.com
20240627,丰台,丰台其它,101117910687,西山甲一号下跃户型 格局方正 诚心出售,1180万,81195元/平,底层 (共15层) 4室2厅 | 145.33平米 | 南 北,https://ke-image.ljcdn.com/110000-inspection/pc1_Xy0MIuD5z_1.jpg!m_fill,w_280,h_210,f_jpg?from=ke.com
20240627,丰台,丰台其它,101117750491,温泉入户 精装修大四居 电梯洋房,649万,37071元/平,低楼层 (共6层) | 2015年 | 4室2厅 | 175.07平米 | 南 北,https://ke-image.ljcdn.com/110000-inspection/pc1_a2TYIKP39_1.jpg!m_fill,w_280,h_210,f_jpg?from=ke.com
20240627,丰台,丰台其它,101117633239,园博府 南北通透 上下跃层 视野开阔 环境好,1680万,59325元/平,高楼层 (共19层) | 2014年 | 5室2厅 | 283.19平米 | 南 北,https://ke-image.ljcdn.com/110000-inspection/pc1_GHOE0PWro_1.jpg!m_fill,w_280,h_210,f_jpg?from=ke.com
20240627,丰台,丰台其它,101116916339,中体奥林匹克花园三期 4室2厅 北 南,1085万,43130元/平,地下室 (共3层) 4室2厅 | 251.57平米 | 北 南,https://ke-image.ljcdn.com/110000-inspection/pc1_OPo66LlJo.jpg!m_fill,w_280,h_210,f_jpg?from=ke.com
20240627,丰台,丰台其它,101116109005,婚房装修没怎么住满五唯一中体奥林匹克花园二期,898万,39992元/平,底层 (共3层) 4室3厅 | 224.55平米 | 南 北,https://ke-image.ljcdn.com/110000-inspection/acf6fa7e-38f3-4f79-b177-167ea93563f9_1000.jpg!m_fill,w_280,h_210,f_jpg?from=ke.com
20240627,丰台,丰台其它,101115284077,园博府  联排别墅 新风系统恒湿恒温的科技住宅,1925万,53382元/平,底层 (共3层) 5室2厅 | 360.61平米 | 南 北,https://ke-image.ljcdn.com/110000-inspection/pc1_UuH7E4rog.jpg!m_fill,w_280,h_210,f_jpg?from=ke.com
20240627,丰台,丰台其它,101114096860,中体奥林匹克花园三期联排别墅南北通透产权清晰,890万,35511元/平,底层 (共3层) | 2009年 | 4室2厅 | 250.63平米 | 南 北,https://ke-image.ljcdn.com/110000-inspection/pc1_AiHySBvnn_1.jpg!m_fill,w_280,h_210,f_jpg?from=ke.com
20240627,丰台,丰台其它,101112640745,中体奥林匹克花园一期 南北通透三居 视野宽阔采光充足,498万,36966元/平,顶层 (共6层) 3室2厅 | 134.72平米 | 南 北,https://ke-image.ljcdn.com/110000-inspection/pc1_RA97yklT6_1.jpg!m_fill,w_280,h_210,f_jpg?from=ke.com
20240627,丰台,丰台其它,101112589534,珠江御景 满五唯一 商品房 带电梯,525万,37751元/平,顶层 (共6层) 3室2厅 | 139.07平米 | 南 北,https://ke-image.ljcdn.com/110000-inspection/pc1_hwPTaBSEK_1.jpg!m_fill,w_280,h_210,f_jpg?from=ke.com
20240627,丰台,丰台其它,101103612474,中体奥林匹克花园三期 大四居 南北通透 叠拼户型,900万,42407元/平,中楼层 (共6层) 4室3厅 | 212.23平米 | 南 北,https://ke-image.ljcdn.com/110000-inspection/prod-d242b83d-bde8-4ead-af8a-79584a647f83.jpg!m_fill,w_280,h_210,f_jpg?from=ke.com
20240627,丰台,丰台其它,101125150391,珠江御景 3室2厅 南 北新上,418万,30111元/平,高楼层 (共6层) 3室2厅 | 138.82平米 | 南 北,https://s1.ljcdn.com/pegasus/redskull/images/common/default_house_list.png?_v=20240624162946
20240627,丰台,丰台其它,101125126489,燕西华府 4室2厅 南 北新上,938万,49517元/平,中楼层 (共6层) 4室2厅 | 189.43平米 | 南 北,https://s1.ljcdn.com/pegasus/redskull/images/common/default_house_list.png?_v=20240624162946
20240627,丰台,丰台其它,101125103264,珠光逸景二期 1室1厅 南新上,200万,36069元/平,顶层 (共6层) 1室1厅 | 55.45平米 | 南,https://s1.ljcdn.com/pegasus/redskull/images/common/default_house_list.png?_v=20240624162946
20240627,丰台,丰台其它,101125097307,西山甲一号 4室2厅 东南 北新上,1080万,58998元/平,低楼层 (共14层) 4室2厅 | 183.06平米 | 东南 北,https://s1.ljcdn.com/pegasus/redskull/images/common/default_house_list.png?_v=20240624162946
20240627,丰台,丰台其它,101125059688,园博嘉园 2室1厅 南 北新上,450万,51318元/平,中楼层 (共15层) 2室1厅 | 87.69平米 | 南 北,https://s1.ljcdn.com/pegasus/redskull/images/common/default_house_list.png?_v=20240624162946
20240627,丰台,丰台其它,101124987774,珠光逸景一期 1室1厅 南,175万,31560元/平,低楼层 (共6层) 1室1厅 | 55.45平米 | 南,https://s1.ljcdn.com/pegasus/redskull/images/common/default_house_list.png?_v=20240624162946
20240627,丰台,丰台其它,101124937710,山语城一区 4室2厅 南 北,800万,54987元/平,底层 (共6层) 4室2厅 | 145.49平米 | 南 北,https://s1.ljcdn.com/pegasus/redskull/images/common/default_house_list.png?_v=20240624162946
20240627,丰台,丰台其它,101124784585,园博府 科技住宅满五唯一明厨明卫,1080万,56708元/平,中楼层 (共18层) | 2014年 | 4室2厅 | 190.45平米 | 南 北,https://s1.ljcdn.com/pegasus/redskull/images/common/default_house_list.png?_v=20240624162946
20240627,丰台,丰台其它,101124676550,中奥广场首站 1室0厅 北,88万,21119元/平,中楼层 (共6层) 1室0厅 | 41.67平米 | 北,https://s1.ljcdn.com/pegasus/redskull/images/common/default_house_list.png?_v=20240624162946
20240627,丰台,丰台其它,101124643357,西山甲一号 1室1厅 西,115万,30981元/平,低楼层 (共14层) 1室1厅 | 37.12平米 | 西,https://s1.ljcdn.com/pegasus/redskull/images/common/default_house_list.png?_v=20240624162946
20240627,丰台,丰台其它,101124578877,珠光逸景一期 2室1厅 南 北,279万,37500元/平,高楼层 (共6层) 2室1厅 | 74.4平米 | 南 北,https://s1.ljcdn.com/pegasus/redskull/images/common/default_house_list.png?_v=20240624162946
20240627,丰台,丰台其它,101124549807,中奥嘉园二期 1室1厅 西,150万,28539元/平,中楼层 (共15层) 1室1厅 | 52.56平米 | 西,https://s1.ljcdn.com/pegasus/redskull/images/common/default_house_list.png?_v=20240624162946
20240627,丰台,丰台其它,101124478665,领秀翡翠山A区 中间层 精装三居室,660万,42669元/平,中楼层 (共6层) | 2014年 | 3室2厅 | 154.68平米 | 南 北,https://s1.ljcdn.com/pegasus/redskull/images/common/default_house_list.png?_v=20240624162946
20240627,丰台,丰台其它,101124409993,中奥广场首站 1室1厅 北,110万,32033元/平,底层 (共6层) 1室1厅 | 34.34平米 | 北,https://s1.ljcdn.com/pegasus/redskull/images/common/default_house_list.png?_v=20240624162946
20240627,丰台,丰台其它,101124376845,车位出售方便看位置不错靠谱出售,25万,8675元/平,地下室 1室0厅 | 28.82平米 | 南,https://s1.ljcdn.com/pegasus/redskull/images/common/default_house_list.png?_v=20240624162946
20240627,丰台,丰台其它,101124280409,西山甲一号 1室0厅 南,122万,30243元/平,顶层 (共14层) 1室0厅 | 40.34平米 | 南,https://s1.ljcdn.com/pegasus/redskull/images/common/default_house_list.png?_v=20240624162946
20240627,丰台,丰台其它,101124122633,园博嘉园 2室2厅 南 北,480万,54540元/平,低楼层 (共15层) | 2014年 | 2室2厅 | 88.01平米 | 南 北,https://s1.ljcdn.com/pegasus/redskull/images/common/default_house_list.png?_v=20240624162946
20240627,丰台,丰台其它,101124027840,西山甲一号 1室1厅 南,129万,34903元/平,高楼层 (共14层) 1室1厅 | 36.96平米 | 南,https://s1.ljcdn.com/pegasus/redskull/images/common/default_house_list.png?_v=20240624162946
20240627,丰台,丰台其它,101123992334,中奥广场首站满五唯一商办两用房,95万,20278元/平,顶层 (共5层) 1室0厅 | 46.85平米 | 南,https://s1.ljcdn.com/pegasus/redskull/images/common/default_house_list.png?_v=20240624162946
20240627,丰台,丰台其它,101123725190,中奥广场首站 1室1厅 南,75万,17390元/平,顶层 (共6层) 1室1厅 | 43.13平米 | 南,https://s1.ljcdn.com/pegasus/redskull/images/common/default_house_list.png?_v=20240624162946
20240627,丰台,丰台其它,101123563610,山语城 车位,16万,4849元/平,地下室 (共6层) 1室0厅 | 33平米 | 南,https://ke-image.ljcdn.com/110000-inspection/06e5159b-9406-48e5-a7fc-89e48501939b.jpg!m_fill,w_280,h_210,f_jpg?from=ke.com
20240627,丰台,丰台其它,101123558860,中奥广场首站带电梯南向采光好,105万,18899元/平,高楼层 (共6层) 1室1厅 | 55.56平米 | 南,https://s1.ljcdn.com/pegasus/redskull/images/common/default_house_list.png?_v=20240624162946
20240627,丰台,丰台其它,101123180167,中奥广场首站 1室1厅 西南,90万,22278元/平,顶层 (共6层) 1室1厅 | 40.4平米 | 西南,https://s1.ljcdn.com/pegasus/redskull/images/common/default_house_list.png?_v=20240624162946
20240627,丰台,丰台其它,101122807103,西山甲一号 1室0厅 北,80万,31596元/平,中楼层 (共14层) 1室0厅 | 25.32平米 | 北,https://s1.ljcdn.com/pegasus/redskull/images/common/default_house_list.png?_v=20240624162946
20240627,丰台,丰台其它,101122631134,燕西华府南北通透带楼台精装修三面采,1300万,54862元/平,中楼层 (共4层) | 2016年 | 6室4厅 | 236.96平米 | 南 西 北,https://ke-image.ljcdn.com/110000-inspection/98d18677-f395-4765-a374-fab11ce4b426.jpg!m_fill,w_280,h_210,f_jpg?from=ke.com
20240627,丰台,丰台其它,101122439032,中奥广场首站 1室1厅 南,76万,19197元/平,中楼层 (共6层) 1室1厅 | 39.59平米 | 南,https://s1.ljcdn.com/pegasus/redskull/images/common/default_house_list.png?_v=20240624162946
20240627,丰台,丰台其它,101121934020,中奥广场首站 2室1厅 东,150万,18565元/平,低楼层 (共6层) | 2013年 | 2室1厅 | 80.8平米 | 东,https://s1.ljcdn.com/pegasus/redskull/images/common/default_house_list.png?_v=20240624162946
20240627,丰台,丰台其它,101120822181,山语城 车位,17万,4848元/平,地下室 (共6层) 1室0厅 | 35.07平米 | 南,https://ke-image.ljcdn.com/110000-inspection/7a55c21d-68ec-49be-96ea-f66faf434eea.jpg!m_fill,w_280,h_210,f_jpg?from=ke.com
20240627,丰台,丰台其它,101119606035,山语城一区地下车库10号楼位置,18万,4767元/平,地下室 (共6层) 1室0厅 | 37.76平米 | 南,https://ke-image.ljcdn.com/110000-inspection/5fbdd72a-db03-4dc2-a0aa-f8375b7d1093.jpg!m_fill,w_280,h_210,f_jpg?from=ke.com
20240627,丰台,丰台其它,101119596906,山语城 车位,28万,8833元/平,地下室 (共6层) 1室0厅 | 31.7平米 | 南,https://ke-image.ljcdn.com/110000-inspection/458de62d-0840-4b89-ad8d-e82fabc5888e.jpg!m_fill,w_280,h_210,f_jpg?from=ke.com
20240627,丰台,丰台其它,101118866209,中奥广场首站 1室1厅 西,110万,17441元/平,中楼层 (共6层) 1室1厅 | 63.07平米 | 西,https://s1.ljcdn.com/pegasus/redskull/images/common/default_house_list.png?_v=20240624162946
20240627,丰台,丰台其它,101118583483,中奥广场首站只能全款有电梯小区人车分流,86万,20997元/平,中楼层 (共6层) | 2013年 | 1室0厅 | 40.96平米 | 南,https://s1.ljcdn.com/pegasus/redskull/images/common/default_house_list.png?_v=20240624162946
20240627,丰台,丰台其它,101117977802,山语城 车位,21万,6282元/平,地下室 (共6层) | 2012年 | 1室0厅 | 33.43平米 | 南,https://ke-image.ljcdn.com/110000-inspection/fdfb256d61422fef69c29016cb6eabe0-086.jpg!m_fill,w_280,h_210,f_jpg?from=ke.com
20240627,丰台,丰台其它,101117977780,山语城一区的产权车库业主诚心出售。50年正规产权,19万,5609元/平,地下室 (共6层) | 2012年 | 1室0厅 | 33.88平米 | 南,https://ke-image.ljcdn.com/110000-inspection/78aa7a92-f7f8-4a5e-bd3f-b029bb092f65.jpg!m_fill,w_280,h_210,f_jpg?from=ke.com
20240627,丰台,丰台其它,101117977775,山语城一区的产权车库业主诚心出售。50年正规产权,19万,5684元/平,地下室 (共6层) | 2012年 | 1室0厅 | 33.43平米 | 南,https://ke-image.ljcdn.com/110000-inspection/4a10fd5a-561e-4a8c-839f-fbb5a44949a2.jpg!m_fill,w_280,h_210,f_jpg?from=ke.com
20240627,丰台,丰台其它,101109837145,中体奥园三区联排4居室诚售满五年唯一精装修房主自荐,950万,36066元/平,底层 (共3层) | 2009年 | 4室3厅 | 263.41平米 | 南 北,https://ke-image.ljcdn.com/110000-inspection/3fdb7eb9e0eff8706f6a977fd3031f9b-050.jpg!m_fill,w_280,h_210,f_jpg?from=ke.com
