20231219,丰台,万源,101122259185,万源南里 2室1厅 南 北必看好房,220万,36913元/平,中楼层 (共6层) | 1994年 | 2室1厅 | 59.6平米 | 南 北,https://ke-image.ljcdn.com/110000-inspection/9417eafe-0d07-476c-a1fc-c59e532379ad_1000.jpg!m_fill,w_280,h_210,f_jpg?from=ke.com
20231219,丰台,万源,101122196611,梅源里小区 3室1厅 东 南 北必看好房,515万,61944元/平,中楼层 (共7层) | 1997年 | 3室1厅 | 83.14平米 | 东 南 北,https://ke-image.ljcdn.com/110000-inspection/336c1ea8-1adf-4a7c-9dda-51fae858cec4_1000.jpg!m_fill,w_280,h_210,f_jpg?from=ke.com
20231219,丰台,万源,101121634830,东高地万源南里 中间层 南北通透小三居必看好房,220万,38328元/平,中楼层 (共5层) | 1980年 | 3室1厅 | 57.4平米 | 南 北,https://ke-image.ljcdn.com/110000-inspection/23e365dd-e9f2-44b6-890f-0ff512f66333_1000.jpg!m_fill,w_280,h_210,f_jpg?from=ke.com
20231219,丰台,万源,101121623143,东高地益丰园小区南向两居电梯高层采光视野很好必看好房,395万,44543元/平,高楼层 (共16层) 2室1厅 | 88.68平米 | 南,https://ke-image.ljcdn.com/110000-inspection/37f3604d-a633-4a00-9b86-131797468148_1000.jpg!m_fill,w_280,h_210,f_jpg?from=ke.com
20231219,丰台,万源,101121296207,丰台区 万源东里 两居室 全南向必看好房,233万,46048元/平,中楼层 (共5层) | 1980年 | 2室1厅 | 50.6平米 | 南,https://ke-image.ljcdn.com/110000-inspection/40d7fc7f-960f-4a75-8110-492d765c405b_1000.jpg!m_fill,w_280,h_210,f_jpg?from=ke.com
20231219,丰台,万源,101122242674,东高地六营门 低楼层无遮挡 全南两居 诚心出售,305万,54271元/平,低楼层 (共6层) | 1985年 | 2室1厅 | 56.2平米 | 南,https://ke-image.ljcdn.com/110000-inspection/f19362a6-9a87-4e51-b9d3-93268e4a2e7c_1000.jpg!m_fill,w_280,h_210,f_jpg?from=ke.com
20231219,丰台,万源,101122004443,三角地 3室1厅 南 北必看好房,238万,40135元/平,低楼层 (共6层) 3室1厅 | 59.3平米 | 南 北,https://ke-image.ljcdn.com/110000-inspection/f0b40d96-75ec-45c2-8750-c6847e1b7582_1000.jpg!m_fill,w_280,h_210,f_jpg?from=ke.com
20231219,丰台,万源,101121608143,东高地万源南里 新上三居 南北通透 户型方正 满五唯一,339万,42535元/平,高楼层 (共6层) | 1988年 | 3室1厅 | 79.7平米 | 南 北,https://ke-image.ljcdn.com/110000-inspection/424f2daa-8239-462b-a93b-0651eaa6b698_1000.jpg!m_fill,w_280,h_210,f_jpg?from=ke.com
20231219,丰台,万源,101121322707,桃源里 中间楼层 南北通透 客厅有窗户 满五年唯一,299万,46939元/平,中楼层 (共6层) 2室1厅 | 63.7平米 | 东 南 北,https://ke-image.ljcdn.com/110000-inspection/db82d563-e545-4abc-a4c6-ab900a99aed0_1000.jpg!m_fill,w_280,h_210,f_jpg?from=ke.com
20231219,丰台,万源,101121166830,万源西里南北通透三居室 低楼层 出行方便,479万,50742元/平,底层 (共4层) 3室1厅 | 94.4平米 | 南 北,https://ke-image.ljcdn.com/110000-inspection/6a4378af-2b87-4eff-b651-102342f8dab7_1000.jpg!m_fill,w_280,h_210,f_jpg?from=ke.com
20231219,丰台,万源,101121161557,万源北路7号院 2室1厅 南 北必看好房,396万,44400元/平,中楼层 (共10层) 2室1厅 | 89.19平米 | 南 北,https://ke-image.ljcdn.com/110000-inspection/95370d94-9110-4c2a-b7a2-b3d648995930_1000.jpg!m_fill,w_280,h_210,f_jpg?from=ke.com
20231219,丰台,万源,101121134004,万源北路7号院满五唯一两居室 诚心出售 生活便利必看好房,338万,38046元/平,低楼层 (共12层) | 2013年 | 2室1厅 | 88.84平米 | 东南,https://ke-image.ljcdn.com/110000-inspection/30066554-68bc-46fa-8793-60b486f7600b_1000.jpg!m_fill,w_280,h_210,f_jpg?from=ke.com
20231219,丰台,万源,101120961912,桃源里 中间层三居室 位置好不临街,368万,44125元/平,中楼层 (共6层) 3室1厅 | 83.4平米 | 南 北,https://ke-image.ljcdn.com/110000-inspection/pc1_aycRgtakj_1.jpg!m_fill,w_280,h_210,f_jpg?from=ke.com
20231219,丰台,万源,101118147397,桃源里低楼层南北通透户型方正交通便利,295万,44030元/平,低楼层 (共6层) | 1994年 | 2室1厅 | 67平米 | 南 北,https://ke-image.ljcdn.com/110000-inspection/2119cc68-ce57-4d3d-8a00-abfb50ee64e9_1000.jpg!m_fill,w_280,h_210,f_jpg?from=ke.com
20231219,丰台,万源,101122200300,益丰园电梯两居东南朝向 诚心出售 随时看房必看好房,376万,43509元/平,低楼层 (共16层) | 2005年 | 2室1厅 | 86.42平米 | 东 南,https://ke-image.ljcdn.com/110000-inspection/pc1_o5RPI747h_1.jpg!m_fill,w_280,h_210,f_jpg?from=ke.com
20231219,丰台,万源,101122163128,东高地桃源里 低楼层双卧朝南 随时看房必看好房,248万,38272元/平,低楼层 (共6层) 2室1厅 | 64.8平米 | 南,https://ke-image.ljcdn.com/110000-inspection/23bd0296-e3b0-4b07-9a3e-2bbccf7067e5_1000.jpg!m_fill,w_280,h_210,f_jpg?from=ke.com
20231219,丰台,万源,101121923905,万源西里低层小两居 南北通透 满五年唯一必看好房,195万,52279元/平,底层 (共4层) 1室1厅 | 37.3平米 | 南 北,https://ke-image.ljcdn.com/110000-inspection/1afbbf45-78c9-47c8-a5cc-8fe405e3e0d7_1000.jpg!m_fill,w_280,h_210,f_jpg?from=ke.com
20231219,丰台,万源,101121760876,三角地南北通透三居全明格局层高3米居住舒适有花园必看好房,356万,43628元/平,底层 (共5层) 3室1厅 | 81.6平米 | 南 北,https://ke-image.ljcdn.com/110000-inspection/pc1_MmnSF1t97.jpg!m_fill,w_280,h_210,f_jpg?from=ke.com
20231219,丰台,万源,101122256403,益丰园小区电梯房西南大两居2005年建成仅契税,370万,42815元/平,中楼层 (共16层) 2室1厅 | 86.42平米 | 西南,https://ke-image.ljcdn.com/110000-inspection/cad2e79c-6be2-41b1-9f2a-91a167ef40aa_1000.jpg!m_fill,w_280,h_210,f_jpg?from=ke.com
20231219,丰台,万源,101122092674,梅源里小区 南北通透正规2居室 满五唯一 采光好,430万,62067元/平,中楼层 (共7层) | 1997年 | 2室1厅 | 69.28平米 | 南 北,https://ke-image.ljcdn.com/110000-inspection/787c248e-b734-4ab8-a9d2-c1076ba478fc_1000.jpg!m_fill,w_280,h_210,f_jpg?from=ke.com
20231219,丰台,万源,101122079048,万源北路9号院 2室1厅 南 北,309万,50326元/平,高楼层 (共6层) | 1985年 | 2室1厅 | 61.4平米 | 南 北,https://ke-image.ljcdn.com/110000-inspection/a360c8a8-8f23-44d0-9d63-9260be85b995_1000.jpg!m_fill,w_280,h_210,f_jpg?from=ke.com
20231219,丰台,万源,101122014280,东高地 1室1厅 东 西,238万,48325元/平,高楼层 (共6层) | 1994年 | 1室1厅 | 49.25平米 | 东 西,https://ke-image.ljcdn.com/110000-inspection/68ba7742-559a-4568-af02-4ef356b4f756_1000.jpg!m_fill,w_280,h_210,f_jpg?from=ke.com
20231219,丰台,万源,101121980635,航天部大社区 2006年电梯 南北通透 一梯两户,420万,43874元/平,中楼层 (共11层) | 2006年 | 2室2厅 | 95.73平米 | 北 南,https://ke-image.ljcdn.com/110000-inspection/pc1_ACgl9JQ19.jpg!m_fill,w_280,h_210,f_jpg?from=ke.com
20231219,丰台,万源,101121968944,东高地三角地2.8米层高南北通透 冬暖夏凉就是它,246万,39235元/平,顶层 (共6层) | 1985年 | 2室1厅 | 62.7平米 | 南 北,https://ke-image.ljcdn.com/110000-inspection/d7190f1c-270d-48f5-80d2-2af76e6a25be_1000.jpg!m_fill,w_280,h_210,f_jpg?from=ke.com
20231219,丰台,万源,101121962417,东高地益丰园       益丰园小区,418万,39301元/平,低楼层 (共16层) 3室1厅 | 106.36平米 | 南 北 东,https://ke-image.ljcdn.com/110000-inspection/0ed97b09-9416-4738-b13f-e68ff38d6135_1000.jpg!m_fill,w_280,h_210,f_jpg?from=ke.com
20231219,丰台,万源,101121961502,地铁8号线电梯改善双卫大三居 闹中取静配套齐全,486万,41922元/平,低楼层 (共15层) | 2013年 | 3室1厅 | 115.93平米 | 南 西 北,https://ke-image.ljcdn.com/110000-inspection/pc1_CdDNAshgR.jpg!m_fill,w_280,h_210,f_jpg?from=ke.com
20231219,丰台,万源,101121959595,地铁8号线 益丰园 南北两居 采光好 视野开阔 诚心出售,247万,43795元/平,顶层 (共6层) | 1998年 | 2室1厅 | 56.4平米 | 南 北,https://ke-image.ljcdn.com/110000-inspection/b11b81f1-5798-4c2e-a63b-391869b994ca_1000.jpg!m_fill,w_280,h_210,f_jpg?from=ke.com
20231219,丰台,万源,101121942427,六营门小区2居室采光通风好无遮挡交通便利,302万,52890元/平,高楼层 (共6层) | 1986年 | 2室1厅 | 57.1平米 | 南,https://ke-image.ljcdn.com/110000-inspection/b6acc313-7cab-491a-a241-d8d3e1396d73_1000.jpg!m_fill,w_280,h_210,f_jpg?from=ke.com
20231219,丰台,万源,101121925600,六营门 南北通透采光好 出行便利 配套齐全,295万,50601元/平,顶层 (共6层) | 1986年 | 2室2厅 | 58.3平米 | 南 北,https://ke-image.ljcdn.com/110000-inspection/d81072ef-20d2-40df-8a7f-c738774be822_1000.jpg!m_fill,w_280,h_210,f_jpg?from=ke.com
20231219,丰台,万源,101121924217,东高地站三角地 板楼3层南北通透精装两居,218万,41367元/平,中楼层 (共5层) | 1963年 | 2室1厅 | 52.7平米 | 南 北,https://ke-image.ljcdn.com/110000-inspection/8371682e-69db-4dfc-ae9f-f165041d5d14_1000.jpg!m_fill,w_280,h_210,f_jpg?from=ke.com
20231219,丰台,万源,101121880153,六营门小区 2室1厅 南 北,335万,55464元/平,高楼层 (共6层) | 1985年 | 2室1厅 | 60.4平米 | 南 北,https://ke-image.ljcdn.com/110000-inspection/4824239a-0493-4912-b447-206fb3a3d35c_1000.jpg!m_fill,w_280,h_210,f_jpg?from=ke.com
20231219,丰台,万源,101121863535,东高地三角地只有契税南北通透1992年两居不临街,224万,37459元/平,顶层 (共6层) 2室1厅 | 59.8平米 | 南 北,https://ke-image.ljcdn.com/110000-inspection/0cadd8c0-a320-4bb3-b5a3-21e374a4d1bb_1000.jpg!m_fill,w_280,h_210,f_jpg?from=ke.com
20231219,丰台,万源,101121856597,万源南里 精装修 南北通透  拎包入住 采光好,298万,47453元/平,低楼层 (共6层) 2室1厅 | 62.8平米 | 南 北,https://ke-image.ljcdn.com/110000-inspection/f3cee932-7863-4d42-a36b-1e8cee7b3d58_1000.jpg!m_fill,w_280,h_210,f_jpg?from=ke.com
20231219,丰台,万源,101121846660,房子是一层  南北通透 正规客厅 不临街 位置好,273万,46508元/平,底层 (共6层) | 1990年 | 2室1厅 | 58.7平米 | 东 南 北,https://ke-image.ljcdn.com/110000-inspection/bbdbd6ec-f2ab-4121-93bd-7ba7fbd64612_1000.jpg!m_fill,w_280,h_210,f_jpg?from=ke.com
20231219,丰台,万源,101121798374,东高地万源南里 南北通透  精装修 两居房主自荐,246万,41773元/平,顶层 (共6层) | 1994年 | 2室1厅 | 58.89平米 | 南 北,https://ke-image.ljcdn.com/110000-inspection/055bccaf-31f9-45c8-bbd5-2394fb08fa7b_1000.jpg!m_fill,w_280,h_210,f_jpg?from=ke.com
20231219,丰台,万源,101121773702,桃源里 3室1厅 南 北,386万,46118元/平,底层 (共6层) 3室1厅 | 83.7平米 | 南 北,https://ke-image.ljcdn.com/110000-inspection/2f803ea7-f8f4-46cd-a516-eadeb13b4beb_1000.jpg!m_fill,w_280,h_210,f_jpg?from=ke.com
20231219,丰台,万源,101121771485,满五年唯一丰台产权 没有遮挡,310万,44993元/平,中楼层 (共4层) 2室1厅 | 68.9平米 | 南 北,https://ke-image.ljcdn.com/110000-inspection/fd6301f7-27c5-4aee-8d97-f10af06cc3ab_1000.jpg!m_fill,w_280,h_210,f_jpg?from=ke.com
20231219,丰台,万源,101121664350,航天部大社区 南北通透2居 满五唯一 挑高2.8米 采光好,240万,42254元/平,顶层 (共5层) | 1981年 | 2室1厅 | 56.8平米 | 南 北,https://ke-image.ljcdn.com/110000-inspection/15f3f4f5-8de0-4a3f-aa91-88ab025ec7ab_1000.jpg!m_fill,w_280,h_210,f_jpg?from=ke.com
20231219,丰台,万源,101121623009,丰台产权 没有遮挡精装修拎包即住交通便利,310万,54578元/平,低楼层 (共6层) | 1982年 | 2室1厅 | 56.8平米 | 南 北,https://ke-image.ljcdn.com/110000-inspection/55e55a15-3b93-4e1a-936c-cbd5996aa5a1_1000.jpg!m_fill,w_280,h_210,f_jpg?from=ke.com
20231219,丰台,万源,101121504385,东高地小区电梯房南向采光好中间楼层满五唯一,270万,43542元/平,中楼层 (共6层) | 1994年 | 2室1厅 | 62.01平米 | 南,https://ke-image.ljcdn.com/110000-inspection/pc1_1yUXQVPLw_1.jpg!m_fill,w_280,h_210,f_jpg?from=ke.com
20231219,丰台,万源,101121470611,三角地小区满五年一手房主诚心出售一层一居室,145万,42773元/平,底层 (共5层) | 1963年 | 1室1厅 | 33.9平米 | 南,https://ke-image.ljcdn.com/110000-inspection/d8a2517f-e8d1-4c73-885d-455cdb67ba45_1000.jpg!m_fill,w_280,h_210,f_jpg?from=ke.com
20231219,丰台,万源,101121446726,万源东里南北通透三居 满五年唯一 采光好房主自荐,359万,44819元/平,顶层 (共5层) 3室1厅 | 80.1平米 | 南 北,https://ke-image.ljcdn.com/110000-inspection/fda37330-4908-4b8b-a90b-c00943bb42c9_1000.jpg!m_fill,w_280,h_210,f_jpg?from=ke.com
20231219,丰台,万源,101121358694,公园里的电梯房 满五唯一  采光视野充足 随时可看,420万,47362元/平,中楼层 (共16层) | 2005年 | 2室2厅 | 88.68平米 | 南,https://ke-image.ljcdn.com/110000-inspection/7b909097-39fa-48a7-b7dd-9e1a3afc7e77_1000.jpg!m_fill,w_280,h_210,f_jpg?from=ke.com
20231219,丰台,万源,101121335994,东高地万源南里 中间层 精装修 满五年唯一 三居,408万,47664元/平,中楼层 (共6层) | 1994年 | 3室1厅 | 85.6平米 | 南 北,https://ke-image.ljcdn.com/110000-inspection/5abbf150-b3e5-4e26-8839-815a84e8e7c8_1000.jpg!m_fill,w_280,h_210,f_jpg?from=ke.com
20231219,丰台,万源,101121298526,桃源里 2室1厅 南,269万,41513元/平,底层 (共6层) 2室1厅 | 64.8平米 | 南,https://ke-image.ljcdn.com/110000-inspection/66e929e1-61fb-44e0-af5d-e997ad50914e_1000.jpg!m_fill,w_280,h_210,f_jpg?from=ke.com
20231219,丰台,万源,101121251101,万源西里南向一居 低楼层出行方便房主自荐,216万,49885元/平,中楼层 (共4层) | 1961年 | 1室1厅 | 43.3平米 | 南,https://ke-image.ljcdn.com/110000-inspection/931bc911-6fe0-40a2-98db-0c1b5ef72765_1000.jpg!m_fill,w_280,h_210,f_jpg?from=ke.com
20231219,丰台,万源,101121239745,万源北路7号院 南北两居 高楼层视野好 满五唯一商品房,420万,44309元/平,高楼层 (共15层) | 2013年 | 2室1厅 | 94.79平米 | 南 北,https://ke-image.ljcdn.com/110000-inspection/21a65b15-2aaf-483d-bc31-57b965d450f9_1000.jpg!m_fill,w_280,h_210,f_jpg?from=ke.com
20231219,丰台,万源,101121188919,2013年电梯房  政法家属院 满五唯一 两居诚售房主自荐,345万,38834元/平,中楼层 (共15层) | 2013年 | 2室1厅 | 88.84平米 | 西南,https://ke-image.ljcdn.com/110000-inspection/pc1_owayptEOw.jpg!m_fill,w_280,h_210,f_jpg?from=ke.com
20231219,丰台,万源,101121143372,六营门小区 2室1厅 南 北,302万,49509元/平,顶层 (共6层) | 1986年 | 2室1厅 | 61平米 | 南 北,https://ke-image.ljcdn.com/110000-inspection/1f7d5b0c-055f-4477-8434-78365af1ac01_1000.jpg!m_fill,w_280,h_210,f_jpg?from=ke.com
20231219,丰台,万源,101121096057,益丰园满五唯一高楼层采光视野好配套完善,385万,44550元/平,高楼层 (共16层) | 2005年 | 2室1厅 | 86.42平米 | 东南,https://ke-image.ljcdn.com/110000-inspection/1accd6e8-a2ae-43d4-9166-04e5a646e54a_1000.jpg!m_fill,w_280,h_210,f_jpg?from=ke.com
20231219,丰台,万源,101121090568,万源南里 正规三居 南北通透采光好 近地铁8号线房主自荐,373万,49404元/平,底层 (共6层) | 1988年 | 3室1厅 | 75.5平米 | 南 北,https://ke-image.ljcdn.com/110000-inspection/72d6fc6f-2d85-45ed-8386-c48bb4aebe96_1000.jpg!m_fill,w_280,h_210,f_jpg?from=ke.com
20231219,丰台,万源,101120985491,美宅湾 2006年建成 电梯高层 南向一居  诚心出售房主自荐,218万,40763元/平,高楼层 (共15层) 1室1厅 | 53.48平米 | 南,https://ke-image.ljcdn.com/110000-inspection/pc1_ytowXVE49_1.jpg!m_fill,w_280,h_210,f_jpg?from=ke.com
20231219,丰台,万源,101120931625,13年房龄 高楼层 满五年诚意出售 看房方便,357万,40185元/平,中楼层 (共15层) | 2013年 | 2室1厅 | 88.84平米 | 东 南,https://ke-image.ljcdn.com/110000-inspection/6b912cae-78dd-45bb-ac78-8f3c3ddb8c31_1000.jpg!m_fill,w_280,h_210,f_jpg?from=ke.com
20231219,丰台,万源,101120922062,万源北路7号院 2室1厅 西南,350万,39397元/平,低楼层 (共12层) 2室1厅 | 88.84平米 | 西南,https://ke-image.ljcdn.com/110000-inspection/08cfda3c-1dcc-4076-a8be-b469fae95fb3_1000.jpg!m_fill,w_280,h_210,f_jpg?from=ke.com
20231219,丰台,万源,101120910360,益丰园精装两居客厅5.7米宽2005年近地铁不临街,390万,42517元/平,底层 (共16层) | 2005年 | 2室2厅 | 91.73平米 | 南 北,https://ke-image.ljcdn.com/110000-inspection/81a71e23-562b-4918-8574-c78391ac9fee_1000.jpg!m_fill,w_280,h_210,f_jpg?from=ke.com
20231219,丰台,万源,101120908779,双阳台三房朝南 板楼2层 万源旧宫8号线东高地旁房龄新,259万,41236元/平,低楼层 (共6层) 2室1厅 | 62.81平米 | 南,https://ke-image.ljcdn.com/110000-inspection/e6c8cdee-8d24-4957-aacb-85bbe89047a0_1000.jpg!m_fill,w_280,h_210,f_jpg?from=ke.com
20231219,丰台,万源,101120900418,万源南里 中间层一居室 精装修 南北通透双阳台采光好房主自荐,215万,41109元/平,中楼层 (共6层) | 1994年 | 1室1厅 | 52.3平米 | 南 北,https://ke-image.ljcdn.com/110000-inspection/92df1b8c-b02e-4cd6-9b0d-25a7ab879c3f_1000.jpg!m_fill,w_280,h_210,f_jpg?from=ke.com
20231219,丰台,万源,101120861890,东高地 板楼三层 配套齐全 交通便利 两居诚售房主自荐,205万,41752元/平,中楼层 (共6层) | 1984年 | 2室1厅 | 49.1平米 | 东北,https://ke-image.ljcdn.com/110000-inspection/6206f2a5-1bba-4cd7-b5d0-f9d6fbd83351_1000.jpg!m_fill,w_280,h_210,f_jpg?from=ke.com
20231219,丰台,万源,101120857328,益丰园 带电梯 南向 采光好 配套全 两居 诚售,408万,46009元/平,中楼层 (共16层) | 2005年 | 2室1厅 | 88.68平米 | 南,https://ke-image.ljcdn.com/110000-inspection/27b24ea5-1ad6-4dd6-b19c-4748e912ae48_1000.jpg!m_fill,w_280,h_210,f_jpg?from=ke.com
20231219,丰台,万源,101120794841,地铁8号线电梯改善双卫大三居 闹中取静配套齐全,530万,42275元/平,高楼层 (共15层) | 2013年 | 3室1厅 | 125.37平米 | 东南,https://ke-image.ljcdn.com/110000-inspection/265fb1da-e2c1-443f-bdf6-84aacee790f1_1000.jpg!m_fill,w_280,h_210,f_jpg?from=ke.com
20231219,丰台,万源,101120761220,东高地 南北通透  电梯两居 诚心出售,348万,45784元/平,顶层 (共6层) 2室1厅 | 76.01平米 | 南 北,https://ke-image.ljcdn.com/110000-inspection/e8d3b076-117a-4ca0-a095-cd9b5b8fecf8_1000.jpg!m_fill,w_280,h_210,f_jpg?from=ke.com
20231219,丰台,万源,101120720269,万源旧宫东高地13年电梯好楼层南北通透大两居 它来了,402万,42689元/平,高楼层 (共12层) | 2013年 | 2室1厅 | 94.17平米 | 南 北,https://ke-image.ljcdn.com/110000-inspection/75e158f8-2917-4029-a9a4-2c5872da7dd5_1000.jpg!m_fill,w_280,h_210,f_jpg?from=ke.com
20231219,丰台,万源,101120695312,八号线万源旧宫东高地 新房龄三层两房朝南,229万,41114元/平,中楼层 (共6层) 2室1厅 | 55.7平米 | 南,https://ke-image.ljcdn.com/110000-inspection/db8d5f0d-2bce-48c2-b541-62047d82790a_1000.jpg!m_fill,w_280,h_210,f_jpg?from=ke.com
20231219,丰台,万源,101120690737,万源南里 低楼层南北通透双阳台三居室  无需办理上市,363万,45776元/平,低楼层 (共6层) 3室1厅 | 79.3平米 | 南 北,https://ke-image.ljcdn.com/110000-inspection/pc1_3Cy21YQAj.jpg!m_fill,w_280,h_210,f_jpg?from=ke.com
20231219,丰台,万源,101120570119,东高地万源东里2020年装修全明格局,392万,48939元/平,顶层 (共5层) 3室1厅 | 80.1平米 | 南 北,https://ke-image.ljcdn.com/110000-inspection/010227aa-fab4-4a97-b0a8-7317933bbd9a_1000.jpg!m_fill,w_280,h_210,f_jpg?from=ke.com
20231219,丰台,万源,101120558406,万源东里 南北朝向前后无遮挡采光好视野宽阔房主自荐,248万,41751元/平,顶层 (共5层) | 1995年 | 2室1厅 | 59.4平米 | 南 北,https://ke-image.ljcdn.com/110000-inspection/c7ddffbf-360b-44a2-b907-34e9dc04c0b4_1000.jpg!m_fill,w_280,h_210,f_jpg?from=ke.com
20231219,丰台,万源,101120553607,东高地六营门小区低楼层无遮挡两居室房主自荐,320万,50875元/平,底层 (共6层) | 1985年 | 2室1厅 | 62.9平米 | 南 北,https://ke-image.ljcdn.com/110000-inspection/ec974e35-f64c-43c7-bf77-99916f2ae216_1000.jpg!m_fill,w_280,h_210,f_jpg?from=ke.com
20231219,丰台,万源,101120521430,益丰园精装修两居室 满五年唯一 拎包入住房主自荐,295万,50290元/平,底层 (共6层) | 1995年 | 2室1厅 | 58.66平米 | 南 北,https://ke-image.ljcdn.com/110000-inspection/pc1_kZNIZGtOz.jpg!m_fill,w_280,h_210,f_jpg?from=ke.com
20231219,丰台,万源,101120502275,万源北路7号院 2室1厅 西南,350万,39397元/平,顶层 (共12层) | 2013年 | 2室1厅 | 88.84平米 | 西南,https://ke-image.ljcdn.com/110000-inspection/60d6b610-b5e0-40e5-8542-e61fc3a2d20b_1000.jpg!m_fill,w_280,h_210,f_jpg?from=ke.com
20231219,丰台,万源,101120491906,益丰园 可直达公园的小区 视野好 电梯房,395万,45708元/平,高楼层 (共16层) | 2005年 | 2室1厅 | 86.42平米 | 南 西,https://ke-image.ljcdn.com/110000-inspection/83bae0dd-fd46-4c50-9cfa-eca9d729d374_1000.jpg!m_fill,w_280,h_210,f_jpg?from=ke.com
20231219,丰台,万源,101120469723,此房满五年唯一06年电梯房精装修视野开阔,243万,45438元/平,高楼层 (共15层) 1室1厅 | 53.48平米 | 南,https://ke-image.ljcdn.com/110000-inspection/pc1_QGkeyDVqN_1.jpg!m_fill,w_280,h_210,f_jpg?from=ke.com
20231219,丰台,万源,101120322684,航天部单位社区 梅源里 板楼 南北两居室 成本价央产房,415万,61720元/平,高楼层 (共6层) | 1996年 | 2室1厅 | 67.24平米 | 南 北,https://ke-image.ljcdn.com/110000-inspection/e8f7ab18-f5f7-401a-9cf2-f4aeb702e259_1000.jpg!m_fill,w_280,h_210,f_jpg?from=ke.com
20231219,丰台,万源,101120277076,东高地南北通透满五年南向大客厅采光视野好,305万,44358元/平,高楼层 (共6层) 3室1厅 | 68.76平米 | 南 北,https://ke-image.ljcdn.com/110000-inspection/e8d5954f-e163-4090-8981-4bb7e47bde21_1000.jpg!m_fill,w_280,h_210,f_jpg?from=ke.com
20231219,丰台,万源,101120244241,东高地 2室1厅 南 北,286万,41438元/平,顶层 (共6层) | 1995年 | 2室1厅 | 69.02平米 | 南 北,https://ke-image.ljcdn.com/110000-inspection/8df5dbc7-daad-416e-9b23-2a2b9cb18adc_1000.jpg!m_fill,w_280,h_210,f_jpg?from=ke.com
20231219,丰台,万源,101120111086,此房南北通透业主诚心出售离地铁近中楼层,298万,48535元/平,低楼层 (共6层) | 1983年 | 2室1厅 | 61.4平米 | 南 北,https://ke-image.ljcdn.com/110000-inspection/a598d4c7-2003-447d-81db-1c8f975abd91_1000.jpg!m_fill,w_280,h_210,f_jpg?from=ke.com
20231219,丰台,万源,101120014024,东高地次顶层两居 诚心出售 生活便利,208万,35987元/平,高楼层 (共6层) 2室1厅 | 57.8平米 | 西北,https://ke-image.ljcdn.com/110000-inspection/721ecbd6-cc1b-4d91-8e99-66b807cea81e_1000.jpg!m_fill,w_280,h_210,f_jpg?from=ke.com
20231219,丰台,万源,101119997652,满五唯一 商品房  高楼层  有电梯 交通便利,286万,38838元/平,高楼层 (共15层) 2室1厅 | 73.64平米 | 西南,https://ke-image.ljcdn.com/110000-inspection/pc1_2teW94afc_1.jpg!m_fill,w_280,h_210,f_jpg?from=ke.com
20231219,丰台,万源,101119941783,东高地小区南北通透两居室满五唯一配套齐全,236万,41187元/平,高楼层 (共6层) | 1984年 | 2室1厅 | 57.3平米 | 南 北,https://ke-image.ljcdn.com/110000-inspection/5e187a38-bbe7-4fb5-bbb1-92f98af1cbf9_1000.jpg!m_fill,w_280,h_210,f_jpg?from=ke.com
20231219,丰台,万源,101119879146,万源东高地三角地横空全明三居大变两居 楼层NICE,358万,44307元/平,底层 (共5层) | 1963年 | 3室1厅 | 80.8平米 | 南 北,https://ke-image.ljcdn.com/110000-inspection/a540cb29-72f0-4a70-91a2-ab2d45287380_1000.jpg!m_fill,w_280,h_210,f_jpg?from=ke.com
20231219,丰台,万源,101119864684,东高地小区明厨明卫两居全南向视野开阔仅契税,226万,40430元/平,高楼层 (共6层) | 1986年 | 2室1厅 | 55.9平米 | 南,https://ke-image.ljcdn.com/110000-inspection/380053cd-1a9d-4767-9220-857ff0a804a7_1000.jpg!m_fill,w_280,h_210,f_jpg?from=ke.com
20231219,丰台,万源,101119705089,万源北路9号院顶层两居室业主诚心出售,268万,43226元/平,顶层 (共6层) 2室1厅 | 62平米 | 南 北,https://ke-image.ljcdn.com/110000-inspection/be3e7bc2-a6e6-4a9d-86ec-cf81b4a045bd_1000.jpg!m_fill,w_280,h_210,f_jpg?from=ke.com
20231219,丰台,万源,101119649027,8号线东高地站  电梯房  落地窗  满五唯一商品房,386万,43528元/平,低楼层 (共16层) 2室1厅 | 88.68平米 | 南,https://ke-image.ljcdn.com/110000-inspection/defa6c7f-7450-4a26-87ae-195100c1b978_1000.jpg!m_fill,w_280,h_210,f_jpg?from=ke.com
20231219,丰台,万源,101119583607,万源旧宫满五唯一电梯两居 市政公园后花园,370万,47724元/平,中楼层 (共16层) | 2005年 | 2室1厅 | 77.53平米 | 西,https://ke-image.ljcdn.com/110000-inspection/pc1_q6IHfTwNI.jpg!m_fill,w_280,h_210,f_jpg?from=ke.com
20231219,丰台,万源,101119549778,益丰园 电梯三居 地铁八号线沿线 背靠公园 三居诚售,430万,40429元/平,高楼层 (共16层) | 2005年 | 3室1厅 | 106.36平米 | 西 北 南,https://ke-image.ljcdn.com/110000-inspection/4bf0323f-b4b8-4681-8b3a-d8681f2fa350_1000.jpg!m_fill,w_280,h_210,f_jpg?from=ke.com
20231219,丰台,万源,101119530236,房子满五年唯一南北通透格局南北双阳台一梯两户,329万,50000元/平,中楼层 (共6层) | 2001年 | 2室1厅 | 65.8平米 | 南 北,https://ke-image.ljcdn.com/110000-inspection/b313b17a-2375-4b44-8eb5-20d6de45b86d_1000.jpg!m_fill,w_280,h_210,f_jpg?from=ke.com
20231219,丰台,万源,101119525195,万源南里全明户型三居室低楼层满五年唯一房主自荐,365万,45797元/平,低楼层 (共6层) | 1988年 | 3室1厅 | 79.7平米 | 南 北,https://ke-image.ljcdn.com/110000-inspection/321b9738-4bb6-4b15-8082-b86f5afda0a4_1000.jpg!m_fill,w_280,h_210,f_jpg?from=ke.com
20231219,丰台,万源,101119486171,万源东里商品房南北朝向精装修拎包即住公园旁,280万,43344元/平,顶层 (共4层) | 1990年 | 2室1厅 | 64.6平米 | 南 北,https://ke-image.ljcdn.com/110000-inspection/pc1_inTfzUIk1_1.jpg!m_fill,w_280,h_210,f_jpg?from=ke.com
20231219,丰台,万源,101119292232,万源 旧宫上车两居 刚需 首套都可以 采光通风都很好,295万,51919元/平,低楼层 (共6层) | 1997年 | 2室1厅 | 56.82平米 | 南 北,https://ke-image.ljcdn.com/110000-inspection/pc1_lprw90lix_1.jpg!m_fill,w_280,h_210,f_jpg?from=ke.com
20231219,丰台,万源,101119279176,万源北路7号院 南北通透两居室 视野采光好,376万,39667元/平,顶层 (共12层) | 2013年 | 2室1厅 | 94.79平米 | 南 北,https://ke-image.ljcdn.com/110000-inspection/df9d08d7-9918-4f22-a260-972876c40199_1000.jpg!m_fill,w_280,h_210,f_jpg?from=ke.com
20231219,丰台,万源,101119124201,万源北路七号院满五唯一南北通透电梯两居,380万,40353元/平,低楼层 (共15层) 2室1厅 | 94.17平米 | 南 北,https://ke-image.ljcdn.com/110000-inspection/a7be55e3-ec3a-4ac7-a361-fb1f1f5bb496_1000.jpg!m_fill,w_280,h_210,f_jpg?from=ke.com
20231219,丰台,万源,101119113712,万源南里一层三居室南北阳台没有遮挡房主自荐,328万,43158元/平,底层 (共6层) | 1988年 | 3室1厅 | 76平米 | 南 北,https://ke-image.ljcdn.com/110000-inspection/5f912335-8485-4d38-b8fc-2e02b8eaaef1_1000.jpg!m_fill,w_280,h_210,f_jpg?from=ke.com
20231219,丰台,万源,101119081251,电梯房出入方便采光好视野好诚心出售配套齐全,365万,41086元/平,高楼层 (共15层) 2室1厅 | 88.84平米 | 东 南,https://ke-image.ljcdn.com/110000-inspection/2bd5ba7c-81e0-42c0-a8d0-6a1eacb9c1c9_1000.jpg!m_fill,w_280,h_210,f_jpg?from=ke.com
20231219,丰台,万源,101119007423,地铁8号线东高地站  南四环外  南北通透  两居室房主自荐,228万,40071元/平,顶层 (共6层) 2室1厅 | 56.9平米 | 南 北,https://ke-image.ljcdn.com/110000-inspection/bf5dca13-8445-445e-b081-384e5ca5773c_1000.jpg!m_fill,w_280,h_210,f_jpg?from=ke.com
20231219,丰台,万源,101118903588,万源南里 南北大两居 满五唯一 采光好 近地铁楼龄新,352万,50517元/平,高楼层 (共6层) | 1997年 | 2室1厅 | 69.68平米 | 南 北,https://ke-image.ljcdn.com/110000-inspection/53783c5b-add1-4067-b0e7-d290ec1d9e26_1000.jpg!m_fill,w_280,h_210,f_jpg?from=ke.com
20231219,丰台,万源,101118862025,桃源里 南北通透 九十年代经典三居 南北通透,415万,49523元/平,中楼层 (共6层) 3室1厅 | 83.8平米 | 南 北,https://ke-image.ljcdn.com/110000-inspection/pc1_DoMSpVMhe_1.jpg!m_fill,w_280,h_210,f_jpg?from=ke.com
20231219,丰台,万源,101118774469,东高地万源南里纯南向一层两居室,260万,48965元/平,底层 (共6层) | 1994年 | 2室1厅 | 53.1平米 | 南,https://ke-image.ljcdn.com/110000-inspection/80861750-fc4f-4512-84af-fca883511d7a_1000.jpg!m_fill,w_280,h_210,f_jpg?from=ke.com
20231219,丰台,万源,101118679519,电梯房出入方便采光好精装修配套齐全拎包入住房主自荐,409万,43767元/平,顶层 (共12层) | 2013年 | 2室1厅 | 93.45平米 | 东南,https://ke-image.ljcdn.com/110000-inspection/99b6c22e-a7f4-4044-b9c5-9aafc5fbab50_1000.jpg!m_fill,w_280,h_210,f_jpg?from=ke.com
20231219,丰台,万源,101118676228,万源南里 东西通透 户型方正 交通便利,248万,44152元/平,底层 (共6层) | 1994年 | 2室1厅 | 56.17平米 | 东 西,https://ke-image.ljcdn.com/110000-inspection/099bbd55-3559-41de-9d2a-2344eaa8508e_1000.jpg!m_fill,w_280,h_210,f_jpg?from=ke.com
20231219,丰台,万源,101118568136,梅源里新上低楼层南北通透三居室,499万,60020元/平,底层 (共7层) | 1996年 | 3室1厅 | 83.14平米 | 南 北,https://ke-image.ljcdn.com/110000-inspection/5effa5f8-1f81-4859-9a3d-5b9aecc86176_1000.jpg!m_fill,w_280,h_210,f_jpg?from=ke.com
20231219,丰台,万源,101118546649,六营门中间楼层两居室楼层好采光充足交通便利。,312万,52882元/平,中楼层 (共6层) | 1985年 | 2室1厅 | 59平米 | 南 北,https://ke-image.ljcdn.com/110000-inspection/pc1_ADfbeCHya_1.jpg!m_fill,w_280,h_210,f_jpg?from=ke.com
20231219,丰台,万源,101118497464,东高地两居室精装修南北通透低楼层配套完善,249万,50152元/平,底层 (共6层) | 1984年 | 2室1厅 | 49.65平米 | 南 北,https://ke-image.ljcdn.com/110000-inspection/pc1_xQ5Hs1zA7.jpg!m_fill,w_280,h_210,f_jpg?from=ke.com
20231219,丰台,万源,101118464326,三角地低楼层三居室南北通透满五唯一房主自荐,315万,49374元/平,中楼层 (共5层) 3室1厅 | 63.8平米 | 南 西 北,https://ke-image.ljcdn.com/110000-inspection/28a768a7-2181-4942-8036-f8231a7210cc_1000.jpg!m_fill,w_280,h_210,f_jpg?from=ke.com
20231219,丰台,万源,101118418262,梅源里小区低楼层满五年唯一南北通透,530万,62700元/平,低楼层 (共7层) 3室1厅 | 84.53平米 | 南 北,https://ke-image.ljcdn.com/110000-inspection/68d4439e-7761-488b-8a07-89ee588e95c8_1000.jpg!m_fill,w_280,h_210,f_jpg?from=ke.com
20231219,丰台,万源,101118397213,东高地万源东里 已办完上市 满五年唯一 采光好,284万,48136元/平,中楼层 (共5层) 2室1厅 | 59平米 | 南 北,https://ke-image.ljcdn.com/110000-inspection/56cf8f4e-d805-4f66-bd4f-68a1e2ca3f6d_1000.jpg!m_fill,w_280,h_210,f_jpg?from=ke.com
20231219,丰台,万源,101118372376,东高地万源西里 八十年代 购物方便 买菜方便,320万,53245元/平,低楼层 (共6层) | 1985年 | 2室1厅 | 60.1平米 | 南 北,https://ke-image.ljcdn.com/110000-inspection/db6787c0-0e77-486e-b119-116b708dc664_1000.jpg!m_fill,w_280,h_210,f_jpg?from=ke.com
20231219,丰台,万源,101118350245,东高地满五年两居室 全明格局 诚心出售,235万,44848元/平,高楼层 (共6层) | 1981年 | 2室1厅 | 52.4平米 | 南 北,https://ke-image.ljcdn.com/110000-inspection/pc1_1GKpp4w4O_1.jpg!m_fill,w_280,h_210,f_jpg?from=ke.com
20231219,丰台,万源,101118345355,万源北路7号院南北通透两居室一梯两户满五唯一,375万,45035元/平,低楼层 (共12层) 2室1厅 | 83.27平米 | 南 北,https://ke-image.ljcdn.com/110000-inspection/pc1_riuyvigaH.jpg!m_fill,w_280,h_210,f_jpg?from=ke.com
20231219,丰台,万源,101118319973,三角地精装修两居室 低楼层 拎包入住,238万,46943元/平,低楼层 (共6层) 2室1厅 | 50.7平米 | 南 北,https://ke-image.ljcdn.com/110000-inspection/45bf59d0-6ecf-4152-a1f1-810c27b65111_1000.jpg!m_fill,w_280,h_210,f_jpg?from=ke.com
20231219,丰台,万源,101118231241,六营门南北通透采光好满五唯一三居室,375万,59056元/平,中楼层 (共6层) | 1986年 | 2室1厅 | 63.5平米 | 南 北,https://ke-image.ljcdn.com/110000-inspection/3323106b-4047-464a-a271-b9dd69cadf29_1000.jpg!m_fill,w_280,h_210,f_jpg?from=ke.com
20231219,丰台,万源,101118181948,东高地六营门5层 非顶层 满五年唯一  南北通透三居室,346万,54403元/平,高楼层 (共6层) 3室1厅 | 63.6平米 | 南 北,https://ke-image.ljcdn.com/110000-inspection/pc1_XFWKfVvNl.jpg!m_fill,w_280,h_210,f_jpg?from=ke.com
20231219,丰台,万源,101118089921,2006年电梯房满五年唯一商品房南北通透落地阳台,412万,43038元/平,低楼层 (共11层) | 2006年 | 2室2厅 | 95.73平米 | 南 北,https://ke-image.ljcdn.com/110000-inspection/pc1_KKcCOg0mf_1.jpg!m_fill,w_280,h_210,f_jpg?from=ke.com
20231219,丰台,万源,101118058317,电梯房2013年建成一梯两户配套完善,383万,43268元/平,低楼层 (共10层) | 2013年 | 2室1厅 | 88.52平米 | 南 北,https://ke-image.ljcdn.com/110000-inspection/pc1_WdF0sEbfz_1.jpg!m_fill,w_280,h_210,f_jpg?from=ke.com
20231219,丰台,万源,101117969371,万源旧宫东高地 刚需上车三房朝南大面宽 层高2.8米,219万,36994元/平,顶层 (共5层) 2室1厅 | 59.2平米 | 南,https://ke-image.ljcdn.com/110000-inspection/6a191cda-96f8-40a7-9105-ef383d31479d_1000.jpg!m_fill,w_280,h_210,f_jpg?from=ke.com
20231219,丰台,万源,101117815884,满五年低楼层距离地铁站400多米配套完善,373万,46164元/平,底层 (共5层) 3室1厅 | 80.8平米 | 东 西,https://ke-image.ljcdn.com/110000-inspection/pc1_v211lv4mE.jpg!m_fill,w_280,h_210,f_jpg?from=ke.com
20231219,丰台,万源,101117813126,六营门小区中间楼层南北通透双阳台两居室房主自荐,298万,50854元/平,中楼层 (共6层) | 1986年 | 2室1厅 | 58.6平米 | 南 北,https://ke-image.ljcdn.com/110000-inspection/2d6760d7-3fc9-41cb-8f46-05f5193d278b_1000.jpg!m_fill,w_280,h_210,f_jpg?from=ke.com
20231219,丰台,万源,101117782954,万源南里南北两居3层满五年唯一业主诚心出售。,320万,48855元/平,中楼层 (共6层) 2室1厅 | 65.5平米 | 南 北,https://ke-image.ljcdn.com/110000-inspection/1e20d228-4fa9-4671-b127-195a5307ebb0_1000.jpg!m_fill,w_280,h_210,f_jpg?from=ke.com
20231219,丰台,万源,101117771087,桃源里1994年建成精装修满五年交通便利,365万,47465元/平,中楼层 (共6层) 2室1厅 | 76.9平米 | 南 北,https://ke-image.ljcdn.com/110000-inspection/b16d7781-6f5a-4f10-87b5-86cc7f2cc2ec_1000.jpg!m_fill,w_280,h_210,f_jpg?from=ke.com
20231219,丰台,万源,101117493363,美宅湾小区 三居室 2006年建成 满五唯一 配套完善,303万,31014元/平,高楼层 (共15层) | 2006年 | 3室1厅 | 97.7平米 | 东南 北,https://ke-image.ljcdn.com/110000-inspection/aedb49ef-91b1-45c5-8a3a-30558cdbee30_1000.jpg!m_fill,w_280,h_210,f_jpg?from=ke.com
20231219,丰台,万源,101117353704,桃源里南向两居房本满两年家庭唯一住房诚心出售,288万,42106元/平,顶层 (共6层) 2室1厅 | 68.4平米 | 南,https://ke-image.ljcdn.com/110000-inspection/5fc9c5d0-e24e-4d86-bd1f-c5260a039c86_1000.jpg!m_fill,w_280,h_210,f_jpg?from=ke.com
20231219,丰台,万源,101117275399,航天万源社区两居室南北通透 诚意出售,227万,42116元/平,顶层 (共6层) | 1986年 | 2室1厅 | 53.9平米 | 南 北,https://ke-image.ljcdn.com/110000-inspection/pc1_BKcfD1O2a.jpg!m_fill,w_280,h_210,f_jpg?from=ke.com
20231219,丰台,万源,101117252736,东高地小区南北通透两居高楼层采光好满五唯一,258万,47947元/平,顶层 (共6层) 2室1厅 | 53.81平米 | 南 北,https://ke-image.ljcdn.com/110000-inspection/pc1_ou9AJzy8U.jpg!m_fill,w_280,h_210,f_jpg?from=ke.com
20231219,丰台,万源,101117102042,六营门 中间楼层 南北通透三居 诚心出售,442万,57930元/平,中楼层 (共6层) 3室1厅 | 76.3平米 | 南 北,https://ke-image.ljcdn.com/110000-inspection/pc1_mz7EulEJv_1.jpg!m_fill,w_280,h_210,f_jpg?from=ke.com
20231219,丰台,万源,101116973588,此房满五年楼层低南北通透户型方正配套完善,245万,49346元/平,底层 (共6层) 2室1厅 | 49.65平米 | 南 北,https://ke-image.ljcdn.com/110000-inspection/pc1_q9IB3s7Rr_1.jpg!m_fill,w_280,h_210,f_jpg?from=ke.com
20231219,丰台,万源,101116663017,美宅湾 2006年小区 电梯次顶层 配套齐全 交通便利房主自荐,275万,37344元/平,高楼层 (共15层) | 2006年 | 2室1厅 | 73.64平米 | 东南,https://ke-image.ljcdn.com/110000-inspection/69394be3-b54b-4092-9878-a1e38762826f_1000.jpg!m_fill,w_280,h_210,f_jpg?from=ke.com
20231219,丰台,万源,101116278209,万源南里 户型方正 位置好 诚心出售,257万,45975元/平,高楼层 (共6层) 2室1厅 | 55.9平米 | 西,https://ke-image.ljcdn.com/110000-inspection/pc1_EQImgF6cc.jpg!m_fill,w_280,h_210,f_jpg?from=ke.com
20231219,丰台,万源,101115701636,六营门小区南北通透中间楼层无遮挡出行便利,430万,58824元/平,中楼层 (共6层) | 1986年 | 3室1厅 | 73.1平米 | 南 北,https://ke-image.ljcdn.com/110000-inspection/pc1_ZB50c8GPB.jpg!m_fill,w_280,h_210,f_jpg?from=ke.com
20231219,丰台,万源,101122316458,桃源里高楼层三居室南北通透格局视野宽阔。新上,369万,44245元/平,高楼层 (共6层) 3室1厅 | 83.4平米 | 南 北,https://ke-image.ljcdn.com/110000-inspection/a32ce3fb-42be-45c6-8d88-978184ae6d1e_1000.jpg!m_fill,w_280,h_210,f_jpg?from=ke.com
20231219,丰台,万源,101122252777,万源南里 1室1厅 南,176万,42927元/平,顶层 (共6层) | 1989年 | 1室1厅 | 41平米 | 南,https://ke-image.ljcdn.com/110000-inspection/2ba3899a-c01e-4577-a941-5e77efcbedbb_1000.jpg!m_fill,w_280,h_210,f_jpg?from=ke.com
20231219,丰台,万源,101122250950,配套齐全 诚心出售 交通便利 东高地小区,296万,42961元/平,低楼层 (共6层) | 1983年 | 3室1厅 | 68.9平米 | 南 北,https://ke-image.ljcdn.com/110000-inspection/b744f4e5-9844-424e-9396-14137eaecde3_1000.jpg!m_fill,w_280,h_210,f_jpg?from=ke.com
20231219,丰台,万源,101122179108,美宅湾 3室1厅 南 北,298万,30502元/平,顶层 (共15层) 3室1厅 | 97.7平米 | 南 北,https://ke-image.ljcdn.com/110000-inspection/09653b71-e957-4824-a0be-fe1cdf08485a_1000.jpg!m_fill,w_280,h_210,f_jpg?from=ke.com
20231219,丰台,万源,101122078844,益丰园 2室2厅 南,418万,47136元/平,高楼层 (共16层) 2室2厅 | 88.68平米 | 南,https://ke-image.ljcdn.com/110000-inspection/05d38d6f-be2c-4137-8fee-542c6286fa0d_1000.jpg!m_fill,w_280,h_210,f_jpg?from=ke.com
20231219,丰台,万源,101122070511,梅源里板楼中间层客厅朝南房主自荐,419万,57945元/平,中楼层 (共6层) 2室1厅 | 72.31平米 | 东 西 南,https://ke-image.ljcdn.com/110000-inspection/77cb0ba1-f234-45fc-bbad-b53c47fda851_1000.jpg!m_fill,w_280,h_210,f_jpg?from=ke.com
20231219,丰台,万源,101122042287,东高地精装修两居室 商品房 中间楼层 诚心出售,266万,46261元/平,中楼层 (共6层) | 1986年 | 2室1厅 | 57.5平米 | 南 北,https://ke-image.ljcdn.com/110000-inspection/ea80cf00-078a-44ed-aba5-6f8eda339932_1000.jpg!m_fill,w_280,h_210,f_jpg?from=ke.com
20231219,丰台,万源,101121963687,梅源里小区 6+1复式三居室 南北通透外挂电梯 满五唯一房主自荐,668万,63348元/平,顶层 (共6层) 3室2厅 | 105.45平米 | 南 北,https://ke-image.ljcdn.com/110000-inspection/pc1_8Uk5EnjLb.jpg!m_fill,w_280,h_210,f_jpg?from=ke.com
20231219,丰台,万源,101121958366,万源全屋智能精装修拎包住中间楼层采光好,320万,55364元/平,中楼层 (共5层) | 1982年 | 2室1厅 | 57.8平米 | 南 西 北,https://ke-image.ljcdn.com/110000-inspection/d021e32b-e724-433f-9712-999e3789d3ee_1000.jpg!m_fill,w_280,h_210,f_jpg?from=ke.com
20231219,丰台,万源,101121897526,满五唯一商品房精装修定制家具家庭影院拎包住,279万,37888元/平,中楼层 (共15层) | 2006年 | 2室1厅 | 73.64平米 | 东南,https://ke-image.ljcdn.com/110000-inspection/pc1_KgQoZbzBi_1.jpg!m_fill,w_280,h_210,f_jpg?from=ke.com
20231219,丰台,万源,101121890687,2006年电梯房  距离地铁1100米 菜市场医院公园配套全房主自荐,320万,36973元/平,低楼层 (共15层) 2室1厅 | 86.55平米 | 东 南,https://ke-image.ljcdn.com/110000-inspection/pc1_B21XDef8E.jpg!m_fill,w_280,h_210,f_jpg?from=ke.com
20231219,丰台,万源,101121781665,东高地万源南里 南北通透两居  满五年唯一,246万,41695元/平,顶层 (共5层) | 1980年 | 2室1厅 | 59平米 | 南 北,https://ke-image.ljcdn.com/110000-inspection/9c507d6c-ebf9-4c2e-b9e8-141d491c8cc3_1000.jpg!m_fill,w_280,h_210,f_jpg?from=ke.com
20231219,丰台,万源,101121710815,万源南里精装修落地阳台成熟社区,280万,51377元/平,顶层 (共6层) | 1982年 | 2室1厅 | 54.5平米 | 南 北,https://ke-image.ljcdn.com/110000-inspection/aafd2162-f569-49b8-9ef2-94c8c5e552b0_1000.jpg!m_fill,w_280,h_210,f_jpg?from=ke.com
20231219,丰台,万源,101121708294,梅源里小区  中间层 带电梯 精装修 商品房 三居,510万,62785元/平,中楼层 (共6层) | 1995年 | 3室1厅 | 81.23平米 | 南 北,https://ke-image.ljcdn.com/110000-inspection/pc1_oGVdDw1P2.jpg!m_fill,w_280,h_210,f_jpg?from=ke.com
20231219,丰台,万源,101121466580,东高地六营门  精装修  南北通透两居,329万,50616元/平,高楼层 (共6层) | 1985年 | 2室2厅 | 65平米 | 南 北,https://ke-image.ljcdn.com/110000-inspection/c79c9aab-5777-4746-aa83-5a6981462698_1000.jpg!m_fill,w_280,h_210,f_jpg?from=ke.com
20231219,丰台,万源,101121406220,万源南里南北通透无遮挡低楼层一居室,220万,45739元/平,底层 (共6层) | 1985年 | 1室1厅 | 48.1平米 | 南 北,https://ke-image.ljcdn.com/110000-inspection/9581a2e9-b70e-4e5d-b54a-c335dbb9ad0e_1000.jpg!m_fill,w_280,h_210,f_jpg?from=ke.com
20231219,丰台,万源,101121367463,万源 旧宫商圈 8号线东高地站 电梯满五唯一无二,336万,43339元/平,中楼层 (共16层) | 2005年 | 2室1厅 | 77.53平米 | 西南,https://ke-image.ljcdn.com/110000-inspection/e16beddd-7c92-4d44-854d-072188c9aac9_1000.jpg!m_fill,w_280,h_210,f_jpg?from=ke.com
20231219,丰台,万源,101121267412,梅源里 电梯两居满五唯一 视野开阔采光好 近地铁8号线,396万,54210元/平,高楼层 (共17层) | 1997年 | 2室1厅 | 73.05平米 | 南 西,https://ke-image.ljcdn.com/110000-inspection/pc1_CF0OIudfZ.jpg!m_fill,w_280,h_210,f_jpg?from=ke.com
20231219,丰台,万源,101121234113,三角地 92年房龄 近地铁 双卧朝南 视野好 配套齐全,203万,36446元/平,高楼层 (共6层) | 1992年 | 2室1厅 | 55.7平米 | 南,https://ke-image.ljcdn.com/110000-inspection/d22639e2-d453-4e97-9200-534d602b8f2a_1000.jpg!m_fill,w_280,h_210,f_jpg?from=ke.com
20231219,丰台,万源,101121205526,精装修可以直接入住费用低中间层采光好,336万,50075元/平,中楼层 (共5层) 2室1厅 | 67.1平米 | 南 北,https://ke-image.ljcdn.com/110000-inspection/acf45a61-9cc4-437c-83e7-b55d428e146f_1000.jpg!m_fill,w_280,h_210,f_jpg?from=ke.com
20231219,丰台,万源,101121090650,万源东里边户 采光好 产权清晰  交通 医疗 购物方便,368万,43862元/平,顶层 (共4层) | 1961年 | 3室1厅 | 83.9平米 | 南 北,https://ke-image.ljcdn.com/110000-inspection/c84a99e5-c9df-402d-9ed4-056f967e5ba9_1000.jpg!m_fill,w_280,h_210,f_jpg?from=ke.com
20231219,丰台,万源,101120875291,梅源里低楼层精装两居是业主诚心出售,408万,60969元/平,底层 (共6层) | 1996年 | 2室2厅 | 66.92平米 | 南 北,https://ke-image.ljcdn.com/110000-inspection/3120ed22-17bc-4bef-94c4-c622e1098108_1000.jpg!m_fill,w_280,h_210,f_jpg?from=ke.com
20231219,丰台,万源,101120844872,满五年唯一南北向两居采光好中间楼层,286万,49226元/平,高楼层 (共6层) 2室1厅 | 58.1平米 | 南 北,https://ke-image.ljcdn.com/110000-inspection/pc1_sFDCjJCXU_1.jpg!m_fill,w_280,h_210,f_jpg?from=ke.com
20231219,丰台,万源,101120643259,封闭式小区 正规两居室  独立客厅带窗户 不临街,285万,45894元/平,顶层 (共6层) | 1983年 | 2室2厅 | 62.1平米 | 南 北,https://ke-image.ljcdn.com/110000-inspection/04d2baa9-5359-4528-8113-238acf3dff0c_1000.jpg!m_fill,w_280,h_210,f_jpg?from=ke.com
20231219,丰台,万源,101120603254,梅源里小区 钢混结构三居室 航天部社区 看房方便,500万,57918元/平,中楼层 (共17层) | 1997年 | 3室1厅 | 86.33平米 | 东南 北,https://ke-image.ljcdn.com/110000-inspection/pc1_9be7nhpmE.jpg!m_fill,w_280,h_210,f_jpg?from=ke.com
20231219,丰台,万源,101120579516,益丰园满五年唯一两居室 配套齐全诚意出售,313万,40372元/平,底层 (共16层) | 2005年 | 2室1厅 | 77.53平米 | 西,https://ke-image.ljcdn.com/110000-inspection/pc1_BQOZER9cw_1.jpg!m_fill,w_280,h_210,f_jpg?from=ke.com
20231219,丰台,万源,101119940366,万源南里01年房龄南北通透两居室,345万,43633元/平,顶层 (共6层) | 2001年 | 2室1厅 | 79.07平米 | 南 北,https://ke-image.ljcdn.com/110000-inspection/pc1_Sxgoy1Ml2_1.jpg!m_fill,w_280,h_210,f_jpg?from=ke.com
20231219,丰台,万源,101119912310,东高地 2室1厅 南 北,280万,45455元/平,中楼层 (共6层) 2室1厅 | 61.6平米 | 南 北,https://ke-image.ljcdn.com/110000-inspection/b1f9a6b4-de0a-49da-aea4-6db42ac9c96d_1000.jpg!m_fill,w_280,h_210,f_jpg?from=ke.com
20231219,丰台,万源,101119678382,美宅湾电梯房两居室满五唯一业主诚售配套完善,315万,43193元/平,低楼层 (共15层) | 2006年 | 2室1厅 | 72.93平米 | 西南 北,https://ke-image.ljcdn.com/110000-inspection/pc1_m3npVvJjJ_1.jpg!m_fill,w_280,h_210,f_jpg?from=ke.com
20231219,丰台,万源,101119657946,桃源里中间楼层两居室南北通透格局楼层好。,345万,49146元/平,中楼层 (共6层) | 1994年 | 2室1厅 | 70.2平米 | 南 北,https://ke-image.ljcdn.com/110000-inspection/pc1_VHGIiGbAP.jpg!m_fill,w_280,h_210,f_jpg?from=ke.com
20231219,丰台,万源,101119414354,南四环外美宅湾电梯房两居室2006年建成配套完善,281万,38159元/平,中楼层 (共15层) | 2006年 | 2室1厅 | 73.64平米 | 西南,https://ke-image.ljcdn.com/110000-inspection/pc1_4KnTKJdlI_1.jpg!m_fill,w_280,h_210,f_jpg?from=ke.com
20231219,丰台,万源,101119326038,万源南里 精装修两居 全明格局 近地铁8号线 采光好,258万,40075元/平,顶层 (共6层) | 1994年 | 2室1厅 | 64.38平米 | 东 南 西,https://ke-image.ljcdn.com/110000-inspection/187da1a2-b179-41e3-827c-af93229ac009_1000.jpg!m_fill,w_280,h_210,f_jpg?from=ke.com
20231219,丰台,万源,101119250012,梅源里 三居复式 南北通透满五唯一 近地铁8号线,603万,61027元/平,高楼层 (共7层) | 1997年 | 3室2厅 | 98.81平米 | 南 北,https://ke-image.ljcdn.com/110000-inspection/ed98979c-84dc-4fb5-a33a-f018607da008_1000.jpg!m_fill,w_280,h_210,f_jpg?from=ke.com
20231219,丰台,万源,101118957732,东高地 梅源里 带电梯 三居室,470万,54639元/平,顶层 (共17层) | 1997年 | 3室1厅 | 86.02平米 | 南,https://ke-image.ljcdn.com/110000-inspection/8e31a85a-5463-4412-a934-4ee4028e8eda_1000.jpg!m_fill,w_280,h_210,f_jpg?from=ke.com
20231219,丰台,万源,101118559766,美宅湾满五唯一电梯房配套齐全,279万,38256元/平,中楼层 (共15层) | 2006年 | 2室1厅 | 72.93平米 | 西南,https://ke-image.ljcdn.com/110000-inspection/pc1_IZy3VKvxo_1.jpg!m_fill,w_280,h_210,f_jpg?from=ke.com
20231219,丰台,万源,101118466643,万源南里东西通透两居视野好业主诚心出售。,265万,43969元/平,顶层 (共6层) 2室1厅 | 60.27平米 | 东 西,https://ke-image.ljcdn.com/110000-inspection/pc1_zcgp9fWoS_1.jpg!m_fill,w_280,h_210,f_jpg?from=ke.com
20231219,丰台,万源,101118165560,梅源里小区东南朝向采光好满五唯一三居室,460万,50561元/平,低楼层 (共17层) | 1997年 | 3室1厅 | 90.98平米 | 东南,https://ke-image.ljcdn.com/110000-inspection/pc1_lomI4govC_1.jpg!m_fill,w_280,h_210,f_jpg?from=ke.com
20231219,丰台,万源,101116511219,桃源里 低楼层 两居室 南北通透 配套齐全,338万,50828元/平,低楼层 (共6层) 2室1厅 | 66.5平米 | 南 北,https://ke-image.ljcdn.com/110000-inspection/2729b400-566b-4cdc-aa54-b451ba483034_1000.jpg!m_fill,w_280,h_210,f_jpg?from=ke.com
20231219,丰台,万源,101116396998,东高地满五年一层南向两居室,272万,56667元/平,底层 (共4层) | 1978年 | 2室1厅 | 48平米 | 南,https://ke-image.ljcdn.com/110000-inspection/pc1_C9qhfoc6l.jpg!m_fill,w_280,h_210,f_jpg?from=ke.com
20231219,丰台,万源,101116379192,益丰园电梯三居室 高层视野开阔 俯视公园,428万,40241元/平,高楼层 (共16层) 3室1厅 | 106.36平米 | 东北 南,https://ke-image.ljcdn.com/110000-inspection/pc1_vqr6BFzLt_1.jpg!m_fill,w_280,h_210,f_jpg?from=ke.com
20231219,丰台,万源,101121693012,万源北路7号院西南两居没有遮挡视野采光都不错,406万,43446元/平,中楼层 (共12层) 2室1厅 | 93.45平米 | 西南,https://s1.ljcdn.com/pegasus/redskull/images/common/default_house_list.png?_v=20231208163226
