20230517,东城,建国门外,101119149906,建国里 东二环外 CBD 南北通透 安静不临街 布局合理必看好房,405万,70289元/平,高楼层 (共6层) | 1991年建 | 2室1厅 | 57.62平米 | 南 北,https://ke-image.ljcdn.com/110000-inspection/38891be5-39f0-4651-b091-49b4cad98983_1000.jpg!m_fill,w_280,h_210,f_jpg?from=ke.com
20230517,东城,建国门外,101118581732,东二环94年房龄精装修满五唯一。必看好房,489万,77632元/平,中楼层 (共7层) 2室1厅 | 62.99平米 | 南 北,https://ke-image.ljcdn.com/110000-inspection/02ca3a24-0583-49cf-b8bc-34c1239bda17_1000.jpg!m_fill,w_280,h_210,f_jpg?from=ke.com
20230517,东城,建国门外,101117477966,东二环灵通观南北两居室 1997年房龄  满五年唯一必看好房,509万,75745元/平,中楼层 (共7层) | 1997年建 | 2室2厅 | 67.2平米 | 南 北,https://ke-image.ljcdn.com/110000-inspection/pc1_rWlfJLigc_2.jpg!m_fill,w_280,h_210,f_jpg?from=ke.com
20230517,东城,建国门外,101117150512,东二环外全南两居室满五唯一 落地窗大阳台诚意出售必看好房,1150万,71871元/平,低楼层 (共23层) | 2003年建 | 2室1厅 | 160.01平米 | 南,https://ke-image.ljcdn.com/110000-inspection/9f6ba8e2-ae9d-44b1-afc0-1cec19b79446_1000.jpg!m_fill,w_280,h_210,f_jpg?from=ke.com
20230517,东城,建国门外,101115717475,东单 电梯直达三居室 视野开阔 诚意出售必看好房,705万,85704元/平,中楼层 (共14层) 3室1厅 | 82.26平米 | 东北,https://ke-image.ljcdn.com/110000-inspection/pc1_PD3FAI1la.jpg!m_fill,w_280,h_210,f_jpg?from=ke.com
20230517,东城,建国门外,101119215230,社科院永安里小区 社科院家属楼必看好房,498万,90398元/平,中楼层 (共5层) 2室1厅 | 55.09平米 | 南 北,https://ke-image.ljcdn.com/110000-inspection/260144f1-8ce8-429f-9cfa-93a294c1195a_1000.jpg!m_fill,w_280,h_210,f_jpg?from=ke.com
20230517,东城,建国门外,101118806279,东二环外 CBD 建国里2楼 南北通透 低楼层 无遮挡两居必看好房,420万,72892元/平,低楼层 (共6层) | 1991年建 | 2室1厅 | 57.62平米 | 北 南,https://ke-image.ljcdn.com/110000-inspection/248f1300-35e0-45a3-abce-89ff904117fb_1000.jpg!m_fill,w_280,h_210,f_jpg?from=ke.com
20230517,东城,建国门外,101118652364,东二环 嘉华世纪 板塔结合 南向带燃气 看房随时必看好房,635万,68671元/平,低楼层 (共18层) | 2003年建 | 1室1厅 | 92.47平米 | 南,https://ke-image.ljcdn.com/110000-inspection/pc1_pWc7eFYlI.jpg!m_fill,w_280,h_210,f_jpg?from=ke.com
20230517,东城,建国门外,101117851654,东二环外 长安街 砖厂胡同 南北通透2+1 看房方便,415万,73857元/平,中楼层 (共6层) | 1981年建 | 3室1厅 | 56.19平米 | 南 北,https://ke-image.ljcdn.com/110000-inspection/4c37f7bf-cb1e-4580-9245-6ef3398f5a3d_1000.jpg!m_fill,w_280,h_210,f_jpg?from=ke.com
20230517,东城,建国门外,101117104530,美华世纪 1室1厅 东北,415万,66294元/平,高楼层 (共11层) 1室1厅 | 62.6平米 | 东北,https://ke-image.ljcdn.com/110000-inspection/pc1_nb1OrjE6v.jpg!m_fill,w_280,h_210,f_jpg?from=ke.com
20230517,东城,建国门外,101114899142,美华世纪  南向A户型  正规一居室,439万,66435元/平,高楼层 (共11层) | 2004年建 | 1室1厅 | 66.08平米 | 南,https://ke-image.ljcdn.com/110000-inspection/pc1_efCWNyC7B.jpg!m_fill,w_280,h_210,f_jpg?from=ke.com
20230517,东城,建国门外,101113739562,万豪君天下  高楼层  视野直观花园  业主在京随时签约房主自荐,465万,67178元/平,中楼层 (共23层) 1室1厅 | 69.22平米 | 北,https://ke-image.ljcdn.com/110000-inspection/pc1_GKMvHisiz_2.jpg!m_fill,w_280,h_210,f_jpg?from=ke.com
20230517,东城,建国门外,101119250586,美华世纪 1室1厅 北必看好房,400万,57373元/平,高楼层 (共12层) | 2004年建 | 1室1厅 | 69.72平米 | 北,https://ke-image.ljcdn.com/110000-inspection/pc1_tk8hUELlP.jpg!m_fill,w_280,h_210,f_jpg?from=ke.com
20230517,东城,建国门外,101119220987,东二环灵通观南北通透三居低楼层必看好房,450万,80386元/平,中楼层 (共5层) | 1979年建 | 3室0厅 | 55.98平米 | 南 北,https://ke-image.ljcdn.com/110000-inspection/1158df0a-1776-482c-ae44-9bffb61e77fe_1000.jpg!m_fill,w_280,h_210,f_jpg?from=ke.com
20230517,东城,建国门外,101119031993,地杰长安驿 中楼层落地窗 观长安街 看房方便必看好房,520万,65815元/平,中楼层 (共31层) | 2009年建 | 1室1厅 | 79.01平米 | 北,https://ke-image.ljcdn.com/110000-inspection/8667957a-a715-43a5-90a0-92c8dcb83453_1000.jpg!m_fill,w_280,h_210,f_jpg?from=ke.com
20230517,东城,建国门外,101118934056,地杰长安驿商品房社区人车分流管理好必看好房,650万,67253元/平,中楼层 (共30层) | 2009年建 | 2室1厅 | 96.65平米 | 东南,https://ke-image.ljcdn.com/110000-inspection/918a7dd3-099d-4673-ae86-99ce8cc7fbcd_1000.jpg!m_fill,w_280,h_210,f_jpg?from=ke.com
20230517,东城,建国门外,101118626148,地杰长安驿 1室1厅 东北,515万,53286元/平,低楼层 (共30层) | 2009年建 | 1室1厅 | 96.65平米 | 东北,https://ke-image.ljcdn.com/110000-inspection/4025a4d7-d08f-4ef0-9f41-f4c707f95449_1000.jpg!m_fill,w_280,h_210,f_jpg?from=ke.com
20230517,东城,建国门外,101118593831,东二环 南北通透 两居室 高楼层 视野好 满五唯一必看好房,458万,41280元/平,顶层 (共12层) | 2004年建 | 2室1厅 | 110.95平米 | 南 北,https://ke-image.ljcdn.com/110000-inspection/fcdd1e32-7b96-4d7e-9986-fe0907a6f8f9_1000.jpg!m_fill,w_280,h_210,f_jpg?from=ke.com
20230517,东城,建国门外,101118488862,美华世纪 2室1厅 东 南 北,605万,70902元/平,高楼层 (共12层) 2室1厅 | 85.33平米 | 东 南 北,https://ke-image.ljcdn.com/110000-inspection/d02d98a1-6cff-47fa-96b8-15b1ad6e25b9_1000.jpg!m_fill,w_280,h_210,f_jpg?from=ke.com
20230517,东城,建国门外,101118455629,地杰长安驿 南向开间 采光好 诚意卖必看好房,359万,78954元/平,中楼层 (共31层) | 2007年建 | 1室0厅 | 45.47平米 | 南,https://ke-image.ljcdn.com/110000-inspection/pc1_UmhzsgGXk_2.jpg!m_fill,w_280,h_210,f_jpg?from=ke.com
20230517,东城,建国门外,101118437713,抽屉胡同 全明格局 中间层 视野和采光棒必看好房,549万,92487元/平,中楼层 (共7层) 2室1厅 | 59.36平米 | 东北,https://ke-image.ljcdn.com/110000-inspection/2db0a881-84b6-4f29-ad0d-82ef1440b776_1000.jpg!m_fill,w_280,h_210,f_jpg?from=ke.com
20230517,东城,建国门外,101118407548,万豪国际公寓 高层大三居 视野开阔 南向采光好必看好房,1570万,78450元/平,中楼层 (共23层) | 2003年建 | 3室1厅 | 200.13平米 | 东南 南,https://ke-image.ljcdn.com/110000-inspection/pc1_X5XTI9hSc_2.jpg!m_fill,w_280,h_210,f_jpg?from=ke.com
20230517,东城,建国门外,101118319032,美华世纪 1室1厅 南,459万,58205元/平,高楼层 (共11层) | 2004年建 | 1室1厅 | 78.86平米 | 南,https://ke-image.ljcdn.com/110000-inspection/d3347c52-4735-4048-a6f6-7ca37cb0603b_1000.jpg!m_fill,w_280,h_210,f_jpg?from=ke.com
20230517,东城,建国门外,101117916342,户型通透管理好旅游局家属楼必看好房,443万,76565元/平,低楼层 (共6层) | 1984年建 | 2室1厅 | 57.86平米 | 南 北,https://ke-image.ljcdn.com/110000-inspection/pc1_FNVgFGWhX.jpg!m_fill,w_280,h_210,f_jpg?from=ke.com
20230517,东城,建国门外,101117849870,东二环灵通观南北三居室  全明格局 中间楼层必看好房,442万,77859元/平,中楼层 (共5层) | 1976年建 | 3室1厅 | 56.77平米 | 南 西 北,https://ke-image.ljcdn.com/110000-inspection/pc1_ZXeSuv7dw.jpg!m_fill,w_280,h_210,f_jpg?from=ke.com
20230517,东城,建国门外,101117832363,东方瑞景  高层观长安街  随时签约房主自荐,720万,83170元/平,高楼层 (共26层) | 2004年建 | 1室1厅 | 86.57平米 | 西北,https://ke-image.ljcdn.com/110000-inspection/pc1_HApvbXcTr_2.jpg!m_fill,w_280,h_210,f_jpg?from=ke.com
20230517,东城,建国门外,101117691506,建国里东二环房管局家属楼中间楼层。必看好房,360万,63192元/平,中楼层 (共6层) | 1983年建 | 2室1厅 | 56.97平米 | 西北,https://ke-image.ljcdn.com/110000-inspection/d0f92d7a-f577-4eca-9a76-2dde712468ee_1000.jpg!m_fill,w_280,h_210,f_jpg?from=ke.com
20230517,东城,建国门外,101117608931,2009年小区70年产权售房变现诚意卖,329万,72356元/平,中楼层 (共31层) | 2009年建 | 1室0厅 | 45.47平米 | 北,https://ke-image.ljcdn.com/110000-inspection/e814ec5a-3289-40d9-9c8e-372d9b42fdac_1000.jpg!m_fill,w_280,h_210,f_jpg?from=ke.com
20230517,东城,建国门外,101117588794,美华世纪  高楼层  西南向  采光充足  诚意出售房主自荐,1310万,72597元/平,中楼层 (共12层) | 2004年建 | 4室2厅 | 180.45平米 | 西南,https://ke-image.ljcdn.com/110000-inspection/pc1_y9U6yUMNX_2.jpg!m_fill,w_280,h_210,f_jpg?from=ke.com
20230517,东城,建国门外,101117548335,通用时代国际公寓 西南北三居室 精装修 改善,1860万,92386元/平,中楼层 (共28层) | 2004年建 | 3室2厅 | 201.33平米 | 南 北,https://ke-image.ljcdn.com/110000-inspection/762e006d-fd3c-487e-af01-aec7b244f78f_1000.jpg!m_fill,w_280,h_210,f_jpg?from=ke.com
20230517,东城,建国门外,101117250801,东二环 封闭式小区环境优美 1994年 南北通透满五唯一必看好房,450万,71440元/平,高楼层 (共7层) 2室1厅 | 62.99平米 | 南 北,https://ke-image.ljcdn.com/110000-inspection/pc1_T3QPXf6uF.jpg!m_fill,w_280,h_210,f_jpg?from=ke.com
20230517,东城,建国门外,101117068956,东二环 南北通透三居室 2016年次新房 层高3.1米精装修,1730万,114958元/平,低楼层 (共17层) 3室2厅 | 150.49平米 | 南 北,https://ke-image.ljcdn.com/110000-inspection/353c9427-3f2b-4daa-99d0-47652a468d51_1000.jpg!m_fill,w_280,h_210,f_jpg?from=ke.com
20230517,东城,建国门外,101116952717,美华世纪 3室1厅 南 北,646万,78199元/平,低楼层 (共12层) 3室1厅 | 82.61平米 | 南 北,https://ke-image.ljcdn.com/110000-inspection/f0e15a39-c781-4ab2-b893-dcb52108dd23_1000.jpg!m_fill,w_280,h_210,f_jpg?from=ke.com
20230517,东城,建国门外,101115999984,东二环边朝阳区长安6号业主诚意出售,340万,46303元/平,高楼层 (共18层) | 2006年建 | 1室1厅 | 73.43平米 | 北,https://ke-image.ljcdn.com/110000-inspection/pc1_14xHGMOzl.jpg!m_fill,w_280,h_210,f_jpg?from=ke.com
20230517,东城,建国门外,101115499305,CBD国贸商圈 东二环边 户型方正 视野开阔 诚意出售必看好房,579万,58110元/平,高楼层 (共30层) | 2009年建 | 2室1厅 | 99.64平米 | 北,https://ke-image.ljcdn.com/110000-inspection/9341d9f9-5b61-44f6-bd73-dfc3ee40f36f_1000.jpg!m_fill,w_280,h_210,f_jpg?from=ke.com
20230517,东城,建国门外,101119271034,美华世纪 2室1厅 西新上,460万,74519元/平,中楼层 (共12层) 2室1厅 | 61.73平米 | 西,https://ke-image.ljcdn.com/110000-inspection/pc1_bh6vkitxg.jpg!m_fill,w_280,h_210,f_jpg?from=ke.com
20230517,东城,建国门外,101119182553,东二环 南向大三居 户型方正 采光无遮挡 诚意出售,1680万,83946元/平,中楼层 (共23层) | 2001年建 | 3室1厅 | 200.13平米 | 南,https://ke-image.ljcdn.com/110000-inspection/6a1b3659-7b28-4f38-a40c-d18bf94127cb_1000.jpg!m_fill,w_280,h_210,f_jpg?from=ke.com
20230517,东城,建国门外,101119180350,东二环 满五年 东西双通透 户型方正全明格局,750万,84593元/平,底层 (共6层) | 1994年建 | 3室1厅 | 88.66平米 | 东 西,https://ke-image.ljcdn.com/110000-inspection/8494f2ad-c38e-4fac-a4b4-cc3d9a4f17d6_1000.jpg!m_fill,w_280,h_210,f_jpg?from=ke.com
20230517,东城,建国门外,101119129159,万豪新上一居室  满五唯一  精装修  诚意出售房主自荐,480万,77999元/平,低楼层 (共23层) 1室1厅 | 61.54平米 | 北,https://ke-image.ljcdn.com/110000-inspection/35da030e-df3c-4be5-b62d-be199233b588_1000.jpg!m_fill,w_280,h_210,f_jpg?from=ke.com
20230517,东城,建国门外,101119067924,灵通观 2室1厅 南 北,490万,77791元/平,高楼层 (共7层) 2室1厅 | 62.99平米 | 南 北,https://ke-image.ljcdn.com/110000-inspection/pc1_dqxUK7PAM.jpg!m_fill,w_280,h_210,f_jpg?from=ke.com
20230517,东城,建国门外,101118988399,东方瑞景 东二环边 邻近国贸 长安街旁2004年商品房,1300万,87537元/平,高楼层 (共27层) | 2004年建 | 2室1厅 | 148.51平米 | 南 西,https://ke-image.ljcdn.com/110000-inspection/dcd8aba5-85e1-44ec-a60a-42e33c40fdba_1000.jpg!m_fill,w_280,h_210,f_jpg?from=ke.com
20230517,东城,建国门外,101118978760,中海开发中海物业前后无遮挡小区环境好,1550万,112892元/平,中楼层 (共17层) 2室2厅 | 137.3平米 | 东 西,https://ke-image.ljcdn.com/110000-inspection/997a5500-e20f-4e36-93e8-cbfd99258d89_1000.jpg!m_fill,w_280,h_210,f_jpg?from=ke.com
20230517,东城,建国门外,101118957901,中海开发中海物业品质好三朝向自然光充足。,2145万,121180元/平,低楼层 (共14层) 3室1厅 | 177.01平米 | 西 东 北,https://ke-image.ljcdn.com/110000-inspection/26897647-f78a-4c27-91c0-811563cb5223_1000.jpg!m_fill,w_280,h_210,f_jpg?from=ke.com
20230517,东城,建国门外,101118831932,东方瑞景 2室1厅 西,1100万,82274元/平,高楼层 (共26层) 2室1厅 | 133.7平米 | 西,https://ke-image.ljcdn.com/110000-inspection/69be9555-911a-41d4-8991-98984a6d07f6_1000.jpg!m_fill,w_280,h_210,f_jpg?from=ke.com
20230517,东城,建国门外,101118766795,灵通观 2室1厅 南,399万,75156元/平,顶层 (共5层) | 1976年建 | 2室1厅 | 53.09平米 | 南,https://ke-image.ljcdn.com/110000-inspection/f290a782-63c5-451d-bc30-8c80c0d9e442_1000.jpg!m_fill,w_280,h_210,f_jpg?from=ke.com
20230517,东城,建国门外,101118765943,万豪国际高档社区 东北三居 看花园 诚意出售 交通便利,1280万,77021元/平,中楼层 (共23层) 3室2厅 | 166.19平米 | 东北,https://ke-image.ljcdn.com/110000-inspection/8b0d0dab-33d0-4b26-8e05-9cae57b4f7f3_1000.jpg!m_fill,w_280,h_210,f_jpg?from=ke.com
20230517,东城,建国门外,101118733724,中海枫丹公馆中海物业二环边次新房。,1950万,120334元/平,中楼层 (共12层) 3室2厅 | 162.05平米 | 东 西,https://ke-image.ljcdn.com/110000-inspection/36894f98-32a3-4c9a-9f8a-b6abb252ef57_1000.jpg!m_fill,w_280,h_210,f_jpg?from=ke.com
20230517,东城,建国门外,101118728595,东二环 封闭式小区环境优美 1994年 南北通透 满五年房主自荐,490万,77791元/平,高楼层 (共7层) 2室1厅 | 62.99平米 | 北 南,https://ke-image.ljcdn.com/110000-inspection/15867f5c-5fb0-47d6-9b10-4933a01904de_1000.jpg!m_fill,w_280,h_210,f_jpg?from=ke.com
20230517,东城,建国门外,101118661998,东二环 满五年 东西通透 全明格局双阳台 精装修拎包住,796万,81060元/平,顶层 (共6层) | 1994年建 | 3室1厅 | 98.2平米 | 东 西,https://ke-image.ljcdn.com/110000-inspection/7cc60b00-9e3d-42dd-a391-195b524532d7_1000.jpg!m_fill,w_280,h_210,f_jpg?from=ke.com
20230517,东城,建国门外,101118600563,灵通观 楼龄新 楼层高采光好视野好 南北通透,500万,79378元/平,高楼层 (共7层) | 1994年建 | 2室1厅 | 62.99平米 | 南 北,https://ke-image.ljcdn.com/110000-inspection/3637b4c4-fc27-44fd-8127-c0d33fbc5070_1000.jpg!m_fill,w_280,h_210,f_jpg?from=ke.com
20230517,东城,建国门外,101118571597,商品房 南北通透  交通便利 配套齐全 采光充足,880万,118264元/平,顶层 (共6层) | 1996年建 | 2室1厅 | 74.41平米 | 南 北,https://ke-image.ljcdn.com/110000-inspection/167f8625-8c41-4151-bef8-2d363a52da11_1000.jpg!m_fill,w_280,h_210,f_jpg?from=ke.com
20230517,东城,建国门外,101118497787,灵通观 3室1厅 东 南 北,490万,80952元/平,中楼层 (共5层) | 1975年建 | 3室1厅 | 60.53平米 | 东 南 北,https://ke-image.ljcdn.com/110000-inspection/66b9cb49-1e51-4331-bea3-988bfacec456_1000.jpg!m_fill,w_280,h_210,f_jpg?from=ke.com
20230517,东城,建国门外,101118478272,东二环外建国商圈 建国里小区【新上】一居室 有钥匙,315万,84678元/平,中楼层 (共5层) 1室1厅 | 37.2平米 | 南,https://ke-image.ljcdn.com/110000-inspection/469edc03-8375-469b-9ba9-13d24ac6bd6c_1000.jpg!m_fill,w_280,h_210,f_jpg?from=ke.com
20230517,东城,建国门外,101118458165,东二环灵通观全南两居室  采光好 诚意出售,365万,76585元/平,底层 (共5层) | 1974年建 | 2室1厅 | 47.66平米 | 南,https://ke-image.ljcdn.com/110000-inspection/37f22e9e-7aee-42f1-9657-e4adb786d55c_1000.jpg!m_fill,w_280,h_210,f_jpg?from=ke.com
20230517,东城,建国门外,101118443299,建国里 南北两居室 安静不临街 合适,430万,74627元/平,高楼层 (共6层) | 1991年建 | 2室1厅 | 57.62平米 | 南 北,https://ke-image.ljcdn.com/110000-inspection/114bb527-9023-4c34-be0c-c428b8f17a00_1000.jpg!m_fill,w_280,h_210,f_jpg?from=ke.com
20230517,东城,建国门外,101118350621,华侨城新出东南三居室 满五唯一 看房随时,1280万,94326元/平,低楼层 (共19层) | 1989年建 | 3室2厅 | 135.7平米 | 东南,https://ke-image.ljcdn.com/110000-inspection/pc1_aAMS43ztX.jpg!m_fill,w_280,h_210,f_jpg?from=ke.com
20230517,东城,建国门外,101118109503,东二环 美华世纪 精致一居室 有燃气,418万,59955元/平,顶层 (共12层) | 2004年建 | 1室1厅 | 69.72平米 | 北,https://ke-image.ljcdn.com/110000-inspection/pc1_pPMCxkvMF.jpg!m_fill,w_280,h_210,f_jpg?from=ke.com
20230517,东城,建国门外,101118089449,东二环 长安街 月河小区 近地铁 南北通透 采光好,503万,79301元/平,顶层 (共5层) | 1983年建 | 2室1厅 | 63.43平米 | 南 北,https://ke-image.ljcdn.com/110000-inspection/fed9dac4-fd8b-493c-a9ac-7f1089534081_1000.jpg!m_fill,w_280,h_210,f_jpg?from=ke.com
20230517,东城,建国门外,101118001721,永安南里 2室1厅 南 北,450万,73374元/平,底层 (共7层) | 1992年建 | 2室1厅 | 61.33平米 | 南 北,https://ke-image.ljcdn.com/110000-inspection/5634e737-f860-48a8-bf7e-191e90ba0d50_1000.jpg!m_fill,w_280,h_210,f_jpg?from=ke.com
20230517,东城,建国门外,101117910599,灵通观 一层两居室 看房提前约,510万,89963元/平,底层 (共7层) 2室1厅 | 56.69平米 | 南 北,https://ke-image.ljcdn.com/110000-inspection/1957c45d-64de-42df-9055-02d006ca0df8_1000.jpg!m_fill,w_280,h_210,f_jpg?from=ke.com
20230517,东城,建国门外,101117859739,满五唯一海关央产南北通透采光充足电梯直达房主自荐,1488万,118199元/平,中楼层 (共12层) | 1996年建 | 4室1厅 | 125.89平米 | 南 北,https://ke-image.ljcdn.com/110000-inspection/92046b7c-3dd1-4259-9779-301e198bd8dd_1000.jpg!m_fill,w_280,h_210,f_jpg?from=ke.com
20230517,东城,建国门外,101117859374,东方瑞景次次顶层大三居 视野开阔采光充足 诚意出售,1745万,83673元/平,高楼层 (共26层) 3室2厅 | 208.55平米 | 南 北,https://ke-image.ljcdn.com/110000-inspection/pc1_p9BiaR4Bk.jpg!m_fill,w_280,h_210,f_jpg?from=ke.com
20230517,东城,建国门外,101117849533,永安南里 南北通透3居室 户型方正 采光充足,915万,76878元/平,中楼层 (共7层) | 1993年建 | 4室2厅 | 119.02平米 | 南 北,https://ke-image.ljcdn.com/110000-inspection/pc1_34g8JE5By.jpg!m_fill,w_280,h_210,f_jpg?from=ke.com
20230517,东城,建国门外,101117808869,建国men月河南北两居 换房诚意出售 精装修 看房方便,480万,86534元/平,中楼层 (共7层) | 1992年建 | 2室1厅 | 55.47平米 | 南 北,https://ke-image.ljcdn.com/110000-inspection/pc1_WbHYDeDjn.jpg!m_fill,w_280,h_210,f_jpg?from=ke.com
20230517,东城,建国门外,101117784145,此房南北通透的三居室视野开阔采光充足户型方正,1800万,84136元/平,中楼层 (共27层) | 2004年建 | 3室1厅 | 213.94平米 | 南 北,https://ke-image.ljcdn.com/110000-inspection/pc1_uZnDYuKGF.jpg!m_fill,w_280,h_210,f_jpg?from=ke.com
20230517,东城,建国门外,101117688924,月河小区 采光好 户型方正 两室一厅 诚意出售,510万,88068元/平,中楼层 (共7层) 2室1厅 | 57.91平米 | 东北,https://ke-image.ljcdn.com/110000-inspection/cb3eb957-a36c-43a0-a23d-d67945df365f_1000.jpg!m_fill,w_280,h_210,f_jpg?from=ke.com
20230517,东城,建国门外,101117672845,全明格局采光好户型方正敞亮双面采光满五唯一,565万,102746元/平,低楼层 (共7层) 2室1厅 | 54.99平米 | 东南,https://ke-image.ljcdn.com/110000-inspection/f0db33e9-e897-47fd-bb75-e1d2f3fa5a88_1000.jpg!m_fill,w_280,h_210,f_jpg?from=ke.com
20230517,东城,建国门外,101117665795,华侨村 4室1厅 南 北,1580万,93992元/平,中楼层 (共19层) | 1995年建 | 4室1厅 | 168.1平米 | 南 北,https://ke-image.ljcdn.com/110000-inspection/pc1_6KFvSv6vH.jpg!m_fill,w_280,h_210,f_jpg?from=ke.com
20230517,东城,建国门外,101117610755,东城二环内海关家属楼西南三居小区有管理,850万,114556元/平,高楼层 (共6层) 3室1厅 | 74.2平米 | 南 西,https://ke-image.ljcdn.com/110000-inspection/pc1_wglXRvyov.jpg!m_fill,w_280,h_210,f_jpg?from=ke.com
20230517,东城,建国门外,101117585765,二环边  东方瑞景  满五唯一  南北通透  全明格局,1850万,86737元/平,低楼层 (共27层) | 2004年建 | 3室2厅 | 213.29平米 | 南 北,https://ke-image.ljcdn.com/110000-inspection/pc1_WQbSOGPv8.jpg!m_fill,w_280,h_210,f_jpg?from=ke.com
20230517,东城,建国门外,101117495093,永安南里 93社区 三层 满五年唯一住房,550万,76315元/平,中楼层 (共7层) | 1993年建 | 2室1厅 | 72.07平米 | 东,https://ke-image.ljcdn.com/110000-inspection/pc1_rwtFMv1yO.jpg!m_fill,w_280,h_210,f_jpg?from=ke.com
20230517,东城,建国门外,101117489683,瑞景西向一居室精装修有租户看房提前约,705万,83799元/平,低楼层 (共26层) | 2004年建 | 1室1厅 | 84.13平米 | 西,https://ke-image.ljcdn.com/110000-inspection/pc1_PM4G5sv7X.jpg!m_fill,w_280,h_210,f_jpg?from=ke.com
20230517,东城,建国门外,101117478734,东二环 16年次新小区 精装修 层高3米1地暖管理好,1460万,106337元/平,低楼层 (共17层) 2室1厅 | 137.3平米 | 东 西,https://ke-image.ljcdn.com/110000-inspection/47673da5-a3fb-4cfd-90c4-1dd15c2c7913_1000.jpg!m_fill,w_280,h_210,f_jpg?from=ke.com
20230517,东城,建国门外,101117408957,建国里全南一居室满五年中间层有钥匙随时看,303万,82878元/平,中楼层 (共5层) | 1979年建 | 1室1厅 | 36.56平米 | 南,https://ke-image.ljcdn.com/110000-inspection/d8c9c237-e29c-4946-ab18-8c03a7a212d9_1000.jpg!m_fill,w_280,h_210,f_jpg?from=ke.com
20230517,东城,建国门外,101117249890,建内大街 东向一居室 无遮挡 价格合适 随时签约,580万,117719元/平,顶层 (共6层) | 1992年建 | 1室1厅 | 49.27平米 | 东,https://ke-image.ljcdn.com/110000-inspection/7c97fff6-ec65-4cba-adc3-8e86735a1338_1000.jpg!m_fill,w_280,h_210,f_jpg?from=ke.com
20230517,东城,建国门外,101117218595,海关家属楼 满五年 南北通透 电梯直达 交通便利,2690万,113026元/平,低楼层 (共12层) 5室2厅 | 238平米 | 南 西 北,https://ke-image.ljcdn.com/110000-inspection/4c9801f7-0207-4fd1-a885-a53843019fac_1000.jpg!m_fill,w_280,h_210,f_jpg?from=ke.com
20230517,东城,建国门外,101117103138,永安南里 2室1厅 东南,575万,75559元/平,底层 (共7层) | 1993年建 | 2室1厅 | 76.1平米 | 东南,https://ke-image.ljcdn.com/110000-inspection/pc1_5G677PMSD.jpg!m_fill,w_280,h_210,f_jpg?from=ke.com
20230517,东城,建国门外,101117046328,抽屉胡同 中间层 双南采光好  精装 满五年唯一！,560万,96303元/平,中楼层 (共7层) | 1985年建 | 2室1厅 | 58.15平米 | 南,https://ke-image.ljcdn.com/110000-inspection/d4d12e6e-009e-4cda-9af1-5a5f25251b3a_1000.jpg!m_fill,w_280,h_210,f_jpg?from=ke.com
20230517,东城,建国门外,101116943163,东城二环内电梯直达三居室满五年唯一。,720万,95327元/平,中楼层 (共14层) 3室1厅 | 75.53平米 | 西 北,https://ke-image.ljcdn.com/110000-inspection/pc1_BPb6oCEHb_2.jpg!m_fill,w_280,h_210,f_jpg?from=ke.com
20230517,东城,建国门外,101116887167,东二环灵通观东向一居室 满五年唯一,280万,70423元/平,顶层 (共7层) | 1984年建 | 1室1厅 | 39.76平米 | 东,https://ke-image.ljcdn.com/110000-inspection/pc1_ZBj3pSaDy.jpg!m_fill,w_280,h_210,f_jpg?from=ke.com
20230517,东城,建国门外,101116882466,1993年楼龄新永安南里精装修一居室楼层好房主自荐,340万,75072元/平,底层 (共7层) | 1993年建 | 1室1厅 | 45.29平米 | 南,https://ke-image.ljcdn.com/110000-inspection/pc1_O5rSIEePH.jpg!m_fill,w_280,h_210,f_jpg?from=ke.com
20230517,东城,建国门外,101116795886,东方瑞景满五年采光好有装修。房主自荐,735万,84454元/平,低楼层 (共27层) | 2004年建 | 1室1厅 | 87.03平米 | 西,https://ke-image.ljcdn.com/110000-inspection/4a934ca9-1218-4348-bba0-ba3cc414ca9d_1000.jpg!m_fill,w_280,h_210,f_jpg?from=ke.com
20230517,东城,建国门外,101116752978,东二环灵通观南北两居室  新装修 全明户型,508万,75394元/平,顶层 (共4层) | 1962年建 | 2室1厅 | 67.38平米 | 南 北 西,https://ke-image.ljcdn.com/110000-inspection/pc1_ty7gQm3IS.jpg!m_fill,w_280,h_210,f_jpg?from=ke.com
20230517,东城,建国门外,101116666950,东二环外2003年嘉华世纪 南向1居 高楼层 落地窗房主自荐,648万,70077元/平,中楼层 (共18层) | 2003年建 | 1室1厅 | 92.47平米 | 南,https://ke-image.ljcdn.com/110000-inspection/1da48dfb-efbc-4f55-8062-df81f4bf1a66_1000.jpg!m_fill,w_280,h_210,f_jpg?from=ke.com
20230517,东城,建国门外,101116622890,燕华苑 南北通透三居室 两梯四户 配套齐全 满五唯一,1500万,70879元/平,低楼层 (共27层) | 1998年建 | 3室1厅 | 211.63平米 | 南 北,https://ke-image.ljcdn.com/110000-inspection/pc1_83L3RUlwn.jpg!m_fill,w_280,h_210,f_jpg?from=ke.com
20230517,东城,建国门外,101116384859,小区是2016年交房的楼龄新位于东二环边上位置好,3850万,87516元/平,中楼层 (共17层) | 2016年建 | 5室2厅 | 439.92平米 | 南 北,https://ke-image.ljcdn.com/110000-inspection/pc1_C3uJe0bj4_2.jpg!m_fill,w_280,h_210,f_jpg?from=ke.com
20230517,东城,建国门外,101116225220,通用时代国际公寓 精装三居 中间楼层 观花园,1980万,98346元/平,低楼层 (共28层) | 2004年建 | 3室2厅 | 201.33平米 | 南 北,https://ke-image.ljcdn.com/110000-inspection/d2e7c4af-0d6b-4712-b76f-686c6cadb705_1000.jpg!m_fill,w_280,h_210,f_jpg?from=ke.com
20230517,东城,建国门外,101116043281,美华世纪 满五唯一 东南向 70年住宅 采光好,650万,80079元/平,中楼层 (共11层) | 2004年建 | 2室1厅 | 81.17平米 | 东南,https://ke-image.ljcdn.com/110000-inspection/pc1_9lvI47JTz_1.jpg!m_fill,w_280,h_210,f_jpg?from=ke.com
20230517,东城,建国门外,101116041834,建内南大街 带电梯 满五年唯一,740万,107449元/平,低楼层 (共14层) 2室1厅 | 68.87平米 | 西北,https://ke-image.ljcdn.com/110000-inspection/b0434115-79a8-4df5-9529-426b6dbf1067_1000.jpg!m_fill,w_280,h_210,f_jpg?from=ke.com
20230517,东城,建国门外,101116023928,东二环  西向 一居室 视野开阔采光充足房主自荐,403万,65285元/平,低楼层 (共12层) | 2004年建 | 1室1厅 | 61.73平米 | 西,https://ke-image.ljcdn.com/110000-inspection/pc1_r9KgHyPWa_2.jpg!m_fill,w_280,h_210,f_jpg?from=ke.com
20230517,东城,建国门外,101115951969,东二环边西向一居室随时可以签约采光充足,590万,102698元/平,高楼层 (共13层) | 2001年建 | 1室1厅 | 57.45平米 | 西,https://ke-image.ljcdn.com/110000-inspection/pc1_9jxLP9wtr.jpg!m_fill,w_280,h_210,f_jpg?from=ke.com
20230517,东城,建国门外,101115878269,东二环外 近地铁公园 三居两卫 电梯直达 社区管理好,1150万,60479元/平,高楼层 (共26层) 3室2厅 | 190.15平米 | 东北,https://ke-image.ljcdn.com/110000-inspection/pc1_YVk2etUJC.jpg!m_fill,w_280,h_210,f_jpg?from=ke.com
20230517,东城,建国门外,101115841948,CBD国贸商圈 首气宿舍 满五年唯一 户型方正 视野开阔房主自荐,348万,73048元/平,顶层 (共7层) | 1994年建 | 2室1厅 | 47.64平米 | 南 北,https://ke-image.ljcdn.com/110000-inspection/pc1_pAv8y20YQ.jpg!m_fill,w_280,h_210,f_jpg?from=ke.com
20230517,东城,建国门外,101115598032,东二环高品质大三居住宅诚意卖万豪国际公寓,1270万,76419元/平,中楼层 (共23层) | 2003年建 | 3室2厅 | 166.19平米 | 西北,https://ke-image.ljcdn.com/110000-inspection/pc1_C8kRX5K0t.jpg!m_fill,w_280,h_210,f_jpg?from=ke.com
20230517,东城,建国门外,101115586850,建guomen南大街 西南朝向无遮挡视野开阔两居室,740万,112156元/平,低楼层 (共14层) 2室1厅 | 65.98平米 | 西南,https://ke-image.ljcdn.com/110000-inspection/e97c6e88-7015-4256-a765-1139a5a2d119_1000.jpg!m_fill,w_280,h_210,f_jpg?from=ke.com
20230517,东城,建国门外,101115580493,高层南向视野开阔无遮挡户型方正诚意出售,1370万,92250元/平,高楼层 (共27层) | 2004年建 | 2室1厅 | 148.51平米 | 西 南,https://ke-image.ljcdn.com/110000-inspection/pc1_zIHfQ2vNi.jpg!m_fill,w_280,h_210,f_jpg?from=ke.com
20230517,东城,建国门外,101115576702,砖厂胡同 2室1厅 南 北房主自荐,396万,75100元/平,中楼层 (共6层) | 1981年建 | 2室1厅 | 52.73平米 | 南 北,https://ke-image.ljcdn.com/110000-inspection/pc1_LflC27JXo.jpg!m_fill,w_280,h_210,f_jpg?from=ke.com
20230517,东城,建国门外,101115529918,中国海关宿舍【东单协和】南北通透两居 前后没有遮挡房主自荐,853万,114636元/平,高楼层 (共6层) 2室1厅 | 74.41平米 | 南 北,https://ke-image.ljcdn.com/110000-inspection/pc1_YjAGvdgyN.jpg!m_fill,w_280,h_210,f_jpg?from=ke.com
20230517,东城,建国门外,101115442619,中海枫丹公馆 16年次新房   毛坯房 改善型5居室,3780万,85925元/平,低楼层 (共17层) 5室3厅 | 439.92平米 | 南 北,https://ke-image.ljcdn.com/110000-inspection/pc1_QhN5liazG.jpg!m_fill,w_280,h_210,f_jpg?from=ke.com
20230517,东城,建国门外,101114961474,中海枫丹公馆 南北通透平层 精装修 改善型5居室,4600万,103052元/平,中楼层 (共17层) | 2016年建 | 5室3厅 | 446.38平米 | 南 北,https://ke-image.ljcdn.com/110000-inspection/47f2dd76-3d59-429d-8f03-0f7b31ffe491_1000.jpg!m_fill,w_280,h_210,f_jpg?from=ke.com
20230517,东城,建国门外,101114779140,东单协和朝阳门内电梯直达3居室 视野开阔采光好,835万,101508元/平,中楼层 (共14层) | 1989年建 | 3室1厅 | 82.26平米 | 东北,https://ke-image.ljcdn.com/110000-inspection/489cff4c-9352-49e4-bd94-9b27a696dad9_1000.jpg!m_fill,w_280,h_210,f_jpg?from=ke.com
20230517,东城,建国门外,101114482005,花shao的标ti很多 优质的房子不多 诚意的业主更少房主自荐,405万,71733元/平,低楼层 (共7层) | 1984年建 | 2室1厅 | 56.46平米 | 东 西,https://ke-image.ljcdn.com/110000-inspection/pc1_bWsz8UonA_2.jpg!m_fill,w_280,h_210,f_jpg?from=ke.com
20230517,东城,建国门外,101112407986,70年纯住宅嘉华世纪  次顶层全南向产权清晰房主自荐,680万,73538元/平,高楼层 (共18层) | 2003年建 | 1室1厅 | 92.47平米 | 南,https://ke-image.ljcdn.com/110000-inspection/pc1_bMWHI6CQQ_1.jpg!m_fill,w_280,h_210,f_jpg?from=ke.com
20230517,东城,建国门外,101111715372,抽屉胡同两居室南向无遮挡户型方正,620万,106621元/平,中楼层 (共7层) 2室1厅 | 58.15平米 | 南,https://ke-image.ljcdn.com/110000-inspection/fb032b5f-74df-4036-b749-fa766d889a91_1000.jpg!m_fill,w_280,h_210,f_jpg?from=ke.com
20230517,东城,建国门外,101110509846,东二环边 精装西向大一居室 满五年 采光好 看小区花园房主自荐,738万,87597元/平,低楼层 (共26层) | 2004年建 | 1室1厅 | 84.25平米 | 西,https://ke-image.ljcdn.com/110000-inspection/pc1_2kNvPAW0g_2.jpg!m_fill,w_280,h_210,f_jpg?from=ke.com
20230517,东城,建国门外,101119225588,地杰长安驿 1室1厅 西北新上,539万,55769元/平,低楼层 (共30层) | 2009年建 | 1室1厅 | 96.65平米 | 西北,https://ke-image.ljcdn.com/110000-inspection/pc1_d4B0fYlAS.jpg!m_fill,w_280,h_210,f_jpg?from=ke.com
20230517,东城,建国门外,101119150143,通用时代国际公寓 4室2厅 南 北,2580万,72711元/平,低楼层 (共28层) | 2004年建 | 4室2厅 | 354.83平米 | 南 北,https://ke-image.ljcdn.com/110000-inspection/pc1_xVy9Ja0dl_2.jpg!m_fill,w_280,h_210,f_jpg?from=ke.com
20230517,东城,建国门外,101119135473,月河 2室1厅 南 北,226万,47330元/平,底层 (共7层) | 1992年建 | 2室1厅 | 47.75平米 | 南 北,https://ke-image.ljcdn.com/110000-inspection/pc1_ZLtM4PqDf_2.jpg!m_fill,w_280,h_210,f_jpg?from=ke.com
20230517,东城,建国门外,101119072626,东二环内 协和医院 电梯直达精装修大两居室,660万,95833元/平,低楼层 (共14层) 2室0厅 | 68.87平米 | 西北,https://ke-image.ljcdn.com/110000-inspection/pc1_Fyjkx41CU_1.jpg!m_fill,w_280,h_210,f_jpg?from=ke.com
20230517,东城,建国门外,101119049559,CBD国贸商圈精装现房 满五年只交契税 随时看房 有钥匙,669万,67142元/平,中楼层 (共30层) | 2009年建 | 2室1厅 | 99.64平米 | 南,https://ke-image.ljcdn.com/110000-inspection/pc1_bxvX2n3Xc.jpg!m_fill,w_280,h_210,f_jpg?from=ke.com
20230517,东城,建国门外,101119016654,美华世纪 正规南向两居室 满五年,650万,72215元/平,中楼层 (共12层) | 2004年建 | 2室1厅 | 90.01平米 | 南,https://ke-image.ljcdn.com/110000-inspection/e9e6a3c1-7de3-4b98-8fc4-7834c0db8800_1000.jpg!m_fill,w_280,h_210,f_jpg?from=ke.com
20230517,东城,建国门外,101118979597,地杰长安驿2009年商品房  西向  中高楼层,630万,57325元/平,中楼层 (共31层) | 2009年建 | 1室1厅 | 109.9平米 | 西,https://ke-image.ljcdn.com/110000-inspection/c523b989-bd96-4090-836d-402712472989_1000.jpg!m_fill,w_280,h_210,f_jpg?from=ke.com
20230517,东城,建国门外,101118967408,抽屉胡同一层南向二居室诚心出售精装修。,598万,102838元/平,底层 (共7层) | 1980年建 | 2室1厅 | 58.15平米 | 南,https://ke-image.ljcdn.com/110000-inspection/pc1_54iTYyse0.jpg!m_fill,w_280,h_210,f_jpg?from=ke.com
20230517,东城,建国门外,101118961573,地杰长安驿 1室1厅 北,515万,65182元/平,中楼层 (共31层) | 2009年建 | 1室1厅 | 79.01平米 | 北,https://ke-image.ljcdn.com/110000-inspection/2bc324dc-1484-4cb6-bc70-8e68c039baeb_1000.jpg!m_fill,w_280,h_210,f_jpg?from=ke.com
20230517,东城,建国门外,101118943140,国务院宿舍楼南北通透电梯房采光好小区管理好,880万,92965元/平,低楼层 (共9层) | 1965年建 | 3室1厅 | 94.66平米 | 南 北,https://ke-image.ljcdn.com/110000-inspection/pc1_cQxZNs2DI.jpg!m_fill,w_280,h_210,f_jpg?from=ke.com
20230517,东城,建国门外,101118807857,地杰长安驿 1室1厅 北,510万,64549元/平,低楼层 (共31层) | 2009年建 | 1室1厅 | 79.01平米 | 北,https://ke-image.ljcdn.com/110000-inspection/pc1_cAISu9Ed5.jpg!m_fill,w_280,h_210,f_jpg?from=ke.com
20230517,东城,建国门外,101118799734,东二环CBD国贸商圈户型方正精装一居室,590万,61046元/平,低楼层 (共30层) | 2009年建 | 1室1厅 | 96.65平米 | 西北,https://ke-image.ljcdn.com/110000-inspection/pc1_od6hLR51M.jpg!m_fill,w_280,h_210,f_jpg?from=ke.com
20230517,东城,建国门外,101118787010,70年产权东二环精装一居室距离地铁400米,327万,71916元/平,高楼层 (共31层) | 2009年建 | 1室0厅 | 45.47平米 | 北,https://ke-image.ljcdn.com/110000-inspection/pc1_tZOcJXCqa.jpg!m_fill,w_280,h_210,f_jpg?from=ke.com
20230517,东城,建国门外,101118716316,地杰长安驿 南向一居室 业主诚意卖,586万,74168元/平,高楼层 (共31层) | 2009年建 | 1室1厅 | 79.01平米 | 南,https://ke-image.ljcdn.com/110000-inspection/5544ab7a-8027-482a-9849-e53d4da7b5de_1000.jpg!m_fill,w_280,h_210,f_jpg?from=ke.com
20230517,东城,建国门外,101118612344,地杰长安驿 1室1厅 东 北,660万,68288元/平,高楼层 (共30层) | 2009年建 | 1室1厅 | 96.65平米 | 东 北,https://ke-image.ljcdn.com/110000-inspection/085a3b70-7651-4e33-aeef-35371981d23b_1000.jpg!m_fill,w_280,h_210,f_jpg?from=ke.com
20230517,东城,建国门外,101118583008,东二环 08年封闭小区 高层落地飘窗 采光充足视野开阔,698万,63513元/平,高楼层 (共31层) | 2009年建 | 1室1厅 | 109.9平米 | 西,https://ke-image.ljcdn.com/110000-inspection/c206f553-5b61-4715-b367-c79f03f5cfca_1000.jpg!m_fill,w_280,h_210,f_jpg?from=ke.com
20230517,东城,建国门外,101118570096,东二环1992年 房龄新装修好南北通透,450万,79929元/平,低楼层 (共7层) | 1992年建 | 2室1厅 | 56.3平米 | 南 北,https://ke-image.ljcdn.com/110000-inspection/ccfd15c6-d77f-400a-88e2-3627ae6e6be4_1000.jpg!m_fill,w_280,h_210,f_jpg?from=ke.com
20230517,东城,建国门外,101118568305,永安南里6层视野宽阔采光充足交通便利,444万,77936元/平,高楼层 (共7层) | 1993年建 | 2室1厅 | 56.97平米 | 南 西,https://ke-image.ljcdn.com/110000-inspection/pc1_6MoYjDCIl_1.jpg!m_fill,w_280,h_210,f_jpg?from=ke.com
20230517,东城,建国门外,101118567944,东二环长安6号精装一居室 全明格局 视野好,330万,50390元/平,中楼层 (共18层) | 2005年建 | 1室1厅 | 65.49平米 | 西北,https://ke-image.ljcdn.com/110000-inspection/ad9f4c85-d55e-4200-bd4a-9f8697fa5753_1000.jpg!m_fill,w_280,h_210,f_jpg?from=ke.com
20230517,东城,建国门外,101118567909,永安南里朝西向两居采光充足交通便利,444万,77936元/平,底层 (共7层) | 1993年建 | 2室1厅 | 56.97平米 | 南 西,https://ke-image.ljcdn.com/110000-inspection/pc1_hIZzmrjbO_1.jpg!m_fill,w_280,h_210,f_jpg?from=ke.com
20230517,东城,建国门外,101118565394,建国里南北通透三居东二环房管局家属楼,630万,81819元/平,中楼层 (共6层) | 1983年建 | 3室1厅 | 77平米 | 南 北,https://ke-image.ljcdn.com/110000-inspection/pc1_5bGrpKI3Q.jpg!m_fill,w_280,h_210,f_jpg?from=ke.com
20230517,东城,建国门外,101118505231,中海枫丹公馆 东西向两居室 精装修 诚意出售,1600万,116534元/平,低楼层 (共17层) | 2016年建 | 2室1厅 | 137.3平米 | 东 西,https://ke-image.ljcdn.com/110000-inspection/pc1_OVrbRndEd.jpg!m_fill,w_280,h_210,f_jpg?from=ke.com
20230517,东城,建国门外,101118459201,东二环 封闭式小区环境优美 1994年 南北通透满五唯一,485万,76997元/平,高楼层 (共7层) 2室1厅 | 62.99平米 | 南 北,https://ke-image.ljcdn.com/110000-inspection/pc1_mEim0nvQ5_2.jpg!m_fill,w_280,h_210,f_jpg?from=ke.com
20230517,东城,建国门外,101118454101,东二环外 南北通透大三居精装修拎包入住 采光充足房主自荐,520万,75593元/平,顶层 (共6层) 3室1厅 | 68.79平米 | 南 北,https://ke-image.ljcdn.com/110000-inspection/68b80225-ee79-47fd-94bf-41a22df96745_1000.jpg!m_fill,w_280,h_210,f_jpg?from=ke.com
20230517,东城,建国门外,101118444689,地杰长安驿 西向开间 高楼层 采光好,330万,75412元/平,高楼层 (共30层) | 2009年建 | 1室0厅 | 43.76平米 | 西,https://ke-image.ljcdn.com/110000-inspection/pc1_rocPytR1p.jpg!m_fill,w_280,h_210,f_jpg?from=ke.com
20230517,东城,建国门外,101118400423,东二环边 CBD国贸 只交契税 视野好 采光佳 户型方正,580万,93054元/平,中楼层 (共11层) | 2004年建 | 2室1厅 | 62.33平米 | 东 西,https://ke-image.ljcdn.com/110000-inspection/30c9621e-e29e-4ed4-8145-92f555e2034e_1000.jpg!m_fill,w_280,h_210,f_jpg?from=ke.com
20230517,东城,建国门外,101118397354,北京艾丽华丽舍服务公寓商品房社区封闭式管理,890万,110108元/平,中楼层 (共13层) | 2001年建 | 2室2厅 | 80.83平米 | 东 北 东北,https://ke-image.ljcdn.com/110000-inspection/eac70e86-87b2-46cf-b211-402a6b72b68a_1000.jpg!m_fill,w_280,h_210,f_jpg?from=ke.com
20230517,东城,建国门外,101118327298,地杰长安驿 1室0厅 东,698万,63513元/平,高楼层 (共31层) | 2009年建 | 1室0厅 | 109.9平米 | 东,https://ke-image.ljcdn.com/110000-inspection/pc1_EnB26ozsv.jpg!m_fill,w_280,h_210,f_jpg?from=ke.com
20230517,东城,建国门外,101118277109,东二环  03年商品房  管理严格  24小时安保,1090万,66230元/平,低楼层 (共13层) | 2003年建 | 3室1厅 | 164.58平米 | 东北,https://ke-image.ljcdn.com/110000-inspection/pc1_keaqdUMix_1.jpg!m_fill,w_280,h_210,f_jpg?from=ke.com
20230517,东城,建国门外,101118276360,北京艾丽华丽舍服务公寓商品房社区管理好自采暖,595万,106650元/平,中楼层 (共13层) | 2001年建 | 1室1厅 | 55.79平米 | 东,https://ke-image.ljcdn.com/110000-inspection/6bcbec8f-9e97-4c53-821e-527438294bf2_1000.jpg!m_fill,w_280,h_210,f_jpg?from=ke.com
20230517,东城,建国门外,101118249410,地杰长安驿 南向开间 业主诚意卖 看房方便,365万,80273元/平,低楼层 (共31层) | 2009年建 | 1室0厅 | 45.47平米 | 南,https://ke-image.ljcdn.com/110000-inspection/dc7f8140-b8fc-47dc-944a-62b7c96f423b_1000.jpg!m_fill,w_280,h_210,f_jpg?from=ke.com
20230517,东城,建国门外,101118237814,地杰长安驿高层一居 70年产权 精装修 视野好,350万,76974元/平,高楼层 (共31层) | 2009年建 | 1室0厅 | 45.47平米 | 北,https://ke-image.ljcdn.com/110000-inspection/pc1_RoDazOqLP.jpg!m_fill,w_280,h_210,f_jpg?from=ke.com
20230517,东城,建国门外,101118155043,地杰长安驿  高层 西北朝向一居室 采光视野好 精装修,608万,62908元/平,高楼层 (共30层) | 2009年建 | 1室1厅 | 96.65平米 | 西北,https://ke-image.ljcdn.com/110000-inspection/1c303193-1d21-4041-a665-f00185eba9b7_1000.jpg!m_fill,w_280,h_210,f_jpg?from=ke.com
20230517,东城,建国门外,101118137385,地杰长安驿 1室0厅 西,335万,76554元/平,低楼层 (共30层) | 2009年建 | 1室0厅 | 43.76平米 | 西,https://ke-image.ljcdn.com/110000-inspection/pc1_3AGyRXhxl_2.jpg!m_fill,w_280,h_210,f_jpg?from=ke.com
20230517,东城,建国门外,101118052846,美华世纪 1室1厅 南,439万,66566元/平,顶层 (共12层) | 2004年建 | 1室1厅 | 65.95平米 | 南,https://ke-image.ljcdn.com/110000-inspection/pc1_l0GMdemHK.jpg!m_fill,w_280,h_210,f_jpg?from=ke.com
20230517,东城,建国门外,101118032334,国贸永安里 地杰长安驿 中层正规一居室 东向看国贸,488万,73951元/平,中楼层 (共30层) | 2009年建 | 1室1厅 | 65.99平米 | 东,https://ke-image.ljcdn.com/110000-inspection/pc1_JETcyGVu4_2.jpg!m_fill,w_280,h_210,f_jpg?from=ke.com
20230517,东城,建国门外,101118010481,灵通观小区单独的管理密度低安静有环境,738万,95386元/平,底层 (共9层) | 1965年建 | 2室1厅 | 77.37平米 | 南 北,https://ke-image.ljcdn.com/110000-inspection/pc1_CYhJUpcRN_1.jpg!m_fill,w_280,h_210,f_jpg?from=ke.com
20230517,东城,建国门外,101117996638,东二环外70年产权商品房视野好无遮挡房主自荐,330万,72576元/平,高楼层 (共31层) | 2009年建 | 1室0厅 | 45.47平米 | 北,https://ke-image.ljcdn.com/110000-inspection/3ab1571d-47a7-4024-90fc-0cc0549dbaae_1000.jpg!m_fill,w_280,h_210,f_jpg?from=ke.com
20230517,东城,建国门外,101117967250,东二环70年产权商品房满五年唯一,625万,63478元/平,高楼层 (共31层) 1室1厅 | 98.46平米 | 东北,https://ke-image.ljcdn.com/110000-inspection/d16f7226-fc46-4e0e-97ba-ffa6824013bc_1000.jpg!m_fill,w_280,h_210,f_jpg?from=ke.com
20230517,东城,建国门外,101117962784,地杰长安驿 1室1厅 西南,662万,67236元/平,中楼层 (共31层) | 2009年建 | 1室1厅 | 98.46平米 | 西南,https://ke-image.ljcdn.com/110000-inspection/pc1_0ySLbD40v.jpg!m_fill,w_280,h_210,f_jpg?from=ke.com
20230517,东城,建国门外,101117934247,楼龄新可公积金贷款价格低诚意卖,420万,77008元/平,中楼层 (共7层) | 1992年建 | 2室1厅 | 54.54平米 | 南 北,https://ke-image.ljcdn.com/110000-inspection/da1ef08d-916a-45af-b800-d5c16721a07c_1000.jpg!m_fill,w_280,h_210,f_jpg?from=ke.com
20230517,东城,建国门外,101117911799,东二环 2009年 纯商品房 满五唯一 东望中国尊,625万,63478元/平,高楼层 (共31层) | 2009年建 | 1室1厅 | 98.46平米 | 东北,https://ke-image.ljcdn.com/110000-inspection/pc1_Bfc0mu8bz.jpg!m_fill,w_280,h_210,f_jpg?from=ke.com
20230517,东城,建国门外,101117885990,长安6号 开间 70年产权 民用水电,275万,60909元/平,中楼层 (共18层) | 2005年建 | 1室0厅 | 45.15平米 | 北,https://ke-image.ljcdn.com/110000-inspection/pc1_mWLLYaZ2P.jpg!m_fill,w_280,h_210,f_jpg?from=ke.com
20230517,东城,建国门外,101117883822,东二环CBD国贸商圈 户型方正 视野好 看国贸三期 可谈,499万,75618元/平,高楼层 (共30层) | 2009年建 | 1室1厅 | 65.99平米 | 东,https://ke-image.ljcdn.com/110000-inspection/e5190041-303b-4353-a1ed-8a885f471524_1000.jpg!m_fill,w_280,h_210,f_jpg?from=ke.com
20230517,东城,建国门外,101117869529,长安6号精装小开间 满五唯一 仅契税 看房方便,280万,62016元/平,中楼层 (共18层) | 2006年建 | 1室0厅 | 45.15平米 | 北,https://ke-image.ljcdn.com/110000-inspection/pc1_dbaCzSdkG_1.jpg!m_fill,w_280,h_210,f_jpg?from=ke.com
20230517,东城,建国门外,101117869100,东二环边 长安街 灵通观小区 南北通透三居,459万,72869元/平,顶层 (共5层) | 1974年建 | 3室1厅 | 62.99平米 | 南 北,https://ke-image.ljcdn.com/110000-inspection/pc1_fIxNyNbte.jpg!m_fill,w_280,h_210,f_jpg?from=ke.com
20230517,东城,建国门外,101117867667,东二环 长安街 灵通观小区 南北通透两居室,510万,80966元/平,中楼层 (共7层) | 1994年建 | 2室1厅 | 62.99平米 | 南 北,https://ke-image.ljcdn.com/110000-inspection/fb7fa635-b3a0-4d81-a9f1-9256c3acec6a_1000.jpg!m_fill,w_280,h_210,f_jpg?from=ke.com
20230517,东城,建国门外,101117866292,低楼层上下楼方便 南北通透精装修满五年唯一,466万,88191元/平,底层 (共6层) | 1984年建 | 2室1厅 | 52.84平米 | 南 北,https://ke-image.ljcdn.com/110000-inspection/a1139722-8fc0-440d-8313-d8d36781cf9b_1000.jpg!m_fill,w_280,h_210,f_jpg?from=ke.com
20230517,东城,建国门外,101117853289,地杰长安驿 西向开间 看房方便 诚意卖,610万,55506元/平,低楼层 (共31层) | 2009年建 | 1室1厅 | 109.9平米 | 西,https://ke-image.ljcdn.com/110000-inspection/e993a05f-ad9a-494a-86e2-f441aab25603_1000.jpg!m_fill,w_280,h_210,f_jpg?from=ke.com
20230517,东城,建国门外,101117851561,东二环地杰长安驿精装一居室  高层视野好,480万,72739元/平,高楼层 (共30层) | 2009年建 | 1室1厅 | 65.99平米 | 西,https://ke-image.ljcdn.com/110000-inspection/pc1_auQwh4mAi.jpg!m_fill,w_280,h_210,f_jpg?from=ke.com
20230517,东城,建国门外,101117849833,东二环外 长安街沿线 北京艾丽华丽舍服务公寓,570万,99217元/平,中楼层 (共13层) | 2001年建 | 1室2厅 | 57.45平米 | 东,https://ke-image.ljcdn.com/110000-inspection/pc1_tFTBZqfsJ_2.jpg!m_fill,w_280,h_210,f_jpg?from=ke.com
20230517,东城,建国门外,101117848921,东二环外 70年产权住宅loft  二层不计算房主自荐,613万,106702元/平,高楼层 (共13层) | 2001年建 | 1室1厅 | 57.45平米 | 西,https://ke-image.ljcdn.com/110000-inspection/prod-37e83305-16a6-4689-9f81-c834c2dbb601.jpg!m_fill,w_280,h_210,f_jpg?from=ke.com
20230517,东城,建国门外,101117838123,地杰长安驿 东向一居室看房提前约,495万,75012元/平,低楼层 (共30层) | 2009年建 | 1室1厅 | 65.99平米 | 东,https://ke-image.ljcdn.com/110000-inspection/pc1_RTzFBTdmf_2.jpg!m_fill,w_280,h_210,f_jpg?from=ke.com
20230517,东城,建国门外,101117837761,地杰长安驿 2室2厅 北,630万,60572元/平,高楼层 (共30层) | 2009年建 | 2室2厅 | 104.01平米 | 北,https://ke-image.ljcdn.com/110000-inspection/pc1_9kKctx247_2.jpg!m_fill,w_280,h_210,f_jpg?from=ke.com
20230517,东城,建国门外,101117837246,东二环边 丽舍公寓 东向高楼层视野棒 满五年随时签约,665万,108892元/平,中楼层 (共14层) | 2001年建 | 1室1厅 | 61.07平米 | 东,https://ke-image.ljcdn.com/110000-inspection/pc1_6iL18Mzoe_2.jpg!m_fill,w_280,h_210,f_jpg?from=ke.com
20230517,东城,建国门外,101117835388,永安南里 1室1厅 南,350万,77280元/平,中楼层 (共7层) | 1993年建 | 1室1厅 | 45.29平米 | 南,https://ke-image.ljcdn.com/110000-inspection/pc1_6hRonX81M_2.jpg!m_fill,w_280,h_210,f_jpg?from=ke.com
20230517,东城,建国门外,101117830163,地杰长安驿 西南向采光好 两室一厅 诚意出售 看房方,660万,68288元/平,高楼层 (共30层) | 2009年建 | 2室1厅 | 96.65平米 | 西南,https://ke-image.ljcdn.com/110000-inspection/ed4c842f-7f83-40e5-82f1-621db7c5585d_1000.jpg!m_fill,w_280,h_210,f_jpg?from=ke.com
20230517,东城,建国门外,101117811971,建国里 2室1厅 南,409万,76607元/平,低楼层 (共6层) | 1980年建 | 2室1厅 | 53.39平米 | 南,https://ke-image.ljcdn.com/110000-inspection/pc1_40ME07F6M.jpg!m_fill,w_280,h_210,f_jpg?from=ke.com
20230517,东城,建国门外,101117810056,地杰长安驿70年住宅 楼龄新 满五唯一 仅契税 诚意出售,346万,76095元/平,中楼层 (共31层) | 2009年建 | 1室1厅 | 45.47平米 | 北,https://ke-image.ljcdn.com/110000-inspection/pc1_JDw0Zkrpg.jpg!m_fill,w_280,h_210,f_jpg?from=ke.com
20230517,东城,建国门外,101117805324,永安里 地杰长安驿北向开间 高楼层满五年唯一房主自荐,350万,76974元/平,高楼层 (共31层) | 2009年建 | 1室0厅 | 45.47平米 | 北,https://ke-image.ljcdn.com/110000-inspection/fb2c5014-4c76-492d-9d6c-1b9902f94eaf_1000.jpg!m_fill,w_280,h_210,f_jpg?from=ke.com
20230517,东城,建国门外,101117757409,正规一居室 视野开阔业主在京随时签约,285万,63123元/平,中楼层 (共18层) | 2006年建 | 1室0厅 | 45.15平米 | 北,https://ke-image.ljcdn.com/110000-inspection/pc1_9Axqu9P5F_1.jpg!m_fill,w_280,h_210,f_jpg?from=ke.com
20230517,东城,建国门外,101117704062,地杰长安驿 正规一居室 户型方正 落地大窗,505万,63916元/平,低楼层 (共31层) | 2009年建 | 1室1厅 | 79.01平米 | 北,https://ke-image.ljcdn.com/110000-inspection/pc1_zG64XwdJB.jpg!m_fill,w_280,h_210,f_jpg?from=ke.com
20230517,东城,建国门外,101117618594,万豪国际 西北三居 看小区花园 环境好 近地铁,1270万,76419元/平,低楼层 (共23层) | 2003年建 | 3室1厅 | 166.19平米 | 西北,https://ke-image.ljcdn.com/110000-inspection/pc1_9iiaRbt6F.jpg!m_fill,w_280,h_210,f_jpg?from=ke.com
20230517,东城,建国门外,101117605781,建国 门南北通透三居室户型方正,1800万,84136元/平,中楼层 (共27层) | 2004年建 | 3室1厅 | 213.94平米 | 南 北,https://ke-image.ljcdn.com/110000-inspection/899d9bf9-0eae-4545-a2b9-0905f134dde6_1000.jpg!m_fill,w_280,h_210,f_jpg?from=ke.com
20230517,东城,建国门外,101117506876,麗舍满五V一西向70年住宅有燃气,600万,107547元/平,高楼层 (共13层) 1室2厅 | 55.79平米 | 西,https://ke-image.ljcdn.com/110000-inspection/pc1_eFDyE1EtI_1.jpg!m_fill,w_280,h_210,f_jpg?from=ke.com
20230517,东城,建国门外,101117504097,东二环  2009年小区  看房随时 诚意卖 欢迎小窗口咨询,328万,72136元/平,低楼层 (共31层) | 2009年建 | 1室0厅 | 45.47平米 | 北,https://ke-image.ljcdn.com/110000-inspection/pc1_qT3QFjAJt.jpg!m_fill,w_280,h_210,f_jpg?from=ke.com
20230517,东城,建国门外,101117478077,地杰长安驿 满五唯一大两居室 东二环邻国贸CBD,580万,55764元/平,低楼层 (共30层) | 2009年建 | 2室1厅 | 104.01平米 | 北,https://ke-image.ljcdn.com/110000-inspection/bd0ac745-7e0c-4bfe-85a4-9ef2221440ed_1000.jpg!m_fill,w_280,h_210,f_jpg?from=ke.com
20230517,东城,建国门外,101117451447,美华世纪 2室1厅 南 北,550万,72974元/平,低楼层 (共11层) 2室1厅 | 75.37平米 | 南 北,https://ke-image.ljcdn.com/110000-inspection/pc1_3g3dPxn5U.jpg!m_fill,w_280,h_210,f_jpg?from=ke.com
20230517,东城,建国门外,101117414039,满五唯一西南边户落地窗采光好,659万,68185元/平,低楼层 (共30层) | 2009年建 | 1室1厅 | 96.65平米 | 西南,https://ke-image.ljcdn.com/110000-inspection/pc1_K5ATSxGPy.jpg!m_fill,w_280,h_210,f_jpg?from=ke.com
20230517,东城,建国门外,101117367008,东单协和 高层带电梯2居室 视野开阔没有遮挡 诚意出售,605万,87847元/平,高楼层 (共14层) 2室1厅 | 68.87平米 | 西 北,https://ke-image.ljcdn.com/110000-inspection/pc1_tfsf91uN3.jpg!m_fill,w_280,h_210,f_jpg?from=ke.com
20230517,东城,建国门外,101117354913,东二环边满五loft视野好诚意卖,628万,112565元/平,中楼层 (共13层) | 2001年建 | 2室1厅 | 55.79平米 | 西,https://ke-image.ljcdn.com/110000-inspection/pc1_6kBKiPL7n.jpg!m_fill,w_280,h_210,f_jpg?from=ke.com
20230517,东城,建国门外,101117320534,地杰长安驿 南向一居室 户型方正 采光好,570万,72143元/平,低楼层 (共31层) | 2009年建 | 1室1厅 | 79.01平米 | 南,https://ke-image.ljcdn.com/110000-inspection/0dcf7acf-fef2-4960-9d7f-ce9f9615c3eb_1000.jpg!m_fill,w_280,h_210,f_jpg?from=ke.com
20230517,东城,建国门外,101117299510,长安驿西南一居室诚意出售看房提前约,670万,69323元/平,中楼层 (共30层) | 2009年建 | 1室1厅 | 96.65平米 | 西南,https://ke-image.ljcdn.com/110000-inspection/pc1_O9SlAYrA3_2.jpg!m_fill,w_280,h_210,f_jpg?from=ke.com
20230517,东城,建国门外,101117239542,地杰长安驿 落地窗 视野开阔 看国贸 采光无遮挡,650万,67253元/平,中楼层 (共30层) | 2009年建 | 1室1厅 | 96.65平米 | 东北,https://ke-image.ljcdn.com/110000-inspection/pc1_yPlHQKb0T_2.jpg!m_fill,w_280,h_210,f_jpg?from=ke.com
20230517,东城,建国门外,101117230889,灵通观 2室1厅 南 北,503.8万,79981元/平,高楼层 (共7层) 2室1厅 | 62.99平米 | 南 北,https://ke-image.ljcdn.com/110000-inspection/pc1_wlYN5Uk2h_2.jpg!m_fill,w_280,h_210,f_jpg?from=ke.com
20230517,东城,建国门外,101117198690,东二环 长安6号 70年产权 户型方正 采光充足 视野好,590万,55379元/平,高楼层 (共18层) 1室1厅 | 106.54平米 | 南,https://ke-image.ljcdn.com/110000-inspection/pc1_X7njIdhkZ_1.jpg!m_fill,w_280,h_210,f_jpg?from=ke.com
20230517,东城,建国门外,101117181572,东二环 精装两居室 南向 高层 拎包入住,685万,65860元/平,中楼层 (共30层) | 2009年建 | 2室2厅 | 104.01平米 | 南,https://ke-image.ljcdn.com/110000-inspection/5750d199-ce01-4e43-9931-bdce10bc0847_1000.jpg!m_fill,w_280,h_210,f_jpg?from=ke.com
20230517,东城,建国门外,101117178326,建国里 南北两居 楼层合适 户型通透,450万,78644元/平,中楼层 (共5层) | 1979年建 | 2室1厅 | 57.22平米 | 南 北,https://ke-image.ljcdn.com/110000-inspection/560c4ef1-7964-4c52-a62c-27b93ed94381_1000.jpg!m_fill,w_280,h_210,f_jpg?from=ke.com
20230517,东城,建国门外,101117164331,通用时代国际公寓 四居室 西南北 三梯两户 预约看房,3000万,84643元/平,低楼层 (共28层) | 2004年建 | 4室1厅 | 354.43平米 | 东 南 北,https://ke-image.ljcdn.com/110000-inspection/7a192ede-1870-4226-8bf3-2d7211d07fa4_1000.jpg!m_fill,w_280,h_210,f_jpg?from=ke.com
20230517,东城,建国门外,101117116810,户型方正 2009年楼龄新 东二环长安街沿线,630万,63228元/平,高楼层 (共30层) | 2009年建 | 1室1厅 | 99.64平米 | 北,https://ke-image.ljcdn.com/110000-inspection/16ae2230-a528-448e-b8c6-128b01094304_1000.jpg!m_fill,w_280,h_210,f_jpg?from=ke.com
20230517,东城,建国门外,101117083317,东二环边的【中海】产品 您的不二选择 诚意出售随时看,1480万,111037元/平,中楼层 (共17层) | 2016年建 | 2室1厅 | 133.29平米 | 东 西,https://ke-image.ljcdn.com/110000-inspection/1fe113b0-5942-49a7-b39b-1a69c8f991a1_1000.jpg!m_fill,w_280,h_210,f_jpg?from=ke.com
20230517,东城,建国门外,101116992374,地杰长安驿 户型方正 可看长安街 视野开阔 诚意出售,580万,58210元/平,高楼层 (共30层) | 2009年建 | 2室1厅 | 99.64平米 | 北,https://ke-image.ljcdn.com/110000-inspection/980e2170-c22f-4875-9672-f456965c2051_1000.jpg!m_fill,w_280,h_210,f_jpg?from=ke.com
20230517,东城,建国门外,101116940425,CBD国贸商圈东二环户型方正视野开阔,588万,59013元/平,中楼层 (共30层) | 2009年建 | 1室0厅 | 99.64平米 | 北,https://ke-image.ljcdn.com/110000-inspection/a5090364-8251-4bb1-8ceb-a743f6934754_1000.jpg!m_fill,w_280,h_210,f_jpg?from=ke.com
20230517,东城,建国门外,101116893468,【东二环】大一居满五唯一西向无遮挡单价低,420万,49227元/平,中楼层 (共18层) | 2005年建 | 1室1厅 | 85.32平米 | 西,https://ke-image.ljcdn.com/110000-inspection/pc1_toICaQyU6.jpg!m_fill,w_280,h_210,f_jpg?from=ke.com
20230517,东城,建国门外,101116800295,美华世纪两居 高层视野好 精装修 诚意出售 满五年,508万,71319元/平,高楼层 (共12层) 2室1厅 | 71.23平米 | 西,https://ke-image.ljcdn.com/110000-inspection/pc1_fr8tCyVFM.jpg!m_fill,w_280,h_210,f_jpg?from=ke.com
20230517,东城,建国门外,101116683965,地杰长安驿 1室1厅 北房主自荐,520万,65815元/平,高楼层 (共31层) | 2009年建 | 1室1厅 | 79.01平米 | 北,https://ke-image.ljcdn.com/110000-inspection/pc1_b58cI7eHE_1.jpg!m_fill,w_280,h_210,f_jpg?from=ke.com
20230517,东城,建国门外,101116430242,两套房子 一个房本 诚意出售  近地铁,480万,49865元/平,中楼层 (共18层) | 2005年建 | 2室2厅 | 96.26平米 | 北,https://ke-image.ljcdn.com/110000-inspection/9fea9cf3-917c-4dda-8427-fa83ea37e8de_1000.jpg!m_fill,w_280,h_210,f_jpg?from=ke.com
20230517,东城,建国门外,101116401933,地杰长安驿商品房社区封闭式管理24小时门禁,319万,72898元/平,低楼层 (共30层) | 2009年建 | 1室0厅 | 43.76平米 | 西,https://ke-image.ljcdn.com/110000-inspection/pc1_Lxi8J9jeG.jpg!m_fill,w_280,h_210,f_jpg?from=ke.com
20230517,东城,建国门外,101116326526,东二环16年小区中海物业封闭式管理,1500万,108507元/平,高楼层 (共17层) | 2016年建 | 2室1厅 | 138.24平米 | 西 东,https://ke-image.ljcdn.com/110000-inspection/pc1_pYxYqpZFn_2.jpg!m_fill,w_280,h_210,f_jpg?from=ke.com
20230517,东城,建国门外,101116235593,东二环外loft 纯住宅有天然气 民水民电 高品质社区房主自荐,595万,106650元/平,高楼层 (共13层) | 2001年建 | 1室2厅 | 55.79平米 | 东,https://ke-image.ljcdn.com/110000-inspection/c6fdcc74-a10a-407e-9eaa-c6831e379e94_1000.jpg!m_fill,w_280,h_210,f_jpg?from=ke.com
20230517,东城,建国门外,101116074299,楼龄新  总价少70年产权  近东二环,317万,69717元/平,低楼层 (共31层) | 2009年建 | 1室1厅 | 45.47平米 | 北,https://ke-image.ljcdn.com/110000-inspection/pc1_50xcNpXOT.jpg!m_fill,w_280,h_210,f_jpg?from=ke.com
20230517,东城,建国门外,101115962294,东二环 中海开发中海物业 南北通透三居 诚意卖随时看,1660万,116451元/平,低楼层 (共17层) | 2016年建 | 3室1厅 | 142.55平米 | 南 北,https://ke-image.ljcdn.com/110000-inspection/pc1_tr5RXgv3p_2.jpg!m_fill,w_280,h_210,f_jpg?from=ke.com
20230517,东城,建国门外,101114295175,燕华苑 东南二环 平层大五居 诚意出售 视野开阔,3700万,61595元/平,顶层 (共27层) | 1998年建 | 5室3厅 | 600.7平米 | 东南 南 西南 西 西北,https://ke-image.ljcdn.com/110000-inspection/pc1_tTDYOOyF1_2.jpg!m_fill,w_280,h_210,f_jpg?from=ke.com
20230517,东城,建国门外,101119132680,地杰长安驿 南向开间 视野采光好,350万,76974元/平,低楼层 (共31层) | 2009年建 | 1室0厅 | 45.47平米 | 南,https://s1.ljcdn.com/pegasus/redskull/images/common/default_house_list.png?_v=20230510172344
20230517,东城,建国门外,101119118052,长安6号 1室0厅 南,320万,70875元/平,高楼层 (共18层) | 2005年建 | 1室0厅 | 45.15平米 | 南,https://s1.ljcdn.com/pegasus/redskull/images/common/default_house_list.png?_v=20230510172344
20230517,东城,建国门外,101119047278,建国里 田字格 三居室 南北通透 二环边,570万,73634元/平,高楼层 (共6层) | 1983年建 | 3室1厅 | 77.41平米 | 南 北,https://s1.ljcdn.com/pegasus/redskull/images/common/default_house_list.png?_v=20230510172344
20230517,东城,建国门外,101119031216,地杰长安驿 北向开间业主诚意出售,332万,73016元/平,中楼层 (共31层) | 2009年建 | 1室0厅 | 45.47平米 | 北,https://s1.ljcdn.com/pegasus/redskull/images/common/default_house_list.png?_v=20230510172344
20230517,东城,建国门外,101119002313,东二环 满五年 南北通透双阳台 1994年建成 配套成熟,557万,79983元/平,顶层 (共6层) | 1994年建 | 2室1厅 | 69.64平米 | 南 北,https://s1.ljcdn.com/pegasus/redskull/images/common/default_house_list.png?_v=20230510172344
20230517,东城,建国门外,101118935733,长安六号南向房源业主诚意出售,280万,50597元/平,低楼层 (共18层) | 2006年建 | 1室1厅 | 55.34平米 | 南,https://s1.ljcdn.com/pegasus/redskull/images/common/default_house_list.png?_v=20230510172344
20230517,东城,建国门外,101118432440,海关家属小区环境好带电梯无遮挡采光好诚售,850万,134558元/平,低楼层 (共12层) 2室1厅 | 63.17平米 | 南 北,https://s1.ljcdn.com/pegasus/redskull/images/common/default_house_list.png?_v=20230510172344
20230517,东城,建国门外,101118401441,东二环边 国贸  精装loft 两套打通一起出售,988万,122232元/平,中楼层 (共13层) | 2001年建 | 2室2厅 | 80.83平米 | 东南,https://ke-image.ljcdn.com/110000-inspection/87e9dbe4673d583246fa7e4f489f7f1c-047.jpg!m_fill,w_280,h_210,f_jpg?from=ke.com
20230517,东城,建国门外,101118105786,东二环 美华世纪 正规住宅 东南向 有燃气,620万,69538元/平,中楼层 (共11层) | 2004年建 | 2室2厅 | 89.16平米 | 东南,https://s1.ljcdn.com/pegasus/redskull/images/common/default_house_list.png?_v=20230510172344
20230517,东城,建国门外,101117881619,二环边 精装现房 loft 两套打通一起出售 只算一层面积,668万,119735元/平,中楼层 (共13层) | 2001年建 | 1室2厅 | 55.79平米 | 东,https://ke-image.ljcdn.com/110000-inspection/0c2969d55a12e226febb542a91dee50d-099.jpg!m_fill,w_280,h_210,f_jpg?from=ke.com
20230517,东城,建国门外,101117849439,东二环外品质社区满五年家庭一房,705万,81437元/平,中楼层 (共26层) | 2004年建 | 1室1厅 | 86.57平米 | 西北,https://s1.ljcdn.com/pegasus/redskull/images/common/default_house_list.png?_v=20230510172344
20230517,东城,建国门外,101117757062,CBD国贸商圈 东西通透 户型方正 只交契税 业主自住,595万,87810元/平,低楼层 (共12层) | 2004年建 | 2室1厅 | 67.76平米 | 东 西,https://ke-image.ljcdn.com/110000-inspection/be782b54-944b-47ad-a795-9264138ff698.png!m_fill,w_280,h_210,f_jpg?from=ke.com
20230517,东城,建国门外,101117648357,通用时代国际公寓东南北三居室诚意出售,1880万,93380元/平,低楼层 (共28层) | 2004年建 | 3室2厅 | 201.33平米 | 东 南 北,https://s1.ljcdn.com/pegasus/redskull/images/common/default_house_list.png?_v=20230510172344
20230517,东城,建国门外,101117613298,东二环外朝南向2006年通惠河畔安静舒适采光好,240万,54645元/平,低楼层 (共18层) | 2006年建 | 1室1厅 | 43.92平米 | 南,https://s1.ljcdn.com/pegasus/redskull/images/common/default_house_list.png?_v=20230510172344
20230517,东城,建国门外,101117045558,地杰长安驿 车位,35万,7846元/平,地下室 (共31层) 1室0厅 | 44.61平米 | 南,https://ke-image.ljcdn.com/110000-inspection/86fbfe37-45c5-4a29-9a3b-9a3f409cb119.jpeg!m_fill,w_280,h_210,f_jpg?from=ke.com
20230517,东城,建国门外,101116571559,万豪国际 独立管理 高档社区 小区环境好,510万,75344元/平,低楼层 (共23层) | 2003年建 | 1室1厅 | 67.69平米 | 北,https://s1.ljcdn.com/pegasus/redskull/images/common/default_house_list.png?_v=20230510172344
