20240307,海淀,海淀北部新区,101123195567,凯盛家园 1室1厅 南必看好房,318万,52623元/平,中楼层 (共14层) 1室1厅 | 60.43平米 | 南,https://ke-image.ljcdn.com/110000-inspection/pc1_7H4dBpqje.jpg!m_fill,w_280,h_210,f_jpg?from=ke.com
20240307,海淀,海淀北部新区,101122964337,全南两居室户型视野开阔自住精装满两年。必看好房,660万,76046元/平,高楼层 (共9层) | 2012年 | 2室1厅 | 86.79平米 | 南,https://ke-image.ljcdn.com/110000-inspection/pc1_PVyPZCXMY.jpg!m_fill,w_280,h_210,f_jpg?from=ke.com
20240307,海淀,海淀北部新区,101122878796,冠城大通百旺府 3室2厅 南 北必看好房,850万,67184元/平,中楼层 (共11层) | 2007年 | 3室2厅 | 126.52平米 | 南 北,https://ke-image.ljcdn.com/110000-inspection/pc1_jfmOQ1T45.jpg!m_fill,w_280,h_210,f_jpg?from=ke.com
20240307,海淀,海淀北部新区,101122827780,颐丰庄园西区 精装修电梯2居室 诚意出售 看房方便！必看好房,720万,67221元/平,顶层 (共6层) | 2016年 | 2室2厅 | 107.11平米 | 南,https://ke-image.ljcdn.com/110000-inspection/pc1_e6wwKbIXr.jpg!m_fill,w_280,h_210,f_jpg?from=ke.com
20240307,海淀,海淀北部新区,101122817910,西六砖瓦厂家属楼  电梯次顶层 南北通透三居必看好房,345万,48320元/平,中楼层 (共5层) 3室1厅 | 71.4平米 | 南 北,https://ke-image.ljcdn.com/110000-inspection/pc1_TUZhbl0Vd_1.jpg!m_fill,w_280,h_210,f_jpg?from=ke.com
20240307,海淀,海淀北部新区,101123035733,凯盛家园 1室1厅 南必看好房,290万,47714元/平,低楼层 (共15层) | 2013年 | 1室1厅 | 60.78平米 | 南,https://ke-image.ljcdn.com/110000-inspection/pc1_w7L63hSfj.jpg!m_fill,w_280,h_210,f_jpg?from=ke.com
20240307,海淀,海淀北部新区,101122975418,冠城大通百旺府 新三区 精装修3居室,1260万,91784元/平,低楼层 (共7层) | 2019年 | 3室2厅 | 137.28平米 | 南 北,https://ke-image.ljcdn.com/110000-inspection/pc1_CpSsfLSuX.jpg!m_fill,w_280,h_210,f_jpg?from=ke.com
20240307,海淀,海淀北部新区,101122804428,海淀嘉郡 商品房 高楼层有电梯 全屋博洛尼定制装修房主自荐,530万,54877元/平,高楼层 (共16层) 3室2厅 | 96.58平米 | 南 西 北,https://ke-image.ljcdn.com/110000-inspection/pc1_gDCrg7SjC.jpg!m_fill,w_280,h_210,f_jpg?from=ke.com
20240307,海淀,海淀北部新区,101122760614,北分厂小区满五唯一次顶层诚意出售必看好房,310万,49920元/平,中楼层 (共4层) 2室1厅 | 62.1平米 | 南,https://ke-image.ljcdn.com/110000-inspection/pc1_ZwtuOv8tc.jpg!m_fill,w_280,h_210,f_jpg?from=ke.com
20240307,海淀,海淀北部新区,101122759053,保利三期满五唯一次顶层南向大一居必看好房,345万,70409元/平,高楼层 (共7层) 1室1厅 | 49平米 | 南,https://ke-image.ljcdn.com/110000-inspection/pc1_LOvlbEViw.jpg!m_fill,w_280,h_210,f_jpg?from=ke.com
20240307,海淀,海淀北部新区,101122728982,保利西山林语 西向一居室 落地窗 满五唯一必看好房,325万,70607元/平,中楼层 (共8层) 1室1厅 | 46.03平米 | 西,https://ke-image.ljcdn.com/110000-inspection/4f6e19d8-5a00-42ad-84b1-47baa6e2d7a8_1000.jpg!m_fill,w_280,h_210,f_jpg?from=ke.com
20240307,海淀,海淀北部新区,101122409866,保利西山林语  精装一居室  业主诚意出售  可随时签约必看好房,320万,69520元/平,中楼层 (共8层) | 2010年 | 1室1厅 | 46.03平米 | 西,https://ke-image.ljcdn.com/110000-inspection/fe2959a9-54a2-47d9-a381-8768623ae938_1000.jpg!m_fill,w_280,h_210,f_jpg?from=ke.com
20240307,海淀,海淀北部新区,101122406673,海淀 馨瑞嘉园 南向大一居  满五唯一必看好房,285万,40363元/平,低楼层 (共13层) | 2013年 | 1室1厅 | 70.61平米 | 南,https://ke-image.ljcdn.com/110000-inspection/pc1_nC3IV76gz.jpg!m_fill,w_280,h_210,f_jpg?from=ke.com
20240307,海淀,海淀北部新区,101122405650,首开凯盛家园  南向一居室   商品房  诚意出售必看好房,299.9万,49719元/平,低楼层 (共15层) | 2013年 | 1室1厅 | 60.32平米 | 南,https://ke-image.ljcdn.com/110000-inspection/43e010cd-f35e-4994-b126-df2d74c39577_1000.jpg!m_fill,w_280,h_210,f_jpg?from=ke.com
20240307,海淀,海淀北部新区,101122387156,温泉凯盛家园二区  高楼层  视野好,285万,48265元/平,顶层 (共15层) 1室1厅 | 59.05平米 | 西 南,https://ke-image.ljcdn.com/110000-inspection/pc1_WpN8tALQu.jpg!m_fill,w_280,h_210,f_jpg?from=ke.com
20240307,海淀,海淀北部新区,101122341644,次新房南北通透随时可以看房。必看好房,500万,54741元/平,底层 (共8层) 2室1厅 | 91.34平米 | 南 北,https://ke-image.ljcdn.com/110000-inspection/pc1_IjGmqsUJY.jpg!m_fill,w_280,h_210,f_jpg?from=ke.com
20240307,海淀,海淀北部新区,101122319388,海淀满五唯一精装修 纯南方正两居室房主自荐,440万,51881元/平,中楼层 (共16层) 2室1厅 | 84.81平米 | 南,https://ke-image.ljcdn.com/110000-inspection/pc1_BptFvT6Ba.jpg!m_fill,w_280,h_210,f_jpg?from=ke.com
20240307,海淀,海淀北部新区,101122314958,保利西山林语全南三居 一层出入方便  马上签约必看好房,548万,57365元/平,底层 (共8层) | 2010年 | 3室1厅 | 95.53平米 | 东 南 西,https://ke-image.ljcdn.com/110000-inspection/pc1_kakmxTMKo.jpg!m_fill,w_280,h_210,f_jpg?from=ke.com
20240307,海淀,海淀北部新区,101122257939,海淀嘉郡 精装星空顶 两居 满五唯一 稳定签约,418万,52539元/平,低楼层 (共16层) 2室1厅 | 79.56平米 | 南 北,https://ke-image.ljcdn.com/110000-inspection/a74b1aa3-ed37-446e-9e2f-9527bd774305_1000.jpg!m_fill,w_280,h_210,f_jpg?from=ke.com
20240307,海淀,海淀北部新区,101122170340,西六砖瓦厂家属楼 2000年的房子 采光好 中间位置必看好房,428万,47588元/平,中楼层 (共6层) | 2001年 | 2室1厅 | 89.94平米 | 南 北,https://ke-image.ljcdn.com/110000-inspection/pc1_mUNJaEwn1_1.jpg!m_fill,w_280,h_210,f_jpg?from=ke.com
20240307,海淀,海淀北部新区,101122140506,诚售 海淀嘉郡 高楼层 全明三居室 满五唯一 可谈,470万,52298元/平,顶层 (共16层) 3室2厅 | 89.87平米 | 南 北,https://ke-image.ljcdn.com/110000-inspection/pc1_5dXiDGEsK_1.jpg!m_fill,w_280,h_210,f_jpg?from=ke.com
20240307,海淀,海淀北部新区,101122080898,海淀嘉郡 3室1厅 南 北,465万,52359元/平,低楼层 (共16层) | 2016年 | 3室1厅 | 88.81平米 | 南 北,https://ke-image.ljcdn.com/110000-inspection/184e3933-a1e6-4b18-9613-0dc1e6a924be_1000.jpg!m_fill,w_280,h_210,f_jpg?from=ke.com
20240307,海淀,海淀北部新区,101122050828,凯盛家园  商品房可等满二过户  业主含个shui  可贷款必看好房,336万,55620元/平,中楼层 (共15层) | 2013年 | 1室1厅 | 60.41平米 | 南,https://ke-image.ljcdn.com/110000-inspection/pc1_yV0ThmssZ.jpg!m_fill,w_280,h_210,f_jpg?from=ke.com
20240307,海淀,海淀北部新区,101121904724,海淀嘉郡 纯净满五唯一 全明格局 正规南北三居室,480万,53578元/平,低楼层 (共16层) 3室2厅 | 89.59平米 | 东 南 北,https://ke-image.ljcdn.com/110000-inspection/8173bce3-65a3-48d8-ab97-309e0b29565d_1000.jpg!m_fill,w_280,h_210,f_jpg?from=ke.com
20240307,海淀,海淀北部新区,101121883746,满五唯一 中间位置 采光好 视野开阔 万科物业房主自荐,452万,50351元/平,中楼层 (共16层) 2室1厅 | 89.77平米 | 南,https://ke-image.ljcdn.com/110000-inspection/pc1_PxoHq8dTJ.jpg!m_fill,w_280,h_210,f_jpg?from=ke.com
20240307,海淀,海淀北部新区,101121813630,海淀嘉郡 2室1厅 南 北必看好房,380万,47536元/平,中楼层 (共16层) 2室1厅 | 79.94平米 | 南 北,https://ke-image.ljcdn.com/110000-inspection/pc1_J0aiFLEMr_1.jpg!m_fill,w_280,h_210,f_jpg?from=ke.com
20240307,海淀,海淀北部新区,101121794596,温泉凯盛家园二区  观山景  南向一居  中楼层  视野好必看好房,323万,54113元/平,中楼层 (共15层) 1室1厅 | 59.69平米 | 南,https://ke-image.ljcdn.com/110000-inspection/2f068ee9-cb77-4983-bc2e-ef7355b8b94e_1000.jpg!m_fill,w_280,h_210,f_jpg?from=ke.com
20240307,海淀,海淀北部新区,101121574918,海淀嘉郡 万科物业 精装修无占无抵押房主自荐,398万,51582元/平,底层 (共11层) 2室1厅 | 77.16平米 | 南 北,https://ke-image.ljcdn.com/110000-inspection/04e43b3b-ae7a-444c-aa15-234f6ca09f71_1000.jpg!m_fill,w_280,h_210,f_jpg?from=ke.com
20240307,海淀,海淀北部新区,101121545518,次新房2022年交房。精装修人车分流总高6层,1299万,98053元/平,中楼层 (共6层) | 2020年 | 3室2厅 | 132.48平米 | 南 北,https://ke-image.ljcdn.com/110000-inspection/pc1_gj7T7mE0U.jpg!m_fill,w_280,h_210,f_jpg?from=ke.com
20240307,海淀,海淀北部新区,101120852194,海淀嘉郡 商品房 同户型面积大 采光和视野棒,439万,50881元/平,高楼层 (共16层) 2室2厅 | 86.28平米 | 南,https://ke-image.ljcdn.com/110000-inspection/pc1_JeTdrOZ4C.jpg!m_fill,w_280,h_210,f_jpg?from=ke.com
20240307,海淀,海淀北部新区,101120843020,精装修 满五唯一 家具全留 视野宽阔 采光充足必看好房,410万,48049元/平,高楼层 (共16层) 2室2厅 | 85.33平米 | 南,https://ke-image.ljcdn.com/110000-inspection/pc1_Rk2moBq8N.jpg!m_fill,w_280,h_210,f_jpg?from=ke.com
20240307,海淀,海淀北部新区,101120507248,环保嘉苑精装修两居满五唯一诚意出售房龄新可贷款房主自荐,520万,59065元/平,高楼层 (共9层) | 2015年 | 2室1厅 | 88.04平米 | 南,https://ke-image.ljcdn.com/110000-inspection/pc1_Ka3Lc1wJM.jpg!m_fill,w_280,h_210,f_jpg?from=ke.com
20240307,海淀,海淀北部新区,101120447714,永丰嘉园二区优质两居南北通透有花园必看好房,890万,72007元/平,底层 (共6层) 2室1厅 | 123.6平米 | 南 北,https://ke-image.ljcdn.com/110000-inspection/af18e9a4-4783-440a-a18b-e51c8976ce05_1000.jpg!m_fill,w_280,h_210,f_jpg?from=ke.com
20240307,海淀,海淀北部新区,101120120300,海淀嘉郡 2016 万科物业 南北通透 有地下车位房主自荐,410万,51015元/平,中楼层 (共16层) 2室2厅 | 80.37平米 | 南 北,https://ke-image.ljcdn.com/110000-inspection/1b3a5bf6-cc04-44e0-b214-5cd2d3b534df_1000.jpg!m_fill,w_280,h_210,f_jpg?from=ke.com
20240307,海淀,海淀北部新区,101119941915,冷泉林语山庄二区 中间楼层 大一居必看好房,369万,65999元/平,中楼层 (共8层) 1室1厅 | 55.91平米 | 东 西 北,https://ke-image.ljcdn.com/110000-inspection/pc1_5QlLboA6q.jpg!m_fill,w_280,h_210,f_jpg?from=ke.com
20240307,海淀,海淀北部新区,101119237973,冠城大通百旺府 2室1厅 南 北必看好房,666万,76054元/平,中楼层 (共9层) | 2012年 | 2室1厅 | 87.57平米 | 南 北,https://ke-image.ljcdn.com/110000-inspection/pc1_rU5wUuxiV.jpg!m_fill,w_280,h_210,f_jpg?from=ke.com
20240307,海淀,海淀北部新区,101118822973,1%服务费 满五年唯一 中间楼层 直通车库 诚意出售必看好房,546万,60412元/平,中楼层 (共8层) 2室1厅 | 90.38平米 | 南 北,https://ke-image.ljcdn.com/110000-inspection/pc1_Gf5kN398v.jpg!m_fill,w_280,h_210,f_jpg?from=ke.com
20240307,海淀,海淀北部新区,101117196410,凯盛家园  中楼层一居室  朝南向必看好房,316万,52501元/平,中楼层 (共15层) 1室1厅 | 60.19平米 | 南,https://ke-image.ljcdn.com/110000-inspection/pc1_M4FugoHsL.jpg!m_fill,w_280,h_210,f_jpg?from=ke.com
20240307,海淀,海淀北部新区,101114098022,保利西山林语 三居室 精装修 诚意出售 看房方便必看好房,590万,63183元/平,中楼层 (共8层) | 2009年 | 3室1厅 | 93.38平米 | 南 北,https://ke-image.ljcdn.com/110000-inspection/pc1_ltyN9UZFd.jpg!m_fill,w_280,h_210,f_jpg?from=ke.com
20240307,海淀,海淀北部新区,101123104442,海淀嘉郡 商品房 满五唯一 南北通透 高楼层 视野好必看好房,499万,51555元/平,高楼层 (共16层) 3室1厅 | 96.79平米 | 东 南 北,https://ke-image.ljcdn.com/110000-inspection/8d6323a4-a280-4bea-bcbe-9e68bfc9ad37_1000.jpg!m_fill,w_280,h_210,f_jpg?from=ke.com
20240307,海淀,海淀北部新区,101123018910,海淀嘉郡 2室1厅 南必看好房,410万,46078元/平,顶层 (共16层) 2室1厅 | 88.98平米 | 南,https://ke-image.ljcdn.com/110000-inspection/6ea7d602-3562-417d-b6b0-c2fdfcf83994_1000.jpg!m_fill,w_280,h_210,f_jpg?from=ke.com
20240307,海淀,海淀北部新区,101123018440,海淀嘉郡 3室1厅 南 北必看好房,480万,50016元/平,高楼层 (共16层) 3室1厅 | 95.97平米 | 南 北,https://ke-image.ljcdn.com/110000-inspection/c284b2cc-8d58-4228-8156-c5807a322ae8_1000.jpg!m_fill,w_280,h_210,f_jpg?from=ke.com
20240307,海淀,海淀北部新区,101122932952,顶层+50平精装修拎包入住南北通透视野无遮挡必看好房,737万,76580元/平,顶层 (共8层) | 2010年 | 3室2厅 | 96.24平米 | 南 北,https://ke-image.ljcdn.com/110000-inspection/687a8601-b372-4ab7-9970-79f159dd8847_1000.jpg!m_fill,w_280,h_210,f_jpg?from=ke.com
20240307,海淀,海淀北部新区,101122721613,全南向一居室自住精装修拎包可以入住看房方便房主自荐,317万,65659元/平,底层 (共8层) 1室1厅 | 48.28平米 | 南,https://ke-image.ljcdn.com/110000-inspection/e7595d6f-1afc-4c60-adc6-e454da08c4e0_1000.jpg!m_fill,w_280,h_210,f_jpg?from=ke.com
20240307,海淀,海淀北部新区,101122641465,冠城大通百旺府价格低满五年唯一随时看房,563万,72403元/平,中楼层 (共11层) | 2009年 | 2室1厅 | 77.76平米 | 南 北,https://ke-image.ljcdn.com/110000-inspection/b9be66ee-a5bb-43cb-bce7-d1d3c897b0fe_1000.jpg!m_fill,w_280,h_210,f_jpg?from=ke.com
20240307,海淀,海淀北部新区,101122521779,凯盛家园一区  南向一居室  高楼层  采光好,336万,55824元/平,高楼层 (共15层) | 2013年 | 1室1厅 | 60.19平米 | 南,https://ke-image.ljcdn.com/110000-inspection/4480d2e3-5962-4ed7-9863-b2239c6dbc13_1000.jpg!m_fill,w_280,h_210,f_jpg?from=ke.com
20240307,海淀,海淀北部新区,101122359159,海淀产权 全明三居 满五唯一 装修好  可谈,490万,54603元/平,顶层 (共16层) 3室2厅 | 89.74平米 | 南 北,https://ke-image.ljcdn.com/110000-inspection/4dffa084-53ca-4202-92db-2de5b55c4d7a_1000.jpg!m_fill,w_280,h_210,f_jpg?from=ke.com
20240307,海淀,海淀北部新区,101122345817,满五年原购价高精装修客厅落地飘窗中高楼层必看好房,1140万,86006元/平,中楼层 (共9层) | 2015年 | 3室2厅 | 132.55平米 | 东 南 北,https://ke-image.ljcdn.com/110000-inspection/pc1_7Exk1SIkW.jpg!m_fill,w_280,h_210,f_jpg?from=ke.com
20240307,海淀,海淀北部新区,101122298336,海淀嘉郡 2室1厅 南,470万,52333元/平,低楼层 (共16层) 2室1厅 | 89.81平米 | 南,https://ke-image.ljcdn.com/110000-inspection/pc1_VSKLPHP1p.jpg!m_fill,w_280,h_210,f_jpg?from=ke.com
20240307,海淀,海淀北部新区,101122169799,海淀嘉郡 满五唯一 商品房 电梯房必看好房,400万,46910元/平,低楼层 (共16层) | 2016年 | 2室1厅 | 85.27平米 | 南,https://ke-image.ljcdn.com/110000-inspection/pc1_YkmA8G5ii.jpg!m_fill,w_280,h_210,f_jpg?from=ke.com
20240307,海淀,海淀北部新区,101121956520,冠城大通百旺府 三阳三居室 南北通透,1070万,89683元/平,中楼层 (共11层) | 2017年 | 3室2厅 | 119.31平米 | 南 北,https://ke-image.ljcdn.com/110000-inspection/196791d1-ff49-43de-afff-e435cbf3c009_1000.jpg!m_fill,w_280,h_210,f_jpg?from=ke.com
20240307,海淀,海淀北部新区,101121938629,百旺府三区中间楼层毛坯满五唯一有钥匙,1228万,87235元/平,中楼层 (共6层) | 2015年 | 3室2厅 | 140.77平米 | 南 北,https://ke-image.ljcdn.com/110000-inspection/pc1_e7QS38HiM.jpg!m_fill,w_280,h_210,f_jpg?from=ke.com
20240307,海淀,海淀北部新区,101121694978,北辰香麓低密度洋房叠拼 海淀产权 好房房主自荐,1320万,54946元/平,中楼层 (共6层) 5室2厅 | 240.24平米 | 南 北,https://ke-image.ljcdn.com/110000-inspection/pc1_0PR3Hw1cy.jpg!m_fill,w_280,h_210,f_jpg?from=ke.com
20240307,海淀,海淀北部新区,101120895863,北分厂带电梯南北通透两居 可贷款精装修楼龄新,465万,69925元/平,中楼层 (共6层) | 1996年 | 2室1厅 | 66.5平米 | 南 北,https://ke-image.ljcdn.com/110000-inspection/057c5cbe-b042-4f34-9716-b5d87de39cf0_1000.jpg!m_fill,w_280,h_210,f_jpg?from=ke.com
20240307,海淀,海淀北部新区,101120759795,北辰香麓跃层次新房南边绿地可使用满五唯一诚意出售,1390万,64251元/平,底层 (共5层) 4室1厅 | 216.34平米 | 南 北,https://ke-image.ljcdn.com/110000-inspection/pc1_Gnjwd366K.jpg!m_fill,w_280,h_210,f_jpg?from=ke.com
20240307,海淀,海淀北部新区,101119451497,上庄馨瑞嘉园 1室1厅 南必看好房,289万,40993元/平,低楼层 (共14层) 1室1厅 | 70.5平米 | 南,https://ke-image.ljcdn.com/110000-inspection/pc1_VmeGiZdws.jpg!m_fill,w_280,h_210,f_jpg?from=ke.com
20240307,海淀,海淀北部新区,101119142673,海淀北部新区叠拼社区满五唯一看房方便迷你墅房主自荐,1370万,57780元/平,中楼层 (共4层) | 2010年 | 4室2厅 | 237.11平米 | 南 北,https://ke-image.ljcdn.com/110000-inspection/1933d858-7797-42dc-a957-3731d6695614_1000.jpg!m_fill,w_280,h_210,f_jpg?from=ke.com
20240307,海淀,海淀北部新区,101123208522,百旺府高楼层电梯两居户型方正采光充足靠谱出售新上,636万,64152元/平,高楼层 (共11层) | 2007年 | 2室2厅 | 99.14平米 | 东 南,https://ke-image.ljcdn.com/110000-inspection/pc1_dJKoQXBgt.jpg!m_fill,w_280,h_210,f_jpg?from=ke.com
20240307,海淀,海淀北部新区,101123207260,海淀嘉郡 2室1厅 南 北新上,425万,54896元/平,高楼层 (共11层) 2室1厅 | 77.42平米 | 南 北,https://ke-image.ljcdn.com/110000-inspection/pc1_TcJvc0bjY.jpg!m_fill,w_280,h_210,f_jpg?from=ke.com
20240307,海淀,海淀北部新区,101123190747,海淀嘉郡 3室1厅 南 北新上,500万,56703元/平,低楼层 (共16层) 3室1厅 | 88.18平米 | 南 北,https://ke-image.ljcdn.com/110000-inspection/pc1_T6KNux8lC.jpg!m_fill,w_280,h_210,f_jpg?from=ke.com
20240307,海淀,海淀北部新区,101123165714,环山村 2室1厅 南新上,325万,54992元/平,中楼层 (共6层) | 1993年 | 2室1厅 | 59.1平米 | 南,https://ke-image.ljcdn.com/110000-inspection/pc1_A7Gfm45RS.jpg!m_fill,w_280,h_210,f_jpg?from=ke.com
20240307,海淀,海淀北部新区,101123164760,三嘉信苑 2室1厅 南 北新上,295万,47382元/平,低楼层 (共6层) | 2011年 | 2室1厅 | 62.26平米 | 南 北,https://ke-image.ljcdn.com/110000-inspection/3c09134f-0ede-456e-becb-65983c88113d_1000.jpg!m_fill,w_280,h_210,f_jpg?from=ke.com
20240307,海淀,海淀北部新区,101123147291,海淀嘉郡 3室1厅 南新上,430万,50654元/平,高楼层 (共16层) 3室1厅 | 84.89平米 | 南,https://ke-image.ljcdn.com/110000-inspection/pc1_COrSYIAQz.jpg!m_fill,w_280,h_210,f_jpg?from=ke.com
20240307,海淀,海淀北部新区,101123141966,冠城大通百旺府 新四区 开发商精装 拎包入住新上,1300万,98210元/平,中楼层 (共6层) | 2019年 | 3室2厅 | 132.37平米 | 南 北,https://ke-image.ljcdn.com/110000-inspection/pc1_KDQGK1x2z.jpg!m_fill,w_280,h_210,f_jpg?from=ke.com
20240307,海淀,海淀北部新区,101123127046,海淀嘉郡 3室1厅 东 南 北新上,466万,52644元/平,中楼层 (共10层) | 2017年 | 3室1厅 | 88.52平米 | 东 南 北,https://ke-image.ljcdn.com/110000-inspection/pc1_lWl7tAw2z.jpg!m_fill,w_280,h_210,f_jpg?from=ke.com
20240307,海淀,海淀北部新区,101123122185,保利西山林语 3室1厅 西南新上,576万,63055元/平,底层 (共8层) | 2010年 | 3室1厅 | 91.35平米 | 西南,https://ke-image.ljcdn.com/110000-inspection/pc1_jA32UO407.jpg!m_fill,w_280,h_210,f_jpg?from=ke.com
20240307,海淀,海淀北部新区,101123094830,三嘉信苑 2室1厅 南 北,285万,45419元/平,中楼层 (共6层) | 2011年 | 2室1厅 | 62.75平米 | 南 北,https://ke-image.ljcdn.com/110000-inspection/pc1_f6sDh67zj.jpg!m_fill,w_280,h_210,f_jpg?from=ke.com
20240307,海淀,海淀北部新区,101123071974,老年医院家属楼 成本价公 房 精装修,428万,64556元/平,底层 (共4层) | 1983年 | 3室1厅 | 66.3平米 | 南 北,https://ke-image.ljcdn.com/110000-inspection/1b1acadb-c200-4509-8e9f-0c6dd4b826b5_1000.jpg!m_fill,w_280,h_210,f_jpg?from=ke.com
20240307,海淀,海淀北部新区,101123065812,新三区靠近花园三居 精装修采光好直通车库 首付600万,1290万,92573元/平,中楼层 (共5层) | 2018年 | 3室2厅 | 139.35平米 | 南 北,https://ke-image.ljcdn.com/110000-inspection/pc1_epKkDaUdV.jpg!m_fill,w_280,h_210,f_jpg?from=ke.com
20240307,海淀,海淀北部新区,101123057141,海淀 凯盛家园 有餐厅户型两居室 楼层合适,478万,60446元/平,高楼层 (共14层) | 2013年 | 2室1厅 | 79.08平米 | 南 北,https://ke-image.ljcdn.com/110000-inspection/pc1_OGxChF5WH.jpg!m_fill,w_280,h_210,f_jpg?from=ke.com
20240307,海淀,海淀北部新区,101123032364,北分厂 2室1厅 南 北,336万,62223元/平,中楼层 (共6层) 2室1厅 | 54平米 | 南 北,https://ke-image.ljcdn.com/110000-inspection/pc1_bTwMkMHlx.jpg!m_fill,w_280,h_210,f_jpg?from=ke.com
20240307,海淀,海淀北部新区,101123018524,海淀产权2015年社区高科技产业园区内南向两居室,530万,61004元/平,中楼层 (共7层) | 2015年 | 2室1厅 | 86.88平米 | 南,https://ke-image.ljcdn.com/110000-inspection/9fe6a0d2-e749-4ba0-a2eb-a13020a9e290_1000.jpg!m_fill,w_280,h_210,f_jpg?from=ke.com
20240307,海淀,海淀北部新区,101122996077,首创天阅西山 中高层 不临街 精装修 观景房 诚意出售,2088万,99301元/平,高楼层 (共25层) | 2018年 | 4室2厅 | 210.27平米 | 南 北,https://ke-image.ljcdn.com/110000-inspection/8dc5ebe7-c832-4ef3-b8aa-7d5862284160_1000.jpg!m_fill,w_280,h_210,f_jpg?from=ke.com
20240307,海淀,海淀北部新区,101122989373,海淀嘉郡 2室1厅 南,526万,59395元/平,中楼层 (共11层) 2室1厅 | 88.56平米 | 南,https://ke-image.ljcdn.com/110000-inspection/pc1_tMynMCyJ2.jpg!m_fill,w_280,h_210,f_jpg?from=ke.com
20240307,海淀,海淀北部新区,101122988951,正源尚峰尚水 南北西朝向 低楼层 出行方便 满五唯一,900万,65536元/平,低楼层 (共9层) | 2012年 | 3室1厅 | 137.33平米 | 南 西 北,https://ke-image.ljcdn.com/110000-inspection/pc1_cO6pgWbYS.jpg!m_fill,w_280,h_210,f_jpg?from=ke.com
20240307,海淀,海淀北部新区,101122978693,首创天阅西山 4室2厅 南 北,2049万,97156元/平,中楼层 (共25层) | 2018年 | 4室2厅 | 210.9平米 | 南 北,https://ke-image.ljcdn.com/110000-inspection/fb9dc8af-f7e3-4436-9258-bde08c7154db_1000.jpg!m_fill,w_280,h_210,f_jpg?from=ke.com
20240307,海淀,海淀北部新区,101122974771,凯盛家园  商品房  中高楼层  视野好  南向,335万,55936元/平,中楼层 (共15层) | 2013年 | 1室1厅 | 59.89平米 | 南,https://ke-image.ljcdn.com/110000-inspection/pc1_vTthZf9qy.jpg!m_fill,w_280,h_210,f_jpg?from=ke.com
20240307,海淀,海淀北部新区,101122972746,海淀商品房 高层 精装修 满五唯一南北 有车位 储藏间,379万,47111元/平,顶层 (共16层) 2室1厅 | 80.45平米 | 南 北,https://ke-image.ljcdn.com/110000-inspection/pc1_RJikW7meZ.jpg!m_fill,w_280,h_210,f_jpg?from=ke.com
20240307,海淀,海淀北部新区,101122971391,上庄馨瑞嘉园 1室1厅 南,310万,45210元/平,中楼层 (共14层) | 2013年 | 1室1厅 | 68.57平米 | 南,https://ke-image.ljcdn.com/110000-inspection/pc1_K3NCg3myy.jpg!m_fill,w_280,h_210,f_jpg?from=ke.com
20240307,海淀,海淀北部新区,101122942251,冠城大通百旺府 2室2厅 南 北,1050万,82580元/平,底层 (共6层) | 2015年 | 2室2厅 | 127.15平米 | 南 北,https://ke-image.ljcdn.com/110000-inspection/pc1_OvCYxS50r.jpg!m_fill,w_280,h_210,f_jpg?from=ke.com
20240307,海淀,海淀北部新区,101122941051,四区两居室 南北通透 满五年唯一 直通地库 看房方便,930万,85738元/平,中楼层 (共11层) | 2016年 | 2室2厅 | 108.47平米 | 南 北,https://ke-image.ljcdn.com/110000-inspection/pc1_WcdkkXQ5T.jpg!m_fill,w_280,h_210,f_jpg?from=ke.com
20240307,海淀,海淀北部新区,101122934493,保利西山林语 南向一居室 有钥匙随时看  次顶层,378万,79030元/平,中楼层 (共8层) | 2010年 | 1室1厅 | 47.83平米 | 南,https://ke-image.ljcdn.com/110000-inspection/pc1_AvsSzpyKM.jpg!m_fill,w_280,h_210,f_jpg?from=ke.com
20240307,海淀,海淀北部新区,101122928409,正源尚峰尚水 南北通透 商品房 有电梯 户型好,536万,71372元/平,高楼层 (共9层) 1室1厅 | 75.1平米 | 南 北,https://ke-image.ljcdn.com/110000-inspection/pc1_9mSQj2vyH.jpg!m_fill,w_280,h_210,f_jpg?from=ke.com
20240307,海淀,海淀北部新区,101122920720,凯盛家园 2室1厅 南 北,330万,54827元/平,中楼层 (共15层) | 2013年 | 2室1厅 | 60.19平米 | 南 北,https://ke-image.ljcdn.com/110000-inspection/pc1_v5f6fDdFa.jpg!m_fill,w_280,h_210,f_jpg?from=ke.com
20240307,海淀,海淀北部新区,101122918231,冠城大通百旺府 3室2厅 南 北,1310万,98883元/平,中楼层 (共6层) | 2019年 | 3室2厅 | 132.48平米 | 南 北,https://ke-image.ljcdn.com/110000-inspection/pc1_uOTgdjqxA.jpg!m_fill,w_280,h_210,f_jpg?from=ke.com
20240307,海淀,海淀北部新区,101122895166,冠城大通百旺府高楼层一居南向阳光充足满五唯一,510万,71741元/平,高楼层 (共11层) | 2009年 | 1室1厅 | 71.09平米 | 南,https://ke-image.ljcdn.com/110000-inspection/0550de1d-ac27-4320-aa7a-88f74654e944_1000.jpg!m_fill,w_280,h_210,f_jpg?from=ke.com
20240307,海淀,海淀北部新区,101122888885,海淀上郡 1室1厅 东 西,340万,50641元/平,中楼层 (共21层) | 2021年 | 1室1厅 | 67.14平米 | 东 西,https://ke-image.ljcdn.com/110000-inspection/pc1_9jmS7UMmO.jpg!m_fill,w_280,h_210,f_jpg?from=ke.com
20240307,海淀,海淀北部新区,101122863635,保利西山林语公馆三居室 满五唯一花费低 楼层高 诚售房主自荐,588万,62969元/平,高楼层 (共8层) | 2009年 | 3室2厅 | 93.38平米 | 南 北,https://ke-image.ljcdn.com/110000-inspection/54f8f0bd-8a7d-45f8-a922-a7f11270011b_1000.jpg!m_fill,w_280,h_210,f_jpg?from=ke.com
20240307,海淀,海淀北部新区,101122862549,温泉路17号院 南北通透 低层出入方便 价格合适,288万,57486元/平,底层 (共6层) 2室1厅 | 50.1平米 | 南 北,https://ke-image.ljcdn.com/110000-inspection/pc1_RjZADTu4K.jpg!m_fill,w_280,h_210,f_jpg?from=ke.com
20240307,海淀,海淀北部新区,101122858742,凯盛家园 1室1厅 南,365万,60371元/平,高楼层 (共15层) | 2013年 | 1室1厅 | 60.46平米 | 南,https://ke-image.ljcdn.com/110000-inspection/pc1_wZiRkLVPg.jpg!m_fill,w_280,h_210,f_jpg?from=ke.com
20240307,海淀,海淀北部新区,101122843561,凯盛二区高楼层南向一居室满五年唯一可观山景房主自荐,318万,52123元/平,高楼层 (共15层) 1室1厅 | 61.01平米 | 南,https://ke-image.ljcdn.com/110000-inspection/pc1_VKHliTlj7.jpg!m_fill,w_280,h_210,f_jpg?from=ke.com
20240307,海淀,海淀北部新区,101122841797,凯盛家园 2室1厅 南 北,488万,61718元/平,高楼层 (共15层) 2室1厅 | 79.07平米 | 南 北,https://ke-image.ljcdn.com/110000-inspection/pc1_Wvnm0bUIb.jpg!m_fill,w_280,h_210,f_jpg?from=ke.com
20240307,海淀,海淀北部新区,101122817248,温泉凯盛家园二区  南北通透一居室  采光好,315万,52370元/平,低楼层 (共15层) | 2013年 | 2室1厅 | 60.15平米 | 南 北,https://ke-image.ljcdn.com/110000-inspection/pc1_lI3lMccAN.jpg!m_fill,w_280,h_210,f_jpg?from=ke.com
20240307,海淀,海淀北部新区,101122740180,新增房源 温泉路45号楼 南北通透 靠谱出售 满五唯一,546万,59419元/平,高楼层 (共6层) 3室1厅 | 91.89平米 | 南 北,https://ke-image.ljcdn.com/110000-inspection/pc1_7jdi0M0al.jpg!m_fill,w_280,h_210,f_jpg?from=ke.com
20240307,海淀,海淀北部新区,101122739783,上庄馨瑞嘉园 1室1厅 南,328万,47835元/平,高楼层 (共14层) | 2013年 | 1室1厅 | 68.57平米 | 南,https://ke-image.ljcdn.com/110000-inspection/pc1_o9HNGoEDH.jpg!m_fill,w_280,h_210,f_jpg?from=ke.com
20240307,海淀,海淀北部新区,101122729683,中高楼层  满五唯一  价格可谈 采光好 靠谱签约,415万,49785元/平,中楼层 (共11层) 2室1厅 | 83.36平米 | 南,https://ke-image.ljcdn.com/110000-inspection/pc1_VSWjy25Cw.jpg!m_fill,w_280,h_210,f_jpg?from=ke.com
20240307,海淀,海淀北部新区,101122727944,中国铁建环保嘉苑 2室1厅 东,470万,51311元/平,中楼层 (共9层) | 2015年 | 2室1厅 | 91.6平米 | 东,https://ke-image.ljcdn.com/110000-inspection/c7067ca9-36ec-4418-9e7e-5e84e0541f41_1000.jpg!m_fill,w_280,h_210,f_jpg?from=ke.com
20240307,海淀,海淀北部新区,101122704022,西六砖瓦厂家属楼 中高楼层 户型方正 采光好房主自荐,450万,54493元/平,中楼层 (共6层) | 2004年 | 2室1厅 | 82.58平米 | 东 西,https://ke-image.ljcdn.com/110000-inspection/31a40f32-9dee-47fa-a561-597603067b6e_1000.jpg!m_fill,w_280,h_210,f_jpg?from=ke.com
20240307,海淀,海淀北部新区,101122690849,保利二期 南北双通透两居 双卫 精装修 高层采光视野好房主自荐,598万,66393元/平,顶层 (共8层) | 2010年 | 2室1厅 | 90.07平米 | 南 北,https://ke-image.ljcdn.com/110000-inspection/pc1_ln34A5gdi.jpg!m_fill,w_280,h_210,f_jpg?from=ke.com
20240307,海淀,海淀北部新区,101122677570,保利三期南向三居室直通地下车库精装修业主自住,620万,67517元/平,中楼层 (共8层) | 2010年 | 3室1厅 | 91.83平米 | 东南,https://ke-image.ljcdn.com/110000-inspection/pc1_y83leawWT.jpg!m_fill,w_280,h_210,f_jpg?from=ke.com
20240307,海淀,海淀北部新区,101122674412,带电梯环山村南北通透三层带电梯,495万,52772元/平,中楼层 (共6层) 3室1厅 | 93.8平米 | 南 北,https://ke-image.ljcdn.com/110000-inspection/pc1_3g587XbDg.jpg!m_fill,w_280,h_210,f_jpg?from=ke.com
20240307,海淀,海淀北部新区,101122659929,保利西山林语 精装修 看房提前预约 诚意出售,545万,60983元/平,中楼层 (共8层) | 2010年 | 2室1厅 | 89.37平米 | 南 北,https://ke-image.ljcdn.com/110000-inspection/pc1_I0iRMAa7i.jpg!m_fill,w_280,h_210,f_jpg?from=ke.com
20240307,海淀,海淀北部新区,101122644024,正源尚峰尚水  满五年唯一商品房  户型好  位置好,878万,67059元/平,低楼层 (共10层) 3室2厅 | 130.93平米 | 南 北,https://ke-image.ljcdn.com/110000-inspection/pc1_GrWGFeCN8.jpg!m_fill,w_280,h_210,f_jpg?from=ke.com
20240307,海淀,海淀北部新区,101122643278,北分厂 2室1厅 南,305万,60879元/平,顶层 (共3层) | 1974年 | 2室1厅 | 50.1平米 | 南,https://ke-image.ljcdn.com/110000-inspection/pc1_KVLGZG5zR.jpg!m_fill,w_280,h_210,f_jpg?from=ke.com
20240307,海淀,海淀北部新区,101122602055,带电梯满五唯一南北通透三居室诚意出售房主自荐,390万,54622元/平,中楼层 (共5层) 3室1厅 | 71.4平米 | 南 北,https://ke-image.ljcdn.com/110000-inspection/55a244cb-8df6-45f4-a47f-a3649c5c818e_1000.jpg!m_fill,w_280,h_210,f_jpg?from=ke.com
20240307,海淀,海淀北部新区,101122593271,新政策随时交流中间楼层看房有钥匙精装修,475万,50586元/平,高楼层 (共6层) | 1997年 | 3室1厅 | 93.9平米 | 南,https://ke-image.ljcdn.com/110000-inspection/3185787d-729e-43cb-b946-e99027ab41e3_1000.jpg!m_fill,w_280,h_210,f_jpg?from=ke.com
20240307,海淀,海淀北部新区,101122591442,凯盛家园  南北通透两居室  边户  满五年唯一,465万,59206元/平,低楼层 (共15层) 2室1厅 | 78.54平米 | 东 南 北,https://ke-image.ljcdn.com/110000-inspection/pc1_gIQnFRTu2.jpg!m_fill,w_280,h_210,f_jpg?from=ke.com
20240307,海淀,海淀北部新区,101122587126,保利西山林语 3室1厅 南,620万,67561元/平,高楼层 (共8层) 3室1厅 | 91.77平米 | 南,https://ke-image.ljcdn.com/110000-inspection/pc1_HWljVIIg2.jpg!m_fill,w_280,h_210,f_jpg?from=ke.com
20240307,海淀,海淀北部新区,101122571160,海淀正源尚峰尚水 南北通透 满五唯一 精装修,690万,73218元/平,中楼层 (共9层) 2室1厅 | 94.24平米 | 南 北,https://ke-image.ljcdn.com/110000-inspection/f7cd8c84-897c-4212-8114-03313ab64ef1_1000.jpg!m_fill,w_280,h_210,f_jpg?from=ke.com
20240307,海淀,海淀北部新区,101122570852,精装全南明厨明卫低楼层小两居室签约随时,315万,53390元/平,中楼层 (共6层) 2室1厅 | 59平米 | 南 北,https://ke-image.ljcdn.com/110000-inspection/pc1_CqpfoyqVT.jpg!m_fill,w_280,h_210,f_jpg?from=ke.com
20240307,海淀,海淀北部新区,101122567178,凯盛家园 2室1厅 南 北房主自荐,477万,61375元/平,中楼层 (共15层) 2室1厅 | 77.72平米 | 南 北,https://ke-image.ljcdn.com/110000-inspection/pc1_ks16jLpx4.jpg!m_fill,w_280,h_210,f_jpg?from=ke.com
20240307,海淀,海淀北部新区,101122549167,凯盛南向一居带电梯 采光好视野佳,318万,51860元/平,中楼层 (共15层) 1室1厅 | 61.32平米 | 南,https://ke-image.ljcdn.com/110000-inspection/pc1_MokgLRdsv.jpg!m_fill,w_280,h_210,f_jpg?from=ke.com
20240307,海淀,海淀北部新区,101122542806,精装两居室 全明格局 落地窗 中间楼层 诚意出售,918万,86580元/平,中楼层 (共9层) | 2015年 | 2室2厅 | 106.03平米 | 南 北,https://ke-image.ljcdn.com/110000-inspection/pc1_hZjxc7y6f.jpg!m_fill,w_280,h_210,f_jpg?from=ke.com
20240307,海淀,海淀北部新区,101122538600,海淀嘉郡 2室1厅 南,425万,49807元/平,高楼层 (共16层) 2室1厅 | 85.33平米 | 南,https://ke-image.ljcdn.com/110000-inspection/040f5b05-c836-4bd8-bdd6-cac4f22a689c_1000.jpg!m_fill,w_280,h_210,f_jpg?from=ke.com
20240307,海淀,海淀北部新区,101122537960,精装修 南向 2居室 中高层 视野好 满五唯一 有电梯,425万,49807元/平,中楼层 (共16层) 2室2厅 | 85.33平米 | 南,https://ke-image.ljcdn.com/110000-inspection/pc1_qh4TVYfS8.jpg!m_fill,w_280,h_210,f_jpg?from=ke.com
20240307,海淀,海淀北部新区,101122498560,通风比较好的户型 高楼层 视野采光好 诚意出售,305万,55254元/平,顶层 (共6层) 2室1厅 | 55.2平米 | 南 北,https://ke-image.ljcdn.com/110000-inspection/pc1_1G6xvT8PU.jpg!m_fill,w_280,h_210,f_jpg?from=ke.com
20240307,海淀,海淀北部新区,101122490665,三区精装两居室 落地窗 采光好 精装修 满五年唯一,900万,84882元/平,中楼层 (共9层) | 2015年 | 2室2厅 | 106.03平米 | 南 北,https://ke-image.ljcdn.com/110000-inspection/c3d3875b-c96a-4976-ac5a-48ec3dd5c3ae_1000.jpg!m_fill,w_280,h_210,f_jpg?from=ke.com
20240307,海淀,海淀北部新区,101122479241,海淀嘉郡 全南向两居 中间层 满五唯一,415万,49553元/平,中楼层 (共10层) 2室1厅 | 83.75平米 | 南,https://ke-image.ljcdn.com/110000-inspection/pc1_e1Hyyg5ey.jpg!m_fill,w_280,h_210,f_jpg?from=ke.com
20240307,海淀,海淀北部新区,101122461723,凯盛家园  中高楼层  商品房  南北通透,330万,56343元/平,高楼层 (共15层) 1室1厅 | 58.57平米 | 南 北,https://ke-image.ljcdn.com/110000-inspection/pc1_xILG1kiRG.jpg!m_fill,w_280,h_210,f_jpg?from=ke.com
20240307,海淀,海淀北部新区,101122457204,保利·西山林语  人车分流  56平大一居,378万,67609元/平,中楼层 (共8层) | 2010年 | 1室1厅 | 55.91平米 | 东 西 北,https://ke-image.ljcdn.com/110000-inspection/pc1_zGcDmeHIw.jpg!m_fill,w_280,h_210,f_jpg?from=ke.com
20240307,海淀,海淀北部新区,101122451180,中国铁建环保嘉苑 2室1厅 东,470万,51997元/平,高楼层 (共9层) | 2015年 | 2室1厅 | 90.39平米 | 东,https://ke-image.ljcdn.com/110000-inspection/pc1_hAHrIwVAa.jpg!m_fill,w_280,h_210,f_jpg?from=ke.com
20240307,海淀,海淀北部新区,101122441331,西六砖瓦厂家属楼 真实在售 产权清晰,285万,54494元/平,顶层 (共4层) | 1979年 | 2室1厅 | 52.3平米 | 南,https://ke-image.ljcdn.com/110000-inspection/pc1_JMWwgNPLu.jpg!m_fill,w_280,h_210,f_jpg?from=ke.com
20240307,海淀,海淀北部新区,101122431600,海淀嘉郡 满五唯一 正规大三居 两梯三户,535万,55829元/平,高楼层 (共16层) | 2016年 | 3室1厅 | 95.83平米 | 南 北,https://ke-image.ljcdn.com/110000-inspection/8a7dcd9f-a155-4909-bfda-936f0d1acd82_1000.jpg!m_fill,w_280,h_210,f_jpg?from=ke.com
20240307,海淀,海淀北部新区,101122417933,保利西山林语 满五唯一 自住装修 有钥匙随时看,610万,64688元/平,中楼层 (共8层) | 2010年 | 2室1厅 | 94.3平米 | 南 北,https://ke-image.ljcdn.com/110000-inspection/5024d4ce-7408-4419-af6a-810e5004513f_1000.jpg!m_fill,w_280,h_210,f_jpg?from=ke.com
20240307,海淀,海淀北部新区,101122409678,冠城大通百旺府 急售一居室 看房方便,515万,65942元/平,顶层 (共8层) | 2009年 | 1室1厅 | 78.1平米 | 南 北,https://ke-image.ljcdn.com/110000-inspection/pc1_UwGY8vgNT.jpg!m_fill,w_280,h_210,f_jpg?from=ke.com
20240307,海淀,海淀北部新区,101122405688,满五唯一 二层  看房方便 诚意出售 环山村新楼房主自荐,433万,61098元/平,低楼层 (共6层) 2室1厅 | 70.87平米 | 南 北,https://ke-image.ljcdn.com/110000-inspection/pc1_HWsJzqppT.jpg!m_fill,w_280,h_210,f_jpg?from=ke.com
20240307,海淀,海淀北部新区,101122405080,凯盛家园 1室1厅 南,340万,56961元/平,中楼层 (共15层) 1室1厅 | 59.69平米 | 南,https://ke-image.ljcdn.com/110000-inspection/e4356af3-602b-4ed0-9cc2-2f481da918b8_1000.jpg!m_fill,w_280,h_210,f_jpg?from=ke.com
20240307,海淀,海淀北部新区,101122399127,靠谱出售 温泉路45号院 南北通透 商品房  视野开阔,420万,54603元/平,高楼层 (共6层) | 1996年 | 2室1厅 | 76.92平米 | 南 北,https://ke-image.ljcdn.com/110000-inspection/pc1_nQV2nCVeb.jpg!m_fill,w_280,h_210,f_jpg?from=ke.com
20240307,海淀,海淀北部新区,101122398275,西六砖瓦厂家属楼 3层精装修满两年,490万,57004元/平,中楼层 (共6层) | 2003年 | 2室1厅 | 85.96平米 | 南 北,https://ke-image.ljcdn.com/110000-inspection/pc1_GjRusYHFi.jpg!m_fill,w_280,h_210,f_jpg?from=ke.com
20240307,海淀,海淀北部新区,101122394481,海淀永丰科技园 首创天阅西山精装观景四居室随时看房,2025万,96305元/平,低楼层 (共25层) | 2018年 | 4室2厅 | 210.27平米 | 南 北,https://ke-image.ljcdn.com/110000-inspection/pc1_UW6oNfjBv.jpg!m_fill,w_280,h_210,f_jpg?from=ke.com
20240307,海淀,海淀北部新区,101122392821,三嘉信苑 2室1厅 南 北,319万,50395元/平,底层 (共6层) 2室1厅 | 63.3平米 | 南 北,https://ke-image.ljcdn.com/110000-inspection/pc1_JtWNWsbRq.jpg!m_fill,w_280,h_210,f_jpg?from=ke.com
20240307,海淀,海淀北部新区,101122356741,首付336万即可 满五年唯一 南北通透两居室 带电梯,858万,78594元/平,中楼层 (共7层) | 2009年 | 2室2厅 | 109.17平米 | 南 北,https://ke-image.ljcdn.com/110000-inspection/pc1_V71CuICg7.jpg!m_fill,w_280,h_210,f_jpg?from=ke.com
20240307,海淀,海淀北部新区,101122348052,三嘉信苑 1室1厅 南,260万,53192元/平,中楼层 (共6层) | 2011年 | 1室1厅 | 48.88平米 | 南,https://ke-image.ljcdn.com/110000-inspection/pc1_ngkUVhRGd.jpg!m_fill,w_280,h_210,f_jpg?from=ke.com
20240307,海淀,海淀北部新区,101122324899,海淀嘉郡3居室南北通透自住装修诚意出售房主自荐,500万,55686元/平,中楼层 (共10层) 3室1厅 | 89.79平米 | 南 西 北,https://ke-image.ljcdn.com/110000-inspection/pc1_Bt7rNZ1Wk.jpg!m_fill,w_280,h_210,f_jpg?from=ke.com
20240307,海淀,海淀北部新区,101122320120,三嘉信苑 2室1厅 南 北,330万,52133元/平,中楼层 (共6层) | 2011年 | 2室1厅 | 63.3平米 | 南 北,https://ke-image.ljcdn.com/110000-inspection/pc1_iLOEejghI.jpg!m_fill,w_280,h_210,f_jpg?from=ke.com
20240307,海淀,海淀北部新区,101122314985,新政策随时交流 房子满五唯一 看房方便,340万,73865元/平,低楼层 (共8层) | 2010年 | 1室1厅 | 46.03平米 | 西,https://ke-image.ljcdn.com/110000-inspection/pc1_4I8QQrfXW.jpg!m_fill,w_280,h_210,f_jpg?from=ke.com
20240307,海淀,海淀北部新区,101122305333,首创天阅西山 中间层 采光视野无遮挡 南北可观山房主自荐,2180万,103367元/平,中楼层 (共25层) | 2018年 | 4室2厅 | 210.9平米 | 南 北,https://ke-image.ljcdn.com/110000-inspection/f3f279f7-caf5-4c7b-9d7e-345474fd35cd_1000.jpg!m_fill,w_280,h_210,f_jpg?from=ke.com
20240307,海淀,海淀北部新区,101122284448,海淀嘉郡 2室1厅 南 北,437万,54619元/平,低楼层 (共16层) 2室1厅 | 80.01平米 | 南 北,https://ke-image.ljcdn.com/110000-inspection/3971c775-f7ec-4f29-b407-01e137be74f6_1000.jpg!m_fill,w_280,h_210,f_jpg?from=ke.com
20240307,海淀,海淀北部新区,101122248825,凯盛家园 1室1厅 南 北,320万,54238元/平,中楼层 (共15层) 1室1厅 | 59平米 | 南 北,https://ke-image.ljcdn.com/110000-inspection/f971da0b-eb33-4751-bee0-de315bf278f0_1000.jpg!m_fill,w_280,h_210,f_jpg?from=ke.com
20240307,海淀,海淀北部新区,101122237446,海淀产权 婚房精装 大阳台落地窗 南向2居 万科物业,468万,52285元/平,中楼层 (共16层) 2室2厅 | 89.51平米 | 南,https://ke-image.ljcdn.com/110000-inspection/pc1_wNR9NvWSa.jpg!m_fill,w_280,h_210,f_jpg?from=ke.com
20240307,海淀,海淀北部新区,101122226244,北分厂 电梯 房龄新 85平米三居室,580万,68640元/平,顶层 (共6层) 3室2厅 | 84.5平米 | 南 北,https://ke-image.ljcdn.com/110000-inspection/pc1_z5p4cVBLD_1.jpg!m_fill,w_280,h_210,f_jpg?from=ke.com
20240307,海淀,海淀北部新区,101122208464,冠城大通百旺府 次新房 精装修 三阳户型 中间楼层,1320万,99631元/平,中楼层 (共6层) | 2019年 | 3室2厅 | 132.49平米 | 南 北,https://ke-image.ljcdn.com/110000-inspection/pc1_iCgi04vxU.jpg!m_fill,w_280,h_210,f_jpg?from=ke.com
20240307,海淀,海淀北部新区,101122206639,海淀嘉郡 满五唯一 正规两居商品房 视野广阔南北通透,399万,49782元/平,底层 (共16层) | 2016年 | 2室1厅 | 80.15平米 | 南 北,https://ke-image.ljcdn.com/110000-inspection/pc1_0cysCTStL.jpg!m_fill,w_280,h_210,f_jpg?from=ke.com
20240307,海淀,海淀北部新区,101122206025,北分厂南向两居 36万精装修 可拎包入住 有电梯,325万,59634元/平,低楼层 (共6层) | 1984年 | 2室1厅 | 54.5平米 | 南,https://ke-image.ljcdn.com/110000-inspection/pc1_RIRNW43XT.jpg!m_fill,w_280,h_210,f_jpg?from=ke.com
20240307,海淀,海淀北部新区,101122175481,百旺府新三区精装三居全明户型诚意出售只有契税,1285万,91590元/平,中楼层 (共5层) | 2019年 | 3室2厅 | 140.3平米 | 南 北,https://ke-image.ljcdn.com/110000-inspection/834c25d9-c570-400a-a09b-5f0aa9d9bf22_1000.jpg!m_fill,w_280,h_210,f_jpg?from=ke.com
20240307,海淀,海淀北部新区,101122156376,环保园区内精装两居户型方正满五唯一看房方便,480万,54268元/平,低楼层 (共7层) 2室1厅 | 88.45平米 | 东,https://ke-image.ljcdn.com/110000-inspection/pc1_GATVjtdrE.jpg!m_fill,w_280,h_210,f_jpg?from=ke.com
20240307,海淀,海淀北部新区,101122074927,永丰嘉园二区优质两居南北通透满五唯一,960万,77670元/平,底层 (共6层) | 2009年 | 2室2厅 | 123.6平米 | 南 北,https://ke-image.ljcdn.com/110000-inspection/pc1_ZCQg7SCfF.jpg!m_fill,w_280,h_210,f_jpg?from=ke.com
20240307,海淀,海淀北部新区,101122073453,三嘉信苑 2室1厅 南,345万,53159元/平,中楼层 (共10层) | 2011年 | 2室1厅 | 64.9平米 | 南,https://ke-image.ljcdn.com/110000-inspection/20f4407d-cabc-4b83-8a72-b33d631febfa_1000.jpg!m_fill,w_280,h_210,f_jpg?from=ke.com
20240307,海淀,海淀北部新区,101122054046,凯盛家园 1室1厅 南,350万,57957元/平,低楼层 (共15层) | 2013年 | 1室1厅 | 60.39平米 | 南,https://ke-image.ljcdn.com/110000-inspection/pc1_ACGJVnXv3.jpg!m_fill,w_280,h_210,f_jpg?from=ke.com
20240307,海淀,海淀北部新区,101122022188,凯盛家园南北通透高楼层采光好无遮挡精装修满五唯一,310万,52543元/平,高楼层 (共15层) | 2013年 | 1室1厅 | 59平米 | 南 北,https://ke-image.ljcdn.com/110000-inspection/3037494e-c16a-4e5f-ba08-3ddc0b988e6c_1000.jpg!m_fill,w_280,h_210,f_jpg?from=ke.com
20240307,海淀,海淀北部新区,101122013471,保利二期人车分流南北通透次顶层,619万,63920元/平,高楼层 (共7层) 2室1厅 | 96.84平米 | 南 北,https://ke-image.ljcdn.com/110000-inspection/14de97f9-4b93-4bec-a5ce-be97d11db8c5_1000.jpg!m_fill,w_280,h_210,f_jpg?from=ke.com
20240307,海淀,海淀北部新区,101122007666,首开凯盛家园  次顶层  满五年唯一  南北通透一居室,355万,59604元/平,高楼层 (共15层) 1室1厅 | 59.56平米 | 南 北,https://ke-image.ljcdn.com/110000-inspection/pc1_coEubvpEV.jpg!m_fill,w_280,h_210,f_jpg?from=ke.com
20240307,海淀,海淀北部新区,101122000762,三嘉信苑 2室1厅 南 北,296万,42365元/平,顶层 (共10层) 2室1厅 | 69.87平米 | 南 北,https://ke-image.ljcdn.com/110000-inspection/pc1_6Ue8er6lD.jpg!m_fill,w_280,h_210,f_jpg?from=ke.com
20240307,海淀,海淀北部新区,101121985251,诚售 海淀嘉郡 满五唯一 全明 正规 精装大三居房主自荐,520万,53864元/平,中楼层 (共16层) 3室2厅 | 96.54平米 | 南 北,https://ke-image.ljcdn.com/110000-inspection/pc1_lYenSw3Bs.jpg!m_fill,w_280,h_210,f_jpg?from=ke.com
20240307,海淀,海淀北部新区,101121977071,海淀嘉郡 精装自住 中高层有电梯 万科物业 次新小区,430万,53423元/平,中楼层 (共16层) 2室2厅 | 80.49平米 | 南 北,https://ke-image.ljcdn.com/110000-inspection/71e33a77-37e7-40fb-b5cd-c11e96e67690_1000.jpg!m_fill,w_280,h_210,f_jpg?from=ke.com
20240307,海淀,海淀北部新区,101121971219,满五唯一 海淀 馨瑞嘉园 精装修大一居,346万,50453元/平,中楼层 (共16层) | 2013年 | 1室1厅 | 68.58平米 | 南,https://ke-image.ljcdn.com/110000-inspection/a1a75268-a028-4aa6-8fe6-c1dc516515b9_1000.jpg!m_fill,w_280,h_210,f_jpg?from=ke.com
20240307,海淀,海淀北部新区,101121965827,新政策随时交流 房子满五唯一 看房有钥匙,560万,63586元/平,顶层 (共8层) | 2010年 | 3室1厅 | 88.07平米 | 南 北,https://ke-image.ljcdn.com/110000-inspection/28b950a9-810e-4c70-9c2d-0ccf3e14adcd_1000.jpg!m_fill,w_280,h_210,f_jpg?from=ke.com
20240307,海淀,海淀北部新区,101121940735,温泉凯盛 精装修 商品房 诚意出售 价格可谈,410万,68608元/平,中楼层 (共15层) | 2013年 | 1室1厅 | 59.76平米 | 南,https://ke-image.ljcdn.com/110000-inspection/c2529711-a403-4294-b327-552917e5ec97_1000.jpg!m_fill,w_280,h_210,f_jpg?from=ke.com
20240307,海淀,海淀北部新区,101121901050,三嘉信苑 2室1厅 南 北,335万,53464元/平,中楼层 (共6层) | 2011年 | 2室1厅 | 62.66平米 | 南 北,https://ke-image.ljcdn.com/110000-inspection/pc1_8GdzPDqq1.jpg!m_fill,w_280,h_210,f_jpg?from=ke.com
20240307,海淀,海淀北部新区,101121852297,中关村环保园区精装修三居室满五唯一带产权车位房主自荐,645万,60844元/平,高楼层 (共9层) | 2015年 | 3室1厅 | 106.01平米 | 东北,https://ke-image.ljcdn.com/110000-inspection/pc1_TecpqeGWH.jpg!m_fill,w_280,h_210,f_jpg?from=ke.com
20240307,海淀,海淀北部新区,101121840833,海淀上郡 满二年 中高楼层 精装修 大两居,410万,45724元/平,中楼层 (共21层) 2室1厅 | 89.67平米 | 南,https://ke-image.ljcdn.com/110000-inspection/3a72298c-0d6d-4560-aaef-e990460f528c_1000.jpg!m_fill,w_280,h_210,f_jpg?from=ke.com
20240307,海淀,海淀北部新区,101121836212,百旺府三区2015年商品房一梯两户。全明格局,1260万,84315元/平,底层 (共6层) | 2015年 | 3室2厅 | 149.44平米 | 南 北,https://ke-image.ljcdn.com/110000-inspection/pc1_XEdbq8HyU.jpg!m_fill,w_280,h_210,f_jpg?from=ke.com
20240307,海淀,海淀北部新区,101121828024,户型方正一居室视野开阔采光棒,320万,51722元/平,高楼层 (共15层) 1室1厅 | 61.87平米 | 南,https://ke-image.ljcdn.com/110000-inspection/pc1_A25aCfK2c.jpg!m_fill,w_280,h_210,f_jpg?from=ke.com
20240307,海淀,海淀北部新区,101121811814,海淀 三嘉信苑 高楼层商品房稳定签约,295万,47012元/平,顶层 (共6层) | 2011年 | 2室1厅 | 62.75平米 | 南 北,https://ke-image.ljcdn.com/110000-inspection/pc1_zPmCrCKRU_1.jpg!m_fill,w_280,h_210,f_jpg?from=ke.com
20240307,海淀,海淀北部新区,101121810881,林语公馆 中高楼层 大四居 中间位置,1050万,66372元/平,中楼层 (共8层) 5室1厅 | 158.2平米 | 南 北,https://ke-image.ljcdn.com/110000-inspection/pc1_LQ63RBzX3.jpg!m_fill,w_280,h_210,f_jpg?from=ke.com
20240307,海淀,海淀北部新区,101121801275,首套贷款482万 2016年直通地下车库 自己住 随时签约,980万,91478元/平,低楼层 (共9层) | 2016年 | 2室2厅 | 107.13平米 | 南 北,https://ke-image.ljcdn.com/110000-inspection/b1571ef1-ff0f-4c13-82e0-609abcac8812_1000.jpg!m_fill,w_280,h_210,f_jpg?from=ke.com
20240307,海淀,海淀北部新区,101121790222,海淀  老年医院家属楼  商品房房主自荐,347万,54993元/平,中楼层 (共5层) | 1994年 | 2室1厅 | 63.1平米 | 南 北,https://ke-image.ljcdn.com/110000-inspection/16105029-a48c-4965-85be-b946aff08a6a_1000.jpg!m_fill,w_280,h_210,f_jpg?from=ke.com
20240307,海淀,海淀北部新区,101121777302,海淀北部新区  精装修的房子 没有住过   采光好,326万,48034元/平,低楼层 (共16层) 1室1厅 | 67.87平米 | 南,https://ke-image.ljcdn.com/110000-inspection/904b2fb6-52cc-4fc6-a75e-b44bb47c8274_1000.jpg!m_fill,w_280,h_210,f_jpg?from=ke.com
20240307,海淀,海淀北部新区,101121773572,海淀北部新区温泉环保科技园旁凯盛家园,498万,62540元/平,中楼层 (共14层) 2室1厅 | 79.63平米 | 南 北,https://ke-image.ljcdn.com/110000-inspection/014d30ab-f3dc-44da-b1bf-f204f7ee3029_1000.jpg!m_fill,w_280,h_210,f_jpg?from=ke.com
20240307,海淀,海淀北部新区,101121743320,621所生活区三居室户型方正满五唯一,356万,47467元/平,顶层 (共5层) | 1985年 | 3室1厅 | 75平米 | 南 北,https://ke-image.ljcdn.com/110000-inspection/pc1_WJdCRpsTY.jpg!m_fill,w_280,h_210,f_jpg?from=ke.com
20240307,海淀,海淀北部新区,101121687896,海淀北部新区 温泉路45号院 南北通透 满五唯一 采光好,569万,61922元/平,中楼层 (共6层) 3室1厅 | 91.89平米 | 南 北,https://ke-image.ljcdn.com/110000-inspection/f7c221cf-44cf-444d-81da-014f11540563_1000.jpg!m_fill,w_280,h_210,f_jpg?from=ke.com
20240307,海淀,海淀北部新区,101121687864,生命科学园北宿舍楼3居室户型方正无浪费面积,235万,33240元/平,中楼层 (共5层) | 1983年 | 3室1厅 | 70.7平米 | 南 北,https://ke-image.ljcdn.com/110000-inspection/pc1_78CI1jeUv.jpg!m_fill,w_280,h_210,f_jpg?from=ke.com
20240307,海淀,海淀北部新区,101121687589,凯盛家园  满五唯一  南北通透  冬暖夏凉  采光好,450万,57901元/平,低楼层 (共15层) | 2013年 | 2室1厅 | 77.72平米 | 南 北,https://ke-image.ljcdn.com/110000-inspection/pc1_DNPrIahDq_1.jpg!m_fill,w_280,h_210,f_jpg?from=ke.com
20240307,海淀,海淀北部新区,101121681316,正源尚峰尚水 商品房 满五唯一 南北通透 有电梯,1000万,66459元/平,中楼层 (共9层) 3室2厅 | 150.47平米 | 南 北,https://ke-image.ljcdn.com/110000-inspection/pc1_MwlTD5103.jpg!m_fill,w_280,h_210,f_jpg?from=ke.com
20240307,海淀,海淀北部新区,101121676372,保利西山林语 2室1厅 南 北,580万,67996元/平,顶层 (共8层) | 2010年 | 2室1厅 | 85.3平米 | 南 北,https://ke-image.ljcdn.com/110000-inspection/24a510dc-aff6-478a-9e7c-df8a21207fcd_1000.jpg!m_fill,w_280,h_210,f_jpg?from=ke.com
20240307,海淀,海淀北部新区,101121659972,北分厂 2室1厅 南 北,290万,51237元/平,顶层 (共4层) 2室1厅 | 56.6平米 | 南 北,https://ke-image.ljcdn.com/110000-inspection/pc1_qc8tNdyDP.jpg!m_fill,w_280,h_210,f_jpg?from=ke.com
20240307,海淀,海淀北部新区,101121649917,621所生活区一区   精装修两居室,340万,55830元/平,顶层 (共4层) | 1993年 | 2室1厅 | 60.9平米 | 南 北,https://ke-image.ljcdn.com/110000-inspection/6a7847bf-64f3-476e-a96e-32d061bc70e8_1000.jpg!m_fill,w_280,h_210,f_jpg?from=ke.com
20240307,海淀,海淀北部新区,101121639467,凯盛家园 1室1厅 南,290万,48197元/平,底层 (共15层) 1室1厅 | 60.17平米 | 南,https://ke-image.ljcdn.com/110000-inspection/c6741d23-6767-443b-810f-952d17d3ec8e_1000.jpg!m_fill,w_280,h_210,f_jpg?from=ke.com
20240307,海淀,海淀北部新区,101121632861,海淀嘉郡 精装自住 270度采光 卫生间有窗 高层有电梯,536万,59742元/平,高楼层 (共16层) | 2016年 | 3室2厅 | 89.72平米 | 东 南 北,https://ke-image.ljcdn.com/110000-inspection/20bb8543-d58f-49b0-83a6-e73421615e24_1000.jpg!m_fill,w_280,h_210,f_jpg?from=ke.com
20240307,海淀,海淀北部新区,101121624493,凯盛家园 1室1厅 南,330万,54582元/平,高楼层 (共15层) | 2013年 | 1室1厅 | 60.46平米 | 南,https://ke-image.ljcdn.com/110000-inspection/pc1_vIcePhlgc.jpg!m_fill,w_280,h_210,f_jpg?from=ke.com
20240307,海淀,海淀北部新区,101121619094,凯盛家园 2室1厅 南 北,480万,60699元/平,中楼层 (共14层) | 2013年 | 2室1厅 | 79.08平米 | 南 北,https://ke-image.ljcdn.com/110000-inspection/01a15bda-e457-4c9f-9659-e38ad8bb350e_1000.jpg!m_fill,w_280,h_210,f_jpg?from=ke.com
20240307,海淀,海淀北部新区,101121609429,冷泉林语山庄 三居室 精装修高楼层,668万,72791元/平,中楼层 (共8层) | 2010年 | 3室1厅 | 91.77平米 | 南,https://ke-image.ljcdn.com/110000-inspection/28c04271-7739-49f2-908b-05204f5b3b1e_1000.jpg!m_fill,w_280,h_210,f_jpg?from=ke.com
20240307,海淀,海淀北部新区,101121600553,满五唯一  南北通透 不临街 视野开阔采光好房主自荐,426万,52946元/平,顶层 (共16层) 2室1厅 | 80.46平米 | 南 北,https://ke-image.ljcdn.com/110000-inspection/f402d702-21e8-4b21-82fd-72f63a01597e_1000.jpg!m_fill,w_280,h_210,f_jpg?from=ke.com
20240307,海淀,海淀北部新区,101121565048,有电梯 全明格局 低楼层 精装二居,1120万,111399元/平,低楼层 (共8层) | 2001年 | 2室1厅 | 100.54平米 | 南 北,https://ke-image.ljcdn.com/110000-inspection/pc1_A2UsQwmax.jpg!m_fill,w_280,h_210,f_jpg?from=ke.com
20240307,海淀,海淀北部新区,101121564097,永丰嘉园五区 高楼层 采光视野开阔 精装修,690万,73758元/平,高楼层 (共8层) | 2009年 | 2室1厅 | 93.55平米 | 南 北,https://ke-image.ljcdn.com/110000-inspection/pc1_1XPZGgjsm.jpg!m_fill,w_280,h_210,f_jpg?from=ke.com
20240307,海淀,海淀北部新区,101121542886,此房房本满五年唯一视野很棒户型方正,1100万,67295元/平,中楼层 (共9层) 3室2厅 | 163.46平米 | 东 西南,https://ke-image.ljcdn.com/110000-inspection/ffd3ea7a-fb8e-403a-98ee-0ba88ccd26cc_1000.jpg!m_fill,w_280,h_210,f_jpg?from=ke.com
20240307,海淀,海淀北部新区,101121542523,海淀北部新区  精装修 高楼层  视野好 集中供暖房主自荐,365万,53379元/平,中楼层 (共16层) | 2013年 | 1室1厅 | 68.38平米 | 南,https://ke-image.ljcdn.com/110000-inspection/pc1_mjtolgtvU.jpg!m_fill,w_280,h_210,f_jpg?from=ke.com
20240307,海淀,海淀北部新区,101121540784,海淀北部新区  楼龄新  环境好  两梯四户 集中供暖,370万,54516元/平,高楼层 (共16层) 1室1厅 | 67.87平米 | 南,https://ke-image.ljcdn.com/110000-inspection/804b8a1b-8280-4b83-b565-315b898a16d6_1000.jpg!m_fill,w_280,h_210,f_jpg?from=ke.com
20240307,海淀,海淀北部新区,101121512735,凯盛家园 1室1厅 南,370万,62217元/平,高楼层 (共15层) | 2013年 | 1室1厅 | 59.47平米 | 南,https://ke-image.ljcdn.com/110000-inspection/8d40b6e9-7dd3-4d75-88b3-0d68c6b0572f_1000.jpg!m_fill,w_280,h_210,f_jpg?from=ke.com
20240307,海淀,海淀北部新区,101121509327,海淀嘉郡 精装修 两梯三户 视野好可观山 中高层,520万,58218元/平,高楼层 (共16层) | 2016年 | 3室2厅 | 89.32平米 | 南 北,https://ke-image.ljcdn.com/110000-inspection/a6b3f8a4-3c95-4107-aa8a-7a3661b7ef34_1000.jpg!m_fill,w_280,h_210,f_jpg?from=ke.com
20240307,海淀,海淀北部新区,101121499692,上庄馨瑞嘉园 1室1厅 南,339万,48519元/平,低楼层 (共15层) | 2013年 | 1室1厅 | 69.87平米 | 南,https://ke-image.ljcdn.com/110000-inspection/204032bf-fc0e-4484-8959-2358e192aff8_1000.jpg!m_fill,w_280,h_210,f_jpg?from=ke.com
20240307,海淀,海淀北部新区,101121490302,凯盛家园 1室1厅 南,312万,51992元/平,低楼层 (共15层) | 2013年 | 1室1厅 | 60.01平米 | 南,https://ke-image.ljcdn.com/110000-inspection/pc1_eO6rSwKmx.jpg!m_fill,w_280,h_210,f_jpg?from=ke.com
20240307,海淀,海淀北部新区,101121489734,满两年家庭名下一套视野开阔随时签约,359万,52802元/平,高楼层 (共6层) | 2000年 | 2室1厅 | 67.99平米 | 南 北,https://ke-image.ljcdn.com/110000-inspection/0384a629-a28a-49e9-a416-3ccf62c2ab32_1000.jpg!m_fill,w_280,h_210,f_jpg?from=ke.com
20240307,海淀,海淀北部新区,101121454569,卫生局党校 南北三居室 精装修 低楼层 出现方便,428万,61940元/平,低楼层 (共6层) | 1992年 | 3室1厅 | 69.1平米 | 南 北,https://ke-image.ljcdn.com/110000-inspection/dfe68736-6108-4717-8858-b12d588e70ad_1000.jpg!m_fill,w_280,h_210,f_jpg?from=ke.com
20240307,海淀,海淀北部新区,101121434090,海淀区 温泉镇 总价不高两居室 诚意出售,305万,55759元/平,顶层 (共6层) | 1992年 | 2室1厅 | 54.7平米 | 南 北,https://ke-image.ljcdn.com/110000-inspection/7a03bfd8-42f6-4f23-b0cf-df904c580ee4_1000.jpg!m_fill,w_280,h_210,f_jpg?from=ke.com
20240307,海淀,海淀北部新区,101121390376,上庄馨瑞嘉园 精装修 电梯房 南向,310万,43972元/平,高楼层 (共14层) | 2013年 | 1室1厅 | 70.5平米 | 南 北,https://ke-image.ljcdn.com/110000-inspection/pc1_CoK0YvIlj.jpg!m_fill,w_280,h_210,f_jpg?from=ke.com
20240307,海淀,海淀北部新区,101121387509,上庄馨瑞嘉园 1室1厅 南,320万,45262元/平,高楼层 (共15层) | 2013年 | 1室1厅 | 70.7平米 | 南,https://ke-image.ljcdn.com/110000-inspection/pc1_726mCQJfF_1.jpg!m_fill,w_280,h_210,f_jpg?from=ke.com
20240307,海淀,海淀北部新区,101121384829,海淀嘉郡 满五唯一 正规三居 带车位 小区中间位置,550万,57665元/平,低楼层 (共16层) 3室1厅 | 95.38平米 | 南 北,https://ke-image.ljcdn.com/110000-inspection/pc1_29fPip2fy.jpg!m_fill,w_280,h_210,f_jpg?from=ke.com
20240307,海淀,海淀北部新区,101121382738,凯盛家园中间楼层精装修1居户型好业主诚意出售,320万,53512元/平,中楼层 (共15层) 1室1厅 | 59.8平米 | 南 北,https://ke-image.ljcdn.com/110000-inspection/pc1_AvsiayyYZ.jpg!m_fill,w_280,h_210,f_jpg?from=ke.com
20240307,海淀,海淀北部新区,101121361770,西六砖瓦厂家属楼 2室1厅 南 北,465万,53976元/平,中楼层 (共6层) 2室1厅 | 86.15平米 | 南 北,https://ke-image.ljcdn.com/110000-inspection/4f0f0193-4f0b-44c9-8c70-501991c7b124_1000.jpg!m_fill,w_280,h_210,f_jpg?from=ke.com
20240307,海淀,海淀北部新区,101121346646,满五唯一 馨瑞嘉园 中间层 靠谱签约,350万,51570元/平,低楼层 (共16层) 1室1厅 | 67.87平米 | 南,https://ke-image.ljcdn.com/110000-inspection/pc1_RiS6nstAI.jpg!m_fill,w_280,h_210,f_jpg?from=ke.com
20240307,海淀,海淀北部新区,101121345854,保利西山林语 人车分离 一梯二户 6层,600万,67409元/平,中楼层 (共8层) | 2010年 | 2室1厅 | 89.01平米 | 南 北,https://ke-image.ljcdn.com/110000-inspection/acd31c8f-bbc2-40a7-bb3e-de4d3169a172_1000.jpg!m_fill,w_280,h_210,f_jpg?from=ke.com
20240307,海淀,海淀北部新区,101121342819,海淀嘉郡 2室1厅 南 北,459万,54320元/平,低楼层 (共10层) | 2015年 | 2室1厅 | 84.5平米 | 南 北,https://ke-image.ljcdn.com/110000-inspection/451319f6-5efa-4612-aaa2-7402693aea98_1000.jpg!m_fill,w_280,h_210,f_jpg?from=ke.com
20240307,海淀,海淀北部新区,101121333748,馨瑞嘉园商品房有电梯看房方便诚意出售房主自荐,330万,48098元/平,中楼层 (共13层) | 2013年 | 1室1厅 | 68.61平米 | 南,https://ke-image.ljcdn.com/110000-inspection/124c3781-c2ae-4075-992c-49434780efb3_1000.jpg!m_fill,w_280,h_210,f_jpg?from=ke.com
20240307,海淀,海淀北部新区,101121327086,上庄家园 3室2厅 南 北,515万,46810元/平,顶层 (共6层) | 1992年 | 3室2厅 | 110.02平米 | 南 北,https://ke-image.ljcdn.com/110000-inspection/pc1_ZGV1nIFrp.jpg!m_fill,w_280,h_210,f_jpg?from=ke.com
20240307,海淀,海淀北部新区,101121318452,1%服务费 三期满五唯一南向一居室 精装修中高楼层房主自荐,355万,74222元/平,中楼层 (共8层) | 2010年 | 1室1厅 | 47.83平米 | 南,https://ke-image.ljcdn.com/110000-inspection/pc1_la1hAIWNV.jpg!m_fill,w_280,h_210,f_jpg?from=ke.com
20240307,海淀,海淀北部新区,101121311441,凯盛家园 2室1厅 南 北,480万,59843元/平,低楼层 (共15层) 2室1厅 | 80.21平米 | 南 北,https://ke-image.ljcdn.com/110000-inspection/pc1_ZqtCuEcvH.jpg!m_fill,w_280,h_210,f_jpg?from=ke.com
20240307,海淀,海淀北部新区,101121298393,海淀嘉郡 精装修领包入住 两室两厅双阳台 户型方正房主自荐,478万,56058元/平,低楼层 (共16层) 2室2厅 | 85.27平米 | 南,https://ke-image.ljcdn.com/110000-inspection/0fd67163-7d84-4105-9346-31657f37fae7_1000.jpg!m_fill,w_280,h_210,f_jpg?from=ke.com
20240307,海淀,海淀北部新区,101121289831,保利西山林语 三期南向一居 低楼层出入方便 精装自住,335万,68733元/平,底层 (共8层) | 2010年 | 1室1厅 | 48.74平米 | 南,https://ke-image.ljcdn.com/110000-inspection/0224459b-7d5e-467d-a60d-01ca29bdf822_1000.jpg!m_fill,w_280,h_210,f_jpg?from=ke.com
20240307,海淀,海淀北部新区,101121289405,凯盛家园 1室1厅 南,320万,53068元/平,底层 (共15层) | 2013年 | 1室1厅 | 60.3平米 | 南,https://ke-image.ljcdn.com/110000-inspection/pc1_QnlZ9szen.jpg!m_fill,w_280,h_210,f_jpg?from=ke.com
20240307,海淀,海淀北部新区,101121260637,环山村 621所生活区中间楼层,308万,52116元/平,中楼层 (共6层) 2室1厅 | 59.1平米 | 南,https://ke-image.ljcdn.com/110000-inspection/pc1_a3DZxvMRR.jpg!m_fill,w_280,h_210,f_jpg?from=ke.com
20240307,海淀,海淀北部新区,101121250631,新政策随时交流此房满五唯一看房随时,340万,55375元/平,底层 (共6层) 2室1厅 | 61.4平米 | 南 北,https://ke-image.ljcdn.com/110000-inspection/pc1_hKWXaXokS.jpg!m_fill,w_280,h_210,f_jpg?from=ke.com
20240307,海淀,海淀北部新区,101121231879,三嘉信苑 2室1厅 南 北,300万,47409元/平,高楼层 (共6层) 2室1厅 | 63.28平米 | 南 北,https://ke-image.ljcdn.com/110000-inspection/a85122d1-0ba5-4b8e-a287-34461aff4b58_1000.jpg!m_fill,w_280,h_210,f_jpg?from=ke.com
20240307,海淀,海淀北部新区,101121226844,凯盛家园 1室1厅 南,370万,61544元/平,中楼层 (共15层) 1室1厅 | 60.12平米 | 南,https://ke-image.ljcdn.com/110000-inspection/pc1_EEIhJbZjs.jpg!m_fill,w_280,h_210,f_jpg?from=ke.com
20240307,海淀,海淀北部新区,101121219603,北分厂 近地铁 楼层好 诚意出售 价格可谈,280万,55667元/平,中楼层 (共6层) | 1984年 | 2室1厅 | 50.3平米 | 东 北,https://ke-image.ljcdn.com/110000-inspection/d7b759ed-d3e9-4fd5-99d8-47198e99e7e4_1000.jpg!m_fill,w_280,h_210,f_jpg?from=ke.com
20240307,海淀,海淀北部新区,101121217170,中国铁建环保嘉苑 2室1厅 东,508万,56951元/平,底层 (共7层) 2室1厅 | 89.2平米 | 东,https://ke-image.ljcdn.com/110000-inspection/aff72668-0d69-47c3-8ad9-5f055259fd81_1000.jpg!m_fill,w_280,h_210,f_jpg?from=ke.com
20240307,海淀,海淀北部新区,101121215095,凯盛家园 1室1厅 南,380万,63134元/平,高楼层 (共15层) | 2013年 | 1室1厅 | 60.19平米 | 南,https://ke-image.ljcdn.com/110000-inspection/pc1_G5YKhepcL.jpg!m_fill,w_280,h_210,f_jpg?from=ke.com
20240307,海淀,海淀北部新区,101121193785,海淀北部新区  两居室  有电梯  燃气自采暖  商品房房主自荐,285万,44098元/平,中楼层 (共9层) | 2011年 | 2室1厅 | 64.63平米 | 东,https://ke-image.ljcdn.com/110000-inspection/9d49d3c8-0d8a-4493-93a0-82252b9996dc_1000.jpg!m_fill,w_280,h_210,f_jpg?from=ke.com
20240307,海淀,海淀北部新区,101121187887,保利西山林语 主打南向一居 高层采光视野好 诚意出售,350万,71678元/平,顶层 (共8层) | 2010年 | 1室1厅 | 48.83平米 | 南,https://ke-image.ljcdn.com/110000-inspection/fd46759f-1281-48d6-9678-1a2223b2065a_1000.jpg!m_fill,w_280,h_210,f_jpg?from=ke.com
20240307,海淀,海淀北部新区,101121186631,海淀嘉郡 3室1厅 南 北,490万,51374元/平,底层 (共16层) 3室1厅 | 95.38平米 | 南 北,https://ke-image.ljcdn.com/110000-inspection/977e2fdf-a404-44ce-961c-6de2b9a3a493_1000.jpg!m_fill,w_280,h_210,f_jpg?from=ke.com
20240307,海淀,海淀北部新区,101121155043,保利西山林语 三期三居室 精装修诚意出售,550万,60208元/平,顶层 (共8层) | 2010年 | 3室1厅 | 91.35平米 | 南 北,https://ke-image.ljcdn.com/110000-inspection/d8022356-92e2-4fd3-ab41-f68f3148cda7_1000.jpg!m_fill,w_280,h_210,f_jpg?from=ke.com
20240307,海淀,海淀北部新区,101121145729,凯盛家园 2室1厅 南 北,490万,61963元/平,高楼层 (共14层) 2室1厅 | 79.08平米 | 南 北,https://ke-image.ljcdn.com/110000-inspection/pc1_FcnnK2q3p.jpg!m_fill,w_280,h_210,f_jpg?from=ke.com
20240307,海淀,海淀北部新区,101121144367,西六砖瓦厂家属楼 2室1厅 西,326万,61685元/平,中楼层 (共6层) 2室1厅 | 52.85平米 | 西,https://ke-image.ljcdn.com/110000-inspection/pc1_QDkKDQ3pX.jpg!m_fill,w_280,h_210,f_jpg?from=ke.com
20240307,海淀,海淀北部新区,101121130429,首开凯盛家园 南向一居室 总价 低,298万,49850元/平,低楼层 (共15层) | 2013年 | 1室1厅 | 59.78平米 | 南,https://ke-image.ljcdn.com/110000-inspection/2609c6e4-d6ae-4809-bc44-03cbb8c0ce9c_1000.jpg!m_fill,w_280,h_210,f_jpg?from=ke.com
20240307,海淀,海淀北部新区,101121127033,凯盛家园 1室1厅 南,295万,49028元/平,底层 (共15层) 1室1厅 | 60.17平米 | 南,https://ke-image.ljcdn.com/110000-inspection/pc1_aZjkEKP7f.jpg!m_fill,w_280,h_210,f_jpg?from=ke.com
20240307,海淀,海淀北部新区,101121125802,永丰嘉园 东南2居室 采光视野开阔 高楼层,680万,68590元/平,高楼层 (共11层) | 2007年 | 2室1厅 | 99.14平米 | 东南,https://ke-image.ljcdn.com/110000-inspection/1be40c4f-60ed-495c-9b00-6dc87cf4acb6_1000.jpg!m_fill,w_280,h_210,f_jpg?from=ke.com
20240307,海淀,海淀北部新区,101121122949,海淀北部新区温泉凯盛家园电梯南北通透两居室看房方便,500万,64334元/平,中楼层 (共15层) | 2013年 | 2室1厅 | 77.72平米 | 南 北,https://ke-image.ljcdn.com/110000-inspection/pc1_qtM6qZKzW.jpg!m_fill,w_280,h_210,f_jpg?from=ke.com
20240307,海淀,海淀北部新区,101121119155,凯盛家园 2室1厅 南 北,498万,63643元/平,低楼层 (共15层) | 2013年 | 2室1厅 | 78.25平米 | 南 北,https://ke-image.ljcdn.com/110000-inspection/4bca56b1-490a-421f-8e0c-b634cc7d16a2_1000.jpg!m_fill,w_280,h_210,f_jpg?from=ke.com
20240307,海淀,海淀北部新区,101121114197,精装修可贷款带电梯南北通透,325万,48741元/平,低楼层 (共10层) | 2011年 | 2室1厅 | 66.68平米 | 南 北,https://ke-image.ljcdn.com/110000-inspection/pc1_fsfZRi6HY.jpg!m_fill,w_280,h_210,f_jpg?from=ke.com
20240307,海淀,海淀北部新区,101121109970,保利二期  中间楼层  南北双通透  业主诚意出售,660万,69562元/平,中楼层 (共8层) | 2010年 | 2室1厅 | 94.88平米 | 南 北,https://ke-image.ljcdn.com/110000-inspection/pc1_ASjmLhBCd.jpg!m_fill,w_280,h_210,f_jpg?from=ke.com
20240307,海淀,海淀北部新区,101121101331,海淀嘉郡 次新小区 中间位置 中间楼层 精装修没怎么住,488万,58542元/平,中楼层 (共11层) | 2016年 | 2室2厅 | 83.36平米 | 南,https://ke-image.ljcdn.com/110000-inspection/pc1_wGlzG0l2Y.jpg!m_fill,w_280,h_210,f_jpg?from=ke.com
20240307,海淀,海淀北部新区,101121095014,百旺府 2015年商品房 中间位置 落地窗 中间楼层房主自荐,918万,86580元/平,低楼层 (共7层) | 2015年 | 2室2厅 | 106.03平米 | 南 北,https://ke-image.ljcdn.com/110000-inspection/116c40fa-b054-43ca-a543-52cf104c4dc5_1000.jpg!m_fill,w_280,h_210,f_jpg?from=ke.com
20240307,海淀,海淀北部新区,101121080733,三嘉信苑 2室1厅 南 北房主自荐,285万,44982元/平,高楼层 (共6层) | 2011年 | 2室1厅 | 63.36平米 | 南 北,https://ke-image.ljcdn.com/110000-inspection/9baa87f3-7260-483a-8fa7-3eb4e0d05d79_1000.jpg!m_fill,w_280,h_210,f_jpg?from=ke.com
20240307,海淀,海淀北部新区,101121073894,满五唯一 南向 诚意出售 环境好 物业好 楼龄新,315万,47326元/平,底层 (共16层) 1室1厅 | 66.56平米 | 南,https://ke-image.ljcdn.com/110000-inspection/pc1_gdIcctKGt.jpg!m_fill,w_280,h_210,f_jpg?from=ke.com
20240307,海淀,海淀北部新区,101121067912,海淀嘉郡 2室1厅 南,420万,50403元/平,顶层 (共11层) 2室1厅 | 83.33平米 | 南,https://ke-image.ljcdn.com/110000-inspection/pc1_dqvHvsj3I_1.jpg!m_fill,w_280,h_210,f_jpg?from=ke.com
20240307,海淀,海淀北部新区,101121063705,1%服务费 三期全明格局一居室 精装修 高楼层房主自荐,345万,70567元/平,顶层 (共8层) | 2010年 | 1室1厅 | 48.89平米 | 西北,https://ke-image.ljcdn.com/110000-inspection/cfbc9b71-427b-491e-b6f2-e62fa976cff9_1000.jpg!m_fill,w_280,h_210,f_jpg?from=ke.com
20240307,海淀,海淀北部新区,101121058033,凯盛家园 1室1厅 南,345万,56884元/平,顶层 (共15层) 1室1厅 | 60.65平米 | 南,https://ke-image.ljcdn.com/110000-inspection/513d152b-44c0-4b1d-ab71-1a2b009bb788_1000.jpg!m_fill,w_280,h_210,f_jpg?from=ke.com
20240307,海淀,海淀北部新区,101121053919,海淀嘉郡 2室2厅 南,420万,49233元/平,中楼层 (共16层) 2室2厅 | 85.31平米 | 南,https://ke-image.ljcdn.com/110000-inspection/pc1_aWXdKOim8.jpg!m_fill,w_280,h_210,f_jpg?from=ke.com
20240307,海淀,海淀北部新区,101121048413,海淀 凯盛家园   满五唯一 商品房 无其它费用,340万,56348元/平,高楼层 (共15层) | 2013年 | 1室1厅 | 60.34平米 | 南,https://ke-image.ljcdn.com/110000-inspection/45684c48-9ac9-4ae9-ac37-17f48d65a789_1000.jpg!m_fill,w_280,h_210,f_jpg?from=ke.com
20240307,海淀,海淀北部新区,101121039611,上庄馨瑞嘉园 1室1厅 南 北,350万,51043元/平,中楼层 (共14层) | 2013年 | 1室1厅 | 68.57平米 | 南 北,https://ke-image.ljcdn.com/110000-inspection/9aa3096f-6a12-46af-b64e-41b2df94c02c_1000.jpg!m_fill,w_280,h_210,f_jpg?from=ke.com
20240307,海淀,海淀北部新区,101121028345,百旺府 新三区 次顶层 中间位置 中间楼层 两卧室朝南,1296万,93030元/平,中楼层 (共5层) | 2019年 | 3室2厅 | 139.31平米 | 南 北,https://ke-image.ljcdn.com/110000-inspection/37c0bbad-2848-4bc3-85d6-b34cd54f3893_1000.jpg!m_fill,w_280,h_210,f_jpg?from=ke.com
20240307,海淀,海淀北部新区,101121027828,海淀嘉郡 2室1厅 南,388万,45885元/平,底层 (共16层) | 2016年 | 2室1厅 | 84.56平米 | 南,https://ke-image.ljcdn.com/110000-inspection/pc1_TJpYMKBs1_1.jpg!m_fill,w_280,h_210,f_jpg?from=ke.com
20240307,海淀,海淀北部新区,101121026331,凯盛家园 1室1厅 南 北,350万,58765元/平,中楼层 (共15层) 1室1厅 | 59.56平米 | 南 北,https://ke-image.ljcdn.com/110000-inspection/6fdebc98-0ee9-4901-9152-c0c861b577f6_1000.jpg!m_fill,w_280,h_210,f_jpg?from=ke.com
20240307,海淀,海淀北部新区,101121020964,冠城大通百旺府 全明格局 南北通透大三居室,1150万,79834元/平,中楼层 (共6层) | 2012年 | 3室2厅 | 144.05平米 | 南 北,https://ke-image.ljcdn.com/110000-inspection/866e2285-79cc-4080-9c46-cff2dbd00783_1000.jpg!m_fill,w_280,h_210,f_jpg?from=ke.com
20240307,海淀,海淀北部新区,101121010440,北分厂 3室1厅 南 北,450万,65124元/平,顶层 (共6层) | 1986年 | 3室1厅 | 69.1平米 | 南 北,https://ke-image.ljcdn.com/110000-inspection/pc1_3LEjr7Tx6.jpg!m_fill,w_280,h_210,f_jpg?from=ke.com
20240307,海淀,海淀北部新区,101121006977,海淀满五唯一 三嘉信苑 电梯房,330万,49669元/平,高楼层 (共9层) | 2011年 | 2室1厅 | 66.44平米 | 东 西,https://ke-image.ljcdn.com/110000-inspection/9049d9f5-0504-4754-a73d-5612aa26ce3f_1000.jpg!m_fill,w_280,h_210,f_jpg?from=ke.com
20240307,海淀,海淀北部新区,101120996728,海淀北部新区 凯盛家园 精装两居室,495万,61667元/平,中楼层 (共15层) | 2013年 | 2室1厅 | 80.27平米 | 南 北,https://ke-image.ljcdn.com/110000-inspection/pc1_eg5ww6b6U.jpg!m_fill,w_280,h_210,f_jpg?from=ke.com
20240307,海淀,海淀北部新区,101120975956,环山村 满五唯一两居室 南北 通透明厨明卫看房方便,330万,53922元/平,中楼层 (共6层) 2室1厅 | 61.2平米 | 南 北,https://ke-image.ljcdn.com/110000-inspection/79b043d2-b0b1-4c4a-a296-9a75d96df9d0_1000.jpg!m_fill,w_280,h_210,f_jpg?from=ke.com
20240307,海淀,海淀北部新区,101120972573,凯盛二区高楼层南向一居室满五年唯一直观山景,345万,57309元/平,顶层 (共14层) | 2013年 | 1室1厅 | 60.2平米 | 南,https://ke-image.ljcdn.com/110000-inspection/956a0d4c-983a-48b9-abc9-bda0d37876de_1000.jpg!m_fill,w_280,h_210,f_jpg?from=ke.com
20240307,海淀,海淀北部新区,101120971041,凯盛家园 精装修南北通透两居中楼层带电梯 诚意出售,448万,57651元/平,低楼层 (共15层) | 2013年 | 2室1厅 | 77.71平米 | 南 北,https://ke-image.ljcdn.com/110000-inspection/f7aebfab-a0e4-4c86-b66f-4132dd69566b_1000.jpg!m_fill,w_280,h_210,f_jpg?from=ke.com
20240307,海淀,海淀北部新区,101120967408,凯盛家园  南向一居室  看房方便,316万,52310元/平,低楼层 (共15层) | 2013年 | 1室1厅 | 60.41平米 | 南,https://ke-image.ljcdn.com/110000-inspection/43f65a4d-5360-4615-8a6d-1a5d9bb03e07_1000.jpg!m_fill,w_280,h_210,f_jpg?from=ke.com
20240307,海淀,海淀北部新区,101120966895,凯盛家园  满五唯一  环保园  中高楼层,476万,60537元/平,高楼层 (共15层) 2室1厅 | 78.63平米 | 南 北,https://ke-image.ljcdn.com/110000-inspection/pc1_ivAQGrYnS.jpg!m_fill,w_280,h_210,f_jpg?from=ke.com
20240307,海淀,海淀北部新区,101120966454,二期南排精装修直观山景  南北双通透带明位,630万,65036元/平,中楼层 (共8层) | 2010年 | 2室1厅 | 96.87平米 | 南 北,https://ke-image.ljcdn.com/110000-inspection/92ee10eb-8583-4452-9368-e2f0a2ad7f1f_1000.jpg!m_fill,w_280,h_210,f_jpg?from=ke.com
20240307,海淀,海淀北部新区,101120964150,凯盛家园 1室1厅 南,330万,54700元/平,低楼层 (共15层) 1室1厅 | 60.33平米 | 南,https://ke-image.ljcdn.com/110000-inspection/pc1_7DFa2nHIC.jpg!m_fill,w_280,h_210,f_jpg?from=ke.com
20240307,海淀,海淀北部新区,101120959888,三嘉信苑 2室1厅 南 北,338万,48432元/平,中楼层 (共9层) | 2011年 | 2室1厅 | 69.79平米 | 南 北,https://ke-image.ljcdn.com/110000-inspection/pc1_zssIQo7CH_1.jpg!m_fill,w_280,h_210,f_jpg?from=ke.com
20240307,海淀,海淀北部新区,101120948979,百旺府三区2015年商品房一梯两户。全明格局,856万,81023元/平,底层 (共9层) | 2015年 | 2室2厅 | 105.65平米 | 南 北,https://ke-image.ljcdn.com/110000-inspection/pc1_GQFCc4rDI.jpg!m_fill,w_280,h_210,f_jpg?from=ke.com
20240307,海淀,海淀北部新区,101120941403,馨瑞嘉园 楼栋位置居中 紧挨花园 楼层优质,350万,51043元/平,高楼层 (共14层) | 2013年 | 1室1厅 | 68.57平米 | 南,https://ke-image.ljcdn.com/110000-inspection/1ca1f0b4-a66c-4601-875d-781bbbe31f9b_1000.jpg!m_fill,w_280,h_210,f_jpg?from=ke.com
20240307,海淀,海淀北部新区,101120921826,西山林语三居室  高楼层 精装修 满五唯一 视野无遮挡,670万,73041元/平,中楼层 (共8层) | 2010年 | 3室1厅 | 91.73平米 | 东南,https://ke-image.ljcdn.com/110000-inspection/pc1_hrfYAqMMj.jpg!m_fill,w_280,h_210,f_jpg?from=ke.com
20240307,海淀,海淀北部新区,101120920662,三嘉信苑 2室1厅 南 北,330万,53004元/平,中楼层 (共6层) | 2011年 | 2室1厅 | 62.26平米 | 南 北,https://ke-image.ljcdn.com/110000-inspection/pc1_SGrRyXJyf.jpg!m_fill,w_280,h_210,f_jpg?from=ke.com
20240307,海淀,海淀北部新区,101120912367,上庄馨瑞嘉园  满五唯一 简装 看房方便 业主诚意出售,286万,42302元/平,低楼层 (共16层) | 2013年 | 2室1厅 | 67.61平米 | 南,https://ke-image.ljcdn.com/110000-inspection/pc1_mvXGYRCDJ.jpg!m_fill,w_280,h_210,f_jpg?from=ke.com
20240307,海淀,海淀北部新区,101120901106,海淀北部 海淀嘉郡小区 有储藏室   精装修两居室 诚售房主自荐,380万,47412元/平,底层 (共16层) 2室1厅 | 80.15平米 | 南 北,https://ke-image.ljcdn.com/110000-inspection/ef290038-9e85-4cd5-b3e6-d0f4f3e7d10f_1000.jpg!m_fill,w_280,h_210,f_jpg?from=ke.com
20240307,海淀,海淀北部新区,101120886890,保利三期 直通车库 主力户型 中间楼层 诚意出售,568万,62846元/平,低楼层 (共8层) | 2010年 | 2室1厅 | 90.38平米 | 南 北,https://ke-image.ljcdn.com/110000-inspection/2a5d9883-8e00-4908-82ce-3903e937e4a3_1000.jpg!m_fill,w_280,h_210,f_jpg?from=ke.com
20240307,海淀,海淀北部新区,101120886866,中国铁建环保嘉苑 2室1厅 南 北,610万,64942元/平,低楼层 (共9层) | 2015年 | 2室1厅 | 93.93平米 | 南 北,https://ke-image.ljcdn.com/110000-inspection/pc1_hbjSCS8T2.jpg!m_fill,w_280,h_210,f_jpg?from=ke.com
20240307,海淀,海淀北部新区,101120885803,海淀区 商品房 正规两居 南北通透 次顶层 采光视野好,319万,50395元/平,高楼层 (共6层) | 2011年 | 2室1厅 | 63.3平米 | 南 北,https://ke-image.ljcdn.com/110000-inspection/d1a59597-d397-4851-ab7c-1ac985319cda_1000.jpg!m_fill,w_280,h_210,f_jpg?from=ke.com
20240307,海淀,海淀北部新区,101120875510,三嘉信苑 2室1厅 东南,335万,52508元/平,中楼层 (共6层) | 2011年 | 2室1厅 | 63.8平米 | 东南,https://ke-image.ljcdn.com/110000-inspection/4e38b2dc-3bfc-494b-a6dc-270d862ae340_1000.jpg!m_fill,w_280,h_210,f_jpg?from=ke.com
20240307,海淀,海淀北部新区,101120857997,精装修两居室双阳台 层高2.9米随时看适合贷款,630万,67940元/平,顶层 (共8层) | 2010年 | 2室1厅 | 92.73平米 | 南 北,https://ke-image.ljcdn.com/110000-inspection/697c4e75-efc1-4dee-b0cc-9365930ea67f_1000.jpg!m_fill,w_280,h_210,f_jpg?from=ke.com
20240307,海淀,海淀北部新区,101120842955,环山村 中间三层 南北通透 满五唯一房主自荐,325万,53105元/平,中楼层 (共6层) 2室1厅 | 61.2平米 | 南 北,https://ke-image.ljcdn.com/110000-inspection/pc1_m9PFjFY5u.jpg!m_fill,w_280,h_210,f_jpg?from=ke.com
20240307,海淀,海淀北部新区,101120810541,海淀北部新区  三嘉信苑  有电梯  两居室,338万,52033元/平,低楼层 (共9层) | 2011年 | 2室1厅 | 64.96平米 | 南,https://ke-image.ljcdn.com/110000-inspection/3ad1aec2-967d-41c1-a30f-0b5d65c54a90_1000.jpg!m_fill,w_280,h_210,f_jpg?from=ke.com
20240307,海淀,海淀北部新区,101120808387,海淀嘉郡 满五唯一 中间层 中间位置 采光好视野好,420万,49570元/平,中楼层 (共16层) 2室1厅 | 84.73平米 | 南,https://ke-image.ljcdn.com/110000-inspection/pc1_McPLvcyfg.jpg!m_fill,w_280,h_210,f_jpg?from=ke.com
20240307,海淀,海淀北部新区,101120791690,海淀嘉郡 2室1厅 南,445万,49572元/平,顶层 (共16层) 2室1厅 | 89.77平米 | 南,https://ke-image.ljcdn.com/110000-inspection/1a49e7c6-68a1-4059-9ca1-e36849cd173c_1000.jpg!m_fill,w_280,h_210,f_jpg?from=ke.com
20240307,海淀,海淀北部新区,101120787293,凯盛家园 2室1厅 南 北,445万,55961元/平,底层 (共14层) 2室1厅 | 79.52平米 | 南 北,https://ke-image.ljcdn.com/110000-inspection/pc1_vknS0h5bq.jpg!m_fill,w_280,h_210,f_jpg?from=ke.com
20240307,海淀,海淀北部新区,101120786233,恒湿恒温 高楼层 采光和视野好 诚意出售 有车位,2400万,112677元/平,高楼层 (共25层) 4室2厅 | 213平米 | 南 北,https://ke-image.ljcdn.com/110000-inspection/dd32d71c-a4ed-403f-b83c-a3acac34e2d8_1000.jpg!m_fill,w_280,h_210,f_jpg?from=ke.com
20240307,海淀,海淀北部新区,101120768273,海淀嘉郡 2室1厅 南 北,390万,49002元/平,顶层 (共16层) 2室1厅 | 79.59平米 | 南 北,https://ke-image.ljcdn.com/110000-inspection/pc1_4Ucvmwm7Z_1.jpg!m_fill,w_280,h_210,f_jpg?from=ke.com
20240307,海淀,海淀北部新区,101120749385,北部新区环保嘉苑不临街不把边满五唯一全南两居,515万,58357元/平,低楼层 (共9层) | 2015年 | 2室1厅 | 88.25平米 | 南,https://ke-image.ljcdn.com/110000-inspection/pc1_RgYhAq5zi.jpg!m_fill,w_280,h_210,f_jpg?from=ke.com
20240307,海淀,海淀北部新区,101120732695,海淀嘉郡南北通透精装修看房方便诚意出售。房主自荐,399万,50088元/平,中楼层 (共16层) 2室1厅 | 79.66平米 | 南 北,https://ke-image.ljcdn.com/110000-inspection/d6eedcd4-b9e7-44d8-bed6-0c30188f8a32_1000.jpg!m_fill,w_280,h_210,f_jpg?from=ke.com
20240307,海淀,海淀北部新区,101120730504,满五唯一 全南向 阳光充足 有电梯房主自荐,430万,50948元/平,低楼层 (共16层) 2室1厅 | 84.4平米 | 南 北,https://ke-image.ljcdn.com/110000-inspection/73ec0854-2359-48ef-b001-25e6db4fd6ff_1000.jpg!m_fill,w_280,h_210,f_jpg?from=ke.com
20240307,海淀,海淀北部新区,101120718252,满五唯一 采光好 中间楼层 楼龄新 环境好,435万,51340元/平,低楼层 (共16层) 2室1厅 | 84.73平米 | 南,https://ke-image.ljcdn.com/110000-inspection/d7277947-40a6-4ea5-b4a8-0b2bab16cc85_1000.jpg!m_fill,w_280,h_210,f_jpg?from=ke.com
20240307,海淀,海淀北部新区,101120703582,海淀嘉郡 中间位置 中高楼层 方正三居房主自荐,499万,51996元/平,高楼层 (共16层) | 2016年 | 3室2厅 | 95.97平米 | 南 北,https://ke-image.ljcdn.com/110000-inspection/139f9c21-a6b4-48b7-b14b-6a06d584066b_1000.jpg!m_fill,w_280,h_210,f_jpg?from=ke.com
20240307,海淀,海淀北部新区,101120690305,保利西山林语 南北大三居 通透 通车库房主自荐,846万,58205元/平,低楼层 (共8层) | 2009年 | 3室2厅 | 145.35平米 | 南 北,https://ke-image.ljcdn.com/110000-inspection/0638c02e-e5a1-490c-ba60-7fe05ac24b26_1000.jpg!m_fill,w_280,h_210,f_jpg?from=ke.com
20240307,海淀,海淀北部新区,101120687362,此房满五唯一大阳台视野宽阔采光充足,450万,53010元/平,顶层 (共16层) 2室1厅 | 84.89平米 | 南,https://ke-image.ljcdn.com/110000-inspection/cba893bf-40d3-439b-bda9-bec3a1681320_1000.jpg!m_fill,w_280,h_210,f_jpg?from=ke.com
20240307,海淀,海淀北部新区,101120681241,急售房源海淀中铁环保嘉苑 南北通透 户型方正 位置好房主自荐,618万,56729元/平,中楼层 (共9层) | 2015年 | 3室2厅 | 108.94平米 | 南 北 东,https://ke-image.ljcdn.com/110000-inspection/94487395-a08a-4fe3-9dbe-7ee7e12f3278_1000.jpg!m_fill,w_280,h_210,f_jpg?from=ke.com
20240307,海淀,海淀北部新区,101120677779,北分厂 3室1厅 南 北,455万,56173元/平,底层 (共4层) 3室1厅 | 81平米 | 南 北,https://ke-image.ljcdn.com/110000-inspection/pc1_4BRWtdIbv.jpg!m_fill,w_280,h_210,f_jpg?from=ke.com
20240307,海淀,海淀北部新区,101120637052,1%服务费 南北通透中间楼层无遮挡采光好视野棒房主自荐,580万,61513元/平,低楼层 (共7层) | 2009年 | 3室1厅 | 94.29平米 | 南 北,https://ke-image.ljcdn.com/110000-inspection/pc1_zfX6xfI36.jpg!m_fill,w_280,h_210,f_jpg?from=ke.com
20240307,海淀,海淀北部新区,101120629102,三嘉信苑 商品房 满五唯一 仅契税 中间层 精装修,285万,45506元/平,中楼层 (共6层) 2室1厅 | 62.63平米 | 南 北,https://ke-image.ljcdn.com/110000-inspection/660fb558-e5c2-424c-979d-fbc34eab5049_1000.jpg!m_fill,w_280,h_210,f_jpg?from=ke.com
20240307,海淀,海淀北部新区,101120626528,采光充足  视野宽阔  楼层俱佳  价格可谈  看房方便,408万,50715元/平,高楼层 (共16层) 2室1厅 | 80.45平米 | 南 北,https://ke-image.ljcdn.com/110000-inspection/pc1_YYdZoAHZc.jpg!m_fill,w_280,h_210,f_jpg?from=ke.com
20240307,海淀,海淀北部新区,101120616602,诚售 满五唯一海淀产权 馨瑞嘉园大两居,389万,44904元/平,中楼层 (共16层) | 2013年 | 2室1厅 | 86.63平米 | 南 北,https://ke-image.ljcdn.com/110000-inspection/2bd71a7c-cd21-4146-8663-9ff12d68ed40_1000.jpg!m_fill,w_280,h_210,f_jpg?from=ke.com
20240307,海淀,海淀北部新区,101120601188,海淀区中铁环保嘉苑 一层 出行方便 东西通透 满五唯一,488万,55455元/平,底层 (共7层) 2室1厅 | 88平米 | 东 西,https://ke-image.ljcdn.com/110000-inspection/pc1_I4paR5Mqz.jpg!m_fill,w_280,h_210,f_jpg?from=ke.com
20240307,海淀,海淀北部新区,101120588752,三嘉信苑 商品房 中间层 南北通透 正规两居,299万,48025元/平,中楼层 (共6层) | 2011年 | 2室1厅 | 62.26平米 | 南 北,https://ke-image.ljcdn.com/110000-inspection/b817d279-e091-4929-81bd-f88f2db2f5a2_1000.jpg!m_fill,w_280,h_210,f_jpg?from=ke.com
20240307,海淀,海淀北部新区,101120575915,凯盛家园 1室1厅 南,350万,58627元/平,低楼层 (共15层) | 2013年 | 1室1厅 | 59.7平米 | 南,https://ke-image.ljcdn.com/110000-inspection/pc1_Y16AatRyY.jpg!m_fill,w_280,h_210,f_jpg?from=ke.com
20240307,海淀,海淀北部新区,101120573350,商品房 低楼层 教师楼 业主诚意出售 价格可谈,413万,60745元/平,低楼层 (共6层) | 2000年 | 2室1厅 | 67.99平米 | 南 北,https://ke-image.ljcdn.com/110000-inspection/pc1_bamc4dvT9.jpg!m_fill,w_280,h_210,f_jpg?from=ke.com
20240307,海淀,海淀北部新区,101120523790,西六砖瓦厂家属楼 2室1厅 南 北,306万,53874元/平,中楼层 (共4层) | 1979年 | 2室1厅 | 56.8平米 | 南 北,https://ke-image.ljcdn.com/110000-inspection/pc1_V8O2fdCgY.jpg!m_fill,w_280,h_210,f_jpg?from=ke.com
20240307,海淀,海淀北部新区,101120493058,海淀温泉镇低价三居室 南北通透 低楼层,370万,53546元/平,低楼层 (共6层) 3室1厅 | 69.1平米 | 南 北,https://ke-image.ljcdn.com/110000-inspection/pc1_hTZJRhPSf.jpg!m_fill,w_280,h_210,f_jpg?from=ke.com
20240307,海淀,海淀北部新区,101120475304,高楼层视野好 环境好 商品房价格  满五年家庭唯一,310万,45676元/平,高楼层 (共16层) 1室1厅 | 67.87平米 | 南,https://ke-image.ljcdn.com/110000-inspection/c717ace9-2c3c-4198-b8f0-3a6cf76db48c_1000.jpg!m_fill,w_280,h_210,f_jpg?from=ke.com
20240307,海淀,海淀北部新区,101120474192,凯盛二区高楼层南向一居室满五年唯一直观山景,342万,56679元/平,高楼层 (共15层) 1室1厅 | 60.34平米 | 南,https://ke-image.ljcdn.com/110000-inspection/e356451d-5e31-4a77-9a3b-29911330df56_1000.jpg!m_fill,w_280,h_210,f_jpg?from=ke.com
20240307,海淀,海淀北部新区,101120444509,保利西山林语 2室1厅 南 北,630万,69285元/平,中楼层 (共8层) | 2010年 | 2室1厅 | 90.93平米 | 南 北,https://ke-image.ljcdn.com/110000-inspection/pc1_IFFYfU5cD.jpg!m_fill,w_280,h_210,f_jpg?from=ke.com
20240307,海淀,海淀北部新区,101120427069,三嘉信苑 海淀产权 一梯两户 满五唯一 南北通透,299万,47251元/平,中楼层 (共6层) 2室1厅 | 63.28平米 | 南 北,https://ke-image.ljcdn.com/110000-inspection/pc1_oHfLMhTO0.jpg!m_fill,w_280,h_210,f_jpg?from=ke.com
20240307,海淀,海淀北部新区,101120410312,西山林场家属院三居南北通透精装修直接入住,378万,57887元/平,中楼层 (共4层) | 1986年 | 3室1厅 | 65.3平米 | 南 北,https://ke-image.ljcdn.com/110000-inspection/51b3ada8-82d8-49db-b825-90e95b2d8e90_1000.jpg!m_fill,w_280,h_210,f_jpg?from=ke.com
20240307,海淀,海淀北部新区,101120357736,海淀上郡 2021年 万科物业 有电梯 精装修 交通方便,430万,47949元/平,底层 (共21层) 2室1厅 | 89.68平米 | 南,https://ke-image.ljcdn.com/110000-inspection/f5dd4900-996c-4ec8-b5e6-1520b0e6c559_1000.jpg!m_fill,w_280,h_210,f_jpg?from=ke.com
20240307,海淀,海淀北部新区,101120337108,保利西山林语 2室1厅 南 北,630万,70549元/平,中楼层 (共8层) 2室1厅 | 89.3平米 | 南 北,https://ke-image.ljcdn.com/110000-inspection/pc1_BbI4DUGCK.jpg!m_fill,w_280,h_210,f_jpg?from=ke.com
20240307,海淀,海淀北部新区,101120333264,诚售21年小区海淀上郡 高楼层 精装修,318万,48109元/平,中楼层 (共21层) 1室1厅 | 66.1平米 | 西,https://ke-image.ljcdn.com/110000-inspection/pc1_D2vgwVEZX.jpg!m_fill,w_280,h_210,f_jpg?from=ke.com
20240307,海淀,海淀北部新区,101120312531,海淀嘉郡南北通透中高采光好户型好参考户型图。房主自荐,540万,56801元/平,高楼层 (共16层) 3室2厅 | 95.07平米 | 南 北,https://ke-image.ljcdn.com/110000-inspection/pc1_w7wOrpbFV.jpg!m_fill,w_280,h_210,f_jpg?from=ke.com
20240307,海淀,海淀北部新区,101120294327,海淀嘉郡 2室1厅 南 北,410万,51418元/平,中楼层 (共16层) 2室1厅 | 79.74平米 | 南 北,https://ke-image.ljcdn.com/110000-inspection/7e98a731-7a16-4663-a3c2-ad6d7d9c6fbb_1000.jpg!m_fill,w_280,h_210,f_jpg?from=ke.com
20240307,海淀,海淀北部新区,101120260068,纯南向两居室 低楼层 物业负责 八毛物业费 价格可谈房主自荐,320万,61303元/平,中楼层 (共4层) | 1982年 | 2室1厅 | 52.2平米 | 南,https://ke-image.ljcdn.com/110000-inspection/26000c76-1a3e-4bbd-94fa-88ecfbb5705d_1000.jpg!m_fill,w_280,h_210,f_jpg?from=ke.com
20240307,海淀,海淀北部新区,101120256504,保利·西山林语  小区中间位置 精装修 南北通透两居室房主自荐,535万,59498元/平,顶层 (共8层) | 2011年 | 2室1厅 | 89.92平米 | 南 北,https://ke-image.ljcdn.com/110000-inspection/pc1_w8JYaoVMe.jpg!m_fill,w_280,h_210,f_jpg?from=ke.com
20240307,海淀,海淀北部新区,101120254403,海淀嘉郡 商品房 万科物业 南北通透 中间层 满五唯一,440万,55201元/平,低楼层 (共16层) | 2016年 | 2室1厅 | 79.71平米 | 南 北,https://ke-image.ljcdn.com/110000-inspection/f3f00e5e-9719-4d53-86f8-39917a6afdcf_1000.jpg!m_fill,w_280,h_210,f_jpg?from=ke.com
20240307,海淀,海淀北部新区,101120246379,海淀北部新区三嘉信苑现在是商品房房本房主自荐,265万,72385元/平,中楼层 (共6层) | 2011年 | 1室1厅 | 36.61平米 | 西,https://ke-image.ljcdn.com/110000-inspection/b0a9a790-9fb7-4c49-a55c-d08016b95cdc_1000.jpg!m_fill,w_280,h_210,f_jpg?from=ke.com
20240307,海淀,海淀北部新区,101120216201,北分厂 3室2厅 南 北,540万,63906元/平,顶层 (共6层) 3室2厅 | 84.5平米 | 南 北,https://ke-image.ljcdn.com/110000-inspection/bb3d78f1-9330-458f-bda1-dbcf8aa4db4b_1000.jpg!m_fill,w_280,h_210,f_jpg?from=ke.com
20240307,海淀,海淀北部新区,101120209206,保利西山林语  视野好 小区好位置 不临街,326万,67537元/平,顶层 (共8层) | 2010年 | 1室1厅 | 48.27平米 | 南,https://ke-image.ljcdn.com/110000-inspection/a977ccf5-7dc3-4804-9e7f-6ba12a07d1fd_1000.jpg!m_fill,w_280,h_210,f_jpg?from=ke.com
20240307,海淀,海淀北部新区,101120196225,保利西山林语  东南三居室  博洛尼整装  业主诚意出售,580万,63493元/平,中楼层 (共8层) 3室1厅 | 91.35平米 | 东南,https://ke-image.ljcdn.com/110000-inspection/pc1_l2UtlRBUZ.jpg!m_fill,w_280,h_210,f_jpg?from=ke.com
20240307,海淀,海淀北部新区,101120107224,海淀嘉郡 2室1厅 南房主自荐,436万,48656元/平,低楼层 (共16层) 2室1厅 | 89.61平米 | 南,https://ke-image.ljcdn.com/110000-inspection/pc1_ILVRpVC6u.jpg!m_fill,w_280,h_210,f_jpg?from=ke.com
20240307,海淀,海淀北部新区,101120012918,海淀嘉郡 满五唯一 南北通透 采光好,490万,54983元/平,高楼层 (共16层) | 2016年 | 3室1厅 | 89.12平米 | 东 南 北,https://ke-image.ljcdn.com/110000-inspection/pc1_hnm9nbglc.jpg!m_fill,w_280,h_210,f_jpg?from=ke.com
20240307,海淀,海淀北部新区,101119967102,永丰嘉园五区一居室诚意出售稳定签约随时看房,485万,69684元/平,中楼层 (共11层) | 2007年 | 1室1厅 | 69.6平米 | 西,https://ke-image.ljcdn.com/110000-inspection/pc1_MdOv0YBB7.jpg!m_fill,w_280,h_210,f_jpg?from=ke.com
20240307,海淀,海淀北部新区,101119966318,北京温泉北京分析仪器厂家属宿舍,326万,57802元/平,中楼层 (共5层) | 1965年 | 2室1厅 | 56.4平米 | 南 北,https://ke-image.ljcdn.com/110000-inspection/pc1_RV5w6ie4i.jpg!m_fill,w_280,h_210,f_jpg?from=ke.com
20240307,海淀,海淀北部新区,101119963398,靠谱签约  价格能谈 可以贷款 周末看房方便,299万,43599元/平,低楼层 (共16层) | 2013年 | 1室1厅 | 68.58平米 | 南,https://ke-image.ljcdn.com/110000-inspection/2d3129c8-d232-4fd1-892f-2c3b6fc7c4dc_1000.jpg!m_fill,w_280,h_210,f_jpg?from=ke.com
20240307,海淀,海淀北部新区,101119948838,三嘉信苑南北通透正规两居室中间楼层看房方便,290万,46304元/平,低楼层 (共6层) | 2011年 | 2室1厅 | 62.63平米 | 南 北,https://ke-image.ljcdn.com/110000-inspection/pc1_iQ25PqgPN_1.jpg!m_fill,w_280,h_210,f_jpg?from=ke.com
20240307,海淀,海淀北部新区,101119919062,海淀北部新区  五环外   上庄馨瑞嘉园  南向一居室,385万,54899元/平,中楼层 (共15层) 1室1厅 | 70.13平米 | 南,https://ke-image.ljcdn.com/110000-inspection/pc1_bNBwv583c.jpg!m_fill,w_280,h_210,f_jpg?from=ke.com
20240307,海淀,海淀北部新区,101119890444,海淀北环保园区内婚房装修两居室满五年唯一,570万,62803元/平,中楼层 (共7层) 2室2厅 | 90.76平米 | 南 北,https://ke-image.ljcdn.com/110000-inspection/pc1_AifxKaESW.jpg!m_fill,w_280,h_210,f_jpg?from=ke.com
20240307,海淀,海淀北部新区,101119879270,北分厂中间楼层两居室 换房 海淀北部新区 地铁16号线,325万,57421元/平,中楼层 (共4层) 2室1厅 | 56.6平米 | 南 北,https://ke-image.ljcdn.com/110000-inspection/pc1_dI7I0KZo8.jpg!m_fill,w_280,h_210,f_jpg?from=ke.com
20240307,海淀,海淀北部新区,101119857652,北分厂 2室1厅 南 北,330万,58304元/平,顶层 (共4层) 2室1厅 | 56.6平米 | 南 北,https://ke-image.ljcdn.com/110000-inspection/6e438187-005c-437e-8db7-8bd7cd7af32f_1000.jpg!m_fill,w_280,h_210,f_jpg?from=ke.com
20240307,海淀,海淀北部新区,101119857259,海淀嘉郡 2室1厅 南 北,448万,55701元/平,高楼层 (共16层) 2室1厅 | 80.43平米 | 南 北,https://ke-image.ljcdn.com/110000-inspection/4e80d854-5609-4457-bd17-647aa81d4886_1000.jpg!m_fill,w_280,h_210,f_jpg?from=ke.com
20240307,海淀,海淀北部新区,101119850726,上庄馨瑞嘉园 1室1厅 南,365万,53891元/平,高楼层 (共16层) | 2013年 | 1室1厅 | 67.73平米 | 南,https://ke-image.ljcdn.com/110000-inspection/pc1_vmO7BkfC5.jpg!m_fill,w_280,h_210,f_jpg?from=ke.com
20240307,海淀,海淀北部新区,101119846087,保利西山林语 2室1厅 南 北,565万,62170元/平,中楼层 (共8层) | 2010年 | 2室1厅 | 90.88平米 | 南 北,https://ke-image.ljcdn.com/110000-inspection/643810de-2be5-461d-8629-ae35fabaa3a3_1000.jpg!m_fill,w_280,h_210,f_jpg?from=ke.com
20240307,海淀,海淀北部新区,101119827538,海淀北部 满五年家庭唯一有电梯 中间楼层 通透性好,338万,48648元/平,中楼层 (共9层) | 2011年 | 2室1厅 | 69.48平米 | 东 西,https://ke-image.ljcdn.com/110000-inspection/pc1_ziYA59ybr_1.jpg!m_fill,w_280,h_210,f_jpg?from=ke.com
20240307,海淀,海淀北部新区,101119791462,凯盛家园 1室1厅 南 北房主自荐,330万,54955元/平,高楼层 (共15层) | 2013年 | 1室1厅 | 60.05平米 | 南 北,https://ke-image.ljcdn.com/110000-inspection/c1bced2a-ee87-4b70-9f1c-10b678bdb435_1000.jpg!m_fill,w_280,h_210,f_jpg?from=ke.com
20240307,海淀,海淀北部新区,101119790837,海淀北部新区  五环外  海淀嘉郡  楼龄新  物业好,405万,50392元/平,顶层 (共16层) 2室1厅 | 80.37平米 | 南 北,https://ke-image.ljcdn.com/110000-inspection/pc1_r74SvEYc0.jpg!m_fill,w_280,h_210,f_jpg?from=ke.com
20240307,海淀,海淀北部新区,101119769270,首创天阅西山中间楼层不临街不把边采光视野好,1740万,96341元/平,中楼层 (共25层) 4室2厅 | 180.61平米 | 南 北,https://ke-image.ljcdn.com/110000-inspection/283aced9-64da-45ea-bd58-083391b7523f_1000.jpg!m_fill,w_280,h_210,f_jpg?from=ke.com
20240307,海淀,海淀北部新区,101119757707,南北通透  满五年  中间位置  业主诚售  看房方便房主自荐,328万,59745元/平,底层 (共4层) | 1983年 | 2室1厅 | 54.9平米 | 南 北,https://ke-image.ljcdn.com/110000-inspection/1837bc80-3757-4607-9c4b-c07e991deb65_1000.jpg!m_fill,w_280,h_210,f_jpg?from=ke.com
20240307,海淀,海淀北部新区,101119756819,海淀北部新区 五环外  小户型  这种房源少,240万,65556元/平,底层 (共6层) | 2011年 | 1室0厅 | 36.61平米 | 西,https://ke-image.ljcdn.com/110000-inspection/pc1_zWF6O52fY.jpg!m_fill,w_280,h_210,f_jpg?from=ke.com
20240307,海淀,海淀北部新区,101119717259,30万精装修 满五唯一两居室 配套齐全 客厅两面采光,428万,55643元/平,高楼层 (共6层) 2室1厅 | 76.92平米 | 西南 北,https://ke-image.ljcdn.com/110000-inspection/pc1_nvS4rkXd4.jpg!m_fill,w_280,h_210,f_jpg?from=ke.com
20240307,海淀,海淀北部新区,101119700303,凯盛家园一区电梯次顶层南向一居室满五唯一,350万,58150元/平,高楼层 (共15层) | 2013年 | 1室1厅 | 60.19平米 | 南,https://ke-image.ljcdn.com/110000-inspection/f6dfbfd0-6c70-4a84-9827-ba4198a263e8_1000.jpg!m_fill,w_280,h_210,f_jpg?from=ke.com
20240307,海淀,海淀北部新区,101119689434,海淀北部新区 70年商品房 正源尚峰尚水 南北通透住宅,690万,64680元/平,高楼层 (共9层) | 2012年 | 2室1厅 | 106.68平米 | 南 北,https://ke-image.ljcdn.com/110000-inspection/pc1_O80vJ4F2O.jpg!m_fill,w_280,h_210,f_jpg?from=ke.com
20240307,海淀,海淀北部新区,101119685001,馨瑞嘉园商品房位置好诚意出售2部电梯4户。房主自荐,315万,46013元/平,低楼层 (共13层) | 2013年 | 1室1厅 | 68.46平米 | 南,https://ke-image.ljcdn.com/110000-inspection/pc1_WYHY6yk7G.jpg!m_fill,w_280,h_210,f_jpg?from=ke.com
20240307,海淀,海淀北部新区,101119682856,环保园区内全东向两居中间楼层方正户型观景房房主自荐,500万,56054元/平,中楼层 (共7层) | 2015年 | 3室1厅 | 89.2平米 | 东,https://ke-image.ljcdn.com/110000-inspection/pc1_8yoQssYFx.jpg!m_fill,w_280,h_210,f_jpg?from=ke.com
20240307,海淀,海淀北部新区,101119637363,上庄馨瑞嘉园 1室1厅 南,303万,44182元/平,低楼层 (共16层) 1室1厅 | 68.58平米 | 南,https://ke-image.ljcdn.com/110000-inspection/pc1_OWncsNAk0.jpg!m_fill,w_280,h_210,f_jpg?from=ke.com
20240307,海淀,海淀北部新区,101119610749,保利三期 主打南向一居 中高楼层 精装修 看房方便,355万,72836元/平,中楼层 (共8层) 1室1厅 | 48.74平米 | 南,https://ke-image.ljcdn.com/110000-inspection/pc1_SKNVKokEs.jpg!m_fill,w_280,h_210,f_jpg?from=ke.com
20240307,海淀,海淀北部新区,101119581226,保利西山林语   精装三居室  业主诚意出售,595万,62285元/平,中楼层 (共8层) | 2010年 | 3室1厅 | 95.53平米 | 南 北,https://ke-image.ljcdn.com/110000-inspection/8d7ee8c8-16e3-4c10-acba-45db308c940a_1000.jpg!m_fill,w_280,h_210,f_jpg?from=ke.com
20240307,海淀,海淀北部新区,101119544918,中间楼层  满五唯一  海淀产权 南北通透,312万,49290元/平,中楼层 (共6层) | 2011年 | 2室1厅 | 63.3平米 | 南 北,https://ke-image.ljcdn.com/110000-inspection/d6bc67c4-3740-4912-8c10-401ac7a3c968_1000.jpg!m_fill,w_280,h_210,f_jpg?from=ke.com
20240307,海淀,海淀北部新区,101119519451,此房是满五年唯一南北通透精装修低楼层,355万,59866元/平,高楼层 (共15层) 1室1厅 | 59.3平米 | 南 北,https://ke-image.ljcdn.com/110000-inspection/c32bff90-b851-42d5-85e7-f4ee9f2f680a_1000.jpg!m_fill,w_280,h_210,f_jpg?from=ke.com
20240307,海淀,海淀北部新区,101119505002,环保嘉苑 全明三居室 凯盛旁 小区楼龄新 看房方便,638万,58565元/平,低楼层 (共9层) | 2015年 | 3室1厅 | 108.94平米 | 东 南 北,https://ke-image.ljcdn.com/110000-inspection/pc1_phpZtoryC.jpg!m_fill,w_280,h_210,f_jpg?from=ke.com
20240307,海淀,海淀北部新区,101119456596,冠城大通百旺府 3室2厅 南 北,1076万,89059元/平,顶层 (共6层) | 2015年 | 3室2厅 | 120.82平米 | 南 北,https://ke-image.ljcdn.com/110000-inspection/198cfc55-adf0-4324-82d4-12827fd3ad59_1000.jpg!m_fill,w_280,h_210,f_jpg?from=ke.com
20240307,海淀,海淀北部新区,101119450063,海淀产权 馨瑞嘉园 商品房 南北通透 次顶层 带电梯,400万,45157元/平,高楼层 (共15层) | 2013年 | 2室2厅 | 88.58平米 | 南 北,https://ke-image.ljcdn.com/110000-inspection/a021eb0c-0532-4c2a-8e00-13ed7bfe966b_1000.jpg!m_fill,w_280,h_210,f_jpg?from=ke.com
20240307,海淀,海淀北部新区,101119417258,老年医院家属楼 2室0厅 南 北,350万,63521元/平,中楼层 (共4层) | 1983年 | 2室0厅 | 55.1平米 | 南 北,https://ke-image.ljcdn.com/110000-inspection/pc1_KI1hbdclO.jpg!m_fill,w_280,h_210,f_jpg?from=ke.com
20240307,海淀,海淀北部新区,101119396684,保利·西山林语  南向一居  满五唯一  业主诚意出售,285万,85483元/平,底层 (共8层) | 2011年 | 1室1厅 | 33.34平米 | 南,https://ke-image.ljcdn.com/110000-inspection/7ce6e240-7c78-4d92-97b3-dc98b5bbc61e_1000.jpg!m_fill,w_280,h_210,f_jpg?from=ke.com
20240307,海淀,海淀北部新区,101119327958,满五唯一 商品房 楼龄新 一梯两户 南北通透,485万,51900元/平,高楼层 (共6层) 3室1厅 | 93.45平米 | 南 北,https://ke-image.ljcdn.com/110000-inspection/pc1_kz4MgPtmZ.jpg!m_fill,w_280,h_210,f_jpg?from=ke.com
20240307,海淀,海淀北部新区,101119275473,三嘉信苑满五唯一视野好采光充足诚意出售。,295万,47103元/平,高楼层 (共7层) 2室1厅 | 62.63平米 | 南 北,https://ke-image.ljcdn.com/110000-inspection/pc1_hbRCWGrfj.jpg!m_fill,w_280,h_210,f_jpg?from=ke.com
20240307,海淀,海淀北部新区,101119260830,上庄馨瑞嘉园满五唯一中高层两部电梯四户。,355万,51742元/平,顶层 (共13层) | 2013年 | 1室1厅 | 68.61平米 | 南,https://ke-image.ljcdn.com/110000-inspection/836b7e5a-003e-4e8b-af74-b04dfa7e0c23_1000.jpg!m_fill,w_280,h_210,f_jpg?from=ke.com
20240307,海淀,海淀北部新区,101119258070,保利西山林语 三期 两居室 精装修,530万,58942元/平,低楼层 (共8层) | 2010年 | 2室1厅 | 89.92平米 | 南 北,https://ke-image.ljcdn.com/110000-inspection/c9dfd680-55b8-44db-94bd-bf94ef49f4d5_1000.jpg!m_fill,w_280,h_210,f_jpg?from=ke.com
20240307,海淀,海淀北部新区,101119248318,中低楼层南北通透三居室简单装修居住氛围好房主自荐,578万,62902元/平,低楼层 (共6层) | 2000年 | 3室2厅 | 91.89平米 | 南 北,https://ke-image.ljcdn.com/110000-inspection/pc1_UaDPTpzGP.jpg!m_fill,w_280,h_210,f_jpg?from=ke.com
20240307,海淀,海淀北部新区,101119225091,首套贷款609万 小区中间位置三居 中间楼层,1130万,84404元/平,低楼层 (共9层) | 2016年 | 3室1厅 | 133.88平米 | 南 北,https://ke-image.ljcdn.com/110000-inspection/4719766c-a12a-4875-ac8b-54aad2de4e0e_1000.jpg!m_fill,w_280,h_210,f_jpg?from=ke.com
20240307,海淀,海淀北部新区,101119214426,环保园区内全南向两居中间楼层方正户型观景房,515万,57497元/平,中楼层 (共9层) | 2015年 | 2室1厅 | 89.57平米 | 南,https://ke-image.ljcdn.com/110000-inspection/2b4f5d78-2acf-4c67-9b46-1aadb5319e0d_1000.jpg!m_fill,w_280,h_210,f_jpg?from=ke.com
20240307,海淀,海淀北部新区,101119207421,保利西山林语二期 人车分离 满五唯一 直通车库房主自荐,580万,68794元/平,底层 (共8层) | 2010年 | 2室1厅 | 84.31平米 | 南 北,https://ke-image.ljcdn.com/110000-inspection/cbfee315-3da9-4003-8c04-74eacf1a8640_1000.jpg!m_fill,w_280,h_210,f_jpg?from=ke.com
20240307,海淀,海淀北部新区,101119200936,海淀北部新区  高楼层  视野好  采光好  精装修的,300万,44346元/平,顶层 (共16层) | 2013年 | 2室2厅 | 67.65平米 | 南,https://ke-image.ljcdn.com/110000-inspection/pc1_JT7yOa6L4_2.jpg!m_fill,w_280,h_210,f_jpg?from=ke.com
20240307,海淀,海淀北部新区,101119183692,保利西山林语 人车分离 观山  通风好 前面没有遮挡,658万,67913元/平,中楼层 (共8层) | 2010年 | 2室1厅 | 96.89平米 | 南 北,https://ke-image.ljcdn.com/110000-inspection/dc2ebd67-e913-4203-b02d-df07a94d38af_1000.jpg!m_fill,w_280,h_210,f_jpg?from=ke.com
20240307,海淀,海淀北部新区,101119175518,正源尚峰尚水尚居园 低密度 精装修 南北通透 中央空调,1010万,64827元/平,中楼层 (共8层) 3室2厅 | 155.8平米 | 南 北,https://ke-image.ljcdn.com/110000-inspection/pc1_nAaZoH07T.jpg!m_fill,w_280,h_210,f_jpg?from=ke.com
20240307,海淀,海淀北部新区,101119170461,保利西山林语 3室1厅 西南,650万,70783元/平,高楼层 (共8层) 3室1厅 | 91.83平米 | 西南,https://ke-image.ljcdn.com/110000-inspection/pc1_gbGhrW6p7.jpg!m_fill,w_280,h_210,f_jpg?from=ke.com
20240307,海淀,海淀北部新区,101119165811,百旺府优质三居电梯直通地下车库观小区花园.,1145万,85169元/平,低楼层 (共9层) | 2016年 | 3室2厅 | 134.44平米 | 南 北 西,https://ke-image.ljcdn.com/110000-inspection/pc1_c10MRAbYr.jpg!m_fill,w_280,h_210,f_jpg?from=ke.com
20240307,海淀,海淀北部新区,101119128939,海淀产权 满五唯一 居家装修 高楼层 靠谱签约 带电梯,339万,50052元/平,顶层 (共16层) | 2013年 | 1室1厅 | 67.73平米 | 南,https://ke-image.ljcdn.com/110000-inspection/04f15a97-1a83-4d48-bda0-99691dacad18_1000.jpg!m_fill,w_280,h_210,f_jpg?from=ke.com
20240307,海淀,海淀北部新区,101119125746,楼龄新 南北通透 一梯两户  产权清晰 无抵押 商品房,490万,53965元/平,顶层 (共6层) 3室2厅 | 90.8平米 | 南 北,https://ke-image.ljcdn.com/110000-inspection/24da2a51-8035-44e8-862a-3db38ac3b0c4_1000.jpg!m_fill,w_280,h_210,f_jpg?from=ke.com
20240307,海淀,海淀北部新区,101119117718,凯盛家园 2室1厅 南 北,445万,57257元/平,底层 (共15层) 2室1厅 | 77.72平米 | 南 北,https://ke-image.ljcdn.com/110000-inspection/pc1_8PHArSrgX.jpg!m_fill,w_280,h_210,f_jpg?from=ke.com
20240307,海淀,海淀北部新区,101119117556,房龄是97年的小区中间位置带电梯近地铁房主自荐,360万,56330元/平,低楼层 (共6层) 2室1厅 | 63.91平米 | 南 北,https://ke-image.ljcdn.com/110000-inspection/pc1_1LK4tIUtG.jpg!m_fill,w_280,h_210,f_jpg?from=ke.com
20240307,海淀,海淀北部新区,101119055159,冠城大通百旺府4层落地窗带拐角大飘窗,1279万,84351元/平,中楼层 (共6层) | 2015年 | 3室1厅 | 151.63平米 | 南 北,https://ke-image.ljcdn.com/110000-inspection/pc1_ac2gQDG9t.jpg!m_fill,w_280,h_210,f_jpg?from=ke.com
20240307,海淀,海淀北部新区,101119040895,林语公馆  南北通透  满五唯一,640万,68538元/平,高楼层 (共7层) | 2009年 | 3室1厅 | 93.38平米 | 南 北,https://ke-image.ljcdn.com/110000-inspection/19a41a21-0993-4ee8-860c-7ef3424b1533_1000.jpg!m_fill,w_280,h_210,f_jpg?from=ke.com
20240307,海淀,海淀北部新区,101119016487,冠城大通百旺府 南北通透一居 诚意出售 看房方便,425万,85548元/平,高楼层 (共9层) | 2012年 | 1室1厅 | 49.68平米 | 南 北,https://ke-image.ljcdn.com/110000-inspection/pc1_vKci70FTE.jpg!m_fill,w_280,h_210,f_jpg?from=ke.com
20240307,海淀,海淀北部新区,101118999311,环山村南向两居 中间层 有钥匙 价格合适 业主诚售,315万,57482元/平,中楼层 (共4层) | 2000年 | 2室1厅 | 54.8平米 | 南,https://ke-image.ljcdn.com/110000-inspection/cd2b77ed-1879-4695-ac69-2fb708bc25a8_1000.jpg!m_fill,w_280,h_210,f_jpg?from=ke.com
20240307,海淀,海淀北部新区,101118963884,温泉凯盛家园二区  中间位置  高楼层  看房方便房主自荐,350万,58285元/平,高楼层 (共15层) | 2013年 | 1室1厅 | 60.05平米 | 南,https://ke-image.ljcdn.com/110000-inspection/c63e1ab1-23bd-4035-a5a1-f09907ad0469_1000.jpg!m_fill,w_280,h_210,f_jpg?from=ke.com
20240307,海淀,海淀北部新区,101118963436,中国铁建环保嘉苑 2室1厅 南,525万,60429元/平,中楼层 (共7层) 2室1厅 | 86.88平米 | 南,https://ke-image.ljcdn.com/110000-inspection/pc1_gcgQHCqRK.jpg!m_fill,w_280,h_210,f_jpg?from=ke.com
20240307,海淀,海淀北部新区,101118887603,保利西山林语 次新小区 全明一居室 中高楼层,314万,63218元/平,中楼层 (共8层) | 2011年 | 1室1厅 | 49.67平米 | 东北,https://ke-image.ljcdn.com/110000-inspection/bb1692df-2049-437a-be48-c21e8e2ef855_1000.jpg!m_fill,w_280,h_210,f_jpg?from=ke.com
20240307,海淀,海淀北部新区,101118879704,老年医院家属楼 2室1厅 南 北,365万,55387元/平,中楼层 (共4层) | 2000年 | 2室1厅 | 65.9平米 | 南 北,https://ke-image.ljcdn.com/110000-inspection/d271092a-2650-4727-8126-d5c52047f995_1000.jpg!m_fill,w_280,h_210,f_jpg?from=ke.com
20240307,海淀,海淀北部新区,101118873664,上庄馨瑞嘉园中高层精装修满五唯一可随时看房,395万,55942元/平,高楼层 (共13层) | 2013年 | 1室1厅 | 70.61平米 | 南,https://ke-image.ljcdn.com/110000-inspection/2d2fba76-d2de-4ee8-b1a7-9a439258dc18_1000.jpg!m_fill,w_280,h_210,f_jpg?from=ke.com
20240307,海淀,海淀北部新区,101118851991,环保嘉苑高楼层两居室满五年有钥匙看房随时,472万,51529元/平,高楼层 (共9层) | 2015年 | 2室1厅 | 91.6平米 | 东,https://ke-image.ljcdn.com/110000-inspection/ca7b53dd-234f-47bc-b7d1-422a9f77bf7c_1000.jpg!m_fill,w_280,h_210,f_jpg?from=ke.com
20240307,海淀,海淀北部新区,101118842072,海淀北部新区洋房品质满五唯一平层大四居诚意出售房主自荐,1045万,62029元/平,低楼层 (共8层) | 2015年 | 4室2厅 | 168.47平米 | 南 北,https://ke-image.ljcdn.com/110000-inspection/pc1_kBttMB1hU.jpg!m_fill,w_280,h_210,f_jpg?from=ke.com
20240307,海淀,海淀北部新区,101118829169,保利西山林语 南向一居室 采光好视野好,330万,67651元/平,顶层 (共8层) | 2010年 | 1室1厅 | 48.78平米 | 南,https://ke-image.ljcdn.com/110000-inspection/c42c8685-fcd0-4f06-ba18-97e97c088f66_1000.jpg!m_fill,w_280,h_210,f_jpg?from=ke.com
20240307,海淀,海淀北部新区,101118813961,凯盛家园 1室1厅 南,350万,58024元/平,低楼层 (共15层) 1室1厅 | 60.32平米 | 南,https://ke-image.ljcdn.com/110000-inspection/aeae8a87-df24-496d-9454-f9e567a8d5af_1000.jpg!m_fill,w_280,h_210,f_jpg?from=ke.com
20240307,海淀,海淀北部新区,101118800513,凯盛家园 1室1厅 南,355万,59614元/平,低楼层 (共15层) | 2013年 | 1室1厅 | 59.55平米 | 南,https://ke-image.ljcdn.com/110000-inspection/f4fa056c-62e0-4b6c-9859-4263774e6d3c_1000.jpg!m_fill,w_280,h_210,f_jpg?from=ke.com
20240307,海淀,海淀北部新区,101118786554,温泉路45号院  南北向两居室  高楼层视野好,370万,60065元/平,顶层 (共6层) | 1995年 | 2室1厅 | 61.6平米 | 南 北,https://ke-image.ljcdn.com/110000-inspection/pc1_awu16q4hT.jpg!m_fill,w_280,h_210,f_jpg?from=ke.com
20240307,海淀,海淀北部新区,101118733099,首套贷款280万 中间楼层 户型方正 靠谱签约,402万,59014元/平,中楼层 (共6层) 2室1厅 | 68.12平米 | 南 北,https://ke-image.ljcdn.com/110000-inspection/pc1_D68RqD8Pb.jpg!m_fill,w_280,h_210,f_jpg?from=ke.com
20240307,海淀,海淀北部新区,101118701607,冠城大通百旺府经典三居室单价低满五唯一,1130万,71357元/平,低楼层 (共6层) | 2011年 | 3室2厅 | 158.36平米 | 南 北,https://ke-image.ljcdn.com/110000-inspection/8f2647f5-2333-48b5-8f01-c8379bf09d2b_1000.jpg!m_fill,w_280,h_210,f_jpg?from=ke.com
20240307,海淀,海淀北部新区,101118675662,中国铁建环保嘉苑 3室1厅 南 北,530万,57045元/平,高楼层 (共9层) | 2015年 | 3室1厅 | 92.91平米 | 南 北,https://ke-image.ljcdn.com/110000-inspection/pc1_KSRjFt68x.jpg!m_fill,w_280,h_210,f_jpg?from=ke.com
20240307,海淀,海淀北部新区,101118674521,南北通透户型方正小区中间位置不临街不把边。,1200万,75820元/平,低楼层 (共8层) | 2009年 | 4室2厅 | 158.27平米 | 南 北,https://ke-image.ljcdn.com/110000-inspection/pc1_NB48nx96l.jpg!m_fill,w_280,h_210,f_jpg?from=ke.com
20240307,海淀,海淀北部新区,101118638629,天阅西山南北四居室科技住宅眼镜户型拎包入住,2200万,104118元/平,高楼层 (共25层) 4室2厅 | 211.3平米 | 南 北,https://ke-image.ljcdn.com/110000-inspection/cbd394bf-14cd-4c49-8f3c-5973031529c4_1000.jpg!m_fill,w_280,h_210,f_jpg?from=ke.com
20240307,海淀,海淀北部新区,101118618478,此房房子适合喜欢阳光的人两个卧室都朝南。,545万,59904元/平,高楼层 (共7层) 2室1厅 | 90.98平米 | 西南,https://ke-image.ljcdn.com/110000-inspection/6a470ccd-631e-496f-8d5f-1c6c594ae10e_1000.jpg!m_fill,w_280,h_210,f_jpg?from=ke.com
20240307,海淀,海淀北部新区,101118608175,三嘉信苑 2室1厅 南,309万,48885元/平,底层 (共10层) | 2011年 | 2室1厅 | 63.21平米 | 南,https://ke-image.ljcdn.com/110000-inspection/25749786-3092-4625-bde1-11e58f064cde_1000.jpg!m_fill,w_280,h_210,f_jpg?from=ke.com
20240307,海淀,海淀北部新区,101118554402,海淀北部新区  五环外  楼龄新  小区环境好   装修好,485万,55953元/平,中楼层 (共16层) 2室1厅 | 86.68平米 | 南 北,https://ke-image.ljcdn.com/110000-inspection/ac148d6e-9aed-4924-84df-40443c1ab011_1000.jpg!m_fill,w_280,h_210,f_jpg?from=ke.com
20240307,海淀,海淀北部新区,101118551796,满五年唯一  南北通透精装修  环保园,598万,66489元/平,底层 (共7层) 2室1厅 | 89.94平米 | 南 北,https://ke-image.ljcdn.com/110000-inspection/00505e40-f360-40f7-978c-910e5695c2f9_1000.jpg!m_fill,w_280,h_210,f_jpg?from=ke.com
20240307,海淀,海淀北部新区,101118514728,保利西山林语  明厨明卫 诚意出售 满五年 价格可谈,390万,79690元/平,中楼层 (共8层) 1室1厅 | 48.94平米 | 西北,https://ke-image.ljcdn.com/110000-inspection/633c8717-9eb2-4056-a726-0956ece8fab5_1000.jpg!m_fill,w_280,h_210,f_jpg?from=ke.com
20240307,海淀,海淀北部新区,101118497820,首创天阅西山高品质科技住宅精装修四居室满二,1880万,104602元/平,高楼层 (共25层) 4室2厅 | 179.73平米 | 南 北,https://ke-image.ljcdn.com/110000-inspection/c71a234e-f0d5-434c-8292-3a129f8cc4cf_1000.jpg!m_fill,w_280,h_210,f_jpg?from=ke.com
20240307,海淀,海淀北部新区,101118496597,商品房 看房方便 中高楼层 诚意出售,365万,53780元/平,高楼层 (共16层) | 2013年 | 1室1厅 | 67.87平米 | 南,https://ke-image.ljcdn.com/110000-inspection/a79a3768-6745-471d-8cb3-cf332fa3d9c3_1000.jpg!m_fill,w_280,h_210,f_jpg?from=ke.com
20240307,海淀,海淀北部新区,101118488583,海淀上郡纯南两居户型日照采光好。,450万,50185元/平,低楼层 (共21层) 2室1厅 | 89.67平米 | 南,https://ke-image.ljcdn.com/110000-inspection/f28fd26a-68e0-4149-a1fa-a0bf3380d87d_1000.jpg!m_fill,w_280,h_210,f_jpg?from=ke.com
20240307,海淀,海淀北部新区,101118431458,冷泉林语山庄  南北双通透  精装修采光好房主自荐,630万,70779元/平,低楼层 (共8层) | 2010年 | 2室1厅 | 89.01平米 | 南 北,https://ke-image.ljcdn.com/110000-inspection/pc1_apJGJbVyt.jpg!m_fill,w_280,h_210,f_jpg?from=ke.com
20240307,海淀,海淀北部新区,101118384656,满五唯一户型方正卧室、客厅双朝南、自住装修,360万,52076元/平,顶层 (共14层) | 2013年 | 1室1厅 | 69.13平米 | 南,https://ke-image.ljcdn.com/110000-inspection/pc1_YiJ9t2nm3.jpg!m_fill,w_280,h_210,f_jpg?from=ke.com
20240307,海淀,海淀北部新区,101118379565,保利西山林语  满五唯一 明厨明卫 视野好 二居室,595万,65378元/平,顶层 (共7层) | 2011年 | 2室1厅 | 91.01平米 | 南 北,https://ke-image.ljcdn.com/110000-inspection/5589a938-5c40-4d25-bf26-8f3607aed2e2_1000.jpg!m_fill,w_280,h_210,f_jpg?from=ke.com
20240307,海淀,海淀北部新区,101118374002,中国铁建环保嘉苑 2室1厅 东,550万,61405元/平,中楼层 (共9层) | 2015年 | 2室1厅 | 89.57平米 | 东,https://ke-image.ljcdn.com/110000-inspection/pc1_g6t1xJyHX.jpg!m_fill,w_280,h_210,f_jpg?from=ke.com
20240307,海淀,海淀北部新区,101118343969,凯盛家园一区精装修观景层采光好欢迎随时看房,306万,50621元/平,顶层 (共15层) 1室1厅 | 60.45平米 | 南,https://ke-image.ljcdn.com/110000-inspection/pc1_Oqx74Oky5.jpg!m_fill,w_280,h_210,f_jpg?from=ke.com
20240307,海淀,海淀北部新区,101118332900,上庄家园西区 正规小三居 永丰北 业主自住 诚意出售,339万,55302元/平,中楼层 (共6层) | 1984年 | 3室1厅 | 61.3平米 | 南 北,https://ke-image.ljcdn.com/110000-inspection/pc1_nudw9Taic.jpg!m_fill,w_280,h_210,f_jpg?from=ke.com
20240307,海淀,海淀北部新区,101118327734,满五唯一户型方正卧室、客厅双朝南、自住装修,275万,40519元/平,低楼层 (共16层) 1室1厅 | 67.87平米 | 南,https://ke-image.ljcdn.com/110000-inspection/pc1_TrosFpxvb_1.jpg!m_fill,w_280,h_210,f_jpg?from=ke.com
20240307,海淀,海淀北部新区,101118306543,南北通透 满五唯一 中间楼层 看房方便,339万,50940元/平,中楼层 (共15层) 1室1厅 | 66.55平米 | 南 北,https://ke-image.ljcdn.com/110000-inspection/pc1_Om02r3FtH_1.jpg!m_fill,w_280,h_210,f_jpg?from=ke.com
20240307,海淀,海淀北部新区,101118324767,海淀上郡少有南北两居户型空气流通性好日照采光好,535万,59399元/平,中楼层 (共21层) 2室1厅 | 90.07平米 | 南 北,https://ke-image.ljcdn.com/110000-inspection/d06bc492-9b67-4c2b-9280-925ae467de61_1000.jpg!m_fill,w_280,h_210,f_jpg?from=ke.com
20240307,海淀,海淀北部新区,101118294567,保利西山林语 满五唯一 双卧朝南 人车分离,626万,68200元/平,中楼层 (共8层) 3室1厅 | 91.79平米 | 东 南,https://ke-image.ljcdn.com/110000-inspection/pc1_h0wGaCvK9.jpg!m_fill,w_280,h_210,f_jpg?from=ke.com
20240307,海淀,海淀北部新区,101118289997,凯盛家园 1室1厅 南,316万,52249元/平,底层 (共15层) | 2013年 | 1室1厅 | 60.48平米 | 南,https://ke-image.ljcdn.com/110000-inspection/8561de18-0acc-4c7e-a11b-07318bc7abdf_1000.jpg!m_fill,w_280,h_210,f_jpg?from=ke.com
20240307,海淀,海淀北部新区,101118269161,保利西山林语  南北通透  次顶层  满五唯一,530万,58416元/平,高楼层 (共8层) | 2011年 | 2室1厅 | 90.73平米 | 南 北,https://ke-image.ljcdn.com/110000-inspection/8d1d6694-bf1b-47b9-a4bb-56ff022bcb58_1000.jpg!m_fill,w_280,h_210,f_jpg?from=ke.com
20240307,海淀,海淀北部新区,101118263449,满五唯一商品房 带电梯 精装修 客厅大 卧室大  视野好,300万,43178元/平,顶层 (共9层) | 2011年 | 2室1厅 | 69.48平米 | 东 西,https://ke-image.ljcdn.com/110000-inspection/pc1_aWhRZSJeI.jpg!m_fill,w_280,h_210,f_jpg?from=ke.com
20240307,海淀,海淀北部新区,101118238007,凯盛家园  南向一居室  好位置  满五年唯一,380万,63008元/平,低楼层 (共15层) | 2013年 | 1室1厅 | 60.31平米 | 南,https://ke-image.ljcdn.com/110000-inspection/pc1_LogIm7oZB.jpg!m_fill,w_280,h_210,f_jpg?from=ke.com
20240307,海淀,海淀北部新区,101118210704,精装修 满五唯一 看房方便 靠谱签约,390万,56877元/平,低楼层 (共14层) | 2013年 | 1室1厅 | 68.57平米 | 南,https://ke-image.ljcdn.com/110000-inspection/pc1_Y3ry2hHjY.jpg!m_fill,w_280,h_210,f_jpg?from=ke.com
20240307,海淀,海淀北部新区,101118208929,保利西山林语 3室2厅 南 北,702万,74721元/平,顶层 (共6层) | 2009年 | 3室2厅 | 93.95平米 | 南 北,https://ke-image.ljcdn.com/110000-inspection/bbac3c9f-1b1c-417c-9264-0e8b1873ea2c_1000.jpg!m_fill,w_280,h_210,f_jpg?from=ke.com
20240307,海淀,海淀北部新区,101118206958,环山村 满五唯一商品房 南北通透大两居 楼龄新,436万,60514元/平,高楼层 (共6层) 2室1厅 | 72.05平米 | 南 北,https://ke-image.ljcdn.com/110000-inspection/pc1_9ANKVNljD.jpg!m_fill,w_280,h_210,f_jpg?from=ke.com
20240307,海淀,海淀北部新区,101118162340,凯盛家园 1室1厅 南 北,310万,51840元/平,低楼层 (共15层) 1室1厅 | 59.8平米 | 南 北,https://ke-image.ljcdn.com/110000-inspection/bd4f2edf-8e5c-42fd-83e0-7dc6d17c8845_1000.jpg!m_fill,w_280,h_210,f_jpg?from=ke.com
20240307,海淀,海淀北部新区,101118137959,正源尚峰尚水 4室1厅 南 北,1200万,71365元/平,中楼层 (共8层) | 2012年 | 4室1厅 | 168.15平米 | 南 北,https://ke-image.ljcdn.com/110000-inspection/pc1_O0ENm9FHR.jpg!m_fill,w_280,h_210,f_jpg?from=ke.com
20240307,海淀,海淀北部新区,101118136622,保利西山林语  二期南北双通透两居室  业主诚意出售,630万,70549元/平,低楼层 (共8层) | 2010年 | 2室1厅 | 89.3平米 | 南 北,https://ke-image.ljcdn.com/110000-inspection/pc1_s5jx6f9GY.jpg!m_fill,w_280,h_210,f_jpg?from=ke.com
20240307,海淀,海淀北部新区,101118109949,凯盛家园 2室1厅 南 北,445万,55501元/平,顶层 (共15层) | 2013年 | 2室1厅 | 80.18平米 | 南 北,https://ke-image.ljcdn.com/110000-inspection/204d4c22-78a8-4049-9e82-f01eda1f1e95_1000.jpg!m_fill,w_280,h_210,f_jpg?from=ke.com
20240307,海淀,海淀北部新区,101118106697,凯盛家园满二商品房无转商费南北向一居。,308万,52204元/平,高楼层 (共15层) | 2013年 | 1室1厅 | 59平米 | 南 北,https://ke-image.ljcdn.com/110000-inspection/1ae4f57d-7377-4a4e-a73d-9b81288d6966_1000.jpg!m_fill,w_280,h_210,f_jpg?from=ke.com
20240307,海淀,海淀北部新区,101118072196,房子满两年 精装修 南北通透 户型方正,338万,54080元/平,顶层 (共4层) | 1983年 | 2室1厅 | 62.5平米 | 南 北,https://ke-image.ljcdn.com/110000-inspection/pc1_AC7jtCpSK.jpg!m_fill,w_280,h_210,f_jpg?from=ke.com
20240307,海淀,海淀北部新区,101118071876,精装修 商品房 可贷款 没转商费 全明格局 面积大,315万,47284元/平,低楼层 (共6层) 2室1厅 | 66.62平米 | 东 西,https://ke-image.ljcdn.com/110000-inspection/cec389ef-bf07-4b3f-836d-8164ea296901_1000.jpg!m_fill,w_280,h_210,f_jpg?from=ke.com
20240307,海淀,海淀北部新区,101118035138,满五唯一中楼层优质90平两居室紧挨齐物潭公园,479万,53005元/平,中楼层 (共9层) | 2015年 | 2室2厅 | 90.37平米 | 东 西,https://ke-image.ljcdn.com/110000-inspection/pc1_d6Q165qdH.jpg!m_fill,w_280,h_210,f_jpg?from=ke.com
20240307,海淀,海淀北部新区,101118018593,凯盛家园 1室1厅 南,310万,51113元/平,顶层 (共15层) 1室1厅 | 60.65平米 | 南,https://ke-image.ljcdn.com/110000-inspection/eb5cb6ed-3c19-499f-931e-b003ac6176ba_1000.jpg!m_fill,w_280,h_210,f_jpg?from=ke.com
20240307,海淀,海淀北部新区,101117973452,西山林语卧室有平台两居室明厨明卫采光好。看房方便,532万,58315元/平,低楼层 (共8层) | 2010年 | 2室1厅 | 91.23平米 | 南 北,https://ke-image.ljcdn.com/110000-inspection/75359bd9-2d80-4950-998e-760164d8bd13_1000.jpg!m_fill,w_280,h_210,f_jpg?from=ke.com
20240307,海淀,海淀北部新区,101117967932,海淀北部商品房满五唯一近华为中关村环保园房主自荐,665万,64395元/平,高楼层 (共9层) 2室1厅 | 103.27平米 | 东南,https://ke-image.ljcdn.com/110000-inspection/pc1_BtchzPa25.jpg!m_fill,w_280,h_210,f_jpg?from=ke.com
20240307,海淀,海淀北部新区,101117933020,上庄馨瑞嘉园 满五唯一 看房方便 价格可谈！房主自荐,368万,53637元/平,低楼层 (共13层) | 2013年 | 1室1厅 | 68.61平米 | 南,https://ke-image.ljcdn.com/110000-inspection/c6022e9e-b663-438c-b5ce-f013f107efd2_1000.jpg!m_fill,w_280,h_210,f_jpg?from=ke.com
20240307,海淀,海淀北部新区,101117924368,凯盛中间层南向一居 户型方正采光视野好,368万,59136元/平,中楼层 (共13层) 1室1厅 | 62.23平米 | 南,https://ke-image.ljcdn.com/110000-inspection/pc1_I1EpDQJPp.jpg!m_fill,w_280,h_210,f_jpg?from=ke.com
20240307,海淀,海淀北部新区,101117867832,冠城大通百旺府 新三区 中间层大三居 诚意出售,1240万,89043元/平,中楼层 (共5层) | 2019年 | 3室2厅 | 139.26平米 | 南 北,https://ke-image.ljcdn.com/110000-inspection/c75130dc-2b3f-40f4-8aee-2ed43eb819ad_1000.jpg!m_fill,w_280,h_210,f_jpg?from=ke.com
20240307,海淀,海淀北部新区,101117826224,冠城大通百旺府精装三居室落地窗好位置适宜居住,1060万,94298元/平,低楼层 (共6层) | 2019年 | 3室2厅 | 112.41平米 | 南 北,https://ke-image.ljcdn.com/110000-inspection/39625b36-f63b-4917-ba38-91ef9c9173cb_1000.jpg!m_fill,w_280,h_210,f_jpg?from=ke.com
20240307,海淀,海淀北部新区,101117765044,保利·西山林语 业主自住精装修  南向一居室,450万,91837元/平,顶层 (共7层) | 2010年 | 1室1厅 | 49平米 | 南,https://ke-image.ljcdn.com/110000-inspection/pc1_7CYssglIZ.jpg!m_fill,w_280,h_210,f_jpg?from=ke.com
20240307,海淀,海淀北部新区,101117756847,中国铁建环保嘉苑 2室2厅 南 北,630万,67976元/平,中楼层 (共9层) | 2015年 | 2室2厅 | 92.68平米 | 南 北,https://ke-image.ljcdn.com/110000-inspection/882c14e2-bf3e-4cd8-92bd-07c994a82f10_1000.jpg!m_fill,w_280,h_210,f_jpg?from=ke.com
20240307,海淀,海淀北部新区,101117736741,海淀上庄-三嘉信苑、板楼中间层、满五唯一、看房方便房主自荐,280万,44137元/平,中楼层 (共6层) 2室1厅 | 63.44平米 | 东 西,https://ke-image.ljcdn.com/110000-inspection/pc1_c8Ujfek38.jpg!m_fill,w_280,h_210,f_jpg?from=ke.com
20240307,海淀,海淀北部新区,101117727765,海淀上郡 高楼层一居室 适合少贷款或者全款,320万,48412元/平,高楼层 (共21层) 1室2厅 | 66.1平米 | 西,https://ke-image.ljcdn.com/110000-inspection/pc1_ROhIDb4Qp.jpg!m_fill,w_280,h_210,f_jpg?from=ke.com
20240307,海淀,海淀北部新区,101117709936,保利西山林语  南北落地窗看房有钥匙  随时签约,539万,59624元/平,中楼层 (共8层) 2室1厅 | 90.4平米 | 南 北,https://ke-image.ljcdn.com/110000-inspection/45366f3c-9c98-47ae-b1de-df3382c2dd4f_1000.jpg!m_fill,w_280,h_210,f_jpg?from=ke.com
20240307,海淀,海淀北部新区,101117675189,精装修 中高楼层 商品房 看房方便,280万,40835元/平,中楼层 (共14层) | 2013年 | 1室1厅 | 68.57平米 | 南,https://ke-image.ljcdn.com/110000-inspection/pc1_X1DiXNaAj.jpg!m_fill,w_280,h_210,f_jpg?from=ke.com
20240307,海淀,海淀北部新区,101117628801,小区中间位置次顶层双卧室朝南精装修动静分离,1398万,101814元/平,高楼层 (共7层) | 2019年 | 3室2厅 | 137.31平米 | 南 北,https://ke-image.ljcdn.com/110000-inspection/pc1_xwNkvFGwD.jpg!m_fill,w_280,h_210,f_jpg?from=ke.com
20240307,海淀,海淀北部新区,101117603677,中国铁建环保嘉苑满五年唯一自住型商品房诚意出售,600万,66380元/平,中楼层 (共9层) | 2015年 | 2室1厅 | 90.39平米 | 东,https://ke-image.ljcdn.com/110000-inspection/a5c4daf3-01d3-4c82-88a6-fd0ae99843e2_1000.jpg!m_fill,w_280,h_210,f_jpg?from=ke.com
20240307,海淀,海淀北部新区,101117489444,凯盛家园 1室1厅 南,345万,57491元/平,低楼层 (共15层) 1室1厅 | 60.01平米 | 南,https://ke-image.ljcdn.com/110000-inspection/5ca198b1-99dc-48cd-ad46-89bac1070aa8_1000.jpg!m_fill,w_280,h_210,f_jpg?from=ke.com
20240307,海淀,海淀北部新区,101117452873,海淀北部新区  馨瑞嘉园  有电梯  两居室  高楼层房主自荐,398万,45943元/平,高楼层 (共16层) | 2013年 | 2室1厅 | 86.63平米 | 南 北,https://ke-image.ljcdn.com/110000-inspection/c475b327-7aae-4090-b478-76628b1de6c5_1000.jpg!m_fill,w_280,h_210,f_jpg?from=ke.com
20240307,海淀,海淀北部新区,101117278221,业主诚意出售 满五年  中间楼层  随时签约,485万,69684元/平,低楼层 (共11层) | 2007年 | 1室1厅 | 69.6平米 | 东南,https://ke-image.ljcdn.com/110000-inspection/8b9fc5a7-5dbe-4305-bc70-c489f9bdc063_1000.jpg!m_fill,w_280,h_210,f_jpg?from=ke.com
20240307,海淀,海淀北部新区,101117157940,北分厂近地铁 南北向两居室 低楼层 满五年,310万,54965元/平,中楼层 (共5层) | 1965年 | 2室1厅 | 56.4平米 | 南 北,https://ke-image.ljcdn.com/110000-inspection/92ac5e1f-0aca-4379-82f3-c0086e43d808_1000.jpg!m_fill,w_280,h_210,f_jpg?from=ke.com
20240307,海淀,海淀北部新区,101116975010,海淀产权 客厅带窗两居室 满五年唯一,320万,58501元/平,顶层 (共6层) 2室1厅 | 54.7平米 | 南 西 北,https://ke-image.ljcdn.com/110000-inspection/65fa82d5-d299-4fb8-8eea-9be4ab32d793_1000.jpg!m_fill,w_280,h_210,f_jpg?from=ke.com
20240307,海淀,海淀北部新区,101116970358,冠城大通百旺府 新三区 精装修中间楼层 诚意出售房主自荐,1289万,91855元/平,中楼层 (共5层) | 2019年 | 3室2厅 | 140.33平米 | 南 北,https://ke-image.ljcdn.com/110000-inspection/pc1_uaX4QHxtf.jpg!m_fill,w_280,h_210,f_jpg?from=ke.com
20240307,海淀,海淀北部新区,101116936971,海淀近地铁 凯盛家园旁 一层两居室 40万装修 拎包入住,435万,80111元/平,底层 (共5层) | 1980年 | 2室2厅 | 54.3平米 | 南 北,https://ke-image.ljcdn.com/110000-inspection/pc1_yQCkv55X0.jpg!m_fill,w_280,h_210,f_jpg?from=ke.com
20240307,海淀,海淀北部新区,101116933092,保利西山林语 2室1厅 南 北,558万,58812元/平,底层 (共8层) 2室1厅 | 94.88平米 | 南 北,https://ke-image.ljcdn.com/110000-inspection/pc1_ZYSaBHJ8z.jpg!m_fill,w_280,h_210,f_jpg?from=ke.com
20240307,海淀,海淀北部新区,101116912808,北靠公园中高层南向一居视野采光好,369万,61043元/平,中楼层 (共15层) 1室1厅 | 60.45平米 | 南,https://ke-image.ljcdn.com/110000-inspection/pc1_vILsDzzRh.jpg!m_fill,w_280,h_210,f_jpg?from=ke.com
20240307,海淀,海淀北部新区,101116872855,中国铁建环保嘉苑满五唯一17号院全南向三居室,680万,65373元/平,高楼层 (共9层) | 2015年 | 3室1厅 | 104.02平米 | 南,https://ke-image.ljcdn.com/110000-inspection/pc1_uy4TDinL3.jpg!m_fill,w_280,h_210,f_jpg?from=ke.com
20240307,海淀,海淀北部新区,101116862553,冠城大通百旺府 自住精装 采光无遮挡 人车分流,1280万,91234元/平,中楼层 (共5层) | 2019年 | 3室2厅 | 140.3平米 | 南 北,https://ke-image.ljcdn.com/110000-inspection/pc1_NPyKBelOh_3.jpg!m_fill,w_280,h_210,f_jpg?from=ke.com
20240307,海淀,海淀北部新区,101116846999,西山林场家属院  业主诚售  看房方便   南北通透,330万,63707元/平,顶层 (共4层) | 1992年 | 2室1厅 | 51.8平米 | 南 北,https://ke-image.ljcdn.com/110000-inspection/pc1_UQn42dx8c.jpg!m_fill,w_280,h_210,f_jpg?from=ke.com
20240307,海淀,海淀北部新区,101116815540,满五唯一 中高楼层 看房方便 诚意出售 价格可谈,595万,65256元/平,中楼层 (共8层) | 2010年 | 2室1厅 | 91.18平米 | 南 北,https://ke-image.ljcdn.com/110000-inspection/fe3ea6fa-19c0-42b0-a698-bc718e44d415_1000.jpg!m_fill,w_280,h_210,f_jpg?from=ke.com
20240307,海淀,海淀北部新区,101116803893,温泉凯盛家园二区  南向一居室  直观山景,335万,55455元/平,高楼层 (共15层) | 2013年 | 1室1厅 | 60.41平米 | 南,https://ke-image.ljcdn.com/110000-inspection/38cf4e57-cf3c-40da-aa04-5b547300aab9_1000.jpg!m_fill,w_280,h_210,f_jpg?from=ke.com
20240307,海淀,海淀北部新区,101116803835,中国铁建环保嘉苑  南北通透三居  带电梯  中楼层,669万,64439元/平,低楼层 (共9层) | 2015年 | 3室1厅 | 103.82平米 | 南 北,https://ke-image.ljcdn.com/110000-inspection/pc1_WEbkKsbIM.jpg!m_fill,w_280,h_210,f_jpg?from=ke.com
20240307,海淀,海淀北部新区,101116662302,老年医院家属楼凯盛家园旁 都有在售 明厅 价格低房主自荐,408万,58203元/平,中楼层 (共4层) | 1983年 | 2室2厅 | 70.1平米 | 东 南 北,https://ke-image.ljcdn.com/110000-inspection/pc1_prfMkmpR6.jpg!m_fill,w_280,h_210,f_jpg?from=ke.com
20240307,海淀,海淀北部新区,101116469206,保利西山林语 宽厅两居室 中间楼层 户型方正,590万,63062元/平,中楼层 (共8层) | 2010年 | 2室1厅 | 93.56平米 | 南 北,https://ke-image.ljcdn.com/110000-inspection/pc1_OhYesOE2l.jpg!m_fill,w_280,h_210,f_jpg?from=ke.com
20240307,海淀,海淀北部新区,101116462021,保利二区南北通透直通车库精装修两居室可以给周期,670万,70393元/平,顶层 (共8层) | 2010年 | 2室1厅 | 95.18平米 | 南 北,https://ke-image.ljcdn.com/110000-inspection/pc1_JRH11xvV1_1.jpg!m_fill,w_280,h_210,f_jpg?from=ke.com
20240307,海淀,海淀北部新区,101116419114,保利西山林语 南北通透2居 双阳台 中高楼层 看房方便,525万,57579元/平,中楼层 (共8层) | 2010年 | 2室1厅 | 91.18平米 | 南 北,https://ke-image.ljcdn.com/110000-inspection/9594febf-86cf-4f03-9848-36defeb491a2_1000.jpg!m_fill,w_280,h_210,f_jpg?from=ke.com
20240307,海淀,海淀北部新区,101116404480,冷泉林语山庄       满五唯一,575万,64412元/平,底层 (共8层) | 2010年 | 3室2厅 | 89.27平米 | 南 北,https://ke-image.ljcdn.com/110000-inspection/pc1_R55QViRBr.jpg!m_fill,w_280,h_210,f_jpg?from=ke.com
20240307,海淀,海淀北部新区,101116338481,满二商品房  可贷款 中高楼层,330万,46842元/平,中楼层 (共14层) | 2013年 | 1室1厅 | 70.45平米 | 南,https://ke-image.ljcdn.com/110000-inspection/pc1_J3KT5g6i8.jpg!m_fill,w_280,h_210,f_jpg?from=ke.com
20240307,海淀,海淀北部新区,101116333748,中关村环保园区内精装修三居室直观公园满五唯一,610万,58762元/平,高楼层 (共7层) 3室2厅 | 103.81平米 | 东北,https://ke-image.ljcdn.com/110000-inspection/0d902ee4-945c-4fec-8a86-bafdf1fb17ea_1000.jpg!m_fill,w_280,h_210,f_jpg?from=ke.com
20240307,海淀,海淀北部新区,101116299482,海淀北部新区 中关村环保科技园华为 品质社区,1158万,68868元/平,中楼层 (共8层) 4室2厅 | 168.15平米 | 南 北,https://ke-image.ljcdn.com/110000-inspection/pc1_exbOtqHxY.jpg!m_fill,w_280,h_210,f_jpg?from=ke.com
20240307,海淀,海淀北部新区,101116143406,北辰香麓 平层四居 精装修 低密度 一梯一户 人车分流,1600万,57117元/平,低楼层 (共6层) | 2010年 | 5室1厅 | 280.13平米 | 南 北,https://ke-image.ljcdn.com/110000-inspection/pc1_6UinjT4qx_1.jpg!m_fill,w_280,h_210,f_jpg?from=ke.com
20240307,海淀,海淀北部新区,101116040559,三嘉信苑、高楼层、电梯两居、满五唯一,330万,51060元/平,高楼层 (共9层) | 2011年 | 2室1厅 | 64.63平米 | 东,https://ke-image.ljcdn.com/110000-inspection/eb8dd4d9-ed62-419c-a2a8-7a24ec42a690_1000.jpg!m_fill,w_280,h_210,f_jpg?from=ke.com
20240307,海淀,海淀北部新区,101115961104,上庄家园西区 上庄水库生态区 小三居 满五年,345万,56281元/平,中楼层 (共6层) | 1984年 | 3室1厅 | 61.3平米 | 南 北,https://ke-image.ljcdn.com/110000-inspection/fc921c69-958d-4d12-b6b8-daf41e7f4257_1000.jpg!m_fill,w_280,h_210,f_jpg?from=ke.com
20240307,海淀,海淀北部新区,101115916307,此房是满五年唯一南北通透精装修低楼层,450万,57296元/平,底层 (共15层) | 2013年 | 2室1厅 | 78.54平米 | 南 北,https://ke-image.ljcdn.com/110000-inspection/pc1_DDw6JpMQJ.jpg!m_fill,w_280,h_210,f_jpg?from=ke.com
20240307,海淀,海淀北部新区,101115882685,保利二期 人车分流 满五唯一 中间层 双通透 精装修房主自荐,645万,71200元/平,低楼层 (共8层) | 2010年 | 2室1厅 | 90.59平米 | 南 北,https://ke-image.ljcdn.com/110000-inspection/b4983323-5439-432d-af69-05e9b34af80c_1000.jpg!m_fill,w_280,h_210,f_jpg?from=ke.com
20240307,海淀,海淀北部新区,101115829300,林语公馆 满五唯一 西南北三面采光 大阳台 看房方便,660万,75706元/平,低楼层 (共8层) | 2009年 | 2室1厅 | 87.18平米 | 南 北 西南,https://ke-image.ljcdn.com/110000-inspection/7105d7a0-a3e8-43c9-a664-c2455e9a8422_1000.jpg!m_fill,w_280,h_210,f_jpg?from=ke.com
20240307,海淀,海淀北部新区,101115786519,温泉地区2015年小区 中国铁建环保嘉苑 全南向,566万,64136元/平,中楼层 (共9层) | 2015年 | 2室1厅 | 88.25平米 | 南,https://ke-image.ljcdn.com/110000-inspection/f8981bf0-da1a-4196-ba9a-a688bb0df0a7_1000.jpg!m_fill,w_280,h_210,f_jpg?from=ke.com
20240307,海淀,海淀北部新区,101115567541,中国铁建环保嘉苑低楼层房子出售满五年配套齐全,533万,56981元/平,底层 (共9层) | 2015年 | 2室1厅 | 93.54平米 | 南 北,https://ke-image.ljcdn.com/110000-inspection/pc1_EqnUKSNLk.jpg!m_fill,w_280,h_210,f_jpg?from=ke.com
20240307,海淀,海淀北部新区,101115348726,北清路科技住宅、恒温恒湿恒、南北通透、交通便利房主自荐,2599万,123001元/平,顶层 (共25层) | 2018年 | 4室2厅 | 211.3平米 | 南 北,https://ke-image.ljcdn.com/110000-inspection/pc1_TpjfdwyUP_1.jpg!m_fill,w_280,h_210,f_jpg?from=ke.com
20240307,海淀,海淀北部新区,101115343675,环保嘉苑三居室 新小区 有电梯 满五年 业主诚意出售,727万,67944元/平,中楼层 (共9层) | 2015年 | 3室1厅 | 107平米 | 东 西,https://ke-image.ljcdn.com/110000-inspection/pc1_BDXVHrdvp.jpg!m_fill,w_280,h_210,f_jpg?from=ke.com
20240307,海淀,海淀北部新区,101115335767,西山林语 中高楼层 精装 看房方便房主自荐,435万,77389元/平,高楼层 (共8层) | 2010年 | 2室1厅 | 56.21平米 | 西北,https://ke-image.ljcdn.com/110000-inspection/pc1_2EdgGOEEE_2.jpg!m_fill,w_280,h_210,f_jpg?from=ke.com
20240307,海淀,海淀北部新区,101115168545,保利西山林语  满五年唯一 南北通透 高楼层 采光好房主自荐,598万,67229元/平,中楼层 (共8层) | 2010年 | 3室1厅 | 88.95平米 | 南 北,https://ke-image.ljcdn.com/110000-inspection/pc1_83uDGLjHm.jpg!m_fill,w_280,h_210,f_jpg?from=ke.com
20240307,海淀,海淀北部新区,101115129627,温泉镇凯胜家园(一区)  满五唯一两居室,425万,53716元/平,底层 (共15层) 2室1厅 | 79.12平米 | 南 北,https://ke-image.ljcdn.com/110000-inspection/pc1_iTqk7Gwts.jpg!m_fill,w_280,h_210,f_jpg?from=ke.com
20240307,海淀,海淀北部新区,101115035985,首创天阅西山 精装修平层四居室 朝中庭观景效果好,2350万,110329元/平,顶层 (共25层) | 2018年 | 4室2厅 | 213平米 | 南 北,https://ke-image.ljcdn.com/110000-inspection/127cd55d-532f-4a28-8cb1-16e9771ba15f_1000.jpg!m_fill,w_280,h_210,f_jpg?from=ke.com
20240307,海淀,海淀北部新区,101114679209,冠城大通百旺府 满五年唯一 两卧朝南 采光好,668万,67380元/平,低楼层 (共11层) | 2007年 | 2室1厅 | 99.14平米 | 南 西,https://ke-image.ljcdn.com/110000-inspection/pc1_HoEi2S0fE.jpg!m_fill,w_280,h_210,f_jpg?from=ke.com
20240307,海淀,海淀北部新区,101114502019,保利·西山林语。南北通透三居 方正户型 精装修诚出售,630万,70827元/平,高楼层 (共8层) | 2010年 | 3室1厅 | 88.95平米 | 南 北,https://ke-image.ljcdn.com/110000-inspection/672c1034-1fc6-49ee-8ff2-e07d9e323793_1000.jpg!m_fill,w_280,h_210,f_jpg?from=ke.com
20240307,海淀,海淀北部新区,101114427061,位置安静 南北通透 采光充足 产权清晰 无抵押 商品房,345万,56558元/平,顶层 (共5层) | 2000年 | 2室1厅 | 61平米 | 南 北,https://ke-image.ljcdn.com/110000-inspection/daa8769e-0367-4875-a3d5-18b1dcb30013_1000.jpg!m_fill,w_280,h_210,f_jpg?from=ke.com
20240307,海淀,海淀北部新区,101114373208,上庄三嘉信苑 有电梯 高楼层 南向两居室,358万,56637元/平,高楼层 (共10层) | 2011年 | 2室1厅 | 63.21平米 | 南,https://ke-image.ljcdn.com/110000-inspection/8873de52-eb6e-4384-81ac-adbca4291105_1000.jpg!m_fill,w_280,h_210,f_jpg?from=ke.com
20240307,海淀,海淀北部新区,101114315182,海淀北部新区北清路沿线温泉凯盛家园一区,388万,64313元/平,中楼层 (共15层) 1室1厅 | 60.33平米 | 南,https://ke-image.ljcdn.com/110000-inspection/dacd21af-4203-448b-a7bb-59ffd07141a6_1000.jpg!m_fill,w_280,h_210,f_jpg?from=ke.com
20240307,海淀,海淀北部新区,101114313488,凯盛家园 1室1厅 南,290万,48326元/平,低楼层 (共15层) 1室1厅 | 60.01平米 | 南,https://ke-image.ljcdn.com/110000-inspection/bf4ce5a4-9a67-47e6-b262-09a6a264f9c0_1000.jpg!m_fill,w_280,h_210,f_jpg?from=ke.com
20240307,海淀,海淀北部新区,101114287960,上庄家园西区 中间楼层两居室 精装修 诚意出售,385万,70643元/平,中楼层 (共4层) | 1983年 | 2室1厅 | 54.5平米 | 南,https://ke-image.ljcdn.com/110000-inspection/3677d504-9875-4ad2-bcbe-863d354c3003_1000.jpg!m_fill,w_280,h_210,f_jpg?from=ke.com
20240307,海淀,海淀北部新区,101114051873,北辰香麓低密度洋房高楼层可观山,1210万,52573元/平,高楼层 (共6层) 4室3厅 | 230.16平米 | 南 北,https://ke-image.ljcdn.com/110000-inspection/8e25e367-b36e-415d-a7ee-7edfce95570f_1000.jpg!m_fill,w_280,h_210,f_jpg?from=ke.com
20240307,海淀,海淀北部新区,101113885338,此房满五唯一南北双通透采光足配套设施齐全房主自荐,410万,84051元/平,中楼层 (共8层) | 2011年 | 1室1厅 | 48.78平米 | 南,https://ke-image.ljcdn.com/110000-inspection/pc1_xhZboPeeJ_1.jpg!m_fill,w_280,h_210,f_jpg?from=ke.com
20240307,海淀,海淀北部新区,101113602573,首创天阅西山中高楼层大平层精装修,2580万,121127元/平,中楼层 (共25层) | 2018年 | 4室2厅 | 213平米 | 南 北,https://ke-image.ljcdn.com/110000-inspection/6b455d4c-6226-4699-a2dc-0567263b6598_1000.jpg!m_fill,w_280,h_210,f_jpg?from=ke.com
20240307,海淀,海淀北部新区,101113395840,北京温泉北京分析仪器厂家属宿舍房主自荐,362万,58294元/平,中楼层 (共4层) 2室1厅 | 62.1平米 | 南,https://ke-image.ljcdn.com/110000-inspection/pc1_rZVHbqFAE_2.jpg!m_fill,w_280,h_210,f_jpg?from=ke.com
20240307,海淀,海淀北部新区,101113337588,保利西山林语 三期 中高楼层 两居室  诚意出售房主自荐,533万,58896元/平,中楼层 (共8层) | 2011年 | 2室1厅 | 90.5平米 | 南 北,https://ke-image.ljcdn.com/110000-inspection/154284c4-7a0e-4359-9187-535cb81bc37d_1000.jpg!m_fill,w_280,h_210,f_jpg?from=ke.com
20240307,海淀,海淀北部新区,101113209567,温泉凯盛家园   精装   南北通透   价格可谈,380万,63546元/平,底层 (共15层) 1室1厅 | 59.8平米 | 南 北,https://ke-image.ljcdn.com/110000-inspection/pc1_K6cbfVol6_1.jpg!m_fill,w_280,h_210,f_jpg?from=ke.com
20240307,海淀,海淀北部新区,101113194118,凯盛家园满五 户型棒 看房需要预约 精装出租中,345万,57072元/平,高楼层 (共15层) | 2013年 | 1室1厅 | 60.45平米 | 南,https://ke-image.ljcdn.com/110000-inspection/pc1_iYeuG4lJj.jpg!m_fill,w_280,h_210,f_jpg?from=ke.com
20240307,海淀,海淀北部新区,101112587530,2016年社区 落地窗边户型双明卫 自住装修 中央空调,1590万,89176元/平,中楼层 (共7层) | 2016年 | 4室2厅 | 178.3平米 | 南 北,https://ke-image.ljcdn.com/110000-inspection/c30f6e20-27c8-48c6-a84d-5d0dcd7b2f35_1000.jpg!m_fill,w_280,h_210,f_jpg?from=ke.com
20240307,海淀,海淀北部新区,101112527524,环山村  低楼层  全明格局  南北通透两居室,405万,62404元/平,底层 (共6层) 2室1厅 | 64.9平米 | 南 北,https://ke-image.ljcdn.com/110000-inspection/e6a7aae3-5391-4a85-8b88-98acf46e5ea8_1000.jpg!m_fill,w_280,h_210,f_jpg?from=ke.com
20240307,海淀,海淀北部新区,101112284169,海淀北部新区温泉镇老年医院家属楼 精装修房主自荐,438万,77113元/平,中楼层 (共4层) | 1978年 | 3室1厅 | 56.8平米 | 南 北,https://ke-image.ljcdn.com/110000-inspection/0ce060c2-49d5-41b6-bfcc-a577985c162a_1000.jpg!m_fill,w_280,h_210,f_jpg?from=ke.com
20240307,海淀,海淀北部新区,101112228377,满五唯一小区中间位置中高楼层朝南向 精装修房主自荐,380万,63355元/平,高楼层 (共15层) 1室1厅 | 59.98平米 | 南,https://ke-image.ljcdn.com/110000-inspection/81cfc233-4158-4015-944b-af05e1afe399_1000.jpg!m_fill,w_280,h_210,f_jpg?from=ke.com
20240307,海淀,海淀北部新区,101111768627,保利西山林语 一梯两户 精装修 自己住房主自荐,1080万,62324元/平,底层 (共7层) | 2010年 | 4室2厅 | 173.29平米 | 南 北,https://ke-image.ljcdn.com/110000-inspection/pc1_t86FYQ6bJ_1.jpg!m_fill,w_280,h_210,f_jpg?from=ke.com
20240307,海淀,海淀北部新区,101111676400,新三区 满五年唯一三居室 有钥匙随时看房 价格可谈,1260万,90479元/平,中楼层 (共5层) | 2019年 | 3室2厅 | 139.26平米 | 南 北,https://ke-image.ljcdn.com/110000-inspection/pc1_VScOsdZ32.jpg!m_fill,w_280,h_210,f_jpg?from=ke.com
20240307,海淀,海淀北部新区,101111489135,航天城小区 少有大面积复式 诚心出售,1620万,79584元/平,顶层 (共6层) | 2001年 | 5室3厅 | 203.56平米 | 南 北,https://ke-image.ljcdn.com/110000-inspection/pc1_xYuRWwSuE_1.jpg!m_fill,w_280,h_210,f_jpg?from=ke.com
20240307,海淀,海淀北部新区,101111438195,林语公馆 中高楼层 大三居 双卧室朝南 不临街南北通透,926万,70110元/平,中楼层 (共8层) 3室2厅 | 132.08平米 | 南 北,https://ke-image.ljcdn.com/110000-inspection/6a395c53-5159-45cf-a35e-6f72eca3e8d1_1000.jpg!m_fill,w_280,h_210,f_jpg?from=ke.com
20240307,海淀,海淀北部新区,101106616539,此房满两年诚意出售高楼层采光视野开阔房主自荐,1150万,86878元/平,中楼层 (共11层) | 2016年 | 3室2厅 | 132.37平米 | 南 北,https://ke-image.ljcdn.com/110000-inspection/pc1_mpRUhTfCK_1.jpg!m_fill,w_280,h_210,f_jpg?from=ke.com
20240307,海淀,海淀北部新区,101106156779,满五年唯一 南北通透 视野开阔 人车分流 低密度板楼,680万,67035元/平,顶层 (共8层) 2室1厅 | 101.44平米 | 南 北,https://ke-image.ljcdn.com/110000-inspection/pc1_VRJIEThGT_2.jpg!m_fill,w_280,h_210,f_jpg?from=ke.com
20240307,海淀,海淀北部新区,101102561774,业主诚心出售 随时可看 客厅双卧南 小区中间位置大3居,885万,61802元/平,顶层 (共8层) 3室1厅 | 143.2平米 | 南 北,https://ke-image.ljcdn.com/110000-inspection/pc1_WrM7J8B7d_1.jpg!m_fill,w_280,h_210,f_jpg?from=ke.com
20240307,海淀,海淀北部新区,101123253722,西六砖瓦厂家属楼 新楼 诚意出售 随时看房新上,288万,50429元/平,顶层 (共6层) | 2005年 | 3室1厅 | 57.11平米 | 东 西,https://ke-image.ljcdn.com/110000-inspection/pc1_fUwO4E6Rr.jpg!m_fill,w_280,h_210,f_jpg?from=ke.com
20240307,海淀,海淀北部新区,101123232555,高楼层 南向采光 视野好 户型好新上,318万,51860元/平,中楼层 (共15层) 1室1厅 | 61.32平米 | 南,https://ke-image.ljcdn.com/110000-inspection/pc1_k6vmmPIu0.jpg!m_fill,w_280,h_210,f_jpg?from=ke.com
20240307,海淀,海淀北部新区,101123231719,环山村 3室1厅 东 南 北新上,560万,55995元/平,底层 (共6层) 3室1厅 | 100.01平米 | 东 南 北,https://ke-image.ljcdn.com/110000-inspection/7345633b-10cd-419b-963f-40ad48bd93ba_1000.jpg!m_fill,w_280,h_210,f_jpg?from=ke.com
20240307,海淀,海淀北部新区,101123170033,林科院宿舍 2室1厅 南 北新上,750万,115031元/平,中楼层 (共6层) 2室1厅 | 65.2平米 | 南 北,https://ke-image.ljcdn.com/110000-inspection/0a33bd12-17b4-4689-87bc-8bb829781dc4_1000.jpg!m_fill,w_280,h_210,f_jpg?from=ke.com
20240307,海淀,海淀北部新区,101123154976,海淀嘉郡 3室2厅 南 北新上,530万,55626元/平,中楼层 (共16层) 3室2厅 | 95.28平米 | 南 北,https://ke-image.ljcdn.com/110000-inspection/pc1_JsNIqvsPg.jpg!m_fill,w_280,h_210,f_jpg?from=ke.com
20240307,海淀,海淀北部新区,101123131980,中国铁建环保嘉苑 1室1厅 南新上,439万,60753元/平,底层 (共9层) | 2015年 | 1室1厅 | 72.26平米 | 南,https://ke-image.ljcdn.com/110000-inspection/pc1_IFZK4HSa3.jpg!m_fill,w_280,h_210,f_jpg?from=ke.com
20240307,海淀,海淀北部新区,101123109707,保利西山林语 中高楼层 精装修 看房方便新上,576万,64953元/平,中楼层 (共8层) | 2010年 | 2室1厅 | 88.68平米 | 东南,https://ke-image.ljcdn.com/110000-inspection/dd1bf434-cc0c-4077-a2b3-abae8352652c_1000.jpg!m_fill,w_280,h_210,f_jpg?from=ke.com
20240307,海淀,海淀北部新区,101123070261,西北旺 软件园边2004年大两居 宏丰西路1号院,430万,49902元/平,高楼层 (共6层) 2室1厅 | 86.17平米 | 南 北,https://ke-image.ljcdn.com/110000-inspection/d2b9ebd3-1e08-419e-844f-4e140ae9810d_1000.jpg!m_fill,w_280,h_210,f_jpg?from=ke.com
20240307,海淀,海淀北部新区,101123052989,百旺府  新三区 精装拎包入住 有楼上带卧室活动储物区,1350万,96907元/平,顶层 (共5层) | 2018年 | 4室1厅 | 139.31平米 | 南 北,https://ke-image.ljcdn.com/110000-inspection/pc1_geBeIbAyr.jpg!m_fill,w_280,h_210,f_jpg?from=ke.com
20240307,海淀,海淀北部新区,101123051653,北分厂 3室1厅 南 北房主自荐,530万,82171元/平,底层 (共6层) | 1986年 | 3室1厅 | 64.5平米 | 南 北,https://ke-image.ljcdn.com/110000-inspection/pc1_YMhAYy5HI.jpg!m_fill,w_280,h_210,f_jpg?from=ke.com
20240307,海淀,海淀北部新区,101123034136,海淀嘉郡 2室1厅 南,468万,52285元/平,顶层 (共16层) | 2016年 | 2室1厅 | 89.51平米 | 南,https://ke-image.ljcdn.com/110000-inspection/b0cdc5c7-51e1-4944-9a3d-bc537cc54bcd_1000.jpg!m_fill,w_280,h_210,f_jpg?from=ke.com
20240307,海淀,海淀北部新区,101122967552,保利西山林语 南向大一居室 舒适人车分离 诚售房主自荐,430万,58880元/平,低楼层 (共7层) | 2009年 | 1室1厅 | 73.03平米 | 南,https://ke-image.ljcdn.com/110000-inspection/pc1_ID7TDJ1El.jpg!m_fill,w_280,h_210,f_jpg?from=ke.com
20240307,海淀,海淀北部新区,101122961998,温泉路45号院两居室南北通透,410万,53303元/平,高楼层 (共6层) | 1996年 | 2室1厅 | 76.92平米 | 南 北,https://ke-image.ljcdn.com/110000-inspection/pc1_dK7Ki9Pfg.jpg!m_fill,w_280,h_210,f_jpg?from=ke.com
20240307,海淀,海淀北部新区,101122953391,凯盛家园  满五唯一  海淀产权两居  诚意出售,479万,60457元/平,中楼层 (共15层) 2室1厅 | 79.23平米 | 南 北,https://ke-image.ljcdn.com/110000-inspection/pc1_2jgcAsYZL.jpg!m_fill,w_280,h_210,f_jpg?from=ke.com
20240307,海淀,海淀北部新区,101122936205,海淀 20年交房科技住宅、不临街一梯一户高层视野好,2150万,101945元/平,高楼层 (共25层) | 2018年 | 4室2厅 | 210.9平米 | 南 北,https://ke-image.ljcdn.com/110000-inspection/pc1_dTiwnCxdX.jpg!m_fill,w_280,h_210,f_jpg?from=ke.com
20240307,海淀,海淀北部新区,101122917258,近地铁 婚房精装三居 南北通透 生活方便,560万,73685元/平,底层 (共6层) 3室2厅 | 76平米 | 南 北,https://ke-image.ljcdn.com/110000-inspection/pc1_QcqlwL9lb.jpg!m_fill,w_280,h_210,f_jpg?from=ke.com
20240307,海淀,海淀北部新区,101122917177,近地铁南北精装居住惬意舒适生活方便,420万,80306元/平,底层 (共6层) 2室1厅 | 52.3平米 | 南,https://ke-image.ljcdn.com/110000-inspection/pc1_BUK9ZWunW.jpg!m_fill,w_280,h_210,f_jpg?from=ke.com
20240307,海淀,海淀北部新区,101122891000,保利西山林语 满五唯一 方正三居 采光好房主自荐,619万,67437元/平,中楼层 (共8层) | 2010年 | 3室1厅 | 91.79平米 | 东南,https://ke-image.ljcdn.com/110000-inspection/c3f9948d-1cdb-4c47-ac99-8634faf91637_1000.jpg!m_fill,w_280,h_210,f_jpg?from=ke.com
20240307,海淀,海淀北部新区,101122829030,急售房源 正源尚峰尚水 满五唯一 南北通透 靠谱签约,745万,67963元/平,低楼层 (共9层) | 2012年 | 3室2厅 | 109.62平米 | 南 北,https://ke-image.ljcdn.com/110000-inspection/pc1_S3BRRvzYI.jpg!m_fill,w_280,h_210,f_jpg?from=ke.com
20240307,海淀,海淀北部新区,101122799445,三嘉信苑 3室1厅 南 北,470万,52130元/平,低楼层 (共6层) | 2011年 | 3室1厅 | 90.16平米 | 南 北,https://ke-image.ljcdn.com/110000-inspection/pc1_YNecA5FWj.jpg!m_fill,w_280,h_210,f_jpg?from=ke.com
20240307,海淀,海淀北部新区,101122769936,翠湖别墅C区 3室2厅 东 南 西 北,2060万,94013元/平,底层 (共2层) 3室2厅 | 219.12平米 | 东 南 西 北,https://ke-image.ljcdn.com/110000-inspection/pc1_d2uN4XwhW.jpg!m_fill,w_280,h_210,f_jpg?from=ke.com
20240307,海淀,海淀北部新区,101122724014,首套贷款275万 满五年唯一 一层 有大阳台房主自荐,430万,70527元/平,底层 (共6层) 2室1厅 | 60.97平米 | 南 北,https://ke-image.ljcdn.com/110000-inspection/7e19c08e-3d4b-47dd-9756-98852387c67e_1000.jpg!m_fill,w_280,h_210,f_jpg?from=ke.com
20240307,海淀,海淀北部新区,101122695048,北分厂 3室1厅 南 北,435万,62953元/平,中楼层 (共6层) | 1986年 | 3室1厅 | 69.1平米 | 南 北,https://ke-image.ljcdn.com/110000-inspection/d481a675-a1d4-4d53-a170-12bcb1250805_1000.jpg!m_fill,w_280,h_210,f_jpg?from=ke.com
20240307,海淀,海淀北部新区,101122666781,环保园园区内南北通透两居室满五唯一可观山景,525万,59410元/平,中楼层 (共9层) | 2015年 | 2室2厅 | 88.37平米 | 南 北,https://ke-image.ljcdn.com/110000-inspection/pc1_qtQIhYFPS.jpg!m_fill,w_280,h_210,f_jpg?from=ke.com
20240307,海淀,海淀北部新区,101122620133,中间楼层大三居看房有钥匙南北通透,907万,62043元/平,中楼层 (共8层) | 2009年 | 3室2厅 | 146.19平米 | 南 北,https://ke-image.ljcdn.com/110000-inspection/pc1_axLzGY6gO_1.jpg!m_fill,w_280,h_210,f_jpg?from=ke.com
20240307,海淀,海淀北部新区,101122605272,西山林场家属院2000年的楼单位干部分房,415万,58197元/平,低楼层 (共3层) 2室1厅 | 71.31平米 | 南 北,https://ke-image.ljcdn.com/110000-inspection/24ed72b2-1d53-4210-bbe0-cd18ed7c42a6_1000.jpg!m_fill,w_280,h_210,f_jpg?from=ke.com
20240307,海淀,海淀北部新区,101122524553,冠城大通百旺府 精装修 新三区下跃户型,1399万,55025元/平,底层 (共7层) | 2018年 | 5室2厅 | 254.25平米 | 南 北,https://ke-image.ljcdn.com/110000-inspection/pc1_Obo332Z31.jpg!m_fill,w_280,h_210,f_jpg?from=ke.com
20240307,海淀,海淀北部新区,101122477272,叠拼别墅南北通透带大路台满五年唯一净高3.4米,1495万,65159元/平,中楼层 (共5层) 5室2厅 | 229.44平米 | 南 北,https://ke-image.ljcdn.com/110000-inspection/pc1_fgMZ7PIlp.jpg!m_fill,w_280,h_210,f_jpg?from=ke.com
20240307,海淀,海淀北部新区,101122476412,顶层加50平南北通透大三居满五唯一视野开阔,950万,67176元/平,顶层 (共8层) | 2008年 | 3室2厅 | 141.42平米 | 南 北,https://ke-image.ljcdn.com/110000-inspection/e6be57b3-4721-4820-8380-7ca978539290_1000.jpg!m_fill,w_280,h_210,f_jpg?from=ke.com
20240307,海淀,海淀北部新区,101122455629,海淀嘉郡 满五唯一 精装修 南北三居 方正户型,460万,52155元/平,低楼层 (共16层) 3室2厅 | 88.2平米 | 南 北,https://ke-image.ljcdn.com/110000-inspection/pc1_3edWuylq9.jpg!m_fill,w_280,h_210,f_jpg?from=ke.com
20240307,海淀,海淀北部新区,101122448630,中国铁建环保嘉苑 2室2厅 东 西,530万,58172元/平,低楼层 (共9层) | 2015年 | 2室2厅 | 91.11平米 | 东 西,https://ke-image.ljcdn.com/110000-inspection/8803e76d-161e-4dba-9a6c-5c76094bd9e0_1000.jpg!m_fill,w_280,h_210,f_jpg?from=ke.com
20240307,海淀,海淀北部新区,101122447253,急售房源正源尚峰尚水 一层带地下 南北通透 满五唯一房主自荐,768万,82324元/平,底层 (共9层) | 2012年 | 2室1厅 | 93.29平米 | 南 北,https://ke-image.ljcdn.com/110000-inspection/pc1_r54S24Zkj.jpg!m_fill,w_280,h_210,f_jpg?from=ke.com
20240307,海淀,海淀北部新区,101122420584,永丰嘉园二区  高楼层  诚心出售,1149万,76857元/平,低楼层 (共6层) | 2009年 | 3室1厅 | 149.5平米 | 南 北,https://ke-image.ljcdn.com/110000-inspection/819083a6-e829-4432-9bff-7c36ca6ee934_1000.jpg!m_fill,w_280,h_210,f_jpg?from=ke.com
20240307,海淀,海淀北部新区,101122407682,冠城大通百旺府 永丰嘉园 一二层精装复式四居四卫,1880万,75086元/平,底层 (共5层) | 2009年 | 4室2厅 | 250.38平米 | 南 北,https://ke-image.ljcdn.com/110000-inspection/pc1_bTsFhsucn.jpg!m_fill,w_280,h_210,f_jpg?from=ke.com
20240307,海淀,海淀北部新区,101122381852,满两年只有契税南北通透全明格局精装修,975万,83477元/平,底层 (共11层) | 2016年 | 2室2厅 | 116.8平米 | 南 北,https://ke-image.ljcdn.com/110000-inspection/pc1_WRSiAr3p2_1.jpg!m_fill,w_280,h_210,f_jpg?from=ke.com
20240307,海淀,海淀北部新区,101122378323,冠城大通百旺府新三区优质三居开发商精装只有契税,1258万,91825元/平,低楼层 (共7层) | 2019年 | 3室2厅 | 137平米 | 南 北,https://ke-image.ljcdn.com/110000-inspection/ef83bf0f-d537-49af-8805-da7e63f2e0f6_1000.jpg!m_fill,w_280,h_210,f_jpg?from=ke.com
20240307,海淀,海淀北部新区,101122376761,精装修 低密度复式 无遮挡 南北向,1285万,55778元/平,低楼层 (共7层) 4室3厅 | 230.38平米 | 南 北,https://ke-image.ljcdn.com/110000-inspection/fe7a91f1-92a7-4643-897e-a3f0b906d1e7_1000.jpg!m_fill,w_280,h_210,f_jpg?from=ke.com
20240307,海淀,海淀北部新区,101122343427,凯盛家园 1室1厅 南,330万,53817元/平,高楼层 (共15层) | 2013年 | 1室1厅 | 61.32平米 | 南,https://ke-image.ljcdn.com/110000-inspection/pc1_f6VNrnPQK_1.jpg!m_fill,w_280,h_210,f_jpg?from=ke.com
20240307,海淀,海淀北部新区,101122320858,海淀嘉郡 满五唯一  南北通透 电梯房   万科物业,405万,50336元/平,中楼层 (共16层) 2室1厅 | 80.46平米 | 北 南,https://ke-image.ljcdn.com/110000-inspection/c7a69335-ac7f-4a78-ad31-c10b00507e52_1000.jpg!m_fill,w_280,h_210,f_jpg?from=ke.com
20240307,海淀,海淀北部新区,101122307747,小区中部位置不临街不把边 户型方正,655万,66491元/平,低楼层 (共9层) | 2012年 | 2室2厅 | 98.51平米 | 西南,https://ke-image.ljcdn.com/110000-inspection/pc1_OwoHJEDF8.jpg!m_fill,w_280,h_210,f_jpg?from=ke.com
20240307,海淀,海淀北部新区,101122307061,海淀产权 次新小区 万科物业 南向2居 全屋新风地暖,469.5万,55360元/平,顶层 (共16层) | 2016年 | 2室1厅 | 84.81平米 | 南,https://ke-image.ljcdn.com/110000-inspection/9068bca2-4e16-4eb2-8325-ade5202c4e63_1000.jpg!m_fill,w_280,h_210,f_jpg?from=ke.com
20240307,海淀,海淀北部新区,101122303120,三嘉信苑 2室1厅 南 北,315万,49764元/平,顶层 (共6层) | 2011年 | 2室1厅 | 63.3平米 | 南 北,https://ke-image.ljcdn.com/110000-inspection/pc1_AlvPolW9u.jpg!m_fill,w_280,h_210,f_jpg?from=ke.com
20240307,海淀,海淀北部新区,101122247033,海淀嘉郡 2室1厅 南 北房主自荐,450万,57856元/平,中楼层 (共10层) 2室1厅 | 77.78平米 | 南 北,https://ke-image.ljcdn.com/110000-inspection/578aecb9-bd56-420c-965f-0b247d5e575e_1000.jpg!m_fill,w_280,h_210,f_jpg?from=ke.com
20240307,海淀,海淀北部新区,101122242853,海淀产权 中间位置 中高楼层 精装修 有电梯,315万,45932元/平,高楼层 (共16层) | 2013年 | 1室1厅 | 68.58平米 | 南,https://ke-image.ljcdn.com/110000-inspection/99363855-4e38-4893-8036-792c3a381cff_1000.jpg!m_fill,w_280,h_210,f_jpg?from=ke.com
20240307,海淀,海淀北部新区,101122236724,海淀北部新区精装下叠拼满五唯一看房方便业主诚意房主自荐,2028万,62251元/平,底层 (共4层) | 2009年 | 5室3厅 | 325.78平米 | 南 北,https://ke-image.ljcdn.com/110000-inspection/pc1_jIW0vqit4.jpg!m_fill,w_280,h_210,f_jpg?from=ke.com
20240307,海淀,海淀北部新区,101122219151,英式双拼精装修直观西山业主诚售,2320万,62880元/平,底层 (共2层) 4室1厅 | 368.96平米 | 南 北,https://ke-image.ljcdn.com/110000-inspection/pc1_ZfhWo4orC.jpg!m_fill,w_280,h_210,f_jpg?from=ke.com
20240307,海淀,海淀北部新区,101122123872,冠城大通百旺府 四区 电梯直达车库 2016年交房,960万,88504元/平,中楼层 (共11层) | 2016年 | 3室1厅 | 108.47平米 | 南 北,https://ke-image.ljcdn.com/110000-inspection/pc1_kUpCuGooI.jpg!m_fill,w_280,h_210,f_jpg?from=ke.com
20240307,海淀,海淀北部新区,101122118737,冠城大通百旺府 4室2厅 南 北,1830万,75981元/平,顶层 (共3层) 4室2厅 | 240.85平米 | 南 北,https://ke-image.ljcdn.com/110000-inspection/pc1_lhLnyIGQz.jpg!m_fill,w_280,h_210,f_jpg?from=ke.com
20240307,海淀,海淀北部新区,101122094612,北辰香麓 洋房叠拼 豪 华装修 拎包入住房主自荐,1800万,63560元/平,底层 (共2层) | 2009年 | 4室3厅 | 283.2平米 | 南 北,https://ke-image.ljcdn.com/110000-inspection/pc1_CZ71peSvE.jpg!m_fill,w_280,h_210,f_jpg?from=ke.com
20240307,海淀,海淀北部新区,101122093641,海淀嘉郡三居室、万科物业、南北通透、明厨明卫,576万,59640元/平,中楼层 (共16层) 3室2厅 | 96.58平米 | 东 南 北,https://ke-image.ljcdn.com/110000-inspection/fc4f6f33-4742-4f8c-a971-1ada7ab0e0b5_1000.jpg!m_fill,w_280,h_210,f_jpg?from=ke.com
20240307,海淀,海淀北部新区,101122083091,半山枫林香山85号院 7室2厅 南 北,3200万,70230元/平,底层 (共3层) | 2003年 | 7室2厅 | 455.65平米 | 南 北,https://ke-image.ljcdn.com/110000-inspection/5206da02-a65e-4320-a92e-f389e9555af3_1000.jpg!m_fill,w_280,h_210,f_jpg?from=ke.com
20240307,海淀,海淀北部新区,101122078243,三嘉信苑出入便利商品房正规两居室,295万,46945元/平,底层 (共6层) | 2011年 | 2室1厅 | 62.84平米 | 东 西,https://ke-image.ljcdn.com/110000-inspection/pc1_Bfd0uTczS.jpg!m_fill,w_280,h_210,f_jpg?from=ke.com
20240307,海淀,海淀北部新区,101122001095,海淀正源尚峰尚水 南北通透 满五唯一 精装修 稳定出售房主自荐,670万,70735元/平,中楼层 (共9层) 2室1厅 | 94.72平米 | 南 北,https://ke-image.ljcdn.com/110000-inspection/pc1_bA4x9q5zO.jpg!m_fill,w_280,h_210,f_jpg?from=ke.com
20240307,海淀,海淀北部新区,101121972366,北辰香麓 精装四居室 挑高客厅 居住舒适,1350万,60891元/平,中楼层 (共6层) 4室2厅 | 221.71平米 | 南 北,https://ke-image.ljcdn.com/110000-inspection/pc1_ap1U4X7eo.jpg!m_fill,w_280,h_210,f_jpg?from=ke.com
20240307,海淀,海淀北部新区,101121965864,保利西山林语 106.18平二居室  弧形阳台 诚意出售,680万,64043元/平,中楼层 (共8层) | 2010年 | 2室1厅 | 106.18平米 | 南 北,https://ke-image.ljcdn.com/110000-inspection/0630c232-edc2-4c8c-be46-7be64f07e90e_1000.jpg!m_fill,w_280,h_210,f_jpg?from=ke.com
20240307,海淀,海淀北部新区,101121948569,三嘉信苑 2室1厅 南 北,315万,50272元/平,中楼层 (共6层) | 2011年 | 2室1厅 | 62.66平米 | 南 北,https://ke-image.ljcdn.com/110000-inspection/1897999d-8cef-4065-9c4e-a70cf7f49b4f_1000.jpg!m_fill,w_280,h_210,f_jpg?from=ke.com
20240307,海淀,海淀北部新区,101121935331,海淀嘉郡独立入户空间+双阳台满五唯一2梯3户。,420万,47340元/平,低楼层 (共16层) | 2015年 | 2室1厅 | 88.72平米 | 南 北,https://ke-image.ljcdn.com/110000-inspection/pc1_XVxi07xhi.jpg!m_fill,w_280,h_210,f_jpg?from=ke.com
20240307,海淀,海淀北部新区,101121892502,半山联排别墅 北入户 带私家车位 格局好,2800万,73553元/平,底层 (共3层) | 2005年 | 4室2厅 | 380.68平米 | 南 北,https://ke-image.ljcdn.com/110000-inspection/pc1_DBS4Y8GJc_2.jpg!m_fill,w_280,h_210,f_jpg?from=ke.com
20240307,海淀,海淀北部新区,101121891198,保利西山林语南北通透 人车分流 总价便宜 诚意出售,549万,57863元/平,底层 (共8层) | 2010年 | 2室1厅 | 94.88平米 | 南 北,https://ke-image.ljcdn.com/110000-inspection/pc1_zOZmngTxY.jpg!m_fill,w_280,h_210,f_jpg?from=ke.com
20240307,海淀,海淀北部新区,101121825719,公馆低密度 一层带下跃  满五年唯一 采光好 方便看房,900万,40269元/平,底层 (共8层) 3室1厅 | 223.5平米 | 南 北,https://ke-image.ljcdn.com/110000-inspection/pc1_G5BWSVhGx.jpg!m_fill,w_280,h_210,f_jpg?from=ke.com
20240307,海淀,海淀北部新区,101121772858,中国铁建环保嘉苑 高楼层南北两居,525万,59410元/平,高楼层 (共9层) | 2015年 | 2室1厅 | 88.37平米 | 南 北,https://ke-image.ljcdn.com/110000-inspection/pc1_J3EYOsSk5_1.jpg!m_fill,w_280,h_210,f_jpg?from=ke.com
20240307,海淀,海淀北部新区,101121711956,保利西山林语 精装修 两居室 卫生间带窗户,836万,81665元/平,顶层 (共8层) | 2010年 | 2室2厅 | 102.37平米 | 南 北,https://ke-image.ljcdn.com/110000-inspection/33609b84-3fd6-40a2-b51f-ba92c5bc832b_1000.jpg!m_fill,w_280,h_210,f_jpg?from=ke.com
20240307,海淀,海淀北部新区,101121692848,航天城 少有三居复式 高楼层 有电梯 看房随时,1498万,88227元/平,顶层 (共6层) | 2001年 | 3室2厅 | 169.79平米 | 南 北,https://ke-image.ljcdn.com/110000-inspection/pc1_sFOPMYrT4.jpg!m_fill,w_280,h_210,f_jpg?from=ke.com
20240307,海淀,海淀北部新区,101121567332,海淀北部新区安静社区地铁和环保科技园满五唯一商品房房主自荐,343万,68464元/平,底层 (共3层) 2室1厅 | 50.1平米 | 南 北,https://ke-image.ljcdn.com/110000-inspection/pc1_HcDMqyS77.jpg!m_fill,w_280,h_210,f_jpg?from=ke.com
20240307,海淀,海淀北部新区,101121567240,冠城大通百旺府 3室2厅 南 北,1450万,103262元/平,顶层 (共5层) | 2019年 | 3室2厅 | 140.42平米 | 南 北,https://ke-image.ljcdn.com/110000-inspection/pc1_hvR1dtS32_1.jpg!m_fill,w_280,h_210,f_jpg?from=ke.com
20240307,海淀,海淀北部新区,101121504114,冠城大通百旺府 二区顶层 看房随时,1020万,82219元/平,顶层 (共7层) 3室2厅 | 124.06平米 | 南 北,https://ke-image.ljcdn.com/110000-inspection/pc1_0oDx1H5oX.jpg!m_fill,w_280,h_210,f_jpg?from=ke.com
20240307,海淀,海淀北部新区,101121498604,保利西山林语 3室2厅 南 北,930万,63712元/平,中楼层 (共8层) | 2009年 | 3室2厅 | 145.97平米 | 南 北,https://ke-image.ljcdn.com/110000-inspection/fb093331-cfa6-4960-90d8-1d759f85973e_1000.jpg!m_fill,w_280,h_210,f_jpg?from=ke.com
20240307,海淀,海淀北部新区,101121472298,航天城 顶层复式 中间位置 全明格局 少有户型出售,1960万,84596元/平,顶层 (共6层) | 2003年 | 5室3厅 | 231.69平米 | 南 北,https://ke-image.ljcdn.com/110000-inspection/c9d45c49-aa2d-4f0d-a55d-287d7617de17_1000.jpg!m_fill,w_280,h_210,f_jpg?from=ke.com
20240307,海淀,海淀北部新区,101121418686,三嘉信苑 2室1厅 东,338万,52298元/平,低楼层 (共9层) | 2011年 | 2室1厅 | 64.63平米 | 东,https://ke-image.ljcdn.com/110000-inspection/pc1_OBQJROyPz.jpg!m_fill,w_280,h_210,f_jpg?from=ke.com
20240307,海淀,海淀北部新区,101121378091,1%服务费 南入户北花园 私人庭院 私家电梯 泳池 双拼,2300万,60053元/平,底层 (共2层) | 2008年 | 4室2厅 | 383平米 | 东 南 西 北,https://ke-image.ljcdn.com/110000-inspection/02556f71-8931-44c1-9700-78a64b255db7_1000.jpg!m_fill,w_280,h_210,f_jpg?from=ke.com
20240307,海淀,海淀北部新区,101121376416,1%服务费 精装修 双拼 北花园 内置电梯 海淀 近五环,2200万,62348元/平,底层 (共2层) | 2009年 | 4室2厅 | 352.86平米 | 南 北,https://ke-image.ljcdn.com/110000-inspection/3dd7cece-b3a4-42eb-9d0e-4911b5d6d438_1000.jpg!m_fill,w_280,h_210,f_jpg?from=ke.com
20240307,海淀,海淀北部新区,101121371501,百旺府一区叠拼下叠两厅一厨三卫五居室带南北庭院,1920万,80639元/平,底层 (共5层) 5室2厅 | 238.1平米 | 北 南,https://ke-image.ljcdn.com/110000-inspection/pc1_EOW9OMDVZ.jpg!m_fill,w_280,h_210,f_jpg?from=ke.com
20240307,海淀,海淀北部新区,101121357169,馨瑞嘉园 海淀产权 商品房 大一居 单价低,340万,44515元/平,顶层 (共9层) | 2013年 | 1室1厅 | 76.38平米 | 西,https://ke-image.ljcdn.com/110000-inspection/pc1_Z1HQ1jG4W_1.jpg!m_fill,w_280,h_210,f_jpg?from=ke.com
20240307,海淀,海淀北部新区,101121350725,保利物业 低楼层 精装修 南北通透两居室房主自荐,315万,61166元/平,中楼层 (共5层) 2室1厅 | 51.5平米 | 南 北,https://ke-image.ljcdn.com/110000-inspection/pc1_0AYS96MQq.jpg!m_fill,w_280,h_210,f_jpg?from=ke.com
20240307,海淀,海淀北部新区,101121338701,凯盛家园 1室1厅 南,370万,61483元/平,底层 (共15层) | 2013年 | 1室1厅 | 60.18平米 | 南,https://ke-image.ljcdn.com/110000-inspection/pc1_UxcH4IBdL.jpg!m_fill,w_280,h_210,f_jpg?from=ke.com
20240307,海淀,海淀北部新区,101121314685,北辰香麓 4室2厅 南 北,1400万,57974元/平,中楼层 (共6层) | 2009年 | 4室2厅 | 241.49平米 | 南 北,https://ke-image.ljcdn.com/110000-inspection/2445ca96-972a-4da0-b6d5-6bd7a296deba_1000.jpg!m_fill,w_280,h_210,f_jpg?from=ke.com
20240307,海淀,海淀北部新区,101121187832,林语公馆 南北双通透两居 户型好 高层采光视野好,658万,76628元/平,顶层 (共8层) | 2008年 | 2室2厅 | 85.87平米 | 南 北,https://ke-image.ljcdn.com/110000-inspection/pc1_dxgfou5lp.jpg!m_fill,w_280,h_210,f_jpg?from=ke.com
20240307,海淀,海淀北部新区,101121179228,冠城大通百旺府 5室2厅 南 北 西,1820万,81905元/平,中楼层 (共5层) | 2015年 | 5室2厅 | 222.21平米 | 南 北 西,https://ke-image.ljcdn.com/110000-inspection/pc1_HmiZCjcVY.jpg!m_fill,w_280,h_210,f_jpg?from=ke.com
20240307,海淀,海淀北部新区,101121178993,海淀北部新区  高楼层  装修好  集中供暖 有电梯,330万,48623元/平,高楼层 (共16层) | 2013年 | 1室1厅 | 67.87平米 | 南,https://ke-image.ljcdn.com/110000-inspection/ef0116c6-6b7a-4190-89ae-5e0bd3446f8e_1000.jpg!m_fill,w_280,h_210,f_jpg?from=ke.com
20240307,海淀,海淀北部新区,101121176938,冠城大通百旺府 正规大两居室  带电梯,675万,66451元/平,高楼层 (共11层) | 2009年 | 2室1厅 | 101.58平米 | 东南,https://ke-image.ljcdn.com/110000-inspection/5940ba75-9178-4674-ab34-c019a667718b_1000.jpg!m_fill,w_280,h_210,f_jpg?from=ke.com
20240307,海淀,海淀北部新区,101121116584,三嘉信苑 海淀产权 商品房 中间层 满五唯一 仅契税,298万,47423元/平,中楼层 (共6层) | 2011年 | 2室1厅 | 62.84平米 | 东 西,https://ke-image.ljcdn.com/110000-inspection/15c4a046-622e-44f3-955b-701ed78da4d7_1000.jpg!m_fill,w_280,h_210,f_jpg?from=ke.com
20240307,海淀,海淀北部新区,101121088188,保利西山林语 南向一居室  诚意出售,360万,73862元/平,中楼层 (共8层) | 2010年 | 1室1厅 | 48.74平米 | 南,https://ke-image.ljcdn.com/110000-inspection/pc1_OWyrZDLir.jpg!m_fill,w_280,h_210,f_jpg?from=ke.com
20240307,海淀,海淀北部新区,101121072133,1%服务费 人车分流 中间楼层 通车库 精装修,620万,71077元/平,低楼层 (共8层) | 2010年 | 2室1厅 | 87.23平米 | 东南,https://ke-image.ljcdn.com/110000-inspection/pc1_COwkJxgaT.jpg!m_fill,w_280,h_210,f_jpg?from=ke.com
20240307,海淀,海淀北部新区,101121038100,保利西山林语 二期人车分流 中间层 精装修 价格可谈,635万,72250元/平,中楼层 (共8层) | 2010年 | 2室1厅 | 87.89平米 | 西南,https://ke-image.ljcdn.com/110000-inspection/1835eb27-4c65-4b1f-a2ff-77721b0525fa_1000.jpg!m_fill,w_280,h_210,f_jpg?from=ke.com
20240307,海淀,海淀北部新区,101120960214,此房产权证满五年家庭名下唯一住房随时可以看。,498万,67618元/平,中楼层 (共7层) | 2009年 | 2室1厅 | 73.65平米 | 南,https://ke-image.ljcdn.com/110000-inspection/711d12d7-fa44-4bb2-ad3c-4c67609fa28b_1000.jpg!m_fill,w_280,h_210,f_jpg?from=ke.com
20240307,海淀,海淀北部新区,101120956245,南北通透双明卫落地窗精装修满五年唯一,1229万,83165元/平,低楼层 (共6层) | 2009年 | 3室1厅 | 147.78平米 | 南 北,https://ke-image.ljcdn.com/110000-inspection/pc1_SZznOy2Ok_1.jpg!m_fill,w_280,h_210,f_jpg?from=ke.com
20240307,海淀,海淀北部新区,101120949330,冠城大通百旺府 5室2厅 南 北,1530万,68975元/平,中楼层 (共5层) | 2009年 | 5室2厅 | 221.82平米 | 南 北,https://ke-image.ljcdn.com/110000-inspection/6987e490-f721-4576-a1cb-452d209fa2aa_1000.jpg!m_fill,w_280,h_210,f_jpg?from=ke.com
20240307,海淀,海淀北部新区,101120941028,上庄馨瑞嘉园 1室1厅 南,375万,53109元/平,低楼层 (共13层) | 2013年 | 1室1厅 | 70.61平米 | 南,https://ke-image.ljcdn.com/110000-inspection/pc1_YeLIq9T0I_1.jpg!m_fill,w_280,h_210,f_jpg?from=ke.com
20240307,海淀,海淀北部新区,101120935747,冠城大通百旺府精装三居室满五唯一随时入住,1240万,88718元/平,中楼层 (共7层) | 2015年 | 3室2厅 | 139.77平米 | 南 北,https://ke-image.ljcdn.com/110000-inspection/pc1_wpHEFRoeJ_3.jpg!m_fill,w_280,h_210,f_jpg?from=ke.com
20240307,海淀,海淀北部新区,101120933882,保利西山林语 中高楼层三居室 精装自住,615万,66972元/平,中楼层 (共8层) | 2010年 | 3室1厅 | 91.83平米 | 东南,https://ke-image.ljcdn.com/110000-inspection/2a85a1ac-3f38-42e2-950a-cd42591da3f3_1000.jpg!m_fill,w_280,h_210,f_jpg?from=ke.com
20240307,海淀,海淀北部新区,101120926992,冠城大通百旺府 2室2厅 东南,745万,73378元/平,低楼层 (共11层) | 2007年 | 2室2厅 | 101.53平米 | 东南,https://ke-image.ljcdn.com/110000-inspection/pc1_T8exVkbk6_1.jpg!m_fill,w_280,h_210,f_jpg?from=ke.com
20240307,海淀,海淀北部新区,101120926982,白家瞳欣麓园 正规四居室 正南正北 不临街不把边,1310万,60534元/平,底层 (共3层) 4室2厅 | 216.41平米 | 南 北,https://ke-image.ljcdn.com/110000-inspection/pc1_yKqUwm8PS.jpg!m_fill,w_280,h_210,f_jpg?from=ke.com
20240307,海淀,海淀北部新区,101120854590,北辰香麓 4室4厅 南 北,1730万,57418元/平,顶层 (共3层) | 2009年 | 4室4厅 | 301.3平米 | 南 北,https://ke-image.ljcdn.com/110000-inspection/pc1_LDpL5tWzq.jpg!m_fill,w_280,h_210,f_jpg?from=ke.com
20240307,海淀,海淀北部新区,101120791765,南北通透 明厨明卫 视野开阔 采光充足 满五年唯一,555万,57940元/平,高楼层 (共16层) 3室1厅 | 95.79平米 | 南 北,https://ke-image.ljcdn.com/110000-inspection/pc1_XW9PuTPSb.jpg!m_fill,w_280,h_210,f_jpg?from=ke.com
20240307,海淀,海淀北部新区,101120783105,林语公馆 南向大一居 精装修 诚意出售 价格合适,475万,64495元/平,低楼层 (共7层) | 2009年 | 1室1厅 | 73.65平米 | 南,https://ke-image.ljcdn.com/110000-inspection/pc1_ArnIIe8oM.jpg!m_fill,w_280,h_210,f_jpg?from=ke.com
20240307,海淀,海淀北部新区,101120728571,首创天阅西山优质四居中楼层采光好看房方便。,1760万,97925元/平,中楼层 (共25层) 4室2厅 | 179.73平米 | 南 北,https://ke-image.ljcdn.com/110000-inspection/856657a5-2ff6-477e-93ae-6099d47be0da_1000.jpg!m_fill,w_280,h_210,f_jpg?from=ke.com
20240307,海淀,海淀北部新区,101120556775,海淀嘉郡 满五唯一双阳台视野宽阔采光充足,450万,50722元/平,低楼层 (共16层) 2室1厅 | 88.72平米 | 南,https://ke-image.ljcdn.com/110000-inspection/pc1_5IGA94xV5_1.jpg!m_fill,w_280,h_210,f_jpg?from=ke.com
20240307,海淀,海淀北部新区,101120541249,保利西山林语  精装2居  全明格局   业主诚意出售,558万,61165元/平,中楼层 (共8层) 2室1厅 | 91.23平米 | 南 北,https://ke-image.ljcdn.com/110000-inspection/pc1_Nn6u5E9AC.jpg!m_fill,w_280,h_210,f_jpg?from=ke.com
20240307,海淀,海淀北部新区,101120524565,三嘉信苑 海淀产权 商品房 中间位置 小两居,358万,56637元/平,中楼层 (共10层) | 2011年 | 2室1厅 | 63.21平米 | 南,https://ke-image.ljcdn.com/110000-inspection/pc1_yM7cP3vEq.jpg!m_fill,w_280,h_210,f_jpg?from=ke.com
20240307,海淀,海淀北部新区,101120487834,海淀嘉郡 2室1厅 南,409万,49224元/平,低楼层 (共11层) 2室1厅 | 83.09平米 | 南,https://ke-image.ljcdn.com/110000-inspection/pc1_rjms21Bgs.jpg!m_fill,w_280,h_210,f_jpg?from=ke.com
20240307,海淀,海淀北部新区,101120442241,北辰香麓中叠四居室 一家三代空间独立 前后视野好房主自荐,1190万,54575元/平,中楼层 (共7层) 4室2厅 | 218.05平米 | 南 北,https://ke-image.ljcdn.com/110000-inspection/3e4e7145-58c6-438e-bde9-b1bf15d69e04_1000.jpg!m_fill,w_280,h_210,f_jpg?from=ke.com
20240307,海淀,海淀北部新区,101120440011,海淀产权2015年社区高科技产业园区内南向两居室,499万,57436元/平,中楼层 (共7层) 2室1厅 | 86.88平米 | 南,https://ke-image.ljcdn.com/110000-inspection/9efe0367-88c8-429a-ab3e-62ca85c7b3a6_1000.jpg!m_fill,w_280,h_210,f_jpg?from=ke.com
20240307,海淀,海淀北部新区,101120358300,保利一期 公馆一层带下跃 精装自住 看房方便 满五唯一,630万,53120元/平,底层 (共8层) 3室2厅 | 118.6平米 | 东 北,https://ke-image.ljcdn.com/110000-inspection/pc1_sB5CHkXkX.jpg!m_fill,w_280,h_210,f_jpg?from=ke.com
20240307,海淀,海淀北部新区,101120356609,正源尚峰尚水 一层带地下带黑土地 南北通透 全明格局,1210万,83929元/平,底层 (共9层) | 2012年 | 6室3厅 | 144.17平米 | 南 北,https://ke-image.ljcdn.com/110000-inspection/pc1_eTZzzbh4h.jpg!m_fill,w_280,h_210,f_jpg?from=ke.com
20240307,海淀,海淀北部新区,101120243595,满五唯一采光视野很好  单价低 看房方便,1480万,48725元/平,顶层 (共7层) 6室2厅 | 303.75平米 | 南 北,https://ke-image.ljcdn.com/110000-inspection/1c644193-11d2-4b13-953c-a0e40be44c48_1000.jpg!m_fill,w_280,h_210,f_jpg?from=ke.com
20240307,海淀,海淀北部新区,101120153681,三嘉信苑 2室1厅 南 北,310万,48212元/平,中楼层 (共6层) | 2011年 | 2室1厅 | 64.3平米 | 南 北,https://ke-image.ljcdn.com/110000-inspection/pc1_Chl1DwhVI_1.jpg!m_fill,w_280,h_210,f_jpg?from=ke.com
20240307,海淀,海淀北部新区,101120134052,颐丰庄园东区 需要全款购买 5-6层复式,935万,51873元/平,高楼层 (共6层) 5室2厅 | 180.25平米 | 南 北,https://ke-image.ljcdn.com/110000-inspection/pc1_7lvYU4nV7.jpg!m_fill,w_280,h_210,f_jpg?from=ke.com
20240307,海淀,海淀北部新区,101120133788,首创天阅西山 南北四居室 三卧朝南 精装修,1866万,102579元/平,中楼层 (共18层) | 2018年 | 4室2厅 | 181.91平米 | 南 北,https://ke-image.ljcdn.com/110000-inspection/a897a153-6060-4211-8dea-f2bdd90091f1_1000.jpg!m_fill,w_280,h_210,f_jpg?from=ke.com
20240307,海淀,海淀北部新区,101120046498,海淀北部新区品质社区环保科技园旁,1800万,60727元/平,顶层 (共3层) | 2009年 | 4室3厅 | 296.41平米 | 南 北,https://ke-image.ljcdn.com/110000-inspection/pc1_F4ofm8bN2.jpg!m_fill,w_280,h_210,f_jpg?from=ke.com
20240307,海淀,海淀北部新区,101119963696,北辰香麓 住宅小区 人车分流密度低业主诚意出售,1350万,57499元/平,中楼层 (共5层) | 2009年 | 4室2厅 | 234.79平米 | 南 北,https://ke-image.ljcdn.com/110000-inspection/pc1_zvDyTpmQX.jpg!m_fill,w_280,h_210,f_jpg?from=ke.com
20240307,海淀,海淀北部新区,101119928223,海淀嘉郡 满五唯一 中间位置 中高楼层 南北通透,565万,58873元/平,中楼层 (共16层) 3室2厅 | 95.97平米 | 南 北,https://ke-image.ljcdn.com/110000-inspection/0d880d17-0e46-4e79-91f1-c0503828e2d8_1000.jpg!m_fill,w_280,h_210,f_jpg?from=ke.com
20240307,海淀,海淀北部新区,101119926864,保利公馆 品质低密度洋房 明亮户型 高楼层 大阳台房主自荐,486万,70825元/平,中楼层 (共8层) | 2009年 | 1室1厅 | 68.62平米 | 南,https://ke-image.ljcdn.com/110000-inspection/1bed679c-9572-4f53-9692-d366960ea7e0_1000.jpg!m_fill,w_280,h_210,f_jpg?from=ke.com
20240307,海淀,海淀北部新区,101119732148,次顶层南向一居室观景住宅精装修拎包入住,345万,72131元/平,高楼层 (共8层) | 2010年 | 1室1厅 | 47.83平米 | 南,https://ke-image.ljcdn.com/110000-inspection/5376dd7a-2146-4f30-af3d-249594b16c8f_1000.jpg!m_fill,w_280,h_210,f_jpg?from=ke.com
20240307,海淀,海淀北部新区,101119686348,满五唯一商品房   次顶层  精装修 南北通透  看房方便,330万,51814元/平,高楼层 (共6层) | 2011年 | 2室1厅 | 63.69平米 | 南 北,https://ke-image.ljcdn.com/110000-inspection/d2c4a608-da26-4032-86a2-d8ce62485959_1000.jpg!m_fill,w_280,h_210,f_jpg?from=ke.com
20240307,海淀,海淀北部新区,101119587906,冷泉林语山庄  满五唯一  业主诚意出售,958万,39154元/平,底层 (共8层) | 2009年 | 2室2厅 | 244.68平米 | 南 北,https://ke-image.ljcdn.com/110000-inspection/pc1_mfJlhm122_1.jpg!m_fill,w_280,h_210,f_jpg?from=ke.com
20240307,海淀,海淀北部新区,101119530841,首创天阅西山 房本满两年 南北四居室 眼睛户型房主自荐,2130万,100996元/平,低楼层 (共25层) | 2018年 | 4室2厅 | 210.9平米 | 南 北,https://ke-image.ljcdn.com/110000-inspection/23b45226-3690-492a-ace0-80cd2558c495_1000.jpg!m_fill,w_280,h_210,f_jpg?from=ke.com
20240307,海淀,海淀北部新区,101119411479,海淀产权 商品房 中高楼层 南北通透 干湿分离,325万,51868元/平,高楼层 (共6层) | 2011年 | 2室1厅 | 62.66平米 | 南 北,https://ke-image.ljcdn.com/110000-inspection/pc1_qbSOV5Mhe_1.jpg!m_fill,w_280,h_210,f_jpg?from=ke.com
20240307,海淀,海淀北部新区,101119280616,凯盛家园 2室1厅 南 北,465万,57930元/平,低楼层 (共15层) 2室1厅 | 80.27平米 | 南 北,https://ke-image.ljcdn.com/110000-inspection/a1a0c49b-d18a-426a-be20-df5f2f7a1c15_1000.jpg!m_fill,w_280,h_210,f_jpg?from=ke.com
20240307,海淀,海淀北部新区,101119273712,海淀产权 带电梯 满五唯一 可贷款 通透户型 两居,305万,45907元/平,低楼层 (共9层) 2室1厅 | 66.44平米 | 东 西,https://ke-image.ljcdn.com/110000-inspection/pc1_IV8wzDk57.jpg!m_fill,w_280,h_210,f_jpg?from=ke.com
20240307,海淀,海淀北部新区,101119251838,正源尚峰尚水 4室2厅2卫 观景房 视野开阔 随时能看房,740万,81150元/平,顶层 (共9层) 2室1厅 | 91.19平米 | 西南,https://ke-image.ljcdn.com/110000-inspection/pc1_SjjSLICj6.jpg!m_fill,w_280,h_210,f_jpg?from=ke.com
20240307,海淀,海淀北部新区,101119039123,西六砖瓦厂家属楼 南北通透两居室 看房方便,338万,63296元/平,底层 (共5层) | 1985年 | 2室1厅 | 53.4平米 | 南 北,https://ke-image.ljcdn.com/110000-inspection/pc1_ipEObMIJS.jpg!m_fill,w_280,h_210,f_jpg?from=ke.com
20240307,海淀,海淀北部新区,101118952540,法式独栋观景现房别墅毛坯现房随时可看可签,2399万,53111元/平,底层 (共2层) | 2008年 | 6室2厅 | 451.7平米 | 南,https://ke-image.ljcdn.com/110000-inspection/pc1_qSfooAuM5.jpg!m_fill,w_280,h_210,f_jpg?from=ke.com
20240307,海淀,海淀北部新区,101118884491,永丰嘉园三区大三居落地窗满两年精装修诚意卖,1288万,84693元/平,低楼层 (共6层) | 2015年 | 3室2厅 | 152.08平米 | 南 北,https://ke-image.ljcdn.com/110000-inspection/pc1_51emsyMbn.jpg!m_fill,w_280,h_210,f_jpg?from=ke.com
20240307,海淀,海淀北部新区,101118834056,冠城大通百旺府满五年唯一原购房价300万,1700万,82625元/平,中楼层 (共5层) | 2009年 | 4室2厅 | 205.75平米 | 南 北,https://ke-image.ljcdn.com/110000-inspection/624f8f17-b0e0-4f36-9e83-85535f4b0e77_1000.jpg!m_fill,w_280,h_210,f_jpg?from=ke.com
20240307,海淀,海淀北部新区,101118424002,低成本海淀产权南向2层交通便利环境好满五唯一,299万,86168元/平,中楼层 (共4层) | 1992年 | 2室1厅 | 34.7平米 | 南,https://ke-image.ljcdn.com/110000-inspection/pc1_fqEAP8Rms_1.jpg!m_fill,w_280,h_210,f_jpg?from=ke.com
20240307,海淀,海淀北部新区,101118354205,保利西山林语  弧形阳台 人车分流 中间位置 诚意出售,640万,60727元/平,底层 (共8层) | 2010年 | 2室1厅 | 105.39平米 | 南 北,https://ke-image.ljcdn.com/110000-inspection/pc1_3Kd9Zd7ZQ.jpg!m_fill,w_280,h_210,f_jpg?from=ke.com
20240307,海淀,海淀北部新区,101118257193,1%服务费 北入户南花园 精致装修 小区中间位置房主自荐,2580万,58270元/平,底层 (共2层) | 2009年 | 8室4厅 | 442.77平米 | 北 东 南 西,https://ke-image.ljcdn.com/110000-inspection/145a1dd2-6712-4db7-aefe-03b9be7993e2_1000.jpg!m_fill,w_280,h_210,f_jpg?from=ke.com
20240307,海淀,海淀北部新区,101118147289,正源尚峰尚水 4室2厅 南 北,1450万,77330元/平,顶层 (共3层) 4室2厅 | 187.51平米 | 南 北,https://ke-image.ljcdn.com/110000-inspection/pc1_ZOAAOSFyd.jpg!m_fill,w_280,h_210,f_jpg?from=ke.com
20240307,海淀,海淀北部新区,101118046273,正源尚峰尚水 南北三居室 满五年唯一 视野好,990万,77266元/平,高楼层 (共10层) 3室2厅 | 128.13平米 | 南 北,https://ke-image.ljcdn.com/110000-inspection/a6ef6d52-45bc-47a7-b35c-83d206ed7238_1000.jpg!m_fill,w_280,h_210,f_jpg?from=ke.com
20240307,海淀,海淀北部新区,101118013343,海淀上庄-馨瑞嘉园、满五唯一、电梯南向一居室,275万,40123元/平,中楼层 (共15层) | 2013年 | 1室1厅 | 68.54平米 | 南,https://ke-image.ljcdn.com/110000-inspection/047e817c-099c-4a7a-98fd-654c4363c3dd_1000.jpg!m_fill,w_280,h_210,f_jpg?from=ke.com
20240307,海淀,海淀北部新区,101117814867,英式精装独栋 直观山间 三面园林带车库 业主诚售,2300万,57945元/平,底层 (共2层) 5室2厅 | 396.93平米 | 南 北,https://ke-image.ljcdn.com/110000-inspection/pc1_La1hZ5OGG.jpg!m_fill,w_280,h_210,f_jpg?from=ke.com
20240307,海淀,海淀北部新区,101117302237,尚居园精装叠拼别墅 视野好无遮挡 高档装修,1750万,70500元/平,顶层 (共2层) 6室2厅 | 248.23平米 | 南 北,https://ke-image.ljcdn.com/110000-inspection/2198fc17-20f5-43ed-91c5-eb1cd62a4b46_1000.jpg!m_fill,w_280,h_210,f_jpg?from=ke.com
20240307,海淀,海淀北部新区,101117289876,保利西山林语  南向一居室  诚意出售房主自荐,339万,69425元/平,底层 (共8层) | 2011年 | 1室1厅 | 48.83平米 | 南,https://ke-image.ljcdn.com/110000-inspection/a975c879-341f-4d4f-b8c6-09a0540fac7b_1000.jpg!m_fill,w_280,h_210,f_jpg?from=ke.com
20240307,海淀,海淀北部新区,101117183448,保利西山林语 满五唯一 精装修 随时可以看,585万,61528元/平,底层 (共8层) | 2010年 | 3室1厅 | 95.08平米 | 南 北,https://ke-image.ljcdn.com/110000-inspection/pc1_A36aeNa6C.jpg!m_fill,w_280,h_210,f_jpg?from=ke.com
20240307,海淀,海淀北部新区,101117127238,首创天阅西山 南北四居室  三卧朝南 一梯一户,2580万,104243元/平,高楼层 (共25层) 4室2厅 | 247.5平米 | 南 北,https://ke-image.ljcdn.com/110000-inspection/7575e50f-1f7f-4729-acbe-527373468c76_1000.jpg!m_fill,w_280,h_210,f_jpg?from=ke.com
20240307,海淀,海淀北部新区,101117035244,保利西山林语东南向顶层两居室。,780万,88748元/平,顶层 (共8层) | 2010年 | 2室1厅 | 87.89平米 | 东南,https://ke-image.ljcdn.com/110000-inspection/pc1_oiRtzPAZO.jpg!m_fill,w_280,h_210,f_jpg?from=ke.com
20240307,海淀,海淀北部新区,101116389640,林语公馆 看房方便 诚意出售 价格可谈 高楼层,639万,73635元/平,中楼层 (共7层) | 2009年 | 2室2厅 | 86.78平米 | 南 北,https://ke-image.ljcdn.com/110000-inspection/pc1_WgYijjHbL.jpg!m_fill,w_280,h_210,f_jpg?from=ke.com
20240307,海淀,海淀北部新区,101115485281,北辰香麓大五居室  看房随时 小区中间位置房主自荐,1850万,51317元/平,顶层 (共4层) | 2010年 | 5室1厅 | 360.51平米 | 南 北,https://ke-image.ljcdn.com/110000-inspection/pc1_IF8qLtomY_2.jpg!m_fill,w_280,h_210,f_jpg?from=ke.com
20240307,海淀,海淀北部新区,101113084101,保利公馆 大四居 精装修  通车库 品质房,1130万,72623元/平,顶层 (共9层) | 2008年 | 4室2厅 | 155.6平米 | 南 北,https://ke-image.ljcdn.com/110000-inspection/pc1_0Dxz50ZFw_1.jpg!m_fill,w_280,h_210,f_jpg?from=ke.com
20240307,海淀,海淀北部新区,101106599554,海淀保利西山林语精装修自住,900万,52982元/平,底层 (共9层) 4室2厅 | 169.87平米 | 南 北,https://ke-image.ljcdn.com/110000-inspection/pc1_JW9rz2eQG_1.jpg!m_fill,w_280,h_210,f_jpg?from=ke.com
20240307,海淀,海淀北部新区,101123240840,上庄馨瑞嘉园 1室1厅 南新上,280万,41390元/平,低楼层 (共16层) | 2013年 | 1室1厅 | 67.65平米 | 南,https://s1.ljcdn.com/pegasus/redskull/images/common/default_house_list.png?_v=20240306121103
20240307,海淀,海淀北部新区,101123230826,三嘉信苑 2室1厅 南 北新上,325万,51360元/平,低楼层 (共6层) | 2011年 | 2室1厅 | 63.28平米 | 南 北,https://s1.ljcdn.com/pegasus/redskull/images/common/default_house_list.png?_v=20240306121103
20240307,海淀,海淀北部新区,101123222369,上庄馨瑞嘉园 1室1厅 南新上,286万,40505元/平,中楼层 (共13层) | 2013年 | 1室1厅 | 70.61平米 | 南,https://s1.ljcdn.com/pegasus/redskull/images/common/default_house_list.png?_v=20240306121103
20240307,海淀,海淀北部新区,101123161480,正源尚峰尚水 1室0厅 北新上,135万,32120元/平,低楼层 (共10层) 1室0厅 | 42.03平米 | 北,https://s1.ljcdn.com/pegasus/redskull/images/common/default_house_list.png?_v=20240306121103
20240307,海淀,海淀北部新区,101123133412,正源尚峰尚水 2室1厅 西新上,185万,30999元/平,中楼层 (共5层) | 2016年 | 2室1厅 | 59.68平米 | 西,https://s1.ljcdn.com/pegasus/redskull/images/common/default_house_list.png?_v=20240306121103
20240307,海淀,海淀北部新区,101123089584,中国铁建环保嘉苑 2室2厅 东 西新上,530万,60228元/平,高楼层 (共7层) 2室2厅 | 88平米 | 东 西,https://s1.ljcdn.com/pegasus/redskull/images/common/default_house_list.png?_v=20240306121103
20240307,海淀,海淀北部新区,101123084193,环山村 2室1厅 南 北新上,420万,59264元/平,高楼层 (共6层) 2室1厅 | 70.87平米 | 南 北,https://s1.ljcdn.com/pegasus/redskull/images/common/default_house_list.png?_v=20240306121103
20240307,海淀,海淀北部新区,101123075595,正源尚峰尚水 3室2厅 南 北,1010万,65743元/平,中楼层 (共8层) 3室2厅 | 153.63平米 | 南 北,https://s1.ljcdn.com/pegasus/redskull/images/common/default_house_list.png?_v=20240306121103
20240307,海淀,海淀北部新区,101123064727,凯盛家园  中间楼层  满五年唯一  南向一居  价格可谈,315万,51530元/平,中楼层 (共14层) 1室1厅 | 61.13平米 | 南,https://s1.ljcdn.com/pegasus/redskull/images/common/default_house_list.png?_v=20240306121103
20240307,海淀,海淀北部新区,101123046741,海淀上郡 1室1厅 东 西,340万,50641元/平,中楼层 (共21层) | 2021年 | 1室1厅 | 67.14平米 | 东 西,https://s1.ljcdn.com/pegasus/redskull/images/common/default_house_list.png?_v=20240306121103
20240307,海淀,海淀北部新区,101123032439,中铁环保嘉苑 2015年小区 可以看房 满五唯一,610万,59040元/平,低楼层 (共7层) 3室1厅 | 103.32平米 | 东 北,https://s1.ljcdn.com/pegasus/redskull/images/common/default_house_list.png?_v=20240306121103
20240307,海淀,海淀北部新区,101123004354,三区 客厅落地窗 双明卫两居 无遮挡采光好  稳定签约,910万,85825元/平,低楼层 (共9层) | 2015年 | 2室1厅 | 106.03平米 | 南 北,https://s1.ljcdn.com/pegasus/redskull/images/common/default_house_list.png?_v=20240306121103
20240307,海淀,海淀北部新区,101123003923,正源尚峰尚水 户型方正 有电梯 面对温泉公园 中楼层,180万,27973元/平,中楼层 (共10层) 2室1厅 | 64.35平米 | 北,https://s1.ljcdn.com/pegasus/redskull/images/common/default_house_list.png?_v=20240306121103
20240307,海淀,海淀北部新区,101122992052,正源尚峰尚水 1室1厅 北,125万,28015元/平,低楼层 (共10层) | 2012年 | 1室1厅 | 44.62平米 | 北,https://s1.ljcdn.com/pegasus/redskull/images/common/default_house_list.png?_v=20240306121103
20240307,海淀,海淀北部新区,101122987429,冠城大通百旺府 4室2厅 南 北,1640万,95377元/平,中楼层 (共7层) | 2016年 | 4室2厅 | 171.95平米 | 南 北,https://s1.ljcdn.com/pegasus/redskull/images/common/default_house_list.png?_v=20240306121103
20240307,海淀,海淀北部新区,101122957711,正源尚峰尚水 3室2厅 南,400万,49708元/平,底层 (共10层) 3室2厅 | 80.47平米 | 南,https://s1.ljcdn.com/pegasus/redskull/images/common/default_house_list.png?_v=20240306121103
20240307,海淀,海淀北部新区,101122898621,正源尚峰尚水 全南向  低楼层 出行方便  随时能看房,230万,28583元/平,低楼层 (共10层) | 2012年 | 2室1厅 | 80.47平米 | 南,https://s1.ljcdn.com/pegasus/redskull/images/common/default_house_list.png?_v=20240306121103
20240307,海淀,海淀北部新区,101122884700,中国铁建环保嘉苑 车位,26万,1992元/平,地下室 1室0厅 | 130.56平米 | 北,https://s1.ljcdn.com/pegasus/redskull/images/common/default_house_list.png?_v=20240306121103
20240307,海淀,海淀北部新区,101122884533,正源尚峰尚水 西北朝向 户型方正 低楼层 出行方便,175万,30388元/平,低楼层 (共10层) 1室1厅 | 57.59平米 | 北,https://s1.ljcdn.com/pegasus/redskull/images/common/default_house_list.png?_v=20240306121103
20240307,海淀,海淀北部新区,101122836213,颐丰庄园西区南北通透三居室有电梯直通地下车库,765万,76931元/平,中楼层 (共5层) 3室2厅 | 99.44平米 | 南 北,https://s1.ljcdn.com/pegasus/redskull/images/common/default_house_list.png?_v=20240306121103
20240307,海淀,海淀北部新区,101122807338,温泉路45号院南北通透两居室商品房,455万,59153元/平,高楼层 (共6层) 2室1厅 | 76.92平米 | 南 北,https://s1.ljcdn.com/pegasus/redskull/images/common/default_house_list.png?_v=20240306121103
20240307,海淀,海淀北部新区,101122745677,正源尚峰尚水 3室1厅 南,275万,46785元/平,中楼层 (共5层) 3室1厅 | 58.78平米 | 南,https://s1.ljcdn.com/pegasus/redskull/images/common/default_house_list.png?_v=20240306121103
20240307,海淀,海淀北部新区,101122735202,海淀嘉郡 2室1厅 南 北,420万,54419元/平,低楼层 (共11层) 2室1厅 | 77.18平米 | 南 北,https://s1.ljcdn.com/pegasus/redskull/images/common/default_house_list.png?_v=20240306121103
20240307,海淀,海淀北部新区,101122727251,百旺府四区 落地窗 眼睛户型动静分离 精装精装大三居,1260万,83422元/平,底层 (共7层) | 2016年 | 3室2厅 | 151.04平米 | 南 北,https://s1.ljcdn.com/pegasus/redskull/images/common/default_house_list.png?_v=20240306121103
20240307,海淀,海淀北部新区,101122726166,正源尚峰尚水 东北朝向 两梯十户 户型方正 可看房,280万,30950元/平,低楼层 (共10层) | 2014年 | 2室1厅 | 90.47平米 | 东北,https://s1.ljcdn.com/pegasus/redskull/images/common/default_house_list.png?_v=20240306121103
20240307,海淀,海淀北部新区,101122642840,保利西山林语 车位,22.5万,7266元/平,地下室 (共9层) | 2012年 | 1室0厅 | 30.97平米 | 东 南 西 北,https://ke-image.ljcdn.com/110000-inspection/04850324a9e38497ba3d7d4fbc8708ff-079.jpg!m_fill,w_280,h_210,f_jpg?from=ke.com
20240307,海淀,海淀北部新区,101122543456,海淀北部新区办公性质有电梯精装修业主诚意,230万,29488元/平,中楼层 (共7层) 2室1厅 | 78平米 | 南,https://s1.ljcdn.com/pegasus/redskull/images/common/default_house_list.png?_v=20240306121103
20240307,海淀,海淀北部新区,101122468993,正源尚峰尚水尚水园车位出售 把边位置尚水园5号楼下面,20万,6372元/平,地下室 (共1层) | 2014年 | 1室0厅 | 31.39平米 | 南 北,https://s1.ljcdn.com/pegasus/redskull/images/common/default_house_list.png?_v=20240306121103
20240307,海淀,海淀北部新区,101122447619,靠谱出售 正源尚峰尚水 朝北向 带飘窗 次顶层,179万,26946元/平,高楼层 (共10层) | 2012年 | 2室1厅 | 66.43平米 | 北,https://s1.ljcdn.com/pegasus/redskull/images/common/default_house_list.png?_v=20240306121103
20240307,海淀,海淀北部新区,101122444620,正源尚峰尚水尚水园车位 可过户 有产权,24万,7515元/平,地下室 1室0厅 | 31.94平米 | 南 北,https://s1.ljcdn.com/pegasus/redskull/images/common/default_house_list.png?_v=20240306121103
20240307,海淀,海淀北部新区,101122438328,正源尚峰尚水 2室2厅 西,256万,42903元/平,顶层 (共5层) 2室2厅 | 59.67平米 | 西,https://s1.ljcdn.com/pegasus/redskull/images/common/default_house_list.png?_v=20240306121103
20240307,海淀,海淀北部新区,101122431825,保利西山林语 车位,20.8万,6717元/平,地下室 (共9层) | 2010年 | 1室0厅 | 30.97平米 | 南,https://ke-image.ljcdn.com/110000-inspection/dfb9d23ea61446fa4f2f7dd4ee658227-004.jpg!m_fill,w_280,h_210,f_jpg?from=ke.com
20240307,海淀,海淀北部新区,101122431383,保利西山林语 车位,20.5万,6620元/平,地下室 (共9层) | 2012年 | 厅室未知 | 30.97平米 | 南,https://s1.ljcdn.com/pegasus/redskull/images/common/default_house_list.png?_v=20240306121103
20240307,海淀,海淀北部新区,101122425317,主推房源 正源尚峰尚水 复式 户型好 靠谱签约,270万,38544元/平,中楼层 (共5层) | 2014年 | 3室1厅 | 70.05平米 | 西,https://s1.ljcdn.com/pegasus/redskull/images/common/default_house_list.png?_v=20240306121103
20240307,海淀,海淀北部新区,101122421204,颐丰庄园 2016年社区 电梯南北三居,763万,76638元/平,中楼层 (共5层) 3室2厅 | 99.56平米 | 南 北,https://s1.ljcdn.com/pegasus/redskull/images/common/default_house_list.png?_v=20240306121103
20240307,海淀,海淀北部新区,101122296801,正源尚峰尚水 2室1厅 西北,300万,32910元/平,中楼层 (共10层) | 2012年 | 2室1厅 | 91.16平米 | 西北,https://s1.ljcdn.com/pegasus/redskull/images/common/default_house_list.png?_v=20240306121103
20240307,海淀,海淀北部新区,101122290711,正源尚峰尚水 2室2厅 西,193万,32340元/平,中楼层 (共5层) 2室2厅 | 59.68平米 | 西,https://s1.ljcdn.com/pegasus/redskull/images/common/default_house_list.png?_v=20240306121103
20240307,海淀,海淀北部新区,101122288367,宏丰西路1号院 正规两居室 随时配合签约,366万,69188元/平,底层 (共5层) 2室1厅 | 52.9平米 | 南 北,https://s1.ljcdn.com/pegasus/redskull/images/common/default_house_list.png?_v=20240306121103
20240307,海淀,海淀北部新区,101122256119,好房出售 正源尚峰尚水 户型方正 带飘窗 有电梯,170万,27760元/平,低楼层 (共10层) | 2012年 | 1室1厅 | 61.24平米 | 东 北,https://s1.ljcdn.com/pegasus/redskull/images/common/default_house_list.png?_v=20240306121103
20240307,海淀,海淀北部新区,101122125397,商品房精装修业主诚意出售出入方便,185万,32124元/平,高楼层 (共10层) | 2012年 | 1室1厅 | 57.59平米 | 西 北,https://s1.ljcdn.com/pegasus/redskull/images/common/default_house_list.png?_v=20240306121103
20240307,海淀,海淀北部新区,101122122279,海淀嘉郡 负1层 可按充电桩 电梯直达,38万,11561元/平,地下室 1室0厅 | 32.87平米 | 南,https://s1.ljcdn.com/pegasus/redskull/images/common/default_house_list.png?_v=20240306121103
20240307,海淀,海淀北部新区,101122050732,此房满五年唯一南北通透全明格局次顶层,1100万,79780元/平,高楼层 (共6层) | 2009年 | 3室2厅 | 137.88平米 | 南 北,https://s1.ljcdn.com/pegasus/redskull/images/common/default_house_list.png?_v=20240306121103
20240307,海淀,海淀北部新区,101121812550,海淀 正源尚峰尚水 尚品园  层高5.1米,210万,35497元/平,中楼层 (共5层) | 2012年 | 2室1厅 | 59.16平米 | 西北,https://s1.ljcdn.com/pegasus/redskull/images/common/default_house_list.png?_v=20240306121103
20240307,海淀,海淀北部新区,101121625156,商品房西北向两室精装修业主诚意出售出入方便,245万,33388元/平,顶层 (共5层) | 2012年 | 2室1厅 | 73.38平米 | 东北,https://s1.ljcdn.com/pegasus/redskull/images/common/default_house_list.png?_v=20240306121103
20240307,海淀,海淀北部新区,101121596572,正源尚峰尚水 地下39.98+39.89平米 户型方正 可看房,140万,35097元/平,底层 (共10层) 1室0厅 | 39.89平米 | 北,https://s1.ljcdn.com/pegasus/redskull/images/common/default_house_list.png?_v=20240306121103
20240307,海淀,海淀北部新区,101121558029,正源尚峰尚水 商办房 全款购买 个人名义可购买,180万,27203元/平,高楼层 (共10层) | 2012年 | 2室1厅 | 66.17平米 | 北,https://s1.ljcdn.com/pegasus/redskull/images/common/default_house_list.png?_v=20240306121103
20240307,海淀,海淀北部新区,101121479610,首创天阅西山 一梯一户 边户型  南北通透 精装修,1750万,96900元/平,中楼层 (共18层) | 2018年 | 4室2厅 | 180.6平米 | 南 北,https://s1.ljcdn.com/pegasus/redskull/images/common/default_house_list.png?_v=20240306121103
20240307,海淀,海淀北部新区,101121432284,海淀正源尚峰尚水 尚品园精装修 中间楼层 朝东向,228万,35782元/平,中楼层 (共5层) 2室1厅 | 63.72平米 | 东,https://s1.ljcdn.com/pegasus/redskull/images/common/default_house_list.png?_v=20240306121103
20240307,海淀,海淀北部新区,101121385553,海淀北部新区 正源尚峰尚水 DI总价 户型方正大开间,139万,34978元/平,中楼层 (共10层) | 2014年 | 1室0厅 | 39.74平米 | 西,https://s1.ljcdn.com/pegasus/redskull/images/common/default_house_list.png?_v=20240306121103
20240307,海淀,海淀北部新区,101121182788,海淀商办房 正源尚峰尚水 全南向 精装修 视野开阔,246万,41695元/平,中楼层 (共6层) | 2016年 | 2室1厅 | 59平米 | 南,https://s1.ljcdn.com/pegasus/redskull/images/common/default_house_list.png?_v=20240306121103
20240307,海淀,海淀北部新区,101121117812,正源尚峰尚水 1室1厅 西北,165万,26588元/平,中楼层 (共10层) 1室1厅 | 62.06平米 | 西北,https://s1.ljcdn.com/pegasus/redskull/images/common/default_house_list.png?_v=20240306121103
20240307,海淀,海淀北部新区,101121053853,急售房源 温泉正源尚峰尚水商办大开间 户型方正,119万,29945元/平,中楼层 (共10层) 1室0厅 | 39.74平米 | 北,https://s1.ljcdn.com/pegasus/redskull/images/common/default_house_list.png?_v=20240306121103
20240307,海淀,海淀北部新区,101121016884,正源尚峰尚水西向开间中高层业主诚意出售,139万,28678元/平,高楼层 (共10层) | 2014年 | 1室0厅 | 48.47平米 | 西,https://s1.ljcdn.com/pegasus/redskull/images/common/default_house_list.png?_v=20240306121103
20240307,海淀,海淀北部新区,101120902107,海淀温泉正源尚峰尚水 全南向  中央空调 商办房,366万,45169元/平,顶层 (共10层) | 2012年 | 3室2厅 | 81.03平米 | 南,https://s1.ljcdn.com/pegasus/redskull/images/common/default_house_list.png?_v=20240306121103
20240307,海淀,海淀北部新区,101120892944,商办类房产可注册办公地址精装修中高楼层,199万,31026元/平,低楼层 (共10层) | 2012年 | 2室1厅 | 64.14平米 | 北,https://s1.ljcdn.com/pegasus/redskull/images/common/default_house_list.png?_v=20240306121103
20240307,海淀,海淀北部新区,101120751762,冠城大通百旺府南北向三居满五唯一适合首套客户,1080万,72684元/平,低楼层 (共6层) | 2009年 | 3室2厅 | 148.59平米 | 南 北,https://s1.ljcdn.com/pegasus/redskull/images/common/default_house_list.png?_v=20240306121103
20240307,海淀,海淀北部新区,101120161259,正源尚峰尚水 车位,24.5万,8460元/平,地下室 (共10层) 1室0厅 | 28.96平米 | 南,https://s1.ljcdn.com/pegasus/redskull/images/common/default_house_list.png?_v=20240306121103
20240307,海淀,海淀北部新区,101120143063,正源尚峰尚水 2室1厅 南,300万,37024元/平,高楼层 (共10层) 2室1厅 | 81.03平米 | 南,https://s1.ljcdn.com/pegasus/redskull/images/common/default_house_list.png?_v=20240306121103
20240307,海淀,海淀北部新区,101120131177,保利西山林语 车位,20万,6458元/平,地下室 (共9层) | 2010年 | 1室0厅 | 30.97平米 | 北,https://s1.ljcdn.com/pegasus/redskull/images/common/default_house_list.png?_v=20240306121103
20240307,海淀,海淀北部新区,101120082405,好房推荐 正源尚峰尚水 大开间 中间楼层 户型方正,145万,29916元/平,中楼层 (共10层) | 2012年 | 1室0厅 | 48.47平米 | 西,https://s1.ljcdn.com/pegasus/redskull/images/common/default_house_list.png?_v=20240306121103
20240307,海淀,海淀北部新区,101119998818,正源尚峰尚水 1室1厅 北,248万,34431元/平,底层 (共10层) 1室1厅 | 72.03平米 | 北,https://s1.ljcdn.com/pegasus/redskull/images/common/default_house_list.png?_v=20240306121103
20240307,海淀,海淀北部新区,101119967523,海淀北部新区老年医院家属院环境优美,430万,65053元/平,中楼层 (共4层) 2室1厅 | 66.1平米 | 南 北,https://s1.ljcdn.com/pegasus/redskull/images/common/default_house_list.png?_v=20240306121103
20240307,海淀,海淀北部新区,101119906535,正源尚峰尚水 电梯房 东南朝向 带飘窗 户型方正,317万,33358元/平,低楼层 (共10层) 2室1厅 | 95.03平米 | 东 南,https://s1.ljcdn.com/pegasus/redskull/images/common/default_house_list.png?_v=20240306121103
20240307,海淀,海淀北部新区,101119814962,尚峰尚水三室精装修带租约收入稳定带挑空,185万,34535元/平,中楼层 (共5层) | 2014年 | 2室1厅 | 53.57平米 | 北,https://s1.ljcdn.com/pegasus/redskull/images/common/default_house_list.png?_v=20240306121103
20240307,海淀,海淀北部新区,101118410595,保利西山林语 车位,22万,7489元/平,地下室 1室0厅 | 29.38平米 | 北,https://ke-image.ljcdn.com/110000-inspection/6386caf325e28ec2bd08e57fe4be9d66-018.jpg!m_fill,w_280,h_210,f_jpg?from=ke.com
20240307,海淀,海淀北部新区,101117181879,海淀北部新区香麓雅庭带电梯可注册办公,200万,25459元/平,中楼层 (共7层) 2室1厅 | 78.56平米 | 南,https://s1.ljcdn.com/pegasus/redskull/images/common/default_house_list.png?_v=20240306121103
20240307,海淀,海淀北部新区,101116858667,正源尚峰尚水 西南朝向 位置好 中间楼层 有电梯,310万,34422元/平,中楼层 (共10层) 2室1厅 | 90.06平米 | 西南,https://s1.ljcdn.com/pegasus/redskull/images/common/default_house_list.png?_v=20240306121103
20240307,海淀,海淀北部新区,101116689958,正源尚峰尚水 2室2厅 东,238万,34127元/平,中楼层 (共5层) 2室2厅 | 69.74平米 | 东,https://s1.ljcdn.com/pegasus/redskull/images/common/default_house_list.png?_v=20240306121103
20240307,海淀,海淀北部新区,101115800046,三区16号楼下车位 随时可以看,21万,7148元/平,地下室 (共8层) | 2012年 | 厅室未知 | 29.38平米 | 南,https://ke-image.ljcdn.com/110000-inspection/8fbf5e2f27d7dc6c377cf47b07b96f66-021.jpg!m_fill,w_280,h_210,f_jpg?from=ke.com
