20240321,西城,广安门,101123396779,小红庙 中间楼层 满五唯一  南北通透 三居室必看好房,660万,95694元/平,中楼层 (共6层) | 1983年 | 3室1厅 | 68.97平米 | 南 北,https://ke-image.ljcdn.com/110000-inspection/pc1_H4wm1MtUZ_1.jpg!m_fill,w_280,h_210,f_jpg?from=ke.com
20240321,西城,广安门,101123355697,精装两居室 有电梯 达官营地铁7+16号线必看好房,745万,95075元/平,低楼层 (共28层) 2室1厅 | 78.36平米 | 东,https://ke-image.ljcdn.com/110000-inspection/pc1_6ODhgP3XM_1.jpg!m_fill,w_280,h_210,f_jpg?from=ke.com
20240321,西城,广安门,101123240685,手帕口北街 南北通透三居 精装修 封闭管理 采光好必看好房,529万,91381元/平,顶层 (共6层) 3室1厅 | 57.89平米 | 南 北,https://ke-image.ljcdn.com/110000-inspection/pc1_HPH8wQhlQ.jpg!m_fill,w_280,h_210,f_jpg?from=ke.com
20240321,西城,广安门,101123203674,西城区荣丰2008小区精装小一居出售必看好房,290万,132967元/平,中楼层 (共20层) 1室1厅 | 21.81平米 | 北,https://ke-image.ljcdn.com/110000-inspection/pc1_SsOBUL1zs_1.jpg!m_fill,w_280,h_210,f_jpg?from=ke.com
20240321,西城,广安门,101123090801,荣丰2008新上房源  前后不临街位置安静 中间层视野好必看好房,298万,116407元/平,高楼层 (共26层) 1室1厅 | 25.6平米 | 北,https://ke-image.ljcdn.com/110000-inspection/pc1_JKO57Veyy_1.jpg!m_fill,w_280,h_210,f_jpg?from=ke.com
20240321,西城,广安门,101123364384,此房产权清晰 没有抵押没有纠纷,325万,126214元/平,中楼层 (共20层) | 2004年 | 1室0厅 | 25.75平米 | 东,https://ke-image.ljcdn.com/110000-inspection/pc1_Uz1a353KB_1.jpg!m_fill,w_280,h_210,f_jpg?from=ke.com
20240321,西城,广安门,101123077800,荣丰一期开间视野开阔正对小区花园必看好房,309万,102149元/平,中楼层 (共26层) 1室0厅 | 30.25平米 | 北,https://ke-image.ljcdn.com/110000-inspection/pc1_iK98ahmek_1.jpg!m_fill,w_280,h_210,f_jpg?from=ke.com
20240321,西城,广安门,101123053754,此房满五年唯一视野开阔无遮挡不临街,1130万,121180元/平,中楼层 (共26层) | 2004年 | 3室2厅 | 93.25平米 | 西南,https://ke-image.ljcdn.com/110000-inspection/pc1_mXd9O72r6_1.jpg!m_fill,w_280,h_210,f_jpg?from=ke.com
20240321,西城,广安门,101123005448,房子满两年  精装修 东向无遮挡  视野好  诚售必看好房,308万,114969元/平,低楼层 (共26层) 1室0厅 | 26.79平米 | 东,https://ke-image.ljcdn.com/110000-inspection/88e12f33-2e67-42e0-9f18-68a18a0a076a_1000.jpg!m_fill,w_280,h_210,f_jpg?from=ke.com
20240321,西城,广安门,101123001079,西城广安门荣丰2008 二期南向 开间 带飘窗 采光好必看好房,330万,134694元/平,中楼层 (共20层) | 2004年 | 1室0厅 | 24.5平米 | 南,https://ke-image.ljcdn.com/110000-inspection/481a3080-e4ae-48ed-869a-c021002672dc_1000.jpg!m_fill,w_280,h_210,f_jpg?from=ke.com
20240321,西城,广安门,101122970408,荣丰2008一期正南向小开间格局方正无遮挡必看好房,288万,113431元/平,中楼层 (共26层) 1室0厅 | 25.39平米 | 南,https://ke-image.ljcdn.com/110000-inspection/pc1_ntr2ZgTdb_1.jpg!m_fill,w_280,h_210,f_jpg?from=ke.com
20240321,西城,广安门,101122941508,西城朗琴园中高楼层精装一居室诚心出售随时可签！房主自荐,600万,102285元/平,中楼层 (共29层) | 2006年 | 1室0厅 | 58.66平米 | 西,https://ke-image.ljcdn.com/110000-inspection/pc1_AAYKN9Pdl.jpg!m_fill,w_280,h_210,f_jpg?from=ke.com
20240321,西城,广安门,101122940770,全南小两居  中高楼层  满五唯一 西豪逸景 有电梯,710万,97582元/平,中楼层 (共28层) | 2002年 | 2室1厅 | 72.76平米 | 南,https://ke-image.ljcdn.com/110000-inspection/pc1_5ityoPpsW.jpg!m_fill,w_280,h_210,f_jpg?from=ke.com
20240321,西城,广安门,101122878376,满五年唯一商品房 东北朝向 采光充足 对花园适合观景必看好房,1400万,133042元/平,高楼层 (共29层) | 2006年 | 3室1厅 | 105.23平米 | 东北,https://ke-image.ljcdn.com/110000-inspection/0f76230a-672a-4455-b168-8119305023ec_1000.jpg!m_fill,w_280,h_210,f_jpg?from=ke.com
20240321,西城,广安门,101122714101,小红庙东西通透两居室 明厨明卫必看好房,530万,81414元/平,高楼层 (共6层) | 1986年 | 2室1厅 | 65.1平米 | 东 西,https://ke-image.ljcdn.com/110000-inspection/pc1_Ll5pyMBsf_1.jpg!m_fill,w_280,h_210,f_jpg?from=ke.com
20240321,西城,广安门,101122696880,丽水莲花满五唯一三居室着急出售,1438万,115819元/平,低楼层 (共20层) | 2009年 | 3室1厅 | 124.16平米 | 东 南,https://ke-image.ljcdn.com/110000-inspection/pc1_zygL2C8pk.jpg!m_fill,w_280,h_210,f_jpg?from=ke.com
20240321,西城,广安门,101122612370,红山世家 满五唯一 精装修 两梯四户 诚心出售,1098万,124915元/平,低楼层 (共21层) 2室1厅 | 87.9平米 | 东,https://ke-image.ljcdn.com/110000-inspection/pc1_UYCknpcQb.jpg!m_fill,w_280,h_210,f_jpg?from=ke.com
20240321,西城,广安门,101122518707,广安门开间  无抵押可贷款 采光好精装修  层高舒适必看好房,325万,119971元/平,顶层 (共26层) 1室0厅 | 27.09平米 | 西,https://ke-image.ljcdn.com/110000-inspection/pc1_LRCZe2myv_1.jpg!m_fill,w_280,h_210,f_jpg?from=ke.com
20240321,西城,广安门,101122488249,满五年唯一南向两居室精装修可以直接领包入住必看好房,969万,100197元/平,低楼层 (共21层) | 1998年 | 2室1厅 | 96.71平米 | 南,https://ke-image.ljcdn.com/110000-inspection/pc1_e3QBZN7k9_1.jpg!m_fill,w_280,h_210,f_jpg?from=ke.com
20240321,西城,广安门,101122475253,荣丰2008 业主诚心售房 欢迎约看必看好房,475万,77274元/平,高楼层 (共26层) 1室1厅 | 61.47平米 | 南,https://ke-image.ljcdn.com/110000-inspection/pc1_XKTIgBMO3_1.jpg!m_fill,w_280,h_210,f_jpg?from=ke.com
20240321,西城,广安门,101122473192,小红庙 满五唯一 南北通透 两居室 精装修 近地铁必看好房,519万,96865元/平,高楼层 (共6层) | 1983年 | 2室1厅 | 53.58平米 | 南 北,https://ke-image.ljcdn.com/110000-inspection/pc1_ydN0cpIWw_1.jpg!m_fill,w_280,h_210,f_jpg?from=ke.com
20240321,西城,广安门,101122460879,荣丰2008 带燃气 户型方正 中高层 位置好正对小区花园必看好房,339万,88328元/平,中楼层 (共26层) 1室1厅 | 38.38平米 | 北,https://ke-image.ljcdn.com/110000-inspection/133d59c3-9eb5-4b9e-a586-79e7e8c8b352_1000.jpg!m_fill,w_280,h_210,f_jpg?from=ke.com
20240321,西城,广安门,101122456183,远见名苑东南向两居室采光好对小区安静舒适必看好房,868万,100116元/平,低楼层 (共21层) | 2004年 | 2室1厅 | 86.7平米 | 东 南,https://ke-image.ljcdn.com/110000-inspection/fea51a45-7202-4bcb-9cc8-d451557d4dac_1000.jpg!m_fill,w_280,h_210,f_jpg?from=ke.com
20240321,西城,广安门,101122426164,红山世家房本登记满五年在京就这一套房房里无户口必看好房,1228万,132800元/平,中楼层 (共28层) | 2011年 | 2室2厅 | 92.47平米 | 东 西,https://ke-image.ljcdn.com/110000-inspection/pc1_f0jD7SWWa_1.jpg!m_fill,w_280,h_210,f_jpg?from=ke.com
20240321,西城,广安门,101122013397,玺源台 1室1厅 南必看好房,409万,125345元/平,低楼层 (共27层) 1室1厅 | 32.63平米 | 南,https://ke-image.ljcdn.com/110000-inspection/pc1_P43yW9aCk.jpg!m_fill,w_280,h_210,f_jpg?from=ke.com
20240321,西城,广安门,101121952408,车站西街13号院 1室1厅 南必看好房,366万,76155元/平,顶层 (共6层) 1室1厅 | 48.06平米 | 南,https://ke-image.ljcdn.com/110000-inspection/pc1_NKLwZauLI_1.jpg!m_fill,w_280,h_210,f_jpg?from=ke.com
20240321,西城,广安门,101121772140,西城玺源台品质次新小区人车分流满五唯一诚售房主自荐,1200万,133839元/平,中楼层 (共26层) 2室2厅 | 89.66平米 | 东,https://ke-image.ljcdn.com/110000-inspection/pc1_VmXwuWd0h_1.jpg!m_fill,w_280,h_210,f_jpg?from=ke.com
20240321,西城,广安门,101121697467,广安门南向两居采光无遮挡7/16双线地铁无噪音影响必看好房,719万,98819元/平,高楼层 (共28层) 2室1厅 | 72.76平米 | 南,https://ke-image.ljcdn.com/110000-inspection/pc1_WobQnZpNK_1.jpg!m_fill,w_280,h_210,f_jpg?from=ke.com
20240321,西城,广安门,101121682163,红居斜街南北通透两居室  有正规客厅  业主诚心出售必看好房,658万,94095元/平,低楼层 (共6层) 2室1厅 | 69.93平米 | 南 北,https://ke-image.ljcdn.com/110000-inspection/pc1_Ni3fixL7P_1.jpg!m_fill,w_280,h_210,f_jpg?from=ke.com
20240321,西城,广安门,101121680239,车站西街15号院  16号线地铁 南向中间层房主自荐,380万,96989元/平,中楼层 (共6层) 1室1厅 | 39.18平米 | 南,https://ke-image.ljcdn.com/110000-inspection/pc1_OlSArr373_1.jpg!m_fill,w_280,h_210,f_jpg?from=ke.com
20240321,西城,广安门,101121647171,西城 荣丰2008 满五年唯一住房 费用少 户型方正必看好房,310万,115715元/平,低楼层 (共26层) 1室0厅 | 26.79平米 | 东,https://ke-image.ljcdn.com/110000-inspection/0bbbd819-5efb-41d5-9ed0-64220aacefc4_1000.jpg!m_fill,w_280,h_210,f_jpg?from=ke.com
20240321,西城,广安门,101121608216,满五年唯一西南向中楼层视野宽阔采光充足房主自荐,480万,101096元/平,中楼层 (共29层) 1室0厅 | 47.48平米 | 西南,https://ke-image.ljcdn.com/110000-inspection/8318a0c4-3973-4840-b000-197acf281be1_1000.jpg!m_fill,w_280,h_210,f_jpg?from=ke.com
20240321,西城,广安门,101121494035,西城小红庙大院里2居满五唯一必看好房,479万,88442元/平,中楼层 (共6层) 2室1厅 | 54.16平米 | 南 北,https://ke-image.ljcdn.com/110000-inspection/pc1_qbJ33fpBn_1.jpg!m_fill,w_280,h_210,f_jpg?from=ke.com
20240321,西城,广安门,101121437621,莲花池南里 朝南两居室 采光好  三环内  地铁9号线必看好房,280万,52861元/平,高楼层 (共6层) | 1990年 | 2室1厅 | 52.97平米 | 南,https://ke-image.ljcdn.com/110000-inspection/pc1_AZWWTh5C7.jpg!m_fill,w_280,h_210,f_jpg?from=ke.com
20240321,西城,广安门,101121419629,小红庙南里  两居室 钢混 有电梯 近地铁房主自荐,569万,94081元/平,低楼层 (共18层) | 1989年 | 2室1厅 | 60.48平米 | 东 西,https://ke-image.ljcdn.com/110000-inspection/pc1_rkHhEq5ES_1.jpg!m_fill,w_280,h_210,f_jpg?from=ke.com
20240321,西城,广安门,101121386061,广安门车站西街13号院 满五唯一必看好房,488万,86541元/平,顶层 (共6层) | 1995年 | 2室1厅 | 56.39平米 | 南 北,https://ke-image.ljcdn.com/110000-inspection/pc1_bYwQlO2x7_1.jpg!m_fill,w_280,h_210,f_jpg?from=ke.com
20240321,西城,广安门,101120995242,红居南街1号院 南北通透两居室安静不临街必看好房,550万,89113元/平,中楼层 (共6层) 2室1厅 | 61.72平米 | 南 北,https://ke-image.ljcdn.com/110000-inspection/pc1_D78SgCC8h_1.jpg!m_fill,w_280,h_210,f_jpg?from=ke.com
20240321,西城,广安门,101120933688,荣丰2008有燃气一居带阳台户型方正无遮挡诚心出售,390万,101616元/平,高楼层 (共26层) 1室0厅 | 38.38平米 | 北,https://ke-image.ljcdn.com/110000-inspection/pc1_SvD8pEiC1_1.jpg!m_fill,w_280,h_210,f_jpg?from=ke.com
20240321,西城,广安门,101120854160,手帕口北街三居室 户型方正 采光好 无遮挡必看好房,529万,81448元/平,高楼层 (共6层) 3室1厅 | 64.95平米 | 南 北,https://ke-image.ljcdn.com/110000-inspection/e419d369-ceea-455e-b0e1-49734f7bcb6d_1000.jpg!m_fill,w_280,h_210,f_jpg?from=ke.com
20240321,西城,广安门,101120575394,西豪精装西向一居中间楼层满五唯一业主诚意出售,728万,119403元/平,低楼层 (共28层) 1室1厅 | 60.97平米 | 西南,https://ke-image.ljcdn.com/110000-inspection/e86a2fd9-c9f4-407b-a466-2f75d717d0ac_1000.jpg!m_fill,w_280,h_210,f_jpg?from=ke.com
20240321,西城,广安门,101120452269,西城广外小红庙 中间楼层 满五唯一 南北通透必看好房,535万,98220元/平,中楼层 (共6层) 2室1厅 | 54.47平米 | 南 北,https://ke-image.ljcdn.com/110000-inspection/276bc5dc-6ef8-436b-87be-f3468338a210_1000.jpg!m_fill,w_280,h_210,f_jpg?from=ke.com
20240321,西城,广安门,101120314274,【总监推荐】西城区丽水莲花 南北通透四居室 两梯两户,2700万,118818元/平,中楼层 (共19层) | 2009年 | 4室2厅 | 227.24平米 | 南 北,https://ke-image.ljcdn.com/110000-inspection/pc1_bFpcV3ZU9.jpg!m_fill,w_280,h_210,f_jpg?from=ke.com
20240321,西城,广安门,101119970276,朗琴园精装修东向一居室视野采光很不错您值得拥有,666万,113497元/平,中楼层 (共29层) | 2004年 | 1室1厅 | 58.68平米 | 东,https://ke-image.ljcdn.com/110000-inspection/pc1_jtgdtZ9vY_1.jpg!m_fill,w_280,h_210,f_jpg?from=ke.com
20240321,西城,广安门,101119586519,蝶翠华庭 满五年唯一 装修好 一居  套内建筑面积56㎡,720万,105433元/平,中楼层 (共29层) | 2003年 | 1室2厅 | 68.29平米 | 东北,https://ke-image.ljcdn.com/110000-inspection/pc1_J4i0sMtDn.jpg!m_fill,w_280,h_210,f_jpg?from=ke.com
20240321,西城,广安门,101119550141,广华轩双卫三居层高2.7米7/16双线达官营地铁400米必看好房,1085万,85690元/平,中楼层 (共24层) | 2000年 | 3室1厅 | 126.62平米 | 西北,https://ke-image.ljcdn.com/110000-inspection/pc1_L2bX1520X_1.jpg!m_fill,w_280,h_210,f_jpg?from=ke.com
20240321,西城,广安门,101119229133,全明格局会呼吸的两居保持好对小区花园！,1230万,133017元/平,低楼层 (共28层) 2室1厅 | 92.47平米 | 东 西,https://ke-image.ljcdn.com/110000-inspection/pc1_dHNNoRxxQ.jpg!m_fill,w_280,h_210,f_jpg?from=ke.com
20240321,西城,广安门,101119209248,东南四居  满五唯一 恒昌花园 基本上可以是拎包入住必看好房,1350万,90241元/平,中楼层 (共23层) | 1996年 | 4室1厅 | 149.6平米 | 东南,https://ke-image.ljcdn.com/110000-inspection/pc1_Ki5qIAF9U_1.jpg!m_fill,w_280,h_210,f_jpg?from=ke.com
20240321,西城,广安门,101119114617,西城广外远见名苑经典小一居有燃气看房随时东向房主自荐,480万,107624元/平,中楼层 (共26层) 1室0厅 | 44.6平米 | 东,https://ke-image.ljcdn.com/110000-inspection/pc1_c596bSG24_1.jpg!m_fill,w_280,h_210,f_jpg?from=ke.com
20240321,西城,广安门,101118943361,远见名苑满五唯一经典阳光小三居三面通风采光舒适,1150万,123325元/平,低楼层 (共26层) | 2004年 | 3室2厅 | 93.25平米 | 西南,https://ke-image.ljcdn.com/110000-inspection/pc1_jzW2zpyM7_1.jpg!m_fill,w_280,h_210,f_jpg?from=ke.com
20240321,西城,广安门,101116987372,北向顶层复式 诚意出售精装修看房方便,500万,139782元/平,高楼层 (共10层) | 2005年 | 1室1厅 | 35.77平米 | 北,https://ke-image.ljcdn.com/110000-inspection/pc1_JADESw8MI_1.jpg!m_fill,w_280,h_210,f_jpg?from=ke.com
20240321,西城,广安门,101123457737,广安门外大街305号8区 小户型 价格低必看好房,290万,151357元/平,低楼层 (共26层) | 2006年 | 1室0厅 | 19.16平米 | 东南,https://ke-image.ljcdn.com/110000-inspection/pc1_3hV1tcBri_1.jpg!m_fill,w_280,h_210,f_jpg?from=ke.com
20240321,西城,广安门,101123213629,荣丰2008 西南向复式 精装修 采光视野好必看好房,440万,127426元/平,中楼层 (共20层) | 2004年 | 1室1厅 | 34.53平米 | 西南,https://ke-image.ljcdn.com/110000-inspection/pc1_CuPnR6Mao.jpg!m_fill,w_280,h_210,f_jpg?from=ke.com
20240321,西城,广安门,101123207409,西城区荣丰2008小区4.8米复式  诚意出售必看好房,385万,135707元/平,高楼层 (共20层) | 2004年 | 2室0厅 | 28.37平米 | 北,https://ke-image.ljcdn.com/110000-inspection/pc1_rsTxkBaTl_1.jpg!m_fill,w_280,h_210,f_jpg?from=ke.com
20240321,西城,广安门,101123160259,广安小区 3室2厅 南 北必看好房,1099万,76725元/平,中楼层 (共7层) 3室2厅 | 143.24平米 | 南 北,https://ke-image.ljcdn.com/110000-inspection/pc1_nSTXJtZEJ_1.jpg!m_fill,w_280,h_210,f_jpg?from=ke.com
20240321,西城,广安门,101123143229,【聚焦好房】小马厂西里 精装朝南 满五年唯一 有电梯必看好房,365万,93976元/平,高楼层 (共12层) | 1981年 | 1室1厅 | 38.84平米 | 南,https://ke-image.ljcdn.com/110000-inspection/pc1_42bUzbEAo_1.jpg!m_fill,w_280,h_210,f_jpg?from=ke.com
20240321,西城,广安门,101123070943,荣丰2008二期复式 总低 7号线16号线旁必看好房,390万,125241元/平,中楼层 (共20层) | 2004年 | 1室1厅 | 31.14平米 | 东,https://ke-image.ljcdn.com/110000-inspection/d859fd0d-0234-4267-93c9-c4c05b5c0f70_1000.jpg!m_fill,w_280,h_210,f_jpg?from=ke.com
20240321,西城,广安门,101123066288,恒昌花园 近地铁 无遮挡 三居室  精装修 满五年唯一房主自荐,1130万,83107元/平,高楼层 (共28层) | 1999年 | 3室2厅 | 135.97平米 | 东,https://ke-image.ljcdn.com/110000-inspection/pc1_6h0jS5hLJ_1.jpg!m_fill,w_280,h_210,f_jpg?from=ke.com
20240321,西城,广安门,101123030248,复式两居室更好诚意出售使用面积大必看好房,382万,137115元/平,中楼层 (共20层) 1室1厅 | 27.86平米 | 北,https://ke-image.ljcdn.com/110000-inspection/pc1_iZPNAMaAz_1.jpg!m_fill,w_280,h_210,f_jpg?from=ke.com
20240321,西城,广安门,101122979250,西城 荣丰2008 7号线地铁 满五唯一复式,409万,117058元/平,高楼层 (共20层) 1室1厅 | 34.94平米 | 北,https://ke-image.ljcdn.com/110000-inspection/pc1_MI83p3gae_1.jpg!m_fill,w_280,h_210,f_jpg?from=ke.com
20240321,西城,广安门,101122976890,荣丰2008二期开间户型方正业主诚心出售必看好房,325万,124808元/平,低楼层 (共20层) | 2004年 | 1室0厅 | 26.04平米 | 西,https://ke-image.ljcdn.com/110000-inspection/pc1_HyCGQuBa9_1.jpg!m_fill,w_280,h_210,f_jpg?from=ke.com
20240321,西城,广安门,101122949679,西城区  广安门 荣丰2008 精装修 视野开阔必看好房,348万,94953元/平,高楼层 (共26层) 1室0厅 | 36.65平米 | 西,https://ke-image.ljcdn.com/110000-inspection/pc1_R8PXyw4rR_1.jpg!m_fill,w_280,h_210,f_jpg?from=ke.com
20240321,西城,广安门,101122854253,广安门外大街305号8区.......必看好房,385万,125982元/平,高楼层 (共20层) 1室1厅 | 30.56平米 | 东,https://ke-image.ljcdn.com/110000-inspection/pc1_I2XBYksRC_1.jpg!m_fill,w_280,h_210,f_jpg?from=ke.com
20240321,西城,广安门,101122770400,西城 广外  手帕口四居室田字格  方方正正必看好房,678万,92472元/平,底层 (共5层) 4室0厅 | 73.32平米 | 南 北,https://ke-image.ljcdn.com/110000-inspection/pc1_1BIBihslc_1.jpg!m_fill,w_280,h_210,f_jpg?from=ke.com
20240321,西城,广安门,101122732123,西二环  远见名苑东南两居  户型方正  朝着小区内,958万,106280元/平,低楼层 (共21层) | 2004年 | 2室1厅 | 90.14平米 | 东南,https://ke-image.ljcdn.com/110000-inspection/pc1_LLXN155yQ_1.jpg!m_fill,w_280,h_210,f_jpg?from=ke.com
20240321,西城,广安门,101122678100,荣丰2008 二期南向复式 满五年唯一必看好房,416万,128000元/平,中楼层 (共20层) 1室1厅 | 32.5平米 | 南,https://ke-image.ljcdn.com/110000-inspection/pc1_GZRYDjHws_1.jpg!m_fill,w_280,h_210,f_jpg?from=ke.com
20240321,西城,广安门,101122671359,远见名苑有燃气视野开阔配套设施齐全必看好房,430万,99676元/平,中楼层 (共26层) 1室0厅 | 43.14平米 | 北,https://ke-image.ljcdn.com/110000-inspection/pc1_66DtQTW6q_1.jpg!m_fill,w_280,h_210,f_jpg?from=ke.com
20240321,西城,广安门,101122608434,满五年唯一 方正两居室 业主诚心出售 看房随时,1159万,119276元/平,低楼层 (共29层) | 2002年 | 2室2厅 | 97.17平米 | 西南,https://ke-image.ljcdn.com/110000-inspection/b419820d-974f-4c11-9e79-cba8ea11d64e_1000.jpg!m_fill,w_280,h_210,f_jpg?from=ke.com
20240321,西城,广安门,101122471272,急售！西城 广外 小红庙大院南北通透满五唯一采光好！必看好房,459万,84969元/平,顶层 (共6层) 2室1厅 | 54.02平米 | 南 北,https://ke-image.ljcdn.com/110000-inspection/pc1_jqKS4x2iN_1.jpg!m_fill,w_280,h_210,f_jpg?from=ke.com
20240321,西城,广安门,101122394276,广安门外大街305号8区 荣丰2008,425万,130931元/平,中楼层 (共20层) | 2004年 | 1室1厅 | 32.46平米 | 南,https://ke-image.ljcdn.com/110000-inspection/pc1_6Cfq5uGSK_1.jpg!m_fill,w_280,h_210,f_jpg?from=ke.com
20240321,西城,广安门,101122303265,户型方正 不临街 采光好 单价低 观花园 满五唯一必看好房,1480万,87834元/平,低楼层 (共14层) 3室2厅 | 168.5平米 | 西南,https://ke-image.ljcdn.com/110000-inspection/pc1_Ias1QhCi8_1.jpg!m_fill,w_280,h_210,f_jpg?from=ke.com
20240321,西城,广安门,101122155117,西城区 朗琴园 三期正规一居室 正对小区花园必看好房,700万,121339元/平,中楼层 (共29层) | 2004年 | 1室1厅 | 57.69平米 | 北,https://ke-image.ljcdn.com/110000-inspection/pc1_OkWGZKrf9_1.jpg!m_fill,w_280,h_210,f_jpg?from=ke.com
20240321,西城,广安门,101122098403,荣丰2008 2室1厅 南必看好房,370万,136784元/平,中楼层 (共10层) 2室1厅 | 27.05平米 | 南,https://ke-image.ljcdn.com/110000-inspection/61abee1a-f82f-4c45-bec9-dc91434545a0_1000.jpg!m_fill,w_280,h_210,f_jpg?from=ke.com
20240321,西城,广安门,101121890642,西城区广安门外南北通透三居采光好视野好必看好房,530万,84570元/平,顶层 (共6层) | 1986年 | 3室1厅 | 62.67平米 | 南 西 北,https://ke-image.ljcdn.com/110000-inspection/pc1_2ST6j6iTV_1.jpg!m_fill,w_280,h_210,f_jpg?from=ke.com
20240321,西城,广安门,101121744826,荣丰三期复式精装修业主自住  层高5.2米  看房方便必看好房,460万,152672元/平,中楼层 (共16层) 1室1厅 | 30.13平米 | 北,https://ke-image.ljcdn.com/110000-inspection/pc1_DPHgkwoWD_1.jpg!m_fill,w_280,h_210,f_jpg?from=ke.com
20240321,西城,广安门,101121450396,玺源台小区朝西一居室 视野采光楼层佳 满五唯一,750万,122831元/平,中楼层 (共26层) 1室1厅 | 61.06平米 | 西,https://ke-image.ljcdn.com/110000-inspection/pc1_AoS1Urxpg.jpg!m_fill,w_280,h_210,f_jpg?from=ke.com
20240321,西城,广安门,101121359199,西城广安门 朗琴园 东向一居 满五唯一诚心卖,570万,97138元/平,低楼层 (共29层) 1室0厅 | 58.68平米 | 东,https://ke-image.ljcdn.com/110000-inspection/pc1_ZX5DdJROB.jpg!m_fill,w_280,h_210,f_jpg?from=ke.com
20240321,西城,广安门,101121311297,西城红居南街南北通透两居产权清晰可随时签约必看好房,468万,93675元/平,底层 (共6层) | 1980年 | 2室1厅 | 49.96平米 | 南 北,https://ke-image.ljcdn.com/110000-inspection/pc1_4QmNWrClq_1.jpg!m_fill,w_280,h_210,f_jpg?from=ke.com
20240321,西城,广安门,101121091679,此房满五年唯一无遮挡南北通透两居室看房随时。,546万,84156元/平,低楼层 (共6层) | 1989年 | 2室1厅 | 64.88平米 | 南 北,https://ke-image.ljcdn.com/110000-inspection/443d86f2-f81e-4931-be10-54ec1a702f3d_1000.jpg!m_fill,w_280,h_210,f_jpg?from=ke.com
20240321,西城,广安门,101120900524,西城区  荣丰2008小区  二期复式  4.8米挑高,392万,123000元/平,低楼层 (共10层) | 2005年 | 1室1厅 | 31.87平米 | 东,https://ke-image.ljcdn.com/110000-inspection/pc1_9xqMbWqoP_1.jpg!m_fill,w_280,h_210,f_jpg?from=ke.com
20240321,西城,广安门,101120773849,上下落地飘窗自如精装修挑高4.8米必看好房,385万,134381元/平,高楼层 (共12层) | 2005年 | 1室1厅 | 28.65平米 | 北,https://ke-image.ljcdn.com/110000-inspection/pc1_HDqcd0HWy_1.jpg!m_fill,w_280,h_210,f_jpg?from=ke.com
20240321,西城,广安门,101120692401,小马厂东里正规两居室看房方便,540万,91340元/平,中楼层 (共17层) | 1988年 | 2室1厅 | 59.12平米 | 西北,https://ke-image.ljcdn.com/110000-inspection/pc1_JSIjU2RvI_1.jpg!m_fill,w_280,h_210,f_jpg?from=ke.com
20240321,西城,广安门,101120681782,满五唯一高楼层视野开阔无遮挡两部电梯五户挑高3.15米,1135万,114324元/平,高楼层 (共24层) | 2009年 | 2室1厅 | 99.28平米 | 西北,https://ke-image.ljcdn.com/110000-inspection/pc1_fmLDsNoqC.jpg!m_fill,w_280,h_210,f_jpg?from=ke.com
20240321,西城,广安门,101120602873,南向正规复式 诚意出售产权清晰,421万,129619元/平,低楼层 (共10层) 1室1厅 | 32.48平米 | 南,https://ke-image.ljcdn.com/110000-inspection/pc1_PcN1oJWuF_1.jpg!m_fill,w_280,h_210,f_jpg?from=ke.com
20240321,西城,广安门,101120302158,西城广外    车站西街17号院南北通透  精装诚心出售！必看好房,439万,76255元/平,顶层 (共6层) | 1993年 | 2室1厅 | 57.57平米 | 南 北,https://ke-image.ljcdn.com/110000-inspection/757ccbba-fe98-4c88-a43f-2300dd217415_1000.jpg!m_fill,w_280,h_210,f_jpg?from=ke.com
20240321,西城,广安门,101120275022,远见名苑 少有三居 好楼层 东南北三面采光 满五唯一,1290万,125085元/平,低楼层 (共26层) 3室2厅 | 103.13平米 | 东南,https://ke-image.ljcdn.com/110000-inspection/54205421-1ade-489d-9016-39c9df87f5a6_1000.jpg!m_fill,w_280,h_210,f_jpg?from=ke.com
20240321,西城,广安门,101119827513,公园环绕 次新小区 人车分流 玺源台 南向清水毛坯,585万,153584元/平,高楼层 (共26层) | 2013年 | 1室1厅 | 38.09平米 | 南,https://ke-image.ljcdn.com/110000-inspection/pc1_78o2GI95w.jpg!m_fill,w_280,h_210,f_jpg?from=ke.com
20240321,西城,广安门,101119747692,丽水莲花朝东观景一居看房方便,699万,104516元/平,中楼层 (共28层) 1室1厅 | 66.88平米 | 东,https://ke-image.ljcdn.com/110000-inspection/pc1_9T1cgA4rJ.jpg!m_fill,w_280,h_210,f_jpg?from=ke.com
20240321,西城,广安门,101118687829,荣丰2008 双地铁 南北向开间 不临铁路 可看房必看好房,310万,127206元/平,顶层 (共26层) 1室0厅 | 24.37平米 | 南 北,https://ke-image.ljcdn.com/110000-inspection/pc1_SxAKWR9eJ_1.jpg!m_fill,w_280,h_210,f_jpg?from=ke.com
20240321,西城,广安门,101114779155,满五唯一 楼层好 视野开阔 产权干净 自如装修,525万,175527元/平,中楼层 (共16层) | 2007年 | 2室1厅 | 29.91平米 | 北,https://ke-image.ljcdn.com/110000-inspection/pc1_0D9tejAL7.jpg!m_fill,w_280,h_210,f_jpg?from=ke.com
20240321,西城,广安门,101123462576,远见名苑商品楼西南向两居满五唯一业主诚售有钥匙新上,918万,110523元/平,高楼层 (共25层) 2室1厅 | 83.06平米 | 西南,https://ke-image.ljcdn.com/110000-inspection/pc1_aeC5slgBA_1.jpg!m_fill,w_280,h_210,f_jpg?from=ke.com
20240321,西城,广安门,101123451702,西豪逸景 1室1厅 南新上,595万,94250元/平,低楼层 (共28层) 1室1厅 | 63.13平米 | 南,https://ke-image.ljcdn.com/110000-inspection/pc1_DseyltsNF_1.jpg!m_fill,w_280,h_210,f_jpg?from=ke.com
20240321,西城,广安门,101123438547,荣丰一期 燃气户型 精装 拎包入住新上,505万,82008元/平,低楼层 (共26层) | 2006年 | 1室1厅 | 61.58平米 | 南,https://ke-image.ljcdn.com/110000-inspection/pc1_7PDkaMw7L_1.jpg!m_fill,w_280,h_210,f_jpg?from=ke.com
20240321,西城,广安门,101123414833,经理推荐  荣丰南向房 一居 有钥匙随时看房新上,320万,126483元/平,低楼层 (共26层) | 2006年 | 1室1厅 | 25.3平米 | 南,https://ke-image.ljcdn.com/110000-inspection/a146e875-5335-43c0-b298-a892f0eaeb7d_1000.jpg!m_fill,w_280,h_210,f_jpg?from=ke.com
20240321,西城,广安门,101123388121,荣丰2008满五唯一网签价305万新上,350万,124600元/平,中楼层 (共20层) | 2004年 | 1室0厅 | 28.09平米 | 北,https://ke-image.ljcdn.com/110000-inspection/pc1_keuJcEPL5_1.jpg!m_fill,w_280,h_210,f_jpg?from=ke.com
20240321,西城,广安门,101123373018,荣丰2008 1室1厅 西新上,379万,92372元/平,中楼层 (共20层) 1室1厅 | 41.03平米 | 西,https://ke-image.ljcdn.com/110000-inspection/pc1_Zz0j1lPdb_1.jpg!m_fill,w_280,h_210,f_jpg?from=ke.com
20240321,西城,广安门,101123371868,车站西街17号院 2室1厅 南 北,315万,60207元/平,地下室 (共6层) 2室1厅 | 52.32平米 | 南 北,https://ke-image.ljcdn.com/110000-inspection/pc1_KjslY9lmO_1.jpg!m_fill,w_280,h_210,f_jpg?from=ke.com
20240321,西城,广安门,101123358142,总监推荐 挑高3.15米 双地铁 09年 全明格局,1199万,127894元/平,低楼层 (共24层) 2室1厅 | 93.75平米 | 东南,https://ke-image.ljcdn.com/110000-inspection/pc1_ITy7XTmB4.jpg!m_fill,w_280,h_210,f_jpg?from=ke.com
20240321,西城,广安门,101123334462,远见名苑二期商品楼全南两居满五唯一阳光满满,1370万,128506元/平,高楼层 (共14层) 2室1厅 | 106.61平米 | 南,https://ke-image.ljcdn.com/110000-inspection/143ec0a5-1fa7-4f71-a9b2-6348c2e13c14_1000.jpg!m_fill,w_280,h_210,f_jpg?from=ke.com
20240321,西城,广安门,101123309234,恒昌花园   精装修   东向三居室   可以直接拎包入住,1200万,91919元/平,高楼层 (共28层) | 1999年 | 3室2厅 | 130.55平米 | 东,https://ke-image.ljcdn.com/110000-inspection/pc1_Erl4iyKm9_1.jpg!m_fill,w_280,h_210,f_jpg?from=ke.com
20240321,西城,广安门,101123307175,西城广外 朗琴园满五唯一两居室 诚心卖,1280万,126834元/平,中楼层 (共27层) | 2002年 | 2室2厅 | 100.92平米 | 西北 南,https://ke-image.ljcdn.com/110000-inspection/pc1_WazLCpQjI_1.jpg!m_fill,w_280,h_210,f_jpg?from=ke.com
20240321,西城,广安门,101123304454,东南四居 户型方正  精装 基本上可以是拎包入住,720万,82721元/平,中楼层 (共6层) | 1994年 | 2室2厅 | 87.04平米 | 东 西,https://ke-image.ljcdn.com/110000-inspection/pc1_57hy1IKEA_1.jpg!m_fill,w_280,h_210,f_jpg?from=ke.com
20240321,西城,广安门,101123297338,此房荣丰小区一期开间户型方正高楼层采光好,282万,147336元/平,高楼层 (共26层) 1室0厅 | 19.14平米 | 东,https://ke-image.ljcdn.com/110000-inspection/pc1_oLx7RwWNp_1.jpg!m_fill,w_280,h_210,f_jpg?from=ke.com
20240321,西城,广安门,101123296093,西城  荣丰2008小区  户型方正  满两年 诚售,335万,125047元/平,高楼层 (共26层) 1室1厅 | 26.79平米 | 西,https://ke-image.ljcdn.com/110000-inspection/pc1_9ncZ3JwIF_1.jpg!m_fill,w_280,h_210,f_jpg?from=ke.com
20240321,西城,广安门,101123289951,莲花池南里 六里桥东 莲花池公园 有电梯 采光好,720万,82854元/平,中楼层 (共16层) 3室1厅 | 86.9平米 | 西南,https://ke-image.ljcdn.com/110000-inspection/pc1_t9R4AtCk8.jpg!m_fill,w_280,h_210,f_jpg?from=ke.com
20240321,西城,广安门,101123285449,小红庙满五唯一两居  中间楼层随时可看,516万,94110元/平,中楼层 (共6层) 2室1厅 | 54.83平米 | 南 北,https://ke-image.ljcdn.com/110000-inspection/pc1_SEZOu0Qru_1.jpg!m_fill,w_280,h_210,f_jpg?from=ke.com
20240321,西城,广安门,101123280346,此房满两年价格低诚心出售靠谱签约。,320万,151516元/平,低楼层 (共20层) | 2004年 | 1室0厅 | 21.12平米 | 北,https://ke-image.ljcdn.com/110000-inspection/pc1_PnBBBeEI9_1.jpg!m_fill,w_280,h_210,f_jpg?from=ke.com
20240321,西城,广安门,101123272943,朗琴园 1室0厅 北,585万,111642元/平,低楼层 (共29层) | 2006年 | 1室0厅 | 52.4平米 | 北,https://ke-image.ljcdn.com/110000-inspection/pc1_jOV6402vW_1.jpg!m_fill,w_280,h_210,f_jpg?from=ke.com
20240321,西城,广安门,101123271586,店长推荐玺源台南向一居正对小区花园安静采光好房主自荐,990万,129700元/平,中楼层 (共27层) 1室1厅 | 76.33平米 | 南,https://ke-image.ljcdn.com/110000-inspection/pc1_5hqfsVmpJ.jpg!m_fill,w_280,h_210,f_jpg?from=ke.com
20240321,西城,广安门,101123270969,手帕口西一巷 1室1厅 南,430万,102479元/平,中楼层 (共7层) 1室1厅 | 41.96平米 | 南,https://ke-image.ljcdn.com/110000-inspection/pc1_dvwRScAUm_1.jpg!m_fill,w_280,h_210,f_jpg?from=ke.com
20240321,西城,广安门,101123250617,西城区  广安门  2梯7户  环境好  无遮挡房主自荐,388万,109791元/平,中楼层 (共14层) 1室1厅 | 35.34平米 | 东,https://ke-image.ljcdn.com/110000-inspection/pc1_13XIdxAhr.jpg!m_fill,w_280,h_210,f_jpg?from=ke.com
20240321,西城,广安门,101123246995,聚焦房源荣丰南向的开间中间层业主诚心出售。,315万,132353元/平,中楼层 (共26层) 1室0厅 | 23.8平米 | 南,https://ke-image.ljcdn.com/110000-inspection/pc1_4gBsnLjor_1.jpg!m_fill,w_280,h_210,f_jpg?from=ke.com
20240321,西城,广安门,101123236999,小马厂东里 3室1厅 西南,850万,105643元/平,中楼层 (共17层) 3室1厅 | 80.46平米 | 西南,https://ke-image.ljcdn.com/110000-inspection/pc1_mVRS9bAoe_1.jpg!m_fill,w_280,h_210,f_jpg?from=ke.com
20240321,西城,广安门,101123231181,东南朝向不临街视野宽阔采光好看房方便,1199万,130568元/平,低楼层 (共21层) | 2004年 | 2室1厅 | 91.83平米 | 东南,https://ke-image.ljcdn.com/110000-inspection/0fa668ff-67b7-4cf6-8512-ace8c9c7f1d0_1000.jpg!m_fill,w_280,h_210,f_jpg?from=ke.com
20240321,西城,广安门,101123230994,荣丰2008 1室1厅 东,350万,110202元/平,低楼层 (共16层) | 2007年 | 1室1厅 | 31.76平米 | 东,https://ke-image.ljcdn.com/110000-inspection/pc1_Mds2dPbR1_1.jpg!m_fill,w_280,h_210,f_jpg?from=ke.com
20240321,西城,广安门,101123223828,西南向视野好 远见名苑一期 急售,845万,103402元/平,高楼层 (共26层) 2室2厅 | 81.72平米 | 西南,https://ke-image.ljcdn.com/110000-inspection/pc1_V54ijff0c_1.jpg!m_fill,w_280,h_210,f_jpg?from=ke.com
20240321,西城,广安门,101123223319,远见名苑二期 板楼一居 满五年家庭唯一,480万,122138元/平,高楼层 (共14层) | 2004年 | 1室0厅 | 39.3平米 | 北,https://ke-image.ljcdn.com/110000-inspection/pc1_rl2ava2MY_1.jpg!m_fill,w_280,h_210,f_jpg?from=ke.com
20240321,西城,广安门,101123217557,车站西街17号院 2室1厅 东 西,530万,86914元/平,高楼层 (共6层) | 1985年 | 2室1厅 | 60.98平米 | 东 西,https://ke-image.ljcdn.com/110000-inspection/pc1_TzonhBJL8_1.jpg!m_fill,w_280,h_210,f_jpg?from=ke.com
20240321,西城,广安门,101123202790,熔炼厂宿舍 2室1厅 东 北,488万,75589元/平,低楼层 (共6层) 2室1厅 | 64.56平米 | 东 北,https://ke-image.ljcdn.com/110000-inspection/pc1_liAKUWB8Y_1.jpg!m_fill,w_280,h_210,f_jpg?from=ke.com
20240321,西城,广安门,101123197725,荣丰2008一期开间方正户型诚心出售,352万,137932元/平,中楼层 (共26层) | 2003年 | 1室0厅 | 25.52平米 | 西南,https://ke-image.ljcdn.com/110000-inspection/pc1_MAMvAZvD1.jpg!m_fill,w_280,h_210,f_jpg?from=ke.com
20240321,西城,广安门,101123197169,荣丰2008出售经典一居室地铁站附近,335万,155597元/平,低楼层 (共20层) 1室0厅 | 21.53平米 | 北,https://ke-image.ljcdn.com/110000-inspection/pc1_z8ZzYh2sz_1.jpg!m_fill,w_280,h_210,f_jpg?from=ke.com
20240321,西城,广安门,101123194119,丽水莲花西城广安门外西南大两居 满五年家庭唯一,1360万,124043元/平,中楼层 (共20层) | 2009年 | 2室1厅 | 109.64平米 | 西南,https://ke-image.ljcdn.com/110000-inspection/ee390399-9ed4-438a-b3dc-37e0290fc5c2_1000.jpg!m_fill,w_280,h_210,f_jpg?from=ke.com
20240321,西城,广安门,101123162892,两梯一户视野开阔无遮挡安静无打扰,1140万,117080元/平,顶层 (共18层) | 2009年 | 2室1厅 | 97.37平米 | 西 东,https://ke-image.ljcdn.com/110000-inspection/pc1_ivihUQjcd.jpg!m_fill,w_280,h_210,f_jpg?from=ke.com
20240321,西城,广安门,101123162515,西二环荣丰2008小区精装小一居出售,315万,106708元/平,低楼层 (共20层) | 2004年 | 1室0厅 | 29.52平米 | 西南,https://ke-image.ljcdn.com/110000-inspection/pc1_PeOwWMSiE_1.jpg!m_fill,w_280,h_210,f_jpg?from=ke.com
20240321,西城,广安门,101123155953,远见名苑 1室1厅 北,600万,109370元/平,低楼层 (共26层) 1室1厅 | 54.86平米 | 北,https://ke-image.ljcdn.com/110000-inspection/pc1_DIbaDeTkS_1.jpg!m_fill,w_280,h_210,f_jpg?from=ke.com
20240321,西城,广安门,101123151877,广安门外车站西街15号院 精装两居 满五年唯一,650万,92858元/平,低楼层 (共6层) 2室1厅 | 70平米 | 南 北,https://ke-image.ljcdn.com/110000-inspection/7228e768-e6af-4b0a-a290-6df7ca8a91df_1000.jpg!m_fill,w_280,h_210,f_jpg?from=ke.com
20240321,西城,广安门,101123144623,西城  荣丰2008  朝南开间   满五年唯一,335万,149022元/平,底层 (共26层) | 2003年 | 1室0厅 | 22.48平米 | 南,https://ke-image.ljcdn.com/110000-inspection/pc1_R3bUpCw8I_1.jpg!m_fill,w_280,h_210,f_jpg?from=ke.com
20240321,西城,广安门,101123133766,荣丰2008 1室0厅 西北,355万,117356元/平,高楼层 (共26层) 1室0厅 | 30.25平米 | 西北,https://ke-image.ljcdn.com/110000-inspection/pc1_eofAUtsAn_1.jpg!m_fill,w_280,h_210,f_jpg?from=ke.com
20240321,西城,广安门,101123132791,西城广外恒昌花园新上东向三居室。,1190万,91153元/平,中楼层 (共28层) | 1999年 | 3室1厅 | 130.55平米 | 东,https://ke-image.ljcdn.com/110000-inspection/pc1_ZeghQNPMD_1.jpg!m_fill,w_280,h_210,f_jpg?from=ke.com
20240321,西城,广安门,101123132608,此房满五年且唯一 楼层好俯瞰大花园南边没任何遮挡,2099万,113252元/平,高楼层 (共29层) | 2002年 | 4室1厅 | 185.34平米 | 东南,https://ke-image.ljcdn.com/110000-inspection/bcda0d8e-cb9e-483c-a96d-7c2f2146a38f_1000.jpg!m_fill,w_280,h_210,f_jpg?from=ke.com
20240321,西城,广安门,101123124762,红居南街  满五唯一 小区环境好 诚心出售,599万,92183元/平,底层 (共6层) | 1995年 | 2室1厅 | 64.98平米 | 南 北,https://ke-image.ljcdn.com/110000-inspection/pc1_9jPf3sQ8l_1.jpg!m_fill,w_280,h_210,f_jpg?from=ke.com
20240321,西城,广安门,101123120709,远见名苑二期 商品房 有燃气 板楼人车分流 居住舒适,560万,109632元/平,低楼层 (共20层) | 2004年 | 1室0厅 | 51.08平米 | 北,https://ke-image.ljcdn.com/110000-inspection/pc1_kRFj3oIGh_1.jpg!m_fill,w_280,h_210,f_jpg?from=ke.com
20240321,西城,广安门,101123120527,朗琴园优质一居室满五年唯一诚意出售,780万,145009元/平,低楼层 (共27层) | 2002年 | 1室1厅 | 53.79平米 | 北,https://ke-image.ljcdn.com/110000-inspection/pc1_kCjX32uDI_1.jpg!m_fill,w_280,h_210,f_jpg?from=ke.com
20240321,西城,广安门,101123114002,西城区广安门外小红庙低楼层南北两居,560万,111577元/平,底层 (共6层) 2室1厅 | 50.19平米 | 南 北,https://ke-image.ljcdn.com/110000-inspection/pc1_XfkbCSZww_1.jpg!m_fill,w_280,h_210,f_jpg?from=ke.com
20240321,西城,广安门,101123110089,小红庙 2室1厅 南 北,510万,93889元/平,低楼层 (共6层) 2室1厅 | 54.32平米 | 南 北,https://ke-image.ljcdn.com/110000-inspection/pc1_wSN0GTWgQ.jpg!m_fill,w_280,h_210,f_jpg?from=ke.com
20240321,西城,广安门,101123110036,红居南街6号院 2室1厅 南 北,475万,82796元/平,顶层 (共6层) | 1986年 | 2室1厅 | 57.37平米 | 南 北,https://ke-image.ljcdn.com/110000-inspection/pc1_ckhYICd9k_1.jpg!m_fill,w_280,h_210,f_jpg?from=ke.com
20240321,西城,广安门,101123096410,手帕口北街 南北两居室 精装修,545万,95131元/平,中楼层 (共6层) | 1980年 | 2室1厅 | 57.29平米 | 南 北,https://ke-image.ljcdn.com/110000-inspection/pc1_dzDwwPAWv_1.jpg!m_fill,w_280,h_210,f_jpg?from=ke.com
20240321,西城,广安门,101123095787,荣丰四期 南向燃气 明厨明卫 中间层无遮挡 满五年唯一房主自荐,480万,98040元/平,中楼层 (共20层) | 2008年 | 1室1厅 | 48.96平米 | 南,https://ke-image.ljcdn.com/110000-inspection/pc1_UtIM0djBl_1.jpg!m_fill,w_280,h_210,f_jpg?from=ke.com
20240321,西城,广安门,101123094982,荣丰一期开间 产权清晰 业主诚心出售,345万,135189元/平,低楼层 (共26层) 1室0厅 | 25.52平米 | 西,https://ke-image.ljcdn.com/110000-inspection/pc1_YVkpShXcR.jpg!m_fill,w_280,h_210,f_jpg?from=ke.com
20240321,西城,广安门,101123091482,车站西街17号院 南北两居室 不临街 近地铁,530万,95273元/平,顶层 (共6层) 2室1厅 | 55.63平米 | 南 北,https://ke-image.ljcdn.com/110000-inspection/589b9b62-c4ae-4799-a279-74f60046727c_1000.jpg!m_fill,w_280,h_210,f_jpg?from=ke.com
20240321,西城,广安门,101123087772,广外 远见名苑一期大院 朝西采光好无遮挡 正规一居室,588万,113822元/平,中楼层 (共21层) 1室1厅 | 51.66平米 | 西,https://ke-image.ljcdn.com/110000-inspection/pc1_2tHWhJOC9_1.jpg!m_fill,w_280,h_210,f_jpg?from=ke.com
20240321,西城,广安门,101123069288,莲花池南里小区 花园环绕 南北通透大三居,452万,66218元/平,中楼层 (共6层) 3室1厅 | 68.26平米 | 南 北,https://ke-image.ljcdn.com/110000-inspection/pc1_YGDZhj4yP_1.jpg!m_fill,w_280,h_210,f_jpg?from=ke.com
20240321,西城,广安门,101123066642,沐浴阳光 就像一直寻找的家 远见商品房,740万,100777元/平,底层 (共25层) 1室1厅 | 73.43平米 | 南,https://ke-image.ljcdn.com/110000-inspection/pc1_oaPjAHnY9_1.jpg!m_fill,w_280,h_210,f_jpg?from=ke.com
20240321,西城,广安门,101123056950,远见名苑 东北向 正规两居室 无二次采光,899万,104681元/平,中楼层 (共21层) | 2004年 | 2室1厅 | 85.88平米 | 东北,https://ke-image.ljcdn.com/110000-inspection/pc1_SaBfVF35T_1.jpg!m_fill,w_280,h_210,f_jpg?from=ke.com
20240321,西城,广安门,101123055693,西城  两居   总层高8层电梯直达房主自荐,496万,85151元/平,中楼层 (共8层) | 2006年 | 2室1厅 | 58.25平米 | 东北,https://ke-image.ljcdn.com/110000-inspection/pc1_ZqPzW0KTK_1.jpg!m_fill,w_280,h_210,f_jpg?from=ke.com
20240321,西城,广安门,101123054846,手帕口北街双地铁南北通透两居室,470万,81697元/平,顶层 (共6层) 2室1厅 | 57.53平米 | 南 北,https://ke-image.ljcdn.com/110000-inspection/pc1_0d04PkAnW.jpg!m_fill,w_280,h_210,f_jpg?from=ke.com
20240321,西城,广安门,101123042611,正规两居室南北通透诚心出售,315万,60207元/平,地下室 (共6层) | 1992年 | 2室1厅 | 52.32平米 | 南 北,https://ke-image.ljcdn.com/110000-inspection/pc1_RMcLKxfxF_1.jpg!m_fill,w_280,h_210,f_jpg?from=ke.com
20240321,西城,广安门,101123042171,西城广外远见仅有的高楼层2居室,880万,105897元/平,中楼层 (共26层) 2室1厅 | 83.1平米 | 西,https://ke-image.ljcdn.com/110000-inspection/3ae73c9e-8eb7-4fea-b253-a203da2ffc1f_1000.jpg!m_fill,w_280,h_210,f_jpg?from=ke.com
20240321,西城,广安门,101123027399,当你有一个自己的家后 才能体会到空间的宽敞 精装一居,630万,114838元/平,中楼层 (共26层) | 2004年 | 1室1厅 | 54.86平米 | 北,https://ke-image.ljcdn.com/110000-inspection/pc1_geZAPyNEB_1.jpg!m_fill,w_280,h_210,f_jpg?from=ke.com
20240321,西城,广安门,101123015807,西城区 7号线  达官营  荣丰2008小区,335万,125422元/平,中楼层 (共26层) | 2006年 | 1室1厅 | 26.71平米 | 东,https://ke-image.ljcdn.com/110000-inspection/db7ee6a7-4f33-4063-a8a3-58e59e469b0b_1000.jpg!m_fill,w_280,h_210,f_jpg?from=ke.com
20240321,西城,广安门,101122992090,广华轩 3室1厅 东南 北,1380万,91537元/平,低楼层 (共24层) 3室1厅 | 150.76平米 | 东南 北,https://ke-image.ljcdn.com/110000-inspection/pc1_ac37aj9qr_1.jpg!m_fill,w_280,h_210,f_jpg?from=ke.com
20240321,西城,广安门,101122992090,广华轩 3室1厅 东南 北,1380万,91537元/平,低楼层 (共24层) 3室1厅 | 150.76平米 | 东南 北,https://ke-image.ljcdn.com/110000-inspection/pc1_ac37aj9qr_1.jpg!m_fill,w_280,h_210,f_jpg?from=ke.com
20240321,西城,广安门,101122990647,远见名苑   高楼层   无遮挡  满五年唯一,566万,88204元/平,中楼层 (共24层) | 2004年 | 1室1厅 | 64.17平米 | 西,https://ke-image.ljcdn.com/110000-inspection/pc1_qUMsST3Vr_1.jpg!m_fill,w_280,h_210,f_jpg?from=ke.com
20240321,西城,广安门,101122976324,手帕口西一巷 2室1厅 南 北房主自荐,470万,85238元/平,顶层 (共5层) 2室1厅 | 55.14平米 | 南 北,https://ke-image.ljcdn.com/110000-inspection/pc1_ox9oXBAX0_1.jpg!m_fill,w_280,h_210,f_jpg?from=ke.com
20240321,西城,广安门,101122971257,丽水莲花 格局方正 满五唯一 南向 看房方便 小区新,898万,126089元/平,高楼层 (共26层) | 2009年 | 1室1厅 | 71.22平米 | 南,https://ke-image.ljcdn.com/110000-inspection/pc1_XdGLCbN04.jpg!m_fill,w_280,h_210,f_jpg?from=ke.com
20240321,西城,广安门,101122968721,西城荣丰2008 新上满二300万楼下花园位置好随时签约,340万,142858元/平,中楼层 (共26层) | 2006年 | 1室1厅 | 23.8平米 | 南,https://ke-image.ljcdn.com/110000-inspection/pc1_IGhB0RVgN_1.jpg!m_fill,w_280,h_210,f_jpg?from=ke.com
20240321,西城,广安门,101122936819,西城广安门、西豪逸景、东南两居、电梯房,720万,91884元/平,低楼层 (共28层) 2室1厅 | 78.36平米 | 东南,https://ke-image.ljcdn.com/110000-inspection/pc1_FrXsAGzdj_1.jpg!m_fill,w_280,h_210,f_jpg?from=ke.com
20240321,西城,广安门,101122916820,朗琴园 1室1厅 东,759万,129192元/平,低楼层 (共29层) | 2002年 | 1室1厅 | 58.75平米 | 东,https://ke-image.ljcdn.com/110000-inspection/pc1_peBp3xDAE_1.jpg!m_fill,w_280,h_210,f_jpg?from=ke.com
20240321,西城,广安门,101122915190,小红庙 大院里 南北通透 两居室 低楼层 环境好,550万,101364元/平,底层 (共6层) | 1986年 | 2室1厅 | 54.26平米 | 南 北,https://ke-image.ljcdn.com/110000-inspection/pc1_2zxMt2onP_1.jpg!m_fill,w_280,h_210,f_jpg?from=ke.com
20240321,西城,广安门,101122909454,广华轩东向两居室业主诚意出售价格可谈,900万,78879元/平,低楼层 (共24层) | 2000年 | 2室1厅 | 114.1平米 | 东,https://ke-image.ljcdn.com/110000-inspection/pc1_dLBAiySbK_1.jpg!m_fill,w_280,h_210,f_jpg?from=ke.com
20240321,西城,广安门,101122908287,车站西街15号院 2室1厅 南,505万,88644元/平,顶层 (共6层) | 1989年 | 2室1厅 | 56.97平米 | 南,https://ke-image.ljcdn.com/110000-inspection/pc1_Cq9pWZE1H_1.jpg!m_fill,w_280,h_210,f_jpg?from=ke.com
20240321,西城,广安门,101122895829,莲花池南里小区  3室1厅 南 北,680万,86306元/平,中楼层 (共6层) 3室1厅 | 78.79平米 | 南 北,https://ke-image.ljcdn.com/110000-inspection/pc1_2HAkZ35k8.jpg!m_fill,w_280,h_210,f_jpg?from=ke.com
20240321,西城,广安门,101122894746,车站西街17号院 1室1厅 南,420万,89744元/平,底层 (共6层) 1室1厅 | 46.8平米 | 南,https://ke-image.ljcdn.com/110000-inspection/pc1_5kU9XTa7T_1.jpg!m_fill,w_280,h_210,f_jpg?from=ke.com
20240321,西城,广安门,101122893947,车站西街15号院 1室1厅 南,390万,99541元/平,高楼层 (共6层) 1室1厅 | 39.18平米 | 南,https://ke-image.ljcdn.com/110000-inspection/pc1_hTW1GOmf9_1.jpg!m_fill,w_280,h_210,f_jpg?from=ke.com
20240321,西城,广安门,101122873163,西城区荣丰小区精装小一居出售自如装修,350万,136719元/平,中楼层 (共26层) | 2003年 | 1室1厅 | 25.6平米 | 北,https://ke-image.ljcdn.com/110000-inspection/pc1_9UHhFZ7rE_1.jpg!m_fill,w_280,h_210,f_jpg?from=ke.com
20240321,西城,广安门,101122871704,朗琴园 高楼层 阳光向 一居室 落地窗,535万,112680元/平,高楼层 (共29层) 1室0厅 | 47.48平米 | 西南,https://ke-image.ljcdn.com/110000-inspection/pc1_HTvIkDS4q.jpg!m_fill,w_280,h_210,f_jpg?from=ke.com
20240321,西城,广安门,101122856105,西城区广安门外马连道丽水莲花东向两居 09年房子,990万,101821元/平,高楼层 (共24层) 2室2厅 | 97.23平米 | 东,https://ke-image.ljcdn.com/110000-inspection/pc1_l25VM2XIx.jpg!m_fill,w_280,h_210,f_jpg?from=ke.com
20240321,西城,广安门,101122840624,西城广外远见名苑 满五唯一 西向正对莲花河房主自荐,519万,89871元/平,低楼层 (共24层) 1室0厅 | 57.75平米 | 西,https://ke-image.ljcdn.com/110000-inspection/pc1_99GsVVBNA_1.jpg!m_fill,w_280,h_210,f_jpg?from=ke.com
20240321,西城,广安门,101122840593,红居街10号院邮政单位分房楼道干净管理好！房主自荐,828万,116950元/平,高楼层 (共18层) | 1997年 | 2室1厅 | 70.8平米 | 西北,https://ke-image.ljcdn.com/110000-inspection/pc1_fgSF13a4K_1.jpg!m_fill,w_280,h_210,f_jpg?from=ke.com
20240321,西城,广安门,101122823335,莲花池东路西南向精装修两居室随时签约,960万,110536元/平,中楼层 (共24层) | 1999年 | 2室1厅 | 86.85平米 | 西南,https://ke-image.ljcdn.com/110000-inspection/pc1_Wc3yfoQip_1.jpg!m_fill,w_280,h_210,f_jpg?from=ke.com
20240321,西城,广安门,101122819194,丽水莲花满五唯一东向视野开阔采光充足,970万,99764元/平,中楼层 (共24层) | 2009年 | 2室1厅 | 97.23平米 | 东,https://ke-image.ljcdn.com/110000-inspection/pc1_phjBuudil.jpg!m_fill,w_280,h_210,f_jpg?from=ke.com
20240321,西城,广安门,101122818378,满五年唯一 西南北三居室 业主诚心出售房主自荐,639万,86073元/平,顶层 (共6层) 3室1厅 | 74.24平米 | 南 西 北,https://ke-image.ljcdn.com/110000-inspection/pc1_6MnxhY6Js_1.jpg!m_fill,w_280,h_210,f_jpg?from=ke.com
20240321,西城,广安门,101122815705,满五年唯一南北通透楼龄新采光好两居室,597万,99883元/平,高楼层 (共6层) 2室1厅 | 59.77平米 | 南 北,https://ke-image.ljcdn.com/110000-inspection/pc1_jnWRv6lAY_1.jpg!m_fill,w_280,h_210,f_jpg?from=ke.com
20240321,西城,广安门,101122800463,车站西街满五年南北户型方正高层采光好,479万,83204元/平,顶层 (共6层) | 1993年 | 2室1厅 | 57.57平米 | 南 北,https://ke-image.ljcdn.com/110000-inspection/pc1_xiaEN1ac4_1.jpg!m_fill,w_280,h_210,f_jpg?from=ke.com
20240321,西城,广安门,101122751359,满五年唯一西南向中楼层视野宽阔采光充足,550万,114943元/平,低楼层 (共29层) | 2006年 | 1室0厅 | 47.85平米 | 西南,https://ke-image.ljcdn.com/110000-inspection/pc1_Cu0W2z8vz_1.jpg!m_fill,w_280,h_210,f_jpg?from=ke.com
20240321,西城,广安门,101122747773,西城广安门外商品房性质两居室 东向无遮挡,960万,114491元/平,高楼层 (共26层) | 2004年 | 2室1厅 | 83.85平米 | 东,https://ke-image.ljcdn.com/110000-inspection/pc1_qsEmLmLm6_1.jpg!m_fill,w_280,h_210,f_jpg?from=ke.com
20240321,西城,广安门,101122729288,荣丰四期 楼龄新  精装修 东向无遮挡 视野好,450万,90362元/平,中楼层 (共20层) 1室1厅 | 49.8平米 | 东,https://ke-image.ljcdn.com/110000-inspection/f1f575f0-6ea9-4a2e-ac6d-2608a2507b40_1000.jpg!m_fill,w_280,h_210,f_jpg?from=ke.com
20240321,西城,广安门,101122723960,朗琴园 东边无遮挡东南北大两居,1200万,119107元/平,低楼层 (共27层) | 2002年 | 2室1厅 | 100.75平米 | 南 东北,https://ke-image.ljcdn.com/110000-inspection/pc1_RERkYfgPR_1.jpg!m_fill,w_280,h_210,f_jpg?from=ke.com
20240321,西城,广安门,101122716868,玺源台朝东正规一居室看房提前约,800万,125451元/平,中楼层 (共15层) 1室1厅 | 63.77平米 | 东,https://ke-image.ljcdn.com/110000-inspection/pc1_RCJrzgT2H.jpg!m_fill,w_280,h_210,f_jpg?from=ke.com
20240321,西城,广安门,101122701604,纯商品楼板楼两居两梯四户明厨明卫满五唯一,1100万,94861元/平,底层 (共17层) | 2008年 | 2室2厅 | 115.96平米 | 南 西北,https://ke-image.ljcdn.com/110000-inspection/pc1_Xbn3cLHsH_1.jpg!m_fill,w_280,h_210,f_jpg?from=ke.com
20240321,西城,广安门,101122697579,丽水莲花 西南两居室 户型方正 明厨明卫,1268万,127720元/平,中楼层 (共24层) | 2009年 | 2室1厅 | 99.28平米 | 西南,https://ke-image.ljcdn.com/110000-inspection/pc1_2TEgujLNY.jpg!m_fill,w_280,h_210,f_jpg?from=ke.com
20240321,西城,广安门,101122693696,西城区广安门外荣丰小区精装小一居出售,399万,147287元/平,中楼层 (共26层) 1室1厅 | 27.09平米 | 西,https://ke-image.ljcdn.com/110000-inspection/pc1_F5Xi0G7is.jpg!m_fill,w_280,h_210,f_jpg?from=ke.com
20240321,西城,广安门,101122690008,荣丰二期开间原网签价367万04年商品房户型方正,386万,177717元/平,中楼层 (共20层) | 2004年 | 1室0厅 | 21.72平米 | 北,https://ke-image.ljcdn.com/110000-inspection/pc1_rZrAVjvdB.jpg!m_fill,w_280,h_210,f_jpg?from=ke.com
20240321,西城,广安门,101122689889,小红庙南里 2室1厅 西 东房主自荐,499万,76079元/平,低楼层 (共18层) | 1986年 | 2室1厅 | 65.59平米 | 西 东,https://ke-image.ljcdn.com/110000-inspection/pc1_IvUa11Ovz_1.jpg!m_fill,w_280,h_210,f_jpg?from=ke.com
20240321,西城,广安门,101122688913,手帕口北街罕见三居精装全明户型另有储物间,660万,100933元/平,中楼层 (共5层) | 1974年 | 3室1厅 | 65.39平米 | 南 北,https://ke-image.ljcdn.com/110000-inspection/pc1_YVijIcNyq_1.jpg!m_fill,w_280,h_210,f_jpg?from=ke.com
20240321,西城,广安门,101122681423,车站西街15号院 南北通透 满五年 中间层 随时可以看,550万,96917元/平,中楼层 (共6层) 2室1厅 | 56.75平米 | 南 北,https://ke-image.ljcdn.com/110000-inspection/pc1_Gh2DtbVXB.jpg!m_fill,w_280,h_210,f_jpg?from=ke.com
20240321,西城,广安门,101122680143,朗琴园 东向 高楼层 采光好 视野好 随时签约,635万,108215元/平,中楼层 (共29层) 1室1厅 | 58.68平米 | 东,https://ke-image.ljcdn.com/110000-inspection/pc1_SLMmlsOMm_1.jpg!m_fill,w_280,h_210,f_jpg?from=ke.com
20240321,西城,广安门,101122678305,西城区荣丰小区精装小一居出售诚心出售,350万,137742元/平,中楼层 (共26层) | 2006年 | 1室0厅 | 25.41平米 | 南,https://ke-image.ljcdn.com/110000-inspection/c924e8a5-54a6-45cf-871c-a46db319b0a2_1000.jpg!m_fill,w_280,h_210,f_jpg?from=ke.com
20240321,西城,广安门,101122670189,西城区广安门外大街荣丰小区精装小一居出售,345万,130980元/平,中楼层 (共20层) | 2004年 | 1室0厅 | 26.34平米 | 南,https://ke-image.ljcdn.com/110000-inspection/pc1_rd0Lljfkh.jpg!m_fill,w_280,h_210,f_jpg?from=ke.com
20240321,西城,广安门,101122664403,莲花池东路24号院西向一居室满五年出行便利。,538万,92472元/平,低楼层 (共24层) | 1999年 | 1室1厅 | 58.18平米 | 西,https://ke-image.ljcdn.com/110000-inspection/pc1_GFjlV4tmk_1.jpg!m_fill,w_280,h_210,f_jpg?from=ke.com
20240321,西城,广安门,101122652667,西城广安门外小红庙南北通透三局满五唯一中间层,720万,103138元/平,中楼层 (共6层) | 1983年 | 3室1厅 | 69.81平米 | 南 北,https://ke-image.ljcdn.com/110000-inspection/pc1_RCThIkToS_1.jpg!m_fill,w_280,h_210,f_jpg?from=ke.com
20240321,西城,广安门,101122651670,小红庙 南北通透 满五唯一 诚心出售看房提前约,525万,95751元/平,顶层 (共6层) 2室1厅 | 54.83平米 | 南 北,https://ke-image.ljcdn.com/110000-inspection/pc1_BqPP5Qyqu_1.jpg!m_fill,w_280,h_210,f_jpg?from=ke.com
20240321,西城,广安门,101122651419,西城区   荣丰2008小区   中楼层视野好   诚意出售,340万,113108元/平,中楼层 (共26层) | 2006年 | 1室1厅 | 30.06平米 | 北,https://ke-image.ljcdn.com/110000-inspection/pc1_7OMPNA5WC_1.jpg!m_fill,w_280,h_210,f_jpg?from=ke.com
20240321,西城,广安门,101122649278,西豪逸景满五年西南两居室视野无遮挡,863万,99850元/平,中楼层 (共28层) | 2001年 | 2室1厅 | 86.43平米 | 西南,https://ke-image.ljcdn.com/110000-inspection/pc1_qfGVvOOPK_1.jpg!m_fill,w_280,h_210,f_jpg?from=ke.com
20240321,西城,广安门,101122642280,西城区  荣丰2008  二期开间  户型方正,350万,162564元/平,低楼层 (共20层) | 2004年 | 1室0厅 | 21.53平米 | 北,https://ke-image.ljcdn.com/110000-inspection/pc1_PXRnSyRYd_1.jpg!m_fill,w_280,h_210,f_jpg?from=ke.com
20240321,西城,广安门,101122635112,西城 广安门 红居街10号院 一居室,630万,125624元/平,中楼层 (共18层) | 1998年 | 1室1厅 | 50.15平米 | 西,https://ke-image.ljcdn.com/110000-inspection/pc1_XISx5oFNN_1.jpg!m_fill,w_280,h_210,f_jpg?from=ke.com
20240321,西城,广安门,101122633322,西城区荣丰2008小区三期  精装有阳台诚售,359万,103280元/平,低楼层 (共16层) | 2007年 | 1室1厅 | 34.76平米 | 东,https://ke-image.ljcdn.com/110000-inspection/pc1_zmW1wHM80.jpg!m_fill,w_280,h_210,f_jpg?from=ke.com
20240321,西城,广安门,101122620949,水电部家属楼 南北通透三居室 满五年唯一 地铁九号线,620万,78482元/平,中楼层 (共6层) 3室1厅 | 79平米 | 南 北,https://ke-image.ljcdn.com/110000-inspection/pc1_fzmOCN4wL.jpg!m_fill,w_280,h_210,f_jpg?from=ke.com
20240321,西城,广安门,101122603599,2006年的小区总高8层有电梯单价8.5万,738万,84896元/平,中楼层 (共8层) 2室1厅 | 86.93平米 | 南,https://ke-image.ljcdn.com/110000-inspection/pc1_qAciSndvN_1.jpg!m_fill,w_280,h_210,f_jpg?from=ke.com
20240321,西城,广安门,101122597210,西城区 荣丰2008 带电梯 70年产权住宅,380万,140274元/平,顶层 (共26层) | 2003年 | 1室1厅 | 27.09平米 | 东,https://ke-image.ljcdn.com/110000-inspection/pc1_1IkfOgpdN_1.jpg!m_fill,w_280,h_210,f_jpg?from=ke.com
20240321,西城,广安门,101122589037,业主急售 荣丰一期南向一居室 满五年唯一 诚心出售,338万,98831元/平,中楼层 (共26层) 1室1厅 | 34.2平米 | 南,https://ke-image.ljcdn.com/110000-inspection/ec9ba1eb-3e76-4e0a-9266-8c494cc2efe1_1000.jpg!m_fill,w_280,h_210,f_jpg?from=ke.com
20240321,西城,广安门,101122581702,远见名苑   东西北朝向   满五年唯一 板楼双卫三居室,1830万,114390元/平,低楼层 (共17层) | 2007年 | 3室2厅 | 159.98平米 | 东 西北,https://ke-image.ljcdn.com/110000-inspection/pc1_vXz5z8alR_1.jpg!m_fill,w_280,h_210,f_jpg?from=ke.com
20240321,西城,广安门,101122571376,荣丰2008 1室0厅 西,450万,119301元/平,中楼层 (共20层) | 2008年 | 1室0厅 | 37.72平米 | 西,https://ke-image.ljcdn.com/110000-inspection/pc1_0iPSXmcCD_1.jpg!m_fill,w_280,h_210,f_jpg?from=ke.com
20240321,西城,广安门,101122571342,西城广安门外远见名苑 商品房一居室,600万,106383元/平,中楼层 (共26层) 1室1厅 | 56.4平米 | 西北,https://ke-image.ljcdn.com/110000-inspection/pc1_M3qP9ljSn_1.jpg!m_fill,w_280,h_210,f_jpg?from=ke.com
20240321,西城,广安门,101122562578,玺源台 满五唯一 精装修 看房提前约,895万,122822元/平,高楼层 (共15层) | 2015年 | 2室1厅 | 72.87平米 | 西,https://ke-image.ljcdn.com/110000-inspection/pc1_s6M69rRZG.jpg!m_fill,w_280,h_210,f_jpg?from=ke.com
20240321,西城,广安门,101122555401,蝶翠华庭 正规三居 双卫 双储物间格局满五年唯一,1570万,124180元/平,中楼层 (共29层) | 2004年 | 3室2厅 | 126.43平米 | 西南 东北,https://ke-image.ljcdn.com/110000-inspection/pc1_AQBWaqaBt_1.jpg!m_fill,w_280,h_210,f_jpg?from=ke.com
20240321,西城,广安门,101122554268,西城 玺源台 2016年 次新小区 人车分流 商品房社区,755万,123266元/平,中楼层 (共15层) | 2015年 | 1室1厅 | 61.25平米 | 西,https://ke-image.ljcdn.com/110000-inspection/pc1_2FgrY9IwN.jpg!m_fill,w_280,h_210,f_jpg?from=ke.com
20240321,西城,广安门,101122544953,西城区 广外大街 红居街 远见名苑,1290万,111169元/平,低楼层 (共17层) | 2007年 | 2室2厅 | 116.04平米 | 西南 北,https://ke-image.ljcdn.com/110000-inspection/pc1_jeJztDfWh_1.jpg!m_fill,w_280,h_210,f_jpg?from=ke.com
20240321,西城,广安门,101122544096,西城区 荣丰 满五唯一 正南向开间 产权清晰诚心出售,375万,142370元/平,低楼层 (共20层) | 2004年 | 1室0厅 | 26.34平米 | 南,https://ke-image.ljcdn.com/110000-inspection/pc1_FJq4Ng6qE_1.jpg!m_fill,w_280,h_210,f_jpg?from=ke.com
20240321,西城,广安门,101122541201,莲花池南里 六里桥东 无遮挡 采光好,266万,70019元/平,高楼层 (共6层) 1室1厅 | 37.99平米 | 南,https://ke-image.ljcdn.com/110000-inspection/pc1_QuLadFdCo.jpg!m_fill,w_280,h_210,f_jpg?from=ke.com
20240321,西城,广安门,101122483802,优质小2居 无遮挡 无浪费面积 户型方正 满五年唯一,995万,148044元/平,低楼层 (共26层) | 2013年 | 2室1厅 | 67.21平米 | 东南,https://ke-image.ljcdn.com/110000-inspection/pc1_qKllBspvH_1.jpg!m_fill,w_280,h_210,f_jpg?from=ke.com
20240321,西城,广安门,101122483768,远见名苑正对小区花园无遮挡采光好,465万,87935元/平,顶层 (共24层) 1室1厅 | 52.88平米 | 东,https://ke-image.ljcdn.com/110000-inspection/pc1_pplBHHOM0_1.jpg!m_fill,w_280,h_210,f_jpg?from=ke.com
20240321,西城,广安门,101122480538,装修好 全南向 双卫好楼层大两居,1440万,130672元/平,中楼层 (共29层) 2室1厅 | 110.2平米 | 南,https://ke-image.ljcdn.com/110000-inspection/pc1_HgL5lLmRu_1.jpg!m_fill,w_280,h_210,f_jpg?from=ke.com
20240321,西城,广安门,101122477002,远见名苑7号楼商品楼   两梯两户,1120万,108036元/平,底层 (共17层) 1室1厅 | 103.67平米 | 西,https://ke-image.ljcdn.com/110000-inspection/pc1_rDWzle2fF_1.jpg!m_fill,w_280,h_210,f_jpg?from=ke.com
20240321,西城,广安门,101122472924,远见名苑 1室1厅 南 东北,570万,102224元/平,底层 (共26层) | 2004年 | 1室1厅 | 55.76平米 | 南 东北,https://ke-image.ljcdn.com/110000-inspection/pc1_sL015OiTu_1.jpg!m_fill,w_280,h_210,f_jpg?from=ke.com
20240321,西城,广安门,101122472631,荣丰2008 1室1厅 东,420万,114598元/平,高楼层 (共26层) | 2006年 | 1室1厅 | 36.65平米 | 东,https://ke-image.ljcdn.com/110000-inspection/pc1_LYoEVc98t_1.jpg!m_fill,w_280,h_210,f_jpg?from=ke.com
20240321,西城,广安门,101122471570,玺源台 2室2厅 东,1100万,122686元/平,低楼层 (共26层) 2室2厅 | 89.66平米 | 东,https://ke-image.ljcdn.com/110000-inspection/pc1_QMTfcVn2Z.jpg!m_fill,w_280,h_210,f_jpg?from=ke.com
20240321,西城,广安门,101122450153,精装修 南北通透 全明格局9号线六里桥东站莲花池公园,445万,77527元/平,高楼层 (共6层) | 1992年 | 2室1厅 | 57.4平米 | 南 北,https://ke-image.ljcdn.com/110000-inspection/pc1_fsZkPFsjn.jpg!m_fill,w_280,h_210,f_jpg?from=ke.com
20240321,西城,广安门,101122422381,西城 玺源台 次新小区 正规两居 南北通透 产权清晰,1195万,132882元/平,低楼层 (共27层) 2室1厅 | 89.93平米 | 南 北,https://ke-image.ljcdn.com/110000-inspection/pc1_O0Qko8YHO.jpg!m_fill,w_280,h_210,f_jpg?from=ke.com
20240321,西城,广安门,101122419038,居一方水岸 一生河景 盘水而居 你值得拥有,508万,87966元/平,高楼层 (共24层) | 2004年 | 1室1厅 | 57.75平米 | 西,https://ke-image.ljcdn.com/110000-inspection/pc1_jq8j9rNmU_1.jpg!m_fill,w_280,h_210,f_jpg?from=ke.com
20240321,西城,广安门,101122409675,西豪逸景 2室1厅 西南,870万,103931元/平,低楼层 (共28层) 2室1厅 | 83.71平米 | 西南,https://ke-image.ljcdn.com/110000-inspection/pc1_D3IGExcIR_1.jpg!m_fill,w_280,h_210,f_jpg?from=ke.com
20240321,西城,广安门,101122407957,西城广外 朗琴园三居室 可看整个小区花园 满五唯一,1428万,135497元/平,中楼层 (共29层) | 2004年 | 3室1厅 | 105.39平米 | 西北,https://ke-image.ljcdn.com/110000-inspection/b17157f2-8cb7-4063-a502-c7a3bbb8a27f_1000.jpg!m_fill,w_280,h_210,f_jpg?from=ke.com
20240321,西城,广安门,101122399381,车站西街15号院 低楼层 精装两居室 满五年,649万,91396元/平,底层 (共6层) 2室1厅 | 71.01平米 | 西 北,https://ke-image.ljcdn.com/110000-inspection/pc1_BJuQEhswz_1.jpg!m_fill,w_280,h_210,f_jpg?from=ke.com
20240321,西城,广安门,101122396143,小红庙小区全明格局两居室   中间楼层  业主诚心出售,620万,101341元/平,中楼层 (共6层) 2室1厅 | 61.18平米 | 南 北,https://ke-image.ljcdn.com/110000-inspection/pc1_IN9CMYwll.jpg!m_fill,w_280,h_210,f_jpg?from=ke.com
20240321,西城,广安门,101122392282,03年 单价低 能贷款 面积大 楼层好 双轨 诚意出售,410万,119743元/平,中楼层 (共26层) | 2006年 | 1室0厅 | 34.24平米 | 东,https://ke-image.ljcdn.com/110000-inspection/pc1_r3Wa4uAGP_1.jpg!m_fill,w_280,h_210,f_jpg?from=ke.com
20240321,西城,广安门,101122372882,荣丰2008 1室0厅 西,455万,120626元/平,中楼层 (共20层) | 2008年 | 1室0厅 | 37.72平米 | 西,https://ke-image.ljcdn.com/110000-inspection/pc1_5BufGHUiz_1.jpg!m_fill,w_280,h_210,f_jpg?from=ke.com
20240321,西城,广安门,101122370732,玺源台 3室2厅 南 北,1420万,133673元/平,低楼层 (共26层) 3室2厅 | 106.23平米 | 南 北,https://ke-image.ljcdn.com/110000-inspection/pc1_0tbSC1w5f.jpg!m_fill,w_280,h_210,f_jpg?from=ke.com
20240321,西城,广安门,101122370277,达官营地铁边全南正规两居户型方正阳光充足！,848万,120902元/平,顶层 (共18层) | 1997年 | 2室1厅 | 70.14平米 | 南,https://ke-image.ljcdn.com/110000-inspection/pc1_NBVQNLSmJ_1.jpg!m_fill,w_280,h_210,f_jpg?from=ke.com
20240321,西城,广安门,101122367201,丽水莲花 东南两居 明厨明卫 高楼层 视野好 2梯5户,1280万,135608元/平,高楼层 (共24层) | 2009年 | 2室1厅 | 94.39平米 | 东南,https://ke-image.ljcdn.com/110000-inspection/c5c2d1ee-fc10-4985-b1fd-368389bd6998_1000.jpg!m_fill,w_280,h_210,f_jpg?from=ke.com
20240321,西城,广安门,101122350654,红山世家 商品房社区 满五唯一格局方正 两居朝西,1050万,114156元/平,底层 (共26层) 2室2厅 | 91.98平米 | 西,https://ke-image.ljcdn.com/110000-inspection/pc1_RH72Ncxxs.jpg!m_fill,w_280,h_210,f_jpg?from=ke.com
20240321,西城,广安门,101122348571,丽水莲花 1室1厅 东,666万,99300元/平,高楼层 (共28层) 1室1厅 | 67.07平米 | 东,https://ke-image.ljcdn.com/110000-inspection/pc1_dyHfFFB6a.jpg!m_fill,w_280,h_210,f_jpg?from=ke.com
20240321,西城,广安门,101122337953,丽水莲花小区全明格局两居室只有契税,1190万,115121元/平,中楼层 (共20层) | 2009年 | 2室2厅 | 103.37平米 | 西北,https://ke-image.ljcdn.com/110000-inspection/pc1_cbDmQibdL.jpg!m_fill,w_280,h_210,f_jpg?from=ke.com
20240321,西城,广安门,101122337793,车站西街15号院南北两居室低楼层,650万,92858元/平,底层 (共6层) | 1994年 | 2室1厅 | 70平米 | 南 北,https://ke-image.ljcdn.com/110000-inspection/pc1_TOTwf2Lkv_1.jpg!m_fill,w_280,h_210,f_jpg?from=ke.com
20240321,西城,广安门,101122337302,荣丰2008南向开间满五唯一无遮挡,375万,116496元/平,低楼层 (共20层) | 2004年 | 1室0厅 | 32.19平米 | 南,https://ke-image.ljcdn.com/110000-inspection/pc1_2dUvZc2UB.jpg!m_fill,w_280,h_210,f_jpg?from=ke.com
20240321,西城,广安门,101122335240,西二环边 西城区  玺源台  2013年小区  人车分流房主自荐,698万,112854元/平,中楼层 (共26层) | 2013年 | 1室1厅 | 61.85平米 | 西,https://ke-image.ljcdn.com/110000-inspection/pc1_tDfcsZN9K.jpg!m_fill,w_280,h_210,f_jpg?from=ke.com
20240321,西城,广安门,101122333813,小红庙 3室1厅 南 北,716万,102550元/平,高楼层 (共6层) 3室1厅 | 69.82平米 | 南 北,https://ke-image.ljcdn.com/110000-inspection/pc1_cj91SQTvS_1.jpg!m_fill,w_280,h_210,f_jpg?from=ke.com
20240321,西城,广安门,101122322359,车站西街15号院朝南一居室采光好,399万,98787元/平,高楼层 (共6层) | 1993年 | 1室0厅 | 40.39平米 | 南,https://ke-image.ljcdn.com/110000-inspection/pc1_uYcxXSZZ9_1.jpg!m_fill,w_280,h_210,f_jpg?from=ke.com
20240321,西城,广安门,101122319807,荣丰2008 1室0厅 东,343万,179206元/平,低楼层 (共26层) 1室0厅 | 19.14平米 | 东,https://ke-image.ljcdn.com/110000-inspection/7c1ceaf5-b787-47b6-a44e-0defd264027b_1000.jpg!m_fill,w_280,h_210,f_jpg?from=ke.com
20240321,西城,广安门,101122313130,西城区  广安门 荣丰2008 北向开间,359万,140235元/平,中楼层 (共26层) | 2006年 | 1室0厅 | 25.6平米 | 北,https://ke-image.ljcdn.com/110000-inspection/pc1_zpaAijbLY_1.jpg!m_fill,w_280,h_210,f_jpg?from=ke.com
20240321,西城,广安门,101122312704,荣丰2008小区  四期方正朝东开间,435万,115324元/平,中楼层 (共20层) 1室0厅 | 37.72平米 | 东,https://ke-image.ljcdn.com/110000-inspection/pc1_Vu3mhzqsC_1.jpg!m_fill,w_280,h_210,f_jpg?from=ke.com
20240321,西城,广安门,101122307717,13年的次新小区朝南对小区花园安静采光好,425万,130249元/平,中楼层 (共27层) 1室0厅 | 32.63平米 | 南,https://ke-image.ljcdn.com/110000-inspection/pc1_reX51uxA4_1.jpg!m_fill,w_280,h_210,f_jpg?from=ke.com
20240321,西城,广安门,101122295881,丽水莲花小区高楼层东西两居视野采光好房主自荐,1200万,123763元/平,中楼层 (共21层) | 2009年 | 2室1厅 | 96.96平米 | 东 西,https://ke-image.ljcdn.com/110000-inspection/pc1_y3HI8d6J6.jpg!m_fill,w_280,h_210,f_jpg?from=ke.com
20240321,西城,广安门,101122286064,红山世家广外品质小区楼龄新华润物业,1180万,128233元/平,中楼层 (共26层) | 2011年 | 2室1厅 | 92.02平米 | 东 西,https://ke-image.ljcdn.com/110000-inspection/pc1_k3hSeSoyv.jpg!m_fill,w_280,h_210,f_jpg?from=ke.com
20240321,西城,广安门,101122255909,丽水莲花小区朝东两居室精装修业主诚信出售,1160万,120457元/平,中楼层 (共26层) | 2009年 | 2室1厅 | 96.3平米 | 东 南,https://ke-image.ljcdn.com/110000-inspection/pc1_Z9XBH0EHX.jpg!m_fill,w_280,h_210,f_jpg?from=ke.com
20240321,西城,广安门,101122222709,《店长推荐》水利部家属楼 诚心出售 满五年唯一 靠谱,462万,68956元/平,低楼层 (共16层) | 1992年 | 3室1厅 | 67平米 | 东南 北,https://ke-image.ljcdn.com/110000-inspection/pc1_4HiqS96lQ.jpg!m_fill,w_280,h_210,f_jpg?from=ke.com
20240321,西城,广安门,101122205869,广安门远见名苑两居室诚心出售房主自荐,868万,103754元/平,底层 (共26层) 2室1厅 | 83.66平米 | 西,https://ke-image.ljcdn.com/110000-inspection/pc1_bWbdDeE1Y_1.jpg!m_fill,w_280,h_210,f_jpg?from=ke.com
20240321,西城,广安门,101122182558,南北通透大三居安静舒适满五年唯一住宅明厨明卫,1588万,107175元/平,低楼层 (共20层) 3室2厅 | 148.17平米 | 南 北,https://ke-image.ljcdn.com/110000-inspection/pc1_31Bn1dnoz_1.jpg!m_fill,w_280,h_210,f_jpg?from=ke.com
20240321,西城,广安门,101122139708,满五年唯一南北通透户型方正随时能签,750万,92719元/平,底层 (共4层) | 1997年 | 2室1厅 | 80.89平米 | 南 北,https://ke-image.ljcdn.com/110000-inspection/pc1_Wtop7k4Tm_1.jpg!m_fill,w_280,h_210,f_jpg?from=ke.com
20240321,西城,广安门,101122139242,西城广外楼龄新中低楼层价格低随时可签,515万,91540元/平,低楼层 (共6层) 2室1厅 | 56.26平米 | 南 北,https://ke-image.ljcdn.com/110000-inspection/63d6abf7-1bf3-4830-918c-9d0c6bb28f05_1000.jpg!m_fill,w_280,h_210,f_jpg?from=ke.com
20240321,西城,广安门,101122120241,西城区 车站西街15号院 优质正规大两居 满五年成本价,745万,98728元/平,高楼层 (共6层) | 1990年 | 2室1厅 | 75.46平米 | 西南,https://ke-image.ljcdn.com/110000-inspection/pc1_psX7yeioJ_1.jpg!m_fill,w_280,h_210,f_jpg?from=ke.com
20240321,西城,广安门,101122084687,西城 广安门 荣丰2008  满五唯一 有学堂 双地铁,370万,143134元/平,低楼层 (共20层) | 2004年 | 1室1厅 | 25.85平米 | 南,https://ke-image.ljcdn.com/110000-inspection/pc1_ZOxuEdRxk_1.jpg!m_fill,w_280,h_210,f_jpg?from=ke.com
20240321,西城,广安门,101122052121,房子不在大小 而在结构 不在繁华而在安宁,510万,110295元/平,中楼层 (共14层) | 2004年 | 1室0厅 | 46.24平米 | 西,https://ke-image.ljcdn.com/110000-inspection/pc1_OMQ9OLRNG_1.jpg!m_fill,w_280,h_210,f_jpg?from=ke.com
20240321,西城,广安门,101122039149,书香门第 感受人文气息 这样的房子让你感到快乐,915万,109124元/平,高楼层 (共26层) 2室2厅 | 83.85平米 | 东,https://ke-image.ljcdn.com/110000-inspection/pc1_mXGoBawT9_1.jpg!m_fill,w_280,h_210,f_jpg?from=ke.com
20240321,西城,广安门,101122023558,广安门 7号线16号线双地铁 生活配套完善房主自荐,1026万,98070元/平,高楼层 (共28层) | 1999年 | 2室1厅 | 104.62平米 | 东,https://ke-image.ljcdn.com/110000-inspection/pc1_spH2ssYTk_1.jpg!m_fill,w_280,h_210,f_jpg?from=ke.com
20240321,西城,广安门,101122019757,西城区 荣丰2008小区 南向开间房主自荐,490万,93852元/平,低楼层 (共20层) | 2008年 | 1室0厅 | 52.21平米 | 南,https://ke-image.ljcdn.com/110000-inspection/pc1_ILHXSsLsC_1.jpg!m_fill,w_280,h_210,f_jpg?from=ke.com
20240321,西城,广安门,101121997973,2015年商品房南北通透明厨明卫人车分流,799万,156882元/平,顶层 (共12层) 1室1厅 | 50.93平米 | 南 北,https://ke-image.ljcdn.com/110000-inspection/pc1_ljosDlrQZ.jpg!m_fill,w_280,h_210,f_jpg?from=ke.com
20240321,西城,广安门,101121990135,总监推荐 次新小区 眼镜户型两居 定制装修 拎包入住,1180万,122306元/平,高楼层 (共26层) | 2009年 | 2室1厅 | 96.48平米 | 东 南,https://ke-image.ljcdn.com/110000-inspection/pc1_VehyuPt75.jpg!m_fill,w_280,h_210,f_jpg?from=ke.com
20240321,西城,广安门,101121940476,样板楼 带储藏间  三居 精装修 地铁7和16号线交汇房主自荐,930万,105598元/平,低楼层 (共26层) 3室2厅 | 88.07平米 | 西南,https://ke-image.ljcdn.com/110000-inspection/e4581d3e-86b3-418e-b249-8095e9ae1a9e_1000.jpg!m_fill,w_280,h_210,f_jpg?from=ke.com
20240321,西城,广安门,101121940390,西南三居室对着小区花园视野很好无遮挡,1688万,119151元/平,中楼层 (共17层) 3室1厅 | 141.67平米 | 西南 北,https://ke-image.ljcdn.com/110000-inspection/pc1_fN13d61oO.jpg!m_fill,w_280,h_210,f_jpg?from=ke.com
20240321,西城,广安门,101121929740,荣丰2008新上精装三居两梯四户房主自荐,1680万,99462元/平,中楼层 (共14层) | 2007年 | 3室2厅 | 168.91平米 | 西南,https://ke-image.ljcdn.com/110000-inspection/26a9443a-6f31-4590-b046-11c8fd01c8cd_1000.jpg!m_fill,w_280,h_210,f_jpg?from=ke.com
20240321,西城,广安门,101121924263,西豪逸景 3室1厅 东 西 北,898万,92009元/平,低楼层 (共28层) 3室1厅 | 97.6平米 | 东 西 北,https://ke-image.ljcdn.com/110000-inspection/pc1_V96PYbdMe_1.jpg!m_fill,w_280,h_210,f_jpg?from=ke.com
20240321,西城,广安门,101121913862,西城远见名苑 满五唯一 商品楼两居室,760万,98408元/平,中楼层 (共21层) | 2004年 | 2室1厅 | 77.23平米 | 西北,https://ke-image.ljcdn.com/110000-inspection/pc1_5yu8qcxP5_1.jpg!m_fill,w_280,h_210,f_jpg?from=ke.com
20240321,西城,广安门,101121873350,广安门车站西街17号院南北通透两居室,545万,97969元/平,顶层 (共6层) 2室1厅 | 55.63平米 | 南 北,https://ke-image.ljcdn.com/110000-inspection/pc1_8PxCBMDsG_1.jpg!m_fill,w_280,h_210,f_jpg?from=ke.com
20240321,西城,广安门,101121864280,西城区 车站西街15号院 南北通透两居 独立客厅 满五年,385万,64587元/平,地下室 (共6层) 2室1厅 | 59.61平米 | 南 北,https://ke-image.ljcdn.com/110000-inspection/pc1_3UiPCinfl_1.jpg!m_fill,w_280,h_210,f_jpg?from=ke.com
20240321,西城,广安门,101121860355,红山世家 全南正规二居格局方正 正对花园 满五年唯一,1299万,145465元/平,中楼层 (共25层) 2室2厅 | 89.3平米 | 南,https://ke-image.ljcdn.com/110000-inspection/pc1_0qM6bBg9w_1.jpg!m_fill,w_280,h_210,f_jpg?from=ke.com
20240321,西城,广安门,101121794992,有钥匙 车站西街15号院 明厨明卫全南两居 满五年,520万,91277元/平,高楼层 (共6层) | 1991年 | 2室1厅 | 56.97平米 | 南,https://ke-image.ljcdn.com/110000-inspection/ad97d374-7c8f-4edf-8eb7-ba10e202e85b_1000.jpg!m_fill,w_280,h_210,f_jpg?from=ke.com
20240321,西城,广安门,101121781817,西城广外远见名苑 满五唯一 明厨明卫东南北两居室,1090万,107485元/平,中楼层 (共26层) | 2004年 | 2室2厅 | 101.41平米 | 东北,https://ke-image.ljcdn.com/110000-inspection/pc1_tbKKPVEaX_1.jpg!m_fill,w_280,h_210,f_jpg?from=ke.com
20240321,西城,广安门,101121774993,西豪逸景 西向两居室 高楼层视野好 采光好,750万,93249元/平,高楼层 (共28层) 2室1厅 | 80.43平米 | 西南,https://ke-image.ljcdn.com/110000-inspection/pc1_8P1T7ViEs_1.jpg!m_fill,w_280,h_210,f_jpg?from=ke.com
20240321,西城,广安门,101121759491,红居街10号院 【邮电分房】 双地铁 双商场 东南两居,940万,133656元/平,低楼层 (共18层) | 1998年 | 2室2厅 | 70.33平米 | 东南,https://ke-image.ljcdn.com/110000-inspection/pc1_AJmsxp7IR_1.jpg!m_fill,w_280,h_210,f_jpg?from=ke.com
20240321,西城,广安门,101121749018,西城、广安门、西豪逸景、东南电梯两居,720万,91884元/平,中楼层 (共28层) | 2005年 | 2室2厅 | 78.36平米 | 东南,https://ke-image.ljcdn.com/110000-inspection/pc1_BH1CR3dzJ_1.jpg!m_fill,w_280,h_210,f_jpg?from=ke.com
20240321,西城,广安门,101121748571,西城广外朗琴园西向两居室满五唯一,1100万,128942元/平,中楼层 (共29层) | 2004年 | 2室1厅 | 85.31平米 | 西,https://ke-image.ljcdn.com/110000-inspection/pc1_Xfj17PH68_1.jpg!m_fill,w_280,h_210,f_jpg?from=ke.com
20240321,西城,广安门,101121712961,满五年中间层视野无遮挡 近地铁16号线,415万,105922元/平,中楼层 (共6层) 1室1厅 | 39.18平米 | 南,https://ke-image.ljcdn.com/110000-inspection/pc1_QG3QtnKYU_1.jpg!m_fill,w_280,h_210,f_jpg?from=ke.com
20240321,西城,广安门,101121710911,车站西街17号院 2室1厅 南 北,670万,99762元/平,顶层 (共6层) | 1992年 | 2室1厅 | 67.16平米 | 南 北,https://ke-image.ljcdn.com/110000-inspection/pc1_11AMURLwT_1.jpg!m_fill,w_280,h_210,f_jpg?from=ke.com
20240321,西城,广安门,101121690754,小马厂东里 2室1厅 西南,630万,91318元/平,中楼层 (共17层) 2室1厅 | 68.99平米 | 西南,https://ke-image.ljcdn.com/110000-inspection/pc1_9BCULc9vQ_1.jpg!m_fill,w_280,h_210,f_jpg?from=ke.com
20240321,西城,广安门,101121685589,丽水莲花信堡·水岸公馆 四居南北通透 精装修看房方便房主自荐,1680万,110389元/平,低楼层 (共24层) | 2009年 | 4室2厅 | 152.19平米 | 西南 东北,https://ke-image.ljcdn.com/110000-inspection/80b1af0b-1188-46cc-adc0-b88d85093274_1000.jpg!m_fill,w_280,h_210,f_jpg?from=ke.com
20240321,西城,广安门,101121683221,蝶翠华庭西城广安门外高品质社区,699万,102358元/平,低楼层 (共29层) | 2003年 | 1室1厅 | 68.29平米 | 东北,https://ke-image.ljcdn.com/110000-inspection/pc1_SXjaYZLDm.jpg!m_fill,w_280,h_210,f_jpg?from=ke.com
20240321,西城,广安门,101121680734,房子满五年户型方正南向采光好产权清晰,298万,124012元/平,低楼层 (共26层) | 2006年 | 1室1厅 | 24.03平米 | 南,https://ke-image.ljcdn.com/110000-inspection/pc1_wfwmewEn9_1.jpg!m_fill,w_280,h_210,f_jpg?from=ke.com
20240321,西城,广安门,101121645972,远见名苑 房本满五年 东向 带有燃气 开间,505万,113229元/平,中楼层 (共26层) 1室0厅 | 44.6平米 | 东,https://ke-image.ljcdn.com/110000-inspection/pc1_4xqfCtfYa_1.jpg!m_fill,w_280,h_210,f_jpg?from=ke.com
20240321,西城,广安门,101121645272,远见名苑 2室1厅 东,960万,114751元/平,低楼层 (共26层) 2室1厅 | 83.66平米 | 东,https://ke-image.ljcdn.com/110000-inspection/pc1_h0U3ChPDr_1.jpg!m_fill,w_280,h_210,f_jpg?from=ke.com
20240321,西城,广安门,101121621883,西城全南两居室  格局方正  没有浪费空间房主自荐,1460万,131473元/平,低楼层 (共29层) 2室1厅 | 111.05平米 | 南,https://ke-image.ljcdn.com/110000-inspection/70e7ff42-3c2b-4dfe-990a-7fd662c10e44_1000.jpg!m_fill,w_280,h_210,f_jpg?from=ke.com
20240321,西城,广安门,101121614617,【聚焦好房】西豪逸景 新上一居 双线地铁 看房方便,608万,95448元/平,低楼层 (共28层) 1室1厅 | 63.7平米 | 西,https://ke-image.ljcdn.com/110000-inspection/pc1_sENPGnH9R_1.jpg!m_fill,w_280,h_210,f_jpg?from=ke.com
20240321,西城,广安门,101121602883,手帕口南街40号院、南北通透2居满2年,499万,85739元/平,顶层 (共6层) 2室1厅 | 58.2平米 | 南 北,https://ke-image.ljcdn.com/110000-inspection/pc1_yroRzfU1U_1.jpg!m_fill,w_280,h_210,f_jpg?from=ke.com
20240321,西城,广安门,101121586830,荣丰2008小区单价便宜 业主诚心出售出门就是小区花园,1150万,100035元/平,底层 (共26层) | 2006年 | 4室1厅 | 114.96平米 | 东,https://ke-image.ljcdn.com/110000-inspection/pc1_LPEND7JUH_1.jpg!m_fill,w_280,h_210,f_jpg?from=ke.com
20240321,西城,广安门,101121543787,小红庙 熔炼厂宿舍 东南两居室 满五年单位分房 采光好,508万,77688元/平,顶层 (共6层) 2室1厅 | 65.39平米 | 东南,https://ke-image.ljcdn.com/110000-inspection/pc1_OdtGbW7ro_1.jpg!m_fill,w_280,h_210,f_jpg?from=ke.com
20240321,西城,广安门,101121533170,手帕口北街 1室1厅 南,418万,93765元/平,中楼层 (共6层) 1室1厅 | 44.58平米 | 南,https://ke-image.ljcdn.com/110000-inspection/5a8dc9bd-3c80-47a9-a28b-ccbc205b8d75_1000.jpg!m_fill,w_280,h_210,f_jpg?from=ke.com
20240321,西城,广安门,101121509731,丽水莲花小区居住安静交通便利配套设施齐全,1028万,110812元/平,底层 (共28层) | 2007年 | 2室1厅 | 92.77平米 | 东北,https://ke-image.ljcdn.com/110000-inspection/b03c0724-4b5b-4ec4-9e2b-e7cca658ad05_1000.jpg!m_fill,w_280,h_210,f_jpg?from=ke.com
20240321,西城,广安门,101121499102,观景一居 原合同价467万 朗琴园正规一居看房提前约,705万,119776元/平,中楼层 (共29层) | 2004年 | 1室1厅 | 58.86平米 | 北,https://ke-image.ljcdn.com/110000-inspection/ba650f79-ddca-47d5-a649-2df0279d6816_1000.jpg!m_fill,w_280,h_210,f_jpg?from=ke.com
20240321,西城,广安门,101121489393,荣丰小区 满五年唯一 可以贷款 可以看房 朝东一居,340万,100059元/平,高楼层 (共26层) 1室0厅 | 33.98平米 | 东,https://ke-image.ljcdn.com/110000-inspection/pc1_2C7PVHzzQ_1.jpg!m_fill,w_280,h_210,f_jpg?from=ke.com
20240321,西城,广安门,101121485031,满五唯一百万装修东南北向2居景观视野良好！,1390万,137583元/平,中楼层 (共29层) | 2002年 | 2室1厅 | 101.03平米 | 西北,https://ke-image.ljcdn.com/110000-inspection/pc1_Yr8nV4ouR_1.jpg!m_fill,w_280,h_210,f_jpg?from=ke.com
20240321,西城,广安门,101121482224,高楼层 视野开阔 采光充足 格局方正,760万,129033元/平,高楼层 (共27层) | 2002年 | 1室1厅 | 58.9平米 | 东,https://ke-image.ljcdn.com/110000-inspection/pc1_j5viEWytC_1.jpg!m_fill,w_280,h_210,f_jpg?from=ke.com
20240321,西城,广安门,101121471237,满五唯一商品房小两居室 高楼层 视野开阔,640万,92540元/平,高楼层 (共28层) | 2002年 | 2室1厅 | 69.16平米 | 东,https://ke-image.ljcdn.com/110000-inspection/pc1_pmXveR3Bw.jpg!m_fill,w_280,h_210,f_jpg?from=ke.com
20240321,西城,广安门,101121468080,远见名苑新上朝南一居室 户型方正费用低,468万,91604元/平,中楼层 (共21层) | 2004年 | 1室0厅 | 51.09平米 | 南,https://ke-image.ljcdn.com/110000-inspection/pc1_qMhzRgrSu_1.jpg!m_fill,w_280,h_210,f_jpg?from=ke.com
20240321,西城,广安门,101121446174,手帕口西一巷  精装修满五唯一出售,659万,84520元/平,高楼层 (共7层) | 1989年 | 3室1厅 | 77.97平米 | 南 北,https://ke-image.ljcdn.com/110000-inspection/pc1_3e5qBm5fN_1.jpg!m_fill,w_280,h_210,f_jpg?from=ke.com
20240321,西城,广安门,101121418912,西城 对花园低密度大户型 两梯四户,1620万,96700元/平,低楼层 (共16层) 3室2厅 | 167.53平米 | 西南,https://ke-image.ljcdn.com/110000-inspection/pc1_7NM1wNizY_1.jpg!m_fill,w_280,h_210,f_jpg?from=ke.com
20240321,西城,广安门,101121416834,远见名苑  满五唯一2007年建成的商品房明厨明卫,1790万,115358元/平,顶层 (共17层) | 2008年 | 3室1厅 | 155.17平米 | 东 西,https://ke-image.ljcdn.com/110000-inspection/pc1_MCQcjePdi_1.jpg!m_fill,w_280,h_210,f_jpg?from=ke.com
20240321,西城,广安门,101121407247,西城 荣丰2008  诚意出售   诚意出售,358万,141001元/平,中楼层 (共26层) | 2006年 | 1室0厅 | 25.39平米 | 北,https://ke-image.ljcdn.com/110000-inspection/pc1_ntAXBu56E_1.jpg!m_fill,w_280,h_210,f_jpg?from=ke.com
20240321,西城,广安门,101121377052,远见名苑商品楼不临街两居室户型方正,1028万,123766元/平,中楼层 (共25层) 2室1厅 | 83.06平米 | 东,https://ke-image.ljcdn.com/110000-inspection/pc1_e2MHm76u8_1.jpg!m_fill,w_280,h_210,f_jpg?from=ke.com
20240321,西城,广安门,101121358413,荣丰2008 看房随时  诚意出售房主自荐,515万,98114元/平,底层 (共20层) | 2008年 | 1室1厅 | 52.49平米 | 南,https://ke-image.ljcdn.com/110000-inspection/bb385438-398b-4c4f-86ad-034b6a804aa9_1000.jpg!m_fill,w_280,h_210,f_jpg?from=ke.com
20240321,西城,广安门,101121357051,西城广外楼龄新精装修满五年唯一费用低随时可签约,525万,84446元/平,高楼层 (共6层) | 1992年 | 3室1厅 | 62.17平米 | 东 西,https://ke-image.ljcdn.com/110000-inspection/pc1_faCknVNUc_1.jpg!m_fill,w_280,h_210,f_jpg?from=ke.com
20240321,西城,广安门,101121342611,南北通透前后无遮挡满五年家庭就一套房双卫生间,1400万,114361元/平,低楼层 (共14层) 2室2厅 | 122.42平米 | 北 南,https://ke-image.ljcdn.com/110000-inspection/5c86a2f6-c5b6-474c-a4b6-e90e89cf97b8_1000.jpg!m_fill,w_280,h_210,f_jpg?from=ke.com
20240321,西城,广安门,101121333101,满五年 近公园近医院近地铁 9号线六里桥东站,330万,56702元/平,顶层 (共6层) 2室1厅 | 58.2平米 | 南,https://ke-image.ljcdn.com/110000-inspection/pc1_GY1BcofqI.jpg!m_fill,w_280,h_210,f_jpg?from=ke.com
20240321,西城,广安门,101121320204,荣丰2008 小户型开间 诚心出售,330万,172234元/平,中楼层 (共26层) | 2006年 | 1室0厅 | 19.16平米 | 东 东南,https://ke-image.ljcdn.com/110000-inspection/81fa07a9-f508-42b5-9e7f-e610393e7c38_1000.jpg!m_fill,w_280,h_210,f_jpg?from=ke.com
20240321,西城,广安门,101121303345,西城 南北通透 客厅带窗户 中楼层两居满五唯一在院里,590万,102770元/平,中楼层 (共6层) 2室1厅 | 57.41平米 | 南 北,https://ke-image.ljcdn.com/110000-inspection/pc1_FQ0iwd87e_1.jpg!m_fill,w_280,h_210,f_jpg?from=ke.com
20240321,西城,广安门,101121301544,红居南街6号院 满五年 南北通透 视野宽阔 采光充足房主自荐,535万,93255元/平,高楼层 (共6层) | 1986年 | 2室1厅 | 57.37平米 | 南 北,https://ke-image.ljcdn.com/110000-inspection/pc1_Vvn8btaLt_1.jpg!m_fill,w_280,h_210,f_jpg?from=ke.com
20240321,西城,广安门,101121270876,西二环  远见名苑  05年商品楼  中间楼层  正对花园,479万,102856元/平,中楼层 (共24层) | 2004年 | 1室0厅 | 46.57平米 | 东,https://ke-image.ljcdn.com/110000-inspection/pc1_TK1IMvcfV_1.jpg!m_fill,w_280,h_210,f_jpg?from=ke.com
20240321,西城,广安门,101121268734,西城开间 带天然气 自如装修 地铁七号线16号线,430万,112038元/平,中楼层 (共26层) | 2003年 | 1室0厅 | 38.38平米 | 北,https://ke-image.ljcdn.com/110000-inspection/8fe7eda0-f24f-4de6-8d5b-18f5b54e21e2_1000.jpg!m_fill,w_280,h_210,f_jpg?from=ke.com
20240321,西城,广安门,101121262945,手帕口北街朝东小两居户型规整没有浪费,449万,94626元/平,底层 (共6层) | 1980年 | 2室1厅 | 47.45平米 | 东,https://ke-image.ljcdn.com/110000-inspection/pc1_yDKAd0BKr_1.jpg!m_fill,w_280,h_210,f_jpg?from=ke.com
20240321,西城,广安门,101121230110,西二环广安门花园社区朗琴园精装一居出售房主自荐,640万,109067元/平,中楼层 (共29层) 1室1厅 | 58.68平米 | 东,https://ke-image.ljcdn.com/110000-inspection/pc1_2IUAf7JbI_1.jpg!m_fill,w_280,h_210,f_jpg?from=ke.com
20240321,西城,广安门,101121226821,莲花池南里小区 六里桥东站地铁9号线 高楼层双南向,426万,72326元/平,顶层 (共16层) 2室1厅 | 58.9平米 | 南,https://ke-image.ljcdn.com/110000-inspection/pc1_EiKpOrUPr.jpg!m_fill,w_280,h_210,f_jpg?from=ke.com
20240321,西城,广安门,101121171559,丽水莲花正规两居业主诚心出售,1030万,114445元/平,中楼层 (共28层) | 2007年 | 2室1厅 | 90平米 | 西,https://ke-image.ljcdn.com/110000-inspection/pc1_RQCJNfbtm.jpg!m_fill,w_280,h_210,f_jpg?from=ke.com
20240321,西城,广安门,101121155420,丽水莲花东向1居室诚意出售、看房钥匙,700万,104901元/平,低楼层 (共28层) 1室1厅 | 66.73平米 | 东,https://ke-image.ljcdn.com/110000-inspection/pc1_lI3KJZq4S.jpg!m_fill,w_280,h_210,f_jpg?from=ke.com
20240321,西城,广安门,101121154582,西城 荣丰2008 南北通透 满五年唯一 可以贷款,395万,153637元/平,高楼层 (共26层) | 2006年 | 1室0厅 | 25.71平米 | 南 北,https://ke-image.ljcdn.com/110000-inspection/pc1_tOWYomvwe_1.jpg!m_fill,w_280,h_210,f_jpg?from=ke.com
20240321,西城,广安门,101121148566,能一变二精装修满五唯一正对小区花园安静无遮挡房主自荐,850万,134260元/平,低楼层 (共15层) 1室1厅 | 63.31平米 | 东,https://ke-image.ljcdn.com/110000-inspection/pc1_Mk2KrdRwN.jpg!m_fill,w_280,h_210,f_jpg?from=ke.com
20240321,西城,广安门,101121143313,水电部宿舍南北通透三居室带电梯,638万,77054元/平,低楼层 (共12层) 3室1厅 | 82.8平米 | 南 北,https://ke-image.ljcdn.com/110000-inspection/pc1_YQ9BBPHtV.jpg!m_fill,w_280,h_210,f_jpg?from=ke.com
20240321,西城,广安门,101121097805,红居斜街4号院南北两居室  业主诚心出售,526万,96905元/平,中楼层 (共5层) | 1981年 | 2室1厅 | 54.28平米 | 南 北,https://ke-image.ljcdn.com/110000-inspection/6166c980-4e3d-4418-8be4-7bd01fb8b9da_1000.jpg!m_fill,w_280,h_210,f_jpg?from=ke.com
20240321,西城,广安门,101121096574,红居斜街南北通透两居室 满五唯一成本价,405万,63710元/平,地下室 (共6层) 2室1厅 | 63.57平米 | 南 北,https://ke-image.ljcdn.com/110000-inspection/pc1_lnxmJtd4z.jpg!m_fill,w_280,h_210,f_jpg?from=ke.com
20240321,西城,广安门,101121088383,车站西街13号院 南北通透两居室把边户型,560万,97954元/平,顶层 (共6层) 2室1厅 | 57.17平米 | 南 西 北,https://ke-image.ljcdn.com/110000-inspection/pc1_1LStao0k8_1.jpg!m_fill,w_280,h_210,f_jpg?from=ke.com
20240321,西城,广安门,101121059545,丽水莲花方正两居满五唯一诚心出售,1058万,113047元/平,中楼层 (共28层) 2室1厅 | 93.59平米 | 西 北,https://ke-image.ljcdn.com/110000-inspection/pc1_9TglRiP5s.jpg!m_fill,w_280,h_210,f_jpg?from=ke.com
20240321,西城,广安门,101121048845,建筑设计院  1997年楼龄新南北通透采光视野俱佳,1050万,101636元/平,中楼层 (共6层) | 1997年 | 3室1厅 | 103.31平米 | 南 北,https://ke-image.ljcdn.com/110000-inspection/pc1_fgWJ6kpRi_1.jpg!m_fill,w_280,h_210,f_jpg?from=ke.com
20240321,西城,广安门,101121039574,车站西街17号院 南北两居室 地铁16号线,330万,63074元/平,地下室 (共6层) 2室1厅 | 52.32平米 | 南 北,https://ke-image.ljcdn.com/110000-inspection/3a45f1ec-97bc-4765-a125-5935cfef25a7_1000.jpg!m_fill,w_280,h_210,f_jpg?from=ke.com
20240321,西城,广安门,101121025080,荣丰2008满五年唯一 产权清晰 看房方便,496万,99260元/平,底层 (共20层) | 2008年 | 1室1厅 | 49.97平米 | 东,https://ke-image.ljcdn.com/110000-inspection/5e5e4fac-d1b4-4a25-8e21-4cffa2da7671_1000.jpg!m_fill,w_280,h_210,f_jpg?from=ke.com
20240321,西城,广安门,101121020826,红居南街1号院  满五年唯一 诚心出售,480万,89187元/平,顶层 (共6层) 2室1厅 | 53.82平米 | 东 南 北,https://ke-image.ljcdn.com/110000-inspection/pc1_a7ABxRhmX_1.jpg!m_fill,w_280,h_210,f_jpg?from=ke.com
20240321,西城,广安门,101120981808,红山世家纯南向两居户型方正没有浪费,1090万,122061元/平,底层 (共25层) | 2010年 | 2室1厅 | 89.3平米 | 南,https://ke-image.ljcdn.com/110000-inspection/pc1_AAXqPNmQE.jpg!m_fill,w_280,h_210,f_jpg?from=ke.com
20240321,西城,广安门,101120966471,广安门远见名苑精装开间诚心出售,520万,111660元/平,低楼层 (共24层) | 2004年 | 1室0厅 | 46.57平米 | 东,https://ke-image.ljcdn.com/110000-inspection/pc1_IId5F5TIG_1.jpg!m_fill,w_280,h_210,f_jpg?from=ke.com
20240321,西城,广安门,101120963413,荣丰2008社区一期精装修南向开间,370万,146246元/平,低楼层 (共26层) | 2006年 | 1室0厅 | 25.3平米 | 南,https://ke-image.ljcdn.com/110000-inspection/pc1_wy9YFfC23_1.jpg!m_fill,w_280,h_210,f_jpg?from=ke.com
20240321,西城,广安门,101120962623,广安门远见名苑南向一居室诚意出售,450万,113465元/平,中楼层 (共9层) | 2004年 | 1室0厅 | 39.66平米 | 南,https://ke-image.ljcdn.com/110000-inspection/60bdb07e-6f19-4ee0-9454-d22782a87182_1000.jpg!m_fill,w_280,h_210,f_jpg?from=ke.com
20240321,西城,广安门,101120956953,小红庙 满五年唯一 配套设施齐全 交通便利房主自荐,469万,89113元/平,低楼层 (共6层) 2室1厅 | 52.63平米 | 南,https://ke-image.ljcdn.com/110000-inspection/8d7cbd4e-8dd4-49f5-9970-226685e5c0ef_1000.jpg!m_fill,w_280,h_210,f_jpg?from=ke.com
20240321,西城,广安门,101120955093,满五年南北通透诚心卖。可以看房,310万,63931元/平,地下室 (共6层) | 1994年 | 2室1厅 | 48.49平米 | 南 北,https://ke-image.ljcdn.com/110000-inspection/7793306a-b4b4-4def-97cf-393391d93171_1000.jpg!m_fill,w_280,h_210,f_jpg?from=ke.com
20240321,西城,广安门,101120945216,荣丰2008 一期开间诚心出售精装修,375万,138428元/平,中楼层 (共26层) 1室0厅 | 27.09平米 | 西,https://ke-image.ljcdn.com/110000-inspection/pc1_KPfwUMeeV_1.jpg!m_fill,w_280,h_210,f_jpg?from=ke.com
20240321,西城,广安门,101120937920,满五年 东南三居室 业主诚心出售,870万,100173元/平,底层 (共6层) 3室1厅 | 86.85平米 | 东 南,https://ke-image.ljcdn.com/110000-inspection/pc1_fKn3mS2a6_1.jpg!m_fill,w_280,h_210,f_jpg?from=ke.com
20240321,西城,广安门,101120930641,西城区  荣丰2008  诚心出售  随时签约,310万,140082元/平,中楼层 (共20层) | 2004年 | 1室0厅 | 22.13平米 | 北,https://ke-image.ljcdn.com/110000-inspection/pc1_6WmSdng1Z_1.jpg!m_fill,w_280,h_210,f_jpg?from=ke.com
20240321,西城,广安门,101120924286,西城 西二环 广安门 远见名苑 新精装两居 拎包入住房主自荐,910万,109507元/平,低楼层 (共26层) | 2004年 | 2室1厅 | 83.1平米 | 东南,https://ke-image.ljcdn.com/110000-inspection/pc1_EH0xacHuR.jpg!m_fill,w_280,h_210,f_jpg?from=ke.com
20240321,西城,广安门,101120921996,荣丰2008 东南向开间 满五年唯一 可以贷款 地铁达官营,329万,113566元/平,低楼层 (共20层) 1室0厅 | 28.97平米 | 东南,https://ke-image.ljcdn.com/110000-inspection/9236bb9d-4987-46a8-9639-8fbe8793b5d9_1000.jpg!m_fill,w_280,h_210,f_jpg?from=ke.com
20240321,西城,广安门,101120913760,荣丰2008 西南向开间 中间楼层 无遮挡 满五唯一 诚售,333.3万,174138元/平,中楼层 (共26层) 1室0厅 | 19.14平米 | 西南,https://ke-image.ljcdn.com/110000-inspection/pc1_izFqgTyuc.jpg!m_fill,w_280,h_210,f_jpg?from=ke.com
20240321,西城,广安门,101120911392,远见名苑二期纯商品房总高九层南向满五只有一套,525万,132376元/平,高楼层 (共9层) 1室0厅 | 39.66平米 | 南,https://ke-image.ljcdn.com/110000-inspection/pc1_VhLVzOn9D_1.jpg!m_fill,w_280,h_210,f_jpg?from=ke.com
20240321,西城,广安门,101120891954,小马厂南里 南北通透大两居 全明格局 业主诚意出售,649万,105170元/平,底层 (共6层) 2室1厅 | 61.71平米 | 南 北,https://ke-image.ljcdn.com/110000-inspection/pc1_QbxcicGmB.jpg!m_fill,w_280,h_210,f_jpg?from=ke.com
20240321,西城,广安门,101120885492,玺源台  2015年高品质 二期高楼层   视野采光好房主自荐,899万,124309元/平,中楼层 (共15层) | 2015年 | 2室1厅 | 72.32平米 | 西,https://ke-image.ljcdn.com/110000-inspection/a38e79c5-a436-496b-af25-df46187f4d46_1000.jpg!m_fill,w_280,h_210,f_jpg?from=ke.com
20240321,西城,广安门,101120879125,荣丰2008 二期楼龄新 诚心出售,409万,142708元/平,低楼层 (共20层) | 2004年 | 1室0厅 | 28.66平米 | 东南,https://ke-image.ljcdn.com/110000-inspection/pc1_PUzDNpDTD_1.jpg!m_fill,w_280,h_210,f_jpg?from=ke.com
20240321,西城,广安门,101120873843,商品房 满五年唯一 中间层 南北通透,535万,90848元/平,中楼层 (共6层) | 1993年 | 2室1厅 | 58.89平米 | 南 北,https://ke-image.ljcdn.com/110000-inspection/pc1_0ngucdYgB_1.jpg!m_fill,w_280,h_210,f_jpg?from=ke.com
20240321,西城,广安门,101120872072,西城远见名苑满五唯一精装修一居,450万,91912元/平,中楼层 (共21层) 1室0厅 | 48.96平米 | 北,https://ke-image.ljcdn.com/110000-inspection/pc1_obV47Ptuz_1.jpg!m_fill,w_280,h_210,f_jpg?from=ke.com
20240321,西城,广安门,101120871656,朗琴园 1室1厅 北,700万,122442元/平,低楼层 (共27层) | 2002年 | 1室1厅 | 57.17平米 | 北,https://ke-image.ljcdn.com/110000-inspection/pc1_64LJagJ03_1.jpg!m_fill,w_280,h_210,f_jpg?from=ke.com
20240321,西城,广安门,101120870895,广外远见名苑 商品房 朝东开间 采光好,479万,90583元/平,中楼层 (共24层) | 2004年 | 1室0厅 | 52.88平米 | 东,https://ke-image.ljcdn.com/110000-inspection/pc1_VGiLGzODn_1.jpg!m_fill,w_280,h_210,f_jpg?from=ke.com
20240321,西城,广安门,101120868540,荣丰2008 南向开间 采光充足 配套完善,425万,161352元/平,低楼层 (共20层) | 2004年 | 1室0厅 | 26.34平米 | 南,https://ke-image.ljcdn.com/110000-inspection/6c9c48b6-df11-4e4c-9d16-0cf7a34be2cb_1000.jpg!m_fill,w_280,h_210,f_jpg?from=ke.com
20240321,西城,广安门,101120868162,丽水莲花正规两居室满五唯一诚心出售,1058万,117556元/平,中楼层 (共28层) 2室1厅 | 90平米 | 西,https://ke-image.ljcdn.com/110000-inspection/pc1_yUt7fWEXJ_1.jpg!m_fill,w_280,h_210,f_jpg?from=ke.com
20240321,西城,广安门,101120847903,荣丰2008 1室1厅 北,425万,167389元/平,高楼层 (共26层) | 2006年 | 1室1厅 | 25.39平米 | 北,https://ke-image.ljcdn.com/110000-inspection/pc1_QRySxP1F6_1.jpg!m_fill,w_280,h_210,f_jpg?from=ke.com
20240321,西城,广安门,101120837632,满五唯一视野开阔诚心出售看房方便,890万,106142元/平,低楼层 (共26层) | 2004年 | 2室1厅 | 83.85平米 | 东,https://ke-image.ljcdn.com/110000-inspection/pc1_ucFTlk022_1.jpg!m_fill,w_280,h_210,f_jpg?from=ke.com
20240321,西城,广安门,101120829694,邻莲花池公园 不临街安静 全南向 近地铁 采光好无遮挡,395万,68577元/平,低楼层 (共6层) | 1992年 | 2室1厅 | 57.6平米 | 南,https://ke-image.ljcdn.com/110000-inspection/pc1_jbpd4Ub5k.jpg!m_fill,w_280,h_210,f_jpg?from=ke.com
20240321,西城,广安门,101120828750,荣丰2008新增南向低价房源 高楼层楼下是花园不临街,410万,159472元/平,中楼层 (共26层) | 2003年 | 1室1厅 | 25.71平米 | 南,https://ke-image.ljcdn.com/110000-inspection/pc1_yHgvfptDS_1.jpg!m_fill,w_280,h_210,f_jpg?from=ke.com
20240321,西城,广安门,101120808063,店长推荐西北两居户型方正视野采光好交通便利,770万,119473元/平,高楼层 (共26层) | 2013年 | 2室1厅 | 64.45平米 | 西北,https://ke-image.ljcdn.com/110000-inspection/pc1_Dg5F8W1Rf.jpg!m_fill,w_280,h_210,f_jpg?from=ke.com
20240321,西城,广安门,101120795920,丽水莲花小区1号院优质的三居室房主自荐,1920万,133854元/平,中楼层 (共21层) 4室1厅 | 143.44平米 | 南 西 北,https://ke-image.ljcdn.com/110000-inspection/pc1_lkvCPxdvP.jpg!m_fill,w_280,h_210,f_jpg?from=ke.com
20240321,西城,广安门,101120784016,商品房社区 长城物业 两梯7户 满五年唯一,460万,130165元/平,低楼层 (共14层) 1室1厅 | 35.34平米 | 东,https://ke-image.ljcdn.com/110000-inspection/pc1_LhrrismXE_1.jpg!m_fill,w_280,h_210,f_jpg?from=ke.com
20240321,西城,广安门,101120783038,邻莲花池公园 地铁  西南北通通透 视野好满五年唯一,625万,76127元/平,顶层 (共12层) 3室1厅 | 82.1平米 | 南 西 北,https://ke-image.ljcdn.com/110000-inspection/pc1_evFA103Si.jpg!m_fill,w_280,h_210,f_jpg?from=ke.com
20240321,西城,广安门,101120766261,荣丰二期正南向开间 无抵押 70年产权 随时可看,380万,147573元/平,中楼层 (共20层) | 2004年 | 1室0厅 | 25.75平米 | 南,https://ke-image.ljcdn.com/110000-inspection/pc1_P3BuGwcl7_1.jpg!m_fill,w_280,h_210,f_jpg?from=ke.com
20240321,西城,广安门,101120731872,房子满五南向带燃气产权清晰无抵押,430万,113517元/平,低楼层 (共26层) | 2006年 | 1室1厅 | 37.88平米 | 南,https://ke-image.ljcdn.com/110000-inspection/pc1_xYlsL7Di4_1.jpg!m_fill,w_280,h_210,f_jpg?from=ke.com
20240321,西城,广安门,101120704026,小马厂西里  中间层    诚心出售,678万,97977元/平,低楼层 (共12层) 3室1厅 | 69.2平米 | 西南,https://ke-image.ljcdn.com/110000-inspection/pc1_w4cGktoxU.jpg!m_fill,w_280,h_210,f_jpg?from=ke.com
20240321,西城,广安门,101120689001,北京市西城区广安外街道红居街远见名苑,970万,112713元/平,低楼层 (共25层) | 2006年 | 2室1厅 | 86.06平米 | 西,https://ke-image.ljcdn.com/110000-inspection/pc1_33pdBeYgZ_1.jpg!m_fill,w_280,h_210,f_jpg?from=ke.com
20240321,西城,广安门,101120686821,车站西街13号院 全明格局 无遮挡 产权清晰房主自荐,545万,94487元/平,中楼层 (共6层) 2室1厅 | 57.68平米 | 东 西,https://ke-image.ljcdn.com/110000-inspection/pc1_sQOAUDpId_1.jpg!m_fill,w_280,h_210,f_jpg?from=ke.com
20240321,西城,广安门,101120679000,此房面积大单价低装修好有户口可迁出,399万,108513元/平,中楼层 (共26层) | 2006年 | 1室0厅 | 36.77平米 | 西,https://ke-image.ljcdn.com/110000-inspection/e68c3b75-3fa4-4c63-9f9b-65aa1630db44_1000.jpg!m_fill,w_280,h_210,f_jpg?from=ke.com
20240321,西城,广安门,101120673820,玺源台二期精装小2居 楼龄新小区好 购价高满二仅契税,785万,125963元/平,低楼层 (共15层) 2室1厅 | 62.32平米 | 西,https://ke-image.ljcdn.com/110000-inspection/pc1_gQF40LI8Y.jpg!m_fill,w_280,h_210,f_jpg?from=ke.com
20240321,西城,广安门,101120658863,红山世家全明格局对花园满五年唯一楼层高采光视野好,1198万,129528元/平,高楼层 (共28层) 2室2厅 | 92.49平米 | 东 西,https://ke-image.ljcdn.com/110000-inspection/pc1_yC4TGuvu7.jpg!m_fill,w_280,h_210,f_jpg?from=ke.com
20240321,西城,广安门,101120658409,远见名苑二期 板楼一居 人车分流  环境优美,600万,117463元/平,中楼层 (共20层) 1室1厅 | 51.08平米 | 北,https://ke-image.ljcdn.com/110000-inspection/pc1_BuIUJRTCE_1.jpg!m_fill,w_280,h_210,f_jpg?from=ke.com
20240321,西城,广安门,101120648790,广安门车站西街17号院 看房有钥匙房主自荐,280万,65620元/平,地下室 (共6层) 1室1厅 | 42.67平米 | 南,https://ke-image.ljcdn.com/110000-inspection/pc1_69rPsM1kh_1.jpg!m_fill,w_280,h_210,f_jpg?from=ke.com
20240321,西城,广安门,101120641013,户型方正、对小区院内安静、小区楼龄新、环境好,750万,124772元/平,低楼层 (共12层) 1室1厅 | 60.11平米 | 东,https://ke-image.ljcdn.com/110000-inspection/pc1_ZUkQnLIvQ_1.jpg!m_fill,w_280,h_210,f_jpg?from=ke.com
20240321,西城,广安门,101120618250,西城 荣丰2008 正南向开间 可以贷款 随时签约,375万,157564元/平,低楼层 (共26层) 1室0厅 | 23.8平米 | 南,https://ke-image.ljcdn.com/110000-inspection/pc1_vPo7rE5W0_1.jpg!m_fill,w_280,h_210,f_jpg?from=ke.com
20240321,西城,广安门,101120608195,广安门远见名苑精装修开间看房随时,489万,84676元/平,中楼层 (共24层) 1室0厅 | 57.75平米 | 西,https://ke-image.ljcdn.com/110000-inspection/pc1_5Blzl4G2s_1.jpg!m_fill,w_280,h_210,f_jpg?from=ke.com
20240321,西城,广安门,101120593114,西城广安门、小马厂东里、南向两居、央产房社区,695万,100740元/平,低楼层 (共17层) | 1988年 | 2室1厅 | 68.99平米 | 南,https://ke-image.ljcdn.com/110000-inspection/pc1_KEWzmhKqQ_1.jpg!m_fill,w_280,h_210,f_jpg?from=ke.com
20240321,西城,广安门,101120569651,丽水莲花 南北三居 户型方正 视野很棒,2100万,128135元/平,低楼层 (共19层) 3室2厅 | 163.89平米 | 南 北,https://ke-image.ljcdn.com/110000-inspection/pc1_oYw6LInpS.jpg!m_fill,w_280,h_210,f_jpg?from=ke.com
20240321,西城,广安门,101120554124,西城广外远见名苑中间层精装两居业主诚心出售,899万,107216元/平,高楼层 (共26层) 2室1厅 | 83.85平米 | 西,https://ke-image.ljcdn.com/110000-inspection/pc1_AoKIstJEd_1.jpg!m_fill,w_280,h_210,f_jpg?from=ke.com
20240321,西城,广安门,101120544419,全南两居室格局方正诚意出售看房方便,690万,95173元/平,中楼层 (共17层) | 1988年 | 2室1厅 | 72.5平米 | 南,https://ke-image.ljcdn.com/110000-inspection/pc1_hz97yRPQm_1.jpg!m_fill,w_280,h_210,f_jpg?from=ke.com
20240321,西城,广安门,101120523192,车站西街 相当于满五年唯一 拎包入住 采光好,435万,83143元/平,地下室 (共6层) | 1992年 | 3室1厅 | 52.32平米 | 南 北,https://ke-image.ljcdn.com/110000-inspection/pc1_u417KQruw_1.jpg!m_fill,w_280,h_210,f_jpg?from=ke.com
20240321,西城,广安门,101120517453,玺源台西城广安门外次新房精装朝南大两居房主自荐,1558万,140071元/平,高楼层 (共27层) 2室2厅 | 111.23平米 | 南,https://ke-image.ljcdn.com/110000-inspection/pc1_b20jHM3Hg_1.jpg!m_fill,w_280,h_210,f_jpg?from=ke.com
20240321,西城,广安门,101120498255,产权清晰中间楼层诚意出售价格可谈,459.5万,91081元/平,中楼层 (共6层) | 1980年 | 2室1厅 | 50.45平米 | 南,https://ke-image.ljcdn.com/110000-inspection/pc1_7BQTQwQlI_1.jpg!m_fill,w_280,h_210,f_jpg?from=ke.com
20240321,西城,广安门,101120474935,此房为满五年唯一通风采光俱佳居住舒适！,1150万,123325元/平,低楼层 (共26层) 3室2厅 | 93.25平米 | 东南,https://ke-image.ljcdn.com/110000-inspection/pc1_gINOZhgkL_1.jpg!m_fill,w_280,h_210,f_jpg?from=ke.com
20240321,西城,广安门,101120448620,店长推荐 荣丰三期一居 无抵押 产权清晰 诚心出售房主自荐,420万,107445元/平,低楼层 (共16层) | 2007年 | 1室1厅 | 39.09平米 | 西,https://ke-image.ljcdn.com/110000-inspection/pc1_kkFUSxirx_1.jpg!m_fill,w_280,h_210,f_jpg?from=ke.com
20240321,西城,广安门,101120423078,远见名苑 西城商品房正规一室一厅 双轨道地铁出行便捷,598万,106029元/平,低楼层 (共26层) 1室1厅 | 56.4平米 | 东北,https://ke-image.ljcdn.com/110000-inspection/pc1_gunqp8YgN_1.jpg!m_fill,w_280,h_210,f_jpg?from=ke.com
20240321,西城,广安门,101120396861,西城区 广安门 荣丰2008 视野开阔,395万,147885元/平,顶层 (共26层) | 2006年 | 1室0厅 | 26.71平米 | 西,https://ke-image.ljcdn.com/110000-inspection/pc1_LkQS2ejHb_1.jpg!m_fill,w_280,h_210,f_jpg?from=ke.com
20240321,西城,广安门,101120344679,远见名苑朝西向一居业主诚心出售,600万,93502元/平,中楼层 (共24层) 1室1厅 | 64.17平米 | 西,https://ke-image.ljcdn.com/110000-inspection/pc1_cpLRXHpe1_1.jpg!m_fill,w_280,h_210,f_jpg?from=ke.com
20240321,西城,广安门,101120341421,红居南街 中间楼层看房随时 诚心出售房主自荐,415万,84264元/平,中楼层 (共6层) 1室1厅 | 49.25平米 | 南 北,https://ke-image.ljcdn.com/110000-inspection/pc1_RmU3VfU5Z_1.jpg!m_fill,w_280,h_210,f_jpg?from=ke.com
20240321,西城,广安门,101120274337,远见名苑两梯六户西向带燃气一居室。,598万,97126元/平,高楼层 (共24层) 1室0厅 | 61.57平米 | 西,https://ke-image.ljcdn.com/110000-inspection/pc1_k9yBaB9qp_1.jpg!m_fill,w_280,h_210,f_jpg?from=ke.com
20240321,西城,广安门,101120260717,红居斜街 双卧朝南 两居室 1997年 独立小区安静不临街,670万,100150元/平,高楼层 (共6层) | 1997年 | 2室1厅 | 66.9平米 | 南,https://ke-image.ljcdn.com/110000-inspection/pc1_WTgjR6T40_1.jpg!m_fill,w_280,h_210,f_jpg?from=ke.com
20240321,西城,广安门,101120259598,荣丰2008 三期东向开间 视野良好 满五唯一 看房方便,460万,120735元/平,低楼层 (共16层) | 2007年 | 1室0厅 | 38.1平米 | 东,https://ke-image.ljcdn.com/110000-inspection/pc1_Hv3jtnDaj_1.jpg!m_fill,w_280,h_210,f_jpg?from=ke.com
20240321,西城,广安门,101120259238,此房满五年家庭名下一套购房成本低楼龄新,499万,92067元/平,顶层 (共8层) | 2006年 | 1室0厅 | 54.2平米 | 南,https://ke-image.ljcdn.com/110000-inspection/pc1_ggoC3nk10_1.jpg!m_fill,w_280,h_210,f_jpg?from=ke.com
20240321,西城,广安门,101120257164,满五年唯一楼层高视野好 朗琴园,560万,117970元/平,顶层 (共29层) | 2006年 | 1室0厅 | 47.47平米 | 东南,https://ke-image.ljcdn.com/110000-inspection/pc1_qNEIihHPk_1.jpg!m_fill,w_280,h_210,f_jpg?from=ke.com
20240321,西城,广安门,101120241503,西城区 7号线  荣丰2008小区   满五唯一  诚售,385万,143711元/平,低楼层 (共26层) 1室1厅 | 26.79平米 | 东,https://ke-image.ljcdn.com/110000-inspection/f21d7c25-6b00-4554-a664-d4bf07a28d15_1000.jpg!m_fill,w_280,h_210,f_jpg?from=ke.com
20240321,西城,广安门,101120201382,红山世家精装南向两居楼层好采光好景观看公园房主自荐,1350万,142948元/平,中楼层 (共22层) 2室1厅 | 94.44平米 | 西南,https://ke-image.ljcdn.com/110000-inspection/pc1_5VafUuCKI.jpg!m_fill,w_280,h_210,f_jpg?from=ke.com
20240321,西城,广安门,101120199658,丽水莲花 两梯两户 厨卫全明户型 使用率高,1700万,128827元/平,顶层 (共19层) | 2009年 | 3室2厅 | 131.96平米 | 东 南 北,https://ke-image.ljcdn.com/110000-inspection/pc1_nazKjBRLF_1.jpg!m_fill,w_280,h_210,f_jpg?from=ke.com
20240321,西城,广安门,101120184860,小三居格局 视野看到的就是莲花池公园,400万,65031元/平,顶层 (共6层) | 1986年 | 3室1厅 | 61.51平米 | 南 北,https://ke-image.ljcdn.com/110000-inspection/pc1_gsJ72Upz7.jpg!m_fill,w_280,h_210,f_jpg?from=ke.com
20240321,西城,广安门,101120149960,车站西街15号院南北通透两居室。房主自荐,550万,78572元/平,顶层 (共6层) | 1994年 | 2室1厅 | 70平米 | 南 北,https://ke-image.ljcdn.com/110000-inspection/pc1_TOEwNXCGf_1.jpg!m_fill,w_280,h_210,f_jpg?from=ke.com
20240321,西城,广安门,101120090695,西城南向开间 满五唯一 地铁七号线16号线房主自荐,389万,153999元/平,中楼层 (共20层) 1室0厅 | 25.26平米 | 南,https://ke-image.ljcdn.com/110000-inspection/pc1_myuU5BGtT_1.jpg!m_fill,w_280,h_210,f_jpg?from=ke.com
20240321,西城,广安门,101120089313,西城区广安门外车站西街大两居室,545万,77076元/平,高楼层 (共6层) | 1985年 | 2室1厅 | 70.71平米 | 东 西,https://ke-image.ljcdn.com/110000-inspection/pc1_x08BPmjP8_1.jpg!m_fill,w_280,h_210,f_jpg?from=ke.com
20240321,西城,广安门,101120062216,西城区朗琴园花园社区 便宜一居 配套齐全,455万,125069元/平,底层 (共16层) | 2003年 | 1室1厅 | 36.38平米 | 东 西,https://ke-image.ljcdn.com/110000-inspection/pc1_HWtVu5zrm_1.jpg!m_fill,w_280,h_210,f_jpg?from=ke.com
20240321,西城,广安门,101120057593,小红庙南里两居室  无遮挡业主诚心出售,620万,96035元/平,高楼层 (共18层) | 1988年 | 2室1厅 | 64.56平米 | 东,https://ke-image.ljcdn.com/110000-inspection/pc1_WjBaxBiNR_1.jpg!m_fill,w_280,h_210,f_jpg?from=ke.com
20240321,西城,广安门,101120057218,西城 玺源台 商品房 人车分流 板楼采光好 交通便利,1080万,141491元/平,高楼层 (共27层) 1室1厅 | 76.33平米 | 南,https://ke-image.ljcdn.com/110000-inspection/pc1_CREDMJcj0.jpg!m_fill,w_280,h_210,f_jpg?from=ke.com
20240321,西城,广安门,101120040636,一期南向一居室看房方便随时签约,415万,121346元/平,中楼层 (共26层) 1室1厅 | 34.2平米 | 南,https://ke-image.ljcdn.com/110000-inspection/pc1_MO1q1w36E_1.jpg!m_fill,w_280,h_210,f_jpg?from=ke.com
20240321,西城,广安门,101119970324,红山世家 满五年唯一 南北通透 格局方正 采光充足,1268万,137797元/平,高楼层 (共25层) 2室1厅 | 92.02平米 | 南 北,https://ke-image.ljcdn.com/110000-inspection/pc1_4UiaOrGYR.jpg!m_fill,w_280,h_210,f_jpg?from=ke.com
20240321,西城,广安门,101119968385,西城 广外 朗琴园 花园社区 精装一居,736万,125043元/平,高楼层 (共29层) | 2004年 | 1室1厅 | 58.86平米 | 北,https://ke-image.ljcdn.com/110000-inspection/pc1_apIOyXDr1_1.jpg!m_fill,w_280,h_210,f_jpg?from=ke.com
20240321,西城,广安门,101119957158,朗琴园 西向一居 满五唯一 高楼层视野开阔 采光好！,630万,107399元/平,低楼层 (共29层) | 2006年 | 1室1厅 | 58.66平米 | 西,https://ke-image.ljcdn.com/110000-inspection/21ba7a2e-a732-4c39-b340-138f8b746b5a_1000.jpg!m_fill,w_280,h_210,f_jpg?from=ke.com
20240321,西城,广安门,101119932209,西城 荣丰 满五唯一开间 户型方正 落地窗 采光好,460万,112114元/平,低楼层 (共20层) 1室0厅 | 41.03平米 | 西,https://ke-image.ljcdn.com/110000-inspection/pc1_7g6PRDFIW_1.jpg!m_fill,w_280,h_210,f_jpg?from=ke.com
20240321,西城,广安门,101119894697,荣丰2008大面积总价不高单价低可贷款房主自荐,389万,113610元/平,低楼层 (共26层) | 2006年 | 1室0厅 | 34.24平米 | 西,https://ke-image.ljcdn.com/110000-inspection/pc1_CEPLJ4Rgh_1.jpg!m_fill,w_280,h_210,f_jpg?from=ke.com
20240321,西城,广安门,101119796356,蝶翠华庭 双卫 满五唯一 诚心出售,1040万,110158元/平,底层 (共29层) | 2003年 | 2室1厅 | 94.41平米 | 西南 西北,https://ke-image.ljcdn.com/110000-inspection/pc1_lPRIMz3uX.jpg!m_fill,w_280,h_210,f_jpg?from=ke.com
20240321,西城,广安门,101119786360,东向两居室 满五年 唯一 高层 采光好,568万,84916元/平,顶层 (共18层) 2室1厅 | 66.89平米 | 东,https://ke-image.ljcdn.com/110000-inspection/pc1_Hh5v3RGbN_1.jpg!m_fill,w_280,h_210,f_jpg?from=ke.com
20240321,西城,广安门,101119777338,远见名苑 1室1厅 北,550万,108739元/平,中楼层 (共25层) 1室1厅 | 50.58平米 | 北,https://ke-image.ljcdn.com/110000-inspection/99ed47c9-27b6-420c-8dba-48f0c1fbede3_1000.jpg!m_fill,w_280,h_210,f_jpg?from=ke.com
20240321,西城,广安门,101119764687,此房满五年单位分房东西向格局好居住人群素高,570万,93581元/平,中楼层 (共18层) | 1986年 | 2室1厅 | 60.91平米 | 东 西,https://ke-image.ljcdn.com/110000-inspection/pc1_RcnMjRXQQ_1.jpg!m_fill,w_280,h_210,f_jpg?from=ke.com
20240321,西城,广安门,101119726311,莲花池东路24号院精装西南无遮挡两居诚心出售中房主自荐,938万,108003元/平,高楼层 (共24层) | 1999年 | 2室1厅 | 86.85平米 | 西南,https://ke-image.ljcdn.com/110000-inspection/pc1_cBKJkuMq3_1.jpg!m_fill,w_280,h_210,f_jpg?from=ke.com
20240321,西城,广安门,101119703137,西二环 广安门 车站西街15号院 业主诚心卖 看房随时,499万,88538元/平,顶层 (共6层) 2室1厅 | 56.36平米 | 南 北,https://ke-image.ljcdn.com/110000-inspection/pc1_Dd45XqTo5_1.jpg!m_fill,w_280,h_210,f_jpg?from=ke.com
20240321,西城,广安门,101119701781,远见名苑 采光好 无遮挡正对小花园 精装修开间,480万,103071元/平,顶层 (共24层) | 2004年 | 1室0厅 | 46.57平米 | 东,https://ke-image.ljcdn.com/110000-inspection/pc1_LiDE8Azq8_1.jpg!m_fill,w_280,h_210,f_jpg?from=ke.com
20240321,西城,广安门,101119697817,东西通透两居室 双卫 对花园 满二年,1390万,126445元/平,高楼层 (共16层) | 2003年 | 2室1厅 | 109.93平米 | 东 西,https://ke-image.ljcdn.com/110000-inspection/pc1_QX2m9VWRg_1.jpg!m_fill,w_280,h_210,f_jpg?from=ke.com
20240321,西城,广安门,101119697256,朗琴园 对大花园 视野好 高楼层 通透大两居 一梯两户,1480万,134632元/平,高楼层 (共16层) 2室1厅 | 109.93平米 | 东 西,https://ke-image.ljcdn.com/110000-inspection/pc1_GDy5gcHXD_1.jpg!m_fill,w_280,h_210,f_jpg?from=ke.com
20240321,西城,广安门,101119660813,小马厂东里精准两居室全明格局诚心出售,588万,93068元/平,中楼层 (共17层) | 1988年 | 2室1厅 | 63.18平米 | 东北,https://ke-image.ljcdn.com/110000-inspection/pc1_JCH90tHDX_1.jpg!m_fill,w_280,h_210,f_jpg?from=ke.com
20240321,西城,广安门,101119578339,朗琴园 西向开间 高楼层 视野开阔,650万,110809元/平,高楼层 (共29层) | 2006年 | 1室0厅 | 58.66平米 | 西,https://ke-image.ljcdn.com/110000-inspection/60872800-3232-4bb3-93fa-847b94b0b213_1000.jpg!m_fill,w_280,h_210,f_jpg?from=ke.com
20240321,西城,广安门,101119557385,2015年 玺源台 精装修 朝东正对花园 安静,860万,135840元/平,中楼层 (共15层) 1室1厅 | 63.31平米 | 东,https://ke-image.ljcdn.com/110000-inspection/pc1_B93PeapT2.jpg!m_fill,w_280,h_210,f_jpg?from=ke.com
20240321,西城,广安门,101119509890,远见名苑正规一居业主诚心出售配套齐全纯商品房,595万,108458元/平,低楼层 (共26层) 1室1厅 | 54.86平米 | 北,https://ke-image.ljcdn.com/110000-inspection/pc1_ShpueargC_1.jpg!m_fill,w_280,h_210,f_jpg?from=ke.com
20240321,西城,广安门,101119447813,广安门外小红庙18号精装南北通透两居室,1128万,84979元/平,中楼层 (共7层) 2室2厅 | 132.74平米 | 南 北,https://ke-image.ljcdn.com/110000-inspection/pc1_eJmxLxaY5_1.jpg!m_fill,w_280,h_210,f_jpg?from=ke.com
20240321,西城,广安门,101119438682,红山世家精装两居无遮挡采光佳,1198万,130246元/平,低楼层 (共19层) | 2011年 | 2室1厅 | 91.98平米 | 西,https://ke-image.ljcdn.com/110000-inspection/pc1_eZuhPs48m.jpg!m_fill,w_280,h_210,f_jpg?from=ke.com
20240321,西城,广安门,101119416369,荣丰2008 户型方正 高层视野好 无遮挡,405万,153642元/平,顶层 (共26层) | 2006年 | 1室0厅 | 26.36平米 | 西,https://ke-image.ljcdn.com/110000-inspection/pc1_ZZ1putuGA_1.jpg!m_fill,w_280,h_210,f_jpg?from=ke.com
20240321,西城,广安门,101119411227,远见名苑二期 1室1厅 北,610万,119421元/平,中楼层 (共20层) | 2004年 | 1室1厅 | 51.08平米 | 北,https://ke-image.ljcdn.com/110000-inspection/pc1_WbiRcPqpU_1.jpg!m_fill,w_280,h_210,f_jpg?from=ke.com
20240321,西城,广安门,101119387663,荣丰2008大面积一居带燃气落地窗精装满二年,428万,112160元/平,低楼层 (共26层) | 2006年 | 1室1厅 | 38.16平米 | 北,https://ke-image.ljcdn.com/110000-inspection/pc1_bWsREJpPi_1.jpg!m_fill,w_280,h_210,f_jpg?from=ke.com
20240321,西城,广安门,101119359755,西城广外远见名苑小区南向一居户型方正精装修房主自荐,450万,88080元/平,高楼层 (共21层) | 2004年 | 1室0厅 | 51.09平米 | 南,https://ke-image.ljcdn.com/110000-inspection/pc1_pBWwzaJeO.jpg!m_fill,w_280,h_210,f_jpg?from=ke.com
20240321,西城,广安门,101119341888,北京市西城区广安门外大街红居街远见名苑,898万,110144元/平,中楼层 (共26层) | 2004年 | 2室2厅 | 81.53平米 | 西南,https://ke-image.ljcdn.com/110000-inspection/556d87b0-c800-4c65-b3c6-d05658578b70_1000.jpg!m_fill,w_280,h_210,f_jpg?from=ke.com
20240321,西城,广安门,101119323455,广安门车站西街17号院南向一居室,528万,83045元/平,高楼层 (共18层) 1室1厅 | 63.58平米 | 南,https://ke-image.ljcdn.com/110000-inspection/pc1_z3z9UHini_1.jpg!m_fill,w_280,h_210,f_jpg?from=ke.com
20240321,西城,广安门,101119311433,小红庙  满五唯一 南北通透 两居室 精装修,550万,101122元/平,顶层 (共6层) | 1983年 | 2室1厅 | 54.39平米 | 南 北,https://ke-image.ljcdn.com/110000-inspection/pc1_FX6259kPi_1.jpg!m_fill,w_280,h_210,f_jpg?from=ke.com
20240321,西城,广安门,101119305763,朗琴园 看大花园 正规一室一厅 上下楼方便居住安全,750万,130006元/平,低楼层 (共29层) 1室1厅 | 57.69平米 | 北,https://ke-image.ljcdn.com/110000-inspection/pc1_HxO7UvM7E_1.jpg!m_fill,w_280,h_210,f_jpg?from=ke.com
20240321,西城,广安门,101119299380,广安门外车站西街15号院南北向两居满五年,560万,97544元/平,低楼层 (共6层) | 1994年 | 2室1厅 | 57.41平米 | 南 北,https://ke-image.ljcdn.com/110000-inspection/pc1_wRqYl93O0_1.jpg!m_fill,w_280,h_210,f_jpg?from=ke.com
20240321,西城,广安门,101119296896,户型方正通风好五遮挡位置安静,1050万,112000元/平,低楼层 (共28层) | 2007年 | 2室1厅 | 93.75平米 | 东北,https://ke-image.ljcdn.com/110000-inspection/pc1_unKQkmvjn_1.jpg!m_fill,w_280,h_210,f_jpg?from=ke.com
20240321,西城,广安门,101119280005,小红庙南里带电梯东西通透两居业主诚心出售,610万,93002元/平,顶层 (共18层) | 1986年 | 2室1厅 | 65.59平米 | 东 西,https://ke-image.ljcdn.com/110000-inspection/afcfe43f-4fb0-44b5-8d32-261a136f4f4c_1000.jpg!m_fill,w_280,h_210,f_jpg?from=ke.com
20240321,西城,广安门,101119273086,广安门车站西街13号院满五。,299万,61058元/平,地下室 (共6层) | 1990年 | 2室1厅 | 48.97平米 | 南 北,https://ke-image.ljcdn.com/110000-inspection/pc1_i2JjroWKf_1.jpg!m_fill,w_280,h_210,f_jpg?from=ke.com
20240321,西城,广安门,101119259130,车站西街1号院 2室1厅 西 北,650万,75415元/平,中楼层 (共8层) 2室1厅 | 86.19平米 | 西 北,https://ke-image.ljcdn.com/110000-inspection/eeb758be-6e4c-41f6-a77d-5b98c9808371_1000.jpg!m_fill,w_280,h_210,f_jpg?from=ke.com
20240321,西城,广安门,101119165869,玺源台 满五唯一 精装修 双卫 对小区花园 采光好,1200万,133839元/平,低楼层 (共26层) 2室1厅 | 89.66平米 | 东,https://ke-image.ljcdn.com/110000-inspection/pc1_cfbemPcU5.jpg!m_fill,w_280,h_210,f_jpg?from=ke.com
20240321,西城,广安门,101119163395,朗琴园 西向一居 满五唯一 高楼层视野开阔 采光好！房主自荐,580万,98875元/平,高楼层 (共29层) | 2006年 | 1室0厅 | 58.66平米 | 西,https://ke-image.ljcdn.com/110000-inspection/pc1_ouX6Jksax_1.jpg!m_fill,w_280,h_210,f_jpg?from=ke.com
20240321,西城,广安门,101119147421,花园内 商品房  看花园 臻选远见名苑两居房主自荐,996万,119914元/平,低楼层 (共25层) | 2006年 | 2室1厅 | 83.06平米 | 东南,https://ke-image.ljcdn.com/110000-inspection/pc1_NLB6HPP8R_1.jpg!m_fill,w_280,h_210,f_jpg?from=ke.com
20240321,西城,广安门,101119146263,小红庙 满五年 南北通透 楼层好 视野好,555万,99731元/平,顶层 (共6层) | 1986年 | 2室1厅 | 55.65平米 | 南 北,https://ke-image.ljcdn.com/110000-inspection/pc1_phkxWEipg_1.jpg!m_fill,w_280,h_210,f_jpg?from=ke.com
20240321,西城,广安门,101119128712,荣丰2008 西向开间 西城西二环边,390万,145577元/平,低楼层 (共26层) 1室0厅 | 26.79平米 | 西,https://ke-image.ljcdn.com/110000-inspection/pc1_8xF1GZGI6_1.jpg!m_fill,w_280,h_210,f_jpg?from=ke.com
20240321,西城,广安门,101119121139,西城广安门手帕口南街三居 东南向 满五年精装修,775万,84681元/平,高楼层 (共6层) 3室1厅 | 91.52平米 | 东南,https://ke-image.ljcdn.com/110000-inspection/pc1_zmbGa9mps_1.jpg!m_fill,w_280,h_210,f_jpg?from=ke.com
20240321,西城,广安门,101119091868,红居南街小区楼龄新精装修满五唯一,530万,86886元/平,高楼层 (共6层) | 1992年 | 2室1厅 | 61平米 | 东 西,https://ke-image.ljcdn.com/110000-inspection/pc1_FlnEXSMUp_1.jpg!m_fill,w_280,h_210,f_jpg?from=ke.com
20240321,西城,广安门,101118977056,荣丰2008 南北户型 精装修 看房方便,425万,174395元/平,低楼层 (共26层) 1室0厅 | 24.37平米 | 北 南,https://ke-image.ljcdn.com/110000-inspection/pc1_5i04HpOyi_1.jpg!m_fill,w_280,h_210,f_jpg?from=ke.com
20240321,西城,广安门,101118964338,西城广外满五年南北通透两居室总价合适,360万,74243元/平,地下室 (共6层) | 1994年 | 2室1厅 | 48.49平米 | 南 北,https://ke-image.ljcdn.com/110000-inspection/2f406a13-5158-46c9-8fbe-f353e6305e52_1000.jpg!m_fill,w_280,h_210,f_jpg?from=ke.com
20240321,西城,广安门,101118936315,红居南街1号院 满五唯一 有小区环境,380万,74525元/平,地下室 (共6层) 2室1厅 | 50.99平米 | 南 北,https://ke-image.ljcdn.com/110000-inspection/pc1_Gn8IdYS0m_1.jpg!m_fill,w_280,h_210,f_jpg?from=ke.com
20240321,西城,广安门,101118918333,西城广安门远见名苑二期朝南眼镜户型阳光两居,1250万,126557元/平,高楼层 (共20层) | 2004年 | 2室2厅 | 98.77平米 | 南,https://ke-image.ljcdn.com/110000-inspection/pc1_GYHdfOcXg_1.jpg!m_fill,w_280,h_210,f_jpg?from=ke.com
20240321,西城,广安门,101118909013,小红庙南里熔炼厂宿舍两居室   业主诚心出售,510万,82312元/平,高楼层 (共6层) | 1980年 | 2室1厅 | 61.96平米 | 东北,https://ke-image.ljcdn.com/110000-inspection/pc1_vI2BohGI3_1.jpg!m_fill,w_280,h_210,f_jpg?from=ke.com
20240321,西城,广安门,101118868726,满五年家庭名下唯一住房大两居经典户型,1299万,128716元/平,高楼层 (共27层) | 2002年 | 2室2厅 | 100.92平米 | 西 北,https://ke-image.ljcdn.com/110000-inspection/pc1_oPMSnQ1Z6_1.jpg!m_fill,w_280,h_210,f_jpg?from=ke.com
20240321,西城,广安门,101118865345,远见二期 商品房 朝西开间 有燃气房主自荐,428万,115240元/平,顶层 (共9层) 1室0厅 | 37.14平米 | 西,https://ke-image.ljcdn.com/110000-inspection/pc1_kVJYGdlrY_1.jpg!m_fill,w_280,h_210,f_jpg?from=ke.com
20240321,西城,广安门,101118864064,店长推荐玺源台南北两居交通便利适合居住安静,1099万,121639元/平,低楼层 (共27层) 2室1厅 | 90.35平米 | 南 北,https://ke-image.ljcdn.com/110000-inspection/pc1_rwysBY1j0.jpg!m_fill,w_280,h_210,f_jpg?from=ke.com
20240321,西城,广安门,101118862113,满五年 唯一 低层 南北通透 业主诚心出售,540万,98469元/平,底层 (共6层) 2室1厅 | 54.84平米 | 南 北,https://ke-image.ljcdn.com/110000-inspection/649e4e92-2737-4bbe-a8dc-c83a66f3a750_1000.jpg!m_fill,w_280,h_210,f_jpg?from=ke.com
20240321,西城,广安门,101118845497,远见名苑满五唯一纯商品房正对莲花河采光视野好,865万,112004元/平,顶层 (共21层) | 2004年 | 2室1厅 | 77.23平米 | 西北,https://ke-image.ljcdn.com/110000-inspection/pc1_ydMI1H4Gd_1.jpg!m_fill,w_280,h_210,f_jpg?from=ke.com
20240321,西城,广安门,101118819319,远见名苑  近地铁  高楼层 对花园,556万,124664元/平,高楼层 (共26层) 1室0厅 | 44.6平米 | 东,https://ke-image.ljcdn.com/110000-inspection/pc1_8pYASMYdZ_1.jpg!m_fill,w_280,h_210,f_jpg?from=ke.com
20240321,西城,广安门,101118819241,二环边 远见名苑  近地铁  满五唯一  视野好房主自荐,989万,121544元/平,中楼层 (共26层) 2室1厅 | 81.37平米 | 南,https://ke-image.ljcdn.com/110000-inspection/pc1_xvMS7Yam2_1.jpg!m_fill,w_280,h_210,f_jpg?from=ke.com
20240321,西城,广安门,101118807366,荣丰2008 1室0厅 东,415万,155373元/平,中楼层 (共26层) | 2006年 | 1室0厅 | 26.71平米 | 东,https://ke-image.ljcdn.com/110000-inspection/pc1_WQiSnpaTt.jpg!m_fill,w_280,h_210,f_jpg?from=ke.com
20240321,西城,广安门,101118792836,西豪逸景新上东向两居室业主诚意出售,1010万,103622元/平,低楼层 (共28层) 2室1厅 | 97.47平米 | 东,https://ke-image.ljcdn.com/110000-inspection/pc1_UZowR8Rzt_1.jpg!m_fill,w_280,h_210,f_jpg?from=ke.com
20240321,西城,广安门,101118787206,新纪元公寓 7号和16号线双地铁 两梯七户,1099万,89803元/平,高楼层 (共21层) | 1998年 | 2室1厅 | 122.38平米 | 西北,https://ke-image.ljcdn.com/110000-inspection/pc1_5URTfzwoJ_1.jpg!m_fill,w_280,h_210,f_jpg?from=ke.com
20240321,西城,广安门,101118759104,北京市西城区广安门外大街远见名苑,709万,114911元/平,高楼层 (共24层) | 2004年 | 1室0厅 | 61.7平米 | 西,https://ke-image.ljcdn.com/110000-inspection/382eece7-13a8-4e2d-a6f1-7287589a527c_1000.jpg!m_fill,w_280,h_210,f_jpg?from=ke.com
20240321,西城,广安门,101118742468,房子南北通透带客厅采光好通风好,680万,92367元/平,顶层 (共6层) | 1998年 | 2室1厅 | 73.62平米 | 南 北,https://ke-image.ljcdn.com/110000-inspection/pc1_Up5LDiSX9_1.jpg!m_fill,w_280,h_210,f_jpg?from=ke.com
20240321,西城,广安门,101118734734,广外大街305号八区    荣丰2008,480万,96058元/平,底层 (共20层) | 2008年 | 1室0厅 | 49.97平米 | 东,https://ke-image.ljcdn.com/110000-inspection/pc1_ORINHkKSM_1.jpg!m_fill,w_280,h_210,f_jpg?from=ke.com
20240321,西城,广安门,101118720884,朗琴园诚意出售一居室价格可谈看房方便,595万,113377元/平,低楼层 (共29层) | 2004年 | 1室1厅 | 52.48平米 | 北,https://ke-image.ljcdn.com/110000-inspection/pc1_0Eeh1OlRU_1.jpg!m_fill,w_280,h_210,f_jpg?from=ke.com
20240321,西城,广安门,101118703206,红山世家东西通透两居室落地窗设计全明户型房主自荐,1210万,130431元/平,高楼层 (共19层) | 2011年 | 2室1厅 | 92.77平米 | 东 西,https://ke-image.ljcdn.com/110000-inspection/f09e6739-068d-4255-bbfa-7882ca9b59db_1000.jpg!m_fill,w_280,h_210,f_jpg?from=ke.com
20240321,西城,广安门,101118690514,荣丰2008高层开间户型方正。,375万,156055元/平,高楼层 (共26层) | 2006年 | 1室0厅 | 24.03平米 | 北,https://ke-image.ljcdn.com/110000-inspection/pc1_KwPPYN6xR_1.jpg!m_fill,w_280,h_210,f_jpg?from=ke.com
20240321,西城,广安门,101118684805,西城远见名苑正规一居室交通购物便利,630万,114838元/平,低楼层 (共26层) | 2004年 | 1室1厅 | 54.86平米 | 北,https://ke-image.ljcdn.com/110000-inspection/pc1_KqMnPtHE7_1.jpg!m_fill,w_280,h_210,f_jpg?from=ke.com
20240321,西城,广安门,101118672275,远见名苑二期 南北通透大两居 近地铁 商品房社区环境,1430万,125230元/平,中楼层 (共14层) 2室1厅 | 114.19平米 | 南 北,https://ke-image.ljcdn.com/110000-inspection/pc1_Itkx9IlST.jpg!m_fill,w_280,h_210,f_jpg?from=ke.com
20240321,西城,广安门,101118657163,西城广外朝南向两居室无遮挡采光好,1068万,131253元/平,中楼层 (共26层) 2室2厅 | 81.37平米 | 南,https://ke-image.ljcdn.com/110000-inspection/pc1_71b94kxkd_1.jpg!m_fill,w_280,h_210,f_jpg?from=ke.com
20240321,西城,广安门,101118613519,小红庙 3室1厅 南 北,582万,102537元/平,低楼层 (共6层) 3室1厅 | 56.76平米 | 南 北,https://ke-image.ljcdn.com/110000-inspection/pc1_h6THBbGkW_1.jpg!m_fill,w_280,h_210,f_jpg?from=ke.com
20240321,西城,广安门,101118601572,手帕口西一巷 满五年 购房成本低  91年楼龄,498万,85450元/平,顶层 (共7层) 2室1厅 | 58.28平米 | 南 北,https://ke-image.ljcdn.com/110000-inspection/pc1_a2bImYGyh.jpg!m_fill,w_280,h_210,f_jpg?from=ke.com
20240321,西城,广安门,101118598053,此房满五唯一邮局家属楼 南向 2梯4户 地铁达官营,1790万,126654元/平,低楼层 (共20层) | 2008年 | 3室2厅 | 141.33平米 | 东南,https://ke-image.ljcdn.com/110000-inspection/pc1_ELduRy2bf_1.jpg!m_fill,w_280,h_210,f_jpg?from=ke.com
20240321,西城,广安门,101118596213,朗琴园 3室1厅 南 北,2188万,148259元/平,低楼层 (共29层) 3室1厅 | 147.58平米 | 南 北,https://ke-image.ljcdn.com/110000-inspection/pc1_yZBYSAAfZ_2.jpg!m_fill,w_280,h_210,f_jpg?from=ke.com
20240321,西城,广安门,101118542691,西城 蝶翠华庭 商品房 正规一居室 满五唯一 不临街,760万,112844元/平,高楼层 (共21层) 1室1厅 | 67.35平米 | 东北,https://ke-image.ljcdn.com/110000-inspection/pc1_U0huePNOR.jpg!m_fill,w_280,h_210,f_jpg?from=ke.com
20240321,西城,广安门,101118542269,蝶翠华庭 优质三居 满五唯一 随时签约,1450万,114688元/平,低楼层 (共29层) 3室1厅 | 126.43平米 | 西北 东南,https://ke-image.ljcdn.com/110000-inspection/pc1_4jqwufBal.jpg!m_fill,w_280,h_210,f_jpg?from=ke.com
20240321,西城,广安门,101118539928,荣丰2008二期开间 独立厨卫 精装修房主自荐,320万,111654元/平,低楼层 (共20层) | 2004年 | 1室0厅 | 28.66平米 | 西南,https://ke-image.ljcdn.com/110000-inspection/e5e6abf2-6e56-470b-a767-db409c4348d5_1000.jpg!m_fill,w_280,h_210,f_jpg?from=ke.com
20240321,西城,广安门,101118436692,荣丰二期开间 正南向 满五年唯一 可以贷款 可以看房,430万,151998元/平,低楼层 (共20层) 1室0厅 | 28.29平米 | 南,https://ke-image.ljcdn.com/110000-inspection/807a2a4a-da7b-42b9-bdae-662279b94559_1000.jpg!m_fill,w_280,h_210,f_jpg?from=ke.com
20240321,西城,广安门,101118433440,03年商品房中间位置不临街诚心出售,385万,171112元/平,底层 (共26层) | 2006年 | 1室1厅 | 22.5平米 | 南,https://ke-image.ljcdn.com/110000-inspection/pc1_rnZ8Eso1Z_1.jpg!m_fill,w_280,h_210,f_jpg?from=ke.com
20240321,西城,广安门,101118377017,小区北侧莲花池公园朝南向采光好,285万,74608元/平,高楼层 (共6层) | 1992年 | 1室1厅 | 38.2平米 | 南,https://ke-image.ljcdn.com/110000-inspection/pc1_Mu0UyIbLy.jpg!m_fill,w_280,h_210,f_jpg?from=ke.com
20240321,西城,广安门,101118291438,西南两居室高楼层采光好不临街安静舒适,1150万,122680元/平,中楼层 (共29层) | 2003年 | 2室1厅 | 93.74平米 | 西南,https://ke-image.ljcdn.com/110000-inspection/pc1_brtUpmNtk.jpg!m_fill,w_280,h_210,f_jpg?from=ke.com
20240321,西城,广安门,101118285568,西城广外红居南街6号院精装一居好采光,299万,85356元/平,地下室 (共6层) | 1986年 | 1室1厅 | 35.03平米 | 南,https://ke-image.ljcdn.com/110000-inspection/pc1_3MTFQ6z6N_1.jpg!m_fill,w_280,h_210,f_jpg?from=ke.com
20240321,西城,广安门,101118283762,荣丰一期开间业主诚心出售户型方正,440万,115304元/平,高楼层 (共26层) | 2006年 | 1室0厅 | 38.16平米 | 北,https://ke-image.ljcdn.com/110000-inspection/pc1_Pqtvc3V7p_1.jpg!m_fill,w_280,h_210,f_jpg?from=ke.com
20240321,西城,广安门,101118279167,店长推荐南北通透户型方正两梯两户视野采光好,2698万,120136元/平,中楼层 (共19层) 4室2厅 | 224.58平米 | 南 北,https://ke-image.ljcdn.com/110000-inspection/pc1_K5MxiZkBc.jpg!m_fill,w_280,h_210,f_jpg?from=ke.com
20240321,西城,广安门,101118221334,红居南街6号院朝南户型   业主诚心出售,389万,94326元/平,顶层 (共6层) | 1986年 | 1室1厅 | 41.24平米 | 南,https://ke-image.ljcdn.com/110000-inspection/pc1_1H3kcG3cS_1.jpg!m_fill,w_280,h_210,f_jpg?from=ke.com
20240321,西城,广安门,101118219919,朝南向采光好高楼层 没有遮挡。,760万,139476元/平,顶层 (共25层) | 2010年 | 1室0厅 | 54.49平米 | 南,https://ke-image.ljcdn.com/110000-inspection/pc1_kqBLxW590.jpg!m_fill,w_280,h_210,f_jpg?from=ke.com
20240321,西城,广安门,101118209461,西城  荣丰2008  南向开间  诚售,420万,148410元/平,低楼层 (共20层) | 2004年 | 1室1厅 | 28.3平米 | 南,https://ke-image.ljcdn.com/110000-inspection/pc1_eM53042GE_1.jpg!m_fill,w_280,h_210,f_jpg?from=ke.com
20240321,西城,广安门,101118195936,红山世家满五不唯一 东西二居双通透 可以看小区绿化,1290万,137089元/平,低楼层 (共25层) 2室2厅 | 94.1平米 | 西 东,https://ke-image.ljcdn.com/110000-inspection/pc1_5GFLY9Kuw.jpg!m_fill,w_280,h_210,f_jpg?from=ke.com
20240321,西城,广安门,101118169850,远见带大阳台 观景4居室 视野阳光好房主自荐,1595万,107509元/平,顶层 (共26层) 4室2厅 | 148.36平米 | 东 西,https://ke-image.ljcdn.com/110000-inspection/pc1_NUR9G69K4_1.jpg!m_fill,w_280,h_210,f_jpg?from=ke.com
20240321,西城,广安门,101118111216,丽水莲花 3室2厅 西北,1550万,121837元/平,低楼层 (共24层) | 2009年 | 3室2厅 | 127.22平米 | 西北,https://ke-image.ljcdn.com/110000-inspection/pc1_o3pQPa87M_1.jpg!m_fill,w_280,h_210,f_jpg?from=ke.com
20240321,西城,广安门,101118093875,荣丰一期南北向开间 满五年 高楼层 采光好房主自荐,410万,168240元/平,高楼层 (共26层) 1室0厅 | 24.37平米 | 南 北,https://ke-image.ljcdn.com/110000-inspection/pc1_uqF62BzUH_1.jpg!m_fill,w_280,h_210,f_jpg?from=ke.com
20240321,西城,广安门,101118028081,小红庙大院内满五唯一低楼层南北通透,690万,117009元/平,底层 (共6层) 3室1厅 | 58.97平米 | 北 南 西,https://ke-image.ljcdn.com/110000-inspection/f4edb11d-fd4b-4ce3-ab34-5d5657049c9b_1000.jpg!m_fill,w_280,h_210,f_jpg?from=ke.com
20240321,西城,广安门,101118023375,红居街远见名苑西向精装开间。,560万,96970元/平,低楼层 (共24层) 1室1厅 | 57.75平米 | 西,https://ke-image.ljcdn.com/110000-inspection/pc1_dEBqc5M1J.jpg!m_fill,w_280,h_210,f_jpg?from=ke.com
20240321,西城,广安门,101117942883,车站西街9号院满五年唯一南北通透全明两居室,649万,81924元/平,顶层 (共6层) | 1995年 | 2室1厅 | 79.22平米 | 南 北,https://ke-image.ljcdn.com/110000-inspection/pc1_EsKdfYLcj.jpg!m_fill,w_280,h_210,f_jpg?from=ke.com
20240321,西城,广安门,101117920162,西城-广外-车站西街17号院东西朝向三居室-带电梯,675万,88560元/平,低楼层 (共18层) 3室1厅 | 76.22平米 | 东 西,https://ke-image.ljcdn.com/110000-inspection/pc1_vye0IcjYS_1.jpg!m_fill,w_280,h_210,f_jpg?from=ke.com
20240321,西城,广安门,101117907613,荣丰2008   南向开间   业主诚心出售,413万,159768元/平,中楼层 (共20层) | 2004年 | 1室0厅 | 25.85平米 | 南,https://ke-image.ljcdn.com/110000-inspection/pc1_2GdMpOoN9_1.jpg!m_fill,w_280,h_210,f_jpg?from=ke.com
20240321,西城,广安门,101117876686,广华轩 西南三居 高楼层 诚意出售,1220万,98095元/平,高楼层 (共24层) | 1999年 | 3室1厅 | 124.37平米 | 西南,https://ke-image.ljcdn.com/110000-inspection/pc1_b01qXye4f_1.jpg!m_fill,w_280,h_210,f_jpg?from=ke.com
20240321,西城,广安门,101117827661,手帕口西一巷 2室1厅 南 北,480万,82362元/平,高楼层 (共7层) 2室1厅 | 58.28平米 | 南 北,https://ke-image.ljcdn.com/110000-inspection/pc1_JSOr2iK0J_1.jpg!m_fill,w_280,h_210,f_jpg?from=ke.com
20240321,西城,广安门,101117619392,莲花池南里 南北两居 诚心卖 看房提前联系房主自荐,370万,69017元/平,高楼层 (共6层) | 1986年 | 2室1厅 | 53.61平米 | 南 北,https://ke-image.ljcdn.com/110000-inspection/f57350b6-8769-459c-8789-79a902416c7f_1000.jpg!m_fill,w_280,h_210,f_jpg?from=ke.com
20240321,西城,广安门,101117609436,西城区广外远见名苑正规一室一厅高层视野好,608万,111642元/平,高楼层 (共26层) 1室1厅 | 54.46平米 | 北,https://ke-image.ljcdn.com/110000-inspection/pc1_vVhrqhfxT_1.jpg!m_fill,w_280,h_210,f_jpg?from=ke.com
20240321,西城,广安门,101117319516,西城区 荣丰开间  楼层好 视野开阔 户型方正 配套齐全,400万,153728元/平,低楼层 (共20层) | 2004年 | 1室0厅 | 26.02平米 | 西,https://ke-image.ljcdn.com/110000-inspection/6a2c3205-6678-4e7b-879c-122b694b7f54_1000.jpg!m_fill,w_280,h_210,f_jpg?from=ke.com
20240321,西城,广安门,101117292958,远见名苑 1室0厅 东,529万,109638元/平,低楼层 (共24层) | 2004年 | 1室0厅 | 48.25平米 | 东,https://ke-image.ljcdn.com/110000-inspection/pc1_29ICT6BE0_1.jpg!m_fill,w_280,h_210,f_jpg?from=ke.com
20240321,西城,广安门,101116986072,广安门外车站西街   南向普通住宅  楼房房主自荐,299万,87274元/平,地下室 (共6层) | 1994年 | 1室0厅 | 34.26平米 | 南,https://ke-image.ljcdn.com/110000-inspection/c3bf0b5d-e687-42a5-9fb9-2be056a7f002_1000.jpg!m_fill,w_280,h_210,f_jpg?from=ke.com
20240321,西城,广安门,101116964556,南北通透低楼层两卧室朝北客厅主卧室朝南,1600万,119752元/平,底层 (共6层) 3室1厅 | 133.61平米 | 南 北,https://ke-image.ljcdn.com/110000-inspection/pc1_0jIcxy02w_1.jpg!m_fill,w_280,h_210,f_jpg?from=ke.com
20240321,西城,广安门,101116931939,西豪逸景07年商品楼南向两居室满五唯一高楼层,1190万,104819元/平,高楼层 (共28层) 2室1厅 | 113.53平米 | 南,https://ke-image.ljcdn.com/110000-inspection/17d22fef-9cfe-4099-bf33-bb3ffb83b45e_1000.jpg!m_fill,w_280,h_210,f_jpg?from=ke.com
20240321,西城,广安门,101116597939,红居南街6号院 2室1厅 南 北房主自荐,550万,95869元/平,顶层 (共6层) | 1986年 | 2室1厅 | 57.37平米 | 南 北,https://ke-image.ljcdn.com/110000-inspection/pc1_scVxu4kqP_1.jpg!m_fill,w_280,h_210,f_jpg?from=ke.com
20240321,西城,广安门,101116312781,朗琴园正规一居室精装修可拎包入住价格可谈,770万,134687元/平,低楼层 (共27层) | 2002年 | 1室1厅 | 57.17平米 | 北,https://ke-image.ljcdn.com/110000-inspection/pc1_rfadtYC5e_1.jpg!m_fill,w_280,h_210,f_jpg?from=ke.com
20240321,西城,广安门,101116300520,西城广外荣丰四期复式 东向 满五唯一 面宽4.2米,655万,173648元/平,高楼层 (共20层) | 2008年 | 2室1厅 | 37.72平米 | 东,https://ke-image.ljcdn.com/110000-inspection/pc1_uClxs35Im_1.jpg!m_fill,w_280,h_210,f_jpg?from=ke.com
20240321,西城,广安门,101116216296,车站西街南北通透低楼层出入便利满五年唯一两居,545万,102811元/平,底层 (共6层) | 1993年 | 2室1厅 | 53.01平米 | 南 北,https://ke-image.ljcdn.com/110000-inspection/pc1_ZX5LruR5F_1.jpg!m_fill,w_280,h_210,f_jpg?from=ke.com
20240321,西城,广安门,101116188407,房子是远见名苑正规一居室中间楼层视野好,640万,114327元/平,高楼层 (共26层) | 2004年 | 1室1厅 | 55.98平米 | 西北,https://ke-image.ljcdn.com/110000-inspection/pc1_DAUxGMWZw_1.jpg!m_fill,w_280,h_210,f_jpg?from=ke.com
20240321,西城,广安门,101116176421,西城 广安门 车站西街 南北通透 两居室,630万,93141元/平,高楼层 (共6层) | 1990年 | 2室1厅 | 67.64平米 | 南 北,https://ke-image.ljcdn.com/110000-inspection/pc1_JiTILEKYX_1.jpg!m_fill,w_280,h_210,f_jpg?from=ke.com
20240321,西城,广安门,101116116632,南北通透三居室满五年房改房格局方正,739万,97417元/平,顶层 (共6层) 3室1厅 | 75.86平米 | 南 北,https://ke-image.ljcdn.com/110000-inspection/pc1_mWyM8re0J_1.jpg!m_fill,w_280,h_210,f_jpg?from=ke.com
20240321,西城,广安门,101115962941,朗琴园  全明格局  北向一居室  满五年唯一,569万,109571元/平,中楼层 (共29层) | 2004年 | 1室0厅 | 51.93平米 | 北,https://ke-image.ljcdn.com/110000-inspection/pc1_JKS4tCmFC_1.jpg!m_fill,w_280,h_210,f_jpg?from=ke.com
20240321,西城,广安门,101115788060,远见名苑 1室0厅 西,539万,93334元/平,中楼层 (共24层) | 2004年 | 1室0厅 | 57.75平米 | 西,https://ke-image.ljcdn.com/110000-inspection/a2df8691-0bf6-4124-a233-3974f169a116_1000.jpg!m_fill,w_280,h_210,f_jpg?from=ke.com
20240321,西城,广安门,101115701902,西城区广安门外小红庙南北通透明厨明卫两居室,606万,99443元/平,顶层 (共6层) | 1983年 | 2室1厅 | 60.94平米 | 南 北,https://ke-image.ljcdn.com/110000-inspection/pc1_ZpOeNm007_1.jpg!m_fill,w_280,h_210,f_jpg?from=ke.com
20240321,西城,广安门,101115675888,西城区 恒昌花园 东向大复式 精装修 诚心出售,1999万,86433元/平,低楼层 (共28层) | 1999年 | 4室2厅 | 231.28平米 | 东,https://ke-image.ljcdn.com/110000-inspection/pc1_pJqeCcbOe_1.jpg!m_fill,w_280,h_210,f_jpg?from=ke.com
20240321,西城,广安门,101115010418,荣丰三期07年楼龄新西向复式采光好,660万,176424元/平,中楼层 (共16层) | 2007年 | 1室1厅 | 37.41平米 | 西,https://ke-image.ljcdn.com/110000-inspection/25c55e31-c1d7-425a-9eeb-609e9853abbf_1000.jpg!m_fill,w_280,h_210,f_jpg?from=ke.com
20240321,西城,广安门,101114993386,恒昌花园朝西两居室 复式 无遮挡 视野好 满五年唯一,988万,88404元/平,高楼层 (共28层) | 1999年 | 2室2厅 | 111.76平米 | 西,https://ke-image.ljcdn.com/110000-inspection/a9a77de1-3f17-4a1b-b299-40aefd0c2724_1000.jpg!m_fill,w_280,h_210,f_jpg?from=ke.com
20240321,西城,广安门,101114982353,挑高3.15米精装修临河楼层高视野好,1030万,114509元/平,高楼层 (共24层) | 2009年 | 2室1厅 | 89.95平米 | 东北,https://ke-image.ljcdn.com/110000-inspection/prod-6c87c86f-dbbc-4e59-9976-c5e437e37c0b.jpg!m_fill,w_280,h_210,f_jpg?from=ke.com
20240321,西城,广安门,101114920804,广华轩三居室西南朝向视野采光好,1260万,91637元/平,低楼层 (共24层) | 2000年 | 3室2厅 | 137.5平米 | 西南,https://ke-image.ljcdn.com/110000-inspection/pc1_xXpXRe6Yw_1.jpg!m_fill,w_280,h_210,f_jpg?from=ke.com
20240321,西城,广安门,101114693910,此房子满五年唯一西向对着河边楼层高视野好！,1128万,100931元/平,中楼层 (共28层) | 1999年 | 2室2厅 | 111.76平米 | 西,https://ke-image.ljcdn.com/110000-inspection/pc1_f9T7rLmxm_1.jpg!m_fill,w_280,h_210,f_jpg?from=ke.com
20240321,西城,广安门,101114686202,玺源台小区南北通透2居室、满五年、唯一、诚意出售,1250万,138351元/平,中楼层 (共27层) | 2013年 | 2室1厅 | 90.35平米 | 南 北,https://ke-image.ljcdn.com/110000-inspection/pc1_TxUjNyIXH.jpg!m_fill,w_280,h_210,f_jpg?from=ke.com
20240321,西城,广安门,101114435685,朗琴园西城手帕口南街1号9号楼。,550万,114943元/平,低楼层 (共29层) | 2006年 | 1室0厅 | 47.85平米 | 西南,https://ke-image.ljcdn.com/110000-inspection/77ce1c22-06d1-4a1b-97e7-94e6e72f35e6_1000.jpg!m_fill,w_280,h_210,f_jpg?from=ke.com
20240321,西城,广安门,101114320518,广安门车站西街17号院 东西两居 满五年唯一,500万,86356元/平,高楼层 (共6层) | 1985年 | 2室1厅 | 57.9平米 | 东 西,https://ke-image.ljcdn.com/110000-inspection/pc1_VRyS85Jbx_1.jpg!m_fill,w_280,h_210,f_jpg?from=ke.com
20240321,西城,广安门,101113957467,广华轩 三居室 业主诚意售房 欢迎带看,1320万,91623元/平,低楼层 (共24层) 3室1厅 | 144.07平米 | 东 南 西,https://ke-image.ljcdn.com/110000-inspection/b16b3b4e-dc29-4741-aabe-87105dc8adc9_1000.jpg!m_fill,w_280,h_210,f_jpg?from=ke.com
20240321,西城,广安门,101113348991,西城 恒昌花园 商品房 出小区就是莲花河漫步公园,1300万,81643元/平,低楼层 (共28层) | 1999年 | 3室1厅 | 159.23平米 | 西,https://ke-image.ljcdn.com/110000-inspection/pc1_mOBIYQh0x_1.jpg!m_fill,w_280,h_210,f_jpg?from=ke.com
20240321,西城,广安门,101113086360,莲花池南里 无遮挡 采光好 六里桥东 莲花池公园,248万,54291元/平,顶层 (共5层) | 1985年 | 1室1厅 | 45.68平米 | 东南,https://ke-image.ljcdn.com/110000-inspection/pc1_fmFKKThd6.jpg!m_fill,w_280,h_210,f_jpg?from=ke.com
20240321,西城,广安门,101123517588,广华轩 3室1厅 西南新上,1010万,92874元/平,高楼层 (共24层) | 2000年 | 3室1厅 | 108.75平米 | 西南,https://ke-image.ljcdn.com/110000-inspection/pc1_uhi52fjvQ_1.jpg!m_fill,w_280,h_210,f_jpg?from=ke.com
20240321,西城,广安门,101123489433,带电梯 南北通透 业主诚心出售 停车方便新上,599万,97067元/平,底层 (共6层) 2室1厅 | 61.71平米 | 南 北,https://ke-image.ljcdn.com/110000-inspection/8f86f026-9fdf-470f-81fe-916fe39ceea2_1000.jpg!m_fill,w_280,h_210,f_jpg?from=ke.com
20240321,西城,广安门,101123481762,荣丰2008南向户型方正中高楼层视野采光好新上,325万,128004元/平,中楼层 (共26层) 1室1厅 | 25.39平米 | 南,https://ke-image.ljcdn.com/110000-inspection/pc1_SAj7Lbdeu_1.jpg!m_fill,w_280,h_210,f_jpg?from=ke.com
20240321,西城,广安门,101123469895,红居街10号院 3室1厅 东北新上,1150万,113963元/平,高楼层 (共18层) | 1998年 | 3室1厅 | 100.91平米 | 东北,https://ke-image.ljcdn.com/110000-inspection/pc1_Bt9l3Af1c_1.jpg!m_fill,w_280,h_210,f_jpg?from=ke.com
20240321,西城,广安门,101123468527,红山世家 满五年唯一 南北通透 格局方正 采光充足新上,1181万,126826元/平,低楼层 (共25层) 2室2厅 | 93.12平米 | 南 北,https://ke-image.ljcdn.com/110000-inspection/16a73959-0c9e-4065-a924-c3f32bdf8f17_1000.jpg!m_fill,w_280,h_210,f_jpg?from=ke.com
20240321,西城,广安门,101123466225,荣丰2008 户型方正开间 格局设计合理新上,285万,132374元/平,低楼层 (共20层) | 2004年 | 1室0厅 | 21.53平米 | 北,https://ke-image.ljcdn.com/110000-inspection/pc1_bOTsR4vEm_1.jpg!m_fill,w_280,h_210,f_jpg?from=ke.com
20240321,西城,广安门,101123462883,西城广安门外、广安小区、大三居、不临街采光好顶新上,1199万,82948元/平,高楼层 (共7层) | 1996年 | 3室2厅 | 144.55平米 | 西南,https://ke-image.ljcdn.com/110000-inspection/pc1_RhHbO8HiS_1.jpg!m_fill,w_280,h_210,f_jpg?from=ke.com
20240321,西城,广安门,101123416273,商品房 满五年唯一 低层 南北通透 看房有钥匙新上,580万,104921元/平,低楼层 (共6层) 2室1厅 | 55.28平米 | 南 北,https://ke-image.ljcdn.com/110000-inspection/pc1_EBArnGZvG_1.jpg!m_fill,w_280,h_210,f_jpg?from=ke.com
20240321,西城,广安门,101123409415,带电梯 南向正规一居室 采光好 停车方便新上,433万,102729元/平,顶层 (共6层) 1室1厅 | 42.15平米 | 南,https://ke-image.ljcdn.com/110000-inspection/pc1_K99AvdCG1_1.jpg!m_fill,w_280,h_210,f_jpg?from=ke.com
20240321,西城,广安门,101123401645,荣丰2008一期开间南向方正户型诚心出售新上,318万,132833元/平,高楼层 (共26层) | 2006年 | 1室0厅 | 23.94平米 | 南,https://ke-image.ljcdn.com/110000-inspection/pc1_ROgjMZfdb_1.jpg!m_fill,w_280,h_210,f_jpg?from=ke.com
20240321,西城,广安门,101123398462,位置安静低楼层出入方便物业管理好新上,688万,99394元/平,底层 (共21层) | 2003年 | 1室1厅 | 69.22平米 | 西北,https://ke-image.ljcdn.com/110000-inspection/pc1_2eB3hYVYB.jpg!m_fill,w_280,h_210,f_jpg?from=ke.com
20240321,西城,广安门,101123389561,朗琴园商品房社区东西通透双卫两居出售精装修新上,1380万,125535元/平,低楼层 (共16层) | 2003年 | 2室1厅 | 109.93平米 | 东 西,https://ke-image.ljcdn.com/110000-inspection/pc1_vDOlxQDhG_1.jpg!m_fill,w_280,h_210,f_jpg?from=ke.com
20240321,西城,广安门,101123388743,远见国际公寓 满五年 西向 精装修 复式大三居新上,1350万,139377元/平,顶层 (共26层) | 2010年 | 3室1厅 | 96.86平米 | 西 北,https://ke-image.ljcdn.com/110000-inspection/pc1_2jgjPCOeA_1.jpg!m_fill,w_280,h_210,f_jpg?from=ke.com
20240321,西城,广安门,101123381984,荣丰2008 1室1厅 南新上,390万,147560元/平,高楼层 (共20层) | 2004年 | 1室1厅 | 26.43平米 | 南,https://ke-image.ljcdn.com/110000-inspection/b1c6e4dd-d792-47de-8161-adbe33d61638_1000.jpg!m_fill,w_280,h_210,f_jpg?from=ke.com
20240321,西城,广安门,101123382002,玺源台二期精装一居 高楼层 楼龄新小区好购价高仅契税新上,815万,130777元/平,高楼层 (共15层) 1室1厅 | 62.32平米 | 西,https://ke-image.ljcdn.com/110000-inspection/pc1_MGn78HBUC.jpg!m_fill,w_280,h_210,f_jpg?from=ke.com
20240321,西城,广安门,101123378879,荣丰2008 南向 业主诚意售房新上,449万,127052元/平,低楼层 (共10层) 2室1厅 | 35.34平米 | 南,https://ke-image.ljcdn.com/110000-inspection/pc1_XcQa1YsEj_1.jpg!m_fill,w_280,h_210,f_jpg?from=ke.com
20240321,西城,广安门,101123371489,荣丰2008业主诚心出售高层,325万,121314元/平,高楼层 (共26层) 1室0厅 | 26.79平米 | 西,https://ke-image.ljcdn.com/110000-inspection/pc1_V2GBiOSkH_1.jpg!m_fill,w_280,h_210,f_jpg?from=ke.com
20240321,西城,广安门,101123369766,红居南街  精装修  满五唯一  随时看房新上,479万,83581元/平,高楼层 (共6层) | 1992年 | 2室1厅 | 57.31平米 | 东,https://ke-image.ljcdn.com/110000-inspection/pc1_Rh9vm2fNC_1.jpg!m_fill,w_280,h_210,f_jpg?from=ke.com
20240321,西城,广安门,101123365764,西城荣丰小区三期复式 近地铁 挑高5.2米 满五年,636万,160404元/平,高楼层 (共16层) | 2007年 | 1室1厅 | 39.65平米 | 南,https://ke-image.ljcdn.com/110000-inspection/pc1_oAUpoazvS_1.jpg!m_fill,w_280,h_210,f_jpg?from=ke.com
20240321,西城,广安门,101123347406,小红庙 3室1厅 南 北,710万,102974元/平,中楼层 (共6层) 3室1厅 | 68.95平米 | 南 北,https://ke-image.ljcdn.com/110000-inspection/pc1_EXhRw4nY2_1.jpg!m_fill,w_280,h_210,f_jpg?from=ke.com
20240321,西城,广安门,101123337702,红居南街6号院 3室1厅 东 南 北,680万,87618元/平,底层 (共6层) | 1986年 | 3室1厅 | 77.61平米 | 东 南 北,https://ke-image.ljcdn.com/110000-inspection/pc1_OcZPxwJNq_1.jpg!m_fill,w_280,h_210,f_jpg?from=ke.com
20240321,西城,广安门,101123332119,朗琴园 2室1厅 西,1180万,121562元/平,高楼层 (共27层) | 2002年 | 2室1厅 | 97.07平米 | 西,https://ke-image.ljcdn.com/110000-inspection/pc1_x8MTvnr1m_1.jpg!m_fill,w_280,h_210,f_jpg?from=ke.com
20240321,西城,广安门,101123307967,西豪逸景 2室1厅 东北,936万,101464元/平,中楼层 (共28层) 2室1厅 | 92.25平米 | 东北,https://ke-image.ljcdn.com/110000-inspection/pc1_BWRiTiBYJ_1.jpg!m_fill,w_280,h_210,f_jpg?from=ke.com
20240321,西城,广安门,101123296642,朗琴园 3室2厅 南 北房主自荐,1950万,128391元/平,低楼层 (共29层) | 2006年 | 3室2厅 | 151.88平米 | 南 北,https://ke-image.ljcdn.com/110000-inspection/pc1_gd8seEkwi_1.jpg!m_fill,w_280,h_210,f_jpg?from=ke.com
20240321,西城,广安门,101123296553,西城区  荣丰二期复式   挑高4.8米 诚意出售,415万,116020元/平,中楼层 (共10层) | 2005年 | 1室1厅 | 35.77平米 | 北,https://ke-image.ljcdn.com/110000-inspection/pc1_4nayBg9QL_1.jpg!m_fill,w_280,h_210,f_jpg?from=ke.com
20240321,西城,广安门,101123291211,南向二变三居精装修拎包入住看房方便诚意出售,1149万,111327元/平,底层 (共28层) | 2007年 | 2室1厅 | 103.21平米 | 西南,https://ke-image.ljcdn.com/110000-inspection/pc1_BjexQkNzO.jpg!m_fill,w_280,h_210,f_jpg?from=ke.com
20240321,西城,广安门,101123279878,西豪逸景西南两居室低楼层随时看房,679万,88689元/平,底层 (共28层) | 2002年 | 2室1厅 | 76.56平米 | 西南,https://ke-image.ljcdn.com/110000-inspection/pc1_TChT1yTFj_1.jpg!m_fill,w_280,h_210,f_jpg?from=ke.com
20240321,西城,广安门,101123277022,荣丰三期复式5.2米层高产权清晰诚心出售。房主自荐,445万,147694元/平,高楼层 (共16层) | 2007年 | 1室1厅 | 30.13平米 | 北,https://ke-image.ljcdn.com/110000-inspection/pc1_1D2SyXJZE_1.jpg!m_fill,w_280,h_210,f_jpg?from=ke.com
20240321,西城,广安门,101123265070,远见名苑 2室1厅 西南,850万,108516元/平,中楼层 (共25层) 2室1厅 | 78.33平米 | 西南,https://ke-image.ljcdn.com/110000-inspection/pc1_A2GJ824Sx_1.jpg!m_fill,w_280,h_210,f_jpg?from=ke.com
20240321,西城,广安门,101123255289,莲花池东路24号院 正规一居室 视野好无遮挡,556万,99428元/平,中楼层 (共24层) 1室1厅 | 55.92平米 | 东,https://ke-image.ljcdn.com/110000-inspection/pc1_0OFSJHU0v_1.jpg!m_fill,w_280,h_210,f_jpg?from=ke.com
20240321,西城,广安门,101123222765,远见国际公寓 满五年 东向精装修 正规一居 房龄新,528万,78061元/平,高楼层 (共26层) | 2010年 | 1室1厅 | 67.64平米 | 东,https://ke-image.ljcdn.com/110000-inspection/pc1_SpU3sbzzm_1.jpg!m_fill,w_280,h_210,f_jpg?from=ke.com
20240321,西城,广安门,101123217552,远见国际公寓 1室0厅 东,480万,98381元/平,高楼层 (共26层) | 2010年 | 1室0厅 | 48.79平米 | 东,https://ke-image.ljcdn.com/110000-inspection/pc1_CkDjQ3630_1.jpg!m_fill,w_280,h_210,f_jpg?from=ke.com
20240321,西城,广安门,101123216296,荣丰三期挑高5.2米自住精装拎包入住,568万,145306元/平,高楼层 (共16层) | 2007年 | 2室1厅 | 39.09平米 | 西,https://ke-image.ljcdn.com/110000-inspection/05cf3769-bce0-4dc1-8d1b-6d06d4dc48a8_1000.jpg!m_fill,w_280,h_210,f_jpg?from=ke.com
20240321,西城,广安门,101123211724,远见国际公寓下楼两条地铁线西侧莲花河交通方便,550万,81313元/平,中楼层 (共26层) | 2010年 | 1室1厅 | 67.64平米 | 东,https://ke-image.ljcdn.com/110000-inspection/a6bd4b86-3106-42ec-b5ae-6624bf4fb7c3_1000.jpg!m_fill,w_280,h_210,f_jpg?from=ke.com
20240321,西城,广安门,101123202925,此房是正规的一室一厅满五年唯一的商品房仅有契税房主自荐,588万,107182元/平,低楼层 (共26层) | 2004年 | 1室1厅 | 54.86平米 | 北,https://ke-image.ljcdn.com/110000-inspection/pc1_T7wKtTnO9_1.jpg!m_fill,w_280,h_210,f_jpg?from=ke.com
20240321,西城,广安门,101123189505,朗琴园 1室1厅 北,685万,119505元/平,低楼层 (共29层) | 2002年 | 1室1厅 | 57.32平米 | 北,https://ke-image.ljcdn.com/110000-inspection/pc1_CgvAbAwOb_1.jpg!m_fill,w_280,h_210,f_jpg?from=ke.com
20240321,西城,广安门,101123177720,红山世家南北通透的正规两居装修好楼层好,1199万,128759元/平,低楼层 (共25层) 2室1厅 | 93.12平米 | 南 北,https://ke-image.ljcdn.com/110000-inspection/pc1_bhPWnSHN5.jpg!m_fill,w_280,h_210,f_jpg?from=ke.com
20240321,西城,广安门,101123169814,广安门车站西街13号院满五唯一全明格局配套完善,545万,95330元/平,顶层 (共6层) 2室1厅 | 57.17平米 | 东 南 北,https://ke-image.ljcdn.com/110000-inspection/pc1_tJysV2rT9_1.jpg!m_fill,w_280,h_210,f_jpg?from=ke.com
20240321,西城,广安门,101123166569,车站西街15号院婚房装修无遮通透两居室,520万,91630元/平,高楼层 (共6层) 2室1厅 | 56.75平米 | 东 西,https://ke-image.ljcdn.com/110000-inspection/pc1_2oH1JWdkG_1.jpg!m_fill,w_280,h_210,f_jpg?from=ke.com
20240321,西城,广安门,101123162392,西豪逸景布局合理业主诚意出售7/16双线地铁,608万,101503元/平,底层 (共28层) | 2010年 | 1室1厅 | 59.9平米 | 东,https://ke-image.ljcdn.com/110000-inspection/pc1_N72QPCOwv.jpg!m_fill,w_280,h_210,f_jpg?from=ke.com
20240321,西城,广安门,101123149526,西豪逸景 2室1厅 西南,729万,90955元/平,高楼层 (共28层) 2室1厅 | 80.15平米 | 西南,https://ke-image.ljcdn.com/110000-inspection/pc1_2zXwGTHLM_1.jpg!m_fill,w_280,h_210,f_jpg?from=ke.com
20240321,西城,广安门,101123146527,高楼层视野好面积大的一居室租金好,420万,88032元/平,高楼层 (共26层) 1室0厅 | 47.71平米 | 北,https://ke-image.ljcdn.com/110000-inspection/pc1_TTAZgipjg_1.jpg!m_fill,w_280,h_210,f_jpg?from=ke.com
20240321,西城,广安门,101123144367,红山世家东南复式三居业主诚心出售,1700万,140647元/平,顶层 (共25层) 3室1厅 | 120.87平米 | 东南,https://ke-image.ljcdn.com/110000-inspection/pc1_Tek5RcMi4.jpg!m_fill,w_280,h_210,f_jpg?from=ke.com
20240321,西城,广安门,101123144244,红居南街6号院朝南户型   业主诚心出售,378万,91659元/平,高楼层 (共6层) | 1986年 | 1室0厅 | 41.24平米 | 南,https://ke-image.ljcdn.com/110000-inspection/pc1_Pmnh3pSiW_1.jpg!m_fill,w_280,h_210,f_jpg?from=ke.com
20240321,西城,广安门,101123106825,西城区  荣丰2008小区  二期复式  满五唯一,449万,127630元/平,高楼层 (共10层) | 2005年 | 1室1厅 | 35.18平米 | 东南,https://ke-image.ljcdn.com/110000-inspection/22ed7948-053c-4c88-9c06-02533b0d57e5_1000.jpg!m_fill,w_280,h_210,f_jpg?from=ke.com
20240321,西城,广安门,101123103400,地铁9号线六里桥东站 挨着公园 电力医院 满五唯一,288万,53433元/平,顶层 (共6层) 2室1厅 | 53.9平米 | 南,https://ke-image.ljcdn.com/110000-inspection/pc1_ryFB4Ojrw.jpg!m_fill,w_280,h_210,f_jpg?from=ke.com
20240321,西城,广安门,101123095770,荣丰三期复式 层高5.2米 视野开阔 精装修拎包入住,579万,151969元/平,中楼层 (共16层) | 2007年 | 1室1厅 | 38.1平米 | 东,https://ke-image.ljcdn.com/110000-inspection/pc1_ZRYVAxjkV_1.jpg!m_fill,w_280,h_210,f_jpg?from=ke.com
20240321,西城,广安门,101123088604,小红庙 低楼层 南北通透 两居室 精装修 近地铁,550万,108868元/平,底层 (共6层) | 1983年 | 2室1厅 | 50.52平米 | 南 北,https://ke-image.ljcdn.com/110000-inspection/pc1_bRHJuNLt2_1.jpg!m_fill,w_280,h_210,f_jpg?from=ke.com
20240321,西城,广安门,101123085025,西南朝向采光好安静不临街中间楼层精装诚售房主自荐,1568万,125934元/平,中楼层 (共26层) | 2009年 | 3室1厅 | 124.51平米 | 西南,https://ke-image.ljcdn.com/110000-inspection/pc1_GyBxf7EQK.jpg!m_fill,w_280,h_210,f_jpg?from=ke.com
20240321,西城,广安门,101123044947,荣丰2008 1室1厅 北,400万,140995元/平,高楼层 (共20层) | 2004年 | 1室1厅 | 28.37平米 | 北,https://ke-image.ljcdn.com/110000-inspection/pc1_hFGOxRoLF_1.jpg!m_fill,w_280,h_210,f_jpg?from=ke.com
20240321,西城,广安门,101123037373,广华轩 正规三居室 双卫 18年精装修,1200万,94772元/平,高楼层 (共24层) | 2000年 | 3室1厅 | 126.62平米 | 东 南 北,https://ke-image.ljcdn.com/110000-inspection/pc1_1nIIsEKQr_1.jpg!m_fill,w_280,h_210,f_jpg?from=ke.com
20240321,西城,广安门,101123028534,荣丰2008 1室0厅 南,326万,126113元/平,低楼层 (共20层) | 2004年 | 1室0厅 | 25.85平米 | 南,https://ke-image.ljcdn.com/110000-inspection/pc1_bgPa1sxtc.jpg!m_fill,w_280,h_210,f_jpg?from=ke.com
20240321,西城,广安门,101123027849,西城区 玺源台 次新小区 2013年建成 品牌物业 诚售,800万,128370元/平,中楼层 (共15层) 2室1厅 | 62.32平米 | 西,https://ke-image.ljcdn.com/110000-inspection/pc1_hmarvBolp.jpg!m_fill,w_280,h_210,f_jpg?from=ke.com
20240321,西城,广安门,101123025834,恒昌花园 4室2厅 西北,1560万,70752元/平,中楼层 (共28层) | 1999年 | 4室2厅 | 220.49平米 | 西北,https://ke-image.ljcdn.com/110000-inspection/pc1_I7k7OZtDR_1.jpg!m_fill,w_280,h_210,f_jpg?from=ke.com
20240321,西城,广安门,101123024522,远见名苑  7号楼  两梯四户  得房率85.2%房主自荐,1330万,114036元/平,高楼层 (共10层) | 2007年 | 3室1厅 | 116.63平米 | 东南 北,https://ke-image.ljcdn.com/110000-inspection/pc1_lG3VSgxBA.jpg!m_fill,w_280,h_210,f_jpg?from=ke.com
20240321,西城,广安门,101123009002,西豪逸景 东北向两居室 全明格局房主自荐,715万,96453元/平,低楼层 (共28层) | 2002年 | 2室1厅 | 74.13平米 | 东北,https://ke-image.ljcdn.com/110000-inspection/pc1_CJaAXKNA7.jpg!m_fill,w_280,h_210,f_jpg?from=ke.com
20240321,西城,广安门,101122993968,西城广安门 朗琴园 全明格局两居室 满五唯一,998万,134611元/平,高楼层 (共29层) | 2006年 | 2室1厅 | 74.14平米 | 西北,https://ke-image.ljcdn.com/110000-inspection/pc1_zKkpzPejY_1.jpg!m_fill,w_280,h_210,f_jpg?from=ke.com
20240321,西城,广安门,101122975386,朗琴园 正规一居室 三期视野正对小区花园 满五年唯一,706万,119946元/平,中楼层 (共29层) | 2004年 | 1室1厅 | 58.86平米 | 北,https://ke-image.ljcdn.com/110000-inspection/pc1_bkrA1BV8U_1.jpg!m_fill,w_280,h_210,f_jpg?from=ke.com
20240321,西城,广安门,101122971604,店长推荐玺源台东向小两居交通便利正对小区花园,780万,123204元/平,中楼层 (共12层) 2室1厅 | 63.31平米 | 东,https://ke-image.ljcdn.com/110000-inspection/pc1_7hVxp6Yw5.jpg!m_fill,w_280,h_210,f_jpg?from=ke.com
20240321,西城,广安门,101122970780,车站西街17号院 2室1厅 南 北,545万,97969元/平,中楼层 (共6层) | 1992年 | 2室1厅 | 55.63平米 | 南 北,https://ke-image.ljcdn.com/110000-inspection/pc1_P2AdzBWbN_1.jpg!m_fill,w_280,h_210,f_jpg?from=ke.com
20240321,西城,广安门,101122968726,车站西街1号院 1室1厅 南,550万,81663元/平,低楼层 (共8层) | 2006年 | 1室1厅 | 67.35平米 | 南,https://ke-image.ljcdn.com/110000-inspection/pc1_ZEJT2JjVn_1.jpg!m_fill,w_280,h_210,f_jpg?from=ke.com
20240321,西城,广安门,101122963680,荣丰二期西南  采光好  业主诚心出售,430万,122473元/平,中楼层 (共10层) 1室1厅 | 35.11平米 | 西南,https://ke-image.ljcdn.com/110000-inspection/pc1_axx2Bo0gY_1.jpg!m_fill,w_280,h_210,f_jpg?from=ke.com
20240321,西城,广安门,101122958329,西城区两居室南向采光好户型方正不临街安静。房主自荐,629万,123117元/平,高楼层 (共10层) | 2005年 | 2室1厅 | 51.09平米 | 南,https://ke-image.ljcdn.com/110000-inspection/pc1_vOwSXPY6B_1.jpg!m_fill,w_280,h_210,f_jpg?from=ke.com
20240321,西城,广安门,101122955932,小红庙全南两居室  南向无遮挡  业主诚售,499万,94419元/平,中楼层 (共6层) 2室1厅 | 52.85平米 | 南,https://ke-image.ljcdn.com/110000-inspection/56652067-2f2a-45f7-ac26-fca1847a1711_1000.jpg!m_fill,w_280,h_210,f_jpg?from=ke.com
20240321,西城,广安门,101122940239,西城广安门外马连道丽水莲花精装东向一居 视野好,799万,111984元/平,高楼层 (共24层) 1室1厅 | 71.35平米 | 东,https://ke-image.ljcdn.com/110000-inspection/pc1_6VHFktJKR.jpg!m_fill,w_280,h_210,f_jpg?from=ke.com
20240321,西城,广安门,101122931187,【聚焦好房】莲花池东路24号院 南北二居  诚心出售,1100万,114441元/平,中楼层 (共6层) | 1999年 | 2室1厅 | 96.12平米 | 南 北,https://ke-image.ljcdn.com/110000-inspection/pc1_XAj4Ga6oK.jpg!m_fill,w_280,h_210,f_jpg?from=ke.com
20240321,西城,广安门,101122906624,此房满五唯一高楼层视野开阔采光充足诚心出售,470万,155270元/平,顶层 (共16层) | 2007年 | 1室1厅 | 30.27平米 | 北,https://ke-image.ljcdn.com/110000-inspection/pc1_C4OK6RY5g_1.jpg!m_fill,w_280,h_210,f_jpg?from=ke.com
20240321,西城,广安门,101122881397,荣丰二期东南复式 次顶层采光好,445万,131308元/平,高楼层 (共20层) 1室1厅 | 33.89平米 | 东南,https://ke-image.ljcdn.com/110000-inspection/pc1_3Kphpbcsn_1.jpg!m_fill,w_280,h_210,f_jpg?from=ke.com
20240321,西城,广安门,101122839267,小马厂西里电梯房两居室南向采光好。,586万,101244元/平,中楼层 (共12层) 2室1厅 | 57.88平米 | 南,https://ke-image.ljcdn.com/110000-inspection/pc1_4xcpZzHXo_1.jpg!m_fill,w_280,h_210,f_jpg?from=ke.com
20240321,西城,广安门,101122825825,车站西街15号院 2室1厅 南 北,560万,74917元/平,地下室 (共6层) | 1990年 | 2室1厅 | 74.75平米 | 南 北,https://ke-image.ljcdn.com/110000-inspection/pc1_e02bVIVHR_1.jpg!m_fill,w_280,h_210,f_jpg?from=ke.com
20240321,西城,广安门,101122813505,小红庙 2室1厅 东南房主自荐,550万,110243元/平,底层 (共6层) | 1986年 | 2室1厅 | 49.89平米 | 东南,https://ke-image.ljcdn.com/110000-inspection/cf859d87-9371-4067-a637-bde44b9f8f31_1000.jpg!m_fill,w_280,h_210,f_jpg?from=ke.com
20240321,西城,广安门,101122811767,红居南街6号院 2室1厅 南 北房主自荐,450万,78439元/平,顶层 (共6层) | 1986年 | 2室1厅 | 57.37平米 | 南 北,https://ke-image.ljcdn.com/110000-inspection/pc1_lLLNG490G_1.jpg!m_fill,w_280,h_210,f_jpg?from=ke.com
20240321,西城,广安门,101122805939,荣丰2008 2室1厅 东,585万,160450元/平,顶层 (共16层) | 2007年 | 2室1厅 | 36.46平米 | 东,https://ke-image.ljcdn.com/110000-inspection/ef2c4dbf-50f8-49ee-8a86-06b12b68d567_1000.jpg!m_fill,w_280,h_210,f_jpg?from=ke.com
20240321,西城,广安门,101122769797,荣丰二期南向复式  满五唯一  精装修  采光足交通便利,415万,129324元/平,顶层 (共20层) | 2004年 | 1室1厅 | 32.09平米 | 南,https://ke-image.ljcdn.com/110000-inspection/fbae3675-0faa-4c28-b78c-5fb9ab3b7dfb_1000.jpg!m_fill,w_280,h_210,f_jpg?from=ke.com
20240321,西城,广安门,101122767437,西城  广外  车站西街17号院东向两居  诚心出售！,535万,92401元/平,中楼层 (共6层) | 1985年 | 2室1厅 | 57.9平米 | 东,https://ke-image.ljcdn.com/110000-inspection/39992186-8659-412c-8b0d-f9ac4d01c07d_1000.jpg!m_fill,w_280,h_210,f_jpg?from=ke.com
20240321,西城,广安门,101122747500,西城  广外  南向正规一居  采光视野无遮挡！房主自荐,409万,99562元/平,底层 (共6层) | 1992年 | 1室1厅 | 41.08平米 | 南,https://ke-image.ljcdn.com/110000-inspection/pc1_GAlzfyosC_1.jpg!m_fill,w_280,h_210,f_jpg?from=ke.com
20240321,西城,广安门,101122740546,满五年唯一 东南三居室 业主诚心出售,765万,88083元/平,顶层 (共6层) 3室1厅 | 86.85平米 | 东南,https://ke-image.ljcdn.com/110000-inspection/pc1_VvqE9wORJ_1.jpg!m_fill,w_280,h_210,f_jpg?from=ke.com
20240321,西城,广安门,101122739355,远见名苑 3室1厅 西北,1280万,120313元/平,高楼层 (共26层) | 2004年 | 3室1厅 | 106.39平米 | 西北,https://ke-image.ljcdn.com/110000-inspection/pc1_MVs3wXc4p_1.jpg!m_fill,w_280,h_210,f_jpg?from=ke.com
20240321,西城,广安门,101122714960,荣丰2008 二期西南向复式  满五,520万,153438元/平,中楼层 (共20层) | 2004年 | 1室1厅 | 33.89平米 | 西南,https://ke-image.ljcdn.com/110000-inspection/pc1_XRxx1nOmk_1.jpg!m_fill,w_280,h_210,f_jpg?from=ke.com
20240321,西城,广安门,101122710269,荣丰2008 3室2厅 北,858万,143335元/平,中楼层 (共20层) 3室2厅 | 59.86平米 | 北,https://ke-image.ljcdn.com/110000-inspection/pc1_XdzH6MeRU_1.jpg!m_fill,w_280,h_210,f_jpg?from=ke.com
20240321,西城,广安门,101122703071,满五年  视野开阔  诚意出售  看房方便,510万,79477元/平,低楼层 (共24层) | 2004年 | 1室1厅 | 64.17平米 | 西,https://ke-image.ljcdn.com/110000-inspection/pc1_ub2EsCzvX_1.jpg!m_fill,w_280,h_210,f_jpg?from=ke.com
20240321,西城,广安门,101122699398,红居南街6号院  精装修  满五唯一商品房房主自荐,475万,82796元/平,顶层 (共6层) | 1986年 | 2室1厅 | 57.37平米 | 南 北,https://ke-image.ljcdn.com/110000-inspection/pc1_yVnSxfyUT_1.jpg!m_fill,w_280,h_210,f_jpg?from=ke.com
20240321,西城,广安门,101122675284,红山世家楼栋位置小区中间南北通透前后观花园装修好,1368万,161474元/平,顶层 (共13层) | 2012年 | 4室1厅 | 84.72平米 | 南 北,https://ke-image.ljcdn.com/110000-inspection/pc1_cMUFKgrYx.jpg!m_fill,w_280,h_210,f_jpg?from=ke.com
20240321,西城,广安门,101122674519,西城广安门、小马厂东里、电梯南向一居、精装修,530万,90910元/平,中楼层 (共17层) 1室1厅 | 58.3平米 | 南,https://ke-image.ljcdn.com/110000-inspection/pc1_z7wDsiETY.jpg!m_fill,w_280,h_210,f_jpg?from=ke.com
20240321,西城,广安门,101122664913,荣丰二期西南复式 诚心出售房本只计算单层面积,452万,131015元/平,低楼层 (共10层) | 2005年 | 1室1厅 | 34.5平米 | 西南,https://ke-image.ljcdn.com/110000-inspection/pc1_5YXoIBzTa_1.jpg!m_fill,w_280,h_210,f_jpg?from=ke.com
20240321,西城,广安门,101122613634,西城  地铁7号线   荣丰 南向 原420万 首套可贷294万,460万,144382元/平,中楼层 (共20层) | 2004年 | 1室1厅 | 31.86平米 | 南,https://ke-image.ljcdn.com/110000-inspection/pc1_RPJpHiiF1_1.jpg!m_fill,w_280,h_210,f_jpg?from=ke.com
20240321,西城,广安门,101122610690,荣丰  燃气有阳台落地床  精品房源  对花园,366万,95363元/平,中楼层 (共26层) 1室0厅 | 38.38平米 | 北,https://ke-image.ljcdn.com/110000-inspection/7bc92ce7-06c1-450f-9ace-088898d226f9_1000.jpg!m_fill,w_280,h_210,f_jpg?from=ke.com
20240321,西城,广安门,101122608377,朗琴园一梯两户直达车库东西通透三居室房主自荐,1966万,138014元/平,高楼层 (共16层) | 2003年 | 3室2厅 | 142.45平米 | 东 西,https://ke-image.ljcdn.com/110000-inspection/pc1_JzSwKTMYP_1.jpg!m_fill,w_280,h_210,f_jpg?from=ke.com
20240321,西城,广安门,101122606573,西城区广安门红居南街南北通透精装不临街两居房主自荐,518万,80174元/平,顶层 (共6层) | 1989年 | 2室1厅 | 64.61平米 | 南 北,https://ke-image.ljcdn.com/110000-inspection/pc1_jt1Yg44dk_1.jpg!m_fill,w_280,h_210,f_jpg?from=ke.com
20240321,西城,广安门,101122603838,西城区广安门外大街荣丰2008社区二期复式,405万,127239元/平,顶层 (共10层) | 2005年 | 1室1厅 | 31.83平米 | 东,https://ke-image.ljcdn.com/110000-inspection/pc1_9qzJa7YD6_1.jpg!m_fill,w_280,h_210,f_jpg?from=ke.com
20240321,西城,广安门,101122559801,莲花池小区 南向高层一居室 采光时间充足 近地铁,235万,61519元/平,顶层 (共6层) 1室1厅 | 38.2平米 | 南,https://ke-image.ljcdn.com/110000-inspection/pc1_cWr3h6oZt_1.jpg!m_fill,w_280,h_210,f_jpg?from=ke.com
20240321,西城,广安门,101122558455,广安小区 3室2厅 东 南 西 北,1130万,78174元/平,中楼层 (共7层) | 1996年 | 3室2厅 | 144.55平米 | 东 南 西 北,https://ke-image.ljcdn.com/110000-inspection/pc1_GPEs7hw0p.jpg!m_fill,w_280,h_210,f_jpg?from=ke.com
20240321,西城,广安门,101122556502,荣丰五居室 带产权车位 精装 绿植草坪 独立门 拎包住,2580万,106204元/平,地下室 (共16层) | 2003年 | 5室3厅 | 242.93平米 | 东 北,https://ke-image.ljcdn.com/110000-inspection/pc1_y8QdoXQEZ_1.jpg!m_fill,w_280,h_210,f_jpg?from=ke.com
20240321,西城,广安门,101122521725,玺源台 南北通透两居 精装修 看房方便 诚心出售,1129万,125543元/平,低楼层 (共27层) 2室2厅 | 89.93平米 | 南 北,https://ke-image.ljcdn.com/110000-inspection/pc1_Ghm9DphqL.jpg!m_fill,w_280,h_210,f_jpg?from=ke.com
20240321,西城,广安门,101122518135,荣丰2008精装复式西城温馨居家复式结构使用面积大,549万,144095元/平,高楼层 (共16层) | 2007年 | 1室1厅 | 38.1平米 | 东,https://ke-image.ljcdn.com/110000-inspection/pc1_G3hd9pFFk_1.jpg!m_fill,w_280,h_210,f_jpg?from=ke.com
20240321,西城,广安门,101122483001,荣丰大复式 高楼层视野好 双地铁7/16号线,450万,157069元/平,高楼层 (共12层) | 2005年 | 1室1厅 | 28.65平米 | 北,https://ke-image.ljcdn.com/110000-inspection/pc1_H4CcMAaLR_1.jpg!m_fill,w_280,h_210,f_jpg?from=ke.com
20240321,西城,广安门,101122466291,西城  朗琴园1梯2户 东西通透带大阳台 得房率83.55%,1698万,119133元/平,低楼层 (共16层) | 2003年 | 3室2厅 | 142.53平米 | 东 西,https://ke-image.ljcdn.com/110000-inspection/pc1_Z6etgd1ds_1.jpg!m_fill,w_280,h_210,f_jpg?from=ke.com
20240321,西城,广安门,101122464387,远见国际公寓 满五年唯一 朝南采光好 出行方便,430万,88133元/平,中楼层 (共26层) 1室1厅 | 48.79平米 | 南,https://ke-image.ljcdn.com/110000-inspection/pc1_dSNzfbhur_1.jpg!m_fill,w_280,h_210,f_jpg?from=ke.com
20240321,西城,广安门,101122460889,西城广外远见名苑精装正规一居室。,555万,109728元/平,中楼层 (共25层) 1室1厅 | 50.58平米 | 北,https://ke-image.ljcdn.com/110000-inspection/pc1_xhrQb85rj_1.jpg!m_fill,w_280,h_210,f_jpg?from=ke.com
20240321,西城,广安门,101122453095,朗琴园 大南北通透三居 对花园更正 精装出品房主自荐,2218万,139849元/平,低楼层 (共29层) 3室2厅 | 158.6平米 | 南 北,https://ke-image.ljcdn.com/110000-inspection/pc1_8z3aE0cJp_1.jpg!m_fill,w_280,h_210,f_jpg?from=ke.com
20240321,西城,广安门,101122442447,远见名苑三期 满五年唯一 带燃气两居,760万,96118元/平,高楼层 (共28层) 2室1厅 | 79.07平米 | 东 南 西,https://ke-image.ljcdn.com/110000-inspection/pc1_N8XJdfL7Y_1.jpg!m_fill,w_280,h_210,f_jpg?from=ke.com
20240321,西城,广安门,101122427186,西城广外 南北通透两居 西侧窗 中间层 随时签约房主自荐,543万,99835元/平,中楼层 (共6层) | 1980年 | 2室1厅 | 54.39平米 | 南 北 西,https://ke-image.ljcdn.com/110000-inspection/pc1_f20KOS8jg_1.jpg!m_fill,w_280,h_210,f_jpg?from=ke.com
20240321,西城,广安门,101122410681,荣丰2008二期开间满五唯一诚心出售。,389万,134277元/平,低楼层 (共20层) 1室0厅 | 28.97平米 | 西南,https://ke-image.ljcdn.com/110000-inspection/pc1_hsaV8wnaW_1.jpg!m_fill,w_280,h_210,f_jpg?from=ke.com
20240321,西城,广安门,101122401310,满五唯一 精装修 已做两居 有车位 河景房 视野好,688万,101881元/平,中楼层 (共26层) | 2010年 | 1室1厅 | 67.53平米 | 南,https://ke-image.ljcdn.com/110000-inspection/pc1_BTsaFmQEY_1.jpg!m_fill,w_280,h_210,f_jpg?from=ke.com
20240321,西城,广安门,101122400292,荣丰二期南向复式 采光充足  视野开阔 满五唯一,425万,130931元/平,顶层 (共20层) | 2004年 | 1室1厅 | 32.46平米 | 南,https://ke-image.ljcdn.com/110000-inspection/pc1_ojxARmHry_1.jpg!m_fill,w_280,h_210,f_jpg?from=ke.com
20240321,西城,广安门,101122396061,荣丰2008满五年没有增值税高楼层 南向楼下花园不临街,370万,145612元/平,中楼层 (共26层) 1室1厅 | 25.41平米 | 南,https://ke-image.ljcdn.com/110000-inspection/pc1_h7bRBbYm5_1.jpg!m_fill,w_280,h_210,f_jpg?from=ke.com
20240321,西城,广安门,101122393146,手帕口南街1996年央产房正规三居室小区环境好,775万,84681元/平,顶层 (共6层) | 1996年 | 3室1厅 | 91.52平米 | 东南,https://ke-image.ljcdn.com/110000-inspection/4cb0e21a-60a9-4221-888d-5be2b8442124_1000.jpg!m_fill,w_280,h_210,f_jpg?from=ke.com
20240321,西城,广安门,101122391689,朗琴园 满五年唯一 无抵押 正规一居 随时签约,709万,124017元/平,中楼层 (共27层) | 2002年 | 1室1厅 | 57.17平米 | 北,https://ke-image.ljcdn.com/110000-inspection/pc1_zkvBZLrsZ_1.jpg!m_fill,w_280,h_210,f_jpg?from=ke.com
20240321,西城,广安门,101122389431,西城 荣丰 近地铁7号线和16号线 诚心出售 随时签约,530万,152475元/平,中楼层 (共16层) | 2007年 | 2室1厅 | 34.76平米 | 东,https://ke-image.ljcdn.com/110000-inspection/pc1_e6gdcFa0J_1.jpg!m_fill,w_280,h_210,f_jpg?from=ke.com
20240321,西城,广安门,101122384379,手帕口北街 2室1厅 南,560万,100072元/平,底层 (共6层) 2室1厅 | 55.96平米 | 南,https://ke-image.ljcdn.com/110000-inspection/pc1_6TxHghU96_1.jpg!m_fill,w_280,h_210,f_jpg?from=ke.com
20240321,西城,广安门,101122377207,燃气复式层高5.2米已经更换新电梯,918万,153358元/平,中楼层 (共20层) | 2008年 | 3室1厅 | 59.86平米 | 东北,https://ke-image.ljcdn.com/110000-inspection/pc1_p3sK1etKq_1.jpg!m_fill,w_280,h_210,f_jpg?from=ke.com
20240321,西城,广安门,101122366605,此房费用低高楼层视野开阔精装修房主自荐,1350万,85260元/平,高楼层 (共21层) | 1998年 | 3室2厅 | 158.34平米 | 东北,https://ke-image.ljcdn.com/110000-inspection/f6db41df-28ab-4f3d-bde2-be61f3696393_1000.jpg!m_fill,w_280,h_210,f_jpg?from=ke.com
20240321,西城,广安门,101122337341,远见名苑 满五年唯一业主诚心出售房主自荐,455万,79476元/平,顶层 (共24层) | 2004年 | 1室0厅 | 57.25平米 | 西,https://ke-image.ljcdn.com/110000-inspection/pc1_hfmX7Yy2W_1.jpg!m_fill,w_280,h_210,f_jpg?from=ke.com
20240321,西城,广安门,101122335658,广安门外大街182号  户型方正 没浪费,819万,84556元/平,中楼层 (共26层) | 2010年 | 2室1厅 | 96.86平米 | 西 北,https://ke-image.ljcdn.com/110000-inspection/pc1_0WBQ9G6B9_1.jpg!m_fill,w_280,h_210,f_jpg?from=ke.com
20240321,西城,广安门,101122325457,红居南街 2室1厅 南 北,378万,68765元/平,地下室 (共6层) | 1995年 | 2室1厅 | 54.97平米 | 南 北,https://ke-image.ljcdn.com/110000-inspection/a007d6a7-cec8-46ba-a83a-5209c6f6425e_1000.jpg!m_fill,w_280,h_210,f_jpg?from=ke.com
20240321,西城,广安门,101122324519,2013年小区 玺源台 朝西大一居 看房随时 随时签约,880万,122614元/平,低楼层 (共26层) | 2013年 | 2室1厅 | 71.77平米 | 西,https://ke-image.ljcdn.com/110000-inspection/pc1_FFA2UGeOi.jpg!m_fill,w_280,h_210,f_jpg?from=ke.com
20240321,西城,广安门,101122320008,一套房 让你感受到温馨和幸福 这就是你一直寻找的家,975万,120104元/平,高楼层 (共26层) | 2004年 | 2室2厅 | 81.18平米 | 南,https://ke-image.ljcdn.com/110000-inspection/pc1_ayi8Hs0a9_1.jpg!m_fill,w_280,h_210,f_jpg?from=ke.com
20240321,西城,广安门,101122315342,西城区 远见名苑 正规一居室 正对小区花园,599万,107003元/平,中楼层 (共26层) 1室1厅 | 55.98平米 | 西北,https://ke-image.ljcdn.com/110000-inspection/pc1_wkgIsQbGu_1.jpg!m_fill,w_280,h_210,f_jpg?from=ke.com
20240321,西城,广安门,101122314392,点进来西城商品房  刚需  满2年原370万 直接走手续,398万,135375元/平,中楼层 (共20层) | 2004年 | 1室0厅 | 29.4平米 | 西南,https://ke-image.ljcdn.com/110000-inspection/2d398bfd-e27d-4f72-979c-56710ff1d561_1000.jpg!m_fill,w_280,h_210,f_jpg?from=ke.com
20240321,西城,广安门,101122309752,恒昌花园 4室1厅 东南,1700万,96845元/平,中楼层 (共28层) | 1999年 | 4室1厅 | 175.54平米 | 东南,https://ke-image.ljcdn.com/110000-inspection/pc1_sTbZVCtfz_1.jpg!m_fill,w_280,h_210,f_jpg?from=ke.com
20240321,西城,广安门,101122284096,远见国际公寓 西北向大两居西侧看西山 视野好,749万,77329元/平,中楼层 (共26层) 2室1厅 | 96.86平米 | 西 北,https://ke-image.ljcdn.com/110000-inspection/pc1_11Rd0vlyz_1.jpg!m_fill,w_280,h_210,f_jpg?from=ke.com
20240321,西城,广安门,101122273978,荣丰2008 二期南向复式 无遮挡 满五唯一,440万,134516元/平,低楼层 (共12层) 2室1厅 | 32.71平米 | 南,https://ke-image.ljcdn.com/110000-inspection/pc1_wrBGBYH5S_1.jpg!m_fill,w_280,h_210,f_jpg?from=ke.com
20240321,西城,广安门,101122268980,西豪逸景 二期朝南三居 诚心出售,1698万,106813元/平,中楼层 (共28层) 3室2厅 | 158.97平米 | 西南,https://ke-image.ljcdn.com/110000-inspection/pc1_HNvUBzLTo_1.jpg!m_fill,w_280,h_210,f_jpg?from=ke.com
20240321,西城,广安门,101122263078,荣丰2008二期东南向复式 诚心出售采光好无遮挡,458万,130485元/平,低楼层 (共12层) | 2005年 | 1室1厅 | 35.1平米 | 东南,https://ke-image.ljcdn.com/110000-inspection/fd7e64a9-821c-47ee-a84c-8fccc02e58c5_1000.jpg!m_fill,w_280,h_210,f_jpg?from=ke.com
20240321,西城,广安门,101122262482,荣丰2008 三期 燃气复式 高层视野采光好 诚心出售,690万,169409元/平,中楼层 (共16层) | 2007年 | 1室1厅 | 40.73平米 | 西南,https://ke-image.ljcdn.com/110000-inspection/pc1_JtkseUKiy_1.jpg!m_fill,w_280,h_210,f_jpg?from=ke.com
20240321,西城,广安门,101122257945,远见国际公寓 1室1厅 南,450万,92233元/平,高楼层 (共26层) | 2010年 | 1室1厅 | 48.79平米 | 南,https://ke-image.ljcdn.com/110000-inspection/pc1_Z9XrWcPub_1.jpg!m_fill,w_280,h_210,f_jpg?from=ke.com
20240321,西城,广安门,101122234621,荣丰2008 1室1厅 南,850万,165531元/平,中楼层 (共16层) 1室1厅 | 51.35平米 | 南,https://ke-image.ljcdn.com/110000-inspection/pc1_IMNgQQ7R7_1.jpg!m_fill,w_280,h_210,f_jpg?from=ke.com
20240321,西城,广安门,101122211043,车站西街17号院满五年唯一南向采光好有电梯,439万,86880元/平,低楼层 (共18层) | 1993年 | 1室1厅 | 50.53平米 | 南,https://ke-image.ljcdn.com/110000-inspection/pc1_1ab4rOV4i_1.jpg!m_fill,w_280,h_210,f_jpg?from=ke.com
20240321,西城,广安门,101122201232,满五唯一诚心售房高层无遮挡视野好,435万,156138元/平,高楼层 (共20层) | 2004年 | 2室1厅 | 27.86平米 | 北,https://ke-image.ljcdn.com/110000-inspection/pc1_IgXjLBont_1.jpg!m_fill,w_280,h_210,f_jpg?from=ke.com
20240321,西城,广安门,101122179727,户型好的房子能给你带来舒适 宁静和自信,920万,112842元/平,中楼层 (共26层) 2室2厅 | 81.53平米 | 西南,https://ke-image.ljcdn.com/110000-inspection/pc1_18gXvLMHK_1.jpg!m_fill,w_280,h_210,f_jpg?from=ke.com
20240321,西城,广安门,101122164470,西城 车站西街 南向 精装一居室 满五唯一 有车位房主自荐,438万,93590元/平,高楼层 (共6层) 1室1厅 | 46.8平米 | 南,https://ke-image.ljcdn.com/110000-inspection/pc1_LOdNBsl5K_1.jpg!m_fill,w_280,h_210,f_jpg?from=ke.com
20240321,西城,广安门,101122161539,西城区广安门恒昌花园南北通透两居室诚意出售房主自荐,780万,96368元/平,中楼层 (共4层) | 1997年 | 2室1厅 | 80.94平米 | 南 北,https://ke-image.ljcdn.com/110000-inspection/pc1_SDTLWyfSw_1.jpg!m_fill,w_280,h_210,f_jpg?from=ke.com
20240321,西城,广安门,101122150474,荣丰2008小区业主诚心出售高楼层,425万,149807元/平,高楼层 (共20层) | 2004年 | 1室1厅 | 28.37平米 | 北,https://ke-image.ljcdn.com/110000-inspection/pc1_ZUNaVWZTp_1.jpg!m_fill,w_280,h_210,f_jpg?from=ke.com
20240321,西城,广安门,101122146864,荣丰三期大复式双卫 满五唯一 地铁7号线16号线,575万,147097元/平,中楼层 (共16层) | 2007年 | 1室1厅 | 39.09平米 | 西,https://ke-image.ljcdn.com/110000-inspection/pc1_yQHhZENcA_1.jpg!m_fill,w_280,h_210,f_jpg?from=ke.com
20240321,西城,广安门,101122143196,荣丰2008 复式 满五唯一 无遮挡 业主诚售,415万,150200元/平,中楼层 (共20层) | 2004年 | 1室1厅 | 27.63平米 | 北,https://ke-image.ljcdn.com/110000-inspection/pc1_aUnl0cxrD_1.jpg!m_fill,w_280,h_210,f_jpg?from=ke.com
20240321,西城,广安门,101122139551,手帕口北街 3室2厅 东 南 北,580万,78709元/平,地下室 (共6层) 3室2厅 | 73.69平米 | 东 南 北,https://ke-image.ljcdn.com/110000-inspection/pc1_75y4TGyG8_1.jpg!m_fill,w_280,h_210,f_jpg?from=ke.com
20240321,西城,广安门,101122137201,满五年唯一视野好无遮挡随时能签约产权清晰,618万,112405元/平,低楼层 (共26层) 1室1厅 | 54.98平米 | 北,https://ke-image.ljcdn.com/110000-inspection/pc1_mh4UNPXkO_1.jpg!m_fill,w_280,h_210,f_jpg?from=ke.com
20240321,西城,广安门,101122135197,满五年唯一明厨明卫的全明格局,395万,81010元/平,顶层 (共6层) | 1986年 | 1室1厅 | 48.76平米 | 东 西,https://ke-image.ljcdn.com/110000-inspection/pc1_goO7CgcWR_1.jpg!m_fill,w_280,h_210,f_jpg?from=ke.com
20240321,西城,广安门,101122116828,西城区 远见名苑 双轨地铁 带燃气的正规一室一厅,620万,109930元/平,低楼层 (共26层) | 2004年 | 1室1厅 | 56.4平米 | 西北,https://ke-image.ljcdn.com/110000-inspection/pc1_A8D1P0nLi_1.jpg!m_fill,w_280,h_210,f_jpg?from=ke.com
20240321,西城,广安门,101122093726,荣丰2008 二期 洗手间不算面积 高层视野好 总价便宜,410万,147165元/平,中楼层 (共20层) | 2004年 | 1室1厅 | 27.86平米 | 北,https://ke-image.ljcdn.com/110000-inspection/pc1_GV3XaOWS8_1.jpg!m_fill,w_280,h_210,f_jpg?from=ke.com
20240321,西城,广安门,101122093420,红居斜街4号院南北两居不临街生活便利,460万,84265元/平,顶层 (共6层) | 1983年 | 2室1厅 | 54.59平米 | 南 北,https://ke-image.ljcdn.com/110000-inspection/pc1_GfYc9W1xH.jpg!m_fill,w_280,h_210,f_jpg?from=ke.com
20240321,西城,广安门,101122092482,7号线  达官营  西城区   荣丰2008复式 满五唯一,396万,111236元/平,顶层 (共20层) | 2004年 | 2室1厅 | 35.6平米 | 北,https://ke-image.ljcdn.com/110000-inspection/2ac5f184-1188-44bb-926c-5f2f3467f98c_1000.jpg!m_fill,w_280,h_210,f_jpg?from=ke.com
20240321,西城,广安门,101122090253,玺源台 1室1厅 西,820万,130511元/平,高楼层 (共26层) 1室1厅 | 62.83平米 | 西,https://ke-image.ljcdn.com/110000-inspection/pc1_eqeeqwKDk.jpg!m_fill,w_280,h_210,f_jpg?from=ke.com
20240321,西城,广安门,101122082873,西城区 上下两层复式 落地窗 视野好 精装修 诚心出售,504万,140195元/平,中楼层 (共12层) 2室1厅 | 35.95平米 | 北,https://ke-image.ljcdn.com/110000-inspection/pc1_vLGGULVp9_1.jpg!m_fill,w_280,h_210,f_jpg?from=ke.com
20240321,西城,广安门,101122060369,西城远见名苑满五年唯一中楼层精装修两居；,820万,103575元/平,低楼层 (共21层) | 2004年 | 2室1厅 | 79.17平米 | 西南,https://ke-image.ljcdn.com/110000-inspection/pc1_LkrAhtblN_1.jpg!m_fill,w_280,h_210,f_jpg?from=ke.com
20240321,西城,广安门,101122012762,朗琴园 复式结构  花园式小区 精装修,4900万,166007元/平,底层 (共27层) 6室2厅 | 295.17平米 | 东南,https://ke-image.ljcdn.com/110000-inspection/pc1_FW9VfeOU7_1.jpg!m_fill,w_280,h_210,f_jpg?from=ke.com
20240321,西城,广安门,101122010211,朗琴园 南北通透 正规三居室  居住感舒适,1720万,122499元/平,高楼层 (共29层) | 2002年 | 3室1厅 | 140.41平米 | 南 北,https://ke-image.ljcdn.com/110000-inspection/pc1_yxEnfnBT4_1.jpg!m_fill,w_280,h_210,f_jpg?from=ke.com
20240321,西城,广安门,101122004942,朗琴园 2室2厅 西北,1360万,134761元/平,低楼层 (共27层) | 2002年 | 2室2厅 | 100.92平米 | 西北,https://ke-image.ljcdn.com/110000-inspection/7b7bffa5-8252-4c7a-a3c9-4b1712f1109a_1000.jpg!m_fill,w_280,h_210,f_jpg?from=ke.com
20240321,西城,广安门,101121997544,荣丰南向大复式双卫 自如装修 地铁7号线16号线,520万,145374元/平,高楼层 (共10层) | 2005年 | 2室0厅 | 35.77平米 | 南,https://ke-image.ljcdn.com/110000-inspection/pc1_x7cU2O2Nr.jpg!m_fill,w_280,h_210,f_jpg?from=ke.com
20240321,西城,广安门,101121973353,熔炼厂宿舍 两居室 户型方正 精装修 满五唯一 不临街房主自荐,499万,80536元/平,顶层 (共6层) | 1980年 | 2室1厅 | 61.96平米 | 东北,https://ke-image.ljcdn.com/110000-inspection/pc1_nAISO05Qf_1.jpg!m_fill,w_280,h_210,f_jpg?from=ke.com
20240321,西城,广安门,101121883233,远见名苑商品房两居 精装修 高层采光视野好,930万,111914元/平,高楼层 (共26层) | 2004年 | 2室1厅 | 83.1平米 | 东,https://ke-image.ljcdn.com/110000-inspection/pc1_GsiQBpeTS_1.jpg!m_fill,w_280,h_210,f_jpg?from=ke.com
20240321,西城,广安门,101121860660,满五唯一面宽4.2米高楼层视野好,408万,116772元/平,中楼层 (共20层) 1室0厅 | 34.94平米 | 北,https://ke-image.ljcdn.com/110000-inspection/pc1_lNqPMZCne.jpg!m_fill,w_280,h_210,f_jpg?from=ke.com
20240321,西城,广安门,101121818410,远见国际公寓 精装修 东向 一居室 满五 唯一  双地铁,440万,94401元/平,中楼层 (共26层) 1室0厅 | 46.61平米 | 东,https://ke-image.ljcdn.com/110000-inspection/pc1_AP9OAJtiJ_1.jpg!m_fill,w_280,h_210,f_jpg?from=ke.com
20240321,西城,广安门,101121803194,二期南向复式 阳光满屋  满五年唯一随时签约,498万,152668元/平,高楼层 (共10层) | 2005年 | 1室1厅 | 32.62平米 | 南,https://ke-image.ljcdn.com/110000-inspection/pc1_F8kquMiZG_1.jpg!m_fill,w_280,h_210,f_jpg?from=ke.com
20240321,西城,广安门,101121788888,广华轩东向大两居业主诚意出售,998万,91476元/平,低楼层 (共24层) | 2000年 | 2室1厅 | 109.1平米 | 东南,https://ke-image.ljcdn.com/110000-inspection/pc1_y14EYsSL0_1.jpg!m_fill,w_280,h_210,f_jpg?from=ke.com
20240321,西城,广安门,101121765837,远见名苑 满五年 西向 高楼层 大开间 业主诚心出售,510万,88312元/平,顶层 (共24层) | 2004年 | 1室0厅 | 57.75平米 | 西,https://ke-image.ljcdn.com/110000-inspection/pc1_NBqEfyCFs_1.jpg!m_fill,w_280,h_210,f_jpg?from=ke.com
20240321,西城,广安门,101121760975,南北通透 明厨明卫 央企单位家属院 临地铁和公园房主自荐,462万,78200元/平,中楼层 (共6层) 2室1厅 | 59.08平米 | 南 北,https://ke-image.ljcdn.com/110000-inspection/pc1_NWCrD2YPk.jpg!m_fill,w_280,h_210,f_jpg?from=ke.com
20240321,西城,广安门,101121733040,满五东向两居业主诚意出售产权清晰精装修！,1180万,134046元/平,中楼层 (共29层) | 2006年 | 2室1厅 | 88.03平米 | 东,https://ke-image.ljcdn.com/110000-inspection/pc1_My1mExSEl_1.jpg!m_fill,w_280,h_210,f_jpg?from=ke.com
20240321,西城,广安门,101121722750,朗琴园东南西正规四居室 格局方正 270度采光,2300万,128859元/平,低楼层 (共16层) | 2003年 | 4室1厅 | 178.49平米 | 东 南 西,https://ke-image.ljcdn.com/110000-inspection/pc1_9ZHT3WbTW_1.jpg!m_fill,w_280,h_210,f_jpg?from=ke.com
20240321,西城,广安门,101121719866,建筑设计院分房1997年楼龄新南北通透中低楼层,1035万,100184元/平,底层 (共6层) | 1997年 | 3室1厅 | 103.31平米 | 南 北,https://ke-image.ljcdn.com/110000-inspection/pc1_r1rL49Aex.jpg!m_fill,w_280,h_210,f_jpg?from=ke.com
20240321,西城,广安门,101121703860,满五唯一明厨明卫南北通透大4居楼层好近地铁,1799万,90699元/平,低楼层 (共23层) | 1996年 | 4室2厅 | 198.35平米 | 南 北,https://ke-image.ljcdn.com/110000-inspection/pc1_LYe0F6Hyh_1.jpg!m_fill,w_280,h_210,f_jpg?from=ke.com
20240321,西城,广安门,101121700986,小红庙 中楼层 南北通透 田字格三居室  满五唯一,669万,97466元/平,中楼层 (共6层) 3室1厅 | 68.64平米 | 南 北,https://ke-image.ljcdn.com/110000-inspection/61b39e53-5954-4425-86ce-9a7425ff0f73_1000.jpg!m_fill,w_280,h_210,f_jpg?from=ke.com
20240321,西城,广安门,101121672017,玺源台朝东精装一居看房随时诚心出售,790万,131426元/平,高楼层 (共12层) | 2015年 | 1室1厅 | 60.11平米 | 东,https://ke-image.ljcdn.com/110000-inspection/pc1_jtKegQcFq.jpg!m_fill,w_280,h_210,f_jpg?from=ke.com
20240321,西城,广安门,101121657469,产权清晰  楼上卧室卫生间  楼下客厅厨房  上下阳台,418万,132070元/平,高楼层 (共20层) | 2004年 | 1室1厅 | 31.65平米 | 北,https://ke-image.ljcdn.com/110000-inspection/pc1_yTzzTcisa_1.jpg!m_fill,w_280,h_210,f_jpg?from=ke.com
20240321,西城,广安门,101121605056,西城玺源台 次新小区  正规大一居  满五年唯一 诚售,875万,121918元/平,中楼层 (共26层) | 2013年 | 2室1厅 | 71.77平米 | 西,https://ke-image.ljcdn.com/110000-inspection/pc1_cJCMJIH0t.jpg!m_fill,w_280,h_210,f_jpg?from=ke.com
20240321,西城,广安门,101121597372,荣丰2008 东南向复式 高楼层采光足 精装修 随时签约,470万,136114元/平,顶层 (共20层) | 2004年 | 1室1厅 | 34.53平米 | 东南,https://ke-image.ljcdn.com/110000-inspection/pc1_mLO2RRUm4_1.jpg!m_fill,w_280,h_210,f_jpg?from=ke.com
20240321,西城,广安门,101121571571,荣丰2008 满五年唯一 无抵押 无户口房主自荐,895万,147083元/平,中楼层 (共20层) 3室2厅 | 60.85平米 | 南,https://ke-image.ljcdn.com/110000-inspection/e6c8574a-a95a-4c8a-be00-c7175c38f8bd_1000.jpg!m_fill,w_280,h_210,f_jpg?from=ke.com
20240321,西城,广安门,101121537225,朗琴园东西通透两居室1梯两户直达车库双卫落地窗,1350万,122206元/平,低楼层 (共16层) | 2003年 | 2室1厅 | 110.47平米 | 东 西,https://ke-image.ljcdn.com/110000-inspection/pc1_5X5rmlVuC_1.jpg!m_fill,w_280,h_210,f_jpg?from=ke.com
20240321,西城,广安门,101121521692,朗琴园  东北南朝向 优质大两居楼层高 视野好房主自荐,1280万,125799元/平,中楼层 (共27层) 2室1厅 | 101.75平米 | 东 南 北,https://ke-image.ljcdn.com/110000-inspection/pc1_7fx2nK3yH_1.jpg!m_fill,w_280,h_210,f_jpg?from=ke.com
20240321,西城,广安门,101121521526,远见名苑 2室2厅 西南,1045万,117667元/平,高楼层 (共25层) 2室2厅 | 88.81平米 | 西南,https://ke-image.ljcdn.com/110000-inspection/pc1_EEbBV7lug_1.jpg!m_fill,w_280,h_210,f_jpg?from=ke.com
20240321,西城,广安门,101121520073,西豪逸景 2室1厅 西,1010万,103431元/平,中楼层 (共28层) | 2004年 | 2室1厅 | 97.65平米 | 西,https://ke-image.ljcdn.com/110000-inspection/pc1_qJv4rHLn6_1.jpg!m_fill,w_280,h_210,f_jpg?from=ke.com
20240321,西城,广安门,101121505670,诚意出售看房方便价格可谈复式结构,395万,138889元/平,低楼层 (共10层) 1室1厅 | 28.44平米 | 北,https://ke-image.ljcdn.com/110000-inspection/pc1_0iiQhyPug_1.jpg!m_fill,w_280,h_210,f_jpg?from=ke.com
20240321,西城,广安门,101121503460,广安门车站西街15号院-南向精装修一居室,390万,99541元/平,中楼层 (共6层) 1室1厅 | 39.18平米 | 南,https://ke-image.ljcdn.com/110000-inspection/pc1_yTmiTUYDx_1.jpg!m_fill,w_280,h_210,f_jpg?from=ke.com
20240321,西城,广安门,101121494499,车站西街17号院 调档满五年唯一 房改房 产权清晰房主自荐,570万,78308元/平,底层 (共18层) 2室1厅 | 72.79平米 | 东,https://ke-image.ljcdn.com/110000-inspection/pc1_Qcc70VVpI_1.jpg!m_fill,w_280,h_210,f_jpg?from=ke.com
20240321,西城,广安门,101121484693,小马厂东里 高楼层精装修 格局好,519万,87788元/平,中楼层 (共17层) | 1990年 | 2室1厅 | 59.12平米 | 西北,https://ke-image.ljcdn.com/110000-inspection/pc1_HrBVx3OrD_1.jpg!m_fill,w_280,h_210,f_jpg?from=ke.com
20240321,西城,广安门,101121457794,西城区 二环边 荣丰2008小区 满五唯一  南向复式,509万,131797元/平,高楼层 (共20层) 1室1厅 | 38.62平米 | 南,https://ke-image.ljcdn.com/110000-inspection/pc1_vi82QFfeJ_1.jpg!m_fill,w_280,h_210,f_jpg?from=ke.com
20240321,西城,广安门,101121450925,小红庙 3室1厅 南 北 西,699万,118576元/平,底层 (共6层) | 1983年 | 3室1厅 | 58.95平米 | 南 北 西,https://ke-image.ljcdn.com/110000-inspection/pc1_XxrYHPTrW_1.jpg!m_fill,w_280,h_210,f_jpg?from=ke.com
20240321,西城,广安门,101121418871,西城 高层低密度三居室 近地铁,1620万,96435元/平,高楼层 (共14层) | 2007年 | 3室2厅 | 167.99平米 | 西南,https://ke-image.ljcdn.com/110000-inspection/d9b675a3-ac25-4d97-bfc9-54003ec24d6d_1000.jpg!m_fill,w_280,h_210,f_jpg?from=ke.com
20240321,西城,广安门,101121411972,车站西街15号院 3室1厅 南 东 北,626万,83769元/平,顶层 (共6层) | 1993年 | 3室1厅 | 74.73平米 | 南 东 北,https://ke-image.ljcdn.com/110000-inspection/pc1_mc2kn0e9o_1.jpg!m_fill,w_280,h_210,f_jpg?from=ke.com
20240321,西城,广安门,101121392826,西城广安门 荣丰复式 东南向 无遮挡 采光好 随时签约,490万,139602元/平,低楼层 (共12层) | 2005年 | 1室1厅 | 35.1平米 | 东南,https://ke-image.ljcdn.com/110000-inspection/31e00fde-2833-44fd-91a3-d0eb96627491_1000.jpg!m_fill,w_280,h_210,f_jpg?from=ke.com
20240321,西城,广安门,101121380355,广安门远见国际公寓精装修无遮挡,490万,105128元/平,高楼层 (共26层) | 2010年 | 1室0厅 | 46.61平米 | 东,https://ke-image.ljcdn.com/110000-inspection/pc1_kDAMnFaTX_1.jpg!m_fill,w_280,h_210,f_jpg?from=ke.com
20240321,西城,广安门,101121378975,北京市建筑设计研究院、广安门小区 97年楼龄、高品质,1045万,79881元/平,顶层 (共6层) | 1997年 | 3室2厅 | 130.82平米 | 南 北,https://ke-image.ljcdn.com/110000-inspection/4709dd03-a5ac-4c7a-af19-c0ec99ce33ce_1000.jpg!m_fill,w_280,h_210,f_jpg?from=ke.com
20240321,西城,广安门,101121374210,跃层东南大三居视野采光好地铁达官营步行400米,1350万,98807元/平,顶层 (共24层) | 2000年 | 3室1厅 | 136.63平米 | 东南,https://ke-image.ljcdn.com/110000-inspection/pc1_7halxlUPA.jpg!m_fill,w_280,h_210,f_jpg?from=ke.com
20240321,西城,广安门,101121352276,红山世家全南复式四居室业主诚心出售居住舒适宽敞,3380万,154670元/平,顶层 (共20层) | 2013年 | 4室2厅 | 218.53平米 | 南,https://ke-image.ljcdn.com/110000-inspection/pc1_voqv9AbgI.jpg!m_fill,w_280,h_210,f_jpg?from=ke.com
20240321,西城,广安门,101121314996,西豪商品房大两居西向视野好远望西山满五年唯一,1049万,101343元/平,顶层 (共28层) 2室1厅 | 103.51平米 | 西,https://ke-image.ljcdn.com/110000-inspection/pc1_YLj63SpGk_1.jpg!m_fill,w_280,h_210,f_jpg?from=ke.com
20240321,西城,广安门,101121314698,水口子村51号院满五年唯一商品房南向2居室,410万,77025元/平,中楼层 (共5层) 2室1厅 | 53.23平米 | 南,https://ke-image.ljcdn.com/110000-inspection/pc1_5V3iZnej9.jpg!m_fill,w_280,h_210,f_jpg?from=ke.com
20240321,西城,广安门,101121302058,小马厂西里电梯南向一居室 满两年,399万,102730元/平,低楼层 (共12层) | 1981年 | 1室1厅 | 38.84平米 | 南,https://ke-image.ljcdn.com/110000-inspection/pc1_LMzGIKSk1_1.jpg!m_fill,w_280,h_210,f_jpg?from=ke.com
20240321,西城,广安门,101121283946,西城 广安门 7/16号线达官营 07年带电梯 精装复式一居,530万,175091元/平,中楼层 (共16层) | 2007年 | 1室1厅 | 30.27平米 | 北,https://ke-image.ljcdn.com/110000-inspection/pc1_BOjiNCeb5_1.jpg!m_fill,w_280,h_210,f_jpg?from=ke.com
20240321,西城,广安门,101121243448,广安小区南北通透两居室 带电梯,1178万,89938元/平,中楼层 (共7层) | 1996年 | 2室2厅 | 130.98平米 | 南 北,https://ke-image.ljcdn.com/110000-inspection/pc1_ijMFoXx2C_1.jpg!m_fill,w_280,h_210,f_jpg?from=ke.com
20240321,西城,广安门,101121243375,远见国际公寓 2室1厅 北,699万,83145元/平,高楼层 (共26层) | 2010年 | 2室1厅 | 84.07平米 | 北,https://ke-image.ljcdn.com/110000-inspection/pc1_S0C34cqgL_1.jpg!m_fill,w_280,h_210,f_jpg?from=ke.com
20240321,西城,广安门,101121232724,西城西二环丽水莲花南北大三居户型方正视野好,1698万,109797元/平,顶层 (共14层) | 2009年 | 3室2厅 | 154.65平米 | 南 北,https://ke-image.ljcdn.com/110000-inspection/pc1_n2Q9eHNgk.jpg!m_fill,w_280,h_210,f_jpg?from=ke.com
20240321,西城,广安门,101121229680,南向装修好 南向 装修好诚意出售看房方便,468万,147821元/平,中楼层 (共20层) | 2004年 | 1室1厅 | 31.66平米 | 南,https://ke-image.ljcdn.com/110000-inspection/d42e0d49-2313-47d7-a670-ae2d8853a83c_1000.jpg!m_fill,w_280,h_210,f_jpg?from=ke.com
20240321,西城,广安门,101121216642,西二环 广安门 荣丰2008小区 北向复式,499万,142817元/平,高楼层 (共20层) | 2004年 | 1室0厅 | 34.94平米 | 北,https://ke-image.ljcdn.com/110000-inspection/34ec05b3-0159-45b3-92f6-f69368d8f45e_1000.jpg!m_fill,w_280,h_210,f_jpg?from=ke.com
20240321,西城,广安门,101121201264,荣丰08年楼龄复式高层视野好面宽宽面积大,620万,164370元/平,中楼层 (共20层) | 2008年 | 1室1厅 | 37.72平米 | 西,https://ke-image.ljcdn.com/110000-inspection/pc1_EPOJkY1ng_1.jpg!m_fill,w_280,h_210,f_jpg?from=ke.com
20240321,西城,广安门,101121178257,西城区 远见国际公寓 南向开间 全天无遮挡 视野好,495万,101456元/平,高楼层 (共26层) 1室0厅 | 48.79平米 | 南,https://ke-image.ljcdn.com/110000-inspection/4f985458-e4a7-4a73-840b-b66b2fc8f62c_1000.jpg!m_fill,w_280,h_210,f_jpg?from=ke.com
20240321,西城,广安门,101121151728,荣丰2008 南向复式 高楼层 全天日照充足 满五年,449万,142405元/平,高楼层 (共10层) | 2005年 | 1室1厅 | 31.53平米 | 南,https://ke-image.ljcdn.com/110000-inspection/pc1_cyttU9F74_1.jpg!m_fill,w_280,h_210,f_jpg?from=ke.com
20240321,西城,广安门,101121145384,丽水莲花正规一居满五唯一高楼层,685万,106450元/平,高楼层 (共26层) | 2010年 | 1室1厅 | 64.35平米 | 北,https://ke-image.ljcdn.com/110000-inspection/pc1_ar3zVRAWK.jpg!m_fill,w_280,h_210,f_jpg?from=ke.com
20240321,西城,广安门,101121137182,荣丰复式精装修房本面积小整体使用面积大70年产权,435万,153277元/平,中楼层 (共20层) | 2004年 | 1室1厅 | 28.38平米 | 北,https://ke-image.ljcdn.com/110000-inspection/pc1_wCW5JBy1G_1.jpg!m_fill,w_280,h_210,f_jpg?from=ke.com
20240321,西城,广安门,101121126288,高层视野好 满五唯一 带两个阳台和大大卫生间,585万,153705元/平,高楼层 (共16层) | 2007年 | 2室1厅 | 38.06平米 | 东,https://ke-image.ljcdn.com/110000-inspection/pc1_EHUVYPjXk_1.jpg!m_fill,w_280,h_210,f_jpg?from=ke.com
20240321,西城,广安门,101121098907,西城区红居街远见名苑小区。,1035万,102061元/平,低楼层 (共26层) | 2004年 | 2室1厅 | 101.41平米 | 西北,https://ke-image.ljcdn.com/110000-inspection/57c588ce-2525-48c1-a6e6-3655a8024ba1_1000.jpg!m_fill,w_280,h_210,f_jpg?from=ke.com
20240321,西城,广安门,101121093211,：手帕口西一巷 上下两层 有装修满五唯一出售,360万,114980元/平,底层 (共7层) | 1989年 | 2室1厅 | 31.31平米 | 北,https://ke-image.ljcdn.com/110000-inspection/pc1_SqjrfU8BA_1.jpg!m_fill,w_280,h_210,f_jpg?from=ke.com
20240321,西城,广安门,101121058003,西城 荣丰三期复式 可贷款 双地铁 落地窗可看房,656万,149978元/平,顶层 (共16层) | 2007年 | 2室1厅 | 43.74平米 | 东南,https://ke-image.ljcdn.com/110000-inspection/pc1_Hwv4EDarK_1.jpg!m_fill,w_280,h_210,f_jpg?from=ke.com
20240321,西城,广安门,101121055700,广安门 朗琴园 东向一居室 满五唯一 看房方便,580万,98842元/平,低楼层 (共29层) 1室1厅 | 58.68平米 | 东,https://ke-image.ljcdn.com/110000-inspection/60687fcd-d5e9-4a89-a4d9-e408f8b88e97_1000.jpg!m_fill,w_280,h_210,f_jpg?from=ke.com
20240321,西城,广安门,101121049071,荣丰三期南向复式精装修挑高5.2米满五唯一,646万,179745元/平,中楼层 (共16层) 2室1厅 | 35.94平米 | 南,https://ke-image.ljcdn.com/110000-inspection/pc1_UvzPM9TfQ_1.jpg!m_fill,w_280,h_210,f_jpg?from=ke.com
20240321,西城,广安门,101120992597,荣丰2008南向复式没有遮挡可以贷款诚心出售。,438万,133905元/平,低楼层 (共12层) | 2005年 | 1室1厅 | 32.71平米 | 南,https://ke-image.ljcdn.com/110000-inspection/pc1_SH7ZGi7is_1.jpg!m_fill,w_280,h_210,f_jpg?from=ke.com
20240321,西城,广安门,101120986948,西城  广安门外 广华轩 精致三居室,898万,84431元/平,高楼层 (共24层) | 2000年 | 3室1厅 | 106.36平米 | 东北,https://ke-image.ljcdn.com/110000-inspection/pc1_U49ThNzux.jpg!m_fill,w_280,h_210,f_jpg?from=ke.com
20240321,西城,广安门,101120974254,蝶翠华庭位置好满五年中间楼层 视野好采光好 明厨明卫,1797万,132357元/平,中楼层 (共29层) | 2003年 | 3室2厅 | 135.77平米 | 西南,https://ke-image.ljcdn.com/110000-inspection/pc1_FLl85TBXF.jpg!m_fill,w_280,h_210,f_jpg?from=ke.com
20240321,西城,广安门,101120934175,远见国际公寓精装东向一居满五唯一看房提前约,448万,91823元/平,高楼层 (共26层) | 2010年 | 1室0厅 | 48.79平米 | 东,https://ke-image.ljcdn.com/110000-inspection/pc1_roKLxRXul_1.jpg!m_fill,w_280,h_210,f_jpg?from=ke.com
20240321,西城,广安门,101120932727,荣丰2008 1室2厅 南,499万,162330元/平,顶层 (共20层) | 2004年 | 1室2厅 | 30.74平米 | 南,https://ke-image.ljcdn.com/110000-inspection/pc1_vV8CrLVKu_1.jpg!m_fill,w_280,h_210,f_jpg?from=ke.com
20240321,西城,广安门,101120921971,西城区/广安门外/小红庙南熔炼厂宿舍采光好安静房主自荐,550万,84292元/平,高楼层 (共6层) 2室1厅 | 65.25平米 | 南,https://ke-image.ljcdn.com/110000-inspection/f248f9db-a736-41fe-9225-648290e5c4c2_1000.jpg!m_fill,w_280,h_210,f_jpg?from=ke.com
20240321,西城,广安门,101120915535,三期复式产权清晰   拎包入住 上下阳台卫生间,498万,168929元/平,高楼层 (共16层) | 2007年 | 1室1厅 | 29.48平米 | 北,https://ke-image.ljcdn.com/110000-inspection/pc1_Ln4VeBWUS_1.jpg!m_fill,w_280,h_210,f_jpg?from=ke.com
20240321,西城,广安门,101120909528,广安门外大街182号2010年小区纯商品房,458万,93872元/平,高楼层 (共26层) | 2010年 | 1室0厅 | 48.79平米 | 东,https://ke-image.ljcdn.com/110000-inspection/0e32b8a4-f665-4dc5-bbee-157dea446c41_1000.jpg!m_fill,w_280,h_210,f_jpg?from=ke.com
20240321,西城,广安门,101120891737,恒昌花园 复式双卫 西侧莲花河 视野好 房本面积小,998万,107951元/平,中楼层 (共28层) | 1999年 | 2室2厅 | 92.45平米 | 西,https://ke-image.ljcdn.com/110000-inspection/pc1_ebpXsL6ON_1.jpg!m_fill,w_280,h_210,f_jpg?from=ke.com
20240321,西城,广安门,101120889841,【聚焦好房】远见名苑 新上一居 朝南精装 双线地铁,495万,96624元/平,中楼层 (共21层) 1室0厅 | 51.23平米 | 南,https://ke-image.ljcdn.com/110000-inspection/pc1_wMEZFGpYQ.jpg!m_fill,w_280,h_210,f_jpg?from=ke.com
20240321,西城,广安门,101120885228,西城区汇融大厦 民水、民水、有燃气,1600万,83630元/平,中楼层 (共25层) | 2008年 | 5室1厅 | 191.32平米 | 西北,https://ke-image.ljcdn.com/110000-inspection/pc1_gcfbeiEoX.jpg!m_fill,w_280,h_210,f_jpg?from=ke.com
20240321,西城,广安门,101120867770,广安门外  194平  满五年唯一精装四居房主自荐,1989万,102105元/平,高楼层 (共21层) | 1999年 | 4室2厅 | 194.8平米 | 东南,https://ke-image.ljcdn.com/110000-inspection/757d9b8b-3a22-4152-b067-1db7f502d2df_1000.jpg!m_fill,w_280,h_210,f_jpg?from=ke.com
20240321,西城,广安门,101120852923,朗琴园 俯瞰花园 东南无遮挡大平层,2230万,125961元/平,低楼层 (共27层) | 2002年 | 3室1厅 | 177.04平米 | 东 南,https://ke-image.ljcdn.com/110000-inspection/pc1_AOKREfmeA_1.jpg!m_fill,w_280,h_210,f_jpg?from=ke.com
20240321,西城,广安门,101120824530,荣丰2008 三期大复式 楼层好 无抵押,680万,174136元/平,中楼层 (共16层) | 2007年 | 1室1厅 | 39.05平米 | 西,https://ke-image.ljcdn.com/110000-inspection/pc1_mzd82Zgni_1.jpg!m_fill,w_280,h_210,f_jpg?from=ke.com
20240321,西城,广安门,101120802533,站在阳台上 就能看见河景 体验一下,508万,87966元/平,中楼层 (共24层) | 2004年 | 1室0厅 | 57.75平米 | 西,https://ke-image.ljcdn.com/110000-inspection/pc1_J91AIfPLk_1.jpg!m_fill,w_280,h_210,f_jpg?from=ke.com
20240321,西城,广安门,101120777324,西城区车站西街15号院 厨卫都有窗户 户型方正,287万,84912元/平,地下室 (共6层) 1室1厅 | 33.8平米 | 南,https://ke-image.ljcdn.com/110000-inspection/pc1_DSnDYaNzx_1.jpg!m_fill,w_280,h_210,f_jpg?from=ke.com
20240321,西城,广安门,101120730841,荣丰2008   北向复式 层高4.8米 楼层好,409万,142758元/平,中楼层 (共12层) | 2005年 | 1室1厅 | 28.65平米 | 北,https://ke-image.ljcdn.com/110000-inspection/pc1_e9GoaITgq_1.jpg!m_fill,w_280,h_210,f_jpg?from=ke.com
20240321,西城,广安门,101120700071,小红庙 2室1厅 东,445万,96425元/平,高楼层 (共6层) | 1986年 | 2室1厅 | 46.15平米 | 东,https://ke-image.ljcdn.com/110000-inspection/3583a50f-0301-4bba-87d5-8b396ae413dc_1000.jpg!m_fill,w_280,h_210,f_jpg?from=ke.com
20240321,西城,广安门,101120678286,莲花池南里 满五唯一电梯两居 地铁9号线  莲花池公园,460万,79862元/平,中楼层 (共16层) | 1992年 | 2室1厅 | 57.6平米 | 西北,https://ke-image.ljcdn.com/110000-inspection/pc1_SAKMctISy_1.jpg!m_fill,w_280,h_210,f_jpg?from=ke.com
20240321,西城,广安门,101120677571,玺源台 朝西一居 满五唯一 诚心出售 价格可谈,750万,122449元/平,中楼层 (共12层) | 2015年 | 1室1厅 | 61.25平米 | 西,https://ke-image.ljcdn.com/110000-inspection/pc1_M3grnJBDW.jpg!m_fill,w_280,h_210,f_jpg?from=ke.com
20240321,西城,广安门,101120654417,广外荣丰小区  2008年 南向 精装修 满五年 随时可看,530万,101514元/平,低楼层 (共20层) | 2008年 | 1室1厅 | 52.21平米 | 南,https://ke-image.ljcdn.com/110000-inspection/pc1_sDKDqLJlb.jpg!m_fill,w_280,h_210,f_jpg?from=ke.com
20240321,西城,广安门,101120634878,西城区  广安门 荣丰2008 精装修 视野开阔,375万,110360元/平,顶层 (共26层) | 2003年 | 1室0厅 | 33.98平米 | 西,https://ke-image.ljcdn.com/110000-inspection/3d697377-78d9-4e17-b48f-0e3a1aaea498_1000.jpg!m_fill,w_280,h_210,f_jpg?from=ke.com
20240321,西城,广安门,101120634582,荣丰2008 1室1厅 南,370万,164591元/平,高楼层 (共26层) | 2003年 | 1室1厅 | 22.48平米 | 南,https://ke-image.ljcdn.com/110000-inspection/pc1_I3fuFS46N_1.jpg!m_fill,w_280,h_210,f_jpg?from=ke.com
20240321,西城,广安门,101120608243,西城区广安门花园社区 交通便利配套齐全品质好！房主自荐,630万,131662元/平,高楼层 (共29层) | 2006年 | 1室0厅 | 47.85平米 | 西南,https://ke-image.ljcdn.com/110000-inspection/423deeea-99d8-44b6-8774-06fefd1543a8_1000.jpg!m_fill,w_280,h_210,f_jpg?from=ke.com
20240321,西城,广安门,101120593029,荣丰2008 挑高4.8米复式 满五年唯一 可贷款 可看房,459万,169248元/平,中楼层 (共12层) | 2005年 | 1室1厅 | 27.12平米 | 南,https://ke-image.ljcdn.com/110000-inspection/pc1_Sz15x1O3K_1.jpg!m_fill,w_280,h_210,f_jpg?from=ke.com
20240321,西城,广安门,101120585962,荣丰2008 满五唯一 高层南向 视野采光好 精装无抵押房主自荐,370万,154554元/平,高楼层 (共26层) | 2006年 | 1室0厅 | 23.94平米 | 南,https://ke-image.ljcdn.com/110000-inspection/pc1_C391a59Ek_1.jpg!m_fill,w_280,h_210,f_jpg?from=ke.com
20240321,西城,广安门,101120579154,西城广外 荣丰小区南向复式  采光好有燃气,660万,128932元/平,顶层 (共20层) 2室1厅 | 51.19平米 | 南,https://ke-image.ljcdn.com/110000-inspection/pc1_QmFdv4MZg_1.jpg!m_fill,w_280,h_210,f_jpg?from=ke.com
20240321,西城,广安门,101120575848,朗琴园 一居当两居用 东向 高层视野采光好 满五唯一房主自荐,640万,109067元/平,高楼层 (共29层) 1室1厅 | 58.68平米 | 东,https://ke-image.ljcdn.com/110000-inspection/pc1_5buI4B3iu_1.jpg!m_fill,w_280,h_210,f_jpg?from=ke.com
20240321,西城,广安门,101120570472,朗琴园 满五年唯一 商品房 西南向 对着花园 适合观景,2130万,115535元/平,低楼层 (共29层) | 2002年 | 4室2厅 | 184.36平米 | 西南,https://ke-image.ljcdn.com/110000-inspection/pc1_08ChgJaU8_1.jpg!m_fill,w_280,h_210,f_jpg?from=ke.com
20240321,西城,广安门,101120545219,广华轩 4室3厅 南 西,1980万,86256元/平,顶层 (共24层) 4室3厅 | 229.55平米 | 南 西,https://ke-image.ljcdn.com/110000-inspection/pc1_3xorqG3NF_1.jpg!m_fill,w_280,h_210,f_jpg?from=ke.com
20240321,西城,广安门,101120542395,荣丰三期层高5.2米复式 满五唯一可贷款,652万,171309元/平,高楼层 (共16层) | 2007年 | 1室1厅 | 38.06平米 | 东,https://ke-image.ljcdn.com/110000-inspection/49bc7c64-53af-48b2-9c4c-d28a9168901c_1000.jpg!m_fill,w_280,h_210,f_jpg?from=ke.com
20240321,西城,广安门,101120529025,广安门外大街305号八区荣丰四居室,1480万,98977元/平,地下室 (共26层) 4室0厅 | 149.53平米 | 东 西 南 北,https://ke-image.ljcdn.com/110000-inspection/pc1_yIEM4nEwx.jpg!m_fill,w_280,h_210,f_jpg?from=ke.com
20240321,西城,广安门,101120528783,广安门外大街305号八区荣丰一期一居室,718万,100716元/平,地下室 (共26层) | 2006年 | 1室0厅 | 71.29平米 | 南,https://ke-image.ljcdn.com/110000-inspection/pc1_ziWUVUj6H_1.jpg!m_fill,w_280,h_210,f_jpg?from=ke.com
20240321,西城,广安门,101120526513,荣丰2008    诚心卖 欢迎来看房,1000万,87238元/平,底层 (共26层) 1室1厅 | 114.63平米 | 东 东南 北,https://ke-image.ljcdn.com/110000-inspection/pc1_jyq45CBdh_1.jpg!m_fill,w_280,h_210,f_jpg?from=ke.com
20240321,西城,广安门,101120521522,西城 广安门 远见国际公寓 70年商品房 满五唯一,820万,84659元/平,低楼层 (共26层) | 2010年 | 3室1厅 | 96.86平米 | 西北,https://ke-image.ljcdn.com/110000-inspection/pc1_XYVZYZHX1_1.jpg!m_fill,w_280,h_210,f_jpg?from=ke.com
20240321,西城,广安门,101120484736,荣丰一期一居 满五年唯一产权清晰可贷款可看房,430万,142149元/平,高楼层 (共26层) | 2003年 | 1室1厅 | 30.25平米 | 北,https://ke-image.ljcdn.com/110000-inspection/pc1_fEa0k0PJx_1.jpg!m_fill,w_280,h_210,f_jpg?from=ke.com
20240321,西城,广安门,101120483601,远见名苑二期商品房 小区单独管理  有车位,1058万,115503元/平,中楼层 (共9层) | 2004年 | 2室1厅 | 91.6平米 | 东 东南,https://ke-image.ljcdn.com/110000-inspection/ed16d5ab-5c99-4aa0-871e-dd4d6a11f6c1_1000.jpg!m_fill,w_280,h_210,f_jpg?from=ke.com
20240321,西城,广安门,101120463241,朗琴园 北侧俯瞰希尔顿酒店中空花园 南看一半自家花园房主自荐,1230万,121747元/平,中楼层 (共29层) | 2002年 | 2室2厅 | 101.03平米 | 南 西北,https://ke-image.ljcdn.com/110000-inspection/pc1_8IghurKZp_1.jpg!m_fill,w_280,h_210,f_jpg?from=ke.com
20240321,西城,广安门,101120409583,恒昌花园 3室1厅 东房主自荐,1380万,75559元/平,中楼层 (共28层) | 1999年 | 3室1厅 | 182.64平米 | 东,https://ke-image.ljcdn.com/110000-inspection/pc1_nj1YiZsaD_1.jpg!m_fill,w_280,h_210,f_jpg?from=ke.com
20240321,西城,广安门,101120384156,荣丰2008 燃气开间 满五年唯一 可以看房贷款 双地铁,380万,99581元/平,低楼层 (共26层) | 2006年 | 1室0厅 | 38.16平米 | 北,https://ke-image.ljcdn.com/110000-inspection/pc1_eypg7YutU_1.jpg!m_fill,w_280,h_210,f_jpg?from=ke.com
20240321,西城,广安门,101120362954,远见国际公寓 1室0厅 西,479万,99255元/平,高楼层 (共26层) | 2010年 | 1室0厅 | 48.26平米 | 西,https://ke-image.ljcdn.com/110000-inspection/pc1_U4sGQnzdv_1.jpg!m_fill,w_280,h_210,f_jpg?from=ke.com
20240321,西城,广安门,101120359476,荣丰2008西南向复式4.8米挑高业主诚心出售看房方便,439万,127136元/平,中楼层 (共20层) | 2004年 | 1室1厅 | 34.53平米 | 西南,https://ke-image.ljcdn.com/110000-inspection/pc1_GPx3kWvLa.jpg!m_fill,w_280,h_210,f_jpg?from=ke.com
20240321,西城,广安门,101120340644,西城  广安门  南北通透两居  近地铁！,545万,94668元/平,中楼层 (共6层) | 1993年 | 2室1厅 | 57.57平米 | 南 北,https://ke-image.ljcdn.com/110000-inspection/pc1_uB1feEnGb_1.jpg!m_fill,w_280,h_210,f_jpg?from=ke.com
20240321,西城,广安门,101120340589,朗琴园 跃层 挑空大客厅 气派居住舒适,3080万,120629元/平,底层 (共16层) | 2003年 | 5室3厅 | 255.33平米 | 东 西,https://ke-image.ljcdn.com/110000-inspection/pc1_zEidR8dBB_1.jpg!m_fill,w_280,h_210,f_jpg?from=ke.com
20240321,西城,广安门,101120332491,红山世家 华润物业 品质小区 业主诚心出售,1199万,127364元/平,低楼层 (共25层) | 2011年 | 2室1厅 | 94.14平米 | 南 西,https://ke-image.ljcdn.com/110000-inspection/pc1_Oh1RJmUET.jpg!m_fill,w_280,h_210,f_jpg?from=ke.com
20240321,西城,广安门,101120330308,广安门恒昌花园高层三居室双卫诚意出售房主自荐,1368万,101199元/平,高楼层 (共28层) | 1999年 | 3室2厅 | 135.18平米 | 东,https://ke-image.ljcdn.com/110000-inspection/pc1_UUYIypBYv.jpg!m_fill,w_280,h_210,f_jpg?from=ke.com
20240321,西城,广安门,101120256283,【聚焦好房】西豪逸景 正规二居 明厨明卫 诚心出售,830万,94244元/平,高楼层 (共28层) 2室1厅 | 88.07平米 | 东 西 北,https://ke-image.ljcdn.com/110000-inspection/pc1_dq2qTEQb1_1.jpg!m_fill,w_280,h_210,f_jpg?from=ke.com
20240321,西城,广安门,101120225764,三环内 公园旁 9号线六里桥东站地铁 窗户都在地上,188万,45302元/平,地下室 (共6层) | 1986年 | 2室1厅 | 41.5平米 | 西北,https://ke-image.ljcdn.com/110000-inspection/pc1_fqHiMJGDn_1.jpg!m_fill,w_280,h_210,f_jpg?from=ke.com
20240321,西城,广安门,101120178281,花园小区 朗琴园 广安门观景通透大三居,2266万,139860元/平,中楼层 (共16层) | 2003年 | 3室2厅 | 162.02平米 | 东 西,https://ke-image.ljcdn.com/110000-inspection/pc1_6s5cctzzr.jpg!m_fill,w_280,h_210,f_jpg?from=ke.com
20240321,西城,广安门,101120088437,酒店式物业管理出去是地铁！楼道干净南向两居！房主自荐,1168万,103556元/平,中楼层 (共21层) | 1998年 | 2室2厅 | 112.79平米 | 南,https://ke-image.ljcdn.com/110000-inspection/pc1_4VpcizJjs_1.jpg!m_fill,w_280,h_210,f_jpg?from=ke.com
20240321,西城,广安门,101120062588,西城广安门外小红庙南里东西南两居带电梯精装修,680万,100518元/平,中楼层 (共18层) 3室1厅 | 67.65平米 | 东 南 西,https://ke-image.ljcdn.com/110000-inspection/pc1_QuYrjzFAY_1.jpg!m_fill,w_280,h_210,f_jpg?from=ke.com
20240321,西城,广安门,101120041362,恒昌花园大平层四居室广安门区域优质好房,1900万,97347元/平,低楼层 (共23层) | 1996年 | 4室1厅 | 195.18平米 | 南 西南 西 北,https://ke-image.ljcdn.com/110000-inspection/pc1_uK9fpNf2h_1.jpg!m_fill,w_280,h_210,f_jpg?from=ke.com
20240321,西城,广安门,101120008144,远见名苑  商品房 花园上 正规一居室,610万,120602元/平,中楼层 (共25层) 1室1厅 | 50.58平米 | 北,https://ke-image.ljcdn.com/110000-inspection/pc1_Jgvk3lmOf_1.jpg!m_fill,w_280,h_210,f_jpg?from=ke.com
20240321,西城,广安门,101119989542,西城区 远见名苑 满五年唯一 朝西大开间 正对莲花河,520万,90044元/平,低楼层 (共24层) | 2004年 | 1室0厅 | 57.75平米 | 西,https://ke-image.ljcdn.com/110000-inspection/pc1_LgpO6EZza_1.jpg!m_fill,w_280,h_210,f_jpg?from=ke.com
20240321,西城,广安门,101119985403,西城区一居室有燃气、户型方正产权清晰,436万,114256元/平,中楼层 (共26层) | 2006年 | 1室1厅 | 38.16平米 | 东 北,https://ke-image.ljcdn.com/110000-inspection/pc1_QFWUzjivj_1.jpg!m_fill,w_280,h_210,f_jpg?from=ke.com
20240321,西城,广安门,101119929699,西二环  远见名苑 花园上  正规一居室,580万,114670元/平,中楼层 (共25层) | 2006年 | 1室1厅 | 50.58平米 | 北,https://ke-image.ljcdn.com/110000-inspection/pc1_a5CLnuLzo_1.jpg!m_fill,w_280,h_210,f_jpg?from=ke.com
20240321,西城,广安门,101119865207,车站西街15号院 南北通透两居 满五唯一房主自荐,529万,93216元/平,顶层 (共6层) 2室1厅 | 56.75平米 | 南 北,https://ke-image.ljcdn.com/110000-inspection/pc1_nivpMCHrF_1.jpg!m_fill,w_280,h_210,f_jpg?from=ke.com
20240321,西城,广安门,101119807336,红山世家 3室1厅 东 西,1480万,176023元/平,顶层 (共26层) | 2011年 | 3室1厅 | 84.08平米 | 东 西,https://ke-image.ljcdn.com/110000-inspection/pc1_VCkHi7fxw.jpg!m_fill,w_280,h_210,f_jpg?from=ke.com
20240321,西城,广安门,101119805820,店长推荐玺源台西向一居户型方正装修好配套全,765万,123687元/平,低楼层 (共26层) 1室1厅 | 61.85平米 | 西,https://ke-image.ljcdn.com/110000-inspection/pc1_2uE7up395.jpg!m_fill,w_280,h_210,f_jpg?from=ke.com
20240321,西城,广安门,101119774670,荣丰2008精装复式西城温馨居家复式结构使用面积大房主自荐,461万,136029元/平,高楼层 (共20层) | 2004年 | 2室1厅 | 33.89平米 | 东南,https://ke-image.ljcdn.com/110000-inspection/pc1_O1TZXWkO2_1.jpg!m_fill,w_280,h_210,f_jpg?from=ke.com
20240321,西城,广安门,101119670125,恒昌花园东向大复式正对小区花园邻莲花河有地铁,1629万,99384元/平,高楼层 (共28层) | 1999年 | 4室1厅 | 163.91平米 | 东,https://ke-image.ljcdn.com/110000-inspection/2c000b6c-3976-4940-881d-f6004a362511_1000.jpg!m_fill,w_280,h_210,f_jpg?from=ke.com
20240321,西城,广安门,101119655849,房子楼层高朝西正对莲花河滨河公园视野好。,580万,90385元/平,中楼层 (共24层) | 2004年 | 1室0厅 | 64.17平米 | 西,https://ke-image.ljcdn.com/110000-inspection/pc1_W0IxqeDvP_1.jpg!m_fill,w_280,h_210,f_jpg?from=ke.com
20240321,西城,广安门,101119630909,店长推荐 玺源台 正规一居 看房方便 高楼层 视野好,869万,121099元/平,高楼层 (共26层) | 2013年 | 1室1厅 | 71.76平米 | 西,https://ke-image.ljcdn.com/110000-inspection/pc1_5Fbp4gpDa.jpg!m_fill,w_280,h_210,f_jpg?from=ke.com
20240321,西城,广安门,101119603558,店长推荐玺源台满五年唯一2013年精装修,910万,125830元/平,中楼层 (共12层) | 2015年 | 2室1厅 | 72.32平米 | 西,https://ke-image.ljcdn.com/110000-inspection/pc1_zHHxJalEb.jpg!m_fill,w_280,h_210,f_jpg?from=ke.com
20240321,西城,广安门,101119597784,西城区汇融大厦民水、民电有燃气、诚意出售,1120万,58541元/平,中楼层 (共22层) 4室2厅 | 191.32平米 | 东 北,https://ke-image.ljcdn.com/110000-inspection/pc1_k23nly9Z6_1.jpg!m_fill,w_280,h_210,f_jpg?from=ke.com
20240321,西城,广安门,101119575468,远见名苑 南向一居 精品装修 城心出售 看房方便,445万,89179元/平,低楼层 (共21层) | 2004年 | 1室0厅 | 49.9平米 | 南,https://ke-image.ljcdn.com/110000-inspection/6e4db4c2-99b8-4146-93e6-92d8e39c1ccf_1000.jpg!m_fill,w_280,h_210,f_jpg?from=ke.com
20240321,西城,广安门,101119483705,西城 荣丰2008小区 精装上下3层 看房方便 带南北小..,2600万,125689元/平,顶层 (共16层) | 2002年 | 6室3厅 | 206.86平米 | 西南,https://ke-image.ljcdn.com/110000-inspection/8bda2c1e-e0be-4fd8-ac91-70cda56ab8e1_1000.jpg!m_fill,w_280,h_210,f_jpg?from=ke.com
20240321,西城,广安门,101119482331,红居南街精装修两居室中间层,485万,88279元/平,中楼层 (共6层) | 1989年 | 2室1厅 | 54.94平米 | 南,https://ke-image.ljcdn.com/110000-inspection/5a33452d-a2e7-402d-9775-c501bf17d308_1000.jpg!m_fill,w_280,h_210,f_jpg?from=ke.com
20240321,西城,广安门,101119393137,远见国际公寓  房子满五年唯一高楼层视野好,825万,85175元/平,中楼层 (共26层) | 2010年 | 2室1厅 | 96.86平米 | 西北,https://ke-image.ljcdn.com/110000-inspection/pc1_boaIlugR1_1.jpg!m_fill,w_280,h_210,f_jpg?from=ke.com
20240321,西城,广安门,101119384311,荣丰2008复式层高4.8米购房契税两层面积,520万,148149元/平,中楼层 (共12层) | 2005年 | 1室1厅 | 35.1平米 | 东南,https://ke-image.ljcdn.com/110000-inspection/pc1_RfIklf2Gd_1.jpg!m_fill,w_280,h_210,f_jpg?from=ke.com
20240321,西城,广安门,101119356868,荣丰2008小区 三期 朝南复式 挑高5.2米房主自荐,840万,155671元/平,高楼层 (共16层) | 2007年 | 3室1厅 | 53.96平米 | 南 北,https://ke-image.ljcdn.com/110000-inspection/c9711542-ecd6-497b-881d-26f20a4f7567_1000.jpg!m_fill,w_280,h_210,f_jpg?from=ke.com
20240321,西城,广安门,101119339910,西城区  荣丰2008  东南复式 满五唯一  视野开阔,489万,139476元/平,低楼层 (共12层) | 2005年 | 1室1厅 | 35.06平米 | 东南,https://ke-image.ljcdn.com/110000-inspection/pc1_O6vfxGtYO_1.jpg!m_fill,w_280,h_210,f_jpg?from=ke.com
20240321,西城,广安门,101119328171,远见名苑正规一居室看房方便诚心卖,625万,110561元/平,底层 (共26层) | 2004年 | 1室1厅 | 56.53平米 | 西北,https://ke-image.ljcdn.com/110000-inspection/pc1_eemIoFpFH_1.jpg!m_fill,w_280,h_210,f_jpg?from=ke.com
20240321,西城,广安门,101119242259,荣丰2008大开间精装修业主诚心出售,490万,98394元/平,中楼层 (共20层) 1室0厅 | 49.8平米 | 西,https://ke-image.ljcdn.com/110000-inspection/pc1_HvQpQxMA7_1.jpg!m_fill,w_280,h_210,f_jpg?from=ke.com
20240321,西城,广安门,101119194618,西城朗琴园南北通透三居室精装修,2100万,139582元/平,中楼层 (共29层) | 2006年 | 3室2厅 | 150.45平米 | 南 北,https://ke-image.ljcdn.com/110000-inspection/pc1_fXKWA0UTG_1.jpg!m_fill,w_280,h_210,f_jpg?from=ke.com
20240321,西城,广安门,101119084690,朗琴园 满五年 唯一 西南精装 一居,550万,115839元/平,中楼层 (共29层) | 2004年 | 1室0厅 | 47.48平米 | 西南,https://ke-image.ljcdn.com/110000-inspection/pc1_5oHb6DnJV_1.jpg!m_fill,w_280,h_210,f_jpg?from=ke.com
20240321,西城,广安门,101119016652,远见名苑四期地铁7和16号线达官营站边上朝南小一居,440万,90183元/平,低楼层 (共26层) 1室1厅 | 48.79平米 | 南,https://ke-image.ljcdn.com/110000-inspection/pc1_cA1i8iAnG_1.jpg!m_fill,w_280,h_210,f_jpg?from=ke.com
20240321,西城,广安门,101118967402,西城荣丰三期复式满五唯一挑高5.2米不临火车,578万,145776元/平,高楼层 (共16层) | 2007年 | 1室1厅 | 39.65平米 | 南,https://ke-image.ljcdn.com/110000-inspection/pc1_Loqukmftl_1.jpg!m_fill,w_280,h_210,f_jpg?from=ke.com
20240321,西城,广安门,101118939826,红居斜街4号院 满五年 东向 采光充足 配套齐全房主自荐,480万,94750元/平,中楼层 (共5层) | 1979年 | 2室1厅 | 50.66平米 | 东,https://ke-image.ljcdn.com/110000-inspection/pc1_eQvqdztpf_1.jpg!m_fill,w_280,h_210,f_jpg?from=ke.com
20240321,西城,广安门,101118936065,远见名苑 正规一居 满五年唯一 高楼层 看房方便,640万,116661元/平,高楼层 (共26层) | 2004年 | 1室1厅 | 54.86平米 | 北,https://ke-image.ljcdn.com/110000-inspection/8394ed0e-45aa-4f72-8e86-58fcb1e4d7ef_1000.jpg!m_fill,w_280,h_210,f_jpg?from=ke.com
20240321,西城,广安门,101118929821,满五年 南北通透 业主诚心出售 看房提前联系,456万,76498元/平,地下室 (共6层) 2室1厅 | 59.61平米 | 南 北,https://ke-image.ljcdn.com/110000-inspection/948193d1-15c2-4b35-9a54-bb42f087fdad_1000.jpg!m_fill,w_280,h_210,f_jpg?from=ke.com
20240321,西城,广安门,101118907797,荣丰2008 2梯7户 管理好房主自荐,1150万,101933元/平,高楼层 (共14层) | 2003年 | 2室1厅 | 112.82平米 | 东北,https://ke-image.ljcdn.com/110000-inspection/pc1_O7cXA24hH_1.jpg!m_fill,w_280,h_210,f_jpg?from=ke.com
20240321,西城,广安门,101118874413,荣丰二期大面宽南向复式 采光足 满五唯一 交通便利房主自荐,515万,144663元/平,中楼层 (共20层) | 2004年 | 1室1厅 | 35.6平米 | 南,https://ke-image.ljcdn.com/110000-inspection/pc1_dGbhGLZzr_1.jpg!m_fill,w_280,h_210,f_jpg?from=ke.com
20240321,西城,广安门,101118851943,朗琴园 南北三居室 满五年唯一 中间楼层采光充足,2060万,139586元/平,中楼层 (共29层) | 2006年 | 3室1厅 | 147.58平米 | 南 北,https://ke-image.ljcdn.com/110000-inspection/pc1_mTwRwkzC9_1.jpg!m_fill,w_280,h_210,f_jpg?from=ke.com
20240321,西城,广安门,101118815370,合同价467万西城远见名苑 观景一居随时签约,508万,96067元/平,中楼层 (共24层) | 2004年 | 1室0厅 | 52.88平米 | 东,https://ke-image.ljcdn.com/110000-inspection/pc1_ayvnRGQeQ_1.jpg!m_fill,w_280,h_210,f_jpg?from=ke.com
20240321,西城,广安门,101118782847,2010年商品房朝南阳光充足地铁7/16换乘 满五唯一房主自荐,458万,93872元/平,低楼层 (共26层) | 2010年 | 1室0厅 | 48.79平米 | 南,https://ke-image.ljcdn.com/110000-inspection/pc1_MFND2agDw_1.jpg!m_fill,w_280,h_210,f_jpg?from=ke.com
20240321,西城,广安门,101118684745,此房源满五唯一眼镜户型户型方正,1139万,117897元/平,低楼层 (共20层) | 2009年 | 2室1厅 | 96.61平米 | 西南,https://ke-image.ljcdn.com/110000-inspection/pc1_ZvY3r9Z9t.jpg!m_fill,w_280,h_210,f_jpg?from=ke.com
20240321,西城,广安门,101118671310,西城区  荣丰2008小区  二期南向复式  诚售,499万,157613元/平,中楼层 (共20层) | 2004年 | 1室1厅 | 31.66平米 | 南,https://ke-image.ljcdn.com/110000-inspection/pc1_7uTOu3KmC_2.jpg!m_fill,w_280,h_210,f_jpg?from=ke.com
20240321,西城,广安门,101118660724,2010年楼龄满五年唯一朝南无遮挡采光好精装修,680万,97005元/平,低楼层 (共26层) 1室1厅 | 70.1平米 | 南,https://ke-image.ljcdn.com/110000-inspection/190c8cc7-7314-473a-8a80-6725fb28631d_1000.jpg!m_fill,w_280,h_210,f_jpg?from=ke.com
20240321,西城,广安门,101118622687,荣丰2008三期复式层高5.2米  双卫带精装  不临街,525万,173440元/平,低楼层 (共16层) | 2007年 | 2室1厅 | 30.27平米 | 北,https://ke-image.ljcdn.com/110000-inspection/pc1_QCjaXNzrf_1.jpg!m_fill,w_280,h_210,f_jpg?from=ke.com
20240321,西城,广安门,101118601343,满五年唯一 视野好采光充足 两居室上下双卫生间,720万,140543元/平,低楼层 (共12层) 2室1厅 | 51.23平米 | 南,https://ke-image.ljcdn.com/110000-inspection/a896d50e-8d64-4078-9db7-49b6a9629a8e_1000.jpg!m_fill,w_280,h_210,f_jpg?from=ke.com
20240321,西城,广安门,101118527046,精装两居华润金钥匙物业2梯4户看小区绿化满五年唯一,1249万,134664元/平,低楼层 (共12层) 2室1厅 | 92.75平米 | 东 西,https://ke-image.ljcdn.com/110000-inspection/932adafb-fbd4-49d2-8604-f50229bf390f_1000.jpg!m_fill,w_280,h_210,f_jpg?from=ke.com
20240321,西城,广安门,101118474319,远见国际公寓 下楼地铁 远观西山 国贸 70年住宅 精装,729万,86714元/平,中楼层 (共26层) 2室1厅 | 84.07平米 | 北,https://ke-image.ljcdn.com/110000-inspection/pc1_cB5IdDFhw_1.jpg!m_fill,w_280,h_210,f_jpg?from=ke.com
20240321,西城,广安门,101118441205,有钥匙随时可看二期北向复式满五唯一,445万,156635元/平,低楼层 (共10层) | 2005年 | 1室1厅 | 28.41平米 | 北,https://ke-image.ljcdn.com/110000-inspection/pc1_H55LC45LA_1.jpg!m_fill,w_280,h_210,f_jpg?from=ke.com
20240321,西城,广安门,101118416639,荣丰2008 三期复式 满五唯一拎包入住,520万,173855元/平,中楼层 (共16层) | 2007年 | 1室1厅 | 29.91平米 | 北,https://ke-image.ljcdn.com/110000-inspection/pc1_w9dMm40eL_1.jpg!m_fill,w_280,h_210,f_jpg?from=ke.com
20240321,西城,广安门,101118382117,2016年新小区有燃气采光好户型方正,815万,128732元/平,中楼层 (共12层) | 2015年 | 2室1厅 | 63.31平米 | 西,https://ke-image.ljcdn.com/110000-inspection/pc1_Gn8YxIE3e.jpg!m_fill,w_280,h_210,f_jpg?from=ke.com
20240321,西城,广安门,101118381852,朗琴园 东南大三居 满五唯一 高品质商品房 产权清晰,1930万,109015元/平,低楼层 (共27层) | 2002年 | 3室1厅 | 177.04平米 | 东南,https://ke-image.ljcdn.com/110000-inspection/fb8b8954-b6f2-4921-9003-c9685ca09db6_1000.jpg!m_fill,w_280,h_210,f_jpg?from=ke.com
20240321,西城,广安门,101118363591,荣丰2008三期精装西向复式满五唯一无遮挡采光好房主自荐,625万,160052元/平,高楼层 (共16层) | 2007年 | 1室1厅 | 39.05平米 | 西,https://ke-image.ljcdn.com/110000-inspection/c6b9d100-4519-4dbf-b5e6-42b17cb3a4f9_1000.jpg!m_fill,w_280,h_210,f_jpg?from=ke.com
20240321,西城,广安门,101118352672,荣丰2008小区  二期朝南复式 无抵押,518万,162383元/平,中楼层 (共20层) | 2004年 | 1室1厅 | 31.9平米 | 南,https://ke-image.ljcdn.com/110000-inspection/pc1_u2GBGhftU_1.jpg!m_fill,w_280,h_210,f_jpg?from=ke.com
20240321,西城,广安门,101118320417,西豪逸景两居室满五年唯一无抵押业主诚意出售,750万,94174元/平,低楼层 (共28层) 2室1厅 | 79.64平米 | 西 北,https://ke-image.ljcdn.com/110000-inspection/pc1_VMipdGHT2.jpg!m_fill,w_280,h_210,f_jpg?from=ke.com
20240321,西城,广安门,101118272803,荣丰满五唯一 视野/采光好无抵押精装修拎包入住,423万,160471元/平,中楼层 (共26层) | 2006年 | 1室1厅 | 26.36平米 | 东,https://ke-image.ljcdn.com/110000-inspection/15b1ffba-a5b2-46ad-bb39-66b1a45e40e7_1000.jpg!m_fill,w_280,h_210,f_jpg?from=ke.com
20240321,西城,广安门,101118250530,西城广安门、小马厂西里、南北通透、带电梯房主自荐,655万,94654元/平,低楼层 (共12层) | 1980年 | 2室1厅 | 69.2平米 | 南 北,https://ke-image.ljcdn.com/110000-inspection/pc1_1ugPnjYZf_1.jpg!m_fill,w_280,h_210,f_jpg?from=ke.com
20240321,西城,广安门,101118214945,西城广外复式三居  满五唯一 采光好正对小区花园,1280万,96568元/平,高楼层 (共6层) | 1994年 | 3室2厅 | 132.55平米 | 东 西,https://ke-image.ljcdn.com/110000-inspection/pc1_DdHFkLARU_1.jpg!m_fill,w_280,h_210,f_jpg?from=ke.com
20240321,西城,广安门,101118161581,红居南街6号院朝南一居室  低楼层业主诚售房主自荐,426万,103298元/平,低楼层 (共6层) | 1986年 | 1室1厅 | 41.24平米 | 南,https://ke-image.ljcdn.com/110000-inspection/a7f0911c-fa08-493e-a857-95eaa08c99ed_1000.jpg!m_fill,w_280,h_210,f_jpg?from=ke.com
20240321,西城,广安门,101118056340,丽水莲花东西通透两居视野开阔采光充足,1249万,128817元/平,中楼层 (共18层) | 2009年 | 2室1厅 | 96.96平米 | 东 西,https://ke-image.ljcdn.com/110000-inspection/pc1_z9t5yiEcO.jpg!m_fill,w_280,h_210,f_jpg?from=ke.com
20240321,西城,广安门,101117851671,西城-广外-车站西街17号院东西通透三居室-带电梯,670万,87904元/平,高楼层 (共18层) 3室1厅 | 76.22平米 | 东 西,https://ke-image.ljcdn.com/110000-inspection/b338ed8e-298d-4c69-8110-57a3178a83f4_1000.jpg!m_fill,w_280,h_210,f_jpg?from=ke.com
20240321,西城,广安门,101117753135,远见名苑西南向带燃气两居业主诚售看房提前预约,745万,99294元/平,低楼层 (共26层) | 2004年 | 2室1厅 | 75.03平米 | 西南,https://ke-image.ljcdn.com/110000-inspection/pc1_9b9G4rcdE_1.jpg!m_fill,w_280,h_210,f_jpg?from=ke.com
20240321,西城,广安门,101117695154,广安门公园旁 大四居精装上下跃层 双地铁！,1680万,91985元/平,低楼层 (共28层) | 1999年 | 4室2厅 | 182.64平米 | 东,https://ke-image.ljcdn.com/110000-inspection/2c90997b-a33f-4966-89a5-8806e23f56b1_1000.jpg!m_fill,w_280,h_210,f_jpg?from=ke.com
20240321,西城,广安门,101117658692,荣丰2008一期开间  高楼层 采光好 满五年唯一,375万,110360元/平,高楼层 (共26层) | 2003年 | 1室0厅 | 33.98平米 | 西,https://ke-image.ljcdn.com/110000-inspection/5f4bb02b-54e1-4869-8747-cff0b8f02018_1000.jpg!m_fill,w_280,h_210,f_jpg?from=ke.com
20240321,西城,广安门,101117635482,西城荣丰新上房源南北都有窗对花园通风好,425万,165306元/平,中楼层 (共26层) | 2003年 | 1室0厅 | 25.71平米 | 南 北,https://ke-image.ljcdn.com/110000-inspection/a770e981-7711-4543-8764-ece6911c2afa_1000.jpg!m_fill,w_280,h_210,f_jpg?from=ke.com
20240321,西城,广安门,101117599188,莲花池南里一居室 朝南户型 无遮挡,245万,64137元/平,顶层 (共6层) 1室1厅 | 38.2平米 | 南,https://ke-image.ljcdn.com/110000-inspection/pc1_EmZq7bBnr.jpg!m_fill,w_280,h_210,f_jpg?from=ke.com
20240321,西城,广安门,101117592119,建筑设计研究院 满五年一手房业主,1141万,79936元/平,顶层 (共6层) 5室2厅 | 142.74平米 | 东 西,https://ke-image.ljcdn.com/110000-inspection/pc1_TTOxDz2RL_1.jpg!m_fill,w_280,h_210,f_jpg?from=ke.com
20240321,西城,广安门,101117392871,西城区 上下两层复式结构  正南向无遮挡,485万,147686元/平,中楼层 (共10层) | 2005年 | 2室1厅 | 32.84平米 | 南,https://ke-image.ljcdn.com/110000-inspection/pc1_yq5zNJxgh.jpg!m_fill,w_280,h_210,f_jpg?from=ke.com
20240321,西城,广安门,101117292418,西城区  荣丰2008  三期大复式   满五唯一   诚售,655万,165196元/平,中楼层 (共16层) | 2007年 | 1室1厅 | 39.65平米 | 南,https://ke-image.ljcdn.com/110000-inspection/pc1_CJvYDU8Xv.jpg!m_fill,w_280,h_210,f_jpg?from=ke.com
20240321,西城,广安门,101117282392,西城70年产权普通住宅 商品房 南向 无抵押 精装修,380万,159664元/平,低楼层 (共26层) | 2006年 | 1室0厅 | 23.8平米 | 南,https://ke-image.ljcdn.com/110000-inspection/ca246a99-c783-452a-99e2-3b542af8951b_1000.jpg!m_fill,w_280,h_210,f_jpg?from=ke.com
20240321,西城,广安门,101117271974,远见国际公寓精装两居室视野好临莲花河。房主自荐,760万,90401元/平,中楼层 (共26层) 2室1厅 | 84.07平米 | 西,https://ke-image.ljcdn.com/110000-inspection/7a5c8772-9d2c-49a4-988c-8ac6e49e6ba5_1000.jpg!m_fill,w_280,h_210,f_jpg?from=ke.com
20240321,西城,广安门,101117021366,朗琴园复式四居室满五年唯一花园式商品房房主自荐,1980万,114577元/平,底层 (共16层) | 2003年 | 4室2厅 | 172.81平米 | 东 西,https://ke-image.ljcdn.com/110000-inspection/pc1_2E5areac3_1.jpg!m_fill,w_280,h_210,f_jpg?from=ke.com
20240321,西城,广安门,101116855596,荣丰四期开间带燃气明厨明卫落地窗视野开阔,580万,96893元/平,中楼层 (共20层) | 2008年 | 1室1厅 | 59.86平米 | 北,https://ke-image.ljcdn.com/110000-inspection/pc1_hLbTUZGqE_1.jpg!m_fill,w_280,h_210,f_jpg?from=ke.com
20240321,西城,广安门,101116724197,北向复式 购买此房仅有契税 精装修,465万,168296元/平,中楼层 (共20层) | 2004年 | 1室1厅 | 27.63平米 | 北,https://ke-image.ljcdn.com/110000-inspection/pc1_0jfzb3Vir_1.jpg!m_fill,w_280,h_210,f_jpg?from=ke.com
20240321,西城,广安门,101116710428,远见国际公寓 1室1厅 南,700万,99858元/平,高楼层 (共26层) | 2010年 | 1室1厅 | 70.1平米 | 南,https://ke-image.ljcdn.com/110000-inspection/pc1_DvoRvKIFO_1.jpg!m_fill,w_280,h_210,f_jpg?from=ke.com
20240321,西城,广安门,101116613562,二期复式4.8米挑高使用面积大诚心出售,460万,161291元/平,低楼层 (共12层) | 2005年 | 1室1厅 | 28.52平米 | 北,https://ke-image.ljcdn.com/110000-inspection/5246ff9a-8b7f-4ea0-a7e8-2bb257258f9f_1000.jpg!m_fill,w_280,h_210,f_jpg?from=ke.com
20240321,西城,广安门,101115349169,远见名苑精装商品房 满五年唯一 户型方正,485万,99061元/平,高楼层 (共21层) | 2004年 | 1室0厅 | 48.96平米 | 北,https://ke-image.ljcdn.com/110000-inspection/240e6d82-05a6-4574-87c0-1759eb806c13_1000.jpg!m_fill,w_280,h_210,f_jpg?from=ke.com
20240321,西城,广安门,101115321057,此房满五高楼层没有抵押可以随时交易,550万,91226元/平,中楼层 (共24层) | 2004年 | 1室0厅 | 60.29平米 | 西,https://ke-image.ljcdn.com/110000-inspection/611e035a-3be3-4fd9-8b39-49942504768d_1000.jpg!m_fill,w_280,h_210,f_jpg?from=ke.com
20240321,西城,广安门,101113619786,一梯三户电梯直达车库满五唯一得房率83.55%视野好房主自荐,616万,126463元/平,中楼层 (共16层) | 2003年 | 1室1厅 | 48.71平米 | 东,https://ke-image.ljcdn.com/110000-inspection/pc1_Qy8YbgGOC_1.jpg!m_fill,w_280,h_210,f_jpg?from=ke.com
20240321,西城,广安门,101112693369,西城区广安门外大街182号南向诚心出售,498万,102071元/平,中楼层 (共26层) | 2010年 | 1室1厅 | 48.79平米 | 南,https://ke-image.ljcdn.com/110000-inspection/pc1_N2KwMdsg2_1.jpg!m_fill,w_280,h_210,f_jpg?from=ke.com
20240321,西城,广安门,101123516553,荣丰2008小区 二期复式 满五年唯一,375万,121399元/平,中楼层 (共20层) | 2004年 | 1室1厅 | 30.89平米 | 北,https://s1.ljcdn.com/pegasus/redskull/images/common/default_house_list.png?_v=20240306121103
20240321,西城,广安门,101123499352,新上 车站西街 中间楼层 精装修 南向一居新上,406万,86753元/平,中楼层 (共6层) | 1992年 | 1室1厅 | 46.8平米 | 南,https://s1.ljcdn.com/pegasus/redskull/images/common/default_house_list.png?_v=20240306121103
20240321,西城,广安门,101123497717,远见名苑 2室1厅 东新上,920万,109720元/平,中楼层 (共26层) 2室1厅 | 83.85平米 | 东,https://s1.ljcdn.com/pegasus/redskull/images/common/default_house_list.png?_v=20240306121103
20240321,西城,广安门,101123475670,两梯六户 两卫的正规两居室 诚心出售 欢迎实地看房新上,1150万,101933元/平,中楼层 (共14层) 2室2厅 | 112.82平米 | 西北,https://s1.ljcdn.com/pegasus/redskull/images/common/default_house_list.png?_v=20240306121103
20240321,西城,广安门,101123472508,红山大院精装朝东62平户型 高层视野采光好诚售可谈新上,325万,52743元/平,高楼层 (共25层) | 2012年 | 1室1厅 | 61.62平米 | 东,https://s1.ljcdn.com/pegasus/redskull/images/common/default_house_list.png?_v=20240306121103
20240321,西城,广安门,101123469051,西城区广安门外大街荣丰四期精装复式出售新上,740万,148595元/平,高楼层 (共20层) | 2008年 | 2室1厅 | 49.8平米 | 西,https://s1.ljcdn.com/pegasus/redskull/images/common/default_house_list.png?_v=20240306121103
20240321,西城,广安门,101123455405,小马厂东里 1室1厅 南新上,529万,90738元/平,中楼层 (共17层) | 1988年 | 1室1厅 | 58.3平米 | 南,https://s1.ljcdn.com/pegasus/redskull/images/common/default_house_list.png?_v=20240306121103
20240321,西城,广安门,101123449576,满五唯一 精装修 中间楼层采光视野佳新上,398万,140438元/平,中楼层 (共10层) | 2005年 | 1室1厅 | 28.34平米 | 北,https://s1.ljcdn.com/pegasus/redskull/images/common/default_house_list.png?_v=20240306121103
20240321,西城,广安门,101123449420,蝶翠华庭 3室2厅 东南 西北新上,1420万,112316元/平,高楼层 (共29层) | 2004年 | 3室2厅 | 126.43平米 | 东南 西北,https://s1.ljcdn.com/pegasus/redskull/images/common/default_house_list.png?_v=20240306121103
20240321,西城,广安门,101123437319,莲花池东路24号院 3室1厅 南 北新上,980万,102009元/平,顶层 (共6层) | 1999年 | 3室1厅 | 96.07平米 | 南 北,https://s1.ljcdn.com/pegasus/redskull/images/common/default_house_list.png?_v=20240306121103
20240321,西城,广安门,101123335085,店长推荐 荣丰 南向一居 满2年原308万（等同满5唯一）房主自荐,320万,134454元/平,中楼层 (共26层) | 2006年 | 1室0厅 | 23.8平米 | 南,https://s1.ljcdn.com/pegasus/redskull/images/common/default_house_list.png?_v=20240306121103
20240321,西城,广安门,101123293437,东向中间楼层视野开阔 交通便利诚意出售,398万,155957元/平,中楼层 (共26层) | 2003年 | 1室1厅 | 25.52平米 | 东,https://s1.ljcdn.com/pegasus/redskull/images/common/default_house_list.png?_v=20240306121103
20240321,西城,广安门,101123284505,红山4号楼商办精装修高楼层朝东可自用！,345万,52234元/平,中楼层 (共25层) 1室0厅 | 66.05平米 | 东,https://s1.ljcdn.com/pegasus/redskull/images/common/default_house_list.png?_v=20240306121103
20240321,西城,广安门,101123283166,西城广外楼龄新中低楼层随时可签约,525万,93317元/平,底层 (共6层) 2室1厅 | 56.26平米 | 南 北,https://s1.ljcdn.com/pegasus/redskull/images/common/default_house_list.png?_v=20240306121103
20240321,西城,广安门,101123282597,荣丰2008 1室1厅 北,450万,161522元/平,中楼层 (共20层) | 2004年 | 1室1厅 | 27.86平米 | 北,https://s1.ljcdn.com/pegasus/redskull/images/common/default_house_list.png?_v=20240306121103
20240321,西城,广安门,101123266217,西城朗琴园正规一室一厅中楼层满五唯一诚心出售,709万,120456元/平,高楼层 (共29层) 1室1厅 | 58.86平米 | 北,https://s1.ljcdn.com/pegasus/redskull/images/common/default_house_list.png?_v=20240306121103
20240321,西城,广安门,101123262030,远见国际公寓 东向开间楼层高视野好楼下就是地铁,460万,98692元/平,高楼层 (共26层) | 2010年 | 1室0厅 | 46.61平米 | 东,https://s1.ljcdn.com/pegasus/redskull/images/common/default_house_list.png?_v=20240306121103
20240321,西城,广安门,101123256756,西城广安门   广安小区  南北通透三居室,1200万,97728元/平,底层 (共7层) 3室2厅 | 122.79平米 | 南 北,https://s1.ljcdn.com/pegasus/redskull/images/common/default_house_list.png?_v=20240306121103
20240321,西城,广安门,101123249638,管家式服务人车分流品质小区,445万,62117元/平,低楼层 (共25层) 1室1厅 | 71.64平米 | 东,https://s1.ljcdn.com/pegasus/redskull/images/common/default_house_list.png?_v=20240306121103
20240321,西城,广安门,101123230834,西城区 朗琴园 广安门 观景两居室 能看一半大花园房主自荐,1200万,136318元/平,低楼层 (共29层) | 2006年 | 2室1厅 | 88.03平米 | 东,https://s1.ljcdn.com/pegasus/redskull/images/common/default_house_list.png?_v=20240306121103
20240321,西城,广安门,101123215613,荣丰2008 1室0厅 西,520万,104418元/平,低楼层 (共20层) | 2008年 | 1室0厅 | 49.8平米 | 西,https://s1.ljcdn.com/pegasus/redskull/images/common/default_house_list.png?_v=20240306121103
20240321,西城,广安门,101123208448,小红庙大院里 南北通透 三居室 户型方正 精装修,698万,99986元/平,顶层 (共6层) | 1983年 | 3室1厅 | 69.81平米 | 南 北,https://s1.ljcdn.com/pegasus/redskull/images/common/default_house_list.png?_v=20240306121103
20240321,西城,广安门,101123204626,熔炼厂宿舍 2室1厅 东 北房主自荐,500万,81660元/平,底层 (共6层) 2室1厅 | 61.23平米 | 东 北,https://s1.ljcdn.com/pegasus/redskull/images/common/default_house_list.png?_v=20240306121103
20240321,西城,广安门,101123187937,西城一居 自如装修 采光视野好 地铁七号线16号线,358万,97681元/平,中楼层 (共26层) 1室0厅 | 36.65平米 | 东,https://s1.ljcdn.com/pegasus/redskull/images/common/default_house_list.png?_v=20240306121103
20240321,西城,广安门,101123162573,红山世家 华润置地开发24小时管家刷卡入户可注册,240万,55789元/平,中楼层 (共15层) | 2011年 | 1室0厅 | 43.02平米 | 西,https://s1.ljcdn.com/pegasus/redskull/images/common/default_house_list.png?_v=20240306121103
20240321,西城,广安门,101123155089,远见名苑二期 2室1厅 南,1300万,131619元/平,低楼层 (共20层) | 2004年 | 2室1厅 | 98.77平米 | 南,https://s1.ljcdn.com/pegasus/redskull/images/common/default_house_list.png?_v=20240306121103
20240321,西城,广安门,101123143844,西城区 红山世家  小户型 临地铁沿线 品牌物业 诚售,325万,52743元/平,低楼层 (共25层) 1室0厅 | 61.62平米 | 东,https://s1.ljcdn.com/pegasus/redskull/images/common/default_house_list.png?_v=20240306121103
20240321,西城,广安门,101123096769,红山11号楼132.36平朝东户型 中高层采光好诚售可看！,930万,70263元/平,中楼层 (共21层) | 2013年 | 2室1厅 | 132.36平米 | 东,https://s1.ljcdn.com/pegasus/redskull/images/common/default_house_list.png?_v=20240306121103
20240321,西城,广安门,101123092343,西城南向一居室高楼层采光好,645万,88612元/平,高楼层 (共28层) 1室1厅 | 72.79平米 | 南,https://s1.ljcdn.com/pegasus/redskull/images/common/default_house_list.png?_v=20240306121103
20240321,西城,广安门,101123073033,荣丰2008 正南向 无遮挡二期大复式 中高层 满五唯一,475万,134371元/平,中楼层 (共20层) 2室1厅 | 35.35平米 | 南,https://s1.ljcdn.com/pegasus/redskull/images/common/default_house_list.png?_v=20240306121103
20240321,西城,广安门,101123057834,西城区荣丰三期精装复式出售满五年唯一,500万,157431元/平,中楼层 (共16层) | 2007年 | 1室1厅 | 31.76平米 | 东,https://s1.ljcdn.com/pegasus/redskull/images/common/default_house_list.png?_v=20240306121103
20240321,西城,广安门,101123038619,满五年唯一户型方正带燃气诚心出售,369万,96144元/平,低楼层 (共26层) | 2006年 | 1室1厅 | 38.38平米 | 北,https://s1.ljcdn.com/pegasus/redskull/images/common/default_house_list.png?_v=20240306121103
20240321,西城,广安门,101123000463,广安门外大街305号8区 业主诚心卖,360万,115607元/平,低楼层 (共16层) 1室0厅 | 31.14平米 | 东,https://s1.ljcdn.com/pegasus/redskull/images/common/default_house_list.png?_v=20240306121103
20240321,西城,广安门,101122954853,西城广安门 朗琴园全明格局两居室,1060万,142935元/平,中楼层 (共29层) 2室1厅 | 74.16平米 | 东北,https://s1.ljcdn.com/pegasus/redskull/images/common/default_house_list.png?_v=20240306121103
20240321,西城,广安门,101122909152,广华轩 3室2厅 南,1300万,96461元/平,顶层 (共24层) | 2000年 | 3室2厅 | 134.77平米 | 南,https://s1.ljcdn.com/pegasus/redskull/images/common/default_house_list.png?_v=20240306121103
20240321,西城,广安门,101122848279,莲花池东路24号院南向两居室业主诚意出售,819万,93718元/平,低楼层 (共24层) | 1999年 | 2室1厅 | 87.39平米 | 南,https://s1.ljcdn.com/pegasus/redskull/images/common/default_house_list.png?_v=20240306121103
20240321,西城,广安门,101122807753,荣丰2008 1室1厅 西,405万,114602元/平,高楼层 (共14层) 1室1厅 | 35.34平米 | 西,https://s1.ljcdn.com/pegasus/redskull/images/common/default_house_list.png?_v=20240306121103
20240321,西城,广安门,101122664205,红山大院精装62平朝西户型 中高层对花园 视野采光好,325万,52743元/平,中楼层 (共25层) 1室1厅 | 61.62平米 | 西,https://s1.ljcdn.com/pegasus/redskull/images/common/default_house_list.png?_v=20240306121103
20240321,西城,广安门,101122578835,红山世家 2012年新小区 环境好 交通便利 配套齐全,213万,49535元/平,高楼层 (共15层) 1室0厅 | 43平米 | 西,https://s1.ljcdn.com/pegasus/redskull/images/common/default_house_list.png?_v=20240306121103
20240321,西城,广安门,101122269594,西城区 上下复式 挑高4.8米  户型方正,618万,123010元/平,中楼层 (共20层) | 2004年 | 3室2厅 | 50.24平米 | 南 北,https://s1.ljcdn.com/pegasus/redskull/images/common/default_house_list.png?_v=20240306121103
20240321,西城,广安门,101122145988,西城华润盘24小时管家刷卡入户可注册,200万,50595元/平,中楼层 (共15层) | 2012年 | 1室0厅 | 39.53平米 | 西,https://s1.ljcdn.com/pegasus/redskull/images/common/default_house_list.png?_v=20240306121103
20240321,西城,广安门,101122121930,红山世家产权车位业主变现诚意出售,85万,18300元/平,地下室 (共1层) 1室0厅 | 46.45平米 | 南,https://ke-image.ljcdn.com/110000-inspection/89a7b6c478268b42ab9b0ddaa8606d6a-069.jpg!m_fill,w_280,h_210,f_jpg?from=ke.com
20240321,西城,广安门,101121984700,红山世家 1室0厅 东,215万,57303元/平,低楼层 (共15层) | 2011年 | 1室0厅 | 37.52平米 | 东,https://s1.ljcdn.com/pegasus/redskull/images/common/default_house_list.png?_v=20240306121103
20240321,西城,广安门,101121712193,远见名苑商品房落地窗两居室诚意出售房主自荐,750万,97113元/平,高楼层 (共21层) 2室1厅 | 77.23平米 | 西北,https://s1.ljcdn.com/pegasus/redskull/images/common/default_house_list.png?_v=20240306121103
20240321,西城,广安门,101121671399,红山世家朝东对花园商办类开间,218万,53524元/平,中楼层 (共15层) | 2012年 | 1室0厅 | 40.73平米 | 东,https://s1.ljcdn.com/pegasus/redskull/images/common/default_house_list.png?_v=20240306121103
20240321,西城,广安门,101121306608,红山世家 1室1厅 东,437万,61000元/平,中楼层 (共25层) | 2012年 | 1室1厅 | 71.64平米 | 东,https://s1.ljcdn.com/pegasus/redskull/images/common/default_house_list.png?_v=20240306121103
20240321,西城,广安门,101120653277,红山42平50年产权商办房 高楼层视野采光好诚售可谈,187万,44866元/平,顶层 (共15层) | 2012年 | 1室0厅 | 41.68平米 | 西,https://s1.ljcdn.com/pegasus/redskull/images/common/default_house_list.png?_v=20240306121103
20240321,西城,广安门,101120623092,红山世家 车位,81万,22053元/平,地下室 | 2011年 | 1室0厅 | 36.73平米 | 东南 西北,https://ke-image.ljcdn.com/110000-inspection/d55085bb3e680ce7fcaf05c8f2090f7d-073.jpg!m_fill,w_280,h_210,f_jpg?from=ke.com
20240321,西城,广安门,101120298014,红山9号楼58平商办房 中楼层视野采光好诚售可谈！,359万,64016元/平,中楼层 (共15层) | 2012年 | 1室1厅 | 56.08平米 | 西北,https://s1.ljcdn.com/pegasus/redskull/images/common/default_house_list.png?_v=20240306121103
20240321,西城,广安门,101120170452,荣丰2008小区 地下产权车位,60万,13121元/平,地下室 (共1层) | 2008年 | 1室0厅 | 45.73平米 | 东 南 西 北,https://s1.ljcdn.com/pegasus/redskull/images/common/default_house_list.png?_v=20240306121103
20240321,西城,广安门,101119898570,西城恒昌花园四居100万精装修莲花河边直接入住,1700万,77102元/平,中楼层 (共28层) | 1998年 | 4室2厅 | 220.49平米 | 西北,https://ke-image.ljcdn.com/110000-inspection/rsp_pic_uploaddd25322f-6315-4e1a-b687-bb022efe5934.jpg!m_fill,w_280,h_210,f_jpg?from=ke.com
20240321,西城,广安门,101119883415,红山世家 华润置地开发 24小时管家刷卡入户可注册,219万,51615元/平,低楼层 (共15层) | 2011年 | 1室0厅 | 42.43平米 | 西,https://s1.ljcdn.com/pegasus/redskull/images/common/default_house_list.png?_v=20240306121103
20240321,西城,广安门,101119612940,店长推荐红山大院里开发商装修小区新视野采光好,365万,50914元/平,高楼层 (共25层) 1室1厅 | 71.69平米 | 北,https://s1.ljcdn.com/pegasus/redskull/images/common/default_house_list.png?_v=20240306121103
20240321,西城,广安门,101119395404,华润开发10年楼龄24小时管家配套齐全诚意卖,199万,50342元/平,低楼层 (共15层) | 2011年 | 1室0厅 | 39.53平米 | 西,https://s1.ljcdn.com/pegasus/redskull/images/common/default_house_list.png?_v=20240306121103
20240321,西城,广安门,101119250330,丽水莲花此车位位置好出行方便诚心出售,78万,18585元/平,地下室 (共24层) 1室0厅 | 41.97平米 | 西北,https://ke-image.ljcdn.com/110000-inspection/c99a42fbb435b51d5cd2836467041c2d-079.jpg!m_fill,w_280,h_210,f_jpg?from=ke.com
20240321,西城,广安门,101118189483,华润开发自持物业管理好24小时管家双地铁,225万,61325元/平,高楼层 (共15层) | 2011年 | 1室0厅 | 36.69平米 | 西,https://s1.ljcdn.com/pegasus/redskull/images/common/default_house_list.png?_v=20240306121103
20240321,西城,广安门,101116804739,红山世家 华润开发  社区环境好 近地铁,330万,53555元/平,中楼层 (共25层) | 2012年 | 1室0厅 | 61.62平米 | 西,https://s1.ljcdn.com/pegasus/redskull/images/common/default_house_list.png?_v=20240306121103
20240321,西城,广安门,101116395616,中间楼层视野采光好24小时管家刷卡入户,215万,54376元/平,中楼层 (共15层) | 2012年 | 1室1厅 | 39.54平米 | 西,https://s1.ljcdn.com/pegasus/redskull/images/common/default_house_list.png?_v=20240306121103
20240321,西城,广安门,101112560648,西二环 红山世家 集中供暖 落地窗采光好,358万,58004元/平,低楼层 (共25层) | 2012年 | 1室1厅 | 61.72平米 | 北,https://s1.ljcdn.com/pegasus/redskull/images/common/default_house_list.png?_v=20240306121103
