20240612,朝阳,东大桥,101124623852,电梯小两居满五年唯一高楼层采光视野好必看好房,450万,87277元/平,高楼层 (共15层) 2室1厅 | 51.56平米 | 东南,https://ke-image.ljcdn.com/110000-inspection/a2735c7e-6f17-4048-9cad-d19db334b6d0_1000.jpg!m_fill,w_280,h_210,f_jpg?from=ke.com
20240612,朝阳,东大桥,101124521713,核桃园北里 2室1厅 南 北必看好房,640万,97235元/平,中楼层 (共5层) | 1995年 | 2室1厅 | 65.82平米 | 南 北,https://ke-image.ljcdn.com/110000-inspection/pc1_jRSW5JbfK_1.jpg!m_fill,w_280,h_210,f_jpg?from=ke.com
20240612,朝阳,东大桥,101123976888,工体南路 带电梯 东南朝向三居室 独门独院管理好必看好房,725万,82528元/平,低楼层 (共18层) 3室1厅 | 87.85平米 | 东南,https://ke-image.ljcdn.com/110000-inspection/02628b08-fbc2-4398-a0d7-9b5a5045feb0_1000.jpg!m_fill,w_280,h_210,f_jpg?from=ke.com
20240612,朝阳,东大桥,101123409283,向军北里精装40万唯一一个白小八十必看好房,540万,84986元/平,低楼层 (共6层) 3室1厅 | 63.54平米 | 西北,https://ke-image.ljcdn.com/110000-inspection/afc93273-4c7d-4262-86d1-70f9a48a46b1_1000.jpg!m_fill,w_280,h_210,f_jpg?from=ke.com
20240612,朝阳,东大桥,101123067117,向军北里满五唯一可以看房中楼层。诚意出售必看好房,462万,80460元/平,中楼层 (共6层) 2室1厅 | 57.42平米 | 北 南,https://ke-image.ljcdn.com/110000-inspection/c40fd2d7-a057-46d3-a454-3ff54570a500_1000.jpg!m_fill,w_280,h_210,f_jpg?from=ke.com
20240612,朝阳,东大桥,101124551707,南向正规一居室民水民电有燃气拎包入住,715万,79225元/平,低楼层 (共42层) | 2005年 | 1室1厅 | 90.25平米 | 南,https://ke-image.ljcdn.com/110000-inspection/c44ecde1-3538-45df-8d88-3f97c58108c6_1000.jpg!m_fill,w_280,h_210,f_jpg?from=ke.com
20240612,朝阳,东大桥,101124476741,工体东路南向两居室精装修交通便利看房随时,368万,76843元/平,底层 (共5层) 2室1厅 | 47.89平米 | 南,https://ke-image.ljcdn.com/110000-inspection/d296699b-eb60-447a-89ba-605c4ae59aeb_1000.jpg!m_fill,w_280,h_210,f_jpg?from=ke.com
20240612,朝阳,东大桥,101123774465,向军北里南北向三居室 满五年  高层视野好,480万,72464元/平,顶层 (共6层) 3室1厅 | 66.24平米 | 北 南,https://ke-image.ljcdn.com/110000-inspection/pc1_btekh7bdO_1.jpg!m_fill,w_280,h_210,f_jpg?from=ke.com
20240612,朝阳,东大桥,101123211037,农丰里 南北通透  三层 40万精装 产权清晰随时签约房主自荐,568万,88240元/平,中楼层 (共6层) 2室1厅 | 64.37平米 | 南 北,https://ke-image.ljcdn.com/110000-inspection/a2be2744-49a4-4f3d-a282-a67e3340e680_1000.jpg!m_fill,w_280,h_210,f_jpg?from=ke.com
20240612,朝阳,东大桥,101123206612,农丰里 朝南三居室 有电梯 中楼层 白家庄 看房方便必看好房,785万,86703元/平,中楼层 (共16层) 3室1厅 | 90.54平米 | 南,https://ke-image.ljcdn.com/110000-inspection/bd69f1b0-c899-494f-ae51-75ebb69dc53a_1000.jpg!m_fill,w_280,h_210,f_jpg?from=ke.com
20240612,朝阳,东大桥,101122587665,核桃园北里 双南向两居室  采光充足必看好房,446万,77741元/平,顶层 (共6层) 2室1厅 | 57.37平米 | 南,https://ke-image.ljcdn.com/110000-inspection/a5a5d78c-e1b7-454f-b914-fc1d853cff6a_1000.jpg!m_fill,w_280,h_210,f_jpg?from=ke.com
20240612,朝阳,东大桥,101122322977,【宜居社区 】【 工体南路西社区   】必看好房,285万,69530元/平,中楼层 (共5层) 2室1厅 | 40.99平米 | 南 北,https://ke-image.ljcdn.com/110000-inspection/8b0eb4a8-5e9e-490c-9e37-8dd2d5ff90ed_1000.jpg!m_fill,w_280,h_210,f_jpg?from=ke.com
20240612,朝阳,东大桥,101121742292,核桃园北里 东南一居室 带电梯  业主诚意出售必看好房,415万,94771元/平,低楼层 (共15层) 1室1厅 | 43.79平米 | 东南,https://ke-image.ljcdn.com/110000-inspection/90c9c206-e061-411e-af45-76cbc29ee3c4_1000.jpg!m_fill,w_280,h_210,f_jpg?from=ke.com
20240612,朝阳,东大桥,101121070965,三里屯 白家庄 南北三居室高楼层视野好必看好房,610万,73913元/平,顶层 (共6层) 3室1厅 | 82.53平米 | 南 北,https://ke-image.ljcdn.com/110000-inspection/58ad71a9-1f5d-449e-894d-c8ce964ced7f_1000.jpg!m_fill,w_280,h_210,f_jpg?from=ke.com
20240612,朝阳,东大桥,101119796228,白家庄 核桃园北里 朝阳医院 高楼层东南向 精装修必看好房,578万,89033元/平,中楼层 (共18层) 2室1厅 | 64.92平米 | 东南,https://ke-image.ljcdn.com/110000-inspection/pc1_V3VQ4FM3v_1.jpg!m_fill,w_280,h_210,f_jpg?from=ke.com
20240612,朝阳,东大桥,101124738901,北京财富中心 2室1厅 北必看好房,970万,71408元/平,中楼层 (共42层) 2室1厅 | 135.84平米 | 北,https://ke-image.ljcdn.com/110000-inspection/pc1_u4ck5iW9X.jpg!m_fill,w_280,h_210,f_jpg?from=ke.com
20240612,朝阳,东大桥,101124733195,向军北里双南向两居室满五年业主北京唯一住房房主自荐,480万,84167元/平,底层 (共14层) 2室1厅 | 57.03平米 | 南,https://ke-image.ljcdn.com/110000-inspection/9cd08396-8009-406e-b7e2-3d9c99692e49_1000.jpg!m_fill,w_280,h_210,f_jpg?from=ke.com
20240612,朝阳,东大桥,101124718671,新城国际 2室2厅 东 北 南必看好房,1400万,102213元/平,高楼层 (共31层) | 2005年 | 2室2厅 | 136.97平米 | 东 北 南,https://ke-image.ljcdn.com/110000-inspection/70ef4567-a5bb-48ca-93c3-8ad18b5f4a0d_1000.jpg!m_fill,w_280,h_210,f_jpg?from=ke.com
20240612,朝阳,东大桥,101124561622,世茂宫园 板楼南北通透三居室 满五唯一 可看房,1800万,80268元/平,中楼层 (共7层) 3室1厅 | 224.25平米 | 南 北,https://ke-image.ljcdn.com/110000-inspection/766ca665-21e3-4fc5-91f4-cba1144135db_1000.jpg!m_fill,w_280,h_210,f_jpg?from=ke.com
20240612,朝阳,东大桥,101123651212,诚意出售 随时看房 业主在京随时见面必看好房,1130万,91196元/平,低楼层 (共29层) 2室1厅 | 123.91平米 | 东 东南,https://ke-image.ljcdn.com/110000-inspection/4732e6dd-6d38-4fee-b7af-a8ffb5970e0e_1000.jpg!m_fill,w_280,h_210,f_jpg?from=ke.com
20240612,朝阳,东大桥,101123277194,喜欢国贸夜景的来看财富中西东南2居室必看好房,1088万,78409元/平,中楼层 (共42层) 2室1厅 | 138.76平米 | 东南,https://ke-image.ljcdn.com/110000-inspection/5cb1a784-389e-4f88-93b7-d73b3248fd23_1000.jpg!m_fill,w_280,h_210,f_jpg?from=ke.com
20240612,朝阳,东大桥,101122249266,圣世一品 高楼层无遮挡 装修保养好房主自荐,1300万,84658元/平,高楼层 (共21层) 2室2厅 | 153.56平米 | 西,https://ke-image.ljcdn.com/110000-inspection/pc1_PW5ahC8Vz_1.jpg!m_fill,w_280,h_210,f_jpg?from=ke.com
20240612,朝阳,东大桥,101122050062,圣世一品 精装修两居室 2010年小区 封闭式管理,800万,83482元/平,低楼层 (共21层) 2室2厅 | 95.83平米 | 西北,https://ke-image.ljcdn.com/110000-inspection/pc1_9y22q4d6g.jpg!m_fill,w_280,h_210,f_jpg?from=ke.com
20240612,朝阳,东大桥,101121841218,世贸全南向2+1户型+高层采光足+视野可看长安街+房况好房主自荐,1550万,83294元/平,中楼层 (共30层) 2室1厅 | 186.09平米 | 南,https://ke-image.ljcdn.com/110000-inspection/ddfa4741-79bd-4919-a229-b3557107748b_1000.jpg!m_fill,w_280,h_210,f_jpg?from=ke.com
20240612,朝阳,东大桥,101121399700,观花园一居室有独立衣帽间可贷款有燃气,775万,85873元/平,低楼层 (共42层) 1室1厅 | 90.25平米 | 南,https://ke-image.ljcdn.com/110000-inspection/90213285-822c-41d8-863d-cc52580f7bd8_1000.jpg!m_fill,w_280,h_210,f_jpg?from=ke.com
20240612,朝阳,东大桥,101120092478,央视对望二次精装双采光明卫三居落地窗必看好房,1250万,75506元/平,低楼层 (共42层) | 2005年 | 3室1厅 | 165.55平米 | 东 北,https://ke-image.ljcdn.com/110000-inspection/pc1_MtFdRBmJ5.jpg!m_fill,w_280,h_210,f_jpg?from=ke.com
20240612,朝阳,东大桥,101117552604,新城国际4期 西南一居 层高3.05米 精装交付 随时签约,968万,106409元/平,中楼层 (共6层) | 2008年 | 1室1厅 | 90.97平米 | 西南,https://ke-image.ljcdn.com/110000-inspection/066e70e7-6016-44bd-a9a1-8f80ebe5abe7_1000.jpg!m_fill,w_280,h_210,f_jpg?from=ke.com
20240612,朝阳,东大桥,101124184406,世界城小区 位置好 小区环境好 朝南向 精装修,298万,52744元/平,高楼层 (共29层) | 2008年 | 1室0厅 | 56.5平米 | 南,https://s1.ljcdn.com/pegasus/redskull/images/common/default_house_list.png?_v=20240531152802801
20240612,朝阳,东大桥,101123435203,北京财富中心 2室1厅 北必看好房,950万,69684元/平,高楼层 (共42层) | 2005年 | 2室1厅 | 136.33平米 | 北,https://s1.ljcdn.com/pegasus/redskull/images/common/default_house_list.png?_v=20240531152802801
20240612,朝阳,东大桥,101122247206,工体东路全明格局中间楼层不临街,512万,77954元/平,中楼层 (共5层) 3室1厅 | 65.68平米 | 南 北,https://s1.ljcdn.com/pegasus/redskull/images/common/default_house_list.png?_v=20240531152802801
20240612,朝阳,东大桥,101124787291,农丰里新上房源双南向两居诚意卖新上,510万,92042元/平,中楼层 (共6层) 2室1厅 | 55.41平米 | 南,https://ke-image.ljcdn.com/110000-inspection/9da8e431-87be-48cf-bbbf-2b9c23d290d7_1000.jpg!m_fill,w_280,h_210,f_jpg?from=ke.com
20240612,朝阳,东大桥,101124787162,农业部、农丰里、六号线地铁口、南北向2+1户型新上,593万,92124元/平,中楼层 (共6层) 2室1厅 | 64.37平米 | 南 北,https://ke-image.ljcdn.com/110000-inspection/pc1_ZAfJExSku.jpg!m_fill,w_280,h_210,f_jpg?from=ke.com
20240612,朝阳,东大桥,101124767199,东大桥东里 芳草地 西南北向 精装修 采光好新上,669万,84173元/平,中楼层 (共16层) 2室1厅 | 79.48平米 | 西南 北,https://ke-image.ljcdn.com/110000-inspection/3edb47d1-f4dc-4660-80aa-574d7a786ca9_1000.jpg!m_fill,w_280,h_210,f_jpg?from=ke.com
20240612,朝阳,东大桥,101124701514,核桃园北里中间层精装修通透两居室采光好,520万,81263元/平,中楼层 (共6层) 2室1厅 | 63.99平米 | 东 西,https://ke-image.ljcdn.com/110000-inspection/40b37943-41be-4991-b28c-1764c7d36545_1000.jpg!m_fill,w_280,h_210,f_jpg?from=ke.com
20240612,朝阳,东大桥,101124661399,向军南里 2室1厅 东北,515万,77270元/平,中楼层 (共25层) 2室1厅 | 66.65平米 | 东北,https://ke-image.ljcdn.com/110000-inspection/6a086a1e-123d-43c1-88df-c7a412437d95_1000.jpg!m_fill,w_280,h_210,f_jpg?from=ke.com
20240612,朝阳,东大桥,101124594020,关东店北街 1室1厅 南,315万,101417元/平,地下室 (共5层) | 1978年 | 1室1厅 | 31.06平米 | 南,https://ke-image.ljcdn.com/110000-inspection/e25d7120-2e0a-48ca-93e0-95a299a32c93_1000.jpg!m_fill,w_280,h_210,f_jpg?from=ke.com
20240612,朝阳,东大桥,101124362844,工体东路 2室1厅 东 西,490万,80040元/平,中楼层 (共5层) 2室1厅 | 61.22平米 | 东 西,https://ke-image.ljcdn.com/110000-inspection/4a4ca57c-49db-49a4-a3a3-0d0dc001afd3_1000.jpg!m_fill,w_280,h_210,f_jpg?from=ke.com
20240612,朝阳,东大桥,101124297629,东大桥地铁口农业部家属楼农丰里中间楼层田字格三居室房主自荐,780万,98672元/平,低楼层 (共6层) 3室1厅 | 79.05平米 | 南 北,https://ke-image.ljcdn.com/110000-inspection/932fe30f-de92-4680-ad08-200639680f84_1000.jpg!m_fill,w_280,h_210,f_jpg?from=ke.com
20240612,朝阳,东大桥,101124284031,工体东路南向两居室交通便利有电梯有钥匙看房房主自荐,495万,85626元/平,低楼层 (共22层) 2室1厅 | 57.81平米 | 南,https://ke-image.ljcdn.com/110000-inspection/1718d990-ab67-469e-9d48-4bb6f7aa5b68_1000.jpg!m_fill,w_280,h_210,f_jpg?from=ke.com
20240612,朝阳,东大桥,101124273437,向军北里 南北通透 呼家楼地铁 中间楼层无遮挡,499万,86904元/平,中楼层 (共6层) 2室1厅 | 57.42平米 | 南 北,https://ke-image.ljcdn.com/110000-inspection/pc1_UfCikSyjq_1.jpg!m_fill,w_280,h_210,f_jpg?from=ke.com
20240612,朝阳,东大桥,101124228812,关东店北街 2室1厅 南,520万,83427元/平,高楼层 (共15层) 2室1厅 | 62.33平米 | 南,https://ke-image.ljcdn.com/110000-inspection/bd324020-9c1f-4480-91fe-ea6034329fc5_1000.jpg!m_fill,w_280,h_210,f_jpg?from=ke.com
20240612,朝阳,东大桥,101124192208,东大桥东里小区 -----优质房源推荐,299万,63631元/平,顶层 (共6层) 1室1厅 | 46.99平米 | 西,https://ke-image.ljcdn.com/110000-inspection/97e80ef9-ffa0-4132-8999-d33529b9a238_1000.jpg!m_fill,w_280,h_210,f_jpg?from=ke.com
20240612,朝阳,东大桥,101124173060,1层适合老人住无遮挡停车位充足,458万,85099元/平,底层 (共18层) | 1987年 | 2室0厅 | 53.82平米 | 东北,https://ke-image.ljcdn.com/110000-inspection/prod-ea7aa00e-aea7-4f48-814e-1431898c3f39.jpg!m_fill,w_280,h_210,f_jpg?from=ke.com
20240612,朝阳,东大桥,101124130120,旺座中心公寓 1室1厅 西,690万,59933元/平,低楼层 (共30层) 1室1厅 | 115.13平米 | 西,https://ke-image.ljcdn.com/110000-inspection/835f5523-9eaa-4727-b8e1-eaec3b5b1080_1000.jpg!m_fill,w_280,h_210,f_jpg?from=ke.com
20240612,朝阳,东大桥,101124129919,核桃园北里 带电梯 南向两居室 独立客厅 精装修,820万,110692元/平,高楼层 (共20层) | 1991年 | 2室1厅 | 74.08平米 | 南 北,https://ke-image.ljcdn.com/110000-inspection/19522164-2c23-4253-922d-b3f361bb459f_1000.jpg!m_fill,w_280,h_210,f_jpg?from=ke.com
20240612,朝阳,东大桥,101124080530,农丰里白家庄 中层南向带电梯 满五年 管理好,460万,92370元/平,中楼层 (共16层) 1室1厅 | 49.8平米 | 南,https://ke-image.ljcdn.com/110000-inspection/1f80e6f2-66da-48fc-b225-041b36af0d57_1000.jpg!m_fill,w_280,h_210,f_jpg?from=ke.com
20240612,朝阳,东大桥,101124074974,向军北里 2室1厅 南,520万,92445元/平,高楼层 (共18层) 2室1厅 | 56.25平米 | 南,https://ke-image.ljcdn.com/110000-inspection/3660c763-89f2-4265-82d8-2182341f0159_1000.jpg!m_fill,w_280,h_210,f_jpg?from=ke.com
20240612,朝阳,东大桥,101123997547,工体东路一居室中间楼层诚意出售交通便利,299万,92000元/平,中楼层 (共5层) 1室1厅 | 32.5平米 | 南,https://ke-image.ljcdn.com/110000-inspection/469d9930-d47e-4cbb-a7a9-6f1291bfce95_1000.jpg!m_fill,w_280,h_210,f_jpg?from=ke.com
20240612,朝阳,东大桥,101123995949,向军北里 2室1厅 南 北,498万,87599元/平,顶层 (共6层) | 1993年 | 2室1厅 | 56.85平米 | 南 北,https://ke-image.ljcdn.com/110000-inspection/f794bc3f-1d30-4984-9c12-afce1dcb5885_1000.jpg!m_fill,w_280,h_210,f_jpg?from=ke.com
20240612,朝阳,东大桥,101123910726,呼家楼 向军南里 1993年楼龄 精装修 满五年高楼层,489万,81650元/平,高楼层 (共22层) 2室1厅 | 59.89平米 | 南,https://ke-image.ljcdn.com/110000-inspection/pc1_J7o417Dp3_1.jpg!m_fill,w_280,h_210,f_jpg?from=ke.com
20240612,朝阳,东大桥,101123865243,关东店北街南北通透三居室户型方正采光好。,460万,81997元/平,中楼层 (共5层) 3室1厅 | 56.1平米 | 南 北,https://ke-image.ljcdn.com/110000-inspection/811731cf-34a1-4435-a51e-4f99ddd278b8_1000.jpg!m_fill,w_280,h_210,f_jpg?from=ke.com
20240612,朝阳,东大桥,101123823643,向军北里 白家庄 八十 精装修 满五年唯一 带电梯,588万,85193元/平,低楼层 (共14层) 3室1厅 | 69.02平米 | 东北,https://ke-image.ljcdn.com/110000-inspection/5b69fe58-0711-4e38-a9b1-74fbd1a76876_1000.jpg!m_fill,w_280,h_210,f_jpg?from=ke.com
20240612,朝阳,东大桥,101123810588,工体南路满五唯一高楼层采光好看房方便,368万,91316元/平,高楼层 (共18层) 1室1厅 | 40.3平米 | 南,https://ke-image.ljcdn.com/110000-inspection/6489f61d-6b59-4df0-a529-7216014020ff_1000.jpg!m_fill,w_280,h_210,f_jpg?from=ke.com
20240612,朝阳,东大桥,101123753167,农丰里小区双南户型户型方正央产管理。,505万,91008元/平,顶层 (共6层) 2室1厅 | 55.49平米 | 南,https://ke-image.ljcdn.com/110000-inspection/2ea725cf-0a3b-4f88-83aa-9041bc281fc9_1000.jpg!m_fill,w_280,h_210,f_jpg?from=ke.com
20240612,朝阳,东大桥,101123728087,工体东路高层带电梯双南向2居室无遮挡采光充足,430万,75452元/平,高楼层 (共14层) 2室1厅 | 56.99平米 | 南,https://ke-image.ljcdn.com/110000-inspection/1f095a38-e757-4a6a-804c-c811fc278e99_1000.jpg!m_fill,w_280,h_210,f_jpg?from=ke.com
20240612,朝阳,东大桥,101123687339,工体南路 高层无遮挡 观工体 环境好房主自荐,368万,86183元/平,高楼层 (共18层) 1室1厅 | 42.7平米 | 北 东,https://ke-image.ljcdn.com/110000-inspection/9102eb60-0c8b-4294-8a3a-284f911e6af0_1000.jpg!m_fill,w_280,h_210,f_jpg?from=ke.com
20240612,朝阳,东大桥,101123675461,核桃园北里全南向2居室户型方正采光好,550万,96951元/平,中楼层 (共15层) 2室1厅 | 56.73平米 | 南,https://ke-image.ljcdn.com/110000-inspection/011ba5f8-6ddd-4558-8d48-0765b3623e04_1000.jpg!m_fill,w_280,h_210,f_jpg?from=ke.com
20240612,朝阳,东大桥,101123642161,向军北里 精装修一居室 观公园 满五年,398万,89559元/平,中楼层 (共15层) | 1996年 | 1室1厅 | 44.44平米 | 东,https://ke-image.ljcdn.com/110000-inspection/pc1_LdRtoWpL3_1.jpg!m_fill,w_280,h_210,f_jpg?from=ke.com
20240612,朝阳,东大桥,101123548322,可以贷款460万 满五唯一  仅有契税  朝东观景房,665万,57761元/平,中楼层 (共30层) 1室1厅 | 115.13平米 | 东,https://ke-image.ljcdn.com/110000-inspection/19e2724a-8afd-4ef8-a958-bcba32ac3626_1000.jpg!m_fill,w_280,h_210,f_jpg?from=ke.com
20240612,朝阳,东大桥,101123511990,核桃园北里 正规一居室 南北向 95年楼龄,470万,89781元/平,顶层 (共5层) 1室1厅 | 52.35平米 | 南 北,https://ke-image.ljcdn.com/110000-inspection/pc1_mucRAc4YV_1.jpg!m_fill,w_280,h_210,f_jpg?from=ke.com
20240612,朝阳,东大桥,101123475074,向军北里 无遮挡 呼家楼 白家庄,510万,90667元/平,低楼层 (共18层) 2室1厅 | 56.25平米 | 南,https://ke-image.ljcdn.com/110000-inspection/8f263b3a-d4c3-423d-8a98-e3f8b075974c_1000.jpg!m_fill,w_280,h_210,f_jpg?from=ke.com
20240612,朝阳,东大桥,101123421752,通透户型 车位充足 采光明亮 有小区环境。,413万,75201元/平,底层 (共5层) 2室1厅 | 54.92平米 | 南 北,https://ke-image.ljcdn.com/110000-inspection/65f06ed9-99b4-40c4-9f19-d9f5f1a7fab1_1000.jpg!m_fill,w_280,h_210,f_jpg?from=ke.com
20240612,朝阳,东大桥,101123388647,农丰里 南北通透三居室 交通便利 诚意出售,719万,90316元/平,顶层 (共6层) 3室1厅 | 79.61平米 | 南 北,https://ke-image.ljcdn.com/110000-inspection/pc1_Ut99vCZHt_1.jpg!m_fill,w_280,h_210,f_jpg?from=ke.com
20240612,朝阳,东大桥,101123382632,东草园五巷 正规两居室 南北通透 不临街 视野开阔,390万,64314元/平,中楼层 (共6层) 2室1厅 | 60.64平米 | 南 北,https://ke-image.ljcdn.com/110000-inspection/e8832668-1cd6-4e38-92b8-4d235d2c4bc9_1000.jpg!m_fill,w_280,h_210,f_jpg?from=ke.com
20240612,朝阳,东大桥,101123381580,教师楼管理好停车位充足不临街院内干净整洁房主自荐,368万,64528元/平,中楼层 (共6层) 2室1厅 | 57.03平米 | 南 北,https://ke-image.ljcdn.com/110000-inspection/bf9f5a07-f33d-450a-9960-70d407909106_1000.jpg!m_fill,w_280,h_210,f_jpg?from=ke.com
20240612,朝阳,东大桥,101123352577,工体东路全明格局精装修拎包入住满5年唯一,390万,68723元/平,中楼层 (共5层) 2室1厅 | 56.75平米 | 东,https://ke-image.ljcdn.com/110000-inspection/3b120fb8-8f88-4d97-9fc5-e1a4587bda20_1000.jpg!m_fill,w_280,h_210,f_jpg?from=ke.com
20240612,朝阳,东大桥,101123343430,【看遍工体南路】：发现繁华都市的宜居户型！,299万,72945元/平,顶层 (共5层) 2室1厅 | 40.99平米 | 南 北,https://ke-image.ljcdn.com/110000-inspection/99df9675-e271-4a33-a0fc-fae295c8bec0_1000.jpg!m_fill,w_280,h_210,f_jpg?from=ke.com
20240612,朝阳,东大桥,101123320824,呼家楼地铁口中信家属楼双南电梯房环境干净精装,580万,93054元/平,顶层 (共15层) 2室1厅 | 62.33平米 | 南 北,https://ke-image.ljcdn.com/110000-inspection/6976f6a9-205b-4922-a4b4-14b2fc13f4c0_1000.jpg!m_fill,w_280,h_210,f_jpg?from=ke.com
20240612,朝阳,东大桥,101123295339,向军南里精装修南向两居室呼家楼国贸CBD满五唯一,545万,81931元/平,高楼层 (共19层) | 1993年 | 2室1厅 | 66.52平米 | 西南,https://ke-image.ljcdn.com/110000-inspection/e315ead2-7c23-4d42-8f07-a0ce36d44855_1000.jpg!m_fill,w_280,h_210,f_jpg?from=ke.com
20240612,朝阳,东大桥,101123265247,东大桥 国贸 CBD 精装三居 双卧朝南 采光好 观公园,755万,86316元/平,中楼层 (共18层) | 1987年 | 3室1厅 | 87.47平米 | 西南,https://ke-image.ljcdn.com/110000-inspection/ce704926-2074-4ca1-aa89-557f6c1094c3_1000.jpg!m_fill,w_280,h_210,f_jpg?from=ke.com
20240612,朝阳,东大桥,101123240443,旺座中心公寓 2室1厅 西北,799万,50798元/平,中楼层 (共30层) 2室1厅 | 157.29平米 | 西北,https://ke-image.ljcdn.com/110000-inspection/490084e0-af56-42d9-a895-83eca035534d_1000.jpg!m_fill,w_280,h_210,f_jpg?from=ke.com
20240612,朝阳,东大桥,101123230984,东大桥斜街双东两居室视野好采光足,520万,89671元/平,中楼层 (共14层) 2室1厅 | 57.99平米 | 东,https://ke-image.ljcdn.com/110000-inspection/pc1_bDn92qdFW_1.jpg!m_fill,w_280,h_210,f_jpg?from=ke.com
20240612,朝阳,东大桥,101123153908,向军北里 南向一居室 呼家楼 八十,360万,92072元/平,低楼层 (共14层) 1室1厅 | 39.1平米 | 南,https://ke-image.ljcdn.com/110000-inspection/f69cf28d-6f05-4da9-8bb5-0373cf414924_1000.jpg!m_fill,w_280,h_210,f_jpg?from=ke.com
20240612,朝阳,东大桥,101123151686,圣世一品满五年唯一可以接受贷款西向采光好视野开阔,780万,93470元/平,低楼层 (共21层) 1室1厅 | 83.45平米 | 西,https://ke-image.ljcdn.com/110000-inspection/pc1_LG6GAqkMs.jpg!m_fill,w_280,h_210,f_jpg?from=ke.com
20240612,朝阳,东大桥,101123145084,向军南里房子装修很好自住的标准,510万,80088元/平,顶层 (共25层) | 1993年 | 2室1厅 | 63.68平米 | 南,https://ke-image.ljcdn.com/110000-inspection/f750a797-dc29-442f-b0e3-80334ad97bbd_1000.jpg!m_fill,w_280,h_210,f_jpg?from=ke.com
20240612,朝阳,东大桥,101123144845,关东店北街双南户型布局合理,558万,88446元/平,低楼层 (共18层) | 1989年 | 2室1厅 | 63.09平米 | 南,https://ke-image.ljcdn.com/110000-inspection/52dc818e-2dc7-4c56-bd31-33340661dfe1_1000.jpg!m_fill,w_280,h_210,f_jpg?from=ke.com
20240612,朝阳,东大桥,101123067607,农丰里田字格户型户型方正精装修可拎包入住房主自荐,838万,104816元/平,底层 (共6层) | 1988年 | 3室1厅 | 79.95平米 | 南 北,https://ke-image.ljcdn.com/110000-inspection/f84caeef-6e68-4976-905f-db6090dbd0b7_1000.jpg!m_fill,w_280,h_210,f_jpg?from=ke.com
20240612,朝阳,东大桥,101123064967,圣世一品视野开阔看国贸全景2010年楼盘品质好金地物业,2300万,98794元/平,低楼层 (共22层) 3室2厅 | 232.81平米 | 南 北,https://ke-image.ljcdn.com/110000-inspection/pc1_RQVECnL1o_1.jpg!m_fill,w_280,h_210,f_jpg?from=ke.com
20240612,朝阳,东大桥,101123034478,【工体南路小区】两居室热售宜居之选,315万,67265元/平,中楼层 (共5层) 2室1厅 | 46.83平米 | 东 西,https://ke-image.ljcdn.com/110000-inspection/99d2ddeb-c228-4917-bd3a-78e5fbb95a37_1000.jpg!m_fill,w_280,h_210,f_jpg?from=ke.com
20240612,朝阳,东大桥,101123030540,关东店国贸年代新2居中间层总价少看房方便,380万,66609元/平,中楼层 (共7层) 2室1厅 | 57.05平米 | 东 西,https://ke-image.ljcdn.com/110000-inspection/40b55169-4a51-4be8-b40b-27135053bbcf_1000.jpg!m_fill,w_280,h_210,f_jpg?from=ke.com
20240612,朝阳,东大桥,101123009406,国贸北侧钢混两居带电梯业主诚意满五唯一,354万,60857元/平,底层 (共18层) 2室1厅 | 58.17平米 | 西 北,https://ke-image.ljcdn.com/110000-inspection/85db1105-2531-4de4-8380-4340e6666193_1000.jpg!m_fill,w_280,h_210,f_jpg?from=ke.com
20240612,朝阳,东大桥,101122957224,【白+80】 高楼层 管理好 带电梯三居室 诚意出售,578万,87062元/平,高楼层 (共18层) 3室1厅 | 66.39平米 | 西北,https://ke-image.ljcdn.com/110000-inspection/dc943266-26d1-4fda-bcec-846f29cecbf2_1000.jpg!m_fill,w_280,h_210,f_jpg?from=ke.com
20240612,朝阳,东大桥,101122957121,呼家楼【白+80】 高层电梯房 全新装修 双南两居,598万,97921元/平,高楼层 (共18层) 2室1厅 | 61.07平米 | 南,https://ke-image.ljcdn.com/110000-inspection/217613a8-9f86-4a8a-9a4f-4b58ec6f41d9_1000.jpg!m_fill,w_280,h_210,f_jpg?from=ke.com
20240612,朝阳,东大桥,101122927004,白家庄+八十 精装两居 南北通透 满五唯一 拎包入住,535万,94108元/平,低楼层 (共6层) 2室1厅 | 56.85平米 | 南 北,https://ke-image.ljcdn.com/110000-inspection/f213a705-b993-4c3a-ac26-9d4c12ca3a26_1000.jpg!m_fill,w_280,h_210,f_jpg?from=ke.com
20240612,朝阳,东大桥,101122918110,圣世一品5梯4户正看小区花园,2399万,92153元/平,中楼层 (共22层) 3室2厅 | 260.33平米 | 南 西南 北,https://ke-image.ljcdn.com/110000-inspection/20440120-1749-4783-8879-24a28bc00ad2_1000.jpg!m_fill,w_280,h_210,f_jpg?from=ke.com
20240612,朝阳,东大桥,101122852161,核桃园北里 3室1厅 南 北房主自荐,830万,104115元/平,中楼层 (共6层) 3室1厅 | 79.72平米 | 南 北,https://ke-image.ljcdn.com/110000-inspection/pc1_wndEbD8bF_1.jpg!m_fill,w_280,h_210,f_jpg?from=ke.com
20240612,朝阳,东大桥,101122842084,圣世一品 西向一居室 房本满五年 可看房 价可议,700万,93259元/平,中楼层 (共21层) 1室2厅 | 75.06平米 | 西,https://ke-image.ljcdn.com/110000-inspection/d23bb474-5bcd-4a7d-b9c5-c566f8d259ce_1000.jpg!m_fill,w_280,h_210,f_jpg?from=ke.com
20240612,朝阳,东大桥,101122825948,东大桥东里 一居室 精装修 芳草地 日坛,351万,85485元/平,底层 (共6层) 1室1厅 | 41.06平米 | 东,https://ke-image.ljcdn.com/110000-inspection/3b6ec8cf-963e-45bb-8fe0-892bdab6a230_1000.jpg!m_fill,w_280,h_210,f_jpg?from=ke.com
20240612,朝阳,东大桥,101122780053,【白+八十】【管理好 电梯】【三居室】交通生活便利,585万,88116元/平,低楼层 (共18层) 3室1厅 | 66.39平米 | 西北,https://ke-image.ljcdn.com/110000-inspection/77eb4126-f905-4de1-a9b9-c91886404c08_1000.jpg!m_fill,w_280,h_210,f_jpg?from=ke.com
20240612,朝阳,东大桥,101122766976,核桃园北里 精装修一居室 高层有电梯 看房方便,458万,104591元/平,高楼层 (共15层) | 1987年 | 1室1厅 | 43.79平米 | 西南,https://ke-image.ljcdn.com/110000-inspection/pc1_JzchntgFB.jpg!m_fill,w_280,h_210,f_jpg?from=ke.com
20240612,朝阳,东大桥,101122681657,旺座中心公寓高层两居室能开窗无遮挡。,898万,56977元/平,高楼层 (共30层) 2室1厅 | 157.61平米 | 西 北,https://ke-image.ljcdn.com/110000-inspection/f8903654-8939-4f47-a57d-2d2e318a0381_1000.jpg!m_fill,w_280,h_210,f_jpg?from=ke.com
20240612,朝阳,东大桥,101122645059,工体南路 正规两居室 东西向 满五年 中间层 单位分房,407万,76146元/平,中楼层 (共6层) 2室1厅 | 53.45平米 | 东 西,https://ke-image.ljcdn.com/110000-inspection/3bded78a-adf1-41d6-99c4-53f721d2902e_1000.jpg!m_fill,w_280,h_210,f_jpg?from=ke.com
20240612,朝阳,东大桥,101122616138,向军北里优质一居室价格合适一对一,392万,100256元/平,中楼层 (共14层) | 1985年 | 1室1厅 | 39.1平米 | 南,https://ke-image.ljcdn.com/110000-inspection/4232c143-b7f3-4599-b1f6-47c239d74f44_1000.jpg!m_fill,w_280,h_210,f_jpg?from=ke.com
20240612,朝阳,东大桥,101122590102,南北向向 中间楼层  户型方正 采光好,639万,93861元/平,低楼层 (共6层) 3室1厅 | 68.08平米 | 南 北,https://ke-image.ljcdn.com/110000-inspection/0acf6dcd-1db8-4131-a990-bdd33cab4588_1000.jpg!m_fill,w_280,h_210,f_jpg?from=ke.com
20240612,朝阳,东大桥,101122507346,南北通透大三居室方正户型无浪费面积,570万,86679元/平,底层 (共6层) 3室1厅 | 65.76平米 | 南 北,https://ke-image.ljcdn.com/110000-inspection/pc1_D04zG8EV3.jpg!m_fill,w_280,h_210,f_jpg?from=ke.com
20240612,朝阳,东大桥,101122452292,核桃园北里 电梯房 东南两居 看房随时房主自荐,618万,95195元/平,中楼层 (共18层) | 1990年 | 2室1厅 | 64.92平米 | 东南,https://ke-image.ljcdn.com/110000-inspection/pc1_nQ50BUmOh_1.jpg!m_fill,w_280,h_210,f_jpg?from=ke.com
20240612,朝阳,东大桥,101122440700,国贸CBD住宅小区 高层观景 采光视野好 看房方便,520万,73603元/平,中楼层 (共18层) 2室1厅 | 70.65平米 | 南,https://ke-image.ljcdn.com/110000-inspection/712d7557-02ad-4294-8e1e-6d8ee41a6541_1000.jpg!m_fill,w_280,h_210,f_jpg?from=ke.com
20240612,朝阳,东大桥,101122345288,报价低于同户型46万底价有惊喜满五没有抵押可签约,630万,54721元/平,低楼层 (共30层) 1室1厅 | 115.13平米 | 西,https://ke-image.ljcdn.com/110000-inspection/7795619e-b447-4487-a1b5-c1769ad876ac_1000.jpg!m_fill,w_280,h_210,f_jpg?from=ke.com
20240612,朝阳,东大桥,101122312062,圣世一品东向高楼层一居室满五年唯一就这一套,860万,101643元/平,高楼层 (共21层) | 2010年 | 1室1厅 | 84.61平米 | 东,https://ke-image.ljcdn.com/110000-inspection/f2931449-58a4-471b-806b-046a0eb4a5fc_1000.jpg!m_fill,w_280,h_210,f_jpg?from=ke.com
20240612,朝阳,东大桥,101122278694,工体东路西南3居带电梯采光充足无遮挡,610万,87493元/平,中楼层 (共14层) 3室1厅 | 69.72平米 | 西南,https://ke-image.ljcdn.com/110000-inspection/70d3d814-031c-4025-88e1-c8646e544867_1000.jpg!m_fill,w_280,h_210,f_jpg?from=ke.com
20240612,朝阳,东大桥,101122174735,工体东路兵器部家属楼全南向2居室视野开阔无遮挡房主自荐,536万,92718元/平,中楼层 (共22层) 2室1厅 | 57.81平米 | 南,https://ke-image.ljcdn.com/110000-inspection/1a7c3cdb-c1c4-407b-9c40-0f9334967298_1000.jpg!m_fill,w_280,h_210,f_jpg?from=ke.com
20240612,朝阳,东大桥,101122170407,东大桥农业部家属楼农丰里全明南向两居室,575万,96219元/平,高楼层 (共6层) 2室1厅 | 59.76平米 | 南,https://ke-image.ljcdn.com/110000-inspection/e5a9e5ba-b60e-4b09-a471-d56519c7468d_1000.jpg!m_fill,w_280,h_210,f_jpg?from=ke.com
20240612,朝阳,东大桥,101122126721,工体南路 2室1厅 东 西,350万,60743元/平,顶层 (共6层) | 1999年 | 2室1厅 | 57.62平米 | 东 西,https://ke-image.ljcdn.com/110000-inspection/0ef337eb-4e88-4966-a0fe-419f8cc925d4_1000.jpg!m_fill,w_280,h_210,f_jpg?from=ke.com
20240612,朝阳,东大桥,101122094278,盐业公司家属楼 双南向户型 车位充足 采光明亮。,450万,85568元/平,中楼层 (共6层) 2室1厅 | 52.59平米 | 南,https://ke-image.ljcdn.com/110000-inspection/01d933a3-e1ea-4033-830f-02ff85163962_1000.jpg!m_fill,w_280,h_210,f_jpg?from=ke.com
20240612,朝阳,东大桥,101122052186,圣世一品南北通透三居室观景CBD诚意出售房主自荐,2250万,96646元/平,中楼层 (共22层) 3室2厅 | 232.81平米 | 南 北,https://ke-image.ljcdn.com/110000-inspection/pc1_Quioaby2C.jpg!m_fill,w_280,h_210,f_jpg?from=ke.com
20240612,朝阳,东大桥,101122024740,【工体】【双南二居室】【4条地铁线路】生活方便,431万,72657元/平,低楼层 (共18层) | 1987年 | 2室1厅 | 59.32平米 | 南,https://ke-image.ljcdn.com/110000-inspection/e5822518-ad47-4abf-a5a2-009e737a51e4_1000.jpg!m_fill,w_280,h_210,f_jpg?from=ke.com
20240612,朝阳,东大桥,101121908836,【白+八十】【三居】【家属楼】【2梯6户】交通便利,508万,76518元/平,高楼层 (共18层) 3室1厅 | 66.39平米 | 西北,https://ke-image.ljcdn.com/110000-inspection/9f995a93-8308-4824-8091-3b22c2bf28ef_1000.jpg!m_fill,w_280,h_210,f_jpg?from=ke.com
20240612,朝阳,东大桥,101121896414,圣世一品一居能看房落地窗视野无遮挡房主自荐,799万,93769元/平,顶层 (共21层) 1室1厅 | 85.21平米 | 西,https://ke-image.ljcdn.com/110000-inspection/pc1_4GnMahR5V.jpg!m_fill,w_280,h_210,f_jpg?from=ke.com
20240612,朝阳,东大桥,101121892208,呼家楼地铁 三居、电梯房 八十 国贸 团结公园,619万,91555元/平,低楼层 (共15层) 3室1厅 | 67.61平米 | 东 北,https://ke-image.ljcdn.com/110000-inspection/075e1325-568a-459b-bd2c-c6e4d75dd096_1000.jpg!m_fill,w_280,h_210,f_jpg?from=ke.com
20240612,朝阳,东大桥,101121836178,工体东路带电梯南北通透2居室采光充足视野开阔,340万,77875元/平,中楼层 (共14层) 2室0厅 | 43.66平米 | 南 北,https://ke-image.ljcdn.com/110000-inspection/45bfd996-9a0b-4cc6-9b51-842fa6a86825_1000.jpg!m_fill,w_280,h_210,f_jpg?from=ke.com
20240612,朝阳,东大桥,101121827178,向军北里 电梯楼 三居室 带拐角大阳台,590万,85483元/平,中楼层 (共14层) 3室1厅 | 69.02平米 | 东 西 北,https://ke-image.ljcdn.com/110000-inspection/297aa34b-e61a-42a3-b4a8-7a9ab7288faf_1000.jpg!m_fill,w_280,h_210,f_jpg?from=ke.com
20240612,朝阳,东大桥,101121757068,核桃园北里新上高楼层满五年唯一明厨明卫,540万,89183元/平,顶层 (共6层) 2室1厅 | 60.55平米 | 南 北,https://ke-image.ljcdn.com/110000-inspection/pc1_NLlpcdLRx_1.jpg!m_fill,w_280,h_210,f_jpg?from=ke.com
20240612,朝阳,东大桥,101121601552,农丰里 朝南两居室 带电梯 诚意出售 白家庄,549万,88936元/平,低楼层 (共16层) 2室1厅 | 61.73平米 | 南,https://ke-image.ljcdn.com/110000-inspection/dd3f26c4-ab87-4df3-9827-a275d4280b87_1000.jpg!m_fill,w_280,h_210,f_jpg?from=ke.com
20240612,朝阳,东大桥,101121556789,国贸北侧东南三居位置好10号线金台夕照,539万,71382元/平,底层 (共18层) 3室1厅 | 75.51平米 | 东南 南 东,https://ke-image.ljcdn.com/110000-inspection/cfb92596-f3fd-46cc-986e-11631deffaa0_1000.jpg!m_fill,w_280,h_210,f_jpg?from=ke.com
20240612,朝阳,东大桥,101121554844,向军北里 双南向两居 视野好 采光充足,508万,80241元/平,中楼层 (共14层) 2室1厅 | 63.31平米 | 南,https://ke-image.ljcdn.com/110000-inspection/pc1_bngW33CUu.jpg!m_fill,w_280,h_210,f_jpg?from=ke.com
20240612,朝阳,东大桥,101121506116,90后小一居总价不高位置挺好楼层适中有电梯。,309万,76771元/平,中楼层 (共22层) 1室1厅 | 40.25平米 | 西南,https://ke-image.ljcdn.com/110000-inspection/0cd6bead-77b9-484c-acd4-d24986c5eb71_1000.jpg!m_fill,w_280,h_210,f_jpg?from=ke.com
20240612,朝阳,东大桥,101121503351,核桃园北里 2室1厅 东 西,505万,79266元/平,高楼层 (共6层) 2室1厅 | 63.71平米 | 东 西,https://ke-image.ljcdn.com/110000-inspection/2fdb16fb-d558-4ebe-a01e-a8d62c76ff4c_1000.jpg!m_fill,w_280,h_210,f_jpg?from=ke.com
20240612,朝阳,东大桥,101121399451,工体东路全南向两居室近地铁户型好,509万,88048元/平,顶层 (共22层) 2室1厅 | 57.81平米 | 西南,https://ke-image.ljcdn.com/110000-inspection/bc2c9493-78fa-433a-8d28-891a35be315c_1000.jpg!m_fill,w_280,h_210,f_jpg?from=ke.com
20240612,朝阳,东大桥,101121291969,工体东路全明格局正规南向1居室无遮挡有钥匙,279万,83885元/平,中楼层 (共5层) 1室1厅 | 33.26平米 | 南,https://ke-image.ljcdn.com/110000-inspection/3d738b5e-18b9-4cd7-bdb6-579ccedafe19_1000.jpg!m_fill,w_280,h_210,f_jpg?from=ke.com
20240612,朝阳,东大桥,101121184976,芳草地 东大桥东里 两居室 1992年海关家属楼,358万,72076元/平,高楼层 (共6层) | 1992年 | 2室1厅 | 49.67平米 | 东 西,https://ke-image.ljcdn.com/110000-inspection/41d490a9-9340-4486-9469-fb25b7126683_1000.jpg!m_fill,w_280,h_210,f_jpg?from=ke.com
20240612,朝阳,东大桥,101121155785,【东大桥东里】【芳草地】【交通生活方便】精装修,699万,87947元/平,顶层 (共16层) | 1988年 | 2室1厅 | 79.48平米 | 东南 西北,https://ke-image.ljcdn.com/110000-inspection/5bdf436a-7be9-4bf1-99a6-a39a3a8f2509_1000.jpg!m_fill,w_280,h_210,f_jpg?from=ke.com
20240612,朝阳,东大桥,101121102688,工体南路 带电梯 有停车场 近地铁 南向 正规两居室,531万,89515元/平,低楼层 (共18层) 2室1厅 | 59.32平米 | 南,https://ke-image.ljcdn.com/110000-inspection/1cf50e20-9114-46c7-a229-1e33a09ed7ac_1000.jpg!m_fill,w_280,h_210,f_jpg?from=ke.com
20240612,朝阳,东大桥,101121073559,核桃园北里 3室1厅 南 北,620万,91070元/平,顶层 (共6层) 3室1厅 | 68.08平米 | 南 北,https://ke-image.ljcdn.com/110000-inspection/f735f876-7f23-40e3-8eda-8a04237920d7_1000.jpg!m_fill,w_280,h_210,f_jpg?from=ke.com
20240612,朝阳,东大桥,101120918677,核桃园北里 1室1厅 南,470万,91192元/平,中楼层 (共20层) 1室1厅 | 51.54平米 | 南,https://ke-image.ljcdn.com/110000-inspection/5da155fd-f709-495f-b558-1ee7cad41160_1000.jpg!m_fill,w_280,h_210,f_jpg?from=ke.com
20240612,朝阳,东大桥,101120914939,向军北里中高层 双东向大两居 正对团结湖 采光好,480万,79814元/平,中楼层 (共18层) 2室1厅 | 60.14平米 | 东,https://ke-image.ljcdn.com/110000-inspection/42c05a11-bff7-4d86-b5a2-276a8826c312_1000.jpg!m_fill,w_280,h_210,f_jpg?from=ke.com
20240612,朝阳,东大桥,101120913783,民政局家属院核桃园北里南向精装修一居室,460万,107578元/平,高楼层 (共18层) 1室1厅 | 42.76平米 | 南,https://ke-image.ljcdn.com/110000-inspection/81a794d2-8b82-4b36-bb77-05be2c2ae160_1000.jpg!m_fill,w_280,h_210,f_jpg?from=ke.com
20240612,朝阳,东大桥,101120868146,农丰里 高楼层三居室 满五唯一 精装修,712万,100015元/平,高楼层 (共16层) 3室1厅 | 71.19平米 | 东 西 北,https://ke-image.ljcdn.com/110000-inspection/125cdef6-7df4-45e3-9755-34d4f07cd329_1000.jpg!m_fill,w_280,h_210,f_jpg?from=ke.com
20240612,朝阳,东大桥,101120852876,两居室带大客厅 南北通透 户型方正,790万,106642元/平,低楼层 (共20层) 2室1厅 | 74.08平米 | 南 北,https://ke-image.ljcdn.com/110000-inspection/a36edb85-0de7-40cb-a81e-ba3d472b507c_1000.jpg!m_fill,w_280,h_210,f_jpg?from=ke.com
20240612,朝阳,东大桥,101120773851,核桃园北里 电梯2居室南向采光好满五唯一,576万,102986元/平,低楼层 (共15层) 2室1厅 | 55.93平米 | 南,https://ke-image.ljcdn.com/110000-inspection/pc1_lwSboq3dq.jpg!m_fill,w_280,h_210,f_jpg?from=ke.com
20240612,朝阳,东大桥,101120748795,白家庄 核桃园北里 东西通透 高楼层 95年楼龄,525万,82045元/平,顶层 (共6层) 2室1厅 | 63.99平米 | 东 西,https://ke-image.ljcdn.com/110000-inspection/pc1_rmnO37nxi_1.jpg!m_fill,w_280,h_210,f_jpg?from=ke.com
20240612,朝阳,东大桥,101120694927,东塔东向业主自住满五年唯一首套贷款303万房主自荐,650万,59275元/平,中楼层 (共30层) 1室1厅 | 109.66平米 | 东,https://ke-image.ljcdn.com/110000-inspection/ee34f63e-c79a-4d2d-a04b-472e4bd53c53_1000.jpg!m_fill,w_280,h_210,f_jpg?from=ke.com
20240612,朝阳,东大桥,101120642476,工体南路 1室1厅 北,309万,82488元/平,底层 (共18层) 1室1厅 | 37.46平米 | 北,https://ke-image.ljcdn.com/110000-inspection/pc1_oyIkELW7H_1.jpg!m_fill,w_280,h_210,f_jpg?from=ke.com
20240612,朝阳,东大桥,101120638340,【工人体育场南路西】【楼层好视野佳】,450万,86373元/平,中楼层 (共6层) 2室1厅 | 52.1平米 | 东 西,https://ke-image.ljcdn.com/110000-inspection/e0864b6c-8092-4d23-818e-b900424aff22_1000.jpg!m_fill,w_280,h_210,f_jpg?from=ke.com
20240612,朝阳,东大桥,101120584351,向军北里 中间楼层  南北通透 楼下地铁,490万,85129元/平,中楼层 (共5层) 2室1厅 | 57.56平米 | 南 北,https://ke-image.ljcdn.com/110000-inspection/pc1_F5gJjatGU.jpg!m_fill,w_280,h_210,f_jpg?from=ke.com
20240612,朝阳,东大桥,101120562760,关东店南街次顶层3居带电梯近地铁公园商场,468万,69768元/平,高楼层 (共18层) 3室1厅 | 67.08平米 | 东北,https://ke-image.ljcdn.com/110000-inspection/6d6b033c-72a5-4720-b5e5-7d064b979301_1000.jpg!m_fill,w_280,h_210,f_jpg?from=ke.com
20240612,朝阳,东大桥,101120451615,【6号线】【东大桥】【精装修】【户型通透】,450万,73904元/平,高楼层 (共6层) | 1987年 | 2室1厅 | 60.89平米 | 东 西,https://ke-image.ljcdn.com/110000-inspection/2be1727d-cfbf-4e15-abf9-fb00935f7d41_1000.jpg!m_fill,w_280,h_210,f_jpg?from=ke.com
20240612,朝阳,东大桥,101120379114,东大桥东里南北通透田字格三居室中间楼层,550万,80152元/平,中楼层 (共6层) 3室1厅 | 68.62平米 | 南 北,https://ke-image.ljcdn.com/110000-inspection/730bc1c7-c968-4250-9928-860242cde7ca_1000.jpg!m_fill,w_280,h_210,f_jpg?from=ke.com
20240612,朝阳,东大桥,101120128289,核桃园北里 有客厅的一居室 视野好采光充足,459万,97598元/平,高楼层 (共20层) | 1991年 | 1室1厅 | 47.03平米 | 南,https://ke-image.ljcdn.com/110000-inspection/pc1_CNzXiNGA6.jpg!m_fill,w_280,h_210,f_jpg?from=ke.com
20240612,朝阳,东大桥,101120099829,核桃园北里南北精装两居室1995年建成满五唯一,646万,98147元/平,中楼层 (共5层) 2室1厅 | 65.82平米 | 南 北,https://ke-image.ljcdn.com/110000-inspection/307f9069-abcc-4d0f-8c75-b6ce14b782c0_1000.jpg!m_fill,w_280,h_210,f_jpg?from=ke.com
20240612,朝阳,东大桥,101119699198,东大桥东里盐业家属楼芳草地楼层高采光好视野佳房主自荐,368万,63111元/平,顶层 (共16层) | 1986年 | 2室1厅 | 58.31平米 | 东南,https://ke-image.ljcdn.com/110000-inspection/36166c18-7ccf-411e-ba18-4e3ae020f48b_1000.jpg!m_fill,w_280,h_210,f_jpg?from=ke.com
20240612,朝阳,东大桥,101119434919,东大桥东里南向一居室近地铁,290万,69048元/平,顶层 (共6层) 1室1厅 | 42平米 | 南,https://ke-image.ljcdn.com/110000-inspection/pc1_Y6u2Ep4m2.jpg!m_fill,w_280,h_210,f_jpg?from=ke.com
20240612,朝阳,东大桥,101119353298,财富 正南向  一居室  满两年,735万,90229元/平,低楼层 (共42层) | 2005年 | 1室1厅 | 81.46平米 | 南,https://ke-image.ljcdn.com/110000-inspection/3c671d91-d7b1-47f2-9599-bd1b16859199_1000.jpg!m_fill,w_280,h_210,f_jpg?from=ke.com
20240612,朝阳,东大桥,101119326594,关东店南街 2室1厅 南,430万,72112元/平,高楼层 (共18层) 2室1厅 | 59.63平米 | 南,https://ke-image.ljcdn.com/110000-inspection/70fda0f5-31d8-4a97-a2e3-43bbcf419ec0_1000.jpg!m_fill,w_280,h_210,f_jpg?from=ke.com
20240612,朝阳,东大桥,101119072172,东大桥东里 2室1厅 南 北,320万,53629元/平,地下室 (共6层) | 1992年 | 2室1厅 | 59.67平米 | 南 北,https://ke-image.ljcdn.com/110000-inspection/138ef036-74e8-4067-a3f2-c179a3051084_1000.jpg!m_fill,w_280,h_210,f_jpg?from=ke.com
20240612,朝阳,东大桥,101118816973,工体南路东向1居室全明格局小户型无浪费面积,320万,88668元/平,顶层 (共5层) 1室1厅 | 36.09平米 | 东,https://ke-image.ljcdn.com/110000-inspection/591b24fc-643e-4714-aeda-40bc642f7795_1000.jpg!m_fill,w_280,h_210,f_jpg?from=ke.com
20240612,朝阳,东大桥,101118787260,圣世一品 高层方正两居室 保养新 采光充足 不临街可看,1420万,95585元/平,中楼层 (共21层) 2室1厅 | 148.56平米 | 西,https://ke-image.ljcdn.com/110000-inspection/09dd2ed2-820f-40f3-9d3a-f2dfecad6e2c_1000.jpg!m_fill,w_280,h_210,f_jpg?from=ke.com
20240612,朝阳,东大桥,101118713960,核桃园北里 1室1厅 南 北,538万,104385元/平,中楼层 (共20层) 1室1厅 | 51.54平米 | 南 北,https://ke-image.ljcdn.com/110000-inspection/6bcd6f5e-762d-43fa-90d8-df942c590978_1000.jpg!m_fill,w_280,h_210,f_jpg?from=ke.com
20240612,朝阳,东大桥,101118596585,工体南路 带电梯 视野开阔 正规两居室 精装修 可看房,485万,90116元/平,高楼层 (共18层) | 1987年 | 2室1厅 | 53.82平米 | 东北,https://ke-image.ljcdn.com/110000-inspection/7ddb1110-eb30-48ac-84c4-d57270e908f2_1000.jpg!m_fill,w_280,h_210,f_jpg?from=ke.com
20240612,朝阳,东大桥,101118588892,关东店北街精装两居室户型好满五唯一,460万,88975元/平,中楼层 (共5层) 2室1厅 | 51.7平米 | 南,https://ke-image.ljcdn.com/110000-inspection/1f503b09-3210-4171-839f-1f359239cfc6_1000.jpg!m_fill,w_280,h_210,f_jpg?from=ke.com
20240612,朝阳,东大桥,101118244118,农丰里 全南向两居室 中间楼层 满五年唯一 精装修,627万,104920元/平,中楼层 (共6层) 2室1厅 | 59.76平米 | 南,https://ke-image.ljcdn.com/110000-inspection/43b930ae-ea39-485f-ad25-8024f539ef5c_1000.jpg!m_fill,w_280,h_210,f_jpg?from=ke.com
20240612,朝阳,东大桥,101118039163,工人体育场东路小区高楼层采光好,310万,77019元/平,高楼层 (共22层) 1室1厅 | 40.25平米 | 西,https://ke-image.ljcdn.com/110000-inspection/62b36293-6da5-4a1a-bb37-f42a848bfbd0_1000.jpg!m_fill,w_280,h_210,f_jpg?from=ke.com
20240612,朝阳,东大桥,101117972172,工体东路 2室1厅 西 东,342万,73707元/平,顶层 (共5层) 2室1厅 | 46.4平米 | 西 东,https://ke-image.ljcdn.com/110000-inspection/3df3f882-792a-489c-8a84-6374ee0a5bb8_1000.jpg!m_fill,w_280,h_210,f_jpg?from=ke.com
20240612,朝阳,东大桥,101117839870,核桃园北里 2室1厅 南 北,585万,91535元/平,底层 (共6层) | 1986年 | 2室1厅 | 63.91平米 | 南 北,https://ke-image.ljcdn.com/110000-inspection/pc1_SzmQtVztb_1.jpg!m_fill,w_280,h_210,f_jpg?from=ke.com
20240612,朝阳,东大桥,101117808571,呼家楼双南向三环里两居向军南里,540万,84574元/平,中楼层 (共22层) 2室1厅 | 63.85平米 | 东南 东北,https://ke-image.ljcdn.com/110000-inspection/90797ff4-8cb8-4443-9ab4-a26be97d6ad8_1000.jpg!m_fill,w_280,h_210,f_jpg?from=ke.com
20240612,朝阳,东大桥,101117732594,向军南里 楼龄新 2居室 位置安静 有电梯房主自荐,580万,87022元/平,中楼层 (共25层) 2室1厅 | 66.65平米 | 东北,https://ke-image.ljcdn.com/110000-inspection/ff4febe8-6f5c-4d78-a052-6746d4f440d0_1000.jpg!m_fill,w_280,h_210,f_jpg?from=ke.com
20240612,朝阳,东大桥,101117678094,东三环国贸精装两居钢混随时签约接受贷款,360万,61888元/平,低楼层 (共18层) 2室1厅 | 58.17平米 | 西北,https://ke-image.ljcdn.com/110000-inspection/506404ae-761b-45cb-8a4c-a90c6f4764a0_1000.jpg!m_fill,w_280,h_210,f_jpg?from=ke.com
20240612,朝阳,东大桥,101117645178,4梯2户此户型每层2户空置有钥匙单价低诚意卖,795万,42793元/平,低楼层 (共30层) 2室1厅 | 185.78平米 | 北,https://ke-image.ljcdn.com/110000-inspection/pc1_Vs4FnE8MA.jpg!m_fill,w_280,h_210,f_jpg?from=ke.com
20240612,朝阳,东大桥,101117539693,东三环圣世一品东南北三面采光满五年唯一业主诚意出售,2100万,75415元/平,中楼层 (共22层) 3室2厅 | 278.46平米 | 东 南 北,https://ke-image.ljcdn.com/110000-inspection/b3e13412-9aef-428f-8e56-85f88f28a83a_1000.jpg!m_fill,w_280,h_210,f_jpg?from=ke.com
20240612,朝阳,东大桥,101117425580,【工体南路】【户型方正】【楼层适中】【配套完善】,373万,73281元/平,低楼层 (共6层) 2室1厅 | 50.9平米 | 东,https://ke-image.ljcdn.com/110000-inspection/pc1_gIl5tSXMf_2.jpg!m_fill,w_280,h_210,f_jpg?from=ke.com
20240612,朝阳,东大桥,101117324055,东大桥东里芳草地中国盐业家属楼高楼层无遮挡,495万,84892元/平,高楼层 (共16层) 2室1厅 | 58.31平米 | 东南,https://ke-image.ljcdn.com/110000-inspection/pc1_eATqZiaIT.jpg!m_fill,w_280,h_210,f_jpg?from=ke.com
20240612,朝阳,东大桥,101117195932,核桃园北里三居室楼层好1990年配套齐全房主自荐,735万,103043元/平,低楼层 (共18层) | 1990年 | 3室1厅 | 71.33平米 | 东南 西北,https://ke-image.ljcdn.com/110000-inspection/pc1_MdLP8Y2ef_1.jpg!m_fill,w_280,h_210,f_jpg?from=ke.com
20240612,朝阳,东大桥,101117155990,关东店高层观景房 南向大两居 采光视野无遮挡 诚意卖,570万,80680元/平,顶层 (共18层) | 1985年 | 2室1厅 | 70.65平米 | 南,https://ke-image.ljcdn.com/110000-inspection/c1505f4b-44cb-423c-ba26-1801fe3d2f6e_1000.jpg!m_fill,w_280,h_210,f_jpg?from=ke.com
20240612,朝阳,东大桥,101116278903,东大桥东里 安静 配套齐全 适合人群多,440万,78348元/平,底层 (共6层) 2室1厅 | 56.16平米 | 东 西,https://ke-image.ljcdn.com/110000-inspection/pc1_d0FVyvoJ3.jpg!m_fill,w_280,h_210,f_jpg?from=ke.com
20240612,朝阳,东大桥,101115086650,工人体育场南路 朝南向 户型方正,360万,89419元/平,中楼层 (共18层) | 1987年 | 1室1厅 | 40.26平米 | 南,https://ke-image.ljcdn.com/110000-inspection/pc1_PpvUSbvEQ_1.jpg!m_fill,w_280,h_210,f_jpg?from=ke.com
20240612,朝阳,东大桥,101115001265,关东店南街东西通透两居室业主诚意出售看房方便,420万,75242元/平,高楼层 (共7层) | 1994年 | 2室1厅 | 55.82平米 | 东 西,https://ke-image.ljcdn.com/110000-inspection/4b7d4924-2588-4e51-9182-7b26fa480cb1_1000.jpg!m_fill,w_280,h_210,f_jpg?from=ke.com
20240612,朝阳,东大桥,101114774878,三期正南向四居室采光好户型方正诚意出售。,2750万,126373元/平,低楼层 (共30层) | 2007年 | 4室2厅 | 217.61平米 | 东南 西,https://ke-image.ljcdn.com/110000-inspection/prod-34016a90-e017-41a4-ba13-cdae8aaf1369.jpg!m_fill,w_280,h_210,f_jpg?from=ke.com
20240612,朝阳,东大桥,101114187020,关东店南街正规一居室高层业主诚意出售,310万,71363元/平,高楼层 (共7层) | 1994年 | 1室1厅 | 43.44平米 | 东,https://ke-image.ljcdn.com/110000-inspection/0fdcae60-fee5-4d39-b41e-38390452b9ae_1000.jpg!m_fill,w_280,h_210,f_jpg?from=ke.com
20240612,朝阳,东大桥,101124809951,世茂宫园 满五年2+1户型 大客厅带阳台 可看本房新上,1350万,67031元/平,低楼层 (共27层) | 2010年 | 3室2厅 | 201.4平米 | 西北,https://ke-image.ljcdn.com/110000-inspection/9c2ccde4-6ea7-4ce6-9df9-808d3e5b20a8_1000.jpg!m_fill,w_280,h_210,f_jpg?from=ke.com
20240612,朝阳,东大桥,101124737780,此房南北通透格局好高楼层采光好田字格户型,545万,79262元/平,顶层 (共5层) | 1980年 | 3室1厅 | 68.76平米 | 南 北,https://ke-image.ljcdn.com/110000-inspection/42b270cd-ed10-49f6-908e-e29a4c53cf48_1000.jpg!m_fill,w_280,h_210,f_jpg?from=ke.com
20240612,朝阳,东大桥,101124733500,向军南里地铁边南向三居室满五年看房方便,670万,81828元/平,中楼层 (共22层) 3室1厅 | 81.88平米 | 西南,https://ke-image.ljcdn.com/110000-inspection/705bf4ec-1bb7-41c5-91c7-cc78e47528d8_1000.jpg!m_fill,w_280,h_210,f_jpg?from=ke.com
20240612,朝阳,东大桥,101124687541,一个房本 两套使用四居室可以一个出租一个自住,1120万,42669元/平,中楼层 (共32层) | 2007年 | 3室2厅 | 262.49平米 | 西南,https://ke-image.ljcdn.com/110000-inspection/e1bdb5de-63f4-444c-8cbd-17d79c184608_1000.jpg!m_fill,w_280,h_210,f_jpg?from=ke.com
20240612,朝阳,东大桥,101124681901,世茂宫园 南向大阳台两居 次顶层 满五可看房,1480万,89763元/平,高楼层 (共27层) | 2010年 | 2室1厅 | 164.88平米 | 南,https://ke-image.ljcdn.com/110000-inspection/pc1_4tELceb3u_1.jpg!m_fill,w_280,h_210,f_jpg?from=ke.com
20240612,朝阳,东大桥,101124645269,观景整个国贸南北通透三居满五年唯一诚意出售,2280万,97934元/平,中楼层 (共22层) 3室2厅 | 232.81平米 | 南 北,https://ke-image.ljcdn.com/110000-inspection/26cde1c7-cd10-49f5-91c9-f3caa499b8fa_1000.jpg!m_fill,w_280,h_210,f_jpg?from=ke.com
20240612,朝阳,东大桥,101124620522,新城国际 2室1厅 东 西,1398万,99801元/平,中楼层 (共6层) 2室1厅 | 140.08平米 | 东 西,https://ke-image.ljcdn.com/110000-inspection/pc1_g49f41KsD_2.jpg!m_fill,w_280,h_210,f_jpg?from=ke.com
20240612,朝阳,东大桥,101124519571,东大桥东里 3室1厅 南 北,650万,73265元/平,中楼层 (共6层) 3室1厅 | 88.72平米 | 南 北,https://ke-image.ljcdn.com/110000-inspection/f5d825b8-7fa7-4a03-b17f-a66cc50f22cc_1000.jpg!m_fill,w_280,h_210,f_jpg?from=ke.com
20240612,朝阳,东大桥,101124368191,国贸 东大桥 CBD 三居 双卧朝南 采光好 观公园 诚意卖,698万,79799元/平,中楼层 (共18层) 3室1厅 | 87.47平米 | 西南,https://ke-image.ljcdn.com/110000-inspection/pc1_TAGt5Xc0A_1.jpg!m_fill,w_280,h_210,f_jpg?from=ke.com
20240612,朝阳,东大桥,101124349512,世贸国际公寓4号楼中高层南北3居室二次装修出售,2320万,87561元/平,中楼层 (共29层) 3室2厅 | 264.96平米 | 南 北,https://ke-image.ljcdn.com/110000-inspection/c2591f3e-6294-4b6e-b6c3-e7ae0861616e_1000.jpg!m_fill,w_280,h_210,f_jpg?from=ke.com
20240612,朝阳,东大桥,101124348713,东大桥地铁口东大桥东里首套首付不到80万入住东大桥,260万,52728元/平,地下室 (共6层) 2室1厅 | 49.31平米 | 西,https://ke-image.ljcdn.com/110000-inspection/pc1_Sx95lrKFR.jpg!m_fill,w_280,h_210,f_jpg?from=ke.com
20240612,朝阳,东大桥,101124323989,新城国际全新装修正规一居室改造厨卫,910万,103222元/平,高楼层 (共32层) | 2003年 | 1室1厅 | 88.16平米 | 西北,https://ke-image.ljcdn.com/110000-inspection/6369dce4-e0ad-4f09-8aee-c12af973f0ff_1000.jpg!m_fill,w_280,h_210,f_jpg?from=ke.com
20240612,朝阳,东大桥,101124187469,世贸国际公寓 3室2厅 南 北,2588万,100307元/平,中楼层 (共31层) 3室2厅 | 258.01平米 | 南 北,https://ke-image.ljcdn.com/110000-inspection/cfb70b4f-fd6b-483a-a324-016af6bd5a7f_1000.jpg!m_fill,w_280,h_210,f_jpg?from=ke.com
20240612,朝阳,东大桥,101124135032,双采光明卫正规三居室落地窗物业管理好房主自荐,1260万,75977元/平,低楼层 (共42层) | 2005年 | 3室1厅 | 165.84平米 | 东 北,https://ke-image.ljcdn.com/110000-inspection/a81f2587-9413-4c19-9a9d-afb73650efa1_1000.jpg!m_fill,w_280,h_210,f_jpg?from=ke.com
20240612,朝阳,东大桥,101124133970,东大桥东里小区高层无遮挡无抵押产权清晰诚意出售,459万,83531元/平,高楼层 (共16层) 2室1厅 | 54.95平米 | 东,https://ke-image.ljcdn.com/110000-inspection/9d0a28ee-690a-4062-9760-9c6e111a546b_1000.jpg!m_fill,w_280,h_210,f_jpg?from=ke.com
20240612,朝阳,东大桥,101124052254,70年产权 4梯4户 高楼层 无抵押随时可签,1100万,36305元/平,高楼层 (共32层) | 2008年 | 3室1厅 | 302.99平米 | 西南,https://ke-image.ljcdn.com/110000-inspection/753e3e46-fb59-4ebf-80e3-8450c1cd7991_1000.jpg!m_fill,w_280,h_210,f_jpg?from=ke.com
20240612,朝阳,东大桥,101124052228,SOHO尚都 4室1厅 东南,1443万,37540元/平,高楼层 (共32层) | 2007年 | 4室1厅 | 384.4平米 | 东南,https://ke-image.ljcdn.com/110000-inspection/448025a4-b810-4258-b69b-16b80f960719_1000.jpg!m_fill,w_280,h_210,f_jpg?from=ke.com
20240612,朝阳,东大桥,101124003180,新城国际 高层 观景一居室 满五年 随时交易房主自荐,881万,99932元/平,中楼层 (共32层) | 2003年 | 1室1厅 | 88.16平米 | 西北,https://ke-image.ljcdn.com/110000-inspection/50285f76-a36f-44fd-a0a1-0ef16eed6f0e_1000.jpg!m_fill,w_280,h_210,f_jpg?from=ke.com
20240612,朝阳,东大桥,101123863908,圣世一品2010年小区精装修看花园,716万,86432元/平,低楼层 (共21层) 1室1厅 | 82.84平米 | 东,https://ke-image.ljcdn.com/110000-inspection/74034756-e2f6-4843-bd9c-a0db6dde1937_1000.jpg!m_fill,w_280,h_210,f_jpg?from=ke.com
20240612,朝阳,东大桥,101123779482,核桃园北里 3室1厅 南 北,750万,86907元/平,高楼层 (共20层) 3室1厅 | 86.3平米 | 南 北,https://ke-image.ljcdn.com/110000-inspection/10a2ff90-fac4-4075-bbf5-cb5f8afaad69_1000.jpg!m_fill,w_280,h_210,f_jpg?from=ke.com
20240612,朝阳,东大桥,101123720200,核桃园北里 电梯房 一居室 精装修 无遮挡 看房随时房主自荐,418万,95456元/平,高楼层 (共15层) 1室1厅 | 43.79平米 | 东南,https://ke-image.ljcdn.com/110000-inspection/pc1_69CXSjcvv_1.jpg!m_fill,w_280,h_210,f_jpg?from=ke.com
20240612,朝阳,东大桥,101123717154,满五年唯一东向俩居室可以给6个月周期。,1238万,99703元/平,中楼层 (共29层) 2室1厅 | 124.17平米 | 东,https://ke-image.ljcdn.com/110000-inspection/9736dd5d-ccf2-4ccf-b704-1c418c34a1dd_1000.jpg!m_fill,w_280,h_210,f_jpg?from=ke.com
20240612,朝阳,东大桥,101123625190,此房满五唯一可贷款2007年三期房源看小区花园,1398万,104469元/平,低楼层 (共30层) | 2006年 | 2室1厅 | 133.82平米 | 东南,https://ke-image.ljcdn.com/110000-inspection/0e09af95-50e7-4e75-a3dd-38012f351470_1000.jpg!m_fill,w_280,h_210,f_jpg?from=ke.com
20240612,朝阳,东大桥,101123607550,二次装修过的带阳台四居室满五唯一,3500万,122071元/平,中楼层 (共27层) 4室1厅 | 286.72平米 | 东南,https://ke-image.ljcdn.com/110000-inspection/83606848-6fdc-4b71-bb0e-ad888fa3dbc5_1000.jpg!m_fill,w_280,h_210,f_jpg?from=ke.com
20240612,朝阳,东大桥,101123594412,新城国际看花园小户型 租户马上到期 随时交房,795万,101832元/平,低楼层 (共29层) 1室0厅 | 78.07平米 | 北,https://ke-image.ljcdn.com/110000-inspection/830e01e9-7fc7-4923-b7e6-3a4c6a6a50ef_1000.jpg!m_fill,w_280,h_210,f_jpg?from=ke.com
20240612,朝阳,东大桥,101123443942,关东店南街 3室1厅 东南,610万,76914元/平,低楼层 (共18层) | 1987年 | 3室1厅 | 79.31平米 | 东南,https://ke-image.ljcdn.com/110000-inspection/pc1_SDpXx8bDk.jpg!m_fill,w_280,h_210,f_jpg?from=ke.com
20240612,朝阳,东大桥,101123439818,新城高层观景1居室 二次装修 带燃气,950万,107759元/平,中楼层 (共32层) 1室1厅 | 88.16平米 | 西北,https://ke-image.ljcdn.com/110000-inspection/071e38f7-7521-478d-b46f-34024f75de8f_1000.jpg!m_fill,w_280,h_210,f_jpg?from=ke.com
20240612,朝阳,东大桥,101123427723,尚都国际中心东南向70年产权 民水民电 高层视野好房主自荐,870万,44915元/平,高楼层 (共33层) | 2004年 | 3室0厅 | 193.7平米 | 东南,https://ke-image.ljcdn.com/110000-inspection/565ef34a-b6e3-431f-b729-5ef06dd33598_1000.jpg!m_fill,w_280,h_210,f_jpg?from=ke.com
20240612,朝阳,东大桥,101123415231,北京财富中心 2室1厅 东,1280万,84690元/平,低楼层 (共42层) | 2005年 | 2室1厅 | 151.14平米 | 东,https://ke-image.ljcdn.com/110000-inspection/pc1_8ElWO1WSP.jpg!m_fill,w_280,h_210,f_jpg?from=ke.com
20240612,朝阳,东大桥,101123376381,满五年唯一离地铁近南北通透不临街随时看,465万,80983元/平,顶层 (共6层) 2室1厅 | 57.42平米 | 南 北,https://ke-image.ljcdn.com/110000-inspection/pc1_9skVqmYki.jpg!m_fill,w_280,h_210,f_jpg?from=ke.com
20240612,朝阳,东大桥,101123360648,向军北里 精装修 两居室 拎包入住,415万,90553元/平,底层 (共6层) | 1986年 | 2室1厅 | 45.83平米 | 东 北,https://ke-image.ljcdn.com/110000-inspection/pc1_jzjmHugtS.jpg!m_fill,w_280,h_210,f_jpg?from=ke.com
20240612,朝阳,东大桥,101123360401,旺座中心公寓 1室1厅 东,690万,59933元/平,中楼层 (共30层) 1室1厅 | 115.13平米 | 东,https://ke-image.ljcdn.com/110000-inspection/04696658-1072-49a9-a1f6-c489b2028cc0_1000.jpg!m_fill,w_280,h_210,f_jpg?from=ke.com
20240612,朝阳,东大桥,101123332126,东大桥斜街 2室1厅 南 北,499万,88806元/平,顶层 (共5层) | 1978年 | 2室1厅 | 56.19平米 | 南 北,https://ke-image.ljcdn.com/110000-inspection/pc1_8IuL1aX4d.jpg!m_fill,w_280,h_210,f_jpg?from=ke.com
20240612,朝阳,东大桥,101123331914,工体南路全明格局1居室看工体视野好停车位充足,358万,88923元/平,中楼层 (共18层) | 1987年 | 2室1厅 | 40.26平米 | 西北,https://ke-image.ljcdn.com/110000-inspection/5ab591da-9a78-4a2d-8580-900e4294d8da_1000.jpg!m_fill,w_280,h_210,f_jpg?from=ke.com
20240612,朝阳,东大桥,101123285811,世茂宫园满五年唯一看央视全景无遮挡1850万,1800万,81485元/平,中楼层 (共27层) | 2010年 | 3室2厅 | 220.9平米 | 西南,https://ke-image.ljcdn.com/110000-inspection/2706fc85-a75b-428c-a4b4-43b1ae5fc290_1000.jpg!m_fill,w_280,h_210,f_jpg?from=ke.com
20240612,朝阳,东大桥,101123284729,新城国际三期双供暖精装1房满五唯一看房方便房主自荐,845万,108237元/平,中楼层 (共29层) 1室1厅 | 78.07平米 | 北,https://ke-image.ljcdn.com/110000-inspection/f649f7e2-6250-4b3e-8ed7-2a7bc2ccb378_1000.jpg!m_fill,w_280,h_210,f_jpg?from=ke.com
20240612,朝阳,东大桥,101123269466,新城4期南北三居室满五年唯一采光好,2110万,116414元/平,高楼层 (共25层) 3室2厅 | 181.25平米 | 南 北,https://ke-image.ljcdn.com/110000-inspection/2eb3d30a-eded-48e3-aeb6-2e00b00a22cc_1000.jpg!m_fill,w_280,h_210,f_jpg?from=ke.com
20240612,朝阳,东大桥,101123260864,满两年房子保养好看房方便有钥匙诚意出售,412万,92710元/平,高楼层 (共15层) | 1996年 | 1室1厅 | 44.44平米 | 东,https://ke-image.ljcdn.com/110000-inspection/7655ee87-29b3-4b03-a630-d0ae5aea235c_1000.jpg!m_fill,w_280,h_210,f_jpg?from=ke.com
20240612,朝阳,东大桥,101123259040,新城国际满五唯一正规一居室带燃气视野很好,980万,112463元/平,中楼层 (共33层) 1室1厅 | 87.14平米 | 东北,https://ke-image.ljcdn.com/110000-inspection/41158171-9ede-44be-8739-a4b7f978bb38_1000.jpg!m_fill,w_280,h_210,f_jpg?from=ke.com
20240612,朝阳,东大桥,101123252884,世茂宫园 2010年交房没住过 次顶层毛坯三居室 随时看,1730万,77147元/平,中楼层 (共7层) 3室2厅 | 224.25平米 | 南 北,https://ke-image.ljcdn.com/110000-inspection/a8a002a9-1009-4599-a177-0c6166648bb3_1000.jpg!m_fill,w_280,h_210,f_jpg?from=ke.com
20240612,朝阳,东大桥,101123238637,旺座中心公寓 3室1厅 西南,1199万,46880元/平,高楼层 (共30层) 3室1厅 | 255.76平米 | 西南,https://ke-image.ljcdn.com/110000-inspection/d28fbcda-1d59-482e-915a-68be908f0fa1_1000.jpg!m_fill,w_280,h_210,f_jpg?from=ke.com
20240612,朝阳,东大桥,101123234076,南向复式两居室动静区分离二次精装修诚意出售,1545万,87407元/平,低楼层 (共20层) | 2001年 | 2室2厅 | 176.76平米 | 南,https://ke-image.ljcdn.com/110000-inspection/pc1_EIkeNeI31.jpg!m_fill,w_280,h_210,f_jpg?from=ke.com
20240612,朝阳,东大桥,101123201996,世茂宫园 高层带书房一居室带阳台 价可谈,899万,81772元/平,高楼层 (共27层) | 2010年 | 1室1厅 | 109.94平米 | 北,https://ke-image.ljcdn.com/110000-inspection/pc1_Ajs0K8Hzo_1.jpg!m_fill,w_280,h_210,f_jpg?from=ke.com
20240612,朝阳,东大桥,101123187421,满五年唯一近地铁精装修不临街随时可看可签约房主自荐,499万,86904元/平,高楼层 (共6层) 2室1厅 | 57.42平米 | 南 北,https://ke-image.ljcdn.com/110000-inspection/6de1b28d-93df-458a-93f9-17588533c8ed_1000.jpg!m_fill,w_280,h_210,f_jpg?from=ke.com
20240612,朝阳,东大桥,101123149710,关东店北街 高楼层南北朝向两居室 电梯房房主自荐,598万,95818元/平,高楼层 (共18层) 2室1厅 | 62.41平米 | 南 北,https://ke-image.ljcdn.com/110000-inspection/a5bc5f5b-5f86-4de1-94ba-7e462704e2e2_1000.jpg!m_fill,w_280,h_210,f_jpg?from=ke.com
20240612,朝阳,东大桥,101123140080,南北通透 两居室 楼龄新 户型方正,558万,92156元/平,高楼层 (共6层) | 1986年 | 2室1厅 | 60.55平米 | 北 南,https://ke-image.ljcdn.com/110000-inspection/f9ddcba5-c3ee-4bb2-8d01-da1590c87c74_1000.jpg!m_fill,w_280,h_210,f_jpg?from=ke.com
20240612,朝阳,东大桥,101123123931,旺座中心公寓 2室1厅 西 北,815万,51816元/平,中楼层 (共30层) 2室1厅 | 157.29平米 | 西 北,https://ke-image.ljcdn.com/110000-inspection/4c7124c2-fb4a-43f0-beed-b97666492819_1000.jpg!m_fill,w_280,h_210,f_jpg?from=ke.com
20240612,朝阳,东大桥,101123119003,核桃园北里 一居室 出行方便  满五年,430万,82598元/平,低楼层 (共20层) | 1991年 | 1室1厅 | 52.06平米 | 西,https://ke-image.ljcdn.com/110000-inspection/f66ddf22-bb28-4b9c-8354-672cf25b85d9_1000.jpg!m_fill,w_280,h_210,f_jpg?from=ke.com
20240612,朝阳,东大桥,101123118537,新城国际 3室1厅 东南 西北,2030万,110681元/平,低楼层 (共30层) 3室1厅 | 183.41平米 | 东南 西北,https://ke-image.ljcdn.com/110000-inspection/480955a1-e998-4b24-bcfc-4f59fe751700_1000.jpg!m_fill,w_280,h_210,f_jpg?from=ke.com
20240612,朝阳,东大桥,101123116834,核桃园北里 满五年商品房 全明格局 精装修 诚意出售,540万,104733元/平,中楼层 (共15层) 2室1厅 | 51.56平米 | 南 东 西,https://ke-image.ljcdn.com/110000-inspection/pc1_IidfRdLIU_2.jpg!m_fill,w_280,h_210,f_jpg?from=ke.com
20240612,朝阳,东大桥,101123068979,此房满五唯一南北通透重新装修。业主时间方便,1685万,90320元/平,高楼层 (共30层) | 2001年 | 3室2厅 | 186.56平米 | 南 北,https://ke-image.ljcdn.com/110000-inspection/4075f2f3-24c4-44f7-82a7-94fa4b6b462d_1000.jpg!m_fill,w_280,h_210,f_jpg?from=ke.com
20240612,朝阳,东大桥,101123055468,工体南路全明格局3居室诚意卖无遮挡,455万,71756元/平,顶层 (共5层) 3室1厅 | 63.41平米 | 东 西,https://ke-image.ljcdn.com/110000-inspection/8be5c726-f95d-49d2-9fcd-7ee0c0dcd42c_1000.jpg!m_fill,w_280,h_210,f_jpg?from=ke.com
20240612,朝阳,东大桥,101123006753,旺座中心公寓 2室1厅 东北,830万,52769元/平,中楼层 (共30层) 2室1厅 | 157.29平米 | 东北,https://ke-image.ljcdn.com/110000-inspection/277bfb1f-f2b2-4825-b65b-580a9545e2ba_1000.jpg!m_fill,w_280,h_210,f_jpg?from=ke.com
20240612,朝阳,东大桥,101123004242,明厨明卫精装修阳光好户型方正公摊少近地铁,498万,86805元/平,顶层 (共6层) | 1984年 | 2室1厅 | 57.37平米 | 南,https://ke-image.ljcdn.com/110000-inspection/d3be3859-cd3e-4502-a8c9-124605d73937_1000.jpg!m_fill,w_280,h_210,f_jpg?from=ke.com
20240612,朝阳,东大桥,101122873883,世茂宫园 东三环内 板楼大三居 南北通透 大客厅,2050万,91416元/平,低楼层 (共7层) 3室2厅 | 224.25平米 | 南 北,https://ke-image.ljcdn.com/110000-inspection/1ef634f2-2598-4533-b5c3-67cee951ccd0_1000.jpg!m_fill,w_280,h_210,f_jpg?from=ke.com
20240612,朝阳,东大桥,101122825121,喜欢国贸夜景的您来看看这套房子新装修满五唯一,1238万,81239元/平,中楼层 (共42层) | 2005年 | 2室1厅 | 152.39平米 | 东,https://ke-image.ljcdn.com/110000-inspection/pc1_NO5muec4W.jpg!m_fill,w_280,h_210,f_jpg?from=ke.com
20240612,朝阳,东大桥,101122821034,世茂宫园 大三居 户型方正 私密性好 诚意出售 可看房房主自荐,1380万,69987元/平,低楼层 (共27层) | 2010年 | 3室2厅 | 197.18平米 | 南 北,https://ke-image.ljcdn.com/110000-inspection/853aa6d3-ac9d-4d8a-ad53-bc92e0e8d254_1000.jpg!m_fill,w_280,h_210,f_jpg?from=ke.com
20240612,朝阳,东大桥,101122820921,世茂宫园 高层正规一居室 带独立书房 诚意出售 可看房,860万,81486元/平,中楼层 (共27层) | 2004年 | 1室2厅 | 105.54平米 | 北,https://ke-image.ljcdn.com/110000-inspection/f77d74f3-79c1-4a3c-a566-f441d6aef9c0_1000.jpg!m_fill,w_280,h_210,f_jpg?from=ke.com
20240612,朝阳,东大桥,101122816431,白家庄核桃园南北两居带客厅中间层采光视野好,660万,103142元/平,中楼层 (共6层) | 1995年 | 2室1厅 | 63.99平米 | 南 北,https://ke-image.ljcdn.com/110000-inspection/ace5c4e1-5c12-4ec9-a84b-e74076d48f5f_1000.jpg!m_fill,w_280,h_210,f_jpg?from=ke.com
20240612,朝阳,东大桥,101122803298,圣世一品能看房东向不临街管家式服务,749万,88524元/平,中楼层 (共21层) | 2010年 | 1室1厅 | 84.61平米 | 东,https://ke-image.ljcdn.com/110000-inspection/4aa885e0-2bcf-4a82-a899-ba2c06ddc426_1000.jpg!m_fill,w_280,h_210,f_jpg?from=ke.com
20240612,朝阳,东大桥,101122759965,新城国际三期双供暖四居室有钥匙无浪费空间。,2250万,119332元/平,中楼层 (共30层) | 2006年 | 4室1厅 | 188.55平米 | 东南 西北,https://ke-image.ljcdn.com/110000-inspection/8bbd52c4-bd50-4d0b-ad8b-0508c2604178_1000.jpg!m_fill,w_280,h_210,f_jpg?from=ke.com
20240612,朝阳,东大桥,101122745291,新城国际 2室1厅 南,1820万,133275元/平,高楼层 (共29层) 2室1厅 | 136.56平米 | 南,https://ke-image.ljcdn.com/110000-inspection/pc1_zmfADxqaq.jpg!m_fill,w_280,h_210,f_jpg?from=ke.com
20240612,朝阳,东大桥,101122729650,有燃气 全款仅有契税  随时看,657万,87391元/平,中楼层 (共30层) | 2001年 | 1室0厅 | 75.18平米 | 北,https://ke-image.ljcdn.com/110000-inspection/a51aa530-e6d0-47d4-b33a-5375676085d0_1000.jpg!m_fill,w_280,h_210,f_jpg?from=ke.com
20240612,朝阳,东大桥,101122701927,新城国际三期双供暖小4居东南西北通透 看小区花园安静,2050万,108725元/平,低楼层 (共30层) | 2006年 | 4室2厅 | 188.55平米 | 东南 西北,https://ke-image.ljcdn.com/110000-inspection/9a919dfb-bf4f-4aa0-9a36-34d1de158b24_1000.jpg!m_fill,w_280,h_210,f_jpg?from=ke.com
20240612,朝阳,东大桥,101122698584,新城国际看花园视野好满五年保养好。,799万,93956元/平,高楼层 (共6层) 1室0厅 | 85.04平米 | 北,https://ke-image.ljcdn.com/110000-inspection/c6e2819a-6f99-450f-b7a7-c16ff997748c_1000.jpg!m_fill,w_280,h_210,f_jpg?from=ke.com
20240612,朝阳,东大桥,101122684578,可以贷款700万 三居室 高层 满五唯一 80万精装修,1018万,57227元/平,高楼层 (共32层) | 2007年 | 3室2厅 | 177.89平米 | 西北,https://ke-image.ljcdn.com/110000-inspection/70ea441b-84a7-4f2a-99a1-b67734f9be4c_1000.jpg!m_fill,w_280,h_210,f_jpg?from=ke.com
20240612,朝阳,东大桥,101122674583,圣世一品2010年的住宅属性的小区满五年东向看花园,1100万,104494元/平,低楼层 (共21层) | 2010年 | 2室1厅 | 105.27平米 | 东北,https://ke-image.ljcdn.com/110000-inspection/6d041011-fd18-4546-bd00-da0a60542432_1000.jpg!m_fill,w_280,h_210,f_jpg?from=ke.com
20240612,朝阳,东大桥,101122656012,东向一居室 高楼层 满五唯一 景观好,848万,117160元/平,高楼层 (共30层) 1室1厅 | 72.38平米 | 东,https://ke-image.ljcdn.com/110000-inspection/7b8755fc-5c50-4b7e-9ced-784cd0d3b480_1000.jpg!m_fill,w_280,h_210,f_jpg?from=ke.com
20240612,朝阳,东大桥,101122640529,新城国际二期入门级开间 二次装修拎包入住全新家具,680万,108367元/平,低楼层 (共31层) 1室0厅 | 62.75平米 | 东 北,https://ke-image.ljcdn.com/110000-inspection/0b38cf82-81f4-4b81-96fa-035d6b175274_1000.jpg!m_fill,w_280,h_210,f_jpg?from=ke.com
20240612,朝阳,东大桥,101122471453,世茂宫园 三居室 带书房 精装修拎包入住 可看房,1400万,69150元/平,低楼层 (共27层) | 2004年 | 3室2厅 | 202.46平米 | 南 北,https://ke-image.ljcdn.com/110000-inspection/e153fc50-c3b8-406f-a05b-d73ede267d37_1000.jpg!m_fill,w_280,h_210,f_jpg?from=ke.com
20240612,朝阳,东大桥,101122425922,居高临下。尚都国际中心。随时看房,585万,32096元/平,高楼层 (共33层) | 2004年 | 3室2厅 | 182.27平米 | 西北,https://ke-image.ljcdn.com/110000-inspection/4bf683a4-0791-4802-a600-45476b5f2154_1000.jpg!m_fill,w_280,h_210,f_jpg?from=ke.com
20240612,朝阳,东大桥,101122345645,SOHO尚都 3室2厅 东 北,1050万,53930元/平,低楼层 (共32层) | 2007年 | 3室2厅 | 194.7平米 | 东 北,https://ke-image.ljcdn.com/110000-inspection/569a07b6-e88d-434b-95b2-c2a19734df0f_1000.jpg!m_fill,w_280,h_210,f_jpg?from=ke.com
20240612,朝阳,东大桥,101122278212,圣世一品南向看看国贸北向看花园三居室,1850万,79464元/平,低楼层 (共22层) 3室2厅 | 232.81平米 | 南 北,https://ke-image.ljcdn.com/110000-inspection/bc3eb69e-26f3-4416-b087-69f940f87193_1000.jpg!m_fill,w_280,h_210,f_jpg?from=ke.com
20240612,朝阳,东大桥,101122257325,向军南里  电梯房 精装修一居室 1993新楼龄,410万,98181元/平,低楼层 (共25层) | 1993年 | 1室1厅 | 41.76平米 | 西南 西 西北,https://ke-image.ljcdn.com/110000-inspection/bb3c8d60-a8ff-4ee6-a4ab-30bf1ea68b05_1000.jpg!m_fill,w_280,h_210,f_jpg?from=ke.com
20240612,朝阳,东大桥,101122202748,世贸边户+西南北三面采光+明厨明卫+使用集中供暖水暖,2350万,89218元/平,低楼层 (共20层) 4室2厅 | 263.4平米 | 南 西 北,https://ke-image.ljcdn.com/110000-inspection/4c6d5ed8-9524-484a-842e-59febd417f68_1000.jpg!m_fill,w_280,h_210,f_jpg?from=ke.com
20240612,朝阳,东大桥,101122121097,世贸国际公寓 高层边户 直观日坛公园 满五年唯一房主自荐,2370万,92247元/平,中楼层 (共31层) 3室2厅 | 256.92平米 | 南 北,https://ke-image.ljcdn.com/110000-inspection/8206357c-f230-459c-98f9-1fc7cc92432a_1000.jpg!m_fill,w_280,h_210,f_jpg?from=ke.com
20240612,朝阳,东大桥,101122117579,高层 西南向 一居室 双供暖 采光好 首套贷款300万,955万,108326元/平,中楼层 (共32层) 1室1厅 | 88.16平米 | 东北,https://ke-image.ljcdn.com/110000-inspection/05463895-31fb-4c63-9f57-c0a805b13649_1000.jpg!m_fill,w_280,h_210,f_jpg?from=ke.com
20240612,朝阳,东大桥,101122057985,新房+新城23号楼+新风地暖+新装修+南向二居,1620万,119057元/平,低楼层 (共33层) | 2008年 | 2室1厅 | 136.07平米 | 南 北,https://ke-image.ljcdn.com/110000-inspection/af80b7cb-18ae-44ac-b059-9c2637ae7718_1000.jpg!m_fill,w_280,h_210,f_jpg?from=ke.com
20240612,朝阳,东大桥,101121941640,三期楼龄新双供暖对CBD花园南向保养好。,1680万,123566元/平,中楼层 (共31层) 2室1厅 | 135.96平米 | 南,https://ke-image.ljcdn.com/110000-inspection/e6d18530-0f23-4c38-87e1-73c78c306b6d_1000.jpg!m_fill,w_280,h_210,f_jpg?from=ke.com
20240612,朝阳,东大桥,101121924949,三期观景户型中高层观国贸景观和CBD花园 价格可谈,2200万,116680元/平,中楼层 (共30层) | 2006年 | 3室2厅 | 188.55平米 | 东南 西北,https://ke-image.ljcdn.com/110000-inspection/04e5de88-534e-413f-b263-9a6479308e57_1000.jpg!m_fill,w_280,h_210,f_jpg?from=ke.com
20240612,朝阳,东大桥,101121915686,位置好单价低面积大两居室可开窗户户型。房主自荐,760万,48319元/平,中楼层 (共30层) 2室1厅 | 157.29平米 | 西 北,https://ke-image.ljcdn.com/110000-inspection/f2d3b66d-a0a1-483a-8edb-97ed1716a5f2_1000.jpg!m_fill,w_280,h_210,f_jpg?from=ke.com
20240612,朝阳,东大桥,101121879141,核桃园北里 三居室 采光通风好,610万,85519元/平,低楼层 (共18层) 3室1厅 | 71.33平米 | 南 北,https://ke-image.ljcdn.com/110000-inspection/0654b841-b3b8-4adb-9bda-d83bb6661b95_1000.jpg!m_fill,w_280,h_210,f_jpg?from=ke.com
20240612,朝阳,东大桥,101121798230,圣世一品 一梯一户 双门厅三居室 可看房 价可议,2450万,94112元/平,中楼层 (共22层) | 2010年 | 3室2厅 | 260.33平米 | 西南,https://ke-image.ljcdn.com/110000-inspection/pc1_7ceFCodht.jpg!m_fill,w_280,h_210,f_jpg?from=ke.com
20240612,朝阳,东大桥,101121749255,东南向 超高层观景3居 满五唯一仅契税  有钥匙房主自荐,1755万,119056元/平,高楼层 (共31层) 3室2厅 | 147.41平米 | 东南,https://ke-image.ljcdn.com/110000-inspection/d7c36ad0-2e2d-4909-8f78-8135a0fdb876_1000.jpg!m_fill,w_280,h_210,f_jpg?from=ke.com
20240612,朝阳,东大桥,101121701206,世茂宫园 板楼 南北三居室 可以看房 无抵押 无户口房主自荐,2088万,93111元/平,中楼层 (共7层) | 2004年 | 3室2厅 | 224.25平米 | 南 北,https://ke-image.ljcdn.com/110000-inspection/pc1_LeM5yAWIh.jpg!m_fill,w_280,h_210,f_jpg?from=ke.com
20240612,朝阳,东大桥,101121672275,核桃园北里 2室1厅 南 北,480万,87929元/平,高楼层 (共6层) 2室1厅 | 54.59平米 | 南 北,https://ke-image.ljcdn.com/110000-inspection/fca443cf-144e-4d6e-a03f-c3829f2a0e52_1000.jpg!m_fill,w_280,h_210,f_jpg?from=ke.com
20240612,朝阳,东大桥,101121561351,新城国际三期精装修四居室三卧室朝南有保姆间,2150万,98801元/平,低楼层 (共30层) | 2006年 | 4室2厅 | 217.61平米 | 东 南 西,https://ke-image.ljcdn.com/110000-inspection/bd75a8d2-38bf-4a04-80e9-b6c4a4c3312c_1000.jpg!m_fill,w_280,h_210,f_jpg?from=ke.com
20240612,朝阳,东大桥,101121492542,世贸国际公寓 4室3厅 南 北,2170万,82110元/平,中楼层 (共29层) 4室3厅 | 264.28平米 | 南 北,https://ke-image.ljcdn.com/110000-inspection/pc1_3rtJtMxl8.jpg!m_fill,w_280,h_210,f_jpg?from=ke.com
20240612,朝阳,东大桥,101121416524,高楼层 视野好 满五年 名下只有一套,860万,110158元/平,高楼层 (共29层) 1室0厅 | 78.07平米 | 北,https://ke-image.ljcdn.com/110000-inspection/fd8cf08a-7a0b-40b3-b546-58384b1d6f83_1000.jpg!m_fill,w_280,h_210,f_jpg?from=ke.com
20240612,朝阳,东大桥,101121373984,新城国际 高层观景三居室 全明格局 通透户型房主自荐,1540万,94805元/平,高楼层 (共29层) 3室2厅 | 162.44平米 | 东 西,https://ke-image.ljcdn.com/110000-inspection/8a900855-d5fc-439f-90d0-5376a45dee47_1000.jpg!m_fill,w_280,h_210,f_jpg?from=ke.com
20240612,朝阳,东大桥,101121356545,新城国际二期 小2居 满五唯一 看房方便 适合婚房房主自荐,1200万,108460元/平,高楼层 (共24层) 2室1厅 | 110.64平米 | 东,https://ke-image.ljcdn.com/110000-inspection/33a84acb-9c1f-473c-b2a2-11695b65fab5_1000.jpg!m_fill,w_280,h_210,f_jpg?from=ke.com
20240612,朝阳,东大桥,101121350540,工人体育场东路  高楼层两居室 无遮挡 采光好,358万,75069元/平,顶层 (共5层) | 1974年 | 2室1厅 | 47.69平米 | 东,https://ke-image.ljcdn.com/110000-inspection/pc1_Gcr3gE547_1.jpg!m_fill,w_280,h_210,f_jpg?from=ke.com
20240612,朝阳,东大桥,101121293365,尚都国际中心 1室0厅 西北,480万,26863元/平,中楼层 (共33层) 1室0厅 | 178.69平米 | 西北,https://ke-image.ljcdn.com/110000-inspection/ec1a13eb-331c-4634-b15f-599e8336f23a_1000.jpg!m_fill,w_280,h_210,f_jpg?from=ke.com
20240612,朝阳,东大桥,101121250568,可以贷款300万  新装修  无抵押 高楼层,629万,57360元/平,中楼层 (共30层) 1室1厅 | 109.66平米 | 西,https://ke-image.ljcdn.com/110000-inspection/77b8b015-83da-4c47-b383-da17701c680c_1000.jpg!m_fill,w_280,h_210,f_jpg?from=ke.com
20240612,朝阳,东大桥,101121123317,呼家楼向军南里临地铁 楼龄新两居室,565万,84937元/平,低楼层 (共22层) | 1993年 | 2室1厅 | 66.52平米 | 西南,https://ke-image.ljcdn.com/110000-inspection/pc1_OeNCkbTLG_1.jpg!m_fill,w_280,h_210,f_jpg?from=ke.com
20240612,朝阳,东大桥,101121065002,此房楼层高视野好有钥匙看房随时正规3居室,606万,89632元/平,高楼层 (共15层) | 1984年 | 3室1厅 | 67.61平米 | 东北,https://ke-image.ljcdn.com/110000-inspection/8342d2b8-3bfc-4b9c-91cb-318802c7f24f_1000.jpg!m_fill,w_280,h_210,f_jpg?from=ke.com
20240612,朝阳,东大桥,101120996810,关东店北街 正规三居室 中间楼层 无遮挡 采光充足,640万,94326元/平,中楼层 (共5层) 3室1厅 | 67.85平米 | 南 北,https://ke-image.ljcdn.com/110000-inspection/1cf59200-2ab3-4fcf-8ebf-4bb529381452_1000.jpg!m_fill,w_280,h_210,f_jpg?from=ke.com
20240612,朝阳,东大桥,101120984143,工人体育场南路小区 高楼层三居室,480万,70135元/平,高楼层 (共6层) | 1987年 | 3室1厅 | 68.44平米 | 东 西,https://ke-image.ljcdn.com/110000-inspection/pc1_AzEP3iXGo_1.jpg!m_fill,w_280,h_210,f_jpg?from=ke.com
20240612,朝阳,东大桥,101120983272,新城国际东北向正规一居室 落地窗 有钥匙随时可看,1000万,114404元/平,低楼层 (共33层) | 2003年 | 1室1厅 | 87.41平米 | 东北,https://ke-image.ljcdn.com/110000-inspection/pc1_vcxGkH8dI.jpg!m_fill,w_280,h_210,f_jpg?from=ke.com
20240612,朝阳,东大桥,101120980548,圣世一品西南向方正复式四居室视野好,2090万,179940元/平,高楼层 (共22层) | 2010年 | 4室2厅 | 116.15平米 | 西南,https://ke-image.ljcdn.com/110000-inspection/afb14a00-bfd5-4f8f-bd4b-fec6deff9f48_1000.jpg!m_fill,w_280,h_210,f_jpg?from=ke.com
20240612,朝阳,东大桥,101120919910,世茂宫园南向大两居室观景圆弧形阳台视野好,1600万,92087元/平,中楼层 (共27层) | 2010年 | 2室1厅 | 173.75平米 | 南,https://ke-image.ljcdn.com/110000-inspection/b36b0b90-3745-44d9-829d-70bd62aed834_1000.jpg!m_fill,w_280,h_210,f_jpg?from=ke.com
20240612,朝阳,东大桥,101120915005,海关家属楼南向正规一居室芳草地+日坛,393万,83724元/平,高楼层 (共6层) | 1992年 | 1室1厅 | 46.94平米 | 南,https://ke-image.ljcdn.com/110000-inspection/pc1_iOmL9IGMf.jpg!m_fill,w_280,h_210,f_jpg?from=ke.com
20240612,朝阳,东大桥,101120860995,东三环 国贸 精装修花费60万 首套可贷303万 诚意出售,820万,86008元/平,高楼层 (共42层) 1室1厅 | 95.34平米 | 北,https://ke-image.ljcdn.com/110000-inspection/5e33671a-3475-45ae-b9fb-46668f67636b_1000.jpg!m_fill,w_280,h_210,f_jpg?from=ke.com
20240612,朝阳,东大桥,101120855422,白家庄、工体、精装三居可当两套房用不临街,823万,102978元/平,顶层 (共6层) 3室1厅 | 79.92平米 | 南 北,https://ke-image.ljcdn.com/110000-inspection/pc1_LX7zkvyCx_2.jpg!m_fill,w_280,h_210,f_jpg?from=ke.com
20240612,朝阳,东大桥,101120820194,中间楼层南北通透  全明格局,710万,104290元/平,中楼层 (共6层) 2室1厅 | 68.08平米 | 南 北,https://ke-image.ljcdn.com/110000-inspection/c2456183-88ef-4b51-bd5d-fbb6a2f92305_1000.jpg!m_fill,w_280,h_210,f_jpg?from=ke.com
20240612,朝阳,东大桥,101120683487,京水公寓 2003年商品房 两梯三户 诚意售,830万,91916元/平,高楼层 (共14层) 1室2厅 | 90.3平米 | 东,https://ke-image.ljcdn.com/110000-inspection/8c8df636-9b7d-4d8a-9441-a3cf062ba0c6_1000.jpg!m_fill,w_280,h_210,f_jpg?from=ke.com
20240612,朝阳,东大桥,101120496514,一梯一户新城三期四居室带外置阳台观国贸全景。,2900万,119954元/平,顶层 (共9层) 4室2厅 | 241.76平米 | 南 北,https://ke-image.ljcdn.com/110000-inspection/f4a8ee81-f506-4532-943a-7dc9c20c167e_1000.jpg!m_fill,w_280,h_210,f_jpg?from=ke.com
20240612,朝阳,东大桥,101120490327,Penthouse【顶层复式】空中阳台和花园观国贸中国尊,5180万,161911元/平,顶层 (共27层) 4室2厅 | 319.93平米 | 南 北,https://ke-image.ljcdn.com/110000-inspection/d1d3abc8-da6c-448e-8151-8ba9f2c55f4b_1000.jpg!m_fill,w_280,h_210,f_jpg?from=ke.com
20240612,朝阳,东大桥,101120435621,【世贸复式】楼下客厅楼上卧室动静分离满五唯一,1638万,93069元/平,中楼层 (共20层) 2室1厅 | 176平米 | 南,https://ke-image.ljcdn.com/110000-inspection/774db0e0-822b-40db-b26d-20ebcd9b354a_1000.jpg!m_fill,w_280,h_210,f_jpg?from=ke.com
20240612,朝阳,东大桥,101120315835,看小区花园 中国尊央视东三环景观无遮挡,850万,94183元/平,低楼层 (共42层) 1室1厅 | 90.25平米 | 南,https://ke-image.ljcdn.com/110000-inspection/4e9b6660-f254-4ab2-8667-551c3d44ffa2_1000.jpg!m_fill,w_280,h_210,f_jpg?from=ke.com
20240612,朝阳,东大桥,101120206587,公司产权契税 高楼层59层 视野开阔采光无遮挡,5600万,127491元/平,高楼层 (共57层) 4室2厅 | 439.25平米 | 东 南 北,https://ke-image.ljcdn.com/110000-inspection/fddfba42-1ffa-4636-a8d8-6ff2f0e55961_1000.jpg!m_fill,w_280,h_210,f_jpg?from=ke.com
20240612,朝阳,东大桥,101120010244,新城国际四期视野看小区花园视野很好精装修,780万,96012元/平,顶层 (共6层) | 2008年 | 1室1厅 | 81.24平米 | 北,https://ke-image.ljcdn.com/110000-inspection/02962363-0fe0-4633-8c21-6a55a19eef7e_1000.jpg!m_fill,w_280,h_210,f_jpg?from=ke.com
20240612,朝阳,东大桥,101119896059,圣世一品 双层跃层 1梯1户 私享电梯 直观园林房主自荐,3200万,90040元/平,中楼层 (共22层) 4室2厅 | 355.4平米 | 南,https://ke-image.ljcdn.com/110000-inspection/33f30367-07dd-40e3-8e5e-6a89c034350d_1000.jpg!m_fill,w_280,h_210,f_jpg?from=ke.com
20240612,朝阳,东大桥,101119852236,新城国际+四期+三面采光+正南+明卫+视野开阔房主自荐,1430万,113574元/平,中楼层 (共30层) 2室1厅 | 125.91平米 | 东南 西南 南,https://ke-image.ljcdn.com/110000-inspection/e4f19920-667c-4816-b0f6-f5ee37f4ab1d_1000.jpg!m_fill,w_280,h_210,f_jpg?from=ke.com
20240612,朝阳,东大桥,101119652339,新城国际  随时看房 业主在京 随时签约,631万,72974元/平,中楼层 (共8层) | 2003年 | 1室1厅 | 86.47平米 | 北,https://ke-image.ljcdn.com/110000-inspection/pc1_ECUoAkFJP_2.jpg!m_fill,w_280,h_210,f_jpg?from=ke.com
20240612,朝阳,东大桥,101119518406,新城国际 4期开间 落地窗 满五唯一,900万,119048元/平,中楼层 (共25层) 1室1厅 | 75.6平米 | 北,https://ke-image.ljcdn.com/110000-inspection/30c9a256-7c1e-4690-a658-633747292619_1000.jpg!m_fill,w_280,h_210,f_jpg?from=ke.com
20240612,朝阳,东大桥,101119449861,【6号线东大桥】【全明格局】【中间层】【配套完善】,415万,71676元/平,中楼层 (共5层) 2室1厅 | 57.9平米 | 东,https://ke-image.ljcdn.com/110000-inspection/16496cea-d9d0-4c58-94b5-41b3592b6498_1000.jpg!m_fill,w_280,h_210,f_jpg?from=ke.com
20240612,朝阳,东大桥,101119426005,新装修 南向正规一居室 带衣帽间,730万,80887元/平,低楼层 (共42层) | 2005年 | 1室1厅 | 90.25平米 | 南,https://ke-image.ljcdn.com/110000-inspection/pc1_tygrx4Uiy.jpg!m_fill,w_280,h_210,f_jpg?from=ke.com
20240612,朝阳,东大桥,101119422597,新城国际+动静分离+中高楼层+视野开阔+采光充足+新装房主自荐,1850万,103439元/平,中楼层 (共29层) 3室2厅 | 178.85平米 | 西南,https://ke-image.ljcdn.com/110000-inspection/ddff7f87-a5a0-4619-8897-971f2f686ac3_1000.jpg!m_fill,w_280,h_210,f_jpg?from=ke.com
20240612,朝阳,东大桥,101119388493,【边户】西南北三面采光+板楼得房率83%+明厨明卫房主自荐,2448万,93325元/平,中楼层 (共30层) 3室2厅 | 262.31平米 | 南 西 北,https://ke-image.ljcdn.com/110000-inspection/764df4c6-c07c-4358-8451-65831e68c32a_1000.jpg!m_fill,w_280,h_210,f_jpg?from=ke.com
20240612,朝阳,东大桥,101119278524,四期高层带外置阳台观景国贸视野好随时看。,3400万,118583元/平,高楼层 (共27层) 4室2厅 | 286.72平米 | 东南 西北,https://ke-image.ljcdn.com/110000-inspection/867d0931-4edd-4b65-8399-aacd3b96ca3b_1000.jpg!m_fill,w_280,h_210,f_jpg?from=ke.com
20240612,朝阳,东大桥,101119275011,新城国际 2室1厅 东,1500万,120803元/平,中楼层 (共29层) | 2003年 | 2室1厅 | 124.17平米 | 东,https://ke-image.ljcdn.com/110000-inspection/9189d31b-3d30-4305-b52f-499d9d8e8dc1_1000.jpg!m_fill,w_280,h_210,f_jpg?from=ke.com
20240612,朝阳,东大桥,101118710281,国贸精装修一居室 视野无遮挡 看房方便 诚意卖,725万,83603元/平,低楼层 (共42层) 1室1厅 | 86.72平米 | 北,https://ke-image.ljcdn.com/110000-inspection/pc1_q5JNlfWfj.jpg!m_fill,w_280,h_210,f_jpg?from=ke.com
20240612,朝阳,东大桥,101118684693,圣世一品 精装修2居室 1梯1户 诚意出售 配合签约,1460万,93417元/平,低楼层 (共22层) 2室1厅 | 156.29平米 | 西北,https://ke-image.ljcdn.com/110000-inspection/76f66c44-3abe-47ac-9a30-e6407dfbed30_1000.jpg!m_fill,w_280,h_210,f_jpg?from=ke.com
20240612,朝阳,东大桥,101118630910,四期高层两居室保养好带明卫满五唯一观景国贸。,1450万,115162元/平,高楼层 (共30层) 2室1厅 | 125.91平米 | 西南,https://ke-image.ljcdn.com/110000-inspection/71d62d2e-ad79-443c-aa2f-690cd997c489_1000.jpg!m_fill,w_280,h_210,f_jpg?from=ke.com
20240612,朝阳,东大桥,101118591343,【板楼】得房率83%+南北通透+正对小区花园+满五唯一房主自荐,2450万,92467元/平,中楼层 (共29层) 3室2厅 | 264.96平米 | 南 北,https://ke-image.ljcdn.com/110000-inspection/776a8bcd-1365-441e-ab21-53b8ce53468e_1000.jpg!m_fill,w_280,h_210,f_jpg?from=ke.com
20240612,朝阳,东大桥,101118512733,【Studio】新城开间各功能间齐全麻雀虽小五脏俱全,725万,116093元/平,中楼层 (共31层) | 2005年 | 1室0厅 | 62.45平米 | 西北,https://ke-image.ljcdn.com/110000-inspection/1f8a663b-edea-428e-a8f4-98f7cb672955_1000.jpg!m_fill,w_280,h_210,f_jpg?from=ke.com
20240612,朝阳,东大桥,101118482277,东大桥东里 东西通透无遮挡采光好配套齐全,430万,71619元/平,高楼层 (共6层) 2室1厅 | 60.04平米 | 东 西,https://ke-image.ljcdn.com/110000-inspection/pc1_xahUue3vf.jpg!m_fill,w_280,h_210,f_jpg?from=ke.com
20240612,朝阳,东大桥,101118469166,向军南里 带电梯 93年房子 塔楼,533万,88421元/平,低楼层 (共19层) | 1993年 | 2室1厅 | 60.28平米 | 西北 东北,https://ke-image.ljcdn.com/110000-inspection/74d0f0ac-98ff-4b17-bf88-5f64f07a33b1_1000.jpg!m_fill,w_280,h_210,f_jpg?from=ke.com
20240612,朝阳,东大桥,101118335435,工体南路 满五年户型方正 有钥匙 看房随时,330万,77356元/平,中楼层 (共18层) | 1987年 | 1室1厅 | 42.66平米 | 南,https://ke-image.ljcdn.com/110000-inspection/pc1_7Clqbqc0v.jpg!m_fill,w_280,h_210,f_jpg?from=ke.com
20240612,朝阳,东大桥,101118191165,北京国贸北侧楼层高南北通透三居管理好。单价低,1765万,87321元/平,中楼层 (共42层) 3室2厅 | 202.13平米 | 南 西 北,https://ke-image.ljcdn.com/110000-inspection/959be6f9-6c85-4349-aec2-e22b1cbd46b0_1000.jpg!m_fill,w_280,h_210,f_jpg?from=ke.com
20240612,朝阳,东大桥,101118125982,北京财富中心 西南向两居室户型方正 设计合理,1088万,88148元/平,低楼层 (共42层) 2室2厅 | 123.43平米 | 南 西,https://ke-image.ljcdn.com/110000-inspection/pc1_whnbLZ7Ea.jpg!m_fill,w_280,h_210,f_jpg?from=ke.com
20240612,朝阳,东大桥,101118014517,新城国际四期高层开间户型仅契税,920万,127107元/平,高楼层 (共30层) | 2008年 | 1室0厅 | 72.38平米 | 东,https://ke-image.ljcdn.com/110000-inspection/cde5f531-7944-4527-85fe-ea425648375d_1000.jpg!m_fill,w_280,h_210,f_jpg?from=ke.com
20240612,朝阳,东大桥,101117943312,东南向采光充足 视野无遮挡 看国贸中国尊央视,1480万,88538元/平,低楼层 (共42层) | 2005年 | 3室2厅 | 167.16平米 | 东南,https://ke-image.ljcdn.com/110000-inspection/7a4f70c1-a5f2-40e1-8b9e-6f1f41c6e5a1_1000.jpg!m_fill,w_280,h_210,f_jpg?from=ke.com
20240612,朝阳,东大桥,101117846625,新城国际3期 满五唯一北向户型方正 二次装修看小区,910万,116563元/平,高楼层 (共29层) | 2006年 | 1室1厅 | 78.07平米 | 北,https://ke-image.ljcdn.com/110000-inspection/pc1_r0M6oSvDW_2.jpg!m_fill,w_280,h_210,f_jpg?from=ke.com
20240612,朝阳,东大桥,101117839149,白家庄核桃园北里南向一居室诚意出售,495万,113040元/平,顶层 (共15层) | 1987年 | 1室1厅 | 43.79平米 | 南,https://ke-image.ljcdn.com/110000-inspection/pc1_abzyFJIBw_1.jpg!m_fill,w_280,h_210,f_jpg?from=ke.com
20240612,朝阳,东大桥,101117837207,向军北里 南向两居室 高层不临街 采光视野好 楼道干净,469万,92780元/平,顶层 (共5层) | 1980年 | 2室1厅 | 50.55平米 | 南,https://ke-image.ljcdn.com/110000-inspection/pc1_uTi1LQrT0.jpg!m_fill,w_280,h_210,f_jpg?from=ke.com
20240612,朝阳,东大桥,101117142927,世贸国际公寓 北向一居室 看小区花园 视野开阔无遮挡,700万,93421元/平,中楼层 (共30层) | 2001年 | 1室1厅 | 74.93平米 | 北,https://ke-image.ljcdn.com/110000-inspection/pc1_sryg7ae9r.jpg!m_fill,w_280,h_210,f_jpg?from=ke.com
20240612,朝阳,东大桥,101117008524,新城国际+满五唯一+精装修+安静不临街+私密性好+诚意房主自荐,800万,102473元/平,低楼层 (共29层) | 2006年 | 1室0厅 | 78.07平米 | 北,https://ke-image.ljcdn.com/110000-inspection/pc1_VydRbqE4a_2.jpg!m_fill,w_280,h_210,f_jpg?from=ke.com
20240612,朝阳,东大桥,101114762341,新城国际+中高楼层+满五年唯一+南北通透+舒适四居房主自荐,3300万,124944元/平,中楼层 (共28层) 4室1厅 | 264.12平米 | 南 北,https://ke-image.ljcdn.com/110000-inspection/4d0b97aa-7296-4d91-b4e5-c3cd8dc91ede_1000.jpg!m_fill,w_280,h_210,f_jpg?from=ke.com
20240612,朝阳,东大桥,101112207852,新城国际一期正规一居室视野无遮挡诚意出售。,1030万,116834元/平,中楼层 (共32层) | 2003年 | 1室1厅 | 88.16平米 | 西北,https://ke-image.ljcdn.com/110000-inspection/pc1_Bd0FFzDD8_2.jpg!m_fill,w_280,h_210,f_jpg?from=ke.com
20240612,朝阳,东大桥,101107716407,圣世一品顶层大户型 上下复式 独门独户,10000万,114170元/平,高楼层 (共22层) | 2010年 | 6室3厅 | 875.89平米 | 东 南 西 北,https://ke-image.ljcdn.com/110000-inspection/pc1_lk6NVs9VH_1.jpg!m_fill,w_280,h_210,f_jpg?from=ke.com
20240612,朝阳,东大桥,101124815559,新城国际二次装修小三居东西通透看花园满五唯一新上,1680万,103379元/平,低楼层 (共29层) 3室1厅 | 162.51平米 | 东 西,https://s1.ljcdn.com/pegasus/redskull/images/common/default_house_list.png?_v=20240531152802801
20240612,朝阳,东大桥,101124808849,新城国际东高高层看国贸全景 二次装修过 价格可谈新上,1450万,110393元/平,高楼层 (共32层) 2室1厅 | 131.35平米 | 东南,https://s1.ljcdn.com/pegasus/redskull/images/common/default_house_list.png?_v=20240531152802801
20240612,朝阳,东大桥,101124785363,工体南路 1室1厅 东新上,427万,84857元/平,中楼层 (共5层) 1室1厅 | 50.32平米 | 东,https://s1.ljcdn.com/pegasus/redskull/images/common/default_house_list.png?_v=20240531152802801
20240612,朝阳,东大桥,101124706136,旺座中心公寓 3室2厅 西南,1178万,46342元/平,低楼层 (共30层) 3室2厅 | 254.2平米 | 西南,https://s1.ljcdn.com/pegasus/redskull/images/common/default_house_list.png?_v=20240531152802801
20240612,朝阳,东大桥,101124694344,旺座中心公寓 1室1厅 西,633万,54982元/平,低楼层 (共30层) 1室1厅 | 115.13平米 | 西,https://s1.ljcdn.com/pegasus/redskull/images/common/default_house_list.png?_v=20240531152802801
20240612,朝阳,东大桥,101124685538,世茂宫园 1室1厅 北,930万,81280元/平,中楼层 (共27层) | 2010年 | 1室1厅 | 114.42平米 | 北,https://s1.ljcdn.com/pegasus/redskull/images/common/default_house_list.png?_v=20240531152802801
20240612,朝阳,东大桥,101124629568,复地国际公寓 1室0厅 东,260万,51283元/平,低楼层 (共23层) 1室0厅 | 50.7平米 | 东,https://s1.ljcdn.com/pegasus/redskull/images/common/default_house_list.png?_v=20240531152802801
20240612,朝阳,东大桥,101124612655,核桃园北里 2室1厅 东南,462万,89605元/平,中楼层 (共15层) 2室1厅 | 51.56平米 | 东南,https://s1.ljcdn.com/pegasus/redskull/images/common/default_house_list.png?_v=20240531152802801
20240612,朝阳,东大桥,101124605271,满五年央产房有小区有管理诚意出售,570万,82585元/平,高楼层 (共14层) 3室1厅 | 69.02平米 | 西北,https://s1.ljcdn.com/pegasus/redskull/images/common/default_house_list.png?_v=20240531152802801
20240612,朝阳,东大桥,101124600257,东大桥东里 南北通透三居室 看房随时 业主诚意出售,449万,64932元/平,顶层 (共6层) 3室1厅 | 69.15平米 | 南 北,https://s1.ljcdn.com/pegasus/redskull/images/common/default_house_list.png?_v=20240531152802801
20240612,朝阳,东大桥,101124509585,SOHO尚都 1室1厅 东北,730万,38061元/平,中楼层 (共32层) | 2007年 | 1室1厅 | 191.8平米 | 东北,https://s1.ljcdn.com/pegasus/redskull/images/common/default_house_list.png?_v=20240531152802801
20240612,朝阳,东大桥,101124410398,东大桥东里满五年东南两居室客厅可放沙发,350万,68307元/平,中楼层 (共6层) 2室1厅 | 51.24平米 | 东南,https://s1.ljcdn.com/pegasus/redskull/images/common/default_house_list.png?_v=20240531152802801
20240612,朝阳,东大桥,101124375445,农丰里 1室1厅 南,410万,108898元/平,底层 (共6层) 1室1厅 | 37.65平米 | 南,https://s1.ljcdn.com/pegasus/redskull/images/common/default_house_list.png?_v=20240531152802801
20240612,朝阳,东大桥,101124370793,旺座中心公寓 3室2厅 南 东,1400万,55075元/平,低楼层 (共30层) 3室2厅 | 254.2平米 | 南 东,https://s1.ljcdn.com/pegasus/redskull/images/common/default_house_list.png?_v=20240531152802801
20240612,朝阳,东大桥,101124326082,新城国际三期2居室诚意出售有租约,1138万,101436元/平,中楼层 (共30层) | 2006年 | 2室2厅 | 112.19平米 | 西,https://s1.ljcdn.com/pegasus/redskull/images/common/default_house_list.png?_v=20240531152802801
20240612,朝阳,东大桥,101124264857,复地国际公寓 1室1厅 东,179万,35306元/平,中楼层 (共23层) 1室1厅 | 50.7平米 | 东,https://s1.ljcdn.com/pegasus/redskull/images/common/default_house_list.png?_v=20240531152802801
20240612,朝阳,东大桥,101124189141,三环里近国贸世贸天阶有电梯关东店南街房主自荐,699万,79914元/平,顶层 (共18层) 3室1厅 | 87.47平米 | 西南,https://s1.ljcdn.com/pegasus/redskull/images/common/default_house_list.png?_v=20240531152802801
20240612,朝阳,东大桥,101124167704,业主移民*诚意出售*市场价格*欢迎咨询*稳定租约,940万,107540元/平,中楼层 (共33层) 1室1厅 | 87.41平米 | 东北,https://s1.ljcdn.com/pegasus/redskull/images/common/default_house_list.png?_v=20240531152802801
20240612,朝阳,东大桥,101124144219,向军北里【白+80】一居室南向 楼龄新,410万,110097元/平,高楼层 (共6层) 1室1厅 | 37.24平米 | 南 西,https://s1.ljcdn.com/pegasus/redskull/images/common/default_house_list.png?_v=20240531152802801
20240612,朝阳,东大桥,101124138447,农丰里南北通透格局楼层好视野宽阔采光充足,650万,101452元/平,中楼层 (共6层) 2室1厅 | 64.07平米 | 南 北,https://s1.ljcdn.com/pegasus/redskull/images/common/default_house_list.png?_v=20240531152802801
20240612,朝阳,东大桥,101124128338,新城国际少有客厅挑高6米loft结构满两年仅契税房主自荐,1150万,85860元/平,中楼层 (共31层) 1室1厅 | 133.94平米 | 西北,https://s1.ljcdn.com/pegasus/redskull/images/common/default_house_list.png?_v=20240531152802801
20240612,朝阳,东大桥,101123953890,可以贷款580万房子高层精装修看房提前约 赞赞,963万,51641元/平,中楼层 (共30层) 3室1厅 | 186.48平米 | 北,https://s1.ljcdn.com/pegasus/redskull/images/common/default_house_list.png?_v=20240531152802801
20240612,朝阳,东大桥,101123866843,东南向格局  中间楼层  采光充足  独立客厅,420万,73197元/平,中楼层 (共6层) 2室1厅 | 57.38平米 | 东南,https://s1.ljcdn.com/pegasus/redskull/images/common/default_house_list.png?_v=20240531152802801
20240612,朝阳,东大桥,101123814643,新城国际 3室1厅 南 西 北,1900万,107200元/平,中楼层 (共33层) 3室1厅 | 177.24平米 | 南 西 北,https://s1.ljcdn.com/pegasus/redskull/images/common/default_house_list.png?_v=20240531152802801
20240612,朝阳,东大桥,101123773928,可以贷款400万  看房方便   高层 户型方方正正,753万,37519元/平,中楼层 (共33层) | 2004年 | 3室2厅 | 200.7平米 | 西北,https://s1.ljcdn.com/pegasus/redskull/images/common/default_house_list.png?_v=20240531152802801
20240612,朝阳,东大桥,101123669466,世界城精装修房业主着急出售价格可谈,388万,50693元/平,中楼层 (共29层) | 2008年 | 1室1厅 | 76.54平米 | 北,https://s1.ljcdn.com/pegasus/redskull/images/common/default_house_list.png?_v=20240531152802801
20240612,朝阳,东大桥,101123652389,中国银行家属楼有管理24小时物业24小时热水独门独院,335万,79762元/平,底层 (共18层) 1室1厅 | 42平米 | 南,https://s1.ljcdn.com/pegasus/redskull/images/common/default_house_list.png?_v=20240531152802801
20240612,朝阳,东大桥,101123642003,世界城 1室0厅 北,268万,46104元/平,中楼层 (共29层) | 2008年 | 1室0厅 | 58.13平米 | 北,https://s1.ljcdn.com/pegasus/redskull/images/common/default_house_list.png?_v=20240531152802801
20240612,朝阳,东大桥,101123612288,世界城 1室1厅 东,464万,60575元/平,中楼层 (共31层) | 2008年 | 1室1厅 | 76.6平米 | 东,https://s1.ljcdn.com/pegasus/redskull/images/common/default_house_list.png?_v=20240531152802801
20240612,朝阳,东大桥,101122826165,世界城  朝南向精装修 变现出售,530万,58942元/平,中楼层 (共29层) | 2008年 | 1室1厅 | 89.92平米 | 南,https://s1.ljcdn.com/pegasus/redskull/images/common/default_house_list.png?_v=20240531152802801
20240612,朝阳,东大桥,101122756727,复地国际公寓 1室0厅 南,240万,38474元/平,低楼层 (共23层) | 2008年 | 1室0厅 | 62.38平米 | 南,https://s1.ljcdn.com/pegasus/redskull/images/common/default_house_list.png?_v=20240531152802801
20240612,朝阳,东大桥,101122756687,复地国际公寓 1室1厅 东 南 西,490万,40287元/平,高楼层 (共23层) | 2008年 | 1室1厅 | 121.63平米 | 东 南 西,https://s1.ljcdn.com/pegasus/redskull/images/common/default_house_list.png?_v=20240531152802801
20240612,朝阳,东大桥,101122551578,新城国际4期 层高3.15米  东南朝向 观小区园林,1088万,104155元/平,顶层 (共6层) 2室1厅 | 104.46平米 | 南,https://s1.ljcdn.com/pegasus/redskull/images/common/default_house_list.png?_v=20240531152802801
20240612,朝阳,东大桥,101122435294,【关东店北街】【白 八十】【三居室】交通生活便利,508万,75551元/平,低楼层 (共18层) 3室1厅 | 67.24平米 | 西北,https://s1.ljcdn.com/pegasus/redskull/images/common/default_house_list.png?_v=20240531152802801
20240612,朝阳,东大桥,101122296405,世界城 1室1厅 南,305万,53173元/平,高楼层 (共29层) | 2009年 | 1室1厅 | 57.36平米 | 南,https://s1.ljcdn.com/pegasus/redskull/images/common/default_house_list.png?_v=20240531152802801
20240612,朝阳,东大桥,101121745765,圣世一品东向满五年唯一带衣帽间不临街,1350万,85938元/平,中楼层 (共21层) 2室1厅 | 157.09平米 | 东,https://s1.ljcdn.com/pegasus/redskull/images/common/default_house_list.png?_v=20240531152802801
20240612,朝阳,东大桥,101121015242,世界城 临近世贸天阶地理位置好 业主享用免费游泳池,450万,58793元/平,中楼层 (共29层) | 2008年 | 1室1厅 | 76.54平米 | 东北,https://s1.ljcdn.com/pegasus/redskull/images/common/default_house_list.png?_v=20240531152802801
20240612,朝阳,东大桥,101118921742,世贸国际公寓高层观景大开间 二次装修 满两年契税少房主自荐,899万,119580元/平,高楼层 (共30层) | 2001年 | 1室0厅 | 75.18平米 | 北,https://ke-image.ljcdn.com/110000-inspection/47580d26-97cf-4f04-bc73-d69746418c34.jpeg!m_fill,w_280,h_210,f_jpg?from=ke.com
20240612,朝阳,东大桥,101117992937,国贸关东店南街高层带电梯满五年唯一钢混三居诚售,490万,73058元/平,高楼层 (共18层) 3室1厅 | 67.07平米 | 东北,https://ke-image.ljcdn.com/110000-inspection/fc7b0d54-9a12-40b4-b730-e0f166bad1e9.png!m_fill,w_280,h_210,f_jpg?from=ke.com
20240612,朝阳,东大桥,101117947870,世界城南向开间高楼层国贸CBD,285万,49687元/平,高楼层 (共29层) | 2009年 | 1室1厅 | 57.36平米 | 南,https://s1.ljcdn.com/pegasus/redskull/images/common/default_house_list.png?_v=20240531152802801
20240612,朝阳,东大桥,101117388511,南向正规一室诚产权清晰无抵押诚意出售！,456万,50724元/平,中楼层 (共29层) | 2008年 | 1室1厅 | 89.9平米 | 东 南,https://s1.ljcdn.com/pegasus/redskull/images/common/default_house_list.png?_v=20240531152802801
20240612,朝阳,东大桥,101108524598,东三环世界城国贸商圈2008年建成,330万,59481元/平,低楼层 (共29层) | 2008年 | 1室0厅 | 55.48平米 | 北,https://s1.ljcdn.com/pegasus/redskull/images/common/default_house_list.png?_v=20240531152802801
