20230728,西城,西直门,101120116842,交大嘉园  正规一居室 客厅有大窗户 好利用！必看好房,695万,113972元/平,高楼层 (共19层) 1室1厅 | 60.98平米 | 东北,https://ke-image.ljcdn.com/110000-inspection/pc1_7u8yTYwnc.jpg!m_fill,w_280,h_210,f_jpg?from=ke.com
20230728,西城,西直门,101119761015,2层+南北通透+3居室+大客厅+2个卫生间必看好房,1420万,138402元/平,中楼层 (共5层) 3室2厅 | 102.6平米 | 南 北,https://ke-image.ljcdn.com/110000-inspection/pc1_FkTeqU0qq.jpg!m_fill,w_280,h_210,f_jpg?from=ke.com
20230728,西城,西直门,101119733119,楼龄新有电梯西南向北京电信的家属楼必看好房,400万,80419元/平,高楼层 (共14层) 1室1厅 | 49.74平米 | 南 北,https://ke-image.ljcdn.com/110000-inspection/pc1_3WvS47MSi.jpg!m_fill,w_280,h_210,f_jpg?from=ke.com
20230728,西城,西直门,101119676913,西直门 交大东路66号院 大两居室 落地飘窗 停车方便必看好房,620万,89081元/平,高楼层 (共25层) | 2010年建 | 2室1厅 | 69.6平米 | 西,https://ke-image.ljcdn.com/110000-inspection/pc1_CS2dms6hg_1.jpg!m_fill,w_280,h_210,f_jpg?from=ke.com
20230728,西城,西直门,101119439574,德宝新园精装修两居高楼层采光好无遮挡必看好房,558万,94898元/平,顶层 (共6层) | 1992年建 | 2室1厅 | 58.8平米 | 东 西,https://ke-image.ljcdn.com/110000-inspection/pc1_bUpb3xdww.jpg!m_fill,w_280,h_210,f_jpg?from=ke.com
20230728,西城,西直门,101119717592,卫生部小区 高楼层 采光好 户型方正两居,560万,102659元/平,中楼层 (共16层) 2室1厅 | 54.55平米 | 东 北,https://ke-image.ljcdn.com/110000-inspection/pc1_QM5wupRNr.jpg!m_fill,w_280,h_210,f_jpg?from=ke.com
20230728,西城,西直门,101119576541,德宝新园 2室1厅 东 西必看好房,618万,113603元/平,底层 (共6层) | 1992年建 | 2室1厅 | 54.4平米 | 东 西,https://ke-image.ljcdn.com/110000-inspection/pc1_d2273KhXs.jpg!m_fill,w_280,h_210,f_jpg?from=ke.com
20230728,西城,西直门,101119434975,西直门交大东路4号98年电梯2居南北通透阳台算一半,670万,91281元/平,中楼层 (共14层) 2室1厅 | 73.4平米 | 南 北,https://ke-image.ljcdn.com/110000-inspection/pc1_C2Gz093hh.jpg!m_fill,w_280,h_210,f_jpg?from=ke.com
20230728,西城,西直门,101119424983,玉桃园三区 中间楼层 南北通透全明格局两居室,770万,135088元/平,中楼层 (共6层) 2室1厅 | 57平米 | 南 北,https://ke-image.ljcdn.com/110000-inspection/44fdcca7-a995-4914-b176-bf60e1ee334e_1000.jpg!m_fill,w_280,h_210,f_jpg?from=ke.com
20230728,西城,西直门,101119395093,高梁桥斜街丙40号院95年的楼,670万,98850元/平,高楼层 (共9层) 2室1厅 | 67.78平米 | 东,https://ke-image.ljcdn.com/110000-inspection/pc1_YAqAnDJvH.jpg!m_fill,w_280,h_210,f_jpg?from=ke.com
20230728,西城,西直门,101119391047,西直门高梁桥精装电梯3居2卫南北通透满五房改房,1295万,109265元/平,中楼层 (共11层) | 1999年建 | 3室2厅 | 118.52平米 | 南 北,https://ke-image.ljcdn.com/110000-inspection/pc1_RHWSrhREq.jpg!m_fill,w_280,h_210,f_jpg?from=ke.com
20230728,西城,西直门,101119343920,高梁桥斜街乙40号院 业主诚心出售 看房提方便必看好房,808万,102747元/平,中楼层 (共13层) 2室1厅 | 78.64平米 | 东,https://ke-image.ljcdn.com/110000-inspection/pc1_6bI5iQqVw.jpg!m_fill,w_280,h_210,f_jpg?from=ke.com
20230728,西城,西直门,101119279828,熙府桃园  不临街 高楼层南北大三居必看好房,2750万,177271元/平,高楼层 (共13层) 3室2厅 | 155.13平米 | 南 北,https://ke-image.ljcdn.com/110000-inspection/pc1_Y3Fqshs0s.jpg!m_fill,w_280,h_210,f_jpg?from=ke.com
20230728,西城,西直门,101119171079,前桃园新上南北两居  中间层采光好必看好房,660万,113598元/平,高楼层 (共6层) 2室1厅 | 58.1平米 | 南 北,https://ke-image.ljcdn.com/110000-inspection/pc1_OdMWzYkpK.jpg!m_fill,w_280,h_210,f_jpg?from=ke.com
20230728,西城,西直门,101119159532,西直门二环里玉桃园一区优质两居室双卫,1240万,136715元/平,中楼层 (共6层) 2室2厅 | 90.7平米 | 南 北,https://ke-image.ljcdn.com/110000-inspection/pc1_O8GWGB0VP.jpg!m_fill,w_280,h_210,f_jpg?from=ke.com
20230728,西城,西直门,101119136986,西直门 展览路德宝新园精装一居室必看好房,498万,116356元/平,顶层 (共6层) | 1992年建 | 1室1厅 | 42.8平米 | 西南,https://ke-image.ljcdn.com/110000-inspection/pc1_AB14cFlki.jpg!m_fill,w_280,h_210,f_jpg?from=ke.com
20230728,西城,西直门,101118622676,西城西直门德宝新园中间层一居 诚心出售,506万,120764元/平,中楼层 (共6层) 1室1厅 | 41.9平米 | 东南,https://ke-image.ljcdn.com/110000-inspection/pc1_BvDoEMOXj.jpg!m_fill,w_280,h_210,f_jpg?from=ke.com
20230728,西城,西直门,101118593823,交大东路4号院 2室1厅 西南 北必看好房,690万,82389元/平,低楼层 (共14层) 2室1厅 | 83.75平米 | 西南 北,https://ke-image.ljcdn.com/110000-inspection/pc1_XYflaxRec.jpg!m_fill,w_280,h_210,f_jpg?from=ke.com
20230728,西城,西直门,101118322406,交大东路52号院卫生部小区通透两居必看好房,585万,90642元/平,高楼层 (共6层) 2室1厅 | 64.54平米 | 东 西,https://ke-image.ljcdn.com/110000-inspection/pc1_aFhl9iI6r.jpg!m_fill,w_280,h_210,f_jpg?from=ke.com
20230728,西城,西直门,101117907503,高梁桥斜街乙40号院3室2厅2卫南北通透,1560万,109053元/平,中楼层 (共11层) | 1999年建 | 3室2厅 | 143.05平米 | 南 北,https://ke-image.ljcdn.com/110000-inspection/pc1_AoK5CPtnR.jpg!m_fill,w_280,h_210,f_jpg?from=ke.com
20230728,西城,西直门,101117847175,玉桃园三区 精装修 低楼层 大一居必看好房,569万,112451元/平,低楼层 (共6层) | 1997年建 | 1室1厅 | 50.6平米 | 西,https://ke-image.ljcdn.com/110000-inspection/pc1_ClMebEzKN.jpg!m_fill,w_280,h_210,f_jpg?from=ke.com
20230728,西城,西直门,101113872849,西城区西直门德宝新园两居室精装修中间楼层满五年,709万,118364元/平,中楼层 (共6层) | 1992年建 | 2室1厅 | 59.9平米 | 东 西,https://ke-image.ljcdn.com/110000-inspection/pc1_s1VpyF8HF_1.jpg!m_fill,w_280,h_210,f_jpg?from=ke.com
20230728,西城,西直门,101120273814,西直门人车分流小区 落地窗 南北通透三居室必看好房,2600万,164724元/平,中楼层 (共7层) 3室2厅 | 157.84平米 | 南 西 北,https://ke-image.ljcdn.com/110000-inspection/pc1_AzlVaImBF.jpg!m_fill,w_280,h_210,f_jpg?from=ke.com
20230728,西城,西直门,101119933296,铁道科学研究院  楼龄新 安静 停车方便必看好房,735万,125599元/平,底层 (共6层) 2室1厅 | 58.52平米 | 南 北,https://ke-image.ljcdn.com/110000-inspection/pc1_hfdy350eS.jpg!m_fill,w_280,h_210,f_jpg?from=ke.com
20230728,西城,西直门,101119727210,西直门 交大东路 铁道部宿舍 高楼层 业主诚售必看好房,726万,94483元/平,中楼层 (共14层) 2室1厅 | 76.84平米 | 东南,https://ke-image.ljcdn.com/110000-inspection/pc1_VAEHY3TvV.jpg!m_fill,w_280,h_210,f_jpg?from=ke.com
20230728,西城,西直门,101119596020,西直门交大东路4号院正规3居无遮挡有电梯宽敞明亮必看好房,780万,83700元/平,高楼层 (共14层) 3室1厅 | 93.19平米 | 东北,https://ke-image.ljcdn.com/110000-inspection/pc1_oRbDFu7un.jpg!m_fill,w_280,h_210,f_jpg?from=ke.com
20230728,西城,西直门,101119171006,西直门交大南门 上园村底层 业主诚售必看好房,530万,95324元/平,低楼层 (共6层) | 1985年建 | 2室1厅 | 55.6平米 | 南 北,https://ke-image.ljcdn.com/110000-inspection/pc1_KR5zkzbXL.jpg!m_fill,w_280,h_210,f_jpg?from=ke.com
20230728,西城,西直门,101119131197,学院南路60号院 93年建成 不临街 精装修  三居室必看好房,788万,112092元/平,高楼层 (共6层) | 1993年建 | 3室1厅 | 70.3平米 | 南 北 东,https://ke-image.ljcdn.com/110000-inspection/pc1_wxjAEjVgw.jpg!m_fill,w_280,h_210,f_jpg?from=ke.com
20230728,西城,西直门,101118686780,二环西直门品质楼盘 长河湾水系花园社区 复式电梯板楼,3250万,156831元/平,顶层 (共6层) 3室3厅 | 207.23平米 | 南 北,https://ke-image.ljcdn.com/110000-inspection/b479c63f-1c9b-49df-a099-1d0593bc7433_1000.jpg!m_fill,w_280,h_210,f_jpg?from=ke.com
20230728,西城,西直门,101120274686,德宝正规一居室  中间楼层  视野好新上,598万,112831元/平,高楼层 (共7层) | 1992年建 | 1室1厅 | 53平米 | 东 西,https://ke-image.ljcdn.com/110000-inspection/pc1_fRv8s0DWN.jpg!m_fill,w_280,h_210,f_jpg?from=ke.com
20230728,西城,西直门,101120251917,卫生部小区 2室1厅 南新上,510万,97051元/平,顶层 (共6层) 2室1厅 | 52.55平米 | 南,https://ke-image.ljcdn.com/110000-inspection/pc1_RdzPQFXeg.jpg!m_fill,w_280,h_210,f_jpg?from=ke.com
20230728,西城,西直门,101120243279,上园村 2室1厅 南 北新上,586万,109944元/平,高楼层 (共6层) | 1983年建 | 2室1厅 | 53.3平米 | 南 北,https://ke-image.ljcdn.com/110000-inspection/pc1_raIaGl7KF.jpg!m_fill,w_280,h_210,f_jpg?from=ke.com
20230728,西城,西直门,101120236724,西直门 钻河公馆 正规3居 近地铁 看房方便新上,829万,92492元/平,高楼层 (共25层) 3室1厅 | 89.63平米 | 东北,https://ke-image.ljcdn.com/110000-inspection/pc1_u2hhG2HOT.jpg!m_fill,w_280,h_210,f_jpg?from=ke.com
20230728,西城,西直门,101120210693,前桃园1号 环境升级 低楼层南北通透二居室 随时看房新上,696万,119794元/平,低楼层 (共6层) 2室1厅 | 58.1平米 | 南 北,https://ke-image.ljcdn.com/110000-inspection/pc1_Oua0ys7Y9.jpg!m_fill,w_280,h_210,f_jpg?from=ke.com
20230728,西城,西直门,101120166062,西直门上园村 三室一厅 双卧朝南 采光好 车位充足房主自荐,735万,107300元/平,高楼层 (共6层) | 1983年建 | 3室1厅 | 68.5平米 | 南 北,https://ke-image.ljcdn.com/110000-inspection/pc1_gaiK0FNvS.jpg!m_fill,w_280,h_210,f_jpg?from=ke.com
20230728,西城,西直门,101120146829,大钱市胡同 2室1厅 西北,656万,117986元/平,低楼层 (共16层) | 1993年建 | 2室1厅 | 55.6平米 | 西北,https://ke-image.ljcdn.com/110000-inspection/pc1_LxoEJjS9i.jpg!m_fill,w_280,h_210,f_jpg?from=ke.com
20230728,西城,西直门,101120095741,西直门长河湾花园社区中高楼层南向带电梯满五唯一,1100万,130813元/平,中楼层 (共14层) | 2005年建 | 1室1厅 | 84.09平米 | 南,https://ke-image.ljcdn.com/110000-inspection/pc1_u71NqVqWr.jpg!m_fill,w_280,h_210,f_jpg?from=ke.com
20230728,西城,西直门,101120027907,电信家属楼 带客厅大二居 东西通透,635万,87418元/平,中楼层 (共14层) 2室1厅 | 72.64平米 | 东 西,https://ke-image.ljcdn.com/110000-inspection/pc1_mBUuWSwPA.jpg!m_fill,w_280,h_210,f_jpg?from=ke.com
20230728,西城,西直门,101119999307,西直门附近 交大商圈 正规两居室 央产院 诚心出售房主自荐,680万,103031元/平,中楼层 (共6层) 2室1厅 | 66平米 | 北 南,https://ke-image.ljcdn.com/110000-inspection/pc1_YJ1e8noPX.jpg!m_fill,w_280,h_210,f_jpg?from=ke.com
20230728,西城,西直门,101119992395,铁道科学研究院 满五年唯一央产 两居 中楼层 采光好,678万,105773元/平,中楼层 (共6层) 2室1厅 | 64.1平米 | 南 北,https://ke-image.ljcdn.com/110000-inspection/08af6562-b755-4205-9631-c3bdc99262ab_1000.jpg!m_fill,w_280,h_210,f_jpg?from=ke.com
20230728,西城,西直门,101119972233,玉桃园三区   朝南一居  中间楼层   精装修,625万,144342元/平,中楼层 (共4层) | 1994年建 | 2室1厅 | 43.3平米 | 南,https://ke-image.ljcdn.com/110000-inspection/pc1_EX71Fvze0.jpg!m_fill,w_280,h_210,f_jpg?from=ke.com
20230728,西城,西直门,101119928493,西直门商圈 交大东路12号院 2015年楼龄 全明户型,800万,94485元/平,低楼层 (共20层) 2室1厅 | 84.67平米 | 东北 西,https://ke-image.ljcdn.com/110000-inspection/pc1_yE28qqQi0.jpg!m_fill,w_280,h_210,f_jpg?from=ke.com
20230728,西城,西直门,101119895315,交大东路38号院 2室1厅 东 西,560万,111621元/平,顶层 (共6层) 2室1厅 | 50.17平米 | 东 西,https://ke-image.ljcdn.com/110000-inspection/pc1_xzjHfDqH6.jpg!m_fill,w_280,h_210,f_jpg?from=ke.com
20230728,西城,西直门,101119885590,交大东路56号院 3室1厅 东,930万,111112元/平,中楼层 (共18层) 3室1厅 | 83.7平米 | 东,https://ke-image.ljcdn.com/110000-inspection/pc1_XYx9d664T.jpg!m_fill,w_280,h_210,f_jpg?from=ke.com
20230728,西城,西直门,101119862838,西直门  交通大学旁 交大东路 电梯两居室,720万,103093元/平,中楼层 (共16层) | 1992年建 | 2室1厅 | 69.84平米 | 南,https://ke-image.ljcdn.com/110000-inspection/pc1_rztVYfqEn.jpg!m_fill,w_280,h_210,f_jpg?from=ke.com
20230728,西城,西直门,101119801558,铁道科学研究院 97年建成三居 不临街  户型好 采光好,1180万,126746元/平,顶层 (共6层) | 1997年建 | 3室1厅 | 93.1平米 | 南 北,https://ke-image.ljcdn.com/110000-inspection/pc1_XexwqKcev_1.jpg!m_fill,w_280,h_210,f_jpg?from=ke.com
20230728,西城,西直门,101119801308,西直门 两室一厅 满五唯一 高楼层 不临街 诚意出售,935万,113664元/平,中楼层 (共19层) 2室1厅 | 82.26平米 | 东,https://ke-image.ljcdn.com/110000-inspection/pc1_oKRe6ec7R.jpg!m_fill,w_280,h_210,f_jpg?from=ke.com
20230728,西城,西直门,101119791167,铁道科学研究院 带电梯两居 不临街 停车方便,888万,119323元/平,低楼层 (共16层) | 1994年建 | 2室1厅 | 74.42平米 | 西南,https://ke-image.ljcdn.com/110000-inspection/pc1_n89H4qDXE.jpg!m_fill,w_280,h_210,f_jpg?from=ke.com
20230728,西城,西直门,101119778355,长河湾 2室1厅 南,1500万,142059元/平,中楼层 (共12层) | 2005年建 | 2室1厅 | 105.59平米 | 南,https://ke-image.ljcdn.com/110000-inspection/pc1_UCm20Uklu.jpg!m_fill,w_280,h_210,f_jpg?from=ke.com
20230728,西城,西直门,101119775344,玉桃园二区   大两居   南北通透,1320万,137357元/平,中楼层 (共5层) 2室2厅 | 96.1平米 | 南 北,https://ke-image.ljcdn.com/110000-inspection/pc1_KmIU3A5Jw.jpg!m_fill,w_280,h_210,f_jpg?from=ke.com
20230728,西城,西直门,101119772350,西直门商圈 交大东路4号院 电信家属楼 看房方便 诚售,760万,90531元/平,中楼层 (共14层) 2室1厅 | 83.95平米 | 西北,https://ke-image.ljcdn.com/110000-inspection/pc1_6tK89mhtu.jpg!m_fill,w_280,h_210,f_jpg?from=ke.com
20230728,西城,西直门,101119757221,交大东路34号院 2室1厅 南 北,578万,97967元/平,顶层 (共6层) | 1990年建 | 2室1厅 | 59平米 | 南 北,https://ke-image.ljcdn.com/110000-inspection/pc1_cBRY6mXOL.jpg!m_fill,w_280,h_210,f_jpg?from=ke.com
20230728,西城,西直门,101119745012,西直门商圈 交大东路12号院 四道口住宅 2015年次新房,800万,94485元/平,高楼层 (共20层) 2室1厅 | 84.67平米 | 东 西 北,https://ke-image.ljcdn.com/110000-inspection/pc1_wwFAkdtxo.jpg!m_fill,w_280,h_210,f_jpg?from=ke.com
20230728,西城,西直门,101119722452,中间楼层朝南向一居精装修随时签约,618万,143388元/平,中楼层 (共6层) | 1990年建 | 1室1厅 | 43.1平米 | 南,https://ke-image.ljcdn.com/110000-inspection/pc1_2BhApGdnF.jpg!m_fill,w_280,h_210,f_jpg?from=ke.com
20230728,西城,西直门,101119719120,高粱桥斜街乙40号院全明3居南北通透精装修房主自荐,812万,104910元/平,顶层 (共6层) | 1990年建 | 3室1厅 | 77.4平米 | 南 北,https://ke-image.ljcdn.com/110000-inspection/pc1_VOhowW4mE.jpg!m_fill,w_280,h_210,f_jpg?from=ke.com
20230728,西城,西直门,101119706700,卫生部小区 2室1厅 南,725万,116861元/平,高楼层 (共16层) | 1989年建 | 2室1厅 | 62.04平米 | 南,https://ke-image.ljcdn.com/110000-inspection/pc1_Mgho2Co7z.jpg!m_fill,w_280,h_210,f_jpg?from=ke.com
20230728,西城,西直门,101119632528,交大东路40号院东南向2居 交通便利 地铁沿线,574万,105129元/平,高楼层 (共6层) | 1980年建 | 2室1厅 | 54.6平米 | 东南,https://ke-image.ljcdn.com/110000-inspection/pc1_gTVRhDPn6.jpg!m_fill,w_280,h_210,f_jpg?from=ke.com
20230728,西城,西直门,101119629893,交大东路4号院楼龄比较新带电梯朝向好,475万,92108元/平,中楼层 (共14层) 1室1厅 | 51.57平米 | 南 北,https://ke-image.ljcdn.com/110000-inspection/pc1_YBbrjg536.jpg!m_fill,w_280,h_210,f_jpg?from=ke.com
20230728,西城,西直门,101119623077,高梁桥斜街乙40号院 诚心出售 看房方便,1235万,106237元/平,底层 (共13层) 4室1厅 | 116.25平米 | 东 西,https://ke-image.ljcdn.com/110000-inspection/prod-6d9d63f3-84cc-45e8-9919-b71b8a208368.jpg!m_fill,w_280,h_210,f_jpg?from=ke.com
20230728,西城,西直门,101119601189,马相西巷 2室1厅 东 西房主自荐,648万,107285元/平,顶层 (共6层) 2室1厅 | 60.4平米 | 东 西,https://ke-image.ljcdn.com/110000-inspection/pc1_DNHSMMoK7.jpg!m_fill,w_280,h_210,f_jpg?from=ke.com
20230728,西城,西直门,101119597831,高梁桥斜街丙40号院 1室1厅 东南,465万,97895元/平,高楼层 (共9层) | 1992年建 | 1室1厅 | 47.5平米 | 东南,https://ke-image.ljcdn.com/110000-inspection/pc1_2xoyqD9SS.jpg!m_fill,w_280,h_210,f_jpg?from=ke.com
20230728,西城,西直门,101119545475,西直门 交大东路 电信家属楼 正规3居 西南向 无遮挡,980万,95424元/平,低楼层 (共14层) 3室1厅 | 102.7平米 | 西南,https://ke-image.ljcdn.com/110000-inspection/pc1_K5Trat6Ao.jpg!m_fill,w_280,h_210,f_jpg?from=ke.com
20230728,西城,西直门,101119534662,舒至嘉园 1室1厅 东北,700万,93409元/平,中楼层 (共19层) | 2003年建 | 1室1厅 | 74.94平米 | 东北,https://ke-image.ljcdn.com/110000-inspection/pc1_r72i1jIbv.jpg!m_fill,w_280,h_210,f_jpg?from=ke.com
20230728,西城,西直门,101119529735,低楼层+两居室+大客厅+户型方正+无遮挡,1340万,140757元/平,底层 (共6层) 2室2厅 | 95.2平米 | 南 北,https://ke-image.ljcdn.com/110000-inspection/pc1_DKuoqgQ0F.jpg!m_fill,w_280,h_210,f_jpg?from=ke.com
20230728,西城,西直门,101119516066,交大东路66号院满五唯一朝西2010年楼大三居,830万,93648元/平,高楼层 (共25层) 3室1厅 | 88.63平米 | 西,https://ke-image.ljcdn.com/110000-inspection/pc1_LEc6bnv5M.jpg!m_fill,w_280,h_210,f_jpg?from=ke.com
20230728,西城,西直门,101119500637,德宝新园 1室1厅 东,530万,126492元/平,高楼层 (共6层) 1室1厅 | 41.9平米 | 东,https://ke-image.ljcdn.com/110000-inspection/pc1_JC4eYKIIF.jpg!m_fill,w_280,h_210,f_jpg?from=ke.com
20230728,西城,西直门,101119487740,房子是满五年住房户型好有大客厅适合一家人居住,970万,129507元/平,顶层 (共6层) 2室1厅 | 74.9平米 | 东 南 西,https://ke-image.ljcdn.com/110000-inspection/pc1_7dh7admBF.jpg!m_fill,w_280,h_210,f_jpg?from=ke.com
20230728,西城,西直门,101119431404,新兴中巷 2室1厅 东,700万,130354元/平,中楼层 (共4层) | 1974年建 | 2室1厅 | 53.7平米 | 东,https://ke-image.ljcdn.com/110000-inspection/pc1_CrjSBGWht.jpg!m_fill,w_280,h_210,f_jpg?from=ke.com
20230728,西城,西直门,101119405475,交大东路 精装修两居室 低楼层 诚心出售,550万,97346元/平,中楼层 (共6层) | 1990年建 | 2室1厅 | 56.5平米 | 东 西,https://ke-image.ljcdn.com/110000-inspection/pc1_ieR5VeBoW.jpg!m_fill,w_280,h_210,f_jpg?from=ke.com
20230728,西城,西直门,101119399139,学院南路60号院 城建家属院 南北全明三居室房主自荐,1360万,129155元/平,中楼层 (共5层) 3室1厅 | 105.3平米 | 南 北,https://ke-image.ljcdn.com/110000-inspection/pc1_w6yr52YXg.jpg!m_fill,w_280,h_210,f_jpg?from=ke.com
20230728,西城,西直门,101119393789,上园村南北通透两居交大南门旁边房主自荐,518万,94872元/平,顶层 (共6层) 2室1厅 | 54.6平米 | 南 北,https://ke-image.ljcdn.com/110000-inspection/pc1_aCI2KCCeZ.jpg!m_fill,w_280,h_210,f_jpg?from=ke.com
20230728,西城,西直门,101119388253,高梁桥斜街丙40号院电梯直达高楼层精装一居满五年央产,440万,92593元/平,高楼层 (共9层) | 1994年建 | 1室1厅 | 47.52平米 | 东北,https://ke-image.ljcdn.com/110000-inspection/f77c9f9f-53e1-41b8-b37f-901af8aaa684_1000.jpg!m_fill,w_280,h_210,f_jpg?from=ke.com
20230728,西城,西直门,101119371024,铁科院两居室 安静不临街 停车方便,645万,121584元/平,高楼层 (共6层) | 1980年建 | 2室1厅 | 53.05平米 | 南,https://ke-image.ljcdn.com/110000-inspection/pc1_I4rDTpe3B.jpg!m_fill,w_280,h_210,f_jpg?from=ke.com
20230728,西城,西直门,101119364533,电信家属楼 精装两居低密度小区,930万,99116元/平,中楼层 (共14层) 3室1厅 | 93.83平米 | 南 北,https://ke-image.ljcdn.com/110000-inspection/pc1_sfOKqHUzC.jpg!m_fill,w_280,h_210,f_jpg?from=ke.com
20230728,西城,西直门,101119364319,铁科院旁 7号院 2层 南北三居 安静规整 中影央产院,660万,118492元/平,低楼层 (共6层) 3室1厅 | 55.7平米 | 南 北,https://ke-image.ljcdn.com/110000-inspection/pc1_ubFSMRfzM.jpg!m_fill,w_280,h_210,f_jpg?from=ke.com
20230728,西城,西直门,101119355720,西直门 交大东路56号院 东向两居室中间层 满五央产,565万,97046元/平,低楼层 (共6层) 2室1厅 | 58.22平米 | 东 东南,https://ke-image.ljcdn.com/110000-inspection/pc1_HvMefRQ4M.jpg!m_fill,w_280,h_210,f_jpg?from=ke.com
20230728,西城,西直门,101119340697,西直门 交大东路30号院 铁道部宿舍 东南向两居带客厅,750万,97606元/平,中楼层 (共14层) 2室1厅 | 76.84平米 | 东南,https://ke-image.ljcdn.com/110000-inspection/pc1_KJlomc5Tw.jpg!m_fill,w_280,h_210,f_jpg?from=ke.com
20230728,西城,西直门,101119335835,交大东路36号院 2004年 民水民电,1088万,108259元/平,中楼层 (共11层) 2室1厅 | 100.5平米 | 西,https://ke-image.ljcdn.com/110000-inspection/pc1_C6YykMCUq.jpg!m_fill,w_280,h_210,f_jpg?from=ke.com
20230728,西城,西直门,101119331613,交大东路19号院满五年一层有钥匙看房随时,620万,106165元/平,底层 (共6层) 3室1厅 | 58.4平米 | 东 南 西,https://ke-image.ljcdn.com/110000-inspection/pc1_5QyxD2QDS.jpg!m_fill,w_280,h_210,f_jpg?from=ke.com
20230728,西城,西直门,101119320955,西直门 交大嘉园高楼层 03年商品房 人车分流 业主诚售,685万,112646元/平,中楼层 (共19层) | 2003年建 | 2室1厅 | 60.81平米 | 北,https://ke-image.ljcdn.com/110000-inspection/pc1_sdFNkB963.jpg!m_fill,w_280,h_210,f_jpg?from=ke.com
20230728,西城,西直门,101119315513,铁道科学研究院 满五唯一 精装一居 有电梯 停车方便,590万,116624元/平,低楼层 (共16层) 1室1厅 | 50.59平米 | 南,https://ke-image.ljcdn.com/110000-inspection/pc1_o5aYRCvcQ.jpg!m_fill,w_280,h_210,f_jpg?from=ke.com
20230728,西城,西直门,101119312568,舒至嘉园 3室1厅 东南,1680万,109290元/平,低楼层 (共19层) | 2003年建 | 3室1厅 | 153.72平米 | 东南,https://ke-image.ljcdn.com/110000-inspection/f29d931a-2f0e-4b6b-b882-93dff0ae2691_1000.jpg!m_fill,w_280,h_210,f_jpg?from=ke.com
20230728,西城,西直门,101119288097,铁狮子巷  央产房物业   南北通透  全明格局,799万,122924元/平,顶层 (共6层) 2室1厅 | 65平米 | 南 北,https://ke-image.ljcdn.com/110000-inspection/pc1_0GdIzEDlU.jpg!m_fill,w_280,h_210,f_jpg?from=ke.com
20230728,西城,西直门,101119266143,西直门附近长河湾小区中间位置平层4室2卫都有窗房主自荐,3460万,161328元/平,低楼层 (共6层) 4室2厅 | 214.47平米 | 南 北,https://ke-image.ljcdn.com/110000-inspection/pc1_XRnSeWRYI.jpg!m_fill,w_280,h_210,f_jpg?from=ke.com
20230728,西城,西直门,101119241844,电信家属楼 格局好低楼层进出方便,499万,96762元/平,底层 (共14层) 1室1厅 | 51.57平米 | 南 北,https://ke-image.ljcdn.com/110000-inspection/pc1_wXvxXSQW5.jpg!m_fill,w_280,h_210,f_jpg?from=ke.com
20230728,西城,西直门,101119200613,西直门 交大嘉园 高楼层视野宽阔 产权清晰三居房主自荐,1590万,116433元/平,高楼层 (共19层) | 2003年建 | 3室2厅 | 136.56平米 | 西南,https://ke-image.ljcdn.com/110000-inspection/pc1_KtF9KrFCp.jpg!m_fill,w_280,h_210,f_jpg?from=ke.com
20230728,西城,西直门,101119194950,西直门展览路德宝新园 精装修 中间楼层房主自荐,518万,123924元/平,中楼层 (共5层) 1室1厅 | 41.8平米 | 东南,https://ke-image.ljcdn.com/110000-inspection/pc1_jgsiOvS47.jpg!m_fill,w_280,h_210,f_jpg?from=ke.com
20230728,西城,西直门,101119189937,交大东路31号院 2室1厅 南 北,580万,116466元/平,中楼层 (共5层) 2室1厅 | 49.8平米 | 南 北,https://ke-image.ljcdn.com/110000-inspection/pc1_YdL7QP6Yy.jpg!m_fill,w_280,h_210,f_jpg?from=ke.com
20230728,西城,西直门,101119189888,交大东路21号院北京邮电大学电梯房中高楼层3室2厅2卫,1590万,103543元/平,中楼层 (共15层) 3室2厅 | 153.56平米 | 东南,https://ke-image.ljcdn.com/110000-inspection/pc1_myWDK2Uxs.jpg!m_fill,w_280,h_210,f_jpg?from=ke.com
20230728,西城,西直门,101119170290,西直门交大东路 三层 南北有客厅  近地铁 楼层好,528万,98142元/平,中楼层 (共6层) 2室1厅 | 53.8平米 | 南 北,https://ke-image.ljcdn.com/110000-inspection/pc1_2Fqtko7hH.jpg!m_fill,w_280,h_210,f_jpg?from=ke.com
20230728,西城,西直门,101119168196,后桃园胡同9号院 南北通透 精装修 两室一厅,740万,136280元/平,中楼层 (共5层) 2室1厅 | 54.3平米 | 南 北,https://ke-image.ljcdn.com/110000-inspection/pc1_1WRmacCun.jpg!m_fill,w_280,h_210,f_jpg?from=ke.com
20230728,西城,西直门,101119133778,交大东路4号院 1室1厅 南,470万,94492元/平,底层 (共14层) 1室1厅 | 49.74平米 | 南,https://ke-image.ljcdn.com/110000-inspection/pc1_VxD6YP5WX.jpg!m_fill,w_280,h_210,f_jpg?from=ke.com
20230728,西城,西直门,101119107608,铁科院旁 交大东路7号院 2层  安静规整 中影央产院,589万,104064元/平,低楼层 (共6层) | 1985年建 | 2室1厅 | 56.6平米 | 南 北,https://ke-image.ljcdn.com/110000-inspection/pc1_AtPt6V7at.jpg!m_fill,w_280,h_210,f_jpg?from=ke.com
20230728,西城,西直门,101119093587,西直门 交大东路56号院 小3居 无遮挡 业主诚意出售,705万,103297元/平,低楼层 (共18层) 3室1厅 | 68.25平米 | 西北,https://ke-image.ljcdn.com/110000-inspection/pc1_qNiPNOf7A.jpg!m_fill,w_280,h_210,f_jpg?from=ke.com
20230728,西城,西直门,101119086571,玉桃园三区  一居室   精装修  满五年唯一房主自荐,575万,113637元/平,底层 (共6层) 1室1厅 | 50.6平米 | 西,https://ke-image.ljcdn.com/110000-inspection/pc1_rmXvOjaQU.jpg!m_fill,w_280,h_210,f_jpg?from=ke.com
20230728,西城,西直门,101119065790,高梁桥斜街乙40号院 3室1厅 南 北,820万,105944元/平,顶层 (共6层) | 1990年建 | 3室1厅 | 77.4平米 | 南 北,https://ke-image.ljcdn.com/110000-inspection/pc1_zmHSuRWpx.jpg!m_fill,w_280,h_210,f_jpg?from=ke.com
20230728,西城,西直门,101119058315,此房楼龄新北向带电梯小区环境好距离西直门地铁,800万,113043元/平,中楼层 (共10层) | 2005年建 | 1室1厅 | 70.77平米 | 北,https://ke-image.ljcdn.com/110000-inspection/pc1_sGqUNP7LR.jpg!m_fill,w_280,h_210,f_jpg?from=ke.com
20230728,西城,西直门,101119057777,交大嘉园 中间楼层 东北朝向两居,1095万,125387元/平,低楼层 (共19层) 2室1厅 | 87.33平米 | 东 北,https://ke-image.ljcdn.com/110000-inspection/pc1_XUgMsblco.jpg!m_fill,w_280,h_210,f_jpg?from=ke.com
20230728,西城,西直门,101119057367,电信家属楼 2001年 楼龄新 观景房,720万,97853元/平,中楼层 (共14层) 3室1厅 | 73.58平米 | 南 北,https://ke-image.ljcdn.com/110000-inspection/pc1_vnZX8gK4T.jpg!m_fill,w_280,h_210,f_jpg?from=ke.com
20230728,西城,西直门,101119052148,前桃园1号   中间楼层   两居室,742万,127711元/平,中楼层 (共6层) | 1984年建 | 2室1厅 | 58.1平米 | 南 北,https://ke-image.ljcdn.com/110000-inspection/pc1_JuBQnPpeC.jpg!m_fill,w_280,h_210,f_jpg?from=ke.com
20230728,西城,西直门,101119049185,铁科院 带电梯三居室 位置好 停车方便 诚心出售,1800万,134610元/平,低楼层 (共18层) 3室2厅 | 133.72平米 | 西南 北,https://ke-image.ljcdn.com/110000-inspection/pc1_asL50KFPY.jpg!m_fill,w_280,h_210,f_jpg?from=ke.com
20230728,西城,西直门,101119044710,西直门 交大东路 品阁小区 商品房 正规1居 看房随时,665万,90625元/平,中楼层 (共11层) 2室1厅 | 73.38平米 | 东,https://ke-image.ljcdn.com/110000-inspection/pc1_JZLT6m8sD.jpg!m_fill,w_280,h_210,f_jpg?from=ke.com
20230728,西城,西直门,101119003184,铁科院  中间楼层  全明南北两居室  停车方便,800万,133959元/平,中楼层 (共6层) | 1979年建 | 2室1厅 | 59.72平米 | 南 北,https://ke-image.ljcdn.com/110000-inspection/pc1_2Q1uihyah.jpg!m_fill,w_280,h_210,f_jpg?from=ke.com
20230728,西城,西直门,101118996606,皂君庙西直门 交大商圈 央产院两居室 诚心出售,650万,98485元/平,中楼层 (共6层) | 1988年建 | 2室1厅 | 66平米 | 南 北,https://ke-image.ljcdn.com/110000-inspection/pc1_DwqxtOovy.jpg!m_fill,w_280,h_210,f_jpg?from=ke.com
20230728,西城,西直门,101118993121,西直门 铁科院 大钟寺交大东路12号院15年新小区,500万,94985元/平,高楼层 (共20层) 1室1厅 | 52.64平米 | 东,https://ke-image.ljcdn.com/110000-inspection/pc1_Wik9JtBie.jpg!m_fill,w_280,h_210,f_jpg?from=ke.com
20230728,西城,西直门,101118988844,电信家属楼  大客厅  可观河景 楼龄新,820万,104699元/平,中楼层 (共14层) 2室1厅 | 78.32平米 | 东 西,https://ke-image.ljcdn.com/110000-inspection/pc1_jIUC25iLL.jpg!m_fill,w_280,h_210,f_jpg?from=ke.com
20230728,西城,西直门,101118971929,玉桃园三区精装修朝南优质小两居,629万,145602元/平,中楼层 (共5层) | 1994年建 | 1室1厅 | 43.2平米 | 南,https://ke-image.ljcdn.com/110000-inspection/pc1_exIFj3bXa.jpg!m_fill,w_280,h_210,f_jpg?from=ke.com
20230728,西城,西直门,101118960526,交大东路31号院满五唯一商品房,820万,113889元/平,低楼层 (共16层) | 1998年建 | 2室1厅 | 72平米 | 东 南 北,https://ke-image.ljcdn.com/110000-inspection/pc1_wDvt7ftV2.jpg!m_fill,w_280,h_210,f_jpg?from=ke.com
20230728,西城,西直门,101118947767,广通苑 地铁西直门站 交通便利,490万,97844元/平,高楼层 (共6层) 1室1厅 | 50.08平米 | 东,https://ke-image.ljcdn.com/110000-inspection/pc1_ASBr1mi9F.jpg!m_fill,w_280,h_210,f_jpg?from=ke.com
20230728,西城,西直门,101118877399,高梁桥斜街乙40号院 南向全名一居室,495万,111739元/平,低楼层 (共6层) 1室1厅 | 44.3平米 | 南,https://ke-image.ljcdn.com/110000-inspection/pc1_Yd6g4oo3I.jpg!m_fill,w_280,h_210,f_jpg?from=ke.com
20230728,西城,西直门,101118874742,学院南路60号院 正规一室一厅 精装修 拎包入住 诚心卖房主自荐,589万,123481元/平,底层 (共5层) 2室1厅 | 47.7平米 | 南,https://ke-image.ljcdn.com/110000-inspection/pc1_4yPeNMV8c.jpg!m_fill,w_280,h_210,f_jpg?from=ke.com
20230728,西城,西直门,101118869726,西直门新街口 玉桃园三区 无遮挡采光好,643万,148843元/平,中楼层 (共5层) | 1994年建 | 1室1厅 | 43.2平米 | 南,https://ke-image.ljcdn.com/110000-inspection/pc1_JV7UPX2kj.jpg!m_fill,w_280,h_210,f_jpg?from=ke.com
20230728,西城,西直门,101118822007,铁科院  南北朝向两居室 楼龄新 中间层,640万,117886元/平,中楼层 (共6层) 2室1厅 | 54.29平米 | 南 北,https://ke-image.ljcdn.com/110000-inspection/pc1_A6AQewNON.jpg!m_fill,w_280,h_210,f_jpg?from=ke.com
20230728,西城,西直门,101118806537,广通苑高楼层小两居可观西山,710万,113419元/平,高楼层 (共12层) 2室1厅 | 62.6平米 | 西南,https://ke-image.ljcdn.com/110000-inspection/pc1_l9PQdEuNb.jpg!m_fill,w_280,h_210,f_jpg?from=ke.com
20230728,西城,西直门,101118798998,交大东路4号院 1室1厅 南,450万,90471元/平,低楼层 (共14层) 1室1厅 | 49.74平米 | 南,https://ke-image.ljcdn.com/110000-inspection/37555e3f-b3d7-454a-8b56-210b1a1d999c_1000.jpg!m_fill,w_280,h_210,f_jpg?from=ke.com
20230728,西城,西直门,101118796574,西直门 楼龄新 交大东路36号院  有车位 满五唯一,700万,95590元/平,中楼层 (共11层) 1室1厅 | 73.23平米 | 西,https://ke-image.ljcdn.com/110000-inspection/pc1_WDHF3fvEn.jpg!m_fill,w_280,h_210,f_jpg?from=ke.com
20230728,西城,西直门,101118789645,铁道部宿舍 2室1厅 西南,750万,97606元/平,低楼层 (共14层) 2室1厅 | 76.84平米 | 西南,https://ke-image.ljcdn.com/110000-inspection/pc1_K8gmd53qT.jpg!m_fill,w_280,h_210,f_jpg?from=ke.com
20230728,西城,西直门,101118780812,交大东路19号院 低楼层 精装修两居室,540万,106404元/平,中楼层 (共6层) 2室1厅 | 50.75平米 | 东北,https://ke-image.ljcdn.com/110000-inspection/e5ff262e-3b88-4bc8-aee8-fc6b64691cd4_1000.jpg!m_fill,w_280,h_210,f_jpg?from=ke.com
20230728,西城,西直门,101118776719,西城区  精致两居  临河观景  高楼层采光好房主自荐,670万,120288元/平,高楼层 (共16层) | 1985年建 | 2室1厅 | 55.7平米 | 西北,https://ke-image.ljcdn.com/110000-inspection/pc1_rrTG81aMl.jpg!m_fill,w_280,h_210,f_jpg?from=ke.com
20230728,西城,西直门,101118776474,上园村 中间层 满五年福利分房 业主诚售 南北通透,620万,97947元/平,中楼层 (共6层) | 1985年建 | 3室1厅 | 63.3平米 | 南 北,https://ke-image.ljcdn.com/110000-inspection/pc1_Jd046krX0.jpg!m_fill,w_280,h_210,f_jpg?from=ke.com
20230728,西城,西直门,101118733371,广通苑 西直门板块 正规一居室,710万,102306元/平,底层 (共12层) | 1998年建 | 2室1厅 | 69.4平米 | 西南,https://ke-image.ljcdn.com/110000-inspection/pc1_4mPAFGpAI.jpg!m_fill,w_280,h_210,f_jpg?from=ke.com
20230728,西城,西直门,101118730824,西直门长河湾 全景观湖 精装自用 地铁附近 带车位,1278万,151981元/平,高楼层 (共14层) | 2005年建 | 1室1厅 | 84.09平米 | 南,https://ke-image.ljcdn.com/110000-inspection/pc1_OZSLBtGr6.jpg!m_fill,w_280,h_210,f_jpg?from=ke.com
20230728,西城,西直门,101118729373,舒至嘉园中间楼层东南向精装两居室房主自荐,1050万,104447元/平,低楼层 (共19层) 2室2厅 | 100.53平米 | 东南,https://ke-image.ljcdn.com/110000-inspection/pc1_zeYnyqJeU.jpg!m_fill,w_280,h_210,f_jpg?from=ke.com
20230728,西城,西直门,101118722938,上园村 全明格局 中间层 随时看房 业主诚意出售,560万,96386元/平,低楼层 (共6层) 2室1厅 | 58.1平米 | 南 北,https://ke-image.ljcdn.com/110000-inspection/pc1_jwsWy7vvJ.jpg!m_fill,w_280,h_210,f_jpg?from=ke.com
20230728,西城,西直门,101118716957,交大东路19号院 3室1厅 东 西 北,656万,105297元/平,高楼层 (共6层) | 1985年建 | 3室1厅 | 62.3平米 | 东 西 北,https://ke-image.ljcdn.com/110000-inspection/pc1_ch0rSzijs.jpg!m_fill,w_280,h_210,f_jpg?from=ke.com
20230728,西城,西直门,101118694182,2003年商品房社区 人车分流 户型好 采光好 诚意出售,1660万,119969元/平,中楼层 (共19层) | 2003年建 | 3室1厅 | 138.37平米 | 西南,https://ke-image.ljcdn.com/110000-inspection/pc1_uLbblMjeI.jpg!m_fill,w_280,h_210,f_jpg?from=ke.com
20230728,西城,西直门,101118674203,铁科院  精装修 南北通透一居室  停车方便,550万,129963元/平,中楼层 (共6层) | 1991年建 | 1室1厅 | 42.32平米 | 南 北,https://ke-image.ljcdn.com/110000-inspection/pc1_pel9vhfQ7.jpg!m_fill,w_280,h_210,f_jpg?from=ke.com
20230728,西城,西直门,101118667455,西直门边花园小区钢混电梯一居室,510万,125585元/平,低楼层 (共16层) | 1990年建 | 1室1厅 | 40.61平米 | 南,https://ke-image.ljcdn.com/110000-inspection/pc1_yiFoZchVc.jpg!m_fill,w_280,h_210,f_jpg?from=ke.com
20230728,西城,西直门,101118627785,北京邮电大学住宅楼交大东路21号院四居室,1170万,100052元/平,底层 (共15层) 4室1厅 | 116.94平米 | 东南,https://ke-image.ljcdn.com/110000-inspection/pc1_ZxEuhacl3.jpg!m_fill,w_280,h_210,f_jpg?from=ke.com
20230728,西城,西直门,101118606260,上园村满五唯一 精装修 东南向两居室房主自荐,549万,101292元/平,高楼层 (共6层) | 1989年建 | 2室1厅 | 54.2平米 | 东南,https://ke-image.ljcdn.com/110000-inspection/pc1_zL5du0Peu.jpg!m_fill,w_280,h_210,f_jpg?from=ke.com
20230728,西城,西直门,101118596953,前桃园1号   两居室   南北通透,680万,117040元/平,顶层 (共6层) 2室1厅 | 58.1平米 | 南 北,https://ke-image.ljcdn.com/110000-inspection/pc1_Lhn5Oz7UN.jpg!m_fill,w_280,h_210,f_jpg?from=ke.com
20230728,西城,西直门,101118593513,西城区 房改房 首付压力相对低 全南向 高层无遮挡,850万,143339元/平,高楼层 (共16层) | 1993年建 | 2室1厅 | 59.3平米 | 南,https://ke-image.ljcdn.com/110000-inspection/pc1_yjnWHcAOp.jpg!m_fill,w_280,h_210,f_jpg?from=ke.com
20230728,西城,西直门,101118574631,西城区 西直门 电梯南向一居室 中楼层,620万,130253元/平,中楼层 (共10层) | 1987年建 | 1室1厅 | 47.6平米 | 南,https://ke-image.ljcdn.com/110000-inspection/pc1_6ITjZkoBs.jpg!m_fill,w_280,h_210,f_jpg?from=ke.com
20230728,西城,西直门,101118573854,西直门交大东路48号院 南北通透 全明户型,645万,101256元/平,中楼层 (共6层) | 1982年建 | 2室1厅 | 63.7平米 | 南 北,https://ke-image.ljcdn.com/110000-inspection/pc1_L6jatgmYM.jpg!m_fill,w_280,h_210,f_jpg?from=ke.com
20230728,西城,西直门,101118563782,铁科院小区  精装修  有电梯  停车方便,590万,116624元/平,顶层 (共16层) | 1989年建 | 1室1厅 | 50.59平米 | 南,https://ke-image.ljcdn.com/110000-inspection/pc1_eudCRbz9w.jpg!m_fill,w_280,h_210,f_jpg?from=ke.com
20230728,西城,西直门,101118544789,交大东路66号院满五唯一朝西两居,730万,99334元/平,中楼层 (共25层) | 2010年建 | 2室2厅 | 73.49平米 | 西南,https://ke-image.ljcdn.com/110000-inspection/pc1_nUCuq1tFb.jpg!m_fill,w_280,h_210,f_jpg?from=ke.com
20230728,西城,西直门,101118520667,玉桃园二区 中间楼层南北三居室 好房推荐,1015万,136425元/平,低楼层 (共6层) | 1997年建 | 3室1厅 | 74.4平米 | 南 北,https://ke-image.ljcdn.com/110000-inspection/pc1_L3Afk3eTT.jpg!m_fill,w_280,h_210,f_jpg?from=ke.com
20230728,西城,西直门,101118520196,交大东路66号院满五唯一楼龄新带电梯交通方便,760万,93967元/平,低楼层 (共25层) 2室1厅 | 80.88平米 | 西南,https://ke-image.ljcdn.com/110000-inspection/pc1_A7pe0La8u.jpg!m_fill,w_280,h_210,f_jpg?from=ke.com
20230728,西城,西直门,101118515747,西直门附近南长河公园旁园林社区长河湾南向带电梯,1100万,137021元/平,中楼层 (共14层) | 2005年建 | 1室1厅 | 80.28平米 | 南,https://ke-image.ljcdn.com/110000-inspection/87b8b1b4-5cb7-4957-96ad-db66fe14148b_1000.jpg!m_fill,w_280,h_210,f_jpg?from=ke.com
20230728,西城,西直门,101118515124,铁科院 南向两居 采光无遮挡 不临街,560万,109697元/平,顶层 (共5层) 2室1厅 | 51.05平米 | 南,https://ke-image.ljcdn.com/110000-inspection/64709add-ede3-4d65-a05c-1a4617e7e401_1000.jpg!m_fill,w_280,h_210,f_jpg?from=ke.com
20230728,西城,西直门,101118508833,铁道部宿舍 3室1厅 东 南 北,1069万,114996元/平,中楼层 (共14层) 3室1厅 | 92.96平米 | 东 南 北,https://ke-image.ljcdn.com/110000-inspection/pc1_vtcGGJsxJ.jpg!m_fill,w_280,h_210,f_jpg?from=ke.com
20230728,西城,西直门,101118504558,西直门 交大东路7号院 中间楼层一居 看房方便,430万,137821元/平,中楼层 (共6层) 1室1厅 | 31.2平米 | 南,https://ke-image.ljcdn.com/110000-inspection/pc1_x9lO2aGr5.jpg!m_fill,w_280,h_210,f_jpg?from=ke.com
20230728,西城,西直门,101118473043,上园村南北通透两居户型 满5年唯一住房 随时签约,545万,90083元/平,高楼层 (共6层) 2室1厅 | 60.5平米 | 南 北,https://ke-image.ljcdn.com/110000-inspection/pc1_8jl19AELq.jpg!m_fill,w_280,h_210,f_jpg?from=ke.com
20230728,西城,西直门,101118453080,交通大学路1号院  交大嘉园正规两室两卫格局房主自荐,1245万,115804元/平,中楼层 (共19层) 2室1厅 | 107.51平米 | 东南,https://ke-image.ljcdn.com/110000-inspection/pc1_XwfM5Rbxs.jpg!m_fill,w_280,h_210,f_jpg?from=ke.com
20230728,西城,西直门,101118426703,玉桃园三区   南北两居    满五年   中高楼层,798万,129757元/平,高楼层 (共6层) 2室1厅 | 61.5平米 | 南 北,https://ke-image.ljcdn.com/110000-inspection/pc1_c0uFcNmSL.jpg!m_fill,w_280,h_210,f_jpg?from=ke.com
20230728,西城,西直门,101118411556,此房满五唯一格局好装修好采光好交通便利,508万,118692元/平,顶层 (共6层) 1室1厅 | 42.8平米 | 东南,https://ke-image.ljcdn.com/110000-inspection/pc1_0I6fdEoF9.jpg!m_fill,w_280,h_210,f_jpg?from=ke.com
20230728,西城,西直门,101118392240,西直门 交大嘉园正规带厅2居 户型方正,1039万,126338元/平,低楼层 (共19层) | 2003年建 | 2室1厅 | 82.24平米 | 东,https://ke-image.ljcdn.com/110000-inspection/pc1_fUhnHOphC_1.jpg!m_fill,w_280,h_210,f_jpg?from=ke.com
20230728,西城,西直门,101118383932,高梁桥斜街丙40号院电梯直达精装两居满五年唯一商品房,610万,111112元/平,中楼层 (共9层) 2室1厅 | 54.9平米 | 东,https://ke-image.ljcdn.com/110000-inspection/pc1_OmrV3B5X2.jpg!m_fill,w_280,h_210,f_jpg?from=ke.com
20230728,西城,西直门,101118362079,二环内 马相西巷  精装修  正规两居 业主诚心出售房主自荐,670万,110017元/平,底层 (共6层) 2室1厅 | 60.9平米 | 东 西,https://ke-image.ljcdn.com/110000-inspection/0c4c8a91-6b66-49b6-8c23-64f49af99aec_1000.jpg!m_fill,w_280,h_210,f_jpg?from=ke.com
20230728,西城,西直门,101118332301,西直门  上园村 一层 南北三居,780万,105835元/平,底层 (共6层) | 1983年建 | 3室1厅 | 73.7平米 | 东 南 北,https://ke-image.ljcdn.com/110000-inspection/pc1_WktSgVTVY.jpg!m_fill,w_280,h_210,f_jpg?from=ke.com
20230728,西城,西直门,101118331475,西直门 交大东路40号院 正规两居室带小餐厅,573万,96287元/平,低楼层 (共6层) 2室1厅 | 59.51平米 | 西,https://ke-image.ljcdn.com/110000-inspection/pc1_L2pKd2CuL.jpg!m_fill,w_280,h_210,f_jpg?from=ke.com
20230728,西城,西直门,101118330903,西直门交大南门 上园村户型方正2居房主自荐,520万,95941元/平,顶层 (共6层) 2室1厅 | 54.2平米 | 南,https://ke-image.ljcdn.com/110000-inspection/pc1_fMyMGalR2.jpg!m_fill,w_280,h_210,f_jpg?from=ke.com
20230728,西城,西直门,101118310477,学院南路60号院 城建家属院 小区环境好,689万,116583元/平,低楼层 (共6层) | 1993年建 | 2室1厅 | 59.1平米 | 南 北,https://ke-image.ljcdn.com/110000-inspection/pc1_l7bAUbGAg.jpg!m_fill,w_280,h_210,f_jpg?from=ke.com
20230728,西城,西直门,101118284713,新街口玉芙胡同小区 南向两居室 无遮挡 。,690万,127778元/平,顶层 (共5层) | 1978年建 | 2室1厅 | 54平米 | 南,https://ke-image.ljcdn.com/110000-inspection/pc1_hdk7JcewU.jpg!m_fill,w_280,h_210,f_jpg?from=ke.com
20230728,西城,西直门,101118257600,交大东路12号院2015年次新房明厨明卫东西通透,750万,89414元/平,低楼层 (共20层) 2室1厅 | 83.88平米 | 东 西 北,https://ke-image.ljcdn.com/110000-inspection/pc1_jxcWkG237.jpg!m_fill,w_280,h_210,f_jpg?from=ke.com
20230728,西城,西直门,101118251229,铁道科学研究院 精装修 南北通透 停车方便,720万,125022元/平,底层 (共6层) | 1980年建 | 2室1厅 | 57.59平米 | 南 北,https://ke-image.ljcdn.com/110000-inspection/pc1_qRcPjbRxU.jpg!m_fill,w_280,h_210,f_jpg?from=ke.com
20230728,西城,西直门,101118196779,高梁桥斜街乙40号院南北通透 两居室 中间层 满五唯一,680万,107937元/平,中楼层 (共6层) 2室1厅 | 63平米 | 南 北,https://ke-image.ljcdn.com/110000-inspection/pc1_x2jXYhCyu.jpg!m_fill,w_280,h_210,f_jpg?from=ke.com
20230728,西城,西直门,101118189031,高梁桥斜街乙40号院 带客厅大大两居 诚心出售房主自荐,830万,105545元/平,低楼层 (共13层) | 2000年建 | 2室1厅 | 78.64平米 | 东,https://ke-image.ljcdn.com/110000-inspection/pc1_kGRhIHhAt.jpg!m_fill,w_280,h_210,f_jpg?from=ke.com
20230728,西城,西直门,101118186431,舒至嘉园精装修满五年唯一大三居,1450万,92955元/平,中楼层 (共19层) 3室2厅 | 155.99平米 | 东,https://ke-image.ljcdn.com/110000-inspection/pc1_cu0OqIP3e.jpg!m_fill,w_280,h_210,f_jpg?from=ke.com
20230728,西城,西直门,101118154125,交大嘉园 精装修南向三居 满5年唯一 随时看房房主自荐,1585万,116109元/平,低楼层 (共19层) | 2003年建 | 3室1厅 | 136.51平米 | 西南,https://ke-image.ljcdn.com/110000-inspection/pc1_XyCl0QQFy.jpg!m_fill,w_280,h_210,f_jpg?from=ke.com
20230728,西城,西直门,101118138091,海淀交大东路41号院  近地铁   交通便利,980万,95054元/平,低楼层 (共18层) | 1999年建 | 3室1厅 | 103.1平米 | 东南,https://ke-image.ljcdn.com/110000-inspection/pc1_9e96nYc3d.jpg!m_fill,w_280,h_210,f_jpg?from=ke.com
20230728,西城,西直门,101118123823,西直门交大东路 98年钢混可公积金双阳台客厅20平,700万,91099元/平,低楼层 (共14层) 2室1厅 | 76.84平米 | 东南,https://ke-image.ljcdn.com/110000-inspection/pc1_6eVJGHAxO.jpg!m_fill,w_280,h_210,f_jpg?from=ke.com
20230728,西城,西直门,101118116192,西直门 卫生部电梯1居南向阳光好花园社区。,486万,119675元/平,中楼层 (共16层) 1室1厅 | 40.61平米 | 南,https://ke-image.ljcdn.com/110000-inspection/pc1_rVBiIhPb4.jpg!m_fill,w_280,h_210,f_jpg?from=ke.com
20230728,西城,西直门,101118098252,高梁桥斜街丙40号院 电梯直达两居 满五年 采光好,490万,101450元/平,中楼层 (共9层) 2室1厅 | 48.3平米 | 西,https://ke-image.ljcdn.com/110000-inspection/bfa74bd7-3a96-42e6-9a3e-7b1d68967fe1_1000.jpg!m_fill,w_280,h_210,f_jpg?from=ke.com
20230728,西城,西直门,101118062012,西直门 交大嘉园 2003年商品房 精装修高楼层两居室,990万,113364元/平,顶层 (共19层) 2室1厅 | 87.33平米 | 东北,https://ke-image.ljcdn.com/110000-inspection/pc1_vTMyQpycG.jpg!m_fill,w_280,h_210,f_jpg?from=ke.com
20230728,西城,西直门,101118039978,西直门 皂君庙 交大东路 电梯两居室满五唯一房主自荐,561万,111024元/平,低楼层 (共18层) 2室1厅 | 50.53平米 | 东,https://ke-image.ljcdn.com/110000-inspection/pc1_cEIPdAMR8.jpg!m_fill,w_280,h_210,f_jpg?from=ke.com
20230728,西城,西直门,101118031812,学院南路60号院 城建集团家属院 全明格局三居室 诚售,830万,118066元/平,顶层 (共6层) | 1993年建 | 3室1厅 | 70.3平米 | 南 北,https://ke-image.ljcdn.com/110000-inspection/pc1_N1Z8DXkHv.jpg!m_fill,w_280,h_210,f_jpg?from=ke.com
20230728,西城,西直门,101118025644,房子是北京旅游局宿舍楼房子全南向明厨明卫,605万,102369元/平,高楼层 (共6层) 2室1厅 | 59.1平米 | 南,https://ke-image.ljcdn.com/110000-inspection/pc1_fHSKu7hNE.jpg!m_fill,w_280,h_210,f_jpg?from=ke.com
20230728,西城,西直门,101117955837,西直门 交大 南向采光好 小两居 诚心出售房主自荐,448万,117586元/平,低楼层 (共6层) 1室1厅 | 38.1平米 | 南,https://ke-image.ljcdn.com/110000-inspection/pc1_JvBLAnVwf.jpg!m_fill,w_280,h_210,f_jpg?from=ke.com
20230728,西城,西直门,101117935048,大钱市胡同 3室1厅 东 西北,828万,123032元/平,高楼层 (共16层) | 1985年建 | 3室1厅 | 67.3平米 | 东 西北,https://ke-image.ljcdn.com/110000-inspection/pc1_qdelSaIGy.jpg!m_fill,w_280,h_210,f_jpg?from=ke.com
20230728,西城,西直门,101117880652,此房满五唯一央产房诚心出售户型好采光好。,899万,117671元/平,高楼层 (共6层) | 1992年建 | 2室2厅 | 76.4平米 | 西南 北,https://ke-image.ljcdn.com/110000-inspection/pc1_XBcNyVCC2.jpg!m_fill,w_280,h_210,f_jpg?from=ke.com
20230728,西城,西直门,101117860244,交大东路48号院二建宿舍好户型两居室,508万,94424元/平,高楼层 (共6层) 2室1厅 | 53.8平米 | 南 北,https://ke-image.ljcdn.com/110000-inspection/pc1_JVjRrad6D.jpg!m_fill,w_280,h_210,f_jpg?from=ke.com
20230728,西城,西直门,101117823727,交大东路31号院 30万装修一居室 中间楼层 看房方便,465万,117129元/平,中楼层 (共6层) 1室1厅 | 39.7平米 | 南,https://ke-image.ljcdn.com/110000-inspection/pc1_1riBCpuv0.jpg!m_fill,w_280,h_210,f_jpg?from=ke.com
20230728,西城,西直门,101117822882,西南向两居室带电梯看房提前联系,590万,96092元/平,低楼层 (共9层) 2室1厅 | 61.4平米 | 西南,https://ke-image.ljcdn.com/110000-inspection/pc1_llOZgI5Ly.jpg!m_fill,w_280,h_210,f_jpg?from=ke.com
20230728,西城,西直门,101117821887,交大东路40号院 东北向两居室 低楼层,580万,104317元/平,底层 (共6层) 2室1厅 | 55.6平米 | 东北,https://ke-image.ljcdn.com/110000-inspection/pc1_B36yDiozF_1.jpg!m_fill,w_280,h_210,f_jpg?from=ke.com
20230728,西城,西直门,101117818593,高梁桥斜街乙40号院 旅游局家属院 2000年楼龄,950万,101976元/平,中楼层 (共11层) | 1999年建 | 2室2厅 | 93.16平米 | 南,https://ke-image.ljcdn.com/110000-inspection/pc1_w2zSAYpAN.jpg!m_fill,w_280,h_210,f_jpg?from=ke.com
20230728,西城,西直门,101117810411,钻河公馆正规3居飘窗大客厅高楼层无遮挡有电梯房主自荐,810万,93610元/平,高楼层 (共25层) 3室1厅 | 86.53平米 | 西北,https://ke-image.ljcdn.com/110000-inspection/pc1_WakVefOPH.jpg!m_fill,w_280,h_210,f_jpg?from=ke.com
20230728,西城,西直门,101117775931,西城西直门展览路1992年小区安静1居采光好,548万,130788元/平,低楼层 (共6层) 1室1厅 | 41.9平米 | 西南,https://ke-image.ljcdn.com/110000-inspection/pc1_wDNGgRz2p.jpg!m_fill,w_280,h_210,f_jpg?from=ke.com
20230728,西城,西直门,101117751890,西直门 高梁桥斜街 旅游局家属院南向两居,595万,100677元/平,顶层 (共6层) 2室1厅 | 59.1平米 | 南,https://ke-image.ljcdn.com/110000-inspection/pc1_MRJYXsP4m.jpg!m_fill,w_280,h_210,f_jpg?from=ke.com
20230728,西城,西直门,101117721066,西直门 交大东路50号院  满五唯一,710万,100142元/平,底层 (共16层) 3室1厅 | 70.9平米 | 西北,https://ke-image.ljcdn.com/110000-inspection/pc1_LRbSCUfUR.jpg!m_fill,w_280,h_210,f_jpg?from=ke.com
20230728,西城,西直门,101117705293,西直门 交大嘉园 高楼层 视野开阔 采光好 诚心出售,1140万,105400元/平,高楼层 (共19层) | 2003年建 | 3室1厅 | 108.16平米 | 西南,https://ke-image.ljcdn.com/110000-inspection/pc1_agWfi0vYh.jpg!m_fill,w_280,h_210,f_jpg?from=ke.com
20230728,西城,西直门,101117510073,北顺城街11号院南北三居室2层,905万,130781元/平,中楼层 (共5层) 3室1厅 | 69.2平米 | 南 北,https://ke-image.ljcdn.com/110000-inspection/pc1_KcChHZUFw.jpg!m_fill,w_280,h_210,f_jpg?from=ke.com
20230728,西城,西直门,101117398716,西直门 近地铁 钻河公馆 停车方便,598万,100963元/平,低楼层 (共25层) 1室1厅 | 59.23平米 | 西,https://ke-image.ljcdn.com/110000-inspection/pc1_AhC9t1iRP.jpg!m_fill,w_280,h_210,f_jpg?from=ke.com
20230728,西城,西直门,101117247904,前桃园1号 中间楼层无遮挡 南北通透采光好,736万,126679元/平,高楼层 (共6层) | 1990年建 | 2室1厅 | 58.1平米 | 南 北,https://ke-image.ljcdn.com/110000-inspection/pc1_uJYboLCcE.jpg!m_fill,w_280,h_210,f_jpg?from=ke.com
20230728,西城,西直门,101117216568,交大东路66号院 2010年商品房楼龄新带电梯,760万,93967元/平,中楼层 (共25层) 2室1厅 | 80.88平米 | 东南,https://ke-image.ljcdn.com/110000-inspection/pc1_H8HWCsQQu.jpg!m_fill,w_280,h_210,f_jpg?from=ke.com
20230728,西城,西直门,101117206365,前桃园1号 东西通透三居室  采光好,867万,117640元/平,顶层 (共6层) | 1990年建 | 3室1厅 | 73.7平米 | 东 西,https://ke-image.ljcdn.com/110000-inspection/pc1_szgxjis03.jpg!m_fill,w_280,h_210,f_jpg?from=ke.com
20230728,西城,西直门,101117192779,上园村 精装婚房南向一居  诚售,399万,97081元/平,高楼层 (共6层) 1室1厅 | 41.1平米 | 南 北,https://ke-image.ljcdn.com/110000-inspection/pc1_AWd4g4Vnu.jpg!m_fill,w_280,h_210,f_jpg?from=ke.com
20230728,西城,西直门,101117161856,格局好使用率高视野宽阔业主诚售配套齐全,755万,108167元/平,顶层 (共6层) 3室1厅 | 69.8平米 | 南 北,https://ke-image.ljcdn.com/110000-inspection/pc1_PvFfFcbyU.jpg!m_fill,w_280,h_210,f_jpg?from=ke.com
20230728,西城,西直门,101117127831,西直门交大东路 南北通透两居室,585万,100395元/平,中楼层 (共6层) 3室1厅 | 58.27平米 | 南 北,https://ke-image.ljcdn.com/110000-inspection/pc1_Hw2izBwcL.jpg!m_fill,w_280,h_210,f_jpg?from=ke.com
20230728,西城,西直门,101117089256,交大东路66号院满五唯一朝西大三居房主自荐,810万,91392元/平,低楼层 (共25层) | 2010年建 | 3室1厅 | 88.63平米 | 西,https://ke-image.ljcdn.com/110000-inspection/pc1_Ett02Vr7b.jpg!m_fill,w_280,h_210,f_jpg?from=ke.com
20230728,西城,西直门,101117014693,交大东路38号院两居室视野好精装,560万,104556元/平,高楼层 (共6层) 2室1厅 | 53.56平米 | 东 西,https://ke-image.ljcdn.com/110000-inspection/2871d961-a6d1-4f02-9f59-d2d3c907a86a_1000.jpg!m_fill,w_280,h_210,f_jpg?from=ke.com
20230728,西城,西直门,101117013211,交大东路34号院南北通透两居诚意出售,545万,96803元/平,顶层 (共6层) | 1990年建 | 2室1厅 | 56.3平米 | 南 北,https://ke-image.ljcdn.com/110000-inspection/pc1_ORp4PC1Ib.jpg!m_fill,w_280,h_210,f_jpg?from=ke.com
20230728,西城,西直门,101116959736,西直门新街口玉桃园三区东西一居室,570万,113321元/平,中楼层 (共6层) | 1997年建 | 1室1厅 | 50.3平米 | 东,https://ke-image.ljcdn.com/110000-inspection/pc1_yDTzT9c9X.jpg!m_fill,w_280,h_210,f_jpg?from=ke.com
20230728,西城,西直门,101116933596,西直门广通苑小区 东西向 中间层的两居室,625万,99921元/平,中楼层 (共6层) 2室1厅 | 62.55平米 | 东 西,https://ke-image.ljcdn.com/110000-inspection/pc1_EGOgZcejw.jpg!m_fill,w_280,h_210,f_jpg?from=ke.com
20230728,西城,西直门,101116927821,西直门附近铁道部宿舍大客厅钢混电梯两居室满五唯一,747万,97215元/平,低楼层 (共14层) 2室1厅 | 76.84平米 | 东南,https://ke-image.ljcdn.com/110000-inspection/pc1_nIcd65avr.jpg!m_fill,w_280,h_210,f_jpg?from=ke.com
20230728,西城,西直门,101116738031,玉桃园二区 西直门 南北通透 无遮挡 好采光房主自荐,1470万,127384元/平,底层 (共5层) 2室2厅 | 115.4平米 | 南 北,https://ke-image.ljcdn.com/110000-inspection/pc1_Si3qFnndS_1.jpg!m_fill,w_280,h_210,f_jpg?from=ke.com
20230728,西城,西直门,101116705800,西城新街口 精装修 南北三居室,958万,134930元/平,低楼层 (共6层) | 1984年建 | 3室1厅 | 71平米 | 南 北,https://ke-image.ljcdn.com/110000-inspection/pc1_Ls44bR0Rq.jpg!m_fill,w_280,h_210,f_jpg?from=ke.com
20230728,西城,西直门,101116586978,西直门 交大东路362居带车位04年住宅满五年唯一,720万,98983元/平,中楼层 (共11层) | 2004年建 | 2室1厅 | 72.74平米 | 西,https://ke-image.ljcdn.com/110000-inspection/pc1_ruMg9nbKR.jpg!m_fill,w_280,h_210,f_jpg?from=ke.com
20230728,西城,西直门,101116513487,西城区 西直门 精装全南一居室 有电梯,659万,138737元/平,低楼层 (共16层) | 1993年建 | 1室1厅 | 47.5平米 | 南,https://ke-image.ljcdn.com/110000-inspection/pc1_avfXSci4W.jpg!m_fill,w_280,h_210,f_jpg?from=ke.com
20230728,西城,西直门,101116458671,西直门 南北通透 明厨明卫明厅 田字格方正三居,815万,103690元/平,高楼层 (共6层) 3室1厅 | 78.6平米 | 南 西 北,https://ke-image.ljcdn.com/110000-inspection/pc1_eOulA1cYM.jpg!m_fill,w_280,h_210,f_jpg?from=ke.com
20230728,西城,西直门,101116378144,西直门 金融街 交大东路31号院 央产社区,625万,109076元/平,底层 (共6层) 2室1厅 | 57.3平米 | 南 北,https://ke-image.ljcdn.com/110000-inspection/pc1_rdihvttJl.jpg!m_fill,w_280,h_210,f_jpg?from=ke.com
20230728,西城,西直门,101116368034,玉桃园三区  满五年 中间层  朝南,590万,136891元/平,中楼层 (共6层) 1室1厅 | 43.1平米 | 南,https://ke-image.ljcdn.com/110000-inspection/pc1_t8Gb8tMNZ.jpg!m_fill,w_280,h_210,f_jpg?from=ke.com
20230728,西城,西直门,101116344640,交大东路48号院  南北一居室  精装修,435万,100462元/平,顶层 (共6层) | 1982年建 | 2室1厅 | 43.3平米 | 南,https://ke-image.ljcdn.com/110000-inspection/pc1_voNQDkZfw.jpg!m_fill,w_280,h_210,f_jpg?from=ke.com
20230728,西城,西直门,101116299681,西直门地铁 广通苑央产社区环境好 楼龄新电梯直达房主自荐,935万,112787元/平,高楼层 (共18层) | 1999年建 | 3室1厅 | 82.9平米 | 东南,https://ke-image.ljcdn.com/110000-inspection/61d4850a-224e-4f8c-b768-dff48f8a18c0_1000.jpg!m_fill,w_280,h_210,f_jpg?from=ke.com
20230728,西城,西直门,101116279416,德胜门西大街74号楼带电梯双朝南不吵,812万,134884元/平,低楼层 (共12层) | 1988年建 | 2室1厅 | 60.2平米 | 南,https://ke-image.ljcdn.com/110000-inspection/pc1_neicSvnnB.jpg!m_fill,w_280,h_210,f_jpg?from=ke.com
20230728,西城,西直门,101116199884,高梁桥斜街乙40号院 大两居两卫,973万,104444元/平,中楼层 (共11层) | 1999年建 | 2室1厅 | 93.16平米 | 东 南 北,https://ke-image.ljcdn.com/110000-inspection/pc1_tUjrLpQER_1.jpg!m_fill,w_280,h_210,f_jpg?from=ke.com
20230728,西城,西直门,101116134674,新街口+玉芙胡同小区+两居室+无遮挡房主自荐,695万,134170元/平,中楼层 (共5层) 2室1厅 | 51.8平米 | 南 北,https://ke-image.ljcdn.com/110000-inspection/pc1_KSAZeyCpB.jpg!m_fill,w_280,h_210,f_jpg?from=ke.com
20230728,西城,西直门,101116024607,高梁桥斜街丙40号院 94年建成 电梯直达 满五唯一两居,615万,100163元/平,中楼层 (共9层) 2室1厅 | 61.4平米 | 西北,https://ke-image.ljcdn.com/110000-inspection/pc1_pHBZRWc0B.jpg!m_fill,w_280,h_210,f_jpg?from=ke.com
20230728,西城,西直门,101115981611,交大东路21号院东南三居央产大院,1190万,101762元/平,低楼层 (共15层) 3室1厅 | 116.94平米 | 东 东南,https://ke-image.ljcdn.com/110000-inspection/pc1_ca239Vjcn.jpg!m_fill,w_280,h_210,f_jpg?from=ke.com
20230728,西城,西直门,101115960020,西直门交大南门中间层大两居 满五唯一 业主诚售,690万,80514元/平,中楼层 (共4层) | 1987年建 | 2室1厅 | 85.7平米 | 南 北,https://ke-image.ljcdn.com/110000-inspection/pc1_OjhMAzu20.jpg!m_fill,w_280,h_210,f_jpg?from=ke.com
20230728,西城,西直门,101115813974,西南向 塔楼带电梯 三居室 业主诚心出售,1360万,87697元/平,低楼层 (共20层) 3室1厅 | 155.08平米 | 南 西,https://ke-image.ljcdn.com/110000-inspection/pc1_BDWMSHggW_1.jpg!m_fill,w_280,h_210,f_jpg?from=ke.com
20230728,西城,西直门,101115630779,交大东路66号院西向大两居室 适合改善型房主自荐,760万,94165元/平,低楼层 (共25层) 2室1厅 | 80.71平米 | 西,https://ke-image.ljcdn.com/110000-inspection/pc1_yeW71gUh9.jpg!m_fill,w_280,h_210,f_jpg?from=ke.com
20230728,西城,西直门,101115434682,新街口 玉桃园 一居室 低楼层,605万,119566元/平,底层 (共6层) | 1997年建 | 1室1厅 | 50.6平米 | 东,https://ke-image.ljcdn.com/110000-inspection/pc1_mGfVcMLH5.jpg!m_fill,w_280,h_210,f_jpg?from=ke.com
20230728,西城,西直门,101114526571,动物园交大南门高梁桥上园村南北通透,599万,107156元/平,底层 (共6层) 2室1厅 | 55.9平米 | 南 北,https://ke-image.ljcdn.com/110000-inspection/pc1_nMX1KghZ9.jpg!m_fill,w_280,h_210,f_jpg?from=ke.com
20230728,西城,西直门,101114236821,铁道科学研究院  三居室  不临街 采光无遮挡 停车方便房主自荐,970万,115271元/平,低楼层 (共16层) 3室1厅 | 84.15平米 | 西 南 北,https://ke-image.ljcdn.com/110000-inspection/pc1_Kk7c7n7R8_1.jpg!m_fill,w_280,h_210,f_jpg?from=ke.com
20230728,西城,西直门,101114178928,满五年家庭唯一住宅通透格局户型方正房主自荐,970万,119902元/平,底层 (共6层) | 1989年建 | 3室1厅 | 80.9平米 | 东 西 北,https://ke-image.ljcdn.com/110000-inspection/11796b73-3e9e-4903-b94a-391dcd2be7ac_1000.jpg!m_fill,w_280,h_210,f_jpg?from=ke.com
20230728,西城,西直门,101111751956,交大东路36号院 04年新楼 满五年 正规两室一厅,795万,100101元/平,中楼层 (共11层) | 2004年建 | 2室1厅 | 79.42平米 | 西,https://ke-image.ljcdn.com/110000-inspection/pc1_bWNioUIQX_1.jpg!m_fill,w_280,h_210,f_jpg?from=ke.com
20230728,西城,西直门,101111381769,高梁桥斜街乙40号院装修好采光充足,1130万,113454元/平,中楼层 (共13层) 3室1厅 | 99.6平米 | 东 西,https://ke-image.ljcdn.com/110000-inspection/pc1_WiIs7KKhB_1.jpg!m_fill,w_280,h_210,f_jpg?from=ke.com
20230728,西城,西直门,101110542032,满五家庭一套住房单位福利分房全明格局,910万,114610元/平,顶层 (共6层) | 1983年建 | 3室1厅 | 79.4平米 | 东 南 北,https://ke-image.ljcdn.com/110000-inspection/test-ffadf45e-8040-452e-a8c1-9f58f49821d7.png!m_fill,w_280,h_210,f_jpg?from=ke.com
20230728,西城,西直门,101120236811,西城德宝精装复式   业主诚心出售新上,750万,103735元/平,顶层 (共6层) 3室1厅 | 72.3平米 | 东 西,https://ke-image.ljcdn.com/110000-inspection/pc1_wDNVHd94x.jpg!m_fill,w_280,h_210,f_jpg?from=ke.com
20230728,西城,西直门,101120215604,西城区 新上南北精装修两居室  高层采光无遮挡新上,718万,117899元/平,高楼层 (共16层) | 1985年建 | 2室1厅 | 60.9平米 | 南 北,https://ke-image.ljcdn.com/110000-inspection/pc1_6DvuaHe8T.jpg!m_fill,w_280,h_210,f_jpg?from=ke.com
20230728,西城,西直门,101120139311,舒至嘉园 2室1厅 东,815万,88897元/平,低楼层 (共19层) | 2003年建 | 2室1厅 | 91.68平米 | 东,https://ke-image.ljcdn.com/110000-inspection/pc1_b9EXs29qP.jpg!m_fill,w_280,h_210,f_jpg?from=ke.com
20230728,西城,西直门,101119967641,交大东路12号院 3室1厅 西北,1252万,104186元/平,高楼层 (共20层) | 2015年建 | 3室1厅 | 120.17平米 | 西北,https://ke-image.ljcdn.com/110000-inspection/pc1_dbANmHRnG.jpg!m_fill,w_280,h_210,f_jpg?from=ke.com
20230728,西城,西直门,101119947719,玉桃园三区 南北通透 两南一北 明厨明卫 随时看,758万,116796元/平,顶层 (共6层) | 1994年建 | 2室1厅 | 64.9平米 | 南 北,https://ke-image.ljcdn.com/110000-inspection/pc1_wZeSY8vC0.jpg!m_fill,w_280,h_210,f_jpg?from=ke.com
20230728,西城,西直门,101119941423,交大东路56号院  满五唯一商品房 高楼层两居室房主自荐,650万,98635元/平,高楼层 (共18层) 2室1厅 | 65.9平米 | 西,https://ke-image.ljcdn.com/110000-inspection/pc1_niOo9ucwc.jpg!m_fill,w_280,h_210,f_jpg?from=ke.com
20230728,西城,西直门,101119903869,新上房源 西城区 精装修 视野开阔无遮挡 92年小区,778万,105136元/平,顶层 (共6层) | 1992年建 | 2室1厅 | 74平米 | 西南,https://ke-image.ljcdn.com/110000-inspection/pc1_rW1tQiVDK.jpg!m_fill,w_280,h_210,f_jpg?from=ke.com
20230728,西城,西直门,101119810963,西直门 交大东路31 号院 央产社区,610万,96063元/平,底层 (共6层) 2室1厅 | 63.5平米 | 西南 北,https://ke-image.ljcdn.com/110000-inspection/pc1_xtZ8C9MCy_1.jpg!m_fill,w_280,h_210,f_jpg?from=ke.com
20230728,西城,西直门,101119770772,新街口 西直门 马相西巷小区 东西通透 2居室,650万,107616元/平,顶层 (共6层) | 1983年建 | 2室1厅 | 60.4平米 | 西 东,https://ke-image.ljcdn.com/110000-inspection/pc1_sgmTAeTEI.jpg!m_fill,w_280,h_210,f_jpg?from=ke.com
20230728,西城,西直门,101119768940,西直门 按满五唯一  不临街 人车分流 诚意出售房主自荐,1150万,106878元/平,低楼层 (共19层) 3室1厅 | 107.6平米 | 东南,https://ke-image.ljcdn.com/110000-inspection/pc1_JU76aCDj5.jpg!m_fill,w_280,h_210,f_jpg?from=ke.com
20230728,西城,西直门,101119576780,西直门 卫生部小区 2层南向 随时看,502万,109655元/平,低楼层 (共6层) 1室1厅 | 45.78平米 | 南,https://ke-image.ljcdn.com/110000-inspection/pc1_QuRX70m4q.jpg!m_fill,w_280,h_210,f_jpg?from=ke.com
20230728,西城,西直门,101119491015,上园村 中高楼层 西南向 两居室,532万,98155元/平,高楼层 (共6层) 2室1厅 | 54.2平米 | 西南,https://ke-image.ljcdn.com/110000-inspection/pc1_iNZ1C1rPf.jpg!m_fill,w_280,h_210,f_jpg?from=ke.com
20230728,西城,西直门,101119488453,交大东路2000年电梯钢混明厨卫带客厅大两居,630万,80440元/平,高楼层 (共14层) 3室1厅 | 78.32平米 | 东 西,https://ke-image.ljcdn.com/110000-inspection/5a5f504e-d04b-4de5-b782-e7d86d72d844_1000.jpg!m_fill,w_280,h_210,f_jpg?from=ke.com
20230728,西城,西直门,101119438156,交大东路 西直门 铁道部宿舍 东南向电梯2居 1998年房主自荐,712万,92661元/平,中楼层 (共14层) | 1999年建 | 2室1厅 | 76.84平米 | 东南,https://ke-image.ljcdn.com/110000-inspection/c062a53c-4113-400a-b601-507d6a168b5c_1000.jpg!m_fill,w_280,h_210,f_jpg?from=ke.com
20230728,西城,西直门,101119425356,德宝新园 2室1厅 南 北,777万,125932元/平,中楼层 (共6层) | 1992年建 | 2室1厅 | 61.7平米 | 南 北,https://ke-image.ljcdn.com/110000-inspection/pc1_BHY0qEris.jpg!m_fill,w_280,h_210,f_jpg?from=ke.com
20230728,西城,西直门,101119377101,西直门 交大嘉园 方正两居  满五唯一 看房方便 诚心卖房主自荐,1030万,117139元/平,底层 (共19层) | 2003年建 | 2室1厅 | 87.93平米 | 东北,https://ke-image.ljcdn.com/110000-inspection/pc1_PtyLn3L8A_1.jpg!m_fill,w_280,h_210,f_jpg?from=ke.com
20230728,西城,西直门,101119283224,交大东路36号院 2004年 楼龄新 看房方便,1180万,101158元/平,高楼层 (共11层) 3室2厅 | 116.65平米 | 东,https://ke-image.ljcdn.com/110000-inspection/pc1_ZsaEdz57F.jpg!m_fill,w_280,h_210,f_jpg?from=ke.com
20230728,西城,西直门,101119265604,品阁公寓 3室1厅 西南,1318万,109542元/平,中楼层 (共11层) 3室1厅 | 120.32平米 | 西南,https://ke-image.ljcdn.com/110000-inspection/pc1_u8gk1ppwl.jpg!m_fill,w_280,h_210,f_jpg?from=ke.com
20230728,西城,西直门,101119251560,交大东路21号院 高楼层低密度住宅 视野采光很好,1250万,106893元/平,高楼层 (共15层) 3室1厅 | 116.94平米 | 西,https://ke-image.ljcdn.com/110000-inspection/pc1_GKWjKkBH9_1.jpg!m_fill,w_280,h_210,f_jpg?from=ke.com
20230728,西城,西直门,101119143476,商品房+满5年+唯一住房+2021年精装修+东西通透两居室,640万,109216元/平,顶层 (共6层) | 1989年建 | 2室1厅 | 58.6平米 | 东 西,https://ke-image.ljcdn.com/110000-inspection/pc1_Ff1dhrMlY.jpg!m_fill,w_280,h_210,f_jpg?from=ke.com
20230728,西城,西直门,101119070040,西直门 高梁桥斜街 电梯两居室 诚心出售,470万,97390元/平,高楼层 (共9层) 2室1厅 | 48.26平米 | 西,https://ke-image.ljcdn.com/110000-inspection/pc1_2wEzWzMnr_1.jpg!m_fill,w_280,h_210,f_jpg?from=ke.com
20230728,西城,西直门,101119062338,长河湾三期 2012年建成电梯直达正规70年产权,688万,101957元/平,顶层 (共5层) | 2012年建 | 1室1厅 | 67.48平米 | 东北,https://ke-image.ljcdn.com/110000-inspection/3676641e-2d1a-405f-809b-a6e3e4a698c0_1000.jpg!m_fill,w_280,h_210,f_jpg?from=ke.com
20230728,西城,西直门,101118954287,西直门 交大东路 小3居布局合理近地铁,590万,105925元/平,顶层 (共6层) 3室0厅 | 55.7平米 | 南 北,https://ke-image.ljcdn.com/110000-inspection/pc1_DGBznccov.jpg!m_fill,w_280,h_210,f_jpg?from=ke.com
20230728,西城,西直门,101118848307,长河湾三期 70年产权住宅 有电梯 楼龄新,422万,95196元/平,顶层 (共5层) | 2012年建 | 1室0厅 | 44.33平米 | 北,https://ke-image.ljcdn.com/110000-inspection/11622f7b-7257-4f43-9544-e85258f64d8d_1000.jpg!m_fill,w_280,h_210,f_jpg?from=ke.com
20230728,西城,西直门,101118727226,交大东路48号院 2室1厅 南 北,660万,110553元/平,底层 (共6层) | 1982年建 | 2室1厅 | 59.7平米 | 南 北,https://ke-image.ljcdn.com/110000-inspection/pc1_9x28Ru4gp.jpg!m_fill,w_280,h_210,f_jpg?from=ke.com
20230728,西城,西直门,101118583813,电信家属楼 大2居 精装修 户型方正,635万,80656元/平,中楼层 (共14层) 2室1厅 | 78.73平米 | 东 西,https://ke-image.ljcdn.com/110000-inspection/pc1_7C6zWlRHD.jpg!m_fill,w_280,h_210,f_jpg?from=ke.com
20230728,西城,西直门,101118538240,学院南路60号院田字格户型双南朝向明厨明卫满五年一,786万,100770元/平,高楼层 (共6层) 3室1厅 | 78平米 | 南 北,https://ke-image.ljcdn.com/110000-inspection/pc1_T79s0oJ1R.jpg!m_fill,w_280,h_210,f_jpg?from=ke.com
20230728,西城,西直门,101118300446,西直门 铁道部宿舍 高楼层精装修 两室大客厅,766万,100053元/平,中楼层 (共14层) 2室1厅 | 76.56平米 | 西南,https://ke-image.ljcdn.com/110000-inspection/bfc533db-2ea8-4015-9720-9b99d05921c5_1000.jpg!m_fill,w_280,h_210,f_jpg?from=ke.com
20230728,西城,西直门,101118295152,舒至嘉园方正大三居户型优质房源,1390万,89109元/平,低楼层 (共19层) 3室1厅 | 155.99平米 | 东,https://ke-image.ljcdn.com/110000-inspection/pc1_Z380lo1Fh.jpg!m_fill,w_280,h_210,f_jpg?from=ke.com
20230728,西城,西直门,101118237607,学院南路60号院  南北三居室 精装修,1378万,130741元/平,中楼层 (共5层) 3室1厅 | 105.4平米 | 南 北,https://ke-image.ljcdn.com/110000-inspection/pc1_G05mWKSKw.jpg!m_fill,w_280,h_210,f_jpg?from=ke.com
20230728,西城,西直门,101118098637,德宝新园正规3居室楼上卧室有外窗,797万,105985元/平,顶层 (共6层) | 1992年建 | 3室1厅 | 75.2平米 | 南 西 北,https://ke-image.ljcdn.com/110000-inspection/pc1_PpFAYn8NM.jpg!m_fill,w_280,h_210,f_jpg?from=ke.com
20230728,西城,西直门,101118090735,玉桃园二区+大两居室+南北+无遮挡,1435万,117143元/平,中楼层 (共5层) | 1993年建 | 2室2厅 | 122.5平米 | 南 北,https://ke-image.ljcdn.com/110000-inspection/d20a27cf-3540-4e7e-b28f-87510ad848d6_1000.jpg!m_fill,w_280,h_210,f_jpg?from=ke.com
20230728,西城,西直门,101118090710,西直门 交大东路31号院 电梯两居双阳台客厅20平精装,830万,112772元/平,低楼层 (共16层) | 1998年建 | 3室1厅 | 73.6平米 | 西南,https://ke-image.ljcdn.com/110000-inspection/pc1_fTpjEXx03_1.jpg!m_fill,w_280,h_210,f_jpg?from=ke.com
20230728,西城,西直门,101118058027,高粱桥上园村  南向一居室 诚心出售 看房方便,430万,104623元/平,顶层 (共6层) | 1983年建 | 1室1厅 | 41.1平米 | 南,https://ke-image.ljcdn.com/110000-inspection/pc1_3lvEaLXFT_1.jpg!m_fill,w_280,h_210,f_jpg?from=ke.com
20230728,西城,西直门,101118019477,交大嘉园 中高层 东南3居2卫,1638万,119939元/平,中楼层 (共19层) | 2003年建 | 3室2厅 | 136.57平米 | 东 南,https://ke-image.ljcdn.com/110000-inspection/pc1_lvnKOaDQD.jpg!m_fill,w_280,h_210,f_jpg?from=ke.com
20230728,西城,西直门,101118013675,交大东路 满5年唯一 全明两居精装 近地铁 有公园,620万,97332元/平,高楼层 (共6层) | 1982年建 | 2室1厅 | 63.7平米 | 南 北,https://ke-image.ljcdn.com/110000-inspection/pc1_02rNmseLN.jpg!m_fill,w_280,h_210,f_jpg?from=ke.com
20230728,西城,西直门,101117987869,西直门交大东路楼龄新双阳台客厅20平电梯钢混楼,719万,93572元/平,底层 (共14层) | 1999年建 | 2室1厅 | 76.84平米 | 东,https://ke-image.ljcdn.com/110000-inspection/pc1_svhRjmIXc.jpg!m_fill,w_280,h_210,f_jpg?from=ke.com
20230728,西城,西直门,101117953576,西城新兴中巷小两居厨卫都有窗南北向,659万,136439元/平,顶层 (共4层) | 1976年建 | 2室1厅 | 48.3平米 | 南 北,https://ke-image.ljcdn.com/110000-inspection/pc1_YcljQbanV.jpg!m_fill,w_280,h_210,f_jpg?from=ke.com
20230728,西城,西直门,101117892493,楼龄新有电梯飘窗客厅带阳台主卧朝南客厅朝南,790万,106714元/平,高楼层 (共20层) | 2018年建 | 2室1厅 | 74.03平米 | 东南,https://ke-image.ljcdn.com/110000-inspection/pc1_Q1vvC793Y_1.jpg!m_fill,w_280,h_210,f_jpg?from=ke.com
20230728,西城,西直门,101117877864,铁科院 停车方便 精装修 南北通透,780万,129033元/平,高楼层 (共6层) | 1991年建 | 2室1厅 | 60.45平米 | 南 北,https://ke-image.ljcdn.com/110000-inspection/pc1_m3tPfCs8i.jpg!m_fill,w_280,h_210,f_jpg?from=ke.com
20230728,西城,西直门,101117855423,西直门 交大东路36号院 有车位 满五唯一2004年楼,668万,91033元/平,中楼层 (共11层) | 2004年建 | 2室1厅 | 73.38平米 | 东,https://ke-image.ljcdn.com/110000-inspection/pc1_4m2coR5IS_1.jpg!m_fill,w_280,h_210,f_jpg?from=ke.com
20230728,西城,西直门,101117817195,西直门新街口 南北两居 采光充足,710万,130515元/平,顶层 (共5层) 2室1厅 | 54.4平米 | 南 北,https://ke-image.ljcdn.com/110000-inspection/pc1_V1d3gohoY.jpg!m_fill,w_280,h_210,f_jpg?from=ke.com
20230728,西城,西直门,101117750536,西直门 舒至嘉园 格局方正 诚意出售 看房方便房主自荐,660万,93977元/平,高楼层 (共19层) | 2003年建 | 2室1厅 | 70.23平米 | 北,https://ke-image.ljcdn.com/110000-inspection/pc1_B7D4ZfcCp.jpg!m_fill,w_280,h_210,f_jpg?from=ke.com
20230728,西城,西直门,101117742435,南北通透格局好南向采光充足满五年房主自荐,745万,128228元/平,中楼层 (共6层) 2室1厅 | 58.1平米 | 南 北,https://ke-image.ljcdn.com/110000-inspection/pc1_K1N8oSuJj.jpg!m_fill,w_280,h_210,f_jpg?from=ke.com
20230728,西城,西直门,101117742391,南北通透格局好南向采光充足满五年房主自荐,745万,128228元/平,中楼层 (共6层) 2室1厅 | 58.1平米 | 南 北,https://ke-image.ljcdn.com/110000-inspection/pc1_m7HRAOJow.jpg!m_fill,w_280,h_210,f_jpg?from=ke.com
20230728,西城,西直门,101117728296,铁道科学研究院 全明格局 停车方便,659万,102809元/平,高楼层 (共6层) | 1980年建 | 2室1厅 | 64.1平米 | 南 北,https://ke-image.ljcdn.com/110000-inspection/e58c5171-9442-4e4e-9588-5fbfc67620e2_1000.jpg!m_fill,w_280,h_210,f_jpg?from=ke.com
20230728,西城,西直门,101117725773,铁道科学研究院 非顶层两居 采光视野无遮挡 看房方便房主自荐,679万,105929元/平,高楼层 (共6层) | 1980年建 | 2室1厅 | 64.1平米 | 南 北,https://ke-image.ljcdn.com/110000-inspection/pc1_t9qLZBCY5.jpg!m_fill,w_280,h_210,f_jpg?from=ke.com
20230728,西城,西直门,101117289175,长河湾中间层有电梯2012年建成小户型房主自荐,475万,100679元/平,中楼层 (共5层) | 2012年建 | 1室1厅 | 47.18平米 | 东北,https://ke-image.ljcdn.com/110000-inspection/pc1_M8yNuHGKE.jpg!m_fill,w_280,h_210,f_jpg?from=ke.com
20230728,西城,西直门,101116774600,西直门长河湾2010年建成的南向带电梯一居室可当两居用房主自荐,895万,109147元/平,顶层 (共5层) | 2012年建 | 1室1厅 | 82平米 | 南,https://ke-image.ljcdn.com/110000-inspection/pc1_cpnlCYpNF.jpg!m_fill,w_280,h_210,f_jpg?from=ke.com
20230728,西城,西直门,101116518397,北京交通大学东门带电梯西南向大两居,1090万,101396元/平,低楼层 (共16层) | 1992年建 | 2室1厅 | 107.5平米 | 西南,https://ke-image.ljcdn.com/110000-inspection/51ca948b-eb29-4de9-bd66-2245356dd84f_1000.jpg!m_fill,w_280,h_210,f_jpg?from=ke.com
20230728,西城,西直门,101115849437,西直门长河湾正规一居 诚心出售,800万,119941元/平,中楼层 (共14层) | 2005年建 | 2室1厅 | 66.7平米 | 北,https://ke-image.ljcdn.com/110000-inspection/pc1_m8wsEfGQS_1.jpg!m_fill,w_280,h_210,f_jpg?from=ke.com
20230728,西城,西直门,101113550041,西直门 交大东路36号院跃层3居2卫满五年唯一,1198万,83380元/平,顶层 (共11层) | 2004年建 | 3室1厅 | 143.68平米 | 东 西,https://ke-image.ljcdn.com/110000-inspection/test-dd8e82aa-ce70-4cc4-80bc-dacaaee47eb9.png!m_fill,w_280,h_210,f_jpg?from=ke.com
20230728,西城,西直门,101120325113,铁道科学研究院 2009年建成 两梯两户 三居室 可停车,1620万,156160元/平,中楼层 (共15层) 3室1厅 | 103.74平米 | 南 北,https://s1.ljcdn.com/pegasus/redskull/images/common/default_house_list.png?_v=20230724175852780
20230728,西城,西直门,101120324833,长河湾 1室1厅 北,435万,92201元/平,顶层 (共5层) | 2012年建 | 1室1厅 | 47.18平米 | 北,https://s1.ljcdn.com/pegasus/redskull/images/common/default_house_list.png?_v=20230724175852780
20230728,西城,西直门,101120232185,长河湾难得带产权的地下一层车位,50万,36285元/平,地下室 1室0厅 | 13.78平米 | 北,https://s1.ljcdn.com/pegasus/redskull/images/common/default_house_list.png?_v=20230724175852780
20230728,西城,西直门,101120229176,玉桃园三区 1室1厅 南新上,610万,140553元/平,中楼层 (共5层) | 1990年建 | 1室1厅 | 43.4平米 | 南,https://s1.ljcdn.com/pegasus/redskull/images/common/default_house_list.png?_v=20230724175852780
20230728,西城,西直门,101120123805,低楼层无遮挡采光好适合老人孩子居住,575万,113637元/平,底层 (共6层) 1室1厅 | 50.6平米 | 东,https://s1.ljcdn.com/pegasus/redskull/images/common/default_house_list.png?_v=20230724175852780
20230728,西城,西直门,101120100255,铁道科学研究院 南北朝向两居室 楼龄新 有电梯,926万,129911元/平,底层 (共6层) 2室1厅 | 71.28平米 | 南 北,https://s1.ljcdn.com/pegasus/redskull/images/common/default_house_list.png?_v=20230724175852780
20230728,西城,西直门,101120018137,交大东路4号院 2室2厅 西,698万,83145元/平,底层 (共14层) | 1998年建 | 2室2厅 | 83.95平米 | 西,https://s1.ljcdn.com/pegasus/redskull/images/common/default_house_list.png?_v=20230724175852780
20230728,西城,西直门,101120012897,全明户型 中楼层 三居室 看房方便 诚意售房,1050万,137615元/平,中楼层 (共5层) | 1990年建 | 3室1厅 | 76.3平米 | 南 北,https://s1.ljcdn.com/pegasus/redskull/images/common/default_house_list.png?_v=20230724175852780
20230728,西城,西直门,101119945519,交大东路48号院 全明格局 满五唯一,662万,100915元/平,中楼层 (共6层) | 1982年建 | 3室1厅 | 65.6平米 | 南 北,https://s1.ljcdn.com/pegasus/redskull/images/common/default_house_list.png?_v=20230724175852780
20230728,西城,西直门,101119928509,电信家属楼 楼龄新 南北通透 原单位住户居多,682万,81433元/平,中楼层 (共14层) 2室1厅 | 83.75平米 | 南 北,https://s1.ljcdn.com/pegasus/redskull/images/common/default_house_list.png?_v=20230724175852780
20230728,西城,西直门,101119895507,西直门商圈 交大东路4号院 电信家属楼 看房方便 诚售,685万,94301元/平,低楼层 (共14层) 2室1厅 | 72.64平米 | 东 西,https://s1.ljcdn.com/pegasus/redskull/images/common/default_house_list.png?_v=20230724175852780
20230728,西城,西直门,101119873062,铁科院 中间楼层 全明格局 南北通透,825万,128706元/平,中楼层 (共6层) | 1980年建 | 2室1厅 | 64.1平米 | 南 北,https://s1.ljcdn.com/pegasus/redskull/images/common/default_house_list.png?_v=20230724175852780
20230728,西城,西直门,101119746852,交大嘉园 3室1厅 东南,1650万,120871元/平,高楼层 (共19层) | 2003年建 | 3室1厅 | 136.51平米 | 东南,https://s1.ljcdn.com/pegasus/redskull/images/common/default_house_list.png?_v=20230724175852780
20230728,西城,西直门,101119737117,西直门 满五年央产房 电梯直达 出行便利 诚意出售,970万,117009元/平,中楼层 (共18层) | 1999年建 | 2室1厅 | 82.9平米 | 西南,https://s1.ljcdn.com/pegasus/redskull/images/common/default_house_list.png?_v=20230724175852780
20230728,西城,西直门,101119703162,交大嘉园 3室1厅 东南,1240万,115242元/平,中楼层 (共19层) | 2002年建 | 3室1厅 | 107.6平米 | 东南,https://s1.ljcdn.com/pegasus/redskull/images/common/default_house_list.png?_v=20230724175852780
20230728,西城,西直门,101119490452,西直门 舒至嘉园 高楼层 双卫 楼龄新 满五唯一,1165万,95359元/平,中楼层 (共19层) 3室1厅 | 122.17平米 | 西南,https://s1.ljcdn.com/pegasus/redskull/images/common/default_house_list.png?_v=20230724175852780
20230728,西城,西直门,101119486334,西直门地铁附近钻河公馆朝东2010年小户型,365万,50928元/平,低楼层 (共25层) 2室1厅 | 71.67平米 | 东,https://s1.ljcdn.com/pegasus/redskull/images/common/default_house_list.png?_v=20230724175852780
20230728,西城,西直门,101119457725,交大东路4号院 南北通透无遮挡,948万,101034元/平,低楼层 (共14层) | 1998年建 | 2室1厅 | 93.83平米 | 南 北,https://s1.ljcdn.com/pegasus/redskull/images/common/default_house_list.png?_v=20230724175852780
20230728,西城,西直门,101119413891,后桃园胡同9号院 中间楼层 采光视野好,660万,121997元/平,中楼层 (共5层) | 1982年建 | 2室1厅 | 54.1平米 | 南 北,https://s1.ljcdn.com/pegasus/redskull/images/common/default_house_list.png?_v=20230724175852780
20230728,西城,西直门,101119334599,德宝新园 3室1厅 南 北,1100万,127315元/平,低楼层 (共6层) | 1992年建 | 3室1厅 | 86.4平米 | 南 北,https://s1.ljcdn.com/pegasus/redskull/images/common/default_house_list.png?_v=20230724175852780
20230728,西城,西直门,101119291071,此房满五唯一住房南北通透采光好业主诚心出售,666万,109720元/平,中楼层 (共5层) | 1985年建 | 2室1厅 | 60.7平米 | 南 北,https://s1.ljcdn.com/pegasus/redskull/images/common/default_house_list.png?_v=20230724175852780
20230728,西城,西直门,101119105543,长河湾小区车位  近单元门 出行方便,47万,29321元/平,地下室 1室0厅 | 16.03平米 | 东 南 西 北,https://s1.ljcdn.com/pegasus/redskull/images/common/default_house_list.png?_v=20230724175852780
20230728,西城,西直门,101119057729,西直门 舒至嘉园 业主诚心出售格局方正,955万,85882元/平,低楼层 (共20层) 2室1厅 | 111.2平米 | 西北,https://s1.ljcdn.com/pegasus/redskull/images/common/default_house_list.png?_v=20230724175852780
20230728,西城,西直门,101118768594,西直门 交大东路12号院 四道口住宅小区 房龄新 有车位,1150万,95698元/平,中楼层 (共20层) 4室1厅 | 120.17平米 | 西北,https://s1.ljcdn.com/pegasus/redskull/images/common/default_house_list.png?_v=20230724175852780
20230728,西城,西直门,101118660026,交通大学路1号院 交大嘉园小区 2003年 正规两居室,915万,111220元/平,高楼层 (共19层) | 2003年建 | 2室1厅 | 82.27平米 | 东,https://s1.ljcdn.com/pegasus/redskull/images/common/default_house_list.png?_v=20230724175852780
20230728,西城,西直门,101118598642,交大东路4号院 带电梯 带客厅大2居,940万,91529元/平,低楼层 (共14层) 3室1厅 | 102.7平米 | 南 北,https://s1.ljcdn.com/pegasus/redskull/images/common/default_house_list.png?_v=20230724175852780
20230728,西城,西直门,101118486481,西直门地铁高层观西山商业办公类可注册,232万,50945元/平,高楼层 (共12层) 1室0厅 | 45.54平米 | 西,https://s1.ljcdn.com/pegasus/redskull/images/common/default_house_list.png?_v=20230724175852780
20230728,西城,西直门,101118251587,钻河公馆 1室1厅 西,190万,38400元/平,低楼层 (共12层) 1室1厅 | 49.48平米 | 西,https://s1.ljcdn.com/pegasus/redskull/images/common/default_house_list.png?_v=20230724175852780
20230728,西城,西直门,101118168320,西直门交大南北通全明一居室诚心出售,485万,112010元/平,中楼层 (共6层) | 1982年建 | 1室1厅 | 43.3平米 | 南,https://ke-image.ljcdn.com/110000-inspection/db6c0eaa-104d-47d2-ba19-bb5129c39452.jpeg!m_fill,w_280,h_210,f_jpg?from=ke.com
20230728,西城,西直门,101118045042,西直门地铁附近钻河公馆朝南开间,400万,57687元/平,中楼层 (共12层) 1室1厅 | 69.34平米 | 南,https://s1.ljcdn.com/pegasus/redskull/images/common/default_house_list.png?_v=20230724175852780
20230728,西城,西直门,101118044841,西直门地铁附近钻河公馆朝南开间,400万,57687元/平,中楼层 (共12层) 1室1厅 | 69.34平米 | 南,https://s1.ljcdn.com/pegasus/redskull/images/common/default_house_list.png?_v=20230724175852780
20230728,西城,西直门,101117996131,西直门地铁附近钻河公馆朝东复式,350万,78125元/平,顶层 (共12层) 1室1厅 | 44.8平米 | 东,https://s1.ljcdn.com/pegasus/redskull/images/common/default_house_list.png?_v=20230724175852780
20230728,西城,西直门,101117912414,交大东路66号院西直门地铁附近钻河公馆商业用房,298万,28143元/平,底层 (共25层) 1室0厅 | 105.89平米 | 东,https://s1.ljcdn.com/pegasus/redskull/images/common/default_house_list.png?_v=20230724175852780
20230728,西城,西直门,101117574491,钻河公馆 1室1厅 南   低楼层,230万,46019元/平,低楼层 (共12层) 1室1厅 | 49.98平米 | 南,https://s1.ljcdn.com/pegasus/redskull/images/common/default_house_list.png?_v=20230724175852780
20230728,西城,西直门,101117325215,西直门地铁附近钻河公馆朝东商业用房,275万,35434元/平,底层 (共25层) | 2010年建 | 1室0厅 | 77.61平米 | 东,https://s1.ljcdn.com/pegasus/redskull/images/common/default_house_list.png?_v=20230724175852780
20230728,西城,西直门,101117167309,长河湾 车位,60万,43957元/平,地下室 1室0厅 | 13.65平米 | 南,https://s1.ljcdn.com/pegasus/redskull/images/common/default_house_list.png?_v=20230724175852780
20230728,西城,西直门,101117073867,西直门交大嘉园03年商品房中高楼层满5年,692万,113872元/平,中楼层 (共19层) | 2003年建 | 1室1厅 | 60.77平米 | 北,https://s1.ljcdn.com/pegasus/redskull/images/common/default_house_list.png?_v=20230724175852780
20230728,西城,西直门,101117021679,钻河公馆2010年商业用房楼龄新带电梯交通方便,260万,40329元/平,低楼层 (共25层) | 2009年建 | 1室1厅 | 64.47平米 | 西,https://s1.ljcdn.com/pegasus/redskull/images/common/default_house_list.png?_v=20230724175852780
20230728,西城,西直门,101117021667,钻河公馆2010年商业用房楼龄新带电梯交通方便,215万,37846元/平,低楼层 (共25层) 1室1厅 | 56.81平米 | 西,https://s1.ljcdn.com/pegasus/redskull/images/common/default_house_list.png?_v=20230724175852780
20230728,西城,西直门,101116987953,钻河公馆 1室1厅 西,210万,44959元/平,中楼层 (共12层) | 2010年建 | 1室1厅 | 46.71平米 | 西,https://s1.ljcdn.com/pegasus/redskull/images/common/default_house_list.png?_v=20230724175852780
20230728,西城,西直门,101116963289,2003年商品房 人车分流 户型方正 诚意出售,1038万,118049元/平,中楼层 (共19层) | 2003年建 | 2室1厅 | 87.93平米 | 东北,https://s1.ljcdn.com/pegasus/redskull/images/common/default_house_list.png?_v=20230724175852780
20230728,西城,西直门,101116908574,熙府桃园+南北通透+采光好+交通便利,1850万,104846元/平,底层 (共13层) 3室2厅 | 176.45平米 | 南 北,https://s1.ljcdn.com/pegasus/redskull/images/common/default_house_list.png?_v=20230724175852780
20230728,西城,西直门,101116875841,交大东路 南北通透两居室 交通便利,400万,77027元/平,地下室 (共6层) | 1990年建 | 2室1厅 | 51.93平米 | 南 北,https://ke-image.ljcdn.com/110000-inspection/55e4086d-1bb2-4411-ac63-a269563eae27.png!m_fill,w_280,h_210,f_jpg?from=ke.com
20230728,西城,西直门,101116751166,西直门地铁附近钻河公馆朝东小户型,215万,47420元/平,中楼层 (共12层) | 2010年建 | 1室1厅 | 45.34平米 | 东,https://s1.ljcdn.com/pegasus/redskull/images/common/default_house_list.png?_v=20230724175852780
20230728,西城,西直门,101116639530,西城区 电梯房正规三居室 楼下即是公园 高层视野开阔,982万,122444元/平,高楼层 (共10层) | 1987年建 | 3室1厅 | 80.2平米 | 南 西,https://s1.ljcdn.com/pegasus/redskull/images/common/default_house_list.png?_v=20230724175852780
20230728,西城,西直门,101116534185,长河湾 车位,48万,34189元/平,地下室 | 2005年建 | 1室0厅 | 14.04平米 | 北,https://s1.ljcdn.com/pegasus/redskull/images/common/default_house_list.png?_v=20230724175852780
20230728,西城,西直门,101116534134,长河湾 车位,48万,34189元/平,地下室 1室0厅 | 14.04平米 | 北,https://s1.ljcdn.com/pegasus/redskull/images/common/default_house_list.png?_v=20230724175852780
20230728,西城,西直门,101114910572,西直门地铁附近钻河公馆朝南小户型,230万,46806元/平,低楼层 (共12层) | 2010年建 | 1室0厅 | 49.14平米 | 南,https://s1.ljcdn.com/pegasus/redskull/images/common/default_house_list.png?_v=20230724175852780
20230728,西城,西直门,101114822739,西直门地铁附近钻河公馆朝南商业用房房主自荐,243万,48494元/平,低楼层 (共12层) | 2010年建 | 1室0厅 | 50.11平米 | 南,https://s1.ljcdn.com/pegasus/redskull/images/common/default_house_list.png?_v=20230724175852780
