20230903,朝阳,健翔桥,101120645362,央产家属楼电梯直达94年钢混次顶层视野采光好必看好房,536万,71097元/平,高楼层 (共18层) | 1993年建 | 3室1厅 | 75.39平米 | 西南 北,https://ke-image.ljcdn.com/110000-inspection/pc1_2FyFudIBi_1.jpg!m_fill,w_280,h_210,f_jpg?from=ke.com
20230903,朝阳,健翔桥,101120611479,央产家属楼次顶层95年钢混电梯直达全明格局必看好房,668万,90885元/平,高楼层 (共18层) | 1994年建 | 2室1厅 | 73.5平米 | 南 西,https://ke-image.ljcdn.com/110000-inspection/pc1_e3ihR1h2g_1.jpg!m_fill,w_280,h_210,f_jpg?from=ke.com
20230903,朝阳,健翔桥,101120611359,央产家属楼电梯直达95年钢混正南向阳光视野好必看好房,538万,79716元/平,高楼层 (共18层) | 1995年建 | 2室1厅 | 67.49平米 | 南,https://ke-image.ljcdn.com/110000-inspection/88d9f2ea-03a5-4789-a022-8dd362f3e8a4_1000.jpg!m_fill,w_280,h_210,f_jpg?from=ke.com
20230903,朝阳,健翔桥,101120599467,华严北里中科院南住宅区科住物业管理正南正北二居必看好房,570万,95159元/平,低楼层 (共16层) | 1997年建 | 2室1厅 | 59.9平米 | 南 北,https://ke-image.ljcdn.com/110000-inspection/pc1_Mv07Fr4rA.jpg!m_fill,w_280,h_210,f_jpg?from=ke.com
20230903,朝阳,健翔桥,101120514763,华严里 西南两居 满五年唯一 采光好 诚心出售 不临街必看好房,428万,82898元/平,中楼层 (共6层) 2室1厅 | 51.63平米 | 南,https://ke-image.ljcdn.com/110000-inspection/d22d4a98-b4fc-4b2a-9c55-fd510325e687_1000.jpg!m_fill,w_280,h_210,f_jpg?from=ke.com
20230903,朝阳,健翔桥,101120539501,全明格局次顶层电梯直达93年钢混成本价房主自荐,838万,102823元/平,高楼层 (共18层) | 1993年建 | 3室1厅 | 81.5平米 | 西南,https://ke-image.ljcdn.com/110000-inspection/pc1_8NP9Kf2AM.jpg!m_fill,w_280,h_210,f_jpg?from=ke.com
20230903,朝阳,健翔桥,101120371041,华严北里小区南北通透中间楼层三居室必看好房,765万,88573元/平,中楼层 (共6层) | 1991年建 | 3室1厅 | 86.37平米 | 南 北,https://ke-image.ljcdn.com/110000-inspection/pc1_h4z7AAGJP_1.jpg!m_fill,w_280,h_210,f_jpg?from=ke.com
20230903,朝阳,健翔桥,101120178457,华严北里1号院     满五年  唯一     南北通透必看好房,960万,82178元/平,中楼层 (共14层) 2室1厅 | 116.82平米 | 南 北,https://ke-image.ljcdn.com/110000-inspection/94e9cab2-056a-4cfe-bba0-2411d8baffe0_1000.jpg!m_fill,w_280,h_210,f_jpg?from=ke.com
20230903,朝阳,健翔桥,101120113436,华严里 东南向两居 满5年 随时看房,399万,77281元/平,底层 (共6层) 2室1厅 | 51.63平米 | 东南,https://ke-image.ljcdn.com/110000-inspection/d446582f-1fbc-4071-b55e-bf6d7ab082c1_1000.jpg!m_fill,w_280,h_210,f_jpg?from=ke.com
20230903,朝阳,健翔桥,101119987870,华严北里两居室高楼层全明格局业主诚意出售,456万,89237元/平,高楼层 (共18层) | 1994年建 | 2室0厅 | 51.1平米 | 东,https://ke-image.ljcdn.com/110000-inspection/pc1_HJiDC32ck.jpg!m_fill,w_280,h_210,f_jpg?from=ke.com
20230903,朝阳,健翔桥,101119929439,安翔里社区+2001年楼龄新+南北通透+满五唯一央产房,700万,80405元/平,低楼层 (共14层) | 2001年建 | 2室2厅 | 87.06平米 | 南 北,https://ke-image.ljcdn.com/110000-inspection/pc1_2qje3jzDr.jpg!m_fill,w_280,h_210,f_jpg?from=ke.com
20230903,朝阳,健翔桥,101119804128,马甸经典东南两居两卫带窗户无遮挡近地铁高层采光好必看好房,1100万,87364元/平,高楼层 (共18层) 2室2厅 | 125.91平米 | 东南,https://ke-image.ljcdn.com/110000-inspection/pc1_IzNkdgAeG.jpg!m_fill,w_280,h_210,f_jpg?from=ke.com
20230903,朝阳,健翔桥,101119702976,华严北里小区满五唯一中间层两居室满五唯一房主自荐,458万,77720元/平,中楼层 (共6层) | 1989年建 | 2室1厅 | 58.93平米 | 南 北,https://ke-image.ljcdn.com/110000-inspection/337d7ed7-fd4e-4fd2-ad40-a93e9629d0a2_1000.jpg!m_fill,w_280,h_210,f_jpg?from=ke.com
20230903,朝阳,健翔桥,101119583670,华严北里1号院 2004年建成 航空五院单位分房 西南三居房主自荐,1560万,96739元/平,中楼层 (共14层) 3室2厅 | 161.26平米 | 西南,https://ke-image.ljcdn.com/110000-inspection/d5ea515e-89a4-45dc-8391-2be25dad8932_1000.jpg!m_fill,w_280,h_210,f_jpg?from=ke.com
20230903,朝阳,健翔桥,101119357433,南向采光好一居室 1202印刷厂宿舍,380万,85528元/平,高楼层 (共6层) | 1986年建 | 1室1厅 | 44.43平米 | 南,https://ke-image.ljcdn.com/110000-inspection/pc1_fJsPo9KaG.jpg!m_fill,w_280,h_210,f_jpg?from=ke.com
20230903,朝阳,健翔桥,101119197115,华严北里4号院 全南向 全明格局 户型方正 满五唯一必看好房,468万,84128元/平,底层 (共6层) | 1982年建 | 2室1厅 | 55.63平米 | 南,https://ke-image.ljcdn.com/110000-inspection/cd4e35c4-6942-4b0a-9d9c-c13a72cec03b_1000.jpg!m_fill,w_280,h_210,f_jpg?from=ke.com
20230903,朝阳,健翔桥,101119191572,2001年 带电梯南北两居可当三居客厅带窗户 满五 唯一必看好房,760万,80637元/平,中楼层 (共12层) | 2001年建 | 2室2厅 | 94.25平米 | 南 北 西,https://ke-image.ljcdn.com/110000-inspection/pc1_Eecm7rqJZ.jpg!m_fill,w_280,h_210,f_jpg?from=ke.com
20230903,朝阳,健翔桥,101119159025,华严北里4号院南北通透 随时签约,520万,84705元/平,低楼层 (共6层) | 1988年建 | 2室1厅 | 61.39平米 | 南 北,https://ke-image.ljcdn.com/110000-inspection/pc1_xstmwAUAd.jpg!m_fill,w_280,h_210,f_jpg?from=ke.com
20230903,朝阳,健翔桥,101118944689,华严北里 东向全明格局两居 电梯直达 满五年唯一必看好房,445万,84940元/平,中楼层 (共18层) | 1993年建 | 2室1厅 | 52.39平米 | 东,https://ke-image.ljcdn.com/110000-inspection/pc1_4HJNPbF96.jpg!m_fill,w_280,h_210,f_jpg?from=ke.com
20230903,朝阳,健翔桥,101118902125,安翔南里 北京信息科技大学 环境好 中楼层 采光好,299万,76373元/平,中楼层 (共6层) | 1981年建 | 1室1厅 | 39.15平米 | 南,https://ke-image.ljcdn.com/110000-inspection/78f44170-40cc-4af4-9ef8-f588478c5e40_1000.jpg!m_fill,w_280,h_210,f_jpg?from=ke.com
20230903,朝阳,健翔桥,101118877624,满二年分房 次顶层 带电梯 正规客厅 精装修 随时看房,540万,85430元/平,高楼层 (共18层) | 1993年建 | 2室1厅 | 63.21平米 | 西南,https://ke-image.ljcdn.com/110000-inspection/e14b09ba-6256-4aa8-99ae-f6769f7e8bee_1000.jpg!m_fill,w_280,h_210,f_jpg?from=ke.com
20230903,朝阳,健翔桥,101118767357,中石油干部学院家属楼92年钢混精装修全明格局房主自荐,438万,85748元/平,低楼层 (共18层) | 1992年建 | 2室0厅 | 51.08平米 | 东,https://ke-image.ljcdn.com/110000-inspection/pc1_byp5XqROW_1.jpg!m_fill,w_280,h_210,f_jpg?from=ke.com
20230903,朝阳,健翔桥,101118652114,华严北里 中间层 总价不高 精装修,309万,65149元/平,中楼层 (共6层) | 1992年建 | 1室1厅 | 47.43平米 | 西南,https://ke-image.ljcdn.com/110000-inspection/pc1_EulADOU81.jpg!m_fill,w_280,h_210,f_jpg?from=ke.com
20230903,朝阳,健翔桥,101118154139,200米三甲医院高层满五央产房实用两居福利房必看好房,608万,76077元/平,高楼层 (共23层) | 2001年建 | 2室1厅 | 79.92平米 | 东,https://ke-image.ljcdn.com/110000-inspection/pc1_gkMbQHoSN_1.jpg!m_fill,w_280,h_210,f_jpg?from=ke.com
20230903,朝阳,健翔桥,101117967709,军工厂家属院板楼中间层双南向精装修满五唯一房主自荐,460万,81895元/平,中楼层 (共6层) | 1983年建 | 2室1厅 | 56.17平米 | 南,https://ke-image.ljcdn.com/110000-inspection/861648d0-2925-4fca-812f-97f1c487a1ed_1000.jpg!m_fill,w_280,h_210,f_jpg?from=ke.com
20230903,朝阳,健翔桥,101117920277,丝竹园 改造小区 满五年唯一 有电梯 94年钢混,410万,68804元/平,中楼层 (共9层) | 1994年建 | 2室1厅 | 59.59平米 | 东 西,https://ke-image.ljcdn.com/110000-inspection/ab0fd561-0073-452a-a99e-7d82732925f7_1000.jpg!m_fill,w_280,h_210,f_jpg?from=ke.com
20230903,朝阳,健翔桥,101117767761,华亭嘉园新上明卫3居人车分流有水系,1260万,81580元/平,中楼层 (共32层) | 2000年建 | 3室1厅 | 154.45平米 | 东南 北,https://ke-image.ljcdn.com/110000-inspection/d00ba98f-d72d-4582-b4d3-0669494a2fc8_1000.jpg!m_fill,w_280,h_210,f_jpg?from=ke.com
20230903,朝阳,健翔桥,101117117106,华严里此房满五年央产房精装修房主自荐,480万,68611元/平,中楼层 (共5层) | 1959年建 | 2室1厅 | 69.96平米 | 东,https://ke-image.ljcdn.com/110000-inspection/pc1_DjXSeKNQn.jpg!m_fill,w_280,h_210,f_jpg?from=ke.com
20230903,朝阳,健翔桥,101116737211,华严北里2号院精装修小3居室 诚心出售,450万,79859元/平,顶层 (共5层) | 1981年建 | 3室1厅 | 56.35平米 | 南 北,https://ke-image.ljcdn.com/110000-inspection/1b8b85c0-bb15-47f9-81c9-7633c2c35e89_1000.jpg!m_fill,w_280,h_210,f_jpg?from=ke.com
20230903,朝阳,健翔桥,101120785315,马甸经典家园 诚心出售三居室 看房方便必看好房,1050万,77025元/平,高楼层 (共24层) 3室1厅 | 136.32平米 | 西南,https://ke-image.ljcdn.com/110000-inspection/pc1_t8axqPve8.jpg!m_fill,w_280,h_210,f_jpg?from=ke.com
20230903,朝阳,健翔桥,101120684153,亚奥阳光2004年楼龄新精装40万东侧鸟巢水立方,850万,78486元/平,低楼层 (共12层) | 2004年建 | 2室1厅 | 108.3平米 | 南 北,https://ke-image.ljcdn.com/110000-inspection/708d00cf-60be-492f-9ac6-2304f98f9ebb_1000.jpg!m_fill,w_280,h_210,f_jpg?from=ke.com
20230903,朝阳,健翔桥,101120330992,丝竹园小区小区独立物业新改造必看好房,525万,69712元/平,中楼层 (共16层) | 1984年建 | 3室1厅 | 75.31平米 | 东北,https://ke-image.ljcdn.com/110000-inspection/be5138b2-91dd-47df-a39e-39838ddf189e_1000.jpg!m_fill,w_280,h_210,f_jpg?from=ke.com
20230903,朝阳,健翔桥,101120189365,房子客厅明窗+周边有水立方+盘古大观+三甲306医院必看好房,736万,71861元/平,中楼层 (共23层) | 2001年建 | 2室2厅 | 102.42平米 | 南 西北,https://ke-image.ljcdn.com/110000-inspection/4e3a3b9b-aa51-454f-b95f-f7c365216b4e_1000.jpg!m_fill,w_280,h_210,f_jpg?from=ke.com
20230903,朝阳,健翔桥,101120130793,华严北里 中间层全明格局室内亮堂明厨明卫双阳台房主自荐,345万,61258元/平,中楼层 (共6层) 1室1厅 | 56.32平米 | 西南,https://ke-image.ljcdn.com/110000-inspection/05c1005e-18a2-4e1a-809d-4a3a156eee8a_1000.jpg!m_fill,w_280,h_210,f_jpg?from=ke.com
20230903,朝阳,健翔桥,101120040337,华严北里 中石油单位管理 满五年唯一 诚售 随时签约,520万,79951元/平,低楼层 (共18层) | 1995年建 | 3室0厅 | 65.04平米 | 东南 北,https://ke-image.ljcdn.com/110000-inspection/pc1_MijPvGvUF.jpg!m_fill,w_280,h_210,f_jpg?from=ke.com
20230903,朝阳,健翔桥,101119638190,航天家属院管理环境好板楼加电梯全明格局精装房主自荐,398万,95353元/平,顶层 (共6层) 1室1厅 | 41.74平米 | 南,https://ke-image.ljcdn.com/110000-inspection/pc1_OSuEWeKTy.jpg!m_fill,w_280,h_210,f_jpg?from=ke.com
20230903,朝阳,健翔桥,101118860045,华亭嘉园F座高楼层挑高3米,1520万,75468元/平,高楼层 (共32层) | 2002年建 | 3室1厅 | 201.41平米 | 西南,https://ke-image.ljcdn.com/110000-inspection/09ff3eac-ef53-493d-9e98-d4108a616667_1000.jpg!m_fill,w_280,h_210,f_jpg?from=ke.com
20230903,朝阳,健翔桥,101118794194,此房满五年南北通透视野宽阔采光优秀。,420万,74337元/平,高楼层 (共6层) | 1989年建 | 2室1厅 | 56.5平米 | 南 北,https://ke-image.ljcdn.com/110000-inspection/pc1_DdpyjFL1I.jpg!m_fill,w_280,h_210,f_jpg?from=ke.com
20230903,朝阳,健翔桥,101115294079,华亭嘉园满五年 直观小区花园全景的户型 不临街,1705万,84654元/平,低楼层 (共32层) | 2002年建 | 3室1厅 | 201.41平米 | 西南 西,https://ke-image.ljcdn.com/110000-inspection/d463153e-2fc2-4ec7-9b0b-b646399dddcc_1000.jpg!m_fill,w_280,h_210,f_jpg?from=ke.com
20230903,朝阳,健翔桥,101120844739,华严北里小区 航天部单位分房 满五年唯一央产房新上,760万,109337元/平,高楼层 (共9层) | 1993年建 | 2室1厅 | 69.51平米 | 南 北,https://ke-image.ljcdn.com/110000-inspection/pc1_t5sZxHXUy_1.jpg!m_fill,w_280,h_210,f_jpg?from=ke.com
20230903,朝阳,健翔桥,101120807670,华严北里中科院 诚意出售 有钥匙 看房方便新上,545万,89477元/平,高楼层 (共16层) | 1988年建 | 2室1厅 | 60.91平米 | 西 北,https://ke-image.ljcdn.com/110000-inspection/pc1_1OkvQG0Xm_1.jpg!m_fill,w_280,h_210,f_jpg?from=ke.com
20230903,朝阳,健翔桥,101120784020,华严北里小区 满五年唯一 高楼层视野采光好一居室新上,318万,67047元/平,高楼层 (共6层) | 1992年建 | 1室1厅 | 47.43平米 | 西南,https://ke-image.ljcdn.com/110000-inspection/pc1_simTnVFoZ.jpg!m_fill,w_280,h_210,f_jpg?from=ke.com
20230903,朝阳,健翔桥,101120719613,此房楼龄新 位置好 近地铁 公园 北向 户型方正好利用,570万,88332元/平,低楼层 (共24层) | 2001年建 | 2室1厅 | 64.53平米 | 北,https://ke-image.ljcdn.com/110000-inspection/pc1_TzNnq8C2T_1.jpg!m_fill,w_280,h_210,f_jpg?from=ke.com
20230903,朝阳,健翔桥,101120663757,峻峰华亭大平层 阳光好视野开阔 诚心出售,1750万,43200元/平,低楼层 (共25层) | 2004年建 | 5室2厅 | 405.1平米 | 东南,https://ke-image.ljcdn.com/110000-inspection/pc1_gotXsMur8.jpg!m_fill,w_280,h_210,f_jpg?from=ke.com
20230903,朝阳,健翔桥,101120608075,国家地震局住宅楼全新精装修全明格局二居急售,498万,83797元/平,高楼层 (共6层) | 1982年建 | 2室1厅 | 59.43平米 | 南 北,https://ke-image.ljcdn.com/110000-inspection/pc1_CR3xz3gus_1.jpg!m_fill,w_280,h_210,f_jpg?from=ke.com
20230903,朝阳,健翔桥,101120569112,华严北里中科院 西南向两居满五年唯一 电梯直达,636万,95726元/平,中楼层 (共16层) | 1988年建 | 2室1厅 | 66.44平米 | 南 西,https://ke-image.ljcdn.com/110000-inspection/e1e91401-55ac-4e1d-8061-bf9cb6fe6f65_1000.jpg!m_fill,w_280,h_210,f_jpg?from=ke.com
20230903,朝阳,健翔桥,101120562965,塔楼东南角  电梯直达  双卧朝南双阳台房主自荐,650万,92291元/平,低楼层 (共18层) | 1993年建 | 2室1厅 | 70.43平米 | 东南,https://ke-image.ljcdn.com/110000-inspection/pc1_XmqV4ub7U_1.jpg!m_fill,w_280,h_210,f_jpg?from=ke.com
20230903,朝阳,健翔桥,101120495981,安翔里小区南北通透客厅带窗可当三居,750万,79576元/平,底层 (共12层) | 2001年建 | 2室1厅 | 94.25平米 | 南 西 北,https://ke-image.ljcdn.com/110000-inspection/40291552-3820-4354-827c-16b63771b70d_1000.jpg!m_fill,w_280,h_210,f_jpg?from=ke.com
20230903,朝阳,健翔桥,101120494138,华严北里明厨明卫一居室楼层低安静不临街价格低,350万,70865元/平,底层 (共6层) 1室1厅 | 49.39平米 | 东南,https://ke-image.ljcdn.com/110000-inspection/pc1_SfhtZtoqx.jpg!m_fill,w_280,h_210,f_jpg?from=ke.com
20230903,朝阳,健翔桥,101120488647,华严北里2号院 精装修 诚心出售,700万,93123元/平,中楼层 (共11层) | 1994年建 | 2室1厅 | 75.17平米 | 东 西,https://ke-image.ljcdn.com/110000-inspection/14942f6e-37a6-49ef-b184-dccce7eb795c_1000.jpg!m_fill,w_280,h_210,f_jpg?from=ke.com
20230903,朝阳,健翔桥,101120474090,电梯直达 鸟巢水立方旁 单独物业管理 精装修拎包住,1090万,68121元/平,低楼层 (共22层) | 2000年建 | 3室2厅 | 160.01平米 | 南 西,https://ke-image.ljcdn.com/110000-inspection/pc1_lT5MebrY4_1.jpg!m_fill,w_280,h_210,f_jpg?from=ke.com
20230903,朝阳,健翔桥,101120455216,华严里满五唯一看房方便非顶层诚意出售近地铁,429万,76676元/平,高楼层 (共6层) | 1979年建 | 2室1厅 | 55.95平米 | 东 西,https://ke-image.ljcdn.com/110000-inspection/pc1_4a8BFdYRV.jpg!m_fill,w_280,h_210,f_jpg?from=ke.com
20230903,朝阳,健翔桥,101120398329,安翔南里小区中间安静不临街全明格局,520万,76348元/平,高楼层 (共6层) | 1987年建 | 2室1厅 | 68.11平米 | 南 北,https://ke-image.ljcdn.com/110000-inspection/53cf394d-57bc-4aab-b7e4-1f444b810878_1000.jpg!m_fill,w_280,h_210,f_jpg?from=ke.com
20230903,朝阳,健翔桥,101120388533,华严北里2号院分房精装修无遮挡,645万,94134元/平,低楼层 (共11层) | 1994年建 | 2室1厅 | 68.52平米 | 南 北,https://ke-image.ljcdn.com/110000-inspection/pc1_kqb5hxmTV.jpg!m_fill,w_280,h_210,f_jpg?from=ke.com
20230903,朝阳,健翔桥,101120351407,航天511所单独管理南向一居室有电梯明厨明卫,414万,99186元/平,中楼层 (共6层) 1室1厅 | 41.74平米 | 南,https://ke-image.ljcdn.com/110000-inspection/pc1_vfq8OAuY6.jpg!m_fill,w_280,h_210,f_jpg?from=ke.com
20230903,朝阳,健翔桥,101120329998,安翔里小区 位置不临街 南北通透 1997年建成可贷款,562万,75275元/平,高楼层 (共6层) | 1997年建 | 2室1厅 | 74.66平米 | 南 北,https://ke-image.ljcdn.com/110000-inspection/pc1_KhZh3fixa_1.jpg!m_fill,w_280,h_210,f_jpg?from=ke.com
20230903,朝阳,健翔桥,101120297120,华严北里3号院 3室1厅 南,780万,98635元/平,低楼层 (共14层) | 1986年建 | 3室1厅 | 79.08平米 | 南,https://ke-image.ljcdn.com/110000-inspection/45473b06-16e9-4d24-8b8b-085e61b297ed_1000.jpg!m_fill,w_280,h_210,f_jpg?from=ke.com
20230903,朝阳,健翔桥,101120290162,健翔桥丝竹园南北通透中间层满五唯一精装小两居！,430万,73871元/平,中楼层 (共6层) 2室1厅 | 58.21平米 | 南 北,https://ke-image.ljcdn.com/110000-inspection/d82757ec-12f0-47fd-b332-986f277bb6ec_1000.jpg!m_fill,w_280,h_210,f_jpg?from=ke.com
20230903,朝阳,健翔桥,101120266920,安翔路甲1号 3室2厅 南 北,1500万,80214元/平,底层 (共20层) | 2001年建 | 3室2厅 | 187平米 | 南 北,https://ke-image.ljcdn.com/110000-inspection/411f6346-6d11-4dc8-9215-4b816bd09fcd_1000.jpg!m_fill,w_280,h_210,f_jpg?from=ke.com
20230903,朝阳,健翔桥,101120258980,华严北里2号院电梯直达南向一居室采光视野无遮挡,430万,89323元/平,低楼层 (共14层) | 1987年建 | 1室1厅 | 48.14平米 | 南,https://ke-image.ljcdn.com/110000-inspection/d63e2055-10e7-4992-b43e-455591ffb963_1000.jpg!m_fill,w_280,h_210,f_jpg?from=ke.com
20230903,朝阳,健翔桥,101120232775,房本之外16㎡使用面积板楼一层不临街房主有车位房主自荐,430万,76350元/平,底层 (共6层) | 2000年建 | 1室2厅 | 56.32平米 | 西南,https://ke-image.ljcdn.com/110000-inspection/prod-8acdc1a5-8111-4cfa-9a34-010afe11eab8.jpg!m_fill,w_280,h_210,f_jpg?from=ke.com
20230903,朝阳,健翔桥,101120142790,健翔桥丝竹园中间层满五年唯一南向一居室,298万,77767元/平,高楼层 (共6层) | 1984年建 | 1室1厅 | 38.32平米 | 南,https://ke-image.ljcdn.com/110000-inspection/7e2fc0bc-1be2-44a2-a7d2-353b9921c43d_1000.jpg!m_fill,w_280,h_210,f_jpg?from=ke.com
20230903,朝阳,健翔桥,101120134983,华严北里中科院  1997年建成 正规两居 满五年唯一,522万,87146元/平,中楼层 (共16层) | 1996年建 | 2室1厅 | 59.9平米 | 东 西,https://ke-image.ljcdn.com/110000-inspection/pc1_zjRCAV1Kn.jpg!m_fill,w_280,h_210,f_jpg?from=ke.com
20230903,朝阳,健翔桥,101120106183,安翔里小区 1室1厅 南,415万,129810元/平,底层 (共6层) | 1990年建 | 1室1厅 | 31.97平米 | 南,https://ke-image.ljcdn.com/110000-inspection/pc1_TC5CDiPHJ_1.jpg!m_fill,w_280,h_210,f_jpg?from=ke.com
20230903,朝阳,健翔桥,101120072615,华严北里小区 1室1厅 东南 北房主自荐,398万,76187元/平,高楼层 (共18层) | 1995年建 | 1室1厅 | 52.24平米 | 东南 北,https://ke-image.ljcdn.com/110000-inspection/pc1_bRtBZB8n8.jpg!m_fill,w_280,h_210,f_jpg?from=ke.com
20230903,朝阳,健翔桥,101120057812,华严北里小区精装修电梯直达 随时看房房主自荐,578万,86892元/平,低楼层 (共16层) | 1995年建 | 2室1厅 | 66.52平米 | 西南,https://ke-image.ljcdn.com/110000-inspection/pc1_WNhCUfkBE_1.jpg!m_fill,w_280,h_210,f_jpg?from=ke.com
20230903,朝阳,健翔桥,101120038397,有钥匙随时看 精装两居 随时面谈签约 94年钢混,556万,82986元/平,高楼层 (共9层) | 1994年建 | 2室1厅 | 67平米 | 南 北,https://ke-image.ljcdn.com/110000-inspection/pc1_RYGDXwX8i.jpg!m_fill,w_280,h_210,f_jpg?from=ke.com
20230903,朝阳,健翔桥,101120037027,此房楼龄新 位置好 近地铁 公园 高楼层西南向,485万,88182元/平,中楼层 (共24层) 1室1厅 | 55平米 | 东南,https://ke-image.ljcdn.com/110000-inspection/pc1_AM2Sz81cI.jpg!m_fill,w_280,h_210,f_jpg?from=ke.com
20230903,朝阳,健翔桥,101120034063,民族园9号院  东南北三居 精装修  2000年板楼,1070万,110196元/平,高楼层 (共6层) 3室1厅 | 97.1平米 | 东 南 北,https://ke-image.ljcdn.com/110000-inspection/pc1_hsysOfKKC.jpg!m_fill,w_280,h_210,f_jpg?from=ke.com
20230903,朝阳,健翔桥,101119995602,北四环健翔桥 1995年电梯房 精装修 户型方正,745万,73704元/平,低楼层 (共14层) | 1995年建 | 2室1厅 | 101.08平米 | 东 西,https://ke-image.ljcdn.com/110000-inspection/pc1_aC4WqXbhb_1.jpg!m_fill,w_280,h_210,f_jpg?from=ke.com
20230903,朝阳,健翔桥,101119968983,社科院东南向三居 管理好电梯直达 满五唯一随时签约,749万,75156元/平,中楼层 (共14层) | 1995年建 | 2室1厅 | 99.66平米 | 东 南 西,https://ke-image.ljcdn.com/110000-inspection/bcb7d721-2768-465d-9847-ab3f48550786_1000.jpg!m_fill,w_280,h_210,f_jpg?from=ke.com
20230903,朝阳,健翔桥,101119956772,健翔桥便宜2居 小区中间位置 安静 通透户型 产权清晰,435万,73817元/平,顶层 (共6层) | 1989年建 | 2室1厅 | 58.93平米 | 东南 西北,https://ke-image.ljcdn.com/110000-inspection/3fe9a114-b294-4993-921e-00ff11f4ada2_1000.jpg!m_fill,w_280,h_210,f_jpg?from=ke.com
20230903,朝阳,健翔桥,101119917529,南向全明3居 带12平阳台 西苑饭店单位分房 单独下水,783万,105144元/平,底层 (共18层) | 1993年建 | 3室1厅 | 74.47平米 | 南,https://ke-image.ljcdn.com/110000-inspection/pc1_rQE5b3yX5_1.jpg!m_fill,w_280,h_210,f_jpg?from=ke.com
20230903,朝阳,健翔桥,101119889773,电梯直达一居室精装修满五年1995年钢混结构,395万,89025元/平,低楼层 (共16层) | 1995年建 | 1室1厅 | 44.37平米 | 东,https://ke-image.ljcdn.com/110000-inspection/pc1_P3PsNUJzP_1.jpg!m_fill,w_280,h_210,f_jpg?from=ke.com
20230903,朝阳,健翔桥,101119888790,电梯双南向对外 高层视野开阔 全明格局 产权清晰房主自荐,572万,93404元/平,中楼层 (共18层) | 1992年建 | 2室1厅 | 61.24平米 | 东南 南,https://ke-image.ljcdn.com/110000-inspection/ab6782ce-bf1d-4d96-add3-b0eb1f3b1676_1000.jpg!m_fill,w_280,h_210,f_jpg?from=ke.com
20230903,朝阳,健翔桥,101119810911,华盛乐章高层观景满五年唯一精装修大两居室,659万,76619元/平,顶层 (共23层) | 2001年建 | 2室1厅 | 86.01平米 | 东南,https://ke-image.ljcdn.com/110000-inspection/pc1_xs4QOZdTP.jpg!m_fill,w_280,h_210,f_jpg?from=ke.com
20230903,朝阳,健翔桥,101119788680,安翔里独院管理少有南北三居室满五年一套精装修,535万,76407元/平,顶层 (共6层) | 1990年建 | 2室1厅 | 70.02平米 | 南 北,https://ke-image.ljcdn.com/110000-inspection/f7f6e4aa-3e26-43cf-bcd6-10e487acb5d5_1000.jpg!m_fill,w_280,h_210,f_jpg?from=ke.com
20230903,朝阳,健翔桥,101119774826,亚奥人家 高层南向电梯直达单独物业管理,700万,78981元/平,高楼层 (共22层) | 1999年建 | 2室1厅 | 88.63平米 | 西南,https://ke-image.ljcdn.com/110000-inspection/pc1_T8ByZVtbH.jpg!m_fill,w_280,h_210,f_jpg?from=ke.com
20230903,朝阳,健翔桥,101119774525,近三甲医院建筑盘古水立方奥森,1050万,67997元/平,中楼层 (共23层) | 2000年建 | 3室2厅 | 154.42平米 | 东南,https://ke-image.ljcdn.com/110000-inspection/pc1_PhYmjGA67.jpg!m_fill,w_280,h_210,f_jpg?from=ke.com
20230903,朝阳,健翔桥,101119763925,华严北里小区精装修两居室明厨明卫房主自荐,595万,90426元/平,中楼层 (共18层) | 1993年建 | 2室1厅 | 65.8平米 | 西北,https://ke-image.ljcdn.com/110000-inspection/pc1_vSAKdRRlY.jpg!m_fill,w_280,h_210,f_jpg?from=ke.com
20230903,朝阳,健翔桥,101119713408,华严北里小区 高楼层采光好 电梯南向两居室 明厨明卫,630万,90648元/平,高楼层 (共18层) | 1993年建 | 2室1厅 | 69.5平米 | 南 东,https://ke-image.ljcdn.com/110000-inspection/pc1_ABkh5Elcf.jpg!m_fill,w_280,h_210,f_jpg?from=ke.com
20230903,朝阳,健翔桥,101119710210,华严北里小区 东南两居室 少有户型 诚意出售 看房方便,535万,84226元/平,底层 (共6层) | 1989年建 | 2室1厅 | 63.52平米 | 东南,https://ke-image.ljcdn.com/110000-inspection/pc1_xNXEh7vkB_1.jpg!m_fill,w_280,h_210,f_jpg?from=ke.com
20230903,朝阳,健翔桥,101119704147,华严北里4号院 满5年 中间层 南北通透,530万,86334元/平,中楼层 (共6层) 2室1厅 | 61.39平米 | 南 北,https://ke-image.ljcdn.com/110000-inspection/pc1_lcHXVgsMB.jpg!m_fill,w_280,h_210,f_jpg?from=ke.com
20230903,朝阳,健翔桥,101119672573,鸟巢+水立方西侧安翔里小区精装南北通透全明格局,510万,78850元/平,中楼层 (共5层) | 1982年建 | 2室1厅 | 64.68平米 | 南 北,https://ke-image.ljcdn.com/110000-inspection/pc1_MQRjTUTyE_1.jpg!m_fill,w_280,h_210,f_jpg?from=ke.com
20230903,朝阳,健翔桥,101119670240,华严北里精装南向一居室  满五唯一  电梯直达,412万,86664元/平,低楼层 (共18层) | 1995年建 | 1室1厅 | 47.54平米 | 南,https://ke-image.ljcdn.com/110000-inspection/pc1_KtOWVow8j.jpg!m_fill,w_280,h_210,f_jpg?from=ke.com
20230903,朝阳,健翔桥,101119644254,满五年不临街  楼层好 采光好 格局好 客厅大,799万,100744元/平,中楼层 (共16层) | 1991年建 | 3室1厅 | 79.31平米 | 南 西 北,https://ke-image.ljcdn.com/110000-inspection/pc1_rYnB7ZA0u_1.jpg!m_fill,w_280,h_210,f_jpg?from=ke.com
20230903,朝阳,健翔桥,101119625124,华严里 双南两居 满五年唯一 采光好 低楼层  看房方便,475万,92001元/平,低楼层 (共6层) 2室1厅 | 51.63平米 | 南 北,https://ke-image.ljcdn.com/110000-inspection/pc1_sBQnqzsme.jpg!m_fill,w_280,h_210,f_jpg?from=ke.com
20230903,朝阳,健翔桥,101119617821,华严北里2号院 东西通透 有钥匙随时看房,505万,87811元/平,中楼层 (共11层) | 1994年建 | 2室1厅 | 57.51平米 | 东 西 北,https://ke-image.ljcdn.com/110000-inspection/pc1_TGZ6RGQnl.jpg!m_fill,w_280,h_210,f_jpg?from=ke.com
20230903,朝阳,健翔桥,101119605760,健翔桥四环里满五年唯一中间楼层全明三居室！,630万,71115元/平,中楼层 (共6层) 3室1厅 | 88.59平米 | 东 南 西,https://ke-image.ljcdn.com/110000-inspection/pc1_HcsgovzGV_1.jpg!m_fill,w_280,h_210,f_jpg?from=ke.com
20230903,朝阳,健翔桥,101119579556,华严北里小区    满五年唯一   中间层三居  南北通透房主自荐,655万,78340元/平,中楼层 (共6层) | 1989年建 | 3室1厅 | 83.61平米 | 南 北,https://ke-image.ljcdn.com/110000-inspection/pc1_CcnRuUBs2.jpg!m_fill,w_280,h_210,f_jpg?from=ke.com
20230903,朝阳,健翔桥,101119554251,华严北里中科院 南北通透 全明格局 方正户型  中间层,778万,102087元/平,中楼层 (共6层) | 1987年建 | 3室1厅 | 76.21平米 | 南 北,https://ke-image.ljcdn.com/110000-inspection/pc1_wS6nUvAfK.jpg!m_fill,w_280,h_210,f_jpg?from=ke.com
20230903,朝阳,健翔桥,101119551564,安翔南里独门独院南北通透交通方便,415万,73452元/平,高楼层 (共6层) | 1989年建 | 2室1厅 | 56.5平米 | 南 北,https://ke-image.ljcdn.com/110000-inspection/d50c3e5b-bf0f-415e-a224-b34e7ab7e4ad_1000.jpg!m_fill,w_280,h_210,f_jpg?from=ke.com
20230903,朝阳,健翔桥,101119535474,华严北里 95年钢混 电梯直达 精装拎包即住 朝南采光佳房主自荐,589万,88545元/平,中楼层 (共16层) | 1995年建 | 2室1厅 | 66.52平米 | 西南,https://ke-image.ljcdn.com/110000-inspection/pc1_7uBtoiU0k.jpg!m_fill,w_280,h_210,f_jpg?from=ke.com
20230903,朝阳,健翔桥,101119486196,华严北里中科院 2室1厅 南 北,656万,100046元/平,低楼层 (共12层) | 1994年建 | 2室1厅 | 65.57平米 | 南 北,https://ke-image.ljcdn.com/110000-inspection/aee05534-6b0e-4a74-aec7-5562ad7664ea_1000.jpg!m_fill,w_280,h_210,f_jpg?from=ke.com
20230903,朝阳,健翔桥,101119455568,华严里中层南北两居室户型好利用,520万,95677元/平,中楼层 (共6层) | 1981年建 | 2室1厅 | 54.35平米 | 南 北,https://ke-image.ljcdn.com/110000-inspection/9cbfdbc0-0ae8-45fe-b672-c6eaeecfbca8_1000.jpg!m_fill,w_280,h_210,f_jpg?from=ke.com
20230903,朝阳,健翔桥,101119420419,中石油干部管理学院住宅楼满五年唯一二居带客厅,621万,101339元/平,高楼层 (共18层) | 1992年建 | 2室1厅 | 61.28平米 | 东南,https://ke-image.ljcdn.com/110000-inspection/pc1_iEYq5NdTK.jpg!m_fill,w_280,h_210,f_jpg?from=ke.com
20230903,朝阳,健翔桥,101119417451,华严北里1号院没有遮挡正规三居室,990万,87930元/平,低楼层 (共14层) 3室1厅 | 112.59平米 | 东 西,https://ke-image.ljcdn.com/110000-inspection/pc1_gWfIwBF1T_1.jpg!m_fill,w_280,h_210,f_jpg?from=ke.com
20230903,朝阳,健翔桥,101119388740,华严北里电梯直达、全明格局、93年钢混、明厅带阳台,538万,86039元/平,高楼层 (共18层) | 1993年建 | 2室1厅 | 62.53平米 | 西南,https://ke-image.ljcdn.com/110000-inspection/pc1_iGibrYFBm.jpg!m_fill,w_280,h_210,f_jpg?from=ke.com
20230903,朝阳,健翔桥,101119378556,丝竹园小区南北把边三居室中间三层随时签约,539万,79359元/平,中楼层 (共6层) 3室1厅 | 67.92平米 | 东 南 北,https://ke-image.ljcdn.com/110000-inspection/pc1_KTP9QMHIA.jpg!m_fill,w_280,h_210,f_jpg?from=ke.com
20230903,朝阳,健翔桥,101119375557,安翔南里 全明格局三居室 中楼层,685万,89837元/平,中楼层 (共6层) | 1989年建 | 3室1厅 | 76.25平米 | 东 南 北,https://ke-image.ljcdn.com/110000-inspection/6a722803-de68-4a29-8680-5d1b9fd45ab0_1000.jpg!m_fill,w_280,h_210,f_jpg?from=ke.com
20230903,朝阳,健翔桥,101119367162,华亭嘉园不临街 户型方正三居 精装 三面朝南！,1690万,94966元/平,低楼层 (共32层) | 2000年建 | 3室2厅 | 177.96平米 | 西南,https://ke-image.ljcdn.com/110000-inspection/c1f6850f-6b37-4cd2-901e-56f4e2281a29_1000.jpg!m_fill,w_280,h_210,f_jpg?from=ke.com
20230903,朝阳,健翔桥,101119366114,丝竹园新上一居。业主诚意出售有钥匙看房方便,333万,74681元/平,中楼层 (共9层) | 1994年建 | 1室1厅 | 44.59平米 | 西,https://ke-image.ljcdn.com/110000-inspection/pc1_BpHvVvJLU.jpg!m_fill,w_280,h_210,f_jpg?from=ke.com
20230903,朝阳,健翔桥,101119346602,精装两居室 1994年 南北通透 中间大客厅 不临街,530万,82158元/平,底层 (共6层) | 1994年建 | 2室1厅 | 64.51平米 | 南 北,https://ke-image.ljcdn.com/110000-inspection/pc1_B1pdLxa0k_1.jpg!m_fill,w_280,h_210,f_jpg?from=ke.com
20230903,朝阳,健翔桥,101119345884,民族园9号院 2000年楼龄 近地铁 满五唯一央产 随时看,1040万,105756元/平,高楼层 (共6层) 3室1厅 | 98.34平米 | 南 北,https://ke-image.ljcdn.com/110000-inspection/pc1_Oti7jA0ej.jpg!m_fill,w_280,h_210,f_jpg?from=ke.com
20230903,朝阳,健翔桥,101119305327,华严北里2号院精装修2居室带一个车位,455万,87366元/平,低楼层 (共6层) | 1990年建 | 2室1厅 | 52.08平米 | 西南,https://ke-image.ljcdn.com/110000-inspection/pc1_tsOZrpdRM_1.jpg!m_fill,w_280,h_210,f_jpg?from=ke.com
20230903,朝阳,健翔桥,101119294080,北四环外国zhuanjia大厦满五V1带电梯大两居采光好房主自荐,860万,95175元/平,低楼层 (共28层) | 1999年建 | 2室1厅 | 90.36平米 | 西南 北,https://ke-image.ljcdn.com/110000-inspection/pc1_MMsb4w85s.jpg!m_fill,w_280,h_210,f_jpg?from=ke.com
20230903,朝阳,健翔桥,101119275490,华严里 南向 总价不高 两居室 诚意出售,423万,81930元/平,高楼层 (共6层) | 1990年建 | 2室1厅 | 51.63平米 | 东南,https://ke-image.ljcdn.com/110000-inspection/pc1_HfBkI3NHs_1.jpg!m_fill,w_280,h_210,f_jpg?from=ke.com
20230903,朝阳,健翔桥,101119240278,华严北里钢混 带电梯 方正格局 中间楼层 满五唯一,368万,81255元/平,中楼层 (共16层) | 1995年建 | 1室1厅 | 45.29平米 | 南,https://ke-image.ljcdn.com/110000-inspection/pc1_7EYWYdGPO_1.jpg!m_fill,w_280,h_210,f_jpg?from=ke.com
20230903,朝阳,健翔桥,101119230816,央产房社区 经典小两居 靠谱卖 中间层,450万,87159元/平,中楼层 (共6层) | 1985年建 | 2室1厅 | 51.63平米 | 南 北,https://ke-image.ljcdn.com/110000-inspection/07eedd07-0b72-443b-8eeb-a5ce85dfade6_1000.jpg!m_fill,w_280,h_210,f_jpg?from=ke.com
20230903,朝阳,健翔桥,101119170045,华严北里中科院 南北通透三居室  94年钢混结构 带电梯,830万,102255元/平,高楼层 (共12层) | 1994年建 | 3室1厅 | 81.17平米 | 南 北,https://ke-image.ljcdn.com/110000-inspection/pc1_Yi8Q1dby6.jpg!m_fill,w_280,h_210,f_jpg?from=ke.com
20230903,朝阳,健翔桥,101119128899,大学校园里  满五年唯一  田字格  全明格局 低楼层,675万,82894元/平,低楼层 (共6层) | 1987年建 | 3室1厅 | 81.43平米 | 南 北,https://ke-image.ljcdn.com/110000-inspection/pc1_ZyzmAlxVn.jpg!m_fill,w_280,h_210,f_jpg?from=ke.com
20230903,朝阳,健翔桥,101119098733,3层三居室东西通透满五唯一诚意出售,665万,81227元/平,中楼层 (共6层) | 1989年建 | 3室1厅 | 81.87平米 | 东 西,https://ke-image.ljcdn.com/110000-inspection/pc1_KFw8jd9IW.jpg!m_fill,w_280,h_210,f_jpg?from=ke.com
20230903,朝阳,健翔桥,101119098640,丝竹园  改造小区 94年钢混 低楼层 一居室,360万,73052元/平,底层 (共9层) | 1994年建 | 1室1厅 | 49.28平米 | 西,https://ke-image.ljcdn.com/110000-inspection/pc1_lBZ1v0Ig0_1.jpg!m_fill,w_280,h_210,f_jpg?from=ke.com
20230903,朝阳,健翔桥,101119072603,丝竹园1994年钢混边户三面采光不临街楼层低房主自荐,455万,83825元/平,低楼层 (共6层) | 1994年建 | 2室0厅 | 54.28平米 | 东南 北,https://ke-image.ljcdn.com/110000-inspection/b00852b0-f9dc-4cf7-ad7b-78028719057f_1000.jpg!m_fill,w_280,h_210,f_jpg?from=ke.com
20230903,朝阳,健翔桥,101119068611,北四环 首付450万入住鸟巢水立方西侧 环境好车位充足房主自荐,1082万,75349元/平,中楼层 (共22层) | 1999年建 | 3室2厅 | 143.6平米 | 东北,https://ke-image.ljcdn.com/110000-inspection/pc1_Vy3Xv5RUW.jpg!m_fill,w_280,h_210,f_jpg?from=ke.com
20230903,朝阳,健翔桥,101119045811,中科院单位分房央企自管电梯直达  采光无遮挡,610万,98150元/平,中楼层 (共16层) | 1988年建 | 2室1厅 | 62.15平米 | 南,https://ke-image.ljcdn.com/110000-inspection/pc1_AezqZbuKr.jpg!m_fill,w_280,h_210,f_jpg?from=ke.com
20230903,朝阳,健翔桥,101119043834,亚奥人家精装修东南大两居满五年唯一看房方便房主自荐,928万,76153元/平,中楼层 (共22层) 2室1厅 | 121.86平米 | 东南,https://ke-image.ljcdn.com/110000-inspection/pc1_OVFRHEV9d.jpg!m_fill,w_280,h_210,f_jpg?from=ke.com
20230903,朝阳,健翔桥,101119030191,华严北里46号院 2013年楼龄 南北通透 双卫 餐客分离房主自荐,1748万,107062元/平,中楼层 (共11层) 3室2厅 | 163.27平米 | 南 北,https://ke-image.ljcdn.com/110000-inspection/pc1_6CVSGhCPR_1.jpg!m_fill,w_280,h_210,f_jpg?from=ke.com
20230903,朝阳,健翔桥,101118981687,95年楼龄公积金贷款可满贷精装修电梯直达,370万,81787元/平,中楼层 (共16层) | 1995年建 | 1室1厅 | 45.24平米 | 东,https://ke-image.ljcdn.com/110000-inspection/pc1_lnS2iq5t7.jpg!m_fill,w_280,h_210,f_jpg?from=ke.com
20230903,朝阳,健翔桥,101118969890,华严里电梯直达两梯八户小区环境好,777万,98906元/平,低楼层 (共16层) | 1992年建 | 3室1厅 | 78.56平米 | 东南 南,https://ke-image.ljcdn.com/110000-inspection/pc1_IJMVw8AUu_1.jpg!m_fill,w_280,h_210,f_jpg?from=ke.com
20230903,朝阳,健翔桥,101118963909,丝竹园小区不临街1994年钢混中间层,439万,79602元/平,中楼层 (共6层) | 1994年建 | 2室1厅 | 55.15平米 | 南,https://ke-image.ljcdn.com/110000-inspection/4599367d-f6c3-4797-bfe3-0a9c76d67849_1000.jpg!m_fill,w_280,h_210,f_jpg?from=ke.com
20230903,朝阳,健翔桥,101118956401,红冶钢厂单位分房+鸟巢水立方西600米+宜老人一层两居,449万,73813元/平,底层 (共6层) | 1992年建 | 2室1厅 | 60.83平米 | 南 北,https://ke-image.ljcdn.com/110000-inspection/pc1_d5TNtsTDq.jpg!m_fill,w_280,h_210,f_jpg?from=ke.com
20230903,朝阳,健翔桥,101118941971,安翔里小区 把边三居室 成本价 中间楼层 随时签约,460万,82320元/平,中楼层 (共5层) | 1979年建 | 3室1厅 | 55.88平米 | 南 北,https://ke-image.ljcdn.com/110000-inspection/pc1_zMsMZrArm.jpg!m_fill,w_280,h_210,f_jpg?from=ke.com
20230903,朝阳,健翔桥,101118920440,安翔南里 南北通透 有钥匙随时看房 随时签约房主自荐,398万,79936元/平,中楼层 (共5层) | 1976年建 | 2室1厅 | 49.79平米 | 南 北,https://ke-image.ljcdn.com/110000-inspection/2a2d09d5-585e-4e6e-9701-29eda0a5d307_1000.jpg!m_fill,w_280,h_210,f_jpg?from=ke.com
20230903,朝阳,健翔桥,101118915645,健翔桥丝竹园满五年正南向中间楼层温馨一居！,315万,78067元/平,中楼层 (共6层) | 1994年建 | 1室1厅 | 40.35平米 | 南,https://ke-image.ljcdn.com/110000-inspection/b84a4b1b-f9b5-4bd2-8731-f80f7abdc34b_1000.jpg!m_fill,w_280,h_210,f_jpg?from=ke.com
20230903,朝阳,健翔桥,101118915350,94年钢混采光好不临街。双卧朝南,426万,77244元/平,高楼层 (共6层) | 1994年建 | 2室1厅 | 55.15平米 | 南,https://ke-image.ljcdn.com/110000-inspection/pc1_TWM6YU9Vu.jpg!m_fill,w_280,h_210,f_jpg?from=ke.com
20230903,朝阳,健翔桥,101118895555,鸟巢西侧 音乐学院教师宿舍 2001年 两梯六户 精装修房主自荐,1230万,81393元/平,高楼层 (共20层) | 2001年建 | 3室2厅 | 151.12平米 | 东南,https://ke-image.ljcdn.com/110000-inspection/pc1_6CAznafba.jpg!m_fill,w_280,h_210,f_jpg?from=ke.com
20230903,朝阳,健翔桥,101118891918,华严北里小区 2室1厅 南 北房主自荐,565万,85464元/平,底层 (共6层) | 2000年建 | 2室1厅 | 66.11平米 | 南 北,https://ke-image.ljcdn.com/110000-inspection/pc1_VFkBOcfhF.jpg!m_fill,w_280,h_210,f_jpg?from=ke.com
20230903,朝阳,健翔桥,101118888020,华严北里小区 全明格局 满五年商品房 诚意出售,458万,89664元/平,中楼层 (共18层) | 1992年建 | 2室1厅 | 51.08平米 | 东,https://ke-image.ljcdn.com/110000-inspection/6466aa45-3c9b-4636-b395-f28f50b65e4d_1000.jpg!m_fill,w_280,h_210,f_jpg?from=ke.com
20230903,朝阳,健翔桥,101118859722,华严北里小区全明格局采光无遮挡,600万,89260元/平,中楼层 (共18层) | 1993年建 | 2室1厅 | 67.22平米 | 东 北,https://ke-image.ljcdn.com/110000-inspection/pc1_5QsTDlDeL.jpg!m_fill,w_280,h_210,f_jpg?from=ke.com
20230903,朝阳,健翔桥,101118843921,华严北里3号院 供电局宿舍 双南两居室 满五年唯一,450万,83784元/平,高楼层 (共6层) | 1986年建 | 2室1厅 | 53.71平米 | 东 南,https://ke-image.ljcdn.com/110000-inspection/pc1_MsdQuVRJV_1.jpg!m_fill,w_280,h_210,f_jpg?from=ke.com
20230903,朝阳,健翔桥,101118831975,经典一居 地震局央产房社区 户型少有,385万,90910元/平,中楼层 (共6层) | 1981年建 | 1室1厅 | 42.35平米 | 南,https://ke-image.ljcdn.com/110000-inspection/pc1_g2PD2xc10.jpg!m_fill,w_280,h_210,f_jpg?from=ke.com
20230903,朝阳,健翔桥,101118800662,华严北里小区 户型南北通透明厨明卫装修好。房主自荐,535万,88066元/平,中楼层 (共6层) | 1989年建 | 2室1厅 | 60.75平米 | 南 北,https://ke-image.ljcdn.com/110000-inspection/pc1_oUwg8RQkY.jpg!m_fill,w_280,h_210,f_jpg?from=ke.com
20230903,朝阳,健翔桥,101118785940,里边楼座安静南北通透全明格局户型方正精装修,535万,87148元/平,顶层 (共6层) 2室1厅 | 61.39平米 | 南 北,https://ke-image.ljcdn.com/110000-inspection/pc1_U9XKXczKP.jpg!m_fill,w_280,h_210,f_jpg?from=ke.com
20230903,朝阳,健翔桥,101118763363,华亭嘉园精装修三居室落地窗景观好房主自荐,1490万,79109元/平,低楼层 (共32层) | 2000年建 | 3室2厅 | 188.35平米 | 西南 北,https://ke-image.ljcdn.com/110000-inspection/4f3b8768-366c-4164-8e99-df949760daed_1000.jpg!m_fill,w_280,h_210,f_jpg?from=ke.com
20230903,朝阳,健翔桥,101118757067,华严北里小区满五年唯一20平米大客厅可以签约,588万,87959元/平,高楼层 (共18层) | 1994年建 | 2室1厅 | 66.85平米 | 西南 北,https://ke-image.ljcdn.com/110000-inspection/pc1_gzKE7zdH2.jpg!m_fill,w_280,h_210,f_jpg?from=ke.com
20230903,朝阳,健翔桥,101118723793,华严北里小区   满五年唯一   精装修,429万,90622元/平,高楼层 (共18层) | 1995年建 | 1室1厅 | 47.34平米 | 南,https://ke-image.ljcdn.com/110000-inspection/pc1_urMnHgFbW.jpg!m_fill,w_280,h_210,f_jpg?from=ke.com
20230903,朝阳,健翔桥,101118713593,东南向两居室大客厅视野采光好电梯直达,575万,92907元/平,中楼层 (共18层) | 1993年建 | 2室1厅 | 61.89平米 | 东南,https://ke-image.ljcdn.com/110000-inspection/pc1_F73eIL0RG.jpg!m_fill,w_280,h_210,f_jpg?from=ke.com
20230903,朝阳,健翔桥,101118696419,丝竹园 文化部 干部楼 南北双通透 三年不出一套,699万,82081元/平,高楼层 (共6层) 3室1厅 | 85.16平米 | 南 北,https://ke-image.ljcdn.com/110000-inspection/pc1_ByNFUCyD3.jpg!m_fill,w_280,h_210,f_jpg?from=ke.com
20230903,朝阳,健翔桥,101118667474,阳光北向方方正正可拎包入住满五年唯一,666万,79713元/平,低楼层 (共12层) | 2004年建 | 2室1厅 | 83.55平米 | 北,https://ke-image.ljcdn.com/110000-inspection/57777bd0-f655-4e07-8d69-e4ce8cdaa5e1_1000.jpg!m_fill,w_280,h_210,f_jpg?from=ke.com
20230903,朝阳,健翔桥,101118661018,56.32平米大一居功能性强居住舒适看房方便,375万,66584元/平,高楼层 (共6层) 1室1厅 | 56.32平米 | 西南,https://ke-image.ljcdn.com/110000-inspection/pc1_jFQQNaFdK.jpg!m_fill,w_280,h_210,f_jpg?from=ke.com
20230903,朝阳,健翔桥,101118659337,丝竹园一室带客厅  全南向 不临街无遮挡 满五唯一,379万,78582元/平,中楼层 (共6层) 2室1厅 | 48.23平米 | 南,https://ke-image.ljcdn.com/110000-inspection/pc1_V4XYtGrfn.jpg!m_fill,w_280,h_210,f_jpg?from=ke.com
20230903,朝阳,健翔桥,101118652902,华严北里 精装两居室   通透户型  明厨明卫,488万,74733元/平,顶层 (共6层) | 1989年建 | 2室1厅 | 65.3平米 | 南 北 东,https://ke-image.ljcdn.com/110000-inspection/pc1_HSbRiNpkC.jpg!m_fill,w_280,h_210,f_jpg?from=ke.com
20230903,朝阳,健翔桥,101118645063,华严北里 有电梯直达 客厅有阳台 不临街 无遮挡,560万,89558元/平,低楼层 (共18层) | 1993年建 | 2室1厅 | 62.53平米 | 西南,https://ke-image.ljcdn.com/110000-inspection/pc1_9fewT8BFY.jpg!m_fill,w_280,h_210,f_jpg?from=ke.com
20230903,朝阳,健翔桥,101118632102,华严北里西南全明2居 电梯直达 采光视野开阔,680万,96073元/平,中楼层 (共18层) | 1993年建 | 2室1厅 | 70.78平米 | 西南,https://ke-image.ljcdn.com/110000-inspection/pc1_SH0eiic1k.jpg!m_fill,w_280,h_210,f_jpg?from=ke.com
20230903,朝阳,健翔桥,101118626319,华严北里院中院 西南向 全明格局 满五唯一 诚意卖,420万,75202元/平,底层 (共6层) | 1991年建 | 1室1厅 | 55.85平米 | 西南,https://ke-image.ljcdn.com/110000-inspection/pc1_6TrxP4ofT.jpg!m_fill,w_280,h_210,f_jpg?from=ke.com
20230903,朝阳,健翔桥,101118623599,印刷厂宿舍 满五年 高楼层 采光视野棒 南北通透,685万,94994元/平,顶层 (共6层) | 1983年建 | 3室1厅 | 72.11平米 | 南 北,https://ke-image.ljcdn.com/110000-inspection/pc1_mxchpwcMw_1.jpg!m_fill,w_280,h_210,f_jpg?from=ke.com
20230903,朝阳,健翔桥,101118616157,房子满五年且唯一带电梯有大客厅正规两居,605万,90434元/平,低楼层 (共18层) | 1995年建 | 2室1厅 | 66.9平米 | 西南,https://ke-image.ljcdn.com/110000-inspection/pc1_NgmgJYIXg.jpg!m_fill,w_280,h_210,f_jpg?from=ke.com
20230903,朝阳,健翔桥,101118594086,华严北里中科院新上二层南北双阳台大三居看房方便,870万,103819元/平,低楼层 (共6层) | 1987年建 | 3室1厅 | 83.8平米 | 南 北,https://ke-image.ljcdn.com/110000-inspection/pc1_h78DK0l9D.jpg!m_fill,w_280,h_210,f_jpg?from=ke.com
20230903,朝阳,健翔桥,101118574031,社科院高楼层两居室满五唯一采光通风好电梯直达,770万,76178元/平,顶层 (共14层) 3室1厅 | 101.08平米 | 东 西,https://ke-image.ljcdn.com/110000-inspection/pc1_QRwnPTgsr.jpg!m_fill,w_280,h_210,f_jpg?from=ke.com
20230903,朝阳,健翔桥,101118513592,华严北里 全明格局 13平客厅有窗户 楼道已铺地砖房主自荐,678万,73022元/平,高楼层 (共18层) | 1993年建 | 3室1厅 | 92.85平米 | 东南 北,https://ke-image.ljcdn.com/110000-inspection/pc1_bfllWT3fu.jpg!m_fill,w_280,h_210,f_jpg?from=ke.com
20230903,朝阳,健翔桥,101118504532,华严里正规一居室层高3.16米业主诚意出售随时签约,270万,83052元/平,底层 (共6层) 1室1厅 | 32.51平米 | 东,https://ke-image.ljcdn.com/110000-inspection/pc1_EZWyc4xp6_1.jpg!m_fill,w_280,h_210,f_jpg?from=ke.com
20230903,朝阳,健翔桥,101118481870,单价6.6万小区内不临街精装修东南向满五唯一房主自荐,318万,66835元/平,高楼层 (共6层) | 1992年建 | 1室1厅 | 47.58平米 | 东南,https://ke-image.ljcdn.com/110000-inspection/pc1_OxY7kuu3k.jpg!m_fill,w_280,h_210,f_jpg?from=ke.com
20230903,朝阳,健翔桥,101118475314,华严北里 全明格局 新风系统精装大2居 满五年唯一房主自荐,770万,84662元/平,中楼层 (共11层) | 1993年建 | 2室1厅 | 90.95平米 | 东 西,https://ke-image.ljcdn.com/110000-inspection/pc1_rnFLefYQF_1.jpg!m_fill,w_280,h_210,f_jpg?from=ke.com
20230903,朝阳,健翔桥,101118464663,华严北里小区中间楼层把边户型南北通透,880万,101888元/平,中楼层 (共6层) | 1991年建 | 3室1厅 | 86.37平米 | 南 北,https://ke-image.ljcdn.com/110000-inspection/pc1_OELxKvSyN.jpg!m_fill,w_280,h_210,f_jpg?from=ke.com
20230903,朝阳,健翔桥,101118449612,华严北里2号院近地铁干净卫生,449万,89944元/平,顶层 (共5层) | 1981年建 | 2室1厅 | 49.92平米 | 南,https://ke-image.ljcdn.com/110000-inspection/pc1_tk4VFkGkX.jpg!m_fill,w_280,h_210,f_jpg?from=ke.com
20230903,朝阳,健翔桥,101118447032,安翔里小区  南北通透 正规客厅 楼龄新,500万,79771元/平,高楼层 (共6层) | 1992年建 | 2室1厅 | 62.68平米 | 南 北,https://ke-image.ljcdn.com/110000-inspection/pc1_BFTyaHK3v.jpg!m_fill,w_280,h_210,f_jpg?from=ke.com
20230903,朝阳,健翔桥,101118446198,中石油单位分房 华严北里 满五唯一 安静南北通透 自管,1100万,99647元/平,中楼层 (共6层) | 1995年建 | 3室1厅 | 110.39平米 | 南 北,https://ke-image.ljcdn.com/110000-inspection/7979805f-d776-44a6-b22f-752c1e7a88cb_1000.jpg!m_fill,w_280,h_210,f_jpg?from=ke.com
20230903,朝阳,健翔桥,101118401996,健翔桥 电梯三居室 小区管理好 精装修拎包入住,870万,73036元/平,中楼层 (共14层) | 1995年建 | 3室1厅 | 119.12平米 | 东 西,https://ke-image.ljcdn.com/110000-inspection/5b6ed8b8-dbf8-426b-8cef-01fd5e20eb76_1000.jpg!m_fill,w_280,h_210,f_jpg?from=ke.com
20230903,朝阳,健翔桥,101118394633,田字格三居  南北四个阳台  居家精装修拎包即住,930万,101022元/平,高楼层 (共6层) | 1995年建 | 3室1厅 | 92.06平米 | 南 北,https://ke-image.ljcdn.com/110000-inspection/70b131b7-67b5-49fe-bf42-6b7a166ae047_1000.jpg!m_fill,w_280,h_210,f_jpg?from=ke.com
20230903,朝阳,健翔桥,101118379577,华盛乐章 落地飘窗 满五年唯一 鸟巢水立方一路之隔房主自荐,1090万,70587元/平,高楼层 (共23层) | 2000年建 | 3室2厅 | 154.42平米 | 西南,https://ke-image.ljcdn.com/110000-inspection/pc1_fB8WY3sFK.jpg!m_fill,w_280,h_210,f_jpg?from=ke.com
20230903,朝阳,健翔桥,101118378441,安翔里一层老人方便+楼龄新南北通透+维护人单线联系,599万,80349元/平,底层 (共6层) | 1997年建 | 2室1厅 | 74.55平米 | 南 北,https://ke-image.ljcdn.com/110000-inspection/pc1_JuE868yBQ.jpg!m_fill,w_280,h_210,f_jpg?from=ke.com
20230903,朝阳,健翔桥,101118378179,丝竹园小区 南向带电梯 采光好视野开阔,430万,74113元/平,中楼层 (共16层) | 1987年建 | 1室1厅 | 58.02平米 | 南,https://ke-image.ljcdn.com/110000-inspection/pc1_eYFUXpOL7.jpg!m_fill,w_280,h_210,f_jpg?from=ke.com
20230903,朝阳,健翔桥,101118375606,丝竹园 两居室 有电梯 94年钢混  满五年分房,450万,71531元/平,低楼层 (共16层) | 1984年建 | 2室1厅 | 62.91平米 | 东 北,https://ke-image.ljcdn.com/110000-inspection/pc1_cTkooTCWT.jpg!m_fill,w_280,h_210,f_jpg?from=ke.com
20230903,朝阳,健翔桥,101118349340,华严北里小区 满五唯一 首付120万正规一居室,325万,68523元/平,高楼层 (共6层) | 1992年建 | 1室1厅 | 47.43平米 | 东南,https://ke-image.ljcdn.com/110000-inspection/pc1_vxoPVxIAF.jpg!m_fill,w_280,h_210,f_jpg?from=ke.com
20230903,朝阳,健翔桥,101118269910,亚奥人家 1999年钢混结构 高层电梯直达 满五年可贷款,695万,75841元/平,中楼层 (共22层) 2室1厅 | 91.64平米 | 西北,https://ke-image.ljcdn.com/110000-inspection/pc1_SbHMC705D.jpg!m_fill,w_280,h_210,f_jpg?from=ke.com
20230903,朝阳,健翔桥,101118237172,安翔里西院  南北通透 安静不临街单独物业及管理,500万,87735元/平,中楼层 (共6层) | 1990年建 | 2室1厅 | 56.99平米 | 南 北,https://ke-image.ljcdn.com/110000-inspection/d7ad5834-855a-4c39-b47d-8b69a32308ab_1000.jpg!m_fill,w_280,h_210,f_jpg?from=ke.com
20230903,朝阳,健翔桥,101118229195,国家地震局住宅楼保障处管理满五年唯一全明,505万,83541元/平,高楼层 (共6层) 2室1厅 | 60.45平米 | 南,https://ke-image.ljcdn.com/110000-inspection/pc1_amZViyPUP.jpg!m_fill,w_280,h_210,f_jpg?from=ke.com
20230903,朝阳,健翔桥,101118198398,中科院局长楼中间层三居室满五年央产不临街,782万,102558元/平,中楼层 (共6层) | 1988年建 | 3室1厅 | 76.25平米 | 南 北,https://ke-image.ljcdn.com/110000-inspection/037a8222-10f8-4cb9-a1a2-f51895433189_1000.jpg!m_fill,w_280,h_210,f_jpg?from=ke.com
20230903,朝阳,健翔桥,101118163781,安翔里南北带客厅 院中间 采光通风好 楼间距宽,486万,75338元/平,顶层 (共6层) | 1994年建 | 2室1厅 | 64.51平米 | 南 北,https://ke-image.ljcdn.com/110000-inspection/pc1_8Iuh4DIlc.jpg!m_fill,w_280,h_210,f_jpg?from=ke.com
20230903,朝阳,健翔桥,101118147677,华严北里1号院新楼精装修可拎包入住价格可商量房主自荐,1470万,98361元/平,底层 (共14层) 3室1厅 | 149.45平米 | 东 西,https://ke-image.ljcdn.com/110000-inspection/9dcaf3d7-305a-4150-89c8-6cacf04d981a_1000.jpg!m_fill,w_280,h_210,f_jpg?from=ke.com
20230903,朝阳,健翔桥,101118143692,安翔里小区 格局方正客厅可放沙发电视 低楼层出入方便,460万,79297元/平,低楼层 (共6层) | 1992年建 | 2室1厅 | 58.01平米 | 东 西,https://ke-image.ljcdn.com/110000-inspection/pc1_i3Rn99Y53.jpg!m_fill,w_280,h_210,f_jpg?from=ke.com
20230903,朝阳,健翔桥,101118137485,满五年唯一楼层好电梯直达无遮挡,530万,75628元/平,中楼层 (共16层) | 1984年建 | 2室1厅 | 70.08平米 | 南,https://ke-image.ljcdn.com/110000-inspection/4c215f13-3201-44ba-bb0d-2240798618d2_1000.jpg!m_fill,w_280,h_210,f_jpg?from=ke.com
20230903,朝阳,健翔桥,101118130772,北四环健翔桥 安翔南里 中间层 明厨明卫 价格可商量房主自荐,388万,82889元/平,中楼层 (共6层) | 1987年建 | 1室1厅 | 46.81平米 | 南 北,https://ke-image.ljcdn.com/110000-inspection/pc1_RQF4phV9E.jpg!m_fill,w_280,h_210,f_jpg?from=ke.com
20230903,朝阳,健翔桥,101118123439,高层东向99年建成电梯房单独物业管理~房主自荐,1020万,65440元/平,高楼层 (共22层) | 1999年建 | 3室2厅 | 155.87平米 | 东北,https://ke-image.ljcdn.com/110000-inspection/pc1_uMsj4IxeU.jpg!m_fill,w_280,h_210,f_jpg?from=ke.com
20230903,朝阳,健翔桥,101118106757,四环里 1202工厂家属楼 正规一居室 社区管理好,338万,77258元/平,高楼层 (共6层) | 1986年建 | 1室1厅 | 43.75平米 | 南,https://ke-image.ljcdn.com/110000-inspection/b7ed58d4-8c62-42cc-8dc6-947ee350b623_1000.jpg!m_fill,w_280,h_210,f_jpg?from=ke.com
20230903,朝阳,健翔桥,101118084686,步行地铁330米双东向无遮挡 高楼层价格可商量,425万,83976元/平,顶层 (共6层) | 1979年建 | 2室1厅 | 50.61平米 | 东,https://ke-image.ljcdn.com/110000-inspection/pc1_SWdj3UzTZ.jpg!m_fill,w_280,h_210,f_jpg?from=ke.com
20230903,朝阳,健翔桥,101118060262,华严北里 满五年唯一 视野开阔 采光充足随时签约,425万,71925元/平,顶层 (共6层) | 1989年建 | 2室1厅 | 59.09平米 | 东南 西北,https://ke-image.ljcdn.com/110000-inspection/060aae53-63f8-451c-8e96-7dcf83b7ac5a_1000.jpg!m_fill,w_280,h_210,f_jpg?from=ke.com
20230903,朝阳,健翔桥,101118047677,全明格局 双东小两居 业主随时签 经典户型房主自荐,466万,91194元/平,中楼层 (共18层) | 1994年建 | 2室0厅 | 51.1平米 | 东,https://ke-image.ljcdn.com/110000-inspection/575cecc2-7d66-46c3-a9e1-df6ffebcbe9a_1000.jpg!m_fill,w_280,h_210,f_jpg?from=ke.com
20230903,朝阳,健翔桥,101118041208,华严北里4号院   满五年     南北通透  不临街,530万,86334元/平,高楼层 (共6层) 2室1厅 | 61.39平米 | 南 北,https://ke-image.ljcdn.com/110000-inspection/3e11819d-89a0-4371-89fe-7e910da7544f_1000.jpg!m_fill,w_280,h_210,f_jpg?from=ke.com
20230903,朝阳,健翔桥,101118026976,中科院单位分房华严里小区南北通透两居室,408万,88504元/平,顶层 (共4层) 2室1厅 | 46.1平米 | 南 北,https://ke-image.ljcdn.com/110000-inspection/pc1_gkaKic7mR.jpg!m_fill,w_280,h_210,f_jpg?from=ke.com
20230903,朝阳,健翔桥,101118013822,华严北里1号院明厨明卫南向一居室板楼有电梯房主自荐,410万,98228元/平,中楼层 (共6层) 1室1厅 | 41.74平米 | 南,https://ke-image.ljcdn.com/110000-inspection/6ddbf98c-0667-4494-85f6-d7872a15b81c_1000.jpg!m_fill,w_280,h_210,f_jpg?from=ke.com
20230903,朝阳,健翔桥,101117997057,华严北里小区     低楼层  东向 无遮挡,339万,78075元/平,底层 (共6层) | 1991年建 | 1室1厅 | 43.42平米 | 东,https://ke-image.ljcdn.com/110000-inspection/pc1_va6cjA5BR.jpg!m_fill,w_280,h_210,f_jpg?from=ke.com
20230903,朝阳,健翔桥,101117972731,华严北里中科院一居中间楼层南向业主诚意出售,438万,98075元/平,中楼层 (共6层) | 1987年建 | 1室1厅 | 44.66平米 | 南,https://ke-image.ljcdn.com/110000-inspection/9b05c709-42a6-438c-9760-c670c9c03fda_1000.jpg!m_fill,w_280,h_210,f_jpg?from=ke.com
20230903,朝阳,健翔桥,101117903238,华严北里9号院   满五年唯一   1993年 楼龄  带电梯,930万,94054元/平,中楼层 (共11层) | 1993年建 | 3室1厅 | 98.88平米 | 南 北,https://ke-image.ljcdn.com/110000-inspection/pc1_xUbqDCHZL.jpg!m_fill,w_280,h_210,f_jpg?from=ke.com
20230903,朝阳,健翔桥,101117864300,华严北里4号院南北通透经典户型两居,480万,75854元/平,顶层 (共6层) | 1982年建 | 2室1厅 | 63.28平米 | 南 北,https://ke-image.ljcdn.com/110000-inspection/pc1_nLB5tz6En_1.jpg!m_fill,w_280,h_210,f_jpg?from=ke.com
20230903,朝阳,健翔桥,101117854013,华严里 双南向精装修小两居 全天采光 近地铁健德门站,450万,88916元/平,高楼层 (共6层) | 1979年建 | 2室1厅 | 50.61平米 | 南,https://ke-image.ljcdn.com/110000-inspection/03492201-be30-4344-9735-ac27794a9766_1000.jpg!m_fill,w_280,h_210,f_jpg?from=ke.com
20230903,朝阳,健翔桥,101117812545,97年楼龄积水潭福利房采光好视野开阔,726万,87682元/平,顶层 (共6层) | 1997年建 | 2室1厅 | 82.8平米 | 南 北,https://ke-image.ljcdn.com/110000-inspection/33b00703-ca75-476c-812c-75f7653eda6f_1000.jpg!m_fill,w_280,h_210,f_jpg?from=ke.com
20230903,朝阳,健翔桥,101117811445,五年唯一 临近鸟巢水立方 南北通透 精装两居,385万,86420元/平,顶层 (共6层) 2室1厅 | 44.55平米 | 南 北,https://ke-image.ljcdn.com/110000-inspection/9ff6e923-0b8c-425a-bc60-7496daf350e7_1000.jpg!m_fill,w_280,h_210,f_jpg?from=ke.com
20230903,朝阳,健翔桥,101117807879,华严里2号院 东西通透两居室 临近地铁 配套齐全,463万,70893元/平,顶层 (共6层) | 1992年建 | 2室1厅 | 65.31平米 | 西 东,https://ke-image.ljcdn.com/110000-inspection/pc1_ptmC1uBeA.jpg!m_fill,w_280,h_210,f_jpg?from=ke.com
20230903,朝阳,健翔桥,101117786387,华严里南北通透270度采光单独管理带车位使用面积大,470万,97309元/平,底层 (共5层) | 1976年建 | 2室1厅 | 48.3平米 | 东南 北,https://ke-image.ljcdn.com/110000-inspection/pc1_BVgxw51dx.jpg!m_fill,w_280,h_210,f_jpg?from=ke.com
20230903,朝阳,健翔桥,101117781028,安翔里小区南北通透满五唯一紧挨鸟巢水立方,436万,70482元/平,顶层 (共6层) 2室1厅 | 61.86平米 | 南 北,https://ke-image.ljcdn.com/110000-inspection/pc1_2dmcGDX3Y_1.jpg!m_fill,w_280,h_210,f_jpg?from=ke.com
20230903,朝阳,健翔桥,101117767468,华严北里小区 西南向 大两居 精装修 诚意出售,566万,87562元/平,低楼层 (共18层) | 1993年建 | 2室1厅 | 64.64平米 | 西南,https://ke-image.ljcdn.com/110000-inspection/pc1_0hNvIgzsY.jpg!m_fill,w_280,h_210,f_jpg?from=ke.com
20230903,朝阳,健翔桥,101117747897,华严里地震局 南北通透三居室  不临街 近地铁 有车位,498万,85260元/平,顶层 (共5层) | 1979年建 | 3室1厅 | 58.41平米 | 南 北,https://ke-image.ljcdn.com/110000-inspection/pc1_XujXxDycS.jpg!m_fill,w_280,h_210,f_jpg?from=ke.com
20230903,朝阳,健翔桥,101117737360,婚房2居 产权清晰 临中轴路 出行方便房主自荐,512万,82302元/平,高楼层 (共6层) | 1990年建 | 2室1厅 | 62.21平米 | 东 西,https://ke-image.ljcdn.com/110000-inspection/afd48d3b-619f-4c10-bc25-a80580b27f02_1000.jpg!m_fill,w_280,h_210,f_jpg?from=ke.com
20230903,朝阳,健翔桥,101117680025,华严北里带电梯优质的一套一居室靠谱签约,395万,87216元/平,中楼层 (共16层) | 1995年建 | 1室1厅 | 45.29平米 | 南,https://ke-image.ljcdn.com/110000-inspection/219b08b9-4982-4109-aca3-582c96401baa_1000.jpg!m_fill,w_280,h_210,f_jpg?from=ke.com
20230903,朝阳,健翔桥,101117615770,四环内 居家装修 满五年央产房 明厨明卫 改善随时签约,668万,89665元/平,中楼层 (共5层) | 1989年建 | 3室1厅 | 74.5平米 | 南 北 东,https://ke-image.ljcdn.com/110000-inspection/e96acef8-e595-4857-a6ba-4aa373d17435_1000.jpg!m_fill,w_280,h_210,f_jpg?from=ke.com
20230903,朝阳,健翔桥,101117548848,单价6万 小区地板价 北四环健翔桥 55.85平米 全明格局房主自荐,345万,61773元/平,顶层 (共6层) | 1991年建 | 1室1厅 | 55.85平米 | 西南,https://ke-image.ljcdn.com/110000-inspection/pc1_G63FkE8V6.jpg!m_fill,w_280,h_210,f_jpg?from=ke.com
20230903,朝阳,健翔桥,101117517338,华严北里小区 东南向一居室 满两年商品房 诚意出售房主自荐,316万,66625元/平,顶层 (共6层) | 1992年建 | 1室1厅 | 47.43平米 | 东南,https://ke-image.ljcdn.com/110000-inspection/11d3a792-be3a-433b-a0f8-99156eb9d564_1000.jpg!m_fill,w_280,h_210,f_jpg?from=ke.com
20230903,朝阳,健翔桥,101117484182,华严里 地震局家属院 双南向两居室 满五年唯一央产房,439万,86062元/平,顶层 (共5层) | 1979年建 | 2室1厅 | 51.01平米 | 南,https://ke-image.ljcdn.com/110000-inspection/pc1_mmeNpUQ9y.jpg!m_fill,w_280,h_210,f_jpg?from=ke.com
20230903,朝阳,健翔桥,101117462651,改造 满五年 全明南向 采光好 靠谱卖,415万,92800元/平,高楼层 (共6层) | 1988年建 | 1室1厅 | 44.72平米 | 南,https://ke-image.ljcdn.com/110000-inspection/pc1_r0DL2l78n.jpg!m_fill,w_280,h_210,f_jpg?from=ke.com
20230903,朝阳,健翔桥,101117456352,本房满五年西侧眺望香山。视野开阔 近三甲医院房主自荐,1020万,66054元/平,中楼层 (共23层) | 2000年建 | 3室2厅 | 154.42平米 | 西南,https://ke-image.ljcdn.com/110000-inspection/pc1_vqayrpEEk.jpg!m_fill,w_280,h_210,f_jpg?from=ke.com
20230903,朝阳,健翔桥,101117429009,丝竹园小区 全明格局 采光好 无遮挡,366万,81461元/平,中楼层 (共6层) | 1986年建 | 1室1厅 | 44.93平米 | 南,https://ke-image.ljcdn.com/110000-inspection/pc1_nqdHb8Efb_1.jpg!m_fill,w_280,h_210,f_jpg?from=ke.com
20230903,朝阳,健翔桥,101117373782,华严里地震局小区南北向通透全明格局358万两居,356万,73707元/平,顶层 (共5层) | 1976年建 | 2室1厅 | 48.3平米 | 南 北,https://ke-image.ljcdn.com/110000-inspection/5d0f1053-1d09-4d37-b6c5-325db9cccdb0_1000.jpg!m_fill,w_280,h_210,f_jpg?from=ke.com
20230903,朝阳,健翔桥,101117294694,华亭嘉园 东南向 三居 精装修 诚意卖,1238万,78147元/平,底层 (共32层) | 2000年建 | 3室2厅 | 158.42平米 | 东南,https://ke-image.ljcdn.com/110000-inspection/a87e7bae-308b-4811-8f3b-a8714a473932_1000.jpg!m_fill,w_280,h_210,f_jpg?from=ke.com
20230903,朝阳,健翔桥,101117290969,自住精装修+高层+满五年+双卫设计+100米三甲医院,958万,74230元/平,高楼层 (共23层) | 2001年建 | 3室2厅 | 129.06平米 | 东,https://ke-image.ljcdn.com/110000-inspection/pc1_lkK6u7xfk.jpg!m_fill,w_280,h_210,f_jpg?from=ke.com
20230903,朝阳,健翔桥,101117268170,音乐学院教师宿舍+电梯直达+精装修,1115万,86048元/平,低楼层 (共20层) | 2001年建 | 2室2厅 | 129.58平米 | 东北,https://ke-image.ljcdn.com/110000-inspection/cfbf2ee1-c1c5-4af7-9f3f-90362287a413_1000.jpg!m_fill,w_280,h_210,f_jpg?from=ke.com
20230903,朝阳,健翔桥,101117180728,华严北里8号院不临街楼住高楼层视野好无遮挡,860万,95291元/平,中楼层 (共28层) | 1999年建 | 2室1厅 | 90.25平米 | 西南 北,https://ke-image.ljcdn.com/110000-inspection/pc1_6arpUUL21_1.jpg!m_fill,w_280,h_210,f_jpg?from=ke.com
20230903,朝阳,健翔桥,101117169646,华亭嘉园三居落地窗无遮挡满五唯一看房方便,1175万,76077元/平,低楼层 (共32层) | 2000年建 | 3室1厅 | 154.45平米 | 西南 北,https://ke-image.ljcdn.com/110000-inspection/pc1_oJ2USuT2s_1.jpg!m_fill,w_280,h_210,f_jpg?from=ke.com
20230903,朝阳,健翔桥,101117141742,阳光型南北通透三居 大客厅 70万精装 2000年 停车方便房主自荐,956万,98456元/平,顶层 (共6层) | 1999年建 | 3室1厅 | 97.1平米 | 南 北 西,https://ke-image.ljcdn.com/110000-inspection/7dc75b0a-1941-425b-8d22-731241c4d82e_1000.jpg!m_fill,w_280,h_210,f_jpg?from=ke.com
20230903,朝阳,健翔桥,101117081701,凌云名苑 北四环2013年楼龄 全明格局南向精装 两居室,1220万,125541元/平,中楼层 (共11层) 2室1厅 | 97.18平米 | 东南,https://ke-image.ljcdn.com/110000-inspection/pc1_OjD6sdBOy.jpg!m_fill,w_280,h_210,f_jpg?from=ke.com
20230903,朝阳,健翔桥,101117077989,华严北里小区 方正三居室 诚意出售 随时签约,660万,81947元/平,顶层 (共6层) | 1990年建 | 3室1厅 | 80.54平米 | 东 西,https://ke-image.ljcdn.com/110000-inspection/pc1_75yVwXmLx_1.jpg!m_fill,w_280,h_210,f_jpg?from=ke.com
20230903,朝阳,健翔桥,101117046114,华严北里2号院满5年成本价电梯房 东西通透,538万,83684元/平,中楼层 (共11层) | 1994年建 | 2室1厅 | 64.29平米 | 东 西,https://ke-image.ljcdn.com/110000-inspection/pc1_EikcS4h2q_1.jpg!m_fill,w_280,h_210,f_jpg?from=ke.com
20230903,朝阳,健翔桥,101117010365,安翔南里 双南两居室 大学环境采光好配套齐全,386万,76862元/平,顶层 (共5层) | 1976年建 | 2室1厅 | 50.22平米 | 南,https://ke-image.ljcdn.com/110000-inspection/pc1_8qY7s8vzl.jpg!m_fill,w_280,h_210,f_jpg?from=ke.com
20230903,朝阳,健翔桥,101117006163,华严北里 航天央产房 中间楼层 精装修一居 诚意出售,325万,68307元/平,中楼层 (共6层) | 1993年建 | 1室1厅 | 47.58平米 | 东南,https://ke-image.ljcdn.com/110000-inspection/ff89b8d1-09a2-4314-b5c1-3511285d7aa0_1000.jpg!m_fill,w_280,h_210,f_jpg?from=ke.com
20230903,朝阳,健翔桥,101116984478,华严北里4号院 南向全明精装一居 户型方正 满五唯一房主自荐,415万,105170元/平,底层 (共6层) | 1982年建 | 1室1厅 | 39.46平米 | 南,https://ke-image.ljcdn.com/110000-inspection/pc1_RyP9gG6B4.jpg!m_fill,w_280,h_210,f_jpg?from=ke.com
20230903,朝阳,健翔桥,101116930602,楼龄新 位置好 近地铁 公园 户型方正好利用,495万,90000元/平,低楼层 (共24层) 1室1厅 | 55平米 | 西南,https://ke-image.ljcdn.com/110000-inspection/aa93f963-6e62-4b46-8ccb-422d26e2f139_1000.jpg!m_fill,w_280,h_210,f_jpg?from=ke.com
20230903,朝阳,健翔桥,101116893572,华严北里9号院南北向大两居室满五变现诚意出售,485万,76656元/平,顶层 (共5层) | 1992年建 | 2室1厅 | 63.27平米 | 南 北,https://ke-image.ljcdn.com/110000-inspection/pc1_ECKR63RJE.jpg!m_fill,w_280,h_210,f_jpg?from=ke.com
20230903,朝阳,健翔桥,101116865940,华严北里小区中间位置 不临街  满五年央产,320万,67256元/平,高楼层 (共6层) | 1991年建 | 1室1厅 | 47.58平米 | 东 南,https://ke-image.ljcdn.com/110000-inspection/94e8bfd2-9a8a-4cda-98e1-c5ab5a016a4d_1000.jpg!m_fill,w_280,h_210,f_jpg?from=ke.com
20230903,朝阳,健翔桥,101116750280,华严北里 积水潭医院分房正南正北精装修拎包入住,740万,89372元/平,高楼层 (共6层) | 1997年建 | 2室2厅 | 82.8平米 | 南 北,https://ke-image.ljcdn.com/110000-inspection/pc1_BGmL7cvmK.jpg!m_fill,w_280,h_210,f_jpg?from=ke.com
20230903,朝阳,健翔桥,101116632783,中间楼层。格局方正进出方便光线充足,430万,77186元/平,中楼层 (共6层) | 1992年建 | 2室1厅 | 55.71平米 | 东 西,https://ke-image.ljcdn.com/110000-inspection/6666b4cc-f147-41c5-90ab-a0d92eb96f1a_1000.jpg!m_fill,w_280,h_210,f_jpg?from=ke.com
20230903,朝阳,健翔桥,101116575479,满五年唯一低楼层南北通透户型方正房主自荐,465万,75170元/平,底层 (共6层) | 1989年建 | 2室1厅 | 61.86平米 | 南 北,https://ke-image.ljcdn.com/110000-inspection/pc1_WlG0Rpjhv_1.jpg!m_fill,w_280,h_210,f_jpg?from=ke.com
20230903,朝阳,健翔桥,101116564177,华严北里小区航天五院家属院 满5年央产房,1100万,109639元/平,高楼层 (共6层) | 1999年建 | 3室2厅 | 100.33平米 | 东 西,https://ke-image.ljcdn.com/110000-inspection/pc1_xQIgnGnvt_1.jpg!m_fill,w_280,h_210,f_jpg?from=ke.com
20230903,朝阳,健翔桥,101116523958,华严北里南向两居室钢混结构建成电梯直达带车位,560万,89903元/平,中楼层 (共14层) | 1986年建 | 2室1厅 | 62.29平米 | 南,https://ke-image.ljcdn.com/110000-inspection/a6442629-46d2-42cd-b3db-6aeeb1d07aad_1000.jpg!m_fill,w_280,h_210,f_jpg?from=ke.com
20230903,朝阳,健翔桥,101116459097,华严北里中科院 满五唯一 双卧朝南 电梯房 采光很棒房主自荐,576万,92680元/平,低楼层 (共16层) | 1988年建 | 2室1厅 | 62.15平米 | 南,https://ke-image.ljcdn.com/110000-inspection/pc1_K67TZBpTG.jpg!m_fill,w_280,h_210,f_jpg?from=ke.com
20230903,朝阳,健翔桥,101116457416,安翔里小区南北向三居室户型方正,565万,73683元/平,中楼层 (共6层) | 1992年建 | 3室1厅 | 76.68平米 | 南 北,https://ke-image.ljcdn.com/110000-inspection/pc1_GrnNgZZX5.jpg!m_fill,w_280,h_210,f_jpg?from=ke.com
20230903,朝阳,健翔桥,101116432017,华严北里小区 精装修 东向一居室,375万,87332元/平,顶层 (共6层) | 1993年建 | 1室1厅 | 42.94平米 | 东,https://ke-image.ljcdn.com/110000-inspection/1213fd61-f27e-457b-912c-0c9cbbececf5_1000.jpg!m_fill,w_280,h_210,f_jpg?from=ke.com
20230903,朝阳,健翔桥,101116152399,此房南北通透 视野宽阔 采光充足 满五年央产房房主自荐,788万,94034元/平,高楼层 (共6层) | 1987年建 | 3室1厅 | 83.8平米 | 南 北,https://ke-image.ljcdn.com/110000-inspection/28b595ee-1909-4721-9675-ae41ce1649af_1000.jpg!m_fill,w_280,h_210,f_jpg?from=ke.com
20230903,朝阳,健翔桥,101115858041,华严北里中科院小区 南北通透三居室  满五唯一 成本低,725万,89209元/平,顶层 (共6层) | 1987年建 | 3室1厅 | 81.27平米 | 南 北,https://ke-image.ljcdn.com/110000-inspection/pc1_Qf6UkdCXy.jpg!m_fill,w_280,h_210,f_jpg?from=ke.com
20230903,朝阳,健翔桥,101115763277,客厅明窗+600米水立方+盘古大观+200米三甲306医院,605万,70341元/平,低楼层 (共23层) | 2001年建 | 2室1厅 | 86.01平米 | 西南,https://ke-image.ljcdn.com/110000-inspection/pc1_5WjOoB14j.jpg!m_fill,w_280,h_210,f_jpg?from=ke.com
20230903,朝阳,健翔桥,101115754583,华严北里钢混2居 带明厅 格局全对外 电梯直达,688万,99136元/平,高楼层 (共18层) | 1993年建 | 2室1厅 | 69.4平米 | 南 西南,https://ke-image.ljcdn.com/110000-inspection/4920d33a-f67e-42f1-a65f-9026009d7dfd_1000.jpg!m_fill,w_280,h_210,f_jpg?from=ke.com
20230903,朝阳,健翔桥,101115613038,国家地震局住宅区1999年建成车位充足能看能签,610万,100017元/平,低楼层 (共6层) 1室2厅 | 60.99平米 | 南 北,https://ke-image.ljcdn.com/110000-inspection/57b288b5-18d3-45c1-89ca-7b553833b070_1000.jpg!m_fill,w_280,h_210,f_jpg?from=ke.com
20230903,朝阳,健翔桥,101115582193,满五唯一 经典1居室 小区中间位置 安静安全,350万,73793元/平,顶层 (共6层) | 1992年建 | 1室1厅 | 47.43平米 | 东 南,https://ke-image.ljcdn.com/110000-inspection/pc1_qfot0En8r.jpg!m_fill,w_280,h_210,f_jpg?from=ke.com
20230903,朝阳,健翔桥,101115505647,单价八万板楼中间层南北通透小区内安静不临街房主自荐,675万,80732元/平,中楼层 (共6层) | 1989年建 | 3室1厅 | 83.61平米 | 南 北,https://ke-image.ljcdn.com/110000-inspection/pc1_l49eR92x1_1.jpg!m_fill,w_280,h_210,f_jpg?from=ke.com
20230903,朝阳,健翔桥,101115494941,丝竹园 94年钢混 带电梯  视野好  楼龄新,450万,75517元/平,中楼层 (共9层) | 1994年建 | 2室1厅 | 59.59平米 | 东 西,https://ke-image.ljcdn.com/110000-inspection/d68ff07a-835f-454f-862b-7216b70b26a8_1000.jpg!m_fill,w_280,h_210,f_jpg?from=ke.com
20230903,朝阳,健翔桥,101115070165,精装修两居室拎包入住满五年唯一采光好,460万,78059元/平,顶层 (共6层) | 1989年建 | 2室1厅 | 58.93平米 | 南 北,https://ke-image.ljcdn.com/110000-inspection/pc1_M909W0Sgm.jpg!m_fill,w_280,h_210,f_jpg?from=ke.com
20230903,朝阳,健翔桥,101115059553,亚奥阳光 南北通透 自住精装两居室,850万,81527元/平,低楼层 (共12层) | 2004年建 | 2室1厅 | 104.26平米 | 南 北,https://ke-image.ljcdn.com/110000-inspection/080d8651-90b8-4c4a-ba74-181d6f586d30_1000.jpg!m_fill,w_280,h_210,f_jpg?from=ke.com
20230903,朝阳,健翔桥,101114875815,华严北里大客厅全明格局两居 婚房精装 满五唯一房主自荐,615万,92901元/平,高楼层 (共18层) | 1993年建 | 2室1厅 | 66.2平米 | 东北,https://ke-image.ljcdn.com/110000-inspection/pc1_yI5hdEw38_1.jpg!m_fill,w_280,h_210,f_jpg?from=ke.com
20230903,朝阳,健翔桥,101114656607,丝竹园精装修三居室 南边通透 一层无遮挡 随时签约,580万,85395元/平,底层 (共6层) | 1984年建 | 3室1厅 | 67.92平米 | 东 南 北,https://ke-image.ljcdn.com/110000-inspection/6870b10a-7214-43d2-ac04-de5cd9f4d737_1000.jpg!m_fill,w_280,h_210,f_jpg?from=ke.com
20230903,朝阳,健翔桥,101114607650,东西通透钢混结构中楼层有电梯满五唯一,535万,69735元/平,中楼层 (共9层) | 1994年建 | 3室1厅 | 76.72平米 | 东 西,https://ke-image.ljcdn.com/110000-inspection/pc1_OVlSmL5Vm_1.jpg!m_fill,w_280,h_210,f_jpg?from=ke.com
20230903,朝阳,健翔桥,101114558230,1992年板楼 中楼层 安翔里小区  南北两居室采光无遮挡,458万,75292元/平,中楼层 (共6层) | 1992年建 | 2室1厅 | 60.83平米 | 南 北,https://ke-image.ljcdn.com/110000-inspection/pc1_QQg9oFH04_1.jpg!m_fill,w_280,h_210,f_jpg?from=ke.com
20230903,朝阳,健翔桥,101114552622,1992年建成距离10号线健德门站458米房主自荐,316万,74705元/平,顶层 (共6层) | 1992年建 | 1室1厅 | 42.3平米 | 东,https://ke-image.ljcdn.com/110000-inspection/pc1_wVPj6ZtQm_1.jpg!m_fill,w_280,h_210,f_jpg?from=ke.com
20230903,朝阳,健翔桥,101114443875,华严北里2号院南北通透两居室满五年精装修,508万,91433元/平,中楼层 (共6层) | 1983年建 | 2室1厅 | 55.56平米 | 南 北,https://ke-image.ljcdn.com/110000-inspection/pc1_dHTl4tee8.jpg!m_fill,w_280,h_210,f_jpg?from=ke.com
20230903,朝阳,健翔桥,101113992834,单价7.3万 全明格局 多储物间 小区内不临街 诚意卖,365万,73902元/平,顶层 (共6层) 1室1厅 | 49.39平米 | 东南,https://ke-image.ljcdn.com/110000-inspection/83803892-a2f1-472d-ad32-db84cd83c4c0_1000.jpg!m_fill,w_280,h_210,f_jpg?from=ke.com
20230903,朝阳,健翔桥,101113957340,华严北里9号院93年钢混结构 电梯房 复式 看能方便,1160万,70078元/平,顶层 (共11层) | 1993年建 | 4室2厅 | 165.53平米 | 南 北,https://ke-image.ljcdn.com/110000-inspection/ad5e3893-bf75-448e-8697-a481dd457c22_1000.jpg!m_fill,w_280,h_210,f_jpg?from=ke.com
20230903,朝阳,健翔桥,101113503021,华盛乐章电梯直达+直观鸟巢水立方视野开阔业主急售,849万,71118元/平,高楼层 (共23层) | 2001年建 | 2室1厅 | 119.38平米 | 东 北,https://ke-image.ljcdn.com/110000-inspection/pc1_Y5UmKxP3K_1.jpg!m_fill,w_280,h_210,f_jpg?from=ke.com
20230903,朝阳,健翔桥,101113336635,安翔里 南北 全明格局两居室 窗户大 采光好房主自荐,485万,74985元/平,顶层 (共5层) | 1982年建 | 2室1厅 | 64.68平米 | 南 北,https://ke-image.ljcdn.com/110000-inspection/pc1_QaQ3DnSyC.jpg!m_fill,w_280,h_210,f_jpg?from=ke.com
20230903,朝阳,健翔桥,101113102988,华严北里南北通透全明格局一居无遮挡不临街诚售,425万,79723元/平,顶层 (共6层) | 1989年建 | 1室1厅 | 53.31平米 | 南 北,https://ke-image.ljcdn.com/110000-inspection/pc1_qbl0TeRcG_1.jpg!m_fill,w_280,h_210,f_jpg?from=ke.com
20230903,朝阳,健翔桥,101113078289,安翔南里 南北明厨明卫一居室 精装修 换房诚心卖房主自荐,424万,89812元/平,底层 (共6层) | 1987年建 | 1室1厅 | 47.21平米 | 南 北,https://ke-image.ljcdn.com/110000-inspection/pc1_yx3pZZUyA_1.jpg!m_fill,w_280,h_210,f_jpg?from=ke.com
20230903,朝阳,健翔桥,101112730047,华严北里2号院电梯直达南向一居室业主诚心出售,420万,87246元/平,中楼层 (共14层) | 1990年建 | 1室1厅 | 48.14平米 | 南,https://ke-image.ljcdn.com/110000-inspection/pc1_rvk1Dbxgt.jpg!m_fill,w_280,h_210,f_jpg?from=ke.com
20230903,朝阳,健翔桥,101120877262,华严北里9号院 1202印刷厂宿舍新上南北两居新上,448万,77362元/平,顶层 (共6层) | 1986年建 | 2室1厅 | 57.91平米 | 南 北,https://ke-image.ljcdn.com/110000-inspection/pc1_hrjNNE0GH.jpg!m_fill,w_280,h_210,f_jpg?from=ke.com
20230903,朝阳,健翔桥,101120874100,华严北里1号院  满五年  精装修  南北通透新上,1500万,103349元/平,顶层 (共14层) 4室1厅 | 145.14平米 | 南 北,https://ke-image.ljcdn.com/110000-inspection/pc1_peXpe3sTe.jpg!m_fill,w_280,h_210,f_jpg?from=ke.com
20230903,朝阳,健翔桥,101120871465,安翔里中间楼层把边户型客厅带窗卫生间大新上,525万,88504元/平,中楼层 (共6层) | 1992年建 | 2室1厅 | 59.32平米 | 南 北,https://ke-image.ljcdn.com/110000-inspection/pc1_66sGZsvHd_1.jpg!m_fill,w_280,h_210,f_jpg?from=ke.com
20230903,朝阳,健翔桥,101120867322,中科院住宅区新改造南北通透97年钢混有电梯新上,575万,95994元/平,中楼层 (共16层) | 1996年建 | 2室1厅 | 59.9平米 | 南 北,https://ke-image.ljcdn.com/110000-inspection/pc1_heqb3XXCK.jpg!m_fill,w_280,h_210,f_jpg?from=ke.com
20230903,朝阳,健翔桥,101120861634,南向方正全明两居 2000年国管局 楼道干净 四环内新上,900万,107759元/平,中楼层 (共28层) | 1999年建 | 2室1厅 | 83.52平米 | 南,https://ke-image.ljcdn.com/110000-inspection/ec975d62-f7c7-449d-afc4-69a057fd954a_1000.jpg!m_fill,w_280,h_210,f_jpg?from=ke.com
20230903,朝阳,健翔桥,101120850008,华严北里小区 2室1厅 南 西南 西新上,668万,97519元/平,高楼层 (共18层) 2室1厅 | 68.5平米 | 南 西南 西,https://ke-image.ljcdn.com/110000-inspection/pc1_FpYLmDtb1.jpg!m_fill,w_280,h_210,f_jpg?from=ke.com
20230903,朝阳,健翔桥,101120807114,健翔国际公寓 1室0厅 东新上,260万,60890元/平,中楼层 (共13层) | 2007年建 | 1室0厅 | 42.7平米 | 东,https://ke-image.ljcdn.com/110000-inspection/pc1_eFV0sOu3Q.jpg!m_fill,w_280,h_210,f_jpg?from=ke.com
20230903,朝阳,健翔桥,101120804620,华亭嘉园不临街高层观景房视野开阔新上,1506万,93967元/平,中楼层 (共32层) | 2000年建 | 2室2厅 | 160.27平米 | 东南,https://ke-image.ljcdn.com/110000-inspection/pc1_sL1QpFxBr.jpg!m_fill,w_280,h_210,f_jpg?from=ke.com
20230903,朝阳,健翔桥,101120759687,中国音乐学院 高层无遮挡 管理好 诚心出售随时签约房主自荐,809万,77387元/平,高楼层 (共20层) | 2001年建 | 3室1厅 | 104.54平米 | 西北,https://ke-image.ljcdn.com/110000-inspection/pc1_xyHyi9Zes.jpg!m_fill,w_280,h_210,f_jpg?from=ke.com
20230903,朝阳,健翔桥,101120740747,安翔里小区 南北全明格局 采光好 无遮挡,485万,74985元/平,中楼层 (共5层) | 1986年建 | 2室1厅 | 64.68平米 | 南 北,https://ke-image.ljcdn.com/110000-inspection/22c089fd-1397-4b62-957e-31012030d676_1000.jpg!m_fill,w_280,h_210,f_jpg?from=ke.com
20230903,朝阳,健翔桥,101120679422,北四环 鸟巢水立方旁 单独物业管理 电梯直达,990万,63515元/平,低楼层 (共22层) | 2000年建 | 3室2厅 | 155.87平米 | 西北,https://ke-image.ljcdn.com/110000-inspection/6d7d2e37-dcde-48e0-a148-9139bb9f6049_1000.jpg!m_fill,w_280,h_210,f_jpg?from=ke.com
20230903,朝阳,健翔桥,101120669695,满五唯一通体大阳台居住舒适视野好。,905万,83511元/平,低楼层 (共32层) | 2000年建 | 2室1厅 | 108.37平米 | 北,https://ke-image.ljcdn.com/110000-inspection/pc1_XALTjyWZj.jpg!m_fill,w_280,h_210,f_jpg?from=ke.com
20230903,朝阳,健翔桥,101120633320,华严北里3号院      精装修   南北通透   两居室,493万,90709元/平,高楼层 (共6层) | 1986年建 | 2室1厅 | 54.35平米 | 南 北,https://ke-image.ljcdn.com/110000-inspection/c5897684-784c-4246-95aa-e98bd3bc5a91_1000.jpg!m_fill,w_280,h_210,f_jpg?from=ke.com
20230903,朝阳,健翔桥,101120476996,华严北里板楼3层满五唯一南北通透30万装修,495万,90411元/平,中楼层 (共6层) | 1986年建 | 1室2厅 | 54.75平米 | 南 北,https://ke-image.ljcdn.com/110000-inspection/ed114f1b-b93f-455c-b848-2af75f6f7efb_1000.jpg!m_fill,w_280,h_210,f_jpg?from=ke.com
20230903,朝阳,健翔桥,101120467942,华亭嘉园   人车分流小区   上车大一居,695万,81088元/平,低楼层 (共32层) | 2000年建 | 1室1厅 | 85.71平米 | 东北,https://ke-image.ljcdn.com/110000-inspection/596cbbee-b76c-4688-acf0-f5251d587317_1000.jpg!m_fill,w_280,h_210,f_jpg?from=ke.com
20230903,朝阳,健翔桥,101120353862,京民社区  东西通透两居  精装修  近地铁  物业好房主自荐,479万,85766元/平,顶层 (共6层) | 1990年建 | 2室1厅 | 55.85平米 | 西 东,https://ke-image.ljcdn.com/110000-inspection/pc1_4vWMUtiuO_1.jpg!m_fill,w_280,h_210,f_jpg?from=ke.com
20230903,朝阳,健翔桥,101120317901,健翔国际公寓 1室1厅 东,280万,65945元/平,中楼层 (共13层) | 2007年建 | 1室1厅 | 42.46平米 | 东,https://ke-image.ljcdn.com/110000-inspection/pc1_msrQYpyJ5.jpg!m_fill,w_280,h_210,f_jpg?from=ke.com
20230903,朝阳,健翔桥,101120179562,健翔国际公寓 1室1厅 西,236万,72504元/平,中楼层 (共13层) 1室1厅 | 32.55平米 | 西,https://ke-image.ljcdn.com/110000-inspection/c56c7b48-4880-4aa9-a297-46f4922c22ab_1000.jpg!m_fill,w_280,h_210,f_jpg?from=ke.com
20230903,朝阳,健翔桥,101120163860,健翔桥丝竹园南向电梯大一居看房方便随时签约！,420万,72389元/平,低楼层 (共16层) | 1987年建 | 1室1厅 | 58.02平米 | 南,https://ke-image.ljcdn.com/110000-inspection/5228c823-f7d0-4f5e-ab60-c67a05cef887_1000.jpg!m_fill,w_280,h_210,f_jpg?from=ke.com
20230903,朝阳,健翔桥,101120117496,华严北里中科院南北通透 一层独立下水 带院,825万,114124元/平,底层 (共6层) | 1987年建 | 3室1厅 | 72.29平米 | 南 北,https://ke-image.ljcdn.com/110000-inspection/5e231e32-e984-41ea-9022-8f46f6ae7e4a_1000.jpg!m_fill,w_280,h_210,f_jpg?from=ke.com
20230903,朝阳,健翔桥,101120111706,华严北里小区 1995年钢混结构 正规一居室 电梯直达,385万,85102元/平,中楼层 (共16层) | 1995年建 | 1室1厅 | 45.24平米 | 东,https://ke-image.ljcdn.com/110000-inspection/pc1_8kJPX7HCg_1.jpg!m_fill,w_280,h_210,f_jpg?from=ke.com
20230903,朝阳,健翔桥,101120111030,华盛乐章 高楼层 2001年 带电梯 大两居户型方正采光好,845万,70783元/平,中楼层 (共23层) | 2000年建 | 2室1厅 | 119.38平米 | 东北,https://ke-image.ljcdn.com/110000-inspection/pc1_zq2VMPFD2_1.jpg!m_fill,w_280,h_210,f_jpg?from=ke.com
20230903,朝阳,健翔桥,101120096033,华严北里2号院带电梯两居室  安静不临街  无遮挡,529万,79585元/平,中楼层 (共11层) | 1994年建 | 2室1厅 | 66.47平米 | 西 东,https://ke-image.ljcdn.com/110000-inspection/pc1_rHoko8X3p.jpg!m_fill,w_280,h_210,f_jpg?from=ke.com
20230903,朝阳,健翔桥,101120087511,华亭嘉园 高楼层 视野采光好 诚意出售,1560万,90698元/平,高楼层 (共32层) | 2000年建 | 3室1厅 | 172平米 | 东南,https://ke-image.ljcdn.com/110000-inspection/pc1_NZCUhGNOr.jpg!m_fill,w_280,h_210,f_jpg?from=ke.com
20230903,朝阳,健翔桥,101120064397,健翔国际公寓2007年商品房满五唯一,232万,66248元/平,顶层 (共13层) | 2007年建 | 1室0厅 | 35.02平米 | 西,https://ke-image.ljcdn.com/110000-inspection/d369a5d3-83bd-4bde-8a33-229803ca8806_1000.jpg!m_fill,w_280,h_210,f_jpg?from=ke.com
20230903,朝阳,健翔桥,101120064250,四环内单价6万2004年华润的小区停车方便,970万,59907元/平,低楼层 (共11层) | 2004年建 | 2室2厅 | 161.92平米 | 东 西,https://ke-image.ljcdn.com/110000-inspection/pc1_qlu2JBDsu.jpg!m_fill,w_280,h_210,f_jpg?from=ke.com
20230903,朝阳,健翔桥,101120063513,华亭嘉园客厅面宽7.2米直观鸟巢水立方,1450万,76985元/平,中楼层 (共32层) | 2000年建 | 3室2厅 | 188.35平米 | 西 南 北,https://ke-image.ljcdn.com/110000-inspection/pc1_dUIROzhLp.jpg!m_fill,w_280,h_210,f_jpg?from=ke.com
20230903,朝阳,健翔桥,101119963745,地址在安翔里小区距离鸟巢水立方近。,427万,73608元/平,高楼层 (共6层) | 1992年建 | 2室1厅 | 58.01平米 | 西 东,https://ke-image.ljcdn.com/110000-inspection/4aeb67ec-52da-4a98-b86f-37beaf925c67_1000.jpg!m_fill,w_280,h_210,f_jpg?from=ke.com
20230903,朝阳,健翔桥,101119940453,满五年唯一 高楼层  视野好  近地铁站房主自荐,268万,63119元/平,高楼层 (共13层) 1室0厅 | 42.46平米 | 东,https://ke-image.ljcdn.com/110000-inspection/6b4732eb-f960-4bc6-8995-869c979041f5_1000.jpg!m_fill,w_280,h_210,f_jpg?from=ke.com
20230903,朝阳,健翔桥,101119931444,北辰西路69号 高层 观景房 四环内 东西南通透 靠谱卖,1800万,44291元/平,顶层 (共25层) 6室2厅 | 406.41平米 | 东 东南 北,https://ke-image.ljcdn.com/110000-inspection/pc1_Xpqp1jH0U_1.jpg!m_fill,w_280,h_210,f_jpg?from=ke.com
20230903,朝阳,健翔桥,101119931351,北辰西路69号 高层无遮挡 单价5.6万 南向 阳光明媚,1250万,56411元/平,顶层 (共25层) 3室1厅 | 221.59平米 | 南,https://ke-image.ljcdn.com/110000-inspection/d3038928-87a0-40af-9970-e54aafa41b69_1000.jpg!m_fill,w_280,h_210,f_jpg?from=ke.com
20230903,朝阳,健翔桥,101119878109,华亭嘉园 不临街三居 人车分流 环境优美 明厨明卫,1450万,79162元/平,中楼层 (共32层) | 2000年建 | 3室2厅 | 183.17平米 | 南 西 北,https://ke-image.ljcdn.com/110000-inspection/pc1_g3zh3QxBy.jpg!m_fill,w_280,h_210,f_jpg?from=ke.com
20230903,朝阳,健翔桥,101119852495,健翔国际公寓 1室0厅 东,265万,65015元/平,中楼层 (共13层) | 2007年建 | 1室0厅 | 40.76平米 | 东,https://ke-image.ljcdn.com/110000-inspection/77989d31-e0c8-4bb9-bc76-0e91dc0cf3e1_1000.jpg!m_fill,w_280,h_210,f_jpg?from=ke.com
20230903,朝阳,健翔桥,101119725218,华亭嘉园 高层直观西山 大面宽5米 满五唯一 诚心出售,1280万,83996元/平,高楼层 (共32层) | 2000年建 | 2室2厅 | 152.39平米 | 西南,https://ke-image.ljcdn.com/110000-inspection/d924536c-8475-4aea-9ace-a292310346c9_1000.jpg!m_fill,w_280,h_210,f_jpg?from=ke.com
20230903,朝阳,健翔桥,101119713437,民政局3层2居 精装修 近地铁 有车位 北盛管理房主自荐,486万,87474元/平,中楼层 (共6层) | 1990年建 | 2室1厅 | 55.56平米 | 东 西,https://ke-image.ljcdn.com/110000-inspection/dcf90418-7b76-4e1a-b68c-d2eb2c9ad14e_1000.jpg!m_fill,w_280,h_210,f_jpg?from=ke.com
20230903,朝阳,健翔桥,101119677451,华严北里9号院上下两层带电梯单价合适诚意售,960万,56765元/平,高楼层 (共11层) | 1993年建 | 4室1厅 | 169.12平米 | 东 西,https://ke-image.ljcdn.com/110000-inspection/pc1_n3VDXBcjg.jpg!m_fill,w_280,h_210,f_jpg?from=ke.com
20230903,朝阳,健翔桥,101119624433,华严北里1号院 4室1厅 南 北,2200万,112602元/平,中楼层 (共14层) 4室1厅 | 195.38平米 | 南 北,https://ke-image.ljcdn.com/110000-inspection/35433ecf-90fd-470c-8639-501c76aeb023_1000.jpg!m_fill,w_280,h_210,f_jpg?from=ke.com
20230903,朝阳,健翔桥,101119623563,供电局南北通透精装修附储物间安静满五唯一房主自荐,493万,90046元/平,高楼层 (共6层) | 1986年建 | 2室1厅 | 54.75平米 | 南 北,https://ke-image.ljcdn.com/110000-inspection/3e520184-3d04-41b5-882a-208e4e7c01bf_1000.jpg!m_fill,w_280,h_210,f_jpg?from=ke.com
20230903,朝阳,健翔桥,101119598936,健翔国际公寓2007年建成电梯直达房主自荐,220万,68049元/平,顶层 (共13层) | 2007年建 | 1室1厅 | 32.33平米 | 西,https://ke-image.ljcdn.com/110000-inspection/b528769b-eb75-4360-9846-79e2296ddb34_1000.jpg!m_fill,w_280,h_210,f_jpg?from=ke.com
20230903,朝阳,健翔桥,101119594878,双卧朝南双阳台 南北通透 满五年唯一 精装修不临街,670万,102181元/平,底层 (共12层) | 1994年建 | 2室1厅 | 65.57平米 | 南 北,https://ke-image.ljcdn.com/110000-inspection/pc1_1ZRnjKpY1_1.jpg!m_fill,w_280,h_210,f_jpg?from=ke.com
20230903,朝阳,健翔桥,101119584213,北四环健翔桥 满五唯一 中间楼层 双南向 无遮挡,430万,79660元/平,中楼层 (共6层) | 1984年建 | 2室1厅 | 53.98平米 | 南,https://ke-image.ljcdn.com/110000-inspection/pc1_Lx70cebaS.jpg!m_fill,w_280,h_210,f_jpg?from=ke.com
20230903,朝阳,健翔桥,101119582714,华严北里3号院 视野高楼层 电梯直达南向一居室,386万,81469元/平,中楼层 (共14层) | 1986年建 | 1室1厅 | 47.38平米 | 南,https://ke-image.ljcdn.com/110000-inspection/a8853ece-11f1-473a-be28-29738c8eb7d3_1000.jpg!m_fill,w_280,h_210,f_jpg?from=ke.com
20230903,朝阳,健翔桥,101119533826,华亭嘉园 双阳台 三卧朝南 满二 仅契税 有固定车位房主自荐,1850万,95821元/平,低楼层 (共32层) | 2000年建 | 3室2厅 | 193.07平米 | 南 西,https://ke-image.ljcdn.com/110000-inspection/pc1_gA632Gw6P_1.jpg!m_fill,w_280,h_210,f_jpg?from=ke.com
20230903,朝阳,健翔桥,101119528487,中石油自管楼南向两居精装修有电梯1995年楼龄房主自荐,575万,97425元/平,高楼层 (共18层) | 1995年建 | 2室1厅 | 59.02平米 | 南,https://ke-image.ljcdn.com/110000-inspection/pc1_koyWfrDCX.jpg!m_fill,w_280,h_210,f_jpg?from=ke.com
20230903,朝阳,健翔桥,101119450692,安翔里小区 南北通透 一层半两居室 适合老人住,460万,74362元/平,底层 (共6层) | 1989年建 | 2室1厅 | 61.86平米 | 南 北,https://ke-image.ljcdn.com/110000-inspection/cd4b29b2-fb69-4fdd-9285-d1ac73fe53dc_1000.jpg!m_fill,w_280,h_210,f_jpg?from=ke.com
20230903,朝阳,健翔桥,101119383791,华严北里全明两居精装修拎包入住,469万,79317元/平,高楼层 (共6层) | 1989年建 | 2室1厅 | 59.13平米 | 南 北,https://ke-image.ljcdn.com/110000-inspection/1d736152-56f5-480b-8668-f17f96594efa_1000.jpg!m_fill,w_280,h_210,f_jpg?from=ke.com
20230903,朝阳,健翔桥,101119376368,华亭嘉园大三居室满五年唯一落地窗诚意出售,1450万,76985元/平,中楼层 (共32层) | 2000年建 | 3室1厅 | 188.35平米 | 南 北,https://ke-image.ljcdn.com/110000-inspection/pc1_2ZXq3g002.jpg!m_fill,w_280,h_210,f_jpg?from=ke.com
20230903,朝阳,健翔桥,101119304758,安翔里南北高楼层大两居室满五年一套多贷款仅契税,580万,77686元/平,高楼层 (共6层) | 1997年建 | 2室1厅 | 74.66平米 | 南 北,https://ke-image.ljcdn.com/110000-inspection/dce9d7dc-1175-42eb-b06c-a4464032c32e_1000.jpg!m_fill,w_280,h_210,f_jpg?from=ke.com
20230903,朝阳,健翔桥,101119270546,华严北里小区 带电梯直达满五年唯一业主诚意出售,365万,81784元/平,中楼层 (共16层) | 1995年建 | 1室1厅 | 44.63平米 | 西南,https://ke-image.ljcdn.com/110000-inspection/092cceea-8d84-40e5-bb19-51d80c1fc12f_1000.jpg!m_fill,w_280,h_210,f_jpg?from=ke.com
20230903,朝阳,健翔桥,101119257989,业主急售 价格可谈 满五唯一 公积金组合贷  无遮挡房主自荐,529万,70855元/平,顶层 (共6层) | 1997年建 | 2室1厅 | 74.66平米 | 南 北,https://ke-image.ljcdn.com/110000-inspection/pc1_ZfQSeuwYZ.jpg!m_fill,w_280,h_210,f_jpg?from=ke.com
20230903,朝阳,健翔桥,101119222555,华严北里小区    满五年 唯一     楼龄新,338万,77845元/平,高楼层 (共6层) | 1993年建 | 1室1厅 | 43.42平米 | 东,https://ke-image.ljcdn.com/110000-inspection/pc1_sut5SjEzB_1.jpg!m_fill,w_280,h_210,f_jpg?from=ke.com
20230903,朝阳,健翔桥,101119202968,动静分离格局设计观小区绿化格局使用率高采光好房主自荐,1350万,80305元/平,低楼层 (共32层) | 2000年建 | 3室2厅 | 168.11平米 | 西南,https://ke-image.ljcdn.com/110000-inspection/pc1_SagzkylLi_1.jpg!m_fill,w_280,h_210,f_jpg?from=ke.com
20230903,朝阳,健翔桥,101119195551,华严北里小区 95年楼龄 南北通透 中石油自管,730万,94024元/平,高楼层 (共6层) | 1995年建 | 2室1厅 | 77.64平米 | 南 北,https://ke-image.ljcdn.com/110000-inspection/pc1_4ORLokTjv.jpg!m_fill,w_280,h_210,f_jpg?from=ke.com
20230903,朝阳,健翔桥,101119131253,华严北里9号院 满五年唯一南北向钢混带电梯房主自荐,548万,80922元/平,中楼层 (共11层) | 1993年建 | 2室1厅 | 67.72平米 | 南 北,https://ke-image.ljcdn.com/110000-inspection/pc1_uio6msaga.jpg!m_fill,w_280,h_210,f_jpg?from=ke.com
20230903,朝阳,健翔桥,101119117705,华亭嘉园 婚房装修三居室  拎包入住 满五唯一 诚售房主自荐,1318万,83197元/平,低楼层 (共32层) | 2000年建 | 3室1厅 | 158.42平米 | 东南 北,https://ke-image.ljcdn.com/110000-inspection/pc1_wx3BBkRxq.jpg!m_fill,w_280,h_210,f_jpg?from=ke.com
20230903,朝阳,健翔桥,101119002190,华严里西南全明两居室满五年唯一央产房随时签约。,718万,105217元/平,中楼层 (共16层) | 1992年建 | 2室1厅 | 68.24平米 | 南 西,https://ke-image.ljcdn.com/110000-inspection/pc1_L1I8kAZs5_1.jpg!m_fill,w_280,h_210,f_jpg?from=ke.com
20230903,朝阳,健翔桥,101118973024,丝竹园小区 双南向采光好 格局方正 可贷款产权清晰,438万,77195元/平,顶层 (共6层) | 1989年建 | 2室1厅 | 56.74平米 | 南,https://ke-image.ljcdn.com/110000-inspection/pc1_A5SWM1v98.jpg!m_fill,w_280,h_210,f_jpg?from=ke.com
20230903,朝阳,健翔桥,101118944429,华严北里9号院 精装修中间层南北通透随时签约,408万,88831元/平,中楼层 (共6层) | 1986年建 | 1室0厅 | 45.93平米 | 南 北,https://ke-image.ljcdn.com/110000-inspection/pc1_SXnyLRXa2.jpg!m_fill,w_280,h_210,f_jpg?from=ke.com
20230903,朝阳,健翔桥,101118916223,鸟巢水立方首付97万 70年产权,230万,70080元/平,中楼层 (共13层) 1室0厅 | 32.82平米 | 西,https://ke-image.ljcdn.com/110000-inspection/329893ff-f6e6-48f2-98c1-a67a4ac8756c_1000.jpg!m_fill,w_280,h_210,f_jpg?from=ke.com
20230903,朝阳,健翔桥,101118906395,华严北里精装两居婚房装修满五唯一产权清晰,588万,88822元/平,低楼层 (共18层) | 1993年建 | 2室1厅 | 66.2平米 | 西北,https://ke-image.ljcdn.com/110000-inspection/pc1_hbjzXftbj.jpg!m_fill,w_280,h_210,f_jpg?from=ke.com
20230903,朝阳,健翔桥,101118903240,满五年唯一 临地铁 总 价 低 随时面谈签约,235万,72688元/平,高楼层 (共13层) 1室0厅 | 32.33平米 | 西,https://ke-image.ljcdn.com/110000-inspection/77bb9a9d-258a-476d-a16a-54c30f6a370d_1000.jpg!m_fill,w_280,h_210,f_jpg?from=ke.com
20230903,朝阳,健翔桥,101118842502,四环内楼龄新单价低高楼层视野好户型方正,495万,61675元/平,中楼层 (共11层) | 2004年建 | 1室1厅 | 80.26平米 | 西北,https://ke-image.ljcdn.com/110000-inspection/pc1_FRC9P7m2w.jpg!m_fill,w_280,h_210,f_jpg?from=ke.com
20230903,朝阳,健翔桥,101118799243,安翔南里独门独院管理好精装修中间层,425万,75222元/平,中楼层 (共6层) | 1989年建 | 2室1厅 | 56.5平米 | 北 南,https://ke-image.ljcdn.com/110000-inspection/pc1_Z3t3O3rK7_1.jpg!m_fill,w_280,h_210,f_jpg?from=ke.com
20230903,朝阳,健翔桥,101118793892,北四环华盛乐章 全南向三居精装修电梯直达采光好,1245万,75450元/平,低楼层 (共23层) | 2001年建 | 3室1厅 | 165.01平米 | 南,https://ke-image.ljcdn.com/110000-inspection/26155be6-8b2f-4027-b537-7554d7a6a92e_1000.jpg!m_fill,w_280,h_210,f_jpg?from=ke.com
20230903,朝阳,健翔桥,101118772580,华亭嘉园高层 客厅带落地阳台客厅面宽宽格局规整房主自荐,718万,82719元/平,中楼层 (共32层) | 2000年建 | 2室1厅 | 86.8平米 | 东北,https://ke-image.ljcdn.com/110000-inspection/pc1_zY27bMIJW.jpg!m_fill,w_280,h_210,f_jpg?from=ke.com
20230903,朝阳,健翔桥,101118701235,健翔国际公寓70年产权高楼层满五唯一业主诚意出售房主自荐,305万,66493元/平,高楼层 (共13层) 1室1厅 | 45.87平米 | 东,https://ke-image.ljcdn.com/110000-inspection/pc1_TXVLVgcFb.jpg!m_fill,w_280,h_210,f_jpg?from=ke.com
20230903,朝阳,健翔桥,101118679176,四环内近地铁健翔国际公寓 1-0-1-1,252万,71959元/平,高楼层 (共13层) 1室0厅 | 35.02平米 | 西,https://ke-image.ljcdn.com/110000-inspection/8559049d-2096-4d5d-a298-649046329c27_1000.jpg!m_fill,w_280,h_210,f_jpg?from=ke.com
20230903,朝阳,健翔桥,101118626620,华亭东南两居客厅带落地阳台观奥运场馆高层采光好房主自荐,1260万,82683元/平,高楼层 (共32层) | 2000年建 | 2室2厅 | 152.39平米 | 东南,https://ke-image.ljcdn.com/110000-inspection/pc1_riMaLjGGj.jpg!m_fill,w_280,h_210,f_jpg?from=ke.com
20230903,朝阳,健翔桥,101118584988,谈价空间大 峻峰华亭  观鸟巢水立方 东南上跃 落地窗,1080万,53785元/平,顶层 (共11层) | 2004年建 | 4室2厅 | 200.8平米 | 东 西,https://ke-image.ljcdn.com/110000-inspection/pc1_JXmKA4Pw6.jpg!m_fill,w_280,h_210,f_jpg?from=ke.com
20230903,朝阳,健翔桥,101118577305,四环内 正规一居室 低楼层 没遮挡 不临街 安静宜居,310万,64990元/平,低楼层 (共6层) | 1992年建 | 1室1厅 | 47.7平米 | 西南,https://ke-image.ljcdn.com/110000-inspection/pc1_bHAxKCkiq.jpg!m_fill,w_280,h_210,f_jpg?from=ke.com
20230903,朝阳,健翔桥,101118560552,华严里 满五年唯一 层高3米 随时签约 随时看房,830万,93039元/平,底层 (共5层) 3室1厅 | 89.21平米 | 东 西,https://ke-image.ljcdn.com/110000-inspection/pc1_XlkKHyWLH.jpg!m_fill,w_280,h_210,f_jpg?from=ke.com
20230903,朝阳,健翔桥,101118553911,健翔国际公寓 西向一居 近地铁 楼下超市 2007年楼龄新,205万,77068元/平,中楼层 (共13层) | 2007年建 | 1室1厅 | 26.6平米 | 西,https://ke-image.ljcdn.com/110000-inspection/7cc2452c-5fab-422a-a315-089477049a86_1000.jpg!m_fill,w_280,h_210,f_jpg?from=ke.com
20230903,朝阳,健翔桥,101118552679,华严北里小区 一居室 大客厅 采光充足,385万,77952元/平,顶层 (共6层) 1室1厅 | 49.39平米 | 东南,https://ke-image.ljcdn.com/110000-inspection/6dbd582b-556f-4c90-a9f8-1a008c161ef8_1000.jpg!m_fill,w_280,h_210,f_jpg?from=ke.com
20230903,朝阳,健翔桥,101118552290,健翔山庄双拼别墅地上四层随时签约,3750万,85911元/平,底层 (共4层) | 1995年建 | 7室7厅 | 436.5平米 | 东 南 北,https://ke-image.ljcdn.com/110000-inspection/pc1_9hs9TzbhP_2.jpg!m_fill,w_280,h_210,f_jpg?from=ke.com
20230903,朝阳,健翔桥,101118526881,华严北里小区甲65号楼 南北通透 中间楼层 随时签约房主自荐,799万,97773元/平,中楼层 (共6层) | 1999年建 | 2室1厅 | 81.72平米 | 南 北,https://ke-image.ljcdn.com/110000-inspection/f4532c3c-f9c4-4cbd-9d6b-4ddc980e021d_1000.jpg!m_fill,w_280,h_210,f_jpg?from=ke.com
20230903,朝阳,健翔桥,101118496510,华严北里小区 政协家属院 南北通透 户型方正,863万,99919元/平,高楼层 (共6层) | 1991年建 | 3室1厅 | 86.37平米 | 南 北,https://ke-image.ljcdn.com/110000-inspection/pc1_YmLzsYaqB.jpg!m_fill,w_280,h_210,f_jpg?from=ke.com
20230903,朝阳,健翔桥,101118472986,安静不临街 业主诚心卖 随时能签 满两年 2007年商品房,283万,66651元/平,中楼层 (共13层) | 2007年建 | 1室0厅 | 42.46平米 | 东,https://ke-image.ljcdn.com/110000-inspection/pc1_4y44i8Wts.jpg!m_fill,w_280,h_210,f_jpg?from=ke.com
20230903,朝阳,健翔桥,101118466271,丝竹园南向大一居室 满五唯一 视野好无遮挡 随时签约,439万,75236元/平,高楼层 (共16层) | 1984年建 | 1室1厅 | 58.35平米 | 南,https://ke-image.ljcdn.com/110000-inspection/f9bbe064-2836-4ca2-8c33-c7acc2253974_1000.jpg!m_fill,w_280,h_210,f_jpg?from=ke.com
20230903,朝阳,健翔桥,101118423013,安翔里全明格局自住精装直接入住南北通透三面采光,562万,82928元/平,底层 (共5层) | 1986年建 | 3室1厅 | 67.77平米 | 南 北 西,https://ke-image.ljcdn.com/110000-inspection/82f2628b-caee-4f06-9cfc-2846987628de_1000.jpg!m_fill,w_280,h_210,f_jpg?from=ke.com
20230903,朝阳,健翔桥,101118391959,华严北里9号院 精装复式 有电梯 明厨明卫明厅 有车位,1198万,85128元/平,高楼层 (共11层) | 1993年建 | 3室2厅 | 140.73平米 | 南 北,https://ke-image.ljcdn.com/110000-inspection/pc1_mAXoDm5aX.jpg!m_fill,w_280,h_210,f_jpg?from=ke.com
20230903,朝阳,健翔桥,101118388184,马甸经典家园       满五年唯一   无遮挡  电梯直达房主自荐,565万,87557元/平,低楼层 (共24层) | 2001年建 | 1室1厅 | 64.53平米 | 东北,https://ke-image.ljcdn.com/110000-inspection/pc1_398vnj8Xr.jpg!m_fill,w_280,h_210,f_jpg?from=ke.com
20230903,朝阳,健翔桥,101118343656,健翔国际公寓西向开间采光好楼龄新,226万,69432元/平,中楼层 (共13层) | 2007年建 | 1室0厅 | 32.55平米 | 西,https://ke-image.ljcdn.com/110000-inspection/pc1_PRtjGe9v4.jpg!m_fill,w_280,h_210,f_jpg?from=ke.com
20230903,朝阳,健翔桥,101118303551,亚奥人家 高层 邻鸟巢水立方 随时面谈 随时签约,940万,76591元/平,中楼层 (共22层) | 2000年建 | 2室1厅 | 122.73平米 | 西南,https://ke-image.ljcdn.com/110000-inspection/pc1_zge8t7elH.jpg!m_fill,w_280,h_210,f_jpg?from=ke.com
20230903,朝阳,健翔桥,101118231702,中科院钢混 通透户型 有电梯 上下水主管道已更换,555万,91691元/平,高楼层 (共16层) | 1996年建 | 2室1厅 | 60.53平米 | 南 东南 北,https://ke-image.ljcdn.com/110000-inspection/pc1_HQ35RyegT.jpg!m_fill,w_280,h_210,f_jpg?from=ke.com
20230903,朝阳,健翔桥,101118154183,华亭嘉园 双卧南向客厅可观奥运场馆户型方正！房主自荐,1485万,78843元/平,低楼层 (共32层) | 2000年建 | 3室2厅 | 188.35平米 | 东南 北,https://ke-image.ljcdn.com/110000-inspection/165697a2-87b2-4fe5-b81c-000025af0df0_1000.jpg!m_fill,w_280,h_210,f_jpg?from=ke.com
20230903,朝阳,健翔桥,101118036695,全明格局四环内单价6.7万附储物间满五年成本价,378万,67117元/平,顶层 (共6层) 1室1厅 | 56.32平米 | 西南,https://ke-image.ljcdn.com/110000-inspection/d07f52ee-d743-4316-905f-f46bd47374c1_1000.jpg!m_fill,w_280,h_210,f_jpg?from=ke.com
20230903,朝阳,健翔桥,101118035948,民政局家属院单位自管94年钢混采光充足诚意卖,429万,85187元/平,低楼层 (共11层) | 1993年建 | 1室1厅 | 50.36平米 | 西,https://ke-image.ljcdn.com/110000-inspection/pc1_VKhcqR1NQ_1.jpg!m_fill,w_280,h_210,f_jpg?from=ke.com
20230903,朝阳,健翔桥,101118035766,经理强烈推荐 五年唯一 中间楼层 鸟巢水立方旁,460万,81072元/平,低楼层 (共6层) | 1989年建 | 2室1厅 | 56.74平米 | 南,https://ke-image.ljcdn.com/110000-inspection/pc1_JjHX3jbfL_1.jpg!m_fill,w_280,h_210,f_jpg?from=ke.com
20230903,朝阳,健翔桥,101118013871,总监推荐 99年电梯房 临鸟巢水立方 单独物业五年唯一,1078万,69161元/平,中楼层 (共22层) | 2000年建 | 3室2厅 | 155.87平米 | 西北,https://ke-image.ljcdn.com/110000-inspection/pc1_xBUauU7Tm_1.jpg!m_fill,w_280,h_210,f_jpg?from=ke.com
20230903,朝阳,健翔桥,101117996510,中华民族园住宅楼1997年建成独立单位院自持物业房主自荐,778万,81144元/平,顶层 (共6层) | 1997年建 | 3室1厅 | 95.88平米 | 东南 北,https://ke-image.ljcdn.com/110000-inspection/ef5b3424-4b9f-40a8-bde9-41fa648ed101_1000.jpg!m_fill,w_280,h_210,f_jpg?from=ke.com
20230903,朝阳,健翔桥,101117993296,北四环里精装一居中间层不临街地震局家属院,415万,94490元/平,中楼层 (共6层) | 1988年建 | 1室1厅 | 43.92平米 | 南,https://ke-image.ljcdn.com/110000-inspection/pc1_0EFy2laCm.jpg!m_fill,w_280,h_210,f_jpg?from=ke.com
20230903,朝阳,健翔桥,101117992148,安翔里南向小两居无遮挡楼道干净,455万,91421元/平,底层 (共5层) | 1979年建 | 2室1厅 | 49.77平米 | 南,https://ke-image.ljcdn.com/110000-inspection/pc1_XU1X5hQ34.jpg!m_fill,w_280,h_210,f_jpg?from=ke.com
20230903,朝阳,健翔桥,101117987018,北四环内精装大客厅全明两居室满五年唯一商品房,573万,93506元/平,中楼层 (共18层) | 1993年建 | 2室1厅 | 61.28平米 | 东南,https://ke-image.ljcdn.com/110000-inspection/pc1_SQZlzHsh0.jpg!m_fill,w_280,h_210,f_jpg?from=ke.com
20230903,朝阳,健翔桥,101117968384,华亭嘉园 华润物业 户型方正 落地窗 主推房源 价可谈,1299万,81998元/平,低楼层 (共32层) | 2000年建 | 3室2厅 | 158.42平米 | 西南,https://ke-image.ljcdn.com/110000-inspection/pc1_NoFNj9j8S.jpg!m_fill,w_280,h_210,f_jpg?from=ke.com
20230903,朝阳,健翔桥,101117950976,健翔国际公寓 1室1厅 东,395万,57665元/平,顶层 (共13层) | 2007年建 | 1室1厅 | 68.5平米 | 东,https://ke-image.ljcdn.com/110000-inspection/3650f244-2129-456b-8681-8ba5811c5bab_1000.jpg!m_fill,w_280,h_210,f_jpg?from=ke.com
20230903,朝阳,健翔桥,101117935144,满五年不唯一  原网签380 99年建成单独物业管理,1118万,70417元/平,高楼层 (共22层) | 1999年建 | 3室2厅 | 158.77平米 | 东南,https://ke-image.ljcdn.com/110000-inspection/pc1_ZlGxXaMkS.jpg!m_fill,w_280,h_210,f_jpg?from=ke.com
20230903,朝阳,健翔桥,101117923738,华严北里小区1995年钢混电梯直达朝南一居室房主自荐,380万,79532元/平,顶层 (共18层) | 1994年建 | 1室1厅 | 47.78平米 | 南,https://ke-image.ljcdn.com/110000-inspection/pc1_EQQdj8gnj.jpg!m_fill,w_280,h_210,f_jpg?from=ke.com
20230903,朝阳,健翔桥,101117890795,四环内中石油单位分房带电梯一居室满五年唯一,445万,93606元/平,中楼层 (共18层) | 1995年建 | 1室0厅 | 47.54平米 | 南,https://ke-image.ljcdn.com/110000-inspection/pc1_ss7R8pcVc.jpg!m_fill,w_280,h_210,f_jpg?from=ke.com
20230903,朝阳,健翔桥,101117877098,国管局单位四环内优质社区满五年唯一看房随时房主自荐,830万,91855元/平,低楼层 (共28层) | 1999年建 | 2室1厅 | 90.36平米 | 东南 北,https://ke-image.ljcdn.com/110000-inspection/pc1_BIvGrpHES.jpg!m_fill,w_280,h_210,f_jpg?from=ke.com
20230903,朝阳,健翔桥,101117833401,全明格局 拎包入住精装修 小区中间位置 不临街不吵闹,485万,74273元/平,顶层 (共6层) | 1989年建 | 2室1厅 | 65.3平米 | 西南 北,https://ke-image.ljcdn.com/110000-inspection/18cee64b-16db-47d6-855e-9cf5598efbb7_1000.jpg!m_fill,w_280,h_210,f_jpg?from=ke.com
20230903,朝阳,健翔桥,101117833030,四环内 政协分房 双卫三居 满五年唯一 无浪费面积,980万,93503元/平,低楼层 (共6层) | 1991年建 | 3室2厅 | 104.81平米 | 南 北,https://ke-image.ljcdn.com/110000-inspection/2ab9a4ec-7c4d-4961-88b6-da327efbf8ed_1000.jpg!m_fill,w_280,h_210,f_jpg?from=ke.com
20230903,朝阳,健翔桥,101117783456,此房满五唯一采光挺好且很安静无遮挡看房随时房主自荐,1090万,81241元/平,低楼层 (共32层) | 2002年建 | 2室2厅 | 134.17平米 | 东南,https://ke-image.ljcdn.com/110000-inspection/pc1_eHuz0nyV2.jpg!m_fill,w_280,h_210,f_jpg?from=ke.com
20230903,朝阳,健翔桥,101117778756,拎包入住精装房 有平改坡 地震局央产社区  1999年楼龄房主自荐,730万,93988元/平,顶层 (共6层) | 2000年建 | 2室1厅 | 77.67平米 | 南 北,https://ke-image.ljcdn.com/110000-inspection/pc1_ENVF0icRt.jpg!m_fill,w_280,h_210,f_jpg?from=ke.com
20230903,朝阳,健翔桥,101117759171,华严北里中科院 带电梯 东向两居 楼龄新 诚意卖,525万,85715元/平,高楼层 (共16层) | 1996年建 | 2室1厅 | 61.25平米 | 东,https://ke-image.ljcdn.com/110000-inspection/8aba3646-6b46-40c9-886f-6cadc9b5ebb4_1000.jpg!m_fill,w_280,h_210,f_jpg?from=ke.com
20230903,朝阳,健翔桥,101117692250,安翔里南北通透小三居 精装修满五唯一 随时签约,438万,78383元/平,底层 (共5层) | 1979年建 | 3室1厅 | 55.88平米 | 南 西 北,https://ke-image.ljcdn.com/110000-inspection/pc1_lmPoXg6Ze.jpg!m_fill,w_280,h_210,f_jpg?from=ke.com
20230903,朝阳,健翔桥,101117658305,健翔国际公寓 东向不临街 诚意出售 随时可以签约,274万,66862元/平,中楼层 (共13层) | 2007年建 | 1室0厅 | 40.98平米 | 东,https://ke-image.ljcdn.com/110000-inspection/96aaa116-04a3-407a-8584-722552c561e6_1000.jpg!m_fill,w_280,h_210,f_jpg?from=ke.com
20230903,朝阳,健翔桥,101117249145,华亭嘉园 精装修南北通透复式  有固定车位 挑高8.4米,3806万,71040元/平,高楼层 (共32层) | 2000年建 | 5室4厅 | 535.76平米 | 东 南 北,https://ke-image.ljcdn.com/110000-inspection/0fd099af-908a-42fb-b862-ded2d3d913ac_1000.jpg!m_fill,w_280,h_210,f_jpg?from=ke.com
20230903,朝阳,健翔桥,101117203257,峻峰华亭 圆弧落地大阳台 上跃 东南全明格局 高层观景,1300万,64742元/平,高楼层 (共11层) | 2004年建 | 3室1厅 | 200.8平米 | 东南,https://ke-image.ljcdn.com/110000-inspection/01f77b8d-e245-441d-bdf3-639b94853542_1000.jpg!m_fill,w_280,h_210,f_jpg?from=ke.com
20230903,朝阳,健翔桥,101117181474,健翔国际公寓70年产权高楼层业主诚意出售,252万,58293元/平,高楼层 (共13层) 1室0厅 | 43.23平米 | 东,https://ke-image.ljcdn.com/110000-inspection/pc1_oenvVDihP.jpg!m_fill,w_280,h_210,f_jpg?from=ke.com
20230903,朝阳,健翔桥,101117029203,正规一居精装修 正对小区花园 不临街 随时看房,660万,84844元/平,低楼层 (共32层) | 2000年建 | 1室1厅 | 77.79平米 | 东北,https://ke-image.ljcdn.com/110000-inspection/0f97d46d-639b-404b-b07c-236c7ee7558a_1000.jpg!m_fill,w_280,h_210,f_jpg?from=ke.com
20230903,朝阳,健翔桥,101117015912,北四环内 交通便利 大平层 视野好 楼层高 出行便利,2000万,49371元/平,高楼层 (共25层) | 2004年建 | 5室2厅 | 405.1平米 | 东 南 北,https://ke-image.ljcdn.com/110000-inspection/pc1_NW4uyoIGs_1.jpg!m_fill,w_280,h_210,f_jpg?from=ke.com
20230903,朝阳,健翔桥,101116962352,健翔国际公寓诚意出售随时可以签约,288万,70658元/平,高楼层 (共13层) | 2007年建 | 1室0厅 | 40.76平米 | 东,https://ke-image.ljcdn.com/110000-inspection/pc1_sIYy7idlx_1.jpg!m_fill,w_280,h_210,f_jpg?from=ke.com
20230903,朝阳,健翔桥,101116354635,亚奥人家 西南大两居 看房随时 签约随时 物业单独管理,920万,74962元/平,低楼层 (共22层) | 2000年建 | 2室1厅 | 122.73平米 | 西南,https://ke-image.ljcdn.com/110000-inspection/pc1_2NnzUOxKm.jpg!m_fill,w_280,h_210,f_jpg?from=ke.com
20230903,朝阳,健翔桥,101115100578,健翔国际公寓东向没有遮挡满五唯一,400万,54893元/平,高楼层 (共13层) | 2007年建 | 1室1厅 | 72.87平米 | 东,https://ke-image.ljcdn.com/110000-inspection/6de84065-1fc8-4dcf-a61e-aac53a2ab50f_1000.jpg!m_fill,w_280,h_210,f_jpg?from=ke.com
20230903,朝阳,健翔桥,101114024632,健翔国际公寓 小户型 年轻人过渡首套住房优选,160万,60151元/平,中楼层 (共13层) | 2007年建 | 1室0厅 | 26.6平米 | 西,https://ke-image.ljcdn.com/110000-inspection/d9dbed84-4ca8-4e0d-a067-cf2882635317_1000.jpg!m_fill,w_280,h_210,f_jpg?from=ke.com
20230903,朝阳,健翔桥,101113329828,北三环马甸桥北次顶层南北四居满五年唯一双入户门,1630万,61844元/平,中楼层 (共11层) 4室2厅 | 263.57平米 | 南 北,https://ke-image.ljcdn.com/110000-inspection/pc1_GAhn5wU7k_1.jpg!m_fill,w_280,h_210,f_jpg?from=ke.com
20230903,朝阳,健翔桥,101111302229,华亭嘉园  顶层复式  270°观景,4081万,70000元/平,高楼层 (共32层) | 2000年建 | 6室2厅 | 583平米 | 南 西 北,https://ke-image.ljcdn.com/110000-inspection/pc1_MVMkY69uM.jpg!m_fill,w_280,h_210,f_jpg?from=ke.com
20230903,朝阳,健翔桥,101110537970,祁家豁子8号东向高层不临街开间满五年唯一房主自荐,318万,69676元/平,中楼层 (共13层) 1室1厅 | 45.64平米 | 东,https://ke-image.ljcdn.com/110000-inspection/test-87fd1b80-be8d-4215-a200-af33b8eb891a.png!m_fill,w_280,h_210,f_jpg?from=ke.com
20230903,朝阳,健翔桥,101120882913,民族园9号院   2000年社区   满五年唯一新上,999万,100564元/平,底层 (共6层) 3室1厅 | 99.34平米 | 南 西 北,https://s1.ljcdn.com/pegasus/redskull/images/common/default_house_list.png?_v=20230816111335
20230903,朝阳,健翔桥,101120875143,丝竹园小区 1室1厅 南新上,432万,74458元/平,中楼层 (共16层) 1室1厅 | 58.02平米 | 南,https://s1.ljcdn.com/pegasus/redskull/images/common/default_house_list.png?_v=20230816111335
20230903,朝阳,健翔桥,101120863920,京民社区 民政局宿舍 全明格局两居室  精装修 近地铁新上,586万,88108元/平,顶层 (共14层) | 1990年建 | 2室1厅 | 66.51平米 | 东 南 北,https://s1.ljcdn.com/pegasus/redskull/images/common/default_house_list.png?_v=20230816111335
20230903,朝阳,健翔桥,101120849597,峻峰华亭 3室2厅 东 西新上,1650万,79826元/平,中楼层 (共11层) | 2004年建 | 3室2厅 | 206.7平米 | 东 西,https://s1.ljcdn.com/pegasus/redskull/images/common/default_house_list.png?_v=20230816111335
20230903,朝阳,健翔桥,101120843269,华严北里3号院 双南户型 业主诚心出售新上,555万,89100元/平,中楼层 (共14层) | 1986年建 | 2室1厅 | 62.29平米 | 南,https://s1.ljcdn.com/pegasus/redskull/images/common/default_house_list.png?_v=20230816111335
20230903,朝阳,健翔桥,101120735799,1202印刷厂宿舍南北三居室3-1-1-1,609万,92357元/平,高楼层 (共6层) | 1986年建 | 3室1厅 | 65.94平米 | 南 北,https://s1.ljcdn.com/pegasus/redskull/images/common/default_house_list.png?_v=20230816111335
20230903,朝阳,健翔桥,101120733604,地震局精装一居 正南向 离地铁健德门站五六百米房主自荐,430万,99079元/平,中楼层 (共16层) | 1991年建 | 1室1厅 | 43.4平米 | 南,https://s1.ljcdn.com/pegasus/redskull/images/common/default_house_list.png?_v=20230816111335
20230903,朝阳,健翔桥,101120718583,华严北里3号院 单位分房 诚心出售,610万,89286元/平,低楼层 (共14层) | 1986年建 | 3室1厅 | 68.32平米 | 东北,https://s1.ljcdn.com/pegasus/redskull/images/common/default_house_list.png?_v=20230816111335
20230903,朝阳,健翔桥,101120688645,峻峰华亭 3室1厅 南 北,1200万,61564元/平,中楼层 (共11层) | 2004年建 | 3室1厅 | 194.92平米 | 南 北,https://s1.ljcdn.com/pegasus/redskull/images/common/default_house_list.png?_v=20230816111335
20230903,朝阳,健翔桥,101120655081,安翔里小区+把边小三居户型+满五唯一商品房+不临街,420万,75162元/平,顶层 (共5层) | 1980年建 | 3室0厅 | 55.88平米 | 南 西 北,https://s1.ljcdn.com/pegasus/redskull/images/common/default_house_list.png?_v=20230816111335
20230903,朝阳,健翔桥,101120603750,华严里 3室1厅 南 北,680万,98480元/平,低楼层 (共6层) | 1981年建 | 3室1厅 | 69.05平米 | 南 北,https://s1.ljcdn.com/pegasus/redskull/images/common/default_house_list.png?_v=20230816111335
20230903,朝阳,健翔桥,101120464793,1999年地震局单位南北通透两居室大客厅停车方便,720万,98040元/平,顶层 (共6层) | 1999年建 | 2室1厅 | 73.44平米 | 南 北,https://s1.ljcdn.com/pegasus/redskull/images/common/default_house_list.png?_v=20230816111335
20230903,朝阳,健翔桥,101120451553,丝竹园 改造小区 中楼层  一居室 全明格局,350万,77899元/平,中楼层 (共6层) | 1986年建 | 1室1厅 | 44.93平米 | 南,https://s1.ljcdn.com/pegasus/redskull/images/common/default_house_list.png?_v=20230816111335
20230903,朝阳,健翔桥,101120302821,华严里东南两居  采光好  物业好  车位充足 近地铁,710万,104045元/平,中楼层 (共16层) | 1992年建 | 2室1厅 | 68.24平米 | 南,https://s1.ljcdn.com/pegasus/redskull/images/common/default_house_list.png?_v=20230816111335
20230903,朝阳,健翔桥,101120218537,健翔国际公寓诚意出售东向安静不临街采光视野好,230万,65027元/平,高楼层 (共13层) 1室0厅 | 35.37平米 | 东,https://s1.ljcdn.com/pegasus/redskull/images/common/default_house_list.png?_v=20230816111335
20230903,朝阳,健翔桥,101120196950,华严北里小区独门独院 精装修 看房效果好,370万,68621元/平,中楼层 (共6层) | 1991年建 | 2室1厅 | 53.92平米 | 西 北,https://s1.ljcdn.com/pegasus/redskull/images/common/default_house_list.png?_v=20230816111335
20230903,朝阳,健翔桥,101120076341,中科院家属院 1996年建成 央产房 视野高楼层,558万,87174元/平,高楼层 (共12层) | 1994年建 | 2室1厅 | 64.01平米 | 西南,https://s1.ljcdn.com/pegasus/redskull/images/common/default_house_list.png?_v=20230816111335
20230903,朝阳,健翔桥,101120011871,华严北里 电梯房 正规客厅 1993年钢混不临街 单位分房,548万,81524元/平,中楼层 (共18层) | 1993年建 | 2室1厅 | 67.22平米 | 西北,https://s1.ljcdn.com/pegasus/redskull/images/common/default_house_list.png?_v=20230816111335
20230903,朝阳,健翔桥,101119884476,楼层高 直观西山落日余晖 电梯两居 随时可以签约,1029万,76694元/平,高楼层 (共32层) | 2000年建 | 2室2厅 | 134.17平米 | 西南,https://s1.ljcdn.com/pegasus/redskull/images/common/default_house_list.png?_v=20230816111335
20230903,朝阳,健翔桥,101119362481,安翔里小区西院儿单独管理环境好满五唯一,540万,94754元/平,低楼层 (共6层) | 1990年建 | 2室1厅 | 56.99平米 | 南 北,https://s1.ljcdn.com/pegasus/redskull/images/common/default_house_list.png?_v=20230816111335
20230903,朝阳,健翔桥,101119245311,华亭嘉园不临街楼座三居室满五唯一,1658万,82954元/平,中楼层 (共32层) | 2000年建 | 3室2厅 | 199.87平米 | 东 东南,https://s1.ljcdn.com/pegasus/redskull/images/common/default_house_list.png?_v=20230816111335
20230903,朝阳,健翔桥,101119062266,华严北里中科院1996年建成南北通透二居带客厅,568万,93838元/平,高楼层 (共16层) | 1996年建 | 2室1厅 | 60.53平米 | 南 北,https://s1.ljcdn.com/pegasus/redskull/images/common/default_house_list.png?_v=20230816111335
20230903,朝阳,健翔桥,101118554345,北四环 健翔桥 首付160万入住鸟巢水立方西侧 自管楼,415万,73452元/平,顶层 (共6层) | 1989年建 | 2室1厅 | 56.5平米 | 南 北,https://s1.ljcdn.com/pegasus/redskull/images/common/default_house_list.png?_v=20230816111335
20230903,朝阳,健翔桥,101118005987,华亭嘉园 西南方正三居 不临街 面朝小区草坪 花园房主自荐,1600万,79440元/平,低楼层 (共32层) | 2000年建 | 3室2厅 | 201.41平米 | 西南,https://ke-image.ljcdn.com/110000-inspection/cc33a5fc-45d4-4df3-9d46-3c430e66468a.jpeg!m_fill,w_280,h_210,f_jpg?from=ke.com
20230903,朝阳,健翔桥,101117096150,元大都7号双入户居住户型不影响,2188万,78918元/平,低楼层 (共18层) | 2009年建 | 6室2厅 | 277.25平米 | 南 北,https://s1.ljcdn.com/pegasus/redskull/images/common/default_house_list.png?_v=20230816111335
20230903,朝阳,健翔桥,101103586768,北三环马甸桥北元大都遗址公园北南北向复式三居房主自荐,1400万,64413元/平,中楼层 (共18层) 3室2厅 | 217.35平米 | 南 北,https://ke-image.ljcdn.com/110000-inspection/cf0e1a4b-d3c7-4063-852f-77b37450972f.jpg!m_fill,w_280,h_210,f_jpg?from=ke.com
