20240319,大兴,观音寺,101123233378,观音寺北里 东西通透两居室 精装修 业主诚心卖必看好房,225万,26943元/平,高楼层 (共6层) | 1998年 | 2室1厅 | 83.51平米 | 东 西,https://ke-image.ljcdn.com/110000-inspection/47ece7dc-24e8-430c-b053-ace7c682c728_1000.jpg!m_fill,w_280,h_210,f_jpg?from=ke.com
20240319,大兴,观音寺,101123187115,满五唯一 三居 格局方正 南北通透 次顶层 视野开阔必看好房,239万,28221元/平,高楼层 (共6层) | 1995年 | 3室1厅 | 84.69平米 | 南 北,https://ke-image.ljcdn.com/110000-inspection/pc1_HPGoPcC4K.jpg!m_fill,w_280,h_210,f_jpg?from=ke.com
20240319,大兴,观音寺,101123073777,观音寺小区通透低楼层生活方便必看好房,195万,27601元/平,低楼层 (共6层) | 1994年 | 2室1厅 | 70.65平米 | 东 西,https://ke-image.ljcdn.com/110000-inspection/pc1_N065Nhbhr.jpg!m_fill,w_280,h_210,f_jpg?from=ke.com
20240319,大兴,观音寺,101121847302,宇丰苑 2室1厅 南 北必看好房,242万,25558元/平,顶层 (共6层) | 2004年 | 2室1厅 | 94.69平米 | 南 北,https://ke-image.ljcdn.com/110000-inspection/f0768faf-755c-417b-a376-a838a61b1d25_1000.jpg!m_fill,w_280,h_210,f_jpg?from=ke.com
20240319,大兴,观音寺,101120488585,观音寺小区 中间楼层 南北通透两居室 精装修必看好房,227万,29355元/平,中楼层 (共6层) | 1998年 | 2室1厅 | 77.33平米 | 南 北,https://ke-image.ljcdn.com/110000-inspection/pc1_mddb96YuE.jpg!m_fill,w_280,h_210,f_jpg?from=ke.com
20240319,大兴,观音寺,101123174301,海子角西里 2室1厅 南 北,249万,28264元/平,底层 (共6层) | 2003年 | 2室1厅 | 88.1平米 | 南 北,https://ke-image.ljcdn.com/110000-inspection/pc1_KurIWh9Bg_1.jpg!m_fill,w_280,h_210,f_jpg?from=ke.com
20240319,大兴,观音寺,101122530014,海子角西里南北通透两居低楼层,243万,27583元/平,低楼层 (共6层) | 2003年 | 2室1厅 | 88.1平米 | 南 北,https://ke-image.ljcdn.com/110000-inspection/ee684e30-ce40-4c95-bd76-d31e6ab2f0f9_1000.jpg!m_fill,w_280,h_210,f_jpg?from=ke.com
20240319,大兴,观音寺,101121383795,双河南里满五唯一 南北通透 商品房 采光好 近地铁,189万,24745元/平,顶层 (共6层) 2室1厅 | 76.38平米 | 南 北,https://ke-image.ljcdn.com/110000-inspection/db73b56b-8904-4725-9654-dafc47c3c018_1000.jpg!m_fill,w_280,h_210,f_jpg?from=ke.com
20240319,大兴,观音寺,101118716673,辛店小区 南北通透三居 免费停车 有健身设施必看好房,190万,25073元/平,低楼层 (共6层) 3室1厅 | 75.78平米 | 南 北,https://ke-image.ljcdn.com/110000-inspection/6d581a98-7dd1-4665-b812-1162115a07a1_1000.jpg!m_fill,w_280,h_210,f_jpg?from=ke.com
20240319,大兴,观音寺,101123394369,观音寺新区 南北通透三居 全明格局 户型好 采光好必看好房,435万,34172元/平,中楼层 (共5层) 3室2厅 | 127.3平米 | 南 北,https://ke-image.ljcdn.com/110000-inspection/pc1_UxTKXplYN.jpg!m_fill,w_280,h_210,f_jpg?from=ke.com
20240319,大兴,观音寺,101123186120,店长推荐 海悦公馆精装一居 适合刚需 年轻人 业主急售必看好房,155万,38548元/平,低楼层 (共24层) | 2014年 | 1室0厅 | 40.21平米 | 北,https://ke-image.ljcdn.com/110000-inspection/pc1_HWrkI00Vx_1.jpg!m_fill,w_280,h_210,f_jpg?from=ke.com
20240319,大兴,观音寺,101121167281,观音寺南里 满两年只有契税 南北通透双阳台采光好必看好房,199万,27094元/平,高楼层 (共6层) | 1994年 | 2室1厅 | 73.45平米 | 南 北,https://ke-image.ljcdn.com/110000-inspection/pc1_CGxI4DViD.jpg!m_fill,w_280,h_210,f_jpg?from=ke.com
20240319,大兴,观音寺,101121013165,观音寺新区顶层复式三居室便宜出售,220万,24456元/平,顶层 (共6层) | 2002年 | 2室1厅 | 89.96平米 | 南 北,https://ke-image.ljcdn.com/110000-inspection/fff9480a-d40c-4b84-ad07-40ab748cae2a_1000.jpg!m_fill,w_280,h_210,f_jpg?from=ke.com
20240319,大兴,观音寺,101123369614,绿色庄园 低楼层 南北通透优质两居新上,310万,34138元/平,低楼层 (共6层) | 2004年 | 2室2厅 | 90.81平米 | 南 北,https://ke-image.ljcdn.com/110000-inspection/cfad4922-2e2e-448a-8c45-3a4127231b2d_1000.jpg!m_fill,w_280,h_210,f_jpg?from=ke.com
20240319,大兴,观音寺,101123363187,观音寺版块2014年电梯房满五唯一中间楼层新上,289万,37843元/平,中楼层 (共24层) | 2014年 | 2室1厅 | 76.37平米 | 南,https://ke-image.ljcdn.com/110000-inspection/pc1_kkCkMfOOq.jpg!m_fill,w_280,h_210,f_jpg?from=ke.com
20240319,大兴,观音寺,101123340262,广厦家园  中间楼层  满二年网签价198万新上,180万,31475元/平,中楼层 (共5层) | 2007年 | 1室1厅 | 57.19平米 | 西 北,https://ke-image.ljcdn.com/110000-inspection/7a6b8b2c-5d55-4db1-a038-1ef9337269cc_1000.jpg!m_fill,w_280,h_210,f_jpg?from=ke.com
20240319,大兴,观音寺,101123328774,满五唯一 南北通透两居 全明格局 2001年房 落地阳台新上,360万,30432元/平,顶层 (共6层) 2室2厅 | 118.3平米 | 南 北,https://ke-image.ljcdn.com/110000-inspection/b54acd46-92dc-434c-bb4d-870b4740bd69_1000.jpg!m_fill,w_280,h_210,f_jpg?from=ke.com
20240319,大兴,观音寺,101123301808,观音寺南里  中间层  明厅户型新上,220万,32282元/平,中楼层 (共6层) | 1995年 | 2室1厅 | 68.15平米 | 南 北 东,https://ke-image.ljcdn.com/110000-inspection/0efd0d78-fff8-4d62-903f-0074ec5c1a97_1000.jpg!m_fill,w_280,h_210,f_jpg?from=ke.com
20240319,大兴,观音寺,101123283959,观音寺新区 电梯三居  满五年唯一 三阳开泰户型,466万,39200元/平,低楼层 (共9层) | 2002年 | 3室2厅 | 118.88平米 | 南 北,https://ke-image.ljcdn.com/110000-inspection/725ff8cd-3704-47b7-af34-99b90bec497b_1000.jpg!m_fill,w_280,h_210,f_jpg?from=ke.com
20240319,大兴,观音寺,101123228662,观音寺两居室满五年婚房装修诚心卖,208万,29338元/平,中楼层 (共6层) | 1996年 | 2室1厅 | 70.9平米 | 南 北,https://ke-image.ljcdn.com/110000-inspection/a45449e1-d698-46be-9e1c-2df130da3f53_1000.jpg!m_fill,w_280,h_210,f_jpg?from=ke.com
20240319,大兴,观音寺,101123220388,海悦公馆 2室1厅 南,298万,39021元/平,低楼层 (共24层) | 2014年 | 2室1厅 | 76.37平米 | 南,https://ke-image.ljcdn.com/110000-inspection/pc1_BaTOh6uCK_2.jpg!m_fill,w_280,h_210,f_jpg?from=ke.com
20240319,大兴,观音寺,101123216283,双河南里 1室1厅 东北,155万,33843元/平,高楼层 (共6层) | 1997年 | 1室1厅 | 45.8平米 | 东北,https://ke-image.ljcdn.com/110000-inspection/pc1_v0XcV1OMW_1.jpg!m_fill,w_280,h_210,f_jpg?from=ke.com
20240319,大兴,观音寺,101123188470,观音寺南里 2室1厅 南 北,268万,30497元/平,高楼层 (共6层) 2室1厅 | 87.88平米 | 南 北,https://ke-image.ljcdn.com/110000-inspection/pc1_7GeoT4wUx.jpg!m_fill,w_280,h_210,f_jpg?from=ke.com
20240319,大兴,观音寺,101123178569,海子角南里 2室1厅 南 北,215万,29368元/平,中楼层 (共6层) | 1996年 | 2室1厅 | 73.21平米 | 南 北,https://ke-image.ljcdn.com/110000-inspection/711f5707-65b4-482c-9d0f-8a9e7f022c22_1000.jpg!m_fill,w_280,h_210,f_jpg?from=ke.com
20240319,大兴,观音寺,101123173654,双河南里 2室1厅 南 北,249万,35879元/平,低楼层 (共6层) | 1996年 | 2室1厅 | 69.4平米 | 南 北,https://ke-image.ljcdn.com/110000-inspection/aada82db-4599-4df4-ab57-a50199f0599b_1000.jpg!m_fill,w_280,h_210,f_jpg?from=ke.com
20240319,大兴,观音寺,101123167736,三居格局方正东西北三面采光视野开阔低楼层房主自荐,249万,29957元/平,底层 (共6层) | 1994年 | 3室1厅 | 83.12平米 | 东 西 北,https://ke-image.ljcdn.com/110000-inspection/4553c5cc-3126-44ad-a47e-06d87fa19eb8_1000.jpg!m_fill,w_280,h_210,f_jpg?from=ke.com
20240319,大兴,观音寺,101123154538,海子角南里 2室1厅 南,195万,25081元/平,低楼层 (共6层) | 1998年 | 2室1厅 | 77.75平米 | 南,https://ke-image.ljcdn.com/110000-inspection/pc1_iixHuRaX7.jpg!m_fill,w_280,h_210,f_jpg?from=ke.com
20240319,大兴,观音寺,101123150587,2014年建成电梯房 精装修拎包入住 落地窗采光好,189万,42936元/平,低楼层 (共18层) | 2014年 | 2室1厅 | 44.02平米 | 西 北,https://ke-image.ljcdn.com/110000-inspection/pc1_t63HZpo9f.jpg!m_fill,w_280,h_210,f_jpg?from=ke.com
20240319,大兴,观音寺,101123147495,双河南里 2室1厅 南 北,228万,29922元/平,高楼层 (共6层) | 1997年 | 2室1厅 | 76.2平米 | 南 北,https://ke-image.ljcdn.com/110000-inspection/4ff1fa1b-840d-4b00-8ee9-f781033705f2_1000.jpg!m_fill,w_280,h_210,f_jpg?from=ke.com
20240319,大兴,观音寺,101123069311,海子角西里 2室1厅 南 北,238万,28558元/平,顶层 (共6层) | 2000年 | 2室1厅 | 83.34平米 | 南 北,https://ke-image.ljcdn.com/110000-inspection/ca89e2cb-c6f8-43b4-8aa4-e366c94abb32_1000.jpg!m_fill,w_280,h_210,f_jpg?from=ke.com
20240319,大兴,观音寺,101123067703,观音寺北里 满五年唯一 诚心出售客厅带阳台,195万,28082元/平,顶层 (共6层) | 1996年 | 2室1厅 | 69.44平米 | 南 北,https://ke-image.ljcdn.com/110000-inspection/36910cad-33b8-49b3-94cd-3f260d88e720_1000.jpg!m_fill,w_280,h_210,f_jpg?from=ke.com
20240319,大兴,观音寺,101123055782,海子角西里 2室1厅 南 北,245万,29540元/平,中楼层 (共6层) | 2000年 | 2室1厅 | 82.94平米 | 南 北,https://ke-image.ljcdn.com/110000-inspection/b0c5ded4-2622-4573-8ee7-d0c924d27ca6_1000.jpg!m_fill,w_280,h_210,f_jpg?from=ke.com
20240319,大兴,观音寺,101123054121,观音寺小区南北通透低楼层随时可签无抵押,220万,31140元/平,低楼层 (共6层) | 1994年 | 2室1厅 | 70.65平米 | 南 北,https://ke-image.ljcdn.com/110000-inspection/pc1_z5LaLRZO0_2.jpg!m_fill,w_280,h_210,f_jpg?from=ke.com
20240319,大兴,观音寺,101123023495,2003年房 满五年 南北通透三居 低楼层 落地窗 外飘窗房主自荐,385万,35948元/平,低楼层 (共6层) | 2003年 | 3室2厅 | 107.1平米 | 南 北,https://ke-image.ljcdn.com/110000-inspection/pc1_WWObBqWnZ.jpg!m_fill,w_280,h_210,f_jpg?from=ke.com
20240319,大兴,观音寺,101123019165,大院里好位置户型宽敞满五年装修干净,253万,30395元/平,底层 (共6层) | 2000年 | 2室1厅 | 83.24平米 | 南 北,https://ke-image.ljcdn.com/110000-inspection/pc1_Hmranz8PH_1.jpg!m_fill,w_280,h_210,f_jpg?from=ke.com
20240319,大兴,观音寺,101123018937,观音寺 南北通透 中间楼层 采光好,275万,31537元/平,中楼层 (共6层) | 1998年 | 3室1厅 | 87.2平米 | 南 北,https://ke-image.ljcdn.com/110000-inspection/pc1_WxR1ABDVM.jpg!m_fill,w_280,h_210,f_jpg?from=ke.com
20240319,大兴,观音寺,101123018889,观音寺南里 3室1厅 南 北,243万,27446元/平,顶层 (共6层) | 1996年 | 3室1厅 | 88.54平米 | 南 北,https://ke-image.ljcdn.com/110000-inspection/9944e88a-432c-4239-9a4f-c8d3910175e9_1000.jpg!m_fill,w_280,h_210,f_jpg?from=ke.com
20240319,大兴,观音寺,101123001569,19号线南延黄村火车站板块满五唯一精装修,225万,29941元/平,中楼层 (共6层) | 1995年 | 2室1厅 | 75.15平米 | 东 西,https://ke-image.ljcdn.com/110000-inspection/4f469a20-dbd3-4c04-a516-5435f7c59a04_1000.jpg!m_fill,w_280,h_210,f_jpg?from=ke.com
20240319,大兴,观音寺,101122994920,双河南里 2室1厅 北 南,248万,32470元/平,高楼层 (共6层) 2室1厅 | 76.38平米 | 北 南,https://ke-image.ljcdn.com/110000-inspection/15de804b-ffa1-4cf9-a7df-6a6419b7a393_1000.jpg!m_fill,w_280,h_210,f_jpg?from=ke.com
20240319,大兴,观音寺,101122988266,观音寺小区南北通透的三居室户型方正格局好。,300万,36093元/平,中楼层 (共6层) | 1994年 | 3室1厅 | 83.12平米 | 南 北,https://ke-image.ljcdn.com/110000-inspection/pc1_NKtGOzkGL.jpg!m_fill,w_280,h_210,f_jpg?from=ke.com
20240319,大兴,观音寺,101122986524,观音寺南里 满五年 采光好精装修,251万,28324元/平,顶层 (共6层) 2室1厅 | 88.62平米 | 南 北,https://ke-image.ljcdn.com/110000-inspection/388e5858-e20d-480b-9751-f4c16a88ac54_1000.jpg!m_fill,w_280,h_210,f_jpg?from=ke.com
20240319,大兴,观音寺,101122965407,观音寺小区 南北通透两居室 格局方正 满五唯一商品房,215万,30282元/平,底层 (共6层) | 1995年 | 2室1厅 | 71平米 | 南 北,https://ke-image.ljcdn.com/110000-inspection/8165e498-2520-42f5-a4a7-de0cf0df7a4f_1000.jpg!m_fill,w_280,h_210,f_jpg?from=ke.com
20240319,大兴,观音寺,101122962686,双河南里 2室1厅 南 北,230万,27290元/平,顶层 (共6层) | 1998年 | 2室1厅 | 84.28平米 | 南 北,https://ke-image.ljcdn.com/110000-inspection/e2270533-4ca0-4e12-ba68-ab12fc07a1a1_1000.jpg!m_fill,w_280,h_210,f_jpg?from=ke.com
20240319,大兴,观音寺,101122957845,观音寺南里广厦家园满五唯一2003年建成随时签,225万,38181元/平,低楼层 (共6层) | 2003年 | 1室1厅 | 58.93平米 | 东 北,https://ke-image.ljcdn.com/110000-inspection/pc1_a5LuKy4wM.jpg!m_fill,w_280,h_210,f_jpg?from=ke.com
20240319,大兴,观音寺,101122946361,满五年 南北通透两居 中楼层 交通便利 配套齐全,230万,33436元/平,中楼层 (共6层) | 1994年 | 2室1厅 | 68.79平米 | 南 北,https://ke-image.ljcdn.com/110000-inspection/pc1_wpKx7Nb51.jpg!m_fill,w_280,h_210,f_jpg?from=ke.com
20240319,大兴,观音寺,101122942908,观音寺南里 2007年的房龄 满五唯一三居室 中间楼层,358万,34989元/平,中楼层 (共5层) | 2007年 | 3室1厅 | 102.32平米 | 南 北,https://ke-image.ljcdn.com/110000-inspection/pc1_do8i1lDMZ.jpg!m_fill,w_280,h_210,f_jpg?from=ke.com
20240319,大兴,观音寺,101122925199,观音寺小区南北通透的三居户型方正格局无浪费。房主自荐,320万,32630元/平,低楼层 (共6层) | 1999年 | 3室2厅 | 98.07平米 | 南 北,https://ke-image.ljcdn.com/110000-inspection/pc1_IvgQQ1pGi_1.jpg!m_fill,w_280,h_210,f_jpg?from=ke.com
20240319,大兴,观音寺,101122904327,海子角小区 南北通透 采光好 视野广阔 格局合理,210万,29762元/平,顶层 (共5层) | 1996年 | 2室1厅 | 70.56平米 | 南 北,https://ke-image.ljcdn.com/110000-inspection/2eb25480-e1b4-4870-b046-7230c046c378_1000.jpg!m_fill,w_280,h_210,f_jpg?from=ke.com
20240319,大兴,观音寺,101122903925,林海园 2室1厅 南,210万,24677元/平,低楼层 (共6层) | 2002年 | 2室1厅 | 85.1平米 | 南,https://ke-image.ljcdn.com/110000-inspection/ec7f29d6-0516-4731-bec8-8a7dbf2955a7_1000.jpg!m_fill,w_280,h_210,f_jpg?from=ke.com
20240319,大兴,观音寺,101122867087,此房满五年中楼层落地窗户型好前后无遮挡,280万,33354元/平,中楼层 (共6层) | 2003年 | 2室1厅 | 83.95平米 | 东南,https://ke-image.ljcdn.com/110000-inspection/pc1_9GqieSg2w.jpg!m_fill,w_280,h_210,f_jpg?from=ke.com
20240319,大兴,观音寺,101122816574,南北通透两居 小区中间位置 精装修 满五唯一房主自荐,210万,27808元/平,顶层 (共6层) | 1995年 | 2室1厅 | 75.52平米 | 南 北,https://ke-image.ljcdn.com/110000-inspection/acf51b3d-bed5-47b6-a3fd-cb5be3d81d6a_1000.jpg!m_fill,w_280,h_210,f_jpg?from=ke.com
20240319,大兴,观音寺,101122808288,辛店小区 2室1厅 南,195万,26934元/平,顶层 (共6层) | 1996年 | 2室1厅 | 72.4平米 | 南,https://ke-image.ljcdn.com/110000-inspection/1aa396b2-8dc3-4976-bfa0-5f9eb9a019a3_1000.jpg!m_fill,w_280,h_210,f_jpg?from=ke.com
20240319,大兴,观音寺,101122801476,海悦公馆 1室1厅 西北,230万,41442元/平,中楼层 (共18层) | 2014年 | 1室1厅 | 55.5平米 | 西北,https://ke-image.ljcdn.com/110000-inspection/b15aff03-7787-411e-abfc-bcc8d9f7202b_1000.jpg!m_fill,w_280,h_210,f_jpg?from=ke.com
20240319,大兴,观音寺,101122762116,总高8层电梯洋房满五唯一 精装修  2014年商品房,380万,43168元/平,中楼层 (共7层) 2室1厅 | 88.03平米 | 南 北,https://ke-image.ljcdn.com/110000-inspection/452fc347-b537-4729-92a6-3a3e1fee1262_1000.jpg!m_fill,w_280,h_210,f_jpg?from=ke.com
20240319,大兴,观音寺,101122750957,海子角西里 2室1厅 南 北,249万,29878元/平,中楼层 (共6层) | 2000年 | 2室1厅 | 83.34平米 | 南 北,https://ke-image.ljcdn.com/110000-inspection/0d9a38b7-f6d1-4ddf-9614-72193af46fdc_1000.jpg!m_fill,w_280,h_210,f_jpg?from=ke.com
20240319,大兴,观音寺,101122750597,观音寺满五年唯一采光好交通便利,240万,28874元/平,顶层 (共6层) | 1995年 | 3室1厅 | 83.12平米 | 东 南 西,https://ke-image.ljcdn.com/110000-inspection/f804a1a7-dc53-4d6b-869d-f9c7389f4e80_1000.jpg!m_fill,w_280,h_210,f_jpg?from=ke.com
20240319,大兴,观音寺,101122722789,宇丰苑 电梯房 2007年 高楼层 视野佳 停车免费,220万,32169元/平,中楼层 (共18层) 2室1厅 | 68.39平米 | 南,https://ke-image.ljcdn.com/110000-inspection/8cf824ad-2cc7-47ee-944d-7ad4b75bbf01_1000.jpg!m_fill,w_280,h_210,f_jpg?from=ke.com
20240319,大兴,观音寺,101122681289,双河南里 3室2厅 东 西 北,298万,29526元/平,低楼层 (共6层) | 1998年 | 3室2厅 | 100.93平米 | 东 西 北,https://ke-image.ljcdn.com/110000-inspection/c3fc18d4-6b9b-42bd-b86b-2a0b4b4c2087_1000.jpg!m_fill,w_280,h_210,f_jpg?from=ke.com
20240319,大兴,观音寺,101122677606,观音寺小区 满五唯一中间楼层,210万,30528元/平,中楼层 (共6层) | 1994年 | 2室1厅 | 68.79平米 | 南 北,https://ke-image.ljcdn.com/110000-inspection/a24d6266-8df4-4481-aa86-d23b8b3fe59a_1000.jpg!m_fill,w_280,h_210,f_jpg?from=ke.com
20240319,大兴,观音寺,101122674452,观音寺北里一层明厅三居南北阳台看房随时,266万,30505元/平,底层 (共6层) | 1998年 | 3室1厅 | 87.2平米 | 南 北,https://ke-image.ljcdn.com/110000-inspection/d5fe5baf-9a3b-4bb3-bd50-67f91e6125a2_1000.jpg!m_fill,w_280,h_210,f_jpg?from=ke.com
20240319,大兴,观音寺,101122646706,海子角西里南北通透低楼层两居室,248万,28064元/平,低楼层 (共6层) | 2003年 | 2室2厅 | 88.37平米 | 南 北,https://ke-image.ljcdn.com/110000-inspection/c762b345-9276-4f9a-8fbb-3fbfde06d83e_1000.jpg!m_fill,w_280,h_210,f_jpg?from=ke.com
20240319,大兴,观音寺,101122643813,观音寺新区 1室2厅 南 北,262万,38983元/平,高楼层 (共9层) | 2002年 | 1室2厅 | 67.21平米 | 南 北,https://ke-image.ljcdn.com/110000-inspection/a1aeec5d-15a6-4a45-99bd-1da5517ed4dd_1000.jpg!m_fill,w_280,h_210,f_jpg?from=ke.com
20240319,大兴,观音寺,101122629151,观音寺北里 南北朝向 三居室 明厅,265万,30390元/平,高楼层 (共6层) | 1998年 | 3室1厅 | 87.2平米 | 南 北,https://ke-image.ljcdn.com/110000-inspection/pc1_bnYuPaD5s_2.jpg!m_fill,w_280,h_210,f_jpg?from=ke.com
20240319,大兴,观音寺,101122626604,海悦公馆 2014年商品房 电梯 南北通透两居室,297万,35805元/平,高楼层 (共24层) | 2014年 | 2室1厅 | 82.95平米 | 南 北,https://ke-image.ljcdn.com/110000-inspection/dc34f817-b973-49a3-9e02-d5147ab94f1b_1000.jpg!m_fill,w_280,h_210,f_jpg?from=ke.com
20240319,大兴,观音寺,101122613626,林海园 2室2厅 南 北,170万,19972元/平,顶层 (共6层) | 2002年 | 2室2厅 | 85.12平米 | 南 北,https://ke-image.ljcdn.com/110000-inspection/c273b003-b4a7-4c68-be91-d393cd4f1013_1000.jpg!m_fill,w_280,h_210,f_jpg?from=ke.com
20240319,大兴,观音寺,101122610662,满五年唯一两居室 明厅户型 南北双通透,229万,27654元/平,顶层 (共6层) 2室1厅 | 82.81平米 | 南 北,https://ke-image.ljcdn.com/110000-inspection/pc1_FTOhid2eT_2.jpg!m_fill,w_280,h_210,f_jpg?from=ke.com
20240319,大兴,观音寺,101122585877,满五年 南北通透二室二厅 2001年房 中间层 南北双阳台,330万,30198元/平,中楼层 (共6层) | 2001年 | 2室2厅 | 109.28平米 | 南 北,https://ke-image.ljcdn.com/110000-inspection/pc1_OakPNGnwp_1.jpg!m_fill,w_280,h_210,f_jpg?from=ke.com
20240319,大兴,观音寺,101122569025,辛店小区 2室1厅 南,160万,26707元/平,顶层 (共6层) | 2000年 | 2室1厅 | 59.91平米 | 南,https://ke-image.ljcdn.com/110000-inspection/00a7dc2b-3546-4738-ae09-44f3106cbe83_1000.jpg!m_fill,w_280,h_210,f_jpg?from=ke.com
20240319,大兴,观音寺,101122561473,观音寺北里 东西通透两居室 高楼层 视野好 满五唯一,205万,24548元/平,顶层 (共6层) | 1998年 | 2室1厅 | 83.51平米 | 东 西,https://ke-image.ljcdn.com/110000-inspection/98a1ac9b-34c9-46c8-bd9d-340d856dc517_1000.jpg!m_fill,w_280,h_210,f_jpg?from=ke.com
20240319,大兴,观音寺,101122554035,观音寺 客厅有窗户采光好满五年唯一房主自荐,200万,29074元/平,顶层 (共6层) | 1995年 | 2室1厅 | 68.79平米 | 南 北,https://ke-image.ljcdn.com/110000-inspection/19958c69-2c01-4ddf-aced-db43776f2fe3_1000.jpg!m_fill,w_280,h_210,f_jpg?from=ke.com
20240319,大兴,观音寺,101122541065,双河南里三居 明厅户型 采光好 中楼层,268万,33367元/平,中楼层 (共6层) | 1997年 | 3室1厅 | 80.32平米 | 南 北,https://ke-image.ljcdn.com/110000-inspection/3370895f-a503-42a4-80a7-04a44b7d550d_1000.jpg!m_fill,w_280,h_210,f_jpg?from=ke.com
20240319,大兴,观音寺,101122533276,海子角东里 3室1厅 东 西,208万,25441元/平,高楼层 (共6层) | 1996年 | 3室1厅 | 81.76平米 | 东 西,https://ke-image.ljcdn.com/110000-inspection/b65a3ce8-f0f3-4a3b-afc0-e7d06cac0911_1000.jpg!m_fill,w_280,h_210,f_jpg?from=ke.com
20240319,大兴,观音寺,101122511939,海子角西里三室两厅南北通透低楼层诚意出售,320万,29556元/平,低楼层 (共6层) | 2000年 | 3室2厅 | 108.27平米 | 南 北,https://ke-image.ljcdn.com/110000-inspection/pc1_8gMDelgYA_1.jpg!m_fill,w_280,h_210,f_jpg?from=ke.com
20240319,大兴,观音寺,101122499345,一层一户 四室两厅两卫 低楼层 双面朝南 满五唯一,455万,32575元/平,低楼层 (共6层) 4室2厅 | 139.68平米 | 南 北,https://ke-image.ljcdn.com/110000-inspection/0ba21e51-023b-4761-ab84-e353184d2439_1000.jpg!m_fill,w_280,h_210,f_jpg?from=ke.com
20240319,大兴,观音寺,101122495875,海子角西里 3室2厅 南 北房主自荐,355万,28563元/平,高楼层 (共6层) | 2000年 | 3室2厅 | 124.29平米 | 南 北,https://ke-image.ljcdn.com/110000-inspection/pc1_ZSBuCRzTs_1.jpg!m_fill,w_280,h_210,f_jpg?from=ke.com
20240319,大兴,观音寺,101122472690,满五唯一 南北通透三居 全明格局 三卧朝阳,310万,33999元/平,高楼层 (共6层) | 1998年 | 3室1厅 | 91.18平米 | 南 北,https://ke-image.ljcdn.com/110000-inspection/de81fa54-5241-4a9b-81c2-7f8ecbac678b_1000.jpg!m_fill,w_280,h_210,f_jpg?from=ke.com
20240319,大兴,观音寺,101122460842,海悦公馆 2室1厅 南,320万,41902元/平,高楼层 (共24层) | 2014年 | 2室1厅 | 76.37平米 | 南,https://ke-image.ljcdn.com/110000-inspection/2ff99cd7-61e2-4610-922d-2bbe4a995bb7_1000.jpg!m_fill,w_280,h_210,f_jpg?from=ke.com
20240319,大兴,观音寺,101122460693,双河南里电梯房精装修满五唯一,230万,30368元/平,高楼层 (共6层) | 1997年 | 2室1厅 | 75.74平米 | 东 西,https://ke-image.ljcdn.com/110000-inspection/pc1_RnC9Vrlk5.jpg!m_fill,w_280,h_210,f_jpg?from=ke.com
20240319,大兴,观音寺,101122455866,黄村海子角南里 满五年唯一两居 业主诚心出售,178万,22839元/平,顶层 (共6层) | 2001年 | 2室1厅 | 77.94平米 | 西,https://ke-image.ljcdn.com/110000-inspection/844bd556-93a2-40ba-b0a3-1d7a0c46508a_1000.jpg!m_fill,w_280,h_210,f_jpg?from=ke.com
20240319,大兴,观音寺,101122454229,宇丰苑电梯房 一梯两户 满五唯一,360万,31568元/平,高楼层 (共15层) | 2004年 | 2室1厅 | 114.04平米 | 南 北,https://ke-image.ljcdn.com/110000-inspection/pc1_LPWVG9FrO.jpg!m_fill,w_280,h_210,f_jpg?from=ke.com
20240319,大兴,观音寺,101122447918,满五唯一南北通透改造小区出行方便价格可谈,191万,27998元/平,高楼层 (共6层) | 1996年 | 2室1厅 | 68.22平米 | 南 北,https://ke-image.ljcdn.com/110000-inspection/pc1_fNvViGOMZ_1.jpg!m_fill,w_280,h_210,f_jpg?from=ke.com
20240319,大兴,观音寺,101122412606,海子角南里 满五唯一 南北通透 两居室,205万,27820元/平,中楼层 (共6层) 2室1厅 | 73.69平米 | 南 北,https://ke-image.ljcdn.com/110000-inspection/77e7af44-3a98-45a7-84fd-1ff8ec8de334_1000.jpg!m_fill,w_280,h_210,f_jpg?from=ke.com
20240319,大兴,观音寺,101122358532,观音寺北里 3室1厅 南 北,270万,31410元/平,低楼层 (共6层) | 1997年 | 3室1厅 | 85.96平米 | 南 北,https://ke-image.ljcdn.com/110000-inspection/7c2e6e94-77c4-4ce6-bc1d-299723876d1c_1000.jpg!m_fill,w_280,h_210,f_jpg?from=ke.com
20240319,大兴,观音寺,101122343168,观音寺北里社区南边通透交通便利购物方便,245万,35268元/平,底层 (共6层) | 1997年 | 2室1厅 | 69.47平米 | 南 北,https://ke-image.ljcdn.com/110000-inspection/2d685c57-2728-447b-b4b7-834764b4db00_1000.jpg!m_fill,w_280,h_210,f_jpg?from=ke.com
20240319,大兴,观音寺,101122329379,双河南里 南北通透低楼层 两居室,240万,31422元/平,底层 (共6层) | 1996年 | 2室1厅 | 76.38平米 | 南 北,https://ke-image.ljcdn.com/110000-inspection/pc1_QPR6CKjJw.jpg!m_fill,w_280,h_210,f_jpg?from=ke.com
20240319,大兴,观音寺,101122316524,观音寺南里 南北通透两居室 前后无遮挡,275万,31011元/平,顶层 (共6层) | 2003年 | 2室1厅 | 88.68平米 | 南 北,https://ke-image.ljcdn.com/110000-inspection/ba350fa9-0a7c-4116-b5d3-f0f15d5686ec_1000.jpg!m_fill,w_280,h_210,f_jpg?from=ke.com
20240319,大兴,观音寺,101122315525,观音寺新区 2室1厅 南 北,355万,41203元/平,中楼层 (共12层) 2室1厅 | 86.16平米 | 南 北,https://ke-image.ljcdn.com/110000-inspection/pc1_1e5DvtRnN_2.jpg!m_fill,w_280,h_210,f_jpg?from=ke.com
20240319,大兴,观音寺,101122309456,观音寺南里 南北通透双阳台两居室 采光好 非顶层,185万,25984元/平,高楼层 (共6层) | 1994年 | 2室1厅 | 71.2平米 | 南 北,https://ke-image.ljcdn.com/110000-inspection/d93dbbc3-8c79-48df-b02b-39fe35434819_1000.jpg!m_fill,w_280,h_210,f_jpg?from=ke.com
20240319,大兴,观音寺,101122304467,海悦公馆 电梯房 全明格局 业主有产权车位可一同出售房主自荐,420万,42335元/平,中楼层 (共8层) | 2014年 | 3室2厅 | 99.21平米 | 南 北,https://ke-image.ljcdn.com/110000-inspection/d37be284-10d2-43e1-b189-6247ba516136_1000.jpg!m_fill,w_280,h_210,f_jpg?from=ke.com
20240319,大兴,观音寺,101122244312,观音寺南里  中高楼层视野好  诚心出售房主自荐,195万,32232元/平,高楼层 (共6层) | 1996年 | 2室1厅 | 60.5平米 | 南 北,https://ke-image.ljcdn.com/110000-inspection/d51ee8fe-5924-4c2a-8eed-15a67bd47274_1000.jpg!m_fill,w_280,h_210,f_jpg?from=ke.com
20240319,大兴,观音寺,101122240254,观音寺北里  明厅三居室  南北通透  诚心出售,249万,30281元/平,顶层 (共6层) | 1996年 | 3室1厅 | 82.23平米 | 南 北,https://ke-image.ljcdn.com/110000-inspection/e5ab024e-4d27-406c-9f93-2bf13a7e3ae2_1000.jpg!m_fill,w_280,h_210,f_jpg?from=ke.com
20240319,大兴,观音寺,101122233777,观音寺南里 满五年唯一 两居室 全明格局,200万,28090元/平,中楼层 (共6层) | 1994年 | 2室1厅 | 71.2平米 | 南 北,https://ke-image.ljcdn.com/110000-inspection/001701f1-adcb-4d2d-b6bc-101d46dbfb31_1000.jpg!m_fill,w_280,h_210,f_jpg?from=ke.com
20240319,大兴,观音寺,101122188386,海悦公馆 2室1厅 西,275万,35198元/平,中楼层 (共24层) | 2014年 | 2室1厅 | 78.13平米 | 西,https://ke-image.ljcdn.com/110000-inspection/de17fc9b-9c08-42d1-a745-0bca17e4309e_1000.jpg!m_fill,w_280,h_210,f_jpg?from=ke.com
20240319,大兴,观音寺,101122184165,海悦公馆 2室1厅 东,273万,33379元/平,高楼层 (共24层) | 2014年 | 2室1厅 | 81.79平米 | 东,https://ke-image.ljcdn.com/110000-inspection/1b6457aa-6f9a-43b6-b5a2-a8686e6f874d_1000.jpg!m_fill,w_280,h_210,f_jpg?from=ke.com
20240319,大兴,观音寺,101122169558,双河南里 1室1厅 东北,178万,34107元/平,中楼层 (共6层) 1室1厅 | 52.19平米 | 东北,https://ke-image.ljcdn.com/110000-inspection/pc1_xGyrPxQeo.jpg!m_fill,w_280,h_210,f_jpg?from=ke.com
20240319,大兴,观音寺,101122168071,观音寺南里满五唯一中高楼层南北通透配套完善。,305万,28698元/平,顶层 (共6层) 3室1厅 | 106.28平米 | 南 北,https://ke-image.ljcdn.com/110000-inspection/4d62c133-24ba-424d-a74d-fc73a8bbafde_1000.jpg!m_fill,w_280,h_210,f_jpg?from=ke.com
20240319,大兴,观音寺,101122150475,物资局小区 南北通透两居 次顶层满五唯一,238万,28558元/平,高楼层 (共6层) | 2000年 | 2室1厅 | 83.34平米 | 南 北,https://ke-image.ljcdn.com/110000-inspection/a79953b8-fd9b-4b68-86be-32e320118a8f_1000.jpg!m_fill,w_280,h_210,f_jpg?from=ke.com
20240319,大兴,观音寺,101122086306,辛店小区改造院 南北通透两居 配套齐全 中间楼层,158万,26636元/平,中楼层 (共6层) | 2000年 | 2室1厅 | 59.32平米 | 南 北,https://ke-image.ljcdn.com/110000-inspection/pc1_ZkTa6ST7g_2.jpg!m_fill,w_280,h_210,f_jpg?from=ke.com
20240319,大兴,观音寺,101122037657,双河南里 2室1厅 南 北,305万,33669元/平,底层 (共6层) 2室1厅 | 90.59平米 | 南 北,https://ke-image.ljcdn.com/110000-inspection/a61efc7e-f9af-4345-9f2f-55a2cce1ae29_1000.jpg!m_fill,w_280,h_210,f_jpg?from=ke.com
20240319,大兴,观音寺,101121985170,海子角南里 2室1厅 南 北,210万,28650元/平,顶层 (共6层) | 2001年 | 2室1厅 | 73.3平米 | 南 北,https://ke-image.ljcdn.com/110000-inspection/e8110ee3-231c-43b2-b87b-44df511365e4_1000.jpg!m_fill,w_280,h_210,f_jpg?from=ke.com
20240319,大兴,观音寺,101121945206,宇丰苑 南北通透户型 两居室 商品房,300万,28583元/平,顶层 (共6层) 2室1厅 | 104.96平米 | 南 北,https://ke-image.ljcdn.com/110000-inspection/pc1_KODlgrGpq.jpg!m_fill,w_280,h_210,f_jpg?from=ke.com
20240319,大兴,观音寺,101121935534,观音寺小区南北通透的两居小区环境好配套齐全。房主自荐,210万,29724元/平,高楼层 (共6层) | 1994年 | 2室1厅 | 70.65平米 | 南 北,https://ke-image.ljcdn.com/110000-inspection/pc1_Y4N3p8uhv.jpg!m_fill,w_280,h_210,f_jpg?from=ke.com
20240319,大兴,观音寺,101121902169,观音寺南里满五年唯一次顶层交通便利房主自荐,207万,28715元/平,高楼层 (共6层) | 1995年 | 2室1厅 | 72.09平米 | 南 西 北,https://ke-image.ljcdn.com/110000-inspection/42ea0778-570c-4e47-9d6a-2725169f8cb7_1000.jpg!m_fill,w_280,h_210,f_jpg?from=ke.com
20240319,大兴,观音寺,101121899612,海悦公馆 1室0厅 北,159万,39543元/平,中楼层 (共24层) | 2014年 | 1室0厅 | 40.21平米 | 北,https://ke-image.ljcdn.com/110000-inspection/e8dba074-1239-4dff-8e19-2adbd820f397_1000.jpg!m_fill,w_280,h_210,f_jpg?from=ke.com
20240319,大兴,观音寺,101121843077,海子角南里 2室1厅 南 北,228万,31199元/平,低楼层 (共6层) 2室1厅 | 73.08平米 | 南 北,https://ke-image.ljcdn.com/110000-inspection/pc1_SRdSG4ypS.jpg!m_fill,w_280,h_210,f_jpg?from=ke.com
20240319,大兴,观音寺,101121775858,双河南里 3室1厅 南 北,310万,32601元/平,中楼层 (共6层) | 1996年 | 3室1厅 | 95.09平米 | 南 北,https://ke-image.ljcdn.com/110000-inspection/84fb45c3-eab1-4785-90ef-8de3cf33f9d6_1000.jpg!m_fill,w_280,h_210,f_jpg?from=ke.com
20240319,大兴,观音寺,101121769682,海悦公馆 2室1厅 东 西房主自荐,275万,36180元/平,低楼层 (共18层) | 2014年 | 2室1厅 | 76.01平米 | 东 西,https://ke-image.ljcdn.com/110000-inspection/pc1_zbiNMJ23k.jpg!m_fill,w_280,h_210,f_jpg?from=ke.com
20240319,大兴,观音寺,101121760005,观音寺南里中间楼层南北通透的两居室格局好。房主自荐,265万,31514元/平,中楼层 (共6层) | 2002年 | 2室1厅 | 84.09平米 | 南 北,https://ke-image.ljcdn.com/110000-inspection/9d6c1265-980d-4727-9eb6-af7222bf615a_1000.jpg!m_fill,w_280,h_210,f_jpg?from=ke.com
20240319,大兴,观音寺,101121716655,海子角南里 2室1厅 南 北,275万,26402元/平,顶层 (共6层) 2室1厅 | 104.16平米 | 南 北,https://ke-image.ljcdn.com/110000-inspection/439d74b2-533f-4cce-b7ce-05500c6d9ebe_1000.jpg!m_fill,w_280,h_210,f_jpg?from=ke.com
20240319,大兴,观音寺,101121705338,南北双通透    满五唯一  中间楼层  花园小区,299万,30803元/平,中楼层 (共6层) | 2004年 | 2室1厅 | 97.07平米 | 南 北,https://ke-image.ljcdn.com/110000-inspection/pc1_4LDZEB7kT.jpg!m_fill,w_280,h_210,f_jpg?from=ke.com
20240319,大兴,观音寺,101121684371,海子角西里 3室1厅 南 北,240万,25476元/平,顶层 (共6层) | 2000年 | 3室1厅 | 94.21平米 | 南 北,https://ke-image.ljcdn.com/110000-inspection/925726fd-01d8-41d3-a960-f17da345875b_1000.jpg!m_fill,w_280,h_210,f_jpg?from=ke.com
20240319,大兴,观音寺,101121676570,满五唯一三居格局方正东南西三面采光中楼层房主自荐,256万,30799元/平,中楼层 (共6层) | 1994年 | 3室1厅 | 83.12平米 | 东 南 西,https://ke-image.ljcdn.com/110000-inspection/53705dea-bf03-4503-b556-e250362aac80_1000.jpg!m_fill,w_280,h_210,f_jpg?from=ke.com
20240319,大兴,观音寺,101121664273,海悦公馆  交通便利 配套齐全,276万,33659元/平,顶层 (共24层) | 2014年 | 2室1厅 | 82平米 | 东,https://ke-image.ljcdn.com/110000-inspection/9d3d0304-0141-4ee2-bf56-3d0061588669_1000.jpg!m_fill,w_280,h_210,f_jpg?from=ke.com
20240319,大兴,观音寺,101121651507,观音寺二层满五年客厅带阳台,235万,33916元/平,低楼层 (共6层) | 1997年 | 2室1厅 | 69.29平米 | 南 北,https://ke-image.ljcdn.com/110000-inspection/pc1_pMOBdYFVz.jpg!m_fill,w_280,h_210,f_jpg?from=ke.com
20240319,大兴,观音寺,101121649716,海悦公馆 满五年唯一 电梯房 南向两居室 看房方便,299万,39152元/平,中楼层 (共24层) | 2014年 | 2室1厅 | 76.37平米 | 南,https://ke-image.ljcdn.com/110000-inspection/9a1ddbb1-4c4b-4fca-b474-aef30c782f6e_1000.jpg!m_fill,w_280,h_210,f_jpg?from=ke.com
20240319,大兴,观音寺,101121623348,海子角西里 满五年唯一商品房明厅两居室 2000年社区,268万,28753元/平,低楼层 (共6层) | 2000年 | 2室1厅 | 93.21平米 | 南 北,https://ke-image.ljcdn.com/110000-inspection/pc1_Frj6UZAVb.jpg!m_fill,w_280,h_210,f_jpg?from=ke.com
20240319,大兴,观音寺,101121600939,满五年 中间楼层 两居室 东院,218万,30857元/平,中楼层 (共6层) | 1995年 | 2室1厅 | 70.65平米 | 东 西,https://ke-image.ljcdn.com/110000-inspection/f850e375-fb27-452a-be72-585bf51c2122_1000.jpg!m_fill,w_280,h_210,f_jpg?from=ke.com
20240319,大兴,观音寺,101121590996,观音寺小区   交通便利 配套齐全,300万,36093元/平,底层 (共6层) | 1994年 | 3室1厅 | 83.12平米 | 南 北,https://ke-image.ljcdn.com/110000-inspection/pc1_WMdoaZRZo.jpg!m_fill,w_280,h_210,f_jpg?from=ke.com
20240319,大兴,观音寺,101121543616,满五年业主家庭唯一住宅  采光好 南北通透,199万,28029元/平,顶层 (共6层) | 1994年 | 2室1厅 | 71平米 | 南 北,https://ke-image.ljcdn.com/110000-inspection/8e94935c-6dd6-43d7-abbe-d4e05bdefca9_1000.jpg!m_fill,w_280,h_210,f_jpg?from=ke.com
20240319,大兴,观音寺,101121481052,海子角南里 3室1厅 南 北房主自荐,238万,26745元/平,高楼层 (共6层) | 2001年 | 3室1厅 | 88.99平米 | 南 北,https://ke-image.ljcdn.com/110000-inspection/ceebc47a-6878-41f0-9af0-24b96eb59f3b_1000.jpg!m_fill,w_280,h_210,f_jpg?from=ke.com
20240319,大兴,观音寺,101121468477,观音寺南里   交通便利 配套齐全,340万,38813元/平,底层 (共5层) | 2008年 | 2室1厅 | 87.6平米 | 南 北,https://ke-image.ljcdn.com/110000-inspection/pc1_js76qzpfJ.jpg!m_fill,w_280,h_210,f_jpg?from=ke.com
20240319,大兴,观音寺,101121395973,观音寺南里民政局对面客厅面宽7.3米满五年,515万,30852元/平,底层 (共6层) | 1998年 | 3室2厅 | 166.93平米 | 南 北,https://ke-image.ljcdn.com/110000-inspection/8b9ebeba-744f-41e8-89da-9f1fde6409e5_1000.jpg!m_fill,w_280,h_210,f_jpg?from=ke.com
20240319,大兴,观音寺,101121361807,大兴黄村 辛店小区 三层三居室 满五年唯一 业主诚心卖,225万,29692元/平,中楼层 (共6层) | 1995年 | 3室1厅 | 75.78平米 | 南 北,https://ke-image.ljcdn.com/110000-inspection/2eb02929-12f4-4fd9-b8ff-7c2c372bc6c0_1000.jpg!m_fill,w_280,h_210,f_jpg?from=ke.com
20240319,大兴,观音寺,101121321621,观音寺南里 南北通透 中间楼层 客厅带窗户,225万,29259元/平,中楼层 (共6层) | 1997年 | 2室1厅 | 76.9平米 | 南 北,https://ke-image.ljcdn.com/110000-inspection/f8f49374-c960-4f12-8a2b-828e6a2a4759_1000.jpg!m_fill,w_280,h_210,f_jpg?from=ke.com
20240319,大兴,观音寺,101121304068,海子角小区精装三居满五唯一改造小区已平改坡,253万,26950元/平,顶层 (共6层) | 1996年 | 3室1厅 | 93.88平米 | 南 北,https://ke-image.ljcdn.com/110000-inspection/933dc29b-cc35-4105-be59-111d07eae8b3_1000.jpg!m_fill,w_280,h_210,f_jpg?from=ke.com
20240319,大兴,观音寺,101121256483,林海园 3居室 南北通透 业主诚心出售,220万,22091元/平,顶层 (共6层) | 2006年 | 3室1厅 | 99.59平米 | 南 北,https://ke-image.ljcdn.com/110000-inspection/pc1_ACSC1PBIy_2.jpg!m_fill,w_280,h_210,f_jpg?from=ke.com
20240319,大兴,观音寺,101121227610,观音寺小区三居室幼儿园院小区改造,249万,29957元/平,高楼层 (共6层) | 1994年 | 3室1厅 | 83.12平米 | 东 南 西,https://ke-image.ljcdn.com/110000-inspection/pc1_wlWXxgZ7w.jpg!m_fill,w_280,h_210,f_jpg?from=ke.com
20240319,大兴,观音寺,101121217281,海悦公馆 2014年 商品房 有电梯 一居室,187万,46437元/平,低楼层 (共24层) | 2014年 | 1室0厅 | 40.27平米 | 北,https://ke-image.ljcdn.com/110000-inspection/pc1_QHHWaZDqP.jpg!m_fill,w_280,h_210,f_jpg?from=ke.com
20240319,大兴,观音寺,101121140335,海子角南里 精装修 满五唯一 次顶层 业主诚心出售房主自荐,210万,26989元/平,高楼层 (共6层) 2室1厅 | 77.81平米 | 西,https://ke-image.ljcdn.com/110000-inspection/8d65c79a-9916-4294-83eb-ea648dfd37df_1000.jpg!m_fill,w_280,h_210,f_jpg?from=ke.com
20240319,大兴,观音寺,101121131576,精装修看房随时中间层改造过小区位置好房主自荐,255万,28694元/平,中楼层 (共6层) 3室1厅 | 88.87平米 | 南 北,https://ke-image.ljcdn.com/110000-inspection/pc1_DdmqPTGDP.jpg!m_fill,w_280,h_210,f_jpg?from=ke.com
20240319,大兴,观音寺,101121119447,低楼层两居南北通透明厅户型,235万,34815元/平,底层 (共6层) | 1997年 | 2室1厅 | 67.5平米 | 南 北,https://ke-image.ljcdn.com/110000-inspection/077f782b-b4b2-4106-9f09-5d52f217109a_1000.jpg!m_fill,w_280,h_210,f_jpg?from=ke.com
20240319,大兴,观音寺,101121106491,观音寺小区  次顶层  满五年  看房有钥匙,220万,31982元/平,高楼层 (共6层) | 1994年 | 2室1厅 | 68.79平米 | 南 北,https://ke-image.ljcdn.com/110000-inspection/pc1_AcXKc1oZx.jpg!m_fill,w_280,h_210,f_jpg?from=ke.com
20240319,大兴,观音寺,101121074524,观音寺小区  精装修  中间楼层,230万,32555元/平,中楼层 (共6层) | 1995年 | 2室1厅 | 70.65平米 | 南 北,https://ke-image.ljcdn.com/110000-inspection/55128c17-c6b6-4ae4-9603-6df34448463e_1000.jpg!m_fill,w_280,h_210,f_jpg?from=ke.com
20240319,大兴,观音寺,101121068903,物资局小区 南北通透三居 双卧朝南 客厅带窗户,280万,29941元/平,中楼层 (共6层) | 2000年 | 3室1厅 | 93.52平米 | 南 北,https://ke-image.ljcdn.com/110000-inspection/pc1_TZLQIH3xH.jpg!m_fill,w_280,h_210,f_jpg?from=ke.com
20240319,大兴,观音寺,101121026291,海子角小区南北通透满五年唯一,220万,32249元/平,低楼层 (共6层) | 1996年 | 2室1厅 | 68.22平米 | 南 北,https://ke-image.ljcdn.com/110000-inspection/2a69ff57-b298-4380-ab15-852b96e50cf7_1000.jpg!m_fill,w_280,h_210,f_jpg?from=ke.com
20240319,大兴,观音寺,101121004170,观音寺南里    精装修  满五年唯一,249万,29946元/平,高楼层 (共6层) 3室1厅 | 83.15平米 | 南 北,https://ke-image.ljcdn.com/110000-inspection/48c3c56c-9535-4e6e-bd89-d3f0ab3dc122_1000.jpg!m_fill,w_280,h_210,f_jpg?from=ke.com
20240319,大兴,观音寺,101120975477,海子角东里 3室1厅 南 北房主自荐,229万,27999元/平,顶层 (共6层) | 1996年 | 3室1厅 | 81.79平米 | 南 北,https://ke-image.ljcdn.com/110000-inspection/62ec46bd-7961-4a19-b2ed-f00a1d65046c_1000.jpg!m_fill,w_280,h_210,f_jpg?from=ke.com
20240319,大兴,观音寺,101120959024,观音寺南里广厦家园全明一居2007年建成非顶层,181万,31649元/平,高楼层 (共6层) | 2007年 | 1室1厅 | 57.19平米 | 西 北,https://ke-image.ljcdn.com/110000-inspection/59a57af4-b52b-4d66-b456-31c2dac3a42d_1000.jpg!m_fill,w_280,h_210,f_jpg?from=ke.com
20240319,大兴,观音寺,101120954291,辛店小区 南北通透 3居室 户型方正,146万,20197元/平,地下室 (共6层) 3室0厅 | 72.29平米 | 南 北,https://ke-image.ljcdn.com/110000-inspection/fb48ffb0-fba8-45a8-8197-9ff4fb9cfcee_1000.jpg!m_fill,w_280,h_210,f_jpg?from=ke.com
20240319,大兴,观音寺,101120932993,观音寺南里两居室精装修改造院,210万,30533元/平,底层 (共6层) | 1997年 | 2室1厅 | 68.78平米 | 东,https://ke-image.ljcdn.com/110000-inspection/e0d6c459-ba71-4511-88de-9f0764db7cb5_1000.jpg!m_fill,w_280,h_210,f_jpg?from=ke.com
20240319,大兴,观音寺,101120896285,辛店小区 1室1厅 北 南,150万,30255元/平,中楼层 (共6层) 1室1厅 | 49.58平米 | 北 南,https://ke-image.ljcdn.com/110000-inspection/pc1_7WxiT96Z6.jpg!m_fill,w_280,h_210,f_jpg?from=ke.com
20240319,大兴,观音寺,101120888095,海悦公馆 精装修 视野好 2014年商品房 配套齐全,182万,45263元/平,中楼层 (共24层) | 2014年 | 1室0厅 | 40.21平米 | 北,https://ke-image.ljcdn.com/110000-inspection/prod-5ec833fa-88ef-4e81-b5a6-d857091bceef.jpg!m_fill,w_280,h_210,f_jpg?from=ke.com
20240319,大兴,观音寺,101120870237,广厦家园 精装修 一居室 采光充足 视野宽阔房主自荐,189万,33275元/平,顶层 (共6层) | 2006年 | 1室1厅 | 56.8平米 | 西 北,https://ke-image.ljcdn.com/110000-inspection/2e3f4c86-b7a4-43f9-9022-7ffc4d78c09c_1000.jpg!m_fill,w_280,h_210,f_jpg?from=ke.com
20240319,大兴,观音寺,101120854153,观音寺南里南北通透小区中间位置改造院好楼层,221万,29264元/平,低楼层 (共6层) | 1995年 | 2室1厅 | 75.52平米 | 南 北,https://ke-image.ljcdn.com/110000-inspection/978686d2-c56b-4369-ae71-00c30fca55ee_1000.jpg!m_fill,w_280,h_210,f_jpg?from=ke.com
20240319,大兴,观音寺,101120851148,双河南里 2室1厅 北 南,227万,33630元/平,中楼层 (共6层) | 1997年 | 2室1厅 | 67.5平米 | 北 南,https://ke-image.ljcdn.com/110000-inspection/cea3aca6-d610-4a61-8b75-016c69c5ae79_1000.jpg!m_fill,w_280,h_210,f_jpg?from=ke.com
20240319,大兴,观音寺,101120848406,观音寺南里正规三居中间层改造院南北通透房主自荐,243万,30795元/平,中楼层 (共6层) | 1996年 | 3室1厅 | 78.91平米 | 南 北,https://ke-image.ljcdn.com/110000-inspection/a4b1d203-259b-466e-bb7c-776a88c13613_1000.jpg!m_fill,w_280,h_210,f_jpg?from=ke.com
20240319,大兴,观音寺,101120829834,宇丰苑 1室2厅 南 北,298万,34352元/平,底层 (共9层) 1室2厅 | 86.75平米 | 南 北,https://ke-image.ljcdn.com/110000-inspection/pc1_hp2XwbhOm.jpg!m_fill,w_280,h_210,f_jpg?from=ke.com
20240319,大兴,观音寺,101120810952,宇丰苑 2室1厅 南 北,285万,27071元/平,高楼层 (共6层) | 2003年 | 2室1厅 | 105.28平米 | 南 北,https://ke-image.ljcdn.com/110000-inspection/pc1_QQKDiGfNW.jpg!m_fill,w_280,h_210,f_jpg?from=ke.com
20240319,大兴,观音寺,101120806341,观音寺新区   南北通透三居室   业主诚心出售,445万,32364元/平,高楼层 (共6层) | 2002年 | 3室2厅 | 137.5平米 | 南 北,https://ke-image.ljcdn.com/110000-inspection/pc1_cYQkgjv1E.jpg!m_fill,w_280,h_210,f_jpg?from=ke.com
20240319,大兴,观音寺,101120802183,观音寺南里好楼层南北通透明厨明卫,260万,33811元/平,中楼层 (共6层) | 1997年 | 2室1厅 | 76.9平米 | 南 北,https://ke-image.ljcdn.com/110000-inspection/698b8360-3978-4600-a719-5146931a169e_1000.jpg!m_fill,w_280,h_210,f_jpg?from=ke.com
20240319,大兴,观音寺,101120729444,海子角小区 满五年唯一住房明厅,205万,30050元/平,中楼层 (共6层) | 1996年 | 2室1厅 | 68.22平米 | 南 北,https://ke-image.ljcdn.com/110000-inspection/d68635ef-b403-402a-b337-1d3be7d3cc63_1000.jpg!m_fill,w_280,h_210,f_jpg?from=ke.com
20240319,大兴,观音寺,101120713893,观音寺北里南北通透三居室客厅朝南,230万,26310元/平,顶层 (共6层) | 1998年 | 3室1厅 | 87.42平米 | 南 北,https://ke-image.ljcdn.com/110000-inspection/88430575-90e0-4f3d-8b6c-3c2d6adb5d2a_1000.jpg!m_fill,w_280,h_210,f_jpg?from=ke.com
20240319,大兴,观音寺,101120628510,观音寺新区  南北双通透  三室两厅双卫户型房主自荐,575万,37622元/平,低楼层 (共9层) | 2002年 | 3室2厅 | 152.84平米 | 南 北,https://ke-image.ljcdn.com/110000-inspection/e791b53b-27f0-45ac-9551-8a1c45af782f_1000.jpg!m_fill,w_280,h_210,f_jpg?from=ke.com
20240319,大兴,观音寺,101120587809,双河南里 3室1厅 南 北房主自荐,265万,26671元/平,顶层 (共6层) | 1999年 | 3室1厅 | 99.36平米 | 南 北,https://ke-image.ljcdn.com/110000-inspection/pc1_65xZyu5YY.jpg!m_fill,w_280,h_210,f_jpg?from=ke.com
20240319,大兴,观音寺,101120560641,观音寺南里南北通透的两居配套完善出行方便。房主自荐,230万,30456元/平,高楼层 (共6层) | 1995年 | 2室1厅 | 75.52平米 | 南 北,https://ke-image.ljcdn.com/110000-inspection/73836835-0aa7-4621-9529-39de3d5dc56e_1000.jpg!m_fill,w_280,h_210,f_jpg?from=ke.com
20240319,大兴,观音寺,101120558614,观音寺小区 中间楼层 南北通透两居室 格局方正,235万,33263元/平,中楼层 (共6层) | 1995年 | 2室1厅 | 70.65平米 | 南 北,https://ke-image.ljcdn.com/110000-inspection/pc1_fThn1YG4B.jpg!m_fill,w_280,h_210,f_jpg?from=ke.com
20240319,大兴,观音寺,101120521943,精装修两居室建成2000年H户型双通透,315万,33497元/平,底层 (共6层) | 2001年 | 2室1厅 | 94.04平米 | 南 北,https://ke-image.ljcdn.com/110000-inspection/cc0217ee-996b-409c-a398-4f47dc82f62b_1000.jpg!m_fill,w_280,h_210,f_jpg?from=ke.com
20240319,大兴,观音寺,101120508795,满五唯一 南北通透三居 2001年房 中间层 落地双阳台房主自荐,397万,30530元/平,中楼层 (共6层) 3室2厅 | 130.04平米 | 南 北,https://ke-image.ljcdn.com/110000-inspection/6666cca0-cd5f-456d-804b-afeb0fc75535_1000.jpg!m_fill,w_280,h_210,f_jpg?from=ke.com
20240319,大兴,观音寺,101120508091,双河南里 低楼层 南北三居 双卧朝南 看房有钥匙,268万,33367元/平,底层 (共6层) | 1997年 | 3室1厅 | 80.32平米 | 南 北,https://ke-image.ljcdn.com/110000-inspection/pc1_OgAUgP9EY.jpg!m_fill,w_280,h_210,f_jpg?from=ke.com
20240319,大兴,观音寺,101120484144,此房南北通透格局楼层好配套设施齐全交通便利,218万,31691元/平,中楼层 (共6层) | 1998年 | 2室1厅 | 68.79平米 | 南 北,https://ke-image.ljcdn.com/110000-inspection/pc1_1P5wj6rHh.jpg!m_fill,w_280,h_210,f_jpg?from=ke.com
20240319,大兴,观音寺,101120463308,观音寺北里 精装修两居室 视野好  拎包可入住,289万,34607元/平,中楼层 (共6层) | 1998年 | 2室2厅 | 83.51平米 | 东 西,https://ke-image.ljcdn.com/110000-inspection/pc1_QObvNkkWl.jpg!m_fill,w_280,h_210,f_jpg?from=ke.com
20240319,大兴,观音寺,101120457505,绿色庄园 3室2厅 南 北,465万,34397元/平,顶层 (共5层) 3室2厅 | 135.19平米 | 南 北,https://ke-image.ljcdn.com/110000-inspection/8b213c55-9190-42c1-8d4d-3480ccf324ec_1000.jpg!m_fill,w_280,h_210,f_jpg?from=ke.com
20240319,大兴,观音寺,101120404670,双河南里 2室1厅 南 北,260万,34041元/平,中楼层 (共6层) | 1996年 | 2室1厅 | 76.38平米 | 南 北,https://ke-image.ljcdn.com/110000-inspection/pc1_zBh870J4D.jpg!m_fill,w_280,h_210,f_jpg?from=ke.com
20240319,大兴,观音寺,101120399993,双河南里 3室1厅 东南房主自荐,228万,26824元/平,底层 (共6层) | 1996年 | 3室1厅 | 85平米 | 东南,https://ke-image.ljcdn.com/110000-inspection/95c3e5ac-3622-44b3-a64c-88fedc449a5d_1000.jpg!m_fill,w_280,h_210,f_jpg?from=ke.com
20240319,大兴,观音寺,101120301857,海子角小区南北通透三居格局无浪费房主自荐,269万,30583元/平,底层 (共5层) | 1996年 | 3室1厅 | 87.96平米 | 南 北,https://ke-image.ljcdn.com/110000-inspection/332f2edd-2733-4f4e-b79a-f06e135d5415_1000.jpg!m_fill,w_280,h_210,f_jpg?from=ke.com
20240319,大兴,观音寺,101120301040,海子角东里 三居室 小区交通方便 配套齐全,220万,26417元/平,顶层 (共6层) 3室1厅 | 83.28平米 | 东 西,https://ke-image.ljcdn.com/110000-inspection/dd3425c2-5083-475c-a13e-311f6caeb914_1000.jpg!m_fill,w_280,h_210,f_jpg?from=ke.com
20240319,大兴,观音寺,101120042240,观音寺北里中间层两居满五年唯一,229万,32964元/平,中楼层 (共6层) | 1998年 | 2室1厅 | 69.47平米 | 南 北,https://ke-image.ljcdn.com/110000-inspection/pc1_HYpCfAjfd.jpg!m_fill,w_280,h_210,f_jpg?from=ke.com
20240319,大兴,观音寺,101120035627,海子角南里户型好采光好楼层好,238万,26351元/平,高楼层 (共6层) 3室1厅 | 90.32平米 | 南 北,https://ke-image.ljcdn.com/110000-inspection/pc1_mHWlLoECz.jpg!m_fill,w_280,h_210,f_jpg?from=ke.com
20240319,大兴,观音寺,101120002971,观音寺南里  中间楼层  H户型双通透  落地阳台,315万,27207元/平,低楼层 (共6层) 2室2厅 | 115.78平米 | 南 北,https://ke-image.ljcdn.com/110000-inspection/6759ca18-f197-4e9a-bce7-69b5e7a6883e_1000.jpg!m_fill,w_280,h_210,f_jpg?from=ke.com
20240319,大兴,观音寺,101120000604,海子角西里 精装修 业主自住 南向两居室,239万,36224元/平,高楼层 (共6层) | 1994年 | 2室1厅 | 65.98平米 | 南,https://ke-image.ljcdn.com/110000-inspection/4fa2241f-39f3-46ee-9495-1d0fe55804fc_1000.jpg!m_fill,w_280,h_210,f_jpg?from=ke.com
20240319,大兴,观音寺,101119873275,大兴黄村 物资局小区一层两居室 明厅户型 满五年唯一,275万,32434元/平,底层 (共6层) | 2003年 | 2室1厅 | 84.79平米 | 南 北,https://ke-image.ljcdn.com/110000-inspection/f635bb0c-c336-46e8-9cf7-b2df123eecda_1000.jpg!m_fill,w_280,h_210,f_jpg?from=ke.com
20240319,大兴,观音寺,101119775416,观音寺小区精装修三卧朝南中间层,305万,34810元/平,中楼层 (共6层) | 1998年 | 3室1厅 | 87.62平米 | 南 北,https://ke-image.ljcdn.com/110000-inspection/ecaebcbb-bf8e-4d56-9ab6-c79b632eb3bf_1000.jpg!m_fill,w_280,h_210,f_jpg?from=ke.com
20240319,大兴,观音寺,101119710384,宇丰苑满五唯一中间楼层户型方正诚意出售。,240万,35088元/平,低楼层 (共18层) 1室1厅 | 68.4平米 | 南,https://ke-image.ljcdn.com/110000-inspection/pc1_ZALwUAmaQ.jpg!m_fill,w_280,h_210,f_jpg?from=ke.com
20240319,大兴,观音寺,101119692604,观音寺新区南北双通透三居 采光好 有车位,500万,36822元/平,高楼层 (共6层) | 2002年 | 3室1厅 | 135.79平米 | 南 北,https://ke-image.ljcdn.com/110000-inspection/453ab1c9-7f82-4bb1-a316-d19c3df4967f_1000.jpg!m_fill,w_280,h_210,f_jpg?from=ke.com
20240319,大兴,观音寺,101119645066,双河南里两居 明厅户型 南北双通透 中间楼层,235万,28252元/平,中楼层 (共6层) | 1999年 | 2室2厅 | 83.18平米 | 南 北,https://ke-image.ljcdn.com/110000-inspection/pc1_RzdEp4ngt.jpg!m_fill,w_280,h_210,f_jpg?from=ke.com
20240319,大兴,观音寺,101119628821,观音寺北里 南北通透两居室 户型方正 格局合理,215万,31646元/平,顶层 (共6层) 2室1厅 | 67.94平米 | 南 北,https://ke-image.ljcdn.com/110000-inspection/c02dfe32-859a-489f-9657-12c77206f5b5_1000.jpg!m_fill,w_280,h_210,f_jpg?from=ke.com
20240319,大兴,观音寺,101119567044,海子角西里 物资局小区 明厅两居 换房急售,238万,27886元/平,顶层 (共6层) | 2003年 | 2室1厅 | 85.35平米 | 南 北,https://ke-image.ljcdn.com/110000-inspection/78dc6307-610f-45d6-a569-018259bd9443_1000.jpg!m_fill,w_280,h_210,f_jpg?from=ke.com
20240319,大兴,观音寺,101119483958,观音寺南里 中间楼层 满五年 三居室,279万,30839元/平,中楼层 (共6层) | 1995年 | 3室1厅 | 90.47平米 | 南 北,https://ke-image.ljcdn.com/110000-inspection/259343b4-bf11-436e-a0ee-fcf0fa0ca9df_1000.jpg!m_fill,w_280,h_210,f_jpg?from=ke.com
20240319,大兴,观音寺,101119430039,黄村火车站板块满五唯一带电梯户型方正,309万,35620元/平,低楼层 (共9层) | 2007年 | 2室1厅 | 86.75平米 | 南 北,https://ke-image.ljcdn.com/110000-inspection/651a02f0-c841-43a4-9f55-ad784b9589c1_1000.jpg!m_fill,w_280,h_210,f_jpg?from=ke.com
20240319,大兴,观音寺,101119426046,观音寺南里 精装修 南北通透三居室 满两年,325万,35924元/平,低楼层 (共6层) | 1995年 | 3室1厅 | 90.47平米 | 南 北,https://ke-image.ljcdn.com/110000-inspection/a4d611b4-d358-457c-a350-75e16455aed3_1000.jpg!m_fill,w_280,h_210,f_jpg?from=ke.com
20240319,大兴,观音寺,101119304814,双河南里中间层三居室南北通透交通便利,255万,24433元/平,中楼层 (共5层) | 1998年 | 3室1厅 | 104.37平米 | 南 北,https://ke-image.ljcdn.com/110000-inspection/03ae6c3a-bf62-4d67-ac50-d164239de62d_1000.jpg!m_fill,w_280,h_210,f_jpg?from=ke.com
20240319,大兴,观音寺,101119278537,观音寺小区 南北通透交通便利,220万,31140元/平,高楼层 (共6层) | 1994年 | 2室1厅 | 70.65平米 | 南 北,https://ke-image.ljcdn.com/110000-inspection/pc1_wjR4gTazr.jpg!m_fill,w_280,h_210,f_jpg?from=ke.com
20240319,大兴,观音寺,101119274237,海子角西里落地窗两居低楼层出入方便,275万,30706元/平,中楼层 (共4层) 2室1厅 | 89.56平米 | 南 北,https://ke-image.ljcdn.com/110000-inspection/pc1_geYCEySwz.jpg!m_fill,w_280,h_210,f_jpg?from=ke.com
20240319,大兴,观音寺,101119260829,海子角南里 3室1厅 南 北,258万,28950元/平,低楼层 (共6层) | 2001年 | 3室1厅 | 89.12平米 | 南 北,https://ke-image.ljcdn.com/110000-inspection/pc1_Jv6W03y7v.jpg!m_fill,w_280,h_210,f_jpg?from=ke.com
20240319,大兴,观音寺,101119094493,大兴黄村 双河南里精装两居室  满五年唯一,240万,29777元/平,低楼层 (共6层) | 1998年 | 2室1厅 | 80.6平米 | 东 西,https://ke-image.ljcdn.com/110000-inspection/pc1_9Wzvh8syn.jpg!m_fill,w_280,h_210,f_jpg?from=ke.com
20240319,大兴,观音寺,101119073524,观音寺新区满五唯一2014年电梯房精装两居室诚心出售,320万,36961元/平,低楼层 (共12层) 2室2厅 | 86.58平米 | 东 西,https://ke-image.ljcdn.com/110000-inspection/f1010f3c-5a28-4cc6-9184-166eacb3a74d_1000.jpg!m_fill,w_280,h_210,f_jpg?from=ke.com
20240319,大兴,观音寺,101118888575,双河南里 南北通透 落地窗 2005年建成 诚意出售 精装,308万,34000元/平,低楼层 (共6层) 2室1厅 | 90.59平米 | 南 北,https://ke-image.ljcdn.com/110000-inspection/04c6c342-17a4-483e-a469-b53d71424be7_1000.jpg!m_fill,w_280,h_210,f_jpg?from=ke.com
20240319,大兴,观音寺,101118886184,宇丰苑 南北通透三居室 钢混结构 精装修,479万,34605元/平,高楼层 (共6层) | 2004年 | 3室2厅 | 138.42平米 | 南 北,https://ke-image.ljcdn.com/110000-inspection/8a10c074-6dbf-49d4-a97d-d4a3bd1989f2_1000.jpg!m_fill,w_280,h_210,f_jpg?from=ke.com
20240319,大兴,观音寺,101118759390,观音寺小区三层精装修南北通透三居室,288万,33811元/平,中楼层 (共5层) 3室1厅 | 85.18平米 | 东 南 北,https://ke-image.ljcdn.com/110000-inspection/cb220ee0-2110-4162-b483-87857326577b_1000.jpg!m_fill,w_280,h_210,f_jpg?from=ke.com
20240319,大兴,观音寺,101118717113,双河南里 满五年唯一 低楼层 商品房 看房方便 诚意卖,243万,29002元/平,底层 (共6层) | 1996年 | 2室2厅 | 83.79平米 | 南 北,https://ke-image.ljcdn.com/110000-inspection/pc1_BB4rBQnkx.jpg!m_fill,w_280,h_210,f_jpg?from=ke.com
20240319,大兴,观音寺,101118682045,双河南里 满五年唯一 次顶层 无遮挡 已经改造,225万,27916元/平,高楼层 (共6层) | 1998年 | 2室1厅 | 80.6平米 | 东 西,https://ke-image.ljcdn.com/110000-inspection/31e3c5aa-1888-45fa-9362-06d76b8d0590_1000.jpg!m_fill,w_280,h_210,f_jpg?from=ke.com
20240319,大兴,观音寺,101118665407,此房满五唯一商品房中间楼层南北通透出行方便。,285万,31503元/平,低楼层 (共6层) | 1995年 | 3室1厅 | 90.47平米 | 南 北,https://ke-image.ljcdn.com/110000-inspection/pc1_1FAtqAVUt.jpg!m_fill,w_280,h_210,f_jpg?from=ke.com
20240319,大兴,观音寺,101118656054,双河南里 3室1厅 南 北,285万,30278元/平,高楼层 (共6层) | 1996年 | 3室1厅 | 94.13平米 | 南 北,https://ke-image.ljcdn.com/110000-inspection/pc1_ovPlnE2Th.jpg!m_fill,w_280,h_210,f_jpg?from=ke.com
20240319,大兴,观音寺,101118607150,海悦公馆2014年电梯房满五唯一配套齐全,185万,45940元/平,高楼层 (共24层) | 2014年 | 1室0厅 | 40.27平米 | 北,https://ke-image.ljcdn.com/110000-inspection/69cef1b5-80c3-4554-9cda-c91f96a3a169_1000.jpg!m_fill,w_280,h_210,f_jpg?from=ke.com
20240319,大兴,观音寺,101118595220,双河南里 3室1厅 东 西,288万,29603元/平,底层 (共6层) | 1997年 | 3室1厅 | 97.29平米 | 东 西,https://ke-image.ljcdn.com/110000-inspection/7b692679-6c34-478f-9247-b91799f05ea3_1000.jpg!m_fill,w_280,h_210,f_jpg?from=ke.com
20240319,大兴,观音寺,101118543182,此房满五年唯一南北通透明厅户型视野好。,240万,34583元/平,中楼层 (共6层) 2室1厅 | 69.4平米 | 南 北,https://ke-image.ljcdn.com/110000-inspection/c6fd85cf-3825-44bf-b6a7-f45efd1bf282_1000.jpg!m_fill,w_280,h_210,f_jpg?from=ke.com
20240319,大兴,观音寺,101118433223,此房是满五唯一 南北通透 精装修拎包入住,265万,31627元/平,低楼层 (共6层) 2室1厅 | 83.79平米 | 南 北,https://ke-image.ljcdn.com/110000-inspection/d5224238-de8a-42af-896a-1d7f1e40deb7_1000.jpg!m_fill,w_280,h_210,f_jpg?from=ke.com
20240319,大兴,观音寺,101118385931,观音寺北里 东西通透两居室 满五年唯一商品房,246万,29458元/平,高楼层 (共6层) | 1998年 | 2室1厅 | 83.51平米 | 东 西,https://ke-image.ljcdn.com/110000-inspection/pc1_U1XHOm8hk.jpg!m_fill,w_280,h_210,f_jpg?from=ke.com
20240319,大兴,观音寺,101118360579,双河南里 明厅两居 南北通透 满五年唯一,230万,33142元/平,高楼层 (共6层) 2室1厅 | 69.4平米 | 南 北,https://ke-image.ljcdn.com/110000-inspection/pc1_gOp7j5EPZ.jpg!m_fill,w_280,h_210,f_jpg?from=ke.com
20240319,大兴,观音寺,101118318197,观音寺小区三层三居南北向无抵押满五唯一新上,330万,38966元/平,中楼层 (共6层) | 1995年 | 3室1厅 | 84.69平米 | 南 北,https://ke-image.ljcdn.com/110000-inspection/1a10bde7-7f8c-4a78-994f-76469b6bd01a_1000.jpg!m_fill,w_280,h_210,f_jpg?from=ke.com
20240319,大兴,观音寺,101118271180,观音寺南里南北通透明厅明卫满五唯一房主自荐,226万,31742元/平,高楼层 (共6层) | 1995年 | 2室1厅 | 71.2平米 | 东 南 北,https://ke-image.ljcdn.com/110000-inspection/pc1_G35APRjkU.jpg!m_fill,w_280,h_210,f_jpg?from=ke.com
20240319,大兴,观音寺,101118231340,观音寺小区2022年刚改造南北通透配套齐全,185万,26186元/平,顶层 (共6层) | 1995年 | 2室1厅 | 70.65平米 | 南 北,https://ke-image.ljcdn.com/110000-inspection/pc1_sWoUTK5I5.jpg!m_fill,w_280,h_210,f_jpg?from=ke.com
20240319,大兴,观音寺,101118187916,观音寺北里 中间楼层 南北通透两居室 满五唯一,229万,33136元/平,中楼层 (共6层) | 1998年 | 2室1厅 | 69.11平米 | 南 北,https://ke-image.ljcdn.com/110000-inspection/d31396c4-6e61-422e-ab87-b89fef16ac53_1000.jpg!m_fill,w_280,h_210,f_jpg?from=ke.com
20240319,大兴,观音寺,101118177362,海子角东里小区 满五唯一 户型好三居,205万,24616元/平,顶层 (共6层) 3室1厅 | 83.28平米 | 东 西,https://ke-image.ljcdn.com/110000-inspection/d2e1f495-5142-4e85-acd7-d2e0968c305a_1000.jpg!m_fill,w_280,h_210,f_jpg?from=ke.com
20240319,大兴,观音寺,101118069502,观音寺新区 2室2厅 南 北,368万,35327元/平,高楼层 (共6层) | 2002年 | 2室2厅 | 104.17平米 | 南 北,https://ke-image.ljcdn.com/110000-inspection/pc1_Ky5MoDsIp.jpg!m_fill,w_280,h_210,f_jpg?from=ke.com
20240319,大兴,观音寺,101118051809,此房满五唯一南北通透户型楼层好视野佳,380万,44217元/平,中楼层 (共18层) | 2014年 | 2室1厅 | 85.94平米 | 南 北,https://ke-image.ljcdn.com/110000-inspection/pc1_wkFSKkLKz.jpg!m_fill,w_280,h_210,f_jpg?from=ke.com
20240319,大兴,观音寺,101118007649,双河南里 2室1厅 南 北,229万,26913元/平,顶层 (共6层) 2室1厅 | 85.09平米 | 南 北,https://ke-image.ljcdn.com/110000-inspection/abd9cd1a-c29b-4e6d-b20a-730518ee2c22_1000.jpg!m_fill,w_280,h_210,f_jpg?from=ke.com
20240319,大兴,观音寺,101117993123,双河南里 满五年南北三层 诚意出售 小区已经改造,305万,30902元/平,低楼层 (共6层) | 1998年 | 3室1厅 | 98.7平米 | 南 北,https://ke-image.ljcdn.com/110000-inspection/pc1_7pPjEhbUv.jpg!m_fill,w_280,h_210,f_jpg?from=ke.com
20240319,大兴,观音寺,101117967463,海悦公馆精装修一居室 满五唯一 2014年建成电梯房,160万,39792元/平,低楼层 (共24层) | 2014年 | 1室1厅 | 40.21平米 | 北,https://ke-image.ljcdn.com/110000-inspection/pc1_fWImdeGoR.jpg!m_fill,w_280,h_210,f_jpg?from=ke.com
20240319,大兴,观音寺,101117950243,观音寺南里 精装修 07年建成楼层好 视野开阔 采光充足,330万,38107元/平,中楼层 (共5层) | 2007年 | 2室2厅 | 86.6平米 | 南 北,https://ke-image.ljcdn.com/110000-inspection/pc1_vFTB1rUoY.jpg!m_fill,w_280,h_210,f_jpg?from=ke.com
20240319,大兴,观音寺,101117827504,海子角西里 2室1厅 南 北,245万,28706元/平,顶层 (共6层) | 2003年 | 2室1厅 | 85.35平米 | 南 北,https://ke-image.ljcdn.com/110000-inspection/pc1_qw3Txwuxy.jpg!m_fill,w_280,h_210,f_jpg?from=ke.com
20240319,大兴,观音寺,101117805057,辛店小区 3室1厅 南 北,150万,18690元/平,地下室 (共6层) 3室1厅 | 80.26平米 | 南 北,https://ke-image.ljcdn.com/110000-inspection/pc1_1vCq8gvc4.jpg!m_fill,w_280,h_210,f_jpg?from=ke.com
20240319,大兴,观音寺,101117785214,观音寺新区 3室1厅 南 北,430万,34497元/平,高楼层 (共6层) | 2002年 | 3室1厅 | 124.65平米 | 南 北,https://ke-image.ljcdn.com/110000-inspection/50c9bf82-cd98-4373-a4ef-1e03e80ad4eb_1000.jpg!m_fill,w_280,h_210,f_jpg?from=ke.com
20240319,大兴,观音寺,101117773928,观音寺小区 南北通透 低楼层 不临街 不把边！,310万,37296元/平,底层 (共6层) | 1995年 | 3室1厅 | 83.12平米 | 南 北,https://ke-image.ljcdn.com/110000-inspection/pc1_s07zoQW3Y.jpg!m_fill,w_280,h_210,f_jpg?from=ke.com
20240319,大兴,观音寺,101117666169,海子角东里小区 南北通透 三居 满五唯一房主自荐,230万,28121元/平,顶层 (共6层) | 1996年 | 3室1厅 | 81.79平米 | 南 北,https://ke-image.ljcdn.com/110000-inspection/pc1_asLgz5Dpf.jpg!m_fill,w_280,h_210,f_jpg?from=ke.com
20240319,大兴,观音寺,101117650443,海子角东里 南北通透三居 明厅采光好,260万,31789元/平,顶层 (共6层) | 1996年 | 3室1厅 | 81.79平米 | 南 北,https://ke-image.ljcdn.com/110000-inspection/0c40b9c7-20da-495a-ae05-d84f85de205f_1000.jpg!m_fill,w_280,h_210,f_jpg?from=ke.com
20240319,大兴,观音寺,101117441828,房子满五年唯一低楼层落地窗大阳台出行方便。,328万,36388元/平,底层 (共6层) 2室1厅 | 90.14平米 | 南 北,https://ke-image.ljcdn.com/110000-inspection/pc1_qX72eTBdt.jpg!m_fill,w_280,h_210,f_jpg?from=ke.com
20240319,大兴,观音寺,101117403378,精装修 房本满五年 配套齐全 适合居住,265万,33460元/平,高楼层 (共6层) | 1999年 | 2室1厅 | 79.2平米 | 东 北,https://ke-image.ljcdn.com/110000-inspection/a2819c90-1863-4844-b14c-7a1c2e5f9892_1000.jpg!m_fill,w_280,h_210,f_jpg?from=ke.com
20240319,大兴,观音寺,101116923518,双河南里社区  交通便利 配套齐全,278万,28192元/平,顶层 (共6层) | 1998年 | 3室1厅 | 98.61平米 | 南 北,https://ke-image.ljcdn.com/110000-inspection/35e87b7f-bef0-479e-b327-b553f47852b9_1000.jpg!m_fill,w_280,h_210,f_jpg?from=ke.com
20240319,大兴,观音寺,101116805802,观音寺商圈 南北双通透  满五唯一 采光好 中间层,355万,38960元/平,中楼层 (共5层) | 2002年 | 2室2厅 | 91.12平米 | 南 北,https://ke-image.ljcdn.com/110000-inspection/pc1_gxcjpxwUM.jpg!m_fill,w_280,h_210,f_jpg?from=ke.com
20240319,大兴,观音寺,101116671864,满五年业主家庭唯一住宅 新户型三居室,349万,29213元/平,顶层 (共6层) | 2002年 | 3室2厅 | 119.47平米 | 北 南,https://ke-image.ljcdn.com/110000-inspection/ad7c1af7-4897-4d16-a3ef-4f3ed64b46b6_1000.jpg!m_fill,w_280,h_210,f_jpg?from=ke.com
20240319,大兴,观音寺,101116553420,观音寺小区 两居室 低楼层 南北通透 精装修房主自荐,298万,35852元/平,底层 (共6层) | 1994年 | 2室2厅 | 83.12平米 | 南 北,https://ke-image.ljcdn.com/110000-inspection/8fc7a4fb-2951-4cc1-ae86-e3acfa468c16_1000.jpg!m_fill,w_280,h_210,f_jpg?from=ke.com
20240319,大兴,观音寺,101116477855,双河南里  交通便利 配套齐全  不临街  不把边 临河,164万,35216元/平,底层 (共6层) | 1997年 | 1室1厅 | 46.57平米 | 东 西,https://ke-image.ljcdn.com/110000-inspection/pc1_fVXSHackM.jpg!m_fill,w_280,h_210,f_jpg?from=ke.com
20240319,大兴,观音寺,101116422366,房子满五年南北通透商品房购物方便,455万,26402元/平,顶层 (共6层) | 2002年 | 3室2厅 | 172.34平米 | 南 北,https://ke-image.ljcdn.com/110000-inspection/pc1_RtRdoFAmU.jpg!m_fill,w_280,h_210,f_jpg?from=ke.com
20240319,大兴,观音寺,101115800168,双河南里 一层 满五年  不临街 不靠边 改造完 临河,209万,26389元/平,底层 (共6层) | 1999年 | 2室1厅 | 79.2平米 | 西北,https://ke-image.ljcdn.com/110000-inspection/pc1_HlF6QkJrI.jpg!m_fill,w_280,h_210,f_jpg?from=ke.com
20240319,大兴,观音寺,101115599039,辛店小区三居室满五年唯一南北通透,163万,20309元/平,地下室 (共6层) | 1996年 | 3室1厅 | 80.26平米 | 南 北,https://ke-image.ljcdn.com/110000-inspection/906240fc-d688-4841-a344-92134528ea42_1000.jpg!m_fill,w_280,h_210,f_jpg?from=ke.com
20240319,大兴,观音寺,101115557288,观音寺南里 南北通透三居室 高楼层 视野好,258万,28518元/平,顶层 (共6层) | 1996年 | 3室1厅 | 90.47平米 | 南 北,https://ke-image.ljcdn.com/110000-inspection/067c4abb-97d3-4f66-a005-49781dd8f828_1000.jpg!m_fill,w_280,h_210,f_jpg?from=ke.com
20240319,大兴,观音寺,101115398975,2007年建成  满五年唯一  南北通透房主自荐,305万,30038元/平,顶层 (共6层) | 2006年 | 3室1厅 | 101.54平米 | 南 北,https://ke-image.ljcdn.com/110000-inspection/fabe423f-8c6d-400d-8852-3cce8befe994_1000.jpg!m_fill,w_280,h_210,f_jpg?from=ke.com
20240319,大兴,观音寺,101114946082,观音寺小区 两居室 全明格局 满五年 低楼层,236万,32824元/平,低楼层 (共6层) | 1998年 | 2室1厅 | 71.9平米 | 南 北,https://ke-image.ljcdn.com/110000-inspection/pc1_Q6HBAOBsn.jpg!m_fill,w_280,h_210,f_jpg?from=ke.com
20240319,大兴,观音寺,101114550654,改造完小区   1/6层   诚意卖,243万,35496元/平,底层 (共6层) | 1996年 | 2室1厅 | 68.46平米 | 南 北,https://ke-image.ljcdn.com/110000-inspection/pc1_EoehaJkv4_1.jpg!m_fill,w_280,h_210,f_jpg?from=ke.com
20240319,大兴,观音寺,101114348625,双河南里  交通便利 配套齐全,248万,28615元/平,顶层 (共6层) | 1997年 | 3室1厅 | 86.67平米 | 东 西,https://ke-image.ljcdn.com/110000-inspection/09ba3ae2-b4e3-4f85-89bf-52aa9accd888_1000.jpg!m_fill,w_280,h_210,f_jpg?from=ke.com
20240319,大兴,观音寺,101114063514,观音寺南里中间层三居无抵押随时可看,299万,30057元/平,中楼层 (共6层) | 1994年 | 3室1厅 | 99.48平米 | 西南 东北,https://ke-image.ljcdn.com/110000-inspection/4a6a499a-e02f-4b2e-9c04-16ae642d3bcc_1000.jpg!m_fill,w_280,h_210,f_jpg?from=ke.com
20240319,大兴,观音寺,101113666863,新机场线南北通透满五年唯一中间楼层,315万,36237元/平,中楼层 (共6层) | 2004年 | 2室1厅 | 86.93平米 | 南 北,https://ke-image.ljcdn.com/110000-inspection/18d4181e-6b47-4984-bd17-4982b0e15151_1000.jpg!m_fill,w_280,h_210,f_jpg?from=ke.com
20240319,大兴,观音寺,101112772914,房本满五年家庭名下没有其他房产。南北通透三居室,475万,36771元/平,底层 (共4层) 3室2厅 | 129.18平米 | 南 北,https://ke-image.ljcdn.com/110000-inspection/dc1718de-f64d-4956-87a3-32d5473a0589_1000.jpg!m_fill,w_280,h_210,f_jpg?from=ke.com
20240319,大兴,观音寺,101112742176,双河南里社区   交通便利  配套齐全,229万,30172元/平,低楼层 (共6层) | 1997年 | 2室1厅 | 75.9平米 | 东 西,https://ke-image.ljcdn.com/110000-inspection/pc1_YJ4Lao8xl.jpg!m_fill,w_280,h_210,f_jpg?from=ke.com
20240319,大兴,观音寺,101123398309,观音寺小区 2室1厅 南 北 西新上,230万,33436元/平,底层 (共6层) | 1995年 | 2室1厅 | 68.79平米 | 南 北 西,https://ke-image.ljcdn.com/110000-inspection/pc1_pYiphYB2X.jpg!m_fill,w_280,h_210,f_jpg?from=ke.com
20240319,大兴,观音寺,101123364281,广厦家园 采光好楼龄新交通便利新上,170万,29726元/平,顶层 (共6层) | 2007年 | 1室1厅 | 57.19平米 | 西 北,https://ke-image.ljcdn.com/110000-inspection/ed801e47-7558-420e-b395-9472defc46e1_1000.jpg!m_fill,w_280,h_210,f_jpg?from=ke.com
20240319,大兴,观音寺,101123360698,2003年建成 南北通透两居室 满五年唯一新上,255万,29120元/平,顶层 (共6层) | 2003年 | 2室1厅 | 87.57平米 | 南 北,https://ke-image.ljcdn.com/110000-inspection/pc1_2dnpyHYVh.jpg!m_fill,w_280,h_210,f_jpg?from=ke.com
20240319,大兴,观音寺,101123329750,观音寺南里精装修低楼层客厅面宽4米随时签新上,235万,31118元/平,低楼层 (共6层) | 1995年 | 2室1厅 | 75.52平米 | 南 北,https://ke-image.ljcdn.com/110000-inspection/22317af1-5be1-408a-869f-c526105b6648_1000.jpg!m_fill,w_280,h_210,f_jpg?from=ke.com
20240319,大兴,观音寺,101123321855,林海园低楼层 南北通透三居室 精装修 满五唯一 急售新上,255万,25554元/平,低楼层 (共6层) | 2006年 | 3室1厅 | 99.79平米 | 南 北,https://ke-image.ljcdn.com/110000-inspection/333beaf4-bc52-4b7d-852e-bdab869e8156_1000.jpg!m_fill,w_280,h_210,f_jpg?from=ke.com
20240319,大兴,观音寺,101123308380,双河南里3层 临河 近地铁 采光好 户型方正新上,260万,28531元/平,中楼层 (共6层) | 1999年 | 2室2厅 | 91.13平米 | 南,https://ke-image.ljcdn.com/110000-inspection/pc1_GewygyY01.jpg!m_fill,w_280,h_210,f_jpg?from=ke.com
20240319,大兴,观音寺,101122995174,海子角西里 2室1厅 南 北,230万,27631元/平,顶层 (共6层) 2室1厅 | 83.24平米 | 南 北,https://ke-image.ljcdn.com/110000-inspection/aedc2e2f-86a4-4f8c-bc84-987c020a1f4e_1000.jpg!m_fill,w_280,h_210,f_jpg?from=ke.com
20240319,大兴,观音寺,101122968103,观音寺小区 明厅精装修 满五年唯一 采光视野好房主自荐,179万,25337元/平,顶层 (共6层) | 1994年 | 2室1厅 | 70.65平米 | 东 南 西,https://ke-image.ljcdn.com/110000-inspection/pc1_Pk3ETgvic.jpg!m_fill,w_280,h_210,f_jpg?from=ke.com
20240319,大兴,观音寺,101122942586,南北通透的两居室低楼层无遮挡采光好视野开阔,195万,30894元/平,低楼层 (共6层) | 1996年 | 2室1厅 | 63.12平米 | 南 北,https://ke-image.ljcdn.com/110000-inspection/pc1_27lLiGSUE.jpg!m_fill,w_280,h_210,f_jpg?from=ke.com
20240319,大兴,观音寺,101122836161,辛店小区 满五年唯一 南北通透两居室,169万,28466元/平,顶层 (共6层) | 1995年 | 2室1厅 | 59.37平米 | 南 北,https://ke-image.ljcdn.com/110000-inspection/pc1_VmdonyvR8.jpg!m_fill,w_280,h_210,f_jpg?from=ke.com
20240319,大兴,观音寺,101122815099,海子角南里 满五唯一 中间楼层 精装修 业主诚心出售,225万,21031元/平,中楼层 (共6层) | 1998年 | 2室2厅 | 106.99平米 | 东 西,https://ke-image.ljcdn.com/110000-inspection/391a48a3-5dff-45cd-8137-31fa81017041_1000.jpg!m_fill,w_280,h_210,f_jpg?from=ke.com
20240319,大兴,观音寺,101122806803,双河南里 2室1厅 南 北房主自荐,225万,27050元/平,顶层 (共6层) | 1999年 | 2室1厅 | 83.18平米 | 南 北,https://ke-image.ljcdn.com/110000-inspection/pc1_SLmJ4ys1W.jpg!m_fill,w_280,h_210,f_jpg?from=ke.com
20240319,大兴,观音寺,101122795406,好楼层南北通透首付少压力小 满五年唯一,205万,32208元/平,低楼层 (共6层) | 1994年 | 2室1厅 | 63.65平米 | 南 北,https://ke-image.ljcdn.com/110000-inspection/cd410c4c-4ae4-4c59-84e2-9fa753b20966_1000.jpg!m_fill,w_280,h_210,f_jpg?from=ke.com
20240319,大兴,观音寺,101122749642,观音寺新区 5室3厅 南 北,796万,35002元/平,高楼层 (共12层) 5室3厅 | 227.42平米 | 南 北,https://ke-image.ljcdn.com/110000-inspection/pc1_0VGXcDf4Y_3.jpg!m_fill,w_280,h_210,f_jpg?from=ke.com
20240319,大兴,观音寺,101122723837,绿色庄园 南北通透 全明格局 中间楼层 停车免费,308万,33917元/平,中楼层 (共6层) | 2004年 | 2室1厅 | 90.81平米 | 南 北,https://ke-image.ljcdn.com/110000-inspection/pc1_6mlkENSQ7.jpg!m_fill,w_280,h_210,f_jpg?from=ke.com
20240319,大兴,观音寺,101122692189,南北通透 两居室 成本价 非顶层,208万,30237元/平,高楼层 (共6层) | 1995年 | 2室1厅 | 68.79平米 | 南 北,https://ke-image.ljcdn.com/110000-inspection/pc1_EwH4opf4d.jpg!m_fill,w_280,h_210,f_jpg?from=ke.com
20240319,大兴,观音寺,101122585076,绿色庄园复式南北向满五唯一落地窗,420万,27740元/平,顶层 (共6层) 4室2厅 | 151.41平米 | 南 北,https://ke-image.ljcdn.com/110000-inspection/pc1_UGet0TSus.jpg!m_fill,w_280,h_210,f_jpg?from=ke.com
20240319,大兴,观音寺,101122543157,观音寺南北两居室客厅朝南带窗户满五唯一,210万,30018元/平,高楼层 (共6层) | 1998年 | 2室1厅 | 69.96平米 | 南 北,https://ke-image.ljcdn.com/110000-inspection/pc1_9hwMN0CTb.jpg!m_fill,w_280,h_210,f_jpg?from=ke.com
20240319,大兴,观音寺,101122467487,观音寺小区南北通透两居交通便利生活方便。,230万,32395元/平,高楼层 (共6层) | 1994年 | 2室1厅 | 71平米 | 南 北,https://ke-image.ljcdn.com/110000-inspection/c3ab0f28-b71c-4393-a6c2-47edc679b3b6_1000.jpg!m_fill,w_280,h_210,f_jpg?from=ke.com
20240319,大兴,观音寺,101122418477,绿色庄园 3室1厅 南 北,330万,27339元/平,顶层 (共6层) | 2004年 | 3室1厅 | 120.71平米 | 南 北,https://ke-image.ljcdn.com/110000-inspection/98c10a62-ffde-4cf5-ac62-c306cc8f6ff6_1000.jpg!m_fill,w_280,h_210,f_jpg?from=ke.com
20240319,大兴,观音寺,101122304339,此房满五年唯一南北通透格局楼层好配套设施齐全,240万,33971元/平,中楼层 (共6层) | 1995年 | 2室1厅 | 70.65平米 | 南 北,https://ke-image.ljcdn.com/110000-inspection/cfd0792c-175e-4a92-a616-a3e5c70da5ad_1000.jpg!m_fill,w_280,h_210,f_jpg?from=ke.com
20240319,大兴,观音寺,101122285562,双河南里 满五年唯一 商品房 次顶层 无遮挡,249万,28730元/平,高楼层 (共6层) | 1997年 | 3室1厅 | 86.67平米 | 东 西,https://ke-image.ljcdn.com/110000-inspection/f51e6b6b-c849-402b-8a9b-5d822bb74c8d_1000.jpg!m_fill,w_280,h_210,f_jpg?from=ke.com
20240319,大兴,观音寺,101122186523,观音寺小区 满五年唯一两居室 精装修中间层,227万,32999元/平,中楼层 (共6层) | 1994年 | 2室1厅 | 68.79平米 | 南 北,https://ke-image.ljcdn.com/110000-inspection/7977ae5d-31d6-4869-948a-798a0220af6b_1000.jpg!m_fill,w_280,h_210,f_jpg?from=ke.com
20240319,大兴,观音寺,101122170132,观音寺小区南北通透两居室中间楼层。,206万,29947元/平,中楼层 (共6层) | 1994年 | 2室1厅 | 68.79平米 | 南 北,https://ke-image.ljcdn.com/110000-inspection/pc1_HRBJ5JiH0.jpg!m_fill,w_280,h_210,f_jpg?from=ke.com
20240319,大兴,观音寺,101122160362,观音寺新区三居 南北双通透 明厅双卫 满五年,498万,35207元/平,中楼层 (共6层) | 2002年 | 3室2厅 | 141.45平米 | 南 北,https://ke-image.ljcdn.com/110000-inspection/pc1_PugAmTddz.jpg!m_fill,w_280,h_210,f_jpg?from=ke.com
20240319,大兴,观音寺,101122145300,满五年唯一 两居室 满五年 高楼层 诚心出售,210万,30528元/平,顶层 (共6层) | 1995年 | 2室1厅 | 68.79平米 | 南 北,https://ke-image.ljcdn.com/110000-inspection/fe1075a1-cf9a-47be-8fc4-c1ca62ac162e_1000.jpg!m_fill,w_280,h_210,f_jpg?from=ke.com
20240319,大兴,观音寺,101122124547,双河南里 2室2厅 东南,245万,26885元/平,顶层 (共6层) | 1999年 | 2室2厅 | 91.13平米 | 东南,https://ke-image.ljcdn.com/110000-inspection/c89934b8-dfe3-4f87-a1a4-b2f7e29337f6_1000.jpg!m_fill,w_280,h_210,f_jpg?from=ke.com
20240319,大兴,观音寺,101121984317,观音寺南里 精装修 南北通透三居室 格局方正,450万,33260元/平,顶层 (共6层) 3室1厅 | 135.3平米 | 南 北,https://ke-image.ljcdn.com/110000-inspection/a5fc0290-ab88-4e7d-a380-6eb1af0d3173_1000.jpg!m_fill,w_280,h_210,f_jpg?from=ke.com
20240319,大兴,观音寺,101121971308,观音寺北里 满五年 低楼层三居室 南北通透 采光好,256万,31949元/平,底层 (共6层) 3室1厅 | 80.13平米 | 南 北,https://ke-image.ljcdn.com/110000-inspection/71dcd1ed-04b3-4ee9-9e90-83182160b17c_1000.jpg!m_fill,w_280,h_210,f_jpg?from=ke.com
20240319,大兴,观音寺,101121966350,观音寺小区西院 1998年建成 全明格局 两居室,208万,28930元/平,高楼层 (共6层) | 1998年 | 2室1厅 | 71.9平米 | 南 北,https://ke-image.ljcdn.com/110000-inspection/7f17b3a9-2097-4db5-9203-b0356d412f10_1000.jpg!m_fill,w_280,h_210,f_jpg?from=ke.com
20240319,大兴,观音寺,101121960927,观音寺小区三居室南北通透交通便利房主自荐,305万,33451元/平,中楼层 (共6层) | 1998年 | 3室1厅 | 91.18平米 | 南 北,https://ke-image.ljcdn.com/110000-inspection/021766ea-d2fb-4582-b647-892ef6f941a1_1000.jpg!m_fill,w_280,h_210,f_jpg?from=ke.com
20240319,大兴,观音寺,101121900987,海子角南里 全明两居 满五唯一 业主急售 可公积金贷款,178万,23781元/平,顶层 (共6层) | 1995年 | 2室1厅 | 74.85平米 | 东南,https://ke-image.ljcdn.com/110000-inspection/pc1_ZjNN9KJfm.jpg!m_fill,w_280,h_210,f_jpg?from=ke.com
20240319,大兴,观音寺,101121814174,观音寺小区明厅格局满五年唯一,220万,30986元/平,顶层 (共6层) | 1994年 | 2室1厅 | 71平米 | 南 北,https://ke-image.ljcdn.com/110000-inspection/pc1_15dvOChKc.jpg!m_fill,w_280,h_210,f_jpg?from=ke.com
20240319,大兴,观音寺,101121811954,观音寺南里 满五年唯一 南北通透 无遮挡采光好,199万,27950元/平,高楼层 (共6层) | 1994年 | 2室1厅 | 71.2平米 | 南 北,https://ke-image.ljcdn.com/110000-inspection/pc1_0rcKSUc1U.jpg!m_fill,w_280,h_210,f_jpg?from=ke.com
20240319,大兴,观音寺,101121797595,海子角西里 南北通透两居室明厅采光好精装修,240万,27159元/平,顶层 (共6层) | 2003年 | 2室1厅 | 88.37平米 | 南 北,https://ke-image.ljcdn.com/110000-inspection/fa0277b1-229d-476e-9117-5b113e69c8f5_1000.jpg!m_fill,w_280,h_210,f_jpg?from=ke.com
20240319,大兴,观音寺,101121783402,观音寺南里 两居室 南北双阳台 精装修,199万,27094元/平,顶层 (共6层) | 1995年 | 2室1厅 | 73.45平米 | 南 北,https://ke-image.ljcdn.com/110000-inspection/f5a989a0-913d-4943-bd81-0f1bff79d888_1000.jpg!m_fill,w_280,h_210,f_jpg?from=ke.com
20240319,大兴,观音寺,101121741578,双河南里 3室1厅 东 南 西,298万,31750元/平,低楼层 (共6层) | 1997年 | 3室1厅 | 93.86平米 | 东 南 西,https://ke-image.ljcdn.com/110000-inspection/8ebe9b34-7fd2-4cb9-8a86-fe838291ba6f_1000.jpg!m_fill,w_280,h_210,f_jpg?from=ke.com
20240319,大兴,观音寺,101121740984,观音寺北里  明厅户型  中间层 诚心出售,211万,30386元/平,高楼层 (共6层) | 1997年 | 2室1厅 | 69.44平米 | 南 北,https://ke-image.ljcdn.com/110000-inspection/72dbc4fe-b944-4bde-a03e-24c3fc3e7718_1000.jpg!m_fill,w_280,h_210,f_jpg?from=ke.com
20240319,大兴,观音寺,101121605198,观音寺北里满五唯一有钥匙中间层明厅,246万,35411元/平,中楼层 (共6层) | 1998年 | 2室1厅 | 69.47平米 | 南 北,https://ke-image.ljcdn.com/110000-inspection/pc1_bZa6gro7l.jpg!m_fill,w_280,h_210,f_jpg?from=ke.com
20240319,大兴,观音寺,101121539444,双河南里复式 电梯房 满五年唯一房主自荐,320万,28590元/平,顶层 (共6层) | 1997年 | 3室2厅 | 111.93平米 | 南 北,https://ke-image.ljcdn.com/110000-inspection/b8f1a4c6-fae2-4ba7-acf9-13e976efee98_1000.jpg!m_fill,w_280,h_210,f_jpg?from=ke.com
20240319,大兴,观音寺,101121457051,双河南里两居 明厅户型 满五年 中间楼层,210万,31386元/平,中楼层 (共6层) | 1997年 | 2室1厅 | 66.91平米 | 南 北,https://ke-image.ljcdn.com/110000-inspection/pc1_b1Eb0ptZg.jpg!m_fill,w_280,h_210,f_jpg?from=ke.com
20240319,大兴,观音寺,101121423462,海子角南里社区南向两居精装修。满五唯一,188万,24181元/平,顶层 (共6层) 2室1厅 | 77.75平米 | 南,https://ke-image.ljcdn.com/110000-inspection/pc1_hIHhgJUoF.jpg!m_fill,w_280,h_210,f_jpg?from=ke.com
20240319,大兴,观音寺,101121399052,海悦公馆 2014年商品房 有电梯 业主诚心出售房主自荐,277万,33926元/平,低楼层 (共24层) | 2014年 | 2室1厅 | 81.65平米 | 东,https://ke-image.ljcdn.com/110000-inspection/pc1_GlNSncHZF_1.jpg!m_fill,w_280,h_210,f_jpg?from=ke.com
20240319,大兴,观音寺,101121390778,黄村火车站户型方正南北双阳台,300万,27822元/平,高楼层 (共6层) 2室1厅 | 107.83平米 | 南 北,https://ke-image.ljcdn.com/110000-inspection/pc1_mMuJY8gon.jpg!m_fill,w_280,h_210,f_jpg?from=ke.com
20240319,大兴,观音寺,101121366544,海子角小区非顶层满五唯一价格可谈出行方便,196万,28731元/平,高楼层 (共6层) | 1996年 | 2室1厅 | 68.22平米 | 南 北,https://ke-image.ljcdn.com/110000-inspection/1955eba3-a947-434a-b5ce-9a0a689f08e7_1000.jpg!m_fill,w_280,h_210,f_jpg?from=ke.com
20240319,大兴,观音寺,101121268703,南北通透两居 中楼层 户型方正 布局合理房主自荐,195万,32232元/平,中楼层 (共6层) | 1996年 | 2室1厅 | 60.5平米 | 南 北,https://ke-image.ljcdn.com/110000-inspection/c2cf641a-e7a2-466a-892c-2454f8634a89_1000.jpg!m_fill,w_280,h_210,f_jpg?from=ke.com
20240319,大兴,观音寺,101121226378,海悦公馆 2014年商品房 带电梯 高楼层两居 视野好,299万,36620元/平,高楼层 (共24层) | 2014年 | 2室1厅 | 81.65平米 | 东,https://ke-image.ljcdn.com/110000-inspection/pc1_SIMnKmlp1.jpg!m_fill,w_280,h_210,f_jpg?from=ke.com
20240319,大兴,观音寺,101121217096,观音寺北里低楼层满五唯一明厅,240万,34548元/平,低楼层 (共6层) | 1998年 | 2室1厅 | 69.47平米 | 南 北,https://ke-image.ljcdn.com/110000-inspection/7ca2edcc-ad25-4dc2-b83a-736f8c96de94_1000.jpg!m_fill,w_280,h_210,f_jpg?from=ke.com
20240319,大兴,观音寺,101121100179,双河南里 3室1厅 南 北房主自荐,265万,32994元/平,高楼层 (共6层) | 1997年 | 3室1厅 | 80.32平米 | 南 北,https://ke-image.ljcdn.com/110000-inspection/4ebb8e45-0e9d-454c-8367-4b204831aa72_1000.jpg!m_fill,w_280,h_210,f_jpg?from=ke.com
20240319,大兴,观音寺,101121063255,双河南里 满五年 南北通透三居 低楼层 小区改造了,269万,33492元/平,底层 (共6层) | 1997年 | 3室1厅 | 80.32平米 | 南 北,https://ke-image.ljcdn.com/110000-inspection/d0ac0412-77a7-4c27-afeb-3605c45b4609_1000.jpg!m_fill,w_280,h_210,f_jpg?from=ke.com
20240319,大兴,观音寺,101121037729,观音寺小区西院 两居室 全明格局 南北通透 1998年建成房主自荐,229万,31370元/平,高楼层 (共6层) | 1998年 | 2室1厅 | 73平米 | 南 北,https://ke-image.ljcdn.com/110000-inspection/11b84115-cd07-49fa-9cef-fe3831627c02_1000.jpg!m_fill,w_280,h_210,f_jpg?from=ke.com
20240319,大兴,观音寺,101121031295,观音寺南里 1室1厅 东 西,200万,29608元/平,中楼层 (共6层) 1室1厅 | 67.55平米 | 东 西,https://ke-image.ljcdn.com/110000-inspection/pc1_p5ayOXNSC.jpg!m_fill,w_280,h_210,f_jpg?from=ke.com
20240319,大兴,观音寺,101120921441,观音寺南里  楼龄新  落地窗视野好房主自荐,256万,32307元/平,顶层 (共5层) | 2008年 | 2室1厅 | 79.24平米 | 东南,https://ke-image.ljcdn.com/110000-inspection/pc1_ku4gu8m2g.jpg!m_fill,w_280,h_210,f_jpg?from=ke.com
20240319,大兴,观音寺,101120884242,观音寺新区  南北通透户型  满五年唯一房主自荐,388万,41181元/平,低楼层 (共12层) | 2002年 | 2室2厅 | 94.22平米 | 南 北,https://ke-image.ljcdn.com/110000-inspection/pc1_QaQqhVo7n.jpg!m_fill,w_280,h_210,f_jpg?from=ke.com
20240319,大兴,观音寺,101120871571,海悦公馆精装修一居 满五唯一 2014年电梯房 配套齐全,183万,45512元/平,中楼层 (共24层) | 2014年 | 1室1厅 | 40.21平米 | 北,https://ke-image.ljcdn.com/110000-inspection/pc1_p1CMPhJ2y.jpg!m_fill,w_280,h_210,f_jpg?from=ke.com
20240319,大兴,观音寺,101120868755,观音寺南里 2室1厅 南 北,178万,29422元/平,顶层 (共6层) | 1996年 | 2室1厅 | 60.5平米 | 南 北,https://ke-image.ljcdn.com/110000-inspection/pc1_uhxXiIIgm.jpg!m_fill,w_280,h_210,f_jpg?from=ke.com
20240319,大兴,观音寺,101120808271,林海园2002年建成板楼 一梯两户 南北通透 诚意出售,208万,24437元/平,低楼层 (共6层) | 2002年 | 2室1厅 | 85.12平米 | 南 北,https://ke-image.ljcdn.com/110000-inspection/pc1_z3nGz9SjX.jpg!m_fill,w_280,h_210,f_jpg?from=ke.com
20240319,大兴,观音寺,101120801774,观音寺南里 南北通透两居室 户型方正 满五唯一商品房,210万,30756元/平,中楼层 (共6层) | 1995年 | 2室1厅 | 68.28平米 | 南 北,https://ke-image.ljcdn.com/110000-inspection/58fc0eab-817a-425d-a8a5-d10cabb66227_1000.jpg!m_fill,w_280,h_210,f_jpg?from=ke.com
20240319,大兴,观音寺,101120590633,此房房本满五年H户型双通透的通风好采光好,255万,27670元/平,顶层 (共6层) | 1999年 | 2室1厅 | 92.16平米 | 南 北,https://ke-image.ljcdn.com/110000-inspection/pc1_FpAmRDrIb_1.jpg!m_fill,w_280,h_210,f_jpg?from=ke.com
20240319,大兴,观音寺,101120522874,观音寺新区 7室2厅 北 南,610万,28037元/平,顶层 (共6层) | 2002年 | 7室2厅 | 217.57平米 | 北 南,https://ke-image.ljcdn.com/110000-inspection/pc1_EPh5a3Q0w.jpg!m_fill,w_280,h_210,f_jpg?from=ke.com
20240319,大兴,观音寺,101120234562,双河南里小区南北通透的两居房本满5年。,235万,30768元/平,低楼层 (共6层) 2室1厅 | 76.38平米 | 南 北,https://ke-image.ljcdn.com/110000-inspection/05e66d6f-c5a1-4458-b3c7-b394f7d5b7bb_1000.jpg!m_fill,w_280,h_210,f_jpg?from=ke.com
20240319,大兴,观音寺,101119983823,观音寺新区非顶层三居采光好业主诚售,425万,34536元/平,高楼层 (共6层) | 2002年 | 3室1厅 | 123.06平米 | 南 北,https://ke-image.ljcdn.com/110000-inspection/ed7d24f0-8bd7-4b5f-b8e1-11d93691bccd_1000.jpg!m_fill,w_280,h_210,f_jpg?from=ke.com
20240319,大兴,观音寺,101119897327,观音寺明厅三居室低楼层业主诚心出售,300万,36093元/平,底层 (共6层) | 1995年 | 3室1厅 | 83.12平米 | 南 北,https://ke-image.ljcdn.com/110000-inspection/pc1_OJSEg1p4D.jpg!m_fill,w_280,h_210,f_jpg?from=ke.com
20240319,大兴,观音寺,101119670322,观音寺南里  精装修 明厅三居室,262万,29592元/平,顶层 (共6层) | 1995年 | 3室1厅 | 88.54平米 | 南 北,https://ke-image.ljcdn.com/110000-inspection/pc1_XyQwoOvOM.jpg!m_fill,w_280,h_210,f_jpg?from=ke.com
20240319,大兴,观音寺,101119668052,海子角西里南北通透两居室 次顶层 房本满五年,185万,27571元/平,高楼层 (共6层) 2室1厅 | 67.1平米 | 南 北,https://ke-image.ljcdn.com/110000-inspection/d210f6ae-86f0-4fe2-bbaa-30bd2f12d3bf_1000.jpg!m_fill,w_280,h_210,f_jpg?from=ke.com
20240319,大兴,观音寺,101119641126,观音寺北里 满五唯一南北通透两居室客厅明厅朝南,185万,26444元/平,顶层 (共6层) | 1996年 | 2室1厅 | 69.96平米 | 南 北,https://ke-image.ljcdn.com/110000-inspection/ac11b186-b228-47e6-8e55-39886353ea4e_1000.jpg!m_fill,w_280,h_210,f_jpg?from=ke.com
20240319,大兴,观音寺,101119488840,观音寺北里明厅户型两居室  采光好无遮挡,179万,25834元/平,顶层 (共6层) | 1996年 | 2室1厅 | 69.29平米 | 南 北,https://ke-image.ljcdn.com/110000-inspection/817d6374-bfee-4df5-aa53-769c7a5e5fb9_1000.jpg!m_fill,w_280,h_210,f_jpg?from=ke.com
20240319,大兴,观音寺,101119410203,宇丰苑 南北通透 全明格局 正规三居室 采光好 视野佳,395万,26992元/平,顶层 (共6层) | 2004年 | 3室2厅 | 146.34平米 | 南 北,https://ke-image.ljcdn.com/110000-inspection/pc1_Jw0DlO9x8_1.jpg!m_fill,w_280,h_210,f_jpg?from=ke.com
20240319,大兴,观音寺,101119239417,海子角西里中间楼层满五唯一,199万,29047元/平,中楼层 (共6层) | 1996年 | 2室1厅 | 68.51平米 | 南,https://ke-image.ljcdn.com/110000-inspection/8cb5a419-42c9-48d1-ad57-9f755fde7a1d_1000.jpg!m_fill,w_280,h_210,f_jpg?from=ke.com
20240319,大兴,观音寺,101119002387,海子角小区改造小区平改坡周边新规划房主自荐,218万,30896元/平,顶层 (共5层) | 1996年 | 2室1厅 | 70.56平米 | 南 北,https://ke-image.ljcdn.com/110000-inspection/pc1_I4BxVEKVE.jpg!m_fill,w_280,h_210,f_jpg?from=ke.com
20240319,大兴,观音寺,101118662191,观音寺新区 3室2厅 南 北,570万,37771元/平,顶层 (共9层) | 2002年 | 3室2厅 | 150.91平米 | 南 北,https://ke-image.ljcdn.com/110000-inspection/pc1_C2ZgoM6ZL.jpg!m_fill,w_280,h_210,f_jpg?from=ke.com
20240319,大兴,观音寺,101118503092,观音寺新区 交通便利 配套齐全,510万,27650元/平,顶层 (共5层) | 2002年 | 4室3厅 | 184.45平米 | 南 北,https://ke-image.ljcdn.com/110000-inspection/a982a778-8418-4824-8270-bd13cb60893a_1000.jpg!m_fill,w_280,h_210,f_jpg?from=ke.com
20240319,大兴,观音寺,101118266956,大兴黄村 海悦公馆 商品房电梯房 满五年两居 采光好,310万,38070元/平,高楼层 (共24层) | 2014年 | 2室1厅 | 81.43平米 | 东南,https://ke-image.ljcdn.com/110000-inspection/pc1_NcJurJYm0_1.jpg!m_fill,w_280,h_210,f_jpg?from=ke.com
20240319,大兴,观音寺,101117749032,大兴黄村 观音寺商圈 宇丰苑电梯房复式结构 满五年,360万,31011元/平,低楼层 (共18层) | 2007年 | 2室1厅 | 116.09平米 | 南,https://ke-image.ljcdn.com/110000-inspection/pc1_yN0gka73P.jpg!m_fill,w_280,h_210,f_jpg?from=ke.com
20240319,大兴,观音寺,101117706166,满五年唯一 商品房 格局好 明厅户型带阳台 采光充足,200万,28865元/平,顶层 (共6层) | 1996年 | 2室1厅 | 69.29平米 | 南 北,https://ke-image.ljcdn.com/110000-inspection/a88b4124-d4c7-4b6d-b451-ee7b902fbdc6_1000.jpg!m_fill,w_280,h_210,f_jpg?from=ke.com
20240319,大兴,观音寺,101117424088,观音寺新区  此交易房屋房本满五年且家庭名下一套住房,420万,29634元/平,顶层 (共6层) | 2002年 | 4室1厅 | 141.73平米 | 南 北,https://ke-image.ljcdn.com/110000-inspection/pc1_4n60cPGF6.jpg!m_fill,w_280,h_210,f_jpg?from=ke.com
20240319,大兴,观音寺,101117013652,南北通透 满两年 采光好 业主诚心出售,199万,31528元/平,顶层 (共6层) | 1996年 | 2室1厅 | 63.12平米 | 南 北,https://ke-image.ljcdn.com/110000-inspection/pc1_OAOPuTssZ.jpg!m_fill,w_280,h_210,f_jpg?from=ke.com
20240319,大兴,观音寺,101116235781,黄村京开观音寺新区南北三居采光好,410万,33318元/平,高楼层 (共6层) | 2002年 | 3室1厅 | 123.06平米 | 南 北,https://ke-image.ljcdn.com/110000-inspection/0aee00b2-8de8-4c5b-9fc0-ed5b67ecce95_1000.jpg!m_fill,w_280,h_210,f_jpg?from=ke.com
20240319,大兴,观音寺,101105261870,观音寺新区 商品房 南北复式 精装修,760万,34932元/平,顶层 (共6层) | 2002年 | 6室3厅 | 217.57平米 | 南 北,https://ke-image.ljcdn.com/110000-inspection/pc1_XhGK55fgu_1.jpg!m_fill,w_280,h_210,f_jpg?from=ke.com
20240319,大兴,观音寺,101123469057,绿色庄园 1室1厅 南 北,230万,35804元/平,底层 (共6层) | 2004年 | 1室1厅 | 64.24平米 | 南 北,https://s1.ljcdn.com/pegasus/redskull/images/common/default_house_list.png?_v=20240306121103
20240319,大兴,观音寺,101123468954,绿色庄园 3室1厅 南 北,435万,36037元/平,底层 (共6层) | 2004年 | 3室1厅 | 120.71平米 | 南 北,https://s1.ljcdn.com/pegasus/redskull/images/common/default_house_list.png?_v=20240306121103
20240319,大兴,观音寺,101123448880,观音寺北里 3室1厅 南 北,335万,31134元/平,高楼层 (共6层) | 1998年 | 3室1厅 | 107.6平米 | 南 北,https://s1.ljcdn.com/pegasus/redskull/images/common/default_house_list.png?_v=20240306121103
20240319,大兴,观音寺,101123385484,海子角南里 2室1厅 南 北新上,215万,28564元/平,高楼层 (共6层) | 1995年 | 2室1厅 | 75.27平米 | 南 北,https://s1.ljcdn.com/pegasus/redskull/images/common/default_house_list.png?_v=20240306121103
20240319,大兴,观音寺,101123375792,海悦公馆 南北通透优质两居按满五唯一出售新上,300万,36241元/平,高楼层 (共24层) | 2014年 | 2室1厅 | 82.78平米 | 南 北,https://s1.ljcdn.com/pegasus/redskull/images/common/default_house_list.png?_v=20240306121103
20240319,大兴,观音寺,101123308143,观音寺南里 3室1厅 南 北,400万,31015元/平,低楼层 (共6层) 3室1厅 | 128.97平米 | 南 北,https://s1.ljcdn.com/pegasus/redskull/images/common/default_house_list.png?_v=20240306121103
20240319,大兴,观音寺,101123250580,观音寺小区 3室1厅 南 北,295万,32368元/平,低楼层 (共6层) | 1994年 | 3室1厅 | 91.14平米 | 南 北,https://s1.ljcdn.com/pegasus/redskull/images/common/default_house_list.png?_v=20240306121103
20240319,大兴,观音寺,101123209423,林海园 2室2厅 南 北,204万,24278元/平,底层 (共6层) | 2006年 | 2室2厅 | 84.03平米 | 南 北,https://s1.ljcdn.com/pegasus/redskull/images/common/default_house_list.png?_v=20240306121103
20240319,大兴,观音寺,101123116178,观音寺北里 3室1厅 南 北,265万,30390元/平,中楼层 (共6层) 3室1厅 | 87.2平米 | 南 北,https://s1.ljcdn.com/pegasus/redskull/images/common/default_house_list.png?_v=20240306121103
20240319,大兴,观音寺,101122918904,观音寺南里南北通透的三居户型方正无浪费。,380万,29566元/平,中楼层 (共6层) 3室2厅 | 128.53平米 | 南 北,https://s1.ljcdn.com/pegasus/redskull/images/common/default_house_list.png?_v=20240306121103
20240319,大兴,观音寺,101122916254,海悦公馆 车位,22万,6694元/平,地下室 (共3层) | 2014年 | 1室0厅 | 32.87平米 | 南,https://s1.ljcdn.com/pegasus/redskull/images/common/default_house_list.png?_v=20240306121103
20240319,大兴,观音寺,101122693648,海悦公馆 车位,16万,5452元/平,地下室 (共1层) 1室0厅 | 29.35平米 | 南,https://s1.ljcdn.com/pegasus/redskull/images/common/default_house_list.png?_v=20240306121103
20240319,大兴,观音寺,101116355312,海悦公馆 楼龄新 商品房社区 人车分流,20万,6237元/平,地下室 (共3层) | 2014年 | 1室0厅 | 32.07平米 | 南,https://s1.ljcdn.com/pegasus/redskull/images/common/default_house_list.png?_v=20240306121103
20240319,大兴,观音寺,101116105664,海悦公馆地下车库建成年代2014年,22万,6841元/平,地下室 (共3层) | 2014年 | 1室0厅 | 32.16平米 | 南,https://s1.ljcdn.com/pegasus/redskull/images/common/default_house_list.png?_v=20240306121103
