20240620,昌平,东关,101124874193,北京怡园小区人车分流电梯两居室满五唯一必看好房,310万,41656元/平,中楼层 (共16层) 2室1厅 | 74.42平米 | 南,https://ke-image.ljcdn.com/110000-inspection/pc1_gmm4qZcJQ.jpg!m_fill,w_280,h_210,f_jpg?from=ke.com
20240620,昌平,东关,101124806445,京科苑 2室1厅 南 北必看好房,270万,35977元/平,低楼层 (共7层) 2室1厅 | 75.05平米 | 南 北,https://ke-image.ljcdn.com/110000-inspection/pc1_2eqRjaOew.jpg!m_fill,w_280,h_210,f_jpg?from=ke.com
20240620,昌平,东关,101124795949,世涛天朗 精装三居 小区中间不临街 高楼层视野佳必看好房,768万,45835元/平,高楼层 (共10层) 3室2厅 | 167.56平米 | 南 北,https://ke-image.ljcdn.com/110000-inspection/pc1_U9a1g0uYm.jpg!m_fill,w_280,h_210,f_jpg?from=ke.com
20240620,昌平,东关,101124696534,北京风景 中间楼层大三居室总高六层带电梯必看好房,425万,35724元/平,高楼层 (共6层) 3室1厅 | 118.97平米 | 南 北,https://ke-image.ljcdn.com/110000-inspection/pc1_EqNG0rIDt.jpg!m_fill,w_280,h_210,f_jpg?from=ke.com
20240620,昌平,东关,101124657760,清秀园北区 2室1厅 南 北必看好房,269万,29211元/平,中楼层 (共6层) 2室1厅 | 92.09平米 | 南 北,https://ke-image.ljcdn.com/110000-inspection/pc1_qoWbZmruv.jpg!m_fill,w_280,h_210,f_jpg?from=ke.com
20240620,昌平,东关,101124657385,嘉和园南向两居中间层满五唯一精装修近公园必看好房,275万,35516元/平,低楼层 (共19层) 2室1厅 | 77.43平米 | 南,https://ke-image.ljcdn.com/110000-inspection/f3f014fe-edd6-4dc8-b553-799ac005f79f_1000.jpg!m_fill,w_280,h_210,f_jpg?from=ke.com
20240620,昌平,东关,101124651313,昌盛园一区 2室1厅 南 北必看好房,290万,35488元/平,底层 (共6层) 2室1厅 | 81.72平米 | 南 北,https://ke-image.ljcdn.com/110000-inspection/pc1_BI3NZtA9B.jpg!m_fill,w_280,h_210,f_jpg?from=ke.com
20240620,昌平,东关,101124646232,北京怡园满五唯一电梯精装修1居诚心出售,230万,39070元/平,高楼层 (共16层) 1室1厅 | 58.87平米 | 南,https://ke-image.ljcdn.com/110000-inspection/pc1_W9ijXX6bv.jpg!m_fill,w_280,h_210,f_jpg?from=ke.com
20240620,昌平,东关,101124610218,京科苑 2室1厅 南 北,261万,34051元/平,中楼层 (共7层) 2室1厅 | 76.65平米 | 南 北,https://ke-image.ljcdn.com/110000-inspection/e81f438f-c5d7-4a0b-983c-654e619654ba_1000.jpg!m_fill,w_280,h_210,f_jpg?from=ke.com
20240620,昌平,东关,101124589196,北京怡园 3室2厅 南 北,395万,41258元/平,低楼层 (共12层) 3室2厅 | 95.74平米 | 南 北,https://ke-image.ljcdn.com/110000-inspection/pc1_jrDBNJhpB.jpg!m_fill,w_280,h_210,f_jpg?from=ke.com
20240620,昌平,东关,101124565469,随园公寓 天伦随园16号院二区,320万,35505元/平,中楼层 (共9层) 2室2厅 | 90.13平米 | 南 北,https://ke-image.ljcdn.com/110000-inspection/pc1_Kf224QY0K.jpg!m_fill,w_280,h_210,f_jpg?from=ke.com
20240620,昌平,东关,101124489124,随园 2室2厅 南,324万,36206元/平,中楼层 (共9层) 2室2厅 | 89.49平米 | 南,https://ke-image.ljcdn.com/110000-inspection/pc1_azrGajLOC.jpg!m_fill,w_280,h_210,f_jpg?from=ke.com
20240620,昌平,东关,101124479435,水关新村楼龄新楼层好采光充足必看好房,246万,31710元/平,低楼层 (共6层) 2室1厅 | 77.58平米 | 南 北,https://ke-image.ljcdn.com/110000-inspection/pc1_PnDCFKJSP.jpg!m_fill,w_280,h_210,f_jpg?from=ke.com
20240620,昌平,东关,101124370061,北京怡园 1室1厅 西南必看好房,206万,39585元/平,中楼层 (共16层) 1室1厅 | 52.04平米 | 西南,https://ke-image.ljcdn.com/110000-inspection/pc1_FE9NftEgk.jpg!m_fill,w_280,h_210,f_jpg?from=ke.com
20240620,昌平,东关,101124277353,全明格局南北通透三居满五唯一精装修前后不临街必看好房,428万,44784元/平,低楼层 (共16层) 3室1厅 | 95.57平米 | 东南 北,https://ke-image.ljcdn.com/110000-inspection/pc1_cqxrs3Sqv.jpg!m_fill,w_280,h_210,f_jpg?from=ke.com
20240620,昌平,东关,101124248151,昌盛园三区 低楼层南北通透两居室 不临街 位置安静,315万,38798元/平,底层 (共6层) | 2004年 | 2室1厅 | 81.19平米 | 南 北,https://ke-image.ljcdn.com/110000-inspection/pc1_yRE8Rsoow.jpg!m_fill,w_280,h_210,f_jpg?from=ke.com
20240620,昌平,东关,101124218738,东关北里小区 2室1厅 南 北必看好房,355万,33253元/平,中楼层 (共7层) 2室1厅 | 106.76平米 | 南 北,https://ke-image.ljcdn.com/110000-inspection/pc1_b5ouxSnyb.jpg!m_fill,w_280,h_210,f_jpg?from=ke.com
20240620,昌平,东关,101124213189,东关站旁 宁馨苑小区 三居诚心出售房主自荐,439万,36814元/平,底层 (共6层) 3室2厅 | 119.25平米 | 南 北,https://ke-image.ljcdn.com/110000-inspection/pc1_KakigBZ7N.jpg!m_fill,w_280,h_210,f_jpg?from=ke.com
20240620,昌平,东关,101124194470,京科苑 2室1厅 南 北必看好房,230万,30606元/平,低楼层 (共6层) 2室1厅 | 75.15平米 | 南 北,https://ke-image.ljcdn.com/110000-inspection/pc1_Opa3GohK7.jpg!m_fill,w_280,h_210,f_jpg?from=ke.com
20240620,昌平,东关,101124188389,宁馨苑南北向小三居满五唯一户型方正交通便利必看好房,269.5万,29151元/平,高楼层 (共7层) 3室1厅 | 92.45平米 | 南 北,https://ke-image.ljcdn.com/110000-inspection/pc1_5tsN3nhPX.jpg!m_fill,w_280,h_210,f_jpg?from=ke.com
20240620,昌平,东关,101123933449,东关南里 楼层好 精装 满五唯一必看好房,289万,33059元/平,中楼层 (共6层) | 2000年 | 2室1厅 | 87.42平米 | 南 北,https://ke-image.ljcdn.com/110000-inspection/pc1_YvWKCMPh9.jpg!m_fill,w_280,h_210,f_jpg?from=ke.com
20240620,昌平,东关,101123870298,满五唯一南北双通透户型好价格可谈必看好房,329万,28687元/平,顶层 (共6层) | 1998年 | 3室2厅 | 114.69平米 | 南 北,https://ke-image.ljcdn.com/110000-inspection/pc1_iRecEKGqY.jpg!m_fill,w_280,h_210,f_jpg?from=ke.com
20240620,昌平,东关,101123786043,京科苑 南北通透三居室 精装修 看房方便必看好房,345万,35104元/平,顶层 (共5层) 3室1厅 | 98.28平米 | 南 北,https://ke-image.ljcdn.com/110000-inspection/pc1_PMJUJHPuM.jpg!m_fill,w_280,h_210,f_jpg?from=ke.com
20240620,昌平,东关,101123783013,燕平家园 3室2厅 东南,500万,34588元/平,高楼层 (共15层) 3室2厅 | 144.56平米 | 东南,https://ke-image.ljcdn.com/110000-inspection/379936ec-1586-49fa-8af4-af16987b20fa_1000.jpg!m_fill,w_280,h_210,f_jpg?from=ke.com
20240620,昌平,东关,101123761433,东关北里小区 满五唯一 精装大两居必看好房,348万,34662元/平,中楼层 (共7层) 2室1厅 | 100.4平米 | 南 北,https://ke-image.ljcdn.com/110000-inspection/88e9bbfc-589b-447f-9098-7650a5fcd102_1000.jpg!m_fill,w_280,h_210,f_jpg?from=ke.com
20240620,昌平,东关,101123723558,东关北里小区 1室1厅 东必看好房,175万,30510元/平,底层 (共7层) 1室1厅 | 57.36平米 | 东,https://ke-image.ljcdn.com/110000-inspection/5615bce4-3a66-4c3b-b0a1-00c61ac8d149_1000.jpg!m_fill,w_280,h_210,f_jpg?from=ke.com
20240620,昌平,东关,101123696684,燕平家园 2室1厅 南 北,235万,34078元/平,中楼层 (共6层) 2室1厅 | 68.96平米 | 南 北,https://ke-image.ljcdn.com/110000-inspection/dcdb3d51-d98e-403c-b1bf-8d5bd614a225_1000.jpg!m_fill,w_280,h_210,f_jpg?from=ke.com
20240620,昌平,东关,101123582223,清秀园南区 2室2厅 南 北必看好房,135万,15746元/平,地下室 (共4层) 2室2厅 | 85.74平米 | 南 北,https://ke-image.ljcdn.com/110000-inspection/021fd2f1-8d50-4b63-ba49-0234275bf418_1000.jpg!m_fill,w_280,h_210,f_jpg?from=ke.com
20240620,昌平,东关,101123500670,龙水路22号院 2室2厅 南 北必看好房,275万,30227元/平,低楼层 (共6层) | 1997年 | 2室2厅 | 90.98平米 | 南 北,https://ke-image.ljcdn.com/110000-inspection/27d35c43-581d-4c94-a3c9-1ee52bfe621f_1000.jpg!m_fill,w_280,h_210,f_jpg?from=ke.com
20240620,昌平,东关,101123446804,东关北里小区 2室1厅 南房主自荐,180万,29664元/平,顶层 (共6层) 2室1厅 | 60.68平米 | 南,https://ke-image.ljcdn.com/110000-inspection/e7acb3d6-39a1-4305-9fb2-71526874cd8e_1000.jpg!m_fill,w_280,h_210,f_jpg?from=ke.com
20240620,昌平,东关,101123393103,小三居 边户 南北通透全明格局 采光亮 满五唯一房主自荐,219万,33523元/平,高楼层 (共6层) | 1991年 | 2室1厅 | 65.33平米 | 南 北,https://ke-image.ljcdn.com/110000-inspection/pc1_U0Gt4zvoP.jpg!m_fill,w_280,h_210,f_jpg?from=ke.com
20240620,昌平,东关,101123376395,宁馨苑南北通透两居室中间楼层采光充足视野开阔必看好房,248万,35633元/平,中楼层 (共6层) 2室1厅 | 69.6平米 | 南 北,https://ke-image.ljcdn.com/110000-inspection/0eb4b234-50e2-4f3a-833c-8b83b3c6b140_1000.jpg!m_fill,w_280,h_210,f_jpg?from=ke.com
20240620,昌平,东关,101123362283,北京风景南北通透三居室采光好视野无遮挡,460万,40284元/平,顶层 (共8层) 3室2厅 | 114.19平米 | 南 北,https://ke-image.ljcdn.com/110000-inspection/61885d67-7b93-4775-94f6-36347db7449d_1000.jpg!m_fill,w_280,h_210,f_jpg?from=ke.com
20240620,昌平,东关,101123154848,建安里小区 3室1厅 南 北,346万,31793元/平,低楼层 (共6层) 3室1厅 | 108.83平米 | 南 北,https://ke-image.ljcdn.com/110000-inspection/c1bcd7e5-37af-418e-9e4b-d163734eff0c_1000.jpg!m_fill,w_280,h_210,f_jpg?from=ke.com
20240620,昌平,东关,101123141955,京科苑一层两居室 南北通透 诚心出售,278万,36269元/平,底层 (共7层) 2室1厅 | 76.65平米 | 南 北,https://ke-image.ljcdn.com/110000-inspection/f3af241c-df1f-4f0a-9698-2f0ccfcf080b_1000.jpg!m_fill,w_280,h_210,f_jpg?from=ke.com
20240620,昌平,东关,101123068972,清秀园北区 1室0厅 东,138万,30224元/平,中楼层 (共19层) 1室0厅 | 45.66平米 | 东,https://ke-image.ljcdn.com/110000-inspection/pc1_E9hF7jUTo.jpg!m_fill,w_280,h_210,f_jpg?from=ke.com
20240620,昌平,东关,101122943437,金隅观澜时代带电梯、高楼层、南北向四居室必看好房,539万,42921元/平,高楼层 (共21层) 4室1厅 | 125.58平米 | 南 北,https://ke-image.ljcdn.com/110000-inspection/44fcf227-ada6-43f1-a6d5-d2d89ee12a00_1000.jpg!m_fill,w_280,h_210,f_jpg?from=ke.com
20240620,昌平,东关,101122917722,金隅观澜时代 2室1厅 南必看好房,385万,44157元/平,中楼层 (共21层) 2室1厅 | 87.19平米 | 南,https://ke-image.ljcdn.com/110000-inspection/d3e71ae3-ec57-4fec-a8b3-c83c9368254d_1000.jpg!m_fill,w_280,h_210,f_jpg?from=ke.com
20240620,昌平,东关,101122812888,燕平家园 2室1厅 南 北,245万,32178元/平,低楼层 (共6层) 2室1厅 | 76.14平米 | 南 北,https://ke-image.ljcdn.com/110000-inspection/346401a6-f779-4995-813c-5e1472c356a2_1000.jpg!m_fill,w_280,h_210,f_jpg?from=ke.com
20240620,昌平,东关,101122719294,正规三居两卫中间楼层满五唯一看房方便,389万,33211元/平,中楼层 (共7层) 3室2厅 | 117.13平米 | 南 北,https://ke-image.ljcdn.com/110000-inspection/e428b0ba-c664-47a9-8153-b10933e83c8a_1000.jpg!m_fill,w_280,h_210,f_jpg?from=ke.com
20240620,昌平,东关,101122681041,东关北里小区 2室1厅 南 北房主自荐,189万,29858元/平,顶层 (共6层) 2室1厅 | 63.3平米 | 南 北,https://ke-image.ljcdn.com/110000-inspection/0d5b1078-8266-4880-a8b0-b5ab8a4eac8c_1000.jpg!m_fill,w_280,h_210,f_jpg?from=ke.com
20240620,昌平,东关,101122616132,福地家园 3室2厅 南 北必看好房,510万,36861元/平,低楼层 (共6层) 3室2厅 | 138.36平米 | 南 北,https://ke-image.ljcdn.com/110000-inspection/pc1_tzmR3hufw.jpg!m_fill,w_280,h_210,f_jpg?from=ke.com
20240620,昌平,东关,101122586127,水关新村 中间楼 南北通透两居室,239万,37721元/平,中楼层 (共6层) | 1992年 | 2室1厅 | 63.36平米 | 南 北,https://ke-image.ljcdn.com/110000-inspection/5d4891bb-30d1-4ddb-9d1d-054490f154c2_1000.jpg!m_fill,w_280,h_210,f_jpg?from=ke.com
20240620,昌平,东关,101122280542,东关北里小区 中楼层 南北通透 双卫三居室 位置安静,405万,31313元/平,中楼层 (共6层) 3室1厅 | 129.34平米 | 南 北,https://ke-image.ljcdn.com/110000-inspection/6bea0c13-1301-405b-9730-125b0665d2bc_1000.jpg!m_fill,w_280,h_210,f_jpg?from=ke.com
20240620,昌平,东关,101121929105,昌盛园一区 2室2厅 南 北必看好房,305万,34990元/平,中楼层 (共6层) 2室2厅 | 87.17平米 | 南 北,https://ke-image.ljcdn.com/110000-inspection/3057ba00-9ceb-44b6-89e0-93856cb4a84d_1000.jpg!m_fill,w_280,h_210,f_jpg?from=ke.com
20240620,昌平,东关,101121344722,北京怡园 2室1厅 南必看好房,298万,41784元/平,中楼层 (共16层) 2室1厅 | 71.32平米 | 南,https://ke-image.ljcdn.com/110000-inspection/15a85592-5ebc-4f98-8372-5a33771a321d_1000.jpg!m_fill,w_280,h_210,f_jpg?from=ke.com
20240620,昌平,东关,101120886957,近地铁 小区环境好 停车方便 满五唯一业主诚心出售房主自荐,185万,32214元/平,低楼层 (共6层) 2室1厅 | 57.43平米 | 南 北,https://ke-image.ljcdn.com/110000-inspection/ea2e4f2b-f09e-4f28-a8c2-177c5614dbdc_1000.jpg!m_fill,w_280,h_210,f_jpg?from=ke.com
20240620,昌平,东关,101120416853,东关北里 不临街 满五年看房方便,255万,41804元/平,高楼层 (共6层) 2室1厅 | 61平米 | 南 北,https://ke-image.ljcdn.com/110000-inspection/25faf0d3-ca5c-42b8-a323-135a73e0ca5c_1000.jpg!m_fill,w_280,h_210,f_jpg?from=ke.com
20240620,昌平,东关,101119827357,东关北里 中间楼层 南北通透 诚心出售房主自荐,412万,37837元/平,中楼层 (共6层) 3室1厅 | 108.89平米 | 南 北,https://ke-image.ljcdn.com/110000-inspection/9ad18efa-691f-4c92-b499-380a4d86baf2_1000.jpg!m_fill,w_280,h_210,f_jpg?from=ke.com
20240620,昌平,东关,101119653731,清秀园南区 南北通透  满五年必看好房,250万,28012元/平,高楼层 (共7层) 2室1厅 | 89.25平米 | 南 北,https://ke-image.ljcdn.com/110000-inspection/6af497c8-b796-4b70-903c-8a826e7d81f6_1000.jpg!m_fill,w_280,h_210,f_jpg?from=ke.com
20240620,昌平,东关,101119146072,东关南里小区 南向两居室 低楼层,231万,38500元/平,低楼层 (共6层) 2室1厅 | 60平米 | 南,https://ke-image.ljcdn.com/110000-inspection/48caba87-a18c-4b6e-9a20-24fa229eebba_1000.jpg!m_fill,w_280,h_210,f_jpg?from=ke.com
20240620,昌平,东关,101118782338,东关南里小区   两居室    诚心出售,235万,37528元/平,中楼层 (共6层) | 1991年 | 2室1厅 | 62.62平米 | 南,https://ke-image.ljcdn.com/110000-inspection/d7e0348a-1019-4cc7-a0be-77ba9d793d5b_1000.jpg!m_fill,w_280,h_210,f_jpg?from=ke.com
20240620,昌平,东关,101118312007,东关北里小区 2室1厅 南 北,242万,39058元/平,中楼层 (共6层) 2室1厅 | 61.96平米 | 南 北,https://ke-image.ljcdn.com/110000-inspection/pc1_xVRSuDVte.jpg!m_fill,w_280,h_210,f_jpg?from=ke.com
20240620,昌平,东关,101118201409,北京风景南北通透三居室精装修可看可签必看好房,510万,40905元/平,低楼层 (共6层) 3室2厅 | 124.68平米 | 南 北,https://ke-image.ljcdn.com/110000-inspection/pc1_vaNsEvpIR.jpg!m_fill,w_280,h_210,f_jpg?from=ke.com
20240620,昌平,东关,101117056617,京科苑  低楼层两居室   带地下  诚心出售,245万,37961元/平,低楼层 (共6层) 2室1厅 | 64.54平米 | 南,https://ke-image.ljcdn.com/110000-inspection/pc1_Lk06Prttr.jpg!m_fill,w_280,h_210,f_jpg?from=ke.com
20240620,昌平,东关,101116882790,总监推荐  装修好  中间层两居室   急售房主自荐,223万,35951元/平,中楼层 (共5层) | 1991年 | 2室1厅 | 62.03平米 | 东,https://ke-image.ljcdn.com/110000-inspection/pc1_fMAkiDpIe_1.jpg!m_fill,w_280,h_210,f_jpg?from=ke.com
20240620,昌平,东关,101114979286,京科苑 南北通透 自住装修 满五唯一必看好房,228万,29746元/平,高楼层 (共7层) | 2004年 | 2室1厅 | 76.65平米 | 南 北,https://ke-image.ljcdn.com/110000-inspection/pc1_oD7Sgx0I3.jpg!m_fill,w_280,h_210,f_jpg?from=ke.com
20240620,昌平,东关,101114243536,东关北里小区中间楼层南北通透2居室,390万,38439元/平,中楼层 (共7层) | 2003年 | 2室1厅 | 101.46平米 | 南 北,https://ke-image.ljcdn.com/110000-inspection/b6723bb4-9f45-4b2b-9122-08a30c20dece_1000.jpg!m_fill,w_280,h_210,f_jpg?from=ke.com
20240620,昌平,东关,101113880589,满五唯一次顶层户型方正看房随时,245万,32027元/平,高楼层 (共6层) 2室1厅 | 76.5平米 | 南 北,https://ke-image.ljcdn.com/110000-inspection/bf54b2c3-03b4-4f28-bd01-4741744d9af7_1000.jpg!m_fill,w_280,h_210,f_jpg?from=ke.com
20240620,昌平,东关,101113770769,房子是一层成本价住宅适合有老人有孩子的家庭,315万,41150元/平,底层 (共6层) | 1994年 | 3室1厅 | 76.55平米 | 南 北,https://ke-image.ljcdn.com/110000-inspection/pc1_QCr5QJ66f.jpg!m_fill,w_280,h_210,f_jpg?from=ke.com
20240620,昌平,东关,101124530301,富泉花园 2室2厅 南 北必看好房,410万,40890元/平,低楼层 (共3层) 2室2厅 | 100.27平米 | 南 北,https://ke-image.ljcdn.com/110000-inspection/pc1_zHYyBi4Gk.jpg!m_fill,w_280,h_210,f_jpg?from=ke.com
20240620,昌平,东关,101124508069,北京风景南北通透自住精装满五年唯一,419万,36719元/平,顶层 (共6层) 3室1厅 | 114.11平米 | 南 北,https://ke-image.ljcdn.com/110000-inspection/57701c4b-93ef-4623-a772-215a436aed7b_1000.jpg!m_fill,w_280,h_210,f_jpg?from=ke.com
20240620,昌平,东关,101123411504,金隅嘉和园 2室1厅 南必看好房,268万,34608元/平,中楼层 (共19层) | 2011年 | 2室1厅 | 77.44平米 | 南,https://ke-image.ljcdn.com/110000-inspection/pc1_13ICmwZx8.jpg!m_fill,w_280,h_210,f_jpg?from=ke.com
20240620,昌平,东关,101123313092,店长推荐：四层精装南北格局业主诚售聚焦！必看好房,237万,31537元/平,中楼层 (共6层) 2室1厅 | 75.15平米 | 南 北,https://ke-image.ljcdn.com/110000-inspection/cb956e4c-27be-4ee3-8596-0f75e521e32b_1000.jpg!m_fill,w_280,h_210,f_jpg?from=ke.com
20240620,昌平,东关,101123151852,富泉花园精装房源带电梯满五唯一业主诚售价格可议必看好房,760万,40551元/平,中楼层 (共6层) 4室2厅 | 187.42平米 | 南 北,https://ke-image.ljcdn.com/110000-inspection/dc1d671f-1f04-4bd3-974c-96e2f626dcf6_1000.jpg!m_fill,w_280,h_210,f_jpg?from=ke.com
20240620,昌平,东关,101122611589,果岭南北三居近南门满五唯一精装修有车库必看好房,560万,38208元/平,中楼层 (共4层) | 2006年 | 3室2厅 | 146.57平米 | 南 北,https://ke-image.ljcdn.com/110000-inspection/pc1_x8ixi8N4W.jpg!m_fill,w_280,h_210,f_jpg?from=ke.com
20240620,昌平,东关,101122509259,水关新村优质满五唯一精装修南北通透采光视野好,268万,29125元/平,顶层 (共6层) 2室1厅 | 92.02平米 | 南 北,https://ke-image.ljcdn.com/110000-inspection/f24eb62a-3cd9-40a0-b0db-ec2ca29a0ef0_1000.jpg!m_fill,w_280,h_210,f_jpg?from=ke.com
20240620,昌平,东关,101122339768,东关北里小区 党校家属楼 2000年6层 南北通透房主自荐,330万,29779元/平,顶层 (共6层) 3室1厅 | 110.82平米 | 南 北,https://ke-image.ljcdn.com/110000-inspection/73aaec75-2817-4ae3-89da-02c34627ca0b_1000.jpg!m_fill,w_280,h_210,f_jpg?from=ke.com
20240620,昌平,东关,101122116995,清秀园北区带电梯精装一居满五年唯一业主诚心卖,172万,38479元/平,低楼层 (共19层) 1室0厅 | 44.7平米 | 东,https://ke-image.ljcdn.com/110000-inspection/pc1_9mCRmoDqv.jpg!m_fill,w_280,h_210,f_jpg?from=ke.com
20240620,昌平,东关,101121925793,宁馨苑电梯房大两居满五唯一近地铁配套齐全必看好房,295万,27527元/平,低楼层 (共17层) | 2004年 | 2室1厅 | 107.17平米 | 西南 东北,https://ke-image.ljcdn.com/110000-inspection/pc1_NSWX7RoAK.jpg!m_fill,w_280,h_210,f_jpg?from=ke.com
20240620,昌平,东关,101120933650,富泉花园雅典园满五年唯一正规复式三居别墅园区,650万,36780元/平,顶层 (共6层) 3室2厅 | 176.73平米 | 南 北,https://ke-image.ljcdn.com/110000-inspection/c6dcb3ea-8f3c-4212-95d0-e1d8c8550653_1000.jpg!m_fill,w_280,h_210,f_jpg?from=ke.com
20240620,昌平,东关,101124944066,北京风景66号院 3室2厅 南 北新上,560万,42422元/平,低楼层 (共9层) | 2015年 | 3室2厅 | 132.01平米 | 南 北,https://ke-image.ljcdn.com/110000-inspection/pc1_aue1ZMpmf.jpg!m_fill,w_280,h_210,f_jpg?from=ke.com
20240620,昌平,东关,101124943952,昌盛园一区 中间层 只有契税 自住精装修 户型通透新上,320万,37590元/平,中楼层 (共6层) 2室2厅 | 85.13平米 | 南 北,https://ke-image.ljcdn.com/110000-inspection/1dfc2dcd-73a6-4972-9bd4-68a004aaddba_1000.jpg!m_fill,w_280,h_210,f_jpg?from=ke.com
20240620,昌平,东关,101124912821,北京怡园 1室1厅 西北新上,245万,40786元/平,中楼层 (共16层) 1室1厅 | 60.07平米 | 西北,https://ke-image.ljcdn.com/110000-inspection/pc1_BprvmLQEi.jpg!m_fill,w_280,h_210,f_jpg?from=ke.com
20240620,昌平,东关,101124910462,东关南里小区 2室1厅 东 西新上,203万,33783元/平,中楼层 (共5层) 2室1厅 | 60.09平米 | 东 西,https://ke-image.ljcdn.com/110000-inspection/pc1_YCzLMSmSC.jpg!m_fill,w_280,h_210,f_jpg?from=ke.com
20240620,昌平,东关,101124902117,京科苑 2室1厅 南 北新上,216万,32210元/平,高楼层 (共6层) | 1994年 | 2室1厅 | 67.06平米 | 南 北,https://ke-image.ljcdn.com/110000-inspection/pc1_UrofSvQkF.jpg!m_fill,w_280,h_210,f_jpg?from=ke.com
20240620,昌平,东关,101124873543,新上好房精装修南北双通透大两居一梯两户纯板楼新上,408万,38296元/平,低楼层 (共6层) 2室2厅 | 106.54平米 | 南 北,https://ke-image.ljcdn.com/110000-inspection/pc1_QgW5vJ675.jpg!m_fill,w_280,h_210,f_jpg?from=ke.com
20240620,昌平,东关,101124871038,北京风景68号院 3室2厅 南 北新上,460万,37112元/平,高楼层 (共9层) 3室2厅 | 123.95平米 | 南 北,https://ke-image.ljcdn.com/110000-inspection/ebc5e337-a7d1-4052-b2cf-836f81edfe76_1000.jpg!m_fill,w_280,h_210,f_jpg?from=ke.com
20240620,昌平,东关,101124870636,亢山佳园小区 三居室 低楼层。新上,399万,36204元/平,底层 (共6层) 3室1厅 | 110.21平米 | 南 北,https://ke-image.ljcdn.com/110000-inspection/pc1_fPwPNoTZS.jpg!m_fill,w_280,h_210,f_jpg?from=ke.com
20240620,昌平,东关,101124868492,随园小区全南向两居室双卫电梯房满五唯一新上,328万,36772元/平,低楼层 (共9层) 2室2厅 | 89.2平米 | 南,https://ke-image.ljcdn.com/110000-inspection/pc1_t4D5DUpql.jpg!m_fill,w_280,h_210,f_jpg?from=ke.com
20240620,昌平,东关,101124854219,京科苑 2室2厅 南 北新上,280万,32207元/平,顶层 (共6层) | 2001年 | 2室2厅 | 86.94平米 | 南 北,https://ke-image.ljcdn.com/110000-inspection/pc1_TBnbDEGzU.jpg!m_fill,w_280,h_210,f_jpg?from=ke.com
20240620,昌平,东关,101124824951,东环路小区 2室1厅 东,199万,36288元/平,中楼层 (共6层) 2室1厅 | 54.84平米 | 东,https://ke-image.ljcdn.com/110000-inspection/pc1_FHx2bBOup.jpg!m_fill,w_280,h_210,f_jpg?from=ke.com
20240620,昌平,东关,101124774834,果岭全明三居南北三通透中间层满五唯一装修好,480万,35318元/平,中楼层 (共4层) 3室2厅 | 135.91平米 | 南 北,https://ke-image.ljcdn.com/110000-inspection/pc1_n4hoUdJ4x.jpg!m_fill,w_280,h_210,f_jpg?from=ke.com
20240620,昌平,东关,101124719882,京科苑 3室1厅 南 北,369万,37546元/平,中楼层 (共5层) 3室1厅 | 98.28平米 | 南 北,https://ke-image.ljcdn.com/110000-inspection/pc1_HF87j1tRS.jpg!m_fill,w_280,h_210,f_jpg?from=ke.com
20240620,昌平,东关,101124688640,东环路小区 2室1厅 东 西,220万,37156元/平,中楼层 (共6层) 2室1厅 | 59.21平米 | 东 西,https://ke-image.ljcdn.com/110000-inspection/e59334ae-4e04-440d-97fc-de0d01634264_1000.jpg!m_fill,w_280,h_210,f_jpg?from=ke.com
20240620,昌平,东关,101124645703,亢山前路1号院低楼层南北通透两居室全明格局近地铁,269万,37181元/平,低楼层 (共6层) 2室2厅 | 72.35平米 | 南 北,https://ke-image.ljcdn.com/110000-inspection/pc1_frLYedgA4.jpg!m_fill,w_280,h_210,f_jpg?from=ke.com
20240620,昌平,东关,101124614770,京科苑 2室1厅 南 北,265万,34573元/平,低楼层 (共7层) 2室1厅 | 76.65平米 | 南 北,https://ke-image.ljcdn.com/110000-inspection/pc1_ACLGVBx7i.jpg!m_fill,w_280,h_210,f_jpg?from=ke.com
20240620,昌平,东关,101124604885,清秀园北区 1室1厅 南,198万,34245元/平,高楼层 (共19层) 1室1厅 | 57.82平米 | 南,https://ke-image.ljcdn.com/110000-inspection/pc1_i4qiA6S36.jpg!m_fill,w_280,h_210,f_jpg?from=ke.com
20240620,昌平,东关,101124588910,水关新村 满五唯一 南向两居室 业主急售,189万,33547元/平,高楼层 (共6层) 2室1厅 | 56.34平米 | 南,https://ke-image.ljcdn.com/110000-inspection/pc1_GcKlWGKjc.jpg!m_fill,w_280,h_210,f_jpg?from=ke.com
20240620,昌平,东关,101124586109,水关新村 2室1厅 南 北,245万,31654元/平,顶层 (共6层) 2室1厅 | 77.4平米 | 南 北,https://ke-image.ljcdn.com/110000-inspection/38444f99-4d85-4355-bd1a-be239e1123a3_1000.jpg!m_fill,w_280,h_210,f_jpg?from=ke.com
20240620,昌平,东关,101124580124,金隅观澜时代 2室1厅 南,390万,45856元/平,低楼层 (共21层) 2室1厅 | 85.05平米 | 南,https://ke-image.ljcdn.com/110000-inspection/pc1_rGYXUmWcs.jpg!m_fill,w_280,h_210,f_jpg?from=ke.com
20240620,昌平,东关,101124553650,东关南里小区三层的三居室户型好精装修,460万,37172元/平,中楼层 (共6层) 3室2厅 | 123.75平米 | 南 北,https://ke-image.ljcdn.com/110000-inspection/pc1_NVZsRF16V.jpg!m_fill,w_280,h_210,f_jpg?from=ke.com
20240620,昌平,东关,101124552314,东环路小区 2室1厅 东 西,240万,30334元/平,高楼层 (共6层) 2室1厅 | 79.12平米 | 东 西,https://ke-image.ljcdn.com/110000-inspection/b700c703-fab8-4806-bc42-ff0f05bbe704_1000.jpg!m_fill,w_280,h_210,f_jpg?from=ke.com
20240620,昌平,东关,101124549852,北京怡园板楼南北通透大一居满五唯一,232万,35953元/平,底层 (共16层) 1室1厅 | 64.53平米 | 南 北,https://ke-image.ljcdn.com/110000-inspection/pc1_LnRY7ehpv.jpg!m_fill,w_280,h_210,f_jpg?from=ke.com
20240620,昌平,东关,101124546869,清朗园中间层 三阳大三居 客厅大阳台南北双通透,430万,34675元/平,中楼层 (共6层) 3室2厅 | 124.01平米 | 南 北,https://ke-image.ljcdn.com/110000-inspection/pc1_4SOZbrOZ8.jpg!m_fill,w_280,h_210,f_jpg?from=ke.com
20240620,昌平,东关,101124539519,东关二条 两室一厅 低楼层 满五唯一,290万,45299元/平,中楼层 (共5层) | 1987年 | 2室1厅 | 64.02平米 | 南,https://ke-image.ljcdn.com/110000-inspection/pc1_pLNtFvSuz.jpg!m_fill,w_280,h_210,f_jpg?from=ke.com
20240620,昌平,东关,101124532388,北京怡园 3室2厅 南 北,460万,44648元/平,高楼层 (共16层) 3室2厅 | 103.03平米 | 南 北,https://ke-image.ljcdn.com/110000-inspection/7778df9b-6ee3-4c9e-b752-3da19c40ad84_1000.jpg!m_fill,w_280,h_210,f_jpg?from=ke.com
20240620,昌平,东关,101124518141,清秀园北区 1室1厅 西,180万,39414元/平,低楼层 (共19层) 1室1厅 | 45.67平米 | 西,https://ke-image.ljcdn.com/110000-inspection/pc1_whto5cF43.jpg!m_fill,w_280,h_210,f_jpg?from=ke.com
20240620,昌平,东关,101124517618,东关北里小区 2室1厅 南 北,220万,34871元/平,顶层 (共6层) 2室1厅 | 63.09平米 | 南 北,https://ke-image.ljcdn.com/110000-inspection/56745127-4a48-4416-bdde-e7940789b14a_1000.jpg!m_fill,w_280,h_210,f_jpg?from=ke.com
20240620,昌平,东关,101124514379,亢山佳园小区 2室2厅 南 北,390万,38985元/平,底层 (共6层) 2室2厅 | 100.04平米 | 南 北,https://ke-image.ljcdn.com/110000-inspection/pc1_zJ349Gat5.jpg!m_fill,w_280,h_210,f_jpg?from=ke.com
20240620,昌平,东关,101124511354,清秀园北区 3室2厅 南 北,379万,31855元/平,中楼层 (共6层) 3室2厅 | 118.98平米 | 南 北,https://ke-image.ljcdn.com/110000-inspection/502f549e-ccaa-4528-8004-baa4d66e56b9_1000.jpg!m_fill,w_280,h_210,f_jpg?from=ke.com
20240620,昌平,东关,101124501895,宁馨苑 3室2厅 南 北,560万,34981元/平,中楼层 (共11层) 3室2厅 | 160.09平米 | 南 北,https://ke-image.ljcdn.com/110000-inspection/pc1_3JYIQKrBH.jpg!m_fill,w_280,h_210,f_jpg?from=ke.com
20240620,昌平,东关,101124499068,北京怡园 3室1厅 南 北,415万,43091元/平,中楼层 (共16层) 3室1厅 | 96.31平米 | 南 北,https://ke-image.ljcdn.com/110000-inspection/pc1_TsCatTlOd.jpg!m_fill,w_280,h_210,f_jpg?from=ke.com
20240620,昌平,东关,101124461117,精装修业主诚心出售价格可谈,199万,33178元/平,中楼层 (共5层) 2室1厅 | 59.98平米 | 东 西,https://ke-image.ljcdn.com/110000-inspection/pc1_hW2DhGDOZ.jpg!m_fill,w_280,h_210,f_jpg?from=ke.com
20240620,昌平,东关,101124440639,东关南小区低楼层两居室南北通透自住装修,220万,37821元/平,低楼层 (共6层) 2室1厅 | 58.17平米 | 南 北,https://ke-image.ljcdn.com/110000-inspection/e36d8d6e-679c-4172-9316-ec792922606c_1000.jpg!m_fill,w_280,h_210,f_jpg?from=ke.com
20240620,昌平,东关,101124404730,东关北里小区 满五唯一 纯南向两居,242万,31906元/平,高楼层 (共6层) 2室1厅 | 75.85平米 | 南,https://ke-image.ljcdn.com/110000-inspection/467d416a-3337-4e3d-8d10-f35e63ff1c1f_1000.jpg!m_fill,w_280,h_210,f_jpg?from=ke.com
20240620,昌平,东关,101124394059,水关新村 2室1厅 南 北,208万,31883元/平,高楼层 (共6层) 2室1厅 | 65.24平米 | 南 北,https://ke-image.ljcdn.com/110000-inspection/pc1_3790J0KU7.jpg!m_fill,w_280,h_210,f_jpg?from=ke.com
20240620,昌平,东关,101124393277,东关南里小区二层满五唯一精装修,258万,38751元/平,中楼层 (共5层) 2室1厅 | 66.58平米 | 南 北,https://ke-image.ljcdn.com/110000-inspection/52266532-eb60-4805-ac29-2695ed629900_1000.jpg!m_fill,w_280,h_210,f_jpg?from=ke.com
20240620,昌平,东关,101124390661,总监推荐 南北通透正规两居室 看房提前约,315万,31195元/平,中楼层 (共7层) 2室1厅 | 100.98平米 | 南 北,https://ke-image.ljcdn.com/110000-inspection/a76e5c25-9f3a-4d3f-bc3e-dd7eb69a48c9_1000.jpg!m_fill,w_280,h_210,f_jpg?from=ke.com
20240620,昌平,东关,101124375326,水关新村 2室1厅 南 北,220万,35860元/平,顶层 (共6层) 2室1厅 | 61.35平米 | 南 北,https://ke-image.ljcdn.com/110000-inspection/aa1e3eec-879a-4746-8c95-8078a20bac12_1000.jpg!m_fill,w_280,h_210,f_jpg?from=ke.com
20240620,昌平,东关,101124352209,东关二条 有加固 南向正规一居 婚房装修 中间层,240万,54311元/平,中楼层 (共5层) 1室1厅 | 44.19平米 | 南,https://ke-image.ljcdn.com/110000-inspection/pc1_jehzZQEgV.jpg!m_fill,w_280,h_210,f_jpg?from=ke.com
20240620,昌平,东关,101124349694,北京怡园  电梯房 诚意出售  价格可谈,236万,39334元/平,低楼层 (共16层) | 2016年 | 1室1厅 | 60平米 | 西北,https://ke-image.ljcdn.com/110000-inspection/pc1_F7wJRfFeu.jpg!m_fill,w_280,h_210,f_jpg?from=ke.com
20240620,昌平,东关,101124327154,世涛天朗 2室1厅 南 北,365万,42746元/平,中楼层 (共6层) 2室1厅 | 85.39平米 | 南 北,https://ke-image.ljcdn.com/110000-inspection/a8d1d0ba-8164-487e-a874-9a76a7a9b292_1000.jpg!m_fill,w_280,h_210,f_jpg?from=ke.com
20240620,昌平,东关,101124313949,亢山佳园小区 2室2厅 南 北,390万,34432元/平,高楼层 (共6层) 2室2厅 | 113.27平米 | 南 北,https://ke-image.ljcdn.com/110000-inspection/a1facb20-c015-4319-a6ca-cdc64cfe91bf_1000.jpg!m_fill,w_280,h_210,f_jpg?from=ke.com
20240620,昌平,东关,101124307290,北京风景65号院 3室1厅 南 北,455万,37305元/平,底层 (共6层) 3室1厅 | 121.97平米 | 南 北,https://ke-image.ljcdn.com/110000-inspection/8dc3dade-8f8c-43ad-a02f-d248b775b1da_1000.jpg!m_fill,w_280,h_210,f_jpg?from=ke.com
20240620,昌平,东关,101124295752,北京怡园 2室1厅 南,330万,47022元/平,低楼层 (共12层) 2室1厅 | 70.18平米 | 南,https://ke-image.ljcdn.com/110000-inspection/pc1_w2wvNjOst.jpg!m_fill,w_280,h_210,f_jpg?from=ke.com
20240620,昌平,东关,101124288656,昌盛园三区 南北通透 装修两居 满五唯一 生活便捷房主自荐,260万,31409元/平,顶层 (共6层) 2室1厅 | 82.78平米 | 南 北,https://ke-image.ljcdn.com/110000-inspection/pc1_9jjLDRGx0.jpg!m_fill,w_280,h_210,f_jpg?from=ke.com
20240620,昌平,东关,101124283106,清秀园南区 3室2厅 南 北,425万,35616元/平,底层 (共6层) 3室2厅 | 119.33平米 | 南 北,https://ke-image.ljcdn.com/110000-inspection/c4cd1b30-e527-4e01-97f7-490cabf08a72_1000.jpg!m_fill,w_280,h_210,f_jpg?from=ke.com
20240620,昌平,东关,101124255063,清秀园北区 1室1厅 南,190万,30371元/平,中楼层 (共7层) 1室1厅 | 62.56平米 | 南,https://ke-image.ljcdn.com/110000-inspection/c6ada2e5-b3bd-4aba-8f9b-0547555babff_1000.jpg!m_fill,w_280,h_210,f_jpg?from=ke.com
20240620,昌平,东关,101124243036,建安里小区 2室1厅 东 北,228万,37874元/平,中楼层 (共6层) 2室1厅 | 60.2平米 | 东 北,https://ke-image.ljcdn.com/110000-inspection/pc1_Ev5tlZZfU.jpg!m_fill,w_280,h_210,f_jpg?from=ke.com
20240620,昌平,东关,101124241869,水关新村 2室1厅 东,285万,36680元/平,中楼层 (共6层) 2室1厅 | 77.7平米 | 东,https://ke-image.ljcdn.com/110000-inspection/pc1_S6DjhYZQt.jpg!m_fill,w_280,h_210,f_jpg?from=ke.com
20240620,昌平,东关,101124229779,清秀园北区 1室1厅 南,170万,38186元/平,高楼层 (共6层) | 1993年 | 1室1厅 | 44.52平米 | 南,https://ke-image.ljcdn.com/110000-inspection/147dbbc4-4151-4041-85e0-400847558e71_1000.jpg!m_fill,w_280,h_210,f_jpg?from=ke.com
20240620,昌平,东关,101124222107,清秀园北区 2室1厅 南 北,225万,31803元/平,中楼层 (共6层) 2室1厅 | 70.75平米 | 南 北,https://ke-image.ljcdn.com/110000-inspection/pc1_Px38ZrLok.jpg!m_fill,w_280,h_210,f_jpg?from=ke.com
20240620,昌平,东关,101124214281,金隅观澜时代 3室1厅 南 北房主自荐,442万,47779元/平,高楼层 (共21层) 3室1厅 | 92.51平米 | 南 北,https://ke-image.ljcdn.com/110000-inspection/pc1_684I1vokW.jpg!m_fill,w_280,h_210,f_jpg?from=ke.com
20240620,昌平,东关,101124211101,随园南北两居满五唯一精装修楼层好环境好,325万,36060元/平,高楼层 (共9层) 2室1厅 | 90.13平米 | 南 北,https://ke-image.ljcdn.com/110000-inspection/d13e210d-a983-431e-8e76-72b97cc92a9f_1000.jpg!m_fill,w_280,h_210,f_jpg?from=ke.com
20240620,昌平,东关,101124208693,金隅观澜时代+不临街+居住安静,415万,44861元/平,低楼层 (共21层) 2室2厅 | 92.51平米 | 南 北,https://ke-image.ljcdn.com/110000-inspection/pc1_fzQlO0OiM.jpg!m_fill,w_280,h_210,f_jpg?from=ke.com
20240620,昌平,东关,101124207421,楼龄新配套设施齐全交通、生活便利,260万,30850元/平,高楼层 (共6层) 2室1厅 | 84.28平米 | 南 北,https://ke-image.ljcdn.com/110000-inspection/9c666956-181a-407b-9f56-f8e0f237ff94_1000.jpg!m_fill,w_280,h_210,f_jpg?from=ke.com
20240620,昌平,东关,101124198996,宁馨苑 2室1厅 南 北,298万,35659元/平,中楼层 (共7层) 2室1厅 | 83.57平米 | 南 北,https://ke-image.ljcdn.com/110000-inspection/c3e322f4-1759-43da-bfda-74e5dbe611f5_1000.jpg!m_fill,w_280,h_210,f_jpg?from=ke.com
20240620,昌平,东关,101124195762,东关南里小区 2室1厅 东 西,230万,40056元/平,中楼层 (共6层) | 1990年 | 2室1厅 | 57.42平米 | 东 西,https://ke-image.ljcdn.com/110000-inspection/094904f4-1b05-4a89-9ff7-422458e5a01e_1000.jpg!m_fill,w_280,h_210,f_jpg?from=ke.com
20240620,昌平,东关,101124171912,东关北里小区 满五唯一 中低楼层,345万,34898元/平,低楼层 (共6层) 2室1厅 | 98.86平米 | 北 南,https://ke-image.ljcdn.com/110000-inspection/37b5ac35-6aa5-4a9e-a584-af8f817fb033_1000.jpg!m_fill,w_280,h_210,f_jpg?from=ke.com
20240620,昌平,东关,101124164645,东环路小区 2室1厅 南 北,260万,34956元/平,低楼层 (共6层) | 1995年 | 2室1厅 | 74.38平米 | 南 北,https://ke-image.ljcdn.com/110000-inspection/5cebf488-ead1-4685-9fbe-759f0a8b1de2_1000.jpg!m_fill,w_280,h_210,f_jpg?from=ke.com
20240620,昌平,东关,101124158194,京科苑 3室1厅 南 北,266万,30970元/平,高楼层 (共6层) 3室1厅 | 85.89平米 | 南 北,https://ke-image.ljcdn.com/110000-inspection/f48ccc2f-fec9-4a0e-9abe-7e8424ca2567_1000.jpg!m_fill,w_280,h_210,f_jpg?from=ke.com
20240620,昌平,东关,101124148474,东关南里小区低楼层三居室位置好,610万,46445元/平,低楼层 (共6层) 3室2厅 | 131.34平米 | 南 北,https://ke-image.ljcdn.com/110000-inspection/pc1_Be08SEcTt.jpg!m_fill,w_280,h_210,f_jpg?from=ke.com
20240620,昌平,东关,101124147689,东关北里小区 1室1厅 东,155万,39391元/平,低楼层 (共6层) 1室1厅 | 39.35平米 | 东,https://ke-image.ljcdn.com/110000-inspection/pc1_cg1Zfhupt.jpg!m_fill,w_280,h_210,f_jpg?from=ke.com
20240620,昌平,东关,101124147168,北京风景65号院一梯两户南北通透满五唯一房主自荐,413万,39621元/平,高楼层 (共6层) 3室1厅 | 104.24平米 | 南 北,https://ke-image.ljcdn.com/110000-inspection/pc1_x5QhBeAfs.jpg!m_fill,w_280,h_210,f_jpg?from=ke.com
20240620,昌平,东关,101124141664,京科苑 2室1厅 南 北,269万,35095元/平,底层 (共7层) 2室1厅 | 76.65平米 | 南 北,https://ke-image.ljcdn.com/110000-inspection/efba283d-d7a2-4ee1-8084-91853ad21bc3_1000.jpg!m_fill,w_280,h_210,f_jpg?from=ke.com
20240620,昌平,东关,101124134045,世涛天朗+三居室两卫+不临街不把边,410万,29786元/平,顶层 (共6层) 3室2厅 | 137.65平米 | 南 北,https://ke-image.ljcdn.com/110000-inspection/pc1_2kvMkkfYe.jpg!m_fill,w_280,h_210,f_jpg?from=ke.com
20240620,昌平,东关,101124117662,水关新村 2室1厅 南 西 北,173万,29238元/平,顶层 (共6层) 2室1厅 | 59.17平米 | 南 西 北,https://ke-image.ljcdn.com/110000-inspection/5026fb45-9299-4a10-9de9-0c7ac28b4777_1000.jpg!m_fill,w_280,h_210,f_jpg?from=ke.com
20240620,昌平,东关,101124116642,京科苑 2室1厅 南 北,292万,37952元/平,高楼层 (共6层) 2室1厅 | 76.94平米 | 南 北,https://ke-image.ljcdn.com/110000-inspection/pc1_WLJaRXd2S.jpg!m_fill,w_280,h_210,f_jpg?from=ke.com
20240620,昌平,东关,101124114301,世涛天朗+瓷砖外立面+三居室两卫,515万,37980元/平,中楼层 (共6层) 3室2厅 | 135.6平米 | 南 北,https://ke-image.ljcdn.com/110000-inspection/acf9c349-fe96-4d85-95bd-34f2b56e65f0_1000.jpg!m_fill,w_280,h_210,f_jpg?from=ke.com
20240620,昌平,东关,101124090410,东关南里小区 2室1厅 南 北,350万,39973元/平,高楼层 (共6层) 2室1厅 | 87.56平米 | 南 北,https://ke-image.ljcdn.com/110000-inspection/pc1_XW0SFV1aD.jpg!m_fill,w_280,h_210,f_jpg?from=ke.com
20240620,昌平,东关,101124085879,房子精装修拎包入住停车免费中间楼层房主自荐,210万,34948元/平,中楼层 (共5层) | 1991年 | 2室1厅 | 60.09平米 | 东 西,https://ke-image.ljcdn.com/110000-inspection/46c97a99-1e8f-482c-9f35-dd09ddb40d19_1000.jpg!m_fill,w_280,h_210,f_jpg?from=ke.com
20240620,昌平,东关,101124069323,清秀园北区 1室0厅 北,145万,42498元/平,中楼层 (共7层) 1室0厅 | 34.12平米 | 北,https://ke-image.ljcdn.com/110000-inspection/pc1_WJN1TbtZp.jpg!m_fill,w_280,h_210,f_jpg?from=ke.com
20240620,昌平,东关,101124051896,水关新村 1室1厅 南,178万,43810元/平,低楼层 (共6层) 1室1厅 | 40.63平米 | 南,https://ke-image.ljcdn.com/110000-inspection/pc1_we7LVDAP9.jpg!m_fill,w_280,h_210,f_jpg?from=ke.com
20240620,昌平,东关,101124051066,东关北里小区 3室1厅 南 北,265万,32040元/平,顶层 (共6层) 3室1厅 | 82.71平米 | 南 北,https://ke-image.ljcdn.com/110000-inspection/90d77f29-b8de-427d-a8e6-dc9eabeaca93_1000.jpg!m_fill,w_280,h_210,f_jpg?from=ke.com
20240620,昌平,东关,101124045648,畅椿阁 3室1厅 南 北,450万,32602元/平,低楼层 (共18层) 3室1厅 | 138.03平米 | 南 北,https://ke-image.ljcdn.com/110000-inspection/pc1_lcb8myc2V.jpg!m_fill,w_280,h_210,f_jpg?from=ke.com
20240620,昌平,东关,101124045532,昌盛园一区、南北向三居室满五年唯一,470万,37986元/平,底层 (共6层) 3室2厅 | 123.73平米 | 南 北,https://ke-image.ljcdn.com/110000-inspection/pc1_gmIqEICx2.jpg!m_fill,w_280,h_210,f_jpg?from=ke.com
20240620,昌平,东关,101124035569,昌盛园一区 2室1厅 南,265万,39500元/平,顶层 (共6层) 2室1厅 | 67.09平米 | 南,https://ke-image.ljcdn.com/110000-inspection/pc1_3MK4vfzoB.jpg!m_fill,w_280,h_210,f_jpg?from=ke.com
20240620,昌平,东关,101124030736,清秀园北区 3室1厅 南 北,280万,34944元/平,底层 (共5层) | 1996年 | 3室1厅 | 80.13平米 | 南 北,https://ke-image.ljcdn.com/110000-inspection/5004653f-54ea-4abc-b377-1c2ad3853244_1000.jpg!m_fill,w_280,h_210,f_jpg?from=ke.com
20240620,昌平,东关,101124025212,宁馨苑中间层三居室满五唯一近北门近地铁靠谱卖,450万,37573元/平,中楼层 (共6层) 3室2厅 | 119.77平米 | 南 北,https://ke-image.ljcdn.com/110000-inspection/83419523-7336-40e9-81de-806feba50abe_1000.jpg!m_fill,w_280,h_210,f_jpg?from=ke.com
20240620,昌平,东关,101124010090,东关南里小区三层南北通透满五唯一,422万,37713元/平,中楼层 (共6层) 3室2厅 | 111.9平米 | 南 北,https://ke-image.ljcdn.com/110000-inspection/pc1_Joe1vPvEN.jpg!m_fill,w_280,h_210,f_jpg?from=ke.com
20240620,昌平,东关,101124010062,京科苑 2室2厅 南 北,258万,28374元/平,顶层 (共5层) 2室2厅 | 90.93平米 | 南 北,https://ke-image.ljcdn.com/110000-inspection/pc1_KGOvgRrET.jpg!m_fill,w_280,h_210,f_jpg?from=ke.com
20240620,昌平,东关,101123990095,金隅嘉和园 2室1厅 南,270万,35611元/平,低楼层 (共22层) 2室1厅 | 75.82平米 | 南,https://ke-image.ljcdn.com/110000-inspection/pc1_8sLMecUCa.jpg!m_fill,w_280,h_210,f_jpg?from=ke.com
20240620,昌平,东关,101123977552,燕平家园小区 满两年 票高 精装修,270万,39154元/平,高楼层 (共6层) 2室1厅 | 68.96平米 | 南 北,https://ke-image.ljcdn.com/110000-inspection/8ace6aeb-3972-4747-b356-ae1d80358791_1000.jpg!m_fill,w_280,h_210,f_jpg?from=ke.com
20240620,昌平,东关,101123967188,清秀园北区 1室0厅 西,149万,33635元/平,中楼层 (共19层) 1室0厅 | 44.3平米 | 西,https://ke-image.ljcdn.com/110000-inspection/pc1_0MCnHOwMM.jpg!m_fill,w_280,h_210,f_jpg?from=ke.com
20240620,昌平,东关,101123956355,北京风景68号院 3室2厅 南 北,535万,43080元/平,底层 (共8层) 3室2厅 | 124.19平米 | 南 北,https://ke-image.ljcdn.com/110000-inspection/93cfb20f-ec93-4ba2-8c26-873379317378_1000.jpg!m_fill,w_280,h_210,f_jpg?from=ke.com
20240620,昌平,东关,101123954968,龙水路22号院 2室1厅 南 北,188万,35735元/平,中楼层 (共5层) 2室1厅 | 52.61平米 | 南 北,https://ke-image.ljcdn.com/110000-inspection/pc1_WI5ERi5Nx.jpg!m_fill,w_280,h_210,f_jpg?from=ke.com
20240620,昌平,东关,101123949866,北京怡园 自住装修正规两居室 看房方便,390万,55046元/平,中楼层 (共10层) 2室2厅 | 70.85平米 | 南,https://ke-image.ljcdn.com/110000-inspection/81ecb504-1895-4284-893b-4d93307e5fb5_1000.jpg!m_fill,w_280,h_210,f_jpg?from=ke.com
20240620,昌平,东关,101123948263,东环路小区 1室1厅 南房主自荐,177万,44428元/平,高楼层 (共6层) 1室1厅 | 39.84平米 | 南,https://ke-image.ljcdn.com/110000-inspection/6a3f3d1d-36af-43c4-9230-5fa33bc06c7a_1000.jpg!m_fill,w_280,h_210,f_jpg?from=ke.com
20240620,昌平,东关,101123947665,北京风景65号院 3室1厅 南 北,435万,39748元/平,低楼层 (共6层) 3室1厅 | 109.44平米 | 南 北,https://ke-image.ljcdn.com/110000-inspection/pc1_GWJ6TAtm4.jpg!m_fill,w_280,h_210,f_jpg?from=ke.com
20240620,昌平,东关,101123946919,北京怡园 正规三居室 满五年唯一商品房 南北通透,460万,48072元/平,中楼层 (共16层) 3室1厅 | 95.69平米 | 南 北,https://ke-image.ljcdn.com/110000-inspection/pc1_vZA2gwOHM.jpg!m_fill,w_280,h_210,f_jpg?from=ke.com
20240620,昌平,东关,101123943793,金地家园 3室1厅 东 南 北,580万,36644元/平,中楼层 (共8层) 3室1厅 | 158.28平米 | 东 南 北,https://ke-image.ljcdn.com/110000-inspection/pc1_DbQkF9cFs.jpg!m_fill,w_280,h_210,f_jpg?from=ke.com
20240620,昌平,东关,101123941532,建安里三居两卫中间层近地铁满五唯一带车库,399万,36663元/平,中楼层 (共6层) 3室1厅 | 108.83平米 | 南 北,https://ke-image.ljcdn.com/110000-inspection/a2b587d7-5650-467a-849a-9692f75de108_1000.jpg!m_fill,w_280,h_210,f_jpg?from=ke.com
20240620,昌平,东关,101123925608,昌盛园二区 2室1厅 南,235万,41301元/平,低楼层 (共6层) 2室1厅 | 56.9平米 | 南,https://ke-image.ljcdn.com/110000-inspection/0d3e0c3a-17f1-464b-a6db-6420ddfb62db_1000.jpg!m_fill,w_280,h_210,f_jpg?from=ke.com
20240620,昌平,东关,101123916177,昌盛园二区 2室1厅 南,290万,35212元/平,低楼层 (共6层) 2室1厅 | 82.36平米 | 南,https://ke-image.ljcdn.com/110000-inspection/4216048f-5fd5-4a10-be4a-85c45867c52a_1000.jpg!m_fill,w_280,h_210,f_jpg?from=ke.com
20240620,昌平,东关,101123899506,昌盛园二区 2室1厅 南 北房主自荐,295万,34483元/平,中楼层 (共6层) 2室1厅 | 85.55平米 | 南 北,https://ke-image.ljcdn.com/110000-inspection/pc1_BUcd5TDGm.jpg!m_fill,w_280,h_210,f_jpg?from=ke.com
20240620,昌平,东关,101123877523,精装修低楼层两居室 领包入住 出行便利 社区优美,216万,37962元/平,低楼层 (共6层) | 1994年 | 2室1厅 | 56.9平米 | 南,https://ke-image.ljcdn.com/110000-inspection/16f015fc-b181-45bb-8ac8-82225ed6ac1f_1000.jpg!m_fill,w_280,h_210,f_jpg?from=ke.com
20240620,昌平,东关,101123865230,石油大学松园宿舍南北通透三居室独立客厅满五唯一,253万,29409元/平,顶层 (共5层) | 1985年 | 3室1厅 | 86.03平米 | 南 北,https://ke-image.ljcdn.com/110000-inspection/7ff136b6-0a61-4856-82e2-4d10b3e0a9d6_1000.jpg!m_fill,w_280,h_210,f_jpg?from=ke.com
20240620,昌平,东关,101123795317,清秀园北区 2室1厅 南房主自荐,248万,32183元/平,中楼层 (共6层) | 1996年 | 2室1厅 | 77.06平米 | 南,https://ke-image.ljcdn.com/110000-inspection/pc1_48GSdKCGZ.jpg!m_fill,w_280,h_210,f_jpg?from=ke.com
20240620,昌平,东关,101123780630,清秀园北区 2室1厅 南,246万,34007元/平,中楼层 (共5层) 2室1厅 | 72.34平米 | 南,https://ke-image.ljcdn.com/110000-inspection/pc1_WzdiTTXtI.jpg!m_fill,w_280,h_210,f_jpg?from=ke.com
20240620,昌平,东关,101123779693,昌盛园一区、南北向两居室满五年唯一,238万,34000元/平,高楼层 (共6层) 2室1厅 | 70平米 | 南 北,https://ke-image.ljcdn.com/110000-inspection/pc1_7afevTO6K.jpg!m_fill,w_280,h_210,f_jpg?from=ke.com
20240620,昌平,东关,101123772421,东关南里 两居带独立客厅 小区环境好,310万,35405元/平,顶层 (共6层) | 2000年 | 2室1厅 | 87.56平米 | 南 北,https://ke-image.ljcdn.com/110000-inspection/pc1_y4Mvc3Cmx.jpg!m_fill,w_280,h_210,f_jpg?from=ke.com
20240620,昌平,东关,101123771580,建安里小区 3室1厅 南 北,435万,34126元/平,中楼层 (共11层) 3室1厅 | 127.47平米 | 南 北,https://ke-image.ljcdn.com/110000-inspection/pc1_yKlY0fIqt.jpg!m_fill,w_280,h_210,f_jpg?from=ke.com
20240620,昌平,东关,101123755308,昌盛园一区 3室2厅 南 北,419万,39962元/平,中楼层 (共6层) | 1996年 | 3室2厅 | 104.85平米 | 南 北,https://ke-image.ljcdn.com/110000-inspection/pc1_Lnkd865Ij.jpg!m_fill,w_280,h_210,f_jpg?from=ke.com
20240620,昌平,东关,101123749799,随园南林北溪户型满五唯一高楼层采光好密度低。房主自荐,380万,42683元/平,高楼层 (共9层) 2室2厅 | 89.03平米 | 南 北,https://ke-image.ljcdn.com/110000-inspection/pc1_wWMCcwL3A.jpg!m_fill,w_280,h_210,f_jpg?from=ke.com
20240620,昌平,东关,101123737444,昌盛园二区 3室1厅 南 北,450万,35295元/平,低楼层 (共3层) 3室1厅 | 127.5平米 | 南 北,https://ke-image.ljcdn.com/110000-inspection/pc1_vCOWgROri.jpg!m_fill,w_280,h_210,f_jpg?from=ke.com
20240620,昌平,东关,101123715769,东关北里小区 2室1厅 南 北,215万,35270元/平,低楼层 (共6层) 2室1厅 | 60.96平米 | 南 北,https://ke-image.ljcdn.com/110000-inspection/c755e1a1-3998-4fbd-85e8-ca8b249e4656_1000.jpg!m_fill,w_280,h_210,f_jpg?from=ke.com
20240620,昌平,东关,101123711623,昌盛园一区 3室2厅 南 北,451万,42867元/平,底层 (共6层) | 2001年 | 3室2厅 | 105.21平米 | 南 北,https://ke-image.ljcdn.com/110000-inspection/92a7b21c-43ce-4c96-8241-2566bc52a70e_1000.jpg!m_fill,w_280,h_210,f_jpg?from=ke.com
20240620,昌平,东关,101123708837,宁馨苑  三居室 商品房  采光好 近地铁,400万,30105元/平,高楼层 (共6层) 3室2厅 | 132.87平米 | 南 北,https://ke-image.ljcdn.com/110000-inspection/b33f85b8-8755-4234-8480-be82d5d4fef2_1000.jpg!m_fill,w_280,h_210,f_jpg?from=ke.com
20240620,昌平,东关,101123692363,京科苑南北通透三居两卫户型方正采光视野好,345万,30082元/平,顶层 (共6层) 2室2厅 | 114.69平米 | 南 北,https://ke-image.ljcdn.com/110000-inspection/a6b640b7-ddcc-43ee-8b84-416186bb4c82_1000.jpg!m_fill,w_280,h_210,f_jpg?from=ke.com
20240620,昌平,东关,101123691829,北京怡园 2室2厅 南 北,360万,44107元/平,高楼层 (共16层) 2室2厅 | 81.62平米 | 南 北,https://ke-image.ljcdn.com/110000-inspection/pc1_16Rg9X7nK.jpg!m_fill,w_280,h_210,f_jpg?from=ke.com
20240620,昌平,东关,101123681512,东关南里小区 2室1厅 东 西,228万,38013元/平,中楼层 (共5层) 2室1厅 | 59.98平米 | 东 西,https://ke-image.ljcdn.com/110000-inspection/pc1_20gWedcE5.jpg!m_fill,w_280,h_210,f_jpg?from=ke.com
20240620,昌平,东关,101123678722,水关新村 2室1厅 南 北,298万,39413元/平,中楼层 (共6层) 2室1厅 | 75.61平米 | 南 北,https://ke-image.ljcdn.com/110000-inspection/9d881cf1-08ac-4210-88c9-cc1fdb8312fd_1000.jpg!m_fill,w_280,h_210,f_jpg?from=ke.com
20240620,昌平,东关,101123676168,北京怡园 3室2厅 南 北,580万,46922元/平,中楼层 (共16层) 3室2厅 | 123.61平米 | 南 北,https://ke-image.ljcdn.com/110000-inspection/pc1_3vUVm0kdC.jpg!m_fill,w_280,h_210,f_jpg?from=ke.com
20240620,昌平,东关,101123612889,京科苑 3室2厅 南 北,430万,37493元/平,中楼层 (共6层) 3室2厅 | 114.69平米 | 南 北,https://ke-image.ljcdn.com/110000-inspection/7874a2e5-2585-4e50-b24f-4c0a7568d9ed_1000.jpg!m_fill,w_280,h_210,f_jpg?from=ke.com
20240620,昌平,东关,101123604111,水关新村 2室1厅 南 北,220万,31078元/平,高楼层 (共6层) 2室1厅 | 70.79平米 | 南 北,https://ke-image.ljcdn.com/110000-inspection/pc1_ZvFeQkhkG.jpg!m_fill,w_280,h_210,f_jpg?from=ke.com
20240620,昌平,东关,101123602897,东关南里小区 2室1厅 南 北,335万,38260元/平,底层 (共6层) | 2000年 | 2室1厅 | 87.56平米 | 南 北,https://ke-image.ljcdn.com/110000-inspection/pc1_E3GZHaNLu.jpg!m_fill,w_280,h_210,f_jpg?from=ke.com
20240620,昌平,东关,101123601616,京科苑 3室1厅 南 北,435万,41461元/平,中楼层 (共6层) 3室1厅 | 104.92平米 | 南 北,https://ke-image.ljcdn.com/110000-inspection/d27d5a11-7ce4-4099-9ece-e7b2dc33251b_1000.jpg!m_fill,w_280,h_210,f_jpg?from=ke.com
20240620,昌平,东关,101123594358,宁馨苑 4室1厅 东 西,500万,21946元/平,低楼层 (共17层) | 2003年 | 4室1厅 | 227.84平米 | 东 西,https://ke-image.ljcdn.com/110000-inspection/pc1_33i48NeBm.jpg!m_fill,w_280,h_210,f_jpg?from=ke.com
20240620,昌平,东关,101123583622,东关北里小区 南北通透 一层 小区中间位置,215万,34830元/平,底层 (共6层) 2室1厅 | 61.73平米 | 南 北,https://ke-image.ljcdn.com/110000-inspection/177c005f-9f4a-47e4-aaf3-0508a01f8e7c_1000.jpg!m_fill,w_280,h_210,f_jpg?from=ke.com
20240620,昌平,东关,101123576866,北京怡园 3室1厅 南 北,485万,46187元/平,中楼层 (共16层) 3室1厅 | 105.01平米 | 南 北,https://ke-image.ljcdn.com/110000-inspection/20cc091c-5c3a-4078-a2ac-631348c9c5d6_1000.jpg!m_fill,w_280,h_210,f_jpg?from=ke.com
20240620,昌平,东关,101123576575,金地家园 3室2厅 南 北,590万,37276元/平,高楼层 (共8层) 3室2厅 | 158.28平米 | 南 北,https://ke-image.ljcdn.com/110000-inspection/ed230c14-31db-4a71-98d9-4678d369464e_1000.jpg!m_fill,w_280,h_210,f_jpg?from=ke.com
20240620,昌平,东关,101123566212,东关二条 满五唯一 精装两居 有电梯,270万,49011元/平,顶层 (共5层) 2室1厅 | 55.09平米 | 南,https://ke-image.ljcdn.com/110000-inspection/fae678c4-3bd5-4211-8427-7707c457b09e_1000.jpg!m_fill,w_280,h_210,f_jpg?from=ke.com
20240620,昌平,东关,101123545145,东关南里小区 2室1厅 南 北,245万,42810元/平,底层 (共6层) 2室1厅 | 57.23平米 | 南 北,https://ke-image.ljcdn.com/110000-inspection/pc1_EcgHKs6EZ.jpg!m_fill,w_280,h_210,f_jpg?from=ke.com
20240620,昌平,东关,101123543156,东关南里小区 1室1厅 南 北,219万,33067元/平,顶层 (共6层) 1室1厅 | 66.23平米 | 南 北,https://ke-image.ljcdn.com/110000-inspection/pc1_MF9KEAakk.jpg!m_fill,w_280,h_210,f_jpg?from=ke.com
20240620,昌平,东关,101123530132,北京怡园 3室2厅 南 北,465万,44252元/平,中楼层 (共16层) 3室2厅 | 105.08平米 | 南 北,https://ke-image.ljcdn.com/110000-inspection/b93af083-564a-44c6-9683-a15aa55a02a1_1000.jpg!m_fill,w_280,h_210,f_jpg?from=ke.com
20240620,昌平,东关,101123519113,清秀园北区 1室1厅 北房主自荐,148万,43377元/平,高楼层 (共7层) 1室1厅 | 34.12平米 | 北,https://ke-image.ljcdn.com/110000-inspection/pc1_axI7fZ6nO.jpg!m_fill,w_280,h_210,f_jpg?from=ke.com
20240620,昌平,东关,101123516307,北京怡园 3室2厅 南 北,470万,49051元/平,低楼层 (共11层) 3室2厅 | 95.82平米 | 南 北,https://ke-image.ljcdn.com/110000-inspection/pc1_Ja53bJPys.jpg!m_fill,w_280,h_210,f_jpg?from=ke.com
20240620,昌平,东关,101123511719,果岭三居南北三通透全明格局中间层满五唯一,506万,40233元/平,中楼层 (共5层) 3室2厅 | 125.77平米 | 南 北,https://ke-image.ljcdn.com/110000-inspection/pc1_FUPnoPUBw.jpg!m_fill,w_280,h_210,f_jpg?from=ke.com
20240620,昌平,东关,101123511162,昌盛园二区 2室1厅 南 北,279万,33729元/平,高楼层 (共6层) 2室1厅 | 82.72平米 | 南 北,https://ke-image.ljcdn.com/110000-inspection/eb137f0a-33a8-4c0f-8360-b9c86f07f356_1000.jpg!m_fill,w_280,h_210,f_jpg?from=ke.com
20240620,昌平,东关,101123503677,世涛天朗 满五年 3室2卫 社区优美,500万,37759元/平,高楼层 (共6层) 3室2厅 | 132.42平米 | 南 北,https://ke-image.ljcdn.com/110000-inspection/pc1_ZEvMiSH8O.jpg!m_fill,w_280,h_210,f_jpg?from=ke.com
20240620,昌平,东关,101123502126,北京怡园 1室1厅 西北,238万,39621元/平,高楼层 (共16层) 1室1厅 | 60.07平米 | 西北,https://ke-image.ljcdn.com/110000-inspection/pc1_1ncvTTtid.jpg!m_fill,w_280,h_210,f_jpg?from=ke.com
20240620,昌平,东关,101123477505,龙水路22号院 2室1厅 南 北房主自荐,325万,48946元/平,中楼层 (共6层) 2室1厅 | 66.4平米 | 南 北,https://ke-image.ljcdn.com/110000-inspection/pc1_d20U48yAH.jpg!m_fill,w_280,h_210,f_jpg?from=ke.com
20240620,昌平,东关,101123472079,北京风景68号院 3室1厅 南 西 北,540万,40639元/平,中楼层 (共8层) | 2013年 | 3室1厅 | 132.88平米 | 南 西 北,https://ke-image.ljcdn.com/110000-inspection/fe57befa-ff38-4db6-a89a-082ca0d523b4_1000.jpg!m_fill,w_280,h_210,f_jpg?from=ke.com
20240620,昌平,东关,101123462068,北京怡园 南向一居室 商品房满五唯一房主自荐,260万,46612元/平,高楼层 (共16层) 1室1厅 | 55.78平米 | 南,https://ke-image.ljcdn.com/110000-inspection/pc1_kNepWNQB7.jpg!m_fill,w_280,h_210,f_jpg?from=ke.com
20240620,昌平,东关,101123446648,东环路小区 2室1厅 东 西,238万,40007元/平,顶层 (共6层) 2室1厅 | 59.49平米 | 东 西,https://ke-image.ljcdn.com/110000-inspection/pc1_C0vtqLByE.jpg!m_fill,w_280,h_210,f_jpg?from=ke.com
20240620,昌平,东关,101123438872,宁馨苑 南北正规一居室 满五年唯一 3层,300万,39500元/平,中楼层 (共6层) 1室1厅 | 75.95平米 | 南 北,https://ke-image.ljcdn.com/110000-inspection/4e2dae53-b862-4a43-b0e8-ff5ab0391d2a_1000.jpg!m_fill,w_280,h_210,f_jpg?from=ke.com
20240620,昌平,东关,101123436430,北京怡园 总监推荐 满五年唯一商品房 人车分流 近地铁,330万,46440元/平,高楼层 (共13层) 2室1厅 | 71.06平米 | 南,https://ke-image.ljcdn.com/110000-inspection/16504c77-477c-4c20-89de-2fcb823cc6c7_1000.jpg!m_fill,w_280,h_210,f_jpg?from=ke.com
20240620,昌平,东关,101123409663,世涛天朗 2室1厅 南 北,330万,39688元/平,中楼层 (共6层) 2室1厅 | 83.15平米 | 南 北,https://ke-image.ljcdn.com/110000-inspection/pc1_7BNaX34Eh.jpg!m_fill,w_280,h_210,f_jpg?from=ke.com
20240620,昌平,东关,101123409274,金隅嘉和园 满两年 自住装修 看房有钥匙,300万,38310元/平,低楼层 (共22层) 2室1厅 | 78.31平米 | 南 北,https://ke-image.ljcdn.com/110000-inspection/pc1_AnEDPAcMk.jpg!m_fill,w_280,h_210,f_jpg?from=ke.com
20240620,昌平,东关,101123408059,总监推荐 北京怡园 2016年商品房 人车分流,428万,44225元/平,中楼层 (共16层) 3室2厅 | 96.78平米 | 南 北,https://ke-image.ljcdn.com/110000-inspection/pc1_3OH8afGnb.jpg!m_fill,w_280,h_210,f_jpg?from=ke.com
20240620,昌平,东关,101123406308,世涛天朗 5室2厅 南 北,1160万,41010元/平,低楼层 (共6层) 5室2厅 | 282.86平米 | 南 北,https://ke-image.ljcdn.com/110000-inspection/16434fed-e3cc-47f8-bd1b-7db762153b09_1000.jpg!m_fill,w_280,h_210,f_jpg?from=ke.com
20240620,昌平,东关,101123389904,燕平家园 2室1厅 南 北,248万,35911元/平,顶层 (共6层) 2室1厅 | 69.06平米 | 南 北,https://ke-image.ljcdn.com/110000-inspection/42758136-b128-4821-8b08-1301007ba73c_1000.jpg!m_fill,w_280,h_210,f_jpg?from=ke.com
20240620,昌平,东关,101123356211,总监推荐 南北正规两居室 北京怡园 人车分流,400万,45668元/平,顶层 (共16层) 2室1厅 | 87.59平米 | 南 北,https://ke-image.ljcdn.com/110000-inspection/00c0cc61-36be-4d0b-8f32-3df24c167f66_1000.jpg!m_fill,w_280,h_210,f_jpg?from=ke.com
20240620,昌平,东关,101123324913,佳莲二期 2室1厅 南 北,235万,28057元/平,高楼层 (共6层) 2室1厅 | 83.76平米 | 南 北,https://ke-image.ljcdn.com/110000-inspection/ef968806-4a8b-4cb2-be27-b7c6f394f000_1000.jpg!m_fill,w_280,h_210,f_jpg?from=ke.com
20240620,昌平,东关,101123320771,果岭小镇 3室2厅 南 北,490万,36546元/平,中楼层 (共4层) 3室2厅 | 134.08平米 | 南 北,https://ke-image.ljcdn.com/110000-inspection/pc1_uUwM0er4d.jpg!m_fill,w_280,h_210,f_jpg?from=ke.com
20240620,昌平,东关,101123317891,京科苑小区     精装修  三居室房主自荐,455万,37823元/平,中楼层 (共6层) | 2000年 | 3室2厅 | 120.3平米 | 南 北,https://ke-image.ljcdn.com/110000-inspection/pc1_djTkgPyFz.jpg!m_fill,w_280,h_210,f_jpg?from=ke.com
20240620,昌平,东关,101123308518,清秀园北区 2室1厅 南,225万,35201元/平,低楼层 (共6层) 2室1厅 | 63.92平米 | 南,https://ke-image.ljcdn.com/110000-inspection/26065051-1587-4d6f-a470-1a64a72a4c3e_1000.jpg!m_fill,w_280,h_210,f_jpg?from=ke.com
20240620,昌平,东关,101123306498,昌盛园一区 3室1厅 南 北,419万,42136元/平,中楼层 (共6层) 3室1厅 | 99.44平米 | 南 北,https://ke-image.ljcdn.com/110000-inspection/pc1_WzWzIZgpC.jpg!m_fill,w_280,h_210,f_jpg?from=ke.com
20240620,昌平,东关,101123300760,水关新村 2室1厅 南 北,256万,29035元/平,高楼层 (共6层) 2室1厅 | 88.17平米 | 南 北,https://ke-image.ljcdn.com/110000-inspection/pc1_ZAmK2Zqxp.jpg!m_fill,w_280,h_210,f_jpg?from=ke.com
20240620,昌平,东关,101123278645,水关新村满五年唯一商品房低楼层精装修诚心出售房主自荐,247万,27828元/平,低楼层 (共6层) | 1996年 | 3室1厅 | 88.76平米 | 东 西,https://ke-image.ljcdn.com/110000-inspection/b32e48a0-063a-49ef-a6e8-882870fea243_1000.jpg!m_fill,w_280,h_210,f_jpg?from=ke.com
20240620,昌平,东关,101123272631,京科苑 2室1厅 南 北,279万,36263元/平,中楼层 (共6层) 2室1厅 | 76.94平米 | 南 北,https://ke-image.ljcdn.com/110000-inspection/pc1_e5KfIGPhm.jpg!m_fill,w_280,h_210,f_jpg?from=ke.com
20240620,昌平,东关,101123254095,果岭小镇  商品房  满五唯一只有契税  精装修房主自荐,465万,39063元/平,顶层 (共5层) | 2005年 | 3室2厅 | 119.04平米 | 南 北,https://ke-image.ljcdn.com/110000-inspection/pc1_a74qf4fbN.jpg!m_fill,w_280,h_210,f_jpg?from=ke.com
20240620,昌平,东关,101123233980,北京风景满五唯一电梯板楼南北三居,560万,46408元/平,中楼层 (共9层) 3室2厅 | 120.67平米 | 南 北,https://ke-image.ljcdn.com/110000-inspection/39c17b51-d9c7-47b7-bf6c-8beac72a6971_1000.jpg!m_fill,w_280,h_210,f_jpg?from=ke.com
20240620,昌平,东关,101123231931,宁馨苑  满五唯一  中高楼层,238万,28480元/平,高楼层 (共7层) 2室2厅 | 83.57平米 | 南 北,https://ke-image.ljcdn.com/110000-inspection/d61cb433-e4bd-4964-84b6-3aa9926969b1_1000.jpg!m_fill,w_280,h_210,f_jpg?from=ke.com
20240620,昌平,东关,101123211289,亢山佳园小区 2室2厅 南 北,323万,28516元/平,顶层 (共6层) | 2003年 | 2室2厅 | 113.27平米 | 南 北,https://ke-image.ljcdn.com/110000-inspection/43ce64d6-73f0-469b-b4b8-d879099c7049_1000.jpg!m_fill,w_280,h_210,f_jpg?from=ke.com
20240620,昌平,东关,101123202924,清秀园南区 2室1厅 南 北,199万,30578元/平,高楼层 (共6层) 2室1厅 | 65.08平米 | 南 北,https://ke-image.ljcdn.com/110000-inspection/pc1_Vzsb2MZno.jpg!m_fill,w_280,h_210,f_jpg?from=ke.com
20240620,昌平,东关,101123200798,金隅观澜时代 2室2厅 南 北,420万,45401元/平,低楼层 (共21层) 2室2厅 | 92.51平米 | 南 北,https://ke-image.ljcdn.com/110000-inspection/43ea8a2f-e119-4c48-b440-971276731905_1000.jpg!m_fill,w_280,h_210,f_jpg?from=ke.com
20240620,昌平,东关,101123178777,北京怡园  满五唯一  商品房,310万,43804元/平,中楼层 (共16层) 2室1厅 | 70.77平米 | 南,https://ke-image.ljcdn.com/110000-inspection/pc1_8jXHa334i.jpg!m_fill,w_280,h_210,f_jpg?from=ke.com
20240620,昌平,东关,101123178721,水关新村 2室1厅 南 北,188万,30820元/平,高楼层 (共6层) 2室1厅 | 61平米 | 南 北,https://ke-image.ljcdn.com/110000-inspection/pc1_VXPAkfsLR.jpg!m_fill,w_280,h_210,f_jpg?from=ke.com
20240620,昌平,东关,101123178026,京科苑 2室1厅 南 北,365万,41487元/平,底层 (共6层) 2室1厅 | 87.98平米 | 南 北,https://ke-image.ljcdn.com/110000-inspection/48e9a6dc-948a-4dbe-b846-9233f0a5fd68_1000.jpg!m_fill,w_280,h_210,f_jpg?from=ke.com
20240620,昌平,东关,101123159210,亢山佳园小区 2室2厅 南 北,389万,40631元/平,低楼层 (共6层) 2室2厅 | 95.74平米 | 南 北,https://ke-image.ljcdn.com/110000-inspection/pc1_H0wWdnEwa.jpg!m_fill,w_280,h_210,f_jpg?from=ke.com
20240620,昌平,东关,101123141943,京科苑  南北两居室 低楼层 2021年婚房精装修,285万,37182元/平,低楼层 (共7层) 2室1厅 | 76.65平米 | 南 北,https://ke-image.ljcdn.com/110000-inspection/417f0d5f-ea42-43cc-b459-fbaa8b0ca206_1000.jpg!m_fill,w_280,h_210,f_jpg?from=ke.com
20240620,昌平,东关,101123141667,清秀园北区 1室0厅 北,125万,36636元/平,中楼层 (共7层) 1室0厅 | 34.12平米 | 北,https://ke-image.ljcdn.com/110000-inspection/cd61ba15-8c83-4c37-85df-6ad6ebeb3efb_1000.jpg!m_fill,w_280,h_210,f_jpg?from=ke.com
20240620,昌平,东关,101123136595,正规两居室 独立客厅 明卫大空间 户型方正,225万,35428元/平,高楼层 (共6层) 2室1厅 | 63.51平米 | 南 北,https://ke-image.ljcdn.com/110000-inspection/29fddd58-0602-4080-bcec-4e24b243f2b8_1000.jpg!m_fill,w_280,h_210,f_jpg?from=ke.com
20240620,昌平,东关,101123124799,宁馨苑 满五年唯一 南北两居室 临地铁,450万,38052元/平,中楼层 (共6层) 2室2厅 | 118.26平米 | 南 北,https://ke-image.ljcdn.com/110000-inspection/d8c7f9d1-4e86-4896-854f-c3355009e900_1000.jpg!m_fill,w_280,h_210,f_jpg?from=ke.com
20240620,昌平,东关,101123123617,东环路小区 3室1厅 东 西,290万,31457元/平,低楼层 (共6层) 3室1厅 | 92.19平米 | 东 西,https://ke-image.ljcdn.com/110000-inspection/pc1_fKFCMHrbO.jpg!m_fill,w_280,h_210,f_jpg?from=ke.com
20240620,昌平,东关,101123110187,京科苑 3室2厅 南 北,419万,30112元/平,顶层 (共6层) 3室2厅 | 139.15平米 | 南 北,https://ke-image.ljcdn.com/110000-inspection/pc1_Cd7UJqa5A.jpg!m_fill,w_280,h_210,f_jpg?from=ke.com
20240620,昌平,东关,101123096704,宁馨苑 2室1厅 东北,312万,32165元/平,高楼层 (共17层) | 2004年 | 2室1厅 | 97平米 | 东北,https://ke-image.ljcdn.com/110000-inspection/5cb5f4ef-3660-405c-b213-d4e4165815e3_1000.jpg!m_fill,w_280,h_210,f_jpg?from=ke.com
20240620,昌平,东关,101123081871,建安里小区 1室1厅 南 北,270万,41507元/平,高楼层 (共6层) 1室1厅 | 65.05平米 | 南 北,https://ke-image.ljcdn.com/110000-inspection/pc1_3Plgy9JG6.jpg!m_fill,w_280,h_210,f_jpg?from=ke.com
20240620,昌平,东关,101123075453,东关北里小区 2室1厅 南 北,239万,43274元/平,中楼层 (共5层) | 1992年 | 2室1厅 | 55.23平米 | 南 北,https://ke-image.ljcdn.com/110000-inspection/5a89a84b-adf9-476a-a2cf-6e5ee63f9be5_1000.jpg!m_fill,w_280,h_210,f_jpg?from=ke.com
20240620,昌平,东关,101123073417,建安里电梯房三居满五唯一近地铁生活配套齐全。,425万,33550元/平,中楼层 (共11层) 2室1厅 | 126.68平米 | 南 西,https://ke-image.ljcdn.com/110000-inspection/de56efcb-31df-4088-a4ad-bfbe0964f4b2_1000.jpg!m_fill,w_280,h_210,f_jpg?from=ke.com
20240620,昌平,东关,101123067445,清秀园北区 1室0厅 西,159万,35892元/平,高楼层 (共19层) 1室0厅 | 44.3平米 | 西,https://ke-image.ljcdn.com/110000-inspection/pc1_EQkHT0KgZ.jpg!m_fill,w_280,h_210,f_jpg?from=ke.com
20240620,昌平,东关,101123066657,水关新村 1室1厅 南,200万,47048元/平,中楼层 (共6层) 1室1厅 | 42.51平米 | 南,https://ke-image.ljcdn.com/110000-inspection/pc1_d9YMI0z4d.jpg!m_fill,w_280,h_210,f_jpg?from=ke.com
20240620,昌平,东关,101123063317,总监推荐 正规南北三居室 北京怡园 自住装修,416万,43447元/平,中楼层 (共11层) 3室2厅 | 95.75平米 | 南 北,https://ke-image.ljcdn.com/110000-inspection/pc1_PqYs2NGu4.jpg!m_fill,w_280,h_210,f_jpg?from=ke.com
20240620,昌平,东关,101123050042,北京风景67号院 南北两居两卫全明格局边户型,410万,36795元/平,底层 (共6层) 2室1厅 | 111.43平米 | 南 北,https://ke-image.ljcdn.com/110000-inspection/pc1_TNYnvwJCb.jpg!m_fill,w_280,h_210,f_jpg?from=ke.com
20240620,昌平,东关,101123036654,北京风景满五唯一一梯两户双阳台2居室。,410万,39702元/平,底层 (共6层) 2室1厅 | 103.27平米 | 南 北,https://ke-image.ljcdn.com/110000-inspection/pc1_wx0ooFXAa.jpg!m_fill,w_280,h_210,f_jpg?from=ke.com
20240620,昌平,东关,101123013648,怡园人车分流电梯南北双通透有阳台,430万,49093元/平,顶层 (共16层) 2室2厅 | 87.59平米 | 南 北,https://ke-image.ljcdn.com/110000-inspection/6a16d3d2-4afd-4a12-b499-934870e9022d_1000.jpg!m_fill,w_280,h_210,f_jpg?from=ke.com
20240620,昌平,东关,101123006921,2013年钢混电梯板楼 全明户型 高楼层视野好 自住精装,460万,49865元/平,高楼层 (共21层) 2室1厅 | 92.25平米 | 南 北 东,https://ke-image.ljcdn.com/110000-inspection/909a8bb0-9396-465c-881a-784ddff7b7bc_1000.jpg!m_fill,w_280,h_210,f_jpg?from=ke.com
20240620,昌平,东关,101123004912,水关新村 2室1厅 东 西,290万,32673元/平,中楼层 (共6层) 2室1厅 | 88.76平米 | 东 西,https://ke-image.ljcdn.com/110000-inspection/aeb1f6b8-9ba8-4052-a593-49a69d2aa141_1000.jpg!m_fill,w_280,h_210,f_jpg?from=ke.com
20240620,昌平,东关,101122997258,建安里小区 3室2厅 南 西,430万,36990元/平,中楼层 (共11层) 3室2厅 | 116.25平米 | 南 西,https://ke-image.ljcdn.com/110000-inspection/pc1_qKqCuEN9U.jpg!m_fill,w_280,h_210,f_jpg?from=ke.com
20240620,昌平,东关,101122991904,京科苑 2室1厅 南 北,199万,29675元/平,顶层 (共6层) 2室1厅 | 67.06平米 | 南 北,https://ke-image.ljcdn.com/110000-inspection/pc1_mpzobxTJr.jpg!m_fill,w_280,h_210,f_jpg?from=ke.com
20240620,昌平,东关,101122989535,东关南里小区 3室1厅 南 北房主自荐,300万,39589元/平,顶层 (共6层) | 1989年 | 3室1厅 | 75.78平米 | 南 北,https://ke-image.ljcdn.com/110000-inspection/pc1_TArSGKasW.jpg!m_fill,w_280,h_210,f_jpg?from=ke.com
20240620,昌平,东关,101122989228,宁馨苑南向两居户型方正电梯房中间层满五唯一房主自荐,315万,41513元/平,中楼层 (共17层) | 2004年 | 2室1厅 | 75.88平米 | 南,https://ke-image.ljcdn.com/110000-inspection/pc1_9VWWVdbZA.jpg!m_fill,w_280,h_210,f_jpg?from=ke.com
20240620,昌平,东关,101122987546,东关南里小区 2室1厅 东 西,190万,33090元/平,高楼层 (共6层) 2室1厅 | 57.42平米 | 东 西,https://ke-image.ljcdn.com/110000-inspection/pc1_9Q1ZBQ4Do.jpg!m_fill,w_280,h_210,f_jpg?from=ke.com
20240620,昌平,东关,101122976630,水关新村 2室1厅 南 北,235万,36765元/平,顶层 (共6层) 2室1厅 | 63.92平米 | 南 北,https://ke-image.ljcdn.com/110000-inspection/pc1_XH10EuUku.jpg!m_fill,w_280,h_210,f_jpg?from=ke.com
20240620,昌平,东关,101122976662,北京风景65号院全明格局三居室,468万,41234元/平,中楼层 (共6层) 3室1厅 | 113.5平米 | 南 北,https://ke-image.ljcdn.com/110000-inspection/pc1_iIZSK0c1y.jpg!m_fill,w_280,h_210,f_jpg?from=ke.com
20240620,昌平,东关,101122964594,果岭小镇 3室2厅 南 北,550万,43250元/平,中楼层 (共5层) 3室2厅 | 127.17平米 | 南 北,https://ke-image.ljcdn.com/110000-inspection/pc1_a4MyfhWgF.jpg!m_fill,w_280,h_210,f_jpg?from=ke.com
20240620,昌平,东关,101122955300,北京怡园 3室1厅 南 北,425万,44129元/平,中楼层 (共16层) 3室1厅 | 96.31平米 | 南 北,https://ke-image.ljcdn.com/110000-inspection/97fffaed-bc2f-4703-877b-c78100aa4fb1_1000.jpg!m_fill,w_280,h_210,f_jpg?from=ke.com
20240620,昌平,东关,101122955123,水关新村富康路公路宿舍中间楼层三居室业主诚心出售,320万,33120元/平,中楼层 (共6层) 3室1厅 | 96.62平米 | 南 北,https://ke-image.ljcdn.com/110000-inspection/6413f778-a089-4736-bfc4-ce8ab748e032_1000.jpg!m_fill,w_280,h_210,f_jpg?from=ke.com
20240620,昌平,东关,101122923712,北京风景电梯小板楼满五唯一南北双位三居,458万,36367元/平,底层 (共6层) 3室2厅 | 125.94平米 | 南 北,https://ke-image.ljcdn.com/110000-inspection/cbbb078c-a198-4c4a-8084-463927402428_1000.jpg!m_fill,w_280,h_210,f_jpg?from=ke.com
20240620,昌平,东关,101122911226,水关新村 2室1厅 南 北,245万,31918元/平,低楼层 (共6层) 2室1厅 | 76.76平米 | 南 北,https://ke-image.ljcdn.com/110000-inspection/pc1_2FETlsVxB.jpg!m_fill,w_280,h_210,f_jpg?from=ke.com
20240620,昌平,东关,101122907522,怡园南北三居高楼层采光好满五唯一精装修有车位,460万,49193元/平,高楼层 (共16层) 3室2厅 | 93.51平米 | 南 北,https://ke-image.ljcdn.com/110000-inspection/pc1_RELNPrlST.jpg!m_fill,w_280,h_210,f_jpg?from=ke.com
20240620,昌平,东关,101122888955,京科苑 2室1厅 南房主自荐,263万,40750元/平,低楼层 (共6层) 2室1厅 | 64.54平米 | 南,https://ke-image.ljcdn.com/110000-inspection/66829812-cad0-46c7-a72b-4846e89a1b25_1000.jpg!m_fill,w_280,h_210,f_jpg?from=ke.com
20240620,昌平,东关,101122877442,亢山佳园小区 2室2厅 南 北,298万,31126元/平,顶层 (共6层) 2室2厅 | 95.74平米 | 南 北,https://ke-image.ljcdn.com/110000-inspection/pc1_wrgIsLSxc.jpg!m_fill,w_280,h_210,f_jpg?from=ke.com
20240620,昌平,东关,101122850105,果岭小镇 3室2厅 南 北,519万,38368元/平,中楼层 (共5层) 3室2厅 | 135.27平米 | 南 北,https://ke-image.ljcdn.com/110000-inspection/6896c013-f63d-48be-9c89-ece94f83e682_1000.jpg!m_fill,w_280,h_210,f_jpg?from=ke.com
20240620,昌平,东关,101122841496,京科苑 满五唯一 南北通透 三阳开泰户型 小区独立安保,433万,35994元/平,高楼层 (共6层) 3室2厅 | 120.3平米 | 南 北,https://ke-image.ljcdn.com/110000-inspection/37e0a679-f6cf-4aea-9a91-126576c62fa3_1000.jpg!m_fill,w_280,h_210,f_jpg?from=ke.com
20240620,昌平,东关,101122817662,东关南里小区 2室2厅 南 北,374万,32446元/平,高楼层 (共6层) 2室2厅 | 115.27平米 | 南 北,https://ke-image.ljcdn.com/110000-inspection/baba803e-923a-450d-adfb-3b9330bbfdc0_1000.jpg!m_fill,w_280,h_210,f_jpg?from=ke.com
20240620,昌平,东关,101122811321,水关新村 3室2厅 南 北,410万,33505元/平,顶层 (共6层) 3室2厅 | 122.37平米 | 南 北,https://ke-image.ljcdn.com/110000-inspection/86c421a8-9c83-4433-8a88-fae9d2c5e290_1000.jpg!m_fill,w_280,h_210,f_jpg?from=ke.com
20240620,昌平,东关,101122809668,北京风景67号院 3室1厅 南 北,519万,43728元/平,顶层 (共6层) | 2013年 | 3室1厅 | 118.69平米 | 南 北,https://ke-image.ljcdn.com/110000-inspection/760e6117-fa2f-459e-ad83-1b6b83bc7688_1000.jpg!m_fill,w_280,h_210,f_jpg?from=ke.com
20240620,昌平,东关,101122753036,金隅嘉和园 2室1厅 南 北,285万,38168元/平,中楼层 (共19层) 2室1厅 | 74.67平米 | 南 北,https://ke-image.ljcdn.com/110000-inspection/26aa22f2-5820-4281-914d-74773ddb4ca5_1000.jpg!m_fill,w_280,h_210,f_jpg?from=ke.com
20240620,昌平,东关,101122741753,东关北里小区 2室1厅 南,290万,38310元/平,底层 (共6层) | 1996年 | 2室1厅 | 75.7平米 | 南,https://ke-image.ljcdn.com/110000-inspection/5ea4371e-6112-4584-91d0-b56f31059966_1000.jpg!m_fill,w_280,h_210,f_jpg?from=ke.com
20240620,昌平,东关,101122706446,北京怡园 总监推荐 正规南向一居室 满五年唯一,232万,39409元/平,中楼层 (共16层) 1室1厅 | 58.87平米 | 南,https://ke-image.ljcdn.com/110000-inspection/pc1_KefbBlxCf.jpg!m_fill,w_280,h_210,f_jpg?from=ke.com
20240620,昌平,东关,101122687837,畅椿阁 2室2厅 南 北,398万,37526元/平,高楼层 (共17层) 2室2厅 | 106.06平米 | 南 北,https://ke-image.ljcdn.com/110000-inspection/pc1_z3MukD9N9.jpg!m_fill,w_280,h_210,f_jpg?from=ke.com
20240620,昌平,东关,101122653265,北京风景68号院正规两居室南北通透户型宽敞。,400万,38318元/平,中楼层 (共8层) | 2013年 | 2室1厅 | 104.39平米 | 南 北,https://ke-image.ljcdn.com/110000-inspection/e3a1c72e-5625-4ba7-945d-14c6885c8e15_1000.jpg!m_fill,w_280,h_210,f_jpg?from=ke.com
20240620,昌平,东关,101122630256,京科苑 2室2厅 南 北,330万,31036元/平,顶层 (共6层) 2室2厅 | 106.33平米 | 南 北,https://ke-image.ljcdn.com/110000-inspection/46b9b810-68ae-4cf9-8d46-aa840abd2ca5_1000.jpg!m_fill,w_280,h_210,f_jpg?from=ke.com
20240620,昌平,东关,101122627885,交通队宿舍楼 2室1厅 东 西,285万,26212元/平,中楼层 (共6层) 2室1厅 | 108.73平米 | 东 西,https://ke-image.ljcdn.com/110000-inspection/62f63743-21be-46ef-afeb-491b7bcec419_1000.jpg!m_fill,w_280,h_210,f_jpg?from=ke.com
20240620,昌平,东关,101122562031,房子满五年唯一南北通透采光好视野好房主自荐,477万,36318元/平,高楼层 (共6层) 3室2厅 | 131.34平米 | 南 北,https://ke-image.ljcdn.com/110000-inspection/a5b7a932-2792-4a12-80df-b039f9c62cee_1000.jpg!m_fill,w_280,h_210,f_jpg?from=ke.com
20240620,昌平,东关,101122561598,随园南向两居两居两卫高楼层满五唯一精装修,360万,40215元/平,高楼层 (共9层) 2室1厅 | 89.52平米 | 南,https://ke-image.ljcdn.com/110000-inspection/95f3c38e-dd90-4870-bb3f-1373aaa53737_1000.jpg!m_fill,w_280,h_210,f_jpg?from=ke.com
20240620,昌平,东关,101122552834,2004年钢混电梯板楼 3居2厅2卫  不产生增值税,440万,27191元/平,中楼层 (共22层) 3室2厅 | 161.82平米 | 南 北,https://ke-image.ljcdn.com/110000-inspection/e68d81e8-c503-4645-a4b1-db0b7fac6601_1000.jpg!m_fill,w_280,h_210,f_jpg?from=ke.com
20240620,昌平,东关,101122530183,京科苑 2室1厅 南,220万,35348元/平,顶层 (共6层) 2室1厅 | 62.24平米 | 南,https://ke-image.ljcdn.com/110000-inspection/0a386205-6fa1-4567-83d8-00f1b18a25dc_1000.jpg!m_fill,w_280,h_210,f_jpg?from=ke.com
20240620,昌平,东关,101122508773,昌盛园一区 3室2厅 南 北,430万,40871元/平,底层 (共6层) 3室2厅 | 105.21平米 | 南 北,https://ke-image.ljcdn.com/110000-inspection/pc1_cTJ8RlGeB.jpg!m_fill,w_280,h_210,f_jpg?from=ke.com
20240620,昌平,东关,101122508147,水关新村 2室1厅 南 北房主自荐,225万,35091元/平,高楼层 (共6层) 2室1厅 | 64.12平米 | 南 北,https://ke-image.ljcdn.com/110000-inspection/pc1_QuNomA9R0.jpg!m_fill,w_280,h_210,f_jpg?from=ke.com
20240620,昌平,东关,101122495105,北京怡园 2016年人车分流商品房社区 南北通透,262万,40539元/平,低楼层 (共16层) 1室1厅 | 64.63平米 | 南 北,https://ke-image.ljcdn.com/110000-inspection/17bbd610-ea58-47bb-a190-b07096efb113_1000.jpg!m_fill,w_280,h_210,f_jpg?from=ke.com
20240620,昌平,东关,101122494267,佳莲二期 2005年商品房 东西通透 正规一室一厅,169万,29219元/平,顶层 (共6层) 1室1厅 | 57.84平米 | 东 西,https://ke-image.ljcdn.com/110000-inspection/4b7c9e9f-1722-4670-8533-6f56231244de_1000.jpg!m_fill,w_280,h_210,f_jpg?from=ke.com
20240620,昌平,东关,101122488880,建安里南北两居全明格局近地铁满五唯一精装修房主自荐,320万,34317元/平,高楼层 (共6层) 2室1厅 | 93.25平米 | 北 南,https://ke-image.ljcdn.com/110000-inspection/pc1_R5r79O7G5.jpg!m_fill,w_280,h_210,f_jpg?from=ke.com
20240620,昌平,东关,101122486126,东关南里小区 2室1厅 东 西房主自荐,255万,37512元/平,中楼层 (共6层) 2室1厅 | 67.98平米 | 东 西,https://ke-image.ljcdn.com/110000-inspection/77809981-9ad0-413a-ac3f-21e0db41f39a_1000.jpg!m_fill,w_280,h_210,f_jpg?from=ke.com
20240620,昌平,东关,101122468253,果岭小镇 3室2厅 南 北,570万,45035元/平,中楼层 (共5层) | 2005年 | 3室2厅 | 126.57平米 | 南 北,https://ke-image.ljcdn.com/110000-inspection/pc1_clEUFbXOM.jpg!m_fill,w_280,h_210,f_jpg?from=ke.com
20240620,昌平,东关,101122443423,京科苑 3室2厅 南 北,465万,38654元/平,中楼层 (共6层) 3室2厅 | 120.3平米 | 南 北,https://ke-image.ljcdn.com/110000-inspection/079ebe90-57e7-4a53-83df-a68fc7f5dad5_1000.jpg!m_fill,w_280,h_210,f_jpg?from=ke.com
20240620,昌平,东关,101122440512,水关新村 4室2厅 南 北,499万,34322元/平,中楼层 (共6层) 4室2厅 | 145.39平米 | 南 北,https://ke-image.ljcdn.com/110000-inspection/ab69c17e-50c5-459f-81fd-8220a95ddf3e_1000.jpg!m_fill,w_280,h_210,f_jpg?from=ke.com
20240620,昌平,东关,101122426202,宁馨苑 3室2厅 南 北,430万,32865元/平,高楼层 (共6层) 3室2厅 | 130.84平米 | 南 北,https://ke-image.ljcdn.com/110000-inspection/2e2476c3-8adf-43c9-8706-cbec4e842e44_1000.jpg!m_fill,w_280,h_210,f_jpg?from=ke.com
20240620,昌平,东关,101122419843,清秀园北区 1室0厅 北,125万,36636元/平,中楼层 (共7层) 1室0厅 | 34.12平米 | 北,https://ke-image.ljcdn.com/110000-inspection/29c3fdcc-0fcb-4cb8-8c82-a3b1b2b1105b_1000.jpg!m_fill,w_280,h_210,f_jpg?from=ke.com
20240620,昌平,东关,101122398612,服务费 1% 东关北里小区 次顶层 视野开阔,210万,33318元/平,高楼层 (共6层) 2室1厅 | 63.03平米 | 南 北,https://ke-image.ljcdn.com/110000-inspection/0681561b-a572-4af5-87f1-c7e36be20c9e_1000.jpg!m_fill,w_280,h_210,f_jpg?from=ke.com
20240620,昌平,东关,101122398229,京科苑 2室1厅 南,215万,34100元/平,高楼层 (共6层) 2室1厅 | 63.05平米 | 南,https://ke-image.ljcdn.com/110000-inspection/pc1_V4n6SNgL4.jpg!m_fill,w_280,h_210,f_jpg?from=ke.com
20240620,昌平,东关,101122387062,京科苑小区  中间楼层  南北通透,330万,38010元/平,中楼层 (共6层) 2室1厅 | 86.82平米 | 南 北,https://ke-image.ljcdn.com/110000-inspection/c7c8576d-bf91-45a7-abe0-251065a8692f_1000.jpg!m_fill,w_280,h_210,f_jpg?from=ke.com
20240620,昌平,东关,101122384766,亢山佳园小区 2室2厅 南 北,370万,38647元/平,顶层 (共6层) 2室2厅 | 95.74平米 | 南 北,https://ke-image.ljcdn.com/110000-inspection/3aca691d-77ab-4f81-846c-6b6a42318e08_1000.jpg!m_fill,w_280,h_210,f_jpg?from=ke.com
20240620,昌平,东关,101122359177,畅椿阁 3室2厅 南 北,438万,31489元/平,中楼层 (共18层) | 2009年 | 3室2厅 | 139.1平米 | 南 北,https://ke-image.ljcdn.com/110000-inspection/13d7b523-57b6-41ef-b481-fc17387c402d_1000.jpg!m_fill,w_280,h_210,f_jpg?from=ke.com
20240620,昌平,东关,101122349130,总监推荐 金隅嘉和园 自住装修 满五唯一 高楼层视野好,289万,38117元/平,高楼层 (共22层) 2室1厅 | 75.82平米 | 南,https://ke-image.ljcdn.com/110000-inspection/c8bcf095-80a7-4bb3-b31b-61bcf0e95bee_1000.jpg!m_fill,w_280,h_210,f_jpg?from=ke.com
20240620,昌平,东关,101122341598,京科苑 3室1厅 南 北,299万,32728元/平,高楼层 (共6层) 3室1厅 | 91.36平米 | 南 北,https://ke-image.ljcdn.com/110000-inspection/ce122131-94a8-4f69-86e0-3bdc96796b1d_1000.jpg!m_fill,w_280,h_210,f_jpg?from=ke.com
20240620,昌平,东关,101122341059,东关南里小区二层小区停车方便可议价房主自荐,385万,35942元/平,低楼层 (共6层) 3室2厅 | 107.12平米 | 南 北,https://ke-image.ljcdn.com/110000-inspection/bcfd4a16-8fde-43fa-ab5c-9d19f60b38f0_1000.jpg!m_fill,w_280,h_210,f_jpg?from=ke.com
20240620,昌平,东关,101122332620,东环路小区 2室1厅 南,279万,40029元/平,中楼层 (共6层) 2室1厅 | 69.7平米 | 南,https://ke-image.ljcdn.com/110000-inspection/bedc2ee1-501c-4471-b29f-f9348bd92a89_1000.jpg!m_fill,w_280,h_210,f_jpg?from=ke.com
20240620,昌平,东关,101122331566,水关新村 满五年高楼层采光视野好业主靠谱出售,320万,34651元/平,顶层 (共6层) 2室1厅 | 92.35平米 | 南 北,https://ke-image.ljcdn.com/110000-inspection/4fa4ab60-88d4-4db3-ad73-9f4370424abe_1000.jpg!m_fill,w_280,h_210,f_jpg?from=ke.com
20240620,昌平,东关,101122329585,昌盛园二区、南北向两居室、满五年唯一商品房,299万,34353元/平,高楼层 (共6层) 2室1厅 | 87.04平米 | 南 北,https://ke-image.ljcdn.com/110000-inspection/pc1_I7OqZPfuN.jpg!m_fill,w_280,h_210,f_jpg?from=ke.com
20240620,昌平,东关,101122329486,昌盛园二区 2室1厅 南 北,246万,36445元/平,底层 (共6层) 2室1厅 | 67.5平米 | 南 北,https://ke-image.ljcdn.com/110000-inspection/84720b69-88e9-44a9-8cdf-7ce6b02d3302_1000.jpg!m_fill,w_280,h_210,f_jpg?from=ke.com
20240620,昌平,东关,101122323790,金隅观澜时代南北向、带电梯、高楼层三居室,645万,48200元/平,高楼层 (共21层) 3室1厅 | 133.82平米 | 南 北,https://ke-image.ljcdn.com/110000-inspection/pc1_tMp7kHDhU.jpg!m_fill,w_280,h_210,f_jpg?from=ke.com
20240620,昌平,东关,101122323486,中间楼层带客厅经典2居环境好停车方便房主自荐,210万,33904元/平,中楼层 (共6层) | 1994年 | 2室1厅 | 61.94平米 | 南,https://ke-image.ljcdn.com/110000-inspection/17a22997-036f-4bb2-893e-c95cfdb58564_1000.jpg!m_fill,w_280,h_210,f_jpg?from=ke.com
20240620,昌平,东关,101122319947,金隅嘉和园两居商品房满五唯一高楼层不临街,295万,39508元/平,高楼层 (共19层) 2室1厅 | 74.67平米 | 南 北,https://ke-image.ljcdn.com/110000-inspection/ac8965c0-72a1-40ae-a0cf-8b23a151865e_1000.jpg!m_fill,w_280,h_210,f_jpg?from=ke.com
20240620,昌平,东关,101122317857,北京怡园  一居室  中间楼层  精装修,255万,41296元/平,中楼层 (共16层) 1室1厅 | 61.75平米 | 南,https://ke-image.ljcdn.com/110000-inspection/pc1_iKx2AjO90.jpg!m_fill,w_280,h_210,f_jpg?from=ke.com
20240620,昌平,东关,101122303689,怡园双阳台两居室中间位置满五唯一精装修,369万,49504元/平,低楼层 (共16层) 2室1厅 | 74.54平米 | 南,https://ke-image.ljcdn.com/110000-inspection/bcd47e71-8b68-4daa-b87e-1cf4e638c383_1000.jpg!m_fill,w_280,h_210,f_jpg?from=ke.com
20240620,昌平,东关,101122268122,建安里小区 1室1厅 南,175万,39115元/平,底层 (共6层) | 1997年 | 1室1厅 | 44.74平米 | 南,https://ke-image.ljcdn.com/110000-inspection/059de709-81e1-4bb0-9c84-86d44c44095c_1000.jpg!m_fill,w_280,h_210,f_jpg?from=ke.com
20240620,昌平,东关,101122257994,世涛天朗+三居室两卫+一层+配套齐全房主自荐,620万,44608元/平,底层 (共6层) 3室2厅 | 138.99平米 | 南 北,https://ke-image.ljcdn.com/110000-inspection/d69302e7-f642-43a6-b16d-d208891dd016_1000.jpg!m_fill,w_280,h_210,f_jpg?from=ke.com
20240620,昌平,东关,101122252621,佳莲二期三居两卫精装修客厅朝南次顶层,379万,30856元/平,高楼层 (共6层) 3室2厅 | 122.83平米 | 南 北,https://ke-image.ljcdn.com/110000-inspection/a0ab859d-73a7-4f76-8ca1-ae530679f987_1000.jpg!m_fill,w_280,h_210,f_jpg?from=ke.com
20240620,昌平,东关,101122184739,水关新村精装修中低楼层南向两居室采光视野好房主自荐,230万,34918元/平,中楼层 (共6层) 2室1厅 | 65.87平米 | 南,https://ke-image.ljcdn.com/110000-inspection/78b8bffe-7107-4704-a981-e02867491390_1000.jpg!m_fill,w_280,h_210,f_jpg?from=ke.com
20240620,昌平,东关,101122176197,昌盛园三区+南北两居室+出行便利,335万,40087元/平,底层 (共6层) 2室1厅 | 83.57平米 | 南 北,https://ke-image.ljcdn.com/110000-inspection/37d997f5-a093-41a0-ae27-b47439435b07_1000.jpg!m_fill,w_280,h_210,f_jpg?from=ke.com
20240620,昌平,东关,101122173164,金地家园 2室2厅 南 北,330万,32442元/平,低楼层 (共7层) 2室2厅 | 101.72平米 | 南 北,https://ke-image.ljcdn.com/110000-inspection/08e6a7e9-b15d-41cf-89e4-0c116e6202fe_1000.jpg!m_fill,w_280,h_210,f_jpg?from=ke.com
20240620,昌平,东关,101122160298,北京风景67号院 南北三居室一层板楼带电梯,390万,34981元/平,底层 (共6层) 3室1厅 | 111.49平米 | 南 北,https://ke-image.ljcdn.com/110000-inspection/00959279-4c7c-4457-b225-cbb464c442ff_1000.jpg!m_fill,w_280,h_210,f_jpg?from=ke.com
20240620,昌平,东关,101122134791,过年期间可以看房 水关新村一层一居室 精装修拎包入住,185万,50245元/平,底层 (共6层) | 1994年 | 1室1厅 | 36.82平米 | 南,https://ke-image.ljcdn.com/110000-inspection/8ef94f7f-5d8d-423a-a544-3c44355a03c4_1000.jpg!m_fill,w_280,h_210,f_jpg?from=ke.com
20240620,昌平,东关,101122128433,京科苑 2室1厅 南 北,215万,32061元/平,顶层 (共6层) 2室1厅 | 67.06平米 | 南 北,https://ke-image.ljcdn.com/110000-inspection/7ae373c2-d7b0-461f-8f70-acf714a45a79_1000.jpg!m_fill,w_280,h_210,f_jpg?from=ke.com
20240620,昌平,东关,101122057395,业主急售！商品房满五唯一中间楼层南向正规一居室,215万,41968元/平,中楼层 (共6层) 1室1厅 | 51.23平米 | 南,https://ke-image.ljcdn.com/110000-inspection/d30be44c-8801-43d2-9401-9372f03f11c7_1000.jpg!m_fill,w_280,h_210,f_jpg?from=ke.com
20240620,昌平,东关,101122057328,昌盛园二区 精装修两居室  社区停车方便 环境优美,335万,40676元/平,中楼层 (共6层) | 1995年 | 2室1厅 | 82.36平米 | 南,https://ke-image.ljcdn.com/110000-inspection/f6d02f0d-35fd-4ef0-81aa-ba1e7ce42faa_1000.jpg!m_fill,w_280,h_210,f_jpg?from=ke.com
20240620,昌平,东关,101122057140,北京风景 新增两居 南北通透 户型好  布局合理房主自荐,390万,41950元/平,低楼层 (共8层) 2室2厅 | 92.97平米 | 南 北,https://ke-image.ljcdn.com/110000-inspection/d49db6db-4fc6-45ea-af71-c257419e7410_1000.jpg!m_fill,w_280,h_210,f_jpg?from=ke.com
20240620,昌平,东关,101122044399,清秀园北区 1室1厅 东,203万,40928元/平,中楼层 (共19层) 1室1厅 | 49.6平米 | 东,https://ke-image.ljcdn.com/110000-inspection/adf32be3-536c-44af-85bd-a79907a36496_1000.jpg!m_fill,w_280,h_210,f_jpg?from=ke.com
20240620,昌平,东关,101122036813,宁馨苑 3室2厅 南 北,479万,31781元/平,高楼层 (共6层) 3室2厅 | 150.72平米 | 南 北,https://ke-image.ljcdn.com/110000-inspection/b41874b0-f222-448a-b25a-62a1623da9f7_1000.jpg!m_fill,w_280,h_210,f_jpg?from=ke.com
20240620,昌平,东关,101122032586,金隅观澜时代+两居室+生活便利,348万,41033元/平,底层 (共21层) | 2013年 | 2室1厅 | 84.81平米 | 南,https://ke-image.ljcdn.com/110000-inspection/67b10508-cbe9-457e-b030-8c586e52c425_1000.jpg!m_fill,w_280,h_210,f_jpg?from=ke.com
20240620,昌平,东关,101122008299,水关新村 2室2厅 东 南,295万,26993元/平,顶层 (共6层) 2室2厅 | 109.29平米 | 东 南,https://ke-image.ljcdn.com/110000-inspection/6d23aa96-e8c6-4e36-8473-2cc10ef5104c_1000.jpg!m_fill,w_280,h_210,f_jpg?from=ke.com
20240620,昌平,东关,101121979741,东关北里小区 2室1厅 东 西,245万,38687元/平,低楼层 (共6层) | 1990年 | 2室1厅 | 63.33平米 | 东 西,https://ke-image.ljcdn.com/110000-inspection/c1eb66d4-621b-4cac-b445-a52432e21ab8_1000.jpg!m_fill,w_280,h_210,f_jpg?from=ke.com
20240620,昌平,东关,101121973428,北京GOLD牌南里社区 南北通透一居室 无遮挡 停车方便房主自荐,148万,36680元/平,顶层 (共6层) 1室1厅 | 40.35平米 | 南 北,https://ke-image.ljcdn.com/110000-inspection/pc1_wsbhQPRhY.jpg!m_fill,w_280,h_210,f_jpg?from=ke.com
20240620,昌平,东关,101121970989,宁馨苑  满五唯一 大三居精装修拎包入住房主自荐,469万,30351元/平,高楼层 (共6层) 3室2厅 | 154.53平米 | 南 北,https://ke-image.ljcdn.com/110000-inspection/df51c0f1-1f24-4fde-8cd8-6e9f82df654b_1000.jpg!m_fill,w_280,h_210,f_jpg?from=ke.com
20240620,昌平,东关,101121945962,精装修两居室南北通透诚心出售,235万,38243元/平,高楼层 (共6层) | 1991年 | 2室1厅 | 61.45平米 | 南 北,https://ke-image.ljcdn.com/110000-inspection/636320cf-8321-4488-8e9e-b713ce3834bd_1000.jpg!m_fill,w_280,h_210,f_jpg?from=ke.com
20240620,昌平,东关,101121923074,燕平家园 3室1厅 西南,550万,38153元/平,高楼层 (共15层) 3室1厅 | 144.16平米 | 西南,https://ke-image.ljcdn.com/110000-inspection/771cfb60-dff1-4b56-93ba-712000429505_1000.jpg!m_fill,w_280,h_210,f_jpg?from=ke.com
20240620,昌平,东关,101121911305,亢山佳园南北三居低楼层满五唯一近地铁精装修,425万,38563元/平,底层 (共6层) 3室2厅 | 110.21平米 | 南 北,https://ke-image.ljcdn.com/110000-inspection/pc1_4Cyf7nl4F.jpg!m_fill,w_280,h_210,f_jpg?from=ke.com
20240620,昌平,东关,101121903627,东环路小区满五唯一次顶层业主诚意出售,180万,34477元/平,高楼层 (共6层) 2室1厅 | 52.21平米 | 东北,https://ke-image.ljcdn.com/110000-inspection/621cbe37-9c65-4e68-92c9-629f53efa5d5_1000.jpg!m_fill,w_280,h_210,f_jpg?from=ke.com
20240620,昌平,东关,101121862186,中间楼层自住精装修 南北通透 2006年房龄,255万,42807元/平,中楼层 (共6层) 1室1厅 | 59.57平米 | 南 北,https://ke-image.ljcdn.com/110000-inspection/40c6d8cc-8cfb-4262-9575-508f8f5af1c1_1000.jpg!m_fill,w_280,h_210,f_jpg?from=ke.com
20240620,昌平,东关,101121845844,创新路2号院诚意出售大三居高楼层南北通透阳光充足,820万,43275元/平,高楼层 (共10层) 3室2厅 | 189.49平米 | 南 北,https://ke-image.ljcdn.com/110000-inspection/ef229226-b945-45b4-83df-fd8349f5cdb4_1000.jpg!m_fill,w_280,h_210,f_jpg?from=ke.com
20240620,昌平,东关,101121836258,水关新村 2室1厅 南,234万,35525元/平,高楼层 (共6层) 2室1厅 | 65.87平米 | 南,https://ke-image.ljcdn.com/110000-inspection/9b5a44ec-ec01-4aff-bcba-852736657dc0_1000.jpg!m_fill,w_280,h_210,f_jpg?from=ke.com
20240620,昌平,东关,101121830071,建安里小区 南北通透正规两居室 临地铁 交通方便,398万,31719元/平,低楼层 (共6层) 2室2厅 | 125.48平米 | 南 北,https://ke-image.ljcdn.com/110000-inspection/1aba0ff3-c467-406a-9f86-4eccb3f04b74_1000.jpg!m_fill,w_280,h_210,f_jpg?from=ke.com
20240620,昌平,东关,101121807608,昌盛园三区满屋唯一精装修楼层好采光充足,320万,37830元/平,中楼层 (共6层) 2室1厅 | 84.59平米 | 南 北,https://ke-image.ljcdn.com/110000-inspection/3fc4f34c-ac04-4830-b00d-7add5e0e3200_1000.jpg!m_fill,w_280,h_210,f_jpg?from=ke.com
20240620,昌平,东关,101121792795,交通队宿舍楼 2室2厅 东 西,299万,27500元/平,中楼层 (共6层) | 2000年 | 2室2厅 | 108.73平米 | 东 西,https://ke-image.ljcdn.com/110000-inspection/03ad17c3-f6ad-408d-85cc-b89bf40dbd8c_1000.jpg!m_fill,w_280,h_210,f_jpg?from=ke.com
20240620,昌平,东关,101121791073,管厂宿舍南北通透两居满五唯一近公园小区安静,170万,28897元/平,顶层 (共6层) 2室1厅 | 58.83平米 | 南 北,https://ke-image.ljcdn.com/110000-inspection/49a1b4b4-aab3-4e08-93b3-b0e6ef2d948a_1000.jpg!m_fill,w_280,h_210,f_jpg?from=ke.com
20240620,昌平,东关,101121786420,清秀园南区 3室2厅 南 北,376万,31350元/平,高楼层 (共7层) 3室2厅 | 119.94平米 | 南 北,https://ke-image.ljcdn.com/110000-inspection/b4fab7da-d286-4cd0-8377-b677874bdb44_1000.jpg!m_fill,w_280,h_210,f_jpg?from=ke.com
20240620,昌平,东关,101121784536,急售北京风景 中间楼栋次顶层 满五唯一 精装三居双卫房主自荐,519万,43669元/平,高楼层 (共6层) 3室2厅 | 118.85平米 | 南 北,https://ke-image.ljcdn.com/110000-inspection/1623099b-1e67-4bcf-afba-04647756c671_1000.jpg!m_fill,w_280,h_210,f_jpg?from=ke.com
20240620,昌平,东关,101121776669,燕平家园 2室1厅 东北,260万,28638元/平,高楼层 (共6层) 2室1厅 | 90.79平米 | 东北,https://ke-image.ljcdn.com/110000-inspection/065eb683-29e7-4bbe-96e3-92085f5e6819_1000.jpg!m_fill,w_280,h_210,f_jpg?from=ke.com
20240620,昌平,东关,101121775398,东关北里小区 2室1厅 南 北,260万,41581元/平,中楼层 (共6层) 2室1厅 | 62.53平米 | 南 北,https://ke-image.ljcdn.com/110000-inspection/d099ac71-7ef9-4b37-98a0-bf784c915d4b_1000.jpg!m_fill,w_280,h_210,f_jpg?from=ke.com
20240620,昌平,东关,101121739761,过年可看 清秀园北区东向一居室 精装修 满五唯一,149万,32633元/平,高楼层 (共19层) 1室1厅 | 45.66平米 | 东,https://ke-image.ljcdn.com/110000-inspection/pc1_hqkcmnYMR.jpg!m_fill,w_280,h_210,f_jpg?from=ke.com
20240620,昌平,东关,101121719087,随园低楼层小三居满五唯一低密度环境好,325万,36140元/平,底层 (共9层) 3室1厅 | 89.93平米 | 南 北,https://ke-image.ljcdn.com/110000-inspection/1934dd14-4dc5-4685-911b-f994f987da8a_1000.jpg!m_fill,w_280,h_210,f_jpg?from=ke.com
20240620,昌平,东关,101121718557,昌盛园二区满五年唯一成本价三个卧室朝南,340万,32259元/平,顶层 (共6层) 3室1厅 | 105.4平米 | 南 北,https://ke-image.ljcdn.com/110000-inspection/7f1ce340-9508-4440-99d4-1faf3d5594b3_1000.jpg!m_fill,w_280,h_210,f_jpg?from=ke.com
20240620,昌平,东关,101121697531,昌盛园二区 2室1厅 南 北,299万,35356元/平,顶层 (共6层) | 1995年 | 2室1厅 | 84.57平米 | 南 北,https://ke-image.ljcdn.com/110000-inspection/976df3b3-479a-4402-a113-e438efa2dea4_1000.jpg!m_fill,w_280,h_210,f_jpg?from=ke.com
20240620,昌平,东关,101121673699,京科苑 3室2厅 南 北,436万,36243元/平,顶层 (共6层) | 1997年 | 3室2厅 | 120.3平米 | 南 北,https://ke-image.ljcdn.com/110000-inspection/a906d1d0-05b3-4496-a611-fc2856284c59_1000.jpg!m_fill,w_280,h_210,f_jpg?from=ke.com
20240620,昌平,东关,101121671558,怡园三居室  中间楼层满五唯一,499万,47488元/平,中楼层 (共16层) 3室2厅 | 105.08平米 | 南 北,https://ke-image.ljcdn.com/110000-inspection/pc1_fWliKuvGL.jpg!m_fill,w_280,h_210,f_jpg?from=ke.com
20240620,昌平,东关,101121670444,建安里电梯房大四居满五唯一近地铁生活配套齐全,550万,31543元/平,中楼层 (共11层) 4室1厅 | 174.37平米 | 南 北,https://ke-image.ljcdn.com/110000-inspection/06aa2f7b-c53e-4080-abcc-6a5156b76011_1000.jpg!m_fill,w_280,h_210,f_jpg?from=ke.com
20240620,昌平,东关,101121665685,宁馨苑 3室2厅 南 北,538万,35727元/平,底层 (共6层) 3室2厅 | 150.59平米 | 南 北,https://ke-image.ljcdn.com/110000-inspection/8a7569df-2c0d-465d-aac9-6bc06dd65621_1000.jpg!m_fill,w_280,h_210,f_jpg?from=ke.com
20240620,昌平,东关,101121663518,世涛天朗2007年商品房 三阳户型 客厅阳台大落地窗,540万,37821元/平,高楼层 (共6层) 3室2厅 | 142.78平米 | 南 北,https://ke-image.ljcdn.com/110000-inspection/pc1_vmOWOGjVC.jpg!m_fill,w_280,h_210,f_jpg?from=ke.com
20240620,昌平,东关,101121658639,北京风景中间层正规三居室无遮挡采光好房主自荐,550万,42524元/平,中楼层 (共6层) 3室2厅 | 129.34平米 | 南 北,https://ke-image.ljcdn.com/110000-inspection/f8cbe2df-5bda-4aca-8888-c055ae41ea46_1000.jpg!m_fill,w_280,h_210,f_jpg?from=ke.com
20240620,昌平,东关,101121651650,金隅嘉和园次顶层正规三居带电梯近地铁。,320万,35607元/平,高楼层 (共22层) 3室1厅 | 89.87平米 | 南 北,https://ke-image.ljcdn.com/110000-inspection/pc1_LFUyYmVmG.jpg!m_fill,w_280,h_210,f_jpg?from=ke.com
20240620,昌平,东关,101121611275,昌盛园三区 2室1厅 南 北,260万,31489元/平,顶层 (共6层) 2室1厅 | 82.57平米 | 南 北,https://ke-image.ljcdn.com/110000-inspection/438decee-d676-4023-8935-f97aa8a6bfaa_1000.jpg!m_fill,w_280,h_210,f_jpg?from=ke.com
20240620,昌平,东关,101121602178,东关南里小区 2室2厅 东 西,352万,33040元/平,低楼层 (共6层) | 1997年 | 2室2厅 | 106.54平米 | 东 西,https://ke-image.ljcdn.com/110000-inspection/ab51cb2c-2a87-4ec3-b73b-ee2b591b5563_1000.jpg!m_fill,w_280,h_210,f_jpg?from=ke.com
20240620,昌平,东关,101121598203,建安里小区 2室2厅 南 北,430万,34269元/平,中楼层 (共6层) 2室2厅 | 125.48平米 | 南 北,https://ke-image.ljcdn.com/110000-inspection/pc1_b9U8rLHBK.jpg!m_fill,w_280,h_210,f_jpg?from=ke.com
20240620,昌平,东关,101121561218,急售甄选好房店经理推荐中间层南北2003年楼龄,319万,36491元/平,中楼层 (共6层) 2室1厅 | 87.42平米 | 南 北,https://ke-image.ljcdn.com/110000-inspection/pc1_Add5zoYtU.jpg!m_fill,w_280,h_210,f_jpg?from=ke.com
20240620,昌平,东关,101121553314,昌盛园三区 2室1厅 南 北,293万,35408元/平,高楼层 (共6层) 2室1厅 | 82.75平米 | 南 北,https://ke-image.ljcdn.com/110000-inspection/dfa598aa-f1be-43d6-b0b3-706c2a86f7da_1000.jpg!m_fill,w_280,h_210,f_jpg?from=ke.com
20240620,昌平,东关,101121552190,2009年房龄钢混电梯板楼 自住精装修只有契税,343万,34951元/平,顶层 (共17层) 3室2厅 | 98.14平米 | 南 北,https://ke-image.ljcdn.com/110000-inspection/0d72c9dd-6435-4aed-9a8c-fb0a21454504_1000.jpg!m_fill,w_280,h_210,f_jpg?from=ke.com
20240620,昌平,东关,101121517675,正规三居室二层户型方正满五唯一看房方便,354万,38957元/平,低楼层 (共6层) | 1995年 | 3室1厅 | 90.87平米 | 南 北,https://ke-image.ljcdn.com/110000-inspection/pc1_MfnqpLafR.jpg!m_fill,w_280,h_210,f_jpg?from=ke.com
20240620,昌平,东关,101121495029,龙水路22号院 2室2厅 南 北房主自荐,354万,38529元/平,中楼层 (共6层) 2室2厅 | 91.88平米 | 南 北,https://ke-image.ljcdn.com/110000-inspection/2442f6ca-37c2-429c-8cb6-919bc9808da9_1000.jpg!m_fill,w_280,h_210,f_jpg?from=ke.com
20240620,昌平,东关,101121494574,南北双通透户型4层2001年小区停车方便,260万,33636元/平,顶层 (共4层) 2室1厅 | 77.3平米 | 南 北,https://ke-image.ljcdn.com/110000-inspection/c093fffc-024a-4d58-b5f5-431246543f7f_1000.jpg!m_fill,w_280,h_210,f_jpg?from=ke.com
20240620,昌平,东关,101121489651,2004年电梯房 南北通透 宽敞明亮,435万,26882元/平,中楼层 (共22层) 3室2厅 | 161.82平米 | 南 北,https://ke-image.ljcdn.com/110000-inspection/d6bfc07d-651e-4774-a543-523109152f8d_1000.jpg!m_fill,w_280,h_210,f_jpg?from=ke.com
20240620,昌平,东关,101121482606,东关二条 2室1厅 南 北,245万,42308元/平,顶层 (共5层) 2室1厅 | 57.91平米 | 南 北,https://ke-image.ljcdn.com/110000-inspection/pc1_FeX79QxoH.jpg!m_fill,w_280,h_210,f_jpg?from=ke.com
20240620,昌平,东关,101121473179,亢山佳园三居室  满五唯一  精装修,380万,34480元/平,高楼层 (共6层) 3室2厅 | 110.21平米 | 南 北,https://ke-image.ljcdn.com/110000-inspection/6d33c2bd-fe33-4f76-afce-c8f655e4fd5a_1000.jpg!m_fill,w_280,h_210,f_jpg?from=ke.com
20240620,昌平,东关,101121442074,京科苑 3室2厅 南 北,550万,31474元/平,低楼层 (共6层) 3室2厅 | 174.75平米 | 南 北,https://ke-image.ljcdn.com/110000-inspection/pc1_TYhqATpVc.jpg!m_fill,w_280,h_210,f_jpg?from=ke.com
20240620,昌平,东关,101121431775,东关南里小区 2室1厅 东 西,192万,32681元/平,顶层 (共6层) 2室1厅 | 58.75平米 | 东 西,https://ke-image.ljcdn.com/110000-inspection/7522490e-27c5-4b8b-9ec4-a6541e12179c_1000.jpg!m_fill,w_280,h_210,f_jpg?from=ke.com
20240620,昌平,东关,101121431483,东关北里小区 3室1厅 南 北,380万,34710元/平,顶层 (共6层) 3室1厅 | 109.48平米 | 南 北,https://ke-image.ljcdn.com/110000-inspection/34111033-f7cf-4d71-971f-05a83bb854c0_1000.jpg!m_fill,w_280,h_210,f_jpg?from=ke.com
20240620,昌平,东关,101121417375,亢山前路1号院 3室1厅 南 北,290万,40083元/平,中楼层 (共5层) 3室1厅 | 72.35平米 | 南 北,https://ke-image.ljcdn.com/110000-inspection/062d9d5c-3783-4d12-a9dc-30ef8f492cd1_1000.jpg!m_fill,w_280,h_210,f_jpg?from=ke.com
20240620,昌平,东关,101121411024,东环路小区 2室1厅 南 北,225万,40172元/平,中楼层 (共5层) 2室1厅 | 56.01平米 | 南 北,https://ke-image.ljcdn.com/110000-inspection/510afdc8-9a18-4f75-a54a-b132fa61ab6a_1000.jpg!m_fill,w_280,h_210,f_jpg?from=ke.com
20240620,昌平,东关,101121406683,过年可看清秀园北区 精装修两居室 满五唯一 拎包入住房主自荐,249万,31075元/平,中楼层 (共5层) 2室1厅 | 80.13平米 | 南 北,https://ke-image.ljcdn.com/110000-inspection/619619f9-0ce9-461f-9031-caf87714d8d5_1000.jpg!m_fill,w_280,h_210,f_jpg?from=ke.com
20240620,昌平,东关,101121378872,昌盛园二区+三阳面的三居室+视野开阔,358万,33966元/平,顶层 (共6层) | 1994年 | 3室1厅 | 105.4平米 | 南 北,https://ke-image.ljcdn.com/110000-inspection/fc8e3d4c-1f97-439f-8acf-e7ab39b35094_1000.jpg!m_fill,w_280,h_210,f_jpg?from=ke.com
20240620,昌平,东关,101121363650,东关南里小区 3室2厅 南 北,436万,31874元/平,高楼层 (共6层) 3室2厅 | 136.79平米 | 南 北,https://ke-image.ljcdn.com/110000-inspection/19bb2da8-e2f6-4a06-bef2-abe91528cb6d_1000.jpg!m_fill,w_280,h_210,f_jpg?from=ke.com
20240620,昌平,东关,101121362018,畅椿阁 2室1厅 南 北,465万,33360元/平,低楼层 (共17层) 2室1厅 | 139.39平米 | 南 北,https://ke-image.ljcdn.com/110000-inspection/pc1_Mbb9i4FCY.jpg!m_fill,w_280,h_210,f_jpg?from=ke.com
20240620,昌平,东关,101121350145,水关新村 1室1厅 南,215万,38441元/平,低楼层 (共6层) | 1990年 | 1室1厅 | 55.93平米 | 南,https://ke-image.ljcdn.com/110000-inspection/pc1_bKEwTBfEe.jpg!m_fill,w_280,h_210,f_jpg?from=ke.com
20240620,昌平,东关,101121349709,昌盛园二区 3室2厅 南 北,470万,34408元/平,高楼层 (共6层) 3室2厅 | 136.6平米 | 南 北,https://ke-image.ljcdn.com/110000-inspection/d8212021-aab2-437b-b271-6bded1008ae3_1000.jpg!m_fill,w_280,h_210,f_jpg?from=ke.com
20240620,昌平,东关,101121339748,昌盛园四区+南北通透两居室+安静不临街,287万,40157元/平,底层 (共6层) 2室1厅 | 71.47平米 | 南 北,https://ke-image.ljcdn.com/110000-inspection/7caaff52-d41b-4d00-9485-636de9fbfbc9_1000.jpg!m_fill,w_280,h_210,f_jpg?from=ke.com
20240620,昌平,东关,101121316654,总监推荐 南北通透 满五唯一 看房随时,238万,36826元/平,中楼层 (共16层) | 2016年 | 1室1厅 | 64.63平米 | 南 北,https://ke-image.ljcdn.com/110000-inspection/pc1_38WmHkYjS.jpg!m_fill,w_280,h_210,f_jpg?from=ke.com
20240620,昌平,东关,101121300863,业主自住 清秀园南区半地下两室一厅 2001年商品房,125万,21781元/平,地下室 (共7层) 2室1厅 | 57.39平米 | 南,https://ke-image.ljcdn.com/110000-inspection/7188309d-4487-45ed-8d43-a9317a2177c4_1000.jpg!m_fill,w_280,h_210,f_jpg?from=ke.com
20240620,昌平,东关,101121298139,清秀园南区 2室1厅 南,253万,39649元/平,高楼层 (共7层) | 1999年 | 2室1厅 | 63.81平米 | 南,https://ke-image.ljcdn.com/110000-inspection/b98da2b3-fa63-4a08-9d21-b686fbf5d04b_1000.jpg!m_fill,w_280,h_210,f_jpg?from=ke.com
20240620,昌平,东关,101121279154,1%服务费  南北通透 精装修 中间位置 安静 靠谱签约,578万,47631元/平,高楼层 (共6层) 3室2厅 | 121.35平米 | 南 北,https://ke-image.ljcdn.com/110000-inspection/a23883a6-2e6e-436c-b7df-d5660fc98b67_1000.jpg!m_fill,w_280,h_210,f_jpg?from=ke.com
20240620,昌平,东关,101121260773,东关二条 三层 双卧朝南 采光充足 交通便利,229万,41569元/平,中楼层 (共5层) 2室1厅 | 55.09平米 | 南,https://ke-image.ljcdn.com/110000-inspection/2385b156-bd9c-447f-84ac-b6196ae6c0dd_1000.jpg!m_fill,w_280,h_210,f_jpg?from=ke.com
20240620,昌平,东关,101121260518,燕平家园 2室1厅 南 北,359万,40543元/平,中楼层 (共6层) 2室1厅 | 88.55平米 | 南 北,https://ke-image.ljcdn.com/110000-inspection/f2c2f120-0b68-4059-9e16-bade5d6f4496_1000.jpg!m_fill,w_280,h_210,f_jpg?from=ke.com
20240620,昌平,东关,101121232733,清秀园北区 2室1厅 东 西房主自荐,249万,31854元/平,顶层 (共7层) 2室1厅 | 78.17平米 | 东 西,https://ke-image.ljcdn.com/110000-inspection/bb45a2a5-d3c0-423d-b73a-5291245b92dd_1000.jpg!m_fill,w_280,h_210,f_jpg?from=ke.com
20240620,昌平,东关,101121229558,交通队宿舍楼 3室2厅 南 北,450万,32431元/平,中楼层 (共6层) 3室2厅 | 138.76平米 | 南 北,https://ke-image.ljcdn.com/110000-inspection/c9da40bf-5437-4863-a67e-69de3e9b7ca5_1000.jpg!m_fill,w_280,h_210,f_jpg?from=ke.com
20240620,昌平,东关,101121209355,京科苑 3室2厅 东 南 北,380万,41251元/平,顶层 (共7层) 3室2厅 | 92.12平米 | 东 南 北,https://ke-image.ljcdn.com/110000-inspection/f4bb4d72-b290-46e2-8935-27abb6f6348e_1000.jpg!m_fill,w_280,h_210,f_jpg?from=ke.com
20240620,昌平,东关,101121207039,东关北里小区 1室1厅 南 北,185万,44795元/平,顶层 (共6层) 1室1厅 | 41.3平米 | 南 北,https://ke-image.ljcdn.com/110000-inspection/d03e3c31-8220-43c8-af25-b879cfb8815f_1000.jpg!m_fill,w_280,h_210,f_jpg?from=ke.com
20240620,昌平,东关,101121187788,东关北里小区 2室1厅 南 北,238万,36353元/平,顶层 (共6层) 2室1厅 | 65.47平米 | 南 北,https://ke-image.ljcdn.com/110000-inspection/dd17abd2-5a97-4d74-9b38-77d6b6e4eddc_1000.jpg!m_fill,w_280,h_210,f_jpg?from=ke.com
20240620,昌平,东关,101121156333,清秀园南区 3室1厅 南 北,247万,27537元/平,高楼层 (共7层) 3室1厅 | 89.7平米 | 南 北,https://ke-image.ljcdn.com/110000-inspection/117dce4f-f92a-4588-b43d-2ed7c0353816_1000.jpg!m_fill,w_280,h_210,f_jpg?from=ke.com
20240620,昌平,东关,101121120067,服务费1% 东环路小区 一层 南向 满五唯一,189万,35932元/平,底层 (共6层) 2室1厅 | 52.6平米 | 南,https://ke-image.ljcdn.com/110000-inspection/7203e938-055d-409e-aeee-0f4e85c59497_1000.jpg!m_fill,w_280,h_210,f_jpg?from=ke.com
20240620,昌平,东关,101121068423,亢山佳园小区 2室2厅 南 北,420万,43869元/平,低楼层 (共6层) 2室2厅 | 95.74平米 | 南 北,https://ke-image.ljcdn.com/110000-inspection/e4860a60-7786-4eda-94c6-b1cb74f36815_1000.jpg!m_fill,w_280,h_210,f_jpg?from=ke.com
20240620,昌平,东关,101121066574,随园 3室2厅 南 北,545万,38590元/平,中楼层 (共11层) 3室2厅 | 141.23平米 | 南 北,https://ke-image.ljcdn.com/110000-inspection/068361c4-de31-43f4-9004-5a3718f2606c_1000.jpg!m_fill,w_280,h_210,f_jpg?from=ke.com
20240620,昌平,东关,101121008970,东关北里 2003年 满五唯一 次顶层 东西通透 含地下室,300万,29810元/平,高楼层 (共7层) 2室1厅 | 100.64平米 | 东 西,https://ke-image.ljcdn.com/110000-inspection/1b49b6f7-a9eb-447c-a3ca-39f181eae050_1000.jpg!m_fill,w_280,h_210,f_jpg?from=ke.com
20240620,昌平,东关,101120998068,清秀园北区 1室1厅 西,220万,40235元/平,高楼层 (共19层) 1室1厅 | 54.68平米 | 西,https://ke-image.ljcdn.com/110000-inspection/171ac654-e39a-4030-ac05-8215b9d22bb8_1000.jpg!m_fill,w_280,h_210,f_jpg?from=ke.com
20240620,昌平,东关,101120995893,京科苑 1室1厅 南房主自荐,220万,50194元/平,中楼层 (共6层) 1室1厅 | 43.83平米 | 南,https://ke-image.ljcdn.com/110000-inspection/pc1_2g56JVCW0.jpg!m_fill,w_280,h_210,f_jpg?from=ke.com
20240620,昌平,东关,101120994005,金隅观澜时代满五年唯一南向两居室,410万,48880元/平,中楼层 (共14层) 2室1厅 | 83.88平米 | 南,https://ke-image.ljcdn.com/110000-inspection/454f0aec-b39e-40f3-afb4-cbd2a85e7be1_1000.jpg!m_fill,w_280,h_210,f_jpg?from=ke.com
20240620,昌平,东关,101120992782,总监推荐 北京怡园 自住装修 中间位置中间层房主自荐,530万,49784元/平,中楼层 (共12层) 3室2厅 | 106.46平米 | 南 北,https://ke-image.ljcdn.com/110000-inspection/225dc291-2466-4e57-a8ee-d96e592642cb_1000.jpg!m_fill,w_280,h_210,f_jpg?from=ke.com
20240620,昌平,东关,101120988581,东关北里小区 二层 明厨明卫 纯南 采光充足,210万,49505元/平,低楼层 (共6层) 1室1厅 | 42.42平米 | 南,https://ke-image.ljcdn.com/110000-inspection/634f4ba3-855d-4979-b6df-c15becdfca49_1000.jpg!m_fill,w_280,h_210,f_jpg?from=ke.com
20240620,昌平,东关,101120963740,总价推荐 北京怡园 南北通透 满五唯一 户型方正,335万,43422元/平,低楼层 (共16层) 2室1厅 | 77.15平米 | 南 北,https://ke-image.ljcdn.com/110000-inspection/d6ed5ea2-2d63-4bcf-917b-587f1926fe33_1000.jpg!m_fill,w_280,h_210,f_jpg?from=ke.com
20240620,昌平,东关,101120960420,北京怡园 南北通透三居室 中间位置 装修好,458万,52409元/平,顶层 (共11层) 3室1厅 | 87.39平米 | 南 北,https://ke-image.ljcdn.com/110000-inspection/cfb9d010-d4db-4972-8a9a-cef0f8d0898c_1000.jpg!m_fill,w_280,h_210,f_jpg?from=ke.com
20240620,昌平,东关,101120956585,水关新村 1室1厅 南,220万,54121元/平,中楼层 (共6层) | 1994年 | 1室1厅 | 40.65平米 | 南,https://ke-image.ljcdn.com/110000-inspection/pc1_IPiF0xczh.jpg!m_fill,w_280,h_210,f_jpg?from=ke.com
20240620,昌平,东关,101120923756,水关新村 2室1厅 东 南 西,370万,38574元/平,顶层 (共6层) 2室1厅 | 95.92平米 | 东 南 西,https://ke-image.ljcdn.com/110000-inspection/8561c5b6-0788-4ba5-9a6f-f3ccbca51fc2_1000.jpg!m_fill,w_280,h_210,f_jpg?from=ke.com
20240620,昌平,东关,101120916166,昌盛园二区+中间楼层+南北向两居室,320万,37839元/平,中楼层 (共6层) | 1995年 | 2室2厅 | 84.57平米 | 南 北,https://ke-image.ljcdn.com/110000-inspection/d8d7af87-e028-4e84-a110-ca36344f27b4_1000.jpg!m_fill,w_280,h_210,f_jpg?from=ke.com
20240620,昌平,东关,101120913888,总监力荐清秀园北区电梯房两居室,235万,34433元/平,高楼层 (共7层) 2室1厅 | 68.25平米 | 南,https://ke-image.ljcdn.com/110000-inspection/82e2fb72-a7e0-44e1-b705-e50f3b3a5bf4_1000.jpg!m_fill,w_280,h_210,f_jpg?from=ke.com
20240620,昌平,东关,101120879721,双通透格局低楼层诚心出售.房主自荐,386万,35857元/平,低楼层 (共6层) 2室2厅 | 107.65平米 | 南 北,https://ke-image.ljcdn.com/110000-inspection/eeb301cb-a6c1-41c6-9426-c8d83282ad34_1000.jpg!m_fill,w_280,h_210,f_jpg?from=ke.com
20240620,昌平,东关,101120877899,建安里电梯房三居室满五唯一近地铁配套齐全,399万,31497元/平,中楼层 (共11层) | 2001年 | 3室1厅 | 126.68平米 | 东南,https://ke-image.ljcdn.com/110000-inspection/2407c29d-f6dd-4338-8deb-b624c0c1240e_1000.jpg!m_fill,w_280,h_210,f_jpg?from=ke.com
20240620,昌平,东关,101120877517,金隅嘉和园  商品房相当于满五唯一房主自荐,285万,36366元/平,高楼层 (共19层) 2室1厅 | 78.37平米 | 南,https://ke-image.ljcdn.com/110000-inspection/b7c712b8-f578-43af-a47f-bfa1d456f968_1000.jpg!m_fill,w_280,h_210,f_jpg?from=ke.com
20240620,昌平,东关,101120876597,宁馨苑满五唯一精装电梯诚心出售,295万,38537元/平,低楼层 (共17层) | 2003年 | 2室1厅 | 76.55平米 | 南,https://ke-image.ljcdn.com/110000-inspection/008bb2c3-9f45-4564-a633-960472b1640e_1000.jpg!m_fill,w_280,h_210,f_jpg?from=ke.com
20240620,昌平,东关,101120875362,东关北里 一居室 2003年 精装修,179万,29538元/平,中楼层 (共7层) 1室1厅 | 60.6平米 | 东,https://ke-image.ljcdn.com/110000-inspection/pc1_LgKW1U6Vd_1.jpg!m_fill,w_280,h_210,f_jpg?from=ke.com
20240620,昌平,东关,101120870269,2016年小区 落地窗 视野好 精装修拎包入住,339万,46054元/平,高楼层 (共16层) 2室1厅 | 73.61平米 | 南,https://ke-image.ljcdn.com/110000-inspection/1f0127de-3dc7-43fb-8f07-50278ffbd59e_1000.jpg!m_fill,w_280,h_210,f_jpg?from=ke.com
20240620,昌平,东关,101120861898,水关新村 3室1厅 东 西,265万,29856元/平,顶层 (共6层) 3室1厅 | 88.76平米 | 东 西,https://ke-image.ljcdn.com/110000-inspection/a3a33a3b-9a83-430e-9290-a16883d84983_1000.jpg!m_fill,w_280,h_210,f_jpg?from=ke.com
20240620,昌平,东关,101120826648,金隅嘉和园 2室2厅 南 北,285万,39084元/平,顶层 (共22层) 2室2厅 | 72.92平米 | 南 北,https://ke-image.ljcdn.com/110000-inspection/c0ae03b3-b08f-4190-ba6f-d45efc7b9701_1000.jpg!m_fill,w_280,h_210,f_jpg?from=ke.com
20240620,昌平,东关,101120806054,水关新村 2室1厅 南 北,270万,25213元/平,顶层 (共6层) 2室1厅 | 107.09平米 | 南 北,https://ke-image.ljcdn.com/110000-inspection/pc1_FAqUDpChs.jpg!m_fill,w_280,h_210,f_jpg?from=ke.com
20240620,昌平,东关,101120798922,金隅嘉和园 2室1厅 南 北,280万,37052元/平,低楼层 (共19层) 2室1厅 | 75.57平米 | 南 北,https://ke-image.ljcdn.com/110000-inspection/f9c6507d-e8cb-4032-b3cb-9e5d525f316a_1000.jpg!m_fill,w_280,h_210,f_jpg?from=ke.com
20240620,昌平,东关,101120790219,东环路小区 3室1厅 东 西,272万,29505元/平,顶层 (共6层) 3室1厅 | 92.19平米 | 东 西,https://ke-image.ljcdn.com/110000-inspection/c4a20f6d-dac1-4277-8472-478cbe362908_1000.jpg!m_fill,w_280,h_210,f_jpg?from=ke.com
20240620,昌平,东关,101120766141,水关新村 南北通透 满五唯一 中间楼层 视野采光好,319万,39310元/平,中楼层 (共6层) 2室2厅 | 81.15平米 | 南 北,https://ke-image.ljcdn.com/110000-inspection/c2a7e890-c245-4080-8792-e21b679a1aef_1000.jpg!m_fill,w_280,h_210,f_jpg?from=ke.com
20240620,昌平,东关,101120635380,满五年次顶层采光好车位充足,343万,32543元/平,高楼层 (共6层) 3室1厅 | 105.4平米 | 南 北,https://ke-image.ljcdn.com/110000-inspection/3a776a9a-b6cd-4e19-866a-5dbc80d91b62_1000.jpg!m_fill,w_280,h_210,f_jpg?from=ke.com
20240620,昌平,东关,101120607928,随园 2室1厅 南 北,390万,43166元/平,高楼层 (共9层) 2室1厅 | 90.35平米 | 南 北,https://ke-image.ljcdn.com/110000-inspection/3ba871d1-9700-4c96-b026-e23e283a3901_1000.jpg!m_fill,w_280,h_210,f_jpg?from=ke.com
20240620,昌平,东关,101120604999,满五唯一南北通透格局楼层好视野宽阔。装修自住,310万,40444元/平,中楼层 (共7层) 2室1厅 | 76.65平米 | 南 北,https://ke-image.ljcdn.com/110000-inspection/6d5e5a56-41c2-4ee5-9ecb-95dbe90e3e8c_1000.jpg!m_fill,w_280,h_210,f_jpg?from=ke.com
20240620,昌平,东关,101120602743,建安里小区 2室1厅 南 北,317万,38124元/平,中楼层 (共6层) 2室1厅 | 83.15平米 | 南 北,https://ke-image.ljcdn.com/110000-inspection/d22e6e97-2558-4159-9523-d184f49d147b_1000.jpg!m_fill,w_280,h_210,f_jpg?from=ke.com
20240620,昌平,东关,101120581527,社区升级改造已完成 2004年房龄 三阳户型 满五年唯一,240万,39907元/平,高楼层 (共6层) 1室1厅 | 60.14平米 | 南,https://ke-image.ljcdn.com/110000-inspection/bc4bec31-fc01-4500-85f7-3aae77f8388f_1000.jpg!m_fill,w_280,h_210,f_jpg?from=ke.com
20240620,昌平,东关,101120572008,宁馨苑中间层三居室满五唯一近地铁精装修,450万,37573元/平,中楼层 (共6层) 3室2厅 | 119.77平米 | 南 北,https://ke-image.ljcdn.com/110000-inspection/515fc786-c2b8-47b9-81a1-59bf496442a7_1000.jpg!m_fill,w_280,h_210,f_jpg?from=ke.com
20240620,昌平,东关,101120569141,交通队宿舍楼 3室2厅 南 北,450万,32431元/平,低楼层 (共6层) | 1999年 | 3室2厅 | 138.76平米 | 南 北,https://ke-image.ljcdn.com/110000-inspection/510e0b34-bbe2-4746-98c6-8d9afbb187b7_1000.jpg!m_fill,w_280,h_210,f_jpg?from=ke.com
20240620,昌平,东关,101120562899,金隅观澜时代+花园洋房+小桥流水,598万,44478元/平,低楼层 (共13层) 4室2厅 | 134.45平米 | 东 南 北,https://ke-image.ljcdn.com/110000-inspection/9423c703-a68a-46a2-97e4-28f685d0b8f4_1000.jpg!m_fill,w_280,h_210,f_jpg?from=ke.com
20240620,昌平,东关,101120559678,满五年唯一采光充足位置好停车方便,219万,33507元/平,高楼层 (共6层) 2室1厅 | 65.36平米 | 南,https://ke-image.ljcdn.com/110000-inspection/cfa6d42c-1b48-45fb-a29f-d80e11e02e49_1000.jpg!m_fill,w_280,h_210,f_jpg?from=ke.com
20240620,昌平,东关,101120556747,清秀园北区面积超大一居室电梯房,165万,27537元/平,中楼层 (共19层) 1室0厅 | 59.92平米 | 东,https://ke-image.ljcdn.com/110000-inspection/d93da0c4-df8c-4329-b2bc-80e555b5e6f0_1000.jpg!m_fill,w_280,h_210,f_jpg?from=ke.com
20240620,昌平,东关,101120543965,社区中间位置 全明格局三居 户型方正,242万,33574元/平,顶层 (共6层) 3室1厅 | 72.08平米 | 东,https://ke-image.ljcdn.com/110000-inspection/44e82734-66f3-494c-87e4-770e29ba05c4_1000.jpg!m_fill,w_280,h_210,f_jpg?from=ke.com
20240620,昌平,东关,101120527939,京科苑 2室1厅 南 北,233万,34746元/平,高楼层 (共6层) | 1993年 | 2室1厅 | 67.06平米 | 南 北,https://ke-image.ljcdn.com/110000-inspection/26397d79-6f9c-4691-8811-f9eea4f9bec8_1000.jpg!m_fill,w_280,h_210,f_jpg?from=ke.com
20240620,昌平,东关,101120500143,龙水路22号院中间楼层、南向一居室,260万,43233元/平,中楼层 (共6层) 1室1厅 | 60.14平米 | 南,https://ke-image.ljcdn.com/110000-inspection/6a2a8b07-215d-421f-9a8d-6d4ebf4a6c00_1000.jpg!m_fill,w_280,h_210,f_jpg?from=ke.com
20240620,昌平,东关,101120477475,建安里小区 1室1厅 西北,230万,42218元/平,顶层 (共10层) 1室1厅 | 54.48平米 | 西北,https://ke-image.ljcdn.com/110000-inspection/396a0ec2-b7fe-452e-8b12-b97b513ea7bb_1000.jpg!m_fill,w_280,h_210,f_jpg?from=ke.com
20240620,昌平,东关,101120462329,京科苑观景楼层两居室南北通透房主自荐,370万,34798元/平,顶层 (共6层) | 1997年 | 2室2厅 | 106.33平米 | 南 北,https://ke-image.ljcdn.com/110000-inspection/pc1_FHXPymxDw.jpg!m_fill,w_280,h_210,f_jpg?from=ke.com
20240620,昌平,东关,101120409398,京科苑 2室1厅 南 北,299万,35843元/平,顶层 (共6层) 2室1厅 | 83.42平米 | 南 北,https://ke-image.ljcdn.com/110000-inspection/ffbddea2-762f-418a-a5b0-a54f956625f9_1000.jpg!m_fill,w_280,h_210,f_jpg?from=ke.com
20240620,昌平,东关,101120387271,金隅嘉和园 2室1厅 南,275万,35516元/平,顶层 (共19层) | 2011年 | 2室1厅 | 77.43平米 | 南,https://ke-image.ljcdn.com/110000-inspection/pc1_YVsFRISG7.jpg!m_fill,w_280,h_210,f_jpg?from=ke.com
20240620,昌平,东关,101120382980,燕平家园 2室1厅 东 西,258万,30869元/平,底层 (共6层) 2室1厅 | 83.58平米 | 东 西,https://ke-image.ljcdn.com/110000-inspection/40534fa7-b4f0-41b4-b3fd-e612ee040aa1_1000.jpg!m_fill,w_280,h_210,f_jpg?from=ke.com
20240620,昌平,东关,101120356780,东关南里小区 2室1厅 东,203万,34880元/平,底层 (共5层) 2室1厅 | 58.2平米 | 东,https://ke-image.ljcdn.com/110000-inspection/0b006916-2922-464e-9d53-c4a8f3a68f02_1000.jpg!m_fill,w_280,h_210,f_jpg?from=ke.com
20240620,昌平,东关,101120340023,北京怡园 南北三居室 人车分流 2016年商品房社区,450万,46729元/平,低楼层 (共16层) 3室1厅 | 96.3平米 | 南 北,https://ke-image.ljcdn.com/110000-inspection/bb708135-c14e-4f4d-baa4-e81e659230fe_1000.jpg!m_fill,w_280,h_210,f_jpg?from=ke.com
20240620,昌平,东关,101120319098,水关新村 3室1厅 南 北,300万,25107元/平,顶层 (共6层) 3室1厅 | 119.49平米 | 南 北,https://ke-image.ljcdn.com/110000-inspection/8e87a8b7-6917-4c45-a013-06c3e99e849e_1000.jpg!m_fill,w_280,h_210,f_jpg?from=ke.com
20240620,昌平,东关,101120306836,总监力荐+世涛天朗+两卫+两居室,409万,39180元/平,底层 (共6层) | 2005年 | 2室1厅 | 104.39平米 | 南 北,https://ke-image.ljcdn.com/110000-inspection/876c4ad1-2864-452b-b2a2-e16036a7018f_1000.jpg!m_fill,w_280,h_210,f_jpg?from=ke.com
20240620,昌平,东关,101120263206,清秀园北区 2室1厅 北 南,306万,30723元/平,中楼层 (共7层) 2室1厅 | 99.6平米 | 北 南,https://ke-image.ljcdn.com/110000-inspection/73173967-afa5-4017-a124-d50ad4e56c16_1000.jpg!m_fill,w_280,h_210,f_jpg?from=ke.com
20240620,昌平,东关,101120192233,管厂宿舍满五唯一全南向低楼层停车方便,242万,40133元/平,底层 (共6层) 3室1厅 | 60.3平米 | 南,https://ke-image.ljcdn.com/110000-inspection/d53829b5-af2d-4585-9861-cbf7577c0934_1000.jpg!m_fill,w_280,h_210,f_jpg?from=ke.com
20240620,昌平,东关,101120180460,中间楼层 自住精装修 只有契税 户型通透 社区优美,221万,36165元/平,中楼层 (共5层) 2室1厅 | 61.11平米 | 南 北,https://ke-image.ljcdn.com/110000-inspection/a8455c0b-414b-4480-9159-8d8aaf3a86bc_1000.jpg!m_fill,w_280,h_210,f_jpg?from=ke.com
20240620,昌平,东关,101120168060,亢山佳园小区 2室1厅 南 北,390万,34432元/平,顶层 (共6层) | 2003年 | 2室1厅 | 113.27平米 | 南 北,https://ke-image.ljcdn.com/110000-inspection/4bbb278a-a6bf-42af-9b5c-40f428b76a4f_1000.jpg!m_fill,w_280,h_210,f_jpg?from=ke.com
20240620,昌平,东关,101120163803,店长推荐 亢山佳园 南北通透三居室全明格局随时看,416万,32037元/平,中楼层 (共6层) 3室2厅 | 129.85平米 | 南 北,https://ke-image.ljcdn.com/110000-inspection/6ea657a8-68ae-4a5d-9f55-b24d2292474d_1000.jpg!m_fill,w_280,h_210,f_jpg?from=ke.com
20240620,昌平,东关,101120146535,东关北里小区 2室1厅 南,239万,37555元/平,中楼层 (共6层) 2室1厅 | 63.64平米 | 南,https://ke-image.ljcdn.com/110000-inspection/07d969f7-4f92-4c59-9662-3730f29a5738_1000.jpg!m_fill,w_280,h_210,f_jpg?from=ke.com
20240620,昌平,东关,101120137898,京科苑正规一室一厅中间楼层满五年户型方正,210万,47913元/平,中楼层 (共6层) | 1994年 | 1室1厅 | 43.83平米 | 南,https://ke-image.ljcdn.com/110000-inspection/7b29a33f-c4ce-46d6-93f8-80b0ecc120a6_1000.jpg!m_fill,w_280,h_210,f_jpg?from=ke.com
20240620,昌平,东关,101120060560,京科苑 2室1厅 南 北,279万,36277元/平,高楼层 (共6层) 2室1厅 | 76.91平米 | 南 北,https://ke-image.ljcdn.com/110000-inspection/712d1ca0-b607-419d-a457-3dca1f3bfe37_1000.jpg!m_fill,w_280,h_210,f_jpg?from=ke.com
20240620,昌平,东关,101120060400,东关北里小区 中间层 满五唯一 户型方正,239万,38900元/平,中楼层 (共6层) 2室1厅 | 61.44平米 | 南,https://ke-image.ljcdn.com/110000-inspection/0f519d9f-5627-47a5-a9a4-176692016026_1000.jpg!m_fill,w_280,h_210,f_jpg?from=ke.com
20240620,昌平,东关,101120041504,京科苑五层小三居采光充足,355万,36122元/平,顶层 (共5层) 3室1厅 | 98.28平米 | 南 北,https://ke-image.ljcdn.com/110000-inspection/e35a9900-fb17-4c60-9689-0fbcc65bcd31_1000.jpg!m_fill,w_280,h_210,f_jpg?from=ke.com
20240620,昌平,东关,101120026995,南北通透 精装 居住安静 靠谱签约 满五唯一,409万,41557元/平,底层 (共6层) 2室2厅 | 98.42平米 | 南 北,https://ke-image.ljcdn.com/110000-inspection/cfb73111-7125-4ab8-8d1f-7b765adea74a_1000.jpg!m_fill,w_280,h_210,f_jpg?from=ke.com
20240620,昌平,东关,101119989298,清秀园北区 2室1厅 南 北,248万,35288元/平,高楼层 (共6层) 2室1厅 | 70.28平米 | 南 北,https://ke-image.ljcdn.com/110000-inspection/763ee649-e66d-490e-bf5a-9941e29a6679_1000.jpg!m_fill,w_280,h_210,f_jpg?from=ke.com
20240620,昌平,东关,101119953142,南北双通透户型满五年唯一采光好,290万,33899元/平,高楼层 (共6层) 2室1厅 | 85.55平米 | 南 北,https://ke-image.ljcdn.com/110000-inspection/2fc8ee4a-786e-4fa1-b1af-163eedae3877_1000.jpg!m_fill,w_280,h_210,f_jpg?from=ke.com
20240620,昌平,东关,101119949946,燕平家园 南北通透三居室 户型好 诚心出售,355万,37448元/平,高楼层 (共6层) | 1995年 | 3室1厅 | 94.8平米 | 南 北,https://ke-image.ljcdn.com/110000-inspection/e9c4e8b3-0a5b-4be4-b32a-3d23aa442543_1000.jpg!m_fill,w_280,h_210,f_jpg?from=ke.com
20240620,昌平,东关,101119947961,宁馨苑 南北正规两居室 近地铁 周边配套齐全房主自荐,265万,40305元/平,中楼层 (共7层) 2室2厅 | 65.75平米 | 南 北,https://ke-image.ljcdn.com/110000-inspection/d37a1e66-1359-4e16-9ab4-03c1d76a777a_1000.jpg!m_fill,w_280,h_210,f_jpg?from=ke.com
20240620,昌平,东关,101119872003,清秀园北区 2室1厅 南 北,262万,37774元/平,中楼层 (共5层) 2室1厅 | 69.36平米 | 南 北,https://ke-image.ljcdn.com/110000-inspection/6d76a95e-25e8-4072-b296-1100e095e836_1000.jpg!m_fill,w_280,h_210,f_jpg?from=ke.com
20240620,昌平,东关,101119790460,清秀园南区 2室1厅 南 北,142万,16558元/平,地下室 (共7层) 2室1厅 | 85.76平米 | 南 北,https://ke-image.ljcdn.com/110000-inspection/4d79bdab-71ea-495c-9d8c-39e5aaca715c_1000.jpg!m_fill,w_280,h_210,f_jpg?from=ke.com
20240620,昌平,东关,101119717234,南北通透格局 有电梯 业主诚心出售售看房提前联系,828万,43745元/平,顶层 (共9层) 3室2厅 | 189.28平米 | 南 北,https://ke-image.ljcdn.com/110000-inspection/29f94ad3-30e8-42f7-8274-2071715639f8_1000.jpg!m_fill,w_280,h_210,f_jpg?from=ke.com
20240620,昌平,东关,101119714856,清秀园南区 2室1厅 南,335万,40484元/平,中楼层 (共7层) 2室1厅 | 82.75平米 | 南,https://ke-image.ljcdn.com/110000-inspection/0fc98949-6428-487f-a090-c2725655871b_1000.jpg!m_fill,w_280,h_210,f_jpg?from=ke.com
20240620,昌平,东关,101119677000,北京风景满五唯一南北三居双卫设计。房主自荐,538万,41953元/平,底层 (共6层) 3室1厅 | 128.24平米 | 南 北,https://ke-image.ljcdn.com/110000-inspection/34b314ec-c070-413a-85a2-47c6127a9138_1000.jpg!m_fill,w_280,h_210,f_jpg?from=ke.com
20240620,昌平,东关,101119671155,昌盛园二区 3室2厅 南房主自荐,295万,35275元/平,高楼层 (共6层) 3室2厅 | 83.63平米 | 南,https://ke-image.ljcdn.com/110000-inspection/pc1_TIMZ6WmCu.jpg!m_fill,w_280,h_210,f_jpg?from=ke.com
20240620,昌平,东关,101119630002,建安里 全南正规一居室 交通购物方便 近地铁,180万,40423元/平,顶层 (共3层) 1室1厅 | 44.53平米 | 南 北,https://ke-image.ljcdn.com/110000-inspection/d4ed05d0-0052-4dec-b5ef-eed27fcb69e5_1000.jpg!m_fill,w_280,h_210,f_jpg?from=ke.com
20240620,昌平,东关,101119615200,南北通透  精装修三居室满五唯一房主自荐,405万,26238元/平,顶层 (共6层) | 2001年 | 3室1厅 | 154.36平米 | 南 北,https://ke-image.ljcdn.com/110000-inspection/ddd092aa-ca88-4655-80d4-8cbdc2275cd5_1000.jpg!m_fill,w_280,h_210,f_jpg?from=ke.com
20240620,昌平,东关,101119580270,水关新村 2室1厅 南 北,225万,33473元/平,中楼层 (共6层) 2室1厅 | 67.22平米 | 南 北,https://ke-image.ljcdn.com/110000-inspection/d9041050-e4c8-4ef5-b30e-0d990233fb65_1000.jpg!m_fill,w_280,h_210,f_jpg?from=ke.com
20240620,昌平,东关,101119572212,京科苑 2室1厅 南 北,238万,35715元/平,中楼层 (共6层) | 1997年 | 2室1厅 | 66.64平米 | 南 北,https://ke-image.ljcdn.com/110000-inspection/pc1_w11SJGtBc.jpg!m_fill,w_280,h_210,f_jpg?from=ke.com
20240620,昌平,东关,101119565772,清秀园南区 南向两居室 装修很好 满五唯一,220万,34478元/平,高楼层 (共6层) 2室1厅 | 63.81平米 | 南,https://ke-image.ljcdn.com/110000-inspection/6c96096c-1686-495d-aa96-1b4d10c59359_1000.jpg!m_fill,w_280,h_210,f_jpg?from=ke.com
20240620,昌平,东关,101119534936,三居双卫2004年钢混结构楼龄新带电梯,465万,38456元/平,中楼层 (共15层) | 2004年 | 3室2厅 | 120.92平米 | 南 北,https://ke-image.ljcdn.com/110000-inspection/96f3c13e-6e94-4f4b-ad50-7ca81495227e_1000.jpg!m_fill,w_280,h_210,f_jpg?from=ke.com
20240620,昌平,东关,101119507100,宁馨苑满五唯一南北通透楼层好视野开阔配套设施完善,539万,33669元/平,中楼层 (共11层) 3室2厅 | 160.09平米 | 南 北,https://ke-image.ljcdn.com/110000-inspection/aaee4f62-7024-46d9-8510-18c32835ee4b_1000.jpg!m_fill,w_280,h_210,f_jpg?from=ke.com
20240620,昌平,东关,101119474798,京科苑南向两居室带地下室中高楼层采光好,249万,38581元/平,高楼层 (共6层) 2室1厅 | 64.54平米 | 南 北,https://ke-image.ljcdn.com/110000-inspection/4fcd45cf-2b41-4808-8580-68c5e8bbf901_1000.jpg!m_fill,w_280,h_210,f_jpg?from=ke.com
20240620,昌平,东关,101119462286,总监推荐 北京怡园 自住装修 2016年商品房 人车分流房主自荐,398万,56144元/平,中楼层 (共11层) 2室2厅 | 70.89平米 | 南,https://ke-image.ljcdn.com/110000-inspection/0cf55a83-f2f4-43e7-a13e-4280b67c935b_1000.jpg!m_fill,w_280,h_210,f_jpg?from=ke.com
20240620,昌平,东关,101119419844,京科苑 2室1厅 东南,345万,40366元/平,底层 (共6层) | 1994年 | 2室1厅 | 85.47平米 | 东南,https://ke-image.ljcdn.com/110000-inspection/pc1_jIDysQqt8.jpg!m_fill,w_280,h_210,f_jpg?from=ke.com
20240620,昌平,东关,101119361140,清秀园南区 南北通透大两居 户型好  采光充足,400万,38260元/平,底层 (共7层) 2室2厅 | 104.55平米 | 南 北,https://ke-image.ljcdn.com/110000-inspection/e01f5435-e743-4a2c-9c60-c336ba6a81c4_1000.jpg!m_fill,w_280,h_210,f_jpg?from=ke.com
20240620,昌平,东关,101119359697,京科苑 3室2厅 南 北,478万,34911元/平,高楼层 (共6层) 3室2厅 | 136.92平米 | 南 北,https://ke-image.ljcdn.com/110000-inspection/c9fcfa8d-2256-40e2-a582-3e1d01fa2669_1000.jpg!m_fill,w_280,h_210,f_jpg?from=ke.com
20240620,昌平,东关,101119359710,宁馨苑 正规一居室 满五年唯一 交通方便,223万,51490元/平,顶层 (共7层) 2室1厅 | 43.31平米 | 南 北,https://ke-image.ljcdn.com/110000-inspection/4dc4fdf1-8aed-4183-8c00-055654828c05_1000.jpg!m_fill,w_280,h_210,f_jpg?from=ke.com
20240620,昌平,东关,101119355775,亢山佳园 南北通透正规两居室 交通购物方便,450万,40377元/平,中楼层 (共6层) 2室2厅 | 111.45平米 | 南 北,https://ke-image.ljcdn.com/110000-inspection/fb4d1b8b-4902-40b1-b7e8-ada5b1ce16ab_1000.jpg!m_fill,w_280,h_210,f_jpg?from=ke.com
20240620,昌平,东关,101119315627,东关南里小区  低楼层两居室   诚心出售,300万,42129元/平,中楼层 (共5层) 2室1厅 | 71.21平米 | 南 北,https://ke-image.ljcdn.com/110000-inspection/bf6e1909-6a5c-4a35-99ce-f7dcb7154265_1000.jpg!m_fill,w_280,h_210,f_jpg?from=ke.com
20240620,昌平,东关,101119315040,十三陵电厂家属院 满五年  看房方便,1200万,46199元/平,中楼层 (共10层) 5室2厅 | 259.75平米 | 东南 北,https://ke-image.ljcdn.com/110000-inspection/pc1_Df4es3Twb.jpg!m_fill,w_280,h_210,f_jpg?from=ke.com
20240620,昌平,东关,101119264478,肆维花园 满两年 南北三居室 临地铁,465万,38712元/平,高楼层 (共11层) 3室1厅 | 120.12平米 | 南 北,https://ke-image.ljcdn.com/110000-inspection/9bf6886d-5806-4e13-88fa-08580596804b_1000.jpg!m_fill,w_280,h_210,f_jpg?from=ke.com
20240620,昌平,东关,101119264126,北京怡园 正规一居室 2016年商品房社区 人车分流,288万,48922元/平,高楼层 (共16层) 1室1厅 | 58.87平米 | 南,https://ke-image.ljcdn.com/110000-inspection/d33005db-4093-4917-92d8-03f90c7e5bcf_1000.jpg!m_fill,w_280,h_210,f_jpg?from=ke.com
20240620,昌平,东关,101119253672,清秀园南区正规精装南北两居室满五年拎包入住,279万,37939元/平,高楼层 (共7层) 2室1厅 | 73.54平米 | 南 北,https://ke-image.ljcdn.com/110000-inspection/a4ae3b63-f1e6-4779-96eb-0418b848bb3a_1000.jpg!m_fill,w_280,h_210,f_jpg?from=ke.com
20240620,昌平,东关,101119243268,昌盛园一区+带电梯+南北通透两居室,345万,35968元/平,高楼层 (共16层) 2室1厅 | 95.92平米 | 南 北,https://ke-image.ljcdn.com/110000-inspection/097e7d82-492c-4fe8-b51d-e7c4258c20cd_1000.jpg!m_fill,w_280,h_210,f_jpg?from=ke.com
20240620,昌平,东关,101119213161,水关新村 2室1厅 南 北房主自荐,210万,34230元/平,顶层 (共6层) 2室1厅 | 61.35平米 | 南 北,https://ke-image.ljcdn.com/110000-inspection/301fb73f-f4e6-4662-9338-d638a17d0ef2_1000.jpg!m_fill,w_280,h_210,f_jpg?from=ke.com
20240620,昌平,东关,101119205971,京科院 中间层精装两居室  满五唯一,340万,39586元/平,中楼层 (共6层) 2室1厅 | 85.89平米 | 南 北,https://ke-image.ljcdn.com/110000-inspection/85928249-7fc5-4f69-9a89-ff9ea52efc65_1000.jpg!m_fill,w_280,h_210,f_jpg?from=ke.com
20240620,昌平,东关,101119205927,宁馨苑小区  商品房满五唯一  只有契税,450万,37573元/平,中楼层 (共6层) 3室2厅 | 119.77平米 | 南 北,https://ke-image.ljcdn.com/110000-inspection/83fb0b40-cfea-465b-95ff-993aca338a22_1000.jpg!m_fill,w_280,h_210,f_jpg?from=ke.com
20240620,昌平,东关,101119203873,京科苑 3室1厅 南 北,275万,30101元/平,顶层 (共6层) 3室1厅 | 91.36平米 | 南 北,https://ke-image.ljcdn.com/110000-inspection/bcc85ad6-33e0-474b-a132-85b5afefc0d7_1000.jpg!m_fill,w_280,h_210,f_jpg?from=ke.com
20240620,昌平,东关,101119092323,东关北里小区 3室1厅 南 北房主自荐,379万,34619元/平,高楼层 (共6层) 3室1厅 | 109.48平米 | 南 北,https://ke-image.ljcdn.com/110000-inspection/fd7e8f43-46f0-4cd1-a88c-3b97d1797623_1000.jpg!m_fill,w_280,h_210,f_jpg?from=ke.com
20240620,昌平,东关,101119089841,宁馨苑 中间楼层  近地铁 大一居房主自荐,273万,40529元/平,中楼层 (共17层) | 2004年 | 1室1厅 | 67.36平米 | 西南,https://ke-image.ljcdn.com/110000-inspection/pc1_wZUaePIpZ_1.jpg!m_fill,w_280,h_210,f_jpg?from=ke.com
20240620,昌平,东关,101119085079,清秀园北区（力天嘉苑）满五唯一业主诚心出售,170万,28372元/平,高楼层 (共19层) 1室1厅 | 59.92平米 | 西,https://ke-image.ljcdn.com/110000-inspection/4ff003aa-1511-4132-9228-c45f7f8a38ab_1000.jpg!m_fill,w_280,h_210,f_jpg?from=ke.com
20240620,昌平,东关,101119077421,宁馨苑低楼层大三居满五唯一近地铁配套齐,495万,37410元/平,底层 (共6层) 3室1厅 | 132.32平米 | 南 北,https://ke-image.ljcdn.com/110000-inspection/pc1_4J81Lauo0.jpg!m_fill,w_280,h_210,f_jpg?from=ke.com
20240620,昌平,东关,101119057163,北京风景大四居南北通透。双卫设计。,658万,38192元/平,中楼层 (共8层) 4室2厅 | 172.29平米 | 南 北,https://ke-image.ljcdn.com/110000-inspection/d8d19099-5022-4916-b573-80e7387cda39_1000.jpg!m_fill,w_280,h_210,f_jpg?from=ke.com
20240620,昌平,东关,101119047673,龙水路22号院 1室1厅 南 北,198万,41148元/平,顶层 (共6层) | 2006年 | 1室1厅 | 48.12平米 | 南 北,https://ke-image.ljcdn.com/110000-inspection/pc1_mNJv0oVTO_1.jpg!m_fill,w_280,h_210,f_jpg?from=ke.com
20240620,昌平,东关,101118957861,京科苑中间层三居室满五唯一户型方正单价低,359万,35929元/平,中楼层 (共6层) 3室2厅 | 99.92平米 | 南 北,https://ke-image.ljcdn.com/110000-inspection/d6bda50f-fb59-4413-b06d-ba395ba66d3e_1000.jpg!m_fill,w_280,h_210,f_jpg?from=ke.com
20240620,昌平,东关,101118925923,建安里小区 3室2厅 南 北,468万,34069元/平,中楼层 (共6层) 3室2厅 | 137.37平米 | 南 北,https://ke-image.ljcdn.com/110000-inspection/pc1_1V8Ebxe6F.jpg!m_fill,w_280,h_210,f_jpg?from=ke.com
20240620,昌平,东关,101118883563,北京风景68号院不临街精装南北向三室两卫,585万,47132元/平,低楼层 (共8层) 3室1厅 | 124.12平米 | 南 北,https://ke-image.ljcdn.com/110000-inspection/pc1_JO7UDF2UO.jpg!m_fill,w_280,h_210,f_jpg?from=ke.com
20240620,昌平,东关,101118847523,北京怡园 2室1厅 南 北,399万,56253元/平,底层 (共16层) 2室1厅 | 70.93平米 | 南 北,https://ke-image.ljcdn.com/110000-inspection/pc1_FCfiOQJ8j.jpg!m_fill,w_280,h_210,f_jpg?from=ke.com
20240620,昌平,东关,101118798032,北京风景66号院 3室1厅 南 北,525万,46804元/平,底层 (共8层) 3室1厅 | 112.17平米 | 南 北,https://ke-image.ljcdn.com/110000-inspection/pc1_Bc9CwP0Jt.jpg!m_fill,w_280,h_210,f_jpg?from=ke.com
20240620,昌平,东关,101118780256,东关南里 精装两居 南北通透 采光充足 诚心出售,238万,44889元/平,顶层 (共5层) 2室1厅 | 53.02平米 | 南 北,https://ke-image.ljcdn.com/110000-inspection/93419d2e-3f3c-4099-9ad0-ddaa56f9c9b2_1000.jpg!m_fill,w_280,h_210,f_jpg?from=ke.com
20240620,昌平,东关,101118711910,东关南里小区 2室1厅 南 北,236万,40164元/平,中楼层 (共6层) 2室1厅 | 58.76平米 | 南 北,https://ke-image.ljcdn.com/110000-inspection/pc1_hliistiwV.jpg!m_fill,w_280,h_210,f_jpg?from=ke.com
20240620,昌平,东关,101118709164,金隅观澜时代 不临街 两居室 中间楼层观景房,390万,46529元/平,中楼层 (共21层) 2室1厅 | 83.82平米 | 南,https://ke-image.ljcdn.com/110000-inspection/pc1_kRpUJ0FgN.jpg!m_fill,w_280,h_210,f_jpg?from=ke.com
20240620,昌平,东关,101118671364,东关北里小区 03年楼龄 次顶层 业主诚意出售,260万,34570元/平,高楼层 (共7层) 2室2厅 | 75.21平米 | 南 北,https://ke-image.ljcdn.com/110000-inspection/6afec086-f745-47de-b94e-6bc38db8a1d3_1000.jpg!m_fill,w_280,h_210,f_jpg?from=ke.com
20240620,昌平,东关,101118667302,宁馨苑 3室2厅 南 北,419万,31997元/平,顶层 (共6层) 3室2厅 | 130.95平米 | 南 北,https://ke-image.ljcdn.com/110000-inspection/pc1_NW7hG5JgR.jpg!m_fill,w_280,h_210,f_jpg?from=ke.com
20240620,昌平,东关,101118622047,东关二条 2室1厅 南 北,235万,37102元/平,高楼层 (共6层) 2室1厅 | 63.34平米 | 南 北,https://ke-image.ljcdn.com/110000-inspection/b2afe7c5-008b-4a7a-adca-a3ae36980b47_1000.jpg!m_fill,w_280,h_210,f_jpg?from=ke.com
20240620,昌平,东关,101118618781,东环路小区 满五唯一 业主自住精装修 楼层二层,229万,37659元/平,低楼层 (共6层) 2室1厅 | 60.81平米 | 西,https://ke-image.ljcdn.com/110000-inspection/pc1_bjoV9QYTM.jpg!m_fill,w_280,h_210,f_jpg?from=ke.com
20240620,昌平,东关,101118611886,京科苑 全明户型三居室 视野宽阔,440万,33568元/平,中楼层 (共7层) 3室1厅 | 131.08平米 | 南 北,https://ke-image.ljcdn.com/110000-inspection/ad91014a-85dd-4781-bcd0-bdfedfee8890_1000.jpg!m_fill,w_280,h_210,f_jpg?from=ke.com
20240620,昌平,东关,101118595555,东关北里小区南北通透视野开阔采光好配套齐全交通便利,410万,37450元/平,顶层 (共6层) 3室1厅 | 109.48平米 | 南 北,https://ke-image.ljcdn.com/110000-inspection/d956f94c-3b23-4693-9be3-ab63b1579e78_1000.jpg!m_fill,w_280,h_210,f_jpg?from=ke.com
20240620,昌平,东关,101118594901,随园小区 满五年唯一商品房 电梯房 南北通透,364万,40630元/平,中楼层 (共9层) | 2009年 | 2室1厅 | 89.59平米 | 南 北,https://ke-image.ljcdn.com/110000-inspection/a762426a-3d24-4eb6-afdc-eea10e34862c_1000.jpg!m_fill,w_280,h_210,f_jpg?from=ke.com
20240620,昌平,东关,101118594727,亢山佳园南北通透低楼层采光好无遮挡视野开阔,550万,39980元/平,中楼层 (共5层) 3室2厅 | 137.57平米 | 南 北,https://ke-image.ljcdn.com/110000-inspection/pc1_8VvpFojOZ.jpg!m_fill,w_280,h_210,f_jpg?from=ke.com
20240620,昌平,东关,101118561418,随园南北小三居满五唯一中间位置高楼层业主急售,320万,35505元/平,高楼层 (共9层) 3室1厅 | 90.13平米 | 南 北,https://ke-image.ljcdn.com/110000-inspection/c4bacb61-19f1-41cc-8442-0cf4355ae90f_1000.jpg!m_fill,w_280,h_210,f_jpg?from=ke.com
20240620,昌平,东关,101118555799,北京风景65号院自住装修双明卫。,569万,44600元/平,低楼层 (共6层) 3室2厅 | 127.58平米 | 南 北,https://ke-image.ljcdn.com/110000-inspection/pc1_UrxP2lxaG.jpg!m_fill,w_280,h_210,f_jpg?from=ke.com
20240620,昌平,东关,101118548733,加装电梯经典4居  带地下室 优质好房房主自荐,545万,34037元/平,中楼层 (共6层) 4室2厅 | 160.12平米 | 南 北,https://ke-image.ljcdn.com/110000-inspection/pc1_whApIlfBX.jpg!m_fill,w_280,h_210,f_jpg?from=ke.com
20240620,昌平,东关,101118542086,清秀园北区（力天嘉苑）西向一居室满五唯一,173万,37889元/平,高楼层 (共19层) 1室0厅 | 45.66平米 | 西,https://ke-image.ljcdn.com/110000-inspection/3e1c78aa-2d68-44fd-80fa-acc867e16775_1000.jpg!m_fill,w_280,h_210,f_jpg?from=ke.com
20240620,昌平,东关,101118501630,世涛天朗+不临街不把边+平层四居室,660万,42581元/平,中楼层 (共6层) | 2005年 | 4室2厅 | 155平米 | 南 北,https://ke-image.ljcdn.com/110000-inspection/pc1_gukoFkYc3.jpg!m_fill,w_280,h_210,f_jpg?from=ke.com
20240620,昌平,东关,101118482035,京科苑 3室1厅 南 北,310万,36093元/平,顶层 (共6层) 3室1厅 | 85.89平米 | 南 北,https://ke-image.ljcdn.com/110000-inspection/pc1_RjBF2IPkr.jpg!m_fill,w_280,h_210,f_jpg?from=ke.com
20240620,昌平,东关,101118459867,水关新村 2室1厅 南,265万,42999元/平,中楼层 (共6层) 2室1厅 | 61.63平米 | 南,https://ke-image.ljcdn.com/110000-inspection/pc1_wJnhmHOm2.jpg!m_fill,w_280,h_210,f_jpg?from=ke.com
20240620,昌平,东关,101118438304,清秀园北区南北两居中间层满五唯一有电梯,330万,36149元/平,中楼层 (共7层) | 2004年 | 2室1厅 | 91.29平米 | 南 北 东,https://ke-image.ljcdn.com/110000-inspection/pc1_oMaXhvL5p.jpg!m_fill,w_280,h_210,f_jpg?from=ke.com
20240620,昌平,东关,101118401925,京科苑 3室2厅 南 北,370万,30757元/平,顶层 (共6层) 3室2厅 | 120.3平米 | 南 北,https://ke-image.ljcdn.com/110000-inspection/81ffcaac-fdf6-455d-abd6-ed5321eb5419_1000.jpg!m_fill,w_280,h_210,f_jpg?from=ke.com
20240620,昌平,东关,101118374659,视野开阔采光充足满五年唯一加固多阳台,228万,43003元/平,顶层 (共5层) 2室1厅 | 53.02平米 | 南 北,https://ke-image.ljcdn.com/110000-inspection/pc1_YCYjc3oVl.jpg!m_fill,w_280,h_210,f_jpg?from=ke.com
20240620,昌平,东关,101118357232,总监推荐 随园 电梯正规两居两卫户型 全南向眼睛户型,365万,40837元/平,低楼层 (共9层) 2室1厅 | 89.38平米 | 南,https://ke-image.ljcdn.com/110000-inspection/d257ff55-e37e-4a65-be39-5c21b4606ddc_1000.jpg!m_fill,w_280,h_210,f_jpg?from=ke.com
20240620,昌平,东关,101118356646,东关南里小区精装修通透性好两居房主自荐,280万,35057元/平,高楼层 (共6层) 3室1厅 | 79.87平米 | 东 西,https://ke-image.ljcdn.com/110000-inspection/d03448fc-4e9a-46cb-906d-ccb5d5be8e44_1000.jpg!m_fill,w_280,h_210,f_jpg?from=ke.com
20240620,昌平,东关,101118292897,水关新村 1室1厅 南,200万,49201元/平,中楼层 (共6层) | 1994年 | 1室1厅 | 40.65平米 | 南,https://ke-image.ljcdn.com/110000-inspection/pc1_TYCP12eNn.jpg!m_fill,w_280,h_210,f_jpg?from=ke.com
20240620,昌平,东关,101118277935,京科苑小区   南北通透大两居  城售,440万,36424元/平,中楼层 (共6层) 2室2厅 | 120.8平米 | 南 北,https://ke-image.ljcdn.com/110000-inspection/7441e571-a714-4fb4-8843-29b5264ca96f_1000.jpg!m_fill,w_280,h_210,f_jpg?from=ke.com
20240620,昌平,东关,101118252866,东关南里小区 2室1厅 南 北,313万,43955元/平,中楼层 (共5层) 2室1厅 | 71.21平米 | 南 北,https://ke-image.ljcdn.com/110000-inspection/pc1_LK5DB5Ai0.jpg!m_fill,w_280,h_210,f_jpg?from=ke.com
20240620,昌平,东关,101118244341,宁馨苑 3室2厅 南 北,520万,30231元/平,高楼层 (共11层) 3室2厅 | 172.01平米 | 南 北,https://ke-image.ljcdn.com/110000-inspection/a94699b7-a2fc-495a-b540-b791bbaf7509_1000.jpg!m_fill,w_280,h_210,f_jpg?from=ke.com
20240620,昌平,东关,101118238122,清秀园北区 1室1厅 西,172万,31456元/平,中楼层 (共19层) 1室1厅 | 54.68平米 | 西,https://ke-image.ljcdn.com/110000-inspection/e19e27fe-565b-4db6-980a-c7cb8da04f3e_1000.jpg!m_fill,w_280,h_210,f_jpg?from=ke.com
20240620,昌平,东关,101118211452,力天嘉苑电梯房两居中间层近地铁配套齐全,280万,31866元/平,中楼层 (共19层) 2室1厅 | 87.87平米 | 东南 北,https://ke-image.ljcdn.com/110000-inspection/ebc53779-51dc-4e1c-9d6d-a3088af0d20b_1000.jpg!m_fill,w_280,h_210,f_jpg?from=ke.com
20240620,昌平,东关,101118188371,水关新村 2室1厅 南,240万,37239元/平,低楼层 (共6层) 2室1厅 | 64.45平米 | 南,https://ke-image.ljcdn.com/110000-inspection/pc1_wFlXypFSI.jpg!m_fill,w_280,h_210,f_jpg?from=ke.com
20240620,昌平,东关,101118181007,三阳开泰经典三居满五唯一置换好房,495万,36933元/平,高楼层 (共6层) 3室2厅 | 134.03平米 | 南 北,https://ke-image.ljcdn.com/110000-inspection/107fc2c1-6af9-4d82-bfc4-b1e7131e9eac_1000.jpg!m_fill,w_280,h_210,f_jpg?from=ke.com
20240620,昌平,东关,101118078658,果岭小镇 南北正规三居室 户型房子 满五年唯一,498万,36664元/平,顶层 (共5层) 3室2厅 | 135.83平米 | 南 北,https://ke-image.ljcdn.com/110000-inspection/pc1_Gjd6MJZMj.jpg!m_fill,w_280,h_210,f_jpg?from=ke.com
20240620,昌平,东关,101118062951,肆维花园-建安里小区3-2-1-2 125.48m²,410万,32675元/平,高楼层 (共6层) | 2001年 | 3室2厅 | 125.48平米 | 南 北,https://ke-image.ljcdn.com/110000-inspection/pc1_KmNBeqB55.jpg!m_fill,w_280,h_210,f_jpg?from=ke.com
20240620,昌平,东关,101118050047,清秀园北区两居室  满五唯一  低楼层,310万,30855元/平,底层 (共7层) | 2008年 | 2室1厅 | 100.47平米 | 南 北,https://ke-image.ljcdn.com/110000-inspection/429a8ce1-9aee-4a88-87ba-56f312d88289_1000.jpg!m_fill,w_280,h_210,f_jpg?from=ke.com
20240620,昌平,东关,101117991225,佳莲二期 南北通透 三居两卫 户型通透,353万,28739元/平,顶层 (共6层) | 2005年 | 3室1厅 | 122.83平米 | 南 北,https://ke-image.ljcdn.com/110000-inspection/bc8540d0-8365-4820-a2e1-fd831545c093_1000.jpg!m_fill,w_280,h_210,f_jpg?from=ke.com
20240620,昌平,东关,101117990078,管厂宿舍  此房满五唯一 南北通透三居 楼层三层,269万,36895元/平,中楼层 (共6层) 3室1厅 | 72.91平米 | 南 北,https://ke-image.ljcdn.com/110000-inspection/pc1_kdOGvGb0v.jpg!m_fill,w_280,h_210,f_jpg?from=ke.com
20240620,昌平,东关,101117973232,京科苑 南北通透落地窗 采光充足,300万,34507元/平,顶层 (共6层) 2室1厅 | 86.94平米 | 北 南,https://ke-image.ljcdn.com/110000-inspection/eebee356-93cc-4f59-97f5-cf4b28e37c6a_1000.jpg!m_fill,w_280,h_210,f_jpg?from=ke.com
20240620,昌平,东关,101117916127,昌盛园二区 3室2厅 南 北,415万,25646元/平,高楼层 (共22层) | 2004年 | 3室2厅 | 161.82平米 | 南 北,https://ke-image.ljcdn.com/110000-inspection/bdf6f9cb-b8b5-4f9e-92cc-8c617b5c0c79_1000.jpg!m_fill,w_280,h_210,f_jpg?from=ke.com
20240620,昌平,东关,101117911013,建安里小区 南北通透 满五年 交通方便,388万,34137元/平,中楼层 (共6层) 3室2厅 | 113.66平米 | 南 北,https://ke-image.ljcdn.com/110000-inspection/pc1_Dkw1IC5N5.jpg!m_fill,w_280,h_210,f_jpg?from=ke.com
20240620,昌平,东关,101117905528,管厂宿舍南北通透两居满五唯一明厨明卫近公园房主自荐,158万,26858元/平,顶层 (共6层) 2室1厅 | 58.83平米 | 南 西 北,https://ke-image.ljcdn.com/110000-inspection/pc1_NtoHIeQga.jpg!m_fill,w_280,h_210,f_jpg?from=ke.com
20240620,昌平,东关,101117888896,北京风景中间楼层采光好宽敞明亮南北通透三居,540万,44043元/平,高楼层 (共6层) 3室2厅 | 122.61平米 | 南 北,https://ke-image.ljcdn.com/110000-inspection/8049ef4c-6515-4542-877c-ff1ca2254314_1000.jpg!m_fill,w_280,h_210,f_jpg?from=ke.com
20240620,昌平,东关,101117866103,清秀园南区 南北通透 两居室 看房方便 靠谱出售,237万,29793元/平,顶层 (共6层) 2室1厅 | 79.55平米 | 南 北,https://ke-image.ljcdn.com/110000-inspection/e9c6aa94-2cb1-4878-b180-3a3d22bb1229_1000.jpg!m_fill,w_280,h_210,f_jpg?from=ke.com
20240620,昌平,东关,101117860384,水关新村 2室1厅 南 北,228万,34927元/平,顶层 (共6层) 2室1厅 | 65.28平米 | 南 北,https://ke-image.ljcdn.com/110000-inspection/47f8ace4-0380-4983-89b5-6c8cd73e90b9_1000.jpg!m_fill,w_280,h_210,f_jpg?from=ke.com
20240620,昌平,东关,101117857591,京科苑小区  三居室   诚心出售,579万,43274元/平,底层 (共6层) 3室2厅 | 133.8平米 | 南 北,https://ke-image.ljcdn.com/110000-inspection/pc1_eTffnCSZR.jpg!m_fill,w_280,h_210,f_jpg?from=ke.com
20240620,昌平,东关,101117831856,满五唯一东西通透精装修采光视野好房主自荐,230万,39765元/平,中楼层 (共6层) 1室1厅 | 57.84平米 | 东 西,https://ke-image.ljcdn.com/110000-inspection/3d2b65c1-8620-41f7-9ee0-2e3d7ebaac1f_1000.jpg!m_fill,w_280,h_210,f_jpg?from=ke.com
20240620,昌平,东关,101117818969,京科苑----十三陵特区大三居户型方正,459万,32134元/平,顶层 (共5层) 3室2厅 | 142.84平米 | 南 北,https://ke-image.ljcdn.com/110000-inspection/pc1_A6PxH2vXS.jpg!m_fill,w_280,h_210,f_jpg?from=ke.com
20240620,昌平,东关,101117809115,南北通透2居 电梯房 采光视野无影响,388万,38144元/平,中楼层 (共7层) 2室2厅 | 101.72平米 | 南 北,https://ke-image.ljcdn.com/110000-inspection/6c722eed-30f3-4410-bcef-8a9bec296a09_1000.jpg!m_fill,w_280,h_210,f_jpg?from=ke.com
20240620,昌平,东关,101117799519,采光充足周边配套齐全交通便利停车方便。,220万,38665元/平,顶层 (共6层) 2室1厅 | 56.9平米 | 南,https://ke-image.ljcdn.com/110000-inspection/3986c6eb-a774-42e8-a7df-8e3c5d5944b8_1000.jpg!m_fill,w_280,h_210,f_jpg?from=ke.com
20240620,昌平,东关,101117795245,清秀园北区 2室1厅 西南 北,350万,39832元/平,高楼层 (共19层) 2室1厅 | 87.87平米 | 西南 北,https://ke-image.ljcdn.com/110000-inspection/3d4fec8b-e836-43c7-9814-04ed5e46d821_1000.jpg!m_fill,w_280,h_210,f_jpg?from=ke.com
20240620,昌平,东关,101117763410,东关南里小区 南北大三居 满五唯一,440万,29227元/平,高楼层 (共6层) 3室2厅 | 150.55平米 | 南 北,https://ke-image.ljcdn.com/110000-inspection/9ac14fdf-c300-4138-9ec9-92c02a0bde02_1000.jpg!m_fill,w_280,h_210,f_jpg?from=ke.com
20240620,昌平,东关,101117757518,经典低楼层小三居 南北通透 无浪费面积,318万,36734元/平,低楼层 (共6层) 3室1厅 | 86.57平米 | 南 北,https://ke-image.ljcdn.com/110000-inspection/bbe2c4e7-5a5e-40b2-88ba-be21582e8af6_1000.jpg!m_fill,w_280,h_210,f_jpg?from=ke.com
20240620,昌平,东关,101117719089,水关新村 2室1厅 南 北,265万,35049元/平,高楼层 (共6层) 2室1厅 | 75.61平米 | 南 北,https://ke-image.ljcdn.com/110000-inspection/e517c4e5-938f-412e-82e6-cfc35fe2b92e_1000.jpg!m_fill,w_280,h_210,f_jpg?from=ke.com
20240620,昌平,东关,101117706125,清秀园南区 2室1厅 南,180万,30509元/平,高楼层 (共6层) 2室1厅 | 59平米 | 南,https://ke-image.ljcdn.com/110000-inspection/pc1_PrCPXTlhM.jpg!m_fill,w_280,h_210,f_jpg?from=ke.com
20240620,昌平,东关,101117684035,水关新村 2室1厅 南 北,256万,40405元/平,中楼层 (共6层) 2室1厅 | 63.36平米 | 南 北,https://ke-image.ljcdn.com/110000-inspection/pc1_NaOaEx4LN.jpg!m_fill,w_280,h_210,f_jpg?from=ke.com
20240620,昌平,东关,101117674301,1%服务费 满五唯一   房子南侧无遮挡视野采光很好,556万,44879元/平,底层 (共6层) | 2013年 | 3室2厅 | 123.89平米 | 南 北,https://ke-image.ljcdn.com/110000-inspection/0b55cd40-3f70-4274-af3b-f92c4915e1a1_1000.jpg!m_fill,w_280,h_210,f_jpg?from=ke.com
20240620,昌平,东关,101117577358,清秀园北区 3室1厅 南 北,245万,30576元/平,中楼层 (共5层) 3室1厅 | 80.13平米 | 南 北,https://ke-image.ljcdn.com/110000-inspection/fb74fe88-bb15-4589-b2ad-97c3eaca0c5e_1000.jpg!m_fill,w_280,h_210,f_jpg?from=ke.com
20240620,昌平,东关,101117522333,亢山佳园小区2-1-1-1 100.04m²,430万,42983元/平,底层 (共6层) 2室1厅 | 100.04平米 | 南 北,https://ke-image.ljcdn.com/110000-inspection/b8ac7834-d9ad-4927-9220-ba38a83571bd_1000.jpg!m_fill,w_280,h_210,f_jpg?from=ke.com
20240620,昌平,东关,101117439372,水关新村 2室0厅 南,225万,34911元/平,顶层 (共6层) 2室0厅 | 64.45平米 | 南,https://ke-image.ljcdn.com/110000-inspection/pc1_srDgnhUuV.jpg!m_fill,w_280,h_210,f_jpg?from=ke.com
20240620,昌平,东关,101117389236,东关南里小区   两居室  小区业主停车免费且方便,235万,36350元/平,中楼层 (共6层) | 1994年 | 2室1厅 | 64.65平米 | 南 北,https://ke-image.ljcdn.com/110000-inspection/pc1_lRlyg7NfW.jpg!m_fill,w_280,h_210,f_jpg?from=ke.com
20240620,昌平,东关,101117363514,东关北里 南北通透满五年 精装修直接入住,235万,38424元/平,顶层 (共6层) 2室1厅 | 61.16平米 | 南 北,https://ke-image.ljcdn.com/110000-inspection/0b28a567-4896-4138-baad-176bd8f5c3bd_1000.jpg!m_fill,w_280,h_210,f_jpg?from=ke.com
20240620,昌平,东关,101117321315,水关新村 2室1厅 南 北,248万,38014元/平,高楼层 (共6层) 2室1厅 | 65.24平米 | 南 北,https://ke-image.ljcdn.com/110000-inspection/376d3e60-1b18-4b6f-b8b2-a75aaa3d865a_1000.jpg!m_fill,w_280,h_210,f_jpg?from=ke.com
20240620,昌平,东关,101117297139,京科苑 2室2厅 东 西,350万,31248元/平,顶层 (共5层) 2室2厅 | 112.01平米 | 东 西,https://ke-image.ljcdn.com/110000-inspection/971ff554-1dca-459c-8969-a5418e6c5da7_1000.jpg!m_fill,w_280,h_210,f_jpg?from=ke.com
20240620,昌平,东关,101117255762,清秀园北区 2室2厅 南,250万,32443元/平,低楼层 (共6层) | 1996年 | 2室2厅 | 77.06平米 | 南,https://ke-image.ljcdn.com/110000-inspection/pc1_Xvr7fEg0I.jpg!m_fill,w_280,h_210,f_jpg?from=ke.com
20240620,昌平,东关,101117216872,水关新村 2室1厅 南,280万,32344元/平,中楼层 (共6层) 2室1厅 | 86.57平米 | 南,https://ke-image.ljcdn.com/110000-inspection/pc1_Bu5rvjK1M.jpg!m_fill,w_280,h_210,f_jpg?from=ke.com
20240620,昌平,东关,101117168491,清秀园北区（力天嘉苑）诚心出售,155万,45428元/平,顶层 (共7层) 1室0厅 | 34.12平米 | 北,https://ke-image.ljcdn.com/110000-inspection/pc1_BpCLQtTxc.jpg!m_fill,w_280,h_210,f_jpg?from=ke.com
20240620,昌平,东关,101117112936,北京风景 新房三居室 全明格局 景观北山 满五年唯一,640万,49958元/平,高楼层 (共10层) | 2015年 | 3室2厅 | 128.11平米 | 南 北,https://ke-image.ljcdn.com/110000-inspection/4461a245-aa9f-47b1-baa8-ca3aa94b868d_1000.jpg!m_fill,w_280,h_210,f_jpg?from=ke.com
20240620,昌平,东关,101117109203,昌盛园二区 2室1厅 南,308万,36829元/平,底层 (共6层) | 1998年 | 2室1厅 | 83.63平米 | 南,https://ke-image.ljcdn.com/110000-inspection/f36ce339-1e04-4e53-a238-828110ad0333_1000.jpg!m_fill,w_280,h_210,f_jpg?from=ke.com
20240620,昌平,东关,101116997509,楼梯五层非顶层满五年唯一环境优美,218万,32178元/平,高楼层 (共6层) | 1997年 | 2室1厅 | 67.75平米 | 南,https://ke-image.ljcdn.com/110000-inspection/pc1_VBZcOzUQk.jpg!m_fill,w_280,h_210,f_jpg?from=ke.com
20240620,昌平,东关,101116992694,京科苑 南北通透 视野宽阔 采光充足,430万,41086元/平,低楼层 (共6层) | 2001年 | 2室2厅 | 104.66平米 | 南 北,https://ke-image.ljcdn.com/110000-inspection/pc1_QmcYblFnu.jpg!m_fill,w_280,h_210,f_jpg?from=ke.com
20240620,昌平,东关,101116890777,宁馨苑小区正规大四居大平层户型方正有钥匙。,517万,31971元/平,高楼层 (共6层) 4室2厅 | 161.71平米 | 南 北,https://ke-image.ljcdn.com/110000-inspection/pc1_Q1zLZgtea.jpg!m_fill,w_280,h_210,f_jpg?from=ke.com
20240620,昌平,东关,101116855069,东关北里 中间楼层 南北向 满五年精装修,440万,40190元/平,中楼层 (共6层) | 1996年 | 3室1厅 | 109.48平米 | 南 北,https://ke-image.ljcdn.com/110000-inspection/3353e4ec-b250-46b2-bc25-fea6ac6235fd_1000.jpg!m_fill,w_280,h_210,f_jpg?from=ke.com
20240620,昌平,东关,101116811517,店长推荐东关南里小区   两居室诚心出售,380万,33130元/平,顶层 (共6层) 2室2厅 | 114.7平米 | 南 北,https://ke-image.ljcdn.com/110000-inspection/7fe98f29-23d9-4f5b-afb7-81a4148db513_1000.jpg!m_fill,w_280,h_210,f_jpg?from=ke.com
20240620,昌平,东关,101116798194,清秀园南区全新装修拎包入住全明格局满五年唯一,268万,41687元/平,中楼层 (共6层) 2室1厅 | 64.29平米 | 南 北,https://ke-image.ljcdn.com/110000-inspection/pc1_uu2oqdrEY.jpg!m_fill,w_280,h_210,f_jpg?from=ke.com
20240620,昌平,东关,101116767734,建安里小区2-2-1-2 125.48m²,425万,33870元/平,高楼层 (共6层) | 2001年 | 2室2厅 | 125.48平米 | 南 北,https://ke-image.ljcdn.com/110000-inspection/5fed8996-5ee5-4116-bb1d-5abd05642f6f_1000.jpg!m_fill,w_280,h_210,f_jpg?from=ke.com
20240620,昌平,东关,101116728436,果岭小镇  南北两居   户型方正,405万,40598元/平,中楼层 (共5层) 2室2厅 | 99.76平米 | 南 北,https://ke-image.ljcdn.com/110000-inspection/pc1_FMqcXnYp2.jpg!m_fill,w_280,h_210,f_jpg?from=ke.com
20240620,昌平,东关,101116672682,水关新村环境优美生活舒适 。,342万,37451元/平,中楼层 (共6层) 2室1厅 | 91.32平米 | 南 西 北,https://ke-image.ljcdn.com/110000-inspection/0137adef-07b9-4edf-a94c-780fb74ea8c1_1000.jpg!m_fill,w_280,h_210,f_jpg?from=ke.com
20240620,昌平,东关,101116589886,世涛天朗电梯三居室精装安静做了隔热装修用心视野好,520万,35972元/平,顶层 (共10层) | 2007年 | 3室1厅 | 144.56平米 | 南 北,https://ke-image.ljcdn.com/110000-inspection/c86dd726-4c2e-41a8-93f9-630a1bc74bd2_1000.jpg!m_fill,w_280,h_210,f_jpg?from=ke.com
20240620,昌平,东关,101116485217,昌盛园一区 3室2厅 南 北,420万,39921元/平,高楼层 (共6层) | 1996年 | 3室2厅 | 105.21平米 | 南 北,https://ke-image.ljcdn.com/110000-inspection/pc1_fInDUBesV.jpg!m_fill,w_280,h_210,f_jpg?from=ke.com
20240620,昌平,东关,101116454887,北京风景68号院 面积大 居住舒适 带电梯洋房,599万,40871元/平,高楼层 (共9层) 3室2厅 | 146.56平米 | 南 北,https://ke-image.ljcdn.com/110000-inspection/pc1_86S2E1uyk.jpg!m_fill,w_280,h_210,f_jpg?from=ke.com
20240620,昌平,东关,101116439220,水关新村  中间楼层  南北通透大两居房主自荐,310万,33947元/平,中楼层 (共6层) | 1995年 | 2室2厅 | 91.32平米 | 南 西 北,https://ke-image.ljcdn.com/110000-inspection/0340a90a-cc8a-4abe-9b21-e60d13d8b3d7_1000.jpg!m_fill,w_280,h_210,f_jpg?from=ke.com
20240620,昌平,东关,101116384267,京科苑小区 南北三居室 满五唯一 采光好,380万,38666元/平,顶层 (共5层) 3室1厅 | 98.28平米 | 南 北,https://ke-image.ljcdn.com/110000-inspection/3afec9f7-988a-4ec6-b21f-44e0484a3140_1000.jpg!m_fill,w_280,h_210,f_jpg?from=ke.com
20240620,昌平,东关,101116365347,京科苑两居室次顶层满五唯一,288万,42947元/平,高楼层 (共6层) | 1997年 | 2室1厅 | 67.06平米 | 南 北,https://ke-image.ljcdn.com/110000-inspection/41dfdb98-91ad-4015-aac9-2858e01c56c6_1000.jpg!m_fill,w_280,h_210,f_jpg?from=ke.com
20240620,昌平,东关,101116305703,世涛天朗 3室1厅 南 北房主自荐,550万,39572元/平,中楼层 (共6层) | 2005年 | 3室1厅 | 138.99平米 | 南 北,https://ke-image.ljcdn.com/110000-inspection/pc1_wcQtyCWFg.jpg!m_fill,w_280,h_210,f_jpg?from=ke.com
20240620,昌平,东关,101116260698,金地家园 3室2厅 南 北,560万,39222元/平,中楼层 (共7层) 3室2厅 | 142.78平米 | 南 北,https://ke-image.ljcdn.com/110000-inspection/pc1_mhubUefPW.jpg!m_fill,w_280,h_210,f_jpg?from=ke.com
20240620,昌平,东关,101116148850,清朗园三居室+2002年建成+次顶层,408万,33672元/平,高楼层 (共6层) | 2002年 | 3室2厅 | 121.17平米 | 南 北,https://ke-image.ljcdn.com/110000-inspection/8efb9b3e-7efe-40b3-8d0d-14886cc35a3f_1000.jpg!m_fill,w_280,h_210,f_jpg?from=ke.com
20240620,昌平,东关,101116007425,满五年唯一精装修有产权车位,550万,43759元/平,低楼层 (共21层) | 2013年 | 4室1厅 | 125.69平米 | 南 北,https://ke-image.ljcdn.com/110000-inspection/pc1_Vf4zi4GNt_1.jpg!m_fill,w_280,h_210,f_jpg?from=ke.com
20240620,昌平,东关,101115960362,清秀园南区 南向两居室 精装修 视野开阔 采光充足,225万,32586元/平,顶层 (共6层) 2室1厅 | 69.05平米 | 南,https://ke-image.ljcdn.com/110000-inspection/568abfd2-aec7-40ed-8b13-ff4cebb823a2_1000.jpg!m_fill,w_280,h_210,f_jpg?from=ke.com
20240620,昌平,东关,101115904033,北京示范小区 采光充足 舒适静谧,240万,33154元/平,顶层 (共6层) | 1999年 | 2室1厅 | 72.39平米 | 南,https://ke-image.ljcdn.com/110000-inspection/pc1_pWYKJA4Pv.jpg!m_fill,w_280,h_210,f_jpg?from=ke.com
20240620,昌平,东关,101115860010,满五唯一落地窗视野宽阔2003年建成非顶层,286万,30727元/平,高楼层 (共7层) | 2003年 | 2室1厅 | 93.08平米 | 东 西,https://ke-image.ljcdn.com/110000-inspection/5156bfef-e6c2-428b-8ab2-9f729f913378_1000.jpg!m_fill,w_280,h_210,f_jpg?from=ke.com
20240620,昌平,东关,101115810910,清秀园南区 三居室 南北通透 中间楼层,408万,33789元/平,中楼层 (共7层) | 2001年 | 3室1厅 | 120.75平米 | 南 西 北,https://ke-image.ljcdn.com/110000-inspection/8aef3c93-b537-4a03-8e5a-46f4925ad1f2_1000.jpg!m_fill,w_280,h_210,f_jpg?from=ke.com
20240620,昌平,东关,101115791035,自住精装修 南北通透 商品房 电梯房,390万,39744元/平,高楼层 (共17层) | 2009年 | 2室1厅 | 98.13平米 | 南 北,https://ke-image.ljcdn.com/110000-inspection/cd7ce593-0b5f-49fd-8339-1d60a2e6a7e4_1000.jpg!m_fill,w_280,h_210,f_jpg?from=ke.com
20240620,昌平,东关,101115681540,随园小区大三居户型  南北通透  前后没有遮挡,440万,30446元/平,顶层 (共7层) | 2009年 | 3室2厅 | 144.52平米 | 南 北,https://ke-image.ljcdn.com/110000-inspection/2baf34e6-5e6f-49c0-ba05-97336acf3012_1000.jpg!m_fill,w_280,h_210,f_jpg?from=ke.com
20240620,昌平,东关,101115530758,随园*幸福错落”户型高挑空别墅感南北通透房主自荐,526万,39053元/平,中楼层 (共8层) 3室2厅 | 134.69平米 | 南 北,https://ke-image.ljcdn.com/110000-inspection/9fa98757-2755-4655-b81a-c10c273b551a_1000.jpg!m_fill,w_280,h_210,f_jpg?from=ke.com
20240620,昌平,东关,101115191803,东关南里 复式结构  南北通透 停车方便北京市示范小区,560万,30613元/平,高楼层 (共6层) 3室2厅 | 182.93平米 | 南 北,https://ke-image.ljcdn.com/110000-inspection/b67df4c5-d458-4a12-a019-3fcf5736e968_1000.jpg!m_fill,w_280,h_210,f_jpg?from=ke.com
20240620,昌平,东关,101115119449,昌盛园一区 3室1厅 南 北,403万,39627元/平,中楼层 (共16层) 3室1厅 | 101.7平米 | 南 北,https://ke-image.ljcdn.com/110000-inspection/dfd02849-938a-4d63-b0c4-6ba71bb37dd3_1000.jpg!m_fill,w_280,h_210,f_jpg?from=ke.com
20240620,昌平,东关,101115089981,昌盛园三区满五年唯一不临街不把边。,325万,40030元/平,顶层 (共6层) | 2004年 | 2室1厅 | 81.19平米 | 南 北,https://ke-image.ljcdn.com/110000-inspection/pc1_u5SkBkoTG.jpg!m_fill,w_280,h_210,f_jpg?from=ke.com
20240620,昌平,东关,101114756380,肆维花园电梯大2居2卫满五唯一,400万,31576元/平,低楼层 (共11层) | 2001年 | 2室2厅 | 126.68平米 | 西南,https://ke-image.ljcdn.com/110000-inspection/9c76ac23-7528-45a5-9804-ec37ada80ae7_1000.jpg!m_fill,w_280,h_210,f_jpg?from=ke.com
20240620,昌平,东关,101114738190,果岭小镇南北通透两居室中间位置,378万,36455元/平,顶层 (共5层) 2室1厅 | 103.69平米 | 南 北,https://ke-image.ljcdn.com/110000-inspection/11a81bd5-050d-40d7-b757-7913ece8df37_1000.jpg!m_fill,w_280,h_210,f_jpg?from=ke.com
20240620,昌平,东关,101114735383,本房西向底商、临街热闹、周边小区业主流大。,750万,41596元/平,底层 (共6层) | 2002年 | 2室1厅 | 180.31平米 | 西,https://ke-image.ljcdn.com/110000-inspection/pc1_0AU2eOPN4.jpg!m_fill,w_280,h_210,f_jpg?from=ke.com
20240620,昌平,东关,101114734832,清秀园南区 3室1厅 南 北 西房主自荐,436万,37779元/平,底层 (共7层) 3室1厅 | 115.41平米 | 南 北 西,https://ke-image.ljcdn.com/110000-inspection/pc1_p6ZY3QF4N_1.jpg!m_fill,w_280,h_210,f_jpg?from=ke.com
20240620,昌平,东关,101114690703,水关新村  南向两居室  满五年唯一  中间楼层,260万,40342元/平,高楼层 (共6层) 2室1厅 | 64.45平米 | 南,https://ke-image.ljcdn.com/110000-inspection/68003cdc-0565-4a5b-90a5-030371fa8f7a_1000.jpg!m_fill,w_280,h_210,f_jpg?from=ke.com
20240620,昌平,东关,101114576797,宁馨苑小区 满五唯一 南北通透 视野开阔 交通方便,480万,36142元/平,高楼层 (共6层) 3室2厅 | 132.81平米 | 南 北,https://ke-image.ljcdn.com/110000-inspection/2567ec60-8923-44ef-9b75-fc0f2223ba37_1000.jpg!m_fill,w_280,h_210,f_jpg?from=ke.com
20240620,昌平,东关,101114568818,社区中间位置安静 三阳3居室 自住装修 只有契税,349万,34043元/平,高楼层 (共6层) | 1994年 | 3室1厅 | 102.52平米 | 南 北,https://ke-image.ljcdn.com/110000-inspection/f249a806-efe9-4c3a-a7e9-628921f49a02_1000.jpg!m_fill,w_280,h_210,f_jpg?from=ke.com
20240620,昌平,东关,101114545989,京科苑 三阳开泰 精装修 看房随时约,445万,32026元/平,顶层 (共6层) 3室2厅 | 138.95平米 | 南 北,https://ke-image.ljcdn.com/110000-inspection/pc1_LYxuf6qty.jpg!m_fill,w_280,h_210,f_jpg?from=ke.com
20240620,昌平,东关,101114441143,店长推荐：水关新村低楼层南北通透三居室,360万,37260元/平,低楼层 (共6层) | 1996年 | 3室1厅 | 96.62平米 | 南 北,https://ke-image.ljcdn.com/110000-inspection/91c2b444-9d07-46ad-9001-80871fcb9db9_1000.jpg!m_fill,w_280,h_210,f_jpg?from=ke.com
20240620,昌平,东关,101114418408,东关二条 南北通透 满五年业主诚心出售 看房提前联系,350万,41294元/平,高楼层 (共6层) | 1996年 | 3室1厅 | 84.76平米 | 北 南,https://ke-image.ljcdn.com/110000-inspection/6c8d0d0f-501a-4b56-9eed-b1b32a017d2e_1000.jpg!m_fill,w_280,h_210,f_jpg?from=ke.com
20240620,昌平,东关,101114360820,燕平家园 居住舒适 南北通透 采光好,262万,39281元/平,中楼层 (共6层) 2室1厅 | 66.7平米 | 南 北,https://ke-image.ljcdn.com/110000-inspection/df99382f-b305-4e58-abea-6e7345912c50_1000.jpg!m_fill,w_280,h_210,f_jpg?from=ke.com
20240620,昌平,东关,101114353998,畅椿阁 2室1厅 东 西,462万,33416元/平,高楼层 (共18层) | 2009年 | 2室1厅 | 138.26平米 | 东 西,https://ke-image.ljcdn.com/110000-inspection/pc1_EucpjdmRh_1.jpg!m_fill,w_280,h_210,f_jpg?from=ke.com
20240620,昌平,东关,101114275413,建安里小区3-1-1-2 116.25m²,490万,42151元/平,高楼层 (共11层) | 2008年 | 3室1厅 | 116.25平米 | 西 南,https://ke-image.ljcdn.com/110000-inspection/66861a4e-e188-4e32-8816-83aa5eb1f207_1000.jpg!m_fill,w_280,h_210,f_jpg?from=ke.com
20240620,昌平,东关,101114161892,东关南里小区    两居室    诚心出售,300万,50252元/平,低楼层 (共6层) 2室1厅 | 59.7平米 | 南 北,https://ke-image.ljcdn.com/110000-inspection/bac6dc64-ce7a-4eab-aab5-8c4e6216f768_1000.jpg!m_fill,w_280,h_210,f_jpg?from=ke.com
20240620,昌平,东关,101114153143,水关新村正规两居室视野开阔无遮挡房主自荐,210万,27358元/平,顶层 (共6层) | 1995年 | 2室1厅 | 76.76平米 | 东 西,https://ke-image.ljcdn.com/110000-inspection/c5358b48-602f-4dec-9584-f7c7e7544066_1000.jpg!m_fill,w_280,h_210,f_jpg?from=ke.com
20240620,昌平,东关,101114096871,清秀园北区1号楼2003年电梯房,199万,29158元/平,高楼层 (共7层) | 2004年 | 1室1厅 | 68.25平米 | 南,https://ke-image.ljcdn.com/110000-inspection/9aabe2f9-f67f-4a4b-857e-f41bf57167f1_1000.jpg!m_fill,w_280,h_210,f_jpg?from=ke.com
20240620,昌平,东关,101114012246,京科苑小区 中间楼层三居室 满五唯一,375万,41268元/平,中楼层 (共6层) 3室1厅 | 90.87平米 | 南 北,https://ke-image.ljcdn.com/110000-inspection/pc1_cL2VudSuQ_1.jpg!m_fill,w_280,h_210,f_jpg?from=ke.com
20240620,昌平,东关,101113948925,昌盛园二区高楼层电梯房视野无遮挡。,460万,28427元/平,中楼层 (共22层) 3室2厅 | 161.82平米 | 南 北,https://ke-image.ljcdn.com/110000-inspection/47e042f1-aa90-4fd8-a1b9-c1a965f6767c_1000.jpg!m_fill,w_280,h_210,f_jpg?from=ke.com
20240620,昌平,东关,101113933034,东关南里中层南北两居大客厅2000年楼龄新！,312万,40935元/平,中楼层 (共6层) 2室1厅 | 76.22平米 | 南 北,https://ke-image.ljcdn.com/110000-inspection/3b33363d-293b-4562-ae22-6dd96797ac4e_1000.jpg!m_fill,w_280,h_210,f_jpg?from=ke.com
20240620,昌平,东关,101113922127,京科苑 满五年两居 看房随时约 业主诚心出售,288万,33697元/平,高楼层 (共6层) 2室1厅 | 85.47平米 | 东 南,https://ke-image.ljcdn.com/110000-inspection/pc1_JIDnHVLYb_1.jpg!m_fill,w_280,h_210,f_jpg?from=ke.com
20240620,昌平,东关,101113780358,水关新村南北通透  满五年商品房 无抵押  无户口,280万,27532元/平,顶层 (共6层) | 2000年 | 2室2厅 | 101.7平米 | 南 北,https://ke-image.ljcdn.com/110000-inspection/d9f1d023-ea52-473b-b3e2-41e77664d87f_1000.jpg!m_fill,w_280,h_210,f_jpg?from=ke.com
20240620,昌平,东关,101113718214,东环路小区采光充足视野开阔,235万,39503元/平,顶层 (共6层) 2室1厅 | 59.49平米 | 东 西,https://ke-image.ljcdn.com/110000-inspection/48efdc86-3360-4157-862e-de53b830e3ac_1000.jpg!m_fill,w_280,h_210,f_jpg?from=ke.com
20240620,昌平,东关,101113376599,京科苑两居 看房有钥匙 诚心出售,259万,30304元/平,高楼层 (共6层) | 1994年 | 2室1厅 | 85.47平米 | 南 西,https://ke-image.ljcdn.com/110000-inspection/b559e86e-d0f1-4aac-8f11-4b1b44d4f08b_1000.jpg!m_fill,w_280,h_210,f_jpg?from=ke.com
20240620,昌平,东关,101113221425,清秀园南区2003年低楼层户型好南北通透,349万,39104元/平,低楼层 (共7层) | 2001年 | 2室1厅 | 89.25平米 | 南 北,https://ke-image.ljcdn.com/110000-inspection/pc1_9MI7y8VTX_1.jpg!m_fill,w_280,h_210,f_jpg?from=ke.com
20240620,昌平,东关,101113215775,金隅观澜时代 南北通透 正规四居室 看房方便,598万,44687元/平,底层 (共21层) | 2013年 | 4室2厅 | 133.82平米 | 南 北,https://ke-image.ljcdn.com/110000-inspection/94dfa060-8c15-46ec-a973-73aafb6165a7_1000.jpg!m_fill,w_280,h_210,f_jpg?from=ke.com
20240620,昌平,东关,101113066930,水关新村 南北通透、 视野宽阔 、带客厅 、精装二居室房主自荐,300万,33671元/平,顶层 (共6层) 2室2厅 | 89.1平米 | 南 北,https://ke-image.ljcdn.com/110000-inspection/pc1_nSdkh9zE9_1.jpg!m_fill,w_280,h_210,f_jpg?from=ke.com
20240620,昌平,东关,101112092466,建安里少有的两居室带3个阳台户型方正中间楼层,353万,37856元/平,中楼层 (共6层) | 1996年 | 2室2厅 | 93.25平米 | 南 北,https://ke-image.ljcdn.com/110000-inspection/05dfe935-ddc4-409a-a15b-e21b40eb3551_1000.jpg!m_fill,w_280,h_210,f_jpg?from=ke.com
20240620,昌平,东关,101111362849,福地家园福地家园小区 采光充足 精装修 配套齐全,405万,31895元/平,高楼层 (共6层) 3室2厅 | 126.98平米 | 东 西,https://ke-image.ljcdn.com/110000-inspection/pc1_XSAJvsJ8b_1.jpg!m_fill,w_280,h_210,f_jpg?from=ke.com
20240620,昌平,东关,101111266432,电梯房两居南北通透带客厅落地窗诚心出售,299万,32753元/平,顶层 (共7层) 2室1厅 | 91.29平米 | 东 南 北,https://ke-image.ljcdn.com/110000-inspection/pc1_8LgmibfB3_1.jpg!m_fill,w_280,h_210,f_jpg?from=ke.com
20240620,昌平,东关,101110410256,宁馨苑复式采光视野俱佳安静舒适,420万,33525元/平,顶层 (共6层) | 2004年 | 3室2厅 | 125.28平米 | 南 北,https://ke-image.ljcdn.com/110000-inspection/pc1_ct2QtXnQQ_1.jpg!m_fill,w_280,h_210,f_jpg?from=ke.com
20240620,昌平,东关,101124938233,东关南里小区 3室2厅 南 北新上,500万,33594元/平,高楼层 (共6层) 3室2厅 | 148.84平米 | 南 北,https://ke-image.ljcdn.com/110000-inspection/pc1_60US29n2A.jpg!m_fill,w_280,h_210,f_jpg?from=ke.com
20240620,昌平,东关,101124845582,随园小区 天伦随园三居 三空间户型新上,499万,37692元/平,低楼层 (共8层) 3室2厅 | 132.39平米 | 南 北,https://ke-image.ljcdn.com/110000-inspection/pc1_0G8v8T8uG.jpg!m_fill,w_280,h_210,f_jpg?from=ke.com
20240620,昌平,东关,101124796645,金隅嘉和园 3室1厅 东 南 北,345万,38436元/平,底层 (共19层) | 2011年 | 3室1厅 | 89.76平米 | 东 南 北,https://ke-image.ljcdn.com/110000-inspection/pc1_X2BgFjnmK_1.jpg!m_fill,w_280,h_210,f_jpg?from=ke.com
20240620,昌平,东关,101124790423,富泉花园 5室2厅 南 北,1299万,43088元/平,底层 (共4层) 5室2厅 | 301.48平米 | 南 北,https://ke-image.ljcdn.com/110000-inspection/93c7887c-8b79-40a8-9912-4dca658d5b1e_1000.jpg!m_fill,w_280,h_210,f_jpg?from=ke.com
20240620,昌平,东关,101124788025,精装修两居室 采光好 无遮挡 看房方便,309万,43663元/平,低楼层 (共16层) 2室1厅 | 70.77平米 | 南,https://ke-image.ljcdn.com/110000-inspection/pc1_wusjmaKvx.jpg!m_fill,w_280,h_210,f_jpg?from=ke.com
20240620,昌平,东关,101124744767,商品房 满五唯一看房方便南向正规一居,243万,41278元/平,中楼层 (共16层) 1室1厅 | 58.87平米 | 南,https://ke-image.ljcdn.com/110000-inspection/pc1_lJwZ3P6YK.jpg!m_fill,w_280,h_210,f_jpg?from=ke.com
20240620,昌平,东关,101124709464,清秀园北区 一层 满五唯一 随时看房,249万,29353元/平,底层 (共6层) | 1996年 | 2室1厅 | 84.83平米 | 南 北,https://ke-image.ljcdn.com/110000-inspection/dae4b48d-09f4-459d-9146-07040150d337_1000.jpg!m_fill,w_280,h_210,f_jpg?from=ke.com
20240620,昌平,东关,101124688490,大四居 顶层复式实用面积大,561万,25324元/平,顶层 (共6层) 4室3厅 | 221.53平米 | 南 北,https://ke-image.ljcdn.com/110000-inspection/pc1_QggsEADCd.jpg!m_fill,w_280,h_210,f_jpg?from=ke.com
20240620,昌平,东关,101124636519,佳莲二期 2室2厅 南 北,365万,36222元/平,底层 (共6层) 2室2厅 | 100.77平米 | 南 北,https://ke-image.ljcdn.com/110000-inspection/cde38b3d-e9d8-4b9c-8f73-f67212be8c2d_1000.jpg!m_fill,w_280,h_210,f_jpg?from=ke.com
20240620,昌平,东关,101124623738,东关南里小区 2室1厅 东 西,258万,42936元/平,中楼层 (共5层) 2室1厅 | 60.09平米 | 东 西,https://ke-image.ljcdn.com/110000-inspection/fd376cc5-ef2a-4d8c-b404-506fb48b976d_1000.jpg!m_fill,w_280,h_210,f_jpg?from=ke.com
20240620,昌平,东关,101124597903,清秀园南区 3室2厅 南 北,320万,32640元/平,高楼层 (共7层) | 2001年 | 3室2厅 | 98.04平米 | 南 北,https://ke-image.ljcdn.com/110000-inspection/5dc239a2-eadc-4bc4-85c9-c818318b0ff0_1000.jpg!m_fill,w_280,h_210,f_jpg?from=ke.com
20240620,昌平,东关,101124589175,怡园 舒适大三居 *桃花屋”中间位置 19年精装修房主自荐,425万,43434元/平,低楼层 (共12层) | 2016年 | 3室2厅 | 97.85平米 | 南 北,https://ke-image.ljcdn.com/110000-inspection/3dd4251f-279e-4c37-8847-6b9b8478db1a_1000.jpg!m_fill,w_280,h_210,f_jpg?from=ke.com
20240620,昌平,东关,101124551723,建安里小区 3室2厅 南 西南,389万,37059元/平,底层 (共6层) 3室2厅 | 104.97平米 | 南 西南,https://ke-image.ljcdn.com/110000-inspection/pc1_1lVBMBVfB.jpg!m_fill,w_280,h_210,f_jpg?from=ke.com
20240620,昌平,东关,101124532337,昌盛园一区 2室1厅 南 北,235万,26479元/平,顶层 (共6层) 2室1厅 | 88.75平米 | 南 北,https://ke-image.ljcdn.com/110000-inspection/pc1_N1hwbd7yy.jpg!m_fill,w_280,h_210,f_jpg?from=ke.com
20240620,昌平,东关,101124516193,世涛天朗 5室2厅 南 北,1050万,37121元/平,底层 (共6层) 5室2厅 | 282.86平米 | 南 北,https://ke-image.ljcdn.com/110000-inspection/pc1_YdyemjkgM.jpg!m_fill,w_280,h_210,f_jpg?from=ke.com
20240620,昌平,东关,101124441399,建安里南向一居室近地铁户型方正满五唯一,160万,31810元/平,顶层 (共6层) | 1997年 | 1室1厅 | 50.3平米 | 南,https://ke-image.ljcdn.com/110000-inspection/633919c0-430e-4042-a0d5-b0a4040972d1_1000.jpg!m_fill,w_280,h_210,f_jpg?from=ke.com
20240620,昌平,东关,101124433235,总监推荐 正规南向一居室 看房方便 价格客厅,248万,44461元/平,高楼层 (共16层) 1室1厅 | 55.78平米 | 南,https://ke-image.ljcdn.com/110000-inspection/c3aee14e-048b-48eb-baf2-2da5843be749_1000.jpg!m_fill,w_280,h_210,f_jpg?from=ke.com
20240620,昌平,东关,101124271115,采光好标准三居满五唯一总监推荐,335万,32610元/平,顶层 (共6层) 3室1厅 | 102.73平米 | 东 南 北,https://ke-image.ljcdn.com/110000-inspection/66bfff90-ca11-44e6-95ed-c4d53d8d1500_1000.jpg!m_fill,w_280,h_210,f_jpg?from=ke.com
20240620,昌平,东关,101124172266,宁馨苑 2室1厅 南 北,420万,33558元/平,顶层 (共6层) | 2001年 | 2室1厅 | 125.16平米 | 南 北,https://ke-image.ljcdn.com/110000-inspection/b470c7ed-bfa4-4d17-9feb-b87d685360fc_1000.jpg!m_fill,w_280,h_210,f_jpg?from=ke.com
20240620,昌平,东关,101124147272,果岭小镇 3室2厅 南 北,740万,50248元/平,底层 (共4层) 3室2厅 | 147.27平米 | 南 北,https://ke-image.ljcdn.com/110000-inspection/pc1_nL1Iu9gNQ.jpg!m_fill,w_280,h_210,f_jpg?from=ke.com
20240620,昌平,东关,101124142395,富泉花园 5室2厅 南 北,1100万,52594元/平,底层 (共5层) 5室2厅 | 209.15平米 | 南 北,https://ke-image.ljcdn.com/110000-inspection/pc1_mc7xiAfUB.jpg!m_fill,w_280,h_210,f_jpg?from=ke.com
20240620,昌平,东关,101124058523,金地家园在售总价较低两居室满五唯一商品房,283万,34007元/平,顶层 (共7层) 2室1厅 | 83.22平米 | 南,https://ke-image.ljcdn.com/110000-inspection/pc1_l8lUyHqYA.jpg!m_fill,w_280,h_210,f_jpg?from=ke.com
20240620,昌平,东关,101124041685,世涛天朗三居+尖顶+双卧客厅朝南,560万,39691元/平,顶层 (共6层) 3室2厅 | 141.09平米 | 南 北,https://ke-image.ljcdn.com/110000-inspection/pc1_tOFFvMQfJ.jpg!m_fill,w_280,h_210,f_jpg?from=ke.com
20240620,昌平,东关,101124010390,水关新村南区正规一居室面积大总价合适房主自荐,155万,33320元/平,中楼层 (共6层) 1室1厅 | 46.52平米 | 东,https://ke-image.ljcdn.com/110000-inspection/pc1_F2C8DaKST.jpg!m_fill,w_280,h_210,f_jpg?from=ke.com
20240620,昌平,东关,101123973387,福地家园 3室1厅 南 北,580万,39586元/平,低楼层 (共6层) 3室1厅 | 146.52平米 | 南 北,https://ke-image.ljcdn.com/110000-inspection/pc1_dP4GdvygZ.jpg!m_fill,w_280,h_210,f_jpg?from=ke.com
20240620,昌平,东关,101123973178,世涛天朗 3室2厅 南 北,465万,31975元/平,顶层 (共6层) | 2005年 | 3室2厅 | 145.43平米 | 南 北,https://ke-image.ljcdn.com/110000-inspection/e707c660-1379-4b1f-b6c5-d2579d62385c_1000.jpg!m_fill,w_280,h_210,f_jpg?from=ke.com
20240620,昌平,东关,101123855780,2004年钢混结构带电梯面积大,390万,24101元/平,中楼层 (共22层) | 2004年 | 3室2厅 | 161.82平米 | 南 北,https://ke-image.ljcdn.com/110000-inspection/f6b0a783-4b5a-470b-978e-790ed73c49c7_1000.jpg!m_fill,w_280,h_210,f_jpg?from=ke.com
20240620,昌平,东关,101123802092,建安里小区 3室1厅 南 北,400万,35193元/平,低楼层 (共6层) 3室1厅 | 113.66平米 | 南 北,https://ke-image.ljcdn.com/110000-inspection/pc1_ebXnSlWep.jpg!m_fill,w_280,h_210,f_jpg?from=ke.com
20240620,昌平,东关,101123778472,福地家园 4室2厅 南 北,800万,34497元/平,顶层 (共9层) 4室2厅 | 231.91平米 | 南 北,https://ke-image.ljcdn.com/110000-inspection/ed85416d-4740-4a62-9caf-532f38c23817_1000.jpg!m_fill,w_280,h_210,f_jpg?from=ke.com
20240620,昌平,东关,101123774338,世涛天朗 3室2厅 南 北,580万,41730元/平,顶层 (共6层) 3室2厅 | 138.99平米 | 南 北,https://ke-image.ljcdn.com/110000-inspection/pc1_XLtZkUuxd.jpg!m_fill,w_280,h_210,f_jpg?from=ke.com
20240620,昌平,东关,101123770968,清秀园北区 3室1厅 南 北,300万,35516元/平,底层 (共6层) | 1994年 | 3室1厅 | 84.47平米 | 南 北,https://ke-image.ljcdn.com/110000-inspection/281aedb1-75da-441a-9e33-48b666677c95_1000.jpg!m_fill,w_280,h_210,f_jpg?from=ke.com
20240620,昌平,东关,101123765060,亢山佳园小区   满五唯一  精装修,340万,33724元/平,顶层 (共6层) | 2003年 | 2室2厅 | 100.82平米 | 南 北 东,https://ke-image.ljcdn.com/110000-inspection/6735b34b-4674-4c17-92a0-080ae756ef9c_1000.jpg!m_fill,w_280,h_210,f_jpg?from=ke.com
20240620,昌平,东关,101123744832,果岭小镇 3室2厅 南 北,465万,35543元/平,顶层 (共5层) 3室2厅 | 130.83平米 | 南 北,https://ke-image.ljcdn.com/110000-inspection/pc1_xRjq0NVH6.jpg!m_fill,w_280,h_210,f_jpg?from=ke.com
20240620,昌平,东关,101123717956,世涛天朗 3室2厅 南 北,550万,39572元/平,中楼层 (共6层) | 2005年 | 3室2厅 | 138.99平米 | 南 北,https://ke-image.ljcdn.com/110000-inspection/pc1_6zMwMkbql.jpg!m_fill,w_280,h_210,f_jpg?from=ke.com
20240620,昌平,东关,101123714194,昌盛园二区满五年唯一商品房两卧室朝南采光好,285万,34079元/平,顶层 (共6层) | 1998年 | 2室1厅 | 83.63平米 | 南,https://ke-image.ljcdn.com/110000-inspection/081d33bb-cae2-462c-aa05-2d7f488a10fd_1000.jpg!m_fill,w_280,h_210,f_jpg?from=ke.com
20240620,昌平,东关,101123713892,昌盛园一区 3室2厅 南 北,490万,40063元/平,中楼层 (共7层) | 2001年 | 3室2厅 | 122.31平米 | 南 北,https://ke-image.ljcdn.com/110000-inspection/pc1_95jk9liIP_1.jpg!m_fill,w_280,h_210,f_jpg?from=ke.com
20240620,昌平,东关,101123710437,富泉花园 2室2厅 南 北,508万,37886元/平,中楼层 (共5层) 2室2厅 | 134.09平米 | 南 北,https://ke-image.ljcdn.com/110000-inspection/cc0560df-06be-4268-9799-60c490b5cbb2_1000.jpg!m_fill,w_280,h_210,f_jpg?from=ke.com
20240620,昌平,东关,101123698847,东关南里小区 4室2厅 南 北,536万,33457元/平,高楼层 (共6层) 4室2厅 | 160.21平米 | 南 北,https://ke-image.ljcdn.com/110000-inspection/pc1_s5M9DmLPr.jpg!m_fill,w_280,h_210,f_jpg?from=ke.com
20240620,昌平,东关,101123654534,东关北里小区 2003年 满五唯一 有地下室,258万,34304元/平,中楼层 (共7层) 2室1厅 | 75.21平米 | 南 北,https://ke-image.ljcdn.com/110000-inspection/pc1_0wXiVbHhF.jpg!m_fill,w_280,h_210,f_jpg?from=ke.com
20240620,昌平,东关,101123646786,建安里小区 满五唯一   精装修,420万,33155元/平,中楼层 (共11层) | 2001年 | 2室2厅 | 126.68平米 | 西南,https://ke-image.ljcdn.com/110000-inspection/pc1_uY5U3TxUx.jpg!m_fill,w_280,h_210,f_jpg?from=ke.com
20240620,昌平,东关,101123646645,昌盛园三区 2室1厅 南 北,298万,36705元/平,高楼层 (共6层) 2室1厅 | 81.19平米 | 南 北,https://ke-image.ljcdn.com/110000-inspection/7e925b77-e4c7-4627-8519-0b5d6e074353_1000.jpg!m_fill,w_280,h_210,f_jpg?from=ke.com
20240620,昌平,东关,101123597807,东关南里中间位置中间楼层格局方正房主自荐,190万,31179元/平,中楼层 (共6层) 2室1厅 | 60.94平米 | 东,https://ke-image.ljcdn.com/110000-inspection/2776b1be-700b-4f52-85f7-d758dab71855_1000.jpg!m_fill,w_280,h_210,f_jpg?from=ke.com
20240620,昌平,东关,101123550152,昌盛园一区 3室2厅 南,360万,40882元/平,中楼层 (共16层) 3室2厅 | 88.06平米 | 南,https://ke-image.ljcdn.com/110000-inspection/665eb3a7-6ba9-4f92-9eaa-d30560c17bad_1000.jpg!m_fill,w_280,h_210,f_jpg?from=ke.com
20240620,昌平,东关,101123542918,果岭小镇 3室2厅 南 北,750万,50927元/平,底层 (共4层) 3室2厅 | 147.27平米 | 南 北,https://ke-image.ljcdn.com/110000-inspection/4b2d98b9-d6a7-4830-95e7-d736d23024a5_1000.jpg!m_fill,w_280,h_210,f_jpg?from=ke.com
20240620,昌平,东关,101123533554,北京怡园  满五唯一商品房  下跃户型,610万,64340元/平,底层 (共12层) 3室2厅 | 94.81平米 | 南 北,https://ke-image.ljcdn.com/110000-inspection/pc1_IkzrVgJce.jpg!m_fill,w_280,h_210,f_jpg?from=ke.com
20240620,昌平,东关,101123532139,福地家园 3室2厅 南 北,530万,36173元/平,低楼层 (共6层) 3室2厅 | 146.52平米 | 南 北,https://ke-image.ljcdn.com/110000-inspection/pc1_jvW0DoIgf.jpg!m_fill,w_280,h_210,f_jpg?from=ke.com
20240620,昌平,东关,101123526909,宁馨苑 正规三居室 南北通透 满五年唯一,435万,25918元/平,顶层 (共6层) 3室2厅 | 167.84平米 | 南 北,https://ke-image.ljcdn.com/110000-inspection/pc1_CwTlxSFEw.jpg!m_fill,w_280,h_210,f_jpg?from=ke.com
20240620,昌平,东关,101123470098,世涛天朗、南北向三居室看房方便,410万,33202元/平,顶层 (共6层) 3室1厅 | 123.49平米 | 南 北,https://ke-image.ljcdn.com/110000-inspection/cbf061b8-c3b6-4ebb-8adc-801741084e81_1000.jpg!m_fill,w_280,h_210,f_jpg?from=ke.com
20240620,昌平,东关,101123434693,随园 3室1厅 南 北,498万,37181元/平,高楼层 (共8层) 3室1厅 | 133.94平米 | 南 北,https://ke-image.ljcdn.com/110000-inspection/21b1cf3a-882c-4294-be25-673f1f4c8355_1000.jpg!m_fill,w_280,h_210,f_jpg?from=ke.com
20240620,昌平,东关,101123409948,清秀园北区 1室0厅 西,169万,38149元/平,高楼层 (共19层) 1室0厅 | 44.3平米 | 西,https://ke-image.ljcdn.com/110000-inspection/f8101fd1-06d2-4b0e-a076-b4f759ed2b8f_1000.jpg!m_fill,w_280,h_210,f_jpg?from=ke.com
20240620,昌平,东关,101123406848,宁馨苑 2室1厅 南 北,320万,33543元/平,高楼层 (共17层) | 2003年 | 2室1厅 | 95.4平米 | 南 北,https://ke-image.ljcdn.com/110000-inspection/pc1_QOf1u9g0r.jpg!m_fill,w_280,h_210,f_jpg?from=ke.com
20240620,昌平,东关,101123398564,北京怡园 3室2厅 南 北,710万,67600元/平,底层 (共16层) 3室2厅 | 105.03平米 | 南 北,https://ke-image.ljcdn.com/110000-inspection/pc1_YqRp8odJL.jpg!m_fill,w_280,h_210,f_jpg?from=ke.com
20240620,昌平,东关,101123334651,水关新村 2室1厅 南 北,252万,36155元/平,高楼层 (共6层) | 1994年 | 2室1厅 | 69.7平米 | 南 北,https://ke-image.ljcdn.com/110000-inspection/07fde611-2388-4737-a730-bac79ede0e74_1000.jpg!m_fill,w_280,h_210,f_jpg?from=ke.com
20240620,昌平,东关,101123330269,随园 2室1厅 南,380万,42520元/平,顶层 (共9层) 2室1厅 | 89.37平米 | 南,https://ke-image.ljcdn.com/110000-inspection/8e2a4a2a-0b89-4801-9bc5-11633ecffeb6_1000.jpg!m_fill,w_280,h_210,f_jpg?from=ke.com
20240620,昌平,东关,101123213808,北京怡园 2室1厅 南,436万,58634元/平,底层 (共16层) 2室1厅 | 74.36平米 | 南,https://ke-image.ljcdn.com/110000-inspection/3054bf6d-bbc8-4786-ac5a-6b419152f390_1000.jpg!m_fill,w_280,h_210,f_jpg?from=ke.com
20240620,昌平,东关,101123207826,清秀园北区 1室1厅 北,149万,36262元/平,中楼层 (共19层) 1室1厅 | 41.09平米 | 北,https://ke-image.ljcdn.com/110000-inspection/f4484f98-a01b-4a4c-8cbd-4f77b73c4d28_1000.jpg!m_fill,w_280,h_210,f_jpg?from=ke.com
20240620,昌平,东关,101123189911,昌盛园四区、低楼层、南向两居室,229万,33727元/平,低楼层 (共6层) 2室1厅 | 67.9平米 | 南,https://ke-image.ljcdn.com/110000-inspection/38561363-f28c-4b10-b252-a4dcf595b28f_1000.jpg!m_fill,w_280,h_210,f_jpg?from=ke.com
20240620,昌平,东关,101123186234,京科苑 3室1厅 南 北,290万,31743元/平,高楼层 (共6层) | 1994年 | 3室1厅 | 91.36平米 | 南 北,https://ke-image.ljcdn.com/110000-inspection/pc1_N0vZStzcD_1.jpg!m_fill,w_280,h_210,f_jpg?from=ke.com
20240620,昌平,东关,101123143697,京科苑 2室1厅 南 北,298万,38732元/平,高楼层 (共6层) 2室1厅 | 76.94平米 | 南 北,https://ke-image.ljcdn.com/110000-inspection/pc1_Fs0Jfi7s8.jpg!m_fill,w_280,h_210,f_jpg?from=ke.com
20240620,昌平,东关,101123102171,清秀园南区 满五唯一 中间楼层 采光好 随时可看房主自荐,203万,29399元/平,中楼层 (共6层) 2室1厅 | 69.05平米 | 南,https://ke-image.ljcdn.com/110000-inspection/test-d07fea58-8f0d-4854-8f9d-422671d80285.png!m_fill,w_280,h_210,f_jpg?from=ke.com
20240620,昌平,东关,101123020729,果岭小镇 3室2厅 南 北,505万,42021元/平,中楼层 (共5层) 3室2厅 | 120.18平米 | 南 北,https://ke-image.ljcdn.com/110000-inspection/402b3ae1-abf6-43a3-b0f5-4a5d8ee3ec73_1000.jpg!m_fill,w_280,h_210,f_jpg?from=ke.com
20240620,昌平,东关,101122825851,东关南里小区三居室装修好随时可看,518万,37380元/平,高楼层 (共6层) 3室2厅 | 138.58平米 | 南 北,https://ke-image.ljcdn.com/110000-inspection/pc1_wmz1SylDG.jpg!m_fill,w_280,h_210,f_jpg?from=ke.com
20240620,昌平,东关,101122807463,北京怡园 2室1厅 南房主自荐,360万,50755元/平,中楼层 (共11层) 2室1厅 | 70.93平米 | 南,https://ke-image.ljcdn.com/110000-inspection/d5dfb133-d252-4fe9-b2a1-d0c0b4506316_1000.jpg!m_fill,w_280,h_210,f_jpg?from=ke.com
20240620,昌平,东关,101122702126,东关北里小区 03年楼龄 二层 三居两卫,338万,33673元/平,低楼层 (共7层) | 2003年 | 3室1厅 | 100.38平米 | 东 西,https://ke-image.ljcdn.com/110000-inspection/3ffc1f00-e126-4f2a-a7b4-8bc11f3fcf1d_1000.jpg!m_fill,w_280,h_210,f_jpg?from=ke.com
20240620,昌平,东关,101122658303,总监推荐 ：京科苑 次顶层 采光充足房主自荐,230万,30606元/平,高楼层 (共6层) 2室1厅 | 75.15平米 | 南 北,https://ke-image.ljcdn.com/110000-inspection/pc1_MVgIKKZAW.jpg!m_fill,w_280,h_210,f_jpg?from=ke.com
20240620,昌平,东关,101122644446,金地家园 电梯房两居室 10年社区 南北通透,428万,32807元/平,底层 (共7层) 2室2厅 | 130.46平米 | 南 北,https://ke-image.ljcdn.com/110000-inspection/pc1_vGxmMsiNd.jpg!m_fill,w_280,h_210,f_jpg?from=ke.com
20240620,昌平,东关,101122566026,东关二条 2室1厅 南 北,258万,40733元/平,中楼层 (共6层) 2室1厅 | 63.34平米 | 南 北,https://ke-image.ljcdn.com/110000-inspection/pc1_xQrKDpmWN.jpg!m_fill,w_280,h_210,f_jpg?from=ke.com
20240620,昌平,东关,101122506770,富泉花园 4室2厅 南 北,1200万,38575元/平,底层 (共4层) 4室2厅 | 311.09平米 | 南 北,https://ke-image.ljcdn.com/110000-inspection/pc1_ykZuxLx4l.jpg!m_fill,w_280,h_210,f_jpg?from=ke.com
20240620,昌平,东关,101122428186,果岭小镇  低楼层 洋房社区 满五唯一,600万,40437元/平,中楼层 (共4层) 3室2厅 | 148.38平米 | 南 北,https://ke-image.ljcdn.com/110000-inspection/b26272eb-a97c-4665-934e-356f35358da5_1000.jpg!m_fill,w_280,h_210,f_jpg?from=ke.com
20240620,昌平,东关,101122412577,北京风景67号院 2室2厅 南 北,258万,18949元/平,地下室 (共6层) 2室2厅 | 136.16平米 | 南 北,https://ke-image.ljcdn.com/110000-inspection/f6ca52c5-63c9-43c6-ba29-375dd2eca624_1000.jpg!m_fill,w_280,h_210,f_jpg?from=ke.com
20240620,昌平,东关,101122348586,随园 3室2厅 南 北,560万,41642元/平,底层 (共8层) 3室2厅 | 134.48平米 | 南 北,https://ke-image.ljcdn.com/110000-inspection/d1c39097-4abb-4c8b-81f1-9f03e702c51a_1000.jpg!m_fill,w_280,h_210,f_jpg?from=ke.com
20240620,昌平,东关,101122337866,水关新村 2室2厅 南 北房主自荐,300万,32602元/平,高楼层 (共6层) 2室2厅 | 92.02平米 | 南 北,https://ke-image.ljcdn.com/110000-inspection/16d0390e-9d39-4712-9824-e735b5387c77_1000.jpg!m_fill,w_280,h_210,f_jpg?from=ke.com
20240620,昌平,东关,101122254913,水关新村大面积精装修中间楼层两居室,340万,31110元/平,中楼层 (共6层) | 2001年 | 2室2厅 | 109.29平米 | 东 北,https://ke-image.ljcdn.com/110000-inspection/pc1_pjoLklIh4.jpg!m_fill,w_280,h_210,f_jpg?from=ke.com
20240620,昌平,东关,101122236614,果岭小镇 3室1厅 南 北,500万,37679元/平,中楼层 (共5层) 3室1厅 | 132.7平米 | 南 北,https://ke-image.ljcdn.com/110000-inspection/b8f0ce7f-c4fc-4d51-921d-d5a50fbacefa_1000.jpg!m_fill,w_280,h_210,f_jpg?from=ke.com
20240620,昌平,东关,101122205523,北京怡园 满两年 16年商品房社区 人车分流房主自荐,366万,52063元/平,顶层 (共12层) 3室1厅 | 70.3平米 | 南,https://ke-image.ljcdn.com/110000-inspection/394a9ecb-7ad4-4763-af85-76e40ec64c15_1000.jpg!m_fill,w_280,h_210,f_jpg?from=ke.com
20240620,昌平,东关,101122203653,北京风景65号院南北通透三居室精装修可以拎包入住,390万,37479元/平,顶层 (共6层) 3室1厅 | 104.06平米 | 南 北,https://ke-image.ljcdn.com/110000-inspection/pc1_PiHUrhaxO.jpg!m_fill,w_280,h_210,f_jpg?from=ke.com
20240620,昌平,东关,101122198378,亢山佳园小区 3室2厅 南 北,630万,37768元/平,底层 (共6层) 3室2厅 | 166.81平米 | 南 北,https://ke-image.ljcdn.com/110000-inspection/533dd4f8-626f-45b8-84f4-26578959a005_1000.jpg!m_fill,w_280,h_210,f_jpg?from=ke.com
20240620,昌平,东关,101122162470,满五年唯一润JIE花园！总监推荐三阳开泰中间层！,570万,37691元/平,中楼层 (共6层) 3室2厅 | 151.23平米 | 南 北,https://ke-image.ljcdn.com/110000-inspection/6e325d6f-b073-401b-8872-5533d2c4692a_1000.jpg!m_fill,w_280,h_210,f_jpg?from=ke.com
20240620,昌平,东关,101122143204,北京风景 边户 好楼层 视野开阔,570万,45809元/平,高楼层 (共8层) 3室2厅 | 124.43平米 | 南 北,https://ke-image.ljcdn.com/110000-inspection/9c664c43-6e00-4335-8a8f-5ac0989e34f2_1000.jpg!m_fill,w_280,h_210,f_jpg?from=ke.com
20240620,昌平,东关,101122133745,水关新村 2室1厅 南 北,209万,32987元/平,高楼层 (共6层) | 1993年 | 2室1厅 | 63.36平米 | 南 北,https://ke-image.ljcdn.com/110000-inspection/84015247-ec08-4bf4-a2ad-7dc350cc150b_1000.jpg!m_fill,w_280,h_210,f_jpg?from=ke.com
20240620,昌平,东关,101122111658,世涛天朗南北向、精装修两居室小区中间位置,439万,42192元/平,高楼层 (共6层) 2室1厅 | 104.05平米 | 南 北,https://ke-image.ljcdn.com/110000-inspection/fc264785-e859-4edf-a388-730059f28395_1000.jpg!m_fill,w_280,h_210,f_jpg?from=ke.com
20240620,昌平,东关,101122082792,水关新村 3室1厅 南 北房主自荐,320万,36635元/平,顶层 (共6层) 3室1厅 | 87.35平米 | 南 北,https://ke-image.ljcdn.com/110000-inspection/851df838-c941-4a68-a3d9-7849247e9c3a_1000.jpg!m_fill,w_280,h_210,f_jpg?from=ke.com
20240620,昌平,东关,101122071918,金隅澜湾 临近滨河森林公园的别墅社区,1150万,53434元/平,底层 (共4层) 4室2厅 | 215.22平米 | 南 北,https://ke-image.ljcdn.com/110000-inspection/b8fce194-7035-41b8-863c-a03b201de4fb_1000.jpg!m_fill,w_280,h_210,f_jpg?from=ke.com
20240620,昌平,东关,101122069642,宁馨苑 1室1厅 南 西,239万,35481元/平,顶层 (共17层) | 2004年 | 1室1厅 | 67.36平米 | 南 西,https://ke-image.ljcdn.com/110000-inspection/d08b4f3e-b059-4302-81df-f5f575cb2544_1000.jpg!m_fill,w_280,h_210,f_jpg?from=ke.com
20240620,昌平,东关,101122028392,房子满五年唯一业主自住整洁干净,230万,33949元/平,顶层 (共6层) 2室1厅 | 67.75平米 | 南,https://ke-image.ljcdn.com/110000-inspection/pc1_jrO16MViP.jpg!m_fill,w_280,h_210,f_jpg?from=ke.com
20240620,昌平,东关,101121928557,龙水路22号院、南向一居室2004年的楼,172万,34532元/平,顶层 (共6层) | 2006年 | 1室1厅 | 49.81平米 | 南,https://ke-image.ljcdn.com/110000-inspection/a63acada-78bb-436b-86a5-d2252de38666_1000.jpg!m_fill,w_280,h_210,f_jpg?from=ke.com
20240620,昌平,东关,101121892493,果岭小镇 3室2厅 南 北,465万,35543元/平,顶层 (共5层) 3室2厅 | 130.83平米 | 南 北,https://ke-image.ljcdn.com/110000-inspection/8c9904c7-c60b-441d-9f17-8b31261310e4_1000.jpg!m_fill,w_280,h_210,f_jpg?from=ke.com
20240620,昌平,东关,101121889369,世涛天朗+不临街不把边三居室+电梯房,550万,37979元/平,顶层 (共10层) 3室2厅 | 144.82平米 | 南 北,https://ke-image.ljcdn.com/110000-inspection/964389e5-fd20-4237-b72a-59362cc39335_1000.jpg!m_fill,w_280,h_210,f_jpg?from=ke.com
20240620,昌平,东关,101121816002,世涛天朗两居室+一层+南北通透+视野开阔,550万,52207元/平,底层 (共6层) 2室2厅 | 105.35平米 | 南 北,https://ke-image.ljcdn.com/110000-inspection/pc1_tWmXuozxk.jpg!m_fill,w_280,h_210,f_jpg?from=ke.com
20240620,昌平,东关,101121780723,北京怡园 3室2厅 南 北,419万,44785元/平,高楼层 (共10层) | 2016年 | 3室2厅 | 93.56平米 | 南 北,https://ke-image.ljcdn.com/110000-inspection/6e7904bb-c3a3-4b73-80ff-03ba9c9355f6_1000.jpg!m_fill,w_280,h_210,f_jpg?from=ke.com
20240620,昌平,东关,101121743915,京科苑房龄新次顶层业主急售,239万,33053元/平,高楼层 (共6层) 2室1厅 | 72.31平米 | 南 北,https://ke-image.ljcdn.com/110000-inspection/1540b89f-9cf0-459e-8808-dd1adc176889_1000.jpg!m_fill,w_280,h_210,f_jpg?from=ke.com
20240620,昌平,东关,101121642929,世涛天朗 2室1厅 南 北,330万,42119元/平,顶层 (共6层) | 2005年 | 2室1厅 | 78.35平米 | 南 北,https://ke-image.ljcdn.com/110000-inspection/pc1_Vmj29cFrc.jpg!m_fill,w_280,h_210,f_jpg?from=ke.com
20240620,昌平,东关,101121593613,金隅澜湾、叠拼别墅私家电梯入户精装修,1750万,64270元/平,高楼层 (共6层) 4室4厅 | 272.29平米 | 南 北,https://ke-image.ljcdn.com/110000-inspection/fbb7999a-0ed4-4a25-84db-0b21dfc94cf3_1000.jpg!m_fill,w_280,h_210,f_jpg?from=ke.com
20240620,昌平,东关,101121500250,建安里小区 2室1厅 南 北,248万,27888元/平,顶层 (共6层) 2室1厅 | 88.93平米 | 南 北,https://ke-image.ljcdn.com/110000-inspection/pc1_HIVuM0nyi.jpg!m_fill,w_280,h_210,f_jpg?from=ke.com
20240620,昌平,东关,101121496556,水关新村 2室1厅 南 北,280万,34671元/平,底层 (共6层) 2室1厅 | 80.76平米 | 南 北,https://ke-image.ljcdn.com/110000-inspection/91de7da8-4834-4aab-83aa-c495415b7dee_1000.jpg!m_fill,w_280,h_210,f_jpg?from=ke.com
20240620,昌平,东关,101121496516,水关新村 2室1厅 南 北房主自荐,185万,28357元/平,顶层 (共6层) 2室1厅 | 65.24平米 | 南 北,https://ke-image.ljcdn.com/110000-inspection/pc1_g9bRhlC0P_1.jpg!m_fill,w_280,h_210,f_jpg?from=ke.com
20240620,昌平,东关,101121459866,果岭小镇 4室2厅 南 北,780万,41979元/平,中楼层 (共4层) 4室2厅 | 185.81平米 | 南 北,https://ke-image.ljcdn.com/110000-inspection/pc1_RhFBzqmdL.jpg!m_fill,w_280,h_210,f_jpg?from=ke.com
20240620,昌平,东关,101121454539,水关新村 3室1厅 南 北,298万,31339元/平,顶层 (共6层) | 1996年 | 3室1厅 | 95.09平米 | 南 北,https://ke-image.ljcdn.com/110000-inspection/90f723e3-7e7c-4d32-a58d-dfffe3ea60ea_1000.jpg!m_fill,w_280,h_210,f_jpg?from=ke.com
20240620,昌平,东关,101121404151,水关新村 2室1厅 南 北,215万,33636元/平,顶层 (共6层) | 1988年 | 2室1厅 | 63.92平米 | 南 北,https://ke-image.ljcdn.com/110000-inspection/pc1_BPkxVRuX3.jpg!m_fill,w_280,h_210,f_jpg?from=ke.com
20240620,昌平,东关,101121345713,清秀园北区（力天嘉苑）16层 有钥匙 随时可看房主自荐,145万,29234元/平,高楼层 (共19层) 1室1厅 | 49.6平米 | 西,https://ke-image.ljcdn.com/110000-inspection/3c6a7e6f-1dd7-47d1-ba0f-5b4f59b0bd16_1000.jpg!m_fill,w_280,h_210,f_jpg?from=ke.com
20240620,昌平,东关,101121330301,宁馨苑小区  满五唯一  自住装修,439万,31193元/平,顶层 (共6层) 3室2厅 | 140.74平米 | 南 北,https://ke-image.ljcdn.com/110000-inspection/4d449642-af9f-4d66-95c1-ce4e2f23eeb0_1000.jpg!m_fill,w_280,h_210,f_jpg?from=ke.com
20240620,昌平,东关,101121312637,别墅感高挑空幸福错落三居室满五唯一业主急售,509万,35372元/平,顶层 (共5层) 3室2厅 | 143.9平米 | 南 北,https://ke-image.ljcdn.com/110000-inspection/0df2e883-c7db-447b-bb27-5c15fbd1af9a_1000.jpg!m_fill,w_280,h_210,f_jpg?from=ke.com
20240620,昌平,东关,101121244314,昌盛园二区 满五唯一 设施齐全,321万,37522元/平,顶层 (共6层) | 1995年 | 2室1厅 | 85.55平米 | 南 北,https://ke-image.ljcdn.com/110000-inspection/pc1_QsGWbMqDG_1.jpg!m_fill,w_280,h_210,f_jpg?from=ke.com
20240620,昌平,东关,101121160509,满五年唯一板楼中楼层南北通透,349万,35257元/平,中楼层 (共6层) 2室1厅 | 98.99平米 | 南 北,https://ke-image.ljcdn.com/110000-inspection/pc1_9QJBcb7sy.jpg!m_fill,w_280,h_210,f_jpg?from=ke.com
20240620,昌平,东关,101121147377,总价推荐 满两年 中高层 自住装修 看房方便,369万,52490元/平,高楼层 (共12层) 2室1厅 | 70.3平米 | 南,https://ke-image.ljcdn.com/110000-inspection/e6202567-2f9a-453d-8dc8-2c4fd5e4c97f_1000.jpg!m_fill,w_280,h_210,f_jpg?from=ke.com
20240620,昌平,东关,101121122781,京科苑 南北三居室 采光好 诚心出售,325万,36962元/平,高楼层 (共6层) | 1994年 | 3室1厅 | 87.93平米 | 南 北,https://ke-image.ljcdn.com/110000-inspection/0386dbe9-1d9b-42ce-94e5-c348c074efcf_1000.jpg!m_fill,w_280,h_210,f_jpg?from=ke.com
20240620,昌平,东关,101121098269,总监推荐 北京怡园 满五唯一 高楼层 业主诚售房主自荐,348万,48767元/平,高楼层 (共16层) 2室1厅 | 71.36平米 | 南,https://ke-image.ljcdn.com/110000-inspection/869fe808-5f6e-4b32-8c15-f5d4324502e8_1000.jpg!m_fill,w_280,h_210,f_jpg?from=ke.com
20240620,昌平,东关,101121086527,宁馨苑  商品房  满五唯一  近地铁 有电梯,720万,32897元/平,高楼层 (共7层) 4室2厅 | 218.87平米 | 南 北,https://ke-image.ljcdn.com/110000-inspection/c11b3943-cb6a-4b4f-97e1-0a670a6e76fa_1000.jpg!m_fill,w_280,h_210,f_jpg?from=ke.com
20240620,昌平,东关,101121054985,北京风景68号院 3室1厅 南 北,660万,43787元/平,中楼层 (共9层) | 2013年 | 3室1厅 | 150.73平米 | 南 北,https://ke-image.ljcdn.com/110000-inspection/pc1_KvEznF1J0.jpg!m_fill,w_280,h_210,f_jpg?from=ke.com
20240620,昌平,东关,101120991557,北京怡园 2室2厅 南,350万,49429元/平,顶层 (共16层) 2室2厅 | 70.81平米 | 南,https://ke-image.ljcdn.com/110000-inspection/pc1_gQ7h74gCD.jpg!m_fill,w_280,h_210,f_jpg?from=ke.com
20240620,昌平,东关,101120948432,清秀园北区 2室1厅 南 北,217万,26897元/平,顶层 (共7层) 2室1厅 | 80.68平米 | 南 北,https://ke-image.ljcdn.com/110000-inspection/0d4d5152-45e4-4e19-ace9-b5197c962a0d_1000.jpg!m_fill,w_280,h_210,f_jpg?from=ke.com
20240620,昌平,东关,101120911209,京科苑 2室1厅 东 西,228万,35229元/平,顶层 (共7层) | 2007年 | 2室1厅 | 64.72平米 | 东 西,https://ke-image.ljcdn.com/110000-inspection/pc1_zRQQ3Yyh0_1.jpg!m_fill,w_280,h_210,f_jpg?from=ke.com
20240620,昌平,东关,101120874589,亢山佳园小区 3室1厅 南 北,360万,32665元/平,顶层 (共6层) 3室1厅 | 110.21平米 | 南 北,https://ke-image.ljcdn.com/110000-inspection/pc1_wVGZDhfI4.jpg!m_fill,w_280,h_210,f_jpg?from=ke.com
20240620,昌平,东关,101120825975,北京怡园 3室2厅 南 北,650万,52645元/平,底层 (共16层) 3室2厅 | 123.47平米 | 南 北,https://ke-image.ljcdn.com/110000-inspection/pc1_dATJGzhJR.jpg!m_fill,w_280,h_210,f_jpg?from=ke.com
20240620,昌平,东关,101120777098,世涛天朗 3室2厅 南 北房主自荐,532万,40398元/平,高楼层 (共6层) | 2005年 | 3室2厅 | 131.69平米 | 南 北,https://ke-image.ljcdn.com/110000-inspection/06972fdf-c505-48e7-b2fc-8444411a356f_1000.jpg!m_fill,w_280,h_210,f_jpg?from=ke.com
20240620,昌平,东关,101120750110,富泉花园南北通透楼层好精品大三居,650万,33931元/平,顶层 (共5层) 3室2厅 | 191.57平米 | 南 北,https://ke-image.ljcdn.com/110000-inspection/55a76c7c-c36a-46ef-8b30-a0d1f77df25c_1000.jpg!m_fill,w_280,h_210,f_jpg?from=ke.com
20240620,昌平,东关,101120735120,随园 3室2厅 南 北,665万,49505元/平,底层 (共8层) 3室2厅 | 134.33平米 | 南 北,https://ke-image.ljcdn.com/110000-inspection/5b5eccda-a33c-4745-b9d5-7b3829f12aa8_1000.jpg!m_fill,w_280,h_210,f_jpg?from=ke.com
20240620,昌平,东关,101120713237,商品房 中间楼层 三阳户型 车位充足 有14平地下储物间,470万,32281元/平,中楼层 (共6层) 3室2厅 | 145.6平米 | 南 北,https://ke-image.ljcdn.com/110000-inspection/5c2c32d3-497a-41fd-a9bf-7de3a451b750_1000.jpg!m_fill,w_280,h_210,f_jpg?from=ke.com
20240620,昌平,东关,101120628411,随园南北向两居满五唯一楼层高视野好环境好,368万,40569元/平,顶层 (共11层) | 2009年 | 2室1厅 | 90.71平米 | 南 北,https://ke-image.ljcdn.com/110000-inspection/bc95290c-edce-4947-970e-195f3eba0abb_1000.jpg!m_fill,w_280,h_210,f_jpg?from=ke.com
20240620,昌平,东关,101120597732,叠拼别墅私家电梯入户精装修,1650万,48437元/平,中楼层 (共7层) 4室2厅 | 340.65平米 | 南 北,https://ke-image.ljcdn.com/110000-inspection/d4f88eb0-993d-406e-a1ed-cbcef7952d7e_1000.jpg!m_fill,w_280,h_210,f_jpg?from=ke.com
20240620,昌平,东关,101120597489,叠拼别墅私家电梯入户精装修,1688万,55653元/平,底层 (共4层) | 2015年 | 9室2厅 | 303.31平米 | 南 北,https://ke-image.ljcdn.com/110000-inspection/pc1_xpQaCu7Dq.jpg!m_fill,w_280,h_210,f_jpg?from=ke.com
20240620,昌平,东关,101120389652,京科苑南北朝向房龄新靠谱卖,220万,29275元/平,顶层 (共6层) 2室1厅 | 75.15平米 | 南 北,https://ke-image.ljcdn.com/110000-inspection/08dfca96-c65d-4468-ad8d-694e615772b3_1000.jpg!m_fill,w_280,h_210,f_jpg?from=ke.com
20240620,昌平,东关,101120375617,京科苑  创时园下叠精装修拎包入住,960万,31245元/平,底层 (共4层) 4室2厅 | 307.25平米 | 南 北,https://ke-image.ljcdn.com/110000-inspection/c6368c98-1495-4aa7-9e36-5f8c01aa51b3_1000.jpg!m_fill,w_280,h_210,f_jpg?from=ke.com
20240620,昌平,东关,101120350342,燕平家园 2室1厅 东,280万,30841元/平,中楼层 (共6层) 2室1厅 | 90.79平米 | 东,https://ke-image.ljcdn.com/110000-inspection/979946ce-071b-4d0a-890e-afcc21d9bbf2_1000.jpg!m_fill,w_280,h_210,f_jpg?from=ke.com
20240620,昌平,东关,101120147116,东关北里小区 2003年 满五唯一 一层 南北通透,325万,39766元/平,底层 (共7层) 2室1厅 | 81.73平米 | 南 北,https://ke-image.ljcdn.com/110000-inspection/df209aa4-7419-4453-b851-14746cf69a76_1000.jpg!m_fill,w_280,h_210,f_jpg?from=ke.com
20240620,昌平,东关,101120135587,北京风景66号院 4室2厅 南 北,679万,44929元/平,中楼层 (共10层) | 2014年 | 4室2厅 | 151.13平米 | 南 北,https://ke-image.ljcdn.com/110000-inspection/pc1_Tt6nt6yy7.jpg!m_fill,w_280,h_210,f_jpg?from=ke.com
20240620,昌平,东关,101120070294,清秀园北区 1室1厅 西,199万,43584元/平,中楼层 (共19层) 1室1厅 | 45.66平米 | 西,https://ke-image.ljcdn.com/110000-inspection/73e08832-5aeb-4e42-b590-a6997c014822_1000.jpg!m_fill,w_280,h_210,f_jpg?from=ke.com
20240620,昌平,东关,101119963955,北京风景精装修大两居室一层近地铁,430万,37350元/平,底层 (共8层) 2室2厅 | 115.13平米 | 南 北,https://ke-image.ljcdn.com/110000-inspection/pc1_EYzhjgrYr.jpg!m_fill,w_280,h_210,f_jpg?from=ke.com
20240620,昌平,东关,101119940845,富泉花园 4室2厅 南 北,768万,48245元/平,底层 (共4层) 4室2厅 | 159.19平米 | 南 北,https://ke-image.ljcdn.com/110000-inspection/15a18a66-b693-4d61-b197-8733f227d94c_1000.jpg!m_fill,w_280,h_210,f_jpg?from=ke.com
20240620,昌平,东关,101119875707,东关北里小区 2003年 复式 南北通透格局好,430万,25084元/平,高楼层 (共7层) 3室2厅 | 171.43平米 | 南 北,https://ke-image.ljcdn.com/110000-inspection/pc1_G11l064Wo.jpg!m_fill,w_280,h_210,f_jpg?from=ke.com
20240620,昌平,东关,101119811013,金隅观澜时代 观景房 视野开阔 俯瞰滨河公园,446万,50012元/平,高楼层 (共21层) | 2013年 | 2室2厅 | 89.18平米 | 南 北,https://ke-image.ljcdn.com/110000-inspection/pc1_0ubSgz2Ps.jpg!m_fill,w_280,h_210,f_jpg?from=ke.com
20240620,昌平,东关,101119806553,宁馨苑正规三居室 看房方便 满五年唯一 交通方便,500万,35527元/平,高楼层 (共6层) 3室2厅 | 140.74平米 | 南 北,https://ke-image.ljcdn.com/110000-inspection/pc1_eL9FHzyGg.jpg!m_fill,w_280,h_210,f_jpg?from=ke.com
20240620,昌平,东关,101119715516,富泉花园雅典园别墅洋房社区小区环境好停车方便,1566万,50340元/平,底层 (共4层) | 2000年 | 3室2厅 | 311.09平米 | 南 北,https://ke-image.ljcdn.com/110000-inspection/b6205c54-d678-4c21-a850-9b04d3cb85ca_1000.jpg!m_fill,w_280,h_210,f_jpg?from=ke.com
20240620,昌平,东关,101119354796,随园顶层三居使用面积大采光视野好近公园,370万,41518元/平,顶层 (共9层) | 2009年 | 3室2厅 | 89.12平米 | 南,https://ke-image.ljcdn.com/110000-inspection/pc1_zL1N1KiIV_1.jpg!m_fill,w_280,h_210,f_jpg?from=ke.com
20240620,昌平,东关,101119181294,东关南里小区 4室3厅 南 北房主自荐,498万,31085元/平,高楼层 (共6层) 4室3厅 | 160.21平米 | 南 北,https://ke-image.ljcdn.com/110000-inspection/b8ea898a-eb21-4d4b-8f88-e5ccc496404c_1000.jpg!m_fill,w_280,h_210,f_jpg?from=ke.com
20240620,昌平,东关,101119163303,富泉花园别墅园区 电梯洋房 大面宽采光好,680万,37394元/平,高楼层 (共6层) | 2000年 | 3室2厅 | 181.85平米 | 南 北,https://ke-image.ljcdn.com/110000-inspection/33879b3e-a657-4d6a-86ca-cd4538cb189e_1000.jpg!m_fill,w_280,h_210,f_jpg?from=ke.com
20240620,昌平,东关,101118938302,东关南里户型方正三居室楼龄新满五年唯一,339万,34410元/平,顶层 (共6层) 3室2厅 | 98.52平米 | 南 北,https://ke-image.ljcdn.com/110000-inspection/pc1_AZi6mKewl_1.jpg!m_fill,w_280,h_210,f_jpg?from=ke.com
20240620,昌平,东关,101118875093,北京怡园 南北正规一居室 2016年商品房社区,246万,38028元/平,低楼层 (共16层) 1室1厅 | 64.69平米 | 南 北,https://ke-image.ljcdn.com/110000-inspection/0d062c99-5820-4dc1-a3e9-2c1db7a1a9ff_1000.jpg!m_fill,w_280,h_210,f_jpg?from=ke.com
20240620,昌平,东关,101118709928,建安里小区 4室2厅 南 北房主自荐,680万,30887元/平,顶层 (共6层) 4室2厅 | 220.16平米 | 南 北,https://ke-image.ljcdn.com/110000-inspection/pc1_waVwI0xvy.jpg!m_fill,w_280,h_210,f_jpg?from=ke.com
20240620,昌平,东关,101118570738,清秀园北区（力天嘉苑）商品房社区房主自荐,189万,34414元/平,高楼层 (共19层) 1室1厅 | 54.92平米 | 东,https://ke-image.ljcdn.com/110000-inspection/9cb189d3-adaf-414f-9c54-9d83f9f856f3_1000.jpg!m_fill,w_280,h_210,f_jpg?from=ke.com
20240620,昌平,东关,101118517322,北京怡园 满五年唯一商品房 全南向正规两居,362万,50729元/平,顶层 (共16层) 3室1厅 | 71.36平米 | 南,https://ke-image.ljcdn.com/110000-inspection/pc1_oEYG10a9w_1.jpg!m_fill,w_280,h_210,f_jpg?from=ke.com
20240620,昌平,东关,101118465448,宁馨苑 满五唯一精装修南北通透次顶层,480万,31791元/平,高楼层 (共6层) | 2001年 | 3室2厅 | 150.99平米 | 南 北,https://ke-image.ljcdn.com/110000-inspection/37eb43f1-693d-474d-beee-49dab5862ab6_1000.jpg!m_fill,w_280,h_210,f_jpg?from=ke.com
20240620,昌平,东关,101118423281,金隅嘉和园 3室1厅 南 北,348万,38771元/平,底层 (共19层) | 2011年 | 3室1厅 | 89.76平米 | 南 北,https://ke-image.ljcdn.com/110000-inspection/pc1_VzMigVut0_1.jpg!m_fill,w_280,h_210,f_jpg?from=ke.com
20240620,昌平,东关,101118415187,宁馨苑2-2-1-1 100.89m² 精装修,410万,40639元/平,高楼层 (共6层) | 2003年 | 2室2厅 | 100.89平米 | 南 北,https://ke-image.ljcdn.com/110000-inspection/826ecd4d-338c-4264-8395-8db266bbd774_1000.jpg!m_fill,w_280,h_210,f_jpg?from=ke.com
20240620,昌平,东关,101118342116,宁馨苑 正规南北三居室 交通购物方便 户型方正,530万,33107元/平,中楼层 (共11层) | 2001年 | 3室2厅 | 160.09平米 | 南 北,https://ke-image.ljcdn.com/110000-inspection/f8133953-9a05-4b83-9742-185b27f966a2_1000.jpg!m_fill,w_280,h_210,f_jpg?from=ke.com
20240620,昌平,东关,101118282833,南里小区  采光好 不临街  有独立厅 实用面积70平房主自荐,210万,39608元/平,顶层 (共5层) | 1987年 | 2室1厅 | 53.02平米 | 南,https://ke-image.ljcdn.com/110000-inspection/346c521a-3fc8-4ca1-b327-ded025bd8c10_1000.jpg!m_fill,w_280,h_210,f_jpg?from=ke.com
20240620,昌平,东关,101118267023,清秀园南区 2室1厅 南 北,235万,29542元/平,中楼层 (共6层) 2室1厅 | 79.55平米 | 南 北,https://ke-image.ljcdn.com/110000-inspection/5f0f91f5-c338-4e44-a125-3d50a247fdb5_1000.jpg!m_fill,w_280,h_210,f_jpg?from=ke.com
20240620,昌平,东关,101117862040,建安里小区 正规南北三居 四层可以贷款220万房主自荐,355万,33820元/平,中楼层 (共6层) 3室2厅 | 104.97平米 | 南 北,https://ke-image.ljcdn.com/110000-inspection/e72c68f4-aa83-4de0-bf5e-b9ebab00ed7c_1000.jpg!m_fill,w_280,h_210,f_jpg?from=ke.com
20240620,昌平,东关,101117840197,此房为南北朝向双拼别墅1加2层,850万,63623元/平,底层 (共3层) | 2007年 | 3室2厅 | 133.6平米 | 南 北,https://ke-image.ljcdn.com/110000-inspection/pc1_zC4KLDAt5_1.jpg!m_fill,w_280,h_210,f_jpg?from=ke.com
20240620,昌平,东关,101117734712,建安里小区精装修电梯房大面积业主诚意售房,488万,27912元/平,顶层 (共11层) 3室2厅 | 174.84平米 | 南,https://ke-image.ljcdn.com/110000-inspection/8173932e-b073-4165-9abb-a72e844c3298_1000.jpg!m_fill,w_280,h_210,f_jpg?from=ke.com
20240620,昌平,东关,101117716660,京科苑 大三居顶层复式 采光充足,450万,32447元/平,顶层 (共5层) 3室1厅 | 138.69平米 | 东 西 北,https://ke-image.ljcdn.com/110000-inspection/ba004f9c-cf5c-40a0-90d0-2a687152c25f_1000.jpg!m_fill,w_280,h_210,f_jpg?from=ke.com
20240620,昌平,东关,101117547854,金隅澜湾 中叠别墅 把东边采光好 自住装修,1400万,61115元/平,中楼层 (共6层) 4室2厅 | 229.08平米 | 东 南,https://ke-image.ljcdn.com/110000-inspection/5f92cb5f-53a6-4e50-9984-6b108702989f_1000.jpg!m_fill,w_280,h_210,f_jpg?from=ke.com
20240620,昌平,东关,101117355521,建安里小区2-2-1-2 126.68m²,429万,33865元/平,低楼层 (共11层) | 2001年 | 2室2厅 | 126.68平米 | 南 西,https://ke-image.ljcdn.com/110000-inspection/pc1_ZkLebmLIQ_1.jpg!m_fill,w_280,h_210,f_jpg?from=ke.com
20240620,昌平,东关,101117085730,创时园 大四居 户型方正 看房随时,870万,29413元/平,底层 (共4层) | 2003年 | 4室2厅 | 295.79平米 | 南 北,https://ke-image.ljcdn.com/110000-inspection/0b0d365e-646c-4032-87d1-c11d243c9ce4_1000.jpg!m_fill,w_280,h_210,f_jpg?from=ke.com
20240620,昌平,东关,101116393271,宁馨苑 精装修  近地铁 大一居,285万,42310元/平,顶层 (共17层) | 2003年 | 1室1厅 | 67.36平米 | 西南,https://ke-image.ljcdn.com/110000-inspection/5c4b58eb-bae6-4e8a-8be6-b04a3c195c30_1000.jpg!m_fill,w_280,h_210,f_jpg?from=ke.com
20240620,昌平,东关,101116321426,宁馨苑小区  电梯房  南北通透  户型方正房主自荐,495万,30921元/平,高楼层 (共11层) 3室2厅 | 160.09平米 | 南 北,https://ke-image.ljcdn.com/110000-inspection/dd92d79c-1de3-4c94-9aed-d0a384e82eb2_1000.jpg!m_fill,w_280,h_210,f_jpg?from=ke.com
20240620,昌平,东关,101116000645,金隅澜湾 3室2厅 南 北房主自荐,1252万,57771元/平,中楼层 (共4层) | 2015年 | 3室2厅 | 216.72平米 | 南 北,https://ke-image.ljcdn.com/110000-inspection/ac5220ef-316f-458b-94a0-c608f3d0e210_1000.jpg!m_fill,w_280,h_210,f_jpg?from=ke.com
20240620,昌平,东关,101115426780,东关南里小区 复式 满五年唯一房主自荐,680万,37173元/平,中楼层 (共6层) | 2003年 | 4室2厅 | 182.93平米 | 南 北,https://ke-image.ljcdn.com/110000-inspection/pc1_Xe9SSX8y7.jpg!m_fill,w_280,h_210,f_jpg?from=ke.com
20240620,昌平,东关,101114977355,清秀园北区 1室1厅 南 北,202万,37942元/平,顶层 (共5层) | 1984年 | 1室1厅 | 53.24平米 | 南 北,https://ke-image.ljcdn.com/110000-inspection/pc1_F0TomOXqv.jpg!m_fill,w_280,h_210,f_jpg?from=ke.com
20240620,昌平,东关,101114345837,金隅澜湾+观景上叠别墅+私家电梯,1160万,47968元/平,高楼层 (共6层) | 2015年 | 3室2厅 | 241.83平米 | 南 北,https://ke-image.ljcdn.com/110000-inspection/3b6c6518-39fd-4f12-b7a5-f9b96b4ec23e_1000.jpg!m_fill,w_280,h_210,f_jpg?from=ke.com
20240620,昌平,东关,101108725695,此房满五年唯一楼龄新看房方便周围配套齐全房主自荐,168万,40886元/平,低楼层 (共19层) 1室0厅 | 41.09平米 | 北,https://ke-image.ljcdn.com/110000-inspection/pc1_f1HOFlEOf_1.jpg!m_fill,w_280,h_210,f_jpg?from=ke.com
20240620,昌平,东关,101125003902,建安里电梯房中间层三居室满五唯一近地铁,430万,36990元/平,中楼层 (共11层) 3室2厅 | 116.25平米 | 东南,https://s1.ljcdn.com/pegasus/redskull/images/common/default_house_list.png?_v=20240619172644202
20240620,昌平,东关,101125003168,宁馨苑 4室2厅 南 北,730万,25664元/平,顶层 (共11层) 4室2厅 | 284.45平米 | 南 北,https://s1.ljcdn.com/pegasus/redskull/images/common/default_house_list.png?_v=20240619172644202
20240620,昌平,东关,101124897990,南北通透三居中间楼层满五唯一靠谱出售新上,490万,35415元/平,中楼层 (共6层) 3室2厅 | 138.36平米 | 南 北,https://s1.ljcdn.com/pegasus/redskull/images/common/default_house_list.png?_v=20240619172644202
20240620,昌平,东关,101124846645,北京风景68号院 2室2厅 南 北,465万,40393元/平,底层 (共9层) | 2013年 | 2室2厅 | 115.12平米 | 南 北,https://s1.ljcdn.com/pegasus/redskull/images/common/default_house_list.png?_v=20240619172644202
20240620,昌平,东关,101124791945,红石座 1室1厅 东,98万,16100元/平,高楼层 (共13层) 1室1厅 | 60.87平米 | 东,https://s1.ljcdn.com/pegasus/redskull/images/common/default_house_list.png?_v=20240619172644202
20240620,昌平,东关,101124752890,清朗园 3室1厅 南 北,460万,37094元/平,中楼层 (共6层) 3室1厅 | 124.01平米 | 南 北,https://s1.ljcdn.com/pegasus/redskull/images/common/default_house_list.png?_v=20240619172644202
20240620,昌平,东关,101124715449,东关南里小区 2室1厅 西南,240万,43534元/平,中楼层 (共6层) 2室1厅 | 55.13平米 | 西南,https://s1.ljcdn.com/pegasus/redskull/images/common/default_house_list.png?_v=20240619172644202
20240620,昌平,东关,101124636367,宁馨苑 5室2厅 南 北,780万,27289元/平,顶层 (共11层) | 2003年 | 5室2厅 | 285.83平米 | 南 北,https://s1.ljcdn.com/pegasus/redskull/images/common/default_house_list.png?_v=20240619172644202
20240620,昌平,东关,101124379907,水晶屿 1室1厅 西 北,130万,23871元/平,低楼层 (共7层) | 2016年 | 1室1厅 | 54.46平米 | 西 北,https://s1.ljcdn.com/pegasus/redskull/images/common/default_house_list.png?_v=20240619172644202
20240620,昌平,东关,101124351534,北京怡园 1室1厅 南,245万,42118元/平,顶层 (共16层) 1室1厅 | 58.17平米 | 南,https://s1.ljcdn.com/pegasus/redskull/images/common/default_house_list.png?_v=20240619172644202
20240620,昌平,东关,101124188296,红石座 1室1厅 南,98万,22058元/平,中楼层 (共10层) 1室1厅 | 44.43平米 | 南,https://s1.ljcdn.com/pegasus/redskull/images/common/default_house_list.png?_v=20240619172644202
20240620,昌平,东关,101124149535,红石座 1室1厅 东 北,86万,15998元/平,中楼层 (共10层) | 2018年 | 1室1厅 | 53.76平米 | 东 北,https://s1.ljcdn.com/pegasus/redskull/images/common/default_house_list.png?_v=20240619172644202
20240620,昌平,东关,101124022993,红石座 昌平东关金隅红石座层高4.2米,80万,21048元/平,中楼层 (共8层) 1室1厅 | 38.01平米 | 西北,https://s1.ljcdn.com/pegasus/redskull/images/common/default_house_list.png?_v=20240619172644202
20240620,昌平,东关,101123990377,水晶屿 2室1厅 东,99万,18202元/平,中楼层 (共7层) | 2016年 | 2室1厅 | 54.39平米 | 东,https://s1.ljcdn.com/pegasus/redskull/images/common/default_house_list.png?_v=20240619172644202
20240620,昌平,东关,101123948700,水晶屿 1室1厅 南,105万,20896元/平,顶层 (共7层) 1室1厅 | 50.25平米 | 南,https://s1.ljcdn.com/pegasus/redskull/images/common/default_house_list.png?_v=20240619172644202
20240620,昌平,东关,101123879051,红石座 1室1厅 南,98万,20257元/平,低楼层 (共10层) 1室1厅 | 48.38平米 | 南,https://s1.ljcdn.com/pegasus/redskull/images/common/default_house_list.png?_v=20240619172644202
20240620,昌平,东关,101123335867,红石座 1室1厅 南,115万,21047元/平,高楼层 (共8层) 1室1厅 | 54.64平米 | 南,https://s1.ljcdn.com/pegasus/redskull/images/common/default_house_list.png?_v=20240619172644202
20240620,昌平,东关,101123156045,红石座 1室0厅 东,97万,17310元/平,低楼层 (共10层) 1室0厅 | 56.04平米 | 东,https://s1.ljcdn.com/pegasus/redskull/images/common/default_house_list.png?_v=20240619172644202
20240620,昌平,东关,101122945135,红石座 2室1厅 东房主自荐,125万,18937元/平,顶层 (共6层) 2室1厅 | 66.01平米 | 东,https://s1.ljcdn.com/pegasus/redskull/images/common/default_house_list.png?_v=20240619172644202
20240620,昌平,东关,101121870745,红石座 1室0厅 东,180万,19952元/平,低楼层 (共6层) 1室0厅 | 90.22平米 | 东,https://s1.ljcdn.com/pegasus/redskull/images/common/default_house_list.png?_v=20240619172644202
20240620,昌平,东关,101121749168,水晶屿 1室0厅 西,103万,18830元/平,中楼层 (共7层) | 2016年 | 1室0厅 | 54.7平米 | 西,https://s1.ljcdn.com/pegasus/redskull/images/common/default_house_list.png?_v=20240619172644202
20240620,昌平,东关,101121604868,红石座 1室1厅 南,140万,18477元/平,中楼层 (共10层) 1室1厅 | 75.77平米 | 南,https://s1.ljcdn.com/pegasus/redskull/images/common/default_house_list.png?_v=20240619172644202
20240620,昌平,东关,101120216073,2016年楼龄新格局规整。,93万,17429元/平,低楼层 (共6层) 1室1厅 | 53.36平米 | 南,https://s1.ljcdn.com/pegasus/redskull/images/common/default_house_list.png?_v=20240619172644202
20240620,昌平,东关,101119738931,红石座 2室2厅 东,125万,20536元/平,低楼层 (共13层) 2室2厅 | 60.87平米 | 东,https://s1.ljcdn.com/pegasus/redskull/images/common/default_house_list.png?_v=20240619172644202
20240620,昌平,东关,101119283688,东侧20米是滨河森林公园 景观优美 空气清新,92万,19207元/平,顶层 (共7层) 1室1厅 | 47.9平米 | 西,https://s1.ljcdn.com/pegasus/redskull/images/common/default_house_list.png?_v=20240619172644202
20240620,昌平,东关,101118790279,红石座 1室1厅 东,115万,17980元/平,中楼层 (共8层) 1室1厅 | 63.96平米 | 东,https://s1.ljcdn.com/pegasus/redskull/images/common/default_house_list.png?_v=20240619172644202
20240620,昌平,东关,101117184372,近地铁全明格局大三居满五唯一中间层,520万,33688元/平,中楼层 (共6层) | 2003年 | 3室1厅 | 154.36平米 | 南 北,https://ke-image.ljcdn.com/110000-inspection/rsp_pic_uploadfb9fa0fa-82ba-4a2f-940e-7a70de3fd370.jpg!m_fill,w_280,h_210,f_jpg?from=ke.com
20240620,昌平,东关,101113529735,东环路 南向满五年 中间楼层看房提前联系房主自荐,219万,53809元/平,中楼层 (共6层) 1室1厅 | 40.7平米 | 南 北,https://ke-image.ljcdn.com/110000-inspection/4c4d0915a56f2229b5d25f3f4f9d4701-015.jpg!m_fill,w_280,h_210,f_jpg?from=ke.com
20240620,昌平,东关,101111719066,水晶屿 商业办公房 近公园环、环境不错,103万,18830元/平,中楼层 (共7层) 1室0厅 | 54.7平米 | 西,https://s1.ljcdn.com/pegasus/redskull/images/common/default_house_list.png?_v=20240619172644202
