20240620,海淀,二里庄,101124726557,二里庄小区 精装两居 大客厅 电梯钢混结构必看好房,570万,86495元/平,中楼层 (共18层) 2室1厅 | 65.9平米 | 东南,https://ke-image.ljcdn.com/110000-inspection/pc1_ocfFchbPP.jpg!m_fill,w_280,h_210,f_jpg?from=ke.com
20240620,海淀,二里庄,101124317936,二里庄南北两居中间层满五年唯一诚心出售必看好房,540万,91232元/平,低楼层 (共6层) 2室1厅 | 59.19平米 | 南 北,https://ke-image.ljcdn.com/110000-inspection/pc1_3BBH3BHtD.jpg!m_fill,w_280,h_210,f_jpg?from=ke.com
20240620,海淀,二里庄,101124233201,健翔园小区 全南大两居 满五唯一 有电梯必看好房,759万,86605元/平,高楼层 (共24层) 2室1厅 | 87.64平米 | 南,https://ke-image.ljcdn.com/110000-inspection/b4d7bfae-4108-49c8-9a01-48656f16665d_1000.jpg!m_fill,w_280,h_210,f_jpg?from=ke.com
20240620,海淀,二里庄,101123686026,石油大院全南三居钢混精装中间层诚心出售必看好房,810万,87069元/平,高楼层 (共16层) 3室1厅 | 93.03平米 | 南,https://ke-image.ljcdn.com/110000-inspection/abfdf854-543d-434d-ac94-a0806a1ee3f8_1000.jpg!m_fill,w_280,h_210,f_jpg?from=ke.com
20240620,海淀,二里庄,101123048497,二里庄干休所 3居室 南北通透 户型方正 有外挂电梯必看好房,738万,104979元/平,低楼层 (共6层) 3室1厅 | 70.3平米 | 南 北,https://ke-image.ljcdn.com/110000-inspection/pc1_efaL6p0cR.jpg!m_fill,w_280,h_210,f_jpg?from=ke.com
20240620,海淀,二里庄,101124259016,学院路志新北里精装中间层全明户型大客厅南北3居,660万,90910元/平,中楼层 (共6层) 3室1厅 | 72.6平米 | 南 北,https://ke-image.ljcdn.com/110000-inspection/pc1_a6mIY6arW_1.jpg!m_fill,w_280,h_210,f_jpg?from=ke.com
20240620,海淀,二里庄,101124185472,志新村 正南两居室 中间层 业主诚意出售,515万,83604元/平,中楼层 (共18层) 2室1厅 | 61.6平米 | 南,https://ke-image.ljcdn.com/110000-inspection/650106e7-3398-42bf-893b-89d6685f50f1_1000.jpg!m_fill,w_280,h_210,f_jpg?from=ke.com
20240620,海淀,二里庄,101123246157,太极小区 南北通透边户三居室 有电梯,700万,86207元/平,中楼层 (共18层) 3室1厅 | 81.2平米 | 南 西 北,https://ke-image.ljcdn.com/110000-inspection/pc1_BZToJng9p.jpg!m_fill,w_280,h_210,f_jpg?from=ke.com
20240620,海淀,二里庄,101122309391,太极小区 十五所 带客厅一居室,410万,86865元/平,底层 (共6层) 1室1厅 | 47.2平米 | 南,https://ke-image.ljcdn.com/110000-inspection/pc1_jNElnUHKQ.jpg!m_fill,w_280,h_210,f_jpg?from=ke.com
20240620,海淀,二里庄,101121144959,干休所 南北通透全明格局三居室客厅带明窗随时看房必看好房,680万,96867元/平,底层 (共6层) 3室1厅 | 70.2平米 | 南 北,https://ke-image.ljcdn.com/110000-inspection/pc1_7tGpg1Xld.jpg!m_fill,w_280,h_210,f_jpg?from=ke.com
20240620,海淀,二里庄,101120627344,二里庄北里南北通透两居室中间楼层必看好房,430万,74395元/平,中楼层 (共6层) 2室1厅 | 57.8平米 | 南 北,https://ke-image.ljcdn.com/110000-inspection/5ce0cfeb-6f48-4850-96e5-2717dfbfafc9_1000.jpg!m_fill,w_280,h_210,f_jpg?from=ke.com
20240620,海淀,二里庄,101124718931,二里庄小区带电梯一居室户型好采光好,380万,81546元/平,低楼层 (共18层) 1室1厅 | 46.6平米 | 东,https://ke-image.ljcdn.com/110000-inspection/pc1_hVwRJKGGp_1.jpg!m_fill,w_280,h_210,f_jpg?from=ke.com
20240620,海淀,二里庄,101124491659,志新村 南北向 中间层2居 明卫 商品房 网签高,560万,87775元/平,中楼层 (共6层) 2室1厅 | 63.8平米 | 南 北,https://ke-image.ljcdn.com/110000-inspection/pc1_6dA7cVSHz.jpg!m_fill,w_280,h_210,f_jpg?from=ke.com
20240620,海淀,二里庄,101124361914,海淀 健翔园 2001年 南向2居 婚房装修 满五唯一必看好房,739万,84574元/平,高楼层 (共24层) 2室1厅 | 87.38平米 | 南,https://ke-image.ljcdn.com/110000-inspection/pc1_9zRmRC96a.jpg!m_fill,w_280,h_210,f_jpg?from=ke.com
20240620,海淀,二里庄,101123800386,石油大院  带电梯  双阳台   格局方正,455万,74226元/平,顶层 (共16层) 2室1厅 | 61.3平米 | 北 东,https://ke-image.ljcdn.com/110000-inspection/18be1fe5-0084-4ca6-857b-6c76000ac717_1000.jpg!m_fill,w_280,h_210,f_jpg?from=ke.com
20240620,海淀,二里庄,101123528169,志新村  3居室   南北通透    不临街  采光好,668万,85096元/平,顶层 (共6层) 3室1厅 | 78.5平米 | 南 北,https://ke-image.ljcdn.com/110000-inspection/5c5b80b3-819f-4945-b097-f287cf406c17_1000.jpg!m_fill,w_280,h_210,f_jpg?from=ke.com
20240620,海淀,二里庄,101122184990,科技大学+南北通透+诚心出售+看房方便+满五年必看好房,455万,89129元/平,底层 (共5层) 2室1厅 | 51.05平米 | 南 北,https://ke-image.ljcdn.com/110000-inspection/pc1_dqBfqUE8f.jpg!m_fill,w_280,h_210,f_jpg?from=ke.com
20240620,海淀,二里庄,101118448169,志新北里满五年公 房南北3居大客厅阳光满满,750万,91241元/平,顶层 (共6层) 3室1厅 | 82.2平米 | 南 北,https://ke-image.ljcdn.com/110000-inspection/264f0400-45a6-4283-9bfe-4edb6685f939_1000.jpg!m_fill,w_280,h_210,f_jpg?from=ke.com
20240620,海淀,二里庄,101124889003,二里庄小区 2室1厅 东南新上,616万,87006元/平,低楼层 (共18层) 2室1厅 | 70.8平米 | 东南,https://ke-image.ljcdn.com/110000-inspection/pc1_h2isGPJOf.jpg!m_fill,w_280,h_210,f_jpg?from=ke.com
20240620,海淀,二里庄,101124836114,二里庄小区 正规一居室 高楼层 视野好 采光充足,460万,109238元/平,高楼层 (共18层) | 2002年 | 1室1厅 | 42.11平米 | 东南,https://ke-image.ljcdn.com/110000-inspection/pc1_YpaIEhqjJ.jpg!m_fill,w_280,h_210,f_jpg?from=ke.com
20240620,海淀,二里庄,101124829629,石油大院 临近青年园 中间层 南北通透2居 明卫,610万,92988元/平,低楼层 (共6层) 2室1厅 | 65.6平米 | 南 北,https://ke-image.ljcdn.com/110000-inspection/57844e83-54da-4376-bd08-0833142688d4_1000.jpg!m_fill,w_280,h_210,f_jpg?from=ke.com
20240620,海淀,二里庄,101124764921,科技大学+精装一居+诚心出售+中间楼层,340万,94445元/平,中楼层 (共4层) 1室1厅 | 36平米 | 南,https://ke-image.ljcdn.com/110000-inspection/pc1_fxNJBrHOV.jpg!m_fill,w_280,h_210,f_jpg?from=ke.com
20240620,海淀,二里庄,101124722617,志新村小区低层两居业主诚意出售,420万,85715元/平,低楼层 (共6层) 1室1厅 | 49平米 | 南,https://ke-image.ljcdn.com/110000-inspection/9b729e7e-c052-4435-86cb-f012aecfda11_1000.jpg!m_fill,w_280,h_210,f_jpg?from=ke.com
20240620,海淀,二里庄,101124602237,二里庄北里 南北通透2居室 精装修 使用面积大房主自荐,455万,97431元/平,顶层 (共6层) 2室1厅 | 46.7平米 | 南 北,https://ke-image.ljcdn.com/110000-inspection/91342b42-3416-411f-b490-279e28854659_1000.jpg!m_fill,w_280,h_210,f_jpg?from=ke.com
20240620,海淀,二里庄,101124540665,志新北里 精装三居室  物美楼上 购物方便,670万,85351元/平,中楼层 (共14层) | 1997年 | 3室1厅 | 78.5平米 | 南 西,https://ke-image.ljcdn.com/110000-inspection/c3c07bd0-2083-4273-bc8b-25850d2c627c_1000.jpg!m_fill,w_280,h_210,f_jpg?from=ke.com
20240620,海淀,二里庄,101124500450,二里庄小区  东南两居室  有电梯 满五唯一,550万,83460元/平,中楼层 (共18层) 2室1厅 | 65.9平米 | 东 南,https://ke-image.ljcdn.com/110000-inspection/03e50764-1b33-4a18-afeb-7f5948c18df0_1000.jpg!m_fill,w_280,h_210,f_jpg?from=ke.com
20240620,海淀,二里庄,101124463261,科技大学+南北通透+诚心出售+看房方便,530万,92190元/平,中楼层 (共5层) 2室1厅 | 57.49平米 | 南 北,https://ke-image.ljcdn.com/110000-inspection/f532d594-d914-4daf-96a2-8ea40ab1c231_1000.jpg!m_fill,w_280,h_210,f_jpg?from=ke.com
20240620,海淀,二里庄,101124334858,二里庄南北两居满五年唯一诚心出售。房主自荐,516万,87177元/平,底层 (共6层) 2室1厅 | 59.19平米 | 南 北,https://ke-image.ljcdn.com/110000-inspection/pc1_gSYJN4NCI.jpg!m_fill,w_280,h_210,f_jpg?from=ke.com
20240620,海淀,二里庄,101124322945,志新北里 南北通透 两居室 楼层高 视野好,505万,82248元/平,顶层 (共5层) 2室1厅 | 61.4平米 | 南 北,https://ke-image.ljcdn.com/110000-inspection/pc1_rUeZqn0SQ.jpg!m_fill,w_280,h_210,f_jpg?from=ke.com
20240620,海淀,二里庄,101124295042,志新村南北通透 三居室全明格局户型好诚意出售,688万,87644元/平,高楼层 (共6层) 3室1厅 | 78.5平米 | 南 北,https://ke-image.ljcdn.com/110000-inspection/5dd52776-aa96-4bbb-af4b-deb4509ac70d_1000.jpg!m_fill,w_280,h_210,f_jpg?from=ke.com
20240620,海淀,二里庄,101124290144,石油大院院内可对外出售中间楼层看房方便,530万,88481元/平,中楼层 (共6层) 3室1厅 | 59.9平米 | 东 西,https://ke-image.ljcdn.com/110000-inspection/pc1_PkxEKAtWO.jpg!m_fill,w_280,h_210,f_jpg?from=ke.com
20240620,海淀,二里庄,101124151276,志新北里 97年电梯房 使用率高 东西通透 带客厅,620万,83558元/平,低楼层 (共13层) 3室1厅 | 74.2平米 | 东 西,https://ke-image.ljcdn.com/110000-inspection/596e72d0-e98c-4caf-a995-1e09fffb2864_1000.jpg!m_fill,w_280,h_210,f_jpg?from=ke.com
20240620,海淀,二里庄,101124142722,志新村小区板楼一居室业主诚意出售,380万,90262元/平,高楼层 (共6层) 1室1厅 | 42.1平米 | 南,https://ke-image.ljcdn.com/110000-inspection/1d74f545-ce1b-4d6f-a1f0-5bbbd1874c67_1000.jpg!m_fill,w_280,h_210,f_jpg?from=ke.com
20240620,海淀,二里庄,101124126052,健翔园  东南向  3居室  双卫   不临街,1080万,93386元/平,低楼层 (共24层) 3室1厅 | 115.65平米 | 东南,https://ke-image.ljcdn.com/110000-inspection/2697d434-b395-4ded-93a7-deb4086116e9_1000.jpg!m_fill,w_280,h_210,f_jpg?from=ke.com
20240620,海淀,二里庄,101124121531,石油片二里庄全明格局带电梯格局合理满五年唯一,696万,89576元/平,高楼层 (共18层) 3室1厅 | 77.7平米 | 东南 西北,https://ke-image.ljcdn.com/110000-inspection/48e6439e-7c79-4af6-9ffa-7b2076790ccf_1000.jpg!m_fill,w_280,h_210,f_jpg?from=ke.com
20240620,海淀,二里庄,101124107337,二里庄小区满五年单位分房 电梯房,389万,82591元/平,低楼层 (共18层) 1室1厅 | 47.1平米 | 东,https://ke-image.ljcdn.com/110000-inspection/0a0fca65-ca05-426c-8f79-e7f535cc600e_1000.jpg!m_fill,w_280,h_210,f_jpg?from=ke.com
20240620,海淀,二里庄,101124093328,健翔园  东南向   3居室采光好  视野好  2000年商品房,1080万,93742元/平,高楼层 (共24层) 3室1厅 | 115.21平米 | 东南,https://ke-image.ljcdn.com/110000-inspection/pc1_QTkLHjgzT.jpg!m_fill,w_280,h_210,f_jpg?from=ke.com
20240620,海淀,二里庄,101124044520,二里庄精装一居电梯中间层业主诚心出售,460万,96437元/平,高楼层 (共18层) 1室1厅 | 47.7平米 | 东南 北,https://ke-image.ljcdn.com/110000-inspection/62052b6e-8448-4be2-a489-ae2073d76a27_1000.jpg!m_fill,w_280,h_210,f_jpg?from=ke.com
20240620,海淀,二里庄,101124028585,二里庄小区一居室有电梯无遮挡对小月河塔院公园。房主自荐,395万,93602元/平,低楼层 (共18层) 1室1厅 | 42.2平米 | 东南,https://ke-image.ljcdn.com/110000-inspection/pc1_z76Tdx9Mp.jpg!m_fill,w_280,h_210,f_jpg?from=ke.com
20240620,海淀,二里庄,101123984541,志新村 全南三居室 满五唯一 安静宜居,725万,99588元/平,中楼层 (共6层) 3室1厅 | 72.8平米 | 南,https://ke-image.ljcdn.com/110000-inspection/pc1_8Mo6GlFdS.jpg!m_fill,w_280,h_210,f_jpg?from=ke.com
20240620,海淀,二里庄,101123982730,二里庄干休所四居室满五年唯一业主诚心出售,1080万,120134元/平,底层 (共6层) 4室1厅 | 89.9平米 | 南 北,https://ke-image.ljcdn.com/110000-inspection/pc1_RHOlOzPBR.jpg!m_fill,w_280,h_210,f_jpg?from=ke.com
20240620,海淀,二里庄,101123973612,志新村  精装修  双南向   全明户型    板楼2居室,565万,99298元/平,中楼层 (共6层) | 1989年 | 2室1厅 | 56.9平米 | 南,https://ke-image.ljcdn.com/110000-inspection/pc1_CJifH3Edo.jpg!m_fill,w_280,h_210,f_jpg?from=ke.com
20240620,海淀,二里庄,101123945081,满五年唯一客厅大阳台全明格局视野好安静宜居,750万,86866元/平,低楼层 (共24层) 2室1厅 | 86.34平米 | 西北,https://ke-image.ljcdn.com/110000-inspection/c49121f1-bbce-4e0b-94e5-abd155ab21ab_1000.jpg!m_fill,w_280,h_210,f_jpg?from=ke.com
20240620,海淀,二里庄,101123927151,二里庄邮电家属楼电梯一居室全款买的无抵押商品房,396万,84979元/平,中楼层 (共18层) | 1990年 | 1室1厅 | 46.6平米 | 东南,https://ke-image.ljcdn.com/110000-inspection/23187da9-1c2e-4028-9290-7707d0d63932_1000.jpg!m_fill,w_280,h_210,f_jpg?from=ke.com
20240620,海淀,二里庄,101123920264,太极 十五所 钢混电梯两居室 满五唯一,630万,93472元/平,高楼层 (共14层) 2室1厅 | 67.4平米 | 南 西,https://ke-image.ljcdn.com/110000-inspection/pc1_IkcBRIbcY.jpg!m_fill,w_280,h_210,f_jpg?from=ke.com
20240620,海淀,二里庄,101123753653,五年精装修户型方正正南向阳光充足,408万,96227元/平,顶层 (共6层) 1室1厅 | 42.4平米 | 南,https://ke-image.ljcdn.com/110000-inspection/ac48157e-3458-490c-a457-7a453d651e4f_1000.jpg!m_fill,w_280,h_210,f_jpg?from=ke.com
20240620,海淀,二里庄,101123747047,学院路石油大院青年园2006年次新房南北3居诚意出售,1255万,131304元/平,中楼层 (共16层) 3室1厅 | 95.58平米 | 南 北,https://ke-image.ljcdn.com/110000-inspection/pc1_KOHFVljOM.jpg!m_fill,w_280,h_210,f_jpg?from=ke.com
20240620,海淀,二里庄,101123741044,二里庄小区高层观景房远观奥林匹克塔看鸟巢烟花。,490万,86268元/平,高楼层 (共6层) 2室1厅 | 56.8平米 | 东北,https://ke-image.ljcdn.com/110000-inspection/0df75b43-b50e-4fc3-8ee3-bc324827aa2f_1000.jpg!m_fill,w_280,h_210,f_jpg?from=ke.com
20240620,海淀,二里庄,101123739308,石油志新村南向一居室 全明格局 看房有钥匙 满五唯一房主自荐,375万,88444元/平,高楼层 (共6层) 1室1厅 | 42.4平米 | 南,https://ke-image.ljcdn.com/110000-inspection/pc1_5KJ54uuz8.jpg!m_fill,w_280,h_210,f_jpg?from=ke.com
20240620,海淀,二里庄,101123660096,科技大学高层三居室采光视野好业主诚意出售。,1020万,104008元/平,高楼层 (共24层) 3室1厅 | 98.07平米 | 东南,https://ke-image.ljcdn.com/110000-inspection/04d0c3d3-2b8f-4114-9ac1-52d569fdcb41_1000.jpg!m_fill,w_280,h_210,f_jpg?from=ke.com
20240620,海淀,二里庄,101123627600,房子满五年不唯一单位分房塔楼有电梯正南朝向,370万,72692元/平,低楼层 (共18层) 1室1厅 | 50.9平米 | 南,https://ke-image.ljcdn.com/110000-inspection/pc1_6rVOhBsyW.jpg!m_fill,w_280,h_210,f_jpg?from=ke.com
20240620,海淀,二里庄,101123582510,志新村精装南北通透中高楼层采光好全明格局不临街,640万,107437元/平,高楼层 (共6层) | 1994年 | 2室1厅 | 59.57平米 | 南 北,https://ke-image.ljcdn.com/110000-inspection/pc1_DKunIlUKs.jpg!m_fill,w_280,h_210,f_jpg?from=ke.com
20240620,海淀,二里庄,101123557807,志新北里  双南向  2居室   精装修   有客厅,550万,92749元/平,低楼层 (共6层) 2室1厅 | 59.3平米 | 南,https://ke-image.ljcdn.com/110000-inspection/pc1_WSMlGGG50.jpg!m_fill,w_280,h_210,f_jpg?from=ke.com
20240620,海淀,二里庄,101123509645,科技大学+南北通透+诚心出售+带电梯+有客厅,650万,100776元/平,低楼层 (共12层) 2室1厅 | 64.5平米 | 南 北,https://ke-image.ljcdn.com/110000-inspection/pc1_upCN2KCJx.jpg!m_fill,w_280,h_210,f_jpg?from=ke.com
20240620,海淀,二里庄,101123473627,科技大学+满五双南两居+带电梯+诚心出售+次顶层采光好,516万,99136元/平,高楼层 (共12层) 2室1厅 | 52.05平米 | 南 北,https://ke-image.ljcdn.com/110000-inspection/874eea41-f594-48d4-9bbb-4b2dfb8203a6_1000.jpg!m_fill,w_280,h_210,f_jpg?from=ke.com
20240620,海淀,二里庄,101123452146,石油大院 南北朝向2居室 业主着急出售 随时签约,630万,95891元/平,底层 (共6层) 2室1厅 | 65.7平米 | 南 北,https://ke-image.ljcdn.com/110000-inspection/f74eac06-5fcc-4c5d-bbc1-e452df87dab5_1000.jpg!m_fill,w_280,h_210,f_jpg?from=ke.com
20240620,海淀,二里庄,101123423665,科技大学院内可对外出售两居室南北通透,630万,102273元/平,中楼层 (共6层) 2室1厅 | 61.6平米 | 南 北,https://ke-image.ljcdn.com/110000-inspection/pc1_Rzwe1qmkm.jpg!m_fill,w_280,h_210,f_jpg?from=ke.com
20240620,海淀,二里庄,101123392207,石油大院可以对外交易两居 全明格局诚心出售 采光充足,435万,69858元/平,顶层 (共6层) 2室1厅 | 62.27平米 | 东 西,https://ke-image.ljcdn.com/110000-inspection/pc1_0En68Hgi1_1.jpg!m_fill,w_280,h_210,f_jpg?from=ke.com
20240620,海淀,二里庄,101123275480,二里庄小区 板楼中间楼层 带大阳台一居,410万,83165元/平,中楼层 (共6层) 1室1厅 | 49.3平米 | 东,https://ke-image.ljcdn.com/110000-inspection/pc1_S8NHA1XLq_1.jpg!m_fill,w_280,h_210,f_jpg?from=ke.com
20240620,海淀,二里庄,101123217156,二里庄北里 2室1厅 南 北,520万,89501元/平,顶层 (共6层) 2室1厅 | 58.1平米 | 南 北,https://ke-image.ljcdn.com/110000-inspection/pc1_iRwEy97gU.jpg!m_fill,w_280,h_210,f_jpg?from=ke.com
20240620,海淀,二里庄,101123215599,二里庄小区干休所 南北通透 中间层 业主诚心出售,800万,113315元/平,中楼层 (共6层) 3室1厅 | 70.6平米 | 南 北,https://ke-image.ljcdn.com/110000-inspection/pc1_RxWh5tCCc.jpg!m_fill,w_280,h_210,f_jpg?from=ke.com
20240620,海淀,二里庄,101123178356,志新北里+南向两居室+低楼层+诚心出售,560万,94595元/平,低楼层 (共6层) | 1990年 | 2室1厅 | 59.2平米 | 南,https://ke-image.ljcdn.com/110000-inspection/pc1_WOX5SXEVr.jpg!m_fill,w_280,h_210,f_jpg?from=ke.com
20240620,海淀,二里庄,101123066729,科技大学学院路30号院三居室有电梯看房方便,810万,93750元/平,低楼层 (共12层) 3室1厅 | 86.4平米 | 南 北,https://ke-image.ljcdn.com/110000-inspection/pc1_18DjPHf5g.jpg!m_fill,w_280,h_210,f_jpg?from=ke.com
20240620,海淀,二里庄,101123059981,石油大院  有电梯  户型方正  格局好,848万,106707元/平,低楼层 (共16层) 3室1厅 | 79.47平米 | 东南,https://ke-image.ljcdn.com/110000-inspection/pc1_hMvgj89pN.jpg!m_fill,w_280,h_210,f_jpg?from=ke.com
20240620,海淀,二里庄,101123021578,学院路30号院 南北朝向两居室 业主急售,525万,87793元/平,顶层 (共5层) 2室1厅 | 59.8平米 | 南 北,https://ke-image.ljcdn.com/110000-inspection/pc1_1dT981WvB.jpg!m_fill,w_280,h_210,f_jpg?from=ke.com
20240620,海淀,二里庄,101122989958,志新北里 石油分房南北通透、大阳台三居室诚心出售,645万,75175元/平,顶层 (共6层) 3室1厅 | 85.8平米 | 南 北,https://ke-image.ljcdn.com/110000-inspection/pc1_X46m4T54z_1.jpg!m_fill,w_280,h_210,f_jpg?from=ke.com
20240620,海淀,二里庄,101122979997,二里庄北里 南北通透2居 明厨明卫 商品房 精装修,530万,86744元/平,底层 (共6层) | 1994年 | 2室1厅 | 61.1平米 | 南 北,https://ke-image.ljcdn.com/110000-inspection/pc1_ckqOF7YgM.jpg!m_fill,w_280,h_210,f_jpg?from=ke.com
20240620,海淀,二里庄,101122964801,志新村小区 全明格局 满五唯一,452万,106454元/平,底层 (共6层) 1室1厅 | 42.46平米 | 南,https://ke-image.ljcdn.com/110000-inspection/00c202ea-b861-40b6-95e4-3e86df14c77b_1000.jpg!m_fill,w_280,h_210,f_jpg?from=ke.com
20240620,海淀,二里庄,101122941881,二里庄 正南一居室 户型方正 明厨明卫,396万,91880元/平,中楼层 (共6层) 1室1厅 | 43.1平米 | 南,https://ke-image.ljcdn.com/110000-inspection/pc1_h7TcxUOTF_1.jpg!m_fill,w_280,h_210,f_jpg?from=ke.com
20240620,海淀,二里庄,101122793388,志新北里 精装两居室 有客厅 采光好,535万,90220元/平,顶层 (共6层) 2室1厅 | 59.3平米 | 南,https://ke-image.ljcdn.com/110000-inspection/f401a561-2091-405c-8cd0-ca100383f668_1000.jpg!m_fill,w_280,h_210,f_jpg?from=ke.com
20240620,海淀,二里庄,101122713881,科技大学+南向一居+诚心出售+看房方便,380万,93781元/平,中楼层 (共5层) 1室1厅 | 40.52平米 | 南,https://ke-image.ljcdn.com/110000-inspection/e2e65ef5-b3d1-42f9-8edf-c8860e4646f7_1000.jpg!m_fill,w_280,h_210,f_jpg?from=ke.com
20240620,海淀,二里庄,101122699865,科技大学+南向两居+诚心出售+看房方便,559万,104292元/平,顶层 (共5层) 2室1厅 | 53.6平米 | 南,https://ke-image.ljcdn.com/110000-inspection/pc1_WR0Xy6jgK.jpg!m_fill,w_280,h_210,f_jpg?from=ke.com
20240620,海淀,二里庄,101122553213,健翔园东南向三居室户型方正满五年唯一商品房,998万,86303元/平,中楼层 (共24层) 3室1厅 | 115.64平米 | 东南,https://ke-image.ljcdn.com/110000-inspection/pc1_g3zsQ3pc5.jpg!m_fill,w_280,h_210,f_jpg?from=ke.com
20240620,海淀,二里庄,101122551961,产权清晰+满五年+诚心出售+有钥匙+业主随时签约房主自荐,540万,85579元/平,顶层 (共6层) 2室1厅 | 63.1平米 | 南 北,https://ke-image.ljcdn.com/110000-inspection/4f468275-c70d-421d-aa9c-ef7b17173bba_1000.jpg!m_fill,w_280,h_210,f_jpg?from=ke.com
20240620,海淀,二里庄,101122514130,科技大学 南北通透3居 明厨明卫 中楼层 诚意出售,687万,90634元/平,中楼层 (共4层) 3室1厅 | 75.8平米 | 南 北,https://ke-image.ljcdn.com/110000-inspection/ed7d5885-59fd-4ad0-bf08-b65450416cbb_1000.jpg!m_fill,w_280,h_210,f_jpg?from=ke.com
20240620,海淀,二里庄,101122505701,二里庄小区 低楼层 客厅有窗户的二居室,485万,85029元/平,底层 (共6层) | 1992年 | 2室1厅 | 57.04平米 | 南 西南 东北,https://ke-image.ljcdn.com/110000-inspection/53d09899-bf57-4048-97f5-4bae4666b043_1000.jpg!m_fill,w_280,h_210,f_jpg?from=ke.com
20240620,海淀,二里庄,101122500272,志新村+大一居室+带电梯+诚心出售+满五唯一,430万,83658元/平,高楼层 (共18层) 1室1厅 | 51.4平米 | 东南,https://ke-image.ljcdn.com/110000-inspection/2c431033-d76b-49c1-99c7-ffa205b389cf_1000.jpg!m_fill,w_280,h_210,f_jpg?from=ke.com
20240620,海淀,二里庄,101122495802,科大东门新楼三居高楼层视野佳诚意出售。,999万,101908元/平,高楼层 (共24层) 3室1厅 | 98.03平米 | 东南 北,https://ke-image.ljcdn.com/110000-inspection/2a912985-c859-467b-b72a-f71b11dea918_1000.jpg!m_fill,w_280,h_210,f_jpg?from=ke.com
20240620,海淀,二里庄,101122484039,石油大院 正规一居室 格局方正 电梯房高层 视野光线好,380万,82252元/平,高楼层 (共16层) 1室1厅 | 46.2平米 | 西北,https://ke-image.ljcdn.com/110000-inspection/87946aac-bfba-489d-86a3-790308fb423c_1000.jpg!m_fill,w_280,h_210,f_jpg?from=ke.com
20240620,海淀,二里庄,101122477832,科技大学+南北通透+中间楼层+诚心出售+看房方便,600万,105264元/平,中楼层 (共4层) 2室1厅 | 57平米 | 南 北,https://ke-image.ljcdn.com/110000-inspection/8d3100e3-2ebc-49f4-b1ff-a9bc3979509b_1000.jpg!m_fill,w_280,h_210,f_jpg?from=ke.com
20240620,海淀,二里庄,101122454425,科技大学+南北通透+满五唯  一+诚心出售,748万,91432元/平,底层 (共4层) 2室1厅 | 81.81平米 | 南 北,https://ke-image.ljcdn.com/110000-inspection/1ec27854-198f-4d64-899b-52b375982b53_1000.jpg!m_fill,w_280,h_210,f_jpg?from=ke.com
20240620,海淀,二里庄,101122412382,志新村 中间层 南向1居 业主诚心卖 不临街,430万,83658元/平,中楼层 (共18层) 1室1厅 | 51.4平米 | 南,https://ke-image.ljcdn.com/110000-inspection/pc1_7XIflJRdB.jpg!m_fill,w_280,h_210,f_jpg?from=ke.com
20240620,海淀,二里庄,101122407891,志新北里中间层南北通透三居室大客厅,750万,87413元/平,中楼层 (共6层) 3室1厅 | 85.8平米 | 南 北,https://ke-image.ljcdn.com/110000-inspection/pc1_zVFk0Z2tr.jpg!m_fill,w_280,h_210,f_jpg?from=ke.com
20240620,海淀,二里庄,101122349576,二里庄北里   低楼层  两居室有客厅  户型方正,465万,80730元/平,中楼层 (共6层) | 1994年 | 2室1厅 | 57.6平米 | 南 北,https://ke-image.ljcdn.com/110000-inspection/3e5466eb-01e4-4765-b202-b53a73bdd31a_1000.jpg!m_fill,w_280,h_210,f_jpg?from=ke.com
20240620,海淀,二里庄,101122349060,健翔园大两居室+满五唯一+价格好谈业主诚心出售,810万,94605元/平,高楼层 (共24层) 2室1厅 | 85.62平米 | 东 北,https://ke-image.ljcdn.com/110000-inspection/fb86159e-ee8b-4578-80e2-56251c61028d_1000.jpg!m_fill,w_280,h_210,f_jpg?from=ke.com
20240620,海淀,二里庄,101122245453,二里庄北里 南北两居室 中间层 随时签约,500万,86506元/平,中楼层 (共6层) 2室1厅 | 57.8平米 | 南 北,https://ke-image.ljcdn.com/110000-inspection/539d7de4-e1f4-4263-87fa-125ba3b2fc37_1000.jpg!m_fill,w_280,h_210,f_jpg?from=ke.com
20240620,海淀,二里庄,101122229436,志新北里 2室1厅 南,380万,64407元/平,地下室 (共6层) 2室1厅 | 59平米 | 南,https://ke-image.ljcdn.com/110000-inspection/7bedde2b-eb8c-46bc-baa2-27c86a12fd24_1000.jpg!m_fill,w_280,h_210,f_jpg?from=ke.com
20240620,海淀,二里庄,101122220280,志新村 塔楼 航天部三居室 双阳台,660万,91413元/平,高楼层 (共18层) 3室1厅 | 72.2平米 | 南,https://ke-image.ljcdn.com/110000-inspection/pc1_T9AxYDGN8.jpg!m_fill,w_280,h_210,f_jpg?from=ke.com
20240620,海淀,二里庄,101122185541,科技大学一层南北通透两居室诚心出售,450万,94162元/平,底层 (共4层) 2室1厅 | 47.79平米 | 南 北,https://ke-image.ljcdn.com/110000-inspection/pc1_V7urvN7PL.jpg!m_fill,w_280,h_210,f_jpg?from=ke.com
20240620,海淀,二里庄,101122116354,志新村 电梯房一居室 不临街无遮挡 楼下花园,520万,101168元/平,中楼层 (共18层) 1室1厅 | 51.4平米 | 东 南,https://ke-image.ljcdn.com/110000-inspection/fe37e798-4f17-4a64-8689-2bad3daea141_1000.jpg!m_fill,w_280,h_210,f_jpg?from=ke.com
20240620,海淀,二里庄,101122072510,志新村  3居室  有电梯   双阳台   采光好,720万,96257元/平,顶层 (共18层) 3室1厅 | 74.8平米 | 东南,https://ke-image.ljcdn.com/110000-inspection/7d2c59d0-957b-48dc-9fe4-c596124f67ee_1000.jpg!m_fill,w_280,h_210,f_jpg?from=ke.com
20240620,海淀,二里庄,101122052689,志新北里2居室 低楼层 旁边就是物美大卖场 生活便利房主自荐,550万,76178元/平,底层 (共6层) 2室1厅 | 72.2平米 | 东 西,https://ke-image.ljcdn.com/110000-inspection/dd917f7c-0537-4960-8d6c-21afe13d9276_1000.jpg!m_fill,w_280,h_210,f_jpg?from=ke.com
20240620,海淀,二里庄,101121801239,石油园内南北通透 精装修,850万,84653元/平,顶层 (共6层) 3室2厅 | 100.41平米 | 南 北,https://ke-image.ljcdn.com/110000-inspection/pc1_iZC7sJ3ht.jpg!m_fill,w_280,h_210,f_jpg?from=ke.com
20240620,海淀,二里庄,101121663983,科技大学 双南向两居室 采光好 全明格局,680万,117040元/平,高楼层 (共6层) 2室1厅 | 58.1平米 | 南,https://ke-image.ljcdn.com/110000-inspection/pc1_u7jNs7jQY.jpg!m_fill,w_280,h_210,f_jpg?from=ke.com
20240620,海淀,二里庄,101121648409,科技大学院内  可对外出售  南北通透 中间层房主自荐,680万,100592元/平,中楼层 (共5层) 3室1厅 | 67.6平米 | 南 北,https://ke-image.ljcdn.com/110000-inspection/pc1_OjXszWwVH.jpg!m_fill,w_280,h_210,f_jpg?from=ke.com
20240620,海淀,二里庄,101121597796,石油大院两居 东西通透 明厨明卫 满五年唯一商品房,460万,73872元/平,顶层 (共6层) 2室1厅 | 62.27平米 | 东 西,https://ke-image.ljcdn.com/110000-inspection/pc1_4IUT40OGd_1.jpg!m_fill,w_280,h_210,f_jpg?from=ke.com
20240620,海淀,二里庄,101121545319,健翔园正规一室一厅 居住舒适 2000年商品房 随时看,598万,99040元/平,中楼层 (共24层) 1室1厅 | 60.38平米 | 西南,https://ke-image.ljcdn.com/110000-inspection/pc1_gM3gnxbjy_1.jpg!m_fill,w_280,h_210,f_jpg?from=ke.com
20240620,海淀,二里庄,101121494927,二里庄北里+南向一居+诚心出售+看房提前联系,408万,98077元/平,高楼层 (共6层) 1室1厅 | 41.6平米 | 南,https://ke-image.ljcdn.com/110000-inspection/db964a95-d09a-49bd-9798-baa743fdb8f6_1000.jpg!m_fill,w_280,h_210,f_jpg?from=ke.com
20240620,海淀,二里庄,101121406014,店长推荐 石油大院 南北通透 中间层 两居室,468万,86347元/平,中楼层 (共6层) 2室1厅 | 54.2平米 | 南 北,https://ke-image.ljcdn.com/110000-inspection/pc1_eJL2GROdT.jpg!m_fill,w_280,h_210,f_jpg?from=ke.com
20240620,海淀,二里庄,101121056304,健翔园 朝南向三居 满五年一商品房 有电梯,1250万,90817元/平,低楼层 (共24层) | 2000年 | 3室2厅 | 137.64平米 | 西南,https://ke-image.ljcdn.com/110000-inspection/pc1_koxAfS9aj.jpg!m_fill,w_280,h_210,f_jpg?from=ke.com
20240620,海淀,二里庄,101121004940,志新北里 满五唯一 南北通透 中间楼层,558万,92538元/平,低楼层 (共6层) 2室1厅 | 60.3平米 | 南 北,https://ke-image.ljcdn.com/110000-inspection/pc1_jFZak5djj.jpg!m_fill,w_280,h_210,f_jpg?from=ke.com
20240620,海淀,二里庄,101120977739,二里庄 干休所 南北通透 带电梯 中间层 全明格局,818万,114246元/平,中楼层 (共6层) 3室1厅 | 71.6平米 | 南 北,https://ke-image.ljcdn.com/110000-inspection/pc1_lwLK9eslK.jpg!m_fill,w_280,h_210,f_jpg?from=ke.com
20240620,海淀,二里庄,101120931122,科技大学南北通透三居室 满五年唯一可以对外 诚心出售,990万,116198元/平,顶层 (共12层) 3室1厅 | 85.2平米 | 南 北,https://ke-image.ljcdn.com/110000-inspection/pc1_35Ic99sc5.jpg!m_fill,w_280,h_210,f_jpg?from=ke.com
20240620,海淀,二里庄,101120792078,志新村 板楼南北中间层 明厨明卫三居室,799万,105132元/平,中楼层 (共6层) 3室1厅 | 76平米 | 南 北,https://ke-image.ljcdn.com/110000-inspection/d0e398e9-0cb7-428d-aeca-087ecf82bef3_1000.jpg!m_fill,w_280,h_210,f_jpg?from=ke.com
20240620,海淀,二里庄,101120460667,科技大学院内有独立客厅两居 商品房可对外 随时可看,700万,102340元/平,高楼层 (共6层) 2室2厅 | 68.4平米 | 南 北,https://ke-image.ljcdn.com/110000-inspection/1d8b7c36-341e-485e-9bd6-600237745016_1000.jpg!m_fill,w_280,h_210,f_jpg?from=ke.com
20240620,海淀,二里庄,101120338933,太极小区板楼南北两居室 低楼层 不用爬楼,620万,103506元/平,底层 (共6层) 2室1厅 | 59.9平米 | 南 北,https://ke-image.ljcdn.com/110000-inspection/pc1_qdOxXvv5u.jpg!m_fill,w_280,h_210,f_jpg?from=ke.com
20240620,海淀,二里庄,101120320732,干休所 南北通透三居室 全明格局 精装修 看房方便房主自荐,808万,114936元/平,底层 (共6层) 3室1厅 | 70.3平米 | 南 北,https://ke-image.ljcdn.com/110000-inspection/pc1_uXPenY4Qj.jpg!m_fill,w_280,h_210,f_jpg?from=ke.com
20240620,海淀,二里庄,101120196374,健翔园南向两居2000年商品房户型方正视野开阔,739万,85592元/平,中楼层 (共24层) 2室1厅 | 86.34平米 | 南 东北,https://ke-image.ljcdn.com/110000-inspection/pc1_0t2G5mooY_1.jpg!m_fill,w_280,h_210,f_jpg?from=ke.com
20240620,海淀,二里庄,101120052203,满五唯一明厨明卫一居室安静不临街采光好,430万,101416元/平,高楼层 (共6层) 1室1厅 | 42.4平米 | 南,https://ke-image.ljcdn.com/110000-inspection/pc1_234Myf8PH.jpg!m_fill,w_280,h_210,f_jpg?from=ke.com
20240620,海淀,二里庄,101119781662,二里庄北里 南北两居室 板楼中间层 精装修出售,500万,81700元/平,中楼层 (共6层) | 1994年 | 2室1厅 | 61.2平米 | 南 北,https://ke-image.ljcdn.com/110000-inspection/5f5cf08e-b34a-4a4c-bf70-b0e88cde0ecc_1000.jpg!m_fill,w_280,h_210,f_jpg?from=ke.com
20240620,海淀,二里庄,101119345279,科技大学+南北通透+低楼层+诚心出售+看房方便,598万,104913元/平,中楼层 (共5层) 2室1厅 | 57平米 | 南 北,https://ke-image.ljcdn.com/110000-inspection/pc1_dzsjanqiQ.jpg!m_fill,w_280,h_210,f_jpg?from=ke.com
20240620,海淀,二里庄,101119165975,志新村小区板楼南北通透一层全明格局不临街 单位分房,645万,108222元/平,底层 (共6层) 2室1厅 | 59.6平米 | 南 北,https://ke-image.ljcdn.com/110000-inspection/2c497efe-fb3f-4ee1-9df1-5989974df8f1_1000.jpg!m_fill,w_280,h_210,f_jpg?from=ke.com
20240620,海淀,二里庄,101119015647,石油大院 全南向三居室 石油大学家属楼,987万,105000元/平,中楼层 (共16层) 3室1厅 | 94平米 | 南,https://ke-image.ljcdn.com/110000-inspection/992c6bc2-3a69-4993-be1e-1bb38de0a147_1000.jpg!m_fill,w_280,h_210,f_jpg?from=ke.com
20240620,海淀,二里庄,101117772657,科技大学 朝南一居室 满五年 随时可以签约,420万,113422元/平,低楼层 (共6层) 1室1厅 | 37.03平米 | 南,https://ke-image.ljcdn.com/110000-inspection/pc1_AzIKiWW1T.jpg!m_fill,w_280,h_210,f_jpg?from=ke.com
20240620,海淀,二里庄,101124983989,志新北里精装大两居 1997年楼龄 有租赁车位新上,747万,82725元/平,中楼层 (共14层) 2室1厅 | 90.3平米 | 东南 南,https://ke-image.ljcdn.com/110000-inspection/pc1_kjvGh1LfH.jpg!m_fill,w_280,h_210,f_jpg?from=ke.com
20240620,海淀,二里庄,101124944456,志新村塔楼带电梯一居室户型方正精装修。新上,460万,90374元/平,中楼层 (共18层) 1室1厅 | 50.9平米 | 南 北,https://ke-image.ljcdn.com/110000-inspection/2896a962-bc0d-477f-97fe-71bc87c22493_1000.jpg!m_fill,w_280,h_210,f_jpg?from=ke.com
20240620,海淀,二里庄,101124889715,志新村中石油央产大两居不临街采光好中高层视野开阔新上,515万,69784元/平,高楼层 (共18层) 2室1厅 | 73.8平米 | 西南,https://ke-image.ljcdn.com/110000-inspection/1cb0d5a4-995d-45bf-89b1-6cbef112c50a_1000.jpg!m_fill,w_280,h_210,f_jpg?from=ke.com
20240620,海淀,二里庄,101124807737,太极小区   2居室  明厨明卫  通风好,610万,105903元/平,底层 (共5层) 2室1厅 | 57.6平米 | 南 北,https://ke-image.ljcdn.com/110000-inspection/9423bd89-0550-4351-acfe-ab71535e6c25_1000.jpg!m_fill,w_280,h_210,f_jpg?from=ke.com
20240620,海淀,二里庄,101124793601,海淀北四环 健翔园 精装修2居 视野好 满五唯一,820万,86562元/平,高楼层 (共24层) 2室1厅 | 94.73平米 | 东 南 北,https://ke-image.ljcdn.com/110000-inspection/pc1_zFYTZklR3.jpg!m_fill,w_280,h_210,f_jpg?from=ke.com
20240620,海淀,二里庄,101124783924,二里庄电梯直达一居室独立客厅格局方正产权清晰房主自荐,385万,81741元/平,低楼层 (共18层) | 1994年 | 1室1厅 | 47.1平米 | 东南,https://ke-image.ljcdn.com/110000-inspection/8f71f76e-147e-4e62-93c5-3317781e482f_1000.jpg!m_fill,w_280,h_210,f_jpg?from=ke.com
20240620,海淀,二里庄,101124727589,石油大院两居室2000年满五年唯一随时看房,802万,92312元/平,低楼层 (共18层) 2室1厅 | 86.88平米 | 西南,https://ke-image.ljcdn.com/110000-inspection/pc1_9G1ajvARV.jpg!m_fill,w_280,h_210,f_jpg?from=ke.com
20240620,海淀,二里庄,101124367063,海淀区 健翔园 西/南/北2居 明卫  精装修 可观河景,750万,84852元/平,中楼层 (共24层) 2室1厅 | 88.39平米 | 西 南 北,https://ke-image.ljcdn.com/110000-inspection/pc1_6bHYGOdnz_1.jpg!m_fill,w_280,h_210,f_jpg?from=ke.com
20240620,海淀,二里庄,101124273473,健翔园 2000年商品房  东南北精装两居室 采光好房主自荐,880万,91079元/平,底层 (共24层) 2室1厅 | 96.62平米 | 东南 北,https://ke-image.ljcdn.com/110000-inspection/d83aa580-f0b0-4e2d-8f26-96602ae93e3a_1000.jpg!m_fill,w_280,h_210,f_jpg?from=ke.com
20240620,海淀,二里庄,101124238039,二里庄小区 中间位置 采光好 视野好,520万,93526元/平,高楼层 (共6层) 2室1厅 | 55.6平米 | 南 东 西,https://ke-image.ljcdn.com/110000-inspection/pc1_r3FAkqQFg.jpg!m_fill,w_280,h_210,f_jpg?from=ke.com
20240620,海淀,二里庄,101124132284,二里庄小区  低楼层 一居室  适合一家人居住,356万,88338元/平,底层 (共6层) 1室1厅 | 40.3平米 | 东北,https://ke-image.ljcdn.com/110000-inspection/a1f69a3a-2108-4aaa-860a-ade64faa22af_1000.jpg!m_fill,w_280,h_210,f_jpg?from=ke.com
20240620,海淀,二里庄,101124037745,志新村两居 带电梯 视野采光好 精装修 满五年唯一,550万,89286元/平,低楼层 (共18层) 2室1厅 | 61.6平米 | 东南,https://ke-image.ljcdn.com/110000-inspection/a9b3375e-e09e-401e-8f39-2ab39a81ecca_1000.jpg!m_fill,w_280,h_210,f_jpg?from=ke.com
20240620,海淀,二里庄,101124014278,石油大院内可对外出售的两居南北通透明厨明卫,680万,112770元/平,低楼层 (共6层) | 1983年 | 2室1厅 | 60.3平米 | 南 北,https://ke-image.ljcdn.com/110000-inspection/pc1_B0nTqeQjE.jpg!m_fill,w_280,h_210,f_jpg?from=ke.com
20240620,海淀,二里庄,101123970882,二里庄干休所 田字格小三居 南北通透 楼层好,750万,107914元/平,低楼层 (共6层) 3室1厅 | 69.5平米 | 南 北,https://ke-image.ljcdn.com/110000-inspection/pc1_vOhMqSuD6.jpg!m_fill,w_280,h_210,f_jpg?from=ke.com
20240620,海淀,二里庄,101123960329,健翔园西南三居 对小区里 安静宜居,1030万,88223元/平,低楼层 (共24层) 3室2厅 | 116.75平米 | 西南,https://ke-image.ljcdn.com/110000-inspection/5b459c5f-eee6-48ce-afcb-1dad1e957780_1000.jpg!m_fill,w_280,h_210,f_jpg?from=ke.com
20240620,海淀,二里庄,101123868070,志新北里三居室户型好全明格局看房有钥匙,570万,86364元/平,顶层 (共5层) 3室1厅 | 66平米 | 东 南 北,https://ke-image.ljcdn.com/110000-inspection/pc1_k8ISowg8n.jpg!m_fill,w_280,h_210,f_jpg?from=ke.com
20240620,海淀,二里庄,101123867883,学院路二里庄小区一居室高楼层采光好,320万,62869元/平,顶层 (共6层) 1室1厅 | 50.9平米 | 东 北,https://ke-image.ljcdn.com/110000-inspection/3d247d49-fd61-4ab8-b9a9-dc1b25cec337_1000.jpg!m_fill,w_280,h_210,f_jpg?from=ke.com
20240620,海淀,二里庄,101123855617,志新北里  格局方正  两个客厅 格局方正房主自荐,530万,81539元/平,顶层 (共6层) 2室2厅 | 65平米 | 南 北,https://ke-image.ljcdn.com/110000-inspection/ae52236a-769d-4657-819c-277d9ef34746_1000.jpg!m_fill,w_280,h_210,f_jpg?from=ke.com
20240620,海淀,二里庄,101123855322,二里庄小区 中间层  有装修 诚意出售,460万,91817元/平,中楼层 (共6层) 1室1厅 | 50.1平米 | 东,https://ke-image.ljcdn.com/110000-inspection/25fe5711-e7e2-402d-a63a-026222b39753_1000.jpg!m_fill,w_280,h_210,f_jpg?from=ke.com
20240620,海淀,二里庄,101123854796,石油二里庄南向一居室 小区中间位置  不临街,395万,94048元/平,顶层 (共6层) 1室1厅 | 42平米 | 南,https://ke-image.ljcdn.com/110000-inspection/fe1ecc89-40d9-4c6c-b159-3d4f61cfdee2_1000.jpg!m_fill,w_280,h_210,f_jpg?from=ke.com
20240620,海淀,二里庄,101123669325,石油大院 南北通透大三居 全明格局 可对外出售,1042万,99523元/平,中楼层 (共6层) 3室2厅 | 104.7平米 | 南 北,https://ke-image.ljcdn.com/110000-inspection/pc1_2xqRJ5zjP.jpg!m_fill,w_280,h_210,f_jpg?from=ke.com
20240620,海淀,二里庄,101123667972,科技大学板楼带电梯南北通透高楼层看房随时有钥匙。,880万,101970元/平,高楼层 (共12层) 3室1厅 | 86.3平米 | 南 北,https://ke-image.ljcdn.com/110000-inspection/4a3ae906-341d-4e7f-998f-b79200cc1a82_1000.jpg!m_fill,w_280,h_210,f_jpg?from=ke.com
20240620,海淀,二里庄,101123667849,二里庄南北通透两居室无遮挡业主急售,445万,79864元/平,顶层 (共6层) 2室1厅 | 55.72平米 | 南 北,https://ke-image.ljcdn.com/110000-inspection/pc1_O4AB70STk.jpg!m_fill,w_280,h_210,f_jpg?from=ke.com
20240620,海淀,二里庄,101123666844,二里庄第四干休所三居室+满五年成本价房+随时看房,650万,92068元/平,顶层 (共6层) 3室1厅 | 70.6平米 | 南 北,https://ke-image.ljcdn.com/110000-inspection/c427cf55-89aa-4e70-a0e0-86f0aa522845_1000.jpg!m_fill,w_280,h_210,f_jpg?from=ke.com
20240620,海淀,二里庄,101123658331,科技大学院内 南北三居 全明格局 电梯直达,865万,100372元/平,中楼层 (共12层) 3室1厅 | 86.18平米 | 南 北,https://ke-image.ljcdn.com/110000-inspection/70a47631-e008-4aa6-bf05-286c37729136_1000.jpg!m_fill,w_280,h_210,f_jpg?from=ke.com
20240620,海淀,二里庄,101123611188,志新村 南北通透有客厅两居 2层 明厨明卫 小区中间,535万,91925元/平,低楼层 (共6层) 2室1厅 | 58.2平米 | 南 北,https://ke-image.ljcdn.com/110000-inspection/pc1_Z4sioS82B.jpg!m_fill,w_280,h_210,f_jpg?from=ke.com
20240620,海淀,二里庄,101123604289,志新村小区一居 有电梯 满五唯一 业主随时签约,390万,76621元/平,中楼层 (共18层) 1室1厅 | 50.9平米 | 南,https://ke-image.ljcdn.com/110000-inspection/pc1_2KBbT8nfz.jpg!m_fill,w_280,h_210,f_jpg?from=ke.com
20240620,海淀,二里庄,101123591715,二里庄北里2居室 南北向 满五年唯一,570万,90910元/平,高楼层 (共6层) 2室1厅 | 62.7平米 | 南 北,https://ke-image.ljcdn.com/110000-inspection/a4e9d339-7688-4a56-9318-6f54c87ec05b_1000.jpg!m_fill,w_280,h_210,f_jpg?from=ke.com
20240620,海淀,二里庄,101123591418,科技大学总价少两居室明厨明卫看房方便诚意出售,470万,96988元/平,顶层 (共4层) 2室1厅 | 48.46平米 | 南 北,https://ke-image.ljcdn.com/110000-inspection/pc1_2YdU0ipMd.jpg!m_fill,w_280,h_210,f_jpg?from=ke.com
20240620,海淀,二里庄,101123581087,满五年南北户型少有的复式楼龄新2006年建成,1466万,153444元/平,顶层 (共10层) 4室2厅 | 95.54平米 | 南 北,https://ke-image.ljcdn.com/110000-inspection/pc1_szpfKZJST_1.jpg!m_fill,w_280,h_210,f_jpg?from=ke.com
20240620,海淀,二里庄,101123559575,二里庄小区通透两居 低楼层 新改造房主自荐,498万,80194元/平,低楼层 (共6层) 2室1厅 | 62.1平米 | 东 西,https://ke-image.ljcdn.com/110000-inspection/ad87e093-ac74-447d-8f38-3b6f97c557d3_1000.jpg!m_fill,w_280,h_210,f_jpg?from=ke.com
20240620,海淀,二里庄,101123513630,学院路石油大院青年园2006年次新房南北3居诚意出售,1600万,132090元/平,底层 (共9层) 3室2厅 | 121.13平米 | 南 北,https://ke-image.ljcdn.com/110000-inspection/pc1_0vxHcKkQd.jpg!m_fill,w_280,h_210,f_jpg?from=ke.com
20240620,海淀,二里庄,101123475334,健翔园东向大3居不临街大客厅双阳台,1088万,79748元/平,低楼层 (共24层) 3室1厅 | 136.43平米 | 东南,https://ke-image.ljcdn.com/110000-inspection/pc1_nlucTMrDj.jpg!m_fill,w_280,h_210,f_jpg?from=ke.com
20240620,海淀,二里庄,101123452273,二里庄小区 教育部家属楼 管理好 全明格局 诚心出售,850万,108557元/平,中楼层 (共18层) 3室1厅 | 78.3平米 | 东 南 西 北,https://ke-image.ljcdn.com/110000-inspection/d71182f7-96f2-4878-b95d-8b16b7189a34_1000.jpg!m_fill,w_280,h_210,f_jpg?from=ke.com
20240620,海淀,二里庄,101123325180,学院路志新北里满五唯一中间层南北精装3居随时看房主自荐,880万,105138元/平,低楼层 (共6层) 3室1厅 | 83.7平米 | 南 北,https://ke-image.ljcdn.com/110000-inspection/59a564c1-8e99-4014-803a-7b28a2dcf38a_1000.jpg!m_fill,w_280,h_210,f_jpg?from=ke.com
20240620,海淀,二里庄,101123309629,石油大院可以对外两居 全名格局 东西通透 满五年唯一,625万,94928元/平,中楼层 (共6层) 2室1厅 | 65.84平米 | 东 西,https://ke-image.ljcdn.com/110000-inspection/pc1_gT9le1zXh.jpg!m_fill,w_280,h_210,f_jpg?from=ke.com
20240620,海淀,二里庄,101123299007,南北通透三居室 楼栋位置好精装修 户型方正好利用,699万,87158元/平,顶层 (共6层) 3室1厅 | 80.2平米 | 南 北,https://ke-image.ljcdn.com/110000-inspection/pc1_uG4wgWeJ3.jpg!m_fill,w_280,h_210,f_jpg?from=ke.com
20240620,海淀,二里庄,101123297431,志新西路七号院南北两居 大客厅,570万,90910元/平,顶层 (共6层) 2室1厅 | 62.7平米 | 南 北,https://ke-image.ljcdn.com/110000-inspection/5d734eb4-18ed-48e4-ae00-1c0ac338a724_1000.jpg!m_fill,w_280,h_210,f_jpg?from=ke.com
20240620,海淀,二里庄,101123296339,志新村精装一居 正南向 户型方正  拎包入住,436万,103074元/平,顶层 (共6层) | 1994年 | 1室1厅 | 42.3平米 | 南,https://ke-image.ljcdn.com/110000-inspection/pc1_IogZkUeRK.jpg!m_fill,w_280,h_210,f_jpg?from=ke.com
20240620,海淀,二里庄,101123295381,志新东路甲8号 正南向两居室 户型方正,526万,98873元/平,底层 (共6层) | 1989年 | 2室1厅 | 53.2平米 | 南,https://ke-image.ljcdn.com/110000-inspection/pc1_Sitka0ipM.jpg!m_fill,w_280,h_210,f_jpg?from=ke.com
20240620,海淀,二里庄,101123267219,志新北里低层三居室南北向大客厅,730万,86596元/平,底层 (共6层) | 1995年 | 3室1厅 | 84.3平米 | 南 北,https://ke-image.ljcdn.com/110000-inspection/pc1_IJfm05r1g.jpg!m_fill,w_280,h_210,f_jpg?from=ke.com
20240620,海淀,二里庄,101123162994,二里庄南向精装修两居满五年唯一业主诚心出售。,580万,93624元/平,高楼层 (共6层) 2室1厅 | 61.95平米 | 南,https://ke-image.ljcdn.com/110000-inspection/c4cef18c-ca8e-45da-a013-106e669bcccb_1000.jpg!m_fill,w_280,h_210,f_jpg?from=ke.com
20240620,海淀,二里庄,101123107983,健翔园  3居室  有电梯  大客厅,980万,82869元/平,低楼层 (共24层) 3室1厅 | 118.26平米 | 西南 北,https://ke-image.ljcdn.com/110000-inspection/81b14e8f-5db4-45f1-98f8-8fd0dd115a02_1000.jpg!m_fill,w_280,h_210,f_jpg?from=ke.com
20240620,海淀,二里庄,101123107764,志新村小区低层全明格局两居业主诚意出售,630万,97675元/平,底层 (共6层) 2室1厅 | 64.5平米 | 东 南 北,https://ke-image.ljcdn.com/110000-inspection/pc1_75SHoErCD_1.jpg!m_fill,w_280,h_210,f_jpg?from=ke.com
20240620,海淀,二里庄,101123017115,七号院 南北通透三居 有客厅 价格低,440万,60357元/平,地下室 (共6层) 3室1厅 | 72.9平米 | 南 北,https://ke-image.ljcdn.com/110000-inspection/pc1_JA8WzkFfE_1.jpg!m_fill,w_280,h_210,f_jpg?from=ke.com
20240620,海淀,二里庄,101123014336,科技大学大客厅明厨明卫南北2居满五唯一可对外出售,638万,98457元/平,底层 (共6层) 2室1厅 | 64.8平米 | 南 北,https://ke-image.ljcdn.com/110000-inspection/pc1_26K1Nx1GR.jpg!m_fill,w_280,h_210,f_jpg?from=ke.com
20240620,海淀,二里庄,101123013244,健翔园 满五唯一楼层高视野好采光较好层高高,750万,90460元/平,高楼层 (共24层) | 2001年 | 2室1厅 | 82.91平米 | 东 北,https://ke-image.ljcdn.com/110000-inspection/pc1_qOTvrjgib.jpg!m_fill,w_280,h_210,f_jpg?from=ke.com
20240620,海淀,二里庄,101122997053,带电梯电梯直达户型方正全明格局。,560万,92916元/平,高楼层 (共16层) 2室1厅 | 60.27平米 | 西北,https://ke-image.ljcdn.com/110000-inspection/pc1_RGMVxDEBu.jpg!m_fill,w_280,h_210,f_jpg?from=ke.com
20240620,海淀,二里庄,101122989543,二里庄小区 南北通透3居室 中间层 安静不临街 急售,810万,104950元/平,中楼层 (共6层) 3室1厅 | 77.18平米 | 南 北,https://ke-image.ljcdn.com/110000-inspection/pc1_GzmDGKbw3_1.jpg!m_fill,w_280,h_210,f_jpg?from=ke.com
20240620,海淀,二里庄,101122987940,石油大院 中间层 南北通透 可以对外 业主诚心出售,568万,96109元/平,低楼层 (共6层) 2室1厅 | 59.1平米 | 南 北,https://ke-image.ljcdn.com/110000-inspection/pc1_AvszLVsZb.jpg!m_fill,w_280,h_210,f_jpg?from=ke.com
20240620,海淀,二里庄,101122986306,志新村小区 航天部家属楼 南北通透 明厨明卫,760万,88889元/平,高楼层 (共18层) 3室1厅 | 85.5平米 | 南 北,https://ke-image.ljcdn.com/110000-inspection/pc1_xmWaP56sN_1.jpg!m_fill,w_280,h_210,f_jpg?from=ke.com
20240620,海淀,二里庄,101122985056,青年园内 宝石花物业 电梯房中高楼层 满五年精装修,455万,106309元/平,中楼层 (共16层) 1室1厅 | 42.8平米 | 南,https://ke-image.ljcdn.com/110000-inspection/pc1_bn8F8fpRO.jpg!m_fill,w_280,h_210,f_jpg?from=ke.com
20240620,海淀,二里庄,101122982550,石油大院青年园小三居低楼层看房随时,558万,98937元/平,底层 (共6层) 3室1厅 | 56.4平米 | 南 北,https://ke-image.ljcdn.com/110000-inspection/pc1_bwAJoOuvX.jpg!m_fill,w_280,h_210,f_jpg?from=ke.com
20240620,海淀,二里庄,101122980464,志新北里满五唯一有电梯97年钢混大客厅3居,600万,80863元/平,低楼层 (共13层) 3室1厅 | 74.2平米 | 东 西,https://ke-image.ljcdn.com/110000-inspection/1e906238-0477-44e7-96d7-764e76941dc5_1000.jpg!m_fill,w_280,h_210,f_jpg?from=ke.com
20240620,海淀,二里庄,101122693895,健翔园南向2居精装修满五唯一看房方便,770万,91493元/平,低楼层 (共24层) 2室1厅 | 84.16平米 | 南,https://ke-image.ljcdn.com/110000-inspection/7b85b2e8-dec4-42c3-9182-d383da022b71_1000.jpg!m_fill,w_280,h_210,f_jpg?from=ke.com
20240620,海淀,二里庄,101122691192,志新北里 石油 南北通透 满五年成本价购房,390万,69643元/平,地下室 (共6层) 3室1厅 | 56平米 | 南 北,https://ke-image.ljcdn.com/110000-inspection/pc1_aq8WTaRTn_1.jpg!m_fill,w_280,h_210,f_jpg?from=ke.com
20240620,海淀,二里庄,101122563731,北京科技大学院长楼  有电梯钢混结构 可以对外,2200万,168609元/平,中楼层 (共8层) 3室2厅 | 130.48平米 | 南 北,https://ke-image.ljcdn.com/110000-inspection/d096ee2c-88d2-4345-a585-f6dc6c916af5_1000.jpg!m_fill,w_280,h_210,f_jpg?from=ke.com
20240620,海淀,二里庄,101122537701,志新北里南北通透二居室户型好看房有钥匙,595万,94295元/平,底层 (共6层) 2室1厅 | 63.1平米 | 南 北,https://ke-image.ljcdn.com/110000-inspection/aa39d3b8-4ad5-40a4-8af5-c8116b957386_1000.jpg!m_fill,w_280,h_210,f_jpg?from=ke.com
20240620,海淀,二里庄,101122522853,志新村 满五唯一 中间层 小区中间 有客厅 采光好,408万,82592元/平,高楼层 (共6层) 1室1厅 | 49.4平米 | 南 西,https://ke-image.ljcdn.com/110000-inspection/pc1_lzGCS1Euh.jpg!m_fill,w_280,h_210,f_jpg?from=ke.com
20240620,海淀,二里庄,101122392816,南向一居室户型好中间楼层老少居住皆宜,345万,78948元/平,低楼层 (共6层) 1室1厅 | 43.7平米 | 南,https://ke-image.ljcdn.com/110000-inspection/pc1_RA7Eq82oZ.jpg!m_fill,w_280,h_210,f_jpg?from=ke.com
20240620,海淀,二里庄,101122262105,志新村小区精装2居室电梯直达满五年唯一,540万,87663元/平,低楼层 (共18层) 2室1厅 | 61.6平米 | 南 东,https://ke-image.ljcdn.com/110000-inspection/pc1_ro4Qwhmzs.jpg!m_fill,w_280,h_210,f_jpg?from=ke.com
20240620,海淀,二里庄,101122108370,满五年唯一复式 业主诚意出售 看房提前联系 诚意出售,1490万,70201元/平,顶层 (共6层) 5室2厅 | 212.25平米 | 南 北,https://ke-image.ljcdn.com/110000-inspection/pc1_IPLl8HHLL.jpg!m_fill,w_280,h_210,f_jpg?from=ke.com
20240620,海淀,二里庄,101121820547,二里庄商圈 七号院 精装两居室 业主诚售,390万,65768元/平,地下室 (共6层) 2室1厅 | 59.3平米 | 南 北,https://ke-image.ljcdn.com/110000-inspection/pc1_1N9jEbuPR.jpg!m_fill,w_280,h_210,f_jpg?from=ke.com
20240620,海淀,二里庄,101121752843,海淀健翔园大二居满五唯一安静宜居视野开阔可观西山房主自荐,935万,97043元/平,中楼层 (共24层) 2室1厅 | 96.35平米 | 西北,https://ke-image.ljcdn.com/110000-inspection/pc1_TPgKFFXwJ.jpg!m_fill,w_280,h_210,f_jpg?from=ke.com
20240620,海淀,二里庄,101121630148,二里庄小区1居室 中高楼层电梯直达,539万,118202元/平,中楼层 (共18层) 1室1厅 | 45.6平米 | 东 南,https://ke-image.ljcdn.com/110000-inspection/pc1_Fvn1mujvg.jpg!m_fill,w_280,h_210,f_jpg?from=ke.com
20240620,海淀,二里庄,101121592097,满五年家庭唯一住宅有电梯采光和视野很好,503万,98822元/平,高楼层 (共18层) 1室1厅 | 50.9平米 | 南,https://ke-image.ljcdn.com/110000-inspection/42cd9823-f38a-4ce3-b2e2-77608391375f_1000.jpg!m_fill,w_280,h_210,f_jpg?from=ke.com
20240620,海淀,二里庄,101121513516,二里庄北里2居室 南北通透中楼层,520万,80000元/平,中楼层 (共6层) 2室1厅 | 65平米 | 南 北,https://ke-image.ljcdn.com/110000-inspection/pc1_Q7XDOiCuL.jpg!m_fill,w_280,h_210,f_jpg?from=ke.com
20240620,海淀,二里庄,101121367564,南北通透大两居 楼龄新 带固定车位 可安充电桩 诚售,890万,93576元/平,底层 (共6层) 2室1厅 | 95.11平米 | 南 北,https://ke-image.ljcdn.com/110000-inspection/pc1_f3ZPsddgK.jpg!m_fill,w_280,h_210,f_jpg?from=ke.com
20240620,海淀,二里庄,101121346864,海淀健翔园西南三居满五唯一安静宜居视野开阔可观西山房主自荐,1090万,93699元/平,中楼层 (共24层) 3室2厅 | 116.33平米 | 西南,https://ke-image.ljcdn.com/110000-inspection/pc1_I3X3I8R2M.jpg!m_fill,w_280,h_210,f_jpg?from=ke.com
20240620,海淀,二里庄,101121291841,石油大院南北两居采光视野好带客厅适合居住。,690万,105667元/平,高楼层 (共6层) 2室1厅 | 65.3平米 | 南 北,https://ke-image.ljcdn.com/110000-inspection/pc1_j0Fqyj5N5_1.jpg!m_fill,w_280,h_210,f_jpg?from=ke.com
20240620,海淀,二里庄,101121272813,志新北里 3室1厅 西 东,650万,91165元/平,底层 (共13层) 3室1厅 | 71.3平米 | 西 东,https://ke-image.ljcdn.com/110000-inspection/pc1_Ibi413iX9.jpg!m_fill,w_280,h_210,f_jpg?from=ke.com
20240620,海淀,二里庄,101121219500,石油大院20号院三居室  可以对外  业主诚心出售。,860万,88215元/平,顶层 (共6层) 3室2厅 | 97.49平米 | 南 北,https://ke-image.ljcdn.com/110000-inspection/pc1_0oaf5V69w.jpg!m_fill,w_280,h_210,f_jpg?from=ke.com
20240620,海淀,二里庄,101121133615,志新北里南北通透三居双阳台采光好安静满五年不临街房主自荐,813万,93772元/平,顶层 (共6层) | 1995年 | 3室1厅 | 86.7平米 | 南 北,https://ke-image.ljcdn.com/110000-inspection/pc1_q0A8CSoTu_1.jpg!m_fill,w_280,h_210,f_jpg?from=ke.com
20240620,海淀,二里庄,101121049448,二里庄小区1居室 电梯房 采光视野好,380万,88993元/平,高楼层 (共18层) 1室1厅 | 42.7平米 | 东南,https://ke-image.ljcdn.com/110000-inspection/pc1_RxWgr88pB.jpg!m_fill,w_280,h_210,f_jpg?from=ke.com
20240620,海淀,二里庄,101120997807,科大校内可对外出售精装双南2居房主自荐,495万,99960元/平,中楼层 (共4层) 2室1厅 | 49.52平米 | 南,https://ke-image.ljcdn.com/110000-inspection/pc1_VjYzAS7eF.jpg!m_fill,w_280,h_210,f_jpg?from=ke.com
20240620,海淀,二里庄,101120989833,志新村大客厅东南两居 视野开阔 阳光充足,499万,77365元/平,顶层 (共6层) 2室1厅 | 64.5平米 | 东 南 北,https://ke-image.ljcdn.com/110000-inspection/pc1_RPqVLOCYz.jpg!m_fill,w_280,h_210,f_jpg?from=ke.com
20240620,海淀,二里庄,101120986158,石油大院南向一居室有客厅户型好楼层好,465万,106897元/平,底层 (共6层) 1室1厅 | 43.5平米 | 南,https://ke-image.ljcdn.com/110000-inspection/331cd372-df1b-4ec1-b248-b4d9d4541bd3_1000.jpg!m_fill,w_280,h_210,f_jpg?from=ke.com
20240620,海淀,二里庄,101120870771,志新村 南向一居 满五唯一 有坡屋顶 小区中间位置房主自荐,406万,95755元/平,顶层 (共6层) | 1989年 | 1室1厅 | 42.4平米 | 南,https://ke-image.ljcdn.com/110000-inspection/pc1_CVVbaEVAY_1.jpg!m_fill,w_280,h_210,f_jpg?from=ke.com
20240620,海淀,二里庄,101119960194,志新村南北通透全明格局方正户型通风采光好,696万,93549元/平,底层 (共6层) 3室1厅 | 74.4平米 | 南 北,https://ke-image.ljcdn.com/110000-inspection/90a34ef8-47c9-4d6c-bbf7-b5c2e36f0c73_1000.jpg!m_fill,w_280,h_210,f_jpg?from=ke.com
20240620,海淀,二里庄,101119925879,石油大院内南北通透全明格局三居室带独立客厅,1090万,112395元/平,底层 (共6层) 3室1厅 | 96.98平米 | 南 北,https://ke-image.ljcdn.com/110000-inspection/pc1_cjKmgPS2p.jpg!m_fill,w_280,h_210,f_jpg?from=ke.com
20240620,海淀,二里庄,101119337291,科技大学+南北通透+诚心出售+低楼层,550万,89870元/平,中楼层 (共5层) 2室1厅 | 61.2平米 | 南 北,https://ke-image.ljcdn.com/110000-inspection/5e973288-1baa-4013-b158-0bb29fde74f0_1000.jpg!m_fill,w_280,h_210,f_jpg?from=ke.com
20240620,海淀,二里庄,101119211050,石油大院可对外中间层东向两居满五唯一央产单位分房,449万,82100元/平,高楼层 (共6层) 2室1厅 | 54.69平米 | 东,https://ke-image.ljcdn.com/110000-inspection/pc1_Y7huy0D3I.jpg!m_fill,w_280,h_210,f_jpg?from=ke.com
20240620,海淀,二里庄,101119211006,石油大院  带电梯 两居室   户型方正,840万,96965元/平,高楼层 (共16层) 2室2厅 | 86.63平米 | 南,https://ke-image.ljcdn.com/110000-inspection/0f0d1372-6222-45c9-9b34-527e6c265791_1000.jpg!m_fill,w_280,h_210,f_jpg?from=ke.com
20240620,海淀,二里庄,101118541784,太极小区 南北通透三居室 不临街 中间楼层房主自荐,790万,94385元/平,中楼层 (共6层) | 1993年 | 3室1厅 | 83.7平米 | 南 北,https://ke-image.ljcdn.com/110000-inspection/pc1_ibWyDOAUC.jpg!m_fill,w_280,h_210,f_jpg?from=ke.com
20240620,海淀,二里庄,101117839907,地铁15号线石油大院院内石油附南北精装小3居,580万,102837元/平,低楼层 (共6层) 3室1厅 | 56.4平米 | 南 北,https://ke-image.ljcdn.com/110000-inspection/pc1_6eZtXOwzj.jpg!m_fill,w_280,h_210,f_jpg?from=ke.com
20240620,海淀,二里庄,101117834670,志新北里 大客厅两居室 业主诚意出售 随时签约,360万,54299元/平,地下室 (共6层) 2室1厅 | 66.3平米 | 南 北,https://ke-image.ljcdn.com/110000-inspection/pc1_oOXGGSBJv_1.jpg!m_fill,w_280,h_210,f_jpg?from=ke.com
20240620,海淀,二里庄,101124982725,太极小区 1室1厅 南新上,425万,97702元/平,中楼层 (共18层) 1室1厅 | 43.5平米 | 南,https://s1.ljcdn.com/pegasus/redskull/images/common/default_house_list.png?_v=20240619172644202
20240620,海淀,二里庄,101124931884,科技大学 2室1厅 南新上,495万,90494元/平,中楼层 (共5层) 2室1厅 | 54.7平米 | 南,https://s1.ljcdn.com/pegasus/redskull/images/common/default_house_list.png?_v=20240619172644202
20240620,海淀,二里庄,101124883775,满五年唯一户型方正客厅可利用。阳光充足新上,530万,84936元/平,高楼层 (共6层) | 1994年 | 2室1厅 | 62.4平米 | 东 西,https://s1.ljcdn.com/pegasus/redskull/images/common/default_house_list.png?_v=20240619172644202
20240620,海淀,二里庄,101124866372,志新北里 2室1厅 南,560万,94436元/平,中楼层 (共6层) 2室1厅 | 59.3平米 | 南,https://s1.ljcdn.com/pegasus/redskull/images/common/default_house_list.png?_v=20240619172644202
20240620,海淀,二里庄,101124858460,二里庄  一居室  一家人居住  产权清晰,360万,73171元/平,高楼层 (共6层) | 1993年 | 1室1厅 | 49.2平米 | 东北,https://s1.ljcdn.com/pegasus/redskull/images/common/default_house_list.png?_v=20240619172644202
20240620,海淀,二里庄,101124827954,二里庄干休所 南北通透三居室有电梯不临街诚心卖,696万,99005元/平,中楼层 (共6层) 3室1厅 | 70.3平米 | 南 北,https://s1.ljcdn.com/pegasus/redskull/images/common/default_house_list.png?_v=20240619172644202
20240620,海淀,二里庄,101124717699,二里庄小区一居满五年唯一商品房全明格局采光好,385万,89328元/平,顶层 (共6层) 1室1厅 | 43.1平米 | 南,https://s1.ljcdn.com/pegasus/redskull/images/common/default_house_list.png?_v=20240619172644202
20240620,海淀,二里庄,101124651082,房子是板楼中间层采光视野都不错客厅有明窗,588万,93482元/平,中楼层 (共6层) 2室1厅 | 62.9平米 | 西北,https://s1.ljcdn.com/pegasus/redskull/images/common/default_house_list.png?_v=20240619172644202
20240620,海淀,二里庄,101123920481,科技大学 板楼带电梯三居室 全明格局 客厅带窗户,840万,108809元/平,顶层 (共6层) 3室1厅 | 77.2平米 | 东 南 北,https://s1.ljcdn.com/pegasus/redskull/images/common/default_house_list.png?_v=20240619172644202
