20240802,西城,马连道,101125441059,三义东里 满5唯一商品房   南北通透 采光视野好必看好房,508万,82845元/平,低楼层 (共6层) | 1983年 | 2室1厅 | 61.32平米 | 南 北,https://ke-image.ljcdn.com/110000-inspection/pc1_vqW33r0FG_1.jpg!m_fill,w_280,h_210,f_jpg?from=ke.com
20240802,西城,马连道,101125402969,西城广外满五年唯一中间楼层没有遮挡采光视野好必看好房,1288万,91869元/平,高楼层 (共28层) | 2003年 | 3室1厅 | 140.2平米 | 南,https://ke-image.ljcdn.com/110000-inspection/pc1_dXmo690Ju.jpg!m_fill,w_280,h_210,f_jpg?from=ke.com
20240802,西城,马连道,101125382297,满5年房改房；中楼层无遮挡；随时看；优质房必看好房,450万,82843元/平,中楼层 (共6层) 2室1厅 | 54.32平米 | 东 西,https://ke-image.ljcdn.com/110000-inspection/0f3feee3-746a-4325-a8f3-f3abf8175d99_1000.jpg!m_fill,w_280,h_210,f_jpg?from=ke.com
20240802,西城,马连道,101125252804,马连道中里 南北通透两居 满五唯一央产房 配套齐全必看好房,540万,89851元/平,高楼层 (共6层) 2室1厅 | 60.1平米 | 南 北,https://ke-image.ljcdn.com/110000-inspection/pc1_cmtnZUMW4.jpg!m_fill,w_280,h_210,f_jpg?from=ke.com
20240802,西城,马连道,101125080889,西城区西南两居室精装修采光好诚心卖必看好房,445万,81338元/平,中楼层 (共6层) 2室1厅 | 54.71平米 | 西南,https://ke-image.ljcdn.com/110000-inspection/pc1_IwzBK4lch.jpg!m_fill,w_280,h_210,f_jpg?from=ke.com
20240802,西城,马连道,101125656207,红莲中里 此房满五唯一 全南向 全屋精装修 近地铁必看好房,410万,85257元/平,低楼层 (共18层) | 1985年 | 2室1厅 | 48.09平米 | 南,https://ke-image.ljcdn.com/110000-inspection/pc1_xeWtEaMWS_1.jpg!m_fill,w_280,h_210,f_jpg?from=ke.com
20240802,西城,马连道,101125428146,西城区 格调小区 南北通透三居,1530万,112558元/平,中楼层 (共14层) | 2005年 | 3室1厅 | 135.93平米 | 南 北,https://ke-image.ljcdn.com/110000-inspection/pc1_ZBMRJVm5N.jpg!m_fill,w_280,h_210,f_jpg?from=ke.com
20240802,西城,马连道,101125073515,北欧印象 1室1厅 西必看好房,410万,87908元/平,高楼层 (共25层) 1室1厅 | 46.64平米 | 西,https://ke-image.ljcdn.com/110000-inspection/97d3374f-ff76-4ab6-8ed6-dad59b45eb24_1000.jpg!m_fill,w_280,h_210,f_jpg?from=ke.com
20240802,西城,马连道,101125043032,三义西里 2室1厅 南 北必看好房,450万,83026元/平,中楼层 (共5层) 2室1厅 | 54.2平米 | 南 北,https://ke-image.ljcdn.com/110000-inspection/a76938d3-fe03-433e-9dc5-fafc47e45d67_1000.jpg!m_fill,w_280,h_210,f_jpg?from=ke.com
20240802,西城,马连道,101124921142,丽泽商务区北区 板楼两居室 楼层适中必看好房,228万,49555元/平,低楼层 (共6层) 2室1厅 | 46.01平米 | 北,https://ke-image.ljcdn.com/110000-inspection/pc1_wOHcahFhN_1.jpg!m_fill,w_280,h_210,f_jpg?from=ke.com
20240802,西城,马连道,101124774063,马连道路5号院 物业管理小区 南北通透两居必看好房,508万,86690元/平,中楼层 (共6层) 2室1厅 | 58.6平米 | 南 北,https://ke-image.ljcdn.com/110000-inspection/pc1_QtyI4k4Rt.jpg!m_fill,w_280,h_210,f_jpg?from=ke.com
20240802,西城,马连道,101124714672,满五年唯一  业主诚心出售  楼层好  视野佳必看好房,606万,53449元/平,中楼层 (共24层) 3室1厅 | 113.38平米 | 东南 北,https://ke-image.ljcdn.com/110000-inspection/pc1_wIEfGHjbo.jpg!m_fill,w_280,h_210,f_jpg?from=ke.com
20240802,西城,马连道,101124679984,满五年正规三居室南北通透经典田字格户型非顶层必看好房,558万,81425元/平,高楼层 (共6层) 3室1厅 | 68.53平米 | 南 北,https://ke-image.ljcdn.com/110000-inspection/pc1_e1xEqYmHu.jpg!m_fill,w_280,h_210,f_jpg?from=ke.com
20240802,西城,马连道,101124556286,《店长推荐》丽泽雅园 两居室 丽泽商务区 业主诚售,499万,62894元/平,高楼层 (共24层) | 2009年 | 2室1厅 | 79.34平米 | 北,https://ke-image.ljcdn.com/110000-inspection/pc1_LSJo9AFIk.jpg!m_fill,w_280,h_210,f_jpg?from=ke.com
20240802,西城,马连道,101124543184,西城格调小区花园社区精装修两居室急售高层视野好。必看好房,895万,92497元/平,中楼层 (共23层) 2室1厅 | 96.76平米 | 西北,https://ke-image.ljcdn.com/110000-inspection/pc1_Pu2FKfKh4.jpg!m_fill,w_280,h_210,f_jpg?from=ke.com
20240802,西城,马连道,101124507421,高楼层 朝西南 可以看房 诚心出售 价格能谈,930万,85865元/平,高楼层 (共23层) 2室1厅 | 108.31平米 | 西南,https://ke-image.ljcdn.com/110000-inspection/pc1_VGPXZinHS.jpg!m_fill,w_280,h_210,f_jpg?from=ke.com
20240802,西城,马连道,101124506657,格调小区西南正规两居 户型方正 前后花园必看好房,980万,90482元/平,高楼层 (共23层) 2室1厅 | 108.31平米 | 西南,https://ke-image.ljcdn.com/110000-inspection/pc1_npUnBjhaa.jpg!m_fill,w_280,h_210,f_jpg?from=ke.com
20240802,西城,马连道,101124434223,西城 欧园 2003年商品房 精装修 双阳台 两居必看好房,745万,103775元/平,低楼层 (共28层) | 2003年 | 2室1厅 | 71.79平米 | 南 西 北,https://ke-image.ljcdn.com/110000-inspection/pc1_NjuX8RK0J.jpg!m_fill,w_280,h_210,f_jpg?from=ke.com
20240802,西城,马连道,101124265462,西城 大三居 马连道 丽泽商务区附近  满五唯一,798万,72179元/平,高楼层 (共24层) 3室1厅 | 110.56平米 | 南 西,https://ke-image.ljcdn.com/110000-inspection/pc1_n9O9SrZ7f.jpg!m_fill,w_280,h_210,f_jpg?from=ke.com
20240802,西城,马连道,101124128330,三义东里 2室1厅 东北,450万,85115元/平,中楼层 (共16层) 2室1厅 | 52.87平米 | 东北,https://ke-image.ljcdn.com/110000-inspection/pc1_8jk1f8AzS.jpg!m_fill,w_280,h_210,f_jpg?from=ke.com
20240802,西城,马连道,101124092158,红莲中里 全明格局 环境好 24小时保安值班必看好房,780万,84700元/平,中楼层 (共18层) 3室1厅 | 92.09平米 | 西北,https://ke-image.ljcdn.com/110000-inspection/pc1_GCbYEgtW1.jpg!m_fill,w_280,h_210,f_jpg?from=ke.com
20240802,西城,马连道,101124087449,丽泽雅园 满五唯一 无遮挡 户型方正,590万,60278元/平,中楼层 (共24层) | 2006年 | 2室1厅 | 97.88平米 | 东北,https://ke-image.ljcdn.com/110000-inspection/pc1_maMor0wsv.jpg!m_fill,w_280,h_210,f_jpg?from=ke.com
20240802,西城,马连道,101124034065,红莲中里 全南2居 明厨明卫 不临街 视野开阔必看好房,505万,85841元/平,低楼层 (共6层) 2室1厅 | 58.83平米 | 南,https://ke-image.ljcdn.com/110000-inspection/pc1_RBv9gD8lP.jpg!m_fill,w_280,h_210,f_jpg?from=ke.com
20240802,西城,马连道,101123652977,西城区 三义里 全南 精装修 视野开阔 无遮挡,558万,92522元/平,低楼层 (共12层) 2室1厅 | 60.31平米 | 南,https://ke-image.ljcdn.com/110000-inspection/pc1_N68qNqpI7.jpg!m_fill,w_280,h_210,f_jpg?from=ke.com
20240802,西城,马连道,101123595324,信和嘉园 南北通透 高楼层 视野无遮挡,1310万,121375元/平,高楼层 (共18层) 2室1厅 | 107.93平米 | 南 北,https://ke-image.ljcdn.com/110000-inspection/pc1_8kJirowmh.jpg!m_fill,w_280,h_210,f_jpg?from=ke.com
20240802,西城,马连道,101123449440,西城马连道明厨明卫的两居室诚心出售,399万,68853元/平,底层 (共6层) 2室1厅 | 57.95平米 | 东北,https://ke-image.ljcdn.com/110000-inspection/pc1_LI3kc39LQ_1.jpg!m_fill,w_280,h_210,f_jpg?from=ke.com
20240802,西城,马连道,101123375746,红莲中里 正规一居  近地铁 临公园 业主诚心出售,360万,82437元/平,低楼层 (共16层) 1室1厅 | 43.67平米 | 南,https://ke-image.ljcdn.com/110000-inspection/pc1_Pz3lhjynW.jpg!m_fill,w_280,h_210,f_jpg?from=ke.com
20240802,西城,马连道,101123337207,西城 广外 05年商品房 总高11层 电梯板楼 满五唯一！必看好房,799万,92810元/平,低楼层 (共11层) | 2005年 | 2室1厅 | 86.09平米 | 东 西,https://ke-image.ljcdn.com/110000-inspection/b81a6ab7-df06-4f72-b864-3f1c0f75c116_1000.jpg!m_fill,w_280,h_210,f_jpg?from=ke.com
20240802,西城,马连道,101123189965,丽泽商务区西城欧园商品房不临街安静必看好房,365万,83353元/平,中楼层 (共28层) | 2003年 | 1室0厅 | 43.79平米 | 北,https://ke-image.ljcdn.com/110000-inspection/pc1_BEP69sRPw.jpg!m_fill,w_280,h_210,f_jpg?from=ke.com
20240802,西城,马连道,101122839356,西城广外不临街南北通透无遮挡地铁7号线95年楼房主自荐,580万,91469元/平,底层 (共6层) | 1990年 | 2室1厅 | 63.41平米 | 南 北,https://ke-image.ljcdn.com/110000-inspection/1807c4ec-af22-452a-8e33-a1dce235f721_1000.jpg!m_fill,w_280,h_210,f_jpg?from=ke.com
20240802,西城,马连道,101122739862,西城马连道格调小区全南两居高楼层精装修,1110万,109209元/平,中楼层 (共14层) 2室1厅 | 101.64平米 | 南,https://ke-image.ljcdn.com/110000-inspection/pc1_MAGWAB2aq.jpg!m_fill,w_280,h_210,f_jpg?from=ke.com
20240802,西城,马连道,101122724100,西城区 东南两居室  采光充足 交易只有契税  户型方正,889万,106264元/平,低楼层 (共22层) | 2005年 | 2室1厅 | 83.66平米 | 东南,https://ke-image.ljcdn.com/110000-inspection/pc1_ZjZijnvg3.jpg!m_fill,w_280,h_210,f_jpg?from=ke.com
20240802,西城,马连道,101122487605,红莲中里教师楼 东侧滨河公园 精装修 全明格局必看好房,498万,84738元/平,中楼层 (共6层) 2室1厅 | 58.77平米 | 东 西,https://ke-image.ljcdn.com/110000-inspection/pc1_52ROuLrJL.jpg!m_fill,w_280,h_210,f_jpg?from=ke.com
20240802,西城,马连道,101121805917,信和嘉园 2008年商品房小区 高层板楼 两梯五户,1410万,114653元/平,低楼层 (共20层) | 2006年 | 3室1厅 | 122.98平米 | 南 北,https://ke-image.ljcdn.com/110000-inspection/2d947dd0-f1a9-435a-a839-d7e399714ab1_1000.jpg!m_fill,w_280,h_210,f_jpg?from=ke.com
20240802,西城,马连道,101121550251,西城满五唯一.楼层高视野宽阔采光好.交通方便必看好房,848万,76041元/平,高楼层 (共27层) | 2008年 | 2室2厅 | 111.52平米 | 西南,https://ke-image.ljcdn.com/110000-inspection/pc1_UWcV4kKEM.jpg!m_fill,w_280,h_210,f_jpg?from=ke.com
20240802,西城,马连道,101120790330,三义东里 西北三居 诚心出售 无遮挡,528万,88606元/平,低楼层 (共16层) 3室1厅 | 59.59平米 | 西北,https://ke-image.ljcdn.com/110000-inspection/pc1_P2thAii1n_1.jpg!m_fill,w_280,h_210,f_jpg?from=ke.com
20240802,西城,马连道,101120571053,近丽泽商务区 精装修 满五唯一 朝南三居室 户型方正房主自荐,1099万,70449元/平,低楼层 (共24层) | 2005年 | 3室2厅 | 156平米 | 南,https://ke-image.ljcdn.com/110000-inspection/pc1_UQWlYd97m.jpg!m_fill,w_280,h_210,f_jpg?from=ke.com
20240802,西城,马连道,101116470658,红莲小区中里 正规三居室  满五年唯一 诚心出售,695万,95141元/平,顶层 (共6层) 3室1厅 | 73.05平米 | 南 北,https://ke-image.ljcdn.com/110000-inspection/pc1_lMJgoCeEa.jpg!m_fill,w_280,h_210,f_jpg?from=ke.com
20240802,西城,马连道,101115423001,马连道 湾子地铁 马连道路5号院 南北 半地下 两居,410万,71892元/平,地下室 (共6层) | 1990年 | 2室1厅 | 57.03平米 | 南 北,https://ke-image.ljcdn.com/110000-inspection/pc1_pAlQaLE0v.jpg!m_fill,w_280,h_210,f_jpg?from=ke.com
20240802,西城,马连道,101125498629,2001年有车位双地铁有电梯2梯4户东南角,730万,91882元/平,中楼层 (共19层) 2室1厅 | 79.45平米 | 东南,https://ke-image.ljcdn.com/110000-inspection/pc1_lzFKpQX33.jpg!m_fill,w_280,h_210,f_jpg?from=ke.com
20240802,西城,马连道,101125444780,欣园小区南向一居室中间楼层采光视野都很好必看好房,259万,58059元/平,中楼层 (共6层) 1室1厅 | 44.61平米 | 南,https://ke-image.ljcdn.com/110000-inspection/pc1_9Eh6V8NiE_1.jpg!m_fill,w_280,h_210,f_jpg?from=ke.com
20240802,西城,马连道,101125170439,欧园小区 东南向2居 中间楼层满五唯一 正对公园必看好房,825万,89899元/平,中楼层 (共25层) 2室1厅 | 91.77平米 | 东,https://ke-image.ljcdn.com/110000-inspection/pc1_dCrS1UkQT.jpg!m_fill,w_280,h_210,f_jpg?from=ke.com
20240802,西城,马连道,101125118925,红莲北里 中间楼层 南向两居 采光充足 满五唯一必看好房,445万,87582元/平,中楼层 (共6层) | 1983年 | 2室1厅 | 50.81平米 | 南,https://ke-image.ljcdn.com/110000-inspection/pc1_btfLoSqR4.jpg!m_fill,w_280,h_210,f_jpg?from=ke.com
20240802,西城,马连道,101125118874,红莲晴园 中间楼层两居室 新华社宿舍,830万,78696元/平,中楼层 (共18层) 2室1厅 | 105.47平米 | 西,https://ke-image.ljcdn.com/110000-inspection/pc1_VjAxwXtey.jpg!m_fill,w_280,h_210,f_jpg?from=ke.com
20240802,西城,马连道,101124924554,西城区马连道全明田字格三居室急售调档满五唯一。必看好房,596万,81188元/平,高楼层 (共6层) 3室1厅 | 73.41平米 | 南 北,https://ke-image.ljcdn.com/110000-inspection/pc1_DVzMe7pML.jpg!m_fill,w_280,h_210,f_jpg?from=ke.com
20240802,西城,马连道,101124905035,丽泽商务区丽泽雅园地铁14号线 2005年商品房房主自荐,636万,60228元/平,低楼层 (共24层) 2室1厅 | 105.6平米 | 西南,https://ke-image.ljcdn.com/110000-inspection/pc1_mqqw8ITK3.jpg!m_fill,w_280,h_210,f_jpg?from=ke.com
20240802,西城,马连道,101124869441,马连道路 2000年 楼龄新 采光好  交通便利房主自荐,350万,79873元/平,高楼层 (共6层) 1室1厅 | 43.82平米 | 东南,https://ke-image.ljcdn.com/110000-inspection/pc1_NMK4UQr7w.jpg!m_fill,w_280,h_210,f_jpg?from=ke.com
20240802,西城,马连道,101124772414,西城区红莲北里 全南向两居室 紧挨滨河公园,419万,76938元/平,高楼层 (共6层) 2室1厅 | 54.46平米 | 南,https://ke-image.ljcdn.com/110000-inspection/pc1_hZjJWWNyG.jpg!m_fill,w_280,h_210,f_jpg?from=ke.com
20240802,西城,马连道,101124677776,顶层层高净高2.7米东向没遮挡,999万,75625元/平,顶层 (共22层) | 2006年 | 2室1厅 | 132.1平米 | 东,https://ke-image.ljcdn.com/110000-inspection/pc1_OcYCZtIva.jpg!m_fill,w_280,h_210,f_jpg?from=ke.com
20240802,西城,马连道,101124423065,依莲轩精装2居高楼层弧形大阳台2梯8户；,778万,89715元/平,中楼层 (共24层) | 2001年 | 2室1厅 | 86.72平米 | 西南,https://ke-image.ljcdn.com/110000-inspection/pc1_Hn7bzE6zc.jpg!m_fill,w_280,h_210,f_jpg?from=ke.com
20240802,西城,马连道,101124262457,三义里 全南1居室 楼层好 不临街 近地铁 采光视野充足必看好房,350万,96022元/平,中楼层 (共5层) | 1980年 | 1室1厅 | 36.45平米 | 南,https://ke-image.ljcdn.com/110000-inspection/pc1_CQt4bifkP.jpg!m_fill,w_280,h_210,f_jpg?from=ke.com
20240802,西城,马连道,101124245275,马连道中里满五唯一明厨明卫没遮挡精装修,650万,87684元/平,中楼层 (共18层) 2室1厅 | 74.13平米 | 东南 北,https://ke-image.ljcdn.com/110000-inspection/pc1_r0WkAjh2y.jpg!m_fill,w_280,h_210,f_jpg?from=ke.com
20240802,西城,马连道,101124187547,西城广外 教委宿舍 楼龄新 环境好 诚心卖 随时看,859万,95360元/平,中楼层 (共19层) | 1999年 | 2室1厅 | 90.08平米 | 西南,https://ke-image.ljcdn.com/110000-inspection/pc1_Mh3vxEFUE.jpg!m_fill,w_280,h_210,f_jpg?from=ke.com
20240802,西城,马连道,101123742058,依莲轩 大两居 近地铁 靠谱出售,1099万,79454元/平,中楼层 (共24层) | 2001年 | 2室1厅 | 138.32平米 | 东北,https://ke-image.ljcdn.com/110000-inspection/pc1_h3vhUvv0I.jpg!m_fill,w_280,h_210,f_jpg?from=ke.com
20240802,西城,马连道,101123677547,红莲中里西南大两居 工商总局家属楼  管理规范必看好房,838万,103701元/平,中楼层 (共18层) 2室2厅 | 80.81平米 | 西南,https://ke-image.ljcdn.com/110000-inspection/pc1_Pz1cTWp50.jpg!m_fill,w_280,h_210,f_jpg?from=ke.com
20240802,西城,马连道,101123658819,满五年唯一 实用面积大 复式结构 实用面积大 公摊少,638万,80031元/平,顶层 (共6层) 3室1厅 | 79.72平米 | 南 北,https://ke-image.ljcdn.com/110000-inspection/pc1_9zcCwlzJh.jpg!m_fill,w_280,h_210,f_jpg?from=ke.com
20240802,西城,马连道,101122760358,红莲中里 2室1厅 南必看好房,518万,91926元/平,底层 (共16层) | 1987年 | 2室1厅 | 56.35平米 | 南,https://ke-image.ljcdn.com/110000-inspection/pc1_lhaNclyKt.jpg!m_fill,w_280,h_210,f_jpg?from=ke.com
20240802,西城,马连道,101122674276,红莲北里17号院 教委宿舍 小区管理好,850万,94508元/平,中楼层 (共19层) 2室2厅 | 89.94平米 | 东南,https://ke-image.ljcdn.com/110000-inspection/pc1_fMQtulBpw.jpg!m_fill,w_280,h_210,f_jpg?from=ke.com
20240802,西城,马连道,101121407470,三义里 全南两居室 满五唯一近地铁,550万,115571元/平,底层 (共5层) 2室1厅 | 47.59平米 | 南,https://ke-image.ljcdn.com/110000-inspection/pc1_M57kdFXWl.jpg!m_fill,w_280,h_210,f_jpg?from=ke.com
20240802,西城,马连道,101125754505,满五唯一小区有车位精装修南北通透安静不临街新上,659万,96941元/平,中楼层 (共6层) | 1984年 | 3室1厅 | 67.98平米 | 南 北,https://s1.ljcdn.com/pegasus/redskull/images/common/default_house_list.png?_v=20240731112238100
20240802,西城,马连道,101125548088,茶贸国际中心 1室0厅 北必看好房,90万,26424元/平,中楼层 (共14层) | 2008年 | 1室0厅 | 34.06平米 | 北,https://s1.ljcdn.com/pegasus/redskull/images/common/default_house_list.png?_v=20240731112238100
20240802,西城,马连道,101125036541,第三区二期南北通透2梯4户全明户型,555万,62276元/平,低楼层 (共18层) | 2012年 | 2室1厅 | 89.12平米 | 南 北,https://s1.ljcdn.com/pegasus/redskull/images/common/default_house_list.png?_v=20240731112238100
20240802,西城,马连道,101125774992,红莲南里 1室1厅 南 北新上,450万,104994元/平,中楼层 (共18层) 1室1厅 | 42.86平米 | 南 北,https://ke-image.ljcdn.com/110000-inspection/pc1_VZCx0amyg_1.jpg!m_fill,w_280,h_210,f_jpg?from=ke.com
20240802,西城,马连道,101125683178,新上！地铁边 丽泽雅园 西南向两居 中间层满五唯一新上,660万,61827元/平,中楼层 (共24层) | 2005年 | 2室1厅 | 106.75平米 | 西南,https://ke-image.ljcdn.com/110000-inspection/pc1_5Lyak1OHs.jpg!m_fill,w_280,h_210,f_jpg?from=ke.com
20240802,西城,马连道,101125657894,南北通透 满五唯一 带阳台带飘窗 地铁346米,499万,92459元/平,底层 (共6层) 2室1厅 | 53.97平米 | 南 北,https://ke-image.ljcdn.com/110000-inspection/pc1_CVIXTG9Fo.jpg!m_fill,w_280,h_210,f_jpg?from=ke.com
20240802,西城,马连道,101125656126,西城区 马连道 璟莲馨苑四居室 商品房 两梯四户,1150万,69061元/平,高楼层 (共18层) 4室1厅 | 166.52平米 | 西南,https://ke-image.ljcdn.com/110000-inspection/pc1_BaaQmvtjb.jpg!m_fill,w_280,h_210,f_jpg?from=ke.com
20240802,西城,马连道,101125649689,马连道中街 2室1厅 南 北,470万,104771元/平,中楼层 (共5层) 2室1厅 | 44.86平米 | 南 北,https://ke-image.ljcdn.com/110000-inspection/pc1_xVcUfDmwa_1.jpg!m_fill,w_280,h_210,f_jpg?from=ke.com
20240802,西城,马连道,101125647074,满五唯一 无遮挡 南北通透 诚心出售 随时签约,580万,69956元/平,顶层 (共6层) 3室2厅 | 82.91平米 | 南 北,https://ke-image.ljcdn.com/110000-inspection/pc1_ZBngDWL6b.jpg!m_fill,w_280,h_210,f_jpg?from=ke.com
20240802,西城,马连道,101125618414,信和嘉园 2室1厅 南,1330万,136579元/平,高楼层 (共18层) 2室1厅 | 97.38平米 | 南,https://ke-image.ljcdn.com/110000-inspection/b9d7a793-3fa9-4727-98af-188adbac5bcd_1000.jpg!m_fill,w_280,h_210,f_jpg?from=ke.com
20240802,西城,马连道,101125615464,西城广外红莲北里 全南一居室 采光好 诚心出售,389万,96359元/平,顶层 (共6层) 1室1厅 | 40.37平米 | 南,https://ke-image.ljcdn.com/110000-inspection/pc1_ukAmStmZS.jpg!m_fill,w_280,h_210,f_jpg?from=ke.com
20240802,西城,马连道,101125614140,北欧印象 2室1厅 东,640万,98720元/平,高楼层 (共28层) | 2003年 | 2室1厅 | 64.83平米 | 东,https://ke-image.ljcdn.com/110000-inspection/pc1_0xd36ks9X.jpg!m_fill,w_280,h_210,f_jpg?from=ke.com
20240802,西城,马连道,101125605223,丽泽商务区 丽泽雅园 东南朝向 三居室 视野采光好,960万,78760元/平,中楼层 (共23层) | 2006年 | 3室2厅 | 121.89平米 | 东南,https://ke-image.ljcdn.com/110000-inspection/pc1_JEMFkOFWL.jpg!m_fill,w_280,h_210,f_jpg?from=ke.com
20240802,西城,马连道,101125602382,西城区马连道中里满五年唯一南向三居带电梯,760万,95900元/平,低楼层 (共18层) 3室1厅 | 79.25平米 | 南,https://ke-image.ljcdn.com/110000-inspection/pc1_9HGAUTkD6.jpg!m_fill,w_280,h_210,f_jpg?from=ke.com
20240802,西城,马连道,101125589070,满五年唯一2000年的楼龄钢混可以组合贷款,495万,86721元/平,中楼层 (共18层) 1室1厅 | 57.08平米 | 东,https://ke-image.ljcdn.com/110000-inspection/pc1_S4zVZl3FQ_1.jpg!m_fill,w_280,h_210,f_jpg?from=ke.com
20240802,西城,马连道,101125588310,近地铁视野宽阔环境好绿化高家庭满五年唯一,410万,101486元/平,顶层 (共6层) | 1986年 | 1室1厅 | 40.4平米 | 南,https://ke-image.ljcdn.com/110000-inspection/pc1_INIP5HYtW.jpg!m_fill,w_280,h_210,f_jpg?from=ke.com
20240802,西城,马连道,101125553413,马连道欣园东路 2室1厅 南 北,330万,58898元/平,高楼层 (共6层) 2室1厅 | 56.03平米 | 南 北,https://ke-image.ljcdn.com/110000-inspection/pc1_Plsh9aJnk.jpg!m_fill,w_280,h_210,f_jpg?from=ke.com
20240802,西城,马连道,101125525150,西城广外常青藤嘉园精装修满五年唯一近地铁站,560万,85081元/平,低楼层 (共16层) 1室1厅 | 65.82平米 | 北,https://ke-image.ljcdn.com/110000-inspection/pc1_Q2uahdpMi.jpg!m_fill,w_280,h_210,f_jpg?from=ke.com
20240802,西城,马连道,101125520789,建茗苑 2室1厅 西南,468万,66459元/平,中楼层 (共23层) | 2008年 | 2室1厅 | 70.42平米 | 西南,https://ke-image.ljcdn.com/110000-inspection/pc1_cPPF4B3EW.jpg!m_fill,w_280,h_210,f_jpg?from=ke.com
20240802,西城,马连道,101125519015,常青藤嘉园 1室0厅 南,405万,116146元/平,中楼层 (共16层) | 2005年 | 1室0厅 | 34.87平米 | 南,https://ke-image.ljcdn.com/110000-inspection/pc1_hthC40tol.jpg!m_fill,w_280,h_210,f_jpg?from=ke.com
20240802,西城,马连道,101125500637,马连道中里 2室1厅 南 北房主自荐,550万,87012元/平,顶层 (共6层) 2室1厅 | 63.21平米 | 南 北,https://ke-image.ljcdn.com/110000-inspection/pc1_IZ1XPCaji_1.jpg!m_fill,w_280,h_210,f_jpg?from=ke.com
20240802,西城,马连道,101125494858,西城马连道中里1997年板楼满五年唯一近地铁,480万,107096元/平,底层 (共6层) 1室1厅 | 44.82平米 | 南,https://ke-image.ljcdn.com/110000-inspection/pc1_zlSHtPHi3.jpg!m_fill,w_280,h_210,f_jpg?from=ke.com
20240802,西城,马连道,101125477849,西城广外红莲北里满五年唯一精装修南北两居,529万,98036元/平,高楼层 (共6层) 2室1厅 | 53.96平米 | 南 北,https://ke-image.ljcdn.com/110000-inspection/pc1_7aWpq9qch.jpg!m_fill,w_280,h_210,f_jpg?from=ke.com
20240802,西城,马连道,101125461336,红莲南里 2室1厅 南 北,600万,106308元/平,底层 (共6层) | 1988年 | 2室1厅 | 56.44平米 | 南 北,https://ke-image.ljcdn.com/110000-inspection/pc1_6LrCweSf0.jpg!m_fill,w_280,h_210,f_jpg?from=ke.com
20240802,西城,马连道,101125453994,北欧印象 高层 南向两居  满五年唯一  双卫生间,950万,96145元/平,高楼层 (共28层) | 2003年 | 2室2厅 | 98.81平米 | 南,https://ke-image.ljcdn.com/110000-inspection/pc1_sgDs5z0xF.jpg!m_fill,w_280,h_210,f_jpg?from=ke.com
20240802,西城,马连道,101125437171,东里 两居好房,530万,93327元/平,中楼层 (共16层) 2室1厅 | 56.79平米 | 南,https://ke-image.ljcdn.com/110000-inspection/d08d8168-5914-4b6a-a570-27b7f67f9e23_1000.jpg!m_fill,w_280,h_210,f_jpg?from=ke.com
20240802,西城,马连道,101125412608,欣园小区 2室1厅 南 北房主自荐,380万,60996元/平,底层 (共6层) 2室1厅 | 62.3平米 | 南 北,https://ke-image.ljcdn.com/110000-inspection/pc1_Pzhoh1tQW.jpg!m_fill,w_280,h_210,f_jpg?from=ke.com
20240802,西城,马连道,101125387316,格调小区   全南向两居室  前后花园不临街,1120万,111079元/平,低楼层 (共14层) 2室1厅 | 100.83平米 | 南,https://ke-image.ljcdn.com/110000-inspection/pc1_6YjNR6WL5.jpg!m_fill,w_280,h_210,f_jpg?from=ke.com
20240802,西城,马连道,101125372923,西城区 常青藤嘉园 东向2居住 高楼层采光好视野,830万,93490元/平,顶层 (共22层) | 2005年 | 2室1厅 | 88.78平米 | 东,https://ke-image.ljcdn.com/110000-inspection/pc1_ZKXhIf7Hs.jpg!m_fill,w_280,h_210,f_jpg?from=ke.com
20240802,西城,马连道,101125371291,西城广外满五年唯一中间楼层没有遮挡采光视野好,645万,97698元/平,中楼层 (共28层) | 2003年 | 2室1厅 | 66.02平米 | 西,https://ke-image.ljcdn.com/110000-inspection/pc1_mxS00ECqK.jpg!m_fill,w_280,h_210,f_jpg?from=ke.com
20240802,西城,马连道,101125349118,常青藤嘉园 1室1厅 南房主自荐,690万,110031元/平,中楼层 (共16层) 1室1厅 | 62.71平米 | 南,https://ke-image.ljcdn.com/110000-inspection/pc1_ytOrQoUQY_1.jpg!m_fill,w_280,h_210,f_jpg?from=ke.com
20240802,西城,马连道,101125341094,格调小区  楼层好 视野好无遮挡房主自荐,570万,101859元/平,高楼层 (共23层) 1室1厅 | 55.96平米 | 北,https://ke-image.ljcdn.com/110000-inspection/pc1_YLZCfSZDc_1.jpg!m_fill,w_280,h_210,f_jpg?from=ke.com
20240802,西城,马连道,101125283167,红莲北里17号院 高层南向两居室 满五年唯一 采光,850万,106973元/平,高楼层 (共19层) | 1999年 | 2室2厅 | 79.46平米 | 南,https://ke-image.ljcdn.com/110000-inspection/pc1_iSv9aKubs.jpg!m_fill,w_280,h_210,f_jpg?from=ke.com
20240802,西城,马连道,101125270956,红莲中里  精装东南两居   满五唯一,595万,101225元/平,高楼层 (共16层) | 1988年 | 2室1厅 | 58.78平米 | 东南,https://ke-image.ljcdn.com/110000-inspection/pc1_ccmJt2Nmr.jpg!m_fill,w_280,h_210,f_jpg?from=ke.com
20240802,西城,马连道,101125263196,【西城区】 商品房社区 品质物业 居住人群素质高,1200万,98080元/平,中楼层 (共19层) 3室2厅 | 122.35平米 | 西南,https://ke-image.ljcdn.com/110000-inspection/pc1_24Sollz1G.jpg!m_fill,w_280,h_210,f_jpg?from=ke.com
20240802,西城,马连道,101125240122,馨莲茗园小两居东向面朝小区花园明厨明卫房主自荐,525万,80571元/平,低楼层 (共25层) | 2003年 | 2室1厅 | 65.16平米 | 东,https://ke-image.ljcdn.com/110000-inspection/pc1_X98g2SX9O.jpg!m_fill,w_280,h_210,f_jpg?from=ke.com
20240802,西城,马连道,101125237419,商品房社区 南北通透 近地铁临公园 调档 满五唯一,1066万,111437元/平,中楼层 (共16层) | 2005年 | 2室1厅 | 95.66平米 | 南 北,https://ke-image.ljcdn.com/110000-inspection/pc1_VJUVlrfPt.jpg!m_fill,w_280,h_210,f_jpg?from=ke.com
20240802,西城,马连道,101125219876,马连道中里 1室1厅 南,449万,83334元/平,底层 (共6层) 1室1厅 | 53.88平米 | 南,https://ke-image.ljcdn.com/110000-inspection/pc1_iu4tT7bsb.jpg!m_fill,w_280,h_210,f_jpg?from=ke.com
20240802,西城,马连道,101125213851,丽泽商务区满五唯一商品房高楼层视野无遮挡,820万,76815元/平,高楼层 (共24层) | 2005年 | 2室1厅 | 106.75平米 | 西南,https://ke-image.ljcdn.com/110000-inspection/pc1_Qqdih8exq.jpg!m_fill,w_280,h_210,f_jpg?from=ke.com
20240802,西城,马连道,101125197247,马连道路5号院 2室1厅 南,480万,88840元/平,高楼层 (共6层) | 1981年 | 2室1厅 | 54.03平米 | 南,https://ke-image.ljcdn.com/110000-inspection/pc1_jbZbIhnDl.jpg!m_fill,w_280,h_210,f_jpg?from=ke.com
20240802,西城,马连道,101125157983,西城 03年商品房 3居2卫 满五唯一,835万,88342元/平,低楼层 (共28层) | 2003年 | 3室1厅 | 94.52平米 | 东,https://ke-image.ljcdn.com/110000-inspection/pc1_U7mv2luxA.jpg!m_fill,w_280,h_210,f_jpg?from=ke.com
20240802,西城,马连道,101125098233,马连道中里 1室1厅 东 西,390万,77428元/平,底层 (共6层) | 1999年 | 1室1厅 | 50.37平米 | 东 西,https://ke-image.ljcdn.com/110000-inspection/pc1_WGoeVRw6Y.jpg!m_fill,w_280,h_210,f_jpg?from=ke.com
20240802,西城,马连道,101125093468,红莲中里 2室1厅 东南,620万,103836元/平,高楼层 (共16层) 2室1厅 | 59.71平米 | 东南,https://ke-image.ljcdn.com/110000-inspection/pc1_GGb57hpww.jpg!m_fill,w_280,h_210,f_jpg?from=ke.com
20240802,西城,马连道,101125083640,信和嘉园 2008年商品房 全明格局 满五唯一,1210万,121450元/平,低楼层 (共20层) 2室1厅 | 99.63平米 | 西 南,https://ke-image.ljcdn.com/110000-inspection/pc1_zvXgr5DKv.jpg!m_fill,w_280,h_210,f_jpg?from=ke.com
20240802,西城,马连道,101125078373,西城马连道红莲南里1992年精装修两居房主自荐,499万,81630元/平,高楼层 (共7层) 2室1厅 | 61.13平米 | 南 北,https://ke-image.ljcdn.com/110000-inspection/pc1_YMFZHmHd0.jpg!m_fill,w_280,h_210,f_jpg?from=ke.com
20240802,西城,马连道,101125072665,商品房小区常青藤嘉园 精装修 西向1居 出售,628万,97698元/平,低楼层 (共22层) | 2005年 | 1室1厅 | 64.28平米 | 西,https://ke-image.ljcdn.com/110000-inspection/pc1_ONl1ClbHJ.jpg!m_fill,w_280,h_210,f_jpg?from=ke.com
20240802,西城,马连道,101125048364,三路居路99号院 2室1厅 南 北,680万,72379元/平,高楼层 (共6层) 2室1厅 | 93.95平米 | 南 北,https://ke-image.ljcdn.com/110000-inspection/pc1_555HCSXN0_1.jpg!m_fill,w_280,h_210,f_jpg?from=ke.com
20240802,西城,马连道,101125039905,格调小区 3室1厅 南 北,1650万,117597元/平,中楼层 (共23层) 3室1厅 | 140.31平米 | 南 北,https://ke-image.ljcdn.com/110000-inspection/pc1_9ubtx5b4K.jpg!m_fill,w_280,h_210,f_jpg?from=ke.com
20240802,西城,马连道,101125022971,太平里 满五唯一  年代新 南北两居,320万,55012元/平,地下室 (共7层) 2室1厅 | 58.17平米 | 南 北,https://ke-image.ljcdn.com/110000-inspection/pc1_NDoGkIM5c.jpg!m_fill,w_280,h_210,f_jpg?from=ke.com
20240802,西城,马连道,101124995093,西城广外商品房 业主诚售 看房随时 环境好 户型好,1150万,118216元/平,中楼层 (共16层) | 2005年 | 2室1厅 | 97.28平米 | 西南,https://ke-image.ljcdn.com/110000-inspection/57c9723f-98ca-46f5-96ea-e2a884a77a91_1000.jpg!m_fill,w_280,h_210,f_jpg?from=ke.com
20240802,西城,马连道,101124988731,西城 05年商品房  常青藤嘉园 满五唯一,870万,97996元/平,中楼层 (共22层) | 2005年 | 2室1厅 | 88.78平米 | 西南,https://ke-image.ljcdn.com/110000-inspection/2fd58ab5-f392-470d-a6c7-5f2d080d5521_1000.jpg!m_fill,w_280,h_210,f_jpg?from=ke.com
20240802,西城,马连道,101124965896,马连道中里 1室1厅 南,499万,120416元/平,低楼层 (共18层) 1室1厅 | 41.44平米 | 南,https://ke-image.ljcdn.com/110000-inspection/pc1_vBNZWIbJ7.jpg!m_fill,w_280,h_210,f_jpg?from=ke.com
20240802,西城,马连道,101124945428,西城区广安门外红莲中里独立管理院精装修急售,480万,82902元/平,低楼层 (共18层) | 1985年 | 2室1厅 | 57.9平米 | 西北,https://ke-image.ljcdn.com/110000-inspection/pc1_8HpvNXQ90.jpg!m_fill,w_280,h_210,f_jpg?from=ke.com
20240802,西城,马连道,101124924372,三义里带电梯精装修南向一居室出门地铁,385万,98871元/平,低楼层 (共14层) 1室1厅 | 38.94平米 | 南,https://ke-image.ljcdn.com/110000-inspection/pc1_4sRiU56I8.jpg!m_fill,w_280,h_210,f_jpg?from=ke.com
20240802,西城,马连道,101124899964,三路居93号院 3室2厅 西 南 北,520万,53013元/平,底层 (共6层) 3室2厅 | 98.09平米 | 西 南 北,https://ke-image.ljcdn.com/110000-inspection/pc1_vLD17YWWv_1.jpg!m_fill,w_280,h_210,f_jpg?from=ke.com
20240802,西城,马连道,101124873205,红莲中里 2室1厅 南 北,550万,84577元/平,中楼层 (共6层) | 1991年 | 2室1厅 | 65.03平米 | 南 北,https://ke-image.ljcdn.com/110000-inspection/2283c12f-7e08-44fa-a24e-4f722c51136b_1000.jpg!m_fill,w_280,h_210,f_jpg?from=ke.com
20240802,西城,马连道,101124847347,红莲中里 2室1厅 东南,565万,96122元/平,中楼层 (共16层) 2室1厅 | 58.78平米 | 东南,https://ke-image.ljcdn.com/110000-inspection/pc1_pWe2rhO9o.jpg!m_fill,w_280,h_210,f_jpg?from=ke.com
20240802,西城,马连道,101124847228,红莲南里无遮挡一居室业主靠谱卖,369万,102019元/平,高楼层 (共6层) | 1980年 | 1室1厅 | 36.17平米 | 南,https://ke-image.ljcdn.com/110000-inspection/pc1_AXLIpyY3E.jpg!m_fill,w_280,h_210,f_jpg?from=ke.com
20240802,西城,马连道,101124837346,马连道中街 满五 精装修 采光视野好 地铁350米,448万,76818元/平,顶层 (共6层) 2室1厅 | 58.32平米 | 东,https://ke-image.ljcdn.com/110000-inspection/pc1_zIwlyzug6.jpg!m_fill,w_280,h_210,f_jpg?from=ke.com
20240802,西城,马连道,101124834431,格调小区南北通透三居高楼层视野好,1630万,117444元/平,顶层 (共23层) 3室2厅 | 138.79平米 | 南 北,https://ke-image.ljcdn.com/110000-inspection/pc1_hs5j4i2b3.jpg!m_fill,w_280,h_210,f_jpg?from=ke.com
20240802,西城,马连道,101124793245,西城区常青藤嘉园满五年唯一看房方便精装一居,530万,97535元/平,中楼层 (共22层) | 2005年 | 1室1厅 | 54.34平米 | 东,https://ke-image.ljcdn.com/110000-inspection/pc1_lolOFU1cn.jpg!m_fill,w_280,h_210,f_jpg?from=ke.com
20240802,西城,马连道,101124720778,西城 红莲南里 南北通透7号16号双地铁 满五唯一,400万,74006元/平,顶层 (共6层) 2室1厅 | 54.05平米 | 南 北,https://ke-image.ljcdn.com/110000-inspection/pc1_R6XBXO5cy.jpg!m_fill,w_280,h_210,f_jpg?from=ke.com
20240802,西城,马连道,101124688842,马连道西里 1室1厅 南,430万,101177元/平,顶层 (共6层) | 1980年 | 1室1厅 | 42.5平米 | 南,https://ke-image.ljcdn.com/110000-inspection/pc1_kLDpMC8s8.jpg!m_fill,w_280,h_210,f_jpg?from=ke.com
20240802,西城,马连道,101124676926,西城区 红莲中里3居 东西通透 光线充足 视野开阔,505万,72925元/平,顶层 (共6层) 3室1厅 | 69.25平米 | 东 西 北,https://ke-image.ljcdn.com/110000-inspection/pc1_mB5EuA9qO.jpg!m_fill,w_280,h_210,f_jpg?from=ke.com
20240802,西城,马连道,101124661785,建茗苑 西南三居  高楼层 精装修 满五唯一,699万,56691元/平,高楼层 (共23层) | 2008年 | 3室1厅 | 123.3平米 | 西南,https://ke-image.ljcdn.com/110000-inspection/pc1_P5USBTqwB.jpg!m_fill,w_280,h_210,f_jpg?from=ke.com
20240802,西城,马连道,101124660951,丽泽商务区南北通透板楼三居满五年唯一无遮挡房主自荐,1099万,91242元/平,中楼层 (共15层) 3室1厅 | 120.45平米 | 南 北,https://ke-image.ljcdn.com/110000-inspection/pc1_KsgBD24CS.jpg!m_fill,w_280,h_210,f_jpg?from=ke.com
20240802,西城,马连道,101124655304,98年 地铁9+7号线 三环内 西城广外 莲花池房主自荐,320万,56819元/平,地下室 (共7层) 2室1厅 | 56.32平米 | 西北,https://ke-image.ljcdn.com/110000-inspection/pc1_ZJ0FyUaHO_1.jpg!m_fill,w_280,h_210,f_jpg?from=ke.com
20240802,西城,马连道,101124628295,格调小区 1室1厅 东南,690万,98179元/平,低楼层 (共23层) 1室1厅 | 70.28平米 | 东南,https://ke-image.ljcdn.com/110000-inspection/pc1_IFqTLDgZe.jpg!m_fill,w_280,h_210,f_jpg?from=ke.com
20240802,西城,马连道,101124604396,三义东里 精装修 视野采光好  有钥匙 交通便利,545万,91459元/平,高楼层 (共16层) 3室1厅 | 59.59平米 | 西北,https://ke-image.ljcdn.com/110000-inspection/368510aa-ca29-42e0-8022-e5187cb24fc6_1000.jpg!m_fill,w_280,h_210,f_jpg?from=ke.com
20240802,西城,马连道,101124567603,丽阳四季 中高楼层 视野好 无遮挡 满五唯一,788万,94952元/平,高楼层 (共23层) 2室1厅 | 82.99平米 | 西 北,https://ke-image.ljcdn.com/110000-inspection/pc1_prlMz1Ysk_1.jpg!m_fill,w_280,h_210,f_jpg?from=ke.com
20240802,西城,马连道,101124558214,红莲北里17号院 2室1厅 南,850万,105407元/平,中楼层 (共19层) 2室1厅 | 80.64平米 | 南,https://ke-image.ljcdn.com/110000-inspection/pc1_U90Xjqooa_1.jpg!m_fill,w_280,h_210,f_jpg?from=ke.com
20240802,西城,马连道,101124552457,马连道中里 2室1厅 东北 西,580万,90021元/平,中楼层 (共6层) 2室1厅 | 64.43平米 | 东北 西,https://ke-image.ljcdn.com/110000-inspection/pc1_ecxaOpP6g.jpg!m_fill,w_280,h_210,f_jpg?from=ke.com
20240802,西城,马连道,101124531421,马连道西里 2室1厅 南 北,480万,86534元/平,中楼层 (共6层) | 1989年 | 2室1厅 | 55.47平米 | 南 北,https://ke-image.ljcdn.com/110000-inspection/pc1_3u2CKQ5pj.jpg!m_fill,w_280,h_210,f_jpg?from=ke.com
20240802,西城,马连道,101124507910,新上！丽泽雅园 东南北向两居 满五唯一 邻地铁房主自荐,590万,52038元/平,低楼层 (共24层) 2室1厅 | 113.38平米 | 东南 北,https://ke-image.ljcdn.com/110000-inspection/pc1_J0sA96dhf.jpg!m_fill,w_280,h_210,f_jpg?from=ke.com
20240802,西城,马连道,101124500416,格调小区西南正规两居 户型方正 前后花园,1220万,115849元/平,中楼层 (共14层) 2室1厅 | 105.31平米 | 南 西,https://ke-image.ljcdn.com/110000-inspection/pc1_XoAHaaSXy.jpg!m_fill,w_280,h_210,f_jpg?from=ke.com
20240802,西城,马连道,101124497030,红莲中里 2室1厅 东南,498万,92035元/平,中楼层 (共6层) | 1987年 | 2室1厅 | 54.11平米 | 东南,https://ke-image.ljcdn.com/110000-inspection/pc1_UwwZmQ2sV_1.jpg!m_fill,w_280,h_210,f_jpg?from=ke.com
20240802,西城,马连道,101124495919,红莲南里 1室1厅 南 北房主自荐,450万,103927元/平,低楼层 (共18层) | 1991年 | 1室1厅 | 43.3平米 | 南 北,https://ke-image.ljcdn.com/110000-inspection/pc1_q0UIUgQkO.jpg!m_fill,w_280,h_210,f_jpg?from=ke.com
20240802,西城,马连道,101124471576,红莲北里中层全南两居室 无抵押 满五唯一诚售,499万,91728元/平,中楼层 (共6层) 2室1厅 | 54.4平米 | 南,https://ke-image.ljcdn.com/110000-inspection/pc1_2ZoKec9oS.jpg!m_fill,w_280,h_210,f_jpg?from=ke.com
20240802,西城,马连道,101124407404,丽泽商务区 丽泽雅园 西南向三居 高楼层满五唯一,1326万,85000元/平,高楼层 (共24层) | 2005年 | 3室1厅 | 156平米 | 西南,https://ke-image.ljcdn.com/110000-inspection/pc1_ah55SEVbW.jpg!m_fill,w_280,h_210,f_jpg?from=ke.com
20240802,西城,马连道,101124396869,马连道中里 南北通透 户型方正  视野采光通风好！,700万,113896元/平,低楼层 (共6层) | 1995年 | 2室1厅 | 61.46平米 | 南 北,https://ke-image.ljcdn.com/110000-inspection/pc1_rfCXIEOke.jpg!m_fill,w_280,h_210,f_jpg?from=ke.com
20240802,西城,马连道,101124374124,西城广外南向商品房 精装修 前后无遮挡采光好房主自荐,850万,124142元/平,中楼层 (共16层) 1室1厅 | 68.47平米 | 南,https://ke-image.ljcdn.com/110000-inspection/pc1_9IFdCQhVW_1.jpg!m_fill,w_280,h_210,f_jpg?from=ke.com
20240802,西城,马连道,101124367118,西城区 红莲南里 两居室 朝南向 阳光充足房主自荐,460万,92203元/平,中楼层 (共6层) | 1989年 | 2室1厅 | 49.89平米 | 南,https://ke-image.ljcdn.com/110000-inspection/pc1_NLeFZZWLf.jpg!m_fill,w_280,h_210,f_jpg?from=ke.com
20240802,西城,马连道,101124329387,西城广外 红莲北里 双地铁 全南向两居室,580万,106618元/平,高楼层 (共6层) 2室1厅 | 54.4平米 | 南 北,https://ke-image.ljcdn.com/110000-inspection/pc1_u8gPIMQDU.jpg!m_fill,w_280,h_210,f_jpg?from=ke.com
20240802,西城,马连道,101124316216,马连道欣园东路 1室1厅 南 北,225万,52036元/平,中楼层 (共6层) 1室1厅 | 43.24平米 | 南 北,https://ke-image.ljcdn.com/110000-inspection/aa0b1ab7-7cd1-43fc-9de6-967a83be618c_1000.jpg!m_fill,w_280,h_210,f_jpg?from=ke.com
20240802,西城,马连道,101124305240,房子满五年唯一东西北通透无抵押精装修房主自荐,510万,65986元/平,顶层 (共6层) 2室1厅 | 77.29平米 | 东 西,https://ke-image.ljcdn.com/110000-inspection/pc1_Bu74AnYxx.jpg!m_fill,w_280,h_210,f_jpg?from=ke.com
20240802,西城,马连道,101124292857,三义里 2室1厅 南,528万,104596元/平,顶层 (共5层) 2室1厅 | 50.48平米 | 南,https://ke-image.ljcdn.com/110000-inspection/pc1_EXMn2hoqT.jpg!m_fill,w_280,h_210,f_jpg?from=ke.com
20240802,西城,马连道,101124289146,马连道中里 2室1厅 东南,715万,112973元/平,中楼层 (共18层) 2室1厅 | 63.29平米 | 东南,https://ke-image.ljcdn.com/110000-inspection/pc1_3WwruASGQ.jpg!m_fill,w_280,h_210,f_jpg?from=ke.com
20240802,西城,马连道,101124273314,【西城区】 近地铁 近公园 停车方便,566万,110634元/平,底层 (共5层) 3室1厅 | 51.16平米 | 南 北,https://ke-image.ljcdn.com/110000-inspection/pc1_Gn0pPh1CE_1.jpg!m_fill,w_280,h_210,f_jpg?from=ke.com
20240802,西城,马连道,101124257852,丽泽雅园西南三居满五唯一靠谱出售丽泽商务,1020万,65385元/平,高楼层 (共24层) | 2005年 | 3室2厅 | 156平米 | 南 西,https://ke-image.ljcdn.com/110000-inspection/pc1_P3qjT8QTC.jpg!m_fill,w_280,h_210,f_jpg?from=ke.com
20240802,西城,马连道,101124225446,红莲中里；西北两居高楼；满5年唯一；,528万,83150元/平,中楼层 (共16层) 2室1厅 | 63.5平米 | 西 北,https://ke-image.ljcdn.com/110000-inspection/pc1_STppGclnb_1.jpg!m_fill,w_280,h_210,f_jpg?from=ke.com
20240802,西城,马连道,101124216504,红莲北里 1室1厅 南,375万,103620元/平,高楼层 (共6层) 1室1厅 | 36.19平米 | 南,https://ke-image.ljcdn.com/110000-inspection/pc1_63tVUTejY.jpg!m_fill,w_280,h_210,f_jpg?from=ke.com
20240802,西城,马连道,101124202747,马连道中里 3室1厅 西 北,800万,85782元/平,底层 (共5层) 3室1厅 | 93.26平米 | 西 北,https://ke-image.ljcdn.com/110000-inspection/pc1_VGZDcGpkp.jpg!m_fill,w_280,h_210,f_jpg?from=ke.com
20240802,西城,马连道,101124179342,三义里 南北通透 田字格三居室 近地铁 不临街 精装修房主自荐,618万,89904元/平,顶层 (共5层) 3室1厅 | 68.74平米 | 南 北,https://ke-image.ljcdn.com/110000-inspection/pc1_8WXzC2OEv.jpg!m_fill,w_280,h_210,f_jpg?from=ke.com
20240802,西城,马连道,101124162222,丽泽雅园 2室1厅 北,570万,71843元/平,底层 (共24层) | 2009年 | 2室1厅 | 79.34平米 | 北,https://ke-image.ljcdn.com/110000-inspection/pc1_6BcUJpdCh_1.jpg!m_fill,w_280,h_210,f_jpg?from=ke.com
20240802,西城,马连道,101124117729,西城 马连道中里 南北通透 精装三居 满五唯一！,850万,115931元/平,高楼层 (共6层) | 1995年 | 3室1厅 | 73.32平米 | 南 北,https://ke-image.ljcdn.com/110000-inspection/d5741ed2-2a5f-4e26-a018-600491381cec_1000.jpg!m_fill,w_280,h_210,f_jpg?from=ke.com
20240802,西城,马连道,101124103346,太平里 1室1厅 南 北,378万,88484元/平,高楼层 (共7层) 1室1厅 | 42.72平米 | 南 北,https://ke-image.ljcdn.com/110000-inspection/pc1_clEAOVZIv.jpg!m_fill,w_280,h_210,f_jpg?from=ke.com
20240802,西城,马连道,101124101974,丽泽雅园高楼层两居 满五年家庭名下唯一 视野好,508万,51901元/平,顶层 (共24层) | 2006年 | 2室1厅 | 97.88平米 | 东南 北,https://ke-image.ljcdn.com/110000-inspection/pc1_gxVVnuG6v.jpg!m_fill,w_280,h_210,f_jpg?from=ke.com
20240802,西城,马连道,101124097556,红莲晴园 1室1厅 东,650万,99267元/平,顶层 (共22层) 1室1厅 | 65.48平米 | 东,https://ke-image.ljcdn.com/110000-inspection/pc1_a89yTYNKG.jpg!m_fill,w_280,h_210,f_jpg?from=ke.com
20240802,西城,马连道,101124097175,北欧印象 1室0厅 西,468万,92181元/平,低楼层 (共28层) | 2003年 | 1室0厅 | 50.77平米 | 西,https://ke-image.ljcdn.com/110000-inspection/pc1_6kAMfMWzO.jpg!m_fill,w_280,h_210,f_jpg?from=ke.com
20240802,西城,马连道,101124066471,西城区 信和嘉园 花园小区  拎包入住,590万,137402元/平,中楼层 (共20层) | 2006年 | 1室1厅 | 42.94平米 | 南 北,https://ke-image.ljcdn.com/110000-inspection/pc1_Iqti3emrh.jpg!m_fill,w_280,h_210,f_jpg?from=ke.com
20240802,西城,马连道,101123999130,红莲北里 2室1厅 南,519万,95003元/平,底层 (共6层) | 1986年 | 2室1厅 | 54.63平米 | 南,https://ke-image.ljcdn.com/110000-inspection/pc1_OKU78Duw0.jpg!m_fill,w_280,h_210,f_jpg?from=ke.com
20240802,西城,马连道,101123976638,西城区 马连道西里 2居室带客厅房主自荐,518万,82445元/平,中楼层 (共6层) 2室1厅 | 62.83平米 | 东 西,https://ke-image.ljcdn.com/110000-inspection/pc1_70L6wleDm.jpg!m_fill,w_280,h_210,f_jpg?from=ke.com
20240802,西城,马连道,101123974886,红莲北里 全南2居 挨着地铁 河边公园 户型无浪费面积房主自荐,539万,98664元/平,底层 (共6层) | 1986年 | 2室1厅 | 54.63平米 | 南,https://ke-image.ljcdn.com/110000-inspection/pc1_aPQi8NpmT_1.jpg!m_fill,w_280,h_210,f_jpg?from=ke.com
20240802,西城,马连道,101123952411,太平里板楼南北向一居室精装修,408万,95506元/平,中楼层 (共7层) 1室1厅 | 42.72平米 | 南 北,https://ke-image.ljcdn.com/110000-inspection/pc1_jcuD9CbSF_1.jpg!m_fill,w_280,h_210,f_jpg?from=ke.com
20240802,西城,马连道,101123945348,丽阳四季 商品房社区  正规一室一厅 西城好房,520万,85457元/平,低楼层 (共23层) 1室1厅 | 60.85平米 | 东南,https://ke-image.ljcdn.com/110000-inspection/pc1_v2dZfrPHm.jpg!m_fill,w_280,h_210,f_jpg?from=ke.com
20240802,西城,马连道,101123941973,三义东里 3室1厅 南 北房主自荐,730万,92876元/平,低楼层 (共14层) 3室1厅 | 78.6平米 | 南 北,https://ke-image.ljcdn.com/110000-inspection/pc1_NUz8E7xdP.jpg!m_fill,w_280,h_210,f_jpg?from=ke.com
20240802,西城,马连道,101123937469,格调花园小区 南北通透 高楼层 边户带东窗采光好。,1680万,119735元/平,顶层 (共23层) 3室2厅 | 140.31平米 | 北 南,https://ke-image.ljcdn.com/110000-inspection/pc1_lHoalEzdl.jpg!m_fill,w_280,h_210,f_jpg?from=ke.com
20240802,西城,马连道,101123916178,北欧印象 1室0厅 西北,450万,94143元/平,中楼层 (共25层) | 2003年 | 1室0厅 | 47.8平米 | 西北,https://ke-image.ljcdn.com/110000-inspection/pc1_wmUolfIqq_1.jpg!m_fill,w_280,h_210,f_jpg?from=ke.com
20240802,西城,马连道,101123905354,马连道路13号院 2室1厅 东南 南 北,566万,89970元/平,顶层 (共6层) | 1990年 | 2室1厅 | 62.91平米 | 东南 南 北,https://ke-image.ljcdn.com/110000-inspection/pc1_AHb5lzhB1_1.jpg!m_fill,w_280,h_210,f_jpg?from=ke.com
20240802,西城,马连道,101123903000,丽泽 马连道 新上 建茗苑 全明两居 诚售,440万,61911元/平,低楼层 (共23层) | 2008年 | 2室1厅 | 71.07平米 | 南 西,https://ke-image.ljcdn.com/110000-inspection/pc1_fRHc4LNwz.jpg!m_fill,w_280,h_210,f_jpg?from=ke.com
20240802,西城,马连道,101123885532,西城 格调小区 电梯板楼2梯6户 新上朝南户型高楼层！,630万,98700元/平,高楼层 (共23层) 1室1厅 | 63.83平米 | 南,https://ke-image.ljcdn.com/110000-inspection/pc1_FbcpjLhp3.jpg!m_fill,w_280,h_210,f_jpg?from=ke.com
20240802,西城,马连道,101123883032,马连道中里西南北两居室满五不唯一楼层好,700万,89241元/平,中楼层 (共18层) | 1998年 | 2室1厅 | 78.44平米 | 西南 北,https://ke-image.ljcdn.com/110000-inspection/pc1_aAzKye7ev.jpg!m_fill,w_280,h_210,f_jpg?from=ke.com
20240802,西城,马连道,101123866496,红莲中里 东南向楼龄新采光好满 五年唯 一随时看房,530万,93016元/平,低楼层 (共18层) 1室1厅 | 56.98平米 | 东 南,https://ke-image.ljcdn.com/110000-inspection/pc1_UbVRZCnzp.jpg!m_fill,w_280,h_210,f_jpg?from=ke.com
20240802,西城,马连道,101123836691,丽泽雅园 2室1厅 南,675万,70807元/平,中楼层 (共24层) | 2007年 | 2室1厅 | 95.33平米 | 南,https://ke-image.ljcdn.com/110000-inspection/pc1_K8K9EHU3q.jpg!m_fill,w_280,h_210,f_jpg?from=ke.com
20240802,西城,马连道,101123831696,西城 名筑 2008年商品房小区 满五年唯一,698万,73436元/平,低楼层 (共27层) | 2008年 | 2室2厅 | 95.05平米 | 西南,https://ke-image.ljcdn.com/110000-inspection/pc1_hJ4uzuWul.jpg!m_fill,w_280,h_210,f_jpg?from=ke.com
20240802,西城,马连道,101123819386,马连道格调小区 前后花园 满五唯一 精装修一居室,645万,100063元/平,中楼层 (共14层) 1室1厅 | 64.46平米 | 北,https://ke-image.ljcdn.com/110000-inspection/pc1_zcqUpyN0Y.jpg!m_fill,w_280,h_210,f_jpg?from=ke.com
20240802,西城,马连道,101123814179,西城区 2008年 商品房 人车分流 大两居 车位充足,750万,75973元/平,低楼层 (共27层) | 2008年 | 2室1厅 | 98.72平米 | 南 东南 北,https://ke-image.ljcdn.com/110000-inspection/pc1_z5R2xSqWG.jpg!m_fill,w_280,h_210,f_jpg?from=ke.com
20240802,西城,马连道,101123810575,西城区 正规一室一厅 精装修 诚心出售 看房方便,420万,78770元/平,低楼层 (共6层) 1室1厅 | 53.32平米 | 南 北,https://ke-image.ljcdn.com/110000-inspection/pc1_gIz0zu29H.jpg!m_fill,w_280,h_210,f_jpg?from=ke.com
20240802,西城,马连道,101123810286,马连道中街 2室1厅 东 西,618万,100195元/平,高楼层 (共6层) 2室1厅 | 61.68平米 | 东 西,https://ke-image.ljcdn.com/110000-inspection/e88c8e08-9d06-4b02-9215-9bd68c845a6d_1000.jpg!m_fill,w_280,h_210,f_jpg?from=ke.com
20240802,西城,马连道,101123804046,红莲中里 精装修 明厨明卫一居室,368万,94895元/平,底层 (共6层) 1室1厅 | 38.78平米 | 东 西,https://ke-image.ljcdn.com/110000-inspection/pc1_REnnVfzS3.jpg!m_fill,w_280,h_210,f_jpg?from=ke.com
20240802,西城,马连道,101123801099,西城区 中间楼层 诚心出售 经典户型,660万,89468元/平,低楼层 (共25层) | 2003年 | 1室1厅 | 73.77平米 | 南,https://ke-image.ljcdn.com/110000-inspection/pc1_3kn4ESpxG_1.jpg!m_fill,w_280,h_210,f_jpg?from=ke.com
20240802,西城,马连道,101123797894,7号线 湾子50米 南北一居 正对小区花园 无遮挡 电梯,395万,100998元/平,低楼层 (共12层) 1室1厅 | 39.11平米 | 南 北,https://ke-image.ljcdn.com/110000-inspection/pc1_VrRKL1c04_1.jpg!m_fill,w_280,h_210,f_jpg?from=ke.com
20240802,西城,马连道,101123794595,马连道中里 2室1厅 西南,668万,99747元/平,中楼层 (共18层) | 1999年 | 2室1厅 | 66.97平米 | 西南,https://ke-image.ljcdn.com/110000-inspection/pc1_aKqF8hAEN.jpg!m_fill,w_280,h_210,f_jpg?from=ke.com
20240802,西城,马连道,101123756996,西城区 格调大一居 满五年 精装,735万,104582元/平,中楼层 (共23层) 1室1厅 | 70.28平米 | 东,https://ke-image.ljcdn.com/110000-inspection/pc1_J1gOYfksr.jpg!m_fill,w_280,h_210,f_jpg?from=ke.com
20240802,西城,马连道,101123735312,98年精装修 满五年唯一 诚意出售 采光好 正规两居室房主自荐,510万,88897元/平,中楼层 (共7层) 2室1厅 | 57.37平米 | 东北,https://ke-image.ljcdn.com/110000-inspection/pc1_Av4Fnzuyg_1.jpg!m_fill,w_280,h_210,f_jpg?from=ke.com
20240802,西城,马连道,101123733646,西城区 两居朝南 精装修 诚心出售,498万,93189元/平,中楼层 (共5层) 2室1厅 | 53.44平米 | 南,https://ke-image.ljcdn.com/110000-inspection/pc1_Fb21K9kkc.jpg!m_fill,w_280,h_210,f_jpg?from=ke.com
20240802,西城,马连道,101123729881,丽泽商务区 满五年唯一 08年小区 人车分流 车位充足,795万,78776元/平,高楼层 (共27层) | 2008年 | 2室1厅 | 100.92平米 | 东南,https://ke-image.ljcdn.com/110000-inspection/pc1_haPDfhi7A.jpg!m_fill,w_280,h_210,f_jpg?from=ke.com
20240802,西城,马连道,101123706550,红莲北里 3室1厅 东 南 北,780万,110796元/平,中楼层 (共6层) 3室1厅 | 70.4平米 | 东 南 北,https://ke-image.ljcdn.com/110000-inspection/pc1_3kpNHol4y.jpg!m_fill,w_280,h_210,f_jpg?from=ke.com
20240802,西城,马连道,101123694804,三义西里南向正规一居低层交通好临地铁,435万,119342元/平,中楼层 (共5层) 1室1厅 | 36.45平米 | 南,https://ke-image.ljcdn.com/110000-inspection/pc1_nZ40eQHZP.jpg!m_fill,w_280,h_210,f_jpg?from=ke.com
20240802,西城,马连道,101123684575,西环景苑 西城区  2000年小区 随时签约,255万,56655元/平,地下室 (共19层) | 2001年 | 1室1厅 | 45.01平米 | 西,https://ke-image.ljcdn.com/110000-inspection/pc1_DrtfYC5Bp.jpg!m_fill,w_280,h_210,f_jpg?from=ke.com
20240802,西城,马连道,101123675567,西城区满五唯一南北通透大客厅楼龄新地铁9+7号线房主自荐,489万,78078元/平,高楼层 (共7层) 2室1厅 | 62.63平米 | 南 北,https://ke-image.ljcdn.com/110000-inspection/pc1_2LhbuLxSl.jpg!m_fill,w_280,h_210,f_jpg?from=ke.com
20240802,西城,马连道,101123673159,北欧印象 1室0厅 西北,420万,95498元/平,低楼层 (共25层) | 2003年 | 1室0厅 | 43.98平米 | 西北,https://ke-image.ljcdn.com/110000-inspection/pc1_HicKTY3YP.jpg!m_fill,w_280,h_210,f_jpg?from=ke.com
20240802,西城,马连道,101123635953,马连道中里东西通透大一居出行便利房龄新房主自荐,488万,96884元/平,底层 (共6层) | 1999年 | 1室1厅 | 50.37平米 | 东 西,https://ke-image.ljcdn.com/110000-inspection/pc1_OUYooBJJv.jpg!m_fill,w_280,h_210,f_jpg?from=ke.com
20240802,西城,马连道,101123604394,三义东里 2室1厅 南,670万,85242元/平,中楼层 (共14层) | 2009年 | 2室1厅 | 78.6平米 | 南,https://ke-image.ljcdn.com/110000-inspection/pc1_x2vs9y4Tj.jpg!m_fill,w_280,h_210,f_jpg?from=ke.com
20240802,西城,马连道,101123603885,西城区 格调小区 精装修 户型方正房主自荐,795万,90920元/平,低楼层 (共23层) 1室1厅 | 87.44平米 | 西,https://ke-image.ljcdn.com/110000-inspection/pc1_SnfkEvRss.jpg!m_fill,w_280,h_210,f_jpg?from=ke.com
20240802,西城,马连道,101123592546,红莲中里 2室1厅 东南,635万,106348元/平,中楼层 (共16层) 2室1厅 | 59.71平米 | 东南,https://ke-image.ljcdn.com/110000-inspection/pc1_Dgq7F1BoU.jpg!m_fill,w_280,h_210,f_jpg?from=ke.com
20240802,西城,马连道,101123572282,马连道中里 明厨明卫 独立客厅带阳台 电梯房 两梯八户,739万,116765元/平,低楼层 (共18层) 2室1厅 | 63.29平米 | 东南,https://ke-image.ljcdn.com/110000-inspection/pc1_u3wh7FxEu.jpg!m_fill,w_280,h_210,f_jpg?from=ke.com
20240802,西城,马连道,101123561967,红莲南里 南北通透优质两居 临近滨河公园房主自荐,535万,98873元/平,低楼层 (共6层) 2室1厅 | 54.11平米 | 南 北,https://ke-image.ljcdn.com/110000-inspection/pc1_Z74Q7h87W.jpg!m_fill,w_280,h_210,f_jpg?from=ke.com
20240802,西城,马连道,101123560444,马连道北里 满五唯一 南北通透 交通便利,690万,89961元/平,中楼层 (共6层) 3室1厅 | 76.7平米 | 南 北,https://ke-image.ljcdn.com/110000-inspection/pc1_vcQq71euX.jpg!m_fill,w_280,h_210,f_jpg?from=ke.com
20240802,西城,马连道,101123547921,西城区 三义里南北两居 满五年唯一 楼层好 看房随时,535万,98418元/平,中楼层 (共5层) 2室1厅 | 54.36平米 | 南 北,https://ke-image.ljcdn.com/110000-inspection/pc1_82rBjHJe6.jpg!m_fill,w_280,h_210,f_jpg?from=ke.com
20240802,西城,马连道,101123530050,三路居路99号院 2室1厅 南 北,680万,70635元/平,低楼层 (共6层) 2室1厅 | 96.27平米 | 南 北,https://ke-image.ljcdn.com/110000-inspection/pc1_zHN6WR6h8_1.jpg!m_fill,w_280,h_210,f_jpg?from=ke.com
20240802,西城,马连道,101123522990,马连道中里一区 精装修 看房便利 诚心出售,459万,85475元/平,底层 (共6层) 1室1厅 | 53.7平米 | 南 北,https://ke-image.ljcdn.com/110000-inspection/pc1_EAvrZtsAc.jpg!m_fill,w_280,h_210,f_jpg?from=ke.com
20240802,西城,马连道,101123519156,丰台区 红莲南路16号线 康宁居 两居室 全明格局,718万,83016元/平,底层 (共11层) 2室1厅 | 86.49平米 | 东南,https://ke-image.ljcdn.com/110000-inspection/pc1_iU3YvET8t.jpg!m_fill,w_280,h_210,f_jpg?from=ke.com
20240802,西城,马连道,101123518503,建茗苑方正三居室房本满五年中间楼层交通便利,580万,61966元/平,中楼层 (共23层) | 2008年 | 3室1厅 | 93.6平米 | 南 北,https://ke-image.ljcdn.com/110000-inspection/pc1_KXMb0UzRh.jpg!m_fill,w_280,h_210,f_jpg?from=ke.com
20240802,西城,马连道,101123507831,西城区 广外马连道 南北通透三居室 交通便利,598万,76442元/平,顶层 (共6层) 3室1厅 | 78.23平米 | 南 北,https://ke-image.ljcdn.com/110000-inspection/pc1_onJKIhfLt.jpg!m_fill,w_280,h_210,f_jpg?from=ke.com
20240802,西城,马连道,101123476419,红莲小区中里 三居室 无浪费 南北西通透 中间层,950万,103160元/平,中楼层 (共18层) 3室1厅 | 92.09平米 | 西南 北,https://ke-image.ljcdn.com/110000-inspection/pc1_rcG8EprjS_1.jpg!m_fill,w_280,h_210,f_jpg?from=ke.com
20240802,西城,马连道,101123475969,马连道中街 南北通透两居室 满五唯一,410万,76025元/平,顶层 (共6层) 2室1厅 | 53.93平米 | 南 北,https://ke-image.ljcdn.com/110000-inspection/pc1_BS9080vl7.jpg!m_fill,w_280,h_210,f_jpg?from=ke.com
20240802,西城,马连道,101123460565,独立的院满五唯一全南两居自住装修诚意出售,476万,91486元/平,高楼层 (共6层) | 1989年 | 2室1厅 | 52.03平米 | 南,https://ke-image.ljcdn.com/110000-inspection/pc1_C7jM607rO_1.jpg!m_fill,w_280,h_210,f_jpg?from=ke.com
20240802,西城,马连道,101123450293,西城区马连道中间层三居室满五年唯一,888万,76744元/平,中楼层 (共24层) 3室1厅 | 115.71平米 | 东 南 北,https://ke-image.ljcdn.com/110000-inspection/pc1_B03AGY2Np.jpg!m_fill,w_280,h_210,f_jpg?from=ke.com
20240802,西城,马连道,101123436568,马连道中里 两室一厅 南北通透 采光好,548万,91425元/平,高楼层 (共6层) 2室1厅 | 59.94平米 | 南 北,https://ke-image.ljcdn.com/110000-inspection/pc1_Fm4eJMsN3.jpg!m_fill,w_280,h_210,f_jpg?from=ke.com
20240802,西城,马连道,101123393869,红莲南里南北通透两居室精装修近地铁满五唯一房主自荐,588万,97464元/平,中楼层 (共7层) | 1991年 | 2室1厅 | 60.33平米 | 南 北,https://ke-image.ljcdn.com/110000-inspection/pc1_hZi1YwykQ.jpg!m_fill,w_280,h_210,f_jpg?from=ke.com
20240802,西城,马连道,101123391952,三义里东西通透3居室 户型实用 满5唯一 交通便利房主自荐,520万,96637元/平,底层 (共6层) 3室1厅 | 53.81平米 | 东 西,https://ke-image.ljcdn.com/110000-inspection/pc1_4FJUFMoWW_1.jpg!m_fill,w_280,h_210,f_jpg?from=ke.com
20240802,西城,马连道,101123389715,丰台区高楼5号院建茗苑东南两居。满五唯一商品房,445万,63193元/平,顶层 (共23层) | 2008年 | 2室1厅 | 70.42平米 | 东南,https://ke-image.ljcdn.com/110000-inspection/pc1_3c2NZfYYK.jpg!m_fill,w_280,h_210,f_jpg?from=ke.com
20240802,西城,马连道,101123387565,红莲晴园朝南2居高楼层没遮挡,850万,110133元/平,高楼层 (共22层) 2室1厅 | 77.18平米 | 南,https://ke-image.ljcdn.com/110000-inspection/pc1_hShlnElrT.jpg!m_fill,w_280,h_210,f_jpg?from=ke.com
20240802,西城,马连道,101123370946,馨莲茗园 2室1厅 东南,1100万,100393元/平,中楼层 (共25层) | 2003年 | 2室1厅 | 109.57平米 | 东南,https://ke-image.ljcdn.com/110000-inspection/pc1_tBE1lLBFg.jpg!m_fill,w_280,h_210,f_jpg?from=ke.com
20240802,西城,马连道,101123364445,西城商品房社区 经典一居室 有燃气  诚心出售,410万,93629元/平,中楼层 (共28层) | 2003年 | 1室0厅 | 43.79平米 | 北,https://ke-image.ljcdn.com/110000-inspection/pc1_ftaTcwUO1.jpg!m_fill,w_280,h_210,f_jpg?from=ke.com
20240802,西城,马连道,101123341346,红莲南里；已做平改坡；田字格户型 ；满五年唯一；,598万,87351元/平,顶层 (共6层) 3室1厅 | 68.46平米 | 南 北,https://ke-image.ljcdn.com/110000-inspection/pc1_DuAYcTANX.jpg!m_fill,w_280,h_210,f_jpg?from=ke.com
20240802,西城,马连道,101123335341,红莲中里 聚焦房源 视野好无遮挡,419万,77037元/平,顶层 (共6层) 2室1厅 | 54.39平米 | 东,https://ke-image.ljcdn.com/110000-inspection/pc1_bTORLMoWm.jpg!m_fill,w_280,h_210,f_jpg?from=ke.com
20240802,西城,马连道,101123324854,满五年正规两居带客厅 近地铁,520万,96889元/平,顶层 (共5层) 2室1厅 | 53.67平米 | 南 北,https://ke-image.ljcdn.com/110000-inspection/pc1_z9VLxIFv3.jpg!m_fill,w_280,h_210,f_jpg?from=ke.com
20240802,西城,马连道,101123322147,西城区 红莲北里 满五唯一 全南2居 近地铁,465万,97998元/平,底层 (共6层) | 1983年 | 2室1厅 | 47.45平米 | 南,https://ke-image.ljcdn.com/110000-inspection/pc1_K25Eb2MVy.jpg!m_fill,w_280,h_210,f_jpg?from=ke.com
20240802,西城,马连道,101123316705,丽泽雅园 满五唯一 丽泽商务区房主自荐,665万,67976元/平,中楼层 (共24层) | 2007年 | 2室1厅 | 97.83平米 | 西南 北,https://ke-image.ljcdn.com/110000-inspection/pc1_5p2fHBs6g_1.jpg!m_fill,w_280,h_210,f_jpg?from=ke.com
20240802,西城,马连道,101123308322,房子满五年唯一楼层高视野好采光没有遮挡房主自荐,750万,63565元/平,高楼层 (共24层) 2室2厅 | 117.99平米 | 西南,https://ke-image.ljcdn.com/110000-inspection/pc1_1uRk6ZvVy.jpg!m_fill,w_280,h_210,f_jpg?from=ke.com
20240802,西城,马连道,101123304873,欣园小区 2室1厅 南 北,365万,65873元/平,中楼层 (共6层) 2室1厅 | 55.41平米 | 南 北,https://ke-image.ljcdn.com/110000-inspection/pc1_nV2ntSL3A_1.jpg!m_fill,w_280,h_210,f_jpg?from=ke.com
20240802,西城,马连道,101123302082,红莲中里 河景房 高楼层 精装2居 拐角大阳台 满五唯一房主自荐,495万,89496元/平,高楼层 (共16层) 2室1厅 | 55.31平米 | 东 北,https://ke-image.ljcdn.com/110000-inspection/pc1_d8zHpGWF3.jpg!m_fill,w_280,h_210,f_jpg?from=ke.com
20240802,西城,马连道,101123267230,《店长推荐》丽泽商务区 三居室 地铁14号线 有钥匙,799万,69388元/平,低楼层 (共24层) | 2009年 | 3室1厅 | 115.15平米 | 西南 北,https://ke-image.ljcdn.com/110000-inspection/pc1_1hrrpQs3G.jpg!m_fill,w_280,h_210,f_jpg?from=ke.com
20240802,西城,马连道,101123244162,西城区 红莲中里 东南3居 视野开阔 采光很好,765万,96983元/平,高楼层 (共18层) | 1985年 | 3室1厅 | 78.88平米 | 东 南,https://ke-image.ljcdn.com/110000-inspection/pc1_plZsUkyrp.jpg!m_fill,w_280,h_210,f_jpg?from=ke.com
20240802,西城,马连道,101123241054,西城 北欧印象 正规一居室 中间楼层 高设计度,430万,89959元/平,低楼层 (共25层) | 2003年 | 1室0厅 | 47.8平米 | 北,https://ke-image.ljcdn.com/110000-inspection/pc1_ExgwKL3ul.jpg!m_fill,w_280,h_210,f_jpg?from=ke.com
20240802,西城,马连道,101123238225,马连道路5号院 南北2居室 楼层视野好 楼龄新 交通便利,569万,89791元/平,中楼层 (共6层) | 1990年 | 2室1厅 | 63.37平米 | 南 北,https://ke-image.ljcdn.com/110000-inspection/pc1_Clw7KzE6A.jpg!m_fill,w_280,h_210,f_jpg?from=ke.com
20240802,西城,马连道,101123217266,西城区西环景苑南北通透精装修两居室,780万,92692元/平,低楼层 (共19层) | 2001年 | 2室1厅 | 84.15平米 | 南 北,https://ke-image.ljcdn.com/110000-inspection/pc1_B6U0xInCe.jpg!m_fill,w_280,h_210,f_jpg?from=ke.com
20240802,西城,马连道,101123213557,红莲南里  满五唯一     中间楼层 视野好,385万,89828元/平,中楼层 (共18层) 1室0厅 | 42.86平米 | 南,https://ke-image.ljcdn.com/110000-inspection/pc1_OtJmOw8S2_1.jpg!m_fill,w_280,h_210,f_jpg?from=ke.com
20240802,西城,马连道,101123201307,康宁居 南北通透 近地铁 视野开阔 采光明亮,1280万,90723元/平,顶层 (共15层) | 2002年 | 3室1厅 | 141.09平米 | 南 北,https://ke-image.ljcdn.com/110000-inspection/pc1_1wDT7O6YF_1.jpg!m_fill,w_280,h_210,f_jpg?from=ke.com
20240802,西城,马连道,101123187762,马连道中里 2室1厅 东 南,670万,105049元/平,低楼层 (共18层) | 1995年 | 2室1厅 | 63.78平米 | 东 南,https://ke-image.ljcdn.com/110000-inspection/pc1_JUIgCoBkC.jpg!m_fill,w_280,h_210,f_jpg?from=ke.com
20240802,西城,马连道,101123180155,西城马连道瑞莲家园全明格局三居室满五唯一,796万,68793元/平,低楼层 (共24层) | 2001年 | 3室1厅 | 115.71平米 | 东北,https://ke-image.ljcdn.com/110000-inspection/pc1_C5QN5FFjL_1.jpg!m_fill,w_280,h_210,f_jpg?from=ke.com
20240802,西城,马连道,101123174670,欣园小区 2室1厅 东 西,390万,67510元/平,高楼层 (共6层) 2室1厅 | 57.77平米 | 东 西,https://ke-image.ljcdn.com/110000-inspection/pc1_e5gnAfHp9_1.jpg!m_fill,w_280,h_210,f_jpg?from=ke.com
20240802,西城,马连道,101123167388,红莲南里带电梯中间层东南向大两居,649万,92372元/平,中楼层 (共18层) | 1995年 | 2室1厅 | 70.26平米 | 东南,https://ke-image.ljcdn.com/110000-inspection/pc1_l57zpUGPA_1.jpg!m_fill,w_280,h_210,f_jpg?from=ke.com
20240802,西城,马连道,101123157189,丽泽商务区 丽泽雅园 西南朝向 三居室 满五唯一商品房,828万,67981元/平,中楼层 (共23层) | 2006年 | 3室2厅 | 121.8平米 | 西南,https://ke-image.ljcdn.com/110000-inspection/pc1_6xLC6Sc3M.jpg!m_fill,w_280,h_210,f_jpg?from=ke.com
20240802,西城,马连道,101123151786,广外 16号线北欧印象 欧园 东向 无遮挡,640万,99087元/平,低楼层 (共28层) | 2003年 | 2室1厅 | 64.59平米 | 东,https://ke-image.ljcdn.com/110000-inspection/pc1_1g4IyUScp.jpg!m_fill,w_280,h_210,f_jpg?from=ke.com
20240802,西城,马连道,101123149819,丽泽 东南全明格局两居室 满五年唯一 带电梯,760万,87872元/平,低楼层 (共11层) 2室2厅 | 86.49平米 | 西南,https://ke-image.ljcdn.com/110000-inspection/pc1_JcKbRVHfk.jpg!m_fill,w_280,h_210,f_jpg?from=ke.com
20240802,西城,马连道,101123141994,前后不临街；位置好；满5年；中间楼层；,440万,110331元/平,中楼层 (共6层) | 1986年 | 1室0厅 | 39.88平米 | 南,https://ke-image.ljcdn.com/110000-inspection/pc1_5NBi2xu1j_1.jpg!m_fill,w_280,h_210,f_jpg?from=ke.com
20240802,西城,马连道,101123141141,北欧印象  满五唯一 位于院内不临街 产权清晰,350万,81075元/平,低楼层 (共28层) | 2003年 | 1室0厅 | 43.17平米 | 东北,https://ke-image.ljcdn.com/110000-inspection/pc1_9xD4nrRRe.jpg!m_fill,w_280,h_210,f_jpg?from=ke.com
20240802,西城,马连道,101123103588,西城全明南北大客厅楼型新地铁7.9号线,699万,80800元/平,中楼层 (共6层) 2室1厅 | 86.51平米 | 南 北,https://ke-image.ljcdn.com/110000-inspection/pc1_MjGbNnFXB.jpg!m_fill,w_280,h_210,f_jpg?from=ke.com
20240802,西城,马连道,101123072684,西城区 马连道中里 96年房龄,475万,81253元/平,底层 (共12层) 1室1厅 | 58.46平米 | 南 北,https://ke-image.ljcdn.com/110000-inspection/pc1_hdxQPEtyy.jpg!m_fill,w_280,h_210,f_jpg?from=ke.com
20240802,西城,马连道,101123050238,红莲中里 精装修 南北通透两居室 视野开阔无遮挡,580万,88876元/平,顶层 (共6层) 2室1厅 | 65.26平米 | 南 北,https://ke-image.ljcdn.com/110000-inspection/pc1_dDPKSsLO5.jpg!m_fill,w_280,h_210,f_jpg?from=ke.com
20240802,西城,马连道,101123038098,三义东里 2室1厅 东 南,565万,102078元/平,低楼层 (共16层) 2室1厅 | 55.35平米 | 东 南,https://ke-image.ljcdn.com/110000-inspection/pc1_Uef1MooIB.jpg!m_fill,w_280,h_210,f_jpg?from=ke.com
20240802,西城,马连道,101123016546,馨莲茗园 3室1厅 南 北,1290万,86712元/平,顶层 (共15层) | 2003年 | 3室1厅 | 148.77平米 | 南 北,https://ke-image.ljcdn.com/110000-inspection/pc1_QScypKJJx.jpg!m_fill,w_280,h_210,f_jpg?from=ke.com
20240802,西城,马连道,101123000087,西城 红莲南里明厨 明卫 业主诚意出售,499万,107289元/平,高楼层 (共18层) | 1995年 | 2室2厅 | 46.51平米 | 西,https://ke-image.ljcdn.com/110000-inspection/pc1_YoC9CL3Zt.jpg!m_fill,w_280,h_210,f_jpg?from=ke.com
20240802,西城,马连道,101122997409,西城太平里 双卧室南向两居电梯房精装 地铁7+9号线房主自荐,891万,79455元/平,低楼层 (共16层) | 1997年 | 2室1厅 | 112.14平米 | 西南,https://ke-image.ljcdn.com/110000-inspection/pc1_nvIbIKP3Z.jpg!m_fill,w_280,h_210,f_jpg?from=ke.com
20240802,西城,马连道,101122979652,红莲南里南北通透两居室业主诚心出售,550万,96797元/平,高楼层 (共6层) 2室1厅 | 56.82平米 | 南 北,https://ke-image.ljcdn.com/110000-inspection/pc1_IfILE4plj.jpg!m_fill,w_280,h_210,f_jpg?from=ke.com
20240802,西城,马连道,101122969861,建茗苑满五年唯一仅契税有电梯高楼层视野广,707万,59941元/平,高楼层 (共23层) | 2008年 | 3室1厅 | 117.95平米 | 东 西 北,https://ke-image.ljcdn.com/110000-inspection/pc1_lxbw1eAwy_1.jpg!m_fill,w_280,h_210,f_jpg?from=ke.com
20240802,西城,马连道,101122966132,常青藤嘉园近地铁 正规一居 满五年唯一诚心出售,635万,99375元/平,低楼层 (共16层) 1室1厅 | 63.9平米 | 西北,https://ke-image.ljcdn.com/110000-inspection/pc1_xyRpnMBCK.jpg!m_fill,w_280,h_210,f_jpg?from=ke.com
20240802,西城,马连道,101122886940,红莲南里  东南3居室 独立客厅 采光充足 年代新房主自荐,699万,98437元/平,低楼层 (共18层) 3室1厅 | 71.01平米 | 东南,https://ke-image.ljcdn.com/110000-inspection/pc1_6Iq6mxP3b_1.jpg!m_fill,w_280,h_210,f_jpg?from=ke.com
20240802,西城,马连道,101122863556,红莲南里南北两居1992年楼龄社区环境好不临街,560万,91609元/平,低楼层 (共7层) 2室1厅 | 61.13平米 | 南 北,https://ke-image.ljcdn.com/110000-inspection/pc1_hsWS7c3IN_1.jpg!m_fill,w_280,h_210,f_jpg?from=ke.com
20240802,西城,马连道,101122849467,西城 2005年商品房 电梯板楼 2梯6户 南北通透 有车位,928万,97011元/平,底层 (共16层) 2室1厅 | 95.66平米 | 南 北,https://ke-image.ljcdn.com/110000-inspection/pc1_fBeb4ni6P_1.jpg!m_fill,w_280,h_210,f_jpg?from=ke.com
20240802,西城,马连道,101122832760,马连道中里 全明格局 低楼层2居西向阳台安静宜居,585万,103376元/平,低楼层 (共6层) 2室1厅 | 56.59平米 | 东 西 北,https://ke-image.ljcdn.com/110000-inspection/pc1_rC5Ss2Huh.jpg!m_fill,w_280,h_210,f_jpg?from=ke.com
20240802,西城,马连道,101122832330,瑞莲家园 3室1厅 东南,960万,86831元/平,底层 (共24层) 3室1厅 | 110.56平米 | 东南,https://ke-image.ljcdn.com/110000-inspection/pc1_YE8anKaX4.jpg!m_fill,w_280,h_210,f_jpg?from=ke.com
20240802,西城,马连道,101122819767,西城广外 全南 明厨明卫 距离16号线地铁200米 有电梯房主自荐,600万,98232元/平,中楼层 (共18层) | 1995年 | 2室1厅 | 61.08平米 | 南,https://ke-image.ljcdn.com/110000-inspection/pc1_oDN2NWkyc.jpg!m_fill,w_280,h_210,f_jpg?from=ke.com
20240802,西城,马连道,101122817362,西城马连道  全南两居室  中间楼层格局方正,770万,82752元/平,低楼层 (共24层) 2室2厅 | 93.05平米 | 南,https://ke-image.ljcdn.com/110000-inspection/pc1_hVAkNDPX6.jpg!m_fill,w_280,h_210,f_jpg?from=ke.com
20240802,西城,马连道,101122803094,丽泽 康宁居2001年板楼带电梯 1梯2户 南北通透三居室,1450万,93748元/平,低楼层 (共15层) 3室1厅 | 154.67平米 | 南 北,https://ke-image.ljcdn.com/110000-inspection/pc1_TFD55RgHA.jpg!m_fill,w_280,h_210,f_jpg?from=ke.com
20240802,西城,马连道,101122794979,马连道欣园东路 3室1厅 南 北,410万,59828元/平,底层 (共6层) 3室1厅 | 68.53平米 | 南 北,https://ke-image.ljcdn.com/110000-inspection/pc1_CFXmkZ4Dp.jpg!m_fill,w_280,h_210,f_jpg?from=ke.com
20240802,西城,马连道,101122788052,建茗苑满五年唯一仅契税有电梯没遮挡不临街,499万,66909元/平,底层 (共23层) | 2008年 | 2室1厅 | 74.58平米 | 南,https://ke-image.ljcdn.com/110000-inspection/pc1_cTEGQQKDx.jpg!m_fill,w_280,h_210,f_jpg?from=ke.com
20240802,西城,马连道,101122719088,丽泽雅园 丽泽商务区1 4号线 南两居 精装 诚售,720万,75528元/平,低楼层 (共24层) | 2007年 | 2室1厅 | 95.33平米 | 南,https://ke-image.ljcdn.com/110000-inspection/pc1_uIItfg1H9.jpg!m_fill,w_280,h_210,f_jpg?from=ke.com
20240802,西城,马连道,101122679544,西城广外  北欧印象  小户型 莲花河边,398万,94246元/平,中楼层 (共28层) | 2003年 | 1室0厅 | 42.23平米 | 东北,https://ke-image.ljcdn.com/110000-inspection/pc1_nghYLfPlD_1.jpg!m_fill,w_280,h_210,f_jpg?from=ke.com
20240802,西城,马连道,101122666758,红莲中里 2室1厅 东 西,610万,100115元/平,低楼层 (共6层) 2室1厅 | 60.93平米 | 东 西,https://ke-image.ljcdn.com/110000-inspection/pc1_BFIN4EsIW_1.jpg!m_fill,w_280,h_210,f_jpg?from=ke.com
20240802,西城,马连道,101122664248,红莲北里 满五唯一商品房 南北通透,715万,100549元/平,中楼层 (共6层) 3室1厅 | 71.11平米 | 南 北,https://ke-image.ljcdn.com/110000-inspection/pc1_8UTaxLv34.jpg!m_fill,w_280,h_210,f_jpg?from=ke.com
20240802,西城,马连道,101122570573,丽泽雅园满五唯一商品房精装修看房随时房主自荐,983万,74867元/平,低楼层 (共24层) | 2009年 | 3室1厅 | 131.3平米 | 西南,https://ke-image.ljcdn.com/110000-inspection/pc1_0ddhFO0Bv_1.jpg!m_fill,w_280,h_210,f_jpg?from=ke.com
20240802,西城,马连道,101122563086,西城 广外 红莲北里17号院 西南向 电梯 正规一居,599万,103652元/平,中楼层 (共19层) | 1999年 | 1室1厅 | 57.79平米 | 西,https://ke-image.ljcdn.com/110000-inspection/pc1_0KQpeoSDk.jpg!m_fill,w_280,h_210,f_jpg?from=ke.com
20240802,西城,马连道,101122562678,三义里 南北通透2居室 满5唯一 交通便利 前后不临街房主自荐,480万,83902元/平,顶层 (共5层) 2室1厅 | 57.21平米 | 南 北,https://ke-image.ljcdn.com/110000-inspection/pc1_rhTxu7opI.jpg!m_fill,w_280,h_210,f_jpg?from=ke.com
20240802,西城,马连道,101122542859,马连道中里 满五年央产房 婚房精装南向一居 不临街,548万,132240元/平,中楼层 (共18层) 1室1厅 | 41.44平米 | 南,https://ke-image.ljcdn.com/110000-inspection/pc1_n0G30cdax.jpg!m_fill,w_280,h_210,f_jpg?from=ke.com
20240802,西城,马连道,101122507058,国家工商总局央产房 人文环境好 满五年不唯一,599万,114928元/平,中楼层 (共18层) 1室1厅 | 52.12平米 | 西,https://ke-image.ljcdn.com/110000-inspection/c900116c-9211-41b9-aed9-d054da56b6f9_1000.jpg!m_fill,w_280,h_210,f_jpg?from=ke.com
20240802,西城,马连道,101122497655,馨莲茗园西城马连道广外小区管理好 人车分流 配套齐全,496万,82916元/平,低楼层 (共25层) | 2003年 | 1室1厅 | 59.82平米 | 北,https://ke-image.ljcdn.com/110000-inspection/pc1_thoDjXNfn.jpg!m_fill,w_280,h_210,f_jpg?from=ke.com
20240802,西城,马连道,101122474483,红莲中里 1室1厅 西,490万,85845元/平,低楼层 (共18层) 1室1厅 | 57.08平米 | 西,https://ke-image.ljcdn.com/110000-inspection/pc1_aXJJHfdB9.jpg!m_fill,w_280,h_210,f_jpg?from=ke.com
20240802,西城,马连道,101122462613,马连道中里 南北通透 楼龄新近地铁7号线,750万,105234元/平,中楼层 (共14层) | 1999年 | 2室1厅 | 71.27平米 | 南 北,https://ke-image.ljcdn.com/110000-inspection/pc1_Z2QwT20In_1.jpg!m_fill,w_280,h_210,f_jpg?from=ke.com
20240802,西城,马连道,101122430874,丽泽商务区西南北向两居室高楼层视野好,630万,64365元/平,中楼层 (共24层) | 2006年 | 2室1厅 | 97.88平米 | 西南 北,https://ke-image.ljcdn.com/110000-inspection/pc1_7WYJ8oMr6_1.jpg!m_fill,w_280,h_210,f_jpg?from=ke.com
20240802,西城,马连道,101122419173,西城区 电梯楼正规三居室 68平米近地铁 满五年,569万,84011元/平,低楼层 (共16层) 3室1厅 | 67.73平米 | 西北,https://ke-image.ljcdn.com/110000-inspection/pc1_Zdbz1NhZo.jpg!m_fill,w_280,h_210,f_jpg?from=ke.com
20240802,西城,马连道,101122395143,丽泽雅园 东向三居 中高楼层 坐观丽泽soho,900万,73838元/平,中楼层 (共23层) | 2006年 | 3室1厅 | 121.89平米 | 东南,https://ke-image.ljcdn.com/110000-inspection/pc1_bjjuw2OLj.jpg!m_fill,w_280,h_210,f_jpg?from=ke.com
20240802,西城,马连道,101122369694,丰台 马连道 建茗苑 2008年小区正规两居室,438万,62199元/平,高楼层 (共23层) | 2008年 | 2室1厅 | 70.42平米 | 西南,https://ke-image.ljcdn.com/110000-inspection/pc1_Hir84Iyhj.jpg!m_fill,w_280,h_210,f_jpg?from=ke.com
20240802,西城,马连道,101122314483,丰台区建茗苑小区一居室中间楼层视野好,249万,48719元/平,中楼层 (共23层) | 2008年 | 1室1厅 | 51.11平米 | 东南,https://ke-image.ljcdn.com/110000-inspection/pc1_GClGpx8w3.jpg!m_fill,w_280,h_210,f_jpg?from=ke.com
20240802,西城,马连道,101122270949,西城 2003年商品房 中间楼层低价两居车位可租可买！,665万,102576元/平,中楼层 (共28层) | 2003年 | 2室1厅 | 64.83平米 | 西,https://ke-image.ljcdn.com/110000-inspection/pc1_GKIYTMTL1.jpg!m_fill,w_280,h_210,f_jpg?from=ke.com
20240802,西城,马连道,101122239422,西城广外 常青藤嘉园 莲花河边,888万,96986元/平,高楼层 (共22层) | 2005年 | 2室1厅 | 91.56平米 | 东北,https://ke-image.ljcdn.com/110000-inspection/1ddaae79-b5a4-44cf-ae28-6bca0ef42a92_1000.jpg!m_fill,w_280,h_210,f_jpg?from=ke.com
20240802,西城,马连道,101122212739,马连道北里 南北通透3居室 楼龄新  交通便利 配套齐全房主自荐,699万,89352元/平,底层 (共6层) 3室1厅 | 78.23平米 | 南 北,https://ke-image.ljcdn.com/110000-inspection/9f7963a5-b0f8-499c-ba45-0e06c83e32cf_1000.jpg!m_fill,w_280,h_210,f_jpg?from=ke.com
20240802,西城,马连道,101122191883,西城区红莲中里三居室西南向采光好房间敞亮,830万,94934元/平,中楼层 (共18层) | 1985年 | 3室1厅 | 87.43平米 | 西南,https://ke-image.ljcdn.com/110000-inspection/pc1_W7vkQtSIr.jpg!m_fill,w_280,h_210,f_jpg?from=ke.com
20240802,西城,马连道,101122118372,西城区 茗筑小区 东南两居 满五年唯一 2008年商品房,868万,80565元/平,低楼层 (共27层) | 2008年 | 2室1厅 | 107.74平米 | 东南,https://ke-image.ljcdn.com/110000-inspection/pc1_IIgeLtYzM.jpg!m_fill,w_280,h_210,f_jpg?from=ke.com
20240802,西城,马连道,101122115753,红莲晴园 3室2厅 西北,1380万,109463元/平,高楼层 (共22层) 3室2厅 | 126.07平米 | 西北,https://ke-image.ljcdn.com/110000-inspection/pc1_HcC9mSOKo.jpg!m_fill,w_280,h_210,f_jpg?from=ke.com
20240802,西城,马连道,101122101699,南北通透楼层高前后不临街二梯四户产权车位单独出售,1188万,115016元/平,中楼层 (共15层) 2室1厅 | 103.29平米 | 南 北,https://ke-image.ljcdn.com/110000-inspection/pc1_K5Dqc50M4.jpg!m_fill,w_280,h_210,f_jpg?from=ke.com
20240802,西城,马连道,101122095638,西城区 广安门外 瑞莲家园  三居室 全明格局,920万,79510元/平,低楼层 (共24层) 3室1厅 | 115.71平米 | 西北,https://ke-image.ljcdn.com/110000-inspection/pc1_9yUzZXLq2_1.jpg!m_fill,w_280,h_210,f_jpg?from=ke.com
20240802,西城,马连道,101122084222,西城次新纯商品房社区 满五年唯一,410万,94930元/平,低楼层 (共25层) 1室0厅 | 43.19平米 | 北,https://ke-image.ljcdn.com/110000-inspection/pc1_T86aYDeeF_1.jpg!m_fill,w_280,h_210,f_jpg?from=ke.com
20240802,西城,马连道,101122013093,红莲北里 新上东南北三居 满五唯一单位分房,688万,97107元/平,高楼层 (共6层) 3室1厅 | 70.85平米 | 东南 北,https://ke-image.ljcdn.com/110000-inspection/pc1_tkXPeWtf1.jpg!m_fill,w_280,h_210,f_jpg?from=ke.com
20240802,西城,马连道,101121975879,新上 红莲中里 两居室 满五年  楼层好 近地铁,530万,96751元/平,高楼层 (共16层) 2室1厅 | 54.78平米 | 东北,https://ke-image.ljcdn.com/110000-inspection/pc1_b7792U0rg.jpg!m_fill,w_280,h_210,f_jpg?from=ke.com
20240802,西城,马连道,101121974482,红莲北里 南北通透2居室采光视野好 近地铁 配套全房主自荐,440万,81542元/平,顶层 (共6层) 2室1厅 | 53.96平米 | 南 北,https://ke-image.ljcdn.com/110000-inspection/pc1_sWIi5wVqZ.jpg!m_fill,w_280,h_210,f_jpg?from=ke.com
20240802,西城,马连道,101121930665,广外红莲中里南北通透两居室满五唯一全明格局,558万,91641元/平,底层 (共6层) 2室1厅 | 60.89平米 | 南 北,https://ke-image.ljcdn.com/110000-inspection/pc1_kSVrDi5dU.jpg!m_fill,w_280,h_210,f_jpg?from=ke.com
20240802,西城,马连道,101121877454,满五唯一精装修两居室 东南向 无遮挡 业主诚心出售,760万,71195元/平,高楼层 (共24层) | 2005年 | 2室1厅 | 106.75平米 | 东南,https://ke-image.ljcdn.com/110000-inspection/pc1_vYOGnh3mq.jpg!m_fill,w_280,h_210,f_jpg?from=ke.com
20240802,西城,马连道,101121876064,格调 南北通透 满五唯一 两居室,1150万,111338元/平,高楼层 (共15层) | 2004年 | 2室1厅 | 103.29平米 | 南 北,https://ke-image.ljcdn.com/110000-inspection/pc1_IL6WrljzF.jpg!m_fill,w_280,h_210,f_jpg?from=ke.com
20240802,西城,马连道,101121867602,西城 近湾子地铁 南向两居 马连道 阳光好 低楼层 诚售,569万,105312元/平,低楼层 (共6层) 2室1厅 | 54.03平米 | 南,https://ke-image.ljcdn.com/110000-inspection/pc1_3X0mj0utE.jpg!m_fill,w_280,h_210,f_jpg?from=ke.com
20240802,西城,马连道,101121867099,马连道路5号院 2室1厅 南 北,550万,93857元/平,顶层 (共6层) 2室1厅 | 58.6平米 | 南 北,https://ke-image.ljcdn.com/110000-inspection/pc1_XDNPWzXta.jpg!m_fill,w_280,h_210,f_jpg?from=ke.com
20240802,西城,马连道,101121854983,《店长推荐》丽泽雅园 东南两居 业主诚售 丽泽商务区,875万,74159元/平,中楼层 (共24层) 2室1厅 | 117.99平米 | 东南,https://ke-image.ljcdn.com/110000-inspection/f2d51089-f520-46e1-9e7d-cd32d8a871b2_1000.jpg!m_fill,w_280,h_210,f_jpg?from=ke.com
20240802,西城,马连道,101121850583,三义东里 朝南1居室 视野开阔 采光好 精装修 交通便利房主自荐,449万,115158元/平,中楼层 (共16层) 1室1厅 | 38.99平米 | 南,https://ke-image.ljcdn.com/110000-inspection/pc1_ADU6D8JvD_1.jpg!m_fill,w_280,h_210,f_jpg?from=ke.com
20240802,西城,马连道,101121840633,西城区 马连道三巷 西南向三居 楼层好 明厨明卫,568万,90997元/平,中楼层 (共5层) 3室1厅 | 62.42平米 | 西南,https://ke-image.ljcdn.com/110000-inspection/pc1_iSdfQuK8K_1.jpg!m_fill,w_280,h_210,f_jpg?from=ke.com
20240802,西城,马连道,101121815738,西城马连道西里 南北三居 双卧南向 精装即可入住,620万,96304元/平,底层 (共6层) 3室1厅 | 64.38平米 | 南 北,https://ke-image.ljcdn.com/110000-inspection/pc1_pVpvNjoLz.jpg!m_fill,w_280,h_210,f_jpg?from=ke.com
20240802,西城,马连道,101121804943,丰台三路居康宁居小区  南北通透两居室,1066万,93427元/平,低楼层 (共15层) 2室2厅 | 114.1平米 | 南 北,https://ke-image.ljcdn.com/110000-inspection/c9723fe5-7eed-4b25-8f37-f1fd2666f700_1000.jpg!m_fill,w_280,h_210,f_jpg?from=ke.com
20240802,西城,马连道,101121802812,西城区-丽泽2008年茗筑小区满五唯一中间楼层,810万,81662元/平,中楼层 (共27层) | 2008年 | 2室1厅 | 99.19平米 | 西南,https://ke-image.ljcdn.com/110000-inspection/9a55c867-292f-4fec-bf38-ac41af6fc3de_1000.jpg!m_fill,w_280,h_210,f_jpg?from=ke.com
20240802,西城,马连道,101121725207,西城区楼龄新南北通透无户口无抵押,750万,96962元/平,中楼层 (共7层) 3室1厅 | 77.35平米 | 南 北,https://ke-image.ljcdn.com/110000-inspection/04bfecdb-6f40-4227-b9fe-c909c945b9f2_1000.jpg!m_fill,w_280,h_210,f_jpg?from=ke.com
20240802,西城,马连道,101121712898,丽泽雅园 满五唯一 中高楼层 视野好,670万,75655元/平,中楼层 (共24层) | 2009年 | 2室1厅 | 88.56平米 | 东,https://ke-image.ljcdn.com/110000-inspection/pc1_Im2JrPJeo_1.jpg!m_fill,w_280,h_210,f_jpg?from=ke.com
20240802,西城,马连道,101121659958,马连道信和嘉园一居室出售小区棒环境优美房主自荐,600万,128233元/平,中楼层 (共18层) 1室1厅 | 46.79平米 | 北,https://ke-image.ljcdn.com/110000-inspection/pc1_4yGEWh7LX.jpg!m_fill,w_280,h_210,f_jpg?from=ke.com
20240802,西城,马连道,101121626478,马连道北里  南北通透3居室 采光好 视野开阔 楼龄新,720万,92037元/平,中楼层 (共6层) 3室1厅 | 78.23平米 | 南 北,https://ke-image.ljcdn.com/110000-inspection/pc1_4EFnf2bSe.jpg!m_fill,w_280,h_210,f_jpg?from=ke.com
20240802,西城,马连道,101121589798,丽泽雅园 满五唯一大两居 诚心卖,800万,71782元/平,低楼层 (共24层) | 2005年 | 2室2厅 | 111.45平米 | 西南,https://ke-image.ljcdn.com/110000-inspection/pc1_DxDdEtRsC.jpg!m_fill,w_280,h_210,f_jpg?from=ke.com
20240802,西城,马连道,101121500429,《店长推荐》丽泽雅园 东南两居室 业主诚售 看房方便,680万,64297元/平,高楼层 (共24层) 2室1厅 | 105.76平米 | 东南,https://ke-image.ljcdn.com/110000-inspection/pc1_DtgsF80aD.jpg!m_fill,w_280,h_210,f_jpg?from=ke.com
20240802,西城,马连道,101121487523,西城广外马连道中里东向电梯两居室7+16号线地铁,695万,118480元/平,低楼层 (共18层) 2室1厅 | 58.66平米 | 东南,https://ke-image.ljcdn.com/110000-inspection/b20dca27-93ae-47ab-ac3f-c4b84b64a863_1000.jpg!m_fill,w_280,h_210,f_jpg?from=ke.com
20240802,西城,马连道,101121476746,西二环丽泽商务区南北通透三居室、费用少、配套成熟,580万,68204元/平,高楼层 (共6层) 3室1厅 | 85.04平米 | 南 北,https://ke-image.ljcdn.com/110000-inspection/03408d0b-a3e6-40bd-bafc-6962dfc4214e_1000.jpg!m_fill,w_280,h_210,f_jpg?from=ke.com
20240802,西城,马连道,101121466728,红莲南里 满五年唯一央产房 地铁16号线红莲南里站房主自荐,515万,94792元/平,低楼层 (共7层) 2室1厅 | 54.33平米 | 南 北,https://ke-image.ljcdn.com/110000-inspection/pc1_66WK91G2g.jpg!m_fill,w_280,h_210,f_jpg?from=ke.com
20240802,西城,马连道,101121423827,丰台区丽泽商区区东北三居室仅契税视野好无遮挡房主自荐,695万,58924元/平,中楼层 (共23层) | 2008年 | 3室1厅 | 117.95平米 | 西南 北,https://ke-image.ljcdn.com/110000-inspection/a1ec2638-593a-4d4b-b94f-cff22ea6e28d_1000.jpg!m_fill,w_280,h_210,f_jpg?from=ke.com
20240802,西城,马连道,101121389868,马连道中里 南向带电梯正规一居 近地铁 诚心出售,510万,117269元/平,低楼层 (共18层) 1室1厅 | 43.49平米 | 南,https://ke-image.ljcdn.com/110000-inspection/pc1_KkWDDybx7.jpg!m_fill,w_280,h_210,f_jpg?from=ke.com
20240802,西城,马连道,101121356823,西城区  南北通透两居  精装修  近地铁 带电梯,620万,88181元/平,高楼层 (共14层) 2室1厅 | 70.31平米 | 南 北,https://ke-image.ljcdn.com/110000-inspection/29280e98-15db-45f6-94de-f93a42d81804_1000.jpg!m_fill,w_280,h_210,f_jpg?from=ke.com
20240802,西城,马连道,101121341134,馨莲茗园 板楼 南北通透三居室 采光视野好 一梯三户,1380万,92842元/平,高楼层 (共15层) | 2003年 | 3室1厅 | 148.64平米 | 南 北,https://ke-image.ljcdn.com/110000-inspection/pc1_jKTHNNqRo.jpg!m_fill,w_280,h_210,f_jpg?from=ke.com
20240802,西城,马连道,101121340469,丰台丽泽商务区东南一居室通风好诚心出售,318万,62219元/平,高楼层 (共23层) | 2008年 | 1室1厅 | 51.11平米 | 东南,https://ke-image.ljcdn.com/110000-inspection/pc1_UEXmRSNJH.jpg!m_fill,w_280,h_210,f_jpg?from=ke.com
20240802,西城,马连道,101121225818,西南二环、靠近丽泽商务区、有地铁、正规一居室新装修,318万,60955元/平,中楼层 (共6层) | 1996年 | 1室1厅 | 52.17平米 | 西,https://ke-image.ljcdn.com/110000-inspection/a24605a4-4b29-4884-9c96-ebc873f590c2_1000.jpg!m_fill,w_280,h_210,f_jpg?from=ke.com
20240802,西城,马连道,101121225209,西城区 南北两居室 1996年的央产房 地铁7号线湾子站口,750万,76995元/平,中楼层 (共6层) 2室1厅 | 97.41平米 | 南 北,https://ke-image.ljcdn.com/110000-inspection/pc1_3JPlToCYF.jpg!m_fill,w_280,h_210,f_jpg?from=ke.com
20240802,西城,马连道,101121205677,马连道西里   全南向一居   采光好,430万,101177元/平,高楼层 (共6层) | 1980年 | 1室1厅 | 42.5平米 | 南,https://ke-image.ljcdn.com/110000-inspection/pc1_MPwD8Of5V.jpg!m_fill,w_280,h_210,f_jpg?from=ke.com
20240802,西城,马连道,101121182934,丽泽商务区 丽泽雅园 东北朝向两居室 满五年唯一,588万,74112元/平,底层 (共24层) | 2009年 | 2室1厅 | 79.34平米 | 东北,https://ke-image.ljcdn.com/110000-inspection/pc1_u7zHOjpgL.jpg!m_fill,w_280,h_210,f_jpg?from=ke.com
20240802,西城,马连道,101121178398,马连道东街 2室1厅 南,640万,99782元/平,中楼层 (共5层) 2室1厅 | 64.14平米 | 南,https://ke-image.ljcdn.com/110000-inspection/pc1_dxWrffxYX.jpg!m_fill,w_280,h_210,f_jpg?from=ke.com
20240802,西城,马连道,101121137086,西城区马连道红莲北里三居室南北通透地铁7号线,779万,110654元/平,低楼层 (共6层) 3室1厅 | 70.4平米 | 东南 北,https://ke-image.ljcdn.com/110000-inspection/pc1_u5wwXpx5X.jpg!m_fill,w_280,h_210,f_jpg?from=ke.com
20240802,西城,马连道,101121085240,马连道中里 3室1厅 东 西,880万,99796元/平,底层 (共5层) 3室1厅 | 88.18平米 | 东 西,https://ke-image.ljcdn.com/110000-inspection/pc1_GtldvJqFs.jpg!m_fill,w_280,h_210,f_jpg?from=ke.com
20240802,西城,马连道,101121048785,西城区  满五唯一 南北通透  无遮挡  采光好 楼龄新,780万,100841元/平,高楼层 (共7层) 3室1厅 | 77.35平米 | 南 北,https://ke-image.ljcdn.com/110000-inspection/pc1_4Vd6GXNSn.jpg!m_fill,w_280,h_210,f_jpg?from=ke.com
20240802,西城,马连道,101121043245,欣园小区南北通透全明一居室满五唯一不临街,310万,68087元/平,中楼层 (共6层) 1室1厅 | 45.53平米 | 南 北,https://ke-image.ljcdn.com/110000-inspection/pc1_qkG8GdSJF_1.jpg!m_fill,w_280,h_210,f_jpg?from=ke.com
20240802,西城,马连道,101121018149,马连道欣园东路南北通透一层满五唯一房主自荐,330万,58898元/平,底层 (共6层) 2室1厅 | 56.03平米 | 南 北,https://ke-image.ljcdn.com/110000-inspection/pc1_BhCvobF4Z_1.jpg!m_fill,w_280,h_210,f_jpg?from=ke.com
20240802,西城,马连道,101121012417,全明格局 卫生间也有窗户 户型方正 好用,850万,89108元/平,中楼层 (共20层) 2室2厅 | 95.39平米 | 东北,https://ke-image.ljcdn.com/110000-inspection/173f9235-dd1c-4169-b058-79501e168274_1000.jpg!m_fill,w_280,h_210,f_jpg?from=ke.com
20240802,西城,马连道,101121009757,红莲南里   正规南向一居室  看房随时,460万,125821元/平,底层 (共6层) 1室1厅 | 36.56平米 | 南,https://ke-image.ljcdn.com/110000-inspection/pc1_JLw9Gb4X2.jpg!m_fill,w_280,h_210,f_jpg?from=ke.com
20240802,西城,马连道,101120981857,东南向 明厨明卫 户型合理无浪费,786万,124191元/平,低楼层 (共18层) 2室1厅 | 63.29平米 | 东南,https://ke-image.ljcdn.com/110000-inspection/pc1_Yfv7xsw79.jpg!m_fill,w_280,h_210,f_jpg?from=ke.com
20240802,西城,马连道,101120973893,红莲北里精装3居 南北通透全明格局 满五年家庭唯一房主自荐,779万,107642元/平,顶层 (共6层) 3室1厅 | 72.37平米 | 南 北,https://ke-image.ljcdn.com/110000-inspection/pc1_4uBZcfqgl.jpg!m_fill,w_280,h_210,f_jpg?from=ke.com
20240802,西城,马连道,101120943349,南北通透 近地铁7号达官营 诚心出售,750万,105234元/平,中楼层 (共14层) | 1999年 | 2室1厅 | 71.27平米 | 南 北,https://ke-image.ljcdn.com/110000-inspection/pc1_O1NFPb5nd_1.jpg!m_fill,w_280,h_210,f_jpg?from=ke.com
20240802,西城,马连道,101120904282,西城区 太平里 带电梯2居室 满五年唯一 楼龄新,760万,99935元/平,中楼层 (共16层) 2室2厅 | 76.05平米 | 西南,https://ke-image.ljcdn.com/110000-inspection/pc1_lZUCk0VRM_1.jpg!m_fill,w_280,h_210,f_jpg?from=ke.com
20240802,西城,马连道,101120883459,马连道西里 楼龄新 南北通透全明一居 地铁7和9,420万,81333元/平,顶层 (共6层) 1室1厅 | 51.64平米 | 南 北,https://ke-image.ljcdn.com/110000-inspection/pc1_H2XjkvZSK_1.jpg!m_fill,w_280,h_210,f_jpg?from=ke.com
20240802,西城,马连道,101120866193,康宁居 3室2厅 南 北,1480万,95775元/平,低楼层 (共15层) 3室2厅 | 154.53平米 | 南 北,https://ke-image.ljcdn.com/110000-inspection/pc1_7AUGf9LYj.jpg!m_fill,w_280,h_210,f_jpg?from=ke.com
20240802,西城,马连道,101120796014,丽泽雅园全南向两居室精装修房主自荐,585万,64019元/平,低楼层 (共24层) | 2006年 | 2室1厅 | 91.38平米 | 南,https://ke-image.ljcdn.com/110000-inspection/pc1_1Ob2fvgwy_1.jpg!m_fill,w_280,h_210,f_jpg?from=ke.com
20240802,西城,马连道,101120773418,三义西里 电梯房3居室  交通便利 配套齐全房主自荐,610万,89905元/平,低楼层 (共14层) 3室1厅 | 67.85平米 | 东 西 北,https://ke-image.ljcdn.com/110000-inspection/pc1_FRnX9k3A3.jpg!m_fill,w_280,h_210,f_jpg?from=ke.com
20240802,西城,马连道,101120771478,常青藤嘉园 满五唯一婚房装修 双卫房主自荐,1220万,125322元/平,中楼层 (共16层) 2室1厅 | 97.35平米 | 东 西,https://ke-image.ljcdn.com/110000-inspection/pc1_4qVTsTQf2.jpg!m_fill,w_280,h_210,f_jpg?from=ke.com
20240802,西城,马连道,101120757460,满五唯一商品房楼龄新价格可谈业主随时签约,290万,64617元/平,地下室 (共7层) 1室1厅 | 44.88平米 | 东,https://ke-image.ljcdn.com/110000-inspection/pc1_XUIgJL6sZ.jpg!m_fill,w_280,h_210,f_jpg?from=ke.com
20240802,西城,马连道,101120696494,红莲北里 南北通透 全明格局 近地铁,599万,97494元/平,底层 (共6层) 2室1厅 | 61.44平米 | 南 北,https://ke-image.ljcdn.com/110000-inspection/pc1_TcMZzwtjO.jpg!m_fill,w_280,h_210,f_jpg?from=ke.com
20240802,西城,马连道,101120694136,西城区西环景苑单价低诚心出售,700万,59794元/平,地下室 (共19层) 3室2厅 | 117.07平米 | 南 西南,https://ke-image.ljcdn.com/110000-inspection/pc1_xqlSMK5Wu.jpg!m_fill,w_280,h_210,f_jpg?from=ke.com
20240802,西城,马连道,101120686095,馨莲茗园 大两居室 小区管理好 人车分流 户型好没浪费房主自荐,1050万,96022元/平,低楼层 (共25层) | 2003年 | 2室2厅 | 109.35平米 | 西南,https://ke-image.ljcdn.com/110000-inspection/pc1_3IGWSzRfZ.jpg!m_fill,w_280,h_210,f_jpg?from=ke.com
20240802,西城,马连道,101120679383,红莲晴园；西南两居；利用率高；精装修！,960万,89195元/平,底层 (共20层) | 2006年 | 3室1厅 | 107.63平米 | 南 西,https://ke-image.ljcdn.com/110000-inspection/pc1_SbyRpPC1X.jpg!m_fill,w_280,h_210,f_jpg?from=ke.com
20240802,西城,马连道,101120667708,常青藤嘉园 东向两居 05年商品房小区 诚心出售,855万,105089元/平,低楼层 (共11层) | 2005年 | 2室1厅 | 81.36平米 | 东,https://ke-image.ljcdn.com/110000-inspection/pc1_d7SJxf9Ct.jpg!m_fill,w_280,h_210,f_jpg?from=ke.com
20240802,西城,马连道,101120638136,西城区常青藤嘉园精选朝南向一居室,448万,130006元/平,高楼层 (共16层) | 2005年 | 1室0厅 | 34.46平米 | 南,https://ke-image.ljcdn.com/110000-inspection/pc1_fR7fXNzkf.jpg!m_fill,w_280,h_210,f_jpg?from=ke.com
20240802,西城,马连道,101120633445,马连道 电梯 三居室 视野开阔  湾子 达官营地铁口,600万,88431元/平,中楼层 (共14层) | 1986年 | 3室1厅 | 67.85平米 | 东 西 北,https://ke-image.ljcdn.com/110000-inspection/pc1_9jeBYqGbZ_1.jpg!m_fill,w_280,h_210,f_jpg?from=ke.com
20240802,西城,马连道,101120590527,红莲北里 全明格局南北通透两居室,438万,71874元/平,顶层 (共6层) 2室1厅 | 60.94平米 | 南 北,https://ke-image.ljcdn.com/110000-inspection/pc1_Q3AFCvzSF_1.jpg!m_fill,w_280,h_210,f_jpg?from=ke.com
20240802,西城,马连道,101120494863,丽泽雅园 商务区范围内 东南高层 满五唯一,758万,71781元/平,高楼层 (共24层) 2室1厅 | 105.6平米 | 东南,https://ke-image.ljcdn.com/110000-inspection/23ccf4eb-6baa-4cae-adb9-a1286afc7a30_1000.jpg!m_fill,w_280,h_210,f_jpg?from=ke.com
20240802,西城,马连道,101120353255,西城区 红莲中里 两居室 西南向 高楼层,935万,115704元/平,高楼层 (共18层) | 1996年 | 2室1厅 | 80.81平米 | 西南,https://ke-image.ljcdn.com/110000-inspection/pc1_ksbpgt6Om.jpg!m_fill,w_280,h_210,f_jpg?from=ke.com
20240802,西城,马连道,101120343469,《店长推荐》丽泽雅园 西南两居室 业主诚售地铁14号线,820万,69498元/平,低楼层 (共24层) 2室1厅 | 117.99平米 | 西南,https://ke-image.ljcdn.com/110000-inspection/pc1_G4r9jBEZ3.jpg!m_fill,w_280,h_210,f_jpg?from=ke.com
20240802,西城,马连道,101120322020,马连道北里 户型方正南北通透  交通便利,499万,87560元/平,中楼层 (共6层) 2室1厅 | 56.99平米 | 南 北,https://ke-image.ljcdn.com/110000-inspection/pc1_mQ4T8dh12.jpg!m_fill,w_280,h_210,f_jpg?from=ke.com
20240802,西城,马连道,101120303281,西城区视野好 采光无遮挡人车分流 地铁14号线诚意出售,756万,82023元/平,中楼层 (共27层) | 2008年 | 2室1厅 | 92.17平米 | 南,https://ke-image.ljcdn.com/110000-inspection/pc1_OAUhZuXA8.jpg!m_fill,w_280,h_210,f_jpg?from=ke.com
20240802,西城,马连道,101120244691,红莲中里 1室1厅 南,425万,106570元/平,顶层 (共6层) | 1986年 | 1室1厅 | 39.88平米 | 南,https://ke-image.ljcdn.com/110000-inspection/pc1_s1WDNlZLM.jpg!m_fill,w_280,h_210,f_jpg?from=ke.com
20240802,西城,马连道,101120233637,西城区 格调小区 精装一居 随时看房,755万,107428元/平,高楼层 (共23层) 1室1厅 | 70.28平米 | 东,https://ke-image.ljcdn.com/110000-inspection/pc1_tP16MOaU6.jpg!m_fill,w_280,h_210,f_jpg?from=ke.com
20240802,西城,马连道,101120192186,红莲中里自住精美装修满五唯一拎包入住,560万,101615元/平,底层 (共16层) 2室1厅 | 55.11平米 | 西北,https://ke-image.ljcdn.com/110000-inspection/pc1_2UzSzNjpj.jpg!m_fill,w_280,h_210,f_jpg?from=ke.com
20240802,西城,马连道,101120169586,瑞莲西城6层板楼带电梯 南北通透  直观丽泽商务区,1300万,92284元/平,底层 (共6层) 3室1厅 | 140.87平米 | 南 北,https://ke-image.ljcdn.com/110000-inspection/pc1_6OaQ2H03P.jpg!m_fill,w_280,h_210,f_jpg?from=ke.com
20240802,西城,马连道,101120151871,满五唯一 业主诚心出售 看房随时 简单装修无遮挡,560万,94916元/平,底层 (共6层) 2室1厅 | 59平米 | 东 西,https://ke-image.ljcdn.com/110000-inspection/pc1_V4Y0IZJt0.jpg!m_fill,w_280,h_210,f_jpg?from=ke.com
20240802,西城,马连道,101120098492,红莲中里明厨明卫两居 中间层东西通透 满五年唯一,575万,93649元/平,中楼层 (共6层) 2室1厅 | 61.4平米 | 东 西,https://ke-image.ljcdn.com/110000-inspection/pc1_fVukF6KQ4.jpg!m_fill,w_280,h_210,f_jpg?from=ke.com
20240802,西城,马连道,101119999747,红莲中里 东南角 满五唯一 楼下公园 视野好 达官营站,618万,103866元/平,高楼层 (共16层) | 1988年 | 2室1厅 | 59.5平米 | 东 南,https://ke-image.ljcdn.com/110000-inspection/pc1_MEZUrPNOe.jpg!m_fill,w_280,h_210,f_jpg?from=ke.com
20240802,西城,马连道,101119935923,丽泽商务区 康宁居 满五唯一 东南全明格局 电梯两居,840万,91156元/平,中楼层 (共15层) 2室1厅 | 92.15平米 | 东南,https://ke-image.ljcdn.com/110000-inspection/pc1_JpNHA6ET4.jpg!m_fill,w_280,h_210,f_jpg?from=ke.com
20240802,西城,马连道,101119926675,红莲南里 1室1厅 南房主自荐,459万,95209元/平,高楼层 (共7层) 1室1厅 | 48.21平米 | 南,https://ke-image.ljcdn.com/110000-inspection/pc1_6cNcFaEdh.jpg!m_fill,w_280,h_210,f_jpg?from=ke.com
20240802,西城,马连道,101119899405,新上 建茗苑 中间层 东向 无遮挡 视野开阔,529万,56766元/平,中楼层 (共23层) | 2008年 | 2室1厅 | 93.19平米 | 东南,https://ke-image.ljcdn.com/110000-inspection/pc1_EoVtap5Fv.jpg!m_fill,w_280,h_210,f_jpg?from=ke.com
20240802,西城,马连道,101119879490,依莲轩  精装两居室  全明格局  中高层视野好,850万,88395元/平,高楼层 (共26层) 2室2厅 | 96.16平米 | 东 北,https://ke-image.ljcdn.com/110000-inspection/pc1_gbyXfDpkQ.jpg!m_fill,w_280,h_210,f_jpg?from=ke.com
20240802,西城,马连道,101119862197,广外 马连道路5号院 2000年楼龄 满五唯一 南北双阳台,878万,99615元/平,高楼层 (共6层) 2室2厅 | 88.14平米 | 南 北,https://ke-image.ljcdn.com/110000-inspection/pc1_2FJWH1c1p.jpg!m_fill,w_280,h_210,f_jpg?from=ke.com
20240802,西城,马连道,101119741523,红莲中里工商总局家属楼电梯房房主自荐,595万,114160元/平,高楼层 (共18层) | 1996年 | 1室1厅 | 52.12平米 | 西,https://ke-image.ljcdn.com/110000-inspection/pc1_PkVLyFqvh_1.jpg!m_fill,w_280,h_210,f_jpg?from=ke.com
20240802,西城,马连道,101119735883,西城区太平里 电梯2居室 马五年唯一房主自荐,990万,86942元/平,顶层 (共16层) 2室1厅 | 113.87平米 | 西南,https://ke-image.ljcdn.com/110000-inspection/pc1_nvLGJCJog.jpg!m_fill,w_280,h_210,f_jpg?from=ke.com
20240802,西城,马连道,101119692568,红莲晴园全南两居室 带电梯低楼层 看房方便满五唯一房主自荐,850万,105186元/平,低楼层 (共18层) | 2000年 | 2室1厅 | 80.81平米 | 南,https://ke-image.ljcdn.com/110000-inspection/pc1_tmSvqv7dN.jpg!m_fill,w_280,h_210,f_jpg?from=ke.com
20240802,西城,马连道,101119683889,马连道欣园东路 2室1厅 南 北,360万,62751元/平,顶层 (共6层) 2室1厅 | 57.37平米 | 南 北,https://ke-image.ljcdn.com/110000-inspection/181b2f70-920f-4257-8568-b8855ae74df3_1000.jpg!m_fill,w_280,h_210,f_jpg?from=ke.com
20240802,西城,马连道,101119622246,丽泽雅园 丽泽商务区内 中楼层南向两居,650万,70814元/平,中楼层 (共24层) | 2006年 | 2室1厅 | 91.79平米 | 南,https://ke-image.ljcdn.com/110000-inspection/pc1_1qNxXHtp3.jpg!m_fill,w_280,h_210,f_jpg?from=ke.com
20240802,西城,马连道,101119595675,小区中间不临街朝南正对小区花园,1200万,118542元/平,高楼层 (共14层) 2室1厅 | 101.23平米 | 南,https://ke-image.ljcdn.com/110000-inspection/pc1_PJzFX7xne.jpg!m_fill,w_280,h_210,f_jpg?from=ke.com
20240802,西城,马连道,101119565479,西城广外三义里 两居 南北 有电梯 7号线湾子地铁站,590万,97828元/平,中楼层 (共12层) 2室1厅 | 60.31平米 | 南,https://ke-image.ljcdn.com/110000-inspection/pc1_81hRui1ZP.jpg!m_fill,w_280,h_210,f_jpg?from=ke.com
20240802,西城,马连道,101119530264,马连道中里 近达官营地铁网 马连道商圈,710万,90516元/平,低楼层 (共18层) 2室1厅 | 78.44平米 | 西北,https://ke-image.ljcdn.com/110000-inspection/pc1_8njoNXe65.jpg!m_fill,w_280,h_210,f_jpg?from=ke.com
20240802,西城,马连道,101119513661,马连道中里 中高楼层 东南朝向,660万,98552元/平,中楼层 (共18层) 2室1厅 | 66.97平米 | 东南,https://ke-image.ljcdn.com/110000-inspection/pc1_AgqcwBsbz.jpg!m_fill,w_280,h_210,f_jpg?from=ke.com
20240802,西城,马连道,101119494610,红莲北里17号院 一手业主 正规一居,600万,103825元/平,中楼层 (共19层) | 1999年 | 1室1厅 | 57.79平米 | 西,https://ke-image.ljcdn.com/110000-inspection/pc1_zLyc3JbDT.jpg!m_fill,w_280,h_210,f_jpg?from=ke.com
20240802,西城,马连道,101119443153,马连道东街 广外正规两居室 近达官营地铁,540万,103271元/平,中楼层 (共5层) 2室1厅 | 52.29平米 | 南 北,https://ke-image.ljcdn.com/110000-inspection/pc1_zoS0ZAdo5.jpg!m_fill,w_280,h_210,f_jpg?from=ke.com
20240802,西城,马连道,101119432972,西城区 红莲中里 东西通透 明厨明卫 精装修 诚心出售,515万,81308元/平,底层 (共6层) 2室1厅 | 63.34平米 | 东 西,https://ke-image.ljcdn.com/110000-inspection/pc1_FCrXJCLcI.jpg!m_fill,w_280,h_210,f_jpg?from=ke.com
20240802,西城,马连道,101119422111,红莲中里 三居室 东南向 电梯房,780万,98885元/平,低楼层 (共18层) | 1985年 | 3室1厅 | 78.88平米 | 东南,https://ke-image.ljcdn.com/110000-inspection/pc1_aGXEJ64jl.jpg!m_fill,w_280,h_210,f_jpg?from=ke.com
20240802,西城,马连道,101119408466,西城格调小区高楼层精装修正规一居室,888万,121644元/平,高楼层 (共23层) 1室1厅 | 73平米 | 西南,https://ke-image.ljcdn.com/110000-inspection/pc1_DQlZfLtK5.jpg!m_fill,w_280,h_210,f_jpg?from=ke.com
20240802,西城,马连道,101119241287,马连道中街 马中里社区 不临街中间楼层 满五唯一分房,618万,100195元/平,中楼层 (共6层) 2室1厅 | 61.68平米 | 东 西,https://ke-image.ljcdn.com/110000-inspection/pc1_QYd9sbVaU.jpg!m_fill,w_280,h_210,f_jpg?from=ke.com
20240802,西城,马连道,101119199656,常青藤嘉园 2室1厅 西南,1080万,112325元/平,低楼层 (共16层) 2室1厅 | 96.15平米 | 西南,https://ke-image.ljcdn.com/110000-inspection/pc1_MBUSqINFu.jpg!m_fill,w_280,h_210,f_jpg?from=ke.com
20240802,西城,马连道,101119174233,丽泽雅园  地铁14号线东管头站,768万,71944元/平,低楼层 (共24层) | 2005年 | 2室1厅 | 106.75平米 | 东南,https://ke-image.ljcdn.com/110000-inspection/855ca2fa-6729-4c8a-93d6-020363a3296b_1000.jpg!m_fill,w_280,h_210,f_jpg?from=ke.com
20240802,西城,马连道,101119154179,丰台区丽泽建茗苑西南两居业主诚心出售,615万,65545元/平,中楼层 (共23层) | 2008年 | 2室1厅 | 93.83平米 | 西南,https://ke-image.ljcdn.com/110000-inspection/pc1_zNNN8op7J.jpg!m_fill,w_280,h_210,f_jpg?from=ke.com
20240802,西城,马连道,101119148572,丽泽商务区 低价三居室满5年唯一精装修,485万,63217元/平,顶层 (共6层) 3室1厅 | 76.72平米 | 西南 北,https://ke-image.ljcdn.com/110000-inspection/pc1_WCaATJDz6_1.jpg!m_fill,w_280,h_210,f_jpg?from=ke.com
20240802,西城,马连道,101119119655,西环景苑 2室1厅 南 北,920万,116074元/平,高楼层 (共19层) 2室1厅 | 79.26平米 | 南 北,https://ke-image.ljcdn.com/110000-inspection/d983d6e1-a661-4552-9e5a-8df2a2d8e847_1000.jpg!m_fill,w_280,h_210,f_jpg?from=ke.com
20240802,西城,马连道,101119103244,西城区 商品房 物业管理好 一居室 诚心卖,430万,91083元/平,底层 (共28层) | 2003年 | 1室1厅 | 47.21平米 | 西北,https://ke-image.ljcdn.com/110000-inspection/50934615-0f8e-43a2-97be-413fd5a3f324_1000.jpg!m_fill,w_280,h_210,f_jpg?from=ke.com
20240802,西城,马连道,101119102035,红莲晴园 2006年两室两卫 满五唯一 落地飘窗 诚心出售,1160万,85914元/平,低楼层 (共20层) | 2006年 | 2室2厅 | 135.02平米 | 西南,https://ke-image.ljcdn.com/110000-inspection/pc1_6PV4gBbco.jpg!m_fill,w_280,h_210,f_jpg?from=ke.com
20240802,西城,马连道,101119053428,马连道路15号 全南向 正对花园2居出售,1360万,147219元/平,中楼层 (共20层) 2室1厅 | 92.38平米 | 南,https://ke-image.ljcdn.com/110000-inspection/413f81ac-64f9-4ffe-8e73-c34edd5e40a4_1000.jpg!m_fill,w_280,h_210,f_jpg?from=ke.com
20240802,西城,马连道,101119050306,红莲中里 满五年唯一  旁边就是莲花河滨河公园,500万,91275元/平,中楼层 (共16层) 2室1厅 | 54.78平米 | 东北,https://ke-image.ljcdn.com/110000-inspection/pc1_4riyWIkAZ.jpg!m_fill,w_280,h_210,f_jpg?from=ke.com
20240802,西城,马连道,101119003040,马连道中里 南向一居 不临街 满五唯一  可以用组合贷,535万,129103元/平,低楼层 (共18层) 1室1厅 | 41.44平米 | 南,https://ke-image.ljcdn.com/110000-inspection/pc1_rPZ0sQsrb.jpg!m_fill,w_280,h_210,f_jpg?from=ke.com
20240802,西城,马连道,101118996019,丰台区丽泽建茗苑正规三居业主诚心出售,658万,55402元/平,低楼层 (共23层) | 2008年 | 3室2厅 | 118.77平米 | 西南 北,https://ke-image.ljcdn.com/110000-inspection/pc1_glmeAlZ2R.jpg!m_fill,w_280,h_210,f_jpg?from=ke.com
20240802,西城,马连道,101118966799,红莲北里 2室1厅 南 北,598万,97331元/平,中楼层 (共6层) | 1986年 | 2室1厅 | 61.44平米 | 南 北,https://ke-image.ljcdn.com/110000-inspection/prod-5fa733ee-e2df-49d7-8b39-d187718f9a00.jpg!m_fill,w_280,h_210,f_jpg?from=ke.com
20240802,西城,马连道,101118956253,铁道部的家属楼 南北通透可当三居带大客厅,816万,88822元/平,底层 (共5层) | 1999年 | 2室1厅 | 91.87平米 | 南 北,https://ke-image.ljcdn.com/110000-inspection/pc1_N23dv0uuQ.jpg!m_fill,w_280,h_210,f_jpg?from=ke.com
20240802,西城,马连道,101118901641,马连道中里 南北通透 马连道商圈,596万,94394元/平,高楼层 (共6层) 2室1厅 | 63.14平米 | 南 北,https://ke-image.ljcdn.com/110000-inspection/pc1_ksImrjf5W.jpg!m_fill,w_280,h_210,f_jpg?from=ke.com
20240802,西城,马连道,101118829014,丽泽雅园 商品房满五唯一 电梯中间层,595万,79144元/平,中楼层 (共24层) | 2007年 | 2室1厅 | 75.18平米 | 东 南,https://ke-image.ljcdn.com/110000-inspection/pc1_QwssXesJd.jpg!m_fill,w_280,h_210,f_jpg?from=ke.com
20240802,西城,马连道,101118800818,红莲晴园精装修新风中央空调、净水软水、地采暖,1420万,120677元/平,低楼层 (共22层) 3室2厅 | 117.67平米 | 西南,https://ke-image.ljcdn.com/110000-inspection/pc1_hRSpCSclb.jpg!m_fill,w_280,h_210,f_jpg?from=ke.com
20240802,西城,马连道,101118794568,信和嘉园 精装一居 满五唯一 中高楼层 对小区无遮挡房主自荐,618万,143922元/平,中楼层 (共20层) | 2006年 | 1室1厅 | 42.94平米 | 北,https://ke-image.ljcdn.com/110000-inspection/pc1_AvPw78xtO.jpg!m_fill,w_280,h_210,f_jpg?from=ke.com
20240802,西城,马连道,101118720054,马连道东街 2室1厅 东 西,540万,86331元/平,中楼层 (共4层) 2室1厅 | 62.55平米 | 东 西,https://ke-image.ljcdn.com/110000-inspection/pc1_YFTW6fkuC.jpg!m_fill,w_280,h_210,f_jpg?from=ke.com
20240802,西城,马连道,101118678601,红莲中里全南两居电梯房 带两个大阳台  全天无遮挡,738万,104979元/平,高楼层 (共18层) | 1986年 | 2室1厅 | 70.3平米 | 南,https://ke-image.ljcdn.com/110000-inspection/pc1_GV2VxuCOv.jpg!m_fill,w_280,h_210,f_jpg?from=ke.com
20240802,西城,马连道,101118606292,红莲中里 满五年 临近河边 业主诚意出售,519万,85180元/平,顶层 (共6层) 2室1厅 | 60.93平米 | 东 西,https://ke-image.ljcdn.com/110000-inspection/pc1_3tIBPEl5v.jpg!m_fill,w_280,h_210,f_jpg?from=ke.com
20240802,西城,马连道,101118504245,信和嘉园 1室1厅 东北,745万,112948元/平,中楼层 (共13层) | 2008年 | 1室1厅 | 65.96平米 | 东北,https://ke-image.ljcdn.com/110000-inspection/pc1_7Nb6Wm5CE.jpg!m_fill,w_280,h_210,f_jpg?from=ke.com
20240802,西城,马连道,101118478079,马连道西里 一居室适合刚需客户,460万,115433元/平,底层 (共6层) 1室1厅 | 39.85平米 | 南,https://ke-image.ljcdn.com/110000-inspection/pc1_ODSKJ2e2m.jpg!m_fill,w_280,h_210,f_jpg?from=ke.com
20240802,西城,马连道,101118403402,红莲中里 带电梯 正规一居室 满五 楼龄新,579万,101437元/平,中楼层 (共18层) 1室1厅 | 57.08平米 | 西,https://ke-image.ljcdn.com/110000-inspection/pc1_mwVRRGNPx.jpg!m_fill,w_280,h_210,f_jpg?from=ke.com
20240802,西城,马连道,101118360770,红莲中里  有电梯 中间层 不临街  视野好 诚心出售,668万,99464元/平,中楼层 (共18层) | 1985年 | 3室1厅 | 67.16平米 | 西 东北,https://ke-image.ljcdn.com/110000-inspection/pc1_U73UQpTg9_1.jpg!m_fill,w_280,h_210,f_jpg?from=ke.com
20240802,西城,马连道,101118327911,西城区 湾子地铁附近 板楼改善一居 格调小区,633万,102081元/平,低楼层 (共15层) 1室1厅 | 62.01平米 | 北,https://ke-image.ljcdn.com/110000-inspection/pc1_Bd4afdVCF.jpg!m_fill,w_280,h_210,f_jpg?from=ke.com
20240802,西城,马连道,101118326488,西城广外 双地铁 2000年楼龄 电梯,638万,90742元/平,中楼层 (共14层) 2室1厅 | 70.31平米 | 南 北,https://ke-image.ljcdn.com/110000-inspection/pc1_FFkhsdzCS_1.jpg!m_fill,w_280,h_210,f_jpg?from=ke.com
20240802,西城,马连道,101118315322,西城区 马连道西里 三居 南北东 户型不错房主自荐,730万,88048元/平,高楼层 (共6层) 3室1厅 | 82.91平米 | 南 北 东,https://ke-image.ljcdn.com/110000-inspection/pc1_UQm6VC7m9_1.jpg!m_fill,w_280,h_210,f_jpg?from=ke.com
20240802,西城,马连道,101118197915,红莲中里 格局楼层好 全明格局,990万,107504元/平,中楼层 (共18层) 3室1厅 | 92.09平米 | 东北,https://ke-image.ljcdn.com/110000-inspection/pc1_2OE43A0ZC.jpg!m_fill,w_280,h_210,f_jpg?from=ke.com
20240802,西城,马连道,101118173162,房本满5年业主北京家庭名下就这一套住房,1196万,122655元/平,高楼层 (共14层) 2室1厅 | 97.51平米 | 南 北,https://ke-image.ljcdn.com/110000-inspection/pc1_2huMbp0tJ_1.jpg!m_fill,w_280,h_210,f_jpg?from=ke.com
20240802,西城,马连道,101118157526,格调小区 满五唯一近地铁精装修配套完善,890万,101785元/平,低楼层 (共23层) 1室1厅 | 87.44平米 | 西,https://ke-image.ljcdn.com/110000-inspection/pc1_l82PemdVF.jpg!m_fill,w_280,h_210,f_jpg?from=ke.com
20240802,西城,马连道,101118138675,红莲中里 南向正规一居室 电视台家属楼 人文环境好房主自荐,625万,108886元/平,中楼层 (共18层) 1室1厅 | 57.4平米 | 西南,https://ke-image.ljcdn.com/110000-inspection/pc1_dlNExtYH7.jpg!m_fill,w_280,h_210,f_jpg?from=ke.com
20240802,西城,马连道,101118113182,格调小区 依莲轩二期 西城区马连道路6号院房主自荐,898万,102699元/平,高楼层 (共23层) 2室1厅 | 87.44平米 | 西,https://ke-image.ljcdn.com/110000-inspection/pc1_klRLAiDtQ.jpg!m_fill,w_280,h_210,f_jpg?from=ke.com
20240802,西城,马连道,101118082998,西城 马连道中里 1999年建成满五年 地铁408米,728万,92810元/平,低楼层 (共18层) 2室1厅 | 78.44平米 | 西南 北,https://ke-image.ljcdn.com/110000-inspection/pc1_D1JsJUzyR.jpg!m_fill,w_280,h_210,f_jpg?from=ke.com
20240802,西城,马连道,101118019661,此房业主诚心出售 高楼层 视野开阔 不临街,380万,87841元/平,中楼层 (共28层) | 2003年 | 1室0厅 | 43.26平米 | 北,https://ke-image.ljcdn.com/110000-inspection/pc1_7uT23eh2l.jpg!m_fill,w_280,h_210,f_jpg?from=ke.com
20240802,西城,马连道,101118016911,马连道中里；精装一居；满5年一手房；无挡；,566万,96819元/平,中楼层 (共12层) 1室1厅 | 58.46平米 | 南,https://ke-image.ljcdn.com/110000-inspection/pc1_S8rwaj4zH.jpg!m_fill,w_280,h_210,f_jpg?from=ke.com
20240802,西城,马连道,101117909391,红莲北里 南北通透2居 全明户型装修好可领包入住房主自荐,688万,112345元/平,底层 (共6层) 2室1厅 | 61.24平米 | 南 北,https://ke-image.ljcdn.com/110000-inspection/pc1_QS8T71mII.jpg!m_fill,w_280,h_210,f_jpg?from=ke.com
20240802,西城,马连道,101117898826,西城马连道欧园南向一居室诚心卖看房方便房主自荐,619万,105939元/平,低楼层 (共25层) | 2003年 | 1室1厅 | 58.43平米 | 西南,https://ke-image.ljcdn.com/110000-inspection/pc1_YVIwqjFVU.jpg!m_fill,w_280,h_210,f_jpg?from=ke.com
20240802,西城,马连道,101117759141,丽泽商务区优质房源满五年唯一户型南北通透,310万,54036元/平,顶层 (共6层) 2室1厅 | 57.37平米 | 南 北,https://ke-image.ljcdn.com/110000-inspection/7de955fa-8f86-4583-bfe4-750da7574c82_1000.jpg!m_fill,w_280,h_210,f_jpg?from=ke.com
20240802,西城,马连道,101117740310,丽泽雅园 地铁14号线东管头 诚心出售 东南大两居,760万,71970元/平,低楼层 (共24层) 2室1厅 | 105.6平米 | 东南,https://ke-image.ljcdn.com/110000-inspection/pc1_bVZvQqbWS.jpg!m_fill,w_280,h_210,f_jpg?from=ke.com
20240802,西城,马连道,101117736646,西城马连道精装南向好房产权清晰诚心出售,532万,91003元/平,底层 (共12层) 1室1厅 | 58.46平米 | 南,https://ke-image.ljcdn.com/110000-inspection/pc1_8Aj5G98Qp.jpg!m_fill,w_280,h_210,f_jpg?from=ke.com
20240802,西城,马连道,101117635659,马连道路13号院 朝南两居 采光好 无遮挡房主自荐,585万,108716元/平,顶层 (共6层) 2室1厅 | 53.81平米 | 南,https://ke-image.ljcdn.com/110000-inspection/pc1_bev2AhEov.jpg!m_fill,w_280,h_210,f_jpg?from=ke.com
20240802,西城,马连道,101117451713,丽泽雅园西南向两居室户型方正格局好,799万,71692元/平,低楼层 (共24层) | 2005年 | 2室1厅 | 111.45平米 | 西南 北,https://ke-image.ljcdn.com/110000-inspection/pc1_MumnRp48E.jpg!m_fill,w_280,h_210,f_jpg?from=ke.com
20240802,西城,马连道,101117367978,马连道中里 正规两居室 全明格局 业主诚心出售,728万,97405元/平,低楼层 (共18层) 2室1厅 | 74.74平米 | 西南 北,https://ke-image.ljcdn.com/110000-inspection/pc1_quElvgbeO.jpg!m_fill,w_280,h_210,f_jpg?from=ke.com
20240802,西城,马连道,101117342994,信和嘉园 正南向两居室 眼镜户型 通风效果好,1188万,132901元/平,高楼层 (共18层) 2室1厅 | 89.39平米 | 东南,https://ke-image.ljcdn.com/110000-inspection/pc1_PvrUY1795.jpg!m_fill,w_280,h_210,f_jpg?from=ke.com
20240802,西城,马连道,101117288060,红莲中里全南向两居室 一层 进出方便,545万,100480元/平,底层 (共6层) | 1988年 | 2室1厅 | 54.24平米 | 南,https://ke-image.ljcdn.com/110000-inspection/pc1_tFf1fsliW.jpg!m_fill,w_280,h_210,f_jpg?from=ke.com
20240802,西城,马连道,101117225775,西环景苑 马连道 丽泽 户型方正 没有浪费面积,518万,111518元/平,高楼层 (共19层) | 2001年 | 1室0厅 | 46.45平米 | 西,https://ke-image.ljcdn.com/110000-inspection/pc1_UJ0TNAtKK.jpg!m_fill,w_280,h_210,f_jpg?from=ke.com
20240802,西城,马连道,101117191698,西城区湾子马连道三义西里大两居室房主自荐,738万,79888元/平,底层 (共6层) | 2003年 | 3室1厅 | 92.38平米 | 东 北,https://ke-image.ljcdn.com/110000-inspection/pc1_HMNmWwD7X.jpg!m_fill,w_280,h_210,f_jpg?from=ke.com
20240802,西城,马连道,101117181515,格调小区正规一居前后花园业主诚心出售看房方便,550万,89170元/平,底层 (共14层) 1室1厅 | 61.68平米 | 北,https://ke-image.ljcdn.com/110000-inspection/pc1_LuWialk0m.jpg!m_fill,w_280,h_210,f_jpg?from=ke.com
20240802,西城,马连道,101117141108,北欧印象 楼层高无遮挡 小区南边是丽泽商务区,860万,103304元/平,高楼层 (共25层) | 2003年 | 2室2厅 | 83.25平米 | 东北,https://ke-image.ljcdn.com/110000-inspection/pc1_NClcAULY3.jpg!m_fill,w_280,h_210,f_jpg?from=ke.com
20240802,西城,马连道,101117101866,西城马连道东街全南两居室满五不唯一,539万,107521元/平,中楼层 (共5层) 2室1厅 | 50.13平米 | 南,https://ke-image.ljcdn.com/110000-inspection/pc1_E8x2E906j.jpg!m_fill,w_280,h_210,f_jpg?from=ke.com
20240802,西城,马连道,101117101667,马连道中里 双阳台 满五唯一 随时签约房主自荐,706万,111816元/平,低楼层 (共6层) | 1996年 | 2室1厅 | 63.14平米 | 南 北,https://ke-image.ljcdn.com/110000-inspection/pc1_s76ycnwv5.jpg!m_fill,w_280,h_210,f_jpg?from=ke.com
20240802,西城,马连道,101117095411,此房满五唯一户型方正无浪费2001年小区 西城,745万,74935元/平,底层 (共24层) 2室1厅 | 99.42平米 | 西南,https://ke-image.ljcdn.com/110000-inspection/pc1_ZTmshNU4R.jpg!m_fill,w_280,h_210,f_jpg?from=ke.com
20240802,西城,马连道,101116893658,三义东里 南北通透2居室采光好格局合理视野宽阔带车位,650万,105589元/平,底层 (共6层) | 1982年 | 2室1厅 | 61.56平米 | 南 北,https://ke-image.ljcdn.com/110000-inspection/pc1_4hlLHUUaF.jpg!m_fill,w_280,h_210,f_jpg?from=ke.com
20240802,西城,马连道,101116890750,西城欧园全南双卫三居南向无挡采光充足,1410万,100571元/平,中楼层 (共28层) | 2003年 | 3室1厅 | 140.2平米 | 南,https://ke-image.ljcdn.com/110000-inspection/pc1_jBVsWaExb.jpg!m_fill,w_280,h_210,f_jpg?from=ke.com
20240802,西城,马连道,101116841044,丽泽雅园 两居室 满五年唯一 五线交汇处,835万,74922元/平,中楼层 (共24层) | 2005年 | 2室1厅 | 111.45平米 | 西南 北,https://ke-image.ljcdn.com/110000-inspection/pc1_5vLonNfZt.jpg!m_fill,w_280,h_210,f_jpg?from=ke.com
20240802,西城,马连道,101116615793,西城区 马连道西里 大两居 南北通透,851万,100012元/平,低楼层 (共6层) 2室1厅 | 85.09平米 | 南 北,https://ke-image.ljcdn.com/110000-inspection/pc1_P9HCNPkvQ.jpg!m_fill,w_280,h_210,f_jpg?from=ke.com
20240802,西城,马连道,101116523669,马连道欣园南向中楼层阳光一居室,266万,59628元/平,中楼层 (共6层) 1室1厅 | 44.61平米 | 南,https://ke-image.ljcdn.com/110000-inspection/9196a559-853e-4807-ada2-3290d56b71d4_1000.jpg!m_fill,w_280,h_210,f_jpg?from=ke.com
20240802,西城,马连道,101116519921,北京家庭就这一套房房本满5年,860万,96586元/平,底层 (共23层) | 2003年 | 2室1厅 | 89.04平米 | 南 北,https://ke-image.ljcdn.com/110000-inspection/pc1_KYdY504cV.jpg!m_fill,w_280,h_210,f_jpg?from=ke.com
20240802,西城,马连道,101115855368,西城区广安门 瑞莲家园 满五唯一 高楼层,930万,84118元/平,顶层 (共24层) | 2001年 | 3室1厅 | 110.56平米 | 西 南,https://ke-image.ljcdn.com/110000-inspection/pc1_qLrdskBCs.jpg!m_fill,w_280,h_210,f_jpg?from=ke.com
20240802,西城,马连道,101115854224,红莲南里 南北通透两居室 央产房 视野好 不临街房主自荐,569万,104251元/平,顶层 (共6层) | 1987年 | 2室1厅 | 54.58平米 | 南 北,https://ke-image.ljcdn.com/110000-inspection/pc1_qP6FPog9D.jpg!m_fill,w_280,h_210,f_jpg?from=ke.com
20240802,西城,马连道,101115204039,建茗苑 丽泽北侧 二环内 2008年正规三居室,698万,59364元/平,底层 (共23层) | 2008年 | 3室2厅 | 117.58平米 | 西北,https://ke-image.ljcdn.com/110000-inspection/pc1_Xx4SnWrTL.jpg!m_fill,w_280,h_210,f_jpg?from=ke.com
20240802,西城,马连道,101114986060,南北通透两居室 钢混结构 交通便利 诚心出售,716万,101835元/平,中楼层 (共14层) 2室1厅 | 70.31平米 | 南 北,https://ke-image.ljcdn.com/110000-inspection/pc1_2OcPhN0Ya.jpg!m_fill,w_280,h_210,f_jpg?from=ke.com
20240802,西城,马连道,101114678330,欣园小区板楼南北通透一居室近丽泽金融商务区,310万,69461元/平,低楼层 (共6层) 1室1厅 | 44.63平米 | 南 北,https://ke-image.ljcdn.com/110000-inspection/pc1_wmb2E6q92_1.jpg!m_fill,w_280,h_210,f_jpg?from=ke.com
20240802,西城,马连道,101114666412,马连道南街1号院依莲轩马连道南街1号院,1350万,100365元/平,中楼层 (共24层) | 2001年 | 3室1厅 | 134.51平米 | 南,https://ke-image.ljcdn.com/110000-inspection/pc1_Nspv6DBMx.jpg!m_fill,w_280,h_210,f_jpg?from=ke.com
20240802,西城,马连道,101114316998,东西通透 全天都可以采光 业主诚心出售,530万,86475元/平,顶层 (共6层) 2室1厅 | 61.29平米 | 西 东,https://ke-image.ljcdn.com/110000-inspection/pc1_UcFxPCRcx_1.jpg!m_fill,w_280,h_210,f_jpg?from=ke.com
20240802,西城,马连道,101114303734,马连道中街  东西小三居 看房方便,605万,84545元/平,顶层 (共6层) | 1980年 | 2室1厅 | 71.56平米 | 东 西,https://ke-image.ljcdn.com/110000-inspection/pc1_QjcV7Vvvy.jpg!m_fill,w_280,h_210,f_jpg?from=ke.com
20240802,西城,马连道,101114193371,丽泽雅园 东南两居 无遮挡 采光好  满五年唯一,896万,75939元/平,低楼层 (共24层) | 2006年 | 2室2厅 | 117.99平米 | 东南,https://ke-image.ljcdn.com/110000-inspection/pc1_yRT9p0Yfj.jpg!m_fill,w_280,h_210,f_jpg?from=ke.com
20240802,西城,马连道,101113961958,建茗苑小区2008年建成 东南北正规三居室 满五唯一,660万,55956元/平,中楼层 (共23层) | 2008年 | 3室1厅 | 117.95平米 | 东南 北,https://ke-image.ljcdn.com/110000-inspection/pc1_xDljK92k9.jpg!m_fill,w_280,h_210,f_jpg?from=ke.com
20240802,西城,马连道,101112939540,此房是满五年唯一商品房东南朝向三居室诚心出售,1160万,74359元/平,底层 (共24层) | 2005年 | 3室1厅 | 156平米 | 东南,https://ke-image.ljcdn.com/110000-inspection/pc1_N2Dm4ye2r_1.jpg!m_fill,w_280,h_210,f_jpg?from=ke.com
20240802,西城,马连道,101112173000,中间层南北通透厨卫全明近地铁公园诚售可签房主自荐,830万,135092元/平,中楼层 (共6层) | 1986年 | 2室1厅 | 61.44平米 | 南 北,https://ke-image.ljcdn.com/110000-inspection/pc1_1xDakWlc7_1.jpg!m_fill,w_280,h_210,f_jpg?from=ke.com
20240802,西城,马连道,101112070848,西城 广外 2005年商品房 两梯六户 朝南一居室！,710万,111900元/平,高楼层 (共16层) | 2005年 | 1室1厅 | 63.45平米 | 南,https://ke-image.ljcdn.com/110000-inspection/pc1_cpTBXKohg.jpg!m_fill,w_280,h_210,f_jpg?from=ke.com
20240802,西城,马连道,101111979266,红莲北里 方正格局南北通透三居室房主自荐,790万,115329元/平,顶层 (共6层) | 1983年 | 3室1厅 | 68.5平米 | 南 北,https://ke-image.ljcdn.com/110000-inspection/pc1_mPv0OyHCe.jpg!m_fill,w_280,h_210,f_jpg?from=ke.com
20240802,西城,马连道,101111200923,常青藤嘉园朝东一居室 商品房社区 环境好 物业管理好,520万,95694元/平,低楼层 (共22层) | 2005年 | 1室1厅 | 54.34平米 | 东,https://ke-image.ljcdn.com/110000-inspection/pc1_gqRoy1fES_1.jpg!m_fill,w_280,h_210,f_jpg?from=ke.com
20240802,西城,马连道,101105023834,户型方正 南北向   四居室  满五年,1180万,79881元/平,中楼层 (共6层) 4室2厅 | 147.72平米 | 南 北,https://ke-image.ljcdn.com/110000-inspection/prod-75c40013-3219-4ef2-be00-77773f0f6bf6.jpg!m_fill,w_280,h_210,f_jpg?from=ke.com
20240802,西城,马连道,101125795261,马连道中街 2室1厅 东 西新上,470万,83423元/平,低楼层 (共6层) 2室1厅 | 56.34平米 | 东 西,https://ke-image.ljcdn.com/110000-inspection/pc1_l4IAGJ90H.jpg!m_fill,w_280,h_210,f_jpg?from=ke.com
20240802,西城,马连道,101125772299,马连道中里 南向 中楼层 电梯房 精装修业主诚售新上,500万,114969元/平,中楼层 (共18层) | 1998年 | 1室1厅 | 43.49平米 | 南,https://ke-image.ljcdn.com/110000-inspection/pc1_gdgi4sbfJ.jpg!m_fill,w_280,h_210,f_jpg?from=ke.com
20240802,西城,马连道,101125757423,三义东里 2室1厅 东 南新上,510万,92141元/平,中楼层 (共16层) 2室1厅 | 55.35平米 | 东 南,https://ke-image.ljcdn.com/110000-inspection/pc1_pJSGA2310.jpg!m_fill,w_280,h_210,f_jpg?from=ke.com
20240802,西城,马连道,101125755536,马连道中里 有独立客厅 楼龄较新 满五年唯一新上,399万,94215元/平,底层 (共6层) 1室1厅 | 42.35平米 | 南,https://ke-image.ljcdn.com/110000-inspection/pc1_OacjvDPKk.jpg!m_fill,w_280,h_210,f_jpg?from=ke.com
20240802,西城,马连道,101125754108,广外马连道路甲18号院南北两室有钥匙新上,466万,74788元/平,顶层 (共6层) 2室1厅 | 62.31平米 | 南 北,https://ke-image.ljcdn.com/110000-inspection/pc1_9RYDw6f9Y.jpg!m_fill,w_280,h_210,f_jpg?from=ke.com
20240802,西城,马连道,101125746796,满五 朝南采光好小区管理好停车方便 地铁9+7新上,425万,78982元/平,中楼层 (共6层) | 1990年 | 2室1厅 | 53.81平米 | 南,https://ke-image.ljcdn.com/110000-inspection/pc1_VI0Js3nrW.jpg!m_fill,w_280,h_210,f_jpg?from=ke.com
20240802,西城,马连道,101125746470,马连道西里 3室2厅 南 北新上,850万,84984元/平,低楼层 (共6层) 3室2厅 | 100.02平米 | 南 北,https://ke-image.ljcdn.com/110000-inspection/pc1_ngi17mLob.jpg!m_fill,w_280,h_210,f_jpg?from=ke.com
20240802,西城,马连道,101125743783,北欧印象新上两居室业主诚心出售满五年唯一新上,640万,98720元/平,高楼层 (共28层) | 2003年 | 2室1厅 | 64.83平米 | 西,https://ke-image.ljcdn.com/110000-inspection/pc1_gnGDafRmn.jpg!m_fill,w_280,h_210,f_jpg?from=ke.com
20240802,西城,马连道,101125738865,丽泽商务区西城欧园商品房不临街安静新上,363万,82896元/平,中楼层 (共28层) | 2003年 | 1室0厅 | 43.79平米 | 北,https://ke-image.ljcdn.com/110000-inspection/pc1_eEND2UGEj.jpg!m_fill,w_280,h_210,f_jpg?from=ke.com
20240802,西城,马连道,101125725761,格调小区 车位,50万,18762元/平,地下室 (共14层) 1室0厅 | 26.65平米 | 南,https://ke-image.ljcdn.com/110000-inspection/pc1_A7EsY9w0O.jpg!m_fill,w_280,h_210,f_jpg?from=ke.com
20240802,西城,马连道,101125725373,太平里带电梯的东南向两居室采光好新上,708万,83471元/平,低楼层 (共16层) 2室1厅 | 84.82平米 | 东南,https://ke-image.ljcdn.com/110000-inspection/pc1_jQ8ueP0p0.jpg!m_fill,w_280,h_210,f_jpg?from=ke.com
20240802,西城,马连道,101125677686,馨莲茗园 2室1厅 西北新上,888万,92597元/平,中楼层 (共25层) | 2003年 | 2室1厅 | 95.9平米 | 西北,https://ke-image.ljcdn.com/110000-inspection/pc1_Uen6UGDaY.jpg!m_fill,w_280,h_210,f_jpg?from=ke.com
20240802,西城,马连道,101125630732,海润花园 2室1厅 南 北,780万,93302元/平,底层 (共6层) 2室1厅 | 83.6平米 | 南 北,https://ke-image.ljcdn.com/110000-inspection/pc1_O0xLxMedF_1.jpg!m_fill,w_280,h_210,f_jpg?from=ke.com
20240802,西城,马连道,101125621014,北欧印象 2室1厅 西,665万,102958元/平,低楼层 (共28层) | 2003年 | 2室1厅 | 64.59平米 | 西,https://ke-image.ljcdn.com/110000-inspection/pc1_tT28alpv0.jpg!m_fill,w_280,h_210,f_jpg?from=ke.com
20240802,西城,马连道,101125582965,依莲轩 东南大两居  精装修  诚心卖,890万,84026元/平,低楼层 (共24层) | 2001年 | 2室1厅 | 105.92平米 | 东南,https://ke-image.ljcdn.com/110000-inspection/pc1_YzvwtTnLt.jpg!m_fill,w_280,h_210,f_jpg?from=ke.com
20240802,西城,马连道,101125509182,此房满五年唯一中间楼层采光视野好看房方便,460万,61679元/平,高楼层 (共23层) | 2008年 | 2室1厅 | 74.58平米 | 南,https://ke-image.ljcdn.com/110000-inspection/pc1_VSzaPLxUH.jpg!m_fill,w_280,h_210,f_jpg?from=ke.com
20240802,西城,马连道,101125502557,店长推西城马连道全南向两居室双卫看房随时房主自荐,840万,84780元/平,顶层 (共28层) | 2003年 | 2室1厅 | 99.08平米 | 南,https://ke-image.ljcdn.com/110000-inspection/pc1_ESh6GwJtO.jpg!m_fill,w_280,h_210,f_jpg?from=ke.com
20240802,西城,马连道,101125484938,西环景苑 2室1厅 西南,780万,84270元/平,低楼层 (共19层) 2室1厅 | 92.56平米 | 西南,https://ke-image.ljcdn.com/110000-inspection/a33d7996-75d9-4e22-b331-2f1963668570_1000.jpg!m_fill,w_280,h_210,f_jpg?from=ke.com
20240802,西城,马连道,101125466903,丽泽雅园 3室1厅 东南 北,665万,59669元/平,低楼层 (共24层) | 2005年 | 3室1厅 | 111.45平米 | 东南 北,https://ke-image.ljcdn.com/110000-inspection/pc1_BVSgHfBUc.jpg!m_fill,w_280,h_210,f_jpg?from=ke.com
20240802,西城,马连道,101125429367,常青藤嘉园 2室1厅 南 北,980万,114047元/平,中楼层 (共16层) 2室1厅 | 85.93平米 | 南 北,https://ke-image.ljcdn.com/110000-inspection/pc1_lPgo72T14.jpg!m_fill,w_280,h_210,f_jpg?from=ke.com
20240802,西城,马连道,101125429255,西环景苑 南向两居室 诚售,1020万,111257元/平,高楼层 (共19层) | 2001年 | 2室1厅 | 91.68平米 | 南,https://ke-image.ljcdn.com/110000-inspection/pc1_xWLnMbavr.jpg!m_fill,w_280,h_210,f_jpg?from=ke.com
20240802,西城,马连道,101125403253,格调小区 车位,51万,19137元/平,地下室 (共1层) 1室0厅 | 26.65平米 | 南,https://ke-image.ljcdn.com/110000-inspection/pc1_Zj7lB7SzR.jpg!m_fill,w_280,h_210,f_jpg?from=ke.com
20240802,西城,马连道,101125379531,马连道中里 精装修 近地铁 看房方便 诚心出售,660万,84141元/平,中楼层 (共18层) | 1999年 | 2室1厅 | 78.44平米 | 东南 北 东北,https://ke-image.ljcdn.com/110000-inspection/pc1_ol0AkxqW9.jpg!m_fill,w_280,h_210,f_jpg?from=ke.com
20240802,西城,马连道,101125333626,红莲晴园 2室1厅 南 西 北,1250万,92579元/平,高楼层 (共20层) | 2006年 | 2室1厅 | 135.02平米 | 南 西 北,https://ke-image.ljcdn.com/110000-inspection/pc1_Kf5saheXs.jpg!m_fill,w_280,h_210,f_jpg?from=ke.com
20240802,西城,马连道,101125322929,西城区 三义里南向一居室 小区中间前后不临街诚心卖,350万,104291元/平,底层 (共5层) 1室1厅 | 33.56平米 | 南,https://ke-image.ljcdn.com/110000-inspection/pc1_1uu53FjIL.jpg!m_fill,w_280,h_210,f_jpg?from=ke.com
20240802,西城,马连道,101125319394,红莲晴园 3室2厅 西北,1380万,96430元/平,低楼层 (共22层) | 2006年 | 3室2厅 | 143.11平米 | 西北,https://ke-image.ljcdn.com/110000-inspection/pc1_SX0Igoldz.jpg!m_fill,w_280,h_210,f_jpg?from=ke.com
20240802,西城,马连道,101125286802,西城区 三义西里 南北两居 户型布局好 满五年唯一,530万,97517元/平,底层 (共5层) 2室1厅 | 54.35平米 | 南 北,https://ke-image.ljcdn.com/110000-inspection/pc1_EpdppiviT_1.jpg!m_fill,w_280,h_210,f_jpg?from=ke.com
20240802,西城,马连道,101125265300,此房满五年唯一楼层好采光好配套成熟出行方便,580万,83526元/平,低楼层 (共26层) | 2000年 | 1室1厅 | 69.44平米 | 西,https://ke-image.ljcdn.com/110000-inspection/pc1_J9Ldru0zN.jpg!m_fill,w_280,h_210,f_jpg?from=ke.com
20240802,西城,马连道,101125253241,西城区常青藤嘉园西南三居室满五年视野采光好,1369万,101078元/平,高楼层 (共22层) 3室1厅 | 135.44平米 | 西南,https://ke-image.ljcdn.com/110000-inspection/pc1_q9KVCrKmU.jpg!m_fill,w_280,h_210,f_jpg?from=ke.com
20240802,西城,马连道,101125236708,西城广外 楼龄新户型好 采光好 南北通透 看房随时,499万,82712元/平,高楼层 (共7层) | 1991年 | 2室1厅 | 60.33平米 | 南 北,https://ke-image.ljcdn.com/110000-inspection/pc1_SEGsuKIyY.jpg!m_fill,w_280,h_210,f_jpg?from=ke.com
20240802,西城,马连道,101125209288,西城广外红莲南里新华店家属楼满五年唯一,350万,66288元/平,底层 (共7层) 2室1厅 | 52.8平米 | 南 北,https://ke-image.ljcdn.com/110000-inspection/pc1_jOob0N0Vf.jpg!m_fill,w_280,h_210,f_jpg?from=ke.com
20240802,西城,马连道,101125206571,三环内丽泽商务区旁 全明格局三居室带60平米花园,1168万,85002元/平,底层 (共15层) 3室2厅 | 137.41平米 | 北 南,https://ke-image.ljcdn.com/110000-inspection/pc1_eo8zZshPl.jpg!m_fill,w_280,h_210,f_jpg?from=ke.com
20240802,西城,马连道,101125162247,马连道中里 2室1厅 东南 北,599万,80145元/平,低楼层 (共18层) 2室1厅 | 74.74平米 | 东南 北,https://ke-image.ljcdn.com/110000-inspection/pc1_7qdJRMLJs.jpg!m_fill,w_280,h_210,f_jpg?from=ke.com
20240802,西城,马连道,101125133007,西城区  16号线 欧园 北欧印象 西向一居,300万,103699元/平,低楼层 (共28层) | 2003年 | 1室0厅 | 28.93平米 | 西,https://ke-image.ljcdn.com/110000-inspection/pc1_LQXmT1YHa.jpg!m_fill,w_280,h_210,f_jpg?from=ke.com
20240802,西城,马连道,101125117446,依莲轩 西南大两居  双卫无遮挡  满五唯一 诚售,1050万,95646元/平,中楼层 (共26层) | 2000年 | 2室1厅 | 109.78平米 | 西南,https://ke-image.ljcdn.com/110000-inspection/pc1_S7uzl9Jlk.jpg!m_fill,w_280,h_210,f_jpg?from=ke.com
20240802,西城,马连道,101125103919,马连道中里 1室1厅 东 西,576万,89400元/平,低楼层 (共6层) 1室1厅 | 64.43平米 | 东 西,https://ke-image.ljcdn.com/110000-inspection/pc1_XyVdu4HJ2.jpg!m_fill,w_280,h_210,f_jpg?from=ke.com
20240802,西城,马连道,101125042919,马连道路甲18号院  东向两居室 无遮挡,480万,76324元/平,低楼层 (共6层) 2室1厅 | 62.89平米 | 东,https://ke-image.ljcdn.com/110000-inspection/pc1_4LMrpzM60.jpg!m_fill,w_280,h_210,f_jpg?from=ke.com
20240802,西城,马连道,101125033338,西城区 红莲中里 带电梯 产权干净 配套齐全,515万,85506元/平,低楼层 (共18层) | 1985年 | 2室1厅 | 60.23平米 | 西南,https://ke-image.ljcdn.com/110000-inspection/pc1_BulxlUP6t_1.jpg!m_fill,w_280,h_210,f_jpg?from=ke.com
20240802,西城,马连道,101125003771,依莲轩满五唯一商品房高楼层湾子地铁,588万,84678元/平,高楼层 (共26层) 1室1厅 | 69.44平米 | 西,https://ke-image.ljcdn.com/110000-inspection/pc1_EgW7A0K2s_1.jpg!m_fill,w_280,h_210,f_jpg?from=ke.com
20240802,西城,马连道,101124990962,马连道中里 正规一室一厅 低层上下楼方便 临地铁,449万,88439元/平,底层 (共3层) 1室1厅 | 50.77平米 | 东 西 北,https://ke-image.ljcdn.com/110000-inspection/pc1_we9pRoN9m.jpg!m_fill,w_280,h_210,f_jpg?from=ke.com
20240802,西城,马连道,101124986708,马连道中里 2室1厅 西南,620万,96095元/平,低楼层 (共6层) | 1997年 | 2室1厅 | 64.52平米 | 西南,https://ke-image.ljcdn.com/110000-inspection/pc1_3Lpc1lshK.jpg!m_fill,w_280,h_210,f_jpg?from=ke.com
20240802,西城,马连道,101124970540,丽泽商务区西城广外满五年唯一两居商品房,976万,92512元/平,低楼层 (共25层) 2室2厅 | 105.5平米 | 东南,https://ke-image.ljcdn.com/110000-inspection/c37f180d-9271-46e5-931a-d7750a0adfca_1000.jpg!m_fill,w_280,h_210,f_jpg?from=ke.com
20240802,西城,马连道,101124951465,丽泽雅园 丽泽商务区 东南向大两居,750万,71023元/平,顶层 (共24层) | 2006年 | 2室1厅 | 105.6平米 | 东南,https://ke-image.ljcdn.com/110000-inspection/pc1_pwdiK974u.jpg!m_fill,w_280,h_210,f_jpg?from=ke.com
20240802,西城,马连道,101124937399,西城区太平里东南向三居 业主诚心出售,1030万,90455元/平,中楼层 (共16层) | 1998年 | 3室1厅 | 113.87平米 | 东南,https://ke-image.ljcdn.com/110000-inspection/pc1_7kdQkfuAD.jpg!m_fill,w_280,h_210,f_jpg?from=ke.com
20240802,西城,马连道,101124893029,三路居93号院 3室1厅 南 北,428万,46972元/平,顶层 (共6层) | 1996年 | 3室1厅 | 91.12平米 | 南 北,https://ke-image.ljcdn.com/110000-inspection/pc1_J55Jwi5lM_1.jpg!m_fill,w_280,h_210,f_jpg?from=ke.com
20240802,西城,马连道,101124860296,信和嘉园 1室1厅 北,575万,133908元/平,低楼层 (共20层) | 2006年 | 1室1厅 | 42.94平米 | 北,https://ke-image.ljcdn.com/110000-inspection/pc1_gihXjwm1Y.jpg!m_fill,w_280,h_210,f_jpg?from=ke.com
20240802,西城,马连道,101124841991,太平里 2室1厅 东北,328万,63162元/平,地下室 (共7层) 2室1厅 | 51.93平米 | 东北,https://ke-image.ljcdn.com/110000-inspection/pc1_pOROlKaP8.jpg!m_fill,w_280,h_210,f_jpg?from=ke.com
20240802,西城,马连道,101124823289,西城广外95年房龄2层朝南正规一居室 满五年唯一,399万,91556元/平,低楼层 (共6层) 1室1厅 | 43.58平米 | 南,https://ke-image.ljcdn.com/110000-inspection/pc1_xOCMGY6lM.jpg!m_fill,w_280,h_210,f_jpg?from=ke.com
20240802,西城,马连道,101124811667,西城广外2003年商品房 欧园全南双卫三居室近地铁,1249万,105020元/平,中楼层 (共25层) | 2003年 | 3室1厅 | 118.93平米 | 南,https://ke-image.ljcdn.com/110000-inspection/pc1_dFYoUIqW2.jpg!m_fill,w_280,h_210,f_jpg?from=ke.com
20240802,西城,马连道,101124773577,满五年1%个  精装修 高层 采光充足  配套齐全,598万,89294元/平,高楼层 (共18层) | 1999年 | 2室1厅 | 66.97平米 | 东南,https://ke-image.ljcdn.com/110000-inspection/pc1_WPUD0gc77.jpg!m_fill,w_280,h_210,f_jpg?from=ke.com
20240802,西城,马连道,101124762682,依莲轩新华社央产三居双卫满五唯一,1120万,93186元/平,高楼层 (共25层) | 2001年 | 3室1厅 | 120.19平米 | 南 西 北,https://ke-image.ljcdn.com/110000-inspection/pc1_RpfCSiUDg.jpg!m_fill,w_280,h_210,f_jpg?from=ke.com
20240802,西城,马连道,101124737205,信和嘉园 南北通透 正规两居 户型方正,1275万,123153元/平,低楼层 (共20层) | 2006年 | 2室1厅 | 103.53平米 | 南 北,https://ke-image.ljcdn.com/110000-inspection/pc1_U37fqFZXi_1.jpg!m_fill,w_280,h_210,f_jpg?from=ke.com
20240802,西城,马连道,101124714619,丽泽商务区商品房满五唯一诚心出售随时签约,700万,71553元/平,低楼层 (共24层) | 2007年 | 2室1厅 | 97.83平米 | 南 西 北,https://ke-image.ljcdn.com/110000-inspection/pc1_adUhxDOD4_1.jpg!m_fill,w_280,h_210,f_jpg?from=ke.com
20240802,西城,马连道,101124709863,西城区红莲晴园三居室满五年唯一精装修,950万,82273元/平,底层 (共22层) | 2006年 | 2室2厅 | 115.47平米 | 东,https://ke-image.ljcdn.com/110000-inspection/pc1_YK3K6G4OY.jpg!m_fill,w_280,h_210,f_jpg?from=ke.com
20240802,西城,马连道,101124624238,依莲轩  正规大一居   满五唯一  诚心出售,595万,85686元/平,中楼层 (共26层) 1室1厅 | 69.44平米 | 东,https://ke-image.ljcdn.com/110000-inspection/pc1_rKWycMNfa.jpg!m_fill,w_280,h_210,f_jpg?from=ke.com
20240802,西城,马连道,101124505888,北欧印象  马连道商圈  商品房,456万,95398元/平,高楼层 (共25层) | 2003年 | 2室1厅 | 47.8平米 | 北,https://ke-image.ljcdn.com/110000-inspection/pc1_AJpVEEX0l_1.jpg!m_fill,w_280,h_210,f_jpg?from=ke.com
20240802,西城,马连道,101124502144,西城品质大三居双卫全南向满五年唯一比较宜居,1298万,86344元/平,高楼层 (共20层) | 2006年 | 3室2厅 | 150.33平米 | 南,https://ke-image.ljcdn.com/110000-inspection/pc1_P8bl4VdAy.jpg!m_fill,w_280,h_210,f_jpg?from=ke.com
20240802,西城,马连道,101124470757,马连道中里 2室2厅 南 北,569万,89762元/平,中楼层 (共6层) | 1996年 | 2室2厅 | 63.39平米 | 南 北,https://ke-image.ljcdn.com/110000-inspection/pc1_tDnha64iD.jpg!m_fill,w_280,h_210,f_jpg?from=ke.com
20240802,西城,马连道,101124404698,西城 马连道路5号线 南北两居 低楼层 地铁300,480万,87736元/平,底层 (共6层) | 1981年 | 2室1厅 | 54.71平米 | 南 北,https://ke-image.ljcdn.com/110000-inspection/pc1_cs1SslD8Y.jpg!m_fill,w_280,h_210,f_jpg?from=ke.com
20240802,西城,马连道,101124397193,茗筑 车位,28.8万,6962元/平,地下室 (共16层) | 2008年 | 1室0厅 | 41.37平米 | 东,https://ke-image.ljcdn.com/110000-inspection/pc1_zbcEvm3x7_1.jpg!m_fill,w_280,h_210,f_jpg?from=ke.com
20240802,西城,马连道,101124376593,丽泽雅园 2室1厅 东南,788万,73818元/平,高楼层 (共24层) | 2005年 | 2室1厅 | 106.75平米 | 东南,https://ke-image.ljcdn.com/110000-inspection/pc1_aoRAIYjh9.jpg!m_fill,w_280,h_210,f_jpg?from=ke.com
20240802,西城,马连道,101124344236,太平里满五唯一央产房产权清晰适合四世同堂复式房主自荐,899万,71214元/平,顶层 (共6层) 3室2厅 | 126.24平米 | 东南,https://ke-image.ljcdn.com/110000-inspection/pc1_zaxbl9U9D.jpg!m_fill,w_280,h_210,f_jpg?from=ke.com
20240802,西城,马连道,101124269268,丽泽商务区  欣园小区  一层两居室房主自荐,380万,66644元/平,底层 (共6层) 2室1厅 | 57.02平米 | 东 南 西,https://ke-image.ljcdn.com/110000-inspection/383f70d7-290f-4c32-a53f-39ace05f28ff_1000.jpg!m_fill,w_280,h_210,f_jpg?from=ke.com
20240802,西城,马连道,101124265151,格调小区 依莲轩二期 马连道路6号院 正规两居,1268万,130065元/平,高楼层 (共14层) | 2004年 | 2室1厅 | 97.49平米 | 南 北,https://ke-image.ljcdn.com/110000-inspection/pc1_7xfx99Gq1.jpg!m_fill,w_280,h_210,f_jpg?from=ke.com
20240802,西城,马连道,101124214493,西城区 马连道中里 满五年唯一 复式结构 使用面积大,699万,91721元/平,顶层 (共6层) 3室1厅 | 76.21平米 | 南 北,https://ke-image.ljcdn.com/110000-inspection/pc1_LGmD155sK.jpg!m_fill,w_280,h_210,f_jpg?from=ke.com
20240802,西城,马连道,101124126965,丽泽雅园西南北向三居室通风好,828万,67526元/平,低楼层 (共23层) 3室1厅 | 122.62平米 | 西南 北,https://ke-image.ljcdn.com/110000-inspection/pc1_7lI5JSH0O.jpg!m_fill,w_280,h_210,f_jpg?from=ke.com
20240802,西城,马连道,101124125337,马连道中里 经典复式结构 满五年唯一 拎包入住,730万,95788元/平,顶层 (共6层) | 1997年 | 3室2厅 | 76.21平米 | 东 南 北,https://ke-image.ljcdn.com/110000-inspection/pc1_wjuw5X6we.jpg!m_fill,w_280,h_210,f_jpg?from=ke.com
20240802,西城,马连道,101124125053,信和家园 08年商品房小区 诚心出售,560万,114967元/平,低楼层 (共20层) 1室0厅 | 48.71平米 | 北,https://ke-image.ljcdn.com/110000-inspection/pc1_RZkho8j7k.jpg!m_fill,w_280,h_210,f_jpg?from=ke.com
20240802,西城,马连道,101124118216,总监推荐 西城广外 格调小区 诚售 随时签约,528万,93734元/平,中楼层 (共23层) 1室1厅 | 56.33平米 | 北,https://ke-image.ljcdn.com/110000-inspection/pc1_Gqf4bGwYl.jpg!m_fill,w_280,h_210,f_jpg?from=ke.com
20240802,西城,马连道,101124115126,马连道中里 4室2厅 南 北房主自荐,760万,99725元/平,顶层 (共6层) 4室2厅 | 76.21平米 | 南 北,https://ke-image.ljcdn.com/110000-inspection/pc1_QAZm0Z9gb.jpg!m_fill,w_280,h_210,f_jpg?from=ke.com
20240802,西城,马连道,101124066971,马连道中里 2室1厅 南 北,625万,98877元/平,中楼层 (共6层) 2室1厅 | 63.21平米 | 南 北,https://ke-image.ljcdn.com/110000-inspection/pc1_YUGcrausy.jpg!m_fill,w_280,h_210,f_jpg?from=ke.com
20240802,西城,马连道,101124019380,常青藤嘉园 2室1厅 东,750万,92183元/平,高楼层 (共11层) | 2005年 | 2室1厅 | 81.36平米 | 东,https://ke-image.ljcdn.com/110000-inspection/pc1_IaBygzF6c.jpg!m_fill,w_280,h_210,f_jpg?from=ke.com
20240802,西城,马连道,101124011660,中央电视台宿舍 东南三居 满五唯一,1060万,113576元/平,中楼层 (共18层) 3室1厅 | 93.33平米 | 东南,https://ke-image.ljcdn.com/110000-inspection/pc1_eEOTDAnFO.jpg!m_fill,w_280,h_210,f_jpg?from=ke.com
20240802,西城,马连道,101123949796,西城 达官营 精装40W 南向2居 有电梯 视野好,690万,87787元/平,中楼层 (共14层) 2室1厅 | 78.6平米 | 南,https://ke-image.ljcdn.com/110000-inspection/pc1_Y5tT0MpnJ.jpg!m_fill,w_280,h_210,f_jpg?from=ke.com
20240802,西城,马连道,101123912475,西城区 依莲轩两居 西南向 有车位,835万,98981元/平,低楼层 (共24层) | 2001年 | 2室1厅 | 84.36平米 | 西南,https://ke-image.ljcdn.com/110000-inspection/pc1_QH8Dna1Ru.jpg!m_fill,w_280,h_210,f_jpg?from=ke.com
20240802,西城,马连道,101123902725,西城 2005年纯商品房小区 楼层高 采光好 总价少诚心卖,520万,95694元/平,高楼层 (共22层) | 2005年 | 1室1厅 | 54.34平米 | 东,https://ke-image.ljcdn.com/110000-inspection/pc1_FdoeIPG0W.jpg!m_fill,w_280,h_210,f_jpg?from=ke.com
20240802,西城,马连道,101123869978,西城 欧园 西南向带阳台 诚心出售 随时签约,489万,83791元/平,低楼层 (共25层) 1室1厅 | 58.36平米 | 西南,https://ke-image.ljcdn.com/110000-inspection/pc1_KkvlrRBO1.jpg!m_fill,w_280,h_210,f_jpg?from=ke.com
20240802,西城,马连道,101123836320,格调小区板楼前后景观花园入户 全南大面宽采光房主自荐,1230万,121988元/平,底层 (共14层) | 2004年 | 2室1厅 | 100.83平米 | 南,https://ke-image.ljcdn.com/110000-inspection/pc1_SyGXNUrOC.jpg!m_fill,w_280,h_210,f_jpg?from=ke.com
20240802,西城,马连道,101123821352,西城 03年商品房新上宜居两居 车位充足 中高楼层！,810万,86678元/平,高楼层 (共25层) 2室1厅 | 93.45平米 | 东,https://ke-image.ljcdn.com/110000-inspection/pc1_IIqWDbRVj.jpg!m_fill,w_280,h_210,f_jpg?from=ke.com
20240802,西城,马连道,101123781247,红莲北里 2室1厅 南 北,449万,81845元/平,顶层 (共6层) 2室1厅 | 54.86平米 | 南 北,https://ke-image.ljcdn.com/110000-inspection/pc1_cNerC2Az0.jpg!m_fill,w_280,h_210,f_jpg?from=ke.com
20240802,西城,马连道,101123715724,精装两居 采光好 无遮挡 满五年 随时签约,800万,90111元/平,中楼层 (共22层) | 2005年 | 2室1厅 | 88.78平米 | 东南,https://ke-image.ljcdn.com/110000-inspection/pc1_v1q9hyOTZ.jpg!m_fill,w_280,h_210,f_jpg?from=ke.com
20240802,西城,马连道,101123690082,红莲晴园 2室1厅 南,666万,86292元/平,底层 (共22层) 2室1厅 | 77.18平米 | 南,https://ke-image.ljcdn.com/110000-inspection/pc1_Mtn16dFc4.jpg!m_fill,w_280,h_210,f_jpg?from=ke.com
20240802,西城,马连道,101123622703,马连道商圈依莲轩南向高层三室一厅双卫,1390万,111370元/平,高楼层 (共25层) | 2001年 | 3室1厅 | 124.81平米 | 南,https://ke-image.ljcdn.com/110000-inspection/pc1_yc7rtZ0fn.jpg!m_fill,w_280,h_210,f_jpg?from=ke.com
20240802,西城,马连道,101123599839,西城广外商品房两居室精装修满五唯一看房方便,739万,79815元/平,底层 (共24层) | 2001年 | 2室1厅 | 92.59平米 | 东,https://ke-image.ljcdn.com/110000-inspection/pc1_sC7oybLPP.jpg!m_fill,w_280,h_210,f_jpg?from=ke.com
20240802,西城,马连道,101123598104,西城广外1995年分房满五唯一南北通透配套齐全,468万,75109元/平,高楼层 (共6层) 2室1厅 | 62.31平米 | 南 北,https://ke-image.ljcdn.com/110000-inspection/pc1_BQ1gBTQVa.jpg!m_fill,w_280,h_210,f_jpg?from=ke.com
20240802,西城,马连道,101123587901,马连道西里板楼南北通透三居室,650万,91395元/平,高楼层 (共6层) | 1984年 | 3室1厅 | 71.12平米 | 南 北,https://ke-image.ljcdn.com/110000-inspection/pc1_Tyjd4IrKY.jpg!m_fill,w_280,h_210,f_jpg?from=ke.com
20240802,西城,马连道,101123583300,地铁16号线 红莲南里 南北两居 年代新,530万,97552元/平,中楼层 (共7层) 2室1厅 | 54.33平米 | 南 北,https://ke-image.ljcdn.com/110000-inspection/pc1_bXkmG3QEx.jpg!m_fill,w_280,h_210,f_jpg?from=ke.com
20240802,西城,马连道,101123573996,西城区格调小区花园小区高楼层精装修,1165万,112670元/平,中楼层 (共23层) 2室1厅 | 103.4平米 | 南 北,https://ke-image.ljcdn.com/110000-inspection/pc1_mEoSpoQ4c.jpg!m_fill,w_280,h_210,f_jpg?from=ke.com
20240802,西城,马连道,101123530527,依莲轩   东南两居室   满五唯一    诚心出售,978万,103999元/平,中楼层 (共26层) | 2000年 | 2室1厅 | 94.04平米 | 东南,https://ke-image.ljcdn.com/110000-inspection/pc1_OaBxDkpnh.jpg!m_fill,w_280,h_210,f_jpg?from=ke.com
20240802,西城,马连道,101123484530,西城区 依莲轩小区 有钥匙 看房方便,920万,97273元/平,低楼层 (共24层) | 2001年 | 2室1厅 | 94.58平米 | 西南,https://ke-image.ljcdn.com/110000-inspection/pc1_HL3tTQlJF.jpg!m_fill,w_280,h_210,f_jpg?from=ke.com
20240802,西城,马连道,101123470557,满五唯一双卧朝南向商品房丽泽雅园,710万,74479元/平,低楼层 (共24层) | 2007年 | 2室1厅 | 95.33平米 | 南,https://ke-image.ljcdn.com/110000-inspection/pc1_e2z2Qe5qg.jpg!m_fill,w_280,h_210,f_jpg?from=ke.com
20240802,西城,马连道,101123455637,红莲晴园  看房方便 有电梯 朝东两居 近地铁,1080万,81757元/平,中楼层 (共22层) 2室1厅 | 132.1平米 | 东,https://ke-image.ljcdn.com/110000-inspection/pc1_IjUp1VUse.jpg!m_fill,w_280,h_210,f_jpg?from=ke.com
20240802,西城,马连道,101123451668,西城 马连道中里 南北通透 电梯板楼 中高层 采光好！,810万,100722元/平,高楼层 (共14层) | 1999年 | 2室1厅 | 80.42平米 | 南 北,https://ke-image.ljcdn.com/110000-inspection/pc1_UUjBajUJz.jpg!m_fill,w_280,h_210,f_jpg?from=ke.com
20240802,西城,马连道,101123432958,三义西里中楼层全南两居室采光好无遮挡满五年,499万,99146元/平,中楼层 (共5层) 2室1厅 | 50.33平米 | 南,https://ke-image.ljcdn.com/110000-inspection/pc1_JULreVmhU.jpg!m_fill,w_280,h_210,f_jpg?from=ke.com
20240802,西城,马连道,101123430016,常青藤嘉园 中间楼 南向一居 满五唯一 正对小区花园,690万,110031元/平,中楼层 (共16层) 1室1厅 | 62.71平米 | 南,https://ke-image.ljcdn.com/110000-inspection/pc1_OLcjeaiy8.jpg!m_fill,w_280,h_210,f_jpg?from=ke.com
20240802,西城,马连道,101123416556,西城瑞莲家园朝东正规两居满五唯一有电梯楼龄新,670万,72363元/平,低楼层 (共24层) | 2001年 | 2室1厅 | 92.59平米 | 东,https://ke-image.ljcdn.com/110000-inspection/pc1_NPD327l9W.jpg!m_fill,w_280,h_210,f_jpg?from=ke.com
20240802,西城,马连道,101123413670,北欧印象 全南两居 可以当三居 正对丽泽商务区,1030万,100685元/平,低楼层 (共28层) | 2003年 | 2室2厅 | 102.3平米 | 南,https://ke-image.ljcdn.com/110000-inspection/pc1_EYW9oD9yH.jpg!m_fill,w_280,h_210,f_jpg?from=ke.com
20240802,西城,马连道,101123409121,太平里98年楼龄户型方正看房方便！房主自荐,288万,55460元/平,地下室 (共7层) 2室1厅 | 51.93平米 | 西北,https://ke-image.ljcdn.com/110000-inspection/pc1_gn0nTfQvH_1.jpg!m_fill,w_280,h_210,f_jpg?from=ke.com
20240802,西城,马连道,101123396095,西城区 格调小区 精装一居 看房方便,710万,98107元/平,低楼层 (共23层) 1室1厅 | 72.37平米 | 西南,https://ke-image.ljcdn.com/110000-inspection/pc1_wMqFouVyl.jpg!m_fill,w_280,h_210,f_jpg?from=ke.com
20240802,西城,马连道,101123391478,满五年唯一 户型方正宽敞 看房方便,499万,74301元/平,顶层 (共18层) | 1985年 | 3室1厅 | 67.16平米 | 东北 西,https://ke-image.ljcdn.com/110000-inspection/pc1_WwsxSbXqx.jpg!m_fill,w_280,h_210,f_jpg?from=ke.com
20240802,西城,马连道,101123391183,满五年 全南向 钢混结构可以组合贷款 近地铁,550万,93427元/平,高楼层 (共18层) | 1992年 | 2室1厅 | 58.87平米 | 南 东,https://ke-image.ljcdn.com/110000-inspection/pc1_k0jCAbtLf.jpg!m_fill,w_280,h_210,f_jpg?from=ke.com
20240802,西城,马连道,101123335450,西城广外 红莲中里 全明格局 南北通透 业主诚意出售,510万,83361元/平,顶层 (共6层) | 1989年 | 2室1厅 | 61.18平米 | 南 北,https://ke-image.ljcdn.com/110000-inspection/3ba61fa1-ce58-4280-b6c8-c26688dbc593_1000.jpg!m_fill,w_280,h_210,f_jpg?from=ke.com
20240802,西城,马连道,101123328861,红莲南里带电梯中间楼层正规两居房主自荐,660万,94556元/平,中楼层 (共18层) 3室1厅 | 69.8平米 | 南 西 北,https://ke-image.ljcdn.com/110000-inspection/pc1_Vbx1cAxVv.jpg!m_fill,w_280,h_210,f_jpg?from=ke.com
20240802,西城,马连道,101123328667,丽泽金融商圈 地铁14号线 视野好 户型方正 采光好,760万,70639元/平,高楼层 (共24层) | 2005年 | 2室2厅 | 107.59平米 | 西南,https://ke-image.ljcdn.com/110000-inspection/pc1_Xjs1XosYd.jpg!m_fill,w_280,h_210,f_jpg?from=ke.com
20240802,西城,马连道,101123273939,西城区 太平里复式 南北通透铁道部央产房,988万,84684元/平,顶层 (共6层) 3室2厅 | 116.67平米 | 南 北,https://ke-image.ljcdn.com/110000-inspection/6a3d0132-7e11-48d9-9f86-beeea4c16944_1000.jpg!m_fill,w_280,h_210,f_jpg?from=ke.com
20240802,西城,马连道,101123265439,南北通透格局楼层高视野开阔采光好,515万,89628元/平,顶层 (共6层) 2室1厅 | 57.46平米 | 南 北,https://ke-image.ljcdn.com/110000-inspection/pc1_UhUythkGv.jpg!m_fill,w_280,h_210,f_jpg?from=ke.com
20240802,西城,马连道,101123249589,西城 朝南两居室 满五唯一 采光好 看房方便房主自荐,435万,71219元/平,顶层 (共6层) 2室1厅 | 61.08平米 | 南 北,https://ke-image.ljcdn.com/110000-inspection/pc1_TAHawPBL9.jpg!m_fill,w_280,h_210,f_jpg?from=ke.com
20240802,西城,马连道,101123235906,建茗苑西南向两居室高楼层精装修,589万,62774元/平,顶层 (共23层) | 2008年 | 2室1厅 | 93.83平米 | 西南,https://ke-image.ljcdn.com/110000-inspection/pc1_r8PSd41V0.jpg!m_fill,w_280,h_210,f_jpg?from=ke.com
20240802,西城,马连道,101123230556,欣园小区 1室1厅 南,310万,68889元/平,顶层 (共6层) 1室1厅 | 45平米 | 南,https://ke-image.ljcdn.com/110000-inspection/pc1_C0ribALhZ_1.jpg!m_fill,w_280,h_210,f_jpg?from=ke.com
20240802,西城,马连道,101123194617,湾子地铁 西城南北两居 精装修 有物业 车位 低密板楼,320万,56981元/平,地下室 (共6层) | 1992年 | 2室1厅 | 56.16平米 | 南 北,https://ke-image.ljcdn.com/110000-inspection/pc1_WfHUitgcf_1.jpg!m_fill,w_280,h_210,f_jpg?from=ke.com
20240802,西城,马连道,101123181144,红莲北里 精装修 户型方正 看方便利 诚心出售,586万,85824元/平,顶层 (共6层) 3室1厅 | 68.28平米 | 南 北,https://ke-image.ljcdn.com/110000-inspection/pc1_OLjoyNsHK.jpg!m_fill,w_280,h_210,f_jpg?from=ke.com
20240802,西城,马连道,101123180762,西城广外丽泽 东南朝向 精装修  交通便利 配套成熟,719万,71980元/平,低楼层 (共27层) | 2008年 | 2室1厅 | 99.89平米 | 东南,https://ke-image.ljcdn.com/110000-inspection/pc1_ZYkIC0yyQ.jpg!m_fill,w_280,h_210,f_jpg?from=ke.com
20240802,西城,马连道,101123173071,西城区 正规一室一厅 满五年唯一 诚心出售 看房方便房主自荐,399万,80444元/平,中楼层 (共7层) 1室1厅 | 49.6平米 | 东 西,https://ke-image.ljcdn.com/110000-inspection/pc1_eWBRVEYs0.jpg!m_fill,w_280,h_210,f_jpg?from=ke.com
20240802,西城,马连道,101123087621,红莲南里 2室1厅 南 北,348万,61441元/平,地下室 (共7层) 2室1厅 | 56.64平米 | 南 北,https://ke-image.ljcdn.com/110000-inspection/pc1_ON0696zSo.jpg!m_fill,w_280,h_210,f_jpg?from=ke.com
20240802,西城,马连道,101123086407,西城区 太平里南北通透 户型方正 随时签约,1110万,87928元/平,顶层 (共6层) | 1998年 | 3室2厅 | 126.24平米 | 南 北,https://ke-image.ljcdn.com/110000-inspection/pc1_O0Fz97tnR.jpg!m_fill,w_280,h_210,f_jpg?from=ke.com
20240802,西城,马连道,101123086280,西城太平里 楼龄新 业主诚心出售 看房随时,470万,88148元/平,低楼层 (共6层) | 1998年 | 1室1厅 | 53.32平米 | 南 北,https://ke-image.ljcdn.com/110000-inspection/pc1_bmvJAz6Lz.jpg!m_fill,w_280,h_210,f_jpg?from=ke.com
20240802,西城,马连道,101123065760,馨莲茗园   精装两居室   中间楼层满五唯一  诚售,718万,94437元/平,中楼层 (共15层) | 2003年 | 2室1厅 | 76.03平米 | 南,https://ke-image.ljcdn.com/110000-inspection/pc1_dRcD50ewb.jpg!m_fill,w_280,h_210,f_jpg?from=ke.com
20240802,西城,马连道,101123064814,常青藤嘉园 2室1厅 东南,1056万,132050元/平,底层 (共22层) | 2005年 | 2室1厅 | 79.97平米 | 东南,https://ke-image.ljcdn.com/110000-inspection/pc1_cUWrlmYOJ.jpg!m_fill,w_280,h_210,f_jpg?from=ke.com
20240802,西城,马连道,101123045486,北欧印象 1室1厅 北房主自荐,410万,94776元/平,低楼层 (共28层) | 2003年 | 1室1厅 | 43.26平米 | 北,https://ke-image.ljcdn.com/110000-inspection/pc1_3hPKibTOG.jpg!m_fill,w_280,h_210,f_jpg?from=ke.com
20240802,西城,马连道,101123042045,红莲中里 2室1厅 西南,565万,94958元/平,中楼层 (共16层) 2室1厅 | 59.5平米 | 西南,https://ke-image.ljcdn.com/110000-inspection/pc1_2YVItdKJ1.jpg!m_fill,w_280,h_210,f_jpg?from=ke.com
20240802,西城,马连道,101123025571,红莲北里 3室1厅 西南 北,748万,105190元/平,低楼层 (共6层) 3室1厅 | 71.11平米 | 西南 北,https://ke-image.ljcdn.com/110000-inspection/pc1_BgAQD3NTC_1.jpg!m_fill,w_280,h_210,f_jpg?from=ke.com
20240802,西城,马连道,101123021347,红莲北里17号院 教委宿舍 正规一居 近地铁,535万,92577元/平,低楼层 (共19层) | 1999年 | 1室1厅 | 57.79平米 | 西,https://ke-image.ljcdn.com/110000-inspection/pc1_O6EjXB06L.jpg!m_fill,w_280,h_210,f_jpg?from=ke.com
20240802,西城,马连道,101123014515,丽泽雅园 商品房 随时可签自住精装,620万,58713元/平,低楼层 (共24层) 2室1厅 | 105.6平米 | 南 西,https://ke-image.ljcdn.com/110000-inspection/pc1_4zyEOIdDf.jpg!m_fill,w_280,h_210,f_jpg?from=ke.com
20240802,西城,马连道,101123010801,北欧印象 独立宽敞大车位 诚心卖 价格可谈,40万,12912元/平,地下室 1室0厅 | 30.98平米 | 西,https://ke-image.ljcdn.com/110000-inspection/pc1_IpJyyoUM8.jpg!m_fill,w_280,h_210,f_jpg?from=ke.com
20240802,西城,马连道,101122997876,西城 依莲轩 全南两居 全天采光,1160万,107448元/平,高楼层 (共26层) 2室1厅 | 107.96平米 | 南,https://ke-image.ljcdn.com/110000-inspection/pc1_kFTS9JLbU.jpg!m_fill,w_280,h_210,f_jpg?from=ke.com
20240802,西城,马连道,101122953154,西城区 商品房社区 方正两居 满五唯一,850万,104474元/平,中楼层 (共11层) | 2005年 | 2室1厅 | 81.36平米 | 东,https://ke-image.ljcdn.com/110000-inspection/pc1_XHJeLWQCi.jpg!m_fill,w_280,h_210,f_jpg?from=ke.com
20240802,西城,马连道,101122895661,此房 满五唯一商品房  精装修    楼龄新,695万,99145元/平,底层 (共18层) 2室1厅 | 70.1平米 | 东南 北,https://ke-image.ljcdn.com/110000-inspection/pc1_15IPD2lNd.jpg!m_fill,w_280,h_210,f_jpg?from=ke.com
20240802,西城,马连道,101122886540,西城瑞莲家园东南向三居中间层有电梯有小区,830万,75073元/平,低楼层 (共24层) 3室1厅 | 110.56平米 | 东南,https://ke-image.ljcdn.com/110000-inspection/pc1_cERFrcavE.jpg!m_fill,w_280,h_210,f_jpg?from=ke.com
20240802,西城,马连道,101122879277,西城 广外 红莲南里 南向全明 电梯中高层两居诚心卖！,598万,97905元/平,中楼层 (共18层) | 1995年 | 2室1厅 | 61.08平米 | 南,https://ke-image.ljcdn.com/110000-inspection/pc1_bAsKjsSke.jpg!m_fill,w_280,h_210,f_jpg?from=ke.com
20240802,西城,马连道,101122826773,常青藤嘉园1居 满五唯一 高楼层 户型好 采光好,641万,99720元/平,高楼层 (共22层) | 2005年 | 1室1厅 | 64.28平米 | 西,https://ke-image.ljcdn.com/110000-inspection/pc1_97Wx9hHIO.jpg!m_fill,w_280,h_210,f_jpg?from=ke.com
20240802,西城,马连道,101122799372,三义东里 1室1厅 南,435万,111568元/平,中楼层 (共16层) 1室1厅 | 38.99平米 | 南,https://ke-image.ljcdn.com/110000-inspection/pc1_3cvUsJwG5.jpg!m_fill,w_280,h_210,f_jpg?from=ke.com
20240802,西城,马连道,101122760376,红莲中里小区 南向 精装修 不临街 小区安静,360万,113565元/平,顶层 (共6层) 1室0厅 | 31.7平米 | 南,https://ke-image.ljcdn.com/110000-inspection/pc1_ZghiijUft.jpg!m_fill,w_280,h_210,f_jpg?from=ke.com
20240802,西城,马连道,101122751286,依莲轩 3室1厅 南,1360万,108966元/平,高楼层 (共25层) | 2001年 | 3室1厅 | 124.81平米 | 南,https://ke-image.ljcdn.com/110000-inspection/pc1_0VFix8RSD.jpg!m_fill,w_280,h_210,f_jpg?from=ke.com
20240802,西城,马连道,101122735059,西城格调小区南北通透两居室小区中间,1050万,101962元/平,底层 (共14层) | 2004年 | 2室1厅 | 102.98平米 | 南 北,https://ke-image.ljcdn.com/110000-inspection/pc1_XBbDL0sKz.jpg!m_fill,w_280,h_210,f_jpg?from=ke.com
20240802,西城,马连道,101122655741,欧园小区全南精装三居室满五年唯一,1130万,85419元/平,底层 (共28层) | 2003年 | 3室2厅 | 132.29平米 | 南,https://ke-image.ljcdn.com/110000-inspection/pc1_tyySeDhz3_1.jpg!m_fill,w_280,h_210,f_jpg?from=ke.com
20240802,西城,马连道,101122643143,西城区马连道2008年精装修满五唯一大两居,848万,76041元/平,高楼层 (共27层) | 2008年 | 2室1厅 | 111.52平米 | 西南,https://ke-image.ljcdn.com/110000-inspection/pc1_Gx6W1xirh.jpg!m_fill,w_280,h_210,f_jpg?from=ke.com
20240802,西城,马连道,101122580808,西城马连道近湾子地铁餐客分离南北通透 采光好 不临街房主自荐,820万,93034元/平,底层 (共6层) | 2000年 | 2室2厅 | 88.14平米 | 南 北,https://ke-image.ljcdn.com/110000-inspection/pc1_6S0JgbUoT.jpg!m_fill,w_280,h_210,f_jpg?from=ke.com
20240802,西城,马连道,101122537340,西城区 马连道 太平里南北通透两居室 采光好 楼龄新房主自荐,669万,86012元/平,高楼层 (共6层) 2室1厅 | 77.78平米 | 南 北,https://ke-image.ljcdn.com/110000-inspection/pc1_YJZeFu6Oi.jpg!m_fill,w_280,h_210,f_jpg?from=ke.com
20240802,西城,马连道,101122516328,西城区 马连道路5号院 168平跃层住宅 满五年近地铁,1250万,74614元/平,顶层 (共6层) | 2000年 | 4室2厅 | 167.53平米 | 南 北,https://ke-image.ljcdn.com/110000-inspection/pc1_2pD7MBlBD.jpg!m_fill,w_280,h_210,f_jpg?from=ke.com
20240802,西城,马连道,101122447266,西城区 广外 马连道北街西南两居室 无遮挡 满五年唯一,449万,90035元/平,顶层 (共6层) 2室1厅 | 49.87平米 | 西南,https://ke-image.ljcdn.com/110000-inspection/pc1_nClsBUTXc.jpg!m_fill,w_280,h_210,f_jpg?from=ke.com
20240802,西城,马连道,101122444796,店长推荐 西城广外 红莲晴园 高楼层 配套齐 出行便利,608万,96447元/平,中楼层 (共22层) 1室1厅 | 63.04平米 | 西,https://ke-image.ljcdn.com/110000-inspection/pc1_zWUj9qDI1.jpg!m_fill,w_280,h_210,f_jpg?from=ke.com
20240802,西城,马连道,101122413668,丽泽西城广外2008年小区人车分流正规两居室,855万,81960元/平,低楼层 (共27层) | 2008年 | 2室1厅 | 104.32平米 | 西南,https://ke-image.ljcdn.com/110000-inspection/pc1_ZIOQDEB4q.jpg!m_fill,w_280,h_210,f_jpg?from=ke.com
20240802,西城,马连道,101122403332,店长推荐 西城广外红莲中里满五唯一诚心出售,486万,80691元/平,低楼层 (共18层) | 1985年 | 2室1厅 | 60.23平米 | 西南,https://ke-image.ljcdn.com/110000-inspection/pc1_j0bU1A5lm.jpg!m_fill,w_280,h_210,f_jpg?from=ke.com
20240802,西城,马连道,101122400687,格调小区 车位,45万,16886元/平,地下室 (共14层) 1室0厅 | 26.65平米 | 南,https://ke-image.ljcdn.com/110000-inspection/pc1_JnvO5TbXN.jpg!m_fill,w_280,h_210,f_jpg?from=ke.com
20240802,西城,马连道,101122396086,丽泽商务区位置南北通透三室三厅两卫另带影音室,990万,58421元/平,顶层 (共6层) 3室3厅 | 169.46平米 | 南 北,https://ke-image.ljcdn.com/110000-inspection/pc1_CvNcDGuA5_1.jpg!m_fill,w_280,h_210,f_jpg?from=ke.com
20240802,西城,马连道,101122366691,西城区 三义里通透两居室 看房方便,550万,101234元/平,顶层 (共6层) 2室1厅 | 54.33平米 | 东 西,https://ke-image.ljcdn.com/110000-inspection/pc1_IE4MAn857.jpg!m_fill,w_280,h_210,f_jpg?from=ke.com
20240802,西城,马连道,101122355937,三义西里 南北通透2居室 格局实用 满五唯一 2003年房房主自荐,750万,78411元/平,顶层 (共6层) | 2003年 | 2室2厅 | 95.65平米 | 南 北,https://ke-image.ljcdn.com/110000-inspection/pc1_zrR0qg9zO.jpg!m_fill,w_280,h_210,f_jpg?from=ke.com
20240802,西城,马连道,101122321605,马连道中里一层两户 满五年房改房 可用面积大,680万,99242元/平,顶层 (共5层) 2室2厅 | 68.52平米 | 东 南 西,https://ke-image.ljcdn.com/110000-inspection/pc1_bjf3J7wAK.jpg!m_fill,w_280,h_210,f_jpg?from=ke.com
20240802,西城,马连道,101122316808,三轨交汇 马连道路5号院 南北通透 满五唯一 视野开阔房主自荐,490万,77324元/平,顶层 (共6层) | 1990年 | 2室1厅 | 63.37平米 | 南 北,https://ke-image.ljcdn.com/110000-inspection/pc1_h1l3p3EM3.jpg!m_fill,w_280,h_210,f_jpg?from=ke.com
20240802,西城,马连道,101122270677,西城 2003年商品房 满五唯一 中高层两居诚心出售！,858万,104942元/平,中楼层 (共25层) | 2003年 | 2室1厅 | 81.76平米 | 东北,https://ke-image.ljcdn.com/110000-inspection/pc1_KSSZSSfXx.jpg!m_fill,w_280,h_210,f_jpg?from=ke.com
20240802,西城,马连道,101122179703,北欧印象 1室0厅 西北,438万,103718元/平,中楼层 (共28层) | 2003年 | 1室0厅 | 42.23平米 | 西北,https://ke-image.ljcdn.com/110000-inspection/pc1_huECoZXZP.jpg!m_fill,w_280,h_210,f_jpg?from=ke.com
20240802,西城,马连道,101122143656,西城 红莲北里  南向 一居室,412万,102031元/平,中楼层 (共6层) 1室1厅 | 40.38平米 | 南,https://ke-image.ljcdn.com/110000-inspection/pc1_7V02dNQPe_1.jpg!m_fill,w_280,h_210,f_jpg?from=ke.com
20240802,西城,马连道,101122123475,马连道路5号院 采光充足交通便利 配套齐全2000年楼龄房主自荐,1260万,73078元/平,顶层 (共6层) | 2001年 | 4室2厅 | 172.42平米 | 南 北,https://ke-image.ljcdn.com/110000-inspection/pc1_MgEzSCPog_1.jpg!m_fill,w_280,h_210,f_jpg?from=ke.com
20240802,西城,马连道,101122073287,红莲中里 南向带电梯 精装修 一居刚需房,538.9万,101795元/平,低楼层 (共18层) | 2000年 | 1室1厅 | 52.94平米 | 南,https://ke-image.ljcdn.com/110000-inspection/pc1_iZBTNHFGs.jpg!m_fill,w_280,h_210,f_jpg?from=ke.com
20240802,西城,马连道,101122072752,西城区 马连道 南北通透三居室 配套齐全 业主诚心出售,1290万,86712元/平,低楼层 (共15层) | 2003年 | 3室1厅 | 148.77平米 | 南 北,https://ke-image.ljcdn.com/110000-inspection/pc1_woqlxRRXX.jpg!m_fill,w_280,h_210,f_jpg?from=ke.com
20240802,西城,马连道,101122070504,红莲中里 楼龄1991年 东南向全明格局大阳台 满五唯一,539万,91496元/平,顶层 (共6层) 2室1厅 | 58.91平米 | 东南,https://ke-image.ljcdn.com/110000-inspection/pc1_dC32tinj2.jpg!m_fill,w_280,h_210,f_jpg?from=ke.com
20240802,西城,马连道,101122027302,格调小区西向两居室视野开阔采光充足,816万,112754元/平,中楼层 (共23层) | 2007年 | 2室1厅 | 72.37平米 | 西,https://ke-image.ljcdn.com/110000-inspection/pc1_DzXEXsE8y.jpg!m_fill,w_280,h_210,f_jpg?from=ke.com
20240802,西城,马连道,101121945543,马连道西里 东西两居室 精装修 自住,488万,89988元/平,中楼层 (共6层) 2室1厅 | 54.23平米 | 东 西,https://ke-image.ljcdn.com/110000-inspection/pc1_lo8hFRy3R.jpg!m_fill,w_280,h_210,f_jpg?from=ke.com
20240802,西城,马连道,101121854270,西城区 依莲轩 高层 精装修 拎包入住房主自荐,1828万,85095元/平,高楼层 (共24层) | 2001年 | 4室1厅 | 214.82平米 | 南 西 北,https://ke-image.ljcdn.com/110000-inspection/pc1_ttfrjRHXD_1.jpg!m_fill,w_280,h_210,f_jpg?from=ke.com
20240802,西城,马连道,101121830103,依莲轩 马连道商圈 近达官营地铁 西二环外,819万,93334元/平,高楼层 (共25层) | 2001年 | 2室1厅 | 87.75平米 | 东南,https://ke-image.ljcdn.com/110000-inspection/pc1_nbFQAxoKw_1.jpg!m_fill,w_280,h_210,f_jpg?from=ke.com
20240802,西城,马连道,101121717917,马连道东街中间楼层南北两居靠谱出售,609万,97394元/平,中楼层 (共5层) 2室1厅 | 62.53平米 | 南 北,https://ke-image.ljcdn.com/110000-inspection/pc1_3gyUNjTNb.jpg!m_fill,w_280,h_210,f_jpg?from=ke.com
20240802,西城,马连道,101121587091,西城区 马连道北街 东北向小两居,460万,86515元/平,顶层 (共6层) 2室1厅 | 53.17平米 | 东 北,https://ke-image.ljcdn.com/110000-inspection/pc1_yySJ8bSNi.jpg!m_fill,w_280,h_210,f_jpg?from=ke.com
20240802,西城,马连道,101121488328,红莲中里全南向两居室 无遮挡 视野开阔,599万,101993元/平,高楼层 (共18层) | 1986年 | 2室1厅 | 58.73平米 | 南,https://ke-image.ljcdn.com/110000-inspection/pc1_pJaAn3r1K.jpg!m_fill,w_280,h_210,f_jpg?from=ke.com
20240802,西城,马连道,101121482778,8西城广外北欧印象 纯商品房 西南两居室 单价8万出头,795万,86630元/平,顶层 (共25层) | 2003年 | 2室1厅 | 91.77平米 | 西南,https://ke-image.ljcdn.com/110000-inspection/pc1_sffBZ5ASA.jpg!m_fill,w_280,h_210,f_jpg?from=ke.com
20240802,西城,马连道,101121372704,马连道中里 精装修 南北两居室 满五年唯一,629万,99228元/平,顶层 (共6层) | 1996年 | 2室1厅 | 63.39平米 | 南 北,https://ke-image.ljcdn.com/110000-inspection/pc1_DeK8DCJ80.jpg!m_fill,w_280,h_210,f_jpg?from=ke.com
20240802,西城,马连道,101121337154,满五年唯一 正规两居室 总价不高 2008年商品房社区,780万,90414元/平,中楼层 (共27层) | 2005年 | 2室1厅 | 86.27平米 | 西南,https://ke-image.ljcdn.com/110000-inspection/e63ad6f6-6f3c-4ac8-a8b0-9edc6b4b2ce1_1000.jpg!m_fill,w_280,h_210,f_jpg?from=ke.com
20240802,西城,马连道,101121147941,满五唯一 南北通透 楼层高 正对小区绿化带 丰台丽泽,1700万,80265元/平,高楼层 (共15层) 4室2厅 | 211.8平米 | 南 北,https://ke-image.ljcdn.com/110000-inspection/pc1_a9ppmIhgT.jpg!m_fill,w_280,h_210,f_jpg?from=ke.com
20240802,西城,马连道,101121139442,格调小区 车位,53万,19888元/平,地下室 (共1层) 1室0厅 | 26.65平米 | 南,https://ke-image.ljcdn.com/110000-inspection/pc1_AzKnvfcMQ.jpg!m_fill,w_280,h_210,f_jpg?from=ke.com
20240802,西城,马连道,101121067562,满五年唯一 正规一室一厅 新华社福利分房房主自荐,659万,100642元/平,高楼层 (共22层) 1室1厅 | 65.48平米 | 西,https://ke-image.ljcdn.com/110000-inspection/pc1_Yx7Rg8puj.jpg!m_fill,w_280,h_210,f_jpg?from=ke.com
20240802,西城,马连道,101121004635,三环内丽泽旁 单位家属楼电梯南北三居室带80平米花园,1180万,97796元/平,底层 (共14层) | 2002年 | 3室2厅 | 120.66平米 | 南 北,https://ke-image.ljcdn.com/110000-inspection/pc1_k8zO7FH3l.jpg!m_fill,w_280,h_210,f_jpg?from=ke.com
20240802,西城,马连道,101120986687,红莲中里 3室1厅 西北,740万,99852元/平,高楼层 (共16层) | 1988年 | 3室1厅 | 74.11平米 | 西北,https://ke-image.ljcdn.com/110000-inspection/pc1_LYAfjpXVb.jpg!m_fill,w_280,h_210,f_jpg?from=ke.com
20240802,西城,马连道,101120973881,红莲北里 马连道商圈 近达官营地铁房主自荐,540万,86789元/平,顶层 (共6层) 2室1厅 | 62.22平米 | 南 北,https://ke-image.ljcdn.com/110000-inspection/pc1_plIXe7hGq.jpg!m_fill,w_280,h_210,f_jpg?from=ke.com
20240802,西城,马连道,101120893077,三路居路99号院 三居室 南北,630万,80543元/平,顶层 (共6层) 3室1厅 | 78.22平米 | 南 北,https://ke-image.ljcdn.com/110000-inspection/pc1_81CtDzZcl_1.jpg!m_fill,w_280,h_210,f_jpg?from=ke.com
20240802,西城,马连道,101120871467,茗筑西城区满五年唯一西南2居室业主诚心出售,799万,92617元/平,中楼层 (共27层) | 2008年 | 2室1厅 | 86.27平米 | 西南,https://ke-image.ljcdn.com/110000-inspection/pc1_HXrIxiI5W.jpg!m_fill,w_280,h_210,f_jpg?from=ke.com
20240802,西城,马连道,101120614915,红莲南里 3室1厅 南 西 北,680万,95640元/平,顶层 (共18层) | 1995年 | 3室1厅 | 71.1平米 | 南 西 北,https://ke-image.ljcdn.com/110000-inspection/0d5aca74-f4ab-479f-b842-4139b88d01f6_1000.jpg!m_fill,w_280,h_210,f_jpg?from=ke.com
20240802,西城,马连道,101120600894,丽泽雅园 临丽泽商务区 满五年唯一  09年商品房,575万,72473元/平,低楼层 (共24层) | 2009年 | 2室1厅 | 79.34平米 | 北,https://ke-image.ljcdn.com/110000-inspection/pc1_dGtaP9D2w.jpg!m_fill,w_280,h_210,f_jpg?from=ke.com
20240802,西城,马连道,101120348864,二环边丽泽商务区南北两居80平米花园人车分流带车位,965万,81552元/平,底层 (共15层) 2室2厅 | 118.33平米 | 南 北,https://ke-image.ljcdn.com/110000-inspection/pc1_CjvjNA4sn.jpg!m_fill,w_280,h_210,f_jpg?from=ke.com
20240802,西城,马连道,101120276568,西城马连道 马连道中里精装修一居室,540万,130309元/平,低楼层 (共18层) 1室1厅 | 41.44平米 | 东南,https://ke-image.ljcdn.com/110000-inspection/pc1_KvTEWwg2D.jpg!m_fill,w_280,h_210,f_jpg?from=ke.com
20240802,西城,马连道,101120198492,丽泽商务区丽泽雅园09年楼龄地铁14号线,535万,87219元/平,高楼层 (共24层) | 2007年 | 1室1厅 | 61.34平米 | 南,https://ke-image.ljcdn.com/110000-inspection/pc1_VLfJXa9Xp.jpg!m_fill,w_280,h_210,f_jpg?from=ke.com
20240802,西城,马连道,101120192622,康宁居南北通透大三居一梯两户对小区绿化诚意出售,1380万,89223元/平,低楼层 (共15层) 3室2厅 | 154.67平米 | 南 北,https://ke-image.ljcdn.com/110000-inspection/pc1_mtPW0X0XN_1.jpg!m_fill,w_280,h_210,f_jpg?from=ke.com
20240802,西城,马连道,101120058910,三路居93号院南北通透满五唯一三居室,575万,67616元/平,中楼层 (共6层) | 1996年 | 3室1厅 | 85.04平米 | 南 北,https://ke-image.ljcdn.com/110000-inspection/pc1_yK68Tquuq_1.jpg!m_fill,w_280,h_210,f_jpg?from=ke.com
20240802,西城,马连道,101119940604,丽泽雅园 商品房满五唯一 东南朝向三居室 看房方便,910万,74658元/平,高楼层 (共23层) 3室1厅 | 121.89平米 | 东南,https://ke-image.ljcdn.com/110000-inspection/pc1_2aLpsUqzE.jpg!m_fill,w_280,h_210,f_jpg?from=ke.com
20240802,西城,马连道,101119883019,马连道北里 全东向2居室 满5唯一商品房 采光视野好房主自荐,450万,89074元/平,顶层 (共6层) | 1984年 | 2室1厅 | 50.52平米 | 东,https://ke-image.ljcdn.com/110000-inspection/pc1_st1AJtAWM.jpg!m_fill,w_280,h_210,f_jpg?from=ke.com
20240802,西城,马连道,101119602351,西城区 南北通透两居室 配套成熟 看房方便,390万,79398元/平,底层 (共6层) 2室1厅 | 49.12平米 | 南 北,https://ke-image.ljcdn.com/110000-inspection/pc1_DdIMtgPfZ.jpg!m_fill,w_280,h_210,f_jpg?from=ke.com
20240802,西城,马连道,101119294493,丽泽雅园  东南两居室 丽泽商务区一路之隔,579万,77016元/平,低楼层 (共24层) | 2007年 | 2室1厅 | 75.18平米 | 东南,https://ke-image.ljcdn.com/110000-inspection/pc1_E2zmZ2gtO.jpg!m_fill,w_280,h_210,f_jpg?from=ke.com
20240802,西城,马连道,101119216952,红莲中里 南北两居室 全明格局 满五年唯一,553万,94741元/平,顶层 (共6层) | 1988年 | 2室1厅 | 58.37平米 | 南 北,https://ke-image.ljcdn.com/110000-inspection/pc1_ZLh5n3Xwg.jpg!m_fill,w_280,h_210,f_jpg?from=ke.com
20240802,西城,马连道,101119047753,此房满五年唯一 只有契税 精装修 全明格局 诚心出售,900万,101604元/平,底层 (共22层) | 2005年 | 2室1厅 | 88.58平米 | 东北,https://ke-image.ljcdn.com/110000-inspection/pc1_OeKSDJX5w_1.jpg!m_fill,w_280,h_210,f_jpg?from=ke.com
20240802,西城,马连道,101119020133,丽泽雅园满五年唯一两居室中间层 诚心出售,749万,70929元/平,低楼层 (共24层) 2室1厅 | 105.6平米 | 西南,https://ke-image.ljcdn.com/110000-inspection/pc1_7Id9jfxHc.jpg!m_fill,w_280,h_210,f_jpg?from=ke.com
20240802,西城,马连道,101118992372,丽泽商务区丽泽雅园 高楼层两居 14号线地铁口东管头站房主自荐,690万,70531元/平,高楼层 (共24层) | 2007年 | 2室1厅 | 97.83平米 | 东 南 北,https://ke-image.ljcdn.com/110000-inspection/pc1_WPOVxrEIN.jpg!m_fill,w_280,h_210,f_jpg?from=ke.com
20240802,西城,马连道,101118963346,西城马连道西环景苑精装全明格局改善大两居,1040万,101861元/平,中楼层 (共19层) | 2001年 | 2室1厅 | 102.1平米 | 东北 西,https://ke-image.ljcdn.com/110000-inspection/pc1_4d5H5LzY9.jpg!m_fill,w_280,h_210,f_jpg?from=ke.com
20240802,西城,马连道,101118960502,红莲中里 满五唯一  高层 视野好 采光充足 配套齐全,515万,117930元/平,高楼层 (共16层) 1室1厅 | 43.67平米 | 南,https://ke-image.ljcdn.com/110000-inspection/pc1_28a010cmN.jpg!m_fill,w_280,h_210,f_jpg?from=ke.com
20240802,西城,马连道,101118378811,建茗苑 丽泽商务区 全南向大两居 双阳台 全天采光,650万,66286元/平,中楼层 (共23层) | 2008年 | 2室2厅 | 98.06平米 | 南,https://ke-image.ljcdn.com/110000-inspection/pc1_Nq6rlKyne.jpg!m_fill,w_280,h_210,f_jpg?from=ke.com
20240802,西城,马连道,101118371801,丽泽商务区丽泽雅园精装西南2居室满五唯一诚心出售,699万,73325元/平,高楼层 (共24层) | 2007年 | 2室1厅 | 95.33平米 | 西南,https://ke-image.ljcdn.com/110000-inspection/pc1_Kw46gGLni_1.jpg!m_fill,w_280,h_210,f_jpg?from=ke.com
20240802,西城,马连道,101118336421,丽泽商务区 丽泽雅园满五年唯一 中间层 地铁口,790万,70884元/平,中楼层 (共24层) | 2005年 | 2室1厅 | 111.45平米 | 东南 北,https://ke-image.ljcdn.com/110000-inspection/pc1_n8vESu4Px.jpg!m_fill,w_280,h_210,f_jpg?from=ke.com
20240802,西城,马连道,101118180828,红莲晴园 满五唯一 明厨明卫 落地飘窗 楼层高 精装修,1325万,91160元/平,高楼层 (共20层) | 2006年 | 3室2厅 | 145.35平米 | 东 西 北,https://ke-image.ljcdn.com/110000-inspection/pc1_XQpSTGZNN.jpg!m_fill,w_280,h_210,f_jpg?from=ke.com
20240802,西城,马连道,101118158132,丽泽商务区 马连道欣园东路 南北通透二居室,385万,68714元/平,高楼层 (共6层) 2室1厅 | 56.03平米 | 南 北,https://ke-image.ljcdn.com/110000-inspection/c55b8c41-ee99-4273-b253-086e093d97a5_1000.jpg!m_fill,w_280,h_210,f_jpg?from=ke.com
20240802,西城,马连道,101117939507,西城 广外 马连道中里 满五年 交通便利 配套齐全房主自荐,708万,90261元/平,顶层 (共18层) | 1999年 | 2室1厅 | 78.44平米 | 西南 北,https://ke-image.ljcdn.com/110000-inspection/pc1_fV9yC57zN.jpg!m_fill,w_280,h_210,f_jpg?from=ke.com
20240802,西城,马连道,101117891912,西城 西环景苑 商品房 西南向三居室 满五唯一单价低！,699万,55161元/平,地下室 (共19层) | 2001年 | 3室1厅 | 126.72平米 | 西南,https://ke-image.ljcdn.com/110000-inspection/pc1_VQja4zzXX_1.jpg!m_fill,w_280,h_210,f_jpg?from=ke.com
20240802,西城,马连道,101117699508,西城区 太平里 大三居 精装修 诚心出售,1039万,81535元/平,低楼层 (共16层) | 1997年 | 3室2厅 | 127.43平米 | 东 北 西 南,https://ke-image.ljcdn.com/110000-inspection/pc1_igaOct1cj.jpg!m_fill,w_280,h_210,f_jpg?from=ke.com
20240802,西城,马连道,101116825750,马连道楼龄新满五唯一商品房南北通透前后无遮挡,935万,93529元/平,顶层 (共6层) | 1996年 | 3室1厅 | 99.97平米 | 南 北,https://ke-image.ljcdn.com/110000-inspection/pc1_hAALkWqq7.jpg!m_fill,w_280,h_210,f_jpg?from=ke.com
20240802,西城,马连道,101116632710,茗筑小区 车位 看房方便 诚心卖,32万,6669元/平,地下室 (共16层) | 2008年 | 1室0厅 | 47.99平米 | 东,https://ke-image.ljcdn.com/110000-inspection/pc1_y4cDbGwNb.jpg!m_fill,w_280,h_210,f_jpg?from=ke.com
20240802,西城,马连道,101115287888,马连道中里 南向四居室 复式采光好 单位分房满五年,896万,111485元/平,顶层 (共6层) 4室2厅 | 80.37平米 | 南,https://ke-image.ljcdn.com/110000-inspection/pc1_z76OmKarb_1.jpg!m_fill,w_280,h_210,f_jpg?from=ke.com
20240802,西城,马连道,101115145949,北欧印象 车位,41万,28315元/平,地下室 (共28层) | 2006年 | 1室0厅 | 14.48平米 | 北,https://ke-image.ljcdn.com/110000-inspection/pc1_rDnIqkqFg.jpg!m_fill,w_280,h_210,f_jpg?from=ke.com
20240802,西城,马连道,101112440063,西城区 马连道西里 南北两居室,490万,84849元/平,中楼层 (共6层) | 1986年 | 2室1厅 | 57.75平米 | 南 北,https://ke-image.ljcdn.com/110000-inspection/pc1_9BLw4jQPw_1.jpg!m_fill,w_280,h_210,f_jpg?from=ke.com
20240802,西城,马连道,101125802372,西城马连道新年华50年产权南向采光视野好,299万,39265元/平,高楼层 (共15层) 1室1厅 | 76.15平米 | 南,https://s1.ljcdn.com/pegasus/redskull/images/common/default_house_list.png?_v=20240731112238100
20240802,西城,马连道,101125801715,红莲中里 2室1厅 东南,736万,92801元/平,中楼层 (共18层) 2室1厅 | 79.31平米 | 东南,https://s1.ljcdn.com/pegasus/redskull/images/common/default_house_list.png?_v=20240731112238100
20240802,西城,马连道,101125798522,茶贸国际中心 1室0厅 南,110万,32145元/平,中楼层 (共8层) 1室0厅 | 34.22平米 | 南,https://s1.ljcdn.com/pegasus/redskull/images/common/default_house_list.png?_v=20240731112238100
20240802,西城,马连道,101125754714,临丽泽商务区  满五唯一大三居 高楼层无遮挡新上,950万,73100元/平,高楼层 (共24层) | 2009年 | 3室1厅 | 129.96平米 | 西南,https://s1.ljcdn.com/pegasus/redskull/images/common/default_house_list.png?_v=20240731112238100
20240802,西城,马连道,101125754057,丽阳四季 2室1厅 东新上,980万,101157元/平,高楼层 (共23层) | 2003年 | 2室1厅 | 96.88平米 | 东,https://s1.ljcdn.com/pegasus/redskull/images/common/default_house_list.png?_v=20240731112238100
20240802,西城,马连道,101125739360,红莲中里 2室1厅 南新上,499万,95030元/平,顶层 (共6层) 2室1厅 | 52.51平米 | 南,https://s1.ljcdn.com/pegasus/redskull/images/common/default_house_list.png?_v=20240731112238100
20240802,西城,马连道,101125649493,马连道中里 1室1厅 南,405万,90483元/平,底层 (共6层) 1室1厅 | 44.76平米 | 南,https://s1.ljcdn.com/pegasus/redskull/images/common/default_house_list.png?_v=20240731112238100
20240802,西城,马连道,101125621842,馨莲茗园正规一居近地铁采光好视野好,630万,98009元/平,低楼层 (共25层) | 2003年 | 1室1厅 | 64.28平米 | 北,https://s1.ljcdn.com/pegasus/redskull/images/common/default_house_list.png?_v=20240731112238100
20240802,西城,马连道,101125571241,马连道中里 1室1厅 南,496万,84845元/平,高楼层 (共12层) | 1996年 | 1室1厅 | 58.46平米 | 南,https://s1.ljcdn.com/pegasus/redskull/images/common/default_house_list.png?_v=20240731112238100
20240802,西城,马连道,101125547934,太平里 2室1厅 东北,410万,68357元/平,中楼层 (共7层) 2室1厅 | 59.98平米 | 东北,https://s1.ljcdn.com/pegasus/redskull/images/common/default_house_list.png?_v=20240731112238100
20240802,西城,马连道,101125503949,信和嘉园 东南向两居室 两梯四户 采光视野好房主自荐,1205万,121915元/平,低楼层 (共13层) | 2008年 | 2室2厅 | 98.84平米 | 东南,https://s1.ljcdn.com/pegasus/redskull/images/common/default_house_list.png?_v=20240731112238100
20240802,西城,马连道,101125450856,正规一室一厅；满5年唯一；采光视野好无任何遮挡；,520万,92924元/平,低楼层 (共23层) 1室1厅 | 55.96平米 | 北,https://s1.ljcdn.com/pegasus/redskull/images/common/default_house_list.png?_v=20240731112238100
20240802,西城,马连道,101125444703,西城区 马连道 茶贸国际中心 外圈朝南 没有遮挡,115万,33607元/平,中楼层 (共14层) | 2008年 | 1室0厅 | 34.22平米 | 南,https://s1.ljcdn.com/pegasus/redskull/images/common/default_house_list.png?_v=20240731112238100
20240802,西城,马连道,101125444655,西城区 马连道 茶贸国际中心 外圈朝南,115万,33607元/平,中楼层 (共14层) | 2008年 | 1室0厅 | 34.22平米 | 南,https://s1.ljcdn.com/pegasus/redskull/images/common/default_house_list.png?_v=20240731112238100
20240802,西城,马连道,101125405047,西城马连道全南向精装修诚心卖,359万,51782元/平,低楼层 (共18层) | 2011年 | 2室1厅 | 69.33平米 | 南,https://s1.ljcdn.com/pegasus/redskull/images/common/default_house_list.png?_v=20240731112238100
20240802,西城,马连道,101125316379,西城马连道西北向三居室双阳台视野采光好。,900万,77781元/平,中楼层 (共24层) 3室1厅 | 115.71平米 | 南 西 北,https://s1.ljcdn.com/pegasus/redskull/images/common/default_house_list.png?_v=20240731112238100
20240802,西城,马连道,101125308005,西城区马连道 茶贸国际中心 朝西,105万,30720元/平,低楼层 (共21层) | 2008年 | 1室0厅 | 34.18平米 | 西,https://s1.ljcdn.com/pegasus/redskull/images/common/default_house_list.png?_v=20240731112238100
20240802,西城,马连道,101125274252,西城马连道第三区全南向采光无遮挡诚心出售房主自荐,360万,51926元/平,低楼层 (共18层) | 2011年 | 2室1厅 | 69.33平米 | 南,https://s1.ljcdn.com/pegasus/redskull/images/common/default_house_list.png?_v=20240731112238100
20240802,西城,马连道,101125269152,马连道西里2室1厅 南北通透 板楼,550万,95239元/平,顶层 (共6层) 2室1厅 | 57.75平米 | 南 北,https://s1.ljcdn.com/pegasus/redskull/images/common/default_house_list.png?_v=20240731112238100
20240802,西城,马连道,101125264843,西城马连道瑞莲家园板楼一梯一户带电梯 南北一居室,700万,102415元/平,中楼层 (共6层) 1室1厅 | 68.35平米 | 南,https://s1.ljcdn.com/pegasus/redskull/images/common/default_house_list.png?_v=20240731112238100
20240802,西城,马连道,101125146903,湾子地铁口 中间层 南北两居 无遮挡 满五唯一,540万,99668元/平,中楼层 (共5层) 2室1厅 | 54.18平米 | 南 北,https://s1.ljcdn.com/pegasus/redskull/images/common/default_house_list.png?_v=20240731112238100
20240802,西城,马连道,101125006624,西城马连道茶贸国际中心新上高楼层无遮挡,100万,29223元/平,顶层 (共20层) | 2008年 | 1室1厅 | 34.22平米 | 北,https://s1.ljcdn.com/pegasus/redskull/images/common/default_house_list.png?_v=20240731112238100
20240802,西城,马连道,101124990844,丰台区马连道建茗苑中间层三居室,599万,50785元/平,中楼层 (共23层) | 2008年 | 3室2厅 | 117.95平米 | 东 南 北,https://s1.ljcdn.com/pegasus/redskull/images/common/default_house_list.png?_v=20240731112238100
20240802,西城,马连道,101124932354,西城区 马连道 茶贸国际中心 朝西 外圈 没有遮挡,112万,32616元/平,中楼层 (共20层) | 2008年 | 1室0厅 | 34.34平米 | 西,https://s1.ljcdn.com/pegasus/redskull/images/common/default_house_list.png?_v=20240731112238100
20240802,西城,马连道,101124870387,西城马连道茶贸国际中心高楼层无遮挡,110万,32145元/平,高楼层 (共20层) | 2008年 | 1室1厅 | 34.22平米 | 西,https://s1.ljcdn.com/pegasus/redskull/images/common/default_house_list.png?_v=20240731112238100
20240802,西城,马连道,101124717167,西城马连道茶贸国际中心外圈无遮挡,90万,26301元/平,中楼层 (共8层) | 2008年 | 1室0厅 | 34.22平米 | 北,https://s1.ljcdn.com/pegasus/redskull/images/common/default_house_list.png?_v=20240731112238100
20240802,西城,马连道,101124701000,西城区 茶贸国际中心 楼层高 无遮挡,105万,31964元/平,高楼层 (共20层) | 2008年 | 1室0厅 | 32.85平米 | 南,https://s1.ljcdn.com/pegasus/redskull/images/common/default_house_list.png?_v=20240731112238100
20240802,西城,马连道,101124697725,西城区马连道 茶贸国际中心 中楼层 朝南 近电梯,105万,30684元/平,中楼层 (共8层) | 2006年 | 1室0厅 | 34.22平米 | 南,https://s1.ljcdn.com/pegasus/redskull/images/common/default_house_list.png?_v=20240731112238100
20240802,西城,马连道,101124612131,茶贸国际中心 1室0厅 东南,130万,35174元/平,中楼层 (共7层) | 2008年 | 1室0厅 | 36.96平米 | 东南,https://s1.ljcdn.com/pegasus/redskull/images/common/default_house_list.png?_v=20240731112238100
20240802,西城,马连道,101124285279,西城区 马连道 茶贸国际中心 可以注册办公,58万,38979元/平,低楼层 (共20层) | 2008年 | 1室0厅 | 14.88平米 | 北,https://s1.ljcdn.com/pegasus/redskull/images/common/default_house_list.png?_v=20240731112238100
20240802,西城,马连道,101124268431,茶贸国际中心 1室0厅 东 南,110万,29365元/平,中楼层 (共20层) | 2008年 | 1室0厅 | 37.46平米 | 东 南,https://s1.ljcdn.com/pegasus/redskull/images/common/default_house_list.png?_v=20240731112238100
20240802,西城,马连道,101123977840,西城新年华楼上商办房产业主诚心出售,350万,45962元/平,高楼层 (共15层) | 2012年 | 1室1厅 | 76.15平米 | 南,https://s1.ljcdn.com/pegasus/redskull/images/common/default_house_list.png?_v=20240731112238100
20240802,西城,马连道,101123635252,西城 马连道 第三区 东南 格局方正 采光充足,450万,52942元/平,高楼层 (共18层) | 2011年 | 2室1厅 | 85平米 | 东南,https://s1.ljcdn.com/pegasus/redskull/images/common/default_house_list.png?_v=20240731112238100
20240802,西城,马连道,101123487927,第三区 精装 自用 保持的不错 正对丽泽商务区,355万,51234元/平,中楼层 (共18层) | 2011年 | 2室1厅 | 69.29平米 | 南,https://s1.ljcdn.com/pegasus/redskull/images/common/default_house_list.png?_v=20240731112238100
20240802,西城,马连道,101123062268,西城区 马连道 茶贸国际中心朝南没有遮挡,120万,35068元/平,低楼层 (共14层) | 2008年 | 1室0厅 | 34.22平米 | 南,https://s1.ljcdn.com/pegasus/redskull/images/common/default_house_list.png?_v=20240731112238100
20240802,西城,马连道,101122886928,西城区马连道 茶贸国际中心 39.12㎡朝南,115万,29397元/平,高楼层 (共8层) | 2008年 | 1室0厅 | 39.12平米 | 南,https://s1.ljcdn.com/pegasus/redskull/images/common/default_house_list.png?_v=20240731112238100
20240802,西城,马连道,101122867138,西城区 马连道 2006年建成 户型方正 有电梯,86万,25132元/平,中楼层 (共20层) | 2008年 | 1室0厅 | 34.22平米 | 北,https://s1.ljcdn.com/pegasus/redskull/images/common/default_house_list.png?_v=20240731112238100
20240802,西城,马连道,101122747927,可注册 可注册 2梯四户50万的精装修,599万,67070元/平,低楼层 (共18层) | 2012年 | 2室1厅 | 89.31平米 | 南 北,https://s1.ljcdn.com/pegasus/redskull/images/common/default_house_list.png?_v=20240731112238100
20240802,西城,马连道,101122625050,茶贸国际中心 高楼层 无遮挡 视野开阔采光明亮,100万,29860元/平,高楼层 (共14层) | 2008年 | 1室0厅 | 33.49平米 | 西,https://s1.ljcdn.com/pegasus/redskull/images/common/default_house_list.png?_v=20240731112238100
20240802,西城,马连道,101122527910,茶贸国际中心 朝北 没遮挡 可以安排看房,99万,28931元/平,中楼层 (共14层) | 2008年 | 1室0厅 | 34.22平米 | 北,https://s1.ljcdn.com/pegasus/redskull/images/common/default_house_list.png?_v=20240731112238100
20240802,西城,马连道,101122055724,西城区 商业办公 第三区 全南,548万,61601元/平,中楼层 (共18层) 2室1厅 | 88.96平米 | 南,https://s1.ljcdn.com/pegasus/redskull/images/common/default_house_list.png?_v=20240731112238100
20240802,西城,马连道,101121904507,西城区马连道第三区 二期人车分流两梯四户,498万,55761元/平,低楼层 (共18层) | 2012年 | 2室2厅 | 89.31平米 | 南 北,https://s1.ljcdn.com/pegasus/redskull/images/common/default_house_list.png?_v=20240731112238100
20240802,西城,马连道,101121670001,南北通透全明格局；户型方正楼层好采光充足,700万,58174元/平,低楼层 (共18层) | 2011年 | 3室1厅 | 120.33平米 | 南 北,https://s1.ljcdn.com/pegasus/redskull/images/common/default_house_list.png?_v=20240731112238100
20240802,西城,马连道,101121459217,西城区马连道第三区高层楼层采光充足视野开阔,285万,84822元/平,顶层 (共18层) | 2011年 | 1室1厅 | 33.6平米 | 北,https://s1.ljcdn.com/pegasus/redskull/images/common/default_house_list.png?_v=20240731112238100
20240802,西城,马连道,101120968690,第三区 全南户型 楼层好 西城 马连道 丽泽商务区,365万,52678元/平,中楼层 (共18层) | 2011年 | 2室1厅 | 69.29平米 | 南,https://s1.ljcdn.com/pegasus/redskull/images/common/default_house_list.png?_v=20240731112238100
20240802,西城,马连道,101120476696,西城区马连道 茶贸国际中心 朝西南,220万,33925元/平,顶层 (共12层) | 2008年 | 2室1厅 | 64.85平米 | 西南,https://s1.ljcdn.com/pegasus/redskull/images/common/default_house_list.png?_v=20240731112238100
20240802,西城,马连道,101120461522,精装修 高楼层 视野开阔 采光充足 配套齐全 交通便利,730万,105294元/平,顶层 (共18层) | 2011年 | 3室2厅 | 69.33平米 | 南,https://s1.ljcdn.com/pegasus/redskull/images/common/default_house_list.png?_v=20240731112238100
20240802,西城,马连道,101119182479,西城区马连道 茶贸国际中心 朝北 没有遮挡,115万,33764元/平,中楼层 (共8层) | 2008年 | 1室0厅 | 34.06平米 | 北,https://s1.ljcdn.com/pegasus/redskull/images/common/default_house_list.png?_v=20240731112238100
20240802,西城,马连道,101119138275,西城马连道第三区50年产权商办房产。北向,183万,54465元/平,中楼层 (共18层) | 2011年 | 1室0厅 | 33.6平米 | 北,https://s1.ljcdn.com/pegasus/redskull/images/common/default_house_list.png?_v=20240731112238100
20240802,西城,马连道,101118685137,西城马连道第三区南北向诚心出售,980万,68160元/平,低楼层 (共15层) | 2012年 | 3室1厅 | 143.78平米 | 南 北,https://s1.ljcdn.com/pegasus/redskull/images/common/default_house_list.png?_v=20240731112238100
20240802,西城,马连道,101118628337,西城区马连道 第三区 精装修 高楼层 采光充足视野开阔,609万,68458元/平,高楼层 (共18层) 2室1厅 | 88.96平米 | 南,https://s1.ljcdn.com/pegasus/redskull/images/common/default_house_list.png?_v=20240731112238100
20240802,西城,马连道,101118591451,精装 可注册 看房方便 带电梯,93万,27178元/平,低楼层 (共21层) | 2008年 | 1室0厅 | 34.22平米 | 西,https://s1.ljcdn.com/pegasus/redskull/images/common/default_house_list.png?_v=20240731112238100
20240802,西城,马连道,101118282728,西城马连道第三区50年产权商办房诚心出售,409万,48912元/平,中楼层 (共18层) | 2011年 | 2室1厅 | 83.62平米 | 西南,https://s1.ljcdn.com/pegasus/redskull/images/common/default_house_list.png?_v=20240731112238100
20240802,西城,马连道,101118141953,世纪茶贸南向有电梯 随时签约,82万,33307元/平,低楼层 (共21层) | 2008年 | 1室0厅 | 24.62平米 | 南,https://s1.ljcdn.com/pegasus/redskull/images/common/default_house_list.png?_v=20240731112238100
20240802,西城,马连道,101117941593,西城马连道新年华楼上中基大厦50年产权西北开间,260万,47524元/平,高楼层 (共15层) 1室0厅 | 54.71平米 | 西 北,https://s1.ljcdn.com/pegasus/redskull/images/common/default_house_list.png?_v=20240731112238100
20240802,西城,马连道,101117845828,此房精装修北向落地窗很亮业主诚心出售视野无遮挡,374万,49974元/平,高楼层 (共15层) | 2012年 | 1室1厅 | 74.84平米 | 北,https://s1.ljcdn.com/pegasus/redskull/images/common/default_house_list.png?_v=20240731112238100
20240802,西城,马连道,101115746626,第三区 边户 视野采光无遮挡 诚心卖 户型方正,473万,55648元/平,高楼层 (共18层) | 2011年 | 2室1厅 | 85平米 | 南 西南 西,https://s1.ljcdn.com/pegasus/redskull/images/common/default_house_list.png?_v=20240731112238100
20240802,西城,马连道,101114531748,茶贸 精装修 高楼层 看房方便 配套齐全,100万,29223元/平,高楼层 (共20层) | 2008年 | 1室1厅 | 34.22平米 | 东,https://s1.ljcdn.com/pegasus/redskull/images/common/default_house_list.png?_v=20240731112238100
20240802,西城,马连道,101114485509,马连道 第三区 朝南 看房随时,355万,51234元/平,低楼层 (共18层) | 2011年 | 2室1厅 | 69.29平米 | 南,https://s1.ljcdn.com/pegasus/redskull/images/common/default_house_list.png?_v=20240731112238100
20240802,西城,马连道,101112956752,商业办公类房产 诚售 看房方便,493万,58000元/平,高楼层 (共18层) | 2011年 | 2室1厅 | 85平米 | 东南,https://s1.ljcdn.com/pegasus/redskull/images/common/default_house_list.png?_v=20240731112238100
20240802,西城,马连道,101109973073,西城区马连道 世经茶贸中心 朝东,108万,31561元/平,低楼层 (共20层) | 2008年 | 1室0厅 | 34.22平米 | 东,https://s1.ljcdn.com/pegasus/redskull/images/common/default_house_list.png?_v=20240731112238100
