20240410,海淀,六里桥,101123707011,丰台区金家村1号院南北通透三居室着急出售必看好房,450万,52048元/平,顶层 (共6层) 3室1厅 | 86.46平米 | 南 北,https://ke-image.ljcdn.com/110000-inspection/pc1_0ZxmEtulf_1.jpg!m_fill,w_280,h_210,f_jpg?from=ke.com
20240410,海淀,六里桥,101123641419,六里桥小区 房改房 单独产权 满五唯一必看好房,310万,54965元/平,中楼层 (共5层) 2室1厅 | 56.4平米 | 南 北,https://ke-image.ljcdn.com/110000-inspection/pc1_EvFM0O54O.jpg!m_fill,w_280,h_210,f_jpg?from=ke.com
20240410,海淀,六里桥,101123499977,吴家场路5号院 东南朝向 采光好视野开阔必看好房,598万,83590元/平,中楼层 (共24层) 2室1厅 | 71.54平米 | 东南,https://ke-image.ljcdn.com/110000-inspection/pc1_PsWszj2bk.jpg!m_fill,w_280,h_210,f_jpg?from=ke.com
20240410,海淀,六里桥,101123457373,六里桥7号院 中间楼层 满五年唯一必看好房,319万,55867元/平,中楼层 (共6层) | 1993年 | 2室1厅 | 57.1平米 | 南 北,https://ke-image.ljcdn.com/110000-inspection/pc1_xptntsAMY.jpg!m_fill,w_280,h_210,f_jpg?from=ke.com
20240410,海淀,六里桥,101123404480,满五年且家庭一套中间层南北通透六里桥双线地铁必看好房,394万,59553元/平,中楼层 (共6层) 2室1厅 | 66.16平米 | 南 北,https://ke-image.ljcdn.com/110000-inspection/2b9aa415-76f3-47b2-806f-b62d5d7ad3a7_1000.jpg!m_fill,w_280,h_210,f_jpg?from=ke.com
20240410,海淀,六里桥,101123647612,三环边商品房近地铁配套全房主自荐,469万,61172元/平,中楼层 (共25层) 1室1厅 | 76.67平米 | 西,https://ke-image.ljcdn.com/110000-inspection/889969d1-fb58-49ef-9da6-46261c63e6ed_1000.jpg!m_fill,w_280,h_210,f_jpg?from=ke.com
20240410,海淀,六里桥,101123560462,三环边花园社区近地铁商品房,930万,94618元/平,中楼层 (共20层) | 2004年 | 2室1厅 | 98.29平米 | 南,https://ke-image.ljcdn.com/110000-inspection/dcdc3e4e-1222-4e96-8a4b-dd24610ee6a5_1000.jpg!m_fill,w_280,h_210,f_jpg?from=ke.com
20240410,海淀,六里桥,101123275000,莲怡园一区 中间层南北通透 明厨明卫 两居室出售必看好房,336万,53199元/平,中楼层 (共6层) 2室1厅 | 63.16平米 | 南 北,https://ke-image.ljcdn.com/110000-inspection/e84e297b-46b3-45a4-adb4-1463abb8d8f2_1000.jpg!m_fill,w_280,h_210,f_jpg?from=ke.com
20240410,海淀,六里桥,101123248052,莲怡园一区全南向98年房龄必看好房,339万,59194元/平,中楼层 (共6层) 2室1厅 | 57.27平米 | 南,https://ke-image.ljcdn.com/110000-inspection/6959aef1-f950-44f8-8d76-f8b781e4b167_1000.jpg!m_fill,w_280,h_210,f_jpg?from=ke.com
20240410,海淀,六里桥,101123235402,海淀九号 不临街 采光好 精装双卫两居,1020万,92694元/平,中楼层 (共35层) 2室1厅 | 110.04平米 | 南 西南,https://ke-image.ljcdn.com/110000-inspection/fb409f0d-2f46-4dd3-a584-8ad370d4c155_1000.jpg!m_fill,w_280,h_210,f_jpg?from=ke.com
20240410,海淀,六里桥,101123176777,六里桥南北两居近地铁六里桥B2口不临街商品房必看好房,350万,57190元/平,高楼层 (共6层) 2室1厅 | 61.2平米 | 南 北,https://ke-image.ljcdn.com/110000-inspection/pc1_VP042Ll08.jpg!m_fill,w_280,h_210,f_jpg?from=ke.com
20240410,海淀,六里桥,101123105331,店长推荐西三环六里桥铁路小区东南两居室全天采光好必看好房,595万,83171元/平,高楼层 (共24层) 2室1厅 | 71.54平米 | 东南,https://ke-image.ljcdn.com/110000-inspection/pc1_LHkAnteMG_1.jpg!m_fill,w_280,h_210,f_jpg?from=ke.com
20240410,海淀,六里桥,101122972970,万寿路南铁路家属院满五年唯一南北通透房主自荐,228万,60238元/平,顶层 (共6层) 1室1厅 | 37.85平米 | 南 北,https://ke-image.ljcdn.com/110000-inspection/fed5215f-263e-4083-9ac7-a04845527fcd_1000.jpg!m_fill,w_280,h_210,f_jpg?from=ke.com
20240410,海淀,六里桥,101122966594,288号院央产3室2厅3阳台 低层全新改造南北通透板楼房主自荐,690万,65453元/平,底层 (共6层) 3室2厅 | 105.42平米 | 南 北,https://ke-image.ljcdn.com/110000-inspection/6acb7aea-c217-4cb4-9aca-97d504ac2072_1000.jpg!m_fill,w_280,h_210,f_jpg?from=ke.com
20240410,海淀,六里桥,101122919815,丰台区金家村288号院一层一居室诚心出售房主自荐,223万,62465元/平,底层 (共6层) | 1996年 | 1室1厅 | 35.7平米 | 南,https://ke-image.ljcdn.com/110000-inspection/9bf4a3ae-5e7f-4d73-82ae-0a9dc35a7dae_1000.jpg!m_fill,w_280,h_210,f_jpg?from=ke.com
20240410,海淀,六里桥,101122676889,万寿路口南铁路家属院正规两居中间楼层精装修必看好房,273万,53667元/平,中楼层 (共6层) 2室1厅 | 50.87平米 | 南 北,https://ke-image.ljcdn.com/110000-inspection/pc1_jThDtxR2d.jpg!m_fill,w_280,h_210,f_jpg?from=ke.com
20240410,海淀,六里桥,101122493770,莲怡园一区  精装修 全明格局必看好房,362万,58738元/平,高楼层 (共6层) 2室1厅 | 61.63平米 | 南 北,https://ke-image.ljcdn.com/110000-inspection/0d9de86a-feb6-464f-b3c0-60beda4793ca_1000.jpg!m_fill,w_280,h_210,f_jpg?from=ke.com
20240410,海淀,六里桥,101122342815,商品房 中间层 三居室 优质房源必看好房,428万,57628元/平,中楼层 (共6层) | 1988年 | 3室1厅 | 74.27平米 | 南 北,https://ke-image.ljcdn.com/110000-inspection/pc1_sBTS5dANU.jpg!m_fill,w_280,h_210,f_jpg?from=ke.com
20240410,海淀,六里桥,101122062738,金家村1号院中铁电气化局家属楼精装两居室必看好房,285万,50470元/平,顶层 (共6层) 2室1厅 | 56.47平米 | 南 北,https://ke-image.ljcdn.com/110000-inspection/8b524102-622d-4621-9d97-83241509a5ed_1000.jpg!m_fill,w_280,h_210,f_jpg?from=ke.com
20240410,海淀,六里桥,101121927134,六里桥 南北三居室 满五年唯一必看好房,439万,58332元/平,中楼层 (共6层) 3室1厅 | 75.26平米 | 南 北,https://ke-image.ljcdn.com/110000-inspection/c6547ce4-6152-4e51-ba41-35396216c8b2_1000.jpg!m_fill,w_280,h_210,f_jpg?from=ke.com
20240410,海淀,六里桥,101121640352,西三环六里桥 高层 西向 正规一室一厅 可观远山必看好房,485万,63259元/平,高楼层 (共25层) 1室1厅 | 76.67平米 | 西,https://ke-image.ljcdn.com/110000-inspection/pc1_kP0ZSGi50_1.jpg!m_fill,w_280,h_210,f_jpg?from=ke.com
20240410,海淀,六里桥,101121605231,金家村1号院中铁电气化局采光充足交通便利必看好房,208万,49548元/平,底层 (共6层) 1室1厅 | 41.98平米 | 南,https://ke-image.ljcdn.com/110000-inspection/dbcd0381-09c6-4ea5-b9a6-72232740a751_1000.jpg!m_fill,w_280,h_210,f_jpg?from=ke.com
20240410,海淀,六里桥,101121366613,铁路小区满五年唯一商品房精装修采光好楼层好,428万,84989元/平,中楼层 (共24层) 1室1厅 | 50.36平米 | 南,https://ke-image.ljcdn.com/110000-inspection/pc1_hzv1amwjv_1.jpg!m_fill,w_280,h_210,f_jpg?from=ke.com
20240410,海淀,六里桥,101121223685,吴家村路10号院  海淀产权  南北通透正规一室一厅,385万,69873元/平,低楼层 (共6层) | 1996年 | 1室1厅 | 55.1平米 | 南 北,https://ke-image.ljcdn.com/110000-inspection/759978d0-a29a-422c-97f7-56228cf8f479_1000.jpg!m_fill,w_280,h_210,f_jpg?from=ke.com
20240410,海淀,六里桥,101121143828,西三环南北通透两居室中间楼层必看好房,360万,56999元/平,中楼层 (共6层) 2室1厅 | 63.16平米 | 南 北,https://ke-image.ljcdn.com/110000-inspection/pc1_T8OSaOWaZ.jpg!m_fill,w_280,h_210,f_jpg?from=ke.com
20240410,海淀,六里桥,101121019452,莲怡园一区全南1室1厅有电梯2001年建成近地铁必看好房,328万,60295元/平,中楼层 (共20层) | 2001年 | 1室1厅 | 54.4平米 | 南,https://ke-image.ljcdn.com/110000-inspection/pc1_hT7aSrZao_1.jpg!m_fill,w_280,h_210,f_jpg?from=ke.com
20240410,海淀,六里桥,101121018037,海淀区橙色年代北向诚心出售安静不临街人车分流房主自荐,420万,78608元/平,中楼层 (共24层) 1室0厅 | 53.43平米 | 北,https://ke-image.ljcdn.com/110000-inspection/57c63a61-700f-4034-8824-882dc2e3b1b5_1000.jpg!m_fill,w_280,h_210,f_jpg?from=ke.com
20240410,海淀,六里桥,101120586982,六里桥小区 满五唯一 南北两居中层必看好房,319万,55498元/平,中楼层 (共5层) 2室1厅 | 57.48平米 | 南 北,https://ke-image.ljcdn.com/110000-inspection/pc1_xIdMsZCC0.jpg!m_fill,w_280,h_210,f_jpg?from=ke.com
20240410,海淀,六里桥,101119986739,海淀产权正规东南三居业主诚意出售满五年唯一,1150万,69926元/平,高楼层 (共26层) | 2009年 | 3室2厅 | 164.46平米 | 东南,https://ke-image.ljcdn.com/110000-inspection/pc1_coo8CCtgY.jpg!m_fill,w_280,h_210,f_jpg?from=ke.com
20240410,海淀,六里桥,101119957708,橙色年代 万丰路18号院 海淀商品房,408万,67261元/平,中楼层 (共24层) | 2004年 | 1室1厅 | 60.66平米 | 东,https://ke-image.ljcdn.com/110000-inspection/pc1_5sYTFyucJ_1.jpg!m_fill,w_280,h_210,f_jpg?from=ke.com
20240410,海淀,六里桥,101119929355,海淀区满五年唯一东南向采光好不临街,438万,64602元/平,低楼层 (共24层) | 1997年 | 2室1厅 | 67.8平米 | 南,https://ke-image.ljcdn.com/110000-inspection/pc1_dg7MtxfaC.jpg!m_fill,w_280,h_210,f_jpg?from=ke.com
20240410,海淀,六里桥,101119698392,莲怡园一区 57.27平 两居 全明格局 双南向 非顶层必看好房,305万,53257元/平,高楼层 (共6层) 2室1厅 | 57.27平米 | 南,https://ke-image.ljcdn.com/110000-inspection/pc1_BvFuVnHHY_1.jpg!m_fill,w_280,h_210,f_jpg?from=ke.com
20240410,海淀,六里桥,101119514443,莲怡园一区南北通透三居室三面朝南全明格局,598万,63456元/平,低楼层 (共16层) 3室1厅 | 94.24平米 | 南 北,https://ke-image.ljcdn.com/110000-inspection/pc1_lMKslv92z_1.jpg!m_fill,w_280,h_210,f_jpg?from=ke.com
20240410,海淀,六里桥,101119033472,六里桥盛今大厦精装修两居高楼层视野好随时签,596万,55043元/平,高楼层 (共23层) | 2002年 | 2室1厅 | 108.28平米 | 西南,https://ke-image.ljcdn.com/110000-inspection/pc1_1rFb7ugDb.jpg!m_fill,w_280,h_210,f_jpg?from=ke.com
20240410,海淀,六里桥,101118680587,六里桥莲香园小区房本满五年带地下车位诚心出售必看好房,550万,66984元/平,中楼层 (共24层) 2室1厅 | 82.11平米 | 西南,https://ke-image.ljcdn.com/110000-inspection/195527a7-8590-4d61-90b2-94b1ce405c8d_1000.jpg!m_fill,w_280,h_210,f_jpg?from=ke.com
20240410,海淀,六里桥,101117944030,莲怡园一区 电梯房两居室 小区环境好,459万,61446元/平,高楼层 (共20层) 2室1厅 | 74.7平米 | 东北,https://ke-image.ljcdn.com/110000-inspection/pc1_A2xtGOpnO.jpg!m_fill,w_280,h_210,f_jpg?from=ke.com
20240410,海淀,六里桥,101123610364,房子是满五唯一产权清晰没有遮挡诚心出售,749万,77900元/平,低楼层 (共28层) 2室1厅 | 96.15平米 | 南,https://ke-image.ljcdn.com/110000-inspection/6c399bc0-e0e2-445d-881b-7fc41572204a_1000.jpg!m_fill,w_280,h_210,f_jpg?from=ke.com
20240410,海淀,六里桥,101123394303,丰台莲怡园北路1号院通透两居室诚心出售必看好房,490万,50123元/平,中楼层 (共6层) | 1996年 | 2室1厅 | 97.76平米 | 南 北,https://ke-image.ljcdn.com/110000-inspection/b4055370-0ac0-42cd-9930-821138b3de29_1000.jpg!m_fill,w_280,h_210,f_jpg?from=ke.com
20240410,海淀,六里桥,101123332648,莲花小区 海淀产权 满五年唯一 东南向必看好房,736万,72995元/平,中楼层 (共28层) 2室2厅 | 100.83平米 | 东南,https://ke-image.ljcdn.com/110000-inspection/935fcc34-3539-4bae-9f37-779901ce73e7_1000.jpg!m_fill,w_280,h_210,f_jpg?from=ke.com
20240410,海淀,六里桥,101123291105,满五年 仅契税 近六里桥地铁 高楼层 采光好必看好房,469万,66001元/平,高楼层 (共25层) 1室1厅 | 71.06平米 | 西,https://ke-image.ljcdn.com/110000-inspection/pc1_9RJOyoM8b.jpg!m_fill,w_280,h_210,f_jpg?from=ke.com
20240410,海淀,六里桥,101123065023,莲怡园二区 精装修东南北户型 三环边,1050万,62879元/平,低楼层 (共16层) | 2006年 | 3室2厅 | 166.99平米 | 南 北,https://ke-image.ljcdn.com/110000-inspection/pc1_ovSn9GDqI.jpg!m_fill,w_280,h_210,f_jpg?from=ke.com
20240410,海淀,六里桥,101122692587,莲怡园二区西三环 南北通透 业主诚心出售必看好房,480万,49439元/平,中楼层 (共12层) | 2006年 | 2室2厅 | 97.09平米 | 南 北,https://ke-image.ljcdn.com/110000-inspection/pc1_o82shORak.jpg!m_fill,w_280,h_210,f_jpg?from=ke.com
20240410,海淀,六里桥,101122544252,海淀2008年商品房双卧朝南大阳台俯瞰莲花池公园房主自荐,950万,79799元/平,中楼层 (共26层) 2室1厅 | 119.05平米 | 南,https://ke-image.ljcdn.com/110000-inspection/pc1_k8CcOxth2_1.jpg!m_fill,w_280,h_210,f_jpg?from=ke.com
20240410,海淀,六里桥,101122500637,铁路小区 海淀产权 南北向三居 产权清晰 看房方便必看好房,585万,65305元/平,低楼层 (共24层) 3室1厅 | 89.58平米 | 东北,https://ke-image.ljcdn.com/110000-inspection/3c858e71-abe4-4808-8f6d-c331d2c1885a_1000.jpg!m_fill,w_280,h_210,f_jpg?from=ke.com
20240410,海淀,六里桥,101122450416,海淀产权正规西南朝向满五年唯一商品房随时签约必看好房,400万,54055元/平,顶层 (共24层) | 1997年 | 2室1厅 | 74平米 | 西南,https://ke-image.ljcdn.com/110000-inspection/pc1_Hwc7vkasw_1.jpg!m_fill,w_280,h_210,f_jpg?from=ke.com
20240410,海淀,六里桥,101121837066,莲花小区 满五年唯一商品房 高楼层 视野好必看好房,765万,69514元/平,高楼层 (共28层) | 1999年 | 2室1厅 | 110.05平米 | 东南,https://ke-image.ljcdn.com/110000-inspection/3e5f1cb0-f938-42d7-bc74-a9796745db3b_1000.jpg!m_fill,w_280,h_210,f_jpg?from=ke.com
20240410,海淀,六里桥,101121623763,精装修拎包入住 海淀产权 吴家村路10号院房主自荐,476万,69490元/平,高楼层 (共24层) | 1999年 | 2室1厅 | 68.5平米 | 东北,https://ke-image.ljcdn.com/110000-inspection/pc1_2DP9p0STT_1.jpg!m_fill,w_280,h_210,f_jpg?from=ke.com
20240410,海淀,六里桥,101121088303,近六里桥地铁站 精装修 购房成本低 小区环境好必看好房,799万,84212元/平,中楼层 (共20层) | 2004年 | 3室1厅 | 94.88平米 | 东北,https://ke-image.ljcdn.com/110000-inspection/pc1_iOBZAXMTV.jpg!m_fill,w_280,h_210,f_jpg?from=ke.com
20240410,海淀,六里桥,101119597105,莲花小区 边户两居室 采光好 通风好必看好房,670万,60882元/平,低楼层 (共28层) | 1999年 | 2室1厅 | 110.05平米 | 西南,https://ke-image.ljcdn.com/110000-inspection/2e2deb05-3da1-4732-b3e2-497173b21d78_1000.jpg!m_fill,w_280,h_210,f_jpg?from=ke.com
20240410,海淀,六里桥,101118117470,店长推荐莲香园板楼二层南北通透三居室双卫满五年唯一,915万,71212元/平,低楼层 (共6层) 3室2厅 | 128.49平米 | 南 北,https://ke-image.ljcdn.com/110000-inspection/pc1_o10i1X9GR_1.jpg!m_fill,w_280,h_210,f_jpg?from=ke.com
20240410,海淀,六里桥,101123732363,橙色年代 1室1厅 东必看好房,190万,31944元/平,低楼层 (共24层) | 2004年 | 1室1厅 | 59.48平米 | 东,https://s1.ljcdn.com/pegasus/redskull/images/common/default_house_list.png?_v=2024040915162419
20240410,海淀,六里桥,101123706968,盛今佳园 复式大窗户 商业办公类必看好房,145万,49020元/平,中楼层 (共18层) 1室1厅 | 29.58平米 | 北,https://s1.ljcdn.com/pegasus/redskull/images/common/default_house_list.png?_v=2024040915162419
20240410,海淀,六里桥,101122420880,海淀区 复式结构 新社区 新环境,145万,52328元/平,高楼层 (共18层) 1室1厅 | 27.71平米 | 北,https://s1.ljcdn.com/pegasus/redskull/images/common/default_house_list.png?_v=2024040915162419
20240410,海淀,六里桥,101123816792,六里桥北里 东西向两居室 满五年唯一新上,330万,61614元/平,中楼层 (共6层) 2室1厅 | 53.56平米 | 东 西,https://ke-image.ljcdn.com/110000-inspection/pc1_TellVGJ4w.jpg!m_fill,w_280,h_210,f_jpg?from=ke.com
20240410,海淀,六里桥,101123758566,莲怡园二区  南北通透 两居  2020年底精装修拎包入住新上,580万,57155元/平,低楼层 (共13层) | 2005年 | 2室1厅 | 101.48平米 | 南 北,https://ke-image.ljcdn.com/110000-inspection/pc1_HtiKP93pY_1.jpg!m_fill,w_280,h_210,f_jpg?from=ke.com
20240410,海淀,六里桥,101123755827,六里桥3号院  满五年不唯一  两居室  有车位新上,455万,61124元/平,高楼层 (共6层) | 1997年 | 2室1厅 | 74.44平米 | 西 东,https://ke-image.ljcdn.com/110000-inspection/pc1_qh7KJYqxw.jpg!m_fill,w_280,h_210,f_jpg?from=ke.com
20240410,海淀,六里桥,101123730523,莲怡园一区 钢混结构 高层两居室新上,470万,61802元/平,顶层 (共20层) 2室1厅 | 76.05平米 | 东,https://ke-image.ljcdn.com/110000-inspection/pc1_2GUPDMAAI_1.jpg!m_fill,w_280,h_210,f_jpg?from=ke.com
20240410,海淀,六里桥,101123723620,莲馨嘉园 一居室    49.30平新上,331万,67140元/平,中楼层 (共21层) | 2002年 | 1室1厅 | 49.3平米 | 东北,https://ke-image.ljcdn.com/110000-inspection/pc1_ode5GP8Qo_1.jpg!m_fill,w_280,h_210,f_jpg?from=ke.com
20240410,海淀,六里桥,101123694931,莲怡园一区 2室1厅 南 北新上,470万,59105元/平,高楼层 (共16层) 2室1厅 | 79.52平米 | 南 北,https://ke-image.ljcdn.com/110000-inspection/pc1_p8sSrHEMz_1.jpg!m_fill,w_280,h_210,f_jpg?from=ke.com
20240410,海淀,六里桥,101123673059,莲怡园一区东南两居室有电梯视野好,430万,56542元/平,高楼层 (共20层) | 2000年 | 2室1厅 | 76.05平米 | 东南,https://ke-image.ljcdn.com/110000-inspection/d51eaab1-2115-4f06-86bf-0f308c331c8d_1000.jpg!m_fill,w_280,h_210,f_jpg?from=ke.com
20240410,海淀,六里桥,101123662810,南北通透两居室 满五年唯一 近地铁 中间楼层,370万,64776元/平,中楼层 (共6层) | 1988年 | 2室1厅 | 57.12平米 | 南 北,https://ke-image.ljcdn.com/110000-inspection/pc1_I8xxAer26.jpg!m_fill,w_280,h_210,f_jpg?from=ke.com
20240410,海淀,六里桥,101123661375,莲怡园一区带电梯南北向两居室看房方便,320万,51605元/平,中楼层 (共16层) 1室1厅 | 62.01平米 | 南 北,https://ke-image.ljcdn.com/110000-inspection/pc1_resnzV2Hk_1.jpg!m_fill,w_280,h_210,f_jpg?from=ke.com
20240410,海淀,六里桥,101123656073,莲怡园一区格局好两居室诚心出售,487万,61243元/平,中楼层 (共16层) 2室1厅 | 79.52平米 | 南 北,https://ke-image.ljcdn.com/110000-inspection/a6d5406d-cb49-4e16-a3c6-201a4ee67869_1000.jpg!m_fill,w_280,h_210,f_jpg?from=ke.com
20240410,海淀,六里桥,101123646679,莲怡园一区两室一厅朝南向业主诚心卖,179万,30355元/平,地下室 (共6层) 2室1厅 | 58.97平米 | 南,https://ke-image.ljcdn.com/110000-inspection/pc1_Ardproyzn.jpg!m_fill,w_280,h_210,f_jpg?from=ke.com
20240410,海淀,六里桥,101123644261,金家村283号院 三环边地震局家属楼,358万,60658元/平,底层 (共6层) | 1996年 | 2室1厅 | 59.02平米 | 南 北,https://ke-image.ljcdn.com/110000-inspection/pc1_gFtaHvlIS.jpg!m_fill,w_280,h_210,f_jpg?from=ke.com
20240410,海淀,六里桥,101123562216,莲香园 1室1厅 西南,415万,63847元/平,低楼层 (共24层) 1室1厅 | 65平米 | 西南,https://ke-image.ljcdn.com/110000-inspection/pc1_XKoIN67AL_1.jpg!m_fill,w_280,h_210,f_jpg?from=ke.com
20240410,海淀,六里桥,101123541334,金家村288号院 1室1厅 南,386万,63802元/平,底层 (共6层) | 1996年 | 1室1厅 | 60.5平米 | 南,https://ke-image.ljcdn.com/110000-inspection/pc1_QsG9EA6i1_1.jpg!m_fill,w_280,h_210,f_jpg?from=ke.com
20240410,海淀,六里桥,101123541304,海淀九号 中高楼层 无遮挡 东南方正 两卫两居房主自荐,1090万,99055元/平,中楼层 (共35层) 2室1厅 | 110.04平米 | 东南,https://ke-image.ljcdn.com/110000-inspection/5ac8b0a2-d7cb-4d2b-ae00-99527cc9dcde_1000.jpg!m_fill,w_280,h_210,f_jpg?from=ke.com
20240410,海淀,六里桥,101123538901,六里桥北里 两居室 东西采光 只有契税,320万,59747元/平,顶层 (共6层) 2室1厅 | 53.56平米 | 东 西,https://ke-image.ljcdn.com/110000-inspection/pc1_vTAVmdTQt.jpg!m_fill,w_280,h_210,f_jpg?from=ke.com
20240410,海淀,六里桥,101123502767,西三环户型方正采光好无遮挡,580万,88699元/平,中楼层 (共35层) 1室1厅 | 65.39平米 | 东,https://ke-image.ljcdn.com/110000-inspection/173652a5-2aa0-46e9-89ee-d95ea6716923_1000.jpg!m_fill,w_280,h_210,f_jpg?from=ke.com
20240410,海淀,六里桥,101123498871,莲怡园二区 2室1厅 南 北,585万,58262元/平,低楼层 (共12层) 2室1厅 | 100.41平米 | 南 北,https://ke-image.ljcdn.com/110000-inspection/a3503075-a1ba-4507-8a1a-e280778de4fc_1000.jpg!m_fill,w_280,h_210,f_jpg?from=ke.com
20240410,海淀,六里桥,101123493274,橙色年代 2室1厅 东 南,759万,79585元/平,低楼层 (共24层) 2室1厅 | 95.37平米 | 东 南,https://ke-image.ljcdn.com/110000-inspection/034e8c6c-5fa7-43a2-b2ec-67954113cee7_1000.jpg!m_fill,w_280,h_210,f_jpg?from=ke.com
20240410,海淀,六里桥,101123463151,风荷曲苑 商品房花园社区环境优美 人车分流,1495万,95852元/平,中楼层 (共11层) 3室2厅 | 155.97平米 | 西南 北,https://ke-image.ljcdn.com/110000-inspection/3bd2bbab-4483-4278-b9ef-b51291a36ba2_1000.jpg!m_fill,w_280,h_210,f_jpg?from=ke.com
20240410,海淀,六里桥,101123449474,橙色年代 西南一居 满五唯一 精装修房主自荐,455万,75220元/平,低楼层 (共24层) 1室1厅 | 60.49平米 | 西南,https://ke-image.ljcdn.com/110000-inspection/pc1_d6S95u0YV_1.jpg!m_fill,w_280,h_210,f_jpg?from=ke.com
20240410,海淀,六里桥,101123448236,六里桥北里 2室1厅 西北房主自荐,425万,58380元/平,顶层 (共20层) | 1988年 | 2室1厅 | 72.8平米 | 西北,https://ke-image.ljcdn.com/110000-inspection/pc1_8d3KG8ZDZ.jpg!m_fill,w_280,h_210,f_jpg?from=ke.com
20240410,海淀,六里桥,101123445616,六里桥北里全明格局有客厅一居室房主自荐,290万,70905元/平,低楼层 (共6层) | -1年 | 1室1厅 | 40.9平米 | 东 西南,https://ke-image.ljcdn.com/110000-inspection/pc1_usAb4udrG.jpg!m_fill,w_280,h_210,f_jpg?from=ke.com
20240410,海淀,六里桥,101123436993,万寿路沿线朝南向一居室精装可拎包住,238万,54042元/平,顶层 (共6层) 1室1厅 | 44.04平米 | 南,https://ke-image.ljcdn.com/110000-inspection/3ecfe459-2592-4947-9c6e-291dc129272c_1000.jpg!m_fill,w_280,h_210,f_jpg?from=ke.com
20240410,海淀,六里桥,101123431542,满五唯一 中间层 费用少 优质房,450万,53938元/平,中楼层 (共20层) | 2005年 | 2室1厅 | 83.43平米 | 西南,https://ke-image.ljcdn.com/110000-inspection/pc1_BP7i1Fxy8.jpg!m_fill,w_280,h_210,f_jpg?from=ke.com
20240410,海淀,六里桥,101123398042,莲怡园一区 3室1厅 东 南 北,588万,64207元/平,高楼层 (共16层) | 2000年 | 3室1厅 | 91.58平米 | 东 南 北,https://ke-image.ljcdn.com/110000-inspection/pc1_0LN6GchIt_1.jpg!m_fill,w_280,h_210,f_jpg?from=ke.com
20240410,海淀,六里桥,101123390989,西三环 六里桥地铁站  拎包入住 落地窗远望西山,855万,88409元/平,高楼层 (共20层) | 2004年 | 2室1厅 | 96.71平米 | 西北,https://ke-image.ljcdn.com/110000-inspection/pc1_uYGsaFLCP_1.jpg!m_fill,w_280,h_210,f_jpg?from=ke.com
20240410,海淀,六里桥,101123356486,西三环六里桥 满五年 商品房 南北通透格局 采光充足,325万,60680元/平,高楼层 (共6层) 2室1厅 | 53.56平米 | 南 北,https://ke-image.ljcdn.com/110000-inspection/pc1_bnD3lWf2X.jpg!m_fill,w_280,h_210,f_jpg?from=ke.com
20240410,海淀,六里桥,101123356400,橙色年代 精装小三居 高楼层 采光好视野棒 随时看房房主自荐,688万,77339元/平,高楼层 (共24层) | 2004年 | 2室1厅 | 88.96平米 | 东北,https://ke-image.ljcdn.com/110000-inspection/95432ada-c50b-456e-a5ef-0923ce6f58d6_1000.jpg!m_fill,w_280,h_210,f_jpg?from=ke.com
20240410,海淀,六里桥,101123355338,金家村288号院电梯两居采光好楼层高,590万,64215元/平,中楼层 (共22层) | 2003年 | 2室1厅 | 91.88平米 | 西,https://ke-image.ljcdn.com/110000-inspection/pc1_8crynXa7G_1.jpg!m_fill,w_280,h_210,f_jpg?from=ke.com
20240410,海淀,六里桥,101123349761,六里桥北里东向一居室不临街低楼层全明格局,275万,68408元/平,低楼层 (共6层) | 1990年 | 1室1厅 | 40.2平米 | 东,https://ke-image.ljcdn.com/110000-inspection/pc1_PH7gNRC0Z.jpg!m_fill,w_280,h_210,f_jpg?from=ke.com
20240410,海淀,六里桥,101123345444,莲怡园二区 花园社区 六里桥地铁站 银座商场,780万,65256元/平,中楼层 (共20层) 3室2厅 | 119.53平米 | 东南,https://ke-image.ljcdn.com/110000-inspection/pc1_dChNUUSns_1.jpg!m_fill,w_280,h_210,f_jpg?from=ke.com
20240410,海淀,六里桥,101123343979,海淀区东向1居楼层高视野好费用少房主自荐,395万,85369元/平,顶层 (共24层) 1室1厅 | 46.27平米 | 东,https://ke-image.ljcdn.com/110000-inspection/pc1_PhufxOfHr.jpg!m_fill,w_280,h_210,f_jpg?from=ke.com
20240410,海淀,六里桥,101123305586,六里桥10号院 1室1厅 南,330万,60976元/平,高楼层 (共6层) | 1995年 | 1室1厅 | 54.12平米 | 南,https://ke-image.ljcdn.com/110000-inspection/pc1_vtjziH0Xt.jpg!m_fill,w_280,h_210,f_jpg?from=ke.com
20240410,海淀,六里桥,101123262203,澐澐国际 2室1厅 西,798万,72107元/平,低楼层 (共26层) 2室1厅 | 110.67平米 | 西,https://ke-image.ljcdn.com/110000-inspection/pc1_DqXrHipPg_1.jpg!m_fill,w_280,h_210,f_jpg?from=ke.com
20240410,海淀,六里桥,101123233968,西三环  2012年南向两居室 视野好 采光好,1080万,98460元/平,中楼层 (共17层) 2室1厅 | 109.69平米 | 南,https://ke-image.ljcdn.com/110000-inspection/b6839ae2-77b8-4e2c-a8a0-cf5126252075_1000.jpg!m_fill,w_280,h_210,f_jpg?from=ke.com
20240410,海淀,六里桥,101123232528,海淀区橙色年代    精装修两居室   诚心出售 看房方便,710万,74082元/平,顶层 (共24层) 3室1厅 | 95.84平米 | 西,https://ke-image.ljcdn.com/110000-inspection/pc1_EcNopqSli_1.jpg!m_fill,w_280,h_210,f_jpg?from=ke.com
20240410,海淀,六里桥,101123112678,橙色年代 2室1厅 东,740万,77658元/平,高楼层 (共24层) 2室1厅 | 95.29平米 | 东,https://ke-image.ljcdn.com/110000-inspection/pc1_MmeFvpX2o_1.jpg!m_fill,w_280,h_210,f_jpg?from=ke.com
20240410,海淀,六里桥,101123108840,莲怡园北路1号院分为两个院。,405万,55793元/平,中楼层 (共6层) | 1999年 | 2室1厅 | 72.59平米 | 东 西,https://ke-image.ljcdn.com/110000-inspection/pc1_rR25WCGLm_1.jpg!m_fill,w_280,h_210,f_jpg?from=ke.com
20240410,海淀,六里桥,101123063935,满五唯一仅契税 近双轨六里桥地铁 高楼层 视野好,519万,67693元/平,顶层 (共25层) | 2011年 | 1室1厅 | 76.67平米 | 西,https://ke-image.ljcdn.com/110000-inspection/5beacc50-3da4-420d-8f92-17f2d6422a0d_1000.jpg!m_fill,w_280,h_210,f_jpg?from=ke.com
20240410,海淀,六里桥,101123057168,铁路小区新上东南向一居室 户型方正 精装修 满五唯一房主自荐,440万,84502元/平,底层 (共24层) 1室1厅 | 52.07平米 | 东南,https://ke-image.ljcdn.com/110000-inspection/pc1_invJvAQQY.jpg!m_fill,w_280,h_210,f_jpg?from=ke.com
20240410,海淀,六里桥,101123010009,西三环 六里桥 高层采光视野好 花园小区 带游泳馆健身,1345万,92881元/平,顶层 (共20层) | 2004年 | 3室1厅 | 144.81平米 | 东南,https://ke-image.ljcdn.com/110000-inspection/db338c2e-764f-4b5c-beb3-36960d2294d3_1000.jpg!m_fill,w_280,h_210,f_jpg?from=ke.com
20240410,海淀,六里桥,101123004997,六里桥莲香园西南两居室高楼层户型方正看房方便,720万,72224元/平,高楼层 (共18层) 2室1厅 | 99.69平米 | 西南,https://ke-image.ljcdn.com/110000-inspection/pc1_8N7eC5ghq.jpg!m_fill,w_280,h_210,f_jpg?from=ke.com
20240410,海淀,六里桥,101123000447,西三环海淀区铁路小区南北通透2居    不临街  精装修,558万,89682元/平,顶层 (共6层) 2室1厅 | 62.22平米 | 南 北,https://ke-image.ljcdn.com/110000-inspection/pc1_yP1mqKDqj.jpg!m_fill,w_280,h_210,f_jpg?from=ke.com
20240410,海淀,六里桥,101122990447,丰台区金家村288号院一层两居室诚心出售,275万,50101元/平,底层 (共6层) | 1996年 | 2室1厅 | 54.89平米 | 南 北,https://ke-image.ljcdn.com/110000-inspection/pc1_2kQBGaIPg_1.jpg!m_fill,w_280,h_210,f_jpg?from=ke.com
20240410,海淀,六里桥,101122980613,橙色年代 1室0厅 北房主自荐,435万,81415元/平,低楼层 (共24层) 1室0厅 | 53.43平米 | 北,https://ke-image.ljcdn.com/110000-inspection/pc1_qllAVs4xh_1.jpg!m_fill,w_280,h_210,f_jpg?from=ke.com
20240410,海淀,六里桥,101122967927,海淀满五唯一 南北通透 中间楼层采光好 不临街房主自荐,499万,82616元/平,中楼层 (共6层) | 1995年 | 2室1厅 | 60.4平米 | 南 北,https://ke-image.ljcdn.com/110000-inspection/8a5f8e1f-4510-4e93-9609-e6c403339bf3_1000.jpg!m_fill,w_280,h_210,f_jpg?from=ke.com
20240410,海淀,六里桥,101122882010,商品房 中铁开发 2012年品质社区 满五年,1100万,100283元/平,中楼层 (共17层) | 2012年 | 2室1厅 | 109.69平米 | 南,https://ke-image.ljcdn.com/110000-inspection/9e8f163f-1da9-42a2-b534-b2001276d939_1000.jpg!m_fill,w_280,h_210,f_jpg?from=ke.com
20240410,海淀,六里桥,101122807782,六里桥北里南北通透三居室全明格局精装修房主自荐,465万,61104元/平,中楼层 (共6层) | 1985年 | 3室1厅 | 76.1平米 | 南 北,https://ke-image.ljcdn.com/110000-inspection/pc1_B2TkdV8jr.jpg!m_fill,w_280,h_210,f_jpg?from=ke.com
20240410,海淀,六里桥,101122798647,出版社家属院正规三居室客厅面积大两个卫生间,778万,57874元/平,低楼层 (共22层) | 2004年 | 3室1厅 | 134.43平米 | 西南 北,https://ke-image.ljcdn.com/110000-inspection/3033dfc9-4f01-4458-90ea-2eb56d9aac09_1000.jpg!m_fill,w_280,h_210,f_jpg?from=ke.com
20240410,海淀,六里桥,101122770331,盛今佳园 3室1厅 东南,1260万,101401元/平,中楼层 (共26层) | 2006年 | 3室1厅 | 124.26平米 | 东南,https://ke-image.ljcdn.com/110000-inspection/751ba1c9-0491-41b8-a037-34ec35f1fd19_1000.jpg!m_fill,w_280,h_210,f_jpg?from=ke.com
20240410,海淀,六里桥,101122754942,西三环海淀区铁路小区东南向2居   采光好   费用低房主自荐,490万,89958元/平,高楼层 (共6层) | 1998年 | 2室1厅 | 54.47平米 | 东南,https://ke-image.ljcdn.com/110000-inspection/pc1_qPucX2Nzu.jpg!m_fill,w_280,h_210,f_jpg?from=ke.com
20240410,海淀,六里桥,101122739853,吴家村路10号院精装修拎包入住高楼层无遮挡,499万,74146元/平,高楼层 (共24层) | 1997年 | 2室1厅 | 67.3平米 | 西南,https://ke-image.ljcdn.com/110000-inspection/pc1_FGfsiGszW.jpg!m_fill,w_280,h_210,f_jpg?from=ke.com
20240410,海淀,六里桥,101122730892,盛今佳园 东南大两居  高楼层  俯瞰整个莲花池公园,930万,98580元/平,高楼层 (共26层) 2室2厅 | 94.34平米 | 东南,https://ke-image.ljcdn.com/110000-inspection/b29337c7-95fb-49a6-8c81-23bfd7ce3078_1000.jpg!m_fill,w_280,h_210,f_jpg?from=ke.com
20240410,海淀,六里桥,101122695467,莲花池西路6号院 精装修  海淀户口 正规三居房主自荐,780万,74857元/平,中楼层 (共20层) 3室1厅 | 104.2平米 | 东 南,https://ke-image.ljcdn.com/110000-inspection/91978596-d3e7-4e47-b83d-333c87772076_1000.jpg!m_fill,w_280,h_210,f_jpg?from=ke.com
20240410,海淀,六里桥,101122654472,澐澐国际 海淀产权 精装修 可直接拎包入住,735万,72258元/平,中楼层 (共26层) | 2009年 | 2室1厅 | 101.72平米 | 西,https://ke-image.ljcdn.com/110000-inspection/pc1_tplwbm3hB_1.jpg!m_fill,w_280,h_210,f_jpg?from=ke.com
20240410,海淀,六里桥,101122637137,莲香园新上板楼优质2居。业主诚心出售。,530万,69309元/平,底层 (共6层) 2室1厅 | 76.47平米 | 北 南,https://ke-image.ljcdn.com/110000-inspection/pc1_QZV37WKT9.jpg!m_fill,w_280,h_210,f_jpg?from=ke.com
20240410,海淀,六里桥,101122568913,莲怡园北路1号院：精装南北两居室拎包入住,420万,70624元/平,中楼层 (共6层) 2室1厅 | 59.47平米 | 南 北,https://ke-image.ljcdn.com/110000-inspection/pc1_7znCCPOWJ_1.jpg!m_fill,w_280,h_210,f_jpg?from=ke.com
20240410,海淀,六里桥,101122542632,万丰路18号院海淀产权满五年唯一中间楼层,490万,81006元/平,中楼层 (共24层) 1室1厅 | 60.49平米 | 东南,https://ke-image.ljcdn.com/110000-inspection/pc1_xctAt5nDk_1.jpg!m_fill,w_280,h_210,f_jpg?from=ke.com
20240410,海淀,六里桥,101122538572,商品房 满五唯一  无遮挡 采光好,468万,67719元/平,低楼层 (共6层) | 1995年 | 2室1厅 | 69.11平米 | 南 北,https://ke-image.ljcdn.com/110000-inspection/pc1_b3YARModc.jpg!m_fill,w_280,h_210,f_jpg?from=ke.com
20240410,海淀,六里桥,101122522059,六里桥小区 半地下 南向采光好 出行方便 配套好,145万,46326元/平,地下室 (共6层) | 1991年 | 1室0厅 | 31.3平米 | 南,https://ke-image.ljcdn.com/110000-inspection/pc1_p7YYZtxY3.jpg!m_fill,w_280,h_210,f_jpg?from=ke.com
20240410,海淀,六里桥,101122499486,六里桥7号院小两居近地铁南北通透。,338万,59195元/平,中楼层 (共6层) | 1988年 | 2室1厅 | 57.1平米 | 南 北,https://ke-image.ljcdn.com/110000-inspection/pc1_b7csc1J65.jpg!m_fill,w_280,h_210,f_jpg?from=ke.com
20240410,海淀,六里桥,101122494386,莲怡园一区 低层 非底层 两居室 全明格局,348万,56003元/平,底层 (共6层) 2室1厅 | 62.14平米 | 南 北,https://ke-image.ljcdn.com/110000-inspection/pc1_TL71mGjUw_1.jpg!m_fill,w_280,h_210,f_jpg?from=ke.com
20240410,海淀,六里桥,101122464903,诚意出售东南朝向采光好随时看房,720万,73953元/平,低楼层 (共24层) 3室1厅 | 97.36平米 | 南,https://ke-image.ljcdn.com/110000-inspection/002f550f-b882-4729-a96c-6f3ba16242c7_1000.jpg!m_fill,w_280,h_210,f_jpg?from=ke.com
20240410,海淀,六里桥,101122463949,莲宝路9号院 户型方正 一居室 采光好 视野好 高楼层,590万,88589元/平,高楼层 (共35层) 1室1厅 | 66.6平米 | 西,https://ke-image.ljcdn.com/110000-inspection/0ae0427c-a5f3-437d-b625-0007d37667b6_1000.jpg!m_fill,w_280,h_210,f_jpg?from=ke.com
20240410,海淀,六里桥,101122449646,吴家场5号院铁路小区新上精装二居室满五唯一商品房,550万,93538元/平,底层 (共6层) 2室1厅 | 58.8平米 | 东 西,https://ke-image.ljcdn.com/110000-inspection/pc1_MrCYEFIHD.jpg!m_fill,w_280,h_210,f_jpg?from=ke.com
20240410,海淀,六里桥,101122416541,满五唯一东西通透适合一家人居住,370万,79776元/平,底层 (共6层) 1室1厅 | 46.38平米 | 东 西,https://ke-image.ljcdn.com/110000-inspection/pc1_M4Z04tRPZ.jpg!m_fill,w_280,h_210,f_jpg?from=ke.com
20240410,海淀,六里桥,101122403829,万寿路金家村1号院   全南两居室  精装修 领包入住,312万,63005元/平,中楼层 (共5层) 2室1厅 | 49.52平米 | 南,https://ke-image.ljcdn.com/110000-inspection/9276c8df-ef19-4533-a148-4df687373382_1000.jpg!m_fill,w_280,h_210,f_jpg?from=ke.com
20240410,海淀,六里桥,101122390870,丰台区莲怡园北路1号院大两居室诚信出售,529万,54113元/平,高楼层 (共6层) | 1996年 | 2室2厅 | 97.76平米 | 南,https://ke-image.ljcdn.com/110000-inspection/92eedbe9-ace8-438e-b5fd-05778f0550d5_1000.jpg!m_fill,w_280,h_210,f_jpg?from=ke.com
20240410,海淀,六里桥,101122363785,莲怡园一区 2室1厅 东北,490万,62477元/平,中楼层 (共20层) | 2001年 | 2室1厅 | 78.43平米 | 东北,https://ke-image.ljcdn.com/110000-inspection/pc1_llRCAhf8a_1.jpg!m_fill,w_280,h_210,f_jpg?from=ke.com
20240410,海淀,六里桥,101122340656,三环边楼龄新南北两居室,316万,50853元/平,顶层 (共6层) 2室1厅 | 62.14平米 | 南 北,https://ke-image.ljcdn.com/110000-inspection/pc1_OjvCLdcnC_1.jpg!m_fill,w_280,h_210,f_jpg?from=ke.com
20240410,海淀,六里桥,101122334572,莲怡园二区花园社区六里桥地铁站,490万,60042元/平,顶层 (共20层) | 2006年 | 2室1厅 | 81.61平米 | 东南,https://ke-image.ljcdn.com/110000-inspection/pc1_mw7k8J6uJ_1.jpg!m_fill,w_280,h_210,f_jpg?from=ke.com
20240410,海淀,六里桥,101122329253,盛今佳园 3室1厅 东南,1390万,109415元/平,低楼层 (共26层) | 2006年 | 3室1厅 | 127.04平米 | 东南,https://ke-image.ljcdn.com/110000-inspection/69a05de8-0a6a-42d6-9e01-e3de19867350_1000.jpg!m_fill,w_280,h_210,f_jpg?from=ke.com
20240410,海淀,六里桥,101122277206,店长推荐海淀区六里桥铁路小区满五唯一采光视野棒房主自荐,685万,76468元/平,高楼层 (共24层) | 1997年 | 3室1厅 | 89.58平米 | 东北,https://ke-image.ljcdn.com/110000-inspection/pc1_NFrVwK2Sm.jpg!m_fill,w_280,h_210,f_jpg?from=ke.com
20240410,海淀,六里桥,101122258796,随时签约！海淀区2008年社区精装正规两居楼层好房主自荐,710万,71907元/平,高楼层 (共26层) 2室1厅 | 98.74平米 | 西北,https://ke-image.ljcdn.com/110000-inspection/ee6a2f8c-dcbe-4113-b687-92ca5e9e7d87_1000.jpg!m_fill,w_280,h_210,f_jpg?from=ke.com
20240410,海淀,六里桥,101122219466,六里桥地铁口满五年唯一商品房交通配套方便,456万,65330元/平,底层 (共6层) | 1995年 | 2室1厅 | 69.8平米 | 南 西 北,https://ke-image.ljcdn.com/110000-inspection/pc1_Fw48oaCQ8.jpg!m_fill,w_280,h_210,f_jpg?from=ke.com
20240410,海淀,六里桥,101122090054,西三环六里桥永翌公馆 2011年商品房社区  三居室,880万,67470元/平,高楼层 (共15层) 3室1厅 | 130.43平米 | 东北,https://ke-image.ljcdn.com/110000-inspection/pc1_CgonZBeLq_1.jpg!m_fill,w_280,h_210,f_jpg?from=ke.com
20240410,海淀,六里桥,101122070532,海淀九号东向正规一居满五唯一高楼层视野好房主自荐,599万,91605元/平,高楼层 (共35层) 1室1厅 | 65.39平米 | 东,https://ke-image.ljcdn.com/110000-inspection/pc1_eFLqUyrvK_1.jpg!m_fill,w_280,h_210,f_jpg?from=ke.com
20240410,海淀,六里桥,101122057772,金家村1号院南北一居室满五年诚心出售,248万,56313元/平,中楼层 (共6层) | 1990年 | 1室1厅 | 44.04平米 | 南 北,https://ke-image.ljcdn.com/110000-inspection/cb04dea7-d270-4637-b9aa-e9c499617d10_1000.jpg!m_fill,w_280,h_210,f_jpg?from=ke.com
20240410,海淀,六里桥,101122045605,西三环 2011年 商品房 落地窗交通方便,745万,76013元/平,高楼层 (共15层) 2室1厅 | 98.01平米 | 东,https://ke-image.ljcdn.com/110000-inspection/pc1_8VhN3a9zC.jpg!m_fill,w_280,h_210,f_jpg?from=ke.com
20240410,海淀,六里桥,101122009489,吴家村路10号院 南向精装一室 拎包入住,415万,83502元/平,中楼层 (共6层) | 1995年 | 1室1厅 | 49.7平米 | 南,https://ke-image.ljcdn.com/110000-inspection/pc1_I58fQFCCw.jpg!m_fill,w_280,h_210,f_jpg?from=ke.com
20240410,海淀,六里桥,101121966522,西三环六里桥莲怡园二区 花园社区有电梯,458万,54897元/平,低楼层 (共20层) | 2005年 | 2室1厅 | 83.43平米 | 南,https://ke-image.ljcdn.com/110000-inspection/pc1_rTgK8KqD5_1.jpg!m_fill,w_280,h_210,f_jpg?from=ke.com
20240410,海淀,六里桥,101121963602,莲香园新上东南朝向二居室 户型方正 单位分房满五年房主自荐,605万,74134元/平,低楼层 (共24层) | 1998年 | 2室1厅 | 81.61平米 | 东南,https://ke-image.ljcdn.com/110000-inspection/pc1_94HInEMQy.jpg!m_fill,w_280,h_210,f_jpg?from=ke.com
20240410,海淀,六里桥,101121953065,六里桥莲怡园二区东南向两居室交通便利。,488万,58493元/平,高楼层 (共20层) | 2005年 | 2室1厅 | 83.43平米 | 东南,https://ke-image.ljcdn.com/110000-inspection/pc1_0BrMlPDXx_1.jpg!m_fill,w_280,h_210,f_jpg?from=ke.com
20240410,海淀,六里桥,101121933930,莲花池西路23号 国税局分房 南北通透 明厨明卫,340万,80607元/平,低楼层 (共24层) | 1998年 | 1室1厅 | 42.18平米 | 南 北,https://ke-image.ljcdn.com/110000-inspection/pc1_PJeV3PSef_1.jpg!m_fill,w_280,h_210,f_jpg?from=ke.com
20240410,海淀,六里桥,101121824117,花园社区莲怡园二区南北通透有电梯,539万,52489元/平,高楼层 (共12层) | 2006年 | 2室1厅 | 102.69平米 | 南 北,https://ke-image.ljcdn.com/110000-inspection/cc752119-05f3-4f57-b170-3c33fd9b0bbb_1000.jpg!m_fill,w_280,h_210,f_jpg?from=ke.com
20240410,海淀,六里桥,101121802746,盛今佳园  南北通透  装修不错 中间楼层,900万,91473元/平,低楼层 (共26层) | 2006年 | 2室2厅 | 98.39平米 | 南 北,https://ke-image.ljcdn.com/110000-inspection/5458baed-b54f-4b81-b6a4-169f174e1002_1000.jpg!m_fill,w_280,h_210,f_jpg?from=ke.com
20240410,海淀,六里桥,101121802745,万丰路18号院 橙色年代大一居 采光好,528万,75011元/平,低楼层 (共24层) | 2004年 | 1室1厅 | 70.39平米 | 西,https://ke-image.ljcdn.com/110000-inspection/pc1_iQ7MJJAet.jpg!m_fill,w_280,h_210,f_jpg?from=ke.com
20240410,海淀,六里桥,101121784692,六里桥北里 低层上下楼方便 费用成本低,340万,64762元/平,底层 (共6层) | 1985年 | 2室1厅 | 52.5平米 | 南 北,https://ke-image.ljcdn.com/110000-inspection/pc1_maJVajWm2_1.jpg!m_fill,w_280,h_210,f_jpg?from=ke.com
20240410,海淀,六里桥,101121756542,莲怡园一区全南3居室有电梯2001年建成近地铁房主自荐,615万,66545元/平,高楼层 (共20层) | 2000年 | 3室1厅 | 92.42平米 | 南,https://ke-image.ljcdn.com/110000-inspection/pc1_HmtcYwPjh_1.jpg!m_fill,w_280,h_210,f_jpg?from=ke.com
20240410,海淀,六里桥,101121721691,海淀区万丰路18号西南两居室诚心出售,775万,80112元/平,低楼层 (共24层) 2室1厅 | 96.74平米 | 西南,https://ke-image.ljcdn.com/110000-inspection/pc1_3BOOCwgYs.jpg!m_fill,w_280,h_210,f_jpg?from=ke.com
20240410,海淀,六里桥,101121689602,澐澐国际 2室2厅 西,950万,73650元/平,中楼层 (共26层) | 2008年 | 2室2厅 | 128.99平米 | 西,https://ke-image.ljcdn.com/110000-inspection/pc1_nJunIPC1a_1.jpg!m_fill,w_280,h_210,f_jpg?from=ke.com
20240410,海淀,六里桥,101121664359,海淀九号 满五年唯一 随时签约 价格可谈房主自荐,590万,88589元/平,中楼层 (共35层) | 2012年 | 1室1厅 | 66.6平米 | 西,https://ke-image.ljcdn.com/110000-inspection/733d414e-d55f-4196-87a9-b6d0063a078b_1000.jpg!m_fill,w_280,h_210,f_jpg?from=ke.com
20240410,海淀,六里桥,101121622345,西三环莲香园西南向2居   大客厅  不临街  户型好房主自荐,630万,77197元/平,中楼层 (共24层) 2室1厅 | 81.61平米 | 西南,https://ke-image.ljcdn.com/110000-inspection/pc1_8LqhwVMTQ.jpg!m_fill,w_280,h_210,f_jpg?from=ke.com
20240410,海淀,六里桥,101121618643,六里桥10号院 明厨明卫 东南北通透 去年精装拎包入住房主自荐,538万,67141元/平,高楼层 (共6层) 3室1厅 | 80.13平米 | 南 北,https://ke-image.ljcdn.com/110000-inspection/pc1_Rs795xhZI.jpg!m_fill,w_280,h_210,f_jpg?from=ke.com
20240410,海淀,六里桥,101121507338,六里桥北里 2室1厅 南 北,350万,61296元/平,中楼层 (共6层) | 1985年 | 2室1厅 | 57.1平米 | 南 北,https://ke-image.ljcdn.com/110000-inspection/pc1_hx0AI55HT.jpg!m_fill,w_280,h_210,f_jpg?from=ke.com
20240410,海淀,六里桥,101121494378,莲香园南向2居 满五唯一 业主诚心出售,715万,70702元/平,低楼层 (共24层) 2室2厅 | 101.13平米 | 南,https://ke-image.ljcdn.com/110000-inspection/pc1_IuY2JEDZE.jpg!m_fill,w_280,h_210,f_jpg?from=ke.com
20240410,海淀,六里桥,101121467058,莲怡园北路1号院正规三居低楼层布局合理,439万,58332元/平,低楼层 (共6层) 3室1厅 | 75.26平米 | 南 北,https://ke-image.ljcdn.com/110000-inspection/pc1_OT9Hewg7E.jpg!m_fill,w_280,h_210,f_jpg?from=ke.com
20240410,海淀,六里桥,101121460715,西三环莲香园南向2居  视野开阔 无遮挡    购房成本低房主自荐,708万,80309元/平,高楼层 (共24层) 2室2厅 | 88.16平米 | 南,https://ke-image.ljcdn.com/110000-inspection/pc1_pUERmINFK.jpg!m_fill,w_280,h_210,f_jpg?from=ke.com
20240410,海淀,六里桥,101121455458,金家村1号院南向两居室不临街采光充足,285万,58330元/平,顶层 (共5层) 2室1厅 | 48.86平米 | 南,https://ke-image.ljcdn.com/110000-inspection/9edcb7fa-a667-42aa-b135-3190fa51b60a_1000.jpg!m_fill,w_280,h_210,f_jpg?from=ke.com
20240410,海淀,六里桥,101121452337,西三环小两居 价位低  位置好 交通便利  中间楼层,280万,52278元/平,高楼层 (共6层) 2室1厅 | 53.56平米 | 东 西,https://ke-image.ljcdn.com/110000-inspection/pc1_91jrJmvR6.jpg!m_fill,w_280,h_210,f_jpg?from=ke.com
20240410,海淀,六里桥,101121389274,六里桥 莲怡园一区 南北通透 明厨明卫两居 出售,515万,64764元/平,低楼层 (共16层) 2室1厅 | 79.52平米 | 南 北,https://ke-image.ljcdn.com/110000-inspection/pc1_iXMhJlabV_1.jpg!m_fill,w_280,h_210,f_jpg?from=ke.com
20240410,海淀,六里桥,101121385941,海淀区铁路小区西南向2居   费用少  精装修房主自荐,595万,78903元/平,低楼层 (共24层) 2室1厅 | 75.41平米 | 西南,https://ke-image.ljcdn.com/110000-inspection/pc1_y0LJLaFrt.jpg!m_fill,w_280,h_210,f_jpg?from=ke.com
20240410,海淀,六里桥,101121384510,海淀区铁路小区2居全方位采光中间好楼层  费用低房主自荐,545万,87593元/平,中楼层 (共6层) | 1998年 | 2室1厅 | 62.22平米 | 东 西,https://ke-image.ljcdn.com/110000-inspection/pc1_xNbj5Juor_1.jpg!m_fill,w_280,h_210,f_jpg?from=ke.com
20240410,海淀,六里桥,101121363049,海淀九号 正规南向两居室 楼层高 视野棒 居住舒适,1020万,92694元/平,中楼层 (共35层) 2室1厅 | 110.04平米 | 东南,https://ke-image.ljcdn.com/110000-inspection/pc1_t3ZoI0kUf_1.jpg!m_fill,w_280,h_210,f_jpg?from=ke.com
20240410,海淀,六里桥,101121339644,西三环边南向一居室近地铁出行方便安静舒适,140万,44729元/平,地下室 (共6层) | 1991年 | 1室0厅 | 31.3平米 | 南,https://ke-image.ljcdn.com/110000-inspection/228cd44d-8906-4009-97fe-c5a638df55f4_1000.jpg!m_fill,w_280,h_210,f_jpg?from=ke.com
20240410,海淀,六里桥,101121297031,西三环莲香园精装3居   楼层高  视野开阔,760万,71469元/平,中楼层 (共24层) | 1998年 | 3室1厅 | 106.34平米 | 西 北,https://ke-image.ljcdn.com/110000-inspection/pc1_lGLbn7mrZ_1.jpg!m_fill,w_280,h_210,f_jpg?from=ke.com
20240410,海淀,六里桥,101121295350,海淀区 橙色年代  东向一居室出售,515万,83945元/平,高楼层 (共24层) 1室1厅 | 61.35平米 | 东,https://ke-image.ljcdn.com/110000-inspection/pc1_CwJQAFTam_1.jpg!m_fill,w_280,h_210,f_jpg?from=ke.com
20240410,海淀,六里桥,101121290936,满五年唯一 海淀九号 随时签约 视野开阔人车分流,580万,87088元/平,高楼层 (共35层) 1室1厅 | 66.6平米 | 西,https://ke-image.ljcdn.com/110000-inspection/pc1_FJEAACSFB_1.jpg!m_fill,w_280,h_210,f_jpg?from=ke.com
20240410,海淀,六里桥,101121244086,铁路小区满五年单位分房无遮挡一居有钥匙看房随时房主自荐,445万,96175元/平,中楼层 (共24层) | 2001年 | 1室1厅 | 46.27平米 | 东,https://ke-image.ljcdn.com/110000-inspection/pc1_tGQzjLGTH.jpg!m_fill,w_280,h_210,f_jpg?from=ke.com
20240410,海淀,六里桥,101121219799,海淀区橙色年代   正规一室一厅  高楼层    视野好,506万,82707元/平,高楼层 (共24层) 1室1厅 | 61.18平米 | 西,https://ke-image.ljcdn.com/110000-inspection/pc1_WbLjDNNI6_1.jpg!m_fill,w_280,h_210,f_jpg?from=ke.com
20240410,海淀,六里桥,101121219584,海淀区  橙色年代精装小两居   拎包入住  诚心出售,565万,80268元/平,低楼层 (共24层) | 2004年 | 2室1厅 | 70.39平米 | 西,https://ke-image.ljcdn.com/110000-inspection/pc1_kZLpqT6gP.jpg!m_fill,w_280,h_210,f_jpg?from=ke.com
20240410,海淀,六里桥,101121193634,三环边  社区环境好  2006年  南北通透 装修好,590万,58347元/平,中楼层 (共12层) | 2006年 | 2室1厅 | 101.12平米 | 南 北,https://ke-image.ljcdn.com/110000-inspection/pc1_vf0eR1MU4.jpg!m_fill,w_280,h_210,f_jpg?from=ke.com
20240410,海淀,六里桥,101121162692,满五唯一商品房南北通透装修不错,449万,65196元/平,高楼层 (共6层) | 1994年 | 2室1厅 | 68.87平米 | 南 北,https://ke-image.ljcdn.com/110000-inspection/pc1_9cGtVEfP0.jpg!m_fill,w_280,h_210,f_jpg?from=ke.com
20240410,海淀,六里桥,101121151898,万丰路18号 橙色年代  三环边海淀产权 满五年唯一,828万,93191元/平,底层 (共24层) 2室1厅 | 88.85平米 | 南,https://ke-image.ljcdn.com/110000-inspection/bf2bde6d-54dc-4ba3-8fc5-43dbfc143cd7_1000.jpg!m_fill,w_280,h_210,f_jpg?from=ke.com
20240410,海淀,六里桥,101121136528,六里桥莲香园南北三居随时签约,860万,67717元/平,底层 (共6层) 3室1厅 | 127平米 | 南 北,https://ke-image.ljcdn.com/110000-inspection/pc1_I2ngpj2mI.jpg!m_fill,w_280,h_210,f_jpg?from=ke.com
20240410,海淀,六里桥,101121136081,橙色年代 朝西向 正规一室一厅房主自荐,538万,70809元/平,高楼层 (共24层) | 2004年 | 1室1厅 | 75.98平米 | 西 北,https://ke-image.ljcdn.com/110000-inspection/pc1_JVUkq9Dr5.jpg!m_fill,w_280,h_210,f_jpg?from=ke.com
20240410,海淀,六里桥,101121120143,莲花池西路6号院 西三环 铁道部分房 满五年唯一,705万,68687元/平,高楼层 (共20层) 3室2厅 | 102.64平米 | 南 西,https://ke-image.ljcdn.com/110000-inspection/pc1_0xYDphcrS_1.jpg!m_fill,w_280,h_210,f_jpg?from=ke.com
20240410,海淀,六里桥,101121042088,盛今佳园   南北通透  双卫  高楼层 视野好 采光好房主自荐,860万,83512元/平,高楼层 (共26层) | 2006年 | 2室2厅 | 102.98平米 | 南 北,https://ke-image.ljcdn.com/110000-inspection/pc1_Z5cUUtd9H_1.jpg!m_fill,w_280,h_210,f_jpg?from=ke.com
20240410,海淀,六里桥,101121036573,六里桥北里南向一居室随时看房诚意出售,268万,66667元/平,中楼层 (共6层) | 1990年 | 1室1厅 | 40.2平米 | 南,https://ke-image.ljcdn.com/110000-inspection/pc1_oyKBMeTEd.jpg!m_fill,w_280,h_210,f_jpg?from=ke.com
20240410,海淀,六里桥,101121033030,莲香园小区满五年唯一看房方便,698万,64102元/平,中楼层 (共24层) 2室2厅 | 108.89平米 | 东南,https://ke-image.ljcdn.com/110000-inspection/pc1_aFbfHxSIT.jpg!m_fill,w_280,h_210,f_jpg?from=ke.com
20240410,海淀,六里桥,101121024910,六里桥10号院 中间层 两居 满五唯一房主自荐,370万,55816元/平,中楼层 (共6层) | 1996年 | 2室1厅 | 66.29平米 | 东 西,https://ke-image.ljcdn.com/110000-inspection/pc1_uYBuu3fzL_1.jpg!m_fill,w_280,h_210,f_jpg?from=ke.com
20240410,海淀,六里桥,101121008896,西三环公主坟  铁路小区3居随时签约房主自荐,698万,77920元/平,高楼层 (共24层) 3室1厅 | 89.58平米 | 西北,https://ke-image.ljcdn.com/110000-inspection/pc1_FgrbLVqCs_1.jpg!m_fill,w_280,h_210,f_jpg?from=ke.com
20240410,海淀,六里桥,101120983018,海淀区吴家村10号院   南北通透 正规一室  满五唯一,420万,84508元/平,低楼层 (共6层) | 1995年 | 1室1厅 | 49.7平米 | 南 北,https://ke-image.ljcdn.com/110000-inspection/dfec22a0-2187-4986-bdb6-fd7780e83313_1000.jpg!m_fill,w_280,h_210,f_jpg?from=ke.com
20240410,海淀,六里桥,101120956267,莲花池西路6号院 3室1厅 西南,960万,80409元/平,高楼层 (共20层) 3室1厅 | 119.39平米 | 西南,https://ke-image.ljcdn.com/110000-inspection/pc1_MHBBdncIG_1.jpg!m_fill,w_280,h_210,f_jpg?from=ke.com
20240410,海淀,六里桥,101120955209,吴家村路10号院 海淀产权 一居室 格局棒 居住舒适,410万,85775元/平,底层 (共6层) | 1996年 | 1室1厅 | 47.8平米 | 南,https://ke-image.ljcdn.com/110000-inspection/pc1_uANvE49SV_1.jpg!m_fill,w_280,h_210,f_jpg?from=ke.com
20240410,海淀,六里桥,101120954136,吴家村路10号院 海淀产权 格局不错 采光视野棒,675万,82097元/平,低楼层 (共6层) | 1996年 | 2室1厅 | 82.22平米 | 南,https://ke-image.ljcdn.com/110000-inspection/pc1_X26BQorRZ.jpg!m_fill,w_280,h_210,f_jpg?from=ke.com
20240410,海淀,六里桥,101120953167,六里桥小区 近地铁南北通透满五年唯一商品房,510万,68660元/平,中楼层 (共5层) 3室1厅 | 74.28平米 | 南 北,https://ke-image.ljcdn.com/110000-inspection/pc1_2TAFS8qX1.jpg!m_fill,w_280,h_210,f_jpg?from=ke.com
20240410,海淀,六里桥,101120946998,风荷曲苑 花园社区 西南北通透 三居室 商品房 近地铁,1580万,95365元/平,中楼层 (共11层) 3室2厅 | 165.68平米 | 南 西 北,https://ke-image.ljcdn.com/110000-inspection/28f53cf7-7a86-4628-9054-682b11bac92f_1000.jpg!m_fill,w_280,h_210,f_jpg?from=ke.com
20240410,海淀,六里桥,101120943384,六里桥北里 优质两居室 产权清晰,285万,53212元/平,高楼层 (共6层) 2室1厅 | 53.56平米 | 东 西,https://ke-image.ljcdn.com/110000-inspection/pc1_tcyuwolVZ.jpg!m_fill,w_280,h_210,f_jpg?from=ke.com
20240410,海淀,六里桥,101120922191,莲香园精装3居  业主诚心出售 随时签约,710万,66767元/平,低楼层 (共16层) | 1999年 | 3室1厅 | 106.34平米 | 东 北,https://ke-image.ljcdn.com/110000-inspection/pc1_knnPVBguv.jpg!m_fill,w_280,h_210,f_jpg?from=ke.com
20240410,海淀,六里桥,101120920940,三环边六里桥7号院社区人文素质高,339万,59349元/平,高楼层 (共6层) | 1990年 | 2室1厅 | 57.12平米 | 南 北,https://ke-image.ljcdn.com/110000-inspection/pc1_Ob0o4tc3j.jpg!m_fill,w_280,h_210,f_jpg?from=ke.com
20240410,海淀,六里桥,101120920293,西三环 六里桥 永翌公馆 2011年 东向一室一厅 商品房,565万,72829元/平,中楼层 (共25层) | 2011年 | 1室1厅 | 77.58平米 | 东,https://ke-image.ljcdn.com/110000-inspection/a5724b76-f8df-4062-a1f6-e0023e4f3bfe_1000.jpg!m_fill,w_280,h_210,f_jpg?from=ke.com
20240410,海淀,六里桥,101120910674,海淀铁路小南向一居  业主诚心出售,435万,86379元/平,高楼层 (共24层) 1室1厅 | 50.36平米 | 南,https://ke-image.ljcdn.com/110000-inspection/pc1_237DSttu3.jpg!m_fill,w_280,h_210,f_jpg?from=ke.com
20240410,海淀,六里桥,101120897295,六里桥莲香园南北通透两居室满五年分房费用少,535万,66834元/平,高楼层 (共6层) | 1999年 | 2室1厅 | 80.05平米 | 南 北,https://ke-image.ljcdn.com/110000-inspection/pc1_aDevKMqTS.jpg!m_fill,w_280,h_210,f_jpg?from=ke.com
20240410,海淀,六里桥,101120869708,莲怡园二区花园社区交通方便东南向采光好视野开阔房主自荐,520万,62328元/平,顶层 (共20层) | 2005年 | 2室1厅 | 83.43平米 | 南 北,https://ke-image.ljcdn.com/110000-inspection/pc1_Cg2T2v23G_1.jpg!m_fill,w_280,h_210,f_jpg?from=ke.com
20240410,海淀,六里桥,101120868218,风荷曲苑花园社区落地飘窗视野好,770万,81190元/平,底层 (共20层) | 2004年 | 2室1厅 | 94.84平米 | 东北,https://ke-image.ljcdn.com/110000-inspection/pc1_G3tugGeHn.jpg!m_fill,w_280,h_210,f_jpg?from=ke.com
20240410,海淀,六里桥,101120781898,六里桥莲香园板楼3居业主诚心出售随时签约。,720万,56036元/平,高楼层 (共6层) 3室2厅 | 128.49平米 | 南 北,https://ke-image.ljcdn.com/110000-inspection/pc1_S7ar6roiz_1.jpg!m_fill,w_280,h_210,f_jpg?from=ke.com
20240410,海淀,六里桥,101120778309,万丰路18号 精装修开间 诚心出售房主自荐,438万,81977元/平,中楼层 (共24层) | 2004年 | 1室0厅 | 53.43平米 | 北,https://ke-image.ljcdn.com/110000-inspection/pc1_pMCD6uj85.jpg!m_fill,w_280,h_210,f_jpg?from=ke.com
20240410,海淀,六里桥,101120738029,海淀区铁路小区好楼层3居   费用少  楼层高视野好,710万,78436元/平,高楼层 (共24层) 3室1厅 | 90.52平米 | 南 西北,https://ke-image.ljcdn.com/110000-inspection/pc1_8pC3NbJvx_1.jpg!m_fill,w_280,h_210,f_jpg?from=ke.com
20240410,海淀,六里桥,101120647245,中景未山赋 商品房社区 三居室 精装修,1430万,94086元/平,底层 (共17层) | 2012年 | 3室2厅 | 151.99平米 | 南 北,https://ke-image.ljcdn.com/110000-inspection/pc1_BlM9kpWDT_1.jpg!m_fill,w_280,h_210,f_jpg?from=ke.com
20240410,海淀,六里桥,101120585119,海淀区莲宝路10号院 南向两居室 户型方正,588万,71516元/平,高楼层 (共6层) | 1996年 | 2室1厅 | 82.22平米 | 南,https://ke-image.ljcdn.com/110000-inspection/pc1_oJLjMMm0A_1.jpg!m_fill,w_280,h_210,f_jpg?from=ke.com
20240410,海淀,六里桥,101120572528,精装修拎包入住中间楼层南北通透业主诚心卖,430万,80525元/平,中楼层 (共6层) | 1998年 | 1室1厅 | 53.4平米 | 南 北,https://ke-image.ljcdn.com/110000-inspection/108623cd-a01f-4c9a-8261-ce771f81af5f_1000.jpg!m_fill,w_280,h_210,f_jpg?from=ke.com
20240410,海淀,六里桥,101120460710,西三环莲馨嘉园人车分流小区安静,658万,77815元/平,顶层 (共21层) 2室2厅 | 84.56平米 | 东南,https://ke-image.ljcdn.com/110000-inspection/pc1_phdZutF6l_1.jpg!m_fill,w_280,h_210,f_jpg?from=ke.com
20240410,海淀,六里桥,101120448049,西三环莲花桥总政干休所东西通透三居室,660万,71638元/平,中楼层 (共12层) | 1995年 | 3室1厅 | 92.13平米 | 东 西,https://ke-image.ljcdn.com/110000-inspection/pc1_81MU8lUo6_1.jpg!m_fill,w_280,h_210,f_jpg?from=ke.com
20240410,海淀,六里桥,101120275668,莲花小区  满五唯一商品房 精装修 2个租赁车位 采光好,1320万,92431元/平,顶层 (共28层) | 1999年 | 3室2厅 | 142.81平米 | 东南,https://ke-image.ljcdn.com/110000-inspection/pc1_OAt1IBn3y.jpg!m_fill,w_280,h_210,f_jpg?from=ke.com
20240410,海淀,六里桥,101120275540,海淀区橙色年代    东南两居室    有钥匙随时看,736万,76081元/平,低楼层 (共24层) | 2004年 | 2室1厅 | 96.74平米 | 东 南,https://ke-image.ljcdn.com/110000-inspection/pc1_qi82yLXaK.jpg!m_fill,w_280,h_210,f_jpg?from=ke.com
20240410,海淀,六里桥,101120270344,南北三居户型方正可拎包入住交通方便六里桥站房主自荐,335万,44931元/平,顶层 (共6层) | 1988年 | 3室1厅 | 74.56平米 | 南 北,https://ke-image.ljcdn.com/110000-inspection/pc1_to2URPdr8_1.jpg!m_fill,w_280,h_210,f_jpg?from=ke.com
20240410,海淀,六里桥,101120237417,海淀铁路小区 商品房满五年唯一 产权清晰随时签约,440万,87371元/平,中楼层 (共24层) 1室1厅 | 50.36平米 | 南,https://ke-image.ljcdn.com/110000-inspection/pc1_5hcWjVGBm_1.jpg!m_fill,w_280,h_210,f_jpg?from=ke.com
20240410,海淀,六里桥,101120203829,橙色年代 万丰路18号院 人车分流,630万,72698元/平,低楼层 (共24层) | 2004年 | 2室1厅 | 86.66平米 | 东 西,https://ke-image.ljcdn.com/110000-inspection/pc1_WmIAqARJr.jpg!m_fill,w_280,h_210,f_jpg?from=ke.com
20240410,海淀,六里桥,101120202741,金家村288号院南北通透户型方正小区环境好,439万,55903元/平,高楼层 (共6层) | 1996年 | 2室1厅 | 78.53平米 | 南 北,https://ke-image.ljcdn.com/110000-inspection/pc1_BeWczzaCY_1.jpg!m_fill,w_280,h_210,f_jpg?from=ke.com
20240410,海淀,六里桥,101120197215,西三环六里桥北里南北通透两居室中间楼层,349万,61100元/平,中楼层 (共6层) | 1985年 | 2室1厅 | 57.12平米 | 南 北,https://ke-image.ljcdn.com/110000-inspection/pc1_QezGQpQOf.jpg!m_fill,w_280,h_210,f_jpg?from=ke.com
20240410,海淀,六里桥,101120160467,三环边花园社区精装修诚心出售,410万,88822元/平,中楼层 (共20层) | 2004年 | 1室0厅 | 46.16平米 | 西,https://ke-image.ljcdn.com/110000-inspection/pc1_ds4StYOfi.jpg!m_fill,w_280,h_210,f_jpg?from=ke.com
20240410,海淀,六里桥,101120158701,莲花池西里6号院   东西向 三居室  有电梯 视野好,660万,71638元/平,中楼层 (共12层) | 1995年 | 3室2厅 | 92.13平米 | 东 西,https://ke-image.ljcdn.com/110000-inspection/pc1_lXipZf40A_1.jpg!m_fill,w_280,h_210,f_jpg?from=ke.com
20240410,海淀,六里桥,101120084052,莲宝路9号院  诚心出售 宜居好宅,735万,72258元/平,低楼层 (共26层) 1室1厅 | 101.72平米 | 西,https://ke-image.ljcdn.com/110000-inspection/pc1_BYGe9d7U5_1.jpg!m_fill,w_280,h_210,f_jpg?from=ke.com
20240410,海淀,六里桥,101119977311,金家村1号院  中铁电气化局家属院房主自荐,320万,64621元/平,中楼层 (共5层) 2室1厅 | 49.52平米 | 南,https://ke-image.ljcdn.com/110000-inspection/a49cff8e-c28d-41d1-925d-d691b9e889e9_1000.jpg!m_fill,w_280,h_210,f_jpg?from=ke.com
20240410,海淀,六里桥,101119935368,六里桥吴家场铁路小区东向一居室采光充足户型好,485万,104820元/平,中楼层 (共24层) | 2001年 | 1室1厅 | 46.27平米 | 东,https://ke-image.ljcdn.com/110000-inspection/pc1_gsUmdicro.jpg!m_fill,w_280,h_210,f_jpg?from=ke.com
20240410,海淀,六里桥,101119926600,满五年唯一 无遮挡 海淀区 两居室,470万,69322元/平,低楼层 (共24层) | 1997年 | 2室1厅 | 67.8平米 | 南,https://ke-image.ljcdn.com/110000-inspection/pc1_k8whfIhDp.jpg!m_fill,w_280,h_210,f_jpg?from=ke.com
20240410,海淀,六里桥,101119912756,房子前后花园不临街南北通透正规四居室,2200万,98576元/平,低楼层 (共11层) 4室1厅 | 223.18平米 | 南 北,https://ke-image.ljcdn.com/110000-inspection/pc1_C5wEAyfGk_1.jpg!m_fill,w_280,h_210,f_jpg?from=ke.com
20240410,海淀,六里桥,101119900287,六里桥小区满五唯一商品房业主诚心出售装修不错,430万,63894元/平,低楼层 (共6层) | 1991年 | 3室1厅 | 67.3平米 | 南 北,https://ke-image.ljcdn.com/110000-inspection/pc1_jGOpmwZHI_1.jpg!m_fill,w_280,h_210,f_jpg?from=ke.com
20240410,海淀,六里桥,101119767802,莲怡园二区  精装修  满五年唯一,555万,58018元/平,高楼层 (共16层) 2室1厅 | 95.66平米 | 南 北,https://ke-image.ljcdn.com/110000-inspection/pc1_XjKnYBMep_1.jpg!m_fill,w_280,h_210,f_jpg?from=ke.com
20240410,海淀,六里桥,101119766428,金家村1号院 电气化局家属院 交通便利,310万,56364元/平,中楼层 (共5层) 2室1厅 | 55平米 | 南 北,https://ke-image.ljcdn.com/110000-inspection/pc1_mS8jDFQbX.jpg!m_fill,w_280,h_210,f_jpg?from=ke.com
20240410,海淀,六里桥,101119756259,盛今佳园 海淀产权 满五年唯一 近地铁 近公园,1160万,97439元/平,中楼层 (共26层) 2室1厅 | 119.05平米 | 南 北,https://ke-image.ljcdn.com/110000-inspection/pc1_rRc6tdfUq_1.jpg!m_fill,w_280,h_210,f_jpg?from=ke.com
20240410,海淀,六里桥,101119733636,2004年商品房社区    海淀产权      明厨明卫,450万,84223元/平,中楼层 (共24层) | 2004年 | 1室0厅 | 53.43平米 | 北,https://ke-image.ljcdn.com/110000-inspection/pc1_UPPPRdRL0_1.jpg!m_fill,w_280,h_210,f_jpg?from=ke.com
20240410,海淀,六里桥,101119703618,随时签约！朝东正对小区花园海淀产权精装大一居室房主自荐,738万,72553元/平,高楼层 (共26层) 1室1厅 | 101.72平米 | 东,https://ke-image.ljcdn.com/110000-inspection/pc1_0zRl1oDys_1.jpg!m_fill,w_280,h_210,f_jpg?from=ke.com
20240410,海淀,六里桥,101119631882,风荷曲苑满五年唯一商品房只有契税。,1389万,113250元/平,低楼层 (共11层) 3室2厅 | 122.65平米 | 南 北,https://ke-image.ljcdn.com/110000-inspection/pc1_9AsNJPxjM_1.jpg!m_fill,w_280,h_210,f_jpg?from=ke.com
20240410,海淀,六里桥,101119608349,海淀产权、正规两居满五年唯一商品房业主诚意出售,938万,72182元/平,低楼层 (共26层) 2室1厅 | 129.95平米 | 东,https://ke-image.ljcdn.com/110000-inspection/pc1_QFkmzR3Lh_1.jpg!m_fill,w_280,h_210,f_jpg?from=ke.com
20240410,海淀,六里桥,101119592545,铁路小区 婚房精装 满五年唯一 诚意出售,615万,85966元/平,中楼层 (共24层) | 1997年 | 2室1厅 | 71.54平米 | 西南,https://ke-image.ljcdn.com/110000-inspection/pc1_qFNCcoNXf.jpg!m_fill,w_280,h_210,f_jpg?from=ke.com
20240410,海淀,六里桥,101119565655,西三环海淀区铁路小区东南向2居满五唯一不临街,626万,83013元/平,底层 (共24层) | 1998年 | 2室1厅 | 75.41平米 | 东南,https://ke-image.ljcdn.com/110000-inspection/pc1_9srJye1Vw.jpg!m_fill,w_280,h_210,f_jpg?from=ke.com
20240410,海淀,六里桥,101119556164,澐澐国际 2室1厅 西,930万,67052元/平,低楼层 (共26层) | 2009年 | 2室1厅 | 138.7平米 | 西,https://ke-image.ljcdn.com/110000-inspection/pc1_BZ4ETSZyh.jpg!m_fill,w_280,h_210,f_jpg?from=ke.com
20240410,海淀,六里桥,101119539706,西三环 六里桥 莲怡园一区 商品房 出售房主自荐,355万,57249元/平,低楼层 (共16层) 2室1厅 | 62.01平米 | 南 北,https://ke-image.ljcdn.com/110000-inspection/pc1_O8VMXvCAs_1.jpg!m_fill,w_280,h_210,f_jpg?from=ke.com
20240410,海淀,六里桥,101119472702,海淀区盛今佳园精装高层视野开阔,417万,111887元/平,高楼层 (共26层) | 2006年 | 1室1厅 | 37.27平米 | 北,https://ke-image.ljcdn.com/110000-inspection/59e0ef55-79a4-4d63-b6be-f01a809eb45d_1000.jpg!m_fill,w_280,h_210,f_jpg?from=ke.com
20240410,海淀,六里桥,101119462095,六里桥北里 南北通透 全明格局 视野开阔房主自荐,465万,64200元/平,高楼层 (共6层) 3室1厅 | 72.43平米 | 南 北,https://ke-image.ljcdn.com/110000-inspection/pc1_0LcybIC2j_1.jpg!m_fill,w_280,h_210,f_jpg?from=ke.com
20240410,海淀,六里桥,101119395556,六里桥10号院 2室1厅 南 北,435万,65750元/平,底层 (共6层) | 1994年 | 2室1厅 | 66.16平米 | 南 北,https://ke-image.ljcdn.com/110000-inspection/048dc8f7-d960-4916-b9a2-45d94c7ca8fb_1000.jpg!m_fill,w_280,h_210,f_jpg?from=ke.com
20240410,海淀,六里桥,101119368443,莲怡园北路1号院满五唯一精装修房主自荐,268万,58695元/平,高楼层 (共6层) | 1995年 | 1室1厅 | 45.66平米 | 南 北,https://ke-image.ljcdn.com/110000-inspection/pc1_j6jWQ2klN.jpg!m_fill,w_280,h_210,f_jpg?from=ke.com
20240410,海淀,六里桥,101119365558,铁路小区南北通透2居中间楼层采光好,560万,90004元/平,中楼层 (共6层) 2室1厅 | 62.22平米 | 南 北,https://ke-image.ljcdn.com/110000-inspection/pc1_QzDx0fr0X.jpg!m_fill,w_280,h_210,f_jpg?from=ke.com
20240410,海淀,六里桥,101119350168,近六里桥地铁 朝南有电梯 只有契税,329万,53056元/平,中楼层 (共16层) | 2007年 | 1室1厅 | 62.01平米 | 南 北,https://ke-image.ljcdn.com/110000-inspection/e5fa026b-93a7-4c44-bf38-caa7bf16ba61_1000.jpg!m_fill,w_280,h_210,f_jpg?from=ke.com
20240410,海淀,六里桥,101119327752,万寿路沿线精装全南两居室 可拎包入住,325万,65631元/平,中楼层 (共5层) | 1989年 | 2室1厅 | 49.52平米 | 南,https://ke-image.ljcdn.com/110000-inspection/c90e734e-0e1f-4765-bc0a-f01fb8745add_1000.jpg!m_fill,w_280,h_210,f_jpg?from=ke.com
20240410,海淀,六里桥,101119310287,橙色年代 万丰路18号院 海淀产权商品房社区,595万,84530元/平,中楼层 (共24层) | 2004年 | 1室1厅 | 70.39平米 | 西,https://ke-image.ljcdn.com/110000-inspection/pc1_PaZt8eG2x.jpg!m_fill,w_280,h_210,f_jpg?from=ke.com
20240410,海淀,六里桥,101119288965,风荷曲苑精装修中间楼层一居室房主自荐,405万,87739元/平,中楼层 (共20层) | 2004年 | 1室1厅 | 46.16平米 | 西,https://ke-image.ljcdn.com/110000-inspection/d21eed75-edf4-40f6-a363-a24b72c051e1_1000.jpg!m_fill,w_280,h_210,f_jpg?from=ke.com
20240410,海淀,六里桥,101119281239,金家村283号院 地震局家属院 南北双阳台,368万,61110元/平,顶层 (共6层) | 1996年 | 2室1厅 | 60.22平米 | 南 北,https://ke-image.ljcdn.com/110000-inspection/pc1_gdAY9HhnI.jpg!m_fill,w_280,h_210,f_jpg?from=ke.com
20240410,海淀,六里桥,101119253278,风荷曲苑南北通透三居室一梯两户花园社区,1380万,112516元/平,中楼层 (共11层) 3室2厅 | 122.65平米 | 南 北,https://ke-image.ljcdn.com/110000-inspection/c5b6387e-0542-41dc-b596-9cf816389f50_1000.jpg!m_fill,w_280,h_210,f_jpg?from=ke.com
20240410,海淀,六里桥,101119246119,永翌公馆 1室1厅 东,525万,67673元/平,低楼层 (共25层) | 2011年 | 1室1厅 | 77.58平米 | 东,https://ke-image.ljcdn.com/110000-inspection/pc1_TV00izDRU.jpg!m_fill,w_280,h_210,f_jpg?from=ke.com
20240410,海淀,六里桥,101119177069,西三环海淀区羊坊店08年小区盛今佳园,1000万,83999元/平,中楼层 (共26层) 2室2厅 | 119.05平米 | 西南,https://ke-image.ljcdn.com/110000-inspection/25427802-89d4-4738-a116-badd862b5630_1000.jpg!m_fill,w_280,h_210,f_jpg?from=ke.com
20240410,海淀,六里桥,101119102527,此房西南向房本满五年唯一安静中间楼层,650万,83153元/平,中楼层 (共24层) 2室1厅 | 78.17平米 | 西,https://ke-image.ljcdn.com/110000-inspection/pc1_z0SPMCAv4.jpg!m_fill,w_280,h_210,f_jpg?from=ke.com
20240410,海淀,六里桥,101119091445,铁路小区 1室1厅 南,496万,98491元/平,中楼层 (共24层) 1室1厅 | 50.36平米 | 南,https://ke-image.ljcdn.com/110000-inspection/pc1_tuzdknN8K.jpg!m_fill,w_280,h_210,f_jpg?from=ke.com
20240410,海淀,六里桥,101118975232,满五年且家庭一套住房只交契税南向三居高层采光好,760万,78061元/平,高楼层 (共24层) 3室1厅 | 97.36平米 | 南,https://ke-image.ljcdn.com/110000-inspection/pc1_ii1WPT4Ux_1.jpg!m_fill,w_280,h_210,f_jpg?from=ke.com
20240410,海淀,六里桥,101118932340,六里桥铁路小区一居室海淀产权户型方正房主自荐,420万,90772元/平,中楼层 (共24层) 1室1厅 | 46.27平米 | 东,https://ke-image.ljcdn.com/110000-inspection/pc1_eO1VAId18_1.jpg!m_fill,w_280,h_210,f_jpg?from=ke.com
20240410,海淀,六里桥,101118917000,西三环 莲怡园一区 东北朝向的两居室,523万,66684元/平,中楼层 (共20层) 2室1厅 | 78.43平米 | 东北,https://ke-image.ljcdn.com/110000-inspection/7c00c876-9969-44b1-9cce-4d3e2096c2f5_1000.jpg!m_fill,w_280,h_210,f_jpg?from=ke.com
20240410,海淀,六里桥,101118870342,六里桥北里南北通透两居全明格局交通便利。,348万,64938元/平,底层 (共6层) | 1990年 | 2室1厅 | 53.59平米 | 东 南 北,https://ke-image.ljcdn.com/110000-inspection/pc1_9WPbON7np_1.jpg!m_fill,w_280,h_210,f_jpg?from=ke.com
20240410,海淀,六里桥,101118866633,西三环  六里桥3号院 满五年唯一商品房房主自荐,598万,62079元/平,高楼层 (共6层) 3室1厅 | 96.33平米 | 南 北,https://ke-image.ljcdn.com/110000-inspection/pc1_GkGf3qhV8.jpg!m_fill,w_280,h_210,f_jpg?from=ke.com
20240410,海淀,六里桥,101118837109,西三环正规两居室地铁六里桥站9号线10号线,398万,63477元/平,高楼层 (共20层) | 1988年 | 2室1厅 | 62.7平米 | 西南,https://ke-image.ljcdn.com/110000-inspection/pc1_PVIeCn7Ql_1.jpg!m_fill,w_280,h_210,f_jpg?from=ke.com
20240410,海淀,六里桥,101118757066,莲花池西路23号  国税局单位楼改造完   正规一居室,360万,79523元/平,中楼层 (共24层) | 1998年 | 1室1厅 | 45.27平米 | 北,https://ke-image.ljcdn.com/110000-inspection/pc1_I8muYEjGB_1.jpg!m_fill,w_280,h_210,f_jpg?from=ke.com
20240410,海淀,六里桥,101118655247,橙色年代一居室商品房视野开阔。,495万,80685元/平,高楼层 (共24层) | 2004年 | 1室1厅 | 61.35平米 | 西,https://ke-image.ljcdn.com/110000-inspection/pc1_rZYIIJ0Pf.jpg!m_fill,w_280,h_210,f_jpg?from=ke.com
20240410,海淀,六里桥,101118646697,橙色年代两居室朝小区内诚心出售,758万,79480元/平,低楼层 (共24层) 2室1厅 | 95.37平米 | 西南,https://ke-image.ljcdn.com/110000-inspection/pc1_QdMl6Irfu.jpg!m_fill,w_280,h_210,f_jpg?from=ke.com
20240410,海淀,六里桥,101118601994,9/10号线六里桥站 东向一居 楼层好 采光好带车位房主自荐,575万,74118元/平,中楼层 (共25层) 1室1厅 | 77.58平米 | 东,https://ke-image.ljcdn.com/110000-inspection/pc1_AGJIvIHY5.jpg!m_fill,w_280,h_210,f_jpg?from=ke.com
20240410,海淀,六里桥,101118541742,莲怡园北路1号院小区环境好南北通透三居室,490万,59727元/平,高楼层 (共6层) 3室1厅 | 82.04平米 | 南 北,https://ke-image.ljcdn.com/110000-inspection/pc1_ZVjVOcJGB.jpg!m_fill,w_280,h_210,f_jpg?from=ke.com
20240410,海淀,六里桥,101118534411,橙色年代东南朝向采光好楼层好,615万,81274元/平,中楼层 (共24层) 1室1厅 | 75.67平米 | 东南,https://ke-image.ljcdn.com/110000-inspection/c022d49f-7c62-4e5f-b601-4f931130249a_1000.jpg!m_fill,w_280,h_210,f_jpg?from=ke.com
20240410,海淀,六里桥,101118514831,海淀九号人车分流南北两居2013年建成诚意出售,1158万,96380元/平,底层 (共12层) | 2013年 | 2室1厅 | 120.15平米 | 南 北,https://ke-image.ljcdn.com/110000-inspection/pc1_DITB9gZ1A_1.jpg!m_fill,w_280,h_210,f_jpg?from=ke.com
20240410,海淀,六里桥,101118498030,六里桥吴家场铁路小区次顶层一居室采光充足户型好房主自荐,460万,99417元/平,高楼层 (共24层) 1室1厅 | 46.27平米 | 西北,https://ke-image.ljcdn.com/110000-inspection/pc1_By6ptfC4b.jpg!m_fill,w_280,h_210,f_jpg?from=ke.com
20240410,海淀,六里桥,101118460999,六里桥莲怡园一区南向一居室采光好交通方便,233万,53039元/平,顶层 (共6层) 1室1厅 | 43.93平米 | 南,https://ke-image.ljcdn.com/110000-inspection/pc1_7e7Up5fYu_1.jpg!m_fill,w_280,h_210,f_jpg?from=ke.com
20240410,海淀,六里桥,101118454646,三环边业主诚心出售改造后社区,385万,58193元/平,顶层 (共6层) | 1995年 | 2室1厅 | 66.16平米 | 南 北,https://ke-image.ljcdn.com/110000-inspection/pc1_I8oEDQyiZ.jpg!m_fill,w_280,h_210,f_jpg?from=ke.com
20240410,海淀,六里桥,101118390026,西三环花园式小区环境莲香园大3居 视野好 无遮挡房主自荐,715万,57546元/平,高楼层 (共24层) 3室1厅 | 124.25平米 | 东北,https://ke-image.ljcdn.com/110000-inspection/pc1_6a2PxRZoB_1.jpg!m_fill,w_280,h_210,f_jpg?from=ke.com
20240410,海淀,六里桥,101118387268,西三环六里桥 盛今佳园  自有用房  全款购房,540万,68677元/平,低楼层 (共26层) | 2007年 | 2室1厅 | 78.63平米 | 西 北,https://ke-image.ljcdn.com/110000-inspection/pc1_p6gwqXQW4_1.jpg!m_fill,w_280,h_210,f_jpg?from=ke.com
20240410,海淀,六里桥,101118385903,澐澐国际西向一居满五年唯一精装修海淀产权,720万,70783元/平,顶层 (共26层) 1室1厅 | 101.72平米 | 西,https://ke-image.ljcdn.com/110000-inspection/pc1_JE1NH9iYI.jpg!m_fill,w_280,h_210,f_jpg?from=ke.com
20240410,海淀,六里桥,101118273479,店长推荐六里桥盛今大厦西南大两居室日照时间长,620万,57408元/平,中楼层 (共23层) | 2002年 | 2室1厅 | 108平米 | 西南,https://ke-image.ljcdn.com/110000-inspection/pc1_08eafYW5i.jpg!m_fill,w_280,h_210,f_jpg?from=ke.com
20240410,海淀,六里桥,101118235548,此房是低楼层一居室商品房产权清晰业主诚心出售,298万,65266元/平,低楼层 (共6层) | 1995年 | 1室1厅 | 45.66平米 | 南 北,https://ke-image.ljcdn.com/110000-inspection/pc1_Tmn5E830Q_1.jpg!m_fill,w_280,h_210,f_jpg?from=ke.com
20240410,海淀,六里桥,101118197841,铁路小区纯南两居室 费用少 双地铁 产权清晰 靠谱签约房主自荐,636万,88902元/平,底层 (共24层) 2室1厅 | 71.54平米 | 西南,https://ke-image.ljcdn.com/110000-inspection/pc1_c5Ca9s8Fb.jpg!m_fill,w_280,h_210,f_jpg?from=ke.com
20240410,海淀,六里桥,101118131774,万寿路金家村288号院   全南向两居室   精装修,520万,59888元/平,顶层 (共6层) | 1996年 | 2室1厅 | 86.83平米 | 南,https://ke-image.ljcdn.com/110000-inspection/pc1_uUx3ScmrY.jpg!m_fill,w_280,h_210,f_jpg?from=ke.com
20240410,海淀,六里桥,101118127064,金家村288号院 电子工业出版社 安静不临街,485万,55359元/平,顶层 (共6层) | 1996年 | 2室2厅 | 87.61平米 | 南,https://ke-image.ljcdn.com/110000-inspection/pc1_qnrNChCm5.jpg!m_fill,w_280,h_210,f_jpg?from=ke.com
20240410,海淀,六里桥,101118083595,万寿路南铁路家属院正规两居南北通透精装修,328万,58530元/平,中楼层 (共6层) 2室1厅 | 56.04平米 | 南 北,https://ke-image.ljcdn.com/110000-inspection/pc1_g1y77v6cO.jpg!m_fill,w_280,h_210,f_jpg?from=ke.com
20240410,海淀,六里桥,101118080367,西三环 六里桥北里 带电梯 钢混 朝小区里 两居室房主自荐,408万,56044元/平,低楼层 (共20层) | 1988年 | 3室1厅 | 72.8平米 | 西北,https://ke-image.ljcdn.com/110000-inspection/pc1_UY51G3z1r.jpg!m_fill,w_280,h_210,f_jpg?from=ke.com
20240410,海淀,六里桥,101118044178,优质海淀产权 两居室 吴家村路10号院,496万,81849元/平,中楼层 (共6层) | 1995年 | 2室1厅 | 60.6平米 | 东 西,https://ke-image.ljcdn.com/110000-inspection/pc1_QwI2bsO7u.jpg!m_fill,w_280,h_210,f_jpg?from=ke.com
20240410,海淀,六里桥,101118043587,金家村288号院  南北两居室 小区安静,505万,60596元/平,高楼层 (共6层) | 1996年 | 2室1厅 | 83.34平米 | 南 北,https://ke-image.ljcdn.com/110000-inspection/pc1_AyGCc4NKF.jpg!m_fill,w_280,h_210,f_jpg?from=ke.com
20240410,海淀,六里桥,101118021458,板楼一梯两户大一居室海淀区2013年社区,930万,91356元/平,底层 (共9层) | 2013年 | 1室1厅 | 101.8平米 | 南,https://ke-image.ljcdn.com/110000-inspection/pc1_zJ1jB8TY1.jpg!m_fill,w_280,h_210,f_jpg?from=ke.com
20240410,海淀,六里桥,101117998595,六里桥莲香园三居室满五年唯一商品房中楼层无遮挡,770万,61972元/平,低楼层 (共24层) | 2000年 | 3室1厅 | 124.25平米 | 西北,https://ke-image.ljcdn.com/110000-inspection/pc1_u71EIaxc7_1.jpg!m_fill,w_280,h_210,f_jpg?from=ke.com
20240410,海淀,六里桥,101117985621,盛今佳园 精装修三居 可观莲花池公园  视野好 采光好房主自荐,1160万,97439元/平,高楼层 (共26层) 3室2厅 | 119.05平米 | 西南,https://ke-image.ljcdn.com/110000-inspection/pc1_5FIYAbOHa.jpg!m_fill,w_280,h_210,f_jpg?from=ke.com
20240410,海淀,六里桥,101117899437,盛今大厦新上3居价格可谈随时签约,700万,56185元/平,底层 (共23层) | 2002年 | 3室1厅 | 124.59平米 | 东北,https://ke-image.ljcdn.com/110000-inspection/pc1_5PhiuSOhF.jpg!m_fill,w_280,h_210,f_jpg?from=ke.com
20240410,海淀,六里桥,101117844216,莲香园 精装大三居 视野开阔无遮挡房主自荐,720万,57948元/平,低楼层 (共24层) 3室1厅 | 124.25平米 | 南 西北,https://ke-image.ljcdn.com/110000-inspection/pc1_8gpI3wtLS.jpg!m_fill,w_280,h_210,f_jpg?from=ke.com
20240410,海淀,六里桥,101117833793,盛今大厦纯南大3居满五年唯一随时签约。房主自荐,1085万,74818元/平,高楼层 (共23层) | 2002年 | 3室2厅 | 145.02平米 | 南,https://ke-image.ljcdn.com/110000-inspection/pc1_HImTKnpyL.jpg!m_fill,w_280,h_210,f_jpg?from=ke.com
20240410,海淀,六里桥,101117822834,西三环六里桥南向两居采光好户型方正交通方便房主自荐,360万,62177元/平,底层 (共20层) | 1988年 | 3室1厅 | 57.9平米 | 南 北,https://ke-image.ljcdn.com/110000-inspection/pc1_BjtwBEnNm_1.jpg!m_fill,w_280,h_210,f_jpg?from=ke.com
20240410,海淀,六里桥,101117787312,海淀区橙色年代      东南向正规两居室   诚心出售,750万,78256元/平,低楼层 (共24层) 2室1厅 | 95.84平米 | 东南,https://ke-image.ljcdn.com/110000-inspection/pc1_T36bPRa85.jpg!m_fill,w_280,h_210,f_jpg?from=ke.com
20240410,海淀,六里桥,101117778344,楼层高 采光好 南北通透 带固定车位房主自荐,490万,61620元/平,中楼层 (共16层) | 2000年 | 2室1厅 | 79.52平米 | 南 北,https://ke-image.ljcdn.com/110000-inspection/pc1_gRmWo649F_1.jpg!m_fill,w_280,h_210,f_jpg?from=ke.com
20240410,海淀,六里桥,101117715941,橙色年代 万丰路18号院 海淀商品房 2004年现代化小区,398万,74490元/平,高楼层 (共24层) 1室0厅 | 53.43平米 | 北,https://ke-image.ljcdn.com/110000-inspection/pc1_ck4TeKs2Y_1.jpg!m_fill,w_280,h_210,f_jpg?from=ke.com
20240410,海淀,六里桥,101117703720,西三环莲香园西南向2居 视野好不临街大客厅房主自荐,626万,76707元/平,高楼层 (共24层) | 1998年 | 2室1厅 | 81.61平米 | 西南,https://ke-image.ljcdn.com/110000-inspection/d2526f24-0ff4-4274-9491-a8091ab2134a_1000.jpg!m_fill,w_280,h_210,f_jpg?from=ke.com
20240410,海淀,六里桥,101117654386,吴家村路10号院  南北通透三居 板楼户型好,635万,59258元/平,高楼层 (共6层) | 1996年 | 3室2厅 | 107.16平米 | 南 北,https://ke-image.ljcdn.com/110000-inspection/pc1_IoI6a9yOX.jpg!m_fill,w_280,h_210,f_jpg?from=ke.com
20240410,海淀,六里桥,101117607889,海淀九号13年小区南北通透三居无遮挡采光好,1650万,95780元/平,中楼层 (共35层) 3室1厅 | 172.27平米 | 南 北,https://ke-image.ljcdn.com/110000-inspection/pc1_Qpk0pM47R.jpg!m_fill,w_280,h_210,f_jpg?from=ke.com
20240410,海淀,六里桥,101117487519,南向一居室 高楼层  视野好 无遮挡,235万,53495元/平,顶层 (共6层) 1室1厅 | 43.93平米 | 南,https://ke-image.ljcdn.com/110000-inspection/pc1_cuPPOCvLM.jpg!m_fill,w_280,h_210,f_jpg?from=ke.com
20240410,海淀,六里桥,101117476388,莲馨嘉园 小区中间位置双卫户型方正,830万,74715元/平,中楼层 (共21层) 2室1厅 | 111.09平米 | 西南,https://ke-image.ljcdn.com/110000-inspection/pc1_u7aTORnAJ.jpg!m_fill,w_280,h_210,f_jpg?from=ke.com
20240410,海淀,六里桥,101117432726,难得：正规一居室【双阳台】有钥匙、随时可以看房房主自荐,270万,53466元/平,顶层 (共6层) | 1990年 | 1室1厅 | 50.5平米 | 西,https://ke-image.ljcdn.com/110000-inspection/4942548d-b406-4886-84aa-ef54c132c000_1000.jpg!m_fill,w_280,h_210,f_jpg?from=ke.com
20240410,海淀,六里桥,101117282842,西三环 莲怡园二区 精装修两居室,610万,67166元/平,高楼层 (共20层) | 2005年 | 2室1厅 | 90.82平米 | 西南,https://ke-image.ljcdn.com/110000-inspection/pc1_EjAznKfqN.jpg!m_fill,w_280,h_210,f_jpg?from=ke.com
20240410,海淀,六里桥,101117259861,西三环海淀铁路小区南北通透2居  不临街费用少房主自荐,450万,72325元/平,顶层 (共6层) 2室1厅 | 62.22平米 | 南 北,https://ke-image.ljcdn.com/110000-inspection/pc1_qeJ0hDFju.jpg!m_fill,w_280,h_210,f_jpg?from=ke.com
20240410,海淀,六里桥,101117253618,金家村288号院南北通透两居室户型方正采光视野好,545万,64750元/平,高楼层 (共6层) | 1996年 | 2室1厅 | 84.17平米 | 南 北,https://ke-image.ljcdn.com/110000-inspection/f36364ba-4e30-4848-a63d-28025276ceb5_1000.jpg!m_fill,w_280,h_210,f_jpg?from=ke.com
20240410,海淀,六里桥,101117204958,莲怡园二区 商品房  精装修 高楼层 视野好,550万,61419元/平,顶层 (共20层) | 2005年 | 2室1厅 | 89.55平米 | 南 北,https://ke-image.ljcdn.com/110000-inspection/843ab975-3305-49b5-844c-09114d9bc04b_1000.jpg!m_fill,w_280,h_210,f_jpg?from=ke.com
20240410,海淀,六里桥,101117019962,西三环莲馨嘉园人车分流户型方正,1030万,69964元/平,底层 (共21层) 3室1厅 | 147.22平米 | 西南,https://ke-image.ljcdn.com/110000-inspection/pc1_ShLGRbTeY.jpg!m_fill,w_280,h_210,f_jpg?from=ke.com
20240410,海淀,六里桥,101116994456,风荷曲苑 商品房 满五年 高层无遮挡房主自荐,430万,80934元/平,顶层 (共20层) | 2004年 | 1室0厅 | 53.13平米 | 东,https://ke-image.ljcdn.com/110000-inspection/pc1_3hTU2Cn3d.jpg!m_fill,w_280,h_210,f_jpg?from=ke.com
20240410,海淀,六里桥,101116983029,六里桥莲香园高楼层两居室满五年唯一有钥匙随时可看,568万,61214元/平,高楼层 (共24层) 2室1厅 | 92.79平米 | 西南,https://ke-image.ljcdn.com/110000-inspection/pc1_q2bS1RihX.jpg!m_fill,w_280,h_210,f_jpg?from=ke.com
20240410,海淀,六里桥,101116947976,金家村283号院诚心出售产权清晰,199万,57984元/平,中楼层 (共6层) | 1998年 | 1室0厅 | 34.32平米 | 东,https://ke-image.ljcdn.com/110000-inspection/pc1_XUQVMVty0_1.jpg!m_fill,w_280,h_210,f_jpg?from=ke.com
20240410,海淀,六里桥,101116875370,莲香园南北通透的2居室不临街户型好位置好！房主自荐,585万,77035元/平,底层 (共6层) 2室1厅 | 75.94平米 | 南 北,https://ke-image.ljcdn.com/110000-inspection/pc1_h259iCGpH.jpg!m_fill,w_280,h_210,f_jpg?from=ke.com
20240410,海淀,六里桥,101116488097,莲花小区海淀产权诚心出售采光好,1130万,85484元/平,中楼层 (共28层) | 1999年 | 2室1厅 | 132.19平米 | 南 北,https://ke-image.ljcdn.com/110000-inspection/pc1_ZeU5QNA2A.jpg!m_fill,w_280,h_210,f_jpg?from=ke.com
20240410,海淀,六里桥,101116483499,莲香园小区复式户型满五唯一诚意出售房主自荐,1490万,56860元/平,顶层 (共24层) 4室2厅 | 262.05平米 | 东南,https://ke-image.ljcdn.com/110000-inspection/pc1_5vAcySbbq.jpg!m_fill,w_280,h_210,f_jpg?from=ke.com
20240410,海淀,六里桥,101116116357,莲香园大2居  楼层高西南向    业主随时签约,639万,59905元/平,中楼层 (共24层) | 1998年 | 2室1厅 | 106.67平米 | 南 西,https://ke-image.ljcdn.com/110000-inspection/pc1_O0K4fznN9.jpg!m_fill,w_280,h_210,f_jpg?from=ke.com
20240410,海淀,六里桥,101116104397,海淀铁路小区全明3居好楼层 无遮挡   费用少  采光好房主自荐,695万,87104元/平,中楼层 (共6层) | 1998年 | 3室1厅 | 79.79平米 | 东 西,https://ke-image.ljcdn.com/110000-inspection/pc1_BOmvjg2pu.jpg!m_fill,w_280,h_210,f_jpg?from=ke.com
20240410,海淀,六里桥,101116018885,南北通透 精装修 业主诚心出售,598万,62514元/平,中楼层 (共16层) | 2006年 | 2室1厅 | 95.66平米 | 南 北,https://ke-image.ljcdn.com/110000-inspection/pc1_VuYJv96gt.jpg!m_fill,w_280,h_210,f_jpg?from=ke.com
20240410,海淀,六里桥,101115969547,莲香园南北通透三居   户型好  费用少房主自荐,760万,57489元/平,底层 (共18层) 3室2厅 | 132.2平米 | 东 南 北,https://ke-image.ljcdn.com/110000-inspection/prod-9f12adba-f0d1-4c3a-89aa-c789c2f2a302.jpg!m_fill,w_280,h_210,f_jpg?from=ke.com
20240410,海淀,六里桥,101115800340,铁路小区 精装修 满五年 精装修,530万,111345元/平,底层 (共6层) | 1998年 | 2室1厅 | 47.6平米 | 南 北,https://ke-image.ljcdn.com/110000-inspection/pc1_F2U8A6XKx.jpg!m_fill,w_280,h_210,f_jpg?from=ke.com
20240410,海淀,六里桥,101115709052,莲花小区 海淀产权 业主诚心卖 随时签约房主自荐,815万,80830元/平,低楼层 (共28层) | 1999年 | 2室1厅 | 100.83平米 | 西南,https://ke-image.ljcdn.com/110000-inspection/pc1_bIqCV5coW.jpg!m_fill,w_280,h_210,f_jpg?from=ke.com
20240410,海淀,六里桥,101115639534,橙色年代 高楼层 视野开阔 人车分流 商品房社区,735万,81959元/平,高楼层 (共24层) | 2004年 | 2室1厅 | 89.68平米 | 西北,https://ke-image.ljcdn.com/110000-inspection/pc1_i3sclbyJG_1.jpg!m_fill,w_280,h_210,f_jpg?from=ke.com
20240410,海淀,六里桥,101115629217,六里桥北里精致东向小一居满五唯一,295万,82082元/平,顶层 (共6层) | 1980年 | 1室1厅 | 35.94平米 | 东,https://ke-image.ljcdn.com/110000-inspection/pc1_2LAk0Hyz7_1.jpg!m_fill,w_280,h_210,f_jpg?from=ke.com
20240410,海淀,六里桥,101115473922,莲宝路2号院大三居全明格局   楼层好  视野开阔房主自荐,798万,64051元/平,中楼层 (共23层) | 2002年 | 3室1厅 | 124.59平米 | 东北,https://ke-image.ljcdn.com/110000-inspection/pc1_AArfiImEx.jpg!m_fill,w_280,h_210,f_jpg?from=ke.com
20240410,海淀,六里桥,101115088339,西三环莲香园南向三居  户型好  环境好  户型不错房主自荐,870万,53453元/平,底层 (共24层) 3室1厅 | 162.76平米 | 西南,https://ke-image.ljcdn.com/110000-inspection/pc1_iRcct4cfP.jpg!m_fill,w_280,h_210,f_jpg?from=ke.com
20240410,海淀,六里桥,101115052985,莲花小区诚心出售没有遮挡交通便利。房主自荐,1350万,83457元/平,中楼层 (共28层) | 2001年 | 3室2厅 | 161.76平米 | 南 北,https://ke-image.ljcdn.com/110000-inspection/pc1_S1TE96UGd.jpg!m_fill,w_280,h_210,f_jpg?from=ke.com
20240410,海淀,六里桥,101114961518,六里桥莲香园复式四居室满五年唯一诚心出售。房主自荐,938万,55435元/平,顶层 (共6层) | 2000年 | 4室2厅 | 169.21平米 | 南 北,https://ke-image.ljcdn.com/110000-inspection/pc1_1oNyexkNp_1.jpg!m_fill,w_280,h_210,f_jpg?from=ke.com
20240410,海淀,六里桥,101114807274,莲花小区 东南向两居室 精装修 高楼层 采光视野好,780万,91971元/平,高楼层 (共28层) | 2000年 | 2室1厅 | 84.81平米 | 东南,https://ke-image.ljcdn.com/110000-inspection/pc1_0U8OcVkZg.jpg!m_fill,w_280,h_210,f_jpg?from=ke.com
20240410,海淀,六里桥,101114473989,林滤家园精装修南北朝向满五年唯一房主自荐,1188万,88969元/平,底层 (共10层) | 2006年 | 4室2厅 | 133.53平米 | 南 北,https://ke-image.ljcdn.com/110000-inspection/pc1_0yqLnfSp9.jpg!m_fill,w_280,h_210,f_jpg?from=ke.com
20240410,海淀,六里桥,101114355693,中间楼层 田字格户型 明厨明卫 南北通透,550万,72417元/平,中楼层 (共6层) | 1998年 | 3室1厅 | 75.95平米 | 南 北,https://ke-image.ljcdn.com/110000-inspection/pc1_uB3HR3KCv.jpg!m_fill,w_280,h_210,f_jpg?from=ke.com
20240410,海淀,六里桥,101113942251,西三环六里桥北里南向高层一居室。,258万,64180元/平,顶层 (共6层) | 1990年 | 1室1厅 | 40.2平米 | 南,https://ke-image.ljcdn.com/110000-inspection/pc1_5EOTnk2TL.jpg!m_fill,w_280,h_210,f_jpg?from=ke.com
20240410,海淀,六里桥,101113929849,06年小区环境好户型方正配套齐全房主自荐,489万,58711元/平,低楼层 (共20层) | 2006年 | 2室1厅 | 83.29平米 | 西南,https://ke-image.ljcdn.com/110000-inspection/pc1_tYHvZnCs7.jpg!m_fill,w_280,h_210,f_jpg?from=ke.com
20240410,海淀,六里桥,101112850533,六里桥永翌公馆精装两居全明格局诚心出售看房方便,645万,68698元/平,高楼层 (共25层) | 2009年 | 2室1厅 | 93.89平米 | 西北,https://ke-image.ljcdn.com/110000-inspection/pc1_7fRMaR9fq_1.jpg!m_fill,w_280,h_210,f_jpg?from=ke.com
20240410,海淀,六里桥,101112107199,吴家场路5号院 东南向 满五年 产权清晰房主自荐,655万,91558元/平,低楼层 (共24层) 2室1厅 | 71.54平米 | 东 南,https://ke-image.ljcdn.com/110000-inspection/pc1_UyUeWddKX_1.jpg!m_fill,w_280,h_210,f_jpg?from=ke.com
20240410,海淀,六里桥,101111872496,西三环 六里桥 莲怡园二区 南北通透 两居室 商品房,606万,59717元/平,中楼层 (共13层) | 2005年 | 2室1厅 | 101.48平米 | 南 北,https://ke-image.ljcdn.com/110000-inspection/pc1_6O5TOhfRv_1.jpg!m_fill,w_280,h_210,f_jpg?from=ke.com
20240410,海淀,六里桥,101110308922,盛今佳园 东南三居室 精装修 可以观莲花池公园房主自荐,1830万,119569元/平,低楼层 (共26层) | 2007年 | 3室2厅 | 153.05平米 | 东南,https://ke-image.ljcdn.com/110000-inspection/pc1_YbF4ieME9_1.jpg!m_fill,w_280,h_210,f_jpg?from=ke.com
20240410,海淀,六里桥,101109885464,西三环六里桥.莲馨嘉园3居出售,895万,59532元/平,高楼层 (共21层) | 2002年 | 3室1厅 | 150.34平米 | 西北,https://ke-image.ljcdn.com/110000-inspection/pc1_gE8CiWJTV.jpg!m_fill,w_280,h_210,f_jpg?from=ke.com
20240410,海淀,六里桥,101109703411,业主诚心出售 看房方便 户型方正,730万,58593元/平,低楼层 (共23层) | 2002年 | 3室1厅 | 124.59平米 | 东北,https://ke-image.ljcdn.com/110000-inspection/prod-868fdaf4-c894-4058-8ec8-67eb0e2cf3a1.jpg!m_fill,w_280,h_210,f_jpg?from=ke.com
20240410,海淀,六里桥,101106663232,莲香园东南向大三居室不临街双卫生间！,850万,61077元/平,低楼层 (共24层) | 2000年 | 3室1厅 | 139.17平米 | 东南,https://ke-image.ljcdn.com/110000-inspection/pc1_qxiQlmMLc_1.jpg!m_fill,w_280,h_210,f_jpg?from=ke.com
20240410,海淀,六里桥,101106180970,莲香园西南向   小区中间位置对着小区花园房主自荐,650万,79648元/平,顶层 (共16层) 2室1厅 | 81.61平米 | 西南,https://ke-image.ljcdn.com/110000-inspection/pc1_hOjz9TLHL_1.jpg!m_fill,w_280,h_210,f_jpg?from=ke.com
20240410,海淀,六里桥,101103624447,房子商品房满五年唯一高楼层视野开阔,575万,53104元/平,高楼层 (共23层) | 2002年 | 2室1厅 | 108.28平米 | 西南,https://ke-image.ljcdn.com/110000-inspection/test-44d57408-5735-4815-9b23-ee06049bf702.png!m_fill,w_280,h_210,f_jpg?from=ke.com
20240410,海淀,六里桥,101102422418,六里桥莲香园精装一居大客厅房源。,415万,65863元/平,底层 (共24层) | 2000年 | 1室1厅 | 63.01平米 | 东,https://ke-image.ljcdn.com/110000-inspection/pc1_XxOjS9d1i_1.jpg!m_fill,w_280,h_210,f_jpg?from=ke.com
20240410,海淀,六里桥,101123830471,南向电梯大一居户型方正楼层高视野好,435万,57571元/平,高楼层 (共16层) | 2006年 | 2室0厅 | 75.56平米 | 南 北,https://ke-image.ljcdn.com/110000-inspection/4f8260f3-0556-434e-8012-250cec81d103_1000.jpg!m_fill,w_280,h_210,f_jpg?from=ke.com
20240410,海淀,六里桥,101123810969,六里桥10号院 2室1厅 南 北新上,390万,54799元/平,中楼层 (共6层) | 1994年 | 2室1厅 | 71.17平米 | 南 北,https://ke-image.ljcdn.com/110000-inspection/pc1_hANtymou2.jpg!m_fill,w_280,h_210,f_jpg?from=ke.com
20240410,海淀,六里桥,101123786477,六里桥北里  南北两居室  低楼层出入方便新上,318万,63284元/平,底层 (共6层) | 1985年 | 2室1厅 | 50.25平米 | 南 北,https://ke-image.ljcdn.com/110000-inspection/pc1_M20GzRnvr_1.jpg!m_fill,w_280,h_210,f_jpg?from=ke.com
20240410,海淀,六里桥,101123751117,西三环六里桥风荷曲苑 游泳馆幼儿园 银座商场新上,410万,77170元/平,低楼层 (共20层) | 2004年 | 1室0厅 | 53.13平米 | 西,https://ke-image.ljcdn.com/110000-inspection/pc1_dWiAn6YMK_1.jpg!m_fill,w_280,h_210,f_jpg?from=ke.com
20240410,海淀,六里桥,101123711169,吴家村路10号院 2室1厅 西南 东北新上,469万,59360元/平,顶层 (共6层) 2室1厅 | 79.01平米 | 西南 东北,https://ke-image.ljcdn.com/110000-inspection/b52e075e-0618-4aae-bcf4-99302e2a10d4_1000.jpg!m_fill,w_280,h_210,f_jpg?from=ke.com
20240410,海淀,六里桥,101123675428,莲花小区三居室业主稳定出售户型合理。,980万,82492元/平,低楼层 (共28层) 3室2厅 | 118.8平米 | 南 北,https://ke-image.ljcdn.com/110000-inspection/pc1_zTEehkoox_1.jpg!m_fill,w_280,h_210,f_jpg?from=ke.com
20240410,海淀,六里桥,101123653329,西三环莲馨嘉园西南向3居2卫   人车分流  费用低,1030万,71563元/平,中楼层 (共21层) 3室1厅 | 143.93平米 | 西南,https://ke-image.ljcdn.com/110000-inspection/pc1_kKqT3piQF.jpg!m_fill,w_280,h_210,f_jpg?from=ke.com
20240410,海淀,六里桥,101123639445,公主坟 六里桥海淀产权优质一居  业主诚心出售,398万,86017元/平,低楼层 (共24层) 1室1厅 | 46.27平米 | 西南,https://ke-image.ljcdn.com/110000-inspection/pc1_C4Vgr5B7D.jpg!m_fill,w_280,h_210,f_jpg?from=ke.com
20240410,海淀,六里桥,101123608552,莲花小区 2室1厅 西南,750万,88433元/平,中楼层 (共26层) | 2000年 | 2室1厅 | 84.81平米 | 西南,https://ke-image.ljcdn.com/110000-inspection/pc1_H36hjvgrh_1.jpg!m_fill,w_280,h_210,f_jpg?from=ke.com
20240410,海淀,六里桥,101123574647,三环边 全明户型两居 楼层适中 光线足,526万,79170元/平,中楼层 (共24层) | 1998年 | 2室1厅 | 66.44平米 | 南 北 东,https://ke-image.ljcdn.com/110000-inspection/pc1_BWunqowYz.jpg!m_fill,w_280,h_210,f_jpg?from=ke.com
20240410,海淀,六里桥,101123539624,莲香园南北通透两居室 低楼层 行动方便,550万,70306元/平,底层 (共6层) | 1998年 | 2室1厅 | 78.23平米 | 南 北,https://ke-image.ljcdn.com/110000-inspection/pc1_t8cu5o9N3.jpg!m_fill,w_280,h_210,f_jpg?from=ke.com
20240410,海淀,六里桥,101123533361,西三环 永翌公馆 满五年唯一  一居室,478万,67268元/平,高楼层 (共25层) | 2011年 | 1室1厅 | 71.06平米 | 西,https://ke-image.ljcdn.com/110000-inspection/pc1_ZyQ2x990S.jpg!m_fill,w_280,h_210,f_jpg?from=ke.com
20240410,海淀,六里桥,101123499464,金家村288号院南北向三居诚心出售,720万,71707元/平,高楼层 (共6层) | 1996年 | 3室1厅 | 100.41平米 | 南 北,https://ke-image.ljcdn.com/110000-inspection/pc1_NfHtCLJUP.jpg!m_fill,w_280,h_210,f_jpg?from=ke.com
20240410,海淀,六里桥,101123497396,三环边南北两居室近地铁诚心卖,328万,48278元/平,顶层 (共6层) | 1995年 | 2室1厅 | 67.94平米 | 南 北,https://ke-image.ljcdn.com/110000-inspection/05da107b-9970-4feb-8450-4fdefcd25c56_1000.jpg!m_fill,w_280,h_210,f_jpg?from=ke.com
20240410,海淀,六里桥,101123400639,莲花小区 2室1厅 东南,730万,86075元/平,中楼层 (共28层) 2室1厅 | 84.81平米 | 东南,https://ke-image.ljcdn.com/110000-inspection/pc1_ZyQMuvVSG_1.jpg!m_fill,w_280,h_210,f_jpg?from=ke.com
20240410,海淀,六里桥,101123347381,莲花小区  海淀区 满五央产房  采光好房主自荐,750万,88433元/平,低楼层 (共28层) 2室1厅 | 84.81平米 | 西南,https://ke-image.ljcdn.com/110000-inspection/c92fc48e-ed2b-40de-af3b-8832a4273ab3_1000.jpg!m_fill,w_280,h_210,f_jpg?from=ke.com
20240410,海淀,六里桥,101123340996,盛今大厦精装满五年视野开阔采光充足,680万,62801元/平,中楼层 (共23层) | 2002年 | 2室2厅 | 108.28平米 | 西南,https://ke-image.ljcdn.com/110000-inspection/pc1_rfALUDAGj.jpg!m_fill,w_280,h_210,f_jpg?from=ke.com
20240410,海淀,六里桥,101123300435,西三环莲馨嘉园南向3居双卫费用少户型好人车分流小区,970万,67394元/平,低楼层 (共21层) | 2002年 | 3室2厅 | 143.93平米 | 西南,https://ke-image.ljcdn.com/110000-inspection/76132a7b-a497-4335-87da-621ae1d7a8ed_1000.jpg!m_fill,w_280,h_210,f_jpg?from=ke.com
20240410,海淀,六里桥,101123277241,海淀区吴家村路10号院西南朝向2居室,469万,68468元/平,低楼层 (共24层) 2室1厅 | 68.5平米 | 西南,https://ke-image.ljcdn.com/110000-inspection/ad21659c-18bb-49eb-aab5-39c62efce429_1000.jpg!m_fill,w_280,h_210,f_jpg?from=ke.com
20240410,海淀,六里桥,101123226751,西三环公主坟  铁路小区优质2居 诚心出售,600万,79566元/平,中楼层 (共24层) | 1998年 | 2室1厅 | 75.41平米 | 西南,https://ke-image.ljcdn.com/110000-inspection/pc1_1IrBICa87_1.jpg!m_fill,w_280,h_210,f_jpg?from=ke.com
20240410,海淀,六里桥,101123203135,莲花小区 满五唯一 南向 采光好  诚心出售房主自荐,735万,86665元/平,低楼层 (共28层) 2室2厅 | 84.81平米 | 西南,https://ke-image.ljcdn.com/110000-inspection/3802a4fd-df57-4ede-b5af-029893b78102_1000.jpg!m_fill,w_280,h_210,f_jpg?from=ke.com
20240410,海淀,六里桥,101123201653,莲馨嘉园新上大2居  业主诚心出售,750万,68644元/平,低楼层 (共21层) | 2002年 | 2室1厅 | 109.26平米 | 西南,https://ke-image.ljcdn.com/110000-inspection/pc1_L8yXfq0xg_1.jpg!m_fill,w_280,h_210,f_jpg?from=ke.com
20240410,海淀,六里桥,101123161275,金家村1号院 三环边万寿路精装房拎包入住,262万,72217元/平,中楼层 (共6层) 1室1厅 | 36.28平米 | 南,https://ke-image.ljcdn.com/110000-inspection/pc1_OUC74Plw7.jpg!m_fill,w_280,h_210,f_jpg?from=ke.com
20240410,海淀,六里桥,101123144287,六里桥北里 3室1厅 西南,445万,61127元/平,高楼层 (共20层) | 1988年 | 3室1厅 | 72.8平米 | 西南,https://ke-image.ljcdn.com/110000-inspection/pc1_rdRxFMBll.jpg!m_fill,w_280,h_210,f_jpg?from=ke.com
20240410,海淀,六里桥,101123100235,金家村1号院低楼层南北通透,310万,55318元/平,低楼层 (共6层) | 1990年 | 2室1厅 | 56.04平米 | 南 北,https://ke-image.ljcdn.com/110000-inspection/150f97ab-5492-42ce-8039-b485246f0d91_1000.jpg!m_fill,w_280,h_210,f_jpg?from=ke.com
20240410,海淀,六里桥,101123013535,海淀区产权正规一居业主诚意出售满两年,385万,71165元/平,低楼层 (共24层) 1室1厅 | 54.1平米 | 西北,https://ke-image.ljcdn.com/110000-inspection/pc1_QsAlQqRB3.jpg!m_fill,w_280,h_210,f_jpg?from=ke.com
20240410,海淀,六里桥,101122977881,海淀产权 边户两居室 无遮挡 观景房,758万,68878元/平,中楼层 (共28层) 2室1厅 | 110.05平米 | 东南,https://ke-image.ljcdn.com/110000-inspection/pc1_P3ar1WCgy_1.jpg!m_fill,w_280,h_210,f_jpg?from=ke.com
20240410,海淀,六里桥,101122960765,靛厂路6号院 南北通透四居 诚心卖 看房方便,2287万,114718元/平,中楼层 (共15层) | 2006年 | 4室2厅 | 199.36平米 | 西 南 北,https://ke-image.ljcdn.com/110000-inspection/pc1_Cp1zNBDP6.jpg!m_fill,w_280,h_210,f_jpg?from=ke.com
20240410,海淀,六里桥,101122871644,万丰路 南北正规四居室 带电梯 得房率81.7%,1150万,59704元/平,中楼层 (共22层) 4室2厅 | 192.62平米 | 南 北,https://ke-image.ljcdn.com/110000-inspection/84cc67d5-3cc1-43e5-931a-2c5ac0ebc191_1000.jpg!m_fill,w_280,h_210,f_jpg?from=ke.com
20240410,海淀,六里桥,101122852551,金家村288号院电梯南北通透四居室18楼带双车位,1150万,59704元/平,高楼层 (共22层) 4室1厅 | 192.62平米 | 南 北,https://ke-image.ljcdn.com/110000-inspection/pc1_lhHXtd2Iy_1.jpg!m_fill,w_280,h_210,f_jpg?from=ke.com
20240410,海淀,六里桥,101122819109,金家村288号院满五唯一电梯房三室两厅两卫。房主自荐,988万,61162元/平,中楼层 (共22层) 3室1厅 | 161.54平米 | 东南,https://ke-image.ljcdn.com/110000-inspection/pc1_D1Cz2pPIN_1.jpg!m_fill,w_280,h_210,f_jpg?from=ke.com
20240410,海淀,六里桥,101122812300,海淀铁路小区 双南向两居 满五年唯一 采光好 户型好,645万,90160元/平,低楼层 (共24层) | 1997年 | 2室1厅 | 71.54平米 | 西南,https://ke-image.ljcdn.com/110000-inspection/pc1_rh9l81Xm2.jpg!m_fill,w_280,h_210,f_jpg?from=ke.com
20240410,海淀,六里桥,101122802572,风荷曲苑顶层复式满五年唯一商品房,1686万,90905元/平,顶层 (共11层) 4室2厅 | 185.47平米 | 南 北,https://ke-image.ljcdn.com/110000-inspection/pc1_WIOtZx8cU_1.jpg!m_fill,w_280,h_210,f_jpg?from=ke.com
20240410,海淀,六里桥,101122794803,丰台区金家村288号院带电梯三居室出售,940万,58190元/平,高楼层 (共22层) | 2003年 | 3室1厅 | 161.54平米 | 东南,https://ke-image.ljcdn.com/110000-inspection/pc1_UMqhYhmmL_1.jpg!m_fill,w_280,h_210,f_jpg?from=ke.com
20240410,海淀,六里桥,101122739523,莲花小区 海淀产权 满五年唯一 东南 双卫 1个租赁车位房主自荐,920万,77331元/平,中楼层 (共28层) | 2004年 | 2室2厅 | 118.97平米 | 东南,https://ke-image.ljcdn.com/110000-inspection/c3212b1b-c5dd-4ea5-a290-a440dc9481a7_1000.jpg!m_fill,w_280,h_210,f_jpg?from=ke.com
20240410,海淀,六里桥,101122715534,西三环六里桥花园式小区   费用少   宽敞豁亮  无遮挡房主自荐,720万,57948元/平,高楼层 (共24层) 3室2厅 | 124.25平米 | 东北,https://ke-image.ljcdn.com/110000-inspection/pc1_zBiar5BVB.jpg!m_fill,w_280,h_210,f_jpg?from=ke.com
20240410,海淀,六里桥,101122635148,西三环莲花池公园附近华宝公寓,830万,40155元/平,低楼层 (共14层) | 1997年 | 3室1厅 | 206.7平米 | 东,https://ke-image.ljcdn.com/110000-inspection/pc1_uwi3yDzPO.jpg!m_fill,w_280,h_210,f_jpg?from=ke.com
20240410,海淀,六里桥,101122601988,海淀产权南北通透三居诚意出售复式结构无遮挡房主自荐,510万,60213元/平,顶层 (共6层) | 1995年 | 3室1厅 | 84.7平米 | 南 北,https://ke-image.ljcdn.com/110000-inspection/pc1_JgTVGiDiX.jpg!m_fill,w_280,h_210,f_jpg?from=ke.com
20240410,海淀,六里桥,101122598726,海淀铁路小区 南向一居中楼层 满五唯一商品房 诚心卖房主自荐,438万,86974元/平,中楼层 (共24层) 1室1厅 | 50.36平米 | 南,https://ke-image.ljcdn.com/110000-inspection/0cff47bf-a513-4c05-aded-6f5d43267b08_1000.jpg!m_fill,w_280,h_210,f_jpg?from=ke.com
20240410,海淀,六里桥,101122565024,莲花小区 2室1厅 东南 西南,770万,76970元/平,中楼层 (共26层) | 2000年 | 2室1厅 | 100.04平米 | 东南 西南,https://ke-image.ljcdn.com/110000-inspection/db76a5de-80f9-4be9-83ee-084f506186b9_1000.jpg!m_fill,w_280,h_210,f_jpg?from=ke.com
20240410,海淀,六里桥,101122538771,金家村288号院 3室1厅 南 北,618万,63197元/平,顶层 (共6层) | 1996年 | 3室1厅 | 97.79平米 | 南 北,https://ke-image.ljcdn.com/110000-inspection/pc1_skah1mlhU.jpg!m_fill,w_280,h_210,f_jpg?from=ke.com
20240410,海淀,六里桥,101122504546,满五唯一户型方正高层视野无遮挡厨卫干净精装修,598万,89602元/平,中楼层 (共35层) | 2013年 | 1室1厅 | 66.74平米 | 东,https://ke-image.ljcdn.com/110000-inspection/pc1_Bq0UBrO0W.jpg!m_fill,w_280,h_210,f_jpg?from=ke.com
20240410,海淀,六里桥,101122490640,风荷曲苑全南两居室满五年唯一花园社区,850万,73638元/平,低楼层 (共20层) 2室1厅 | 115.43平米 | 南,https://ke-image.ljcdn.com/110000-inspection/pc1_0ZfLXGAiJ.jpg!m_fill,w_280,h_210,f_jpg?from=ke.com
20240410,海淀,六里桥,101122463641,万丰路18号院正规两居户型方正布局合理房主自荐,785万,82311元/平,高楼层 (共24层) 2室1厅 | 95.37平米 | 西南,https://ke-image.ljcdn.com/110000-inspection/pc1_4OkGck5Xt_1.jpg!m_fill,w_280,h_210,f_jpg?from=ke.com
20240410,海淀,六里桥,101122448836,吴家村路10号院 莲宝路10号院 海淀产权满五年唯一,580万,61572元/平,高楼层 (共24层) | 1997年 | 3室1厅 | 94.2平米 | 西南,https://ke-image.ljcdn.com/110000-inspection/07e66314-9b88-4efa-91ee-038eb7ed9100_1000.jpg!m_fill,w_280,h_210,f_jpg?from=ke.com
20240410,海淀,六里桥,101122418080,新上房源铁路小区 东南两居 采光充足 满五唯一 靠谱签房主自荐,646万,90300元/平,高楼层 (共24层) 2室1厅 | 71.54平米 | 东南,https://ke-image.ljcdn.com/110000-inspection/pc1_3Ej2lHyMw_1.jpg!m_fill,w_280,h_210,f_jpg?from=ke.com
20240410,海淀,六里桥,101122391353,万丰路18号 一室一厅诚心出售,450万,74393元/平,低楼层 (共24层) | 2004年 | 1室1厅 | 60.49平米 | 东,https://ke-image.ljcdn.com/110000-inspection/pc1_rKx9iwEl6.jpg!m_fill,w_280,h_210,f_jpg?from=ke.com
20240410,海淀,六里桥,101122285036,随时签约 满五年唯一  正对小区花园 安静房主自荐,608万,91292元/平,中楼层 (共35层) 1室1厅 | 66.6平米 | 西,https://ke-image.ljcdn.com/110000-inspection/pc1_dVTUZA7TU_1.jpg!m_fill,w_280,h_210,f_jpg?from=ke.com
20240410,海淀,六里桥,101122170320,店长推荐西三环六里桥铁路小区纯南两居室不临街楼层好房主自荐,645万,90160元/平,低楼层 (共24层) 2室1厅 | 71.54平米 | 西南,https://ke-image.ljcdn.com/110000-inspection/pc1_0uTeeI5pb.jpg!m_fill,w_280,h_210,f_jpg?from=ke.com
20240410,海淀,六里桥,101122167099,三环边全明格局三居室优化大两居室房主自荐,430万,54089元/平,顶层 (共6层) | 1994年 | 3室1厅 | 79.5平米 | 东 南 北,https://ke-image.ljcdn.com/110000-inspection/pc1_w7rFzUQAe.jpg!m_fill,w_280,h_210,f_jpg?from=ke.com
20240410,海淀,六里桥,101122106030,万寿路南侧 南北一居 户型方正 厨房卫生间带窗户,260万,67341元/平,底层 (共6层) 1室1厅 | 38.61平米 | 南,https://ke-image.ljcdn.com/110000-inspection/pc1_ivYuLx9YG_1.jpg!m_fill,w_280,h_210,f_jpg?from=ke.com
20240410,海淀,六里桥,101122077609,店长推荐 精装修 东南向 诚意出售,1100万,74719元/平,低楼层 (共21层) | 2002年 | 3室1厅 | 147.22平米 | 东南,https://ke-image.ljcdn.com/110000-inspection/pc1_Fhv17uhC5.jpg!m_fill,w_280,h_210,f_jpg?from=ke.com
20240410,海淀,六里桥,101122012928,六里桥北里两居室体委家属楼精装婚房钢混有电梯,433万,58832元/平,中楼层 (共20层) | 1988年 | 2室1厅 | 73.6平米 | 东南 北,https://ke-image.ljcdn.com/110000-inspection/pc1_eba4ELIFo_1.jpg!m_fill,w_280,h_210,f_jpg?from=ke.com
20240410,海淀,六里桥,101121979627,铁路小区 海淀产权 业主诚心出售 楼层和视野好房主自荐,685万,76468元/平,高楼层 (共24层) 3室1厅 | 89.58平米 | 西北,https://ke-image.ljcdn.com/110000-inspection/pc1_sogGcUQ3E.jpg!m_fill,w_280,h_210,f_jpg?from=ke.com
20240410,海淀,六里桥,101121969816,六里桥7号院 南北通透两居室 满五年唯一,345万,60421元/平,高楼层 (共6层) | 1988年 | 2室1厅 | 57.1平米 | 南 北,https://ke-image.ljcdn.com/110000-inspection/pc1_oaj0TpA7M.jpg!m_fill,w_280,h_210,f_jpg?from=ke.com
20240410,海淀,六里桥,101121911487,吴家村路10号院  满五年唯一 高层视野开阔 采光好,370万,62290元/平,高楼层 (共24层) | 1997年 | 1室1厅 | 59.4平米 | 东北,https://ke-image.ljcdn.com/110000-inspection/3e807c88-5de5-4c3c-ac20-c383cf50435e_1000.jpg!m_fill,w_280,h_210,f_jpg?from=ke.com
20240410,海淀,六里桥,101121880113,橙色年代一居室诚心出售看房方便。,515万,84900元/平,低楼层 (共24层) | 2004年 | 1室1厅 | 60.66平米 | 西,https://ke-image.ljcdn.com/110000-inspection/pc1_uXVpDFFTF.jpg!m_fill,w_280,h_210,f_jpg?from=ke.com
20240410,海淀,六里桥,101121872720,铁路小区满五年唯一南北向 精装修 交通便利房主自荐,370万,80999元/平,底层 (共6层) 1室1厅 | 45.68平米 | 南,https://ke-image.ljcdn.com/110000-inspection/pc1_7Rrl0iT3r.jpg!m_fill,w_280,h_210,f_jpg?from=ke.com
20240410,海淀,六里桥,101121830787,澐澐国际海淀产权全东朝向业主诚心出售,698万,68620元/平,低楼层 (共26层) 1室1厅 | 101.72平米 | 东,https://ke-image.ljcdn.com/110000-inspection/pc1_UGn5gNEC5.jpg!m_fill,w_280,h_210,f_jpg?from=ke.com
20240410,海淀,六里桥,101121830288,吴家村路10号院海淀产权正规3居室,600万,79894元/平,底层 (共6层) | 1996年 | 3室1厅 | 75.1平米 | 东 西,https://ke-image.ljcdn.com/110000-inspection/pc1_fZ24YEhE1.jpg!m_fill,w_280,h_210,f_jpg?from=ke.com
20240410,海淀,六里桥,101121806313,西三环边 双地铁站9+10号线 三居 采光好视野好房主自荐,520万,61692元/平,顶层 (共5层) | 1998年 | 3室1厅 | 84.29平米 | 南 北,https://ke-image.ljcdn.com/110000-inspection/be331366-194d-4fdc-9c56-51aeafea9801_1000.jpg!m_fill,w_280,h_210,f_jpg?from=ke.com
20240410,海淀,六里桥,101121802560,金家村288号院正规一居室中间楼层,235万,61374元/平,中楼层 (共6层) | 1996年 | 1室1厅 | 38.29平米 | 北,https://ke-image.ljcdn.com/110000-inspection/pc1_Hz10kDNNd_1.jpg!m_fill,w_280,h_210,f_jpg?from=ke.com
20240410,海淀,六里桥,101121793949,橙色年代 朝北一居  海淀产权 落地窗视野好,450万,84223元/平,低楼层 (共24层) 1室0厅 | 53.43平米 | 北,https://ke-image.ljcdn.com/110000-inspection/pc1_xaH959xLJ_1.jpg!m_fill,w_280,h_210,f_jpg?from=ke.com
20240410,海淀,六里桥,101121793514,西三环 六里桥北里 南北通透两居室采光好房主自荐,295万,50471元/平,顶层 (共6层) | 1985年 | 2室1厅 | 58.45平米 | 南 北,https://ke-image.ljcdn.com/110000-inspection/eb3608b1-c3a2-46a9-b4a9-d4d685a5f248_1000.jpg!m_fill,w_280,h_210,f_jpg?from=ke.com
20240410,海淀,六里桥,101121714977,盛今佳园 海淀产权一居室 小区新位置好,410万,110009元/平,中楼层 (共26层) | 2006年 | 1室0厅 | 37.27平米 | 北,https://ke-image.ljcdn.com/110000-inspection/pc1_nzhuORsVI_1.jpg!m_fill,w_280,h_210,f_jpg?from=ke.com
20240410,海淀,六里桥,101121692737,2011年商品房 满五年且家庭一套住房 装修好拎包入住,559万,76818元/平,低楼层 (共25层) 1室1厅 | 72.77平米 | 南,https://ke-image.ljcdn.com/110000-inspection/pc1_6xOY9wRfY.jpg!m_fill,w_280,h_210,f_jpg?from=ke.com
20240410,海淀,六里桥,101121623908,金家村1号院 3室1厅 南 北,355万,52053元/平,顶层 (共6层) | 1990年 | 3室1厅 | 68.2平米 | 南 北,https://ke-image.ljcdn.com/110000-inspection/pc1_nA81n7MP8.jpg!m_fill,w_280,h_210,f_jpg?from=ke.com
20240410,海淀,六里桥,101121623894,海淀区橙色年代  东向一居室   诚心出售,570万,80978元/平,顶层 (共24层) | 2004年 | 1室1厅 | 70.39平米 | 东,https://ke-image.ljcdn.com/110000-inspection/pc1_ELg6VhHPg_1.jpg!m_fill,w_280,h_210,f_jpg?from=ke.com
20240410,海淀,六里桥,101121600093,吴家村路10号院 有电梯满五年唯一 中间层,395万,73013元/平,高楼层 (共24层) | 1997年 | 1室1厅 | 54.1平米 | 东北,https://ke-image.ljcdn.com/110000-inspection/pc1_rvRjvKyJW_1.jpg!m_fill,w_280,h_210,f_jpg?from=ke.com
20240410,海淀,六里桥,101121592310,海淀区橙色年代   全南向三居室 精装修,1000万,86103元/平,低楼层 (共24层) 3室1厅 | 116.14平米 | 南,https://ke-image.ljcdn.com/110000-inspection/pc1_KhZn57crS.jpg!m_fill,w_280,h_210,f_jpg?from=ke.com
20240410,海淀,六里桥,101121518244,南向一居室 采光好 随时签约 价格可谈 看房方便,395万,77451元/平,高楼层 (共6层) | 1999年 | 1室0厅 | 51平米 | 南,https://ke-image.ljcdn.com/110000-inspection/pc1_ifeZTv1Ff.jpg!m_fill,w_280,h_210,f_jpg?from=ke.com
20240410,海淀,六里桥,101121498639,六里桥7号院两居楼层好客厅大全南向近地铁,475万,66845元/平,中楼层 (共5层) | 1998年 | 2室1厅 | 71.06平米 | 南,https://ke-image.ljcdn.com/110000-inspection/pc1_RUym42zPK_1.jpg!m_fill,w_280,h_210,f_jpg?from=ke.com
20240410,海淀,六里桥,101121462319,莲香园板楼2居  业主随时签约,535万,69917元/平,高楼层 (共6层) 2室1厅 | 76.52平米 | 南 北,https://ke-image.ljcdn.com/110000-inspection/pc1_WUn6T2IBx.jpg!m_fill,w_280,h_210,f_jpg?from=ke.com
20240410,海淀,六里桥,101121444357,电梯房 体委宿舍 满五唯一 两梯八户房主自荐,425万,58380元/平,中楼层 (共20层) | 1989年 | 3室1厅 | 72.8平米 | 西北,https://ke-image.ljcdn.com/110000-inspection/f2e324cc-fadf-4e66-bdc9-ed9f38c38baf_1000.jpg!m_fill,w_280,h_210,f_jpg?from=ke.com
20240410,海淀,六里桥,101121442355,莲怡园一区 南北三居 单价低 成本低,385万,50826元/平,顶层 (共6层) 3室1厅 | 75.75平米 | 南 北,https://ke-image.ljcdn.com/110000-inspection/pc1_o12ci6u2W.jpg!m_fill,w_280,h_210,f_jpg?from=ke.com
20240410,海淀,六里桥,101121382814,莲花小区 海淀产权 南北通透 高楼层,1000万,74778元/平,高楼层 (共28层) | 2004年 | 3室2厅 | 133.73平米 | 南 北,https://ke-image.ljcdn.com/110000-inspection/pc1_aGgMn3KQe.jpg!m_fill,w_280,h_210,f_jpg?from=ke.com
20240410,海淀,六里桥,101121346217,三环边商品房社区随时看房。,1599万,98304元/平,底层 (共11层) | 2007年 | 4室2厅 | 162.66平米 | 东 南 北,https://ke-image.ljcdn.com/110000-inspection/pc1_XWQ06BQBr.jpg!m_fill,w_280,h_210,f_jpg?from=ke.com
20240410,海淀,六里桥,101121343786,莲怡园北路1号院 四居室 诚心出售房主自荐,655万,52167元/平,顶层 (共6层) | 1998年 | 4室2厅 | 125.56平米 | 南 北,https://ke-image.ljcdn.com/110000-inspection/pc1_z0ofctOZh.jpg!m_fill,w_280,h_210,f_jpg?from=ke.com
20240410,海淀,六里桥,101121315559,吴家场路5号院   海淀产权 高楼层 户型方正无浪费面积,355万,76724元/平,高楼层 (共24层) 1室1厅 | 46.27平米 | 西,https://ke-image.ljcdn.com/110000-inspection/pc1_7bi8qhrfA.jpg!m_fill,w_280,h_210,f_jpg?from=ke.com
20240410,海淀,六里桥,101121300165,莲花小区 2室1厅 西南,780万,84857元/平,中楼层 (共28层) | 1999年 | 2室1厅 | 91.92平米 | 西南,https://ke-image.ljcdn.com/110000-inspection/1205b359-85ad-49b8-b098-b994513dfaf5_1000.jpg!m_fill,w_280,h_210,f_jpg?from=ke.com
20240410,海淀,六里桥,101121269536,随时签约！海淀产权精装复式两居室两卫精装修。,535万,69662元/平,顶层 (共6层) | 1996年 | 2室1厅 | 76.8平米 | 南,https://ke-image.ljcdn.com/110000-inspection/pc1_l75u0CHgN.jpg!m_fill,w_280,h_210,f_jpg?from=ke.com
20240410,海淀,六里桥,101121267253,吴家村路10号院海淀区产权南北通透复式结构诚心出售,525万,67136元/平,顶层 (共6层) | 1998年 | 2室1厅 | 78.2平米 | 南 北,https://ke-image.ljcdn.com/110000-inspection/pc1_NJJHCMqFV_1.jpg!m_fill,w_280,h_210,f_jpg?from=ke.com
20240410,海淀,六里桥,101121266519,西三环六里桥莲怡园北路1号院南北通透采光充足,540万,65822元/平,高楼层 (共6层) | 1998年 | 3室1厅 | 82.04平米 | 南 北,https://ke-image.ljcdn.com/110000-inspection/pc1_MVjyvwc9r_1.jpg!m_fill,w_280,h_210,f_jpg?from=ke.com
20240410,海淀,六里桥,101121223215,华宝公寓 5室2厅 南 北,1180万,44613元/平,中楼层 (共14层) | 1997年 | 5室2厅 | 264.5平米 | 南 北,https://ke-image.ljcdn.com/110000-inspection/7a4ef7ce-6e2d-403e-99c5-c6bba6acf44e_1000.jpg!m_fill,w_280,h_210,f_jpg?from=ke.com
20240410,海淀,六里桥,101121172392,吴家村10号院的一居室诚心出售看房随时房主自荐,435万,80407元/平,高楼层 (共24层) | 1997年 | 1室1厅 | 54.1平米 | 西,https://ke-image.ljcdn.com/110000-inspection/pc1_c3XMqMcFh.jpg!m_fill,w_280,h_210,f_jpg?from=ke.com
20240410,海淀,六里桥,101121131242,风荷曲苑 2室1厅 南,1020万,103743元/平,中楼层 (共20层) | 2004年 | 2室1厅 | 98.32平米 | 南,https://ke-image.ljcdn.com/110000-inspection/pc1_ZdWMnMLh1.jpg!m_fill,w_280,h_210,f_jpg?from=ke.com
20240410,海淀,六里桥,101121120623,橙色年代全明格局三居室诚心出售,1190万,86590元/平,中楼层 (共6层) | 2004年 | 3室2厅 | 137.43平米 | 东 西,https://ke-image.ljcdn.com/110000-inspection/pc1_IziIFQUQp.jpg!m_fill,w_280,h_210,f_jpg?from=ke.com
20240410,海淀,六里桥,101121028916,满五唯一交易成本低近地铁配套全,350万,50418元/平,顶层 (共6层) 2室1厅 | 69.42平米 | 东 西,https://ke-image.ljcdn.com/110000-inspection/pc1_ykc9qm8qQ_1.jpg!m_fill,w_280,h_210,f_jpg?from=ke.com
20240410,海淀,六里桥,101121018833,莲花小区海淀区西三环无遮挡采光好,777万,79036元/平,高楼层 (共28层) | 1999年 | 2室1厅 | 98.31平米 | 西南,https://ke-image.ljcdn.com/110000-inspection/27334d4d-3db8-4f3f-9bad-6d42ea869695_1000.jpg!m_fill,w_280,h_210,f_jpg?from=ke.com
20240410,海淀,六里桥,101121000317,西三环海淀区铁路小区大客厅1居 费用少户型好视野不错,450万,97256元/平,中楼层 (共24层) 1室1厅 | 46.27平米 | 西,https://ke-image.ljcdn.com/110000-inspection/027bd446-81e2-428f-b25c-b08bf88640e3_1000.jpg!m_fill,w_280,h_210,f_jpg?from=ke.com
20240410,海淀,六里桥,101120975298,永翌公馆2011年房龄满五年唯一商品房近地铁房主自荐,520万,75593元/平,中楼层 (共25层) 1室1厅 | 68.79平米 | 东,https://ke-image.ljcdn.com/110000-inspection/pc1_xBbT2ZE2B_1.jpg!m_fill,w_280,h_210,f_jpg?from=ke.com
20240410,海淀,六里桥,101120968542,莲宝路10号院海淀产权南北复式结构业主诚意出售,510万,60213元/平,顶层 (共6层) | 1995年 | 3室1厅 | 84.7平米 | 北 南,https://ke-image.ljcdn.com/110000-inspection/pc1_hYmZc3nlN.jpg!m_fill,w_280,h_210,f_jpg?from=ke.com
20240410,海淀,六里桥,101120930521,靛厂路6号院 万丰公园边上 南北大四居 使用面积大,1850万,119363元/平,高楼层 (共6层) | 2006年 | 4室2厅 | 154.99平米 | 南 北,https://ke-image.ljcdn.com/110000-inspection/pc1_oW1Whxa74_1.jpg!m_fill,w_280,h_210,f_jpg?from=ke.com
20240410,海淀,六里桥,101120922627,吴家村路10号院  海淀产权 居住舒适 看房效果棒,375万,69317元/平,中楼层 (共24层) | 1997年 | 1室1厅 | 54.1平米 | 东北,https://ke-image.ljcdn.com/110000-inspection/pc1_KQXdqe6EO_1.jpg!m_fill,w_280,h_210,f_jpg?from=ke.com
20240410,海淀,六里桥,101120897404,莲香园东南香三居室 明厨明卫 采光视野好,1050万,68404元/平,低楼层 (共24层) | 2000年 | 3室1厅 | 153.5平米 | 南,https://ke-image.ljcdn.com/110000-inspection/pc1_nC32HwRk9.jpg!m_fill,w_280,h_210,f_jpg?from=ke.com
20240410,海淀,六里桥,101120789602,铁路小区正规1居室精装修楼层高没有遮挡！房主自荐,418万,90340元/平,顶层 (共24层) | 1997年 | 1室2厅 | 46.27平米 | 东,https://ke-image.ljcdn.com/110000-inspection/pc1_77D4Iy8ou_1.jpg!m_fill,w_280,h_210,f_jpg?from=ke.com
20240410,海淀,六里桥,101120575931,盛今佳园 2室1厅 南 北,1000万,97107元/平,高楼层 (共26层) | 2006年 | 2室1厅 | 102.98平米 | 南 北,https://ke-image.ljcdn.com/110000-inspection/pc1_lvyJFO4o7.jpg!m_fill,w_280,h_210,f_jpg?from=ke.com
20240410,海淀,六里桥,101120309037,随时签约随时看房满五年唯一海淀产权人车分流房主自荐,830万,91896元/平,中楼层 (共35层) 2室1厅 | 90.32平米 | 南,https://ke-image.ljcdn.com/110000-inspection/pc1_dJXzTrxDt.jpg!m_fill,w_280,h_210,f_jpg?from=ke.com
20240410,海淀,六里桥,101120168413,盛今佳园 3室1厅 西南 北,1168万,98111元/平,中楼层 (共26层) | 2007年 | 3室1厅 | 119.05平米 | 西南 北,https://ke-image.ljcdn.com/110000-inspection/pc1_4pqondURQ.jpg!m_fill,w_280,h_210,f_jpg?from=ke.com
20240410,海淀,六里桥,101120137286,吴家村路10号院 3室1厅 西北,550万,58387元/平,中楼层 (共24层) | 1996年 | 3室1厅 | 94.2平米 | 西北,https://ke-image.ljcdn.com/110000-inspection/62efb400-8d04-4396-ab45-e0aaa4d408e5_1000.jpg!m_fill,w_280,h_210,f_jpg?from=ke.com
20240410,海淀,六里桥,101120030083,莲香园板楼南北通透大两居户型方正通风采光不临街,690万,66436元/平,中楼层 (共7层) 2室1厅 | 103.86平米 | 南 北,https://ke-image.ljcdn.com/110000-inspection/pc1_aEUC8I6CK.jpg!m_fill,w_280,h_210,f_jpg?from=ke.com
20240410,海淀,六里桥,101120020545,盛今佳园 3室1厅 南 北,1150万,123550元/平,顶层 (共26层) | 2006年 | 3室1厅 | 93.08平米 | 南 北,https://ke-image.ljcdn.com/110000-inspection/pc1_1o9YQXGOf.jpg!m_fill,w_280,h_210,f_jpg?from=ke.com
20240410,海淀,六里桥,101120003556,六里桥北里体委宿舍电梯房业主诚心出售,448万,60870元/平,低楼层 (共20层) | 1988年 | 3室1厅 | 73.6平米 | 西北,https://ke-image.ljcdn.com/110000-inspection/pc1_7oPduHnkW.jpg!m_fill,w_280,h_210,f_jpg?from=ke.com
20240410,海淀,六里桥,101119976061,吴家村路10号院满五年唯一三居高楼层视野开阔,620万,59731元/平,高楼层 (共24层) 3室1厅 | 103.8平米 | 西北,https://ke-image.ljcdn.com/110000-inspection/pc1_a6446MWO4.jpg!m_fill,w_280,h_210,f_jpg?from=ke.com
20240410,海淀,六里桥,101119929416,海淀区满五年唯一东南向两居采光好不临街正对小区,498万,73998元/平,低楼层 (共24层) | 1998年 | 2室1厅 | 67.3平米 | 东南,https://ke-image.ljcdn.com/110000-inspection/pc1_mdaZ1gej5.jpg!m_fill,w_280,h_210,f_jpg?from=ke.com
20240410,海淀,六里桥,101119929390,高楼层视野开阔产权清晰无抵押无贷款,395万,80449元/平,顶层 (共6层) | 1995年 | 1室1厅 | 49.1平米 | 北,https://ke-image.ljcdn.com/110000-inspection/pc1_IV170GQJ8_1.jpg!m_fill,w_280,h_210,f_jpg?from=ke.com
20240410,海淀,六里桥,101119881709,莲花小区 2室1厅 东南,800万,72675元/平,高楼层 (共28层) | 1999年 | 2室1厅 | 110.08平米 | 东南,https://ke-image.ljcdn.com/110000-inspection/pc1_CH32DQXkY.jpg!m_fill,w_280,h_210,f_jpg?from=ke.com
20240410,海淀,六里桥,101119846557,西三环莲花桥海淀产权莲花小区,850万,76924元/平,中楼层 (共28层) | 1999年 | 2室1厅 | 110.5平米 | 东南,https://ke-image.ljcdn.com/110000-inspection/pc1_d72TLUqSG_1.jpg!m_fill,w_280,h_210,f_jpg?from=ke.com
20240410,海淀,六里桥,101119730796,南北三居室 地铁六里桥站  带电梯 卫生间带窗户,598万,63456元/平,高楼层 (共16层) 3室1厅 | 94.24平米 | 南 北,https://ke-image.ljcdn.com/110000-inspection/pc1_gesJbmoNR.jpg!m_fill,w_280,h_210,f_jpg?from=ke.com
20240410,海淀,六里桥,101119673694,永翌公馆 1室1厅 西,490万,68956元/平,低楼层 (共25层) | 2011年 | 1室1厅 | 71.06平米 | 西,https://ke-image.ljcdn.com/110000-inspection/pc1_tOt4ZjG9F_1.jpg!m_fill,w_280,h_210,f_jpg?from=ke.com
20240410,海淀,六里桥,101119523025,南北通透正规两居低楼层视野好近地铁配套完善,340万,54857元/平,顶层 (共6层) 2室1厅 | 61.98平米 | 南 北,https://ke-image.ljcdn.com/110000-inspection/pc1_CE6xa9ssz_1.jpg!m_fill,w_280,h_210,f_jpg?from=ke.com
20240410,海淀,六里桥,101119498767,吴家村路10号院中间楼层采光视野好,418万,77265元/平,中楼层 (共24层) | 1997年 | 1室1厅 | 54.1平米 | 西北,https://ke-image.ljcdn.com/110000-inspection/pc1_EZQS7sxkL_1.jpg!m_fill,w_280,h_210,f_jpg?from=ke.com
20240410,海淀,六里桥,101119487469,莲怡园北路1号院满五唯一南北通透,270万,59133元/平,中楼层 (共6层) 1室1厅 | 45.66平米 | 南 北,https://ke-image.ljcdn.com/110000-inspection/pc1_sGsLOXvuu_1.jpg!m_fill,w_280,h_210,f_jpg?from=ke.com
20240410,海淀,六里桥,101119390513,风荷曲苑西向一居室满五年唯一业主诚心出售。,385万,83406元/平,低楼层 (共20层) | 2004年 | 1室0厅 | 46.16平米 | 西,https://ke-image.ljcdn.com/110000-inspection/pc1_gQoSdvH1i_1.jpg!m_fill,w_280,h_210,f_jpg?from=ke.com
20240410,海淀,六里桥,101119362123,西三环 华宝公寓  大复式  高层高 莲花池公园畔,660万,43223元/平,中楼层 (共14层) | 1997年 | 3室2厅 | 152.7平米 | 东 西,https://ke-image.ljcdn.com/110000-inspection/3afff676-9b06-40a9-9060-b70948dd1a7c_1000.jpg!m_fill,w_280,h_210,f_jpg?from=ke.com
20240410,海淀,六里桥,101119298895,莲宝路2号院东南向2居中间好楼层小区干净整齐,532万,61575元/平,低楼层 (共23层) | 2002年 | 2室1厅 | 86.4平米 | 东南,https://ke-image.ljcdn.com/110000-inspection/pc1_UfHcg9SiV.jpg!m_fill,w_280,h_210,f_jpg?from=ke.com
20240410,海淀,六里桥,101119242828,西三环花园式小区环境莲香园南北通透2居   费用少,625万,79893元/平,底层 (共6层) | 1999年 | 2室1厅 | 78.23平米 | 南 北,https://ke-image.ljcdn.com/110000-inspection/pc1_OUOOeiodP.jpg!m_fill,w_280,h_210,f_jpg?from=ke.com
20240410,海淀,六里桥,101119080035,西南三环边低层出行方便装修好可以拎包入住,185万,34184元/平,地下室 (共6层) 2室1厅 | 54.12平米 | 南,https://ke-image.ljcdn.com/110000-inspection/a7ab7d92-6820-4146-a739-92630a8aaef1_1000.jpg!m_fill,w_280,h_210,f_jpg?from=ke.com
20240410,海淀,六里桥,101118957049,莲香园 新上正规三居室 高楼层视野开阔 满五年央产房房主自荐,683万,64228元/平,顶层 (共16层) | 1997年 | 3室1厅 | 106.34平米 | 东 北,https://ke-image.ljcdn.com/110000-inspection/pc1_a9yJGnHjN_1.jpg!m_fill,w_280,h_210,f_jpg?from=ke.com
20240410,海淀,六里桥,101118938837,莲怡园二区大两居南北通透中楼层电梯房采光好,640万,63067元/平,中楼层 (共13层) | 2005年 | 2室1厅 | 101.48平米 | 南 北,https://ke-image.ljcdn.com/110000-inspection/pc1_OzEVUU9b7.jpg!m_fill,w_280,h_210,f_jpg?from=ke.com
20240410,海淀,六里桥,101118668602,铁路小区 海淀产权 南向无遮挡 满五年房主自荐,480万,95314元/平,中楼层 (共24层) | 1997年 | 1室1厅 | 50.36平米 | 南,https://ke-image.ljcdn.com/110000-inspection/pc1_JOw8gQGlE_1.jpg!m_fill,w_280,h_210,f_jpg?from=ke.com
20240410,海淀,六里桥,101118655229,金家村1号院全南两居室视野开阔诚心出售,296万,60582元/平,顶层 (共5层) 2室1厅 | 48.86平米 | 南,https://ke-image.ljcdn.com/110000-inspection/pc1_5TlUGcCqR.jpg!m_fill,w_280,h_210,f_jpg?from=ke.com
20240410,海淀,六里桥,101118653278,六里桥小区两居东南北通透商品房近临六里桥地铁,388万,62390元/平,底层 (共6层) 2室1厅 | 62.19平米 | 南 北 东,https://ke-image.ljcdn.com/110000-inspection/pc1_3n9ppjy6m_1.jpg!m_fill,w_280,h_210,f_jpg?from=ke.com
20240410,海淀,六里桥,101118565721,吴家村路10号院海淀区产权楼层好无遮挡,515万,75183元/平,低楼层 (共24层) | 1997年 | 2室1厅 | 68.5平米 | 西北,https://ke-image.ljcdn.com/110000-inspection/pc1_O80pwk1wC_1.jpg!m_fill,w_280,h_210,f_jpg?from=ke.com
20240410,海淀,六里桥,101118526899,南北通透明厨明卫低层出行方便双线地铁六里桥站,190万,32220元/平,地下室 (共6层) | 2007年 | 2室1厅 | 58.97平米 | 南 北,https://ke-image.ljcdn.com/110000-inspection/pc1_NudF76Upw.jpg!m_fill,w_280,h_210,f_jpg?from=ke.com
20240410,海淀,六里桥,101118243113,三环边海淀产权采光无遮挡精装东西通透两居房主自荐,582万,93540元/平,高楼层 (共6层) | 1998年 | 2室1厅 | 62.22平米 | 东 西,https://ke-image.ljcdn.com/110000-inspection/pc1_vwahy480i.jpg!m_fill,w_280,h_210,f_jpg?from=ke.com
20240410,海淀,六里桥,101118213101,西三环东西通透两居室 高楼层视野开阔无遮挡,309万,55606元/平,高楼层 (共6层) | 1980年 | 2室1厅 | 55.57平米 | 东 西,https://ke-image.ljcdn.com/110000-inspection/pc1_fybdFmz2n_1.jpg!m_fill,w_280,h_210,f_jpg?from=ke.com
20240410,海淀,六里桥,101118158048,莲宝路9号院精装三居室高楼层视野很好。,1130万,62946元/平,高楼层 (共26层) | 2008年 | 3室1厅 | 179.52平米 | 东北,https://ke-image.ljcdn.com/110000-inspection/pc1_dGmuSpEej_1.jpg!m_fill,w_280,h_210,f_jpg?from=ke.com
20240410,海淀,六里桥,101118152434,六里桥7号院满五年唯一商品房。,251万,61671元/平,顶层 (共6层) | 1988年 | 1室1厅 | 40.7平米 | 南 北,https://ke-image.ljcdn.com/110000-inspection/prod-3d93f1e4-e4a1-4f09-9904-8aceb7b9dcd2.jpg!m_fill,w_280,h_210,f_jpg?from=ke.com
20240410,海淀,六里桥,101118137601,六里桥花园式社区莲香园三居室满五年唯一,650万,61125元/平,低楼层 (共24层) 3室2厅 | 106.34平米 | 南 东北,https://ke-image.ljcdn.com/110000-inspection/pc1_cq0x1Jgvb_1.jpg!m_fill,w_280,h_210,f_jpg?from=ke.com
20240410,海淀,六里桥,101118106090,东南向两居 采光充足 视野开阔 精装修 可拎包入住,759万,85167元/平,高楼层 (共24层) 2室1厅 | 89.12平米 | 东南,https://ke-image.ljcdn.com/110000-inspection/pc1_ZNUCKLS05.jpg!m_fill,w_280,h_210,f_jpg?from=ke.com
20240410,海淀,六里桥,101118096355,万寿路南电子出版社家属院正规两居室采光好,510万,58467元/平,高楼层 (共7层) | 1996年 | 2室3厅 | 87.23平米 | 南,https://ke-image.ljcdn.com/110000-inspection/pc1_pv8nOgHjb.jpg!m_fill,w_280,h_210,f_jpg?from=ke.com
20240410,海淀,六里桥,101118058368,西三环 六里桥 楼层好视野好 光线好 交通便利房主自荐,499万,65085元/平,低楼层 (共25层) | 2011年 | 1室1厅 | 76.67平米 | 西,https://ke-image.ljcdn.com/110000-inspection/pc1_0fTYbV28U_1.jpg!m_fill,w_280,h_210,f_jpg?from=ke.com
20240410,海淀,六里桥,101118056562,吴家村路10号院精装修南向1居室满五年唯一商品房,499万,108952元/平,底层 (共6层) | 1995年 | 1室1厅 | 45.8平米 | 南,https://ke-image.ljcdn.com/110000-inspection/pc1_T68ZxXLNv_1.jpg!m_fill,w_280,h_210,f_jpg?from=ke.com
20240410,海淀,六里桥,101118055073,六里桥北里 带电梯三居 户型方正 满五唯一,470万,64208元/平,低楼层 (共20层) | 1988年 | 3室1厅 | 73.2平米 | 西南,https://ke-image.ljcdn.com/110000-inspection/pc1_MeE7E5IAm.jpg!m_fill,w_280,h_210,f_jpg?from=ke.com
20240410,海淀,六里桥,101118054856,六里桥3号院满五年唯一东南三居室地铁六里桥站,609万,53591元/平,顶层 (共6层) 3室1厅 | 113.64平米 | 东南,https://ke-image.ljcdn.com/110000-inspection/pc1_QvKnmXB44.jpg!m_fill,w_280,h_210,f_jpg?from=ke.com
20240410,海淀,六里桥,101118052204,铁路小区 西三环海淀产权 南北通透 全明格局小区中间,758万,95000元/平,顶层 (共6层) 3室2厅 | 79.79平米 | 南 北,https://ke-image.ljcdn.com/110000-inspection/pc1_BOx8koIRY_1.jpg!m_fill,w_280,h_210,f_jpg?from=ke.com
20240410,海淀,六里桥,101118024164,06年商品房小区1梯4户 落地阳台 南向双卫,438万,80560元/平,高楼层 (共10层) | 2006年 | 1室1厅 | 54.37平米 | 南,https://ke-image.ljcdn.com/110000-inspection/pc1_9E5BNmLFZ.jpg!m_fill,w_280,h_210,f_jpg?from=ke.com
20240410,海淀,六里桥,101118009803,电子工业出版社家属院满五年业主家庭名下一套房,550万,59402元/平,顶层 (共6层) | 1996年 | 2室1厅 | 92.59平米 | 南 北,https://ke-image.ljcdn.com/110000-inspection/pc1_rW3uYdBVP.jpg!m_fill,w_280,h_210,f_jpg?from=ke.com
20240410,海淀,六里桥,101117929141,丰台区林滤家园南北通透跃层三居室诚心出售,1150万,87406元/平,中楼层 (共10层) | 2006年 | 4室1厅 | 131.57平米 | 南 北,https://ke-image.ljcdn.com/110000-inspection/pc1_UarGmv3aG.jpg!m_fill,w_280,h_210,f_jpg?from=ke.com
20240410,海淀,六里桥,101117920198,莲宝路9号院满五年唯一2008年社区海淀区产权,1180万,65501元/平,低楼层 (共26层) 3室2厅 | 180.15平米 | 东南,https://ke-image.ljcdn.com/110000-inspection/pc1_IiT6wAt43.jpg!m_fill,w_280,h_210,f_jpg?from=ke.com
20240410,海淀,六里桥,101117792695,林滤家园复式住宅全南向采光好,708万,96432元/平,高楼层 (共10层) | 2006年 | 2室1厅 | 73.42平米 | 南,https://ke-image.ljcdn.com/110000-inspection/pc1_5OR0UUpVU_1.jpg!m_fill,w_280,h_210,f_jpg?from=ke.com
20240410,海淀,六里桥,101117780026,西三环海淀产权 吴家村十号院,515万,75183元/平,中楼层 (共24层) | 1997年 | 2室1厅 | 68.5平米 | 西,https://ke-image.ljcdn.com/110000-inspection/pc1_0sKoI7FW4.jpg!m_fill,w_280,h_210,f_jpg?from=ke.com
20240410,海淀,六里桥,101117676670,吴家村路10号院吴家村路10号院,680万,72187元/平,低楼层 (共24层) 3室1厅 | 94.2平米 | 西南,https://ke-image.ljcdn.com/110000-inspection/pc1_MsYoGwPrN.jpg!m_fill,w_280,h_210,f_jpg?from=ke.com
20240410,海淀,六里桥,101117236595,吴家村路10号院优质推广 房源,510万,58220元/平,顶层 (共6层) | 1995年 | 3室1厅 | 87.6平米 | 南 北,https://ke-image.ljcdn.com/110000-inspection/pc1_e89b667QX.jpg!m_fill,w_280,h_210,f_jpg?from=ke.com
20240410,海淀,六里桥,101117059850,三环边中间层三居室随时看房房主自荐,442万,65951元/平,中楼层 (共6层) | 1991年 | 3室1厅 | 67.02平米 | 南 北,https://ke-image.ljcdn.com/110000-inspection/c2eb6bd9-2af7-4203-b8d0-faddaf37154f_1000.jpg!m_fill,w_280,h_210,f_jpg?from=ke.com
20240410,海淀,六里桥,101117059349,莲宝路10号院、正规一居海淀产权、业主诚意出售,445万,82256元/平,高楼层 (共24层) | 1997年 | 1室1厅 | 54.1平米 | 东北,https://ke-image.ljcdn.com/110000-inspection/pc1_PVIUf05XB_1.jpg!m_fill,w_280,h_210,f_jpg?from=ke.com
20240410,海淀,六里桥,101116056894,莲花小区 海淀产权 精装修 满五唯一 正对小区绿化,775万,70423元/平,低楼层 (共28层) | 2000年 | 2室1厅 | 110.05平米 | 西南,https://ke-image.ljcdn.com/110000-inspection/pc1_YvlHSBftm.jpg!m_fill,w_280,h_210,f_jpg?from=ke.com
20240410,海淀,六里桥,101114692184,海淀西三环 莲花小区 复式 诚心出售,1200万,79963元/平,高楼层 (共28层) | 1999年 | 3室1厅 | 150.07平米 | 东 南 北,https://ke-image.ljcdn.com/110000-inspection/pc1_ooimE6Wg8.jpg!m_fill,w_280,h_210,f_jpg?from=ke.com
20240410,海淀,六里桥,101114141169,吴家村10号院海淀大三居 独立餐厅阳台到楼层东南朝向房主自荐,888万,85550元/平,高楼层 (共24层) | 1997年 | 3室2厅 | 103.8平米 | 东 南,https://ke-image.ljcdn.com/110000-inspection/pc1_I0ft3gdYP.jpg!m_fill,w_280,h_210,f_jpg?from=ke.com
20240410,海淀,六里桥,101114004440,吴家村路10号院 1室0厅 西北,425万,71549元/平,高楼层 (共24层) | 1997年 | 1室0厅 | 59.4平米 | 西北,https://ke-image.ljcdn.com/110000-inspection/pc1_GaplnuaiC_1.jpg!m_fill,w_280,h_210,f_jpg?from=ke.com
20240410,海淀,六里桥,101113664241,莲香园东南向精致两居室诚心出售满五业主唯一住房,610万,65740元/平,中楼层 (共24层) | 2000年 | 2室1厅 | 92.79平米 | 东,https://ke-image.ljcdn.com/110000-inspection/pc1_ZiXU4uRcy.jpg!m_fill,w_280,h_210,f_jpg?from=ke.com
20240410,海淀,六里桥,101112306249,海淀区产权正规东南向两居复式结构满五年唯一,520万,63875元/平,顶层 (共6层) | 1996年 | 2室1厅 | 81.41平米 | 东南,https://ke-image.ljcdn.com/110000-inspection/pc1_8lySxLenz_1.jpg!m_fill,w_280,h_210,f_jpg?from=ke.com
20240410,海淀,六里桥,101104312125,莲香园南北通透四居室视野好户型好,860万,43134元/平,高楼层 (共7层) | 2000年 | 4室1厅 | 199.38平米 | 南 北,https://ke-image.ljcdn.com/110000-inspection/prod-b5c203ff-4dcf-453b-9a3d-443f436a11d9.jpg!m_fill,w_280,h_210,f_jpg?from=ke.com
20240410,海淀,六里桥,101123820705,海淀西三环 精装三居室 东南朝向,1280万,103010元/平,中楼层 (共26层) | 2006年 | 3室1厅 | 124.26平米 | 东 南,https://s1.ljcdn.com/pegasus/redskull/images/common/default_house_list.png?_v=2024040915162419
20240410,海淀,六里桥,101123790717,9+10号线 店长推荐  海淀东向一居 采光不遮挡 中楼层新上,430万,92933元/平,中楼层 (共24层) | 2001年 | 1室1厅 | 46.27平米 | 东,https://s1.ljcdn.com/pegasus/redskull/images/common/default_house_list.png?_v=2024040915162419
20240410,海淀,六里桥,101123788714,莲香园 2室1厅 南 西新上,610万,74746元/平,高楼层 (共24层) 2室1厅 | 81.61平米 | 南 西,https://s1.ljcdn.com/pegasus/redskull/images/common/default_house_list.png?_v=2024040915162419
20240410,海淀,六里桥,101123770556,三环边商品房环境优美人车分流户型方正无遮挡新上,398万,86222元/平,中楼层 (共20层) | 2004年 | 1室1厅 | 46.16平米 | 西,https://s1.ljcdn.com/pegasus/redskull/images/common/default_house_list.png?_v=2024040915162419
20240410,海淀,六里桥,101123700821,金家村288号院 2室1厅 南 西南新上,530万,53829元/平,顶层 (共22层) 2室1厅 | 98.46平米 | 南 西南,https://s1.ljcdn.com/pegasus/redskull/images/common/default_house_list.png?_v=2024040915162419
20240410,海淀,六里桥,101123684180,莲怡园北路1号院复式四居室诚心卖,580万,55413元/平,顶层 (共6层) 4室1厅 | 104.67平米 | 南 北,https://s1.ljcdn.com/pegasus/redskull/images/common/default_house_list.png?_v=2024040915162419
20240410,海淀,六里桥,101123654685,莲怡园一区 1室1厅 南 北,360万,58056元/平,中楼层 (共16层) | 2000年 | 1室1厅 | 62.01平米 | 南 北,https://s1.ljcdn.com/pegasus/redskull/images/common/default_house_list.png?_v=2024040915162419
20240410,海淀,六里桥,101123651954,风荷曲苑 3室2厅 南 北,1280万,104345元/平,高楼层 (共11层) 3室2厅 | 122.67平米 | 南 北,https://s1.ljcdn.com/pegasus/redskull/images/common/default_house_list.png?_v=2024040915162419
20240410,海淀,六里桥,101123647519,莲怡园一区 半地下70年产权大红本 南北户型,180万,30278元/平,地下室 (共6层) 2室1厅 | 59.45平米 | 南 北,https://s1.ljcdn.com/pegasus/redskull/images/common/default_house_list.png?_v=2024040915162419
20240410,海淀,六里桥,101123647320,莲怡园一区 高层两居室 全朝南 采光好,299万,52209元/平,顶层 (共6层) 2室1厅 | 57.27平米 | 南,https://s1.ljcdn.com/pegasus/redskull/images/common/default_house_list.png?_v=2024040915162419
20240410,海淀,六里桥,101123567318,海淀区西三环莲花桥复式好房看房方便,240万,73462元/平,低楼层 (共18层) | 2009年 | 2室1厅 | 32.67平米 | 南,https://s1.ljcdn.com/pegasus/redskull/images/common/default_house_list.png?_v=2024040915162419
20240410,海淀,六里桥,101123488381,金家村288号院 2室1厅 东南,550万,63548元/平,中楼层 (共22层) 2室1厅 | 86.55平米 | 东南,https://s1.ljcdn.com/pegasus/redskull/images/common/default_house_list.png?_v=2024040915162419
20240410,海淀,六里桥,101123457633,吴家村路10号院商品房两居东南向,470万,69733元/平,底层 (共24层) | 1996年 | 2室1厅 | 67.4平米 | 东南,https://s1.ljcdn.com/pegasus/redskull/images/common/default_house_list.png?_v=2024040915162419
20240410,海淀,六里桥,101123255499,永翌公馆大一居满五唯一地铁9/10号线六里桥,480万,67549元/平,低楼层 (共25层) | 2011年 | 1室1厅 | 71.06平米 | 西,https://s1.ljcdn.com/pegasus/redskull/images/common/default_house_list.png?_v=2024040915162419
20240410,海淀,六里桥,101123200937,西三环莲香园西南向2居  户型好  费用少,550万,67394元/平,低楼层 (共16层) 2室1厅 | 81.61平米 | 西南,https://s1.ljcdn.com/pegasus/redskull/images/common/default_house_list.png?_v=2024040915162419
20240410,海淀,六里桥,101123132238,莲怡园二区 2室1厅 西南,488万,58493元/平,高楼层 (共20层) | 2005年 | 2室1厅 | 83.43平米 | 西南,https://s1.ljcdn.com/pegasus/redskull/images/common/default_house_list.png?_v=2024040915162419
20240410,海淀,六里桥,101123104819,西三环莲花池公园旁朝南向盛今佳园,243万,70050元/平,中楼层 (共18层) | 2009年 | 2室1厅 | 34.69平米 | 南,https://s1.ljcdn.com/pegasus/redskull/images/common/default_house_list.png?_v=2024040915162419
20240410,海淀,六里桥,101123014669,六里桥10号院 2室1厅 东南,443万,63187元/平,中楼层 (共6层) | 1994年 | 2室1厅 | 70.11平米 | 东南,https://s1.ljcdn.com/pegasus/redskull/images/common/default_house_list.png?_v=2024040915162419
20240410,海淀,六里桥,101122969649,盛今佳园 1室0厅 北,150万,54546元/平,低楼层 (共18层) | 2009年 | 1室0厅 | 27.5平米 | 北,https://s1.ljcdn.com/pegasus/redskull/images/common/default_house_list.png?_v=2024040915162419
20240410,海淀,六里桥,101122966407,金家村288号院 3室1厅 南 北,1350万,83427元/平,低楼层 (共22层) 3室1厅 | 161.82平米 | 南 北,https://s1.ljcdn.com/pegasus/redskull/images/common/default_house_list.png?_v=2024040915162419
20240410,海淀,六里桥,101122795096,莲怡园北路1号院 2室1厅 南 北,380万,63898元/平,中楼层 (共6层) 2室1厅 | 59.47平米 | 南 北,https://s1.ljcdn.com/pegasus/redskull/images/common/default_house_list.png?_v=2024040915162419
20240410,海淀,六里桥,101122231022,莲花池西路23号 东南北两居室 单位分的房子,500万,65377元/平,高楼层 (共24层) | 1998年 | 2室1厅 | 76.48平米 | 东 北 南,https://s1.ljcdn.com/pegasus/redskull/images/common/default_house_list.png?_v=2024040915162419
20240410,海淀,六里桥,101122081913,盛今佳园   东南向上下复式  采光好  楼层好,237万,72367元/平,高楼层 (共18层) 2室1厅 | 32.75平米 | 东南,https://s1.ljcdn.com/pegasus/redskull/images/common/default_house_list.png?_v=2024040915162419
20240410,海淀,六里桥,101121527256,盛今佳园  南北向复式  精装修,335万,76171元/平,中楼层 (共18层) 2室1厅 | 43.98平米 | 南 北,https://s1.ljcdn.com/pegasus/redskull/images/common/default_house_list.png?_v=2024040915162419
20240410,海淀,六里桥,101121488568,风荷曲苑 车位出售 看房方便 车位 随时签约,29万,21691元/平,地下室 | 2004年 | 1室0厅 | 13.37平米 | 北,https://s1.ljcdn.com/pegasus/redskull/images/common/default_house_list.png?_v=2024040915162419
20240410,海淀,六里桥,101121488521,西三环  风荷曲苑 车位出售 位置好  诚心出售,29万,21691元/平,地下室 1室0厅 | 13.37平米 | 南,https://s1.ljcdn.com/pegasus/redskull/images/common/default_house_list.png?_v=2024040915162419
20240410,海淀,六里桥,101120710402,风荷曲苑 负一层地下产权车位 出售,28万,23046元/平,地下室 (共11层) | 2005年 | 1室0厅 | 12.15平米 | 南,https://s1.ljcdn.com/pegasus/redskull/images/common/default_house_list.png?_v=2024040915162419
20240410,海淀,六里桥,101120692995,西三环海淀区盛今佳园精装复式南北通透,246万,75115元/平,高楼层 (共18层) 2室1厅 | 32.75平米 | 南 北,https://s1.ljcdn.com/pegasus/redskull/images/common/default_house_list.png?_v=2024040915162419
20240410,海淀,六里桥,101120256900,盛今佳园复式结构业主靠谱出售,150万,54447元/平,中楼层 (共18层) 1室1厅 | 27.55平米 | 北,https://s1.ljcdn.com/pegasus/redskull/images/common/default_house_list.png?_v=2024040915162419
20240410,海淀,六里桥,101118090015,莲怡园北路1号院复式三居诚心出售,758万,50822元/平,顶层 (共6层) | 1996年 | 3室2厅 | 149.15平米 | 南 北,https://ke-image.ljcdn.com/110000-inspection/309173a5-4d3e-49d8-92dc-b9bcf80f2092.jpg!m_fill,w_280,h_210,f_jpg?from=ke.com
20240410,海淀,六里桥,101117953776,盛今佳园 2室1厅 南 北,428万,97317元/平,高楼层 (共18层) | 2009年 | 2室1厅 | 43.98平米 | 南 北,https://s1.ljcdn.com/pegasus/redskull/images/common/default_house_list.png?_v=2024040915162419
20240410,海淀,六里桥,101117834772,盛今佳园 3室1厅 南 北,530万,78764元/平,高楼层 (共18层) | 2008年 | 3室1厅 | 67.29平米 | 南 北,https://s1.ljcdn.com/pegasus/redskull/images/common/default_house_list.png?_v=2024040915162419
20240410,海淀,六里桥,101117397015,盛今佳园 3室2厅 东南,900万,58185元/平,底层 (共26层) 3室2厅 | 154.68平米 | 东南,https://s1.ljcdn.com/pegasus/redskull/images/common/default_house_list.png?_v=2024040915162419
20240410,海淀,六里桥,101116586317,盛今佳园复式结构业主靠谱出售,160万,57369元/平,中楼层 (共18层) | 2008年 | 1室1厅 | 27.89平米 | 北,https://s1.ljcdn.com/pegasus/redskull/images/common/default_house_list.png?_v=2024040915162419
20240410,海淀,六里桥,101112815656,橙色年代2004年的商品房社区小区环境干净整洁,200万,22793元/平,低楼层 (共24层) | 2004年 | 1室1厅 | 87.75平米 | 东,https://s1.ljcdn.com/pegasus/redskull/images/common/default_house_list.png?_v=2024040915162419
20240410,海淀,六里桥,101112289013,吴家场路1号院周边交通便利配套成熟。房主自荐,1497万,49864元/平,低楼层 (共26层) 3室2厅 | 300.22平米 | 南 西 北,https://s1.ljcdn.com/pegasus/redskull/images/common/default_house_list.png?_v=2024040915162419
20240410,海淀,六里桥,101107042282,澐澐国际大车位停车方便方便您的生活,50万,6970元/平,地下室 (共29层) | 2009年 | 1室0厅 | 71.74平米 | 南,https://ke-image.ljcdn.com/110000-inspection/927fee7d9dc298bbfa8ce06c5e8664f6-032.jpg!m_fill,w_280,h_210,f_jpg?from=ke.com
