20240415,石景山,鲁谷,101123843298,南北通透两居室居住舒适拎包入住必看好房,735万,83609元/平,底层 (共21层) | 2010年 | 2室1厅 | 87.91平米 | 南 北,https://ke-image.ljcdn.com/110000-inspection/a3f58505-ee70-46cd-afc6-37682cd11dad_1000.jpg!m_fill,w_280,h_210,f_jpg?from=ke.com
20240415,石景山,鲁谷,101123820230,店长推荐好房满五年唯一南向精装修采光好必看好房,259万,43045元/平,低楼层 (共6层) 2室1厅 | 60.17平米 | 南,https://ke-image.ljcdn.com/110000-inspection/pc1_KAsgvmb9K.jpg!m_fill,w_280,h_210,f_jpg?from=ke.com
20240415,石景山,鲁谷,101123779196,远洋山水 南向大两居 满五唯一 两梯四户 低密度必看好房,650万,61835元/平,高楼层 (共14层) 2室2厅 | 105.12平米 | 南,https://ke-image.ljcdn.com/110000-inspection/pc1_sKxH1cMlq.jpg!m_fill,w_280,h_210,f_jpg?from=ke.com
20240415,石景山,鲁谷,101123748028,店长推荐好房南北明厨明卫 满五唯一 采光好 位置好必看好房,211万,34016元/平,顶层 (共6层) 2室1厅 | 62.03平米 | 南 北,https://ke-image.ljcdn.com/110000-inspection/pc1_NPxlaIDrF.jpg!m_fill,w_280,h_210,f_jpg?from=ke.com
20240415,石景山,鲁谷,101123746360,鲁谷 永乐东区 南北小三居室 业主人不错诚心卖必看好房,246万,42385元/平,中楼层 (共5层) | 1979年 | 3室1厅 | 58.04平米 | 南 北,https://ke-image.ljcdn.com/110000-inspection/pc1_JwhKPc0A2.jpg!m_fill,w_280,h_210,f_jpg?from=ke.com
20240415,石景山,鲁谷,101123764887,远洋沁山水上品精装一室一厅 中间楼层 视野开阔,499万,77702元/平,中楼层 (共18层) | 2011年 | 1室1厅 | 64.22平米 | 南,https://ke-image.ljcdn.com/110000-inspection/pc1_rFeaeWTC7.jpg!m_fill,w_280,h_210,f_jpg?from=ke.com
20240415,石景山,鲁谷,101123756413,七星园1-14号楼范围内南北通透精装修两居必看好房,265万,41433元/平,高楼层 (共6层) | 1994年 | 2室1厅 | 63.96平米 | 南 北,https://ke-image.ljcdn.com/110000-inspection/pc1_N0Ssh20q2.jpg!m_fill,w_280,h_210,f_jpg?from=ke.com
20240415,石景山,鲁谷,101123740452,玉泉路65号院 满五年唯一 精装修 南北两居室必看好房,350万,55336元/平,中楼层 (共6层) | 1996年 | 2室1厅 | 63.25平米 | 南 北,https://ke-image.ljcdn.com/110000-inspection/pc1_bispiGbt6.jpg!m_fill,w_280,h_210,f_jpg?from=ke.com
20240415,石景山,鲁谷,101123713157,重兴嘉园 满五唯一三居室 楼层好 视野开阔 采光充足,650万,51905元/平,高楼层 (共22层) 3室2厅 | 125.23平米 | 南 西 北,https://ke-image.ljcdn.com/110000-inspection/pc1_TzSBQFaCK.jpg!m_fill,w_280,h_210,f_jpg?from=ke.com
20240415,石景山,鲁谷,101123708155,1993年 低楼层一居室 靠谱出售看房有钥匙必看好房,183万,45376元/平,低楼层 (共6层) 1室1厅 | 40.33平米 | 南,https://ke-image.ljcdn.com/110000-inspection/pc1_l7cyLI9TO_1.jpg!m_fill,w_280,h_210,f_jpg?from=ke.com
20240415,石景山,鲁谷,101123676696,七星园新华社正规两居室采光好格局方正满五唯一必看好房,558万,54270元/平,顶层 (共15层) 2室1厅 | 102.82平米 | 南,https://ke-image.ljcdn.com/110000-inspection/pc1_oAuWYtmuu.jpg!m_fill,w_280,h_210,f_jpg?from=ke.com
20240415,石景山,鲁谷,101123656599,小区中间大客厅 五芳园北院停车方便。采光好 无遮挡。必看好房,278万,43581元/平,中楼层 (共6层) | 1994年 | 2室1厅 | 63.79平米 | 南 北,https://ke-image.ljcdn.com/110000-inspection/pc1_xM5yP8e2a.jpg!m_fill,w_280,h_210,f_jpg?from=ke.com
20240415,石景山,鲁谷,101123628488,五芳园 2室1厅 南 北,208万,31241元/平,顶层 (共6层) | 1994年 | 2室1厅 | 66.58平米 | 南 北,https://ke-image.ljcdn.com/110000-inspection/pc1_p3mJ8zmSm.jpg!m_fill,w_280,h_210,f_jpg?from=ke.com
20240415,石景山,鲁谷,101123615164,永乐东区 精装修 两居室  业主诚心出售,193万,33438元/平,顶层 (共6层) | 1988年 | 2室1厅 | 57.72平米 | 西,https://ke-image.ljcdn.com/110000-inspection/pc1_lyQneqTmB.jpg!m_fill,w_280,h_210,f_jpg?from=ke.com
20240415,石景山,鲁谷,101123610586,永乐东区 3室1厅 南必看好房,398万,44515元/平,低楼层 (共18层) 3室1厅 | 89.41平米 | 南,https://ke-image.ljcdn.com/110000-inspection/pc1_dq3K7ddjT.jpg!m_fill,w_280,h_210,f_jpg?from=ke.com
20240415,石景山,鲁谷,101123602810,诚售 远洋山水 南北通透两居 精装  板楼 中间楼层必看好房,660万,59832元/平,中楼层 (共14层) 2室1厅 | 110.31平米 | 南 北,https://ke-image.ljcdn.com/110000-inspection/pc1_YnPNzTXXe.jpg!m_fill,w_280,h_210,f_jpg?from=ke.com
20240415,石景山,鲁谷,101123585453,远洋山水 首付110万 满五唯一 有钥匙 产权清晰 有电梯必看好房,335万,58803元/平,中楼层 (共25层) | 2007年 | 1室1厅 | 56.97平米 | 东,https://ke-image.ljcdn.com/110000-inspection/pc1_30HYHPi3Y_1.jpg!m_fill,w_280,h_210,f_jpg?from=ke.com
20240415,石景山,鲁谷,101123557622,聚兴园南北两居室 满五年唯一 无遮挡必看好房,555万,57005元/平,中楼层 (共10层) | 2005年 | 2室1厅 | 97.36平米 | 南 北,https://ke-image.ljcdn.com/110000-inspection/pc1_9l2oZhELA.jpg!m_fill,w_280,h_210,f_jpg?from=ke.com
20240415,石景山,鲁谷,101123519892,鲁谷74号院 一层南北三居室 三面朝南采光好必看好房,599万,64250元/平,底层 (共5层) | 1984年 | 3室2厅 | 93.23平米 | 南 北,https://ke-image.ljcdn.com/110000-inspection/pc1_9BU4GlqON.jpg!m_fill,w_280,h_210,f_jpg?from=ke.com
20240415,石景山,鲁谷,101123505148,急售！！！永乐小区交通生活便利。必看好房,184万,29455元/平,顶层 (共5层) 2室1厅 | 62.47平米 | 东 西,https://ke-image.ljcdn.com/110000-inspection/pc1_vjWU7zFqG.jpg!m_fill,w_280,h_210,f_jpg?from=ke.com
20240415,石景山,鲁谷,101123472912,低楼层南北通透三居室带双阳台无遮挡不临路必看好房,412万,51811元/平,低楼层 (共6层) | 1994年 | 3室1厅 | 79.52平米 | 南 北,https://ke-image.ljcdn.com/110000-inspection/pc1_ytyGxvOvT.jpg!m_fill,w_280,h_210,f_jpg?from=ke.com
20240415,石景山,鲁谷,101123442594,五芳园  满五年家庭一套 低楼层   采光好必看好房,216万,31246元/平,低楼层 (共6层) | 1993年 | 2室1厅 | 69.13平米 | 北,https://ke-image.ljcdn.com/110000-inspection/pc1_iujueRsLn.jpg!m_fill,w_280,h_210,f_jpg?from=ke.com
20240415,石景山,鲁谷,101123428795,南北通透两居室采光好交通便利,250万,45780元/平,低楼层 (共6层) | 1993年 | 2室1厅 | 54.61平米 | 南 西 北,https://ke-image.ljcdn.com/110000-inspection/pc1_DygfLzjNu.jpg!m_fill,w_280,h_210,f_jpg?from=ke.com
20240415,石景山,鲁谷,101123420318,店长推荐好房精装南向中间层客厅有窗明厨明卫！必看好房,218万,50899元/平,中楼层 (共6层) 1室1厅 | 42.83平米 | 南 西,https://ke-image.ljcdn.com/110000-inspection/pc1_d40SSb0vM.jpg!m_fill,w_280,h_210,f_jpg?from=ke.com
20240415,石景山,鲁谷,101123382821,三面朝南采光好精装修居住舒适满五年唯一费用少必看好房,860万,63032元/平,低楼层 (共26层) | 2006年 | 3室2厅 | 136.44平米 | 东南,https://ke-image.ljcdn.com/110000-inspection/pc1_lkvkIUu8q.jpg!m_fill,w_280,h_210,f_jpg?from=ke.com
20240415,石景山,鲁谷,101123375218,远洋山水北区  满五唯一 视野开阔 阳光充足 老少宜居必看好房,468万,65907元/平,高楼层 (共26层) 1室1厅 | 71.01平米 | 西,https://ke-image.ljcdn.com/110000-inspection/pc1_DoUyPeOlt.jpg!m_fill,w_280,h_210,f_jpg?from=ke.com
20240415,石景山,鲁谷,101123346404,重兴园板楼南北通透两居室一梯两户满五唯一 无遮挡必看好房,509万,55429元/平,底层 (共6层) | 2003年 | 2室2厅 | 91.83平米 | 南 北,https://ke-image.ljcdn.com/110000-inspection/pc1_r3EmUbcXK.jpg!m_fill,w_280,h_210,f_jpg?from=ke.com
20240415,石景山,鲁谷,101123346368,依翠园 2室1厅 南 北,260万,41627元/平,顶层 (共6层) | 1995年 | 2室1厅 | 62.46平米 | 南 北,https://ke-image.ljcdn.com/110000-inspection/pc1_Vebz1yVnu.jpg!m_fill,w_280,h_210,f_jpg?from=ke.com
20240415,石景山,鲁谷,101123335074,永乐东区 2室1厅 南必看好房,209万,35807元/平,顶层 (共6层) | 1987年 | 2室1厅 | 58.37平米 | 南,https://ke-image.ljcdn.com/110000-inspection/pc1_fquaSKzHI.jpg!m_fill,w_280,h_210,f_jpg?from=ke.com
20240415,石景山,鲁谷,101123322792,京汉旭城板楼1居一梯两户客厅朝南向带阳台采光好必看好房,360万,60241元/平,顶层 (共15层) | 2004年 | 1室1厅 | 59.76平米 | 南,https://ke-image.ljcdn.com/110000-inspection/pc1_ToNN2Cani.jpg!m_fill,w_280,h_210,f_jpg?from=ke.com
20240415,石景山,鲁谷,101123301558,依翠园 2室1厅 南 北房主自荐,325万,45008元/平,顶层 (共6层) | 1995年 | 2室1厅 | 72.21平米 | 南 北,https://ke-image.ljcdn.com/110000-inspection/pc1_IqrAM6JSO.jpg!m_fill,w_280,h_210,f_jpg?from=ke.com
20240415,石景山,鲁谷,101123300201,鲁谷小区五芳园新上低楼层三居室 南北 无遮挡看房方便必看好房,315万,42759元/平,底层 (共6层) | 1993年 | 3室1厅 | 73.67平米 | 南 北,https://ke-image.ljcdn.com/110000-inspection/pc1_THzzMpwCz.jpg!m_fill,w_280,h_210,f_jpg?from=ke.com
20240415,石景山,鲁谷,101123297880,北重西厂 2室1厅 南 北必看好房,278万,43967元/平,中楼层 (共6层) 2室1厅 | 63.23平米 | 南 北,https://ke-image.ljcdn.com/110000-inspection/pc1_Tz45eL83P.jpg!m_fill,w_280,h_210,f_jpg?from=ke.com
20240415,石景山,鲁谷,101123281417,鲁谷村 3室1厅 南,449万,51545元/平,中楼层 (共6层) | 1997年 | 3室1厅 | 87.11平米 | 南,https://ke-image.ljcdn.com/110000-inspection/9e7d607f-0c0f-4996-ab21-6af50a09ec96_1000.jpg!m_fill,w_280,h_210,f_jpg?from=ke.com
20240415,石景山,鲁谷,101123233108,京汉旭城正规两居户型方正满五年唯一诚心出售必看好房,439万,56283元/平,中楼层 (共23层) 2室1厅 | 78平米 | 东南,https://ke-image.ljcdn.com/110000-inspection/pc1_YZ7qLkL94.jpg!m_fill,w_280,h_210,f_jpg?from=ke.com
20240415,石景山,鲁谷,101123218675,精装修带电梯房龄新户型方正两居室,245万,42176元/平,低楼层 (共18层) | 1989年 | 2室1厅 | 58.09平米 | 西北,https://ke-image.ljcdn.com/110000-inspection/pc1_a06RfGO8I.jpg!m_fill,w_280,h_210,f_jpg?from=ke.com
20240415,石景山,鲁谷,101123216350,远洋沁山水小区高楼层南北通透三居室 视野好 可观西山必看好房,1390万,99315元/平,高楼层 (共21层) | 2009年 | 3室1厅 | 139.96平米 | 南 北,https://ke-image.ljcdn.com/110000-inspection/pc1_r9m9w0EqV.jpg!m_fill,w_280,h_210,f_jpg?from=ke.com
20240415,石景山,鲁谷,101123195601,七星园新华社小区优质南北通透两居室采光好房主自荐,395万,56284元/平,低楼层 (共6层) 2室1厅 | 70.18平米 | 南 北,https://ke-image.ljcdn.com/110000-inspection/pc1_wJ1dpjQK5.jpg!m_fill,w_280,h_210,f_jpg?from=ke.com
20240415,石景山,鲁谷,101123181323,依翠园经典一居室板楼低楼层出入方便有钥匙必看好房,205万,38929元/平,低楼层 (共6层) | 1995年 | 1室1厅 | 52.66平米 | 北,https://ke-image.ljcdn.com/110000-inspection/pc1_j9Krvidjl.jpg!m_fill,w_280,h_210,f_jpg?from=ke.com
20240415,石景山,鲁谷,101123164568,依翠园满五年 双阳台 采光好 客厅带窗,326万,44966元/平,高楼层 (共6层) 2室1厅 | 72.5平米 | 南 北,https://ke-image.ljcdn.com/110000-inspection/pc1_i3LnNt8me.jpg!m_fill,w_280,h_210,f_jpg?from=ke.com
20240415,石景山,鲁谷,101123159615,永乐东小区钢混结构电梯房正规一居室,179万,37495元/平,低楼层 (共20层) 1室1厅 | 47.74平米 | 南,https://ke-image.ljcdn.com/110000-inspection/pc1_evTXQBo7p.jpg!m_fill,w_280,h_210,f_jpg?from=ke.com
20240415,石景山,鲁谷,101123144166,鲁谷永乐西区带电梯中间层两居南向采光好满五年！必看好房,285万,42729元/平,高楼层 (共18层) | 1987年 | 2室1厅 | 66.7平米 | 东南,https://ke-image.ljcdn.com/110000-inspection/pc1_1ujPQnJBh.jpg!m_fill,w_280,h_210,f_jpg?from=ke.com
20240415,石景山,鲁谷,101123143373,满五年唯一双南朝向不临街视野好,695万,69072元/平,低楼层 (共26层) 2室1厅 | 100.62平米 | 南,https://ke-image.ljcdn.com/110000-inspection/pc1_yRgugaszo.jpg!m_fill,w_280,h_210,f_jpg?from=ke.com
20240415,石景山,鲁谷,101123128837,南北通透！不临街！户型方正！采光无遮挡！,1098万,68170元/平,高楼层 (共26层) 4室2厅 | 161.07平米 | 南 北,https://ke-image.ljcdn.com/110000-inspection/pc1_KeGSblcdt.jpg!m_fill,w_280,h_210,f_jpg?from=ke.com
20240415,石景山,鲁谷,101123119644,双锦园 2000年商品房 精装修 采光视野好必看好房,425万,51273元/平,中楼层 (共14层) | 2000年 | 3室1厅 | 82.89平米 | 南 北,https://ke-image.ljcdn.com/110000-inspection/pc1_1o2rjU6mI.jpg!m_fill,w_280,h_210,f_jpg?from=ke.com
20240415,石景山,鲁谷,101123100094,重聚园三居室 户型好  满五年家庭唯一住房必看好房,578万,52627元/平,中楼层 (共24层) 3室1厅 | 109.83平米 | 西南,https://ke-image.ljcdn.com/110000-inspection/pc1_j0FK78LSr.jpg!m_fill,w_280,h_210,f_jpg?from=ke.com
20240415,石景山,鲁谷,101123055835,鲁谷永乐西区南向一居满五年中间层！必看好房,179万,37892元/平,中楼层 (共6层) 1室1厅 | 47.24平米 | 南,https://ke-image.ljcdn.com/110000-inspection/pc1_aHE9Az4Gb.jpg!m_fill,w_280,h_210,f_jpg?from=ke.com
20240415,石景山,鲁谷,101122969523,依翠园 2室2厅 南 北必看好房,378万,44227元/平,中楼层 (共6层) | 1998年 | 2室2厅 | 85.47平米 | 南 北,https://ke-image.ljcdn.com/110000-inspection/607b83d3-71b5-426f-8621-7e8fbf3415cb_1000.jpg!m_fill,w_280,h_210,f_jpg?from=ke.com
20240415,石景山,鲁谷,101122965624,永乐西区91年满五唯一南北通透明厨明卫,227万,36309元/平,顶层 (共6层) | 1991年 | 2室1厅 | 62.52平米 | 南 北,https://ke-image.ljcdn.com/110000-inspection/pc1_cgzG6hBUB.jpg!m_fill,w_280,h_210,f_jpg?from=ke.com
20240415,石景山,鲁谷,101122964063,此房满五年唯一出售近地铁无遮挡视线好。必看好房,339万,62088元/平,高楼层 (共25层) | 2005年 | 1室1厅 | 54.6平米 | 东,https://ke-image.ljcdn.com/110000-inspection/pc1_RAPiYGzi4.jpg!m_fill,w_280,h_210,f_jpg?from=ke.com
20240415,石景山,鲁谷,101122918150,全新精装中间位置安静大两居采光好空间格局好必看好房,620万,58998元/平,中楼层 (共27层) | 2007年 | 2室1厅 | 105.09平米 | 东,https://ke-image.ljcdn.com/110000-inspection/pc1_W1Kaf1K14.jpg!m_fill,w_280,h_210,f_jpg?from=ke.com
20240415,石景山,鲁谷,101122909639,永乐东区   东西通透两居室  看房方便,238万,37911元/平,高楼层 (共6层) 2室1厅 | 62.78平米 | 东 西,https://ke-image.ljcdn.com/110000-inspection/pc1_XSu89Lwsh.jpg!m_fill,w_280,h_210,f_jpg?from=ke.com
20240415,石景山,鲁谷,101122877623,永乐东区  板楼带电梯  南北通透精装修 三居室,410万,55279元/平,中楼层 (共6层) | 1987年 | 3室1厅 | 74.17平米 | 南 北,https://ke-image.ljcdn.com/110000-inspection/pc1_vnqJrtDjE.jpg!m_fill,w_280,h_210,f_jpg?from=ke.com
20240415,石景山,鲁谷,101122857045,远洋山水北区 近地铁 明厨明卫 户型方正,749万,68352元/平,中楼层 (共25层) 2室1厅 | 109.58平米 | 南,https://ke-image.ljcdn.com/110000-inspection/pc1_8rvmZ4CnB.jpg!m_fill,w_280,h_210,f_jpg?from=ke.com
20240415,石景山,鲁谷,101122736429,京汉旭城 高楼层 精装修 两居室 采光视野很好,480万,60302元/平,高楼层 (共23层) | 2004年 | 2室1厅 | 79.6平米 | 南 西 北,https://ke-image.ljcdn.com/110000-inspection/pc1_9JlAY1J0y.jpg!m_fill,w_280,h_210,f_jpg?from=ke.com
20240415,石景山,鲁谷,101122690191,2011年次新房  人车分流 带独立门厅  板楼 两梯两户,1318万,95321元/平,高楼层 (共18层) 3室1厅 | 138.27平米 | 南 北,https://ke-image.ljcdn.com/110000-inspection/43127795-7a34-40d9-994f-9fec8123cc9c_1000.jpg!m_fill,w_280,h_210,f_jpg?from=ke.com
20240415,石景山,鲁谷,101122666542,聚兴园 精装一居室 中间层 正规南向户型,329万,57568元/平,中楼层 (共9层) | 2005年 | 1室1厅 | 57.15平米 | 南,https://ke-image.ljcdn.com/110000-inspection/pc1_jwica4vxm.jpg!m_fill,w_280,h_210,f_jpg?from=ke.com
20240415,石景山,鲁谷,101122660974,重聚园 2室1厅 东南必看好房,418万,40933元/平,中楼层 (共24层) 2室1厅 | 102.12平米 | 东南,https://ke-image.ljcdn.com/110000-inspection/203587c6-0846-4c53-9799-6fc7ef0fc097_1000.jpg!m_fill,w_280,h_210,f_jpg?from=ke.com
20240415,石景山,鲁谷,101122485082,五芳园 单价低看房方便精装修必看好房,239万,36770元/平,中楼层 (共6层) 2室1厅 | 65平米 | 西南,https://ke-image.ljcdn.com/110000-inspection/pc1_JKlGZL8ku.jpg!m_fill,w_280,h_210,f_jpg?from=ke.com
20240415,石景山,鲁谷,101122475969,重兴园南北通透两居2020年装修可按满五年唯一必看好房,509万,55315元/平,低楼层 (共6层) | 2003年 | 2室1厅 | 92.02平米 | 南 北,https://ke-image.ljcdn.com/110000-inspection/ced77def-ddcd-4d03-a606-04628c391397_1000.jpg!m_fill,w_280,h_210,f_jpg?from=ke.com
20240415,石景山,鲁谷,101122474552,依翠园干休所精装修两居室可直接入住停车方便,289万,50872元/平,中楼层 (共6层) 2室1厅 | 56.81平米 | 南 北,https://ke-image.ljcdn.com/110000-inspection/pc1_9eLmwdTjV.jpg!m_fill,w_280,h_210,f_jpg?from=ke.com
20240415,石景山,鲁谷,101122440540,电科院南北通透三居室独立下水无遮挡 车位充足必看好房,478万,58479元/平,底层 (共6层) | 1987年 | 3室1厅 | 81.74平米 | 南 北,https://ke-image.ljcdn.com/110000-inspection/pc1_2yfBpxaT0.jpg!m_fill,w_280,h_210,f_jpg?from=ke.com
20240415,石景山,鲁谷,101122371319,北区独门独户 观景两居室 双飘窗 总价合适 近地铁,585万,58384元/平,中楼层 (共26层) | 2005年 | 2室1厅 | 100.2平米 | 西北,https://ke-image.ljcdn.com/110000-inspection/pc1_4Ya0WhygM_1.jpg!m_fill,w_280,h_210,f_jpg?from=ke.com
20240415,石景山,鲁谷,101122367116,南北通透 安静阳光通风三好户型必看好房,369万,56259元/平,中楼层 (共4层) | 1963年 | 2室1厅 | 65.59平米 | 南 北,https://ke-image.ljcdn.com/110000-inspection/0b402500-98e2-4c49-943c-725b07519b60_1000.jpg!m_fill,w_280,h_210,f_jpg?from=ke.com
20240415,石景山,鲁谷,101122341621,重兴嘉园  南北通透两居 视野好必看好房,555万,57383元/平,中楼层 (共12层) 2室2厅 | 96.72平米 | 南 北,https://ke-image.ljcdn.com/110000-inspection/f8aa44f9-a837-4a79-bcd7-5d70c6d39b40_1000.jpg!m_fill,w_280,h_210,f_jpg?from=ke.com
20240415,石景山,鲁谷,101122266527,永乐东区 2层南北两居户型方正交通便利房主自荐,213万,42499元/平,中楼层 (共5层) | 1975年 | 2室1厅 | 50.12平米 | 南 北,https://ke-image.ljcdn.com/110000-inspection/pc1_GBEqNYs2P.jpg!m_fill,w_280,h_210,f_jpg?from=ke.com
20240415,石景山,鲁谷,101122236588,此房满五年唯一小区中间位置一梯两户板楼 中间层必看好房,960万,69611元/平,中楼层 (共12层) 3室2厅 | 137.91平米 | 南 北,https://ke-image.ljcdn.com/110000-inspection/pc1_lXVB5O2Li_1.jpg!m_fill,w_280,h_210,f_jpg?from=ke.com
20240415,石景山,鲁谷,101122214334,远洋沁山水小区中间位置高楼层全明格局,829万,96846元/平,中楼层 (共21层) 2室1厅 | 85.6平米 | 南 北,https://ke-image.ljcdn.com/110000-inspection/pc1_G8y2shuXW.jpg!m_fill,w_280,h_210,f_jpg?from=ke.com
20240415,石景山,鲁谷,101122126536,鲁谷 重聚园满五年唯一中高楼层带电梯大一居出售必看好房,279万,44534元/平,中楼层 (共24层) 1室1厅 | 62.65平米 | 西南,https://ke-image.ljcdn.com/110000-inspection/23b404a0-2ad7-43f9-aee1-a3af08f8432d_1000.jpg!m_fill,w_280,h_210,f_jpg?from=ke.com
20240415,石景山,鲁谷,101122116294,此房满五 06年纯商品房南北通透前后花园不临街房主自荐,648万,55805元/平,低楼层 (共12层) 3室1厅 | 116.12平米 | 南 北,https://ke-image.ljcdn.com/110000-inspection/pc1_VrfACMr6Q.jpg!m_fill,w_280,h_210,f_jpg?from=ke.com
20240415,石景山,鲁谷,101122001676,玉泉路65号院  正规三室一厅必看好房,335万,52019元/平,底层 (共6层) | 1996年 | 3室1厅 | 64.4平米 | 东 西,https://ke-image.ljcdn.com/110000-inspection/pc1_idCfFHNfa_1.jpg!m_fill,w_280,h_210,f_jpg?from=ke.com
20240415,石景山,鲁谷,101121993978,公汽六厂宿舍满五唯一诚心出售看房方便,169万,38567元/平,高楼层 (共6层) | 1987年 | 1室1厅 | 43.82平米 | 南,https://ke-image.ljcdn.com/110000-inspection/e04c6e68-9ea3-41be-ab0f-2340787f55c5_1000.jpg!m_fill,w_280,h_210,f_jpg?from=ke.com
20240415,石景山,鲁谷,101121791077,六合园 2室1厅 西北必看好房,355万,42880元/平,中楼层 (共22层) 2室1厅 | 82.79平米 | 西北,https://ke-image.ljcdn.com/110000-inspection/pc1_cUFff3KhM.jpg!m_fill,w_280,h_210,f_jpg?from=ke.com
20240415,石景山,鲁谷,101121745753,六合园带电梯钢混明厨明卫出门就是公园,330万,42741元/平,中楼层 (共22层) 2室1厅 | 77.21平米 | 东,https://ke-image.ljcdn.com/110000-inspection/pc1_Yay9KccH7.jpg!m_fill,w_280,h_210,f_jpg?from=ke.com
20240415,石景山,鲁谷,101121644367,鲁谷商品房两居 南北通透双阳台 中间层 不临街 无遮挡必看好房,498万,49582元/平,中楼层 (共6层) 2室2厅 | 100.44平米 | 南 北,https://ke-image.ljcdn.com/110000-inspection/pc1_xljmnfLYx.jpg!m_fill,w_280,h_210,f_jpg?from=ke.com
20240415,石景山,鲁谷,101121611232,永乐西区南北通透带东窗户型明厨明卫看房方便必看好房,275万,44029元/平,中楼层 (共6层) | 1985年 | 2室1厅 | 62.46平米 | 东 南 北,https://ke-image.ljcdn.com/110000-inspection/pc1_GWOmAyLlo.jpg!m_fill,w_280,h_210,f_jpg?from=ke.com
20240415,石景山,鲁谷,101121553312,小区中间位置  小板楼 次顶层 不临街 含地下车位,718万,78806元/平,中楼层 (共8层) 2室1厅 | 91.11平米 | 西 东,https://ke-image.ljcdn.com/110000-inspection/pc1_Ca8AaEMgu.jpg!m_fill,w_280,h_210,f_jpg?from=ke.com
20240415,石景山,鲁谷,101121254683,新上远洋北区 南向正规大一居 高层近地铁  看房随时,525万,75769元/平,高楼层 (共25层) | 2005年 | 1室1厅 | 69.29平米 | 东南,https://ke-image.ljcdn.com/110000-inspection/pc1_9Ssr3VRU1.jpg!m_fill,w_280,h_210,f_jpg?from=ke.com
20240415,石景山,鲁谷,101121055604,远洋沁山水上品  一层两居室 出入方便,620万,69765元/平,底层 (共18层) | 2011年 | 2室1厅 | 88.87平米 | 南 北,https://ke-image.ljcdn.com/110000-inspection/pc1_ChJoVdOBp.jpg!m_fill,w_280,h_210,f_jpg?from=ke.com
20240415,石景山,鲁谷,101121001520,远洋山水南区南北通透卫生间有窗户直观小区花园,990万,71786元/平,中楼层 (共12层) 3室1厅 | 137.91平米 | 南 北,https://ke-image.ljcdn.com/110000-inspection/pc1_wYPn2TgNX.jpg!m_fill,w_280,h_210,f_jpg?from=ke.com
20240415,石景山,鲁谷,101120782640,远洋沁山水在售中间位置两居室不临街可签约,868万,99359元/平,中楼层 (共20层) 2室1厅 | 87.36平米 | 南,https://ke-image.ljcdn.com/110000-inspection/pc1_EiguiEa1o.jpg!m_fill,w_280,h_210,f_jpg?from=ke.com
20240415,石景山,鲁谷,101120772993,南北通透格局好2000年楼龄新前后不临街居住舒适。必看好房,380万,62603元/平,底层 (共4层) | 2000年 | 1室1厅 | 60.7平米 | 南 北,https://ke-image.ljcdn.com/110000-inspection/pc1_Wj08mAm76.jpg!m_fill,w_280,h_210,f_jpg?from=ke.com
20240415,石景山,鲁谷,101120453960,双锦园 2000年小区 满五年唯一商品房 高楼层,299万,43140元/平,高楼层 (共16层) | 2000年 | 2室1厅 | 69.31平米 | 南 北,https://ke-image.ljcdn.com/110000-inspection/pc1_Zdu9dSZbI.jpg!m_fill,w_280,h_210,f_jpg?from=ke.com
20240415,石景山,鲁谷,101119367200,重兴嘉园 精装两居 带电梯 采光好 无遮挡房主自荐,439万,44669元/平,低楼层 (共22层) 2室1厅 | 98.28平米 | 西南,https://ke-image.ljcdn.com/110000-inspection/pc1_AMOFtD5qE.jpg!m_fill,w_280,h_210,f_jpg?from=ke.com
20240415,石景山,鲁谷,101119358306,永乐西区 一层南北两居室 看房随时,240万,44652元/平,底层 (共6层) | 1986年 | 2室1厅 | 53.75平米 | 南 北,https://ke-image.ljcdn.com/110000-inspection/pc1_f7P7S24rk.jpg!m_fill,w_280,h_210,f_jpg?from=ke.com
20240415,石景山,鲁谷,101118270701,鲁谷永乐西区南向两居厨房和卫生间有窗户采光好房主自荐,245万,40537元/平,高楼层 (共6层) | 1987年 | 2室1厅 | 60.44平米 | 南,https://ke-image.ljcdn.com/110000-inspection/pc1_aJigeYUeo.jpg!m_fill,w_280,h_210,f_jpg?from=ke.com
20240415,石景山,鲁谷,101118114715,依翠园 三居室 大客厅 采光好 无遮挡 装修必看好房,469万,50512元/平,低楼层 (共6层) 3室1厅 | 92.85平米 | 南 东南,https://ke-image.ljcdn.com/110000-inspection/pc1_yyOOEg1q0.jpg!m_fill,w_280,h_210,f_jpg?from=ke.com
20240415,石景山,鲁谷,101116061313,鲁谷 北重西厂 一居室 满五年唯一 低楼层诚意出售房主自荐,168万,40570元/平,底层 (共6层) | 1989年 | 1室1厅 | 41.41平米 | 东,https://ke-image.ljcdn.com/110000-inspection/pc1_8qC5RCw2t.jpg!m_fill,w_280,h_210,f_jpg?from=ke.com
20240415,石景山,鲁谷,101123845978,急售！！！永乐东区石景山永乐小区必看好房,175万,40083元/平,高楼层 (共6层) | 1988年 | 1室1厅 | 43.66平米 | 南,https://ke-image.ljcdn.com/110000-inspection/pc1_XxDekm11B.jpg!m_fill,w_280,h_210,f_jpg?from=ke.com
20240415,石景山,鲁谷,101123802928,京汉旭城 南向一居室 采光好 无遮挡必看好房,355万,57903元/平,中楼层 (共23层) | 2004年 | 1室1厅 | 61.31平米 | 南,https://ke-image.ljcdn.com/110000-inspection/pc1_qWZckCV8J.jpg!m_fill,w_280,h_210,f_jpg?from=ke.com
20240415,石景山,鲁谷,101123741615,六合园 正规两居室 高楼层 看房随时必看好房,216万,35995元/平,中楼层 (共7层) 2室1厅 | 60.01平米 | 东 西,https://ke-image.ljcdn.com/110000-inspection/pc1_zPFETCxdS.jpg!m_fill,w_280,h_210,f_jpg?from=ke.com
20240415,石景山,鲁谷,101123669733,二层  二层  二层   精装修  两居室,196万,40547元/平,低楼层 (共6层) | 1974年 | 2室1厅 | 48.34平米 | 东,https://ke-image.ljcdn.com/110000-inspection/pc1_vjToymez5.jpg!m_fill,w_280,h_210,f_jpg?from=ke.com
20240415,石景山,鲁谷,101123624561,五芳园精装修一居室看房有钥匙采光好,193万,42549元/平,高楼层 (共6层) | 1993年 | 1室1厅 | 45.36平米 | 南,https://ke-image.ljcdn.com/110000-inspection/pc1_GuBLG6i11.jpg!m_fill,w_280,h_210,f_jpg?from=ke.com
20240415,石景山,鲁谷,101123594152,远洋山水总价便宜南北通透3居2017年新装修保持好必看好房,820万,61071元/平,低楼层 (共26层) | 2005年 | 3室2厅 | 134.27平米 | 南 北,https://ke-image.ljcdn.com/110000-inspection/pc1_hBerfhjrs.jpg!m_fill,w_280,h_210,f_jpg?from=ke.com
20240415,石景山,鲁谷,101123581964,新华社小区 地铁口八角游乐园809米 院里有食堂！必看好房,325万,54113元/平,中楼层 (共6层) | 1995年 | 2室1厅 | 60.06平米 | 北 南,https://ke-image.ljcdn.com/110000-inspection/86f16298-ffef-4286-abbd-11a968dcdf96_1000.jpg!m_fill,w_280,h_210,f_jpg?from=ke.com
20240415,石景山,鲁谷,101123575050,远洋山水 2室1厅 西北必看好房,598万,59320元/平,中楼层 (共26层) 2室1厅 | 100.81平米 | 西北,https://ke-image.ljcdn.com/110000-inspection/pc1_W4KWi6Qu0.jpg!m_fill,w_280,h_210,f_jpg?from=ke.com
20240415,石景山,鲁谷,101123414385,远洋山水 1室1厅 东北,355万,59217元/平,高楼层 (共26层) 1室1厅 | 59.95平米 | 东北,https://ke-image.ljcdn.com/110000-inspection/pc1_zOszgafBa.jpg!m_fill,w_280,h_210,f_jpg?from=ke.com
20240415,石景山,鲁谷,101123409529,远洋山水 西南三居室 满五年唯一 两梯五户 看房有钥匙房主自荐,799万,56563元/平,底层 (共20层) 3室1厅 | 141.26平米 | 西南,https://ke-image.ljcdn.com/110000-inspection/pc1_qiCeNFVWD.jpg!m_fill,w_280,h_210,f_jpg?from=ke.com
20240415,石景山,鲁谷,101123375454,两梯四户本房格局方正南北通透满五唯一,646万,64427元/平,高楼层 (共18层) 2室1厅 | 100.27平米 | 南 北,https://ke-image.ljcdn.com/110000-inspection/pc1_spYRzlm21.jpg!m_fill,w_280,h_210,f_jpg?from=ke.com
20240415,石景山,鲁谷,101123358004,远洋山水 2室1厅 东北必看好房,625万,57673元/平,中楼层 (共26层) 2室1厅 | 108.37平米 | 东北,https://ke-image.ljcdn.com/110000-inspection/pc1_HbsdQAy1p.jpg!m_fill,w_280,h_210,f_jpg?from=ke.com
20240415,石景山,鲁谷,101123299412,六合园精装修带电梯南向二居室满五年唯一靠谱必看好房,359万,51857元/平,高楼层 (共18层) | 1994年 | 2室2厅 | 69.23平米 | 南,https://ke-image.ljcdn.com/110000-inspection/pc1_mypaEEWV5_2.jpg!m_fill,w_280,h_210,f_jpg?from=ke.com
20240415,石景山,鲁谷,101123291210,永乐西区 1991年房龄 靠谱出售 全明格局一居室必看好房,162万,40030元/平,顶层 (共6层) | 1991年 | 1室1厅 | 40.47平米 | 南,https://ke-image.ljcdn.com/110000-inspection/pc1_LWXv3oi6C.jpg!m_fill,w_280,h_210,f_jpg?from=ke.com
20240415,石景山,鲁谷,101123291003,永乐东小区低楼层东西通透双阳台正规两居室必看好房,215万,34247元/平,低楼层 (共6层) | 1980年 | 2室1厅 | 62.78平米 | 东 西,https://ke-image.ljcdn.com/110000-inspection/pc1_tufKFl3la.jpg!m_fill,w_280,h_210,f_jpg?from=ke.com
20240415,石景山,鲁谷,101123274472,鲁谷  聚兴园  南北通透两居室必看好房,540万,58728元/平,低楼层 (共17层) 2室1厅 | 91.95平米 | 南 北,https://ke-image.ljcdn.com/110000-inspection/pc1_BP8eWzdba.jpg!m_fill,w_280,h_210,f_jpg?from=ke.com
20240415,石景山,鲁谷,101123267189,京汉旭城板楼一梯两户正规一居满五年唯一必看好房,335万,63006元/平,中楼层 (共13层) | 2006年 | 1室1厅 | 53.17平米 | 南 北,https://ke-image.ljcdn.com/110000-inspection/pc1_9fcuRe4Bt_1.jpg!m_fill,w_280,h_210,f_jpg?from=ke.com
20240415,石景山,鲁谷,101122775247,【优质房源推荐】精装修- 大二居必看好房,410万,41718元/平,高楼层 (共22层) | 2005年 | 2室1厅 | 98.28平米 | 西南,https://ke-image.ljcdn.com/110000-inspection/pc1_hoSUXfL3t.jpg!m_fill,w_280,h_210,f_jpg?from=ke.com
20240415,石景山,鲁谷,101122752794,依翠园新岚大厦三居室满五唯一住房装修不错必看好房,515万,45766元/平,低楼层 (共18层) | 1998年 | 3室1厅 | 112.53平米 | 东 东北 北,https://ke-image.ljcdn.com/110000-inspection/pc1_QQRW0B5kY.jpg!m_fill,w_280,h_210,f_jpg?from=ke.com
20240415,石景山,鲁谷,101122709701,店长推荐好房精装南北通透中间层万达旁必看好房,199万,43901元/平,中楼层 (共6层) 1室1厅 | 45.33平米 | 南 北,https://ke-image.ljcdn.com/110000-inspection/pc1_PynafquEI.jpg!m_fill,w_280,h_210,f_jpg?from=ke.com
20240415,石景山,鲁谷,101122479870,六合园  满五年唯一 有钥匙  无遮挡,269万,43662元/平,中楼层 (共7层) | 1993年 | 2室1厅 | 61.61平米 | 南 北,https://ke-image.ljcdn.com/110000-inspection/pc1_z7AcpxY6A.jpg!m_fill,w_280,h_210,f_jpg?from=ke.com
20240415,石景山,鲁谷,101122462222,鲁谷七星园京源近万达地铁 婚房采光足 停车方便房主自荐,275万,43151元/平,高楼层 (共6层) | 1995年 | 2室1厅 | 63.73平米 | 东 西,https://ke-image.ljcdn.com/110000-inspection/pc1_2ztvGeqYE.jpg!m_fill,w_280,h_210,f_jpg?from=ke.com
20240415,石景山,鲁谷,101122446198,双锦园2000年商品房小区位置优越配套齐全带电梯必看好房,208万,41860元/平,中楼层 (共16层) 1室1厅 | 49.69平米 | 南,https://ke-image.ljcdn.com/110000-inspection/pc1_izSIoUEpi.jpg!m_fill,w_280,h_210,f_jpg?from=ke.com
20240415,石景山,鲁谷,101122434074,远洋山水北区不临街客厅主卧朝南客厅大明厨明卫房主自荐,920万,66774元/平,中楼层 (共26层) 3室2厅 | 137.78平米 | 西南,https://ke-image.ljcdn.com/110000-inspection/pc1_uto0MP2Qj.jpg!m_fill,w_280,h_210,f_jpg?from=ke.com
20240415,石景山,鲁谷,101122365006,远景阁南北通透 精装修板楼三居 一梯两户 人车分流,1180万,80883元/平,高楼层 (共14层) 3室2厅 | 145.89平米 | 南 北,https://ke-image.ljcdn.com/110000-inspection/pc1_UKXTm17qd.jpg!m_fill,w_280,h_210,f_jpg?from=ke.com
20240415,石景山,鲁谷,101122364714,鲁谷 重兴嘉园 满五年唯一 经典一居室,305万,43275元/平,高楼层 (共22层) | 2005年 | 1室1厅 | 70.48平米 | 东,https://ke-image.ljcdn.com/110000-inspection/pc1_6Szjn5Ubq_1.jpg!m_fill,w_280,h_210,f_jpg?from=ke.com
20240415,石景山,鲁谷,101122210304,七星园1999年楼龄近地铁满五年唯一低楼层三居室必看好房,539万,53000元/平,底层 (共6层) 3室1厅 | 101.7平米 | 南 北,https://ke-image.ljcdn.com/110000-inspection/be7e442a-bb6b-4328-831f-8ba1802f2d84_1000.jpg!m_fill,w_280,h_210,f_jpg?from=ke.com
20240415,石景山,鲁谷,101122200573,京汉板楼3居全明正南正北不临街2021年装修,730万,68308元/平,高楼层 (共15层) 3室1厅 | 106.87平米 | 南 北,https://ke-image.ljcdn.com/110000-inspection/pc1_kRgNzE2di_1.jpg!m_fill,w_280,h_210,f_jpg?from=ke.com
20240415,石景山,鲁谷,101122166459,六合园 南北通透两居室低楼层自住出入方便,270万,40444元/平,底层 (共7层) | 1993年 | 2室1厅 | 66.76平米 | 南 北,https://ke-image.ljcdn.com/110000-inspection/pc1_KmLT7amTG.jpg!m_fill,w_280,h_210,f_jpg?from=ke.com
20240415,石景山,鲁谷,101122149254,依翠园 新岚大厦带270°观景大阳台 全明户型大两居室必看好房,398万,45357元/平,中楼层 (共18层) 2室1厅 | 87.75平米 | 东南,https://ke-image.ljcdn.com/110000-inspection/pc1_YlMXFcBbV.jpg!m_fill,w_280,h_210,f_jpg?from=ke.com
20240415,石景山,鲁谷,101122113568,五芳园低楼层精装修两居满五唯一交通便利必看好房,238万,37617元/平,低楼层 (共6层) 2室1厅 | 63.27平米 | 东 西,https://ke-image.ljcdn.com/110000-inspection/pc1_7hrN3lT2i.jpg!m_fill,w_280,h_210,f_jpg?from=ke.com
20240415,石景山,鲁谷,101122095473,远景阁  南北双通透 前后花园 不临街必看好房,789万,64673元/平,底层 (共24层) | 2008年 | 3室1厅 | 122平米 | 南 北,https://ke-image.ljcdn.com/110000-inspection/pc1_eJ5qDUxR8.jpg!m_fill,w_280,h_210,f_jpg?from=ke.com
20240415,石景山,鲁谷,101121698661,诚心出售 远洋南向两居 满五唯一   视野棒  随时签约,598万,61485元/平,顶层 (共18层) | 2007年 | 2室2厅 | 97.26平米 | 南,https://ke-image.ljcdn.com/110000-inspection/pc1_SMK7TaXMJ.jpg!m_fill,w_280,h_210,f_jpg?from=ke.com
20240415,石景山,鲁谷,101121609812,永乐西区中高楼层两居满五年唯一商品房1992年建成必看好房,208万,32567元/平,高楼层 (共6层) 2室1厅 | 63.87平米 | 东南 北,https://ke-image.ljcdn.com/110000-inspection/pc1_dakObuK5b.jpg!m_fill,w_280,h_210,f_jpg?from=ke.com
20240415,石景山,鲁谷,101121590809,满五年 家庭一套  永乐西区正规两居室 靠谱卖必看好房,215万,35362元/平,高楼层 (共6层) 2室1厅 | 60.8平米 | 东,https://ke-image.ljcdn.com/110000-inspection/pc1_7GtSgRjG1.jpg!m_fill,w_280,h_210,f_jpg?from=ke.com
20240415,石景山,鲁谷,101121502346,时代庐峰近地铁正规一室一厅视野开阔诚心出售！！,299万,51677元/平,中楼层 (共24层) 1室1厅 | 57.86平米 | 北,https://ke-image.ljcdn.com/110000-inspection/pc1_9YTqZqVus.jpg!m_fill,w_280,h_210,f_jpg?from=ke.com
20240415,石景山,鲁谷,101120827123,远洋沁山水 三面采光 直观公园三居室必看好房,799万,90570元/平,中楼层 (共11层) 3室1厅 | 88.22平米 | 东 西,https://ke-image.ljcdn.com/110000-inspection/pc1_uyLvL2ZDh.jpg!m_fill,w_280,h_210,f_jpg?from=ke.com
20240415,石景山,鲁谷,101120060143,玉兴园板楼南北大两居 通透 满五年唯一 一梯两户房主自荐,760万,79374元/平,中楼层 (共6层) 2室2厅 | 95.75平米 | 南 北,https://ke-image.ljcdn.com/110000-inspection/pc1_9SIZ6TkaK.jpg!m_fill,w_280,h_210,f_jpg?from=ke.com
20240415,石景山,鲁谷,101117406212,石景山区 碣石坪 2001年的房子 满五年家庭唯一住房,475万,53673元/平,中楼层 (共24层) 2室2厅 | 88.5平米 | 南,https://ke-image.ljcdn.com/110000-inspection/632c6840-e240-4981-8b10-c2a1f7ab696e_1000.jpg!m_fill,w_280,h_210,f_jpg?from=ke.com
20240415,石景山,鲁谷,101121639077,紫御长安中间楼层西向两室诚意出售,189万,33890元/平,中楼层 (共17层) | 2017年 | 2室1厅 | 55.77平米 | 西,https://s1.ljcdn.com/pegasus/redskull/images/common/default_house_list.png?_v=20240411140708
20240415,石景山,鲁谷,101123878501,聚兴园 2室1厅 南 北新上,530万,60434元/平,底层 (共11层) 2室1厅 | 87.7平米 | 南 北,https://ke-image.ljcdn.com/110000-inspection/pc1_FQpsS7oUt.jpg!m_fill,w_280,h_210,f_jpg?from=ke.com
20240415,石景山,鲁谷,101123871395,远洋沁山水南北通透大三居 边户 边户  餐厅多一个窗户新上,1390万,98617元/平,中楼层 (共21层) | 2009年 | 3室2厅 | 140.95平米 | 南 北,https://ke-image.ljcdn.com/110000-inspection/pc1_HD7HBPJQM.jpg!m_fill,w_280,h_210,f_jpg?from=ke.com
20240415,石景山,鲁谷,101123864104,七星园 2室1厅 南 北新上,319万,47556元/平,中楼层 (共6层) 2室1厅 | 67.08平米 | 南 北,https://ke-image.ljcdn.com/110000-inspection/pc1_sGLnZ2SJY.jpg!m_fill,w_280,h_210,f_jpg?from=ke.com
20240415,石景山,鲁谷,101123862694,永乐西区南北通透精装修两居室业主诚心出售新上,278万,44760元/平,中楼层 (共6层) | 1987年 | 2室1厅 | 62.11平米 | 北 南,https://ke-image.ljcdn.com/110000-inspection/pc1_006FAJhoC.jpg!m_fill,w_280,h_210,f_jpg?from=ke.com
20240415,石景山,鲁谷,101123845217,南北一居 底层出行方便  随时可看新上,298万,47190元/平,底层 (共3层) | 1994年 | 2室1厅 | 63.15平米 | 南 北,https://ke-image.ljcdn.com/110000-inspection/pc1_YsGLX9UiQ.jpg!m_fill,w_280,h_210,f_jpg?from=ke.com
20240415,石景山,鲁谷,101123844984,玉泉路65号院 正规南向一室一厅精装修新上,280万,59600元/平,顶层 (共6层) | 1996年 | 1室1厅 | 46.98平米 | 南,https://ke-image.ljcdn.com/110000-inspection/pc1_xYmFSes4M.jpg!m_fill,w_280,h_210,f_jpg?from=ke.com
20240415,石景山,鲁谷,101123825052,重兴园两居室中高层看房方便满五唯一新上,438万,50801元/平,中楼层 (共24层) | 2003年 | 2室1厅 | 86.22平米 | 西南,https://ke-image.ljcdn.com/110000-inspection/pc1_9mAPDbRf2.jpg!m_fill,w_280,h_210,f_jpg?from=ke.com
20240415,石景山,鲁谷,101123823181,好户型高楼层视野好采光好！新上,435万,50365元/平,高楼层 (共24层) 2室2厅 | 86.37平米 | 西南,https://ke-image.ljcdn.com/110000-inspection/pc1_KgxcF4fU1.jpg!m_fill,w_280,h_210,f_jpg?from=ke.com
20240415,石景山,鲁谷,101123818210,远洋山水北区南向两居不临街满五唯一近地铁公园新上,716万,70508元/平,低楼层 (共26层) 2室1厅 | 101.55平米 | 南,https://ke-image.ljcdn.com/110000-inspection/5ce5c111-4213-491b-82d6-90c2ef9f2b50_1000.jpg!m_fill,w_280,h_210,f_jpg?from=ke.com
20240415,石景山,鲁谷,101123815285,京汉旭城全南一居采光充足2011年楼龄满五唯一新上,415万,61491元/平,低楼层 (共9层) | 2011年 | 1室1厅 | 67.49平米 | 南,https://ke-image.ljcdn.com/110000-inspection/pc1_R2d1CRb1p.jpg!m_fill,w_280,h_210,f_jpg?from=ke.com
20240415,石景山,鲁谷,101123810778,远洋山水 1室1厅 西新上,370万,64867元/平,顶层 (共25层) 1室1厅 | 57.04平米 | 西,https://ke-image.ljcdn.com/110000-inspection/pc1_UG4chz4X0_1.jpg!m_fill,w_280,h_210,f_jpg?from=ke.com
20240415,石景山,鲁谷,101123802489,永乐东区  精装修 塔楼带电梯两居室  看房方便新上,330万,54991元/平,中楼层 (共20层) 2室1厅 | 60.01平米 | 东南,https://ke-image.ljcdn.com/110000-inspection/pc1_tCajE3dAK.jpg!m_fill,w_280,h_210,f_jpg?from=ke.com
20240415,石景山,鲁谷,101123802235,永乐西区 南北两居室 带装修 靠谱出售新上,264万,42492元/平,顶层 (共6层) | 1988年 | 2室2厅 | 62.13平米 | 南 北,https://ke-image.ljcdn.com/110000-inspection/5297c34d-94d9-4f70-974e-168414cd6aad_1000.jpg!m_fill,w_280,h_210,f_jpg?from=ke.com
20240415,石景山,鲁谷,101123791129,永乐东区 2室1厅 东 西新上,305万,48153元/平,高楼层 (共6层) | 1980年 | 2室1厅 | 63.34平米 | 东 西,https://ke-image.ljcdn.com/110000-inspection/pc1_xUkljtyqS.jpg!m_fill,w_280,h_210,f_jpg?from=ke.com
20240415,石景山,鲁谷,101123785622,永乐东区南北通透两居室~能看房随时配合签约,230万,37936元/平,高楼层 (共6层) 2室1厅 | 60.63平米 | 南 北,https://ke-image.ljcdn.com/110000-inspection/pc1_jRIoqXb29.jpg!m_fill,w_280,h_210,f_jpg?from=ke.com
20240415,石景山,鲁谷,101123784143,永乐东区  精装修 南向两居室  看房方便新上,223万,45197元/平,中楼层 (共5层) | 1970年 | 2室1厅 | 49.34平米 | 南,https://ke-image.ljcdn.com/110000-inspection/pc1_SWemwmxAX.jpg!m_fill,w_280,h_210,f_jpg?from=ke.com
20240415,石景山,鲁谷,101123781351,远洋山水南区 南北通透 安静不吵 满五唯一,650万,64825元/平,低楼层 (共18层) 2室1厅 | 100.27平米 | 南 北,https://ke-image.ljcdn.com/110000-inspection/pc1_SKs2baC4t.jpg!m_fill,w_280,h_210,f_jpg?from=ke.com
20240415,石景山,鲁谷,101123758238,南北通透小三居   前后不临街 安静舒适,745万,85085元/平,底层 (共11层) 3室1厅 | 87.56平米 | 南 北,https://ke-image.ljcdn.com/110000-inspection/pc1_jxiyuz9DT.jpg!m_fill,w_280,h_210,f_jpg?from=ke.com
20240415,石景山,鲁谷,101123757630,远洋沁山水上品精装一室一厅 高楼层视野开阔 采光好新上,499万,80680元/平,中楼层 (共18层) 1室1厅 | 61.85平米 | 西,https://ke-image.ljcdn.com/110000-inspection/pc1_J3vG4lpPC.jpg!m_fill,w_280,h_210,f_jpg?from=ke.com
20240415,石景山,鲁谷,101123751247,聚兴园 2室1厅 西南,520万,56053元/平,低楼层 (共12层) 2室1厅 | 92.77平米 | 西南,https://ke-image.ljcdn.com/110000-inspection/pc1_ho9F70YLQ.jpg!m_fill,w_280,h_210,f_jpg?from=ke.com
20240415,石景山,鲁谷,101123749652,远洋山水北区 不临街 大两居 双卫好户型,658万,59056元/平,高楼层 (共27层) | 2006年 | 2室2厅 | 111.42平米 | 东南,https://ke-image.ljcdn.com/110000-inspection/pc1_6dvXklfyQ.jpg!m_fill,w_280,h_210,f_jpg?from=ke.com
20240415,石景山,鲁谷,101123733221,远洋沁山水7号楼 边户 161平米南北大三居 满五年唯一,1790万,110679元/平,顶层 (共21层) | 2010年 | 3室2厅 | 161.73平米 | 南 北,https://ke-image.ljcdn.com/110000-inspection/pc1_oYTiKjj3v.jpg!m_fill,w_280,h_210,f_jpg?from=ke.com
20240415,石景山,鲁谷,101123728662,远洋沁山水 3室1厅 南 北,890万,102370元/平,低楼层 (共12层) | 2010年 | 3室1厅 | 86.94平米 | 南 北,https://ke-image.ljcdn.com/110000-inspection/pc1_M3kIQr2yL.jpg!m_fill,w_280,h_210,f_jpg?from=ke.com
20240415,石景山,鲁谷,101123727939,远洋山水 2室1厅 南,800万,71794元/平,低楼层 (共27层) | 2007年 | 2室1厅 | 111.43平米 | 南,https://ke-image.ljcdn.com/110000-inspection/pc1_iCCCpoE3q.jpg!m_fill,w_280,h_210,f_jpg?from=ke.com
20240415,石景山,鲁谷,101123713766,远洋山水  不临街 东向大两居  满五年唯一  近地铁,649万,62040元/平,中楼层 (共26层) | 2003年 | 2室2厅 | 104.61平米 | 东,https://ke-image.ljcdn.com/110000-inspection/pc1_lFzV4AkwY.jpg!m_fill,w_280,h_210,f_jpg?from=ke.com
20240415,石景山,鲁谷,101123708547,远洋沁山水 2室1厅 东 西,750万,85941元/平,底层 (共21层) 2室1厅 | 87.27平米 | 东 西,https://ke-image.ljcdn.com/110000-inspection/pc1_Dr8Okk5Ip.jpg!m_fill,w_280,h_210,f_jpg?from=ke.com
20240415,石景山,鲁谷,101123705449,海淀户口 满五唯一 两个卧室都有两个窗户 户型好,340万,56696元/平,顶层 (共6层) | 1987年 | 2室1厅 | 59.97平米 | 南 东 西,https://ke-image.ljcdn.com/110000-inspection/pc1_HhDLZ4p1i.jpg!m_fill,w_280,h_210,f_jpg?from=ke.com
20240415,石景山,鲁谷,101123693122,重聚园 1室1厅 西南,330万,52691元/平,高楼层 (共24层) | 2003年 | 1室1厅 | 62.63平米 | 西南,https://ke-image.ljcdn.com/110000-inspection/pc1_hD3szM3pw.jpg!m_fill,w_280,h_210,f_jpg?from=ke.com
20240415,石景山,鲁谷,101123690663,七星园新华社南北通透客厅带窗户看房有钥匙,372万,58509元/平,中楼层 (共6层) | 1995年 | 2室1厅 | 63.58平米 | 南 北,https://ke-image.ljcdn.com/110000-inspection/9e42805d-dea2-4483-bc42-df7a9e81ea96_1000.jpg!m_fill,w_280,h_210,f_jpg?from=ke.com
20240415,石景山,鲁谷,101123690209,新上鲁谷小区五芳园 带电梯 精装修 南北两居室 采光好,300万,45830元/平,高楼层 (共6层) | 1994年 | 2室1厅 | 65.46平米 | 南 北,https://ke-image.ljcdn.com/110000-inspection/pc1_YuINX9Xyu.jpg!m_fill,w_280,h_210,f_jpg?from=ke.com
20240415,石景山,鲁谷,101123687387,北区中间不临街 南向两居 板楼两梯四户 安静 可贷款,695万,70991元/平,中楼层 (共26层) 2室1厅 | 97.9平米 | 南,https://ke-image.ljcdn.com/110000-inspection/pc1_a8jBFN1HJ.jpg!m_fill,w_280,h_210,f_jpg?from=ke.com
20240415,石景山,鲁谷,101123685684,七星园大客厅户型方正近地铁大两居,460万,41769元/平,底层 (共14层) 2室2厅 | 110.13平米 | 东,https://ke-image.ljcdn.com/110000-inspection/17d88b5b-40b2-4c50-a45e-0908d62b1d6c_1000.jpg!m_fill,w_280,h_210,f_jpg?from=ke.com
20240415,石景山,鲁谷,101123662052,六合园 2室1厅 西北,390万,48514元/平,低楼层 (共18层) | 1994年 | 2室1厅 | 80.39平米 | 西北,https://ke-image.ljcdn.com/110000-inspection/pc1_1bA645G01.jpg!m_fill,w_280,h_210,f_jpg?from=ke.com
20240415,石景山,鲁谷,101123658233,电梯钢混正规三居室户型方正采光好,385万,49347元/平,高楼层 (共18层) 3室1厅 | 78.02平米 | 南 北,https://ke-image.ljcdn.com/110000-inspection/pc1_iAoyEXGXG.jpg!m_fill,w_280,h_210,f_jpg?from=ke.com
20240415,石景山,鲁谷,101123646155,六合园 2室1厅 南,339万,52599元/平,底层 (共22层) | 1995年 | 2室1厅 | 64.45平米 | 南,https://ke-image.ljcdn.com/110000-inspection/pc1_C7fjrvFUq.jpg!m_fill,w_280,h_210,f_jpg?from=ke.com
20240415,石景山,鲁谷,101123641932,远洋山水 1室1厅 东北,420万,73556元/平,高楼层 (共27层) | 2007年 | 1室1厅 | 57.1平米 | 东北,https://ke-image.ljcdn.com/110000-inspection/pc1_IzqQKsXtE.jpg!m_fill,w_280,h_210,f_jpg?from=ke.com
20240415,石景山,鲁谷,101123623491,远洋沁山水上品 4室2厅 南 北,2450万,126159元/平,低楼层 (共21层) | 2011年 | 4室2厅 | 194.2平米 | 南 北,https://ke-image.ljcdn.com/110000-inspection/pc1_SmhG5L23a.jpg!m_fill,w_280,h_210,f_jpg?from=ke.com
20240415,石景山,鲁谷,101123617590,远洋山水精装修两居室中间楼层视野好房主自荐,650万,64793元/平,中楼层 (共26层) | 2007年 | 2室1厅 | 100.32平米 | 东北,https://ke-image.ljcdn.com/110000-inspection/pc1_abA9mn7kG.jpg!m_fill,w_280,h_210,f_jpg?from=ke.com
20240415,石景山,鲁谷,101123615761,此房满五年明厨明卫房子比较实用产权清晰诚心售房,266万,48076元/平,中楼层 (共18层) | 1995年 | 1室1厅 | 55.33平米 | 西,https://ke-image.ljcdn.com/110000-inspection/pc1_8pw4SIFoY.jpg!m_fill,w_280,h_210,f_jpg?from=ke.com
20240415,石景山,鲁谷,101123615726,北区一居室 户数少 楼层高视野开阔 无遮挡,355万,59217元/平,高楼层 (共26层) | 2007年 | 1室1厅 | 59.95平米 | 东北,https://ke-image.ljcdn.com/110000-inspection/pc1_Ei1uAAO6L.jpg!m_fill,w_280,h_210,f_jpg?from=ke.com
20240415,石景山,鲁谷,101123605961,依翠园 2室1厅 南 北,340万,47249元/平,中楼层 (共6层) 2室1厅 | 71.96平米 | 南 北,https://ke-image.ljcdn.com/110000-inspection/pc1_kdJK9TOvg.jpg!m_fill,w_280,h_210,f_jpg?from=ke.com
20240415,石景山,鲁谷,101123595752,南北通透2居地铁八宝山站一梯两户,845万,75447元/平,高楼层 (共12层) | 2007年 | 2室2厅 | 112平米 | 南 北,https://ke-image.ljcdn.com/110000-inspection/pc1_flhyockoK.jpg!m_fill,w_280,h_210,f_jpg?from=ke.com
20240415,石景山,鲁谷,101123592064,双锦园 南北通透精装修 满五年唯一商品房 有电梯哦,316万,51249元/平,低楼层 (共16层) | 2000年 | 2室2厅 | 61.66平米 | 南 北,https://ke-image.ljcdn.com/110000-inspection/6e259078-24d6-4898-84c1-2865d7d1f704_1000.jpg!m_fill,w_280,h_210,f_jpg?from=ke.com
20240415,石景山,鲁谷,101123591970,鲁谷路74号院 2室1厅 南,350万,53665元/平,中楼层 (共4层) | 1964年 | 2室1厅 | 65.22平米 | 南,https://ke-image.ljcdn.com/110000-inspection/pc1_emRTtMTYW.jpg!m_fill,w_280,h_210,f_jpg?from=ke.com
20240415,石景山,鲁谷,101123586389,玉泉路65号院 海淀户口 精装修两居室房主自荐,325万,74016元/平,高楼层 (共6层) 2室1厅 | 43.91平米 | 南 北,https://ke-image.ljcdn.com/110000-inspection/pc1_IW3CioYnY.jpg!m_fill,w_280,h_210,f_jpg?from=ke.com
20240415,石景山,鲁谷,101123584330,店长推荐好房永乐西区92年南北两居室  房龄新 位置好,275万,48086元/平,中楼层 (共6层) 2室1厅 | 57.19平米 | 南 北,https://ke-image.ljcdn.com/110000-inspection/pc1_6KkgJyMxE.jpg!m_fill,w_280,h_210,f_jpg?from=ke.com
20240415,石景山,鲁谷,101123578795,鲁谷 重聚园 高楼层 精装 三居室 满五唯一,598万,54438元/平,高楼层 (共24层) 3室1厅 | 109.85平米 | 西南,https://ke-image.ljcdn.com/110000-inspection/541dfbcf-3e8c-484b-b10d-522a94e1b2e2_1000.jpg!m_fill,w_280,h_210,f_jpg?from=ke.com
20240415,石景山,鲁谷,101123575829,七星园1-14号楼 3层  南北通透  不临路,330万,52523元/平,中楼层 (共6层) | 1994年 | 2室1厅 | 62.83平米 | 南 北,https://ke-image.ljcdn.com/110000-inspection/pc1_EF7at36ie.jpg!m_fill,w_280,h_210,f_jpg?from=ke.com
20240415,石景山,鲁谷,101123565523,玉泉路65号院  南北通透两居 双阳台,460万,73389元/平,中楼层 (共6层) | 1996年 | 2室1厅 | 62.68平米 | 南 北,https://ke-image.ljcdn.com/110000-inspection/pc1_0JyFhDMun.jpg!m_fill,w_280,h_210,f_jpg?from=ke.com
20240415,石景山,鲁谷,101123564798,两梯四户 户数少 不临街 高楼层 精装修可观电视塔,355万,64057元/平,高楼层 (共26层) 1室1厅 | 55.42平米 | 东,https://ke-image.ljcdn.com/110000-inspection/pc1_N9md2zNm0_1.jpg!m_fill,w_280,h_210,f_jpg?from=ke.com
20240415,石景山,鲁谷,101123556729,北重西厂采光充足视野开阔交通便利满五年唯一。房主自荐,225万,37401元/平,顶层 (共6层) | 1994年 | 2室1厅 | 60.16平米 | 东,https://ke-image.ljcdn.com/110000-inspection/pc1_qpKiq3aia.jpg!m_fill,w_280,h_210,f_jpg?from=ke.com
20240415,石景山,鲁谷,101123552937,店长推荐 南北明厨明卫 精装修新风系统 1991年的房子房主自荐,295万,47185元/平,高楼层 (共6层) | 1991年 | 2室1厅 | 62.52平米 | 南 北,https://ke-image.ljcdn.com/110000-inspection/pc1_OFBpzZlaT.jpg!m_fill,w_280,h_210,f_jpg?from=ke.com
20240415,石景山,鲁谷,101123548305,南北通透客厅大面宽三居双南向采光好出行便利。房主自荐,935万,67006元/平,中楼层 (共26层) | 2006年 | 3室1厅 | 139.54平米 | 南 北,https://ke-image.ljcdn.com/110000-inspection/pc1_qRvt5vBCQ.jpg!m_fill,w_280,h_210,f_jpg?from=ke.com
20240415,石景山,鲁谷,101123547177,公交六场宿舍南北两居室满五年公房看房有钥匙,195万,34692元/平,顶层 (共6层) 2室1厅 | 56.21平米 | 南 北,https://ke-image.ljcdn.com/110000-inspection/pc1_haXC93fbo.jpg!m_fill,w_280,h_210,f_jpg?from=ke.com
20240415,石景山,鲁谷,101123546142,永乐东区田字格三居室南北通透单独管理。采光好,380万,52830元/平,高楼层 (共6层) | 1989年 | 3室1厅 | 71.93平米 | 南 北,https://ke-image.ljcdn.com/110000-inspection/pc1_hbHWA3qko.jpg!m_fill,w_280,h_210,f_jpg?from=ke.com
20240415,石景山,鲁谷,101123541836,远洋6号楼一居满五唯一精装修,338万,59951元/平,中楼层 (共25层) 1室1厅 | 56.38平米 | 西,https://ke-image.ljcdn.com/110000-inspection/pc1_Oqzn8Iorq.jpg!m_fill,w_280,h_210,f_jpg?from=ke.com
20240415,石景山,鲁谷,101123524682,两梯四户全朝南向高楼层视野开阔采光好,440万,71140元/平,高楼层 (共25层) | 2007年 | 2室1厅 | 61.85平米 | 南,https://ke-image.ljcdn.com/110000-inspection/pc1_RlDV5ifMr.jpg!m_fill,w_280,h_210,f_jpg?from=ke.com
20240415,石景山,鲁谷,101123523864,北重西厂 1室1厅 东,185万,44676元/平,中楼层 (共6层) | 1989年 | 1室1厅 | 41.41平米 | 东,https://ke-image.ljcdn.com/110000-inspection/pc1_yupjYUJhs.jpg!m_fill,w_280,h_210,f_jpg?from=ke.com
20240415,石景山,鲁谷,101123513882,重兴园 东南两居室 视野采光好楼层高,378万,42732元/平,顶层 (共24层) | 2003年 | 2室2厅 | 88.46平米 | 东南,https://ke-image.ljcdn.com/110000-inspection/pc1_KCz4svkLJ.jpg!m_fill,w_280,h_210,f_jpg?from=ke.com
20240415,石景山,鲁谷,101123512285,远洋沁山水上品西南两居室 明厨明卫 欢迎看房,789万,92922元/平,高楼层 (共13层) 2室1厅 | 84.91平米 | 西南,https://ke-image.ljcdn.com/110000-inspection/pc1_tqUq2Amob.jpg!m_fill,w_280,h_210,f_jpg?from=ke.com
20240415,石景山,鲁谷,101123502964,永乐西区 2室1厅 东,230万,37638元/平,高楼层 (共6层) 2室1厅 | 61.11平米 | 东,https://ke-image.ljcdn.com/110000-inspection/pc1_UTxQ7bMuW.jpg!m_fill,w_280,h_210,f_jpg?from=ke.com
20240415,石景山,鲁谷,101123501410,永乐东小区大户型两居室大客户精装修。诚意出售房主自荐,450万,52780元/平,底层 (共20层) | 1987年 | 2室2厅 | 85.26平米 | 东北 南 西,https://ke-image.ljcdn.com/110000-inspection/cfc0b1f5-ccef-4e94-8270-f0f3c4359ea3_1000.jpg!m_fill,w_280,h_210,f_jpg?from=ke.com
20240415,石景山,鲁谷,101123478929,天和景园南北通透三居室 满五唯一 诚意出售,800万,57328元/平,低楼层 (共16层) 3室2厅 | 139.55平米 | 南 北,https://ke-image.ljcdn.com/110000-inspection/pc1_pIDETn9hq.jpg!m_fill,w_280,h_210,f_jpg?from=ke.com
20240415,石景山,鲁谷,101123461871,京汉旭城 3室1厅 南 北,760万,61054元/平,底层 (共15层) | 2003年 | 3室1厅 | 124.48平米 | 南 北,https://ke-image.ljcdn.com/110000-inspection/fd0571bc-4278-4e99-9ec1-d1fdcf1e3117_1000.jpg!m_fill,w_280,h_210,f_jpg?from=ke.com
20240415,石景山,鲁谷,101123461385,双锦园 精装修 采光视野好 房龄新,238万,48072元/平,中楼层 (共16层) | 2000年 | 1室1厅 | 49.51平米 | 西,https://ke-image.ljcdn.com/110000-inspection/pc1_2QBdNRRhE.jpg!m_fill,w_280,h_210,f_jpg?from=ke.com
20240415,石景山,鲁谷,101123460733,永乐西区 2室1厅 南 北,275万,44085元/平,顶层 (共6层) | 1987年 | 2室1厅 | 62.38平米 | 南 北,https://ke-image.ljcdn.com/110000-inspection/pc1_BUQL42QBs.jpg!m_fill,w_280,h_210,f_jpg?from=ke.com
20240415,石景山,鲁谷,101123460442,诗景长安小区 两居室 2010年 商品房,566万,65058元/平,低楼层 (共25层) | 2011年 | 2室1厅 | 87平米 | 南 北,https://ke-image.ljcdn.com/110000-inspection/pc1_r2MjItoJ1.jpg!m_fill,w_280,h_210,f_jpg?from=ke.com
20240415,石景山,鲁谷,101123459845,五芳园南向一居室采光好无遮挡,200万,43188元/平,顶层 (共6层) 1室1厅 | 46.31平米 | 南,https://ke-image.ljcdn.com/110000-inspection/pc1_RFbNQUJzc.jpg!m_fill,w_280,h_210,f_jpg?from=ke.com
20240415,石景山,鲁谷,101123459218,重兴园优质两居 明厨明卫 看房方便 满五年唯一,399万,45517元/平,低楼层 (共24层) | 2003年 | 2室1厅 | 87.66平米 | 东南 北,https://ke-image.ljcdn.com/110000-inspection/pc1_Hoffn1U1i.jpg!m_fill,w_280,h_210,f_jpg?from=ke.com
20240415,石景山,鲁谷,101123437027,永乐东区南北通透两居满五年唯一全明户型。,290万,49253元/平,中楼层 (共6层) 2室1厅 | 58.88平米 | 南 北,https://ke-image.ljcdn.com/110000-inspection/pc1_YWrc1OL1G.jpg!m_fill,w_280,h_210,f_jpg?from=ke.com
20240415,石景山,鲁谷,101123436354,六合园   精装修   大客厅   诚心卖,268万,38556元/平,顶层 (共6层) | 1995年 | 2室1厅 | 69.51平米 | 南 北,https://ke-image.ljcdn.com/110000-inspection/pc1_kh8tLcaQ7.jpg!m_fill,w_280,h_210,f_jpg?from=ke.com
20240415,石景山,鲁谷,101123423319,远洋山水北区东南向满五年唯一2居,738万,69960元/平,低楼层 (共21层) | 2006年 | 2室1厅 | 105.49平米 | 东南,https://ke-image.ljcdn.com/110000-inspection/d1c6bc73-9971-4721-a32c-35d737722789_1000.jpg!m_fill,w_280,h_210,f_jpg?from=ke.com
20240415,石景山,鲁谷,101123409661,鲁谷村 2室1厅 南 北,360万,58738元/平,底层 (共6层) | 1995年 | 2室1厅 | 61.29平米 | 南 北,https://ke-image.ljcdn.com/110000-inspection/pc1_KVOD8p6CC.jpg!m_fill,w_280,h_210,f_jpg?from=ke.com
20240415,石景山,鲁谷,101123409472,久筑物业 1室1厅 东 西,358万,57207元/平,中楼层 (共15层) | 1995年 | 1室1厅 | 62.58平米 | 东 西,https://ke-image.ljcdn.com/110000-inspection/pc1_jjZTyhrYy.jpg!m_fill,w_280,h_210,f_jpg?from=ke.com
20240415,石景山,鲁谷,101123406652,小区中间位置  前后花园南北通透精装修满五唯一,1100万,68294元/平,顶层 (共26层) 4室1厅 | 161.07平米 | 南 北,https://ke-image.ljcdn.com/110000-inspection/pc1_wv4rrGbxK.jpg!m_fill,w_280,h_210,f_jpg?from=ke.com
20240415,石景山,鲁谷,101123406468,永乐西区 2室1厅 南 北,320万,51200元/平,中楼层 (共6层) | 1988年 | 2室1厅 | 62.5平米 | 南 北,https://ke-image.ljcdn.com/110000-inspection/pc1_MC5keumKj.jpg!m_fill,w_280,h_210,f_jpg?from=ke.com
20240415,石景山,鲁谷,101123396905,京汉旭城正南正北两居采光好满五唯一诚心出售,577万,62171元/平,底层 (共15层) | 2004年 | 2室2厅 | 92.81平米 | 南 北,https://ke-image.ljcdn.com/110000-inspection/pc1_75Dg3Wnpl.jpg!m_fill,w_280,h_210,f_jpg?from=ke.com
20240415,石景山,鲁谷,101123396184,远洋山水 2室1厅 东北,666万,65863元/平,低楼层 (共26层) | 2006年 | 2室1厅 | 101.12平米 | 东北,https://ke-image.ljcdn.com/110000-inspection/pc1_RtrC7Jv6r.jpg!m_fill,w_280,h_210,f_jpg?from=ke.com
20240415,石景山,鲁谷,101123391940,五芳园满五年家庭一套两居室大客厅,230万,36113元/平,顶层 (共6层) | 1993年 | 2室1厅 | 63.69平米 | 东 西,https://ke-image.ljcdn.com/110000-inspection/pc1_A4ca162Ux.jpg!m_fill,w_280,h_210,f_jpg?from=ke.com
20240415,石景山,鲁谷,101123354482,重聚园南北通透 刷卡回家 安静安全的社区房主自荐,530万,51768元/平,高楼层 (共16层) 2室2厅 | 102.38平米 | 南 北,https://ke-image.ljcdn.com/110000-inspection/pc1_2hfct4krl.jpg!m_fill,w_280,h_210,f_jpg?from=ke.com
20240415,石景山,鲁谷,101123341477,远洋沁山水 2室1厅 南,830万,94534元/平,中楼层 (共20层) 2室1厅 | 87.8平米 | 南,https://ke-image.ljcdn.com/110000-inspection/pc1_NqscXoIlo.jpg!m_fill,w_280,h_210,f_jpg?from=ke.com
20240415,石景山,鲁谷,101123338118,鲁谷村南院精美装修小区环境好中间楼层,340万,58380元/平,中楼层 (共6层) | 1996年 | 1室1厅 | 58.24平米 | 南,https://ke-image.ljcdn.com/110000-inspection/pc1_oosQm4AgH.jpg!m_fill,w_280,h_210,f_jpg?from=ke.com
20240415,石景山,鲁谷,101123325130,五芳园北院南向一居不临街户型方正交通便利,189万,42047元/平,中楼层 (共6层) | 1993年 | 1室1厅 | 44.95平米 | 南,https://ke-image.ljcdn.com/110000-inspection/pc1_ZmhmfD6U8.jpg!m_fill,w_280,h_210,f_jpg?from=ke.com
20240415,石景山,鲁谷,101123324618,全南向一居室户型方正采光好,200万,49665元/平,中楼层 (共6层) | 1989年 | 1室1厅 | 40.27平米 | 南,https://ke-image.ljcdn.com/110000-inspection/pc1_MH1iOfPOP.jpg!m_fill,w_280,h_210,f_jpg?from=ke.com
20240415,石景山,鲁谷,101123322657,六合园南北通透两居 小区已经改造 采光好 配套全,316万,52026元/平,中楼层 (共7层) | 1993年 | 2室1厅 | 60.74平米 | 南 北,https://ke-image.ljcdn.com/110000-inspection/pc1_qVGsCcysG.jpg!m_fill,w_280,h_210,f_jpg?from=ke.com
20240415,石景山,鲁谷,101123319764,远洋山水中间位置 安静无噪音 精装修婚房可拎包入住房主自荐,860万,67462元/平,低楼层 (共26层) | 2007年 | 3室1厅 | 127.48平米 | 西南,https://ke-image.ljcdn.com/110000-inspection/pc1_mmcvIDNoc.jpg!m_fill,w_280,h_210,f_jpg?from=ke.com
20240415,石景山,鲁谷,101123313347,北重西厂精装一居拎包入住不临街无遮挡。房主自荐,185万,44590元/平,高楼层 (共6层) | 1991年 | 1室1厅 | 41.49平米 | 东,https://ke-image.ljcdn.com/110000-inspection/pc1_aUX1hH6Ur.jpg!m_fill,w_280,h_210,f_jpg?from=ke.com
20240415,石景山,鲁谷,101123312656,鲁谷 永乐东区 低楼层 通透 精装修,303万,49935元/平,低楼层 (共6层) 2室1厅 | 60.68平米 | 南 北,https://ke-image.ljcdn.com/110000-inspection/pc1_KsXS1wrJY.jpg!m_fill,w_280,h_210,f_jpg?from=ke.com
20240415,石景山,鲁谷,101123304718,碣石坪小区 南向一居室 带电梯,338万,56315元/平,高楼层 (共24层) | 2001年 | 1室1厅 | 60.02平米 | 南,https://ke-image.ljcdn.com/110000-inspection/pc1_RaOsk7XXY.jpg!m_fill,w_280,h_210,f_jpg?from=ke.com
20240415,石景山,鲁谷,101123291253,鲁谷路74号院 2室1厅 南 北,565万,71097元/平,中楼层 (共6层) | 2000年 | 2室1厅 | 79.47平米 | 南 北,https://ke-image.ljcdn.com/110000-inspection/pc1_XKk3ETLOt.jpg!m_fill,w_280,h_210,f_jpg?from=ke.com
20240415,石景山,鲁谷,101123287286,久筑物业 2室1厅 东 西,365万,56380元/平,高楼层 (共12层) | 1996年 | 2室1厅 | 64.74平米 | 东 西,https://ke-image.ljcdn.com/110000-inspection/pc1_XGjHvAQlJ.jpg!m_fill,w_280,h_210,f_jpg?from=ke.com
20240415,石景山,鲁谷,101123267722,远洋山水 2室2厅 西,765万,66482元/平,中楼层 (共20层) | 2008年 | 2室2厅 | 115.07平米 | 西,https://ke-image.ljcdn.com/110000-inspection/pc1_8adWiygTR.jpg!m_fill,w_280,h_210,f_jpg?from=ke.com
20240415,石景山,鲁谷,101123267572,五芳园 满五唯一 南北通透 自住,286万,43288元/平,高楼层 (共6层) | 1994年 | 2室1厅 | 66.07平米 | 南 北,https://ke-image.ljcdn.com/110000-inspection/pc1_y41FKRph7.jpg!m_fill,w_280,h_210,f_jpg?from=ke.com
20240415,石景山,鲁谷,101123260803,远洋山水北区满五年唯一业主很诚心卖,610万,60879元/平,低楼层 (共26层) | 2005年 | 2室1厅 | 100.2平米 | 东北,https://ke-image.ljcdn.com/110000-inspection/pc1_DqYPIDCwE.jpg!m_fill,w_280,h_210,f_jpg?from=ke.com
20240415,石景山,鲁谷,101123255875,北重西厂 2室1厅 南,248万,40623元/平,顶层 (共6层) | 1990年 | 2室1厅 | 61.05平米 | 南,https://ke-image.ljcdn.com/110000-inspection/pc1_nNZmr0Q7P.jpg!m_fill,w_280,h_210,f_jpg?from=ke.com
20240415,石景山,鲁谷,101123255854,永乐东区南北通透两居室精装修拎包入住 全明格局,325万,53604元/平,高楼层 (共6层) | 1987年 | 2室1厅 | 60.63平米 | 南 北,https://ke-image.ljcdn.com/110000-inspection/pc1_ieEkbfUYd.jpg!m_fill,w_280,h_210,f_jpg?from=ke.com
20240415,石景山,鲁谷,101123244772,八场宿舍 2室1厅 南 北房主自荐,262万,46054元/平,顶层 (共6层) | 1993年 | 2室1厅 | 56.89平米 | 南 北,https://ke-image.ljcdn.com/110000-inspection/b407f729-a142-4d3e-ae1f-7d6357104102_1000.jpg!m_fill,w_280,h_210,f_jpg?from=ke.com
20240415,石景山,鲁谷,101123243426,七星园精装修南北二居室满五年唯一户型方正！！,258万,40338元/平,顶层 (共6层) | 1994年 | 2室1厅 | 63.96平米 | 南 北,https://ke-image.ljcdn.com/110000-inspection/pc1_6Jo0AE3Jd.jpg!m_fill,w_280,h_210,f_jpg?from=ke.com
20240415,石景山,鲁谷,101123232706,北重西厂西向一居室楼层好采光充足,170万,40974元/平,中楼层 (共6层) | 1991年 | 1室0厅 | 41.49平米 | 西,https://ke-image.ljcdn.com/110000-inspection/pc1_oGrFBGBwy.jpg!m_fill,w_280,h_210,f_jpg?from=ke.com
20240415,石景山,鲁谷,101123227486,南向户型方正一居室安静户数少居住舒适,425万,69673元/平,低楼层 (共21层) | 2006年 | 1室1厅 | 61平米 | 南,https://ke-image.ljcdn.com/110000-inspection/pc1_gO1KbICR4.jpg!m_fill,w_280,h_210,f_jpg?from=ke.com
20240415,石景山,鲁谷,101123221782,依翠园 2室2厅 东 西,405万,47386元/平,中楼层 (共6层) | 1998年 | 2室2厅 | 85.47平米 | 东 西,https://ke-image.ljcdn.com/110000-inspection/pc1_SHZBfnujW.jpg!m_fill,w_280,h_210,f_jpg?from=ke.com
20240415,石景山,鲁谷,101123217486,北重西厂 南北通透 大客厅 中间位置,249万,39381元/平,顶层 (共6层) | 1995年 | 2室1厅 | 63.23平米 | 南 北,https://ke-image.ljcdn.com/110000-inspection/pc1_lFYiZ9dRY.jpg!m_fill,w_280,h_210,f_jpg?from=ke.com
20240415,石景山,鲁谷,101123216276,六合园 2室1厅 南 东,355万,54844元/平,中楼层 (共22层) | 1995年 | 2室1厅 | 64.73平米 | 南 东,https://ke-image.ljcdn.com/110000-inspection/pc1_9KhNUoQiG.jpg!m_fill,w_280,h_210,f_jpg?from=ke.com
20240415,石景山,鲁谷,101123207909,七星园1-14号楼范围内中间层南北通透大客厅双阳台两居,399万,48224元/平,中楼层 (共6层) | 1997年 | 2室1厅 | 82.74平米 | 南 北,https://ke-image.ljcdn.com/110000-inspection/d2a8e9d0-b805-4e10-97bc-770ba11c8110_1000.jpg!m_fill,w_280,h_210,f_jpg?from=ke.com
20240415,石景山,鲁谷,101123190169,鲁谷路74号院 1室1厅 南,249万,61361元/平,中楼层 (共6层) | 1991年 | 1室1厅 | 40.58平米 | 南,https://ke-image.ljcdn.com/110000-inspection/pc1_8771Ofaar.jpg!m_fill,w_280,h_210,f_jpg?from=ke.com
20240415,石景山,鲁谷,101123171452,五芳园 2室1厅 西,230万,35304元/平,中楼层 (共6层) | 1994年 | 2室1厅 | 65.15平米 | 西,https://ke-image.ljcdn.com/110000-inspection/pc1_oy1IBEde2.jpg!m_fill,w_280,h_210,f_jpg?from=ke.com
20240415,石景山,鲁谷,101123171115,双锦园    南北通透   明厨明卫 2000年建成,425万,54293元/平,低楼层 (共14层) | 2000年 | 3室1厅 | 78.28平米 | 南 北,https://ke-image.ljcdn.com/110000-inspection/pc1_iUQ1nJUE5.jpg!m_fill,w_280,h_210,f_jpg?from=ke.com
20240415,石景山,鲁谷,101123159115,【推荐房源】采光很好的通透大二居,550万,56388元/平,底层 (共6层) 2室2厅 | 97.54平米 | 南 北,https://ke-image.ljcdn.com/110000-inspection/pc1_z9SPrMRQi.jpg!m_fill,w_280,h_210,f_jpg?from=ke.com
20240415,石景山,鲁谷,101123155284,北重西厂 1室1厅 东,179万,43143元/平,中楼层 (共6层) | 1991年 | 1室1厅 | 41.49平米 | 东,https://ke-image.ljcdn.com/110000-inspection/50cb0aa6-2f64-48ad-b427-a6114429a555_1000.jpg!m_fill,w_280,h_210,f_jpg?from=ke.com
20240415,石景山,鲁谷,101123155178,全新精装修 不临街双卫两居室 两梯五户 无遮挡,670万,65411元/平,顶层 (共27层) 2室1厅 | 102.43平米 | 西北,https://ke-image.ljcdn.com/110000-inspection/pc1_j8vDuz1vN.jpg!m_fill,w_280,h_210,f_jpg?from=ke.com
20240415,石景山,鲁谷,101123147033,石景山区重兴园两居室中间楼层好户型,460万,52759元/平,高楼层 (共24层) | 2003年 | 2室1厅 | 87.19平米 | 南,https://ke-image.ljcdn.com/110000-inspection/pc1_B82Mf0UDB.jpg!m_fill,w_280,h_210,f_jpg?from=ke.com
20240415,石景山,鲁谷,101123140920,时代庐峰 2室1厅 南,626万,63284元/平,高楼层 (共12层) 2室1厅 | 98.92平米 | 南,https://ke-image.ljcdn.com/110000-inspection/pc1_hhiMw7dHv.jpg!m_fill,w_280,h_210,f_jpg?from=ke.com
20240415,石景山,鲁谷,101123140227,永乐东区 2室1厅 南 北,298万,49046元/平,高楼层 (共6层) 2室1厅 | 60.76平米 | 南 北,https://ke-image.ljcdn.com/110000-inspection/pc1_ReKWXF1Ch.jpg!m_fill,w_280,h_210,f_jpg?from=ke.com
20240415,石景山,鲁谷,101123138330,石景山永乐小区电梯房交通便利,333万,47647元/平,高楼层 (共18层) | 1992年 | 2室1厅 | 69.89平米 | 东 南,https://ke-image.ljcdn.com/110000-inspection/pc1_RBBlRg23T.jpg!m_fill,w_280,h_210,f_jpg?from=ke.com
20240415,石景山,鲁谷,101123134047,南向一居室无遮挡采光好视野开阔。,450万,72851元/平,中楼层 (共25层) 1室1厅 | 61.77平米 | 南,https://ke-image.ljcdn.com/110000-inspection/pc1_FJFVeqYrx.jpg!m_fill,w_280,h_210,f_jpg?from=ke.com
20240415,石景山,鲁谷,101123110125,远洋山水 1室1厅 东,335万,69982元/平,中楼层 (共26层) | 2005年 | 1室1厅 | 47.87平米 | 东,https://ke-image.ljcdn.com/110000-inspection/pc1_IlW6BJ4y7.jpg!m_fill,w_280,h_210,f_jpg?from=ke.com
20240415,石景山,鲁谷,101123108075,北重西厂 1室1厅 南 北,245万,60524元/平,中楼层 (共6层) 1室1厅 | 40.48平米 | 南 北,https://ke-image.ljcdn.com/110000-inspection/pc1_bYzhb7cJ9.jpg!m_fill,w_280,h_210,f_jpg?from=ke.com
20240415,石景山,鲁谷,101123102473,永乐西区 3室1厅 南 北,408万,49234元/平,中楼层 (共6层) | 1989年 | 3室1厅 | 82.87平米 | 南 北,https://ke-image.ljcdn.com/110000-inspection/pc1_U5NWJKM4W.jpg!m_fill,w_280,h_210,f_jpg?from=ke.com
20240415,石景山,鲁谷,101123094586,永乐西区 2室1厅 南 北,290万,48691元/平,中楼层 (共6层) | 1994年 | 2室1厅 | 59.56平米 | 南 北,https://ke-image.ljcdn.com/110000-inspection/pc1_ruTNQiVBc.jpg!m_fill,w_280,h_210,f_jpg?from=ke.com
20240415,石景山,鲁谷,101123088630,远洋沁山水小区中间位置不临街全明格局三居室,986万,112314元/平,中楼层 (共11层) 3室1厅 | 87.79平米 | 南 北,https://ke-image.ljcdn.com/110000-inspection/pc1_wQD7aSuwv.jpg!m_fill,w_280,h_210,f_jpg?from=ke.com
20240415,石景山,鲁谷,101123075912,远洋沁山水上品 4室2厅 南 北,1980万,101539元/平,底层 (共21层) | 2011年 | 4室2厅 | 195平米 | 南 北,https://ke-image.ljcdn.com/110000-inspection/pc1_Ahb21r0Jx.jpg!m_fill,w_280,h_210,f_jpg?from=ke.com
20240415,石景山,鲁谷,101123065769,远洋山水 2室1厅 南,780万,67352元/平,中楼层 (共27层) | 2007年 | 2室1厅 | 115.81平米 | 南,https://ke-image.ljcdn.com/110000-inspection/pc1_p1XNQqOmO.jpg!m_fill,w_280,h_210,f_jpg?from=ke.com
20240415,石景山,鲁谷,101123051710,满五年小两居是 南北通透采光充足,218万,43513元/平,顶层 (共6层) | 1989年 | 2室1厅 | 50.1平米 | 南 北,https://ke-image.ljcdn.com/110000-inspection/pc1_8XYm7ZoBi.jpg!m_fill,w_280,h_210,f_jpg?from=ke.com
20240415,石景山,鲁谷,101123046272,诗景长安 3室2厅 南 北,850万,59889元/平,高楼层 (共27层) 3室2厅 | 141.93平米 | 南 北,https://ke-image.ljcdn.com/110000-inspection/pc1_J1MiIs1Pm.jpg!m_fill,w_280,h_210,f_jpg?from=ke.com
20240415,石景山,鲁谷,101123038554,远洋沁山水 3室1厅 南 北,950万,107467元/平,中楼层 (共11层) | 2009年 | 3室1厅 | 88.4平米 | 南 北,https://ke-image.ljcdn.com/110000-inspection/pc1_uQ9u2fXi3.jpg!m_fill,w_280,h_210,f_jpg?from=ke.com
20240415,石景山,鲁谷,101123036377,双锦园 2000年商品房社区 位置优越配套齐全,439万,52962元/平,高楼层 (共14层) 2室1厅 | 82.89平米 | 南 北,https://ke-image.ljcdn.com/110000-inspection/pc1_hpU8YuEH1.jpg!m_fill,w_280,h_210,f_jpg?from=ke.com
20240415,石景山,鲁谷,101123033318,全南向两居进门带玄关双阳台高楼层视野开阔,680万,57530元/平,中楼层 (共26层) | 2006年 | 2室1厅 | 118.2平米 | 南,https://ke-image.ljcdn.com/110000-inspection/pc1_Ia8kYVIjm.jpg!m_fill,w_280,h_210,f_jpg?from=ke.com
20240415,石景山,鲁谷,101123033176,远洋沁山水上品 精装修两居 户型方正 安静不吵,730万,68391元/平,底层 (共17层) | 2011年 | 2室1厅 | 106.74平米 | 东 西,https://ke-image.ljcdn.com/110000-inspection/prod-50c93aa2-e4d0-4688-bf2e-f6a8a6a7cdf2.jpg!m_fill,w_280,h_210,f_jpg?from=ke.com
20240415,石景山,鲁谷,101123030644,京汉旭城全南一居采光好2011年楼龄中间楼层。房主自荐,415万,62098元/平,中楼层 (共9层) | 2011年 | 1室1厅 | 66.83平米 | 南,https://ke-image.ljcdn.com/110000-inspection/3b3264e9-e331-4cdb-b1ca-83a23c9fe98b_1000.jpg!m_fill,w_280,h_210,f_jpg?from=ke.com
20240415,石景山,鲁谷,101123023045,远洋山水 满五年唯一 朝西一居 可以成小两居,406万,60211元/平,中楼层 (共26层) | 2007年 | 2室1厅 | 67.43平米 | 西,https://ke-image.ljcdn.com/110000-inspection/pc1_PyX7BQiSJ.jpg!m_fill,w_280,h_210,f_jpg?from=ke.com
20240415,石景山,鲁谷,101123022445,京汉旭城精装修两居随时可看诚心出售视野好,535万,64427元/平,中楼层 (共23层) | 2004年 | 2室1厅 | 83.04平米 | 西南,https://ke-image.ljcdn.com/110000-inspection/pc1_C62TkDXkA.jpg!m_fill,w_280,h_210,f_jpg?from=ke.com
20240415,石景山,鲁谷,101123018735,八宝山南路29号院两居室 精装修 南北通透房主自荐,265万,53536元/平,中楼层 (共6层) | 1990年 | 2室1厅 | 49.5平米 | 南 北,https://ke-image.ljcdn.com/110000-inspection/pc1_r4nr0KV8u.jpg!m_fill,w_280,h_210,f_jpg?from=ke.com
20240415,石景山,鲁谷,101123012904,六合园 电梯钢混大两居 精装 明厨明卫 采光无遮挡房主自荐,365万,52723元/平,低楼层 (共18层) | 1994年 | 2室1厅 | 69.23平米 | 南,https://ke-image.ljcdn.com/110000-inspection/pc1_DL2GViHuS.jpg!m_fill,w_280,h_210,f_jpg?from=ke.com
20240415,石景山,鲁谷,101123008115,七星园 1-14号楼范围内 京源  无遮挡敞亮,283万,45043元/平,高楼层 (共6层) | 1994年 | 2室1厅 | 62.83平米 | 南 北,https://ke-image.ljcdn.com/110000-inspection/pc1_HziASMoAD.jpg!m_fill,w_280,h_210,f_jpg?from=ke.com
20240415,石景山,鲁谷,101123001043,碣石坪 西南向两居室 满五年商品房 诚心出售,425万,50935元/平,低楼层 (共24层) | 2001年 | 2室1厅 | 83.44平米 | 西南,https://ke-image.ljcdn.com/110000-inspection/pc1_wGNQhUcDJ.jpg!m_fill,w_280,h_210,f_jpg?from=ke.com
20240415,石景山,鲁谷,101122989732,远洋山水北区一居高楼层景观房,338万,59887元/平,高楼层 (共25层) 1室0厅 | 56.44平米 | 西,https://ke-image.ljcdn.com/110000-inspection/pc1_pPAY8kxXf.jpg!m_fill,w_280,h_210,f_jpg?from=ke.com
20240415,石景山,鲁谷,101122989432,经典2居室的户型 有电梯 视野开阔房主自荐,426万,41724元/平,高楼层 (共24层) 2室1厅 | 102.1平米 | 东南,https://ke-image.ljcdn.com/110000-inspection/pc1_1kyXFAgz1.jpg!m_fill,w_280,h_210,f_jpg?from=ke.com
20240415,石景山,鲁谷,101122972923,永乐东区 3室1厅 南 北,320万,44957元/平,顶层 (共6层) | 1988年 | 3室1厅 | 71.18平米 | 南 北,https://ke-image.ljcdn.com/110000-inspection/pc1_vYX1djQT5.jpg!m_fill,w_280,h_210,f_jpg?from=ke.com
20240415,石景山,鲁谷,101122970929,精装修 视野好 不临街 方正二居室房主自荐,480万,61217元/平,中楼层 (共23层) | 2004年 | 2室1厅 | 78.41平米 | 东南 北,https://ke-image.ljcdn.com/110000-inspection/pc1_eI8LKlPvW.jpg!m_fill,w_280,h_210,f_jpg?from=ke.com
20240415,石景山,鲁谷,101122964331,五芳园中楼层精装修南向大一居户型方正居住舒适,199万,40407元/平,中楼层 (共6层) | 1994年 | 1室1厅 | 49.25平米 | 南,https://ke-image.ljcdn.com/110000-inspection/pc1_V1eodgG05.jpg!m_fill,w_280,h_210,f_jpg?from=ke.com
20240415,石景山,鲁谷,101122955988,永乐东区 精装修 塔楼两居室  看房方便,310万,51693元/平,底层 (共20层) 2室1厅 | 59.97平米 | 东南,https://ke-image.ljcdn.com/110000-inspection/pc1_0ZbNF1qvu.jpg!m_fill,w_280,h_210,f_jpg?from=ke.com
20240415,石景山,鲁谷,101122954273,永乐东区精装修全明格局有电梯高楼层无遮挡采光好。房主自荐,449万,52460元/平,高楼层 (共20层) | 1991年 | 2室2厅 | 85.59平米 | 东 南,https://ke-image.ljcdn.com/110000-inspection/pc1_NjOdNvLIf.jpg!m_fill,w_280,h_210,f_jpg?from=ke.com
20240415,石景山,鲁谷,101122950374,京汉旭城 一梯二户 南北通透 满五年唯一,608万,65681元/平,低楼层 (共15层) | 2004年 | 2室1厅 | 92.57平米 | 南 北,https://ke-image.ljcdn.com/110000-inspection/pc1_k1PsAiEJD.jpg!m_fill,w_280,h_210,f_jpg?from=ke.com
20240415,石景山,鲁谷,101122884970,七星园电梯房 1-14号楼的 明厨明卫,469万,61412元/平,高楼层 (共19层) 2室1厅 | 76.37平米 | 南,https://ke-image.ljcdn.com/110000-inspection/pc1_XOgQbc9B6.jpg!m_fill,w_280,h_210,f_jpg?from=ke.com
20240415,石景山,鲁谷,101122878861,远洋山水 2室2厅 西,760万,66243元/平,低楼层 (共24层) 2室2厅 | 114.73平米 | 西,https://ke-image.ljcdn.com/110000-inspection/c093fc54-1e61-4523-8484-583697396a0b_1000.jpg!m_fill,w_280,h_210,f_jpg?from=ke.com
20240415,石景山,鲁谷,101122876656,七星园1-14号楼京源高楼层采光好停车方便,309万,48486元/平,高楼层 (共6层) 2室1厅 | 63.73平米 | 东 南 西,https://ke-image.ljcdn.com/110000-inspection/pc1_cVSQ8jJSg.jpg!m_fill,w_280,h_210,f_jpg?from=ke.com
20240415,石景山,鲁谷,101122875312,北区中间层30万装修拎包入住5年唯一看房方便,415万,67055元/平,中楼层 (共25层) | 2005年 | 1室1厅 | 61.89平米 | 西,https://ke-image.ljcdn.com/110000-inspection/56d7296c-d47d-4e55-aa37-bd49bc7bbc5a_1000.jpg!m_fill,w_280,h_210,f_jpg?from=ke.com
20240415,石景山,鲁谷,101122856985,永乐东区全南向两居中间楼层有钥匙看房随时！,230万,41584元/平,中楼层 (共6层) | 1981年 | 2室1厅 | 55.31平米 | 南,https://ke-image.ljcdn.com/110000-inspection/pc1_1PL6qVDAv.jpg!m_fill,w_280,h_210,f_jpg?from=ke.com
20240415,石景山,鲁谷,101122852778,八宝山南路29号院满五年央产房 精装自住 全明格局,209万,49062元/平,低楼层 (共6层) | 1990年 | 2室1厅 | 42.6平米 | 南 北,https://ke-image.ljcdn.com/110000-inspection/pc1_V4enrvioI.jpg!m_fill,w_280,h_210,f_jpg?from=ke.com
20240415,石景山,鲁谷,101122851653,重兴园两居室 采光好 精装修  带产权车位 满五唯一房主自荐,398万,44780元/平,顶层 (共24层) | 2002年 | 2室1厅 | 88.88平米 | 西南 北,https://ke-image.ljcdn.com/110000-inspection/pc1_E2Pl5OTGT.jpg!m_fill,w_280,h_210,f_jpg?from=ke.com
20240415,石景山,鲁谷,101122836029,四环外 重聚园 东南两居室 满五唯一 看房随时,399万,43154元/平,底层 (共24层) 2室1厅 | 92.46平米 | 东南,https://ke-image.ljcdn.com/110000-inspection/pc1_MfSjVjUXj.jpg!m_fill,w_280,h_210,f_jpg?from=ke.com
20240415,石景山,鲁谷,101122830282,永乐西区低楼层两居室 户型方正 看房方便,298万,47918元/平,低楼层 (共6层) | 1992年 | 2室1厅 | 62.19平米 | 南 北,https://ke-image.ljcdn.com/110000-inspection/pc1_0PXPWUIeo.jpg!m_fill,w_280,h_210,f_jpg?from=ke.com
20240415,石景山,鲁谷,101122828763,重聚园东南向 三居室  视野好 采光好,590万,53710元/平,高楼层 (共24层) 3室2厅 | 109.85平米 | 东南,https://ke-image.ljcdn.com/110000-inspection/pc1_5QhP7knqv.jpg!m_fill,w_280,h_210,f_jpg?from=ke.com
20240415,石景山,鲁谷,101122778971,八宝山南路29号院全南小两居户型,220万,54456元/平,中楼层 (共6层) | 1990年 | 1室1厅 | 40.4平米 | 南,https://ke-image.ljcdn.com/110000-inspection/pc1_7VbrfkdCY.jpg!m_fill,w_280,h_210,f_jpg?from=ke.com
20240415,石景山,鲁谷,101122777027,北区的标准一居室业主诚心出售 户型方正。,425万,65225元/平,低楼层 (共26层) | 2006年 | 1室1厅 | 65.16平米 | 东,https://ke-image.ljcdn.com/110000-inspection/7e14060f-97b8-447f-af1b-c2592814f253_1000.jpg!m_fill,w_280,h_210,f_jpg?from=ke.com
20240415,石景山,鲁谷,101122764445,双卫两居 满五年唯一 业主诚心出售 中间楼层 视野好,745万,64936元/平,低楼层 (共24层) | 2008年 | 2室1厅 | 114.73平米 | 西,https://ke-image.ljcdn.com/110000-inspection/pc1_88sEwnmFH.jpg!m_fill,w_280,h_210,f_jpg?from=ke.com
20240415,石景山,鲁谷,101122746965,鲁谷永乐西区满五年唯一精装双阳台两居 1996年楼龄房主自荐,255万,39159元/平,高楼层 (共6层) | 1996年 | 2室1厅 | 65.12平米 | 西,https://ke-image.ljcdn.com/110000-inspection/pc1_mxilgK8Fc.jpg!m_fill,w_280,h_210,f_jpg?from=ke.com
20240415,石景山,鲁谷,101122746720,远洋山水 全南精装两居 阳光充足 视野开阔,620万,63747元/平,顶层 (共18层) 2室2厅 | 97.26平米 | 南,https://ke-image.ljcdn.com/110000-inspection/pc1_pN8cU7cQ1.jpg!m_fill,w_280,h_210,f_jpg?from=ke.com
20240415,石景山,鲁谷,101122725376,久筑物业 3室1厅 南 北,505万,52208元/平,中楼层 (共15层) | 1995年 | 3室1厅 | 96.73平米 | 南 北,https://ke-image.ljcdn.com/110000-inspection/pc1_K0T8ANcYY.jpg!m_fill,w_280,h_210,f_jpg?from=ke.com
20240415,石景山,鲁谷,101122703871,七星园 2室1厅 南 西南 西,449万,58101元/平,高楼层 (共19层) 2室1厅 | 77.28平米 | 南 西南 西,https://ke-image.ljcdn.com/110000-inspection/pc1_5FSMIIICw.jpg!m_fill,w_280,h_210,f_jpg?from=ke.com
20240415,石景山,鲁谷,101122688715,永乐东小区双卧南向正规两居室！,200万,34693元/平,顶层 (共6层) | 1987年 | 2室1厅 | 57.65平米 | 南,https://ke-image.ljcdn.com/110000-inspection/pc1_QlRVlaTce_1.jpg!m_fill,w_280,h_210,f_jpg?from=ke.com
20240415,石景山,鲁谷,101122682170,此房满五年唯一出售精装修近地铁无遮挡视线好,498万,70920元/平,中楼层 (共27层) | 2006年 | 1室1厅 | 70.22平米 | 西南,https://ke-image.ljcdn.com/110000-inspection/pc1_YzVnX3E3x.jpg!m_fill,w_280,h_210,f_jpg?from=ke.com
20240415,石景山,鲁谷,101122680491,六合园  南北通透两居室 4层  双卧朝南,299万,42880元/平,中楼层 (共7层) 2室1厅 | 69.73平米 | 南 北,https://ke-image.ljcdn.com/110000-inspection/pc1_8s7EpcUmX.jpg!m_fill,w_280,h_210,f_jpg?from=ke.com
20240415,石景山,鲁谷,101122679849,远洋山水 2室2厅 东,640万,65831元/平,高楼层 (共27层) 2室2厅 | 97.22平米 | 东,https://ke-image.ljcdn.com/110000-inspection/pc1_1U2dlNnoa.jpg!m_fill,w_280,h_210,f_jpg?from=ke.com
20240415,石景山,鲁谷,101122665442,永乐东南北通透好楼层精装修拎包入住小改造格局好房主自荐,297万,45637元/平,中楼层 (共6层) | 1988年 | 2室1厅 | 65.08平米 | 北 南,https://ke-image.ljcdn.com/110000-inspection/38330614-ca33-45e2-a09c-d6c28f37b958_1000.jpg!m_fill,w_280,h_210,f_jpg?from=ke.com
20240415,石景山,鲁谷,101122665266,聚兴园两居室 南北通透 视野采光好房主自荐,550万,60156元/平,高楼层 (共17层) | 2006年 | 2室1厅 | 91.43平米 | 南 北,https://ke-image.ljcdn.com/110000-inspection/41bea59d-020f-43cb-90c9-30390a8b19c1_1000.jpg!m_fill,w_280,h_210,f_jpg?from=ke.com
20240415,石景山,鲁谷,101122628294,小区中间不临街 小两居 满五唯一 采光无遮挡 户数少,520万,70081元/平,中楼层 (共26层) | 2007年 | 2室1厅 | 74.2平米 | 西南,https://ke-image.ljcdn.com/110000-inspection/pc1_VOCzJ66Wf.jpg!m_fill,w_280,h_210,f_jpg?from=ke.com
20240415,石景山,鲁谷,101122620128,全南朝向采光充足通风性好无遮挡,220万,66226元/平,底层 (共4层) | 1974年 | 1室1厅 | 33.22平米 | 南,https://ke-image.ljcdn.com/110000-inspection/pc1_p8PK8sUjL.jpg!m_fill,w_280,h_210,f_jpg?from=ke.com
20240415,石景山,鲁谷,101122606627,永乐东区精装修一层两居室满五年唯一能看房可签约,268万,45118元/平,底层 (共6层) 2室1厅 | 59.4平米 | 东 西,https://ke-image.ljcdn.com/110000-inspection/pc1_CsHU8K58T.jpg!m_fill,w_280,h_210,f_jpg?from=ke.com
20240415,石景山,鲁谷,101122595187,七星园 1室1厅 西北房主自荐,236万,44681元/平,低楼层 (共6层) | 1994年 | 1室1厅 | 52.82平米 | 西北,https://ke-image.ljcdn.com/110000-inspection/d8f2f7d3-9298-42cc-9548-82f2f8d6fe97_1000.jpg!m_fill,w_280,h_210,f_jpg?from=ke.com
20240415,石景山,鲁谷,101122589673,五芳园 1室1厅 南,228万,51375元/平,中楼层 (共6层) | 1994年 | 1室1厅 | 44.38平米 | 南,https://ke-image.ljcdn.com/110000-inspection/pc1_FeVxSlg5e.jpg!m_fill,w_280,h_210,f_jpg?from=ke.com
20240415,石景山,鲁谷,101122583406,远洋山水 3室2厅 东南,1100万,80622元/平,高楼层 (共27层) | 2006年 | 3室2厅 | 136.44平米 | 东南,https://ke-image.ljcdn.com/110000-inspection/fdea5758-6fc5-4e9c-9bf9-1935ee19ee8c_1000.jpg!m_fill,w_280,h_210,f_jpg?from=ke.com
20240415,石景山,鲁谷,101122578400,远洋山水 南北通透 板楼   满五年唯一 诚意出售房主自荐,1060万,71982元/平,低楼层 (共9层) | 2005年 | 3室1厅 | 147.26平米 | 南 北,https://ke-image.ljcdn.com/110000-inspection/853e7a71-d79c-4132-903a-10b9318c85e5_1000.jpg!m_fill,w_280,h_210,f_jpg?from=ke.com
20240415,石景山,鲁谷,101122575468,石景山五芳园 精装修 中间层 南北两居室业主诚心出售,259万,44176元/平,中楼层 (共6层) | 1993年 | 2室1厅 | 58.63平米 | 南 北,https://ke-image.ljcdn.com/110000-inspection/pc1_5sGpepeCm_1.jpg!m_fill,w_280,h_210,f_jpg?from=ke.com
20240415,石景山,鲁谷,101122574163,六场宿舍南向明厨明卫正规一居室,180万,41361元/平,顶层 (共6层) 1室1厅 | 43.52平米 | 南,https://ke-image.ljcdn.com/110000-inspection/pc1_9UfRIp0pf.jpg!m_fill,w_280,h_210,f_jpg?from=ke.com
20240415,石景山,鲁谷,101122569007,永乐东区南北两居90年一手业主满五年家庭唯一,255万,43309元/平,顶层 (共6层) 2室1厅 | 58.88平米 | 南 北,https://ke-image.ljcdn.com/110000-inspection/pc1_3FxsqeyzK.jpg!m_fill,w_280,h_210,f_jpg?from=ke.com
20240415,石景山,鲁谷,101122562143,双锦园 满五年唯一南向一居  无抵押,230万,46287元/平,中楼层 (共16层) | 2000年 | 1室1厅 | 49.69平米 | 南,https://ke-image.ljcdn.com/110000-inspection/pc1_424G7ZFb9.jpg!m_fill,w_280,h_210,f_jpg?from=ke.com
20240415,石景山,鲁谷,101122556340,远洋山水 2室1厅 东 西房主自荐,660万,68822元/平,中楼层 (共18层) 2室1厅 | 95.9平米 | 东 西,https://ke-image.ljcdn.com/110000-inspection/c8701a45-b5d3-4cf4-aee7-848471ac4acf_1000.jpg!m_fill,w_280,h_210,f_jpg?from=ke.com
20240415,石景山,鲁谷,101122550872,永乐东区   低楼层 南向 精装修一居室  看房方便房主自荐,218万,50219元/平,底层 (共6层) | 1988年 | 1室1厅 | 43.41平米 | 南,https://ke-image.ljcdn.com/110000-inspection/pc1_BbpRy0cJf.jpg!m_fill,w_280,h_210,f_jpg?from=ke.com
20240415,石景山,鲁谷,101122550403,西四环外长安街沿线 2012年纯商品房社区 南向一居,355万,62129元/平,高楼层 (共27层) | 2012年 | 1室1厅 | 57.14平米 | 南,https://ke-image.ljcdn.com/110000-inspection/7359e448-ee3d-47d2-8f7a-85c1ed4a5c89_1000.jpg!m_fill,w_280,h_210,f_jpg?from=ke.com
20240415,石景山,鲁谷,101122546315,重兴园 精装修两居室 视野好 看房方便房主自荐,399万,45106元/平,高楼层 (共24层) | 2003年 | 2室1厅 | 88.46平米 | 南,https://ke-image.ljcdn.com/110000-inspection/pc1_GEU4fJNSS.jpg!m_fill,w_280,h_210,f_jpg?from=ke.com
20240415,石景山,鲁谷,101122541408,双锦园 3室1厅 西北,338万,49495元/平,低楼层 (共16层) 3室1厅 | 68.29平米 | 西北,https://ke-image.ljcdn.com/110000-inspection/pc1_1P336QN6S.jpg!m_fill,w_280,h_210,f_jpg?from=ke.com
20240415,石景山,鲁谷,101122541182,电科院宿舍中间楼层靠谱出售,238万,58795元/平,中楼层 (共6层) | 1987年 | 1室1厅 | 40.48平米 | 南,https://ke-image.ljcdn.com/110000-inspection/pc1_ZZk3qNGUs.jpg!m_fill,w_280,h_210,f_jpg?from=ke.com
20240415,石景山,鲁谷,101122540787,六合园 2室1厅 东 西,282万,40947元/平,中楼层 (共7层) | 1995年 | 2室1厅 | 68.87平米 | 东 西,https://ke-image.ljcdn.com/110000-inspection/pc1_Ab9p7ekHt.jpg!m_fill,w_280,h_210,f_jpg?from=ke.com
20240415,石景山,鲁谷,101122539239,双锦园 3室1厅 东北,340万,43568元/平,中楼层 (共16层) 3室1厅 | 78.04平米 | 东北,https://ke-image.ljcdn.com/110000-inspection/pc1_mVmvqQ5b9.jpg!m_fill,w_280,h_210,f_jpg?from=ke.com
20240415,石景山,鲁谷,101122531722,六合园新华社电梯两居 公园景观 封闭社区管理良好,345万,50818元/平,中楼层 (共18层) | 1996年 | 2室1厅 | 67.89平米 | 东北,https://ke-image.ljcdn.com/110000-inspection/pc1_xTZEkM5kD.jpg!m_fill,w_280,h_210,f_jpg?from=ke.com
20240415,石景山,鲁谷,101122529922,石景山 南向通透两居室 92年 有钥匙,280万,51509元/平,中楼层 (共6层) | 1992年 | 2室1厅 | 54.36平米 | 南 北,https://ke-image.ljcdn.com/110000-inspection/pc1_cmwwb8B7L.jpg!m_fill,w_280,h_210,f_jpg?from=ke.com
20240415,石景山,鲁谷,101122520193,永乐西区 2室1厅 东北 西南,255万,39913元/平,底层 (共5层) 2室1厅 | 63.89平米 | 东北 西南,https://ke-image.ljcdn.com/110000-inspection/pc1_6pVwOhIyg.jpg!m_fill,w_280,h_210,f_jpg?from=ke.com
20240415,石景山,鲁谷,101122507652,鲁谷路74号院 3室1厅 南 北,475万,61841元/平,中楼层 (共5层) | 1986年 | 3室1厅 | 76.81平米 | 南 北,https://ke-image.ljcdn.com/110000-inspection/pc1_MrXnIQzLs.jpg!m_fill,w_280,h_210,f_jpg?from=ke.com
20240415,石景山,鲁谷,101122499870,依翠园 两个卧室都带阳台 安静 采光好,325万,45963元/平,顶层 (共6层) | 1995年 | 2室1厅 | 70.71平米 | 南 北,https://ke-image.ljcdn.com/110000-inspection/1b54b317-02f0-4c28-b44f-d0f0e5ab5161_1000.jpg!m_fill,w_280,h_210,f_jpg?from=ke.com
20240415,石景山,鲁谷,101122494548,永乐东区 2室1厅 东 西,318万,39342元/平,顶层 (共5层) | 1960年 | 2室1厅 | 80.83平米 | 东 西,https://ke-image.ljcdn.com/110000-inspection/test-432447e3-bf87-4827-ad0b-2bf75dc5ef21.png!m_fill,w_280,h_210,f_jpg?from=ke.com
20240415,石景山,鲁谷,101122488640,五芳园南北通透两居15万精装修安静不临街采光好房主自荐,263万,38462元/平,高楼层 (共6层) | 1993年 | 2室1厅 | 68.38平米 | 南 北,https://ke-image.ljcdn.com/110000-inspection/pc1_ZYL5IRVyS.jpg!m_fill,w_280,h_210,f_jpg?from=ke.com
20240415,石景山,鲁谷,101122480948,聚兴园南北通透两居室 采光好  无遮挡,560万,56006元/平,低楼层 (共14层) | 2005年 | 2室1厅 | 99.99平米 | 南 北,https://ke-image.ljcdn.com/110000-inspection/pc1_9ZHYylk4F.jpg!m_fill,w_280,h_210,f_jpg?from=ke.com
20240415,石景山,鲁谷,101122452880,永乐东区  低楼层两居室 看房方便,210万,41502元/平,底层 (共4层) 2室1厅 | 50.6平米 | 南 北,https://ke-image.ljcdn.com/110000-inspection/55a104fc-7acd-4f94-8809-b19c6ebfe9c4_1000.jpg!m_fill,w_280,h_210,f_jpg?from=ke.com
20240415,石景山,鲁谷,101122425460,北重西厂 2室1厅 东 西,249万,37774元/平,顶层 (共6层) | 1995年 | 2室1厅 | 65.92平米 | 东 西,https://ke-image.ljcdn.com/110000-inspection/pc1_eQajZayJg.jpg!m_fill,w_280,h_210,f_jpg?from=ke.com
20240415,石景山,鲁谷,101122413510,远景阁 东北明厨明卫两居室 不临街  满五唯一 随时看,660万,65224元/平,中楼层 (共20层) | 2008年 | 2室1厅 | 101.19平米 | 东北,https://ke-image.ljcdn.com/110000-inspection/pc1_QEgoQItFz.jpg!m_fill,w_280,h_210,f_jpg?from=ke.com
20240415,石景山,鲁谷,101122410688,远洋沁山水上品 满五年 南北通透,685万,76503元/平,低楼层 (共18层) 2室1厅 | 89.54平米 | 南 北,https://ke-image.ljcdn.com/110000-inspection/pc1_FOUr7t4vH.jpg!m_fill,w_280,h_210,f_jpg?from=ke.com
20240415,石景山,鲁谷,101122408053,北重两居室诚心出售 全明格局 五环内房主自荐,260万,42616元/平,高楼层 (共6层) | 1992年 | 2室1厅 | 61.01平米 | 南,https://ke-image.ljcdn.com/110000-inspection/pc1_2OxN89Vtt.jpg!m_fill,w_280,h_210,f_jpg?from=ke.com
20240415,石景山,鲁谷,101122403794,京汉旭城 2室1厅 西南,540万,65029元/平,高楼层 (共23层) 2室1厅 | 83.04平米 | 西南,https://ke-image.ljcdn.com/110000-inspection/pc1_zC4l7Tvtr.jpg!m_fill,w_280,h_210,f_jpg?from=ke.com
20240415,石景山,鲁谷,101122398391,远洋山水近地铁！不临街！户型方正！前面是花园,658万,65979元/平,低楼层 (共26层) | 2005年 | 2室2厅 | 99.73平米 | 东,https://ke-image.ljcdn.com/110000-inspection/pc1_4TdxHqcNr.jpg!m_fill,w_280,h_210,f_jpg?from=ke.com
20240415,石景山,鲁谷,101122357927,五芳园精装修一居室满五年采光好无遮挡,220万,43869元/平,中楼层 (共6层) | 1993年 | 1室1厅 | 50.15平米 | 南,https://ke-image.ljcdn.com/110000-inspection/pc1_X5RQwRoEC.jpg!m_fill,w_280,h_210,f_jpg?from=ke.com
20240415,石景山,鲁谷,101122355912,永乐小区南北向钢混方正户型两居室,309万,51126元/平,低楼层 (共20层) 2室1厅 | 60.44平米 | 东南,https://ke-image.ljcdn.com/110000-inspection/pc1_VOWw5FPwV.jpg!m_fill,w_280,h_210,f_jpg?from=ke.com
20240415,石景山,鲁谷,101122349610,十院带电梯三居室使用率高居住舒适挨着公园,635万,59631元/平,中楼层 (共18层) 3室2厅 | 106.49平米 | 东 北,https://ke-image.ljcdn.com/110000-inspection/pc1_GZqMZUSC7_1.jpg!m_fill,w_280,h_210,f_jpg?from=ke.com
20240415,石景山,鲁谷,101122348612,鲁谷 北重西厂 南北通透 精装修 大客厅 两居室 拎包住,328万,51875元/平,底层 (共6层) | 1995年 | 3室1厅 | 63.23平米 | 南 北,https://ke-image.ljcdn.com/110000-inspection/pc1_XBubZDu23.jpg!m_fill,w_280,h_210,f_jpg?from=ke.com
20240415,石景山,鲁谷,101122346918,鲁谷永乐东区中间楼层全南两居室,210万,42701元/平,中楼层 (共6层) | 1975年 | 2室1厅 | 49.18平米 | 南,https://ke-image.ljcdn.com/110000-inspection/pc1_ur4gAm6YE_1.jpg!m_fill,w_280,h_210,f_jpg?from=ke.com
20240415,石景山,鲁谷,101122333071,七星园 1室1厅 南,355万,55591元/平,底层 (共19层) | 1996年 | 1室1厅 | 63.86平米 | 南,https://ke-image.ljcdn.com/110000-inspection/pc1_iL5xDpkEp.jpg!m_fill,w_280,h_210,f_jpg?from=ke.com
20240415,石景山,鲁谷,101122331509,时代庐峰 2室1厅 南,629万,64053元/平,低楼层 (共12层) 2室1厅 | 98.2平米 | 南,https://ke-image.ljcdn.com/110000-inspection/pc1_Y0AS5cy2I.jpg!m_fill,w_280,h_210,f_jpg?from=ke.com
20240415,石景山,鲁谷,101122329768,久筑物业 2室1厅 南 北,350万,49972元/平,顶层 (共15层) | 1995年 | 2室1厅 | 70.04平米 | 南 北,https://ke-image.ljcdn.com/110000-inspection/pc1_LTaX9nRkm_1.jpg!m_fill,w_280,h_210,f_jpg?from=ke.com
20240415,石景山,鲁谷,101122319386,永乐东区精装两年三居拎包入住全明格局采光贼好房主自荐,430万,59442元/平,高楼层 (共20层) | 1990年 | 3室1厅 | 72.34平米 | 东南 西北,https://ke-image.ljcdn.com/110000-inspection/3ac3ddfd-66a3-4d87-aacd-c22d8d386b25_1000.jpg!m_fill,w_280,h_210,f_jpg?from=ke.com
20240415,石景山,鲁谷,101122288731,六合园 1室1厅 南,210万,49066元/平,低楼层 (共22层) | 1996年 | 1室1厅 | 42.8平米 | 南,https://ke-image.ljcdn.com/110000-inspection/pc1_3M3SugJnz.jpg!m_fill,w_280,h_210,f_jpg?from=ke.com
20240415,石景山,鲁谷,101122284764,此房满五唯一无遮挡带电梯户型方正,429万,55643元/平,低楼层 (共23层) | 2004年 | 2室1厅 | 77.1平米 | 东 南 北,https://ke-image.ljcdn.com/110000-inspection/pc1_kRzsMmThJ.jpg!m_fill,w_280,h_210,f_jpg?from=ke.com
20240415,石景山,鲁谷,101122268335,远洋山水 远景阁 南北通透 板楼 一梯两户 诚心出售,1290万,87428元/平,中楼层 (共14层) | 2008年 | 3室1厅 | 147.55平米 | 南 北,https://ke-image.ljcdn.com/110000-inspection/pc1_6oz1L34nC.jpg!m_fill,w_280,h_210,f_jpg?from=ke.com
20240415,石景山,鲁谷,101122257024,永乐东区近地铁两居有客厅户型方正可以公积金贷款,299万,49875元/平,中楼层 (共20层) 2室1厅 | 59.95平米 | 东 西,https://ke-image.ljcdn.com/110000-inspection/pc1_jR0kQr0sw.jpg!m_fill,w_280,h_210,f_jpg?from=ke.com
20240415,石景山,鲁谷,101122241541,永乐东区一居室满五年近地铁可以公积金贷款。房主自荐,265万,56180元/平,中楼层 (共20层) | 1987年 | 1室1厅 | 47.17平米 | 西南,https://ke-image.ljcdn.com/110000-inspection/pc1_xKlN3Akv8.jpg!m_fill,w_280,h_210,f_jpg?from=ke.com
20240415,石景山,鲁谷,101122224686,北区两居室 视野开阔 观景公园 满五年唯一,625万,61998元/平,高楼层 (共26层) | 2005年 | 2室1厅 | 100.81平米 | 东北,https://ke-image.ljcdn.com/110000-inspection/a505d965-c422-4cfa-ad66-c3c2d613a454_1000.jpg!m_fill,w_280,h_210,f_jpg?from=ke.com
20240415,石景山,鲁谷,101122203583,北区中间不临街 明厨明卫 客厅主卧朝南 无遮挡精装修,850万,64526元/平,底层 (共26层) | 2005年 | 3室2厅 | 131.73平米 | 西南,https://ke-image.ljcdn.com/110000-inspection/pc1_clpvFspPZ.jpg!m_fill,w_280,h_210,f_jpg?from=ke.com
20240415,石景山,鲁谷,101122183912,远洋沁山水高层视野采光俱佳满五唯一可给周期。,799万,90693元/平,高楼层 (共21层) 2室1厅 | 88.1平米 | 西,https://ke-image.ljcdn.com/110000-inspection/pc1_GDrZCIGQx_1.jpg!m_fill,w_280,h_210,f_jpg?from=ke.com
20240415,石景山,鲁谷,101122181209,远洋山水 双南向大一居室 客厅落地大阳台满五年唯一房主自荐,535万,69337元/平,高楼层 (共26层) 1室1厅 | 77.16平米 | 南,https://ke-image.ljcdn.com/110000-inspection/ead6d38d-962e-4af4-a655-abb37a00541b_1000.jpg!m_fill,w_280,h_210,f_jpg?from=ke.com
20240415,石景山,鲁谷,101122163194,八宝山南路29号院 2室1厅 南 北房主自荐,220万,45455元/平,顶层 (共6层) | 1994年 | 2室1厅 | 48.4平米 | 南 北,https://ke-image.ljcdn.com/110000-inspection/eb5b377c-c52a-42b2-a51b-3e869af11ab2_1000.jpg!m_fill,w_280,h_210,f_jpg?from=ke.com
20240415,石景山,鲁谷,101122128146,玉泉路65号院  海淀户口 南北通透 带电梯 精装修,750万,75743元/平,中楼层 (共6层) | 1987年 | 3室1厅 | 99.02平米 | 南 北,https://ke-image.ljcdn.com/110000-inspection/pc1_r2vFZfM7j_1.jpg!m_fill,w_280,h_210,f_jpg?from=ke.com
20240415,石景山,鲁谷,101122124277,北重西厂 1室1厅 东,179万,42854元/平,中楼层 (共6层) | 1990年 | 1室1厅 | 41.77平米 | 东,https://ke-image.ljcdn.com/110000-inspection/3177abb4-2f8a-44ce-8e61-f77e94c4804a_1000.jpg!m_fill,w_280,h_210,f_jpg?from=ke.com
20240415,石景山,鲁谷,101122080587,五芳园小区带电梯一居室面积大无遮挡采光好配套成熟,225万,51904元/平,低楼层 (共6层) 1室1厅 | 43.35平米 | 南,https://ke-image.ljcdn.com/110000-inspection/pc1_swqBEn9RQ.jpg!m_fill,w_280,h_210,f_jpg?from=ke.com
20240415,石景山,鲁谷,101122049995,六合园 2室1厅 东北,350万,48835元/平,中楼层 (共22层) | 1995年 | 2室1厅 | 71.67平米 | 东北,https://ke-image.ljcdn.com/110000-inspection/pc1_bh218otwa.jpg!m_fill,w_280,h_210,f_jpg?from=ke.com
20240415,石景山,鲁谷,101122033433,永乐西区 明厨明卫一居室 带装修 满五年唯一,198万,48865元/平,中楼层 (共6层) | 1990年 | 1室1厅 | 40.52平米 | 南,https://ke-image.ljcdn.com/110000-inspection/pc1_CYIXNmKod.jpg!m_fill,w_280,h_210,f_jpg?from=ke.com
20240415,石景山,鲁谷,101122029899,永乐西区 南北通透 精装修 全明户型 阳光好,247万,39058元/平,高楼层 (共6层) | 1984年 | 2室1厅 | 63.24平米 | 南 北,https://ke-image.ljcdn.com/110000-inspection/pc1_N91LgSUcj.jpg!m_fill,w_280,h_210,f_jpg?from=ke.com
20240415,石景山,鲁谷,101122023312,六合园 2室1厅 南 西,415万,48150元/平,低楼层 (共22层) 2室1厅 | 86.19平米 | 南 西,https://ke-image.ljcdn.com/110000-inspection/pc1_1tcd4tyKc.jpg!m_fill,w_280,h_210,f_jpg?from=ke.com
20240415,石景山,鲁谷,101122021623,永乐东区精装两居室看房方便拎包入住采光好视野好,295万,46260元/平,高楼层 (共6层) 2室1厅 | 63.77平米 | 南 北,https://ke-image.ljcdn.com/110000-inspection/pc1_yyBcyyZv3.jpg!m_fill,w_280,h_210,f_jpg?from=ke.com
20240415,石景山,鲁谷,101122005692,五芳园 2室1厅 南 北,310万,46290元/平,底层 (共6层) | 1993年 | 2室1厅 | 66.97平米 | 南 北,https://ke-image.ljcdn.com/110000-inspection/pc1_I8XYgfJIu.jpg!m_fill,w_280,h_210,f_jpg?from=ke.com
20240415,石景山,鲁谷,101121947209,鲁谷诗景长安四面朝南三居室2011年小区,770万,62607元/平,低楼层 (共25层) | 2010年 | 3室1厅 | 122.99平米 | 南,https://ke-image.ljcdn.com/110000-inspection/pc1_VWeB5eRcD.jpg!m_fill,w_280,h_210,f_jpg?from=ke.com
20240415,石景山,鲁谷,101121946171,满五唯一精装修一梯两户 南北通透 明厨明卫,818万,68972元/平,低楼层 (共15层) | 2004年 | 3室1厅 | 118.6平米 | 南 北,https://ke-image.ljcdn.com/110000-inspection/pc1_Nw7vgIKt0.jpg!m_fill,w_280,h_210,f_jpg?from=ke.com
20240415,石景山,鲁谷,101121927058,北重西厂 南北通透大客厅户型 满五年唯一 看房方便,309万,48585元/平,高楼层 (共6层) | 1995年 | 2室1厅 | 63.6平米 | 南 北,https://ke-image.ljcdn.com/110000-inspection/pc1_BtGOLYxxm.jpg!m_fill,w_280,h_210,f_jpg?from=ke.com
20240415,石景山,鲁谷,101121917504,房子是双锦园东南向一居室2000年的房子满五年,220万,37990元/平,高楼层 (共16层) 1室1厅 | 57.91平米 | 东南,https://ke-image.ljcdn.com/110000-inspection/5fabe669-8f3c-489f-a05f-aade004f504e_1000.jpg!m_fill,w_280,h_210,f_jpg?from=ke.com
20240415,石景山,鲁谷,101121913129,依翠园干休所  精装修南北通透 中间层采光好房主自荐,378万,56945元/平,中楼层 (共6层) | 1995年 | 2室1厅 | 66.38平米 | 南 北,https://ke-image.ljcdn.com/110000-inspection/pc1_5tFDfreK4.jpg!m_fill,w_280,h_210,f_jpg?from=ke.com
20240415,石景山,鲁谷,101121912089,鲁谷 北重西厂 精装修 小两居 拎包入住 满五唯一房主自荐,229万,42973元/平,中楼层 (共6层) | 1989年 | 2室1厅 | 53.29平米 | 东,https://ke-image.ljcdn.com/110000-inspection/9c789038-06cf-4551-925e-ac88c4d93570_1000.jpg!m_fill,w_280,h_210,f_jpg?from=ke.com
20240415,石景山,鲁谷,101121899510,满五年五芳园北院南北通透大客厅两居室,249万,41445元/平,高楼层 (共6层) | 1993年 | 2室1厅 | 60.08平米 | 南 北,https://ke-image.ljcdn.com/110000-inspection/pc1_ubjdf5ktr.jpg!m_fill,w_280,h_210,f_jpg?from=ke.com
20240415,石景山,鲁谷,101121867623,北重西厂 2室1厅 南 北,275万,43493元/平,顶层 (共6层) 2室1厅 | 63.23平米 | 南 北,https://ke-image.ljcdn.com/110000-inspection/pc1_b1ymu6NJC.jpg!m_fill,w_280,h_210,f_jpg?from=ke.com
20240415,石景山,鲁谷,101121851169,依翠园 两卧室朝南 南北通透 采光很好,310万,39038元/平,顶层 (共6层) | 1995年 | 2室1厅 | 79.41平米 | 南 北,https://ke-image.ljcdn.com/110000-inspection/pc1_r4pM0QdPJ.jpg!m_fill,w_280,h_210,f_jpg?from=ke.com
20240415,石景山,鲁谷,101121849405,永乐东区南北通透两居92年房龄新满五唯一。,245万,37926元/平,顶层 (共6层) 2室1厅 | 64.6平米 | 南 北,https://ke-image.ljcdn.com/110000-inspection/pc1_syaak0dnr.jpg!m_fill,w_280,h_210,f_jpg?from=ke.com
20240415,石景山,鲁谷,101121842194,远洋山水 东向两居 视野环境好 采光好,595万,56170元/平,底层 (共26层) 2室2厅 | 105.93平米 | 东,https://ke-image.ljcdn.com/110000-inspection/becd514b-338c-4d63-a00b-6918e0e35284_1000.jpg!m_fill,w_280,h_210,f_jpg?from=ke.com
20240415,石景山,鲁谷,101121840668,七星园1-14号楼报价低单价低满五唯一,247万,38402元/平,顶层 (共6层) | 1994年 | 2室1厅 | 64.32平米 | 东 西,https://ke-image.ljcdn.com/110000-inspection/pc1_LLpWXnNpD.jpg!m_fill,w_280,h_210,f_jpg?from=ke.com
20240415,石景山,鲁谷,101121840311,七星园1-14号楼带电梯一居室朝南采光充足,275万,49756元/平,低楼层 (共19层) | 1996年 | 1室1厅 | 55.27平米 | 南,https://ke-image.ljcdn.com/110000-inspection/pc1_9IrfWSFdG.jpg!m_fill,w_280,h_210,f_jpg?from=ke.com
20240415,石景山,鲁谷,101121839144,诗景长安 2室1厅 南 北,570万,61977元/平,顶层 (共27层) 2室1厅 | 91.97平米 | 南 北,https://ke-image.ljcdn.com/110000-inspection/pc1_GZch7eHpO.jpg!m_fill,w_280,h_210,f_jpg?from=ke.com
20240415,石景山,鲁谷,101121818315,户型方正！不临街！采光好！大面宽！,818万,74270元/平,低楼层 (共26层) 2室1厅 | 110.14平米 | 南,https://ke-image.ljcdn.com/110000-inspection/pc1_haHtRUTpW.jpg!m_fill,w_280,h_210,f_jpg?from=ke.com
20240415,石景山,鲁谷,101121810365,带电梯一居室采光好精装距离菜市场和公园近,229万,47062元/平,中楼层 (共6层) | 1994年 | 1室1厅 | 48.66平米 | 南,https://ke-image.ljcdn.com/110000-inspection/pc1_JE7vu8Ih1.jpg!m_fill,w_280,h_210,f_jpg?from=ke.com
20240415,石景山,鲁谷,101121802966,永乐东区非顶层一居室南向好户型！能签约停车免费,220万,46729元/平,高楼层 (共6层) 1室1厅 | 47.08平米 | 南,https://ke-image.ljcdn.com/110000-inspection/pc1_ZNZwf8rjy.jpg!m_fill,w_280,h_210,f_jpg?from=ke.com
20240415,石景山,鲁谷,101121797802,天和景园 1室2厅 东南,530万,66894元/平,顶层 (共16层) | 2008年 | 1室2厅 | 79.23平米 | 东南,https://ke-image.ljcdn.com/110000-inspection/8f46a3e0-61bd-4e37-a5bd-4212454291be_1000.jpg!m_fill,w_280,h_210,f_jpg?from=ke.com
20240415,石景山,鲁谷,101121797663,远洋沁山水在卖通透两居室位置好可签约看房随时,848万,95961元/平,中楼层 (共20层) 2室1厅 | 88.37平米 | 南 北,https://ke-image.ljcdn.com/110000-inspection/1f54a020-fe3a-48e1-86ba-fc6b088fd0d2_1000.jpg!m_fill,w_280,h_210,f_jpg?from=ke.com
20240415,石景山,鲁谷,101121776201,鲁谷 北重西厂2层南北通透一梯三户南北通透正规大一居,208万,47971元/平,低楼层 (共6层) | 1992年 | 1室1厅 | 43.36平米 | 南 北,https://ke-image.ljcdn.com/110000-inspection/pc1_Q3P6Nlqgf.jpg!m_fill,w_280,h_210,f_jpg?from=ke.com
20240415,石景山,鲁谷,101121772611,南北通透精装修 全明格局 有充电桩产权车位 距地铁近房主自荐,978万,111466元/平,顶层 (共11层) | 2010年 | 3室1厅 | 87.74平米 | 南 北,https://ke-image.ljcdn.com/110000-inspection/pc1_SsNUJUkSS.jpg!m_fill,w_280,h_210,f_jpg?from=ke.com
20240415,石景山,鲁谷,101121767667,南北通透 二层 大客厅  有钥匙,430万,55065元/平,低楼层 (共6层) | 1995年 | 2室1厅 | 78.09平米 | 南 北,https://ke-image.ljcdn.com/110000-inspection/pc1_c8b3kDLni.jpg!m_fill,w_280,h_210,f_jpg?from=ke.com
20240415,石景山,鲁谷,101121765061,京汉旭城家园 南北通透三居室 精装修 明厨明卫,720万,66946元/平,高楼层 (共15层) 3室1厅 | 107.55平米 | 南 北,https://ke-image.ljcdn.com/110000-inspection/0dcdc9aa-51e1-4f04-8feb-0cd012f60ca4_1000.jpg!m_fill,w_280,h_210,f_jpg?from=ke.com
20240415,石景山,鲁谷,101121750362,永乐西区 2室1厅 南 北,260万,41594元/平,高楼层 (共6层) | 1986年 | 2室1厅 | 62.51平米 | 南 北,https://ke-image.ljcdn.com/110000-inspection/pc1_J4Mu47Odo.jpg!m_fill,w_280,h_210,f_jpg?from=ke.com
20240415,石景山,鲁谷,101121741058,六合园    精装修两居室    户型好,285万,40872元/平,中楼层 (共7层) 2室1厅 | 69.73平米 | 南 北,https://ke-image.ljcdn.com/110000-inspection/0a51118e-8389-4aca-985e-cf08e01b9639_1000.jpg!m_fill,w_280,h_210,f_jpg?from=ke.com
20240415,石景山,鲁谷,101121738316,五芳园 2室1厅 南 北,289万,47596元/平,中楼层 (共6层) 2室1厅 | 60.72平米 | 南 北,https://ke-image.ljcdn.com/110000-inspection/pc1_JSuq9cE4s.jpg!m_fill,w_280,h_210,f_jpg?from=ke.com
20240415,石景山,鲁谷,101121738122,带电梯钢混小两居 石景山万达北侧 满五唯一房主自荐,234万,45686元/平,中楼层 (共12层) | 1996年 | 2室0厅 | 51.22平米 | 南 北,https://ke-image.ljcdn.com/110000-inspection/d550cf7c-db2d-4315-8df1-b825b59215f1_1000.jpg!m_fill,w_280,h_210,f_jpg?from=ke.com
20240415,石景山,鲁谷,101121737992,远洋山水 2室1厅 东,630万,59949元/平,中楼层 (共27层) 2室1厅 | 105.09平米 | 东,https://ke-image.ljcdn.com/110000-inspection/pc1_nKz3H6Qwx.jpg!m_fill,w_280,h_210,f_jpg?from=ke.com
20240415,石景山,鲁谷,101121728497,六合园板楼南北通透2层满五唯一,290万,46775元/平,低楼层 (共7层) | 1993年 | 2室1厅 | 62平米 | 南 北,https://ke-image.ljcdn.com/110000-inspection/80ddf47c-5802-40f0-9db3-2357fb801fe5_1000.jpg!m_fill,w_280,h_210,f_jpg?from=ke.com
20240415,石景山,鲁谷,101121717617,永乐东区两居室钢混结构能看房能签约。停车免费,260万,42954元/平,中楼层 (共18层) 2室1厅 | 60.53平米 | 东 西,https://ke-image.ljcdn.com/110000-inspection/pc1_ETjp0OELs.jpg!m_fill,w_280,h_210,f_jpg?from=ke.com
20240415,石景山,鲁谷,101121714906,五芳园 2室1厅 西南,259万,38195元/平,底层 (共6层) | 1994年 | 2室1厅 | 67.81平米 | 西南,https://ke-image.ljcdn.com/110000-inspection/pc1_CWWPNju5d.jpg!m_fill,w_280,h_210,f_jpg?from=ke.com
20240415,石景山,鲁谷,101121703630,永乐东区双阳台户型方正无浪费满五年单位分房,271万,42186元/平,高楼层 (共6层) | 1981年 | 2室1厅 | 64.24平米 | 南 北,https://ke-image.ljcdn.com/110000-inspection/pc1_NTNep66H8.jpg!m_fill,w_280,h_210,f_jpg?from=ke.com
20240415,石景山,鲁谷,101121696244,满五年商品房采光充足无噪音户型方正 格局好,471万,66990元/平,高楼层 (共25层) 2室1厅 | 70.31平米 | 东,https://ke-image.ljcdn.com/110000-inspection/pc1_BN6KgDjnP.jpg!m_fill,w_280,h_210,f_jpg?from=ke.com
20240415,石景山,鲁谷,101121693446,永乐东区 塔楼双卧朝南两居室  看房方便,372万,52270元/平,高楼层 (共18层) | 1992年 | 2室1厅 | 71.17平米 | 东南,https://ke-image.ljcdn.com/110000-inspection/pc1_eSF0AxJEI.jpg!m_fill,w_280,h_210,f_jpg?from=ke.com
20240415,石景山,鲁谷,101121687246,玉泉路甲65号院正规东西通透一居诚售,255万,48406元/平,底层 (共6层) | 1995年 | 1室1厅 | 52.68平米 | 东 西,https://ke-image.ljcdn.com/110000-inspection/pc1_hSVVC4q4T.jpg!m_fill,w_280,h_210,f_jpg?from=ke.com
20240415,石景山,鲁谷,101121683082,京汉旭城家园西南两居  楼层高视野采光好,469万,57959元/平,顶层 (共23层) | 2004年 | 2室1厅 | 80.92平米 | 西 北,https://ke-image.ljcdn.com/110000-inspection/414d72db-ed05-4a2a-8eff-d52cd382c3de_1000.jpg!m_fill,w_280,h_210,f_jpg?from=ke.com
20240415,石景山,鲁谷,101121670864,永乐西区万达对面南北通透精装两居出售房主自荐,259万,47646元/平,高楼层 (共6层) 2室1厅 | 54.36平米 | 北 南,https://ke-image.ljcdn.com/110000-inspection/pc1_fIPUCOaFj.jpg!m_fill,w_280,h_210,f_jpg?from=ke.com
20240415,石景山,鲁谷,101121649154,双锦园 1室1厅 南,210万,42433元/平,高楼层 (共16层) 1室1厅 | 49.49平米 | 南,https://ke-image.ljcdn.com/110000-inspection/pc1_j3wcLRAuz.jpg!m_fill,w_280,h_210,f_jpg?from=ke.com
20240415,石景山,鲁谷,101121643731,远洋山水北区 双明卫大两居 客厅主卧朝南 满五年唯一,740万,66078元/平,低楼层 (共26层) 2室2厅 | 111.99平米 | 西南,https://ke-image.ljcdn.com/110000-inspection/pc1_Cv3hXBHsd.jpg!m_fill,w_280,h_210,f_jpg?from=ke.com
20240415,石景山,鲁谷,101121635915,碣石坪高楼层电梯钢混双南向两居室,315万,49591元/平,高楼层 (共13层) | 1998年 | 2室1厅 | 63.52平米 | 南,https://ke-image.ljcdn.com/110000-inspection/pc1_qkxNm5O9O.jpg!m_fill,w_280,h_210,f_jpg?from=ke.com
20240415,石景山,鲁谷,101121623804,精装修 南北三居室 明厅 拎包入住 满五年唯一,462万,49202元/平,高楼层 (共6层) | 1995年 | 3室2厅 | 93.9平米 | 南 北,https://ke-image.ljcdn.com/110000-inspection/pc1_YGiCVJvdD.jpg!m_fill,w_280,h_210,f_jpg?from=ke.com
20240415,石景山,鲁谷,101121611953,依翠园南北通透中间层近地铁,275万,48280元/平,中楼层 (共6层) | 1992年 | 2室1厅 | 56.96平米 | 南 北,https://ke-image.ljcdn.com/110000-inspection/pc1_YVrlftzkz.jpg!m_fill,w_280,h_210,f_jpg?from=ke.com
20240415,石景山,鲁谷,101121610986,七星园1-14号楼大一居 低楼层 看房方便诚心卖,275万,50010元/平,低楼层 (共6层) | 1996年 | 1室1厅 | 54.99平米 | 西 东,https://ke-image.ljcdn.com/110000-inspection/pc1_1yO937PHc_1.jpg!m_fill,w_280,h_210,f_jpg?from=ke.com
20240415,石景山,鲁谷,101121605944,依翠园 2室1厅 南 北,329万,41842元/平,中楼层 (共6层) | 1998年 | 2室1厅 | 78.63平米 | 南 北,https://ke-image.ljcdn.com/110000-inspection/2fd73887-2af9-4df8-a405-4a6de1d088d6_1000.jpg!m_fill,w_280,h_210,f_jpg?from=ke.com
20240415,石景山,鲁谷,101121604553,聚兴园南北通透三居室 前后不临街 前后无遮挡房主自荐,619万,54476元/平,中楼层 (共10层) 3室1厅 | 113.63平米 | 南 北,https://ke-image.ljcdn.com/110000-inspection/pc1_HrQPnSJFR.jpg!m_fill,w_280,h_210,f_jpg?from=ke.com
20240415,石景山,鲁谷,101121600673,京汉旭城精装一居明厨明卫看房方便诚心出售房主自荐,378万,63074元/平,底层 (共23层) | 2004年 | 1室1厅 | 59.93平米 | 东南,https://ke-image.ljcdn.com/110000-inspection/911a03ed-eb0f-4ec3-9237-0c4392d18ed5_1000.jpg!m_fill,w_280,h_210,f_jpg?from=ke.com
20240415,石景山,鲁谷,101121580683,远洋沁山水 南北通透 全明格局3居 诚意出售 看房方便,858万,98871元/平,底层 (共12层) 3室1厅 | 86.78平米 | 南 北,https://ke-image.ljcdn.com/110000-inspection/pc1_ArhhP9lqf_1.jpg!m_fill,w_280,h_210,f_jpg?from=ke.com
20240415,石景山,鲁谷,101121563530,鲁谷 北重西厂 南北通透 大客厅 精装修 两居室房主自荐,279万,44125元/平,顶层 (共6层) | 1995年 | 2室1厅 | 63.23平米 | 南 北,https://ke-image.ljcdn.com/110000-inspection/pc1_nzJgocde6.jpg!m_fill,w_280,h_210,f_jpg?from=ke.com
20240415,石景山,鲁谷,101121560832,六合园 西向一居室 精装修 满五年唯一,210万,41177元/平,中楼层 (共7层) | 1994年 | 2室1厅 | 51平米 | 西,https://ke-image.ljcdn.com/110000-inspection/pc1_6WjaRiNka.jpg!m_fill,w_280,h_210,f_jpg?from=ke.com
20240415,石景山,鲁谷,101121560040,永乐东区 2室1厅 南 北,245万,40516元/平,中楼层 (共6层) | 1987年 | 2室1厅 | 60.47平米 | 南 北,https://ke-image.ljcdn.com/110000-inspection/pc1_HorxvDWx1.jpg!m_fill,w_280,h_210,f_jpg?from=ke.com
20240415,石景山,鲁谷,101121550355,久筑物业 正规南北三居室 满五年唯一,615万,52972元/平,高楼层 (共15层) | 1995年 | 3室1厅 | 116.1平米 | 南,https://ke-image.ljcdn.com/110000-inspection/pc1_AcYm8QG40.jpg!m_fill,w_280,h_210,f_jpg?from=ke.com
20240415,石景山,鲁谷,101121544667,双锦园 精装修 西向一居室 满五年唯一房主自荐,216万,43628元/平,顶层 (共16层) | 2000年 | 1室1厅 | 49.51平米 | 西,https://ke-image.ljcdn.com/110000-inspection/pc1_msfgitNJt.jpg!m_fill,w_280,h_210,f_jpg?from=ke.com
20240415,石景山,鲁谷,101121522272,永乐西区 南北中间层两居室 业主诚心出售 看房方便房主自荐,260万,45116元/平,中楼层 (共6层) | 1985年 | 2室1厅 | 57.63平米 | 南 北,https://ke-image.ljcdn.com/110000-inspection/pc1_UKksVytZy.jpg!m_fill,w_280,h_210,f_jpg?from=ke.com
20240415,石景山,鲁谷,101121513959,京汉旭城  三南二北通透三居 独立餐厅设计 诚意出售,799万,66462元/平,中楼层 (共17层) | 2004年 | 3室2厅 | 120.22平米 | 南 北,https://ke-image.ljcdn.com/110000-inspection/pc1_HawRBojRM.jpg!m_fill,w_280,h_210,f_jpg?from=ke.com
20240415,石景山,鲁谷,101121490787,永乐东区南北通透精装两居室地铁近房主自荐,280万,46182元/平,高楼层 (共6层) | 1987年 | 2室1厅 | 60.63平米 | 南 北,https://ke-image.ljcdn.com/110000-inspection/pc1_31fkYXnrB.jpg!m_fill,w_280,h_210,f_jpg?from=ke.com
20240415,石景山,鲁谷,101121489498,碣石坪小区 南向两居室 诚心出售房主自荐,415万,46893元/平,中楼层 (共24层) | 2001年 | 2室1厅 | 88.5平米 | 南,https://ke-image.ljcdn.com/110000-inspection/pc1_jYjLSiv57.jpg!m_fill,w_280,h_210,f_jpg?from=ke.com
20240415,石景山,鲁谷,101121485278,聚兴园 满五年唯一商品房 高楼层 视野采光好,345万,58042元/平,顶层 (共17层) 1室1厅 | 59.44平米 | 南 北,https://ke-image.ljcdn.com/110000-inspection/pc1_lLuizBIRe.jpg!m_fill,w_280,h_210,f_jpg?from=ke.com
20240415,石景山,鲁谷,101121454456,永乐西区 中间楼层一居室 南北通透,274万,47911元/平,中楼层 (共6层) | 1992年 | 2室1厅 | 57.19平米 | 南 北,https://ke-image.ljcdn.com/110000-inspection/pc1_KXkrcJtVs.jpg!m_fill,w_280,h_210,f_jpg?from=ke.com
20240415,石景山,鲁谷,101121411491,远洋山水 客厅主卧朝南 双明卫两居 少出房 满五年唯一,755万,67417元/平,中楼层 (共26层) | 2006年 | 2室2厅 | 111.99平米 | 西南,https://ke-image.ljcdn.com/110000-inspection/pc1_a9ZR8epA8.jpg!m_fill,w_280,h_210,f_jpg?from=ke.com
20240415,石景山,鲁谷,101121402060,六合园 3室1厅 西北,413万,49886元/平,高楼层 (共22层) 3室1厅 | 82.79平米 | 西北,https://ke-image.ljcdn.com/110000-inspection/pc1_pIfDxynem.jpg!m_fill,w_280,h_210,f_jpg?from=ke.com
20240415,石景山,鲁谷,101121367605,七星园带电梯钢混结构满五年精装修诚心出售。,439万,53400元/平,顶层 (共19层) | 1996年 | 2室1厅 | 82.21平米 | 西北,https://ke-image.ljcdn.com/110000-inspection/pc1_347N4llTj.jpg!m_fill,w_280,h_210,f_jpg?from=ke.com
20240415,石景山,鲁谷,101121357465,重兴嘉园西南向两居 看房方便 采光无遮挡 安静舒适,465万,47343元/平,低楼层 (共22层) 2室1厅 | 98.22平米 | 南 西,https://ke-image.ljcdn.com/110000-inspection/5856357f-a22c-4390-94fa-eca1bff57c0d_1000.jpg!m_fill,w_280,h_210,f_jpg?from=ke.com
20240415,石景山,鲁谷,101121357206,碣石坪 2室1厅 西南,465万,55729元/平,底层 (共24层) | 2001年 | 2室1厅 | 83.44平米 | 西南,https://ke-image.ljcdn.com/110000-inspection/pc1_VDjReBOcQ.jpg!m_fill,w_280,h_210,f_jpg?from=ke.com
20240415,石景山,鲁谷,101121356324,重聚园 一梯两户 中间层 南北通透房主自荐,575万,54467元/平,低楼层 (共6层) 2室2厅 | 105.57平米 | 南 北,https://ke-image.ljcdn.com/110000-inspection/pc1_sodp7OTkV.jpg!m_fill,w_280,h_210,f_jpg?from=ke.com
20240415,石景山,鲁谷,101121356104,京汉旭城  高楼层  精装修  满五唯一房主自荐,449万,55570元/平,顶层 (共23层) | 2004年 | 2室1厅 | 80.8平米 | 南 西 北,https://ke-image.ljcdn.com/110000-inspection/pc1_7lFjNZBtR.jpg!m_fill,w_280,h_210,f_jpg?from=ke.com
20240415,石景山,鲁谷,101121349284,北区小区中间 户数少 东西通透一居室 不临街 近地铁,518万,75942元/平,中楼层 (共26层) 1室1厅 | 68.21平米 | 东 西,https://ke-image.ljcdn.com/110000-inspection/pc1_TYNOB3e5l.jpg!m_fill,w_280,h_210,f_jpg?from=ke.com
20240415,石景山,鲁谷,101121339780,房子是南北通透的两居室户型方正精装修明厨明卫房主自荐,279万,44726元/平,高楼层 (共6层) | 1987年 | 2室1厅 | 62.38平米 | 南 北,https://ke-image.ljcdn.com/110000-inspection/pc1_LKE0frlHp.jpg!m_fill,w_280,h_210,f_jpg?from=ke.com
20240415,石景山,鲁谷,101121291559,海淀户口 南北通透三居室中间楼层 采光好视野棒,530万,70856元/平,中楼层 (共6层) | 1987年 | 3室1厅 | 74.8平米 | 南 北,https://ke-image.ljcdn.com/110000-inspection/pc1_mY8KRNhmX.jpg!m_fill,w_280,h_210,f_jpg?from=ke.com
20240415,石景山,鲁谷,101121285380,永乐西区 2室1厅 东南,340万,52220元/平,中楼层 (共18层) 2室1厅 | 65.11平米 | 东南,https://ke-image.ljcdn.com/110000-inspection/pc1_5exlAWuVN.jpg!m_fill,w_280,h_210,f_jpg?from=ke.com
20240415,石景山,鲁谷,101121282691,远洋沁山水上品 3室1厅 南 北房主自荐,1330万,96189元/平,中楼层 (共18层) | 2011年 | 3室1厅 | 138.27平米 | 南 北,https://ke-image.ljcdn.com/110000-inspection/pc1_B35vWdzRY.jpg!m_fill,w_280,h_210,f_jpg?from=ke.com
20240415,石景山,鲁谷,101121271773,六合园 2室1厅 东 西,298万,47347元/平,中楼层 (共7层) 2室1厅 | 62.94平米 | 东 西,https://ke-image.ljcdn.com/110000-inspection/pc1_RFO4uJ8KU.jpg!m_fill,w_280,h_210,f_jpg?from=ke.com
20240415,石景山,鲁谷,101121248422,鲁谷 重聚园2007年 板楼双卫南北三居 诚心出售,699万,52009元/平,中楼层 (共16层) | 2007年 | 3室2厅 | 134.4平米 | 南 北,https://ke-image.ljcdn.com/110000-inspection/pc1_0PkWSmSI3_1.jpg!m_fill,w_280,h_210,f_jpg?from=ke.com
20240415,石景山,鲁谷,101121240942,北重西厂 一层单独下水 南北通透房主自荐,289万,46005元/平,底层 (共6层) | 1995年 | 2室1厅 | 62.82平米 | 南 北,https://ke-image.ljcdn.com/110000-inspection/pc1_MPdXAFgFo.jpg!m_fill,w_280,h_210,f_jpg?from=ke.com
20240415,石景山,鲁谷,101121239411,不临街两梯四户中间位置安静一居室,370万,66763元/平,高楼层 (共26层) | 2007年 | 1室1厅 | 55.42平米 | 东,https://ke-image.ljcdn.com/110000-inspection/pc1_8GnzFy1p1.jpg!m_fill,w_280,h_210,f_jpg?from=ke.com
20240415,石景山,鲁谷,101121238576,五芳园正规两居室满五年家庭一套房主自荐,235万,39259元/平,中楼层 (共6层) | 1994年 | 2室1厅 | 59.86平米 | 东 西,https://ke-image.ljcdn.com/110000-inspection/pc1_NNJSsrK5k.jpg!m_fill,w_280,h_210,f_jpg?from=ke.com
20240415,石景山,鲁谷,101121230394,远洋沁山水上品 南北通透大三居 精装修 高层无遮挡,1399万,101179元/平,顶层 (共18层) 3室2厅 | 138.27平米 | 南 北,https://ke-image.ljcdn.com/110000-inspection/pc1_lsPYzzhPN_1.jpg!m_fill,w_280,h_210,f_jpg?from=ke.com
20240415,石景山,鲁谷,101121219787,永乐东区   塔楼  东南向两居室  89年钢混电梯,278万,40895元/平,低楼层 (共18层) | 1989年 | 2室1厅 | 67.98平米 | 东南,https://ke-image.ljcdn.com/110000-inspection/pc1_QmS0lQbyQ.jpg!m_fill,w_280,h_210,f_jpg?from=ke.com
20240415,石景山,鲁谷,101121213060,北区10号楼对着花园户型使用率大房主自荐,600万,56754元/平,底层 (共19层) 2室1厅 | 105.72平米 | 西北,https://ke-image.ljcdn.com/110000-inspection/666cd8fa-68fc-4f70-8df5-764bcda4fbb9_1000.jpg!m_fill,w_280,h_210,f_jpg?from=ke.com
20240415,石景山,鲁谷,101121206404,鲁谷村 2室1厅 南 北,352万,53955元/平,低楼层 (共6层) | 1995年 | 2室1厅 | 65.24平米 | 南 北,https://ke-image.ljcdn.com/110000-inspection/pc1_H5G80vK4m.jpg!m_fill,w_280,h_210,f_jpg?from=ke.com
20240415,石景山,鲁谷,101121204508,远洋山水全明格局房子适合一家三口房主自荐,498万,68643元/平,中楼层 (共26层) | 2007年 | 1室1厅 | 72.55平米 | 东 南,https://ke-image.ljcdn.com/110000-inspection/16e766b1-affa-44f6-a103-cc6c21eb2629_1000.jpg!m_fill,w_280,h_210,f_jpg?from=ke.com
20240415,石景山,鲁谷,101121182937,永乐东区电梯房公积金贷款者福音。能看房随时签约,405万,55863元/平,低楼层 (共20层) | 1991年 | 3室1厅 | 72.5平米 | 南 北 西,https://ke-image.ljcdn.com/110000-inspection/pc1_J0mmPEJ8x.jpg!m_fill,w_280,h_210,f_jpg?from=ke.com
20240415,石景山,鲁谷,101121171327,远洋山水精装修一居室适合拎包入住,510万,75389元/平,中楼层 (共26层) 1室1厅 | 67.65平米 | 西,https://ke-image.ljcdn.com/110000-inspection/6deeb21a-2090-4749-92bf-dabe2c16b577_1000.jpg!m_fill,w_280,h_210,f_jpg?from=ke.com
20240415,石景山,鲁谷,101121159240,六场宿舍 3室1厅 南 北,360万,49580元/平,中楼层 (共6层) | 1984年 | 3室1厅 | 72.61平米 | 南 北,https://ke-image.ljcdn.com/110000-inspection/pc1_IFkmtLndT.jpg!m_fill,w_280,h_210,f_jpg?from=ke.com
20240415,石景山,鲁谷,101121132767,永乐东区一居室近地铁满五年不临街楼龄新,200万,47026元/平,低楼层 (共6层) | 1990年 | 1室1厅 | 42.53平米 | 南,https://ke-image.ljcdn.com/110000-inspection/pc1_DlaJq5Pv9.jpg!m_fill,w_280,h_210,f_jpg?from=ke.com
20240415,石景山,鲁谷,101121112049,鲁谷村 南北通透三居 中间楼层 采光充足 没有遮挡,740万,52595元/平,中楼层 (共6层) | 1996年 | 3室2厅 | 140.7平米 | 南 北,https://ke-image.ljcdn.com/110000-inspection/25d723c8-d8d1-4b0d-a254-25935b593dea_1000.jpg!m_fill,w_280,h_210,f_jpg?from=ke.com
20240415,石景山,鲁谷,101121104871,石景山京汉小区精装修好楼层两居室,525万,63223元/平,中楼层 (共23层) | 2004年 | 2室1厅 | 83.04平米 | 西南,https://ke-image.ljcdn.com/110000-inspection/pc1_j13Xi3XPI_1.jpg!m_fill,w_280,h_210,f_jpg?from=ke.com
20240415,石景山,鲁谷,101121090520,远洋山水 1室1厅 西北,480万,68386元/平,中楼层 (共26层) 1室1厅 | 70.19平米 | 西北,https://ke-image.ljcdn.com/110000-inspection/pc1_HxgprM3vT.jpg!m_fill,w_280,h_210,f_jpg?from=ke.com
20240415,石景山,鲁谷,101121082263,满五唯一 永乐东区 南北通透三居室 产权清晰,375万,52280元/平,顶层 (共6层) | 1987年 | 3室1厅 | 71.73平米 | 南 北,https://ke-image.ljcdn.com/110000-inspection/pc1_ZArSgPVyn.jpg!m_fill,w_280,h_210,f_jpg?from=ke.com
20240415,石景山,鲁谷,101121070221,鲁谷重聚园南向两居室 诚心出售,420万,45435元/平,底层 (共24层) | 2003年 | 2室1厅 | 92.44平米 | 西南,https://ke-image.ljcdn.com/110000-inspection/cf527a24-e9cb-491d-93f6-b2d31b2dd70b_1000.jpg!m_fill,w_280,h_210,f_jpg?from=ke.com
20240415,石景山,鲁谷,101121067356,六合园 2室1厅 南 北,315万,50112元/平,中楼层 (共7层) | 1993年 | 2室1厅 | 62.86平米 | 南 北,https://ke-image.ljcdn.com/110000-inspection/pc1_fhBYH1pW9.jpg!m_fill,w_280,h_210,f_jpg?from=ke.com
20240415,石景山,鲁谷,101121052307,双阳台的两居 南向 采光视野无遮挡,685万,65239元/平,中楼层 (共15层) | 2006年 | 2室2厅 | 105平米 | 南,https://ke-image.ljcdn.com/110000-inspection/pc1_xIcArXYPy.jpg!m_fill,w_280,h_210,f_jpg?from=ke.com
20240415,石景山,鲁谷,101121018570,六合园   电梯南向两居室    满五年唯一,338万,48823元/平,高楼层 (共18层) 2室1厅 | 69.23平米 | 南,https://ke-image.ljcdn.com/110000-inspection/pc1_qfMmUzWMg.jpg!m_fill,w_280,h_210,f_jpg?from=ke.com
20240415,石景山,鲁谷,101121016459,玉泉西里二区远洋山水北区观景房对着公园,1150万,78088元/平,低楼层 (共18层) | 2006年 | 3室2厅 | 147.27平米 | 南 北,https://ke-image.ljcdn.com/110000-inspection/pc1_oMtQ9JLVS.jpg!m_fill,w_280,h_210,f_jpg?from=ke.com
20240415,石景山,鲁谷,101121013183,远洋山水 2室1厅 东南房主自荐,679万,64908元/平,中楼层 (共26层) | 2005年 | 2室1厅 | 104.61平米 | 东南,https://ke-image.ljcdn.com/110000-inspection/pc1_rqkLAHENY.jpg!m_fill,w_280,h_210,f_jpg?from=ke.com
20240415,石景山,鲁谷,101121007874,远洋山水满五年唯一东向小两居室高楼层正对小区花园,459万,67750元/平,高楼层 (共26层) 2室1厅 | 67.75平米 | 东,https://ke-image.ljcdn.com/110000-inspection/pc1_sVUI6wLp7.jpg!m_fill,w_280,h_210,f_jpg?from=ke.com
20240415,石景山,鲁谷,101121007785,远洋山水南北通透两居 精装修无噪音 无遮挡阳光充足,689万,71749元/平,低楼层 (共18层) | 2007年 | 2室2厅 | 96.03平米 | 南 北,https://ke-image.ljcdn.com/110000-inspection/660856de-ad81-46f9-90e3-79da0734a764_1000.jpg!m_fill,w_280,h_210,f_jpg?from=ke.com
20240415,石景山,鲁谷,101121000397,环境整洁近地铁中间楼层视野好装修好房主自荐,360万,51268元/平,高楼层 (共13层) | 1998年 | 2室1厅 | 70.22平米 | 西北,https://ke-image.ljcdn.com/110000-inspection/pc1_ab6hT8w5M.jpg!m_fill,w_280,h_210,f_jpg?from=ke.com
20240415,石景山,鲁谷,101120997168,远洋山水 满五唯一 无抵押 有钥匙 南北通风 3居2卫,660万,54420元/平,底层 (共18层) | 2007年 | 3室2厅 | 121.28平米 | 南 北,https://ke-image.ljcdn.com/110000-inspection/757e9b81-53c2-4e66-8278-7f290b8dfaca_1000.jpg!m_fill,w_280,h_210,f_jpg?from=ke.com
20240415,石景山,鲁谷,101120993521,鲁谷万达正规精装一居室 近地铁 满五年一套,190万,44094元/平,顶层 (共6层) | 1993年 | 1室1厅 | 43.09平米 | 南,https://ke-image.ljcdn.com/110000-inspection/d1010a22-f84a-4a96-abb5-f851e70ae8ab_1000.jpg!m_fill,w_280,h_210,f_jpg?from=ke.com
20240415,石景山,鲁谷,101120989628,六场宿舍南北通透满五唯一两居室,199万,35403元/平,顶层 (共6层) | 1987年 | 2室1厅 | 56.21平米 | 南 北,https://ke-image.ljcdn.com/110000-inspection/pc1_DP8raHGSL.jpg!m_fill,w_280,h_210,f_jpg?from=ke.com
20240415,石景山,鲁谷,101120986133,玉泉路甲65号院南北通透 满两年原网签高不影响贷款,320万,57554元/平,顶层 (共6层) | 1984年 | 2室1厅 | 55.6平米 | 南 北,https://ke-image.ljcdn.com/110000-inspection/b31181f7-842c-41a0-b9d4-0a189d05a985_1000.jpg!m_fill,w_280,h_210,f_jpg?from=ke.com
20240415,石景山,鲁谷,101120985509,六合园 3室1厅 西南,350万,38920元/平,中楼层 (共7层) | 1994年 | 3室1厅 | 89.93平米 | 西南,https://ke-image.ljcdn.com/110000-inspection/pc1_mBDRXLcws.jpg!m_fill,w_280,h_210,f_jpg?from=ke.com
20240415,石景山,鲁谷,101120982413,鲁谷 北重西厂 精装大一居拎包入住房主自荐,187万,45072元/平,高楼层 (共6层) | 1991年 | 1室1厅 | 41.49平米 | 西,https://ke-image.ljcdn.com/110000-inspection/pc1_ivBJiPjCC.jpg!m_fill,w_280,h_210,f_jpg?from=ke.com
20240415,石景山,鲁谷,101120981387,永乐西区中间层南北两居室业主诚心出售,270万,42695元/平,中楼层 (共6层) | 1984年 | 2室1厅 | 63.24平米 | 南 北,https://ke-image.ljcdn.com/110000-inspection/pc1_fpyavUlNn.jpg!m_fill,w_280,h_210,f_jpg?from=ke.com
20240415,石景山,鲁谷,101120977291,重兴嘉园满五年唯一大一居！诚心出售看房方便,295万,44268元/平,高楼层 (共23层) | 2007年 | 1室1厅 | 66.64平米 | 西,https://ke-image.ljcdn.com/110000-inspection/pc1_snfEYzFtK.jpg!m_fill,w_280,h_210,f_jpg?from=ke.com
20240415,石景山,鲁谷,101120962448,七星园1-14号楼 南北通透 视野开阔 采光充足 干净整洁,259万,40666元/平,顶层 (共6层) | 1994年 | 2室1厅 | 63.69平米 | 南 北,https://ke-image.ljcdn.com/110000-inspection/pc1_NAfuIV2gg.jpg!m_fill,w_280,h_210,f_jpg?from=ke.com
20240415,石景山,鲁谷,101120959349,南北通透两居室客厅带窗户采光好,275万,48280元/平,中楼层 (共6层) | 1984年 | 2室1厅 | 56.96平米 | 南 西 北,https://ke-image.ljcdn.com/110000-inspection/pc1_2tTCeOOnO.jpg!m_fill,w_280,h_210,f_jpg?from=ke.com
20240415,石景山,鲁谷,101120958959,此房满五年唯一 双朝向通风好 格局方正无浪费面积,630万,59943元/平,低楼层 (共27层) | 2007年 | 2室1厅 | 105.1平米 | 东北,https://ke-image.ljcdn.com/110000-inspection/pc1_2Xfe1gXoW.jpg!m_fill,w_280,h_210,f_jpg?from=ke.com
20240415,石景山,鲁谷,101120936655,鲁谷村优质户型！不临街！南北通透！采光通风好！,325万,52547元/平,高楼层 (共6层) | 1995年 | 2室1厅 | 61.85平米 | 南 北,https://ke-image.ljcdn.com/110000-inspection/pc1_ncIRtbnzP.jpg!m_fill,w_280,h_210,f_jpg?from=ke.com
20240415,石景山,鲁谷,101120936330,精装修满五唯一全南朝向高楼层采光好,680万,63245元/平,高楼层 (共24层) | 2007年 | 2室2厅 | 107.52平米 | 南,https://ke-image.ljcdn.com/110000-inspection/pc1_ZcF7uNIzL_1.jpg!m_fill,w_280,h_210,f_jpg?from=ke.com
20240415,石景山,鲁谷,101120931948,北重西厂 2室1厅 东 西,329万,49947元/平,低楼层 (共6层) | 1995年 | 2室1厅 | 65.87平米 | 东 西,https://ke-image.ljcdn.com/110000-inspection/pc1_AHKrzN9BW.jpg!m_fill,w_280,h_210,f_jpg?from=ke.com
20240415,石景山,鲁谷,101120928581,房子视同满五唯一住宅装修保持好拎包入住总价较低,225万,52534元/平,高楼层 (共6层) | 1984年 | 1室1厅 | 42.83平米 | 南,https://ke-image.ljcdn.com/110000-inspection/pc1_4n4Mzv5ZB.jpg!m_fill,w_280,h_210,f_jpg?from=ke.com
20240415,石景山,鲁谷,101120923687,五芳园 2室1厅 东 西房主自荐,279万,46609元/平,低楼层 (共6层) | 1994年 | 2室1厅 | 59.86平米 | 东 西,https://ke-image.ljcdn.com/110000-inspection/pc1_fKe3R7qRL.jpg!m_fill,w_280,h_210,f_jpg?from=ke.com
20240415,石景山,鲁谷,101120923434,南北通透观景房近地铁满五年唯一,820万,60836元/平,高楼层 (共26层) 3室2厅 | 134.79平米 | 南 北,https://ke-image.ljcdn.com/110000-inspection/pc1_rJCT1lon6.jpg!m_fill,w_280,h_210,f_jpg?from=ke.com
20240415,石景山,鲁谷,101120919824,此房楼层高采光充足视野开阔配套齐全交通方便,380万,72230元/平,高楼层 (共24层) | 2007年 | 1室1厅 | 52.61平米 | 南,https://ke-image.ljcdn.com/110000-inspection/pc1_ySWaNezx6.jpg!m_fill,w_280,h_210,f_jpg?from=ke.com
20240415,石景山,鲁谷,101120913102,六场宿舍近地铁一居室户型方正明厨明卫随时看,229万,52620元/平,高楼层 (共6层) | 1991年 | 1室1厅 | 43.52平米 | 南,https://ke-image.ljcdn.com/110000-inspection/pc1_Y93WlTBSC.jpg!m_fill,w_280,h_210,f_jpg?from=ke.com
20240415,石景山,鲁谷,101120904305,五芳园南北两居室户型通透采光好中间位置配套成熟,269万,42544元/平,顶层 (共6层) | 1993年 | 2室1厅 | 63.23平米 | 南 北,https://ke-image.ljcdn.com/110000-inspection/pc1_dkrlkJsPT.jpg!m_fill,w_280,h_210,f_jpg?from=ke.com
20240415,石景山,鲁谷,101120903830,永乐西区 3室1厅 南 北,450万,54178元/平,顶层 (共6层) 3室1厅 | 83.06平米 | 南 北,https://ke-image.ljcdn.com/110000-inspection/pc1_tLZuE9HEd.jpg!m_fill,w_280,h_210,f_jpg?from=ke.com
20240415,石景山,鲁谷,101120903470,五环内  北重西厂  满五年唯一住房 看房方便,179万,47607元/平,底层 (共6层) | 1991年 | 1室1厅 | 37.6平米 | 西,https://ke-image.ljcdn.com/110000-inspection/pc1_gNIfgTNIc.jpg!m_fill,w_280,h_210,f_jpg?from=ke.com
20240415,石景山,鲁谷,101120894230,玉泉路65号院 板楼三层三居 户型方正房主自荐,530万,68751元/平,中楼层 (共6层) | 1987年 | 3室1厅 | 77.09平米 | 南 北,https://ke-image.ljcdn.com/110000-inspection/pc1_5Zts4ZVhW.jpg!m_fill,w_280,h_210,f_jpg?from=ke.com
20240415,石景山,鲁谷,101120889389,依翠园高楼层南北通透客厅带窗视野开阔两居室。,380万,46218元/平,顶层 (共6层) | 1995年 | 2室1厅 | 82.22平米 | 南 北,https://ke-image.ljcdn.com/110000-inspection/b609fe04-39a0-482c-8d76-f02e245b55bc_1000.jpg!m_fill,w_280,h_210,f_jpg?from=ke.com
20240415,石景山,鲁谷,101120882501,依翠园 新华社 两居室 环境好 中间层,420万,56665元/平,中楼层 (共6层) | 1995年 | 2室1厅 | 74.12平米 | 东 西,https://ke-image.ljcdn.com/110000-inspection/pc1_dWAciGDyi.jpg!m_fill,w_280,h_210,f_jpg?from=ke.com
20240415,石景山,鲁谷,101120877642,六合园新华社钢混 精装修 满五唯一,340万,52812元/平,低楼层 (共22层) | 1996年 | 2室1厅 | 64.38平米 | 东北,https://ke-image.ljcdn.com/110000-inspection/pc1_byIDNd5TX.jpg!m_fill,w_280,h_210,f_jpg?from=ke.com
20240415,石景山,鲁谷,101120877197,重兴嘉园 大一居室 户型方正无遮挡 采光好,359万,50937元/平,高楼层 (共22层) 1室1厅 | 70.48平米 | 西,https://ke-image.ljcdn.com/110000-inspection/pc1_JLWBpGjS8.jpg!m_fill,w_280,h_210,f_jpg?from=ke.com
20240415,石景山,鲁谷,101120876297,北重西厂 半地下两居 南北通透 双阳台  满五唯一,170万,27336元/平,地下室 (共5层) | 2000年 | 2室1厅 | 62.19平米 | 南 北,https://ke-image.ljcdn.com/110000-inspection/pc1_YCugjZcZg.jpg!m_fill,w_280,h_210,f_jpg?from=ke.com
20240415,石景山,鲁谷,101120872791,远洋山水 全南向 精装修 小两居室 满五年唯一,420万,69896元/平,低楼层 (共26层) 2室1厅 | 60.09平米 | 南,https://ke-image.ljcdn.com/110000-inspection/219e0706-6973-43e6-8f6d-06ec06ea6547_1000.jpg!m_fill,w_280,h_210,f_jpg?from=ke.com
20240415,石景山,鲁谷,101120869069,玉泉路甲65号院 南北通透一居 精装修业主诚心出售,199万,42704元/平,地下室 (共6层) | 1995年 | 1室1厅 | 46.6平米 | 南 北,https://ke-image.ljcdn.com/110000-inspection/pc1_dan7H5Owm.jpg!m_fill,w_280,h_210,f_jpg?from=ke.com
20240415,石景山,鲁谷,101120868157,八宝山南路29号院 精装修 中间层 采光足 视野佳房主自荐,243万,50207元/平,中楼层 (共6层) | 1994年 | 2室1厅 | 48.4平米 | 南 北,https://ke-image.ljcdn.com/110000-inspection/pc1_Bs7TzJnNO.jpg!m_fill,w_280,h_210,f_jpg?from=ke.com
20240415,石景山,鲁谷,101120867624,远洋山水北区南北大四居 小区中间高楼层观景房,1220万,72598元/平,中楼层 (共18层) | 2006年 | 4室2厅 | 168.05平米 | 南 北,https://ke-image.ljcdn.com/110000-inspection/pc1_gM8tJIc7M.jpg!m_fill,w_280,h_210,f_jpg?from=ke.com
20240415,石景山,鲁谷,101120849173,永乐东区双阳台一居室低楼层采光好,253万,54176元/平,低楼层 (共6层) | 1988年 | 1室1厅 | 46.7平米 | 南,https://ke-image.ljcdn.com/110000-inspection/pc1_XwodLBgTo.jpg!m_fill,w_280,h_210,f_jpg?from=ke.com
20240415,石景山,鲁谷,101120823556,鲁谷重聚园精装带电梯大两居出售,460万,45046元/平,高楼层 (共24层) 2室1厅 | 102.12平米 | 西南,https://ke-image.ljcdn.com/110000-inspection/pc1_ibKK9RsYd.jpg!m_fill,w_280,h_210,f_jpg?from=ke.com
20240415,石景山,鲁谷,101120804855,规划车位小区  可贷款南北两居室,245万,47435元/平,高楼层 (共6层) | 1975年 | 2室1厅 | 51.65平米 | 南 北,https://ke-image.ljcdn.com/110000-inspection/pc1_xc9h397Pw.jpg!m_fill,w_280,h_210,f_jpg?from=ke.com
20240415,石景山,鲁谷,101120768880,天和景园 高楼层 采光好 视野好,1020万,59379元/平,高楼层 (共16层) 3室2厅 | 171.78平米 | 南 北,https://ke-image.ljcdn.com/110000-inspection/pc1_sgcFiENcb.jpg!m_fill,w_280,h_210,f_jpg?from=ke.com
20240415,石景山,鲁谷,101120756678,永乐西区 3室1厅 西 东,338万,42780元/平,高楼层 (共6层) 3室1厅 | 79.01平米 | 西 东,https://ke-image.ljcdn.com/110000-inspection/pc1_hJTUbOirK.jpg!m_fill,w_280,h_210,f_jpg?from=ke.com
20240415,石景山,鲁谷,101120747029,依翠园 3室1厅 北 南房主自荐,499万,53743元/平,高楼层 (共6层) 3室1厅 | 92.85平米 | 北 南,https://ke-image.ljcdn.com/110000-inspection/pc1_tTJuYe80s_1.jpg!m_fill,w_280,h_210,f_jpg?from=ke.com
20240415,石景山,鲁谷,101120721964,五芳园一居室南向中间楼层可看可签约,208万,45815元/平,中楼层 (共5层) | 1993年 | 1室1厅 | 45.4平米 | 南,https://ke-image.ljcdn.com/110000-inspection/pc1_o0XlIYRBD.jpg!m_fill,w_280,h_210,f_jpg?from=ke.com
20240415,石景山,鲁谷,101120674980,小区中间位置满五年唯一南北通透,1350万,82625元/平,顶层 (共12层) 3室1厅 | 163.39平米 | 南 北,https://ke-image.ljcdn.com/110000-inspection/pc1_BU8t2Rxp2.jpg!m_fill,w_280,h_210,f_jpg?from=ke.com
20240415,石景山,鲁谷,101120656098,六合园 南北向 两居室 双卧朝南 卫生间带窗户,332万,51730元/平,中楼层 (共5层) | 1995年 | 2室1厅 | 64.18平米 | 南 北,https://ke-image.ljcdn.com/110000-inspection/pc1_mfCvHAVCi.jpg!m_fill,w_280,h_210,f_jpg?from=ke.com
20240415,石景山,鲁谷,101120644242,北区8号楼对着花园精装修通透性好,730万,65226元/平,中楼层 (共26层) | 2003年 | 2室2厅 | 111.92平米 | 东北,https://ke-image.ljcdn.com/110000-inspection/pc1_3blzoD1Pe.jpg!m_fill,w_280,h_210,f_jpg?from=ke.com
20240415,石景山,鲁谷,101120643492,永乐西区 2室1厅 南 北,286万,49082元/平,中楼层 (共6层) | 1986年 | 2室1厅 | 58.27平米 | 南 北,https://ke-image.ljcdn.com/110000-inspection/pc1_FzV40v6yG.jpg!m_fill,w_280,h_210,f_jpg?from=ke.com
20240415,石景山,鲁谷,101120623270,永乐小区楼龄新低楼层一居室已经改造完成,193万,47362元/平,底层 (共6层) | 1991年 | 1室1厅 | 40.75平米 | 西,https://ke-image.ljcdn.com/110000-inspection/pc1_6y4Y8MMvN.jpg!m_fill,w_280,h_210,f_jpg?from=ke.com
20240415,石景山,鲁谷,101120619776,北重西厂精装好房低楼层南北通透明厨明卫。,278万,43808元/平,低楼层 (共6层) | 1990年 | 2室1厅 | 63.46平米 | 南 北,https://ke-image.ljcdn.com/110000-inspection/pc1_PJeAHLaw0.jpg!m_fill,w_280,h_210,f_jpg?from=ke.com
20240415,石景山,鲁谷,101120591344,远洋山水北区一居室近地铁近公园满五唯一,365万,60712元/平,低楼层 (共26层) | 2006年 | 1室1厅 | 60.12平米 | 东北,https://ke-image.ljcdn.com/110000-inspection/pc1_HHOHFXjWw_1.jpg!m_fill,w_280,h_210,f_jpg?from=ke.com
20240415,石景山,鲁谷,101120541664,七星园1-14号楼 全明格局  大客厅,459万,58801元/平,低楼层 (共19层) | 1996年 | 2室1厅 | 78.06平米 | 南,https://ke-image.ljcdn.com/110000-inspection/pc1_wzPXxc1yQ.jpg!m_fill,w_280,h_210,f_jpg?from=ke.com
20240415,石景山,鲁谷,101120524558,北重西厂 东向两居室 配套齐全 视野开阔,230万,38232元/平,顶层 (共6层) | 1994年 | 2室1厅 | 60.16平米 | 东,https://ke-image.ljcdn.com/110000-inspection/14634704-7a62-4916-aa43-49715847e51d_1000.jpg!m_fill,w_280,h_210,f_jpg?from=ke.com
20240415,石景山,鲁谷,101120524124,永乐西区 2室1厅 东 西,280万,45024元/平,顶层 (共6层) | 1989年 | 2室1厅 | 62.19平米 | 东 西,https://ke-image.ljcdn.com/110000-inspection/pc1_sIRhF51eE.jpg!m_fill,w_280,h_210,f_jpg?from=ke.com
20240415,石景山,鲁谷,101120522363,远景阁东向双卫大两居 满五唯一 前后花园 品质两居房主自荐,780万,67963元/平,低楼层 (共24层) 2室1厅 | 114.77平米 | 东,https://ke-image.ljcdn.com/110000-inspection/pc1_l5pb6CawJ.jpg!m_fill,w_280,h_210,f_jpg?from=ke.com
20240415,石景山,鲁谷,101120487213,远洋山水北区精装三居  品质高 客厅宽大,1050万,77899元/平,高楼层 (共26层) 3室1厅 | 134.79平米 | 南 北,https://ke-image.ljcdn.com/110000-inspection/pc1_RdfByrngv.jpg!m_fill,w_280,h_210,f_jpg?from=ke.com
20240415,石景山,鲁谷,101120480134,七星园 双阳台精装两居  视野棒  车位充足  近地铁房主自荐,378万,45769元/平,高楼层 (共6层) 2室1厅 | 82.59平米 | 东 西,https://ke-image.ljcdn.com/110000-inspection/pc1_CJgCQkC3N.jpg!m_fill,w_280,h_210,f_jpg?from=ke.com
20240415,石景山,鲁谷,101120479838,远洋山水 2室2厅 东北,750万,65468元/平,高楼层 (共24层) | 2007年 | 2室2厅 | 114.56平米 | 东北,https://ke-image.ljcdn.com/110000-inspection/30920732-da02-4bf0-8d95-11671e22157a_1000.jpg!m_fill,w_280,h_210,f_jpg?from=ke.com
20240415,石景山,鲁谷,101120412690,南北通透 经典的3居室视野没有遮挡 双阳台,668万,61990元/平,中楼层 (共17层) 3室1厅 | 107.76平米 | 南 北,https://ke-image.ljcdn.com/110000-inspection/pc1_aF71OhB8t.jpg!m_fill,w_280,h_210,f_jpg?from=ke.com
20240415,石景山,鲁谷,101120410328,鲁谷永乐西区带 电梯三居 随时能看,375万,48065元/平,高楼层 (共18层) | 1987年 | 3室1厅 | 78.02平米 | 西南,https://ke-image.ljcdn.com/110000-inspection/pc1_l8et8ihdY.jpg!m_fill,w_280,h_210,f_jpg?from=ke.com
20240415,石景山,鲁谷,101120367990,京汉旭城三居一梯两户全明格局正南正北精装修,755万,64997元/平,低楼层 (共17层) | 2004年 | 3室1厅 | 116.16平米 | 南 北,https://ke-image.ljcdn.com/110000-inspection/pc1_euUaD6iWX.jpg!m_fill,w_280,h_210,f_jpg?from=ke.com
20240415,石景山,鲁谷,101120315330,永乐西区 南北两居室 明厨明卫,218万,34880元/平,顶层 (共6层) | 1988年 | 2室1厅 | 62.5平米 | 南 北,https://ke-image.ljcdn.com/110000-inspection/pc1_gPe5R2ouW.jpg!m_fill,w_280,h_210,f_jpg?from=ke.com
20240415,石景山,鲁谷,101120304251,石景山鲁谷永乐西区两室一厅全明格局南北通透,266万,42156元/平,顶层 (共6层) | 1990年 | 2室1厅 | 63.1平米 | 南 北,https://ke-image.ljcdn.com/110000-inspection/pc1_fXbjsjJso.jpg!m_fill,w_280,h_210,f_jpg?from=ke.com
20240415,石景山,鲁谷,101120288250,楼龄新交通便利对面万达广场,245万,55632元/平,高楼层 (共6层) 1室1厅 | 44.04平米 | 东 西 北,https://ke-image.ljcdn.com/110000-inspection/6a20792c-5b31-46e2-9825-7a75f43e4221_1000.jpg!m_fill,w_280,h_210,f_jpg?from=ke.com
20240415,石景山,鲁谷,101120260504,永乐东小区精装两居室92年楼龄可公积金贷款房主自荐,266万,44706元/平,顶层 (共6层) | 1992年 | 2室1厅 | 59.5平米 | 南 北,https://ke-image.ljcdn.com/110000-inspection/pc1_tv7nygR3w.jpg!m_fill,w_280,h_210,f_jpg?from=ke.com
20240415,石景山,鲁谷,101120242549,远洋山水北区品质大两居室格局宽敞明亮,938万,75811元/平,低楼层 (共26层) 2室2厅 | 123.73平米 | 南,https://ke-image.ljcdn.com/110000-inspection/pc1_X7TbNPGZs.jpg!m_fill,w_280,h_210,f_jpg?from=ke.com
20240415,石景山,鲁谷,101120230909,重兴嘉园一居室精装修中高层视野开阔采光充足。,365万,54772元/平,中楼层 (共23层) 1室1厅 | 66.64平米 | 东南,https://ke-image.ljcdn.com/110000-inspection/pc1_V1AURXLE3.jpg!m_fill,w_280,h_210,f_jpg?from=ke.com
20240415,石景山,鲁谷,101120191917,电科院宿舍一居室 中间楼层 有钥匙 停车方便,278万,68676元/平,中楼层 (共6层) 1室1厅 | 40.48平米 | 南,https://ke-image.ljcdn.com/110000-inspection/pc1_njhN14Iqi_1.jpg!m_fill,w_280,h_210,f_jpg?from=ke.com
20240415,石景山,鲁谷,101120189417,永乐东区电梯两居92年中间层三面朝向光线好,360万,51510元/平,中楼层 (共18层) 2室1厅 | 69.89平米 | 东南,https://ke-image.ljcdn.com/110000-inspection/pc1_asXewyBG1.jpg!m_fill,w_280,h_210,f_jpg?from=ke.com
20240415,石景山,鲁谷,101120184333,此房南北通透高楼层视野好业主诚心出售,299万,43277元/平,顶层 (共6层) | 1995年 | 2室1厅 | 69.09平米 | 南 北,https://ke-image.ljcdn.com/110000-inspection/pc1_gCiAEdh7V_1.jpg!m_fill,w_280,h_210,f_jpg?from=ke.com
20240415,石景山,鲁谷,101120126550,永乐东区南向三居全明格局无遮挡采光好,479万,49535元/平,顶层 (共6层) | 1987年 | 3室2厅 | 96.7平米 | 南,https://ke-image.ljcdn.com/110000-inspection/pc1_ZFAqhWl53.jpg!m_fill,w_280,h_210,f_jpg?from=ke.com
20240415,石景山,鲁谷,101120125321,满五年唯一小区中间两梯两户板楼 中间层视野开阔,1050万,77150元/平,高楼层 (共18层) | 2007年 | 3室2厅 | 136.1平米 | 南 北,https://ke-image.ljcdn.com/110000-inspection/pc1_7wYgNM4xC.jpg!m_fill,w_280,h_210,f_jpg?from=ke.com
20240415,石景山,鲁谷,101120090404,鲁谷村南院  东南北向 全明格局 精装修 随时可看,545万,56506元/平,顶层 (共6层) | 1996年 | 3室2厅 | 96.45平米 | 东南 北,https://ke-image.ljcdn.com/110000-inspection/pc1_EULVprQOL.jpg!m_fill,w_280,h_210,f_jpg?from=ke.com
20240415,石景山,鲁谷,101120086622,近地铁南北通透房龄新两居室,225万,38561元/平,顶层 (共6层) 2室1厅 | 58.35平米 | 南 北,https://ke-image.ljcdn.com/110000-inspection/pc1_FERQswjjn.jpg!m_fill,w_280,h_210,f_jpg?from=ke.com
20240415,石景山,鲁谷,101120086426,京汉旭城家园 精装修两居室中间楼层 视野开阔房主自荐,645万,69678元/平,低楼层 (共15层) | 2004年 | 2室1厅 | 92.57平米 | 南 北,https://ke-image.ljcdn.com/110000-inspection/pc1_ASdEfi5tz.jpg!m_fill,w_280,h_210,f_jpg?from=ke.com
20240415,石景山,鲁谷,101120071661,此房按照满五年唯一出售精装修近地铁无遮挡。,355万,62966元/平,中楼层 (共25层) | 2005年 | 1室1厅 | 56.38平米 | 西,https://ke-image.ljcdn.com/110000-inspection/pc1_5URR92Jki.jpg!m_fill,w_280,h_210,f_jpg?from=ke.com
20240415,石景山,鲁谷,101120044712,永乐西区 2室1厅 南 北,250万,40271元/平,顶层 (共6层) | 1993年 | 2室1厅 | 62.08平米 | 南 北,https://ke-image.ljcdn.com/110000-inspection/pc1_P2oRPA4Gw.jpg!m_fill,w_280,h_210,f_jpg?from=ke.com
20240415,石景山,鲁谷,101120042823,北重西厂 南北通透 全明户型 业主诚售房主自荐,280万,47766元/平,底层 (共6层) | 1989年 | 2室1厅 | 58.62平米 | 南 北,https://ke-image.ljcdn.com/110000-inspection/pc1_ILUm9Asjq_1.jpg!m_fill,w_280,h_210,f_jpg?from=ke.com
20240415,石景山,鲁谷,101120031286,永乐西区 塔楼带电梯一居 诚心出售,191万,43499元/平,低楼层 (共18层) | 1987年 | 1室1厅 | 43.91平米 | 南,https://ke-image.ljcdn.com/110000-inspection/pc1_SuCLCxVm6.jpg!m_fill,w_280,h_210,f_jpg?from=ke.com
20240415,石景山,鲁谷,101120004219,重聚园满五年唯一  电梯两居室 大户型 视野好房主自荐,436万,42704元/平,高楼层 (共24层) 2室1厅 | 102.1平米 | 南 西 北,https://ke-image.ljcdn.com/110000-inspection/pc1_9f2rSkUz2.jpg!m_fill,w_280,h_210,f_jpg?from=ke.com
20240415,石景山,鲁谷,101119975734,明厨明卫两居室随时可看随时签约,889万,100863元/平,顶层 (共18层) | 2009年 | 2室1厅 | 88.14平米 | 南,https://ke-image.ljcdn.com/110000-inspection/pc1_YVi7WsSi0.jpg!m_fill,w_280,h_210,f_jpg?from=ke.com
20240415,石景山,鲁谷,101119972887,诗景长安2010年商品房小区位置优越配套齐全,548万,59193元/平,顶层 (共27层) 2室1厅 | 92.58平米 | 南 北,https://ke-image.ljcdn.com/110000-inspection/842cf1ea-0b3b-4cf2-881c-be7335b03ba5_1000.jpg!m_fill,w_280,h_210,f_jpg?from=ke.com
20240415,石景山,鲁谷,101119960084,京汉旭城双卫两居室 满五年唯一精装修诚心出售,656万,60646元/平,中楼层 (共9层) | 2011年 | 2室1厅 | 108.17平米 | 南 北,https://ke-image.ljcdn.com/110000-inspection/pc1_HuU3HLC4W.jpg!m_fill,w_280,h_210,f_jpg?from=ke.com
20240415,石景山,鲁谷,101119895738,远景阁 南北通透三居 一梯2户 前后花园 不临街,1190万,82052元/平,中楼层 (共18层) 3室1厅 | 145.03平米 | 南 北,https://ke-image.ljcdn.com/110000-inspection/pc1_EvG4GFX6K.jpg!m_fill,w_280,h_210,f_jpg?from=ke.com
20240415,石景山,鲁谷,101119887624,永乐小区近地铁楼龄新精装修,215万,49245元/平,高楼层 (共6层) | 1988年 | 1室1厅 | 43.66平米 | 南,https://ke-image.ljcdn.com/110000-inspection/pc1_cm2ceCTOE.jpg!m_fill,w_280,h_210,f_jpg?from=ke.com
20240415,石景山,鲁谷,101119880257,依翠园 3室1厅 南 北,445万,55758元/平,中楼层 (共6层) | 2006年 | 3室1厅 | 79.81平米 | 南 北,https://ke-image.ljcdn.com/110000-inspection/51760124-e806-41ca-88ba-beee8b835d75_1000.jpg!m_fill,w_280,h_210,f_jpg?from=ke.com
20240415,石景山,鲁谷,101119864598,永乐西区南北通透一居室 位置好 看房方便,230万,48719元/平,底层 (共6层) | 1993年 | 1室1厅 | 47.21平米 | 南 北,https://ke-image.ljcdn.com/110000-inspection/pc1_TWRypnWMd.jpg!m_fill,w_280,h_210,f_jpg?from=ke.com
20240415,石景山,鲁谷,101119805789,鲁谷村小区南院中间楼层朝南向装修保持好,325万,55518元/平,中楼层 (共6层) | 1996年 | 2室1厅 | 58.54平米 | 南,https://ke-image.ljcdn.com/110000-inspection/56782c62-a350-464e-88e0-0efb83c5bedf_1000.jpg!m_fill,w_280,h_210,f_jpg?from=ke.com
20240415,石景山,鲁谷,101119796936,双锦园 2室1厅 东南,425万,51273元/平,中楼层 (共14层) | 2000年 | 2室1厅 | 82.89平米 | 东南,https://ke-image.ljcdn.com/110000-inspection/pc1_Sx1hsheTw.jpg!m_fill,w_280,h_210,f_jpg?from=ke.com
20240415,石景山,鲁谷,101119790917,远洋山水 小区中间 精装修 距离地铁近,670万,64220元/平,低楼层 (共26层) | 2003年 | 2室1厅 | 104.33平米 | 西南,https://ke-image.ljcdn.com/110000-inspection/pc1_BgVYlfAz5.jpg!m_fill,w_280,h_210,f_jpg?from=ke.com
20240415,石景山,鲁谷,101119780037,天和景园三室两厅双卫   南北通透精装修房主自荐,1088万,63337元/平,中楼层 (共16层) | 2008年 | 3室2厅 | 171.78平米 | 南 北,https://ke-image.ljcdn.com/110000-inspection/pc1_YJVaX0JNW.jpg!m_fill,w_280,h_210,f_jpg?from=ke.com
20240415,石景山,鲁谷,101119760015,远洋山水 户型方正全东向开间一居中间楼层房主自荐,340万,60456元/平,低楼层 (共25层) | 2007年 | 1室0厅 | 56.24平米 | 东,https://ke-image.ljcdn.com/110000-inspection/pc1_fokfJMtuM.jpg!m_fill,w_280,h_210,f_jpg?from=ke.com
20240415,石景山,鲁谷,101119735678,此房满五年唯一无抵押业主自住可以给换房周期。房主自荐,765万,69838元/平,低楼层 (共24层) 2室1厅 | 109.54平米 | 南 北,https://ke-image.ljcdn.com/110000-inspection/pc1_O0n3wVF5O.jpg!m_fill,w_280,h_210,f_jpg?from=ke.com
20240415,石景山,鲁谷,101119684240,小区中间中间楼层中间单元出房少近地铁、公园,760万,68866元/平,高楼层 (共26层) | 2005年 | 2室1厅 | 110.36平米 | 东北,https://ke-image.ljcdn.com/110000-inspection/pc1_nykWLjz71.jpg!m_fill,w_280,h_210,f_jpg?from=ke.com
20240415,石景山,鲁谷,101119676299,京汉旭城南北通透三居中间层全明格局精装修房主自荐,780万,65663元/平,低楼层 (共15层) 3室2厅 | 118.79平米 | 南 北,https://ke-image.ljcdn.com/110000-inspection/pc1_tViLWFQnF.jpg!m_fill,w_280,h_210,f_jpg?from=ke.com
20240415,石景山,鲁谷,101119613286,满5年唯一住房朝南采光好户型少见诚意出售,545万,70633元/平,中楼层 (共26层) 1室1厅 | 77.16平米 | 南,https://ke-image.ljcdn.com/110000-inspection/pc1_AF3dgnjxc.jpg!m_fill,w_280,h_210,f_jpg?from=ke.com
20240415,石景山,鲁谷,101119607160,五芳园中间楼层一居室采光好无遮挡,246万,56604元/平,高楼层 (共6层) | 1993年 | 1室1厅 | 43.46平米 | 南,https://ke-image.ljcdn.com/110000-inspection/pc1_15ZBA5nRB.jpg!m_fill,w_280,h_210,f_jpg?from=ke.com
20240415,石景山,鲁谷,101119525034,六合园中间层两居 南北通透 精装修,330万,48810元/平,中楼层 (共7层) | 1994年 | 2室1厅 | 67.61平米 | 南 北,https://ke-image.ljcdn.com/110000-inspection/d9c17dc8-5c88-41ea-b77b-9c078ecd2106_1000.jpg!m_fill,w_280,h_210,f_jpg?from=ke.com
20240415,石景山,鲁谷,101119518824,永乐西区 万达广场南侧 南向精装一居室,232万,57569元/平,低楼层 (共6层) | 1990年 | 1室1厅 | 40.3平米 | 南,https://ke-image.ljcdn.com/110000-inspection/pc1_EknZ8w8AN.jpg!m_fill,w_280,h_210,f_jpg?from=ke.com
20240415,石景山,鲁谷,101119518746,京汉旭城 2室2厅 南 北,628万,69508元/平,中楼层 (共16层) | 2004年 | 2室2厅 | 90.35平米 | 南 北,https://ke-image.ljcdn.com/110000-inspection/pc1_fJAiwwIJW.jpg!m_fill,w_280,h_210,f_jpg?from=ke.com
20240415,石景山,鲁谷,101119494169,石景山区五芳园北院精装修两居室南北通透,235万,46646元/平,顶层 (共6层) | 1993年 | 2室1厅 | 50.38平米 | 南 北,https://ke-image.ljcdn.com/110000-inspection/pc1_EYJG1uiOU.jpg!m_fill,w_280,h_210,f_jpg?from=ke.com
20240415,石景山,鲁谷,101119493492,远洋山水 中间户型 采光好 满五唯一,780万,77343元/平,中楼层 (共26层) | 2007年 | 2室1厅 | 100.85平米 | 南,https://ke-image.ljcdn.com/110000-inspection/pc1_TrzxHibSU.jpg!m_fill,w_280,h_210,f_jpg?from=ke.com
20240415,石景山,鲁谷,101119471366,万达广场南侧 永乐西区 南北两居,308万,49257元/平,高楼层 (共6层) | 1989年 | 2室1厅 | 62.53平米 | 南 北,https://ke-image.ljcdn.com/110000-inspection/1d114a98-4205-462b-b215-00b613b3bce1_1000.jpg!m_fill,w_280,h_210,f_jpg?from=ke.com
20240415,石景山,鲁谷,101119468280,碣石坪小区 南向一居室 诚心出售,316万,52650元/平,低楼层 (共24层) | 2001年 | 1室1厅 | 60.02平米 | 南,https://ke-image.ljcdn.com/110000-inspection/pc1_e58POxWxm.jpg!m_fill,w_280,h_210,f_jpg?from=ke.com
20240415,石景山,鲁谷,101119464415,北重西厂精装一居室格局方正诚售房主自荐,187万,44769元/平,顶层 (共6层) | 1990年 | 1室1厅 | 41.77平米 | 东,https://ke-image.ljcdn.com/110000-inspection/pc1_F1DvCebmW.jpg!m_fill,w_280,h_210,f_jpg?from=ke.com
20240415,石景山,鲁谷,101119452965,永乐西区电梯一居室精装修采光好视野好房主自荐,255万,58074元/平,中楼层 (共18层) | 1987年 | 1室1厅 | 43.91平米 | 南,https://ke-image.ljcdn.com/110000-inspection/pc1_hde6RizUq.jpg!m_fill,w_280,h_210,f_jpg?from=ke.com
20240415,石景山,鲁谷,101119451857,石景山鲁谷 五芳园板楼低楼层 正规一居室 无遮挡,219万,46086元/平,低楼层 (共6层) | 1994年 | 1室1厅 | 47.52平米 | 东,https://ke-image.ljcdn.com/110000-inspection/3283f4b6-84cf-4f52-8656-2485dd00ef1d_1000.jpg!m_fill,w_280,h_210,f_jpg?from=ke.com
20240415,石景山,鲁谷,101119439219,鲁谷 永乐东区 精装修朝南一居室,258万,54801元/平,顶层 (共6层) 1室1厅 | 47.08平米 | 南,https://ke-image.ljcdn.com/110000-inspection/pc1_apMwm7Tic.jpg!m_fill,w_280,h_210,f_jpg?from=ke.com
20240415,石景山,鲁谷,101119431393,永乐东区南北通透三层两居室业主诚售停车免费,229万,46170元/平,中楼层 (共5层) | 1979年 | 2室1厅 | 49.6平米 | 南 北,https://ke-image.ljcdn.com/110000-inspection/pc1_UGeVUWAaJ.jpg!m_fill,w_280,h_210,f_jpg?from=ke.com
20240415,石景山,鲁谷,101119429611,远洋山水北区不临街客厅主卧朝南客厅大明厨明卫,958万,74687元/平,低楼层 (共26层) | 2003年 | 3室2厅 | 128.27平米 | 西南,https://ke-image.ljcdn.com/110000-inspection/pc1_fRUc5YV7G.jpg!m_fill,w_280,h_210,f_jpg?from=ke.com
20240415,石景山,鲁谷,101119406351,2004年商品房社区小区500米内有地铁、医院、超市,695万,59296元/平,顶层 (共24层) | 2004年 | 2室2厅 | 117.21平米 | 南,https://ke-image.ljcdn.com/110000-inspection/pc1_kdaU7MRWD.jpg!m_fill,w_280,h_210,f_jpg?from=ke.com
20240415,石景山,鲁谷,101119363103,中间位置观景一居次顶层精装修观景房。,310万,65595元/平,高楼层 (共26层) | 2005年 | 1室1厅 | 47.26平米 | 北,https://ke-image.ljcdn.com/110000-inspection/pc1_uvDzDnRxg.jpg!m_fill,w_280,h_210,f_jpg?from=ke.com
20240415,石景山,鲁谷,101119353717,重聚园  中高楼层一居室 视野好 满五年唯一商品房,325万,51893元/平,高楼层 (共24层) 1室1厅 | 62.63平米 | 西南,https://ke-image.ljcdn.com/110000-inspection/pc1_OdWIeT543.jpg!m_fill,w_280,h_210,f_jpg?from=ke.com
20240415,石景山,鲁谷,101119317646,永乐西区 带电梯三居室 户型好 看房方便,385万,53922元/平,低楼层 (共18层) 3室1厅 | 71.4平米 | 南 西 北,https://ke-image.ljcdn.com/110000-inspection/pc1_kcLPXD5pa.jpg!m_fill,w_280,h_210,f_jpg?from=ke.com
20240415,石景山,鲁谷,101119285835,永乐西区1992年的南北两居带客厅户型中间层！房主自荐,306万,53506元/平,中楼层 (共6层) | 1992年 | 2室1厅 | 57.19平米 | 南 北,https://ke-image.ljcdn.com/110000-inspection/pc1_mFP1CR9Hm.jpg!m_fill,w_280,h_210,f_jpg?from=ke.com
20240415,石景山,鲁谷,101119283671,远洋山水 双卧室朝南 中间楼层 满五年唯一,720万,73620元/平,中楼层 (共27层) 2室1厅 | 97.8平米 | 西南,https://ke-image.ljcdn.com/110000-inspection/pc1_Q08sDG7Va.jpg!m_fill,w_280,h_210,f_jpg?from=ke.com
20240415,石景山,鲁谷,101119251025,永乐西区 南北错开间两居 诚心出售,318万,50726元/平,高楼层 (共6层) | 1985年 | 2室1厅 | 62.69平米 | 南 北,https://ke-image.ljcdn.com/110000-inspection/pc1_TBWGZiYgP.jpg!m_fill,w_280,h_210,f_jpg?from=ke.com
20240415,石景山,鲁谷,101119232812,永乐东区双南便宜两居室随时可以签约看房方便,199万,38028元/平,顶层 (共6层) | 1979年 | 2室1厅 | 52.33平米 | 南,https://ke-image.ljcdn.com/110000-inspection/pc1_ZluABmuD5.jpg!m_fill,w_280,h_210,f_jpg?from=ke.com
20240415,石景山,鲁谷,101119223044,五芳园 2室1厅 南 北,200万,42203元/平,顶层 (共6层) | 1994年 | 2室1厅 | 47.39平米 | 南 北,https://ke-image.ljcdn.com/110000-inspection/pc1_Q7WiG70Hk_1.jpg!m_fill,w_280,h_210,f_jpg?from=ke.com
20240415,石景山,鲁谷,101119208961,石景山五芳园精装两居室  视野好 环境好 业主诚心出售房主自荐,229万,35150元/平,顶层 (共6层) | 1994年 | 2室1厅 | 65.15平米 | 南 西,https://ke-image.ljcdn.com/110000-inspection/pc1_AnW6STjuu.jpg!m_fill,w_280,h_210,f_jpg?from=ke.com
20240415,石景山,鲁谷,101119206599,中高楼层 精装修 直观西山 近商超 采光千米无遮挡房主自荐,330万,57855元/平,高楼层 (共25层) | 2007年 | 1室1厅 | 57.04平米 | 西,https://ke-image.ljcdn.com/110000-inspection/pc1_pZAa79O9S.jpg!m_fill,w_280,h_210,f_jpg?from=ke.com
20240415,石景山,鲁谷,101119194326,重兴园电梯两居室 精装修 诚心出售房主自荐,399万,48570元/平,低楼层 (共24层) | 2003年 | 2室1厅 | 82.15平米 | 东 南,https://ke-image.ljcdn.com/110000-inspection/2bdee537-5887-4e03-b390-af09e723e03b_1000.jpg!m_fill,w_280,h_210,f_jpg?from=ke.com
20240415,石景山,鲁谷,101119165097,石景山鲁谷五芳园小区满五年唯一低楼层两居室,310万,49316元/平,低楼层 (共6层) | 1993年 | 2室1厅 | 62.86平米 | 南 北,https://ke-image.ljcdn.com/110000-inspection/pc1_zOIt5MxjW.jpg!m_fill,w_280,h_210,f_jpg?from=ke.com
20240415,石景山,鲁谷,101119162552,永乐西区北院万达附近 精装一居婚房 满五唯一无贷款,246万,55859元/平,底层 (共6层) 1室1厅 | 44.04平米 | 东 西 北,https://ke-image.ljcdn.com/110000-inspection/pc1_scLWI8DHn.jpg!m_fill,w_280,h_210,f_jpg?from=ke.com
20240415,石景山,鲁谷,101119157859,远洋山水北区精装修两居室 视野好 满五年唯一,650万,60202元/平,高楼层 (共26层) | 2006年 | 2室1厅 | 107.97平米 | 东北,https://ke-image.ljcdn.com/110000-inspection/pc1_OMGIvKIxi.jpg!m_fill,w_280,h_210,f_jpg?from=ke.com
20240415,石景山,鲁谷,101119148094,远洋山水 精装一居室  拎包入住房主自荐,370万,64947元/平,低楼层 (共25层) | 2007年 | 1室1厅 | 56.97平米 | 西,https://ke-image.ljcdn.com/110000-inspection/pc1_Cg5vMJIGf.jpg!m_fill,w_280,h_210,f_jpg?from=ke.com
20240415,石景山,鲁谷,101119119901,五芳园低楼层南向一居室楼龄新,189万,41630元/平,低楼层 (共6层) 1室1厅 | 45.4平米 | 南,https://ke-image.ljcdn.com/110000-inspection/pc1_GH7rxQozJ.jpg!m_fill,w_280,h_210,f_jpg?from=ke.com
20240415,石景山,鲁谷,101119075135,永乐西区 2室1厅 南 北,350万,47215元/平,高楼层 (共6层) | 1994年 | 2室1厅 | 74.13平米 | 南 北,https://ke-image.ljcdn.com/110000-inspection/9c345b0e-cf78-4d1e-9d97-56b390d2aad4_1000.jpg!m_fill,w_280,h_210,f_jpg?from=ke.com
20240415,石景山,鲁谷,101119068655,永乐西区   满五年  客厅带东窗 1991年,295万,47095元/平,高楼层 (共6层) 2室1厅 | 62.64平米 | 南 北 东,https://ke-image.ljcdn.com/110000-inspection/pc1_obWoHmVjQ.jpg!m_fill,w_280,h_210,f_jpg?from=ke.com
20240415,石景山,鲁谷,101119054729,远洋山水 双南双北三居室 高楼层视野开阔,1020万,74420元/平,高楼层 (共26层) | 2006年 | 3室2厅 | 137.06平米 | 北 南,https://ke-image.ljcdn.com/110000-inspection/pc1_ZBLIfbo7I_1.jpg!m_fill,w_280,h_210,f_jpg?from=ke.com
20240415,石景山,鲁谷,101119019009,永乐西区通透户型一居室 低楼层 诚心出售,200万,44484元/平,低楼层 (共6层) | 1993年 | 1室1厅 | 44.96平米 | 东 西,https://ke-image.ljcdn.com/110000-inspection/pc1_ayZv2nH01.jpg!m_fill,w_280,h_210,f_jpg?from=ke.com
20240415,石景山,鲁谷,101118995137,远洋沁山水小区中间  精装全南两居 满五唯一有车位,799万,91055元/平,底层 (共21层) 2室1厅 | 87.75平米 | 南,https://ke-image.ljcdn.com/110000-inspection/pc1_urRlqZKPG.jpg!m_fill,w_280,h_210,f_jpg?from=ke.com
20240415,石景山,鲁谷,101118990902,依翠园 区政府 家属院 一梯两户南北通透,645万,62313元/平,低楼层 (共16层) | 2002年 | 2室1厅 | 103.51平米 | 南 北,https://ke-image.ljcdn.com/110000-inspection/pc1_BRCUf6d7O.jpg!m_fill,w_280,h_210,f_jpg?from=ke.com
20240415,石景山,鲁谷,101118951448,远洋山水 品质两居 装修很好 满五唯一房主自荐,750万,78832元/平,低楼层 (共27层) | 2007年 | 2室1厅 | 95.14平米 | 东北,https://ke-image.ljcdn.com/110000-inspection/pc1_2xSsINuSr.jpg!m_fill,w_280,h_210,f_jpg?from=ke.com
20240415,石景山,鲁谷,101118929712,鲁谷永乐东区精装修明厨明卫两居室,320万,53378元/平,中楼层 (共20层) | 1987年 | 2室1厅 | 59.95平米 | 东 西,https://ke-image.ljcdn.com/110000-inspection/pc1_ZiNhpMZlZ.jpg!m_fill,w_280,h_210,f_jpg?from=ke.com
20240415,石景山,鲁谷,101118927170,永乐东区近地铁电梯直达南北通透带明厅采光视野俱佳,335万,55427元/平,中楼层 (共20层) 2室1厅 | 60.44平米 | 南 北,https://ke-image.ljcdn.com/110000-inspection/pc1_OZYoqV3FG.jpg!m_fill,w_280,h_210,f_jpg?from=ke.com
20240415,石景山,鲁谷,101118923489,新上 依翠园三居室 通风采光好 诚意出售,360万,43171元/平,顶层 (共6层) 3室1厅 | 83.39平米 | 东 西,https://ke-image.ljcdn.com/110000-inspection/5a21b1ea-20c8-4471-870c-658fdaafdbfb_1000.jpg!m_fill,w_280,h_210,f_jpg?from=ke.com
20240415,石景山,鲁谷,101118899792,免费停车 带客厅92年楼龄临地铁,299万,50253元/平,顶层 (共6层) | 1992年 | 2室1厅 | 59.5平米 | 南 北,https://ke-image.ljcdn.com/110000-inspection/pc1_eQTen694n.jpg!m_fill,w_280,h_210,f_jpg?from=ke.com
20240415,石景山,鲁谷,101118893998,小区新改造的 位置近地铁和万达广场,290万,50709元/平,高楼层 (共6层) 2室1厅 | 57.19平米 | 南 北,https://ke-image.ljcdn.com/110000-inspection/pc1_38ukmKXbO.jpg!m_fill,w_280,h_210,f_jpg?from=ke.com
20240415,石景山,鲁谷,101118815468,六合园 新华社两居室 带电梯 视野开阔,358万,46075元/平,顶层 (共18层) | 1996年 | 2室1厅 | 77.7平米 | 西北,https://ke-image.ljcdn.com/110000-inspection/pc1_kOJGYcp2v.jpg!m_fill,w_280,h_210,f_jpg?from=ke.com
20240415,石景山,鲁谷,101118810589,中间楼层房子比较实用产权清晰诚心售房房主自荐,349万,48696元/平,低楼层 (共22层) | 2001年 | 2室1厅 | 71.67平米 | 东北,https://ke-image.ljcdn.com/110000-inspection/5020ec1b-c29b-4067-a422-587df5984ff6_1000.jpg!m_fill,w_280,h_210,f_jpg?from=ke.com
20240415,石景山,鲁谷,101118770931,远洋山水 3室2厅 南 北,965万,76364元/平,高楼层 (共20层) 3室2厅 | 126.37平米 | 南 北,https://ke-image.ljcdn.com/110000-inspection/pc1_hr88zaGOh.jpg!m_fill,w_280,h_210,f_jpg?from=ke.com
20240415,石景山,鲁谷,101118758401,万达广场南侧 永乐西区 全南两居,223万,36606元/平,高楼层 (共6层) | 1988年 | 2室1厅 | 60.92平米 | 南,https://ke-image.ljcdn.com/110000-inspection/fa3cde0a-8652-48b1-b5cb-d8ea403f50c4_1000.jpg!m_fill,w_280,h_210,f_jpg?from=ke.com
20240415,石景山,鲁谷,101118752860,五芳园中间楼层一居室采光好无遮挡,225万,49604元/平,中楼层 (共6层) | 1993年 | 1室1厅 | 45.36平米 | 南 北,https://ke-image.ljcdn.com/110000-inspection/pc1_CvTUuoGmu.jpg!m_fill,w_280,h_210,f_jpg?from=ke.com
20240415,石景山,鲁谷,101118751880,六合园 2室1厅 西北,330万,48752元/平,高楼层 (共18层) 2室1厅 | 67.69平米 | 西北,https://ke-image.ljcdn.com/110000-inspection/pc1_BAjcUkFRf.jpg!m_fill,w_280,h_210,f_jpg?from=ke.com
20240415,石景山,鲁谷,101118739883,远洋山水10号楼板楼一梯两户诚心出售随时签约,800万,71647元/平,中楼层 (共10层) | 2006年 | 2室1厅 | 111.66平米 | 东 南,https://ke-image.ljcdn.com/110000-inspection/pc1_9y14JAlJL.jpg!m_fill,w_280,h_210,f_jpg?from=ke.com
20240415,石景山,鲁谷,101118723776,远洋山水 2室1厅 南房主自荐,770万,76238元/平,低楼层 (共26层) 2室1厅 | 101平米 | 南,https://ke-image.ljcdn.com/110000-inspection/pc1_Wuf83nmaa.jpg!m_fill,w_280,h_210,f_jpg?from=ke.com
20240415,石景山,鲁谷,101118663839,此房满五唯一 东北向通风好 中高楼层 视野开阔,688万,65481元/平,低楼层 (共27层) | 2007年 | 2室1厅 | 105.07平米 | 东 北,https://ke-image.ljcdn.com/110000-inspection/pc1_2T0Cgd710.jpg!m_fill,w_280,h_210,f_jpg?from=ke.com
20240415,石景山,鲁谷,101118655823,永乐东区中间楼层两居室双朝东经典格局,245万,44988元/平,中楼层 (共6层) 2室1厅 | 54.46平米 | 东,https://ke-image.ljcdn.com/110000-inspection/65bcd876-c34f-4bee-9fd5-fc4d2730d33c_1000.jpg!m_fill,w_280,h_210,f_jpg?from=ke.com
20240415,石景山,鲁谷,101118630589,依翠园 正规一室一厅 卧室和客厅功能间有变动,203万,38389元/平,顶层 (共6层) 1室1厅 | 52.88平米 | 北,https://ke-image.ljcdn.com/110000-inspection/990562f4-5c46-4f5d-88c7-394d50cb1cee_1000.jpg!m_fill,w_280,h_210,f_jpg?from=ke.com
20240415,石景山,鲁谷,101118619708,京汉旭城东南向两居室楼层高视野好小区环境优美,479万,61823元/平,高楼层 (共23层) | 2004年 | 2室1厅 | 77.48平米 | 东南,https://ke-image.ljcdn.com/110000-inspection/pc1_OVmA0xUkr.jpg!m_fill,w_280,h_210,f_jpg?from=ke.com
20240415,石景山,鲁谷,101118576789,京汉三南两北南北通透精装修三居室采光充足,846万,70371元/平,中楼层 (共17层) | 2004年 | 3室1厅 | 120.22平米 | 南 北,https://ke-image.ljcdn.com/110000-inspection/pc1_RGMVaTBNB.jpg!m_fill,w_280,h_210,f_jpg?from=ke.com
20240415,石景山,鲁谷,101118566605,依翠园 南北通透 明卫 大两居室,410万,42910元/平,顶层 (共6层) 2室1厅 | 95.55平米 | 南 北,https://ke-image.ljcdn.com/110000-inspection/pc1_XmOwmXOY8.jpg!m_fill,w_280,h_210,f_jpg?from=ke.com
20240415,石景山,鲁谷,101118565366,六合园 带电梯 客厅大带阳台公园旁边,470万,56771元/平,中楼层 (共22层) | 1995年 | 3室1厅 | 82.79平米 | 西北,https://ke-image.ljcdn.com/110000-inspection/7225b2f0-3b46-489d-827a-ea8d682a8e39_1000.jpg!m_fill,w_280,h_210,f_jpg?from=ke.com
20240415,石景山,鲁谷,101118557751,南向大两居室 满五唯一 两梯三户 进门带玄关 大客厅房主自荐,750万,64005元/平,中楼层 (共27层) | 2006年 | 2室2厅 | 117.18平米 | 南,https://ke-image.ljcdn.com/110000-inspection/pc1_Vu7iZFF2H.jpg!m_fill,w_280,h_210,f_jpg?from=ke.com
20240415,石景山,鲁谷,101118527828,远洋沁山水上品 4室1厅 西南,1580万,88141元/平,底层 (共23层) 4室1厅 | 179.26平米 | 西南,https://ke-image.ljcdn.com/110000-inspection/pc1_BOyb8amfj.jpg!m_fill,w_280,h_210,f_jpg?from=ke.com
20240415,石景山,鲁谷,101118492350,诗景长安 精装修南北大两居 视野好 无遮挡,590万,63729元/平,中楼层 (共27层) 2室1厅 | 92.58平米 | 南 北,https://ke-image.ljcdn.com/110000-inspection/003dadbf-e2a7-464d-a82a-b02aaa8cd980_1000.jpg!m_fill,w_280,h_210,f_jpg?from=ke.com
20240415,石景山,鲁谷,101118487429,永乐西区 南北两居室 靠谱出售 随时可以看,256万,34534元/平,顶层 (共6层) 2室1厅 | 74.13平米 | 南 北,https://ke-image.ljcdn.com/110000-inspection/pc1_CTbE5kbxe.jpg!m_fill,w_280,h_210,f_jpg?from=ke.com
20240415,石景山,鲁谷,101118475962,满五唯一带玄关视野开阔观景入室采光充足。,806万,69597元/平,中楼层 (共27层) 2室1厅 | 115.81平米 | 南,https://ke-image.ljcdn.com/110000-inspection/pc1_co4d7xRuB.jpg!m_fill,w_280,h_210,f_jpg?from=ke.com
20240415,石景山,鲁谷,101118466308,玉泉路地铁  65号西院 南向 一居室,293万,62367元/平,顶层 (共6层) | 1996年 | 1室1厅 | 46.98平米 | 南,https://ke-image.ljcdn.com/110000-inspection/pc1_V7zLUe5Ho.jpg!m_fill,w_280,h_210,f_jpg?from=ke.com
20240415,石景山,鲁谷,101118457909,交通便利看房随时满五年房改房房主自荐,230万,39056元/平,中楼层 (共7层) | 1994年 | 1室1厅 | 58.89平米 | 东 西,https://ke-image.ljcdn.com/110000-inspection/289a5b14-9222-45d1-b4e6-8a2ecac66a5f_1000.jpg!m_fill,w_280,h_210,f_jpg?from=ke.com
20240415,石景山,鲁谷,101118440760,聚兴园南向一居室 采光好 视野好 方正户型 使用率高,509万,67329元/平,顶层 (共17层) | 2006年 | 1室1厅 | 75.6平米 | 南,https://ke-image.ljcdn.com/110000-inspection/pc1_t1aFPbpvk.jpg!m_fill,w_280,h_210,f_jpg?from=ke.com
20240415,石景山,鲁谷,101118389102,远景阁南北三居 满五年唯一 带车位 前后不临街,850万,69730元/平,底层 (共20层) 3室2厅 | 121.9平米 | 南 北,https://ke-image.ljcdn.com/110000-inspection/pc1_QpYOVcCjx.jpg!m_fill,w_280,h_210,f_jpg?from=ke.com
20240415,石景山,鲁谷,101118388510,石景山区鲁谷水乐西区两室一厅全明格局房主自荐,299万,47734元/平,中楼层 (共6层) | 1991年 | 2室1厅 | 62.64平米 | 南 北,https://ke-image.ljcdn.com/110000-inspection/pc1_aiCh4kUBi.jpg!m_fill,w_280,h_210,f_jpg?from=ke.com
20240415,石景山,鲁谷,101118358196,六合园小区 低楼层 南北两居室 产权清晰,329万,48518元/平,底层 (共7层) 2室1厅 | 67.81平米 | 南 北,https://ke-image.ljcdn.com/110000-inspection/pc1_j4ajvNSDM.jpg!m_fill,w_280,h_210,f_jpg?from=ke.com
20240415,石景山,鲁谷,101118308635,永乐东区南北通透低楼层看房方便,299万,52475元/平,底层 (共6层) | 1990年 | 2室1厅 | 56.98平米 | 南 北,https://ke-image.ljcdn.com/110000-inspection/pc1_5q7BNdUR3.jpg!m_fill,w_280,h_210,f_jpg?from=ke.com
20240415,石景山,鲁谷,101118290326,北重西厂 2室1厅 南 北,210万,29062元/平,地下室 (共5层) | 2000年 | 2室1厅 | 72.26平米 | 南 北,https://ke-image.ljcdn.com/110000-inspection/prod-b0f067bd-8fbd-4da4-9e2f-ed4bee964b71.jpg!m_fill,w_280,h_210,f_jpg?from=ke.com
20240415,石景山,鲁谷,101118270875,东南向 中高楼层 千米无遮挡 户型方正 全天采光,566万,73355元/平,高楼层 (共26层) 1室1厅 | 77.16平米 | 东南,https://ke-image.ljcdn.com/110000-inspection/pc1_gME911Uhv.jpg!m_fill,w_280,h_210,f_jpg?from=ke.com
20240415,石景山,鲁谷,101118243776,远洋山水北区满五唯一简单装修看房需要预约,375万,62376元/平,低楼层 (共26层) | 2006年 | 1室1厅 | 60.12平米 | 东北,https://ke-image.ljcdn.com/110000-inspection/pc1_nAPeq7XsM.jpg!m_fill,w_280,h_210,f_jpg?from=ke.com
20240415,石景山,鲁谷,101118238081,远洋山水两居室南北通透楼层高视野好,760万,69173元/平,中楼层 (共24层) 2室1厅 | 109.87平米 | 南 北,https://ke-image.ljcdn.com/110000-inspection/pc1_9lxapvpmI.jpg!m_fill,w_280,h_210,f_jpg?from=ke.com
20240415,石景山,鲁谷,101118179572,鲁谷74号南院3层南北通透安静视野采光好满五唯一,515万,66641元/平,中楼层 (共5层) | 1987年 | 3室1厅 | 77.28平米 | 南 北,https://ke-image.ljcdn.com/110000-inspection/pc1_139QpTbCy.jpg!m_fill,w_280,h_210,f_jpg?from=ke.com
20240415,石景山,鲁谷,101118152729,玉泉路甲65号院 南北通透两居室 大阳台 采光好,305万,54857元/平,高楼层 (共6层) | 1984年 | 2室1厅 | 55.6平米 | 南 北,https://ke-image.ljcdn.com/110000-inspection/pc1_uprafZhG2.jpg!m_fill,w_280,h_210,f_jpg?from=ke.com
20240415,石景山,鲁谷,101118148685,鲁谷村板楼东西通透格局方正,683万,55006元/平,中楼层 (共5层) 3室2厅 | 124.17平米 | 东 西,https://ke-image.ljcdn.com/110000-inspection/pc1_CYyCVjTi3.jpg!m_fill,w_280,h_210,f_jpg?from=ke.com
20240415,石景山,鲁谷,101118146119,永乐西区南北通透中间层 满五年唯一 看房方便,265万,43933元/平,中楼层 (共6层) | 1989年 | 2室1厅 | 60.32平米 | 南 北,https://ke-image.ljcdn.com/110000-inspection/pc1_hziE33gqr.jpg!m_fill,w_280,h_210,f_jpg?from=ke.com
20240415,石景山,鲁谷,101118122654,远洋山水 满五唯一 无抵押 随时看有钥匙 稳定出售卖房,450万,66638元/平,低楼层 (共26层) | 2007年 | 1室1厅 | 67.53平米 | 东,https://ke-image.ljcdn.com/110000-inspection/pc1_iN9VA1PzH_1.jpg!m_fill,w_280,h_210,f_jpg?from=ke.com
20240415,石景山,鲁谷,101118113580,远洋沁山水 南北小三居 精装修 前后花园,968万,110692元/平,低楼层 (共11层) 3室1厅 | 87.45平米 | 南 北,https://ke-image.ljcdn.com/110000-inspection/pc1_pOh8aJQGe.jpg!m_fill,w_280,h_210,f_jpg?from=ke.com
20240415,石景山,鲁谷,101118081885,远洋沁山水东西通透两居 视野开阔 西侧是12万平米公园房主自荐,895万,100937元/平,中楼层 (共20层) 2室1厅 | 88.67平米 | 东 西,https://ke-image.ljcdn.com/110000-inspection/pc1_orA7T7sKF.jpg!m_fill,w_280,h_210,f_jpg?from=ke.com
20240415,石景山,鲁谷,101118010591,鲁谷 永乐东区客厅带东窗 南北通透,230万,40999元/平,顶层 (共6层) | 1987年 | 2室1厅 | 56.1平米 | 南 北,https://ke-image.ljcdn.com/110000-inspection/pc1_PPTbFq4iV.jpg!m_fill,w_280,h_210,f_jpg?from=ke.com
20240415,石景山,鲁谷,101118006193,出房少2层南北两居5年唯一正对公园停车方便,675万,80053元/平,低楼层 (共6层) 2室1厅 | 84.32平米 | 南 北,https://ke-image.ljcdn.com/110000-inspection/pc1_KwmuWUUVi.jpg!m_fill,w_280,h_210,f_jpg?from=ke.com
20240415,石景山,鲁谷,101117994427,依翠园新华社大四居有食堂正在小区改造有钥匙,535万,40036元/平,高楼层 (共6层) | 1995年 | 3室1厅 | 133.63平米 | 西北,https://ke-image.ljcdn.com/110000-inspection/pc1_lTBYfhvx7.jpg!m_fill,w_280,h_210,f_jpg?from=ke.com
20240415,石景山,鲁谷,101117939406,满五唯一经典两居中间楼层精装修拎包入住房主自荐,777万,72421元/平,中楼层 (共24层) 2室1厅 | 107.29平米 | 南,https://ke-image.ljcdn.com/110000-inspection/pc1_lx03SB8fg.jpg!m_fill,w_280,h_210,f_jpg?from=ke.com
20240415,石景山,鲁谷,101117929507,重聚园 满五唯一 南北通透 卧室全南落地窗,590万,52925元/平,高楼层 (共16层) 3室1厅 | 111.48平米 | 南 北,https://ke-image.ljcdn.com/110000-inspection/ea4cdaa8-0647-45a4-a252-fd733a7c19e0_1000.jpg!m_fill,w_280,h_210,f_jpg?from=ke.com
20240415,石景山,鲁谷,101117882215,永乐西区 1996年 中间楼层两居室,299万,45916元/平,高楼层 (共6层) | 1996年 | 2室1厅 | 65.12平米 | 西,https://ke-image.ljcdn.com/110000-inspection/pc1_oAiBkTvAt.jpg!m_fill,w_280,h_210,f_jpg?from=ke.com
20240415,石景山,鲁谷,101117787163,永乐西区89年房全明户型南北通透户型方正,258万,41261元/平,顶层 (共6层) | 1989年 | 2室1厅 | 62.53平米 | 南 北,https://ke-image.ljcdn.com/110000-inspection/pc1_4IF3Ifkhn.jpg!m_fill,w_280,h_210,f_jpg?from=ke.com
20240415,石景山,鲁谷,101117661566,此房满五年窗外无遮挡.有电梯24小时远洋物业,435万,62429元/平,低楼层 (共25层) | 2007年 | 1室1厅 | 69.68平米 | 西,https://ke-image.ljcdn.com/110000-inspection/pc1_58oqN3XGf.jpg!m_fill,w_280,h_210,f_jpg?from=ke.com
20240415,石景山,鲁谷,101117652340,鲁谷永乐西区三层1993年东西通透的两居！,260万,39750元/平,中楼层 (共6层) | 1993年 | 2室1厅 | 65.41平米 | 东 西,https://ke-image.ljcdn.com/110000-inspection/pc1_UPlsMtP4K.jpg!m_fill,w_280,h_210,f_jpg?from=ke.com
20240415,石景山,鲁谷,101117596929,北重西厂青年公寓一居室看房方便。,169万,40812元/平,低楼层 (共6层) | 1989年 | 1室1厅 | 41.41平米 | 西,https://ke-image.ljcdn.com/110000-inspection/pc1_IBCM4Kcep.jpg!m_fill,w_280,h_210,f_jpg?from=ke.com
20240415,石景山,鲁谷,101117515319,八宝山南路29号院 2室1厅 南 北,240万,42403元/平,顶层 (共6层) | 1989年 | 2室1厅 | 56.6平米 | 南 北,https://ke-image.ljcdn.com/110000-inspection/pc1_OPmZ2UxNy.jpg!m_fill,w_280,h_210,f_jpg?from=ke.com
20240415,石景山,鲁谷,101117475552,久筑物业塔楼电梯房精装修一居室房主自荐,265万,46903元/平,中楼层 (共12层) | 1996年 | 1室1厅 | 56.5平米 | 东南,https://ke-image.ljcdn.com/110000-inspection/pc1_wkxFCZrrj.jpg!m_fill,w_280,h_210,f_jpg?from=ke.com
20240415,石景山,鲁谷,101117382502,玉泉路甲65号院小区正规一室一厅带储藏间,180万,38627元/平,地下室 (共6层) | 1995年 | 1室1厅 | 46.6平米 | 南 北,https://ke-image.ljcdn.com/110000-inspection/pc1_nT2vH5YCO.jpg!m_fill,w_280,h_210,f_jpg?from=ke.com
20240415,石景山,鲁谷,101117075561,远洋沁山水高楼层经典南北通透两居全明格局。,890万,103972元/平,高楼层 (共21层) 2室1厅 | 85.6平米 | 南 北,https://ke-image.ljcdn.com/110000-inspection/5d19feda-2aaf-4a50-b3f0-4c14a377821a_1000.jpg!m_fill,w_280,h_210,f_jpg?from=ke.com
20240415,石景山,鲁谷,101117011455,远洋山水 1室1厅 南,358万,68426元/平,低楼层 (共24层) | 2007年 | 1室1厅 | 52.32平米 | 南,https://ke-image.ljcdn.com/110000-inspection/bde86ebb-e7f1-4242-ad8b-b7b5e290b0f0_1000.jpg!m_fill,w_280,h_210,f_jpg?from=ke.com
20240415,石景山,鲁谷,101117000349,万达旁 南北通透一居室 看房方便 交通便利,205万,46549元/平,高楼层 (共6层) | 1992年 | 1室1厅 | 44.04平米 | 南 北,https://ke-image.ljcdn.com/110000-inspection/pc1_Rmw79StRe.jpg!m_fill,w_280,h_210,f_jpg?from=ke.com
20240415,石景山,鲁谷,101116958314,石景山五芳园中间层两居满五唯一视野宽阔生活便利,248万,40267元/平,中楼层 (共6层) | 1993年 | 2室1厅 | 61.59平米 | 东南,https://ke-image.ljcdn.com/110000-inspection/pc1_VUTN7kRU6_1.jpg!m_fill,w_280,h_210,f_jpg?from=ke.com
20240415,石景山,鲁谷,101116948197,配套齐全  楼下就是公园的房子,588万,95844元/平,中楼层 (共13层) | 2011年 | 1室1厅 | 61.35平米 | 西,https://ke-image.ljcdn.com/110000-inspection/pc1_7b6WEYgPW.jpg!m_fill,w_280,h_210,f_jpg?from=ke.com
20240415,石景山,鲁谷,101116941908,重聚园 复式房子 房子满五年唯一房主自荐,718万,71736元/平,顶层 (共5层) | 2007年 | 4室1厅 | 100.09平米 | 南 北,https://ke-image.ljcdn.com/110000-inspection/pc1_UVdv7F1ku_1.jpg!m_fill,w_280,h_210,f_jpg?from=ke.com
20240415,石景山,鲁谷,101116932039,永乐西区 南向两居室 满五年 90年,216万,35312元/平,顶层 (共6层) | 1990年 | 2室1厅 | 61.17平米 | 南,https://ke-image.ljcdn.com/110000-inspection/d680202c-5bda-4e7a-acee-c32766fd09f5_1000.jpg!m_fill,w_280,h_210,f_jpg?from=ke.com
20240415,石景山,鲁谷,101116886006,远洋山水南北向边户型三居室业主诚心出售,980万,80263元/平,中楼层 (共21层) | 2006年 | 3室1厅 | 122.1平米 | 南 北,https://ke-image.ljcdn.com/110000-inspection/pc1_Fdg8sgqmq.jpg!m_fill,w_280,h_210,f_jpg?from=ke.com
20240415,石景山,鲁谷,101116855313,南北通透4居停车方便5年唯一平台不算房本面积,1120万,70211元/平,顶层 (共6层) | 2002年 | 4室2厅 | 159.52平米 | 南 北,https://ke-image.ljcdn.com/110000-inspection/pc1_EjeHQOl7d.jpg!m_fill,w_280,h_210,f_jpg?from=ke.com
20240415,石景山,鲁谷,101116777654,永乐西区 南向一居室 明厨明卫,225万,55597元/平,高楼层 (共6层) | 1987年 | 1室1厅 | 40.47平米 | 南,https://ke-image.ljcdn.com/110000-inspection/pc1_TEgdiz0Gd.jpg!m_fill,w_280,h_210,f_jpg?from=ke.com
20240415,石景山,鲁谷,101116725805,五芳园中间楼层大客厅精装修两居室满五年家庭一套住房,328万,52180元/平,中楼层 (共6层) | 1993年 | 2室1厅 | 62.86平米 | 南 北,https://ke-image.ljcdn.com/110000-inspection/pc1_wefjJo0Jq.jpg!m_fill,w_280,h_210,f_jpg?from=ke.com
20240415,石景山,鲁谷,101116626209,永乐西区 2室1厅 北 南,255万,41077元/平,顶层 (共6层) | 1986年 | 2室1厅 | 62.08平米 | 北 南,https://ke-image.ljcdn.com/110000-inspection/3f7e510d-dc33-4024-aa19-7342d4845eea_1000.jpg!m_fill,w_280,h_210,f_jpg?from=ke.com
20240415,石景山,鲁谷,101116621418,聚兴园中间位置前后花园满五年唯一大两居,599万,64147元/平,中楼层 (共13层) | 2006年 | 2室1厅 | 93.38平米 | 南 北,https://ke-image.ljcdn.com/110000-inspection/pc1_5lN44KHx6.jpg!m_fill,w_280,h_210,f_jpg?from=ke.com
20240415,石景山,鲁谷,101116609849,2001年碣石坪小区 全南两居户型 满五年家庭唯一住房房主自荐,410万,46328元/平,中楼层 (共24层) | 2001年 | 2室1厅 | 88.5平米 | 东南,https://ke-image.ljcdn.com/110000-inspection/pc1_BMcDuZpSq.jpg!m_fill,w_280,h_210,f_jpg?from=ke.com
20240415,石景山,鲁谷,101116568274,远洋山水精装不临街两居室交通便利,668万,63565元/平,低楼层 (共27层) | 2007年 | 2室1厅 | 105.09平米 | 东,https://ke-image.ljcdn.com/110000-inspection/pc1_JCQJB4XQE.jpg!m_fill,w_280,h_210,f_jpg?from=ke.com
20240415,石景山,鲁谷,101116558182,六合园复式结构 南北通透 采光好房主自荐,398万,32038元/平,高楼层 (共7层) | 1994年 | 4室2厅 | 124.23平米 | 南 北,https://ke-image.ljcdn.com/110000-inspection/pc1_8uvYmdjMe.jpg!m_fill,w_280,h_210,f_jpg?from=ke.com
20240415,石景山,鲁谷,101116366898,永乐西区 4层两居室 朝南采光无遮挡房主自荐,280万,46266元/平,中楼层 (共6层) | 1988年 | 2室1厅 | 60.52平米 | 南,https://ke-image.ljcdn.com/110000-inspection/5e8f8e7a-7bfc-42ff-a5d1-1b2c098bd162_1000.jpg!m_fill,w_280,h_210,f_jpg?from=ke.com
20240415,石景山,鲁谷,101116361525,南向两居满五唯一采光好视野好房主自荐,692万,64361元/平,高楼层 (共24层) | 2007年 | 2室1厅 | 107.52平米 | 南,https://ke-image.ljcdn.com/110000-inspection/025176a1-9178-4f8e-9c9e-45be16279f7d_1000.jpg!m_fill,w_280,h_210,f_jpg?from=ke.com
20240415,石景山,鲁谷,101116060801,玉泉路甲65号院南北通透两居随时看房,306万,48976元/平,顶层 (共6层) | 1995年 | 2室1厅 | 62.48平米 | 南 北,https://ke-image.ljcdn.com/110000-inspection/pc1_VUMIszF9G.jpg!m_fill,w_280,h_210,f_jpg?from=ke.com
20240415,石景山,鲁谷,101115934824,永乐西区万达广场南侧满五年一居业主诚心出售,160万,38508元/平,顶层 (共5层) 1室1厅 | 41.55平米 | 东,https://ke-image.ljcdn.com/110000-inspection/pc1_AedLBmC0O.jpg!m_fill,w_280,h_210,f_jpg?from=ke.com
20240415,石景山,鲁谷,101115722104,鲁谷 青年公寓 刚需房子 户型好 楼层好,222万,51200元/平,中楼层 (共6层) | 1992年 | 1室1厅 | 43.36平米 | 南 北,https://ke-image.ljcdn.com/110000-inspection/pc1_hmjbdnGNH_1.jpg!m_fill,w_280,h_210,f_jpg?from=ke.com
20240415,石景山,鲁谷,101115625816,玉泉路65号院 中铁建家属院 海淀户口,380万,75442元/平,中楼层 (共6层) | 1986年 | 2室1厅 | 50.37平米 | 南 北,https://ke-image.ljcdn.com/110000-inspection/pc1_SHgl7HMtz.jpg!m_fill,w_280,h_210,f_jpg?from=ke.com
20240415,石景山,鲁谷,101115235021,远洋山水全南向采光好高楼层一居视野开阔,388万,73751元/平,高楼层 (共24层) | 2007年 | 1室0厅 | 52.61平米 | 南,https://ke-image.ljcdn.com/110000-inspection/prod-5ba134d7-fb59-4e6b-b16f-e2aa5068cff4.jpg!m_fill,w_280,h_210,f_jpg?from=ke.com
20240415,石景山,鲁谷,101115204736,远洋山水全南向正规一居室户型方正精装修拎包入住房主自荐,567万,73484元/平,高楼层 (共26层) | 2008年 | 1室1厅 | 77.16平米 | 南,https://ke-image.ljcdn.com/110000-inspection/pc1_pHUhIAyhi.jpg!m_fill,w_280,h_210,f_jpg?from=ke.com
20240415,石景山,鲁谷,101114980173,石景山 鲁谷万达三居室 低楼层 92年建成,400万,49826元/平,低楼层 (共6层) | 1992年 | 3室1厅 | 80.28平米 | 东 西,https://ke-image.ljcdn.com/110000-inspection/pc1_UJqi3diVb.jpg!m_fill,w_280,h_210,f_jpg?from=ke.com
20240415,石景山,鲁谷,101114942338,双锦园2000年钢混结构带电梯 户型方正 诚心卖房,307万,48279元/平,中楼层 (共16层) | 2000年 | 2室1厅 | 63.59平米 | 东 西,https://ke-image.ljcdn.com/110000-inspection/pc1_mlqIo7LxI.jpg!m_fill,w_280,h_210,f_jpg?from=ke.com
20240415,石景山,鲁谷,101114811733,远洋山水北区9号楼小区中间位置诚心卖2居,675万,67683元/平,低楼层 (共26层) 2室1厅 | 99.73平米 | 东,https://ke-image.ljcdn.com/110000-inspection/pc1_cMUvxmGyv.jpg!m_fill,w_280,h_210,f_jpg?from=ke.com
20240415,石景山,鲁谷,101114659698,京汉旭城家园 南北通透三居室 朝南向落地窗 采光好,773万,62425元/平,底层 (共13层) 3室1厅 | 123.83平米 | 南 北,https://ke-image.ljcdn.com/110000-inspection/pc1_j0LBSxuRR_1.jpg!m_fill,w_280,h_210,f_jpg?from=ke.com
20240415,石景山,鲁谷,101114494645,六合园上下两层复式诚心出售随时看房,338万,27797元/平,高楼层 (共7层) | 1993年 | 3室2厅 | 121.6平米 | 南 北,https://ke-image.ljcdn.com/110000-inspection/pc1_WVYDgPb7P.jpg!m_fill,w_280,h_210,f_jpg?from=ke.com
20240415,石景山,鲁谷,101114239538,满五年唯一诚心出售南北通透两居室南北两个阳台,335万,52189元/平,顶层 (共5层) | 1981年 | 2室1厅 | 64.19平米 | 南 北,https://ke-image.ljcdn.com/110000-inspection/92f9711c-f1d4-47e8-ad9e-9600f87d5146_1000.jpg!m_fill,w_280,h_210,f_jpg?from=ke.com
20240415,石景山,鲁谷,101114130461,半地下北重西厂精装修两居室诚心出售,158万,25104元/平,地下室 (共5层) | 2000年 | 2室1厅 | 62.94平米 | 东 西,https://ke-image.ljcdn.com/110000-inspection/pc1_eyWBQHkRZ.jpg!m_fill,w_280,h_210,f_jpg?from=ke.com
20240415,石景山,鲁谷,101114114187,重兴嘉园 电梯两居室 中高楼层房主自荐,475万,52032元/平,中楼层 (共23层) | 2007年 | 2室1厅 | 91.29平米 | 西南 北,https://ke-image.ljcdn.com/110000-inspection/pc1_MihlfYkeM_1.jpg!m_fill,w_280,h_210,f_jpg?from=ke.com
20240415,石景山,鲁谷,101113551239,永乐大两居南北通透满五年唯一,360万,52410元/平,顶层 (共6层) 2室1厅 | 68.69平米 | 南 北,https://ke-image.ljcdn.com/110000-inspection/pc1_wUcpMc5nL.jpg!m_fill,w_280,h_210,f_jpg?from=ke.com
20240415,石景山,鲁谷,101113342803,远洋山水北区 朝南一居室 楼层好 两梯五户房主自荐,425万,69673元/平,低楼层 (共21层) | 2006年 | 1室0厅 | 61平米 | 南,https://ke-image.ljcdn.com/110000-inspection/pc1_035AINxRp.jpg!m_fill,w_280,h_210,f_jpg?from=ke.com
20240415,石景山,鲁谷,101113090832,远洋山水北区小区中间三南双北南北通透四居室,1420万,88194元/平,中楼层 (共12层) | 2006年 | 4室2厅 | 161.01平米 | 南 北,https://ke-image.ljcdn.com/110000-inspection/63d93594-1730-4c9e-870e-9f663cac3215_1000.jpg!m_fill,w_280,h_210,f_jpg?from=ke.com
20240415,石景山,鲁谷,101112878568,永乐西区中间层南北两居 满五年唯一,279万,45153元/平,中楼层 (共6层) | 1992年 | 2室1厅 | 61.79平米 | 南 北,https://ke-image.ljcdn.com/110000-inspection/pc1_d9IjiWpAV.jpg!m_fill,w_280,h_210,f_jpg?from=ke.com
20240415,石景山,鲁谷,101111938818,北重西厂 朝东的两居室  房子位置好房主自荐,299万,48737元/平,低楼层 (共6层) | 1994年 | 2室1厅 | 61.35平米 | 东,https://ke-image.ljcdn.com/110000-inspection/pc1_28q2XsF0X_1.jpg!m_fill,w_280,h_210,f_jpg?from=ke.com
20240415,石景山,鲁谷,101108957427,永乐东区示范单元全南两居室全明户型。,258万,52826元/平,顶层 (共4层) | 1973年 | 2室1厅 | 48.84平米 | 南,https://ke-image.ljcdn.com/110000-inspection/pc1_i1rbQdHNE_1.jpg!m_fill,w_280,h_210,f_jpg?from=ke.com
20240415,石景山,鲁谷,101107318381,远洋山水 远景阁 东南4居 满五唯一 业主诚意出售房主自荐,1010万,71092元/平,底层 (共24层) | 2008年 | 4室1厅 | 142.07平米 | 东南,https://ke-image.ljcdn.com/110000-inspection/6c32b4bf-b869-4a92-9ccb-c728007fac13_1000.jpg!m_fill,w_280,h_210,f_jpg?from=ke.com
20240415,石景山,鲁谷,101123927380,永乐东区  南北通透  精装修两居室   看房方便新上,325万,54158元/平,中楼层 (共20层) | 1988年 | 2室1厅 | 60.01平米 | 南 北,https://ke-image.ljcdn.com/110000-inspection/8cd54577-8dc6-40d2-9e18-665cb6a4a230_1000.jpg!m_fill,w_280,h_210,f_jpg?from=ke.com
20240415,石景山,鲁谷,101123925860,六合园 南北通透 客厅带窗户 满五唯一新上,299万,43676元/平,顶层 (共6层) | 1995年 | 2室1厅 | 68.46平米 | 南 北 东,https://ke-image.ljcdn.com/110000-inspection/bc997e97-d477-4ba2-9d81-e61f450ce5b0_1000.jpg!m_fill,w_280,h_210,f_jpg?from=ke.com
20240415,石景山,鲁谷,101123924514,六合园 两卧室朝南 中间楼层 小区中间位置新上,310万,44708元/平,中楼层 (共7层) 2室1厅 | 69.34平米 | 南 北,https://ke-image.ljcdn.com/110000-inspection/pc1_sEfbPZLPQ.jpg!m_fill,w_280,h_210,f_jpg?from=ke.com
20240415,石景山,鲁谷,101123907852,永乐东区精装两居有客厅可以摆放沙发电视出行方便新上,229万,45901元/平,顶层 (共5层) | 1975年 | 2室1厅 | 49.89平米 | 南 北,https://ke-image.ljcdn.com/110000-inspection/a357b2a5-ed1d-49a8-b043-f53ad150cae0_1000.jpg!m_fill,w_280,h_210,f_jpg?from=ke.com
20240415,石景山,鲁谷,101123892477,永乐东小区钢混结构电梯房南向两居室新上,279万,43029元/平,高楼层 (共18层) | 1989年 | 2室1厅 | 64.84平米 | 南,https://ke-image.ljcdn.com/110000-inspection/pc1_32TG38H2A.jpg!m_fill,w_280,h_210,f_jpg?from=ke.com
20240415,石景山,鲁谷,101123872195,鲁谷路74号院 2室1厅 南 北新上,380万,62624元/平,顶层 (共4层) | 2000年 | 2室1厅 | 60.68平米 | 南 北,https://ke-image.ljcdn.com/110000-inspection/pc1_RUVrCmkIT.jpg!m_fill,w_280,h_210,f_jpg?from=ke.com
20240415,石景山,鲁谷,101123860450,依翠园新华社分房中间层 满五年 近地铁新上,410万,51456元/平,中楼层 (共6层) | 1995年 | 2室2厅 | 79.68平米 | 南 北,https://ke-image.ljcdn.com/110000-inspection/cb4b5a78-c46c-4709-8074-b9b297ac1d15_1000.jpg!m_fill,w_280,h_210,f_jpg?from=ke.com
20240415,石景山,鲁谷,101123854380,时代庐峰  2005年商品房 地铁口357米 精装修！新上,737万,62911元/平,中楼层 (共24层) 2室1厅 | 117.15平米 | 南,https://ke-image.ljcdn.com/110000-inspection/pc1_1QJB1NJep.jpg!m_fill,w_280,h_210,f_jpg?from=ke.com
20240415,石景山,鲁谷,101123835177,重兴嘉园 板楼南北通透一居室 采光好新上,340万,51798元/平,中楼层 (共12层) | 2005年 | 1室1厅 | 65.64平米 | 南 西 北,https://ke-image.ljcdn.com/110000-inspection/pc1_3R7gb2X1l.jpg!m_fill,w_280,h_210,f_jpg?from=ke.com
20240415,石景山,鲁谷,101123830373,远洋山水南区 精装两居 满五唯一 看房方便 相对安静新上,399万,57082元/平,低楼层 (共25层) | 2007年 | 2室1厅 | 69.9平米 | 西,https://ke-image.ljcdn.com/110000-inspection/pc1_16WR0B16a_1.jpg!m_fill,w_280,h_210,f_jpg?from=ke.com
20240415,石景山,鲁谷,101123828704,远洋沁山水 3室1厅 南 北 西新上,1399万,86873元/平,底层 (共21层) | 2010年 | 3室1厅 | 161.04平米 | 南 北 西,https://ke-image.ljcdn.com/110000-inspection/pc1_T5bZEH5si_1.jpg!m_fill,w_280,h_210,f_jpg?from=ke.com
20240415,石景山,鲁谷,101123823293,永乐西区 1室1厅 南 北新上,238万,52504元/平,低楼层 (共6层) | 1991年 | 1室1厅 | 45.33平米 | 南 北,https://ke-image.ljcdn.com/110000-inspection/6ee1977c-02fb-4bce-b8fc-640acf7d6822_1000.jpg!m_fill,w_280,h_210,f_jpg?from=ke.com
20240415,石景山,鲁谷,101123809977,远洋山水 精装小两居 高楼层 采光视野无遮挡 诚心出售新上,465万,66524元/平,中楼层 (共25层) | 2007年 | 2室1厅 | 69.9平米 | 西,https://ke-image.ljcdn.com/110000-inspection/pc1_vPdzd29gh_1.jpg!m_fill,w_280,h_210,f_jpg?from=ke.com
20240415,石景山,鲁谷,101123808775,依翠园 3室1厅 东 西 西北 北新上,529万,47010元/平,中楼层 (共18层) 3室1厅 | 112.53平米 | 东 西 西北 北,https://ke-image.ljcdn.com/110000-inspection/pc1_Esu0Mowjx.jpg!m_fill,w_280,h_210,f_jpg?from=ke.com
20240415,石景山,鲁谷,101123798755,远洋山水 2室1厅 西南新上,539万,72642元/平,中楼层 (共26层) | 2007年 | 2室1厅 | 74.2平米 | 西南,https://ke-image.ljcdn.com/110000-inspection/af43bc74-6290-447d-b4fc-fe54f84a7654_1000.jpg!m_fill,w_280,h_210,f_jpg?from=ke.com
20240415,石景山,鲁谷,101123796422,六合园 2室1厅 东,328万,49102元/平,高楼层 (共18层) | 1994年 | 2室1厅 | 66.8平米 | 东,https://ke-image.ljcdn.com/110000-inspection/pc1_Yx78WTWFX.jpg!m_fill,w_280,h_210,f_jpg?from=ke.com
20240415,石景山,鲁谷,101123782380,远洋山水北区东南向2居室前边80米楼间距,665万,74319元/平,低楼层 (共21层) | 2006年 | 2室1厅 | 89.48平米 | 东南,https://ke-image.ljcdn.com/110000-inspection/pc1_xKV53y6Go.jpg!m_fill,w_280,h_210,f_jpg?from=ke.com
20240415,石景山,鲁谷,101123777047,远洋山水 2室2厅 南,618万,57478元/平,高楼层 (共24层) 2室2厅 | 107.52平米 | 南,https://ke-image.ljcdn.com/110000-inspection/pc1_CiA68ZXGX.jpg!m_fill,w_280,h_210,f_jpg?from=ke.com
20240415,石景山,鲁谷,101123768349,重兴嘉园 电梯三居室 楼层好 采光充足,620万,50391元/平,中楼层 (共23层) | 2007年 | 3室1厅 | 123.04平米 | 东 南 北,https://ke-image.ljcdn.com/110000-inspection/cf8591fd-c005-4b14-bb60-b100a246db9b_1000.jpg!m_fill,w_280,h_210,f_jpg?from=ke.com
20240415,石景山,鲁谷,101123758108,北重西厂 2室1厅 南 北新上,268万,42385元/平,中楼层 (共6层) | 1995年 | 2室1厅 | 63.23平米 | 南 北,https://ke-image.ljcdn.com/110000-inspection/b798a49b-cdb6-4e4c-8a18-1b08f22f2d9d_1000.jpg!m_fill,w_280,h_210,f_jpg?from=ke.com
20240415,石景山,鲁谷,101123752317,远洋山水 南北 明厨明卫 有钥匙 满五年唯一 随时可看,920万,63031元/平,高楼层 (共26层) | 2006年 | 3室1厅 | 145.96平米 | 南 北,https://ke-image.ljcdn.com/110000-inspection/pc1_AZGehBYgD.jpg!m_fill,w_280,h_210,f_jpg?from=ke.com
20240415,石景山,鲁谷,101123741471,鲁谷五芳园纯南一层 格局方正一居 精装自住 看房方便,209万,43506元/平,底层 (共6层) 1室1厅 | 48.04平米 | 南,https://ke-image.ljcdn.com/110000-inspection/pc1_4bzxDYGoK.jpg!m_fill,w_280,h_210,f_jpg?from=ke.com
20240415,石景山,鲁谷,101123714847,八宝山南路29号院 户型好大两居诚心出售,350万,49830元/平,低楼层 (共6层) 2室1厅 | 70.24平米 | 南 北,https://ke-image.ljcdn.com/110000-inspection/pc1_W6bb4YMD8.jpg!m_fill,w_280,h_210,f_jpg?from=ke.com
20240415,石景山,鲁谷,101123714805,永乐东区 2室1厅 东 西,232万,35383元/平,高楼层 (共6层) | 1982年 | 2室1厅 | 65.57平米 | 东 西,https://ke-image.ljcdn.com/110000-inspection/pc1_NcH2gpt63.jpg!m_fill,w_280,h_210,f_jpg?from=ke.com
20240415,石景山,鲁谷,101123664369,重聚园正规复式三居室  满五年 不临街 安静,690万,47857元/平,高楼层 (共16层) | 2003年 | 3室2厅 | 144.18平米 | 南 北,https://ke-image.ljcdn.com/110000-inspection/3c3056b9-8bff-4702-ad11-637a2e4e7b1f_1000.jpg!m_fill,w_280,h_210,f_jpg?from=ke.com
20240415,石景山,鲁谷,101123663844,北重西厂南向两居室 满五年 二层 阳光好  不临街,270万,44227元/平,低楼层 (共6层) | 1990年 | 2室1厅 | 61.05平米 | 南,https://ke-image.ljcdn.com/110000-inspection/pc1_yTEi7D3ZZ.jpg!m_fill,w_280,h_210,f_jpg?from=ke.com
20240415,石景山,鲁谷,101123663138,南北通透正规大客厅距离地铁200米,409万,73974元/平,底层 (共6层) | 1988年 | 2室2厅 | 55.29平米 | 南 北,https://ke-image.ljcdn.com/110000-inspection/pc1_Pv6Zlf45y.jpg!m_fill,w_280,h_210,f_jpg?from=ke.com
20240415,石景山,鲁谷,101123660848,永乐东区 3室1厅 南 北 西,378万,45964元/平,低楼层 (共18层) 3室1厅 | 82.24平米 | 南 北 西,https://ke-image.ljcdn.com/110000-inspection/pc1_w8XijY48u.jpg!m_fill,w_280,h_210,f_jpg?from=ke.com
20240415,石景山,鲁谷,101123633324,石景山区 五芳园板楼南向一居室 无遮挡 精装 满五年,185万,42568元/平,高楼层 (共6层) | 1993年 | 1室1厅 | 43.46平米 | 南,https://ke-image.ljcdn.com/110000-inspection/pc1_PEuChnnQV.jpg!m_fill,w_280,h_210,f_jpg?from=ke.com
20240415,石景山,鲁谷,101123633379,店长推荐永乐西区精装修 南向两居室,280万,46144元/平,高楼层 (共6层) | 1988年 | 2室1厅 | 60.68平米 | 南,https://ke-image.ljcdn.com/110000-inspection/pc1_Jsj6UmTem.jpg!m_fill,w_280,h_210,f_jpg?from=ke.com
20240415,石景山,鲁谷,101123627054,六合园 2室1厅 东北,338万,52501元/平,中楼层 (共22层) | 1996年 | 2室1厅 | 64.38平米 | 东北,https://ke-image.ljcdn.com/110000-inspection/pc1_qQxRMxs43.jpg!m_fill,w_280,h_210,f_jpg?from=ke.com
20240415,石景山,鲁谷,101123615624,京汉旭城东南一居全明格局视野开阔,355万,59554元/平,高楼层 (共23层) | 2004年 | 1室1厅 | 59.61平米 | 东南,https://ke-image.ljcdn.com/110000-inspection/pc1_AdH94D2Cg.jpg!m_fill,w_280,h_210,f_jpg?from=ke.com
20240415,石景山,鲁谷,101123607981,重兴园 南北通透三居室 精装修 采光好,699万,57750元/平,顶层 (共15层) 3室1厅 | 121.04平米 | 南 北,https://ke-image.ljcdn.com/110000-inspection/pc1_LAsMjimOV.jpg!m_fill,w_280,h_210,f_jpg?from=ke.com
20240415,石景山,鲁谷,101123585150,此房满五年家庭一套房高楼层采光好视野开阔！,520万,59545元/平,中楼层 (共19层) | 1996年 | 2室1厅 | 87.33平米 | 东 南,https://ke-image.ljcdn.com/110000-inspection/pc1_cbcI3OeMc.jpg!m_fill,w_280,h_210,f_jpg?from=ke.com
20240415,石景山,鲁谷,101123580675,六合园 2室1厅 南 北,272万,39369元/平,顶层 (共6层) | 1995年 | 2室1厅 | 69.09平米 | 南 北,https://ke-image.ljcdn.com/110000-inspection/pc1_ejL136mon.jpg!m_fill,w_280,h_210,f_jpg?from=ke.com
20240415,石景山,鲁谷,101123545524,远洋山水 3室2厅 东南,799万,59828元/平,低楼层 (共26层) | 2007年 | 3室2厅 | 133.55平米 | 东南,https://ke-image.ljcdn.com/110000-inspection/pc1_Y1pK63ItX.jpg!m_fill,w_280,h_210,f_jpg?from=ke.com
20240415,石景山,鲁谷,101123542137,依翠园 2室1厅 南 北,370万,47382元/平,中楼层 (共6层) | 1995年 | 2室1厅 | 78.09平米 | 南 北,https://ke-image.ljcdn.com/110000-inspection/5b94bb4c-03da-4f90-b6cf-eec3ce4b0296_1000.jpg!m_fill,w_280,h_210,f_jpg?from=ke.com
20240415,石景山,鲁谷,101123540825,五芳园南北通透两居房本满满五年位置好不临街,273万,41320元/平,顶层 (共6层) | 1994年 | 2室1厅 | 66.07平米 | 南 北,https://ke-image.ljcdn.com/110000-inspection/pc1_UWvWghUaf.jpg!m_fill,w_280,h_210,f_jpg?from=ke.com
20240415,石景山,鲁谷,101123531087,全南向的两居室户型方正明厨明卫采光通风性好,208万,34324元/平,顶层 (共6层) | 1986年 | 2室1厅 | 60.6平米 | 南,https://ke-image.ljcdn.com/110000-inspection/pc1_sSOTBYMaE.jpg!m_fill,w_280,h_210,f_jpg?from=ke.com
20240415,石景山,鲁谷,101123510845,远洋沁山水小区中间位置南北通透三居室,1450万,103824元/平,中楼层 (共21层) 3室1厅 | 139.66平米 | 南 北,https://ke-image.ljcdn.com/110000-inspection/pc1_L0Wjd32kO.jpg!m_fill,w_280,h_210,f_jpg?from=ke.com
20240415,石景山,鲁谷,101123508568,七星园新华社小区 环境好 有食堂 全明格局！,298万,43664元/平,顶层 (共6层) 2室1厅 | 68.25平米 | 东 西北,https://ke-image.ljcdn.com/110000-inspection/pc1_tuqXYMC1C.jpg!m_fill,w_280,h_210,f_jpg?from=ke.com
20240415,石景山,鲁谷,101123489695,六合园 3室1厅 东 西,369万,35673元/平,高楼层 (共7层) | 1994年 | 3室1厅 | 103.44平米 | 东 西,https://ke-image.ljcdn.com/110000-inspection/pc1_MBrGDXZcb_1.jpg!m_fill,w_280,h_210,f_jpg?from=ke.com
20240415,石景山,鲁谷,101123482775,一线地铁有、阁、楼南北通透小复式,345万,49328元/平,顶层 (共5层) 2室1厅 | 69.94平米 | 南 北,https://ke-image.ljcdn.com/110000-inspection/pc1_w947BQfiR.jpg!m_fill,w_280,h_210,f_jpg?from=ke.com
20240415,石景山,鲁谷,101123482340,【优质房源推荐】通透大二居 精装修,559万,61113元/平,低楼层 (共12层) | 2005年 | 2室1厅 | 91.47平米 | 南 北,https://ke-image.ljcdn.com/110000-inspection/860445b9-086f-4318-9024-ce4251a94a92_1000.jpg!m_fill,w_280,h_210,f_jpg?from=ke.com
20240415,石景山,鲁谷,101123481990,六合园南北通透大客厅只有契税看房方便,299万,44468元/平,高楼层 (共6层) | 1995年 | 2室1厅 | 67.24平米 | 南 北,https://ke-image.ljcdn.com/110000-inspection/pc1_JcsTNP5iC.jpg!m_fill,w_280,h_210,f_jpg?from=ke.com
20240415,石景山,鲁谷,101123469184,满五年唯一住宅位置优越配套齐全楼龄新诚心出售,828万,58339元/平,中楼层 (共27层) 3室1厅 | 141.93平米 | 南 北,https://ke-image.ljcdn.com/110000-inspection/pc1_D75KKsyao.jpg!m_fill,w_280,h_210,f_jpg?from=ke.com
20240415,石景山,鲁谷,101123439586,永乐东区精装一居户型方正全明格局停车方便房主自荐,208万,47916元/平,高楼层 (共6层) | 1988年 | 1室1厅 | 43.41平米 | 南,https://ke-image.ljcdn.com/110000-inspection/pc1_kn2BplenF.jpg!m_fill,w_280,h_210,f_jpg?from=ke.com
20240415,石景山,鲁谷,101123437325,玉兴园 2室1厅 南 北,649万,76969元/平,中楼层 (共6层) | 2002年 | 2室1厅 | 84.32平米 | 南 北,https://ke-image.ljcdn.com/110000-inspection/pc1_rEx5R1NGg.jpg!m_fill,w_280,h_210,f_jpg?from=ke.com
20240415,石景山,鲁谷,101123434576,永乐东区73楼  八宝山地铁657米  可设计三居室户型,426万,49889元/平,中楼层 (共20层) 2室1厅 | 85.39平米 | 东南,https://ke-image.ljcdn.com/110000-inspection/pc1_POyqbZT9K.jpg!m_fill,w_280,h_210,f_jpg?from=ke.com
20240415,石景山,鲁谷,101123429622,2001年带电梯高楼层产权清晰诚心出售,435万,49153元/平,中楼层 (共24层) | 2001年 | 2室1厅 | 88.5平米 | 南,https://ke-image.ljcdn.com/110000-inspection/ef9d96e7-dcd7-46a9-aebb-66c2544dc1af_1000.jpg!m_fill,w_280,h_210,f_jpg?from=ke.com
20240415,石景山,鲁谷,101123429542,五芳园一居室户型方方正正 前后无遮挡 中间楼层,179万,37669元/平,中楼层 (共6层) | 1994年 | 1室1厅 | 47.52平米 | 东,https://ke-image.ljcdn.com/110000-inspection/pc1_p8LjOMLsR.jpg!m_fill,w_280,h_210,f_jpg?from=ke.com
20240415,石景山,鲁谷,101123424990,万达广场南侧永乐西南北通透中间层精装修满五年房主自荐,260万,45116元/平,中楼层 (共6层) 2室1厅 | 57.63平米 | 南 西 北,https://ke-image.ljcdn.com/110000-inspection/pc1_ZH1QV2Yvb.jpg!m_fill,w_280,h_210,f_jpg?from=ke.com
20240415,石景山,鲁谷,101123417247,五芳园 2室1厅 南 北,299万,49520元/平,高楼层 (共6层) | 1994年 | 2室1厅 | 60.38平米 | 南 北,https://ke-image.ljcdn.com/110000-inspection/pc1_Iykod6u81.jpg!m_fill,w_280,h_210,f_jpg?from=ke.com
20240415,石景山,鲁谷,101123390901,远洋山水 3室1厅 南 北,1049万,83268元/平,底层 (共18层) | 2006年 | 3室1厅 | 125.98平米 | 南 北,https://ke-image.ljcdn.com/110000-inspection/pc1_MxumbpOC1.jpg!m_fill,w_280,h_210,f_jpg?from=ke.com
20240415,石景山,鲁谷,101123374219,聚兴园电梯南向一居室   采光好  不临街,298万,49758元/平,顶层 (共12层) 1室1厅 | 59.89平米 | 南,https://ke-image.ljcdn.com/110000-inspection/22ca5df4-517c-48c3-898f-a0d3b7aa2d3a_1000.jpg!m_fill,w_280,h_210,f_jpg?from=ke.com
20240415,石景山,鲁谷,101123348019,鲁谷 重聚园 经典三居室 南北通透 满五年唯一,719万,53153元/平,低楼层 (共16层) 3室1厅 | 135.27平米 | 南 北,https://ke-image.ljcdn.com/110000-inspection/346a3c3e-d8ea-4ea1-86fa-175c925ca37b_1000.jpg!m_fill,w_280,h_210,f_jpg?from=ke.com
20240415,石景山,鲁谷,101123347603,玉兴园 纯板楼使用率高精装修满五唯一,780万,78157元/平,低楼层 (共6层) | 2002年 | 2室2厅 | 99.8平米 | 南 北,https://ke-image.ljcdn.com/110000-inspection/pc1_dNmg9Q34v.jpg!m_fill,w_280,h_210,f_jpg?from=ke.com
20240415,石景山,鲁谷,101123340910,京汉旭城 三面朝南双卫设计三居室 独立餐厅设计,879万,64828元/平,底层 (共12层) | 2004年 | 3室2厅 | 135.59平米 | 南 北,https://ke-image.ljcdn.com/110000-inspection/6d6cc449-4103-4bc6-825b-8964d694b289_1000.jpg!m_fill,w_280,h_210,f_jpg?from=ke.com
20240415,石景山,鲁谷,101123321166,七星园1-14号楼范围内中间层明厅精装修通透两居室房主自荐,385万,54875元/平,中楼层 (共6层) | 1997年 | 2室1厅 | 70.16平米 | 东 西 北,https://ke-image.ljcdn.com/110000-inspection/pc1_r1LDtknk7.jpg!m_fill,w_280,h_210,f_jpg?from=ke.com
20240415,石景山,鲁谷,101123318335,远洋山水 2室1厅 西北,700万,69812元/平,低楼层 (共21层) | 2006年 | 2室1厅 | 100.27平米 | 西北,https://ke-image.ljcdn.com/110000-inspection/pc1_beIjWtfrC.jpg!m_fill,w_280,h_210,f_jpg?from=ke.com
20240415,石景山,鲁谷,101123298014,重聚园 双卧朝南大两居 诚心出售 视野采光佳 安全性高房主自荐,560万,52230元/平,中楼层 (共16层) 2室1厅 | 107.22平米 | 南 北,https://ke-image.ljcdn.com/110000-inspection/pc1_L6tAdjFFE.jpg!m_fill,w_280,h_210,f_jpg?from=ke.com
20240415,石景山,鲁谷,101123293772,永乐东区 3室1厅 东 西,393万,48074元/平,顶层 (共6层) | 1990年 | 3室1厅 | 81.75平米 | 东 西,https://ke-image.ljcdn.com/110000-inspection/pc1_THmfDfEtD.jpg!m_fill,w_280,h_210,f_jpg?from=ke.com
20240415,石景山,鲁谷,101123278035,远洋山水 3室1厅 南 北,939万,74218元/平,低楼层 (共24层) | 2008年 | 3室1厅 | 126.52平米 | 南 北,https://ke-image.ljcdn.com/110000-inspection/pc1_VGWvTui8a.jpg!m_fill,w_280,h_210,f_jpg?from=ke.com
20240415,石景山,鲁谷,101123271215,石景山万达广场南侧 永乐西区东西通透中间层2居室,262万,41860元/平,中楼层 (共6层) | 1989年 | 2室1厅 | 62.59平米 | 东 西,https://ke-image.ljcdn.com/110000-inspection/pc1_oMO4wErlj.jpg!m_fill,w_280,h_210,f_jpg?from=ke.com
20240415,石景山,鲁谷,101123269838,八场宿舍 2室1厅 南 北,340万,49412元/平,低楼层 (共6层) | 1990年 | 2室1厅 | 68.81平米 | 南 北,https://ke-image.ljcdn.com/110000-inspection/pc1_mWR0nm7T2.jpg!m_fill,w_280,h_210,f_jpg?from=ke.com
20240415,石景山,鲁谷,101123254440,永乐西区 2室1厅 东 西,365万,44901元/平,高楼层 (共6层) 2室1厅 | 81.29平米 | 东 西,https://ke-image.ljcdn.com/110000-inspection/ef0fd197-cd27-46b1-9dc7-b0fc89eeaa65_1000.jpg!m_fill,w_280,h_210,f_jpg?from=ke.com
20240415,石景山,鲁谷,101123254289,五芳园 南北通透 5层大客厅2居室,250万,37549元/平,高楼层 (共6层) | 1994年 | 2室1厅 | 66.58平米 | 南 北,https://ke-image.ljcdn.com/110000-inspection/pc1_ktZOIWpXY.jpg!m_fill,w_280,h_210,f_jpg?from=ke.com
20240415,石景山,鲁谷,101123227481,碣石坪小区 南向两居室 精装修 带电梯,458万,51752元/平,低楼层 (共24层) | 2001年 | 2室1厅 | 88.5平米 | 南,https://ke-image.ljcdn.com/110000-inspection/pc1_A6bAiMFVO.jpg!m_fill,w_280,h_210,f_jpg?from=ke.com
20240415,石景山,鲁谷,101123220483,七星园 2室1厅 东 西,309万,53286元/平,低楼层 (共6层) | 1994年 | 2室1厅 | 57.99平米 | 东 西,https://ke-image.ljcdn.com/110000-inspection/a07d75b9-8fa7-413f-9a20-283b4cebd368_1000.jpg!m_fill,w_280,h_210,f_jpg?from=ke.com
20240415,石景山,鲁谷,101123219553,满五年唯一大客厅两居室  户型方正,290万,44027元/平,中楼层 (共6层) 2室1厅 | 65.87平米 | 东 西,https://ke-image.ljcdn.com/110000-inspection/pc1_bHBLzFDP8.jpg!m_fill,w_280,h_210,f_jpg?from=ke.com
20240415,石景山,鲁谷,101123214371,碣石坪 地铁口八角游乐园440米 满五年唯一！,306万,45007元/平,中楼层 (共6层) 2室1厅 | 67.99平米 | 南 北,https://ke-image.ljcdn.com/110000-inspection/pc1_v2x5f8mAY.jpg!m_fill,w_280,h_210,f_jpg?from=ke.com
20240415,石景山,鲁谷,101123211963,北区中间位置板楼一梯两户 南北通透 采光无遮挡,999万,76552元/平,底层 (共11层) | 2006年 | 3室3厅 | 130.5平米 | 南 北,https://ke-image.ljcdn.com/110000-inspection/pc1_vli9KeK3A.jpg!m_fill,w_280,h_210,f_jpg?from=ke.com
20240415,石景山,鲁谷,101123187187,北区中间位置一梯两户下跃复式南北通透采光无遮挡,1299万,88104元/平,底层 (共11层) | 2006年 | 4室1厅 | 147.44平米 | 南 北,https://ke-image.ljcdn.com/110000-inspection/pc1_45I8fFkAY.jpg!m_fill,w_280,h_210,f_jpg?from=ke.com
20240415,石景山,鲁谷,101123134932,房子位置很好 全明户型客厅有窗采光视野很好,318万,50848元/平,高楼层 (共6层) | 1987年 | 2室1厅 | 62.54平米 | 南 西 北,https://ke-image.ljcdn.com/110000-inspection/pc1_nuVUgFZLu.jpg!m_fill,w_280,h_210,f_jpg?from=ke.com
20240415,石景山,鲁谷,101123124333,电科院两居室阳光充足通风好户型方整诚心出售,400万,62913元/平,顶层 (共6层) 2室1厅 | 63.58平米 | 南 北,https://ke-image.ljcdn.com/110000-inspection/pc1_xlvFsy5Rd.jpg!m_fill,w_280,h_210,f_jpg?from=ke.com
20240415,石景山,鲁谷,101123122816,通透一居室精=装修可拎包入住房主自荐,223万,49600元/平,中楼层 (共6层) | 1993年 | 1室1厅 | 44.96平米 | 东 西,https://ke-image.ljcdn.com/110000-inspection/pc1_xaHV6Nf8i.jpg!m_fill,w_280,h_210,f_jpg?from=ke.com
20240415,石景山,鲁谷,101123121540,碣石坪 南向两居室 带电梯 看房提前预约,420万,47458元/平,高楼层 (共24层) | 2001年 | 2室1厅 | 88.5平米 | 南,https://ke-image.ljcdn.com/110000-inspection/pc1_lHyHZowjA.jpg!m_fill,w_280,h_210,f_jpg?from=ke.com
20240415,石景山,鲁谷,101123119181,五芳园低楼层三居室 正规客厅 临近公园 满五年唯一,395万,51107元/平,底层 (共6层) | 1994年 | 3室1厅 | 77.29平米 | 东 西,https://ke-image.ljcdn.com/110000-inspection/pc1_xTVoULqY9.jpg!m_fill,w_280,h_210,f_jpg?from=ke.com
20240415,石景山,鲁谷,101123110871,依翠园 2室2厅 东 西,410万,47971元/平,中楼层 (共6层) | 1998年 | 2室2厅 | 85.47平米 | 东 西,https://ke-image.ljcdn.com/110000-inspection/pc1_L862oOf5J.jpg!m_fill,w_280,h_210,f_jpg?from=ke.com
20240415,石景山,鲁谷,101123077424,六合园 明厨明卫 装修不错 有钥匙随时可以看房,355万,54365元/平,中楼层 (共22层) | 1995年 | 2室1厅 | 65.3平米 | 东,https://ke-image.ljcdn.com/110000-inspection/pc1_uDK22gnFU.jpg!m_fill,w_280,h_210,f_jpg?from=ke.com
20240415,石景山,鲁谷,101123075649,玉泉路65号院  南北通透客厅带窗户精美装修,280万,63767元/平,中楼层 (共6层) 2室1厅 | 43.91平米 | 南 北,https://ke-image.ljcdn.com/110000-inspection/pc1_3MdecioQ4.jpg!m_fill,w_280,h_210,f_jpg?from=ke.com
20240415,石景山,鲁谷,101123072854,小区中间全南两居室随时看房随时签约,828万,92972元/平,顶层 (共21层) | 2009年 | 2室2厅 | 89.06平米 | 南,https://ke-image.ljcdn.com/110000-inspection/pc1_ukpItVuF1_1.jpg!m_fill,w_280,h_210,f_jpg?from=ke.com
20240415,石景山,鲁谷,101123069786,六合园 3室2厅 东 西,320万,34636元/平,高楼层 (共7层) | 1994年 | 3室2厅 | 92.39平米 | 东 西,https://ke-image.ljcdn.com/110000-inspection/pc1_tugnafJ95.jpg!m_fill,w_280,h_210,f_jpg?from=ke.com
20240415,石景山,鲁谷,101123034462,石景山鲁谷 五芳园板楼高楼层两居 南北通透 卧室宽大,270万,39486元/平,顶层 (共6层) | 1994年 | 2室1厅 | 68.38平米 | 南 北,https://ke-image.ljcdn.com/110000-inspection/pc1_HubOxvRXO.jpg!m_fill,w_280,h_210,f_jpg?from=ke.com
20240415,石景山,鲁谷,101123027765,六合园电梯精装 满五唯一商品房 婚房装修 采光视野好,345万,53200元/平,高楼层 (共18层) | 1995年 | 2室1厅 | 64.85平米 | 西南,https://ke-image.ljcdn.com/110000-inspection/pc1_940y7pAIx.jpg!m_fill,w_280,h_210,f_jpg?from=ke.com
20240415,石景山,鲁谷,101123022638,远洋山水阳光精装大一居室单价低看房随时,398万,56939元/平,低楼层 (共25层) | 2007年 | 1室1厅 | 69.9平米 | 西,https://ke-image.ljcdn.com/110000-inspection/pc1_tZSSYkRzr.jpg!m_fill,w_280,h_210,f_jpg?from=ke.com
20240415,石景山,鲁谷,101123006381,八场宿舍二层 精装修 随时入住,316万,46024元/平,低楼层 (共6层) | 1990年 | 2室1厅 | 68.66平米 | 南 北,https://ke-image.ljcdn.com/110000-inspection/pc1_SXPP76Z0N.jpg!m_fill,w_280,h_210,f_jpg?from=ke.com
20240415,石景山,鲁谷,101122985684,精装修三居室  视野采光充足 去年改造完毕房主自荐,419万,58455元/平,顶层 (共18层) | 1992年 | 3室1厅 | 71.68平米 | 东 南,https://ke-image.ljcdn.com/110000-inspection/0c9264c1-47cc-441c-8d2d-b6329462f484_1000.jpg!m_fill,w_280,h_210,f_jpg?from=ke.com
20240415,石景山,鲁谷,101122980692,天和景园 南北通透 两层可以有单独的使用空间房主自荐,940万,99884元/平,底层 (共16层) 5室3厅 | 94.11平米 | 北 南,https://ke-image.ljcdn.com/110000-inspection/pc1_cAzEAjR2o.jpg!m_fill,w_280,h_210,f_jpg?from=ke.com
20240415,石景山,鲁谷,101122980561,经典格局 南北通透2居室 精装 领包入住 满五年房主自荐,243万,50207元/平,低楼层 (共6层) | 1994年 | 2室1厅 | 48.4平米 | 南 北,https://ke-image.ljcdn.com/110000-inspection/0c9b85f7-86be-4dbc-ac8d-686fe75a0c87_1000.jpg!m_fill,w_280,h_210,f_jpg?from=ke.com
20240415,石景山,鲁谷,101122969948,重聚园一居室满五唯一东南向,305万,48699元/平,高楼层 (共24层) | 2003年 | 1室1厅 | 62.63平米 | 东 南,https://ke-image.ljcdn.com/110000-inspection/pc1_Fmj6Un92p.jpg!m_fill,w_280,h_210,f_jpg?from=ke.com
20240415,石景山,鲁谷,101122967113,石景山万达对面2000年商品房 带电梯 满五唯一商品房,298万,48174元/平,高楼层 (共16层) | 2000年 | 2室1厅 | 61.86平米 | 东 西,https://ke-image.ljcdn.com/110000-inspection/pc1_Yiz9OfQb0.jpg!m_fill,w_280,h_210,f_jpg?from=ke.com
20240415,石景山,鲁谷,101122961118,永乐西区 1室1厅 南 北,210万,46327元/平,顶层 (共6层) | 1991年 | 1室1厅 | 45.33平米 | 南 北,https://ke-image.ljcdn.com/110000-inspection/pc1_tCdDPyxWB.jpg!m_fill,w_280,h_210,f_jpg?from=ke.com
20240415,石景山,鲁谷,101122951672,鲁谷 永乐东区 电梯房 有客厅 诚心卖,294万,49041元/平,顶层 (共20层) | 1990年 | 2室1厅 | 59.95平米 | 东南,https://ke-image.ljcdn.com/110000-inspection/pc1_sg8UxsRpq.jpg!m_fill,w_280,h_210,f_jpg?from=ke.com
20240415,石景山,鲁谷,101122948692,鲁谷路74号南院 全南朝向 户型方正 视野开阔 采光好,209万,49177元/平,顶层 (共5层) | 1992年 | 1室2厅 | 42.5平米 | 南,https://ke-image.ljcdn.com/110000-inspection/pc1_L4ArzYybJ.jpg!m_fill,w_280,h_210,f_jpg?from=ke.com
20240415,石景山,鲁谷,101122948355,六合园新华社小区 南向一居室 小区环境好,230万,52143元/平,底层 (共22层) | 1996年 | 1室1厅 | 44.11平米 | 东南,https://ke-image.ljcdn.com/110000-inspection/pc1_aSjPPxl99.jpg!m_fill,w_280,h_210,f_jpg?from=ke.com
20240415,石景山,鲁谷,101122886037,天和景园 3室2厅 南 北,1200万,67443元/平,顶层 (共16层) 3室2厅 | 177.93平米 | 南 北,https://ke-image.ljcdn.com/110000-inspection/pc1_Y5L6cMZw0.jpg!m_fill,w_280,h_210,f_jpg?from=ke.com
20240415,石景山,鲁谷,101122880385,鲁谷村南院  南北通透 复式 四居室 精装 诚意出售,599万,50789元/平,顶层 (共6层) 4室2厅 | 117.94平米 | 南 北,https://ke-image.ljcdn.com/110000-inspection/pc1_tCr62ptV1.jpg!m_fill,w_280,h_210,f_jpg?from=ke.com
20240415,石景山,鲁谷,101122816891,本房满两年 南北向 装修不错 配套设施全 2000年建成,360万,39683元/平,高楼层 (共14层) | 2000年 | 3室0厅 | 90.72平米 | 西南,https://ke-image.ljcdn.com/110000-inspection/pc1_Hp136dtwt.jpg!m_fill,w_280,h_210,f_jpg?from=ke.com
20240415,石景山,鲁谷,101122806587,永乐东区朝南两居室采光好视野好近地铁房主自荐,195万,45307元/平,顶层 (共5层) 2室1厅 | 43.04平米 | 南,https://ke-image.ljcdn.com/110000-inspection/pc1_OgRmFpO7M.jpg!m_fill,w_280,h_210,f_jpg?from=ke.com
20240415,石景山,鲁谷,101122793539,六合园出门就是公园交通方便配套齐全,350万,45331元/平,底层 (共22层) | 1995年 | 2室1厅 | 77.21平米 | 东,https://ke-image.ljcdn.com/110000-inspection/4bf528e1-991b-4810-9d54-94e1d73b06d6_1000.jpg!m_fill,w_280,h_210,f_jpg?from=ke.com
20240415,石景山,鲁谷,101122791460,南北通透两居室 视野开阔 采光充足,212万,43802元/平,高楼层 (共6层) | 1994年 | 2室1厅 | 48.4平米 | 南 北,https://ke-image.ljcdn.com/110000-inspection/d504ab3c-3912-46f0-9635-5f4b56ac5fd1_1000.jpg!m_fill,w_280,h_210,f_jpg?from=ke.com
20240415,石景山,鲁谷,101122779073,不临街 观花园 精装 空房 正规大一居室 随时签约房主自荐,405万,57965元/平,底层 (共26层) | 2007年 | 1室1厅 | 69.87平米 | 西北,https://ke-image.ljcdn.com/110000-inspection/pc1_X1dlOWQIh.jpg!m_fill,w_280,h_210,f_jpg?from=ke.com
20240415,石景山,鲁谷,101122767974,六合园 新华社家属院两居室 满五唯一 带电梯 诚心出售,350万,49915元/平,低楼层 (共22层) | 1996年 | 2室1厅 | 70.12平米 | 西北,https://ke-image.ljcdn.com/110000-inspection/pc1_WjVk0Vxhx.jpg!m_fill,w_280,h_210,f_jpg?from=ke.com
20240415,石景山,鲁谷,101122749431,依翠园 2室1厅 南,259万,39512元/平,顶层 (共6层) | 1995年 | 2室1厅 | 65.55平米 | 南,https://ke-image.ljcdn.com/110000-inspection/b5b05b9e-a631-4845-ad62-d4c87a2887f3_1000.jpg!m_fill,w_280,h_210,f_jpg?from=ke.com
20240415,石景山,鲁谷,101122741305,鲁谷村复式南北通透 上下两层 满五年唯一 商品房,1116万,45427元/平,顶层 (共6层) | 1996年 | 5室2厅 | 245.67平米 | 南 北,https://ke-image.ljcdn.com/110000-inspection/pc1_1zlOQcs6V.jpg!m_fill,w_280,h_210,f_jpg?from=ke.com
20240415,石景山,鲁谷,101122729286,远洋山水 中间位置精装修高楼层,580万,78168元/平,高楼层 (共26层) | 2007年 | 2室1厅 | 74.2平米 | 西南,https://ke-image.ljcdn.com/110000-inspection/e58e99bf-286e-4375-a14c-ff33a0306939_1000.jpg!m_fill,w_280,h_210,f_jpg?from=ke.com
20240415,石景山,鲁谷,101122667766,依翠园低楼层双卧朝西大两居室。,398万,51263元/平,低楼层 (共6层) 2室1厅 | 77.64平米 | 东 西,https://ke-image.ljcdn.com/110000-inspection/pc1_Rhli2NYPB.jpg!m_fill,w_280,h_210,f_jpg?from=ke.com
20240415,石景山,鲁谷,101122666341,七星园新华社板楼东南中间楼层大客厅两居室诚心出售,389万,46632元/平,中楼层 (共6层) | 1995年 | 2室1厅 | 83.42平米 | 东南,https://ke-image.ljcdn.com/110000-inspection/pc1_KLurDXqho.jpg!m_fill,w_280,h_210,f_jpg?from=ke.com
20240415,石景山,鲁谷,101122663871,六场宿舍南向一居室采光充足卫生间有窗户,162万,36970元/平,顶层 (共6层) | 1987年 | 1室1厅 | 43.82平米 | 南,https://ke-image.ljcdn.com/110000-inspection/fa9958ba-d7cd-4e6a-87c5-a3fce814e90f_1000.jpg!m_fill,w_280,h_210,f_jpg?from=ke.com
20240415,石景山,鲁谷,101122663802,七星园 2室1厅 西北,429万,52184元/平,低楼层 (共19层) | 1996年 | 2室1厅 | 82.21平米 | 西北,https://ke-image.ljcdn.com/110000-inspection/88dbd107-36f7-453e-a487-5e569721b466_1000.jpg!m_fill,w_280,h_210,f_jpg?from=ke.com
20240415,石景山,鲁谷,101122650610,八宝山南路29号院 南北通透 一梯两户,295万,41999元/平,顶层 (共6层) 2室1厅 | 70.24平米 | 南 北,https://ke-image.ljcdn.com/110000-inspection/pc1_4WxWxrnyB.jpg!m_fill,w_280,h_210,f_jpg?from=ke.com
20240415,石景山,鲁谷,101122640116,久筑物业电梯直达东南朝向大三居室房主自荐,360万,34540元/平,中楼层 (共15层) 3室1厅 | 104.23平米 | 东南,https://ke-image.ljcdn.com/110000-inspection/pc1_mf3ZCS430.jpg!m_fill,w_280,h_210,f_jpg?from=ke.com
20240415,石景山,鲁谷,101122639577,时代庐峰小区双南向两居室满五年唯一采光好,672万,57290元/平,低楼层 (共24层) 2室2厅 | 117.3平米 | 南,https://ke-image.ljcdn.com/110000-inspection/pc1_bHX1TeMdX.jpg!m_fill,w_280,h_210,f_jpg?from=ke.com
20240415,石景山,鲁谷,101122639439,依翠园98年南北两居满五年诚意出售看房方便,420万,49141元/平,高楼层 (共6层) 2室2厅 | 85.47平米 | 南 东南 北 西北,https://ke-image.ljcdn.com/110000-inspection/pc1_xaz0iNzCQ.jpg!m_fill,w_280,h_210,f_jpg?from=ke.com
20240415,石景山,鲁谷,101122634708,满五年唯一 南北通透 一梯两户环境舒适房主自荐,305万,60158元/平,底层 (共15层) 1室1厅 | 50.7平米 | 南 北,https://ke-image.ljcdn.com/110000-inspection/62424bc8-3c97-4d8d-a1dc-a977d4e8878e_1000.jpg!m_fill,w_280,h_210,f_jpg?from=ke.com
20240415,石景山,鲁谷,101122626220,鲁谷路74号南院 精装2年 全南两室 临近公园 诚意出售,345万,62421元/平,顶层 (共5层) | 1981年 | 2室1厅 | 55.27平米 | 南,https://ke-image.ljcdn.com/110000-inspection/pc1_vtx6kxAvc.jpg!m_fill,w_280,h_210,f_jpg?from=ke.com
20240415,石景山,鲁谷,101122621880,时代庐峰小区商品房精装修视野开阔满五唯一房主自荐,318万,54961元/平,高楼层 (共24层) 1室1厅 | 57.86平米 | 北,https://ke-image.ljcdn.com/110000-inspection/pc1_ogaucfWAN.jpg!m_fill,w_280,h_210,f_jpg?from=ke.com
20240415,石景山,鲁谷,101122610617,重聚园 2室1厅 南 北,616万,47819元/平,中楼层 (共12层) | 2003年 | 2室1厅 | 128.82平米 | 南 北,https://ke-image.ljcdn.com/110000-inspection/pc1_K5LzOm3hC.jpg!m_fill,w_280,h_210,f_jpg?from=ke.com
20240415,石景山,鲁谷,101122577701,此房满五唯一南北通透格局好采光好,279万,44378元/平,顶层 (共6层) | 1994年 | 2室1厅 | 62.87平米 | 南 北,https://ke-image.ljcdn.com/110000-inspection/pc1_tMDrNlK0U_1.jpg!m_fill,w_280,h_210,f_jpg?from=ke.com
20240415,石景山,鲁谷,101122565023,七星园 2室1厅 南 北,329万,55481元/平,高楼层 (共6层) | 1999年 | 2室1厅 | 59.3平米 | 南 北,https://ke-image.ljcdn.com/110000-inspection/pc1_h9X1DpPir.jpg!m_fill,w_280,h_210,f_jpg?from=ke.com
20240415,石景山,鲁谷,101122557129,聚兴园 3室1厅 南 北,638万,55167元/平,低楼层 (共12层) | 2006年 | 3室1厅 | 115.65平米 | 南 北,https://ke-image.ljcdn.com/110000-inspection/pc1_dAeMHjdOF.jpg!m_fill,w_280,h_210,f_jpg?from=ke.com
20240415,石景山,鲁谷,101122547193,京汉旭城板楼一居一梯两户采光好精装修南北,368万,69830元/平,中楼层 (共13层) 1室1厅 | 52.7平米 | 南 北,https://ke-image.ljcdn.com/110000-inspection/7ec22a5c-6fb9-4bfc-99b5-cd35143b8b6a_1000.jpg!m_fill,w_280,h_210,f_jpg?from=ke.com
20240415,石景山,鲁谷,101122538347,北重西厂 经典2居室 客厅可以摆沙发电视 明厅房主自荐,265万,41964元/平,顶层 (共6层) | 1994年 | 2室1厅 | 63.15平米 | 南 北,https://ke-image.ljcdn.com/110000-inspection/pc1_naQ2pH94q.jpg!m_fill,w_280,h_210,f_jpg?from=ke.com
20240415,石景山,鲁谷,101122517949,七星园新华社满五年南北中间层通透户型随时看,525万,62278元/平,中楼层 (共6层) | 1998年 | 2室1厅 | 84.3平米 | 南 北,https://ke-image.ljcdn.com/110000-inspection/pc1_gS6SdTU3U.jpg!m_fill,w_280,h_210,f_jpg?from=ke.com
20240415,石景山,鲁谷,101122515000,六合园三室三厅户型 采光视野好 满五年唯一商品房,365万,34052元/平,高楼层 (共7层) | 1993年 | 3室3厅 | 107.19平米 | 南 北,https://ke-image.ljcdn.com/110000-inspection/pc1_e0raJWyCE.jpg!m_fill,w_280,h_210,f_jpg?from=ke.com
20240415,石景山,鲁谷,101122508665,六合园 南北复式 商品房 看房提前预约,309万,30888元/平,高楼层 (共7层) | 1995年 | 5室2厅 | 100.04平米 | 南 北,https://ke-image.ljcdn.com/110000-inspection/pc1_iIMT6trZi.jpg!m_fill,w_280,h_210,f_jpg?from=ke.com
20240415,石景山,鲁谷,101122496458,永乐东区精装大两居钢混结构近地铁！随时签约~~,388万,46196元/平,低楼层 (共9层) | 1994年 | 2室1厅 | 83.99平米 | 东,https://ke-image.ljcdn.com/110000-inspection/pc1_6PwpUuEHP.jpg!m_fill,w_280,h_210,f_jpg?from=ke.com
20240415,石景山,鲁谷,101122489567,店长推荐好房满五年房子明厨明卫采光好户型方正,279万,44705元/平,低楼层 (共6层) | 1988年 | 2室1厅 | 62.41平米 | 南 北,https://ke-image.ljcdn.com/110000-inspection/42f8ceca-8444-47ff-9668-95fe3660d99b_1000.jpg!m_fill,w_280,h_210,f_jpg?from=ke.com
20240415,石景山,鲁谷,101122424111,七星园满五唯一南北通透阳光好房主自荐,273万,42683元/平,顶层 (共6层) | 1994年 | 2室1厅 | 63.96平米 | 南 北,https://ke-image.ljcdn.com/110000-inspection/18bb3656-e9c8-4749-9fe5-5186fe436952_1000.jpg!m_fill,w_280,h_210,f_jpg?from=ke.com
20240415,石景山,鲁谷,101122421179,满五年唯一中高层视野开阔配套齐全。,475万,55150元/平,中楼层 (共23层) | 2007年 | 2室1厅 | 86.13平米 | 东南,https://ke-image.ljcdn.com/110000-inspection/pc1_xZwE7EkU9.jpg!m_fill,w_280,h_210,f_jpg?from=ke.com
20240415,石景山,鲁谷,101122420850,京汉旭城 1室1厅 南 北,399万,62422元/平,高楼层 (共17层) | 2004年 | 1室1厅 | 63.92平米 | 南 北,https://ke-image.ljcdn.com/110000-inspection/pc1_lEDxBBtLk.jpg!m_fill,w_280,h_210,f_jpg?from=ke.com
20240415,石景山,鲁谷,101122413959,2000年带大客厅南北两居室无遮挡 精装修拎包入住,430万,70864元/平,中楼层 (共4层) | 2000年 | 1室1厅 | 60.68平米 | 南 北,https://ke-image.ljcdn.com/110000-inspection/pc1_hN6FmerJM.jpg!m_fill,w_280,h_210,f_jpg?from=ke.com
20240415,石景山,鲁谷,101122410367,玉泉路65号院 南北通透三居 户型方正 采光好,720万,72713元/平,顶层 (共6层) | 1987年 | 3室1厅 | 99.02平米 | 南 北,https://ke-image.ljcdn.com/110000-inspection/pc1_itn83Apt3.jpg!m_fill,w_280,h_210,f_jpg?from=ke.com
20240415,石景山,鲁谷,101122407817,不临街一居室看房有钥匙房主诚心出售,315万,58399元/平,低楼层 (共27层) | 2007年 | 1室0厅 | 53.94平米 | 西,https://ke-image.ljcdn.com/110000-inspection/pc1_ZM01jWVcm.jpg!m_fill,w_280,h_210,f_jpg?from=ke.com
20240415,石景山,鲁谷,101122403305,北区中间位置三居室5年唯一聚焦房源,688万,62342元/平,高楼层 (共26层) 3室1厅 | 110.36平米 | 东北,https://ke-image.ljcdn.com/110000-inspection/pc1_fKGhYaD3f.jpg!m_fill,w_280,h_210,f_jpg?from=ke.com
20240415,石景山,鲁谷,101122381664,两梯三户独门独户双卧分离私密性高南北大两居。,700万,60923元/平,中楼层 (共27层) | 2006年 | 2室1厅 | 114.9平米 | 南 北,https://ke-image.ljcdn.com/110000-inspection/pc1_WFrMN3pTP.jpg!m_fill,w_280,h_210,f_jpg?from=ke.com
20240415,石景山,鲁谷,101122381459,鲁谷村南院 单独管理 南北三居 全明格局 诚心出售,745万,57703元/平,中楼层 (共5层) | 1996年 | 3室2厅 | 129.11平米 | 南 北,https://ke-image.ljcdn.com/110000-inspection/pc1_rnq5iA9j6.jpg!m_fill,w_280,h_210,f_jpg?from=ke.com
20240415,石景山,鲁谷,101122376636,鲁谷 重聚园经典上下复式大四居出售,1050万,50961元/平,高楼层 (共7层) | 2001年 | 4室2厅 | 206.04平米 | 南 北,https://ke-image.ljcdn.com/110000-inspection/pc1_wvW9BGFbM.jpg!m_fill,w_280,h_210,f_jpg?from=ke.com
20240415,石景山,鲁谷,101122366631,五芳园南北通透低楼层两居室,285万,41305元/平,低楼层 (共6层) 2室1厅 | 69平米 | 南 北,https://ke-image.ljcdn.com/110000-inspection/pc1_lfHUqhUjn.jpg!m_fill,w_280,h_210,f_jpg?from=ke.com
20240415,石景山,鲁谷,101122330277,远景阁 独门独户 前后花园 新装修 板楼 不临街,1050万,72399元/平,低楼层 (共18层) 3室1厅 | 145.03平米 | 南 北,https://ke-image.ljcdn.com/110000-inspection/d6036514-55ee-415f-a07b-964b3e2b78de_1000.jpg!m_fill,w_280,h_210,f_jpg?from=ke.com
20240415,石景山,鲁谷,101122329324,74号院东院南向一居无遮挡满五唯一,247.8万,60990元/平,顶层 (共6层) | 1994年 | 1室1厅 | 40.63平米 | 南,https://ke-image.ljcdn.com/110000-inspection/05e4152d-cea5-40dc-9e9a-1cb3a7be29fa_1000.jpg!m_fill,w_280,h_210,f_jpg?from=ke.com
20240415,石景山,鲁谷,101122314915,京汉旭城精装一居室 南北通透采光无遮挡,340万,64151元/平,中楼层 (共15层) | 2003年 | 1室1厅 | 53平米 | 南 北,https://ke-image.ljcdn.com/110000-inspection/pc1_69UOum2q2.jpg!m_fill,w_280,h_210,f_jpg?from=ke.com
20240415,石景山,鲁谷,101122281227,玉兴园 满五唯一 纯板楼社区 停车方便 老少皆宜,646万,76613元/平,中楼层 (共6层) 2室1厅 | 84.32平米 | 南 北,https://ke-image.ljcdn.com/110000-inspection/pc1_RxQy6fA79.jpg!m_fill,w_280,h_210,f_jpg?from=ke.com
20240415,石景山,鲁谷,101122278506,重兴园南北两居室明厨明卫精装修满五唯一,428万,48826元/平,高楼层 (共24层) 2室1厅 | 87.66平米 | 南 北,https://ke-image.ljcdn.com/110000-inspection/8c39e818-7893-4149-aad6-23bbd5c61bd1_1000.jpg!m_fill,w_280,h_210,f_jpg?from=ke.com
20240415,石景山,鲁谷,101122261928,依翠园 1室1厅 东,215万,48380元/平,底层 (共6层) | 1995年 | 1室1厅 | 44.44平米 | 东,https://ke-image.ljcdn.com/110000-inspection/599d33e9-c9e6-4738-8d85-1194ac50d6de_1000.jpg!m_fill,w_280,h_210,f_jpg?from=ke.com
20240415,石景山,鲁谷,101122246100,新华社 一层  院里安静 有食堂 人文素质高房主自荐,410万,54631元/平,底层 (共6层) 2室1厅 | 75.05平米 | 南 北,https://ke-image.ljcdn.com/110000-inspection/pc1_LV9XktRht.jpg!m_fill,w_280,h_210,f_jpg?from=ke.com
20240415,石景山,鲁谷,101122238521,北重西厂 经典的1居室户型 保持的简单干净房主自荐,170万,40866元/平,高楼层 (共6层) 1室1厅 | 41.6平米 | 西,https://ke-image.ljcdn.com/110000-inspection/pc1_0B9SCx4ef.jpg!m_fill,w_280,h_210,f_jpg?from=ke.com
20240415,石景山,鲁谷,101122230547,五芳园两居有正规客厅可摆放沙发电视1994年建成,211万,31479元/平,高楼层 (共6层) | 1994年 | 2室1厅 | 67.03平米 | 东 北,https://ke-image.ljcdn.com/110000-inspection/pc1_gsiZkydwn.jpg!m_fill,w_280,h_210,f_jpg?from=ke.com
20240415,石景山,鲁谷,101122221206,中间楼层南北通透交通便利医疗完善商业发达房主自荐,307万,44701元/平,中楼层 (共6层) | 1990年 | 2室2厅 | 68.68平米 | 南 北,https://ke-image.ljcdn.com/110000-inspection/26f18d1e-e8ee-4d13-a39e-b0d7dbb7b35f_1000.jpg!m_fill,w_280,h_210,f_jpg?from=ke.com
20240415,石景山,鲁谷,101122181919,碣石坪 1室1厅 西,325万,54705元/平,高楼层 (共24层) | 2001年 | 1室1厅 | 59.41平米 | 西,https://ke-image.ljcdn.com/110000-inspection/pc1_BrFiN9Mc5.jpg!m_fill,w_280,h_210,f_jpg?from=ke.com
20240415,石景山,鲁谷,101122168630,鲁谷 重聚园三期全明格局南北通透板楼大两居,598万,59556元/平,中楼层 (共5层) 2室2厅 | 100.41平米 | 南 北,https://ke-image.ljcdn.com/110000-inspection/pc1_PQU7Y7kpF_1.jpg!m_fill,w_280,h_210,f_jpg?from=ke.com
20240415,石景山,鲁谷,101122168469,七星园 2室2厅 东 西,420万,48249元/平,顶层 (共6层) | 1996年 | 2室2厅 | 87.05平米 | 东 西,https://ke-image.ljcdn.com/110000-inspection/pc1_F2MO35T6K.jpg!m_fill,w_280,h_210,f_jpg?from=ke.com
20240415,石景山,鲁谷,101122167107,七星园 3室1厅 西南 东南 北,405万,46843元/平,高楼层 (共6层) 3室1厅 | 86.46平米 | 西南 东南 北,https://ke-image.ljcdn.com/110000-inspection/pc1_dC0Y81X4T.jpg!m_fill,w_280,h_210,f_jpg?from=ke.com
20240415,石景山,鲁谷,101122148695,远洋山水小两居 采光好 无遮挡 总价合适随时签约,365万,57708元/平,顶层 (共26层) | 2007年 | 2室1厅 | 63.25平米 | 西,https://ke-image.ljcdn.com/110000-inspection/pc1_kMIdMx6LI.jpg!m_fill,w_280,h_210,f_jpg?from=ke.com
20240415,石景山,鲁谷,101122106648,京汉旭城 1室1厅 南 北,339万,66851元/平,高楼层 (共13层) | 2006年 | 1室1厅 | 50.71平米 | 南 北,https://ke-image.ljcdn.com/110000-inspection/961a4174-b9dd-4c02-b580-258509c000be_1000.jpg!m_fill,w_280,h_210,f_jpg?from=ke.com
20240415,石景山,鲁谷,101122100697,京汉旭城2004年的商品房南北通透 面宽4.3米,529万,58018元/平,顶层 (共15层) | 2004年 | 2室1厅 | 91.18平米 | 南 北,https://ke-image.ljcdn.com/110000-inspection/pc1_ACbvSKVQc.jpg!m_fill,w_280,h_210,f_jpg?from=ke.com
20240415,石景山,鲁谷,101122098562,依翠园 2室1厅 南 北,409万,54461元/平,高楼层 (共6层) | 1995年 | 2室1厅 | 75.1平米 | 南 北,https://ke-image.ljcdn.com/110000-inspection/pc1_062Chhjt9_1.jpg!m_fill,w_280,h_210,f_jpg?from=ke.com
20240415,石景山,鲁谷,101122098382,远洋山水南区楼下就是南区花园。东侧视野采光很好,650万,66859元/平,中楼层 (共27层) 2室1厅 | 97.22平米 | 东,https://ke-image.ljcdn.com/110000-inspection/pc1_Ub8bQS02J.jpg!m_fill,w_280,h_210,f_jpg?from=ke.com
20240415,石景山,鲁谷,101122090780,中高楼层户型方正格局好采光视野好诚心出售！,374万,62742元/平,高楼层 (共23层) | 2004年 | 1室1厅 | 59.61平米 | 西南,https://ke-image.ljcdn.com/110000-inspection/pc1_lGFcfHNZy.jpg!m_fill,w_280,h_210,f_jpg?from=ke.com
20240415,石景山,鲁谷,101122087807,户型方方正正 前后无遮挡 无浪费面积 看房方便,190万,41851元/平,顶层 (共5层) | 1993年 | 1室1厅 | 45.4平米 | 南,https://ke-image.ljcdn.com/110000-inspection/pc1_gS6bBZenk.jpg!m_fill,w_280,h_210,f_jpg?from=ke.com
20240415,石景山,鲁谷,101122082586,重聚园 东南向一居室 户型方正 居住舒适,305万,48699元/平,低楼层 (共24层) | 2003年 | 1室1厅 | 62.63平米 | 东南,https://ke-image.ljcdn.com/110000-inspection/pc1_5uYXZ2NOZ.jpg!m_fill,w_280,h_210,f_jpg?from=ke.com
20240415,石景山,鲁谷,101122072335,七星园新华社低楼层精装修业主诚心卖,375万,44954元/平,底层 (共6层) 2室1厅 | 83.42平米 | 东 南,https://ke-image.ljcdn.com/110000-inspection/d8287d70-b258-4fd8-9cbf-c2ac8b5dfc22_1000.jpg!m_fill,w_280,h_210,f_jpg?from=ke.com
20240415,石景山,鲁谷,101122055673,店长推荐 八场宿舍 中间层一居室 诚心出售,198万,53514元/平,中楼层 (共6层) | 1986年 | 1室1厅 | 37平米 | 南,https://ke-image.ljcdn.com/110000-inspection/pc1_jXbXggUdN.jpg!m_fill,w_280,h_210,f_jpg?from=ke.com
20240415,石景山,鲁谷,101122051953,明厨明卫朝南向中间层满五唯一商品房,225万,51701元/平,中楼层 (共6层) | 1991年 | 1室1厅 | 43.52平米 | 南,https://ke-image.ljcdn.com/110000-inspection/pc1_Ps68RU0a3.jpg!m_fill,w_280,h_210,f_jpg?from=ke.com
20240415,石景山,鲁谷,101122039714,七星园大客厅南北通透楼龄新近地铁满五唯一,481万,56722元/平,底层 (共6层) 3室1厅 | 84.8平米 | 南 北,https://ke-image.ljcdn.com/110000-inspection/pc1_vtVzjkpAH.jpg!m_fill,w_280,h_210,f_jpg?from=ke.com
20240415,石景山,鲁谷,101122039681,六场宿舍全南方正好楼层一居室诚心出售  看房有钥匙,195万,45108元/平,低楼层 (共6层) 1室1厅 | 43.23平米 | 南,https://ke-image.ljcdn.com/110000-inspection/pc1_RzW2FJqYn.jpg!m_fill,w_280,h_210,f_jpg?from=ke.com
20240415,石景山,鲁谷,101122038641,依翠园 大两居室 单价比较低  近地铁 明厨明卫房主自荐,355万,36811元/平,顶层 (共6层) | 1995年 | 2室1厅 | 96.44平米 | 东 西,https://ke-image.ljcdn.com/110000-inspection/pc1_JNrDe3iGQ_1.jpg!m_fill,w_280,h_210,f_jpg?from=ke.com
20240415,石景山,鲁谷,101122032374,六合园 2室1厅 东 西,268万,38943元/平,中楼层 (共6层) | 1995年 | 2室1厅 | 68.82平米 | 东 西,https://ke-image.ljcdn.com/110000-inspection/pc1_p4uqkdaZ5.jpg!m_fill,w_280,h_210,f_jpg?from=ke.com
20240415,石景山,鲁谷,101122005382,远洋山水南北通透两居 精装 中间楼层 诚心出售,685万,62098元/平,中楼层 (共14层) | 2007年 | 2室2厅 | 110.31平米 | 南 北,https://ke-image.ljcdn.com/110000-inspection/pc1_8AIv4gxWf.jpg!m_fill,w_280,h_210,f_jpg?from=ke.com
20240415,石景山,鲁谷,101121981140,六合园复式 采光视野好 大窗户 满五年唯一,435万,38489元/平,高楼层 (共7层) 3室1厅 | 113.02平米 | 南 北,https://ke-image.ljcdn.com/110000-inspection/prod-e8d84be5-1238-44fd-8919-923b46c972b9.jpg!m_fill,w_280,h_210,f_jpg?from=ke.com
20240415,石景山,鲁谷,101121974296,八场宿舍 1室1厅 南,229万,44030元/平,低楼层 (共6层) | 1990年 | 1室1厅 | 52.01平米 | 南,https://ke-image.ljcdn.com/110000-inspection/pc1_lRg9cWV5M.jpg!m_fill,w_280,h_210,f_jpg?from=ke.com
20240415,石景山,鲁谷,101121962652,南区中间位置 两梯五户 正对花园 安静无噪音 一室一厅,410万,63497元/平,中楼层 (共27层) | 2007年 | 1室1厅 | 64.57平米 | 西,https://ke-image.ljcdn.com/110000-inspection/pc1_3NILPiyGb.jpg!m_fill,w_280,h_210,f_jpg?from=ke.com
20240415,石景山,鲁谷,101121956655,石景山五芳园 板楼南北通透两居室 大客厅 前后不临路,262万,41680元/平,顶层 (共6层) | 1993年 | 2室1厅 | 62.86平米 | 南 北,https://ke-image.ljcdn.com/110000-inspection/pc1_anpZSIGeD.jpg!m_fill,w_280,h_210,f_jpg?from=ke.com
20240415,石景山,鲁谷,101121940216,店长推荐96年双阳台两居 有客厅 采光好 楼层好,255万,38973元/平,中楼层 (共6层) | 1996年 | 2室1厅 | 65.43平米 | 西,https://ke-image.ljcdn.com/110000-inspection/pc1_9zI2ChoDR.jpg!m_fill,w_280,h_210,f_jpg?from=ke.com
20240415,石景山,鲁谷,101121892158,远洋山水 板楼两居室 南北通透 实属难得,780万,69874元/平,低楼层 (共12层) | 2006年 | 2室2厅 | 111.63平米 | 南 北,https://ke-image.ljcdn.com/110000-inspection/pc1_rZCsHtvsa.jpg!m_fill,w_280,h_210,f_jpg?from=ke.com
20240415,石景山,鲁谷,101121873862,满五年唯一品牌材料精装修客厅和主卧朝南向,920万,68591元/平,低楼层 (共26层) | 2005年 | 3室1厅 | 134.13平米 | 东南,https://ke-image.ljcdn.com/110000-inspection/pc1_UGWQ0Hgy8.jpg!m_fill,w_280,h_210,f_jpg?from=ke.com
20240415,石景山,鲁谷,101121855156,远洋山水 2室2厅 南 北,760万,68028元/平,底层 (共12层) | 2007年 | 2室2厅 | 111.72平米 | 南 北,https://ke-image.ljcdn.com/110000-inspection/pc1_yABo5LAoz.jpg!m_fill,w_280,h_210,f_jpg?from=ke.com
20240415,石景山,鲁谷,101121844561,远洋山水 东北朝向一居室 满五年 诚心出售 看房方便,380万,63387元/平,中楼层 (共26层) | 2007年 | 1室1厅 | 59.95平米 | 东北,https://ke-image.ljcdn.com/110000-inspection/pc1_eRKQWTGvP.jpg!m_fill,w_280,h_210,f_jpg?from=ke.com
20240415,石景山,鲁谷,101121841059,依翠园南北双阳台高楼层视野开阔两居室房主自荐,320万,44230元/平,顶层 (共6层) | 1995年 | 2室1厅 | 72.35平米 | 南 北,https://ke-image.ljcdn.com/110000-inspection/pc1_FGhc6aOlD.jpg!m_fill,w_280,h_210,f_jpg?from=ke.com
20240415,石景山,鲁谷,101121821013,新上房小区中间不临街从未出租采光好视野棒。,990万,72784元/平,低楼层 (共27层) | 2007年 | 3室1厅 | 136.02平米 | 东南,https://ke-image.ljcdn.com/110000-inspection/pc1_bn5AWjDZI.jpg!m_fill,w_280,h_210,f_jpg?from=ke.com
20240415,石景山,鲁谷,101121819505,满五年唯一低楼层二层全明户型小区安静舒适,289万,46613元/平,低楼层 (共6层) | 1991年 | 2室1厅 | 62平米 | 东 西 南,https://ke-image.ljcdn.com/110000-inspection/pc1_D3jpqyH5h.jpg!m_fill,w_280,h_210,f_jpg?from=ke.com
20240415,石景山,鲁谷,101121810141,远洋山水经典南向精装两居室 满五唯一 随时看房,680万,69916元/平,低楼层 (共18层) 2室1厅 | 97.26平米 | 南,https://ke-image.ljcdn.com/110000-inspection/pc1_vOAw0gtpl.jpg!m_fill,w_280,h_210,f_jpg?from=ke.com
20240415,石景山,鲁谷,101121800343,鲁谷  北重西厂 精装一居室 满五年唯一房主自荐,179万,43227元/平,中楼层 (共6层) | 1989年 | 1室1厅 | 41.41平米 | 东,https://ke-image.ljcdn.com/110000-inspection/f93b48ed-f176-4b8a-b921-982a97ee1baa_1000.jpg!m_fill,w_280,h_210,f_jpg?from=ke.com
20240415,石景山,鲁谷,101121780039,一线地铁婚房适合小两口有钥匙满五年唯一,298万,63056元/平,高楼层 (共26层) | 2005年 | 1室0厅 | 47.26平米 | 北,https://ke-image.ljcdn.com/110000-inspection/pc1_FiyTe61wM_1.jpg!m_fill,w_280,h_210,f_jpg?from=ke.com
20240415,石景山,鲁谷,101121700042,天和景园 6室3厅 南 北,1150万,99267元/平,底层 (共16层) | 2008年 | 6室3厅 | 115.85平米 | 南 北,https://ke-image.ljcdn.com/110000-inspection/pc1_E5FSSnZos.jpg!m_fill,w_280,h_210,f_jpg?from=ke.com
20240415,石景山,鲁谷,101121685412,永乐东区南向一居室能看房业主配合签约。停车免费,194万,44711元/平,顶层 (共6层) | 1987年 | 1室1厅 | 43.39平米 | 南,https://ke-image.ljcdn.com/110000-inspection/4d9f8922-79ff-42b1-ab6a-b96526727186_1000.jpg!m_fill,w_280,h_210,f_jpg?from=ke.com
20240415,石景山,鲁谷,101121674245,永乐西区 南向一居室 靠谱出售.房主自荐,170万,42639元/平,高楼层 (共6层) | 1993年 | 1室2厅 | 39.87平米 | 南,https://ke-image.ljcdn.com/110000-inspection/pc1_Ua9ysRoBz.jpg!m_fill,w_280,h_210,f_jpg?from=ke.com
20240415,石景山,鲁谷,101121662897,永乐东区南北通透双阳台层高高明厨明卫两居室。,209万,32535元/平,顶层 (共6层) 2室1厅 | 64.24平米 | 南 北,https://ke-image.ljcdn.com/110000-inspection/pc1_bQ7kZfcay.jpg!m_fill,w_280,h_210,f_jpg?from=ke.com
20240415,石景山,鲁谷,101121646614,玉兴园2层3层的复式 全南向阳光好 安静无噪音满五唯一,910万,76677元/平,低楼层 (共6层) 2室2厅 | 118.68平米 | 南,https://ke-image.ljcdn.com/110000-inspection/pc1_mwuKmfvR3.jpg!m_fill,w_280,h_210,f_jpg?from=ke.com
20240415,石景山,鲁谷,101121621986,房子楼龄新小区刚改造完距离万达近交通便利,238万,40986元/平,中楼层 (共6层) | 1993年 | 2室1厅 | 58.07平米 | 东 西,https://ke-image.ljcdn.com/110000-inspection/pc1_IgllEjC1S.jpg!m_fill,w_280,h_210,f_jpg?from=ke.com
20240415,石景山,鲁谷,101121585903,远洋山水小区前后观花园！人车分流！90万装修！,1260万,77074元/平,底层 (共21层) | 2006年 | 4室2厅 | 163.48平米 | 南 北,https://ke-image.ljcdn.com/110000-inspection/pc1_sYKlzoaQi.jpg!m_fill,w_280,h_210,f_jpg?from=ke.com
20240415,石景山,鲁谷,101121582051,鲁谷村 南北通透三居 满五年唯一 带车位,550万,49363元/平,顶层 (共6层) | 1996年 | 3室1厅 | 111.42平米 | 南 北,https://ke-image.ljcdn.com/110000-inspection/pc1_nnTjBe6iK.jpg!m_fill,w_280,h_210,f_jpg?from=ke.com
20240415,石景山,鲁谷,101121574890,五芳园中间层南北通透两居满五唯一配套成熟,282万,45171元/平,中楼层 (共6层) | 1994年 | 2室1厅 | 62.43平米 | 南 北,https://ke-image.ljcdn.com/110000-inspection/66bde69b-afe9-4a0b-a89c-065a2f98e79b_1000.jpg!m_fill,w_280,h_210,f_jpg?from=ke.com
20240415,石景山,鲁谷,101121569845,鲁谷村复式四居室满五年唯一,560万,50707元/平,顶层 (共6层) 4室2厅 | 110.44平米 | 南 北,https://ke-image.ljcdn.com/110000-inspection/pc1_Az5dP8WeR.jpg!m_fill,w_280,h_210,f_jpg?from=ke.com
20240415,石景山,鲁谷,101121557490,远洋山水北区此房满五唯一无抵押有钥匙,620万,69158元/平,底层 (共21层) | 2006年 | 2室1厅 | 89.65平米 | 南 西,https://ke-image.ljcdn.com/110000-inspection/pc1_znIXlTqu7.jpg!m_fill,w_280,h_210,f_jpg?from=ke.com
20240415,石景山,鲁谷,101121552776,聚兴园 经典格局 视野佳 南向采光足房主自荐,305万,50615元/平,顶层 (共13层) | 2006年 | 1室1厅 | 60.26平米 | 南,https://ke-image.ljcdn.com/110000-inspection/pc1_TdvwP1NVw.jpg!m_fill,w_280,h_210,f_jpg?from=ke.com
20240415,石景山,鲁谷,101121528085,远洋沁山水上品 2室1厅 南 西,860万,101764元/平,低楼层 (共13层) | 2011年 | 2室1厅 | 84.51平米 | 南 西,https://ke-image.ljcdn.com/110000-inspection/pc1_Eb4rwcLnh.jpg!m_fill,w_280,h_210,f_jpg?from=ke.com
20240415,石景山,鲁谷,101121518858,时代庐峰一居室变成了两居室户型好商品房社区,352万,60805元/平,高楼层 (共24层) | 2004年 | 2室1厅 | 57.89平米 | 北,https://ke-image.ljcdn.com/110000-inspection/pc1_93dt5YXgz.jpg!m_fill,w_280,h_210,f_jpg?from=ke.com
20240415,石景山,鲁谷,101121470787,石景山五芳园 板楼中高楼层 通透两居室 满五年唯一房主自荐,272万,42991元/平,高楼层 (共6层) 2室1厅 | 63.27平米 | 西 东,https://ke-image.ljcdn.com/110000-inspection/pc1_63SWb3fgh.jpg!m_fill,w_280,h_210,f_jpg?from=ke.com
20240415,石景山,鲁谷,101121461430,双锦园2000年商品房两卧室朝南视野宽阔采光充足,346万,40889元/平,低楼层 (共14层) | 2000年 | 2室1厅 | 84.62平米 | 南 北,https://ke-image.ljcdn.com/110000-inspection/pc1_B2nefqw0b.jpg!m_fill,w_280,h_210,f_jpg?from=ke.com
20240415,石景山,鲁谷,101121454830,北重西厂 大客厅两居 南北通透 户型方正 低楼层房主自荐,275万,43617元/平,低楼层 (共6层) | 1995年 | 2室1厅 | 63.05平米 | 南 北,https://ke-image.ljcdn.com/110000-inspection/pc1_BDrlRiuZX.jpg!m_fill,w_280,h_210,f_jpg?from=ke.com
20240415,石景山,鲁谷,101121436290,七星园新华社双卫精装修中间层环境好位置佳,619万,65810元/平,中楼层 (共15层) | 2003年 | 2室1厅 | 94.06平米 | 西南,https://ke-image.ljcdn.com/110000-inspection/pc1_RoxYK4Zr1.jpg!m_fill,w_280,h_210,f_jpg?from=ke.com
20240415,石景山,鲁谷,101121413062,石景山五芳园 板楼南北通透两居室 有客厅 满五年唯一,259万,43060元/平,顶层 (共6层) | 1994年 | 2室1厅 | 60.15平米 | 南 北,https://ke-image.ljcdn.com/110000-inspection/83b87673-be15-4fe9-abf9-313b21daf319_1000.jpg!m_fill,w_280,h_210,f_jpg?from=ke.com
20240415,石景山,鲁谷,101121377611,鲁谷 北重西厂 经典两居室  满五年唯一,215万,39291元/平,中楼层 (共6层) | 1989年 | 2室1厅 | 54.72平米 | 东,https://ke-image.ljcdn.com/110000-inspection/pc1_O3iAGWot4_1.jpg!m_fill,w_280,h_210,f_jpg?from=ke.com
20240415,石景山,鲁谷,101121333501,鲁谷村复式四居室满五年唯一,589万,53333元/平,顶层 (共6层) | 1997年 | 4室2厅 | 110.44平米 | 南 北,https://ke-image.ljcdn.com/110000-inspection/pc1_43kBzTUsz_1.jpg!m_fill,w_280,h_210,f_jpg?from=ke.com
20240415,石景山,鲁谷,101121330927,依翠园高楼层朝西视野开阔正规一居室,170万,34462元/平,顶层 (共6层) | 1995年 | 1室1厅 | 49.33平米 | 西,https://ke-image.ljcdn.com/110000-inspection/pc1_LRtVXdOoC.jpg!m_fill,w_280,h_210,f_jpg?from=ke.com
20240415,石景山,鲁谷,101121330904,依翠园低楼层双卧朝南大两居室,488万,54660元/平,底层 (共6层) 2室1厅 | 89.28平米 | 南 北,https://ke-image.ljcdn.com/110000-inspection/pc1_8U5J0JKzu.jpg!m_fill,w_280,h_210,f_jpg?from=ke.com
20240415,石景山,鲁谷,101121303580,新上南北通透大四居  不临街 观景花园 满五年唯一,1180万,73406元/平,低楼层 (共26层) 4室2厅 | 160.75平米 | 南 北,https://ke-image.ljcdn.com/110000-inspection/pc1_HkH7lxd6p.jpg!m_fill,w_280,h_210,f_jpg?from=ke.com
20240415,石景山,鲁谷,101121288967,重兴嘉园  满五唯一  南向大一居 高楼层 采光好,360万,54845元/平,中楼层 (共12层) 1室1厅 | 65.64平米 | 南 西 北,https://ke-image.ljcdn.com/110000-inspection/pc1_POjhwthtR.jpg!m_fill,w_280,h_210,f_jpg?from=ke.com
20240415,石景山,鲁谷,101121282505,带电梯两居室户型方正楼层高采光视野好,330万,56780元/平,高楼层 (共18层) | 1987年 | 2室1厅 | 58.12平米 | 南,https://ke-image.ljcdn.com/110000-inspection/pc1_XvDa3C5RL.jpg!m_fill,w_280,h_210,f_jpg?from=ke.com
20240415,石景山,鲁谷,101121252943,远洋山水 2室2厅 东北,640万,67305元/平,低楼层 (共27层) | 2007年 | 2室2厅 | 95.09平米 | 东北,https://ke-image.ljcdn.com/110000-inspection/pc1_qkqfC9kXq.jpg!m_fill,w_280,h_210,f_jpg?from=ke.com
20240415,石景山,鲁谷,101121235500,近地铁无噪音精装修东南2居房主自荐,950万,85686元/平,底层 (共26层) | 2005年 | 2室1厅 | 110.87平米 | 东南,https://ke-image.ljcdn.com/110000-inspection/pc1_BscTdpU6K.jpg!m_fill,w_280,h_210,f_jpg?from=ke.com
20240415,石景山,鲁谷,101121226513,聚兴园 一梯两户 南北三室两卫 看房随时,619万,54366元/平,高楼层 (共9层) | 2005年 | 3室1厅 | 113.86平米 | 南 北,https://ke-image.ljcdn.com/110000-inspection/pc1_4K98GN9Z6.jpg!m_fill,w_280,h_210,f_jpg?from=ke.com
20240415,石景山,鲁谷,101121225494,远洋沁山水北区南北通透小三居室全明格局,858万,98114元/平,底层 (共11层) | 2010年 | 3室1厅 | 87.45平米 | 南 北,https://ke-image.ljcdn.com/110000-inspection/8ddb81ff-a9e2-4ad4-bf26-b2c693486b03_1000.jpg!m_fill,w_280,h_210,f_jpg?from=ke.com
20240415,石景山,鲁谷,101121215161,碣石坪小区南向一居室 诚心出售,338万,56315元/平,高楼层 (共24层) 1室1厅 | 60.02平米 | 南,https://ke-image.ljcdn.com/110000-inspection/pc1_Mx1MMcQvr.jpg!m_fill,w_280,h_210,f_jpg?from=ke.com
20240415,石景山,鲁谷,101121207647,鲁谷村 2室1厅 南 北,309万,42852元/平,顶层 (共6层) | 1997年 | 2室1厅 | 72.11平米 | 南 北,https://ke-image.ljcdn.com/110000-inspection/pc1_s04shtb48.jpg!m_fill,w_280,h_210,f_jpg?from=ke.com
20240415,石景山,鲁谷,101121189105,永乐东区 2室1厅 西房主自荐,239万,43781元/平,高楼层 (共6层) | 1982年 | 2室1厅 | 54.59平米 | 西,https://ke-image.ljcdn.com/110000-inspection/pc1_fQW788W6g.jpg!m_fill,w_280,h_210,f_jpg?from=ke.com
20240415,石景山,鲁谷,101121186734,久筑物业 带电梯 正规两居室 诚心出售,219万,42757元/平,高楼层 (共12层) | 1996年 | 2室0厅 | 51.22平米 | 东 西,https://ke-image.ljcdn.com/110000-inspection/pc1_QXkdi0q5z.jpg!m_fill,w_280,h_210,f_jpg?from=ke.com
20240415,石景山,鲁谷,101121134694,六合园 复式 东朝向 视野宽阔 采光充足,390万,45577元/平,高楼层 (共7层) | 1994年 | 2室1厅 | 85.57平米 | 东 西,https://ke-image.ljcdn.com/110000-inspection/pc1_vDpOsyMBJ.jpg!m_fill,w_280,h_210,f_jpg?from=ke.com
20240415,石景山,鲁谷,101121122712,南北通透 全明两居 不临街无遮挡 采光足 满五唯一房主自荐,249万,39531元/平,顶层 (共6层) 2室1厅 | 62.99平米 | 南 北,https://ke-image.ljcdn.com/110000-inspection/pc1_OyhuYbhab.jpg!m_fill,w_280,h_210,f_jpg?from=ke.com
20240415,石景山,鲁谷,101121107734,新岚大厦 经典三居室 东南朝向视野开阔,509万,51929元/平,高楼层 (共18层) | 1998年 | 3室1厅 | 98.02平米 | 东南,https://ke-image.ljcdn.com/110000-inspection/prod-74272f94-4f1f-47df-9f13-4c69386bea8d.jpg!m_fill,w_280,h_210,f_jpg?from=ke.com
20240415,石景山,鲁谷,101121092594,八宝山南路29号院  南北通透 精装修 两居室,320万,45333元/平,高楼层 (共6层) 2室1厅 | 70.59平米 | 南 北,https://ke-image.ljcdn.com/110000-inspection/pc1_IRQE3qdsS_1.jpg!m_fill,w_280,h_210,f_jpg?from=ke.com
20240415,石景山,鲁谷,101121067561,五芳园 北院 中间楼层 朝南 采光好 居住环境安静,215万,48720元/平,中楼层 (共6层) | 1994年 | 1室1厅 | 44.13平米 | 南,https://ke-image.ljcdn.com/110000-inspection/pc1_Y9ZCEZree.jpg!m_fill,w_280,h_210,f_jpg?from=ke.com
20240415,石景山,鲁谷,101121010539,六合园 东南向四居室 看房提前预约,400万,31131元/平,高楼层 (共7层) | 1995年 | 4室2厅 | 128.49平米 | 东南,https://ke-image.ljcdn.com/110000-inspection/pc1_4l9m9Q7HO.jpg!m_fill,w_280,h_210,f_jpg?from=ke.com
20240415,石景山,鲁谷,101120997971,永乐西区 精装修两居室 明厨明卫 诚心出售,268万,39222元/平,底层 (共5层) | 1993年 | 2室1厅 | 68.33平米 | 东南,https://ke-image.ljcdn.com/110000-inspection/pc1_NblmKawL7.jpg!m_fill,w_280,h_210,f_jpg?from=ke.com
20240415,石景山,鲁谷,101120976499,五芳园三居室全明格局满五唯一前后不临街,330万,46969元/平,高楼层 (共6层) | 1994年 | 3室1厅 | 70.26平米 | 东 南 北,https://ke-image.ljcdn.com/110000-inspection/pc1_nrnDCe6E1.jpg!m_fill,w_280,h_210,f_jpg?from=ke.com
20240415,石景山,鲁谷,101120969612,远洋山水南北通透大两居两梯三户独门独户中高楼层,685万,59078元/平,中楼层 (共26层) 2室1厅 | 115.95平米 | 南 北,https://ke-image.ljcdn.com/110000-inspection/f6149c03-70ed-43f3-a234-eae85b4dd1ff_1000.jpg!m_fill,w_280,h_210,f_jpg?from=ke.com
20240415,石景山,鲁谷,101120958839,五芳园东南朝向大面积两居室通风采光好中间位置房主自荐,298万,43466元/平,高楼层 (共6层) | 1993年 | 2室1厅 | 68.56平米 | 东南,https://ke-image.ljcdn.com/110000-inspection/f6b0c003-0927-4724-b947-f386d0cdf68a_1000.jpg!m_fill,w_280,h_210,f_jpg?from=ke.com
20240415,石景山,鲁谷,101120946506,久筑物业 2室1厅 东 西,335万,51746元/平,中楼层 (共12层) | 1996年 | 2室1厅 | 64.74平米 | 东 西,https://ke-image.ljcdn.com/110000-inspection/d89269d4-125b-4bf8-8b93-d8d4370b57d6_1000.jpg!m_fill,w_280,h_210,f_jpg?from=ke.com
20240415,石景山,鲁谷,101120908506,碣石坪 2001年房龄 满五年家庭唯一住房,490万,58725元/平,顶层 (共24层) | 2001年 | 2室1厅 | 83.44平米 | 西南,https://ke-image.ljcdn.com/110000-inspection/aeeb97ed-d1b2-4899-9f17-a9cf3349b09b_1000.jpg!m_fill,w_280,h_210,f_jpg?from=ke.com
20240415,石景山,鲁谷,101120901712,南北通透 户型方正  满五唯一 交通方便,920万,64798元/平,高楼层 (共15层) 3室1厅 | 141.98平米 | 南 北,https://ke-image.ljcdn.com/110000-inspection/pc1_cF9kqHbrr.jpg!m_fill,w_280,h_210,f_jpg?from=ke.com
20240415,石景山,鲁谷,101120868164,石景山万达南侧五芳园北院三层精装修南北通透房主自荐,329万,53211元/平,中楼层 (共6层) | 1993年 | 2室1厅 | 61.83平米 | 南 北,https://ke-image.ljcdn.com/110000-inspection/pc1_LGQLh9vY3.jpg!m_fill,w_280,h_210,f_jpg?from=ke.com
20240415,石景山,鲁谷,101120853940,石景山区五环内 五芳园板楼低楼层一居室 户型方正,190万,41028元/平,底层 (共6层) | 1993年 | 1室1厅 | 46.31平米 | 西,https://ke-image.ljcdn.com/110000-inspection/pc1_AHKvDVnTS_1.jpg!m_fill,w_280,h_210,f_jpg?from=ke.com
20240415,石景山,鲁谷,101120799448,鲁谷74号院北院南北通透全明格局不临街,293万,53556元/平,顶层 (共6层) | 1995年 | 1室1厅 | 54.71平米 | 南 北 东,https://ke-image.ljcdn.com/110000-inspection/pc1_ljGQi4h3o.jpg!m_fill,w_280,h_210,f_jpg?from=ke.com
20240415,石景山,鲁谷,101120763196,久筑物业电梯直达东西朝向大一居室房主自荐,220万,37182元/平,高楼层 (共15层) 1室1厅 | 59.17平米 | 东 西,https://ke-image.ljcdn.com/110000-inspection/pc1_Jxb9sf3nv.jpg!m_fill,w_280,h_210,f_jpg?from=ke.com
20240415,石景山,鲁谷,101120753138,鲁谷74号院北院南北通透两居全明格局2层不临街,360万,54887元/平,中楼层 (共4层) | 1963年 | 2室1厅 | 65.59平米 | 南 北,https://ke-image.ljcdn.com/110000-inspection/pc1_bHvXoliDw_1.jpg!m_fill,w_280,h_210,f_jpg?from=ke.com
20240415,石景山,鲁谷,101120748908,鲁谷路74号院北院南北两居全明格局精装修,370万,61708元/平,中楼层 (共4层) | 1974年 | 2室1厅 | 59.96平米 | 北 南,https://ke-image.ljcdn.com/110000-inspection/pc1_q57JpCVv0.jpg!m_fill,w_280,h_210,f_jpg?from=ke.com
20240415,石景山,鲁谷,101120746481,鲁谷74号院北院一层南北通透安静视野采光好房主自荐,532万,68040元/平,底层 (共5层) | 1984年 | 3室1厅 | 78.19平米 | 南 北,https://ke-image.ljcdn.com/110000-inspection/pc1_VrtcvumvW.jpg!m_fill,w_280,h_210,f_jpg?from=ke.com
20240415,石景山,鲁谷,101120737587,碣石坪南北通全明格局双卧朝南两居室房主自荐,275万,40448元/平,顶层 (共6层) | 1997年 | 2室1厅 | 67.99平米 | 南 北,https://ke-image.ljcdn.com/110000-inspection/pc1_ucEa7CRg3_1.jpg!m_fill,w_280,h_210,f_jpg?from=ke.com
20240415,石景山,鲁谷,101120725810,五芳园大客厅户型方正三居室满五年家庭一套,392万,49969元/平,底层 (共6层) | 1994年 | 3室1厅 | 78.45平米 | 东 西,https://ke-image.ljcdn.com/110000-inspection/1a4b42d1-7444-4f78-9ae9-c6e8d70b3943_1000.jpg!m_fill,w_280,h_210,f_jpg?from=ke.com
20240415,石景山,鲁谷,101120694810,重兴嘉园  中高楼层  一居室  满五唯一房主自荐,365万,54772元/平,高楼层 (共23层) 1室1厅 | 66.64平米 | 东,https://ke-image.ljcdn.com/110000-inspection/pc1_hzy0fdpHp.jpg!m_fill,w_280,h_210,f_jpg?from=ke.com
20240415,石景山,鲁谷,101120679002,拎包入住全明户型业主诚心卖。,295万,46663元/平,顶层 (共6层) | 1988年 | 2室1厅 | 63.22平米 | 南,https://ke-image.ljcdn.com/110000-inspection/2707dce6-d622-46f4-9cb6-c48f6d2a98cf_1000.jpg!m_fill,w_280,h_210,f_jpg?from=ke.com
20240415,石景山,鲁谷,101120665669,六场宿舍1层南向明厨明卫两居室,275万,55612元/平,底层 (共6层) | 1984年 | 2室2厅 | 49.45平米 | 南,https://ke-image.ljcdn.com/110000-inspection/8b21268d-cbad-4ba1-8bcc-9859dc45bb86_1000.jpg!m_fill,w_280,h_210,f_jpg?from=ke.com
20240415,石景山,鲁谷,101120659992,八宝山南路29号院 满五唯一 南北通透一居室,210万,49296元/平,低楼层 (共6层) | 1990年 | 2室0厅 | 42.6平米 | 南 北,https://ke-image.ljcdn.com/110000-inspection/pc1_XY7xuiNYu.jpg!m_fill,w_280,h_210,f_jpg?from=ke.com
20240415,石景山,鲁谷,101120654757,六合园 复式三居 精装修 商品房,430万,41196元/平,高楼层 (共7层) | 1993年 | 3室2厅 | 104.38平米 | 东 西,https://ke-image.ljcdn.com/110000-inspection/pc1_YJTHhMgch.jpg!m_fill,w_280,h_210,f_jpg?from=ke.com
20240415,石景山,鲁谷,101120619951,六合园 3室1厅 西北,389万,46987元/平,中楼层 (共22层) 3室1厅 | 82.79平米 | 西北,https://ke-image.ljcdn.com/110000-inspection/pc1_GcyeC0dfF.jpg!m_fill,w_280,h_210,f_jpg?from=ke.com
20240415,石景山,鲁谷,101120601379,规划车位小区  南北通透三居室,355万,54869元/平,中楼层 (共4层) | 1958年 | 3室1厅 | 64.7平米 | 南 北,https://ke-image.ljcdn.com/110000-inspection/pc1_spp79cEi5.jpg!m_fill,w_280,h_210,f_jpg?from=ke.com
20240415,石景山,鲁谷,101120594515,六合园新华社 小区物业管理好 满五年 诚心卖,355万,50628元/平,中楼层 (共22层) 2室1厅 | 70.12平米 | 西南,https://ke-image.ljcdn.com/110000-inspection/pc1_jqxvhYfBy.jpg!m_fill,w_280,h_210,f_jpg?from=ke.com
20240415,石景山,鲁谷,101120383013,聚兴园中间楼层 两居室 南北通透 视野采光好,549万,59778元/平,中楼层 (共17层) | 2006年 | 2室1厅 | 91.84平米 | 南 北,https://ke-image.ljcdn.com/110000-inspection/pc1_prG5SizPk.jpg!m_fill,w_280,h_210,f_jpg?from=ke.com
20240415,石景山,鲁谷,101120358635,玉兴园 5室2厅 南 北,1350万,65954元/平,顶层 (共6层) | 2002年 | 5室2厅 | 204.69平米 | 南 北,https://ke-image.ljcdn.com/110000-inspection/pc1_kZ0xq18Lg.jpg!m_fill,w_280,h_210,f_jpg?from=ke.com
20240415,石景山,鲁谷,101120338314,鲁谷村两居中间楼层南北通透满五年唯一房主自荐,319万,51577元/平,高楼层 (共6层) | 1995年 | 2室1厅 | 61.85平米 | 南 北,https://ke-image.ljcdn.com/110000-inspection/pc1_CabaYdwho.jpg!m_fill,w_280,h_210,f_jpg?from=ke.com
20240415,石景山,鲁谷,101120323817,久筑东西大两居客厅带窗户楼龄新近万达,345万,52971元/平,低楼层 (共12层) | 1996年 | 2室1厅 | 65.13平米 | 东 西,https://ke-image.ljcdn.com/110000-inspection/e68ad5f6-ef93-464d-98a4-3b2f954de13b_1000.jpg!m_fill,w_280,h_210,f_jpg?from=ke.com
20240415,石景山,鲁谷,101120293917,六合园 3室1厅 西北,399万,40898元/平,低楼层 (共22层) 3室1厅 | 97.56平米 | 西北,https://ke-image.ljcdn.com/110000-inspection/8cfb6835-90e4-4378-abf4-3ee385a7fbea_1000.jpg!m_fill,w_280,h_210,f_jpg?from=ke.com
20240415,石景山,鲁谷,101120259679,六合园 5室1厅 东北,355万,34307元/平,高楼层 (共7层) | 1994年 | 5室1厅 | 103.48平米 | 东北,https://ke-image.ljcdn.com/110000-inspection/pc1_CQbVyru1B.jpg!m_fill,w_280,h_210,f_jpg?from=ke.com
20240415,石景山,鲁谷,101120256374,依翠园 2室1厅 东 西,389万,40712元/平,中楼层 (共6层) | 1995年 | 2室1厅 | 95.55平米 | 东 西,https://ke-image.ljcdn.com/110000-inspection/4e76d33c-4be1-4066-b783-e5e6bcf11bf2_1000.jpg!m_fill,w_280,h_210,f_jpg?from=ke.com
20240415,石景山,鲁谷,101120253186,依翠园 1室1厅 北,255万,48223元/平,中楼层 (共6层) | 1995年 | 1室1厅 | 52.88平米 | 北,https://ke-image.ljcdn.com/110000-inspection/pc1_7uukjzqZJ.jpg!m_fill,w_280,h_210,f_jpg?from=ke.com
20240415,石景山,鲁谷,101120252399,鲁谷永乐西区1991年的两居全南向前侧采光无遮挡房主自荐,268万,44371元/平,高楼层 (共6层) | 1991年 | 2室1厅 | 60.4平米 | 南,https://ke-image.ljcdn.com/110000-inspection/pc1_yGeZc1Y7F.jpg!m_fill,w_280,h_210,f_jpg?from=ke.com
20240415,石景山,鲁谷,101120250658,京汉旭城板楼 高楼层南北通透三居 明厨明卫不临街,688万,66123元/平,高楼层 (共15层) 3室2厅 | 104.05平米 | 南 北,https://ke-image.ljcdn.com/110000-inspection/pc1_nXIRwdwFY.jpg!m_fill,w_280,h_210,f_jpg?from=ke.com
20240415,石景山,鲁谷,101120222691,格局好带电梯南向大阳台交通便利,477万,69514元/平,高楼层 (共27层) | 2012年 | 1室1厅 | 68.62平米 | 南,https://ke-image.ljcdn.com/110000-inspection/pc1_RW7K4M8R9_1.jpg!m_fill,w_280,h_210,f_jpg?from=ke.com
20240415,石景山,鲁谷,101120221980,远洋山水 满五年唯一精装全年两居室,695万,71458元/平,中楼层 (共18层) | 2008年 | 2室2厅 | 97.26平米 | 南,https://ke-image.ljcdn.com/110000-inspection/pc1_qVK840nJw.jpg!m_fill,w_280,h_210,f_jpg?from=ke.com
20240415,石景山,鲁谷,101120192582,远洋沁山水北区正规高楼层一居室西侧正对旺景公园,599万,102833元/平,高楼层 (共20层) 1室1厅 | 58.25平米 | 西北,https://ke-image.ljcdn.com/110000-inspection/pc1_qUP5qQGFD.jpg!m_fill,w_280,h_210,f_jpg?from=ke.com
20240415,石景山,鲁谷,101120143418,永乐西区  万达旁 中间楼层 全明格局 采光好,269万,44361元/平,中楼层 (共6层) | 1987年 | 2室1厅 | 60.64平米 | 南,https://ke-image.ljcdn.com/110000-inspection/pc1_8cVBECYFp.jpg!m_fill,w_280,h_210,f_jpg?from=ke.com
20240415,石景山,鲁谷,101120121958,免费停车   步行地铁713米（来自于高德地图）,188万,39380元/平,顶层 (共20层) | 1988年 | 1室1厅 | 47.74平米 | 南,https://ke-image.ljcdn.com/110000-inspection/pc1_9h4HnEqPm.jpg!m_fill,w_280,h_210,f_jpg?from=ke.com
20240415,石景山,鲁谷,101120121484,远洋山水 满五年唯一住房 无遮挡 诚心卖房主自荐,1520万,77013元/平,高楼层 (共27层) | 2006年 | 3室2厅 | 197.37平米 | 东,https://ke-image.ljcdn.com/110000-inspection/pc1_d19kK8JdK.jpg!m_fill,w_280,h_210,f_jpg?from=ke.com
20240415,石景山,鲁谷,101120021543,永乐东区南北两居室一层独院精装修。业主诚房主自荐,295万,62158元/平,底层 (共6层) | 1974年 | 2室1厅 | 47.46平米 | 南 北,https://ke-image.ljcdn.com/110000-inspection/pc1_gBMI9cIt1.jpg!m_fill,w_280,h_210,f_jpg?from=ke.com
20240415,石景山,鲁谷,101119998468,北重西厂一居室 配套齐全 交通便利 不临街  采光足,169万,40733元/平,顶层 (共6层) | 1991年 | 1室1厅 | 41.49平米 | 西 北,https://ke-image.ljcdn.com/110000-inspection/pc1_r9uO6gBvB.jpg!m_fill,w_280,h_210,f_jpg?from=ke.com
20240415,石景山,鲁谷,101119914993,六合园 2室1厅 东 西,290万,39951元/平,中楼层 (共7层) | 1995年 | 2室1厅 | 72.59平米 | 东 西,https://ke-image.ljcdn.com/110000-inspection/pc1_ah8Ywz8O6_1.jpg!m_fill,w_280,h_210,f_jpg?from=ke.com
20240415,石景山,鲁谷,101119900799,京汉旭城板楼一梯两户客厅朝南向带阳台采光好。房主自荐,368万,63383元/平,顶层 (共13层) | 2006年 | 1室1厅 | 58.06平米 | 南,https://ke-image.ljcdn.com/110000-inspection/79d35eac-7bc1-41bb-af82-a104b31af6b4_1000.jpg!m_fill,w_280,h_210,f_jpg?from=ke.com
20240415,石景山,鲁谷,101119857893,永乐东区满五年唯一商品房1989年钢混结构贷款时间长房主自荐,273万,42208元/平,中楼层 (共18层) 2室1厅 | 64.68平米 | 西北,https://ke-image.ljcdn.com/110000-inspection/pc1_FsESkqanG.jpg!m_fill,w_280,h_210,f_jpg?from=ke.com
20240415,石景山,鲁谷,101119841459,京汉旭城明厨明卫三居满五年唯一采光好精装修房主自荐,899万,72594元/平,中楼层 (共13层) 3室2厅 | 123.84平米 | 南 北,https://ke-image.ljcdn.com/110000-inspection/pc1_q5JnZdYcJ.jpg!m_fill,w_280,h_210,f_jpg?from=ke.com
20240415,石景山,鲁谷,101119833250,永乐西区 南向两居室 明厨明卫 看房方便,289万,47848元/平,顶层 (共6层) | 1987年 | 2室1厅 | 60.4平米 | 南,https://ke-image.ljcdn.com/110000-inspection/pc1_xCUfDdow1.jpg!m_fill,w_280,h_210,f_jpg?from=ke.com
20240415,石景山,鲁谷,101119726793,东南双卫 满五唯一 正对花园 比较安静 两梯四户,670万,58297元/平,高楼层 (共26层) | 2008年 | 2室1厅 | 114.93平米 | 东南,https://ke-image.ljcdn.com/110000-inspection/pc1_gb8K1tPCe.jpg!m_fill,w_280,h_210,f_jpg?from=ke.com
20240415,石景山,鲁谷,101119635161,鲁谷小区五芳园中间层两居 大客厅 不临街业主诚心出售,269万,42309元/平,中楼层 (共6层) | 1993年 | 2室1厅 | 63.58平米 | 南 北,https://ke-image.ljcdn.com/110000-inspection/pc1_9iDBTlxM8.jpg!m_fill,w_280,h_210,f_jpg?from=ke.com
20240415,石景山,鲁谷,101119612773,远洋山水  全南向  精装两居 满五年唯一 诚意出售房主自荐,836万,72188元/平,中楼层 (共27层) | 2007年 | 2室2厅 | 115.81平米 | 南,https://ke-image.ljcdn.com/110000-inspection/pc1_2loAmqwDG.jpg!m_fill,w_280,h_210,f_jpg?from=ke.com
20240415,石景山,鲁谷,101119607166,永乐东区一居室满五唯一采光充足视野开阔,189万,47836元/平,顶层 (共6层) 1室1厅 | 39.51平米 | 南,https://ke-image.ljcdn.com/110000-inspection/pc1_g9Z3tFGoc.jpg!m_fill,w_280,h_210,f_jpg?from=ke.com
20240415,石景山,鲁谷,101119580018,京汉旭城 南北通透两卫两居 精装修,680万,62865元/平,中楼层 (共9层) | 2011年 | 2室1厅 | 108.17平米 | 南 北,https://ke-image.ljcdn.com/110000-inspection/589214b0-66a8-4861-9be9-bc5ffb1093a8_1000.jpg!m_fill,w_280,h_210,f_jpg?from=ke.com
20240415,石景山,鲁谷,101119567999,鲁谷永乐东区朝南精装一居室塔楼中间楼层视野好,238万,50488元/平,中楼层 (共20层) | 1987年 | 1室1厅 | 47.14平米 | 南,https://ke-image.ljcdn.com/110000-inspection/pc1_vsNTR3DK8.jpg!m_fill,w_280,h_210,f_jpg?from=ke.com
20240415,石景山,鲁谷,101119518647,鲁谷永乐西区中间层两居1994年的房满五年,268万,44997元/平,高楼层 (共6层) | 1994年 | 2室1厅 | 59.56平米 | 东 西,https://ke-image.ljcdn.com/110000-inspection/pc1_ezUlmtS8v.jpg!m_fill,w_280,h_210,f_jpg?from=ke.com
20240415,石景山,鲁谷,101119513287,重聚园三期 南北通透 复式结构 2007年楼龄 产权清晰,515万,55169元/平,顶层 (共5层) 4室2厅 | 93.35平米 | 南 北,https://ke-image.ljcdn.com/110000-inspection/pc1_wMuhGfibH.jpg!m_fill,w_280,h_210,f_jpg?from=ke.com
20240415,石景山,鲁谷,101119488550,远洋山水大复式 东南向采光好 视野开阔 带露天台,1630万,70634元/平,顶层 (共26层) | 2007年 | 5室3厅 | 230.77平米 | 东南,https://ke-image.ljcdn.com/110000-inspection/pc1_JokrPmKJ9.jpg!m_fill,w_280,h_210,f_jpg?from=ke.com
20240415,石景山,鲁谷,101119488017,远洋山水 南北通透 户型方正 前后花园,795万,70711元/平,中楼层 (共24层) | 2007年 | 3室1厅 | 112.43平米 | 南 北,https://ke-image.ljcdn.com/110000-inspection/pc1_Q8toMYa3I.jpg!m_fill,w_280,h_210,f_jpg?from=ke.com
20240415,石景山,鲁谷,101119390246,远洋山水北区中间 高层南向没有遮挡阳光好 安静无噪音,488万,80622元/平,中楼层 (共19层) | 2006年 | 1室1厅 | 60.53平米 | 南,https://ke-image.ljcdn.com/110000-inspection/pc1_CifPUoUll.jpg!m_fill,w_280,h_210,f_jpg?from=ke.com
20240415,石景山,鲁谷,101119347702,重兴嘉园 板楼带电梯 南北通透明厨明卫 三楼不临街房主自荐,558万,60918元/平,低楼层 (共12层) | 2005年 | 2室2厅 | 91.6平米 | 南 北,https://ke-image.ljcdn.com/110000-inspection/pc1_Yj840z0Z4.jpg!m_fill,w_280,h_210,f_jpg?from=ke.com
20240415,石景山,鲁谷,101119307618,远洋沁山水 西南两居 户型好 业主诚心出售,850万,98085元/平,中楼层 (共21层) | 2009年 | 2室1厅 | 86.66平米 | 西南,https://ke-image.ljcdn.com/110000-inspection/pc1_nbsKuGm87.jpg!m_fill,w_280,h_210,f_jpg?from=ke.com
20240415,石景山,鲁谷,101119295469,远洋山水 满五年 南向2居 首付350万 2梯4户 无抵押,595万,61177元/平,低楼层 (共18层) 2室1厅 | 97.26平米 | 南,https://ke-image.ljcdn.com/110000-inspection/pc1_Mp0OC07St.jpg!m_fill,w_280,h_210,f_jpg?from=ke.com
20240415,石景山,鲁谷,101119289717,远洋山水 满五年唯一精装两居室,423万,62639元/平,低楼层 (共26层) | 2007年 | 2室1厅 | 67.53平米 | 东,https://ke-image.ljcdn.com/110000-inspection/pc1_70uoJZ2pM.jpg!m_fill,w_280,h_210,f_jpg?from=ke.com
20240415,石景山,鲁谷,101119259889,远洋山水北区南北三居室 满五年唯一无遮挡 看房有钥匙,935万,67779元/平,中楼层 (共25层) | 2005年 | 3室1厅 | 137.95平米 | 南 北,https://ke-image.ljcdn.com/110000-inspection/6084814b-8430-41f8-a1e9-2a5ecf6133c7_1000.jpg!m_fill,w_280,h_210,f_jpg?from=ke.com
20240415,石景山,鲁谷,101119240373,房子带有产权车位卫生间有窗户全明格局,1015万,115525元/平,中楼层 (共11层) | 2010年 | 3室1厅 | 87.86平米 | 南 北,https://ke-image.ljcdn.com/110000-inspection/pc1_KEp94wanU.jpg!m_fill,w_280,h_210,f_jpg?from=ke.com
20240415,石景山,鲁谷,101119014929,此房南北通透 明厨明卫 房主靠谱出售,290万,46677元/平,中楼层 (共6层) | 1988年 | 2室1厅 | 62.13平米 | 南 北,https://ke-image.ljcdn.com/110000-inspection/pc1_kzB8wmrNc.jpg!m_fill,w_280,h_210,f_jpg?from=ke.com
20240415,石景山,鲁谷,101118860544,此房满五年唯一在小区中西有户型卫生间带窗户,1080万,78030元/平,中楼层 (共26层) | 2005年 | 3室2厅 | 138.41平米 | 东南,https://ke-image.ljcdn.com/110000-inspection/pc1_IqPPoNjLx.jpg!m_fill,w_280,h_210,f_jpg?from=ke.com
20240415,石景山,鲁谷,101118827273,一所宿舍小区中间一居产权清晰自住精装,239万,57688元/平,顶层 (共5层) | 1985年 | 1室1厅 | 41.43平米 | 南,https://ke-image.ljcdn.com/110000-inspection/pc1_B5XGW82Tm.jpg!m_fill,w_280,h_210,f_jpg?from=ke.com
20240415,石景山,鲁谷,101118821478,万达广场南侧 CRD银座上下两层的复式出售,175万,31402元/平,中楼层 (共16层) | 2010年 | 2室1厅 | 55.73平米 | 北,https://ke-image.ljcdn.com/110000-inspection/pc1_TnrK6TjIz.jpg!m_fill,w_280,h_210,f_jpg?from=ke.com
20240415,石景山,鲁谷,101118775840,此房是南北通透格局楼层也好视野宽阔近地铁！,246万,43898元/平,顶层 (共6层) | 1988年 | 2室1厅 | 56.04平米 | 南 北,https://ke-image.ljcdn.com/110000-inspection/pc1_4u3KwTI3Q_1.jpg!m_fill,w_280,h_210,f_jpg?from=ke.com
20240415,石景山,鲁谷,101118618911,鲁谷永乐东区朝南一居室无抵押产权清晰,197万,45382元/平,顶层 (共6层) | 1988年 | 1室1厅 | 43.41平米 | 南,https://ke-image.ljcdn.com/110000-inspection/pc1_aXpRn9ycP.jpg!m_fill,w_280,h_210,f_jpg?from=ke.com
20240415,石景山,鲁谷,101118616118,1-14号楼上下两层南北通透采光通风好视野开阔,499万,48461元/平,顶层 (共6层) 3室1厅 | 102.97平米 | 南 北,https://ke-image.ljcdn.com/110000-inspection/pc1_XURXvxryv.jpg!m_fill,w_280,h_210,f_jpg?from=ke.com
20240415,石景山,鲁谷,101118535016,重兴嘉园 四居室 电梯房 诚心出售,820万,51145元/平,低楼层 (共22层) | 2005年 | 4室1厅 | 160.33平米 | 东 南 北,https://ke-image.ljcdn.com/110000-inspection/pc1_cdEUwnwhY.jpg!m_fill,w_280,h_210,f_jpg?from=ke.com
20240415,石景山,鲁谷,101118497525,远洋沁山水 3室1厅 南 北,1060万,120346元/平,顶层 (共11层) | 2010年 | 3室1厅 | 88.08平米 | 南 北,https://ke-image.ljcdn.com/110000-inspection/pc1_TJWGulJTR.jpg!m_fill,w_280,h_210,f_jpg?from=ke.com
20240415,石景山,鲁谷,101118349218,北重西厂精装修看房提前打电话稳定出售。房主自荐,170万,41053元/平,顶层 (共6层) | 1989年 | 1室0厅 | 41.41平米 | 东,https://ke-image.ljcdn.com/110000-inspection/pc1_Bi65nR6lK.jpg!m_fill,w_280,h_210,f_jpg?from=ke.com
20240415,石景山,鲁谷,101118223700,远洋山水 精装两居  只有契税 随时可看,750万,65468元/平,高楼层 (共24层) | 2007年 | 2室2厅 | 114.56平米 | 西北,https://ke-image.ljcdn.com/110000-inspection/pc1_k4zZ9BWtq.jpg!m_fill,w_280,h_210,f_jpg?from=ke.com
20240415,石景山,鲁谷,101118199696,重聚园 2室1厅 南 北,450万,52241元/平,顶层 (共6层) | 2001年 | 2室1厅 | 86.14平米 | 南 北,https://ke-image.ljcdn.com/110000-inspection/pc1_vJGV5G4sY.jpg!m_fill,w_280,h_210,f_jpg?from=ke.com
20240415,石景山,鲁谷,101118190636,重兴嘉园 2室1厅 东南,495万,52056元/平,顶层 (共22层) | 2005年 | 2室1厅 | 95.09平米 | 东南,https://ke-image.ljcdn.com/110000-inspection/pc1_5nOWLCqNJ_1.jpg!m_fill,w_280,h_210,f_jpg?from=ke.com
20240415,石景山,鲁谷,101118162850,远洋山水南北通透两居 精装 中间楼层 满五年唯一,825万,71054元/平,低楼层 (共27层) | 2007年 | 2室1厅 | 116.11平米 | 南 北,https://ke-image.ljcdn.com/110000-inspection/pc1_wYyjh0X7D.jpg!m_fill,w_280,h_210,f_jpg?from=ke.com
20240415,石景山,鲁谷,101118054227,安静不临街中间楼层前后楼间距宽敞,285万,48363元/平,中楼层 (共6层) | 1985年 | 2室1厅 | 58.93平米 | 东,https://ke-image.ljcdn.com/110000-inspection/pc1_GGwN0c1cx.jpg!m_fill,w_280,h_210,f_jpg?from=ke.com
20240415,石景山,鲁谷,101118052599,鲁谷 永乐东区 有钥匙 诚心卖 看房方便,183万,37857元/平,顶层 (共6层) | 1974年 | 2室1厅 | 48.34平米 | 南,https://ke-image.ljcdn.com/110000-inspection/af23e2fd-5c7e-475d-a93a-89348a1b3f32_1000.jpg!m_fill,w_280,h_210,f_jpg?from=ke.com
20240415,石景山,鲁谷,101117945033,北区高楼层正对小区花园楼下超市地铁近,530万,74912元/平,高楼层 (共25层) | 2005年 | 2室1厅 | 70.75平米 | 东南,https://ke-image.ljcdn.com/110000-inspection/pc1_RaZBEY9w2.jpg!m_fill,w_280,h_210,f_jpg?from=ke.com
20240415,石景山,鲁谷,101117918423,本房满五年家庭名下就这一套房精装修采光好！房主自荐,239万,43967元/平,顶层 (共6层) | 1992年 | 2室1厅 | 54.36平米 | 南 北,https://ke-image.ljcdn.com/110000-inspection/pc1_NTaucGPv7.jpg!m_fill,w_280,h_210,f_jpg?from=ke.com
20240415,石景山,鲁谷,101117826958,依翠园南区低楼层南向两居室诚心出售,335万,50203元/平,底层 (共6层) | 1995年 | 2室1厅 | 66.73平米 | 南,https://ke-image.ljcdn.com/110000-inspection/598dd27d-ec9c-481a-a621-82f3d904923e_1000.jpg!m_fill,w_280,h_210,f_jpg?from=ke.com
20240415,石景山,鲁谷,101117812864,商品房大客厅交通便利诚意出售,740万,47699元/平,底层 (共5层) | 1996年 | 4室1厅 | 155.14平米 | 东 南 西,https://ke-image.ljcdn.com/110000-inspection/ab26376e-d0b8-4a90-ad77-f000668dc32a_1000.jpg!m_fill,w_280,h_210,f_jpg?from=ke.com
20240415,石景山,鲁谷,101116964885,远洋山水 带大平台的房子 诚心出售房主自荐,920万,70488元/平,顶层 (共26层) | 2006年 | 2室1厅 | 130.52平米 | 西南,https://ke-image.ljcdn.com/110000-inspection/pc1_bwfrJFqBl.jpg!m_fill,w_280,h_210,f_jpg?from=ke.com
20240415,石景山,鲁谷,101116804849,鲁谷村 东西向大两居 只有契税 中间楼层 大客厅,705万,55556元/平,中楼层 (共5层) | 1996年 | 2室2厅 | 126.9平米 | 西 东,https://ke-image.ljcdn.com/110000-inspection/pc1_U61ugWdii.jpg!m_fill,w_280,h_210,f_jpg?from=ke.com
20240415,石景山,鲁谷,101114306991,1-14号楼南北通透采光通风好视野开阔房子精装修,330万,51595元/平,顶层 (共6层) | 1994年 | 1室1厅 | 63.96平米 | 南 北,https://ke-image.ljcdn.com/110000-inspection/pc1_aF0kY5ch4.jpg!m_fill,w_280,h_210,f_jpg?from=ke.com
20240415,石景山,鲁谷,101114067189,鲁谷村干部楼社区 独院安静 面积大 有地铁,695万,48345元/平,顶层 (共5层) 3室2厅 | 143.76平米 | 西南 西北,https://ke-image.ljcdn.com/110000-inspection/pc1_OpphvY73C.jpg!m_fill,w_280,h_210,f_jpg?from=ke.com
20240415,石景山,鲁谷,101110535505,CRD商业精装两居室楼龄新格局好。,210万,37682元/平,高楼层 (共16层) | 2010年 | 2室1厅 | 55.73平米 | 北,https://ke-image.ljcdn.com/110000-inspection/pc1_vqwOruILe.jpg!m_fill,w_280,h_210,f_jpg?from=ke.com
20240415,石景山,鲁谷,101107164188,远洋山水不临街一层带半地下按五年唯一随时签约房主自荐,830万,80544元/平,底层 (共12层) | 2007年 | 3室1厅 | 103.05平米 | 南 北,https://ke-image.ljcdn.com/110000-inspection/pc1_v3pE45toT_1.jpg!m_fill,w_280,h_210,f_jpg?from=ke.com
20240415,石景山,鲁谷,101123889720,远洋山水南区 正规一居室 满五年唯一 明厨明卫新上,360万,71614元/平,低楼层 (共25层) 1室1厅 | 50.27平米 | 东 南 北,https://s1.ljcdn.com/pegasus/redskull/images/common/default_house_list.png?_v=20240411140708
20240415,石景山,鲁谷,101123879082,八宝山南路29号院 2室1厅 南 北新上,210万,49296元/平,中楼层 (共6层) | 1990年 | 2室1厅 | 42.6平米 | 南 北,https://s1.ljcdn.com/pegasus/redskull/images/common/default_house_list.png?_v=20240411140708
20240415,石景山,鲁谷,101123848577,店长推荐南向96年满五年唯一没有遮挡不临街新上,260万,39927元/平,中楼层 (共6层) 2室1厅 | 65.12平米 | 东南,https://s1.ljcdn.com/pegasus/redskull/images/common/default_house_list.png?_v=20240411140708
20240415,石景山,鲁谷,101123806847,紫御长安 2室1厅 东新上,235万,40899元/平,高楼层 (共17层) 2室1厅 | 57.46平米 | 东,https://s1.ljcdn.com/pegasus/redskull/images/common/default_house_list.png?_v=20240411140708
20240415,石景山,鲁谷,101123805601,六场宿舍 2室1厅 南 北新上,258万,46571元/平,中楼层 (共6层) 2室1厅 | 55.4平米 | 南 北,https://s1.ljcdn.com/pegasus/redskull/images/common/default_house_list.png?_v=20240411140708
20240415,石景山,鲁谷,101123799175,远洋沁山水中间位置高层南北通透两居室,838万,94658元/平,中楼层 (共20层) 2室1厅 | 88.53平米 | 南 北,https://s1.ljcdn.com/pegasus/redskull/images/common/default_house_list.png?_v=20240411140708
20240415,石景山,鲁谷,101123783750,北方中惠国际中心 1室1厅 北新上,189万,48787元/平,中楼层 (共14层) 1室1厅 | 38.74平米 | 北,https://s1.ljcdn.com/pegasus/redskull/images/common/default_house_list.png?_v=20240411140708
20240415,石景山,鲁谷,101123771315,八宝山南路29号院 1室1厅 南,185万,45567元/平,底层 (共6层) | 1989年 | 1室1厅 | 40.6平米 | 南,https://s1.ljcdn.com/pegasus/redskull/images/common/default_house_list.png?_v=20240411140708
20240415,石景山,鲁谷,101123737069,远洋沁山水在卖精装三居中高楼层 靠谱签约,1400万,100029元/平,中楼层 (共21层) 3室2厅 | 139.96平米 | 南 北,https://s1.ljcdn.com/pegasus/redskull/images/common/default_house_list.png?_v=20240411140708
20240415,石景山,鲁谷,101123732320,双锦园 1室1厅 南,245万,49505元/平,高楼层 (共16层) | 2000年 | 1室1厅 | 49.49平米 | 南,https://s1.ljcdn.com/pegasus/redskull/images/common/default_house_list.png?_v=20240411140708
20240415,石景山,鲁谷,101123708682,七星园 2室1厅 西 东,380万,46747元/平,底层 (共6层) | 1999年 | 2室1厅 | 81.29平米 | 西 东,https://s1.ljcdn.com/pegasus/redskull/images/common/default_house_list.png?_v=20240411140708
20240415,石景山,鲁谷,101123706808,远洋沁山水 2室1厅 南 北,800万,89939元/平,低楼层 (共21层) 2室1厅 | 88.95平米 | 南 北,https://s1.ljcdn.com/pegasus/redskull/images/common/default_house_list.png?_v=20240411140708
20240415,石景山,鲁谷,101123703103,远洋沁山水上品 1室1厅 南,580万,90315元/平,中楼层 (共18层) | 2011年 | 1室1厅 | 64.22平米 | 南,https://s1.ljcdn.com/pegasus/redskull/images/common/default_house_list.png?_v=20240411140708
20240415,石景山,鲁谷,101123696299,重兴园 东南两居室 全明格局 视野开阔,415万,47386元/平,低楼层 (共24层) | 2003年 | 2室1厅 | 87.58平米 | 东 南,https://s1.ljcdn.com/pegasus/redskull/images/common/default_house_list.png?_v=20240411140708
20240415,石景山,鲁谷,101123693629,远洋沁山水 全南两居室 采光好 视野开阔 欢迎看房子,816万,92939元/平,中楼层 (共20层) | 2010年 | 2室1厅 | 87.8平米 | 南,https://s1.ljcdn.com/pegasus/redskull/images/common/default_house_list.png?_v=20240411140708
20240415,石景山,鲁谷,101123640057,京汉旭城 2室1厅 南 北,598万,68966元/平,中楼层 (共15层) | 2003年 | 2室1厅 | 86.71平米 | 南 北,https://s1.ljcdn.com/pegasus/redskull/images/common/default_house_list.png?_v=20240411140708
20240415,石景山,鲁谷,101123638065,北方中惠国际中心 3室2厅 东南,389万,56166元/平,中楼层 (共14层) 3室2厅 | 69.26平米 | 东南,https://s1.ljcdn.com/pegasus/redskull/images/common/default_house_list.png?_v=20240411140708
20240415,石景山,鲁谷,101123584221,位置优越配套齐全高楼层视野开阔可注册办公,398万,57357元/平,中楼层 (共14层) 3室2厅 | 69.39平米 | 东南,https://s1.ljcdn.com/pegasus/redskull/images/common/default_house_list.png?_v=20240411140708
20240415,石景山,鲁谷,101123581129,远洋山水 东向正规一居室 安静不吵 近地铁 诚心出售,395万,63567元/平,低楼层 (共25层) 1室1厅 | 62.14平米 | 东,https://s1.ljcdn.com/pegasus/redskull/images/common/default_house_list.png?_v=20240411140708
20240415,石景山,鲁谷,101123564865,玉兴园 房子南北通透 明厨明卫 使用率高,1020万,76537元/平,中楼层 (共6层) | 2002年 | 3室1厅 | 133.27平米 | 南 北,https://s1.ljcdn.com/pegasus/redskull/images/common/default_house_list.png?_v=20240411140708
20240415,石景山,鲁谷,101123549566,北方中惠国际中心 1室1厅 南,170万,52405元/平,中楼层 (共14层) | 2012年 | 1室1厅 | 32.44平米 | 南,https://s1.ljcdn.com/pegasus/redskull/images/common/default_house_list.png?_v=20240411140708
20240415,石景山,鲁谷,101123547230,五芳园 2室1厅 南 北,285万,49497元/平,中楼层 (共6层) | 1993年 | 2室1厅 | 57.58平米 | 南 北,https://s1.ljcdn.com/pegasus/redskull/images/common/default_house_list.png?_v=20240411140708
20240415,石景山,鲁谷,101123541924,远洋山水北区三居室满五唯一装修不错景观房,880万,65186元/平,顶层 (共26层) 3室2厅 | 135平米 | 南 北,https://s1.ljcdn.com/pegasus/redskull/images/common/default_house_list.png?_v=20240411140708
20240415,石景山,鲁谷,101123519486,远洋山水 2室2厅 东北,660万,61356元/平,中楼层 (共26层) | 2006年 | 2室2厅 | 107.57平米 | 东北,https://s1.ljcdn.com/pegasus/redskull/images/common/default_house_list.png?_v=20240411140708
20240415,石景山,鲁谷,101123516183,远洋沁山水 1室1厅 西北,578万,98770元/平,高楼层 (共20层) 1室1厅 | 58.52平米 | 西北,https://s1.ljcdn.com/pegasus/redskull/images/common/default_house_list.png?_v=20240411140708
20240415,石景山,鲁谷,101123496394,北重西厂 2室1厅 南 北,215万,36677元/平,顶层 (共6层) | 1989年 | 2室1厅 | 58.62平米 | 南 北,https://s1.ljcdn.com/pegasus/redskull/images/common/default_house_list.png?_v=20240411140708
20240415,石景山,鲁谷,101123449322,玉泉路甲65号院  一号线地铁玉泉路 南向一居室,194万,50130元/平,顶层 (共6层) | 1980年 | 1室1厅 | 38.7平米 | 南,https://s1.ljcdn.com/pegasus/redskull/images/common/default_house_list.png?_v=20240411140708
20240415,石景山,鲁谷,101123391887,远洋沁山水上品 2室1厅 南 北,675万,79040元/平,底层 (共13层) | 2011年 | 2室1厅 | 85.4平米 | 南 北,https://s1.ljcdn.com/pegasus/redskull/images/common/default_house_list.png?_v=20240411140708
20240415,石景山,鲁谷,101123381569,远洋山水一居小区中间位置户型方正,325万,68856元/平,中楼层 (共26层) 1室1厅 | 47.2平米 | 西,https://s1.ljcdn.com/pegasus/redskull/images/common/default_house_list.png?_v=20240411140708
20240415,石景山,鲁谷,101123362027,满五年唯一南北通透采光好 不临街精装修一梯两户,375万,70529元/平,高楼层 (共13层) | 2006年 | 1室1厅 | 53.17平米 | 南 北,https://s1.ljcdn.com/pegasus/redskull/images/common/default_house_list.png?_v=20240411140708
20240415,石景山,鲁谷,101123324798,远洋沁山水北区车位出入方便。,42万,14789元/平,地下室 | 2010年 | 1室0厅 | 28.4平米 | 北,https://ke-image.ljcdn.com/110000-inspection/1790f3e1-6383-468c-84ae-b9c365b46717.jpg!m_fill,w_280,h_210,f_jpg?from=ke.com
20240415,石景山,鲁谷,101123319152,【优质房源推荐】高层二居 诚心出售,398万,44780元/平,高楼层 (共24层) | 2002年 | 2室1厅 | 88.88平米 | 西北 南,https://s1.ljcdn.com/pegasus/redskull/images/common/default_house_list.png?_v=20240411140708
20240415,石景山,鲁谷,101123308426,永乐西区 2室1厅 南 北,240万,39306元/平,顶层 (共6层) | 1986年 | 2室1厅 | 61.06平米 | 南 北,https://s1.ljcdn.com/pegasus/redskull/images/common/default_house_list.png?_v=20240411140708
20240415,石景山,鲁谷,101123307678,紫御长安 商办全款购买层高高诚心出售,380万,68137元/平,顶层 (共17层) | 2017年 | 2室2厅 | 55.77平米 | 南,https://s1.ljcdn.com/pegasus/redskull/images/common/default_house_list.png?_v=20240411140708
20240415,石景山,鲁谷,101123293950,鲁谷 永乐东区 小三居 采光好,249万,42902元/平,顶层 (共5层) | 1979年 | 3室1厅 | 58.04平米 | 北 南,https://s1.ljcdn.com/pegasus/redskull/images/common/default_house_list.png?_v=20240411140708
20240415,石景山,鲁谷,101123282434,诗景长安2012年商品房出门就是公园,569万,65200元/平,低楼层 (共27层) 2室1厅 | 87.27平米 | 南,https://s1.ljcdn.com/pegasus/redskull/images/common/default_house_list.png?_v=20240411140708
20240415,石景山,鲁谷,101123274869,六合园 2室1厅 南,345万,50968元/平,中楼层 (共18层) | 1996年 | 2室1厅 | 67.69平米 | 南,https://s1.ljcdn.com/pegasus/redskull/images/common/default_house_list.png?_v=20240411140708
20240415,石景山,鲁谷,101123221922,八宝山南路29号院 1室1厅 南 北,255万,43162元/平,中楼层 (共6层) | 1998年 | 1室1厅 | 59.08平米 | 南 北,https://s1.ljcdn.com/pegasus/redskull/images/common/default_house_list.png?_v=20240411140708
20240415,石景山,鲁谷,101123005108,远洋山水 车位,56万,16667元/平,地下室 (共26层) 1室0厅 | 33.6平米 | 南,https://ke-image.ljcdn.com/110000-inspection/a10c96e8aafa04f5fa713e571604854f-097.jpg!m_fill,w_280,h_210,f_jpg?from=ke.com
20240415,石景山,鲁谷,101122878759,重兴园 1室0厅 南,30万,26087元/平,地下室 (共15层) | 2008年 | 1室0厅 | 11.5平米 | 南,https://ke-image.ljcdn.com/110000-inspection/74320fb3-549a-457e-832b-5bd7afb49e29.jpg!m_fill,w_280,h_210,f_jpg?from=ke.com
20240415,石景山,鲁谷,101122834849,紫御国际车位出售 有房本 可过户,20万,3634元/平,地下室 (共1层) 1室0厅 | 55.04平米 | 西,https://s1.ljcdn.com/pegasus/redskull/images/common/default_house_list.png?_v=20240411140708
20240415,石景山,鲁谷,101122651180,石景山万达广场 2室1厅 北,200万,28110元/平,高楼层 (共26层) 2室1厅 | 71.15平米 | 北,https://s1.ljcdn.com/pegasus/redskull/images/common/default_house_list.png?_v=20240411140708
20240415,石景山,鲁谷,101122542322,远洋山水 车位,63万,18750元/平,地下室 (共26层) 1室0厅 | 33.6平米 | 东,https://ke-image.ljcdn.com/110000-inspection/9cbd69bbe0d364775c60c2c0bc52f1b1-010.jpg!m_fill,w_280,h_210,f_jpg?from=ke.com
20240415,石景山,鲁谷,101122538006,远洋沁山水负二层车位靠近1号楼2号楼3号楼5号楼,43万,14464元/平,地下室 (共21层) | 2010年 | 1室0厅 | 29.73平米 | 北,https://ke-image.ljcdn.com/110000-inspection/dd980871518af108ca104098de0885f9-014.jpg!m_fill,w_280,h_210,f_jpg?from=ke.com
20240415,石景山,鲁谷,101122503400,5.4米位置方便精装修上下两层空间好利用,260万,45249元/平,顶层 (共17层) 2室1厅 | 57.46平米 | 东,https://s1.ljcdn.com/pegasus/redskull/images/common/default_house_list.png?_v=20240411140708
20240415,石景山,鲁谷,101122379743,紫御长安交通便利 带装修可直接办公,275万,42929元/平,中楼层 (共17层) | 2017年 | 3室1厅 | 64.06平米 | 东北,https://s1.ljcdn.com/pegasus/redskull/images/common/default_house_list.png?_v=20240411140708
20240415,石景山,鲁谷,101122080376,远洋沁山水北区车位出入方便。,45万,15137元/平,地下室 (共21层) | 2010年 | 1室0厅 | 29.73平米 | 北,https://ke-image.ljcdn.com/110000-inspection/70946d727eef5a11bf36d255d96e205d-074.jpg!m_fill,w_280,h_210,f_jpg?from=ke.com
20240415,石景山,鲁谷,101121855888,远洋山水 3室1厅 南 北,1280万,87738元/平,低楼层 (共14层) | 2008年 | 3室1厅 | 145.89平米 | 南 北,https://ke-image.ljcdn.com/110000-inspection/pc1_eMvjQ2aC7_1.jpg!m_fill,w_280,h_210,f_jpg?from=ke.com
20240415,石景山,鲁谷,101121847628,商业办公类5.4米层高办公可注册,176万,37591元/平,中楼层 (共15层) | 2011年 | 1室1厅 | 46.82平米 | 东,https://s1.ljcdn.com/pegasus/redskull/images/common/default_house_list.png?_v=20240411140708
20240415,石景山,鲁谷,101121798658,紫御长安 2室1厅 东北,230万,38924元/平,低楼层 (共17层) 2室1厅 | 59.09平米 | 东北,https://s1.ljcdn.com/pegasus/redskull/images/common/default_house_list.png?_v=20240411140708
20240415,石景山,鲁谷,101121486142,紫御长安 2室1厅 西,195万,34966元/平,中楼层 (共17层) 2室1厅 | 55.77平米 | 西,https://s1.ljcdn.com/pegasus/redskull/images/common/default_house_list.png?_v=20240411140708
20240415,石景山,鲁谷,101121232932,北方中惠 50年产权 商业办公 可以注册！,168万,43367元/平,中楼层 (共14层) | 2011年 | 2室2厅 | 38.74平米 | 北,https://s1.ljcdn.com/pegasus/redskull/images/common/default_house_list.png?_v=20240411140708
20240415,石景山,鲁谷,101121203676,crd银座房主靠谱出售精装修户型好,172万,31554元/平,中楼层 (共16层) | 2010年 | 1室1厅 | 54.51平米 | 西,https://s1.ljcdn.com/pegasus/redskull/images/common/default_house_list.png?_v=20240411140708
20240415,石景山,鲁谷,101121181435,远洋沁山水 车位,50万,17606元/平,地下室 | 2010年 | 1室0厅 | 28.4平米 | 西,https://ke-image.ljcdn.com/110000-inspection/30caea1e67ace20c8c5b7ee288950a1a-023.jpg!m_fill,w_280,h_210,f_jpg?from=ke.com
20240415,石景山,鲁谷,101121016511,紫御国际 2室2厅 南,446万,47994元/平,高楼层 (共15层) 2室2厅 | 92.93平米 | 南,https://s1.ljcdn.com/pegasus/redskull/images/common/default_house_list.png?_v=20240411140708
20240415,石景山,鲁谷,101120838019,紫御长安5.4米层高上下两层近地铁精装修！房主自荐,496万,74397元/平,高楼层 (共17层) 4室2厅 | 66.67平米 | 东南,https://s1.ljcdn.com/pegasus/redskull/images/common/default_house_list.png?_v=20240411140708
20240415,石景山,鲁谷,101120735509,远洋山水 车位,65万,21270元/平,地下室 (共19层) | 2008年 | 1室0厅 | 30.56平米 | 南,https://ke-image.ljcdn.com/110000-inspection/a25e713c-2ac6-40c4-b308-149dfda8175b.jpg!m_fill,w_280,h_210,f_jpg?from=ke.com
20240415,石景山,鲁谷,101120371962,南区远景阁车位 总价便宜 位置好 靠谱出售  随时签约,61万,16978元/平,地下室 1室0厅 | 35.93平米 | 东南,https://ke-image.ljcdn.com/110000-inspection/d8c4cd79-5a06-4046-ae34-f1ea5a665047.jpg!m_fill,w_280,h_210,f_jpg?from=ke.com
20240415,石景山,鲁谷,101120148431,远洋沁山水北区13号楼附近。。。,50万,17606元/平,地下室 1室0厅 | 28.4平米 | 北,https://ke-image.ljcdn.com/110000-inspection/d595de0b-6acc-474f-bc8d-32cf93989944.jpg!m_fill,w_280,h_210,f_jpg?from=ke.com
20240415,石景山,鲁谷,101120051810,紫御国际南向高楼层采光好,260万,44166元/平,高楼层 (共15层) 1室1厅 | 58.87平米 | 南,https://s1.ljcdn.com/pegasus/redskull/images/common/default_house_list.png?_v=20240411140708
20240415,石景山,鲁谷,101119906136,紫御长安商办 5.4米层高精装修诚心出售,515万,76524元/平,高楼层 (共17层) | 2017年 | 2室1厅 | 67.3平米 | 东北,https://s1.ljcdn.com/pegasus/redskull/images/common/default_house_list.png?_v=20240411140708
20240415,石景山,鲁谷,101119779000,永乐东区三居室中间楼层南北通透~业主诚意出售,280万,48243元/平,中楼层 (共5层) | 1979年 | 3室1厅 | 58.04平米 | 北 东南,https://s1.ljcdn.com/pegasus/redskull/images/common/default_house_list.png?_v=20240411140708
20240415,石景山,鲁谷,101119666091,紫御长安5.4米层高南向高楼层三室靠谱出售,309万,54325元/平,中楼层 (共17层) 2室1厅 | 56.88平米 | 南,https://s1.ljcdn.com/pegasus/redskull/images/common/default_house_list.png?_v=20240411140708
20240415,石景山,鲁谷,101119661721,紫御长安精装修近地铁上下两层利用度高,237万,42496元/平,中楼层 (共17层) | 2017年 | 2室1厅 | 55.77平米 | 南,https://s1.ljcdn.com/pegasus/redskull/images/common/default_house_list.png?_v=20240411140708
20240415,石景山,鲁谷,101119349366,紫御长安西向中间楼层两室靠谱出售,190万,33820元/平,中楼层 (共17层) 2室1厅 | 56.18平米 | 西,https://s1.ljcdn.com/pegasus/redskull/images/common/default_house_list.png?_v=20240411140708
20240415,石景山,鲁谷,101119315767,远洋沁山水负一层车位停车方便,55万,19367元/平,地下室 | 2010年 | 1室0厅 | 28.4平米 | 北,https://ke-image.ljcdn.com/110000-inspection/d5a63979-1efa-48ed-a6df-5f0b09f3c93b.jpg!m_fill,w_280,h_210,f_jpg?from=ke.com
20240415,石景山,鲁谷,101119291507,紫御国际中间楼层东向正对小区花园靠谱出售,174万,36748元/平,低楼层 (共15层) | 2011年 | 1室1厅 | 47.35平米 | 东,https://s1.ljcdn.com/pegasus/redskull/images/common/default_house_list.png?_v=20240411140708
20240415,石景山,鲁谷,101119007399,远洋沁山水北区车位靠谱出售。,40万,13455元/平,地下室 | 2010年 | 1室0厅 | 29.73平米 | 北,https://ke-image.ljcdn.com/110000-inspection/5b317b7d-8089-41f1-bf05-4cfdc092d220.jpg!m_fill,w_280,h_210,f_jpg?from=ke.com
20240415,石景山,鲁谷,101118615067,紫御长安中间楼层上下两层靠谱出售,300万,46832元/平,中楼层 (共17层) 2室2厅 | 64.06平米 | 北,https://s1.ljcdn.com/pegasus/redskull/images/common/default_house_list.png?_v=20240411140708
20240415,石景山,鲁谷,101118145766,远洋沁山水 地下车位 紧挨单元门 位置好,48万,16902元/平,地下室 | 2010年 | 1室0厅 | 28.4平米 | 南 北,https://ke-image.ljcdn.com/110000-inspection/3faa0a8b-cb55-4fb4-9d2e-ad6dba55eb9b.jpg!m_fill,w_280,h_210,f_jpg?from=ke.com
20240415,石景山,鲁谷,101117986952,远洋沁山水 6号楼B1车位 挨着单元门,48万,16146元/平,地下室 | 2010年 | 1室0厅 | 29.73平米 | 东,https://ke-image.ljcdn.com/110000-inspection/6374277a-67b2-4366-9a8d-32ae3024e214.jpg!m_fill,w_280,h_210,f_jpg?from=ke.com
20240415,石景山,鲁谷,101117943233,远洋沁山水负一层靠谱车位出售位置好。,52万,18310元/平,地下室 | 2010年 | 1室0厅 | 28.4平米 | 北,https://ke-image.ljcdn.com/110000-inspection/de844e3b-3c2e-4884-9ec9-f4ea646637c4.jpg!m_fill,w_280,h_210,f_jpg?from=ke.com
20240415,石景山,鲁谷,101117812071,紫御长安近地铁精装修上下两层结构看房方便,399万,62286元/平,高楼层 (共17层) | 2017年 | 2室1厅 | 64.06平米 | 北,https://s1.ljcdn.com/pegasus/redskull/images/common/default_house_list.png?_v=20240411140708
20240415,石景山,鲁谷,101117316488,5.4米位置方便精装修上下两层空间好利用,250万,44827元/平,中楼层 (共17层) 2室2厅 | 55.77平米 | 西,https://s1.ljcdn.com/pegasus/redskull/images/common/default_house_list.png?_v=20240411140708
20240415,石景山,鲁谷,101117264032,远洋沁山水新上3号楼车位 016 业主诚心卖 随时能签约,42万,14128元/平,地下室 1室0厅 | 29.73平米 | 南,https://ke-image.ljcdn.com/110000-inspection/af7d69e9-7909-43dc-a24d-7f64ec9d9d2b.jpg!m_fill,w_280,h_210,f_jpg?from=ke.com
20240415,石景山,鲁谷,101117221539,万达广场南侧 北方中惠国际南向复式 随时看房,185万,57029元/平,中楼层 (共14层) | 2011年 | 1室1厅 | 32.44平米 | 南,https://s1.ljcdn.com/pegasus/redskull/images/common/default_house_list.png?_v=20240411140708
20240415,石景山,鲁谷,101116991924,紫御长安 商办类 个人或公司名义购买,159万,33188元/平,低楼层 (共17层) | 2017年 | 2室1厅 | 47.91平米 | 西,https://s1.ljcdn.com/pegasus/redskull/images/common/default_house_list.png?_v=20240411140708
20240415,石景山,鲁谷,101116708658,楼龄新位置好交通方便诚意出售,178万,49335元/平,顶层 (共14层) | 2011年 | 1室0厅 | 36.08平米 | 东,https://s1.ljcdn.com/pegasus/redskull/images/common/default_house_list.png?_v=20240411140708
20240415,石景山,鲁谷,101116304131,远洋沁山水北院车位 地下产权车位,43万,15141元/平,地下室 | 2011年 | 1室0厅 | 28.4平米 | 南,https://ke-image.ljcdn.com/110000-inspection/24aec1c4-a416-487e-806e-3b7fa0a2355d.jpg!m_fill,w_280,h_210,f_jpg?from=ke.com
20240415,石景山,鲁谷,101115831955,远洋沁山水靠谱出售车位位置好,54万,18164元/平,地下室 (共21层) | 2010年 | 1室0厅 | 29.73平米 | 北,https://ke-image.ljcdn.com/110000-inspection/472b526fb4393e7226750d12c63378fb-099.jpg!m_fill,w_280,h_210,f_jpg?from=ke.com
20240415,石景山,鲁谷,101114738675,紫御长安 商办类 公司名义购买房主自荐,149万,50629元/平,高楼层 (共17层) | 2017年 | 1室1厅 | 29.43平米 | 东,https://s1.ljcdn.com/pegasus/redskull/images/common/default_house_list.png?_v=20240411140708
20240415,石景山,鲁谷,101114569985,紫御国际小区 南北向 有电梯 精装修,390万,45014元/平,低楼层 (共15层) | 2011年 | 3室1厅 | 86.64平米 | 南 北,https://s1.ljcdn.com/pegasus/redskull/images/common/default_house_list.png?_v=20240411140708
20240415,石景山,鲁谷,101114541389,紫御长安 中间层 业主诚意出售,245万,45872元/平,中楼层 (共17层) | 2017年 | 2室2厅 | 53.41平米 | 南,https://s1.ljcdn.com/pegasus/redskull/images/common/default_house_list.png?_v=20240411140708
20240415,石景山,鲁谷,101112030432,一号线交通方便精装修价格好上下两层空间好利用,209万,37476元/平,中楼层 (共17层) | 2017年 | 2室1厅 | 55.77平米 | 西,https://s1.ljcdn.com/pegasus/redskull/images/common/default_house_list.png?_v=20240411140708
20240415,石景山,鲁谷,101108844312,位置好价格合理交通方便诚心出售,315万,56432元/平,低楼层 (共14层) | 2012年 | 2室1厅 | 55.82平米 | 南,https://s1.ljcdn.com/pegasus/redskull/images/common/default_house_list.png?_v=20240411140708
20240415,石景山,鲁谷,101106166657,远洋沁山水上品车位出售 业主诚意出售,55万,17356元/平,地下室 | 2011年 | 1室0厅 | 31.69平米 | 东,https://ke-image.ljcdn.com/110000-inspection/a56acf2afe807a374c710641ac74755c-014.jpg!m_fill,w_280,h_210,f_jpg?from=ke.com
20240415,石景山,鲁谷,101102307000,紫御国际可注册5.4米层高业主诚心出售,245万,41414元/平,高楼层 (共15层) | 2011年 | 1室1厅 | 59.16平米 | 北,https://s1.ljcdn.com/pegasus/redskull/images/common/default_house_list.png?_v=20240411140708
