20231207,海淀,田村,101121954023,乐府江南 137.23平米三居中高层 无遮挡 满五年唯一必看好房,1480万,107849元/平,中楼层 (共9层) | 2005年 | 3室2厅 | 137.23平米 | 南 北,https://ke-image.ljcdn.com/110000-inspection/pc1_jRwBBIoUH.jpg!m_fill,w_280,h_210,f_jpg?from=ke.com
20231207,海淀,田村,101121827406,地铁 满五唯一 不临街 高楼层 视野好必看好房,539万,79675元/平,高楼层 (共15层) 1室1厅 | 67.65平米 | 东,https://ke-image.ljcdn.com/110000-inspection/pc1_qTyFbj0k9_1.jpg!m_fill,w_280,h_210,f_jpg?from=ke.com
20231207,海淀,田村,101121790646,西木小区 中间位置 南北朝向 2居室 交通便利 采光好必看好房,399万,74026元/平,顶层 (共5层) 2室1厅 | 53.9平米 | 南 北,https://ke-image.ljcdn.com/110000-inspection/pc1_tUaOpCrFr_2.jpg!m_fill,w_280,h_210,f_jpg?from=ke.com
20231207,海淀,田村,101121721537,乐府江南 满五唯一两居室 视野采光好 随时看房必看好房,980万,97252元/平,高楼层 (共9层) | 2005年 | 2室1厅 | 100.77平米 | 东 西,https://ke-image.ljcdn.com/110000-inspection/pc1_cOILLNIUf_1.jpg!m_fill,w_280,h_210,f_jpg?from=ke.com
20231207,海淀,田村,101121719182,海淀西四环 近地铁 配套成熟 出行方便 楼龄新 环境好必看好房,670万,80336元/平,低楼层 (共17层) 2室1厅 | 83.4平米 | 南,https://ke-image.ljcdn.com/110000-inspection/pc1_ZOUxbgy3X.jpg!m_fill,w_280,h_210,f_jpg?from=ke.com
20231207,海淀,田村,101121635234,海淀西四环 熙湖 2008年商品房 满五年唯一 双地下车位必看好房,1268万,86713元/平,中楼层 (共12层) | 2008年 | 3室2厅 | 146.23平米 | 南 北,https://ke-image.ljcdn.com/110000-inspection/pc1_5RRyCfwqN_1.jpg!m_fill,w_280,h_210,f_jpg?from=ke.com
20231207,海淀,田村,101121555706,视野宽阔 交通便利 配套起源 全南格局,560万,79489元/平,低楼层 (共14层) | 2021年 | 2室1厅 | 70.45平米 | 南 西,https://ke-image.ljcdn.com/110000-inspection/pc1_EjrOVETTD_1.jpg!m_fill,w_280,h_210,f_jpg?from=ke.com
20231207,海淀,田村,101121501152,西木小区 坡上正规小两居 满五年必看好房,410万,83504元/平,底层 (共5层) | 1986年 | 2室1厅 | 49.1平米 | 东 北,https://ke-image.ljcdn.com/110000-inspection/pc1_CXOL4PDPp_2.jpg!m_fill,w_280,h_210,f_jpg?from=ke.com
20231207,海淀,田村,101121489646,海淀田村地铁口幸福时光两居室婚房装修位置安静好停车,700万,83008元/平,中楼层 (共6层) 2室1厅 | 84.33平米 | 南 北,https://ke-image.ljcdn.com/110000-inspection/pc1_8EuF6HvdQ.jpg!m_fill,w_280,h_210,f_jpg?from=ke.com
20231207,海淀,田村,101121412086,碧桐园 经典不临街全南户型 采光好 随时看房必看好房,620万,80751元/平,顶层 (共6层) 2室1厅 | 76.78平米 | 南,https://ke-image.ljcdn.com/110000-inspection/pc1_KwimPMdKD_1.jpg!m_fill,w_280,h_210,f_jpg?from=ke.com
20231207,海淀,田村,101121411239,海澜中苑 中间楼层 不临街 采光好 停车方便 近地铁必看好房,458万,61601元/平,中楼层 (共6层) 2室1厅 | 74.35平米 | 南 北,https://ke-image.ljcdn.com/110000-inspection/pc1_KM7uDRNKy_1.jpg!m_fill,w_280,h_210,f_jpg?from=ke.com
20231207,海淀,田村,101121313223,永达逸家 业主诚意出售 视野好 无遮挡必看好房,435万,74233元/平,顶层 (共15层) | 2004年 | 1室1厅 | 58.6平米 | 西,https://ke-image.ljcdn.com/110000-inspection/pc1_WiegaP7Pg_1.jpg!m_fill,w_280,h_210,f_jpg?from=ke.com
20231207,海淀,田村,101121245145,海淀西四环2003年小区 永定河路26号 满五唯一带电梯,489万,70819元/平,中楼层 (共7层) 1室1厅 | 69.05平米 | 东,https://ke-image.ljcdn.com/110000-inspection/pc1_W4weAIvNw_1.jpg!m_fill,w_280,h_210,f_jpg?from=ke.com
20231207,海淀,田村,101121227612,田村40号院 南北通透两居 中间楼层 近地铁必看好房,386万,77666元/平,中楼层 (共5层) | 1976年 | 2室1厅 | 49.7平米 | 南 北,https://ke-image.ljcdn.com/110000-inspection/pc1_Auz3HUmD5.jpg!m_fill,w_280,h_210,f_jpg?from=ke.com
20231207,海淀,田村,101121189478,此房南北通透格局采光充足视野宽阔必看好房,780万,86744元/平,中楼层 (共17层) 2室1厅 | 89.92平米 | 南 北,https://ke-image.ljcdn.com/110000-inspection/pc1_HxVbDHZsi_1.jpg!m_fill,w_280,h_210,f_jpg?from=ke.com
20231207,海淀,田村,101121171370,天合家园 正规一居室不临街必看好房,479万,76961元/平,高楼层 (共14层) | 2021年 | 1室1厅 | 62.24平米 | 东北,https://ke-image.ljcdn.com/110000-inspection/pc1_DeZnxaSiW_1.jpg!m_fill,w_280,h_210,f_jpg?from=ke.com
20231207,海淀,田村,101121139025,2003年电梯房 朝南两居室 不临街 满五唯一必看好房,565万,70100元/平,中楼层 (共8层) 2室1厅 | 80.6平米 | 南,https://ke-image.ljcdn.com/110000-inspection/pc1_0kxUaXJCh_1.jpg!m_fill,w_280,h_210,f_jpg?from=ke.com
20231207,海淀,田村,101121086162,总监推荐 碧森里四居 近地铁 小区中间高层 安静采光好必看好房,1228万,85326元/平,顶层 (共9层) | 2004年 | 4室2厅 | 143.92平米 | 南 北,https://ke-image.ljcdn.com/110000-inspection/pc1_GGT7dTrUO_1.jpg!m_fill,w_280,h_210,f_jpg?from=ke.com
20231207,海淀,田村,101121059158,南北通透格局方正首套贷款260万必看好房,380万,69853元/平,中楼层 (共5层) 2室1厅 | 54.4平米 | 南 北,https://ke-image.ljcdn.com/110000-inspection/pc1_kKvdAqvxl_1.jpg!m_fill,w_280,h_210,f_jpg?from=ke.com
20231207,海淀,田村,101121030135,天合家园 南向两居室户型方正不临街必看好房,570万,80748元/平,低楼层 (共17层) 2室1厅 | 70.59平米 | 南,https://ke-image.ljcdn.com/110000-inspection/pc1_1hL4psNGu.jpg!m_fill,w_280,h_210,f_jpg?from=ke.com
20231207,海淀,田村,101121030009,天和家园 西向一居室 高楼层采光和视野好必看好房,369万,72810元/平,高楼层 (共16层) 1室0厅 | 50.68平米 | 西,https://ke-image.ljcdn.com/110000-inspection/0181c1a6-17e0-4fb8-a31f-99a39bc05ffb_1000.jpg!m_fill,w_280,h_210,f_jpg?from=ke.com
20231207,海淀,田村,101120989770,店长推荐 中国房子三居 小区中间 得房率89% 地铁150米房主自荐,1260万,88589元/平,低楼层 (共9层) | 2005年 | 3室2厅 | 142.23平米 | 南 北,https://ke-image.ljcdn.com/110000-inspection/pc1_WbuCvxJ7t_1.jpg!m_fill,w_280,h_210,f_jpg?from=ke.com
20231207,海淀,田村,101120977292,绿谷雅园低楼层两居室  业主着急出售价格可谈必看好房,588万,58942元/平,中楼层 (共5层) 2室1厅 | 99.76平米 | 南 北,https://ke-image.ljcdn.com/110000-inspection/pc1_gENfhK3ch_1.jpg!m_fill,w_280,h_210,f_jpg?from=ke.com
20231207,海淀,田村,101120811095,永景园 满五年 南北通透 一层 采光充足 带车位必看好房,605万,85950元/平,底层 (共6层) 2室1厅 | 70.39平米 | 南 北,https://ke-image.ljcdn.com/110000-inspection/pc1_9e2BMvOWf_1.jpg!m_fill,w_280,h_210,f_jpg?from=ke.com
20231207,海淀,田村,101120525224,海淀区田村40号院精装南北两居 有车位近地铁生活便利,497万,79904元/平,低楼层 (共6层) | 1985年 | 2室1厅 | 62.2平米 | 南 北,https://ke-image.ljcdn.com/110000-inspection/pc1_aUOqj0sus_1.jpg!m_fill,w_280,h_210,f_jpg?from=ke.com
20231207,海淀,田村,101120476425,江南园林社区  双卧客厅朝南  采光充足必看好房,1082万,98913元/平,中楼层 (共9层) | 2005年 | 2室1厅 | 109.39平米 | 南,https://ke-image.ljcdn.com/110000-inspection/pc1_vt4f0cYlr_1.jpg!m_fill,w_280,h_210,f_jpg?from=ke.com
20231207,海淀,田村,101120320748,1996年南北优质三居室  满五唯一  看房方便 可谈必看好房,478万,62870元/平,高楼层 (共6层) | 1996年 | 3室1厅 | 76.03平米 | 南 北,https://ke-image.ljcdn.com/110000-inspection/pc1_tIDG30Tch_1.jpg!m_fill,w_280,h_210,f_jpg?from=ke.com
20231207,海淀,田村,101120053919,绿谷雅园 平层大三居室 南北朝向必看好房,898万,54911元/平,中楼层 (共5层) 3室2厅 | 163.54平米 | 南 北,https://ke-image.ljcdn.com/110000-inspection/pc1_krNsbPVs7_1.jpg!m_fill,w_280,h_210,f_jpg?from=ke.com
20231207,海淀,田村,101119750695,西四环外 地铁口旁 新上南北两居室 高楼层 采光好,375万,63452元/平,顶层 (共6层) | 1990年 | 2室1厅 | 59.1平米 | 南 北,https://ke-image.ljcdn.com/110000-inspection/pc1_ATFqrWdnS.jpg!m_fill,w_280,h_210,f_jpg?from=ke.com
20231207,海淀,田村,101119624378,畅茜园碧森里 人车分流 满五唯一 带电梯 近地铁必看好房,799万,87562元/平,低楼层 (共10层) 2室1厅 | 91.25平米 | 南 北,https://ke-image.ljcdn.com/110000-inspection/pc1_pOsEurIOH_1.jpg!m_fill,w_280,h_210,f_jpg?from=ke.com
20231207,海淀,田村,101119596118,西木小区 南北朝向 不临街 采光好 交通便利必看好房,483万,91409元/平,中楼层 (共5层) 2室1厅 | 52.84平米 | 南 北,https://ke-image.ljcdn.com/110000-inspection/pc1_oBec7cDTx.jpg!m_fill,w_280,h_210,f_jpg?from=ke.com
20231207,海淀,田村,101119498186,兰德华庭 满五唯一 正规两居室必看好房,666万,77290元/平,低楼层 (共13层) 2室1厅 | 86.17平米 | 西北,https://ke-image.ljcdn.com/110000-inspection/pc1_WXEiVBlaU_1.jpg!m_fill,w_280,h_210,f_jpg?from=ke.com
20231207,海淀,田村,101119178116,金玉府高层南北大三居室观山观水景景色秀美必看好房,1330万,97017元/平,高楼层 (共15层) 3室2厅 | 137.09平米 | 南 北,https://ke-image.ljcdn.com/110000-inspection/pc1_43Sfd9cf6.jpg!m_fill,w_280,h_210,f_jpg?from=ke.com
20231207,海淀,田村,101118091617,西山洋房 经典不临街全南户型 中楼层采光好 随时签约必看好房,698万,77599元/平,中楼层 (共6层) | 2009年 | 2室1厅 | 89.95平米 | 南,https://ke-image.ljcdn.com/110000-inspection/pc1_kyGXFyxkJ.jpg!m_fill,w_280,h_210,f_jpg?from=ke.com
20231207,海淀,田村,101122050887,乐府江南 小区南北通透两居室 看房方便,1099万,103876元/平,低楼层 (共9层) | 2005年 | 2室1厅 | 105.8平米 | 南 北,https://ke-image.ljcdn.com/110000-inspection/pc1_s5MTLQoZj_1.jpg!m_fill,w_280,h_210,f_jpg?from=ke.com
20231207,海淀,田村,101121950012,王致和腐乳厂宿舍 非1层 2+1户型 不临街首套可贷265万必看好房,418万,72069元/平,中楼层 (共5层) 2室1厅 | 58平米 | 南 北,https://ke-image.ljcdn.com/110000-inspection/pc1_MeD5iGeF6_1.jpg!m_fill,w_280,h_210,f_jpg?from=ke.com
20231207,海淀,田村,101121947987,天合家园 2021年小区 全南两居 无遮挡 中高楼层必看好房,760万,89697元/平,中楼层 (共14层) 2室1厅 | 84.73平米 | 南,https://ke-image.ljcdn.com/110000-inspection/pc1_SZrNhJ7y2_1.jpg!m_fill,w_280,h_210,f_jpg?from=ke.com
20231207,海淀,田村,101121880608,田村40号院南北通透两居 生活便利 业主诚售 停车方便必看好房,395万,58519元/平,中楼层 (共5层) 2室1厅 | 67.5平米 | 西 南 北,https://ke-image.ljcdn.com/110000-inspection/pc1_DqRCfGnhj_1.jpg!m_fill,w_280,h_210,f_jpg?from=ke.com
20231207,海淀,田村,101121869975,南北两居 采光充足 一层不用爬楼,585万,83109元/平,底层 (共6层) | 2000年 | 2室1厅 | 70.39平米 | 南 北,https://ke-image.ljcdn.com/110000-inspection/pc1_rZznlMdae.jpg!m_fill,w_280,h_210,f_jpg?from=ke.com
20231207,海淀,田村,101121869479,不临街 中间层 单位分房 诚意出售 随时看房必看好房,440万,69621元/平,中楼层 (共6层) 2室1厅 | 63.2平米 | 南 北,https://ke-image.ljcdn.com/110000-inspection/pc1_kmSHTBwkM.jpg!m_fill,w_280,h_210,f_jpg?from=ke.com
20231207,海淀,田村,101121811997,田村41号院 南北两居 安静不临街必看好房,386万,77046元/平,底层 (共6层) | 1987年 | 2室1厅 | 50.1平米 | 南 北,https://ke-image.ljcdn.com/110000-inspection/pc1_V8y1R78E5_1.jpg!m_fill,w_280,h_210,f_jpg?from=ke.com
20231207,海淀,田村,101121748483,2011年日式小区  南北二居  不临街 不经常住保持很好房主自荐,935万,105543元/平,低楼层 (共8层) 3室1厅 | 88.59平米 | 南 北,https://ke-image.ljcdn.com/110000-inspection/pc1_rgwo1Jg62_1.jpg!m_fill,w_280,h_210,f_jpg?from=ke.com
20231207,海淀,田村,101121542739,乐府江南 观景三居 中高楼层 位置好 诚意卖 看房方便必看好房,1390万,98449元/平,高楼层 (共9层) | 2005年 | 3室2厅 | 141.19平米 | 东南,https://ke-image.ljcdn.com/110000-inspection/pc1_d6fe96Fed_1.jpg!m_fill,w_280,h_210,f_jpg?from=ke.com
20231207,海淀,田村,101121504590,碧森里 地铁楼 人车分流 不临街 满五唯一 全明格局,1185万,89814元/平,低楼层 (共9层) 3室1厅 | 131.94平米 | 南 北,https://ke-image.ljcdn.com/110000-inspection/pc1_CdI4yTCjs_1.jpg!m_fill,w_280,h_210,f_jpg?from=ke.com
20231207,海淀,田村,101121370153,优质好房  不临街户型方便实用必看好房,1036万,85079元/平,低楼层 (共9层) 3室1厅 | 121.77平米 | 东 南,https://ke-image.ljcdn.com/110000-inspection/pc1_IxUTkhFtq.jpg!m_fill,w_280,h_210,f_jpg?from=ke.com
20231207,海淀,田村,101121354130,田村39号院 满五年 南北通透 看房方便 诚意卖必看好房,499万,77209元/平,底层 (共6层) 2室1厅 | 64.63平米 | 南 北,https://ke-image.ljcdn.com/110000-inspection/5d833c03-3db4-44cc-abae-6c21d8dd08cd_1000.jpg!m_fill,w_280,h_210,f_jpg?from=ke.com
20231207,海淀,田村,101121128502,西木小区一层南北通透两居室满五年,499万,95888元/平,底层 (共5层) 2室1厅 | 52.04平米 | 南 北,https://ke-image.ljcdn.com/110000-inspection/374b5259-227f-4650-9b04-eef563a607f0_1000.jpg!m_fill,w_280,h_210,f_jpg?from=ke.com
20231207,海淀,田村,101120931115,田村39号院 田村地铁口 南北通透 楼龄新 出行便利必看好房,535万,82600元/平,底层 (共6层) 2室1厅 | 64.77平米 | 南 北,https://ke-image.ljcdn.com/110000-inspection/pc1_hNBtg05ZN_1.jpg!m_fill,w_280,h_210,f_jpg?from=ke.com
20231207,海淀,田村,101120782067,雅世合金公寓 2011年商品房小区精装修诚意出售必看好房,780万,106908元/平,中楼层 (共9层) 2室1厅 | 72.96平米 | 西北,https://ke-image.ljcdn.com/110000-inspection/pc1_flxBAHI3o_1.jpg!m_fill,w_280,h_210,f_jpg?from=ke.com
20231207,海淀,田村,101120365974,西山国际城 40年产权 层高5.4米 有燃气 集中供暖,335万,57002元/平,中楼层 (共6层) | 2013年 | 2室1厅 | 58.77平米 | 南 北,https://ke-image.ljcdn.com/110000-inspection/pc1_fJLUzZKIa_1.jpg!m_fill,w_280,h_210,f_jpg?from=ke.com
20231207,海淀,田村,101120142214,海澜中苑 不临街 南北通透 无遮挡采光好  停车方便必看好房,478万,64291元/平,低楼层 (共6层) 2室1厅 | 74.35平米 | 南 北,https://ke-image.ljcdn.com/110000-inspection/pc1_8avtGMV1i.jpg!m_fill,w_280,h_210,f_jpg?from=ke.com
20231207,海淀,田村,101118946432,西山国际城 一期房子 西向 外圈必看好房,179万,51143元/平,低楼层 (共6层) 2室1厅 | 35平米 | 西,https://s1.ljcdn.com/pegasus/redskull/images/common/default_house_list.png?_v=202311081228217
20231207,海淀,田村,101118835278,西山洋房 6号线地铁口 顶层大两室 方便看房必看好房,210万,39158元/平,顶层 (共4层) | 2009年 | 2室1厅 | 53.63平米 | 西南,https://s1.ljcdn.com/pegasus/redskull/images/common/default_house_list.png?_v=202311081228217
20231207,海淀,田村,101122138230,绿谷雅园精装修H户型两居室有钥匙靠谱出售新上,709万,68095元/平,底层 (共5层) 2室1厅 | 104.12平米 | 南 北,https://ke-image.ljcdn.com/110000-inspection/pc1_WPOm5OnlR_1.jpg!m_fill,w_280,h_210,f_jpg?from=ke.com
20231207,海淀,田村,101122099966,房子在一层南向采光无遮挡采光好,1050万,77371元/平,底层 (共16层) | 2013年 | 3室1厅 | 135.71平米 | 南 北,https://ke-image.ljcdn.com/110000-inspection/pc1_W8sEexa1Y.jpg!m_fill,w_280,h_210,f_jpg?from=ke.com
20231207,海淀,田村,101122089271,海淀区 6层电梯洋房 近地铁 2008年商品住宅,695万,75462元/平,中楼层 (共5层) | 2009年 | 2室1厅 | 92.1平米 | 南,https://ke-image.ljcdn.com/110000-inspection/pc1_2pLqXbaSb_1.jpg!m_fill,w_280,h_210,f_jpg?from=ke.com
20231207,海淀,田村,101122081853,雪芳园 楼龄新 近地铁 满五唯一 高层采光视野好,820万,78163元/平,中楼层 (共16层) | 2013年 | 3室1厅 | 104.91平米 | 东南,https://ke-image.ljcdn.com/110000-inspection/pc1_Y7PckYhPw.jpg!m_fill,w_280,h_210,f_jpg?from=ke.com
20231207,海淀,田村,101122014093,地铁口海淀次新房天合家园正规两居室,580万,82165元/平,中楼层 (共17层) 2室1厅 | 70.59平米 | 西南,https://ke-image.ljcdn.com/110000-inspection/pc1_7f6CSr3ht_1.jpg!m_fill,w_280,h_210,f_jpg?from=ke.com
20231207,海淀,田村,101121998800,海淀西四环 次新社区 百万装修 可拎包入住,1460万,108543元/平,中楼层 (共14层) 3室2厅 | 134.51平米 | 南 北,https://ke-image.ljcdn.com/110000-inspection/pc1_rL7vpvr2s_1.jpg!m_fill,w_280,h_210,f_jpg?from=ke.com
20231207,海淀,田村,101121995701,区域聚焦：海澜东苑南北2居楼层不错有车位,625万,68172元/平,中楼层 (共6层) 2室1厅 | 91.68平米 | 南 北,https://ke-image.ljcdn.com/110000-inspection/pc1_w1WWMw1k3_1.jpg!m_fill,w_280,h_210,f_jpg?from=ke.com
20231207,海淀,田村,101121990461,金玉府清水毛坯房装修方面您可以可劲儿设计,1390万,103740元/平,低楼层 (共14层) | 2018年 | 3室1厅 | 133.99平米 | 南 北,https://ke-image.ljcdn.com/110000-inspection/2366e227-02f2-497d-b241-384aa6fb6443_1000.jpg!m_fill,w_280,h_210,f_jpg?from=ke.com
20231207,海淀,田村,101121981497,海淀商品房社区西南正规两居室 小区一共只有12套,770万,91536元/平,高楼层 (共12层) | 2010年 | 2室1厅 | 84.12平米 | 南 西 北,https://ke-image.ljcdn.com/110000-inspection/pc1_aLLZtBTT6_1.jpg!m_fill,w_280,h_210,f_jpg?from=ke.com
20231207,海淀,田村,101121953852,海澜中苑 南北通透 客厅朝南 户型好,564万,62060元/平,高楼层 (共6层) 2室1厅 | 90.88平米 | 南 北,https://ke-image.ljcdn.com/110000-inspection/pc1_S1wdtuyRh_1.jpg!m_fill,w_280,h_210,f_jpg?from=ke.com
20231207,海淀,田村,101121943372,天合家园 2021年小区 人车分流 近地铁 中间层,550万,81651元/平,中楼层 (共16层) | 2021年 | 2室1厅 | 67.36平米 | 西,https://ke-image.ljcdn.com/110000-inspection/pc1_9EbbkJKcK_1.jpg!m_fill,w_280,h_210,f_jpg?from=ke.com
20231207,海淀,田村,101121902929,永达逸家 楼龄新 近地铁 满五唯一 户型方正 采光好,598万,88397元/平,中楼层 (共15层) 2室1厅 | 67.65平米 | 东,https://ke-image.ljcdn.com/110000-inspection/pc1_FOi1VvEAo_1.jpg!m_fill,w_280,h_210,f_jpg?from=ke.com
20231207,海淀,田村,101121822171,海澜中苑钢混结构一梯两户客厅主卧室朝南。,475万,61713元/平,高楼层 (共6层) 2室1厅 | 76.97平米 | 南 北,https://ke-image.ljcdn.com/110000-inspection/pc1_JAJ9nGOgv_1.jpg!m_fill,w_280,h_210,f_jpg?from=ke.com
20231207,海淀,田村,101121818649,西木小区 中间位置 不临街 采光好 视野好,508万,96140元/平,顶层 (共5层) | 1989年 | 2室1厅 | 52.84平米 | 南 北,https://ke-image.ljcdn.com/110000-inspection/pc1_miSrIdKFe_2.jpg!m_fill,w_280,h_210,f_jpg?from=ke.com
20231207,海淀,田村,101121809658,西木小区 全南向 一居室 采光好 无遮挡 交通便利,336万,78322元/平,高楼层 (共7层) | 1991年 | 1室1厅 | 42.9平米 | 南,https://ke-image.ljcdn.com/110000-inspection/pc1_xqE0lz4l2.jpg!m_fill,w_280,h_210,f_jpg?from=ke.com
20231207,海淀,田村,101121786503,永达逸家 高楼层精装一居室不临街,412万,85478元/平,中楼层 (共15层) 1室1厅 | 48.2平米 | 东,https://ke-image.ljcdn.com/110000-inspection/pc1_m05FUcyvg_1.jpg!m_fill,w_280,h_210,f_jpg?from=ke.com
20231207,海淀,田村,101121784848,2021年次新房田村地铁口正规一居室,476万,76479元/平,中楼层 (共14层) 1室1厅 | 62.24平米 | 东 北,https://ke-image.ljcdn.com/110000-inspection/pc1_1eMJSyzwH.jpg!m_fill,w_280,h_210,f_jpg?from=ke.com
20231207,海淀,田村,101121784371,优质好房 不临街 配套齐全 6号线田村地铁 楼龄新,419万,82758元/平,低楼层 (共16层) 1室1厅 | 50.63平米 | 东,https://ke-image.ljcdn.com/110000-inspection/pc1_2uMH0hfMD.jpg!m_fill,w_280,h_210,f_jpg?from=ke.com
20231207,海淀,田村,101121725517,海澜中苑 南北两居室 低楼层 不临街 停车方便,459万,61512元/平,底层 (共6层) 2室1厅 | 74.62平米 | 南 北,https://ke-image.ljcdn.com/110000-inspection/9b9ca98d-c7b4-4097-9168-b572ea55f628_1000.jpg!m_fill,w_280,h_210,f_jpg?from=ke.com
20231207,海淀,田村,101121692765,西木小区 南北朝向 精装修2居 交通便利,538万,85943元/平,顶层 (共6层) 2室1厅 | 62.6平米 | 南 北,https://ke-image.ljcdn.com/110000-inspection/14944707-193b-4d26-921b-fbfae82310ca_1000.jpg!m_fill,w_280,h_210,f_jpg?from=ke.com
20231207,海淀,田村,101121610538,乐府江南 南北三居 配套成熟 视野开阔 采光充足,1480万,105264元/平,中楼层 (共9层) | 2005年 | 3室2厅 | 140.6平米 | 南 西 北,https://ke-image.ljcdn.com/110000-inspection/pc1_4O43ehF93_1.jpg!m_fill,w_280,h_210,f_jpg?from=ke.com
20231207,海淀,田村,101121597309,西四环外 南北三居 看房随时 近地铁 精装修,565万,81295元/平,中楼层 (共6层) | 1980年 | 3室1厅 | 69.5平米 | 南 北,https://ke-image.ljcdn.com/110000-inspection/pc1_qWJoyyOiw_1.jpg!m_fill,w_280,h_210,f_jpg?from=ke.com
20231207,海淀,田村,101121580685,永定路1号院 2层 南北三居 精装修 拎包入住 随时可看,639万,79577元/平,低楼层 (共6层) | 1985年 | 3室1厅 | 80.3平米 | 南 西 北,https://ke-image.ljcdn.com/110000-inspection/pc1_Sgnnlk0fb.jpg!m_fill,w_280,h_210,f_jpg?from=ke.com
20231207,海淀,田村,101121579473,田村48号院全南两居室业主诚意出售,366万,68797元/平,顶层 (共6层) | 1980年 | 2室1厅 | 53.2平米 | 南,https://ke-image.ljcdn.com/110000-inspection/e51b46b9-4e7f-438b-a212-2c4c7c9d1be2_1000.jpg!m_fill,w_280,h_210,f_jpg?from=ke.com
20231207,海淀,田村,101121577051,天合家园  正规一居室  2021年小区  楼龄新,515万,82745元/平,中楼层 (共14层) 1室1厅 | 62.24平米 | 西北,https://ke-image.ljcdn.com/110000-inspection/d0646973-5a7f-4337-a190-d7a55d85dbf4_1000.jpg!m_fill,w_280,h_210,f_jpg?from=ke.com
20231207,海淀,田村,101121570394,金玉府 南北通透 三居室 看房方便房主自荐,1480万,109387元/平,低楼层 (共15层) 3室2厅 | 135.3平米 | 南 北,https://ke-image.ljcdn.com/110000-inspection/pc1_rLkBZptoa_1.jpg!m_fill,w_280,h_210,f_jpg?from=ke.com
20231207,海淀,田村,101121491304,海淀西四环外 五路居地铁 南北两居室 精装直住,440万,70831元/平,顶层 (共6层) 2室1厅 | 62.12平米 | 南 北,https://ke-image.ljcdn.com/110000-inspection/pc1_0fLYkLoSn.jpg!m_fill,w_280,h_210,f_jpg?from=ke.com
20231207,海淀,田村,101121480977,永定路1号院 南向两居室 低楼层 采光好 满五唯一,440万,86615元/平,中楼层 (共5层) 2室1厅 | 50.8平米 | 南,https://ke-image.ljcdn.com/110000-inspection/pc1_PxvXz2xTf_1.jpg!m_fill,w_280,h_210,f_jpg?from=ke.com
20231207,海淀,田村,101121473110,海澜中苑 南北通透 中间楼层 采光好 停车方便 不临街,609万,67012元/平,中楼层 (共6层) | 1998年 | 2室1厅 | 90.88平米 | 南 北,https://ke-image.ljcdn.com/110000-inspection/05269910-7b5a-43d4-9a89-dbef1e401215_1000.jpg!m_fill,w_280,h_210,f_jpg?from=ke.com
20231207,海淀,田村,101121441133,经理推荐：精装3居安静不临街只需契税挨着地铁,1290万,92295元/平,低楼层 (共9层) | 2005年 | 3室2厅 | 139.77平米 | 南 北,https://ke-image.ljcdn.com/110000-inspection/cda6cda0-9d0b-43a3-82e6-ed1651aeea3c_1000.jpg!m_fill,w_280,h_210,f_jpg?from=ke.com
20231207,海淀,田村,101121420053,幸福时光 西北向两居室 满五唯一 好楼层 随时看房,445万,79678元/平,低楼层 (共6层) 2室1厅 | 55.85平米 | 西北,https://ke-image.ljcdn.com/110000-inspection/pc1_cID2CiUCP_1.jpg!m_fill,w_280,h_210,f_jpg?from=ke.com
20231207,海淀,田村,101121404757,乐府江南两居 满五唯一 南北通透 明卫 有车位 诚意卖,1235万,99365元/平,低楼层 (共9层) | 2005年 | 2室2厅 | 124.29平米 | 南 北,https://ke-image.ljcdn.com/110000-inspection/pc1_V0GXG9NTY_1.jpg!m_fill,w_280,h_210,f_jpg?from=ke.com
20231207,海淀,田村,101121397821,天合家园 东西通透正规两居 好楼层无遮挡房主自荐,699万,83603元/平,中楼层 (共15层) 2室1厅 | 83.61平米 | 东 西,https://ke-image.ljcdn.com/110000-inspection/pc1_OEbpvwNrG_1.jpg!m_fill,w_280,h_210,f_jpg?from=ke.com
20231207,海淀,田村,101121355769,房子满五年唯一精装修明厨明卫南北通透急售,1199万,86583元/平,中楼层 (共12层) | 2009年 | 3室2厅 | 138.48平米 | 南 北,https://ke-image.ljcdn.com/110000-inspection/pc1_xeaqZwwQB.jpg!m_fill,w_280,h_210,f_jpg?from=ke.com
20231207,海淀,田村,101121333645,西木小区 南北朝向 小户型两居 中间楼层 交通便利房主自荐,513.5万,109958元/平,中楼层 (共7层) | 1992年 | 2室1厅 | 46.7平米 | 南 西 北,https://ke-image.ljcdn.com/110000-inspection/pc1_JefS9X3YJ_2.jpg!m_fill,w_280,h_210,f_jpg?from=ke.com
20231207,海淀,田村,101121323228,雪芳园 楼龄新 近地铁 满五唯一商品房,799万,76732元/平,顶层 (共16层) | 2013年 | 2室1厅 | 104.13平米 | 西南,https://ke-image.ljcdn.com/110000-inspection/pc1_wJQprBxtm_1.jpg!m_fill,w_280,h_210,f_jpg?from=ke.com
20231207,海淀,田村,101121276181,兰德华庭不临街南北三居室户型方正满五唯一,1350万,94071元/平,顶层 (共11层) | 2006年 | 3室2厅 | 143.51平米 | 南 北,https://ke-image.ljcdn.com/110000-inspection/pc1_WhfHPS1eO_1.jpg!m_fill,w_280,h_210,f_jpg?from=ke.com
20231207,海淀,田村,101121223981,采光充足视野宽阔楼下地铁超市,488万,78407元/平,中楼层 (共14层) 1室1厅 | 62.24平米 | 西北,https://ke-image.ljcdn.com/110000-inspection/pc1_RBp7yb0fL_1.jpg!m_fill,w_280,h_210,f_jpg?from=ke.com
20231207,海淀,田村,101121206568,绿谷雅园满五年唯一商品房客厅多一个窗户,638万,62734元/平,中楼层 (共5层) 2室1厅 | 101.7平米 | 南 北,https://ke-image.ljcdn.com/110000-inspection/pc1_GT5Xw8rQs_1.jpg!m_fill,w_280,h_210,f_jpg?from=ke.com
20231207,海淀,田村,101121158457,全南 主卧带衣帽间 双厅双卫 不临街 近地铁 配套齐全,1090万,92759元/平,低楼层 (共17层) 3室2厅 | 117.51平米 | 南,https://ke-image.ljcdn.com/110000-inspection/pc1_et3mmi6Oy.jpg!m_fill,w_280,h_210,f_jpg?from=ke.com
20231207,海淀,田村,101121137887,天合家园 高楼层 无遮挡一居室,440万,86905元/平,高楼层 (共16层) 1室1厅 | 50.63平米 | 东,https://ke-image.ljcdn.com/110000-inspection/pc1_lQb6D7ocs.jpg!m_fill,w_280,h_210,f_jpg?from=ke.com
20231207,海淀,田村,101121129552,永定路1号院朝东正规一居室！！！,339万,84120元/平,高楼层 (共6层) | 1985年 | 1室0厅 | 40.3平米 | 东,https://ke-image.ljcdn.com/110000-inspection/pc1_0e64BEG7U_1.jpg!m_fill,w_280,h_210,f_jpg?from=ke.com
20231207,海淀,田村,101121120734,开间一居室精装修诚意出售优质商品房社区,399万,113128元/平,中楼层 (共9层) | 2005年 | 1室0厅 | 35.27平米 | 东,https://ke-image.ljcdn.com/110000-inspection/6a840ee2-f903-4385-af3d-462fd78ea2ed_1000.jpg!m_fill,w_280,h_210,f_jpg?from=ke.com
20231207,海淀,田村,101121118411,田村39号院 满五年唯一 南北通透房主自荐,620万,85130元/平,中楼层 (共6层) | 1996年 | 2室1厅 | 72.83平米 | 南 北,https://ke-image.ljcdn.com/110000-inspection/270ed2d1-4916-49ab-b9fe-95f1d30da7b5_1000.jpg!m_fill,w_280,h_210,f_jpg?from=ke.com
20231207,海淀,田村,101121091470,永定路1号院 满五年 房子前后没有遮挡视野宽阔,460万,74434元/平,顶层 (共6层) 2室1厅 | 61.8平米 | 南,https://ke-image.ljcdn.com/110000-inspection/pc1_8wNZQs8lm_1.jpg!m_fill,w_280,h_210,f_jpg?from=ke.com
20231207,海淀,田村,101121064268,王致和腐乳厂宿舍 精装修 全明格局2居室 中间层不临街,410万,73742元/平,中楼层 (共5层) 2室1厅 | 55.6平米 | 南 北,https://ke-image.ljcdn.com/110000-inspection/pc1_rav78ICPW.jpg!m_fill,w_280,h_210,f_jpg?from=ke.com
20231207,海淀,田村,101121059186,不临街大一居新小区精装修拎包入住出门即地铁,455万,89780元/平,中楼层 (共16层) 1室1厅 | 50.68平米 | 西,https://ke-image.ljcdn.com/110000-inspection/pc1_KPxzL5Se6_1.jpg!m_fill,w_280,h_210,f_jpg?from=ke.com
20231207,海淀,田村,101121048245,永达逸家 高楼层一居室宽敞明亮拎包入住房主自荐,450万,73410元/平,高楼层 (共15层) | 2004年 | 1室1厅 | 61.3平米 | 北,https://ke-image.ljcdn.com/110000-inspection/pc1_RwlBr4wI0_1.jpg!m_fill,w_280,h_210,f_jpg?from=ke.com
20231207,海淀,田村,101121037050,西木小区 南北通透 3居室 交通便利 采光无遮挡房主自荐,633万,93501元/平,高楼层 (共7层) | 1992年 | 3室1厅 | 67.7平米 | 南 北,https://ke-image.ljcdn.com/110000-inspection/pc1_77AS3JO5z.jpg!m_fill,w_280,h_210,f_jpg?from=ke.com
20231207,海淀,田村,101121021104,地铁边  不临街  采光充足  生活便利,860万,84621元/平,低楼层 (共15层) | 2004年 | 2室1厅 | 101.63平米 | 南,https://ke-image.ljcdn.com/110000-inspection/pc1_baljqLIye.jpg!m_fill,w_280,h_210,f_jpg?from=ke.com
20231207,海淀,田村,101121008877,南向两居室户型方正楼龄新近地铁配套齐全,585万,82279元/平,底层 (共17层) 2室1厅 | 71.1平米 | 南,https://ke-image.ljcdn.com/110000-inspection/71b9bd4a-b2f1-4b75-91b1-5defb742fdeb_1000.jpg!m_fill,w_280,h_210,f_jpg?from=ke.com
20231207,海淀,田村,101121005334,金玉府优质好房请大家多多关注。,1390万,103101元/平,低楼层 (共14层) 3室2厅 | 134.82平米 | 南 北,https://ke-image.ljcdn.com/110000-inspection/pc1_ToRUtMsDp_1.jpg!m_fill,w_280,h_210,f_jpg?from=ke.com
20231207,海淀,田村,101120959647,地铁口 永达逸家 高楼层一居室视野采光好房主自荐,455万,77646元/平,高楼层 (共15层) | 2004年 | 1室1厅 | 58.6平米 | 西,https://ke-image.ljcdn.com/110000-inspection/e45dc0c3-be28-40af-80e0-f86fcd6539b2_1000.jpg!m_fill,w_280,h_210,f_jpg?from=ke.com
20231207,海淀,田村,101120951217,海淀区西四环 永定河路26号 三居室满五唯一,850万,78573元/平,低楼层 (共8层) 2室2厅 | 108.18平米 | 西南,https://ke-image.ljcdn.com/110000-inspection/pc1_hklcrbhuW.jpg!m_fill,w_280,h_210,f_jpg?from=ke.com
20231207,海淀,田村,101120932070,幸福时光 2004年商品房 南北两居 满五唯一 诚意出售,670万,79848元/平,底层 (共6层) 2室1厅 | 83.91平米 | 南 北,https://ke-image.ljcdn.com/110000-inspection/pc1_4jk0HQhfC_1.jpg!m_fill,w_280,h_210,f_jpg?from=ke.com
20231207,海淀,田村,101120911172,海淀区6号线地铁口西山洋房南北通透,699万,79505元/平,中楼层 (共6层) | 2008年 | 2室1厅 | 87.92平米 | 南 北,https://ke-image.ljcdn.com/110000-inspection/pc1_SfWa0AxoP_1.jpg!m_fill,w_280,h_210,f_jpg?from=ke.com
20231207,海淀,田村,101120906035,海淀田村2004年建成中国房子满五年唯一电梯房,650万,91511元/平,中楼层 (共9层) 1室1厅 | 71.03平米 | 南,https://ke-image.ljcdn.com/110000-inspection/pc1_xa9BnXT8J.jpg!m_fill,w_280,h_210,f_jpg?from=ke.com
20231207,海淀,田村,101120905859,田村41号院 南北两居 安静不临街 满五年唯一房主自荐,412万,75183元/平,高楼层 (共6层) 2室1厅 | 54.8平米 | 南 北,https://ke-image.ljcdn.com/110000-inspection/pc1_XVddwhzLc_1.jpg!m_fill,w_280,h_210,f_jpg?from=ke.com
20231207,海淀,田村,101120896021,自由度 满五唯一 东南两居 精装修 2002年 地铁700米,1100万,92089元/平,顶层 (共8层) 2室2厅 | 119.45平米 | 东南,https://ke-image.ljcdn.com/110000-inspection/pc1_RyrXu5rx6.jpg!m_fill,w_280,h_210,f_jpg?from=ke.com
20231207,海淀,田村,101120895764,永定路1号院 满五年 房子前后没有遮挡视野宽阔,450万,77587元/平,中楼层 (共6层) 2室1厅 | 58平米 | 东 西,https://ke-image.ljcdn.com/110000-inspection/pc1_VkrrcAWOR_1.jpg!m_fill,w_280,h_210,f_jpg?from=ke.com
20231207,海淀,田村,101120875394,地铁口永达逸家一居高层精装修拎包入住正对花园房主自荐,459万,95566元/平,中楼层 (共15层) 1室1厅 | 48.03平米 | 东,https://ke-image.ljcdn.com/110000-inspection/pc1_cbgZ5rQwH_1.jpg!m_fill,w_280,h_210,f_jpg?from=ke.com
20231207,海淀,田村,101120871678,田村40号院 田字格三居 精装修  近地铁超市,680万,83539元/平,底层 (共6层) | 1981年 | 3室1厅 | 81.4平米 | 南 北,https://ke-image.ljcdn.com/110000-inspection/911c1884-eb9a-491e-bdb9-5969f66c4c33_1000.jpg!m_fill,w_280,h_210,f_jpg?from=ke.com
20231207,海淀,田村,101120861154,天合家园 正规一居室 近商业地铁,630万,93072元/平,高楼层 (共15层) 1室1厅 | 67.69平米 | 西,https://ke-image.ljcdn.com/110000-inspection/pc1_LNuNWPA4u_1.jpg!m_fill,w_280,h_210,f_jpg?from=ke.com
20231207,海淀,田村,101120851297,海淀西四环 中间层南向小两居 采光好 可直接入住,350万,85575元/平,中楼层 (共6层) 2室1厅 | 40.9平米 | 南,https://ke-image.ljcdn.com/110000-inspection/ea6a9b74-32d4-460f-8856-1672752682d7_1000.jpg!m_fill,w_280,h_210,f_jpg?from=ke.com
20231207,海淀,田村,101120844502,永定路1号院 南北2居 不临街房主自荐,499万,80355元/平,中楼层 (共6层) 2室1厅 | 62.1平米 | 南 北,https://ke-image.ljcdn.com/110000-inspection/pc1_kuxIpajQb_1.jpg!m_fill,w_280,h_210,f_jpg?from=ke.com
20231207,海淀,田村,101120790956,兰德华庭地铁口 满五唯一全明格局两居室,770万,86761元/平,中楼层 (共13层) | 2004年 | 2室1厅 | 88.75平米 | 东 北,https://ke-image.ljcdn.com/110000-inspection/pc1_KtR7FhSfi_1.jpg!m_fill,w_280,h_210,f_jpg?from=ke.com
20231207,海淀,田村,101120707497,地铁 南北通透 中间楼层 交通便利,450万,73650元/平,高楼层 (共6层) 2室1厅 | 61.1平米 | 南 北,https://ke-image.ljcdn.com/110000-inspection/pc1_HU3eQCm8i_1.jpg!m_fill,w_280,h_210,f_jpg?from=ke.com
20231207,海淀,田村,101120706806,满五年唯一正规一居诚意出售房主自荐,368万,88250元/平,中楼层 (共6层) | 1995年 | 1室1厅 | 41.7平米 | 南,https://ke-image.ljcdn.com/110000-inspection/pc1_X00RYQkz5.jpg!m_fill,w_280,h_210,f_jpg?from=ke.com
20231207,海淀,田村,101120703938,田村40号院 南北通透两居室 使用率高房主自荐,496万,85224元/平,底层 (共6层) 2室1厅 | 58.2平米 | 南 北,https://ke-image.ljcdn.com/110000-inspection/pc1_spmS96tJz_1.jpg!m_fill,w_280,h_210,f_jpg?from=ke.com
20231207,海淀,田村,101120679115,小区房龄新。楼间距宽阔。园林设计的都不能。绿植多,690万,101785元/平,高楼层 (共16层) 1室1厅 | 67.79平米 | 东,https://ke-image.ljcdn.com/110000-inspection/pc1_uogMFXbmE_1.jpg!m_fill,w_280,h_210,f_jpg?from=ke.com
20231207,海淀,田村,101120675963,田村40号院 通透两居室94年房龄,520万,77038元/平,高楼层 (共6层) 2室1厅 | 67.5平米 | 北 南,https://ke-image.ljcdn.com/110000-inspection/pc1_ebR1V2Yf3_1.jpg!m_fill,w_280,h_210,f_jpg?from=ke.com
20231207,海淀,田村,101120671302,新上！全南向两居低楼层诚心出售。,385万,75196元/平,中楼层 (共5层) | 1984年 | 2室1厅 | 51.2平米 | 南,https://ke-image.ljcdn.com/110000-inspection/pc1_3Cq7jeWIc.jpg!m_fill,w_280,h_210,f_jpg?from=ke.com
20231207,海淀,田村,101120638145,永达逸家 近地铁 楼龄新 户型方正 采光视野好,585万,86475元/平,中楼层 (共15层) 1室1厅 | 67.65平米 | 东,https://ke-image.ljcdn.com/110000-inspection/pc1_beOz5fyKk.jpg!m_fill,w_280,h_210,f_jpg?from=ke.com
20231207,海淀,田村,101120625827,五孔桥六建宿舍 楼层好 南北通透 满五年唯一,355万,81051元/平,中楼层 (共6层) | 1987年 | 2室0厅 | 43.8平米 | 南 北,https://ke-image.ljcdn.com/110000-inspection/pc1_2WPitZLdP_1.jpg!m_fill,w_280,h_210,f_jpg?from=ke.com
20231207,海淀,田村,101120615056,天合家园2021年小区 近地铁 南向大一居,599万,86386元/平,低楼层 (共17层) 1室1厅 | 69.34平米 | 南,https://ke-image.ljcdn.com/110000-inspection/pc1_i5j6D0RIj.jpg!m_fill,w_280,h_210,f_jpg?from=ke.com
20231207,海淀,田村,101120613871,绿谷雅园 正规小三居明卫  靠谱出售 看房方便,730万,64814元/平,顶层 (共5层) | 2004年 | 3室1厅 | 112.63平米 | 南 北,https://ke-image.ljcdn.com/110000-inspection/c155618c-6859-452b-a207-a0fac3ff3a5c_1000.jpg!m_fill,w_280,h_210,f_jpg?from=ke.com
20231207,海淀,田村,101120571155,田村48号院 南北两居 满五唯一 近地铁超市 诚意出售,400万,69931元/平,中楼层 (共6层) | 1984年 | 2室1厅 | 57.2平米 | 南 北,https://ke-image.ljcdn.com/110000-inspection/20fd7338-d637-4da1-80d7-7af561d7ca43_1000.jpg!m_fill,w_280,h_210,f_jpg?from=ke.com
20231207,海淀,田村,101120544195,西木小区 中间楼层 交通便利 不临街,490万,98990元/平,中楼层 (共5层) 2室1厅 | 49.5平米 | 东北,https://ke-image.ljcdn.com/110000-inspection/cebb1514-cfca-4cd5-bd83-874c72e94717_1000.jpg!m_fill,w_280,h_210,f_jpg?from=ke.com
20231207,海淀,田村,101120522667,西木小区 南北朝向 中间位置 中间楼层 交通便利,635万,93922元/平,中楼层 (共5层) | 1989年 | 3室1厅 | 67.61平米 | 南 北,https://ke-image.ljcdn.com/110000-inspection/pc1_WZ4RIsZjz.jpg!m_fill,w_280,h_210,f_jpg?from=ke.com
20231207,海淀,田村,101120507557,此房满五唯一商品房直观西山视野好房主自荐,758万,93018元/平,顶层 (共9层) | 2005年 | 2室1厅 | 81.49平米 | 北,https://ke-image.ljcdn.com/110000-inspection/pc1_0vsjinpyO_1.jpg!m_fill,w_280,h_210,f_jpg?from=ke.com
20231207,海淀,田村,101120501040,西木小区 中间楼层 南北朝向 交通便利房主自荐,518万,95749元/平,中楼层 (共7层) | 1991年 | 2室1厅 | 54.1平米 | 南 北,https://ke-image.ljcdn.com/110000-inspection/pc1_DzCLSUn6O.jpg!m_fill,w_280,h_210,f_jpg?from=ke.com
20231207,海淀,田村,101120479974,南北两居无遮挡 小区中间视野佳 安静宜居,600万,85240元/平,顶层 (共6层) | 2000年 | 2室1厅 | 70.39平米 | 南 北,https://ke-image.ljcdn.com/110000-inspection/pc1_4WHSDWEOb.jpg!m_fill,w_280,h_210,f_jpg?from=ke.com
20231207,海淀,田村,101120478917,兰德华庭 近地铁 满五唯一 高层采光视野好房主自荐,841万,89928元/平,中楼层 (共13层) | 2005年 | 2室2厅 | 93.52平米 | 南 北,https://ke-image.ljcdn.com/110000-inspection/pc1_c1miepaqh_1.jpg!m_fill,w_280,h_210,f_jpg?from=ke.com
20231207,海淀,田村,101120463274,雪芳园 楼龄新 近地铁 满五年唯一 采光视野好,1030万,75503元/平,顶层 (共16层) | 2013年 | 3室1厅 | 136.42平米 | 东 西,https://ke-image.ljcdn.com/110000-inspection/pc1_0pbCikFmo_1.jpg!m_fill,w_280,h_210,f_jpg?from=ke.com
20231207,海淀,田村,101120407501,精装两居 户型方正 安静宜居 满五唯一,610万,76165元/平,高楼层 (共6层) 2室1厅 | 80.09平米 | 西北,https://ke-image.ljcdn.com/110000-inspection/pc1_AeMTFHup3_1.jpg!m_fill,w_280,h_210,f_jpg?from=ke.com
20231207,海淀,田村,101120385000,田村 雪芳园  满五年唯一  精装修,880万,83882元/平,低楼层 (共16层) | 2013年 | 2室1厅 | 104.91平米 | 东 北,https://ke-image.ljcdn.com/110000-inspection/79d1be8a-cb46-4941-b801-67bf98d2fee3_1000.jpg!m_fill,w_280,h_210,f_jpg?from=ke.com
20231207,海淀,田村,101120335402,海淀区2004年景宜里南北2居首套契税1.5%,753万,78495元/平,底层 (共9层) 2室1厅 | 95.93平米 | 南 北,https://ke-image.ljcdn.com/110000-inspection/pc1_tZaCbQ7wt.jpg!m_fill,w_280,h_210,f_jpg?from=ke.com
20231207,海淀,田村,101120333315,西四环边2011年房龄 70年产权 科技住宅 南北三居室,2288万,130008元/平,中楼层 (共8层) 3室1厅 | 175.99平米 | 南 北,https://ke-image.ljcdn.com/110000-inspection/pc1_sDsewzZy9_1.jpg!m_fill,w_280,h_210,f_jpg?from=ke.com
20231207,海淀,田村,101120271733,西四环外 永达逸家 田村 近地铁,465万,81451元/平,底层 (共15层) | 2004年 | 2室1厅 | 57.09平米 | 西,https://ke-image.ljcdn.com/110000-inspection/pc1_2ASESJLBR.jpg!m_fill,w_280,h_210,f_jpg?from=ke.com
20231207,海淀,田村,101120268571,海淀 精装南北两居室 中间层 有客厅,400万,71340元/平,低楼层 (共6层) | 1982年 | 2室1厅 | 56.07平米 | 南 北,https://ke-image.ljcdn.com/110000-inspection/pc1_GujdYqoRV_1.jpg!m_fill,w_280,h_210,f_jpg?from=ke.com
20231207,海淀,田村,101120200979,海澜中苑 不临街 精装修 有车位,585万,64756元/平,高楼层 (共6层) 2室1厅 | 90.34平米 | 南 北,https://ke-image.ljcdn.com/110000-inspection/pc1_1VdLCUfnm_1.jpg!m_fill,w_280,h_210,f_jpg?from=ke.com
20231207,海淀,田村,101120168572,兰德华庭 精装修 近地铁 楼龄新 采光视野好,518万,87752元/平,中楼层 (共13层) | 2005年 | 1室1厅 | 59.03平米 | 南,https://ke-image.ljcdn.com/110000-inspection/pc1_S6PiOEJUL_1.jpg!m_fill,w_280,h_210,f_jpg?from=ke.com
20231207,海淀,田村,101120160933,西四环   畅茜园兰德华庭   南北通透三居室,1220万,89991元/平,高楼层 (共13层) | 2005年 | 3室1厅 | 135.57平米 | 南 北,https://ke-image.ljcdn.com/110000-inspection/pc1_POPu3grft_1.jpg!m_fill,w_280,h_210,f_jpg?from=ke.com
20231207,海淀,田村,101120148752,永景园 南北2居 不临街 楼龄新房主自荐,586万,83251元/平,高楼层 (共6层) 2室1厅 | 70.39平米 | 南 北,https://ke-image.ljcdn.com/110000-inspection/pc1_99cgtI9i7_1.jpg!m_fill,w_280,h_210,f_jpg?from=ke.com
20231207,海淀,田村,101120144345,2003年纯商品房社区不临街有电梯,755万,69682元/平,中楼层 (共8层) | 2002年 | 2室1厅 | 108.35平米 | 西 东,https://ke-image.ljcdn.com/110000-inspection/pc1_GNzFrNOsA_1.jpg!m_fill,w_280,h_210,f_jpg?from=ke.com
20231207,海淀,田村,101120134713,田村23号院 南北向4居 不临街 无遮挡房主自荐,885万,68531元/平,顶层 (共5层) | 2001年 | 4室2厅 | 129.14平米 | 南 北,https://ke-image.ljcdn.com/110000-inspection/pc1_zPV1GQCF5_1.jpg!m_fill,w_280,h_210,f_jpg?from=ke.com
20231207,海淀,田村,101120126796,田村41号院全明精装 南北通透两居室中间楼层房主自荐,546万,87923元/平,中楼层 (共6层) 2室1厅 | 62.1平米 | 南 北,https://ke-image.ljcdn.com/110000-inspection/pc1_DffyCV2pL_1.jpg!m_fill,w_280,h_210,f_jpg?from=ke.com
20231207,海淀,田村,101120096062,南北通透 户型方正 不临街 中间层 永定路1号院,440万,80146元/平,中楼层 (共5层) | 1981年 | 2室1厅 | 54.9平米 | 南 北,https://ke-image.ljcdn.com/110000-inspection/pc1_eu1WIdgRB.jpg!m_fill,w_280,h_210,f_jpg?from=ke.com
20231207,海淀,田村,101120048136,海淀区 2018年建成 金玉府 随时看房 高楼层 三居室房主自荐,1120万,114263元/平,高楼层 (共15层) 3室1厅 | 98.02平米 | 东 西,https://ke-image.ljcdn.com/110000-inspection/pc1_zqSVYGIvN_1.jpg!m_fill,w_280,h_210,f_jpg?from=ke.com
20231207,海淀,田村,101120046625,西木小区 中间位置 南北户型 交通便利 无噪音,630万,93182元/平,底层 (共5层) 3室1厅 | 67.61平米 | 南 北,https://ke-image.ljcdn.com/110000-inspection/pc1_dPJjhHQCF.jpg!m_fill,w_280,h_210,f_jpg?from=ke.com
20231207,海淀,田村,101120041550,永达逸家 近地铁 一居室 商品房,458万,78157元/平,高楼层 (共15层) 1室1厅 | 58.6平米 | 西,https://ke-image.ljcdn.com/110000-inspection/pc1_FfBWs2K78_1.jpg!m_fill,w_280,h_210,f_jpg?from=ke.com
20231207,海淀,田村,101120029202,乐府江南 高品质小区 西向小两居室 满五唯一,929万,99083元/平,中楼层 (共5层) | 2005年 | 2室1厅 | 93.76平米 | 西,https://ke-image.ljcdn.com/110000-inspection/654862ba-db9b-45e3-b55f-5b1649353965_1000.jpg!m_fill,w_280,h_210,f_jpg?from=ke.com
20231207,海淀,田村,101119981824,海淀西四环 中间层南向正规一居室房主自荐,340万,83130元/平,低楼层 (共6层) | 1987年 | 1室1厅 | 40.9平米 | 南,https://ke-image.ljcdn.com/110000-inspection/pc1_xJq3ydUZy_1.jpg!m_fill,w_280,h_210,f_jpg?from=ke.com
20231207,海淀,田村,101119923938,乐府江南 东南三居 满五唯一 户型方正 随时看房,1510万,104470元/平,低楼层 (共9层) | 2005年 | 3室1厅 | 144.54平米 | 东南,https://ke-image.ljcdn.com/110000-inspection/pc1_aWaUElsNy.jpg!m_fill,w_280,h_210,f_jpg?from=ke.com
20231207,海淀,田村,101119869019,西木小区 精装修 南向正规一居室 诚意出售,338万,76994元/平,顶层 (共7层) | 1991年 | 1室1厅 | 43.9平米 | 南,https://ke-image.ljcdn.com/110000-inspection/pc1_NP1MxSx24.jpg!m_fill,w_280,h_210,f_jpg?from=ke.com
20231207,海淀,田村,101119840290,西木小区 南北朝向 中间位置 交通便利,510万,96518元/平,中楼层 (共5层) | 1992年 | 2室1厅 | 52.84平米 | 南 北,https://ke-image.ljcdn.com/110000-inspection/pc1_UIt4KuWFY.jpg!m_fill,w_280,h_210,f_jpg?from=ke.com
20231207,海淀,田村,101119839811,海淀区中国房子2005年商品房南向电梯房精装修房主自荐,750万,104852元/平,中楼层 (共9层) | 2005年 | 1室1厅 | 71.53平米 | 南,https://ke-image.ljcdn.com/110000-inspection/pc1_kiurGOdSg_1.jpg!m_fill,w_280,h_210,f_jpg?from=ke.com
20231207,海淀,田村,101119837818,西木小区低层、低Z价两居室G房无户口房主自荐,488万,94942元/平,底层 (共7层) | 1991年 | 2室1厅 | 51.4平米 | 南 北,https://ke-image.ljcdn.com/110000-inspection/pc1_nvdsQzT5T.jpg!m_fill,w_280,h_210,f_jpg?from=ke.com
20231207,海淀,田村,101119815409,兰德华庭 精装一居 满五唯一 楼龄新 近地铁房主自荐,498万,86654元/平,低楼层 (共13层) | 2005年 | 1室1厅 | 57.47平米 | 南,https://ke-image.ljcdn.com/110000-inspection/pc1_7lBVVNqVt_1.jpg!m_fill,w_280,h_210,f_jpg?from=ke.com
20231207,海淀,田村,101119795438,低楼层  阳台8平米 无遮挡 交通便利 南北朝向房主自荐,535万,100564元/平,底层 (共5层) | 1992年 | 2室1厅 | 53.2平米 | 南 北,https://ke-image.ljcdn.com/110000-inspection/pc1_CRYfjB8xf.jpg!m_fill,w_280,h_210,f_jpg?from=ke.com
20231207,海淀,田村,101119781866,海淀西四环外金隅金玉府2018年商品房,1298万,96910元/平,底层 (共14层) 3室1厅 | 133.94平米 | 南 北,https://ke-image.ljcdn.com/110000-inspection/pc1_NcTveOFt0.jpg!m_fill,w_280,h_210,f_jpg?from=ke.com
20231207,海淀,田村,101119777825,海淀西四环外金玉府2018年商品房高层采光视野好,1390万,102606元/平,中楼层 (共14层) 3室2厅 | 135.47平米 | 南 北,https://ke-image.ljcdn.com/110000-inspection/pc1_aqn1XlNrp_1.jpg!m_fill,w_280,h_210,f_jpg?from=ke.com
20231207,海淀,田村,101119744859,田村48号院 优质两居室 看房方便房主自荐,350万,65790元/平,顶层 (共6层) | 1980年 | 2室1厅 | 53.2平米 | 南,https://ke-image.ljcdn.com/110000-inspection/pc1_Z1c8wWFG0_1.jpg!m_fill,w_280,h_210,f_jpg?from=ke.com
20231207,海淀,田村,101119650875,田村48号院一层 距离地铁200米 方便出行房主自荐,430万,81905元/平,底层 (共6层) | 1984年 | 2室1厅 | 52.5平米 | 南 北,https://ke-image.ljcdn.com/110000-inspection/pc1_xhFCoxqmn_1.jpg!m_fill,w_280,h_210,f_jpg?from=ke.com
20231207,海淀,田村,101119629275,海淀区 满五唯一 商品房 户型方正,540万,71714元/平,中楼层 (共6层) 3室1厅 | 75.3平米 | 南 北,https://ke-image.ljcdn.com/110000-inspection/pc1_oUjx8yDXJ.jpg!m_fill,w_280,h_210,f_jpg?from=ke.com
20231207,海淀,田村,101119622787,次顶层精装修满五唯一诚意出售,1020万,105931元/平,高楼层 (共9层) | 2005年 | 2室1厅 | 96.29平米 | 东,https://ke-image.ljcdn.com/110000-inspection/pc1_lZgYsP31J_1.jpg!m_fill,w_280,h_210,f_jpg?from=ke.com
20231207,海淀,田村,101119591595,碧桐园   南北朝向两居室  有电梯,730万,78936元/平,中楼层 (共5层) 2室1厅 | 92.48平米 | 南 北,https://ke-image.ljcdn.com/110000-inspection/pc1_8IpwccWlY_1.jpg!m_fill,w_280,h_210,f_jpg?from=ke.com
20231207,海淀,田村,101119572485,海淀西四环  畅茜园雪芳里  田村雪芳园,1300万,85007元/平,顶层 (共16层) | 2013年 | 3室1厅 | 152.93平米 | 东南,https://ke-image.ljcdn.com/110000-inspection/pc1_R4mioGZdJ_1.jpg!m_fill,w_280,h_210,f_jpg?from=ke.com
20231207,海淀,田村,101119518994,不临街大三居 楼层好 带车位 价格可谈,1250万,85336元/平,中楼层 (共12层) 3室2厅 | 146.48平米 | 南 北,https://ke-image.ljcdn.com/110000-inspection/pc1_LiF77diRg_1.jpg!m_fill,w_280,h_210,f_jpg?from=ke.com
20231207,海淀,田村,101119500400,海淀2014年大苑海淀名著南北3居首套1.5%契税,1495万,122001元/平,低楼层 (共14层) 3室2厅 | 122.54平米 | 南 北,https://ke-image.ljcdn.com/110000-inspection/pc1_se8GowBcT.jpg!m_fill,w_280,h_210,f_jpg?from=ke.com
20231207,海淀,田村,101119444634,兰德华庭 南北精装三居室中间楼层采光无遮挡房主自荐,1170万,93826元/平,低楼层 (共12层) | 2005年 | 3室1厅 | 124.7平米 | 南 北,https://ke-image.ljcdn.com/110000-inspection/pc1_vHToRQvoZ_1.jpg!m_fill,w_280,h_210,f_jpg?from=ke.com
20231207,海淀,田村,101119444615,2008年6层洋房带电梯地铁百度地图200米,668万,74421元/平,中楼层 (共5层) | 2008年 | 3室2厅 | 89.76平米 | 南 北,https://ke-image.ljcdn.com/110000-inspection/pc1_X8C8ZSvyU_1.jpg!m_fill,w_280,h_210,f_jpg?from=ke.com
20231207,海淀,田村,101119417976,海淀区 地铁口不临街满五唯一不临街,1050万,88177元/平,中楼层 (共9层) 3室2厅 | 119.08平米 | 南 北,https://ke-image.ljcdn.com/110000-inspection/pc1_OZP0Thz4i_1.jpg!m_fill,w_280,h_210,f_jpg?from=ke.com
20231207,海淀,田村,101119416082,海淀2004年碧森里满五年唯一带车位东南明卫户型,790万,86292元/平,中楼层 (共9层) 2室1厅 | 91.55平米 | 东南,https://ke-image.ljcdn.com/110000-inspection/pc1_lZBxKdUAg_1.jpg!m_fill,w_280,h_210,f_jpg?from=ke.com
20231207,海淀,田村,101119396353,西木小区 南北朝向 中间位置不临街 交通便利,410万,73346元/平,顶层 (共7层) | 1991年 | 2室1厅 | 55.9平米 | 南 北,https://ke-image.ljcdn.com/110000-inspection/pc1_p2NthIHM3.jpg!m_fill,w_280,h_210,f_jpg?from=ke.com
20231207,海淀,田村,101119315988,南北通透两居室 次顶层 无遮挡 诚意出售 看房随时,440万,69621元/平,高楼层 (共6层) 2室1厅 | 63.2平米 | 南 北,https://ke-image.ljcdn.com/110000-inspection/pc1_irDJYmV9d_1.jpg!m_fill,w_280,h_210,f_jpg?from=ke.com
20231207,海淀,田村,101119302616,乐府江南 不临街三居室 诚意出售,1800万,110640元/平,底层 (共9层) | 2005年 | 3室1厅 | 162.69平米 | 南 北,https://ke-image.ljcdn.com/110000-inspection/pc1_XqCWh1LE2_1.jpg!m_fill,w_280,h_210,f_jpg?from=ke.com
20231207,海淀,田村,101119208880,海淀田村2004年碧森里南北3居满五年唯一落地窗,1200万,91339元/平,中楼层 (共9层) | 2004年 | 3室2厅 | 131.38平米 | 南 北,https://ke-image.ljcdn.com/110000-inspection/pc1_V7SOVRGbY_1.jpg!m_fill,w_280,h_210,f_jpg?from=ke.com
20231207,海淀,田村,101119167478,落地阳台人车分流电落地阳台电梯房挨着地铁。,401万,96418元/平,低楼层 (共10层) 1室1厅 | 41.59平米 | 南,https://ke-image.ljcdn.com/110000-inspection/pc1_6kdoT4uEp_1.jpg!m_fill,w_280,h_210,f_jpg?from=ke.com
20231207,海淀,田村,101119139405,田村40号院 满五唯一央产房 楼龄新 不临街,610万,78568元/平,顶层 (共6层) 2室1厅 | 77.64平米 | 南 北,https://ke-image.ljcdn.com/110000-inspection/pc1_HsdeZMCRy_1.jpg!m_fill,w_280,h_210,f_jpg?from=ke.com
20231207,海淀,田村,101119029764,西四环北路137号院  南北通透,610万,102867元/平,底层 (共5层) 2室1厅 | 59.3平米 | 南 北,https://ke-image.ljcdn.com/110000-inspection/pc1_4lbR87oCt.jpg!m_fill,w_280,h_210,f_jpg?from=ke.com
20231207,海淀,田村,101119029607,西木小区 满五唯一 明厅明卫 全明格局 近地铁房主自荐,508万,86395元/平,底层 (共7层) | 1989年 | 2室1厅 | 58.8平米 | 西南 北,https://ke-image.ljcdn.com/110000-inspection/74c5193f-a05f-4505-8c75-13b404793249_1000.jpg!m_fill,w_280,h_210,f_jpg?from=ke.com
20231207,海淀,田村,101119002381,2018年新商品房纯板楼人车分流 高楼层视野好 精装明卫,1460万,106144元/平,高楼层 (共14层) 3室2厅 | 137.55平米 | 南 北 东,https://ke-image.ljcdn.com/110000-inspection/pc1_AqHkbZeer_1.jpg!m_fill,w_280,h_210,f_jpg?from=ke.com
20231207,海淀,田村,101118996225,雪芳园 2室1厅 东南,926万,88267元/平,中楼层 (共16层) | 2013年 | 2室1厅 | 104.91平米 | 东南,https://ke-image.ljcdn.com/110000-inspection/pc1_e4jXRGfDa_1.jpg!m_fill,w_280,h_210,f_jpg?from=ke.com
20231207,海淀,田村,101118845344,西木小区 南北三居室 满五年唯一房主自荐,635万,91896元/平,中楼层 (共5层) | 1986年 | 3室1厅 | 69.1平米 | 南 北,https://ke-image.ljcdn.com/110000-inspection/pc1_1HdT15H7g.jpg!m_fill,w_280,h_210,f_jpg?from=ke.com
20231207,海淀,田村,101118610197,田村39号院 中间层不临街 南北通透 布局合理 无遮挡,570万,90305元/平,中楼层 (共6层) 2室1厅 | 63.12平米 | 南 北,https://ke-image.ljcdn.com/110000-inspection/pc1_QGeyIi6ae_1.jpg!m_fill,w_280,h_210,f_jpg?from=ke.com
20231207,海淀,田村,101118586028,海淀田村香溪度小区 南北通透三居室,1530万,94967元/平,高楼层 (共9层) 3室2厅 | 161.11平米 | 南 北,https://ke-image.ljcdn.com/110000-inspection/pc1_GoWZAS61e_1.jpg!m_fill,w_280,h_210,f_jpg?from=ke.com
20231207,海淀,田村,101118582175,西木小区  南北两居室 中间楼层,535万,98527元/平,中楼层 (共5层) 2室1厅 | 54.3平米 | 南 北,https://ke-image.ljcdn.com/110000-inspection/pc1_VdrBjPcHe.jpg!m_fill,w_280,h_210,f_jpg?from=ke.com
20231207,海淀,田村,101118355503,新上 带车位 无遮挡大客厅落地阳台 业主诚心卖,1050万,71835元/平,低楼层 (共9层) 3室2厅 | 146.17平米 | 南 北,https://ke-image.ljcdn.com/110000-inspection/pc1_VDHJgaA4R.jpg!m_fill,w_280,h_210,f_jpg?from=ke.com
20231207,海淀,田村,101118164136,田村路甲56号院 南北通透两居室 视野好,458万,74231元/平,顶层 (共6层) | 1982年 | 2室1厅 | 61.7平米 | 南 北,https://ke-image.ljcdn.com/110000-inspection/pc1_Fqw4Pzqe3.jpg!m_fill,w_280,h_210,f_jpg?from=ke.com
20231207,海淀,田村,101117946648,（优质房源）精装南北两居利用率高不临街,510万,65986元/平,高楼层 (共6层) 2室1厅 | 77.29平米 | 南 北,https://ke-image.ljcdn.com/110000-inspection/pc1_Mq56Ov2xt_1.jpg!m_fill,w_280,h_210,f_jpg?from=ke.com
20231207,海淀,田村,101117811823,西木小区 低楼层两居 交通便利 配套齐全,470万,94950元/平,低楼层 (共7层) | 1992年 | 2室1厅 | 49.5平米 | 东 北,https://ke-image.ljcdn.com/110000-inspection/pc1_wpPvGJi34.jpg!m_fill,w_280,h_210,f_jpg?from=ke.com
20231207,海淀,田村,101117676369,金玉府 南北三居室 空房 中间楼层 不临街,1400万,104159元/平,中楼层 (共14层) | 2019年 | 3室2厅 | 134.41平米 | 南 北,https://ke-image.ljcdn.com/110000-inspection/pc1_ZF0Vkxk7D.jpg!m_fill,w_280,h_210,f_jpg?from=ke.com
20231207,海淀,田村,101116511573,丹青府圣华园  中间楼层户型方正三居室,1110万,75934元/平,中楼层 (共9层) | 2007年 | 3室2厅 | 146.18平米 | 南 北,https://ke-image.ljcdn.com/110000-inspection/f1fce78c-2792-4e64-87dc-e72d79372c98_1000.jpg!m_fill,w_280,h_210,f_jpg?from=ke.com
20231207,海淀,田村,101116435635,西四环五路居地铁小区南北通透有客厅,639万,98157元/平,中楼层 (共7层) | 1991年 | 2室1厅 | 65.1平米 | 南 北,https://ke-image.ljcdn.com/110000-inspection/43162e77-568a-4e59-be71-fb858332d46e_1000.jpg!m_fill,w_280,h_210,f_jpg?from=ke.com
20231207,海淀,田村,101122183011,乐府江南 3室1厅 东 西新上,1095万,98031元/平,低楼层 (共9层) | 2005年 | 3室1厅 | 111.7平米 | 东 西,https://ke-image.ljcdn.com/110000-inspection/pc1_6ygnLklJ0.jpg!m_fill,w_280,h_210,f_jpg?from=ke.com
20231207,海淀,田村,101122176057,南北朝向两居室双卧室朝南客厅朝北采光好无遮挡新上,585万,64649元/平,高楼层 (共6层) 2室1厅 | 90.49平米 | 南 北,https://ke-image.ljcdn.com/110000-inspection/pc1_Mtd0zpa1Z_1.jpg!m_fill,w_280,h_210,f_jpg?from=ke.com
20231207,海淀,田村,101122154035,总监推荐精装复式阳台采光充足视野开阔带车位新上,1796万,100397元/平,顶层 (共8层) 4室1厅 | 178.89平米 | 东 南,https://ke-image.ljcdn.com/110000-inspection/d278b120-52d5-411b-b8b0-4f7d2ca673ce_1000.jpg!m_fill,w_280,h_210,f_jpg?from=ke.com
20231207,海淀,田村,101122152559,金玉府2018年电梯房户型方正采光充足人车分流环境优美新上,1380万,101211元/平,中楼层 (共15层) 3室1厅 | 136.35平米 | 南 北,https://ke-image.ljcdn.com/110000-inspection/pc1_qLGbgzLPw.jpg!m_fill,w_280,h_210,f_jpg?from=ke.com
20231207,海淀,田村,101122138070,海淀田村绿谷雅园小区  南北通透两居室 精装修新上,680万,65562元/平,中楼层 (共5层) | 2004年 | 2室1厅 | 103.72平米 | 南 北,https://ke-image.ljcdn.com/110000-inspection/pc1_wAtCh7vBg_1.jpg!m_fill,w_280,h_210,f_jpg?from=ke.com
20231207,海淀,田村,101122113920,不临街三居 可贷款 空间大 环境佳新上,1090万,75433元/平,底层 (共12层) | 2008年 | 3室2厅 | 144.5平米 | 东南 西北,https://ke-image.ljcdn.com/110000-inspection/pc1_YLHgpjWU1_1.jpg!m_fill,w_280,h_210,f_jpg?from=ke.com
20231207,海淀,田村,101122088318,永达逸家 南北两居室 不临街 近地铁  满五唯一,850万,84393元/平,中楼层 (共13层) 2室2厅 | 100.72平米 | 南 北,https://ke-image.ljcdn.com/110000-inspection/pc1_nsVUX5DIJ_1.jpg!m_fill,w_280,h_210,f_jpg?from=ke.com
20231207,海淀,田村,101122069058,2004年房龄钢混结构一梯两户客厅主卧室朝南。,475万,61713元/平,中楼层 (共6层) | 1998年 | 2室1厅 | 76.97平米 | 南 北,https://ke-image.ljcdn.com/110000-inspection/pc1_6ggvCtdvx_1.jpg!m_fill,w_280,h_210,f_jpg?from=ke.com
20231207,海淀,田村,101122059746,22年两居室 环境好 配套成熟,720万,84976元/平,顶层 (共14层) | 2021年 | 2室1厅 | 84.73平米 | 南,https://ke-image.ljcdn.com/110000-inspection/f078454d-f628-4031-9a63-37dc39ff6b61_1000.jpg!m_fill,w_280,h_210,f_jpg?from=ke.com
20231207,海淀,田村,101122052038,海淀六号线 田村37号院 南北两居室 中间层 生活便利,495万,75689元/平,中楼层 (共6层) 2室1厅 | 65.4平米 | 南 北,https://ke-image.ljcdn.com/110000-inspection/pc1_NrJLYP7Mb_1.jpg!m_fill,w_280,h_210,f_jpg?from=ke.com
20231207,海淀,田村,101121989605,雅世合金公寓 南北三居 满五唯一 2011年管理好 带车位,1390万,161497元/平,底层 (共8层) | 2011年 | 3室2厅 | 86.07平米 | 南 西 北,https://ke-image.ljcdn.com/110000-inspection/pc1_OSUUQArrP_1.jpg!m_fill,w_280,h_210,f_jpg?from=ke.com
20231207,海淀,田村,101121983800,景宜里 南北三居室 地铁口 不临街 中间楼层 采光好房主自荐,1019万,81345元/平,中楼层 (共9层) | 2012年 | 3室1厅 | 125.27平米 | 南 北,https://ke-image.ljcdn.com/110000-inspection/63778f74-a84c-489a-a961-604ab1ce2e68_1000.jpg!m_fill,w_280,h_210,f_jpg?from=ke.com
20231207,海淀,田村,101121962437,精装修两居室  看房方便诚意出售,398万,81060元/平,顶层 (共5层) | 1973年 | 2室0厅 | 49.1平米 | 东,https://ke-image.ljcdn.com/110000-inspection/pc1_LPUzSOhC9_1.jpg!m_fill,w_280,h_210,f_jpg?from=ke.com
20231207,海淀,田村,101121955439,海淀2004年建成碧森里电梯房人车分流电梯入户,1130万,85393元/平,低楼层 (共9层) 3室2厅 | 132.33平米 | 南 北,https://ke-image.ljcdn.com/110000-inspection/pc1_jWQC7Yyps_1.jpg!m_fill,w_280,h_210,f_jpg?from=ke.com
20231207,海淀,田村,101121895430,海淀区熙湖三居室视野开阔精装修,1500万,88371元/平,顶层 (共12层) | 2008年 | 3室2厅 | 169.74平米 | 南 北,https://ke-image.ljcdn.com/110000-inspection/pc1_XIv5DoQS5_1.jpg!m_fill,w_280,h_210,f_jpg?from=ke.com
20231207,海淀,田村,101121891868,海淀田村绿谷雅园小区 南北通透两居室 户型方正房主自荐,597万,72602元/平,顶层 (共5层) | 2004年 | 2室1厅 | 82.23平米 | 南 北,https://ke-image.ljcdn.com/110000-inspection/pc1_VJDianYz6_1.jpg!m_fill,w_280,h_210,f_jpg?from=ke.com
20231207,海淀,田村,101121887041,景宜里 南北两居室 近地铁 无遮挡 采光好 视野好,780万,80091元/平,中楼层 (共9层) | 2012年 | 2室1厅 | 97.39平米 | 南 北,https://ke-image.ljcdn.com/110000-inspection/pc1_BaGbZvcBf_1.jpg!m_fill,w_280,h_210,f_jpg?from=ke.com
20231207,海淀,田村,101121874931,海淀西四环 人大 附亮甲店 满五唯一两居室,440万,76125元/平,中楼层 (共6层) 2室1厅 | 57.8平米 | 南 北,https://ke-image.ljcdn.com/110000-inspection/pc1_NJP0O4uGm_1.jpg!m_fill,w_280,h_210,f_jpg?from=ke.com
20231207,海淀,田村,101121869082,王致和腐乳厂宿舍 田村地铁口 刚需两居 不临街,439万,80699元/平,中楼层 (共5层) | 1985年 | 2室1厅 | 54.4平米 | 南 北,https://ke-image.ljcdn.com/110000-inspection/pc1_pN9nXiS7L.jpg!m_fill,w_280,h_210,f_jpg?from=ke.com
20231207,海淀,田村,101121862837,海淀西四环边 70年产权 2011年科技住宅 精装直住,780万,106908元/平,低楼层 (共9层) | 2011年 | 2室1厅 | 72.96平米 | 西南,https://ke-image.ljcdn.com/110000-inspection/pc1_BGM86AzxG_2.jpg!m_fill,w_280,h_210,f_jpg?from=ke.com
20231207,海淀,田村,101121849259,永定路1号院 满五唯一 东西通透 交通便利 看房随时,425万,73276元/平,顶层 (共6层) 2室1厅 | 58平米 | 东 南 西,https://ke-image.ljcdn.com/110000-inspection/pc1_L3nfYN3sE_1.jpg!m_fill,w_280,h_210,f_jpg?from=ke.com
20231207,海淀,田村,101121811869,海淀四环地铁口 不临街  商品房 板楼 人车分流,875万,85802元/平,底层 (共10层) | 2006年 | 2室1厅 | 101.98平米 | 南 北,https://ke-image.ljcdn.com/110000-inspection/pc1_V1cYDt3cq_1.jpg!m_fill,w_280,h_210,f_jpg?from=ke.com
20231207,海淀,田村,101121709453,碧森里小区商品房大复式 东西通透视野开阔 看房方便,1640万,77704元/平,顶层 (共9层) 4室2厅 | 211.06平米 | 东 西,https://ke-image.ljcdn.com/110000-inspection/pc1_UAuj20L6z_1.jpg!m_fill,w_280,h_210,f_jpg?from=ke.com
20231207,海淀,田村,101121654069,店长推荐 海澜中苑 中间楼层 南北两居 靠谱卖,605万,66215元/平,中楼层 (共6层) | 2003年 | 3室1厅 | 91.37平米 | 南 北,https://ke-image.ljcdn.com/110000-inspection/pc1_qlBsJ0Bbd.jpg!m_fill,w_280,h_210,f_jpg?from=ke.com
20231207,海淀,田村,101121652260,兰德华庭 楼龄新 商品房 近地铁,1230万,93246元/平,低楼层 (共13层) | 2005年 | 3室1厅 | 131.91平米 | 南 北,https://ke-image.ljcdn.com/110000-inspection/pc1_cY4R8J0mQ.jpg!m_fill,w_280,h_210,f_jpg?from=ke.com
20231207,海淀,田村,101121627421,乐府江南南北通透两居室业主诚意卖房,1250万,105043元/平,中楼层 (共7层) | 2005年 | 2室1厅 | 119平米 | 南 北,https://ke-image.ljcdn.com/110000-inspection/pc1_a2FML6QsM.jpg!m_fill,w_280,h_210,f_jpg?from=ke.com
20231207,海淀,田村,101121623551,香溪度 电梯大复式改善户型 板式院洋房房主自荐,1730万,78462元/平,中楼层 (共9层) | 2009年 | 4室3厅 | 220.49平米 | 南 北,https://ke-image.ljcdn.com/110000-inspection/pc1_bsLtUWuA7.jpg!m_fill,w_280,h_210,f_jpg?from=ke.com
20231207,海淀,田村,101121571815,海淀2005年景宜里南北2居电梯房带固定车位房主自荐,830万,85339元/平,低楼层 (共9层) | 2012年 | 2室1厅 | 97.26平米 | 南 北,https://ke-image.ljcdn.com/110000-inspection/pc1_xsobzC8Te_1.jpg!m_fill,w_280,h_210,f_jpg?from=ke.com
20231207,海淀,田村,101121555906,天合家园 全屋定制精装修 高楼层视野开阔采光好,915万,98909元/平,高楼层 (共16层) 2室1厅 | 92.51平米 | 西,https://ke-image.ljcdn.com/110000-inspection/pc1_XYSmbI82o_1.jpg!m_fill,w_280,h_210,f_jpg?from=ke.com
20231207,海淀,田村,101121494518,海淀田村绿谷雅园小区 南北通透六居室三卫 视野好,1550万,60964元/平,顶层 (共5层) | 2004年 | 6室2厅 | 254.25平米 | 南 北,https://ke-image.ljcdn.com/110000-inspection/pc1_co1Ju5hlF_1.jpg!m_fill,w_280,h_210,f_jpg?from=ke.com
20231207,海淀,田村,101121466159,乐府江南 全南一居室  无遮挡 视野好,425万,111199元/平,顶层 (共9层) | 2005年 | 1室0厅 | 38.22平米 | 南,https://ke-image.ljcdn.com/110000-inspection/pc1_eRKC1lmgU_1.jpg!m_fill,w_280,h_210,f_jpg?from=ke.com
20231207,海淀,田村,101121465901,永达逸家  精装两居室近地铁近商业,728万,79442元/平,中楼层 (共15层) 3室1厅 | 91.64平米 | 西 北,https://ke-image.ljcdn.com/110000-inspection/pc1_sTTjdWJ3K_1.jpg!m_fill,w_280,h_210,f_jpg?from=ke.com
20231207,海淀,田村,101121414494,满五唯一双卫不临街配套成熟,779万,75845元/平,底层 (共13层) 2室2厅 | 102.71平米 | 南,https://ke-image.ljcdn.com/110000-inspection/pc1_cDJGn9Ynq_1.jpg!m_fill,w_280,h_210,f_jpg?from=ke.com
20231207,海淀,田村,101121375864,兰德华庭 1室1厅 南房主自荐,775万,131290元/平,底层 (共13层) | 2005年 | 1室1厅 | 59.03平米 | 南,https://ke-image.ljcdn.com/110000-inspection/pc1_IAdiWyoTk_1.jpg!m_fill,w_280,h_210,f_jpg?from=ke.com
20231207,海淀,田村,101121360486,自由度满五唯一有电梯2003年近地铁户型方正房主自荐,727万,74949元/平,中楼层 (共8层) 2室1厅 | 97平米 | 南 西,https://ke-image.ljcdn.com/110000-inspection/pc1_fEpNbn1sU_1.jpg!m_fill,w_280,h_210,f_jpg?from=ke.com
20231207,海淀,田村,101121336096,绿谷雅园一层两居室满五年唯一靠谱出售,708万,68919元/平,底层 (共5层) | 2008年 | 2室1厅 | 102.73平米 | 南 北,https://ke-image.ljcdn.com/110000-inspection/pc1_266vIkf0v_1.jpg!m_fill,w_280,h_210,f_jpg?from=ke.com
20231207,海淀,田村,101121269992,田村37号院 双南向双阳台 采光充足房主自荐,533万,79911元/平,中楼层 (共6层) | 1990年 | 2室1厅 | 66.7平米 | 南,https://ke-image.ljcdn.com/110000-inspection/pc1_jvscpjfF4.jpg!m_fill,w_280,h_210,f_jpg?from=ke.com
20231207,海淀,田村,101121234982,西木小区 观景好 视野开阔 两居室 交通便利,509万,89866元/平,顶层 (共5层) | 1992年 | 2室1厅 | 56.64平米 | 西南,https://ke-image.ljcdn.com/110000-inspection/pc1_PgKBBz5yD.jpg!m_fill,w_280,h_210,f_jpg?from=ke.com
20231207,海淀,田村,101121191975,西木小区 明厅明卫 全明格局 地铁海淀五路居 精装修,550万,92593元/平,顶层 (共5层) | 1992年 | 2室2厅 | 59.4平米 | 东 南 北,https://ke-image.ljcdn.com/110000-inspection/pc1_63nNmGu76.jpg!m_fill,w_280,h_210,f_jpg?from=ke.com
20231207,海淀,田村,101121189340,田村地铁口一层南北三居室户型方正采光无遮挡,628万,82632元/平,底层 (共6层) | 1982年 | 3室1厅 | 76平米 | 南 北,https://ke-image.ljcdn.com/110000-inspection/pc1_diZNKALvx.jpg!m_fill,w_280,h_210,f_jpg?from=ke.com
20231207,海淀,田村,101121172309,兰德华庭 楼龄新 近地铁 采光视野好 满五唯一房主自荐,820万,94340元/平,中楼层 (共13层) 2室2厅 | 86.92平米 | 西 北,https://ke-image.ljcdn.com/110000-inspection/pc1_ANOZEahZ7_1.jpg!m_fill,w_280,h_210,f_jpg?from=ke.com
20231207,海淀,田村,101121140257,海淀区 熙湖 08年商品房 满五唯一  南北双通透 有车位,1470万,79822元/平,低楼层 (共12层) | 2008年 | 3室2厅 | 184.16平米 | 南 北,https://ke-image.ljcdn.com/110000-inspection/pc1_1d4C8CbiY.jpg!m_fill,w_280,h_210,f_jpg?from=ke.com
20231207,海淀,田村,101121112371,西木小区 近地铁 出行方便 三居室,499万,78201元/平,地下室 (共5层) | 1992年 | 3室1厅 | 63.81平米 | 南 北,https://ke-image.ljcdn.com/110000-inspection/pc1_bmcTWo6Wh.jpg!m_fill,w_280,h_210,f_jpg?from=ke.com
20231207,海淀,田村,101121104471,永景园 满五唯一 南北通透 楼层好 采光充足 带车位,628万,89218元/平,高楼层 (共6层) 2室1厅 | 70.39平米 | 南 北,https://ke-image.ljcdn.com/110000-inspection/pc1_4Ot4UP525_1.jpg!m_fill,w_280,h_210,f_jpg?from=ke.com
20231207,海淀,田村,101121102612,精装修 满五年唯一 商品房  诚意出售,322万,78729元/平,顶层 (共6层) | 1987年 | 1室1厅 | 40.9平米 | 南,https://ke-image.ljcdn.com/110000-inspection/pc1_Bi85OVsCi_1.jpg!m_fill,w_280,h_210,f_jpg?from=ke.com
20231207,海淀,田村,101121086201,田村48号院 南北通透三居室 无抵押房主自荐,598万,72839元/平,底层 (共6层) | 1980年 | 3室1厅 | 82.1平米 | 南 北,https://ke-image.ljcdn.com/110000-inspection/pc1_kzNCPfEmW_1.jpg!m_fill,w_280,h_210,f_jpg?from=ke.com
20231207,海淀,田村,101121063772,海淀西四环 丹青府 2010年商品房 明厨明卫,1210万,85926元/平,低楼层 (共12层) | 2010年 | 3室2厅 | 140.82平米 | 南 北,https://ke-image.ljcdn.com/110000-inspection/pc1_5BD04LO2w.jpg!m_fill,w_280,h_210,f_jpg?from=ke.com
20231207,海淀,田村,101121048065,畅茜园碧森里 近地铁 精装婚房 落地飘窗大阳台,699万,81289元/平,高楼层 (共10层) | 2004年 | 1室1厅 | 85.99平米 | 南,https://ke-image.ljcdn.com/110000-inspection/pc1_7XtqtnVLP.jpg!m_fill,w_280,h_210,f_jpg?from=ke.com
20231207,海淀,田村,101121033815,橡胶设计院 新上不临街一居室 满五唯一 不临街,330万,75689元/平,底层 (共6层) 1室1厅 | 43.6平米 | 东,https://ke-image.ljcdn.com/110000-inspection/pc1_fyFrtogPv.jpg!m_fill,w_280,h_210,f_jpg?from=ke.com
20231207,海淀,田村,101121027327,海淀名著 双卧室客厅南卫生间带窗 视野好,1305万,116675元/平,顶层 (共12层) 3室2厅 | 111.85平米 | 南 北,https://ke-image.ljcdn.com/110000-inspection/pc1_waZGYGeFU.jpg!m_fill,w_280,h_210,f_jpg?from=ke.com
20231207,海淀,田村,101121015283,海淀2004年满五年唯一安静不临街电梯房带车位,782万,84954元/平,顶层 (共9层) 2室1厅 | 92.05平米 | 南,https://ke-image.ljcdn.com/110000-inspection/pc1_doPXV2kE5_1.jpg!m_fill,w_280,h_210,f_jpg?from=ke.com
20231207,海淀,田村,101121012330,碧桐园 三室 双卫 南北通透带阳台 满五唯一,800万,96316元/平,顶层 (共6层) 3室2厅 | 83.06平米 | 南 北,https://ke-image.ljcdn.com/110000-inspection/pc1_Ld1d3OuoV_1.jpg!m_fill,w_280,h_210,f_jpg?from=ke.com
20231207,海淀,田村,101120968885,天合家园正规一居室 诚意出售！！！！,580万,85876元/平,低楼层 (共15层) 1室1厅 | 67.54平米 | 西,https://ke-image.ljcdn.com/110000-inspection/pc1_GwA28YJs4.jpg!m_fill,w_280,h_210,f_jpg?from=ke.com
20231207,海淀,田村,101120961286,海淀西四环 田村路23号院 高楼层 不临街 采光充足,569万,71223元/平,顶层 (共5层) 3室1厅 | 79.89平米 | 南 北,https://ke-image.ljcdn.com/110000-inspection/pc1_TstOjwJyw_1.jpg!m_fill,w_280,h_210,f_jpg?from=ke.com
20231207,海淀,田村,101120957987,西木小区 南北三居室中楼层采光好 格局方正房主自荐,599万,84012元/平,高楼层 (共7层) | 1991年 | 3室1厅 | 71.3平米 | 南 北,https://ke-image.ljcdn.com/110000-inspection/bc2e0510-6215-4774-b65e-9201d2e146b4_1000.jpg!m_fill,w_280,h_210,f_jpg?from=ke.com
20231207,海淀,田村,101120946896,海淀区金玉府小区 高楼层精装修三居室,1450万,107114元/平,中楼层 (共14层) | 2019年 | 3室2厅 | 135.37平米 | 南 西 北,https://ke-image.ljcdn.com/110000-inspection/pc1_rmgi5Eiym_1.jpg!m_fill,w_280,h_210,f_jpg?from=ke.com
20231207,海淀,田村,101120916995,丹青府 明厨明卫 南北通透 格局方正,1199万,85387元/平,低楼层 (共12层) 3室2厅 | 140.42平米 | 南 北,https://ke-image.ljcdn.com/110000-inspection/pc1_qfoFtkzus.jpg!m_fill,w_280,h_210,f_jpg?from=ke.com
20231207,海淀,田村,101120915973,幸福时光 精装两居室 拎包入住房主自荐,545万,89831元/平,顶层 (共6层) 2室1厅 | 60.67平米 | 南,https://ke-image.ljcdn.com/110000-inspection/c498606c-ae03-4f1e-9f77-509aac7214ae_1000.jpg!m_fill,w_280,h_210,f_jpg?from=ke.com
20231207,海淀,田村,101120915758,永达逸家近地铁高楼层满五年唯一,470万,80205元/平,高楼层 (共15层) | 2004年 | 1室1厅 | 58.6平米 | 西,https://ke-image.ljcdn.com/110000-inspection/pc1_gIS5sfM6H_1.jpg!m_fill,w_280,h_210,f_jpg?from=ke.com
20231207,海淀,田村,101120882621,景宜里南北通透两居室满五唯一带车位,835万,86962元/平,中楼层 (共9层) 2室1厅 | 96.02平米 | 南 北,https://ke-image.ljcdn.com/110000-inspection/pc1_Us285jyuA_1.jpg!m_fill,w_280,h_210,f_jpg?from=ke.com
20231207,海淀,田村,101120848548,此房位于小区中间位置不临街中高楼层采光好,635万,98481元/平,中楼层 (共12层) | 2006年 | 1室1厅 | 64.48平米 | 西,https://ke-image.ljcdn.com/110000-inspection/pc1_kZG5VEoKw_1.jpg!m_fill,w_280,h_210,f_jpg?from=ke.com
20231207,海淀,田村,101120806994,永景园 户型方正 无浪费面积 不临街,610万,78568元/平,底层 (共6层) | 2000年 | 2室1厅 | 77.64平米 | 西 北,https://ke-image.ljcdn.com/110000-inspection/pc1_VY6owk7UZ_1.jpg!m_fill,w_280,h_210,f_jpg?from=ke.com
20231207,海淀,田村,101120800432,永景园南北通透大两居带车位采光佳！！,569万,80836元/平,顶层 (共6层) 2室1厅 | 70.39平米 | 南 北,https://ke-image.ljcdn.com/110000-inspection/pc1_LB1qPqCyI_1.jpg!m_fill,w_280,h_210,f_jpg?from=ke.com
20231207,海淀,田村,101120775286,正对小区花园不临街装修好可拎包入住,420万,87391元/平,低楼层 (共15层) | 2004年 | 1室1厅 | 48.06平米 | 东,https://ke-image.ljcdn.com/110000-inspection/pc1_NdRWsngso.jpg!m_fill,w_280,h_210,f_jpg?from=ke.com
20231207,海淀,田村,101120739242,雪芳园 楼龄新 近地铁 满五唯一 采光视野好,880万,83882元/平,低楼层 (共16层) | 2013年 | 2室2厅 | 104.91平米 | 东,https://ke-image.ljcdn.com/110000-inspection/pc1_HyETt730O_1.jpg!m_fill,w_280,h_210,f_jpg?from=ke.com
20231207,海淀,田村,101120693464,圣华里丹青府电梯板楼高楼层房主自荐,1130万,77302元/平,高楼层 (共9层) 3室2厅 | 146.18平米 | 南 北,https://ke-image.ljcdn.com/110000-inspection/pc1_tunV6l5Ez_1.jpg!m_fill,w_280,h_210,f_jpg?from=ke.com
20231207,海淀,田村,101120686596,新上王致和腐乳厂宿舍 近地铁  一层半 诚心出售,475万,79565元/平,底层 (共6层) | 1995年 | 2室1厅 | 59.7平米 | 南 北,https://ke-image.ljcdn.com/110000-inspection/pc1_IBS4ff6RD.jpg!m_fill,w_280,h_210,f_jpg?from=ke.com
20231207,海淀,田村,101120685709,2004年社区 房子满五年唯一 低楼层 南向一居诚意出售,460万,76962元/平,底层 (共6层) | 2004年 | 1室1厅 | 59.77平米 | 南,https://ke-image.ljcdn.com/110000-inspection/pc1_9tqF8eHxi_1.jpg!m_fill,w_280,h_210,f_jpg?from=ke.com
20231207,海淀,田村,101120671192,海淀区香溪度满五唯一精装修楼层好,1350万,89139元/平,中楼层 (共9层) | 2009年 | 3室2厅 | 151.45平米 | 南 北,https://ke-image.ljcdn.com/110000-inspection/pc1_BQ5AYPaG1_1.jpg!m_fill,w_280,h_210,f_jpg?from=ke.com
20231207,海淀,田村,101120622319,海淀西四环 田村地铁兰德华庭4居室安静不临街。,1420万,87278元/平,底层 (共10层) | 2006年 | 4室2厅 | 162.7平米 | 南 北,https://ke-image.ljcdn.com/110000-inspection/pc1_DD0esLsUE_1.jpg!m_fill,w_280,h_210,f_jpg?from=ke.com
20231207,海淀,田村,101120619676,小区中间前后不临街 正对小区花园  视野开阔,869万,82527元/平,高楼层 (共13层) | 2004年 | 2室1厅 | 105.3平米 | 西北,https://ke-image.ljcdn.com/110000-inspection/pc1_n6IeooSPy_1.jpg!m_fill,w_280,h_210,f_jpg?from=ke.com
20231207,海淀,田村,101120619181,观西山高楼层满五年唯一三卧朝南三居室看房方便房主自荐,1165万,90115元/平,高楼层 (共13层) | 2006年 | 3室2厅 | 129.28平米 | 西南,https://ke-image.ljcdn.com/110000-inspection/pc1_JDVocclB0_1.jpg!m_fill,w_280,h_210,f_jpg?from=ke.com
20231207,海淀,田村,101120573645,自由度 2003年商品房 东向一居室 满五唯一 交通方便,538万,67225元/平,低楼层 (共8层) | 2002年 | 1室1厅 | 80.03平米 | 东,https://ke-image.ljcdn.com/110000-inspection/pc1_9zDVfAwfW_1.jpg!m_fill,w_280,h_210,f_jpg?from=ke.com
20231207,海淀,田村,101120552442,正规三居室房子满五年唯一中间楼层采光好,620万,91581元/平,高楼层 (共7层) 3室1厅 | 67.7平米 | 南 北,https://ke-image.ljcdn.com/110000-inspection/26fa4cf0-3bfa-4c62-a98d-d7809ecab645_1000.jpg!m_fill,w_280,h_210,f_jpg?from=ke.com
20231207,海淀,田村,101120545159,碧森里精装温馨四居室五年唯一电梯房,850万,87162元/平,低楼层 (共10层) 2室2厅 | 97.52平米 | 东 西,https://ke-image.ljcdn.com/110000-inspection/46006c75-7e77-4708-896e-a1ec3069e836_1000.jpg!m_fill,w_280,h_210,f_jpg?from=ke.com
20231207,海淀,田村,101120522311,乐府江南南北通透大三居 三卫 江南园林风格 有车位房主自荐,1730万,92549元/平,低楼层 (共9层) | 2005年 | 3室2厅 | 186.93平米 | 南 北,https://ke-image.ljcdn.com/110000-inspection/pc1_fd7R12ld4.jpg!m_fill,w_280,h_210,f_jpg?from=ke.com
20231207,海淀,田村,101120491052,正对小区花园不临街夏日绿茵遮阳冬日阳光充足房主自荐,1115万,101929元/平,低楼层 (共9层) | 2005年 | 2室1厅 | 109.39平米 | 南,https://ke-image.ljcdn.com/110000-inspection/pc1_l8HGT7kMW_1.jpg!m_fill,w_280,h_210,f_jpg?from=ke.com
20231207,海淀,田村,101120487778,海淀区 西四环 熙湖 南北三居 临近6号线 2008年商品房,1130万,76955元/平,底层 (共12层) 3室1厅 | 146.84平米 | 南 北,https://ke-image.ljcdn.com/110000-inspection/pc1_WFc3uQje7.jpg!m_fill,w_280,h_210,f_jpg?from=ke.com
20231207,海淀,田村,101120463211,海淀 商品房社区  满五唯一  不临街  低楼层房主自荐,655万,65638元/平,中楼层 (共5层) | 2004年 | 2室1厅 | 99.79平米 | 南 北,https://ke-image.ljcdn.com/110000-inspection/pc1_mZFdQjDdd.jpg!m_fill,w_280,h_210,f_jpg?from=ke.com
20231207,海淀,田村,101120354984,西木小区 满五唯一 精装修 2层 双卧南 近地铁,499万,92408元/平,中楼层 (共5层) | 1990年 | 2室1厅 | 54平米 | 东南,https://ke-image.ljcdn.com/110000-inspection/pc1_FZctKlOqa.jpg!m_fill,w_280,h_210,f_jpg?from=ke.com
20231207,海淀,田村,101120240244,海淀田村地铁中国房子一居满五唯一不临街,720万,100658元/平,高楼层 (共9层) | 2005年 | 1室1厅 | 71.53平米 | 南,https://ke-image.ljcdn.com/110000-inspection/pc1_HTg1SBR6z_1.jpg!m_fill,w_280,h_210,f_jpg?from=ke.com
20231207,海淀,田村,101120238174,近地铁两居6层板楼带电梯 诚心出售,715万,79489元/平,低楼层 (共6层) | 2008年 | 2室1厅 | 89.95平米 | 南,https://ke-image.ljcdn.com/110000-inspection/pc1_flZD7XbO8.jpg!m_fill,w_280,h_210,f_jpg?from=ke.com
20231207,海淀,田村,101120170451,田村39号院 满五年唯一 南北通透房主自荐,598万,82110元/平,低楼层 (共6层) | 1996年 | 2室1厅 | 72.83平米 | 南 北,https://ke-image.ljcdn.com/110000-inspection/pc1_v6kJW2JC0_1.jpg!m_fill,w_280,h_210,f_jpg?from=ke.com
20231207,海淀,田村,101120152616,精装修三居室全明户型自住保持的很好拎包入住房主自荐,662万,84981元/平,底层 (共6层) | 1985年 | 3室1厅 | 77.9平米 | 东 南 北,https://ke-image.ljcdn.com/110000-inspection/bfab1f30-d3c8-4846-bafc-7d3636809cf3_1000.jpg!m_fill,w_280,h_210,f_jpg?from=ke.com
20231207,海淀,田村,101120147273,熙湖小区 2008年商品社区 观景两居室 花园水系环绕,880万,76676元/平,中楼层 (共12层) 2室1厅 | 114.77平米 | 东 西,https://ke-image.ljcdn.com/110000-inspection/pc1_T5JIuA2qz_1.jpg!m_fill,w_280,h_210,f_jpg?from=ke.com
20231207,海淀,田村,101120142933,西木小区 中间位置 南北朝向 采光好 交通便利,458万,84659元/平,中楼层 (共7层) | 1991年 | 2室1厅 | 54.1平米 | 南 北,https://ke-image.ljcdn.com/110000-inspection/pc1_Wf2n4StKD.jpg!m_fill,w_280,h_210,f_jpg?from=ke.com
20231207,海淀,田村,101120142045,中国房子 不临街大两居 车位充足 近地铁,958万,86346元/平,底层 (共9层) | 2005年 | 2室2厅 | 110.95平米 | 南 北,https://ke-image.ljcdn.com/110000-inspection/pc1_4iQMEhakd_1.jpg!m_fill,w_280,h_210,f_jpg?from=ke.com
20231207,海淀,田村,101120138843,中间层大两居南北阳台满五唯一随时看,695万,62182元/平,中楼层 (共5层) 2室1厅 | 111.77平米 | 南 北,https://ke-image.ljcdn.com/110000-inspection/pc1_6Xj6FTTcL.jpg!m_fill,w_280,h_210,f_jpg?from=ke.com
20231207,海淀,田村,101120137572,海淀区 精装2008 熙湖 全南一居 6号线田村站,670万,95879元/平,高楼层 (共12层) | 2008年 | 1室1厅 | 69.88平米 | 南,https://ke-image.ljcdn.com/110000-inspection/pc1_UFQeXnh1T_1.jpg!m_fill,w_280,h_210,f_jpg?from=ke.com
20231207,海淀,田村,101120132239,海淀田村绿谷雅园小区  南北通透五居室 户型方正,1050万,58490元/平,顶层 (共5层) 5室2厅 | 179.52平米 | 南 北,https://ke-image.ljcdn.com/110000-inspection/pc1_QFC2L0FFA.jpg!m_fill,w_280,h_210,f_jpg?from=ke.com
20231207,海淀,田村,101120059737,西木小区  南北朝向中间位置 不临街,618万,98252元/平,中楼层 (共5层) | 1992年 | 3室1厅 | 62.9平米 | 南 北,https://ke-image.ljcdn.com/110000-inspection/pc1_xpvVEksh3.jpg!m_fill,w_280,h_210,f_jpg?from=ke.com
20231207,海淀,田村,101119999152,玉泉 精装三居室   诚售可谈 户型方正 卧室大,638万,81900元/平,高楼层 (共6层) | 1985年 | 3室1厅 | 77.9平米 | 南 北 东,https://ke-image.ljcdn.com/110000-inspection/pc1_HnUYJUxaa.jpg!m_fill,w_280,h_210,f_jpg?from=ke.com
20231207,海淀,田村,101119980355,田村40号院 地铁口 双卧朝南 南北通透,498万,72595元/平,顶层 (共6层) 2室1厅 | 68.6平米 | 南 北,https://ke-image.ljcdn.com/110000-inspection/pc1_UuZj9ykfu_1.jpg!m_fill,w_280,h_210,f_jpg?from=ke.com
20231207,海淀,田村,101119953697,中间楼层不临街产权清晰可随时签约,470万,63215元/平,高楼层 (共6层) 2室1厅 | 74.35平米 | 南 北,https://ke-image.ljcdn.com/110000-inspection/pc1_smRS1dmIX.jpg!m_fill,w_280,h_210,f_jpg?from=ke.com
20231207,海淀,田村,101119926667,海淀田村地铁口 南北通透两居室 业主诚心出售房主自荐,425万,74301元/平,顶层 (共6层) | 1984年 | 2室1厅 | 57.2平米 | 南 北,https://ke-image.ljcdn.com/110000-inspection/pc1_Rbvw4xZtv_1.jpg!m_fill,w_280,h_210,f_jpg?from=ke.com
20231207,海淀,田村,101119823696,永定路1号院满五唯一南北通透精装修不临街,420万,80770元/平,底层 (共5层) 2室1厅 | 52平米 | 南 北,https://ke-image.ljcdn.com/110000-inspection/pc1_w3dyKJjSO_1.jpg!m_fill,w_280,h_210,f_jpg?from=ke.com
20231207,海淀,田村,101119804997,兰德华庭 满五唯一 中楼层 采光视野好 近地铁,1169万,93745元/平,中楼层 (共12层) | 2005年 | 3室2厅 | 124.7平米 | 南 北,https://ke-image.ljcdn.com/110000-inspection/380d0bfc-959c-41b7-ab29-0ae80625f943_1000.jpg!m_fill,w_280,h_210,f_jpg?from=ke.com
20231207,海淀,田村,101119749842,海淀田村绿谷雅园小区 南北通透两居室 不临街,618万,69501元/平,顶层 (共5层) 2室1厅 | 88.92平米 | 南 北,https://ke-image.ljcdn.com/110000-inspection/pc1_El8lnHZJk_1.jpg!m_fill,w_280,h_210,f_jpg?from=ke.com
20231207,海淀,田村,101119695777,海淀 西四环 田村 五居室 看房方便,1830万,78697元/平,顶层 (共9层) | 2004年 | 5室2厅 | 232.54平米 | 东南,https://ke-image.ljcdn.com/110000-inspection/dc3892c7-32fa-4451-99b0-5fea9b4be4fd_1000.jpg!m_fill,w_280,h_210,f_jpg?from=ke.com
20231207,海淀,田村,101119679272,中国房子2005年满五年唯一南向电梯房车位充足,669万,94186元/平,高楼层 (共9层) | 2004年 | 1室1厅 | 71.03平米 | 南,https://ke-image.ljcdn.com/110000-inspection/pc1_KFoMGIVFv_1.jpg!m_fill,w_280,h_210,f_jpg?from=ke.com
20231207,海淀,田村,101119672042,海淀田村绿谷雅园小区   南北通透两居室 户型方正,639万,63118元/平,中楼层 (共5层) 2室2厅 | 101.24平米 | 南 北,https://ke-image.ljcdn.com/110000-inspection/pc1_zk6btFdlY.jpg!m_fill,w_280,h_210,f_jpg?from=ke.com
20231207,海淀,田村,101119574862,中国房子 南北2居室 近地铁 好停车 带电梯,870万,75970元/平,低楼层 (共9层) | 2004年 | 2室1厅 | 114.52平米 | 南 北,https://ke-image.ljcdn.com/110000-inspection/ba72c647-f9de-4aed-bdea-def9a20963e9_1000.jpg!m_fill,w_280,h_210,f_jpg?from=ke.com
20231207,海淀,田村,101119483188,海澜东苑 复式 不临街四居 干净整洁小区有车位房主自荐,958万,60408元/平,高楼层 (共6层) | 2002年 | 4室1厅 | 158.59平米 | 南 北,https://ke-image.ljcdn.com/110000-inspection/b0658f06-da26-4848-ad69-b57408edc98f_1000.jpg!m_fill,w_280,h_210,f_jpg?from=ke.com
20231207,海淀,田村,101119465807,海淀区2014年8居室大苑海淀名著南北有一个车位,2100万,148389元/平,底层 (共10层) 8室4厅 | 141.52平米 | 南 北,https://ke-image.ljcdn.com/110000-inspection/pc1_8wH7EGjql.jpg!m_fill,w_280,h_210,f_jpg?from=ke.com
20231207,海淀,田村,101119325233,海淀金玉府2018年商品房 电梯直达精装修两居 采光充足,1160万,103516元/平,低楼层 (共15层) 2室2厅 | 112.06平米 | 西南,https://ke-image.ljcdn.com/110000-inspection/pc1_VvJXEASuB_1.jpg!m_fill,w_280,h_210,f_jpg?from=ke.com
20231207,海淀,田村,101119212731,绿谷雅园 2室1厅 南 北,680万,67168元/平,底层 (共5层) 2室1厅 | 101.24平米 | 南 北,https://ke-image.ljcdn.com/110000-inspection/pc1_BZJCT6FDl.jpg!m_fill,w_280,h_210,f_jpg?from=ke.com
20231207,海淀,田村,101119138127,海淀区2004年碧森里一层下跃满五年唯一2个车位,1380万,152875元/平,底层 (共10层) | 2004年 | 3室2厅 | 90.27平米 | 南 北,https://ke-image.ljcdn.com/110000-inspection/pc1_5nBpH8I53_1.jpg!m_fill,w_280,h_210,f_jpg?from=ke.com
20231207,海淀,田村,101119069967,幸福时光 南北高层两居不临街满五唯一,693万,82589元/平,顶层 (共6层) | 2004年 | 2室1厅 | 83.91平米 | 南 北,https://ke-image.ljcdn.com/110000-inspection/pc1_44cazrHQR.jpg!m_fill,w_280,h_210,f_jpg?from=ke.com
20231207,海淀,田村,101118998256,雪芳里 南北通透  双阳台 精装修,1150万,75120元/平,顶层 (共9层) | 2011年 | 3室2厅 | 153.09平米 | 南 北 西,https://ke-image.ljcdn.com/110000-inspection/pc1_9pvIkUzpQ.jpg!m_fill,w_280,h_210,f_jpg?from=ke.com
20231207,海淀,田村,101118986377,田村雪芳园2013年社区采光好安静舒适,1110万,81696元/平,底层 (共16层) | 2013年 | 3室1厅 | 135.87平米 | 东 西,https://ke-image.ljcdn.com/110000-inspection/pc1_rMJIfHVsa.jpg!m_fill,w_280,h_210,f_jpg?from=ke.com
20231207,海淀,田村,101118195858,乐府江南 2005年 江南园林风格 品质好 满五年 东向,395万,111994元/平,顶层 (共9层) | 2005年 | 1室0厅 | 35.27平米 | 东,https://ke-image.ljcdn.com/110000-inspection/pc1_DxWn9Eq9n.jpg!m_fill,w_280,h_210,f_jpg?from=ke.com
20231207,海淀,田村,101117936902,乐府江南小区中间位置临水系大花园三居房主自荐,2290万,130181元/平,底层 (共9层) | 2005年 | 3室1厅 | 175.91平米 | 南 北,https://ke-image.ljcdn.com/110000-inspection/7381c624-979c-409f-a6f2-bdcbfb9b5b23_1000.jpg!m_fill,w_280,h_210,f_jpg?from=ke.com
20231207,海淀,田村,101117906561,王致和腐乳厂宿舍 南北通透 格局方正 近地铁小两居,410万,79458元/平,底层 (共5层) 2室1厅 | 51.6平米 | 南 北,https://ke-image.ljcdn.com/110000-inspection/c9bc7a40-7644-4837-b945-799f1548cdc8_1000.jpg!m_fill,w_280,h_210,f_jpg?from=ke.com
20231207,海淀,田村,101117840217,圣华里 带车位 南北通透户型好 有电梯 诚意出售房主自荐,940万,73090元/平,顶层 (共9层) 3室1厅 | 128.61平米 | 南 北,https://ke-image.ljcdn.com/110000-inspection/pc1_XCsuHkzgR_2.jpg!m_fill,w_280,h_210,f_jpg?from=ke.com
20231207,海淀,田村,101117830391,绿谷雅园 南北通透两居室 靠谱出售,597万,64667元/平,顶层 (共5层) | 2004年 | 2室1厅 | 92.32平米 | 南 北,https://ke-image.ljcdn.com/110000-inspection/pc1_YRSzHu9b5_1.jpg!m_fill,w_280,h_210,f_jpg?from=ke.com
20231207,海淀,田村,101117350639,西山国际城  东南朝向 电梯房 西山洋房二期,199万,60322元/平,低楼层 (共6层) | 2015年 | 1室1厅 | 32.99平米 | 西南,https://ke-image.ljcdn.com/110000-inspection/pc1_TDikdzUYb_1.jpg!m_fill,w_280,h_210,f_jpg?from=ke.com
20231207,海淀,田村,101122207053,天合家园 全南两居室 户型方正,730万,86157元/平,高楼层 (共14层) 2室1厅 | 84.73平米 | 南,https://s1.ljcdn.com/pegasus/redskull/images/common/default_house_list.png?_v=202311081228217
20231207,海淀,田村,101122202003,兰德华庭 楼龄新 近地铁 满五唯一 不临街 采光视野好新上,970万,85238元/平,中楼层 (共13层) | 2004年 | 2室1厅 | 113.8平米 | 西北,https://s1.ljcdn.com/pegasus/redskull/images/common/default_house_list.png?_v=202311081228217
20231207,海淀,田村,101122177685,13年小区雪芳园东西向三居室满五唯一精装修新上,1150万,84640元/平,低楼层 (共16层) | 2013年 | 3室2厅 | 135.87平米 | 东 西,https://s1.ljcdn.com/pegasus/redskull/images/common/default_house_list.png?_v=202311081228217
20231207,海淀,田村,101122171123,永定路1号院 2室1厅 南新上,439万,86418元/平,中楼层 (共5层) 2室1厅 | 50.8平米 | 南,https://s1.ljcdn.com/pegasus/redskull/images/common/default_house_list.png?_v=202311081228217
20231207,海淀,田村,101122165940,天合家园 东向一居室  不临街新上,409万,80783元/平,高楼层 (共16层) 1室0厅 | 50.63平米 | 东,https://s1.ljcdn.com/pegasus/redskull/images/common/default_house_list.png?_v=202311081228217
20231207,海淀,田村,101122159451,急售两居 不临街 楼龄新 配套全新上,650万,72287元/平,低楼层 (共17层) | 2021年 | 2室1厅 | 89.92平米 | 南 北,https://s1.ljcdn.com/pegasus/redskull/images/common/default_house_list.png?_v=202311081228217
20231207,海淀,田村,101122155203,西山国际城小区楼龄新业主诚心出售新上,163万,51796元/平,低楼层 (共6层) | 2015年 | 1室1厅 | 31.47平米 | 西,https://s1.ljcdn.com/pegasus/redskull/images/common/default_house_list.png?_v=202311081228217
20231207,海淀,田村,101122141835,天合家园 南向一居室 户型方正 环境优美 配套齐全新上,560万,79489元/平,低楼层 (共14层) 1室1厅 | 70.45平米 | 南,https://s1.ljcdn.com/pegasus/redskull/images/common/default_house_list.png?_v=202311081228217
20231207,海淀,田村,101122128117,西山国际城 2室1厅 东北新上,290万,80893元/平,中楼层 (共6层) | 2010年 | 2室1厅 | 35.85平米 | 东北,https://s1.ljcdn.com/pegasus/redskull/images/common/default_house_list.png?_v=202311081228217
20231207,海淀,田村,101122100469,天合家园 1室1厅 南 西新上,598万,84883元/平,顶层 (共14层) 1室1厅 | 70.45平米 | 南 西,https://s1.ljcdn.com/pegasus/redskull/images/common/default_house_list.png?_v=202311081228217
20231207,海淀,田村,101122084015,碧森里 高楼层 视野好 远观西山,970万,87192元/平,高楼层 (共9层) 3室1厅 | 111.25平米 | 东 南 西北,https://s1.ljcdn.com/pegasus/redskull/images/common/default_house_list.png?_v=202311081228217
20231207,海淀,田村,101122076240,西山洋房 2室1厅 南,458万,62654元/平,底层 (共6层) | 2009年 | 2室1厅 | 73.1平米 | 南,https://s1.ljcdn.com/pegasus/redskull/images/common/default_house_list.png?_v=202311081228217
20231207,海淀,田村,101122035188,天合家园 精装全南两居室 小区新,660万,93498元/平,中楼层 (共17层) 2室1厅 | 70.59平米 | 南,https://s1.ljcdn.com/pegasus/redskull/images/common/default_house_list.png?_v=202311081228217
20231207,海淀,田村,101121953785,乐府江南 南北通透大三居 三卧朝南 江南园林风格 三卫,1800万,96433元/平,低楼层 (共9层) | 2005年 | 3室2厅 | 186.66平米 | 南 北,https://s1.ljcdn.com/pegasus/redskull/images/common/default_house_list.png?_v=202311081228217
20231207,海淀,田村,101121941788,永达逸家 不临街 中间楼层 四居室,1340万,79867元/平,低楼层 (共15层) | 2004年 | 4室2厅 | 167.78平米 | 南 北,https://s1.ljcdn.com/pegasus/redskull/images/common/default_house_list.png?_v=202311081228217
20231207,海淀,田村,101121818043,天合家园 地铁口 2021年次新房,1114.11万,90000元/平,底层 (共17层) 3室2厅 | 123.79平米 | 南,https://s1.ljcdn.com/pegasus/redskull/images/common/default_house_list.png?_v=202311081228217
20231207,海淀,田村,101121816360,玉泉路甲2号   永达逸家  西四环,980万,74305元/平,底层 (共14层) 3室1厅 | 131.89平米 | 南 北,https://s1.ljcdn.com/pegasus/redskull/images/common/default_house_list.png?_v=202311081228217
20231207,海淀,田村,101121792016,海淀田村西山国际城 南北通透 小区中间位置 不临街,330万,56527元/平,底层 (共6层) | 2011年 | 2室1厅 | 58.38平米 | 南 北,https://s1.ljcdn.com/pegasus/redskull/images/common/default_house_list.png?_v=202311081228217
20231207,海淀,田村,101121784335,经理推荐：天合家园出门地铁和商场21年次新房,419万,82465元/平,低楼层 (共17层) 1室1厅 | 50.81平米 | 西,https://s1.ljcdn.com/pegasus/redskull/images/common/default_house_list.png?_v=202311081228217
20231207,海淀,田村,101121783173,西山国际城西山洋房二期阜石路甲69号院,155万,46999元/平,顶层 (共6层) | 2015年 | 1室1厅 | 32.98平米 | 东,https://s1.ljcdn.com/pegasus/redskull/images/common/default_house_list.png?_v=202311081228217
20231207,海淀,田村,101121596417,西木小区 满五唯一 精装修 全南向 近地铁,400万,93241元/平,中楼层 (共7层) | 1991年 | 1室1厅 | 42.9平米 | 南,https://s1.ljcdn.com/pegasus/redskull/images/common/default_house_list.png?_v=202311081228217
20231207,海淀,田村,101121590849,海淀田村西山国际城小区 南北通透 小区中间位置,450万,77082元/平,低楼层 (共6层) 3室1厅 | 58.38平米 | 南 北,https://s1.ljcdn.com/pegasus/redskull/images/common/default_house_list.png?_v=202311081228217
20231207,海淀,田村,101121555838,全南格局 采光充足 配套齐全 交通便利,567万,80483元/平,低楼层 (共14层) | 2021年 | 1室1厅 | 70.45平米 | 南 西,https://s1.ljcdn.com/pegasus/redskull/images/common/default_house_list.png?_v=202311081228217
20231207,海淀,田村,101121545154,金玉府18年次新房 国企开发 海淀改善必看,1380万,102671元/平,高楼层 (共14层) 3室2厅 | 134.41平米 | 南 北,https://s1.ljcdn.com/pegasus/redskull/images/common/default_house_list.png?_v=202311081228217
20231207,海淀,田村,101121451006,2004年房龄钢混结构一梯两户客厅主卧室朝南。,475万,63888元/平,中楼层 (共6层) 2室1厅 | 74.35平米 | 南 北,https://s1.ljcdn.com/pegasus/redskull/images/common/default_house_list.png?_v=202311081228217
20231207,海淀,田村,101121409612,阜石路69号院西山国际城有电梯看房 方便,345万,57712元/平,中楼层 (共6层) | 2010年 | 3室1厅 | 59.78平米 | 南 北,https://s1.ljcdn.com/pegasus/redskull/images/common/default_house_list.png?_v=202311081228217
20231207,海淀,田村,101121371512,兰德华庭 近地铁 楼龄新 高层采光视野好,1100万,87364元/平,高楼层 (共13层) | 2005年 | 3室2厅 | 125.91平米 | 南 北,https://s1.ljcdn.com/pegasus/redskull/images/common/default_house_list.png?_v=202311081228217
20231207,海淀,田村,101121324941,兰德华庭 南北通透 全明格局 交通便利房主自荐,1160万,88570元/平,低楼层 (共13层) | 2005年 | 3室1厅 | 130.97平米 | 南 北,https://s1.ljcdn.com/pegasus/redskull/images/common/default_house_list.png?_v=202311081228217
20231207,海淀,田村,101121250259,西山国际城  精装修 适宜办公,175万,50389元/平,中楼层 (共6层) | 2015年 | 2室1厅 | 34.73平米 | 西,https://s1.ljcdn.com/pegasus/redskull/images/common/default_house_list.png?_v=202311081228217
20231207,海淀,田村,101121203589,西山国际城 2室1厅 东南,165万,45732元/平,底层 (共6层) 2室1厅 | 36.08平米 | 东南,https://s1.ljcdn.com/pegasus/redskull/images/common/default_house_list.png?_v=202311081228217
20231207,海淀,田村,101121174755,海淀区西山国际城复式结构利用率高,210万,71673元/平,顶层 (共6层) 2室1厅 | 29.3平米 | 西,https://s1.ljcdn.com/pegasus/redskull/images/common/default_house_list.png?_v=202311081228217
20231207,海淀,田村,101121149069,西山国际城 一期房子 高楼层 西向,174万,48781元/平,高楼层 (共6层) | 2011年 | 2室1厅 | 35.67平米 | 西,https://s1.ljcdn.com/pegasus/redskull/images/common/default_house_list.png?_v=202311081228217
20231207,海淀,田村,101121139252,西山国际城西山洋房二期阜石路甲69号院,142万,46512元/平,底层 (共6层) 1室1厅 | 30.53平米 | 西,https://s1.ljcdn.com/pegasus/redskull/images/common/default_house_list.png?_v=202311081228217
20231207,海淀,田村,101121082107,永达逸家 近地铁 楼龄新 满五唯一 成本低,485万,82765元/平,中楼层 (共15层) 1室1厅 | 58.6平米 | 西,https://s1.ljcdn.com/pegasus/redskull/images/common/default_house_list.png?_v=202311081228217
20231207,海淀,田村,101121070438,高楼层 南北通透 两居室 诚意出售,439万,75043元/平,高楼层 (共6层) 2室1厅 | 58.5平米 | 南 北,https://ke-image.ljcdn.com/110000-inspection/ca3a1582-abd5-4193-8987-7a9d77ebdc0b.jpg!m_fill,w_280,h_210,f_jpg?from=ke.com
20231207,海淀,田村,101121057347,西山国际城 3室1厅 南 北,376万,67675元/平,中楼层 (共6层) | 2015年 | 3室1厅 | 55.56平米 | 南 北,https://s1.ljcdn.com/pegasus/redskull/images/common/default_house_list.png?_v=202311081228217
20231207,海淀,田村,101121046697,海淀西四环 西山国际城 顶层可观西山,189万,53210元/平,高楼层 (共6层) | 2013年 | 1室1厅 | 35.52平米 | 东南,https://s1.ljcdn.com/pegasus/redskull/images/common/default_house_list.png?_v=202311081228217
20231207,海淀,田村,101121041360,海淀西四环 西山国际城 顶层可观西山,220万,72848元/平,低楼层 (共6层) | 2010年 | 2室1厅 | 30.2平米 | 东北,https://s1.ljcdn.com/pegasus/redskull/images/common/default_house_list.png?_v=202311081228217
20231207,海淀,田村,101121029321,海淀区西山国际城电梯房复式结构实际利用率高,162万,47704元/平,顶层 (共6层) | 2013年 | 1室1厅 | 33.96平米 | 东,https://s1.ljcdn.com/pegasus/redskull/images/common/default_house_list.png?_v=202311081228217
20231207,海淀,田村,101121010763,畅茜园景宜里 田村地铁口 板楼两居 非底层房主自荐,755万,78630元/平,低楼层 (共9层) 2室2厅 | 96.02平米 | 南 北,https://s1.ljcdn.com/pegasus/redskull/images/common/default_house_list.png?_v=202311081228217
20231207,海淀,田村,101120986121,西山国际城 1室1厅 东,150万,51458元/平,底层 (共6层) | 2013年 | 1室1厅 | 29.15平米 | 东,https://s1.ljcdn.com/pegasus/redskull/images/common/default_house_list.png?_v=202311081228217
20231207,海淀,田村,101120978942,西山国际城西山洋房二期阜石路甲69号院,155万,45995元/平,顶层 (共6层) 1室0厅 | 33.7平米 | 西,https://s1.ljcdn.com/pegasus/redskull/images/common/default_house_list.png?_v=202311081228217
20231207,海淀,田村,101120955112,海淀西四环外 6号线附近 西山洋房,180万,38744元/平,中楼层 (共4层) | 2009年 | 1室1厅 | 46.46平米 | 南,https://s1.ljcdn.com/pegasus/redskull/images/common/default_house_list.png?_v=202311081228217
20231207,海淀,田村,101120910528,海淀西四环 西山国际城 顶层可观西山,158万,49811元/平,顶层 (共6层) | 2010年 | 1室1厅 | 31.72平米 | 东,https://s1.ljcdn.com/pegasus/redskull/images/common/default_house_list.png?_v=202311081228217
20231207,海淀,田村,101120906039,海淀西四环 西山国际城 顶层可观西山,430万,61809元/平,顶层 (共6层) | 2011年 | 3室1厅 | 69.57平米 | 西南,https://s1.ljcdn.com/pegasus/redskull/images/common/default_house_list.png?_v=202311081228217
20231207,海淀,田村,101120905723,海淀区绿谷雅园采光充足视野开阔,1398万,55170元/平,顶层 (共5层) | 2008年 | 6室2厅 | 253.4平米 | 南 北,https://ke-image.ljcdn.com/110000-inspection/990e3290-1987-4faf-b978-b5801c12375b.jpg!m_fill,w_280,h_210,f_jpg?from=ke.com
20231207,海淀,田村,101120824677,西山国际城海淀西四环外业主诚意出售房主自荐,298万,92261元/平,顶层 (共6层) | 2010年 | 2室1厅 | 32.3平米 | 东 北,https://s1.ljcdn.com/pegasus/redskull/images/common/default_house_list.png?_v=202311081228217
20231207,海淀,田村,101120677054,西山国际城 1室1厅 西南,159万,45507元/平,底层 (共6层) | 2013年 | 1室1厅 | 34.94平米 | 西南,https://s1.ljcdn.com/pegasus/redskull/images/common/default_house_list.png?_v=202311081228217
20231207,海淀,田村,101120378922,西木小区  全南一居室  中间楼层房主自荐,435万,102837元/平,中楼层 (共5层) | 1986年 | 1室1厅 | 42.3平米 | 南,https://ke-image.ljcdn.com/110000-inspection/b0ad7f89-bc9b-4a1d-b0e6-d4299f80c81f.png!m_fill,w_280,h_210,f_jpg?from=ke.com
20231207,海淀,田村,101119734539,西山国际城海淀西四环外业主诚意出售,155万,46533元/平,顶层 (共6层) | 2010年 | 1室1厅 | 33.31平米 | 东,https://s1.ljcdn.com/pegasus/redskull/images/common/default_house_list.png?_v=202311081228217
20231207,海淀,田村,101119717306,海淀区西四环外 西山洋房 顶层大一室 方便看房,190万,43529元/平,顶层 (共4层) | 2009年 | 1室1厅 | 43.65平米 | 东南,https://s1.ljcdn.com/pegasus/redskull/images/common/default_house_list.png?_v=202311081228217
20231207,海淀,田村,101119428226,西山国际城  挑高5.4米 业主诚意出售,205万,64936元/平,中楼层 (共6层) | 2015年 | 2室1厅 | 31.57平米 | 东 北,https://s1.ljcdn.com/pegasus/redskull/images/common/default_house_list.png?_v=202311081228217
20231207,海淀,田村,101119376043,西山国际城 东向 高楼层 看房方便,170万,50476元/平,顶层 (共6层) | 2010年 | 1室1厅 | 33.68平米 | 东,https://s1.ljcdn.com/pegasus/redskull/images/common/default_house_list.png?_v=202311081228217
20231207,海淀,田村,101119085704,西山洋房  碧桐园  电梯房  五环内,250万,49242元/平,顶层 (共4层) 2室1厅 | 50.77平米 | 南,https://s1.ljcdn.com/pegasus/redskull/images/common/default_house_list.png?_v=202311081228217
20231207,海淀,田村,101118871185,阜石路甲69号院采光视野好集中供暖有电梯,340万,61196元/平,低楼层 (共6层) | 2015年 | 3室1厅 | 55.56平米 | 南 北,https://s1.ljcdn.com/pegasus/redskull/images/common/default_house_list.png?_v=202311081228217
20231207,海淀,田村,101118824983,西山国际城  复式结构 南北朝向 精装修 有电梯,325万,57320元/平,顶层 (共6层) | 2010年 | 3室1厅 | 56.7平米 | 南 北,https://s1.ljcdn.com/pegasus/redskull/images/common/default_house_list.png?_v=202311081228217
20231207,海淀,田村,101118577901,乐府江南四号楼楼下产权车位诚意出售,45万,19239元/平,地下室 (共1层) 1室0厅 | 23.39平米 | 东,https://s1.ljcdn.com/pegasus/redskull/images/common/default_house_list.png?_v=202311081228217
20231207,海淀,田村,101117946452,阜石路甲69号院西山国际城有电梯,340万,58834元/平,低楼层 (共6层) | 2013年 | 3室1厅 | 57.79平米 | 南 北,https://s1.ljcdn.com/pegasus/redskull/images/common/default_house_list.png?_v=202311081228217
20231207,海淀,田村,101117828485,西山国际城带电梯商办类业主诚心出售,170万,52405元/平,低楼层 (共6层) | 2011年 | 1室1厅 | 32.44平米 | 东,https://s1.ljcdn.com/pegasus/redskull/images/common/default_house_list.png?_v=202311081228217
20231207,海淀,田村,101117481682,西山国际城 海淀区 西四环 精装修 层高5.4米,420万,70270元/平,中楼层 (共6层) | 2010年 | 3室1厅 | 59.77平米 | 东 南 北,https://s1.ljcdn.com/pegasus/redskull/images/common/default_house_list.png?_v=202311081228217
20231207,海淀,田村,101117316965,西山洋房 商业办公类 诚心出售,370万,63915元/平,顶层 (共4层) | 2009年 | 2室2厅 | 57.89平米 | 东北,https://s1.ljcdn.com/pegasus/redskull/images/common/default_house_list.png?_v=202311081228217
20231207,海淀,田村,101116901238,海淀田村  西山洋房 近地铁 电梯房 低楼层,205万,54392元/平,中楼层 (共4层) 3室1厅 | 37.69平米 | 北,https://s1.ljcdn.com/pegasus/redskull/images/common/default_house_list.png?_v=202311081228217
20231207,海淀,田村,101116710574,西山洋房 近地铁 精装修楼龄新全款购买,350万,70750元/平,中楼层 (共4层) | 2009年 | 2室1厅 | 49.47平米 | 南,https://s1.ljcdn.com/pegasus/redskull/images/common/default_house_list.png?_v=202311081228217
20231207,海淀,田村,101115649048,海淀田村西山国际城小区  商业办公类房屋,162万,48869元/平,顶层 (共6层) | 2010年 | 1室1厅 | 33.15平米 | 西,https://s1.ljcdn.com/pegasus/redskull/images/common/default_house_list.png?_v=202311081228217
20231207,海淀,田村,101115348873,海淀田村  西山洋房 近地铁 带电梯 低楼层,255万,56567元/平,中楼层 (共4层) | 2009年 | 1室1厅 | 45.08平米 | 南,https://s1.ljcdn.com/pegasus/redskull/images/common/default_house_list.png?_v=202311081228217
20231207,海淀,田村,101115169964,海淀田村西山洋房 北向一层    精装修,149万,48330元/平,底层 (共4层) | 2009年 | 1室1厅 | 30.83平米 | 北,https://s1.ljcdn.com/pegasus/redskull/images/common/default_house_list.png?_v=202311081228217
20231207,海淀,田村,101114477854,海淀田村    西山国际城    东向,178万,52632元/平,中楼层 (共6层) | 2010年 | 1室1厅 | 33.82平米 | 东,https://s1.ljcdn.com/pegasus/redskull/images/common/default_house_list.png?_v=202311081228217
20231207,海淀,田村,101112859378,海淀田村西山洋房小区   南向  上下两层,200万,49826元/平,顶层 (共4层) | 2009年 | 1室1厅 | 40.14平米 | 南,https://s1.ljcdn.com/pegasus/redskull/images/common/default_house_list.png?_v=202311081228217
20231207,海淀,田村,101112196059,海淀区西山国际城地铁廖公庄600米交通便利,251万,77374元/平,底层 (共6层) | 2010年 | 3室1厅 | 32.44平米 | 东 北,https://s1.ljcdn.com/pegasus/redskull/images/common/default_house_list.png?_v=202311081228217
20231207,海淀,田村,101112182116,海淀田村西山国际城小区  东向户型,159万,49044元/平,中楼层 (共6层) | 2010年 | 1室1厅 | 32.42平米 | 东,https://s1.ljcdn.com/pegasus/redskull/images/common/default_house_list.png?_v=202311081228217
20231207,海淀,田村,101111985095,海淀田村楼龄新地铁廖公庄600米诚心出售,166万,52516元/平,顶层 (共6层) | 2015年 | 1室1厅 | 31.61平米 | 西,https://s1.ljcdn.com/pegasus/redskull/images/common/default_house_list.png?_v=202311081228217
20231207,海淀,田村,101111078393,西山洋房 近地铁 电梯房 楼龄新,269万,54820元/平,顶层 (共4层) | 2009年 | 1室1厅 | 49.07平米 | 东南,https://s1.ljcdn.com/pegasus/redskull/images/common/default_house_list.png?_v=202311081228217
20231207,海淀,田村,101110416389,海淀区西山国际城六号线地铁沿线复式结构楼龄新,390万,54783元/平,底层 (共6层) | 2010年 | 3室1厅 | 71.19平米 | 西南,https://s1.ljcdn.com/pegasus/redskull/images/common/default_house_list.png?_v=202311081228217
20231207,海淀,田村,101105974241,此房是商业办公类项目东向采光好无遮挡。房主自荐,212万,53267元/平,顶层 (共6层) | 2011年 | 2室1厅 | 39.8平米 | 东,https://s1.ljcdn.com/pegasus/redskull/images/common/default_house_list.png?_v=202311081228217
